,0,1,2,3,4,5,6,7,8,9,10,11,12,13,14,15,16,17,18,19,20,21,22,23,24,25,26,27,28,29,30,31,32,33,34,35,36,37,38,39,40,41,42,43,44,45,46,47,48,49,50,51,52,53,54,55,56,57,58,59,60,61,62,63,64,65,66,67,68,69,70,71,72,73,74,75,76,77,78,79,80,81,82,83,84,85,86,87,88,89,90,91,92,93,94,95,96,97,98,99,100,101,102,103,104,105,106,107,108,109,110,111,112,113,114,115,116,117,118,119,120,121,122,123,124,125,126,127,128,129,130,131,132,133,134,135,136,137,138,139,140,141,142,143,144,145,146,147,148,149,150,151,152,153,154,155,156,157,158,159,160,161,162,163,164,165,166,167,168,169,170,171,172,173,174,175,176,177,178,179,180,181,182,183,184,185,186,187,188,189,190,191,192,193,194,195,196,197,198,199,200,201,202,203,204,205,206,207,208,209,210,211,212,213,214,215,216,217,218,219,220,221,222,223,224,225,226,227,228,229,230,231,232,233,234,235,236,237,238,239,240,241,242,243,244,245,246,247,248,249,250,251,252,253,254,255,256,257,258,259,260,261,262,263,264,265,266,267,268,269,270,271,272,273,274,275,276,277,278,279,280,281,282,283,284,285,286,287,288,289,290,291,292,293,294,295,296,297,298,299,300,301,302,303,304,305,306,307,308,309,310,311,312,313,314,315,316,317,318,319,320,321,322,323,324,325,326,327,328,329,330,331,332,333,334,335,336,337,338,339,340,341,342,343,344,345,346,347,348,349,350,351,352,353,354,355,356,357,358,359,360,361,362,363,364,365,366,367,368,369,370,371,372,373,374,375,376,377,378,379,380,381,382,383,384,385,386,387,388,389,390,391,392,393,394,395,396,397,398,399,400,401,402,403,404,405,406,407,408,409,410,411,412,413,414,415,416,417,418,419,420,421,422,423,424,425,426,427,428,429,430,431,432,433,434,435,436,437,438,439,440,441,442,443,444,445,446,447,448,449,450,451,452,453,454,455,456,457,458,459,460,461,462,463,464,465,466,467,468,469,470,471,472,473,474,475,476,477,478,479,480,481,482,483,484,485,486,487,488,489,490,491,492,493,494,495,496,497,498,499,500,501,502,503,504,505,506,507,508,509,510,511,512,513,514,515,516,517,518,519,520,521,522,523,524,525,526,527,528,529,530,531,532,533,534,535,536,537,538,539,540,541,542,543,544,545,546,547,548,549,550,551,552,553,554,555,556,557,558,559,560,561,562,563,564,565,566,567,568,569,570,571,572,573,574,575,576,577,578,579,580,581,582,583,584,585,586,587,588,589,590,591,592,593,594,595,596,597,598,599,600,601,602,603,604,605,606,607,608,609,610,611,612,613,614,615,616,617,618,619,620,621,622,623,624,625,626,627,628,629,630,631,632,633,634,635,636,637,638,639,640,641,642,643,644,645,646,647,648,649,650,651,652,653,654,655,656,657,658,659,660,661,662,663,664,665,666,667,668,669,670,671,672,673,674,675,676,677,678,679,680,681,682,683,684,685,686,687,688,689,690,691,692,693,694,695,696,697,698,699,700,701,702,703,704,705,706,707,708,709,710,711,712,713,714,715,716,717,718,719,720,721,722,723,724,725,726,727,728,729,730,731,732,733,734,735,736,737,738,739,740,741,742,743,744,745,746,747,748,749,750,751,752,753,754,755,756,757,758,759,760,761,762,763,764,765,766,767,768,769,770,771,772,773,774,775,776,777,778,779,780,781,782,783,784,785,786,787,788,789,790,791,792,793,794,795,796,797,798,799,800,801,802,803,804,805,806,807,808,809,810,811,812,813,814,815,816,817,818,819,820,821,822,823,824,825,826,827,828,829,830,831,832,833,834,835,836,837,838,839,840,841,842,843,844,845,846,847,848,849,850,851,852,853,854,855,856,857,858,859,860,861,862,863,864,865,866,867,868,869,870,871,872,873,874,875,876,877,878,879,880,881,882,883,884,885,886,887,888,889,890,891,892,893,894,895,896,897,898,899,900,901,902,903,904,905,906,907,908,909,910,911,912,913,914,915,916,917,918,919,920,921,922,923,924,925,926,927,928,929,930,931,932,933,934,935,936,937,938,939,940,941,942,943,944,945,946,947,948,949,950,951,952,953,954,955,956,957,958,959,960,961,962,963,964,965,966,967,968,969,970,971,972,973,974,975,976,977,978,979,980,981,982,983,984,985,986,987,988,989,990,991,992,993,994,995,996,997,998,999,1000,1001,1002,1003,1004,1005,1006,1007,1008,1009,1010,1011,1012,1013,1014,1015,1016,1017,1018,1019,1020,1021,1022,1023,1024,1025,1026,1027,1028,1029,1030,1031,1032,1033,1034,1035,1036,1037,1038,1039,1040,1041,1042,1043,1044,1045,1046,1047,1048,1049,1050,1051,1052,1053,1054,1055,1056,1057,1058,1059,1060,1061,1062,1063,1064,1065,1066,1067,1068,1069,1070,1071,1072,1073,1074,1075,1076,1077,1078,1079,1080,1081,1082,1083,1084,1085,1086,1087,1088,1089,1090,1091,1092,1093,1094,1095,1096,1097,1098,1099,1100,1101,1102,1103,1104,1105,1106,1107,1108,1109,1110,1111,1112,1113,1114,1115,1116,1117,1118,1119,1120,1121,1122,1123,1124,1125,1126,1127,1128,1129,1130,1131,1132,1133,1134,1135,1136,1137,1138,1139,1140,1141,1142,1143,1144,1145,1146,1147,1148,1149,1150,1151,1152,1153,1154,1155,1156,1157,1158,1159,1160,1161,1162,1163,1164,1165,1166,1167,1168,1169,1170,1171,1172,1173,1174,1175,1176,1177,1178,1179,1180,1181,1182,1183,1184,1185,1186,1187,1188,1189,1190,1191,1192,1193,1194,1195,1196,1197,1198,1199,1200,1201,1202,1203,1204,1205,1206,1207,1208,1209,1210,1211,1212,1213,1214,1215,1216,1217,1218,1219,1220,1221,1222,1223,1224,1225,1226,1227,1228,1229,1230,1231,1232,1233,1234,1235,1236,1237,1238,1239,1240,1241,1242,1243,1244,1245,1246,1247,1248,1249,1250,1251,1252,1253,1254,1255,1256,1257,1258,1259,1260,1261,1262,1263,1264,1265,1266,1267,1268,1269,1270,1271,1272,1273,1274,1275,1276,1277,1278,1279,1280,1281,1282,1283,1284,1285,1286,1287,1288,1289,1290,1291,1292,1293,1294,1295,1296,1297,1298,1299,1300,1301,1302,1303,1304,1305,1306,1307,1308,1309,1310,1311,1312,1313,1314,1315,1316,1317,1318,1319,1320,1321,1322,1323,1324,1325,1326,1327,1328,1329,1330,1331,1332,1333,1334,1335,1336,1337,1338,1339,1340,1341,1342,1343,1344,1345,1346,1347,1348,1349,1350,1351,1352,1353,1354,1355,1356,1357,1358,1359,1360,1361,1362,1363,1364,1365,1366,1367,1368,1369,1370,1371,1372,1373,1374,1375,1376,1377,1378,1379,1380,1381,1382,1383,1384,1385,1386,1387,1388,1389,1390,1391,1392,1393,1394,1395,1396,1397,1398,1399,1400,1401,1402,1403,1404,1405,1406,1407,1408,1409,1410,1411,1412,1413,1414,1415,1416,1417,1418,1419,1420,1421,1422,1423,1424,1425,1426,1427,1428,1429,1430,1431,1432,1433,1434,1435,1436,1437,1438,1439,1440,1441,1442,1443,1444,1445,1446,1447,1448,1449,1450,1451,1452,1453,1454,1455,1456,1457,1458,1459,1460,1461,1462,1463,1464,1465,1466,1467,1468,1469,1470,1471,1472,1473,1474,1475,1476,1477,1478,1479,1480,1481,1482,1483,1484,1485,1486,1487,1488,1489,1490,1491,1492,1493,1494,1495,1496,1497,1498,1499,1500,1501,1502,1503,1504,1505,1506,1507,1508,1509,1510,1511,1512,1513,1514,1515,1516,1517,1518,1519,1520,1521,1522,1523,1524,1525,1526,1527,1528,1529,1530,1531,1532,1533,1534,1535,1536,1537,1538,1539,1540,1541,1542,1543,1544,1545,1546,1547,1548,1549,1550,1551,1552,1553,1554,1555,1556,1557,1558,1559,1560,1561,1562,1563,1564,1565,1566,1567,1568,1569,1570,1571,1572,1573,1574,1575,1576,1577,1578,1579,1580,1581,1582,1583,1584,1585,1586,1587,1588,1589,1590,1591,1592,1593,1594,1595,1596,1597,1598,1599,1600,1601,1602,1603,1604,1605,1606,1607,1608,1609,1610,1611,1612,1613,1614,1615,1616,1617,1618,1619,1620,1621,1622,1623,1624,1625,1626,1627,1628,1629,1630,1631,1632,1633,1634,1635,1636,1637,1638,1639,1640,1641,1642,1643,1644,1645,1646,1647,1648,1649,1650,1651,1652,1653,1654,1655,1656,1657,1658,1659,1660,1661,1662,1663,1664,1665,1666,1667,1668,1669,1670,1671,1672,1673,1674,1675,1676,1677,1678,1679,1680,1681,1682,1683,1684,1685,1686,1687,1688,1689,1690,1691,1692,1693,1694,1695,1696,1697,1698,1699,1700,1701,1702,1703,1704,1705,1706,1707,1708,1709,1710,1711,1712,1713,1714,1715,1716,1717,1718,1719,1720,1721,1722,1723,1724,1725,1726,1727,1728,1729,1730,1731,1732,1733,1734,1735,1736,1737,1738,1739,1740,1741,1742,1743,1744,1745,1746,1747,1748,1749,1750,1751,1752,1753,1754,1755,1756,1757,1758,1759,1760,1761,1762,1763,1764,1765,1766,1767,1768,1769,1770,1771,1772,1773,1774,1775,1776,1777,1778,1779,1780,1781,1782,1783,1784,1785,1786,1787,1788,1789,1790,1791,1792,1793,1794,1795,1796,1797,1798,1799,1800,1801,1802,1803,1804,1805,1806,1807,1808,1809,1810,1811,1812,1813,1814,1815,1816,1817,1818,1819,1820,1821,1822,1823,1824,1825,1826,1827,1828,1829,1830,1831,1832,1833,1834,1835,1836,1837,1838,1839,1840,1841,1842,1843,1844,1845,1846,1847,1848,1849,1850,1851,1852,1853,1854,1855,1856,1857,1858,1859,1860,1861,1862,1863,1864,1865,1866,1867,1868,1869,1870,1871,1872,1873,1874,1875,1876,1877,1878,1879,1880,1881,1882,1883,1884,1885,1886,1887,1888,1889,1890,1891,1892,1893,1894,1895,1896,1897,1898,1899,1900,1901,1902,1903,1904,1905,1906,1907,1908,1909,1910,1911,1912,1913,1914,1915,1916,1917,1918,1919,1920,1921,1922,1923,1924,1925,1926,1927,1928,1929,1930,1931,1932,1933,1934,1935,1936,1937,1938,1939,1940,1941,1942,1943,1944,1945,1946,1947,1948,1949,1950,1951,1952,1953,1954,1955,1956,1957,1958,1959,1960,1961,1962,1963,1964,1965,1966,1967,1968,1969,1970,1971,1972,1973,1974,1975,1976,1977,1978,1979,1980,1981,1982,1983,1984,1985,1986,1987,1988,1989,1990,1991,1992,1993,1994,1995,1996,1997,1998,1999,2000,2001,2002,2003,2004,2005,2006,2007,2008,2009,2010,2011,2012,2013,2014,2015,2016,2017,2018,2019,2020,2021,2022,2023,2024,2025,2026,2027,2028,2029,2030,2031,2032,2033,2034,2035,2036,2037,2038,2039,2040,2041,2042,2043,2044,2045,2046,2047,2048,2049,2050,2051,2052,2053,2054,2055,2056,2057,2058,2059,2060,2061,2062,2063,2064,2065,2066,2067,2068,2069,2070,2071,2072,2073,2074,2075,2076,2077,2078,2079,2080,2081,2082,2083,2084,2085,2086,2087,2088,2089,2090,2091,2092,2093,2094,2095,2096,2097,2098,2099,2100,2101,2102,2103,2104,2105,2106,2107,2108,2109,2110,2111,2112,2113,2114,2115,2116,2117,2118,2119,2120,2121,2122,2123,2124,2125,2126,2127,2128,2129,2130,2131,2132,2133,2134,2135,2136,2137,2138,2139,2140,2141,2142,2143,2144,2145,2146,2147,2148,2149,2150,2151,2152,2153,2154,2155,2156,2157,2158,2159,2160,2161,2162,2163,2164,2165,2166,2167,2168,2169,2170,2171,2172,2173,2174,2175,2176,2177,2178,2179,2180,2181,2182,2183,2184,2185,2186,2187,2188,2189,2190,2191,2192,2193,2194,2195,2196,2197,2198,2199,2200,2201,2202,2203,2204,2205,2206,2207,2208,2209,2210,2211,2212,2213,2214,2215,2216,2217,2218,2219,2220,2221,2222,2223,2224,2225,2226,2227,2228,2229,2230,2231,2232,2233,2234,2235,2236,2237,2238,2239,2240,2241,2242,2243,2244,2245,2246,2247,2248,2249,2250,2251,2252,2253,2254,2255,2256,2257,2258,2259,2260,2261,2262,2263,2264,2265,2266,2267,2268,2269,2270,2271,2272,2273,2274,2275,2276,2277,2278,2279,2280,2281,2282,2283,2284,2285,2286,2287,2288,2289,2290,2291,2292,2293,2294,2295,2296,2297,2298,2299,2300,2301,2302,2303,2304,2305,2306,2307,2308,2309,2310,2311,2312,2313,2314,2315,2316,2317,2318,2319,2320,2321,2322,2323,2324,2325,2326,2327,2328,2329,2330,2331,2332,2333,2334,2335,2336,2337,2338,2339,2340,2341,2342,2343,2344,2345,2346,2347,2348,2349,2350,2351,2352,2353,2354,2355,2356,2357,2358,2359,2360,2361,2362,2363,2364,2365,2366,2367,2368,2369,2370,2371,2372,2373,2374,2375,2376,2377,2378,2379,2380,2381,2382,2383,2384,2385,2386,2387,2388,2389,2390,2391,2392,2393,2394,2395,2396,2397,2398,2399,2400,2401,2402,2403,2404,2405,2406,2407,2408,2409,2410,2411,2412,2413,2414,2415,2416,2417,2418,2419,2420,2421,2422,2423,2424,2425,2426,2427,2428,2429,2430,2431,2432,2433,2434,2435,2436,2437,2438,2439,2440,2441,2442,2443,2444,2445,2446,2447,2448,2449,2450,2451,2452,2453,2454,2455,2456,2457,2458,2459,2460,2461,2462,2463,2464,2465,2466,2467,2468,2469,2470,2471,2472,2473,2474,2475,2476,2477,2478,2479,2480,2481,2482,2483,2484,2485,2486,2487,2488,2489,2490,2491,2492,2493,2494,2495,2496,2497,2498,2499,2500,2501,2502,2503,2504,2505,2506,2507,2508,2509,2510,2511,2512,2513,2514,2515,2516,2517,2518,2519,2520,2521,2522,2523,2524,2525,2526,2527,2528,2529,2530,2531,2532,2533,2534,2535,2536,2537,2538,2539,2540,2541,2542,2543,2544,2545,2546,2547,2548,2549,2550,2551,2552,2553,2554,2555,2556,2557,2558,2559,2560,2561,2562,2563,2564,2565,2566,2567,2568,2569,2570,2571,2572,2573,2574,2575,2576,2577,2578,2579,2580,2581,2582,2583,2584,2585,2586,2587,2588,2589,2590,2591,2592,2593,2594,2595,2596,2597,2598,2599,2600,2601,2602,2603,2604,2605,2606,2607,2608,2609,2610,2611,2612,2613,2614,2615,2616,2617,2618,2619,2620,2621,2622,2623,2624,2625,2626,2627,2628,2629,2630,2631,2632,2633,2634,2635,2636,2637,2638,2639,2640,2641,2642,2643,2644,2645,2646,2647,2648,2649,2650,2651,2652,2653,2654,2655,2656,2657,2658,2659,2660,2661,2662,2663,2664,2665,2666,2667,2668,2669,2670,2671,2672,2673,2674,2675,2676,2677,2678,2679,2680,2681,2682,2683,2684,2685,2686,2687,2688,2689,2690,2691,2692,2693,2694,2695,2696,2697,2698,2699,2700,2701,2702,2703,2704,2705,2706,2707,2708,2709,2710,2711,2712,2713,2714,2715,2716,2717,2718,2719,2720,2721,2722,2723,2724,2725,2726,2727,2728,2729,2730,2731,2732,2733,2734,2735,2736,2737,2738,2739,2740,2741,2742,2743,2744,2745,2746,2747,2748,2749,2750,2751,2752,2753,2754,2755,2756,2757,2758,2759,2760,2761,2762,2763,2764,2765,2766,2767,2768,2769,2770,2771,2772,2773,2774,2775,2776,2777,2778,2779,2780,2781,2782,2783,2784,2785,2786,2787,2788,2789,2790,2791,2792,2793,2794,2795,2796,2797,2798,2799,2800,2801,2802,2803,2804,2805,2806,2807,2808,2809,2810,2811,2812,2813,2814,2815,2816,2817,2818,2819,2820,2821,2822,2823,2824,2825,2826,2827,2828,2829,2830,2831,2832,2833,2834,2835,2836,2837,2838,2839,2840,2841,2842,2843,2844,2845,2846,2847,2848,2849,2850,2851,2852,2853,2854,2855,2856,2857,2858,2859,2860,2861,2862,2863,2864,2865,2866,2867,2868,2869,2870,2871,2872,2873,2874,2875,2876,2877,2878,2879,2880,2881,2882,2883,2884,2885,2886,2887,2888,2889,2890,2891,2892,2893,2894,2895,2896,2897,2898,2899,2900,2901,2902,2903,2904,2905,2906,2907,2908,2909,2910,2911,2912,2913,2914,2915,2916,2917,2918,2919,2920,2921,2922,2923,2924,2925,2926,2927,2928,2929,2930,2931,2932,2933,2934,2935,2936,2937,2938,2939,2940,2941,2942,2943,2944,2945,2946,2947,2948,2949,2950,2951,2952,2953,2954,2955,2956,2957,2958,2959,2960,2961,2962,2963,2964,2965,2966,2967,2968,2969,2970,2971,2972,2973,2974,2975,2976,2977,2978,2979,2980,2981,2982,2983,2984,2985,2986,2987,2988,2989,2990,2991,2992,2993,2994,2995,2996,2997,2998,2999,3000,3001,3002,3003,3004,3005,3006,3007,3008,3009,3010,3011,3012,3013,3014,3015,3016,3017,3018,3019,3020,3021,3022,3023,3024,3025,3026,3027,3028,3029,3030,3031,3032,3033,3034,3035,3036,3037,3038,3039,3040,3041,3042,3043,3044,3045,3046,3047,3048,3049,3050,3051,3052,3053,3054,3055,3056,3057,3058,3059,3060,3061,3062,3063,3064,3065,3066,3067,3068,3069,3070,3071,3072,3073,3074,3075,3076,3077,3078,3079,3080,3081,3082,3083,3084,3085,3086,3087,3088,3089,3090,3091,3092,3093,3094,3095,3096,3097,3098,3099,3100,3101,3102,3103,3104,3105,3106,3107,3108,3109,3110,3111,3112,3113,3114,3115,3116,3117,3118,3119,3120,3121,3122,3123,3124,3125,3126,3127,3128,3129,3130,3131,3132,3133,3134,3135,3136,3137,3138,3139,3140,3141,3142,3143,3144,3145,3146,3147,3148,3149,3150,3151,3152,3153,3154,3155,3156,3157,3158,3159,3160,3161,3162,3163,3164,3165,3166,3167,3168,3169,3170,3171,3172,3173,3174,3175,3176,3177,3178,3179,3180,3181,3182,3183,3184,3185,3186,3187,3188,3189,3190,3191,3192,3193,3194,3195,3196,3197,3198,3199,3200,3201,3202,3203,3204,3205,3206,3207,3208,3209,3210,3211,3212,3213,3214,3215,3216,3217,3218,3219,3220,3221,3222,3223,3224,3225,3226,3227,3228,3229,3230,3231,3232,3233,3234,3235,3236,3237,3238,3239,3240,3241,3242,3243,3244,3245,3246,3247,3248,3249,3250,3251,3252,3253,3254,3255,3256,3257,3258,3259,3260,3261,3262,3263,3264,3265,3266,3267,3268,3269,3270,3271,3272,3273,3274,3275,3276,3277,3278,3279,3280,3281,3282,3283,3284,3285,3286,3287,3288,3289,3290,3291,3292,3293,3294,3295,3296,3297,3298,3299,3300,3301,3302,3303,3304,3305,3306,3307,3308,3309,3310,3311,3312,3313,3314,3315,3316,3317,3318,3319,3320,3321,3322,3323,3324,3325,3326,3327,3328,3329,3330,3331,3332,3333,3334,3335,3336,3337,3338,3339,3340,3341,3342,3343,3344,3345,3346,3347,3348,3349,3350,3351,3352,3353,3354,3355,3356,3357,3358,3359,3360,3361,3362,3363,3364,3365,3366,3367,3368,3369,3370,3371,3372,3373,3374,3375,3376,3377,3378,3379,3380,3381,3382,3383,3384,3385,3386,3387,3388,3389,3390,3391,3392,3393,3394,3395,3396,3397,3398,3399,3400,3401,3402,3403,3404,3405,3406,3407,3408,3409,3410,3411,3412,3413,3414,3415,3416,3417,3418,3419,3420,3421,3422,3423,3424,3425,3426,3427,3428,3429,3430,3431,3432,3433,3434,3435,3436,3437,3438,3439,3440,3441,3442,3443,3444,3445,3446,3447,3448,3449,3450,3451,3452,3453,3454,3455,3456,3457,3458,3459,3460,3461,3462,3463,3464,3465,3466,3467,3468,3469,3470,3471,3472,3473,3474,3475,3476,3477,3478,3479,3480,3481,3482,3483,3484,3485,3486,3487,3488,3489,3490,3491,3492,3493,3494,3495,3496,3497,3498,3499,3500,3501,3502,3503,3504,3505,3506,3507,3508,3509,3510,3511,3512,3513,3514,3515,3516,3517,3518,3519,3520,3521,3522,3523,3524,3525,3526,3527,3528,3529,3530,3531,3532,3533,3534,3535,3536,3537,3538,3539,3540,3541,3542,3543,3544,3545,3546,3547,3548,3549,3550,3551,3552,3553,3554,3555,3556,3557,3558,3559,3560,3561,3562,3563,3564,3565,3566,3567,3568,3569,3570,3571,3572,3573,3574,3575,3576,3577,3578,3579,3580,3581,3582,3583,3584,3585,3586,3587,3588,3589,3590,3591,3592,3593,3594,3595,3596,3597,3598,3599,3600,3601,3602,3603,3604,3605,3606,3607,3608,3609,3610,3611,3612,3613,3614,3615,3616,3617,3618,3619,3620,3621,3622,3623,3624,3625,3626,3627,3628,3629,3630,3631,3632,3633,3634,3635,3636,3637,3638,3639,3640,3641,3642,3643,3644,3645,3646,3647,3648,3649,3650,3651,3652,3653,3654,3655,3656,3657,3658,3659,3660,3661,3662,3663,3664,3665,3666,3667,3668,3669,3670,3671,3672,3673,3674,3675,3676,3677,3678,3679,3680,3681,3682,3683,3684,3685,3686,3687,3688,3689,3690,3691,3692,3693,3694,3695,3696,3697,3698,3699,3700,3701,3702,3703,3704,3705,3706,3707,3708,3709,3710,3711,3712,3713,3714,3715,3716,3717,3718,3719,3720,3721,3722,3723,3724,3725,3726,3727,3728,3729,3730,3731,3732,3733,3734,3735,3736,3737,3738,3739,3740,3741,3742,3743,3744,3745,3746,3747,3748,3749,3750,3751,3752,3753,3754,3755,3756,3757,3758,3759,3760,3761,3762,3763,3764,3765,3766,3767,3768,3769,3770,3771,3772,3773,3774,3775,3776,3777,3778,3779,3780,3781,3782,3783,3784,3785,3786,3787,3788,3789,3790,3791,3792,3793,3794,3795,3796,3797,3798,3799,3800,3801,3802,3803,3804,3805,3806,3807,3808,3809,3810,3811,3812,3813,3814,3815,3816,3817,3818,3819,3820,3821,3822,3823,3824,3825,3826,3827,3828,3829,3830,3831,3832,3833,3834,3835,3836,3837,3838,3839,3840,3841,3842,3843,3844,3845,3846,3847,3848,3849,3850,3851,3852,3853,3854,3855,3856,3857,3858,3859,3860,3861,3862,3863,3864,3865,3866,3867,3868,3869,3870,3871,3872,3873,3874,3875,3876,3877,3878,3879,3880,3881,3882,3883,3884,3885,3886,3887,3888,3889,3890,3891,3892,3893,3894,3895,3896,3897,3898,3899,3900,3901,3902,3903,3904,3905,3906,3907,3908,3909,3910,3911,3912,3913,3914,3915,3916,3917,3918,3919,3920,3921,3922,3923,3924,3925,3926,3927,3928,3929,3930,3931,3932,3933,3934,3935,3936,3937,3938,3939,3940,3941,3942,3943,3944,3945,3946,3947,3948,3949,3950,3951,3952,3953,3954,3955,3956,3957,3958,3959,3960,3961,3962,3963,3964,3965,3966,3967,3968,3969,3970,3971,3972,3973,3974,3975,3976,3977,3978,3979,3980,3981,3982,3983,3984,3985,3986,3987,3988,3989,3990,3991,3992,3993,3994,3995,3996,3997,3998,3999,4000,4001,4002,4003,4004,4005,4006,4007,4008,4009,4010,4011,4012,4013,4014,4015,4016,4017,4018,4019,4020,4021,4022,4023,4024,4025,4026,4027,4028,4029,4030,4031,4032,4033,4034,4035,4036,4037,4038,4039,4040,4041,4042,4043,4044,4045,4046,4047,4048,4049,4050,4051,4052,4053,4054,4055,4056,4057,4058,4059,4060,4061,4062,4063,4064,4065,4066,4067,4068,4069,4070,4071,4072,4073,4074,4075,4076,4077,4078,4079,4080,4081,4082,4083,4084,4085,4086,4087,4088,4089,4090,4091,4092,4093,4094,4095,4096,4097,4098,4099,4100,4101,4102,4103,4104,4105,4106,4107,4108,4109,4110,4111,4112,4113,4114,4115,4116,4117,4118,4119,4120,4121,4122,4123,4124,4125,4126,4127,4128,4129,4130,4131,4132,4133,4134,4135,4136,4137,4138,4139,4140,4141,4142,4143,4144,4145,4146,4147,4148,4149,4150,4151,4152,4153,4154,4155,4156,4157,4158,4159,4160,4161,4162,4163,4164,4165,4166,4167,4168,4169,4170,4171,4172,4173,4174,4175,4176,4177,4178,4179,4180,4181,4182,4183,4184,4185,4186,4187,4188,4189,4190,4191,4192,4193,4194,4195,4196,4197,4198,4199,4200,4201,4202,4203,4204,4205,4206,4207,4208,4209,4210,4211,4212,4213,4214,4215,4216,4217,4218,4219,4220,4221,4222,4223,4224,4225,4226,4227,4228,4229,4230,4231,4232,4233,4234,4235,4236,4237,4238,4239,4240,4241,4242,4243,4244,4245,4246,4247,4248,4249,4250,4251,4252,4253,4254,4255,4256,4257,4258,4259,4260,4261,4262,4263,4264,4265,4266,4267,4268,4269,4270,4271,4272,4273,4274,4275,4276,4277,4278,4279,4280,4281,4282,4283,4284,4285,4286,4287,4288,4289,4290,4291,4292,4293,4294,4295,4296,4297,4298,4299,4300,4301,4302,4303,4304,4305,4306,4307,4308,4309,4310,4311,4312,4313,4314,4315,4316,4317,4318,4319,4320,4321,4322,4323,4324,4325,4326,4327,4328,4329,4330,4331,4332,4333,4334,4335,4336,4337,4338,4339,4340,4341,4342,4343,4344,4345,4346,4347,4348,4349,4350,4351,4352,4353,4354,4355,4356,4357,4358,4359,4360,4361,4362,4363,4364,4365,4366,4367,4368,4369,4370,4371,4372,4373,4374,4375,4376,4377,4378,4379,4380,4381,4382,4383,4384,4385,4386,4387,4388,4389,4390,4391,4392,4393,4394,4395,4396,4397,4398,4399,4400,4401,4402,4403,4404,4405,4406,4407,4408,4409,4410,4411,4412,4413,4414,4415,4416,4417,4418,4419,4420,4421,4422,4423,4424,4425,4426,4427,4428,4429,4430,4431,4432,4433,4434,4435,4436,4437,4438,4439,4440,4441,4442,4443,4444,4445,4446,4447,4448,4449,4450,4451,4452,4453,4454,4455,4456,4457,4458,4459,4460,4461,4462,4463,4464,4465,4466,4467,4468,4469,4470,4471,4472,4473,4474,4475,4476,4477,4478,4479,4480,4481,4482,4483,4484,4485,4486,4487,4488,4489,4490,4491,4492,4493,4494,4495,4496,4497,4498,4499,4500,4501,4502,4503,4504,4505,4506,4507,4508,4509,4510,4511,4512,4513,4514,4515,4516,4517,4518,4519,4520,4521,4522,4523,4524,4525,4526,4527,4528,4529,4530,4531,4532,4533,4534,4535,4536,4537,4538,4539,4540,4541,4542,4543,4544,4545,4546,4547,4548,4549,4550,4551,4552,4553,4554,4555,4556,4557,4558,4559,4560,4561,4562,4563,4564,4565,4566,4567,4568,4569,4570,4571,4572,4573,4574,4575,4576,4577,4578,4579,4580,4581,4582,4583,4584,4585,4586,4587,4588,4589,4590,4591,4592,4593,4594,4595,4596,4597,4598,4599,4600,4601,4602,4603,4604,4605,4606,4607,4608,4609,4610,4611,4612,4613,4614,4615,4616,4617,4618,4619,4620,4621,4622,4623,4624,4625,4626,4627,4628,4629,4630,4631,4632,4633,4634,4635,4636,4637,4638,4639,4640,4641,4642,4643,4644,4645,4646,4647,4648,4649,4650,4651,4652,4653,4654,4655,4656,4657,4658,4659,4660,4661,4662,4663,4664,4665,4666,4667,4668,4669,4670,4671,4672,4673,4674,4675,4676,4677,4678,4679,4680,4681,4682,4683,4684,4685,4686,4687,4688,4689,4690,4691,4692,4693,4694,4695,4696,4697,4698,4699,4700,4701,4702,4703,4704,4705,4706,4707,4708,4709,4710,4711,4712,4713,4714,4715,4716,4717,4718,4719,4720,4721,4722,4723,4724,4725,4726,4727,4728,4729,4730,4731,4732,4733,4734,4735,4736,4737,4738,4739,4740,4741,4742,4743,4744,4745,4746,4747,4748,4749,4750,4751,4752,4753,4754,4755,4756,4757,4758,4759,4760,4761,4762,4763,4764,4765,4766,4767,4768,4769,4770,4771,4772,4773,4774,4775,4776,4777,4778,4779,4780,4781,4782,4783,4784,4785,4786,4787,4788,4789,4790,4791,4792,4793,4794,4795,4796,4797,4798,4799,4800,4801,4802,4803,4804,4805,4806,4807,4808,4809,4810,4811,4812,4813,4814,4815,4816,4817,4818,4819,4820,4821,4822,4823,4824,4825,4826,4827,4828,4829,4830,4831,4832,4833,4834,4835,4836,4837,4838,4839,4840,4841,4842,4843,4844,4845,4846,4847,4848,4849,4850,4851,4852,4853,4854,4855,4856,4857,4858,4859,4860,4861,4862,4863,4864,4865,4866,4867,4868,4869,4870,4871,4872,4873,4874,4875,4876,4877,4878,4879,4880,4881,4882,4883,4884,4885,4886,4887,4888,4889,4890,4891,4892,4893,4894,4895,4896,4897,4898,4899,4900,4901,4902,4903,4904,4905,4906,4907,4908,4909,4910,4911,4912,4913,4914,4915,4916,4917,4918,4919,4920,4921,4922,4923,4924,4925,4926,4927,4928,4929,4930,4931,4932,4933,4934,4935,4936,4937,4938,4939,4940,4941,4942,4943,4944,4945,4946,4947,4948,4949,4950,4951,4952,4953,4954,4955,4956,4957,4958,4959,4960,4961,4962,4963,4964,4965,4966,4967,4968,4969,4970,4971,4972,4973,4974,4975,4976,4977,4978,4979,4980,4981,4982,4983,4984,4985,4986,4987,4988,4989,4990,4991,4992,4993,4994,4995,4996,4997,4998,4999,5000,5001,5002,5003,5004,5005,5006,5007,5008,5009,5010,5011,5012,5013,5014,5015,5016,5017,5018,5019,5020,5021,5022,5023,5024,5025,5026,5027,5028,5029,5030,5031,5032,5033,5034,5035,5036,5037,5038,5039,5040,5041,5042,5043,5044,5045,5046,5047,5048,5049,5050,5051,5052,5053,5054,5055,5056,5057,5058,5059,5060,5061,5062,5063,5064,5065,5066,5067,5068,5069,5070,5071,5072,5073,5074,5075,5076,5077,5078,5079,5080,5081,5082,5083,5084,5085,5086,5087,5088,5089,5090,5091,5092,5093,5094,5095,5096,5097,5098,5099,5100,5101,5102,5103,5104,5105,5106,5107,5108,5109,5110,5111,5112,5113,5114,5115,5116,5117,5118,5119,5120,5121,5122,5123,5124,5125,5126,5127,5128,5129,5130,5131,5132,5133,5134,5135,5136,5137,5138,5139,5140,5141,5142,5143,5144,5145,5146,5147,5148,5149,5150,5151,5152,5153,5154,5155,5156,5157,5158,5159,5160,5161,5162,5163,5164,5165,5166,5167,5168,5169,5170,5171,5172,5173,5174,5175,5176,5177,5178,5179,5180,5181,5182,5183,5184,5185,5186,5187,5188,5189,5190,5191,5192,5193,5194,5195,5196,5197,5198,5199,5200,5201,5202,5203,5204,5205,5206,5207,5208,5209,5210,5211,5212,5213,5214,5215,5216,5217,5218,5219,5220,5221,5222,5223,5224,5225,5226,5227,5228,5229,5230,5231,5232,5233,5234,5235,5236,5237,5238,5239,5240,5241,5242,5243,5244,5245,5246,5247,5248,5249,5250,5251,5252,5253,5254,5255,5256,5257,5258,5259,5260,5261,5262,5263,5264,5265,5266,5267,5268,5269,5270,5271,5272,5273,5274,5275,5276,5277,5278,5279,5280,5281,5282,5283,5284,5285,5286,5287,5288,5289,5290,5291,5292,5293,5294,5295,5296,5297,5298,5299,5300,5301,5302,5303,5304,5305,5306,5307,5308,5309,5310,5311,5312,5313,5314,5315,5316,5317,5318,5319,5320,5321,5322,5323,5324,5325,5326,5327,5328,5329,5330,5331,5332,5333,5334,5335,5336,5337,5338,5339,5340,5341,5342,5343,5344,5345,5346,5347,5348,5349,5350,5351,5352,5353,5354,5355,5356,5357,5358,5359,5360,5361,5362,5363,5364,5365,5366,5367,5368,5369,5370,5371,5372,5373,5374,5375,5376,5377,5378,5379,5380,5381,5382,5383,5384,5385,5386,5387,5388,5389,5390,5391,5392,5393,5394,5395,5396,5397,5398,5399,5400,5401,5402,5403,5404,5405,5406,5407,5408,5409,5410,5411,5412,5413,5414,5415,5416,5417,5418,5419,5420,5421,5422,5423,5424,5425,5426,5427,5428,5429,5430,5431,5432,5433,5434,5435,5436,5437,5438,5439,5440,5441,5442,5443,5444,5445,5446,5447,5448,5449,5450,5451,5452,5453,5454,5455,5456,5457,5458,5459,5460,5461,5462,5463,5464,5465,5466,5467,5468,5469,5470,5471,5472,5473,5474,5475,5476,5477,5478,5479,5480,5481,5482,5483,5484,5485,5486,5487,5488,5489,5490,5491,5492,5493,5494,5495,5496,5497,5498,5499,5500,5501,5502,5503,5504,5505,5506,5507,5508,5509,5510,5511,5512,5513,5514,5515,5516,5517,5518,5519,5520,5521,5522,5523,5524,5525,5526,5527,5528,5529,5530,5531,5532,5533,5534,5535,5536,5537,5538,5539,5540,5541,5542,5543,5544,5545,5546,5547,5548,5549,5550,5551,5552,5553,5554,5555,5556,5557,5558,5559,5560,5561,5562,5563,5564,5565,5566,5567,5568,5569,5570,5571,5572,5573,5574,5575,5576,5577,5578,5579,5580,5581,5582,5583,5584,5585,5586,5587,5588,5589,5590,5591,5592,5593,5594,5595,5596,5597,5598,5599,5600,5601,5602,5603,5604,5605,5606,5607,5608,5609,5610,5611,5612,5613,5614,5615,5616,5617,5618,5619,5620,5621,5622,5623,5624,5625,5626,5627,5628,5629,5630,5631,5632,5633,5634,5635,5636,5637,5638,5639,5640,5641,5642,5643,5644,5645,5646,5647,5648,5649,5650,5651,5652,5653,5654,5655,5656,5657,5658,5659,5660,5661,5662,5663,5664,5665,5666,5667,5668,5669,5670,5671,5672,5673,5674,5675,5676,5677,5678,5679,5680,5681,5682,5683,5684,5685,5686,5687,5688,5689,5690,5691,5692,5693,5694,5695,5696,5697,5698,5699,5700,5701,5702,5703,5704,5705,5706,5707,5708,5709,5710,5711,5712,5713,5714,5715,5716,5717,5718,5719,5720,5721,5722,5723,5724,5725,5726,5727,5728,5729,5730,5731,5732,5733,5734,5735,5736,5737,5738,5739,5740,5741,5742,5743,5744,5745,5746,5747,5748,5749,5750,5751,5752,5753,5754,5755,5756,5757,5758,5759,5760,5761,5762,5763,5764,5765,5766,5767,5768,5769,5770,5771,5772,5773,5774,5775,5776,5777,5778,5779,5780,5781,5782,5783,5784,5785,5786,5787,5788,5789,5790,5791,5792,5793,5794,5795,5796,5797,5798,5799,5800,5801,5802,5803,5804,5805,5806,5807,5808,5809,5810,5811,5812,5813,5814,5815,5816,5817,5818,5819,5820,5821,5822,5823,5824,5825,5826,5827,5828,5829,5830,5831,5832,5833,5834,5835,5836,5837,5838,5839,5840,5841,5842,5843,5844,5845,5846,5847,5848,5849,5850,5851,5852,5853,5854,5855,5856,5857,5858,5859,5860,5861,5862,5863,5864,5865,5866,5867,5868,5869,5870,5871,5872,5873,5874,5875,5876,5877,5878,5879,5880,5881,5882,5883,5884,5885,5886,5887,5888,5889,5890,5891,5892,5893,5894,5895,5896,5897,5898,5899,5900,5901,5902,5903,5904,5905,5906,5907,5908,5909,5910,5911,5912,5913,5914,5915,5916,5917,5918,5919,5920,5921,5922,5923,5924,5925,5926,5927,5928,5929,5930,5931,5932,5933,5934,5935,5936,5937,5938,5939,5940,5941,5942,5943,5944,5945,5946,5947,5948,5949,5950,5951,5952,5953,5954,5955,5956,5957,5958,5959,5960,5961,5962,5963,5964,5965,5966,5967,5968,5969,5970,5971,5972,5973,5974,5975,5976,5977,5978,5979,5980,5981,5982,5983,5984,5985,5986,5987,5988,5989,5990,5991,5992,5993,5994,5995,5996,5997,5998,5999,6000,6001,6002,6003,6004,6005,6006,6007,6008,6009,6010,6011,6012,6013,6014,6015,6016,6017,6018,6019,6020,6021,6022,6023,6024,6025,6026,6027,6028,6029,6030,6031,6032,6033,6034,6035,6036,6037,6038,6039,6040,6041,6042,6043,6044,6045,6046,6047,6048,6049,6050,6051,6052,6053,6054,6055,6056,6057,6058,6059,6060,6061,6062,6063,6064,6065,6066,6067,6068,6069,6070,6071,6072,6073,6074,6075,6076,6077,6078,6079,6080,6081,6082,6083,6084,6085,6086,6087,6088,6089,6090,6091,6092,6093,6094,6095,6096,6097,6098,6099,6100,6101,6102,6103,6104,6105,6106,6107,6108,6109,6110,6111,6112,6113,6114,6115,6116,6117,6118,6119,6120,6121,6122,6123,6124,6125,6126,6127,6128,6129,6130,6131,6132,6133,6134,6135,6136,6137,6138,6139,6140,6141,6142,6143,6144,6145,6146,6147,6148,6149,6150,6151,6152,6153,6154,6155,6156,6157,6158,6159,6160,6161,6162,6163,6164,6165,6166,6167,6168,6169,6170,6171,6172,6173,6174,6175,6176,6177,6178,6179,6180,6181,6182,6183,6184,6185,6186,6187,6188,6189,6190,6191,6192,6193,6194,6195,6196,6197,6198,6199,6200,6201,6202,6203,6204,6205,6206,6207,6208,6209,6210,6211,6212,6213,6214,6215,6216,6217,6218,6219,6220,6221,6222,6223,6224,6225,6226,6227,6228,6229,6230,6231,6232,6233,6234,6235,6236,6237,6238,6239,6240,6241,6242,6243,6244,6245,6246,6247,6248,6249,6250,6251,6252,6253,6254,6255,6256,6257,6258,6259,6260,6261,6262,6263,6264,6265,6266,6267,6268,6269,6270,6271,6272,6273,6274,6275,6276,6277,6278,6279,6280,6281,6282,6283,6284,6285,6286,6287,6288,6289,6290,6291,6292,6293,6294,6295,6296,6297,6298,6299,6300,6301,6302,6303,6304,6305,6306,6307,6308,6309,6310,6311,6312,6313,6314,6315,6316,6317,6318,6319,6320,6321,6322,6323,6324,6325,6326,6327,6328,6329,6330,6331,6332,6333,6334,6335,6336,6337,6338,6339,6340,6341,6342,6343,6344,6345,6346,6347,6348,6349,6350,6351,6352,6353,6354,6355,6356,6357,6358,6359,6360,6361,6362,6363,6364,6365,6366,6367,6368,6369,6370,6371,6372,6373,6374,6375,6376,6377,6378,6379,6380,6381,6382,6383,6384,6385,6386,6387,6388,6389,6390,6391,6392,6393,6394,6395,6396,6397,6398,6399,6400,6401,6402,6403,6404,6405,6406,6407,6408,6409,6410,6411,6412,6413,6414,6415,6416,6417,6418,6419,6420,6421,6422,6423,6424,6425,6426,6427,6428,6429,6430,6431,6432,6433,6434,6435,6436,6437,6438,6439,6440,6441,6442,6443,6444,6445,6446,6447,6448,6449,6450,6451,6452,6453,6454,6455,6456,6457,6458,6459,6460,6461,6462,6463,6464,6465,6466,6467,6468,6469,6470,6471,6472,6473,6474,6475,6476,6477,6478,6479,6480,6481,6482,6483,6484,6485,6486,6487,6488,6489,6490,6491,6492,6493,6494,6495,6496,6497,6498,6499,6500,6501,6502,6503,6504,6505,6506,6507,6508,6509,6510,6511,6512,6513,6514,6515,6516,6517,6518,6519,6520,6521,6522,6523,6524,6525,6526,6527,6528,6529,6530,6531,6532,6533,6534,6535,6536,6537,6538,6539,6540,6541,6542,6543,6544,6545,6546,6547,6548,6549,6550,6551,6552,6553,6554,6555,6556,6557,6558,6559,6560,6561,6562,6563,6564,6565,6566,6567,6568,6569,6570,6571,6572,6573,6574,6575,6576,6577,6578,6579,6580,6581,6582,6583,6584,6585,6586,6587,6588,6589,6590,6591,6592,6593,6594,6595,6596,6597,6598,6599,6600,6601,6602,6603,6604,6605,6606,6607,6608,6609,6610,6611,6612,6613,6614,6615,6616,6617,6618,6619,6620,6621,6622,6623,6624,6625,6626,6627,6628,6629,6630,6631,6632,6633,6634,6635,6636,6637,6638,6639,6640,6641,6642,6643,6644,6645,6646,6647,6648,6649,6650,6651,6652,6653,6654,6655,6656,6657,6658,6659,6660,6661,6662,6663,6664,6665,6666,6667,6668,6669,6670,6671,6672,6673,6674,6675,6676,6677,6678,6679,6680,6681,6682,6683,6684,6685,6686,6687,6688,6689,6690,6691,6692,6693,6694,6695,6696,6697,6698,6699,6700,6701,6702,6703,6704,6705,6706,6707,6708,6709,6710,6711,6712,6713,6714,6715,6716,6717,6718,6719,6720,6721,6722,6723,6724,6725,6726,6727,6728,6729,6730,6731,6732,6733,6734,6735,6736,6737,6738,6739,6740,6741,6742,6743,6744,6745,6746,6747,6748,6749,6750,6751,6752,6753,6754,6755,6756,6757,6758,6759,6760,6761,6762,6763,6764,6765,6766,6767,6768,6769,6770,6771,6772,6773,6774,6775,6776,6777,6778,6779,6780,6781,6782,6783,6784,6785,6786,6787,6788,6789,6790,6791,6792,6793,6794,6795,6796,6797,6798,6799,6800,6801,6802,6803,6804,6805,6806,6807,6808,6809,6810,6811,6812,6813,6814,6815,6816,6817,6818,6819,6820,6821,6822,6823,6824,6825,6826,6827,6828,6829,6830,6831,6832,6833,6834,6835,6836,6837,6838,6839,6840,6841,6842,6843,6844,6845,6846,6847,6848,6849,6850,6851,6852,6853,6854,6855,6856,6857,6858,6859,6860,6861,6862,6863,6864,6865,6866,6867,6868,6869,6870,6871,6872,6873,6874,6875,6876,6877,6878,6879,6880,6881,6882,6883,6884,6885,6886,6887,6888,6889,6890,6891,6892,6893,6894,6895,6896,6897,6898,6899,6900,6901,6902,6903,6904,6905,6906,6907,6908,6909,6910,6911,6912,6913,6914,6915,6916,6917,6918,6919,6920,6921,6922,6923,6924,6925,6926,6927,6928,6929,6930,6931,6932,6933,6934,6935,6936,6937,6938,6939,6940,6941,6942,6943,6944,6945,6946,6947,6948,6949,6950,6951,6952,6953,6954,6955,6956,6957,6958,6959,6960,6961,6962,6963,6964,6965,6966,6967,6968,6969,6970,6971,6972,6973,6974,6975,6976,6977,6978,6979,6980,6981,6982,6983,6984,6985,6986,6987,6988,6989,6990,6991,6992,6993,6994,6995,6996,6997,6998,6999,7000
0,0.11330754402058073,0.11330754402058073,0.11330754402058073,0.11330754402058073,0.11330754402058073,0.11330754402058073,0.11330754402058073,0.11330754402058073,0.11330754402058073,0.11330754402058073,0.11330754402058073,0.11330754402058071,0.11330754402058071,0.11330754402058071,0.11330754402058071,0.11330754402058071,0.11330754402058071,0.11330754402058071,0.11330754402058071,0.11330754402058071,0.11330754402058073,0.11330754402058073,0.11330754402058073,0.11330754402058073,0.11330754402058073,0.11330754402058073,0.11330754402058073,0.11330754402058073,0.11330754402058073,0.11330754402058073,0.11330754402058073,0.11330754402058073,0.11330754402058073,0.11330754402058073,0.11330754402058073,0.11330754402058073,0.11330754402058073,0.11330754402058073,0.11330754402058073,0.11330754402058073,0.11330754402058073,0.11330754402058073,0.11330754402058073,0.11330754402058073,0.11330754402058073,0.11330754402058073,0.11330754402058073,0.11330754402058073,0.11330754402058073,0.11330754402058073,0.11330754402058073,0.11330754402058073,0.11330754402058073,0.11330754402058073,0.11330754402058073,0.11330754402058073,0.11330754402058073,0.11330754402058073,0.11330754402058073,0.11330754402058073,0.11330754402058073,0.11330754402058073,0.11330754402058073,0.11330754402058073,0.11330754402058073,0.11330754402058073,0.11330754402058073,0.11330754402058073,0.11330754402058073,0.11330754402058073,0.11330754402058073,0.11330754402058073,0.11330754402058073,0.11330754402058073,0.11330754402058073,0.11330754402058073,0.11330754402058073,0.11330754402058073,0.11330754402058073,0.11330754402058073,0.11330754402058073,0.11330754402058073,0.11330754402058073,0.11330754402058073,0.11330754402058073,0.11330754402058073,0.11330754402058073,0.11330754402058073,0.11330754402058073,0.11330754402058073,0.11330754402058073,0.11330754402058073,0.11330754402058073,0.11330754402058073,0.11330754402058073,0.11330754402058073,0.11330754402058073,0.11330754402058073,0.11330754402058073,0.11330754402058073,0.11330754402058073,0.11330754402058073,0.11330754402058073,0.11330754402058073,0.11330754402058073,0.11330754402058073,0.11330754402058073,0.11330754402058073,0.11330754402058073,0.11330754402058073,0.11330754402058073,0.11330754402058073,0.11330754402058073,0.11330754402058073,0.11330754402058073,0.11330754402058073,0.11330754402058073,0.11330754402058073,0.11330754402058073,0.11330754402058073,0.11330754402058073,0.11330754402058073,0.11330754402058073,0.11330754402058073,0.11330754402058073,0.11330754402058073,0.11330754402058073,0.11330754402058073,0.11330754402058073,0.11330754402058073,0.11330754402058073,0.11330754402058073,0.11330754402058073,0.11330754402058073,0.11330754402058073,0.11330754402058073,0.11330754402058073,0.11330754402058073,0.11330754402058073,0.11330754402058073,0.11330754402058073,0.11330754402058073,0.11330754402058073,0.11330754402058073,0.11330754402058073,0.11330754402058073,0.11330754402058073,0.11330754402058073,0.11330754402058073,0.11330754402058073,0.11330754402058073,0.11330754402058073,0.11330754402058073,0.11330754402058073,0.11330754402058073,0.11330754402058073,0.11330754402058073,0.11330754402058073,0.11330754402058073,0.11330754402058073,0.11330754402058073,0.11330754402058073,0.11330754402058073,0.11330754402058073,0.11330754402058073,0.11330754402058073,0.11330754402058073,0.11330754402058073,0.11330754402058073,0.11330754402058073,0.11330754402058073,0.11330754402058073,0.11330754402058073,0.11330754402058073,0.11330754402058073,0.11330754402058073,0.11330754402058073,0.11330754402058073,0.11330754402058073,0.11330754402058073,0.11330754402058073,0.11330754402058073,0.11330754402058073,0.11330754402058073,0.11330754402058073,0.11330754402058073,0.11330754402058073,0.11330754402058073,0.11330754402058073,0.11330754402058073,0.11330754402058073,0.11330754402058073,0.11330754402058073,0.11330754402058073,0.11330754402058073,0.11330754402058073,0.11330754402058073,0.11330754402058073,0.11330754402058073,0.11330754402058073,0.11330754402058073,0.11330754402058073,0.11330754402058073,0.11330754402058073,0.11330754402058073,0.11330754402058073,0.11330754402058073,0.11330754402058073,0.11330754402058073,0.11330754402058073,0.11330754402058073,0.11330754402058073,0.11330754402058073,0.11330754402058073,0.11330754402058073,0.11330754402058073,0.11330754402058073,0.11330754402058073,0.11330754402058073,0.11330754402058073,0.11330754402058073,0.11330754402058073,0.11330754402058073,0.11330754402058073,0.11330754402058073,0.11330754402058073,0.11330754402058073,0.11330754402058073,0.11330754402058073,0.11330754402058073,0.11330754402058073,0.11330754402058073,0.11330754402058073,0.11330754402058073,0.11330754402058073,0.11330754402058073,0.11330754402058073,0.11330754402058073,0.11330754402058073,0.11330754402058073,0.11330754402058073,0.11330754402058073,0.11330754402058073,0.11330754402058073,0.11330754402058073,0.11330754402058073,0.11330754402058073,0.11330754402058073,0.11330754402058073,0.11330754402058073,0.11330754402058073,0.11330754402058073,0.11330754402058073,0.11330754402058073,0.11330754402058073,0.11330754402058073,0.11330754402058073,0.11330754402058073,0.11330754402058073,0.11330754402058073,0.11330754402058073,0.11330754402058073,0.11330754402058073,0.11330754402058073,0.11330754402058073,0.11330754402058073,0.11330754402058073,0.11330754402058073,0.11330754402058073,0.11330754402058073,0.11330754402058073,0.11330754402058073,0.11330754402058073,0.11330754402058073,0.11330754402058073,0.11330754402058073,0.11330754402058073,0.11330754402058073,0.11330754402058073,0.11330754402058073,0.11330754402058073,0.11330754402058073,0.11330754402058073,0.11330754402058073,0.11330754402058073,0.11330754402058073,0.11330754402058073,0.11330754402058073,0.11330754402058073,0.11330754402058073,0.11330754402058073,0.11330754402058073,0.11330754402058073,0.11330754402058073,0.11330754402058073,0.11330754402058073,0.11330754402058073,0.11330754402058073,0.11330754402058073,0.11330754402058073,0.11330754402058073,0.11330754402058073,0.11330754402058073,0.11330754402058073,0.11330754402058073,0.11330754402058073,0.11330754402058073,0.11330754402058073,0.11330754402058073,0.11330754402058073,0.11330754402058073,0.11330754402058073,0.11330754402058073,0.11330754402058073,0.11330754402058073,0.11330754402058073,0.11330754402058073,0.11330754402058073,0.11330754402058073,0.11330754402058073,0.11330754402058073,0.11330754402058073,0.11330754402058073,0.11330754402058073,0.11330754402058073,0.11330754402058073,0.11330754402058073,0.11330754402058073,0.11330754402058073,0.11330754402058073,0.11330754402058073,0.11330754402058073,0.11330754402058073,0.11330754402058073,0.11330754402058073,0.11330754402058073,0.11330754402058073,0.11330754402058073,0.11330754402058073,0.11330754402058073,0.11330754402058073,0.11330754402058073,0.11330754402058073,0.11330754402058073,0.11330754402058073,0.11330754402058073,0.11330754402058073,0.11330754402058073,0.11330754402058073,0.11330754402058073,0.11330754402058073,0.11330754402058073,0.11330754402058073,0.11330754402058073,0.11330754402058073,0.11330754402058073,0.11330754402058073,0.11330754402058073,0.11330754402058073,0.11330754402058073,0.11330754402058073,0.11330754402058073,0.11330754402058073,0.11330754402058073,0.11330754402058073,0.11330754402058073,0.11330754402058073,0.11330754402058073,0.11330754402058073,0.11330754402058073,0.11330754402058073,0.11330754402058073,0.11330754402058073,0.11330754402058073,0.11330754402058073,0.11330754402058073,0.11330754402058073,0.11330754402058073,0.11330754402058073,0.11330754402058073,0.11330754402058073,0.11330754402058073,0.11330754402058073,0.11330754402058073,0.11330754402058073,0.11330754402058073,0.11330754402058073,0.11330754402058073,0.11330754402058073,0.11330754402058073,0.11330754402058073,0.11330754402058073,0.11330754402058073,0.11330754402058073,0.11330754402058073,0.11330754402058073,0.11330754402058073,0.11330754402058073,0.11330754402058073,0.11330754402058073,0.11330754402058073,0.11330754402058073,0.11330754402058073,0.11330754402058073,0.11330754402058073,0.11330754402058073,0.11330754402058073,0.11330754402058073,0.11330754402058073,0.11330754402058073,0.11330754402058073,0.11330754402058073,0.11330754402058073,0.11330754402058073,0.11330754402058073,0.11330754402058073,0.11330754402058073,0.11330754402058073,0.11330754402058073,0.11330754402058073,0.11330754402058073,0.11330754402058073,0.11330754402058073,0.11330754402058073,0.11330754402058073,0.11330754402058073,0.11330754402058073,0.11330754402058073,0.11330754402058073,0.11330754402058073,0.11330754402058073,0.11330754402058073,0.11330754402058073,0.11330754402058073,0.11330754402058073,0.11330754402058073,0.11330754402058073,0.11330754402058073,0.11330754402058073,0.11330754402058073,0.11330754402058073,0.11330754402058073,0.11330754402058073,0.11330754402058073,0.11330754402058073,0.11330754402058073,0.11330754402058073,0.11330754402058073,0.11330754402058073,0.11330754402058073,0.11330754402058073,0.11330754402058073,0.11330754402058073,0.11330754402058073,0.11330754402058073,0.11330754402058073,0.11330754402058073,0.11330754402058073,0.11330754402058073,0.11330754402058073,0.11330754402058073,0.11330754402058073,0.11330754402058073,0.11330754402058073,0.11330754402058073,0.11330754402058073,0.11330754402058073,0.11330754402058073,0.11330754402058073,0.11330754402058073,0.11330754402058073,0.11330754402058073,0.11330754402058073,0.11330754402058073,0.11330754402058073,0.11330754402058073,0.11330754402058073,0.11330754402058073,0.11330754402058073,0.11330754402058073,0.11330754402058073,0.11330754402058073,0.11330754402058073,0.11330754402058073,0.11330754402058073,0.11330754402058073,0.11330754402058073,0.11330754402058073,0.11330754402058073,0.11330754402058073,0.11330754402058073,0.11330754402058073,0.11330754402058073,0.11330754402058073,0.11330754402058073,0.11330754402058073,0.11330754402058073,0.11330754402058073,0.11330754402058073,0.11330754402058073,0.11330754402058073,0.11330754402058073,0.11330754402058073,0.11330754402058073,0.11330754402058073,0.11330754402058073,0.11330754402058073,0.11330754402058073,0.11330754402058073,0.11330754402058073,0.11330754402058073,0.11330754402058073,0.11330754402058073,0.11330754402058073,0.11330754402058073,0.11330754402058073,0.11330754402058073,0.11330754402058073,0.11330754402058073,0.11330754402058073,0.11330754402058073,0.11330754402058073,0.11330754402058073,0.11330754402058073,0.11330754402058073,0.11330754402058073,0.11330754402058073,0.11330754402058073,0.11330754402058073,0.11330754402058073,0.11330754402058073,0.11330754402058073,0.11330754402058073,0.11330754402058073,0.11330754402058073,0.11330754402058073,0.11330754402058073,0.11330754402058073,0.11330754402058073,0.11330754402058073,0.11330754402058073,0.11330754402058073,0.11330754402058073,0.11330754402058073,0.11330754402058073,0.11330754402058073,0.11330754402058073,0.11330754402058073,0.11330754402058073,0.11330754402058073,0.11330754402058073,0.11330754402058073,0.11330754402058073,0.11330754402058073,0.11330754402058073,0.11330754402058073,0.11330754402058073,0.11330754402058073,0.11330754402058073,0.11330754402058073,0.11330754402058073,0.11330754402058073,0.11330754402058073,0.11330754402058073,0.11330754402058073,0.11330754402058073,0.11330754402058073,0.11330754402058073,0.11330754402058073,0.11330754402058073,0.11330754402058073,0.11330754402058073,0.11330754402058073,0.11330754402058073,0.11330754402058073,0.11330754402058073,0.11330754402058073,0.11330754402058073,0.11330754402058073,0.11330754402058073,0.11330754402058073,0.11330754402058073,0.11330754402058073,0.11330754402058073,0.11330754402058073,0.11330754402058073,0.11330754402058073,0.11330754402058073,0.11330754402058073,0.11330754402058073,0.11330754402058073,0.11330754402058073,0.11330754402058073,0.11330754402058073,0.11330754402058073,0.11330754402058073,0.11330754402058073,0.11330754402058073,0.11330754402058073,0.11330754402058073,0.11330754402058073,0.11330754402058073,0.11330754402058073,0.11330754402058073,0.11330754402058073,0.11330754402058073,0.11330754402058073,0.11330754402058073,0.11330754402058073,0.11330754402058073,0.11330754402058073,0.11330754402058073,0.11330754402058073,0.11330754402058073,0.11330754402058073,0.11330754402058073,0.11330754402058073,0.11330754402058073,0.11330754402058073,0.11330754402058073,0.11330754402058073,0.11330754402058073,0.11330754402058073,0.11330754402058073,0.11330754402058073,0.11330754402058073,0.11330754402058073,0.11330754402058073,0.11330754402058073,0.11330754402058073,0.11330754402058073,0.11330754402058073,0.11330754402058073,0.11330754402058073,0.11330754402058073,0.11330754402058073,0.11330754402058073,0.11330754402058073,0.11330754402058073,0.11330754402058073,0.11330754402058073,0.11330754402058073,0.11330754402058073,0.11330754402058073,0.11330754402058073,0.11330754402058073,0.11330754402058073,0.11330754402058073,0.11330754402058073,0.11330754402058073,0.11330754402058073,0.11330754402058073,0.11330754402058073,0.11330754402058073,0.11330754402058073,0.11330754402058073,0.11330754402058073,0.11330754402058073,0.11330754402058073,0.11330754402058073,0.11330754402058073,0.11330754402058073,0.11330754402058073,0.11330754402058073,0.11330754402058073,0.11330754402058073,0.11330754402058073,0.11330754402058073,0.11330754402058073,0.11330754402058073,0.11330754402058073,0.11330754402058073,0.11330754402058073,0.11330754402058073,0.11330754402058073,0.11330754402058073,0.11330754402058073,0.11330754402058073,0.11330754402058073,0.11330754402058073,0.11330754402058073,0.11330754402058073,0.11330754402058073,0.11330754402058073,0.11330754402058073,0.11330754402058073,0.11330754402058073,0.11330754402058073,0.11330754402058073,0.11330754402058073,0.11330754402058073,0.11330754402058073,0.11330754402058073,0.11330754402058073,0.11330754402058073,0.11330754402058073,0.11330754402058073,0.11330754402058073,0.11330754402058073,0.11330754402058073,0.11330754402058073,0.11330754402058073,0.11330754402058073,0.11330754402058073,0.11330754402058073,0.11330754402058073,0.11330754402058073,0.11330754402058073,0.11330754402058073,0.11330754402058073,0.11330754402058073,0.11330754402058073,0.11330754402058073,0.11330754402058073,0.11330754402058073,0.11330754402058073,0.11330754402058073,0.11330754402058073,0.11330754402058073,0.11330754402058073,0.11330754402058073,0.11330754402058073,0.11330754402058073,0.11330754402058073,0.11330754402058073,0.11330754402058073,0.11330754402058073,0.11330754402058073,0.11330754402058073,0.11330754402058073,0.11330754402058073,0.11330754402058073,0.11330754402058073,0.11330754402058073,0.11330754402058073,0.11330754402058073,0.11330754402058073,0.11330754402058073,0.11330754402058073,0.11330754402058073,0.11330754402058073,0.11330754402058073,0.11330754402058073,0.11330754402058073,0.11330754402058073,0.11330754402058073,0.11330754402058073,0.11330754402058073,0.11330754402058073,0.11330754402058073,0.11330754402058073,0.11330754402058073,0.11330754402058073,0.11330754402058073,0.11330754402058073,0.11330754402058073,0.11330754402058073,0.11330754402058073,0.11330754402058073,0.11330754402058073,0.11330754402058073,0.11330754402058073,0.11330754402058073,0.11330754402058073,0.11330754402058073,0.11330754402058073,0.11330754402058073,0.11330754402058073,0.11330754402058073,0.11330754402058073,0.11330754402058073,0.11330754402058073,0.11330754402058073,0.11330754402058073,0.11330754402058073,0.11330754402058073,0.11330754402058073,0.11330754402058073,0.11330754402058073,0.11330754402058073,0.11330754402058073,0.11330754402058073,0.11330754402058073,0.11330754402058073,0.11330754402058073,0.11330754402058073,0.11330754402058073,0.11330754402058073,0.11330754402058073,0.11330754402058073,0.11330754402058073,0.11330754402058073,0.11330754402058073,0.11330754402058073,0.11330754402058073,0.11330754402058073,0.11330754402058073,0.11330754402058073,0.11330754402058073,0.11330754402058073,0.11330754402058073,0.11330754402058073,0.11330754402058073,0.11330754402058073,0.11330754402058073,0.11330754402058073,0.11330754402058073,0.11330754402058073,0.11330754402058073,0.11330754402058073,0.11330754402058073,0.11330754402058073,0.11330754402058073,0.11330754402058073,0.11330754402058073,0.11330754402058073,0.11330754402058073,0.11330754402058073,0.11330754402058073,0.11330754402058073,0.11330754402058073,0.11330754402058073,0.11330754402058073,0.11330754402058073,0.11330754402058073,0.11330754402058073,0.11330754402058073,0.11330754402058073,0.11330754402058073,0.11330754402058073,0.11330754402058073,0.11330754402058073,0.11330754402058073,0.11330754402058073,0.11330754402058073,0.11330754402058073,0.11330754402058073,0.11330754402058073,0.11330754402058073,0.11330754402058073,0.11330754402058073,0.11330754402058073,0.11330754402058073,0.11330754402058073,0.11330754402058073,0.11330754402058073,0.11330754402058073,0.11330754402058073,0.11330754402058073,0.11330754402058073,0.11330754402058073,0.11330754402058073,0.11330754402058073,0.11330754402058073,0.11330754402058073,0.11330754402058073,0.11330754402058073,0.11330754402058073,0.11330754402058073,0.11330754402058073,0.11330754402058073,0.11330754402058073,0.11330754402058073,0.11330754402058073,0.11330754402058073,0.11330754402058073,0.11330754402058073,0.11330754402058073,0.11330754402058073,0.11330754402058073,0.11330754402058073,0.11330754402058073,0.11330754402058073,0.11330754402058073,0.11330754402058073,0.11330754402058073,0.11330754402058073,0.11330754402058073,0.11330754402058073,0.11330754402058073,0.11330754402058073,0.11330754402058073,0.11330754402058073,0.11330754402058073,0.11330754402058073,0.11330754402058073,0.11330754402058073,0.11330754402058073,0.11330754402058073,0.11330754402058073,0.11330754402058073,0.11330754402058073,0.11330754402058073,0.11330754402058073,0.11330754402058073,0.11330754402058073,0.11330754402058073,0.11330754402058073,0.11330754402058073,0.11330754402058073,0.11330754402058073,0.11330754402058073,0.11330754402058073,0.11330754402058073,0.11330754402058073,0.11330754402058073,0.11330754402058073,0.11330754402058073,0.11330754402058073,0.11330754402058073,0.11330754402058073,0.11330754402058073,0.11330754402058073,0.11330754402058073,0.11330754402058073,0.11330754402058073,0.11330754402058073,0.11330754402058073,0.11330754402058073,0.11330754402058073,0.11330754402058073,0.11330754402058073,0.11330754402058073,0.11330754402058073,0.11330754402058073,0.11330754402058073,0.11330754402058073,0.11330754402058073,0.11330754402058073,0.11330754402058073,0.11330754402058073,0.11330754402058073,0.11330754402058073,0.11330754402058073,0.11330754402058073,0.11330754402058073,0.11330754402058073,0.11330754402058073,0.11330754402058073,0.11330754402058073,0.11330754402058073,0.11330754402058073,0.11330754402058073,0.11330754402058073,0.11330754402058073,0.11330754402058073,0.11330754402058073,0.11330754402058073,0.11330754402058073,0.11330754402058073,0.11330754402058073,0.11330754402058073,0.11330754402058073,0.11330754402058073,0.11330754402058073,0.11330754402058073,0.11330754402058073,0.11330754402058073,0.11330754402058073,0.11330754402058073,0.11330754402058073,0.11330754402058073,0.11330754402058073,0.11330754402058073,0.11330754402058073,0.11330754402058073,0.11330754402058073,0.11330754402058073,0.11330754402058073,0.11330754402058073,0.11330754402058073,0.11330754402058073,0.11330754402058073,0.11330754402058073,0.11330754402058073,0.11330754402058073,0.11330754402058073,0.11330754402058073,0.11330754402058073,0.11330754402058073,0.11330754402058073,0.11330754402058073,0.11330754402058073,0.11330754402058073,0.11330754402058073,0.11330754402058073,0.11330754402058073,0.11330754402058073,0.11330754402058073,0.11330754402058073,0.11330754402058073,0.11330754402058073,0.11330754402058073,0.11330754402058073,0.11330754402058073,0.11330754402058073,0.11330754402058073,0.11330754402058073,0.11330754402058073,0.11330754402058073,0.11330754402058067,0.11330754402058066,0.11330754402058062,0.11330754402058067,0.11330754402058094,0.1133075440205809,0.11330754402058087,0.11330754402058088,0.1133075440205811,0.11330754402058107,0.11330754402058131,0.11330754402058123,0.1133075440205812,0.11330754402058202,0.11330754402058195,0.11330754402058194,0.11330754402058182,0.11330754402058182,0.11330754402058164,0.11330754402058174,0.11330754402058175,0.11330754402058177,0.11330754402058177,0.11330754402058175,0.1133075440205825,0.11330754402058231,0.1133075440205823,0.11330754402058149,0.11330754402058157,0.11330754402058249,0.1133075440205824,0.11330754402058239,0.11330754402058123,0.11330754402058131,0.11330754402058141,0.11330754402058132,0.11330754402058135,0.1133075440205814,0.11330754402058106,0.11330754402058164,0.11330754402058159,0.11330754402058157,0.11330754402058162,0.11330754402058155,0.11330754402058177,0.11330754402058182,0.11330754402058177,0.11330754402058175,0.11330754402058292,0.113307544020583,0.11330754402058253,0.11330754402058309,0.1133075440205833,0.11330754402058342,0.1133075440205833,0.11330754402058332,0.11330754402058343,0.11330754402058325,0.11330754402058318,0.11330754402058334,0.11330754402058334,0.11330754402058343,0.11330754402058343,0.11330754402058231,0.11330754402058231,0.11330754402058231,0.11330754402058256,0.11330754402058398,0.11330754402058477,0.11330754402058454,0.11330754402058013,0.11330754402058023,0.11330754402057985,0.11330754402057966,0.11330754402058008,0.11330754402058012,0.11330754402057995,0.11330754402057865,0.1133075440205781,0.11330754402057805,0.11330754402057792,0.11330754402057613,0.11330754402057594,0.11330754402056853,0.11330754402057325,0.11330754402057368,0.1133075440205771,0.11330754402057698,0.11330754402057647,0.11330754402057647,0.11330754402057654,0.11330754402057665,0.11330754402057673,0.11330754402057364,0.11330754402057552,0.11330754402057455,0.1133075440205751,0.11330754402057493,0.11330754402057419,0.11330754402057679,0.11330754402057656,0.11330754402057722,0.11330754402057598,0.11330754402057605,0.11330754402057443,0.11330754402057441,0.11330754402058482,0.11330754402058872,0.11330754402058961,0.11330754402059007,0.11330754402058604,0.11330754402057405,0.11330754402057445,0.11330754402057226,0.11330754402056918,0.11330754402059123,0.11330754402059244,0.11330754402058899,0.11330754402061129,0.11330754402061216,0.11330754402073007,0.11330754402079221,0.1133075440208153,0.11330754402075457,0.11330754402075838,0.11330754402075958,0.11330754402075095,0.11330754402075094,0.11330754402075001,0.11330754402075047,0.11330754402074891,0.11330754402074901,0.1133075440207453,0.11330754402074657,0.11330754402072916,0.11330754402073569,0.11330754402073498,0.11330754402073391,0.11330754402075809,0.11330754402076239,0.11330754402076249,0.11330754402076783,0.11330754402076923,0.11330754402076404,0.1133075440207568,0.11330754402075274,0.11330754402075864,0.11330754402075735,0.11330754402076035,0.11330754402075457,0.11330754402074113,0.11330754402074131,0.11330754402073999,0.1133075440207418,0.11330754402074582,0.11330754402074562,0.11330754402073383,0.11330754402073048,0.11330754402072993,0.11330754402072965,0.11330754402071866,0.11330754402071881,0.11330754402071881,0.1133075440207185,0.11330754402072407,0.11330754402070724,0.11330754402070545,0.11330754402070425,0.11330754402070536,0.11330754402070546,0.11330754402070471,0.1133075440207047,0.11330754402070349,0.11330754402070375,0.11330754402070296,0.1133075440207024,0.11330754402069844,0.11330754402069304,0.113307544020693,0.11330754402069168,0.11330754402069874,0.11330754402069905,0.11330754402069665,0.11330754402069335,0.11330754402069186,0.11330754402069189,0.113307544020692,0.11330754402069193,0.11330754402069429,0.11330754402069308,0.11330754402069164,0.11330754402069079,0.11330754402069115,0.11330754402069126,0.11330754402069024,0.11330754402068982,0.11330754402069004,0.11330754402068988,0.11330754402068881,0.11330754402069161,0.11330754402069372,0.11330754402069718,0.11330754402069744,0.11330754402069784,0.11330754402070099,0.11330754402070137,0.1133075440207054,0.11330754402070427,0.11330754402071255,0.11330754402071276,0.11330754402071079,0.11330754402070943,0.11330754402071218,0.11330754402071609,0.11330754402071615,0.11330754402071765,0.11330754402071103,0.11330754402070956,0.11330750277771232,0.11330750277771197,0.11330750277771083,0.11330750277771136,0.11330750277771341,0.11330750277771454,0.11330750277771387,0.11330750277770424,0.11330750277770503,0.11330750277770488,0.11330750277771481,0.11330750277771469,0.11330750277771429,0.1133075027777128,0.11330750277771438,0.1133075027777151,0.11330750277771283,0.11330750277771266,0.11330750277771263,0.11330750277771065,0.1133075027777104,0.11330750277771044,0.1133075027777093,0.11330750277771436,0.1133075027777142,0.11330750277771506,0.11330750277771508,0.11330750277771534,0.11330750277771481,0.11330750277772045,0.11330750277772038,0.11330750277771869,0.11330750277771866,0.11330750277771805,0.11330750277771715,0.11330750277771792,0.11330750277772106,0.11330750277772045,0.11330750277771964,0.11330750277771967,0.11330750277772805,0.11330750277772783,0.11330750277772951,0.11330750277773328,0.11330750277773392,0.11330750277773377,0.11330750277773338,0.11330750277773294,0.11330750277773467,0.11330750277772918,0.11330750277772624,0.11330750277772364,0.11330750277772982,0.1133075027777304,0.11330750277773052,0.11330750277773223,0.11330750277772919,0.11330750277773084,0.11330750277773044,0.11330750277772902,0.11330750277773026,0.11330750277773,0.11330750277773803,0.11330750277774326,0.11330750277774287,0.11330750277774085,0.11330750277774077,0.11330750277774186,0.11330750277774047,0.11330750277773972,0.11330750277774258,0.11330750277774197,0.1133075027777441,0.11330750277774283,0.11330750277774286,0.11330750277774324,0.11330750277777007,0.11330750277776973,0.11330750277776452,0.1133075027777649,0.11330750277776146,0.11330750277776203,0.11330750277777382,0.1133075027777881,0.11330750277778305,0.11330750277777762,0.11330750277777771,0.11330750277777785,0.11330750277777703,0.11330750277777807,0.11330750277777768,0.11330750277777749,0.11330750277778984,0.11330750277778946,0.11330750277778784,0.11330750277780084,0.11330750277778524,0.11330750277778509,0.11330750277778569,0.11330750277778548,0.11330750277778535,0.11330750277777732,0.11330750277778479,0.11330750277778208,0.11330750277778169,0.11330750277778169,0.1133075027777812,0.11330750277778225,0.1133075027777757,0.11330750277777228,0.1133075027777715,0.11330750277777475,0.11330750277777904,0.11330750277778216,0.11330750277777935,0.11330750277777954,0.11330750277777953,0.11330750277778025,0.11330750277778079,0.11330750277778115,0.11330750277777986,0.11330750277776017,0.11330750277776051,0.11330750277776037,0.11330750277776273,0.11330750277776137,0.1133075027777577,0.1133075027777479,0.11330750277774904,0.11330750277774906,0.11330750277775259,0.11330750277775135,0.11330750277775521,0.11330750277775889,0.11330750277776293,0.11330750277776658,0.11330750277777031,0.11330750277777545,0.11330750277778152,0.11330750277778787,0.11330750277779511,0.1133075027777967,0.11330750277779675,0.11330750277779685,0.11330750277779694,0.11330750277779524,0.1133075027777935,0.11330750277779433,0.11330750277779512,0.11330750277780587,0.11330750277780582,0.11330750277780574,0.11330750277780499,0.11330750277780943,0.11330750277781061,0.1133075027778099,0.11330750277780918,0.11330750277781226,0.1133075027778129,0.11330750277781394,0.11330750277781437,0.11330750277781448,0.11330750277781393,0.11330750277781154,0.11330750277782839,0.11330750277782738,0.11330750277782768,0.11330750277782829,0.11330750277782774,0.11330750277782711,0.11330750277782912,0.11330750277782815,0.11330750277782659,0.11330750277782774,0.11330750277782489,0.11330750277782499,0.11330750277782534,0.11330750277782346,0.1133075027778134,0.11330750277781856,0.11330750277781665,0.11330750277781282,0.11330750277781272,0.11330750277781544,0.11330750277781813,0.11330750277782463,0.11330750277782442,0.11330750277782385,0.11330750277782316,0.11330750277782355,0.11330750277782355,0.11330750277782264,0.11330750277782144,0.11330750277782348,0.11330750277781583,0.11330750277781514,0.11330750277781552,0.11330750277780649,0.11330750277780517,0.11330750277780513,0.11330750277780538,0.11330750277780503,0.1133075027778055,0.11330750277780577,0.11330750277780592,0.11330750277779547,0.11330750277780062,0.11330750277780048,0.11330750277779994,0.11330750277779937,0.1133075027777989,0.11330750277779843,0.11330750277779814,0.11330750277779963,0.11330750277780183,0.11330750277780666,0.11330750277781683,0.11330750277781776,0.11330750277782116,0.11330750277782775,0.11330750277782727,0.11330750277782839,0.11330750277782724,0.11330750277781987,0.11330750277782038,0.11330750277781856,0.11330750277782044,0.11330750277782312,0.11330750277783304,0.11330750277783068,0.1133075027778405,0.11330750277784045,0.11330750277784046,0.11330750277783774,0.11330750277783795,0.11330750277783795,0.11330750277783946,0.11330750277784292,0.1133075027778425,0.11330750277784156,0.11330750277784063,0.11330750277783977,0.11330750277783892,0.1133075027778381,0.11330750277783738,0.11330750277783758,0.11330750277783722,0.11330750277783833,0.11330750277783798,0.11330750277783813,0.11330750277784303,0.11330750277784173,0.11330750277784277,0.11330750277784363,0.11330750277784359,0.113307502777847,0.11330750277784715,0.11330750277784753,0.11330750277785026,0.11330750277785055,0.1133075027778497,0.11330750277784879,0.11330750277784778,0.11330750277784718,0.11330750277785158,0.1133075027778579,0.11330750277786256,0.11330750277786192,0.11330750277785816,0.11330750277785406,0.11330750277786014,0.11330750277786508,0.11330750277786517,0.11330750277786408,0.11330750277786088,0.11330750277786089,0.11330750277786082,0.11330750277786089,0.11330750277786086,0.11330750277786145,0.11330750277786504,0.11330750277786526,0.1133075027778637,0.11330750277786368,0.11330750277786367,0.11330750277786371,0.1133075027778637,0.11330750277786368,0.11330750277786368,0.11330750277786367,0.11330750277786536,0.11330750277786748,0.11330750277787058,0.11330750277786714,0.11330750277786747,0.11330750277787088,0.11330750277787269,0.11330750277787166,0.11330750277787656,0.11330750277787761,0.11330750277788162,0.11330750277787645,0.1133075027778764,0.11330750277787882,0.11330750277788584,0.11330750277788572,0.11330750277788584,0.11330750277788539,0.11330750277788146,0.11330750277788146,0.11330750277788103,0.1133075027778814,0.11330750277788162,0.11330750277788167,0.11330750277787885,0.11330750277787612,0.11330750277787682,0.11330750277787605,0.11330750277787643,0.11330750277787614,0.1133075027778768,0.11330750277788464,0.11330750277788437,0.1133075027778954,0.11330750277789531,0.1133075027778935,0.11330750277789148,0.11330750277788908,0.11330750277788657,0.11330750277788648,0.1133075027778865,0.11330750277788648,0.1133075027778873,0.11330750277788812,0.1133075027778888,0.11330750277788877,0.11330750277788922,0.1133075027778865,0.11330750277788738,0.11330750277788719,0.11330750277788731,0.11330750277788729,0.1133075027778875,0.11330750277788729,0.11330750277788705,0.11330750277788762,0.11330750277787574,0.1133075027778773,0.11330750277787888,0.11330750277787917,0.11330750277787964,0.11330750277788018,0.11330750277788008,0.11330750277788008,0.1133075027778801,0.1133075027778801,0.11330750277788011,0.11330750277788011,0.11330750277788074,0.11330750277788106,0.11330750277788117,0.11330750277788398,0.11330750277788391,0.11330750277788393,0.11330750277788613,0.11330750277788972,0.11330750277788995,0.11330750277789016,0.11330750277789181,0.11330750277789155,0.11330750277789237,0.11330750277789373,0.11330750277789353,0.11330750277789342,0.11330750277789428,0.11330750277789405,0.11330750277789431,0.11330750277789386,0.11330750277789574,0.11330750277789703,0.11330750277789724,0.11330750277789858,0.11330750277789824,0.11330750277790133,0.11330750277790136,0.11330750277790115,0.1133075027779036,0.11330750277790475,0.11330750277790606,0.11330750277789939,0.11330750277789899,0.11330750277789853,0.11330750277789811,0.11330750277789833,0.1133075027779018,0.11330750277789901,0.11330750277789796,0.11330750277789872,0.11330750277789213,0.11330750277789235,0.11330750277789628,0.1133075027778964,0.11330750277789564,0.11330750277789275,0.11330750277788927,0.11330750277789436,0.11330750277789202,0.1133075027778877,0.1133075027778833,0.11330750277788404,0.11330750277788408,0.11330750277788393,0.11330750277788283,0.1133075027778827,0.11330750277788351,0.11330750277788301,0.11330750277788412,0.11330750277789013,0.1133075027778909,0.11330750277789096,0.1133075027778914,0.11330750277789131,0.1133075027778915,0.11330750277789364,0.11330750277789502,0.11330750277789518,0.11330750277789525,0.11330750277789511,0.11330750277789647,0.11330750277789649,0.11330750277789661,0.11330750277789453,0.11330750277789804,0.11330750277789788,0.11330750277789253,0.1133075027778932,0.11330750277789343,0.1133075027778937,0.11330750277789388,0.11330750277789933,0.1133075027779048,0.11330750277791031,0.11330750277791585,0.11330750277792137,0.11330750277792696,0.11330750277793271,0.11330750277793837,0.11330750277794426,0.11330750277795014,0.11330750277794956,0.11330750277794896,0.11330750277794838,0.1133075027779477,0.11330750277794706,0.11330750277794636,0.11330750277794559,0.11330750277795618,0.11330750277795601,0.11330750277795425,0.11330750277795401,0.11330750277795412,0.11330750277795891,0.11330750277796257,0.11330750277796259,0.11330750277796257,0.11330750277796282,0.11330750277796267,0.1133075027779626,0.11330750277796257,0.11330750277796346,0.1133075027779634,0.11330750277796478,0.11330750277796489,0.11330750277796404,0.11330750277796406,0.11330750277796414,0.11330750277796411,0.113307502777964,0.1133075027779625,0.11330750277796424,0.11330750277797433,0.1133075027779744,0.11330750277797423,0.1133075027779762,0.11330750277797615,0.11330750277797622,0.1133075027779762,0.1133075027779827,0.11330750277798347,0.11330750277798415,0.11330750277798474,0.11330750277798467,0.11330750277798145,0.11330750277798145,0.11330750277798196,0.11330750277798222,0.11330750277798621,0.11330750277798654,0.11330750277799614,0.11330750277799574,0.11330750277799635,0.1133075027779986,0.11330750277799921,0.11330750277799978,0.11330750277800034,0.1133075027780008,0.11330750277800292,0.11330750277800458,0.11330750277800726,0.11330750277800926,0.113307502778012,0.11330750277801467,0.11330750277801734,0.11330750277801965,0.11330750277801967,0.11330750277802189,0.11330750277802193,0.11330750277802039,0.11330750277801947,0.11330750277801895,0.11330750277801839,0.11330750277801775,0.11330750277801725,0.11330750277801659,0.11330750277801595,0.11330750277801595,0.11330750277801596,0.11330750277801571,0.11330750277801503,0.11330750277801438,0.11330750277801381,0.11330750277801395,0.11330750277801305,0.11330750277801334,0.1133075027780137,0.11330750277801607,0.11330750277801668,0.11330750277801713,0.11330750277801804,0.11330750277801879,0.11330750277801943,0.11330750277801997,0.1133075027780197,0.11330750277801943,0.11330750277801872,0.11330750277801846,0.113307502778016,0.113307502778016,0.11330750277802153,0.1133075027780228,0.11330750277801391,0.11330750277801427,0.11330750277801552,0.1133075027780133,0.11330750277801256,0.1133075027780125,0.11330750277801184,0.11330750277801173,0.11330750277801171,0.11330750277801173,0.11330750277801171,0.11330750277801174,0.11330750277801173,0.11330750277801169,0.11330750277801167,0.1133075027780117,0.11330750277801309,0.1133075027780131,0.11330750277801314,0.11330750277801313,0.1133075027780131,0.113307502778013,0.11330750277801303,0.11330750277801302,0.11330750277801614,0.11330750277802737,0.1133075027780262,0.11330750277802504,0.11330750277803134,0.1133075027780316,0.11330750277803171,0.11330750277803185,0.11330750277803181,0.11330750277803162,0.11330750277803177,0.11330750277803177,0.1133075027780318,0.11330750277803155,0.11330750277803159,0.11330750277803155,0.11330750277803152,0.1133075027780315,0.11330750277803152,0.11330750277803152,0.11330750277803149,0.11330750277803142,0.11330750277803132,0.11330750277803125,0.11330750277803128,0.1133075027780313,0.11330750277803125,0.11330750277803132,0.1133075027780313,0.11330750277803125,0.11330750277803123,0.11330750277803123,0.11330750277803253,0.1133075027780326,0.11330750277803216,0.11330750277803221,0.11330750277803223,0.11330750277803223,0.11330750277803221,0.11330750277803225,0.11330750277803224,0.11330750277803221,0.11330750277803223,0.11330750277803232,0.1133075027780324,0.11330750277803245,0.11330750277803253,0.1133075027780328,0.11330750277803624,0.11330750277804003,0.11330750277804469,0.11330750277804517,0.11330750277804588,0.11330750277804497,0.11330750277804479,0.11330750277804519,0.11330750277804592,0.11330750277804774,0.11330750277804759,0.11330750277804753,0.11330750277804738,0.11330750277804813,0.11330750277804806,0.11330750277804803,0.11330750277804928,0.1133075027780507,0.11330750277804393,0.11330750277804214,0.1133075027780394,0.11330750277803975,0.11330750277804029,0.11330750277803923,0.11330750277804279,0.1133075027780399,0.11330750277803982,0.11330750277803985,0.11330750277803991,0.1133075027780399,0.11330750277803668,0.1133075027780367,0.11330750277803597,0.11330750277803935,0.11330750277803947,0.11330750277804302,0.11330750277804288,0.11330750277804254,0.11330750277804258,0.11330750277804258,0.11330750277804262,0.1133075027780428,0.11330750277804282,0.11330750277804284,0.113307502778043,0.113307502778043,0.11330750277803897,0.11330750277804333,0.11330750277804205,0.11330750277804078,0.1133075027780407,0.11330750277804183,0.113307502778042,0.11330750277804254,0.11330750277804079,0.11330750277804112,0.11330750277804108,0.11330750277804104,0.11330750277804166,0.11330750277804184,0.11330750277804162,0.11330750277804183,0.11330750277804198,0.11330750277804218,0.1133075027780424,0.11330750277804258,0.11330750277804283,0.11330750277804302,0.11330750277804302,0.11330750277804434,0.11330750277804419,0.11330750277804365,0.11330750277804308,0.11330750277804108,0.11330750277803898,0.11330750277803908,0.11330750277803946,0.11330750277803918,0.11330750277803608,0.11330750277803692,0.11330750277803721,0.11330750277803868,0.11330750277803882,0.11330750277803886,0.11330750277803772,0.1133075027780386,0.11330750277803918,0.11330750277803928,0.11330750277803944,0.11330750277803964,0.11330750277803978,0.11330750277803817,0.11330750277803643,0.11330750277803459,0.11330750277803268,0.11330750277803191,0.1133075027780276,0.11330750277802867,0.11330750277803005,0.11330750277802953,0.11330750277803002,0.11330750277802998,0.11330750277803027,0.11330750277802966,0.11330750277802994,0.11330750277803023,0.11330750277803048,0.1133075027780303,0.1133075027780304,0.11330750277803048,0.11330750277803062,0.11330750277803059,0.11330750277803056,0.11330750277803064,0.11330750277803069,0.11330750277803095,0.11330750277803105,0.11330750277803105,0.11330750277803116,0.11330750277803124,0.11330750277803134,0.11330750277803145,0.11330750277803271,0.11330750277803382,0.11330750277803521,0.11330750277803635,0.11330750277803782,0.11330750277803928,0.11330750277803928,0.11330750277803944,0.11330750277803944,0.11330750277803942,0.11330750277803872,0.11330750277804084,0.11330750277804137,0.11330750277804093,0.11330750277804057,0.11330750277804096,0.11330750277804168,0.11330750277804254,0.11330750277804165,0.11330750277804044,0.11330750277803683,0.11330750277803661,0.11330750277804046,0.11330750277804039,0.11330750277803968,0.11330750277803754,0.11330750277803756,0.11330750277803861,0.11330750277803817,0.11330750277804008,0.11330750277803837,0.1133075027780386,0.11330750277803858,0.11330750277803785,0.1133075027780378,0.11330750277803783,0.1133075027780382,0.11330750277803855,0.11330750277803857,0.11330750277803855,0.11330750277803854,0.11330750277803854,0.11330750277803857,0.11330750277803855,0.11330750277803858,0.11330750277803851,0.11330750277803853,0.11330750277803857,0.11330750277803855,0.11330750277803857,0.11330750277803854,0.11330750277803855,0.11330750277803857,0.11330750277803849,0.11330750277803857,0.11330750277803855,0.11330750277803846,0.11330750277803853,0.11330750277803853,0.11330750277803853,0.11330750277803855,0.11330750277803854,0.11330750277803854,0.11330750277803851,0.11330750277803853,0.11330750277803851,0.11330750277803854,0.11330750277803849,0.1133075027780385,0.11330750277803851,0.11330750277803851,0.11330750277803853,0.11330750277803851,0.1133075027780385,0.11330750277803851,0.11330750277803854,0.1133075027780385,0.1133075027780385,0.11330750277803853,0.11330750277803857,0.11330750277803847,0.1133075027780385,0.11330750277803851,0.11330750277803853,0.11330750277803854,0.11330750277803851,0.11330750277803853,0.11330750277803853,0.11330750277803853,0.11330750277803854,0.11330750277803853,0.11330750277803849,0.1133075027780385,0.11330750277803853,0.11330750277803851,0.11330750277803851,0.11330750277803854,0.11330750277803842,0.11330750277803849,0.11330750277803849,0.1133075027780385,0.11330750277803851,0.1133075027780385,0.11330750277803849,0.11330750277803849,0.11330750277803851,0.11330750277803846,0.11330750277803847,0.11330750277803849,0.11330750277803849,0.11330750277803844,0.11330750277803847,0.11330750277803851,0.11330750277803843,0.11330750277803849,0.11330750277803855,0.11330750277803849,0.11330750277803847,0.11330750277803851,0.11330750277803851,0.11330750277803854,0.11330750277803847,0.11330750277803843,0.11330750277803849,0.11330750277803846,0.11330750277803847,0.11330750277803847,0.11330750277803847,0.11330750277803847,0.11330750277803846,0.11330750277803846,0.11330750277803846,0.11330750277803843,0.1133075027780385,0.11330750277803847,0.11330750277803847,0.11330750277803849,0.11330750277803846,0.11330750277803844,0.11330750277803846,0.11330750277803844,0.11330750277803846,0.11330750277803846,0.11330750277803847,0.11330750277803846,0.11330750277803844,0.11330750277803842,0.11330750277803843,0.11330750277803847,0.11330750277803846,0.11330750277803844,0.11330750277803842,0.11330750277803842,0.11330750277803844,0.11330750277803846,0.11330750277803846,0.11330750277803846,0.11330750277803842,0.11330750277803843,0.11330750277803846,0.11330750277803844,0.11330750277803842,0.11330750277803843,0.11330750277803844,0.11330750277803843,0.11330750277803842,0.11330750277803843,0.11330750277803842,0.11330750277803861,0.11330750277803839,0.11330750277803847,0.11330750277803844,0.11330750277803846,0.11330750277803842,0.11330750277803849,0.11330750277803849,0.11330750277803847,0.11330750277803847,0.11330750277803847,0.11330750277803849,0.11330750277803849,0.11330750277803847,0.11330750277803846,0.11330750277803837,0.11330750277803849,0.11330750277803846,0.1133075027780384,0.11330750277803844,0.11330750277803846,0.11330750277803846,0.11330750277803847,0.11330750277803842,0.11330750277803844,0.11330750277803844,0.11330750277803843,0.11330750277803844,0.11330750277803844,0.11330750277803846,0.11330750277803844,0.11330750277803843,0.1133075027780384,0.11330750277803843,0.11330750277803844,0.11330750277803847,0.11330750277803843,0.11330750277803843,0.11330750277803843,0.11330750277803846,0.11330750277803842,0.11330750277803843,0.11330750277803843,0.11330750277803842,0.11330750277803842,0.11330750277803839,0.11330750277803843,0.11330750277803839,0.1133075027780384,0.11330750277803842,0.11330750277803842,0.11330750277803844,0.11330750277803842,0.1133075027780384,0.1133075027780384,0.11330750277803843,0.11330750277803842,0.1133075027780384,0.11330750277803837,0.1133075027780384,0.11330750277803837,0.11330750277803843,0.11330750277803837,0.11330750277803837,0.11330750277803837,0.11330750277803836,0.11330750277803837,0.11330750277803837,0.11330750277803837,0.11330750277803839,0.11330750277803847,0.11330750277803839,0.11330750277803837,0.11330750277803844,0.1133075027780384,0.11330750277803839,0.11330750277803842,0.11330750277803839,0.11330750277803842,0.1133075027780384,0.11330750277803844,0.11330750277803843,0.1133075027780384,0.11330750277803839,0.11330750277803837,0.1133075027780384,0.11330750277803842,0.11330750277803843,0.11330750277803843,0.11330750277803842,0.1133075027780384,0.11330750277803839,0.1133075027780384,0.11330750277803837,0.1133075027780384,0.11330750277803835,0.11330750277803842,0.11330750277803844,0.11330750277803842,0.1133075027780384,0.11330750277803842,0.11330750277803844,0.11330750277803843,0.1133075027780384,0.11330750277803842,0.11330750277803842,0.11330750277803844,0.11330750277803843,0.11330750277803844,0.11330750277803844,0.1133075027780384,0.11330750277803842,0.11330750277803844,0.11330750277803839,0.1133075027780384,0.11330750277803842,0.11330750277803843,0.11330750277803842,0.11330750277803846,0.11330750277803837,0.11330750277803844,0.11330750277803837,0.11330750277803844,0.11330750277803844,0.1133075027780384,0.1133075027780384,0.11330750277803843,0.11330750277803842,0.11330750277803844,0.11330750277803846,0.11330750277803844,0.1133075027780384,0.11330750277803842,0.11330750277803844,0.11330750277803843,0.11330750277803842,0.1133075027780384,0.11330750277803844,0.11330750277803847,0.11330750277803844,0.11330750277803849,0.11330750277803843,0.11330750277803846,0.11330750277803844,0.11330750277803846,0.11330750277803847,0.11330750277803842,0.11330750277803839,0.1133075027780384,0.11330750277803855,0.11330750277803842,0.11330750277803844,0.11330750277803846,0.11330750277803844,0.11330750277803846,0.11330750277803847,0.11330750277803846,0.11330750277803846,0.11330750277803847,0.11330750277803846,0.11330750277803843,0.11330750277803844,0.11330750277803842,0.11330750277803846,0.11330750277803846,0.11330750277803842,0.1133075027780385,0.1133075027780384,0.11330750277803847,0.11330750277803847,0.11330750277803844,0.11330750277803849,0.11330750277803837,0.11330750277803847,0.11330750277803843,0.11330750277803846,0.11330750277803847,0.11330750277803843,0.11330750277803846,0.11330750277803849,0.11330750277803847,0.11330750277803844,0.11330750277803847,0.11330750277803849,0.11330750277803846,0.11330750277803847,0.11330750277803846,0.11330750277803846,0.11330750277803849,0.11330750277803844,0.11330750277803853,0.11330750277803849,0.11330750277803844,0.11330750277803847,0.11330750277803843,0.11330750277803844,0.11330750277803849,0.11330750277803847,0.11330750277803846,0.11330750277803847,0.11330750277803846,0.11330750277803847,0.11330750277803847,0.11330750277803847,0.11330750277803846,0.11330750277803846,0.11330750277803846,0.11330750277803843,0.11330750277803847,0.11330750277803847,0.11330750277803847,0.11330750277803843,0.11330750277803846,0.11330750277803844,0.11330750277803846,0.11330750277803846,0.11330750277803846,0.11330750277803849,0.11330750277803843,0.11330750277803853,0.11330750277803849,0.11330750277803847,0.11330750277803847,0.11330750277803847,0.11330750277803849,0.1133075027780385,0.11330750277803846,0.11330750277803846,0.11330750277803846,0.1133075027780384,0.11330750277803846,0.11330750277803844,0.11330750277803849,0.11330750277803843,0.11330750277803843,0.11330750277803849,0.11330750277803847,0.11330750277803846,0.11330750277803847,0.11330750277803846,0.11330750277803847,0.11330750277803844,0.11330750277803843,0.11330750277803846,0.11330750277803843,0.11330750277803846,0.11330750277803849,0.11330750277803844,0.11330750277803846,0.11330750277803847,0.11330750277803846,0.11330750277803847,0.11330750277803847,0.11330750277803849,0.11330750277803846,0.11330750277803846,0.11330750277803846,0.11330750277803844,0.11330750277803843,0.11330750277803846,0.11330750277803843,0.11330750277803843,0.11330750277803836,0.11330750277803846,0.11330750277803846,0.11330750277803846,0.11330750277803847,0.11330750277803847,0.11330750277803846,0.11330750277803846,0.11330750277803846,0.11330750277803846,0.11330750277803846,0.11330750277803853,0.11330750277803846,0.11330750277803846,0.11330750277803846,0.11330750277803847,0.11330750277803844,0.11330750277803846,0.11330750277803846,0.11330750277803847,0.11330750277803844,0.11330750277803846,0.11330750277803847,0.11330750277803847,0.11330750277803846,0.11330750277803847,0.11330750277803847,0.11330750277803847,0.11330750277803849,0.11330750277803846,0.11330750277803849,0.11330750277803847,0.11330750277803847,0.11330750277803846,0.11330750277803846,0.11330750277803847,0.11330750277803847,0.11330750277803846,0.11330750277803846,0.11330750277803846,0.11330750277803847,0.11330750277803847,0.11330750277803844,0.11330750277803847,0.11330750277803849,0.11330750277803846,0.11330750277803849,0.11330750277803847,0.11330750277803847,0.11330750277803847,0.11330750277803846,0.11330750277803847,0.11330750277803847,0.11330750277803847,0.11330750277803846,0.11330750277803849,0.11330750277803844,0.11330750277803844,0.11330750277803844,0.11330750277803844,0.11330750277803847,0.11330750277803846,0.11330750277803847,0.11330750277803846,0.11330750277803844,0.11330750277803849,0.11330750277803846,0.11330750277803847,0.11330750277803846,0.11330750277803849,0.11330750277803847,0.11330750277803847,0.11330750277803847,0.11330750277803846,0.11330750277803847,0.11330750277803844,0.11330750277803844,0.11330750277803847,0.11330750277803847,0.11330750277803844,0.11330750277803847,0.11330750277803846,0.11330750277803847,0.11330750277803847,0.11330750277803854,0.1133075027780385,0.1133075027780385,0.1133075027780385,0.11330750277803849,0.1133075027780385,0.11330750277803853,0.11330750277803846,0.1133075027780385,0.1133075027780385,0.11330750277803855,0.11330750277803851,0.11330750277803851,0.11330750277803847,0.11330750277803853,0.11330750277803853,0.11330750277803846,0.11330750277803851,0.11330750277803851,0.11330750277803846,0.1133075027780385,0.1133075027780385,0.11330750277803847,0.11330750277803844,0.11330750277803847,0.11330750277803844,0.11330750277803846,0.11330750277803849,0.11330750277803844,0.11330750277803846,0.11330750277803847,0.11330750277803849,0.11330750277803847,0.11330750277803846,0.11330750277803844,0.11330750277803844,0.11330750277803843,0.11330750277803844,0.11330750277803846,0.11330750277803847,0.11330750277803847,0.11330750277803847,0.11330750277803842,0.11330750277803844,0.11330750277803846,0.11330750277803844,0.11330750277803847,0.11330750277803849,0.11330750277803847,0.11330750277803849,0.11330750277803862,0.11330750277803843,0.11330750277803842,0.11330750277803836,0.11330750277803847,0.11330750277803871,0.11330750277803868,0.11330750277803865,0.11330750277803847,0.11330750277803837,0.11330750277803867,0.11330750277803855,0.11330750277803872,0.11330750277803868,0.1133075027780387,0.11330750277803879,0.1133075027780388,0.11330750277803901,0.11330750277803894,0.11330750277803893,0.11330750277803894,0.11330750277803892,0.1133075027780389,0.11330750277803892,0.1133075027780389,0.11330750277803893,0.11330750277803892,0.11330750277803892,0.11330750277803892,0.1133075027780389,0.1133075027780389,0.11330750277803892,0.11330750277803892,0.1133075027780389,0.11330750277803894,0.11330750277803894,0.1133075027780389,0.11330750277803893,0.11330750277803892,0.11330750277803893,0.11330750277803896,0.11330750277803893,0.11330750277803892,0.11330750277803892,0.11330750277803892,0.11330750277803893,0.1133075027780389,0.11330750277803892,0.1133075027780389,0.11330750277803893,0.11330750277803894,0.11330750277803892,0.11330750277803892,0.11330750277803894,0.11330750277803893,0.11330750277803892,0.11330750277803893,0.11330750277803897,0.1133075027780389,0.11330750277803894,0.11330750277803896,0.11330750277803894,0.11330750277803892,0.1133075027780389,0.11330750277803893,0.11330750277803897,0.11330750277803894,0.11330750277803892,0.11330750277803894,0.11330750277803892,0.11330750277803894,0.11330750277803893,0.11330750277803898,0.11330750277803897,0.11330750277803893,0.11330750277803897,0.11330750277803893,0.11330750277803897,0.11330750277803898,0.11330750277803898,0.11330750277803898,0.11330750277803903,0.11330750277803903,0.11330750277803896,0.11330750277803897,0.11330750277803896,0.11330750277803896,0.11330750277803897,0.11330750277803897,0.11330750277803894,0.11330750277803894,0.11330750277803893,0.11330750277803894,0.11330750277803894,0.11330750277803893,0.11330750277803897,0.11330750277803896,0.11330750277803896,0.11330750277803893,0.11330750277803894,0.11330750277803893,0.11330750277803892,0.11330750277803892,0.11330750277803897,0.11330750277803896,0.11330750277803897,0.11330750277803893,0.11330750277803893,0.1133075027780389,0.11330750277803893,0.11330750277803892,0.1133075027780389,0.11330750277803893,0.11330750277803897,0.11330750277803896,0.11330750277803898,0.11330750277803897,0.11330750277803897,0.11330750277803893,0.11330750277803894,0.11330750277803894,0.11330750277803893,0.11330750277803892,0.11330750277803896,0.11330750277803892,0.11330750277803897,0.11330750277803893,0.11330750277803897,0.11330750277803901,0.11330750277803898,0.11330750277803898,0.11330750277803901,0.11330750277803898,0.11330750277803897,0.11330750277803896,0.11330750277803898,0.11330750277803896,0.113307502778039,0.11330750277803893,0.11330750277803901,0.11330750277803897,0.11330750277803897,0.11330750277803897,0.11330750277803896,0.11330750277803893,0.11330750277803893,0.11330750277803896,0.11330750277803894,0.11330750277803893,0.11330750277803894,0.11330750277803898,0.113307502778039,0.11330750277803898,0.11330750277803894,0.11330750277803894,0.11330750277803897,0.11330750277803896,0.11330750277803896,0.11330750277803896,0.11330750277803897,0.11330750277803897,0.11330750277803897,0.11330750277803896,0.11330750277803894,0.11330750277803896,0.11330750277803897,0.11330750277803897,0.11330750277803896,0.11330750277803898,0.11330750277803897,0.11330750277803897,0.113307502778039,0.11330750277803897,0.113307502778039,0.113307502778039,0.11330750277803901,0.11330750277803885,0.11330750277803894,0.1133075027780389,0.11330750277803898,0.11330750277803898,0.11330750277803896,0.11330750277803893,0.11330750277803896,0.11330750277803894,0.11330750277803896,0.11330750277803896,0.11330750277803897,0.11330750277803898,0.11330750277803897,0.11330750277803896,0.11330750277803893,0.11330750277803894,0.11330750277803894,0.11330750277803893,0.11330750277803897,0.11330750277803914,0.113307502778039,0.11330750277803901,0.11330750277803905,0.113307502778039,0.11330750277803901,0.113307502778039,0.113307502778039,0.11330750277803897,0.113307502778039,0.113307502778039,0.11330750277803901,0.11330750277803901,0.11330750277803898,0.11330750277803901,0.11330750277803901,0.11330750277803901,0.11330750277803898,0.11330750277803898,0.113307502778039,0.11330750277803898,0.11330750277803898,0.11330750277803901,0.11330750277803898,0.113307502778039,0.11330750277803897,0.113307502778039,0.11330750277803894,0.11330750277803897,0.113307502778039,0.11330750277803898,0.11330750277803903,0.11330750277803896,0.11330750277803897,0.11330750277803894,0.11330750277803896,0.11330750277803903,0.11330750277803893,0.11330750277803903,0.113307502778039,0.11330750277803898,0.11330750277803897,0.11330750277803901,0.11330750277803901,0.113307502778039,0.11330750277803901,0.11330750277803908,0.11330750277803904,0.11330750277803907,0.11330750277803905,0.11330750277803903,0.11330750277803907,0.11330750277803907,0.11330750277803903,0.11330750277803904,0.11330750277803903,0.11330750277803904,0.11330750277803903,0.11330750277803904,0.11330750277803903,0.11330750277803903,0.11330750277803904,0.11330750277803904,0.11330750277803908,0.11330750277803905,0.11330750277803904,0.11330750277803903,0.11330750277803903,0.11330750277803905,0.11330750277803905,0.11330750277803905,0.11330750277803903,0.11330750277803903,0.11330750277803904,0.11330750277803907,0.11330750277803905,0.11330750277803905,0.11330750277803905,0.11330750277803904,0.11330750277803903,0.11330750277803908,0.11330750277803901,0.11330750277803903,0.113307502778039,0.11330750277803904,0.11330750277803904,0.11330750277803901,0.11330750277803904,0.11330750277803903,0.11330750277803907,0.11330750277803908,0.11330750277803905,0.11330750277803907,0.11330750277803908,0.11330750277803907,0.11330750277803907,0.11330750277803907,0.11330750277803904,0.11330750277803904,0.11330750277803905,0.11330750277803904,0.11330750277803901,0.11330750277803905,0.11330750277803907,0.11330750277803903,0.11330750277803904,0.11330750277803904,0.11330750277803905,0.11330750277803908,0.11330750277803901,0.11330750277803904,0.11330750277803905,0.11330750277803903,0.11330750277803903,0.11330750277803907,0.11330750277803905,0.11330750277803901,0.11330750277803905,0.11330750277803901,0.11330750277803903,0.11330750277803905,0.11330750277803904,0.11330750277803901,0.11330750277803903,0.11330750277803904,0.11330750277803905,0.11330750277803904,0.11330750277803901,0.11330750277803903,0.113307502778039,0.113307502778039,0.1133075027780391,0.11330750277803907,0.11330750277803907,0.11330750277803904,0.1133075027780391,0.11330750277803904,0.11330750277803904,0.11330750277803905,0.11330750277803907,0.11330750277803903,0.11330750277803904,0.11330750277803904,0.11330750277803904,0.11330750277803905,0.11330750277803903,0.11330750277803907,0.11330750277803908,0.11330750277803905,0.11330750277803901,0.11330750277803904,0.11330750277803901,0.11330750277803908,0.11330750277803907,0.11330750277803901,0.11330750277803907,0.11330750277803905,0.11330750277803907,0.11330750277803904,0.11330750277803904,0.11330750277803905,0.11330750277803903,0.11330750277803904,0.11330750277803907,0.11330750277803903,0.11330750277803907,0.11330750277803904,0.11330750277803903,0.11330750277803907,0.11330750277803905,0.1133075027780391,0.11330750277803905,0.11330750277803908,0.11330750277803905,0.11330750277803903,0.11330750277803905,0.11330750277803903,0.11330750277803911,0.1133075027780391,0.11330750277803908,0.1133075027780391,0.11330750277803908,0.11330750277803904,0.11330750277803905,0.11330750277803908,0.11330750277803905,0.11330750277803907,0.11330750277803907,0.11330750277803903,0.11330750277803904,0.11330750277803905,0.11330750277803904,0.11330750277803903,0.1133075027780391,0.11330750277803901,0.11330750277803903,0.11330750277803903,0.11330750277803901,0.11330750277803901,0.11330750277803905,0.11330750277803904,0.11330750277803904,0.11330750277803904,0.11330750277803904,0.11330750277803908,0.113307502778039,0.11330750277803908,0.11330750277803908,0.11330750277803904,0.11330750277803903,0.11330750277803907,0.11330750277803905,0.11330750277803904,0.11330750277803905,0.11330750277803903,0.11330750277803904,0.11330750277803903,0.11330750277803905,0.11330750277803903,0.11330750277803905,0.11330750277803905,0.11330750277803908,0.11330750277803907,0.11330750277803905,0.11330750277803905,0.11330750277803908,0.11330750277803911,0.11330750277803901,0.11330750277803903,0.11330750277803903,0.11330750277803903,0.11330750277803903,0.11330750277803901,0.11330750277803908,0.11330750277803901,0.11330750277803904,0.11330750277803904,0.11330750277803908,0.11330750277803905,0.11330750277803907,0.11330750277803905,0.1133075027780391,0.11330750277803904,0.11330750277803907,0.11330750277803908,0.11330750277803905,0.11330750277803919,0.11330750277803904,0.11330750277803907,0.1133075027780391,0.11330750277803907,0.1133075027780391,0.11330750277803911,0.1133075027780391,0.11330750277803911,0.1133075027780391,0.11330750277803912,0.11330750277803917,0.11330750277803918,0.11330750277803917,0.11330750277803918,0.11330750277803915,0.11330750277803918,0.11330750277803918,0.11330750277803917,0.11330750277803917,0.11330750277803918,0.11330750277803918,0.11330750277803918,0.11330750277803917,0.11330750277803917,0.11330750277803917,0.11330750277803918,0.11330750277803915,0.11330750277803919,0.11330750277803918,0.11330750277803914,0.11330750277803915,0.11330750277803915,0.11330750277803914,0.11330750277803914,0.11330750277803914,0.11330750277803915,0.11330750277803914,0.11330750277803914,0.11330750277803915,0.11330750277803914,0.11330750277803914,0.11330750277803915,0.11330750277803915,0.11330750277803914,0.11330750277803912,0.11330750277803904,0.11330750277803911,0.1133075027780391,0.11330750277803911,0.11330750277803907,0.11330750277803903,0.1133075027780391,0.1133075027780391,0.11330750277803908,0.1133075027780391,0.11330750277803911,0.1133075027780391,0.1133075027780391,0.11330750277803911,0.1133075027780391,0.1133075027780391,0.11330750277803911,0.1133075027780391,0.11330750277803905,0.11330750277803911,0.11330750277803911,0.11330750277803908,0.11330750277803908,0.1133075027780391,0.11330750277803907,0.1133075027780391,0.11330750277803907,0.1133075027780391,0.1133075027780391,0.1133075027780391,0.11330750277803911,0.1133075027780391,0.11330750277803908,0.1133075027780391,0.1133075027780391,0.1133075027780391,0.11330750277803908,0.1133075027780391,0.11330750277803907,0.11330750277803911,0.11330750277803917,0.1133075027780391,0.1133075027780391,0.11330750277803914,0.11330750277803908,0.11330750277803911,0.11330750277803914,0.1133075027780391,0.1133075027780391,0.11330750277803911,0.11330750277803912,0.11330750277803914,0.1133075027780391,0.11330750277803912,0.11330750277803911,0.11330750277803908,0.1133075027780391,0.11330750277803915,0.11330750277803912,0.11330750277803911,0.11330750277803914,0.1133075027780391,0.1133075027780391,0.11330750277803911,0.1133075027780391,0.11330750277803914,0.11330750277803912,0.11330750277803912,0.11330750277803911,0.1133075027780391,0.11330750277803912,0.11330750277803911,0.11330750277803915,0.11330750277803912,0.11330750277803914,0.11330750277803915,0.11330750277803914,0.11330750277803912,0.11330750277803914,0.11330750277803912,0.1133075027780391,0.11330750277803914,0.11330750277803914,0.11330750277803917,0.1133075027780391,0.11330750277803914,0.11330750277803914,0.11330750277803915,0.11330750277803914,0.11330750277803914,0.11330750277803911,0.11330750277803911,0.11330750277803917,0.11330750277803917,0.11330750277803917,0.11330750277803919,0.11330750277803919,0.11330750277803918,0.11330750277803917,0.11330750277803912,0.11330750277803912,0.11330750277803918,0.11330750277803911,0.11330750277803918,0.11330750277803917,0.11330750277803917,0.11330750277803917,0.11330750277803919,0.11330750277803914,0.11330750277803917,0.11330750277803915,0.11330750277803911,0.11330750277803918,0.11330750277803915,0.11330750277803919,0.11330750277803915,0.11330750277803912,0.11330750277803915,0.11330750277803914,0.11330750277803912,0.11330750277803918,0.11330750277803918,0.11330750277803917,0.11330750277803917,0.11330750277803918,0.11330750277803917,0.11330750277803917,0.11330750277803919,0.11330750277803918,0.11330750277803915,0.11330750277803918,0.11330750277803919,0.11330750277803923,0.11330750277803918,0.11330750277803917,0.11330750277803919,0.11330750277803914,0.11330750277803918,0.11330750277803918,0.11330750277803918,0.11330750277803917,0.11330750277803917,0.11330750277803918,0.11330750277803918,0.11330750277803919,0.11330750277803917,0.11330750277803915,0.11330750277803918,0.11330750277803915,0.11330750277803917,0.11330750277803917,0.11330750277803917,0.11330750277803919,0.11330750277803911,0.1133075027780392,0.11330750277803914,0.11330750277803915,0.11330750277803914,0.11330750277803914,0.11330750277803912,0.11330750277803914,0.11330750277803933,0.11330750277803933,0.1133075027780393,0.1133075027780393,0.1133075027780393,0.11330750277803929,0.11330750277803929,0.11330750277803929,0.11330750277804068,0.11330750277803968,0.11330750277803965,0.11330750277803969,0.11330750277803965,0.11330750277803966,0.11330750277803966,0.11330750277803966,0.11330750277803966,0.11330750277803966,0.11330750277803968,0.11330750277803966,0.11330750277803968,0.11330750277803965,0.11330750277803969,0.11330750277803965,0.11330750277803962,0.11330750277803965,0.11330750277803964,0.11330750277803964,0.11330750277803965,0.11330750277803964,0.11330750277803965,0.11330750277803964,0.11330750277803966,0.11330750277803964,0.1133075027780397,0.11330750277803966,0.11330750277803968,0.11330750277803966,0.11330750277803966,0.11330750277803968,0.11330750277803969,0.11330750277803966,0.11330750277803975,0.11330750277803966,0.11330750277803965,0.11330750277803965,0.11330750277803966,0.11330750277803969,0.11330750277803969,0.11330750277803969,0.11330750277803965,0.11330750277803965,0.11330750277803966,0.11330750277803966,0.11330750277803968,0.11330750277803966,0.11330750277803968,0.11330750277803969,0.11330750277803969,0.11330750277803969,0.11330750277803966,0.11330750277803965,0.11330750277803969,0.1133075027780397,0.11330750277803964,0.11330750277803965,0.11330750277803965,0.11330750277803965,0.11330750277803966,0.11330750277803965,0.11330750277803962,0.11330750277803964,0.11330750277803962,0.11330750277803962,0.11330750277803965,0.11330750277803964,0.11330750277803966,0.11330750277803969,0.11330750277803965,0.11330750277803965,0.11330750277803965,0.11330750277803968,0.11330750277803969,0.11330750277803965,0.11330750277803966,0.11330750277803969,0.11330750277803966,0.11330750277803968,0.11330750277803966,0.11330750277803966,0.11330750277803966,0.11330750277803966,0.11330750277803969,0.11330750277803968,0.11330750277803965,0.11330750277803968,0.11330750277803968,0.11330750277803969,0.11330750277803969,0.11330750277803964,0.11330750277803965,0.11330750277803966,0.11330750277803964,0.11330750277803965,0.11330750277803964,0.11330750277803962,0.11330750277803966,0.11330750277803965,0.11330750277803965,0.11330750277803965,0.11330750277803965,0.11330750277803962,0.11330750277803964,0.11330750277803966,0.11330750277803965,0.11330750277803965,0.11330750277803965,0.11330750277803965,0.11330750277803966,0.11330750277803965,0.11330750277803965,0.11330750277803964,0.11330750277803961,0.1133075027780396,0.11330750277803968,0.11330750277803966,0.11330750277803966,0.11330750277803968,0.11330750277803965,0.11330750277803966,0.11330750277803968,0.11330750277803968,0.11330750277803966,0.11330750277803968,0.11330750277803969,0.11330750277803968,0.11330750277803968,0.11330750277803965,0.11330750277803964,0.11330750277803964,0.11330750277803965,0.11330750277803966,0.11330750277803965,0.11330750277803964,0.11330750277803965,0.11330750277803964,0.11330750277803966,0.11330750277803965,0.11330750277803965,0.11330750277803961,0.11330750277803966,0.11330750277803964,0.11330750277803968,0.11330750277803968,0.11330750277803966,0.11330750277803968,0.11330750277803966,0.11330750277803966,0.11330750277803965,0.11330750277803968,0.1133075027780397,0.11330750277803966,0.11330750277803965,0.11330750277803962,0.11330750277803965,0.11330750277803965,0.11330750277803965,0.11330750277803964,0.11330750277803966,0.11330750277803964,0.11330750277803965,0.11330750277803965,0.11330750277803964,0.11330750277803968,0.11330750277803968,0.11330750277803966,0.11330750277803965,0.11330750277803965,0.11330750277803968,0.11330750277803968,0.11330750277803966,0.11330750277803966,0.11330750277803966,0.11330750277803966,0.11330750277803966,0.11330750277803966,0.11330750277803966,0.11330750277803965,0.11330750277803966,0.11330750277803969,0.11330750277803969,0.1133075027780397,0.1133075027780397,0.11330750277803968,0.11330750277803968,0.11330750277803968,0.11330750277803968,0.1133075027780397,0.11330750277803964,0.11330750277803965,0.11330750277803972,0.11330750277803969,0.11330750277803962,0.11330750277803965,0.11330750277803964,0.11330750277803965,0.11330750277803964,0.11330750277803965,0.11330750277803965,0.11330750277803964,0.11330750277803964,0.11330750277803964,0.11330750277803965,0.11330750277803966,0.11330750277803965,0.11330750277803965,0.11330750277803964,0.11330750277803965,0.11330750277803961,0.11330750277803965,0.11330750277803968,0.11330750277803968,0.11330750277803961,0.1133075027780396,0.11330750277803962,0.11330750277803966,0.11330750277803964,0.11330750277803965,0.11330750277803961,0.11330750277803965,0.11330750277803966,0.11330750277803965,0.11330750277803966,0.11330750277803966,0.11330750277803968,0.11330750277803968,0.11330750277803966,0.11330750277803968,0.11330750277803966,0.11330750277803966,0.11330750277803973,0.11330750277803968,0.11330750277803969,0.1133075027780397,0.11330750277803969,0.1133075027780397,0.11330750277803966,0.1133075027780397,0.11330750277803968,0.11330750277803969,0.11330750277803966,0.11330750277803965,0.11330750277803969,0.11330750277803969,0.1133075027780397,0.11330750277803969,0.11330750277803969,0.11330750277803969,0.11330750277803969,0.1133075027780397,0.1133075027780397,0.1133075027780398,0.11330750277803973,0.11330750277803972,0.11330750277804008,0.11330750277803983,0.11330750277803983,0.11330750277803983,0.11330750277803982,0.11330750277803982,0.11330750277803985,0.11330750277803983,0.11330750277803982,0.11330750277803983,0.11330750277803983,0.11330750277803983,0.11330750277803985,0.11330750277803983,0.11330750277803982,0.11330750277803997,0.11330750277803985,0.11330750277803989,0.11330750277803987,0.11330750277804014,0.11330750277804,0.11330750277803998,0.11330750277803998,0.11330750277803996,0.11330750277804,0.11330750277804001,0.11330750277803994,0.11330750277804,0.11330750277804,0.11330750277803997,0.11330750277803994,0.11330750277803998,0.1133075027780399,0.11330750277803997,0.11330750277803991,0.11330750277803996,0.11330750277803993,0.11330750277803989,0.11330750277803997,0.11330750277803993,0.11330750277803991,0.11330750277803991,0.11330750277803991,0.11330750277803993,0.11330750277803991,0.11330750277803991,0.11330750277803989,0.11330750277803991,0.1133075027780399,0.11330750277803993,0.11330750277803991,0.11330750277803989,0.1133075027780399,0.11330750277803991,0.11330750277803989,0.11330750277803993,0.11330750277803991,0.1133075027780399,0.11330750277803989,0.11330750277803993,0.11330750277803986,0.11330750277803991,0.11330750277803993,0.11330750277803991,0.11330750277803991,0.11330750277803987,0.11330750277803997,0.1133075027780399,0.11330750277803991,0.1133075027780399,0.11330750277803991,0.11330750277803993,0.11330750277803993,0.11330750277803991,0.11330750277803986,0.11330750277803993,0.11330750277803991,0.11330750277803989,0.11330750277803989,0.11330750277803994,0.11330750277803991,0.11330750277803994,0.11330750277803993,0.11330750277803994,0.11330750277803996,0.11330750277803993,0.11330750277803993,0.11330750277803993,0.11330750277803993,0.11330750277803993,0.11330750277803994,0.11330750277803989,0.11330750277803994,0.11330750277803994,0.11330750277803998,0.11330750277803997,0.11330750277803991,0.11330750277803994,0.11330750277803994,0.11330750277803993,0.11330750277803993,0.11330750277803994,0.1133075027780399,0.11330750277803994,0.11330750277803994,0.11330750277803994,0.11330750277803994,0.11330750277803993,0.1133075027780399,0.11330750277803991,0.11330750277803993,0.11330750277803997,0.11330750277803991,0.1133075027780399,0.11330750277803993,0.11330750277803993,0.11330750277803991,0.11330750277803991,0.11330750277803993,0.1133075027780399,0.11330750277803993,0.11330750277803991,0.11330750277803991,0.11330750277803994,0.11330750277803991,0.11330750277803991,0.1133075027780399,0.1133075027780399,0.11330750277803993,0.11330750277803989,0.11330750277803991,0.11330750277803993,0.11330750277803991,0.11330750277803991,0.11330750277803993,0.11330750277803987,0.11330750277803996,0.1133075027780399,0.11330750277803996,0.11330750277803993,0.11330750277803994,0.11330750277803994,0.11330750277803991,0.11330750277803993,0.11330750277803991,0.11330750277803994,0.11330750277803991,0.1133075027780399,0.11330750277803991,0.11330750277803993,0.11330750277803989,0.11330750277803993,0.11330750277803993,0.1133075027780399,0.11330750277803991,0.11330750277803993,0.11330750277803993,0.11330750277803989,0.1133075027780399,0.1133075027780399,0.11330750277803993,0.11330750277803991,0.11330750277803993,0.11330750277803993,0.11330750277803993,0.11330750277803991,0.11330750277803993,0.1133075027780399,0.11330750277803991,0.11330750277803991,0.11330750277803991,0.1133075027780399,0.11330750277803991,0.11330750277803994,0.11330750277803983,0.11330750277803993,0.11330750277803989,0.11330750277803991,0.11330750277803993,0.1133075027780399,0.1133075027780399,0.11330750277804001,0.1133075027780399,0.11330750277803991,0.11330750277803983,0.11330750277803991,0.11330750277803991,0.11330750277803989,0.11330750277803991,0.1133075027780399,0.11330750277803989,0.11330750277803991,0.1133075027780399,0.11330750277803989,0.11330750277803993,0.11330750277803994,0.11330750277803991,0.11330750277803989,0.11330750277803989,0.11330750277803991,0.11330750277803993,0.11330750277803994,0.11330750277803993,0.11330750277803991,0.11330750277803991,0.11330750277803987,0.11330750277803991,0.11330750277803993,0.11330750277803991,0.11330750277803987,0.11330750277803987,0.11330750277803993,0.1133075027780399,0.11330750277803993,0.11330750277803991,0.11330750277803991,0.11330750277803987,0.11330750277803993,0.1133075027780399,0.11330750277803986,0.11330750277803993,0.11330750277803987,0.11330750277803989,0.11330750277803987,0.11330750277803989,0.11330750277803991,0.11330750277803987,0.11330750277803989,0.1133075027780399,0.1133075027780399,0.11330750277803991,0.1133075027780399,0.11330750277803985,0.11330750277803983,0.11330750277803985,0.11330750277803987,0.11330750277803985,0.11330750277803983,0.11330750277803986,0.11330750277803986,0.11330750277803982,0.11330750277803982,0.11330750277803991,0.11330750277803983,0.11330750277803982,0.11330750277803983,0.11330750277803983,0.11330750277803982,0.1133075027780398,0.11330750277803983,0.11330750277803979,0.11330750277803983,0.11330750277803982,0.11330750277803985,0.11330750277803986,0.11330750277803985,0.11330750277803983,0.11330750277803986,0.11330750277803986,0.11330750277803987,0.11330750277803989,0.11330750277803991,0.11330750277803986,0.11330750277803987,0.11330750277803989,0.1133075027780399,0.11330750277803987,0.11330750277803985,0.11330750277803983,0.11330750277803987,0.11330750277803987,0.11330750277803987,0.1133075027780399,0.11330750277803986,0.11330750277803983,0.11330750277803991,0.11330750277803982,0.1133075027780399,0.11330750277803986,0.11330750277803985,0.11330750277803989,0.11330750277803987,0.11330750277803986,0.11330750277803991,0.11330750277803993,0.11330750277803986,0.11330750277803989,0.11330750277803989,0.11330750277803982,0.11330750277803989,0.11330750277803993,0.11330750277803986,0.11330750277803993,0.11330750277803989,0.11330750277803989,0.1133075027780399,0.11330750277803991,0.11330750277803987,0.11330750277803985,0.11330750277803987,0.11330750277803986,0.11330750277803989,0.11330750277803987,0.11330750277803986,0.11330750277803985,0.11330750277803989,0.11330750277803989,0.11330750277803993,0.11330750277803994,0.11330750277803997,0.11330750277803993,0.11330750277803993,0.11330750277803993,0.11330750277803993,0.11330750277803994,0.11330750277803996,0.11330750277804007,0.11330750277803993,0.11330750277803996,0.11330750277803997,0.11330750277803997,0.11330750277803996,0.11330750277803996,0.11330750277803993,0.11330750277803996,0.11330750277803994,0.11330750277803993,0.1133075027780399,0.1133075027780399,0.11330750277803991,0.11330750277803993,0.11330750277803994,0.11330750277803994,0.11330750277803993,0.11330750277803994,0.11330750277803998,0.11330750277803996,0.11330750277803991,0.11330750277803998,0.11330750277803991,0.11330750277804,0.11330750277803991,0.11330750277803998,0.11330750277803993,0.11330750277803994,0.1133075027780399,0.11330750277803993,0.11330750277803991,0.11330750277803993,0.11330750277803993,0.11330750277803993,0.1133075027780399,0.11330750277803991,0.1133075027780399,0.1133075027780399,0.1133075027780399,0.11330750277803996,0.11330750277803993,0.1133075027780399,0.1133075027780399,0.11330750277803993,0.11330750277803993,0.1133075027780399,0.11330750277803994,0.11330750277803991,0.1133075027780399,0.11330750277803993,0.11330750277803993,0.11330750277803993,0.1133075027780399,0.11330750277803993,0.11330750277803993,0.11330750277803993,0.11330750277803993,0.11330750277803998,0.11330750277803996,0.11330750277803996,0.11330750277803994,0.11330750277803994,0.11330750277803991,0.11330750277803994,0.11330750277803998,0.11330750277803993,0.11330750277803991,0.11330750277803993,0.1133075027780399,0.11330750277803994,0.11330750277804001,0.11330750277803991,0.11330750277803994,0.11330750277803994,0.11330750277803993,0.11330750277803993,0.11330750277803991,0.11330750277803993,0.11330750277803994,0.11330750277803993,0.11330750277803997,0.11330750277803993,0.11330750277803996,0.11330750277803994,0.11330750277803997,0.11330750277803993,0.11330750277803994,0.11330750277803996,0.11330750277803998,0.11330750277803996,0.11330750277803993,0.11330750277803993,0.11330750277803997,0.11330750277803997,0.11330750277803996,0.11330750277803993,0.11330750277803998,0.11330750277803996,0.11330750277803996,0.11330750277803997,0.11330750277803997,0.11330750277803994,0.11330750277803997,0.11330750277803993,0.11330750277803994,0.11330750277804003,0.11330750277803998,0.11330750277803997,0.11330750277803993,0.11330750277803993,0.11330750277803997,0.11330750277803998,0.11330750277803996,0.11330750277803996,0.11330750277803996,0.11330750277803997,0.11330750277803996,0.11330750277803994,0.11330750277803994,0.11330750277803994,0.11330750277803997,0.11330750277804,0.11330750277803996,0.11330750277803994,0.11330750277803996,0.11330750277803993,0.11330750277803993,0.11330750277803993,0.11330750277803996,0.11330750277803997,0.11330750277803996,0.11330750277803996,0.11330750277803996,0.11330750277803994,0.11330750277803994,0.11330750277803998,0.11330750277803996,0.11330750277803997,0.11330750277803997,0.11330750277803993,0.11330750277803996,0.11330750277803997,0.11330750277803997,0.11330750277803993,0.11330750277803997,0.11330750277803996,0.11330750277803996,0.11330750277803993,0.11330750277803998,0.11330750277804003,0.11330750277803996,0.11330750277804001,0.11330750277803998,0.11330750277803993,0.11330750277804,0.11330750277803998,0.11330750277803998,0.11330750277803994,0.11330750277803996,0.11330750277803991,0.11330750277803996,0.11330750277803993,0.11330750277803994,0.11330750277803993,0.11330750277803994,0.11330750277803994,0.11330750277803996,0.11330750277803994,0.11330750277803991,0.11330750277803997,0.11330750277803998,0.11330750277804003,0.11330750277804001,0.11330750277804001,0.11330750277804,0.11330750277803996,0.1133075027780401,0.11330750277803993,0.11330750277803991,0.11330750277803993,0.11330750277803996,0.11330750277803994,0.11330750277803998,0.11330750277803997,0.11330750277803994,0.1133075027780399,0.1133075027780399,0.11330750277803993,0.11330750277803991,0.11330750277803991,0.11330750277803994,0.11330750277803994,0.11330750277803993,0.1133075027780399,0.11330750277803991,0.11330750277803991,0.11330750277803991,0.1133075027780399,0.11330750277803991,0.11330750277803996,0.1133075027780399,0.11330750277803993,0.11330750277803987,0.11330750277803998,0.11330750277803987,0.11330750277803991,0.11330750277803996,0.11330750277803994,0.11330750277803993,0.11330750277803991,0.11330750277803991,0.11330750277803996,0.11330750277803991,0.11330750277803991,0.11330750277803991,0.11330750277803991,0.11330750277803994,0.11330750277803991,0.11330750277803994,0.11330750277803994,0.11330750277803993,0.1133075027780399,0.11330750277803993,0.1133075027780399,0.11330750277803989,0.11330750277803991,0.1133075027780399,0.11330750277803983,0.11330750277803991,0.11330750277803993,0.11330750277803983,0.11330750277803983,0.11330750277803985,0.11330750277803986,0.11330750277803985,0.11330750277803982,0.11330750277803998,0.11330750277803983,0.11330750277803983,0.11330750277803982,0.11330750277803982,0.11330750277803983,0.1133075027780399,0.11330750277803985,0.11330750277803987,0.11330750277803989,0.11330750277803989,0.11330750277803983,0.11330750277803987,0.11330750277803987,0.11330750277803987,0.11330750277803987,0.11330750277803989,0.11330750277803978,0.11330750277803986,0.11330750277803983,0.11330750277803985,0.11330750277803987,0.11330750277803985,0.11330750277803985,0.11330750277803987,0.11330750277803987,0.11330750277803987,0.11330750277803986,0.11330750277803986,0.11330750277803985,0.11330750277803985,0.11330750277803985,0.11330750277803985,0.11330750277803985,0.11330750277803991,0.11330750277803983,0.11330750277803985,0.11330750277803986,0.11330750277803982,0.11330750277803983,0.11330750277803982,0.11330750277803983,0.11330750277803991,0.11330750277803983,0.11330750277803986,0.11330750277803985,0.11330750277803986,0.11330750277803986,0.11330750277803989,0.11330750277803983,0.11330750277803983,0.11330750277803985,0.11330750277803985,0.11330750277803985,0.11330750277803985,0.11330750277803985,0.11330750277803985,0.11330750277803986,0.11330750277803983,0.11330750277803989,0.11330750277803982,0.11330750277803983,0.11330750277803983,0.11330750277803983,0.1133075027780398,0.11330750277803985,0.11330750277803982,0.11330750277803982,0.11330750277803982,0.1133075027780398,0.11330750277803983,0.11330750277803983,0.11330750277803983,0.11330750277803983,0.11330750277803983,0.11330750277803986,0.11330750277803985,0.11330750277803982,0.11330750277803983,0.11330750277803982,0.11330750277803978,0.1133075027780398,0.1133075027780398,0.11330750277803979,0.11330750277803978,0.11330750277803979,0.11330750277803979,0.11330750277803991,0.11330750277803979,0.11330750277803982,0.11330750277803983,0.11330750277803982,0.11330750277803985,0.1133075027780398,0.11330750277803983,0.11330750277803982,0.11330750277803983,0.1133075027780398,0.11330750277803982,0.11330750277803982,0.1133075027780398,0.11330750277803985,0.11330750277803985,0.11330750277803986,0.11330750277803985,0.11330750277803985,0.11330750277803987,0.11330750277803985,0.11330750277803982,0.11330750277803982,0.11330750277803982,0.11330750277803985,0.11330750277803982,0.11330750277803983,0.11330750277803983,0.11330750277803985,0.11330750277803983,0.11330750277803985,0.11330750277803983,0.11330750277803983,0.11330750277803983,0.1133075027780398,0.11330750277803983,0.11330750277803983,0.11330750277803985,0.11330750277803982,0.11330750277803985,0.11330750277803985,0.11330750277803983,0.1133075027780398,0.11330750277803982,0.11330750277803985,0.11330750277803985,0.1133075027780398,0.11330750277803983,0.11330750277803983,0.11330750277803982,0.11330750277803983,0.11330750277803985,0.11330750277803983,0.11330750277803982,0.11330750277803982,0.11330750277803982,0.11330750277803982,0.11330750277803983,0.11330750277803983,0.11330750277803983,0.11330750277803986,0.11330750277803983,0.11330750277803983,0.11330750277803986,0.11330750277803982,0.11330750277803983,0.11330750277803983,0.11330750277803983,0.11330750277803983,0.11330750277803986,0.11330750277803986,0.11330750277803985,0.11330750277803985,0.11330750277803987,0.11330750277803986,0.11330750277803986,0.11330750277803986,0.11330750277803987,0.11330750277803989,0.11330750277803989,0.11330750277803986,0.11330750277803989,0.1133075027780399,0.11330750277803986,0.11330750277803987,0.11330750277803982,0.11330750277803982,0.1133075027780398,0.11330750277803983,0.11330750277803982,0.11330750277803983,0.11330750277803982,0.11330750277803989,0.11330750277803985,0.11330750277803983,0.11330750277803985,0.11330750277803987,0.11330750277803982,0.11330750277803986,0.11330750277803987,0.11330750277803983,0.1133075027780398,0.11330750277803983,0.11330750277803986,0.11330750277803985,0.11330750277803985,0.11330750277803986,0.11330750277803985,0.11330750277803986,0.11330750277803985,0.11330750277803986,0.11330750277803991,0.11330750277803987,0.11330750277803989,0.11330750277803985,0.1133075027780397,0.11330750277803944,0.11330750277803942,0.11330750277803943,0.11330750277803943,0.11330750277803944,0.11330750277803947,0.11330750277803946,0.11330750277803944,0.11330750277803943,0.11330750277803942,0.11330750277803942,0.11330750277803944,0.11330750277803942,0.11330750277803946,0.11330750277803939,0.11330750277803947,0.11330750277803946,0.11330750277803944,0.11330750277803947,0.11330750277803944,0.11330750277803944,0.11330750277803942,0.11330750277803946,0.11330750277803946,0.11330750277803944,0.11330750277803944,0.11330750277803942,0.11330750277803943,0.11330750277803943,0.11330750277803947,0.1133075027780394,0.11330750277803946,0.11330750277803946,0.11330750277803939,0.1133075027780394,0.11330750277803947,0.11330750277803947,0.11330750277803948,0.11330750277803947,0.11330750277803942,0.11330750277803943,0.1133075027780394,0.11330750277803943,0.1133075027780394,0.11330750277803942,0.11330750277803947,0.11330750277803943,0.11330750277803942,0.11330750277803943,0.1133075027780394,0.11330750277803947,0.11330750277803947,0.11330750277803948,0.1133075027780394,0.11330750277803944,0.11330750277803943,0.11330750277803944,0.11330750277803944,0.11330750277803946,0.11330750277803948,0.1133075027780394,0.11330750277803946,0.11330750277803943,0.11330750277803943,0.11330750277803944,0.11330750277803947,0.11330750277803943,0.11330750277803946,0.11330750277803944,0.11330750277803947,0.11330750277803946,0.11330750277803946,0.11330750277803946,0.11330750277803946,0.11330750277803944,0.11330750277803944,0.11330750277803946,0.11330750277803946,0.11330750277803947,0.11330750277803944,0.11330750277803943,0.11330750277803943,0.11330750277803943,0.11330750277803943,0.11330750277803947,0.11330750277803948,0.11330750277803944,0.11330750277803944,0.11330750277803944,0.11330750277803947,0.11330750277803946,0.11330750277803947,0.11330750277803946,0.11330750277803947,0.11330750277803946,0.11330750277803946,0.11330750277803944,0.11330750277803946,0.11330750277803947,0.11330750277803946,0.11330750277803944,0.11330750277803944,0.11330750277803942,0.11330750277803946,0.11330750277803953,0.11330750277803946,0.11330750277803942,0.11330750277803944,0.11330750277803946,0.11330750277803937,0.11330750277803947,0.11330750277803947,0.11330750277803947,0.11330750277803939,0.1133075027780394,0.11330750277803943,0.1133075027780394,0.11330750277803944,0.11330750277803939,0.11330750277803942,0.11330750277803936,0.11330750277803944,0.11330750277803942,0.11330750277803942,0.11330750277803943,0.11330750277803942,0.11330750277803947,0.11330750277803947,0.11330750277803942,0.11330750277803942,0.11330750277803942,0.1133075027780394,0.11330750277803942,0.11330750277803942,0.11330750277803944,0.11330750277803942,0.11330750277803946,0.11330750277803937,0.11330750277803948,0.11330750277803943,0.11330750277803944,0.11330750277803944,0.11330750277803943,0.11330750277803944,0.11330750277803944,0.11330750277803943,0.11330750277803946,0.11330750277803947,0.11330750277803942,0.11330750277803946,0.11330750277803942,0.11330750277803942,0.11330750277803946,0.11330750277803946,0.11330750277803947,0.11330750277803946,0.11330750277803946,0.11330750277803943,0.11330750277803944,0.11330750277803947,0.11330750277803946,0.11330750277803947,0.11330750277803943,0.11330750277803942,0.11330750277803946,0.11330750277803943,0.11330750277803948,0.11330750277803946,0.11330750277803946,0.11330750277803944,0.1133075027780394,0.11330750277803943,0.11330750277803946,0.11330750277803943,0.11330750277803944,0.1133075027780395,0.11330750277803948,0.11330750277803943,0.11330750277803947,0.11330750277803947,0.11330750277803947,0.11330750277803946,0.11330750277803946,0.11330750277803946,0.11330750277803946,0.11330750277803951,0.11330750277803948,0.1133075027780395,0.11330750277803946,0.11330750277803947,0.11330750277803948,0.11330750277803947,0.11330750277803947,0.11330750277803947,0.11330750277803943,0.11330750277803947,0.11330750277803947,0.11330750277803946,0.11330750277803948,0.11330750277803946,0.11330750277803947,0.11330750277803948,0.11330750277803944,0.11330750277803951,0.1133075027780395,0.11330750277803954,0.11330750277803953,0.11330750277803953,0.1133075027780395,0.11330750277803953,0.11330750277803951,0.11330750277803951,0.11330750277803953,0.11330750277803953,0.11330750277803953,0.11330750277803955,0.11330750277803953,0.11330750277803951,0.11330750277803953,0.11330750277803953,0.1133075027780395,0.1133075027780395,0.11330750277803947,0.11330750277803948,0.1133075027780395,0.11330750277803948,0.1133075027780395,0.1133075027780395,0.1133075027780395,0.11330750277803951,0.1133075027780395,0.11330750277803948,0.11330750277803944,0.11330750277803946,0.11330750277803948,0.11330750277803942,0.11330750277803947,0.11330750277803944,0.11330750277803944,0.11330750277803947,0.11330750277803946,0.11330750277803944,0.11330750277803947,0.11330750277803947,0.11330750277803947,0.11330750277803948,0.11330750277803948,0.11330750277803946,0.11330750277803944,0.11330750277803947,0.11330750277803948,0.11330750277803948,0.11330750277803946,0.11330750277803947,0.11330750277803944,0.11330750277803946,0.11330750277803946,0.11330750277803942,0.1133075027780394,0.11330750277803946,0.11330750277803948,0.11330750277803947,0.11330750277803947,0.11330750277803946,0.11330750277803946,0.11330750277803947,0.11330750277803948,0.11330750277803947,0.11330750277803951,0.11330750277803951,0.11330750277803954,0.11330750277803953,0.11330750277803947,0.11330750277803953,0.11330750277803947,0.11330750277803947,0.11330750277803948,0.11330750277803948,0.11330750277803947,0.11330750277803955,0.11330750277803951,0.11330750277803954,0.11330750277803951,0.11330750277803953,0.1133075027780395,0.11330750277803951,0.11330750277803951,0.11330750277803948,0.11330750277803948,0.1133075027780395,0.1133075027780395,0.11330750277803948,0.11330750277803947,0.11330750277803946,0.1133075027780395,0.11330750277803947,0.1133075027780395,0.1133075027780395,0.11330750277803948,0.11330750277803946,0.11330750277803946,0.11330750277803951,0.1133075027780395,0.11330750277803951,0.11330750277803951,0.11330750277803953,0.11330750277803951,0.11330750277803953,0.11330750277803951,0.11330750277803951,0.11330750277803951,0.11330750277803951,0.11330750277803951,0.1133075027780395,0.1133075027780395,0.11330750277803953,0.11330750277803953,0.11330750277803953,0.11330750277803947,0.11330750277803947,0.11330750277803951,0.11330750277803948,0.11330750277803948,0.11330750277803948,0.11330750277803948,0.11330750277803954,0.11330750277803951,0.11330750277803948,0.11330750277803954,0.11330750277803947,0.11330750277803948,0.1133075027780395,0.11330750277803946,0.11330750277803954,0.11330750277803948,0.11330750277803951,0.1133075027780395,0.1133075027780395,0.11330750277803953,0.11330750277803951,0.11330750277803951,0.11330750277803953,0.11330750277803954,0.11330750277803953,0.1133075027780395,0.11330750277803948,0.11330750277803947,0.11330750277803947,0.1133075027780395,0.1133075027780395,0.11330750277803947,0.11330750277803948,0.1133075027780395,0.11330750277803947,0.1133075027780395,0.1133075027780395,0.1133075027780395,0.11330750277803948,0.11330750277803948,0.1133075027780395,0.11330750277803948,0.11330750277803947,0.11330750277803948,0.11330750277803948,0.11330750277803947,0.11330750277803944,0.11330750277803951,0.11330750277803951,0.11330750277803951,0.11330750277803943,0.11330750277803947,0.11330750277803947,0.11330750277803953,0.11330750277803946,0.1133075027780395,0.11330750277803951,0.1133075027780395,0.1133075027780395,0.1133075027780395,0.11330750277803951,0.11330750277803951,0.11330750277803953,0.11330750277803953,0.11330750277803951,0.11330750277803951,0.11330750277803954,0.11330750277803953,0.11330750277803947,0.11330750277803946,0.11330750277803951,0.1133075027780395,0.11330750277803951,0.11330750277803953,0.1133075027780395,0.11330750277803954,0.11330750277803953,0.11330750277803953,0.11330750277803951,0.11330750277803955,0.11330750277803951,0.11330750277803953,0.11330750277803955,0.11330750277803957,0.11330750277803951,0.11330750277803951,0.11330750277803944,0.11330750277803947,0.11330750277803946,0.11330750277803946,0.11330750277803948,0.11330750277803944,0.11330750277803947,0.11330750277803947,0.11330750277803948,0.11330750277803946,0.1133075027780395,0.11330750277803946,0.11330750277803948,0.11330750277803948,0.1133075027780395,0.11330750277803948,0.11330750277803948,0.1133075027780395,0.11330750277803948,0.1133075027780395,0.11330750277803946,0.11330750277803946,0.11330750277803947,0.11330750277803947,0.11330750277803947,0.11330750277803946,0.11330750277803946,0.11330750277803946,0.11330750277803954,0.1133075027780395,0.11330750277803943,0.11330750277803947,0.11330750277803944,0.11330750277803946,0.11330750277803948,0.11330750277803948,0.11330750277803944,0.11330750277803957,0.11330750277803944,0.11330750277803946,0.11330750277803951,0.11330750277803951,0.11330750277803946,0.11330750277803946,0.11330750277803947,0.11330750277803948,0.11330750277803946,0.11330750277803947,0.1133075027780395,0.11330750277803948,0.11330750277803947,0.1133075027780395,0.11330750277803946,0.11330750277803946,0.11330750277803946,0.11330750277803953,0.11330750277803957,0.11330750277803955,0.1133075027780395,0.11330750277803953,0.11330750277803954,0.1133075027780395,0.11330750277803951,0.11330750277803957,0.11330750277803953,0.11330750277803957,0.1133075027780395,0.11330750277803953,0.1133075027780395,0.11330750277803953,0.11330750277803954,0.11330750277803948,0.11330750277803957,0.11330750277803955,0.11330750277803955,0.11330750277803951,0.11330750277803955,0.11330750277803955,0.11330750277803958,0.11330750277803951,0.11330750277803961,0.1133075027780395,0.11330750277803951,0.11330750277803947,0.1133075027780397,0.11330750277803957,0.1133075027780396,0.11330750277803964,0.11330750277803965,0.1133075027780396,0.11330750277803962,0.11330750277803961,0.11330750277803957,0.11330750277803958,0.11330750277803957,0.11330750277803955,0.11330750277803957,0.11330750277803961,0.1133075027780396,0.11330750277803961,0.11330750277803957,0.11330750277803958,0.1133075027780396,0.11330750277803955,0.1133075027780396,0.11330750277803958,0.1133075027780396,0.11330750277803957,0.11330750277803958,0.11330750277803955,0.1133075027780396,0.11330750277803964,0.11330750277803962,0.1133075027780396,0.11330750277803961,0.11330750277803954,0.11330750277803957,0.11330750277803955,0.11330750277803957,0.11330750277803953,0.11330750277803957,0.11330750277803957,0.11330750277803957,0.11330750277803951,0.1133075027780396,0.11330750277803957,0.11330750277803958,0.11330750277803958,0.11330750277803958,0.11330750277803958,0.11330750277803961,0.1133075027780396,0.11330750277803958,0.11330750277803957,0.11330750277803955,0.1133075027780396,0.1133075027780396,0.11330750277803958,0.11330750277803958,0.1133075027780396,0.11330750277803958,0.11330750277803955,0.11330750277803957,0.11330750277803958,0.1133075027780396,0.11330750277803958,0.11330750277803957,0.11330750277803964,0.11330750277803957,0.11330750277803964,0.11330750277803962,0.11330750277803961,0.11330750277803961,0.11330750277803964,0.11330750277803962,0.11330750277803962,0.11330750277803964,0.11330750277803962,0.11330750277803961,0.1133075027780396,0.11330750277803962,0.11330750277803964,0.11330750277803962,0.11330750277803961,0.11330750277803964,0.11330750277803962,0.11330750277803964,0.11330750277803955,0.11330750277803962,0.11330750277803962,0.11330750277803961,0.11330750277803965,0.11330750277803961,0.11330750277803965,0.11330750277803961,0.11330750277803965,0.11330750277803965,0.11330750277803964,0.11330750277803964,0.11330750277803964,0.11330750277803964,0.11330750277803961,0.11330750277803958,0.11330750277803961,0.11330750277803966,0.11330750277803968,0.11330750277803962,0.11330750277803964,0.11330750277803962,0.11330750277803962,0.11330750277803961,0.11330750277803966,0.11330750277803964,0.11330750277803965,0.11330750277803958,0.1133075027780396,0.1133075027780396,0.11330750277803961,0.11330750277803961,0.11330750277803962,0.1133075027780396,0.11330750277803961,0.11330750277803964,0.11330750277803961,0.11330750277803961,0.11330750277803964,0.11330750277803962,0.11330750277803962,0.11330750277803962,0.11330750277803968,0.11330750277803962,0.11330750277803961,0.11330750277803962,0.11330750277803966,0.11330750277803965,0.11330750277803965,0.11330750277803964,0.11330750277803964,0.11330750277803966,0.11330750277803964,0.11330750277803962,0.11330750277803965,0.11330750277803964,0.11330750277803966,0.11330750277803964,0.11330750277803964,0.11330750277803964,0.11330750277803961,0.11330750277803964,0.11330750277803964,0.11330750277803964,0.11330750277803965,0.11330750277803965,0.11330750277803964,0.11330750277803965,0.11330750277803962,0.11330750277803965,0.11330750277803965,0.11330750277803961,0.11330750277803964,0.11330750277803958,0.11330750277803965,0.11330750277803965,0.11330750277803966,0.11330750277803968,0.11330750277803965,0.11330750277803968,0.11330750277803966,0.11330750277803968,0.11330750277803966,0.11330750277803966,0.11330750277803969,0.11330750277803962,0.11330750277803964,0.11330750277803965,0.11330750277803964,0.11330750277803965,0.11330750277803965,0.11330750277803964,0.1133075027780396,0.11330750277803961,0.11330750277803965,0.11330750277803958,0.11330750277803964,0.1133075027780396,0.11330750277803966,0.11330750277803966,0.11330750277803965,0.11330750277803964,0.11330750277803965,0.11330750277803966,0.11330750277803966,0.1133075027780397,0.11330750277803965,0.11330750277803966,0.11330750277803973,0.11330750277803966,0.11330750277803966,0.11330750277803969,0.11330750277803968,0.11330750277803965,0.11330750277803964,0.11330750277803966,0.11330750277803964,0.11330750277803965,0.11330750277803965,0.11330750277803965,0.11330750277803966,0.11330750277803966,0.11330750277803966,0.11330750277803965,0.11330750277803968,0.11330750277803969,0.11330750277803964,0.11330750277803965,0.11330750277803964,0.11330750277803965,0.11330750277803966,0.11330750277803966,0.11330750277803969,0.11330750277803965,0.1133075027780397,0.11330750277803968,0.1133075027780397,0.11330750277803969,0.1133075027780397,0.11330750277803973,0.11330750277803969,0.1133075027780397,0.11330750277803969,0.11330750277803964,0.1133075027780397,0.11330750277803968,0.11330750277803966,0.1133075027780397,0.11330750277803966,0.11330750277803966,0.11330750277803965,0.11330750277803964,0.11330750277803964,0.11330750277803964,0.11330750277803968,0.11330750277803965,0.11330750277803965,0.11330750277803965,0.11330750277803966,0.11330750277803964,0.11330750277803965,0.11330750277803965,0.11330750277803964,0.11330750277803972,0.1133075027780397,0.11330750277803968,0.1133075027780397,0.11330750277803969,0.11330750277803965,0.11330750277803962,0.11330750277803965,0.11330750277803965,0.11330750277803964,0.11330750277803968,0.11330750277803964,0.11330750277803964,0.11330750277803965,0.11330750277803966,0.11330750277803965,0.11330750277803973,0.11330750277803965,0.11330750277803964,0.1133075027780397,0.11330750277803969,0.11330750277803962,0.11330750277803966,0.11330750277803965,0.11330750277803968,0.11330750277803968,0.11330750277803969,0.11330750277803965,0.11330750277803965,0.11330750277803966,0.11330750277803968,0.11330750277803968,0.11330750277803968,0.11330750277803969,0.11330750277803966,0.11330750277803968,0.11330750277803966,0.1133075027780397,0.11330750277803966,0.11330750277803964,0.11330750277803965,0.11330750277803965,0.11330750277803965,0.11330750277803965,0.11330750277803964,0.11330750277803965,0.11330750277803969,0.11330750277803965,0.11330750277803966,0.11330750277803969,0.11330750277803966,0.11330750277803966,0.11330750277803969,0.11330750277803965,0.11330750277803964,0.11330750277803964,0.11330750277803964,0.11330750277803966,0.11330750277803964,0.11330750277803968,0.11330750277803962,0.11330750277803965,0.11330750277803964,0.11330750277803965,0.11330750277803966,0.11330750277803968,0.11330750277803965,0.11330750277803966,0.11330750277803964,0.11330750277803965,0.11330750277803966,0.11330750277803965,0.11330750277803964,0.11330750277803965,0.11330750277803966,0.11330750277803965,0.11330750277803964,0.11330750277803966,0.11330750277803965,0.11330750277803966,0.11330750277803966,0.11330750277803973,0.1133075027780397,0.11330750277803966,0.11330750277803966,0.11330750277803975,0.1133075027780397,0.1133075027780397,0.11330750277803969,0.11330750277803972,0.11330750277803976,0.11330750277803965,0.11330750277803975,0.11330750277803968,0.1133075027780397,0.1133075027780397,0.11330750277803966,0.1133075027780397,0.11330750277803965,0.11330750277803966,0.11330750277803972,0.11330750277803965,0.11330750277803965,0.11330750277803965,0.11330750277803965,0.11330750277803962,0.11330750277803964,0.11330750277803964,0.11330750277803966,0.11330750277803965,0.11330750277803964,0.11330750277803965,0.11330750277803964,0.11330750277803965,0.11330750277803964,0.11330750277803964,0.11330750277803964,0.1133075027780397,0.11330750277803965,0.11330750277803964,0.11330750277803965,0.11330750277803964,0.11330750277803965,0.11330750277803966,0.11330750277803966,0.11330750277803972,0.11330750277803965,0.11330750277803964,0.11330750277803964,0.11330750277803966,0.11330750277803965,0.11330750277803965,0.11330750277803964,0.11330750277803966,0.11330750277803964,0.11330750277803965,0.11330750277803964,0.11330750277803966,0.11330750277803966,0.11330750277803968,0.11330750277803966,0.11330750277803966,0.11330750277803968,0.11330750277803964,0.11330750277803966,0.11330750277803966,0.11330750277803966,0.11330750277803968,0.1133075027780397,0.11330750277803962,0.11330750277803966,0.11330750277803968,0.11330750277803965,0.11330750277803968,0.11330750277803968,0.11330750277803966,0.11330750277803968,0.11330750277803965,0.1133075027780397,0.11330750277803968,0.11330750277803968,0.1133075027780397,0.11330750277803969,0.11330750277803969,0.11330750277803964,0.11330750277803965,0.11330750277803965,0.11330750277803962,0.11330750277803969,0.11330750277803965,0.11330750277803966,0.11330750277803965,0.11330750277803965,0.11330750277803962,0.11330750277803965,0.11330750277803966,0.11330750277803964,0.11330750277803964,0.11330750277803964,0.11330750277803965,0.11330750277803964,0.11330750277803964,0.11330750277803965,0.11330750277803966,0.11330750277803964,0.11330750277803964,0.11330750277803965,0.11330750277803965,0.11330750277803965,0.11330750277803964,0.11330750277803962,0.11330750277803964,0.11330750277803965,0.11330750277803964,0.11330750277803965,0.11330750277803964,0.11330750277803965,0.11330750277803965,0.11330750277803966,0.11330750277803965,0.11330750277803965,0.11330750277803966,0.11330750277803968,0.11330750277803968,0.11330750277803966,0.11330750277803966,0.11330750277803965,0.11330750277803966,0.11330750277803966,0.11330750277803968,0.11330750277803965,0.11330750277803965,0.11330750277803965,0.11330750277803966,0.11330750277803966,0.11330750277803969,0.11330750277803966,0.11330750277803965,0.11330750277803968,0.11330750277803968,0.11330750277803966,0.11330750277803968,0.11330750277803968,0.11330750277803965,0.11330750277803966,0.11330750277803968,0.11330750277803968,0.11330750277803965,0.11330750277803968,0.11330750277803972,0.11330750277803968,0.11330750277803964,0.11330750277803966,0.11330750277803968,0.11330750277803965,0.11330750277803966,0.11330750277803966,0.11330750277803969,0.11330750277803966,0.11330750277803966,0.11330750277803968,0.1133075027780397,0.11330750277803966,0.11330750277803965,0.11330750277803968,0.11330750277803969,0.11330750277803969,0.11330750277803968,0.11330750277803965,0.11330750277803966,0.11330750277803964,0.11330750277803965,0.1133075027780397,0.11330750277803968,0.11330750277803965,0.11330750277803966,0.11330750277803966,0.11330750277803969,0.11330750277803969,0.11330750277803964,0.11330750277803964,0.11330750277803965,0.11330750277803972,0.11330750277803968,0.11330750277803966,0.11330750277803968,0.11330750277803969,0.11330750277803968,0.11330750277803966,0.11330750277803966,0.11330750277803965,0.11330750277803966,0.11330750277803965,0.11330750277803968,0.11330750277803968,0.11330750277803965,0.11330750277803966,0.11330750277803965,0.11330750277803964,0.11330750277803965,0.11330750277803966,0.11330750277803965,0.11330750277803965,0.11330750277803966,0.11330750277803966,0.11330750277803969,0.11330750277803965,0.11330750277803966,0.11330750277803968,0.11330750277803966,0.11330750277803964,0.11330750277803968,0.11330750277803966,0.11330750277803966,0.11330750277803966,0.11330750277803973,0.11330750277803966,0.1133075027780397,0.11330750277803969,0.11330750277803964,0.11330750277803965,0.11330750277803965,0.11330750277803965,0.11330750277803965,0.11330750277803964,0.11330750277803965,0.11330750277803962,0.11330750277803964,0.11330750277803965,0.11330750277803964,0.11330750277803964,0.11330750277803964,0.11330750277803964,0.11330750277803962,0.11330750277803965,0.11330750277803966,0.11330750277803966,0.11330750277803966,0.11330750277803966,0.11330750277803966,0.11330750277803965,0.11330750277803968,0.11330750277803968,0.11330750277803966,0.11330750277803966,0.11330750277803968,0.11330750277803965,0.11330750277803968,0.11330750277803965,0.11330750277803968,0.11330750277803968,0.11330750277803965,0.11330750277803964,0.1133075027780397,0.11330750277803968,0.11330750277803968,0.11330750277803968,0.11330750277803968,0.11330750277803975,0.11330750277803972,0.1133075027780397,0.11330750277803969,0.1133075027780397,0.11330750277803966,0.11330750277803966,0.11330750277803964,0.11330750277803964,0.11330750277803964,0.11330750277803965,0.11330750277803965,0.11330750277803966,0.11330750277803965,0.11330750277803965,0.11330750277803961,0.11330750277803962,0.11330750277803966,0.11330750277803961,0.11330750277803965,0.11330750277803962,0.11330750277803965,0.11330750277803965,0.11330750277803966,0.11330750277803964,0.11330750277803966,0.11330750277803965,0.11330750277803965,0.11330750277803966,0.11330750277803968,0.1133075027780397,0.11330750277803966,0.11330750277803968,0.11330750277803964,0.11330750277803966,0.11330750277803969,0.1133075027780397,0.11330750277803969,0.11330750277803969,0.11330750277803968,0.11330750277803966,0.11330750277803966,0.11330750277803968,0.11330750277803968,0.11330750277803964,0.11330750277803966,0.11330750277803964,0.11330750277803964,0.11330750277803966,0.11330750277803964,0.11330750277803965,0.11330750277803965,0.11330750277803965,0.11330750277803965,0.11330750277803965,0.11330750277803965,0.11330750277803965,0.11330750277803964,0.1133075027780396,0.11330750277803961,0.11330750277803964,0.11330750277803962,0.11330750277803969,0.11330750277803968,0.11330750277803968,0.11330750277803968,0.11330750277803966,0.11330750277803966,0.11330750277803965,0.11330750277803966,0.11330750277803972,0.1133075027780397,0.11330750277803968,0.11330750277803969,0.11330750277803968,0.11330750277803969,0.11330750277803969,0.11330750277803968,0.11330750277803968,0.11330750277803968,0.11330750277803968,0.11330750277803969,0.11330750277803968,0.11330750277803968,0.11330750277803969,0.11330750277803968,0.11330750277803964,0.11330750277803964,0.11330750277803965,0.11330750277803964,0.11330750277803965,0.11330750277803964,0.11330750277803965,0.11330750277803966,0.11330750277803968,0.11330750277803968,0.11330750277803966,0.11330750277803969,0.11330750277803969,0.11330750277803969,0.11330750277803968,0.11330750277803975,0.11330750277803966,0.11330750277803969,0.11330750277803966,0.11330750277803965,0.11330750277803969,0.11330750277803965,0.11330750277803969,0.11330750277803965,0.11330750277803965,0.11330750277803964,0.11330750277803964,0.11330750277803966,0.11330750277803964,0.11330750277803964,0.11330750277803965,0.11330750277803965,0.11330750277803965,0.11330750277803965,0.11330750277803965,0.11330750277803962,0.11330750277803969,0.11330750277803966,0.11330750277803968,0.1133075027780397,0.11330750277803958,0.11330750277803965,0.1133075027780396,0.11330750277803961,0.11330750277803961,0.11330750277803962,0.11330750277803966,0.11330750277803957,0.11330750277803964,0.11330750277803962,0.11330750277803962,0.1133075027780396,0.1133075027780397,0.11330750277803962,0.11330750277803965,0.11330750277803965,0.1133075027780396,0.11330750277803962,0.11330750277803965,0.11330750277803968,0.11330750277803966,0.11330750277803966,0.11330750277803968,0.11330750277803968,0.11330750277803962,0.11330750277803964,0.11330750277803965,0.11330750277803964,0.11330750277803965,0.11330750277803964,0.11330750277803965,0.11330750277803964,0.11330750277803965,0.11330750277803965,0.11330750277803964,0.11330750277803965,0.11330750277803964,0.11330750277803966,0.11330750277803965,0.11330750277803965,0.11330750277803965,0.11330750277803965,0.11330750277803964,0.11330750277803964,0.11330750277803965,0.11330750277803964,0.11330750277803966,0.11330750277803965,0.11330750277803965,0.11330750277803965,0.11330750277803965,0.11330750277803969,0.11330750277803962,0.11330750277803964,0.11330750277803964,0.11330750277803966,0.11330750277803964,0.11330750277803964,0.11330750277803965,0.11330750277803965,0.11330750277803966,0.11330750277803966,0.11330750277803964,0.11330750277803965,0.11330750277803964,0.11330750277803964,0.11330750277803966,0.1133075027780396,0.11330750277803954,0.11330750277803954,0.11330750277803957,0.11330750277803961,0.11330750277803957,0.11330750277803964,0.11330750277803965,0.11330750277803964,0.11330750277803964,0.1133075027780396,0.11330750277803958,0.11330750277803964,0.1133075027780396,0.11330750277803955,0.11330750277803964,0.11330750277803961,0.11330750277803961,0.11330750277803962,0.11330750277803965,0.1133075027780396,0.11330750277803962,0.11330750277803961,0.1133075027780396,0.11330750277803961,0.11330750277803962,0.11330750277803962,0.11330750277803964,0.11330750277803955,0.11330750277803955,0.11330750277803958,0.1133075027780396,0.11330750277803961,0.11330750277803957,0.11330750277803964,0.11330750277803964,0.11330750277803957,0.11330750277803953,0.11330750277803955,0.11330750277803954,0.11330750277803958,0.11330750277803961,0.11330750277803957,0.11330750277803958,0.11330750277803957,0.11330750277803961,0.11330750277803962,0.11330750277803961,0.1133075027780396,0.1133075027780396,0.11330750277803958,0.11330750277803964,0.1133075027780396,0.11330750277803962,0.11330750277803961,0.11330750277803958,0.1133075027780396,0.11330750277803961,0.1133075027780396,0.11330750277803962,0.11330750277803958,0.1133075027780396,0.11330750277803958,0.1133075027780396,0.11330750277803962,0.11330750277803961,0.1133075027780396,0.11330750277803962,0.11330750277803962,0.11330750277803957,0.11330750277803962,0.11330750277803958,0.11330750277803961,0.11330750277803961,0.1133075027780396,0.1133075027780396,0.11330750277803958,0.11330750277803958,0.11330750277803958,0.11330750277803958,0.11330750277803955,0.11330750277803947,0.11330750277803954,0.11330750277803954,0.1133075027780395,0.11330750277803948,0.11330750277803947,0.11330750277803957,0.11330750277803951,0.11330750277803957,0.11330750277803951,0.1133075027780395,0.11330750277803951,0.1133075027780395,0.1133075027780395,0.11330750277803948,0.1133075027780395,0.1133075027780395,0.11330750277803953,0.11330750277803951,0.1133075027780395,0.11330750277803951,0.11330750277803951,0.11330750277803954,0.11330750277803955,0.11330750277803951,0.11330750277803953,0.11330750277803951,0.1133075027780395,0.11330750277803954,0.11330750277803953,0.11330750277803948,0.11330750277803948,0.11330750277803948,0.11330750277803957,0.11330750277803954,0.11330750277803954,0.11330750277803953,0.11330750277803955,0.11330750277803954,0.11330750277803954,0.11330750277803955,0.11330750277803955,0.1133075027780395,0.11330750277803955,0.11330750277803955,0.11330750277803954,0.11330750277803955,0.11330750277803954,0.11330750277803957,0.11330750277803954,0.11330750277803954,0.11330750277803957,0.11330750277803957,0.11330750277803954,0.11330750277803953,0.11330750277803958,0.11330750277803957,0.11330750277803953,0.11330750277803955,0.11330750277803948,0.11330750277803953,0.11330750277803957,0.11330750277803957,0.11330750277803957,0.11330750277803955,0.11330750277803957,0.11330750277803957,0.11330750277803957,0.11330750277803955,0.11330750277803954,0.11330750277803955,0.11330750277803951,0.11330750277803953,0.11330750277803955,0.11330750277803953,0.11330750277803954,0.11330750277803954,0.11330750277803955,0.11330750277803953,0.11330750277803951,0.1133075027780395,0.11330750277803955,0.11330750277803955,0.11330750277803954,0.11330750277803953,0.11330750277803948,0.11330750277803948,0.11330750277803947,0.11330750277803948,0.11330750277803947,0.11330750277803948,0.11330750277803948,0.1133075027780395,0.1133075027780395,0.11330750277803948,0.11330750277803951,0.11330750277803954,0.11330750277803957,0.11330750277803951,0.1133075027780395,0.11330750277803953,0.1133075027780395,0.11330750277803955,0.11330750277803951,0.1133075027780395,0.11330750277803951,0.11330750277803951,0.1133075027780395,0.11330750277803951,0.1133075027780395,0.11330750277803951,0.11330750277803947,0.1133075027780395,0.11330750277803946,0.1133075027780395,0.1133075027780395,0.11330750277803951,0.11330750277803954,0.11330750277803954,0.11330750277803953,0.11330750277803953,0.11330750277803953,0.1133075027780395,0.11330750277803948,0.1133075027780395,0.11330750277803948,0.11330750277803948,0.11330750277803947,0.11330750277803951,0.1133075027780395,0.1133075027780395,0.11330750277803948,0.11330750277803948,0.1133075027780395,0.11330750277803948,0.11330750277803948,0.11330750277803951,0.11330750277803947,0.11330750277803948,0.11330750277803951,0.11330750277803953,0.11330750277803951,0.11330750277803953,0.11330750277803954,0.11330750277803948,0.11330750277803948,0.11330750277803946,0.11330750277803948,0.11330750277803948,0.1133075027780395,0.1133075027780395,0.11330750277803947,0.11330750277803947,0.1133075027780395,0.11330750277803951,0.11330750277803951,0.11330750277803946,0.11330750277803951,0.1133075027780395,0.11330750277803951,0.1133075027780395,0.11330750277803948,0.1133075027780395,0.11330750277803947,0.11330750277803948,0.11330750277803948,0.11330750277803957,0.11330750277803946,0.11330750277803954,0.11330750277803954,0.11330750277803957,0.1133075027780395,0.11330750277803948,0.11330750277803948,0.11330750277803947,0.11330750277803948,0.1133075027780395,0.11330750277803948,0.11330750277803948,0.11330750277803947,0.11330750277803948,0.11330750277803951,0.1133075027780395,0.1133075027780395,0.1133075027780395,0.11330750277803947,0.11330750277803948,0.11330750277803948,0.11330750277803948,0.11330750277803947,0.11330750277803948,0.11330750277803953,0.11330750277803951,0.11330750277803953,0.1133075027780395,0.11330750277803951,0.1133075027780395,0.11330750277803953,0.1133075027780395,0.11330750277803951,0.11330750277803953,0.11330750277803951,0.11330750277803951,0.1133075027780395,0.11330750277803951,0.11330750277803951,0.11330750277803951,0.11330750277803951,0.1133075027780395,0.11330750277803951,0.11330750277803957,0.11330750277803947,0.11330750277803948,0.11330750277803948,0.11330750277803947,0.11330750277803948,0.11330750277803946,0.11330750277803947,0.1133075027780395,0.11330750277803944,0.1133075027780395,0.11330750277803946,0.11330750277803948,0.11330750277803946,0.11330750277803948,0.11330750277803946,0.1133075027780395,0.11330750277803948,0.11330750277803947,0.11330750277803946,0.1133075027780395,0.11330750277803951,0.11330750277803946,0.11330750277803946,0.11330750277803951,0.11330750277803953,0.1133075027780395,0.11330750277803951,0.11330750277803948,0.11330750277803954,0.1133075027780395,0.1133075027780395,0.11330750277803953,0.11330750277803951,0.11330750277803953,0.11330750277803953,0.11330750277803954,0.11330750277803953,0.11330750277803951,0.11330750277803951,0.1133075027780395,0.11330750277803951,0.11330750277803953,0.11330750277803955,0.11330750277803955,0.11330750277803954,0.11330750277803955,0.11330750277803954,0.11330750277803954,0.11330750277803957,0.11330750277803953,0.11330750277803953,0.11330750277803954,0.11330750277803953,0.11330750277803951,0.11330750277803953,0.11330750277803955,0.11330750277803955,0.1133075027780395,0.11330750277803957,0.11330750277803954,0.11330750277803953,0.11330750277803954,0.11330750277803951,0.11330750277803954,0.11330750277803957,0.11330750277803955,0.11330750277803954,0.1133075027780395,0.11330750277803954,0.11330750277803948,0.11330750277803955,0.11330750277803954,0.11330750277803954,0.11330750277803955,0.11330750277803951,0.11330750277803954,0.11330750277803948,0.11330750277803948,0.11330750277803948,0.1133075027780395,0.1133075027780395,0.11330750277803948,0.11330750277803948,0.11330750277803951,0.11330750277803947,0.11330750277803955,0.1133075027780395,0.11330750277803948,0.11330750277803947,0.11330750277803948,0.1133075027780395,0.11330750277803946,0.1133075027780395,0.11330750277803948,0.11330750277803948,0.11330750277803951,0.11330750277803951,0.11330750277803947,0.11330750277803947,0.11330750277803948,0.11330750277803947,0.11330750277803946,0.1133075027780395,0.1133075027780395,0.11330750277803947,0.1133075027780395,0.1133075027780395,0.11330750277803948,0.11330750277803948,0.1133075027780395,0.11330750277803947,0.1133075027780395,0.11330750277803944,0.11330750277803948,0.11330750277803944,0.11330750277803944,0.11330750277803944,0.11330750277803946,0.11330750277803947,0.11330750277803947,0.11330750277803947,0.11330750277803947,0.11330750277803948,0.11330750277803944,0.11330750277803953,0.11330750277803951,0.1133075027780395,0.11330750277803951,0.11330750277803953,0.11330750277803951,0.11330750277803953,0.11330750277803954,0.11330750277803948,0.1133075027780395,0.11330750277803948,0.11330750277803947,0.11330750277803947,0.11330750277803948,0.11330750277803946,0.11330750277803946,0.11330750277803951,0.11330750277803947,0.11330750277803955,0.11330750277803954,0.11330750277803953,0.11330750277803947,0.11330750277803957,0.11330750277803954,0.1133075027780395,0.11330750277803953,0.11330750277803954,0.11330750277803951,0.11330750277803953,0.11330750277803951,0.11330750277803951,0.11330750277803951,0.11330750277803951,0.1133075027780395,0.11330750277803954,0.11330750277803948,0.11330750277803955,0.11330750277803954,0.11330750277803951,0.1133075027780395,0.11330750277803947,0.1133075027780395,0.11330750277803948,0.1133075027780395,0.1133075027780395,0.11330750277803947,0.11330750277803946,0.11330750277803944,0.11330750277803947,0.1133075027780395,0.11330750277803946,0.1133075027780395,0.11330750277803951,0.11330750277803951,0.11330750277803951,0.11330750277803951,0.11330750277803948,0.11330750277803951,0.11330750277803953,0.11330750277803953,0.11330750277803947,0.11330750277803948,0.11330750277803947,0.11330750277803948,0.11330750277803948,0.11330750277803947,0.11330750277803951,0.11330750277803946,0.11330750277803948,0.1133075027780395,0.1133075027780395,0.11330750277803951,0.11330750277803953,0.1133075027780395,0.1133075027780395,0.11330750277803951,0.11330750277803953,0.11330750277803946,0.11330750277803951,0.11330750277803953,0.11330750277803951,0.11330750277803951,0.11330750277803954,0.11330750277803948,0.11330750277803947,0.11330750277803947,0.1133075027780395,0.11330750277803948,0.1133075027780395,0.11330750277803948,0.1133075027780395,0.11330750277803948,0.1133075027780395,0.11330750277803947,0.11330750277803951,0.11330750277803951,0.11330750277803951,0.11330750277803951,0.11330750277803951,0.11330750277803948,0.1133075027780395,0.1133075027780395,0.11330750277803951,0.11330750277803954,0.11330750277803954,0.11330750277803948,0.11330750277803948,0.1133075027780395,0.1133075027780395,0.11330750277803948,0.11330750277803946,0.11330750277803951,0.1133075027780395,0.1133075027780395,0.11330750277803954,0.11330750277803948,0.1133075027780395,0.1133075027780395,0.1133075027780395,0.1133075027780395,0.11330750277803948,0.11330750277803946,0.11330750277803947,0.11330750277803948,0.11330750277803946,0.11330750277803947,0.11330750277803951,0.11330750277803954,0.11330750277803955,0.11330750277803955,0.11330750277803948,0.11330750277803947,0.11330750277803948,0.11330750277803948,0.11330750277803948,0.11330750277803955,0.1133075027780395,0.1133075027780395,0.11330750277803948,0.11330750277803947,0.11330750277803948,0.11330750277803955,0.11330750277803953,0.1133075027780395,0.1133075027780395,0.11330750277803947,0.1133075027780395,0.11330750277803948,0.11330750277803948,0.11330750277803947,0.11330750277803947,0.11330750277803948,0.11330750277803948,0.1133075027780395,0.11330750277803948,0.11330750277803947,0.11330750277803951,0.11330750277803951,0.11330750277803948,0.1133075027780395,0.11330750277803951,0.11330750277803951,0.1133075027780395,0.11330750277803951,0.11330750277803951,0.11330750277803951,0.1133075027780395,0.11330750277803953,0.11330750277803953,0.1133075027780395,0.11330750277803948,0.11330750277803944,0.11330750277803953,0.11330750277803954,0.11330750277803948,0.11330750277803948,0.11330750277803947,0.11330750277803948,0.11330750277803948,0.11330750277803955,0.1133075027780395,0.11330750277803948,0.11330750277803948,0.11330750277803947,0.11330750277803947,0.1133075027780395,0.11330750277803948,0.11330750277803947,0.11330750277803946,0.11330750277803953,0.11330750277803951,0.11330750277803954,0.11330750277803947,0.11330750277803947,0.11330750277803948,0.1133075027780395,0.11330750277803946,0.1133075027780395,0.11330750277803951,0.11330750277803953,0.11330750277803951,0.11330750277803953,0.11330750277803955,0.11330750277803954,0.1133075027780395,0.11330750277803948,0.11330750277803948,0.1133075027780395,0.1133075027780395,0.1133075027780395,0.1133075027780395,0.11330750277803947,0.11330750277803947,0.11330750277803946,0.11330750277803946,0.11330750277803946,0.11330750277803948,0.11330750277803948,0.11330750277803948,0.11330750277803946,0.11330750277803947,0.11330750277803944,0.11330750277803951,0.1133075027780395,0.11330750277803954,0.11330750277803948,0.1133075027780395,0.1133075027780395,0.11330750277803946,0.11330750277803953,0.1133075027780395,0.11330750277803951,0.11330750277803951,0.11330750277803953,0.11330750277803954,0.11330750277803951,0.11330750277803951,0.11330750277803948,0.11330750277803955,0.11330750277803954,0.11330750277803951,0.11330750277803953,0.11330750277803954,0.11330750277803948,0.11330750277803947,0.11330750277803953,0.11330750277803953,0.11330750277803954,0.11330750277803953,0.11330750277803951,0.11330750277803953,0.11330750277803954,0.11330750277803947,0.11330750277803957,0.11330750277803948,0.1133075027780395,0.11330750277803948,0.1133075027780395,0.11330750277803948,0.1133075027780395,0.11330750277803947,0.1133075027780395,0.11330750277803946,0.11330750277803951,0.11330750277803951,0.11330750277803951,0.11330750277803951,0.11330750277803955,0.11330750277803947,0.11330750277803948,0.1133075027780395,0.11330750277803948,0.11330750277803948,0.11330750277803946,0.11330750277803947,0.11330750277803948,0.11330750277803946,0.1133075027780395,0.1133075027780395,0.11330750277803948,0.11330750277803948,0.11330750277803946,0.11330750277803951,0.11330750277803951,0.11330750277803951,0.1133075027780395,0.11330750277803954,0.11330750277803947,0.1133075027780395,0.11330750277803947,0.11330750277803947,0.11330750277803946,0.11330750277803948,0.11330750277803947,0.11330750277803947,0.11330750277803947,0.11330750277803948,0.11330750277803947,0.11330750277803951,0.11330750277803951,0.11330750277803954,0.1133075027780395,0.11330750277803953,0.11330750277803955,0.11330750277803953,0.11330750277803954,0.11330750277803948,0.1133075027780395,0.11330750277803948,0.11330750277803957,0.11330750277803954,0.1133075027780395,0.11330750277803948,0.11330750277803948,0.11330750277803947,0.11330750277803954,0.1133075027780395,0.11330750277803948,0.11330750277803951,0.11330750277803948,0.11330750277803944,0.11330750277803942,0.11330750277803947,0.11330750277803946,0.1133075027780395,0.11330750277803954,0.11330750277803948,0.11330750277803948,0.11330750277803947,0.11330750277803948,0.11330750277803946,0.11330750277803946,0.11330750277803947,0.11330750277803948,0.11330750277803948,0.11330750277803946,0.11330750277803948,0.11330750277803948,0.11330750277803948,0.11330750277803947,0.1133075027780395,0.1133075027780395,0.1133075027780395,0.11330750277803946,0.1133075027780395,0.1133075027780395,0.1133075027780395,0.11330750277803948,0.11330750277803948,0.11330750277803948,0.11330750277803948,0.1133075027780395,0.11330750277803946,0.11330750277803948,0.11330750277803948,0.11330750277803948,0.11330750277803948,0.11330750277803947,0.11330750277803948,0.11330750277803948,0.11330750277803948,0.11330750277803948,0.11330750277803951,0.11330750277803951,0.1133075027780395,0.1133075027780395,0.11330750277803951,0.11330750277803953,0.11330750277803953,0.1133075027780395,0.1133075027780395,0.1133075027780395,0.11330750277803947,0.11330750277803948,0.1133075027780395,0.11330750277803948,0.1133075027780395,0.11330750277803946,0.11330750277803947,0.11330750277803946,0.11330750277803947,0.11330750277803951,0.1133075027780395,0.1133075027780395,0.11330750277803954,0.11330750277803947,0.11330750277803955,0.11330750277803954,0.11330750277803953,0.1133075027780395,0.11330750277803951,0.1133075027780395,0.11330750277803951,0.11330750277803955,0.11330750277803954,0.11330750277803954,0.11330750277803955,0.11330750277803954,0.11330750277803947,0.11330750277803948,0.11330750277803948,0.11330750277803946,0.11330750277803948,0.11330750277803946,0.1133075027780395,0.11330750277803946,0.1133075027780395,0.11330750277803951,0.11330750277803947,0.11330750277803947,0.11330750277803948,0.11330750277803954,0.1133075027780395,0.1133075027780395,0.11330750277803954,0.11330750277803947,0.11330750277803947,0.11330750277803951,0.1133075027780395,0.11330750277803953,0.11330750277803951,0.1133075027780395,0.11330750277803951,0.11330750277803948,0.11330750277803953,0.11330750277803958,0.11330750277803951,0.1133075027780395,0.11330750277803951,0.11330750277803951,0.1133075027780395,0.11330750277803951,0.11330750277803951,0.1133075027780395,0.1133075027780395,0.11330750277803954,0.11330750277803951,0.1133075027780395,0.11330750277803951,0.11330750277803951,0.11330750277803954,0.1133075027780395,0.11330750277803951,0.11330750277803951,0.11330750277803951,0.11330750277803955,0.11330750277803947,0.1133075027780395,0.1133075027780395,0.11330750277803947,0.11330750277803946,0.11330750277803948,0.11330750277803946,0.11330750277803947,0.11330750277803948,0.11330750277803948,0.11330750277803948,0.11330750277803947,0.1133075027780395,0.11330750277803948,0.11330750277803948,0.11330750277803948,0.11330750277803946,0.11330750277803946,0.11330750277803946,0.1133075027780395,0.11330750277803947,0.11330750277803947,0.11330750277803947,0.11330750277803948,0.11330750277803948,0.11330750277803947,0.11330750277803947,0.1133075027780395,0.11330750277803948,0.11330750277803947,0.11330750277803948,0.11330750277803948,0.11330750277803947,0.11330750277803946,0.11330750277803947,0.11330750277803948,0.11330750277803948,0.11330750277803948,0.11330750277803947,0.11330750277803946,0.11330750277803953,0.11330750277803947,0.11330750277803947,0.11330750277803947,0.11330750277803946,0.11330750277803947,0.11330750277803946,0.11330750277803946,0.11330750277803947,0.11330750277803947,0.11330750277803946,0.11330750277803948,0.11330750277803947,0.11330750277803947,0.11330750277803946,0.11330750277803947,0.1133075027780395,0.11330750277803946,0.11330750277803947,0.11330750277803946,0.11330750277803947,0.11330750277803947,0.11330750277803948,0.11330750277803946,0.1133075027780395,0.11330750277803946,0.11330750277803947,0.11330750277803946,0.11330750277803948,0.1133075027780395,0.11330750277803948,0.11330750277803947,0.11330750277803948,0.1133075027780395,0.11330750277803947,0.11330750277803957,0.1133075027780395,0.11330750277803947,0.11330750277803948,0.11330750277803948,0.11330750277803948,0.11330750277803947,0.11330750277803947,0.11330750277803948,0.1133075027780395,0.11330750277803948,0.11330750277803946,0.11330750277803947,0.11330750277803947,0.11330750277803944,0.11330750277803946,0.11330750277803943,0.1133075027780395,0.11330750277803944,0.11330750277803944,0.11330750277803947,0.11330750277803947,0.11330750277803946,0.11330750277803947,0.11330750277803947,0.11330750277803947,0.11330750277803946,0.11330750277803951,0.11330750277803951,0.11330750277803951,0.11330750277803951,0.1133075027780395,0.1133075027780395,0.11330750277803948,0.11330750277803953,0.11330750277803948,0.11330750277803948,0.11330750277803947,0.11330750277803944,0.11330750277803953,0.11330750277803951,0.11330750277803953,0.1133075027780395,0.1133075027780395,0.11330750277803951,0.11330750277803951,0.11330750277803954,0.11330750277803951,0.11330750277803951,0.11330750277803953,0.11330750277803953,0.11330750277803951,0.1133075027780395,0.11330750277803951,0.11330750277803953,0.11330750277803951,0.11330750277803953,0.11330750277803954,0.11330750277803953,0.11330750277803954,0.11330750277803953,0.11330750277803954,0.11330750277803953,0.1133075027780395,0.11330750277803948,0.1133075027780395,0.11330750277803953,0.11330750277803951,0.11330750277803951,0.11330750277803951,0.11330750277803953,0.11330750277803951,0.11330750277803953,0.11330750277803948,0.11330750277803953,0.1133075027780395,0.11330750277803953,0.11330750277803951,0.11330750277803951,0.11330750277803954,0.1133075027780395,0.1133075027780395,0.11330750277803948,0.1133075027780395,0.11330750277803948,0.11330750277803943,0.11330750277803948,0.11330750277803948,0.11330750277803947,0.11330750277803947,0.11330750277803948,0.11330750277803948,0.11330750277803948,0.11330750277803947,0.11330750277803946,0.11330750277803944,0.11330750277803947,0.11330750277803953,0.11330750277803948,0.11330750277803947,0.11330750277803947,0.11330750277803951,0.11330750277803946,0.11330750277803944,0.11330750277803954,0.11330750277803947,0.11330750277803948,0.11330750277803948,0.11330750277803948,0.11330750277803946,0.11330750277803947,0.1133075027780395,0.1133075027780395,0.11330750277803948,0.11330750277803951,0.11330750277803946,0.11330750277803946,0.11330750277803946,0.11330750277803947,0.11330750277803946,0.11330750277803946,0.11330750277803946,0.11330750277803947,0.11330750277803946,0.11330750277803947,0.11330750277803947,0.11330750277803944,0.11330750277803947,0.11330750277803946,0.11330750277803947,0.1133075027780395,0.1133075027780395,0.11330750277803948,0.11330750277803943,0.11330750277803943,0.11330750277803951,0.1133075027780395,0.11330750277803953,0.1133075027780395,0.11330750277803951,0.11330750277803951,0.11330750277803953,0.11330750277803951,0.11330750277803955,0.11330750277803953,0.11330750277803951,0.1133075027780395,0.11330750277803955,0.11330750277803955,0.11330750277803953,0.11330750277803955,0.11330750277803954,0.11330750277803953,0.11330750277803954,0.11330750277803953,0.11330750277803953,0.11330750277803951,0.11330750277803954,0.11330750277803953,0.11330750277803954,0.11330750277803955,0.11330750277803953,0.11330750277803954,0.11330750277803948,0.11330750277803948,0.11330750277803957,0.11330750277803957,0.11330750277803947,0.11330750277803948,0.11330750277803948,0.11330750277803948,0.11330750277803948,0.11330750277803948,0.11330750277803951,0.11330750277803948,0.11330750277803948,0.11330750277803948,0.11330750277803954,0.11330750277803944,0.11330750277803947,0.1133075027780395,0.11330750277803948,0.1133075027780395,0.11330750277803946,0.11330750277803954,0.11330750277803947,0.1133075027780395,0.1133075027780395,0.11330750277803948,0.1133075027780395,0.11330750277803948,0.11330750277803946,0.11330750277803948,0.11330750277803947,0.11330750277803948,0.11330750277803947,0.11330750277803953,0.11330750277803948,0.11330750277803948,0.11330750277803948,0.1133075027780395,0.11330750277803948,0.11330750277803947,0.11330750277803948,0.11330750277803948,0.11330750277803953,0.11330750277803948,0.11330750277803946,0.11330750277803946,0.11330750277803947,0.11330750277803947,0.11330750277803947,0.11330750277803947,0.11330750277803947,0.11330750277803947,0.11330750277803944,0.11330750277803947,0.11330750277803946,0.11330750277803946,0.11330750277803946,0.11330750277803948,0.11330750277803947,0.1133075027780395,0.11330750277803951,0.11330750277803953,0.11330750277803951,0.11330750277803954,0.1133075027780395,0.11330750277803948,0.11330750277803948,0.11330750277803947,0.1133075027780395,0.11330750277803948,0.11330750277803948,0.11330750277803948,0.11330750277803948,0.1133075027780395,0.1133075027780395,0.1133075027780395,0.11330750277803948,0.11330750277803947,0.11330750277803947,0.11330750277803948,0.11330750277803947,0.11330750277803947,0.11330750277803947,0.11330750277803951,0.11330750277803951,0.11330750277803951,0.11330750277803951,0.1133075027780395,0.1133075027780395,0.1133075027780395,0.1133075027780395,0.11330750277803953,0.1133075027780395,0.11330750277803953,0.11330750277803948,0.1133075027780395,0.11330750277803948,0.11330750277803954,0.11330750277803948,0.11330750277803948,0.11330750277803948,0.11330750277803948,0.11330750277803948,0.11330750277803946,0.1133075027780395,0.11330750277803948,0.11330750277803946,0.11330750277803946,0.11330750277803947,0.11330750277803948,0.11330750277803947,0.11330750277803946,0.11330750277803955,0.11330750277803948,0.11330750277803951,0.11330750277803951,0.11330750277803953,0.11330750277803951,0.11330750277803951,0.11330750277803951,0.11330750277803951,0.1133075027780395,0.11330750277803953,0.11330750277803951,0.11330750277803951,0.11330750277803953,0.11330750277803948,0.11330750277803953,0.11330750277803951,0.1133075027780395,0.11330750277803954,0.11330750277803957,0.11330750277803947,0.11330750277803948,0.1133075027780395,0.1133075027780395,0.11330750277803946,0.11330750277803954,0.11330750277803954,0.11330750277803954,0.11330750277803946,0.11330750277803954,0.11330750277803946,0.11330750277803951,0.11330750277803953,0.11330750277803951,0.11330750277803953,0.1133075027780395,0.11330750277803953,0.1133075027780395,0.11330750277803948,0.1133075027780395,0.11330750277803948,0.11330750277803947,0.11330750277803944,0.11330750277803946,0.11330750277803947,0.11330750277803947,0.11330750277803948,0.1133075027780395,0.11330750277803947,0.11330750277803946,0.11330750277803953,0.11330750277803951,0.11330750277803951,0.11330750277803948,0.11330750277803953,0.11330750277803951,0.11330750277803951,0.11330750277803951,0.11330750277803953,0.11330750277803948,0.11330750277803951,0.11330750277803954,0.11330750277803955,0.11330750277803948,0.1133075027780395,0.1133075027780395,0.11330750277803948,0.11330750277803948,0.1133075027780395,0.11330750277803947,0.11330750277803948,0.11330750277803946,0.11330750277803947,0.11330750277803946,0.11330750277803946,0.11330750277803947,0.11330750277803953,0.11330750277803951,0.11330750277803953,0.11330750277803951,0.11330750277803951,0.11330750277803954,0.11330750277803947,0.11330750277803951,0.11330750277803954,0.11330750277803951,0.1133075027780395,0.1133075027780395,0.11330750277803951,0.11330750277803951,0.11330750277803951,0.11330750277803953,0.11330750277803951,0.11330750277803955,0.11330750277803957,0.11330750277803948,0.11330750277803953,0.11330750277803953,0.11330750277803954,0.11330750277803953,0.11330750277803955,0.11330750277803953,0.11330750277803953,0.11330750277803951,0.11330750277803951,0.11330750277803951,0.11330750277803951,0.11330750277803951,0.1133075027780395,0.1133075027780395,0.11330750277803954,0.1133075027780395,0.11330750277803948,0.11330750277803948,0.1133075027780395,0.11330750277803947,0.11330750277803946,0.1133075027780395,0.11330750277803951,0.11330750277803951,0.1133075027780395,0.11330750277803951,0.11330750277803951,0.1133075027780395,0.11330750277803951,0.11330750277803954,0.11330750277803947,0.11330750277803951,0.11330750277803951,0.11330750277803953,0.1133075027780395,0.11330750277803951,0.1133075027780395,0.11330750277803951,0.11330750277803951,0.1133075027780395,0.11330750277803951,0.11330750277803951,0.11330750277803951,0.11330750277803951,0.11330750277803953,0.11330750277803955,0.11330750277803953,0.1133075027780395,0.11330750277803953,0.11330750277803954,0.11330750277803954,0.11330750277803953,0.11330750277803954,0.11330750277803954,0.11330750277803953,0.11330750277803953,0.11330750277803951,0.11330750277803953,0.1133075027780395,0.11330750277803951,0.11330750277803954,0.11330750277803954,0.11330750277803957,0.11330750277803955,0.11330750277803953,0.11330750277803953,0.11330750277803955,0.11330750277803953,0.1133075027780395,0.1133075027780395,0.1133075027780395,0.1133075027780395,0.11330750277803948,0.11330750277803947,0.11330750277803948,0.1133075027780395,0.11330750277803947,0.1133075027780395,0.1133075027780395,0.11330750277803953,0.11330750277803954,0.11330750277803957,0.1133075027780395,0.11330750277803947,0.11330750277803948,0.11330750277803947,0.11330750277803947,0.11330750277803948,0.11330750277803946,0.11330750277803947,0.11330750277803946,0.11330750277803947,0.11330750277803946,0.11330750277803951,0.11330750277803951,0.11330750277803951,0.1133075027780395,0.11330750277803953,0.1133075027780395,0.11330750277803951,0.11330750277803946,0.11330750277803951,0.11330750277803953,0.11330750277803951,0.1133075027780395,0.11330750277803951,0.11330750277803951,0.11330750277803951,0.11330750277803951,0.11330750277803951,0.11330750277803953,0.11330750277803955,0.11330750277803955,0.11330750277803951,0.11330750277803951,0.11330750277803951,0.11330750277803948,0.11330750277803954,0.11330750277803957,0.11330750277803954,0.11330750277803954,0.11330750277803946,0.11330750277803953,0.11330750277803946,0.11330750277803948,0.11330750277803948,0.11330750277803948,0.11330750277803948,0.11330750277803946,0.11330750277803948,0.1133075027780395,0.11330750277803953,0.11330750277803953,0.11330750277803953,0.11330750277803953,0.11330750277803946,0.11330750277803943,0.1133075027780394,0.11330750277803943,0.11330750277803944,0.11330750277803944,0.11330750277803947,0.11330750277803947,0.11330750277803939,0.11330750277803944,0.1133075027780395,0.11330750277803943,0.11330750277803939,0.11330750277803937,0.1133075027780394,0.1133075027780394,0.11330750277803939,0.11330750277803939,0.11330750277803937,0.11330750277803943,0.11330750277803942,0.11330750277803937,0.1133075027780394,0.11330750277803943,0.11330750277803935,0.11330750277803939,0.1133075027780394,0.1133075027780394,0.11330750277803936,0.11330750277803937,0.11330750277803944,0.1133075027780394,0.11330750277803937,0.11330750277803942,0.11330750277803937,0.11330750277803939,0.11330750277803939,0.11330750277803937,0.11330750277803943,0.11330750277803937,0.11330750277803942,0.11330750277803937,0.11330750277803937,0.11330750277803935,0.11330750277803937,0.1133075027780394,0.11330750277803939,0.11330750277803944,0.11330750277803939,0.11330750277803944,0.11330750277803937,0.11330750277803943,0.1133075027780394,0.11330750277803936,0.11330750277803939,0.11330750277803939,0.11330750277803946,0.11330750277803939,0.1133075027780394,0.11330750277803942,0.11330750277803942,0.11330750277803943,0.11330750277803942,0.11330750277803939,0.11330750277803944,0.11330750277803943,0.11330750277803946,0.11330750277803943,0.11330750277803944,0.11330750277803946,0.1133075027780394,0.11330750277803942,0.11330750277803947,0.11330750277803944,0.1133075027780394,0.11330750277803944,0.11330750277803942,0.11330750277803943,0.11330750277803943,0.11330750277803942,0.11330750277803944,0.11330750277803942,0.11330750277803942,0.11330750277803943,0.11330750277803937,0.11330750277803946,0.11330750277803947,0.11330750277803946,0.11330750277803946,0.11330750277803946,0.11330750277803946,0.11330750277803948,0.1133075027780395,0.11330750277803944,0.11330750277803944,0.11330750277803943,0.11330750277803946
1,0.0,0.0,0.0,0.0,0.0,0.0,0.0,0.0,0.0,0.0,0.0,0.0,0.0,0.0,0.0,0.0,0.0,0.0,0.0,0.0,0.0,0.0,0.0,0.0,0.0,0.0,0.0,0.0,0.0,0.0,0.0,0.0,0.0,0.0,0.0,0.0,0.0,0.0,0.0,0.0,0.0,0.0,0.0,0.0,0.0,0.0,0.0,0.0,0.0,0.0,0.0,0.0,0.0,0.0,0.0,0.0,0.0,0.0,0.0,0.0,0.0,0.0,0.0,0.0,0.0,0.0,0.0,0.0,0.0,0.0,0.0,0.0,0.0,0.0,0.0,0.0,0.0,0.0,0.0,0.0,0.0,0.0,0.0,0.0,0.0,0.0,0.0,0.0,0.0,0.0,0.0,0.0,0.0,0.0,0.0,0.0,0.0,0.0,0.0,0.0,0.0,0.0,0.0,0.0,0.0,0.0,0.0,0.0,0.0,0.0,0.0,0.0,0.0,0.0,0.0,0.0,0.0,0.0,0.0,0.0,0.0,0.0,0.0,0.0,0.0,0.0,0.0,0.0,0.0,0.0,0.0,0.0,0.0,0.0,0.0,0.0,0.0,0.0,0.0,0.0,0.0,0.0,0.0,0.0,0.0,0.0,0.0,0.0,0.0,0.0,0.0,0.0,0.0,0.0,0.0,0.0,0.0,0.0,0.0,0.0,0.0,0.0,0.0,0.0,0.0,0.0,0.0,0.0,0.0,0.0,0.0,0.0,0.0,0.0,0.0,0.0,0.0,0.0,0.0,0.0,0.0,0.0,0.0,0.0,0.0,0.0,0.0,0.0,0.0,0.0,0.0,0.0,0.0,0.0,0.0,0.0,0.0,0.0,0.0,0.0,0.0,0.0,0.0,0.0,0.0,0.0,0.0,0.0,0.0,0.0,0.0,0.0,0.0,0.0,0.0,0.0,0.0,0.0,0.0,0.0,0.0,0.0,0.0,0.0,0.0,0.0,0.0,0.0,0.0,0.0,0.0,0.0,0.0,0.0,0.0,0.0,0.0,0.0,0.0,0.0,0.0,0.0,0.0,0.0,0.0,0.0,0.0,0.0,0.0,0.0,0.0,0.0,0.0,0.0,0.0,0.0,0.0,0.0,0.0,0.0,0.0,0.0,0.0,0.0,0.0,0.0,0.0,0.0,0.0,0.0,0.0,0.0,0.0,0.0,0.0,0.0,0.0,0.0,0.0,0.0,0.0,0.0,0.0,0.0,0.0,0.0,0.0,0.0,0.0,0.0,0.0,0.0,0.0,0.0,0.0,0.0,0.0,0.0,0.0,0.0,0.0,0.0,0.0,0.0,0.0,0.0,0.0,0.0,0.0,0.0,0.0,0.0,0.0,0.0,0.0,0.0,0.0,0.0,0.0,0.0,0.0,0.0,0.0,0.0,0.0,0.0,0.0,0.0,0.0,0.0,0.0,0.0,0.0,0.0,0.0,0.0,0.0,0.0,0.0,0.0,0.0,0.0,0.0,0.0,0.0,0.0,0.0,0.0,0.0,0.0,0.0,0.0,0.0,0.0,0.0,0.0,0.0,0.0,0.0,0.0,0.0,0.0,0.0,0.0,0.0,0.0,0.0,0.0,0.0,0.0,0.0,0.0,0.0,0.0,0.0,0.0,0.0,0.0,0.0,0.0,0.0,0.0,0.0,0.0,0.0,0.0,0.0,0.0,0.0,0.0,0.0,0.0,0.0,0.0,0.0,0.0,0.0,0.0,0.0,0.0,0.0,0.0,0.0,0.0,0.0,0.0,0.0,0.0,0.0,0.0,0.0,0.0,0.0,0.0,0.0,0.0,0.0,0.0,0.0,0.0,0.0,0.0,0.0,0.0,0.0,0.0,0.0,0.0,0.0,0.0,0.0,0.0,0.0,0.0,0.0,0.0,0.0,0.0,0.0,0.0,0.0,0.0,0.0,0.0,0.0,0.0,0.0,0.0,0.0,0.0,0.0,0.0,0.0,0.0,0.0,0.0,0.0,0.0,0.0,0.0,0.0,0.0,0.0,0.0,0.0,0.0,0.0,0.0,0.0,0.0,0.0,0.0,0.0,0.0,0.0,0.0,0.0,0.0,0.0,0.0,0.0,0.0,0.0,0.0,0.0,0.0,0.0,0.0,0.0,0.0,0.0,0.0,0.0,0.0,0.0,0.0,0.0,0.0,0.0,0.0,0.0,0.0,0.0,0.0,0.0,0.0,0.0,0.0,0.0,0.0,0.0,0.0,0.0,0.0,0.0,0.0,0.0,0.0,0.0,0.0,0.0,0.0,0.0,0.0,0.0,0.0,0.0,0.0,0.0,0.0,0.0,0.0,0.0,0.0,0.0,0.0,0.0,0.0,0.0,0.0,0.0,0.0,0.0,0.0,0.0,0.0,0.0,0.0,0.0,0.0,0.0,0.0,0.0,0.0,0.0,0.0,0.0,0.0,0.0,0.0,0.0,0.0,0.0,0.0,0.0,0.0,0.0,0.0,0.0,0.0,0.0,0.0,0.0,0.0,0.0,0.0,0.0,0.0,0.0,0.0,0.0,0.0,0.0,0.0,0.0,0.0,0.0,0.0,0.0,0.0,0.0,0.0,0.0,0.0,0.0,0.0,0.0,0.0,0.0,0.0,0.0,0.0,0.0,0.0,0.0,0.0,0.0,0.0,0.0,0.0,0.0,0.0,0.0,0.0,0.0,0.0,0.0,0.0,0.0,0.0,0.0,0.0,0.0,0.0,0.0,0.0,0.0,0.0,0.0,0.0,0.0,0.0,0.0,0.0,0.0,0.0,0.0,0.0,0.0,0.0,0.0,0.0,0.0,0.0,0.0,0.0,0.0,0.0,0.0,0.0,0.0,0.0,0.0,0.0,0.0,0.0,0.0,0.0,0.0,0.0,0.0,0.0,0.0,0.0,0.0,0.0,0.0,0.0,0.0,0.0,0.0,0.0,0.0,0.0,0.0,0.0,0.0,0.0,0.0,0.0,0.0,0.0,0.0,0.0,0.0,0.0,0.0,0.0,0.0,0.0,0.0,0.0,0.0,0.0,0.0,0.0,0.0,0.0,0.0,0.0,0.0,0.0,0.0,0.0,0.0,0.0,0.0,0.0,0.0,0.0,0.0,0.0,0.0,0.0,0.0,0.0,0.0,0.0,0.0,0.0,0.0,0.0,0.0,0.0,0.0,0.0,0.0,0.0,0.0,0.0,0.0,0.0,0.0,0.0,0.0,0.0,0.0,0.0,0.0,0.0,0.0,0.0,0.0,0.0,0.0,0.0,0.0,0.0,0.0,0.0,0.0,0.0,0.0,0.0,0.0,0.0,0.0,0.0,0.0,0.0,0.0,0.0,0.0,0.0,0.0,0.0,0.0,0.0,0.0,0.0,0.0,0.0,0.0,0.0,0.0,0.0,0.0,0.0,0.0,0.0,0.0,0.0,0.0,0.0,0.0,0.0,0.0,0.0,0.0,0.0,0.0,0.0,0.0,0.0,0.0,0.0,0.0,0.0,0.0,0.0,0.0,0.0,0.0,0.0,0.0,0.0,0.0,0.0,0.0,0.0,0.0,0.0,0.0,0.0,0.0,0.0,0.0,0.0,0.0,0.0,0.0,0.0,0.0,0.0,0.0,0.0,0.0,0.0,0.0,0.0,0.0,0.0,0.0,0.0,0.0,0.0,0.0,0.0,0.0,0.0,0.0,0.0,0.0,0.0,0.0,0.0,0.0,0.0,0.0,0.0,0.0,0.0,0.0,0.0,0.0,0.0,0.0,0.0,0.0,0.0,0.0,0.0,0.0,0.0,0.0,0.0,0.0,0.0,0.0,0.0,0.0,0.0,0.0,0.0,0.0,0.0,0.0,0.0,0.0,0.0,0.0,0.0,0.0,0.0,0.0,0.0,0.0,0.0,0.0,0.0,0.0,0.0,0.0,0.0,0.0,0.0,0.0,0.0,0.0,0.0,0.0,0.0,0.0,0.0,0.0,0.0,0.0,0.0,0.0,0.0,0.0,0.0,0.0,0.0,0.0,0.0,0.0,0.0,0.0,0.0,0.0,0.0,0.0,0.0,0.0,0.0,0.0,0.0,0.0,0.0,0.0,0.0,0.0,0.0,0.0,0.0,0.0,0.0,0.0,0.0,0.0,0.0,0.0,0.0,0.0,0.0,0.0,0.0,0.0,0.0,0.0,0.0,0.0,0.0,0.0,0.0,0.0,0.0,0.0,0.0,0.0,0.0,0.0,0.0,0.0,0.0,0.0,0.0,0.0,0.0,0.0,0.0,0.0,0.0,0.0,0.0,0.0,0.0,0.0,0.0,0.0,0.0,0.0,0.0,0.0,0.0,0.0,0.0,0.0,0.0,0.0,0.0,0.0,0.0,0.0,0.0,0.0,0.0,0.0,0.0,0.0,0.0,0.0,0.0,0.0,0.0,0.0,1.2566874580804966e-33,1.2566874580804989e-33,-2.6446916517949823e-32,3.733862013444026e-52,3.7338620134440235e-52,3.733862013444022e-52,3.733862013444051e-52,3.7338620134440465e-52,3.733862013444046e-52,3.7338620134440436e-52,3.7338620134440436e-52,-2.6812367611896015e-30,-3.653493159731968e-50,9.641158171247495e-38,9.6411581712475e-38,2.0163830473476924e-32,2.2013862250585842e-32,2.201386225058598e-32,8.016700995391657e-31,7.947526712863854e-31,7.9475267128638e-31,7.584198878245993e-31,7.584198878246054e-31,7.576359238546044e-31,7.686268868151855e-31,1.5050325436541632e-30,1.505032543654164e-30,-2.2441324344488985e-29,3.526677411929131e-32,3.5266774119291315e-32,-8.804717486151371e-33,1.0892583010491102e-49,-6.30226125732984e-31,1.2750705972717872e-31,-2.7401878240668206e-31,9.918044093562186e-33,-5.185169634911736e-28,-5.746170281613349e-46,1.83917081625838e-32,1.839170816258379e-32,5.411006840014552e-32,-1.6064840527737793e-28,1.5538129437302197e-28,2.0127605767908769e-28,2.012760576790887e-28,2.012761368688598e-28,2.0127613686885997e-28,2.0127613686885977e-28,2.012761354358048e-28,2.0127613543580497e-28,5.1578043403839275e-28,5.15686440083784e-28,5.156854085964157e-28,5.156107249606772e-28,5.155986890159752e-28,5.155986890159751e-28,1.289348579253726e-27,1.3619479915886109e-27,1.361947991588611e-27,1.3619535948908977e-27,1.3619535948909144e-27,1.3619448555142582e-27,1.3611805116828126e-27,1.3611805116827586e-27,1.367799702549403e-27,1.3678386978556574e-27,1.368368047457426e-27,1.363467130443963e-27,1.3569259795398405e-27,1.3620305535977207e-27,1.3619159810461736e-27,1.361915981046167e-27,1.383533467772413e-27,1.3829113561471787e-27,1.3829113561471566e-27,1.382911356147154e-27,1.985416882071304e-27,1.9854367645574396e-27,1.725885925376653e-27,1.1355649311834524e-26,1.1158728340267739e-26,1.110427697522177e-26,1.1133515953542746e-26,2.1852080911085347e-26,2.1852080911085362e-26,2.1773049972312132e-26,2.177306820532088e-26,2.1825222604925548e-26,2.1824918652109483e-26,2.1824918655116548e-26,2.1824918586465697e-26,2.2284945764734462e-26,2.2250136510177785e-26,2.2311728915817685e-26,2.149920233026864e-26,2.0257668283958282e-26,2.0257668283958293e-26,2.0263444043106324e-26,2.026344407773632e-26,1.891955929153635e-26,1.8991030035155758e-26,1.9223800338613693e-26,1.9184964655032067e-26,1.9184953573582723e-26,1.921243999556113e-26,1.9212439995561417e-26,1.9419382177719545e-26,1.9421375418119132e-26,1.9375796070734305e-26,1.9392753995482253e-26,1.9430256753441038e-26,1.9430576789811514e-26,1.9432380081018665e-26,1.94265183879282e-26,1.9404443085641555e-26,1.9403589589968207e-26,1.9403528921396992e-26,1.9403527405760393e-26,1.940360710239189e-26,1.9403607310200167e-26,1.9403607310201492e-26,1.940360731596575e-26,1.9403606611019918e-26,1.940360622710657e-26,1.9403606245960743e-26,1.9403607377385538e-26,1.940361308557424e-26,1.940361338271928e-26,1.940346608413372e-26,1.940346476540887e-26,1.9403464766511797e-26,1.9403475702429806e-26,1.940347568596536e-26,1.9403483776435295e-26,1.9403486713859907e-26,1.9403486181765648e-26,1.940357400679959e-26,1.940357402189183e-26,1.9403559578393438e-26,1.940359420432697e-26,1.940371835016498e-26,1.9403330370556912e-26,1.9403327307877565e-26,1.9403325137366457e-26,1.9403325199415986e-26,1.940332239678601e-26,1.940333755866635e-26,1.9403338683170044e-26,1.946527920758353e-26,1.9465394858176914e-26,1.946542005520688e-26,1.9465420211558335e-26,1.9464349689825597e-26,1.9463091488099584e-26,1.9463325847465228e-26,1.9463325842589968e-26,1.946346143880486e-26,1.9464277110242394e-26,1.946428340346979e-26,1.9464282942067146e-26,1.9464092568284942e-26,1.9464034181799854e-26,1.9464074927611005e-26,1.9464112903270372e-26,1.946411742590302e-26,1.9464189974413099e-26,1.9464142652202673e-26,1.946416019812201e-26,1.946394389874067e-26,1.946369668307291e-26,1.946373451846082e-26,1.9463732979895808e-26,1.9463717598364587e-26,1.9464178315380703e-26,1.9464332366990972e-26,1.9464628646939597e-26,1.9464615820744376e-26,1.9459681164589976e-26,1.947336516273641e-26,1.9474446234584912e-26,1.9474432887712897e-26,1.9474318662497015e-26,1.9474315371549215e-26,1.9474311928327834e-26,1.9470936020780176e-26,1.9470876089980072e-26,1.9470852894112372e-26,1.947085589311654e-26,1.9470670487880774e-26,1.9470658423480107e-26,1.9470659834070154e-26,1.9470691536742463e-26,1.947078902202363e-26,1.9470717313004732e-26,1.947274254723514e-26,1.947234767970641e-26,1.947181274843718e-26,1.9471746737846625e-26,1.9471742675230982e-26,1.9471742001819205e-26,1.9471420650431398e-26,1.9469769622186092e-26,1.9469800572534317e-26,1.9469757377669672e-26,1.947040024047594e-26,1.9469079273643906e-26,1.9469485604133456e-26,1.9469334927275547e-26,1.9448660485905465e-26,1.944853661693266e-26,1.94470792231077e-26,1.72908789298826e-26,1.728958942046105e-26,1.7287824263975728e-26,1.7287875890404907e-26,1.7288129547614348e-26,1.7288116199604836e-26,1.7286872178188954e-26,1.728883084121286e-26,1.7288847132947497e-26,1.7288850500177098e-26,1.7289445234502094e-26,1.7289449465585067e-26,1.7289450031826886e-26,1.7290428441619616e-26,1.729717100849716e-26,1.7295133518720223e-26,1.7295474630669265e-26,1.7297076648327924e-26,1.7297126679725646e-26,1.7303021723646234e-26,1.7302819125378668e-26,1.7302824340822206e-26,1.7302166265144742e-26,1.7304948546441287e-26,1.7304325097484534e-26,1.729723376626748e-26,1.7297327594433274e-26,1.7296808099403756e-26,1.7276244580303302e-26,1.7276922397794364e-26,1.7269478086158113e-26,1.7255670282226335e-26,1.7255908254486404e-26,1.7256006623477983e-26,1.725617903226605e-26,1.7256137476958024e-26,1.7255046817531265e-26,1.7254347016167526e-26,1.725434871277572e-26,1.7254334686091182e-26,1.7255860845388657e-26,1.7255873900188836e-26,1.6602752544128594e-26,1.6602905430462764e-26,1.660267284207438e-26,1.6602678147892602e-26,1.6602583344756943e-26,1.660566565947953e-26,1.6605643464030065e-26,1.6604771355452944e-26,1.6542730640679836e-26,1.6542698464036765e-26,1.654075620960551e-26,1.654043802762539e-26,1.6537164751928474e-26,1.6537225063278995e-26,1.6533739516927535e-26,1.6533973885219696e-26,1.6534189697405548e-26,1.6536165526979545e-26,1.653382273098708e-26,1.6531958014269835e-26,1.6541064045346297e-26,1.6549840937654616e-26,1.6549460239469182e-26,1.6550490700069812e-26,1.6545180900073344e-26,1.6545228034664393e-26,1.6544619576937136e-26,1.6547117696285145e-26,1.654762356037154e-26,1.6547649808460798e-26,1.6546633957791496e-26,1.6546686507055337e-26,1.6546667996909727e-26,1.6546212391580284e-26,1.6538140193712683e-26,1.6539764905135295e-26,1.656769325537749e-26,1.6567134982420608e-26,1.6577873658465377e-26,1.6577937535695348e-26,1.6576655363706187e-26,1.6578912367947282e-26,1.6581016281482232e-26,1.657933009589692e-26,1.6579442784143638e-26,1.6630895355470343e-26,1.663227632635915e-26,1.6633081920896097e-26,1.6631475840328175e-26,1.66315617030844e-26,1.8902035486449715e-26,1.8902071564442695e-26,1.8902300029370263e-26,1.8923462053383192e-26,1.8922800872652122e-26,1.8921839601322885e-26,1.893377413948537e-26,1.8933371571787674e-26,1.8933288216745703e-26,1.8915144363530694e-26,1.9014147887258056e-26,1.9031653811887256e-26,1.751443770987533e-26,1.7514450296610435e-26,1.7514468580144654e-26,1.7513038608731562e-26,1.7523429848276184e-26,1.75224791668565e-26,1.7522719420997654e-26,1.7523395671248978e-26,1.7542216954786298e-26,1.7546682473490516e-26,1.7817435671226845e-26,1.781764186547899e-26,1.7817956178065953e-26,1.783151220784592e-26,1.783641286742348e-26,1.7835627566858377e-26,1.7824678598994844e-26,1.782462220503884e-26,1.7826750808853103e-26,1.782319060849271e-26,1.6041547329401532e-26,1.603656146014829e-26,1.603777320778238e-26,1.603557223270486e-26,1.6011824024845306e-26,1.601552411475257e-26,1.6020297146195803e-26,1.602024415391915e-26,1.6003666363035826e-26,1.600315228382605e-26,1.5999855998842017e-26,1.600077483295877e-26,1.5960217011245681e-26,4.181596849323627e-27,4.181352957131294e-27,4.181197554570425e-27,4.163115297801826e-27,4.163022289112888e-27,4.1629761821663476e-27,4.164950437419146e-27,4.1649571443163054e-27,4.16344321111318e-27,4.162520208204228e-27,4.1630026808747874e-27,4.162446387598135e-27,4.161425790430815e-27,4.161517358022624e-27,4.1440945546631274e-27,4.1395642057175655e-27,4.8754556031626815e-27,4.9974356474387805e-27,4.9973072427988704e-27,4.997259447279224e-27,4.9472869320774764e-27,4.939783760314627e-27,4.9387298095841615e-27,4.938693130145418e-27,4.938559399889161e-27,1.782459099440593e-27,1.777213415359342e-27,1.7645110885107877e-27,1.7675628202913377e-27,1.7676219137792238e-27,1.7676044624905308e-27,1.653248980066599e-27,1.651083238430744e-27,1.6492513233981173e-27,1.6499289295863444e-27,1.6433880585352753e-27,1.6443210554029823e-27,1.5752612474025663e-27,1.5761595362353097e-27,1.5762016921935826e-27,1.6094728719962988e-27,1.605791664737583e-27,1.608768739669815e-27,1.6624783958504324e-27,1.662964101337223e-27,1.671989467133657e-27,1.6568080474526394e-27,1.6514983904369535e-27,1.6561793832026567e-27,1.6528033073011145e-27,1.6495252886234574e-27,1.639969116156279e-27,1.7356831242238992e-27,1.736455140356406e-27,1.7491100624313805e-27,1.7479772399543566e-27,2.2034186685999686e-27,2.7394572710406222e-27,2.739719426655317e-27,2.738427263882002e-27,2.7167852714367607e-27,2.710296099145436e-27,2.7103780493032503e-27,2.705592798878588e-27,2.7337436879424928e-27,2.737074600027993e-27,2.7284950644022832e-27,2.7300639537780883e-27,2.6412656926842638e-27,2.6406901802097355e-27,2.5491669546420954e-27,2.5489470577207174e-27,2.5503012102502853e-27,2.5476713883345976e-27,2.5469548919531746e-27,2.546232977464245e-27,2.5486553860034747e-27,2.5370999723076036e-27,2.4984905893161655e-27,2.5445188759391966e-27,2.551096848306494e-27,2.5659745420099425e-27,2.5653755060005733e-27,2.5656651694100526e-27,2.5655354206784703e-27,2.578411366670957e-27,2.5713597327943804e-27,2.234586031904674e-27,2.235023568344369e-27,2.2461807736376855e-27,2.2920596631687445e-27,2.2913757620730517e-27,2.2913581752802494e-27,2.2917017618806502e-27,2.378799358971503e-27,2.377682060943413e-27,2.377859335391471e-27,2.3772754341767945e-27,2.3792058693135868e-27,2.3706490768247784e-27,2.3690930991221923e-27,2.369229615406937e-27,2.36712124678331e-27,2.366624712967115e-27,2.3676188093325963e-27,2.3685469276890883e-27,2.3690772305697223e-27,2.7522125538172637e-27,2.755270527121397e-27,2.7183021250255757e-27,2.7163505755450607e-27,2.716973518314207e-27,2.71490482522008e-27,2.7153999859022663e-27,2.7153026294174594e-27,2.7075414189388458e-27,2.7073501306222422e-27,2.7069348387277474e-27,2.857459782075724e-27,2.8570605957322163e-27,2.8572400925934282e-27,2.85666460358602e-27,2.855746034266222e-27,2.830180009754729e-27,2.828594379222654e-27,2.8293331186611908e-27,2.875818284148958e-27,2.884795811465041e-27,2.885791453183834e-27,2.8857309324822865e-27,2.885458774455095e-27,2.8871340359151424e-27,2.6163048007660082e-27,2.6165325180388874e-27,2.627146199370949e-27,2.495558529093521e-27,2.4946150836109596e-27,2.4941489558159438e-27,2.4939863534368298e-27,2.493947095472121e-27,2.493557499491615e-27,2.493597712045808e-27,2.4945332050113605e-27,2.494969983441704e-27,2.4962320497499534e-27,2.4950358969235595e-27,2.495058650746599e-27,2.4953697846192945e-27,2.4953698123401214e-27,2.4954180809701996e-27,2.495927904888736e-27,2.4952715338741494e-27,2.495418896666416e-27,2.4907841113988092e-27,2.4862013922512454e-27,2.4815028114309582e-27,2.4825482065968683e-27,2.4824408410387402e-27,2.480213958871944e-27,2.384653904824671e-27,2.3846538765585916e-27,2.392337805762125e-27,2.3874213610877422e-27,2.386813364664543e-27,2.3858608956043457e-27,2.385774031075733e-27,2.3861019347699676e-27,2.387288482835725e-27,2.3875531887920825e-27,2.3877876380424288e-27,2.3881156786478842e-27,2.332177731494225e-27,2.3322698968679382e-27,2.3322778662558603e-27,2.3327807715914762e-27,2.3327819819260913e-27,2.3327690798235085e-27,2.335748530496075e-27,2.334581178568561e-27,2.3335325774085016e-27,2.335360702606862e-27,2.329101050200716e-27,2.3283845299477305e-27,2.32831722638459e-27,2.327284685132757e-27,2.3263490116284126e-27,2.330685470235428e-27,2.3298617683163975e-27,2.3345427192557003e-27,2.3280633609480283e-27,2.328523089854443e-27,2.3973768576427784e-27,2.3969185581186372e-27,2.3969206837791406e-27,2.3969110140358684e-27,2.3697684901468804e-27,2.338564008273011e-27,2.3386090088124747e-27,2.3385712713559015e-27,2.3333741624319768e-27,2.3330680947910894e-27,2.3237130583003206e-27,2.323691201909949e-27,2.3235231642835284e-27,2.3235660584569805e-27,2.3251073446252938e-27,2.325117482137695e-27,2.3250447272458095e-27,2.3434268038916942e-27,2.343784258860335e-27,2.341316899030706e-27,2.341200290551559e-27,2.3413671503271533e-27,2.341375978967725e-27,2.3430671439320444e-27,2.342705354583446e-27,2.3427137939514492e-27,2.3434870352624938e-27,2.3436294871663203e-27,2.3436296675744893e-27,2.3436238167855813e-27,2.343021746829089e-27,2.3444360648308203e-27,2.344983305420365e-27,2.304460847419311e-27,2.3143004755233124e-27,2.314308923053502e-27,2.314427247138029e-27,2.3143414042243632e-27,2.3128938668049945e-27,2.3187283241200868e-27,2.3187026063513103e-27,2.3184406746477096e-27,2.3183017155428307e-27,2.3183253626976217e-27,2.3183624716193457e-27,2.3180802851752494e-27,2.315542753721709e-27,2.315522938093314e-27,2.3155279076696967e-27,2.3154650501934927e-27,2.3315025898132136e-27,2.330249755645387e-27,2.2833222345589706e-27,2.2783401388831633e-27,2.279125203726845e-27,2.2811479092587443e-27,2.2815832110247362e-27,2.2816043676283543e-27,2.2810735911547245e-27,2.2791960124608326e-27,2.2784445755307365e-27,2.2787612851448027e-27,2.278297406118e-27,2.278308575064703e-27,2.2780520867655718e-27,2.2781006527401997e-27,2.2737947749838715e-27,2.275434674865086e-27,2.2641965069088772e-27,2.2631801897368033e-27,2.2573963465904692e-27,2.257398000109542e-27,2.2641906526024986e-27,2.2621604337220913e-27,2.262159111258721e-27,2.2618427022770814e-27,2.258557302981825e-27,2.265605414096118e-27,2.2656046869951095e-27,2.265525430816225e-27,2.2947444431961682e-27,2.2938852540123338e-27,2.2935499948463158e-27,2.293500536963672e-27,2.2941127857656055e-27,2.3455601690035797e-27,2.3457265923458872e-27,2.346456370879141e-27,2.4958936561925333e-27,2.296971686712819e-27,2.2978790235246195e-27,2.302472027654856e-27,2.302120946461942e-27,2.3090488150711864e-27,2.3089500133342262e-27,2.301527514594932e-27,2.310073954128607e-27,2.3102563885753402e-27,2.3107099507707328e-27,2.3105375875617564e-27,2.3093017303687607e-27,2.3095562464223386e-27,2.3096633402709867e-27,2.3108033777482364e-27,2.3113925387925033e-27,2.306150025906094e-27,2.3061513130715114e-27,2.316567831564401e-27,2.3163203585531125e-27,2.3162811220002353e-27,2.3167876523353644e-27,2.3166647873503857e-27,2.3165108258100973e-27,2.315617129161604e-27,2.3138938265501724e-27,2.3145163934385845e-27,2.3146921530005296e-27,2.3306048365126235e-27,2.3315864121281132e-27,2.334023473539786e-27,2.3341528007850478e-27,2.3342737806649503e-27,2.3345314963711463e-27,2.3367689291061442e-27,2.33676893303073e-27,2.336859189632364e-27,2.336801438656382e-27,2.3368011889805864e-27,2.331804633813654e-27,2.3298343776567956e-27,2.3335478844941496e-27,2.332895034952657e-27,2.348874085914298e-27,2.3687255640170165e-27,2.3490190014212365e-27,2.3489764914509477e-27,2.30523188541964e-27,2.3047069328728866e-27,2.3043188796132614e-27,2.3065889039816417e-27,2.3065889723109124e-27,2.3049454622344154e-27,2.2855763026460732e-27,2.1761339175737988e-27,2.1723952522908045e-27,2.155391304329681e-27,2.155391427489718e-27,2.1553441235650083e-27,2.153526451283162e-27,2.1491415335378907e-27,2.14728176013002e-27,2.146954780916653e-27,2.1426856124096203e-27,2.1426856124095733e-27,2.142738774650553e-27,2.1471540601012907e-27,2.147618670572101e-27,2.1476274136486156e-27,2.1490521294491135e-27,2.1580566054492252e-27,2.1582999393236935e-27,2.1586060266410515e-27,2.17017255941928e-27,2.170161315665019e-27,2.175801639444633e-27,2.1757928720277238e-27,2.1796605895369745e-27,2.1813589122421573e-27,2.1811909694571204e-27,2.1810263831303186e-27,2.179444592936821e-27,2.1839628446120924e-27,2.1894755573436657e-27,2.1894787008095515e-27,2.1893525677470477e-27,2.169834413455233e-27,2.16969391097664e-27,2.1696938930567892e-27,2.261541454539711e-27,2.2661774618362965e-27,2.256931772291004e-27,2.2587934271536854e-27,2.262840636356857e-27,2.2623813883078814e-27,2.2719804848151178e-27,2.2721261876497753e-27,2.272116570912566e-27,2.2710782642627425e-27,2.2710877988937828e-27,2.2698579370239598e-27,2.2702442037402835e-27,2.2702474744470943e-27,2.2703263177848115e-27,2.269056146517909e-27,2.2702131972369335e-27,2.269880804824429e-27,2.277899141299426e-27,2.2778710668905613e-27,2.277867189677098e-27,2.2801254566416636e-27,2.2760751585625942e-27,2.2765491173037412e-27,2.2931171918169044e-27,2.2922572688679066e-27,2.2930399326435884e-27,1.6339307680669023e-26,1.6346937570168193e-26,1.6347356875981892e-26,1.6347372871166763e-26,1.6347544797955964e-26,1.6357197367304356e-26,1.6364334959567847e-26,1.636420478063567e-26,1.6388381268791403e-26,1.6388472188627156e-26,1.6391527375928632e-26,1.6262532341877286e-26,1.6262668767142616e-26,1.6262275219078445e-26,1.6262047741683962e-26,1.6261989643065608e-26,1.6271269099511748e-26,1.6273634349381484e-26,1.6288540111189313e-26,1.6286083533217545e-26,1.6291108144156232e-26,1.629216538896282e-26,1.6291980795381196e-26,1.6281776069718115e-26,1.6280941547475897e-26,1.6280928715175843e-26,1.628096578105286e-26,1.6280965689021467e-26,1.628411199140055e-26,1.6284111991382835e-26,1.628472019050448e-26,1.6284684541220527e-26,1.62846843167738e-26,1.6283503129292652e-26,1.6283522337411106e-26,1.6284640122767072e-26,1.6286349231449826e-26,1.6286923546480744e-26,1.6287013356986115e-26,1.6287013343884154e-26,1.6287009276051099e-26,1.6292121309836983e-26,1.628845694958366e-26,1.6300159472788906e-26,1.6300159553055064e-26,1.6447347688371368e-26,1.6443868943671038e-26,1.64450753195717e-26,1.6444957731558346e-26,1.644506445592984e-26,1.6448107798224364e-26,1.6448134170611596e-26,1.6448134041008175e-26,1.6447357355475884e-26,1.6447559171978952e-26,1.644757092273549e-26,1.624735631318997e-26,1.6247355819542904e-26,1.6247765967634557e-26,1.6279554434127917e-26,1.6279554460162325e-26,1.627956883840507e-26,1.628017312365925e-26,1.6280257863976372e-26,1.6279795435947855e-26,1.6280749965331958e-26,1.628076559962979e-26,1.6280766839693405e-26,1.628068447936286e-26,1.6280701560331978e-26,1.6281540111255823e-26,1.6281635597284206e-26,1.6281781335508228e-26,1.6282062850473892e-26,1.6282037674158298e-26,1.6282151618559218e-26,1.6282155734380797e-26,1.628265853324812e-26,1.6282812471740282e-26,1.6282807438764863e-26,1.628279596329871e-26,1.6282673561053493e-26,1.6283075242834197e-26,1.6283075220459575e-26,1.6282303909769716e-26,1.628453656867809e-26,1.6284536568186395e-26,1.6285132204777925e-26,1.6288824831871352e-26,1.629114335196593e-26,1.630047189958397e-26,1.6299084786341533e-26,1.6299414730101926e-26,1.6299382129769776e-26,1.6302907612699234e-26,1.6302693069129241e-26,1.6301071051639043e-26,1.6307598336494955e-26,1.6305684489737445e-26,1.630575110160039e-26,1.6305737387153088e-26,1.6306297255949574e-26,1.630822219279135e-26,1.630847818373743e-26,1.629683741450659e-26,1.629786925574196e-26,1.6313390728178615e-26,1.6332430522761738e-26,1.6325648937152198e-26,1.6325749365716824e-26,1.6351971388609025e-26,1.6351970676962294e-26,1.635427561199564e-26,1.6358974325473715e-26,1.636002883001723e-26,1.6360056239664098e-26,1.6360056154874726e-26,1.6359522376128707e-26,1.6359702088031306e-26,1.6354686690143243e-26,1.6354676032876927e-26,1.635079035220599e-26,1.5555139311155686e-26,1.5554558929375028e-26,1.555455893011495e-26,1.5554574118834317e-26,1.5554673266663807e-26,1.559536584712952e-26,1.559516874119618e-26,1.5597678320764602e-26,1.559767285699174e-26,1.559769183617492e-26,1.5597668649748803e-26,1.559816020490382e-26,1.5685332594897664e-26,1.5681264537042007e-26,1.5696764520046548e-26,1.5696800043918696e-26,1.570192314071679e-26,1.5701963312311464e-26,1.5702199561658226e-26,1.5702247016672958e-26,1.5701708222913438e-26,1.5634042483370703e-26,1.5843372602488742e-26,1.5856823273866794e-26,1.5856513661444375e-26,1.5856709286090887e-26,1.5859275922949144e-26,1.586368126710563e-26,1.5865185873351216e-26,1.5865465190887605e-26,1.5865470268662124e-26,1.5871818358025752e-26,1.587184954826915e-26,1.587205304081581e-26,1.5884730635067723e-26,1.5884736146640667e-26,1.5894409405517487e-26,1.589425623366001e-26,1.6008213054717606e-26,1.600114126272029e-26,1.5789219493046772e-26,1.5789702972027475e-26,1.578977523493917e-26,1.579012797860824e-26,1.5791344432843892e-26,1.579018707797782e-26,1.5788576739898774e-26,1.5790437270506178e-26,1.579006203254142e-26,1.5790968932908566e-26,1.5791057215753566e-26,1.572574755583683e-26,1.5750213919215938e-26,1.569975109172121e-26,1.569895330049163e-26,1.5688427162539965e-26,1.5695669825858053e-26,1.5696486785482098e-26,1.5713461798237166e-26,1.571771646898814e-26,1.5763489739242297e-26,1.5762981504647473e-26,1.5756966686026665e-26,1.5757516471177175e-26,1.5755986038977058e-26,1.575796747780798e-26,1.5779782369702036e-26,1.5819102703993148e-26,1.5817452467703882e-26,1.5856626995833235e-26,1.5854905200832576e-26,1.585408580556457e-26,1.5761387435953362e-26,1.5762528674692963e-26,1.5753947791319163e-26,1.5751459911360597e-26,1.5750464459242145e-26,1.5735448446223135e-26,1.573553991600707e-26,1.5735444411670724e-26,1.5743167033458892e-26,1.5743154391520864e-26,1.5743763528142698e-26,1.574916519271995e-26,1.5751402945562967e-26,1.5751447894655413e-26,1.5750824747925148e-26,1.5751874503861752e-26,1.5751562242458773e-26,1.575110369433127e-26,1.575941279439266e-26,1.5753423729326943e-26,1.5750299297985442e-26,1.583371007761896e-26,1.583354083450748e-26,1.5826736663513113e-26,1.5827156199197898e-26,1.5815659599469026e-26,1.5818054845846927e-26,1.5818603487096804e-26,1.587790549168141e-26,1.586653350652887e-26,1.586561360811423e-26,1.5857234376601712e-26,1.5859306733582602e-26,1.5865329807353494e-26,1.5866113597314622e-26,1.5865988460598602e-26,1.5870942613327174e-26,1.586982569351001e-26,1.586933838718273e-26,1.5847368379168364e-26,1.5847373639523676e-26,1.5847377502431562e-26,1.5850909185529796e-26,1.585084330096978e-26,1.585103328863418e-26,1.5853637341823934e-26,1.5853674532889552e-26,1.5855730084730194e-26,1.5849993429848373e-26,1.5851396571262444e-26,1.5821351352303375e-26,1.5822626152343661e-26,1.5822607616694316e-26,1.5822829535520288e-26,1.5822334956487667e-26,1.582233495790888e-26,1.5822334926040002e-26,1.582233492579207e-26,1.5822334924850965e-26,1.582233492088528e-26,1.582233492198245e-26,1.5822334933647562e-26,1.5822334933878678e-26,1.5822334933921778e-26,1.5822334933843313e-26,1.5822334932815837e-26,1.5822334933206913e-26,1.582233493298647e-26,1.5822334932402374e-26,1.582233493216827e-26,1.5822334931241082e-26,1.582233493671853e-26,1.5822334918672381e-26,1.5822334909253148e-26,1.5822334886501604e-26,1.582233486798767e-26,1.5822334863433374e-26,1.5822334847893266e-26,1.582233484730651e-26,1.582233484738176e-26,1.5822334850336223e-26,1.582233484993315e-26,1.582233487202511e-26,1.5822334872018566e-26,1.5822334885254073e-26,1.582233488484964e-26,1.5822334894911895e-26,1.5822334894914455e-26,1.5822334894916702e-26,1.5822334742843265e-26,1.5822334766264086e-26,1.5822334763969246e-26,1.5822334842223492e-26,1.5822334866762697e-26,1.582233486548989e-26,1.582233487239835e-26,1.582233487211779e-26,1.5822334872117817e-26,1.5822334852763283e-26,1.582233487088604e-26,1.582233485797606e-26,1.582233485797606e-26,1.5822334842373408e-26,1.582233395619633e-26,1.5822333978522825e-26,1.5822333978555033e-26,1.5822333964786594e-26,1.582233397472134e-26,1.5822333981735394e-26,1.5822333985412097e-26,1.582233399761349e-26,1.5822333965298525e-26,1.5822333971488008e-26,1.5822333976097504e-26,1.5822333965151663e-26,1.5822333662767085e-26,1.5822333663490402e-26,1.5822333660240355e-26,1.5822333659801542e-26,1.5822333668451815e-26,1.5822333680030015e-26,1.582233363190393e-26,1.5822333630625583e-26,1.582233363129938e-26,1.5822333673605298e-26,1.5822333676600292e-26,1.582233367828508e-26,1.5822333678410175e-26,1.582233368060917e-26,1.5822333677783862e-26,1.5822333691695057e-26,1.582233256689743e-26,1.5822332320336486e-26,1.5822332320333248e-26,1.5822332383735692e-26,1.5822332377450522e-26,1.5822332648242208e-26,1.582233264119202e-26,1.5822332631260312e-26,1.5822332631228743e-26,1.5822332630963327e-26,1.582233261834607e-26,1.5822332634954908e-26,1.5822332636860842e-26,1.5822332636874856e-26,1.5822332652810797e-26,1.5822332617109435e-26,1.5822332632874085e-26,1.5822332632869184e-26,1.5822332533220315e-26,1.582233253310319e-26,1.5822332804164602e-26,1.5822332803730703e-26,1.5822332804168838e-26,1.5822332800477166e-26,1.5822332754635073e-26,1.582233275559062e-26,1.5822332790325412e-26,1.5822332796396318e-26,1.5822332810356292e-26,1.582233269611981e-26,1.5822332685041236e-26,1.582233267608495e-26,1.5822334547632486e-26,1.5822334547657683e-26,1.5822334546831097e-26,1.5822334550545143e-26,1.5822334560257958e-26,1.5822334113098678e-26,1.5822334203422287e-26,1.5822334304930546e-26,1.5822334305240175e-26,1.5822334302097117e-26,1.5822334842724395e-26,1.5822334743482437e-26,1.5822334711946513e-26,1.5822334524730007e-26,1.5822337461359924e-26,1.5822337459424732e-26,1.5822337623027137e-26,1.5822337816141743e-26,1.582233812377163e-26,1.5822338210139038e-26,1.5822338301453603e-26,1.582233817546587e-26,1.582233758756758e-26,1.582234059182911e-26,1.5822340821401672e-26,1.5822340122961947e-26,1.5822337103207372e-26,1.5822337107985662e-26,1.5822337134916332e-26,1.5822336992001841e-26,1.5822337052685176e-26,1.5822337026026568e-26,1.5822337026019646e-26,1.582233700947969e-26,1.5822338820804657e-26,1.582233865825289e-26,1.5822338585871415e-26,1.5822338594280992e-26,1.5822338255927008e-26,1.5822338030839573e-26,1.582233804849639e-26,1.5822338014103446e-26,1.5822338167053887e-26,1.5822338073281907e-26,1.5822338138641875e-26,1.582233816153816e-26,1.5822338167659608e-26,1.5822338163490936e-26,1.5822338212568296e-26,1.5822338131054168e-26,1.5822338096845314e-26,1.5822338096596537e-26,1.5822338113239497e-26,1.5822338110829923e-26,1.5822338110829943e-26,1.582233811082267e-26,1.582233811097825e-26,1.582233811097084e-26,1.5822338110423135e-26,1.5822338130313036e-26,1.5822338200339258e-26,1.582233820239033e-26,1.5822338204611198e-26,1.5822337689407062e-26,1.5822337648199098e-26,1.5822338155336926e-26,1.582232942682623e-26,1.5822343983676147e-26,1.5822342789703143e-26,1.5822343066031831e-26,1.5822343094462577e-26,1.582234309642931e-26,1.582234304441654e-26,1.5822343066509233e-26,1.5822343066215253e-26,1.5822324405877155e-26,1.582232313320205e-26,1.5822323138736055e-26,1.5822323273634257e-26,1.582232327327411e-26,1.582232316095044e-26,1.5822323207325413e-26,1.5822323228443485e-26,1.5822314425148407e-26,1.582231432436761e-26,1.5822314314859876e-26,1.582231381259724e-26,1.5822313851958865e-26,1.582231383111829e-26,1.5822313828495584e-26,1.5822313855510482e-26,1.5822315949048377e-26,1.5822311514486127e-26,1.5822311536665754e-26,1.582230720375339e-26,1.5822307106197168e-26,1.5822308760558355e-26,1.5822308760592788e-26,1.58223088179089e-26,1.582230879584315e-26,1.5822307233213517e-26,1.5822306398050027e-26,1.5822306691497943e-26,1.5822306756737334e-26,1.5822307076527343e-26,1.5822307078990928e-26,1.5822303691624105e-26,1.5822303621248223e-26,1.5822303323173388e-26,1.5822303668837793e-26,1.5822302253575652e-26,1.5822302230808838e-26,1.5822302229602257e-26,1.5822302195571722e-26,1.5822301704123038e-26,1.5822301625962892e-26,1.5822301620284827e-26,1.582230134566731e-26,1.5822300790379274e-26,1.5822299500832865e-26,1.582229880149167e-26,1.582229677445371e-26,1.582229677727352e-26,1.5822267377983435e-26,1.582226687933424e-26,1.5822266880536008e-26,1.5822266881878534e-26,1.5822266502763032e-26,1.5822266530403706e-26,1.5822266638066602e-26,1.582226664653394e-26,1.5822267247216757e-26,1.5822266336691991e-26,1.5822265973164018e-26,1.5822249550613362e-26,1.5822243719040254e-26,1.5822224585240777e-26,1.5822192652185574e-26,1.5822192669739045e-26,1.5822195134619483e-26,1.582219512476968e-26,1.5822194758128517e-26,1.5822193143392452e-26,1.5822193223151718e-26,1.582219301686117e-26,1.5822196756204622e-26,1.5822196567699782e-26,1.5822198272761234e-26,1.582219797659167e-26,1.5822197928767245e-26,1.582220183933264e-26,1.582220271616008e-26,1.582220578951033e-26,1.5822205765051137e-26,1.5822221396941055e-26,1.5822221257849538e-26,1.582221776517584e-26,1.5822213674108466e-26,1.5822213772320545e-26,1.582221615420531e-26,1.5822216153786762e-26,1.5822217144835723e-26,1.5822217163976554e-26,1.5822214629352168e-26,1.5822217960939037e-26,1.5822219052115216e-26,1.58222189608913e-26,1.582221833133856e-26,1.5822220647283647e-26,1.582221352268715e-26,1.5822213522676175e-26,1.5822213031276942e-26,1.5822213053992042e-26,1.5822213354121584e-26,1.5822214040768093e-26,1.5822213923746912e-26,1.5822213936876223e-26,1.5822213764336898e-26,1.5822213344884405e-26,1.5822213344849278e-26,1.5822213084073085e-26,1.5822214431299777e-26,1.5822214403869295e-26,1.582221462168876e-26,1.582221958889973e-26,1.5822219588899743e-26,1.582221959185268e-26,1.5822217163391602e-26,1.582215778779717e-26,1.5822154992038238e-26,1.5822156406818945e-26,1.5822156318196363e-26,1.5822156165176908e-26,1.5822155703940478e-26,1.5822009982496766e-26,1.582200997090393e-26,1.5822009474696537e-26,1.582200947465099e-26,1.5822010456642647e-26,1.5822010407558922e-26,1.5822010375782856e-26,1.582201066130324e-26,1.5822010424336104e-26,1.582201046387142e-26,1.5822200242590845e-26,1.582220046888774e-26,1.5822200671774574e-26,1.5822200376328995e-26,1.5822200376337625e-26,1.5822201138568122e-26,1.5822201098517907e-26,1.5822200391260026e-26,1.5822200393484305e-26,1.582220041790668e-26,1.5822200474646212e-26,1.582220009979503e-26,1.5822199825728988e-26,1.582219983740239e-26,1.5822199631281043e-26,1.5822195420655896e-26,1.5822188840732093e-26,1.582218889381041e-26,1.5822188347751573e-26,1.5822188362130237e-26,1.5822188469235574e-26,1.5822188530946418e-26,1.5822188531422522e-26,1.5822188467296895e-26,1.5822158757764042e-26,1.5822158757764034e-26,1.582215846829575e-26,1.582215861294178e-26,1.582215889502829e-26,1.582215795176777e-26,1.5822157679564262e-26,1.5822159382926132e-26,1.5822159391822435e-26,1.582220110883736e-26,1.582219440612363e-26,1.5822193856437143e-26,1.5822193393583906e-26,1.5822188890215202e-26,1.5822189193046257e-26,1.5822189226142152e-26,1.582218992944255e-26,1.5822189910377264e-26,1.582219163155418e-26,1.582219147479437e-26,1.5822191691482473e-26,1.5822193109073438e-26,1.5822228762033707e-26,1.5822225029481143e-26,1.5822225074814082e-26,1.5822224585608128e-26,1.5822222349101016e-26,1.5822223144910884e-26,1.5822223123722394e-26,1.5822235729441312e-26,1.5822235751118191e-26,1.582223571794372e-26,1.582223567528199e-26,1.58222356459107e-26,1.5822235686995632e-26,1.5822235703091223e-26,1.5822235780335965e-26,1.5822236423456756e-26,1.582223642348639e-26,1.5822236068275782e-26,1.5822237664077032e-26,1.582223803839529e-26,1.5822238021320344e-26,1.58222375495786e-26,1.582223750008697e-26,1.5822237480690274e-26,1.582223749954243e-26,1.5822237915834167e-26,1.582223724566953e-26,1.582223814045158e-26,1.5822233111663968e-26,1.582223275271925e-26,1.5822232808075686e-26,1.5822232926028953e-26,1.5822232938337415e-26,1.5822232868512985e-26,1.582223013919126e-26,1.5822230140352425e-26,1.582222974539525e-26,1.582222592057859e-26,1.5822226817160938e-26,1.5822225747303329e-26,1.5822224901787122e-26,1.5822223694860678e-26,1.5822215849757615e-26,1.5822215984229726e-26,1.5822216448043298e-26,1.582221644807746e-26,1.5822216447995024e-26,1.5822216432691898e-26,1.582221643305351e-26,1.582221645206305e-26,1.5822216452131937e-26,1.5822216451614754e-26,1.582221645756466e-26,1.5822216475967737e-26,1.5822214947868493e-26,1.5822214949276986e-26,1.5822214989022476e-26,1.5822214989021782e-26,1.5822214989014205e-26,1.5822213638667532e-26,1.582221454253014e-26,1.5822214542082968e-26,1.582221454208167e-26,1.5822214542081668e-26,1.5822214542081656e-26,1.5822214542081068e-26,1.5822214535505712e-26,1.5822216878361336e-26,1.5822216974981485e-26,1.582221698310227e-26,1.5822169869124832e-26,1.5822169100514664e-26,1.5822167633988713e-26,1.5822165735599938e-26,1.582216573732774e-26,1.582228856815898e-26,1.5822284621102006e-26,1.5822289926193154e-26,1.5822290434392953e-26,1.582229036937999e-26,1.5822280873750507e-26,1.5822280742765688e-26,1.582228077717809e-26,1.582227914682624e-26,1.5822279146801542e-26,1.5822279717965902e-26,1.5822275204011558e-26,1.5822273916774588e-26,1.5822273922010924e-26,1.5822210856242856e-26,1.582220948911604e-26,1.5822209816707214e-26,1.5822209842685556e-26,1.582220984266941e-26,1.5822209861755846e-26,1.582222801481526e-26,1.582222801373933e-26,1.5822182529053497e-26,1.5822182546709698e-26,1.5822187754003097e-26,1.582218773312011e-26,1.5822187733355352e-26,1.582218773057856e-26,1.5822187672862648e-26,1.5822188530439986e-26,1.582218852406559e-26,1.582218843213175e-26,1.5822188475868975e-26,1.582218847493028e-26,1.582219192989705e-26,1.5822194571816287e-26,1.5822194567852167e-26,1.5822230947718521e-26,1.5822231094573326e-26,1.582223110977259e-26,1.5822231156887837e-26,1.5822234588384308e-26,1.582223473387023e-26,1.5822234732693473e-26,1.5822235425402537e-26,1.5822235518151785e-26,1.5822233039752935e-26,1.5822233236245408e-26,1.5822233129192162e-26,1.5822232684595184e-26,1.5822232684586506e-26,1.582223318395328e-26,1.5822232650297763e-26,1.5822245268117144e-26,1.5822244413320563e-26,1.5822243436183344e-26,1.5822243441634203e-26,1.5822244502952538e-26,1.582224649656541e-26,1.5822245064002245e-26,1.5822245016450376e-26,1.5822245016450422e-26,1.5822160270595198e-26,1.5822159685886136e-26,1.5822271297468653e-26,1.5822272579275672e-26,1.5822273394168625e-26,1.5822273261299876e-26,1.5822272073176325e-26,1.582227231467682e-26,1.5822272358662597e-26,1.58222724118249e-26,1.582227211758333e-26,1.5822272927310692e-26,1.5822272474949756e-26,1.582227247405704e-26,1.582227325502457e-26,1.5822273255233332e-26,1.58223084395293e-26,1.5822294077597917e-26,1.5822294514789794e-26,1.5822294510757538e-26,1.5822293414575186e-26,1.5822293003157412e-26,1.5822291544418115e-26,1.5822292029817095e-26,1.5822289484434625e-26,1.582228305679931e-26,1.5822282548931291e-26,1.5822281988686428e-26,1.582228158411329e-26,1.5822281840816232e-26,1.5822473798089224e-26,1.5822729697782982e-26,1.5822875868500758e-26,1.5822906819174384e-26,1.5822887440699968e-26,1.5822998083772193e-26,1.5831294760269982e-26,1.5831294745009127e-26,1.583120128574571e-26,1.583122993048115e-26,1.5831232394594256e-26,1.5831232391200406e-26,1.5831331880948247e-26,1.58312850190655e-26,1.583129178559008e-26,1.5831286256288574e-26,1.583128625519352e-26,1.5831317741551837e-26,1.5831350015648044e-26,1.5831370454712835e-26,1.5831370196520928e-26,1.5831415591690177e-26,1.583141574114852e-26,1.5831415732611278e-26,1.583141750347836e-26,1.5831421180065617e-26,1.583142038746866e-26,1.583141977835615e-26,1.58311749600967e-26,1.583117248136327e-26,1.583117077020291e-26,1.583116434031839e-26,1.5831161754151734e-26,1.5831161345648194e-26,1.5831160709466137e-26,1.5831032764762852e-26,1.5831031817932452e-26,1.5831032172932713e-26,1.5831032185629481e-26,1.583103204269075e-26,1.583103018962543e-26,1.5831030759178417e-26,1.5831029394022874e-26,1.5831028854309816e-26,1.5831029102232012e-26,1.5831063729768957e-26,1.5831064171837967e-26,1.5831063780655477e-26,1.5831063181834955e-26,1.5831063181785556e-26,1.5831063450837737e-26,1.5831062719524334e-26,1.5831082430951573e-26,1.5831081740790218e-26,1.583108190613648e-26,1.5831081904881427e-26,1.5831074608579732e-26,1.583107937900422e-26,1.583107950530813e-26,1.583107924385277e-26,1.5831079283211603e-26,1.5831079275035346e-26,1.5831079284639333e-26,1.583108000826311e-26,1.5831107560745477e-26,1.5831107560680148e-26,1.5831107636350278e-26,1.58311073859408e-26,1.583110657578028e-26,1.583110714094358e-26,1.5831111689073648e-26,1.5831167515177285e-26,1.583116751472653e-26,1.583116726501803e-26,1.583116861631969e-26,1.58311686163158e-26,1.583116901649814e-26,1.5831168832101144e-26,1.5831169642133853e-26,1.583116964132874e-26,1.5831169613692828e-26,1.583141217013481e-26,1.5831412335817535e-26,1.5831412243342703e-26,1.583142142319703e-26,1.5831385262560448e-26,1.583138381110684e-26,1.5831384125277306e-26,1.5831385016934994e-26,1.5831384782464064e-26,1.5831378928113138e-26,1.583141669499816e-26,1.5831416868796618e-26,1.5831416949171435e-26,1.5831416978069434e-26,1.583141750424466e-26,1.5831417702551294e-26,1.5831417436160363e-26,1.5831417035121972e-26,1.583141263736302e-26,1.583140840323432e-26,1.5831403594279618e-26,1.5831403600573515e-26,1.5831403602634533e-26,1.5831403639329225e-26,1.5831403654071328e-26,1.5831403686820058e-26,1.5831403697639562e-26,1.5831403811238366e-26,1.5831403902453066e-26,1.5831403918888064e-26,1.5831453309243443e-26,1.583145280553868e-26,1.5831453051813038e-26,1.5831453179235725e-26,1.583145317045488e-26,1.5831452893621773e-26,1.5831479958608726e-26,1.5831480362715385e-26,1.583148036271566e-26,1.5831480392743396e-26,1.5831484603705344e-26,1.5831485262790017e-26,1.5831485269597814e-26,1.5831486505128143e-26,1.5831486363033946e-26,1.5831486769533287e-26,1.5831486712322106e-26,1.5831486287984337e-26,1.583148635219437e-26,1.5831486428336426e-26,1.5831486441598152e-26,1.5831486410893797e-26,1.5831486410899798e-26,1.5831487492951038e-26,1.583148578030477e-26,1.583148563523842e-26,1.583148563700808e-26,1.583147127654737e-26,1.5831471278465508e-26,1.5831470506551974e-26,1.5831443348525107e-26,1.583144387992583e-26,1.5831443879925836e-26,1.5831443883894934e-26,1.583144388389495e-26,1.583144459893025e-26,1.583144460997117e-26,1.583144474338995e-26,1.5831444743366244e-26,1.5831444744843395e-26,1.583144472716992e-26,1.5831443982013933e-26,1.5831444070303707e-26,1.5831444154572615e-26,1.5831424132916202e-26,1.58314245918132e-26,1.5831444858863024e-26,1.5831444857973107e-26,1.5831445307524675e-26,1.583143776543152e-26,1.5831435198941912e-26,1.583148596286397e-26,1.5831485956113446e-26,1.5831486038262668e-26,1.583146811350815e-26,1.583146807516908e-26,1.5831468069595685e-26,1.5831469796173442e-26,1.583146979560026e-26,1.5831469733047364e-26,1.5831470264526342e-26,1.5831469803677392e-26,1.5831469643549233e-26,1.5831468714565618e-26,1.5831468249549825e-26,1.5831468256785926e-26,1.5831469442142895e-26,1.583147202188308e-26,1.583147181701006e-26,1.583147073461028e-26,1.5831463219919905e-26,1.583120467201515e-26,1.583120467436053e-26,1.5831204673791109e-26,1.583118830545619e-26,1.583118830545431e-26,1.583118830563589e-26,1.583119045657585e-26,1.583119046959934e-26,1.583119046959934e-26,1.5831190820115257e-26,1.5831184461262727e-26,1.5831184345740776e-26,1.5831184042489628e-26,1.5831184051669914e-26,1.5831182191790593e-26,1.5831182191790182e-26,1.5831181860942625e-26,1.5831181823146332e-26,1.583118750170194e-26,1.583118909542791e-26,1.583118820733439e-26,1.5831188190829358e-26,1.5831188215119233e-26,1.5831188215121055e-26,1.5831188122556247e-26,1.583119119507579e-26,1.5831191205781184e-26,1.5831191205265677e-26,1.5831191194619173e-26,1.5831191912602594e-26,1.5831191880017437e-26,1.5831191880014145e-26,1.5831191878459927e-26,1.5831191703864488e-26,1.583119169276628e-26,1.5831190939941125e-26,1.5831190939253285e-26,1.583119093775082e-26,1.583118021964394e-26,1.5831180198158743e-26,1.5831195020059425e-26,1.5831174719134261e-26,1.5831218196761903e-26,1.5831226770775276e-26,1.583129328948659e-26,1.583129329336074e-26,1.5831293480527423e-26,1.5831293480522108e-26,1.583129356185066e-26,1.5831301355555646e-26,1.58313013633326e-26,1.5831301352616184e-26,1.583130134242897e-26,1.5831323700699387e-26,1.583132368533153e-26,1.5831323690798025e-26,1.583132334122369e-26,1.583099672786907e-26,1.5830996513661087e-26,1.5830996437514882e-26,1.5830996440491434e-26,1.5830996471427128e-26,1.5830940110904778e-26,1.5830946973539377e-26,1.5830946963554976e-26,1.5830946903465037e-26,1.5830947027557837e-26,1.5830943130268088e-26,1.5830942844207212e-26,1.583094310916564e-26,1.58309428810032e-26,1.5830943556033307e-26,1.5830943615214227e-26,1.5830944031565725e-26,1.583094529971038e-26,1.5830945056764092e-26,1.5830944898111473e-26,1.5830952154233833e-26,1.583095334030605e-26,1.5830954703438473e-26,1.5830954457003323e-26,1.5830956167942786e-26,1.5830956292707487e-26,1.5830956292612606e-26,1.5830956353855113e-26,1.583095633624792e-26,1.5830956689426705e-26,1.5830959180405273e-26,1.5830959053379342e-26,1.5830958426237465e-26,1.583095852871238e-26,1.5830940436739463e-26,1.5830939635322223e-26,1.5830939670499092e-26,1.5830939335196615e-26,1.583096619528382e-26,1.5830964580736856e-26,1.5830964417498837e-26,1.5830959775383418e-26,1.5830959757281086e-26,1.583095973948631e-26,1.583096067324824e-26,1.5830965267122667e-26,1.5830960797391003e-26,1.583096079523387e-26,1.583096074166898e-26,1.58309607981063e-26,1.5830960892037168e-26,1.5831012194659312e-26,1.5831013613788857e-26,1.583101362317436e-26,1.583101362601358e-26,1.5831013626714984e-26,1.5831013024502714e-26,1.5831013023368936e-26,1.5831013041862803e-26,1.583101316792356e-26,1.5830969964513834e-26,1.5830969590356947e-26,1.5830970012765375e-26,1.583096970399922e-26,1.5830967928340416e-26,1.5830968494880738e-26,1.5830968718636e-26,1.583097582583647e-26,1.5830975842994447e-26,1.5830975850117952e-26,1.5830975852017153e-26,1.583097584968534e-26,1.5830975809806778e-26,1.5830975745362912e-26,1.5830975770571397e-26,1.5830975845738584e-26,1.5830975206007303e-26,1.5830975750412337e-26,1.5830975750412263e-26,1.5830976359538632e-26,1.5830976360773154e-26,1.5830975043255544e-26,1.5830975042451697e-26,1.583097528220842e-26,1.5830975376121878e-26,1.5830974426826493e-26,1.5830974168766284e-26,1.583097416939365e-26,1.583095600796361e-26,1.5830957008421417e-26,1.5830956925530285e-26,1.5830956906417464e-26,1.5830956906469537e-26,1.5830957015274434e-26,1.5830956790309677e-26,1.5830959147758067e-26,1.583095831015022e-26,1.583095831028973e-26,1.5830958319450315e-26,1.5830958319452134e-26,1.5830958319508197e-26,1.5830958312455205e-26,1.5830958194112486e-26,1.583095807908924e-26,1.5830957411600014e-26,1.5830957693966522e-26,1.583095769399455e-26,1.583095704400276e-26,1.5830957049467998e-26,1.583095706034554e-26,1.5830961117349063e-26,1.583096152406492e-26,1.5830961357626735e-26,1.583096075476311e-26,1.583099061691932e-26,1.58309746505493e-26,1.5830974665810435e-26,1.5830986475441014e-26,1.583097989816006e-26,1.58309800906072e-26,1.5830975075943755e-26,1.5830975169613013e-26,1.5830974864720627e-26,1.5830974843526636e-26,1.5830974727991555e-26,1.583093774010937e-26,1.5830940397280353e-26,1.5830940683464362e-26,1.5830946866989668e-26,1.583094696959442e-26,1.5830946582177095e-26,1.5830944887867694e-26,1.5830944887901734e-26,1.5830947507842266e-26,1.5830947405725838e-26,1.583094845636568e-26,1.583095030447504e-26,1.5830950090064275e-26,1.5830950770956957e-26,1.5830950915072102e-26,1.583094926352907e-26,1.5830949274218726e-26,1.583094848625578e-26,1.5830944775510314e-26,1.5830944801495406e-26,1.583094548156007e-26,1.5830945486905456e-26,1.5830945479289885e-26,1.5830942997354947e-26,1.583094206582873e-26,1.583094187082416e-26,1.583094183529374e-26,1.5830941835154594e-26,1.5830961728712858e-26,1.5830971948330295e-26,1.583097151621893e-26,1.5830971471262924e-26,1.5830972536428575e-26,1.5830972475994932e-26,1.5830972662618987e-26,1.583096611475111e-26,1.5830967534840106e-26,1.583096753505058e-26,1.5830967529732492e-26,1.5830967896322206e-26,1.5830968130996942e-26,1.5830968086393487e-26,1.5830968086747524e-26,1.583096805486872e-26,1.583096799426409e-26,1.583096544095313e-26,1.5830961554172507e-26,1.5830967807393906e-26,1.5830967858117176e-26,1.5830967586197742e-26,1.5830961251778766e-26,1.5830961250838316e-26,1.583096129586496e-26,1.5830964588751848e-26,1.5830964578589837e-26,1.583100789825622e-26,1.583100402281565e-26,1.5831004004037204e-26,1.5831003990487178e-26,1.5831003623300912e-26,1.5831002870023342e-26,1.583100334134493e-26,1.5831001680261007e-26,1.583101565825798e-26,1.5831015421966904e-26,1.583101505220153e-26,1.58310152192446e-26,1.583101481735936e-26,1.583101487773509e-26,1.5831029342305496e-26,1.583102934751145e-26,1.583102934711794e-26,1.5831030453850107e-26,1.583103531558146e-26,1.5831035315577928e-26,1.583102486187198e-26,1.5831024781759268e-26,1.583102380954171e-26,1.5831023679999348e-26,1.5831023681703992e-26,1.5830969140202318e-26,1.5830973811620915e-26,1.58309607315553e-26,1.5830960723566652e-26,1.5830960615951057e-26,1.583097924972933e-26,1.583097916405332e-26,1.583065864952647e-26,1.5830659275157092e-26,1.5830659223443324e-26,1.583065861669411e-26,1.583065879466325e-26,1.5830658052693322e-26,1.5830657450357636e-26,1.583066007688627e-26,1.5830660076909262e-26,1.5830660090026708e-26,1.5830660160271102e-26,1.5830660139335284e-26,1.5830659437285153e-26,1.5830657251306373e-26,1.5830657300386086e-26,1.583065730533305e-26,1.5830657479104267e-26,1.583065711118438e-26,1.583065737078855e-26,1.5830657370781687e-26,1.5830657370442674e-26,1.5830657325843603e-26,1.5830657325844352e-26,1.5830657640667186e-26,1.5830657659336597e-26,1.583065765879186e-26,1.5830657405301227e-26,1.5830657063402272e-26,1.5830650902703233e-26,1.5830650902703773e-26,1.5830648488769966e-26,1.5830644743128814e-26,1.58306443299854e-26,1.5830622237202118e-26,1.5830623903450483e-26,1.583062459525378e-26,1.5830627545740142e-26,1.5830608956474703e-26,1.5830599460368015e-26,1.5830599443780467e-26,1.5830599668643775e-26,1.5830600368237877e-26,1.5830567884968198e-26,1.5830567878925672e-26,1.583056796962921e-26,1.583057348370887e-26,1.5830574118373865e-26,1.5830579573419777e-26,1.5830578413997255e-26,1.5830578414011796e-26,1.5830578413961557e-26,1.583057829885814e-26,1.5830578209428102e-26,1.5830596237823003e-26,1.58305965563098e-26,1.583059669151175e-26,1.583059670427821e-26,1.5830595533302423e-26,1.5830594324396898e-26,1.5830593953403723e-26,1.583059425535569e-26,1.5830593562647516e-26,1.5830594506500875e-26,1.5830593418469586e-26,1.5830591944713435e-26,1.5830591874876113e-26,1.583059270586112e-26,1.5830592648768564e-26,1.583059265622928e-26,1.5830591871657819e-26,1.5830591877984618e-26,1.5830592905687873e-26,1.5830593151287308e-26,1.5830592728087675e-26,1.5830592946709213e-26,1.583059286081475e-26,1.5830592852968535e-26,1.5830592893235043e-26,1.5830592849186764e-26,1.5830593088083732e-26,1.5830593132976447e-26,1.5830593122631652e-26,1.5830593079871656e-26,1.583059304472293e-26,1.5830592939943893e-26,1.583059294710511e-26,1.5830592950568135e-26,1.5830592950969175e-26,1.5830593182878495e-26,1.5830593167753272e-26,1.5830593174926968e-26,1.5830593358037238e-26,1.5830593004712823e-26,1.5830592953452774e-26,1.5830592996726274e-26,1.5830593130219496e-26,1.5830593130218458e-26,1.5830593138605748e-26,1.5830593136988082e-26,1.5830592705810495e-26,1.5830592706862893e-26,1.5830592705378774e-26,1.5830592790501896e-26,1.5830592790553384e-26,1.583059279059997e-26,1.583059559056606e-26,1.5830595652323131e-26,1.5830595635424686e-26,1.5830595620781886e-26,1.5830596798785975e-26,1.5830596798551045e-26,1.583059627418996e-26,1.5830596274482e-26,1.58305964625377e-26,1.583058985865697e-26,1.58305897986356e-26,1.583058979863747e-26,1.583058989472852e-26,1.5830588391752722e-26,1.5830592979456822e-26,1.583059267786858e-26,1.583059265517691e-26,1.5830584625767845e-26,1.583058872766557e-26,1.583059005973631e-26,1.5830589980624398e-26,1.5830590482993192e-26,1.5830590563911732e-26,1.5830590602649798e-26,1.5830589853692868e-26,1.583059353069907e-26,1.5830593180949482e-26,1.583059327468089e-26,1.5830593321476632e-26,1.5830593139053535e-26,1.583059296418558e-26,1.5830575502583135e-26,1.5830204059442964e-26,1.5830213328719833e-26,1.5830213328035595e-26,1.5830213218777192e-26,1.5830213006278096e-26,1.5830213006457184e-26,1.5830214064964555e-26,1.5830214068603132e-26,1.583021371877627e-26,1.58302137564881e-26,1.583021418608579e-26,1.583021397788913e-26,1.583021456767008e-26,1.583021438805909e-26,1.5830214475241876e-26,1.5830214918115686e-26,1.5830214903694744e-26,1.583021491565296e-26,1.5830214950493194e-26,1.5830214950975554e-26,1.5830214105504282e-26,1.58302139172129e-26,1.5830213917149194e-26,1.5830213171424107e-26,1.5830213101612895e-26,1.5830212944921295e-26,1.5830212944922417e-26,1.5830212945320033e-26,1.5830212927870135e-26,1.5830212927875616e-26,1.5830212927875594e-26,1.5830214347791326e-26,1.583021434808368e-26,1.5830240596113862e-26,1.583024058971447e-26,1.5830240993510324e-26,1.5830237276608282e-26,1.5830237339618596e-26,1.5830236970508806e-26,1.5830237099036102e-26,1.583023731095743e-26,1.5830237310961478e-26,1.5830237219759656e-26,1.5830236861412183e-26,1.583023665825282e-26,1.5830236724286795e-26,1.5830236724286686e-26,1.5830236700523896e-26,1.5830239425646675e-26,1.583023958721069e-26,1.5830239478023578e-26,1.5830242302477886e-26,1.5830242301447956e-26,1.5830266286541998e-26,1.583026890220183e-26,1.5830268902217928e-26,1.583026890221792e-26,1.5830268929958182e-26,1.5830270917436233e-26,1.583026844070507e-26,1.5830268440690253e-26,1.5830342832018714e-26,1.5830341759880034e-26,1.5830341862344063e-26,1.5830341862344066e-26,1.5830341859874187e-26,1.583034186063638e-26,1.5830341860628154e-26,1.5830341861044068e-26,1.5830341892895924e-26,1.583034193155715e-26,1.583034193155134e-26,1.5830343839436653e-26,1.58303438393531e-26,1.5830343839360687e-26,1.583034384014492e-26,1.583034384014531e-26,1.583034384192972e-26,1.583034384188245e-26,1.583034390435858e-26,1.5830343899181598e-26,1.5830343899937108e-26,1.583034384963494e-26,1.5830343340470378e-26,1.5830343352493843e-26,1.5830343082400193e-26,1.583034293189783e-26,1.5830342934947892e-26,1.5830342913765016e-26,1.5830342366064023e-26,1.5830307458531877e-26,1.583047890544516e-26,1.583048129758838e-26,1.583047878398745e-26,1.5830481260315484e-26,1.583048126046521e-26,1.5830481211828293e-26,1.5830481232644312e-26,1.5830475208385795e-26,1.583047520838505e-26,1.583047677747174e-26,1.5830477073843176e-26,1.583047707327029e-26,1.5830477914082104e-26,1.5830477944446615e-26,1.583047758641673e-26,1.5830477593616085e-26,1.5830477595547704e-26,1.5830477605064728e-26,1.583050288498045e-26,1.5830502855821378e-26,1.5830507774988194e-26,1.5830507809131096e-26,1.5830508081417023e-26,1.5830508079877888e-26,1.5830508078524282e-26,1.5830508077912503e-26,1.5830508077235816e-26,1.583050809593528e-26,1.583050893971664e-26,1.5830508939961173e-26,1.5830508990679774e-26,1.5830508710880952e-26,1.583050901056404e-26,1.5830508368531948e-26,1.5830508366323638e-26,1.5830508381880846e-26,1.5830508444715195e-26,1.5830508443357355e-26,1.583050841325901e-26,1.5830508423203525e-26,1.5830508423219946e-26,1.5830507381020103e-26,1.583050738085006e-26,1.5830507368816437e-26,1.5830507439605427e-26,1.583050112294834e-26,1.5830527891888784e-26,1.5830523330512085e-26,1.5830521120875893e-26,1.583052111734094e-26,1.5830520435773268e-26,1.5830507045655252e-26,1.58305069282278e-26,1.5830494666687255e-26,1.5830494494172255e-26,1.5830494282981967e-26,1.5830497041856917e-26,1.5830494976124012e-26,1.583049497700493e-26,1.5830492109693048e-26,1.5830492052363405e-26,1.5830548268415287e-26,1.583054825453475e-26,1.5830550294734397e-26,1.5830555656711494e-26,1.5830555652266044e-26,1.5830555633989182e-26,1.5830555633977235e-26,1.5830555717331204e-26,1.5830550211348628e-26,1.583055021133279e-26,1.583055021113072e-26,1.5830583499901703e-26,1.5830583505214748e-26,1.583060707869004e-26,1.5830607078690146e-26,1.5830607084621858e-26,1.5830606911567316e-26,1.583060221592169e-26,1.5830602215907423e-26,1.5830600678606483e-26,1.5830605390924322e-26,1.5830605390975248e-26,1.5830605397232155e-26,1.583059947915798e-26,1.5830599499216006e-26,1.5830599545544344e-26,1.5830599520127542e-26,1.583059953472452e-26,1.5830599907995716e-26,1.5830599908291234e-26,1.5830599228967343e-26,1.5830598157506596e-26,1.5830598036655632e-26,1.5830602371040064e-26,1.5830602371041697e-26,1.5830602490038123e-26,1.5830602491770787e-26,1.583060147074599e-26,1.5830601470812482e-26,1.5830601152837326e-26,1.5830600837120955e-26,1.5830600527965433e-26,1.58306005366184e-26,1.5830600536704346e-26,1.5830600536597203e-26,1.5830600865035634e-26,1.5830600703307396e-26,1.583060074242568e-26,1.5830604108319374e-26,1.5830604100544888e-26,1.5830604100503447e-26,1.5830604100544822e-26,1.583060383022158e-26,1.5830604037733036e-26,1.5830604041031497e-26,1.5830604041126946e-26,1.5830604041096098e-26,1.5830604041062948e-26,1.5830603982880515e-26,1.5830603956753368e-26,1.5830603956715107e-26,1.5830603955973004e-26,1.5830603963986713e-26,1.5830603963986627e-26,1.5830603963985594e-26,1.5830603963936697e-26,1.5830604059140728e-26,1.5830604059040447e-26,1.5830604059010454e-26,1.583060445712408e-26,1.5830604457114316e-26,1.5830599300057614e-26,1.5830599253729123e-26,1.5830599253719673e-26,1.583059925293915e-26,1.5830599257146133e-26,1.5830598929586473e-26,1.583059892554065e-26,1.583059908419985e-26,1.583059720684081e-26,1.5830597208470087e-26,1.5830597198243045e-26,1.583059256637552e-26,1.5830591281201057e-26,1.5830591281209652e-26,1.5830591345625985e-26,1.583059404426367e-26,1.5830594044835798e-26,1.5830594039816887e-26,1.58306027414501e-26,1.5830602785118306e-26,1.5830603726116423e-26,1.5830606016990917e-26,1.583060622144182e-26,1.5830606125810496e-26,1.583060660979869e-26,1.583060660980435e-26,1.5830600197795022e-26,1.5830601730674234e-26,1.5830602027206574e-26,1.5830602011297096e-26,1.5830602004901147e-26,1.5830601971034176e-26,1.583060177127778e-26,1.583060177176491e-26,1.583060177654095e-26,1.5830602831006983e-26,1.5830602831107542e-26,1.5830602916883216e-26,1.583060287452088e-26,1.5830602874508183e-26,1.5830602874533845e-26,1.5830601780595582e-26,1.5830613761096485e-26,1.5830613760559534e-26,1.5830613763120648e-26,1.583061317266938e-26,1.5830603438936013e-26,1.583060343901839e-26,1.5830603592828628e-26,1.5830603022314088e-26,1.583060313909648e-26,1.5830603224380614e-26,1.5830602687292975e-26,1.5830602243192937e-26,1.5830602243193654e-26,1.5830602312369654e-26,1.5830602303470668e-26,1.583060458291622e-26,1.583060458291622e-26,1.5830604515076086e-26,1.5830604506248976e-26,1.58306045127336e-26,1.5830624468558272e-26,1.583062502118503e-26,1.5830625009900555e-26,1.58306248319047e-26,1.5830625202351887e-26,1.5830597838468507e-26,1.5830597843416775e-26,1.5830597907639077e-26,1.5830597643567342e-26,1.5830597700666145e-26,1.5830597699212504e-26,1.5830598961397649e-26,1.5830599189709855e-26,1.5830595651048004e-26,1.583059565503869e-26,1.5830595655042725e-26,1.5830595668735902e-26,1.5830595668716763e-26,1.5830595668716798e-26,1.583059531782024e-26,1.5830595035729571e-26,1.5830595118333482e-26,1.583059515733689e-26,1.583059358088916e-26,1.5830593578251147e-26,1.583059393126488e-26,1.5830594449556192e-26,1.5830594235961826e-26,1.583059863683996e-26,1.5830598957171514e-26,1.583059890756186e-26,1.583059853404317e-26,1.5830598434951996e-26,1.58305984349542e-26,1.5830598839129215e-26,1.5830598829060044e-26,1.5830600657871165e-26,1.5830602161271665e-26,1.5830635572602832e-26,1.5830640248356974e-26,1.5830640660494457e-26,1.5830640656469867e-26,1.5830641232469178e-26,1.583064122989222e-26,1.58306409138865e-26,1.58306404944834e-26,1.5830640502752473e-26,1.5830638326525475e-26,1.5830638438475046e-26,1.5830638369147865e-26,1.583063846767202e-26,1.5830637980777457e-26,1.5830636646632807e-26,1.583063664663282e-26,1.5830636242177415e-26,1.5830637341354078e-26,1.5830513106556222e-26,1.5830513128509179e-26,1.583051312855311e-26,1.5830506611166155e-26,1.5830674832703238e-26,1.583051736157342e-26,1.583051736901848e-26,1.5830517337825555e-26,1.5830517340077751e-26,1.583051730502437e-26,1.5830517391118643e-26,1.5830517381776075e-26,1.5830517381711796e-26,1.5830517750062596e-26,1.5830517750062587e-26,1.583051923557609e-26,1.5830519235602137e-26,1.583051648947693e-26,1.5830516489488845e-26,1.5830516454436313e-26,1.5830516453790376e-26,1.5830513000338885e-26,1.5830510694490845e-26,1.5830510311474378e-26,1.5830511166066976e-26,1.5830511160791558e-26,1.5830511349854694e-26,1.5830511459267636e-26,1.583054240535615e-26,1.5830542506300863e-26,1.5830541805769883e-26,1.5830541812869416e-26,1.5830541807721442e-26,1.583054173808622e-26,1.5830540621773316e-26,1.5830540557791976e-26,1.5830540565454727e-26,1.5830540565454854e-26,1.5830541001158507e-26,1.5830541005667883e-26,1.5830538687027408e-26,1.583053884535461e-26,1.5830543200406256e-26,1.583054324315179e-26,1.5830543243510122e-26,1.583054326824822e-26,1.583054290266323e-26,1.58305421257761e-26,1.583054249610508e-26,1.5830542959394486e-26,1.5830542942844326e-26,1.5830540904344241e-26,1.583054042361494e-26,1.583054042361315e-26,1.5830540423612878e-26,1.5830543725076548e-26,1.5830543725077168e-26,1.583054372508201e-26,1.5830543725081995e-26,1.5830542651860492e-26,1.5830541993416934e-26,1.5830554478155365e-26,1.5830574818919412e-26,1.5830574808279856e-26,1.5830574806851088e-26,1.5830574753737633e-26,1.5830574753737722e-26,1.5830574752309362e-26,1.583057489043566e-26,1.5830527513214738e-26,1.583052738858108e-26,1.583052740677952e-26,1.5830527418003518e-26,1.5830527418004603e-26,1.5830806842019613e-26,1.5830806837749395e-26,1.583080704330927e-26,1.5830807043075725e-26,1.5830806808008337e-26,1.583080680804635e-26,1.5830806808002887e-26,1.583080683557491e-26,1.5830806849583558e-26,1.5830807240530763e-26,1.5830807288705216e-26,1.5830807280973e-26,1.5830807363958626e-26,1.5830807358380727e-26,1.583080735838309e-26,1.5830807502089466e-26,1.5830807492574057e-26,1.5830807488486347e-26,1.583080705133101e-26,1.5830807194066307e-26,1.5830807369486233e-26,1.5830807490117374e-26,1.583080738228621e-26,1.5830807384116948e-26,1.5830807382803247e-26,1.5830804398471172e-26,1.5830804612222172e-26,1.5830805356123418e-26,1.583080535999423e-26,1.5830805163339354e-26,1.5830805360085872e-26,1.583080371471946e-26,1.583080364329378e-26,1.5830803379871404e-26,1.5830804685047416e-26,1.583080489584071e-26,1.5830804848462184e-26,1.5830805565689443e-26,1.5830804773854462e-26,1.583080401157373e-26,1.5830805858606624e-26,1.5830805859789976e-26,1.583080579620548e-26,1.58308058055668e-26,1.5830807900610462e-26,1.5830807896872066e-26,1.5830808208411586e-26,1.5830807987372398e-26,1.583081102789663e-26,1.5830808080356526e-26,1.5830808775551014e-26,1.5830811122687793e-26,1.583081138358392e-26,1.5830810893384633e-26,1.58308108935252e-26,1.5830810798011518e-26,1.5830807569067478e-26,1.5830742688904424e-26,1.5830742138195055e-26,1.5830742138180146e-26,1.5830742177919105e-26,1.583074193942589e-26,1.5830741938442838e-26,1.5830741943438597e-26,1.5830741943499203e-26,1.5830741943141065e-26,1.583074194124319e-26,1.5830740991812554e-26,1.5830738422577797e-26,1.5830738220272312e-26,1.583073882993199e-26,1.5830739779697754e-26,1.5830832784123383e-26,1.5830831159597164e-26,1.5830827044130675e-26,1.5830827689685905e-26,1.5830826477130653e-26,1.5830826709069507e-26,1.5830828374387983e-26,1.583083169681581e-26,1.5830831690758397e-26,1.5830831878615277e-26,1.5830844574146067e-26,1.583084434816491e-26,1.5830844464454135e-26,1.583653963935822e-26,1.5836538359065918e-26,1.583653835776228e-26,1.583653783925358e-26,1.5836537836278618e-26,1.583654537286202e-26,1.583654537233867e-26,1.5836545382544785e-26,1.5836552784598018e-26,1.583655753907994e-26,1.5836453682886005e-26,1.583645373141872e-26,1.5836453731419506e-26,1.583644984489863e-26,1.5836450402533616e-26,1.5836445988476002e-26,1.583644597597038e-26,1.5836445822260667e-26,1.5836445824383737e-26,1.5836446405088623e-26,1.5836443973333323e-26,1.5836443973297062e-26,1.583644328438026e-26,1.5836437789857502e-26,1.583643784428158e-26,1.5836437765467185e-26,1.583643776409743e-26,1.5836437473124538e-26,1.5836436690824484e-26,1.583643525587371e-26,1.5836430222730013e-26,1.583643022338366e-26,1.5836426477105535e-26,1.5836434292811092e-26,1.583643425646298e-26,1.5836434367238094e-26,1.5836434375079057e-26,1.5836434299741418e-26,1.583643430009413e-26,1.5836435000758833e-26,1.5836437269348463e-26,1.5836437329151184e-26,1.5836438972883727e-26,1.5836432523779418e-26,1.5836436001160003e-26,1.5836436030168778e-26,1.5836631820888857e-26,1.583663288622674e-26,1.583663260566443e-26,1.5836632613931434e-26,1.583663239518613e-26,1.5836633111306124e-26,1.583663326513375e-26,1.58366331175061e-26,1.5836640827226397e-26,1.5836640584914948e-26,1.5836641516215345e-26,1.583663450523147e-26,1.5836634505765286e-26,1.5836635610173387e-26,1.5836635767733358e-26,1.583663546532112e-26,1.5836638580065222e-26,1.5836639062575494e-26,1.583663765629043e-26,1.5836638069327802e-26,1.583663437732365e-26,1.583662109171461e-26,1.5836622767898896e-26,1.5836666409312576e-26,1.583666670999177e-26,1.5836667058639427e-26,1.583666705512711e-26,1.5836668305905008e-26,1.5836702616639453e-26,1.583670259551288e-26,1.583671235206949e-26,1.5836712391817847e-26,1.5836712848688693e-26,1.5836713077390268e-26,1.5836714755696415e-26,1.5836715029910468e-26,1.5836717957595091e-26,1.5836717885084197e-26,1.5836737348410895e-26,1.5836737351374513e-26,1.5836737367635876e-26,1.583673774906131e-26,1.583673726088194e-26,1.583673683624468e-26,1.583673685584816e-26,1.5836737063944663e-26,1.5836737125033598e-26,1.583673722471203e-26,1.5836737085811447e-26,1.5836737085854058e-26,1.583673639483693e-26,1.5836736683066497e-26,1.5836736715476233e-26,1.583673669939574e-26,1.5836736699605306e-26,1.5836736692797785e-26,1.5836736692805665e-26,1.5836736680232264e-26,1.5836736636077815e-26,1.5836737628782303e-26,1.583673635432008e-26,1.5836736523630814e-26,1.5836736375475116e-26,1.583673400657682e-26,1.5836734004037525e-26,1.5836734434776236e-26,1.5836734456436066e-26,1.583673447926578e-26,1.583673447912735e-26,1.5836734169916828e-26,1.5836733989272464e-26,1.583673410419234e-26,1.5836733453425276e-26,1.5836733453990216e-26,1.5836733449461168e-26,1.583673342446725e-26,1.583673279736169e-26,1.5836732722003352e-26,1.583673274193435e-26,1.5836733558921488e-26,1.5836735486456327e-26,1.583673008692684e-26,1.583673050623026e-26,1.5836729478577675e-26,1.5836729471445162e-26,1.5836718077414393e-26,1.5836711128350515e-26,1.583671026738981e-26,1.5836709521600052e-26,1.5836712551864916e-26,1.5836712558890776e-26,1.5836712665427123e-26,1.583671188106529e-26,1.5836709517496437e-26,1.5836710519222877e-26,1.5836711680830765e-26,1.5836708772331383e-26,1.583670865353775e-26,1.5836708652945465e-26,1.5836710928070775e-26,1.5836708950190233e-26,1.5836709074225146e-26,1.5836709078109965e-26,1.583670865501971e-26,1.5836708447176114e-26,1.5836710363672743e-26,1.5836709719993394e-26,1.5836709167824816e-26,1.5836708990180026e-26,1.5836708990630023e-26,1.583670899402319e-26,1.5836710112076997e-26,1.5836712288385356e-26,1.583665577767584e-26,1.5836655674480687e-26,1.58366556722926e-26,1.5836423531326848e-26,1.5836423531478044e-26,1.5836423192280278e-26,1.5836423400360365e-26,1.5836423400378396e-26,1.5836423407540813e-26,1.5836423345883856e-26,1.5836423248058803e-26,1.5836423249231594e-26,1.5836422893025644e-26,1.583642201422908e-26,1.5836422124487533e-26,1.583642212274034e-26,1.583643508827478e-26,1.5836435166258445e-26,1.5836452526101555e-26,1.5836452214255686e-26,1.58364527462001e-26,1.5836452746008423e-26,1.5836451788943302e-26,1.583645301037557e-26,1.5836453001726813e-26,1.5836453658753134e-26,1.5836453471567953e-26,1.583645347156215e-26,1.583645427534647e-26,1.5836454208817247e-26,1.5836454376702633e-26,1.5836483310825986e-26,1.5836482839520564e-26,1.583648699237192e-26,1.5836487479461482e-26,1.5836490144990988e-26,1.583649014395788e-26,1.583648971737993e-26,1.583648936570235e-26,1.5836489337501008e-26,1.5836500560218944e-26,1.5836500547987073e-26,1.583649139133418e-26,1.583649071383109e-26,1.5836493261680096e-26,1.5836493284007808e-26,1.5836495842246837e-26,1.5836495842184598e-26,1.5836495846168344e-26,1.5836048580631787e-26,1.583604923352723e-26,1.583604923062518e-26,1.583604849445457e-26,1.5836048488831567e-26,1.5836050697529094e-26,1.5836050569493773e-26,1.5836050561861787e-26,1.5836049413288464e-26,1.583605004963207e-26,1.5836050052924198e-26,1.5836047464441537e-26,1.583604746288088e-26,1.5836109976206677e-26,1.5836109854450427e-26,1.5836110046147472e-26,1.5836110270285158e-26,1.5836110191875257e-26,1.5836111112138942e-26,1.5836111111749582e-26,1.583611083524256e-26,1.583611083558601e-26,1.583611096831031e-26,1.583611096829359e-26,1.58361109445456e-26,1.5836110944849588e-26,1.5836110944638501e-26,1.5836110940670103e-26,1.5836110940447482e-26,1.583611055518099e-26,1.583611028667357e-26,1.5836110285715433e-26,1.5836110709916254e-26,1.5836111033135e-26,1.5836110555618805e-26,1.5836110578018903e-26,1.5836111839310061e-26,1.583611154445572e-26,1.5836111464094492e-26,1.5836098488295316e-26,1.5836098486455194e-26,1.5836086034660238e-26,1.583608604009676e-26,1.5836085599070977e-26,1.5836101695682592e-26,1.5836101750222086e-26,1.5836101754634515e-26,1.583610124936676e-26,1.5836101249253543e-26,1.5836100735269298e-26,1.5836100445868498e-26,1.583610044582481e-26,1.5836102353430746e-26,1.5836101815143396e-26,1.5836102619943236e-26,1.583610274923005e-26,1.58361030681475e-26,1.583610291470872e-26,1.5836102936798697e-26,1.58361039596039e-26,1.5836103770991652e-26,1.5836103551676555e-26,1.5836102147074285e-26,1.5836102147178404e-26,1.5836102348252957e-26,1.583610263427652e-26,1.583610263092011e-26,1.583610329165004e-26,1.5836103210427485e-26,1.5836103210820237e-26,1.5836103210807647e-26,1.5836103033497985e-26,1.5836103035019727e-26,1.583610359136344e-26,1.5836103514642106e-26,1.5836103516321674e-26,1.5836103515127847e-26,1.5836103558836403e-26,1.5836104270839806e-26,1.5836104316807478e-26,1.5836104405496693e-26,1.5836104514550656e-26,1.583610451571152e-26,1.583610451485779e-26,1.5836104556363833e-26,1.5836104555416897e-26,1.583610459970249e-26,1.583610487189496e-26,1.5836104175335536e-26,1.583610424585501e-26,1.5836185153524184e-26,1.5836192463719465e-26,1.583619258517187e-26,1.5836213755221434e-26,1.5836214204808273e-26,1.5836210887987578e-26,1.5836212943473467e-26,1.5836210386082887e-26,1.583621685729971e-26,1.583621686472189e-26,1.5836216867082693e-26,1.5836216416098916e-26,1.583622165110341e-26,1.5836221643835754e-26,1.5836219223598876e-26,1.5836219223518494e-26,1.5836219585142074e-26,1.5836218125102378e-26,1.583621743197105e-26,1.5836216848763302e-26,1.5836215549323777e-26,1.5836215582684105e-26,1.5836215582992357e-26,1.5836209725560024e-26,1.5836209726828777e-26,1.5836209722370683e-26,1.5836210076106877e-26,1.5836210305404715e-26,1.583621164302409e-26,1.5836211644168286e-26,1.5836210896773282e-26,1.583595440808934e-26,1.5835949616300082e-26,1.5835960312359373e-26,1.5835959468043494e-26,1.583595946683465e-26,1.5835959272741137e-26,1.58359555312896e-26,1.5835953659365492e-26,1.583622534046875e-26,1.5836226791719362e-26,1.5836226779481312e-26,1.5836223706162822e-26,1.5836223777135435e-26,1.5836223776915816e-26,1.583622389488492e-26,1.583622348573107e-26,1.5836233544700387e-26,1.5836212313685147e-26,1.5836212397705127e-26,1.5836212397700982e-26,1.583621239789351e-26,1.5836212526995428e-26,1.5836213246331195e-26,1.5836213158869525e-26,1.5836213194495333e-26,1.583621351157341e-26,1.5836213516156565e-26,1.583621357923306e-26,1.5836213580485183e-26,1.583621358051101e-26,1.5836213602022163e-26,1.583621360354681e-26,1.583621344263927e-26,1.5836213633833588e-26,1.5836222577254742e-26,1.5836223126458548e-26,1.5836223112773266e-26,1.583622311281197e-26,1.58362233797863e-26,1.5836250634181263e-26,1.5836250692537728e-26,1.5836250609135893e-26,1.5836250565684774e-26,1.5836250860188706e-26,1.583621592304601e-26,1.5836215782185118e-26,1.5836215623438414e-26,1.583621212447173e-26,1.583621907774662e-26,1.583622496050961e-26,1.583622584649343e-26,1.5836219874745567e-26,1.5836219159780705e-26,1.5836218941691582e-26,1.5836218924797295e-26,1.5836224680683584e-26,1.583622468107871e-26,1.5836224619964686e-26,1.583622463890618e-26,1.583622486849326e-26,1.5836225014304186e-26,1.5836224994750368e-26,1.5836225015893755e-26,1.583622280128056e-26,1.5836222703708122e-26,1.583622270393575e-26,1.5836222707960978e-26,1.5836216511838982e-26,1.583621631824169e-26,1.5836216340840298e-26,1.5836216385283004e-26,1.5836216333981833e-26,1.5836218605684474e-26,1.583623361867938e-26,1.5836233617723795e-26,1.5836233344882648e-26,1.5836232844087918e-26,1.5836233638212805e-26,1.583623362062019e-26,1.5836234088927453e-26,1.5836234035124293e-26,1.5836234110186383e-26,1.5836234163806535e-26,1.5836200489242246e-26,1.5836200750020352e-26,1.5836200765186927e-26,1.583620049643703e-26,1.5836200677047764e-26,1.5836199535644847e-26,1.583619974067015e-26,1.5836201716941293e-26,1.583620140216832e-26,1.5836203199427775e-26,1.583620325474471e-26,1.5836204754947815e-26,1.5836204451755628e-26,1.5836203049894998e-26,1.583620283007884e-26,1.5836204512846508e-26,1.5836203910817358e-26,1.583620425088159e-26,1.5836203639081362e-26,1.583620252030211e-26,1.5836202525838494e-26,1.5836203673862664e-26,1.5836203699089272e-26,1.5836203671151055e-26,1.5836203679388868e-26,1.583620342666921e-26,1.5836203380555776e-26,1.5836203072972113e-26,1.5836203093821316e-26,1.5836203465335333e-26,1.5836203670920846e-26,1.583620367172234e-26,1.583620452584051e-26,1.583620418031099e-26,1.5836208694045324e-26,1.5836208164902365e-26,1.583620816421268e-26,1.5836208192029606e-26,1.5836208666044184e-26,1.5836208563272464e-26,1.5836210530941297e-26,1.583620986861956e-26,1.5836209897247824e-26,1.5836209897031408e-26,1.5836209895505432e-26,1.5836209360857718e-26,1.5836208401569696e-26,1.583620977471987e-26,1.5836210389935934e-26,1.583620795219574e-26,1.583620788369736e-26,1.583620843586021e-26,1.5836208433676918e-26,1.5836213192317695e-26,1.583621495312348e-26,1.5836215129490508e-26,1.5836215458787862e-26,1.5836215478921248e-26,1.583621360518229e-26,1.5836213538483903e-26,1.583621352388067e-26,1.5836218482470035e-26,1.5836115865802137e-26,1.5836115869030795e-26,1.583611549015604e-26,1.583611539064666e-26,1.5836115863373065e-26,1.5836115858790405e-26,1.5836117780704266e-26,1.5836125921755297e-26,1.5836125940175414e-26,1.5836125951833093e-26,1.583612596772321e-26,1.5836128198522706e-26,1.5836127909042434e-26,1.583636380531758e-26,1.5836363805401124e-26,1.583636339666628e-26,1.583636340571506e-26,1.5836362642634206e-26,1.5836361572403342e-26,1.5836359542983326e-26,1.583635955210085e-26,1.5836359539861628e-26,1.5836359270214732e-26,1.583637686685829e-26,1.58363766512379e-26,1.583637658722479e-26,1.5836374654675447e-26,1.5836374630981875e-26,1.583637513291317e-26,1.583637513151873e-26,1.5836375131519314e-26,1.5836375131505622e-26,1.5836375388926174e-26,1.5836375414208285e-26,1.5836375574168044e-26,1.5836375574497337e-26,1.5836375574504925e-26,1.5836379218252496e-26,1.5836379209712934e-26,1.5836379433446608e-26,1.5836379422693802e-26,1.5836379444531382e-26,1.5836382349728436e-26,1.5836382338861737e-26,1.5836396669640624e-26,1.5836395459962278e-26,1.5836395460434565e-26,1.583639113613486e-26,1.583639112950795e-26,1.583639112977354e-26,1.583639113247325e-26,1.5836391178518406e-26,1.5836388922929557e-26,1.5836388787656293e-26,1.5836391796025287e-26,1.5836391719211033e-26,1.583639313163566e-26,1.5836391147449155e-26,1.583638989925926e-26,1.5836393218139458e-26,1.5836393221590374e-26,1.583639322207401e-26,1.583639322218614e-26,1.58363930053386e-26,1.583638133713908e-26,1.5836381302785996e-26,1.5836381274634436e-26,1.5836381274634002e-26,1.5836381291152674e-26,1.583638130462093e-26,1.5836381976484116e-26,1.583638197251477e-26,1.583638138967014e-26,1.5836380721956378e-26,1.5836380874794168e-26,1.5836370651880597e-26,1.583637009259004e-26,1.5836370119001053e-26,1.58363701191269e-26,1.583637011912697e-26,1.5836370119128684e-26,1.5836370134089886e-26,1.5836370138147106e-26,1.5836265622563835e-26,1.583626571019249e-26,1.583626573010462e-26,1.583626551393075e-26,1.5836265531192154e-26,1.5836265531075397e-26,1.5836265528222915e-26,1.583626549455338e-26,1.5836265494498748e-26,1.5836265647653175e-26,1.5836265765555588e-26,1.5836265672821694e-26,1.5836266083916448e-26,1.5836265912661007e-26,1.5836259963175315e-26,1.5836255968157826e-26,1.5836255968147856e-26,1.5836256084596623e-26,1.583625954551825e-26,1.583625918382238e-26,1.583625921243143e-26,1.5836259200071333e-26,1.5836224979968897e-26,1.583617933531097e-26,1.5836179274600694e-26,1.5836179270360552e-26,1.583617934985536e-26,1.583617932140876e-26,1.5836180507440168e-26,1.5836180502836013e-26,1.5836180387718273e-26,1.5836180386707941e-26,1.5836180388710788e-26,1.583618040833136e-26,1.583617895273677e-26,1.5836177234521154e-26,1.5836177234383808e-26,1.5836177208971586e-26,1.5836177207262634e-26,1.5836177092240546e-26,1.5836178220969834e-26,1.5836177746744703e-26,1.583617737766055e-26,1.5836178609608967e-26,1.5836090658131322e-26,1.5836090408564274e-26,1.5836090327056598e-26,1.5836090465174716e-26,1.583609035950963e-26,1.5836090483322288e-26,1.583609037179116e-26,1.5836087724429832e-26,1.5836087722969633e-26,1.5836087723323427e-26,1.583608592179447e-26,1.5836085861327418e-26,1.5836085861477173e-26,1.583608579739237e-26,1.5836085801698573e-26,1.5836083430887434e-26,1.5836082279458217e-26,1.5836081878841833e-26,1.583608187883575e-26,1.583608187883107e-26,1.583607904847477e-26,1.5836079041300835e-26,1.5836079230284287e-26,1.583607668090523e-26,1.5836076559910685e-26,1.5836076421815035e-26,1.5836077765713312e-26,1.5836077610397006e-26,1.5836080164001415e-26,1.5836081153449785e-26,1.5836082494661994e-26,1.5836082396833104e-26,1.5836082180191745e-26,1.5836082093351345e-26,1.5836081929401262e-26,1.583608193175975e-26,1.5836081796090974e-26,1.5836084825826164e-26,1.5836084711051005e-26,1.5836084711420494e-26,1.5836090908590474e-26,1.5836103163771322e-26,1.5836103254125268e-26,1.5836102356720982e-26,1.583610235327017e-26,1.5836102352206935e-26,1.5836120898690412e-26,1.5836121601258625e-26,1.583612146653573e-26,1.5836122382147974e-26,1.5836120795662416e-26,1.5836120783084613e-26,1.5836119359736598e-26,1.5836119453393152e-26,1.5836119467625157e-26,1.5836119559857078e-26,1.583611963014142e-26,1.5836120329234538e-26,1.583612049469386e-26,1.5836120831676891e-26,1.5836120874683104e-26,1.583612084040066e-26,1.5836118255552578e-26,1.583611084465721e-26,1.5836111103143434e-26,1.5836109920427894e-26,1.583611011366231e-26,1.5836105841030764e-26,1.5836106388323752e-26,1.5836136386150207e-26,1.5836136385848754e-26,1.5836136390967665e-26,1.5836136101302037e-26,1.5836135977591677e-26,1.5836136020576417e-26,1.5836136577901214e-26,1.5836136577901217e-26,1.583613657790464e-26,1.5836135766203033e-26,1.5836135766202979e-26,1.5836135766277747e-26,1.583613576655672e-26,1.5836135763059174e-26,1.583613576821572e-26,1.5836135768215706e-26,1.58393339441691e-26,1.5839376702886754e-26,1.5839378568261672e-26,1.583939213276618e-26,1.583939209024453e-26,1.583939208861423e-26,1.5839392081957374e-26,1.583939208050491e-26,1.58393138666383e-26,1.5839313867574883e-26,1.583931389330672e-26,1.5839313857780197e-26,1.583931385570966e-26,1.5839313840775865e-26,1.5839313714511976e-26,1.5839313541797616e-26,1.5839327754984395e-26,1.5839271328160057e-26,1.5839271169107845e-26,1.5839271169086508e-26,1.5839271169143144e-26,1.5839660279340747e-26,1.5839653295588335e-26,1.5839653295581978e-26,1.5839655213546513e-26,1.5839655256447037e-26,1.5839655332728637e-26,1.583965408276151e-26,1.5839654280843196e-26,1.583964878996091e-26,1.583965078030935e-26,1.583965078096595e-26,1.5839655942379347e-26,1.58396559285928e-26,1.583965559027805e-26,1.5839654331221331e-26,1.5839654453574693e-26,1.5839687613902815e-26,1.5839687615441378e-26,1.5839687708141555e-26,1.583968770856127e-26,1.5839687720186827e-26,1.5839687728294088e-26,1.5839687713696563e-26,1.5839687713714072e-26,1.583968776515038e-26,1.5839687764834887e-26,1.5839687484448814e-26,1.583968523964986e-26,1.5839687588673033e-26,1.583968766724014e-26,1.5839687697011664e-26,1.5839687475758602e-26,1.5839687536396908e-26,1.5839687538664777e-26,1.5839687484291508e-26,1.5839687493579076e-26,1.583968772101532e-26,1.583968782204694e-26,1.583968782692718e-26,1.5839693371328558e-26,1.5839693586573147e-26,1.583969356508603e-26,1.5839693683564004e-26,1.5839693690721416e-26,1.5839713045917973e-26,1.5839713310752858e-26,1.583971305220587e-26,1.583971293968281e-26,1.5839754826207387e-26,1.583975766228453e-26,1.5839617748317113e-26,1.583961774777692e-26,1.5839617747370217e-26,1.5839617693273666e-26,1.583961763379503e-26,1.5839617633770897e-26,1.583961763237222e-26,1.583961757441929e-26,1.5839617575742363e-26,1.5839617907628048e-26,1.5839617864597505e-26,1.5839617328342326e-26,1.5839618204856128e-26,1.583961820413125e-26,1.583961821346086e-26,1.5839618763447316e-26,1.583961851979417e-26,1.583961844246074e-26,1.5839618442728875e-26,1.5839618760015257e-26,1.583961574683666e-26,1.5839615558913848e-26,1.5839615566242728e-26,1.5839610603029272e-26,1.583961042314221e-26,1.583961041317822e-26,1.5839609372616608e-26,1.5839609372176524e-26,1.5839613091717508e-26,1.5839612981587836e-26,1.5839613338156007e-26,1.5839613345234592e-26,1.5839614262734104e-26,1.5839607410785155e-26,1.583960749646613e-26,1.5839607087432367e-26,1.5839602868244467e-26,1.5839602795626177e-26,1.58396053276515e-26,1.583960532189287e-26,1.5839606338078108e-26,1.583961132284142e-26,1.5839610968585173e-26,1.5839610923157428e-26,1.5839610930628022e-26,1.5839610652111975e-26,1.5839610652415488e-26,1.5839610757053243e-26,1.5839610265317043e-26,1.5839610259244277e-26,1.5839610167623286e-26,1.5839610533773914e-26,1.583961053173098e-26,1.583961051818076e-26,1.58396105111181e-26,1.5839610511343218e-26,1.5839610511564217e-26,1.5839610509466884e-26,1.5839610561319125e-26,1.5839610683335593e-26,1.5839609379230408e-26,1.5839609375620002e-26,1.5839609871365964e-26,1.5839609872450507e-26,1.583959863657742e-26,1.5839597361945768e-26,1.5839597367314959e-26,1.5839592549716677e-26,1.5839592494293126e-26,1.5839591908450834e-26,1.583959459896849e-26,1.5839594840118072e-26,1.5839588153022116e-26,1.5839591041586554e-26,1.5839590962262548e-26,1.583959145148024e-26,1.583959174826808e-26,1.583959261620819e-26,1.5839592361077835e-26,1.5839592082463464e-26,1.5839592085125006e-26,1.5839592166622405e-26,1.5839592231315335e-26,1.583959381385272e-26,1.583959401677679e-26,1.5839591207386235e-26,1.5839593811092347e-26,1.58395934573779e-26,1.5839595080256487e-26,1.583959511123085e-26,1.5839603170962668e-26,1.583960316829539e-26,1.5839608290891278e-26,1.5839608315338573e-26,1.5839620658990858e-26,1.5839620418658392e-26,1.5839620562775666e-26,1.5839620562910323e-26,1.5839620551519088e-26,1.583962199846426e-26,1.5839621234961967e-26,1.5839621232761414e-26,1.5839621159901938e-26,1.583962699019251e-26,1.5839648464146067e-26,1.5839648037631979e-26,1.583964946573798e-26,1.5839649493105872e-26,1.5839649685991724e-26,1.5839653045311037e-26,1.5839653332237284e-26,1.5839653310787657e-26,1.5839648854917402e-26,1.58396489037948e-26,1.583964894663872e-26,1.5839648938547537e-26,1.5839648909893714e-26,1.58396492079907e-26,1.5839648784403077e-26,1.5839648785580635e-26,1.5839648796311504e-26,1.583964948735651e-26,1.5839649518462844e-26,1.5839649462813767e-26,1.583964809174958e-26,1.5839648091749368e-26,1.583964809063172e-26,1.5839648090630777e-26,1.5839648090632643e-26,1.5839648029615308e-26,1.583964802935368e-26,1.5839647910378413e-26,1.583964787127101e-26,1.5839649386563455e-26,1.5839648612588025e-26,1.583964889367052e-26,1.5839648221776808e-26,1.5839633974506627e-26,1.5839634404219027e-26,1.5839634405011005e-26,1.583963408483089e-26,1.583963421259257e-26,1.5839631862633998e-26,1.5839631736818554e-26,1.5839631105969068e-26,1.583955903820599e-26,1.5839559038206225e-26,1.583955840854413e-26,1.583955840854407e-26,1.5839558408543828e-26,1.5839558408538958e-26,1.583955840853603e-26,1.5839558408555546e-26,1.583955840855684e-26,1.5839558408556855e-26,1.583955840920401e-26,1.5839558409225397e-26,1.5839558257774254e-26,1.583959169802119e-26,1.583959437982759e-26,1.5839594298690945e-26,1.583959299277992e-26,1.5839593112273356e-26,1.5839592995195177e-26,1.5839593268644304e-26,1.5839593266861542e-26,1.583959425725047e-26,1.5839594128373752e-26,1.5839594146687813e-26,1.5839594159384894e-26,1.583959415778098e-26,1.5839594102316394e-26,1.5839593811765986e-26,1.5839645683536634e-26,1.5839645620137632e-26,1.583964561455693e-26,1.583964583397255e-26,1.5839632111584838e-26,1.5839632095855843e-26,1.5839632145390004e-26,1.5839634089854897e-26,1.5839634098232762e-26,1.583963713593628e-26,1.5839636501886957e-26,1.5839629014003253e-26,1.583962895624686e-26,1.5839628983780846e-26,1.5839633791178448e-26,1.5839632352520962e-26,1.5839643313633138e-26,1.5839643316272542e-26,1.5839640696730573e-26,1.5839640597405338e-26,1.5839653922632846e-26,1.583965480029774e-26,1.5839655883034796e-26,1.5839657066264293e-26,1.5839657069322782e-26,1.583965694024049e-26,1.5839656945099294e-26,1.583965639696637e-26,1.5839656396848993e-26,1.5839653764725693e-26,1.5839653769243015e-26,1.5839653769244e-26,1.5839653769292124e-26,1.5839652455164536e-26,1.5839647966829755e-26,1.5839648643583018e-26,1.5839646938172304e-26,1.58398450453071e-26,1.583985134855574e-26,1.5839853143123146e-26,1.583985313055278e-26,1.5839850213057914e-26,1.5839850212950616e-26,1.5839850178294262e-26,1.583984685691623e-26,1.5839843896824063e-26,1.5839843648140462e-26,1.5839843654784533e-26,1.5839843612609627e-26,1.5839843549909883e-26,1.5839847610935165e-26,1.5839849536943126e-26,1.5839849536925597e-26,1.5839848780016327e-26,1.5839845083894017e-26,1.5839845513357127e-26,1.583984551610948e-26,1.583984379080595e-26,1.5841551247581128e-26,1.5841552499792993e-26,1.5841551774163254e-26,1.5841551604756654e-26,1.5841551699135626e-26,1.5841550355862366e-26,1.5841550694046747e-26,1.5841550325671688e-26,1.5841547644669623e-26,1.584154764466973e-26,1.5841541915034593e-26,1.5841544250387638e-26,1.5841544226739746e-26,1.5841544172962294e-26,1.584154544938138e-26,1.584154553315652e-26,1.5841586945298528e-26,1.584158698089334e-26,1.5841583377776362e-26,1.584158241606339e-26,1.5841583458441557e-26,1.5841583531902374e-26,1.584158351819816e-26,1.5841558051406397e-26,1.5841559669570985e-26,1.584155817093518e-26,1.5841557688088882e-26,1.5841552398490425e-26,1.584155397342526e-26,1.584155373834481e-26,1.5841552360271505e-26,1.5841560718574814e-26,1.5841559692175024e-26,1.584155969652996e-26,1.5841558570640412e-26,1.5841558014500564e-26,1.584155262915349e-26,1.58415528086589e-26,1.584155282594727e-26,1.5841551400633248e-26,1.5841551305482952e-26,1.584155124206423e-26,1.5841551107869242e-26,1.5842201955689507e-26,1.584220204255041e-26,1.5842202341822788e-26,1.5842201648958592e-26,1.584220164709111e-26,1.5842201080556472e-26,1.5842201079890704e-26,1.5842196655433728e-26,1.5842196678802544e-26,1.5842196515100357e-26,1.5842198494746303e-26,1.5842198560405655e-26,1.5842195528726846e-26,1.5842215443760374e-26,1.58422154544708e-26,1.58422198757417e-26,1.5842219924556442e-26,1.5842220634435494e-26,1.584221948068682e-26,1.584222314408703e-26,1.5842223144087025e-26,1.584222312887232e-26,1.5842223291494347e-26,1.5842224726121577e-26,1.5842224726121572e-26,1.584222493053568e-26,1.5842224893445556e-26,1.5842224990000194e-26,1.584222501715834e-26,1.584222501438583e-26,1.584222508610226e-26,1.5842225085271833e-26,1.5842225077837233e-26,1.5842225086916644e-26,1.5842225085752718e-26,1.584222819461898e-26,1.584222921933085e-26,1.584222888444831e-26,1.5842228917053073e-26,1.584222868891891e-26,1.584240278567026e-26,1.584441962024683e-26,1.5844420935414711e-26,1.584442079927783e-26,1.584441901690555e-26,1.5844408565353032e-26,1.584440885975009e-26,1.5844409402845603e-26,1.5844402990487053e-26,1.5844403581408565e-26,1.58444094662042e-26,1.5844409298422292e-26,1.5844409298677156e-26,1.584440929887493e-26,1.584440930097945e-26,1.5844409301012082e-26,1.584440954848066e-26,1.5844409517166262e-26,1.584440967782565e-26,1.584440989356891e-26,1.584441085779374e-26,1.5844411120317514e-26,1.5844411082334115e-26,1.584441092804548e-26,1.5844409925987637e-26,1.5844409873776796e-26,1.5844410184175702e-26,1.5844410323963452e-26,1.5844410156017535e-26,1.584440654853366e-26,1.5844406546963644e-26,1.5844406547815992e-26,1.58444061762051e-26,1.584440617573061e-26,1.5844405728464107e-26,1.5844405737323557e-26,1.5844405603575644e-26,1.584441027216936e-26,1.5844409899689923e-26,1.5844401769130405e-26,1.5844401796778242e-26,1.5844395116323955e-26,1.5844395116402425e-26,1.584439505126942e-26,1.5844395324850058e-26,1.5844395894583003e-26,1.5844395895020263e-26,1.584439571057281e-26,1.5844395140566818e-26,1.5844393825375364e-26,1.5844393802737137e-26,1.584439373427637e-26,1.5844393737602748e-26,1.5844394039670295e-26,1.5844394039371858e-26,1.5844394685012997e-26,1.5844395714469798e-26,1.5844395821884208e-26,1.5844399131548558e-26,1.5844399312609655e-26,1.5844399694881238e-26,1.584440072490154e-26,1.5844400478504415e-26,1.5844401348870127e-26,1.584440095424584e-26,1.5844401505116225e-26,1.5844399333870046e-26,1.584439885894463e-26,1.5844398952268138e-26,1.584439897739802e-26,1.584439903917245e-26,1.5844399248258918e-26,1.5844399248082927e-26,1.5844398859655142e-26,1.5844396786766777e-26,1.584439714041131e-26,1.5844395409127203e-26,1.5844395474067394e-26,1.5844395460856645e-26,1.5844395461893207e-26,1.584439552839612e-26,1.5844414567569828e-26,1.5844414536905353e-26,1.5844418155396128e-26,1.5844418264891412e-26,1.5844415796656608e-26,1.5844419513623934e-26,1.5844419043481677e-26,1.5844418603638248e-26,1.584441865298737e-26,1.5844418649373657e-26,1.5844418654606395e-26,1.5844418730412984e-26,1.584441875672715e-26,1.5844418657765748e-26,1.5844418730168968e-26,1.584441873561573e-26,1.58444189796874e-26,1.584441907955134e-26,1.5844419033336265e-26,1.5844419299547305e-26,1.5844419386070692e-26,1.5844419767081707e-26,1.5844419710131646e-26,1.5844418553040072e-26,1.5844466396576138e-26,1.5844466405108835e-26,1.5844466405286638e-26,1.5844466391485737e-26,1.5844466380245881e-26,1.584446959310588e-26,1.584446959310267e-26,1.5844469637690658e-26,1.5844469605313066e-26,1.584446955345757e-26,1.5844486277988765e-26,1.5844484928422614e-26,1.5844484905959812e-26,1.5844481693128195e-26,1.5844502438863313e-26,1.5844502195862443e-26,1.5844502925824863e-26,1.5844502913440453e-26,1.5844505713633642e-26,1.5844505078814642e-26,1.5844496979138116e-26,1.58444958487187e-26,1.5844495850098263e-26,1.5844492315004906e-26,1.5844492174125303e-26,1.584449217415987e-26,1.584449217415987e-26,1.58444919794603e-26,1.584450335603901e-26,1.5844505293872065e-26,1.5844505292777662e-26,1.5844505505012217e-26,1.584450550528192e-26,1.584450550638449e-26,1.5844505506597286e-26,1.584450550576564e-26,1.5844505040156323e-26,1.5844505070301308e-26,1.5844505069834453e-26,1.5844505069836933e-26,1.5844505069823e-26,1.5844505055938503e-26,1.5844501719321757e-26,1.5844501719321772e-26,1.5844503137276695e-26,1.5844503110923997e-26,1.5844503372897894e-26,1.5844604477590757e-26,1.584460555066024e-26,1.5844606488743196e-26,1.5844606326724152e-26,1.584461332371384e-26,1.5844513271428897e-26,1.5844495229947917e-26,1.584449705748463e-26,1.584449777505971e-26,1.5844497805992695e-26,1.584449913488132e-26,1.5844499134930835e-26,1.5844499222168658e-26,1.5844952745521954e-26,1.5844952506294435e-26,1.584494464904515e-26,1.584494407000392e-26,1.5844944069675816e-26,1.5844698160299284e-26,1.584469356003806e-26,1.5844673516246883e-26,1.5844674125418987e-26,1.5844672827248103e-26,1.5844672635922415e-26,1.5844672625683498e-26,1.5844672626974633e-26,1.5844671449711993e-26,1.584467105719765e-26,1.5844671057201707e-26,1.5844670890619243e-26,1.584467181673945e-26,1.584467296420004e-26,1.584467322327193e-26,1.584467376908097e-26,1.584467266717644e-26,1.5844671452549893e-26,1.584466926259584e-26,1.5844669701604873e-26,1.584466970572612e-26,1.5844669726130555e-26,1.584466864982216e-26,1.584466895813442e-26,1.5844668637633683e-26,1.584466860749335e-26,1.5844668607656824e-26,1.5844668521334617e-26,1.5844668863288128e-26,1.5844668827894687e-26,1.584466391195131e-26,1.5844667410148113e-26,1.5844667569030808e-26,1.584466763843604e-26,1.584466901869688e-26,1.584466721449926e-26,1.5844665376092576e-26,1.5844665572614373e-26,1.584466561610537e-26,1.5844827968089747e-26,1.5844828440020185e-26,1.5844827028851144e-26,1.5844831754787418e-26,1.5844827946311777e-26,1.584822875679663e-26,1.5848228700899779e-26,1.5848231361214822e-26,1.5848132824678928e-26,1.584810787672504e-26,1.5848107090300953e-26,1.5848106587613234e-26,1.5848106779123147e-26,1.584810823213288e-26,1.5848105213350546e-26,1.5848116778798387e-26,1.5848117569354332e-26,1.5848118955082667e-26,1.5848118953467565e-26,1.584811802735866e-26,1.5848117734754124e-26,1.5847868040645218e-26,1.5847867507275915e-26,1.5847867507207586e-26,1.584786750708434e-26,1.5847881918799098e-26,1.5847882752442823e-26,1.584787759195526e-26,1.5847877593374725e-26,1.5847877614138891e-26,1.5847864742613974e-26,1.5847864722835512e-26,1.5847863323081856e-26,1.5847871238390252e-26,1.5847871216289974e-26,1.584786979982015e-26,1.5847869265875788e-26,1.5847869305660067e-26,1.5847869065764953e-26,1.5847869635197387e-26,1.5847734416879434e-26,1.5847737204175094e-26,1.5847721527353052e-26,1.584772152653662e-26,1.5847721519948674e-26,1.5847722174567278e-26,1.5847715857982297e-26,1.5847716337079123e-26,1.5847716411212406e-26,1.5847715809296587e-26,1.5847747661781642e-26,1.584774766210701e-26,1.5847747598774106e-26,1.5847747599372537e-26,1.5847752729617235e-26,1.5847754236999504e-26,1.5847753304268803e-26,1.5847754393196174e-26,1.5847754181478137e-26,1.58477589216375e-26,1.584775886478202e-26,1.5847758860927297e-26,1.5847754108113852e-26,1.5847754121392278e-26,1.5847753582304456e-26,1.5847755260785544e-26,1.584775539606086e-26,1.5847755411914275e-26,1.584775629678418e-26,1.5847755011465127e-26,1.5847754042956399e-26,1.584770943039696e-26,1.584770954124125e-26,1.5847712475535675e-26,1.584771335396375e-26,1.5847712649999818e-26,1.584771612165629e-26,1.5847716100991062e-26,1.584771721707191e-26,1.5847711793145693e-26,1.5847711788630675e-26,1.5847713102301245e-26,1.5847712129956212e-26,1.584772858180792e-26,1.5847728581808215e-26,1.5847723415458957e-26,1.5847723346267463e-26,1.5847710913710913e-26,1.5847716672467174e-26,1.584788641479743e-26,1.5847886298670794e-26,1.5847886343884448e-26,1.584788414991044e-26,1.5847884509495377e-26,1.5847884039132508e-26,1.584788406846822e-26,1.584788406107424e-26,1.5847883681685542e-26,1.5847883690296305e-26,1.5847883741868003e-26,1.5847879558647975e-26,1.584787985801021e-26,1.5847880744275486e-26,1.5847880745932247e-26,1.5847881355119782e-26,1.5847881354997486e-26,1.584788111336296e-26,1.5847881479304995e-26,1.5847882349360598e-26,1.584788258607717e-26,1.5847877180600082e-26,1.5847879411354595e-26,1.5847878494893867e-26,1.584787851746085e-26,1.5847878246964806e-26,1.5847878517466102e-26,1.5847870757730853e-26,1.584787023041014e-26,1.584787101439572e-26,1.5847871022524866e-26,1.5847871297505338e-26,1.5847871302867234e-26,1.584787130398606e-26,1.584789704772913e-26,1.5847896983657917e-26,1.5847897917340418e-26,1.5847863896438113e-26,1.5847863651185257e-26,1.5847863667056327e-26,1.584786535629958e-26,1.584787179890602e-26,1.5847874415717894e-26,1.584787423328231e-26,1.5847874234550515e-26,1.5847874203313824e-26,1.58478741032638e-26,1.584787370200599e-26,1.584810709077145e-26,1.584810917532326e-26,1.5847880039082245e-26,1.584788008039732e-26,1.5847879877899197e-26,1.5847879522953572e-26,1.5847879570053298e-26,1.5847879569455167e-26,1.584787863229768e-26,1.5847878597360633e-26,1.584776190152462e-26,1.5847761868664348e-26,1.5847761006842485e-26,1.5847759059023594e-26,1.5847759060218084e-26,1.584775905942862e-26,1.584775915066432e-26,1.5847759152443396e-26,1.584773940314636e-26,1.5847739367624684e-26,1.5847739701809227e-26,1.584691699754999e-26,1.5846917010065164e-26,1.5846917021286176e-26,1.5846917000836018e-26,1.5846915867606486e-26,1.5846916604707035e-26,1.58469165975916e-26,1.584697974263567e-26,1.5846979578892795e-26,1.584697925117219e-26,1.5846979331255518e-26,1.5846979326296643e-26,1.5846978804502294e-26,1.584697878847561e-26,1.5846978857793764e-26,1.5846987428561363e-26,1.5846987434808346e-26,1.584698763086459e-26,1.5846987603410365e-26,1.5846987603410382e-26,1.5846987495363022e-26,1.5846987715502e-26,1.584698695605292e-26,1.584698655439056e-26,1.5846987788782862e-26,1.5846991920498715e-26,1.584699224039438e-26,1.5846992194427444e-26,1.58469922256566e-26,1.5846991836993576e-26,1.5846991786893052e-26,1.5846991127843118e-26,1.584698726913313e-26,1.5846987495495667e-26,1.5846987736966477e-26,1.5846987733889466e-26,1.584660812675078e-26,1.584617072035334e-26,1.5846167348847935e-26,1.5846167066192081e-26,1.5846165914539425e-26,1.584616514120226e-26,1.584616562250878e-26,1.584616571623535e-26,1.584616938080848e-26,1.5846168639575032e-26,1.5846168618271037e-26,1.584616863496218e-26,1.5846168522979877e-26,1.5846168532696164e-26,1.5846168532503456e-26,1.5846168506814548e-26,1.5846168623763606e-26,1.584616862368891e-26,1.5846168619646405e-26,1.584616854154791e-26,1.5846168197386476e-26,1.5846169643869445e-26,1.5846169976665547e-26,1.5846174489466578e-26,1.584617431108016e-26,1.5846174597219792e-26,1.584617460328131e-26,1.5846171561714106e-26,1.584617128260952e-26,1.5846171386536732e-26,1.5846171312270827e-26,1.5846171234796066e-26,1.5846174803169516e-26,1.5846171938889746e-26,1.5846168895439168e-26,1.5846169552244978e-26,1.5846169550558763e-26,1.5846169698896846e-26,1.5846168313706228e-26,1.584616829412725e-26,1.584616835419115e-26,1.5846168316278442e-26,1.5846168307009819e-26,1.5846168277539303e-26,1.5846168317032438e-26,1.5846168255666716e-26,1.5846162833859474e-26,1.5846618310057192e-26,1.584661824090389e-26,1.5846618221454337e-26,1.5846610427418393e-26,1.584661042655182e-26,1.5846610402440102e-26,1.5846612090499128e-26,1.5846612369455552e-26,1.5846613604870802e-26,1.5846613654037374e-26,1.5846614413540646e-26,1.584661409513645e-26,1.5846614093415707e-26,1.5846614081471683e-26,1.5846614282811124e-26,1.5846614354832025e-26,1.5846612024667372e-26,1.5846611841905195e-26,1.5846611841923465e-26,1.5846611804243243e-26,1.5846611796590904e-26,1.5846611076195674e-26,1.5846610194245316e-26,1.584661020546614e-26,1.5846613962029633e-26,1.5846613871792778e-26,1.5846615029647607e-26,1.5846609213391877e-26,1.584660921532e-26,1.5846605672015116e-26,1.5846605322163316e-26,1.5846605318272967e-26,1.5846606442815472e-26,1.584660627597584e-26,1.5846605533496084e-26,1.5846605823198785e-26,1.58466062665882e-26,1.5846606561315203e-26,1.5846606328833444e-26,1.5846606354229402e-26,1.5846606354861248e-26,1.5846606321015405e-26,1.584679614671502e-26,1.5846796117471917e-26,1.5846796062050093e-26,1.584681923475338e-26,1.5846820729303587e-26,1.584682235141869e-26,1.5846822164884977e-26,1.5846822234749855e-26,1.5846822048095185e-26,1.5846822067324433e-26,1.5846821978546441e-26,1.5846822214558165e-26,1.5846818797581687e-26,1.58468188671294e-26,1.5846818864982997e-26,1.5846814680627116e-26,1.5846814664010814e-26,1.5846814506865108e-26,1.5846814505026386e-26,1.5846814459154444e-26,1.5846814244663743e-26,1.584681425160486e-26,1.5846814754469958e-26,1.584681475160734e-26,1.5846814786421206e-26,1.5846816055503328e-26,1.5846816049535456e-26,1.5846816027146769e-26,1.5846816026804168e-26,1.584681645404571e-26,1.584681621223052e-26,1.5846812916673156e-26,1.5846813155968664e-26,1.584681326872953e-26,1.5846814050306106e-26,1.5846814030281124e-26,1.5846814028992155e-26,1.5846814028588685e-26,1.5846814128164366e-26,1.5846814172471053e-26,1.584681432482143e-26,1.5846814081983208e-26,1.584681407654779e-26,1.5846812056987327e-26,1.5846811718570857e-26,1.5846811708859124e-26,1.584681171763005e-26,1.5846811727455195e-26,1.5846811945871792e-26,1.584681193052047e-26,1.5846811805972346e-26,1.584681182155602e-26,1.584681183418152e-26,1.5846811846161568e-26,1.5846807185953597e-26,1.58468071583568e-26,1.5846807065247558e-26,1.5846807048484377e-26,1.5846809096467688e-26,1.584680887709247e-26,1.584680888762279e-26,1.5846888831660014e-26,1.5846888836529902e-26,1.5846891814527336e-26,1.5846891768915684e-26,1.5846892111727636e-26,1.5846892112293474e-26,1.58468921124987e-26,1.584689214684544e-26,1.584689215479131e-26,1.5846892142080917e-26,1.5846893135029795e-26,1.5846892972639176e-26,1.5846893064170212e-26,1.584689307168229e-26,1.5846893149058608e-26,1.5846893153557867e-26,1.5846888999646948e-26,1.5846889000063944e-26,1.5846888279345416e-26,1.584688811588862e-26,1.5846888454016438e-26,1.5846888449896677e-26,1.58468884630139e-26,1.5846888463824592e-26,1.5846888311852627e-26,1.5846888307193261e-26,1.584688728094675e-26,1.5846886686823293e-26,1.5846886686826875e-26,1.5846886428598862e-26,1.5846886363701064e-26,1.5846886364209933e-26,1.5846885704368705e-26,1.5846885695692948e-26,1.584688619516627e-26,1.584688799098043e-26,1.5846887970165942e-26,1.584688796535856e-26,1.584688796455661e-26,1.584688794985778e-26,1.5846867799103273e-26,1.5846867831151915e-26,1.5846867744897256e-26,1.5846867756830128e-26,1.5846763835830485e-26,1.5846763859258615e-26,1.5846763751217443e-26,1.5846763750052544e-26,1.584676375672504e-26,1.5846763756730572e-26,1.5846763757282595e-26,1.5846763919530975e-26,1.5846764278538056e-26,1.5846764265482377e-26,1.5846764249863803e-26,1.584676423024065e-26,1.584676399432569e-26,1.5846763749342825e-26,1.584676377657785e-26,1.5846763778266237e-26,1.5846742825243423e-26,1.5846742825145153e-26,1.5846742808678612e-26,1.584674257646687e-26,1.5846742633143508e-26,1.5846742636648036e-26,1.584674270568925e-26,1.5846742632974903e-26,1.5846742479652079e-26,1.5846742464314185e-26,1.5846742474596497e-26,1.58467424633311e-26,1.584674396819198e-26,1.5846744871600344e-26,1.5846744871566626e-26,1.5846744765957352e-26,1.584674476633216e-26,1.58467452340288e-26,1.5846745183578875e-26,1.5846745293816113e-26,1.5846744757390274e-26,1.584674517345992e-26,1.5846748990756353e-26,1.5846748983918046e-26,1.584675019483841e-26,1.5846750195600435e-26,1.584675022309634e-26,1.5846750338580534e-26,1.584675028738957e-26,1.5846750168409363e-26,1.584675031790599e-26,1.5846748747726486e-26,1.584674846730908e-26,1.5846748556100508e-26,1.584674933037475e-26,1.5846749783003175e-26,1.5846749785334942e-26,1.584674984656975e-26,1.5846749865702053e-26,1.5846750687998856e-26,1.5846750618410905e-26,1.584675066786077e-26,1.5846473652913605e-26,1.5846473492136215e-26,1.5846473626425975e-26,1.584647360968177e-26,1.584647356408601e-26,1.584647352464005e-26,1.5846472891764904e-26,1.5846472953609516e-26,1.5846472879112513e-26,1.584647112036275e-26,1.5846471074137238e-26,1.584646890953023e-26,1.58464690403593e-26,1.584646901913253e-26,1.5846469021567947e-26,1.584646966702861e-26,1.584646930086171e-26,1.5846467514986813e-26,1.5846467535841432e-26,1.5846467484484838e-26,1.5846467263061387e-26,1.5846467631435844e-26,1.5846467642772436e-26,1.5846467639504777e-26,1.5846467745463585e-26,1.584646656262599e-26,1.5846466553961475e-26,1.5846468110191653e-26,1.584646815953825e-26,1.5846458988135648e-26,1.5846458853909605e-26,1.5846458853873462e-26,1.584645170743845e-26,1.5846451693967516e-26,1.5846451634157428e-26,1.584645167756156e-26,1.5846454522884242e-26,1.5846455156052826e-26,1.5846455158862525e-26,1.5846455158859572e-26,1.5846455158952061e-26,1.5846454931750883e-26,1.5846454932946507e-26,1.5846454879723417e-26,1.584645461441166e-26,1.5846454774329954e-26,1.584645477451244e-26,1.5846454206115052e-26,1.5846454214896618e-26,1.5846454214591942e-26,1.5846454307245876e-26,1.58464543472372e-26,1.5846454180238272e-26,1.584645418021962e-26,1.584645418004971e-26,1.584645427103937e-26,1.5846454450598552e-26,1.5846454448326286e-26,1.5846456906547336e-26,1.5846457447975376e-26,1.584645743772602e-26,1.584645742001534e-26,1.5846456787877037e-26,1.5846456783367134e-26,1.5846456702284395e-26,1.584645637004609e-26,1.5846455923046073e-26,1.584645706860643e-26,1.5846457068342594e-26,1.5846454612022734e-26,1.58464330536898e-26,1.584643316299747e-26,1.584643316300835e-26,1.5846433166202683e-26,1.5846433659730483e-26,1.5846433590371377e-26,1.5846433612999373e-26,1.5846436059924098e-26,1.584643605993068e-26,1.5846436075446607e-26,1.584643546467879e-26,1.5846435437077918e-26,1.5846434671010982e-26,1.584644442269531e-26,1.584646902026747e-26,1.5846469008958922e-26,1.5846469007603547e-26,1.5846457441427434e-26,1.584645686578799e-26,1.5846457028035748e-26,1.58464569851948e-26,1.5846456984809158e-26,1.5846456976229083e-26,1.584646168967031e-26,1.5846462111965098e-26,1.5846462645929177e-26,1.5846462625937086e-26,1.58464627728103e-26,1.5846464328898872e-26,1.5846464119093736e-26,1.5846463992592658e-26,1.5846463977012944e-26,1.5846463974838728e-26,1.5846460497198806e-26,1.5846459100969796e-26,1.5846458943334895e-26,1.5846374394434677e-26,1.5846374280963594e-26,1.5846374197121852e-26,1.5846374197346083e-26,1.584637423367829e-26,1.5846374232384487e-26,1.5846374106559253e-26,1.5846374100982712e-26,1.5846373997833714e-26,1.5846373979199578e-26,1.5846374020106953e-26,1.5846373066042123e-26,1.5846373240045926e-26,1.584637324019181e-26,1.584637324588767e-26,1.584637326806429e-26,1.584639921640412e-26,1.5846399207822274e-26,1.5846397402558065e-26,1.5846390986925846e-26,1.58463909887898e-26,1.5846390989534637e-26,1.5846390989875456e-26,1.5846390635103782e-26,1.5846390379849233e-26,1.5846389730606335e-26,1.5846389141815538e-26,1.5846389237010551e-26,1.5846389236705153e-26,1.584638895591269e-26,1.5846383662590163e-26,1.5846383606906698e-26,1.5846383611771313e-26,1.58463838332475e-26,1.5846380613470456e-26,1.584638123863557e-26,1.5846450642865914e-26,1.584645064035564e-26,1.5846450736715564e-26,1.5846450736727918e-26,1.5846450746541675e-26,1.5846450697083416e-26,1.5846450697050694e-26,1.5846450785125736e-26,1.5846456544636508e-26,1.5846456545155884e-26,1.5846456440876222e-26,1.5846456433764957e-26,1.5846455542270868e-26,1.5846455546685398e-26,1.584645551666399e-26,1.5846455289026888e-26,1.584645529242663e-26,1.5846455292392788e-26,1.584645529150512e-26,1.5846454648070542e-26,1.5846454582013855e-26,1.5846454371919741e-26,1.58464543638256e-26,1.5846454426502846e-26,1.5846454428647506e-26,1.5846454483087508e-26,1.5846454011708043e-26,1.5846454089283863e-26,1.5846454060880358e-26,1.584645404903459e-26,1.584645514163787e-26,1.5846454885555528e-26,1.584645486143523e-26,1.5846454708592163e-26,1.5846456863584854e-26,1.584645685949856e-26,1.584645688140873e-26,1.5846456883789028e-26,1.5846457089767103e-26,1.5846457088896084e-26,1.584645706221407e-26,1.5846457062213903e-26,1.5846457098601225e-26,1.584645647428708e-26,1.5846456468533908e-26,1.584645647211032e-26,1.58464564667174e-26,1.5846456459861888e-26,1.5846456438162526e-26,1.5846455680745466e-26,1.5846455646215916e-26,1.5846455880141582e-26,1.5846455880252675e-26,1.5846455880636162e-26,1.5846455969673698e-26,1.5846454533558466e-26,1.5846454699892262e-26,1.5846455089862332e-26,1.5846455152456586e-26,1.5846455457185095e-26,1.5846455323127787e-26,1.5846499841865248e-26,1.5846499825801147e-26,1.5846499820341527e-26,1.5846499820251953e-26,1.584649996787769e-26,1.5846499953112937e-26,1.5846499844001603e-26,1.5846499813665572e-26,1.584649982491241e-26,1.5846499819500007e-26,1.5846499828527973e-26,1.584650015283779e-26,1.5846500360782497e-26,1.584650092210141e-26,1.5846501210876633e-26,1.5846501603695205e-26,1.5846500086379747e-26,1.584649993921631e-26,1.584650390905904e-26,1.584650389284447e-26,1.584650397523442e-26,1.5846504087336016e-26,1.584650385040631e-26,1.584650363223986e-26,1.584650364478629e-26,1.5846503016190925e-26,1.5846503034628175e-26,1.584650312598319e-26,1.58465031345606e-26,1.5846503162378992e-26,1.5846501426002953e-26,1.584650142717349e-26,1.5846501487587886e-26,1.5846501487586818e-26,1.58465014872953e-26,1.584650157454571e-26,1.584650157991165e-26,1.5846506697666856e-26,1.5846506698709694e-26,1.5846506698671737e-26,1.584650680078055e-26,1.5846506673350272e-26,1.584652134689774e-26,1.5846515144367398e-26,1.5846512977370217e-26,1.5846512734387502e-26,1.584651273303874e-26,1.584651275620154e-26,1.5846513468627493e-26,1.584651293292483e-26,1.5846511252277782e-26,1.5846511183937904e-26,1.5846511214735836e-26,1.584651128312203e-26,1.5846511220680307e-26,1.5846511188932544e-26,1.5846511140748143e-26,1.5846510753635032e-26,1.5846510752927282e-26,1.5846510627040022e-26,1.5846510629097306e-26,1.5846510155990384e-26,1.5846510109824614e-26,1.5846510083213526e-26,1.5846510356900417e-26,1.5846510356860885e-26,1.5846510475095992e-26,1.5846511402161987e-26,1.5846511446654672e-26,1.5846512160010723e-26,1.5846512160039863e-26,1.5846512186613136e-26,1.5846512186613325e-26,1.584651218851475e-26,1.5846512200426368e-26,1.5846512199241033e-26,1.5846512199791693e-26,1.584651220024517e-26,1.5846512196379703e-26,1.5846512196460317e-26,1.5846512205268113e-26,1.584651220785875e-26,1.5846512196685308e-26,1.5846512196850064e-26,1.5846512196600653e-26,1.5846512198834695e-26,1.584651219133432e-26,1.584651219149404e-26,1.584651191482708e-26,1.5846511913589308e-26,1.584651191421941e-26,1.584651296089897e-26,1.58465129665569e-26,1.584651314519834e-26,1.5846513148783125e-26,1.5846513242137207e-26,1.584651325605273e-26,1.5846496865134426e-26,1.5846496866087254e-26,1.5846496866382267e-26,1.5846496869083809e-26,1.584649687070316e-26,1.584649686477373e-26,1.584649689451191e-26,1.5846496894052982e-26,1.584649688686042e-26,1.584649688869275e-26,1.5846496888696593e-26,1.58464968885295e-26,1.584649715819503e-26,1.5846497145459752e-26,1.5846496745349505e-26,1.5846496796472013e-26,1.584649679532282e-26,1.584649681847897e-26,1.5846496892634953e-26,1.5846496623570805e-26,1.5846496066040538e-26,1.5846496067606095e-26,1.584649607781936e-26,1.58464968796838e-26,1.5846496520408097e-26,1.5846496633855422e-26,1.584649659855413e-26,1.5846496598193724e-26,1.584649667200612e-26,1.5846496703089818e-26,1.5846496680806853e-26,1.5846497665149034e-26,1.584649764737097e-26,1.58464975466681e-26,1.584649651696564e-26,1.5846497061634783e-26,1.5846497058612783e-26,1.584649700653338e-26,1.5846496989184913e-26,1.5846497136944992e-26,1.5846498568306876e-26,1.5846498458313422e-26,1.5846498469562975e-26,1.5846498472115525e-26,1.5846498450134504e-26,1.5846498443203828e-26,1.584649842596012e-26,1.584649842988225e-26,1.5846498764781074e-26,1.5846498731888205e-26,1.5846498822086992e-26,1.5846498758604583e-26,1.5846498787577658e-26,1.5846559076084113e-26,1.5846559060328574e-26,1.5846559061444522e-26,1.5846555659719615e-26,1.5846565599017215e-26,1.5846565577062017e-26,1.584656557747527e-26,1.5846566661398566e-26,1.5846566843599817e-26,1.584656719731228e-26,1.584656719055106e-26,1.5846567219614726e-26,1.5846567219528068e-26,1.5846567216189744e-26,1.58465655491694e-26,1.584656553849252e-26,1.5846559372371938e-26,1.5846559405170205e-26,1.584655938374812e-26,1.5846559356804648e-26,1.5846561454392876e-26,1.5846561785164356e-26,1.5846561694151043e-26,1.5846561655503122e-26,1.5846561333499998e-26,1.5846561114800212e-26,1.5846560697396078e-26,1.584656070266962e-26,1.5843866193145942e-26,1.5843865651227905e-26,1.5843865826175268e-26,1.5843871052914478e-26,1.5843880834311474e-26,1.5844493103572865e-26,1.584449307243057e-26,1.5844494569252498e-26,1.5844493282769446e-26,1.5844493501105987e-26,1.584449350663864e-26,1.5844493510233948e-26,1.5844493278906282e-26,1.5844537279807998e-26,1.5844537593854081e-26,1.584453758843469e-26,1.5844546772580804e-26,1.5844676576955346e-26,1.584467405629583e-26,1.5844674051377186e-26,1.5844668713820566e-26,1.5844665389015997e-26,1.584466891254825e-26,1.5844660071688553e-26,1.5844660078333864e-26,1.584466007969344e-26,1.584466026240008e-26,1.5844662602310386e-26,1.5844663403870895e-26,1.5844681803786253e-26,1.5844681234462452e-26,1.5844681116197434e-26,1.5844681558479124e-26,1.5844679487705268e-26,1.5844679544452484e-26,1.5844684386961982e-26,1.5844683227633276e-26,1.5844683417877773e-26,1.584468351147015e-26,1.584468364304965e-26,1.584468273560623e-26,1.584468273526298e-26,1.5844682060604574e-26,1.5844682234527308e-26,1.5844682858996698e-26,1.584468208398484e-26,1.584468208396739e-26,1.5844686149782735e-26,1.5844686466930374e-26,1.58447181053542e-26,1.58447172991199e-26,1.5844717390205213e-26,1.5844717390155693e-26,1.584471471400486e-26,1.5844715832239751e-26,1.5844715863588645e-26,1.5844715744865388e-26,1.58447157764517e-26,1.5844520736752253e-26,1.5844520950104965e-26,1.5844520867772204e-26,1.584451886046957e-26,1.5844522813227925e-26,1.5844523032395188e-26,1.5844523156456976e-26,1.584452782566712e-26,1.584452790428201e-26,1.5844527908208756e-26,1.5844528027658736e-26,1.5844528033389015e-26,1.5844528027728872e-26,1.5844526708073702e-26,1.5844527096260757e-26,1.5844525412116315e-26,1.5844697631514868e-26,1.584469949522263e-26,1.5844699495925769e-26,1.5844700007902297e-26,1.584469990189843e-26,1.5844702049217788e-26,1.584470230570941e-26,1.5844625366977734e-26,1.5844624912210492e-26,1.58446249288753e-26,1.5844625556748982e-26,1.5844625557792107e-26,1.5844627491290746e-26,1.584462675633642e-26,1.5844626734707128e-26,1.5844607352044163e-26,1.5844608624332315e-26,1.5844608587665116e-26,1.5844606598224877e-26,1.5844605987408427e-26,1.584460660678209e-26,1.584460059136468e-26,1.5844600715453078e-26,1.5844600629853048e-26,1.5844600830548152e-26,1.5844600964582044e-26,1.584460260233881e-26,1.584460262835827e-26,1.5844602649077784e-26,1.584460368194035e-26,1.5844603746103499e-26,1.5844612658409696e-26,1.584461252999786e-26,1.5844612906853121e-26,1.5844612796203873e-26,1.5844612866868027e-26,1.5844617744608872e-26,1.5844618186797294e-26,1.584461726697418e-26,1.5844614606656133e-26,1.584461463488197e-26,1.5844614634868543e-26,1.584461474454726e-26,1.5844613798368097e-26,1.5844648351349603e-26,1.5844648404818878e-26,1.5844648343135294e-26,1.584464835302698e-26,1.5844648249512854e-26,1.5844648174715417e-26,1.584464795885853e-26,1.5844647997300775e-26,1.5844647978351017e-26,1.5844647992759074e-26,1.5844647994242338e-26,1.5844648048155732e-26,1.5844647819519862e-26,1.5844647759518788e-26,1.5844647863753304e-26,1.5844647880465797e-26,1.5844647996735783e-26,1.584464787979721e-26,1.5844647778085652e-26,1.5844647795854463e-26,1.5844647806166493e-26,1.5844644122611133e-26,1.5844644018278623e-26,1.5844644094064927e-26,1.5844644691345284e-26,1.5844644672346716e-26,1.5844644703972602e-26,1.5844644719676222e-26,1.5844644719651748e-26,1.5844644684072516e-26,1.584464452871234e-26,1.5844644741037787e-26,1.5844644916746243e-26,1.5844644940015065e-26,1.5844644934577006e-26,1.584464496765575e-26,1.584464497133687e-26,1.5844646766452235e-26,1.5844646871906223e-26,1.5844646897890563e-26,1.584464689933176e-26,1.5844646939981475e-26,1.584464699806798e-26,1.5844647103166843e-26,1.5844647030180144e-26,1.5844647017235566e-26,1.5844647117841435e-26,1.5844647120908216e-26,1.5844647123429766e-26,1.584464624114548e-26,1.584464611562871e-26,1.5844646175551503e-26,1.58446461648952e-26,1.5844646203162402e-26,1.5844646654514253e-26,1.5844646643131134e-26,1.5844646651193094e-26,1.5844646117008372e-26,1.5844646062483304e-26,1.584464676373405e-26,1.5844646799536526e-26,1.5845621543459482e-26,1.584562152707679e-26,1.584562158365659e-26,1.5845621555791072e-26,1.5845621577285942e-26,1.5845621591343933e-26,1.584562163216578e-26,1.5845621632521787e-26,1.5845621627525936e-26,1.5845621639932254e-26,1.5845621645017433e-26,1.584562163451459e-26,1.5845621674399643e-26,1.5845620460187487e-26,1.58456197986196e-26,1.5845619806671948e-26,1.5845619928210025e-26,1.5845619920462944e-26,1.5845619874585574e-26,1.5845619811546562e-26,1.5845619757294519e-26,1.5845486665165007e-26,1.5845486846046717e-26,1.5845486747103254e-26,1.5845485787936604e-26,1.58454857820192e-26,1.584548835115744e-26,1.5845488351464795e-26,1.5845488358770722e-26,1.584548862889025e-26,1.5845488611322397e-26,1.584548861124989e-26,1.5845488776778992e-26,1.5845488758563646e-26,1.584548884837641e-26,1.5845486185518304e-26,1.5845485950939054e-26,1.584548591759918e-26,1.5845485930134798e-26,1.584548593088955e-26,1.5845478983990066e-26,1.584547897737115e-26,1.5845479000054006e-26,1.584547900037325e-26,1.584547898974336e-26,1.5845478942386753e-26,1.584547891066038e-26,1.5845497215247277e-26,1.5845497225144434e-26,1.5845497299101462e-26,1.5845497392184807e-26,1.584549748938249e-26,1.5845497425459146e-26,1.5845497460197455e-26,1.58454975790416e-26,1.5845497579025677e-26,1.584549757902574e-26,1.584549758627595e-26,1.5845508965853687e-26,1.5845509344747742e-26,1.5845509343000405e-26,1.5845509315732954e-26,1.584550931548146e-26,1.5845509456006207e-26,1.5845509500749936e-26,1.5845509501420186e-26,1.584550948319931e-26,1.58455094685457e-26,1.5845509475367957e-26,1.584550957978836e-26,1.5845509523183273e-26,1.584550965441924e-26,1.584550965441846e-26,1.5845509787931463e-26,1.5845509787885333e-26,1.5845509699354864e-26,1.5845509735016415e-26,1.5845509721131488e-26,1.584550971106107e-26,1.584550973273555e-26,1.5845509673910172e-26,1.5845509683337694e-26,1.5845511267124422e-26,1.5845511296702546e-26,1.5845511295069188e-26,1.584551132442508e-26,1.5845511283518243e-26,1.5845511333771462e-26,1.5845511376612244e-26,1.5845511366163916e-26,1.5845511190718956e-26,1.5845511176694195e-26,1.58455111928811e-26,1.584551124137092e-26,1.584551086049495e-26,1.584551082020837e-26,1.584551071186039e-26,1.5845510870762148e-26,1.584551080147327e-26,1.584551063040015e-26,1.5845510630481976e-26,1.5845510636401718e-26,1.584551060638351e-26,1.584551033573467e-26,1.5845510335734318e-26,1.5845511942099247e-26,1.5845511945317645e-26,1.584551196976567e-26,1.5845511948146678e-26,1.5845511949081107e-26,1.584551162498015e-26,1.5845511625003915e-26,1.5845521406821986e-26,1.5845521406549924e-26,1.5845524279740448e-26,1.5845524328999496e-26,1.5845524324021558e-26,1.5845524452719648e-26,1.5845524454062914e-26,1.584552443388794e-26,1.5845524322451903e-26,1.5845524322565616e-26,1.584552462881627e-26,1.5845524647167366e-26,1.584552464366888e-26,1.5845524685853014e-26,1.5845524707914082e-26,1.5845524713159484e-26,1.5845525274971366e-26,1.5845525269602358e-26,1.5845525101070545e-26,1.584552515406625e-26,1.5845525189936007e-26,1.5845525210978067e-26,1.5845525941265762e-26,1.5845525763454486e-26,1.5845525762558278e-26,1.584552574216426e-26,1.584552745444416e-26,1.58455272515361e-26,1.5845531029952975e-26,1.5845531059666955e-26,1.584551944705715e-26,1.5845519447055704e-26,1.584577444868867e-26,1.5845777555736793e-26,1.5845777659382985e-26,1.5845777103634982e-26,1.5845776801010834e-26,1.5845776757895165e-26,1.5845776984076812e-26,1.5845777442729737e-26,1.584577744272967e-26,1.5845777515020292e-26,1.5845777505468292e-26,1.5845776768202724e-26,1.584577677281834e-26,1.5845776771867095e-26,1.584577679615736e-26,1.5845776811909728e-26,1.584577682014977e-26,1.5845776751256392e-26,1.5845778204225845e-26,1.5845775177851495e-26,1.5845775176568923e-26,1.5845775121607568e-26,1.584577529872646e-26,1.5845775739642343e-26,1.5845775977125188e-26,1.5845775987067503e-26,1.5845776095699837e-26,1.5845775845929624e-26,1.5845775646866638e-26,1.5845776120987195e-26,1.5845776369205678e-26,1.5845776366293153e-26,1.5845776366260557e-26,1.5845776593130364e-26,1.5845777569966804e-26,1.5845779519853882e-26,1.584577722090137e-26,1.5845792093228505e-26,1.584579701855834e-26,1.5845802974794453e-26,1.5845787548586575e-26,1.5845787040046548e-26,1.584578698349992e-26,1.5845786645733968e-26,1.5845779917356331e-26,1.5845779215449874e-26,1.5845779780094726e-26,1.5845779667247274e-26,1.5845775652902652e-26,1.5845775271985126e-26,1.5845775269767115e-26,1.5845733167524124e-26,1.584573329896549e-26,1.5845733273933828e-26,1.5845733272585378e-26,1.5845733055405255e-26,1.5845733056170928e-26,1.5845733024181568e-26,1.584573290529818e-26,1.5845732808671384e-26,1.584575941105813e-26,1.584575872129976e-26,1.58457616078096e-26,1.5845761722676912e-26,1.5845761711292614e-26,1.5845763246106373e-26,1.5845764202923174e-26,1.5845763302590865e-26,1.584577104514985e-26,1.58457859550729e-26,1.5845782772854633e-26,1.584578278928479e-26,1.5845782880359176e-26,1.5845782858648633e-26,1.5845782874487226e-26,1.5845782011097043e-26,1.5845783959715804e-26,1.58457830552476e-26,1.5845783470482337e-26,1.584578329929461e-26,1.584578329587857e-26,1.5845779047555772e-26,1.584578027591835e-26,1.5845780108700854e-26,1.5845780106182225e-26,1.5845781431854136e-26,1.5845781663473448e-26,1.584578140195583e-26,1.5845781482526546e-26,1.5845781480746036e-26,1.5845781676180504e-26,1.5845780266865493e-26,1.5845787706717244e-26,1.5845771624693853e-26,1.584577140372927e-26,1.5845771605253813e-26,1.5845774751415352e-26,1.5845774758952004e-26,1.5845774750975574e-26,1.584577498158071e-26,1.5845775013666058e-26,1.5845775032704058e-26,1.584577504408133e-26,1.584577504448631e-26,1.5845774874217527e-26,1.5845774884465703e-26,1.584577507201937e-26,1.58457755489731e-26,1.5845775548973113e-26,1.58457763759063e-26,1.5845776376049914e-26,1.5845776318229817e-26,1.5845776327967657e-26,1.5845776772553637e-26,1.5845776941120658e-26,1.5845776971464986e-26,1.584577611101028e-26,1.5845776028136087e-26,1.584577609676467e-26,1.5845780214548375e-26,1.5845780196988016e-26,1.5845780194876577e-26,1.5845780215456243e-26,1.5845782417701844e-26,1.5845782464446795e-26,1.584578275316519e-26,1.5845782651711663e-26,1.5845782673233323e-26,1.5845782676843084e-26,1.5845779902188012e-26,1.5845782889309986e-26,1.584578270952284e-26,1.5845782388181023e-26,1.5845782388273493e-26,1.584578242916956e-26,1.584578247494227e-26,1.5845782499288054e-26,1.5845772064987685e-26,1.5845772111860835e-26,1.5845771007466194e-26,1.5845770436927978e-26,1.5845770436933525e-26,1.5845770436932793e-26,1.584577118436735e-26,1.584577118437173e-26,1.5845773465089903e-26,1.5845773473174245e-26,1.584577345453125e-26,1.5845773920134437e-26,1.584577323859449e-26,1.5845781920631164e-26,1.584578192075603e-26,1.584578213495224e-26,1.5845793093038573e-26,1.5845793336009757e-26,1.5845796109435166e-26,1.5845796102764505e-26,1.5845796063431497e-26,1.584579607566137e-26,1.5845793191700818e-26,1.58457939506553e-26,1.584579396646481e-26,1.5845793490286887e-26,1.5845793490361584e-26,1.5845793490352842e-26,1.584579266857683e-26,1.584579543216297e-26,1.584579580868455e-26,1.5845795741252648e-26,1.5845794916398028e-26,1.5845794953942514e-26,1.584579156688824e-26,1.5845790483614164e-26,1.584579048362025e-26,1.5845787694038355e-26,1.5845787708112334e-26,1.5845787708335078e-26,1.5845787834328187e-26,1.5845787920795804e-26,1.584578960042322e-26,1.5845789600422973e-26,1.5845789599647196e-26,1.5845789597295613e-26,1.5845788433617925e-26,1.584578844652713e-26,1.584578868174887e-26,1.584578902874355e-26,1.5845786415017255e-26,1.5845786292251506e-26,1.584575880415665e-26,1.5845758705907513e-26,1.5845758711817506e-26,1.5845759237430894e-26,1.5845762891834786e-26,1.5845762860819382e-26,1.5845762861049585e-26,1.584576285287031e-26,1.5845762852870268e-26,1.5845762883371436e-26,1.58457635559297e-26,1.5845763618120583e-26,1.5845763618120592e-26,1.5845763618123367e-26,1.5845763043325513e-26,1.584576304680521e-26,1.584576297345899e-26,1.5845762297093482e-26,1.584576206053659e-26,1.584576209479881e-26,1.5845769060779973e-26,1.584576907267771e-26,1.5845768363224627e-26,1.5845758804012619e-26,1.5845758075520807e-26,1.5845758067858326e-26,1.5845758179781247e-26,1.5845758175278492e-26,1.5845758174969575e-26,1.5845758174898592e-26,1.5845757573578704e-26,1.5845757871489632e-26,1.58457564704549e-26,1.5845756471927126e-26,1.5845756471914628e-26,1.5845756450170597e-26,1.5845756550432467e-26,1.584575654629623e-26,1.584575653823376e-26,1.5845756596182673e-26,1.5845755500636353e-26,1.5845755489720413e-26,1.5845755489720244e-26,1.5845755491204076e-26,1.5845756178263672e-26,1.5845755622053974e-26,1.5845755622260862e-26,1.5845755552821475e-26,1.584575555545934e-26,1.584575467310334e-26,1.5845754463669454e-26,1.5845754463669454e-26,1.5845762617118863e-26,1.5845762594392675e-26,1.5845762590539105e-26,1.5845762590533374e-26,1.5845762585023098e-26,1.584579283790566e-26,1.5845792835027802e-26,1.584579259123438e-26,1.5845792509914362e-26,1.5845793796628294e-26,1.5845793796592668e-26,1.584585227066343e-26,1.5845845727317558e-26,1.5845845729305506e-26,1.5845845719691515e-26,1.584584564502453e-26,1.58458443018262e-26,1.584584330925423e-26,1.584584330499899e-26,1.5845843666318672e-26,1.5845843696866874e-26,1.584584344939338e-26,1.5845843468823593e-26,1.5845842959748145e-26,1.5845827278740717e-26,1.584581848384456e-26,1.5845818784428924e-26,1.5845818923096253e-26,1.5845818990713288e-26,1.5845822754223572e-26,1.5845822752091732e-26,1.5845822178844385e-26,1.5845469717928367e-26,1.5845466018127752e-26,1.5845465764351594e-26,1.5845466018786663e-26,1.5845466013668157e-26,1.584546552098402e-26,1.5845464865882547e-26,1.5845464870944167e-26,1.5845464262105064e-26,1.584546431677146e-26,1.584546398923106e-26,1.5845464045155767e-26,1.5845464210158824e-26,1.5845462980171106e-26,1.5845458024766187e-26,1.584545840680159e-26,1.5845457950518907e-26,1.5845461762773292e-26,1.5845462379076006e-26,1.5845462488968625e-26,1.584546194822551e-26,1.5845461566278663e-26,1.5845461720294315e-26,1.5845459147069728e-26,1.584546701290982e-26,1.584546700615889e-26,1.584546708469168e-26,1.5845466996920535e-26,1.5845466998544178e-26,1.5845466313989504e-26,1.5845468851692465e-26,1.584546880503538e-26,1.5845492861733806e-26,1.5845492623643584e-26,1.5845492597987404e-26,1.5845492862798363e-26,1.584549179922918e-26,1.584549178123512e-26,1.5845491779874195e-26,1.5845491788814255e-26,1.5845491783439476e-26,1.5845491937403838e-26,1.584549192980317e-26,1.5845491672823483e-26,1.5845491673063567e-26,1.5845491769461468e-26,1.5845491514787494e-26,1.5845491682602273e-26,1.5845488884537116e-26,1.5845485632788873e-26,1.58454856320518e-26,1.5845476512664573e-26,1.5845476513032302e-26,1.5845476512424162e-26,1.5845475688607326e-26,1.5845475580860102e-26,1.5845477872852433e-26,1.584547759637295e-26,1.5845475932898875e-26,1.584547598602704e-26,1.5845476006882492e-26,1.5845476432935647e-26,1.5845476835648977e-26,1.5845475744733385e-26,1.5845475744647068e-26,1.5845475797550145e-26,1.5845475798139695e-26,1.5845475765914915e-26,1.5845477280318556e-26,1.5845477324305798e-26,1.584547712950194e-26,1.5845477150358793e-26,1.5845477174294295e-26,1.5844695990253236e-26,1.5844693644257866e-26,1.5844693642228482e-26,1.584469401780061e-26,1.5844694499322438e-26,1.58446946133197e-26,1.5844694431731823e-26,1.5844694511889638e-26,1.5844694567915788e-26,1.5844694541389432e-26,1.584469436621371e-26,1.5844694335891556e-26,1.5844694785960382e-26,1.5844694203720308e-26,1.5844694323359762e-26,1.5844694199866785e-26,1.5844693621091567e-26,1.5844693035751018e-26,1.584469297812118e-26,1.5844692877786917e-26,1.5844736337955635e-26,1.5844739653628016e-26,1.584473974458831e-26,1.584473981253574e-26,1.5844742258110866e-26,1.5844742812260745e-26,1.5844744289644525e-26,1.584474441614324e-26,1.584474445703085e-26,1.5844744088977862e-26,1.5844744101875023e-26,1.5844743068992652e-26,1.584474378092968e-26,1.5844743350035437e-26,1.584474648660477e-26,1.5844746487328614e-26,1.584470273300862e-26,1.5844702768460595e-26,1.5844702635403775e-26,1.5844702635382257e-26,1.5844702664426615e-26,1.5844702666094345e-26,1.584470266208891e-26,1.584470202819457e-26,1.5844670766569622e-26,1.584467049590849e-26,1.5844670496086983e-26,1.5844670494501994e-26,1.5844670539040224e-26,1.5844670439077177e-26,1.5844670662029566e-26,1.5844670784573986e-26,1.584466839932631e-26,1.584466839290418e-26,1.5844668384837998e-26,1.5844706764462034e-26,1.5844713320793098e-26,1.5844713241583117e-26,1.584471327362371e-26,1.584471326479817e-26,1.5844712773509905e-26,1.5844713005357342e-26,1.584471297810249e-26,1.584471351435678e-26,1.5844746264181723e-26,1.5844746415017496e-26,1.5844742870640564e-26,1.584474287353205e-26,1.5844742192610584e-26,1.584474219037777e-26,1.584474219592592e-26,1.584474188524358e-26,1.5844741886576312e-26,1.584474305387232e-26,1.584474304266067e-26,1.584474320680834e-26,1.5844743190379347e-26,1.5844743288758865e-26,1.5844743289459318e-26,1.584474328377128e-26,1.5844734082543604e-26,1.5844720799968208e-26,1.5844720968703268e-26,1.5844720992594103e-26,1.5844720992592028e-26,1.5844720835640243e-26,1.5844720835642424e-26,1.5844719522833757e-26,1.5844719774530814e-26,1.584471948484501e-26,1.5844718454477106e-26,1.5844718444838208e-26,1.584471845669834e-26,1.5844719903387248e-26,1.584471557640691e-26,1.584471381078735e-26,1.5844715261180948e-26,1.5844715290889238e-26,1.5844713694901226e-26,1.5844713694886116e-26,1.5844710893870457e-26,1.5844710893747337e-26,1.5844710643346914e-26,1.5844757010682705e-26,1.58447570106663e-26,1.5844758077957455e-26,1.5844758144170432e-26,1.5844756718478178e-26,1.5844755761717558e-26,1.5844755627914993e-26,1.584475571257434e-26,1.5844755391952112e-26,1.5844754163674908e-26,1.5844754394301558e-26,1.5844754443911524e-26,1.5844753651847264e-26,1.5844757743709253e-26,1.5844757398931605e-26,1.584475738362032e-26,1.584475788501461e-26,1.5844757885051962e-26,1.5844757972861855e-26,1.5844756842885397e-26,1.584475699936234e-26,1.5844756999218638e-26,1.584475698029043e-26,1.584475712556715e-26,1.5844757124267337e-26,1.5844756906819295e-26,1.584475675256376e-26,1.5844757154266986e-26,1.5844756026129893e-26,1.5844756348703738e-26,1.5844756196057597e-26,1.584475619613673e-26,1.5844756065793036e-26,1.5844756065831813e-26,1.584475609059053e-26,1.5844753835913775e-26,1.5844753722043677e-26,1.5844753557255931e-26,1.5844753489075414e-26,1.58447530843601e-26,1.584475331362515e-26,1.5844753363274356e-26,1.5844753325752427e-26,1.5844753494472236e-26,1.5844753154596144e-26,1.584475287574614e-26,1.5844752867703518e-26,1.5844752825530093e-26,1.584475250443167e-26,1.584475267990059e-26,1.5844752755904624e-26,1.584375908743303e-26,1.5843761214316926e-26,1.584376121121815e-26,1.5843760987049113e-26,1.5843760975729122e-26,1.584355572799548e-26,1.5843555433513943e-26,1.5843555274465953e-26,1.584355638401392e-26,1.5843556427464613e-26,1.5843555689873717e-26,1.584355615531602e-26,1.5843556144341291e-26,1.5843556091700043e-26,1.5843556017603792e-26,1.5843550690777458e-26,1.5843550666799325e-26,1.5843552230885344e-26,1.584803050608791e-26,1.5848031558242187e-26,1.5848031471704844e-26,1.584800986005892e-26,1.5848009972312672e-26,1.5848007207282017e-26,1.584800722684683e-26,1.5848018770353887e-26,1.584801945664292e-26,1.5848019449642146e-26,1.5848019948305093e-26,1.5848019940561888e-26,1.584802234851944e-26,1.5848024548444705e-26,1.5848021190759003e-26,1.584802119306041e-26,1.5848020937748426e-26,1.5848020880280432e-26,1.5848020880280435e-26,1.5848021404774343e-26,1.5848021488019162e-26,1.5848021488127146e-26,1.5848036790980593e-26,1.584803692974177e-26,1.5848036920246705e-26,1.5848036673040418e-26,1.5848036472121436e-26,1.5848036552899617e-26,1.5848035160029508e-26,1.584803516026853e-26,1.5848035797657842e-26,1.5848035815263542e-26,1.584803699228439e-26,1.5848036992222887e-26,1.5848018999278198e-26,1.5848024329753067e-26,1.5848024324967313e-26,1.5848024260940084e-26,1.584802421631283e-26,1.584802420505255e-26,1.5848024185365105e-26,1.5848024198563214e-26,1.584802410185256e-26,1.5848024951841954e-26,1.5848024959365503e-26,1.584802499161745e-26,1.584802495153032e-26,1.5848024951530325e-26,1.584802513407073e-26,1.5848025134839893e-26,1.58480254890937e-26,1.5848025748178157e-26,1.5848025676598116e-26,1.584802539088972e-26,1.5848025390889706e-26,1.5848026191338913e-26,1.5848025950618793e-26,1.5848026200076206e-26,1.5839476579435204e-26,1.5839510152499962e-26,1.583951012056876e-26,1.5839510464097235e-26,1.5839510444392683e-26,1.5839509723349907e-26,1.5839509723389503e-26,1.5839510116271094e-26,1.5839509724421943e-26,1.5839516203657254e-26,1.5839516203330948e-26,1.583951636157411e-26,1.5839516252322307e-26,1.5839516501999987e-26,1.583951650222326e-26,1.5839516502217715e-26,1.583949690942082e-26,1.5839497685630941e-26,1.583949706106115e-26,1.5839497025278356e-26,1.5839497179282253e-26,1.5839495655892968e-26,1.5839497072361373e-26,1.583949689223463e-26,1.5839496882025876e-26,1.5839496894241383e-26,1.5839496796860564e-26,1.5839496710569372e-26,1.583949587016282e-26,1.5839495650539047e-26,1.5839495658090376e-26,1.5839495641354034e-26,1.5839495609114158e-26,1.5839496499141075e-26,1.5839496172316802e-26,1.583949618429295e-26,1.583949618308971e-26,1.5839495659960258e-26,1.5839495766472416e-26,1.583949574736981e-26,1.5839493234265803e-26,1.5838166981282702e-26,1.583816695662289e-26,1.583816695704977e-26,1.5838167495036571e-26,1.5838192624314108e-26,1.5838192627099005e-26,1.583819208795182e-26,1.5838192915562796e-26,1.583819476667623e-26,1.5838199211947188e-26,1.5838199556544143e-26,1.58381996008693e-26,1.5838199592315668e-26,1.5838204176661466e-26,1.5838204182784704e-26,1.5838203513607387e-26,1.5838207852739393e-26,1.5838208037158925e-26,1.5838208043791793e-26,1.5836994067413353e-26,1.583699405859298e-26,1.5836985544143434e-26,1.5836985418215158e-26,1.583698524781065e-26,1.5836985297691387e-26,1.5836985305344153e-26,1.5836985305448453e-26,1.5836985370617997e-26,1.583698555600224e-26,1.5836985388756033e-26,1.583698538877102e-26,1.5836985388776185e-26,1.5836985387176003e-26,1.5836985402197243e-26,1.5836985488619725e-26,1.583698551792203e-26,1.5836985516576832e-26,1.5836985516596264e-26,1.5836986119902143e-26,1.5836987478857424e-26,1.583698747179313e-26,1.583698877926402e-26,1.5836988854861115e-26,1.5837245708029482e-26,1.5837245796899128e-26,1.5837245836196828e-26,1.583724144881426e-26,1.583722447427966e-26,1.5837224478807195e-26,1.5837221574559814e-26,1.583722140512278e-26,1.5837221870448735e-26,1.5837221914172286e-26,1.5837220583870414e-26,1.5837208317164994e-26,1.5837208407926322e-26,1.5837208404926335e-26,1.5837208493864479e-26,1.5837207701918144e-26,1.583789549437931e-26,1.583787886945719e-26,1.583787907865595e-26,1.5837877012725812e-26,1.5837878372556842e-26,1.5837877895855185e-26,1.5837877835248863e-26,1.5837878062118194e-26,1.5837878274029276e-26,1.5837883719414076e-26,1.5837892423858732e-26,1.5837952671441443e-26,1.583794900271481e-26,1.5837948924772896e-26,1.583793698096518e-26,1.5837936982321365e-26,1.5837958605363498e-26,1.5837960396554796e-26,1.5837959582899342e-26,1.5837943878724304e-26,1.583794390577046e-26,1.583794334291256e-26,1.5837942752459688e-26,1.5837942060560516e-26,1.5837942051655205e-26,1.583794224725739e-26,1.5837943829016516e-26,1.5837943828999346e-26,1.5837943797825575e-26,1.5837943807008114e-26,1.583792832375411e-26,1.5837928368305684e-26,1.583792845443838e-26,1.5837928450302278e-26,1.58379304715381e-26,1.5837930424092363e-26,1.5837930604291004e-26,1.5837931044031304e-26,1.583793490120391e-26,1.5837934902051124e-26,1.583793490312615e-26,1.5837937421525716e-26,1.583793027205869e-26,1.583772979378073e-26,1.583773000538462e-26,1.58377310906354e-26,1.5837728066534004e-26,1.5837727889841462e-26,1.5837729616245406e-26,1.583772965285395e-26,1.5837729981000677e-26,1.5837730362562857e-26,1.5837730508534472e-26,1.5837730327329374e-26,1.5837729743038795e-26,1.583772979946116e-26,1.58377298164977e-26,1.5837729712471055e-26,1.5837723891697503e-26,1.5837723894306833e-26,1.5837723984224922e-26,1.5837724041154417e-26,1.5837723975107063e-26,1.5837720771810858e-26,1.5837721049479418e-26,1.5837721942466276e-26,1.5837722000742553e-26,1.5837724881256976e-26,1.5837724904673592e-26,1.5837724557095886e-26,1.583769168347936e-26,1.583769168345083e-26,1.5837691134648632e-26,1.583769037280733e-26,1.5837690035371587e-26,1.5837689968781172e-26,1.5837692753079436e-26,1.5837692664603616e-26,1.5837692699996192e-26,1.5837692699054683e-26,1.583769102184037e-26,1.5837689455469175e-26,1.5837689523550938e-26,1.5837693204967515e-26,1.5837692769987146e-26,1.5837690953954252e-26,1.5837690953949278e-26,1.5837690933553728e-26,1.5837691541996018e-26,1.5837690687663616e-26,1.5837688515098386e-26,1.5837684278025127e-26,1.5837688177558794e-26,1.5837688177086174e-26,1.5837693261324425e-26,1.5837694306447e-26,1.5837695120932757e-26,1.5837666261792515e-26,1.5837669754529332e-26,1.583767196872144e-26,1.5837672273643684e-26,1.5837674343242731e-26,1.5837668055695517e-26,1.583766983210381e-26,1.583764707486465e-26,1.583764708498228e-26,1.5837648591458807e-26,1.583764885771897e-26,1.58376487824006e-26,1.5837648782499976e-26,1.5837648778232622e-26,1.5837647938248038e-26,1.5837647049290907e-26,1.5837646942606277e-26,1.5837636617965357e-26,1.5837636482294348e-26,1.5837637497777833e-26,1.583763782332495e-26,1.5837637823324947e-26,1.5837602830027717e-26,1.583760278599428e-26,1.5837623755434943e-26,1.5837623609966544e-26,1.5837623609985666e-26,1.5837623649378238e-26,1.5837623729017263e-26,1.5837623735712785e-26,1.583761476944004e-26,1.5837614674566176e-26,1.5837614580965521e-26,1.58376244551276e-26,1.5837624455121472e-26,1.5837624350514003e-26,1.583762302454166e-26,1.5837622103467152e-26,1.583762200321462e-26,1.58376219996935e-26,1.5837619856000637e-26,1.5837619761820663e-26,1.5837619750272683e-26,1.5837608377535813e-26,1.5837608969923365e-26,1.5837612923116678e-26,1.5837612915666015e-26,1.5837612915982452e-26,1.5837613486921077e-26,1.5837613473102096e-26,1.5837614037497413e-26,1.5837614036375505e-26,1.583761381360281e-26,1.583761443324409e-26,1.5840140175938934e-26,1.584014017315767e-26,1.5840140038067745e-26,1.5840140354115073e-26,1.5840140350834523e-26,1.584014035935038e-26,1.584014035931962e-26,1.584013932631726e-26,1.5840139291993356e-26,1.584013931302833e-26,1.5840139316955882e-26,1.584014358891947e-26,1.5840143659293963e-26,1.584014365635411e-26,1.5840143655519558e-26,1.5840143571885348e-26,1.5840143572490208e-26,1.5840143555654713e-26,1.58401435556548e-26,1.5840143725809738e-26,1.5840143725809844e-26,1.584014534754727e-26,1.5840145339045168e-26,1.5840145157561266e-26,1.5840145156162006e-26,1.5840145164807994e-26,1.5840145163368295e-26,1.584014490252386e-26,1.5840144907970078e-26,1.5840144908029642e-26,1.584014506391431e-26,1.5840145077429889e-26,1.5840140369206722e-26,1.5840140369145806e-26,1.584013982757615e-26,1.5840139862823465e-26,1.5840139864780526e-26,1.5840139926132595e-26,1.584014018252655e-26,1.5840149637028167e-26,1.5840149645141532e-26,1.58401507678481e-26,1.5840150957298443e-26,1.584015095736923e-26,1.5840150957369073e-26,1.5840150957351125e-26,1.5840150963770607e-26,1.5840151473557777e-26,1.5840151493802835e-26,1.584015146183786e-26,1.584015147319945e-26,1.5840151533313642e-26,1.5840151533945166e-26,1.584015226530341e-26,1.5840152180891024e-26,1.5840152180772539e-26,1.5840152137083228e-26,1.5840151335240677e-26,1.5840150234569145e-26,1.5840150234755046e-26,1.5840150236730872e-26,1.5840152416052055e-26,1.5840147584976854e-26,1.584014760318705e-26,1.5840148017720268e-26,1.584014505032814e-26,1.5840144048897882e-26,1.584014404906325e-26,1.5840144048866982e-26,1.584014410124651e-26,1.584014409384789e-26,1.584014410932828e-26,1.5840144038261744e-26,1.584014431581115e-26,1.5840144314075127e-26,1.5840144883437353e-26,1.5840144883656432e-26,1.584014492854764e-26,1.5840273296239773e-26,1.5840273440165396e-26,1.5840273370556825e-26,1.5842003539769384e-26,1.584200352136056e-26,1.5842003521243986e-26,1.584200334694508e-26,1.5842003329910627e-26,1.5842003626197103e-26,1.5842002826785468e-26,1.5842002844848646e-26,1.5842002844867673e-26,1.5842002724175685e-26,1.5842003032388375e-26,1.584200298946379e-26,1.5842004550772428e-26,1.5842004483562043e-26,1.5842004486412427e-26,1.5842004619784912e-26,1.5842004620193146e-26,1.584200437157318e-26,1.584200440208022e-26,1.584200461083245e-26,1.5842004611053038e-26,1.5840922469359094e-26,1.584092244658657e-26,1.5840925663613177e-26,1.5840925450851013e-26,1.5840925430360975e-26,1.5840907696798772e-26,1.584090771800221e-26,1.5840907716162593e-26,1.584090855756965e-26,1.5840908461423208e-26,1.5840908491176712e-26,1.5840908489670567e-26,1.5840908489208215e-26,1.5840895135614335e-26,1.584089513366545e-26,1.5840896122381986e-26,1.5840897294174402e-26,1.5840897119454702e-26,1.5840897110697017e-26,1.5840897145831085e-26,1.5840897146609982e-26,1.5840893767126286e-26,1.5840893705610207e-26,1.5840884528162363e-26,1.5840884543027424e-26,1.5840884542915715e-26,1.5841084184839122e-26,1.5841084184965034e-26,1.5841084181630788e-26
2,0.0,0.0,0.0,0.0,0.0,0.0,0.0,0.0,0.0,0.0,0.0,0.0,0.0,0.0,0.0,0.0,0.0,0.0,0.0,0.0,0.0,0.0,0.0,0.0,0.0,0.0,0.0,0.0,0.0,0.0,0.0,0.0,0.0,0.0,0.0,0.0,0.0,0.0,0.0,0.0,0.0,0.0,0.0,0.0,0.0,0.0,0.0,0.0,0.0,0.0,0.0,0.0,0.0,0.0,0.0,0.0,0.0,0.0,0.0,0.0,0.0,0.0,0.0,0.0,0.0,0.0,0.0,0.0,0.0,0.0,0.0,0.0,0.0,0.0,0.0,0.0,0.0,0.0,0.0,0.0,0.0,0.0,0.0,0.0,0.0,0.0,0.0,0.0,0.0,0.0,0.0,0.0,0.0,0.0,0.0,0.0,0.0,0.0,0.0,0.0,0.0,0.0,0.0,0.0,0.0,0.0,0.0,0.0,0.0,0.0,0.0,0.0,0.0,0.0,0.0,0.0,0.0,0.0,0.0,0.0,0.0,0.0,0.0,0.0,0.0,0.0,0.0,0.0,0.0,0.0,0.0,0.0,0.0,0.0,0.0,0.0,0.0,0.0,0.0,0.0,0.0,0.0,0.0,0.0,0.0,0.0,0.0,0.0,0.0,0.0,0.0,0.0,0.0,0.0,0.0,0.0,0.0,0.0,0.0,0.0,0.0,0.0,0.0,0.0,0.0,0.0,0.0,0.0,0.0,0.0,0.0,0.0,0.0,0.0,0.0,0.0,0.0,0.0,0.0,0.0,0.0,0.0,0.0,0.0,0.0,0.0,0.0,0.0,0.0,0.0,0.0,0.0,0.0,0.0,0.0,0.0,0.0,0.0,0.0,0.0,0.0,0.0,0.0,0.0,0.0,0.0,0.0,0.0,0.0,0.0,0.0,0.0,0.0,0.0,0.0,0.0,0.0,0.0,0.0,0.0,0.0,0.0,0.0,0.0,0.0,0.0,0.0,0.0,0.0,0.0,0.0,0.0,0.0,0.0,0.0,0.0,0.0,0.0,0.0,0.0,0.0,0.0,0.0,0.0,0.0,0.0,0.0,0.0,0.0,0.0,0.0,0.0,0.0,0.0,0.0,0.0,0.0,0.0,0.0,0.0,0.0,0.0,0.0,0.0,0.0,0.0,0.0,0.0,0.0,0.0,0.0,0.0,0.0,0.0,0.0,0.0,0.0,0.0,0.0,0.0,0.0,0.0,0.0,0.0,0.0,0.0,0.0,0.0,0.0,0.0,0.0,0.0,0.0,0.0,0.0,0.0,0.0,0.0,0.0,0.0,0.0,0.0,0.0,0.0,0.0,0.0,0.0,0.0,0.0,0.0,0.0,0.0,0.0,0.0,0.0,0.0,0.0,0.0,0.0,0.0,0.0,0.0,0.0,0.0,0.0,0.0,0.0,0.0,0.0,0.0,0.0,0.0,0.0,0.0,0.0,0.0,0.0,0.0,0.0,0.0,0.0,0.0,0.0,0.0,0.0,0.0,0.0,0.0,0.0,0.0,0.0,0.0,0.0,0.0,0.0,0.0,0.0,0.0,0.0,0.0,0.0,0.0,0.0,0.0,0.0,0.0,0.0,0.0,0.0,0.0,0.0,0.0,0.0,0.0,0.0,0.0,0.0,0.0,0.0,0.0,0.0,0.0,0.0,0.0,0.0,0.0,0.0,0.0,0.0,0.0,0.0,0.0,0.0,0.0,0.0,0.0,0.0,0.0,0.0,0.0,0.0,0.0,0.0,0.0,0.0,0.0,0.0,0.0,0.0,0.0,0.0,0.0,0.0,0.0,0.0,0.0,0.0,0.0,0.0,0.0,0.0,0.0,0.0,0.0,0.0,0.0,0.0,0.0,0.0,0.0,0.0,0.0,0.0,0.0,0.0,0.0,0.0,0.0,0.0,0.0,0.0,0.0,0.0,0.0,0.0,0.0,0.0,0.0,0.0,0.0,0.0,0.0,0.0,0.0,0.0,0.0,0.0,0.0,0.0,0.0,0.0,0.0,0.0,0.0,0.0,0.0,0.0,0.0,0.0,0.0,0.0,0.0,0.0,0.0,0.0,0.0,0.0,0.0,0.0,0.0,0.0,0.0,0.0,0.0,0.0,0.0,0.0,0.0,0.0,0.0,0.0,0.0,0.0,0.0,0.0,0.0,0.0,0.0,0.0,0.0,0.0,0.0,0.0,0.0,0.0,0.0,0.0,0.0,0.0,0.0,0.0,0.0,0.0,0.0,0.0,0.0,0.0,0.0,0.0,0.0,0.0,0.0,0.0,0.0,0.0,0.0,0.0,0.0,0.0,0.0,0.0,0.0,0.0,0.0,0.0,0.0,0.0,0.0,0.0,0.0,0.0,0.0,0.0,0.0,0.0,0.0,0.0,0.0,0.0,0.0,0.0,0.0,0.0,0.0,0.0,0.0,0.0,0.0,0.0,0.0,0.0,0.0,0.0,0.0,0.0,0.0,0.0,0.0,0.0,0.0,0.0,0.0,0.0,0.0,0.0,0.0,0.0,0.0,0.0,0.0,0.0,0.0,0.0,0.0,0.0,0.0,0.0,0.0,0.0,0.0,0.0,0.0,0.0,0.0,0.0,0.0,0.0,0.0,0.0,0.0,0.0,0.0,0.0,0.0,0.0,0.0,0.0,0.0,0.0,0.0,0.0,0.0,0.0,0.0,0.0,0.0,0.0,0.0,0.0,0.0,0.0,0.0,0.0,0.0,0.0,0.0,0.0,0.0,0.0,0.0,0.0,0.0,0.0,0.0,0.0,0.0,0.0,0.0,0.0,0.0,0.0,0.0,0.0,0.0,0.0,0.0,0.0,0.0,0.0,0.0,0.0,0.0,0.0,0.0,0.0,0.0,0.0,0.0,0.0,0.0,0.0,0.0,0.0,0.0,0.0,0.0,0.0,0.0,0.0,0.0,0.0,0.0,0.0,0.0,0.0,0.0,0.0,0.0,0.0,0.0,0.0,0.0,0.0,0.0,0.0,0.0,0.0,0.0,0.0,0.0,0.0,0.0,0.0,0.0,0.0,0.0,0.0,0.0,0.0,0.0,0.0,0.0,0.0,0.0,0.0,0.0,0.0,0.0,0.0,0.0,0.0,0.0,0.0,0.0,0.0,0.0,0.0,0.0,0.0,0.0,0.0,0.0,0.0,0.0,0.0,0.0,0.0,0.0,0.0,0.0,0.0,0.0,0.0,0.0,0.0,0.0,0.0,0.0,0.0,0.0,0.0,0.0,0.0,0.0,0.0,0.0,0.0,0.0,0.0,0.0,0.0,0.0,0.0,0.0,0.0,0.0,0.0,0.0,0.0,0.0,0.0,0.0,0.0,0.0,0.0,0.0,0.0,0.0,0.0,0.0,0.0,0.0,0.0,0.0,0.0,0.0,0.0,0.0,0.0,0.0,0.0,0.0,0.0,0.0,0.0,0.0,0.0,0.0,0.0,0.0,0.0,0.0,0.0,0.0,0.0,0.0,0.0,0.0,0.0,0.0,0.0,0.0,0.0,0.0,0.0,0.0,0.0,0.0,0.0,0.0,0.0,0.0,0.0,0.0,0.0,0.0,0.0,0.0,0.0,0.0,0.0,0.0,0.0,0.0,0.0,0.0,0.0,0.0,0.0,0.0,0.0,0.0,0.0,0.0,0.0,0.0,0.0,0.0,0.0,0.0,0.0,0.0,0.0,0.0,0.0,0.0,0.0,0.0,0.0,0.0,0.0,0.0,0.0,0.0,0.0,0.0,0.0,0.0,0.0,0.0,0.0,0.0,0.0,0.0,0.0,0.0,0.0,0.0,0.0,0.0,0.0,0.0,0.0,0.0,0.0,0.0,0.0,0.0,0.0,0.0,0.0,0.0,0.0,0.0,0.0,0.0,0.0,0.0,0.0,0.0,0.0,0.0,0.0,0.0,0.0,0.0,0.0,0.0,0.0,0.0,0.0,0.0,0.0,0.0,0.0,0.0,0.0,0.0,0.0,0.0,0.0,0.0,0.0,0.0,0.0,0.0,0.0,0.0,0.0,0.0,0.0,0.0,0.0,0.0,0.0,0.0,0.0,0.0,0.0,0.0,0.0,0.0,0.0,0.0,0.0,0.0,0.0,0.0,0.0,0.0,0.0,0.0,0.0,0.0,0.0,0.0,0.0,0.0,0.0,0.0,0.0,0.0,0.0,0.0,0.0,0.0,0.0,0.0,0.0,0.0,0.0,0.0,0.0,0.0,0.0,0.0,0.0,0.0,0.0,0.0,0.0,0.0,0.0,0.0,0.0,0.0,0.0,0.0,0.0,0.0,0.0,0.0,0.0,0.0,0.0,0.0,0.0,0.0,0.0,0.0,0.0,0.0,0.0,0.0,0.0,0.0,0.0,0.0,0.0,0.0,0.0,0.0,0.0,0.0,0.0,0.0,0.0,0.0,0.0,-9.525245422892833e-33,1.3448052441452493e-52,1.3448052441452483e-52,1.3448052441452476e-52,1.344805244145258e-52,1.3448052441452569e-52,1.3448052441452565e-52,1.3448052441452556e-52,1.3448052441452556e-52,-1.0324537880569048e-32,-1.4068369139194054e-52,4.2551470784062836e-76,4.255147078406285e-76,-4.3843423647857743e-32,1.8865337284775257e-34,1.8865337284775377e-34,1.8865337284775345e-34,-2.2058041691218667e-32,-3.8718251170088835e-50,2.533183939365278e-32,2.533183939365299e-32,3.1016894258034227e-32,3.1016894258034216e-32,1.4826664943893342e-31,1.4826664943893346e-31,1.4826664943893353e-31,1.4826677536462046e-31,1.4826677536462046e-31,1.482667753646205e-31,1.4826677536462007e-31,-6.464416207070361e-32,3.264319029065683e-53,3.2643190290656826e-53,2.7413911897070175e-35,6.318409806213781e-35,6.318409806213791e-35,8.346971219872221e-32,8.346971219872217e-32,8.350130462071851e-32,7.161758044003924e-32,2.8309265158624546e-28,2.8309370681578153e-28,2.83093706815783e-28,2.8308317189252733e-28,2.830831718925277e-28,2.8308317189252733e-28,2.8308317189252733e-28,2.8308317189252765e-28,2.830831718925272e-28,2.8308317189252698e-28,2.8454797199638016e-28,2.8454797199638025e-28,2.845479719963805e-28,2.845479719963805e-28,2.845479719963777e-28,2.8509056673846785e-28,2.85090566738468e-28,2.8509056673846856e-28,2.8509056673847193e-28,4.937309396415423e-27,3.799804643591079e-27,3.79980464359093e-27,3.802839166897839e-27,3.802838874744833e-27,3.802838874744828e-27,3.802838874744842e-27,3.795181947523842e-27,3.7951819475238354e-27,3.7817612722400814e-27,3.781761272240064e-27,3.781206372194408e-27,3.7832912892229625e-27,3.783291289222902e-27,3.783291289222895e-27,3.593882873829772e-27,3.593882873829924e-27,3.421319091616407e-27,3.388389399920302e-27,3.2235143029536536e-27,3.223514302953639e-27,3.1572141376994972e-27,3.157571331480238e-27,3.157571331480241e-27,3.1260741696551136e-27,3.1266739666727276e-27,3.126765452099305e-27,3.469079798137321e-27,3.469079798137338e-27,3.4690797981373326e-27,3.4690797981373104e-27,3.469079798137389e-27,3.467084002911506e-27,3.4670840029115255e-27,2.322065916428863e-27,2.322065916428865e-27,2.3220659164288314e-27,2.3226074941905286e-27,1.2301024754041459e-27,1.2301024748503814e-27,1.230057546560062e-27,1.2258724078306472e-27,1.225872407830604e-27,1.225872407830474e-27,1.2258724078304784e-27,1.1721484959863393e-27,1.1721484959863072e-27,1.1721484959865343e-27,1.1721484959865465e-27,1.2508791721806493e-27,1.2508791721808943e-27,1.2508791721809035e-27,1.4389923486156584e-27,1.4387807465274452e-27,1.4404777545047078e-27,1.4400865800815855e-27,1.4400931106769766e-27,1.4400931106813352e-27,1.4400924425654633e-27,1.4400924425654633e-27,1.4400923827191062e-27,1.440092382715802e-27,1.4400923828659822e-27,1.4400923828661013e-27,1.4400923702124126e-27,1.4400923699674398e-27,1.4400933733582612e-27,1.4400933733651577e-27,1.4400933733619303e-27,1.4400933938918676e-27,1.4400897457558171e-27,1.4400842185868202e-27,1.4400840418782288e-27,1.4400835528048445e-27,1.4400835528090183e-27,1.4400832328007902e-27,1.4400832099837583e-27,1.440079119018669e-27,1.4400765495021036e-27,1.4400679930426653e-27,1.4400689154530499e-27,1.4400689154544751e-27,1.4400690749210815e-27,1.4400690538760445e-27,1.4400689750666712e-27,1.4400754917416421e-27,1.4400797654242058e-27,1.4413011517366063e-27,1.4413214982347046e-27,1.4413231688224398e-27,1.4398260684797107e-27,1.4399815006147297e-27,1.43964573418943e-27,1.4396456895544993e-27,1.4396614735057283e-27,1.439661469942067e-27,1.4401169810371567e-27,1.440171910871495e-27,1.4407819663908248e-27,1.4407883918367322e-27,1.4407883935172145e-27,1.440788604434055e-27,1.4407886068247474e-27,1.4407886070406952e-27,1.4407942429762838e-27,1.4407942429713341e-27,1.4407943345184893e-27,1.4407946952405027e-27,1.4407946831132265e-27,1.4407946833952569e-27,1.4407948166677938e-27,1.440798435118374e-27,1.4408013066755565e-27,1.4408004701555965e-27,1.4408053983573296e-27,1.440805449383742e-27,1.4408054493725873e-27,1.4408054494249513e-27,1.4408141340387549e-27,1.4408133607249694e-27,1.4408133468885598e-27,1.4408133468482534e-27,1.4408133490794787e-27,1.4408133490794683e-27,1.4407448445910556e-27,1.4407448445952703e-27,1.4407444213241421e-27,1.4407590758714586e-27,1.4411697670944039e-27,1.4411697679336987e-27,1.4412026791198467e-27,1.4412026794293589e-27,1.4416676253393526e-27,1.441260239841986e-27,1.4412645663247677e-27,1.4410700946708704e-27,1.4410602807331836e-27,1.4410602595421285e-27,1.4410517041467538e-27,1.4409821527379183e-27,1.4414355000699361e-27,1.4414362452471946e-27,1.4409042847285944e-27,1.4409042871285225e-27,1.4409042376497838e-27,1.4407969952659009e-27,1.4407971786337037e-27,1.4437834460058663e-27,1.4436023407916076e-27,1.4433442595416431e-27,1.4433437341764195e-27,1.4433186323517619e-27,1.443318632626123e-27,1.4433155889463015e-27,1.4433214916115775e-27,1.443290410828008e-27,1.4432904094603975e-27,1.4432904367218253e-27,1.4432613142118673e-27,1.4432615097403365e-27,1.436057626690094e-27,1.4360572146445905e-27,1.4360572146445851e-27,1.4360572146392463e-27,1.4360572141493071e-27,1.4352664559043711e-27,1.435436383126969e-27,1.434909157805075e-27,1.4349091577873112e-27,1.4349091577830555e-27,1.435097367707111e-27,1.4350973677071119e-27,1.4351035848387219e-27,1.4350191794383782e-27,1.4360664516912984e-27,1.4397893892703052e-27,1.4397991606952426e-27,1.441939268805527e-27,1.4419392688067193e-27,1.4419392693576762e-27,1.441933544070815e-27,1.4418861078342646e-27,1.4418859873244651e-27,1.4419082693701568e-27,1.4418759393541792e-27,1.4418662810206382e-27,1.4473703001215945e-27,1.4474569856062085e-27,1.4474726228177677e-27,1.4474165119055857e-27,1.4467518396052718e-27,1.446952100349025e-27,1.0046408861422261e-27,1.0046408862142442e-27,1.0046408862142497e-27,1.0046408342168646e-27,1.0046602288033286e-27,1.0046602288011997e-27,1.0046602288473576e-27,1.0047728374541838e-27,1.0047740709935037e-27,1.0044599108248545e-27,9.99550713048876e-28,9.994875028474216e-28,9.994874960827894e-28,9.994874961192676e-28,9.994871484188322e-28,9.994871484237606e-28,9.994880074851849e-28,9.947128280907924e-28,9.947128280908037e-28,9.99289713315886e-28,9.991982413948807e-28,1.0117655225774335e-27,1.0117232566713684e-27,1.0117295962279696e-27,1.0117295962382688e-27,1.0116043595056601e-27,1.0116043481161887e-27,1.011606613779782e-27,1.0116066137798075e-27,1.0116066137664298e-27,1.0116066134639016e-27,9.987821871845339e-28,9.987085438514192e-28,9.992559182761137e-28,9.992559182763489e-28,9.992538077488121e-28,9.863844025102635e-28,9.905795624624217e-28,9.910654319823976e-28,9.911066544225518e-28,9.911180497906708e-28,9.911200483493691e-28,9.91087125689293e-28,9.91094010362456e-28,9.911021486176244e-28,9.883427506263509e-28,9.861346794539825e-28,9.858991149891682e-28,9.859596910890812e-28,9.8596111001615e-28,7.9061113741723275e-28,7.909247641388314e-28,7.916864683277848e-28,7.916864683346566e-28,7.916864682844676e-28,7.916864682844668e-28,7.878088634132644e-28,7.905415426331846e-28,7.905415426320929e-28,8.029936758297959e-28,8.003988238511634e-28,8.004022818582588e-28,2.0004186281540077e-27,2.0004186395175415e-27,2.0004143377850363e-27,2.0004143219896674e-27,1.973923008531495e-27,1.9739239183552976e-27,1.9715722154116754e-27,1.972002345929832e-27,1.9341214676085598e-27,1.9339906543590452e-27,1.9341793947011352e-27,1.934179357540734e-27,1.933818123370301e-27,1.9338127577899284e-27,1.933657715866703e-27,1.9336421650852637e-27,1.9227823766101414e-27,1.9372693170290555e-27,1.9372693170267474e-27,1.9377741997064984e-27,1.937774199598353e-27,1.940262743903792e-27,1.940573927653122e-27,1.9407653786556394e-27,1.9407653786556587e-27,1.9405889775288772e-27,1.9405889771072712e-27,1.9405889092735624e-27,1.9402867203438032e-27,1.9407637622863742e-27,1.9407637623044583e-27,1.940323325683417e-27,1.9374932626807185e-27,-3.62007721064718e-26,-6.918502490930971e-31,-3.781976090281855e-39,8.845484623899693e-30,8.84548469620113e-30,8.911923689629017e-30,8.911923582174129e-30,9.031516448911385e-30,1.1942843551220707e-29,1.1942843551220522e-29,1.1883048461338718e-29,1.2153199370484256e-29,1.8797465732587248e-29,1.886520938700113e-29,1.8871239125698873e-29,1.9367643698645564e-29,1.9732161976733138e-29,1.9726013283630725e-29,1.9726011449565204e-29,1.972602792746647e-29,1.969547688702182e-29,2.065972154806604e-29,1.0356397110124064e-28,1.0247026982810868e-28,1.025965248600061e-28,1.0259652493432105e-28,1.0616485240074128e-28,1.1151920718957884e-28,1.1151920718957787e-28,1.1152373971668227e-28,1.1152373971738413e-28,1.1146681395960783e-28,1.1146681396181623e-28,1.1149094786779763e-28,1.1149094786234387e-28,1.061740706891208e-28,1.0617407032247296e-28,1.4038387218125735e-28,1.4100239549300024e-28,1.4061762501873062e-28,1.9431250985389866e-28,1.943125099605198e-28,1.9431247424476478e-28,1.943124742447615e-28,1.99290215255589e-28,1.9929021129659382e-28,1.99289625518473e-28,1.995607421230785e-28,1.9414495314245818e-28,1.927326494480648e-28,1.9274705090143737e-28,1.9274705101816544e-28,1.9265563562561493e-28,1.9281445719126245e-28,1.9280431268118862e-28,1.908225342631707e-28,1.5508650921310874e-28,1.3748657040556215e-28,1.3748657051237992e-28,1.3732511679564947e-28,1.373251887765213e-28,1.3732518883435991e-28,1.37325188836603e-28,1.0925547476683353e-28,1.0924930155716442e-28,1.092493112298658e-28,1.0924883218500298e-28,1.092488284277451e-28,1.0924934088742299e-28,1.0937020927031656e-28,9.371126651560148e-29,9.371126651560103e-29,9.408624375861502e-29,8.647963529242721e-27,8.64796356694323e-27,8.647949659571217e-27,8.647949658837178e-27,8.648536042997855e-27,8.650452188443381e-27,8.65045218844416e-27,8.65045238295996e-27,8.650460390130175e-27,8.65165471954202e-27,8.651006350200623e-27,8.650884039812324e-27,8.651286924396717e-27,8.65128692439615e-27,8.641042874309869e-27,8.641042786436947e-27,8.64104278643709e-27,8.702301100027392e-27,8.702215082167707e-27,8.702215083210095e-27,8.702399633555555e-27,8.699156914764443e-27,8.698780907343258e-27,8.698824112069526e-27,8.698823922172093e-27,8.699800171537818e-27,8.69579407055838e-27,8.677526065654377e-27,8.677518713231862e-27,8.676525227258978e-27,8.67649073620904e-27,8.67649073616271e-27,8.676519017288935e-27,8.676465822514012e-27,8.67646582253947e-27,8.676021711576093e-27,8.370274642444004e-27,8.37179752996154e-27,8.371797529961031e-27,8.37179752996106e-27,8.371920134871682e-27,8.371901885248467e-27,8.371901883909889e-27,8.371859594462827e-27,8.371859594168274e-27,8.371859594168528e-27,8.37185959416854e-27,8.371859594177785e-27,8.369072498821502e-27,8.303517491670954e-27,8.303517491376706e-27,8.303517703386775e-27,8.303525044114938e-27,8.303525044214197e-27,8.307915548178287e-27,8.307913013861006e-27,8.30791302748524e-27,8.307925726694729e-27,8.307926631189662e-27,8.307927291389877e-27,8.307128839068213e-27,8.30712899434228e-27,8.307129207407946e-27,8.307129207514774e-27,8.30627683046835e-27,8.306276831759227e-27,8.306276566384448e-27,8.306276202994472e-27,8.306276260905112e-27,8.306276260905154e-27,8.306040063953849e-27,8.301370409470714e-27,8.301370409478384e-27,8.30128501876554e-27,8.301226127252455e-27,8.301099431529761e-27,8.301099433976326e-27,8.301155557481056e-27,8.301155557482554e-27,8.301155557455742e-27,8.302105302365669e-27,8.301812924118593e-27,8.301812924449033e-27,8.302753218003335e-27,8.302753295058757e-27,8.303038425116327e-27,8.303038424712334e-27,8.303038425365002e-27,8.30969293905128e-27,8.30969293438307e-27,8.309713934709285e-27,8.309713933269372e-27,8.309713933294016e-27,8.30971393362827e-27,8.309713933628783e-27,8.309713933636767e-27,8.309693322178119e-27,8.309923070823375e-27,8.306179854426648e-27,8.306179854426641e-27,8.306182610715723e-27,8.306182610744546e-27,8.306130743457639e-27,8.306577508822091e-27,8.30657751158668e-27,8.306577517548914e-27,8.303694075039057e-27,8.307978933920323e-27,8.307978933923942e-27,8.307903579646754e-27,8.306248687558195e-27,8.30557075789651e-27,8.305570757671026e-27,8.305086454407093e-27,8.304077615144224e-27,8.303016089827378e-27,8.303134530184582e-27,8.307992853765975e-27,8.268772616725319e-27,8.27004752620815e-27,8.270047526208856e-27,8.270020205450575e-27,8.270020205817414e-27,8.270024586172906e-27,8.269833592389391e-27,8.269833592389016e-27,8.269833592427358e-27,8.269833592560674e-27,8.26819751965903e-27,8.26819751870016e-27,8.268225371197962e-27,8.268225371197879e-27,8.268404069399146e-27,8.268409701040917e-27,8.268409701040884e-27,8.291132994456518e-27,8.291133007677459e-27,8.291133017818066e-27,8.290920271155403e-27,8.290769365354355e-27,8.290672534015742e-27,8.290762931784783e-27,8.290762931784758e-27,8.290720547718861e-27,8.290722094925083e-27,8.29072197572094e-27,8.290721022771132e-27,8.290588797320884e-27,8.293950697991627e-27,8.293834709318418e-27,8.29389422522912e-27,8.29191437987996e-27,8.311282304781493e-27,8.311286782924359e-27,8.311286783962292e-27,8.311290693319033e-27,8.311290693319065e-27,8.311290693429707e-27,8.311533884122692e-27,8.311533023913188e-27,8.311533023199714e-27,8.310757989950384e-27,8.310757989949823e-27,8.317027948668817e-27,8.317027948655883e-27,8.317027948655685e-27,8.316601225734124e-27,8.316352402725383e-27,8.31468661858744e-27,8.314686618589548e-27,8.314686618573482e-27,8.314221275587245e-27,8.314221275586895e-27,8.315624404264591e-27,8.315624347702635e-27,8.315624347682654e-27,8.31644935481287e-27,8.316449354808123e-27,8.316316127717422e-27,8.316368932013337e-27,8.316359861932918e-27,8.316360729397045e-27,8.316382077983562e-27,8.316382015136544e-27,8.316337413962933e-27,8.313487648394274e-27,8.313487593786452e-27,8.312567226845032e-27,8.306447696989895e-27,8.306481406703418e-27,8.30321122326536e-27,8.303276464393034e-27,8.30327653877458e-27,8.304256259453254e-27,8.304256259455683e-27,8.304256259455907e-27,8.30425633372337e-27,8.304256332849356e-27,8.305636837841869e-27,8.305643548546775e-27,8.305643013485676e-27,8.305643021711763e-27,8.305643021711698e-27,8.32022669861948e-27,8.320226715718218e-27,8.32022958077477e-27,8.32022958135921e-27,8.375448398505333e-27,8.375660176734014e-27,8.380421041314468e-27,8.381251487005164e-27,8.381162664232299e-27,8.381623230224242e-27,8.404546816638446e-27,8.431176154249488e-27,8.4312673831788e-27,8.429811026789814e-27,8.429819124563089e-27,8.42981912525522e-27,8.42981912525528e-27,8.429819125256485e-27,8.428764183833958e-27,8.431861296153529e-27,8.431861296153067e-27,8.431861296152445e-27,8.431861296926456e-27,8.431865478179842e-27,8.431986624450471e-27,8.412061318046848e-27,8.411704905682024e-27,8.411704910311857e-27,8.411704909458959e-27,8.408722675906192e-27,8.408692194003992e-27,8.408650223212355e-27,8.408650221906543e-27,8.408653775744723e-27,8.40865377574672e-27,8.410351405878986e-27,8.409943883783609e-27,8.409953328494617e-27,8.409953328494571e-27,8.410380311965726e-27,8.410380311936722e-27,8.413918552420451e-27,8.413980149369221e-27,8.41548597605195e-27,8.415389296292458e-27,8.415389286380261e-27,8.419195434911325e-27,8.417903887691142e-27,8.375603132652596e-27,8.375603132649005e-27,8.375608602445203e-27,8.422053524147267e-27,8.422094422853714e-27,8.42209947062038e-27,8.421955913074138e-27,8.422028525936114e-27,8.422028538233393e-27,8.422028538233291e-27,8.422270778942827e-27,8.422319736957058e-27,8.421763012542661e-27,8.421763012546054e-27,8.421763012546032e-27,8.422712044748446e-27,8.422712044758914e-27,8.4235998429047e-27,8.423657102319488e-27,8.423978580418226e-27,8.423978591902593e-27,8.423981840786826e-27,8.423981840786784e-27,8.425678302095668e-27,8.425688038635644e-27,8.425778876148996e-27,8.439916924570767e-27,8.44090828034553e-27,8.441173311597765e-27,8.441173311485688e-27,8.441174335217752e-27,8.44366018389393e-27,8.444640513490431e-27,8.450903787955375e-27,8.449871285652521e-27,8.449680220599609e-27,8.449705984933724e-27,8.449705988142726e-27,8.44731524911472e-27,8.447315052208457e-27,8.447329291320784e-27,8.447329129021078e-27,8.448275494197167e-27,8.448890970011473e-27,8.448812059146325e-27,8.426897998981528e-27,8.4236620788301e-27,8.425372350430916e-27,8.425331911329053e-27,8.427603334820522e-27,8.427242192695205e-27,8.427242192694968e-27,8.429502239006298e-27,8.428425277629469e-27,8.42891028937768e-27,8.428567009316425e-27,8.428567411080121e-27,8.428559803083436e-27,8.428563532258634e-27,8.428510920938318e-27,8.428402657760854e-27,8.428498395288499e-27,8.428528967986367e-27,8.428528967985252e-27,8.428527956835197e-27,8.428528459304465e-27,8.42852845930344e-27,8.428528450658783e-27,8.428488025121044e-27,8.428488025056825e-27,8.428488025056712e-27,8.429699743951512e-27,8.429699743951512e-27,8.429699743951489e-27,8.429894151654329e-27,8.429894151158574e-27,8.429894371896436e-27,8.429894371878726e-27,8.429309348597476e-27,8.430911312413615e-27,8.430911276775361e-27,8.430911612245244e-27,8.427511873555958e-27,8.463267228035773e-27,8.46326722803559e-27,8.464420662612612e-27,8.46451941819617e-27,8.465582529336902e-27,8.468449111901555e-27,8.468933357069612e-27,8.467925113686962e-27,8.467925107322766e-27,8.466641247810649e-27,8.466837281647732e-27,8.465957190603988e-27,8.581303063677182e-27,8.58700183687938e-27,8.587001836740459e-27,8.58700183674046e-27,8.587001836740459e-27,8.587005859198139e-27,8.587009557974287e-27,8.587009557965201e-27,8.58700954035397e-27,8.587009540353974e-27,8.586960999963805e-27,8.586963245886156e-27,8.586961095933232e-27,8.586960938210911e-27,8.586086690990877e-27,8.586996964727057e-27,8.587000515282178e-27,8.587135376397386e-27,8.587135376401787e-27,8.587022527911965e-27,8.587022527912115e-27,8.588313717144173e-27,8.619907398604027e-27,8.619512070306518e-27,8.619512106959502e-27,8.619907482950922e-27,8.625344511915867e-27,8.625344511931625e-27,8.625340012048387e-27,8.625341388873595e-27,8.625341344785182e-27,8.624957134984367e-27,8.624957134946767e-27,8.537668847974737e-27,8.537668847974767e-27,8.537668847974765e-27,8.537668847974763e-27,8.537664424299977e-27,8.539207212959766e-27,8.539207647394435e-27,8.540395883856902e-27,8.542640542486967e-27,8.54263548920627e-27,8.5434082509383e-27,8.54339012486655e-27,8.540667133066192e-27,8.54067017520901e-27,8.540686601493006e-27,8.540729350133135e-27,8.54086038912324e-27,8.542020668306093e-27,8.542083449637331e-27,8.54214840856069e-27,8.542149810523074e-27,8.542147117592814e-27,8.542147085549882e-27,8.542061427839355e-27,8.542166656547628e-27,8.542166956959524e-27,8.542166921611653e-27,8.542177905056585e-27,8.542189832608202e-27,8.542188910573586e-27,8.542188948563619e-27,8.542711701373145e-27,8.542712254213616e-27,8.542712254398399e-27,8.542712254396947e-27,8.537349319310697e-27,8.545376892720723e-27,8.545263961575626e-27,8.543233952324016e-27,8.54323395232401e-27,8.543233952309493e-27,8.5432339641661e-27,8.543233964166235e-27,8.543258298574626e-27,8.543258298438671e-27,8.54325830412403e-27,8.54341361923531e-27,8.543413619233798e-27,8.543413619255118e-27,8.543413618426162e-27,8.539590510972339e-27,8.539590504664346e-27,8.539585060233293e-27,8.539585031086477e-27,8.539168269415097e-27,8.539463954884668e-27,8.539463954888719e-27,8.5418609371541e-27,8.525721481484162e-27,8.525721481484155e-27,8.526214362685451e-27,8.526391988798195e-27,8.526392331157912e-27,8.526275986602294e-27,8.52627540839731e-27,8.526275408397253e-27,8.51632310569866e-27,8.516322882655918e-27,8.516322882656146e-27,8.516421878631374e-27,8.511250121606555e-27,8.519133151778653e-27,8.523472878944962e-27,8.52347287894147e-27,8.524181454344936e-27,8.523771408388286e-27,8.522786651455348e-27,8.522785027095768e-27,8.522718717464778e-27,8.519479381745722e-27,8.522105033189082e-27,8.52260132674419e-27,8.522775235632787e-27,8.52276994625582e-27,8.523555856023737e-27,8.523255270363707e-27,8.521035452750212e-27,8.521044852297017e-27,8.577243941920827e-27,8.577243941927366e-27,8.576122677080266e-27,8.576141413057138e-27,8.576141413061041e-27,8.57614141308457e-27,8.576388651579895e-27,8.576460728101964e-27,8.576506722821901e-27,8.576506722819918e-27,8.57650315094725e-27,8.576373415984091e-27,8.581725574245098e-27,8.58172557447002e-27,8.600157315882575e-27,8.600147261005984e-27,8.600025578957333e-27,8.60013931724921e-27,8.571591059669764e-27,8.571479366772132e-27,8.571383084635824e-27,8.571369639070349e-27,8.571285830878189e-27,8.571285830853807e-27,8.571285830854295e-27,8.571339707178166e-27,8.571243832040851e-27,8.571087824134218e-27,8.571098100166804e-27,8.571096004727193e-27,8.592198649497631e-27,8.582394274109217e-27,8.582371798543822e-27,8.642791802366299e-27,8.642791802366312e-27,8.642881298434253e-27,8.642881298411365e-27,8.656887738262038e-27,8.629692491525222e-27,8.629111705614733e-27,8.629116865976879e-27,8.629116865973652e-27,8.629068992275199e-27,8.629065311554148e-27,8.629065311553931e-27,8.62893595216402e-27,8.628984175124554e-27,8.62898417512457e-27,8.628921692500035e-27,8.62892169250006e-27,8.628920060462843e-27,8.628838075602532e-27,8.628724338648284e-27,8.62831157061214e-27,8.628337365536076e-27,8.662958005094283e-27,8.662958005094281e-27,8.663011772003019e-27,8.663011772003092e-27,8.663009321878096e-27,8.663104129435059e-27,8.655878590949015e-27,8.655926800997865e-27,8.655930697233862e-27,8.655666010437612e-27,8.655611291884517e-27,8.655573973917905e-27,8.655571229046897e-27,8.6568961173087e-27,8.649826768591978e-27,8.648821979062613e-27,8.65043398780759e-27,8.649957509663347e-27,8.649899698304708e-27,8.64811567777424e-27,8.648115677709696e-27,8.648367503804829e-27,8.648153583805684e-27,8.64895721231368e-27,8.648293817812007e-27,8.650668427543045e-27,8.643618903928142e-27,8.643620319648937e-27,8.641211959067814e-27,8.640502001941277e-27,8.637111074608036e-27,8.635969370966162e-27,8.638815446973687e-27,8.638859654557499e-27,8.641223511060307e-27,8.641223880365962e-27,8.641223880411513e-27,8.642562086827476e-27,8.642536392798398e-27,8.642349722568015e-27,8.642119950219508e-27,8.642333023827933e-27,8.64345240611207e-27,8.645818968402388e-27,8.64581896858125e-27,8.645818971484372e-27,8.645818975005287e-27,8.64581905973309e-27,8.645818717872179e-27,8.648597649300212e-27,8.6485976469693e-27,8.64859764700857e-27,8.64859764700857e-27,8.648597641084706e-27,8.648597638473063e-27,8.648597638473063e-27,8.64859763845516e-27,8.648597638455182e-27,8.648597638455182e-27,8.648597638455184e-27,8.648597638470738e-27,8.648597638467389e-27,8.648597638492159e-27,8.648597638492081e-27,8.648597638877086e-27,8.648597638851983e-27,8.648597638867651e-27,8.648597638867654e-27,8.648597638867653e-27,8.648597643833316e-27,8.648597643946138e-27,8.648597642062465e-27,8.648597642143492e-27,8.648597642153429e-27,8.648597641848643e-27,8.64859764195245e-27,8.648597892210132e-27,8.648597883066235e-27,8.648597883066238e-27,8.648597882899125e-27,8.648597882656117e-27,8.648597884468114e-27,8.648597884467315e-27,8.648597884641251e-27,8.648597881355376e-27,8.648597881355387e-27,8.648597881355387e-27,8.648597872702116e-27,8.648597872702113e-27,8.648597872702113e-27,8.648597865195488e-27,8.648597865195488e-27,8.648597865195485e-27,8.648597865259239e-27,8.648597865244965e-27,8.648597863755256e-27,8.64859786375526e-27,8.648597862963164e-27,8.648597863611708e-27,8.648597863675896e-27,8.648597863682405e-27,8.64859786368241e-27,8.64859786584088e-27,8.64859786584088e-27,8.64859792302292e-27,8.648597923010711e-27,8.64859786597404e-27,8.648597865964349e-27,8.648597865754205e-27,8.648597845136075e-27,8.648597845136296e-27,8.648597836278684e-27,8.648597836278684e-27,8.648597836278686e-27,8.648597837360755e-27,8.648597847568282e-27,8.648597945623951e-27,8.648597951649918e-27,8.648597950418517e-27,8.648597938085218e-27,8.648597938484034e-27,8.648597938484439e-27,8.648597938478808e-27,8.64859794360236e-27,8.648596906324119e-27,8.648596933047779e-27,8.648596933047779e-27,8.648596932335493e-27,8.64859693231392e-27,8.648596972094538e-27,8.648596972094528e-27,8.648596461000366e-27,8.648596480859084e-27,8.648596497263592e-27,8.648596432084519e-27,8.648596411885256e-27,8.648596527687277e-27,8.64859652770037e-27,8.648596515684488e-27,8.648596512786851e-27,8.648596511205755e-27,8.648596449197167e-27,8.64859645113172e-27,8.648596400627145e-27,8.648596405600512e-27,8.648596393929631e-27,8.64859638167325e-27,8.648596381702648e-27,8.648596381702649e-27,8.648596381702649e-27,8.648596398097004e-27,8.64859639811832e-27,8.648596398118319e-27,8.64859640092195e-27,8.64859640364309e-27,8.64859631459194e-27,8.648596324815393e-27,8.648596324815393e-27,8.648596619108474e-27,8.648596619140301e-27,8.648596620285604e-27,8.648596620285603e-27,8.648596620285603e-27,8.648596624752421e-27,8.648596625401682e-27,8.648596625401682e-27,8.648596625401682e-27,8.648596614123113e-27,8.648596615376374e-27,8.648596615376373e-27,8.648596615376374e-27,8.648596599427015e-27,8.648588342619667e-27,8.648588342878512e-27,8.648588657159867e-27,8.648596351884331e-27,8.648601039785713e-27,8.64860103978807e-27,8.648601039791081e-27,8.64860126278549e-27,8.648601263994796e-27,8.648601336040825e-27,8.648601333627709e-27,8.648601368548921e-27,8.648601382600275e-27,8.648601382591184e-27,8.648601382546828e-27,8.648601382309727e-27,8.648601382309734e-27,8.648601382279403e-27,8.648601382279403e-27,8.648601382279387e-27,8.648601408308173e-27,8.648601402442285e-27,8.648601403751248e-27,8.648601399563033e-27,8.64860140138866e-27,8.648601429335067e-27,8.648601429162457e-27,8.648601429162463e-27,8.648601429630425e-27,8.648601429630426e-27,8.648601429630428e-27,8.648601430288288e-27,8.648601404056934e-27,8.648601401550238e-27,8.648601401092226e-27,8.648601400981387e-27,8.648601400739104e-27,8.648601407870031e-27,8.648601233684198e-27,8.648601233690177e-27,8.648601233690174e-27,8.648601233690177e-27,8.648601233690177e-27,8.648601233689982e-27,8.648601233674696e-27,8.648601265002236e-27,8.648601281406198e-27,8.648601219159682e-27,8.648601236434006e-27,8.648601278677237e-27,8.648601449402475e-27,8.648601448164934e-27,8.648601441743824e-27,8.648592245053394e-27,8.648592245382569e-27,8.64861588492424e-27,8.648615884275665e-27,8.648615819260895e-27,8.648615819258695e-27,8.648615846129399e-27,8.648615852244917e-27,8.648615852234513e-27,8.648616047766295e-27,8.648616047760497e-27,8.648616047760287e-27,8.648616047757237e-27,8.648616049452043e-27,8.648616049088372e-27,8.648616049088939e-27,8.648616879453648e-27,8.648616869693228e-27,8.64861686948464e-27,8.648609664284242e-27,8.648609662931478e-27,8.648609661261322e-27,8.64860946605417e-27,8.648609466002376e-27,8.648609466002377e-27,8.648607069701122e-27,8.648607068933125e-27,8.648607069019351e-27,8.648607067929087e-27,8.648594406240801e-27,8.648594407291208e-27,8.648594410438745e-27,8.648594435865127e-27,8.648594435790126e-27,8.648594436459637e-27,8.64859443645964e-27,8.648594433607307e-27,8.6485944336076e-27,8.648594502613656e-27,8.648594308805763e-27,8.648594307756545e-27,8.648594299634435e-27,8.648594303479027e-27,8.648594303479026e-27,8.648594396388066e-27,8.648594396388065e-27,8.648594681615777e-27,8.648595023107332e-27,8.648595011395362e-27,8.648595010118092e-27,8.648595010107017e-27,8.648595010321297e-27,8.648594987915955e-27,8.648594987915955e-27,8.648595004290609e-27,8.648595004293757e-27,8.648599422687809e-27,8.648599408298393e-27,8.648599408298396e-27,8.648599429495653e-27,8.648601000418043e-27,8.648601159590821e-27,8.648601159812865e-27,8.648601158509025e-27,8.648601158577646e-27,8.648601158577962e-27,8.648601158577903e-27,8.64860115857791e-27,8.648601159285645e-27,8.648601159285553e-27,8.648601159285743e-27,8.648601159710025e-27,8.648601159377656e-27,8.648601182731666e-27,8.648601182731662e-27,8.648601182920932e-27,8.648601127029454e-27,8.648601129509217e-27,8.648600432764794e-27,8.648600525761228e-27,8.648600528696275e-27,8.648600618293034e-27,8.648600618293037e-27,8.648603468215031e-27,8.648603469692518e-27,8.648603467915594e-27,8.648603467915654e-27,8.648603413284846e-27,8.648605150227484e-27,8.6486177852347e-27,8.648617785234702e-27,8.648617785147289e-27,8.648617785147293e-27,8.648617781477702e-27,8.648617783234606e-27,8.648617794021242e-27,8.648615970098047e-27,8.648615909268515e-27,8.648615914860589e-27,8.648615822038471e-27,8.648615822032716e-27,8.648615822032419e-27,8.648615821045632e-27,8.648615821045632e-27,8.648615655354934e-27,8.648615655126899e-27,8.648615698073533e-27,8.648616378721505e-27,8.648616377447625e-27,8.648616468347253e-27,8.648614527670515e-27,8.648614556666629e-27,8.64861455666663e-27,8.648579499914464e-27,8.648579499914464e-27,8.648579499899254e-27,8.648579412045127e-27,8.648580322483963e-27,8.648580322483966e-27,8.648580322476819e-27,8.648563843384633e-27,8.648576300787521e-27,8.648576300787516e-27,8.648576329476305e-27,8.648576329476303e-27,8.648576329509508e-27,8.648576601561389e-27,8.64858984541637e-27,8.648589888302665e-27,8.648589888302663e-27,8.648589888302666e-27,8.648589888294804e-27,8.648589888297464e-27,8.648589923146934e-27,8.64858979637056e-27,8.648590721277578e-27,8.648590721277541e-27,8.648592254927714e-27,8.648592254927075e-27,8.648592254927074e-27,8.648592245426227e-27,8.648591995160227e-27,8.648591995469605e-27,8.648591995469608e-27,8.648591995469774e-27,8.648592125260323e-27,8.648591130895338e-27,8.648591130895326e-27,8.648591119873904e-27,8.648591232280839e-27,8.648593525534848e-27,8.648593493988094e-27,8.64859296951872e-27,8.64863289815034e-27,8.648632932293606e-27,8.648634322103964e-27,8.648634322107744e-27,8.648634322106606e-27,8.648634322106606e-27,8.648634394618954e-27,8.648634394153579e-27,8.648634394153671e-27,8.64863439415367e-27,8.648635735892253e-27,8.648635735892251e-27,8.648635735892253e-27,8.648635670133687e-27,8.648631212358423e-27,8.648631212358418e-27,8.64863121235841e-27,8.64863121235805e-27,8.648631210941083e-27,8.648631038146629e-27,8.648631038238419e-27,8.648618900581987e-27,8.648618571180796e-27,8.64861893918691e-27,8.648618939184823e-27,8.648618863758985e-27,8.648620105230816e-27,8.648620100582895e-27,8.648620100574094e-27,8.64862010028744e-27,8.648620100286044e-27,8.64862014070024e-27,8.648619808837643e-27,8.648618462543036e-27,8.648618456325516e-27,8.648618577075876e-27,8.648618577075876e-27,8.648618577075881e-27,8.648618580880058e-27,8.648618579833206e-27,8.648618584495608e-27,8.648618584519486e-27,8.64861858387948e-27,8.648618587592306e-27,8.648618617470745e-27,8.64861985219369e-27,8.648619489517634e-27,8.648619431982901e-27,8.648613613271363e-27,8.648614299312805e-27,8.64861439009561e-27,8.648614390095612e-27,8.648614390096329e-27,8.64861376314508e-27,8.648613752602684e-27,8.648614991796209e-27,8.648614991841983e-27,8.64861499293882e-27,8.648612809726342e-27,8.648612789534878e-27,8.648612789534876e-27,8.648612796956097e-27,8.648612795158806e-27,8.648612801464597e-27,8.648614048422362e-27,8.648614048422367e-27,8.648614048422365e-27,8.64861404825642e-27,8.6486146883649e-27,8.648614715999392e-27,8.648615284788293e-27,8.64861528478829e-27,8.648616194971963e-27,8.648616440958935e-27,8.648616440820025e-27,8.64861643464469e-27,8.648616368115132e-27,8.64861636827103e-27,8.648615754401647e-27,8.648615748870356e-27,8.648615748869845e-27,8.648615748539132e-27,8.648615748557011e-27,8.648615672948073e-27,8.648615672948078e-27,8.6486156679306e-27,8.648615057073548e-27,8.648615057073737e-27,8.648615057073735e-27,8.648615105591496e-27,8.648615105591495e-27,8.648615458819364e-27,8.648615458819351e-27,8.648615458819616e-27,8.648615458828036e-27,8.648615458828101e-27,8.648615458911105e-27,8.648615705302582e-27,8.648615797127424e-27,8.648615797140686e-27,8.648261482305419e-27,8.648261517607057e-27,8.648266593958135e-27,8.648266593958137e-27,8.648266710385243e-27,8.648266368983724e-27,8.648266368983723e-27,8.648266303125004e-27,8.648266616053886e-27,8.648266339557463e-27,8.648266339557358e-27,8.648266397300934e-27,8.648266311159631e-27,8.648266311159885e-27,8.648266550175544e-27,8.648265895105042e-27,8.648265894985095e-27,8.648271380765437e-27,8.648271110048046e-27,8.648262348663761e-27,8.648262147598516e-27,8.648271368611982e-27,8.648271127352772e-27,8.648271127354236e-27,8.648271127354236e-27,8.648271128627726e-27,8.648270172147234e-27,8.648266578082382e-27,8.648266755424777e-27,8.648267551752616e-27,8.648267551752613e-27,8.648267551752887e-27,8.648267571372743e-27,8.648267673275823e-27,8.648267673275849e-27,8.648267673271138e-27,8.64826767327404e-27,8.648267673274086e-27,8.648267363970927e-27,8.648267363976525e-27,8.64826758477529e-27,8.64826758507842e-27,8.648268324163798e-27,8.648268333110013e-27,8.64826828200756e-27,8.64826840139673e-27,8.648266895069468e-27,8.648266981908941e-27,8.648272546599361e-27,8.648272546010994e-27,8.648272704142944e-27,8.648272704142865e-27,8.648272560631114e-27,8.648272579967903e-27,8.648272798161714e-27,8.648274749924609e-27,8.648274600533305e-27,8.64827413611534e-27,8.648274136089516e-27,8.648273487340825e-27,8.648274863754564e-27,8.648274863754564e-27,8.64827478239406e-27,8.64827553302871e-27,8.648275533028759e-27,8.648275638880735e-27,8.648275638880735e-27,8.648275638880428e-27,8.648275638880431e-27,8.648274953578242e-27,8.648274953347208e-27,8.648274798284134e-27,8.648274798284148e-27,8.648274798284147e-27,8.648274798280414e-27,8.648274798280416e-27,8.648274861360287e-27,8.648274861278158e-27,8.648273739403317e-27,8.64827373940331e-27,8.648273737176594e-27,8.648273737175723e-27,8.64827373661848e-27,8.64826443903546e-27,8.64826118275865e-27,8.648261158772952e-27,8.648257435155405e-27,8.648257435165587e-27,8.648257435165586e-27,8.648257049583058e-27,8.648257054060898e-27,8.648257054020328e-27,8.648257313808677e-27,8.648257086976172e-27,8.648256998625982e-27,8.64825749368265e-27,8.648257448007475e-27,8.648262586834984e-27,8.64826202621312e-27,8.648264591687325e-27,8.648267646012895e-27,8.648267646014173e-27,8.648203202151085e-27,8.648203202149831e-27,8.648141226721628e-27,8.648141226413442e-27,8.648141253153651e-27,8.648192799155555e-27,8.648192799155979e-27,8.648192800216578e-27,8.648192800200573e-27,8.648192765934722e-27,8.648199994885884e-27,8.648190777916259e-27,8.648190777704746e-27,8.648190777253474e-27,8.648187175315605e-27,8.64818735076249e-27,8.648187350762491e-27,8.648276204305487e-27,8.648346332040416e-27,8.648346332107834e-27,8.648345537346052e-27,8.648345537337104e-27,8.648345537337101e-27,8.64835097999175e-27,8.64835131750431e-27,8.648349811471905e-27,8.648365183480268e-27,8.648365186534432e-27,8.648365172150482e-27,8.64836533376585e-27,8.64838844319921e-27,8.648388784523816e-27,8.648388726723367e-27,8.64838872458372e-27,8.648388777151918e-27,8.648388777151918e-27,8.648388832197061e-27,8.64838883219706e-27,8.648388832197056e-27,8.648389069871975e-27,8.648391979852377e-27,8.648391979852396e-27,8.648391979846544e-27,8.648391926696577e-27,8.648391859672323e-27,8.648391859672324e-27,8.648391859688687e-27,8.648391859687285e-27,8.648391864473731e-27,8.648391864473732e-27,8.648391856298333e-27,8.648391856298333e-27,8.648391852497124e-27,8.648392023923989e-27,8.648391897775226e-27,8.648391838669079e-27,8.648391838686948e-27,8.648391835752505e-27,8.648391573039633e-27,8.648391573044092e-27,8.648391573491601e-27,8.648391573491604e-27,8.648391986924508e-27,8.648391986924508e-27,8.648389842507651e-27,8.648383929661628e-27,8.648383929661643e-27,8.64838392966164e-27,8.648383696043778e-27,8.648383693769673e-27,8.64838369377073e-27,8.64838369377073e-27,8.648383693763905e-27,8.648379441350406e-27,8.648384509309937e-27,8.648384499874138e-27,8.648384498236451e-27,8.648384446602374e-27,8.648384446601863e-27,8.648454397460816e-27,8.648452115022608e-27,8.648452115021888e-27,8.648451841144802e-27,8.648452930565055e-27,8.648452930565056e-27,8.648452157672303e-27,8.648452157672303e-27,8.64845221954911e-27,8.648452219474046e-27,8.648452219474046e-27,8.648452761946353e-27,8.648453447265604e-27,8.648453403941629e-27,8.648453029808963e-27,8.648453065501398e-27,8.648450115264413e-27,8.648449768354092e-27,8.648449661524436e-27,8.648449662301662e-27,8.648449610048e-27,8.64844961002764e-27,8.648449609308388e-27,8.64845001537816e-27,8.648450138067537e-27,8.648450150182126e-27,8.648450150183505e-27,8.648454945690899e-27,8.648454945690905e-27,8.64845508567819e-27,8.648455087122254e-27,8.648454869328634e-27,8.648454728842586e-27,8.648475502925043e-27,8.648475207688702e-27,8.6484752076887e-27,8.648474612491176e-27,8.64847432979026e-27,8.64847543215787e-27,8.648462478958249e-27,8.648464946411307e-27,8.648464943099461e-27,8.648464943099465e-27,8.648464943099463e-27,8.648463881467337e-27,8.648463878203363e-27,8.648463906215339e-27,8.648463827157893e-27,8.648463842141732e-27,8.648463944144307e-27,8.648463843640883e-27,8.648463970163774e-27,8.648463265321223e-27,8.648463265321221e-27,8.6484634506564e-27,8.648463393970867e-27,8.648464304092714e-27,8.648464304092711e-27,8.648464304092718e-27,8.64846430409272e-27,8.648464547273677e-27,8.648464547273676e-27,8.648464839385975e-27,8.648466927453177e-27,8.648466927635662e-27,8.648466865194919e-27,8.648466864915435e-27,8.648466802254452e-27,8.648467227304327e-27,8.648466830282284e-27,8.648466426660897e-27,8.64846642665152e-27,8.648466449277919e-27,8.648466449277932e-27,8.648468144415906e-27,8.648468144407139e-27,8.64846814440714e-27,8.648468144351651e-27,8.648448947695929e-27,8.648448947695927e-27,8.648448985594864e-27,8.648448985594865e-27,8.648448420925452e-27,8.648448206656049e-27,8.648448206656049e-27,8.648448203162601e-27,8.648448176891083e-27,8.648448084234536e-27,8.648448084222151e-27,8.64844807905094e-27,8.648448082661969e-27,8.64844808266197e-27,8.648448082551851e-27,8.648448085915401e-27,8.648450123164233e-27,8.64845012316424e-27,8.64845013295608e-27,8.64845013295608e-27,8.648422663628343e-27,8.648422395685274e-27,8.648423046088752e-27,8.64842301595982e-27,8.648423015957297e-27,8.648423015929115e-27,8.648422966725273e-27,8.648422992267427e-27,8.648422992267425e-27,8.648423068122861e-27,8.648423068084676e-27,8.648422842667404e-27,8.64842284266741e-27,8.648424952667731e-27,8.648424269324511e-27,8.648424269422632e-27,8.64842394461709e-27,8.648423981545831e-27,8.648422266811113e-27,8.648422266635258e-27,8.64842222704202e-27,8.648422229807965e-27,8.648422229807955e-27,8.648422032628995e-27,8.648422077240119e-27,8.648422077240089e-27,8.648422080718913e-27,8.648421967111442e-27,8.648421965494274e-27,8.648422182052236e-27,8.648422175912581e-27,8.64842221493219e-27,8.648422225330553e-27,8.648416193394475e-27,8.64841615377873e-27,8.648416153775858e-27,8.648416073691919e-27,8.648425112055959e-27,8.648423091154731e-27,8.648423098367944e-27,8.64842309835964e-27,8.648424099455468e-27,8.648430581249581e-27,8.648426163333404e-27,8.648573899225873e-27,8.648573896022289e-27,8.648573803193784e-27,8.648573813358796e-27,8.64857379047203e-27,8.648573790472028e-27,8.64857379047203e-27,8.648573655927933e-27,8.64857442131587e-27,8.648574421329102e-27,8.648574608201299e-27,8.648574707792884e-27,8.648574707801285e-27,8.648574707801094e-27,8.648574695004293e-27,8.648574695004291e-27,8.648571210827725e-27,8.648571906435364e-27,8.648571906425104e-27,8.648571906298584e-27,8.648568800469085e-27,8.648568133619247e-27,8.64856813361925e-27,8.648568131901873e-27,8.648568132179821e-27,8.648568404598369e-27,8.648568034589881e-27,8.648568039128565e-27,8.648567920603976e-27,8.648568573990353e-27,8.648568573990409e-27,8.648568725744206e-27,8.648568854969274e-27,8.648558213552683e-27,8.648558213552684e-27,8.648558173537252e-27,8.64855817353725e-27,8.648558173537249e-27,8.648558116891433e-27,8.648558202738513e-27,8.648558202744752e-27,8.64855821237464e-27,8.64855812850085e-27,8.64855832140483e-27,8.64855807373058e-27,8.648562002063538e-27,8.648562065226492e-27,8.648563522084252e-27,8.648563526225844e-27,8.648563524096001e-27,8.648563524041311e-27,8.648564184191829e-27,8.648523845581928e-27,8.648523767829572e-27,8.64852376782957e-27,8.648525190025538e-27,8.648524834094564e-27,8.648524834126808e-27,8.648524834126798e-27,8.648524837455925e-27,8.648410168401191e-27,8.648410117338351e-27,8.648410117341e-27,8.648410117341001e-27,8.648410128908743e-27,8.648410999922487e-27,8.648410982603867e-27,8.64841098768662e-27,8.648411450695634e-27,8.648411450120837e-27,8.648410645688702e-27,8.648416190096058e-27,8.64841725878444e-27,8.648417260744358e-27,8.64841726074436e-27,8.648418133836626e-27,8.6484186493508e-27,8.648418748466794e-27,8.648418748466794e-27,8.648418748245382e-27,8.648418748245379e-27,8.648418814833172e-27,8.648418821866082e-27,8.648420402970755e-27,8.64842021000661e-27,8.648419632578551e-27,8.648419630269742e-27,8.648419630269739e-27,8.648419616725202e-27,8.648419231849442e-27,8.648419231846255e-27,8.64841923131229e-27,8.648419195440922e-27,8.648418960789137e-27,8.648418960789139e-27,8.648419679965222e-27,8.648419679965225e-27,8.64841968593534e-27,8.648419685921469e-27,8.648419649145653e-27,8.648419649145663e-27,8.648419649145663e-27,8.648419681387421e-27,8.6484196756321e-27,8.648419903585195e-27,8.648412779242463e-27,8.648412779242466e-27,8.648412907040333e-27,8.648412723091388e-27,8.64841379759129e-27,8.64841435098566e-27,8.648414350985655e-27,8.648414354497384e-27,8.648414354590666e-27,8.648414353503528e-27,8.648425126074587e-27,8.64842512607459e-27,8.64842510398358e-27,8.648425101647938e-27,8.648425264979651e-27,8.648425264979653e-27,8.64842528488695e-27,8.648425258802867e-27,8.648423788295763e-27,8.648423788641381e-27,8.64842378864138e-27,8.6484234973429e-27,8.648159914295333e-27,8.648160093069117e-27,8.648159953897481e-27,8.648159619899361e-27,8.648159619899362e-27,8.64815962016187e-27,8.648163606276614e-27,8.648163606276617e-27,8.648163606276626e-27,8.648164380106833e-27,8.648158121115554e-27,8.648158121115553e-27,8.648155721973982e-27,8.648154506674576e-27,8.648144937240209e-27,8.648144980732028e-27,8.648144835825753e-27,8.648144416687938e-27,8.648144416608168e-27,8.648144416608169e-27,8.648144417207452e-27,8.648144287343083e-27,8.648141326377817e-27,8.648141326377817e-27,8.648141326075294e-27,8.648141326075294e-27,8.648141326075293e-27,8.648139780530882e-27,8.648139840561833e-27,8.648139840637359e-27,8.648139803156702e-27,8.648139747427058e-27,8.648139239098554e-27,8.648134959227654e-27,8.648134959227655e-27,8.648131671609774e-27,8.648131805395564e-27,8.648131772722812e-27,8.648131772722808e-27,8.648131772722808e-27,8.648131772722808e-27,8.6481317320104e-27,8.648131732010399e-27,8.648131732010404e-27,8.648131784999173e-27,8.648130969187296e-27,8.64813230696228e-27,8.648132670497314e-27,8.648132670497316e-27,8.648132647595113e-27,8.648130459625038e-27,8.648130505030369e-27,8.648130505030374e-27,8.648130639296603e-27,8.648130639296603e-27,8.648130639296602e-27,8.648130639296602e-27,8.648130434829991e-27,8.648131471722668e-27,8.648130630003394e-27,8.648130628882571e-27,8.64813065529233e-27,8.648130654264014e-27,8.648130654238741e-27,8.648130651990833e-27,8.648130651990836e-27,8.648130651990835e-27,8.648130651990833e-27,8.648130724795115e-27,8.648130721156899e-27,8.648130720853884e-27,8.648130720408457e-27,8.648130688205398e-27,8.648130688180586e-27,8.648130679833724e-27,8.648130680010045e-27,8.648130680010044e-27,8.648130624217812e-27,8.648130543190022e-27,8.648130542574796e-27,8.648130546923247e-27,8.64813049863143e-27,8.648130236662222e-27,8.648130236662222e-27,8.648130236662222e-27,8.648130236302343e-27,8.64813023630234e-27,8.648129320599325e-27,8.648129559661828e-27,8.64812938608634e-27,8.648096698153224e-27,8.648108953815923e-27,8.64812832899646e-27,8.648127082455821e-27,8.648127085722032e-27,8.648127074953352e-27,8.648127351614207e-27,8.648127391407786e-27,8.648119211339083e-27,8.64811876506459e-27,8.648125276005533e-27,8.648125276258388e-27,8.648125301597173e-27,8.648125301723929e-27,8.648125265587344e-27,8.648125341456277e-27,8.648121485017496e-27,8.648122475676326e-27,8.648122470335751e-27,8.648122474621866e-27,8.648122474621868e-27,8.648122440792056e-27,8.648122440403866e-27,8.648122441883773e-27,8.648122441883774e-27,8.648122441883774e-27,8.648123059522118e-27,8.648122976567643e-27,8.648122941042922e-27,8.648122930702037e-27,8.648122930702036e-27,8.648122930702044e-27,8.648122930917704e-27,8.648122938325699e-27,8.648122947378854e-27,8.648118928277075e-27,8.648120973082801e-27,8.64812081831412e-27,8.648120818313282e-27,8.648130604249043e-27,8.64813101799078e-27,8.648136684748766e-27,8.648136686712461e-27,8.64813668671246e-27,8.648137710493014e-27,8.648138856849008e-27,8.648137496845213e-27,8.648137429146338e-27,8.648137386963604e-27,8.648137386963604e-27,8.648131440140158e-27,8.648194797862492e-27,8.648194797862492e-27,8.648194762059716e-27,8.648182114623927e-27,8.64818424644424e-27,8.648184246350755e-27,8.6481842398016e-27,8.648184370876693e-27,8.648184483499009e-27,8.648184417976515e-27,8.648184417976515e-27,8.648184416249709e-27,8.648184473705379e-27,8.648165187982322e-27,8.648164329509183e-27,8.648164381662793e-27,8.648164381662793e-27,8.648164503193947e-27,8.648164503663421e-27,8.648162518226163e-27,8.648162426970465e-27,8.648162570094606e-27,8.64816256994806e-27,8.6481633167867e-27,8.648163307696734e-27,8.648163280922422e-27,8.648163563172114e-27,8.648163563172114e-27,8.648163563172025e-27,8.648163563172027e-27,8.648163794580757e-27,8.648163512076091e-27,8.648163469245188e-27,8.648163523015323e-27,8.648163523015325e-27,8.648163523015329e-27,8.648163413511577e-27,8.648163413511524e-27,8.648163413511526e-27,8.648163399564671e-27,8.648163399538772e-27,8.648163404223876e-27,8.648163372776667e-27,8.648163374636395e-27,8.648163405472028e-27,8.648163405486918e-27,8.648163407265795e-27,8.648163420246823e-27,8.64816336427598e-27,8.648161490016681e-27,8.648161490016311e-27,8.64816149001631e-27,8.648161497211344e-27,8.64816148342325e-27,8.648161483423248e-27,8.648161349378279e-27,8.648161135499755e-27,8.648161135499758e-27,8.648161135499759e-27,8.648161024067158e-27,8.648161043638549e-27,8.648161660941864e-27,8.648161069433785e-27,8.648161093584486e-27,8.648161317558794e-27,8.64816140766947e-27,8.648163757982932e-27,8.648163843934576e-27,8.648163827599348e-27,8.648167352644832e-27,8.648167388374424e-27,8.648167388374423e-27,8.648167393069744e-27,8.648167385635828e-27,8.648167316673901e-27,8.648167316673901e-27,8.648167316673904e-27,8.648167316672419e-27,8.648167318124391e-27,8.648167318124385e-27,8.64816760610196e-27,8.648167606132464e-27,8.648168637875628e-27,8.648168637875628e-27,8.648168666612423e-27,8.648168666498093e-27,8.64816884832353e-27,8.648170589300376e-27,8.648170589300586e-27,8.648170353232083e-27,8.648170622367557e-27,8.648170614625324e-27,8.648170481623469e-27,8.648170910539125e-27,8.648170910539122e-27,8.648170910539124e-27,8.648170980555879e-27,8.648170963474554e-27,8.648170962628487e-27,8.648170510506087e-27,8.648170510505912e-27,8.648170526592608e-27,8.648170443361899e-27,8.648170443543809e-27,8.648170293332243e-27,8.64817027893493e-27,8.648170278934957e-27,8.648170270277817e-27,8.648170289378913e-27,8.648170289378914e-27,8.648170326205092e-27,8.648170294815758e-27,8.648170330433743e-27,8.648170293754131e-27,8.64817029375413e-27,8.648170293754133e-27,8.648170097554286e-27,8.648170096812565e-27,8.648170240005918e-27,8.648170331937578e-27,8.648170331937577e-27,8.64817034484603e-27,8.648170346105897e-27,8.64817034611081e-27,8.648170346110807e-27,8.648170348998343e-27,8.648171239316479e-27,8.648171239288629e-27,8.648170824972778e-27,8.648170824972778e-27,8.64817082497278e-27,8.64817080372897e-27,8.648170858404933e-27,8.64817079484745e-27,8.648170538415204e-27,8.648170538415849e-27,8.648170994453003e-27,8.648170993937094e-27,8.64817099039164e-27,8.648170990269757e-27,8.648170990269754e-27,8.648170990269753e-27,8.648170990269615e-27,8.648171192821432e-27,8.648171192804188e-27,8.648169166377512e-27,8.648169167477412e-27,8.648168287278253e-27,8.648169471222958e-27,8.648169403849509e-27,8.648169403849505e-27,8.648169404381535e-27,8.648169715180266e-27,8.648169715180266e-27,8.648166727513931e-27,8.648163843768116e-27,8.648163668614154e-27,8.648163668548885e-27,8.648163668548886e-27,8.648164058736125e-27,8.648164058736125e-27,8.648164058736123e-27,8.648164058736125e-27,8.648164058736123e-27,8.648147570861198e-27,8.648147569820299e-27,8.648147569820299e-27,8.648147570136925e-27,8.648147570136902e-27,8.648147570166829e-27,8.648147570198998e-27,8.648147563223329e-27,8.648147563223194e-27,8.648147547554253e-27,8.648147528602558e-27,8.64814752851801e-27,8.648147441059605e-27,8.648147561752777e-27,8.648147561752783e-27,8.648149585357196e-27,8.648149585357197e-27,8.64814958538833e-27,8.648150085012274e-27,8.648150245891157e-27,8.648194670685878e-27,8.648194670685878e-27,8.64819467286282e-27,8.648194672862936e-27,8.648194555715818e-27,8.648194555713852e-27,8.648194513331392e-27,8.648194440456768e-27,8.648186947169296e-27,8.648186947801133e-27,8.648186947801132e-27,8.648186947801129e-27,8.648186947801129e-27,8.64818697000519e-27,8.648186970981179e-27,8.648186971439998e-27,8.648186971439833e-27,8.648186971439831e-27,8.64818697732713e-27,8.648582506399855e-27,8.648582506399293e-27,8.648572803893935e-27,8.648572808332716e-27,8.648572808403864e-27,8.648572808403883e-27,8.648572808501406e-27,8.648572808501408e-27,8.64857280850135e-27,8.64857280850135e-27,8.648572808501353e-27,8.648572808501324e-27,8.648572607768568e-27,8.648572607768564e-27,8.648572607768562e-27,8.648572676071625e-27,8.648572675748123e-27,8.648572675770506e-27,8.648572719469408e-27,8.648572719155642e-27,8.648572682883333e-27,8.648572761393731e-27,8.648572761393734e-27,8.648572761395114e-27,8.64857276144518e-27,8.648572761445182e-27,8.648572761445183e-27,8.648573419290347e-27,8.648573418962736e-27,8.648573418962733e-27,8.648573660065086e-27,8.648573582037077e-27,8.648573582037078e-27,8.648573582037075e-27,8.648573582065379e-27,8.648574246557887e-27,8.64857424628974e-27,8.648575315454602e-27,8.64857531535499e-27,8.648575315354988e-27,8.648575421957605e-27,8.648575422118604e-27,8.648575052057103e-27,8.648572555935159e-27,8.648572323418244e-27,8.648572678295203e-27,8.648574043275996e-27,8.648574043275994e-27,8.648574043275994e-27,8.648573963330637e-27,8.648573907710975e-27,8.64857390771097e-27,8.648573876603478e-27,8.64857387663691e-27,8.648571167909333e-27,8.648571167904129e-27,8.648569127504078e-27,8.648569127455972e-27,8.648569127455971e-27,8.648569127340862e-27,8.648219746421676e-27,8.648219746444952e-27,8.648219619326763e-27,8.648219876367678e-27,8.648219876394445e-27,8.64821987644252e-27,8.648219874680962e-27,8.648219879209554e-27,8.648219879209554e-27,8.648219878945421e-27,8.64821989673933e-27,8.648219885580517e-27,8.64821933164423e-27,8.64821932710322e-27,8.648219327103218e-27,8.648219326355715e-27,8.648219326449542e-27,8.648219395807505e-27,8.648219383015257e-27,8.648219383015241e-27,8.648216645375902e-27,8.648216657312694e-27,8.648216657312684e-27,8.64821550749625e-27,8.648215507496247e-27,8.648215507498385e-27,8.648215507498384e-27,8.648215500105557e-27,8.64821550810877e-27,8.648215508100032e-27,8.648215504830964e-27,8.648215547841455e-27,8.648215545756638e-27,8.648215545756641e-27,8.648215549170285e-27,8.648215549170287e-27,8.648215549171392e-27,8.648215549169331e-27,8.64821554916933e-27,8.64821554919754e-27,8.648215549197538e-27,8.648215549200208e-27,8.648215605374088e-27,8.648215603706806e-27,8.648215603700282e-27,8.648215603700286e-27,8.648215603665193e-27,8.648215601404119e-27,8.64821560140412e-27,8.648215601404116e-27,8.648215601426673e-27,8.648215601426814e-27,8.648215384440087e-27,8.648215384479803e-27,8.648215385088931e-27,8.648215385203108e-27,8.648215385160026e-27,8.648215430668353e-27,8.648215430668353e-27,8.648215430668353e-27,8.648215415014459e-27,8.648215415981017e-27,8.648215415981006e-27,8.648215424125191e-27,8.64821542741093e-27,8.648215427410973e-27,8.648215463043591e-27,8.648214779390133e-27,8.648214779391235e-27,8.648214779391234e-27,8.648214779394514e-27,8.648214773760102e-27,8.648215507919583e-27,8.648215507936582e-27,8.648215519656613e-27,8.648215517860507e-27,8.648215497007056e-27,8.648215497007056e-27,8.648215315732886e-27,8.648215319628146e-27,8.648215496782646e-27,8.648215491002537e-27,8.648215489479848e-27,8.648224436015177e-27,8.648224268118579e-27,8.648224251511158e-27,8.648224347293463e-27,8.648222316353889e-27,8.648222314111147e-27,8.648223184925758e-27,8.648221647630703e-27,8.648221624339983e-27,8.648221613061371e-27,8.648221488052179e-27,8.648221508726499e-27,8.648221508725821e-27,8.648221508725817e-27,8.648221525197502e-27,8.648221142248953e-27,8.648221142248954e-27,8.648221139689587e-27,8.648221135012568e-27,8.648221135012568e-27,8.648222152178157e-27,8.648222289523025e-27,8.64822228788387e-27,8.648222283030621e-27,8.648222243881164e-27,8.648222243881164e-27,8.648222243363744e-27,8.648222246138595e-27,8.648222246138592e-27,8.648222246138596e-27,8.648222233642859e-27,8.648222240556074e-27,8.648222240556067e-27,8.648219242718247e-27,8.648219247884781e-27,8.648219246356236e-27,8.648219063515588e-27,8.648219072713021e-27,8.648219072443706e-27,8.648219015153017e-27,8.648219015572761e-27,8.648219015572822e-27,8.648219015572822e-27,8.64821901557282e-27,8.648219015568867e-27,8.648219238053628e-27,8.648219206144735e-27,8.648216877190828e-27,8.648216764687299e-27,8.648216764709276e-27,8.648215579729457e-27,8.648215579729454e-27,8.648216021699521e-27,8.6482160216995e-27,8.648216021938012e-27,8.648216021981815e-27,8.64821461871542e-27,8.64821464181153e-27,8.648214140993662e-27,8.648214272706296e-27,8.648214025828159e-27,8.648214025713052e-27,8.648213966092464e-27,8.648213966092462e-27,8.64821388193791e-27,8.648213874359223e-27,8.648214009183644e-27,8.648212759963934e-27,8.648214264705815e-27,8.64821426470584e-27,8.648211616637227e-27,8.648211616637221e-27,8.648211828585122e-27,8.648211828585116e-27,8.648226035976848e-27,8.64822678431581e-27,8.64822718422661e-27,8.648227225524707e-27,8.64822722552471e-27,8.648225885322706e-27,8.64822584336488e-27,8.648225806102e-27,8.648225799153631e-27,8.64822608292337e-27,8.648226080042246e-27,8.648226080042246e-27,8.648226080042245e-27,8.648226072892801e-27,8.648226135924637e-27,8.64821180506346e-27,8.648211799096536e-27,8.648211799096539e-27,8.648211799096684e-27,8.648211846820862e-27,8.648211943374236e-27,8.648211943374234e-27,8.648211943374262e-27,8.648210586007248e-27,8.64821058584116e-27,8.648210585841162e-27,8.648210586292626e-27,8.648210599980385e-27,8.648210600124677e-27,8.648210600124673e-27,8.648210602448365e-27,8.648210860906377e-27,8.648212830054546e-27,8.648213500354545e-27,8.648213156882253e-27,8.648213203536364e-27,8.648213819534229e-27,8.648213819536922e-27,8.648213818065822e-27,8.648213818065818e-27,8.648214091130275e-27,8.64821409121272e-27,8.648214203946779e-27,8.648214414408702e-27,8.648214414408727e-27,8.648214414408727e-27,8.648214780136681e-27,8.648215115759103e-27,8.648220034600768e-27,8.648220034600771e-27,8.648220034600747e-27,8.648220034491229e-27,8.648220071000519e-27,8.648220071391853e-27,8.64822007139185e-27,8.648220071391852e-27,8.648220071391873e-27,8.64821983335381e-27,8.648219833338789e-27,8.648219869152049e-27,8.648219811845886e-27,8.648219379130508e-27,8.648219357414624e-27,8.648219438052967e-27,8.648219437883245e-27,8.648219437883244e-27,8.64821943788325e-27,8.648219437894756e-27,8.648219461261726e-27,8.648219464752678e-27,8.648219088559127e-27,8.648219087789343e-27,8.648219092525265e-27,8.648219092553801e-27,8.648219099851529e-27,8.648219099851538e-27,8.648219099823037e-27,8.648219099989206e-27,8.648218512607177e-27,8.648218678513504e-27,8.648218675168554e-27,8.648218675169028e-27,8.648218675168768e-27,8.648218718152293e-27,8.648218718152293e-27,8.648218716761018e-27,8.648218791760669e-27,8.64821879146761e-27,8.648218282170044e-27,8.64795155039441e-27,8.647951551926346e-27,8.647951512887289e-27,8.6479703741785e-27,8.647970379271871e-27,8.647970379207122e-27,8.647970379005907e-27,8.647976066856053e-27,8.647976066856056e-27,8.64797606685741e-27,8.647976061395205e-27,8.64797606947225e-27,8.647976038183685e-27,8.647976038183997e-27,8.647976038181262e-27,8.647976038182213e-27,8.647976038827088e-27,8.647976038561715e-27,8.647976028025543e-27,8.64797602802554e-27,8.647975907576767e-27,8.647975398003134e-27,8.647975809357028e-27,8.647975809344537e-27,8.647975805515674e-27,8.64797877594775e-27,8.647978806831884e-27,8.647978762687925e-27,8.647978318164371e-27,8.647978321501218e-27,8.647977952440612e-27,8.64797691242361e-27,8.64797691242361e-27,8.647976912781059e-27,8.647976912781064e-27,8.647976912774903e-27,8.647977156689414e-27,8.647977149568504e-27,8.647977239998768e-27,8.647977336979767e-27,8.647977316242972e-27,8.64781962507914e-27,8.647819624030313e-27,8.647819624030311e-27,8.64781961575274e-27,8.64781947193506e-27,8.647819471932955e-27,8.647819189475774e-27,8.647819189477173e-27,8.647819197850368e-27,8.647819197850363e-27,8.647819432804465e-27,8.64781941491797e-27,8.647819431790001e-27,8.647819405464049e-27,8.64781931911859e-27,8.647817796957354e-27,8.647817345164951e-27,8.64781815257464e-27,8.64781796779701e-27,8.647817981588673e-27,8.647817981588672e-27,8.647817945042443e-27,8.647817944734799e-27,8.647817905846167e-27,8.647818052830767e-27,8.647817735275435e-27,8.64781773444276e-27,8.6478177347865e-27,8.64781887677805e-27,8.647818876778049e-27,8.647818922812747e-27,8.647818832289752e-27,8.647819082565828e-27,8.647819039022254e-27,8.647819043207443e-27,8.647817521898664e-27,8.647816831882093e-27,8.647816831879851e-27,8.647816831879851e-27,8.647817302446119e-27,8.647817302446119e-27,8.647817302445951e-27,8.647817550477502e-27,8.647817240930202e-27,8.647817240931574e-27,8.647817240931588e-27,8.647817190772333e-27,8.647817210757719e-27,8.647818148923113e-27,8.647818148922882e-27,8.647817993958432e-27,8.6478185881465e-27,8.647818590489303e-27,8.647818590491369e-27,8.648950951503889e-27,8.648950951503892e-27,8.648951570635847e-27,8.648951570635842e-27,8.648951567664132e-27,8.648951567664113e-27,8.648951777410035e-27,8.648951609682912e-27,8.648951297595966e-27,8.648951297523974e-27,8.648951297523974e-27,8.648951523426853e-27,8.648951523425471e-27,8.648951523425468e-27,8.648951582895181e-27,8.648951582875818e-27,8.648951496800115e-27,8.648951496800116e-27,8.648951496800096e-27,8.648951496800098e-27,8.648951496800098e-27,8.64896436500241e-27,8.648964364996359e-27,8.648964672872224e-27,8.648964672872224e-27,8.648964672872211e-27,8.649278110553665e-27,8.649278351224721e-27,8.649322177733308e-27,8.649322178301257e-27,8.649322178301269e-27,8.649322178301267e-27,8.649322178301264e-27,8.649332945051912e-27,8.649332633217477e-27,8.649332633217942e-27,8.64933486911699e-27,8.649334867712061e-27,8.649334867712133e-27,8.649334881731715e-27,8.649334881731715e-27,8.64933488173171e-27,8.649334881731708e-27,8.649334880285992e-27,8.649334880285994e-27,8.649334880285994e-27,8.64933488028635e-27,8.649333807502829e-27,8.649334275274693e-27,8.649334275274692e-27,8.649334275274693e-27,8.649334279235597e-27,8.6493343970835e-27,8.64933439708249e-27,8.649334398657716e-27,8.649334268195853e-27,8.64933426910559e-27,8.649334269138637e-27,8.649333519296456e-27,8.649322909522543e-27,8.649323011591223e-27,8.649323011591224e-27,8.649323749890371e-27,8.649323749207205e-27,8.649323749070758e-27,8.649323748746794e-27,8.649323748768945e-27,8.649324048095229e-27,8.649324048097043e-27,8.64932476356804e-27,8.649324763344172e-27,8.649323532374633e-27,8.649323439522785e-27,8.649324450783801e-27,8.649329151501629e-27,8.649329187954927e-27,8.649329187954928e-27,8.64932918795493e-27,8.649329187954923e-27,8.64932918795706e-27,8.649329187957055e-27,8.649328857730098e-27,8.649328876113611e-27,8.64932887532534e-27,8.649328875409729e-27,8.649328907432652e-27,8.649331222982525e-27,8.649331118498751e-27,8.649331118498754e-27,8.64933111849875e-27,8.649329923244718e-27,8.6493299558674e-27,8.649329955867394e-27,8.649329986291462e-27,8.649329986291469e-27,8.649329992991668e-27,8.649329967648464e-27,8.649329967657908e-27,8.649329968409013e-27,8.649329892893469e-27,8.649329893955406e-27,8.64932988982272e-27,8.649329891033769e-27,8.649329891033769e-27,8.649329891033875e-27,8.649329895524736e-27,8.649329912857499e-27,8.649329885081688e-27,8.649333542573164e-27,8.649333878331085e-27,8.649333878331083e-27,8.649333881151628e-27,8.649334061354394e-27,8.649331515630543e-27,8.649331515630543e-27,8.649331515134392e-27,8.649332104655964e-27,8.649332104656157e-27,8.649332104656263e-27,8.649332104656261e-27,8.649331612123488e-27,8.649332043193595e-27,8.649332043193595e-27,8.649332263729713e-27,8.649332263729709e-27,8.649332263729773e-27,8.6491180427634e-27,8.649118512181937e-27,8.649119360057721e-27,8.649119084994364e-27,8.649118451723617e-27,8.64911845058849e-27,8.64911845058849e-27,8.649118450693849e-27,8.649120082387551e-27,8.64912008238781e-27,8.649119974886888e-27,8.649119915999908e-27,8.649119633588578e-27,8.649119633588578e-27,8.649119633588578e-27,8.64911963358858e-27,8.649119633588584e-27,8.649119624725747e-27,8.649119624704965e-27,8.649119840603522e-27,8.649119840292774e-27,8.649120657930841e-27,8.649120657930841e-27,8.649120647363668e-27,8.649120645042869e-27,8.649118573309603e-27,8.649118572206176e-27,8.6491183675355e-27,8.649118367521379e-27,8.649117970372999e-27,8.649118092524857e-27,8.649118132240237e-27,8.64911792048215e-27,8.649117920482141e-27,8.649117193724611e-27,8.649117192532597e-27,8.64911719347268e-27,8.649117297996565e-27,8.649117298844085e-27,8.649117298844881e-27,8.649117297771963e-27,8.649107544020023e-27,8.64910754727595e-27,8.649113344356258e-27,8.64911310558953e-27,8.649112898908839e-27,8.649112878991265e-27,8.649112878991262e-27,8.649112878991259e-27,8.64911287899126e-27,8.649122929565938e-27,8.649122929565818e-27,8.649122926541493e-27,8.649122929765603e-27,8.649122932791314e-27,8.649124605023454e-27,8.649124605023507e-27,8.64912380142176e-27,8.649123801314317e-27,8.649117547828983e-27,8.649117547995066e-27,8.649117663604325e-27,8.649121396037646e-27,8.649121376596614e-27,8.649121629118404e-27,8.649121629118404e-27,8.649121652803008e-27,8.649121654141041e-27,8.649121865619563e-27,8.649122104071153e-27,8.64912021897299e-27,8.649120206707158e-27,8.649120206815095e-27,8.649120206815088e-27,8.649120149418843e-27,8.649119748906151e-27,8.64911948813566e-27,8.649119968246409e-27,8.649119918834766e-27,8.649120856475147e-27,8.649120563403568e-27,8.649120564456516e-27,8.649119972917924e-27,8.649119722917176e-27,8.649124167472993e-27,8.649124167472993e-27,8.649124167472991e-27,8.649124167473054e-27,8.649124167473051e-27,8.649124167473054e-27,8.649124500812958e-27,8.649124605607559e-27,8.649124605111264e-27,8.649123320294822e-27,8.649122895257668e-27,8.649122895397406e-27,8.649122895397406e-27,8.64912250987591e-27,8.649136216526073e-27,8.649135476718888e-27,8.649135542098026e-27,8.649135571930368e-27,8.649135143562403e-27,8.649135139984063e-27,8.649135139984047e-27,8.649135139982071e-27,8.649133365510032e-27,8.649133364508794e-27,8.649133364508618e-27,8.649133364508621e-27,8.649133364607008e-27,8.649133364607008e-27,8.649133278136906e-27,8.649133278339944e-27,8.649133276812449e-27,8.649133276812445e-27,8.649134222020542e-27,8.64913419080285e-27,8.64913463057503e-27,8.649137770057599e-27,8.649137788735281e-27,8.649137788735266e-27,8.649137788735277e-27,8.64913781766874e-27,8.64913781766874e-27,8.649137817687195e-27,8.649137967821075e-27,8.649137970241668e-27,8.64913797024167e-27,8.649137970241318e-27,8.649137969797988e-27,8.649138158194044e-27,8.649138150764105e-27,8.649138142426086e-27,8.649139789891203e-27,8.649139399194743e-27,8.649139399188203e-27,8.649139399188204e-27,8.649137531081288e-27,8.649137445543775e-27,8.649137386655863e-27,8.649137318807741e-27,8.649137869269724e-27,8.649137832383047e-27,8.649137895487596e-27,8.649137890476622e-27,8.64913789047662e-27,8.649137885575828e-27,8.649137898742959e-27,8.649138167935603e-27,8.649138161280754e-27,8.649138099238864e-27,8.649138099239092e-27,8.649138098891403e-27,8.649136427137807e-27,8.649136416745466e-27,8.649136051730719e-27,8.649147147880179e-27,8.64914709575501e-27,8.649147095784773e-27,8.649147095427879e-27,8.649147051325199e-27,8.648964334285523e-27,8.648964334285523e-27,8.648964269617218e-27,8.649000011545074e-27,8.648999973863242e-27,8.648999973863002e-27,8.648999973863e-27,8.648996428283823e-27,8.648973949651093e-27,8.648973885412607e-27,8.648972965159128e-27,8.64897287620206e-27,8.648971864577461e-27,8.648962456895557e-27,8.648963569701479e-27,8.648961506232453e-27,8.648961488112624e-27,8.648961482159874e-27,8.648961666463576e-27,8.64896166657233e-27,8.64896166657233e-27,8.648961681681742e-27,8.648960482194091e-27,8.648960482195268e-27,8.648965498379349e-27,8.648964848468063e-27,8.64896484845268e-27,8.648964825928024e-27,8.648964825928022e-27,8.648964825928038e-27,8.64896482590595e-27,8.649110448801252e-27,8.649110448854446e-27,8.649110449084238e-27,8.649110449084308e-27,8.649110529792447e-27,8.649110529792448e-27,8.64911036220989e-27,8.649110354065756e-27,8.649110352263532e-27,8.64911035243073e-27,8.649110356607722e-27,8.649109828542928e-27,8.64910982854293e-27,8.649107731816498e-27,8.649107731816493e-27,8.649107731816493e-27,8.649107731816488e-27,8.649108624623057e-27,8.649108612001415e-27,8.649108628098576e-27,8.649108658384933e-27,8.649108656317484e-27,8.649108656317483e-27,8.64910812813159e-27,8.649108128131592e-27,8.649108128131593e-27,8.6490841987591e-27,8.649084209202724e-27,8.649083954087231e-27,8.649084006306084e-27,8.649083880054221e-27,8.649083854901814e-27,8.649083853271704e-27,8.649083853271703e-27,8.649083853271703e-27,8.64908313247237e-27,8.649083132472362e-27,8.649083151285097e-27,8.649083151285095e-27,8.649085233292492e-27,8.649085233292491e-27,8.649085233292485e-27,8.64908523056088e-27,8.649085093637833e-27,8.649085093637834e-27,8.649085341750463e-27,8.64908534175042e-27,8.649065425172323e-27,8.649065425172321e-27,8.649065425172317e-27,8.649064067284612e-27,8.649064067493476e-27,8.649064068224878e-27,8.649063154636367e-27,8.649063154679372e-27,8.649063154679372e-27,8.649063143215634e-27,8.649063143215629e-27,8.649063175555081e-27,8.649063174727376e-27,8.649063177855793e-27,8.649063177863088e-27,8.64906317786309e-27,8.649063173695718e-27,8.64906317369572e-27,8.649063950342878e-27,8.64906433239708e-27,8.649064158044253e-27,8.649064158044258e-27,8.649064157434023e-27,8.649064111529452e-27,8.6490641877276e-27,8.649064187727633e-27,8.649067410263645e-27,8.649067369119111e-27,8.649067513046005e-27,8.649067513320035e-27,8.649068505827069e-27,8.6490685930853e-27,8.649068593085299e-27,8.649068593085299e-27,8.64906849021386e-27,8.64906855637959e-27,8.649068556379588e-27,8.649069569334736e-27,8.649069566672346e-27,8.649069529329733e-27,8.649069528825981e-27,8.649067966323079e-27,8.649067966323198e-27,8.649067966615316e-27,8.649067966615246e-27,8.649067966615258e-27,8.649067584236427e-27,8.64906758423643e-27,8.649067584119103e-27,8.649067584119103e-27,8.649066867593644e-27,8.649066867593633e-27,8.64906685968503e-27,8.649066859819431e-27,8.649066811137868e-27,8.649069344387474e-27,8.649068699755484e-27,8.649067421868732e-27,8.64906712673683e-27,8.649067151544202e-27,8.649067332220526e-27,8.64906733222059e-27,8.649067332721427e-27,8.649067330519103e-27,8.649067034187746e-27,8.64906703211771e-27,8.649067031153521e-27,8.649069041963123e-27,8.649069041963125e-27,8.6490690682714e-27,8.649069068271361e-27,8.6490684858304e-27,8.64906880423695e-27,8.649068826623426e-27,8.649068826622903e-27,8.649068830347802e-27,8.649068553444846e-27,8.64906855344482e-27,8.649068555939736e-27,8.64904299141014e-27,8.649038715474298e-27,8.649038715474299e-27,8.649038715474303e-27,8.649037947020748e-27,8.649038834693555e-27,8.649038834643563e-27,8.649038834643563e-27,8.649038713015211e-27,8.648973920794697e-27,8.648973822585071e-27,8.648973822532913e-27,8.648973822601481e-27,8.648973817995734e-27,8.648973817924684e-27,8.648973818803218e-27,8.648977694336927e-27,8.648977630377664e-27,8.648977630377667e-27,8.648977630759024e-27,8.648977521032316e-27,8.648977442251207e-27,8.648977442250503e-27,8.648977442250502e-27,8.648975610007744e-27,8.648975610007749e-27,8.648975486232672e-27,8.648975120139033e-27,8.648975118993781e-27,8.648975111645596e-27,8.648974907637004e-27,8.648974907637001e-27,8.648974907636998e-27,8.648974729415398e-27,8.64897472941539e-27,8.648974751594133e-27,8.64897507632166e-27,8.648975076321666e-27,8.648975915200625e-27,8.648975915200638e-27,8.64897591520067e-27,8.648975999843356e-27,8.649017581595819e-27,8.649017581595805e-27,8.649017581591207e-27,8.649017582169966e-27,8.649017582169967e-27,8.649017588702843e-27,8.649017624940494e-27,8.649017624945019e-27,8.649017625670031e-27,8.649020868674224e-27,8.649020868674222e-27,8.649020868674222e-27,8.649020868724732e-27,8.649020868726025e-27,8.649020868726022e-27,8.64902086872602e-27,8.649020859365657e-27,8.64902083821228e-27,8.649020838187567e-27,8.649021487885107e-27,8.649021487885108e-27,8.649021487885107e-27,8.649022133591581e-27,8.649022017120206e-27,8.649022017120207e-27,8.649021997902678e-27,8.649022000825647e-27,8.649022000187075e-27,8.649022006317849e-27,8.649022006317849e-27,8.649022006317847e-27,8.64902202844331e-27,8.649022028443288e-27,8.649022028443284e-27,8.649022088209449e-27,8.649021732966266e-27,8.649032395482152e-27,8.649031913923958e-27,8.649031910943858e-27,8.649031946712255e-27,8.649031943325618e-27,8.649052154213696e-27,8.649034502535011e-27,8.649034502519089e-27,8.649034509741936e-27,8.649034509746794e-27,8.649034510201823e-27,8.649034786581456e-27,8.649034741860152e-27,8.649034463648821e-27,8.649033977301677e-27,8.649031276267043e-27,8.649029792597836e-27,8.649029792597836e-27,8.649029744072655e-27,8.64902982285992e-27,8.64902982285992e-27,8.649029822859921e-27,8.649029807084463e-27,8.649031282328472e-27,8.649031237123366e-27,8.64903123753458e-27,8.649031235577577e-27,8.649031183538016e-27,8.649031179693156e-27,8.649029272369488e-27,8.649029280292346e-27,8.649029281221839e-27,8.649029278960816e-27,8.649026228315977e-27,8.64902624391275e-27,8.649034065202443e-27,8.649034069786054e-27,8.649034594265152e-27,8.649034594265178e-27,8.649034659927539e-27,8.649034659862383e-27,8.649034600751781e-27,8.64903459871371e-27,8.649036385942251e-27,8.649033250459028e-27,8.649033223985964e-27,8.649033223985966e-27,8.649026026528852e-27,8.649032437031382e-27,8.649032441411778e-27,8.649032441411764e-27,8.649032422879802e-27,8.649035577025109e-27,8.649036240677974e-27,8.649036240677954e-27,8.64903629794265e-27,8.649036153632966e-27,8.649036019962894e-27,8.649034419229077e-27,8.649034428128938e-27,8.649034425071314e-27,8.649034937347509e-27,8.649035176608963e-27,8.649035176608646e-27,8.649035176608652e-27,8.64903517660865e-27,8.64903517660865e-27,8.649035176608652e-27,8.649035176609312e-27,8.649034402527078e-27,8.649034403077978e-27,8.649032867304165e-27,8.64903287192224e-27,8.64903287192224e-27,8.64903287192224e-27,8.649033053470701e-27,8.64903357271818e-27,8.649033621961881e-27,8.649033623196169e-27,8.64903352552224e-27,8.649033504733502e-27,8.6490335047335e-27,8.64903340823936e-27,8.649033396162477e-27,8.649033280111935e-27,8.649033280111934e-27,8.649032907028176e-27,8.649032941765643e-27,8.649032941765196e-27,8.649032941853262e-27,8.649032904582034e-27,8.649032904582036e-27,8.649032904582034e-27,8.649032904582036e-27,8.649032904582041e-27,8.649032904582033e-27,8.649032902102187e-27,8.649032902102233e-27,8.649032902102232e-27,8.649032706443978e-27,8.649032696897057e-27,8.64903270104593e-27,8.649028907088483e-27,8.649028965649014e-27,8.649028899087882e-27,8.649028905376662e-27,8.64902890571599e-27,8.649028916632645e-27,8.649028299808995e-27,8.649006599360284e-27,8.649006746339055e-27,8.649006746339062e-27,8.649007140446245e-27,8.64900716633381e-27,8.649007166333811e-27,8.64900717668853e-27,8.649007044093774e-27,8.649007044093771e-27,8.649007044107379e-27,8.649006502647245e-27,8.649006503046777e-27,8.64900650285466e-27,8.649006502799038e-27,8.649006502799038e-27,8.649006502799055e-27,8.649006502799055e-27,8.649006502799064e-27,8.649006502799064e-27,8.649006502799134e-27,8.649006502799132e-27,8.648008325205884e-27,8.648008325205884e-27,8.648008324459804e-27,8.648008324452929e-27,8.64800837670945e-27,8.648008376710525e-27,8.648008383671839e-27,8.64800838367184e-27,8.648008328737996e-27,8.648008328758373e-27,8.648008328758375e-27,8.648008328758369e-27,8.648008327289123e-27,8.64800832490079e-27,8.64800832490079e-27,8.648008268942609e-27,8.648002711881494e-27,8.6480027118815e-27,8.648008913576341e-27,8.648008913519898e-27,8.648008913519898e-27,8.648008913519898e-27,8.648008913519901e-27,8.647793562662974e-27,8.647794214053797e-27,8.647795090672988e-27,8.647888162979759e-27,8.6478844736322e-27,8.647884473632195e-27,8.647884948144458e-27,8.647885124153283e-27,8.647885124153487e-27,8.647885139143173e-27,8.647885116654987e-27,8.647885116673196e-27,8.647885476340385e-27,8.64788547851067e-27,8.647885478510667e-27,8.647885398498262e-27,8.647887702847411e-27,8.64788868101213e-27,8.647888681012123e-27,8.647888681583506e-27,8.647888681583593e-27,8.647888681583638e-27,8.647888681689485e-27,8.647888681689484e-27,8.647887807790294e-27,8.647887798624121e-27,8.64788782340875e-27,8.64788804143769e-27,8.647888041437691e-27,8.647888041507479e-27,8.647886524087332e-27,8.647886478072427e-27,8.647886460850616e-27,8.64788646085061e-27,8.647886460850652e-27,8.647886460850649e-27,8.647886461083132e-27,8.647887359606235e-27,8.647887359615694e-27,8.64788735961509e-27,8.647887504814549e-27,8.647887506122016e-27,8.647887253284446e-27,8.647887253284447e-27,8.647882426903736e-27,8.647882463444876e-27,8.647882513010174e-27,8.647882476134067e-27,8.647882264200613e-27,8.647882297413742e-27,8.647882299498143e-27,8.647882299931283e-27,8.647882375328003e-27,8.647882389314224e-27,8.647882409804937e-27,8.647882409844831e-27,8.647882409844831e-27,8.647882409844832e-27,8.647882409844191e-27,8.647881438960117e-27,8.647881385766579e-27,8.647881275750209e-27,8.647881286291678e-27,8.647881303790731e-27,8.647881309924946e-27,8.647881309924919e-27,8.647881309924913e-27,8.6478812236375e-27,8.647881230767201e-27,8.647881269383888e-27,8.647881829622175e-27,8.647916735624501e-27,8.647916735624542e-27,8.647916293887627e-27,8.647916293887635e-27,8.647919164399269e-27,8.647919162622034e-27,8.647919192133287e-27,8.647919192133287e-27,8.64791919213392e-27,8.647919162072616e-27,8.647919320057853e-27,8.64791937103716e-27,8.647919374189599e-27,8.647919374183244e-27,8.647919425390143e-27,8.647919425390013e-27,8.647919430614315e-27,8.647919950908818e-27,8.647813788115917e-27,8.647813612547084e-27,8.647801894442684e-27,8.64780226951223e-27,8.647802269513077e-27,8.647802269522963e-27,8.647802305600306e-27,8.647802366788083e-27,8.647802367519945e-27,8.647802217944734e-27,8.647802217859867e-27,8.647802217859865e-27,8.647802217859868e-27,8.647802217859867e-27,8.647801593317009e-27,8.647801593317121e-27,8.647801593317124e-27,8.647800601398664e-27,8.647800602757099e-27,8.647800443809769e-27,8.647800443674264e-27,8.647801159763612e-27,8.647801033364901e-27,8.647800127703826e-27,8.647800192574795e-27,8.647800170457075e-27,8.64780196476847e-27,8.647801962986716e-27,8.647796139058307e-27,8.647796136613135e-27,8.647796134467883e-27,8.647796134472523e-27,8.647796134473256e-27,8.647795742244572e-27,8.647795743081902e-27,8.647795743081904e-27,8.647795743138961e-27,8.647795746314335e-27,8.647795746184549e-27,8.647795746184546e-27,8.64779574618454e-27,8.647795750701834e-27,8.647795750701829e-27,8.64779592865751e-27,8.64779592865751e-27,8.647795910314095e-27,8.647795910314114e-27,8.647797100223084e-27,8.647797095392244e-27,8.647797206427629e-27,8.647797206427628e-27,8.647797318528051e-27,8.647797318527589e-27,8.647797318527588e-27,8.647797016276683e-27,8.647797135817793e-27,8.647797228691565e-27,8.647797228691567e-27,8.647809741106041e-27,8.647810150119929e-27,8.647810148485775e-27,8.64780945653794e-27,8.647809456537939e-27,8.647809456537939e-27,8.647809459792876e-27,8.647809459433713e-27,8.647809455132237e-27,8.647809455132239e-27,8.647809455132236e-27,8.647809455132237e-27,8.647809497729953e-27,8.647809477812727e-27,8.647809711086573e-27,8.647809713989814e-27,8.647809225058032e-27,8.647318294374375e-27,8.647317090561084e-27,8.647317014458199e-27,8.647317269013831e-27,8.647320097459974e-27,8.64732009745995e-27,8.647320097459944e-27,8.647318956884123e-27,8.647315663147816e-27,8.647313227847664e-27,8.647310192730685e-27,8.647310192730688e-27,8.647310355529171e-27,8.647310355529118e-27,8.647310204124602e-27,8.647310125796687e-27,8.647310157677201e-27,8.647309952837431e-27,8.647309952837432e-27,8.647311995403548e-27,8.647311763502213e-27,8.647311763502215e-27,8.647311785292926e-27,8.647311808085564e-27,8.647308784887029e-27,8.647308807014749e-27,8.647308853546846e-27,8.647308835228401e-27,8.647308796567033e-27,8.647308796567033e-27,8.647308796567033e-27,8.647308651590035e-27,8.647308651590035e-27,8.647308652291037e-27,8.64730865229379e-27,8.64730865229379e-27,8.647308653827657e-27,8.647308653694606e-27,8.647308667128624e-27,8.647308667128622e-27,8.647308668956272e-27,8.647310354707516e-27,8.647310354707523e-27,8.647310350402222e-27,8.647310349907151e-27,8.64731034990715e-27,8.647310356610471e-27,8.647310356610472e-27,8.647310356610478e-27,8.647310356610478e-27,8.647310356610474e-27,8.647310356610261e-27,8.647318308398403e-27,8.647318308398403e-27,8.64731844642476e-27,8.647318446425874e-27,8.647318446425874e-27,8.64731844642583e-27,8.647318446425829e-27,8.647318446425829e-27,8.647318446425832e-27,8.647318446425825e-27,8.64731844642586e-27,8.647318446425862e-27,8.647318446425282e-27,8.647318446485891e-27,8.647318445508431e-27,8.647318820423378e-27,8.647318266796863e-27,8.64731826679695e-27,8.647318264901935e-27,8.647318476277386e-27,8.647318470907148e-27,8.647318470907148e-27,8.647318487530543e-27,8.647318461094341e-27,8.64731846187231e-27,8.647318425840307e-27,8.647318648070548e-27,8.647318766106199e-27,8.647318613978641e-27,8.647318613978644e-27,8.647318613978643e-27,8.647318595403358e-27,8.64731857965562e-27,8.647318539372592e-27,8.647318543572237e-27,8.64260259121137e-27,8.642602541784296e-27,8.64259929172805e-27,8.642599284795248e-27,8.642596968942803e-27,8.642597008140404e-27,8.642596958302968e-27,8.642596958302968e-27,8.642596958708434e-27,8.64259646747126e-27,8.642598629590956e-27,8.642591849806732e-27,8.642591850278952e-27,8.64259185027896e-27,8.642591850278954e-27,8.642591850278957e-27,8.642591850278957e-27,8.642561631817041e-27,8.642561631817035e-27,8.642560680893546e-27,8.642560680908886e-27,8.64255847118121e-27,8.64255847118121e-27,8.642558471314267e-27,8.64255847045399e-27,8.642558470453158e-27,8.642559433489215e-27,8.642557514950606e-27,8.642557743685292e-27,8.642557713692254e-27,8.642558098837667e-27,8.642558098837667e-27,8.64255809883752e-27,8.642558098837465e-27,8.642558105387385e-27,8.64255846011348e-27,8.642558434915612e-27,8.642558403776167e-27,8.642558403776165e-27,8.642558403776167e-27,8.642558384504204e-27,8.642558384504205e-27,8.642558384504202e-27,8.642558685725831e-27,8.642556356578523e-27,8.642556346330513e-27,8.642556346330513e-27,8.642556131209202e-27,8.642567628319865e-27,8.64256870481947e-27,8.642568704819463e-27,8.642568721291296e-27,8.642568653999116e-27,8.642568652048444e-27,8.642568564871032e-27,8.642568565165373e-27,8.642568617312459e-27,8.642568573532977e-27,8.642568573532976e-27,8.642568519618838e-27,8.642568519618841e-27,8.64232386445067e-27,8.642323910657563e-27,8.642323910655636e-27,8.642027244384141e-27,8.642027244384141e-27,8.64202724361296e-27,8.642027247093564e-27,8.642027243878852e-27,8.642027397915194e-27,8.642027644858117e-27,8.642027990498171e-27,8.642027990498171e-27,8.642029720465383e-27,8.642029720465383e-27,8.642029720465383e-27,8.642029720465377e-27,8.642030589188147e-27,8.642028567165018e-27,8.642028517262369e-27,8.642029153665785e-27,8.642029355371804e-27,8.642029355371858e-27,8.642027228160207e-27,8.642027101356644e-27,8.64202710135659e-27,8.642027101400647e-27,8.642027101400656e-27,8.64202710140065e-27,8.642025931544838e-27,8.642022068555722e-27,8.642022068548011e-27,8.642022062049236e-27,8.64202206397865e-27,8.642022063978649e-27,8.642022063978504e-27,8.642021812184026e-27,8.642021812183891e-27,8.64202181656093e-27,8.642021817114597e-27,8.642022627173885e-27,8.642022597836291e-27,8.642022598300719e-27,8.642022598334142e-27,8.642022587431404e-27,8.642022551014592e-27,8.642022278261144e-27,8.642022266881446e-27,8.642021067850203e-27,8.642021067850204e-27,8.642021067850223e-27,8.642021068172825e-27,8.642021859106736e-27,8.642021951202239e-27,8.642021951202236e-27,8.642021899480252e-27,8.642018158236679e-27,8.642018174915524e-27,8.642018174915523e-27,8.642018174906288e-27,8.64201821989188e-27,8.642018219891877e-27,8.642018200446573e-27,8.642018108115914e-27,8.642018108115959e-27,8.642018130457021e-27,8.642018106039976e-27,8.642018115358611e-27,8.642018115231403e-27,8.642018115175821e-27,8.642096895325008e-27,8.642090760079274e-27,8.642090760079277e-27,8.642091015560359e-27,8.642091023271944e-27,8.642090950757611e-27,8.642090972352398e-27,8.642104422579294e-27,8.642104422578304e-27,8.642104422578528e-27,8.642105849643973e-27,8.642105849643983e-27,8.64210584964399e-27,8.642105811597071e-27,8.642105811597071e-27,8.64210581159707e-27,8.642105815354324e-27,8.642105858499822e-27,8.642106621047322e-27,8.642106621072632e-27,8.642106621072678e-27,8.642106621072678e-27,8.642106621072682e-27,8.6421066266116e-27,8.642106810948481e-27,8.642106810948481e-27,8.642106922850301e-27,8.6421069228503e-27,8.642106853708468e-27,8.642106853715931e-27,8.64210685371593e-27,8.642107102443723e-27,8.642107102443721e-27,8.64210710244372e-27,8.64210710040101e-27,8.642107100401004e-27,8.64210710040082e-27,8.642107143758979e-27,8.642107898835172e-27,8.642108543901858e-27,8.642108543901812e-27,8.642108483911364e-27,8.642108260433397e-27,8.642108260432383e-27,8.642108663894872e-27,8.64210794757181e-27,8.642107961092554e-27,8.642108040637673e-27,8.642107476903429e-27,8.64210747690343e-27,8.642107487126885e-27,8.64210748712663e-27,8.642107857773906e-27,8.642107857773904e-27,8.642107699727963e-27,8.642107730462465e-27,8.642107730462142e-27,8.642107756391978e-27,8.642107724262846e-27,8.642105349744191e-27,8.64210534974419e-27,8.642105349743998e-27,8.642108682761372e-27,8.642108682761373e-27,8.642108673734163e-27,8.642108673765971e-27,8.64210867396398e-27,8.642103464319757e-27,8.642103464319753e-27,8.642103997358683e-27,8.642103997972703e-27,8.642104014142292e-27,8.642103943905859e-27,8.64233998105299e-27,8.642339988379494e-27,8.642339988379544e-27,8.64233998989149e-27,8.642339991733965e-27,8.642340430071069e-27,8.642340428074657e-27,8.642340428074645e-27,8.642340428074647e-27,8.642340200536198e-27,8.6423402449317e-27,8.64234038952813e-27,8.642340299852493e-27,8.642340124067737e-27,8.642340124067724e-27,8.642340124071036e-27,8.642340124069836e-27,8.642340124069833e-27,8.642340124069837e-27,8.642338646487627e-27,8.642337902532256e-27,8.642337804687633e-27,8.642337833876989e-27,8.642337836294009e-27,8.642337834833875e-27,8.642338206953792e-27,8.642338206953792e-27,8.642338206953792e-27,8.642338193267935e-27,8.642338193267932e-27,8.642338132310182e-27,8.642338132296939e-27,8.642338124509247e-27,8.642338245862583e-27,8.642338307013841e-27,8.64233808011065e-27,8.642366793121084e-27,8.64236688092048e-27,8.642366905418688e-27,8.642366924677738e-27,8.642366893514997e-27,8.642366892570321e-27,8.642367297374367e-27,8.642366986096691e-27,8.642367353305968e-27,8.642367566839797e-27,8.64236553037403e-27,8.64236553037403e-27,8.64236542151506e-27,8.642369167957513e-27,8.642369160430485e-27,8.642369160430483e-27,8.642369160430482e-27,8.642369160640871e-27,8.64236916064087e-27,8.642368909496493e-27,8.642368909496931e-27,8.64236888470959e-27,8.642368971771942e-27,8.642496242891527e-27,8.642496242891527e-27,8.642496241232109e-27,8.64249624123211e-27,8.642496206805076e-27,8.642496206805076e-27,8.642496206805177e-27,8.642496211703345e-27,8.642496215481273e-27,8.642496216290232e-27,8.642496260450476e-27,8.642496260746602e-27,8.642496260790232e-27,8.642496260790232e-27,8.642496260790232e-27,8.642496229464776e-27,8.642496229464724e-27,8.642496229464744e-27,8.642496239959287e-27,8.642496280742019e-27,8.642496280742019e-27,8.642496273363808e-27,8.642496275798474e-27,8.642496306422797e-27,8.642496324388008e-27,8.642493757158096e-27,8.642493652398244e-27,8.642494223142472e-27,8.64249424078003e-27,8.642494238694895e-27,8.642494238765641e-27,8.642494238767425e-27,8.642495305014799e-27,8.642495335617452e-27,8.642495316208845e-27,8.64250054770667e-27,8.642500992731741e-27,8.642500992722328e-27,8.642501281224334e-27,8.642501281226721e-27,8.642501281226714e-27,8.642501106169353e-27,8.64251910592145e-27,8.642567321254421e-27,8.642566170018546e-27,8.642566170054963e-27,8.642567100487443e-27,8.64256710048744e-27,8.642567277161235e-27,8.642567242461632e-27,8.642567387518767e-27,8.642581801333995e-27,8.64258185413531e-27,8.642581854135587e-27,8.642581852567025e-27,8.642581999207025e-27,8.642581999206918e-27,8.642581999206916e-27,8.642582104016994e-27,8.642582166923504e-27,8.642582166921404e-27,8.642582466901024e-27,8.642587119053854e-27,8.642585876071044e-27,8.64258587607104e-27,8.64258588064329e-27,8.642569724583506e-27,8.64256972478968e-27,8.642570412798839e-27,8.6425698522168e-27,8.642569852216801e-27,8.642569339532189e-27,8.64256933953219e-27,8.642568965248955e-27,8.642568965248955e-27,8.642568977166905e-27,8.642568977402407e-27,8.642571482706073e-27,8.642571661281379e-27,8.64257166128138e-27,8.642571713276676e-27,8.642592806320218e-27,8.642592806320218e-27,8.642593285271346e-27,8.642593690209022e-27,8.642593679215385e-27,8.642593679215567e-27,8.642593885938026e-27,8.64259388593801e-27,8.64259349473361e-27,8.642617842462457e-27,8.64261792067828e-27,8.642617920678222e-27,8.642617920678221e-27,8.642617155840323e-27,8.64261715373011e-27,8.642617153730111e-27,8.642616577105482e-27,8.64261502488211e-27,8.642615767049628e-27,8.642615694003126e-27,8.64261569558117e-27,8.642615695581344e-27,8.642615695581342e-27,8.64261387079183e-27,8.642607944500105e-27,8.64260487825006e-27,8.642604804108725e-27,8.642610241445784e-27,8.642610241319532e-27,8.642610244079288e-27,8.642610384021593e-27,8.64261038402158e-27,8.6426103838045e-27,8.642610383804498e-27,8.642606157573157e-27,8.642606157573159e-27,8.642606055546137e-27,8.642607620122881e-27,8.642607620122881e-27,8.642607454387049e-27,8.64260745440896e-27,8.64260745440896e-27,8.64260745440896e-27,8.642607456640888e-27,8.64260745664089e-27,8.642607456639275e-27,8.642612247752897e-27,8.642606272293877e-27,8.642606272293875e-27,8.64260619286875e-27,8.642606164464173e-27,8.642607619889174e-27,8.642606744287786e-27,8.642609940486787e-27,8.642609939956381e-27,8.642609942343864e-27,8.64261038800851e-27,8.642607865619897e-27,8.642607865619894e-27,8.642607865619902e-27,8.642605114134549e-27,8.642605134325262e-27,8.642605124428079e-27,8.64260512442808e-27,8.64260512442808e-27,8.642605124428716e-27,8.642605034847177e-27,8.642605066446516e-27,8.642605028782503e-27,8.642604833699132e-27,8.64260450590851e-27,8.642604499700043e-27,8.642604514147357e-27,8.642604514147355e-27,8.642604552163626e-27,8.642604552163619e-27,8.642605212690917e-27,8.642605200676652e-27,8.64260520067665e-27,8.642605200676386e-27,8.642605224145917e-27,8.642605265575326e-27,8.642605578103881e-27,8.642605425902665e-27,8.642605425881781e-27,8.642590181834067e-27,8.642590231644598e-27,8.642590425363596e-27,8.64259037716187e-27,8.642589450436949e-27,8.642589450436947e-27,8.642589013001648e-27,8.64258901298636e-27,8.642587826302586e-27,8.642587759915953e-27,8.642588949055247e-27,8.642587926099e-27,8.642587926098997e-27,8.642587886130176e-27,8.642585753961787e-27,8.6425857539604e-27,8.642587930848571e-27,8.642587504543897e-27,8.642587504528234e-27,8.642588153853798e-27,8.642588217153797e-27,8.642588086390688e-27,8.642588086485853e-27,8.64258812531571e-27,8.642588131180411e-27,8.642588131180412e-27,8.642587706072388e-27,8.642587712808946e-27,8.642587605739874e-27,8.642587605739874e-27,8.642587578890557e-27,8.642587580091078e-27,8.64258131970608e-27,8.642581319706083e-27,8.642582313099582e-27,8.642582306013447e-27,8.642580503705692e-27,8.642579713708292e-27,8.642582423354833e-27,8.642582423354835e-27,8.642582133927082e-27,8.642579956089122e-27,8.642579194262654e-27,8.642565756061341e-27,8.642565802536818e-27,8.642565802535462e-27,8.64256580253564e-27,8.64256580253564e-27,8.642565843388639e-27,8.642566007963593e-27,8.642566003279722e-27,8.64256600327992e-27,8.642560615777527e-27,8.642560615777523e-27,8.642501347627e-27,8.642501347626999e-27,8.642501423038128e-27,8.642501422865535e-27,8.642501422865546e-27,8.642501310930836e-27,8.642501435426817e-27,8.642489055194562e-27,8.64248905522835e-27,8.642489095768178e-27,8.642489457239555e-27,8.642489461646638e-27,8.642489555297068e-27,8.642489534885471e-27,8.642489624665397e-27,8.642489634682255e-27,8.642489621616383e-27,8.64248958911327e-27,8.642489592119847e-27,8.642489592323292e-27,8.642489594105859e-27,8.642489585650745e-27,8.642489584631565e-27,8.642491867052014e-27,8.642491447545827e-27,8.642491449656764e-27,8.642494703901384e-27,8.642492301246258e-27,8.642492338210539e-27,8.642492329918696e-27,8.642492334544738e-27,8.642492334636117e-27,8.642492275176491e-27,8.642492275176154e-27,8.642492252888184e-27,8.642492251444079e-27,8.642492251444082e-27,8.642492238719462e-27,8.642492238719458e-27,8.642492238719458e-27,8.642495137606867e-27,8.642495137606738e-27,8.642495048488431e-27,8.642491072201072e-27,8.642491072201153e-27,8.64249107214389e-27,8.642490922487604e-27,8.642505928271164e-27,8.642503531047368e-27,8.642503531047368e-27,8.642502182496749e-27,8.642502182175972e-27,8.642502182175972e-27,8.642502182175972e-27,8.642502182175973e-27,8.64250218217597e-27,8.642502182175974e-27,8.642502182176955e-27,8.642502182176956e-27,8.642502355098893e-27,8.642502354611514e-27,8.642502408889602e-27,8.642502403762639e-27,8.642502390584455e-27,8.642502390584458e-27,8.642502390584439e-27,8.642502170828845e-27,8.642502170828844e-27,8.642502170850408e-27,8.642502347508296e-27,8.642502315390515e-27,8.6425023181453e-27,8.642502342811307e-27,8.642502331249723e-27,8.642502342140733e-27,8.642502368344571e-27,8.642502275063192e-27,8.642502235109818e-27,8.642502235841948e-27,8.642502235841948e-27,8.64250217341378e-27,8.642502170410694e-27,8.642502170410692e-27,8.642502170410638e-27,8.642502744860696e-27,8.642502744860698e-27,8.6425027448607e-27,8.642502841157743e-27,8.642504505930515e-27,8.642504492809094e-27,8.642504492809094e-27,8.642504492809107e-27,8.642504489735482e-27,8.642504297567142e-27,8.64250429756714e-27,8.642504297567385e-27,8.642504298001844e-27,8.64250429546544e-27,8.64250432334199e-27,8.642504330220757e-27,8.642504302538731e-27,8.642504407086766e-27,8.642700386654154e-27,8.642700382356429e-27,8.642700382364572e-27,8.642700382367114e-27,8.642700383768371e-27,8.642700383775969e-27,8.642700276650886e-27,8.642700276672597e-27,8.642700276672597e-27,8.642700241091155e-27,8.642700241091002e-27,8.64270034856854e-27,8.642700349384411e-27,8.642700349384408e-27,8.6427004179836e-27,8.642700417983601e-27,8.642700417983598e-27,8.642700417983601e-27,8.64270041797994e-27,8.642700417979933e-27,8.642700407173176e-27,8.642700407173178e-27,8.642700180443376e-27,8.642700246420958e-27,8.642699850167701e-27,8.642699850167693e-27,8.642699850211768e-27,8.642699983698566e-27,8.642699974196723e-27,8.642700383663709e-27,8.642700383663723e-27,8.642700381763137e-27,8.642700047457856e-27,8.642700011980447e-27,8.64269825808942e-27,8.642698215162262e-27,8.642698202766067e-27,8.642698203230512e-27,8.64269820323051e-27,8.642698203230509e-27,8.642698207400284e-27,8.642698207400285e-27,8.642698207400285e-27,8.642698207400287e-27,8.642698207172484e-27,8.642698207600571e-27,8.642698207600571e-27,8.64269820760057e-27,8.642698157552921e-27,8.642698157552921e-27,8.642698154029203e-27,8.642698154029203e-27,8.642698153977878e-27,8.642698153973088e-27,8.642698153973087e-27,8.642698144022644e-27,8.642698143759093e-27,8.642698148149349e-27,8.642698148149352e-27,8.64269814814935e-27,8.642698147065458e-27,8.642697978048934e-27,8.642697991105122e-27,8.642697991117231e-27,8.64269799111723e-27,8.642698045293796e-27,8.642697977394536e-27,8.642697977170834e-27,8.642697977170832e-27,8.64269799769899e-27,8.642697960308646e-27,8.642697960308642e-27,8.642697963128958e-27,8.642697963128958e-27,8.642697963128958e-27,8.642697921374612e-27,8.642697916643995e-27,8.642697913735827e-27,8.642697910806562e-27,8.64269786926947e-27,8.642697869269469e-27,8.64269786926947e-27,8.642697869269467e-27,8.642697869269467e-27,8.642697869349429e-27,8.642697362671669e-27,8.642697151247483e-27,8.64269715076712e-27,8.642697162616655e-27,8.642697240699359e-27,8.642697240700526e-27,8.642697240369383e-27,8.642697220768363e-27,8.642697220768366e-27,8.642697214948749e-27,8.642697883345269e-27,8.642697829779e-27,8.642697829734009e-27,8.642697829734009e-27,8.642697829732543e-27,8.642697829732538e-27,8.642697683736433e-27,8.642697672310494e-27,8.642697672310494e-27,8.642697672113952e-27,8.64269767857119e-27,8.642697678571207e-27,8.642697688525196e-27,8.642697688525195e-27,8.642697750140795e-27,8.642697766244024e-27,8.642697801930771e-27,8.642697806876146e-27,8.642697808055352e-27,8.642697804589537e-27,8.642697806374298e-27,8.642697831063754e-27,8.642697809760572e-27,8.642697813537476e-27,8.642697783830915e-27,8.642697788083712e-27,8.642697788083713e-27,8.642697787599297e-27,8.642697787599298e-27,8.642697801720977e-27,8.642697801720979e-27,8.642697813671965e-27,8.642697813671964e-27,8.642697839022976e-27,8.642697838411103e-27,8.64269790229858e-27,8.642697759124408e-27,8.642697759124184e-27,8.64269777335282e-27,8.64269812707729e-27,8.642698040843443e-27,8.642698040803493e-27,8.642698040803492e-27,8.642697787652458e-27,8.642697787652395e-27,8.64269779400104e-27,8.642697794874937e-27,8.642697791806756e-27,8.642697580385827e-27,8.642697575894246e-27,8.642697575894246e-27,8.642697577054363e-27,8.64246093537702e-27,8.642460857567287e-27,8.642460857567286e-27,8.642460849418296e-27,8.642460786622766e-27,8.642460565121934e-27,8.642460564565917e-27,8.642460576484171e-27,8.642460576484173e-27,8.642460576484305e-27,8.6424605788025e-27,8.642460578802502e-27,8.64246060579419e-27,8.642460544193264e-27,8.642460624178952e-27,8.642460629806943e-27,8.642460626014886e-27,8.642460597625252e-27,8.64246059762525e-27,8.642460597644576e-27,8.642460596650194e-27,8.642460580073298e-27,8.642460580072798e-27,8.642460526263952e-27,8.642460554137265e-27,8.642460555881687e-27,8.642460605176353e-27,8.642460604965279e-27,8.64246104443995e-27,8.642463612183646e-27,8.642463607723213e-27,8.642463621512702e-27,8.642463624916878e-27,8.642463626042159e-27,8.642463626042159e-27,8.642463603812566e-27,8.642463602603836e-27,8.642463602603836e-27,8.642463602603836e-27,8.642463602603839e-27,8.642463602595657e-27,8.642463591752044e-27,8.64246358300602e-27,8.642463583006018e-27,8.642463586138679e-27,8.64246358613868e-27,8.642463580491743e-27,8.642463580491746e-27,8.642463802117873e-27,8.642463802118129e-27,8.642463785637902e-27,8.642463785637903e-27,8.642463785624537e-27,8.642463789728358e-27,8.642463789728358e-27,8.64246372669244e-27,8.642463725271545e-27,8.642463749069551e-27,8.642463747988644e-27,8.642463747988643e-27,8.642463752360567e-27,8.642463752360565e-27,8.642463753087242e-27,8.642463753087242e-27,8.642463742848738e-27,8.642463411887962e-27,8.642463407633162e-27,8.642463408922224e-27,8.642463400423564e-27,8.642463400171734e-27,8.642463426737898e-27,8.642463410198726e-27,8.642463411136113e-27,8.6424634168038e-27,8.642463151690366e-27,8.642463151690369e-27,8.642463195979565e-27,8.642463203721442e-27,8.64246262270932e-27,8.642462690644396e-27,8.642462690644369e-27,8.642462851125779e-27,8.642462831577909e-27,8.642462831577906e-27,8.642462843884245e-27,8.642462843884246e-27,8.642462844357579e-27,8.64246404847204e-27,8.64246405047407e-27,8.642464065165855e-27,8.642464064685657e-27,8.64246541003581e-27,8.642465228416889e-27,8.642465296736497e-27,8.642465296735934e-27,8.642465936067481e-27,8.642465940644222e-27,8.642465940644215e-27,8.642465940483662e-27,8.642466006501487e-27,8.642410596714239e-27,8.642410612187702e-27,8.642410612187702e-27,8.64241061560958e-27,8.642412386736005e-27,8.642412386735163e-27,8.642412386735164e-27,8.642412933622477e-27,8.642412935864087e-27,8.642412698065629e-27,8.642412679519015e-27,8.642413474193632e-27,8.642413546225827e-27,8.64241354622582e-27,8.642413570031721e-27,8.642413570031718e-27,8.642413233120114e-27,8.642413233139006e-27,8.642413270772306e-27,8.642413564131975e-27,8.642413564131966e-27,8.642413622336295e-27,8.642413622336296e-27,8.64241356180796e-27,8.642413478283897e-27,8.6424134782839e-27,8.64241347759303e-27,8.642413502324068e-27,8.64241350232407e-27,8.642413502324066e-27,8.64241350258333e-27,8.642413503073557e-27,8.642413378738809e-27,8.6424133788084e-27,8.642413402668242e-27,8.642413402668243e-27,8.642413402668242e-27,8.642413402402916e-27,8.642412746782183e-27,8.64241280753144e-27,8.64241297706759e-27,8.642412977067592e-27,8.64241297449714e-27,8.642412974497141e-27,8.642412978609762e-27,8.642412978609762e-27,8.642412978609764e-27,8.642412978609764e-27,8.642413027618962e-27,8.642413029253447e-27,8.642413029940721e-27,8.64241302994072e-27,8.642412826548347e-27,8.642412826548348e-27,8.64241282654828e-27,8.64241276280805e-27,8.64241276198266e-27,8.642412746635397e-27,8.642412746427226e-27,8.642412725665673e-27,8.642412811200713e-27,8.642412811200591e-27,8.642412634387843e-27,8.642412635733857e-27,8.64241263644608e-27,8.642414240796401e-27,8.642414240128523e-27,8.64241382244829e-27,8.642413822448292e-27,8.642413823530408e-27,8.642414193027185e-27,8.642414206926522e-27,8.642414206926523e-27,8.64241421059558e-27,8.642414210595604e-27,8.642414210595598e-27,8.642414168719864e-27,8.642414166711244e-27,8.642414060860399e-27,8.642414094016193e-27,8.64241409401619e-27,8.642415871737267e-27,8.642415871737268e-27,8.642415871737213e-27,8.642415871738156e-27,8.642415870276705e-27,8.642415870278543e-27,8.642415869507901e-27,8.64242768789787e-27,8.642427687897869e-27,8.642427687935881e-27,8.642427687935879e-27,8.642427692083115e-27,8.642427692269312e-27,8.642427692329685e-27,8.642427688036162e-27,8.642427592734944e-27,8.64242760081707e-27,8.642427600817072e-27,8.642427580036645e-27,8.642427580083229e-27,8.642427581833603e-27,8.642427533186701e-27,8.642426602559182e-27,8.642426601585697e-27,8.642426601585696e-27,8.642426601940666e-27,8.642426631819376e-27,8.64242663181937e-27,8.642426903153497e-27,8.642426902566303e-27,8.642426902566303e-27,8.642426902482763e-27,8.64242577647141e-27,8.642425825279819e-27,8.64242582527982e-27,8.642425813419652e-27,8.642425813414488e-27,8.642425662873281e-27,8.642425662873281e-27,8.642425662873284e-27,8.642425662873286e-27,8.642425679703188e-27,8.64242567970319e-27,8.642425679703188e-27,8.642425679703085e-27,8.642425588790677e-27,8.642425588790676e-27,8.64242567431927e-27,8.642425674713246e-27,8.642426219363124e-27,8.64242656381247e-27,8.642426566182323e-27,8.642426577927593e-27,8.642426284789749e-27,8.642426284577092e-27,8.642426284577092e-27,8.642426284577094e-27,8.642426238323282e-27,8.642426235088922e-27,8.642426301658433e-27,8.642426316692156e-27,8.642427601156386e-27,8.642427702099403e-27,8.64242770357704e-27,8.642427702299728e-27,8.642427683454282e-27,8.64242769439494e-27,8.642424970421926e-27,8.642424970421924e-27,8.642424940299022e-27,8.642470059942181e-27,8.64247003940164e-27,8.642473030930637e-27,8.642473081521067e-27,8.64247339327741e-27,8.642473250095108e-27,8.642473250095107e-27,8.642473250095111e-27,8.642473267396267e-27,8.642473267396263e-27,8.642473267396249e-27,8.642473288952984e-27,8.642473290365308e-27,8.642473223220756e-27,8.642473306768677e-27,8.642473294680445e-27,8.642473294677247e-27,8.642473171258456e-27,8.642474640205315e-27,8.642474640288516e-27,8.642474688587965e-27,8.642474677759779e-27,8.642474677759755e-27,8.642475477085945e-27,8.642475477648429e-27,8.642475469670988e-27,8.642475089715815e-27,8.642475089715818e-27,8.642475075298608e-27,8.64247507865581e-27,8.64247507865579e-27,8.642475276053311e-27,8.642475276053311e-27,8.642475276053313e-27,8.642475267734115e-27,8.642475267734117e-27,8.642475263517087e-27,8.64247526351728e-27,8.642475263517242e-27,8.642475263517241e-27,8.642475264561082e-27,8.642475264455018e-27,8.642475105527359e-27,8.642475105543472e-27,8.642475105489365e-27,8.64247510548956e-27,8.64247506997337e-27,8.642477161223806e-27,8.642477161186286e-27,8.642477157727353e-27,8.64247715772731e-27,8.642477159830426e-27,8.642477154572227e-27,8.642477154572231e-27,8.642477156378269e-27,8.642476674319934e-27,8.642476673586793e-27,8.642476672302297e-27,8.642476672302871e-27,8.642476672285369e-27,8.642476672286173e-27,8.642476669582039e-27,8.642476521243263e-27,8.64247648798321e-27,8.642476488108105e-27,8.642476484745537e-27,8.642476477221314e-27,8.64247647755341e-27,8.642471034482496e-27,8.642471034482492e-27,8.642471004299154e-27,8.642470988173842e-27,8.642470993327372e-27,8.642470993327508e-27,8.642470993327507e-27,8.642470993327508e-27,8.642470993329655e-27,8.642471094893674e-27,8.642471107586536e-27,8.64247098863139e-27,8.642470988521015e-27,8.642470987013499e-27,8.642470980653492e-27,8.642470980604105e-27,8.64247098038702e-27,8.64247098038702e-27,8.64247098048074e-27,8.64247098048074e-27,8.64247098048074e-27,8.642470980489903e-27,8.6424709804899e-27,8.642470980489906e-27,8.642470860330603e-27,8.642470860330602e-27,8.642470888107657e-27,8.64247109116868e-27,8.642471091474502e-27,8.642471095493071e-27,8.642471095495737e-27,8.642471095492032e-27,8.642471086815331e-27,8.642471090780785e-27,8.642471080753002e-27,8.642471080752998e-27,8.642471080769089e-27,8.64247139408184e-27,8.64247138364385e-27,8.642472108908088e-27,8.642472108908084e-27,8.642472110797374e-27,8.642472110797376e-27,8.642472111409317e-27,8.642472111409321e-27,8.642472112471512e-27,8.642472112471512e-27,8.642472112471512e-27,8.642472090791379e-27,8.642472091840533e-27,8.642472091840535e-27,8.642472083070681e-27,8.642472088872909e-27,8.642472088872905e-27,8.64247206224183e-27,8.642472060617572e-27,8.642472060500729e-27,8.642472060500724e-27,8.642472060215462e-27,8.642472056539353e-27,8.642472056539317e-27,8.642472054873431e-27,8.642472059638583e-27,8.642471927038627e-27,8.642471923191726e-27,8.642471923127236e-27,8.642491409627723e-27,8.642491410310198e-27,8.64249139363392e-27,8.642491421741261e-27,8.642491421741265e-27,8.64249142214598e-27,8.64249189246822e-27,8.642491892468222e-27,8.642492719088489e-27,8.642492730093059e-27,8.642492728230551e-27,8.642492725538105e-27,8.642492725538087e-27,8.642492725538087e-27,8.64249272553809e-27,8.642492718906663e-27,8.64249276845133e-27,8.642492768451332e-27,8.642492879463473e-27,8.642492887879919e-27,8.64249287760294e-27,8.642492889657197e-27,8.642492889595673e-27,8.642492957159013e-27,8.642492992423817e-27,8.642497346548517e-27,8.64249123332176e-27,8.642491232100164e-27,8.642491232723169e-27,8.64249152504127e-27,8.642490780039138e-27,8.642490780039138e-27,8.642490780039133e-27,8.642495166936543e-27,8.642495065323275e-27,8.642495065323278e-27,8.642495063391384e-27,8.64249504167166e-27,8.642495004567514e-27,8.642495004593362e-27,8.642495004593363e-27,8.642495004593363e-27,8.642495004593367e-27,8.642495006105714e-27,8.642495006105681e-27,8.642494046152984e-27,8.642494046152987e-27,8.642499065934784e-27,8.642498934376845e-27,8.642499125344123e-27,8.64249912534421e-27,8.642499135772726e-27,8.642499133907575e-27,8.642499133907577e-27,8.642499001184433e-27,8.642493884092628e-27,8.642493901088892e-27,8.642492984106458e-27,8.642492983204903e-27,8.642493591105514e-27,8.642493591105433e-27,8.64249359110543e-27,8.642491864536836e-27,8.642491779562624e-27,8.642491781296418e-27,8.642491708535654e-27,8.642491708535672e-27,8.642490289899844e-27,8.642490289899844e-27,8.642490290374475e-27,8.642490290374427e-27,8.642477435317137e-27,8.642477435323406e-27,8.642477413763037e-27,8.64247735238292e-27,8.642477352382921e-27,8.642477169069068e-27,8.642477169069081e-27,8.64247701819201e-27,8.642475745686072e-27,8.642475957952407e-27,8.64247495975027e-27,8.64247495975027e-27,8.642474959750271e-27,8.642474986616836e-27,8.642475203961869e-27,8.642475965922517e-27,8.64247632219319e-27,8.642483461750555e-27,8.642480732150448e-27,8.642480732161405e-27,8.642480732159862e-27,8.642480767837635e-27,8.642480767837636e-27,8.64248076783764e-27,8.642481709858668e-27,8.642480676372491e-27,8.642480676372487e-27,8.642431423450883e-27,8.642431434600957e-27,8.642426568160498e-27,8.642426568160494e-27,8.642424739712139e-27,8.64242506994526e-27,8.64242506994569e-27,8.642418100939265e-27,8.642418105047556e-27,8.642418105112953e-27,8.642418131554991e-27,8.642418160969392e-27,8.642418154697487e-27,8.642415795786708e-27,8.642418956376045e-27,8.642418942696515e-27,8.64241894269651e-27,8.642420744276167e-27,8.64242074427612e-27,8.642420756198476e-27,8.642420773668027e-27,8.64241887174705e-27,8.642418894830343e-27,8.642418525658466e-27,8.642418525658478e-27,8.642419751988947e-27,8.6424199061617e-27,8.642419906161699e-27,8.642419906161699e-27,8.64241990144905e-27,8.642419901449055e-27,8.642419901449055e-27,8.642419740484325e-27,8.642419740484321e-27,8.642419813183462e-27,8.6424198131837e-27,8.642419813183702e-27,8.642419798010178e-27,8.642420063153602e-27,8.642420065781166e-27,8.642420050211782e-27,8.642421034036597e-27,8.642423552260115e-27,8.642424472362906e-27,8.64242428551537e-27,8.64242428551537e-27,8.642424285515219e-27,8.64242463910028e-27,8.642424639100278e-27,8.64242527801322e-27,8.642425312005698e-27,8.642425312005695e-27,8.642425312005698e-27,8.6424253120057e-27,8.642425312423607e-27,8.642425390778846e-27,8.642424944712646e-27,8.642425084800077e-27,8.64242509077276e-27,8.642424622165561e-27,8.642424622165634e-27,8.642424622164733e-27,8.642422335119434e-27,8.642422347921163e-27,8.642422347921165e-27,8.642422506074973e-27,8.64242147965008e-27,8.642420876750048e-27,8.642420846406772e-27,8.642420846406773e-27,8.642420827649871e-27,8.642421025685819e-27,8.642421033543967e-27,8.642421033543963e-27,8.642313297878484e-27,8.642313297878478e-27,8.642313299756032e-27,8.642313222525907e-27,8.64231322252598e-27,8.642311189096016e-27,8.642311236576853e-27,8.642311237959846e-27,8.642309790733498e-27,8.642309790733498e-27,8.642309790733496e-27,8.642309773220209e-27,8.642309777469367e-27,8.642309778567302e-27,8.642309777813647e-27,8.642309778145628e-27,8.642309771468563e-27,8.642309779464555e-27,8.642309784716723e-27,8.642309785531294e-27,8.642309782510768e-27,8.642312124985174e-27,8.642312124985174e-27,8.642312002821565e-27,8.642312002823369e-27,8.642312002823369e-27,8.642312036710412e-27,8.64231204484648e-27,8.64231205762696e-27,8.64231205762697e-27,8.642312057626972e-27,8.64231206023089e-27,8.642311909876527e-27,8.642311929526439e-27,8.642311898747025e-27,8.642311899049351e-27,8.642311907020993e-27,8.642311907532588e-27,8.642311567881643e-27,8.642311562998091e-27,8.642311615690499e-27,8.64231148240601e-27,8.642311445345085e-27,8.642311483031238e-27,8.642311483031307e-27,8.642311483033148e-27,8.64231148294298e-27,8.64231148052815e-27,8.642311476226064e-27,8.642311476226064e-27,8.642311476226064e-27,8.642311476102891e-27,8.642311316275575e-27,8.642311383381938e-27,8.642311389296444e-27,8.642315129132802e-27,8.642315129132798e-27,8.64231519683181e-27,8.642315189186531e-27,8.64231518918653e-27,8.642315432934193e-27,8.642315432934144e-27,8.642315419803876e-27,8.64231541980387e-27,8.642315246810005e-27,8.642315246860563e-27,8.642316630452033e-27,8.642316597509952e-27,8.642316595867194e-27,8.642316595867193e-27,8.642316614016642e-27,8.642313097539306e-27,8.642313097539305e-27,8.642313111732281e-27,8.642313109840017e-27,8.64231310970346e-27,8.642313157845165e-27,8.642313157845224e-27,8.642313113070422e-27,8.642313113070373e-27,8.642313107113389e-27,8.642313107352724e-27,8.642313107317033e-27,8.642313107317033e-27,8.642313107317037e-27,8.642313111112145e-27,8.642313117269333e-27,8.642313943945415e-27,8.642313931067136e-27,8.642313931067133e-27,8.642313901774157e-27,8.64231367896909e-27,8.642313734336177e-27,8.642313734336175e-27,8.642313729336693e-27,8.642313777768698e-27,8.642313777768703e-27,8.642313771916782e-27,8.642313766183349e-27,8.6423137661933e-27,8.64231305128087e-27,8.64231305148834e-27,8.642313067623371e-27,8.642313057982825e-27,8.642313058781115e-27,8.64231302793496e-27,8.642313027934955e-27,8.642313020141215e-27,8.642313020141214e-27,8.642312969462494e-27,8.642312982630696e-27,8.64231299756557e-27,8.642312998159835e-27,8.642313194984264e-27,8.642313195008713e-27,8.642312798119e-27,8.642312843506267e-27,8.642312831829382e-27,8.642312835810682e-27,8.642313244994194e-27,8.642313056035407e-27,8.642313117416435e-27,8.642313117416389e-27,8.642312737524935e-27,8.642312745535612e-27,8.642312745536467e-27,8.642312751467371e-27,8.642312743826216e-27,8.642312743826217e-27,8.642312742220364e-27,8.642312742220363e-27,8.642312742220366e-27,8.642312742220364e-27,8.642312676552607e-27,8.642312676530413e-27,8.642312675953932e-27,8.642312675956649e-27,8.642312686151805e-27,8.642312666336119e-27,8.642312566216919e-27,8.642312565134992e-27,8.642312565134952e-27,8.642312557488227e-27,8.64231224289571e-27,8.642312242895741e-27,8.642312159421532e-27,8.642312159419605e-27,8.642312163438351e-27,8.642312166453916e-27,8.642312176896817e-27,8.642312186542913e-27,8.642312188514979e-27,8.642312073041392e-27,8.642312156562043e-27,8.642312219237353e-27,8.642312426876803e-27,8.642312492419399e-27,8.6423124924194e-27,8.64231251201584e-27,8.642312512015836e-27,8.642312512015836e-27,8.642312513556643e-27,8.642312595265835e-27,8.642312595267019e-27,8.642312570753684e-27,8.642312575653027e-27,8.64231302261608e-27,8.64231302261608e-27,8.642312578538652e-27,8.642312578538651e-27,8.642312585549282e-27,8.642312585549285e-27,8.642312583265016e-27,8.642312583264187e-27,8.64231258326262e-27,8.642312580100861e-27,8.64231258010086e-27,8.642312580044723e-27,8.642312580044947e-27,8.642312580044947e-27,8.642312585825375e-27,8.642312585825373e-27,8.642312585063023e-27,8.642312660002302e-27,8.642312660002295e-27,8.642312666903979e-27,8.64231195642561e-27,8.642312080987263e-27,8.642312080987262e-27,8.642312080987262e-27,8.642312079023804e-27,8.64231265391312e-27,8.642312653913122e-27,8.642312883777238e-27,8.642312883777236e-27,8.642312648561972e-27,8.642312646308562e-27,8.642312657360815e-27,8.642312657360815e-27,8.64231258195981e-27,8.642312661156394e-27,8.64231266049964e-27,8.642312668250234e-27,8.642312668253275e-27,8.642312648176801e-27,8.642312418847824e-27,8.64231244688362e-27,8.64231244701958e-27,8.642312442451935e-27,8.642312411743841e-27,8.64231240848019e-27,8.642312408480239e-27,8.642312363054301e-27,8.642312363047265e-27,8.642312356341015e-27,8.642312354882955e-27,8.642312354883138e-27,8.642313487239455e-27,8.642313551556902e-27,8.642313551556902e-27,8.642313638585219e-27,8.642313544237643e-27,8.6423135453194e-27,8.642307588149989e-27,8.642307589447679e-27,8.642307589445844e-27,8.642307589469213e-27,8.642307640612312e-27,8.642307629629474e-27,8.642307634504627e-27,8.642307192619092e-27,8.64230719704761e-27,8.642307189808156e-27,8.642307189814888e-27,8.64230718981486e-27,8.642307312066738e-27,8.64230731217112e-27,8.642307312171122e-27,8.64230731217112e-27,8.642298216563461e-27,8.642298270996082e-27,8.642298028932983e-27,8.642298028932984e-27,8.642299692825037e-27,8.642328028185975e-27,8.642329792886786e-27,8.642329791872526e-27,8.64233231184563e-27,8.642326238230824e-27,8.642327832402663e-27,8.642327989592201e-27,8.64232800293447e-27,8.642328004528246e-27,8.642328004528244e-27,8.642327986541685e-27,8.642327985583805e-27,8.642328001602162e-27,8.642328001602141e-27,8.64232800160214e-27,8.642328001595709e-27,8.642328001619861e-27,8.642328002810348e-27,8.642328002810352e-27,8.642328312603952e-27,8.64232803665492e-27,8.642328036654924e-27,8.64232803665493e-27,8.642328288696486e-27,8.64232828822477e-27,8.642328261655821e-27,8.64232826165582e-27,8.642328261655817e-27,8.642328299371151e-27,8.64232712410294e-27,8.642327124102943e-27,8.642327124102591e-27,8.64232763535707e-27,8.642327635357073e-27,8.64232720696338e-27,8.642327206963379e-27,8.642326979158975e-27,8.642326979153988e-27,8.642326979153843e-27,8.642326979044025e-27,8.642326979044028e-27,8.642326125893892e-27,8.642326027207473e-27,8.642326027207472e-27,8.642326027207472e-27,8.642326356651962e-27,8.642326682592167e-27,8.642326682592166e-27,8.642326679628293e-27,8.642326593753271e-27,8.642325053282849e-27,8.642325053282665e-27,8.642325064824276e-27,8.642326127160982e-27,8.642318336782972e-27,8.642318302868961e-27,8.642318173441877e-27,8.642317981321643e-27,8.642317991411124e-27,8.642317990215727e-27,8.642315905717807e-27,8.642316032095853e-27,8.64231608636504e-27,8.642317226014877e-27,8.642342594676454e-27,8.642342594676455e-27,8.642327801512433e-27,8.642327796482474e-27,8.642327796482477e-27,8.642327796482025e-27,8.642327796482025e-27,8.642327796482023e-27,8.642327541024207e-27,8.642351841650114e-27,8.642351839965145e-27,8.642351839965174e-27,8.642351838730882e-27,8.642352303671666e-27,8.642352304489244e-27,8.64235230430369e-27,8.642345027453612e-27,8.642344659440685e-27,8.642344406208651e-27,8.642343831584948e-27,8.642343831584982e-27,8.64234383301034e-27,8.642343833009843e-27,8.642343827760869e-27,8.642269157035029e-27,8.642269157432251e-27,8.642269118747203e-27,8.642268504173311e-27,8.6422686275064e-27,8.642268627617157e-27,8.642268627612333e-27,8.642268628682163e-27,8.642268647165741e-27,8.642268647165743e-27,8.64226864716575e-27,8.642270638642265e-27,8.642270867523894e-27,8.642270867523938e-27,8.642270867524142e-27,8.642270869292003e-27,8.642270869292001e-27,8.642270869292182e-27,8.642270869295304e-27,8.64227142372125e-27,8.64227142372125e-27,8.642272515565751e-27,8.642272515565757e-27,8.64227000681351e-27,8.642269969967217e-27,8.642269969967191e-27,8.642270213471602e-27,8.642270289765205e-27,8.642270326245135e-27,8.642270324771998e-27,8.642270256967439e-27,8.642270230827405e-27,8.642270230827387e-27,8.642270105365816e-27,8.642270105365819e-27,8.642270105365818e-27,8.642270185326808e-27,8.642270829467871e-27,8.642270962263174e-27,8.642266625792572e-27,8.64226689936209e-27,8.642268579126926e-27,8.642268830545198e-27,8.642268831415528e-27,8.642268831418893e-27,8.642268831418896e-27,8.642268831418776e-27,8.642269693936334e-27,8.6422696984508e-27,8.642269537753014e-27,8.64226953775302e-27,8.642270070844895e-27,8.642270070844932e-27,8.642270070857221e-27,8.642270070857221e-27,8.642270070857221e-27,8.642270117539513e-27,8.642270119589812e-27,8.642273891828024e-27,8.642273894622799e-27,8.642272885842805e-27,8.642272710031333e-27,8.642273042913154e-27,8.64227311680534e-27,8.642273117850062e-27,8.642273117850064e-27,8.642273117850062e-27,8.642273117850065e-27,8.642273117850065e-27,8.64227311785005e-27,8.642273117850048e-27,8.642273117919774e-27,8.642273117919774e-27,8.642273127423329e-27,8.642273127423174e-27,8.64227312742098e-27,8.642273127420987e-27,8.642273116609441e-27,8.642273116609441e-27,8.64227311660944e-27,8.642274969694609e-27,8.642276269931882e-27,8.642276269931883e-27,8.64227630092785e-27,8.642276300927369e-27,8.642276572838719e-27,8.642276572838716e-27,8.642276576328211e-27,8.642276764097609e-27,8.642276780693433e-27,8.642276780693377e-27,8.642276780712021e-27,8.64227677518983e-27,8.642276906033259e-27,8.642277802572763e-27,8.642277802572763e-27,8.642277802580088e-27,8.642277915543861e-27,8.642277913065604e-27,8.642277912974894e-27,8.642277978211075e-27,8.64227801715195e-27,8.642278025160895e-27,8.642277956092343e-27,8.642277956092385e-27,8.642277944515759e-27,8.642277939880982e-27,8.642275738411342e-27,8.642275738411343e-27,8.642275738411343e-27,8.642275748877717e-27,8.642275631708873e-27,8.642275641131608e-27,8.64227564113161e-27,8.642272751504956e-27,8.642274710080323e-27,8.642274665316667e-27,8.64227466531683e-27,8.642169118310949e-27,8.642169118310946e-27,8.642169145319418e-27,8.642169013720177e-27,8.642171107818547e-27,8.642171107818562e-27,8.642171107531393e-27,8.642163299542216e-27,8.642163299542219e-27,8.642163299605365e-27,8.642163299605363e-27,8.642163344934767e-27,8.642163344934322e-27,8.64216301417933e-27,8.6421629140479e-27,8.642162914047897e-27,8.642162920494934e-27,8.642162920494937e-27,8.642162934776946e-27,8.642162934751076e-27,8.642163136543218e-27,8.642163136543219e-27,8.642163136613044e-27,8.642163121381225e-27,8.642163172492405e-27,8.642161591691565e-27,8.64216159216863e-27,8.642161611849337e-27,8.642161611923843e-27,8.642161611923731e-27,8.642161613516714e-27,8.642161613546796e-27,8.642161268423562e-27,8.642161268423562e-27,8.642161268423563e-27,8.642161659682257e-27,8.64216177432348e-27,8.642161780891541e-27,8.642161780891541e-27,8.642161520185125e-27,8.642161526890008e-27,8.642161629552935e-27,8.642161774380789e-27,8.642161774380792e-27,8.642161774303628e-27,8.642160920739588e-27,8.642155071797828e-27,8.642155071838178e-27,8.642156439451279e-27,8.642156439451279e-27,8.642156357511722e-27,8.642156301294388e-27,8.642156301294386e-27,8.642156393325676e-27,8.642156398291574e-27,8.642156455085101e-27,8.642156191448431e-27,8.642156023745846e-27,8.642156023745851e-27,8.642155858957621e-27,8.642155858908802e-27,8.642155843340893e-27,8.642155843340892e-27,8.642171425156429e-27,8.642171436479551e-27,8.642171433955276e-27,8.642171433955278e-27,8.642172633880588e-27,8.642172633880838e-27,8.64217263388084e-27,8.642172705545871e-27,8.6421727438455e-27,8.642172745122681e-27,8.64217274454848e-27,8.642172414125108e-27,8.642172416252672e-27,8.642171294835009e-27,8.642171294835009e-27,8.642171325892901e-27,8.642171308842085e-27,8.642170027892642e-27,8.642169645845811e-27,8.642170936371652e-27,8.642170936371652e-27,8.642176764052282e-27,8.642176763285586e-27,8.642176761328939e-27,8.642176615836495e-27,8.642176647375341e-27,8.64217712925903e-27,8.642177118969756e-27,8.642177118969762e-27,8.642179165454059e-27,8.642179136999041e-27,8.642179136803973e-27,8.642179136803974e-27,8.642179125133047e-27,8.642179104924626e-27,8.642179097433345e-27,8.642179097433348e-27,8.642179095848741e-27,8.642179112460727e-27,8.642179134631621e-27,8.642179032150884e-27,8.642179032150886e-27,8.642179016208359e-27,8.642179016208347e-27,8.642179030858746e-27,8.64217481519652e-27,8.642174824598737e-27,8.642175431612613e-27,8.642175431612415e-27,8.642175463108627e-27,8.642175316083053e-27,8.642173229761974e-27,8.642172867565608e-27,8.642172945400381e-27,8.642173427607647e-27,8.642181360731561e-27,8.642181356198937e-27,8.642181352731667e-27,8.64218833921273e-27,8.642188339212731e-27,8.642188339212731e-27,8.642188593024728e-27,8.642188593024739e-27,8.64218859302474e-27,8.64218861039476e-27,8.642188610394756e-27,8.642188523577342e-27,8.642189014939484e-27,8.642189081285619e-27,8.642189081285615e-27,8.642189080967959e-27,8.642189080967967e-27,8.642189080967967e-27,8.642189082823396e-27,8.642189226600647e-27,8.642189140975124e-27,8.642189147441595e-27,8.642190365704044e-27,8.642190318447487e-27,8.642190318447395e-27,8.642190333903814e-27,8.642190353538783e-27,8.642190234219064e-27,8.642190234219064e-27,8.642190309746013e-27,8.642190608906723e-27,8.642190536310846e-27,8.642190536310845e-27,8.642190536310846e-27,8.642190309204049e-27,8.642190979466716e-27,8.642188584612764e-27,8.642188521556224e-27,8.642188521556224e-27,8.642188521557007e-27,8.642188353075411e-27,8.64218835307542e-27,8.642188205575878e-27,8.642188996847927e-27,8.642189007707192e-27,8.64218895953922e-27,8.642188959551383e-27,8.642188959551383e-27,8.64218894654479e-27,8.642188946245022e-27,8.642188946677507e-27,8.642189309893401e-27,8.642189321325603e-27,8.642189321405179e-27,8.642189195939457e-27,8.642189227743366e-27,8.642188752890384e-27,8.642188730808734e-27,8.642188742734588e-27,8.642189807644625e-27,8.642189807268136e-27,8.642189807268134e-27,8.642189809546028e-27,8.64218980955477e-27,8.642187296498653e-27,8.642187296498647e-27,8.642187281559766e-27,8.642187251328466e-27,8.642187278722409e-27,8.64218733882796e-27,8.642187339725773e-27,8.642188124385696e-27,8.642188124385693e-27,8.642189303557122e-27,8.642189228184057e-27,8.64219475577962e-27,8.642194811555261e-27,8.642195243736756e-27,8.642195243736521e-27,8.642195262810029e-27,8.642195320069782e-27,8.642195320069782e-27,8.642195319983698e-27,8.642195319556894e-27,8.642195203938558e-27,8.642195203938558e-27,8.642195203938557e-27,8.642194190055964e-27,8.642194212765376e-27,8.642194229440447e-27,8.64219677298359e-27,8.64219686147846e-27,8.642196861478406e-27,8.642197247024077e-27,8.642197021267777e-27,8.64219702126841e-27,8.642238858287405e-27,8.642238915717283e-27,8.64223891571748e-27,8.64223891995444e-27,8.64223891995434e-27,8.642238922308473e-27,8.642238922308476e-27,8.642239108995887e-27,8.642239209540961e-27,8.642238467739431e-27,8.642238464845543e-27,8.642238475549424e-27,8.64223833674042e-27,8.642238335620105e-27,8.642238521689792e-27,8.64223852168979e-27,8.642238510345268e-27,8.642244751755153e-27,8.642244751755134e-27,8.642244764154714e-27,8.642243986928613e-27,8.64224398692861e-27,8.642244630374439e-27,8.642244724622108e-27,8.642244724622106e-27,8.642244724621678e-27,8.642244724621657e-27,8.642244675831273e-27,8.642244719642404e-27,8.642244719642402e-27,8.642244719642418e-27,8.64224475165045e-27,8.642244751650448e-27,8.642244751824947e-27,8.642244018145935e-27,8.642244018145927e-27,8.642244018145926e-27,8.64224401814591e-27,8.642243999532626e-27,8.642244093328e-27,8.642244086880532e-27,8.642244086879648e-27,8.6422439687995e-27,8.642244289178175e-27,8.642244289178175e-27,8.642244289407339e-27,8.642244289407339e-27,8.642244289407337e-27,8.642244215474089e-27,8.642244201461788e-27,8.642244199818321e-27,8.642244232180293e-27,8.64224423218029e-27,8.64224450578124e-27,8.642244505504399e-27,8.642244505504402e-27,8.642244505504403e-27,8.642245760758558e-27,8.642245937822588e-27,8.642240228788698e-27,8.642240223447382e-27,8.642240003149196e-27,8.642240003149242e-27,8.642240008079606e-27,8.642238242695789e-27,8.642238244665184e-27,8.642238295402486e-27,8.642238295402489e-27,8.642238284513864e-27,8.642238284513865e-27,8.642144301877016e-27,8.64217836379615e-27,8.642178363796147e-27,8.642178363795411e-27,8.64217836380441e-27,8.642178366223343e-27,8.642178366223345e-27,8.642178366223345e-27,8.642178366223514e-27,8.642400426015336e-27,8.642400436439603e-27,8.642401085539159e-27,8.64240108553916e-27,8.642401085074345e-27,8.642401085074355e-27,8.642401085041547e-27,8.642401085206957e-27,8.642401072758211e-27,8.642401084071647e-27,8.64240135810312e-27,8.642401407983437e-27,8.64240135380214e-27,8.642401353802141e-27,8.642401353802325e-27,8.642401353802324e-27,8.642401353882674e-27,8.642401468570666e-27,8.642401468570666e-27,8.642401455850504e-27,8.642401459740693e-27,8.642401459740694e-27,8.64240070706194e-27,8.64240051184083e-27,8.642400538465453e-27,8.642400541311667e-27,8.642400541311669e-27,8.64240054131167e-27,8.64240114879294e-27,8.642401148786054e-27,8.642401148786053e-27,8.642401149909263e-27,8.64240114990926e-27,8.642401149909261e-27,8.642401149909258e-27,8.64240114990926e-27,8.642401149908299e-27,8.64240114990831e-27,8.642401022125254e-27,8.642401013919043e-27,8.642401014264015e-27,8.642400991152476e-27,8.642400984793143e-27,8.642400984793146e-27,8.642400987269216e-27,8.642400987269215e-27,8.642401009411957e-27,8.642401009412914e-27,8.642401010078238e-27,8.642401010078233e-27,8.642401119859786e-27,8.642401117499994e-27,8.642401118252256e-27,8.64240100281317e-27,8.642401002819319e-27,8.64240100286608e-27,8.642401002866079e-27,8.642401002866052e-27,8.642401002866052e-27,8.64240099095119e-27,8.642401009913383e-27,8.64240100991346e-27,8.642401009143939e-27,8.64240100914394e-27,8.642402337333641e-27,8.642402378482481e-27,8.64240239355419e-27,8.642402393526375e-27,8.642402393526444e-27,8.64240239352645e-27,8.642402167889144e-27,8.642402875823488e-27,8.642402875823488e-27,8.642404441564902e-27,8.642404437688166e-27,8.642404437694261e-27,8.642404437694962e-27,8.642404437694601e-27,8.642404437693933e-27,8.64240441942044e-27,8.642404419420741e-27,8.642404419420741e-27,8.642404419419157e-27,8.642403561277733e-27,8.642404175965508e-27,8.642404175965663e-27,8.642404175965661e-27,8.642404497324988e-27,8.64240450275316e-27,8.642404278059062e-27,8.642404332879392e-27,8.642404330290839e-27,8.642404330485262e-27,8.642404971935868e-27,8.64240497193587e-27,8.64240497193587e-27,8.642405290070565e-27,8.642403876875163e-27,8.642404407819324e-27,8.642404387249599e-27,8.642404476122453e-27,8.642404476185306e-27,8.642404462674152e-27,8.64240446267982e-27,8.642404453432931e-27,8.642404453432931e-27,8.642404455335928e-27,8.642404728747953e-27,8.642404728747951e-27,8.642404661193403e-27,8.64240466122322e-27,8.642404661966897e-27,8.642404657883366e-27,8.642404662184774e-27,8.642400378404922e-27,8.642400378408742e-27,8.642400378408737e-27,8.642400676797424e-27,8.642401324419987e-27,8.642401324419989e-27,8.64240193526133e-27,8.642401935261336e-27,8.642401946277236e-27,8.642401938647654e-27,8.642401938647655e-27,8.642401938647654e-27,8.642401806739162e-27,8.642401848951276e-27,8.642400699149795e-27,8.642400816369749e-27,8.642400816369363e-27,8.642401090855543e-27,8.642403152056784e-27,8.642399034984922e-27,8.642399034984952e-27,8.64239902580519e-27,8.642399024763686e-27,8.642397538469751e-27,8.642397538490418e-27,8.642397538490415e-27,8.642397537826056e-27,8.642397537826056e-27,8.642397537836617e-27,8.6423975380577e-27,8.642401312028786e-27,8.642401310508389e-27,8.642401310508266e-27,8.642401309619553e-27,8.642401919212663e-27,8.642401919212664e-27,8.642406767921813e-27,8.642406755749903e-27,8.642406755749905e-27,8.642406235936128e-27,8.642409073086288e-27,8.642409073086364e-27,8.64240852377551e-27,8.642408339463337e-27,8.642408339463337e-27,8.642408339463339e-27,8.642408325139234e-27,8.642408325139234e-27,8.642407858168652e-27,8.64240786119296e-27,8.642407862086549e-27,8.642412792193966e-27,8.64241279219396e-27,8.642413777318422e-27,8.642413777318426e-27,8.642413793584174e-27,8.642413793584258e-27,8.642414530006403e-27,8.642416220166603e-27,8.642416585309331e-27,8.642414976382384e-27,8.642414888586805e-27,8.642414888586803e-27,8.6424148885868e-27,8.642414888586798e-27,8.642411624755488e-27,8.642412424888377e-27,8.642412424881076e-27,8.642412424881076e-27,8.642412424880165e-27,8.642412424880389e-27,8.642412238182134e-27,8.642412238182136e-27,8.642412238182133e-27,8.642411940978074e-27,8.64241194097813e-27,8.642411956293304e-27,8.642411956293614e-27,8.642412181467762e-27,8.64241218146776e-27,8.642412461742566e-27,8.642412465796875e-27,8.642412465796965e-27,8.64241246579703e-27,8.642412479544867e-27,8.642412420243259e-27,8.642412420243259e-27,8.64241165173502e-27,8.642411655810907e-27,8.642411209531347e-27,8.642411210296539e-27,8.641956124194404e-27,8.641956124194406e-27,8.641956124194403e-27,8.642004450940426e-27,8.642004491341526e-27,8.64200449134095e-27,8.642004494939233e-27,8.642004494939231e-27,8.642004494939247e-27,8.642004494941133e-27,8.642004506554533e-27,8.642004603497089e-27,8.642004912058097e-27,8.642004439640961e-27,8.642004439628705e-27,8.642004444300509e-27,8.642004444300512e-27,8.642002295726473e-27,8.642002295726621e-27,8.642002676657715e-27,8.642002676657715e-27,8.642002655231572e-27,8.642002655231571e-27,8.642002655995662e-27,8.642001533111442e-27,8.642003367531855e-27,8.642002887252846e-27,8.64200288725291e-27,8.642001077171639e-27,8.642000053579679e-27,8.641991577486277e-27,8.641991477772349e-27,8.64199147777234e-27,8.64199147777234e-27,8.641990482482981e-27,8.641990482482984e-27,8.641990482482984e-27,8.641990482482984e-27,8.64204733875515e-27,8.642047317644233e-27,8.64204892103776e-27,8.642048921037935e-27,8.642048894583307e-27,8.64204961098134e-27,8.642049463558603e-27,8.642049463558607e-27,8.642049463558603e-27,8.642049463558725e-27,8.642048815575538e-27,8.64204881557507e-27,8.642048675966884e-27,8.642048676248734e-27,8.642048668789078e-27,8.642048670854835e-27,8.642048712555845e-27,8.64204871197735e-27,8.641860628137665e-27,8.64186058553233e-27,8.641860585532332e-27,8.641871815854865e-27,8.641871815906297e-27,8.6418718312266e-27,8.641871816282666e-27,8.641871816283316e-27,8.641871816283952e-27,8.641871816283948e-27,8.641871816284002e-27,8.641871816284004e-27,8.641871821629995e-27,8.641871822672336e-27,8.641871822804398e-27,8.641871832632206e-27,8.64187183112144e-27,8.64187183112161e-27,8.641871831121614e-27,8.641871831124736e-27,8.641871999726697e-27,8.64187245028878e-27,8.641872450288793e-27,8.641872393319259e-27,8.641872393969335e-27,8.641872400213808e-27,8.641872400213807e-27,8.641872397525595e-27,8.641872361981179e-27,8.641872362172626e-27,8.641872362172624e-27,8.641872362172623e-27,8.64187236284956e-27,8.641872385429058e-27,8.641872383510991e-27,8.641872434539901e-27,8.641872434539747e-27,8.6418724405996e-27,8.641872440597783e-27,8.641872424450031e-27,8.64187242879856e-27,8.641872428798557e-27,8.641872428408356e-27,8.641872428712929e-27,8.641872428712931e-27,8.641872426776606e-27,8.641872426776501e-27,8.641872426776502e-27,8.641872426776498e-27,8.641872475430439e-27,8.641872493185673e-27,8.641872517318691e-27,8.641872517652391e-27,8.641872517652392e-27,8.641872517652356e-27,8.641872517701727e-27,8.641872518208087e-27,8.641872518429599e-27,8.641872520490472e-27,8.641872513976424e-27,8.641872129405713e-27,8.64187212940939e-27,8.64187212940948e-27,8.641872353167207e-27,8.6418725584365e-27,8.641872588599451e-27,8.641872675972335e-27,8.641872676353609e-27,8.641872527537142e-27,8.641872426039237e-27,8.641872426039227e-27,8.641872510058848e-27,8.641872510058852e-27,8.641872420801058e-27,8.641873453865558e-27,8.6418734253411e-27,8.641873425341109e-27,8.641873504693064e-27,8.641873507400771e-27,8.641873475434238e-27,8.641873476112132e-27,8.641873476112132e-27,8.641873476112163e-27,8.641873476112162e-27,8.641878954827937e-27,8.641878954827938e-27,8.641878954827931e-27,8.641878954989161e-27,8.641879398249856e-27,8.641881685308756e-27,8.641881896232252e-27,8.64188376613081e-27,8.641883886607007e-27,8.641883808701696e-27,8.641883808749952e-27,8.641884026914863e-27,8.641884026918093e-27,8.641884000049062e-27,8.641883334268934e-27,8.641883334268931e-27,8.641883336377501e-27,8.64188333637804e-27,8.641863438657463e-27,8.641863438997141e-27,8.641863428527242e-27,8.64186342852643e-27,8.641854356263511e-27,8.641853893051307e-27,8.641853893050819e-27,8.641853891955104e-27,8.641853890555895e-27,8.641853884069196e-27,8.641853884069208e-27,8.641854221458215e-27,8.641854220058196e-27,8.641854210081866e-27,8.641854210081868e-27,8.641854213904748e-27,8.641854213904753e-27,8.641854163950764e-27,8.64185416439105e-27,8.641854164391052e-27,8.641854164391052e-27,8.641854164318029e-27,8.64185413481935e-27,8.64185413482128e-27,8.641854561133688e-27,8.641854561106303e-27,8.641854474810742e-27,8.641854481677483e-27,8.641854494889197e-27,8.641854494889197e-27,8.641854494889196e-27,8.641854502832571e-27,8.641854502832558e-27,8.64185421962915e-27,8.641854221045785e-27,8.641854221212674e-27,8.641854221212674e-27,8.641854222513676e-27,8.64185422251319e-27,8.641854180934313e-27,8.641854159658897e-27,8.641854187444808e-27,8.641854187444808e-27,8.641854078198088e-27,8.641854078198086e-27,8.641854093848556e-27,8.64185398771177e-27,8.641853987711766e-27,8.641853987943536e-27,8.641857570451278e-27,8.641857570451278e-27,8.641857529414671e-27,8.641857438790512e-27,8.641857438731449e-27,8.641857492375029e-27,8.641857492370466e-27,8.641857492370465e-27
3,0.0662633991614029,0.0662633991614029,0.0662633991614029,0.0662633991614029,0.0662633991614029,0.0662633991614029,0.0662633991614029,0.0662633991614029,0.0662633991614029,0.0662633991614029,0.0662633991614029,0.0662633991614029,0.0662633991614029,0.0662633991614029,0.0662633991614029,0.0662633991614029,0.0662633991614029,0.0662633991614029,0.0662633991614029,0.0662633991614029,0.06626339916140292,0.06626339916140292,0.06626339916140292,0.06626339916140293,0.06626339916140293,0.06626339916140293,0.06626339916140295,0.06626339916140295,0.06626339916140295,0.06626339916140293,0.06626339916140295,0.06626339916140295,0.06626339916140293,0.06626339916140295,0.06626339916140295,0.06626339916140295,0.06626339916140293,0.06626339916140295,0.06626339916140295,0.06626339916140295,0.06626339916140295,0.06626339916140295,0.06626339916140293,0.06626339916140295,0.06626339916140295,0.06626339916140295,0.06626339916140295,0.06626339916140293,0.06626339916140295,0.06626339916140295,0.06626339916140293,0.06626339916140293,0.06626339916140295,0.06626339916140295,0.06626339916140293,0.06626339916140293,0.06626339916140293,0.06626339916140295,0.06626339916140295,0.06626339916140295,0.06626339916140293,0.06626339916140295,0.06626339916140295,0.06626339916140293,0.06626339916140295,0.06626339916140293,0.06626339916140293,0.06626339916140293,0.06626339916140293,0.06626339916140295,0.06626339916140293,0.06626339916140293,0.06626339916140293,0.06626339916140293,0.06626339916140295,0.06626339916140293,0.06626339916140293,0.06626339916140293,0.06626339916140295,0.06626339916140295,0.06626339916140295,0.06626339916140295,0.06626339916140295,0.06626339916140293,0.06626339916140293,0.06626339916140293,0.06626339916140293,0.06626339916140293,0.06626339916140293,0.06626339916140293,0.06626339916140293,0.06626339916140293,0.06626339916140293,0.06626339916140295,0.06626339916140293,0.06626339916140293,0.06626339916140295,0.06626339916140293,0.06626339916140293,0.06626339916140295,0.06626339916140293,0.06626339916140295,0.06626339916140295,0.06626339916140295,0.06626339916140295,0.06626339916140295,0.06626339916140295,0.06626339916140295,0.06626339916140293,0.06626339916140295,0.06626339916140293,0.06626339916140293,0.06626339916140295,0.06626339916140295,0.06626339916140293,0.06626339916140295,0.06626339916140295,0.06626339916140293,0.06626339916140295,0.06626339916140295,0.06626339916140293,0.06626339916140293,0.06626339916140295,0.06626339916140295,0.06626339916140295,0.06626339916140295,0.06626339916140293,0.06626339916140293,0.06626339916140295,0.06626339916140293,0.06626339916140295,0.06626339916140295,0.06626339916140295,0.06626339916140293,0.06626339916140293,0.06626339916140295,0.06626339916140295,0.06626339916140293,0.06626339916140293,0.06626339916140293,0.06626339916140293,0.06626339916140293,0.06626339916140293,0.06626339916140293,0.06626339916140295,0.06626339916140293,0.06626339916140293,0.06626339916140293,0.06626339916140293,0.06626339916140293,0.06626339916140293,0.06626339916140293,0.06626339916140295,0.06626339916140293,0.06626339916140293,0.06626339916140293,0.06626339916140295,0.06626339916140293,0.06626339916140293,0.06626339916140293,0.06626339916140293,0.06626339916140293,0.06626339916140295,0.06626339916140295,0.06626339916140295,0.06626339916140295,0.06626339916140295,0.06626339916140293,0.06626339916140293,0.06626339916140293,0.06626339916140293,0.06626339916140293,0.06626339916140293,0.06626339916140293,0.06626339916140295,0.06626339916140295,0.06626339916140293,0.06626339916140293,0.06626339916140295,0.06626339916140295,0.06626339916140295,0.06626339916140295,0.06626339916140293,0.06626339916140293,0.06626339916140293,0.06626339916140295,0.06626339916140293,0.06626339916140293,0.06626339916140295,0.06626339916140293,0.06626339916140293,0.06626339916140293,0.06626339916140293,0.06626339916140295,0.06626339916140293,0.06626339916140293,0.06626339916140295,0.06626339916140293,0.06626339916140293,0.06626339916140293,0.06626339916140293,0.06626339916140293,0.06626339916140293,0.06626339916140293,0.06626339916140293,0.06626339916140293,0.06626339916140295,0.06626339916140295,0.06626339916140293,0.06626339916140293,0.06626339916140293,0.06626339916140293,0.06626339916140293,0.06626339916140293,0.06626339916140295,0.06626339916140293,0.06626339916140293,0.06626339916140293,0.06626339916140295,0.06626339916140293,0.06626339916140295,0.06626339916140293,0.06626339916140293,0.06626339916140293,0.06626339916140295,0.06626339916140293,0.06626339916140295,0.06626339916140293,0.06626339916140295,0.06626339916140293,0.06626339916140293,0.06626339916140293,0.06626339916140295,0.06626339916140293,0.06626339916140295,0.06626339916140293,0.06626339916140295,0.06626339916140293,0.06626339916140295,0.06626339916140295,0.06626339916140295,0.06626339916140293,0.06626339916140293,0.06626339916140293,0.06626339916140295,0.06626339916140293,0.06626339916140293,0.06626339916140293,0.06626339916140293,0.06626339916140293,0.06626339916140293,0.06626339916140293,0.06626339916140295,0.06626339916140293,0.06626339916140295,0.06626339916140295,0.06626339916140293,0.06626339916140293,0.06626339916140293,0.06626339916140295,0.06626339916140293,0.06626339916140293,0.06626339916140293,0.06626339916140293,0.06626339916140293,0.06626339916140293,0.06626339916140293,0.06626339916140293,0.06626339916140293,0.06626339916140293,0.06626339916140293,0.06626339916140295,0.06626339916140293,0.06626339916140293,0.06626339916140293,0.06626339916140293,0.06626339916140293,0.06626339916140293,0.06626339916140295,0.06626339916140293,0.06626339916140293,0.06626339916140293,0.06626339916140293,0.06626339916140295,0.06626339916140293,0.06626339916140293,0.06626339916140293,0.06626339916140295,0.06626339916140293,0.06626339916140293,0.06626339916140293,0.06626339916140293,0.06626339916140293,0.06626339916140295,0.06626339916140293,0.06626339916140293,0.06626339916140295,0.06626339916140295,0.06626339916140293,0.06626339916140293,0.06626339916140295,0.06626339916140295,0.06626339916140293,0.06626339916140295,0.06626339916140293,0.06626339916140293,0.06626339916140295,0.06626339916140295,0.06626339916140293,0.06626339916140293,0.06626339916140293,0.06626339916140295,0.06626339916140293,0.06626339916140293,0.06626339916140293,0.06626339916140295,0.06626339916140293,0.06626339916140293,0.06626339916140295,0.06626339916140295,0.06626339916140293,0.06626339916140293,0.06626339916140293,0.06626339916140295,0.06626339916140293,0.06626339916140293,0.06626339916140293,0.06626339916140293,0.06626339916140293,0.06626339916140293,0.06626339916140293,0.06626339916140293,0.06626339916140295,0.06626339916140293,0.06626339916140293,0.06626339916140293,0.06626339916140293,0.06626339916140293,0.06626339916140293,0.06626339916140293,0.06626339916140293,0.06626339916140293,0.06626339916140293,0.06626339916140293,0.06626339916140295,0.06626339916140293,0.06626339916140293,0.06626339916140293,0.06626339916140293,0.06626339916140293,0.06626339916140293,0.06626339916140293,0.06626339916140295,0.06626339916140295,0.06626339916140293,0.06626339916140293,0.06626339916140293,0.06626339916140293,0.06626339916140293,0.06626339916140293,0.06626339916140293,0.06626339916140293,0.06626339916140295,0.06626339916140293,0.06626339916140293,0.06626339916140293,0.06626339916140293,0.06626339916140295,0.06626339916140295,0.06626339916140293,0.06626339916140293,0.06626339916140293,0.06626339916140293,0.06626339916140293,0.06626339916140293,0.06626339916140293,0.06626339916140295,0.06626339916140295,0.06626339916140293,0.06626339916140293,0.06626339916140293,0.06626339916140295,0.06626339916140293,0.06626339916140293,0.06626339916140295,0.06626339916140293,0.06626339916140293,0.06626339916140293,0.06626339916140293,0.06626339916140295,0.06626339916140293,0.06626339916140295,0.06626339916140295,0.06626339916140295,0.06626339916140293,0.06626339916140293,0.06626339916140295,0.06626339916140293,0.06626339916140295,0.06626339916140295,0.06626339916140293,0.06626339916140295,0.06626339916140293,0.06626339916140293,0.06626339916140295,0.06626339916140293,0.06626339916140293,0.06626339916140293,0.06626339916140293,0.06626339916140295,0.06626339916140293,0.06626339916140293,0.06626339916140293,0.06626339916140293,0.06626339916140293,0.06626339916140295,0.06626339916140293,0.06626339916140293,0.06626339916140293,0.06626339916140293,0.06626339916140293,0.06626339916140295,0.06626339916140293,0.06626339916140293,0.06626339916140295,0.06626339916140293,0.06626339916140295,0.06626339916140295,0.06626339916140293,0.06626339916140295,0.06626339916140295,0.06626339916140293,0.06626339916140295,0.06626339916140295,0.06626339916140293,0.06626339916140293,0.06626339916140293,0.06626339916140293,0.06626339916140293,0.06626339916140293,0.06626339916140295,0.06626339916140293,0.06626339916140295,0.06626339916140293,0.06626339916140293,0.06626339916140293,0.06626339916140295,0.06626339916140293,0.06626339916140295,0.06626339916140295,0.06626339916140293,0.06626339916140293,0.06626339916140293,0.06626339916140293,0.06626339916140293,0.06626339916140293,0.06626339916140293,0.06626339916140293,0.06626339916140293,0.06626339916140295,0.06626339916140293,0.06626339916140293,0.06626339916140293,0.06626339916140293,0.06626339916140293,0.06626339916140295,0.06626339916140295,0.06626339916140293,0.06626339916140295,0.06626339916140295,0.06626339916140293,0.06626339916140293,0.06626339916140295,0.06626339916140295,0.06626339916140295,0.06626339916140295,0.06626339916140293,0.06626339916140293,0.06626339916140293,0.06626339916140295,0.06626339916140293,0.06626339916140293,0.06626339916140293,0.06626339916140293,0.06626339916140293,0.06626339916140293,0.06626339916140293,0.06626339916140293,0.06626339916140293,0.06626339916140293,0.06626339916140293,0.06626339916140293,0.06626339916140293,0.06626339916140295,0.06626339916140293,0.06626339916140293,0.06626339916140295,0.06626339916140293,0.06626339916140295,0.06626339916140293,0.06626339916140295,0.06626339916140293,0.06626339916140293,0.06626339916140295,0.06626339916140295,0.06626339916140295,0.06626339916140295,0.06626339916140293,0.06626339916140293,0.06626339916140295,0.06626339916140293,0.06626339916140293,0.06626339916140293,0.06626339916140293,0.06626339916140293,0.06626339916140295,0.06626339916140295,0.06626339916140293,0.06626339916140295,0.06626339916140293,0.06626339916140295,0.06626339916140295,0.06626339916140293,0.06626339916140293,0.06626339916140295,0.06626339916140293,0.06626339916140293,0.06626339916140295,0.06626339916140293,0.06626339916140293,0.06626339916140293,0.06626339916140293,0.06626339916140293,0.06626339916140293,0.06626339916140293,0.06626339916140293,0.06626339916140295,0.06626339916140293,0.06626339916140293,0.06626339916140293,0.06626339916140295,0.06626339916140293,0.06626339916140293,0.06626339916140295,0.06626339916140293,0.06626339916140293,0.06626339916140293,0.06626339916140295,0.06626339916140293,0.06626339916140293,0.06626339916140293,0.06626339916140293,0.06626339916140293,0.06626339916140295,0.06626339916140293,0.06626339916140295,0.06626339916140293,0.06626339916140295,0.06626339916140293,0.06626339916140293,0.06626339916140295,0.06626339916140295,0.06626339916140293,0.06626339916140293,0.06626339916140295,0.06626339916140295,0.06626339916140293,0.06626339916140295,0.06626339916140295,0.06626339916140293,0.06626339916140293,0.06626339916140295,0.06626339916140293,0.06626339916140295,0.06626339916140293,0.06626339916140293,0.06626339916140293,0.06626339916140293,0.06626339916140293,0.06626339916140293,0.06626339916140295,0.06626339916140293,0.06626339916140295,0.06626339916140293,0.06626339916140293,0.06626339916140293,0.06626339916140293,0.06626339916140293,0.06626339916140295,0.06626339916140293,0.06626339916140295,0.06626339916140295,0.06626339916140293,0.06626339916140293,0.06626339916140295,0.06626339916140295,0.06626339916140293,0.06626339916140293,0.06626339916140293,0.06626339916140295,0.06626339916140293,0.06626339916140293,0.06626339916140293,0.06626339916140295,0.06626339916140293,0.06626339916140293,0.06626339916140293,0.06626339916140295,0.06626339916140293,0.06626339916140293,0.06626339916140295,0.06626339916140295,0.06626339916140293,0.06626339916140295,0.06626339916140293,0.06626339916140293,0.06626339916140293,0.06626339916140293,0.06626339916140293,0.06626339916140293,0.06626339916140293,0.06626339916140293,0.06626339916140293,0.06626339916140293,0.06626339916140293,0.06626339916140293,0.06626339916140293,0.06626339916140293,0.06626339916140295,0.06626339916140295,0.06626339916140293,0.06626339916140293,0.06626339916140293,0.06626339916140293,0.06626339916140293,0.06626339916140295,0.06626339916140293,0.06626339916140293,0.06626339916140293,0.06626339916140295,0.06626339916140293,0.06626339916140295,0.06626339916140295,0.06626339916140293,0.06626339916140295,0.06626339916140295,0.06626339916140295,0.06626339916140295,0.06626339916140295,0.06626339916140293,0.06626339916140293,0.06626339916140293,0.06626339916140295,0.06626339916140293,0.06626339916140295,0.06626339916140293,0.06626339916140295,0.06626339916140293,0.06626339916140295,0.06626339916140295,0.06626339916140293,0.06626339916140295,0.06626339916140293,0.06626339916140295,0.06626339916140295,0.06626339916140295,0.06626339916140293,0.06626339916140295,0.06626339916140293,0.06626339916140293,0.06626339916140293,0.06626339916140293,0.06626339916140293,0.06626339916140295,0.06626339916140295,0.06626339916140293,0.06626339916140293,0.06626339916140293,0.06626339916140293,0.06626339916140293,0.06626339916140295,0.06626339916140295,0.06626339916140295,0.06626339916140293,0.06626339916140293,0.06626339916140295,0.06626339916140293,0.06626339916140295,0.06626339916140295,0.06626339916140295,0.06626339916140293,0.06626339916140293,0.06626339916140293,0.06626339916140293,0.06626339916140293,0.06626339916140293,0.06626339916140293,0.06626339916140293,0.06626339916140295,0.06626339916140295,0.06626339916140293,0.06626339916140295,0.06626339916140293,0.06626339916140293,0.06626339916140295,0.06626339916140293,0.06626339916140293,0.06626339916140295,0.06626339916140293,0.06626339916140293,0.06626339916140293,0.06626339916140293,0.06626339916140293,0.06626339916140295,0.06626339916140295,0.06626339916140293,0.06626339916140293,0.06626339916140295,0.06626339916140295,0.06626339916140293,0.06626339916140293,0.06626339916140293,0.06626339916140293,0.06626339916140293,0.06626339916140295,0.06626339916140295,0.06626339916140293,0.06626339916140293,0.06626339916140295,0.06626339916140293,0.06626339916140293,0.06626339916140293,0.06626339916140293,0.06626339916140293,0.06626339916140293,0.06626339916140293,0.06626339916140293,0.06626339916140295,0.06626339916140295,0.06626339916140295,0.06626339916140293,0.06626339916140293,0.06626339916140293,0.06626339916140295,0.06626339916140293,0.06626339916140293,0.06626339916140293,0.06626339916140295,0.06626339916140293,0.06626339916140295,0.06626339916140293,0.06626339916140293,0.06626339916140293,0.06626339916140295,0.06626339916140293,0.06626339916140293,0.06626339916140293,0.06626339916140293,0.06626339916140295,0.06626339916140293,0.06626339916140295,0.06626339916140293,0.06626339916140293,0.06626339916140293,0.06626339916140293,0.06626339916140295,0.06626339916140293,0.06626339916140293,0.06626339916140295,0.06626339916140295,0.06626339916140293,0.06626339916140295,0.06626339916140295,0.06626339916140295,0.06626339916140293,0.06626339916140295,0.06626339916140295,0.06626339916140295,0.06626339916140293,0.06626339916140295,0.06626339916140295,0.06626339916140295,0.06626339916140293,0.06626339916140295,0.06626339916140295,0.06626339916140293,0.06626339916140293,0.06626339916140293,0.06626339916140293,0.06626339916140293,0.06626339916140293,0.06626339916140293,0.06626339916140295,0.06626339916140293,0.06626339916140293,0.06626339916140293,0.06626339916140293,0.06626339916140293,0.06626339916140293,0.06626339916140295,0.06626339916140295,0.06626339916140293,0.06626339916140293,0.06626339916140295,0.06626339916140293,0.06626339916140293,0.06626339916140295,0.06626339916140293,0.06626339916140293,0.06626339916140293,0.06626339916140293,0.06626339916140293,0.06626339916140293,0.06626339916140293,0.06626339916140293,0.06626339916140293,0.06626339916140293,0.06626339916140293,0.06626339916140293,0.06626339916140295,0.06626339916140293,0.06626339916140293,0.06626339916140295,0.06626339916140293,0.06626339916140293,0.06626339916140293,0.06626339916140295,0.06626339916140293,0.06626339916140293,0.06626339916140293,0.06626339916140293,0.06626339916140293,0.06626339916140295,0.06626339916140295,0.06626339916140295,0.06626339916140293,0.06626339916140295,0.06626339916140293,0.06626339916140293,0.06626339916140293,0.06626339916140293,0.06626339916140293,0.06626339916140293,0.06626339916140293,0.06626339916140295,0.06626339916140293,0.06626339916140293,0.06626339916140293,0.06626339916140293,0.06626339916140293,0.06626339916140293,0.06626339916140295,0.06626339916140293,0.06626339916140293,0.06626339916140295,0.06626339916140293,0.06626339916140293,0.06626339916140295,0.06626339916140295,0.06626339916140293,0.06626339916140293,0.06626339916140293,0.06626339916140293,0.06626339916140293,0.06626339916140293,0.06626339916140293,0.06626339916140293,0.06626339916140293,0.06626339916140293,0.06626339916140295,0.06626339916140293,0.06626339916140295,0.06626339916140293,0.06626339916140293,0.06626339916140295,0.06626339916140295,0.06626339916140293,0.06626339916140295,0.06626339916140295,0.06626339916140293,0.06626339916140293,0.06626339916140295,0.06626339916140293,0.06626339916140295,0.06626339916140293,0.06626339916140293,0.06626339916140293,0.06626339916140293,0.06626339916140293,0.06626339916140295,0.06626339916140293,0.06626339916140293,0.06626339916140293,0.06626339916140295,0.06626339916140295,0.06626339916140293,0.06626339916140293,0.06626339916140295,0.06626339916140293,0.06626339916140293,0.06626339916140293,0.06626339916140295,0.06626339916140293,0.06626339916140293,0.06626339916140293,0.06626339916140293,0.06626339916140293,0.06626339916140293,0.06626339916140293,0.06626339916140295,0.06626339916140293,0.06626339916140295,0.06626339916140293,0.06626339916140295,0.06626339916140295,0.06626339916140293,0.06626339916140293,0.06626339916140293,0.06626339916140293,0.06626339916140293,0.06626339916140295,0.06626339916140293,0.06626339916140293,0.06626339916140293,0.06626339916140295,0.06626339916140293,0.06626339916140293,0.06626339916140295,0.06626339916140293,0.06626339916140295,0.06626339916140295,0.06626339916140295,0.06626339916140293,0.06626339916140293,0.06626339916140293,0.06626339916140293,0.06626339916140293,0.06626339916140295,0.06626339916140293,0.06626339916140293,0.06626339916140295,0.06626339916140293,0.06626339916140295,0.06626339916140293,0.06626339916140293,0.06626339916140293,0.06626339916140293,0.06626339916140293,0.06626339916140295,0.06626339916140293,0.06626339916140293,0.06626339916140293,0.06626339916140295,0.06626339916140293,0.06626339916140293,0.06626339916140295,0.06626339916140293,0.06626339916140293,0.06626339916140293,0.06626339916140293,0.06626339916140295,0.06626339916140293,0.06626339916140295,0.06626339916140293,0.06626339916140293,0.06626339916140295,0.06626339916140293,0.06626339916140293,0.06626339916140293,0.06626339916140295,0.06626339916140293,0.06626339916140293,0.06626339916140293,0.06626339916140293,0.06626339916140293,0.06626339916140295,0.06626339916140295,0.06626339916140295,0.06626339916140293,0.06626339916140293,0.06626339916140293,0.06626339916140295,0.06626339916140293,0.06626339916140293,0.06626339916140293,0.06626339916140293,0.06626339916140293,0.06626339916140293,0.06626339916140293,0.06626339916140293,0.06626339916140293,0.06626339916140293,0.06626339916140293,0.06626339916140293,0.06626339916140293,0.06626339916140293,0.06626339916140293,0.06626339916140293,0.06626339916140295,0.06626339916140293,0.06625947757248964,0.06625549215996493,0.06625144257040087,0.06624732842115345,0.06624314929851516,0.06623890475591138,0.06623459431213387,0.06623021744960975,0.06622577361269681,0.06622126220600297,0.06621668259271848,0.06621203409296005,0.06620731598211387,0.06620252748917434,0.06619766779507083,0.06619273603096838,0.06618773127654409,0.0661826525582225,0.06617749884736608,0.06617226905840923,0.06616696204692972,0.06616157660764492,0.06615611147232597,0.06615056530761886,0.0661449367127616,0.06613922421718972,0.06613342627801279,0.06612754127735909,0.06612156751956676,0.06611550322821813,0.06610934654299666,0.06610309551635188,0.06609674810996423,0.0660903021909837,0.06608375552803593,0.06607710578696549,0.06607035052630413,0.06606348719243986,0.06605651311446396,0.06604942549866812,0.06604222142267052,0.06603489782913201,0.06602745151903844,0.06601987914450909,0.0660121772010936,0.06600434201951655,0.06599636975682127,0.06598825638686458,0.06597999769010574,0.06597158924262846,0.06596302640433174,0.06595430430620622,0.06594541783663015,0.06593636162657728,0.06592713003364917,0.06591771712481354,0.06590811665772935,0.06589832206051899,0.06588832640983462,0.06587812240704974,0.06586770235238308,0.0658570581167414,0.06584618111104226,0.06583506225274638,0.06582369192929438,0.06581205995811083,0.06580015554278096,0.06578796722496674,0.06577548283156429,0.06576268941653209,0.06574957319675001,0.06573611948116122,0.06572231259237261,0.0657081357797125,0.06569357112265135,0.06567859942328355,0.06566320008637556,0.06564735098524535,0.06563102831144717,0.06561420640590056,0.06559685756868688,0.06557895184425368,0.065560456778172,0.06554133714088961,0.06552155461302474,0.0655010674257537,0.06547982994844181,0.06545779221418695,0.0654348993718627,0.0654110910508468,0.06538630062148562,0.06536045433046524,0.06533347028530537,0.06530525725587565,0.06527571325269896,0.06524472383129379,0.0652121600580113,0.0651778760547463,0.0651417060157732,0.06510346055766497,0.06506292221944762,0.0650198398701243,0.06497392169758293,0.0649248263362327,0.06487215152497601,0.0648154194482032,0.06475405756305572,0.06468737319682309,0.06461451941324235,0.06453444843849264,0.0644458470437812,0.06434704525513821,0.06423588483206677,0.06410952580032954,0.06396415561931029,0.06379454259875164,0.06359333757311174,0.06334997233161752,0.06304894995800456,0.06266740956448676,0.06217266479093185,0.06152360397035515,0.06068588745166375,0.0596650417433906,0.0585243292057823,0.057353131017708774,0.05622224908857575,0.05516757477638576,0.05419487356080259,0.05328839935038328,0.05241871318295919,0.051551988488628776,0.050661590167492686,0.049738021169215725,0.048790846217043216,0.04784134956282535,0.046912479191001354,0.04602234555208652,0.04518232129474424,0.04439786849532129,0.04367022446666475,0.042997972730608236,0.042378203490914146,0.041807277811718065,0.04128129724857495,0.040796377932945306,0.04034880208259762,0.039935095071695764,0.039552058213339486,0.03919677571257458,0.03886660697570508,0.03855917103950362,0.0382723271939533,0.03800415423033211,0.03775292974878132,0.03751711033667187,0.03729531304925301,0.03708629838883307,0.036888954838840235,0.03670228491865978,0.036525392683427416,0.03635747256235427,0.03619779942506012,0.03604571975485274,0.035900643819769915,0.03576203873499285,0.035629422314707955,0.03550235763240451,0.03538044819918614,0.035263333695025,0.03515068618515802,0.03504220676573543,0.03493762258783825,0.034836684214963255,0.03473916327502893,0.03464485037188104,0.03455355322605076,0.03446509501753151,0.03437931290782847,0.03429605671991646,0.03421518775738378,0.03413657774887724,0.03406010790037543,0.033985668046293854,0.03391315588649957,0.0338424763003345,0.0337735407288101,0.03370626661775493,0.03364057691524843,0.03357639961770027,0.033513667358725324,0.03345231703728457,0.033392289480144804,0.03333352913564584,0.03327598379511442,0.033219604339416745,0.03316434450812347,0.03311016068892477,0.03305701172524216,0.033004858740245425,0.03295366497631563,0.032903395647062995,0.03285401780258875,0.032805500204660595,0.032757813212861094,0.032710928679641496,0.03266481985300708,0.03261946128780391,0.03257482876246554,0.032530899204228324,0.032487650617100176,0.032445062017428056,0.0324031133732728,0.032361785548492304,0.03232106025067193,0.03228091998213958,0.032241347995784854,0.03220232825188362,0.03218242675010298,0.03214421623372655,0.03210652049302952,0.032069325658093596,0.03203261842951066,0.03199638603656979,0.03196061620586201,0.031925297135103885,0.031890417467769404,0.0318559662730314,0.03182193302282648,0.03178830757442938,0.03175508014952113,0.031722241318536105,0.0316897819837479,0.031657693364324814,0.031625966981472416,0.031594594644661037,0.031563568439070655,0.03153288071320111,0.031502524067162946,0.031472491342078614,0.03144277560958918,0.03141337016174554,0.03138426850278118,0.03135546433892958,0.03132695157101889,0.03129872428619034,0.031270776750600096,0.03124310340181822,0.031215698843040762,0.031188557835314653,0.031161675292243205,0.031135046273925902,0.03110866598141224,0.03108252975122847,0.031056633050447844,0.031030971472233913,0.031005540730360517,0.030980336655457543,0.030955355190380018,0.03093059238741591,0.03090604440236737,0.03088170749253875,0.030857578012773616,0.030833652411796385,0.030809927229290764,0.03078639909271454,0.03076306471442395,0.030739920889072105,0.030716964490028517,0.03069419246779133,0.030671601846698465,0.030649189723784057,0.030626953264867827,0.030604889703223986,0.03058299633761735,0.03056127052950295,0.030539709702024822,0.030518311337423065,0.03049707297535947,0.030475992211567163,0.03045506669517496,0.03043429412898622,0.030413672266219872,0.030393198909180873,0.030372871908225695,0.030352689160515763,0.030332648608553982,0.030312748238574747,0.030292986079589454,0.030273360202353227,0.030253868717674975,0.030234509775853673,0.03021528156514659,0.030196182311016995,0.030177210274166998,0.030158363753023002,0.030139641077832287,0.030121040612145437,0.030102560753021,0.03008419992810537,0.030065956595997666,0.03004782924561237,0.030029816395826626,0.030011916592000632,0.029994128407935736,0.029976450444716543,0.0299588813296007,0.029941419715335534,0.029924064279855986,0.029906813725431025,0.029889666777617153,0.02987262218658147,0.029855678723820486,0.029838835182894315,0.029822090380705345,0.029805443152347996,0.029788892355617963,0.02977243686787757,0.0297560755859634,0.029739807426276722,0.029723631322789556,0.029707546229272946,0.02969155111635869,0.029675644972456727,0.029659826803062058,0.029644095630241982,0.029628450492908822,0.029612890444837482,0.029597414556154788,0.029582021912021143,0.029566711612961507,0.02955148277346602,0.029536334522926803,0.029521266004042736,0.02950627637366408,0.02949136480186017,0.029476530471878194,0.02946177257975536,0.029447090334261707,0.029432482956792533,0.029417949678773734,0.029403489745823307,0.029389102414158506,0.02937478695159441,0.029360542636838162,0.029346368759756825,0.029332264619546085,0.029318229527584973,0.029304262804612752,0.029290363781820067,0.029276531799670883,0.02926276620870833,0.02924906636877322,0.029235431649000942,0.029221861427589278,0.029208355091631735,0.0291949120370115,0.029181531668190066,0.029168213398019324,0.029154956647761392,0.029141760846551595,0.0291286254315359,0.029115549847696136,0.02910253354775382,0.02908957599179156,0.0290766766472601,0.029063834989048437,0.029051050498858293,0.029038322666015613,0.029025650986056195,0.02901303496150314,0.029000474101350922,0.028987967921329846,0.028975515943507738,0.028963117696085665,0.028950772713314248,0.02893848053604503,0.028926240710559395,0.02891405278925064,0.028901916330110317,0.02888983089688465,0.028877796058903164,0.028865811389757415,0.028853876471546535,0.028841990888624002,0.028830154231595545,0.02881836609618005,0.028806626083015496,0.028794933797657248,0.028783288850714815,0.028771690857393954,0.028760139437484764,0.028748634215870893,0.028737174821310274,0.02872576088752452,0.028714392052599035,0.028703067959234534,0.028691788252692266,0.02868055258488926,0.028669360610505616,0.028658211988186723,0.02864710638090421,0.02863604345565483,0.028625022883032106,0.028614044338255155,0.028603107499240575,0.02859221204801408,0.02858135767020896,0.028570544055086956,0.028559770895469187,0.02854903788761337,0.028538344731053048,0.028527691129464846,0.0285170767883428,0.028506501417687753,0.028495964730820084,0.028485466443068333,0.028475006273883337,0.0284645839456145,0.02845419918356727,0.028443851716016252,0.028433541274233684,0.028423267592377975,0.02841303040795547,0.028402829459603193,0.028392664490939634,0.02838253524713028,0.028372441476233575,0.028362382929004688,0.028352359358828686,0.028342370521688986,0.028332416176037545,0.028322496082970768,0.02831261000593995,0.02830275771082852,0.028292938966705653,0.028283153543799993,0.028273401215408094,0.028263681757142712,0.028253994946515242,0.028244340563699143,0.028234718391211746,0.028225128212700668,0.028215569815204542,0.028206042987257825,0.028196547519775173,0.028187083205303914,0.028177649840002778,0.02816824721958975,0.028158875144023567,0.028149533413875803,0.028140221832155504,0.02813094020351458,0.028121688334754306,0.028112466034461683,0.02810327311308041,0.02809410938304064,0.028084974658365104,0.028075868754880173,0.0280667914901992,0.02805774268366973,0.02804872215635013,0.028039729730986323,0.028030765231956797,0.028021828485400302,0.0280129193188879,0.028004037561926154,0.02799518304518462,0.02798635560091016,0.02797755506369513,0.027968781268632996,0.027960034052872694,0.02795131325496563,0.027942618714718637,0.027933950273863452,0.02792530777513974,0.02791669106275727,0.027908099982633782,0.02789953438195995,0.027890994108949706,0.027882479013468936,0.02787398894657484,0.027865523760547642,0.027857083309362086,0.02784866744824482,0.027840276033709373,0.027831908923293687,0.027823565975676406,0.027815247050371784,0.027806952009201982,0.02779868071503052,0.02779043303127156,0.027782208822839174,0.0277740079554129,0.027765830296361274,0.02775767571398581,0.02774954407770872,0.02774143525802941,0.027733349126449425,0.027725285556009425,0.027717244420417946,0.027709225594332934,0.027701228953728833,0.027693254375531485,0.02768530173769121,0.027677370919171444,0.027669461799937557,0.02766157426094574,0.02765370818394103,0.02764586345198467,0.027638039948830975,0.027630237560024227,0.027622456170480966,0.02761469566687634,0.02760695593716773,0.027599236869948713,0.02759153835398967,0.027583860280359817,0.027576202539776138,0.027568565024705984,0.027560947627494344,0.02755335024190379,0.027545772762578816,0.027538215085431625,0.027530677106357995,0.02752315872245098,0.027515659831744,0.027508180332499483,0.027500720124419998,0.027493279107661625,0.0274858571833079,0.027478454253131168,0.027471070219798145,0.027463704986452692,0.027456358456979225,0.02744903053633399,0.02744172112994162,0.027434430144062653,0.027427157485555066,0.027419903061934495,0.027412666781918227,0.027405448553984708,0.027398248288448144,0.027391065895424577,0.02738390128593993,0.027376754371797877,0.027369625065285026,0.027362513279296154,0.02735541892762271,0.027348341924574616,0.02734128218504255,0.02733423962464478,0.027327214159581097,0.027320205706644132,0.02731321418319868,0.027306239507449967,0.027299281597610903,0.02729234037314908,0.027285415753742364,0.027278507659781223,0.027271616012174767,0.02726474073244079,0.027257881742619353,0.027251038965301958,0.027244212324167,0.027237401741853476,0.02723060714318555,0.02722382845302886,0.02721706559661948,0.02721031849979997,0.027203587088944502,0.027196871290919408,0.027190171033117383,0.02718348624343453,0.027176816850268123,0.027170162782515248,0.027163523969519557,0.027156900341228668,0.027150291827978262,0.02714369836037798,0.027137119870222177,0.02713055628899483,0.027124007548891636,0.02711747358260599,0.027110954323578414,0.027104449705269585,0.027097959661659593,0.027091484127424726,0.027085023037398282,0.027078576326977303,0.02707214393212211,0.02706572578897231,0.0270593218341765,0.027052932004929572,0.027046556238679503,0.027040194473479086,0.027033846647409283,0.027027512699441904,0.027021192568728186,0.02701488619473775,0.027008593517524035,0.027002314477291272,0.026996049014847014,0.02698979707141289,0.02698355858831644,0.026977333507560677,0.02697112177135877,0.026964923322706138,0.026958738103935512,0.026952566058731225,0.02694640713081387,0.026940261264240088,0.026934128403417756,0.026928008493347786,0.026921901479093093,0.026915807305999247,0.026909725920405282,0.026903657267815045,0.02689760129477132,0.026891557948748705,0.026885527176656175,0.02687950892617728,0.026873503145030325,0.026867509780814376,0.026861528783003633,0.026855560100209376,0.026849603681378006,0.026843659475614238,0.026837727433054005,0.02683180750375675,0.026825899638167353,0.02682000378683842,0.026814119900779605,0.02680824793143147,0.026802387830185754,0.02679653954880461,0.026790703039977132,0.026784878255931358,0.026779065149356535,0.02677326367334636,0.026767473781172692,0.02676169542629361,0.026755928562839332,0.02675017314492485,0.026744429126958572,0.02673869646363074,0.02673297510975329,0.026727265020865282,0.026721566152313865,0.02671587845998991,0.02671020189948887,0.026704536427672697,0.026698882001141278,0.02669323857603786,0.026687606109784826,0.026681984559677383,0.026676373883270665,0.02667077403805807,0.026665184982397037,0.026659606674576845,0.02665403907313018,0.02664848213683147,0.026642935824685774,0.02663740009593874,0.026631874910077187,0.02662636022680378,0.02662085600606924,0.02661536220840978,0.02660987879385776,0.02660440572304109,0.026598942956802436,0.026593490456216697,0.026588048182575725,0.026582616097389284,0.026577194161644432,0.026571782338748462,0.026566380590203463,0.026560988878225267,0.02655560716545864,0.026550235414328712,0.026544873588436206,0.02653952165087598,0.026534179564922468,0.026528847294175397,0.02652352480247621,0.0265182120538028,0.026512909012356485,0.026507615642503986,0.026502331908963606,0.026497057776288722,0.026491793209774465,0.026486538174490124,0.02648129263575068,0.026476056559129664,0.026470829910376324,0.02646561265541861,0.02646040476044688,0.0264552061915395,0.026450016915034166,0.026444836898199865,0.026439666107543457,0.02643450450998406,0.02642935207281323,0.02642420876347317,0.02641907454942719,0.026413949398089612,0.026408833277887227,0.026403726156634326,0.02639862800256212,0.02639353878409285,0.02638845846998709,0.026383387028484567,0.026378324428690002,0.02637327063972171,0.026368225630648067,0.026363189371063044,0.02635816182964035,0.026353142977636704,0.02634813278403324,0.026343131218802614,0.02633813825232484,0.026333153854833175,0.026328177996781568,0.026323210648795545,0.026318251781533877,0.026313301366075462,0.0263083593733839,0.026303425774824647,0.02629850054161752,0.02629358364537505,0.02628867505775245,0.02628377475058921,0.026278882695980294,0.02627399886567348,0.02626912323223441,0.026264255768009455,0.02625939644530401,0.026254545236814152,0.026249702115358972,0.026244867053865806,0.02624004002539533,0.02623522100314549,0.026230409960446354,0.026225606870719634,0.026220811707603455,0.0262160244448345,0.026211245056288808,0.02620647351591957,0.026201709797842733,0.02619695387625694,0.02619220572565177,0.026187465320375636,0.02618273263513065,0.026178007644518712,0.026173290323672313,0.02616858064746515,0.02616387859098596,0.02615918412949342,0.026154497238346456,0.026149817893021655,0.026145146069156334,0.026140481742411573,0.026135824888783205,0.026131175483879505,0.026126533504067385,0.026121898925269015,0.026117271723494827,0.02611265187588136,0.026108039359278908,0.026103434149099783,0.02609883622255903,0.02609424555684789,0.02608966212860653,0.026085085914941106,0.02608051689309991,0.02607595504034961,0.026071400334080615,0.02606685275180929,0.026062312271146304,0.02605777886980415,0.02605325252560489,0.026048733216474208,0.026044220920434357,0.02603971561561676,0.02603521728020131,0.026030725892626637,0.02602624143127337,0.026021763874676803,0.02601729320147033,0.026012829390389115,0.026008372420259315,0.02600392227001229,0.025999478918565203,0.02599504234484732,0.025990612528874406,0.025986189449463206,0.025981773085497636,0.02597736341743975,0.025972960424463284,0.02596856408624741,0.02596417438257563,0.02595979129332796,0.025955414798445802,0.025951044878008686,0.025946681512154353,0.025942324681128035,0.025937974365238443,0.025933630544907226,0.025929293200636125,0.025924962313014645,0.02592063786272126,0.02591631983051507,0.02591200819724975,0.025907702943857684,0.025903404051358447,0.025899111500856276,0.02589482527353085,0.025890545350661442,0.02588627171360906,0.025882004343795874,0.025877743222758338,0.02587348833208486,0.02586923965346027,0.025864997168646885,0.025860760859424008,0.025856530707835525,0.02585230669584211,0.025848088805487363,0.025843877018950388,0.025839671318464177,0.025835471686342076,0.025831278104974303,0.02582709055682755,0.025822909024444476,0.02581873349044339,0.025814563937514853,0.025810400348429133,0.025806242706029367,0.025802090993231334,0.025797945193013285,0.025793805288358937,0.025789671262481488,0.02578554309857557,0.025781420780065064,0.025777304290170864,0.02577319361281907,0.02576908873058926,0.02576498962740732,0.025760896286933,0.025756808692825477,0.02575272682905269,0.02574865067932291,0.025744580227543456,0.02574051545764598,0.025736456353746922,0.025732402899925996,0.025728355080306922,0.02572431287919065,0.025720276281401357,0.025716245270426957,0.0257122198311357,0.025708199947752284,0.025704185605052,0.025700176787768543,0.02569617348018658,0.025692175667800212,0.025688183334865763,0.025684196466417192,0.02568021504739916,0.025676239062827604,0.025672268498035968,0.02566830333762604,0.025664343567117498,0.025660389171432985,0.02565644013636097,0.025652496446842428,0.02564855808879134,0.025644625047457608,0.02564069730837973,0.025636774857178142,0.025632857679523346,0.025628945761131446,0.025625039087815448,0.025621137645407816,0.02561724141978737,0.025613350396939783,0.025609464563203153,0.02560558390380826,0.025601708405664145,0.025597838054682777,0.025593972836993325,0.025590112738902392,0.025586257746906357,0.025582407847321336,0.025578563026801834,0.025574723271522017,0.025570888568224204,0.025567058903500015,0.025563234263980987,0.025559414636458395,0.025555600007701608,0.02555179036448977,0.025547985693725093,0.02554418598233791,0.025540391217310058,0.02553660138567442,0.02553281647451435,0.025529036470964255,0.025525261362224206,0.02552149113539179,0.025517725778006515,0.02551396527727755,0.025510209620582522,0.025506458795484646,0.025502712789333484,0.02549897158949105,0.025495235183688247,0.02549150355961213,0.025487776705136425,0.025484054607402284,0.025480337254542,0.025476624634243113,0.02547291673456511,0.025469213543311726,0.02546551504851423,0.025461821237982192,0.025458132099883447,0.025454447622344393,0.025450767793476842,0.02544709260144123,0.025443422034492243,0.025439756080995267,0.025436094729166192,0.025432437967364028,0.025428785783995392,0.025425138167439323,0.025421495106525503,0.02541785658910945,0.02541422260416385,0.02541059314044029,0.025406968186479716,0.025403347730993387,0.025399731762729204,0.025396120270544095,0.025392513243152642,0.025388910669496268,0.02538531253850654,0.02538171883912837,0.02537812956034802,0.02537454469121443,0.02537096422080806,0.025367388138253316,0.02536381643271128,0.025360249093376586,0.02535668610949153,0.025353127470331763,0.025349573165233865,0.025346023183549487,0.02534247751467688,0.025338936148055064,0.02533539907315901,0.025331866279503085,0.02532833775655349,0.025324813493993518,0.025321293481439324,0.02531777770856688,0.025314266165064072,0.025310758840694163,0.025307255725326543,0.025303756808680324,0.025300262080595465,0.0252967715309767,0.025293285149810336,0.025289802926767874,0.02528632485221932,0.025282850916114253,0.0252793811084552,0.025275915419322753,0.02527245383888739,0.02526899635729837,0.02526554296493634,0.025262093651944022,0.025258648408876632,0.02525520722534372,0.025251770091795703,0.025248336999205395,0.02524490793775428,0.025241482897942903,0.025238061870013945,0.02523464484453864,0.025231231812307846,0.025227822763655428,0.02522441768957894,0.025221016580256866,0.025217619426596703,0.02521422621937171,0.02521083694920645,0.025207451606946988,0.025204070183391054,0.025200692669410416,0.025200198358889547,0.025199958823846687,0.025199763078975132,0.02519957669598683,0.025199394125450907,0.02519921452471204,0.025199037802971325,0.025198863975295572,0.02519869305813224,0.025198525053504825,0.02519835994778243,0.02519819771287744,0.025198038307847743,0.02519788168054624,0.025197727769236053,0.02519757650413859,0.025197427808894286,0.02519728160192657,0.02519713779768685,0.025196996307801606,0.025196857042085845,0.02519671990945539,0.025196584818721498,0.025196451679278017,0.0251963204016949,0.02519619089821124,0.025196063083147223,0.025195936873237696,0.02519581218789385,0.02519568894940436,0.025195567083082,0.02519544651736082,0.02519532718385288,0.025195209017368447,0.025195091955907415,0.025194975940621638,0.025194860915764113,0.025194746828613286,0.02519463362938784,0.025194521271149035,0.025194409709699165,0.025194298903471045,0.025194188813413492,0.025194079402877507,0.025193970637499334,0.02519386248508663,0.025193754915504844,0.025193647900564015,0.025193541413910545,0.025193435430923547,0.025193329928612403,0.02519322488552054,0.02519312028162567,0.025193016098261304,0.02519291231802256,0.025192808924687796,0.025192705903145145,0.02519260323931433,0.025192500920085455,0.025192398933249847,0.025192297267437325,0.02519219591206505,0.025192094857279235,0.025191994093906874,0.025191893613407845,0.025191793407831113,0.025191693469773915,0.025191593792342305,0.025191494369115774,0.02519139519411337,0.025191296261762443,0.02519119756686953,0.025191099104592933,0.025191000870417795,0.025190902860133358,0.025190805069806206,0.025190707495767566,0.02519061013458892,0.025190512983065808,0.02519041603820168,0.025190319297192443,0.02519022275740893,0.025190126416396903,0.025190030271845305,0.02518993432159528,0.025189838563602282,0.025189742995957547,0.02518964761686487,0.025189552424627348,0.025189457417646534,0.025189362594413886,0.02518926795350303,0.02518917349356402,0.025189079213322037,0.025188985111562,0.025188891187134792,0.02518879743894328,0.02518870386594708,0.025188610467151224,0.025188517241605764,0.02518842418840254,0.025188331306672605,0.025188238595581496,0.02518814605432867,0.025188053682143288,0.02518796147828248,0.025187869442031555,0.025187777572698442,0.025187685869611665,0.02518759433212649,0.025187502959612043,0.025187411751457365,0.025187320707067817,0.025187229825865937,0.0251871391072835,0.025187048550771023,0.025186958155789065,0.025186867921809093,0.02518677784831668,0.025186687934804,0.025186598180773432,0.02518650858573919,0.02518641914920955,0.0251863298707194,0.02518624074980115,0.02518615178599184,0.025186062978839675,0.02518597432789392,0.025185885832712057,0.025185797492858205,0.02518570930789088,0.025185621277386206,0.02518553340092385,0.02518544567807498,0.025185358108424732,0.025185270691558768,0.02518518342706555,0.025185096314541827,0.025185009353578817,0.025184922543765205,0.025184835884707456,0.025184749376008224,0.025184663017275014,0.025184576808108886,0.02518449074812184,0.025184404836924575,0.025184319074131115,0.025184233459354766,0.02518414799221241,0.025184062672322226,0.025183977499303952,0.025183892472778923,0.02518380759237001,0.02518372285770091,0.0251836382683979,0.025183553824088045,0.025183469524399756,0.025183385368962762,0.02518330135740849,0.025183217489368696,0.025183133764476513,0.025183050182366974,0.025182966742675523,0.025182883445039,0.025182800289095284,0.025182717274483374,0.02518263440084326,0.02518255166781721,0.025182469075046187,0.02518238662217333,0.025182304308842718,0.02518222213469838,0.02518214009938748,0.02518205820255705,0.025181976443855073,0.02518189482293769,0.02518181333944705,0.025181731993020998,0.02518165078333154,0.025181569710023513,0.025181488772752142,0.025181407971171205,0.02518132730493486,0.025181246773702003,0.02518116637712649,0.02518108611486664,0.0251810059865833,0.025180925991933126,0.025180846130578388,0.02518076640217949,0.02518068680639953,0.02518060734290179,0.025180528011349818,0.025180448811407054,0.025180369742744537,0.025180290805019212,0.02518021199790243,0.025180133321062993,0.025180054774168976,0.02517997635689276,0.025179898068892727,0.025179819909856533,0.025179741879447794,0.025179663977342184,0.02517958620321609,0.025179508556735498,0.02517943103758011,0.025179353645426165,0.02517927637994683,0.025179199240826077,0.025179122227739804,0.025179045340365514,0.02517896857838482,0.02517889194147768,0.02517881542932507,0.02517873904160986,0.02517866277801523,0.02517858663822331,0.025178510621921998,0.025178434728795423,0.025178358958530128,0.025178283310809416,0.025178207785324414,0.025178132381759682,0.02517805709981192,0.02517798193916719,0.025177906899517256,0.02517783198055232,0.02517775718195841,0.025177682503439398,0.025177607944684842,0.025177533505390492,0.025177459185246054,0.025177384983951744,0.02517731090120496,0.025177236936705993,0.02517716309014567,0.025177089361226153,0.025177015749647636,0.02517694225511849,0.02517686887733384,0.025176795615982822,0.025176722470778543,0.025176649441429305,0.02517657652763486,0.025176503729100227,0.025176431045523924,0.025176358476615257,0.025176286022087598,0.02517621368164504,0.025176141454994905,0.025176069341848524,0.025175997341913958,0.025175925454903242,0.02517585368052704,0.02517578201849924,0.025175710468528043,0.025175639030330304,0.025175567703612376,0.02517549648809812,0.025175425383505236,0.025175354389544827,0.025175283505934818,0.025175212732391965,0.025175142068634557,0.025175071514383536,0.025175001069356766,0.02517493073327291,0.025174860505855993,0.025174790386826233,0.025174720375906758,0.02517465047282062,0.02517458067728937,0.025174510989041766,0.025174441407800334,0.025174371933287917,0.02517430256523415,0.025174233303366433,0.02517416414741463,0.02517409509711171,0.025174026152174223,0.025173957312338256,0.025173888577327462,0.025173819946885386,0.02517375142073824,0.02517368299862136,0.0251736146802627,0.025173546465397847,0.025173478353762716,0.025173410345091865,0.025173342439121008,0.02517327463558634,0.025173206934231442,0.025173139334781706,0.02517307183698169,0.025173004440569236,0.025172937145287892,0.02517286995087386,0.025172802857070038,0.025172735863617315,0.025172668970258518,0.025172602176736343,0.025172535482791126,0.025172468888173538,0.02517240239262518,0.025172335995891807,0.0251722696977193,0.025172203497855206,0.02517213739604486,0.02517207139203644,0.025172005485582332,0.025171939676426006,0.02517187396431873,0.025171808349014065,0.025171742830262033,0.025171677407814196,0.025171612081421997,0.025171546850839156,0.025171481715820756,0.025171416676119416,0.025171351731489974,0.025171286881691186,0.0251712221264732,0.02517115746559523,0.025171092898812825,0.0251710284258853,0.0251709640465728,0.025170899760638778,0.025170835567827336,0.02517077146791257,0.025170707460646962,0.02517064354580034,0.025170579723130537,0.025170515992400194,0.02517045235337259,0.02517038880581158,0.025170325349483824,0.02517026198414963,0.025170198709578106,0.02517013552553293,0.025170072431783142,0.025170009428094903,0.025169946514236173,0.025169883689975532,0.025169820955082158,0.025169758309319085,0.025169695752478384,0.025169633284306173,0.02516957090458503,0.02516950861308012,0.02516944640957027,0.025169384293832076,0.025169322265633676,0.02516926032474945,0.025169198470959674,0.025169136704030214,0.02516907502374267,0.025169013429872076,0.025168951922193445,0.025168890500486353,0.025168829164529255,0.025168767914104773,0.02516870674898903,0.02516864566896261,0.025168584673804065,0.025168523763294877,0.025168462937217178,0.025168402195352636,0.025168341537483853,0.02516828096339395,0.025168220472866622,0.025168160065686104,0.025168099741637157,0.02516803950050543,0.02516797934207168,0.0251679192661312,0.02516785927246228,0.025167799360860738,0.025167739531111843,0.025167679783002998,0.025167620116323338,0.025167560530862408,0.02516750102641035,0.025167441602759237,0.025167382259698775,0.025167322997020673,0.025167263814515665,0.025167204711978062,0.025167145689201177,0.02516708674597907,0.025167027882105782,0.02516696909737619,0.02516691039158709,0.0251668517645329,0.025166793216009963,0.025166734745815225,0.025166676353746087,0.025166618039600505,0.025166559803177033,0.025166501644274482,0.02516644356269232,0.02516638555823052,0.025166327630688094,0.025166269779867547,0.02516621200557033,0.025166154307598474,0.025166096685754438,0.02516603913984121,0.025165981669662375,0.02516592427502181,0.025165866955723964,0.025165809711574703,0.025165752542377916,0.025165695447940093,0.02516563842806823,0.025165581482568495,0.025165524611248692,0.025165467813916775,0.02516541109038109,0.02516535444045057,0.025165297863934576,0.025165241360642958,0.02516518493038607,0.02516512857297472,0.025165072288220205,0.025165016075934635,0.025164959935929404,0.0251649038680173,0.025164847872010912,0.02516479194772729,0.025164736094981904,0.02516468031357708,0.02516462460334167,0.02516456896408257,0.025164513395624637,0.02516445789777641,0.02516440247035887,0.025164347113189805,0.02516429182608355,0.025164236608860413,0.025164181461339422,0.02516412638333964,0.025164071374680044,0.025164016435174387,0.025163961564646835,0.025163906762937192,0.025163852029851275,0.02516379736520383,0.02516374276883102,0.025163688240544057,0.02516363378017822,0.02516357938755175,0.025163525062488732,0.02516347080480898,0.025163416614357142,0.02516336249092965,0.025163308434368887,0.025163254444509894,0.025163200521164008,0.025163146664170764,0.025163092873342792,0.02516303914851682,0.025162985489529985,0.025162931896194375,0.025162878368347803,0.025162824905821595,0.02516277150844479,0.025162718176047854,0.02516266490846274,0.025162611705522538,0.025162558567049586,0.025162505492893204,0.025162452482878923,0.025162399536843728,0.025162346654617834,0.025162293836030716,0.025162241080908133,0.025162188389113764,0.025162135760466737,0.025162083194799505,0.025162030691944247,0.025161978251760538,0.02516192587407087,0.025161873558714416,0.0251618213055294,0.02516176911435353,0.02516171698501274,0.025161664917376335,0.025161612911262895,0.025161560966516623,0.025161509082979653,0.02516145726049128,0.025161405498896894,0.025161353798031586,0.025161302157740147,0.025161250577866282,0.025161199058248627,0.02516114759874194,0.025161096199177294,0.02516104485940394,0.025160993579264868,0.025160942358604162,0.02516089119727806,0.025160840095119225,0.02516078905197843,0.025160738067706384,0.025160687142141425,0.02516063627513543,0.025160585466536146,0.025160534716191944,0.02516048402395079,0.025160433389643362,0.025160382813149283,0.025160332294314993,0.02516028183298198,0.025160231429000694,0.025160181082221972,0.025160130792497036,0.025160080559677493,0.025160030383615355,0.02515998026416295,0.025159930201173044,0.025159880194498756,0.025159830243993576,0.02515978034951139,0.025159730510885936,0.02515968072799252,0.025159631000685957,0.025159581328821692,0.02515953171225506,0.025159482150842523,0.02515943264444048,0.02515938319290582,0.02515933379609655,0.025159284453868953,0.025159235166081966,0.025159185932593066,0.025159136753261445,0.025159087627946206,0.025159038556506422,0.02515898953880246,0.025158940574694196,0.025158891664041894,0.025158842806706626,0.025158794002549344,0.025158745251431885,0.025158696553216488,0.025158647907764977,0.025158599314940116,0.025158550774634202,0.025158502286685487,0.025158453850950058,0.02515840546729242,0.02515835713558077,0.025158308855680225,0.025158260627456644,0.02515821245074406,0.025158164325438912,0.025158116251415907,0.025158068228532452,0.025158020256655155,0.025157972335651323,0.025157924465388195,0.02515787664573817,0.025157828876564526,0.025157781157735815,0.025157733489110278,0.025157685870568665,0.025157638301989402,0.025157590783232642,0.025157543314168685,0.025157495894668116,0.025157448524602003,0.025157401203839913,0.025157353932255648,0.025157306709717723,0.025157259536086066,0.0251572124112518,0.025157165335086818,0.0251571183074645,0.025157071328262393,0.02515702439734902,0.025156977514588102,0.025156930679871785,0.025156883893064055,0.025156837154043148,0.025156790462683543,0.025156743818861058,0.025156697222452333,0.025156650673328243,0.025156604171375177,0.025156557716465335,0.025156511308477195,0.025156464947293428,0.025156418632782913,0.025156372364828143,0.02515632614330488,0.02515627996809348,0.02515623383907526,0.025156187756128066,0.02515614171913204,0.025156095727969188,0.025156049782517294,0.025156003882657374,0.02515595802827259,0.025155912219243723,0.025155866455456744,0.02515582073677615,0.025155775063107597,0.025155729434325876,0.02515568385029809,0.02515563831093276,0.02515559281610206,0.025155547365691186,0.025155501959582462,0.025155456597642276,0.025155411279793566,0.025155366005901438,0.02515532077585307,0.02515527558951648,0.02515523044681791,0.025155185347612987,0.02515514029179656,0.02515509527925275,0.025155050309868518,0.025155005383552715,0.025154960500154304,0.025154915659580637,0.025154870861720236,0.025154826106462004,0.025154781393693176,0.02515473672330375,0.02515469209518449,0.025154647509208816,0.02515460296529716,0.025154558463325608,0.02515451400319801,0.025154469584776344,0.025154425207966912,0.02515438087266067,0.025154336578750824,0.025154292326127783,0.025154248114703993,0.025154203944332924,0.02515415981492749,0.025154115726382993,0.025154071678607937,0.025154027671452653,0.02515398370483666,0.025153939778660695,0.02515389589281269,0.02515385204718878,0.025153808241685303,0.025153764476193812,0.025153720750611282,0.025153677064835553,0.025153633418757787,0.02515358981228084,0.025153546245300015,0.025153502717708026,0.025153459229405484,0.02515341578030188,0.02515337237027016,0.02515332899922533,0.02515328566705576,0.02515324237366507,0.02515319911895248,0.025153155902817147,0.025153112725159636,0.025153069585876986,0.025153026484871874,0.02515298342204791,0.025152940397294023,0.025152897410522845,0.02515285446162672,0.025152811550507356,0.025152768677070444,0.025152725841216805,0.02515268304284931,0.025152640281869743,0.02515259755817367,0.025152554871672658,0.025152512222268202,0.025152469609862362,0.025152427034336816,0.02515238449563495,0.025152341993630107,0.02515229952825294,0.02515225709940324,0.02515221470696972,0.025152172350867953,0.02515213003098736,0.025152087747262727,0.025152045499584063,0.025152003287846274,0.02515196111196896,0.02515191897185482,0.02515187686740721,0.025151834798531475,0.025151792765148583,0.025151750767152502,0.025151708804455712,0.02515166687695944,0.025151624984579558,0.025151583127222783,0.025151541304805916,0.02515149951723538,0.025151457764417268,0.025151416046245958,0.02515137436264512,0.02515133271352805,0.025151291098800137,0.025151249518371756,0.02515120797215388,0.025151166460056516,0.025151124981990996,0.025151083537867002,0.025151042127597584,0.025151000751094527,0.025150959408270293,0.025150918099031864,0.0251508768232947,0.02515083558096893,0.02515079437197633,0.025150753196230557,0.025150712053612616,0.025150670944088956,0.025150629867548287,0.025150588823902493,0.025150547813066807,0.02515050683495537,0.02515046588948477,0.02515042497655698,0.025150384096108463,0.025150343248044688,0.025150302432280454,0.025150261648734816,0.025150220897318016,0.025150180177949233,0.0251501394905446,0.025150098835013908,0.0251500582112881,0.025150017619270337,0.02514997705889126,0.025149936530055504,0.025149896032687462,0.025149855566711187,0.02514981513204756,0.025149774728590504,0.025149734356278906,0.0251496940150272,0.025149653704756032,0.025149613425379958,0.025149573176810238,0.025149532958987635,0.02514949277182129,0.02514945261522599,0.025149412489132814,0.025149372393456316,0.02514933232811907,0.025149292293055677,0.02514925228815743,0.025149212313361348,0.025149172368584483,0.02514913245376879,0.025149092568803905,0.025149052713627454,0.025149012888149757,0.025148973092305193,0.025148933326027436,0.025148893589228487,0.02514885388183235,0.025148814203765846,0.025148774554944724,0.025148734935295486,0.02514869534474386,0.025148655783213392,0.025148616250628125,0.02514857674691358,0.025148537271992576,0.025148497825791923,0.025148458408235482,0.025148419019246544,0.02514837965875508,0.02514834032668618,0.025148301022952065,0.025148261747499304,0.025148222500258274,0.02514818328113316,0.02514814409006053,0.025148104926970144,0.025148065791785364,0.02514802668443266,0.02514798760484108,0.025147948552932054,0.025147909528646307,0.025147870531904714,0.025147831562637408,0.02514779262076673,0.025147753706230652,0.025147714818953514,0.025147675958864114,0.0251476371258899,0.02514759831996168,0.025147559541008373,0.025147520788963786,0.02514748206375311,0.025147443365309316,0.025147404693561273,0.02514736604844338,0.02514732742986916,0.02514728883778976,0.025147250272130345,0.025147211732821768,0.025147173219793786,0.025147134732985073,0.025147096272303743,0.025147057837708212,0.025147019429122053,0.02514698104647647,0.0251469426897006,0.02514690435873769,0.02514686605351043,0.025146827773953263,0.025146789520028988,0.025146751291604635,0.02514671308865833,0.02514667491111332,0.02514663675891446,0.025146598631986407,0.02514656053026615,0.025146522453686565,0.025146484402184255,0.02514644637569138,0.02514640837414327,0.02514637039747406,0.02514633244561911,0.02514629451851864,0.025146256616104593,0.025146218738314463,0.025146180885092805,0.025146143056350056,0.02514610525204091,0.02514606747209569,0.025146029716453543,0.025145991985055516,0.025145954277833494,0.02514591659473873,0.025145878935682917,0.02514584130059968,0.025145803689458048,0.025145766102181163,0.025145728538684617,0.025145690998947434,0.025145653482889857,0.025145615990446846,0.025145578521558756,0.02514554107616022,0.025145503654198424,0.025145466255606437,0.025145428880327204,0.02514539152829856,0.025145354199460707,0.025145316893751858,0.025145279611112185,0.025145242351481686,0.025145205114778607,0.02514516790098473,0.025145130710020787,0.025145093541840708,0.025145056396359163,0.025145019273531306,0.02514498217329789,0.025144945095598663,0.025144908040373087,0.025144871007566297,0.02514483399711782,0.025144797008972975,0.02514476004306675,0.02514472309934641,0.0251446861777534,0.02514464927822974,0.025144612400715322,0.025144575545159826,0.025144538711514446,0.0251445018996986,0.02514446510966731,0.025144428341370678,0.025144391594736713,0.025144354869729935,0.02514431816627188,0.02514428148431584,0.025144244823803792,0.02514420818468469,0.025144171566900866,0.0251441349704005,0.025144098395121033,0.025144061841010878,0.025144025308015752,0.025143988796107474,0.025143952305191977,0.02514391583521087,0.025143879386124394,0.02514384295788038,0.02514380655042138,0.025143770163696375,0.02514373379765046,0.025143697452231363,0.0251436611273864,0.02514362482305753,0.025143588539198066,0.0251435522757446,0.02514351603265268,0.02514347980988073,0.02514344360734824,0.025143407425016702,0.02514337126283135,0.02514333512074212,0.0251432989986967,0.025143262896644945,0.025143226814532987,0.025143190752299597,0.025143154709910676,0.0251431186873013,0.02514308268443215,0.025143046701246854,0.025143010737689177,0.02514297479371191,0.02514293886926784,0.025142902964298365,0.025142867078758686,0.025142831212596414,0.025142795365760293,0.025142759538203593,0.025142723729873178,0.0251426879407415,0.025142652170733807,0.025142616419785213,0.025142580687865353,0.025142544974923235,0.02514250928091153,0.025142473605786763,0.02514243794947134,0.025142402311954828,0.025142366693172102,0.02514233109307393,0.02514229551161288,0.025142259948739247,0.025142224404406034,0.02514218887856563,0.02514215337116871,0.025142117882168125,0.025142082411514922,0.025142046959164048,0.02514201152506801,0.025141976109178243,0.0251419407114495,0.025141905331827252,0.025141869970271683,0.025141834626735974,0.025141799301170952,0.02514176399353119,0.025141728703768074,0.02514169343183868,0.025141658177693975,0.025141622941288817,0.02514158772257947,0.025141552521516546,0.025141517338044924,0.025141482172130747,0.02514144702374789,0.02514141189284358,0.025141376779336626,0.025141341683200515,0.025141306604396087,0.02514127154287885,0.025141236498594222,0.025141201471510177,0.025141166461582022,0.025141131468758206,0.0251410964929968,0.02514106153425519,0.025141026592486432,0.025140991667647897,0.025140956759693772,0.02514092186858441,0.025140886994276686,0.0251408521367238,0.02514081729588383,0.025140782471710664,0.025140747664163233,0.02514071287319814,0.025140678098775644,0.025140643340848024,0.02514060859937477,0.02514057387431324,0.025140539165621697,0.025140504473258454,0.025140469797180067,0.025140435137345186,0.025140400493709684,0.025140365866232788,0.02514033125487205,0.025140296659586482,0.025140262080334343,0.025140227517074287,0.02514019296976527,0.025140158438365274,0.025140123922833525,0.02514008942312972,0.025140054939211797,0.02514002047103848,0.025139986018573812,0.02513995158175944,0.025139917160570638,0.025139882754974367,0.02513984836492084,0.02513981399037139,0.025139779631290955,0.02513974528762305,0.02513971095934068,0.025139676646399777,0.025139642348756926,0.025139608066380194,0.02513957379923218,0.025139539547269333,0.025139505310452472,0.02513947108874236,0.025139436882099835,0.02513940269048578,0.02513936851386398,0.025139334352193343,0.025139300205428455,0.02513926607353407,0.025139231956475314,0.025139197854218046,0.025139163766721765,0.025139129693946147,0.025139095635851674,0.02513906159240042,0.025139027563560287,0.025138993549295007,0.025138959549560677,0.0251389255643209,0.025138891593538278,0.025138857637175473,0.02513882369519532,0.02513878976756063,0.025138755854234293,0.02513872195517959,0.025138688070359717,0.02513865419973799,0.025138620343277716,0.025138586500942427,0.025138552672695658,0.02513851885850112,0.0251384850583225,0.025138451272124503,0.025138417499870253,0.02513838374152384,0.025138349997049385,0.025138316266411113,0.02513828254957336,0.02513824884650057,0.02513821515715725,0.025138181481508017,0.025138147819517568,0.02513811417115037,0.025138080536371652,0.025138046915146445,0.025138013307439814,0.025137979713217004,0.02513794613244317,0.025137912565083683,0.025137879011103988,0.025137845470469627,0.025137811943146262,0.02513777842909959,0.025137744928295392,0.02513771144069963,0.02513767796627944,0.025137644504999737,0.025137611056825968,0.025137577621725835,0.025137544199665008,0.025137510790609892,0.025137477394527038,0.02513744401138303,0.025137410641144633,0.025137377283778573,0.025137343939251787,0.025137310607531212,0.02513727728858398,0.025137243982377162,0.025137210688877986,0.025137177408053837,0.025137144139872062,0.02513711088430019,0.025137077641305756,0.025137044410856495,0.025137011192920104,0.025136977987459418,0.025136944794452415,0.025136911613861033,0.025136878445654386,0.025136845289800664,0.025136812146264707,0.025136779015019626,0.025136745896032563,0.02513671278927191,0.025136679694710447,0.025136646612312734,0.02513661354205126,0.025136580483887495,0.025136547437797842,0.025136514403743634,0.025136481381696912,0.02513644837162753,0.025136415373505156,0.025136382387298876,0.025136349412978144,0.02513631645051334,0.025136283499871646,0.025136250561025666,0.0251362176339434,0.02513618471859552,0.02513615181494986,0.025136118922976822,0.025136086042648616,0.02513605317393426,0.02513602031680391,0.02513598747122795,0.025135954637177178,0.025135921814621116,0.025135889003530837,0.025135856203876775,0.0251358234156303,0.02513579063876834,0.025135757873248305,0.025135725119047044,0.02513569237613777,0.025135659644488727,0.02513562692407246,0.0251355942148602,0.025135561516824282,0.025135528829935198,0.025135496154151157,0.025135463489468123,0.025135430835845022,0.025135398193256085,0.025135365561673936,0.025135332941065073,0.02513530033140646,0.025135267732666458,0.025135235144820856,0.025135202567840003,0.025135170001688873,0.02513513744635524,0.025135104901802905,0.025135072368003053,0.02513503984492723,0.025135007332553996,0.025134974830855302,0.0251349423397983,0.02513490985937191,0.025134877389520048,0.025134844930213597,0.02513481248144582,0.02513478004319929,0.025134747615437016,0.025134715198129997,0.025134682791251618,0.025134650394758262,0.025134618008655126,0.02513458563290407,0.025134553267472767,0.025134520912340128,0.025134488567475848,0.025134456232862125,0.025134423908458926,0.025134391594246772,0.02513435929019988,0.025134326996293345,0.02513429471249833,0.025134262438791573,0.025134230175146308,0.025134197921537867,0.025134165677940006,0.02513413344432724,0.025134101220674058,0.02513406900695514,0.02513403680314501,0.025134004609219968,0.025133972425151998,0.025133940250917128,0.02513390808649927,0.02513387593185518,0.025133843786971734,0.02513381165182446,0.025133779526380635,0.025133747410621573,0.02513371530452039,0.025133683208053776,0.02513365112119482,0.025133619043879556,0.02513358697618464,0.025133554918010573,0.02513352286935008,0.025133490830178865,0.02513345880047072,0.02513342678020403,0.025133394769359354,0.025133362767900486,0.025133330775810148,0.025133298793063818,0.02513326681963809,0.02513323485551702,0.02513320290066153,0.025133170955057127,0.02513313901867728,0.025133107091500267,0.025133075173502183,0.025133043264685222,0.025133011364977993,0.025132979474373922,0.025132947592859663,0.025132915720410622,0.02513288385700044,0.025132852002607557,0.02513282015720904,0.025132788320782005,0.02513275649330341,0.025132724674752423,0.025132692865103414,0.025132661064336037,0.025132629272426817,0.025132597489353186,0.025132565715087877,0.0251325339496175,0.025132502192916583,0.025132470444961825,0.025132438705730408,0.0251324069752019,0.025132375253361983,0.025132343540170955,0.0251323118356224,0.025132280139681523,0.02513224845233359,0.0251322167735547,0.025132185103324333,0.025132153441596743,0.025132121788400096,0.025132090143687908,0.02513205850743793,0.025132026879629506,0.02513199526023973,0.025131963649249463,0.025131932046638047,0.025131900452379785,0.025131868866454698,0.025131837288845243,0.025131805719526716,0.025131774158481585,0.025131742605686385,0.025131711061122334,0.02513167952477423,0.02513164799660744,0.025131616476608352,0.02513158496475557,0.02513155346102896,0.02513152196540799,0.025131490477872,0.02513145899840029,0.02513142752698234,0.025131396063580162,0.02513136460818196,0.02513133316076727,0.02513130172131622,0.025131270289811602,0.025131238866227288,0.025131207450546297,0.025131176042746135,0.025131144642801088,0.025131113250710605,0.025131081866450668,0.025131050490033825,0.025131019121355708,0.025130987760442227,0.025130956407272496,0.025130925061830265,0.02513089372409397,0.025130862394044596,0.025130831071662203,0.02513079975692938,0.0251307684498352,0.02513073715033965,0.025130705858434053,0.025130674574100318,0.025130643297292848,0.025130612028044768,0.025130580766309422,0.02513054951207078,0.025130518265296244,0.025130487025991327,0.0251304557941256,0.025130424569674115,0.025130393352629656,0.025130362142968043,0.02513033094067073,0.025130299745719172,0.025130268558093742,0.025130237377778326,0.025130206204753414,0.02513017503900068,0.025130143880501898,0.025130112729238745,0.025130081585193066,0.02513005044834674,0.02513001931868169,0.025129988196179877,0.025129957080823332,0.025129925972594114,0.025129894871474306,0.025129863777446103,0.025129832690491686,0.02512980161059329,0.025129770537733197,0.025129739471893797,0.025129708413057446,0.025129677361206606,0.025129646316323754,0.025129615278391394,0.02512958424739216,0.025129553223308638,0.02512952220612316,0.025129491195819142,0.025129460192379872,0.025129429195786382,0.025129398206022415,0.02512936722307105,0.025129336246914737,0.025129305277536946,0.025129274314920548,0.025129243359048467,0.025129212409903363,0.025129181467469786,0.02512915053173018,0.025129119602667963,0.025129088680266247,0.02512905776450841,0.025129026855377712,0.025128995952865645,0.025128965056939838,0.02512893416759177,0.02512890328480481,0.02512887240856299,0.025128841538852024,0.025128810675644687,0.025128779818939354,0.025128748968713935,0.02512871812495838,0.025128687287643992,0.025128656456762887,0.025128625632297914,0.025128594814226243,0.02512856400254332,0.025128533197224696,0.02512850239825867,0.025128471605628373,0.02512844081931952,0.02512841003931375,0.02512837926559852,0.02512834849815364,0.025128317736966284,0.025128286982020194,0.02512825623330062,0.025128225490791134,0.025128194754477223,0.025128164024344667,0.025128133300374268,0.025128102582553748,0.025128071870866315,0.02512804116528075,0.02512801046581456,0.025127979772437394,0.025127949085132474,0.02512791840388029,0.025127887728675604,0.025127857059500037,0.02512782639633809,0.025127795739171666,0.02512776508798888,0.025127734442773348,0.025127703803511616,0.025127673170187912,0.025127642542787907,0.02512761192129685,0.025127581305700142,0.02512755069596907,0.025127520092124735,0.025127489494123623,0.025127458901959325,0.0251274283155826,0.025127397735047262,0.025127367160303993,0.025127336591339543,0.025127306028135586,0.025127275470676596,0.025127244918961837,0.0251272143729689,0.02512718383268307,0.025127153298046143,0.025127122769128866,0.025127092245879872,0.0251270617282819,0.02512703121631926,0.025127000709981556,0.025126970209253623,0.025126939714121284,0.02512690922456984,0.025126878740585838,0.0251268482621404,0.025126817789250928,0.025126787321888007,0.02512675686003821,0.025126726403678346,0.0251266959528157,0.025126665507425466,0.025126635067495247,0.02512660463300644,0.02512657420394948,0.025126543780310758,0.025126513362074845,0.02512648294921292,0.02512645254172863,0.02512642213963048,0.025126391742885026,0.02512636135145748,0.025126330965375893,0.025126300584603883,0.025126270209152438,0.025126239838948253,0.025126209474035766,0.025126179114387213,0.025126148759964943,0.025126118410795425,0.025126088066855647,0.025126057728118975,0.0251260273945579,0.025125997066190127,0.025125966742982935,0.025125936424953952,0.025125906112070075,0.025125875804298557,0.025125845501668118,0.02512581520414423,0.025125784911715323,0.025125754624392198,0.025125724342115997,0.025125694064906383,0.025125663792732664,0.025125633525589473,0.025125603263472834,0.025125573006359866,0.025125542754242745,0.02512551250710909,0.0251254822649472,0.025125452027745413,0.02512542179548947,0.025125391568147762,0.02512536134575104,0.025125331128267925,0.025125300915680007,0.025125270707968363,0.0251252405051433,0.02512521030715865,0.025125180114025033,0.02512514992575181,0.025125119742306745,0.025125089563655157,0.02512505938982874,0.025125029220794466,0.025124999056540816,0.025124968897056624,0.025124938742283352,0.025124908592298496,0.025124878447028876,0.02512484830649097,0.02512481817065377,0.025124788039539877,0.025124757913090885,0.025124727791341245,0.02512469767425632,0.025124667561823775,0.025124637454062338,0.02512460735090727,0.025124577252362685,0.02512454715843103,0.02512451706909869,0.025124486984351407,0.02512445690417928,0.025124426828574898,0.02512439675751438,0.025124366691001068,0.02512433662901815,0.025124306571577142,0.025124276518623274,0.025124246470170634,0.02512421642620223,0.025124186386705737,0.025124156351677657,0.025124126321105344,0.02512409629497623,0.02512406627328445,0.02512403625600828,0.025124006243140505,0.025123976234704082,0.025123946230623202,0.025123916230925,0.025123886235600152,0.02512385624463436,0.025123826258016107,0.025123796275737235,0.02512376629778314,0.025123736324146433,0.025123706354813664,0.02512367638977633,0.02512364642902325,0.025123616472530582,0.025123586520317116,0.025123556572367055,0.025123526628651437,0.02512349668917478,0.025123466753916125,0.025123436822870198,0.025123406896025,0.02512337697337484,0.02512334705490221,0.025123317140607258,0.025123287230473093,0.025123257324509516,0.02512322742266917,0.025123197524964735,0.025123167631377598,0.025123137741908105,0.0251231078565414,0.0251230779752739,0.02512304809808188,0.025123018224963274,0.025122988355918068,0.025122958490908745,0.02512292862995286,0.02512289877303033,0.02512286892011781,0.025122839071230946,0.02512280922635307,0.025122779385470143,0.025122749548574113,0.025122719715642568,0.025122689886683973,0.025122660061685606,0.025122630240637024,0.025122600423525508,0.025122570610343342,0.02512254080111102,0.025122510995761474,0.025122481194326383,0.025122451396795687,0.025122421603115928,0.025122391813313424,0.025122362027376114,0.02512233224529354,0.025122302467066805,0.025122272692662276,0.025122242922095313,0.025122213155330485,0.025122183392370795,0.025122153633217136,0.02512212387785968,0.02512209412630105,0.02512206437849685,0.02512203463447308,0.02512200489418911,0.02512197515765076,0.025121945424837137,0.025121915695746917,0.025121885970420272,0.02512185624878608,0.025121826530840802,0.025121796816584507,0.025121767106016844,0.025121737399122972,0.025121707695888017,0.025121677996321774,0.025121648300392686,0.02512161860811127,0.025121588919491233,0.025121559234473345,0.02512152955308708,0.02512149987523538,0.02512147020097332,0.02512144053034491,0.025121410863297177,0.025121381199793655,0.025121351539914457,0.02512132188358538,0.025121292230781963,0.02512126258151647,0.02512123293577208,0.025121203293557257,0.025121173654855253,0.025121144019657832,0.025121114387956653,0.025121084759719532,0.025121055134961434,0.02512102551369961,0.02512099589590113,0.025120966281557883,0.025120936670655833,0.02512090706319614,0.025120877459144677,0.025120847858516225,0.025120818261326065,0.025120788667519222,0.025120759077134396,0.02512072949013535,0.025120699906522537,0.025120670326285423,0.02512064074941358,0.025120611175901496,0.025120581605739812,0.02512055203892096,0.02512052247543721,0.02512049291528122,0.025120463358443916,0.02512043380491815,0.02512040425469626,0.025120374707770714,0.025120345164133463,0.025120315623776788,0.025120286086693106,0.025120256552875156,0.025120227022314538,0.02512019749500418,0.025120167970936053,0.02512013845011292,0.025120108932507115,0.025120079418121194,0.025120049906947484,0.025120020398989227,0.025119990894218583,0.025119961392647265,0.025119931894258003,0.025119902399045397,0.025119872906989443,0.025119843418090135,0.02511981393235783,0.02511978444977254,0.025119754970324485,0.02511972549399246,0.025119696020796164,0.02511966655070381,0.025119637083723854,0.02511960761984564,0.025119578159058784,0.025119548701361058,0.025119519246743494,0.025119489795198943,0.025119460346717172,0.025119430901297216,0.02511940145892582,0.02511937201959898,0.02511934258331273,0.025119313150056926,0.025119283719821413,0.02511925429260237,0.02511922486839252,0.025119195447185327,0.025119166028973662,0.02511913661375012,0.025119107201508804,0.02511907779224241,0.0251190483859439,0.02511901898260654,0.025118989582223594,0.02511896018478738,0.025118930790292596,0.025118901398732244,0.0251188720100985,0.025118842624384734,0.025118813241585134,0.02511878386169227,0.02511875448470007,0.02511872511060115,0.025118695739389244,0.025118666371057526,0.025118637005599794,0.025118607643008238,0.025118578283280662,0.02511854892640528,0.025118519572377023,0.02511849022118726,0.025118460872831615,0.02511843152730015,0.025118402184584696,0.025118372844710076,0.02511834350762727,0.0251183141733463,0.025118284841862397,0.025118255513160666,0.025118226187232338,0.02511819686409599,0.02511816754372971,0.025118138226137773,0.02511810891129105,0.025118079599195303,0.02511805028984283,0.02511802098321634,0.02511799167933602,0.02511796237816268,0.025117933079710456,0.0251179037839875,0.025117874490946226,0.025117845200632795,0.025117815913010738,0.025117786628081527,0.025117757345834345,0.025117728066263688,0.025117698789364314,0.025117669515129334,0.025117640243552657,0.02511761097461612,0.02511758170833816,0.025117552444699955,0.02511752318369963,0.025117493925326393,0.02511746466956543,0.02511743541642696,0.025117406165899043,0.02511737691799802,0.025117347672685232,0.025117318429954696,0.025117289189828706,0.025117259952255885,0.0251172307172547,0.025117201484823524,0.02511717225495429,0.025117143027642223,0.025117113802884616,0.025117084580680907,0.025117055361010193,0.025117026143883,0.025116996929284027,0.025116967717197295,0.025116938507640275,0.02511690930059455,0.02511688009605517,0.02511685089401865,0.02511682169447719,0.025116792497423313,0.025116763302853614,0.02511673411076427,0.025116704921146985,0.025116675733997545,0.02511664654930905,0.02511661736707742,0.025116588187296198,0.025116559009959967,0.025116529835070064,0.02511650066260916,0.025116471492576366,0.02511644232496588,0.025116413159779784,0.02511638399700438,0.02511635483663894,0.025116325678664578,0.02511629652309433,0.025116267369914916,0.025116238219117737,0.02511620907070264,0.025116179924664066,0.025116150780991754,0.02511612163968074,0.025116092500737083,0.025116063364147317,0.025116034229878365,0.025116005097962905,0.025115975968400518,0.02511594684117841,0.025115917716284877,0.025115888593700463,0.025115859473447154,0.025115830355522412,0.0251158012398815,0.025115772126550667,0.025115743015509825,0.025115713906760026,0.02511568480030768,0.025115655696127455,0.02511562659419919,0.02511559749455749,0.02511556839718267,0.02511553930206968,0.02511551020921359,0.02511548111860929,0.025115452030252103,0.025115422944136708,0.025115393860258437,0.025115364778612086,0.025115335699192994,0.025115306621996285,0.025115277547017024,0.02511524847425006,0.02511521940369059,0.025115190335334204,0.02511516126917564,0.025115132205210392,0.025115103143433452,0.02511507408383994,0.025115045026425052,0.02511501597118397,0.02511498691811211,0.025114957867204978,0.025114928818457383,0.02511489977186514,0.0251148707274228,0.025114841685126173,0.025114812644970723,0.025114783606951133,0.025114754571063037,0.025114725537302082,0.025114696505663312,0.025114667476142105,0.025114638448734253,0.025114609423434547,0.025114580400255115,0.025114551379175117,0.02511452236018997,0.02511449334329513,0.025114464328486037,0.025114435315758223,0.025114406305107136,0.02511437729652826,0.025114348290017158,0.025114319285569325,0.02511429028318025,0.025114261282845548,0.025114232284560757,0.025114203288321455,0.0251141742941232,0.025114145301961585,0.025114116311832243,0.025114087323730768,0.025114058337652775,0.02511402935359392,0.02511400037154987,0.025113971391516287,0.025113942413488823,0.025113913437463213,0.02511388446343509,0.0251138554914002,0.025113826521354257,0.02511379755329299,0.025113768587212152,0.02511373962310746,0.025113710660974713,0.025113681700809704,0.02511365274260818,0.025113623786365964,0.025113594832078867,0.025113565879742682,0.025113536929353274,0.025113507980906464,0.02511347903439811,0.025113450089824105,0.025113421147180306,0.025113392206462574,0.025113363267666836,0.025113334330788988,0.025113305395824962,0.025113276462770683,0.025113247531622057,0.02511321860237508,0.02511318967502572,0.02511316074956992,0.025113131826003672,0.025113102904322976,0.025113073984523834,0.025113045066602276,0.025113016150554307,0.02511298723637596,0.025112958324063316,0.02511292941361238,0.02511290050501926,0.025112871598280035,0.025112842693390754,0.025112813790347556,0.02511278488914655,0.025112755989783814,0.025112727092255517,0.025112698196557814,0.025112669302686786,0.025112640410638657,0.02511261152040956,0.025112582631991176,0.025112553745384243,0.025112524860584916,0.02511249597758948,0.025112467096398562,0.025112438217003895,0.025112409339401787,0.025112380463574124,0.025112351589531505,0.025112322717281862,0.02511229384679809,0.0251122649781025,0.025112236111162485,0.025112207245988914,0.025112178382582093,0.02511214952093407,0.025112120661037855,0.02511209180289656,0.025112062946499848,0.02511203409184756,0.025112005238936315,0.025111976387762084,0.025111947538321758,0.02511191869061107,0.02511188984462685,0.025111861000367552,0.025111832157825757,0.025111803316999543,0.025111774477886883,0.025111745640482436,0.02511171680478202,0.025111687970783083,0.025111659138482397,0.025111630307875953,0.025111601478978757,0.0251115726517506,0.025111543826225345,0.02511151500238088,0.025111486180193886,0.025111457359680307,0.025111428540837172,0.02511139972366061,0.025111370908168416,0.02511134209433642,0.02511131328213865,0.02511128447159439,0.02511125566269907,0.02511122685547391,0.025111198049868753,0.02511116924590326,0.02511114044359788,0.02511111164292576,0.025111082843883522,0.025111054046467893,0.025111025250651845,0.025110996456455405,0.025110967663896734,0.02511093887295445,0.02511091008361931,0.02511088129589104,0.02511085250976637,0.025110823725242034,0.02511079494231481,0.025110766160981447,0.0251107373812387,0.02511070860308339,0.025110679826512283,0.025110651051522197,0.025110622278109958,0.02511059350627239,0.025110564736006275,0.0251105359673085,0.02511050720018256,0.025110478434614756,0.025110449670602997,0.02511042090814693,0.025110392147243473,0.02511036338788953,0.025110334630081995,0.02511030587381772,0.025110277119093683,0.02511024836589693,0.025110219614234736,0.025110190864103373,0.02511016211551111,0.025110133368409067,0.025110104622836638,0.02511007587879726,0.025110047136260267,0.02511001839524041,0.025109989655728034,0.02510996091772927,0.025109932181249503,0.025109903446257485,0.02510987471277624,0.025109845980789757,0.025109817250295124,0.02510978852129067,0.02510975979377084,0.02510973106773398,0.02510970234317721,0.02510967362009732,0.02510964489849187,0.025109616178357632,0.025109587459696877,0.025109558742496527,0.025109530026758697,0.025109501312480745,0.025109472599664718,0.025109443888302763,0.025109415178391936,0.0251093864699294,0.02510935776290845,0.025109329057333984,0.02510930035319934,0.0251092716505016,0.025109242949237977,0.025109214249405747,0.025109185551002115,0.025109156854024074,0.025109128158469017,0.025109099464334192,0.025109070771616913,0.025109042080314295,0.025109013390423502,0.025108984701941946,0.025108956014866807,0.025108927329195597,0.02510889864492518,0.025108869962053096,0.025108841280576614,0.025108812600492934,0.02510878392179955,0.025108755244493585,0.02510872656857243,0.025108697894033433,0.025108669220873757,0.025108640549091003,0.02510861187868224,0.025108583209645163,0.025108554541976927,0.025108525875674945,0.02510849721073657,0.025108468547159226,0.025108439884940294,0.02510841122407708,0.02510838256456716,0.02510835390640781,0.025108325249596414,0.0251082965941303,0.025108267940007114,0.025108239287224277,0.025108210635779196,0.025108181985669366,0.02510815333689225,0.025108124689445132,0.025108096043325593,0.02510806739853109,0.025108038755059223,0.025108010112907444,0.02510798147206982,0.025107952832550566,0.02510792419434339,0.025107895557443624,0.025107866921832832,0.025107838287527537,0.025107809654524044,0.025107781022822268,0.025107752392431515,0.025107723763323136,0.025107695135523796,0.025107666508998518,0.025107637883775895,0.025107609259824595,0.02510758063716913,0.025107552015794746,0.02510752339570629,0.025107494776889474,0.0251074661593471,0.025107437543072524,0.025107408928065077,0.02510738031432844,0.025107351701860566,0.02510732309061645,0.025107294480660756,0.02510726587196215,0.025107237264524518,0.025107208658336735,0.02510718005338991,0.025107151449702,0.02510712284727973,0.02510709424608007,0.02510706564612098,0.02510703704740794,0.02510700844990236,0.025106979853644282,0.025106951258605462,0.02510692266481989,0.025106894072275086,0.025106865480941074,0.02510683689084125,0.025106808301936897,0.025106779714281588,0.0251067511278211,0.02510672254257347,0.025106693958533988,0.025106665375698986,0.025106636794078104,0.0251066082136634,0.02510657963445492,0.025106551056446283,0.025106522479632028,0.025106493904013854,0.025106465329591147,0.02510643675636021,0.025106408184320396,0.025106379613459365,0.02510635104379066,0.02510632247530507,0.02510629390800041,0.025106265341874733,0.02510623677692498,0.025106208213148903,0.02510617965054647,0.02510615108911808,0.02510612252883847,0.025106093969741252,0.0251060654118068,0.02510603685505997,0.025106008299472203,0.02510597974504296,0.025105951191748403,0.025105922639604088,0.0251058940886108,0.02510586553877288,0.025105836990053226,0.025105808442503815,0.02510577989609225,0.025105751350828216,0.025105722806704353,0.025105694263723586,0.025105665721838866,0.02510563718112849,0.0251056086415476,0.02510558010308824,0.025105551565754926,0.025105523029553038,0.025105494494440394,0.025105465960474155,0.02510543742762881,0.025105408895900398,0.025105380365288612,0.025105351835790123,0.025105323307402422,0.02510529478012437,0.02510526625396581,0.025105237728896217,0.0251052092049474,0.025105180682087395,0.025105152160324936,0.02510512363965877,0.02510509512009228,0.025105066601620245,0.025105038084240288,0.025105009567950715,0.02510498105274518,0.025104952538634328,0.025104924025603423,0.02510489551365595,0.02510486700278574,0.025104838492997134,0.0251048099842837,0.025104781476647315,0.02510475297008479,0.02510472446459282,0.025104695960167765,0.02510466745681306,0.025104638954488074,0.02510461045327226,0.02510458195310622,0.025104553453960864,0.025104524955913036,0.025104496458926408,0.025104467962980968,0.025104439468100592,0.025104410974272778,0.0251043824814899,0.02510435398976018,0.0251043254990735,0.025104297009428782,0.02510426852082142,0.025104240033264617,0.02510421154674461,0.025104183061265366,0.025104154576820227,0.025104126093409063,0.025104097611028574,0.02510406912966743,0.02510404064934126,0.025104012170046534,0.025103983691734857,0.025103955214480604,0.02510392673825502,0.025103898263044766,0.0251038697888525,0.025103841315676504,0.02510381284351522,0.02510378437236602,0.025103755902228825,0.025103727433105554,0.02510369896499721,0.025103670497884725,0.025103642031780303,0.025103613566673642,0.025103585102572608,0.025103556639467742,0.025103528177359457,0.025103499716247396,0.02510347125612995,0.025103442797008026,0.025103414338880834,0.02510338588174549,0.025103357425593994,0.02510332897042997,0.025103300516245174,0.025103272063043063,0.02510324361078847,0.02510321515954769,0.02510318670928956,0.02510315826000825,0.025103129811682997,0.025103101364349862,0.025103072917982333,0.02510304447258544,0.025103016028162648,0.025102987584710895,0.025102959142196755,0.02510293070067419,0.025102902260087732,0.025102873820481573,0.025102845381782528,0.025102816944095607,0.025102788507376714,0.025102760071601563,0.025102731636796924,0.025102703202930562,0.02510267477000943,0.025102646338035044,0.02510261790701997,0.02510258947694328,0.02510256104778666,0.025102532619573605,0.02510250419230404,0.02510247576597781,0.025102447340593234,0.025102418916151083,0.02510239049262384,0.02510236207003357,0.02510233364839804,0.025102305227685955,0.02510227680789487,0.025102248389014172,0.02510221997108279,0.025102191554080538,0.025102163138004806,0.025102134722844067,0.025102106308602455,0.025102077895284673,0.02510204948288285,0.025102021071396818,0.025101992660828996,0.02510196425116722,0.025101935842360576,0.025101907434467427,0.02510187902753829,0.02510185062151622,0.02510182221641569,0.025101793812205262,0.025101765408894867,0.02510173700645773,0.025101708604950337,0.025101680204341635,0.025101651804636266,0.025101623405820426,0.025101595007900747,0.02510156661087319,0.02510153821473703,0.025101509819491347,0.02510148142513148,0.025101453031662356,0.025101424639079876,0.025101396247381932,0.02510136785656754,0.025101339466635314,0.02510131107758395,0.025101282689442752,0.02510125430223408,0.025101225915822433,0.02510119753029552,0.025101169145618617,0.025101140761830187,0.025101112378906616,0.025101083996853114,0.025101055615770772,0.025101027235441727,0.025100998855999496,0.02510097047741452,0.025100942099695503,0.02510091372283521,0.025100885346836365,0.025100856971702813,0.02510082859741649,0.02510080022398743,0.025100771851431666,0.025100743479718402,0.02510071510885828,0.025100686738874917,0.025100658369718705,0.02510063000141061,0.025100601633952956,0.02510057326733701,0.025100544901569516,0.025100516536648732,0.025100488172568138,0.025100459809332388,0.025100431446933386,0.025100403085379697,0.025100374724659723,0.025100346364776562,0.02510031800573879,0.02510028964751853,0.02510026129014559,0.02510023293359628,0.02510020457787917,0.025100176222991103,0.025100147868931822,0.02510011951569676,0.025100091163274,0.025100062811691956,0.02510003446093366,0.0251000061109923,0.025099977761878924,0.02509994941357138,0.025099921066092493,0.02509989271947065,0.02509986437362792,0.025099836028600192,0.025099807684388464,0.025099779340991987,0.025099750998408533,0.025099722656630043,0.025099694315660805,0.025099665975494134,0.02509963763606423,0.025099609297507163,0.025099580959813746,0.025099552622833775,0.025099524286701508,0.02509949595141822,0.025099467616881355,0.02509943928317789,0.025099410950275656,0.025099382618130644,0.02509935428676505,0.025099325956255476,0.02509929762653457,0.02509926929760521,0.02509924096942848,0.025099212642040913,0.025099184315448005,0.025099155989690997,0.025099127664667327,0.025099099340423935,0.02509907101699638,0.025099042694325856,0.025099014372437226,0.025098986051313346,0.025098957730990315,0.025098929411446248,0.025098901092675735,0.0250988727746864,0.025098844457472708,0.02509881614103379,0.025098787825368424,0.02509875951047547,0.025098731196353932,0.025098702883002835,0.02509867457042112,0.025098646258607558,0.02509861794756126,0.025098589637281173,0.025098561327766212,0.025098533019015344,0.025098504711027477,0.0250984764038016,0.025098448097336593,0.025098419791631504,0.025098391486685155,0.025098363182496915,0.02509833487906546,0.02509830657638978,0.02509827827446874,0.025098249973301387,0.025098221672887028,0.025098193373224262,0.025098165074312336,0.025098136776133956,0.025098108478720467,0.025098080182017177,0.025098051886080334,0.025098023590890556,0.025097995296456285,0.025097967002754972,0.025097938709805753,0.025097910417578594,0.025097882126112782,0.025097853835390933,0.025097825545388162,0.02509779725613848,0.025097768967624747,0.025097740679847505,0.025097712392804956,0.025097684106496487,0.025097655820920883,0.02509762753607545,0.025097599251969534,0.025097570968542707,0.02509754268588617,0.02509751440391634,0.02509748612271717,0.025097457842200924,0.025097429562436147,0.02509740128341272,0.025097373005116667,0.025097344727539682,0.02509731645068765,0.025097288174566135,0.025097259899153058,0.025097231624451793,0.025097203350475283,0.02509717507720934,0.025097146804668253,0.0250971185328838,0.025097090261776447,0.02509706199137361,0.02509703372164918,0.02509700545267242,0.025096977184404023,0.025096948916843345,0.02509692065000752,0.025096892383866892,0.02509686411844793,0.025096835853719583,0.025096807589702955,0.025096779326402537,0.02509675106379033,0.025096722801790483,0.025096694540575,0.02509666628004749,0.025096638020206417,0.02509660976107514,0.02509658150265889,0.02509655324493862,0.025096524987917337,0.025096496731590014,0.02509646847595464,0.02509644022098109,0.02509641196677024,0.025096383713193927,0.025096355460284228,0.025096327208106697,0.02509629895661962,0.025096270705821096,0.025096242455711983,0.025096214206290823,0.025096185957541723,0.025096157709491248,0.02509612946212372,0.02509610121543667,0.025096072969432823,0.02509604472411307,0.025096016479474702,0.025095988235516085,0.025095959992355744,0.025095931749758594,0.025095903507835405,0.02509587526658891,0.025095847026018477,0.025095818786123283,0.025095790546902415,0.02509576230835641,0.025095734070481816,0.025095705833279153,0.025095677596747638,0.025095649360886457,0.025095621125694953,0.025095592891172035,0.025095564657314263,0.0250955364241299,0.025095508191614692,0.025095479959752705,0.02509545172851464,0.02509542349799239,0.025095395268181248,0.02509536703897314,0.025095338810430613,0.0250953105825685,0.025095282355349902,0.025095254128767813,0.025095225902869323,0.02509519767761868,0.025095169453025572,0.025095141229095393,0.025095113005819212,0.025095084783199193,0.025095056561233113,0.02509502833992023,0.025095000119259744,0.025094971899250928,0.02509494367989305,0.025094915461185304,0.025094887243127004,0.025094859025717366,0.02509483080896773,0.02509480259287386,0.025094774377361302,0.025094746162570243,0.02509471794843816,0.025094689734931876,0.02509466152203159,0.02509463330973945,0.025094605098135575,0.025094576887182588,0.025094548676868115,0.025094520467193716,0.025094492258146736,0.025094464049749625,0.025094435841984807,0.025094407634835243,0.025094379428406643,0.025094351222548494,0.025094323017322864,0.025094294812734643,0.0250942666087661,0.02509423840544226,0.025094210202754638,0.02509418200069632,0.02509415379926946,0.02509412559850978,0.02509409739834152,0.02509406919880697,0.02509404099990004,0.025094012801612654,0.025093984603993865,0.025093956406961007,0.02509392821064366,0.025093900014874534,0.02509387181969661,0.025093843625172238,0.025093815431253687,0.025093787237948733,0.025093759045273115,0.025093730853218435,0.025093702661782714,0.025093674470965815,0.0250936462807675,0.025093618091187035,0.025093589902224087,0.025093561713876802,0.025093533526146575,0.02509350533903136,0.02509347715253049,0.02509344896664166,0.025093420781408003,0.02509339259671247,0.025093364412725867,0.02509333622928923,0.025093308046459657,0.02509327986423985,0.025093251682630196,0.02509322350165775,0.025093195321264285,0.025093167141480403,0.025093138962305212,0.02509311078373069,0.025093082605761468,0.025093054428397727,0.025093026251640504,0.025092998075483795,0.025092969899933155,0.025092941724974553,0.025092913550624957,0.025092885376878864,0.025092857203733124,0.02509282903127156,0.025092800859292025,0.025092772687940756,0.025092744517190967,0.02509271634700809,0.025092688177451604,0.025092660008488407,0.02509263184012051,0.025092603672335696,0.025092575505155767,0.025092547338569873,0.025092519172650225,0.025092491007249546,0.025092462842436596,0.025092434678219443,0.025092406514579564,0.025092378351506222,0.025092350189065443,0.02509232202720806,0.0250922938659472,0.025092265705265453,0.02509223754517888,0.025092209385679787,0.025092181226766035,0.025092153068438032,0.025092124910696043,0.02509209675353571,0.025092068596959775,0.025092040440968685,0.025092012285560298,0.02509198413073377,0.025091955976480677,0.025091927822816194,0.02509189966972343,0.025091871517220386,0.0250918433652958,0.025091815213936115,0.02509178706315812,0.0250917589129555,0.025091730763340057,0.025091702614286386,0.02509167446581846,0.025091646317926413,0.02509161817059773,0.025091590023842966,0.025091561877661435,0.025091533732052595,0.025091505587023475,0.025091477442558602,0.025091449298674174,0.025091421155358888,0.025091393012606388,0.025091364870474916,0.025091336728860575,0.025091308587815893,0.02509128044733908,0.025091252307424743,0.025091224168082626,0.02509119602929282,0.025091167891074972,0.025091139753444236,0.025091111616355525,0.025091083479834818,0.025091055343881497,0.025091027208478077,0.02509099907364431,0.025090970939378857,0.02509094280566379,0.02509091467252214,0.02509088653994566,0.025090858407923303,0.02509083027646367,0.025090802145566055,0.02509077401521786,0.02509074588542616,0.0250907177561964,0.025090689627520323,0.02509066149940383,0.025090633371840115,0.025090605244834502,0.025090577118383722,0.025090548992483398,0.025090520867104688,0.02509049274227763,0.025090464618038766,0.025090436494319187,0.025090408371147267,0.025090380248524412,0.025090352126476433,0.025090324004959814,0.02509029588399363,0.025090267763697247,0.025090239643802092,0.025090211524526704,0.0250901834058661,0.02509015528767572,0.02509012717000544,0.0250900990529156,0.02509007093636803,0.025090042820366285,0.02509001470492721,0.02508998659001485,0.025089958475650716,0.0250899303618234,0.02508990224852619,0.025089874135772523,0.025089846023560607,0.025089817911883364,0.025089789800785686,0.02508976169019239,0.025089733580163854,0.025089705470672588,0.025089677361703273,0.025089649253299196,0.025089621145422042,0.0250895930380587,0.025089564931258402,0.025089536824994395,0.02508950871927293,0.02508948061408318,0.025089452509433965,0.025089424405272936,0.025089396301692525,0.025089368198603447,0.025089340096024863,0.025089311993995084,0.02508928389255466,0.025089255791552363,0.02508922769114948,0.02508919959128105,0.025089171491982552,0.025089143393214657,0.02508911529496293,0.02508908719724964,0.025089059100033197,0.025089031003392104,0.025089002907270567,0.025088974811675314,0.025088946716600807,0.025088918622060856,0.025088890528038255,0.025088862434541795,0.025088834341569208,0.02508880624912654,0.025088778157221797,0.025088750065828117,0.025088721974957085,0.0250886938846137,0.025088665794760483,0.025088637705417357,0.025088609616628784,0.025088581528370024,0.02508855344063106,0.025088525353386786,0.02508849726668226,0.025088469180522942,0.02508844109485901,0.02508841300976206,0.025088384925138048,0.025088356841070945,0.02508832875752858,0.025088300674461647,0.02508827259189914,0.025088244509847115,0.025088216428328362,0.025088188347388483,0.025088160266943566,0.025088132186974105,0.025088104107516024,0.025088076028524177,0.025088047950079576,0.025088019872239863,0.025087991794846266,0.025087963717960383,0.025087935641584555,0.025087907565773025,0.025087879490432168,0.025087851415592218,0.025087823341268876,0.025087795267443126,0.02508776719413554,0.02508773912133807,0.02508771104905557,0.025087682977289704,0.025087654906023486,0.025087626835271833,0.025087598765010485,0.025087570695278696,0.025087542626053134,0.02508751455733493,0.02508748648912568,0.02508745842142138,0.025087430354230087,0.025087402287534952,0.02508737422133814,0.025087346155654118,0.02508731809047316,0.025087290025799965,0.02508726196163832,0.025087233897974202,0.025087205834794353,0.02508717777214437,0.025087149709964108,0.02508712164829392,0.0250870935871206,0.025087065526434638,0.025087037466268152,0.025087009406594588,0.02508698134742595,0.025086953288757076,0.02508692523058501,0.025086897172844968,0.02508686911566824,0.025086841058991387,0.02508681300281197,0.025086784947133872,0.025086756891952434,0.025086728837267598,0.025086700783075122,0.025086672729323023,0.025086644676125532,0.02508661662342354,0.025086588571214003,0.02508656051950133,0.025086532468282675,0.025086504417557918,0.02508647636732658,0.025086448317590607,0.025086420268345087,0.02508639221959216,0.02508636417133111,0.025086336123561762,0.025086308076283693,0.025086280029499215,0.025086251983202933,0.025086223937418235,0.025086195892105628,0.025086167847258516,0.025086139802882896,0.02508611175902852,0.025086083715657927,0.025086055672782832,0.02508602763035298,0.025085999588453086,0.025085971547041418,0.025085943506115416,0.025085915465633685,0.0250858874256825,0.025085859386230366,0.025085831347268158,0.02508580330877957,0.025085775270817214,0.025085747233295375,0.02508571919630091,0.02508569115974986,0.025085663123679207,0.025085635088108512,0.025085607053013177,0.025085579018401992,0.025085550984263596,0.025085522950606974,0.025085494917433657,0.025085466884741937,0.025085438852530364,0.025085410820763702,0.025085382789540932,0.02508535475877094,0.025085326728480063,0.025085298698665975,0.02508527066933382,0.025085242640480093,0.025085214612104185,0.02508518658421933,0.02508515855680099,0.02508513052990085,0.025085102503461958,0.02508507447747129,0.025085046451956045,0.025085018426918692,0.025084990402349194,0.02508496237814681,0.025084934354543294,0.025084906331398052,0.025084878308721838,0.025084850286533403,0.025084822264821054,0.025084794243611243,0.025084766222888164,0.025084738202614736,0.0250847101828048,0.025084682163467487,0.02508465414464045,0.02508462612618775,0.02508459810826007,0.025084570090811466,0.025084542073899846,0.025084514057394303,0.025084486041358597,0.02508445802579142,0.025084430010715933,0.025084401996108795,0.025084373981960346,0.025084345968267238,0.025084317955113823,0.025084289942442613,0.025084261930171995,0.025084233918358585,0.025084205907018913,0.025084177896151513,0.025084149885720497,0.025084121875780054,0.025084093866300436,0.02508406585732134,0.025084037848774922,0.025084009840703216,0.025083981833090067,0.025083953825909947,0.025083925819229313,0.025083897813001993,0.025083869807250928,0.025083841801931756,0.025083813797108622,0.025083785792793398,0.025083757788900124,0.02508372978547008,0.025083701782476236,0.02508367377997172,0.025083645777927037,0.025083617776313703,0.02508358977521623,0.025083561774583756,0.025083533774390772,0.02508350577463322,0.025083477775363898,0.02508344977654856,0.025083421778257495,0.025083393780372158,0.025083365782940206,0.025083337785966966,0.02508330978945255,0.02508328179340792,0.025083253797749335,0.025083225802611873,0.025083197807934297,0.02508316981371979,0.025083141819972267,0.02508311382667295,0.025083085833778475,0.025083057841361847,0.025083029849424246,0.025083001857953573,0.025082973866939726,0.02508294587633443,0.02508291788622394,0.025082889896510033,0.02508286190730951,0.0250828339185618,0.025082805930271967,0.02508277794243415,0.025082749955057004,0.025082721968222848,0.02508269398176773,0.025082665995744418,0.02508263801017801,0.025082610025033383,0.02508258204036523,0.025082554056165187,0.02508252607241201,0.025082498089110294,0.02508247010626759,0.02508244212385406,0.025082414142052,0.025082386160549572,0.02508235817952487,0.025082330198928856,0.025082302218778576,0.02508227423907833,0.025082246259841973,0.02508221828114453,0.02508219030279279,0.025082162324909493,0.025082134347454568,0.02508210637047622,0.02508207839392662,0.025082050417825328,0.025082022442167094,0.025081994466940257,0.025081966492146217,0.025081938517807646,0.02508191054393388,0.02508188257048742,0.025081854597569918,0.02508182662504908,0.025081798652962305,0.02508177068137578,0.02508174271017668,0.025081714739371538,0.025081686769079098,0.025081658799219173,0.02508163082987301,0.02508160286090216,0.025081574892372144,0.02508154692429685,0.025081518956652806,0.02508149098945664,0.025081463022706897,0.02508143505639753,0.025081407090530784,0.02508137912511044,0.02508135116012593,0.02508132319558475,0.025081295231496138,0.025081267267785985,0.025081239304569035,0.025081211341804414,0.02508118337947863,0.025081155417617493,0.02508112745615714,0.025081099495216568,0.025081071534671224,0.02508104357454638,0.025081015614868786,0.025080987655614322,0.02508095969681076,0.025080931738432653,0.02508090378056047,0.025080875823058728,0.02508084786600133,0.02508081990938612,0.025080791953209797,0.02508076399747018,0.025080736042172858,0.025080708087332187,0.025080680132911797,0.025080652178846224,0.025080624225291413,0.02508059627217375,0.02508056831953043,0.025080540367239782,0.025080512415430575,0.02508048446404896,0.025080456513153618,0.025080428562650088,0.025080400612581776,0.02508037266299676,0.025080344713816878,0.025080316765061866,0.02508028881673152,0.025080260868845124,0.025080232921382374,0.025080204974353117,0.025080177027773078,0.02508014908161232,0.02508012113587888,0.025080093190585028,0.025080065245735632,0.02508003730130705,0.025080009357359313,0.025079981413801713,0.025079953470669485,0.025079925528055106,0.02507989758581223,0.025079869643956195,0.025079841702548164,0.025079813761573137,0.025079785821046103,0.025079757880928692,0.025079729941244577,0.02507970200199145,0.025079674063179905,0.025079646124787858,0.02507961818682595,0.025079590249295562,0.02507956231219126,0.0250795343755339,0.025079506439288614,0.02507947850347062,0.025079450568099678,0.02507942263315852,0.02507939469862979,0.02507936676452657,0.025079338830807978,0.02507931089758311,0.025079282964766327,0.025079255032364495,0.02507922710039901,0.025079199168861085,0.025079171237748447,0.025079143307062682,0.025079115376802807,0.025079087446971907,0.025079059517607572,0.025079031588632044,0.025079003660077332,0.025078975731990426,0.02507894780428513,0.02507891987700628,0.025078891950155315,0.025078864023726295,0.025078836097722986,0.025078808172141073,0.025078780246986232,0.025078752322256412,0.0250787243979691,0.025078696474089803,0.02507866855063159,0.025078640627598275,0.025078612704985775,0.025078584782818093,0.02507855686104925,0.02507852893968568,0.025078501018765794,0.025078473098265316,0.02507844517818793,0.025078417258533502,0.025078389339301545,0.02507836142048875,0.02507833350209514,0.02507830558412439,0.025078277666578285,0.025078249749448032,0.025078221832739445,0.025078193916424175,0.025078166000555867,0.025078138085113492,0.025078110170090987,0.025078082255488222,0.02507805434134924,0.025078026427587507,0.025077998514250174,0.02507797060132364,0.025077942688816156,0.025077914776727685,0.02507788686506079,0.02507785895381551,0.025077831042984784,0.025077803132616858,0.025077775222628017,0.025077747313047998,0.025077719403883987,0.02507769149514315,0.025077663586816394,0.025077635678931336,0.025077607771448986,0.02507757986437769,0.02507755195772235,0.02507752405147681,0.02507749614565293,0.02507746824024983,0.025077440335263115,0.02507741243069184,0.025077384526535663,0.0250773566228123,0.025077328719488586,0.025077300816581903,0.025077272914089885,0.02507724501202081,0.025077217110357694,0.025077189209173154,0.025077161308346536,0.025077133407926566,0.025077105507944848,0.02507707760835361,0.025077049709175608,0.02507702181041282,0.02507699391206917,0.02507696601413518,0.02507693811661329,0.025076910219505335,0.025076882322810023,0.025076854426525467,0.02507682653066067,0.025076798635212234,0.025076770740171537,0.02507674284554224,0.025076714951329505,0.025076687057525866,0.02507665916413753,0.025076631271161318,0.025076603378592993,0.025076575486438615,0.025076547594694056,0.025076519703334712,0.025076491812409705,0.025076463921903245,0.025076436031779403,0.02507640814208801,0.02507638025280906,0.025076352363946265,0.025076324475492098,0.025076296587421065,0.025076268699778925,0.02507624081255524,0.02507621292573491,0.025076185039326914,0.025076157153333063,0.025076129267743556,0.02507610138257014,0.025076073497798845,0.025076045613436793,0.025076017729505382,0.025075989845960194,0.025075961962824047,0.025075934080082504,0.02507590619776101,0.025075878315860896,0.025075850434362654,0.025075822553270413,0.025075794672582887,0.025075766792309658,0.025075738912438836,0.025075711032971546,0.02507568315396898,0.025075655275321896,0.025075627397077246,0.025075599519238868,0.02507557164181444,0.0250755437647935,0.02507551588817489,0.02507548801195513,0.02507546013613935,0.02507543226071186,0.025075404385702337,0.025075376511114068,0.025075348636931446,0.02507532076314287,0.025075292889763783,0.025075265016797032,0.025075237144251968,0.0250752092720947,0.025075181400348555,0.02507515352900966,0.025075125658058122,0.025075097787509305,0.025075069917377447,0.025075042047644755,0.025075014178310297,0.025074986309388213,0.025074958440867223,0.025074930572826087,0.0250749027051147,0.025074874837851577,0.025074846970946682,0.02507481910443907,0.025074791238340204,0.025074763372644686,0.025074735507349337,0.025074707642450778,0.025074679777965105,0.025074651913877304,0.025074624050191688,0.02507459618691394,0.025074568324035276,0.025074540461590702,0.025074512599509307,0.02507448473791204,0.025074456876646237,0.025074429015775532,0.0250744011553064,0.02507437329527723,0.025074345435610282,0.025074317576342958,0.025074289717477598,0.025074261859011585,0.025074234000944422,0.02507420614327844,0.025074178286004518,0.02507415042914174,0.025074122572673177,0.025074094716601762,0.025074066860937647,0.025074039005665825,0.02507401115080525,0.02507398329633855,0.025073955442309934,0.02507392758864186,0.02507389973537929,0.02507387188251227,0.025073844030037977,0.02507381617795378,0.025073788326280544,0.025073760475005976,0.025073732624132334,0.025073704773708513,0.025073676923647564,0.025073649073962742,0.025073621224681923,0.025073593375852368,0.02507356552736899,0.025073537679281534,0.02507350983158476,0.02507348198429555,0.025073454137403608,0.025073426290908425,0.025073398444798868,0.025073370599092273,0.0250733427537827,0.025073314908897085,0.025073287064380875,0.025073259220267406,0.02507323137654966,0.025073203533230785,0.025073175690314205,0.025073147847784208,0.02507312000564575,0.025073092163915466,0.02507306432256271,0.02507303648162269,0.025073008641069202,0.02507298080091252,0.025072952961155456,0.025072925121780058,0.02507289728283618,0.025072869444257052,0.02507284160607582,0.025072813768278225,0.0250727859308878,0.02507275809388776,0.025072730257279435,0.025072702421051692,0.02507267458523666,0.02507264674981955,0.02507261891479115,0.02507259108015956,0.025072563245921053,0.025072535412074416,0.025072507578628875,0.025072479745574815,0.02507245191289982,0.025072424080627157,0.02507239624881084,0.025072368417304557,0.02507234058621943,0.025072312755511538,0.025072284925198144,0.025072257095285776,0.025072229265774442,0.025072201436645295,0.025072173607898686,0.025072145779554297,0.025072117951592775,0.025072090124031724,0.025072062296835954,0.025072034470060088,0.025072006643686785,0.025071978817698095,0.0250719509921024,0.025071923166900916,0.025071895342077107,0.025071867517657356,0.025071839693635502,0.025071811869985958,0.02507178404672738,0.025071756223879308,0.02507172840141681,0.025071700579340044,0.025071672757668226,0.025071644936378475,0.02507161711547312,0.02507158929496646,0.025071561474850953,0.025071533655107357,0.025071505835738982,0.025071478016786646,0.025071450198230247,0.025071422380055976,0.0250713945622574,0.02507136674486444,0.02507133892792405,0.0250713111113247,0.025071283295119953,0.025071255479277205,0.025071227663825996,0.025071199848765716,0.02507117203408821,0.02507114421982026,0.025071116405936338,0.02507108859244104,0.025071060779350403,0.02507103296662275,0.02507100515428488,0.02507097734233543,0.025070949530764886,0.02507092171964247,0.025070893908868887,0.025070866098479996,0.025070838288470884,0.025070810478857456,0.025070782669605805,0.025070754860759836,0.02507072705231473,0.02507069924422382,0.02507067143654199,0.025070643629243845,0.02507061582233961,0.025070588015827587,0.025070560209685254,0.025070532403931353,0.02507050459856989,0.025070476793609554,0.02507044898901715,0.025070421184823517,0.02507039338100601,0.0250703655775749,0.025070337774530986,0.02507030997187534,0.02507028216959177,0.025070254367716722,0.02507022656622792,0.025070198765115834,0.025070170964391233,0.025070143164049687,0.0250701153640854,0.025070087564516022,0.025070059765332064,0.025070031966533544,0.025070004168125944,0.025069976370107747,0.025069948572478983,0.02506992077522102,0.025069892978347993,0.025069865181855767,0.025069837385751022,0.025069809590040976,0.025069781794718613,0.025069753999765285,0.025069726205198307,0.025069698411018363,0.025069670617237545,0.02506964282383323,0.02506961503077625,0.025069587238125312,0.02506955944586664,0.0250695316539901,0.025069503862484615,0.02506947607137207,0.025069448280666783,0.025069420490324876,0.025069392700403724,0.025069364910904123,0.025069337121698596,0.025069309332894592,0.025069281544466665,0.025069253756421227,0.025069225968758775,0.02506919818150257,0.02506917039456839,0.025069142608069004,0.02506911482193751,0.02506908703619612,0.025069059250832106,0.02506903146585322,0.025069003681255555,0.025068975897029173,0.025068948113177388,0.025068920329724794,0.025068892546657617,0.02506886476397686,0.02506883698166843,0.025068809199741412,0.025068781418199636,0.025068753637035934,0.025068725856254057,0.025068698075858358,0.025068670295888995,0.025068642516307305,0.025068614737044866,0.025068586958171223,0.025068559179677395,0.025068531401567794,0.025068503623838417,0.025068475846511194,0.025068448069525774,0.025068420292884367,0.025068392516675676,0.025068364740846838,0.02506833696538665,0.0250683091903831,0.025068281415696267,0.02506825364139094,0.025068225867425478,0.025068198093879696,0.02506817032071407,0.025068142547851488,0.025068114775449034,0.025068087003442357,0.02506805923179947,0.025068031460536846,0.02506800368965024,0.02506797591914634,0.025067948149009967,0.025067920379262917,0.025067892609894317,0.02506786484090515,0.02506783707229819,0.02506780930415343,0.025067781536297563,0.02506775376882595,0.02506772600174979,0.025067698235038863,0.025067670468705776,0.025067642702748565,0.025067614937169982,0.025067587171972702,0.02506755940716326,0.025067531642720242,0.025067503878665534,0.02506747611497919,0.025067448351671302,0.025067420588741476,0.025067392826212398,0.025067365064038703,0.025067337302244058,0.025067309540844632,0.02506728177980476,0.025067254019143774,0.02506722625885941,0.02506719849897223,0.025067170739446004,0.025067142980314237,0.02506711522154961,0.025067087463149507,0.025067059705132476,0.02506703194749019,0.025067004190226744,0.02506697643335873,0.025066948676865004,0.025066920920731102,0.025066893164976973,0.025066865409591216,0.025066837654594575,0.025066809899970153,0.025066782145767796,0.025066754391898385,0.025066726638391535,0.025066698885274026,0.025066671132514713,0.02506664338013235,0.025066615628195885,0.025066587876536393,0.0250665601253012,0.025066532374440995,0.02506650462394803,0.02506647687385049,0.02506644912412688,0.025066421374766286,0.025066393625789433,0.025066365877189915,0.02506633812895254,0.02506631038109718,0.025066282633620086,0.02506625488653747,0.02506622713982877,0.025066199393476155,0.025066171647507168,0.02506614390192787,0.02506611615671255,0.025066088411883236,0.025066060667406225,0.025066032923316682,0.02506600517958877,0.02506597743626245,0.025065949693311513,0.025065921950708434,0.025065894208503785,0.02506586646665723,0.025065838725184315,0.025065810984060823,0.025065783243325958,0.025065755502974133,0.025065727762994428,0.02506570002339338,0.025065672284174417,0.02506564454531329,0.02506561680682795,0.025065589068716584,0.025065561330976018,0.02506553359361198,0.025065505856621668,0.025065478120001396,0.02506545038376632,0.02506542264788469,0.02506539491238952,0.025065367177266422,0.025065339442561136,0.025065311708179158,0.025065283974178353,0.02506525624056904,0.02506522850723673,0.025065200774373846,0.025065173041863724,0.025065145309726908,0.02506511757798309,0.025065089846613025,0.02506506211561547,0.025065034384968873,0.02506500665468321,0.025064978924781937,0.025064951195244024,0.025064923466087973,0.02506489573729219,0.025064868008867355,0.025064840280817968,0.025064812553135283,0.025064784825838286,0.02506475709890661,0.025064729372355113,0.025064701646175833,0.025064673920368683,0.025064646194936313,0.02506461846987293,0.025064590745181966,0.025064563020862445,0.025064535296914842,0.025064507573341555,0.025064479850141014,0.025064452127312085,0.02506442440485354,0.02506439668276657,0.02506436896105091,0.025064341239706748,0.025064313518733828,0.025064285798132194,0.025064258077902773,0.025064230358043522,0.025064202638555647,0.025064174919438888,0.025064147200692694,0.02506411948231748,0.025064091764313238,0.025064064046679938,0.02506403632941742,0.025064008612524225,0.02506398089600289,0.02506395317985214,0.025063925464091297,0.025063897748679547,0.02506387003366348,0.025063842318994625,0.025063814604693098,0.025063786890762316,0.025063759177140266,0.025063731463952146,0.02506370375113472,0.025063676038687404,0.025063648326610573,0.025063620614903612,0.025063592903567168,0.025063565192599693,0.025063537482001023,0.02506350977177539,0.025063482061917147,0.025063454352428162,0.025063426643302918,0.025063398934551097,0.025063371226170892,0.025063343518167844,0.025063315810527096,0.02506328810325815,0.025063260396351962,0.025063232689818585,0.025063204983654,0.025063177277859457,0.025063149572433132,0.025063121867377944,0.0250630941626828,0.025063066458367967,0.025063038754419738,0.025063011050830038,0.02506298334761949,0.025062955644769312,0.02506292794229239,0.025062900240272586,0.02506287253853739,0.025062844837187834,0.025062817136137328,0.025062789435538718,0.02506276173528667,0.025062734035394205,0.025062706335864056,0.02506267863670756,0.0250626509379144,0.025062623239489837,0.025062595541437267,0.0250625678437549,0.025062540146436732,0.025062512449488903,0.02506248475291161,0.02506245705669654,0.025062429360853147,0.025062401665376446,0.025062373970260333,0.02506234627551303,0.02506231858113759,0.025062290887132983,0.025062263193503877,0.02506223550023208,0.025062207807324415,0.02506218011478685,0.025062152422620426,0.02506212473081824,0.025062097039395166,0.02506206934832597,0.02506204165769087,0.02506201396735677,0.025061986277391098,0.025061958587792105,0.025061930898558855,0.025061903209742123,0.02506187552124142,0.02506184783305542,0.025061820145288485,0.025061792457888542,0.02506176477089071,0.025061737084230144,0.02506170939794917,0.02506168171200713,0.025061654026434267,0.025061626341251517,0.025061598656415624,0.02506157097194826,0.025061543287841184,0.025061515604123757,0.025061487920635485,0.02506146023762656,0.025061432554904277,0.025061404872634335,0.025061377190628537,0.025061349509090763,0.025061321827940426,0.025061294147097186,0.025061266466661125,0.025061238786589314,0.025061211106897505,0.025061183427554676,0.025061155748616382,0.025061128070004185,0.02506110039176118,0.025061072713859704,0.025061045036385662,0.025061017359161265,0.0250609896823865,0.025060962005946336,0.025060934329892984,0.025060906654233064,0.025060878978918164,0.02506085130396991,0.025060823629357406,0.025060795955110297,0.025060768281295033,0.025060740607847475,0.025060712934761923,0.02506068526202196,0.025060657589648067,0.025060629917518694,0.025060602245878198,0.025060574574591633,0.025060546903722447,0.025060519233176926,0.025060491562984927,0.025060463893138856,0.025060436223658406,0.025060408554560338,0.02506038088580304,0.025060353217417702,0.025060325549398053,0.02506029788172051,0.02506027021442773,0.025060242547499195,0.02506021488095341,0.02506018721475253,0.025060159549049693,0.02506013188357666,0.025060104218464396,0.025060076553734534,0.02506004888938362,0.025060021225381517,0.025059993561730217,0.02505996589844209,0.025059938235515125,0.02505991057297425,0.02505988291079443,0.025059855248981373,0.02505982758750511,0.025059799926392574,0.025059772265652733,0.025059744605272223,0.025059716945254887,0.02505968928560711,0.025059661626314324,0.025059633967393635,0.025059606308840503,0.02505957865064621,0.02505955099281411,0.02505952333526238,0.025059495678262954,0.025059468021523222,0.02505944036514433,0.025059412709128672,0.025059385053476022,0.02505935739818411,0.02505932974328863,0.02505930208872441,0.025059274434606548,0.02505924678076821,0.025059219127292823,0.025059191474180287,0.025059163821384726,0.025059136169019596,0.025059108517017176,0.02505908086531213,0.02505905321403662,0.025059025563121545,0.025058997912570675,0.025058970262382706,0.02505894261255449,0.025058914963090824,0.025058887313987598,0.025058859665229787,0.025058832016816954,0.02505880436877795,0.025058776721125497,0.025058749073837327,0.025058721426884513,0.025058693780298007,0.025058666134094618,0.025058638488229697,0.025058610842795103,0.025058583197676964,0.025058555552904024,0.025058527908491696,0.02505850026445064,0.025058472620763567,0.025058444977451116,0.02505841733445717,0.025058389691861683,0.025058362049617037,0.025058334407746144,0.025058306766225422,0.025058279125066675,0.02505825148423193,0.02505822384379607,0.02505819620372137,0.025058168564008033,0.025058140924662006,0.02505811328567183,0.025058085647042767,0.02505805800877493,0.025058030370868636,0.025058002733323946,0.025057975096140193,0.02505794745931507,0.025057919822853415,0.025057892186753316,0.025057864551014577,0.025057836915633954,0.025057809280614348,0.025057781645958933,0.02505775401166384,0.02505772637772713,0.02505769874415133,0.025057671110936368,0.02505764347808222,0.025057615845591703,0.025057588213459124,0.025057560581687233,0.02505753295027604,0.025057505319225504,0.025057477688531237,0.025057450058201886,0.025057422428233094,0.025057394798624805,0.025057367169377006,0.02505733954048525,0.025057311911958327,0.025057284283791753,0.025057256655981117,0.025057229028535206,0.02505720140144515,0.025057173774715325,0.025057146148345727,0.025057118522336278,0.02505709089668696,0.025057063271397794,0.025057035646468703,0.025057008021899595,0.02505698039769039,0.025056952773841228,0.025056925150352086,0.025056897527222698,0.025056869904453168,0.025056842282043492,0.02505681465999372,0.025056787038303573,0.025056759416973228,0.02505673179600258,0.02505670417539153,0.02505667655514007,0.02505664893524822,0.025056621315716003,0.02505659369654333,0.02505656607773012,0.025056538459276488,0.025056510841181996,0.02505648322344723,0.025056455606071625,0.025056427989055413,0.02505640037239853,0.025056372756100974,0.025056345140162507,0.0250563175245833,0.025056289909368933,0.025056262294508056,0.025056234680006388,0.025056207065869824,0.025056179452091116,0.025056151838666572,0.025056124225606973,0.02505609661290043,0.02505606900055824,0.025056041388574854,0.02505601377695017,0.025055986165684045,0.025055958554758482,0.025055930944210048,0.025055903334021044,0.025055875724190494,0.025055848114718466,0.025055820505605113,0.02505579289685112,0.02505576528845505,0.025055737680417755,0.025055710072739087,0.02505568246541854,0.025055654858456934,0.02505562725185376,0.025055599645609168,0.02505557203972226,0.0250555444341939,0.025055516829023843,0.02505548922421219,0.025055461619758867,0.025055434015663843,0.02505540641192727,0.0250553788085484,0.02505535120552814,0.025055323602865547,0.025055296000561198,0.0250552683986145,0.025055240797026108,0.02505521319579573,0.02505518559492346,0.02505515799440895,0.025055130394251886,0.025055102794453204,0.02505507519501249,0.02505504759592954,0.025055019997203803,0.02505499239883662,0.025054964800826807,0.025054937203174917,0.02505490960588052,0.025054882008943402,0.025054854412364276,0.025054826816142923,0.025054799220279155,0.025054771624772366,0.02505474402962338,0.025054716434832237,0.0250546888403984,0.02505466124632206,0.025054633652602878,0.02505460605924134,0.025054578466236467,0.02505455087358887,0.02505452328129909,0.025054495689366497,0.02505446809779079,0.02505444050657287,0.025054412915711255,0.025054385325207637,0.02505435773506072,0.0250543301452709,0.025054302555838275,0.025054274966762075,0.025054247378053427,0.025054219789701803,0.02505419220169694,0.025054164614048836,0.025054137026758,0.025054109439833494,0.02505408185325595,0.025054054267035636,0.025054026681163785,0.025053999095648767,0.0250539715104981,0.025053943925697233,0.025053916341258777,0.02505388875717122,0.02505386117344029,0.02505383359006605,0.025053806007057762,0.02505377842440201,0.025053750842097176,0.025053723260154512,0.025053695678568428,0.025053668097249786,0.02505364051637911,0.025053612935861728,0.02505358535570065,0.02505355777589456,0.025053530196571663,0.025053502617483323,0.02505347503872126,0.02505344746034533,0.025053419882324714,0.025053392304661727,0.02505336472735457,0.02505333715040919,0.025053309573813545,0.025053281997574877,0.02505325442169199,0.025053226846164543,0.025053199270999648,0.0250531716961837,0.025053144121725133,0.02505311654761573,0.02505308897386847,0.025053061400480723,0.02505303382754426,0.025053006254864323,0.025052978682539424,0.025052951110571244,0.02505292353899489,0.025052895967744775,0.025052868396883164,0.02505284082633518,0.0250528132561404,0.025052785686302752,0.025052758116819836,0.025052730547692525,0.025052702978929576,0.025052675410511156,0.025052647842468412,0.025052620274762016,0.025052592707457647,0.0250525651404849,0.025052537573845353,0.02505251000755487,0.02505248244161998,0.02505245487605557,0.02505242731087902,0.02505239974601678,0.025052372181510876,0.025052344617358936,0.025052317053562083,0.025052289490124998,0.02505226192703956,0.025052234364309187,0.02505220680193246,0.02505217923992013,0.025052151678253316,0.02505212411694144,0.02505209655598325,0.02505206899543745,0.02505204143519599,0.02505201387530356,0.025051986315761512,0.025051958756576953,0.025051931197750135,0.025051903639276313,0.025051876081156336,0.025051848523389035,0.025051820965977994,0.02505179340892232,0.02505176585221349,0.02505173829586689,0.025051710739876994,0.025051683184240836,0.025051655628914725,0.025051628073978167,0.02505160051940189,0.02505157296514943,0.025051545411225205,0.025051517857660792,0.025051490304444615,0.025051462751647432,0.025051435199149975,0.02505140764699812,0.02505138009526023,0.02505135254384809,0.025051324992820298,0.02505129744214556,0.025051269891818988,0.025051242341856118,0.025051214792246885,0.02505118724295489,0.02505115969404925,0.02505113214549877,0.025051104597302195,0.025051077049460028,0.025051049501971998,0.025051021954836335,0.025050994408046548,0.02505096686161975,0.025050939315545383,0.025050911769832002,0.02505088422445767,0.025050856679446034,0.025050829134788975,0.025050801590459536,0.025050774046521198,0.025050746502931716,0.02505071895968441,0.025050691416823378,0.025050663874254312,0.02505063633208156,0.02505060879029026,0.025050581248783673,0.025050553707683686,0.025050526166934987,0.025050498626523688,0.025050471086470398,0.02505044354686419,0.025050416007518117,0.02505038846852671,0.025050360929936205,0.0250503333916777,0.02505030585373259,0.025050278316140696,0.025050250778901936,0.02505022324202863,0.025050195705485383,0.025050168169314,0.02505014063349862,0.02505011309800084,0.025050085562917435,0.025050058028139907,0.02505003049374606,0.025050002959690152,0.025049975425988417,0.025049947892630316,0.02504992035963473,0.025049892826992524,0.025049865294729693,0.025049837762738822,0.025049810231155482,0.02504978269988291,0.025049755169017644,0.02504972763848936,0.025049700108309182,0.025049672578480012,0.02504964504902271,0.025049617519908703,0.025049589991135535,0.02504956246272699,0.025049534934666426,0.02504950740696338,0.025049479879611848,0.02504945235260543,0.025049424825964586,0.025049397299672767,0.025049369773733364,0.025049342248146648,0.02504931472289317,0.025049287198014365,0.025049259673473344,0.02504923214929651,0.025049204625364203,0.025049177101890113,0.025049149578788715,0.025049122056021177,0.025049094533596588,0.02504906701153357,0.025049039489822966,0.02504901196846426,0.025048984447499964,0.025048956926846163,0.025048929406544216,0.025048901886596555,0.0250488743669939,0.025048846847748094,0.025048819328854142,0.025048791810293722,0.02504876429212245,0.025048736774289506,0.025048709256804576,0.02504868173967114,0.0250486542228967,0.025048626706467774,0.025048599190351024,0.025048571674619755,0.02504854415924713,0.02504851664424322,0.02504848912959298,0.02504846161528001,0.025048434101314267,0.02504840658770166,0.02504837907430278,0.025048351561393747,0.02504832404881262,0.025048296536605983,0.025048269024747345,0.02504824151325315,0.02504821400202288,0.025048186491265938,0.025048158980819486,0.02504813147071914,0.02504810396097475,0.025048076451581407,0.0250480489425567,0.02504802143384034,0.025047993925498398,0.02504796641752069,0.025047938909906236,0.02504791140262214,0.02504788389571563,0.02504785638913428,0.02504782888290387,0.0250478013770388,0.02504777387151331,0.02504774636633827,0.025047718861513066,0.02504769135702829,0.02504766385294258,0.02504763634917129,0.025047608845751218,0.025047581342682333,0.025047553839979742,0.02504752633761345,0.025047498835597752,0.025047471333932706,0.025047443832570966,0.025047416331602852,0.02504738883100478,0.02504736133073875,0.025047333830828637,0.025047306331281327,0.025047278832083214,0.025047251333223615,0.025047223834718524,0.02504719633656579,0.025047168838762512,0.025047141341310124,0.02504711384419596,0.025047086347444875,0.025047058851045002,0.025047031354995922,0.025047003859313816,0.02504697636396728,0.025046948868968803,0.02504692137432603,0.02504689388000608,0.025046866386050876,0.025046838892454633,0.025046811399212235,0.025046783906330333,0.025046756413789836,0.025046728921592133,0.0250467014297512,0.025046673938266092,0.02504664644712641,0.025046618956341624,0.025046591465902702,0.025046563975808938,0.02504653648605719,0.025046508996656235,0.0250464815076191,0.0250464540189323,0.025046426530584937,0.025046399042598838,0.025046371554963153,0.02504634406767382,0.025046316580732572,0.025046289094148126,0.025046261607910122,0.025046234122025755,0.025046206636492367,0.02504617915131346,0.02504615166647723,0.025046124181993628,0.025046096697860513,0.025046069214077905,0.025046041730657213,0.025046014247569737,0.025045986764836655,0.025045959282447332,0.025045931800423075,0.025045904318735383,0.025045876837402375,0.02504584935640969,0.025045821875786415,0.025045794395504476,0.025045766915514876,0.02504573943591741,0.025045711956653744,0.025045684477770204,0.02504565699926733,0.02504562952106366,0.02504560204323036,0.02504557456574729,0.025045547088598043,0.02504551961183117,0.025045492135264896,0.02504546465918064,0.025045437183445197,0.025045409708059317,0.02504538223302746,0.025045354758328822,0.025045327283976678,0.025045299810021803,0.02504527233636694,0.02504524486303023,0.02504521739009317,0.025045189917503548,0.025045162445275243,0.025045134973384946,0.025045107501837145,0.02504508003064523,0.025045052559892412,0.025045025089403115,0.025044997619257946,0.025044970149461863,0.025044942680011194,0.025044915210821535,0.025044887742061855,0.025044860273678603,0.025044832805630777,0.0250448053379251,0.02504477787059277,0.02504475040360128,0.025044722936957163,0.025044695470679494,0.025044668004747812,0.02504464053914747,0.025044613073886127,0.02504458560905498,0.025044558144500854,0.02504453068028676,0.025044503216428093,0.025044475752928057,0.02504444828983794,0.025044420827028756,0.025044393364568384,0.025044365902454683,0.02504433844068329,0.02504431097926488,0.025044283518193405,0.02504425605730757,0.025044228596951428,0.025044201136946217,0.025044173677274427,0.025044146217954043,0.02504411875899189,0.025044091300405576,0.025044063842131748,0.025044036384206145,0.025044008926638557,0.02504398146940532,0.02504395401253635,0.02504392655601144,0.02504389909982227,0.025043871643988462,0.025043844188498813,0.025043816733377872,0.02504378927861522,0.025043761824164425,0.025043734370086324,0.025043706916343875,0.025043679463066224,0.025043652009947976,0.025043624557251877,0.025043597104957956,0.025043569652957794,0.025043542201307976,0.02504351475001186,0.025043487299069488,0.025043459848463002,0.025043432398204682,0.025043404948294535,0.02504337749873364,0.02504335004952168,0.025043322600658273,0.02504329515214287,0.025043267703974883,0.02504324025615673,0.02504321280867334,0.025043185361550726,0.02504315791478545,0.025043130468359907,0.025043103022291683,0.02504307557657149,0.025043048131202363,0.025043020686182676,0.02504299324150762,0.025042965797179816,0.02504293835320026,0.025042910909569168,0.02504288346630369,0.025042856023358175,0.025042828580787102,0.02504280113854902,0.02504277369666321,0.025042746255122778,0.025042718813927733,0.02504269137308595,0.025042663932573934,0.02504263649237833,0.025042609052590738,0.02504258161312604,0.025042554174023617,0.025042526735242356,0.02504249929689877,0.02504247185882269,0.02504244442109437,0.025042416983857337,0.025042389546912864,0.025042362110214978,0.025042334673877648,0.02504230723788807,0.025042279802246173,0.025042252366951925,0.025042224932005322,0.025042197497443835,0.025042170063192527,0.025042142629288784,0.025042115195732642,0.025042087762524097,0.02504206032966308,0.025042032897149655,0.025042005464987277,0.025041978033171302,0.02504195060170042,0.025041923170580318,0.025041895739804344,0.025041868309375794,0.02504184087929497,0.02504181344956018,0.025041786020178026,0.025041758591139135,0.025041731162450946,0.025041703734105292,0.025041676306112134,0.025041648878458764,0.025041621451156303,0.025041594024201565,0.02504156659759233,0.025041539171361947,0.02504151174544747,0.02504148431988314,0.02504145689466427,0.025041429469870747,0.025041402045342137,0.025041374621165177,0.025041347197337298,0.025041319773856013,0.02504129235071782,0.02504126492793151,0.025041237505491806,0.025041210083359598,0.025041182661614477,0.025041155240216387,0.025041127819165447,0.02504110039846049,0.02504107297806126,0.025041045558048633,0.025041018138386176,0.025040990719013754,0.02504096330004354,0.025040935881421054,0.0250409084631455,0.025040881045219555,0.025040853627706142,0.02504082621048845,0.02504079879359977,0.025040771377051334,0.025040743960864073,0.025040716545014424,0.02504068912951873,0.02504066171435911,0.02504063429955348,0.025040606885112688,0.025040579470948038,0.025040552057162796,0.025040524643640833,0.025040497230710904,0.025040469817994983,0.02504044240563325,0.02504041499360409,0.025040387581823836,0.02504036017048272,0.0250403327594881,0.025040305348837635,0.02504027793855099,0.02504025052859569,0.02504022311899505,0.025040195709816835,0.025040168300883032,0.02504014089219469,0.025040113483874252,0.025040086076046027,0.025040058668519067,0.02504003126134715,0.025040003854506786,0.025039976448037134,0.025039949041890344,0.025039921636114414,0.025039894230649007,0.025039866825534753,0.02503983942077495,0.025039812016348757,0.025039784612287116,0.025039757208562226,0.0250397298052127,0.025039702402168212,0.025039674999485118,0.025039647597186923,0.025039620195196746,0.025039592793567208,0.025039565392265487,0.025039537991302867,0.025039510590688048,0.025039483190380372,0.025039455790460307,0.025039428390907344,0.025039400991686778,0.02503937359282283,0.025039346194294928,0.02503931879610904,0.02503929139827251,0.025039264000782758,0.02503923660362737,0.02503920920681799,0.025039181810327934,0.02503915441420448,0.025039127018444678,0.025039099623034248,0.025039072227947098,0.02503904483322128,0.025039017438845325,0.02503899004481202,0.025038962651124305,0.02503893525777545,0.02503890786476019,0.02503888047211294,0.025038853079858505,0.02503882568792633,0.02503879829630098,0.02503877090502363,0.02503874351410358,0.025038716123490196,0.025038688733246016,0.025038661343367373,0.025038633953826057,0.0250386065646326,0.025038579175785333,0.02503855178726695,0.02503852439911427,0.02503849701130557,0.025038469623846343,0.025038442236724974,0.025038414849938316,0.025038387463534508,0.025038360077436993,0.025038332691571283,0.0250383053061478,0.025038277920990403,0.02503825053629162,0.025038223151832243,0.025038195767823554,0.02503816838416763,0.02503814100085661,0.025038113617882843,0.025038086235154525,0.02503805885277163,0.025038031470741916,0.025038004089032288,0.02503797670786113,0.02503794932696027,0.02503792194640448,0.025037894566194503,0.02503786718632895,0.025037839806813525,0.025037812427639736,0.02503778504881459,0.02503775767033935,0.02503773029220042,0.025037702914405942,0.0250376755369571,0.025037648159850094,0.025037620783087692,0.025037593406674278,0.025037566030601414,0.025037538654824117,0.025037511279459752,0.025037483904427227,0.025037456529738357,0.02503742915545177,0.025037401781454995,0.02503737440780208,0.025037347034472635,0.025037319661502,0.025037292288883035,0.02503726491660491,0.025037237544676922,0.025037210173038,0.025037182801783745,0.025037155430885517,0.02503712806033372,0.025037100690139494,0.025037073320279303,0.025037045950759396,0.025037018581588858,0.025036991212760283,0.02503696384428897,0.02503693647615288,0.025036909108368064,0.025036881740921176,0.025036854373821693,0.02503682700705657,0.02503679964065208,0.025036772274580316,0.025036744908852847,0.025036717543474776,0.025036690178445585,0.0250366628137489,0.025036635449412165,0.025036608085412033,0.025036580721803765,0.025036553358577997,0.025036525995679182,0.025036498633056726,0.02503647127081895,0.025036443908885164,0.025036416547303313,0.0250363891860589,0.025036361825157248,0.025036334464490766,0.025036307104251213,0.02503627974438762,0.02503625238486727,0.025036225025679617,0.025036197666849266,0.025036170308334268,0.025036142950178832,0.025036115592377846,0.02503608823492361,0.02503606087783592,0.02503603352108528,0.02503600616466612,0.025035978808564736,0.02503595145283164,0.025035924097440588,0.025035896742405712,0.025035869387694695,0.02503584203330753,0.025035814679233076,0.025035787325563233,0.02503575997231059,0.025035732619333,0.02503570526670344,0.025035677914300513,0.025035650562354718,0.025035623210749723,0.025035595859488915,0.025035568508592856,0.02503554115789674,0.025035513807647933,0.025035486457774227,0.02503545910816022,0.02503543175895613,0.02503540441010644,0.025035377061487007,0.025035349713320845,0.025035322365500323,0.025035295017887125,0.025035267670755985,0.025035240323986137,0.025035212977380726,0.025035185631298654,0.025035158285542758,0.025035130940035837,0.02503510359496391,0.02503507625016974,0.02503504890576095,0.02503502156173762,0.025034994218032413,0.02503496687468192,0.025034939531674964,0.02503491218901161,0.02503488484670129,0.025034857504723687,0.025034830163090927,0.02503480282180254,0.025034775480857443,0.02503474814025459,0.025034720799995462,0.02503469346008073,0.025034666120510564,0.025034638781284,0.025034611442345634,0.025034584103905928,0.025034556765709554,0.025034529427801478,0.025034502090297794,0.025034474753207126,0.025034447416384262,0.02503442007990516,0.025034392743749512,0.0250343654079458,0.02503433807249302,0.025034310737390576,0.025034283402595035,0.0250342560681767,0.02503422873410197,0.025034201400433182,0.025034174067051017,0.025034146734006606,0.025034119401305014,0.02503409206894883,0.02503406473688199,0.025034037405292236,0.025034010073952416,0.025033982742967358,0.025033955412325164,0.025033928082026483,0.025033900752073977,0.025033873422433944,0.0250338460932358,0.02503381876429911,0.02503379143563043,0.025033764107380112,0.025033736779487968,0.025033709451968058,0.02503368212475469,0.025033654797897292,0.02503362747137872,0.02503360014517619,0.02503357281930513,0.025033545493825055,0.025033518168538202,0.02503349084373198,0.025033463519278164,0.025033436195157542,0.02503340887137917,0.025033381547953145,0.02503335422470947,0.02503332690193984,0.025033299579513415,0.02503327225744688,0.025033244935726902,0.02503321761435518,0.025033190293321142,0.025033162972634467,0.025033135652303355,0.025033108332314605,0.025033081012646716,0.025033053693372737,0.025033026374393096,0.025032999055739243,0.025032971737448482,0.02503294441950033,0.02503291710187867,0.025032889784638402,0.02503286246768983,0.025032835151105774,0.02503280783493492,0.02503278051900709,0.025032753203456094,0.025032725888261904,0.025032698573396277,0.025032671258924992,0.025032643944744668,0.0250326166309055,0.02503258931745827,0.025032562004307733,0.02503253469149798,0.02503250737902737,0.02503248006689925,0.02503245275529028,0.025032425443848615,0.02503239813273897,0.025032370821981162,0.025032343511573355,0.025032316201375256,0.025032288891645424,0.02503226158227782,0.025032234273240053,0.02503220696440898,0.025032179656045924,0.02503215234802772,0.02503212504034204,0.0250320977330073,0.02503207042599507,0.025032043119347414,0.025032015813041295,0.02503198850707912,0.025031961201359577,0.025031933896087103,0.025031906591150933,0.025031879286563086,0.025031851982342597,0.025031824678418774,0.025031797374857622,0.025031770071617963,0.025031742768766366,0.025031715466221637,0.02503168816402963,0.02503166086217987,0.025031633560660647,0.025031606259488835,0.02503157895870513,0.02503155165822557,0.025031524358136107,0.025031497058339146,0.025031469758901165,0.025031442459840004,0.02503141516100244,0.025031387862593648,0.025031360564547984,0.02503133326681695,0.02503130596942391,0.02503127867237591,0.025031251375659255,0.025031224079346517,0.02503119678333273,0.025031169487601486,0.025031142192283,0.025031114897273984,0.025031087602611603,0.025031060308293728,0.025031033014313128,0.025031005720620732,0.025030978427343958,0.025030951134388794,0.02503092384181508,0.025030896549639886,0.025030869257732985,0.02503084196611981,0.025030814674877548,0.02503078738389491,0.025030760093330672,0.025030732803116306,0.025030705513234525,0.025030678223705433,0.025030650934504295,0.025030623645650237,0.025030596357143865,0.0250305690689609,0.0250305417811274,0.025030514493637742,0.02503048720638292,0.025030459919577894,0.025030432633111315,0.025030405346981966,0.025030378061196016,0.025030350775754426,0.02503032349065763,0.025030296205898472,0.0250302689214866,0.02503024163741575,0.02503021435366243,0.025030187070259172,0.025030159787338597,0.025030132504656858,0.0250301052222854,0.025030077940262976,0.02503005065848865,0.025030023377166626,0.025029996096176142,0.025029968815565767,0.025029941535253834,0.02502991425528501,0.025029886975653393,0.02502985969636192,0.02502983241740873,0.025029805138801105,0.025029777860532457,0.025029750582608642,0.02502972330502827,0.025029696027784164,0.0250296687508797,0.025029641474319596,0.025029614198099,0.025029586922240676,0.02502955964670603,0.025029532371511225,0.025029505096658564,0.025029477822146182,0.025029450547976968,0.025029423274147006,0.02502939600064177,0.025029368727494235,0.02502934145469063,0.02502931418223446,0.025029286910095896,0.025029259638313033,0.025029232366869533,0.0250292050957671,0.025029177825005165,0.02502915055458797,0.025029123284510783,0.025029096014771792,0.025029068745376023,0.025029041476288094,0.025029014207575178,0.02502898693919869,0.025028959671163954,0.025028932403471163,0.0250289051361215,0.02502887786911551,0.025028850602447687,0.025028823336121084,0.025028796070135223,0.025028768804482147,0.025028741539176336,0.025028714274214246,0.025028687009593518,0.025028659745316373,0.02502863248137596,0.025028605217774023,0.025028577954516268,0.02502855069160087,0.025028523429016753,0.02502849616678169,0.025028468904881286,0.02502844164333978,0.025028414382127096,0.02502838712123141,0.025028359860742484,0.025028332600550884,0.025028305340701325,0.025028278081194132,0.025028250822048854,0.025028223563219053,0.02502819630475672,0.025028169046608335,0.02502814178880243,0.02502811453133721,0.02502808727417054,0.02502806001738723,0.025028032760948577,0.025028005504843978,0.02502797824908619,0.025027950993664103,0.02502792373857235,0.02502789648383612,0.025027869229428578,0.025027841975369513,0.025027814721608605,0.02502778746832746,0.025027760215247417,0.0250277329625649,0.025027705710228446,0.025027678458217056,0.02502765120654158,0.025027623955197125,0.025027596704204645,0.025027569453552192,0.025027542203289958,0.025027514953319095,0.025027487703687422,0.02502746045439954,0.025027433205413212,0.02502740595679911,0.025027378708398215,0.02502735146046489,0.025027324212873882,0.025027296965619276,0.025027269718709614,0.025027242472096863,0.025027215225867955,0.0250271879800054,0.02502716073445732,0.025027133489245807,0.025027106244377404,0.025027078999837818,0.0250270517556506,0.025027024511803938,0.02502699726829271,0.025026970025126667,0.025026942782300082,0.02502691553984382,0.025026888297693128,0.025026861055883667,0.0250268338144177,0.025026806573289706,0.02502677933247277,0.02502675209202699,0.025026724851928837,0.02502669761224255,0.025026670372820817,0.025026643133735312,0.025026615894990063,0.025026588656584633,0.025026561418522816,0.0250265341807554,0.0250265069433645,0.025026479706314348,0.025026452469608912,0.02502642523323275,0.02502639799720719,0.025026370761521595
4,0.03011972689154677,0.03011972689154677,0.03011972689154677,0.03011972689154677,0.03011972689154677,0.03011972689154677,0.03011972689154677,0.03011972689154677,0.030119726891546766,0.030119726891546766,0.03011972689154676,0.030119726891546753,0.030119726891546753,0.030119726891546753,0.030119726891546746,0.030119726891546746,0.030119726891546746,0.03011972689154674,0.03011972689154674,0.03011972689154674,0.030119726891546742,0.03011972689154675,0.030119726891546742,0.03011972689154675,0.030119726891546742,0.03011972689154675,0.030119726891546742,0.03011972689154675,0.03011972689154675,0.030119726891546742,0.03011972689154675,0.03011972689154675,0.030119726891546742,0.030119726891546742,0.03011972689154675,0.03011972689154675,0.030119726891546742,0.03011972689154675,0.030119726891546742,0.030119726891546742,0.030119726891546742,0.03011972689154675,0.030119726891546742,0.030119726891546742,0.030119726891546742,0.030119726891546742,0.030119726891546742,0.03011972689154675,0.03011972689154675,0.03011972689154675,0.030119726891546742,0.03011972689154675,0.03011972689154675,0.030119726891546742,0.030119726891546742,0.030119726891546742,0.030119726891546742,0.03011972689154675,0.030119726891546742,0.03011972689154675,0.030119726891546742,0.03011972689154675,0.03011972689154675,0.030119726891546742,0.03011972689154675,0.03011972689154675,0.03011972689154675,0.030119726891546742,0.03011972689154675,0.03011972689154675,0.030119726891546742,0.030119726891546742,0.030119726891546742,0.030119726891546742,0.03011972689154675,0.03011972689154675,0.03011972689154675,0.030119726891546742,0.03011972689154675,0.030119726891546742,0.030119726891546742,0.03011972689154675,0.03011972689154675,0.030119726891546742,0.03011972689154675,0.030119726891546742,0.03011972689154675,0.030119726891546742,0.030119726891546742,0.030119726891546742,0.030119726891546742,0.030119726891546742,0.030119726891546742,0.03011972689154675,0.030119726891546742,0.03011972689154675,0.03011972689154675,0.030119726891546742,0.03011972689154675,0.03011972689154675,0.030119726891546742,0.03011972689154675,0.030119726891546742,0.03011972689154675,0.030119726891546742,0.03011972689154675,0.03011972689154675,0.030119726891546742,0.03011972689154675,0.030119726891546742,0.030119726891546742,0.030119726891546742,0.03011972689154675,0.030119726891546742,0.030119726891546742,0.030119726891546742,0.030119726891546742,0.03011972689154675,0.030119726891546742,0.03011972689154675,0.030119726891546742,0.030119726891546742,0.03011972689154675,0.030119726891546742,0.03011972689154675,0.03011972689154675,0.030119726891546742,0.030119726891546742,0.03011972689154675,0.030119726891546742,0.03011972689154675,0.030119726891546742,0.03011972689154675,0.030119726891546742,0.030119726891546742,0.030119726891546742,0.03011972689154675,0.030119726891546742,0.03011972689154675,0.030119726891546742,0.03011972689154675,0.030119726891546742,0.030119726891546742,0.030119726891546742,0.03011972689154675,0.030119726891546742,0.03011972689154675,0.030119726891546742,0.03011972689154675,0.030119726891546742,0.030119726891546742,0.030119726891546742,0.03011972689154675,0.03011972689154675,0.03011972689154675,0.030119726891546742,0.03011972689154675,0.030119726891546742,0.030119726891546742,0.030119726891546742,0.030119726891546742,0.030119726891546742,0.03011972689154675,0.030119726891546742,0.03011972689154675,0.03011972689154675,0.03011972689154675,0.030119726891546742,0.030119726891546742,0.030119726891546742,0.030119726891546742,0.030119726891546742,0.030119726891546742,0.030119726891546742,0.030119726891546742,0.03011972689154675,0.030119726891546742,0.03011972689154675,0.030119726891546742,0.03011972689154675,0.03011972689154675,0.03011972689154675,0.03011972689154675,0.03011972689154675,0.03011972689154675,0.030119726891546742,0.030119726891546742,0.030119726891546742,0.03011972689154675,0.03011972689154675,0.030119726891546742,0.030119726891546742,0.030119726891546742,0.03011972689154675,0.03011972689154675,0.030119726891546742,0.03011972689154675,0.030119726891546742,0.030119726891546742,0.030119726891546742,0.03011972689154675,0.03011972689154675,0.030119726891546742,0.030119726891546742,0.030119726891546742,0.03011972689154675,0.03011972689154675,0.03011972689154675,0.03011972689154675,0.03011972689154675,0.030119726891546742,0.030119726891546742,0.03011972689154675,0.030119726891546742,0.03011972689154675,0.03011972689154675,0.03011972689154675,0.030119726891546742,0.03011972689154675,0.03011972689154675,0.03011972689154675,0.030119726891546742,0.030119726891546742,0.03011972689154675,0.03011972689154675,0.03011972689154675,0.03011972689154675,0.03011972689154675,0.03011972689154675,0.030119726891546742,0.030119726891546742,0.03011972689154675,0.03011972689154675,0.03011972689154675,0.03011972689154675,0.03011972689154675,0.03011972689154675,0.03011972689154675,0.030119726891546742,0.03011972689154675,0.03011972689154675,0.030119726891546742,0.03011972689154675,0.03011972689154675,0.030119726891546742,0.03011972689154675,0.030119726891546742,0.030119726891546742,0.03011972689154675,0.030119726891546742,0.03011972689154675,0.030119726891546742,0.030119726891546742,0.03011972689154675,0.03011972689154675,0.03011972689154675,0.030119726891546742,0.030119726891546742,0.03011972689154675,0.030119726891546742,0.03011972689154675,0.030119726891546742,0.030119726891546742,0.03011972689154675,0.030119726891546742,0.030119726891546742,0.030119726891546742,0.030119726891546742,0.030119726891546742,0.030119726891546742,0.03011972689154675,0.030119726891546742,0.03011972689154675,0.030119726891546742,0.03011972689154675,0.03011972689154675,0.030119726891546742,0.030119726891546742,0.030119726891546742,0.030119726891546742,0.030119726891546742,0.030119726891546742,0.030119726891546742,0.03011972689154675,0.03011972689154675,0.030119726891546742,0.030119726891546742,0.030119726891546742,0.03011972689154675,0.030119726891546742,0.03011972689154675,0.03011972689154675,0.030119726891546742,0.03011972689154675,0.030119726891546742,0.030119726891546742,0.03011972689154675,0.030119726891546742,0.030119726891546742,0.03011972689154675,0.03011972689154675,0.03011972689154675,0.03011972689154675,0.03011972689154675,0.030119726891546742,0.030119726891546742,0.03011972689154675,0.03011972689154675,0.030119726891546742,0.030119726891546742,0.030119726891546742,0.03011972689154675,0.030119726891546742,0.030119726891546742,0.030119726891546742,0.03011972689154675,0.030119726891546742,0.03011972689154675,0.03011972689154675,0.03011972689154675,0.030119726891546742,0.030119726891546742,0.030119726891546742,0.03011972689154675,0.03011972689154675,0.030119726891546742,0.03011972689154675,0.030119726891546742,0.030119726891546742,0.030119726891546742,0.030119726891546742,0.030119726891546742,0.030119726891546742,0.03011972689154675,0.03011972689154675,0.030119726891546742,0.030119726891546742,0.030119726891546742,0.030119726891546742,0.030119726891546742,0.03011972689154675,0.03011972689154675,0.030119726891546742,0.03011972689154675,0.03011972689154675,0.03011972689154675,0.030119726891546742,0.030119726891546742,0.03011972689154675,0.030119726891546742,0.030119726891546742,0.030119726891546742,0.03011972689154675,0.030119726891546742,0.030119726891546742,0.030119726891546742,0.030119726891546742,0.030119726891546742,0.03011972689154675,0.03011972689154675,0.030119726891546742,0.03011972689154675,0.03011972689154675,0.03011972689154675,0.030119726891546742,0.03011972689154675,0.030119726891546742,0.03011972689154675,0.03011972689154675,0.030119726891546742,0.03011972689154675,0.030119726891546742,0.03011972689154675,0.030119726891546742,0.03011972689154675,0.030119726891546742,0.030119726891546742,0.03011972689154675,0.030119726891546742,0.030119726891546742,0.030119726891546742,0.03011972689154675,0.030119726891546742,0.03011972689154675,0.03011972689154675,0.03011972689154675,0.030119726891546742,0.03011972689154675,0.030119726891546742,0.030119726891546742,0.03011972689154675,0.030119726891546742,0.030119726891546742,0.03011972689154675,0.030119726891546742,0.030119726891546742,0.030119726891546742,0.03011972689154675,0.03011972689154675,0.03011972689154675,0.030119726891546742,0.030119726891546742,0.03011972689154675,0.030119726891546742,0.03011972689154675,0.03011972689154675,0.030119726891546742,0.03011972689154675,0.03011972689154675,0.03011972689154675,0.030119726891546742,0.03011972689154675,0.030119726891546742,0.030119726891546742,0.030119726891546742,0.03011972689154675,0.03011972689154675,0.030119726891546742,0.030119726891546742,0.03011972689154675,0.030119726891546742,0.030119726891546742,0.030119726891546742,0.030119726891546742,0.03011972689154675,0.03011972689154675,0.03011972689154675,0.03011972689154675,0.03011972689154675,0.03011972689154675,0.03011972689154675,0.03011972689154675,0.03011972689154675,0.03011972689154675,0.03011972689154675,0.030119726891546742,0.030119726891546742,0.030119726891546742,0.03011972689154675,0.03011972689154675,0.03011972689154675,0.03011972689154675,0.030119726891546742,0.03011972689154675,0.030119726891546742,0.03011972689154675,0.03011972689154675,0.030119726891546742,0.03011972689154675,0.03011972689154675,0.030119726891546742,0.030119726891546742,0.03011972689154675,0.030119726891546742,0.03011972689154675,0.030119726891546742,0.030119726891546742,0.03011972689154675,0.03011972689154675,0.030119726891546742,0.030119726891546742,0.030119726891546742,0.030119726891546742,0.030119726891546742,0.03011972689154675,0.03011972689154675,0.030119726891546742,0.030119726891546742,0.030119726891546742,0.030119726891546742,0.030119726891546742,0.03011972689154675,0.030119726891546742,0.030119726891546742,0.03011972689154675,0.030119726891546742,0.030119726891546742,0.03011972689154675,0.030119726891546742,0.03011972689154675,0.030119726891546742,0.030119726891546742,0.03011972689154675,0.030119726891546742,0.030119726891546742,0.030119726891546742,0.030119726891546742,0.030119726891546742,0.030119726891546742,0.03011972689154675,0.030119726891546742,0.030119726891546742,0.03011972689154675,0.03011972689154675,0.030119726891546742,0.030119726891546742,0.03011972689154675,0.03011972689154675,0.03011972689154675,0.030119726891546742,0.03011972689154675,0.030119726891546742,0.030119726891546742,0.03011972689154675,0.030119726891546742,0.03011972689154675,0.03011972689154675,0.030119726891546742,0.03011972689154675,0.030119726891546742,0.030119726891546742,0.030119726891546742,0.030119726891546742,0.030119726891546742,0.030119726891546742,0.03011972689154675,0.03011972689154675,0.03011972689154675,0.03011972689154675,0.030119726891546742,0.03011972689154675,0.03011972689154675,0.03011972689154675,0.030119726891546742,0.030119726891546742,0.03011972689154675,0.030119726891546742,0.030119726891546742,0.030119726891546742,0.030119726891546742,0.030119726891546742,0.030119726891546742,0.03011972689154675,0.030119726891546742,0.03011972689154675,0.030119726891546742,0.03011972689154675,0.03011972689154675,0.030119726891546742,0.03011972689154675,0.030119726891546742,0.03011972689154675,0.030119726891546742,0.030119726891546742,0.03011972689154675,0.030119726891546742,0.030119726891546742,0.03011972689154675,0.03011972689154675,0.03011972689154675,0.030119726891546742,0.030119726891546742,0.03011972689154675,0.03011972689154675,0.03011972689154675,0.030119726891546742,0.03011972689154675,0.030119726891546742,0.03011972689154675,0.030119726891546742,0.03011972689154675,0.03011972689154675,0.03011972689154675,0.03011972689154675,0.030119726891546742,0.030119726891546742,0.03011972689154675,0.03011972689154675,0.030119726891546742,0.030119726891546742,0.03011972689154675,0.030119726891546742,0.030119726891546742,0.03011972689154675,0.030119726891546742,0.030119726891546742,0.03011972689154675,0.03011972689154675,0.03011972689154675,0.030119726891546742,0.030119726891546742,0.03011972689154675,0.03011972689154675,0.03011972689154675,0.030119726891546742,0.03011972689154675,0.030119726891546742,0.030119726891546742,0.03011972689154675,0.03011972689154675,0.03011972689154675,0.030119726891546742,0.03011972689154675,0.030119726891546742,0.03011972689154675,0.03011972689154675,0.03011972689154675,0.030119726891546742,0.03011972689154675,0.030119726891546742,0.030119726891546742,0.030119726891546742,0.030119726891546742,0.03011972689154675,0.030119726891546742,0.030119726891546742,0.03011972689154675,0.03011972689154675,0.030119726891546742,0.03011972689154675,0.030119726891546742,0.030119726891546742,0.030119726891546742,0.03011972689154675,0.030119726891546742,0.030119726891546742,0.030119726891546742,0.030119726891546742,0.030119726891546742,0.03011972689154675,0.030119726891546742,0.03011972689154675,0.030119726891546742,0.030119726891546742,0.030119726891546742,0.030119726891546742,0.030119726891546742,0.030119726891546742,0.030119726891546742,0.03011972689154675,0.03011972689154675,0.030119726891546742,0.03011972689154675,0.030119726891546742,0.03011972689154675,0.03011972689154675,0.03011972689154675,0.03011972689154675,0.030119726891546742,0.030119726891546742,0.03011972689154675,0.03011972689154675,0.03011972689154675,0.030119726891546742,0.030119726891546742,0.030119726891546742,0.03011972689154675,0.03011972689154675,0.03011972689154675,0.030119726891546742,0.03011972689154675,0.03011972689154675,0.030119726891546742,0.030119726891546742,0.030119726891546742,0.030119726891546742,0.03011972689154675,0.03011972689154675,0.03011972689154675,0.030119726891546742,0.030119726891546742,0.030119726891546742,0.030119726891546742,0.03011972689154675,0.03011972689154675,0.03011972689154675,0.03011972689154675,0.03011972689154675,0.03011972689154675,0.030119726891546742,0.03011972689154675,0.03011972689154675,0.030119726891546742,0.03011972689154675,0.03011972689154675,0.03011972689154675,0.030119726891546742,0.03011972689154675,0.03011972689154675,0.030119726891546742,0.03011972689154675,0.03011972689154675,0.030119726891546742,0.03011972689154675,0.030119726891546742,0.030119726891546742,0.030119726891546742,0.030119726891546742,0.030119726891546742,0.03011972689154675,0.030119726891546742,0.03011972689154675,0.03011972689154675,0.030119726891546742,0.030119726891546742,0.03011972689154675,0.03011972689154675,0.03011972689154675,0.030119726891546742,0.030119726891546742,0.03011972689154675,0.03011972689154675,0.03011972689154675,0.030119726891546742,0.030119726891546742,0.03011972689154675,0.030119726891546742,0.03011972689154675,0.030119726891546742,0.030119726891546742,0.030119726891546742,0.030119726891546742,0.030119726891546742,0.030119726891546742,0.03011972689154675,0.030119726891546742,0.030119726891546742,0.03011972689154675,0.030119726891546742,0.030119726891546742,0.03011972689154675,0.030119726891546742,0.030119726891546742,0.030119726891546742,0.03011972689154675,0.030119726891546742,0.03011972689154675,0.030119726891546742,0.03011972689154675,0.030119726891546742,0.030119726891546742,0.03011972689154675,0.030119726891546742,0.030119726891546742,0.030119726891546742,0.030119726891546742,0.030119726891546742,0.03011972689154675,0.030119726891546742,0.030119726891546742,0.030119726891546742,0.030119726891546742,0.030119726891546742,0.03011972689154675,0.030119726891546742,0.03011972689154675,0.030119726891546742,0.030119726891546742,0.030119726891546742,0.03011972689154675,0.03011972689154675,0.030119726891546742,0.030119726891546742,0.03011972689154675,0.03011972689154675,0.030119726891546742,0.030119726891546742,0.03011972689154675,0.030119726891546742,0.03011972689154675,0.03011972689154675,0.03011972689154675,0.030119726891546742,0.03011972689154675,0.030119726891546742,0.03011972689154675,0.03011972689154675,0.030119726891546742,0.030119726891546742,0.03011972689154675,0.030119726891546742,0.03011972689154675,0.030119726891546742,0.03011972689154675,0.03011972689154675,0.030119726891546742,0.030119726891546742,0.03011972689154675,0.030119726891546742,0.030119726891546742,0.030119726891546742,0.03011972689154675,0.030119726891546742,0.03011972689154675,0.03011972689154675,0.03011972689154675,0.030119726891546742,0.030119726891546742,0.03011972689154675,0.030119726891546742,0.03011972689154675,0.03011972689154675,0.03011972689154675,0.03011972689154675,0.030119726891546742,0.030119726891546742,0.03011972689154675,0.030119726891546742,0.03011972689154675,0.03011972689154675,0.030119726891546742,0.030119726891546742,0.03011972689154675,0.030119726891546742,0.03011972689154675,0.030119726891546742,0.030119726891546742,0.03011972689154675,0.030119726891546742,0.03011972689154675,0.03011972689154675,0.030119726891546742,0.03011972689154675,0.030119726891546742,0.030119726891546742,0.030119726891546742,0.030119726891546742,0.030119726891546742,0.030119726891546742,0.03011972689154675,0.030119726891546742,0.030119726891546742,0.030119726891546742,0.030119726891546742,0.03011972689154675,0.03011972689154675,0.030119726891546742,0.030119726891546742,0.03011972689154675,0.030119726891546742,0.030119726891546742,0.030119726891546742,0.030119726891546742,0.030119726891546742,0.03011972689154675,0.03011972689154675,0.03011972689154675,0.03011972689154675,0.03011972689154675,0.03011972689154675,0.03011972689154675,0.03011972689154675,0.030119726891546742,0.030119726891546742,0.03011972689154675,0.03011972689154675,0.030119726891546742,0.03011972689154675,0.030119726891546742,0.03011972689154675,0.030119726891546742,0.03011972689154675,0.03011972689154675,0.030119726891546742,0.03011972689154675,0.03011972689154675,0.03011972689154675,0.030119726891546742,0.03011972689154675,0.03011972689154675,0.030119726891546742,0.030119726891546742,0.03011972689154675,0.030119726891546742,0.03011972689154675,0.03011972689154675,0.030119726891546742,0.03011972689154675,0.03011972689154675,0.030119726891546742,0.03011972689154675,0.030119726891546742,0.03011972689154675,0.030119726891546742,0.03011972689154675,0.03011972689154675,0.030119726891546742,0.03011972689154675,0.03011972689154675,0.03011972689154675,0.030119726891546742,0.03011972689154675,0.03011972689154675,0.03011972689154675,0.030119726891546742,0.03011972689154675,0.03011972689154675,0.030119726891546742,0.030119726891546742,0.030119726891546742,0.03011972689154675,0.030119726891546742,0.03011972689154675,0.030119726891546742,0.030119726891546742,0.030119726891546742,0.03011972689154675,0.03011972689154675,0.03011972689154675,0.030119726891546742,0.030119726891546742,0.03011972689154675,0.03011972689154675,0.030119726891546742,0.03011972689154675,0.030119726891546742,0.030119726891546742,0.030119726891546742,0.030119726891546742,0.030119726891546742,0.03011972689154675,0.03011972689154675,0.030119726891546742,0.03011972689154675,0.03011972689154675,0.03011972689154675,0.03011972689154675,0.030119726891546742,0.030119726891546742,0.030119726891546742,0.030119726891546742,0.03011972689154675,0.030119726891546742,0.03011972689154675,0.030119726891546742,0.03011972689154675,0.030119726891546742,0.03011972689154675,0.03011972689154675,0.03011972689154675,0.030119726891546742,0.030119726891546742,0.03011972689154675,0.030119726891546742,0.03011972689154675,0.03011972689154675,0.03011972689154675,0.03011972689154675,0.03011972689154675,0.03011972689154675,0.03011972689154675,0.03011972689154675,0.030119726891546742,0.03011972689154675,0.030119726891546742,0.030119726891546742,0.03011972689154675,0.030119726891546742,0.030119726891546742,0.030119726891546742,0.030119726891546742,0.030119726891546742,0.030119726891546742,0.03011972689154675,0.030119726891546742,0.030119726891546742,0.03011972689154675,0.030119726891546742,0.030119726891546742,0.030119726891546742,0.03011972689154675,0.03011972689154675,0.03011972689154675,0.03011972689154675,0.03011972689154675,0.03011972689154675,0.03011972689154675,0.03011972689154675,0.03011972689154675,0.030119726891546742,0.03011972689154675,0.03011972689154675,0.030119726891546742,0.03011972689154675,0.03011972689154675,0.030119726891546742,0.03011972689154675,0.03011972689154675,0.03011972689154675,0.030119726891546742,0.03011972689154675,0.03011972689154675,0.030119726891546742,0.030119726891546742,0.03011972689154675,0.030119726891546742,0.030119726891546742,0.030119726891546742,0.03011972689154675,0.030119726891546742,0.03011972689154675,0.030119726891546742,0.030119726891546742,0.030119726891546742,0.030119726891546742,0.03011972689154675,0.03011972689154675,0.030119726891546742,0.030119726891546742,0.03011972689154675,0.030113580659036448,0.030107273841680226,0.030100805806076113,0.030094175941464782,0.03008738365170671,0.030080428347264206,0.030073309437210226,0.03006602632131484,0.030058578382210654,0.03005096497767294,0.030043185433004414,0.030035239033570773,0.030027125017452954,0.030018842568248136,0.03001039080802394,0.030001768790366153,0.029992975493597928,0.02998400981409172,0.029974870559698413,0.029965556443257258,0.029956066076196462,0.02994639796217331,0.029936550490762336,0.02992652193115236,0.029916310425832485,0.02990591398426038,0.029895330476431944,0.02988455762640728,0.029873593005673108,0.029862434026399945,0.029851077934495814,0.029839521802421887,0.029827762521803344,0.029815796795698683,0.029803621130605043,0.029791231828035582,0.029778624975709628,0.029765796438283136,0.02975274184756992,0.029739456592186804,0.029725935806618663,0.02971217435955832,0.029698166841541952,0.029683907551760813,0.029669390483985602,0.029654609311534103,0.0296395573711743,0.029624227645884245,0.029608612746357493,0.029592704891147334,0.029576495885314108,0.02955997709742338,0.029543139434821244,0.02952597331690277,0.029508468646294125,0.029490614777685813,0.029472400484124677,0.029453813920498492,0.02943484258393571,0.02941547327083065,0.02939569203013213,0.029375484112511223,0.029354833914991735,0.02933372492054825,0.02931213963210825,0.029290059500413256,0.02926746484495004,0.02924433476723945,0.029220647055582912,0.02919637808021288,0.029171502677761214,0.029145994023616683,0.029119823490918517,0.029092960494095675,0.02906537231526322,0.029037023911054918,0.029007877697246325,0.028977893308123434,0.02894702732697182,0.02891523298356414,0.02888245981368314,0.02884865327496119,0.02881375431220614,0.028777698864288714,0.028740417302714982,0.02870183379111294,0.028661865551059852,0.02862042201865677,0.02857740387130755,0.02853270190087887,0.028486195703457746,0.028437752149414196,0.02838722358885452,0.028334445736625326,0.028279235166904247,0.02822138632956259,0.028160667976207726,0.028096818853427172,0.028029542478777158,0.027958500760149396,0.027883306144214567,0.02780351187713987,0.02771859981977916,0.027627965061116585,0.027530896293597843,0.027426550510354766,0.027313919996499157,0.027191788715267756,0.02705867387695467,0.026912746467899516,0.02675172137630883,0.02657270276030023,0.02637196221993571,0.026144614070106632,0.025884129879493473,0.025581597915987183,0.025224574433557405,0.024795290628058776,0.024267912021190937,0.023604739954479714,0.02275268498631353,0.021646654625876623,0.02023596543791925,0.01853866835712026,0.016667682944527397,0.014775574693086288,0.012981348845048419,0.011346923474787472,0.009890408582682756,0.008605959098375263,0.007478171054107803,0.006490088478845832,0.005626463671109561,0.004873986622950256,0.004220415632293478,0.0036540885989908324,0.0031640125170476936,0.0027401255671786686,0.00237346518932747,0.0020561957744245985,0.001781540412856924,0.001543668272386132,0.0013375714339449675,0.0011589482117196123,0.001004099594765323,0.0008698401722314897,0.0007534226144433115,0.0006524739945429838,0.000564942127638754,0.0004890502668296001,0.0004232587363965817,0.000366232325424745,0.00031681247839647855,0.00027399349708044684,0.00023690211313525007,0.00020477990658512762,0.00017696813834171873,0.00015289463926601023,0.00013206245815271933,0.0001140400190709522,9.845257805242727e-05,8.497480102828249e-05,7.332431165381764e-05,6.32560793966099e-05,5.455753688048227e-05,4.7044330814112614e-05,4.055662386881818e-05,3.4955876166635304e-05,3.0122044244709256e-05,2.5951143780059394e-05,2.235312919429407e-05,1.925004938852153e-05,1.657444407817008e-05,1.42679497542021e-05,1.2280088255830645e-05,1.056721438819381e-05,9.091602017939196e-06,7.820650708547596e-06,6.72619724597972e-06,5.783918397964526e-06,4.972813006870838e-06,4.274753040974132e-06,3.674094555732832e-06,3.1573406934931154e-06,2.7128498590550286e-06,2.3305831016543615e-06,2.0018855082276327e-06,1.7192970908285844e-06,1.4763892406421207e-06,1.2676233361525948e-06,1.088228541229569e-06,9.340962201406937e-07,8.016887357751075e-07,6.879606941342702e-07,5.902909547349333e-07,5.064239510319363e-07,4.3441905900052084e-07,3.726069210326774e-07,3.195517788454137e-07,2.740189964412598e-07,2.349470645672314e-07,2.0142347350676002e-07,1.7266392457206557e-07,1.479944217694981e-07,1.268358481491334e-07,1.0869068462831055e-07,9.313157595020003e-08,7.979148888680673e-08,6.835524245795604e-08,5.85522203554893e-08,5.0150101526017656e-08,4.2949467805764195e-08,3.677916658326099e-08,3.14923234966926e-08,2.6962914601214583e-08,2.3082819960389098e-08,1.9759291504243563e-08,1.6912777170526015e-08,1.551981951153737e-08,1.3282268151955713e-08,1.1366332246413753e-08,9.725939583992973e-09,8.321593732015446e-09,7.1194392580092575e-09,6.090459243025047e-09,5.2097864641187105e-09,4.456112208411997e-09,3.8111789766680525e-09,3.2593451859678814e-09,2.7872117400337054e-09,2.383301677042398e-09,2.0377854170270973e-09,1.7422451234413226e-09,1.4894726441157614e-09,1.2732962628023945e-09,1.088432172196648e-09,9.303571543922144e-10,7.951994523669348e-10,6.796452439005101e-10,5.808584959494324e-10,4.964122920281576e-10,4.2422999639262434e-10,3.6253485203066655e-10,3.0980680602001055e-10,2.6474553167584805e-10,2.2623875981498968e-10,1.9333516013342077e-10,1.6522112076551058e-10,1.4120086814197268e-10,1.2067944749088223e-10,1.0314815443011287e-10,8.817206528134942e-11,7.537936501905556e-11,6.445221432384133e-11,5.511893462192507e-11,4.714732144659494e-11,4.033892358423591e-11,3.452414916152702e-11,2.955807929914783e-11,2.5316887461698997e-11,2.169477695577223e-11,1.8601362042827454e-11,1.5959428380425067e-11,1.3703018110186039e-11,1.1775792637542611e-11,1.012963293492047e-11,8.723443016716799e-12,7.522127154324757e-12,6.495715685213559e-12,5.618617879762505e-12,4.868983449657238e-12,4.228156934215641e-12,3.680211481941558e-12,3.2115505237070734e-12,2.8105674590907003e-12,2.4673549287629476e-12,2.173456472750029e-12,1.921654401090955e-12,1.705788615213121e-12,1.5206018727150495e-12,1.3616076414366434e-12,1.2249772631597554e-12,1.107443595396936e-12,1.006218744395725e-12,9.1892382803534e-13,8.435290128174706e-13,7.78302325493045e-13,7.217659584777183e-13,6.726589746846448e-13,6.29905475751665e-13,5.92587435026014e-13,5.599215135480418e-13,5.312392758125447e-13,5.059703078245365e-13,4.836278122458437e-13,4.637963195652047e-13,4.4612120089528883e-13,4.302997234731027e-13,4.160734202756044e-13,4.032215796360371e-13,3.9155569331901233e-13,3.809147204775217e-13,3.7116104845572655e-13,3.621770468317147e-13,3.5386213019502477e-13,3.4613025232033487e-13,3.389077693161951e-13,3.3213161750752923e-13,3.2574775976371155e-13,3.197098605539582e-13,3.1397815611434954e-13,3.0851849162207865e-13,3.0330149921584817e-13,2.9830189797602353e-13,2.9349789715819057e-13,2.8887068605152986e-13,2.8440400090894777e-13,2.800837541731362e-13,2.758977188840376e-13,2.718352595948217e-13,2.67887102482363e-13,2.6404514006417366e-13,2.603022637065753e-13,2.566522213983097e-13,2.5308949614859754e-13,2.496092022428928e-13,2.462069968467903e-13,2.4287900413630923e-13,2.396217511356105e-13,2.3643211242424683e-13,2.333072631819449e-13,2.302446387732562e-13,2.2724190054451412e-13,2.2429690619613417e-13,2.214076847799151e-13,2.1857241502148327e-13,2.1578940687417097e-13,2.1305708564453323e-13,2.103739784165814e-13,2.0773870236961965e-13,2.0514995436547371e-13,2.0260650296066675e-13,2.001071804109835e-13,1.9765087640243515e-13,1.952365323947759e-13,1.928631368497422e-13,1.90529720779602e-13,1.8823535454524645e-13,1.8597914426600683e-13,1.8376022920811392e-13,1.8157777919613508e-13,1.7943099258354984e-13,1.773190942654409e-13,1.7524133400923643e-13,1.731969849433184e-13,1.7118534221454047e-13,1.6920572179156598e-13,1.672574593759834e-13,1.653399094202597e-13,1.6345244425984204e-13,1.6159445326105757e-13,1.5976534211357416e-13,1.5796453214751053e-13,1.561914597125355e-13,1.5444557556924709e-13,1.527263443679116e-13,1.5103324416893105e-13,1.4936576591828072e-13,1.4772341310275827e-13,1.4610570120361101e-13,1.4451215739562971e-13,1.4294232013546585e-13,1.4139573884553573e-13,1.3987197355570758e-13,1.3837059456871833e-13,1.3689118215955416e-13,1.3543332635424613e-13,1.3399662653592413e-13,1.325806912611039e-13,1.3118513795760106e-13,1.2980959270498763e-13,1.2845368998749364e-13,1.2711707234122726e-13,1.2579939056775561e-13,1.2450030290347872e-13,1.2321947522149773e-13,1.2195658072703625e-13,1.207112997545543e-13,1.1948331958937485e-13,1.182723343050633e-13,1.170780445568507e-13,1.1590015741636425e-13,1.1473838626092802e-13,1.135924505111025e-13,1.1246207558137459e-13,1.1134699268224382e-13,1.1024693870415513e-13,1.0916165590250696e-13,1.0809089212370387e-13,1.0703440034054204e-13,1.0599193863289322e-13,1.0496327009834728e-13,1.039481627099832e-13,1.0294638916855545e-13,1.0195772687620581e-13,1.0098195767112031e-13,1.0001886784072188e-13,9.906824797941872e-14,9.812989289127968e-14,9.720360149026235e-14,9.628917669741072e-14,9.538642533817015e-14,9.449515811966528e-14,9.36151893705263e-14,9.274633716042137e-14,9.18884231275944e-14,9.104127230735941e-14,9.020471320714859e-14,8.93785776440569e-14,8.856270067584705e-14,8.775692053197379e-14,8.696107854591595e-14,8.617501908080173e-14,8.539858949481321e-14,8.463163992851789e-14,8.387402350169721e-14,8.312559602208334e-14,8.238621601680689e-14,8.165574466202487e-14,8.093404572252746e-14,8.022098549529857e-14,7.951643274799095e-14,7.882025867832646e-14,7.813233684555746e-14,7.745254312610976e-14,7.678075571131862e-14,7.61168549368001e-14,7.54607233547204e-14,7.481224563923273e-14,7.417130852392392e-14,7.353780080115475e-14,7.291161326310104e-14,7.229263858950176e-14,7.168077144102947e-14,7.107590831164219e-14,7.047794754031041e-14,6.988678923316704e-14,6.930233533968496e-14,6.872448938916075e-14,6.815315671796106e-14,6.758824423712063e-14,6.702966049876006e-14,6.647731562239547e-14,6.593112128989959e-14,6.539099069738243e-14,6.485683852850061e-14,6.432858093185392e-14,6.380613547458616e-14,6.328942112396856e-14,6.277835822039435e-14,6.227286844839078e-14,6.17728748098581e-14,6.127830159790399e-14,6.078907436968698e-14,6.030511992876734e-14,5.982636628565925e-14,5.935274265981397e-14,5.88841794189967e-14,5.842060807900727e-14,5.796196131770491e-14,5.750817286716357e-14,5.705917756646278e-14,5.661491131119574e-14,5.617531102753254e-14,5.574031468316057e-14,5.530986122762139e-14,5.4883890594755263e-14,5.4462343695209336e-14,5.404516238050147e-14,5.363228941292769e-14,5.322366847899438e-14,5.281924415143667e-14,5.2418961875662694e-14,5.2022767973680895e-14,5.1630609609543754e-14,5.124243477610046e-14,5.085819226963476e-14,5.0477831680195103e-14,5.010130336539002e-14,4.9728558496661456e-14,4.935954899438429e-14,4.899422749377062e-14,4.8632547371388147e-14,4.82744627027844e-14,4.7919928287212107e-14,4.75688996050649e-14,4.722133281360937e-14,4.6877184733693975e-14,4.653641283557555e-14,4.619897524807363e-14,4.5864830714595546e-14,4.55339385932248e-14,4.520625886003957e-14,4.4881752085099734e-14,4.4560379425150157e-14,4.4242102613350786e-14,4.3926883949212915e-14,4.3614686288736374e-14,4.33054730276482e-14,4.299920811199612e-14,4.2695856005985194e-14,4.2395381723480315e-14,4.2097750731756564e-14,4.180292902934134e-14,4.1510883120432854e-14,4.122157998380349e-14,4.0934987049493575e-14,4.065107226442147e-14,4.036980399320385e-14,4.009115108182098e-14,3.9815082789668645e-14,3.954156883138767e-14,3.927057935366441e-14,3.900208493902854e-14,3.873605655909994e-14,3.8472465606538114e-14,3.821128388027072e-14,3.795248355668573e-14,3.769603722158178e-14,3.7441917832889174e-14,3.7190098729613095e-14,3.6940553618370046e-14,3.669325657394678e-14,3.644818202098408e-14,3.620530473650584e-14,3.5964599853951924e-14,3.572604284034759e-14,3.54896095013423e-14,3.5255275969444765e-14,3.502301870114212e-14,3.479281448540432e-14,3.456464040115009e-14,3.433847386734256e-14,3.4114292584282587e-14,3.3892074558469345e-14,3.367179809465851e-14,3.3453441782724354e-14,3.3236984497389504e-14,3.3022405401624407e-14,3.280968393200035e-14,3.259879979626369e-14,3.2389732973285944e-14,3.218246370508229e-14,3.197697249305389e-14,3.177324009381332e-14,3.157124752236545e-14,3.1370976026351006e-14,3.117240711540217e-14,3.0975522529884966e-14,3.07803042506974e-14,3.0586734490655056e-14,3.039479569340392e-14,3.02044705279251e-14,3.0015741885973593e-14,2.982859289174535e-14,2.9643006847160385e-14,2.945896730711211e-14,2.9276458024217616e-14,2.90954629537251e-14,2.8915966256409366e-14,2.873795229374453e-14,2.8561405624231585e-14,2.8386311001269726e-14,2.8212653369883748e-14,2.8040417863948725e-14,2.7869589803482682e-14,2.7700154690778038e-14,2.753209821150218e-14,2.7365406227065914e-14,2.7200064769524866e-14,2.7036060060443744e-14,2.687337847329211e-14,2.6712006555469886e-14,2.6551931020378856e-14,2.6393138751020158e-14,2.6235616781443345e-14,2.607935230564572e-14,2.5924332679170343e-14,2.5770545405379293e-14,2.5617978141925354e-14,2.5466618698820815e-14,2.5316455028028162e-14,2.5167475228672354e-14,2.5019667545665142e-14,2.4873020361713943e-14,2.4727522202776478e-14,2.4583161723871707e-14,2.4439927725641834e-14,2.4297809137340994e-14,2.415679501824763e-14,2.401687456104582e-14,2.3878037081721558e-14,2.3740272026071626e-14,2.360356896564906e-14,2.3467917588773013e-14,2.3333307710429932e-14,2.319972926188436e-14,2.306717229981663e-14,2.2935626977237418e-14,2.2805083580497583e-14,2.2675532502562082e-14,2.2546964247277216e-14,2.241936942841765e-14,2.2292738771940676e-14,2.216706310620447e-14,2.2042333363116404e-14,2.191854059080268e-14,2.1795675918353078e-14,2.1673730588728176e-14,2.1552695956131705e-14,2.1432563456290557e-14,2.1313324630595573e-14,2.119497111083e-14,2.107749461551789e-14,2.0960886984479018e-14,2.084514012855315e-14,2.0730246049598936e-14,2.061619683661924e-14,2.0502984679861833e-14,2.0390601850134538e-14,2.0279040705870187e-14,2.016829368712987e-14,2.0058353320731705e-14,1.9949212218605628e-14,1.984086306854546e-14,1.9733298640581426e-14,1.9626511794859824e-14,1.9520495457735298e-14,1.941524263611584e-14,1.931074641554508e-14,1.920699995549879e-14,1.9103996488575444e-14,1.9001729327710385e-14,1.8900191853655334e-14,1.8799377519495165e-14,1.869927984936731e-14,1.8599892435035466e-14,1.8501208944990315e-14,1.840322310847935e-14,1.830592872664874e-14,1.8209319658596018e-14,1.8113389844826885e-14,1.8018133282546658e-14,1.79235440221878e-14,1.7829616193243127e-14,1.7736343981886962e-14,1.7643721636178366e-14,1.7551743460482398e-14,1.746040382865628e-14,1.7369697169297758e-14,1.727961796973539e-14,1.7190160775301762e-14,1.710132018849889e-14,1.7013090868436394e-14,1.6925467530193514e-14,1.6838444943786753e-14,1.6752017933980582e-14,1.6666181384438314e-14,1.6580930221583803e-14,1.6496259429657516e-14,1.6412164044657553e-14,1.632863915400014e-14,1.6245679895683396e-14,1.616328145772244e-14,1.608143906730041e-14,1.6000148031055257e-14,1.591940367435421e-14,1.5839201377308183e-14,1.5759536570089643e-14,1.568040472346398e-14,1.560180136764676e-14,1.5523722068087644e-14,1.5446162435181416e-14,1.5369118125228926e-14,1.5292584838863383e-14,1.5216558319205215e-14,1.51410343524823e-14,1.506600876682458e-14,1.4991477434173776e-14,1.4917436263029417e-14,1.4843881210007112e-14,1.47708082664671e-14,1.4698213464499268e-14,1.4626092876407865e-14,1.4554442613313893e-14,1.4483258824734206e-14,1.4412537699209147e-14,1.4342275459267075e-14,1.427246836570518e-14,1.4203112724610195e-14,1.4134204867573417e-14,1.4065741164742081e-14,1.3997718023958912e-14,1.393013188815093e-14,1.3862979232801342e-14,1.3796256565221106e-14,1.3729960436347917e-14,1.3664087421570737e-14,1.3598634132253135e-14,1.3533597212774056e-14,1.3468973341908046e-14,1.340475922231991e-14,1.334095159662518e-14,1.3277547236926903e-14,1.3214542943917175e-14,1.315193555273001e-14,1.3089721916642317e-14,1.3027898946725732e-14,1.2966463555498532e-14,1.2905412694404762e-14,1.2844743346602226e-14,1.2784452520484757e-14,1.272453725344314e-14,1.2664994611064464e-14,1.2605821685289783e-14,1.2547015598398496e-14,1.2488573496781052e-14,1.2430492556382921e-14,1.2372769976362823e-14,1.2315402984780834e-14,1.2258388834435007e-14,1.2201724804151112e-14,1.2145408199263815e-14,1.2089436344909955e-14,1.203380659822188e-14,1.197851633698622e-14,1.1923562961306774e-14,1.186894389795204e-14,1.181465659723731e-14,1.1760698532629449e-14,1.1707067200771052e-14,1.1653760121281782e-14,1.1600774836463073e-14,1.1548108910671646e-14,1.1495759931323011e-14,1.1443725507488708e-14,1.1392003270072163e-14,1.1340590870974347e-14,1.1289485983723226e-14,1.1238686302467968e-14,1.1188189543792189e-14,1.1137993442290343e-14,1.1088095755184284e-14,1.10384942576863e-14,1.0989186748929647e-14,1.0940171044104645e-14,1.0891444978862848e-14,1.0843006408661146e-14,1.0794853207910865e-14,1.0746983269945212e-14,1.0699394507235817e-14,1.0652084849920334e-14,1.0605052248609858e-14,1.0558294667110378e-14,1.0511810093449768e-14,1.0465596528227593e-14,1.0419651989348534e-14,1.0373974521499827e-14,1.0328562182814336e-14,1.0283413034535061e-14,1.0238525170063555e-14,1.0193896698329918e-14,1.0149525738861058e-14,1.0105410430737954e-14,1.0061548929557847e-14,1.0017939406204099e-14,9.974580047529584e-15,9.931469056307543e-15,9.888604650763074e-15,9.845985064495022e-15,9.803608546389171e-15,9.761473360413553e-15,9.71957778544085e-15,9.677920115164614e-15,9.636498657499446e-15,9.595311736104338e-15,9.554357687723058e-15,9.513634863735494e-15,9.473141629572215e-15,9.432876364605241e-15,9.392837461936294e-15,9.353023328365864e-15,9.313432383349263e-15,9.274063059066525e-15,9.234913808584696e-15,9.19598308808691e-15,9.15726936630849e-15,9.118771136884134e-15,9.080486894965848e-15,9.042415151652544e-15,9.004554430610231e-15,8.966903267902293e-15,8.929460211599037e-15,8.892223822238906e-15,8.855192672114072e-15,8.818365345527193e-15,8.781740438357163e-15,8.745316558306782e-15,8.709092324556506e-15,8.673066367710222e-15,8.637237329697901e-15,8.601603863611113e-15,8.566164633696924e-15,8.530918315140203e-15,8.495863594023628e-15,8.46099916720831e-15,8.426323742165411e-15,8.391836037056973e-15,8.35753478050482e-15,8.323418711342896e-15,8.289486578913262e-15,8.255737142513404e-15,8.222169171628904e-15,8.188781445702511e-15,8.15557275361909e-15,8.122541895352402e-15,8.089687679431953e-15,8.057008924036027e-15,8.024504457246732e-15,7.992173116409756e-15,7.96001374822927e-15,7.92802520865904e-15,7.89620636281579e-15,7.864556084893e-15,7.833073258076183e-15,7.801756774439752e-15,7.770605534915668e-15,7.739618449169122e-15,7.708794435517473e-15,7.678132420785983e-15,7.647631339896545e-15,7.617290137154817e-15,7.587107764649836e-15,7.557083183693956e-15,7.527215362117983e-15,7.497503280220232e-15,7.46794591629474e-15,7.438542265715127e-15,7.409291329301987e-15,7.38019211524145e-15,7.351243641030901e-15,7.322444929698675e-15,7.293795012737838e-15,7.265292928903956e-15,7.236937725160619e-15,7.208728455226208e-15,7.180664180019626e-15,7.152743968403747e-15,7.124966899337687e-15,7.097332050037933e-15,7.069838513149968e-15,7.042485383837082e-15,7.0152717672787215e-15,6.9881967748407645e-15,6.961259521540723e-15,6.934459136255053e-15,6.907794746534579e-15,6.881265490941545e-15,6.854870513702847e-15,6.828608965621801e-15,6.802480005535705e-15,6.776482793815639e-15,6.750616502441695e-15,6.7248803056977424e-15,6.699273388916637e-15,6.673794938207486e-15,6.648444151238835e-15,6.623220227440786e-15,6.59812237363917e-15,6.5731498027521605e-15,6.54830173356415e-15,6.523577390645343e-15,6.498976004606278e-15,6.474496811593522e-15,6.450139053392223e-15,6.425901977747717e-15,6.401784839714461e-15,6.377786893240889e-15,6.353907406984114e-15,6.330145649160635e-15,6.306500894285026e-15,6.282972422950211e-15,6.259559521820377e-15,6.236261481517148e-15,6.213077599456658e-15,6.190007175327341e-15,6.167049516755185e-15,6.144203935354922e-15,6.121469747722754e-15,6.098846276047237e-15,6.076332847076103e-15,6.0539287922520594e-15,6.031633448284115e-15,6.009446156593214e-15,5.987366263399111e-15,5.965393119678638e-15,5.943526081123304e-15,5.921764508103833e-15,5.9001077657086866e-15,5.878555222809237e-15,5.857106254933838e-15,5.835760240092316e-15,5.814516561422037e-15,5.793374607226922e-15,5.7723337688235676e-15,5.7513934417285086e-15,5.730553027458418e-15,5.709811931342314e-15,5.689169563692212e-15,5.6686253350046985e-15,5.64817866484456e-15,5.627828974407642e-15,5.6075756906570055e-15,5.587418243103955e-15,5.567356066227854e-15,5.547388597195024e-15,5.5275152786996105e-15,5.5077355569654326e-15,5.488048881836314e-15,5.468454707042451e-15,5.448952490433627e-15,5.429541693984249e-15,5.410221782521964e-15,5.390992225121988e-15,5.371852494584039e-15,5.352802067086401e-15,5.3338404244264514e-15,5.314967047133133e-15,5.2961814245227294e-15,5.2774830482042924e-15,5.258871412161219e-15,5.240346014429044e-15,5.221906356578811e-15,5.203551943930506e-15,5.185282284384966e-15,5.167096890110649e-15,5.148995276424602e-15,5.130976961836719e-15,5.1130414682176134e-15,5.095188320820046e-15,5.077417048128428e-15,5.059727181887485e-15,5.0421182570460325e-15,5.024589811715622e-15,5.0071413872095774e-15,4.989772527957592e-15,4.9724827815971856e-15,4.955271698753646e-15,4.938138833151151e-15,4.921083741566851e-15,4.904105983780403e-15,4.887205122571485e-15,4.870380723307093e-15,4.8536323550954446e-15,4.836959589501092e-15,4.820362001086644e-15,4.8038391671788414e-15,4.7873906681254856e-15,4.771016087404334e-15,4.754715010488563e-15,4.738487025996975e-15,4.7223317254504404e-15,4.7062487033007366e-15,4.690237555214354e-15,4.67429788240282e-15,4.658429286780487e-15,4.642631373022533e-15,4.62690374861804e-15,4.6112460238967276e-15,4.595657811543865e-15,4.580138727642151e-15,4.5646883897056885e-15,4.5493064193699175e-15,4.533992436625327e-15,4.518746067429542e-15,4.503566942165883e-15,4.488454690282889e-15,4.473408944837117e-15,4.4584293401324595e-15,4.443515514061608e-15,4.428667107663988e-15,4.4138837623749446e-15,4.399165124470277e-15,4.38451083914933e-15,4.36992055674534e-15,4.355393929196442e-15,4.3409306099963744e-15,4.3265302556500195e-15,4.312192524587663e-15,4.297917077623458e-15,4.297916758402098e-15,4.2979164633920475e-15,4.297916176312775e-15,4.297915894659136e-15,4.297915618185802e-15,4.2979153469707034e-15,4.297915081108493e-15,4.2979148206642e-15,4.297914565668202e-15,4.297914316117898e-15,4.29791407198058e-15,4.297913833196577e-15,4.2979135996824225e-15,4.297913371334007e-15,4.297913148029623e-15,4.297912929632878e-15,4.29791271599545e-15,4.297912506959606e-15,4.2979123023605645e-15,4.297912102028625e-15,4.297911905791025e-15,4.297911713473668e-15,4.297911524902561e-15,4.297911339905112e-15,4.297911158311204e-15,4.297910979954106e-15,4.297910804671223e-15,4.2979106323046945e-15,4.2979104627018845e-15,4.297910295715718e-15,4.2979101312049665e-15,4.297909969034388e-15,4.297909809074838e-15,4.297909651203288e-15,4.297909495302793e-15,4.297909341262419e-15,4.297909188977134e-15,4.297909038347656e-15,4.297908889280279e-15,4.2979087416867e-15,4.297908595483807e-15,4.2979084505934655e-15,4.297908306942305e-15,4.2979081644615086e-15,4.297908023086569e-15,4.297907882757087e-15,4.297907743416546e-15,4.2979076050121036e-15,4.297907467494388e-15,4.297907330817287e-15,4.297907194937772e-15,4.297907059815702e-15,4.297906925413638e-15,4.297906791696702e-15,4.297906658632389e-15,4.297906526190427e-15,4.297906394342626e-15,4.297906263062748e-15,4.297906132326376e-15,4.297906002110784e-15,4.297905872394843e-15,4.297905743158884e-15,4.297905614384622e-15,4.297905486055048e-15,4.297905358154345e-15,4.297905230667803e-15,4.297905103581745e-15,4.297904976883452e-15,4.2979048505610834e-15,4.297904724603643e-15,4.297904599000886e-15,4.297904473743291e-15,4.2979043488219915e-15,4.297904224228738e-15,4.297904099955849e-15,4.2979039759961664e-15,4.297903852343033e-15,4.2979037289902336e-15,4.297903605931977e-15,4.297903483162867e-15,4.297903360677864e-15,4.297903238472261e-15,4.297903116541675e-15,4.297902994881987e-15,4.2979028734893765e-15,4.297902752360232e-15,4.2979026314911895e-15,4.297902510879105e-15,4.297902390521015e-15,4.297902270414142e-15,4.29790215055588e-15,4.297902030943773e-15,4.297901911575509e-15,4.297901792448918e-15,4.29790167356194e-15,4.297901554912642e-15,4.297901436499179e-15,4.2979013183198245e-15,4.2979012003729305e-15,4.297901082656931e-15,4.297900965170343e-15,4.297900847911754e-15,4.297900730879815e-15,4.297900614073242e-15,4.2979004974908044e-15,4.29790038113133e-15,4.297900264993684e-15,4.2979001490767904e-15,4.297900033379604e-15,4.2978999179011305e-15,4.2978998026404e-15,4.297899687596478e-15,4.297899572768465e-15,4.297899458155487e-15,4.297899343756695e-15,4.297899229571271e-15,4.29789911559841e-15,4.297899001837334e-15,4.2978988882872884e-15,4.2978987749475306e-15,4.297898661817338e-15,4.297898548896005e-15,4.297898436182824e-15,4.297898323677128e-15,4.2978982113782475e-15,4.297898099285571e-15,4.2978979873983614e-15,4.297897875716029e-15,4.297897764237951e-15,4.297897652963511e-15,4.297897541892095e-15,4.297897431023102e-15,4.297897320355956e-15,4.297897209890052e-15,4.29789709962482e-15,4.297896989559679e-15,4.297896879694069e-15,4.2978967700274276e-15,4.297896660559193e-15,4.297896551288802e-15,4.2978964422157104e-15,4.297896333339374e-15,4.297896224659257e-15,4.297896116174812e-15,4.2978960078855094e-15,4.2978958997908215e-15,4.297895791890222e-15,4.297895684183177e-15,4.297895576669169e-15,4.297895469347685e-15,4.297895362218203e-15,4.297895255280209e-15,4.297895148533193e-15,4.2978950419766424e-15,4.2978949356100545e-15,4.2978948294329234e-15,4.297894723444746e-15,4.2978946176450215e-15,4.297894512033253e-15,4.29789440660894e-15,4.2978943013715894e-15,4.297894196320709e-15,4.2978940914558035e-15,4.297893986776388e-15,4.297893882281972e-15,4.2978937779720676e-15,4.2978936738461894e-15,4.297893569903858e-15,4.297893466144586e-15,4.297893362567899e-15,4.297893259173309e-15,4.297893155960343e-15,4.297893052928528e-15,4.297892950077383e-15,4.297892847406439e-15,4.297892744915229e-15,4.297892642603278e-15,4.297892540470094e-15,4.297892438515239e-15,4.297892336738234e-15,4.297892235138615e-15,4.297892133715921e-15,4.297892032469683e-15,4.297891931399442e-15,4.297891830504738e-15,4.297891729785108e-15,4.297891629240099e-15,4.297891528869247e-15,4.2978914286721e-15,4.297891328648205e-15,4.297891228797105e-15,4.297891129118354e-15,4.297891029611491e-15,4.297890930276074e-15,4.2978908311116564e-15,4.29789073211778e-15,4.297890633294005e-15,4.297890534639884e-15,4.297890436154973e-15,4.297890337838834e-15,4.29789023969101e-15,4.297890141711074e-15,4.297890043898584e-15,4.297889946253105e-15,4.2978898487741955e-15,4.297889751461415e-15,4.297889654314332e-15,4.2978895573325104e-15,4.297889460515518e-15,4.297889363862924e-15,4.2978892673742996e-15,4.2978891710492105e-15,4.297889074887231e-15,4.297888978887931e-15,4.297888883050884e-15,4.297888787375666e-15,4.2978886918618525e-15,4.2978885965090155e-15,4.29788850131674e-15,4.297888406284601e-15,4.29788831141218e-15,4.2978882166990546e-15,4.2978881221448075e-15,4.2978880277490174e-15,4.2978879335112795e-15,4.297887839431171e-15,4.297887745508287e-15,4.297887651742206e-15,4.297887558132507e-15,4.297887464678797e-15,4.2978873713806594e-15,4.297887278237688e-15,4.297887185249465e-15,4.297887092415592e-15,4.2978869997356644e-15,4.29788690720928e-15,4.297886814836027e-15,4.297886722615505e-15,4.2978866305473124e-15,4.297886538631063e-15,4.297886446866343e-15,4.297886355252744e-15,4.297886263789878e-15,4.297886172477353e-15,4.297886081314774e-15,4.297885990301742e-15,4.2978858994378554e-15,4.2978858087227254e-15,4.297885718155969e-15,4.29788562773719e-15,4.297885537466e-15,4.297885447342008e-15,4.2978853573648316e-15,4.297885267534079e-15,4.297885177849365e-15,4.297885088310309e-15,4.297884998916523e-15,4.297884909667625e-15,4.297884820563226e-15,4.297884731602955e-15,4.297884642786433e-15,4.2978845541132765e-15,4.2978844655831105e-15,4.297884377195554e-15,4.297884288950231e-15,4.29788420084677e-15,4.2978841128847945e-15,4.29788402506393e-15,4.297883937383805e-15,4.2978838498440466e-15,4.297883762444288e-15,4.297883675184156e-15,4.297883588063283e-15,4.297883501081303e-15,4.297883414237848e-15,4.297883327532549e-15,4.297883240965041e-15,4.297883154534967e-15,4.29788306824196e-15,4.297882982085665e-15,4.297882896065703e-15,4.2978828101817266e-15,4.297882724433365e-15,4.297882638820276e-15,4.297882553342093e-15,4.297882467998463e-15,4.297882382789025e-15,4.297882297713426e-15,4.297882212771313e-15,4.297882127962332e-15,4.297882043286132e-15,4.297881958742358e-15,4.297881874330671e-15,4.2978817900507064e-15,4.29788170590212e-15,4.297881621884562e-15,4.2978815379976975e-15,4.2978814542411624e-15,4.297881370614627e-15,4.297881287117738e-15,4.297881203750154e-15,4.2978811205115354e-15,4.297881037401533e-15,4.297880954419817e-15,4.297880871566037e-15,4.297880788839862e-15,4.297880706240948e-15,4.297880623768959e-15,4.2978805414235605e-15,4.297880459204412e-15,4.297880377111185e-15,4.297880295143538e-15,4.297880213301143e-15,4.297880131583667e-15,4.297880049990778e-15,4.297879968522146e-15,4.297879887177438e-15,4.2978798059563286e-15,4.2978797248584945e-15,4.2978796438836e-15,4.297879563031324e-15,4.297879482301339e-15,4.2978794016933164e-15,4.297879321206939e-15,4.297879240841874e-15,4.297879160597808e-15,4.2978790804744175e-15,4.297879000471386e-15,4.297878920588379e-15,4.297878840825089e-15,4.29787876118119e-15,4.297878681656376e-15,4.297878602250323e-15,4.297878522962717e-15,4.297878443793243e-15,4.2978783647415856e-15,4.297878285807432e-15,4.297878206990469e-15,4.297878128290386e-15,4.2978780497068694e-15,4.297877971239613e-15,4.2978778928883e-15,4.297877814652628e-15,4.297877736532287e-15,4.29787765852697e-15,4.297877580636361e-15,4.297877502860185e-15,4.297877425198106e-15,4.2978773476498296e-15,4.297877270215046e-15,4.297877192893463e-15,4.297877115684782e-15,4.297877038588696e-15,4.297876961604903e-15,4.297876884733114e-15,4.297876807973014e-15,4.297876731324314e-15,4.297876654786715e-15,4.29787657835992e-15,4.297876502043634e-15,4.297876425837562e-15,4.2978763497414155e-15,4.297876273754897e-15,4.297876197877711e-15,4.29787612210957e-15,4.297876046450182e-15,4.2978759708992536e-15,4.2978758954564975e-15,4.2978758201216245e-15,4.297875744894346e-15,4.297875669774374e-15,4.297875594761424e-15,4.297875519855208e-15,4.297875445055443e-15,4.297875370361836e-15,4.297875295774117e-15,4.297875221291991e-15,4.297875146915183e-15,4.297875072643414e-15,4.297874998476397e-15,4.297874924413852e-15,4.297874850455502e-15,4.297874776601069e-15,4.297874702850273e-15,4.297874629202835e-15,4.297874555658482e-15,4.297874482216935e-15,4.297874408877918e-15,4.29787433564116e-15,4.297874262506388e-15,4.297874189473324e-15,4.297874116541699e-15,4.297874043711239e-15,4.297873970981682e-15,4.297873898352747e-15,4.297873825824166e-15,4.297873753395674e-15,4.297873681066998e-15,4.297873608837875e-15,4.297873536708035e-15,4.2978734646772154e-15,4.297873392745146e-15,4.297873320911564e-15,4.297873249176208e-15,4.2978731775388076e-15,4.2978731059991065e-15,4.297873034556841e-15,4.297872963211749e-15,4.29787289196357e-15,4.297872820812047e-15,4.2978727497569165e-15,4.297872678797921e-15,4.297872607934801e-15,4.297872537167301e-15,4.2978724664951645e-15,4.297872395918134e-15,4.2978723254359515e-15,4.297872255048368e-15,4.297872184755127e-15,4.297872114555973e-15,4.297872044450656e-15,4.297871974438924e-15,4.297871904520523e-15,4.2978718346952025e-15,4.297871764962714e-15,4.2978716953228045e-15,4.29787162577523e-15,4.297871556319737e-15,4.29787148695608e-15,4.297871417684014e-15,4.297871348503295e-15,4.2978712794136645e-15,4.297871210414893e-15,4.2978711415067215e-15,4.297871072688921e-15,4.297871003961238e-15,4.297870935323435e-15,4.297870866775267e-15,4.297870798316492e-15,4.29787072994687e-15,4.297870661666162e-15,4.297870593474128e-15,4.297870525370528e-15,4.297870457355116e-15,4.297870389427656e-15,4.297870321587938e-15,4.297870253835705e-15,4.2978701861707095e-15,4.2978701185927366e-15,4.297870051101532e-15,4.297869983696884e-15,4.2978699163785484e-15,4.297869849146291e-15,4.297869781999876e-15,4.297869714939092e-15,4.297869647963676e-15,4.2978695810734155e-15,4.297869514268094e-15,4.297869447547458e-15,4.2978693809112975e-15,4.297869314359365e-15,4.2978692478914425e-15,4.2978691815073135e-15,4.297869115206732e-15,4.297869048989482e-15,4.297868982855338e-15,4.297868916804078e-15,4.297868850835474e-15,4.297868784949305e-15,4.297868719145348e-15,4.2978686534233716e-15,4.297868587783169e-15,4.2978685222245176e-15,4.297868456747194e-15,4.297868391350978e-15,4.2978683260356435e-15,4.2978682608009605e-15,4.2978681956467445e-15,4.297868130572762e-15,4.297868065578786e-15,4.2978680006645965e-15,4.297867935830008e-15,4.2978678710747845e-15,4.2978678063987105e-15,4.297867741801579e-15,4.297867677283169e-15,4.297867612843252e-15,4.297867548481652e-15,4.2978674841981365e-15,4.297867419992492e-15,4.297867355864514e-15,4.2978672918139875e-15,4.297867227840705e-15,4.297867163944456e-15,4.297867100125029e-15,4.297867036382217e-15,4.2978669727158125e-15,4.297866909125616e-15,4.297866845611407e-15,4.2978667821729856e-15,4.297866718810149e-15,4.297866655522684e-15,4.297866592310403e-15,4.297866529173083e-15,4.297866466110528e-15,4.2978664031225414e-15,4.297866340208909e-15,4.297866277369432e-15,4.297866214603912e-15,4.2978661519121464e-15,4.297866089293936e-15,4.297866026749062e-15,4.297865964277353e-15,4.297865901878612e-15,4.297865839552631e-15,4.29786577729921e-15,4.2978657151181506e-15,4.297865653009258e-15,4.297865590972335e-15,4.297865529007189e-15,4.297865467113622e-15,4.297865405291438e-15,4.297865343540446e-15,4.29786528186045e-15,4.297865220251255e-15,4.297865158712644e-15,4.297865097244449e-15,4.297865035846478e-15,4.2978649745185525e-15,4.297864913260482e-15,4.297864852072071e-15,4.2978647909530985e-15,4.297864729903412e-15,4.297864668922806e-15,4.2978646080111175e-15,4.2978645471681384e-15,4.2978644863936766e-15,4.297864425687537e-15,4.297864365049562e-15,4.29786430447954e-15,4.2978642439772994e-15,4.297864183542656e-15,4.297864123175419e-15,4.2978640628754036e-15,4.297864002642429e-15,4.297863942476315e-15,4.2978638823768806e-15,4.297863822343941e-15,4.297863762377316e-15,4.2978637024768585e-15,4.2978636426423576e-15,4.2978635828736256e-15,4.29786352317048e-15,4.297863463532751e-15,4.297863403960254e-15,4.297863344452815e-15,4.297863285010219e-15,4.297863225632326e-15,4.2978631663189685e-15,4.297863107069956e-15,4.29786304788512e-15,4.297862988764279e-15,4.297862929707256e-15,4.297862870713888e-15,4.29786281178399e-15,4.297862752917392e-15,4.297862694113906e-15,4.29786263537337e-15,4.297862576695627e-15,4.297862518080493e-15,4.297862459527795e-15,4.297862401037366e-15,4.2978623426090284e-15,4.2978622842426166e-15,4.297862225937961e-15,4.297862167694888e-15,4.297862109513216e-15,4.297862051392797e-15,4.29786199333346e-15,4.297861935335043e-15,4.297861877397379e-15,4.297861819520298e-15,4.29786176170362e-15,4.2978617039472e-15,4.297861646250858e-15,4.29786158861444e-15,4.297861531037774e-15,4.2978614735206954e-15,4.2978614160630434e-15,4.297861358664649e-15,4.297861301325362e-15,4.2978612440450134e-15,4.297861186823439e-15,4.2978611296604875e-15,4.297861072555985e-15,4.297861015509777e-15,4.297860958521699e-15,4.297860901591591e-15,4.2978608447193e-15,4.2978607879046614e-15,4.297860731147517e-15,4.2978606744477144e-15,4.297860617805088e-15,4.297860561219488e-15,4.297860504690752e-15,4.297860448218726e-15,4.297860391803257e-15,4.2978603354441736e-15,4.297860279141342e-15,4.297860222894602e-15,4.297860166703778e-15,4.297860110568749e-15,4.297860054489345e-15,4.2978599984654155e-15,4.2978599424968055e-15,4.297859886583341e-15,4.297859830724912e-15,4.2978597749213474e-15,4.297859719172496e-15,4.2978596634781856e-15,4.297859607838318e-15,4.297859552252702e-15,4.2978594967211975e-15,4.297859441243655e-15,4.297859385819921e-15,4.29785933044988e-15,4.29785927513333e-15,4.29785921987015e-15,4.297859164660192e-15,4.297859109503311e-15,4.297859054399355e-15,4.297858999348182e-15,4.297858944349644e-15,4.297858889403579e-15,4.2978588345098786e-15,4.297858779668381e-15,4.2978587248789574e-15,4.297858670141429e-15,4.29785861545567e-15,4.297858560821537e-15,4.297858506238888e-15,4.297858451707581e-15,4.297858397227498e-15,4.2978583427984465e-15,4.2978582884203095e-15,4.297858234092954e-15,4.297858179816254e-15,4.2978581255900154e-15,4.297858071414131e-15,4.2978580172884724e-15,4.297857963212887e-15,4.297857909187243e-15,4.297857855211397e-15,4.297857801285212e-15,4.2978577474085505e-15,4.297857693581276e-15,4.297857639803247e-15,4.297857586074335e-15,4.297857532394399e-15,4.297857478763303e-15,4.297857425180913e-15,4.297857371647107e-15,4.297857318161721e-15,4.297857264724642e-15,4.297857211335722e-15,4.297857157994839e-15,4.2978571047018545e-15,4.297857051456637e-15,4.2978569982590555e-15,4.297856945108974e-15,4.297856892006263e-15,4.2978568389507974e-15,4.297856785942434e-15,4.297856732981048e-15,4.297856680066504e-15,4.297856627198673e-15,4.297856574377429e-15,4.297856521602642e-15,4.297856468874182e-15,4.297856416191919e-15,4.297856363555722e-15,4.297856310965469e-15,4.297856258421029e-15,4.297856205922276e-15,4.297856153469053e-15,4.297856101061285e-15,4.297856048698806e-15,4.297855996381525e-15,4.297855944109306e-15,4.297855891882004e-15,4.297855839699511e-15,4.29785578756168e-15,4.2978557354684224e-15,4.297855683419595e-15,4.297855631415059e-15,4.297855579454707e-15,4.297855527538415e-15,4.297855475666053e-15,4.297855423837496e-15,4.297855372052641e-15,4.297855320311348e-15,4.2978552686135005e-15,4.297855216958967e-15,4.297855165347644e-15,4.297855113779395e-15,4.297855062254125e-15,4.2978550107717025e-15,4.297854959332004e-15,4.2978549079348924e-15,4.29785485658027e-15,4.297854805268015e-15,4.2978547539980095e-15,4.297854702770132e-15,4.2978546515842656e-15,4.2978546004402934e-15,4.297854549338097e-15,4.297854498277559e-15,4.297854447258561e-15,4.297854396280991e-15,4.297854345344731e-15,4.297854294449661e-15,4.297854243595669e-15,4.297854192782635e-15,4.297854142010451e-15,4.297854091279014e-15,4.297854040588168e-15,4.297853989937856e-15,4.297853939327939e-15,4.297853888758302e-15,4.297853838228829e-15,4.297853787739412e-15,4.29785373728994e-15,4.297853686880281e-15,4.2978536365103534e-15,4.297853586180033e-15,4.2978535358892036e-15,4.2978534856377644e-15,4.2978534354255956e-15,4.297853385252588e-15,4.2978533351186325e-15,4.2978532850236126e-15,4.2978532349674354e-15,4.2978531849499724e-15,4.2978531349711344e-15,4.297853085030794e-15,4.297853035128852e-15,4.297852985265211e-15,4.29785293543976e-15,4.29785288565237e-15,4.2978528359029504e-15,4.297852786191393e-15,4.297852736517594e-15,4.297852686881438e-15,4.2978526372828125e-15,4.2978525877216346e-15,4.297852538197787e-15,4.297852488711157e-15,4.297852439261656e-15,4.297852389849172e-15,4.297852340473594e-15,4.2978522911348464e-15,4.297852241832782e-15,4.2978521925673184e-15,4.2978521433383456e-15,4.2978520941457905e-15,4.297852044989504e-15,4.2978519958694035e-15,4.297851946785377e-15,4.297851897737334e-15,4.297851848725182e-15,4.297851799748813e-15,4.2978517508081224e-15,4.2978517019030164e-15,4.297851653033385e-15,4.297851604199127e-15,4.297851555400147e-15,4.297851506636347e-15,4.297851457907624e-15,4.2978514092138796e-15,4.297851360555014e-15,4.2978513119309295e-15,4.297851263341527e-15,4.2978512147867054e-15,4.297851166266372e-15,4.2978511177804294e-15,4.297851069328762e-15,4.297851020911295e-15,4.297850972527942e-15,4.297850924178576e-15,4.297850875863111e-15,4.2978508275814574e-15,4.297850779333512e-15,4.297850731119181e-15,4.297850682938367e-15,4.297850634790972e-15,4.297850586676914e-15,4.29785053859609e-15,4.2978504905484075e-15,4.297850442533764e-15,4.29785039455208e-15,4.297850346603252e-15,4.29785029868719e-15,4.297850250803799e-15,4.297850202952982e-15,4.2978501551346524e-15,4.297850107348719e-15,4.2978500595950866e-15,4.297850011873665e-15,4.297849964184359e-15,4.297849916527087e-15,4.297849868901729e-15,4.297849821308229e-15,4.2978497737464806e-15,4.297849726216396e-15,4.297849678717883e-15,4.2978496312508576e-15,4.2978495838152046e-15,4.297849536410866e-15,4.2978494890377415e-15,4.29784944169574e-15,4.297849394384771e-15,4.297849347104758e-15,4.297849299855598e-15,4.297849252637205e-15,4.29784920544953e-15,4.297849158292404e-15,4.29784911116579e-15,4.297849064069591e-15,4.297849017003735e-15,4.2978489699681225e-15,4.2978489229626685e-15,4.297848875987284e-15,4.297848829041891e-15,4.297848782126396e-15,4.297848735240714e-15,4.297848688384761e-15,4.297848641558453e-15,4.297848594761703e-15,4.297848547994428e-15,4.297848501256548e-15,4.297848454547984e-15,4.297848407868623e-15,4.297848361218405e-15,4.297848314597235e-15,4.297848268005035e-15,4.297848221441728e-15,4.297848174907224e-15,4.297848128401457e-15,4.297848081924314e-15,4.297848035475709e-15,4.297847989055596e-15,4.297847942663876e-15,4.297847896300442e-15,4.2978478499652615e-15,4.297847803658229e-15,4.29784775737926e-15,4.2978477111282784e-15,4.2978476649051985e-15,4.2978476187099464e-15,4.297847572542439e-15,4.297847526402599e-15,4.2978474802903464e-15,4.297847434205598e-15,4.2978473881482775e-15,4.297847342118304e-15,4.297847296115599e-15,4.297847250140057e-15,4.297847204191649e-15,4.297847158270275e-15,4.297847112375873e-15,4.29784706650833e-15,4.297847020667589e-15,4.297846974853572e-15,4.2978469290662e-15,4.297846883305392e-15,4.297846837571074e-15,4.297846791863169e-15,4.297846746181607e-15,4.2978467005263004e-15,4.297846654897179e-15,4.297846609294165e-15,4.297846563717186e-15,4.297846518166162e-15,4.297846472641023e-15,4.297846427141708e-15,4.297846381668113e-15,4.297846336220174e-15,4.297846290797831e-15,4.297846245400984e-15,4.297846200029587e-15,4.2978461546835415e-15,4.297846109362782e-15,4.2978460640672344e-15,4.2978460187968295e-15,4.297845973551494e-15,4.2978459283311554e-15,4.297845883135736e-15,4.297845837965168e-15,4.297845792819377e-15,4.2978457476983305e-15,4.297845702601895e-15,4.297845657530006e-15,4.297845612482605e-15,4.297845567459623e-15,4.297845522460986e-15,4.297845477486628e-15,4.297845432536475e-15,4.297845387610458e-15,4.2978453427085084e-15,4.2978452978305515e-15,4.297845252976522e-15,4.297845208146343e-15,4.2978451633399506e-15,4.29784511855729e-15,4.297845073798258e-15,4.297845029062807e-15,4.2978449843508546e-15,4.297844939662347e-15,4.297844894997209e-15,4.297844850355374e-15,4.297844805736775e-15,4.297844761141331e-15,4.2978447165689934e-15,4.297844672019679e-15,4.2978446274933365e-15,4.297844582989893e-15,4.297844538509274e-15,4.297844494051413e-15,4.297844449616256e-15,4.29784440520372e-15,4.297844360813746e-15,4.297844316446269e-15,4.29784427210122e-15,4.297844227778536e-15,4.29784418347815e-15,4.297844139200022e-15,4.2978440949440545e-15,4.297844050710168e-15,4.297844006498316e-15,4.297843962308436e-15,4.297843918140463e-15,4.297843873994341e-15,4.297843829869969e-15,4.297843785767331e-15,4.297843741686343e-15,4.297843697626938e-15,4.2978436535890566e-15,4.297843609572633e-15,4.2978435655776045e-15,4.297843521603906e-15,4.297843477651479e-15,4.297843433720258e-15,4.297843389810179e-15,4.297843345921183e-15,4.297843302053205e-15,4.2978432582061885e-15,4.297843214380063e-15,4.297843170574767e-15,4.297843126790243e-15,4.2978430830264324e-15,4.297843039283265e-15,4.297842995560688e-15,4.2978429518586335e-15,4.297842908177047e-15,4.297842864515862e-15,4.297842820875022e-15,4.297842777254466e-15,4.297842733654131e-15,4.297842690073942e-15,4.297842646513856e-15,4.297842602973846e-15,4.2978425594538345e-15,4.297842515953717e-15,4.297842472473462e-15,4.297842429013013e-15,4.297842385572313e-15,4.297842342151292e-15,4.2978422987499056e-15,4.2978422553680975e-15,4.2978422120057996e-15,4.297842168662954e-15,4.297842125339505e-15,4.297842082035395e-15,4.2978420387505635e-15,4.297841995484954e-15,4.297841952238513e-15,4.297841909011182e-15,4.297841865802903e-15,4.29784182261362e-15,4.29784177944327e-15,4.2978417362918e-15,4.297841693159155e-15,4.297841650045281e-15,4.297841606950117e-15,4.2978415638736085e-15,4.2978415208157e-15,4.297841477776337e-15,4.297841434755462e-15,4.297841391753019e-15,4.2978413487689575e-15,4.297841305803217e-15,4.297841262855744e-15,4.297841219926482e-15,4.297841177015379e-15,4.2978411341223775e-15,4.297841091247425e-15,4.297841048390468e-15,4.297841005551451e-15,4.29784096273032e-15,4.297840919927022e-15,4.297840877141502e-15,4.297840834373703e-15,4.297840791623583e-15,4.297840748891063e-15,4.297840706176108e-15,4.297840663478683e-15,4.297840620798713e-15,4.297840578136153e-15,4.297840535490952e-15,4.297840492863044e-15,4.297840450252386e-15,4.297840407658922e-15,4.297840365082595e-15,4.2978403225233645e-15,4.297840279981181e-15,4.297840237455986e-15,4.29784019494773e-15,4.2978401524563594e-15,4.297840109981823e-15,4.297840067524072e-15,4.297840025083058e-15,4.297839982658723e-15,4.297839940251011e-15,4.29783989785988e-15,4.2978398554852785e-15,4.297839813127159e-15,4.2978397707854724e-15,4.297839728460169e-15,4.2978396861511915e-15,4.2978396438584935e-15,4.297839601582029e-15,4.297839559321755e-15,4.29783951707761e-15,4.297839474849548e-15,4.297839432637521e-15,4.297839390441477e-15,4.297839348261371e-15,4.2978393060971515e-15,4.29783926394877e-15,4.29783922181618e-15,4.297839179699331e-15,4.2978391375981755e-15,4.297839095512666e-15,4.297839053442757e-15,4.297839011388397e-15,4.2978389693495375e-15,4.297838927326134e-15,4.297838885318139e-15,4.2978388433255e-15,4.29783880134818e-15,4.297838759386123e-15,4.297838717439285e-15,4.297838675507619e-15,4.2978386335910785e-15,4.2978385916896185e-15,4.297838549803189e-15,4.2978385079317455e-15,4.2978384660752426e-15,4.297838424233633e-15,4.297838382406871e-15,4.297838340594913e-15,4.297838298797711e-15,4.2978382570152185e-15,4.297838215247391e-15,4.297838173494185e-15,4.297838131755551e-15,4.2978380900314495e-15,4.2978380483218325e-15,4.297838006626653e-15,4.297837964945873e-15,4.297837923279442e-15,4.297837881627318e-15,4.297837839989453e-15,4.297837798365808e-15,4.2978377567563365e-15,4.297837715160993e-15,4.2978376735797365e-15,4.29783763201252e-15,4.2978375904593025e-15,4.2978375489200385e-15,4.2978375073946844e-15,4.297837465883198e-15,4.297837424385537e-15,4.297837382901655e-15,4.297837341431512e-15,4.2978372999750666e-15,4.297837258532272e-15,4.297837217103088e-15,4.297837175687469e-15,4.297837134285379e-15,4.297837092896769e-15,4.297837051521594e-15,4.2978370101598234e-15,4.297836968811408e-15,4.297836927476306e-15,4.297836886154478e-15,4.297836844845877e-15,4.297836803550465e-15,4.297836762268202e-15,4.297836720999049e-15,4.297836679742964e-15,4.297836638499905e-15,4.297836597269835e-15,4.2978365560527004e-15,4.297836514848475e-15,4.297836473657108e-15,4.2978364324785555e-15,4.297836391312788e-15,4.297836350159757e-15,4.297836309019429e-15,4.297836267891759e-15,4.2978362267767115e-15,4.297836185674239e-15,4.297836144584311e-15,4.2978361035068815e-15,4.297836062441912e-15,4.297836021389367e-15,4.2978359803491975e-15,4.2978359393213765e-15,4.297835898305854e-15,4.297835857302598e-15,4.297835816311567e-15,4.297835775332724e-15,4.297835734366028e-15,4.297835693411442e-15,4.297835652468924e-15,4.297835611538437e-15,4.297835570619955e-15,4.297835529713421e-15,4.297835488818802e-15,4.297835447936065e-15,4.2978354070651665e-15,4.297835366206074e-15,4.2978353253587444e-15,4.297835284523146e-15,4.29783524369924e-15,4.297835202886969e-15,4.297835162086327e-15,4.2978351212972626e-15,4.297835080519745e-15,4.297835039753729e-15,4.2978349989991806e-15,4.297834958256065e-15,4.29783491752434e-15,4.297834876803974e-15,4.297834836094929e-15,4.2978347953971605e-15,4.297834754710651e-15,4.297834714035352e-15,4.297834673371227e-15,4.2978346327182386e-15,4.297834592076361e-15,4.2978345514455496e-15,4.29783451082577e-15,4.297834470217001e-15,4.297834429619175e-15,4.297834389032254e-15,4.297834348456224e-15,4.297834307891067e-15,4.297834267336729e-15,4.297834226793176e-15,4.297834186260371e-15,4.297834145738261e-15,4.297834105226847e-15,4.297834064726031e-15,4.297834024235881e-15,4.297833983756302e-15,4.297833943287262e-15,4.2978339028287384e-15,4.297833862380679e-15,4.2978338219430535e-15,4.297833781515836e-15,4.297833741098986e-15,4.297833700692458e-15,4.2978336602962086e-15,4.297833619910263e-15,4.297833579534556e-15,4.297833539169046e-15,4.297833498813707e-15,4.297833458468501e-15,4.297833418133394e-15,4.2978333778083575e-15,4.297833337493356e-15,4.2978332971883554e-15,4.297833256893323e-15,4.2978332166082366e-15,4.297833176333041e-15,4.297833136067722e-15,4.29783309581224e-15,4.297833055566559e-15,4.297833015330651e-15,4.297832975104484e-15,4.297832934888023e-15,4.297832894681237e-15,4.297832854484041e-15,4.29783281429653e-15,4.2978327741185814e-15,4.297832733950181e-15,4.297832693791297e-15,4.297832653641901e-15,4.297832613501953e-15,4.29783257337144e-15,4.297832533250307e-15,4.297832493138532e-15,4.297832453036087e-15,4.297832412942939e-15,4.297832372859063e-15,4.297832332784417e-15,4.297832292718972e-15,4.297832252662699e-15,4.297832212615568e-15,4.297832172577549e-15,4.2978321325486434e-15,4.297832092528758e-15,4.297832052517883e-15,4.297832012516003e-15,4.297831972523084e-15,4.297831932539094e-15,4.2978318925640026e-15,4.297831852597781e-15,4.297831812640397e-15,4.297831772691823e-15,4.29783173275203e-15,4.297831692820986e-15,4.297831652898663e-15,4.297831612985029e-15,4.297831573080058e-15,4.297831533183713e-15,4.297831493295974e-15,4.297831453416807e-15,4.297831413546187e-15,4.29783137368408e-15,4.297831333830462e-15,4.297831293985311e-15,4.297831254148575e-15,4.297831214320248e-15,4.297831174500283e-15,4.297831134688661e-15,4.2978310948853506e-15,4.2978310550903274e-15,4.297831015303529e-15,4.297830975524991e-15,4.297830935754654e-15,4.297830895992488e-15,4.297830856238466e-15,4.2978308164925585e-15,4.297830776754743e-15,4.297830737024988e-15,4.2978306973032606e-15,4.297830657589538e-15,4.297830617883794e-15,4.297830578185997e-15,4.297830538496124e-15,4.297830498814145e-15,4.297830459140036e-15,4.2978304194737736e-15,4.2978303798153164e-15,4.297830340164645e-15,4.297830300521732e-15,4.297830260886548e-15,4.297830221259072e-15,4.2978301816392725e-15,4.297830142027124e-15,4.29783010242261e-15,4.297830062825682e-15,4.297830023236327e-15,4.297829983654516e-15,4.2978299440802236e-15,4.297829904513429e-15,4.297829864954094e-15,4.297829825402198e-15,4.297829785857716e-15,4.297829746320606e-15,4.297829706790873e-15,4.297829667268484e-15,4.297829627753456e-15,4.297829588245649e-15,4.297829548745103e-15,4.297829509251787e-15,4.29782946976568e-15,4.297829430286753e-15,4.297829390814984e-15,4.297829351350342e-15,4.29782931189281e-15,4.297829272442368e-15,4.2978292329989675e-15,4.297829193562596e-15,4.297829154133229e-15,4.297829114710811e-15,4.297829075295383e-15,4.297829035886878e-15,4.29782899648528e-15,4.297828957090548e-15,4.297828917702684e-15,4.297828878321654e-15,4.297828838947422e-15,4.29782879957998e-15,4.297828760219294e-15,4.2978287208653434e-15,4.297828681518101e-15,4.297828642177543e-15,4.297828602843647e-15,4.297828563516387e-15,4.2978285241957415e-15,4.297828484881684e-15,4.29782844557419e-15,4.297828406273238e-15,4.297828366978803e-15,4.297828327690861e-15,4.29782828840939e-15,4.297828249134364e-15,4.297828209865764e-15,4.29782817060356e-15,4.2978281313477336e-15,4.297828092098259e-15,4.297828052855119e-15,4.2978280136182796e-15,4.2978279743877274e-15,4.297827935163433e-15,4.297827895945376e-15,4.297827856733535e-15,4.297827817527882e-15,4.2978277783284e-15,4.297827739135065e-15,4.297827699947852e-15,4.29782766076674e-15,4.297827621591706e-15,4.297827582422726e-15,4.2978275432597795e-15,4.297827504102846e-15,4.297827464951898e-15,4.297827425806916e-15,4.297827386667879e-15,4.297827347534764e-15,4.297827308407546e-15,4.297827269286207e-15,4.297827230170724e-15,4.297827191061074e-15,4.297827151957238e-15,4.297827112859189e-15,4.2978270737669075e-15,4.2978270346803855e-15,4.297826995599576e-15,4.297826956524472e-15,4.297826917455047e-15,4.297826878391282e-15,4.297826839333161e-15,4.297826800280645e-15,4.2978267612337316e-15,4.2978267221923956e-15,4.297826683156621e-15,4.297826644126372e-15,4.297826605101636e-15,4.297826566082392e-15,4.297826527068611e-15,4.297826488060287e-15,4.2978264490573835e-15,4.297826410059889e-15,4.297826371067782e-15,4.297826332081044e-15,4.297826293099648e-15,4.297826254123579e-15,4.297826215152812e-15,4.297826176187326e-15,4.297826137227106e-15,4.297826098272131e-15,4.2978260593223746e-15,4.29782602037782e-15,4.2978259814384545e-15,4.297825942504244e-15,4.297825903575178e-15,4.297825864651234e-15,4.2978258257323704e-15,4.297825786818609e-15,4.297825747909911e-15,4.297825709006251e-15,4.2978256701076115e-15,4.29782563121398e-15,4.297825592325334e-15,4.29782555344165e-15,4.297825514562909e-15,4.297825475689093e-15,4.297825436820183e-15,4.297825397956156e-15,4.297825359096999e-15,4.297825320242687e-15,4.2978252813932024e-15,4.297825242548524e-15,4.29782520370862e-15,4.297825164873513e-15,4.29782512604315e-15,4.297825087217518e-15,4.297825048396556e-15,4.2978250095803315e-15,4.297824970768784e-15,4.297824931961894e-15,4.297824893159635e-15,4.297824854361991e-15,4.297824815568958e-15,4.297824776780507e-15,4.297824737996621e-15,4.2978246992172205e-15,4.297824660442402e-15,4.297824621672094e-15,4.297824582906278e-15,4.297824544144932e-15,4.297824505388039e-15,4.297824466635586e-15,4.29782442788755e-15,4.297824389143909e-15,4.297824350404653e-15,4.297824311669736e-15,4.2978242729391886e-15,4.297824234212965e-15,4.2978241954910534e-15,4.297824156773421e-15,4.297824118060076e-15,4.2978240793509885e-15,4.297824040646141e-15,4.297824001945509e-15,4.29782396324908e-15,4.297823924556836e-15,4.297823885868757e-15,4.297823847184808e-15,4.297823808504993e-15,4.297823769829318e-15,4.2978237311577396e-15,4.2978236924902156e-15,4.297823653826786e-15,4.297823615167401e-15,4.297823576512064e-15,4.2978235378606994e-15,4.297823499213353e-15,4.29782346056999e-15,4.297823421930561e-15,4.297823383295099e-15,4.297823344663577e-15,4.297823306035959e-15,4.297823267412211e-15,4.29782322879235e-15,4.29782319017634e-15,4.2978231515641995e-15,4.2978231129558866e-15,4.297823074351361e-15,4.297823035750661e-15,4.2978229971537295e-15,4.2978229585605674e-15,4.297822919971179e-15,4.2978228813855186e-15,4.297822842803551e-15,4.2978228042252735e-15,4.297822765650676e-15,4.297822727079749e-15,4.297822688512467e-15,4.2978226499488175e-15,4.297822611388783e-15,4.297822572832353e-15,4.2978225342795046e-15,4.297822495730224e-15,4.297822457184472e-15,4.2978224186422864e-15,4.297822380103624e-15,4.297822341568465e-15,4.2978223030367805e-15,4.297822264508588e-15,4.297822225983824e-15,4.297822187462501e-15,4.297822148944636e-15,4.297822110430182e-15,4.297822071919098e-15,4.2978220334114224e-15,4.297821994907114e-15,4.297821956406158e-15,4.297821917908536e-15,4.297821879414176e-15,4.297821840923176e-15,4.297821802435444e-15,4.297821763950994e-15,4.2978217254697964e-15,4.297821686991872e-15,4.297821648517149e-15,4.297821610045672e-15,4.297821571577392e-15,4.2978215331122935e-15,4.297821494650407e-15,4.297821456191641e-15,4.297821417736003e-15,4.297821379283498e-15,4.297821340834109e-15,4.297821302387812e-15,4.297821263944601e-15,4.2978212255044614e-15,4.297821187067362e-15,4.29782114863331e-15,4.2978211102022796e-15,4.297821071774292e-15,4.297821033349266e-15,4.297820994927231e-15,4.297820956508158e-15,4.29782091809203e-15,4.2978208796788476e-15,4.297820841268591e-15,4.297820802861243e-15,4.297820764456798e-15,4.297820726055229e-15,4.2978206876565214e-15,4.297820649260707e-15,4.2978206108676886e-15,4.2978205724775044e-15,4.297820534090136e-15,4.297820495705569e-15,4.297820457323785e-15,4.2978204189447755e-15,4.297820380568521e-15,4.297820342195011e-15,4.297820303824229e-15,4.297820265456163e-15,4.2978202270908e-15,4.297820188728109e-15,4.297820150368112e-15,4.2978201120107876e-15,4.297820073656104e-15,4.2978200353040594e-15,4.297819996954634e-15,4.2978199586078144e-15,4.297819920263586e-15,4.297819881921945e-15,4.297819843582868e-15,4.297819805246352e-15,4.297819766912376e-15,4.2978197285809545e-15,4.297819690252023e-15,4.297819651925601e-15,4.297819613601663e-15,4.297819575280208e-15,4.297819536961218e-15,4.297819498644687e-15,4.297819460330586e-15,4.297819422018912e-15,4.2978193837096636e-15,4.297819345402793e-15,4.2978193070983205e-15,4.297819268796224e-15,4.2978192304964675e-15,4.297819192199078e-15,4.297819153904029e-15,4.297819115611305e-15,4.297819077320894e-15,4.297819039032765e-15,4.297819000746934e-15,4.297818962463381e-15,4.297818924182091e-15,4.297818885903052e-15,4.297818847626248e-15,4.297818809351708e-15,4.297818771079345e-15,4.297818732809202e-15,4.297818694541265e-15,4.2978186562754614e-15,4.29781861801183e-15,4.297818579750351e-15,4.297818541491014e-15,4.2978185032338165e-15,4.29781846497872e-15,4.297818426725736e-15,4.2978183884748285e-15,4.297818350225994e-15,4.297818311979239e-15,4.297818273734545e-15,4.297818235491921e-15,4.297818197251303e-15,4.297818159012729e-15,4.297818120776146e-15,4.29781808254156e-15,4.297818044308948e-15,4.297818006078303e-15,4.297817967849677e-15,4.297817929622982e-15,4.297817891398208e-15,4.297817853175358e-15,4.297817814954432e-15,4.297817776735411e-15,4.297817738518272e-15,4.297817700303034e-15,4.29781766208965e-15,4.2978176238781346e-15,4.297817585668505e-15,4.29781754746069e-15,4.297817509254721e-15,4.297817471050477e-15,4.297817432848027e-15,4.297817394647426e-15,4.297817356448607e-15,4.2978173182515235e-15,4.297817280056277e-15,4.297817241862774e-15,4.29781720367098e-15,4.297817165480914e-15,4.297817127292552e-15,4.297817089105905e-15,4.297817050920951e-15,4.297817012737682e-15,4.297816974556085e-15,4.2978169363761125e-15,4.2978168981978e-15,4.297816860021151e-15,4.297816821846133e-15,4.297816783672733e-15,4.297816745500931e-15,4.297816707330733e-15,4.297816669162094e-15,4.297816630995026e-15,4.297816592829556e-15,4.2978165546656144e-15,4.297816516503245e-15,4.297816478342403e-15,4.297816440183087e-15,4.297816402025287e-15,4.2978163638689864e-15,4.2978163257141794e-15,4.2978162875608555e-15,4.297816249409002e-15,4.297816211258608e-15,4.297816173109668e-15,4.297816134962168e-15,4.297816096816097e-15,4.2978160586714454e-15,4.297816020528206e-15,4.2978159823863666e-15,4.297815944245919e-15,4.297815906106851e-15,4.297815867969151e-15,4.297815829832812e-15,4.297815791697824e-15,4.297815753564173e-15,4.297815715431871e-15,4.297815677300874e-15,4.297815639171187e-15,4.2978156010428e-15,4.297815562915719e-15,4.297815524789909e-15,4.297815486665379e-15,4.297815448542112e-15,4.2978154104200985e-15,4.2978153722993135e-15,4.297815334179757e-15,4.297815296061444e-15,4.2978152579443446e-15,4.297815219828446e-15,4.297815181713726e-15,4.2978151436002036e-15,4.2978151054878436e-15,4.2978150673766535e-15,4.297815029266618e-15,4.297814991157727e-15,4.2978149530499755e-15,4.297814914943352e-15,4.297814876837847e-15,4.29781483873345e-15,4.297814800630155e-15,4.297814762527947e-15,4.29781472442682e-15,4.2978146863267704e-15,4.297814648227784e-15,4.29781461012985e-15,4.297814572032959e-15,4.297814533937104e-15,4.2978144958422765e-15,4.297814457748466e-15,4.297814419655665e-15,4.297814381563862e-15,4.297814343473056e-15,4.297814305383222e-15,4.297814267294366e-15,4.297814229206476e-15,4.2978141911195375e-15,4.2978141530335445e-15,4.297814114948489e-15,4.297814076864365e-15,4.297814038781155e-15,4.2978140006988625e-15,4.297813962617468e-15,4.29781392453697e-15,4.297813886457355e-15,4.297813848378613e-15,4.29781381030074e-15,4.297813772223727e-15,4.2978137341475605e-15,4.2978136960722415e-15,4.297813657997755e-15,4.297813619924091e-15,4.297813581851236e-15,4.297813543779191e-15,4.297813505707943e-15,4.297813467637476e-15,4.297813429567824e-15,4.297813391498922e-15,4.297813353430787e-15,4.297813315363411e-15,4.2978132772967746e-15,4.297813239230863e-15,4.297813201165707e-15,4.297813163101271e-15,4.297813125037565e-15,4.2978130869745525e-15,4.297813048912234e-15,4.297813010850607e-15,4.2978129727896454e-15,4.297812934729375e-15,4.297812896669748e-15,4.297812858610779e-15,4.297812820552477e-15,4.297812782494788e-15,4.297812744437764e-15,4.297812706381358e-15,4.2978126683255795e-15,4.297812630270408e-15,4.297812592215836e-15,4.297812554161861e-15,4.297812516108471e-15,4.297812478055655e-15,4.297812440003398e-15,4.297812401951714e-15,4.297812363900584e-15,4.297812325850006e-15,4.297812287799966e-15,4.2978122497504406e-15,4.297812211701446e-15,4.297812173652969e-15,4.2978121356050255e-15,4.297812097557571e-15,4.297812059510593e-15,4.297812021464122e-15,4.297811983418091e-15,4.297811945372528e-15,4.297811907327423e-15,4.2978118692827716e-15,4.297811831238564e-15,4.297811793194799e-15,4.297811755151474e-15,4.297811717108565e-15,4.2978116790660826e-15,4.297811641024009e-15,4.29781160298232e-15,4.297811564941044e-15,4.297811526900152e-15,4.2978114888596385e-15,4.297811450819502e-15,4.297811412779729e-15,4.297811374740313e-15,4.297811336701245e-15,4.29781129866252e-15,4.297811260624129e-15,4.297811222586068e-15,4.297811184548329e-15,4.297811146510902e-15,4.297811108473782e-15,4.297811070436962e-15,4.297811032400443e-15,4.297810994364202e-15,4.2978109563282376e-15,4.297810918292542e-15,4.297810880257119e-15,4.297810842221951e-15,4.2978108041870364e-15,4.2978107661523485e-15,4.297810728117906e-15,4.297810690083695e-15,4.297810652049699e-15,4.297810614015923e-15,4.297810575982351e-15,4.2978105379489816e-15,4.297810499915797e-15,4.297810461882813e-15,4.2978104238500075e-15,4.297810385817342e-15,4.297810347784856e-15,4.297810309752548e-15,4.297810271720403e-15,4.297810233688404e-15,4.297810195656528e-15,4.2978101576248024e-15,4.2978101195932226e-15,4.297810081561734e-15,4.2978100435303674e-15,4.2978100054990984e-15,4.297809967467927e-15,4.297809929436862e-15,4.29780989140587e-15,4.297809853374927e-15,4.297809815344078e-15,4.297809777313292e-15,4.297809739282568e-15,4.297809701251896e-15,4.297809663221272e-15,4.297809625190692e-15,4.297809587160142e-15,4.297809549129622e-15,4.297809511099122e-15,4.297809473068639e-15,4.297809435038164e-15,4.2978093970076924e-15,4.2978093589772154e-15,4.297809320946727e-15,4.297809282916223e-15,4.2978092448856945e-15,4.297809206855138e-15,4.297809168824545e-15,4.297809130793909e-15,4.297809092763226e-15,4.297809054732486e-15,4.297809016701686e-15,4.297808978670821e-15,4.297808940639882e-15,4.2978089026088645e-15,4.297808864577764e-15,4.297808826546571e-15,4.2978087885152775e-15,4.2978087504838855e-15,4.297808712452381e-15,4.2978086744207605e-15,4.29780863638902e-15,4.297808598357148e-15,4.297808560325148e-15,4.297808522293004e-15,4.297808484260735e-15,4.297808446228318e-15,4.29780840819574e-15,4.2978083701630006e-15,4.297808332130091e-15,4.2978082940970065e-15,4.29780825606374e-15,4.2978082180302875e-15,4.2978081799966425e-15,4.2978081419627986e-15,4.297808103928749e-15,4.297808065894488e-15,4.2978080278600135e-15,4.297807989825317e-15,4.297807951790392e-15,4.297807913755234e-15,4.297807875719836e-15,4.297807837684195e-15,4.297807799648302e-15,4.297807761612153e-15,4.297807723575743e-15,4.297807685539065e-15,4.297807647502114e-15,4.297807609464885e-15,4.2978075714273704e-15,4.297807533389565e-15,4.2978074953514675e-15,4.297807457313066e-15,4.297807419274358e-15,4.297807381235337e-15,4.2978073431960005e-15,4.297807305156341e-15,4.297807267116353e-15,4.297807229076029e-15,4.297807191035366e-15,4.2978071529943575e-15,4.2978071149530005e-15,4.297807076911286e-15,4.29780703886921e-15,4.297807000826767e-15,4.2978069627839525e-15,4.297806924740763e-15,4.29780688669719e-15,4.297806848653226e-15,4.29780681060887e-15,4.297806772564116e-15,4.2978067345189575e-15,4.2978066964733896e-15,4.2978066584274075e-15,4.2978066203810065e-15,4.2978065823341796e-15,4.297806544286922e-15,4.29780650623923e-15,4.297806468191096e-15,4.297806430142517e-15,4.297806392093487e-15,4.2978063540440025e-15,4.297806315994056e-15,4.297806277943643e-15,4.2978062398927585e-15,4.2978062018413964e-15,4.297806163789552e-15,4.297806125737223e-15,4.2978060876844016e-15,4.297806049631083e-15,4.297806011577263e-15,4.2978059735229355e-15,4.297805935468097e-15,4.297805897412739e-15,4.297805859356859e-15,4.29780582130045e-15,4.297805783243505e-15,4.297805745186027e-15,4.297805707128013e-15,4.297805669069451e-15,4.29780563101034e-15,4.297805592950653e-15,4.297805554890404e-15,4.297805516829604e-15,4.297805478768222e-15,4.29780544070628e-15,4.2978054026437415e-15,4.297805364580615e-15,4.2978053265169065e-15,4.297805288452599e-15,4.2978052503876884e-15,4.29780521232218e-15,4.2978051742560564e-15,4.2978051361893155e-15,4.297805098121958e-15,4.29780506005398e-15,4.29780502198537e-15,4.297804983916128e-15,4.2978049458462454e-15,4.297804907775729e-15,4.297804869704561e-15,4.2978048316327406e-15,4.2978047935602725e-15,4.297804755487135e-15,4.297804717413336e-15,4.2978046793388664e-15,4.297804641263725e-15,4.297804603187901e-15,4.29780456511142e-15,4.297804527034222e-15,4.297804488956359e-15,4.2978044508777984e-15,4.2978044127985146e-15,4.297804374718519e-15,4.2978043366378154e-15,4.297804298556395e-15,4.297804260474286e-15,4.297804222391452e-15,4.2978041843078595e-15,4.297804146223531e-15,4.297804108138472e-15,4.2978040700527e-15,4.297804031966153e-15,4.29780399387886e-15,4.297803955790839e-15,4.2978039177020614e-15,4.297803879612516e-15,4.297803841522206e-15,4.297803803431092e-15,4.297803765339198e-15,4.2978037272465534e-15,4.297803689153133e-15,4.297803651058919e-15,4.29780361296391e-15,4.297803574868105e-15,4.2978035367714975e-15,4.297803498674086e-15,4.297803460575865e-15,4.297803422476829e-15,4.297803384376974e-15,4.297803346276298e-15,4.297803308174795e-15,4.297803270072464e-15,4.297803231969294e-15,4.2978031938652874e-15,4.297803155760437e-15,4.29780311765475e-15,4.297803079548204e-15,4.2978030414408016e-15,4.297803003332537e-15,4.297802965223409e-15,4.2978029271134175e-15,4.297802889002552e-15,4.297802850890808e-15,4.29780281277819e-15,4.2978027746646695e-15,4.297802736550266e-15,4.29780269843497e-15,4.297802660318794e-15,4.29780262220167e-15,4.2978025840836585e-15,4.297802545964755e-15,4.297802507844921e-15,4.2978024697241765e-15,4.297802431602512e-15,4.297802393479934e-15,4.297802355356448e-15,4.297802317232016e-15,4.2978022791066664e-15,4.297802240980375e-15,4.297802202853144e-15,4.2978021647249685e-15,4.2978021265958405e-15,4.297802088465757e-15,4.2978020503347186e-15,4.2978020122027175e-15,4.297801974069751e-15,4.297801935935816e-15,4.297801897800913e-15,4.2978018596650254e-15,4.297801821528161e-15,4.29780178339031e-15,4.2978017452514804e-15,4.297801707111659e-15,4.2978016689708405e-15,4.297801630829025e-15,4.297801592686201e-15,4.2978015545423765e-15,4.297801516397541e-15,4.297801478251692e-15,4.297801440104825e-15,4.297801401956936e-15,4.297801363808024e-15,4.297801325658083e-15,4.2978012875071115e-15,4.297801249355103e-15,4.297801211202058e-15,4.297801173047965e-15,4.2978011348928304e-15,4.297801096736645e-15,4.297801058579404e-15,4.2978010204211085e-15,4.297800982261752e-15,4.297800944101332e-15,4.297800905939847e-15,4.297800867777286e-15,4.297800829613653e-15,4.297800791448942e-15,4.2978007532831496e-15,4.2978007151162714e-15,4.2978006769483054e-15,4.297800638779247e-15,4.297800600609093e-15,4.297800562437842e-15,4.297800524265489e-15,4.29780048609203e-15,4.297800447917461e-15,4.29780040974178e-15,4.2978003715649845e-15,4.29780033338707e-15,4.2978002952080326e-15,4.297800257027871e-15,4.297800218846577e-15,4.297800180664153e-15,4.2978001424805926e-15,4.2978001042958925e-15,4.2978000661100485e-15,4.297800027923062e-15,4.297799989734924e-15,4.297799951545635e-15,4.297799913355189e-15,4.297799875163584e-15,4.297799836970818e-15,4.297799798776886e-15,4.297799760581781e-15,4.297799722385509e-15,4.297799684188061e-15,4.2977996459894325e-15,4.297799607789596e-15,4.2977995695885726e-15,4.2977995313863606e-15,4.29779949318296e-15,4.297799454978383e-15,4.297799416772594e-15,4.2977993785656235e-15,4.297799340357428e-15,4.297799302148044e-15,4.2977992639374334e-15,4.297799225725623e-15,4.297799187512599e-15,4.297799149298361e-15,4.297799111082897e-15,4.297799072866209e-15,4.297799034648291e-15,4.297798996429137e-15,4.297798958208752e-15,4.2977989199871376e-15,4.297798881764228e-15,4.297798843540116e-15,4.2977988053147555e-15,4.2977987670881534e-15,4.297798728860295e-15,4.2977986906311676e-15,4.297798652400798e-15,4.2977986141691914e-15,4.297798575936292e-15,4.297798537702124e-15,4.297798499466695e-15,4.297798461229954e-15,4.2977984229919546e-15,4.297798384752658e-15,4.297798346512112e-15,4.297798308270296e-15,4.297798270027174e-15,4.297798231782774e-15,4.297798193537046e-15,4.2977981552900634e-15,4.297798117041752e-15,4.297798078792136e-15,4.297798040541208e-15,4.297798002288967e-15,4.297797964035422e-15,4.297797925780564e-15,4.297797887524392e-15,4.297797849266901e-15,4.297797811008079e-15,4.297797772747932e-15,4.297797734486457e-15,4.2977976962236536e-15,4.297797657959516e-15,4.297797619694028e-15,4.297797581427208e-15,4.297797543159048e-15,4.297797504889543e-15,4.297797466618687e-15,4.297797428346478e-15,4.297797390072918e-15,4.297797351798001e-15,4.29779731352173e-15,4.29779727524407e-15,4.297797236965067e-15,4.297797198684695e-15,4.297797160402987e-15,4.297797122119907e-15,4.297797083835449e-15,4.2977970455495855e-15,4.297797007262337e-15,4.297796968973703e-15,4.297796930683691e-15,4.297796892392251e-15,4.297796854099452e-15,4.2977968158052506e-15,4.297796777509662e-15,4.2977967392126746e-15,4.297796700914292e-15,4.297796662614453e-15,4.2977966243132614e-15,4.297796586010657e-15,4.297796547706631e-15,4.297796509401186e-15,4.297796471094332e-15,4.297796432786013e-15,4.297796394476305e-15,4.297796356165172e-15,4.297796317852611e-15,4.297796279538622e-15,4.2977962412232e-15,4.2977962029063415e-15,4.297796164588045e-15,4.297796126268322e-15,4.297796087947134e-15,4.297796049624525e-15,4.297796011300449e-15,4.297795972974919e-15,4.297795934647935e-15,4.2977958963195e-15,4.297795857989605e-15,4.2977958196582525e-15,4.297795781325435e-15,4.297795742991148e-15,4.297795704655403e-15,4.297795666318182e-15,4.297795627979489e-15,4.297795589639313e-15,4.2977955512976665e-15,4.297795512954538e-15,4.2977954746099254e-15,4.297795436263834e-15,4.297795397916251e-15,4.297795359567175e-15,4.2977953212166095e-15,4.2977952828645e-15,4.2977952445109565e-15,4.297795206155896e-15,4.297795167799281e-15,4.297795129441213e-15,4.297795091081646e-15,4.297795052720551e-15,4.29779501435796e-15,4.297794975993861e-15,4.297794937628239e-15,4.2977948992611054e-15,4.297794860892448e-15,4.2977948225222635e-15,4.297794784150622e-15,4.297794745777384e-15,4.297794707402622e-15,4.297794669026334e-15,4.297794630648511e-15,4.297794592269153e-15,4.2977945538882535e-15,4.2977945155058e-15,4.297794477121812e-15,4.2977944387362834e-15,4.2977944003491506e-15,4.297794361960516e-15,4.297794323570341e-15,4.297794285178604e-15,4.2977942467853106e-15,4.297794208390457e-15,4.297794169994047e-15,4.29779413159607e-15,4.297794093196531e-15,4.297794054795429e-15,4.297794016392767e-15,4.297793977988519e-15,4.297793939582702e-15,4.297793901175305e-15,4.297793862766334e-15,4.2977938243557776e-15,4.297793785943638e-15,4.297793747529913e-15,4.297793709114605e-15,4.297793670697708e-15,4.2977936322792275e-15,4.297793593859153e-15,4.297793555437482e-15,4.297793517014214e-15,4.297793478589338e-15,4.2977934401628605e-15,4.297793401734738e-15,4.297793363305051e-15,4.297793324873764e-15,4.297793286440867e-15,4.297793248006331e-15,4.2977932095702075e-15,4.2977931711324605e-15,4.297793132693096e-15,4.297793094252118e-15,4.2977930558095245e-15,4.297793017365272e-15,4.297792978919425e-15,4.2977929404719165e-15,4.297792902022805e-15,4.297792863571992e-15,4.297792825119617e-15,4.297792786665622e-15,4.297792748209974e-15,4.297792709752707e-15,4.297792671293785e-15,4.29779263283321e-15,4.297792594370986e-15,4.2977925559071335e-15,4.297792517441621e-15,4.2977924789744235e-15,4.297792440505571e-15,4.297792402035071e-15,4.297792363562915e-15,4.2977923250891085e-15,4.297792286613646e-15,4.297792248136495e-15,4.2977922096576805e-15,4.297792171177232e-15,4.2977921326951034e-15,4.297792094211292e-15,4.297792055725788e-15,4.297792017238638e-15,4.2977919787498176e-15,4.297791940259323e-15,4.2977919017671396e-15,4.2977918632732715e-15,4.297791824777727e-15,4.297791786280495e-15,4.297791747781573e-15,4.297791709280967e-15,4.29779167077866e-15,4.297791632274585e-15,4.297791593768819e-15,4.297791555261429e-15,4.297791516752343e-15,4.297791478241575e-15,4.2977914397290836e-15,4.297791401214885e-15,4.297791362698941e-15,4.29779132418133e-15,4.297791285662009e-15,4.297791247140985e-15,4.2977912086182365e-15,4.297791170093777e-15,4.297791131567597e-15,4.297791093039699e-15,4.29779105451008e-15,4.297791015978736e-15,4.2977909774456705e-15,4.29779093891088e-15,4.29779090037436e-15,4.2977908618361114e-15,4.2977908232961305e-15,4.297790784754419e-15,4.2977907462110126e-15,4.297790707665942e-15,4.297790669119027e-15,4.297790630570385e-15,4.297790592019968e-15,4.2977905534678285e-15,4.297790514913938e-15,4.2977904763583e-15,4.297790437801051e-15,4.297790399241895e-15,4.297790360681018e-15,4.297790322118378e-15,4.297790283553985e-15,4.2977902449878325e-15,4.297790206419919e-15,4.297790167850255e-15,4.297790129278814e-15,4.297790090705611e-15,4.297790052130664e-15,4.297790013553936e-15,4.297789974975439e-15,4.297789936395204e-15,4.297789897813168e-15,4.297789859229355e-15,4.297789820643767e-15,4.2977897820563995e-15,4.2977897434672575e-15,4.297789704876338e-15,4.2977896662836345e-15,4.297789627689151e-15,4.2977895890928794e-15,4.2977895504948265e-15,4.297789511894984e-15,4.297789473293348e-15,4.2977894346899375e-15,4.29778939608471e-15,4.297789357477707e-15,4.297789318868898e-15,4.297789280258294e-15,4.2977892416458905e-15,4.297789203031687e-15,4.297789164415679e-15,4.297789125797849e-15,4.297789087178235e-15,4.297789048556814e-15,4.297789009933578e-15,4.297788971308542e-15,4.297788932681673e-15,4.297788894053009e-15,4.2977888554225835e-15,4.297788816790293e-15,4.297788778156183e-15,4.2977887395202576e-15,4.297788700882515e-15,4.2977886622429534e-15,4.297788623601562e-15,4.297788584958345e-15,4.297788546313294e-15,4.297788507666319e-15,4.297788469017608e-15,4.297788430367147e-15,4.297788391714729e-15,4.297788353060543e-15,4.297788314404585e-15,4.297788275746718e-15,4.297788237087058e-15,4.2977881984255625e-15,4.297788159762176e-15,4.297788121096924e-15,4.297788082429912e-15,4.297788043761049e-15,4.297788005090341e-15,4.297787966417728e-15,4.297787927743266e-15,4.2977878890669625e-15,4.2977878503888725e-15,4.297787811708854e-15,4.297787773026974e-15,4.297787734343281e-15,4.297787695657694e-15,4.2977876569702476e-15,4.2977876182809194e-15,4.2977875795897564e-15,4.297787540896731e-15,4.297787502201833e-15,4.2977874635050775e-15,4.297787424806452e-15,4.297787386105958e-15,4.297787347403595e-15,4.297787308699359e-15,4.2977872699932486e-15,4.297787231285266e-15,4.297787192575408e-15,4.2977871538636716e-15,4.2977871151500584e-15,4.297787076434563e-15,4.297787037717188e-15,4.2977869989979326e-15,4.29778696027679e-15,4.297786921553765e-15,4.297786882828851e-15,4.297786844102051e-15,4.2977868053733605e-15,4.297786766642781e-15,4.297786727910308e-15,4.2977866891759454e-15,4.297786650439686e-15,4.2977866117015325e-15,4.2977865729614815e-15,4.297786534219532e-15,4.297786495475684e-15,4.297786456729913e-15,4.297786417982261e-15,4.2977863792326535e-15,4.297786340481171e-15,4.2977863017277835e-15,4.297786262972504e-15,4.2977862242153026e-15,4.297786185456203e-15,4.2977861466951665e-15,4.297786107932246e-15,4.297786069167417e-15,4.29778603040065e-15,4.297785991631985e-15,4.297785952861403e-15,4.297785914088903e-15,4.297785875314482e-15,4.2977858365381414e-15,4.2977857977598756e-15,4.2977857589796865e-15,4.297785720197586e-15,4.297785681413488e-15,4.297785642627522e-15,4.297785603839568e-15,4.297785565049746e-15,4.297785526257934e-15,4.2977854874642255e-15,4.297785448668608e-15,4.297785409871061e-15,4.297785371071574e-15,4.2977853322701555e-15,4.2977852934668126e-15,4.297785254661513e-15,4.2977852158542654e-15,4.2977851770450864e-15,4.297785138233958e-15,4.2977850994208965e-15,4.297785060605946e-15,4.297785021789e-15,4.2977849829700945e-15,4.297784944149196e-15,4.297784905326396e-15,4.297784866501645e-15,4.297784827674935e-15,4.297784788846297e-15,4.297784750015691e-15,4.297784711183148e-15,4.297784672348627e-15,4.297784633512157e-15,4.297784594673745e-15,4.297784555833354e-15,4.297784516990878e-15,4.297784478146553e-15,4.2977844393002474e-15,4.2977844004519615e-15,4.297784361601723e-15,4.297784322749543e-15,4.297784283895393e-15,4.2977842450392776e-15,4.2977842061811924e-15,4.2977841673211296e-15,4.2977841284590535e-15,4.297784089595102e-15,4.297784050729095e-15,4.297784011861079e-15,4.297783972991146e-15,4.297783934119234e-15,4.297783895245347e-15,4.297783856369482e-15,4.297783817491637e-15,4.297783778611792e-15,4.2977837397299835e-15,4.2977837008461885e-15,4.297783661960403e-15,4.2977836230726364e-15,4.2977835841828856e-15,4.297783545291146e-15,4.297783506397418e-15,4.29778346750186e-15,4.2977834286041536e-15,4.297783389704452e-15,4.297783350802755e-15,4.297783311899066e-15,4.297783272993381e-15,4.297783234085699e-15,4.2977831951760205e-15,4.2977831562643425e-15,4.297783117350669e-15,4.29778307843499e-15,4.297783039517312e-15,4.2977830005976304e-15,4.297782961675947e-15,4.297782922752254e-15,4.297782883826565e-15,4.297782844898872e-15,4.297782805969155e-15,4.2977827670373734e-15,4.297782728103654e-15,4.29778268916799e-15,4.297782650230232e-15,4.297782611290469e-15,4.297782572348718e-15,4.297782533404931e-15,4.297782494459094e-15,4.297782455511278e-15,4.2977824165614316e-15,4.297782377609568e-15,4.297782338655694e-15,4.297782299699798e-15,4.297782260741882e-15,4.297782221781944e-15,4.297782182819986e-15,4.297782143855999e-15,4.297782104889989e-15,4.297782065921956e-15,4.297782026951891e-15,4.297781987979801e-15,4.297781949005684e-15,4.2977819100295506e-15,4.297781871051403e-15,4.2977818320711305e-15,4.297781793088931e-15,4.297781754104716e-15,4.297781715118442e-15,4.297781676130082e-15,4.297781637139637e-15,4.297781598147218e-15,4.297781559152777e-15,4.297781520156292e-15,4.2977814811577685e-15,4.297781442157188e-15,4.297781403154582e-15,4.2977813641499266e-15,4.297781325143196e-15,4.297781286134538e-15,4.297781247123748e-15,4.297781208110905e-15,4.297781169096021e-15,4.29778113007907e-15,4.297781091060089e-15,4.297781052039062e-15,4.297781013015983e-15,4.297780973990853e-15,4.297780934963721e-15,4.297780895934486e-15,4.297780856903204e-15,4.297780817869866e-15,4.297780778834461e-15,4.297780739797059e-15,4.297780700757543e-15,4.297780661716094e-15,4.297780622672481e-15,4.2977805836267644e-15,4.297780544579028e-15,4.297780505529206e-15,4.297780466477307e-15,4.297780427423361e-15,4.29778038836735e-15,4.297780349309276e-15,4.2977803102491295e-15,4.297780271186921e-15,4.297780232122646e-15,4.2977801930563e-15,4.297780153987885e-15,4.297780114917401e-15,4.297780075844847e-15,4.297780036770222e-15,4.2977799976935216e-15,4.297779958614806e-15,4.2977799195339136e-15,4.29777988045108e-15,4.297779841366087e-15,4.297779802279014e-15,4.2977797631898595e-15,4.2977797240986304e-15,4.297779685005364e-15,4.297779645909974e-15,4.297779606812509e-15,4.2977795677129655e-15,4.2977795286113306e-15,4.297779489507614e-15,4.2977794504018145e-15,4.297779411293933e-15,4.297779372183962e-15,4.2977793330719115e-15,4.297779293957757e-15,4.297779254841528e-15,4.297779215723213e-15,4.29777917660281e-15,4.297779137480433e-15,4.297779098355803e-15,4.297779059229123e-15,4.297779020100357e-15,4.297778980969459e-15,4.297778941836505e-15,4.297778902701451e-15,4.297778863564299e-15,4.2977788244250376e-15,4.2977787852836945e-15,4.297778746140254e-15,4.29777870699482e-15,4.297778667847183e-15,4.297778628697437e-15,4.2977785895456e-15,4.297778550391643e-15,4.297778511235547e-15,4.2977784720774104e-15,4.297778432917165e-15,4.297778393754826e-15,4.2977783545903695e-15,4.2977783154238176e-15,4.297778276255162e-15,4.297778237084397e-15,4.2977781979115244e-15,4.297778158736547e-15,4.297778119559455e-15,4.297778080380254e-15,4.297778041198945e-15,4.297778002015529e-15,4.297777962829999e-15,4.2977779236423425e-15,4.297777884452584e-15,4.297777845260701e-15,4.297777806066713e-15,4.297777766870615e-15,4.297777727672379e-15,4.2977776884720315e-15,4.297777649269561e-15,4.2977776100649886e-15,4.297777570858273e-15,4.2977775316494575e-15,4.2977774924385196e-15,4.2977774532254454e-15,4.297777414010245e-15,4.297777374792926e-15,4.297777335573484e-15,4.297777296351928e-15,4.297777257128236e-15,4.297777217902432e-15,4.2977771786745e-15,4.29777713944443e-15,4.2977771002123084e-15,4.297777060977982e-15,4.297777021741529e-15,4.2977769825029475e-15,4.29777694326223e-15,4.297776904019388e-15,4.297776864774394e-15,4.29777682552728e-15,4.297776786278059e-15,4.2977767470266775e-15,4.297776707773165e-15,4.297776668517521e-15,4.297776629259726e-15,4.297776589999801e-15,4.297776550737748e-15,4.297776511473543e-15,4.297776472207217e-15,4.297776432938762e-15,4.2977763936681575e-15,4.2977763543954194e-15,4.297776315120545e-15,4.297776275843515e-15,4.297776236564345e-15,4.297776197283037e-15,4.29777615799958e-15,4.297776118713985e-15,4.297776079426243e-15,4.297776040136358e-15,4.297776000844328e-15,4.297775961550145e-15,4.2977759222537726e-15,4.297775882955247e-15,4.297775843654626e-15,4.2977758043518066e-15,4.297775765046834e-15,4.297775725739707e-15,4.2977756864304685e-15,4.297775647119048e-15,4.2977756078054775e-15,4.297775568489922e-15,4.2977755291720094e-15,4.297775489852041e-15,4.297775450530001e-15,4.29777541120571e-15,4.297775371879226e-15,4.297775332550635e-15,4.297775293219881e-15,4.2977752538869735e-15,4.2977752145519304e-15,4.2977751752147045e-15,4.297775135875326e-15,4.297775096533777e-15,4.2977750571900525e-15,4.297775017844167e-15,4.297774978496122e-15,4.297774939145903e-15,4.297774899793578e-15,4.297774860439037e-15,4.297774821082369e-15,4.297774781723532e-15,4.297774742362506e-15,4.297774702999355e-15,4.297774663634019e-15,4.297774624266483e-15,4.297774584896816e-15,4.297774545524978e-15,4.297774506150985e-15,4.297774466774816e-15,4.297774427396483e-15,4.297774388015917e-15,4.2977743486332445e-15,4.297774309248342e-15,4.297774269861235e-15,4.297774230471979e-15,4.297774191080632e-15,4.297774151686978e-15,4.297774112291243e-15,4.297774072893338e-15,4.2977740334933124e-15,4.297773994091112e-15,4.297773954686718e-15,4.297773915280157e-15,4.297773875871375e-15,4.297773836460481e-15,4.297773797047395e-15,4.297773757632131e-15,4.297773718214677e-15,4.297773678795053e-15,4.297773639373239e-15,4.297773599949242e-15,4.297773560523061e-15,4.297773521094707e-15,4.297773481664187e-15,4.297773442231468e-15,4.297773402796563e-15,4.297773363359478e-15,4.2977733239201644e-15,4.297773284478651e-15,4.297773245034993e-15,4.297773205589164e-15,4.297773166141144e-15,4.2977731266909e-15,4.297773087238496e-15,4.29777304778394e-15,4.297773008327161e-15,4.29777296886826e-15,4.2977729294071054e-15,4.297772889943815e-15,4.2977728504783415e-15,4.29777281101062e-15,4.297772771540688e-15,4.297772732068556e-15,4.297772692594255e-15,4.297772653117848e-15,4.29777261363922e-15,4.297772574158341e-15,4.2977725346752646e-15,4.297772495189927e-15,4.29777245570244e-15,4.297772416212885e-15,4.297772376721038e-15,4.29777233722699e-15,4.297772297730739e-15,4.297772258232364e-15,4.297772218731732e-15,4.29777217922889e-15,4.297772139723855e-15,4.297772100216603e-15,4.2977720607071626e-15,4.297772021195522e-15,4.297771981681688e-15,4.297771942165665e-15,4.297771902647425e-15,4.297771863126995e-15,4.297771823604339e-15,4.2977717840795075e-15,4.297771744552469e-15,4.297771705023231e-15,4.297771665491791e-15,4.297771625958146e-15,4.2977715864223045e-15,4.297771546884247e-15,4.297771507343971e-15,4.297771467801501e-15,4.297771428256821e-15,4.297771388709941e-15,4.297771349160866e-15,4.297771309609575e-15,4.297771270056048e-15,4.2977712305003494e-15,4.2977711909423955e-15,4.2977711513822454e-15,4.2977711118198794e-15,4.297771072255282e-15,4.297771032688498e-15,4.2977709931194955e-15,4.2977709535482856e-15,4.297770913974864e-15,4.2977708743992275e-15,4.2977708348212815e-15,4.297770795241211e-15,4.297770755658931e-15,4.297770716074438e-15,4.297770676487735e-15,4.2977706368988145e-15,4.297770597307679e-15,4.297770557714321e-15,4.297770518118667e-15,4.2977704785208814e-15,4.2977704389208765e-15,4.29777039931865e-15,4.29777035971421e-15,4.29777032010755e-15,4.297770280498672e-15,4.297770240887571e-15,4.297770201274255e-15,4.297770161658716e-15,4.297770122040955e-15,4.2977700824209735e-15,4.297770042798771e-15,4.2977700031743436e-15,4.2977699635477e-15,4.2977699239188295e-15,4.297769884287764e-15,4.297769844654449e-15,4.2977698050188755e-15,4.297769765381055e-15,4.2977697257410525e-15,4.297769686098817e-15,4.2977696464543665e-15,4.2977696068076295e-15,4.297769567158728e-15,4.2977695275075984e-15,4.297769487854242e-15,4.2977694481985964e-15,4.2977694085407846e-15,4.297769368880764e-15,4.297769329218519e-15,4.29776928955403e-15,4.297769249887366e-15,4.2977692102184125e-15,4.29776917054729e-15,4.297769130873875e-15,4.2977690911982274e-15,4.2977690515203746e-15,4.297769011840276e-15,4.297768972157949e-15,4.297768932473373e-15,4.297768892786564e-15,4.297768853097522e-15,4.297768813406249e-15,4.29776877371274e-15,4.2977687340169435e-15,4.297768694319006e-15,4.297768654618789e-15,4.29776861491634e-15,4.297768575211649e-15,4.297768535504725e-15,4.297768495795562e-15,4.29776845608416e-15,4.2977684163705416e-15,4.297768376654669e-15,4.297768336936613e-15,4.297768297216297e-15,4.297768257493701e-15,4.2977682177688654e-15,4.2977681780417884e-15,4.2977681383124624e-15,4.297768098580741e-15,4.297768058846954e-15,4.2977680191109025e-15,4.2977679793726016e-15,4.297767939632078e-15,4.297767899889312e-15,4.297767860144347e-15,4.297767820397157e-15,4.297767780647689e-15,4.2977677408959646e-15,4.297767701141995e-15,4.297767661385835e-15,4.297767621627291e-15,4.297767581866578e-15,4.297767542103631e-15,4.297767502338529e-15,4.297767462571091e-15,4.2977674228014045e-15,4.297767383029471e-15,4.297767343255319e-15,4.297767303478919e-15,4.297767263700255e-15,4.2977672239193214e-15,4.2977671841362424e-15,4.297767144350931e-15,4.297767104563277e-15,4.2977670647733565e-15,4.297767024981196e-15,4.2977669851867945e-15,4.297766945390095e-15,4.2977669055911804e-15,4.297766865790004e-15,4.297766825986626e-15,4.297766786180951e-15,4.297766746373034e-15,4.297766706562855e-15,4.2977666667503784e-15,4.297766626935697e-15,4.297766587118747e-15,4.29776654729956e-15,4.297766507478073e-15,4.2977664676543776e-15,4.297766427828492e-15,4.297766388000292e-15,4.297766348169837e-15,4.297766308337088e-15,4.297766268502123e-15,4.297766228664898e-15,4.29776618882537e-15,4.297766148983665e-15,4.297766109139709e-15,4.297766069293464e-15,4.297766029444928e-15,4.2977659895941685e-15,4.297765949741142e-15,4.2977659098859516e-15,4.297765870028423e-15,4.2977658301686265e-15,4.29776579030657e-15,4.297765750442255e-15,4.297765710575694e-15,4.297765670706767e-15,4.2977656308356715e-15,4.297765590962318e-15,4.297765551086711e-15,4.2977655112088564e-15,4.297765471328726e-15,4.297765431446259e-15,4.2977653915615585e-15,4.297765351674629e-15,4.2977653117854514e-15,4.297765271894015e-15,4.297765232000243e-15,4.297765192104264e-15,4.29776515220594e-15,4.297765112305434e-15,4.297765072402662e-15,4.297765032497628e-15,4.297764992590327e-15,4.297764952680769e-15,4.2977649127690735e-15,4.297764872855004e-15,4.29776483293864e-15,4.297764793020016e-15,4.297764753099079e-15,4.2977647131759104e-15,4.297764673250496e-15,4.2977646333228066e-15,4.297764593392848e-15,4.297764553460634e-15,4.297764513526117e-15,4.2977644735895615e-15,4.297764433650523e-15,4.2977643937092514e-15,4.297764353765682e-15,4.2977643138198355e-15,4.297764273871718e-15,4.2977642339213525e-15,4.297764193968846e-15,4.297764154013916e-15,4.2977641140567455e-15,4.297764074097275e-15,4.297764034135571e-15,4.297763994171567e-15,4.297763954205295e-15,4.2977639142367415e-15,4.297763874265895e-15,4.297763834292753e-15,4.2977637943173505e-15,4.2977637543397005e-15,4.297763714359747e-15,4.297763674377641e-15,4.297763634393185e-15,4.297763594406444e-15,4.297763554417503e-15,4.297763514426205e-15,4.297763474432558e-15,4.297763434436733e-15,4.2977633944386135e-15,4.2977633544383184e-15,4.297763314435648e-15,4.297763274430698e-15,4.297763234423487e-15,4.29776319441398e-15,4.297763154402201e-15,4.297763114388151e-15,4.297763074371821e-15,4.297763034353211e-15,4.297762994332326e-15,4.297762954309157e-15,4.297762914283709e-15,4.297762874255996e-15,4.2977628342259146e-15,4.29776279419363e-15,4.297762754159081e-15,4.297762714122248e-15,4.29776267408317e-15,4.2977626340417574e-15,4.297762593998173e-15,4.297762553952247e-15,4.297762513904012e-15,4.297762473853508e-15,4.297762433800698e-15,4.29776239374562e-15,4.2977623536882444e-15,4.2977623136286815e-15,4.2977622735667386e-15,4.297762233502521e-15,4.297762193436027e-15,4.2977621533672514e-15,4.297762113296189e-15,4.297762073222851e-15,4.297762033147258e-15,4.2977619930693555e-15,4.297761952989052e-15,4.29776191290657e-15,4.297761872821804e-15,4.2977618327348075e-15,4.297761792645408e-15,4.297761752553787e-15,4.29776171245987e-15,4.29776167236374e-15,4.297761632265261e-15,4.297761592164496e-15,4.2977615520615124e-15,4.297761511956203e-15,4.297761471848591e-15,4.297761431738678e-15,4.297761391626493e-15,4.297761351512006e-15,4.297761311395229e-15,4.2977612712761864e-15,4.2977612311548376e-15,4.297761191031191e-15,4.297761150905266e-15,4.297761110777069e-15,4.297761070646565e-15,4.2977610305138455e-15,4.2977609903787704e-15,4.2977609502414006e-15,4.297760910101863e-15,4.2977608699599516e-15,4.297760829815685e-15,4.2977607896691514e-15,4.297760749520331e-15,4.297760709369246e-15,4.297760669215836e-15,4.297760629060141e-15,4.297760588902157e-15,4.2977605487418976e-15,4.29776050857933e-15,4.297760468414472e-15,4.2977604282473236e-15,4.29776038807788e-15,4.297760347906169e-15,4.297760307732139e-15,4.297760267555817e-15,4.297760227377228e-15,4.297760187196348e-15,4.297760147013152e-15,4.297760106827659e-15,4.297760066639805e-15,4.297760026449758e-15,4.297759986257387e-15,4.2977599460627036e-15,4.297759905865741e-15,4.297759865666481e-15,4.297759825464926e-15,4.297759785261076e-15,4.29775974505493e-15,4.297759704846494e-15,4.2977596646358175e-15,4.297759624422793e-15,4.297759584207466e-15,4.297759543989904e-15,4.297759503769983e-15,4.2977594635477646e-15,4.297759423323256e-15,4.297759383096446e-15,4.29775934286734e-15,4.297759302635935e-15,4.297759262402234e-15,4.2977592221662365e-15,4.297759181927968e-15,4.29775914168738e-15,4.297759101444486e-15,4.2977590611993e-15,4.297759020951811e-15,4.297758980702053e-15,4.2977589404499616e-15,4.297758900195548e-15,4.297758859938865e-15,4.297758819679878e-15,4.297758779418593e-15,4.297758739155009e-15,4.297758698889128e-15,4.29775865862094e-15,4.297758618350449e-15,4.297758578077661e-15,4.297758537802577e-15,4.297758497525185e-15,4.297758457245491e-15,4.297758416963458e-15,4.29775837667916e-15,4.297758336392569e-15,4.297758296103678e-15,4.2977582558124835e-15,4.297758215519051e-15,4.297758175223253e-15,4.297758134925164e-15,4.297758094624758e-15,4.297758054322048e-15,4.2977580140170346e-15,4.2977579737097235e-15,4.297757933400113e-15,4.297757893088192e-15,4.297757852774034e-15,4.297757812457515e-15,4.297757772138678e-15,4.297757731817535e-15,4.297757691494096e-15,4.297757651168348e-15,4.29775761084033e-15,4.297757570509987e-15,4.29775753017733e-15,4.297757489842368e-15,4.297757449505089e-15,4.297757409165514e-15,4.2977573688236375e-15,4.297757328479455e-15,4.2977572881329685e-15,4.2977572477841745e-15,4.297757207433097e-15,4.297757167079692e-15,4.297757126723981e-15,4.297757086365962e-15,4.2977570460056505e-15,4.297757005643019e-15,4.297756965278171e-15,4.297756924910933e-15,4.2977568845413764e-15,4.29775684416955e-15,4.297756803795378e-15,4.2977567634188976e-15,4.297756723040115e-15,4.297756682659028e-15,4.2977566422756275e-15,4.297756601889918e-15,4.297756561501899e-15,4.2977565211115725e-15,4.297756480718931e-15,4.297756440323992e-15,4.297756399926751e-15,4.297756359527193e-15,4.297756319125321e-15,4.297756278721149e-15,4.297756238314662e-15,4.297756197905871e-15,4.29775615749477e-15,4.297756117081353e-15,4.29775607666563e-15,4.2977560362475935e-15,4.2977559958272096e-15,4.297755955404547e-15,4.297755914979589e-15,4.2977558745522755e-15,4.297755834122683e-15,4.297755793690781e-15,4.297755753256577e-15,4.29775571282006e-15,4.29775567238119e-15,4.297755631940035e-15,4.297755591496583e-15,4.2977555510508115e-15,4.2977555106027314e-15,4.297755470152345e-15,4.297755429699636e-15,4.297755389244628e-15,4.297755348787295e-15,4.297755308327651e-15,4.297755267865726e-15,4.297755227401455e-15,4.297755186934871e-15,4.297755146465954e-15,4.297755105994741e-15,4.297755065521235e-15,4.297755025045407e-15,4.29775498456726e-15,4.297754944086797e-15,4.297754903604031e-15,4.2977548631189414e-15,4.297754822631533e-15,4.297754782141895e-15,4.297754741649865e-15,4.297754701155516e-15,4.29775466065885e-15,4.29775462015988e-15,4.297754579658592e-15,4.29775453915498e-15,4.297754498649046e-15,4.297754458140791e-15,4.297754417630196e-15,4.2977543771173e-15,4.297754336602117e-15,4.297754296084615e-15,4.297754255564781e-15,4.297754215042637e-15,4.297754174518189e-15,4.2977541339914446e-15,4.297754093462362e-15,4.297754052930972e-15,4.297754012397267e-15,4.2977539718612236e-15,4.297753931322859e-15,4.2977538907821976e-15,4.2977538502392104e-15,4.297753809693896e-15,4.297753769146279e-15,4.29775372859634e-15,4.297753688044194e-15,4.297753647489625e-15,4.297753606932805e-15,4.2977535663736e-15,4.2977535258120655e-15,4.2977534852482224e-15,4.297753444682062e-15,4.297753404113579e-15,4.29775336354277e-15,4.297753322969656e-15,4.297753282394218e-15,4.2977532418164606e-15,4.2977532012363914e-15,4.297753160654e-15,4.297753120069337e-15,4.297753079482298e-15,4.29775303889306e-15,4.2977529983014e-15,4.297752957707412e-15,4.297752917111104e-15,4.2977528765125354e-15,4.2977528359115875e-15,4.2977527953083195e-15,4.2977527547027315e-15,4.297752714094824e-15,4.297752673484592e-15,4.2977526328720426e-15,4.297752592257158e-15,4.297752551639969e-15,4.297752511020451e-15,4.297752470398609e-15,4.2977524297744564e-15,4.297752389147973e-15,4.297752348519183e-15,4.2977523078880644e-15,4.297752267254681e-15,4.297752226618919e-15,4.2977521859808464e-15,4.297752145340446e-15,4.297752104697715e-15,4.297752064052651e-15,4.297752023405283e-15,4.297751982755592e-15,4.297751942103582e-15,4.2977519014493265e-15,4.2977518607926945e-15,4.297751820133708e-15,4.2977517794724096e-15,4.2977517388088655e-15,4.297751698142922e-15,4.297751657474658e-15,4.297751616804058e-15,4.297751576131152e-15,4.297751535455921e-15,4.297751494778367e-15,4.297751454098471e-15,4.297751413416263e-15,4.29775137273173e-15,4.297751332044913e-15,4.297751291355733e-15,4.297751250664239e-15,4.297751209970421e-15,4.29775116927428e-15,4.297751128575825e-15,4.2977510878750334e-15,4.29775104717191e-15,4.297751006466481e-15,4.297750965758703e-15,4.297750925048624e-15,4.2977508843362066e-15,4.297750843621467e-15,4.297750802904408e-15,4.297750762185005e-15,4.297750721463331e-15,4.2977506807392865e-15,4.297750640012923e-15,4.297750599284215e-15,4.2977505585532015e-15,4.2977505178198574e-15,4.297750477084186e-15,4.297750436346165e-15,4.297750395605848e-15,4.29775035486321e-15,4.297750314118239e-15,4.297750273370946e-15,4.297750232621325e-15,4.297750191869376e-15,4.297750151115112e-15,4.2977501103585184e-15,4.297750069599578e-15,4.2977500288383235e-15,4.297749988074839e-15,4.297749947308901e-15,4.297749906540681e-15,4.297749865770111e-15,4.2977498249972154e-15,4.297749784222006e-15,4.29774974344448e-15,4.297749702664615e-15,4.2977496618824045e-15,4.297749621097884e-15,4.2977495803110235e-15,4.297749539521846e-15,4.297749498730303e-15,4.297749457936474e-15,4.297749417140333e-15,4.297749376341853e-15,4.297749335541048e-15,4.297749294737919e-15,4.297749253932442e-15,4.297749213124655e-15,4.2977491723145505e-15,4.297749131502093e-15,4.297749090687305e-15,4.297749049870216e-15,4.297749009050794e-15,4.2977489682290336e-15,4.297748927404968e-15,4.297748886578563e-15,4.29774884574982e-15,4.297748804918758e-15,4.29774876408537e-15,4.297748723249626e-15,4.297748682411531e-15,4.297748641571146e-15,4.297748600728441e-15,4.297748559883393e-15,4.297748519035998e-15,4.297748478186299e-15,4.297748437334362e-15,4.297748396480023e-15,4.297748355623364e-15,4.297748314764337e-15,4.297748273902981e-15,4.297748233039299e-15,4.2977481921732775e-15,4.297748151304958e-15,4.297748110434303e-15,4.297748069561317e-15,4.297748028686026e-15,4.297747987808366e-15,4.297747946928378e-15,4.297747906046059e-15,4.2977478651613975e-15,4.297747824274496e-15,4.297747783385203e-15,4.297747742493577e-15,4.297747701599609e-15,4.297747660703321e-15,4.297747619804663e-15,4.297747578903704e-15,4.297747538000432e-15,4.297747497094779e-15,4.297747456186832e-15,4.2977474152765444e-15,4.297747374363937e-15,4.2977473334490085e-15,4.29774729253172e-15,4.2977472516121065e-15,4.2977472106901655e-15,4.297747169765919e-15,4.297747128839312e-15,4.2977470879103925e-15,4.2977470469791264e-15,4.2977470060455285e-15,4.297746965109602e-15,4.297746924171346e-15,4.297746883230735e-15,4.297746842287826e-15,4.297746801342589e-15,4.2977467603950015e-15,4.297746719445091e-15,4.297746678492842e-15,4.297746637538246e-15,4.297746596581334e-15,4.2977465556220925e-15,4.2977465146605176e-15,4.297746473696618e-15,4.297746432730392e-15,4.297746391761841e-15,4.2977463507909355e-15,4.2977463098176966e-15,4.2977462688421265e-15,4.297746227864224e-15,4.297746186884001e-15,4.2977461459014495e-15,4.2977461049165456e-15,4.29774606392931e-15,4.297746022939746e-15,4.297745981947871e-15,4.297745940953653e-15,4.297745899957048e-15,4.297745858958142e-15,4.297745817956914e-15,4.297745776953351e-15,4.297745735947437e-15,4.297745694939202e-15,4.29774565392867e-15,4.2977456129157736e-15,4.2977455719006e-15,4.2977455308831535e-15,4.297745489863238e-15,4.2977454488410135e-15,4.297745407816449e-15,4.297745366789548e-15,4.297745325760313e-15,4.2977452847287795e-15,4.297745243694824e-15,4.297745202658611e-15,4.297745161620039e-15,4.297745120579148e-15,4.297745079535914e-15,4.2977450384903515e-15,4.297744997442452e-15,4.297744956392202e-15,4.2977449153396064e-15,4.297744874284702e-15,4.297744833227469e-15,4.2977447921679075e-15,4.297744751105996e-15,4.297744710041753e-15,4.29774466897518e-15,4.297744627906267e-15,4.297744586835022e-15,4.297744545761445e-15,4.2977445046856045e-15,4.2977444636074375e-15,4.297744422526846e-15,4.2977443814439305e-15,4.297744340358674e-15,4.297744299271092e-15,4.297744258181171e-15,4.297744217088947e-15,4.29774417599433e-15,4.2977441348973246e-15,4.297744093798062e-15,4.2977440526964634e-15,4.297744011592509e-15,4.297743970486335e-15,4.2977439293777335e-15,4.297743888266796e-15,4.297743847153463e-15,4.297743806037854e-15,4.297743764919911e-15,4.297743723799516e-15,4.297743682676907e-15,4.297743641551984e-15,4.2977436004247034e-15,4.2977435592950885e-15,4.297743518163132e-15,4.297743477028845e-15,4.297743435892205e-15,4.297743394753241e-15,4.297743353611942e-15,4.297743312468309e-15,4.297743271322344e-15,4.2977432301741676e-15,4.2977431890235185e-15,4.297743147870545e-15,4.297743106715258e-15,4.297743065557612e-15,4.297743024397631e-15,4.297742983235312e-15,4.2977429420706555e-15,4.297742900903668e-15,4.297742859734358e-15,4.2977428185626905e-15,4.297742777388705e-15,4.297742736212366e-15,4.297742695033693e-15,4.297742653852684e-15,4.297742612669371e-15,4.297742571483688e-15,4.29774253029567e-15,4.2977424891053424e-15,4.2977424479126526e-15,4.2977424067176246e-15,4.297742365520261e-15,4.297742324320589e-15,4.2977422831185556e-15,4.297742241914211e-15,4.297742200707516e-15,4.2977421594984634e-15,4.297742118287084e-15,4.297742077073362e-15,4.297742035857307e-15,4.2977419946389415e-15,4.2977419534182376e-15,4.2977419121951695e-15,4.2977418709697695e-15,4.29774182974202e-15,4.2977417885119535e-15,4.297741747279542e-15,4.29774170604486e-15,4.297741664807778e-15,4.297741623568339e-15,4.29774158232658e-15,4.2977415410824576e-15,4.2977414998359974e-15,4.2977414585873056e-15,4.297741417336128e-15,4.297741376082697e-15,4.297741334826917e-15,4.297741293568784e-15,4.2977412523083436e-15,4.297741211045564e-15,4.29774116978043e-15,4.297741128512968e-15,4.297741087243171e-15,4.297741045971016e-15,4.297741004696535e-15,4.2977409634197224e-15,4.297740922140597e-15,4.297740880859133e-15,4.297740839575302e-15,4.297740798289145e-15,4.297740757000674e-15,4.297740715709848e-15,4.297740674416702e-15,4.2977406331211836e-15,4.2977405918233465e-15,4.297740550523153e-15,4.29774050922066e-15,4.297740467915831e-15,4.297740426608623e-15,4.297740385299114e-15,4.297740343987242e-15,4.297740302673032e-15,4.297740261356447e-15,4.297740220037543e-15,4.297740178716316e-15,4.297740137392747e-15,4.297740096066848e-15,4.297740054738622e-15,4.297740013408035e-15,4.2977399720751115e-15,4.297739930739851e-15,4.297739889402246e-15,4.297739848062311e-15,4.2977398067200334e-15,4.297739765375415e-15,4.297739724028475e-15,4.297739682679168e-15,4.297739641327539e-15,4.297739599973572e-15,4.2977395586173315e-15,4.297739517258678e-15,4.297739475897697e-15,4.297739434534408e-15,4.297739393168638e-15,4.29773935180067e-15,4.297739310430337e-15,4.297739269057662e-15,4.2977392276826805e-15,4.297739186305362e-15,4.297739144925704e-15,4.2977391035436764e-15,4.297739062159293e-15,4.297739020772585e-15,4.297738979383528e-15,4.297738937992148e-15,4.297738896598407e-15,4.297738855202327e-15,4.2977388138039154e-15,4.297738772403153e-15,4.297738731000075e-15,4.297738689594648e-15,4.297738648186895e-15,4.297738606776802e-15,4.297738565364369e-15,4.297738523949603e-15,4.297738482532494e-15,4.297738441113047e-15,4.297738399691261e-15,4.297738358267136e-15,4.297738316840676e-15,4.29773827541188e-15,4.297738233980745e-15,4.297738192547271e-15,4.297738151111457e-15,4.2977381096733026e-15,4.2977380682328126e-15,4.297738026789981e-15,4.297737985344811e-15,4.297737943897306e-15,4.297737902447458e-15,4.297737860995274e-15,4.297737819540749e-15,4.297737778083886e-15,4.297737736624683e-15,4.297737695163141e-15,4.297737653699261e-15,4.297737612233043e-15,4.297737570764483e-15,4.2977375292935845e-15,4.297737487820349e-15,4.297737446344803e-15,4.297737404866885e-15,4.297737363386666e-15,4.297737321904073e-15,4.2977372804191376e-15,4.2977372389318634e-15,4.297737197442165e-15,4.297737155950213e-15,4.297737114455925e-15,4.2977370729593e-15,4.297737031460334e-15,4.297736989959031e-15,4.297736948455389e-15,4.2977369069494055e-15,4.297736865441081e-15,4.297736823930424e-15,4.297736782417424e-15,4.297736740902085e-15,4.297736699384395e-15,4.297736657864374e-15,4.297736616342016e-15,4.297736574817332e-15,4.297736533290296e-15,4.297736491760926e-15,4.297736450229206e-15,4.297736408695153e-15,4.29773636715876e-15,4.297736325620028e-15,4.297736284078956e-15,4.297736242535548e-15,4.297736200989788e-15,4.297736159441705e-15,4.2977361178912796e-15,4.297736076338498e-15,4.297736034783395e-15,4.297735993225939e-15,4.29773595166615e-15,4.29773591010416e-15,4.2977358685396996e-15,4.2977358269729256e-15,4.297735785403706e-15,4.297735743832275e-15,4.297735702258471e-15,4.2977356606823145e-15,4.297735619103811e-15,4.297735577522976e-15,4.2977355359397916e-15,4.297735494354272e-15,4.2977354527664164e-15,4.297735411176227e-15,4.297735369583691e-15,4.297735327988819e-15,4.2977352863916125e-15,4.2977352447920574e-15,4.297735203190168e-15,4.297735161585938e-15,4.29773511997936e-15,4.297735078370441e-15,4.297735036759192e-15,4.297734995145607e-15,4.297734953529694e-15,4.297734911911426e-15,4.2977348702908156e-15,4.297734828667867e-15,4.297734787042586e-15,4.297734745414958e-15,4.297734703785015e-15,4.297734662152709e-15,4.297734620518166e-15,4.2977345788811835e-15,4.297734537241861e-15,4.2977344956002006e-15,4.297734453956197e-15,4.297734412309933e-15,4.29773437066125e-15,4.297734329010151e-15,4.297734287356786e-15,4.297734245701089e-15,4.297734204043103e-15,4.297734162382734e-15,4.29773412072004e-15,4.297734079054968e-15,4.297734037387563e-15,4.297733995717853e-15,4.297733954045774e-15,4.2977339123713575e-15,4.297733870694594e-15,4.297733829015527e-15,4.297733787333912e-15,4.297733745650128e-15,4.297733703963886e-15,4.297733662275433e-15,4.2977336205844906e-15,4.297733578891361e-15,4.297733537195922e-15,4.2977334954980575e-15,4.297733453797914e-15,4.29773341209543e-15,4.297733370390627e-15,4.2977333286834605e-15,4.29773328697401e-15,4.297733245262162e-15,4.29773320354798e-15,4.29773316183142e-15,4.2977331201126185e-15,4.2977330783913e-15,4.297733036667771e-15,4.297732994941854e-15,4.297732953213632e-15,4.297732911483114e-15,4.297732869750224e-15,4.2977328280149964e-15,4.297732786277387e-15,4.297732744537437e-15,4.297732702795248e-15,4.2977326610507225e-15,4.2977326193038555e-15,4.297732577554619e-15,4.297732535803045e-15,4.2977324940489525e-15,4.297732452292703e-15,4.297732410534101e-15,4.297732368773239e-15,4.297732327009974e-15,4.297732285244355e-15,4.2977322434763665e-15,4.297732201706042e-15,4.297732159933404e-15,4.297732118158388e-15,4.2977320763810495e-15,4.29773203460137e-15,4.297731992819318e-15,4.297731951034958e-15,4.29773190924826e-15,4.2977318674592496e-15,4.297731825667872e-15,4.297731783874354e-15,4.2977317420782945e-15,4.297731700279892e-15,4.29773165847918e-15,4.29773161667615e-15,4.297731574870754e-15,4.2977315330630036e-15,4.2977314912529125e-15,4.297731449440477e-15,4.297731407625734e-15,4.29773136580865e-15,4.29773132398923e-15,4.297731282167432e-15,4.297731240343293e-15,4.297731198516831e-15,4.2977311566880246e-15,4.297731114856875e-15,4.297731073023398e-15,4.297731031187568e-15,4.297730989349412e-15,4.297730947508923e-15,4.2977309056660885e-15,4.297730863820912e-15,4.297730821973272e-15,4.2977307801235786e-15,4.297730738271391e-15,4.297730696416861e-15,4.29773065455999e-15,4.297730612700782e-15,4.29773057083923e-15,4.29773052897539e-15,4.297730487109163e-15,4.297730445240725e-15,4.2977304033698186e-15,4.297730361496576e-15,4.297730319620994e-15,4.297730277743004e-15,4.297730235862776e-15,4.2977301939802116e-15,4.297730152095211e-15,4.297730110207968e-15,4.297730068318383e-15,4.297730026426465e-15,4.297729984532208e-15,4.297729942635607e-15,4.297729900736673e-15,4.297729858835393e-15,4.297729816931754e-15,4.297729775025747e-15,4.297729733117417e-15,4.297729691206787e-15,4.297729649293821e-15,4.297729607378477e-15,4.297729565460799e-15,4.297729523540816e-15,4.297729481618456e-15,4.297729439693863e-15,4.297729397766861e-15,4.2977293558374956e-15,4.297729313905788e-15,4.2977292719717585e-15,4.297729230035377e-15,4.297729188096677e-15,4.297729146155573e-15,4.2977291042121866e-15,4.2977290622664454e-15,4.2977290203183826e-15,4.297728978367964e-15,4.297728936415207e-15,4.297728894460058e-15,4.2977288525026225e-15,4.29772881054285e-15,4.297728768580738e-15,4.2977287266162994e-15,4.297728684649513e-15,4.297728642680386e-15,4.297728600708922e-15,4.297728558735119e-15,4.297728516758979e-15,4.297728474780501e-15,4.2977284327996784e-15,4.297728390816522e-15,4.297728348831027e-15,4.297728306843198e-15,4.2977282648530234e-15,4.2977282228605115e-15,4.297728180865667e-15,4.297728138868483e-15,4.297728096868956e-15,4.297728054867091e-15,4.297728012862891e-15,4.29772797085635e-15,4.297727928847475e-15,4.297727886836259e-15,4.297727844822704e-15,4.2977278028068114e-15,4.297727760788578e-15,4.297727718768003e-15,4.297727676745095e-15,4.297727634719852e-15,4.297727592692269e-15,4.297727550662348e-15,4.2977275086300825e-15,4.297727466595489e-15,4.2977274245585544e-15,4.2977273825192764e-15,4.2977273404776665e-15,4.2977272984337106e-15,4.297727256387422e-15,4.297727214338792e-15,4.297727172287822e-15,4.297727130234517e-15,4.297727088178874e-15,4.297727046120893e-15,4.297727004060575e-15,4.297726961997919e-15,4.297726919932925e-15,4.2977268778655935e-15,4.2977268357959255e-15,4.297726793723919e-15,4.297726751649576e-15,4.297726709572895e-15,4.2977266674938744e-15,4.2977266254125186e-15,4.297726583328826e-15,4.297726541242793e-15,4.2977264991544275e-15,4.297726457063719e-15,4.297726414970674e-15,4.297726372875291e-15,4.297726330777576e-15,4.29772628867752e-15,4.297726246575124e-15,4.297726204470393e-15,4.297726162363324e-15,4.297726120253919e-15,4.297726078142177e-15,4.297726036028096e-15,4.297725993911679e-15,4.297725951792923e-15,4.297725909671839e-15,4.29772586754841e-15,4.297725825422647e-15,4.297725783294553e-15,4.297725741164122e-15,4.297725699031343e-15,4.297725656896238e-15,4.297725614758789e-15,4.297725572619009e-15,4.297725530476892e-15,4.297725488332439e-15,4.2977254461856474e-15,4.297725404036492e-15,4.297725361885025e-15,4.297725319731224e-15,4.297725277575086e-15,4.297725235416611e-15,4.297725193255801e-15,4.297725151092651e-15,4.2977251089271656e-15,4.2977250667593435e-15,4.297725024589185e-15,4.297724982416688e-15,4.297724940241856e-15,4.2977248980646874e-15,4.297724855885183e-15,4.297724813703341e-15,4.297724771519161e-15,4.297724729332646e-15,4.297724687143794e-15,4.297724644952606e-15,4.2977246027590835e-15,4.297724560563224e-15,4.297724518365026e-15,4.297724476164494e-15,4.297724433961623e-15,4.297724391756416e-15,4.297724349548873e-15,4.297724307338993e-15,4.297724265126777e-15,4.297724222912226e-15,4.297724180695338e-15,4.297724138476113e-15,4.297724096254554e-15,4.297724054030658e-15,4.297724011804424e-15,4.2977239695758555e-15,4.297723927344951e-15,4.297723885111711e-15,4.297723842876133e-15,4.2977238006382224e-15,4.297723758397973e-15,4.297723716155388e-15,4.297723673910469e-15,4.297723631663214e-15,4.29772358941362e-15,4.297723547161693e-15,4.297723504907429e-15,4.29772346265083e-15,4.2977234203918936e-15,4.297723378130623e-15,4.297723335867017e-15,4.297723293601073e-15,4.2977232513327925e-15,4.2977232090621794e-15,4.297723166789229e-15,4.2977231245139435e-15,4.297723082236321e-15,4.297723039956364e-15,4.297722997674073e-15,4.297722955389445e-15,4.2977229131024844e-15,4.297722870813185e-15,4.29772282852155e-15,4.297722786227598e-15,4.297722743931309e-15,4.29772270163267e-15,4.297722659331695e-15,4.297722617028384e-15,4.2977225747227535e-15,4.297722532414772e-15,4.2977224901044565e-15,4.297722447791793e-15,4.297722405476794e-15,4.297722363159473e-15,4.297722320839806e-15,4.297722278517813e-15,4.297722236193477e-15,4.297722193866804e-15,4.297722151537796e-15,4.297722109206469e-15,4.2977220668728e-15,4.297722024536788e-15,4.297721982198449e-15,4.2977219398577774e-15,4.2977218975146326e-15,4.297721855169294e-15,4.2977218128216155e-15,4.297721770471603e-15,4.2977217281192535e-15,4.297721685764766e-15,4.297721643407755e-15,4.2977216010483635e-15,4.297721558686686e-15,4.2977215163226686e-15,4.29772147395632e-15,4.297721431587635e-15,4.297721389216628e-15,4.297721346843274e-15,4.29772130446759e-15,4.29772126208957e-15,4.297721219709212e-15,4.297721177326533e-15,4.297721134941508e-15,4.2977210925541515e-15,4.29772105016445e-15,4.2977210077724246e-15,4.29772096537807e-15,4.297720922981529e-15,4.297720880582502e-15,4.297720838181138e-15,4.297720795777442e-15,4.297720753371467e-15,4.297720710963113e-15,4.297720668552476e-15,4.297720626139439e-15,4.2977205837240655e-15,4.2977205413063614e-15,4.29772049888632e-15,4.2977204564639474e-15,4.297720414039254e-15,4.297720371612209e-15,4.2977203291828654e-15,4.297720286751155e-15,4.297720244317184e-15,4.2977202018808415e-15,4.297720159442132e-15,4.297720117001079e-15,4.297720074557692e-15,4.297720032111996e-15,4.297719989664018e-15,4.297719947213644e-15,4.297719904760934e-15,4.2977198623058925e-15,4.297719819848518e-15,4.297719777388817e-15,4.297719734926777e-15,4.297719692462406e-15,4.297719649995696e-15,4.297719607526667e-15,4.297719565055291e-15,4.297719522581583e-15,4.297719480105539e-15,4.2977194376272516e-15,4.2977193951465515e-15,4.297719352663511e-15,4.29771931017813e-15,4.297719267690424e-15,4.297719225200384e-15,4.297719182708011e-15,4.2977191402133026e-15,4.2977190977162604e-15,4.297719055216887e-15,4.297719012715183e-15,4.297718970211131e-15,4.2977189277047604e-15,4.2977188851960605e-15,4.297718842685026e-15,4.297718800171589e-15,4.2977187576558755e-15,4.297718715137839e-15,4.297718672617421e-15,4.2977186300946296e-15,4.2977185875695166e-15,4.2977185450420615e-15,4.297718502512374e-15,4.2977184599802684e-15,4.297718417445816e-15,4.297718374909125e-15,4.297718332370056e-15,4.297718289828703e-15,4.297718247285016e-15,4.297718204738987e-15,4.297718162190641e-15,4.297718119639962e-15,4.2977180770868955e-15,4.297718034531545e-15,4.297717991973864e-15,4.297717949413852e-15,4.297717906851507e-15,4.297717864286833e-15,4.297717821719823e-15,4.29771777915047e-15,4.2977177365787966e-15,4.2977176940047916e-15,4.297717651428466e-15,4.2977176088497836e-15,4.297717566268785e-15,4.297717523685455e-15,4.297717481099754e-15,4.297717438511778e-15,4.297717395921464e-15,4.297717353328801e-15,4.297717310733857e-15,4.297717268136488e-15,4.297717225536851e-15,4.2977171829349275e-15,4.297717140330565e-15,4.297717097723953e-15,4.297717055115007e-15,4.297717012503704e-15,4.297716969890077e-15,4.297716927274265e-15,4.29771688465598e-15,4.2977168420353634e-15,4.297716799412489e-15,4.2977167567872485e-15,4.297716714159617e-15,4.297716671529655e-15,4.2977166288973615e-15,4.297716586262754e-15,4.297716543625784e-15,4.2977165009865074e-15,4.2977164583449065e-15,4.297716415700919e-15,4.2977163730546964e-15,4.29771633040607e-15,4.2977162877551604e-15,4.297716245101897e-15,4.297716202446305e-15,4.297716159788367e-15,4.297716117128113e-15,4.2977160744655285e-15,4.297716031800655e-15,4.297715989133327e-15,4.297715946463753e-15,4.297715903791783e-15,4.297715861117567e-15,4.297715818440996e-15,4.2977157757620885e-15,4.297715733080847e-15,4.297715690397304e-15,4.297715647711418e-15,4.297715605023184e-15,4.2977155623326364e-15,4.297715519639753e-15,4.297715476944545e-15,4.297715434247006e-15,4.2977153915471274e-15,4.297715348844937e-15,4.297715306140413e-15,4.297715263433558e-15,4.297715220724374e-15,4.297715178012829e-15,4.297715135298991e-15,4.297715092582797e-15,4.297715049864296e-15,4.297715007143295e-15,4.29771496442013e-15,4.2977149216946666e-15,4.297714878966846e-15,4.297714836236681e-15,4.297714793504199e-15,4.29771475076939e-15,4.2977147080322505e-15,4.297714665292847e-15,4.297714622551052e-15,4.297714579806923e-15,4.2977145370604725e-15,4.297714494311677e-15,4.297714451560563e-15,4.297714408807121e-15,4.297714366051316e-15,4.297714323293243e-15,4.297714280532817e-15,4.29771423777006e-15,4.297714195004972e-15,4.297714152237568e-15,4.297714109467821e-15,4.297714066695683e-15,4.2977140239212684e-15,4.297713981144539e-15,4.297713938365506e-15,4.2977138955841486e-15,4.2977138528004375e-15,4.2977138100143915e-15,4.297713767226021e-15,4.2977137244351025e-15,4.297713681642072e-15,4.297713638846676e-15,4.29771359604899e-15,4.297713553248968e-15,4.297713510446642e-15,4.297713467641847e-15,4.297713424834912e-15,4.297713382025587e-15,4.297713339213924e-15,4.2977132963999405e-15,4.297713253583628e-15,4.297713210765016e-15,4.297713167944007e-15,4.297713125120707e-15,4.297713082295097e-15,4.297713039467179e-15,4.297712996636901e-15,4.297712953804335e-15,4.297712910969401e-15,4.297712868132138e-15,4.297712825292571e-15,4.297712782450657e-15,4.297712739606415e-15,4.297712696759841e-15,4.297712653910926e-15,4.2977126110597554e-15,4.297712568206201e-15,4.2977125253503194e-15,4.29771248249211e-15,4.2977124396315985e-15,4.297712396768735e-15,4.297712353903545e-15,4.297712311036025e-15,4.2977122681661064e-15,4.297712225293926e-15,4.297712182419446e-15,4.297712139542611e-15,4.297712096663457e-15,4.297712053781994e-15,4.297712010898202e-15,4.297711968012063e-15,4.297711925123605e-15,4.297711882232821e-15,4.2977118393397075e-15,4.297711796444266e-15,4.29771175354648e-15,4.297711710646385e-15,4.297711667743968e-15,4.297711624839221e-15,4.297711581932174e-15,4.297711539022778e-15,4.29771149611105e-15,4.297711453197004e-15,4.2977114102805875e-15,4.297711367361868e-15,4.2977113244408356e-15,4.297711281517483e-15,4.297711238591817e-15,4.2977111956638114e-15,4.297711152733466e-15,4.297711109800807e-15,4.297711066865833e-15,4.2977110239285194e-15,4.297710980988888e-15,4.2977109380469256e-15,4.297710895102625e-15,4.297710852155991e-15,4.29771080920703e-15,4.297710766255764e-15,4.29771072330217e-15,4.297710680346237e-15,4.2977106373879925e-15,4.297710594427425e-15,4.297710551464525e-15,4.2977105084992955e-15,4.297710465531752e-15,4.297710422561877e-15,4.297710379589681e-15,4.2977103366151605e-15,4.297710293638322e-15,4.297710250659147e-15,4.2977102076776504e-15,4.297710164693832e-15,4.297710121707687e-15,4.297710078719236e-15,4.297710035728433e-15,4.297709992735312e-15,4.2977099497398575e-15,4.297709906742099e-15,4.297709863741997e-15,4.297709820739577e-15,4.2977097777348185e-15,4.2977097347277635e-15,4.2977096917183704e-15,4.297709648706566e-15,4.297709605692497e-15,4.297709562676082e-15,4.29770951965739e-15,4.2977094766364204e-15,4.29770943361305e-15,4.297709390587386e-15,4.297709347559396e-15,4.2977093045290606e-15,4.29770926149645e-15,4.297709218461284e-15,4.297709175424002e-15,4.297709132384391e-15,4.2977090893424556e-15,4.297709046298205e-15,4.297709003251605e-15,4.297708960202678e-15,4.297708917151498e-15,4.297708874097918e-15,4.297708831041966e-15,4.297708787983768e-15,4.297708744923244e-15,4.297708701860414e-15,4.297708658795242e-15,4.297708615727736e-15,4.2977085726579166e-15,4.297708529585915e-15,4.2977084865114524e-15,4.297708443434662e-15,4.297708400355546e-15,4.297708357274101e-15,4.297708314190195e-15,4.297708271104091e-15,4.297708228015708e-15,4.297708184924979e-15,4.297708141831915e-15,4.2977080987365664e-15,4.2977080556388824e-15,4.297708012538872e-15,4.297707969436566e-15,4.297707926331933e-15,4.2977078832249476e-15,4.297707840115626e-15,4.297707797004106e-15,4.297707753890152e-15,4.2977077107738605e-15,4.297707667655256e-15,4.297707624534345e-15,4.297707581411207e-15,4.297707538285639e-15,4.297707495157749e-15,4.297707452027534e-15,4.297707408894984e-15,4.297707365760119e-15,4.297707322622928e-15,4.29770727948316e-15,4.2977072363413545e-15,4.297707193197227e-15,4.297707150050754e-15,4.297707106901964e-15,4.297707063750866e-15,4.297707020597488e-15,4.297706977441733e-15,4.297706934283654e-15,4.297706891123269e-15,4.297706847960539e-15,4.2977068047955114e-15,4.297706761628155e-15,4.297706718458457e-15,4.297706675286448e-15,4.2977066321121096e-15,4.297706588935482e-15,4.29770654575655e-15,4.297706502575234e-15,4.2977064593916376e-15,4.2977064162057006e-15,4.297706373017623e-15,4.297706329826932e-15,4.297706286634032e-15,4.297706243438897e-15,4.297706200241354e-15,4.297706157041491e-15,4.297706113839315e-15,4.297706070634829e-15,4.297706027428001e-15,4.297705984218852e-15,4.297705941007382e-15,4.297705897793591e-15,4.297705854577485e-15,4.2977058113590544e-15,4.297705768138305e-15,4.297705724915231e-15,4.297705681689841e-15,4.297705638462108e-15,4.2977055952320775e-15,4.297705551999736e-15,4.297705508765064e-15,4.297705465528084e-15,4.297705422288786e-15,4.297705379047171e-15,4.29770533580324e-15,4.297705292556983e-15,4.2977052493084035e-15,4.297705206057504e-15,4.2977051628042856e-15,4.297705119548774e-15,4.297705076290899e-15,4.297705033030748e-15,4.297704989768249e-15,4.297704946503438e-15,4.297704903236307e-15,4.297704859966849e-15,4.2977048166950825e-15,4.297704773420967e-15,4.297704730144481e-15,4.2977046868657716e-15,4.2977046435847034e-15,4.2977046003013365e-15,4.29770455701561e-15,4.297704513727705e-15,4.297704470437355e-15,4.297704427144685e-15,4.297704383849928e-15,4.297704340552759e-15,4.297704297253115e-15,4.297704253951167e-15,4.2977042106469034e-15,4.297704167340321e-15,4.2977041240314205e-15,4.297704080720198e-15,4.297704037406717e-15,4.2977039940908596e-15,4.297703950772683e-15,4.2977039074521864e-15,4.297703864129373e-15,4.29770382080424e-15,4.297703777476788e-15,4.297703734147024e-15,4.297703690814939e-15,4.297703647480533e-15,4.297703604143813e-15,4.2977035608047704e-15,4.29770351746341e-15,4.297703474119731e-15,4.297703430773731e-15,4.297703387425421e-15,4.297703344074791e-15,4.2977033007218454e-15,4.297703257366575e-15,4.2977032140089925e-15,4.2977031706490825e-15,4.297703127286861e-15,4.297703083922322e-15,4.297703040555462e-15,4.2977029971863326e-15,4.2977029538148365e-15,4.297702910441028e-15,4.2977028670649e-15,4.297702823686579e-15,4.297702780305809e-15,4.297702736922731e-15,4.297702693537336e-15,4.297702650149624e-15,4.297702606759589e-15,4.297702563367245e-15,4.297702519972582e-15,4.2977024765755406e-15,4.297702433176243e-15,4.297702389774631e-15,4.2977023463707e-15,4.297702302964452e-15,4.29770225955582e-15,4.297702216144937e-15,4.297702172731742e-15,4.29770212931614e-15,4.297702085898308e-15,4.297702042478161e-15,4.297701999055698e-15,4.297701955630922e-15,4.2977019122039354e-15,4.297701868774548e-15,4.2977018253428185e-15,4.297701781908762e-15,4.297701738472412e-15,4.29770169503373e-15,4.297701651592745e-15,4.297701608149428e-15,4.297701564703804e-15,4.297701521255896e-15,4.297701477805557e-15,4.297701434352955e-15,4.297701390897904e-15,4.297701347440928e-15,4.2977013039814285e-15,4.297701260519622e-15,4.2977012170554775e-15,4.297701173588863e-15,4.297701130120078e-15,4.29770108664898e-15,4.297701043175561e-15,4.297700999699856e-15,4.297700956221809e-15,4.2977009127414615e-15,4.297700869258919e-15,4.2977008257739e-15,4.297700782286402e-15,4.297700738796626e-15,4.297700695304767e-15,4.297700651810521e-15,4.29770060831397e-15,4.297700564815083e-15,4.297700521313923e-15,4.297700477810405e-15,4.2977004343046155e-15,4.297700390796453e-15,4.297700347285985e-15,4.297700303773214e-15,4.2977002602581085e-15,4.29770021674072e-15,4.297700173220998e-15,4.2977001296990105e-15,4.2977000861746435e-15,4.297700042647983e-15,4.2976999991190715e-15,4.2976999555877854e-15,4.297699912054206e-15,4.297699868518287e-15,4.2976998249800415e-15,4.297699781439485e-15,4.297699737896553e-15,4.2976996943513714e-15,4.2976996508039105e-15,4.297699607254114e-15,4.297699563702021e-15,4.297699520147598e-15,4.297699476590853e-15,4.297699433031803e-15,4.297699389470438e-15,4.2976993459067425e-15,4.297699302340733e-15,4.297699258772365e-15,4.297699215201722e-15,4.297699171628793e-15,4.297699128053555e-15,4.297699084475967e-15,4.29769904089609e-15,4.297698997313906e-15,4.2976989537294044e-15,4.297698910142591e-15,4.2976988665534515e-15,4.2976988229619824e-15,4.2976987793682335e-15,4.297698735772247e-15,4.297698692173911e-15,4.297698648573204e-15,4.297698604970184e-15,4.29769856136487e-15,4.2976985177571815e-15,4.2976984741472176e-15,4.2976984305349746e-15,4.2976983869204045e-15,4.297698343303525e-15,4.297698299684336e-15,4.297698256062806e-15,4.297698212438998e-15,4.297698168812874e-15,4.297698125184446e-15,4.297698081553692e-15,4.297698037920608e-15,4.297697994285273e-15,4.2976979506475625e-15,4.29769790700736e-15,4.297697863365004e-15,4.2976978197202044e-15,4.297697776073271e-15,4.29769773242386e-15,4.297697688772307e-15,4.297697645118453e-15,4.297697601462287e-15,4.297697557803797e-15,4.297697514142836e-15,4.297697470479562e-15,4.297697426813991e-15,4.297697383146068e-15,4.2976973394761436e-15,4.297697295803784e-15,4.297697252129117e-15,4.2976972084521375e-15,4.297697164772846e-15,4.2976971210912535e-15,4.297697077407342e-15,4.297697033721129e-15,4.297696990032607e-15,4.2976969463417634e-15,4.2976969026486085e-15,4.297696858953142e-15,4.29769681525536e-15,4.297696771555266e-15,4.297696727852869e-15,4.297696684148156e-15,4.297696640441051e-15,4.2976965967317455e-15,4.297696553020107e-15,4.2976965093061584e-15,4.297696465589988e-15,4.297696421871421e-15,4.297696378150541e-15,4.297696334427319e-15,4.297696290701806e-15,4.297696246973994e-15,4.297696203243869e-15,4.297696159511441e-15,4.297696115776615e-15,4.297696072039538e-15,4.297696028300172e-15,4.2976959845585e-15,4.297695940814539e-15,4.297695897068251e-15,4.297695853319647e-15,4.2976958095687396e-15,4.297695765815519e-15,4.29769572206001e-15,4.297695678302173e-15,4.2976956345420406e-15,4.297695590779586e-15,4.297695547014828e-15,4.2976955032477455e-15,4.2976954594783796e-15,4.297695415706684e-15,4.297695371932681e-15,4.297695328156375e-15,4.297695284377766e-15,4.29769524059683e-15,4.29769519681361e-15,4.2976951530280675e-15,4.2976951092402935e-15,4.297695065450271e-15,4.297695021657914e-15,4.297694977863139e-15,4.297694934066118e-15,4.297694890266724e-15,4.2976948464650336e-15,4.297694802661025e-15,4.2976947588547055e-15,4.2976947150459036e-15,4.297694671234925e-15,4.2976946274216876e-15,4.297694583606142e-15,4.297694539788269e-15,4.297694495968108e-15,4.2976944521455934e-15,4.297694408320796e-15,4.297694364493707e-15,4.297694320664314e-15,4.297694276832648e-15,4.297694232998663e-15,4.297694189162351e-15,4.297694145323689e-15,4.297694101482757e-15,4.297694057639515e-15,4.297694013793984e-15,4.297693969946115e-15,4.297693926095904e-15,4.297693882243336e-15,4.297693838388557e-15,4.29769379453159e-15,4.297693750672206e-15,4.297693706810521e-15,4.297693662946339e-15,4.297693619080032e-15,4.297693575211415e-15,4.2976935313404884e-15,4.297693487467289e-15,4.2976934435915496e-15,4.297693399713673e-15,4.297693355833539e-15,4.297693311950962e-15,4.297693268066187e-15,4.297693224179122e-15,4.297693180289569e-15,4.297693136397883e-15,4.297693092503893e-15,4.2976930486073805e-15,4.2976930047087795e-15,4.2976929608079025e-15,4.2976929169044294e-15,4.297692872998942e-15,4.297692829091118e-15,4.297692785180836e-15,4.297692741268395e-15,4.297692697353543e-15,4.297692653436451e-15,4.297692609517122e-15,4.2976925655954434e-15,4.297692521671479e-15,4.297692477745209e-15,4.297692433816632e-15,4.297692389885767e-15,4.297692345952577e-15,4.297692302017083e-15,4.297692258079287e-15,4.297692214139185e-15,4.297692170196773e-15,4.297692126252058e-15,4.297692082305041e-15,4.297692038355719e-15,4.297691994404091e-15,4.2976919504500714e-15,4.297691906493995e-15,4.297691862535454e-15,4.297691818574517e-15,4.2976917746113774e-15,4.297691730646042e-15,4.2976916866782806e-15,4.297691642708215e-15,4.297691598735812e-15,4.29769155476112e-15,4.2976915107841344e-15,4.297691466804862e-15,4.297691422823218e-15,4.297691378839327e-15,4.297691334853133e-15,4.297691290864734e-15,4.29769124687394e-15,4.297691202880833e-15,4.297691158885422e-15,4.297691114887711e-15,4.297691070887609e-15,4.2976910268854206e-15,4.297690982880776e-15,4.297690938873848e-15,4.297690894864614e-15,4.297690850853079e-15,4.297690806839244e-15,4.297690762823055e-15,4.297690718804721e-15,4.297690674783955e-15,4.297690630760763e-15,4.297690586735389e-15,4.297690542707736e-15,4.297690498677828e-15,4.297690454645556e-15,4.297690410611002e-15,4.29769036657414e-15,4.297690322534931e-15,4.297690278493398e-15,4.2976902344496415e-15,4.29769019040334e-15,4.297690146354959e-15,4.297690102304291e-15,4.2976900582513035e-15,4.297690014196012e-15,4.297689970138435e-15,4.297689926078295e-15,4.297689882016065e-15,4.2976898379515324e-15,4.297689793884725e-15,4.297689749815622e-15,4.2976897057442255e-15,4.297689661670518e-15,4.297689617594515e-15,4.297689573516231e-15,4.297689529435644e-15,4.297689485352722e-15,4.297689441267578e-15,4.297689397180057e-15,4.297689353090205e-15,4.297689308998083e-15,4.2976892649036595e-15,4.2976892208069084e-15,4.29768917670792e-15,4.297689132606546e-15,4.297689088502906e-15,4.29768904439708e-15,4.29768900028879e-15,4.297688956178255e-15,4.297688912065442e-15,4.2976888679503035e-15,4.297688823832949e-15,4.29768877971321e-15,4.297688735591166e-15,4.297688691466903e-15,4.297688647340265e-15,4.297688603211322e-15,4.297688559080072e-15,4.297688514946523e-15,4.297688470810958e-15,4.29768842667281e-15,4.2976883825323446e-15,4.2976883383895934e-15,4.297688294244554e-15,4.2976882500969985e-15,4.297688205947347e-15,4.297688161795428e-15,4.297688117641187e-15,4.297688073484429e-15,4.297688029325573e-15,4.29768798516442e-15,4.297687941000951e-15,4.297687896835197e-15,4.29768785266711e-15,4.2976878084967595e-15,4.297687764324108e-15,4.297687720149161e-15,4.297687675971751e-15,4.297687631792211e-15,4.297687587610363e-15,4.297687543426226e-15,4.297687499239829e-15,4.297687455051059e-15,4.2976874108600236e-15,4.297687366666655e-15,4.2976873224710606e-15,4.297687278273111e-15,4.297687234072877e-15,4.297687189870347e-15,4.297687145665496e-15,4.2976871014583565e-15,4.297687057248993e-15,4.297687013037268e-15,4.297686968823322e-15,4.2976869246069986e-15,4.297686880388402e-15,4.2976868361675666e-15,4.2976867919442365e-15,4.29768674771875e-15,4.297686703491001e-15,4.297686659260908e-15,4.297686615028511e-15,4.2976865707938186e-15,4.2976865265568135e-15,4.2976864823176075e-15,4.297686438076036e-15,4.29768639383207e-15,4.297686349585921e-15,4.297686305337422e-15,4.29768626108663e-15,4.2976862168335475e-15,4.297686172578159e-15,4.297686128320384e-15,4.297686084060434e-15,4.297686039798151e-15,4.297685995533633e-15,4.297685951266913e-15,4.297685906997776e-15,4.297685862726261e-15,4.297685818452499e-15,4.297685774176307e-15,4.29768572989794e-15,4.2976856856172906e-15,4.297685641334329e-15,4.297685597049088e-15,4.297685552761528e-15,4.297685508471679e-15,4.297685464179542e-15,4.297685419885081e-15,4.297685375588333e-15,4.297685331289295e-15,4.2976852869877834e-15,4.2976852426841536e-15,4.297685198378219e-15,4.2976851540699826e-15,4.297685109759455e-15,4.2976850654466325e-15,4.297685021131521e-15,4.297684976814107e-15,4.297684932494404e-15,4.2976848881724065e-15,4.297684843848069e-15,4.297684799521455e-15,4.297684755192772e-15,4.297684710861627e-15,4.297684666528134e-15,4.29768462219236e-15,4.2976845778541374e-15,4.2976845335138e-15,4.297684489171149e-15,4.297684444826268e-15,4.297684400479018e-15,4.29768435612948e-15,4.2976843117776366e-15,4.297684267423496e-15,4.297684223067056e-15,4.297684178708328e-15,4.297684134347299e-15,4.297684089983983e-15,4.297684045618374e-15,4.297684001250463e-15,4.297683956880253e-15,4.297683912507755e-15,4.297683868132958e-15,4.2976838237559e-15,4.29768377937652e-15,4.2976837349948426e-15,4.297683690610871e-15,4.297683646224607e-15,4.2976836018360495e-15,4.297683557445193e-15,4.297683513052016e-15,4.297683468656569e-15,4.297683424258836e-15,4.2976833798588186e-15,4.297683335456469e-15,4.2976832910518484e-15,4.2976832466449314e-15,4.29768320223572e-15,4.297683157824211e-15,4.297683113410418e-15,4.297683068994328e-15,4.2976830245759394e-15,4.297682980155261e-15,4.297682935732237e-15,4.297682891306973e-15,4.297682846879405e-15,4.297682802449549e-15,4.297682758017399e-15,4.297682713582961e-15,4.29768266914624e-15,4.2976826247072154e-15,4.297682580265897e-15,4.297682535822285e-15,4.297682491376366e-15,4.297682446928169e-15,4.2976824024776816e-15,4.297682358024897e-15,4.297682313569825e-15,4.297682269112454e-15,4.297682224652789e-15,4.297682180190835e-15,4.297682135726593e-15,4.297682091260043e-15,4.297682046791212e-15,4.29768200232008e-15,4.297681957846684e-15,4.297681913370975e-15,4.2976818688929376e-15,4.297681824412718e-15,4.297681779930131e-15,4.297681735445258e-15,4.2976816909580966e-15,4.297681646468675e-15,4.297681601976918e-15,4.2976815574829166e-15,4.297681512986576e-15,4.2976814684879475e-15,4.2976814239870275e-15,4.29768137948375e-15,4.297681334978247e-15,4.297681290470463e-15,4.297681245960373e-15,4.2976812014480045e-15,4.2976811569333354e-15,4.297681112416357e-15,4.297681067897116e-15,4.297681023375562e-15,4.2976809788517316e-15,4.2976809343255396e-15,4.297680889797284e-15,4.29768084526651e-15,4.297680800733538e-15,4.297680756198284e-15,4.297680711660714e-15,4.297680667120848e-15,4.297680622578672e-15,4.297680578034228e-15,4.297680533487491e-15,4.2976804889385434e-15,4.297680444387229e-15,4.297680399833621e-15,4.2976803552777295e-15,4.297680310719478e-15,4.2976802661589944e-15,4.297680221596013e-15,4.2976801770309485e-15,4.297680132463597e-15,4.297680087893948e-15,4.297680043322018e-15,4.297679998747727e-15,4.2976799541712165e-15,4.2976799095924635e-15,4.297679865011372e-15,4.29767982042799e-15,4.2976797758423205e-15,4.297679731254343e-15,4.297679686664098e-15,4.297679642071565e-15,4.297679597476733e-15,4.297679552879618e-15,4.297679508280215e-15,4.297679463678571e-15,4.2976794190745835e-15,4.297679374468306e-15,4.2976793298597454e-15,4.297679285248896e-15,4.297679240635706e-15,4.29767919602028e-15,4.297679151402578e-15,4.297679106782708e-15,4.297679062160424e-15,4.297679017535845e-15,4.2976789729089745e-15,4.297678928279818e-15,4.297678883648378e-15,4.297678839014575e-15,4.297678794378545e-15,4.2976787497402276e-15,4.297678705099626e-15,4.2976786604567216e-15,4.297678615811547e-15,4.297678571164085e-15
5,0.0,0.0,0.0,0.0,0.0,0.0,0.0,0.0,0.0,0.0,0.0,0.0,0.0,0.0,0.0,0.0,0.0,0.0,0.0,0.0,0.0,0.0,0.0,0.0,0.0,0.0,0.0,0.0,0.0,0.0,0.0,0.0,0.0,0.0,0.0,0.0,0.0,0.0,0.0,0.0,0.0,0.0,0.0,0.0,0.0,0.0,0.0,0.0,0.0,0.0,0.0,0.0,0.0,0.0,0.0,0.0,0.0,0.0,0.0,0.0,0.0,0.0,0.0,0.0,0.0,0.0,0.0,0.0,0.0,0.0,0.0,0.0,0.0,0.0,0.0,0.0,0.0,0.0,0.0,0.0,0.0,0.0,0.0,0.0,0.0,0.0,0.0,0.0,0.0,0.0,0.0,0.0,0.0,0.0,0.0,0.0,0.0,0.0,0.0,0.0,0.0,0.0,0.0,0.0,0.0,0.0,0.0,0.0,0.0,0.0,0.0,0.0,0.0,0.0,0.0,0.0,0.0,0.0,0.0,0.0,0.0,0.0,0.0,0.0,0.0,0.0,0.0,0.0,0.0,0.0,0.0,0.0,0.0,0.0,0.0,0.0,0.0,0.0,0.0,0.0,0.0,0.0,0.0,0.0,0.0,0.0,0.0,0.0,0.0,0.0,0.0,0.0,0.0,0.0,0.0,0.0,0.0,0.0,0.0,0.0,0.0,0.0,0.0,0.0,0.0,0.0,0.0,0.0,0.0,0.0,0.0,0.0,0.0,0.0,0.0,0.0,0.0,0.0,0.0,0.0,0.0,0.0,0.0,0.0,0.0,0.0,0.0,0.0,0.0,0.0,0.0,0.0,0.0,0.0,0.0,0.0,0.0,0.0,0.0,0.0,0.0,0.0,0.0,0.0,0.0,0.0,0.0,0.0,0.0,0.0,0.0,0.0,0.0,0.0,0.0,0.0,0.0,0.0,0.0,0.0,0.0,0.0,0.0,0.0,0.0,0.0,0.0,0.0,0.0,0.0,0.0,0.0,0.0,0.0,0.0,0.0,0.0,0.0,0.0,0.0,0.0,0.0,0.0,0.0,0.0,0.0,0.0,0.0,0.0,0.0,0.0,0.0,0.0,0.0,0.0,0.0,0.0,0.0,0.0,0.0,0.0,0.0,0.0,0.0,0.0,0.0,0.0,0.0,0.0,0.0,0.0,0.0,0.0,0.0,0.0,0.0,0.0,0.0,0.0,0.0,0.0,0.0,0.0,0.0,0.0,0.0,0.0,0.0,0.0,0.0,0.0,0.0,0.0,0.0,0.0,0.0,0.0,0.0,0.0,0.0,0.0,0.0,0.0,0.0,0.0,0.0,0.0,0.0,0.0,0.0,0.0,0.0,0.0,0.0,0.0,0.0,0.0,0.0,0.0,0.0,0.0,0.0,0.0,0.0,0.0,0.0,0.0,0.0,0.0,0.0,0.0,0.0,0.0,0.0,0.0,0.0,0.0,0.0,0.0,0.0,0.0,0.0,0.0,0.0,0.0,0.0,0.0,0.0,0.0,0.0,0.0,0.0,0.0,0.0,0.0,0.0,0.0,0.0,0.0,0.0,0.0,0.0,0.0,0.0,0.0,0.0,0.0,0.0,0.0,0.0,0.0,0.0,0.0,0.0,0.0,0.0,0.0,0.0,0.0,0.0,0.0,0.0,0.0,0.0,0.0,0.0,0.0,0.0,0.0,0.0,0.0,0.0,0.0,0.0,0.0,0.0,0.0,0.0,0.0,0.0,0.0,0.0,0.0,0.0,0.0,0.0,0.0,0.0,0.0,0.0,0.0,0.0,0.0,0.0,0.0,0.0,0.0,0.0,0.0,0.0,0.0,0.0,0.0,0.0,0.0,0.0,0.0,0.0,0.0,0.0,0.0,0.0,0.0,0.0,0.0,0.0,0.0,0.0,0.0,0.0,0.0,0.0,0.0,0.0,0.0,0.0,0.0,0.0,0.0,0.0,0.0,0.0,0.0,0.0,0.0,0.0,0.0,0.0,0.0,0.0,0.0,0.0,0.0,0.0,0.0,0.0,0.0,0.0,0.0,0.0,0.0,0.0,0.0,0.0,0.0,0.0,0.0,0.0,0.0,0.0,0.0,0.0,0.0,0.0,0.0,0.0,0.0,0.0,0.0,0.0,0.0,0.0,0.0,0.0,0.0,0.0,0.0,0.0,0.0,0.0,0.0,0.0,0.0,0.0,0.0,0.0,0.0,0.0,0.0,0.0,0.0,0.0,0.0,0.0,0.0,0.0,0.0,0.0,0.0,0.0,0.0,0.0,0.0,0.0,0.0,0.0,0.0,0.0,0.0,0.0,0.0,0.0,0.0,0.0,0.0,0.0,0.0,0.0,0.0,0.0,0.0,0.0,0.0,0.0,0.0,0.0,0.0,0.0,0.0,0.0,0.0,0.0,0.0,0.0,0.0,0.0,0.0,0.0,0.0,0.0,0.0,0.0,0.0,0.0,0.0,0.0,0.0,0.0,0.0,0.0,0.0,0.0,0.0,0.0,0.0,0.0,0.0,0.0,0.0,0.0,0.0,0.0,0.0,0.0,0.0,0.0,0.0,0.0,0.0,0.0,0.0,0.0,0.0,0.0,0.0,0.0,0.0,0.0,0.0,0.0,0.0,0.0,0.0,0.0,0.0,0.0,0.0,0.0,0.0,0.0,0.0,0.0,0.0,0.0,0.0,0.0,0.0,0.0,0.0,0.0,0.0,0.0,0.0,0.0,0.0,0.0,0.0,0.0,0.0,0.0,0.0,0.0,0.0,0.0,0.0,0.0,0.0,0.0,0.0,0.0,0.0,0.0,0.0,0.0,0.0,0.0,0.0,0.0,0.0,0.0,0.0,0.0,0.0,0.0,0.0,0.0,0.0,0.0,0.0,0.0,0.0,0.0,0.0,0.0,0.0,0.0,0.0,0.0,0.0,0.0,0.0,0.0,0.0,0.0,0.0,0.0,0.0,0.0,0.0,0.0,0.0,0.0,0.0,0.0,0.0,0.0,0.0,0.0,0.0,0.0,0.0,0.0,0.0,0.0,0.0,0.0,0.0,0.0,0.0,0.0,0.0,0.0,0.0,0.0,0.0,0.0,0.0,0.0,0.0,0.0,0.0,0.0,0.0,0.0,0.0,0.0,0.0,0.0,0.0,0.0,0.0,0.0,0.0,0.0,0.0,0.0,0.0,0.0,0.0,0.0,0.0,0.0,0.0,0.0,0.0,0.0,0.0,0.0,0.0,0.0,0.0,0.0,0.0,0.0,0.0,0.0,0.0,0.0,0.0,0.0,0.0,0.0,0.0,0.0,0.0,0.0,0.0,0.0,0.0,0.0,0.0,0.0,0.0,0.0,0.0,0.0,0.0,0.0,0.0,0.0,0.0,0.0,0.0,0.0,0.0,0.0,0.0,0.0,0.0,0.0,0.0,0.0,0.0,0.0,0.0,0.0,0.0,0.0,0.0,0.0,0.0,0.0,0.0,0.0,0.0,0.0,0.0,0.0,0.0,0.0,0.0,0.0,0.0,0.0,0.0,0.0,0.0,0.0,0.0,0.0,0.0,0.0,0.0,0.0,0.0,0.0,0.0,0.0,0.0,0.0,0.0,0.0,0.0,0.0,0.0,0.0,0.0,0.0,0.0,0.0,0.0,0.0,0.0,0.0,0.0,0.0,0.0,0.0,0.0,0.0,0.0,0.0,0.0,0.0,0.0,0.0,0.0,0.0,0.0,0.0,0.0,0.0,0.0,0.0,0.0,0.0,0.0,0.0,0.0,0.0,0.0,0.0,0.0,0.0,0.0,0.0,0.0,0.0,0.0,0.0,0.0,0.0,0.0,0.0,0.0,0.0,0.0,0.0,0.0,0.0,0.0,0.0,0.0,0.0,0.0,0.0,0.0,0.0,0.0,0.0,0.0,0.0,0.0,0.0,0.0,0.0,0.0,0.0,0.0,0.0,0.0,0.0,0.0,0.0,0.0,0.0,0.0,0.0,0.0,0.0,0.0,0.0,0.0,0.0,0.0,0.0,0.0,0.0,0.0,0.0,0.0,0.0,0.0,0.0,0.0,0.0,0.0,0.0,0.0,0.0,0.0,0.0,0.0,0.0,0.0,0.0,0.0,0.0,0.0,0.0,0.0,0.0,0.0,0.0,0.0,0.0,0.0,0.0,0.0,0.0,0.0,0.0,0.0,0.0,0.0,0.0,0.0,0.0,0.0,0.0,0.0,0.0,0.0,0.0,0.0,0.0,0.0,0.0,0.0,0.0,0.0,0.0,0.0,0.0,0.0,0.0,0.0,0.0,0.0,0.0,0.0,0.0,0.0,0.0,0.0,0.0,0.0,0.0,0.0,0.0,0.0,0.0,0.0,0.0,0.0,0.0,0.0,0.0,0.0,0.0,5.283079379585632e-07,1.1863157874434588e-06,1.974230123554891e-06,2.892124575090905e-06,3.93995034040812e-06,5.117546818564627e-06,6.424652281399284e-06,7.860914515287121e-06,9.425901372774968e-06,1.1119111177530904e-05,1.2939982937953473e-05,1.48879063241612e-05,1.696223137964817e-05,1.9162277936143156e-05,2.148734470878685e-05,2.393671806473329e-05,2.6509680441060694e-05,2.9205518416959825e-05,3.202353043290673e-05,3.4963034162995184e-05,3.802337354178197e-05,4.1203925460661595e-05,4.450410614054414e-05,4.792337719835724e-05,5.146125142324311e-05,5.5117298276996934e-05,5.889114914962863e-05,6.278250237451437e-05,6.679112804374312e-05,7.091687262867196e-05,7.515966344304175e-05,7.951951297400946e-05,8.399652309152145e-05,8.859088918304577e-05,9.33029042147386e-05,9.813296277216156e-05,0.00010308156508961713,0.00010814932110127525,0.00011333695454236853,0.00011864530713256653,0.00012407534285942926,0.00012962815241135823,0.0001353049577724715,0.00014110711702299783,0.00014703612937662144,0.00015309364048754875,0.0001592814480690552,0.0001656015078589962,0.00017205593997560447,0.0001786470357061798,0.0001853772647793342,0.00019224928317465256,0.00019926594150825063,0.00020643029408057658,0.00021374560862821504,0.00022121537686438998,0.00022884332587873554,0.000236633430485805,0.0002445899266167084,0.0002527173258536371,0.00026102043122660053,0.0002695043544003601,0.00027817453439060263,0.00028703675797094486,0.0002960971819530876,0.00030536235752371213,0.00031483925688427077,0.00032453530242962673,0.00033445839875275053,0.0003446169678076017,0.00035501998758066073,0.0003656770347125257,0.00037659833148548903,0.0003877947977999351,0.00039927810869139983,0.0004110607581278674,0.0004231561299041989,0.0004355785765712622,0.0004483435075034476,0.0004614674873618022,0.00047496834644741317,0.0004888653046667146,0.0005031791111464359,0.0005179322018607796,0.000533148878162192,0.0005488555094220017,0.0005650807639609477,0.0005818558728444386,0.0005992149323992063,0.0006171952522714659,0.0006358377574392362,0.0006551874543675692,0.0006752939738046064,0.0006962122056189246,0.0007180030447886963,0.0007407342723147416,0.0007644816010495157,0.00078932992419935,0.0008153748147751533,0.0008427243378991287,0.0008715012561908939,0.0009018457331304324,0.0009339186727141717,0.0009679058798872734,0.001004023290212586,0.0010425236074629008,0.0010837048162212462,0.0011279212220136224,0.0011755979427898226,0.0012272501773253554,0.0012835091793990745,0.0013451577812934345,0.0014131797109122807,0.0014888290509041835,0.0015737294295198774,0.001670016907093249,0.0017805456561205894,0.001909176653712203,0.002061147780253492,0.0022434119976821746,0.002464437360879225,0.00273200202878428,0.0030468880054681747,0.003395130785029223,0.003750432611723571,0.004088111540869181,0.0043942378073061165,0.004664214889458594,0.004897792253978669,0.005095530952602771,0.005257686928323816,0.005384933068679326,0.005479730282628771,0.005546797864654415,0.005592123547347865,0.0056215433198197095,0.005639873066915248,0.005650693363063995,0.005656501874451583,0.005658979333377555,0.00565923809109917,0.005658011733034279,0.005655786468211743,0.0056528878582791636,0.005649536772497414,0.005645885208472992,0.0056420392591594705,0.005638073949870672,0.0056340429334040265,0.005629984914239126,0.005625927971701971,0.005621892516983779,0.00561789334942853,0.005613941109977426,0.005610043324937699,0.005606205166933712,0.005602430017585621,0.005598719889054296,0.005595075743685824,0.005591497738945603,0.005587985416924156,0.005584537852106241,0.005581153767446323,0.005577831625953925,0.005574569703294509,0.005571366145487197,0.005568219014712153,0.005565126325820178,0.005562086075166813,0.0055590962634052546,0.005556154913312204,0.005553260083603751,0.005550409879479604,0.005547602460493792,0.005544836046256917,0.005542108920364671,0.005539419432892799,0.005536766001721111,0.005534147112938677,0.0055315613205002,0.005529007245273797,0.005526483573675966,0.005523989055895909,0.005521522503904044,0.0055190827892556025,0.005516668840772046,0.005514279642137755,0.00551191422946057,0.0055095716888265145,0.005507251153881322,0.005504951803435416,0.005502672859144126,0.005500413583244006,0.0054981732763748825,0.00549595127547661,0.005493746951776596,0.005491559708870398,0.005489388980892286,0.005487234230773256,0.005485094948585018,0.005482970649993465,0.0054808608747612805,0.00547876518537533,0.005476683165707328,0.005474614419789445,0.005472558570655101,0.005470515259222235,0.005468484143286931,0.005466464896520992,0.005464457207622672,0.005462460779396098,0.005460475327985827,0.005458500582119117,0.0054565362824097186,0.005454582180698911,0.0054526380394095296,0.00545070363100443,0.005448778737383857,0.005447785382761749,0.005445874545666054,0.00544397270883165,0.005442079686365654,0.0054401952978817706,0.005438319369440682,0.005436451733579831,0.005434592229112481,0.005432740700777783,0.005430896999065008,0.0054290609798301505,0.005427232504142498,0.005425411437905033,0.005423597651705464,0.005421791020563525,0.00541999142374461,0.005418198744543913,0.005416412870095738,0.005414633691217003,0.00541286110223194,0.005411095000806285,0.005409335287816276,0.005407581867200061,0.005405834645806956,0.005404093533330877,0.00540235844211336,0.00540062928708344,0.005398905985630546,0.005397188457516023,0.005395476624750313,0.005393770411560295,0.005392069744298481,0.005390374551192762,0.005388684762473677,0.005387000310229574,0.005385321128325378,0.005383647152343188,0.005381978319541633,0.005380314568740613,0.005378655840302867,0.0053770020760514564,0.005375353219293134,0.005373709214637522,0.0053720700080527066,0.005370435546790013,0.005368805779321457,0.00536718065531577,0.005365560125591041,0.005363944142081521,0.0053623326578141235,0.005360725626817503,0.005359123004153228,0.0053575247458312976,0.005355930808861658,0.005354341151117485,0.0053527557313642745,0.005351174509242871,0.0053495974451921655,0.005348024500482583,0.00534645563715832,0.005344890818008879,0.0053433300065780735,0.0053417731670724194,0.005340220264474324,0.0053386712644012384,0.005337126133097891,0.0053355848374467205,0.0053340473449602025,0.005332513623754835,0.005330983642512018,0.005329457370482883,0.005327934777484083,0.005326415833846649,0.0053249005104395114,0.005323388778625322,0.005321880610266494,0.005320375977643084,0.005318874853692562,0.005317377211637133,0.005315883025142549,0.005314392268392472,0.005312904915919786,0.005311420942687379,0.00530994032408804,0.005308463035970098,0.005306989054415974,0.005305518355939761,0.005304050917441724,0.005302586716167656,0.005301125729697932,0.005299667935964914,0.0052982133132278945,0.005296761840028828,0.0052953134953344205,0.005293868258316631,0.00529242610844559,0.0052909870256230545,0.005289550989813347,0.005288117981431268,0.005286687981125965,0.005285260969804457,0.005283836928670509,0.0052824158390934,0.005280997682814857,0.005279582441744738,0.0052781700980587066,0.005276760634170786,0.005275354032717347,0.005273950276606483,0.0052725493488762,0.0052711512328465675,0.005269755912031431,0.005268363370191561,0.005266973591238372,0.005265586559335656,0.005264202258788535,0.005262820674134534,0.005261441790085999,0.005260065591546926,0.005258692063599886,0.005257321191521476,0.00525595296078972,0.00525458735688108,0.005253224365647997,0.005251863973025476,0.00525050616513446,0.005249150928238669,0.005247798248784745,0.00524644811325276,0.005245100508431886,0.005243755421181267,0.005242412838542547,0.0052410727476521046,0.00523973513582471,0.005238399990500193,0.005237067299256226,0.005235737049801642,0.005234409229974605,0.005233083827745993,0.005231760831213278,0.005230440228596243,0.005229122008250064,0.005227806158630807,0.005226492668317909,0.005225181526009901,0.005223872720527269,0.005222566240788459,0.005221262075821555,0.005219960214781344,0.005218660646903286,0.005217363361583315,0.005216068348265227,0.005214775596516728,0.00521348509599325,0.005212196836468654,0.005210910807812744,0.005209626999977023,0.005208345402996227,0.00520706600705135,0.005205788802364137,0.005204513779272682,0.005203240928188822,0.005201970239622918,0.0052007017041745636,0.0051994353124096325,0.005198171055289484,0.0051969089235585205,0.005195648908147864,0.005194391000070043,0.0051931351904072175,0.0051918814703182745,0.005190629831057649,0.0051893802639395754,0.005188132760341329,0.005186887311761618,0.005185643909704354,0.005184402545795048,0.005183163211726293,0.005181925899290661,0.005180690600174493,0.005179457306384661,0.005178226009856193,0.005176996702579747,0.00517576937664485,0.00517454402421477,0.005173320637488182,0.005172099208811335,0.005170879730481388,0.005169662194900012,0.005168446594525909,0.0051672329218812015,0.0051660211695504325,0.0051648113301721865,0.005163603396426575,0.0051623973611311935,0.005161193217000694,0.005159990956935623,0.0051587905739005355,0.0051575920607914855,0.005156395410661565,0.005155200616597365,0.005154007671728221,0.005152816569232557,0.00515162730234401,0.005150439864344176,0.005149254248615601,0.0051480704484082734,0.005146888457256017,0.005145708268611918,0.005144529875996241,0.005143353272979051,0.005142178453176497,0.005141005410251027,0.005139834137900311,0.0051386646298799766,0.005137496879975561,0.005136330882013933,0.005135166629948995,0.005134004117643064,0.0051328433390808205,0.005131684288283695,0.005130526959275816,0.005129371346165094,0.00512821744311385,0.005127065244204159,0.005125914743693687,0.005124765935809122,0.0051236188148443594,0.005122473375081258,0.005121329611016766,0.005120187516905456,0.005119047087290384,0.005117908316599808,0.005116771199352241,0.005115635730071412,0.005114501903343499,0.0051133697137810555,0.005112239156031851,0.005111110224794994,0.00510998291478208,0.005108857220740095,0.005107733137452955,0.00510661065973757,0.005105489782443393,0.005104370500451912,0.005103252808672418,0.0051021367020588244,0.005101022175573702,0.005099909224249412,0.005098797843098262,0.005097688027165166,0.005096579771618352,0.005095473071535787,0.005094367922088386,0.005093264318465987,0.005092162255862103,0.005091061729553289,0.005089962734794805,0.005088865266875575,0.0050877693211479735,0.005086674892980519,0.005085581977724683,0.005084490570796541,0.005083400667620582,0.0050823122636370135,0.005081225354358655,0.00508013993531941,0.005079056002080576,0.005077973550201406,0.00507689257525329,0.005075813072784918,0.005074735038500919,0.005073658468113488,0.005072583357280112,0.0050715097017224025,0.005070437497137336,0.00506936673931213,0.005068297424032769,0.005067229547108426,0.005066163104367508,0.0050650980916498445,0.005064034504873499,0.0050629723399299425,0.005061911592719126,0.005060852259196166,0.005059794335327687,0.0050587378171020325,0.00505768270052908,0.0050566289816400545,0.0050555766564873445,0.005054525721119673,0.005053476171651244,0.0050524280041826155,0.005051381214943235,0.005050335799982386,0.0050492917554749725,0.005048249077662813,0.005047207762773114,0.005046167806960361,0.005045129206579307,0.005044091957846513,0.005043056057106965,0.005042021500605083,0.005040988284672193,0.00503995640566621,0.005038925860015551,0.005037896644062586,0.005036868754215635,0.005035842186918184,0.005034816938559138,0.00503379300562794,0.005032770384589656,0.005031749071946739,0.005030729064208921,0.005029710357920651,0.005028692949608746,0.0050276768358168645,0.005026662013147654,0.005025648478188748,0.005024636227557974,0.00502362525787544,0.005022615565773382,0.005021607147958814,0.005020600001043848,0.005019594121794449,0.00501858950688767,0.0050175861530452085,0.005016584057019411,0.005015583215553945,0.005014583625402976,0.005013585283368639,0.0050125881862526905,0.005011592330865189,0.0050105977140445035,0.005009604332639027,0.00500861218350858,0.005007621263523454,0.005006631569599834,0.005005643098590405,0.005004655847450269,0.005003669813098901,0.005002684992487852,0.005001701382575344,0.005000718980338782,0.0049997377827642455,0.004998757786850838,0.0049977789896803,0.004996801388142448,0.00499582497935388,0.004994849760380632,0.004993875728280301,0.004992902880134394,0.0049919312130385805,0.004990960724098765,0.004989991410435435,0.004989023269181399,0.004988056297482037,0.00498709049249563,0.004986125851386709,0.004985162371347982,0.004984200049571328,0.004983238883232555,0.0049822788696180995,0.004981320005917654,0.004980362289368209,0.004979405717222123,0.004978450286783709,0.004977495995310228,0.004976542840079837,0.004975590818416157,0.004974639927616412,0.004973690165005655,0.004972741527938445,0.004971794013746077,0.004970847619782775,0.004969902343430515,0.004968958182060111,0.004968015133079838,0.004967073193854762,0.004966132361828843,0.0049651926344250474,0.004964254009066534,0.004963316483211983,0.004962380054299155,0.0049614447198013025,0.004960510477211697,0.004959577323992947,0.004958645257657653,0.00495771427570735,0.0049567843757090365,0.00495585555509892,0.004954927811457995,0.004954001142332315,0.004953075545274318,0.004952151017846762,0.004951227557650531,0.004950305162263483,0.004949383829258404,0.004948463556309752,0.004947544340938014,0.004946626180768112,0.004945709073521842,0.004944793016800594,0.004943878008279776,0.0049429640456011845,0.004942051126352793,0.004941139248352187,0.004940228409259504,0.004939318606744229,0.004938409838462981,0.004937502102184022,0.004936595395629482,0.0049356897165416065,0.004934785062642775,0.004933881431686725,0.004932978821454458,0.004932077229685667,0.0049311766541405766,0.00493027709267676,0.004929378543054205,0.004928481003065724,0.0049275844705295325,0.004926688943257042,0.0049257944190538114,0.0049249008957916885,0.00492400837130699,0.004923116843448115,0.004922226310072367,0.00492133676902302,0.00492044821821988,0.004919560655522454,0.004918674078839053,0.004917788486005862,0.004916903875012496,0.004916020243780707,0.004915137590136876,0.0049142559120637355,0.004913375207497,0.004912495474381342,0.00491161671062396,0.004910738914229523,0.004909862083164806,0.004908986215404236,0.0049081113089298805,0.004907237361730036,0.0049063643718009285,0.004905492337147002,0.004904621255777477,0.0049037511257112145,0.004902881945026296,0.004902013711701144,0.004901146423775196,0.0049002800792934745,0.004899414676309603,0.004898550212883509,0.004897686687081876,0.004896824096868544,0.004895962440541432,0.00489510171609022,0.004894241921586474,0.0048933830551404316,0.004892525114804307,0.004891668098784469,0.004890812005182587,0.004889956832107108,0.004889102577690213,0.004888249240076276,0.004887396817406908,0.004886545307833643,0.004885694709509915,0.004884845020618773,0.00488399623929468,0.004883148363763286,0.004882301392191354,0.004881455322761906,0.004880610153673626,0.004879765883129917,0.004878922509339196,0.004878080030527803,0.004877238444884445,0.004876397750616697,0.004875557946043046,0.00487471902935567,0.004873880998785063,0.004873043852594883,0.004872207589055077,0.00487137220641493,0.0048705377028982946,0.004869704076857982,0.004868871326538124,0.004868039450224692,0.004867208446212855,0.004866378312829879,0.0048655490483029955,0.004864720650972936,0.00486389311916276,0.0048630664511700485,0.004862240645349055,0.004861415699897438,0.004860591613392395,0.0048597683840393155,0.004858946010178628,0.00485812449019441,0.004857303822430376,0.004856484005245287,0.004855665037006387,0.004854846916067991,0.004854029640831399,0.004853213209662019,0.0048523976209700346,0.004851582873124843,0.004850768964539884,0.004849955893617523,0.004849143658771478,0.004848332258438041,0.004847521690982161,0.0048467119548794005,0.004845903048554296,0.004845094970407794,0.004844287718885555,0.0048434812924358205,0.0048426756895072485,0.00484187090855301,0.004841066948031502,0.004840263806405683,0.004839461482136889,0.004838659973704311,0.004837859279586857,0.004837059398269528,0.0048362603282339316,0.004835462067971664,0.004834664615972038,0.004833867970754384,0.004833072130801161,0.004832277094635015,0.004831482860747855,0.004830689427700098,0.004829896793996816,0.004829104958162229,0.004828313918732609,0.004827523674245556,0.004826734223242825,0.00482594556427716,0.004825157695890953,0.004824370616666602,0.004823584325107031,0.00482279881982501,0.004822014099348945,0.004821230162205688,0.004820447007087831,0.004819664632627948,0.004818883037219499,0.004818102219525455,0.004817322178193211,0.004816542911769545,0.004815764418861295,0.004814986698084926,0.004814209748047654,0.004813433567362292,0.004812658154649392,0.004811883508531641,0.004811109627635272,0.0048103365105913055,0.004809564156034736,0.004808792562603553,0.00480802172894071,0.004807251653685132,0.004806482335503205,0.004805713773041542,0.004804945964958803,0.004804178909917354,0.004803412606583844,0.0048026470536277855,0.004801882249723581,0.004801118193532884,0.004800354883708215,0.004799592319055729,0.004798830498189285,0.004798069419717604,0.0047973090824918255,0.004796549485144559,0.004795790626378483,0.004795032504901766,0.004794275119427141,0.004793518468666425,0.0047927625513422755,0.004792007366176091,0.004791252911895595,0.004790499187228309,0.004789746190908954,0.00478899392167466,0.004788242378266143,0.0047874915594279715,0.004786741463907347,0.004785992090456328,0.004785243437829403,0.004784495504784907,0.00478374829008469,0.004783001792492682,0.004782256010778863,0.00478151094371645,0.0047807665900786245,0.004780022948647201,0.004779280018202601,0.004778537797531109,0.00477779628542187,0.004777055480657438,0.0047763153820528405,0.004775575988400751,0.004774837298498108,0.00477409931115388,0.004773362025176638,0.004772625439378699,0.004771889552575632,0.004771154363586252,0.0047704198712326,0.004769686074339939,0.004768952971736292,0.004768220562253642,0.0047674888447269415,0.004766757817994114,0.004766027480894476,0.004765297832260802,0.004764568870952002,0.0047638405958166825,0.004763113005729782,0.0047623860995288135,0.004761659876161441,0.004760934334330704,0.004760209472967202,0.004759485290944386,0.0047587617871274026,0.004758038960423635,0.004757316809689679,0.004756595333806602,0.004755874531651348,0.004755154402122696,0.004754434944105931,0.004753716156485764,0.004752998038167241,0.004752280588133772,0.004751563805140829,0.004750847688164084,0.00475013223606472,0.00474941744778742,0.004748703322261716,0.004747989858335644,0.004747277055049393,0.004746564911231795,0.004745853425831297,0.004745142597774689,0.004744432425993072,0.00474372290946337,0.004743014047032021,0.004742305837692175,0.004741598280329988,0.0047408913739675415,0.0047401851174797335,0.004739479509895594,0.004738774550126593,0.004738070237125343,0.004737366569850695,0.004736663547262902,0.004735961168322744,0.0047352594320002935,0.004734558337261923,0.004733857883074617,0.004733158068416748,0.00473245889231907,0.004731760353620309,0.004731062451430451,0.004730365184689499,0.004729668552365592,0.004728972553450363,0.004728277186960448,0.004727582451875777,0.004726888347226544,0.00472619487195539,0.004725502025094244,0.004724809805643269,0.004724118212602902,0.004723427244993957,0.004722736901827317,0.00472204718210926,0.00472135808486041,0.004720669609099919,0.004719981753849413,0.00471929451813295,0.004718607900976962,0.00471792190141038,0.004717236518467133,0.004716551751157494,0.004715867598561304,0.004715184059695538,0.00471450113360023,0.004713818819341264,0.004713137115941671,0.0047124560224209985,0.00471177553785559,0.004711095661308527,0.0047104163918692595,0.004709737728495638,0.004709059670309451,0.0047083822163509655,0.004707705365717989,0.004707029117459085,0.004706353470655949,0.004705678424347504,0.004705003977627179,0.004704330129576446,0.004703656879268922,0.004702984225780403,0.00470231216819802,0.0047016407056216505,0.004700969837121041,0.004700299561784715,0.004699629878703998,0.004698960786960406,0.004698292285706952,0.00469762437392478,0.004696957050781009,0.004696290315399568,0.0046956241668643095,0.004694958604281017,0.004694293626758376,0.00469362923341793,0.004692965423352094,0.00469230219568697,0.004691639549542199,0.00469097748403409,0.004690315998281922,0.004689655091410339,0.004688994762544599,0.004688335010812589,0.004687675835343745,0.004687017235268416,0.004686359209720286,0.004685701757834139,0.004685044878750238,0.004684388571606945,0.004683732835545861,0.004683077669710989,0.004682423073247752,0.004681769045303787,0.004681115585013791,0.004680462691545355,0.004679810364049898,0.004679158601684638,0.004678507403604327,0.004677856768972239,0.004677206696965538,0.004676557186730925,0.004675908237431321,0.004675259848236949,0.0046746120183276145,0.004673964746823885,0.004673318032963689,0.004672671875906646,0.004672026274818358,0.004671381228873441,0.0046707367372575675,0.004670092799148162,0.0046694494137591355,0.004668806580259063,0.00466816429788496,0.004667522565700861,0.004666881382917832,0.0046662407488316645,0.004665600662596673,0.004664961123418431,0.0046643221304541365,0.004663683682913324,0.0046630457800404205,0.0046624084209967945,0.004661771605053408,0.004661135331335242,0.004660499599091697,0.0046598644075441275,0.004659229755883979,0.0046585956433375115,0.004657962069118842,0.0046573290324508085,0.004657329032450812,0.004657329032450813,0.00465732903245081,0.00465732903245081,0.004657329032450812,0.00465732903245081,0.004657329032450809,0.004657329032450808,0.004657329032450808,0.004657329032450809,0.0046573290324508085,0.0046573290324508085,0.004657329032450809,0.0046573290324508085,0.004657329032450809,0.004657329032450807,0.004657329032450809,0.0046573290324508085,0.004657329032450808,0.004657329032450811,0.00465732903245081,0.004657329032450811,0.00465732903245081,0.00465732903245081,0.004657329032450809,0.004657329032450813,0.004657329032450814,0.004657329032450814,0.0046573290324508155,0.004657329032450813,0.004657329032450813,0.004657329032450814,0.004657329032450815,0.0046573290324508155,0.004657329032450815,0.004657329032450814,0.004657329032450814,0.0046573290324508155,0.004657329032450814,0.004657329032450814,0.004657329032450817,0.004657329032450818,0.0046573290324508155,0.004657329032450817,0.004657329032450817,0.004657329032450818,0.004657329032450818,0.004657329032450817,0.004657329032450817,0.004657329032450817,0.004657329032450818,0.004657329032450818,0.004657329032450818,0.004657329032450818,0.004657329032450818,0.004657329032450819,0.004657329032450818,0.004657329032450818,0.00465732903245082,0.004657329032450817,0.004657329032450821,0.0046573290324508215,0.0046573290324508215,0.004657329032450823,0.004657329032450822,0.0046573290324508215,0.0046573290324508215,0.004657329032450822,0.0046573290324508215,0.0046573290324508215,0.004657329032450822,0.0046573290324508215,0.0046573290324508215,0.0046573290324508215,0.004657329032450823,0.004657329032450821,0.00465732903245082,0.004657329032450818,0.0046573290324508155,0.0046573290324508155,0.004657329032450816,0.004657329032450815,0.004657329032450816,0.004657329032450813,0.004657329032450812,0.004657329032450814,0.004657329032450813,0.004657329032450812,0.004657329032450813,0.004657329032450812,0.004657329032450812,0.004657329032450813,0.004657329032450814,0.004657329032450816,0.0046573290324508155,0.004657329032450817,0.004657329032450815,0.0046573290324508155,0.004657329032450816,0.004657329032450817,0.004657329032450816,0.004657329032450818,0.004657329032450817,0.00465732903245082,0.00465732903245082,0.0046573290324508215,0.004657329032450821,0.00465732903245082,0.004657329032450817,0.004657329032450819,0.00465732903245082,0.00465732903245082,0.00465732903245082,0.004657329032450818,0.004657329032450818,0.004657329032450819,0.004657329032450819,0.004657329032450819,0.004657329032450818,0.004657329032450817,0.004657329032450818,0.004657329032450819,0.004657329032450817,0.004657329032450817,0.004657329032450817,0.004657329032450819,0.004657329032450817,0.004657329032450817,0.004657329032450818,0.004657329032450817,0.004657329032450824,0.004657329032450819,0.0046573290324508215,0.004657329032450821,0.0046573290324508215,0.00465732903245082,0.0046573290324508215,0.004657329032450821,0.004657329032450821,0.0046573290324508215,0.004657329032450822,0.004657329032450822,0.004657329032450825,0.004657329032450824,0.004657329032450824,0.004657329032450825,0.004657329032450829,0.004657329032450827,0.004657329032450825,0.004657329032450827,0.004657329032450827,0.004657329032450827,0.004657329032450828,0.004657329032450826,0.004657329032450827,0.004657329032450827,0.004657329032450825,0.004657329032450826,0.004657329032450827,0.004657329032450826,0.004657329032450825,0.004657329032450824,0.004657329032450824,0.004657329032450825,0.004657329032450825,0.004657329032450827,0.004657329032450824,0.004657329032450825,0.004657329032450825,0.004657329032450827,0.004657329032450825,0.004657329032450826,0.004657329032450825,0.004657329032450824,0.004657329032450824,0.004657329032450823,0.004657329032450825,0.004657329032450824,0.004657329032450826,0.004657329032450826,0.004657329032450826,0.004657329032450828,0.004657329032450826,0.004657329032450825,0.004657329032450826,0.004657329032450827,0.004657329032450829,0.0046573290324508285,0.004657329032450826,0.0046573290324508285,0.004657329032450827,0.0046573290324508285,0.004657329032450826,0.004657329032450827,0.0046573290324508285,0.004657329032450826,0.004657329032450828,0.004657329032450827,0.004657329032450827,0.004657329032450825,0.004657329032450826,0.004657329032450824,0.004657329032450824,0.004657329032450825,0.004657329032450823,0.004657329032450822,0.004657329032450822,0.004657329032450822,0.004657329032450824,0.0046573290324508215,0.004657329032450823,0.004657329032450822,0.004657329032450822,0.0046573290324508215,0.0046573290324508215,0.004657329032450822,0.004657329032450823,0.004657329032450824,0.004657329032450825,0.004657329032450823,0.004657329032450822,0.004657329032450823,0.004657329032450824,0.004657329032450823,0.004657329032450824,0.0046573290324508215,0.004657329032450825,0.004657329032450826,0.004657329032450825,0.004657329032450825,0.004657329032450824,0.004657329032450826,0.004657329032450825,0.004657329032450825,0.004657329032450825,0.004657329032450825,0.004657329032450826,0.004657329032450826,0.004657329032450825,0.004657329032450826,0.004657329032450824,0.004657329032450825,0.004657329032450826,0.004657329032450825,0.004657329032450826,0.004657329032450826,0.004657329032450827,0.004657329032450827,0.004657329032450828,0.004657329032450824,0.004657329032450827,0.004657329032450825,0.004657329032450828,0.0046573290324508285,0.004657329032450825,0.004657329032450824,0.004657329032450827,0.004657329032450827,0.004657329032450828,0.004657329032450828,0.004657329032450827,0.004657329032450826,0.004657329032450826,0.004657329032450827,0.004657329032450827,0.004657329032450825,0.004657329032450825,0.004657329032450826,0.004657329032450828,0.004657329032450825,0.004657329032450827,0.004657329032450825,0.004657329032450825,0.004657329032450825,0.004657329032450826,0.004657329032450828,0.004657329032450825,0.004657329032450829,0.004657329032450829,0.00465732903245083,0.004657329032450825,0.004657329032450827,0.004657329032450827,0.004657329032450828,0.004657329032450827,0.004657329032450828,0.004657329032450827,0.004657329032450827,0.0046573290324508285,0.0046573290324508285,0.004657329032450828,0.004657329032450827,0.004657329032450827,0.004657329032450828,0.004657329032450827,0.004657329032450824,0.004657329032450827,0.004657329032450823,0.004657329032450825,0.004657329032450824,0.004657329032450823,0.004657329032450824,0.004657329032450825,0.0046573290324508285,0.004657329032450828,0.004657329032450829,0.004657329032450828,0.004657329032450826,0.004657329032450828,0.004657329032450827,0.004657329032450827,0.004657329032450824,0.004657329032450824,0.004657329032450825,0.004657329032450824,0.004657329032450825,0.004657329032450823,0.0046573290324508215,0.004657329032450823,0.0046573290324508215,0.004657329032450824,0.004657329032450822,0.004657329032450821,0.004657329032450822,0.004657329032450823,0.004657329032450824,0.004657329032450825,0.004657329032450825,0.0046573290324508215,0.004657329032450822,0.004657329032450822,0.004657329032450822,0.004657329032450822,0.004657329032450822,0.004657329032450823,0.004657329032450824,0.004657329032450823,0.004657329032450823,0.004657329032450824,0.004657329032450825,0.004657329032450828,0.004657329032450824,0.004657329032450826,0.004657329032450825,0.004657329032450824,0.004657329032450822,0.0046573290324508215,0.004657329032450822,0.004657329032450819,0.004657329032450819,0.004657329032450818,0.004657329032450817,0.004657329032450817,0.0046573290324508155,0.004657329032450816,0.004657329032450817,0.0046573290324508155,0.0046573290324508155,0.004657329032450817,0.0046573290324508155,0.004657329032450818,0.004657329032450819,0.0046573290324508215,0.004657329032450818,0.004657329032450819,0.0046573290324508215,0.00465732903245082,0.004657329032450819,0.004657329032450821,0.004657329032450819,0.004657329032450817,0.004657329032450819,0.004657329032450817,0.00465732903245082,0.004657329032450817,0.004657329032450819,0.00465732903245082,0.004657329032450819,0.00465732903245082,0.004657329032450818,0.004657329032450818,0.004657329032450819,0.00465732903245082,0.004657329032450821,0.00465732903245082,0.00465732903245082,0.0046573290324508215,0.004657329032450821,0.00465732903245082,0.004657329032450822,0.004657329032450821,0.0046573290324508215,0.004657329032450819,0.004657329032450822,0.00465732903245082,0.00465732903245082,0.004657329032450818,0.004657329032450817,0.004657329032450817,0.004657329032450817,0.004657329032450817,0.004657329032450816,0.004657329032450817,0.004657329032450819,0.0046573290324508155,0.004657329032450817,0.004657329032450818,0.004657329032450818,0.004657329032450817,0.004657329032450819,0.00465732903245082,0.00465732903245082,0.004657329032450819,0.00465732903245082,0.00465732903245082,0.00465732903245082,0.004657329032450818,0.004657329032450818,0.004657329032450818,0.004657329032450817,0.004657329032450818,0.004657329032450817,0.004657329032450818,0.004657329032450819,0.00465732903245082,0.004657329032450819,0.004657329032450819,0.004657329032450818,0.004657329032450819,0.004657329032450818,0.004657329032450818,0.004657329032450817,0.00465732903245082,0.004657329032450819,0.004657329032450819,0.004657329032450817,0.004657329032450818,0.004657329032450818,0.004657329032450818,0.004657329032450818,0.00465732903245082,0.004657329032450819,0.004657329032450819,0.0046573290324508215,0.0046573290324508215,0.0046573290324508215,0.00465732903245082,0.00465732903245082,0.004657329032450818,0.004657329032450818,0.004657329032450817,0.004657329032450818,0.00465732903245082,0.0046573290324508155,0.004657329032450815,0.0046573290324508155,0.004657329032450815,0.004657329032450816,0.004657329032450815,0.004657329032450815,0.0046573290324508155,0.004657329032450816,0.0046573290324508155,0.004657329032450815,0.004657329032450814,0.004657329032450814,0.0046573290324508155,0.004657329032450814,0.004657329032450815,0.004657329032450816,0.004657329032450816,0.0046573290324508155,0.004657329032450815,0.004657329032450815,0.0046573290324508155,0.004657329032450814,0.004657329032450812,0.004657329032450811,0.004657329032450812,0.00465732903245081,0.00465732903245081,0.004657329032450812,0.004657329032450813,0.00465732903245081,0.004657329032450813,0.004657329032450812,0.004657329032450812,0.004657329032450811,0.004657329032450812,0.004657329032450809,0.004657329032450812,0.004657329032450812,0.004657329032450809,0.004657329032450812,0.004657329032450812,0.00465732903245081,0.00465732903245081,0.004657329032450811,0.004657329032450811,0.00465732903245081,0.004657329032450813,0.00465732903245081,0.004657329032450812,0.004657329032450814,0.004657329032450814,0.004657329032450814,0.004657329032450814,0.004657329032450814,0.004657329032450814,0.004657329032450814,0.004657329032450813,0.004657329032450813,0.004657329032450812,0.004657329032450812,0.004657329032450814,0.004657329032450814,0.004657329032450813,0.004657329032450812,0.00465732903245081,0.004657329032450812,0.004657329032450813,0.004657329032450812,0.004657329032450813,0.004657329032450813,0.004657329032450812,0.0046573290324508024,0.00465732903245081,0.0046573290324508,0.004657329032450816,0.00465732903245081,0.004657329032450816,0.00465732903245083,0.004657329032450823,0.004657329032450812,0.004657329032450802,0.0046573290324508024,0.00465732903245081,0.0046573290324508085,0.004657329032450808,0.004657329032450807,0.00465732903245081,0.004657329032450811,0.004657329032450812,0.0046573290324508155,0.004657329032450808,0.004657329032450808,0.004657329032450795,0.004657329032450796,0.004657329032450796,0.0046573290324507955,0.004657329032450796,0.004657329032450797,0.004657329032450796,0.004657329032450797,0.004657329032450796,0.004657329032450796,0.004657329032450796,0.004657329032450796,0.004657329032450796,0.004657329032450796,0.004657329032450798,0.004657329032450799,0.004657329032450797,0.004657329032450798,0.004657329032450797,0.004657329032450798,0.004657329032450802,0.0046573290324508,0.004657329032450797,0.004657329032450797,0.004657329032450797,0.004657329032450799,0.004657329032450797,0.004657329032450797,0.004657329032450798,0.004657329032450799,0.004657329032450799,0.004657329032450797,0.004657329032450799,0.0046573290324508,0.004657329032450799,0.004657329032450799,0.004657329032450799,0.004657329032450799,0.004657329032450798,0.0046573290324508,0.0046573290324508,0.004657329032450799,0.004657329032450798,0.004657329032450799,0.004657329032450799,0.0046573290324508,0.004657329032450799,0.004657329032450799,0.0046573290324508,0.0046573290324508,0.004657329032450802,0.004657329032450801,0.004657329032450802,0.004657329032450801,0.004657329032450799,0.0046573290324508,0.004657329032450798,0.004657329032450799,0.004657329032450799,0.004657329032450799,0.004657329032450797,0.0046573290324508,0.004657329032450799,0.004657329032450797,0.004657329032450798,0.004657329032450798,0.004657329032450799,0.0046573290324508,0.0046573290324508,0.004657329032450802,0.0046573290324508024,0.0046573290324508024,0.0046573290324508024,0.004657329032450802,0.004657329032450802,0.004657329032450804,0.004657329032450803,0.004657329032450804,0.004657329032450802,0.0046573290324508024,0.004657329032450802,0.004657329032450801,0.004657329032450802,0.0046573290324508024,0.004657329032450802,0.004657329032450803,0.004657329032450801,0.004657329032450801,0.0046573290324508,0.004657329032450801,0.0046573290324508,0.0046573290324508,0.004657329032450802,0.004657329032450802,0.004657329032450801,0.004657329032450802,0.004657329032450802,0.004657329032450802,0.004657329032450799,0.0046573290324508,0.0046573290324508,0.004657329032450798,0.004657329032450799,0.0046573290324508,0.004657329032450799,0.004657329032450801,0.004657329032450799,0.0046573290324508,0.004657329032450801,0.004657329032450799,0.004657329032450799,0.0046573290324508,0.004657329032450797,0.004657329032450799,0.004657329032450799,0.004657329032450799,0.004657329032450798,0.0046573290324507955,0.004657329032450794,0.0046573290324507955,0.004657329032450795,0.004657329032450797,0.004657329032450797,0.004657329032450798,0.004657329032450796,0.004657329032450798,0.0046573290324508,0.004657329032450799,0.004657329032450799,0.004657329032450798,0.004657329032450799,0.004657329032450799,0.004657329032450797,0.004657329032450795,0.004657329032450796,0.004657329032450797,0.004657329032450797,0.004657329032450797,0.004657329032450797,0.004657329032450797,0.004657329032450797,0.0046573290324508,0.004657329032450801,0.004657329032450799,0.004657329032450799,0.004657329032450801,0.004657329032450801,0.0046573290324508,0.004657329032450799,0.004657329032450798,0.004657329032450796,0.004657329032450797,0.004657329032450796,0.004657329032450797,0.004657329032450797,0.004657329032450797,0.00465732903245079,0.004657329032450793,0.004657329032450792,0.004657329032450794,0.004657329032450795,0.004657329032450792,0.004657329032450794,0.0046573290324507955,0.004657329032450795,0.004657329032450795,0.004657329032450793,0.004657329032450794,0.004657329032450794,0.004657329032450794,0.004657329032450795,0.004657329032450794,0.004657329032450795,0.004657329032450794,0.004657329032450793,0.004657329032450794,0.004657329032450797,0.004657329032450794,0.004657329032450795,0.004657329032450791,0.00465732903245079,0.00465732903245079,0.00465732903245079,0.0046573290324507894,0.0046573290324507894,0.00465732903245079,0.00465732903245079,0.004657329032450791,0.004657329032450792,0.0046573290324507894,0.00465732903245079,0.00465732903245079,0.00465732903245079,0.0046573290324507894,0.00465732903245079,0.004657329032450791,0.004657329032450792,0.004657329032450792,0.004657329032450793,0.004657329032450793,0.004657329032450793,0.004657329032450792,0.004657329032450793,0.00465732903245079,0.00465732903245079,0.004657329032450791,0.00465732903245079,0.004657329032450792,0.004657329032450791,0.004657329032450791,0.00465732903245079,0.00465732903245079,0.004657329032450793,0.0046573290324507894,0.004657329032450791,0.004657329032450792,0.004657329032450791,0.00465732903245079,0.004657329032450792,0.004657329032450791,0.00465732903245079,0.004657329032450791,0.0046573290324507955,0.004657329032450794,0.004657329032450794,0.004657329032450793,0.004657329032450793,0.004657329032450793,0.004657329032450795,0.004657329032450793,0.004657329032450794,0.004657329032450793,0.004657329032450794,0.004657329032450793,0.004657329032450793,0.004657329032450793,0.004657329032450794,0.004657329032450794,0.004657329032450793,0.0046573290324507955,0.004657329032450793,0.004657329032450793,0.004657329032450793,0.004657329032450792,0.004657329032450793,0.004657329032450793,0.004657329032450793,0.004657329032450792,0.004657329032450793,0.004657329032450793,0.004657329032450795,0.004657329032450794,0.004657329032450793,0.004657329032450793,0.004657329032450793,0.004657329032450792,0.004657329032450794,0.004657329032450791,0.004657329032450792,0.00465732903245079,0.004657329032450793,0.004657329032450792,0.00465732903245079,0.004657329032450793,0.004657329032450791,0.004657329032450793,0.004657329032450795,0.004657329032450794,0.004657329032450794,0.004657329032450794,0.004657329032450794,0.004657329032450795,0.004657329032450793,0.004657329032450792,0.004657329032450792,0.004657329032450793,0.004657329032450793,0.004657329032450792,0.004657329032450794,0.0046573290324507955,0.004657329032450793,0.004657329032450794,0.004657329032450793,0.004657329032450795,0.0046573290324507955,0.004657329032450794,0.0046573290324507955,0.004657329032450796,0.004657329032450795,0.004657329032450795,0.004657329032450797,0.0046573290324507955,0.004657329032450794,0.0046573290324507955,0.004657329032450795,0.004657329032450796,0.004657329032450797,0.004657329032450796,0.004657329032450796,0.0046573290324507955,0.004657329032450797,0.004657329032450797,0.004657329032450797,0.004657329032450796,0.004657329032450796,0.0046573290324507955,0.004657329032450795,0.004657329032450797,0.0046573290324507955,0.004657329032450796,0.004657329032450795,0.004657329032450796,0.0046573290324507955,0.0046573290324507955,0.004657329032450796,0.004657329032450797,0.004657329032450797,0.004657329032450798,0.004657329032450797,0.004657329032450797,0.004657329032450797,0.004657329032450795,0.004657329032450797,0.004657329032450796,0.004657329032450796,0.004657329032450795,0.004657329032450796,0.0046573290324507955,0.0046573290324507955,0.004657329032450795,0.004657329032450793,0.004657329032450795,0.004657329032450795,0.0046573290324507955,0.004657329032450794,0.004657329032450794,0.004657329032450795,0.004657329032450794,0.004657329032450795,0.0046573290324507955,0.004657329032450795,0.0046573290324507955,0.004657329032450795,0.004657329032450795,0.0046573290324507955,0.0046573290324507955,0.004657329032450797,0.0046573290324507955,0.004657329032450797,0.0046573290324507955,0.004657329032450795,0.0046573290324507955,0.004657329032450795,0.0046573290324507955,0.004657329032450793,0.004657329032450792,0.004657329032450793,0.004657329032450793,0.0046573290324507894,0.004657329032450791,0.004657329032450791,0.00465732903245079,0.00465732903245079,0.00465732903245079,0.0046573290324507894,0.004657329032450791,0.004657329032450791,0.00465732903245079,0.0046573290324507894,0.004657329032450792,0.00465732903245079,0.00465732903245079,0.00465732903245079,0.0046573290324507894,0.0046573290324507894,0.004657329032450791,0.00465732903245079,0.00465732903245079,0.00465732903245079,0.00465732903245079,0.004657329032450792,0.00465732903245079,0.004657329032450793,0.004657329032450791,0.00465732903245079,0.00465732903245079,0.004657329032450791,0.00465732903245079,0.0046573290324507894,0.0046573290324507894,0.00465732903245079,0.0046573290324507894,0.0046573290324507894,0.00465732903245079,0.0046573290324507894,0.004657329032450791,0.00465732903245079,0.004657329032450793,0.0046573290324507894,0.004657329032450788,0.004657329032450788,0.004657329032450789,0.0046573290324507894,0.004657329032450787,0.004657329032450787,0.004657329032450788,0.004657329032450789,0.004657329032450788,0.004657329032450787,0.00465732903245079,0.004657329032450787,0.0046573290324507894,0.004657329032450788,0.00465732903245079,0.004657329032450789,0.0046573290324507894,0.004657329032450788,0.0046573290324507894,0.004657329032450788,0.0046573290324507894,0.0046573290324507894,0.004657329032450788,0.004657329032450781,0.004657329032450775,0.0046573290324507756,0.004657329032450776,0.004657329032450775,0.004657329032450776,0.004657329032450776,0.0046573290324507756,0.004657329032450776,0.0046573290324507756,0.004657329032450776,0.004657329032450778,0.004657329032450777,0.004657329032450776,0.004657329032450775,0.004657329032450774,0.004657329032450775,0.004657329032450775,0.004657329032450772,0.004657329032450772,0.004657329032450775,0.004657329032450774,0.004657329032450772,0.004657329032450772,0.004657329032450771,0.004657329032450772,0.00465732903245077,0.00465732903245077,0.004657329032450772,0.00465732903245077,0.0046573290324507695,0.00465732903245077,0.004657329032450772,0.004657329032450772,0.004657329032450773,0.004657329032450775,0.004657329032450775,0.004657329032450775,0.0046573290324507756,0.004657329032450776,0.004657329032450777,0.004657329032450776,0.004657329032450778,0.0046573290324507756,0.0046573290324507756,0.004657329032450774,0.004657329032450782,0.004657329032450783,0.004657329032450783,0.004657329032450783,0.004657329032450782,0.004657329032450783,0.004657329032450785,0.004657329032450785,0.004657329032450784,0.004657329032450785,0.004657329032450786,0.004657329032450785,0.004657329032450784,0.004657329032450786,0.004657329032450784,0.004657329032450784,0.004657329032450784,0.004657329032450784,0.004657329032450782,0.004657329032450784,0.004657329032450783,0.004657329032450783,0.004657329032450781,0.004657329032450782,0.004657329032450779,0.004657329032450781,0.004657329032450781,0.004657329032450782,0.004657329032450782,0.004657329032450781,0.004657329032450782,0.004657329032450781,0.004657329032450781,0.004657329032450781,0.004657329032450781,0.004657329032450782,0.004657329032450779,0.00465732903245078,0.004657329032450778,0.004657329032450779,0.0046573290324507825,0.00465732903245078,0.004657329032450779,0.004657329032450781,0.004657329032450778,0.00465732903245078,0.004657329032450782,0.00465732903245078,0.00465732903245078,0.00465732903245078,0.004657329032450781,0.0046573290324507825,0.00465732903245078,0.00465732903245078,0.00465732903245078,0.004657329032450779,0.00465732903245078,0.004657329032450782,0.004657329032450782,0.004657329032450781,0.004657329032450781,0.004657329032450779,0.004657329032450779,0.004657329032450781,0.00465732903245078,0.004657329032450781,0.004657329032450779,0.00465732903245078,0.004657329032450779,0.004657329032450779,0.00465732903245078,0.004657329032450779,0.004657329032450781,0.004657329032450779,0.00465732903245078,0.00465732903245078,0.00465732903245078,0.004657329032450779,0.004657329032450779,0.004657329032450779,0.004657329032450777,0.004657329032450779,0.004657329032450778,0.004657329032450779,0.004657329032450776,0.004657329032450777,0.004657329032450777,0.004657329032450778,0.004657329032450778,0.004657329032450778,0.004657329032450777,0.004657329032450777,0.004657329032450779,0.004657329032450777,0.004657329032450777,0.004657329032450779,0.004657329032450779,0.004657329032450779,0.004657329032450779,0.004657329032450778,0.004657329032450778,0.004657329032450778,0.004657329032450776,0.004657329032450779,0.004657329032450778,0.004657329032450778,0.004657329032450776,0.004657329032450779,0.004657329032450776,0.004657329032450777,0.004657329032450778,0.004657329032450776,0.004657329032450778,0.004657329032450776,0.004657329032450779,0.004657329032450777,0.004657329032450776,0.004657329032450776,0.004657329032450777,0.004657329032450776,0.004657329032450777,0.004657329032450776,0.004657329032450774,0.004657329032450775,0.004657329032450775,0.004657329032450775,0.004657329032450775,0.004657329032450774,0.004657329032450774,0.004657329032450772,0.004657329032450773,0.004657329032450775,0.004657329032450772,0.0046573290324507695,0.004657329032450769,0.00465732903245077,0.004657329032450768,0.004657329032450771,0.00465732903245077,0.00465732903245077,0.00465732903245077,0.0046573290324507695,0.004657329032450769,0.0046573290324507695,0.004657329032450772,0.004657329032450771,0.004657329032450771,0.004657329032450774,0.00465732903245077,0.00465732903245077,0.00465732903245077,0.004657329032450769,0.0046573290324507695,0.004657329032450768,0.00465732903245077,0.004657329032450768,0.004657329032450768,0.004657329032450767,0.004657329032450767,0.004657329032450767,0.004657329032450767,0.0046573290324507756,0.0046573290324507756,0.0046573290324507756,0.004657329032450776,0.004657329032450778,0.004657329032450777,0.004657329032450778,0.004657329032450779,0.004657329032450802,0.004657329032450763,0.00465732903245076,0.0046573290324507625,0.004657329032450761,0.004657329032450762,0.004657329032450761,0.00465732903245076,0.00465732903245076,0.004657329032450759,0.00465732903245076,0.004657329032450758,0.004657329032450761,0.00465732903245076,0.004657329032450761,0.004657329032450759,0.004657329032450759,0.004657329032450761,0.004657329032450761,0.004657329032450761,0.004657329032450761,0.004657329032450761,0.004657329032450761,0.004657329032450762,0.004657329032450763,0.004657329032450761,0.004657329032450764,0.004657329032450761,0.0046573290324507625,0.004657329032450761,0.00465732903245076,0.004657329032450759,0.00465732903245076,0.004657329032450758,0.004657329032450762,0.004657329032450758,0.00465732903245076,0.004657329032450759,0.00465732903245076,0.004657329032450761,0.004657329032450761,0.004657329032450762,0.00465732903245076,0.00465732903245076,0.004657329032450761,0.004657329032450759,0.004657329032450759,0.004657329032450758,0.004657329032450758,0.004657329032450759,0.004657329032450758,0.004657329032450758,0.004657329032450758,0.004657329032450758,0.00465732903245076,0.00465732903245076,0.004657329032450758,0.004657329032450759,0.004657329032450759,0.004657329032450761,0.004657329032450762,0.0046573290324507625,0.004657329032450762,0.0046573290324507625,0.0046573290324507625,0.004657329032450763,0.004657329032450766,0.004657329032450764,0.004657329032450765,0.004657329032450767,0.004657329032450765,0.004657329032450765,0.004657329032450764,0.004657329032450766,0.004657329032450767,0.004657329032450765,0.004657329032450765,0.004657329032450766,0.004657329032450764,0.004657329032450763,0.0046573290324507625,0.004657329032450764,0.004657329032450763,0.004657329032450763,0.004657329032450763,0.004657329032450763,0.0046573290324507625,0.004657329032450763,0.004657329032450763,0.004657329032450765,0.004657329032450764,0.0046573290324507625,0.004657329032450763,0.004657329032450766,0.004657329032450765,0.004657329032450766,0.004657329032450767,0.004657329032450767,0.004657329032450769,0.004657329032450768,0.004657329032450768,0.004657329032450768,0.00465732903245077,0.004657329032450769,0.0046573290324507695,0.0046573290324507695,0.0046573290324507695,0.0046573290324507695,0.004657329032450771,0.0046573290324507695,0.00465732903245077,0.004657329032450769,0.0046573290324507695,0.0046573290324507695,0.004657329032450768,0.004657329032450767,0.004657329032450772,0.00465732903245077,0.00465732903245077,0.00465732903245077,0.0046573290324507695,0.00465732903245077,0.0046573290324507695,0.004657329032450769,0.004657329032450767,0.004657329032450767,0.004657329032450769,0.004657329032450769,0.004657329032450769,0.004657329032450769,0.0046573290324507695,0.00465732903245077,0.00465732903245077,0.004657329032450772,0.004657329032450772,0.00465732903245077,0.004657329032450771,0.0046573290324507695,0.004657329032450771,0.00465732903245077,0.0046573290324507695,0.004657329032450768,0.004657329032450771,0.0046573290324507695,0.00465732903245077,0.00465732903245077,0.004657329032450769,0.004657329032450769,0.004657329032450767,0.004657329032450767,0.004657329032450767,0.004657329032450768,0.004657329032450769,0.004657329032450768,0.004657329032450768,0.004657329032450768,0.0046573290324507695,0.004657329032450768,0.004657329032450768,0.0046573290324507695,0.00465732903245077,0.00465732903245077,0.004657329032450771,0.00465732903245077,0.004657329032450769,0.00465732903245077,0.00465732903245077,0.00465732903245077,0.004657329032450769,0.004657329032450769,0.004657329032450771,0.004657329032450771,0.0046573290324507695,0.0046573290324507695,0.0046573290324507695,0.004657329032450768,0.004657329032450768,0.004657329032450767,0.004657329032450767,0.004657329032450767,0.004657329032450768,0.004657329032450769,0.004657329032450768,0.004657329032450767,0.004657329032450767,0.004657329032450767,0.004657329032450767,0.004657329032450768,0.004657329032450768,0.004657329032450769,0.004657329032450766,0.004657329032450767,0.0046573290324507695,0.004657329032450768,0.004657329032450767,0.004657329032450768,0.004657329032450767,0.004657329032450769,0.0046573290324507695,0.004657329032450768,0.004657329032450768,0.0046573290324507695,0.004657329032450767,0.004657329032450767,0.004657329032450769,0.004657329032450769,0.004657329032450768,0.004657329032450768,0.004657329032450766,0.004657329032450769,0.004657329032450768,0.004657329032450769,0.00465732903245077,0.00465732903245077,0.004657329032450767,0.004657329032450768,0.0046573290324507695,0.004657329032450772,0.0046573290324507695,0.0046573290324507695,0.004657329032450769,0.00465732903245077,0.004657329032450772,0.004657329032450771,0.00465732903245077,0.0046573290324507695,0.004657329032450768,0.004657329032450769,0.004657329032450767,0.004657329032450768,0.004657329032450768,0.004657329032450766,0.004657329032450768,0.004657329032450766,0.004657329032450767,0.004657329032450768,0.004657329032450767,0.004657329032450768,0.004657329032450767,0.004657329032450768,0.004657329032450767,0.004657329032450767,0.004657329032450765,0.004657329032450764,0.004657329032450767,0.004657329032450767,0.004657329032450767,0.004657329032450767,0.004657329032450767,0.004657329032450767,0.004657329032450768,0.004657329032450767,0.004657329032450767,0.004657329032450763,0.004657329032450762,0.004657329032450761,0.00465732903245076,0.004657329032450753,0.004657329032450754,0.004657329032450754,0.004657329032450755,0.004657329032450755,0.004657329032450756,0.004657329032450755,0.004657329032450755,0.004657329032450756,0.004657329032450756,0.004657329032450756,0.004657329032450754,0.004657329032450754,0.004657329032450754,0.004657329032450759,0.004657329032450755,0.0046573290324507565,0.004657329032450756,0.004657329032450755,0.0046573290324507495,0.004657329032450749,0.004657329032450749,0.004657329032450747,0.004657329032450747,0.0046573290324507495,0.004657329032450747,0.0046573290324507495,0.004657329032450747,0.004657329032450745,0.004657329032450748,0.004657329032450748,0.004657329032450746,0.004657329032450749,0.004657329032450747,0.0046573290324507495,0.004657329032450748,0.004657329032450748,0.00465732903245075,0.004657329032450749,0.004657329032450746,0.004657329032450747,0.004657329032450747,0.004657329032450747,0.004657329032450748,0.004657329032450747,0.004657329032450745,0.004657329032450746,0.004657329032450744,0.004657329032450746,0.004657329032450746,0.004657329032450746,0.004657329032450747,0.004657329032450747,0.004657329032450744,0.004657329032450745,0.004657329032450745,0.004657329032450745,0.004657329032450745,0.004657329032450747,0.004657329032450745,0.004657329032450748,0.004657329032450748,0.004657329032450746,0.004657329032450747,0.004657329032450744,0.004657329032450749,0.004657329032450746,0.004657329032450747,0.004657329032450746,0.004657329032450747,0.004657329032450748,0.004657329032450747,0.004657329032450746,0.004657329032450745,0.004657329032450748,0.004657329032450746,0.004657329032450745,0.004657329032450745,0.004657329032450748,0.004657329032450746,0.004657329032450748,0.004657329032450747,0.004657329032450747,0.004657329032450748,0.004657329032450748,0.004657329032450747,0.004657329032450747,0.004657329032450747,0.004657329032450747,0.004657329032450747,0.004657329032450745,0.004657329032450748,0.004657329032450746,0.004657329032450748,0.004657329032450747,0.004657329032450745,0.004657329032450747,0.004657329032450747,0.004657329032450746,0.004657329032450746,0.004657329032450748,0.004657329032450746,0.004657329032450747,0.004657329032450748,0.004657329032450748,0.004657329032450748,0.004657329032450747,0.004657329032450746,0.004657329032450746,0.004657329032450747,0.0046573290324507495,0.004657329032450747,0.004657329032450747,0.00465732903245075,0.00465732903245075,0.004657329032450749,0.0046573290324507495,0.0046573290324507495,0.004657329032450749,0.0046573290324507495,0.0046573290324507495,0.0046573290324507495,0.004657329032450751,0.0046573290324507495,0.004657329032450751,0.0046573290324507495,0.0046573290324507495,0.00465732903245075,0.004657329032450749,0.0046573290324507495,0.004657329032450751,0.00465732903245075,0.0046573290324507495,0.004657329032450751,0.004657329032450749,0.00465732903245075,0.0046573290324507495,0.004657329032450752,0.0046573290324507495,0.004657329032450751,0.004657329032450751,0.0046573290324507495,0.004657329032450749,0.004657329032450749,0.00465732903245075,0.004657329032450751,0.00465732903245075,0.00465732903245075,0.004657329032450751,0.004657329032450751,0.004657329032450752,0.004657329032450752,0.004657329032450751,0.004657329032450753,0.004657329032450753,0.004657329032450752,0.004657329032450751,0.004657329032450752,0.004657329032450751,0.00465732903245075,0.004657329032450752,0.004657329032450752,0.004657329032450752,0.004657329032450752,0.004657329032450751,0.004657329032450754,0.004657329032450752,0.004657329032450753,0.004657329032450753,0.004657329032450752,0.004657329032450751,0.004657329032450752,0.004657329032450754,0.004657329032450756,0.004657329032450757,0.0046573290324507565,0.004657329032450757,0.004657329032450757,0.0046573290324507565,0.0046573290324507565,0.0046573290324507625,0.004657329032450758,0.004657329032450757,0.004657329032450752,0.004657329032450753,0.004657329032450754,0.004657329032450753,0.004657329032450755,0.004657329032450753,0.004657329032450753,0.004657329032450754,0.004657329032450755,0.004657329032450754,0.0046573290324507565,0.0046573290324507565,0.004657329032450755,0.004657329032450754,0.004657329032450754,0.004657329032450755,0.004657329032450757,0.004657329032450757,0.0046573290324507565,0.004657329032450756,0.0046573290324507565,0.004657329032450756,0.004657329032450756,0.0046573290324507565,0.0046573290324507565,0.004657329032450754,0.004657329032450754,0.0046573290324507565,0.004657329032450756,0.0046573290324507565,0.004657329032450756,0.0046573290324507565,0.004657329032450754,0.0046573290324507565,0.004657329032450756,0.004657329032450755,0.004657329032450756,0.004657329032450754,0.004657329032450755,0.004657329032450755,0.004657329032450755,0.0046573290324507565,0.004657329032450755,0.004657329032450755,0.004657329032450756,0.004657329032450757,0.004657329032450758,0.0046573290324507565,0.004657329032450757,0.004657329032450756,0.0046573290324507565,0.004657329032450757,0.004657329032450758,0.004657329032450758,0.004657329032450758,0.004657329032450758,0.004657329032450756,0.004657329032450756,0.0046573290324507565,0.004657329032450754,0.004657329032450754,0.0046573290324507565,0.0046573290324507565,0.0046573290324507565,0.004657329032450756,0.0046573290324507565,0.004657329032450756,0.004657329032450761,0.00465732903245076,0.00465732903245076,0.004657329032450761,0.004657329032450759,0.004657329032450758,0.004657329032450758,0.004657329032450755,0.004657329032450754,0.004657329032450756,0.004657329032450757,0.004657329032450754,0.004657329032450754,0.004657329032450754,0.0046573290324507565,0.004657329032450756,0.004657329032450754,0.004657329032450753,0.004657329032450756,0.004657329032450755,0.004657329032450755,0.0046573290324507565,0.004657329032450755,0.004657329032450754,0.004657329032450757,0.004657329032450755,0.0046573290324507565,0.004657329032450756,0.004657329032450756,0.004657329032450757,0.004657329032450757,0.0046573290324507565,0.0046573290324507565,0.004657329032450756,0.004657329032450754,0.0046573290324507565,0.0046573290324507565,0.004657329032450754,0.004657329032450756,0.004657329032450757,0.004657329032450755,0.004657329032450759,0.004657329032450757,0.004657329032450757,0.004657329032450757,0.004657329032450759,0.004657329032450757,0.0046573290324507565,0.0046573290324507565,0.0046573290324507565,0.004657329032450757,0.004657329032450756,0.004657329032450754,0.004657329032450753,0.004657329032450755,0.004657329032450756,0.004657329032450759,0.004657329032450758,0.004657329032450758,0.0046573290324507565,0.0046573290324507565,0.0046573290324507565,0.0046573290324507565,0.004657329032450759,0.004657329032450758,0.004657329032450758,0.004657329032450755,0.004657329032450755,0.0046573290324507565,0.004657329032450757,0.0046573290324507565,0.0046573290324507565,0.0046573290324507565,0.0046573290324507565,0.0046573290324507565,0.0046573290324507565,0.0046573290324507565,0.004657329032450757,0.00465732903245076,0.00465732903245076,0.004657329032450761,0.004657329032450761,0.00465732903245076,0.004657329032450761,0.004657329032450762,0.004657329032450761,0.004657329032450758,0.004657329032450761,0.004657329032450759,0.004657329032450762,0.004657329032450757,0.004657329032450761,0.00465732903245076,0.00465732903245076,0.004657329032450758,0.004657329032450759,0.00465732903245076,0.004657329032450761,0.004657329032450761,0.00465732903245076,0.004657329032450758,0.00465732903245076,0.004657329032450759,0.00465732903245076,0.00465732903245076,0.00465732903245076,0.004657329032450758,0.004657329032450757,0.004657329032450757,0.004657329032450761,0.004657329032450761,0.00465732903245076,0.004657329032450762,0.004657329032450761,0.004657329032450761,0.00465732903245076,0.004657329032450761,0.004657329032450761,0.004657329032450759,0.00465732903245076,0.004657329032450761,0.00465732903245076,0.00465732903245076,0.00465732903245076,0.004657329032450759,0.004657329032450758,0.004657329032450758,0.004657329032450758,0.0046573290324507565,0.004657329032450759,0.00465732903245076,0.0046573290324507565,0.004657329032450757,0.004657329032450759,0.004657329032450758,0.004657329032450759,0.004657329032450761,0.004657329032450757,0.004657329032450759,0.004657329032450759,0.004657329032450757,0.004657329032450758,0.004657329032450757,0.004657329032450758,0.004657329032450759,0.004657329032450758,0.00465732903245076,0.004657329032450759,0.004657329032450759,0.004657329032450759,0.00465732903245076,0.004657329032450758,0.004657329032450759,0.00465732903245076,0.004657329032450762,0.004657329032450759,0.004657329032450759,0.004657329032450758,0.004657329032450761,0.004657329032450761,0.004657329032450759,0.004657329032450758,0.00465732903245076,0.004657329032450759,0.004657329032450758,0.00465732903245076,0.004657329032450759,0.004657329032450758,0.004657329032450759,0.004657329032450757,0.004657329032450758,0.004657329032450761,0.004657329032450759,0.004657329032450759,0.0046573290324507565,0.0046573290324507565,0.004657329032450758,0.004657329032450759,0.004657329032450757,0.004657329032450757,0.004657329032450758,0.004657329032450758,0.0046573290324507565,0.004657329032450756,0.0046573290324507565,0.0046573290324507565,0.004657329032450757,0.004657329032450759,0.004657329032450757,0.004657329032450756,0.0046573290324507565,0.004657329032450756,0.0046573290324507565,0.0046573290324507565,0.0046573290324507565,0.004657329032450757,0.0046573290324507565,0.0046573290324507565,0.0046573290324507565,0.0046573290324507565,0.0046573290324507565,0.004657329032450757,0.0046573290324507565,0.004657329032450757,0.004657329032450757,0.004657329032450756,0.004657329032450756,0.004657329032450757,0.004657329032450757,0.0046573290324507565,0.004657329032450757,0.0046573290324507565,0.0046573290324507565,0.004657329032450756,0.004657329032450758,0.0046573290324507565,0.004657329032450754,0.004657329032450756,0.004657329032450754,0.004657329032450751,0.004657329032450755,0.004657329032450754,0.004657329032450754,0.004657329032450752,0.004657329032450752,0.004657329032450751,0.004657329032450751,0.00465732903245075,0.0046573290324507495,0.0046573290324507495,0.0046573290324507495,0.004657329032450752,0.004657329032450751,0.00465732903245075,0.0046573290324507495,0.004657329032450752,0.004657329032450751,0.004657329032450753,0.004657329032450751,0.004657329032450752,0.004657329032450751,0.00465732903245075,0.004657329032450753,0.004657329032450748,0.004657329032450747,0.004657329032450747,0.0046573290324507495,0.004657329032450749,0.00465732903245075,0.0046573290324507495,0.004657329032450749,0.004657329032450747,0.004657329032450747,0.004657329032450748,0.004657329032450747,0.004657329032450746,0.004657329032450748,0.004657329032450747,0.004657329032450748,0.004657329032450744,0.004657329032450746,0.004657329032450745,0.004657329032450745,0.004657329032450741,0.004657329032450743,0.004657329032450744,0.004657329032450743,0.004657329032450743,0.004657329032450744,0.0046573290324507435,0.00465732903245074,0.004657329032450742,0.004657329032450743,0.004657329032450743,0.004657329032450741,0.00465732903245074,0.004657329032450741,0.004657329032450743,0.00465732903245074,0.00465732903245074,0.004657329032450739,0.00465732903245074,0.004657329032450742,0.00465732903245074,0.00465732903245074,0.00465732903245074,0.004657329032450737,0.0046573290324507365,0.004657329032450738,0.0046573290324507365,0.004657329032450736,0.004657329032450738,0.004657329032450737,0.004657329032450735,0.004657329032450738,0.004657329032450738,0.00465732903245074,0.004657329032450742,0.004657329032450743,0.0046573290324507435,0.004657329032450743,0.004657329032450741,0.004657329032450734,0.004657329032450727,0.004657329032450733,0.004657329032450741,0.004657329032450742,0.004657329032450743,0.004657329032450745,0.004657329032450743,0.004657329032450744,0.004657329032450744,0.004657329032450744,0.004657329032450742,0.004657329032450744,0.004657329032450744,0.004657329032450744,0.004657329032450744,0.004657329032450744,0.00465732903245074,0.004657329032450744,0.004657329032450742,0.004657329032450742,0.004657329032450743,0.004657329032450742,0.004657329032450743,0.004657329032450744,0.004657329032450744,0.004657329032450744,0.004657329032450744,0.004657329032450744,0.0046573290324507435,0.0046573290324507435,0.0046573290324507435,0.004657329032450744,0.004657329032450744,0.004657329032450745,0.0046573290324507435,0.004657329032450744,0.004657329032450744,0.004657329032450743,0.004657329032450743,0.0046573290324507435,0.0046573290324507435,0.004657329032450747,0.004657329032450745,0.004657329032450744,0.004657329032450747,0.004657329032450745,0.004657329032450744,0.004657329032450746,0.004657329032450746,0.004657329032450746,0.004657329032450745,0.004657329032450745,0.004657329032450746,0.004657329032450744,0.004657329032450745,0.004657329032450746,0.004657329032450745,0.004657329032450745,0.004657329032450747,0.004657329032450745,0.004657329032450747,0.004657329032450748,0.004657329032450746,0.004657329032450744,0.004657329032450745,0.004657329032450744,0.004657329032450745,0.004657329032450746,0.004657329032450744,0.004657329032450745,0.004657329032450745,0.004657329032450744,0.004657329032450745,0.004657329032450745,0.004657329032450748,0.004657329032450747,0.004657329032450744,0.004657329032450745,0.004657329032450744,0.0046573290324507435,0.004657329032450746,0.004657329032450746,0.004657329032450745,0.004657329032450745,0.004657329032450744,0.004657329032450744,0.004657329032450748,0.004657329032450743,0.0046573290324507435,0.0046573290324507435,0.0046573290324507435,0.004657329032450745,0.004657329032450743,0.0046573290324507435,0.0046573290324507435,0.004657329032450745,0.004657329032450744,0.004657329032450744,0.004657329032450744,0.0046573290324507435,0.004657329032450745,0.004657329032450745,0.004657329032450744,0.004657329032450743,0.004657329032450743,0.0046573290324507435,0.004657329032450744,0.004657329032450743,0.004657329032450744,0.004657329032450744,0.004657329032450745,0.004657329032450744,0.004657329032450744,0.004657329032450744,0.004657329032450745,0.004657329032450744,0.004657329032450744,0.004657329032450745,0.004657329032450746,0.004657329032450746,0.004657329032450744,0.004657329032450745,0.004657329032450745,0.004657329032450745,0.0046573290324507435,0.004657329032450744,0.004657329032450745,0.0046573290324507435,0.0046573290324507435,0.0046573290324507435,0.004657329032450745,0.004657329032450744,0.004657329032450743,0.004657329032450744,0.004657329032450745,0.004657329032450745,0.004657329032450745,0.004657329032450745,0.004657329032450744,0.004657329032450744,0.004657329032450746,0.004657329032450746,0.004657329032450746,0.004657329032450746,0.004657329032450745,0.004657329032450746,0.004657329032450745,0.004657329032450744,0.004657329032450744,0.004657329032450747,0.004657329032450746,0.004657329032450745,0.004657329032450746,0.004657329032450747,0.004657329032450745,0.004657329032450747,0.004657329032450746,0.004657329032450745,0.004657329032450744,0.004657329032450745,0.0046573290324507435,0.004657329032450744,0.004657329032450744,0.004657329032450745,0.004657329032450745,0.004657329032450745,0.004657329032450744,0.004657329032450744,0.004657329032450745,0.004657329032450745,0.004657329032450745,0.004657329032450744,0.004657329032450745,0.004657329032450745,0.004657329032450745,0.004657329032450745,0.004657329032450746,0.004657329032450747,0.0046573290324507495,0.004657329032450748,0.004657329032450745,0.004657329032450746,0.004657329032450748,0.004657329032450744,0.004657329032450747,0.004657329032450747,0.004657329032450747,0.004657329032450744,0.004657329032450746,0.004657329032450747,0.004657329032450746,0.004657329032450747,0.004657329032450747,0.004657329032450746,0.004657329032450745,0.0046573290324507435,0.004657329032450745,0.004657329032450747,0.004657329032450746,0.004657329032450745,0.004657329032450745,0.004657329032450795,0.0046573290324507825,0.004657329032450782,0.004657329032450782,0.004657329032450782,0.004657329032450783,0.004657329032450783,0.004657329032450783,0.004657329032450783,0.004657329032450783,0.0046573290324507825,0.004657329032450781,0.0046573290324507825,0.004657329032450782,0.0046573290324507825,0.004657329032450781,0.004657329032450783,0.004657329032450781,0.004657329032450781,0.004657329032450782,0.004657329032450782,0.004657329032450781,0.00465732903245078,0.004657329032450782,0.004657329032450781,0.004657329032450782,0.004657329032450781,0.004657329032450781,0.0046573290324507825,0.004657329032450784,0.004657329032450786,0.004657329032450784,0.004657329032450786,0.004657329032450785,0.004657329032450783,0.004657329032450785,0.004657329032450789,0.004657329032450787,0.004657329032450786,0.004657329032450786,0.004657329032450784,0.004657329032450783,0.004657329032450784,0.004657329032450786,0.004657329032450785,0.004657329032450785,0.004657329032450789,0.004657329032450785,0.004657329032450786,0.004657329032450785,0.004657329032450783,0.004657329032450785,0.004657329032450786,0.004657329032450785,0.0046573290324507825,0.004657329032450784,0.004657329032450783,0.004657329032450783,0.004657329032450784,0.004657329032450785,0.004657329032450787,0.004657329032450783,0.004657329032450786,0.004657329032450785,0.004657329032450785,0.004657329032450786,0.004657329032450788,0.004657329032450785,0.004657329032450786,0.004657329032450784,0.004657329032450785,0.004657329032450785,0.004657329032450785,0.004657329032450784,0.004657329032450785,0.004657329032450783,0.004657329032450783,0.004657329032450783,0.004657329032450786,0.004657329032450785,0.004657329032450784,0.004657329032450783,0.004657329032450783,0.004657329032450786,0.004657329032450785,0.004657329032450787,0.004657329032450788,0.004657329032450786,0.004657329032450786,0.004657329032450786,0.004657329032450788,0.004657329032450786,0.004657329032450786,0.004657329032450785,0.004657329032450785,0.004657329032450785,0.004657329032450785,0.004657329032450785,0.004657329032450785,0.004657329032450785,0.004657329032450784,0.004657329032450784,0.004657329032450783,0.004657329032450783,0.004657329032450785,0.004657329032450784,0.00465732903245078,0.004657329032450782,0.004657329032450782,0.004657329032450784,0.004657329032450782,0.004657329032450784,0.004657329032450785,0.004657329032450782,0.004657329032450779,0.004657329032450778,0.004657329032450779,0.00465732903245078,0.0046573290324507825,0.00465732903245078,0.004657329032450781,0.004657329032450781,0.0046573290324507825,0.0046573290324507825,0.004657329032450783,0.004657329032450784,0.0046573290324507825,0.004657329032450784,0.004657329032450783,0.004657329032450782,0.004657329032450782,0.0046573290324507825,0.0046573290324507825,0.004657329032450783,0.004657329032450783,0.004657329032450783,0.0046573290324507825,0.004657329032450784,0.004657329032450782,0.004657329032450787,0.004657329032450785,0.004657329032450785,0.004657329032450785,0.004657329032450784,0.004657329032450786,0.004657329032450786,0.004657329032450785,0.004657329032450786,0.004657329032450786,0.004657329032450785,0.004657329032450786,0.004657329032450785,0.004657329032450784,0.004657329032450785,0.004657329032450785,0.004657329032450787,0.004657329032450785,0.004657329032450785,0.004657329032450783,0.004657329032450784,0.004657329032450785,0.004657329032450785,0.004657329032450786,0.004657329032450783,0.004657329032450784,0.004657329032450786,0.004657329032450784,0.004657329032450787,0.004657329032450786,0.004657329032450788,0.004657329032450785,0.0046573290324507825,0.004657329032450785,0.004657329032450786,0.004657329032450785,0.004657329032450785,0.004657329032450787,0.004657329032450785,0.004657329032450783,0.004657329032450785,0.004657329032450785,0.004657329032450783,0.004657329032450783,0.004657329032450783,0.004657329032450784,0.004657329032450783,0.004657329032450787,0.004657329032450787,0.004657329032450788,0.004657329032450786,0.004657329032450789,0.004657329032450787,0.004657329032450787,0.004657329032450786,0.004657329032450787,0.004657329032450784,0.004657329032450786,0.004657329032450788,0.004657329032450786,0.004657329032450788,0.004657329032450785,0.004657329032450786,0.004657329032450786,0.004657329032450784,0.004657329032450786,0.004657329032450785,0.004657329032450784,0.004657329032450785,0.004657329032450783,0.0046573290324507825,0.004657329032450783,0.004657329032450781,0.004657329032450781,0.004657329032450781,0.00465732903245078,0.004657329032450781,0.004657329032450782,0.00465732903245078,0.00465732903245078,0.004657329032450781,0.004657329032450781,0.00465732903245078,0.004657329032450782,0.004657329032450781,0.0046573290324507825,0.004657329032450783,0.0046573290324507825,0.004657329032450783,0.004657329032450783,0.004657329032450784,0.004657329032450784,0.004657329032450786,0.004657329032450785,0.004657329032450784,0.004657329032450785,0.004657329032450785,0.004657329032450782,0.004657329032450784,0.004657329032450783,0.004657329032450784,0.004657329032450786,0.004657329032450784,0.004657329032450784,0.004657329032450785,0.004657329032450786,0.004657329032450786,0.004657329032450785,0.004657329032450785,0.004657329032450783,0.0046573290324507825,0.004657329032450784,0.004657329032450784,0.004657329032450784,0.004657329032450785,0.004657329032450783,0.004657329032450785,0.004657329032450783,0.004657329032450784,0.0046573290324507825,0.0046573290324507825,0.004657329032450785,0.004657329032450786,0.004657329032450784,0.004657329032450785,0.004657329032450785,0.004657329032450783,0.004657329032450785,0.004657329032450786,0.004657329032450785,0.004657329032450786,0.004657329032450785,0.004657329032450786,0.004657329032450786,0.004657329032450783,0.004657329032450786,0.004657329032450784,0.004657329032450784,0.004657329032450786,0.004657329032450785,0.004657329032450785,0.004657329032450786,0.004657329032450784,0.004657329032450785,0.004657329032450784,0.004657329032450784,0.004657329032450783,0.004657329032450783,0.004657329032450783,0.004657329032450782,0.004657329032450783,0.004657329032450783,0.0046573290324507825,0.004657329032450784,0.004657329032450783,0.0046573290324507825,0.004657329032450784,0.0046573290324507825,0.004657329032450786,0.004657329032450786,0.004657329032450786,0.004657329032450786,0.004657329032450786,0.004657329032450788,0.004657329032450787,0.004657329032450788,0.004657329032450788,0.004657329032450786,0.004657329032450786,0.004657329032450786,0.004657329032450785,0.004657329032450785,0.004657329032450784,0.004657329032450784,0.0046573290324507825,0.0046573290324507825,0.0046573290324507825,0.004657329032450783,0.004657329032450783,0.004657329032450783,0.0046573290324507825,0.004657329032450783,0.004657329032450785,0.004657329032450786,0.004657329032450787,0.004657329032450787,0.004657329032450788,0.00465732903245079,0.0046573290324507894,0.004657329032450788,0.0046573290324507894,0.004657329032450787,0.004657329032450788,0.0046573290324507894,0.004657329032450787,0.0046573290324507894,0.004657329032450789,0.0046573290324507894,0.004657329032450789,0.004657329032450788,0.004657329032450788,0.004657329032450786,0.004657329032450785,0.004657329032450786,0.004657329032450787,0.004657329032450787,0.004657329032450785,0.004657329032450786,0.004657329032450786,0.004657329032450787,0.004657329032450789,0.0046573290324507894,0.0046573290324507894,0.0046573290324507894,0.004657329032450788,0.0046573290324507894,0.0046573290324507894,0.00465732903245079,0.004657329032450791,0.00465732903245079,0.00465732903245079,0.004657329032450793,0.004657329032450793,0.004657329032450791,0.004657329032450792,0.004657329032450793,0.004657329032450791,0.004657329032450792,0.004657329032450793,0.004657329032450793,0.004657329032450791,0.004657329032450789,0.0046573290324507894,0.00465732903245079,0.004657329032450793,0.0046573290324507894,0.00465732903245079,0.00465732903245079,0.0046573290324507894,0.00465732903245079,0.0046573290324507894,0.0046573290324507894,0.00465732903245079,0.00465732903245079,0.004657329032450789,0.004657329032450786,0.004657329032450787,0.004657329032450788,0.004657329032450788,0.004657329032450785,0.004657329032450784,0.004657329032450785,0.004657329032450783,0.004657329032450784,0.004657329032450784,0.0046573290324507825,0.004657329032450783,0.004657329032450783,0.0046573290324507825,0.0046573290324507825,0.004657329032450784,0.0046573290324507825,0.0046573290324507825,0.004657329032450783,0.004657329032450784,0.004657329032450782,0.004657329032450783,0.004657329032450785,0.004657329032450786,0.004657329032450786,0.004657329032450786,0.004657329032450787,0.004657329032450786,0.004657329032450785,0.004657329032450786,0.004657329032450786,0.004657329032450785,0.004657329032450788,0.004657329032450785,0.004657329032450786,0.004657329032450788,0.004657329032450789,0.0046573290324507894,0.00465732903245079,0.004657329032450793,0.004657329032450794,0.004657329032450795,0.0046573290324507955,0.004657329032450795,0.004657329032450794,0.004657329032450796,0.004657329032450797,0.004657329032450795,0.004657329032450793,0.004657329032450793,0.004657329032450791,0.004657329032450791,0.004657329032450789,0.00465732903245079,0.004657329032450789,0.004657329032450789,0.004657329032450792,0.004657329032450792,0.00465732903245079,0.0046573290324507955,0.004657329032450791,0.004657329032450792,0.004657329032450797,0.004657329032450797,0.004657329032450795,0.004657329032450795,0.004657329032450795,0.004657329032450795,0.004657329032450795,0.0046573290324507955,0.0046573290324507955,0.004657329032450795,0.004657329032450794,0.004657329032450797,0.004657329032450795,0.004657329032450796,0.004657329032450796,0.004657329032450798,0.004657329032450795,0.004657329032450795,0.004657329032450792,0.004657329032450793,0.004657329032450794,0.004657329032450791,0.004657329032450792,0.004657329032450795,0.004657329032450793,0.004657329032450797,0.004657329032450794,0.004657329032450795,0.004657329032450794,0.004657329032450795,0.0046573290324507955,0.004657329032450795,0.0046573290324507955,0.004657329032450795,0.0046573290324507955,0.004657329032450794,0.004657329032450797,0.004657329032450796,0.004657329032450797,0.004657329032450796,0.004657329032450801,0.004657329032450795,0.0046573290324507955,0.004657329032450797,0.004657329032450795,0.004657329032450793,0.004657329032450796,0.0046573290324507955,0.004657329032450797,0.004657329032450792,0.004657329032450795,0.004657329032450795,0.0046573290324507825,0.004657329032450783,0.0046573290324507825,0.004657329032450782,0.0046573290324507825,0.004657329032450784,0.004657329032450783,0.004657329032450783,0.0046573290324507825,0.0046573290324507825,0.004657329032450784,0.004657329032450782,0.004657329032450784,0.004657329032450784,0.004657329032450785,0.0046573290324507825,0.004657329032450783,0.0046573290324507825,0.004657329032450783,0.004657329032450784,0.004657329032450783,0.004657329032450783,0.004657329032450783,0.004657329032450781,0.004657329032450782,0.004657329032450782,0.0046573290324507825,0.00465732903245078,0.004657329032450781,0.004657329032450779,0.004657329032450777,0.004657329032450775,0.004657329032450779,0.004657329032450778,0.004657329032450778,0.004657329032450778,0.004657329032450778,0.004657329032450777,0.004657329032450779,0.004657329032450778,0.004657329032450777,0.004657329032450778,0.004657329032450778,0.004657329032450779,0.004657329032450779,0.004657329032450778,0.004657329032450778,0.004657329032450779,0.004657329032450778,0.004657329032450777,0.004657329032450777,0.004657329032450779,0.004657329032450779,0.004657329032450779,0.004657329032450778,0.004657329032450782,0.00465732903245078,0.004657329032450782,0.004657329032450781,0.004657329032450781,0.00465732903245078,0.004657329032450781,0.004657329032450781,0.00465732903245078,0.004657329032450781,0.00465732903245078,0.004657329032450779,0.004657329032450779,0.004657329032450782,0.004657329032450781,0.004657329032450782,0.00465732903245078,0.0046573290324507825,0.004657329032450782,0.004657329032450781,0.004657329032450782,0.004657329032450783,0.004657329032450784,0.004657329032450783,0.004657329032450786,0.004657329032450783,0.004657329032450785,0.004657329032450784,0.004657329032450786,0.004657329032450787,0.004657329032450786,0.004657329032450785,0.004657329032450786,0.004657329032450785,0.0046573290324507825,0.0046573290324507825,0.004657329032450783,0.004657329032450786,0.004657329032450783,0.004657329032450781,0.004657329032450781,0.004657329032450781,0.004657329032450781,0.004657329032450779,0.004657329032450782,0.00465732903245078,0.004657329032450782,0.004657329032450779,0.004657329032450779,0.004657329032450782,0.004657329032450781,0.004657329032450782,0.0046573290324507825,0.0046573290324507825,0.0046573290324507825,0.004657329032450784,0.004657329032450783,0.004657329032450783,0.004657329032450784,0.004657329032450783,0.004657329032450783,0.004657329032450784,0.004657329032450787,0.004657329032450783,0.004657329032450783,0.004657329032450784,0.004657329032450786,0.004657329032450786,0.004657329032450786,0.004657329032450785,0.004657329032450785,0.004657329032450786,0.004657329032450785,0.004657329032450783,0.004657329032450783,0.004657329032450783,0.004657329032450784,0.0046573290324507825,0.004657329032450783,0.004657329032450783,0.0046573290324507825,0.0046573290324507825,0.004657329032450783,0.004657329032450783,0.004657329032450784,0.004657329032450784,0.004657329032450783,0.004657329032450784,0.0046573290324507825,0.004657329032450784,0.004657329032450784,0.004657329032450781,0.004657329032450783,0.004657329032450781,0.0046573290324507825,0.004657329032450782,0.004657329032450783,0.004657329032450782,0.004657329032450781,0.004657329032450782,0.004657329032450781,0.00465732903245078,0.004657329032450779,0.00465732903245078,0.004657329032450781,0.004657329032450777,0.004657329032450778,0.004657329032450782,0.004657329032450781,0.004657329032450782,0.004657329032450782,0.004657329032450782,0.004657329032450779,0.004657329032450779,0.004657329032450781,0.00465732903245078,0.0046573290324507825,0.004657329032450781,0.004657329032450784,0.004657329032450783,0.004657329032450782,0.00465732903245078,0.004657329032450778,0.004657329032450778,0.004657329032450779,0.004657329032450779,0.004657329032450776,0.004657329032450778,0.00465732903245078,0.004657329032450776,0.004657329032450776,0.004657329032450778,0.004657329032450777,0.004657329032450777,0.004657329032450778,0.004657329032450779,0.004657329032450778,0.004657329032450779,0.004657329032450779,0.004657329032450778,0.004657329032450779,0.004657329032450779,0.004657329032450779,0.004657329032450778,0.004657329032450778,0.004657329032450779,0.004657329032450778,0.004657329032450778,0.004657329032450777,0.004657329032450779,0.004657329032450777,0.004657329032450779,0.004657329032450779,0.004657329032450777,0.004657329032450779,0.004657329032450776,0.004657329032450777,0.004657329032450776,0.004657329032450777,0.004657329032450778,0.004657329032450776,0.004657329032450778,0.0046573290324507756,0.004657329032450776,0.004657329032450778,0.004657329032450776,0.004657329032450776,0.004657329032450778,0.004657329032450776,0.004657329032450777,0.004657329032450777,0.004657329032450778,0.00465732903245078,0.00465732903245078,0.00465732903245078,0.004657329032450779,0.004657329032450779,0.00465732903245078,0.00465732903245078,0.004657329032450779,0.00465732903245078,0.004657329032450782,0.004657329032450781,0.004657329032450783,0.004657329032450783,0.0046573290324507825,0.004657329032450783,0.004657329032450783,0.004657329032450782,0.0046573290324507825,0.004657329032450783,0.004657329032450786,0.004657329032450788,0.004657329032450789,0.004657329032450788,0.004657329032450789,0.0046573290324507894,0.00465732903245079,0.004657329032450788,0.004657329032450791,0.0046573290324507894,0.004657329032450788,0.0046573290324507894,0.004657329032450788,0.004657329032450787,0.0046573290324507894,0.004657329032450788,0.004657329032450789,0.004657329032450788,0.004657329032450789,0.004657329032450788,0.004657329032450787,0.004657329032450785,0.004657329032450786,0.004657329032450788,0.004657329032450788,0.004657329032450788,0.004657329032450788,0.004657329032450787,0.004657329032450787,0.004657329032450788,0.004657329032450788,0.004657329032450787,0.004657329032450788,0.004657329032450788,0.004657329032450788,0.004657329032450789,0.004657329032450788,0.004657329032450788,0.00465732903245079,0.004657329032450789,0.0046573290324507894,0.004657329032450789,0.004657329032450787,0.004657329032450787,0.004657329032450788,0.004657329032450788,0.004657329032450788,0.0046573290324507894,0.00465732903245079,0.00465732903245079,0.0046573290324507894,0.00465732903245079,0.004657329032450789,0.00465732903245079,0.00465732903245079,0.004657329032450791,0.004657329032450791,0.004657329032450792,0.0046573290324507894,0.004657329032450791,0.004657329032450792,0.004657329032450793,0.004657329032450793,0.004657329032450793,0.004657329032450792,0.004657329032450793,0.004657329032450793,0.004657329032450793,0.00465732903245079,0.00465732903245079,0.0046573290324507894,0.004657329032450789,0.004657329032450787,0.0046573290324507894,0.004657329032450789,0.004657329032450787,0.004657329032450786,0.004657329032450789,0.004657329032450789,0.004657329032450788,0.004657329032450788,0.004657329032450789,0.004657329032450789,0.004657329032450786,0.0046573290324507894,0.004657329032450788,0.004657329032450789,0.004657329032450789,0.004657329032450788,0.0046573290324507894,0.004657329032450787,0.004657329032450787,0.0046573290324507894,0.004657329032450787,0.004657329032450786,0.004657329032450787,0.004657329032450788,0.004657329032450789,0.0046573290324507894,0.0046573290324507894,0.004657329032450791,0.004657329032450791,0.004657329032450791,0.004657329032450791,0.0046573290324507894,0.00465732903245079,0.0046573290324507894,0.004657329032450789,0.00465732903245079,0.00465732903245079,0.0046573290324507894,0.004657329032450789,0.004657329032450788,0.004657329032450788,0.004657329032450787,0.004657329032450788,0.004657329032450788,0.0046573290324507894,0.004657329032450786,0.004657329032450787,0.004657329032450789,0.00465732903245079,0.00465732903245079,0.0046573290324507894,0.0046573290324507894,0.004657329032450791,0.00465732903245079,0.00465732903245079,0.00465732903245079,0.004657329032450791,0.004657329032450792,0.004657329032450791,0.00465732903245079,0.00465732903245079,0.0046573290324507894,0.004657329032450789,0.0046573290324507894,0.004657329032450788,0.004657329032450788,0.00465732903245079,0.004657329032450791,0.004657329032450787,0.004657329032450789,0.004657329032450789,0.004657329032450788,0.004657329032450788,0.004657329032450788,0.004657329032450787,0.004657329032450789,0.004657329032450788,0.0046573290324507894,0.004657329032450787,0.004657329032450787,0.004657329032450787,0.004657329032450786,0.004657329032450786,0.004657329032450785,0.004657329032450786,0.004657329032450787,0.004657329032450787,0.00465732903245079,0.0046573290324507894,0.0046573290324507894,0.00465732903245079,0.004657329032450791,0.0046573290324507894,0.00465732903245079,0.00465732903245079,0.0046573290324507894,0.0046573290324507894,0.004657329032450793,0.004657329032450793,0.004657329032450792,0.004657329032450792,0.004657329032450792,0.004657329032450794,0.00465732903245079,0.00465732903245079,0.004657329032450791,0.004657329032450791,0.004657329032450793,0.004657329032450792,0.004657329032450791,0.004657329032450792,0.004657329032450792,0.004657329032450793,0.004657329032450792,0.00465732903245079,0.00465732903245079,0.004657329032450791,0.004657329032450791,0.004657329032450791,0.004657329032450791,0.004657329032450791,0.004657329032450791,0.00465732903245079,0.00465732903245079,0.0046573290324507894,0.004657329032450788,0.004657329032450789,0.004657329032450788,0.0046573290324507894,0.004657329032450788,0.004657329032450788,0.0046573290324507894,0.0046573290324507894,0.004657329032450789,0.00465732903245079,0.0046573290324507894,0.004657329032450788,0.004657329032450789,0.004657329032450788,0.004657329032450788,0.004657329032450789,0.004657329032450789,0.004657329032450786,0.004657329032450787,0.004657329032450788,0.004657329032450788,0.004657329032450785,0.004657329032450786,0.004657329032450786,0.004657329032450785,0.004657329032450783,0.004657329032450786,0.004657329032450786,0.004657329032450784,0.004657329032450783,0.0046573290324507825,0.004657329032450784,0.004657329032450782,0.004657329032450782,0.004657329032450783,0.004657329032450783,0.004657329032450782,0.004657329032450781,0.004657329032450782,0.004657329032450783,0.004657329032450783,0.004657329032450784,0.0046573290324507825,0.004657329032450784,0.004657329032450784,0.004657329032450783,0.004657329032450788,0.004657329032450786,0.004657329032450786,0.004657329032450786,0.004657329032450786,0.004657329032450788,0.004657329032450786,0.004657329032450784,0.004657329032450785,0.004657329032450787,0.004657329032450789,0.004657329032450788,0.004657329032450787,0.004657329032450788,0.004657329032450787,0.004657329032450786,0.004657329032450785,0.004657329032450785,0.004657329032450785,0.004657329032450785,0.004657329032450783,0.004657329032450784,0.004657329032450784,0.004657329032450783,0.004657329032450784,0.004657329032450784,0.004657329032450784,0.004657329032450785,0.004657329032450786,0.004657329032450784,0.004657329032450785,0.004657329032450785,0.004657329032450783,0.004657329032450785,0.004657329032450784,0.004657329032450783,0.0046573290324507825,0.004657329032450781,0.00465732903245078,0.004657329032450782,0.004657329032450781,0.004657329032450781,0.004657329032450781,0.0046573290324507825,0.004657329032450781,0.0046573290324507825,0.004657329032450781,0.00465732903245078,0.004657329032450782,0.0046573290324507825,0.004657329032450783,0.004657329032450784,0.0046573290324507825,0.004657329032450784,0.0046573290324507825,0.004657329032450785,0.004657329032450786,0.004657329032450786,0.004657329032450788,0.004657329032450787,0.004657329032450785,0.004657329032450786,0.004657329032450787,0.004657329032450788,0.004657329032450786,0.004657329032450787,0.004657329032450786,0.004657329032450785,0.004657329032450785,0.004657329032450785,0.004657329032450784,0.004657329032450784,0.004657329032450784,0.004657329032450784,0.004657329032450785,0.004657329032450784,0.0046573290324507825,0.004657329032450783,0.004657329032450784,0.0046573290324507825,0.004657329032450783,0.004657329032450785,0.004657329032450785,0.004657329032450784,0.004657329032450783,0.004657329032450783,0.004657329032450786,0.004657329032450784,0.004657329032450783,0.004657329032450783,0.004657329032450783,0.0046573290324507825,0.004657329032450784,0.0046573290324507825,0.004657329032450783,0.004657329032450783,0.004657329032450785,0.004657329032450784,0.004657329032450784,0.004657329032450785,0.004657329032450784,0.0046573290324507825,0.004657329032450783,0.004657329032450784,0.0046573290324507825,0.004657329032450784,0.004657329032450783,0.004657329032450784,0.004657329032450783,0.004657329032450785,0.004657329032450783,0.004657329032450785,0.004657329032450783,0.0046573290324507825,0.004657329032450783,0.004657329032450782,0.004657329032450783,0.004657329032450782,0.004657329032450782,0.00465732903245078,0.00465732903245078,0.004657329032450781,0.004657329032450782,0.004657329032450781,0.004657329032450781,0.004657329032450782,0.004657329032450781,0.00465732903245078,0.004657329032450781,0.004657329032450782,0.00465732903245078,0.00465732903245078,0.00465732903245078,0.004657329032450782,0.004657329032450784,0.004657329032450783,0.0046573290324507825,0.004657329032450783,0.004657329032450784,0.004657329032450786,0.004657329032450784,0.004657329032450785,0.004657329032450783,0.004657329032450783,0.004657329032450782,0.0046573290324507825,0.004657329032450784,0.0046573290324507825,0.004657329032450784,0.004657329032450784,0.004657329032450784,0.004657329032450784,0.004657329032450784,0.004657329032450784,0.0046573290324507825,0.004657329032450783,0.004657329032450783,0.004657329032450783,0.0046573290324507825,0.0046573290324507825,0.004657329032450783,0.0046573290324507825,0.0046573290324507825,0.004657329032450782,0.0046573290324507825,0.0046573290324507825,0.0046573290324507825,0.004657329032450783,0.0046573290324507825,0.004657329032450782,0.0046573290324507825,0.004657329032450782,0.004657329032450782,0.0046573290324507825,0.004657329032450784,0.0046573290324507825,0.0046573290324507825,0.0046573290324507825,0.004657329032450783,0.004657329032450783,0.0046573290324507825,0.004657329032450782,0.004657329032450779,0.004657329032450781,0.004657329032450782,0.004657329032450782,0.004657329032450781,0.004657329032450783,0.004657329032450781,0.0046573290324507825,0.004657329032450782,0.00465732903245078,0.004657329032450782,0.004657329032450781,0.004657329032450782,0.004657329032450782,0.0046573290324507825,0.004657329032450782,0.004657329032450782,0.0046573290324507825,0.004657329032450782,0.004657329032450782,0.004657329032450783,0.004657329032450784,0.004657329032450782,0.004657329032450783,0.004657329032450783,0.004657329032450782,0.004657329032450784,0.0046573290324507825,0.004657329032450783,0.004657329032450783,0.0046573290324507825,0.004657329032450783,0.004657329032450781,0.004657329032450783,0.004657329032450783,0.004657329032450784,0.004657329032450785,0.004657329032450781,0.004657329032450783,0.004657329032450783,0.004657329032450783,0.004657329032450782,0.004657329032450786,0.004657329032450782,0.004657329032450785,0.004657329032450786,0.004657329032450783,0.004657329032450785,0.004657329032450787,0.004657329032450787,0.004657329032450785,0.004657329032450786,0.004657329032450785,0.004657329032450784,0.004657329032450782,0.004657329032450778,0.004657329032450779,0.004657329032450778,0.004657329032450778,0.004657329032450778,0.004657329032450779,0.004657329032450779,0.00465732903245078,0.00465732903245078,0.004657329032450779,0.004657329032450779,0.00465732903245078,0.00465732903245078,0.004657329032450779,0.004657329032450779,0.00465732903245078,0.004657329032450779,0.004657329032450778,0.004657329032450778,0.004657329032450779,0.004657329032450776,0.004657329032450779,0.004657329032450777,0.004657329032450777,0.004657329032450776,0.0046573290324507756,0.004657329032450778,0.004657329032450774,0.0046573290324507756,0.004657329032450775,0.0046573290324507756,0.004657329032450776,0.004657329032450776,0.004657329032450776,0.004657329032450776,0.004657329032450776,0.0046573290324507756,0.004657329032450774,0.004657329032450776,0.004657329032450776,0.004657329032450776,0.00465732903245078,0.004657329032450776,0.004657329032450779,0.004657329032450786,0.004657329032450789,0.0046573290324507894,0.004657329032450788,0.00465732903245079,0.0046573290324507894,0.004657329032450789,0.004657329032450789,0.004657329032450789,0.004657329032450789,0.0046573290324507894,0.004657329032450784,0.004657329032450783,0.004657329032450787,0.004657329032450785,0.004657329032450786,0.004657329032450786,0.004657329032450788,0.004657329032450788,0.004657329032450788,0.004657329032450789,0.004657329032450787,0.004657329032450788,0.004657329032450789,0.004657329032450789,0.004657329032450789,0.004657329032450786,0.004657329032450786,0.004657329032450786,0.004657329032450788,0.004657329032450788,0.004657329032450788,0.00465732903245079,0.00465732903245079,0.004657329032450788,0.004657329032450786,0.004657329032450788,0.004657329032450787,0.004657329032450789,0.0046573290324507894,0.004657329032450788,0.004657329032450788,0.004657329032450788,0.004657329032450789,0.0046573290324507894,0.00465732903245079,0.0046573290324507894,0.0046573290324507894,0.004657329032450789,0.004657329032450791,0.00465732903245079,0.004657329032450791,0.00465732903245079,0.00465732903245079,0.00465732903245079,0.00465732903245079,0.00465732903245079,0.004657329032450791,0.004657329032450791,0.004657329032450791,0.00465732903245079,0.00465732903245079,0.004657329032450792,0.004657329032450791,0.004657329032450791,0.004657329032450792,0.004657329032450792,0.004657329032450791,0.004657329032450793,0.004657329032450791,0.004657329032450793,0.004657329032450791,0.00465732903245079,0.004657329032450791,0.0046573290324507894,0.00465732903245079,0.004657329032450791,0.004657329032450791,0.0046573290324507894,0.004657329032450795,0.004657329032450797,0.004657329032450796,0.004657329032450796,0.004657329032450797,0.004657329032450797,0.0046573290324508,0.004657329032450797,0.004657329032450799,0.004657329032450797,0.004657329032450797,0.004657329032450797,0.004657329032450797,0.004657329032450797,0.004657329032450796,0.004657329032450797,0.004657329032450798,0.0046573290324508,0.004657329032450798,0.004657329032450796,0.004657329032450797,0.004657329032450796,0.004657329032450797,0.004657329032450799,0.004657329032450796,0.004657329032450797,0.0046573290324507955,0.004657329032450795,0.004657329032450797,0.004657329032450796,0.0046573290324507955,0.004657329032450796,0.004657329032450797,0.004657329032450802,0.004657329032450799,0.004657329032450799,0.004657329032450799,0.0046573290324508,0.004657329032450799,0.004657329032450799,0.004657329032450799,0.0046573290324508,0.004657329032450797,0.004657329032450801,0.0046573290324508,0.004657329032450799,0.0046573290324508,0.004657329032450799,0.0046573290324508,0.004657329032450799,0.004657329032450799,0.0046573290324508,0.0046573290324508,0.004657329032450799,0.004657329032450799,0.004657329032450801,0.0046573290324508,0.004657329032450799,0.004657329032450801,0.004657329032450797,0.004657329032450799,0.0046573290324508,0.004657329032450802,0.004657329032450801,0.004657329032450799,0.0046573290324508,0.0046573290324508,0.0046573290324508,0.004657329032450801,0.004657329032450799,0.0046573290324508,0.004657329032450799,0.004657329032450799,0.004657329032450801,0.004657329032450799,0.0046573290324508,0.004657329032450801,0.004657329032450802,0.004657329032450802,0.004657329032450801,0.004657329032450801,0.0046573290324508024,0.0046573290324508024,0.004657329032450802,0.004657329032450802,0.004657329032450802,0.004657329032450802,0.004657329032450804,0.004657329032450804,0.004657329032450803,0.004657329032450803,0.004657329032450804,0.004657329032450804,0.004657329032450805,0.004657329032450804,0.004657329032450804,0.004657329032450804,0.004657329032450804,0.004657329032450801,0.004657329032450799,0.004657329032450801,0.004657329032450799,0.004657329032450802,0.004657329032450801,0.004657329032450799,0.004657329032450799,0.0046573290324508,0.004657329032450801,0.004657329032450802,0.004657329032450799,0.0046573290324508,0.004657329032450801,0.004657329032450802,0.004657329032450801,0.004657329032450802,0.004657329032450801,0.004657329032450802,0.004657329032450801,0.004657329032450801,0.004657329032450801,0.004657329032450801,0.004657329032450801,0.004657329032450799,0.004657329032450801,0.004657329032450802,0.004657329032450801,0.004657329032450802,0.004657329032450802,0.0046573290324508024,0.004657329032450803,0.0046573290324508024,0.0046573290324508024,0.004657329032450802,0.0046573290324508024,0.004657329032450803,0.004657329032450804,0.004657329032450805,0.004657329032450803,0.004657329032450805,0.004657329032450806,0.004657329032450805,0.004657329032450805,0.004657329032450806,0.004657329032450806,0.004657329032450805,0.004657329032450806,0.004657329032450804,0.004657329032450806,0.004657329032450804,0.004657329032450806,0.004657329032450805,0.004657329032450804,0.004657329032450804,0.004657329032450806,0.004657329032450805,0.004657329032450805,0.004657329032450802,0.004657329032450805,0.004657329032450805,0.004657329032450807,0.004657329032450807,0.004657329032450806,0.004657329032450807,0.004657329032450805,0.004657329032450806,0.004657329032450806,0.004657329032450807,0.004657329032450802,0.004657329032450804,0.004657329032450805,0.004657329032450806,0.004657329032450803,0.004657329032450803,0.004657329032450804,0.004657329032450803,0.004657329032450804,0.0046573290324508024,0.004657329032450803,0.004657329032450804,0.004657329032450804,0.004657329032450804,0.004657329032450806,0.004657329032450805,0.004657329032450807,0.0046573290324508085,0.004657329032450807,0.0046573290324508085,0.0046573290324508085,0.004657329032450808,0.004657329032450809,0.0046573290324508085,0.004657329032450809,0.0046573290324508085,0.004657329032450809,0.004657329032450807,0.004657329032450806,0.004657329032450806,0.004657329032450805,0.004657329032450804,0.004657329032450804,0.004657329032450805,0.004657329032450806,0.004657329032450804,0.004657329032450804,0.004657329032450806,0.004657329032450805,0.004657329032450804,0.004657329032450806,0.004657329032450805,0.004657329032450804,0.004657329032450806,0.004657329032450803,0.004657329032450803,0.004657329032450807,0.004657329032450806,0.004657329032450807,0.004657329032450805,0.004657329032450806,0.004657329032450807,0.004657329032450804,0.0046573290324508085,0.004657329032450806,0.0046573290324508085,0.0046573290324508085,0.004657329032450811,0.00465732903245081,0.004657329032450811,0.004657329032450811,0.004657329032450809,0.00465732903245081,0.004657329032450809,0.00465732903245081,0.004657329032450808,0.0046573290324508085,0.00465732903245081,0.004657329032450809,0.004657329032450807,0.0046573290324508085,0.004657329032450806,0.0046573290324508085,0.004657329032450805,0.004657329032450807,0.004657329032450807,0.004657329032450806,0.004657329032450807,0.004657329032450807,0.004657329032450806,0.004657329032450806,0.004657329032450806,0.004657329032450806,0.004657329032450806,0.004657329032450806,0.004657329032450807,0.0046573290324508085,0.0046573290324508085,0.004657329032450808,0.0046573290324508085,0.004657329032450808,0.004657329032450808,0.004657329032450807,0.004657329032450805,0.004657329032450805,0.004657329032450806,0.004657329032450805,0.004657329032450805,0.004657329032450806,0.0046573290324508085,0.0046573290324508085,0.004657329032450806,0.004657329032450809,0.0046573290324508085,0.004657329032450808,0.0046573290324508085,0.004657329032450807,0.0046573290324508085,0.00465732903245081,0.004657329032450809,0.00465732903245081,0.0046573290324508085,0.00465732903245081,0.0046573290324508085,0.004657329032450811,0.00465732903245081,0.0046573290324508085,0.004657329032450809,0.0046573290324508085,0.00465732903245081,0.004657329032450808,0.0046573290324508085,0.00465732903245081,0.00465732903245081,0.00465732903245081,0.004657329032450811,0.004657329032450811,0.004657329032450811,0.004657329032450809,0.004657329032450811,0.0046573290324508085,0.0046573290324508085,0.004657329032450808,0.004657329032450808,0.004657329032450811,0.004657329032450809,0.00465732903245081,0.004657329032450809,0.004657329032450811,0.00465732903245081,0.00465732903245081,0.004657329032450809,0.004657329032450809,0.00465732903245081,0.00465732903245081,0.0046573290324508085,0.004657329032450811,0.00465732903245081,0.00465732903245081,0.004657329032450811,0.004657329032450811,0.00465732903245081,0.004657329032450811,0.004657329032450812,0.004657329032450811,0.004657329032450812,0.004657329032450809,0.004657329032450811,0.00465732903245081,0.00465732903245081,0.004657329032450809,0.004657329032450811,0.00465732903245081,0.004657329032450811,0.00465732903245081,0.00465732903245081,0.004657329032450812,0.00465732903245081,0.004657329032450813,0.004657329032450811,0.00465732903245081,0.0046573290324508085,0.004657329032450808,0.0046573290324508085,0.0046573290324508085,0.0046573290324508085,0.0046573290324508085,0.0046573290324508085,0.004657329032450809,0.0046573290324508085,0.00465732903245081,0.00465732903245081,0.004657329032450811,0.00465732903245081,0.004657329032450813,0.004657329032450811,0.004657329032450814,0.004657329032450813,0.004657329032450812,0.004657329032450811,0.004657329032450814,0.004657329032450813,0.00465732903245081,0.004657329032450811,0.004657329032450812,0.004657329032450811,0.004657329032450813,0.00465732903245081,0.00465732903245081,0.004657329032450811,0.004657329032450811,0.004657329032450811,0.004657329032450812,0.004657329032450811,0.004657329032450814,0.004657329032450813,0.004657329032450813,0.004657329032450813,0.004657329032450813,0.004657329032450815,0.004657329032450816,0.004657329032450817,0.004657329032450818,0.0046573290324508155,0.004657329032450815,0.004657329032450813,0.004657329032450814,0.004657329032450816,0.004657329032450815,0.004657329032450816,0.0046573290324508155,0.004657329032450814,0.004657329032450813,0.004657329032450813,0.004657329032450813,0.00465732903245081,0.004657329032450812,0.004657329032450812,0.00465732903245081,0.00465732903245081,0.004657329032450812,0.004657329032450813,0.0046573290324508155,0.0046573290324508155,0.004657329032450816,0.004657329032450816,0.004657329032450817,0.004657329032450816,0.0046573290324508155,0.0046573290324508155,0.0046573290324508155,0.0046573290324508155,0.004657329032450815,0.0046573290324508155,0.0046573290324508155,0.004657329032450814,0.004657329032450815,0.0046573290324508155,0.004657329032450815,0.004657329032450814,0.0046573290324508155,0.004657329032450815,0.004657329032450814,0.0046573290324508155,0.004657329032450816,0.0046573290324508155,0.004657329032450818,0.004657329032450819,0.004657329032450821,0.00465732903245082,0.0046573290324508215,0.004657329032450821,0.0046573290324508215,0.00465732903245082,0.00465732903245082,0.004657329032450819,0.00465732903245082,0.004657329032450816,0.004657329032450816,0.004657329032450817,0.004657329032450816,0.004657329032450817,0.004657329032450817,0.0046573290324508155,0.004657329032450817,0.004657329032450818,0.004657329032450818,0.004657329032450819,0.004657329032450817,0.004657329032450818,0.0046573290324508155,0.004657329032450815,0.004657329032450815,0.004657329032450814,0.0046573290324508155,0.004657329032450818,0.004657329032450818,0.00465732903245082,0.004657329032450819,0.004657329032450818,0.004657329032450819,0.004657329032450819,0.004657329032450819,0.00465732903245082,0.0046573290324508215,0.00465732903245082,0.00465732903245082,0.00465732903245082,0.004657329032450818,0.004657329032450819,0.004657329032450817,0.004657329032450817,0.004657329032450817,0.004657329032450819,0.004657329032450817,0.004657329032450817,0.0046573290324508155,0.004657329032450816,0.004657329032450817,0.004657329032450821,0.004657329032450819,0.004657329032450817,0.004657329032450818,0.004657329032450817,0.004657329032450818,0.004657329032450819,0.00465732903245082,0.00465732903245082,0.00465732903245082,0.0046573290324508215,0.004657329032450821,0.0046573290324508215,0.0046573290324508215,0.0046573290324508215,0.004657329032450822,0.0046573290324508215,0.00465732903245082,0.004657329032450819,0.004657329032450818,0.004657329032450818,0.004657329032450819,0.004657329032450818,0.0046573290324508215,0.0046573290324508215,0.0046573290324508215,0.004657329032450824,0.004657329032450823,0.004657329032450824,0.004657329032450824,0.004657329032450822,0.004657329032450824,0.004657329032450826,0.004657329032450823,0.004657329032450824,0.004657329032450824,0.004657329032450824,0.004657329032450824,0.004657329032450828,0.004657329032450826,0.004657329032450825,0.004657329032450824,0.004657329032450825,0.004657329032450824,0.004657329032450826,0.004657329032450826,0.004657329032450825,0.004657329032450824,0.004657329032450828,0.004657329032450825,0.004657329032450827,0.004657329032450825,0.004657329032450825,0.004657329032450826,0.004657329032450827,0.004657329032450824,0.004657329032450825,0.004657329032450825,0.004657329032450825,0.004657329032450824,0.004657329032450824,0.004657329032450825,0.004657329032450826,0.004657329032450824,0.004657329032450826,0.004657329032450824,0.004657329032450827,0.004657329032450827,0.004657329032450827,0.004657329032450827,0.004657329032450826,0.004657329032450827,0.004657329032450826,0.004657329032450826,0.004657329032450826,0.004657329032450827,0.004657329032450828,0.004657329032450827,0.004657329032450827,0.004657329032450826,0.004657329032450826,0.004657329032450827,0.004657329032450826,0.0046573290324508285,0.004657329032450827,0.004657329032450827,0.004657329032450828,0.004657329032450827,0.004657329032450828,0.004657329032450826,0.004657329032450826,0.004657329032450824,0.004657329032450824,0.004657329032450825,0.004657329032450825,0.004657329032450825,0.004657329032450824,0.004657329032450828,0.004657329032450827,0.004657329032450826,0.004657329032450827,0.004657329032450827,0.004657329032450825,0.004657329032450824,0.004657329032450826,0.004657329032450827,0.004657329032450827,0.004657329032450827,0.004657329032450825,0.004657329032450827,0.004657329032450826,0.004657329032450825,0.0046573290324508285,0.004657329032450827,0.004657329032450827,0.004657329032450827,0.004657329032450827,0.004657329032450828,0.004657329032450827,0.004657329032450828,0.00465732903245083,0.0046573290324508285,0.004657329032450829,0.0046573290324508285,0.004657329032450827,0.004657329032450827,0.004657329032450829,0.004657329032450829,0.004657329032450829,0.004657329032450829,0.00465732903245083,0.004657329032450831,0.0046573290324508285,0.00465732903245083,0.004657329032450829,0.004657329032450829,0.004657329032450831,0.004657329032450831,0.004657329032450829,0.004657329032450829,0.0046573290324508285,0.004657329032450829,0.0046573290324508285,0.004657329032450828,0.004657329032450827,0.004657329032450829,0.004657329032450826,0.0046573290324508285,0.004657329032450827,0.0046573290324508285,0.004657329032450827,0.0046573290324508285,0.004657329032450827,0.004657329032450827,0.0046573290324508285,0.0046573290324508285,0.004657329032450827,0.0046573290324508285,0.004657329032450827,0.004657329032450829,0.004657329032450826,0.004657329032450827,0.004657329032450829,0.004657329032450827,0.004657329032450828,0.004657329032450827,0.0046573290324508285,0.0046573290324508285,0.004657329032450831,0.0046573290324508285,0.004657329032450828,0.004657329032450827,0.0046573290324508285,0.004657329032450827,0.004657329032450829,0.0046573290324508285,0.0046573290324508285,0.00465732903245083,0.004657329032450827,0.004657329032450825,0.004657329032450824,0.004657329032450827,0.004657329032450824,0.004657329032450828,0.004657329032450824,0.004657329032450822,0.0046573290324508215,0.00465732903245082,0.0046573290324508215,0.00465732903245082,0.004657329032450819,0.004657329032450821,0.0046573290324508215,0.0046573290324508215,0.00465732903245082,0.004657329032450821,0.0046573290324508215,0.0046573290324508215,0.00465732903245082,0.004657329032450821,0.004657329032450821,0.004657329032450821,0.004657329032450819,0.00465732903245082,0.00465732903245082,0.00465732903245082,0.00465732903245082,0.00465732903245082,0.0046573290324508215,0.0046573290324508215,0.0046573290324508215,0.00465732903245082,0.00465732903245082,0.004657329032450821,0.004657329032450821,0.0046573290324508215,0.0046573290324508215,0.004657329032450822,0.0046573290324508215,0.004657329032450822,0.004657329032450822,0.004657329032450822,0.004657329032450822,0.0046573290324508215,0.004657329032450821,0.00465732903245082,0.004657329032450821,0.0046573290324508215,0.00465732903245082,0.00465732903245082,0.004657329032450819,0.00465732903245082,0.004657329032450821,0.0046573290324508215,0.004657329032450822,0.004657329032450824,0.0046573290324508215,0.004657329032450822,0.0046573290324508215,0.0046573290324508215,0.004657329032450824,0.0046573290324508215,0.0046573290324508215,0.004657329032450822,0.00465732903245082,0.004657329032450822,0.0046573290324508215,0.0046573290324508215,0.0046573290324508215,0.004657329032450822,0.00465732903245082,0.00465732903245082,0.004657329032450821,0.004657329032450821,0.00465732903245082,0.0046573290324508215,0.004657329032450821,0.004657329032450819,0.00465732903245082,0.004657329032450821,0.004657329032450821,0.0046573290324508215,0.004657329032450821,0.004657329032450824,0.004657329032450822,0.004657329032450823,0.004657329032450823,0.0046573290324508215,0.0046573290324508215,0.0046573290324508215,0.004657329032450823,0.004657329032450821,0.00465732903245082,0.0046573290324508215,0.00465732903245082,0.00465732903245082,0.0046573290324508215,0.004657329032450819,0.00465732903245082,0.004657329032450819,0.004657329032450818,0.004657329032450818,0.004657329032450816,0.004657329032450818,0.00465732903245082,0.004657329032450818,0.004657329032450817,0.004657329032450818,0.004657329032450818,0.004657329032450819,0.00465732903245082,0.004657329032450819,0.004657329032450818,0.004657329032450819,0.00465732903245082,0.004657329032450819,0.00465732903245082,0.00465732903245082,0.00465732903245082,0.0046573290324508215,0.00465732903245082,0.00465732903245082,0.00465732903245082,0.004657329032450821,0.00465732903245082,0.004657329032450817,0.00465732903245082,0.004657329032450819,0.004657329032450819,0.004657329032450819,0.004657329032450821,0.004657329032450819,0.004657329032450819,0.00465732903245082,0.00465732903245082,0.004657329032450821,0.00465732903245082,0.004657329032450821,0.00465732903245082,0.00465732903245082,0.004657329032450821,0.004657329032450819,0.004657329032450818,0.00465732903245082,0.0046573290324508215,0.004657329032450821,0.00465732903245082,0.0046573290324508215,0.0046573290324508215,0.0046573290324508215,0.004657329032450821,0.004657329032450821,0.00465732903245082,0.00465732903245082,0.00465732903245082,0.0046573290324508215,0.0046573290324508215,0.004657329032450823,0.0046573290324508215,0.004657329032450822,0.004657329032450823,0.004657329032450822,0.004657329032450824,0.0046573290324508215,0.004657329032450822,0.004657329032450824,0.0046573290324508215,0.004657329032450822,0.004657329032450823,0.004657329032450822,0.004657329032450822,0.0046573290324508215,0.004657329032450824,0.004657329032450824,0.004657329032450825,0.004657329032450823,0.004657329032450824,0.004657329032450824,0.004657329032450825,0.004657329032450824,0.004657329032450824,0.004657329032450825,0.004657329032450824,0.004657329032450823,0.004657329032450823,0.004657329032450823,0.004657329032450824,0.004657329032450823,0.004657329032450822,0.004657329032450824,0.004657329032450822,0.0046573290324508215,0.0046573290324508215,0.004657329032450822,0.004657329032450824,0.004657329032450823,0.0046573290324508215,0.004657329032450824,0.004657329032450825,0.004657329032450824,0.004657329032450826,0.004657329032450824,0.004657329032450823,0.004657329032450824,0.004657329032450824,0.004657329032450825,0.004657329032450824,0.004657329032450824,0.004657329032450825,0.004657329032450825,0.004657329032450826,0.004657329032450824,0.004657329032450825,0.004657329032450825,0.004657329032450824,0.004657329032450824,0.004657329032450823,0.004657329032450825,0.004657329032450823,0.004657329032450823,0.004657329032450824,0.004657329032450825,0.004657329032450824,0.004657329032450825,0.004657329032450825,0.004657329032450824,0.004657329032450824,0.004657329032450826,0.004657329032450825,0.004657329032450825,0.004657329032450824,0.004657329032450822,0.0046573290324508215,0.0046573290324508215,0.004657329032450822,0.004657329032450821,0.004657329032450822,0.004657329032450822,0.004657329032450821,0.004657329032450822,0.004657329032450822,0.004657329032450823,0.0046573290324508215,0.0046573290324508215,0.00465732903245082,0.004657329032450821,0.004657329032450821,0.00465732903245082,0.004657329032450818,0.00465732903245082,0.004657329032450819,0.00465732903245082,0.004657329032450819,0.00465732903245082,0.004657329032450818,0.004657329032450818,0.004657329032450819,0.004657329032450819,0.004657329032450819,0.00465732903245082,0.004657329032450819,0.004657329032450819,0.004657329032450818,0.004657329032450819,0.004657329032450818,0.004657329032450819,0.00465732903245082,0.004657329032450819,0.00465732903245082,0.004657329032450819,0.00465732903245082,0.004657329032450819,0.004657329032450821,0.004657329032450819,0.004657329032450818,0.004657329032450817,0.004657329032450819,0.004657329032450817,0.004657329032450817,0.004657329032450818,0.004657329032450817,0.004657329032450818,0.004657329032450817,0.004657329032450816,0.004657329032450816,0.004657329032450817,0.00465732903245082,0.00465732903245082,0.004657329032450821,0.00465732903245082,0.00465732903245082,0.0046573290324508215,0.004657329032450822,0.0046573290324508215,0.0046573290324508215,0.004657329032450821,0.0046573290324508215,0.004657329032450822,0.0046573290324508215,0.004657329032450821,0.004657329032450822,0.004657329032450823,0.00465732903245082,0.004657329032450824,0.004657329032450827,0.004657329032450823,0.004657329032450824,0.004657329032450824,0.004657329032450824,0.004657329032450823,0.004657329032450823,0.004657329032450824,0.004657329032450824,0.004657329032450824,0.004657329032450827,0.004657329032450825,0.004657329032450825,0.004657329032450825,0.004657329032450824,0.004657329032450824,0.004657329032450824,0.004657329032450825,0.004657329032450825,0.004657329032450824,0.004657329032450824,0.004657329032450824,0.004657329032450824,0.004657329032450825,0.004657329032450823,0.004657329032450824,0.004657329032450824,0.004657329032450823,0.0046573290324508215,0.0046573290324508215,0.0046573290324508215,0.004657329032450825,0.004657329032450822,0.004657329032450824,0.0046573290324508215,0.004657329032450821,0.00465732903245082,0.00465732903245082,0.004657329032450818,0.00465732903245082,0.004657329032450819,0.004657329032450817,0.004657329032450815,0.0046573290324508155,0.0046573290324508155,0.004657329032450814,0.0046573290324508155,0.004657329032450815,0.004657329032450815,0.0046573290324508155,0.0046573290324508155,0.0046573290324508155,0.004657329032450815,0.004657329032450817,0.0046573290324508155,0.004657329032450816,0.004657329032450816,0.0046573290324508155,0.004657329032450816,0.0046573290324508155,0.0046573290324508155,0.004657329032450818,0.004657329032450816,0.004657329032450814,0.004657329032450813,0.004657329032450815,0.0046573290324508155,0.004657329032450817,0.004657329032450819,0.004657329032450818,0.004657329032450818,0.0046573290324508155,0.0046573290324508155,0.004657329032450818,0.004657329032450815,0.0046573290324508155,0.0046573290324508155,0.0046573290324508155,0.004657329032450817,0.004657329032450816,0.004657329032450819,0.004657329032450815,0.004657329032450815,0.004657329032450816,0.0046573290324508155,0.0046573290324508155,0.0046573290324508155,0.0046573290324508155,0.004657329032450817,0.004657329032450817,0.004657329032450818,0.004657329032450818,0.004657329032450819,0.004657329032450816,0.004657329032450817,0.004657329032450817,0.004657329032450818,0.004657329032450816,0.0046573290324508155,0.004657329032450816,0.004657329032450816,0.004657329032450818,0.004657329032450814,0.004657329032450813,0.004657329032450813,0.004657329032450814,0.004657329032450814,0.004657329032450814,0.0046573290324508155,0.004657329032450814,0.0046573290324508155,0.004657329032450815,0.004657329032450818,0.004657329032450816,0.004657329032450816,0.004657329032450817,0.004657329032450818,0.004657329032450818,0.004657329032450818,0.004657329032450817,0.004657329032450816,0.004657329032450815,0.0046573290324508155,0.0046573290324508155,0.004657329032450815,0.0046573290324508155,0.004657329032450815,0.0046573290324508155,0.0046573290324508155,0.004657329032450815,0.0046573290324508155,0.0046573290324508155,0.004657329032450816,0.004657329032450816,0.004657329032450817,0.004657329032450817,0.004657329032450817,0.004657329032450817,0.004657329032450817,0.004657329032450817,0.004657329032450819,0.004657329032450818,0.00465732903245082,0.00465732903245082,0.004657329032450819,0.00465732903245082,0.00465732903245082,0.004657329032450817,0.004657329032450817,0.004657329032450818,0.004657329032450819,0.004657329032450817,0.004657329032450823,0.0046573290324508215,0.004657329032450822,0.004657329032450824,0.004657329032450825,0.004657329032450824,0.004657329032450824,0.004657329032450825,0.004657329032450825,0.004657329032450825,0.004657329032450825,0.004657329032450826,0.004657329032450825,0.004657329032450822,0.004657329032450824,0.004657329032450824,0.004657329032450822,0.004657329032450823,0.004657329032450823,0.004657329032450827,0.004657329032450823,0.004657329032450824,0.004657329032450821,0.004657329032450822,0.0046573290324508215,0.0046573290324508215,0.0046573290324508215,0.004657329032450821,0.00465732903245082,0.004657329032450821,0.00465732903245082,0.004657329032450821,0.004657329032450821,0.00465732903245082,0.004657329032450821,0.004657329032450821,0.004657329032450819,0.004657329032450821,0.0046573290324508215,0.004657329032450819,0.00465732903245082,0.0046573290324508215,0.0046573290324508215,0.00465732903245082,0.004657329032450822,0.0046573290324508215,0.004657329032450823,0.00465732903245082,0.004657329032450823,0.0046573290324508215,0.004657329032450823,0.0046573290324508215,0.0046573290324508215,0.0046573290324508215,0.0046573290324508215,0.004657329032450822,0.0046573290324508215,0.0046573290324508215,0.0046573290324508215,0.004657329032450821,0.004657329032450821,0.004657329032450819,0.00465732903245082,0.004657329032450821,0.004657329032450821,0.004657329032450822,0.0046573290324508215,0.004657329032450822,0.004657329032450821,0.0046573290324508215,0.004657329032450821,0.004657329032450819,0.004657329032450818,0.004657329032450819,0.004657329032450818,0.004657329032450819,0.004657329032450818,0.004657329032450819,0.004657329032450819,0.004657329032450821,0.0046573290324508215,0.004657329032450823,0.004657329032450822,0.0046573290324508215,0.004657329032450824,0.004657329032450825,0.004657329032450825,0.004657329032450827,0.004657329032450826,0.0046573290324508285,0.004657329032450825,0.004657329032450825,0.004657329032450824,0.004657329032450824,0.004657329032450825,0.004657329032450828,0.004657329032450825,0.004657329032450825,0.004657329032450823,0.004657329032450824,0.004657329032450824,0.004657329032450827,0.004657329032450829,0.004657329032450828,0.004657329032450827,0.004657329032450827,0.004657329032450826,0.004657329032450825,0.004657329032450824,0.004657329032450824,0.004657329032450824,0.004657329032450823,0.004657329032450825,0.004657329032450825,0.004657329032450824,0.004657329032450826,0.004657329032450825,0.004657329032450825,0.004657329032450824,0.004657329032450826,0.004657329032450825,0.004657329032450824,0.004657329032450825,0.004657329032450824,0.004657329032450825,0.004657329032450826,0.004657329032450825,0.004657329032450825,0.004657329032450825,0.004657329032450827,0.004657329032450825,0.004657329032450825,0.004657329032450827,0.004657329032450828,0.004657329032450828,0.004657329032450827,0.004657329032450828,0.004657329032450827,0.004657329032450825,0.004657329032450824,0.004657329032450825,0.004657329032450824,0.004657329032450824,0.004657329032450824,0.004657329032450826,0.004657329032450825,0.004657329032450825,0.004657329032450825,0.004657329032450825,0.004657329032450824,0.004657329032450826,0.004657329032450824,0.004657329032450824,0.004657329032450824,0.004657329032450823,0.004657329032450824,0.004657329032450824,0.004657329032450823,0.004657329032450824,0.004657329032450822,0.004657329032450824,0.004657329032450822,0.004657329032450819,0.004657329032450821,0.0046573290324508215,0.0046573290324508215,0.004657329032450821,0.0046573290324508215,0.0046573290324508215,0.0046573290324508215,0.0046573290324508215,0.004657329032450821,0.0046573290324508215,0.00465732903245082,0.004657329032450821,0.0046573290324508215,0.004657329032450822,0.004657329032450822,0.0046573290324508215,0.004657329032450821,0.00465732903245082,0.004657329032450821,0.00465732903245082,0.00465732903245082,0.00465732903245082,0.004657329032450821,0.0046573290324508215,0.004657329032450822,0.004657329032450822,0.004657329032450824,0.004657329032450825,0.004657329032450824,0.004657329032450825,0.004657329032450823,0.004657329032450825,0.004657329032450823,0.004657329032450824,0.004657329032450822,0.0046573290324508215,0.004657329032450823,0.004657329032450822,0.0046573290324508215,0.004657329032450824,0.004657329032450822,0.004657329032450823,0.0046573290324508215,0.004657329032450822,0.004657329032450822,0.004657329032450822,0.0046573290324508215,0.0046573290324508215,0.004657329032450819,0.00465732903245082,0.004657329032450819,0.004657329032450818,0.004657329032450817,0.004657329032450821,0.004657329032450819,0.004657329032450819,0.004657329032450819,0.004657329032450819,0.004657329032450817,0.004657329032450818,0.004657329032450818,0.004657329032450818,0.004657329032450818,0.004657329032450821,0.004657329032450821,0.004657329032450818,0.004657329032450818,0.00465732903245082,0.004657329032450818,0.004657329032450821,0.004657329032450821,0.00465732903245082,0.004657329032450818,0.004657329032450816,0.004657329032450817,0.004657329032450816,0.004657329032450818,0.00465732903245082,0.00465732903245082,0.00465732903245082,0.00465732903245082,0.0046573290324508215,0.004657329032450822,0.004657329032450822,0.004657329032450823,0.004657329032450823,0.004657329032450824,0.004657329032450823,0.004657329032450827,0.004657329032450829,0.00465732903245083,0.00465732903245083,0.00465732903245083,0.004657329032450832,0.004657329032450831,0.004657329032450829,0.004657329032450832,0.004657329032450834,0.004657329032450831,0.004657329032450829,0.0046573290324508285,0.004657329032450833,0.004657329032450833,0.004657329032450832,0.004657329032450833,0.004657329032450831,0.004657329032450833,0.004657329032450832,0.00465732903245083,0.004657329032450832,0.004657329032450834,0.004657329032450829,0.004657329032450832,0.004657329032450832,0.004657329032450832,0.00465732903245083,0.004657329032450829,0.0046573290324508285,0.004657329032450826,0.004657329032450826,0.004657329032450829,0.004657329032450827,0.004657329032450827,0.004657329032450827,0.004657329032450827,0.004657329032450828,0.004657329032450825,0.004657329032450828,0.004657329032450826,0.004657329032450828,0.004657329032450827,0.004657329032450827,0.004657329032450827,0.004657329032450827,0.0046573290324508285,0.004657329032450827,0.0046573290324508285,0.004657329032450827,0.0046573290324508285,0.004657329032450828,0.004657329032450824,0.004657329032450826,0.004657329032450827,0.0046573290324508285,0.004657329032450825,0.004657329032450825,0.004657329032450825,0.004657329032450826,0.004657329032450826,0.004657329032450827,0.004657329032450825,0.004657329032450827,0.004657329032450826,0.004657329032450827,0.004657329032450824,0.004657329032450825,0.004657329032450826,0.004657329032450825,0.004657329032450825,0.004657329032450828,0.004657329032450826,0.004657329032450825,0.004657329032450826,0.004657329032450825,0.004657329032450826,0.004657329032450826,0.004657329032450825,0.004657329032450827,0.004657329032450825,0.004657329032450825,0.004657329032450825,0.004657329032450817,0.00465732903245082,0.004657329032450821,0.00465732903245082,0.004657329032450819,0.004657329032450819,0.004657329032450819,0.00465732903245082,0.004657329032450821,0.004657329032450818,0.004657329032450818,0.004657329032450818,0.004657329032450819
6,1.8374021933527293e-41,7.015283813611379e-41,1.6662955678643888e-40,3.1622216262471337e-40,5.252006384848945e-40,7.982347113091942e-40,1.1388022512714382e-39,1.5494934680727067e-39,2.0322374693201396e-39,2.5884709943371185e-39,3.219264081868187e-39,3.925413663476199e-39,4.7075132689930574e-39,5.5660049409700594e-39,6.501217898945357e-39,7.513397335387446e-39,8.602725862017789e-39,9.769339482364623e-39,1.101333948762406e-38,1.2334801316327316e-38,1.3733781152745238e-38,1.5210320841174632e-38,1.6764451545945516e-38,1.83961964772816e-38,2.010557292143512e-38,2.1892593752668578e-38,2.375726855933302e-38,2.569960448253316e-38,2.771960684074134e-38,2.9817279594991587e-38,3.199262569533753e-38,3.4245647338887945e-38,3.6576346161980936e-38,3.898472338331004e-38,4.147077991052047e-38,4.4034516419598107e-38,4.667593341399619e-38,4.939503126867104e-38,5.219181026287834e-38,5.506627060459955e-38,5.801841244873202e-38,6.104823591063869e-38,6.41557410762387e-38,6.734092800952153e-38,7.060379675814497e-38,7.394434735760262e-38,7.736257983432922e-38,8.085849420801259e-38,8.443209049331538e-38,8.808336870115807e-38,9.181232883967382e-38,9.56189709149201e-38,9.950329493140811e-38,1.034653008924974e-37,1.0750498880069096e-37,1.116223586578523e-37,1.1581741046536935e-37,1.2009014422427577e-37,1.2444055993534076e-37,1.2886865759913913e-37,1.3337443721609725e-37,1.379578987865331e-37,1.4261904231068372e-37,1.4735786778872526e-37,1.5217437522078924e-37,1.5706856460697355e-37,1.62040435947351e-37,1.6708998924197603e-37,1.7221722449088891e-37,1.7742214169411982e-37,1.8270474085169111e-37,1.8806502196361947e-37,1.9350298502991753e-37,1.9901863005059426e-37,2.0461195702565707e-37,2.102829659551103e-37,2.1603165683895893e-37,2.2185802967720463e-37,2.2776208446984997e-37,2.3374382121689637e-37,2.3980323991834563e-37,2.4594034057419734e-37,2.521551231844544e-37,2.58447587749115e-37,2.6481773426818054e-37,2.712655627416512e-37,2.7779107316952754e-37,2.8439426555180897e-37,2.910751398884959e-37,2.9783369617958866e-37,3.0466993442508693e-37,3.1158385462499085e-37,3.1857545677930077e-37,3.2564474088801642e-37,3.3279170695113803e-37,3.4001635496866537e-37,3.4731868494059846e-37,3.5469869686693757e-37,3.621563907476827e-37,3.6969176658283345e-37,3.773048243723901e-37,3.849955641163527e-37,3.92763985814721e-37,4.0061008946749524e-37,4.08533875074675e-37,4.165353426362609e-37,4.246144921522529e-37,4.327713236226509e-37,4.410058370474543e-37,4.493180324266638e-37,4.5770790976027906e-37,4.661754690483003e-37,4.747207102907276e-37,4.833436334875594e-37,4.9204423863879835e-37,5.008225257444432e-37,5.09678494804494e-37,5.1861214581895015e-37,5.276234787878126e-37,5.36712493711081e-37,5.45879190588755e-37,5.551235694208339e-37,5.644456302073199e-37,5.738453729482102e-37,5.8332279764350785e-37,5.928779042932112e-37,6.025106928973206e-37,6.122211634558362e-37,6.220093159687573e-37,6.318751504360842e-37,6.418186668578159e-37,6.518398652339541e-37,6.619387455644981e-37,6.721153078494482e-37,6.823695520888035e-37,6.92701478282566e-37,7.031110864307335e-37,7.135983765333065e-37,7.241633485902862e-37,7.348060026016713e-37,7.455263385674625e-37,7.563243564876596e-37,7.672000563622621e-37,7.781534381912707e-37,7.891845019746852e-37,8.002932477125055e-37,8.114796754047311e-37,8.227437850513633e-37,8.34085576652401e-37,8.455050502078462e-37,8.570022057176961e-37,8.685770431819504e-37,8.80229562600612e-37,8.919597639736794e-37,9.037676473011526e-37,9.15653212583032e-37,9.276164598193155e-37,9.396573890100064e-37,9.517760001551033e-37,9.639722932546058e-37,9.76246268308514e-37,9.885979253168283e-37,1.0010272642795486e-36,1.0135342851966751e-36,1.0261189880682066e-36,1.0387813728941442e-36,1.0515214396744882e-36,1.0643391884092373e-36,1.077234619098392e-36,1.090207731741953e-36,1.1032585263399196e-36,1.116387002892292e-36,1.1295931613990704e-36,1.1428770018602543e-36,1.1562385242758443e-36,1.16967772864584e-36,1.1831946149702417e-36,1.196789183249049e-36,1.2104614334822619e-36,1.224211365669881e-36,1.2380389798119057e-36,1.2519442759083358e-36,1.2659272539591716e-36,1.2799879139644139e-36,1.294126255924061e-36,1.3083422798381141e-36,1.3226359857065735e-36,1.3370073735294386e-36,1.3514564433067089e-36,1.3659831950383866e-36,1.3805876287244691e-36,1.3952697443649575e-36,1.4100295419598519e-36,1.4248670215091522e-36,1.4397821830128586e-36,1.4547750264709703e-36,1.4698455518834883e-36,1.4849937592504119e-36,1.5002196485717414e-36,1.5155232198474762e-36,1.5309044730776175e-36,1.5463634082621642e-36,1.561900025401117e-36,1.577514324494476e-36,1.5932063055422405e-36,1.6089759685444106e-36,1.6248233135009872e-36,1.6407483404119692e-36,1.6567510492773574e-36,1.6728314400971515e-36,1.688989512871351e-36,1.7052252675999563e-36,1.7215387042829685e-36,1.7379298229203852e-36,1.7543986235122083e-36,1.7709451060584373e-36,1.7875692705590725e-36,1.8042711170141127e-36,1.82105064542356e-36,1.837907855787412e-36,1.85484274810567e-36,1.8718553223783338e-36,1.8889455786054036e-36,1.906113516786879e-36,1.923359136922759e-36,1.9406824390130457e-36,1.958083423057739e-36,1.9755620890568373e-36,1.9931184370103423e-36,2.0107524669182525e-36,2.0284641787805695e-36,2.0462535725972906e-36,2.064120648368419e-36,2.082065406093953e-36,2.100087845773892e-36,2.1181879674082375e-36,2.136365770996989e-36,2.1546212565401466e-36,2.172954424037711e-36,2.1913652734896816e-36,2.2098538048960548e-36,2.228420018256836e-36,2.2470639135720227e-36,2.265785490841615e-36,2.2845847500656146e-36,2.303461691244018e-36,2.322416314376828e-36,2.3414486194640442e-36,2.360558606505666e-36,2.3797462755016943e-36,2.3990116264521268e-36,2.4183546593569664e-36,2.4377753742162105e-36,2.457273771029861e-36,2.476849849797919e-36,2.4965036105203815e-36,2.51623505319725e-36,2.536044177828524e-36,2.5559309844142036e-36,2.57589547295429e-36,2.5959376434487815e-36,2.6160574958976804e-36,2.6362550303009837e-36,2.656530246658692e-36,2.676883144970807e-36,2.6973137252373277e-36,2.7178219874582554e-36,2.7384079316335882e-36,2.7590715577633275e-36,2.779812865847472e-36,2.800631855886022e-36,2.8215285278789783e-36,2.8425028818263406e-36,2.8635549177281087e-36,2.884684635584282e-36,2.9058920353948613e-36,2.927177117159846e-36,2.948539880879238e-36,2.969980326553036e-36,2.9914984541812388e-36,3.013094263763848e-36,3.0347677553008623e-36,3.0565189287922825e-36,3.078347784238108e-36,3.1002543216383406e-36,3.122238540992978e-36,3.144300442302022e-36,3.166440025565473e-36,3.188657290783328e-36,3.2109522379555894e-36,3.233324867082256e-36,3.25577517816333e-36,3.278303171198809e-36,3.300908846188695e-36,3.323592203132986e-36,3.346353242031682e-36,3.369191962884785e-36,3.3921083656922925e-36,3.415102450454206e-36,3.438174217170525e-36,3.461323665841252e-36,3.484550796466384e-36,3.507855609045922e-36,3.5312381035798656e-36,3.554698280068216e-36,3.57823613851097e-36,3.6018516789081316e-36,3.625544901259698e-36,3.6493158055656706e-36,3.673164391826049e-36,3.6970906600408335e-36,3.7210946102100236e-36,3.74517624233362e-36,3.7693355564116215e-36,3.793572552444028e-36,3.817887230430841e-36,3.84227959037206e-36,3.8667496322676865e-36,3.891297356117717e-36,3.915922761922153e-36,3.940625849680995e-36,3.965406619394244e-36,3.9902650710619e-36,4.0152012046839585e-36,4.0402150202604225e-36,4.065306517791294e-36,4.090475697276572e-36,4.115722558716256e-36,4.141047102110343e-36,4.166449327458839e-36,4.19192923476174e-36,4.217486824019047e-36,4.243122095230761e-36,4.26883504839688e-36,4.294625683517405e-36,4.320494000592335e-36,4.346439999621672e-36,4.372463680605415e-36,4.398565043543563e-36,4.424744088436117e-36,4.4510008152830774e-36,4.477335224084445e-36,4.503747314840215e-36,4.530237087550392e-36,4.556804542214974e-36,4.583449678833963e-36,4.610172497407358e-36,4.636972997935158e-36,4.663851180417364e-36,4.690807044853977e-36,4.717840591244994e-36,4.744951819590417e-36,4.772140729890247e-36,4.7994073221444835e-36,4.8267515963531257e-36,4.854173552516172e-36,4.8816731906336244e-36,4.909250510705483e-36,4.936905512731747e-36,4.964638196712418e-36,4.992448562647494e-36,5.0203366105369763e-36,5.0483023403808644e-36,5.0763457521791566e-36,5.1044668459318556e-36,5.132665621638962e-36,5.160942079300475e-36,5.189296218916392e-36,5.217728040486714e-36,5.246237544011443e-36,5.274824729490577e-36,5.303489596924117e-36,5.332232146312063e-36,5.3610523776544154e-36,5.389950290951176e-36,5.418925886202341e-36,5.44797916340791e-36,5.4771101225678875e-36,5.506318763682271e-36,5.535605086751059e-36,5.564969091774252e-36,5.594410778751853e-36,5.6239301476838566e-36,5.653527198570269e-36,5.6832019314110874e-36,5.712954346206311e-36,5.742784442955939e-36,5.772692221659974e-36,5.8026776823184144e-36,5.832740824931262e-36,5.862881649498513e-36,5.8931001560201704e-36,5.9233963444962345e-36,5.953770214926704e-36,5.9842217673115785e-36,6.0147510016508584e-36,6.045357917944545e-36,6.076042516192637e-36,6.106804796395138e-36,6.137644758552042e-36,6.168562402663352e-36,6.19955772872907e-36,6.23063073674919e-36,6.261781426723717e-36,6.293009798652651e-36,6.324315852535993e-36,6.355699588373736e-36,6.387161006165888e-36,6.418700105912442e-36,6.450316887613406e-36,6.482011351268775e-36,6.51378349687855e-36,6.545633324442732e-36,6.577560833961318e-36,6.609566025434309e-36,6.641648898861706e-36,6.67380945424351e-36,6.706047691579719e-36,6.738363610870334e-36,6.770757212115357e-36,6.803228495314784e-36,6.835777460468618e-36,6.868404107576855e-36,6.9011084366395e-36,6.933890447656547e-36,6.966750140628003e-36,6.999687515553865e-36,7.032702572434134e-36,7.065795311268807e-36,7.098965732057889e-36,7.132213834801374e-36,7.165539619499266e-36,7.198943086151563e-36,7.232424234758267e-36,7.265983065319373e-36,7.299619577834887e-36,7.333333772304806e-36,7.367125648729135e-36,7.400995207107864e-36,7.434942447441003e-36,7.468967369728546e-36,7.503069973970496e-36,7.537250260166852e-36,7.571508228317613e-36,7.605843878422781e-36,7.640257210482354e-36,7.674748224496335e-36,7.709316920464719e-36,7.743963298387512e-36,7.77868735826471e-36,7.813489100096314e-36,7.848368523882324e-36,7.883325629622737e-36,7.918360417317559e-36,7.953472886966786e-36,7.988663038570416e-36,8.023930872128455e-36,8.059276387640899e-36,8.094699585107748e-36,8.130200464529002e-36,8.165779025904665e-36,8.20143526923473e-36,8.237169194519202e-36,8.27298080175808e-36,8.308870090951363e-36,8.344837062099058e-36,8.380881715201153e-36,8.417004050257655e-36,8.453204067268565e-36,8.489481766233879e-36,8.525837147153599e-36,8.562270210027724e-36,8.598780954856255e-36,8.635369381639191e-36,8.672035490376534e-36,8.708779281068286e-36,8.745600753714442e-36,8.782499908315001e-36,8.819476744869966e-36,8.856531263379339e-36,8.893663463843115e-36,8.9308733462613e-36,8.96816091063389e-36,9.005526156960889e-36,9.04296908524229e-36,9.080489695478097e-36,9.118087987668313e-36,9.15576396181293e-36,9.193517617911953e-36,9.231348955965384e-36,9.269257975973219e-36,9.307244677935459e-36,9.345309061852108e-36,9.383451127723162e-36,9.421670875548621e-36,9.459968305328486e-36,9.498343417062759e-36,9.536796210751438e-36,9.57532668639452e-36,9.613934843992005e-36,9.6526206835439e-36,9.691384205050202e-36,9.730225408510908e-36,9.76914429392602e-36,9.808140861295536e-36,9.847215110619457e-36,9.886367041897788e-36,9.925596655130523e-36,9.964903950317665e-36,1.0004288927459209e-35,1.0043751586555162e-35,1.0083291927605522e-35,1.0122909950610281e-35,1.0162605655569451e-35,1.0202379042483028e-35,1.0242230111351008e-35,1.0282158862173394e-35,1.0322165294950188e-35,1.0362249409681386e-35,1.040241120636699e-35,1.0442650685007005e-35,1.0482967845601422e-35,1.0523362688150243e-35,1.056383521265347e-35,1.0604385419111107e-35,1.0645013307523142e-35,1.068571887788959e-35,1.0726502130210442e-35,1.0767363064485698e-35,1.0808301680715362e-35,1.0849317978899431e-35,1.0890411959037907e-35,1.0931583621130786e-35,1.0972832965178075e-35,1.1014159991179766e-35,1.1055564699135867e-35,1.1097047089046376e-35,1.1138607160911286e-35,1.1180244914730607e-35,1.1221960350504327e-35,1.1263753468232455e-35,1.1305624267914988e-35,1.1347572749551927e-35,1.1389598913143274e-35,1.1431702758689026e-35,1.1473884286189181e-35,1.1516143495643746e-35,1.1558480387052714e-35,1.1600894960416085e-35,1.1643387215733867e-35,1.1685957153006054e-35,1.1728604772232647e-35,1.1771330073413647e-35,1.1814133056549052e-35,1.1857013721638863e-35,1.189997206868308e-35,1.1943008097681706e-35,1.1986121808634732e-35,1.2029313201542167e-35,1.207258227640401e-35,1.2115929033220255e-35,1.2159353471990907e-35,1.2202855592715963e-35,1.2246435395395426e-35,1.2290092880029293e-35,1.2333828046617565e-35,1.2377640895160242e-35,1.2421531425657328e-35,1.246549963810882e-35,1.2509545532514715e-35,1.2553669108875017e-35,1.259787036718973e-35,1.2642149307458849e-35,1.2686505929682367e-35,1.2730940233860296e-35,1.277545221999263e-35,1.2820041888079364e-35,1.286470923812051e-35,1.290945427011606e-35,1.295427698406602e-35,1.2999177379970383e-35,1.3044155457829148e-35,1.3089211217642324e-35,1.3134344659409902e-35,1.3179555783131887e-35,1.3224844588808276e-35,1.3270211076439074e-35,1.3315655246024283e-35,1.336117709756389e-35,1.3406776631057903e-35,1.3452453846506323e-35,1.349820874390915e-35,1.3544041323266382e-35,1.3589951584578024e-35,1.3635939527844066e-35,1.3682005153064518e-35,1.3728148460239374e-35,1.3774369449368637e-35,1.3820668120452304e-35,1.3867044473490376e-35,1.3913498508482856e-35,1.396003022542974e-35,1.4006639624331033e-35,1.4053326705186726e-35,1.4100091467996828e-35,1.4146933912761336e-35,1.4193854039480252e-35,1.4240851848153573e-35,1.42879273387813e-35,1.4335080511363434e-35,1.4382311365899972e-35,1.4429619902390918e-35,1.4477006120836267e-35,1.452447002123602e-35,1.4572011603590186e-35,1.4619630867898753e-35,1.4667327814161727e-35,1.4715102442379103e-35,1.4762954752550887e-35,1.4810884744677077e-35,1.4858892418757672e-35,1.4906977774792675e-35,1.4955140812782084e-35,1.5003381532725893e-35,1.5051699934624116e-35,1.510009601847674e-35,1.514856978428377e-35,1.5197121232045208e-35,1.524575036176105e-35,1.5294457173431298e-35,1.5343241667055953e-35,1.5392103842635014e-35,1.5441043700168478e-35,1.549006123965635e-35,1.5539156461098627e-35,1.5588329364495313e-35,1.56375799498464e-35,1.56869082171519e-35,1.57363141664118e-35,1.5785797797626105e-35,1.5835359110794815e-35,1.5884998105917936e-35,1.5934714782995466e-35,1.5984509142027395e-35,1.603438118301373e-35,1.6084330905954479e-35,1.6134358310849622e-35,1.6184463397699168e-35,1.6234646166503125e-35,1.6284906617261493e-35,1.6335244749974266e-35,1.6385660564641448e-35,1.6436154061263034e-35,1.6486725239839022e-35,1.6537374100369414e-35,1.6588100642854215e-35,1.663890486729342e-35,1.6689786773687033e-35,1.674074636203505e-35,1.679178363233747e-35,1.6842898584594298e-35,1.6894091218805537e-35,1.694536153497118e-35,1.699670953309123e-35,1.7048135213165687e-35,1.7099638575194543e-35,1.7151219619177812e-35,1.720287834511548e-35,1.7254614753007559e-35,1.7306428842854042e-35,1.735832061465493e-35,1.741029006841022e-35,1.7462337204119923e-35,1.7514462021784028e-35,1.7566664521402536e-35,1.761894470297545e-35,1.7671302566502776e-35,1.7723738111984505e-35,1.7776251339420638e-35,1.782884224881118e-35,1.788151084015613e-35,1.7934257113455484e-35,1.7987081068709243e-35,1.8039982705917403e-35,1.8092962025079974e-35,1.8146019026196952e-35,1.8199153709268334e-35,1.8252366074294124e-35,1.8305656121274316e-35,1.8359023850208914e-35,1.8412469261097918e-35,1.8465992353941332e-35,1.851959312873915e-35,1.8573271585491375e-35,1.8627027724198006e-35,1.8680861544859042e-35,1.8734773047474484e-35,1.878876223204433e-35,1.8842829098568581e-35,1.889697364704724e-35,1.89511958774803e-35,1.9005495789867773e-35,1.9059873384209648e-35,1.911432866050593e-35,1.9168861618756614e-35,1.9223472258961708e-35,1.9278160581121207e-35,1.933292658523511e-35,1.9387770271303417e-35,1.9442691639326133e-35,1.949769068930325e-35,1.9552767421234784e-35,1.9607921835120713e-35,1.9663153930961048e-35,1.971846370875579e-35,1.9773851168504943e-35,1.98293163102085e-35,1.9884859133866465e-35,1.9940479639478833e-35,1.9996177827045612e-35,2.0051953696566796e-35,2.010780724804238e-35,2.0163738481472373e-35,2.0219747396856771e-35,2.0275833994195583e-35,2.0331998273488795e-35,2.0388240234736412e-35,2.0444559877938432e-35,2.0500957203094855e-35,2.0557432210205686e-35,2.0613984899270922e-35,2.0670615270290572e-35,2.0727323323264615e-35,2.0784109058193076e-35,2.0840972475075942e-35,2.0897913573913209e-35,2.0954932354704883e-35,2.1012028817450964e-35,2.106920296215145e-35,2.1126454788806338e-35,2.1183784297415637e-35,2.1241191487979337e-35,2.1298676360497445e-35,2.1356238914969955e-35,2.1413879151396877e-35,2.1471597069778206e-35,2.1529392670113944e-35,2.158726595240409e-35,2.1645216916648638e-35,2.1703245562847593e-35,2.176135189100095e-35,2.1819535901108717e-35,2.1877797593170883e-35,2.193613696718746e-35,2.1994554023158432e-35,2.2053048761083822e-35,2.2111621180963612e-35,2.2170271282797807e-35,2.2228999066586416e-35,2.228780453232942e-35,2.2346687680026835e-35,2.240564850967866e-35,2.2464687021284888e-35,2.2523803214845514e-35,2.2582997090360548e-35,2.2642268647829998e-35,2.2701617887253845e-35,2.27610448086321e-35,2.2820549411964765e-35,2.2880131697251837e-35,2.2939791664493306e-35,2.2999529313689184e-35,2.3059344644839477e-35,2.3119237657944166e-35,2.3179208353003265e-35,2.3239256730016765e-35,2.3299382788984673e-35,2.3359586529906986e-35,2.3419867952783705e-35,2.3480227057614832e-35,2.354066384440036e-35,2.3601178313140294e-35,2.3661770463834642e-35,2.3722440296483394e-35,2.378318781108655e-35,2.384401300764411e-35,2.3904915886156073e-35,2.3965896446622447e-35,2.4026954689043228e-35,2.4088090613418413e-35,2.414930421974801e-35,2.4210595508032004e-35,2.4271964478270404e-35,2.433341113046321e-35,2.439493546461043e-35,2.4456537480712045e-35,2.4518217178768063e-35,2.4579974558778497e-35,2.4641809620743336e-35,2.470372236466258e-35,2.476571279053623e-35,2.4827780898364286e-35,2.488992668814674e-35,2.4952150159883603e-35,2.5014451313574876e-35,2.5076830149220564e-35,2.5139286666820647e-35,2.5201820866375136e-35,2.5264432747884035e-35,2.5327122311347335e-35,2.5389889556765034e-35,2.545273448413715e-35,2.551565709346367e-35,2.5578657384744593e-35,2.564173535797992e-35,2.5704891013169663e-35,2.57681243503138e-35,2.5831435369412345e-35,2.58948240704653e-35,2.5958290453472654e-35,2.602183451843442e-35,2.6085456265350595e-35,2.6149155694221177e-35,2.621293280504616e-35,2.6276787597825546e-35,2.634072007255934e-35,2.640473022924753e-35,2.646881806789014e-35,2.6532983588487144e-35,2.659722679103856e-35,2.6661547675544385e-35,2.672594624200461e-35,2.6790422490419247e-35,2.6854976420788283e-35,2.691960803311173e-35,2.6984317327389584e-35,2.704910430362185e-35,2.711396896180851e-35,2.7178911301949587e-35,2.7243931324045056e-35,2.730902902809494e-35,2.7374204414099233e-35,2.743945748205792e-35,2.7504788231971027e-35,2.7570196663838524e-35,2.7635682777660437e-35,2.770124657343675e-35,2.776688805116747e-35,2.7832607210852604e-35,2.7898404052492134e-35,2.796427857608608e-35,2.803023078163442e-35,2.8096260669137173e-35,2.816236823859433e-35,2.8228553490005887e-35,2.829481642337185e-35,2.8361157038692234e-35,2.8427575335967013e-35,2.8494071315196203e-35,2.85606449763798e-35,2.862729631951779e-35,2.86940253446102e-35,2.8760832051657013e-35,2.8827716440658235e-35,2.8894678511613864e-35,2.896171826452389e-35,2.902883569938832e-35,2.9096030816207155e-35,2.9163303614980405e-35,2.9230654095708055e-35,2.929808225839011e-35,2.9365588103026567e-35,2.9433171629617434e-35,2.9500832838162717e-35,2.9568571728662405e-35,2.963638830111649e-35,2.970428255552497e-35,2.9772254491887877e-35,2.9840304110205176e-35,2.9908431410476887e-35,2.9976636392703003e-35,3.004491905688353e-35,3.0113279403018457e-35,3.018171743110779e-35,3.0250233141151533e-35,3.0318826533149676e-35,3.0387497607102225e-35,3.0456246363009185e-35,3.0525072800870545e-35,3.0593976920686316e-35,3.066295872245649e-35,3.0732018206181074e-35,3.080115537186006e-35,3.087037021949345e-35,3.093966274908125e-35,3.1009032960623456e-35,3.1078480854120065e-35,3.1148006429571085e-35,3.121760968697651e-35,3.128729062633633e-35,3.135704924765057e-35,3.142688555091921e-35,3.149679953614225e-35,3.15667912033197e-35,3.1636860552451564e-35,3.170700758353782e-35,3.177723229657849e-35,3.184753469157356e-35,3.191791476852304e-35,3.198837252742693e-35,3.205890796828522e-35,3.212952109109792e-35,3.2200211895865024e-35,3.2270980382586526e-35,3.234182655126244e-35,3.2412750401892764e-35,3.248375193447749e-35,3.2554831149016613e-35,3.262598804551016e-35,3.26972226239581e-35,3.2768534884360446e-35,3.2839924826717203e-35,3.291139245102837e-35,3.2982937757293945e-35,3.305456074551392e-35,3.31262614156883e-35,3.319803976781708e-35,3.326989580190027e-35,3.334182951793786e-35,3.3413840915929874e-35,3.3485929995876286e-35,3.35580967577771e-35,3.3630341201632327e-35,3.370266332744195e-35,3.377506313520598e-35,3.3847540624924423e-35,3.3920095796597273e-35,3.399272865022451e-35,3.4065439185806174e-35,3.413822740334223e-35,3.42110933028327e-35,3.4284036884277574e-35,3.4357058147676847e-35,3.443015709303053e-35,3.4503333720338624e-35,3.457658802960112e-35,3.4649920020818023e-35,3.472332969398933e-35,3.4796817049115045e-35,3.4870382086195166e-35,3.4944024805229683e-35,3.5017745206218615e-35,3.5091543289161953e-35,3.516541905405969e-35,3.5239372500911846e-35,3.53134036297184e-35,3.5387512440479366e-35,3.5461698933194736e-35,3.5535963107864513e-35,3.561030496448869e-35,3.5684724503067277e-35,3.5759221723600264e-35,3.583379662608767e-35,3.590844921052947e-35,3.598317947692568e-35,3.605798742527629e-35,3.61328730555813e-35,3.6207836367840725e-35,3.628287736205455e-35,3.635799603822279e-35,3.6433192396345425e-35,3.650846643642247e-35,3.6583818158453925e-35,3.665924756243979e-35,3.6734754648380054e-35,3.6810339416274723e-35,3.6886001866123804e-35,3.6961741997927284e-35,3.7037559811685165e-35,3.711345530739746e-35,3.718942848506417e-35,3.7265479344685283e-35,3.734160788626078e-35,3.7417814109790705e-35,3.749409801527503e-35,3.7570459602713754e-35,3.764689887210689e-35,3.772341582345444e-35,3.7800010456756387e-35,3.7876682772012733e-35,3.7953432769223496e-35,3.803026044838866e-35,3.810716580950824e-35,3.8184148852582217e-35,3.82612095776106e-35,3.833834798459339e-35,3.841556407353058e-35,3.8492857844422183e-35,3.8570229297268195e-35,3.8647678432068607e-35,7.842808585271463e-06,1.581326362221496e-05,2.3912071937741518e-05,3.213999879080741e-05,4.049787156689711e-05,4.898658338390556e-05,5.760709662784628e-05,6.636044641321477e-05,7.524774399256328e-05,8.427018011669816e-05,9.342902837298394e-05,0.00010272564849349934,0.00011216148967199602,0.00012173809388642365,0.00013145709923947468,0.00014132024336666645,0.00015132936687688078,0.00016148641688386672,0.00017179345062391587,0.00018225263919021295,0.0001928662713865059,0.00020363675773768812,0.0002145666346595675,0.00022565856881768946,0.00023691536169340443,0.0002483399543678858,0.0002599354325776497,0.00027170503201697806,0.00028365214396354195,0.00029578032120201756,0.000308093284310256,0.00032059492833715574,0.00033328932986382626,0.0003461807545368215,0.0003592736650426127,0.00037257272962943667,0.00038608283116938917,0.0003998090768188002,0.00041375680832383136,0.00042793161302987235,0.00044233933562094774,0.0004569860906957543,0.0004718782761982174,0.00048702258780080297,0.0005024260343115032,0.0005180959541824452,0.0005340400332233542,0.0005502663236117352,0.0005667832643148001,0.0005835997030408677,0.0006007249198620915,0.0006181686526629066,0.0006359411245383059,0.0006540530733859777,0.0006725157838369847,0.0006913411217798949,0.0007105415717079772,0.0007301302771736667,0.0007501210846567961,0.0007705285911780558,0.0007913681960492785,0.0008126561571881349,0.0008344096524688583,0.0008566468466543855,0.000879386964527633,0.0009026503708693279,0.0009264586581094529,0.000950834742490214,0.0009758029697420034,0.0010013892314287092,0.0010276210932180052,0.001054527936615371,0.0010821411157147256,0.0011104941311067958,0.0011396228230190406,0.0011695655863399033,0.0012003636105146886,0.0012320611477688755,0.0012647058137290074,0.0012983489251371131,0.0013330458802385838,0.0013688565883458693,0.0014058459563020896,0.001444084440910069,0.0014836486783661043,0.0015246222033272502,0.0015670962736831291,0.0016111708193294596,0.0016569555380265223,0.0017045711658073242,0.0017541509559081759,0.0018058424078535426,0.0018598092982484542,0.0019162340774652295,0.001975320712712236,0.0020372980788604437,0.0021024240262434352,0.0021709902904633997,0.0022433284577618932,0.00231981726389645,0.002400891592085769,0.0024870536556553156,0.0025788870169855074,0.0026770743277837895,0.002782420006788203,0.002895879548680301,0.0030185978561817874,0.003151960025182442,0.003297659581529047,0.0034577915807803483,0.0036349817650687256,0.003832569013407806,0.004054868159306581,0.004307556519376997,0.004598254792633292,0.004937418701767148,0.005339732418034458,0.005826304395454625,0.006428068864878059,0.007190609455415455,0.008178951037424234,0.009474389875851487,0.011143174582415531,0.01316870600746959,0.015414750545231759,0.017690425443274024,0.01984313300158722,0.021791515982337945,0.023509835137305927,0.025001130471042167,0.02627580758809558,0.02733887675070535,0.028187540110649466,0.028819723292246167,0.029245324267434158,0.02948918520020323,0.029585330105558427,0.029569098669824368,0.029471775299250567,0.02931844108738655,0.029127982368909948,0.02891407158120617,0.028686369771184314,0.02845160485222587,0.02821442058178081,0.027978001546398817,0.02774451664379478,0.027515427747623944,0.027291702737183825,0.027073962341947047,0.0268625817237212,0.026657761227052327,0.026459576096002246,0.02626801176508232,0.026082989183467558,0.025904383186794083,0.025732035968763608,0.025565767059669498,0.025405380787574136,0.02525067189989072,0.02510142982806072,0.0249574419358771,0.024818496001867894,0.024684382112146585,0.024554894099679727,0.024429830629232537,0.02430899600000003,0.024192200730507308,0.024079261962251,0.023970003723269878,0.02386425707659608,0.023761860177075024,0.023662658254447147,0.023566503537346507,0.023473255130756234,0.023382778856804905,0.02329494706743708,0.023209638435660877,0.023126737731914287,0.023046135589759056,0.022967728264636025,0.022891417390729238,0.022817109735862904,0.02274471695951578,0.022674155374085615,0.022605345711442012,0.02253821289558785,0.022472685822530956,0.022408697147939968,0.022346183083187216,0.022285083199532783,0.02222534024142804,0.022166899948260835,0.02210971088499657,0.022053724281175368,0.021998893878383736,0.021945175785965068,0.021892528344628227,0.02184091199761148,0.021790289169102986,0.0217406241501475,0.02169188299046084,0.021644033397542825,0.02159704464083199,0.021550887462441704,0.02150553399313684,0.021460957672898018,0.02141713317720485,0.021374036346729044,0.021331644123141754,0.021289934486448742,0.021248886398138225,0.021208479747038888,0.021168695298793002,0.021129514648328372,0.02109092017470829,0.02105289499996644,0.021015422948686163,0.0209961855125892,0.020959524194530753,0.020923377907801424,0.020887732832337313,0.02085257558961957,0.02081789329262759,0.020783673542882096,0.020749904413115545,0.02071657442496037,0.020683672529620376,0.02065118808559431,0.02061911084113879,0.020587430913706167,0.020556138774079642,0.020525225229490164,0.020494681408533277,0.02046449874626082,0.0204346689703148,0.020405184088177607,0.020376036374675038,0.02034721836015131,0.020318722819667935,0.02029054276238768,0.020262671421359096,0.020235102244997315,0.020207828886946517,0.020180845198397038,0.020154145219720733,0.020127723173008427,0.020101573454396532,0.020075690628010266,0.02005006941819399,0.020024704704167628,0.019999591513697203,0.019974725017507765,0.019950100523717925,0.019925713472796317,0.01990155943297401,0.019877634094780966,0.01985393326713123,0.019830452872667548,0.019807188944719382,0.019784137621608463,0.019761295144344188,0.01973865785264097,0.01971622218125941,0.019693984656977654,0.019671941895363424,0.019650090597849827,0.019628427549024136,0.01960694961315823,0.01958565373240939,0.019564536923615077,0.019543596276918148,0.019522828952062872,0.019502232176896384,0.01948180324534404,0.019461539514705445,0.019441438404460273,0.019421497393756953,0.01940171401970039,0.01938208587590916,0.01936261060995502,0.01934328592337398,0.01932410956859716,0.01930507934758505,0.01928619311072105,0.019267448755521693,0.019248844225169426,0.01923037750693873,0.01921204663118233,0.01919384967023713,0.019175784736834955,0.019157849983399255,0.019140043600609606,0.019122363816561187,0.01910480889496388,0.019087377137006995,0.01907006687632528,0.0190528764800083,0.019035804348681958,0.01901884891386006,0.0190020086381504,0.018985282014545753,0.01896866756603835,0.018952163842523784,0.018935769422366,0.018919482911272403,0.018903302941263064,0.01888722816998149,0.018871257280326494,0.018855388979647815,0.018839621998750784,0.018823955092898897,0.01880838703899411,0.01879291663609531,0.018777542706335783,0.01876226409063009,0.01874707965228777,0.0187319882743286,0.018716988859321,0.018702080329384207,0.01868726162445686,0.018672531704029893,0.018657889544706423,0.018643334140831795,0.018628864503872782,0.01861447966191915,0.018600178659852615,0.018585960557603642,0.018571824431376536,0.018557769372457254,0.01854379448745438,0.01852989889704723,0.018516081736729206,0.01850234215544344,0.018488679316208463,0.018475092395301037,0.018461580582171244,0.018448143079073057,0.018434779100978026,0.01842148787540616,0.018408268640277264,0.018395120647290885,0.018382043158911024,0.018369035449142253,0.01835609680292179,0.01834322651629959,0.018330423894840096,0.01831768825602883,0.018305018926839712,0.018292415244608014,0.018279876556047885,0.01826740221785013,0.018254991596027843,0.018242644065870707,0.018230359011726826,0.018218135826831666,0.01820597391318762,0.018193872681361654,0.01818183155030338,0.018169849947319957,0.018157927307634384,0.0181460630744505,0.01813425669878388,0.018122507639359384,0.01811081536227392,0.018099179340979012,0.018087599056310827,0.018076073995972417,0.018064603655107113,0.018053187535218722,0.018041825144717177,0.018030515998501216,0.01801925961811399,0.01800805553145502,0.017996903272552767,0.01798580238148291,0.01797475240481314,0.017963752894604515,0.017952803408969074,0.017941903511615443,0.017931052771974137,0.017920250765031537,0.01790949707021311,0.017898791274911185,0.017888132969251833,0.017877521749413976,0.017866957216665473,0.017856438977190532,0.017845966642075908,0.01783553982739116,0.017825158153826418,0.017814821246648464,0.01780452873611185,0.017794280256439903,0.01778407544671341,0.01777391395035866,0.017763795415352883,0.017753719492492194,0.0177436858387889,0.0177336941142342,0.017723743982774945,0.017713835112604073,0.017703967175901367,0.01769413984847385,0.017684352810595026,0.017674605745385423,0.017664898339987297,0.0176552302851353,0.01764560127515666,0.017636011007915856,0.017626459184700724,0.01761694551007814,0.017607469692596498,0.017598031442866334,0.01758863047576943,0.017579266509459734,0.017569939264300973,0.017560648464568018,0.017551393837450188,0.017542175113082873,0.01753299202455806,0.017523844307931673,0.017514731702130592,0.017505653949316878,0.017496610793080444,0.0174876019815617,0.017478627264649858,0.01746968639507097,0.017460779128221686,0.01745190522210777,0.017443064437312746,0.01743425653688278,0.01742548128646485,0.017416738454066497,0.017408027810110572,0.017399349128038425,0.01739070218266189,0.017382086751720337,0.01737350261521182,0.017364949555123427,0.017356427355994356,0.017347935804673188,0.017339474689307473,0.017331043801187287,0.017322642933211972,0.017314271880578186,0.017305930440181694,0.017297618412235743,0.017289335596938477,0.017281081798283377,0.017272856821129008,0.017264660472651596,0.01725649256171297,0.0172483528992465,0.017240241297978617,0.01723215757246962,0.01722410153920584,0.017216073016305664,0.017208071823659705,0.017200097782922197,0.017192150717463193,0.017184230452345767,0.01717633681430341,0.017168469631691406,0.01716062873458594,0.017152813954514328,0.01714502512486387,0.017137262080236873,0.017129524656802942,0.017121812692907818,0.017114126027576764,0.01710646450176726,0.0170988279578399,0.017091216239438385,0.01708362919201811,0.017076066662114704,0.017068528497706174,0.017061014548400127,0.017053524665096267,0.01704605869974403,0.017038616505887207,0.017031197938265453,0.017023802852851724,0.017016431107221983,0.017009082560191766,0.017001757071845765,0.016994454503327174,0.01698717471692078,0.016979917575808055,0.016972682945249146,0.01696547069157569,0.016958280681763128,0.016951112784213546,0.016943966868152444,0.01693684280438049,0.016929740464653335,0.016922659721832743,0.016915600449849237,0.016908562523639925,0.01690154581957641,0.016894550214764378,0.016887575587264822,0.01688062181638926,0.016873688782402863,0.016866776366581303,0.016859884451199476,0.0168530129195203,0.016846161655783794,0.016839330545036366,0.016832519473570187,0.01682572832840011,0.01681895699817572,0.016812205371176458,0.016805473337278352,0.01679876078756325,0.016792067613785388,0.016785393707992643,0.016778738964266113,0.016772103276544593,0.016765486540319896,0.01675888865117172,0.016752309505950955,0.016745749002388947,0.01673920703936437,0.016732683515907155,0.016726178332152567,0.01671969138913792,0.016713222588230454,0.016706771832096436,0.01670033902390759,0.016693924067722243,0.016687526868289188,0.01668114733121233,0.01667478536261707,0.016668440869359508,0.016662113759280908,0.016655803940741242,0.01664951132289307,0.016643235815502446,0.01663697732900455,0.01663073577488089,0.016624511064611148,0.01661830311119453,0.016612111827653677,0.016605937127848608,0.016599778926384628,0.016593637138364845,0.016587511679503265,0.016581402466347386,0.016575309415977017,0.016569232446052053,0.016563171474928837,0.016557126421543316,0.01655109720541423,0.016545083746632442,0.016539085966069754,0.016533103784712466,0.01652713712465923,0.016521185908281673,0.016515250058628448,0.01650932949926708,0.016503424154354365,0.016497533948568607,0.016491658807131018,0.01648579865621594,0.0164799534213092,0.01647412302970096,0.01646830740882607,0.01646250648651168,0.01645672019116555,0.01645094845171346,0.016445191197571894,0.01643944835866932,0.016433719865428784,0.016428005648765117,0.01642230564008287,0.016416619771233137,0.016410947974638563,0.01640529018311864,0.016399646329797034,0.016394016348840308,0.016388400174238055,0.016382797740644602,0.016377208983187154,0.016371633837675342,0.01636607224002059,0.01636052412662901,0.016354989434539897,0.01634946810100516,0.016343960063800442,0.016338465261231058,0.016332983631823336,0.01632751511458881,0.01632205964904814,0.016316617175003614,0.01631118763281595,0.016305770962937022,0.016300367106608767,0.016294976005285598,0.016289597600753786,0.016284231835330162,0.016278878651536908,0.016273537992419745,0.01626820980145795,0.01626289402227163,0.01625759059907812,0.0162522994763423,0.01624702059920721,0.016241753912379968,0.016236499361689943,0.01623125689306767,0.01622602645277647,0.016220807987432247,0.016215601444156243,0.016210406770229897,0.01620522391319196,0.01620005282143596,0.01619489344277303,0.016189745725879463,0.01618460962025006,0.016179485074978902,0.016174372039845984,0.016169270464712674,0.016164180299408398,0.01615910149530591,0.016154034003162888,0.016148977774049507,0.01614393275922341,0.016138898910817327,0.016133876180961168,0.01612886452214756,0.01612386388700846,0.016118874228596432,0.016113895500359153,0.01610892765575952,0.016103970648615025,0.016099024433516577,0.016094088964755407,0.01608916419703818,0.016084250085443733,0.016079346585244538,0.01607445365191027,0.016069571241500085,0.016064699310103688,0.016059837814100295,0.01605498671013908,0.01605014595501267,0.01604531550614781,0.01604049532085914,0.016035685356940544,0.016030885572007842,0.01602609592471855,0.016021316373570925,0.016016546876755775,0.016011787393514526,0.016007037883038328,0.016002298304768896,0.01599756861814724,0.01599284878333779,0.015988138760498302,0.015983438510023363,0.015978747992542872,0.01597406716891274,0.015969396000222524,0.01596473444779532,0.015960082473167866,0.01595544003811498,0.015950807104911893,0.01594618363548643,0.01594156959227397,0.015936964937920354,0.015932369635296418,0.015927783647484362,0.01592320693777873,0.0159186394691052,0.015914081206331025,0.015909532112864028,0.015904992152717033,0.015900461290276884,0.015895939489792992,0.015891426716494246,0.01588692293522283,0.01588242811102174,0.015877942209221965,0.015873465195380455,0.015868997035200363,0.015864537694596337,0.01586008713965127,0.015855645336759944,0.01585121225221902,0.015846787852956144,0.01584237210574466,0.015837964977595233,0.015833566435751283,0.015829176447630686,0.015824794980826232,0.01582042200317145,0.015816057482451254,0.01581170138669447,0.015807353684648088,0.015803014344548467,0.01579868333497279,0.015794360624810794,0.015790046183124677,0.015785739979008926,0.015781441981565506,0.015777152160697284,0.015772870485883432,0.015768596926953492,0.01576433145391821,0.015760074037085826,0.015755824646383646,0.015751583252452253,0.015747349825971337,0.015743124337619513,0.015738906758492977,0.015734697059016093,0.015730495211676306,0.015726301187188672,0.01572211495708229,0.015717936493231815,0.015713765767428986,0.015709602751663946,0.015705447418090823,0.015701299738918248,0.015697159686712273,0.01569302723397524,0.015688902353553635,0.015684785018204157,0.015680675201021996,0.0156765728751612,0.015672478013947166,0.01566839059093224,0.015664310579421876,0.015660237953390305,0.015656172686665467,0.015652114753067062,0.015648064126748962,0.015644020781986456,0.015639984693164657,0.015635955834798276,0.015631934181534506,0.015627919708148835,0.015623912389513479,0.015619912200693909,0.015615919116857441,0.015611933113304348,0.015607954165419852,0.015603982248740133,0.015600017338890555,0.015596059411745454,0.015592108443094978,0.015588164409027388,0.015584227285576086,0.015580297049211279,0.015576373676224975,0.015572457143099896,0.015568547426473464,0.015564644503084037,0.015560748349784215,0.01555685894357396,0.015552976261494603,0.015549100280876456,0.015545230978749595,0.015541368332775687,0.015537512320291132,0.01553366291871461,0.01552982010636764,0.01552598386136397,0.015522154160732332,0.015518330982911076,0.015514514306347664,0.015510704109082599,0.01550690036953586,0.015503103066259094,0.01549931217784272,0.015495527682988099,0.015491749560517326,0.015487977789345303,0.015484212348486098,0.015480453217058423,0.015476700374281102,0.015472953799467793,0.015469213472036003,0.015465479371462932,0.015461751477437665,0.01545802976963151,0.015454314227851856,0.015450604832001169,0.015446901562079259,0.015443204398175937,0.015439513320480283,0.015435828309194967,0.015432149344553505,0.015428476407604485,0.015424809478542377,0.015421148537611193,0.01541749356629463,0.015413844545096412,0.015410201454929471,0.015406564276804454,0.015402932991824776,0.015399307581159897,0.015395688026101209,0.015392074308003555,0.015388466408321139,0.015384864308575814,0.015381267990392071,0.015377677435473651,0.015374092625608727,0.015370513542670735,0.01536694016861218,0.015363372485474695,0.015359810475377168,0.015356254120521974,0.015352703403193006,0.015349158305748444,0.0153456188106392,0.015342084900395108,0.015338556557609045,0.015335033764977567,0.015331516505253044,0.015328004761277597,0.015324498515968505,0.015320997752273089,0.015317502453353145,0.015314012602325103,0.015310528182385675,0.01530704917684813,0.01530357556908317,0.015300107342538114,0.015296644480734237,0.015293186967266309,0.015289734785802192,0.015286287920082416,0.015282846353917646,0.015279410071193994,0.015275979055867974,0.01527255329196613,0.015269132763577367,0.015265717454815319,0.015262307349971355,0.015258902433343182,0.01525550268940632,0.015252108102514891,0.015248718657591438,0.015245334338469791,0.015241955130099561,0.015238581017216216,0.015235211984568984,0.015231848017156067,0.01522848909979074,0.01522513521745189,0.015221786355150445,0.015218442498049871,0.015215103631301356,0.01521176974010381,0.015208440809800598,0.015205116826148234,0.015201797773895066,0.01519848363886025,0.01519517440638093,0.015191870062229643,0.015188570592156793,0.015185275981583793,0.015181986216868257,0.015178701283437858,0.015175421167320503,0.015172145854490737,0.01516887533098954,0.015165609583115296,0.015162348596611084,0.01515909235794184,0.015155840853125215,0.015152594068849643,0.015149351991171248,0.015146114606899568,0.015142881902348058,0.015139653864063463,0.015136430478665107,0.015133211732822342,0.015129997613250337,0.015126788106749943,0.015123583200147948,0.015120382880316575,0.015117187134222549,0.015113995949113983,0.015110809311403312,0.015107627208784625,0.01510444962821619,0.015101276556826313,0.015098107981891531,0.015094943890842958,0.015091784270984818,0.015088629109890438,0.015085478394774652,0.015082332113298501,0.015079190253017967,0.015076052801529643,0.015072919746561806,0.01506979107583645,0.015066666777093344,0.015063546838175814,0.01506043124695872,0.015057319991366126,0.01505421305937091,0.015051110438994252,0.015048012118306035,0.015044918085435873,0.015041828328443484,0.015038742835739567,0.015035661595487365,0.015032584595990562,0.015029511825705586,0.015026443272931468,0.015023378925987436,0.015020318773484264,0.01501726280400814,0.015014211006298864,0.015011163368539224,0.01500811987968436,0.015005080528357183,0.015002045303473563,0.014999014193762207,0.014995987188134633,0.014992964275344117,0.014989945444422266,0.014986930684380294,0.0149839199842274,0.014980913333015681,0.014977910719880819,0.014974912134048186,0.014971917564640792,0.01496892700089804,0.014965940432104,0.01496295784753092,0.014959979236802007,0.014957004588805048,0.014954033893289347,0.014951067139842525,0.01494810431790447,0.014945145417044114,0.014942190426873841,0.014939239337093946,0.014936292137305535,0.014933348817289888,0.014930409366829584,0.014927473775722445,0.014924542033809175,0.014921614130983977,0.014918690057173233,0.014915769802344334,0.01491285335650063,0.01490994070967855,0.014907031851958168,0.014904126773453055,0.01490122546432964,0.01489832791477427,0.014895434115015854,0.014892544055322017,0.01488965772599459,0.014886775117372948,0.014883896219767009,0.01488102102365941,0.014878149519488723,0.014875281697746278,0.014872417548939545,0.014869557063640565,0.014866700232509163,0.014863847046097686,0.014860997495056498,0.014858151570094322,0.014855309261988263,0.014852470561281172,0.014849635459057547,0.014846803946083571,0.014843976013177383,0.014841151651222241,0.01483833085117539,0.01483551360398317,0.014832699900776878,0.014829889732514088,0.014827083090476837,0.014824279965215155,0.01482148034794713,0.014818684230285869,0.014815891603249793,0.014813102458105798,0.014810316785933489,0.014807534578065345,0.014804755826009841,0.014801980520936536,0.014799208654516992,0.014796440217809485,0.01479367520243817,0.014790913599928145,0.014788155401697362,0.014785400599338458,0.014782649184414059,0.014779901148547554,0.014779902350078039,0.014779902467316785,0.014779902387223957,0.014779902274606148,0.014779902156982126,0.014779902038872772,0.014779901921017009,0.014779901803531996,0.014779901686431042,0.014779901569708591,0.014779901453354399,0.014779901337356079,0.014779901221699763,0.014779901106370423,0.014779900991352141,0.0147799008766283,0.014779900762181875,0.014779900647995496,0.014779900534051751,0.014779900420333243,0.014779900306822729,0.014779900193503243,0.014779900080358236,0.014779899967371519,0.014779899854527451,0.014779899741810933,0.01477989962920743,0.014779899516703011,0.014779899404284397,0.014779899291938894,0.014779899179654481,0.014779899067419746,0.01477989895522389,0.014779898843056732,0.01477989873090867,0.01477989861877069,0.014779898506634331,0.014779898394491653,0.014779898282335216,0.014779898170158104,0.014779898057953841,0.014779897945716398,0.014779897833440149,0.014779897721119909,0.014779897608750828,0.014779897496328423,0.014779897383848545,0.014779897271307353,0.014779897158701313,0.014779897046027156,0.014779896933281885,0.014779896820462733,0.014779896707567158,0.014779896594592837,0.014779896481537652,0.014779896368399664,0.01477989625517709,0.01477989614186834,0.014779896028471946,0.01477989591498658,0.014779895801411085,0.014779895687744363,0.014779895573985465,0.014779895460133545,0.014779895346187837,0.014779895232147676,0.01477989511801249,0.014779895003781764,0.014779894889455063,0.01477989477503203,0.014779894660512344,0.014779894545895768,0.014779894431182094,0.014779894316371183,0.014779894201462942,0.014779894086457277,0.014779893971354182,0.01477989385615367,0.014779893740855785,0.014779893625460614,0.014779893509968264,0.014779893394378836,0.014779893278692516,0.014779893162909456,0.014779893047029886,0.014779892931053995,0.014779892814982015,0.014779892698814202,0.01477989258255082,0.014779892466192142,0.01477989234973845,0.014779892233190062,0.01477989211654727,0.014779891999810408,0.014779891882979797,0.014779891766055788,0.014779891649038698,0.014779891531928897,0.014779891414726746,0.014779891297432592,0.01477989118004681,0.014779891062569783,0.014779890945001864,0.01477989082734345,0.01477989070959492,0.014779890591756656,0.014779890473829051,0.014779890355812498,0.01477989023770738,0.014779890119514113,0.014779890001233085,0.014779889882864689,0.014779889764409334,0.014779889645867404,0.014779889527239317,0.014779889408525482,0.014779889289726286,0.014779889170842133,0.01477988905187344,0.014779888932820602,0.01477988881368403,0.014779888694464146,0.014779888575161318,0.014779888455775965,0.014779888336308509,0.014779888216759173,0.01477988809712869,0.014779887977417302,0.014779887857625415,0.01477988773775343,0.014779887617801761,0.014779887497770759,0.014779887377660906,0.014779887257472552,0.01477988713720611,0.014779887016861965,0.01477988689644055,0.014779886775942238,0.01477988665536742,0.014779886534716511,0.0147798864139899,0.014779886293187975,0.014779886172311137,0.014779886051359775,0.014779885930334292,0.014779885809235088,0.014779885688062532,0.014779885566817006,0.014779885445498917,0.01477988532410866,0.014779885202646606,0.01477988508111315,0.014779884959508677,0.014779884837833558,0.014779884716088197,0.01477988459427297,0.014779884472388252,0.014779884350434438,0.014779884228411899,0.014779884106321008,0.014779883984162148,0.014779883861935704,0.014779883739642041,0.01477988361728154,0.01477988349485458,0.014779883372361524,0.014779883249802742,0.01477988312717862,0.014779883004489522,0.014779882881735816,0.014779882758917859,0.014779882636036036,0.014779882513090708,0.01477988239008224,0.014779882267010998,0.014779882143877352,0.014779882020681664,0.014779881897424265,0.014779881774105554,0.014779881650725872,0.014779881527285588,0.014779881403785056,0.014779881280224626,0.014779881156604661,0.014779881032925523,0.014779880909187559,0.014779880785391131,0.014779880661536569,0.014779880537624237,0.014779880413654498,0.014779880289627683,0.01477988016554416,0.014779880041404252,0.014779879917208324,0.014779879792956729,0.014779879668649784,0.014779879544287859,0.014779879419871285,0.014779879295400405,0.014779879170875575,0.01477987904629711,0.014779878921665353,0.014779878796980655,0.014779878672243368,0.01477987854745379,0.014779878422612285,0.01477987829771918,0.014779878172774815,0.014779878047779516,0.014779877922733612,0.01477987779763745,0.014779877672491344,0.014779877547295633,0.01477987742205064,0.014779877296756689,0.014779877171414125,0.014779877046023253,0.014779876920584412,0.01477987679509792,0.014779876669564098,0.014779876543983276,0.014779876418355771,0.014779876292681906,0.014779876166961987,0.014779876041196354,0.01477987591538531,0.014779875789529193,0.014779875663628305,0.014779875537682946,0.014779875411693452,0.014779875285660134,0.014779875159583308,0.014779875033463266,0.014779874907300336,0.014779874781094828,0.014779874654847059,0.01477987452855732,0.014779874402225921,0.014779874275853176,0.014779874149439404,0.014779874022984894,0.014779873896489944,0.014779873769954861,0.014779873643379945,0.014779873516765525,0.014779873390111888,0.014779873263419308,0.014779873136688096,0.01477987300991857,0.014779872883111006,0.014779872756265727,0.014779872629382995,0.014779872502463138,0.014779872375506433,0.014779872248513163,0.014779872121483647,0.014779871994418168,0.014779871867317008,0.014779871740180455,0.01477987161300881,0.01477987148580236,0.014779871358561396,0.0147798712312862,0.014779871103977061,0.014779870976634258,0.014779870849258088,0.014779870721848817,0.014779870594406741,0.014779870466932143,0.014779870339425296,0.014779870211886491,0.01477987008431599,0.014779869956714091,0.014779869829081069,0.014779869701417198,0.014779869573722754,0.014779869445998,0.014779869318243247,0.014779869190458745,0.014779869062644755,0.014779868934801559,0.014779868806929459,0.014779868679028686,0.014779868551099537,0.014779868423142273,0.014779868295157175,0.014779868167144486,0.014779868039104483,0.014779867911037447,0.014779867782943625,0.01477986765482329,0.014779867526676713,0.014779867398504155,0.014779867270305875,0.01477986714208213,0.014779867013833181,0.014779866885559321,0.014779866757260753,0.014779866628937785,0.014779866500590653,0.014779866372219617,0.014779866243824944,0.014779866115406876,0.01477986598696569,0.01477986585850161,0.014779865730014918,0.014779865601505852,0.01477986547297466,0.01477986534442162,0.014779865215846953,0.014779865087250928,0.01477986495863378,0.014779864829995774,0.014779864701337152,0.014779864572658155,0.014779864443959043,0.014779864315240046,0.014779864186501422,0.014779864057743418,0.01477986392896627,0.01477986380017023,0.014779863671355531,0.014779863542522417,0.014779863413671138,0.01477986328480192,0.01477986315591501,0.014779863027010655,0.014779862898089087,0.014779862769150528,0.014779862640195235,0.01477986251122341,0.01477986238223535,0.014779862253231255,0.01477986212421136,0.014779861995175907,0.014779861866125121,0.014779861737059233,0.014779861607978473,0.014779861478883084,0.014779861349773283,0.014779861220649315,0.014779861091511385,0.014779860962359745,0.01477986083319461,0.014779860704016204,0.014779860574824747,0.014779860445620506,0.014779860316403663,0.01477986018717444,0.01477986005793309,0.0147798599286798,0.014779859799414836,0.014779859670138396,0.014779859540850697,0.014779859411551978,0.014779859282242435,0.014779859152922296,0.014779859023591779,0.014779858894251102,0.014779858764900485,0.014779858635540138,0.014779858506170286,0.014779858376791147,0.014779858247402916,0.01477985811800582,0.01477985798860008,0.014779857859185891,0.014779857729763472,0.014779857600333042,0.014779857470894798,0.01477985734144896,0.014779857211995737,0.014779857082535328,0.014779856953067959,0.014779856823593807,0.014779856694113112,0.014779856564626062,0.014779856435132866,0.014779856305633741,0.014779856176128875,0.01477985604661848,0.014779855917102756,0.014779855787581913,0.014779855658056147,0.014779855528525654,0.01477985539899064,0.01477985526945131,0.014779855139907852,0.014779855010360473,0.014779854880809377,0.014779854751254743,0.014779854621696781,0.014779854492135683,0.014779854362571673,0.014779854233004904,0.014779854103435585,0.014779853973863917,0.014779853844290087,0.014779853714714295,0.01477985358513673,0.014779853455557585,0.014779853325977052,0.01477985319639531,0.014779853066812568,0.014779852937228992,0.014779852807644794,0.014779852678060153,0.014779852548475256,0.014779852418890294,0.01477985228930545,0.014779852159720911,0.014779852030136863,0.014779851900553486,0.01477985177097097,0.014779851641389495,0.014779851511809253,0.014779851382230412,0.01477985125265317,0.014779851123077697,0.014779850993504174,0.01477985086393279,0.014779850734363722,0.014779850604797147,0.014779850475233244,0.014779850345672193,0.014779850216114169,0.014779850086559347,0.014779849957007908,0.014779849827460029,0.01477984969791588,0.014779849568375657,0.01477984943883949,0.014779849309307598,0.01477984917978012,0.01477984905025726,0.014779848920739169,0.014779848791226034,0.01477984866171801,0.014779848532215274,0.014779848402717994,0.01477984827322635,0.014779848143740493,0.01477984801426061,0.014779847884786835,0.014779847755319361,0.014779847625858385,0.014779847496404043,0.01477984736695648,0.014779847237515891,0.014779847108082425,0.014779846978656265,0.014779846849237568,0.014779846719826491,0.014779846590423166,0.014779846461027845,0.014779846331640598,0.014779846202261623,0.014779846072891106,0.014779845943529159,0.014779845814175992,0.014779845684831707,0.01477984555549649,0.01477984542617052,0.014779845296853916,0.014779845167546853,0.014779845038249488,0.014779844908961986,0.014779844779684484,0.014779844650417158,0.01477984452116015,0.014779844391913592,0.014779844262677684,0.014779844133452562,0.014779844004238379,0.014779843875035286,0.014779843745843419,0.014779843616662914,0.014779843487493977,0.014779843358336738,0.014779843229191321,0.014779843100057885,0.014779842970936619,0.014779842841827632,0.01477984271273108,0.01477984258364712,0.014779842454575884,0.01477984232551748,0.01477984219647215,0.014779842067439987,0.014779841938421127,0.014779841809415745,0.014779841680423953,0.014779841551445913,0.014779841422481765,0.014779841293531645,0.014779841164595698,0.014779841035674063,0.01477984090676691,0.01477984077787433,0.0147798406489965,0.01477984052013355,0.014779840391285609,0.014779840262452841,0.014779840133635367,0.014779840004833324,0.014779839876046868,0.014779839747276107,0.014779839618521197,0.014779839489782268,0.014779839361059456,0.0147798392323529,0.014779839103662692,0.014779838974989036,0.014779838846332065,0.014779838717691885,0.014779838589068625,0.014779838460462425,0.014779838331873421,0.014779838203301737,0.014779838074747515,0.014779837946210878,0.014779837817691951,0.014779837689190875,0.014779837560707778,0.014779837432242787,0.014779837303796001,0.014779837175367537,0.014779837046957595,0.014779836918566236,0.014779836790193656,0.014779836661839964,0.014779836533505251,0.014779836405189671,0.014779836276893311,0.014779836148616393,0.014779836020358964,0.014779835892121196,0.01477983576390311,0.01477983563570494,0.014779835507526708,0.014779835379368639,0.01477983525123077,0.014779835123113295,0.014779834995016287,0.014779834866939845,0.014779834738884197,0.0147798346108494,0.01477983448283555,0.014779834354842824,0.01477983422687136,0.01477983409892123,0.01477983397099254,0.014779833843085392,0.014779833715199937,0.014779833587336276,0.014779833459494528,0.014779833331674737,0.014779833203877088,0.014779833076101737,0.014779832948348753,0.014779832820618266,0.01477983269291038,0.014779832565225208,0.014779832437562888,0.01477983230992351,0.01477983218230719,0.01477983205471402,0.014779831927144119,0.014779831799597638,0.014779831672074669,0.014779831544575314,0.014779831417099694,0.014779831289647896,0.014779831162220048,0.014779831034816258,0.014779830907436621,0.014779830780081226,0.014779830652750207,0.01477983052544369,0.014779830398161766,0.014779830270904579,0.014779830143672202,0.01477983001646472,0.014779829889282286,0.01477982976212496,0.014779829634992886,0.014779829507886144,0.014779829380804846,0.014779829253749092,0.01477982912671898,0.014779828999714634,0.014779828872736147,0.014779828745783615,0.014779828618857163,0.014779828491956868,0.014779828365082837,0.014779828238235171,0.014779828111413967,0.014779827984619336,0.014779827857851372,0.014779827731110166,0.014779827604395843,0.014779827477708476,0.014779827351048175,0.014779827224415041,0.014779827097809171,0.01477982697123067,0.014779826844679595,0.014779826718156095,0.014779826591660251,0.014779826465192127,0.014779826338751875,0.014779826212339564,0.01477982608595529,0.014779825959599143,0.014779825833271185,0.014779825706971584,0.014779825580700389,0.014779825454457711,0.014779825328243588,0.014779825202058224,0.014779825075901627,0.014779824949773908,0.014779824823675158,0.014779824697605458,0.014779824571564971,0.014779824445553673,0.014779824319571708,0.014779824193619175,0.014779824067696167,0.014779823941802755,0.014779823815939041,0.014779823690105106,0.014779823564301003,0.014779823438526898,0.014779823312782851,0.014779823187068974,0.014779823061385283,0.014779822935731908,0.014779822810108924,0.014779822684516428,0.014779822558954504,0.014779822433423295,0.01477982230792277,0.014779822182453063,0.014779822057014285,0.01477982193160656,0.01477982180622983,0.014779821680884271,0.014779821555569984,0.014779821430287018,0.014779821305035483,0.01477982117981544,0.014779821054626982,0.014779820929470189,0.014779820804345128,0.014779820679251895,0.014779820554190581,0.014779820429161249,0.014779820304163986,0.014779820179198874,0.014779820054266035,0.014779819929365461,0.014779819804497291,0.014779819679661566,0.014779819554858409,0.014779819430087862,0.014779819305350028,0.014779819180644976,0.014779819055972778,0.014779818931333524,0.014779818806727296,0.01477981868215415,0.014779818557614174,0.014779818433107434,0.014779818308634009,0.014779818184193987,0.01477981805978743,0.014779817935414424,0.014779817811075036,0.01477981768676934,0.014779817562497414,0.014779817438259337,0.014779817314055177,0.01477981718988495,0.014779817065748836,0.014779816941646817,0.014779816817579054,0.014779816693545597,0.01477981656954647,0.014779816445581788,0.014779816321651557,0.014779816197755945,0.014779816073894985,0.014779815950068696,0.014779815826277201,0.014779815702520557,0.014779815578798823,0.014779815455112059,0.014779815331460378,0.014779815207843815,0.014779815084262444,0.014779814960716332,0.014779814837205554,0.014779814713730148,0.014779814590290258,0.014779814466885907,0.014779814343517163,0.014779814220184054,0.014779814096886692,0.014779813973625136,0.014779813850399452,0.014779813727209701,0.014779813604055956,0.01477981348093827,0.014779813357856712,0.014779813234811352,0.014779813111802244,0.014779812988829468,0.014779812865893076,0.014779812742993134,0.01477981262012969,0.014779812497302832,0.014779812374512587,0.014779812251759093,0.014779812129042273,0.014779812006362365,0.014779811883719362,0.014779811761113301,0.014779811638544261,0.014779811516012287,0.014779811393517464,0.014779811271059807,0.014779811148639434,0.014779811026256378,0.014779810903910695,0.014779810781602468,0.014779810659331725,0.014779810537098537,0.01477981041490296,0.014779810292745046,0.014779810170624888,0.014779810048542497,0.014779809926497977,0.014779809804491346,0.014779809682522679,0.014779809560592057,0.014779809438699528,0.014779809316845105,0.014779809195028876,0.014779809073250908,0.014779808951511255,0.014779808829809947,0.01477980870814704,0.014779808586522626,0.014779808464936742,0.014779808343389423,0.014779808221880764,0.014779808100410796,0.014779807978979568,0.014779807857587198,0.014779807736233632,0.014779807614918978,0.014779807493643276,0.014779807372406636,0.014779807251209021,0.014779807130050527,0.014779807008931155,0.014779806887851013,0.014779806766810186,0.014779806645808696,0.01477980652484658,0.014779806403923918,0.014779806283040734,0.014779806162197078,0.014779806041393008,0.014779805920628577,0.01477980579990383,0.014779805679218829,0.014779805558573606,0.014779805437968226,0.014779805317402727,0.014779805196877155,0.014779805076391577,0.014779804955946033,0.014779804835540542,0.014779804715175196,0.014779804594850066,0.014779804474565129,0.014779804354320471,0.014779804234116144,0.014779804113952175,0.014779803993828621,0.014779803873745527,0.014779803753702922,0.014779803633700897,0.014779803513739469,0.014779803393818694,0.014779803273938606,0.01477980315409926,0.014779803034300706,0.014779802914542978,0.01477980279482613,0.014779802675150186,0.014779802555515215,0.014779802435921256,0.014779802316368355,0.01477980219685655,0.014779802077385887,0.014779801957956428,0.014779801838568165,0.014779801719221192,0.014779801599915533,0.014779801480651233,0.014779801361428334,0.014779801242246905,0.014779801123106904,0.014779801004008459,0.014779800884951583,0.014779800765936322,0.014779800646962703,0.014779800528030804,0.01477980040914063,0.014779800290292229,0.014779800171485733,0.014779800052720986,0.014779799933998144,0.014779799815317232,0.01477979969667832,0.014779799578081423,0.014779799459526588,0.014779799341013838,0.014779799222543237,0.01477979910411481,0.014779798985728586,0.014779798867384617,0.014779798749082938,0.014779798630823592,0.014779798512606614,0.014779798394432046,0.014779798276299955,0.014779798158210303,0.014779798040163173,0.01477979792215859,0.014779797804196602,0.014779797686277255,0.014779797568400576,0.014779797450566644,0.0147797973327754,0.014779797215026882,0.014779797097321225,0.014779796979658418,0.014779796862038423,0.01477979674446142,0.014779796626927364,0.014779796509436295,0.01477979639198824,0.014779796274583238,0.014779796157221333,0.014779796039902551,0.014779795922626945,0.014779795805394536,0.014779795688205347,0.01477979557105943,0.01477979545395681,0.014779795336897515,0.014779795219881521,0.014779795102908977,0.014779794985979871,0.014779794869094266,0.014779794752252107,0.014779794635453484,0.014779794518698427,0.014779794401986958,0.014779794285319106,0.014779794168694906,0.014779794052114388,0.014779793935577606,0.014779793819084553,0.014779793702635284,0.01477979358622982,0.014779793469868206,0.014779793353550445,0.014779793237276599,0.01477979312104672,0.014779793004860776,0.014779792888718809,0.014779792772620901,0.014779792656567006,0.014779792540557234,0.014779792424591544,0.014779792308669992,0.0147797921927926,0.014779792076959408,0.014779791961170446,0.014779791845425739,0.014779791729725307,0.014779791614069192,0.01477979149845741,0.014779791382890083,0.014779791267367112,0.01477979115188851,0.014779791036454359,0.014779790921064686,0.014779790805719508,0.014779790690418864,0.014779790575162778,0.014779790459951276,0.014779790344784395,0.014779790229662153,0.014779790114584574,0.014779789999551667,0.014779789884563485,0.014779789769620081,0.014779789654721404,0.014779789539867529,0.01477978942505844,0.014779789310294212,0.014779789195574846,0.014779789080900376,0.014779788966270826,0.014779788851686194,0.014779788737146545,0.014779788622651868,0.014779788508202229,0.014779788393797634,0.014779788279438093,0.014779788165123629,0.014779788050854304,0.014779787936630089,0.014779787822451033,0.014779787708317161,0.01477978759422849,0.014779787480185042,0.014779787366186846,0.01477978725223399,0.014779787138326412,0.014779787024464095,0.014779786910647118,0.014779786796875496,0.014779786683149254,0.01477978656946844,0.014779786455832986,0.014779786342243027,0.014779786228698525,0.01477978611519952,0.014779786001746023,0.014779785888338054,0.014779785774975645,0.014779785661658799,0.014779785548387547,0.014779785435161914,0.014779785321981908,0.014779785208847561,0.014779785095758889,0.014779784982715923,0.014779784869718657,0.014779784756767122,0.01477978464386135,0.014779784531001358,0.014779784418187144,0.014779784305418748,0.014779784192696174,0.014779784080019457,0.014779783967388598,0.014779783854803637,0.014779783742264577,0.014779783629771438,0.014779783517324193,0.014779783404922904,0.014779783292567678,0.014779783180258486,0.014779783067995229,0.014779782955778004,0.014779782843606827,0.014779782731481719,0.014779782619402673,0.014779782507369736,0.014779782395382956,0.014779782283442287,0.01477978217154776,0.0147797820596994,0.014779781947897223,0.014779781836141249,0.014779781724431484,0.014779781612767958,0.014779781501150687,0.014779781389579682,0.014779781278054963,0.014779781166576527,0.014779781055144402,0.0147797809437586,0.014779780832419157,0.014779780721126066,0.014779780609879344,0.014779780498679012,0.014779780387525086,0.014779780276417576,0.014779780165356506,0.014779780054341884,0.014779779943373724,0.014779779832452038,0.014779779721576842,0.014779779610748146,0.014779779499965968,0.014779779389230321,0.014779779278541221,0.014779779167898681,0.01477977905730271,0.014779778946753332,0.014779778836250547,0.01477977872579437,0.014779778615384834,0.014779778505021879,0.014779778394705583,0.014779778284435998,0.01477977817421308,0.014779778064036856,0.014779777953907352,0.014779777843824537,0.014779777733788458,0.014779777623799104,0.014779777513856483,0.014779777403960631,0.01477977729411157,0.01477977718430929,0.014779777074553803,0.014779776964845132,0.01477977685518328,0.014779776745568254,0.014779776636000086,0.01477977652647876,0.014779776417004275,0.01477977630757667,0.014779776198195939,0.014779776088862108,0.014779775979575195,0.0147797758703352,0.014779775761142123,0.014779775651995985,0.014779775542896802,0.014779775433844598,0.014779775324839352,0.014779775215881079,0.0147797751069698,0.014779774998105512,0.014779774889288234,0.014779774780517969,0.014779774671794732,0.014779774563118528,0.014779774454489364,0.014779774345907258,0.014779774237372202,0.014779774128884229,0.014779774020443337,0.014779773912049515,0.014779773803702802,0.01477977369540319,0.014779773587150685,0.014779773478945317,0.014779773370787069,0.014779773262675957,0.014779773154611988,0.014779773046595179,0.014779772938625528,0.014779772830703045,0.01477977272282773,0.014779772614999607,0.014779772507218673,0.01477977239948493,0.0147797722917984,0.014779772184159086,0.014779772076566984,0.01477977196902211,0.01477977186152447,0.014779771754074057,0.014779771646670907,0.014779771539315008,0.01477977143200636,0.014779771324744988,0.014779771217530886,0.014779771110364066,0.014779771003244523,0.014779770896172268,0.014779770789147318,0.014779770682169666,0.01477977057523933,0.014779770468356292,0.014779770361520587,0.0147797702547322,0.014779770147991146,0.014779770041297425,0.014779769934651046,0.01477976982805201,0.014779769721500323,0.014779769614995997,0.014779769508539034,0.014779769402129432,0.014779769295767194,0.01477976918945234,0.014779769083184863,0.014779768976964749,0.014779768870792045,0.014779768764666728,0.014779768658588809,0.014779768552558286,0.014779768446575166,0.014779768340639455,0.014779768234751153,0.014779768128910275,0.014779768023116827,0.014779767917370798,0.014779767811672216,0.014779767706021045,0.014779767600417328,0.014779767494861042,0.014779767389352176,0.014779767283890775,0.014779767178476802,0.014779767073110284,0.014779766967791222,0.01477976686251962,0.014779766757295459,0.01477976665211878,0.01477976654698956,0.014779766441907798,0.01477976633687352,0.014779766231886694,0.014779766126947353,0.014779766022055479,0.01477976591721108,0.014779765812414173,0.014779765707664748,0.014779765602962798,0.01477976549830834,0.014779765393701365,0.014779765289141874,0.014779765184629907,0.014779765080165408,0.014779764975748396,0.014779764871378885,0.014779764767056865,0.014779764662782344,0.014779764558555317,0.014779764454375796,0.014779764350243786,0.014779764246159222,0.014779764142122192,0.014779764038132677,0.014779763934190672,0.014779763830296163,0.01477976372644916,0.014779763622649668,0.014779763518897673,0.01477976341519319,0.014779763311536217,0.014779763207926726,0.014779763104364773,0.01477976300085033,0.014779762897383381,0.014779762793963938,0.014779762690592016,0.014779762587267598,0.014779762483990688,0.014779762380761327,0.014779762277579414,0.014779762174444966,0.014779762071358017,0.014779761968318626,0.014779761865326735,0.014779761762382356,0.01477976165948547,0.014779761556636037,0.01477976145383415,0.014779761351079853,0.014779761248372991,0.01477976114571361,0.014779761043101722,0.01477976094053735,0.014779760838020455,0.01477976073555104,0.014779760633129125,0.014779760530754698,0.0147797604284276,0.014779760326148016,0.014779760223916031,0.014779760121731541,0.01477976001959452,0.014779759917504994,0.014779759815462935,0.01477975971346835,0.014779759611521236,0.014779759509621595,0.014779759407769422,0.014779759305964708,0.014779759204207496,0.014779759102497706,0.014779759000835384,0.014779758899220523,0.014779758797653099,0.014779758696133136,0.014779758594660611,0.014779758493235528,0.014779758391857885,0.014779758290527535,0.014779758189244816,0.014779758088009484,0.014779757986821584,0.014779757885681106,0.014779757784588064,0.01477975768354243,0.01477975758254424,0.014779757481593438,0.014779757380690045,0.014779757279834061,0.014779757179025485,0.014779757078264323,0.014779756977550544,0.014779756876884143,0.014779756776265139,0.01477975667569352,0.014779756575169275,0.01477975647469249,0.014779756374262999,0.014779756273880859,0.014779756173546092,0.01477975607325869,0.014779755973018647,0.014779755872825949,0.014779755772680599,0.014779755672582587,0.014779755572531913,0.014779755472528583,0.014779755372572572,0.014779755272663892,0.014779755172802528,0.014779755072988478,0.01477975497322173,0.014779754873502292,0.01477975477383015,0.014779754674205312,0.014779754574627761,0.014779754475097499,0.014779754375614542,0.01477975427617883,0.014779754176790406,0.014779754077449223,0.01477975397815531,0.014779753878908643,0.014779753779709224,0.014779753680556961,0.01477975358145202,0.014779753482394319,0.01477975338338383,0.01477975328442057,0.014779753185504514,0.01477975308663568,0.014779752987814048,0.014779752889039599,0.01477975279031234,0.014779752691632276,0.014779752592999374,0.014779752494413656,0.014779752395875097,0.014779752297383713,0.014779752198939495,0.014779752100542403,0.014779752002192462,0.014779751903889648,0.014779751805633956,0.014779751707425397,0.014779751609263947,0.014779751511149603,0.014779751413082394,0.01477975131506225,0.014779751217089196,0.014779751119163229,0.014779751021284326,0.014779750923452507,0.014779750825667739,0.014779750727930014,0.014779750630239345,0.014779750532595675,0.014779750434999078,0.014779750337449524,0.01477975023994711,0.014779750142491561,0.014779750045083024,0.014779749947721476,0.014779749850406925,0.014779749753139348,0.014779749655918753,0.01477974955874512,0.014779749461618452,0.014779749364538759,0.014779749267505981,0.014779749170520138,0.014779749073581221,0.014779748976689138,0.014779748879844068,0.014779748783045886,0.014779748686294608,0.014779748589590183,0.014779748492932671,0.014779748396322035,0.014779748299758241,0.014779748203241325,0.014779748106771254,0.014779748010348025,0.014779747913971634,0.01477974781764206,0.014779747721359298,0.014779747625123348,0.014779747528934198,0.014779747432791835,0.014779747336696254,0.014779747240647453,0.014779747144645406,0.014779747048690116,0.014779746952781574,0.014779746856919764,0.01477974676110469,0.014779746665336333,0.014779746569614685,0.01477974647393974,0.014779746378311502,0.014779746282729933,0.014779746187195048,0.014779746091706826,0.014779745996265258,0.014779745900870344,0.014779745805522064,0.014779745710220414,0.01477974561496539,0.014779745519756977,0.014779745424595168,0.01477974532947995,0.014779745234411317,0.014779745139389256,0.014779745044413763,0.014779744949484816,0.014779744854602418,0.014779744759766558,0.014779744664977225,0.0147797445702344,0.01477974447553809,0.01477974438088828,0.014779744286284946,0.014779744191728101,0.01477974409721772,0.014779744002753791,0.014779743908336317,0.014779743813965275,0.014779743719640671,0.014779743625362473,0.014779743531130684,0.0147797434369453,0.01477974334280628,0.014779743248713648,0.014779743154667395,0.014779743060667512,0.014779742966713956,0.014779742872806742,0.014779742778945863,0.014779742685131278,0.014779742591363007,0.01477974249764102,0.014779742403965325,0.014779742310335908,0.014779742216752765,0.014779742123215861,0.014779742029725203,0.014779741936280774,0.014779741842882556,0.014779741749530558,0.014779741656224765,0.014779741562965147,0.014779741469751705,0.01477974137658444,0.014779741283463323,0.014779741190388357,0.014779741097359519,0.014779741004376758,0.014779740911440152,0.01477974081854965,0.014779740725705232,0.014779740632906881,0.014779740540154617,0.014779740447448406,0.01477974035478824,0.014779740262174098,0.014779740169605985,0.014779740077083882,0.014779739984607779,0.014779739892177669,0.014779739799793532,0.014779739707455358,0.014779739615163122,0.0147797395229168,0.014779739430716471,0.014779739338562052,0.014779739246453523,0.014779739154390794,0.014779739062374045,0.014779738970403177,0.014779738878478173,0.014779738786598991,0.014779738694765638,0.014779738602978144,0.01477973851123646,0.014779738419540576,0.014779738327890356,0.014779738236286031,0.01477973814472748,0.014779738053214678,0.014779737961747615,0.014779737870326288,0.014779737778950683,0.014779737687620788,0.014779737596336577,0.014779737505098051,0.014779737413905149,0.014779737322757957,0.0147797372316564,0.01477973714060048,0.01477973704959015,0.014779736958625462,0.014779736867706379,0.014779736776832872,0.014779736686004926,0.014779736595222543,0.014779736504485701,0.01477973641379439,0.01477973632314855,0.014779736232548208,0.014779736141993429,0.014779736051484136,0.014779735961020238,0.014779735870601867,0.014779735780228941,0.014779735689901478,0.014779735599619344,0.014779735509382675,0.014779735419191406,0.01477973532904546,0.014779735238944937,0.01477973514888979,0.01477973505887997,0.014779734968915414,0.014779734878996219,0.014779734789122293,0.014779734699293712,0.014779734609510412,0.014779734519772313,0.014779734430079523,0.014779734340431963,0.01477973425082965,0.014779734161272599,0.01477973407176056,0.014779733982293852,0.014779733892872305,0.014779733803495915,0.014779733714164689,0.014779733624878588,0.01477973353563761,0.014779733446441725,0.014779733357290948,0.014779733268185245,0.0147797331791246,0.01477973309010896,0.014779733001138424,0.014779732912212917,0.014779732823332429,0.014779732734496894,0.01477973264570639,0.014779732556960782,0.014779732468260129,0.014779732379604496,0.014779732290993783,0.014779732202427924,0.014779732113907037,0.014779732025431046,0.01477973193699993,0.014779731848613675,0.014779731760272127,0.014779731671975552,0.014779731583723752,0.014779731495516773,0.014779731407354568,0.014779731319237207,0.014779731231164555,0.014779731143136719,0.014779731055153613,0.014779730967215231,0.014779730879321646,0.014779730791472682,0.014779730703668371,0.014779730615908742,0.014779730528193783,0.014779730440523447,0.014779730352897754,0.014779730265316674,0.014779730177780165,0.01477973009028826,0.014779730002840916,0.01477972991543821,0.01477972982807996,0.014779729740766261,0.014779729653497062,0.014779729566272354,0.014779729479092141,0.014779729391956398,0.014779729304865114,0.014779729217818277,0.014779729130815867,0.014779729043857845,0.014779728956944314,0.014779728870075046,0.014779728783250193,0.01477972869646969,0.01477972860973354,0.014779728523041708,0.014779728436394197,0.01477972834979098,0.014779728263232043,0.014779728176717369,0.014779728090246956,0.014779728003820778,0.014779727917438786,0.014779727831101047,0.014779727744807517,0.01477972765855816,0.014779727572352973,0.014779727486191926,0.014779727400075009,0.014779727314002199,0.014779727227973516,0.014779727141988903,0.014779727056048388,0.014779726970151924,0.014779726884299564,0.014779726798491172,0.014779726712726822,0.014779726627006455,0.014779726541330085,0.014779726455697695,0.014779726370109275,0.014779726284564773,0.014779726199064206,0.014779726113607578,0.014779726028194799,0.014779725942825924,0.014779725857500921,0.014779725772219744,0.014779725686982418,0.014779725601788923,0.014779725516639239,0.01477972543153335,0.0147797253464712,0.014779725261452837,0.014779725176478228,0.014779725091547347,0.01477972500666019,0.014779724921816726,0.014779724837017045,0.014779724752260947,0.01477972466754855,0.014779724582879825,0.014779724498254631,0.014779724413673069,0.014779724329135109,0.014779724244640718,0.01477972416018992,0.014779724075782636,0.014779723991418907,0.014779723907098662,0.014779723822821896,0.014779723738588655,0.014779723654398886,0.014779723570252631,0.014779723486149764,0.014779723402090368,0.014779723318074338,0.014779723234101705,0.01477972315017242,0.01477972306628648,0.014779722982444015,0.014779722898644833,0.014779722814888936,0.014779722731176325,0.014779722647507017,0.014779722563880977,0.014779722480298164,0.014779722396758632,0.014779722313262283,0.014779722229809156,0.014779722146399306,0.014779722063032585,0.01477972197970907,0.014779721896428502,0.014779721813191034,0.01477972172999681,0.01477972164684568,0.01477972156373756,0.01477972148067267,0.014779721397650823,0.014779721314671947,0.014779721231736095,0.014779721148843216,0.014779721065993347,0.014779720983186449,0.014779720900422509,0.014779720817701516,0.014779720735023344,0.014779720652388115,0.014779720569795828,0.014779720487246423,0.014779720404739877,0.014779720322276155,0.014779720239855272,0.01477972015747713,0.014779720075141783,0.014779719992849293,0.014779719910599488,0.014779719828392518,0.014779719746228255,0.01477971966410671,0.014779719582027877,0.014779719499991713,0.014779719417998223,0.014779719336047388,0.014779719254139184,0.014779719172273593,0.01477971909045062,0.014779719008670221,0.014779718926932393,0.014779718845237112,0.014779718763584379,0.014779718681974167,0.01477971860040646,0.014779718518881243,0.01477971843739849,0.014779718355958201,0.014779718274560353,0.014779718193204916,0.014779718111891932,0.014779718030621307,0.014779717949393055,0.014779717868207158,0.014779717787063643,0.01477971770596243,0.01477971762490355,0.014779717543886963,0.014779717462912659,0.014779717381980584,0.014779717301090742,0.014779717220243179,0.014779717139437827,0.01477971705867466,0.014779716977953652,0.014779716897274815,0.01477971681663811,0.014779716736043539,0.014779716655491083,0.014779716574980718,0.014779716494512433,0.01477971641408622,0.01477971633370205,0.014779716253359911,0.014779716173059789,0.014779716092801655,0.014779716012585497,0.014779715932411322,0.014779715852279095,0.014779715772188794,0.01477971569214041,0.014779715612133924,0.014779715532169327,0.01477971545224659,0.0147797153723657,0.01477971529252665,0.014779715212729428,0.014779715132973988,0.014779715053260343,0.014779714973588466,0.01477971489395833,0.014779714814369935,0.014779714734823243,0.014779714655318271,0.014779714575854967,0.014779714496433345,0.014779714417053369,0.014779714337715032,0.014779714258418309,0.014779714179163189,0.014779714099949649,0.014779714020777681,0.014779713941647258,0.014779713862558382,0.014779713783511022,0.014779713704505166,0.014779713625540768,0.014779713546617853,0.014779713467736379,0.014779713388896323,0.014779713310097751,0.014779713231340535,0.014779713152624703,0.014779713073950245,0.014779712995317117,0.0147797129167253,0.014779712838174846,0.014779712759665681,0.014779712681197831,0.014779712602771227,0.01477971252438585,0.014779712446041718,0.014779712367738757,0.014779712289477033,0.014779712211256449,0.014779712133077027,0.014779712054938794,0.014779711976841633,0.014779711898785644,0.014779711820770737,0.01477971174279694,0.014779711664864196,0.014779711586972496,0.014779711509121836,0.014779711431312187,0.01477971135354352,0.014779711275815819,0.014779711198129096,0.01477971112048332,0.014779711042878488,0.014779710965314566,0.014779710887791503,0.014779710810309335,0.014779710732868026,0.014779710655467617,0.014779710578108016,0.01477971050078919,0.014779710423511198,0.014779710346273914,0.014779710269077383,0.014779710191921586,0.014779710114806516,0.01477971003773214,0.014779709960698457,0.014779709883705477,0.014779709806753128,0.014779709729841455,0.014779709652970388,0.014779709576139907,0.014779709499350037,0.014779709422600748,0.014779709345892001,0.014779709269223801,0.01477970919259612,0.014779709116008935,0.014779709039462236,0.014779708962956007,0.01477970888649023,0.014779708810064884,0.014779708733679958,0.014779708657335435,0.014779708581031293,0.01477970850476752,0.014779708428544116,0.014779708352361027,0.014779708276218247,0.014779708200115762,0.014779708124053569,0.014779708048031637,0.014779707972049963,0.014779707896108484,0.014779707820207232,0.014779707744346188,0.014779707668525292,0.014779707592744582,0.014779707517003996,0.014779707441303549,0.01477970736564319,0.014779707290022944,0.01477970721444277,0.014779707138902587,0.014779707063402469,0.014779706987942412,0.01477970691252237,0.014779706837142324,0.014779706761802208,0.014779706686502091,0.014779706611241951,0.014779706536021668,0.014779706460841303,0.01477970638570081,0.014779706310600178,0.014779706235539414,0.014779706160518468,0.014779706085537279,0.014779706010595922,0.014779705935694333,0.014779705860832533,0.014779705786010464,0.014779705711228126,0.014779705636485507,0.014779705561782583,0.014779705487119337,0.014779705412495738,0.014779705337911786,0.01477970526336747,0.014779705188862758,0.014779705114397636,0.014779705039972094,0.014779704965586104,0.014779704891239658,0.01477970481693273,0.01477970474266531,0.01477970466843737,0.014779704594248913,0.014779704520099904,0.01477970444599032,0.014779704371920171,0.014779704297889424,0.014779704223898061,0.014779704149946058,0.014779704076033419,0.014779704002160093,0.0147797039283261,0.014779703854531392,0.01477970378077596,0.0147797037070598,0.014779703633382883,0.014779703559745195,0.014779703486146722,0.01477970341258748,0.014779703339067415,0.014779703265586506,0.014779703192144743,0.014779703118742101,0.014779703045378572,0.014779702972054123,0.014779702898768753,0.014779702825522439,0.014779702752315165,0.0147797026791469,0.014779702606017645,0.014779702532927375,0.01477970245987608,0.014779702386863732,0.014779702313890315,0.014779702240955817,0.014779702168060224,0.014779702095203505,0.014779702022385651,0.014779701949606648,0.014779701876866475,0.014779701804165116,0.014779701731502554,0.014779701658878762,0.014779701586293733,0.014779701513747454,0.01477970144123989,0.014779701368771037,0.014779701296340875,0.01477970122394939,0.014779701151596561,0.014779701079282372,0.014779701007006802,0.014779700934769838,0.014779700862571458,0.014779700790411649,0.01477970071829039,0.014779700646207664,0.014779700574163463,0.014779700502157758,0.014779700430190537,0.01477970035826178,0.014779700286371468,0.014779700214519588,0.014779700142706124,0.014779700070931049,0.01477969999919436,0.01477969992749603,0.014779699855836048,0.014779699784214392,0.014779699712631038,0.014779699641085978,0.01477969956957919,0.014779699498110659,0.014779699426680368,0.014779699355288308,0.014779699283934442,0.014779699212618767,0.014779699141341258,0.014779699070101905,0.014779698998900689,0.014779698927737592,0.014779698856612592,0.014779698785525671,0.014779698714476819,0.014779698643466014,0.014779698572493245,0.014779698501558481,0.014779698430661715,0.014779698359802921,0.014779698288982077,0.01477969821819919,0.014779698147454237,0.014779698076747186,0.014779698006078045,0.01477969793544673,0.014779697864853277,0.014779697794297688,0.014779697723779904,0.014779697653299948,0.014779697582857755,0.014779697512453328,0.014779697442086664,0.014779697371757734,0.014779697301466513,0.014779697231212995,0.01477969716099716,0.014779697090818982,0.01477969702067845,0.01477969695057556,0.014779696880510278,0.014779696810482593,0.014779696740492475,0.014779696670539933,0.014779696600624927,0.014779696530747443,0.014779696460907495,0.014779696391105022,0.014779696321340028,0.01477969625161249,0.014779696181922397,0.014779696112269721,0.014779696042654491,0.014779695973076606,0.01477969590353613,0.014779695834033005,0.01477969576456719,0.014779695695138673,0.014779695625747463,0.014779695556393536,0.014779695487076928,0.014779695417797563,0.014779695348555381,0.014779695279350396,0.01477969521018262,0.01477969514105208,0.01477969507195866,0.014779695002902361,0.014779694933883258,0.014779694864901273,0.01477969479595636,0.014779694727048535,0.01477969465817771,0.014779694589343926,0.014779694520547202,0.014779694451787513,0.014779694383064803,0.014779694314379059,0.014779694245730269,0.014779694177118417,0.014779694108543488,0.014779694040005464,0.014779693971504318,0.014779693903040046,0.014779693834612617,0.014779693766222023,0.014779693697868251,0.01477969362955127,0.014779693561271078,0.014779693493027648,0.014779693424820975,0.014779693356651025,0.014779693288517783,0.014779693220421225,0.014779693152361354,0.01477969308433815,0.014779693016351578,0.014779692948401627,0.0147796928804883,0.014779692812611512,0.014779692744771325,0.014779692676967696,0.014779692609200624,0.014779692541469979,0.014779692473775847,0.014779692406118263,0.014779692338497128,0.014779692270912425,0.01477969220336417,0.014779692135852346,0.01477969206837696,0.014779692000937936,0.01477969193353531,0.014779691866169013,0.014779691798839064,0.014779691731545424,0.014779691664288079,0.014779691597067003,0.014779691529882207,0.014779691462733648,0.01477969139562132,0.014779691328545199,0.01477969126150529,0.014779691194501529,0.014779691127533948,0.014779691060602498,0.014779690993707188,0.014779690926847985,0.01477969086002487,0.014779690793237833,0.014779690726486843,0.014779690659771898,0.014779690593092976,0.014779690526450052,0.014779690459843117,0.01477969039327215,0.014779690326737139,0.014779690260238058,0.014779690193774902,0.014779690127347643,0.014779690060956275,0.014779689994600758,0.014779689928281103,0.014779689861997278,0.014779689795749255,0.014779689729537047,0.01477968966336061,0.014779689597219944,0.014779689531115026,0.014779689465045818,0.014779689399012334,0.014779689333014549,0.01477968926705243,0.014779689201125974,0.014779689135235165,0.014779689069379978,0.014779689003560397,0.014779688937776413,0.014779688872028003,0.014779688806315154,0.014779688740637842,0.01477968867499605,0.014779688609389767,0.014779688543818973,0.014779688478283646,0.014779688412783784,0.01477968834731935,0.014779688281890345,0.014779688216496738,0.01477968815113851,0.014779688085815654,0.01477968802052816,0.01477968795527599,0.014779687890059144,0.014779687824877591,0.014779687759731323,0.014779687694620324,0.014779687629544574,0.014779687564504044,0.014779687499498742,0.014779687434528637,0.014779687369593711,0.014779687304693888,0.014779687239829217,0.014779687174999692,0.014779687110205265,0.014779687045445961,0.014779686980721726,0.01477968691603258,0.014779686851378449,0.014779686786759366,0.014779686722175268,0.014779686657626192,0.014779686593112101,0.014779686528632955,0.01477968646418876,0.014779686399779494,0.014779686335405127,0.014779686271065651,0.014779686206761043,0.01477968614249132,0.014779686078256343,0.01477968601405626,0.014779685949890974,0.0147796858857605,0.014779685821664786,0.014779685757603805,0.014779685693577599,0.014779685629586153,0.01477968556562936,0.01477968550170725,0.014779685437819833,0.014779685373967007,0.014779685310148848,0.014779685246365255,0.014779685182616348,0.01477968511890205,0.014779685055222288,0.014779684991577094,0.01477968492796639,0.014779684864390269,0.014779684800848604,0.014779684737341417,0.01477968467386869,0.014779684610430398,0.014779684547026557,0.014779684483657138,0.01477968442032212,0.014779684357021492,0.014779684293755216,0.014779684230523284,0.014779684167325686,0.014779684104162414,0.01477968404103344,0.014779683977938718,0.014779683914878276,0.014779683851852089,0.014779683788860132,0.014779683725902382,0.014779683662978823,0.014779683600089457,0.014779683537234254,0.014779683474413193,0.014779683411626224,0.014779683348873402,0.014779683286154671,0.014779683223470078,0.014779683160819549,0.014779683098203057,0.014779683035620552,0.01477968297307205,0.01477968291055754,0.014779682848077022,0.014779682785630398,0.014779682723217764,0.01477968266083906,0.014779682598494284,0.014779682536183392,0.014779682473906389,0.01477968241166317,0.014779682349453878,0.014779682287278407,0.014779682225136734,0.014779682163028846,0.014779682100954745,0.014779682038914332,0.014779681976907719,0.014779681914934834,0.014779681852995651,0.014779681791090175,0.014779681729218367,0.014779681667380222,0.014779681605575717,0.01477968154380486,0.01477968148206758,0.014779681420363925,0.01477968135869382,0.01477968129705727,0.014779681235454254,0.014779681173884777,0.014779681112348805,0.014779681050846328,0.014779680989377325,0.014779680927941777,0.014779680866539682,0.014779680805171015,0.014779680743835745,0.014779680682533856,0.014779680621265355,0.014779680560030211,0.014779680498828402,0.014779680437659936,0.01477968037652477,0.014779680315422889,0.01477968025435428,0.014779680193318868,0.014779680132316791,0.014779680071347908,0.01477968001041215,0.014779679949509673,0.014779679888640372,0.014779679827804204,0.0147796797670012,0.014779679706231338,0.014779679645494571,0.014779679584790905,0.01477967952412031,0.014779679463482766,0.014779679402878344,0.014779679342306852,0.014779679281768392,0.01477967922126294,0.014779679160790458,0.014779679100350943,0.014779679039944368,0.014779678979570695,0.014779678919229948,0.014779678858922106,0.014779678798647044,0.014779678738404925,0.014779678678195672,0.014779678618019229,0.014779678557875606,0.014779678497764764,0.014779678437686721,0.014779678377641424,0.014779678317628872,0.014779678257649068,0.014779678197701986,0.014779678137787581,0.014779678077905865,0.014779678018056807,0.014779677958240398,0.014779677898456614,0.014779677838705445,0.01477967777898687,0.014779677719300884,0.014779677659647463,0.014779677600026601,0.014779677540438267,0.014779677480882459,0.014779677421359138,0.014779677361868289,0.014779677302409906,0.014779677242983921,0.014779677183590422,0.014779677124229354,0.014779677064900687,0.01477967700560436,0.014779676946340449,0.014779676887108873,0.014779676827909639,0.014779676768742728,0.014779676709608135,0.01477967665050578,0.01477967659143573,0.014779676532397893,0.014779676473392336,0.014779676414418883,0.014779676355477759,0.014779676296568846,0.014779676237692085,0.014779676178847501,0.014779676120035048,0.014779676061254703,0.014779676002506462,0.014779675943790345,0.014779675885106284,0.014779675826454234,0.014779675767834215,0.01477967570924625,0.014779675650690289,0.014779675592166332,0.01477967553367437,0.014779675475214329,0.014779675416786231,0.014779675358390115,0.014779675300025892,0.014779675241693558,0.01477967518339307,0.014779675125124491,0.014779675066887765,0.014779675008682883,0.014779674950509802,0.014779674892368522,0.014779674834259031,0.01477967477618131,0.014779674718135334,0.0147796746601211,0.014779674602138566,0.01477967454418761,0.01477967448626837,0.014779674428380907,0.014779674370525105,0.014779674312700969,0.014779674254908422,0.014779674197147478,0.014779674139418067,0.01477967408172029,0.014779674024054062,0.014779673966419398,0.014779673908816236,0.014779673851244594,0.014779673793704443,0.014779673736195768,0.014779673678718554,0.01477967362127278,0.014779673563858443,0.014779673506475516,0.014779673449123988,0.014779673391803841,0.014779673334515055,0.014779673277257623,0.01477967322003159,0.014779673162836966,0.014779673105673491,0.014779673048541326,0.014779672991440378,0.01477967293437071,0.014779672877332279,0.014779672820325064,0.014779672763349254,0.014779672706404394,0.014779672649490764,0.014779672592608276,0.01477967253575693,0.014779672478936709,0.014779672422147587,0.014779672365389573,0.014779672308662613,0.014779672251966726,0.01477967219530191,0.014779672138668104,0.014779672082065308,0.014779672025493554,0.014779671968952747,0.0147796719124429,0.014779671855963999,0.014779671799516033,0.014779671743098985,0.014779671686712847,0.014779671630357597,0.01477967157403322,0.01477967151773969,0.014779671461477007,0.014779671405245146,0.01477967134904408,0.014779671292873844,0.014779671236734335,0.014779671180625622,0.014779671124547634,0.01477967106850037,0.014779671012483833,0.014779670956497983,0.014779670900542814,0.014779670844618283,0.014779670788724436,0.014779670732861218,0.014779670677028615,0.014779670621226619,0.014779670565455188,0.01477967050971435,0.014779670454004142,0.014779670398324403,0.014779670342675183,0.01477967028705648,0.01477967023146827,0.01477967017591054,0.014779670120383268,0.014779670064886433,0.014779670009420024,0.014779669953983878,0.014779669898578275,0.014779669843203166,0.014779669787858244,0.014779669732543774,0.014779669677259721,0.01477966962200589,0.01477966956678242,0.014779669511589245,0.014779669456426281,0.014779669401293537,0.014779669346191156,0.014779669291118996,0.014779669236077049,0.01477966918106521,0.014779669126083549,0.014779669071132073,0.01477966901621083,0.01477966896131962,0.014779668906458517,0.014779668851627582,0.014779668796826679,0.01477966874205584,0.014779668687315041,0.01477966863260431,0.014779668577923606,0.014779668523272895,0.014779668468652196,0.014779668414061467,0.014779668359500703,0.014779668304969882,0.014779668250468996,0.01477966819599802,0.014779668141556953,0.01477966808714577,0.014779668032764452,0.014779667978412993,0.01477966792409136,0.01477966786979956,0.014779667815537563,0.014779667761305357,0.014779667707102935,0.014779667652930265,0.01477966759878735,0.014779667544674161,0.014779667490590684,0.014779667436536909,0.014779667382512823,0.014779667328518396,0.014779667274553626,0.0147796672206185,0.014779667166712989,0.014779667112837087,0.01477966705899075,0.014779667005174014,0.014779666951386767,0.014779666897629107,0.014779666843900979,0.014779666790202392,0.014779666736533284,0.014779666682893674,0.0147796666292835,0.014779666575702817,0.014779666522151581,0.014779666468629729,0.014779666415137312,0.014779666361674295,0.014779666308240652,0.014779666254836371,0.014779666201461435,0.014779666148115824,0.014779666094799537,0.014779666041512565,0.014779665988254783,0.014779665935026354,0.014779665881827097,0.014779665828657161,0.014779665775516376,0.014779665722404835,0.01477966566932253,0.014779665616269415,0.01477966556324545,0.014779665510250645,0.01477966545728499,0.01477966540434843,0.01477966535144096,0.014779665298562596,0.014779665245713298,0.014779665192893072,0.014779665140101966,0.01477966508733982,0.014779665034606666,0.014779664981902448,0.01477966492922728,0.014779664876581075,0.014779664823963812,0.014779664771375522,0.01477966471881614,0.014779664666285688,0.014779664613784091,0.01477966456131139,0.014779664508867566,0.014779664456452565,0.014779664404066223,0.014779664351708856,0.014779664299380267,0.014779664247080436,0.014779664194809397,0.014779664142567154,0.014779664090353648,0.014779664038168867,0.014779663986012803,0.014779663933885417,0.01477966388178666,0.014779663829716705,0.014779663777675289,0.014779663725662464,0.014779663673678346,0.014779663621722824,0.014779663569795903,0.014779663517897558,0.014779663466027777,0.014779663414186517,0.014779663362373813,0.014779663310589629,0.01477966325883393,0.014779663207106733,0.014779663155408003,0.014779663103737736,0.014779663052095911,0.014779663000482723,0.014779662948897739,0.014779662897341153,0.014779662845812943,0.014779662794313113,0.014779662742841627,0.01477966269139848,0.014779662639983659,0.01477966258859714,0.014779662537238926,0.014779662485908979,0.014779662434607297,0.014779662383333869,0.014779662332088672,0.01477966228087169,0.014779662229682924,0.014779662178522352,0.014779662127389936,0.014779662076285607,0.014779662025209521,0.014779661974161645,0.014779661923141783,0.014779661872150024,0.014779661821186396,0.014779661770250805,0.014779661719343234,0.01477966166846374,0.014779661617612265,0.014779661566788805,0.014779661515993353,0.014779661465225883,0.014779661414486386,0.014779661363774841,0.014779661313091243,0.01477966126243556,0.014779661211807788,0.01477966116120792,0.014779661110635918,0.014779661060091794,0.014779661009575524,0.0147796609590871,0.01477966090862653,0.014779660858193638,0.014779660807788681,0.014779660757411535,0.014779660707062112,0.014779660656740369,0.014779660606446296,0.01477966055618003,0.014779660505941487,0.014779660455730636,0.014779660405547455,0.014779660355391919,0.01477966030526405,0.014779660255163809,0.014779660205091142,0.01477966015504624,0.014779660105028803,0.01477966005503893,0.014779660005076632,0.01477965995514185,0.01477965990523462,0.014779659855354925,0.014779659805502722,0.014779659755678007,0.01477965970588083,0.014779659656111045,0.01477965960636872,0.014779659556653816,0.014779659506966315,0.01477965945730629,0.014779659407673585,0.01477965935806841,0.014779659308490461,0.014779659258939799,0.014779659209416514,0.014779659159920511,0.01477965911045179,0.014779659061010383,0.014779659011596245,0.01477965896220937,0.014779658912849719,0.01477965886351731,0.014779658814212114,0.014779658764934114,0.0147796587156833,0.014779658666459661,0.014779658617263181,0.014779658568093837,0.014779658518951628,0.014779658469836596,0.014779658420748538,0.014779658371687734,0.014779658322653894,0.014779658273647106,0.014779658224667348,0.014779658175714631,0.014779658126788983,0.014779658077890277,0.014779658029018561,0.014779657980173815,0.014779657931356015,0.014779657882565165,0.01477965783380124,0.014779657785064232,0.014779657736354118,0.014779657687670901,0.014779657639014532,0.014779657590385038,0.014779657541782386,0.01477965749320657,0.014779657444657708,0.014779657396135445,0.014779657347640019,0.01477965729917138,0.014779657250729428,0.014779657202314283,0.014779657153925863,0.014779657105564155,0.01477965705722913,0.014779657008920815,0.01477965696063917,0.014779656912384287,0.014779656864155949,0.014779656815954221,0.01477965676777913,0.01477965671963062,0.014779656671508648,0.014779656623413333,0.01477965657534457,0.014779656527302365,0.014779656479286677,0.01477965643129752,0.01477965638333487,0.014779656335398713,0.014779656287489033,0.014779656239605818,0.014779656191749035,0.014779656143918686,0.014779656096114768,0.014779656048337262,0.014779656000586143,0.014779655952861378,0.014779655905163004,0.014779655857490975,0.014779655809845279,0.014779655762225891,0.014779655714632817,0.014779655667066035,0.014779655619525529,0.014779655572011318,0.014779655524523311,0.014779655477061573,0.014779655429626063,0.01477965538221674,0.014779655334833611,0.014779655287476668,0.014779655240145897,0.014779655192841292,0.014779655145562816,0.014779655098310487,0.01477965505108427,0.01477965500388413,0.014779654956710169,0.014779654909562194,0.014779654862440268,0.014779654815344401,0.014779654768274543,0.014779654721230719,0.014779654674212885,0.014779654627221042,0.0147796545802552,0.01477965453331529,0.014779654486401337,0.014779654439513313,0.014779654392651194,0.014779654345814998,0.014779654299004694,0.014779654252220244,0.014779654205461684,0.014779654158728997,0.014779654112022127,0.014779654065341092,0.014779654018685874,0.014779653972056427,0.014779653925452777,0.014779653878874892,0.014779653832322756,0.014779653785796367,0.014779653739295712,0.014779653692820768,0.014779653646371526,0.014779653599947956,0.01477965355355001,0.014779653507177715,0.014779653460831136,0.014779653414510137,0.014779653368214735,0.014779653321944938,0.014779653275700777,0.014779653229482163,0.014779653183289105,0.014779653137121799,0.0147796530909798,0.014779653044863414,0.014779652998772664,0.014779652952707289,0.01477965290666735,0.01477965286065293,0.014779652814663969,0.014779652768700451,0.014779652722762382,0.014779652676849704,0.014779652630962429,0.014779652585100533,0.014779652539263995,0.014779652493452809,0.014779652447666982,0.014779652401906467,0.014779652356171343,0.014779652310461458,0.014779652264776913,0.014779652219117638,0.014779652173483608,0.014779652127874876,0.014779652082291357,0.014779652036733029,0.014779651991199953,0.014779651945692066,0.01477965190020939,0.01477965185475187,0.014779651809319519,0.01477965176391224,0.014779651718530169,0.014779651673173147,0.01477965162784118,0.014779651582534347,0.014779651537252688,0.014779651491995942,0.014779651446764342,0.014779651401557788,0.01477965135637632,0.014779651311219865,0.014779651266088389,0.014779651220981906,0.01477965117590034,0.014779651130843815,0.014779651085812215,0.01477965104080555,0.014779650995823783,0.014779650950866934,0.014779650905934966,0.014779650861027878,0.014779650816145648,0.014779650771288271,0.014779650726455764,0.014779650681648061,0.014779650636865168,0.014779650592107072,0.014779650547373712,0.014779650502665102,0.014779650457981297,0.014779650413322264,0.014779650368687955,0.014779650324078323,0.01477965027949343,0.014779650234933274,0.01477965019039775,0.014779650145886971,0.014779650101400773,0.014779650056939281,0.01477965001250242,0.014779649968090107,0.01477964992370238,0.014779649879339225,0.014779649835000672,0.014779649790686779,0.014779649746397405,0.014779649702132499,0.01477964965789211,0.014779649613676137,0.014779649569484736,0.014779649525317955,0.01477964948117553,0.014779649437057568,0.014779649392964035,0.014779649348895018,0.01477964930485035,0.014779649260830079,0.014779649216834207,0.014779649172862685,0.014779649128915549,0.014779649084992762,0.014779649041094323,0.014779648997220219,0.014779648953370418,0.014779648909544928,0.014779648865743705,0.01477964882196678,0.01477964877821411,0.014779648734485699,0.014779648690781522,0.014779648647101566,0.014779648603445831,0.014779648559814288,0.014779648516206905,0.014779648472623716,0.014779648429064672,0.014779648385529792,0.014779648342019057,0.014779648298532424,0.01477964825506987,0.014779648211631451,0.014779648168217066,0.014779648124826761,0.014779648081460506,0.014779648038118272,0.014779647994800093,0.01477964795150592,0.014779647908235754,0.01477964786498958,0.01477964782176738,0.01477964777856905,0.014779647735394755,0.014779647692244411,0.014779647649117994,0.014779647606015496,0.014779647562936897,0.014779647519882188,0.014779647476851347,0.014779647433844276,0.014779647390861158,0.014779647347901867,0.014779647304966394,0.014779647262054744,0.014779647219166888,0.014779647176302821,0.014779647133462524,0.014779647090645998,0.014779647047853207,0.014779647005084152,0.014779646962338827,0.01477964691961721,0.014779646876919279,0.014779646834245045,0.014779646791594474,0.014779646748967595,0.014779646706364332,0.014779646663784665,0.014779646621228599,0.014779646578696182,0.014779646536187348,0.014779646493702118,0.01477964645124039,0.014779646408802288,0.014779646366387724,0.014779646323996695,0.014779646281629113,0.014779646239285106,0.014779646196964619,0.014779646154667613,0.014779646112394055,0.014779646070144021,0.014779646027917369,0.014779645985714213,0.014779645943534397,0.014779645901378,0.014779645859245023,0.014779645817135423,0.014779645775049161,0.014779645732986258,0.0147796456909467,0.01477964564893047,0.014779645606937562,0.014779645564967959,0.014779645523021592,0.014779645481098613,0.014779645439198843,0.014779645397322346,0.014779645355469082,0.014779645313639045,0.01477964527183222,0.014779645230048613,0.014779645188288216,0.014779645146550979,0.014779645104836972,0.014779645063146085,0.014779645021478317,0.014779644979833678,0.014779644938212143,0.014779644896613708,0.01477964485503822,0.014779644813485983,0.01477964477195679,0.014779644730450646,0.014779644688967572,0.014779644647507528,0.014779644606070548,0.014779644564656592,0.014779644523265594,0.014779644481897568,0.014779644440552511,0.014779644399230461,0.014779644357931212,0.014779644316654982,0.014779644275401682,0.014779644234171383,0.01477964419296389,0.01477964415177927,0.014779644110617527,0.01477964406947867,0.014779644028362664,0.014779643987269475,0.014779643946199078,0.014779643905151602,0.014779643864126935,0.014779643823124971,0.014779643782145751,0.014779643741189305,0.014779643700255616,0.014779643659344616,0.014779643618456378,0.014779643577590838,0.014779643536748049,0.014779643495927908,0.014779643455130446,0.014779643414355637,0.01477964337360344,0.014779643332873921,0.014779643292167015,0.014779643251482741,0.014779643210821017,0.014779643170181937,0.0147796431295655,0.01477964308897157,0.014779643048400185,0.014779643007851302,0.014779642967324999,0.014779642926821206,0.014779642886339874,0.01477964284588112,0.014779642805444844,0.014779642765030984,0.014779642724639568,0.014779642684270636,0.01477964264392412,0.014779642603600124,0.01477964256329845,0.014779642523019172,0.014779642482762275,0.014779642442527753,0.014779642402315607,0.01477964236212571,0.014779642321958235,0.014779642281813082,0.014779642241690252,0.014779642201589737,0.014779642161511496,0.014779642121455454,0.014779642081421716,0.014779642041410246,0.014779642001421038,0.014779641961454072,0.01477964192150924,0.014779641881586664,0.014779641841686222,0.014779641801808017,0.01477964176195199,0.014779641722118122,0.014779641682306398,0.014779641642516814,0.014779641602749478,0.014779641563004141,0.014779641523280878,0.014779641483579702,0.014779641443900555,0.014779641404243505,0.01477964136460852,0.01477964132499557,0.01477964128540465,0.014779641245835754,0.01477964120628882,0.014779641166764106,0.014779641127261158,0.01477964108778021,0.01477964104832119,0.014779641008884103,0.01477964096946895,0.014779640930075737,0.014779640890704559,0.014779640851355124,0.014779640812027605,0.014779640772721928,0.014779640733438145,0.01477964069417619,0.014779640654936074,0.01477964061571777,0.014779640576521263,0.014779640537346532,0.014779640498193606,0.014779640459062486,0.01477964041995309,0.01477964038086558,0.014779640341799731,0.014779640302755607,0.014779640263733275,0.014779640224732566,0.014779640185753487,0.014779640146796185,0.01477964010786053,0.014779640068946642,0.014779640030054306,0.014779639991183603,0.014779639952334542,0.014779639913507068,0.014779639874701201,0.014779639835916934,0.014779639797154253,0.014779639758413132,0.014779639719693566,0.014779639680995533,0.014779639642319035,0.014779639603664078,0.014779639565030537,0.014779639526418574,0.01477963948782811,0.014779639449259115,0.014779639410711613,0.01477963937218552,0.014779639333680959,0.014779639295197775,0.014779639256735975,0.014779639218295598,0.01477963917987659,0.014779639141478966,0.014779639103102718,0.014779639064747904,0.01477963902641435,0.014779638988102136,0.01477963894981125,0.014779638911541687,0.014779638873293414,0.014779638835066443,0.01477963879686078,0.01477963875867635,0.014779638720513069,0.014779638682371136,0.014779638644250437,0.014779638606151002,0.01477963856807267,0.014779638530015595,0.014779638491979701,0.014779638453965042,0.014779638415971491,0.014779638377999095,0.014779638340047894,0.014779638302117796,0.0147796382642088,0.014779638226320894,0.014779638188454097,0.014779638150608378,0.01477963811278372,0.014779638074980145,0.014779638037197604,0.014779637999436095,0.014779637961695619,0.014779637923976173,0.014779637886277718,0.014779637848600327,0.014779637810943849,0.014779637773308336,0.014779637735693902,0.014779637698100338,0.014779637660527653,0.014779637622975909,0.014779637585445083,0.014779637547935185,0.014779637510446142,0.014779637472977987,0.0147796374355307,0.014779637398104293,0.014779637360698714,0.014779637323313962,0.014779637285950041,0.01477963724860693,0.014779637211284644,0.014779637173983123,0.014779637136702387,0.014779637099442433,0.01477963706220324,0.014779637024984778,0.014779636987787044,0.014779636950609968,0.014779636913453702,0.014779636876318104,0.014779636839203171,0.014779636802108935,0.014779636765035362,0.01477963672798245,0.01477963669095018,0.014779636653938536,0.014779636616947528,0.014779636579977174,0.014779636543027377,0.014779636506098169,0.014779636469189585,0.014779636432301511,0.014779636395433992,0.014779636358587023,0.01477963632176059,0.014779636284954668,0.014779636248169269,0.014779636211404362,0.014779636174659943,0.014779636137936033,0.014779636101232566,0.014779636064549545,0.014779636027886976,0.014779635991244837,0.014779635954623144,0.014779635918021831,0.014779635881440899,0.014779635844880387,0.014779635808340245,0.014779635771820473,0.014779635735321055,0.014779635698841994,0.014779635662383247,0.014779635625944828,0.014779635589526727,0.014779635553128927,0.014779635516751417,0.014779635480394184,0.014779635444057176,0.014779635407740467,0.014779635371444014,0.01477963533516779,0.014779635298911792,0.014779635262676062,0.01477963522646048,0.0147796351902651,0.014779635154089893,0.014779635117934845,0.01477963508179996,0.01477963504568523,0.014779635009590633,0.014779634973516165,0.01477963493746186,0.014779634901427616,0.014779634865413449,0.014779634829419372,0.014779634793445367,0.014779634757491418,0.014779634721557551,0.014779634685643707,0.014779634649749884,0.014779634613876075,0.01477963457802226,0.014779634542188457,0.014779634506374636,0.014779634470580783,0.014779634434806906,0.014779634399052976,0.014779634363319007,0.014779634327604953,0.01477963429191082,0.014779634256236589,0.014779634220582271,0.014779634184947836,0.014779634149333353,0.014779634113738655,0.01477963407816381,0.014779634042608849,0.014779634007073678,0.014779633971558341,0.01477963393606282,0.0147796339005871,0.014779633865131168,0.014779633829695013,0.01477963379427863,0.014779633758882008,0.01477963372350512,0.014779633688147989,0.014779633652810585,0.014779633617492894,0.0147796335821949,0.014779633546916615,0.014779633511658008,0.01477963347641908,0.014779633441199813,0.014779633406000199,0.014779633370820226,0.014779633335659887,0.014779633300519129,0.014779633265398008,0.014779633230296508,0.014779633195214555,0.014779633160152206,0.014779633125109423,0.014779633090086203,0.014779633055082534,0.014779633020098356,0.014779632985133727,0.014779632950188632,0.014779632915263036,0.014779632880356936,0.014779632845470321,0.014779632810603172,0.014779632775755494,0.014779632740927258,0.014779632706118461,0.014779632671329125,0.014779632636559178,0.014779632601808639,0.014779632567077483,0.014779632532365724,0.014779632497673374,0.014779632463000372,0.014779632428346725,0.014779632393712426,0.014779632359097466,0.014779632324501826,0.0147796322899255,0.014779632255368554,0.014779632220830827,0.014779632186312383,0.01477963215181321,0.014779632117333302,0.014779632082872652,0.01477963204843123,0.014779632014009034,0.014779631979606052,0.014779631945222263,0.014779631910857686,0.01477963187651232,0.014779631842186138,0.014779631807879105,0.01477963177359124,0.014779631739322533,0.014779631705072975,0.014779631670842534,0.014779631636631211,0.014779631602438996,0.01477963156826586,0.014779631534111808,0.014779631499976844,0.014779631465860942,0.014779631431764082,0.014779631397686285,0.014779631363627506,0.014779631329587862,0.014779631295567135,0.014779631261565467,0.014779631227582734,0.014779631193618973,0.014779631159674192,0.014779631125748375,0.014779631091841508,0.014779631057953576,0.014779631024084583,0.014779630990234507,0.014779630956403342,0.01477963092259108,0.014779630888797708,0.014779630855023259,0.014779630821267625,0.014779630787530954,0.014779630753813045,0.014779630720113976,0.014779630686433733,0.01477963065277235,0.014779630619129725,0.01477963058550591,0.014779630551900876,0.014779630518314626,0.014779630484747137,0.014779630451198414,0.014779630417668423,0.014779630384157177,0.014779630350664652,0.014779630317190838,0.014779630283735754,0.01477963025029935,0.014779630216881643,0.014779630183482599,0.014779630150102275,0.01477963011674056,0.014779630083397503,0.014779630050073073,0.014779630016767261,0.014779629983480059,0.01477962995021148,0.01477962991696149,0.014779629883730092,0.014779629850517338,0.014779629817323095,0.01477962978414738,0.014779629750990217,0.014779629717851663,0.014779629684731557,0.01477962965162998,0.014779629618546885,0.014779629585482307,0.01477962955243621,0.014779629519408586,0.014779629486399411,0.014779629453408709,0.014779629420436442,0.014779629387482637,0.014779629354547233,0.014779629321630246,0.014779629288731675,0.014779629255851488,0.0147796292229897,0.014779629190146274,0.014779629157321202,0.014779629124514507,0.014779629091726141,0.014779629058956124,0.014779629026204418,0.01477962899347103,0.01477962896075595,0.014779628928059152,0.01477962889538068,0.014779628862720457,0.014779628830078495,0.014779628797454784,0.014779628764849322,0.014779628732262096,0.014779628699693096,0.01477962866714229,0.014779628634609712,0.014779628602095333,0.014779628569599138,0.014779628537121123,0.01477962850466127,0.014779628472219577,0.014779628439796032,0.014779628407390628,0.014779628375003333,0.014779628342634165,0.014779628310283184,0.014779628277950195,0.014779628245635333,0.01477962821333853,0.014779628181059797,0.014779628148799132,0.014779628116556524,0.014779628084331944,0.014779628052125375,0.014779628019936845,0.014779627987766315,0.01477962795561379,0.014779627923479224,0.014779627891362673,0.014779627859264106,0.01477962782718349,0.014779627795120827,0.014779627763076104,0.0147796277310493,0.014779627699040435,0.014779627667049485,0.014779627635076426,0.01477962760312125,0.014779627571183982,0.014779627539264576,0.01477962750736303,0.014779627475479357,0.014779627443613523,0.014779627411765514,0.014779627379935333,0.014779627348122968,0.014779627316328394,0.0147796272845516,0.014779627252792617,0.014779627221051417,0.014779627189327972,0.01477962715762227,0.01477962712593434,0.014779627094264218,0.014779627062611763,0.014779627030977033,0.014779626999359995,0.01477962696776064,0.014779626936178987,0.014779626904615012,0.014779626873068724,0.014779626841540104,0.014779626810029119,0.014779626778535806,0.014779626747060088,0.014779626715601998,0.014779626684161521,0.014779626652738645,0.01477962662133343,0.014779626589945742,0.01477962655857563,0.014779626527223082,0.01477962649588809,0.014779626464570612,0.014779626433270703,0.014779626401988329,0.014779626370723433,0.014779626339476085,0.014779626308246216,0.014779626277033846,0.014779626245838968,0.014779626214661532,0.01477962618350157,0.014779626152359053,0.014779626121234003,0.014779626090126358,0.014779626059036157,0.014779626027963358,0.01477962599690796,0.014779625965869965,0.01477962593484935,0.014779625903846103,0.014779625872860233,0.01477962584189173,0.014779625810940548,0.014779625780006725,0.014779625749090227,0.014779625718191022,0.014779625687309153,0.01477962565644458,0.014779625625597299,0.0147796255947673,0.014779625563954582,0.014779625533159133,0.01477962550238092,0.014779625471619942,0.014779625440876215,0.014779625410149707,0.014779625379440421,0.014779625348748344,0.014779625318073452,0.014779625287415747,0.014779625256775227,0.014779625226151892,0.014779625195545711,0.014779625164956641,0.014779625134384734,0.014779625103829968,0.014779625073292325,0.014779625042771777,0.014779625012268347,0.01477962498178204,0.01477962495131279,0.014779624920860665,0.014779624890425655,0.014779624860007596,0.014779624829606604,0.01477962479922265,0.014779624768855717,0.014779624738505807,0.014779624708172928,0.014779624677856994,0.014779624647558111,0.014779624617276185,0.014779624587011257,0.014779624556763281,0.014779624526532266,0.014779624496318193,0.014779624466121051,0.014779624435940823,0.014779624405777535,0.01477962437563116,0.01477962434550169,0.014779624315389095,0.014779624285293395,0.014779624255214566,0.0147796242251526,0.014779624195107494,0.014779624165079224,0.014779624135067865,0.014779624105073323,0.01477962407509554,0.014779624045134577,0.014779624015190396,0.01477962398526303,0.014779623955352433,0.014779623925458632,0.014779623895581552,0.014779623865721183,0.014779623835877623,0.0147796238060508,0.014779623776240673,0.014779623746447364,0.0147796237166707,0.014779623686910725,0.01477962365716741,0.014779623627440813,0.014779623597730893,0.01477962356803755,0.01477962353836095,0.014779623508701009,0.01477962347905769,0.014779623449431,0.014779623419820925,0.014779623390227465,0.014779623360650588,0.014779623331090308,0.014779623301546618,0.014779623272019503,0.014779623242508954,0.014779623213015044,0.014779623183537585,0.01477962315407668,0.014779623124632319,0.014779623095204454,0.014779623065793095,0.014779623036398251,0.014779623007019889,0.01477962297765802,0.014779622948312638,0.014779622918983697,0.014779622889671233,0.014779622860375203,0.014779622831095619,0.014779622801832459,0.014779622772585746,0.014779622743355416,0.014779622714141499,0.014779622684943986,0.01477962265576285,0.014779622626598082,0.014779622597449686,0.014779622568317666,0.014779622539201981,0.014779622510102655,0.01477962248101965,0.014779622451952953,0.014779622422902582,0.014779622393868508,0.014779622364850737,0.014779622335849271,0.01477962230686408,0.014779622277895144,0.014779622248942468,0.014779622220006035,0.014779622191085867,0.014779622162181927,0.01477962213329425,0.014779622104422756,0.014779622075567453,0.014779622046728367,0.014779622017905447,0.014779621989098704,0.014779621960308227,0.014779621931533794,0.014779621902775599,0.014779621874033519,0.01477962184530757,0.01477962181659777,0.014779621787904101,0.014779621759226523,0.014779621730565056,0.01477962170191968,0.01477962167329038,0.014779621644677162,0.014779621616080027,0.014779621587498954,0.01477962155893394,0.014779621530384944,0.014779621501851997,0.014779621473335081,0.01477962144483417,0.014779621416349274,0.014779621387880356,0.014779621359427442,0.014779621330990495,0.014779621302569554,0.014779621274164564,0.014779621245775506,0.014779621217402417,0.014779621189045253,0.014779621160704018,0.01477962113237868,0.014779621104069262,0.014779621075775764,0.014779621047498153,0.01477962101923643,0.014779620990990597,0.014779620962760613,0.01477962093454649,0.01477962090634822,0.014779620878165752,0.014779620849999174,0.014779620821848397,0.01477962079371344,0.014779620765594309,0.014779620737490957,0.0147796207094034,0.014779620681331632,0.014779620653275682,0.014779620625235444,0.014779620597210961,0.014779620569202262,0.014779620541209198,0.014779620513231959,0.014779620485270428,0.01477962045732461,0.01477962042939452,0.014779620401480122,0.014779620373581407,0.014779620345698364,0.014779620317830975,0.014779620289979254,0.014779620262143186,0.014779620234322778,0.014779620206517985,0.01477962017872882,0.014779620150955285,0.014779620123197345,0.01477962009545503,0.014779620067728302,0.014779620040017176,0.014779620012321618,0.01477961998464163,0.014779619956977207,0.014779619929328337,0.01477961990169501,0.014779619874077218,0.014779619846474946,0.014779619818888205,0.01477961979131697,0.014779619763761239,0.014779619736221007,0.014779619708696254,0.014779619681186974,0.014779619653693173,0.014779619626214824,0.014779619598751926,0.01477961957130447,0.01477961954387245,0.014779619516455865,0.014779619489054688,0.014779619461668921,0.01477961943429856,0.014779619406943586,0.014779619379604,0.014779619352279793,0.01477961932497095,0.014779619297677467,0.014779619270399332,0.014779619243136562,0.014779619215889103,0.014779619188656985,0.014779619161440171,0.014779619134238666,0.014779619107052465,0.014779619079881533,0.014779619052725894,0.01477961902558554,0.014779618998460463,0.014779618971350635,0.014779618944256076,0.014779618917176744,0.014779618890112646,0.014779618863063776,0.01477961883603013,0.014779618809011692,0.014779618782008454,0.014779618755020396,0.014779618728047538,0.014779618701089856,0.014779618674147354,0.014779618647219996,0.014779618620307796,0.014779618593410728,0.014779618566528806,0.014779618539662007,0.014779618512810332,0.01477961848597376,0.014779618459152297,0.01477961843234592,0.01477961840555464,0.014779618378778437,0.014779618352017288,0.014779618325271214,0.014779618298540189,0.014779618271824209,0.014779618245123341,0.014779618218437433,0.014779618191766559,0.014779618165110624,0.014779618138469784,0.014779618111843917,0.014779618085233034,0.01477961805863712,0.014779618032056184,0.014779618005490205,0.01477961797893919,0.014779617952403123,0.014779617925881998,0.014779617899375796,0.014779617872884523,0.014779617846408171,0.014779617819946713,0.014779617793500163,0.014779617767068499,0.014779617740651714,0.014779617714249798,0.014779617687862756,0.014779617661490574,0.01477961763513325,0.014779617608790756,0.014779617582463099,0.014779617556150247,0.014779617529852237,0.014779617503569022,0.01477961747730064,0.014779617451047035,0.01477961742480828,0.014779617398584237,0.014779617372374963,0.014779617346180449,0.014779617320000684,0.014779617293835727,0.014779617267685449,0.014779617241549851,0.014779617215429012,0.014779617189322905,0.014779617163231533,0.014779617137154831,0.014779617111092812,0.014779617085045464,0.014779617059012798,0.014779617032994814,0.014779617006991472,0.014779616981002776,0.014779616955028722,0.014779616929069322,0.014779616903124411,0.014779616877194235,0.014779616851278595,0.01477961682537763,0.014779616799491168,0.014779616773619388,0.014779616747762203,0.01477961672191954,0.014779616696091468,0.014779616670277955,0.014779616644479,0.014779616618694567,0.014779616592924703,0.01477961656716932,0.01477961654142846,0.014779616515702079,0.014779616489990263,0.014779616464292829,0.014779616438609956,0.014779616412941525,0.014779616387287583,0.014779616361648137,0.014779616336023116,0.014779616310412542,0.014779616284816373,0.014779616259234638,0.014779616233667374,0.01477961620811453,0.014779616182576094,0.01477961615705203,0.01477961613154236,0.014779616106046965,0.014779616080566042,0.014779616055099485,0.014779616029647339,0.014779616004209498,0.014779615978785994,0.014779615953376802,0.01477961592798194,0.014779615902601418,0.014779615877235175,0.014779615851883258,0.014779615826545618,0.014779615801222256,0.014779615775913196,0.014779615750618405,0.014779615725337895,0.014779615700071625,0.014779615674819727,0.014779615649581945,0.014779615624358393,0.01477961559914909,0.014779615573954016,0.014779615548773129,0.014779615523606442,0.014779615498453948,0.014779615473315638,0.014779615448191522,0.014779615423081581,0.014779615397985802,0.014779615372904162,0.014779615347836662,0.014779615322783319,0.014779615297744105,0.01477961527271901,0.014779615247708041,0.014779615222711175,0.014779615197728418,0.014779615172759763,0.014779615147805188,0.014779615122864694,0.014779615097938193,0.014779615073025922,0.014779615048127621,0.014779615023243372,0.01477961499837316,0.014779614973516984,0.01477961494867483,0.014779614923846723,0.0147796148990326,0.014779614874232558,0.014779614849446432,0.014779614824674294,0.014779614799916142,0.014779614775171918,0.014779614750441717,0.014779614725725478,0.014779614701023127,0.01477961467633478,0.014779614651660352,0.014779614626999877,0.01477961460235331,0.01477961457772065,0.014779614553101901,0.014779614528497043,0.014779614503906068,0.014779614479328962,0.01477961445476573,0.014779614430216395,0.014779614405680916,0.014779614381159266,0.01477961435665146,0.01477961433215752,0.014779614307677375,0.014779614283211121,0.014779614258758638,0.014779614234319944,0.014779614209895054,0.01477961418548396,0.014779614161086644,0.01477961413670312,0.014779614112333325,0.014779614087977325,0.01477961406363507,0.014779614039306568,0.0147796140149918,0.014779613990690757,0.014779613966403414,0.014779613942129807,0.014779613917869918,0.014779613893623731,0.014779613869391243,0.014779613845172445,0.014779613820967312,0.014779613796775865,0.014779613772598071,0.01477961374843394,0.014779613724283458,0.014779613700146613,0.014779613676023403,0.014779613651913825,0.014779613627817873,0.014779613603735527,0.014779613579666787,0.014779613555611651,0.014779613531570101,0.014779613507542129,0.014779613483527737,0.01477961345952692,0.014779613435539653,0.014779613411565948,0.014779613387605792,0.014779613363659166,0.014779613339726072,0.014779613315806498,0.014779613291900449,0.014779613268007901,0.014779613244128867,0.014779613220263324,0.014779613196411273,0.014779613172572691,0.014779613148747591,0.01477961312493595,0.014779613101137769,0.014779613077353046,0.014779613053581745,0.014779613029823903,0.01477961300607948,0.014779612982348474,0.01477961295863089,0.014779612934926705,0.014779612911235926,0.014779612887558543,0.01477961286389454,0.014779612840243912,0.014779612816606665,0.014779612792982776,0.014779612769372247,0.014779612745775064,0.014779612722191228,0.014779612698620718,0.014779612675063537,0.014779612651519686,0.014779612627989134,0.014779612604471908,0.01477961258096796,0.014779612557477303,0.014779612533999934,0.014779612510535852,0.014779612487085028,0.01477961246364746,0.014779612440223163,0.014779612416812105,0.014779612393414287,0.014779612370029706,0.014779612346658349,0.014779612323300216,0.014779612299955284,0.01477961227662357,0.01477961225330504,0.014779612229999716,0.014779612206707565,0.014779612183428607,0.014779612160162795,0.014779612136910156,0.014779612113670675,0.014779612090444332,0.01477961206723114,0.014779612044031075,0.01477961202084414,0.014779611997670307,0.014779611974509596,0.01477961195136199,0.014779611928227484,0.014779611905106068,0.014779611881997742,0.014779611858902478,0.014779611835820295,0.014779611812751165,0.014779611789695094,0.014779611766652068,0.014779611743622086,0.014779611720605136,0.014779611697601211,0.01477961167461031,0.01477961165163242,0.014779611628667528,0.014779611605715644,0.01477961158277675,0.014779611559850843,0.014779611536937909,0.014779611514037942,0.014779611491150948,0.014779611468276894,0.014779611445415798,0.01477961142256764,0.014779611399732415,0.01477961137691012,0.01477961135410075,0.014779611331304286,0.014779611308520731,0.014779611285750076,0.014779611262992315,0.014779611240247433,0.01477961121751544,0.014779611194796313,0.014779611172090052,0.014779611149396646,0.01477961112671609,0.01477961110404838,0.014779611081393506,0.014779611058751467,0.014779611036122254,0.014779611013505846,0.014779610990902255,0.01477961096831146,0.014779610945733468,0.014779610923168252,0.014779610900615825,0.014779610878076168,0.014779610855549281,0.014779610833035148,0.014779610810533772,0.014779610788045142,0.014779610765569254,0.014779610743106089,0.014779610720655657,0.014779610698217939,0.014779610675792932,0.014779610653380636,0.014779610630981037,0.014779610608594122,0.014779610586219908,0.01477961056385837,0.014779610541509492,0.014779610519173276,0.01477961049684972,0.014779610474538817,0.014779610452240547,0.014779610429954917,0.014779610407681915,0.014779610385421521,0.014779610363173762,0.014779610340938606,0.014779610318716052,0.014779610296506094,0.014779610274308713,0.014779610252123916,0.014779610229951702,0.014779610207792053,0.014779610185644956,0.014779610163510419,0.01477961014138844,0.014779610119278912,0.014779610097182,0.014779610075097607,0.014779610053025735,0.014779610030966377,0.01477961000891964,0.01477960998688529,0.01477960996486341,0.014779609942854047,0.014779609920857152,0.01477960989887273,0.014779609876900773,0.014779609854941284,0.014779609832994239,0.014779609811059654,0.014779609789137489,0.014779609767227753,0.014779609745330454,0.014779609723445565,0.014779609701573097,0.01477960967971302,0.014779609657865352,0.01477960963603007,0.01477960961420725,0.014779609592396733,0.014779609570598581,0.014779609548812798,0.0147796095270394,0.01477960950527833,0.01477960948352963,0.014779609461793228,0.014779609440069154,0.01477960941835741,0.01477960939665798,0.014779609374970866,0.014779609353296063,0.014779609331633544,0.01477960930998335,0.014779609288345407,0.014779609266719779,0.01477960924510641,0.014779609223505274,0.014779609201916398,0.014779609180339772,0.014779609158775393,0.014779609137223287,0.014779609115683377,0.01477960909415568,0.014779609072640216,0.014779609051136953,0.014779609029645901,0.014779609008167046,0.014779608986700386,0.014779608965245893,0.014779608943803594,0.014779608922373458,0.014779608900955483,0.01477960887954967,0.01477960885815605,0.014779608836774531,0.014779608815405148,0.014779608794047898,0.014779608772702775,0.014779608751369765,0.014779608730048866,0.014779608708740066,0.014779608687443376,0.014779608666158774,0.014779608644886257,0.014779608623625805,0.014779608602377443,0.014779608581141142,0.014779608559916899,0.01477960853870467,0.01477960851750452,0.014779608496316415,0.014779608475140317,0.014779608453976223,0.014779608432824153,0.014779608411684087,0.014779608390556087,0.01477960836944004,0.01477960834833598,0.014779608327243956,0.01477960830616388,0.014779608285095811,0.014779608264039705,0.014779608242995556,0.014779608221963371,0.014779608200943135,0.014779608179934811,0.014779608158938445,0.014779608137954005,0.014779608116981488,0.014779608096020884,0.014779608075072195,0.014779608054135406,0.014779608033210512,0.01477960801229751,0.014779607991396389,0.014779607970507152,0.014779607949629773,0.014779607928764267,0.01477960790791061,0.014779607887068794,0.014779607866238841,0.01477960784542073,0.014779607824614448,0.014779607803820004,0.014779607783037333,0.014779607762266504,0.01477960774150751,0.014779607720760264,0.014779607700024844,0.014779607679301214,0.014779607658589357,0.014779607637889268,0.014779607617201028,0.014779607596524484,0.014779607575859683,0.014779607555206669,0.014779607534565375,0.014779607513935792,0.014779607493317935,0.014779607472711802,0.014779607452117392,0.014779607431534688,0.014779607410963687,0.014779607390404391,0.014779607369856756,0.014779607349320855,0.014779607328796598,0.01477960730828403,0.014779607287783119,0.014779607267293875,0.014779607246816272,0.014779607226350324,0.01477960720589601,0.014779607185453354,0.014779607165022267,0.014779607144602845,0.014779607124194996,0.014779607103798808,0.014779607083414213,0.014779607063041201,0.014779607042679778,0.014779607022329947,0.014779607001991699,0.01477960698166501,0.014779606961349893,0.014779606941046335,0.01477960692075433,0.01477960690047386,0.014779606880204929,0.014779606859947544,0.014779606839701687,0.014779606819467345,0.014779606799244518,0.014779606779033184,0.014779606758833377,0.014779606738645043,0.014779606718468223,0.014779606698302793,0.014779606678148925,0.014779606658006539,0.014779606637875609,0.014779606617756116,0.01477960659764809,0.014779606577551518,0.014779606557466378,0.014779606537392695,0.014779606517330419,0.01477960649727956,0.014779606477240123,0.014779606457212078,0.01477960643719545,0.014779606417190222,0.014779606397196355,0.01477960637721391,0.014779606357242826,0.01477960633728312,0.01477960631733477,0.0147796062973978,0.014779606277472164,0.014779606257557846,0.014779606237654895,0.014779606217763286,0.014779606197883016,0.014779606178014076,0.014779606158156431,0.014779606138310097,0.014779606118475074,0.014779606098651239,0.014779606078838794,0.014779606059037617,0.014779606039247745,0.014779606019469135,0.014779605999701814,0.014779605979945674,0.014779605960200877,0.014779605940467302,0.014779605920744966,0.014779605901033872,0.014779605881334004,0.014779605861645378,0.014779605841967943,0.014779605822301731,0.014779605802646738,0.014779605783002948,0.01477960576337034,0.014779605743748939,0.014779605724138705,0.014779605704539636,0.014779605684951753,0.014779605665375025,0.01477960564580945,0.014779605626255023,0.014779605606711741,0.01477960558717963,0.014779605567658628,0.014779605548148748,0.014779605528649995,0.014779605509162366,0.014779605489685835,0.014779605470220407,0.014779605450766075,0.014779605431322793,0.014779605411890637,0.014779605392469568,0.014779605373059558,0.014779605353660623,0.014779605334272753,0.014779605314895939,0.014779605295530164,0.014779605276175434,0.014779605256831743,0.014779605237499079,0.014779605218177441,0.01477960519886681,0.014779605179567203,0.014779605160278602,0.014779605141001007,0.014779605121734414,0.0147796051024788,0.014779605083234166,0.014779605064000514,0.014779605044777813,0.014779605025566092,0.014779605006365333,0.014779604987175529,0.014779604967996674,0.014779604948828757,0.014779604929671765,0.014779604910525717,0.014779604891390602,0.014779604872266384,0.014779604853153086,0.014779604834050704,0.014779604814959194,0.014779604795878596,0.014779604776808876,0.01477960475775005,0.014779604738702096,0.014779604719665006,0.014779604700638783,0.014779604681623424,0.014779604662618922,0.014779604643625256,0.014779604624642437,0.014779604605670453,0.014779604586709292,0.014779604567758956,0.014779604548819446,0.014779604529890744,0.014779604510972846,0.014779604492065754,0.014779604473169448,0.014779604454283952,0.01477960443540921,0.014779604416545255,0.014779604397692065,0.01477960437884964,0.014779604360017974,0.014779604341197062,0.014779604322386895,0.014779604303587473,0.014779604284798787,0.014779604266020792,0.014779604247253544,0.014779604228497003,0.014779604209751203,0.014779604191016116,0.014779604172291709,0.014779604153578006,0.01477960413487499,0.014779604116182654,0.014779604097501006,0.014779604078829932,0.014779604060169621,0.014779604041519958,0.014779604022880956,0.014779604004252605,0.014779603985634882,0.014779603967027799,0.014779603948431372,0.014779603929845545,0.01477960391127031,0.014779603892705726,0.014779603874151753,0.01477960385560838,0.014779603837075599,0.014779603818553404,0.0147796038000418,0.014779603781540838,0.014779603763050384,0.0147796037445705,0.014779603726101178,0.014779603707642409,0.014779603689194126,0.01477960367075644,0.014779603652329323,0.014779603633912723,0.01477960361550665,0.01477960359711111,0.014779603578726092,0.014779603560351571,0.014779603541987572,0.014779603523634067,0.014779603505291044,0.0147796034869585,0.014779603468636495,0.014779603450324919,0.014779603432023801,0.014779603413733158,0.014779603395452976,0.01477960337718329,0.014779603358924007,0.014779603340675173,0.014779603322436769,0.01477960330420879,0.014779603285991233,0.0147796032677841,0.014779603249587275,0.014779603231400975,0.014779603213225077,0.014779603195059571,0.014779603176904455,0.014779603158759733,0.014779603140625406,0.014779603122501437,0.014779603104387834,0.014779603086284598,0.014779603068191703,0.014779603050109178,0.014779603032036995,0.014779603013975143,0.014779602995923631,0.014779602977882443,0.014779602959851592,0.014779602941831073,0.014779602923820826,0.014779602905820914,0.014779602887831297,0.014779602869852049,0.014779602851882978,0.014779602833924233,0.014779602815975798,0.014779602798037602,0.014779602780109676,0.014779602762192007,0.01477960274428461,0.014779602726387451,0.014779602708500539,0.014779602690623868,0.014779602672757427,0.014779602654901228,0.014779602637055241,0.014779602619219468,0.014779602601393911,0.014779602583578565,0.014779602565773408,0.01477960254797846,0.014779602530193703,0.01477960251241913,0.014779602494654737,0.014779602476900522,0.014779602459156467,0.014779602441422585,0.014779602423698857,0.014779602405985278,0.01477960238828184,0.014779602370588552,0.014779602352905409,0.014779602335232372,0.01477960231756949,0.014779602299916702,0.01477960228227403,0.01477960226464147,0.014779602247019009,0.014779602229406651,0.014779602211804369,0.014779602194212156,0.01477960217663006,0.014779602159058026,0.014779602141496064,0.014779602123944153,0.014779602106402357,0.014779602088870558,0.014779602071348805,0.014779602053837194,0.014779602036335574,0.014779602018843938,0.01477960200136232,0.014779601983890727,0.014779601966429154,0.01477960194897759,0.014779601931536024,0.014779601914104483,0.014779601896682914,0.014779601879271322,0.014779601861869726,0.014779601844478104,0.014779601827096447,0.014779601809724752,0.014779601792363024,0.014779601775011248,0.014779601757669424,0.014779601740337545,0.014779601723015607,0.014779601705703601,0.014779601688401523,0.014779601671109366,0.014779601653827128,0.014779601636554812,0.014779601619292393,0.014779601602039878,0.014779601584797257,0.014779601567564521,0.014779601550341675,0.01477960153312871,0.01477960151592562,0.014779601498732413,0.014779601481549054,0.014779601464375559,0.01477960144721191,0.014779601430058152,0.014779601412914192,0.014779601395780073,0.014779601378655785,0.014779601361541321,0.01477960134443668,0.014779601327341857,0.014779601310256844,0.014779601293181613,0.014779601276116204,0.014779601259060592,0.01477960124201477,0.014779601224978725,0.014779601207952431,0.014779601190935946,0.014779601173929229,0.01477960115693224,0.014779601139945038,0.014779601122967587,0.014779601105999886,0.014779601089041923,0.014779601072093747,0.014779601055155257,0.014779601038226486,0.014779601021307428,0.014779601004398103,0.014779600987498477,0.01477960097060856,0.014779600953728341,0.014779600936857812,0.01477960091999699,0.014779600903145807,0.014779600886304315,0.01477960086947245,0.014779600852650407,0.014779600835837953,0.014779600819035147,0.01477960080224199,0.014779600785458421,0.014779600768684549,0.014779600751920315,0.01477960073516571,0.014779600718420735,0.01477960070168537,0.014779600684959631,0.01477960066824355,0.014779600651537007,0.014779600634840002,0.014779600618152606,0.014779600601474893,0.014779600584806736,0.014779600568148154,0.014779600551499154,0.014779600534859728,0.014779600518229836,0.014779600501609534,0.014779600484998759,0.014779600468397533,0.014779600451805857,0.01477960043522371,0.014779600418651112,0.014779600402088032,0.014779600385534492,0.014779600368990448,0.014779600352455914,0.014779600335930914,0.014779600319415392,0.014779600302909379,0.014779600286412845,0.014779600269925789,0.014779600253448221,0.0147796002369801,0.014779600220521475,0.014779600204072332,0.014779600187632639,0.01477960017120241,0.014779600154781625,0.014779600138370274,0.014779600121968373,0.014779600105575906,0.01477960008919286,0.01477960007281923,0.014779600056455006,0.014779600040100219,0.014779600023754853,0.014779600007418884,0.014779599991092315,0.014779599974775131,0.014779599958467341,0.014779599942168934,0.014779599925879908,0.014779599909600243,0.014779599893329953,0.014779599877069031,0.0147795998608175,0.014779599844575298,0.01477959982834244,0.01477959981211891,0.014779599795904728,0.014779599779699858,0.014779599763504327,0.014779599747318134,0.014779599731141251,0.014779599714973685,0.014779599698815428,0.01477959968266646,0.014779599666526803,0.014779599650396436,0.014779599634275362,0.014779599618163561,0.014779599602061034,0.014779599585967803,0.014779599569883808,0.01477959955380901,0.014779599537743538,0.014779599521687269,0.014779599505640298,0.014779599489602523,0.014779599473574047,0.014779599457554802,0.01477959944154479,0.01477959942554399,0.014779599409552346,0.014779599393569919,0.014779599377596694,0.014779599361632667,0.014779599345677952,0.014779599329732373,0.014779599313795995,0.01477959929786879,0.014779599281950762,0.014779599266041917,0.014779599250142224,0.014779599234251714,0.014779599218370345,0.014779599202498135,0.01477959918663507,0.014779599170781144,0.014779599154936358,0.0147795991391007,0.014779599123274173,0.014779599107456772,0.014779599091648454,0.014779599075849293,0.014779599060059226,0.01477959904427827,0.014779599028506436,0.014779599012743668,0.014779598996989985,0.014779598981245376,0.01477959896550985,0.014779598949783401,0.01477959893406602,0.014779598918357706,0.014779598902658416,0.014779598886968191,0.01477959887128703,0.014779598855614922,0.014779598839951856,0.014779598824297819,0.014779598808652808,0.014779598793016826,0.014779598777389859,0.014779598761771911,0.01477959874616297,0.014779598730563039,0.014779598714972097,0.014779598699390158,0.014779598683817206,0.014779598668253242,0.014779598652698253,0.014779598637152242,0.014779598621615202,0.014779598606087132,0.014779598590568014,0.014779598575057864,0.014779598559556656,0.014779598544064423,0.014779598528581153,0.014779598513106814,0.014779598497641367,0.014779598482184866,0.014779598466737267,0.014779598451298585,0.014779598435868818,0.014779598420447956,0.014779598405035918,0.014779598389632845,0.014779598374238676,0.014779598358853398,0.014779598343476995,0.014779598328109482,0.014779598312750823,0.014779598297401046,0.014779598282060139,0.014779598266728092,0.014779598251404902,0.014779598236090563,0.014779598220785067,0.014779598205488392,0.014779598190200563,0.014779598174921568,0.01477959815965141,0.014779598144390057,0.014779598129137504,0.014779598113893753,0.014779598098658838,0.01477959808343277,0.01477959806821546,0.014779598053006951,0.014779598037807153,0.014779598022616209,0.01477959800743404,0.014779597992260642,0.014779597977096024,0.014779597961940083,0.01477959794679297,0.014779597931654623,0.014779597916524972,0.01477959790140412,0.014779597886292004,0.01477959787118856,0.01477959785609391,0.014779597841007984,0.014779597825930713,0.014779597810862214,0.014779597795802455,0.014779597780751292,0.014779597765708943,0.014779597750675272,0.01477959773565025,0.014779597720633964,0.014779597705626318,0.01477959769062738,0.014779597675637142,0.014779597660655555,0.014779597645682638,0.014779597630718384,0.014779597615762785,0.01477959760081584,0.014779597585877532,0.014779597570947867,0.014779597556026846,0.014779597541114457,0.014779597526210681,0.014779597511315539,0.014779597496429016,0.014779597481551105,0.014779597466681794,0.014779597451821069,0.014779597436969018,0.014779597422125512,0.014779597407290561,0.014779597392464244,0.01477959737764653,0.014779597362837361,0.014779597348036754,0.014779597333244705,0.014779597318461225,0.014779597303686307,0.014779597288919942,0.014779597274162105,0.014779597259412827,0.014779597244672095,0.014779597229939934,0.014779597215216269,0.014779597200501123,0.014779597185794498,0.014779597171096396,0.01477959715640677,0.014779597141725727,0.01477959712705313,0.014779597112389041,0.014779597097733441,0.014779597083086338,0.014779597068447711,0.014779597053817544,0.014779597039195907,0.0147795970245827,0.014779597009977915,0.014779596995381637,0.014779596980793818,0.014779596966214469,0.014779596951643539,0.014779596937081066,0.014779596922527028,0.014779596907981408,0.014779596893444201,0.014779596878915457,0.014779596864395053,0.014779596849883135,0.014779596835379629,0.014779596820884528,0.014779596806397823,0.014779596791919525,0.01477959677744953,0.014779596762987995,0.014779596748534839,0.014779596734090069,0.014779596719653681,0.014779596705225665,0.014779596690806007,0.01477959667639471,0.014779596661991776,0.014779596647597192,0.014779596633210951,0.01477959661883308,0.014779596604463525,0.014779596590102282,0.01477959657574938,0.014779596561404802,0.014779596547068542,0.014779596532740613,0.014779596518420961,0.014779596504109633,0.014779596489806649,0.014779596475511905,0.014779596461225473,0.01477959644694734,0.014779596432677471,0.014779596418415924,0.014779596404162616,0.01477959638991758,0.014779596375680838,0.014779596361452336,0.014779596347232084,0.014779596333020084,0.01477959631881633,0.014779596304620914,0.014779596290433647,0.014779596276254608,0.014779596262083802,0.014779596247921224,0.014779596233766802,0.014779596219620668,0.014779596205482746,0.014779596191353023,0.014779596177231435,0.014779596163118122,0.014779596149012995,0.014779596134916057,0.014779596120827307,0.01477959610674673,0.014779596092674334,0.014779596078610114,0.014779596064554066,0.014779596050506114,0.014779596036466388,0.014779596022434817,0.014779596008411397,0.014779595994396136,0.014779595980388997,0.014779595966390004,0.014779595952399131,0.014779595938416401,0.014779595924441787,0.014779595910475292,0.014779595896516916,0.014779595882566644,0.014779595868624481,0.014779595854690446,0.014779595840764478,0.014779595826846643,0.014779595812936867,0.01477959579903518,0.014779595785141602,0.014779595771256024,0.014779595757378562,0.014779595743509183,0.014779595729647852,0.01477959571579458,0.014779595701949356,0.014779595688112183,0.014779595674283082,0.014779595660462,0.014779595646648927,0.014779595632843917,0.014779595619046921,0.014779595605257947,0.014779595591476997,0.014779595577704061,0.014779595563939112,0.014779595550182208,0.014779595536433281,0.014779595522692379,0.014779595508959496,0.014779595495234568,0.014779595481517594,0.014779595467808618,0.014779595454107588,0.014779595440414555,0.0147795954267295,0.014779595413052397,0.014779595399383264,0.014779595385722075,0.014779595372068834,0.014779595358423544,0.01477959534478619,0.014779595331156766,0.014779595317535291,0.014779595303921676,0.01477959529031605,0.014779595276718328,0.014779595263128529,0.014779595249546647,0.014779595235972661,0.014779595222406582,0.014779595208848407,0.014779595195298121,0.014779595181755726,0.014779595168221193,0.014779595154694567,0.014779595141175881,0.014779595127665014,0.014779595114161995,0.014779595100666848,0.014779595087179508,0.01477959507370009,0.014779595060228516,0.014779595046764807,0.014779595033308914,0.014779595019860875,0.014779595006420659,0.014779594992988272,0.014779594979563713,0.014779594966146975,0.014779594952738053,0.014779594939336949,0.014779594925943652,0.014779594912558161,0.014779594899180465,0.014779594885810569,0.014779594872448464,0.01477959485909416,0.014779594845747627,0.014779594832408876,0.0147795948190779,0.014779594805754697,0.014779594792439262,0.01477959477913158,0.01477959476583165,0.014779594752539475,0.014779594739255069,0.014779594725978404,0.01477959471270947,0.014779594699448284,0.014779594686194825,0.014779594672949096,0.014779594659711084,0.014779594646480808,0.014779594633258246,0.014779594620043392,0.014779594606836246,0.014779594593636787,0.014779594580445048,0.014779594567261002,0.014779594554084662,0.014779594540915996,0.014779594527755029,0.014779594514601714,0.014779594501456082,0.014779594488318129,0.014779594475187837,0.014779594462065193,0.01477959444895023,0.01477959443584292,0.014779594422743247,0.01477959440965124,0.014779594396566856,0.014779594383490134,0.014779594370421027,0.014779594357359545,0.014779594344305693,0.01477959433125946,0.01477959431822084,0.014779594305189839,0.014779594292166444,0.014779594279150647,0.01477959426614249,0.014779594253141891,0.014779594240148897,0.01477959422716347,0.01477959421418565,0.0147795942012154,0.014779594188252738,0.014779594175297636,0.014779594162350099,0.01477959414941013,0.014779594136477708,0.014779594123552847,0.014779594110635546,0.014779594097725782,0.014779594084823568,0.014779594071928906,0.014779594059041758,0.01477959404616216,0.01477959403329007,0.014779594020425516,0.014779594007568451,0.01477959399471897,0.014779593981876938,0.014779593969042435,0.014779593956215444,0.014779593943395933,0.014779593930583923,0.01477959391777939,0.014779593904982364,0.014779593892192806,0.014779593879410748,0.014779593866636147,0.014779593853869014,0.014779593841109355,0.014779593828357127,0.014779593815612379,0.014779593802875031,0.014779593790145184,0.01477959377742279,0.014779593764707824,0.014779593752000303,0.014779593739300196,0.014779593726607544,0.014779593713922328,0.014779593701244514,0.014779593688574129,0.014779593675911154,0.014779593663255574,0.01477959365060741,0.014779593637966663,0.014779593625333293,0.014779593612707325,0.01477959360008875,0.01477959358747757,0.014779593574873757,0.014779593562277324,0.014779593549688263,0.014779593537106575,0.014779593524532234,0.014779593511965273,0.01477959349940567,0.014779593486853423,0.014779593474308532,0.014779593461770978,0.01477959344924076,0.014779593436717888,0.014779593424202346,0.014779593411694117,0.01477959339919323,0.014779593386699664,0.014779593374213409,0.01477959336173448,0.014779593349262854,0.014779593336798541
7,3.587130324689545e-24,9.845843702842828e-24,1.8094269013799215e-23,2.7824569863083376e-23,3.8658525505250375e-23,5.031444889730533e-23,6.258254829422417e-23,7.530657733191312e-23,8.83701685799488e-23,1.0168665519688574e-22,1.1519149041582537e-22,1.2883660181313213e-22,1.4258618654344034e-22,1.5641357976151523e-22,1.7029892232029346e-22,1.8422742374495315e-22,1.9818806855004752e-22,2.121726527447592e-22,2.261750662519915e-22,2.4019075847643633e-22,2.5421634027629803e-22,2.682492875242203e-22,2.8228772032868693e-22,2.963302386049805e-22,3.1037579961357554e-22,3.244236267545128e-22,3.3847314164031247e-22,3.525239135059705e-22,3.6657562153111305e-22,3.806280267787173e-22,3.9468095129591427e-22,4.0873426254894776e-22,4.227878618307972e-22,4.368416756275502e-22,4.508956491883266e-22,4.64949741736377e-22,4.79003922902447e-22,4.930581700684605e-22,5.0711246638917765e-22,5.211667993187914e-22,5.352211595135685e-22,5.492755400145925e-22,5.6332993563907815e-22,5.773843425270453e-22,5.914387578037059e-22,6.05493179328003e-22,6.195476055053457e-22,6.336020351481322e-22,6.476564673718725e-22,6.6171090151782745e-22,6.757653370953877e-22,6.898197737391634e-22,7.038742111770231e-22,7.179286492062929e-22,7.319830876760246e-22,7.460375264737993e-22,7.600919655158904e-22,7.741464047399409e-22,7.882008440995054e-22,8.022552835600026e-22,8.163097230956686e-22,8.303641626873185e-22,8.44418602320663e-22,8.584730419850602e-22,8.725274816725842e-22,8.865819213773332e-22,9.006363610949104e-22,9.146908008220416e-22,9.287452405562878e-22,9.42799680295834e-22,9.568541200393265e-22,9.709085597857585e-22,9.849629995343798e-22,9.990174392846318e-22,1.0130718790360987e-21,1.0271263187884692e-21,1.0411807585415147e-21,1.0552351982950603e-21,1.0692896380489798e-21,1.083344077803177e-21,1.0973985175575822e-21,1.1114529573121398e-21,1.1255073970668161e-21,1.1395618368215758e-21,1.1536162765763992e-21,1.1676707163312701e-21,1.1817251560861774e-21,1.1957795958411105e-21,1.209834035596063e-21,1.2238884753510304e-21,1.2379429151060085e-21,1.251997354860995e-21,1.2660517946159873e-21,1.2801062343709843e-21,1.2941606741259847e-21,1.3082151138809877e-21,1.3222695536359928e-21,1.336323993390999e-21,1.3503784331460063e-21,1.3644328729010148e-21,1.3784873126560238e-21,1.3925417524110332e-21,1.4065961921660426e-21,1.4206506319210526e-21,1.4347050716760622e-21,1.4487595114310722e-21,1.4628139511860825e-21,1.4768683909410938e-21,1.4909228306961038e-21,1.5049772704511141e-21,1.5190317102061247e-21,1.533086149961135e-21,1.5471405897161458e-21,1.5611950294711548e-21,1.575249469226165e-21,1.5893039089811762e-21,1.603358348736187e-21,1.6174127884911975e-21,1.6314672282462082e-21,1.6455216680012188e-21,1.6595761077562295e-21,1.6736305475112385e-21,1.687684987266249e-21,1.701739427021258e-21,1.715793866776269e-21,1.7298483065312795e-21,1.74390274628629e-21,1.7579571860413006e-21,1.772011625796311e-21,1.7860660655513217e-21,1.800120505306331e-21,1.8141749450613405e-21,1.828229384816351e-21,1.8422838245713604e-21,1.8563382643263695e-21,1.8703927040813808e-21,1.8844471438363906e-21,1.8985015835914e-21,1.91255602334641e-21,1.9266104631014195e-21,1.9406649028564282e-21,1.9547193426114383e-21,1.968773782366448e-21,1.9828282221214575e-21,1.9968826618764673e-21,2.0109371016314767e-21,2.0249915413864854e-21,2.0390459811414956e-21,2.0531004208965046e-21,2.0671548606515162e-21,2.081209300406526e-21,2.095263740161534e-21,2.109318179916544e-21,2.1233726196715543e-21,2.137427059426564e-21,2.1514814991815742e-21,2.165535938936583e-21,2.179590378691593e-21,2.1936448184466024e-21,2.207699258201613e-21,2.221753697956623e-21,2.235808137711633e-21,2.2498625774666427e-21,2.2639170172216536e-21,2.277971456976663e-21,2.2920258967316724e-21,2.3060803364866833e-21,2.320134776241693e-21,2.334189215996702e-21,2.3482436557517116e-21,2.362298095506721e-21,2.37635253526173e-21,2.3904069750167394e-21,2.404461414771748e-21,2.418515854526757e-21,2.432570294281766e-21,2.4466247340367748e-21,2.460679173791784e-21,2.4747336135467925e-21,2.4887880533018008e-21,2.5028424930568094e-21,2.5168969328118173e-21,2.5309513725668252e-21,2.545005812321834e-21,2.559060252076841e-21,2.573114691831848e-21,2.587169131586856e-21,2.6012235713418636e-21,2.6152780110968708e-21,2.6293324508518798e-21,2.6433868906068873e-21,2.6574413303618956e-21,2.671495770116903e-21,2.685550209871911e-21,2.6996046496269186e-21,2.7136590893819265e-21,2.727713529136934e-21,2.7417679688919415e-21,2.755822408646949e-21,2.769876848401957e-21,2.7839312881569645e-21,2.797985727911972e-21,2.81204016766698e-21,2.8260946074219867e-21,2.8401490471769946e-21,2.854203486932002e-21,2.8682579266870093e-21,2.8823123664420164e-21,2.8963668061970236e-21,2.910421245952032e-21,2.9244756857070398e-21,2.938530125462047e-21,2.9525845652170552e-21,2.966639004972063e-21,2.9806934447270702e-21,2.9947478844820778e-21,3.008802324237085e-21,3.0228567639920936e-21,3.036911203747101e-21,3.050965643502109e-21,3.065020083257117e-21,3.079074523012125e-21,3.0931289627671323e-21,3.1071834025221395e-21,3.1212378422771466e-21,3.1352922820321546e-21,3.1493467217871625e-21,3.16340116154217e-21,3.177455601297177e-21,3.191510041052185e-21,3.205564480807193e-21,3.2196189205622005e-21,3.2336733603172076e-21,3.2477278000722148e-21,3.2617822398272227e-21,3.27583667958223e-21,3.2898911193372377e-21,3.303945559092245e-21,3.317999998847254e-21,3.3320544386022622e-21,3.3461088783572682e-21,3.3601633181122754e-21,3.3742177578672837e-21,3.38827219762229e-21,3.402326637377298e-21,3.416381077132304e-21,3.430435516887313e-21,3.444489956642321e-21,3.458544396397328e-21,3.472598836152336e-21,3.486653275907343e-21,3.500707715662352e-21,3.514762155417358e-21,3.528816595172365e-21,3.542871034927374e-21,3.556925474682381e-21,3.570979914437388e-21,3.585034354192396e-21,3.599088793947403e-21,3.613143233702412e-21,3.62719767345742e-21,3.641252113212428e-21,3.655306552967436e-21,3.669360992722443e-21,3.683415432477451e-21,3.697469872232459e-21,3.711524311987466e-21,3.725578751742474e-21,3.739633191497482e-21,3.75368763125249e-21,3.767742071007498e-21,3.781796510762506e-21,3.795850950517513e-21,3.809905390272521e-21,3.82395983002753e-21,3.838014269782537e-21,3.852068709537545e-21,3.866123149292553e-21,3.88017758904756e-21,3.894232028802568e-21,3.908286468557576e-21,3.9223409083125836e-21,3.936395348067591e-21,3.950449787822599e-21,3.9645042275776066e-21,3.978558667332614e-21,3.992613107087622e-21,4.0066675468426295e-21,4.0207219865976374e-21,4.034776426352645e-21,4.048830866107653e-21,4.062885305862661e-21,4.076939745617668e-21,4.090994185372677e-21,4.105048625127685e-21,4.119103064882693e-21,4.133157504637701e-21,4.147211944392708e-21,4.161266384147716e-21,4.175320823902722e-21,4.1893752636577315e-21,4.2034297034127394e-21,4.217484143167747e-21,4.2315385829227545e-21,4.245593022677762e-21,4.259647462432769e-21,4.273701902187777e-21,4.2877563419427846e-21,4.301810781697793e-21,4.3158652214528e-21,4.329919661207808e-21,4.343974100962816e-21,4.358028540717823e-21,4.372082980472831e-21,4.3861374202278384e-21,4.400191859982846e-21,4.4142462997378535e-21,4.428300739492862e-21,4.44235517924787e-21,4.456409619002877e-21,4.470464058757884e-21,4.4845184985128915e-21,4.4985729382678994e-21,4.512627378022906e-21,4.526681817777913e-21,4.54073625753292e-21,4.554790697287927e-21,4.568845137042935e-21,4.5828995767979416e-21,4.5969540165529495e-21,4.6110084563079566e-21,4.625062896062964e-21,4.639117335817972e-21,4.6531717755729796e-21,4.6672262153279875e-21,4.6812806550829954e-21,4.6953350948380025e-21,4.70938953459301e-21,4.7234439743480176e-21,4.737498414103025e-21,4.751552853858033e-21,4.765607293613041e-21,4.7796617333680485e-21,4.793716173123057e-21,4.807770612878064e-21,4.8218250526330714e-21,4.8358794923880786e-21,4.8499339321430865e-21,4.863988371898094e-21,4.8780428116531015e-21,4.8920972514081094e-21,4.906151691163116e-21,4.920206130918124e-21,4.934260570673132e-21,4.948315010428138e-21,4.962369450183147e-21,4.976423889938154e-21,4.990478329693161e-21,5.004532769448169e-21,5.018587209203176e-21,5.032641648958183e-21,5.04669608871319e-21,5.060750528468198e-21,5.0748049682232054e-21,5.088859407978213e-21,5.102913847733221e-21,5.116968287488229e-21,5.131022727243237e-21,5.145077166998244e-21,5.159131606753253e-21,5.173186046508259e-21,5.187240486263267e-21,5.201294926018276e-21,5.215349365773282e-21,5.22940380552829e-21,5.243458245283299e-21,5.257512685038306e-21,5.2715671247933145e-21,5.2856215645483225e-21,5.29967600430333e-21,5.313730444058338e-21,5.327784883813346e-21,5.341839323568354e-21,5.355893763323362e-21,5.369948203078371e-21,5.384002642833379e-21,5.3980570825883864e-21,5.412111522343394e-21,5.4261659620984015e-21,5.4402204018534094e-21,5.454274841608417e-21,5.468329281363425e-21,5.482383721118433e-21,5.49643816087344e-21,5.51049260062845e-21,5.524547040383456e-21,5.538601480138463e-21,5.5526559198934696e-21,5.566710359648478e-21,5.580764799403485e-21,5.594819239158491e-21,5.608873678913499e-21,5.622928118668506e-21,5.6369825584235125e-21,5.6510369981785204e-21,5.665091437933528e-21,5.679145877688536e-21,5.6932003174435434e-21,5.707254757198551e-21,5.7213091969535584e-21,5.735363636708567e-21,5.749418076463574e-21,5.763472516218583e-21,5.777526955973591e-21,5.791581395728597e-21,5.805635835483605e-21,5.819690275238612e-21,5.833744714993619e-21,5.8477991547486266e-21,5.861853594503633e-21,5.87590803425864e-21,5.889962474013648e-21,5.904016913768655e-21,5.918071353523664e-21,5.932125793278671e-21,5.94618023303368e-21,5.9602346727886875e-21,5.974289112543694e-21,5.988343552298702e-21,6.002397992053709e-21,6.016452431808716e-21,6.030506871563725e-21,6.044561311318732e-21,6.058615751073739e-21,6.072670190828746e-21,6.0867246305837534e-21,6.1007790703387606e-21,6.114833510093768e-21,6.128887949848776e-21,6.1429423896037835e-21,6.156996829358791e-21,6.171051269113798e-21,6.185105708868807e-21,6.1991601486238144e-21,6.2132145883788215e-21,6.22726902813383e-21,6.241323467888839e-21,6.255377907643847e-21,6.269432347398854e-21,6.283486787153864e-21,6.297541226908871e-21,6.311595666663877e-21,6.325650106418886e-21,6.3397045461738934e-21,6.3537589859289006e-21,6.367813425683909e-21,6.381867865438915e-21,6.3959223051939235e-21,6.409976744948932e-21,6.424031184703939e-21,6.4380856244589465e-21,6.452140064213954e-21,6.466194503968963e-21,6.480248943723972e-21,6.494303383478977e-21,6.508357823233987e-21,6.522412262988994e-21,6.536466702744001e-21,6.550521142499011e-21,6.564575582254018e-21,6.578630022009024e-21,6.592684461764033e-21,6.606738901519041e-21,6.620793341274049e-21,6.6348477810290564e-21,6.648902220784065e-21,6.6629566605390745e-21,6.677011100294081e-21,6.691065540049089e-21,6.705119979804096e-21,6.719174419559102e-21,6.73322885931411e-21,6.747283299069117e-21,6.761337738824126e-21,6.775392178579133e-21,6.78944661833414e-21,6.803501058089149e-21,6.817555497844155e-21,6.83160993759916e-21,6.84566437735417e-21,6.859718817109176e-21,6.873773256864183e-21,6.887827696619192e-21,6.901882136374199e-21,6.915936576129206e-21,6.929991015884213e-21,6.944045455639224e-21,6.95809989539423e-21,6.972154335149238e-21,6.986208774904245e-21,7.000263214659254e-21,7.01431765441426e-21,7.02837209416927e-21,7.042426533924277e-21,7.056480973679285e-21,7.070535413434292e-21,7.0845898531893e-21,7.098644292944307e-21,7.112698732699314e-21,7.12675317245432e-21,7.140807612209328e-21,7.154862051964334e-21,7.168916491719342e-21,7.182970931474351e-21,7.197025371229357e-21,7.211079810984365e-21,7.225134250739373e-21,7.239188690494378e-21,7.253243130249384e-21,7.267297570004393e-21,7.281352009759401e-21,7.295406449514408e-21,7.309460889269415e-21,7.323515329024424e-21,7.337569768779431e-21,7.351624208534437e-21,7.365678648289446e-21,7.379733088044453e-21,7.39378752779946e-21,7.407841967554469e-21,7.421896407309474e-21,7.435950847064483e-21,7.45000528681949e-21,7.464059726574499e-21,7.478114166329506e-21,7.49216860608451e-21,7.506223045839519e-21,7.520277485594526e-21,7.534331925349531e-21,7.548386365104542e-21,7.562440804859547e-21,7.576495244614554e-21,7.590549684369561e-21,7.604604124124569e-21,7.618658563879577e-21,7.632713003634584e-21,7.646767443389592e-21,7.6608218831446e-21,7.674876322899606e-21,7.688930762654615e-21,7.702985202409623e-21,7.717039642164629e-21,7.731094081919636e-21,7.745148521674646e-21,7.759202961429653e-21,7.77325740118466e-21,7.787311840939669e-21,7.801366280694676e-21,7.815420720449685e-21,7.829475160204694e-21,7.843529599959702e-21,7.85758403971471e-21,7.871638479469718e-21,7.885692919224727e-21,7.899747358979734e-21,7.91380179873474e-21,7.927856238489748e-21,7.941910678244754e-21,7.955965117999761e-21,7.970019557754768e-21,7.984073997509777e-21,7.998128437264784e-21,8.012182877019791e-21,8.0262373167748e-21,8.040291756529807e-21,8.054346196284813e-21,8.06840063603982e-21,8.082455075794827e-21,8.096509515549834e-21,8.110563955304843e-21,8.12461839505985e-21,8.138672834814857e-21,8.152727274569864e-21,8.166781714324873e-21,8.180836154079881e-21,8.194890593834887e-21,8.208945033589897e-21,8.222999473344904e-21,8.237053913099912e-21,8.25110835285492e-21,8.265162792609929e-21,8.279217232364934e-21,8.293271672119943e-21,8.30732611187495e-21,8.321380551629957e-21,8.335434991384965e-21,8.349489431139972e-21,8.36354387089498e-21,8.377598310649988e-21,8.391652750404993e-21,8.405707190160002e-21,8.419761629915009e-21,8.433816069670019e-21,8.447870509425026e-21,8.461924949180033e-21,8.47597938893504e-21,8.490033828690048e-21,8.504088268445056e-21,8.518142708200064e-21,8.53219714795507e-21,8.546251587710081e-21,8.56030602746509e-21,8.574360467220097e-21,8.588414906975107e-21,8.602469346730113e-21,8.61652378648512e-21,8.630578226240128e-21,8.644632665995135e-21,8.658687105750143e-21,8.672741545505148e-21,8.686795985260158e-21,8.700850425015166e-21,8.714904864770173e-21,8.728959304525181e-21,8.743013744280189e-21,8.757068184035196e-21,8.771122623790203e-21,8.78517706354521e-21,8.799231503300217e-21,8.813285943055224e-21,8.827340382810231e-21,8.841394822565239e-21,8.855449262320246e-21,8.869503702075254e-21,8.883558141830262e-21,8.897612581585269e-21,8.911667021340276e-21,8.925721461095286e-21,8.939775900850293e-21,8.9538303406053e-21,8.967884780360309e-21,8.981939220115315e-21,8.995993659870323e-21,9.010048099625332e-21,9.024102539380339e-21,9.038156979135348e-21,9.052211418890353e-21,9.06626585864536e-21,9.080320298400368e-21,9.094374738155373e-21,9.108429177910382e-21,9.12248361766539e-21,9.1365380574204e-21,9.150592497175406e-21,9.164646936930412e-21,9.17870137668542e-21,9.192755816440426e-21,9.206810256195435e-21,9.220864695950442e-21,9.23491913570545e-21,9.24897357546046e-21,9.263028015215468e-21,9.277082454970475e-21,9.291136894725482e-21,9.305191334480491e-21,9.3192457742355e-21,9.333300213990508e-21,9.347354653745517e-21,9.361409093500526e-21,9.375463533255531e-21,9.38951797301054e-21,9.403572412765547e-21,9.417626852520554e-21,9.431681292275562e-21,9.44573573203057e-21,9.459790171785577e-21,9.473844611540584e-21,9.487899051295592e-21,9.501953491050599e-21,9.516007930805607e-21,9.530062370560616e-21,9.544116810315628e-21,9.558171250070635e-21,9.572225689825642e-21,9.586280129580649e-21,9.600334569335656e-21,9.614389009090665e-21,9.628443448845674e-21,9.642497888600682e-21,9.65655232835569e-21,9.670606768110697e-21,9.684661207865707e-21,9.698715647620714e-21,9.71277008737572e-21,9.72682452713073e-21,9.740878966885737e-21,9.754933406640744e-21,9.768987846395753e-21,9.783042286150758e-21,9.797096725905766e-21,9.811151165660773e-21,9.82520560541578e-21,9.839260045170787e-21,9.853314484925794e-21,9.867368924680801e-21,9.881423364435808e-21,9.895477804190816e-21,9.909532243945823e-21,9.923586683700831e-21,9.937641123455837e-21,9.951695563210844e-21,9.965750002965853e-21,9.97980444272086e-21,9.993858882475867e-21,1.0007913322230876e-20,1.0021967761985883e-20,1.0036022201740892e-20,1.0050076641495897e-20,1.0064131081250906e-20,1.0078185521005912e-20,1.009223996076092e-20,1.010629440051593e-20,1.0120348840270936e-20,1.0134403280025943e-20,1.0148457719780952e-20,1.016251215953596e-20,1.0176566599290968e-20,1.0190621039045975e-20,1.0204675478800983e-20,1.021872991855599e-20,1.0232784358310998e-20,1.0246838798066008e-20,1.0260893237821014e-20,1.027494767757602e-20,1.0289002117331031e-20,1.0303056557086038e-20,1.0317110996841045e-20,1.0331165436596052e-20,1.0345219876351061e-20,1.0359274316106068e-20,1.0373328755861075e-20,1.0387383195616084e-20,1.0401437635371093e-20,1.0415492075126098e-20,1.0429546514881107e-20,1.0443600954636116e-20,1.0457655394391126e-20,1.0471709834146133e-20,1.0485764273901142e-20,1.0499818713656149e-20,1.0513873153411156e-20,1.0527927593166166e-20,1.0541982032921175e-20,1.055603647267618e-20,1.0570090912431187e-20,1.0584145352186198e-20,1.0598199791941205e-20,1.0612254231696212e-20,1.0626308671451219e-20,1.0640363111206226e-20,1.0654417550961235e-20,1.0668471990716242e-20,1.068252643047125e-20,1.0696580870226256e-20,1.0710635309981265e-20,1.0724689749736275e-20,1.0738744189491282e-20,1.0752798629246291e-20,1.07668530690013e-20,1.0780907508756307e-20,1.0794961948511314e-20,1.0809016388266321e-20,1.0823070828021331e-20,1.0837125267776338e-20,1.0851179707531344e-20,1.0865234147286353e-20,1.0879288587041358e-20,1.0893343026796365e-20,1.0907397466551373e-20,1.0921451906306378e-20,1.0935506346061387e-20,1.0949560785816394e-20,1.0963615225571401e-20,1.0977669665326408e-20,1.0991724105081416e-20,1.1005778544836423e-20,1.1019832984591431e-20,1.1033887424346438e-20,1.1047941864101449e-20,1.1061996303856457e-20,1.1076050743611464e-20,1.1090105183366472e-20,1.110415962312148e-20,1.1118214062876489e-20,1.1132268502631498e-20,1.1146322942386505e-20,1.116037738214151e-20,1.117443182189652e-20,1.1188486261651529e-20,1.1202540701406536e-20,1.1216595141161543e-20,1.1230649580916552e-20,1.1244704020671561e-20,1.1258758460426568e-20,1.127281290018158e-20,1.1286867339936587e-20,1.1300921779691595e-20,1.1314976219446603e-20,1.1329030659201608e-20,1.1343085098956617e-20,1.1357139538711624e-20,1.137119397846663e-20,1.1385248418221637e-20,1.1399302857976645e-20,1.1413357297731653e-20,1.142741173748666e-20,1.144146617724167e-20,1.1455520616996677e-20,1.1469575056751684e-20,1.1483629496506694e-20,1.1497683936261702e-20,1.1511738376016709e-20,1.1525792815771716e-20,1.1539847255526725e-20,1.1553901695281735e-20,1.1567956135036739e-20,1.1582010574791746e-20,1.1596065014546753e-20,1.161011945430176e-20,1.1624173894056767e-20,1.1638228333811773e-20,1.1652282773566782e-20,1.1666337213321792e-20,1.1680391653076799e-20,1.1694446092831803e-20,1.170850053258681e-20,1.172255497234182e-20,1.173660941209683e-20,1.1750663851851838e-20,1.1764718291606845e-20,1.1778772731361852e-20,1.179282717111686e-20,1.180688161087187e-20,1.1820936050626874e-20,1.1834990490381884e-20,1.1849044930136892e-20,1.18630993698919e-20,1.1877153809646907e-20,1.1891208249401912e-20,1.1905262689156921e-20,1.1919317128911928e-20,1.1933371568666935e-20,1.1947426008421942e-20,1.196148044817695e-20,1.1975534887931957e-20,1.1989589327686964e-20,1.2003643767441971e-20,1.2017698207196978e-20,1.2031752646951991e-20,1.2045807086706999e-20,1.2059861526462006e-20,1.2073915966217013e-20,1.208797040597202e-20,1.2102024845727027e-20,1.2116079285482036e-20,1.2130133725237046e-20,1.2144188164992053e-20,1.215824260474706e-20,1.217229704450207e-20,1.2186351484257078e-20,1.2200405924012085e-20,1.2214460363767096e-20,1.22285148035221e-20,1.2242569243277108e-20,1.2256623683032115e-20,1.2270678122787125e-20,1.2284732562542129e-20,1.2298787002297135e-20,1.2312841442052146e-20,1.2326895881807157e-20,1.2340950321562164e-20,1.2355004761317172e-20,1.236905920107218e-20,1.2383113640827187e-20,1.2397168080582197e-20,1.2411222520337204e-20,1.2425276960092211e-20,1.2439331399847218e-20,1.2453385839602222e-20,1.2467440279357233e-20,1.248149471911224e-20,1.2495549158867251e-20,1.2509603598622259e-20,1.2523658038377266e-20,1.2537712478132276e-20,1.2551766917887283e-20,1.256582135764229e-20,1.25798757973973e-20,1.2593930237152308e-20,1.2607984676907315e-20,1.2622039116662319e-20,1.263609355641733e-20,1.2650147996172338e-20,1.2664202435927348e-20,1.2678256875682358e-20,1.2692311315437365e-20,1.2706365755192372e-20,1.2720420194947382e-20,1.2734474634702387e-20,1.274852907445739e-20,1.2762583514212398e-20,1.2776637953967408e-20,1.2790692393722418e-20,1.2804746833477425e-20,1.2818801273232434e-20,1.2832855712987441e-20,1.2846910152742448e-20,1.2860964592497455e-20,1.2875019032252461e-20,1.2889073472007468e-20,1.2903127911762477e-20,1.2917182351517484e-20,1.2931236791272491e-20,1.2945291231027501e-20,1.2959345670782509e-20,1.2973400110537516e-20,1.2987454550292523e-20,1.3001508990047527e-20,1.3015563429802537e-20,1.3029617869557544e-20,1.3043672309312556e-20,1.3057726749067563e-20,1.3071781188822573e-20,1.3085835628577583e-20,1.309989006833259e-20,1.3113944508087595e-20,1.3127998947842605e-20,1.3142053387597612e-20,1.3156107827352616e-20,1.3170162267107626e-20,1.3184216706862635e-20,1.3198271146617642e-20,1.321232558637265e-20,1.322638002612766e-20,1.3240434465882667e-20,1.3254488905637674e-20,1.3268543345392684e-20,1.3282597785147688e-20,1.3296652224902695e-20,1.3310706664657702e-20,1.332476110441271e-20,1.3338815544167714e-20,1.3352869983922727e-20,1.3366924423677731e-20,1.3380978863432735e-20,1.3395033303187742e-20,1.340908774294275e-20,1.3423142182697757e-20,1.3437196622452764e-20,1.3451251062207777e-20,1.3465305501962784e-20,1.3479359941717791e-20,1.34934143814728e-20,1.3507468821227805e-20,1.352152326098281e-20,1.3535577700737821e-20,1.3549632140492831e-20,1.356368658024784e-20,1.3577741020002847e-20,1.3591795459757857e-20,1.3605849899512865e-20,1.3619904339267872e-20,1.363395877902288e-20,1.3648013218777886e-20,1.366206765853289e-20,1.3676122098287897e-20,1.3690176538042904e-20,1.3704230977797912e-20,1.3718285417552922e-20,1.3732339857307932e-20,1.374639429706294e-20,1.3760448736817946e-20,1.3774503176572953e-20,1.3788557616327958e-20,1.3802612056082965e-20,1.3816666495837975e-20,1.3830720935592985e-20,1.3844775375347995e-20,1.3858829815103002e-20,1.387288425485801e-20,1.3886938694613017e-20,1.3900993134368027e-20,1.3915047574123034e-20,1.392910201387804e-20,1.3943156453633048e-20,1.3957210893388055e-20,1.3971265333143063e-20,1.398531977289807e-20,1.399937421265308e-20,1.4013428652408087e-20,6.640703171528711e-12,1.3580634829446053e-11,2.0828444016753875e-11,2.8392982547372428e-11,3.628332551790037e-11,4.4508793270950685e-11,5.3078974867024347e-11,6.200375304294087e-11,7.129333072653157e-11,8.095825911505647e-11,9.100946741424316e-11,1.0145829422873958e-10,1.123165207592758e-10,1.2359640583470186e-10,1.3531072286722537e-10,1.4747279897188302e-10,1.6009655619756157e-10,1.7319655517416744e-10,1.8678804126579356e-10,2.0088699347182303e-10,2.1551017622742647e-10,2.3067519441887253e-10,2.4640055180732586e-10,2.6270571319447757e-10,2.7961117064281055e-10,2.971385140554494e-10,3.153105066536621e-10,3.341511655581601e-10,3.536858481971615e-10,3.7394134481594797e-10,3.949459778474902e-10,4.1672970879004856e-10,4.393242530852756e-10,4.627632040724779e-10,4.870821665142637e-10,5.123189010228815e-10,5.38513480172323e-10,5.657084575390627e-10,5.939490509623863e-10,6.232833415095609e-10,6.537624895566577e-10,6.854409700639254e-10,7.183768287234213e-10,7.526319613706889e-10,7.882724190975648e-10,8.253687417931222e-10,8.639963233027219e-10,9.042358116337778e-10,9.461735481703085e-10,9.899020502944584e-10,1.035520542478563e-09,1.0831355415659098e-09,1.1328615023128286e-09,1.184821531005604e-09,1.2391481749458602e-09,1.295984297509377e-09,1.3554840493729653e-09,1.4178139482881395e-09,1.4831540814928585e-09,1.5516994468258325e-09,1.6236614512403524e-09,1.6992695881696905e-09,1.778773318440983e-09,1.8624441835147082e-09,1.950578184523329e-09,2.0434984654636934e-09,2.1415583464797717e-09,2.245144759766856e-09,2.354682150348792e-09,2.470636915249791e-09,2.5935224669523577e-09,2.7239050243414203e-09,2.8624102504925355e-09,3.0097308850721457e-09,3.1666355418988457e-09,3.3339788803672794e-09,3.512713400770159e-09,3.7039031655252327e-09,3.9087398137177484e-09,4.128561315627237e-09,4.3648740155364695e-09,4.619378635871875e-09,4.894001075343902e-09,5.190929032997184e-09,5.512655752615846e-09,5.862032497851856e-09,6.242331815136064e-09,6.657324167930646e-09,7.111371270011477e-09,7.609540381195259e-09,8.157745100979594e-09,8.762919881323204e-09,9.43323776105043e-09,1.0178383929571752e-08,1.1009901998684203e-08,1.1941635781392096e-08,1.2990297712071432e-08,1.4176206836036657e-08,1.5524256292034603e-08,1.706519492251817e-08,1.8837344156566102e-08,2.0888926050280116e-08,2.3281261749426458e-08,2.6093228986444393e-08,2.9427571617844674e-08,3.3419984073029333e-08,3.8252437975584875e-08,4.417313919468749e-08,5.152710453493019e-08,6.08042143349729e-08,7.271690450772219e-08,8.832985187555886e-08,1.092843883564427e-07,1.3820302306964992e-07,1.794533763266758e-07,2.4066950947930684e-07,3.359704909240943e-07,4.932502111900621e-07,7.719674092796212e-07,1.309966481469114e-06,2.4543925921896765e-06,5.1304671622017086e-06,1.1763362701298546e-05,2.7880262943313415e-05,6.311700209012302e-05,0.00012930200589656964,0.00023637453186299643,0.0003908568038084864,0.0006001432863239699,0.0008810325539475265,0.0012679260391935446,0.001815214124462341,0.0025859223333350332,0.003623894186891469,0.004928265998706972,0.0064528309086473185,0.008126468377954842,0.009875880442490928,0.01163954879779719,0.013372395730905366,0.015044810765606355,0.01663945136326412,0.01814778648646032,0.019567195111420202,0.020898800603629114,0.0221459598294125,0.02331325455200253,0.024405840071511975,0.025429037010508075,0.0263880840285959,0.02728799501262656,0.028133483021601322,0.028928926212269553,0.029678359655859993,0.030385482656578252,0.031053674925953838,0.03168601738761606,0.03228531496016044,0.03285411967543561,0.03339475316191942,0.0339093279283947,0.03439976716866362,0.03486782296106346,0.035315092866335746,0.03574303496846296,0.036152981449216734,0.036546150815178244,0.0369236588695996,0.03728652857072398,0.03763569886712701,0.03797203262301775,0.038296323725369896,0.038609303460671096,0.03891164624047647,0.03920397474525805,0.03948686455044099,0.03976084829035475,0.04002641941108748,0.040284035554354315,0.04053412161372275,0.04077707249918529,0.0410132556354317,0.04124301323036284,0.041466664329016356,0.041684506679920734,0.04189681843115431,0.04210385967417285,0.042305873849861064,0.042503089030552506,0.042695719089601215,0.04288396477107107,0.04306801466650636,0.04324804610979329,0.043424225996278654,0.0435967115344405,0.04376565093544451,0.04393118404624908,0.0440934429316177,0.04425255240978687,0.044408630545916775,0.044561789105313505,0.04471213397382176,0.04485976554298583,0.04500477906888107,0.04514726500125105,0.045287309288478905,0.04542499366162019,0.045560395894769526,0.04569359005006263,0.04582464669921414,0.04595363313699113,0.04608061357334685,0.046205649314593235,0.04632879893108769,0.046450118413743496,0.046569661321568416,0.04668747891536567,0.046803620288143596,0.04686313575462208,0.04697682046849348,0.047088944327298786,0.0471995492848368,0.04730867587863558,0.04741636312466419,0.04752264854232846,0.04762756821322491,0.04773115685203923,0.047833447866734324,0.04793447342777853,0.04803426452210318,0.04813285101669053,0.04823026170716294,0.04832652436964884,0.04842166580692251,0.048515711894042565,0.04860868762071992,0.04870061713014206,0.04879152375707739,0.04888143006389262,0.048970357873338234,0.049058328300826674,0.04914536178549125,0.04923147811586379,0.04931669646082664,0.04940103539273481,0.04948451291280865,0.04956714647368542,0.04964895300270616,0.049729948920060454,0.04981015016235975,0.049889572199077636,0.049968230051264426,0.050046138308579076,0.05012331114611245,0.05019976233959375,0.050275505279184105,0.050350552986108604,0.05042491812436696,0.05049861301485474,0.050571649644318865,0.05064403968291725,0.0507157944908783,0.0507869251305812,0.050857442377662404,0.05092735673009113,0.05099667841792236,0.051065417412114025,0.051133583432639046,0.05120118595913895,0.05126823423614199,0.05133473728288939,0.05140070389723474,0.05146614266712955,0.05153106197497285,0.05159547000368278,0.05165937474501246,0.05172278400295394,0.05178570540143769,0.05184814638949463,0.05191011424551841,0.05197161608517706,0.05203265886103658,0.05209324937211952,0.05215339426799958,0.0522131000520655,0.05227237308538017,0.052331219591126854,0.052389645659424784,0.05244765725032914,0.052505260197081266,0.052562460211037304,0.05261926288364444,0.05267567369089516,0.05273169799577857,0.05278734105393542,0.05284260800725743,0.052897503900189914,0.05295203367611816,0.053006202176940506,0.05306001415145584,0.05311347425452277,0.053166587049134385,0.05321935700752494,0.05327178852105766,0.053323885894966366,0.05337565335182028,0.053427095034739976,0.053478215009479656,0.053529017265461866,0.05357950571826831,0.05362968421272883,0.05367955651947658,0.05372912634406883,0.053778397325141815,0.05382737303119643,0.053876056974654356,0.0539244525997951,0.05397256329145677,0.054020392375437945,0.0540679431183747,0.05411521873331876,0.05416222237387425,0.054208957142190435,0.054255426086713694,0.05430163220414812,0.05434757844098605,0.05439326769285698,0.05443870281013332,0.05448388659385251,0.054528821799508756,0.054573511136193825,0.05461795727059319,0.054662162824480866,0.05470613037913336,0.05474986247316723,0.054793361605158054,0.054836630233840375,0.05487967077924979,0.05492248562294115,0.05496507710843613,0.055007447548294224,0.05504959921285888,0.055091534340147005,0.05513325513321,0.055174763762094375,0.055216062363180614,0.05525715304435582,0.055298037877086675,0.0553387189043359,0.05537919813762526,0.055419477560255476,0.05545955912523821,0.055499444757431814,0.055539136353628706,0.05557863578323108,0.0556179448887641,0.055657065486222054,0.05569599936569164,0.055734748291909365,0.05577331400428409,0.05581169821834568,0.05584990262546289,0.05588792889336111,0.05592577866642282,0.055963453566763514,0.056000955194250766,0.05603828512636038,0.05607544491987753,0.056112436108878776,0.05614926020839298,0.05618591871247616,0.05622241309559171,0.056258744812014906,0.056294915296818994,0.05633092596655523,0.056366778219498724,0.05640247343414928,0.056438012972499875,0.056473398178169175,0.05650863037786642,0.056543710880960045,0.05657864097999243,0.056613421954349895,0.056648055058561415,0.05668254153959199,0.05671688262583001,0.0567510795302533,0.05678513345098009,0.056819045571291825,0.056852817059322706,0.05688644906927087,0.05691994274149945,0.05695329920115088,0.056986519561512954,0.05701960492104403,0.05705255636504916,0.05708537496498602,0.057118061784180184,0.05715061786653412,0.05718304424726276,0.057215341949619934,0.05724751198391656,0.05727955534836417,0.05731147303025823,0.05734326600316633,0.057374935232282466,0.057406481670519934,0.05743790625991731,0.05746920993161279,0.057500393606023936,0.057531458193206736,0.05756240459331805,0.05759323369425407,0.057623946378039546,0.05765454351345043,0.05768502595931492,0.057715394568070955,0.05774565018004266,0.0577757936267715,0.05780582573088757,0.05783574730606965,0.057865559156997204,0.057895262079654584,0.057924856860092695,0.05795434428047633,0.05798372510860389,0.058013000107283136,0.05804217003067212,0.05807123562482478,0.05810019762788417,0.058129056770176726,0.05815781377458372,0.058186469356067444,0.0582150242224676,0.05824347907430468,0.05827183460274061,0.058300091495104435,0.05832825042966872,0.05835631207782746,0.05838427710507261,0.05841214616903764,0.058439919920325475,0.05846759900587134,0.05849518406275519,0.05852267572335401,0.05855007461299423,0.05857738135196747,0.05860459655010079,0.05863172081790704,0.058658754753784806,0.05868569895388071,0.058712554007171756,0.058739320497601395,0.05876599900275036,0.05879259009478899,0.05881909434031724,0.05884551230003791,0.05887184452977003,0.05889809157994062,0.058924253995615586,0.05895033231665229,0.05897632707776907,0.05900223880861441,0.05902806803392304,0.05905381527317488,0.059079481041496,0.059105065848280396,0.059130570199338664,0.059155994595727075,0.05918133953167818,0.059206605499638944,0.05923179298603936,0.059256902473073136,0.0592819344390987,0.05930688935683948,0.05933176769586013,0.05935656992132982,0.05938129649338227,0.059405947868267715,0.05943052449912414,0.05945502683417737,0.05947945531805443,0.05950381039166853,0.059528092490955704,0.05955230204809324,0.05957643949139927,0.05960050524604383,0.059624499733754145,0.059648423373642186,0.05967227657820034,0.059696059756719974,0.0597197733167003,0.05974341766121892,0.05976699319095754,0.05979050030166542,0.05981393938624345,0.0598373108342304,0.0598606150319257,0.059883852362595476,0.059907023205017666,0.05993012793585215,0.05995316692888466,0.059976140554024664,0.05999904917830576,0.060021893165689226,0.06004467287709838,0.06006738867045218,0.06009004090069858,0.060112629920382354,0.06013515607817127,0.06015761972060271,0.06018002118902428,0.060202360826320966,0.06022463897029983,0.06024685595500412,0.06026901211250491,0.06029110777417462,0.06031314326482175,0.060335118910020025,0.06035703503036196,0.06037889194647219,0.06040068997493142,0.06042242942964455,0.06044411062088591,0.060465733858718076,0.06048729944972914,0.06050880769772468,0.0605302589056683,0.06055165337238579,0.060572991395257084,0.0605942732689213,0.06061549928593684,0.06063666973622013,0.06065778490817964,0.06067884508800153,0.06069985055877066,0.06072080160207468,0.06074169849704871,0.06076254152099654,0.060783330949208604,0.06080406705361242,0.060824750106454925,0.060845380374969685,0.0608659581266132,0.06088648362621334,0.06090695713629664,0.06092737891791699,0.06094774923028387,0.06096806832999435,0.06098833647205894,0.06100855390973601,0.06102872089413295,0.06104883767460324,0.06106890449872827,0.061088921612359355,0.06110888925889838,0.061128807681568184,0.06114867712001104,0.06116849781314403,0.06118826999778377,0.061207993909181135,0.06122766978077844,0.06124729784444125,0.061266878330382205,0.061286411465742305,0.06130589748025148,0.061325336597633597,0.06134472904132466,0.06136407503361118,0.06138337479498604,0.06140262854435867,0.06142183649915185,0.06144099887522173,0.061460115886917244,0.06147918774708824,0.06149821466709028,0.06151719685693057,0.061536134524839955,0.061555027877865875,0.0615738771221865,0.06159268246059995,0.061611444096660715,0.06163016223183283,0.06164883706612094,0.06166746879736543,0.06168605762322514,0.06170460373982792,0.06172310734129397,0.061741568621182984,0.06175998777141565,0.061778364982259366,0.06179670044338021,0.06181499434294054,0.06183324686751001,0.0618514582028499,0.06186962853296178,0.06188775804167696,0.06190584691027736,0.0619238953194591,0.06194190344893331,0.06195987147673109,0.0619777995803383,0.06199568793555848,0.06201353671688808,0.06203134609846514,0.0620491162525098,0.06206684735054372,0.06208453956188744,0.062102193057515756,0.06211980800467017,0.062137384570384056,0.062154922920681595,0.06217242322051743,0.06218988563320926,0.06220731032170552,0.062224697448165014,0.062242047171944384,0.062259359654543295,0.062276635054593625,0.0622938735280617,0.0623110752323963,0.06232824032282593,0.06234536895441303,0.062362461282452895,0.062379517457057825,0.06239653763058108,0.062413521954407095,0.06243047057939702,0.06244738365352228,0.06246426132487908,0.062481103740431886,0.06249791104677658,0.06251468338917882,0.06253142091165585,0.06254812375828174,0.06256479207202863,0.06258142599330249,0.06259802566365999,0.06261459122333328,0.06263112281138021,0.06264762056629818,0.06266408462600866,0.06268051512651605,0.06269691220381313,0.06271327599300619,0.06272960662837035,0.06274590424378487,0.06276216897105748,0.06277840094246988,0.06279460028875367,0.06281076714135861,0.06282690162823748,0.06284300387798719,0.06285907402036596,0.0628751121816012,0.06289111848819146,0.06290709306586464,0.06292303604044626,0.06293894753535696,0.0629548276741337,0.06297067657958791,0.06298649437381026,0.0630022811782017,0.06301803711344653,0.06303376229951192,0.06304945685571618,0.06306512090064299,0.06308075455123263,0.06309635792571715,0.06311193114065922,0.06312747431197938,0.06314298755490656,0.06315847098402305,0.06317392471326096,0.06318934885791008,0.06320474352663641,0.06322010883322383,0.06323544488945318,0.06325075180589018,0.06326602969365049,0.06328127866056395,0.06329649881584319,0.06331169026810904,0.06332685312505819,0.06334198749368139,0.06335709348054187,0.06337217119154631,0.0633872207320965,0.06340224220658973,0.0634172357198309,0.06343220137453091,0.06344713927399276,0.0634620495207812,0.06347693221672188,0.06349178746311021,0.0635066153607076,0.06352141600951317,0.06353618950977002,0.06355093596095437,0.06356565546007407,0.06358034810603283,0.06359501399660553,0.0636096532285386,0.06362426589807277,0.06363885210138474,0.06365341193470674,0.06366794549153629,0.06368245286693013,0.06369693415478801,0.06371138944844645,0.06372581884027714,0.0637402224240301,0.06375460029105344,0.06376895253262035,0.06378327924007825,0.06379758050336255,0.0638118564148192,0.06382610705971838,0.06384033252951014,0.06385453291289285,0.06386870829742465,0.06388285877101348,0.06389698442093539,0.06391108533395772,0.06392516159671745,0.06393921329467049,0.0639532405135497,0.06396724333795377,0.06398122185284547,0.06399517614207463,0.06400910628934071,0.06402301237780475,0.06403689448989595,0.06405075270895276,0.06406458711605083,0.06407839779282636,0.06409218482099512,0.06410594828117029,0.06411968825359589,0.06413340481818704,0.06414709805446177,0.06416076804152968,0.06417441485810726,0.0641880385826265,0.06420163929289902,0.06421521706643347,0.06422877198032736,0.06424230411143339,0.06425581353612968,0.06426930033053452,0.06428276456994872,0.06429620633001663,0.06430962568539406,0.06432302271097558,0.0643363974801853,0.06434975006711495,0.06436308054524112,0.06437638898754869,0.06438967546671882,0.06440294005508196,0.06441618282450202,0.0644294038467458,0.06444260319262757,0.06445578093402812,0.06446893714069821,0.06448207188356395,0.0644951852333012,0.06450827725749327,0.06452134802448342,0.06453439760645056,0.06454742607069389,0.06456043348453187,0.06457341991674402,0.06458638543482716,0.06459933010586291,0.06461225399684473,0.06462515717441551,0.06463803970484233,0.0646509016541099,0.06466374308789892,0.06467656407156622,0.06468936467016048,0.06470214494844083,0.06471490497084438,0.0647276448016432,0.06474036450440158,0.06475306414279443,0.06476574378005834,0.06477840347913763,0.06479104330267578,0.0648036633130418,0.064816263572296,0.06482884414249673,0.06484140508563617,0.06485394646084919,0.064866468330353,0.06487897075620655,0.06489145379617796,0.06490391751149319,0.06491636196198657,0.06492878720718713,0.06494119330633703,0.0649535803184851,0.06496594830228783,0.06497829731621729,0.06499062741843283,0.0650029386668947,0.06501523111923779,0.06502750483285576,0.06503975986488172,0.06505199627218532,0.06506421411139436,0.06507641343885898,0.06508859431069318,0.06510075678275294,0.06511290091064277,0.06512502674974067,0.06513713435513353,0.06514922378166525,0.06516129508399199,0.06517334831643974,0.06518538353317187,0.06519740078806982,0.06520940013478424,0.06522138162689427,0.06523334531725493,0.06524529125891557,0.06525721950467753,0.06526913010696206,0.06528102311802143,0.06529289858987053,0.06530475657429606,0.06531659712285764,0.06532842028688936,0.06534022611750102,0.06535201466558685,0.06536378598180635,0.06537554011660214,0.0653872771202012,0.06539899704264127,0.06541069993391035,0.06542238584338798,0.06543405482046823,0.06544570691393656,0.06545734217305646,0.06546896064514132,0.06548056238127394,0.06549214742872911,0.06550371583553499,0.06551526764969996,0.06552680291838513,0.06553832168942952,0.06554982401011775,0.06556130992765019,0.06557277948871595,0.06558423274007802,0.06559566972835969,0.0656070904996993,0.06561849509880999,0.06562988357397553,0.06564125596974618,0.0656526123323894,0.0656639527066708,0.06567527713745659,0.06568658567079745,0.06569787834947786,0.0657091552195816,0.06572041632510067,0.0657316617102429,0.06574289141900756,0.06575410549451721,0.06576530398186257,0.06577648692363053,0.06578765436400232,0.0657988063448218,0.06580994291018502,0.06582106410156045,0.06583216996218531,0.06584326053450186,0.06585433586071893,0.06586539598289386,0.06587644094294592,0.06588747078251692,0.06589848554318059,0.06590948526637284,0.06592046999322208,0.06593143976389124,0.06594239462150546,0.06595333460468984,0.06596425975469887,0.06597517011220334,0.06598606571737704,0.06599694660987081,0.0660078128298044,0.06601866441637265,0.0660295014100516,0.06604032384977067,0.06605113177485022,0.06606192522448918,0.06607270423744359,0.0660834688525132,0.06609421910845664,0.06610495504368828,0.06611567669653265,0.06612638410516175,0.06613707730759624,0.06614775634170732,0.06615842124521501,0.06616907205564934,0.06617970881080525,0.06619033154726602,0.0662009403025013,0.06621153511350869,0.06622211601676915,0.0662326830493337,0.0662432362482036,0.06625377564937318,0.06626430128894227,0.06627481320249114,0.06628531142757378,0.06629579599904971,0.066306266952966,0.06631672432435642,0.06632716814893198,0.06633759846177849,0.06634801529856055,0.0663584186939757,0.0663688086828149,0.06637918529989478,0.06638954857989578,0.06639989855722533,0.06641023526598895,0.06642055874067451,0.06643086901537588,0.0664411661240474,0.06645145010070351,0.06646172097813739,0.06647197879175228,0.06648222357393242,0.06649245535764747,0.06650267417641155,0.06651288006328956,0.06652307305121956,0.06653325317284231,0.06654342046116701,0.06655357494858317,0.06656371666749365,0.06657384565026055,0.06658396192911561,0.06659406553611577,0.06660415650322138,0.0666142348622638,0.06662430064496448,0.066634353882944,0.06664439460768448,0.06665442285056665,0.06666443864279914,0.06667444201553716,0.06668443299980129,0.0666944116264908,0.06670437792639981,0.06671433193020516,0.06672427366870325,0.06673420317209608,0.06674412047075651,0.0667540255948858,0.06676391857464409,0.06677379943997767,0.06678366822053833,0.06679352494637225,0.06680336964719256,0.06681320235252385,0.066823023091663,0.06683283189474716,0.06684262879001825,0.06685241380685139,0.06686218697445778,0.06687194832183194,0.06688169787771986,0.06689143567091851,0.06690116172958809,0.06691087608251724,0.066920578757367,0.06693026978437693,0.06693994919146481,0.06694961700515567,0.06695927325409116,0.06696891796604741,0.06697855116947912,0.06698817289195656,0.06699778316044458,0.0670073820031218,0.06701696944639556,0.06702654551885812,0.06703611024712033,0.0670456636581531,0.06705520577931862,0.0670647366373748,0.06707425625919908,0.06708376467146539,0.06708415290807074,0.06708428758558635,0.06708437994981861,0.06708446454665178,0.06708454699957073,0.06708462820389093,0.06708470828798838,0.06708478726132296,0.06708486512003325,0.06708494186372146,0.06708501749768142,0.06708509203272663,0.06708516548462229,0.0670852378734591,0.067085309223033,0.06708537956024857,0.06708544891455641,0.0670855173174257,0.0670855848018646,0.06708565140197574,0.06708571715256494,0.06708578208878789,0.06708584624584324,0.0670859096587057,0.06708597236189665,0.06708603438929304,0.06708609577396786,0.06708615654806055,0.06708621674267601,0.06708627638780645,0.06708633551227473,0.06708639414369648,0.06708645230845826,0.06708651003170986,0.06708656733736747,0.06708662424812875,0.06708668078549206,0.06708673696978615,0.0670867928202031,0.0670868483548367,0.06708690359072125,0.06708695854387454,0.06708701322934262,0.06708706766124366,0.0670871218528134,0.06708717581644923,0.06708722956375406,0.06708728310558051,0.06708733645207288,0.06708738961270681,0.06708744259632932,0.06708749541119582,0.06708754806500938,0.06708760056494995,0.06708765291771172,0.06708770512953334,0.06708775720622569,0.06708780915320306,0.0670878609755057,0.06708791267782711,0.06708796426453895,0.06708801573970917,0.06708806710712595,0.06708811837031561,0.0670881695325613,0.06708822059691985,0.06708827156623748,0.06708832244316498,0.06708837323017133,0.06708842392955697,0.06708847454346546,0.06708852507389498,0.06708857552270873,0.06708862589164462,0.06708867618232363,0.06708872639626105,0.0670887765348702,0.06708882659947239,0.06708887659130314,0.06708892651151833,0.06708897636120006,0.0670890261413639,0.06708907585295706,0.06708912549687333,0.06708917507394674,0.06708922458497,0.06708927403068168,0.06708932341177747,0.0670893727289156,0.06708942198271635,0.06708947117376558,0.0670895203026177,0.06708956936979786,0.06708961837580187,0.0670896673211035,0.06708971620615055,0.06708976503137135,0.06708981379717195,0.06708986250394136,0.06708991115205118,0.06708995974185697,0.06709000827369911,0.06709005674790472,0.06709010516478792,0.06709015352465134,0.06709020182778691,0.06709025007447536,0.06709029826498894,0.06709034639959223,0.06709039447853854,0.0670904425020766,0.06709049047044707,0.06709053838388437,0.06709058624261593,0.0670906340468663,0.06709068179685193,0.06709072949278563,0.06709077713487595,0.06709082472332555,0.06709087225833472,0.06709091974009979,0.0670909671688118,0.067091014544666,0.06709106186784455,0.06709110913853183,0.06709115635691068,0.06709120352315827,0.06709125063745253,0.0670912976999674,0.06709134471087388,0.06709139167034661,0.06709143857855115,0.06709148543565209,0.06709153224181848,0.0670915789972126,0.06709162570199675,0.06709167235633218,0.0670917189603758,0.067091765514288,0.06709181201823082,0.06709185847235685,0.06709190487682104,0.06709195123177601,0.06709199753737795,0.06709204379377746,0.06709209000112597,0.06709213615957331,0.06709218226926968,0.06709222833036368,0.06709227434300347,0.06709232030733613,0.0670923662235082,0.06709241209166554,0.06709245791195351,0.0670925036845164,0.06709254940949792,0.06709259508704125,0.067092640717289,0.06709268630038279,0.0670927318364642,0.06709277732567416,0.06709282276815258,0.06709286816403924,0.06709291351347327,0.06709295881659316,0.06709300407353694,0.0670930492844421,0.06709309444944503,0.06709313956868279,0.0670931846422914,0.06709322967040622,0.06709327465316292,0.0670933195906954,0.0670933644831376,0.06709340933062313,0.06709345413328098,0.06709349889124815,0.06709354360466378,0.06709358827364843,0.06709363289833754,0.06709367747886097,0.06709372201534936,0.06709376650793321,0.06709381095674047,0.0670938553619019,0.06709389972354585,0.06709394404179927,0.06709398831679154,0.06709403254864894,0.0670940767374989,0.06709412088346721,0.06709416498667992,0.06709420904726261,0.06709425306534131,0.06709429704103766,0.06709434097448126,0.06709438486579375,0.06709442871509824,0.06709447252251827,0.06709451628817505,0.06709456001219771,0.0670946036946989,0.067094647335805,0.06709469093563562,0.06709473449430983,0.06709477801195289,0.06709482148868227,0.06709486492461741,0.06709490831987967,0.06709495167458418,0.06709499498885092,0.0670950382627988,0.06709508149654464,0.06709512469020623,0.06709516784390075,0.0670952109577445,0.06709525403185357,0.06709529706634479,0.06709534006133172,0.06709538301693013,0.06709542593325456,0.06709546881042136,0.06709551164854262,0.06709555444773409,0.06709559720810485,0.06709563992976987,0.06709568261284132,0.06709572525743189,0.06709576786365697,0.06709581043162188,0.06709585296144009,0.0670958954532216,0.06709593790707997,0.06709598032312283,0.06709602270145952,0.06709606504219773,0.06709610734545071,0.06709614961132526,0.06709619183992942,0.06709623403136654,0.0670962761857477,0.06709631830318764,0.06709636038378719,0.06709640242764998,0.06709644443488495,0.06709648640559789,0.06709652833989838,0.06709657023788991,0.06709661209967377,0.06709665392535653,0.06709669571504327,0.06709673746883645,0.0670967791868409,0.06709682086915889,0.06709686251589377,0.06709690412714706,0.06709694570302378,0.06709698724362376,0.06709702874905328,0.06709707021940833,0.06709711165478868,0.06709715305529802,0.06709719442103619,0.06709723575210376,0.06709727704860045,0.06709731831062457,0.06709735953827635,0.06709740073165567,0.06709744189085923,0.06709748301598613,0.06709752410713396,0.06709756516440024,0.06709760618788374,0.06709764717767881,0.06709768813388375,0.06709772905659672,0.06709776994591189,0.06709781080192509,0.06709785162473043,0.0670978924144205,0.06709793317109775,0.06709797389485321,0.06709801458578515,0.06709805524398028,0.06709809586953568,0.06709813646254312,0.06709817702309882,0.06709821755129465,0.06709825804722237,0.06709829851097453,0.0670983389426432,0.0670983793423203,0.06709841971009331,0.0670984600460609,0.06709850035031015,0.06709854062293241,0.06709858086401578,0.06709862107365258,0.0670986612519316,0.06709870139894265,0.06709874151477459,0.0670987815995166,0.06709882165325907,0.06709886167608668,0.06709890166808923,0.06709894162935456,0.06709898155997028,0.06709902146002311,0.06709906132960144,0.06709910116879177,0.06709914097767834,0.06709918075635082,0.0670992205048944,0.06709926022339283,0.06709929991193214,0.06709933957059765,0.06709937919947473,0.0670994187986476,0.06709945836819974,0.06709949790821614,0.06709953741878069,0.06709957689997491,0.06709961635188569,0.06709965577459466,0.06709969516818555,0.06709973453274018,0.06709977386833971,0.0670998131750635,0.06709985245300298,0.06709989170223117,0.06709993092283455,0.06709997011488904,0.06710000927847803,0.06710004841368208,0.06710008752058154,0.06710012659925646,0.06710016564978523,0.0671002046722504,0.06710024366672913,0.0671002826333021,0.06710032157204672,0.06710036048304235,0.0671003993663674,0.06710043822209993,0.06710047705031781,0.06710051585110287,0.06710055462451889,0.0671005933706585,0.06710063208959162,0.06710067078139939,0.06710070944615422,0.06710074808393027,0.067100786694807,0.06710082527886015,0.06710086383616187,0.06710090236679346,0.06710094087082644,0.06710097934833666,0.06710101779940007,0.06710105622408984,0.06710109462248005,0.06710113299464221,0.06710117134065209,0.06710120966058268,0.06710124795450854,0.06710128622250244,0.06710132446463674,0.06710136268098443,0.06710140087161791,0.06710143903660934,0.06710147717603082,0.06710151528995405,0.0671015533784506,0.06710159144159167,0.06710162947945152,0.0671016674920955,0.06710170547959986,0.06710174344202956,0.06710178137945676,0.0671018192919522,0.06710185717958575,0.06710189504242703,0.06710193288054549,0.06710197069400947,0.06710200848288883,0.06710204624725245,0.06710208398716994,0.06710212170270863,0.06710215939393671,0.06710219706092206,0.06710223470373254,0.06710227232243575,0.0671023099170981,0.0671023474877879,0.0671023850345719,0.06710242255751696,0.06710246005668964,0.06710249753215632,0.06710253498398304,0.06710257241223594,0.06710260981698075,0.06710264719828306,0.06710268455620921,0.06710272189082339,0.0671027592021905,0.06710279649037548,0.06710283375544286,0.06710287099745707,0.06710290821648222,0.06710294541258247,0.06710298258582163,0.06710301973626272,0.06710305686397026,0.0671030939690072,0.06710313105143619,0.0671031681113207,0.06710320514872306,0.06710324216370593,0.06710327915633157,0.06710331612666207,0.06710335307475945,0.06710339000068545,0.06710342690450169,0.06710346378626952,0.06710350064605018,0.06710353748390452,0.06710357429989394,0.06710361109407911,0.06710364786652089,0.06710368461727739,0.0671037213464079,0.0671037580539805,0.06710379474004591,0.06710383140466936,0.06710386804790451,0.06710390466981589,0.06710394127045992,0.06710397784989519,0.0671040144081829,0.06710405094538019,0.0671040874615454,0.06710412395673683,0.06710416043101303,0.06710419688443614,0.0671042333170616,0.06710426972893434,0.06710430612012225,0.06710434249068742,0.06710437884067766,0.06710441517015771,0.06710445147917624,0.06710448776779347,0.06710452403606594,0.067104560284053,0.06710459651179772,0.06710463271937546,0.06710466890683091,0.06710470507421394,0.06710474122159024,0.06710477734900694,0.06710481345652924,0.06710484954420638,0.06710488561208726,0.06710492166023799,0.06710495768870738,0.06710499369754876,0.06710502968681711,0.06710506565656667,0.06710510160685072,0.06710513753772189,0.0671051734492403,0.06710520934144784,0.06710524521440273,0.06710528106815551,0.0671053169027615,0.06710535271827657,0.06710538851475938,0.06710542429224275,0.06710546005079017,0.067105495790456,0.06710553151129504,0.06710556721334349,0.06710560289666298,0.06710563856130383,0.06710567420731732,0.067105709834755,0.06710574544367678,0.0671057810341129,0.06710581660612859,0.06710585215977147,0.06710588769509096,0.0671059232121383,0.06710595871096084,0.06710599419161316,0.06710602965414318,0.06710606509859975,0.06710610052503545,0.06710613593349168,0.06710617132402645,0.06710620669668535,0.06710624205151844,0.067106277388575,0.06710631270789624,0.0671063480095397,0.06710638329355052,0.06710641855997408,0.06710645380886443,0.0671064890402663,0.06710652425422751,0.06710655945079552,0.06710659463001827,0.0671066297919559,0.0671066649366344,0.06710670006410313,0.06710673517441507,0.067106770267617,0.06710680534375563,0.06710684040287752,0.06710687544502908,0.06710691047025664,0.06710694547860628,0.06710698047012402,0.06710701544485576,0.0671070504028472,0.06710708534414399,0.06710712026880598,0.06710715517686394,0.06710719006836341,0.0671072249433493,0.06710725980186708,0.06710729464396101,0.06710732946967596,0.0671073642790563,0.06710739907214608,0.06710743384899077,0.06710746860963358,0.06710750335411936,0.06710753808249106,0.067107572794793,0.06710760749106877,0.06710764217136189,0.06710767683571568,0.0671077114841737,0.06710774611677886,0.06710778073357421,0.067107815334603,0.06710784991990747,0.06710788448953053,0.06710791904351485,0.06710795358188182,0.06710798810469162,0.06710802261199189,0.06710805710382428,0.06710809158022808,0.06710812604124472,0.06710816048691545,0.06710819491730434,0.06710822933243087,0.06710826373233028,0.06710829811705017,0.06710833248663188,0.06710836684111625,0.06710840118054424,0.06710843550495346,0.06710846981438798,0.06710850410888833,0.06710853838850259,0.06710857265326262,0.06710860690320215,0.06710864113836834,0.06710867535880104,0.06710870956454,0.06710874375562477,0.0671087779320962,0.06710881209399204,0.06710884624135417,0.06710888037423068,0.06710891449264728,0.06710894859664365,0.0671089826862586,0.06710901676152797,0.06710905082249433,0.06710908486920386,0.06710911890168221,0.0671091529199755,0.06710918692411993,0.06710922091415422,0.06710925489011636,0.06710928885204395,0.06710932279997883,0.06710935673395171,0.06710939065400368,0.0671094245601714,0.06710945845248865,0.06710949233099943,0.0671095261957378,0.067109560046743,0.06710959388405087,0.06710962770769685,0.06710966151771888,0.06710969531415346,0.06710972909703583,0.06710976286640437,0.06710979662229535,0.06710983036474343,0.06710986409378522,0.06710989780945364,0.06710993151179762,0.06710996520083565,0.06710999887660929,0.06711003253916598,0.06711006618852244,0.06711009982472253,0.0671101334478006,0.06711016705779319,0.06711020065474887,0.06711023423867427,0.0671102678096191,0.06711030136761686,0.06711033491271542,0.06711036844491933,0.06711040196428596,0.06711043547084346,0.06711046896462823,0.0671105024456746,0.06711053591400074,0.06711056936966951,0.06711060281270051,0.06711063624312738,0.06711066966098361,0.06711070306630401,0.06711073645912158,0.0671107698394687,0.06711080320739107,0.06711083656289904,0.0671108699060365,0.06711090323682657,0.06711093655532388,0.06711096986154999,0.06711100315553803,0.0671110364373196,0.0671110697069285,0.06711110296438201,0.06711113620974207,0.06711116944302585,0.06711120266426397,0.0671112358734771,0.06711126907073012,0.06711130225603562,0.06711133542942062,0.0671113685909218,0.0671114017405699,0.06711143487839541,0.06711146800443284,0.0671115011187125,0.0671115342212642,0.067111567312123,0.06711160039131518,0.06711163345887276,0.06711166651483007,0.06711169955921532,0.06711173259205024,0.06711176561338433,0.06711179862323534,0.06711183162164136,0.06711186460862908,0.06711189758422839,0.0671119305484696,0.06711196350138195,0.06711199644299749,0.06711202937334411,0.06711206229244908,0.06711209520035105,0.06711212809707053,0.0671121609826438,0.06711219385710007,0.06711222672046557,0.06711225957277038,0.06711229241404307,0.06711232524431328,0.06711235806361554,0.06711239087197207,0.06711242366941296,0.06711245645596808,0.0671124892316831,0.06711252199655612,0.06711255475063954,0.0671125874939415,0.0671126202264941,0.0671126529483382,0.06711268565949395,0.06711271836000186,0.06711275104986739,0.06711278372913085,0.06711281639782883,0.0671128490559789,0.06711288170361186,0.06711291434075817,0.06711294696744667,0.06711297958369437,0.06711301218953927,0.06711304478500511,0.06711307737012448,0.06711310994491891,0.06711314250941665,0.06711317506363866,0.06711320760761381,0.06711324014137154,0.06711327266495055,0.0671133051783667,0.06711333768164396,0.0671133701748128,0.06711340265789974,0.06711343513093102,0.06711346759393372,0.06711350004693399,0.06711353248995938,0.06711356492303487,0.06711359734618666,0.06711362975944034,0.06711366216282615,0.06711369455636751,0.06711372694009228,0.06711375931401921,0.0671137916781738,0.06711382403260709,0.06711385637730284,0.06711388871230642,0.06711392103764491,0.0671139533533429,0.06711398565942593,0.06711401795591773,0.06711405024285366,0.06711408252024191,0.0671141147881153,0.06711414704649936,0.06711417929541645,0.06711421153489587,0.06711424376496003,0.06711427598563383,0.06711430819694737,0.06711434039891398,0.06711437259156917,0.06711440477492675,0.06711443694902133,0.06711446911387185,0.06711450126949763,0.06711453341592058,0.06711456555318437,0.06711459768129667,0.06711462980028501,0.06711466191017192,0.06711469401098483,0.06711472610275414,0.06711475818548655,0.06711479025921421,0.06711482232396493,0.0671148543797535,0.0671148864266081,0.0671149184645504,0.06711495049359288,0.06711498251378252,0.06711501452512993,0.06711504652766176,0.06711507852138478,0.06711511050634779,0.0671151424825613,0.06711517445005764,0.06711520640885037,0.06711523835895312,0.06711527030039742,0.06711530223320514,0.06711533415739593,0.06711536607299855,0.06711539798003315,0.06711542987852058,0.06711546176848361,0.06711549364994465,0.06711552552292507,0.06711555738744845,0.0671155892435353,0.06711562109120857,0.06711565293049185,0.06711568476140331,0.06711571658396523,0.06711574839821043,0.0671157802041439,0.06711581200178399,0.06711584379117026,0.06711587557231621,0.0671159073452409,0.0671159391099686,0.06711597086652135,0.06711600261491896,0.06711603435518772,0.06711606608733828,0.06711609781139742,0.06711612952738459,0.06711616123532564,0.06711619293523384,0.0671162246271336,0.06711625631104579,0.06711628798699254,0.06711631965499316,0.06711635131506886,0.06711638296723674,0.06711641461152115,0.06711644624794007,0.06711647787651501,0.06711650949726307,0.06711654111021849,0.06711657271538475,0.06711660431278674,0.06711663590244477,0.06711666748438018,0.0671166990586071,0.06711673062516472,0.06711676218405122,0.0671167937352933,0.06711682527891157,0.06711685681492845,0.06711688834335473,0.06711691986421835,0.06711695137753755,0.06711698288330736,0.06711701438160189,0.06711704587240358,0.06711707735574042,0.0671171088316225,0.06711714030007679,0.06711717176112005,0.06711720321477255,0.06711723466105174,0.06711726609997859,0.0671172975315717,0.06711732895585068,0.06711736037283428,0.06711739178253716,0.06711742318498108,0.0671174545801833,0.06711748596815513,0.06711751734893649,0.06711754872253052,0.06711758008896072,0.06711761144824337,0.06711764280039324,0.0671176741454328,0.06711770548336847,0.06711773681423973,0.06711776813806794,0.06711779945484492,0.06711783076460084,0.0671178620673724,0.06711789336314336,0.06711792465194649,0.06711795593380263,0.06711798720872793,0.06711801847674372,0.06711804973786056,0.06711808099210125,0.06711811223948018,0.06711814348001617,0.0671181747137261,0.06711820594062873,0.06711823716074114,0.06711826837408065,0.06711829958068302,0.06711833078053057,0.06711836197365724,0.06711839316006889,0.06711842433980457,0.06711845551286946,0.06711848667928089,0.06711851783905701,0.0671185489922164,0.06711858013877295,0.06711861127874524,0.06711864241214728,0.06711867353900164,0.06711870465932074,0.06711873577312197,0.06711876688042231,0.06711879798124061,0.06711882907558754,0.0671188601634726,0.0671188912449322,0.06711892231997266,0.06711895338860475,0.06711898445085776,0.06711901550673033,0.06711904655625754,0.06711907759944762,0.06711910863631851,0.06711913966688225,0.06711917069115665,0.06711920170915457,0.06711923272089815,0.06711926372640023,0.06711929472567599,0.06711932571871862,0.0671193567055772,0.0671193876862708,0.06711941866080262,0.0671194496291864,0.06711948059144054,0.06711951154757811,0.06711954249761548,0.06711957344156678,0.06711960437944674,0.06711963531127467,0.06711966623706014,0.06711969715682731,0.06711972807058406,0.06711975897833591,0.06711978988012177,0.06711982077594476,0.0671198516658218,0.06711988254976614,0.06711991342779279,0.06711994429991511,0.06711997516614968,0.06712000602651949,0.06712003688102429,0.06712006772969041,0.06712009857252227,0.06712012940953899,0.06712016024075966,0.06712019106619554,0.0671202218858584,0.0671202526997693,0.06712028350793789,0.06712031431038037,0.06712034510711201,0.06712037589814417,0.0671204066834939,0.06712043746315625,0.06712046823716702,0.06712049900555361,0.0671205297683137,0.06712056052546288,0.06712059127701352,0.0671206220229749,0.06712065276338576,0.0671206834982269,0.06712071422752641,0.06712074495129879,0.06712077566955703,0.06712080638231614,0.06712083708958895,0.06712086779138866,0.06712089848773033,0.06712092917862701,0.06712095986409346,0.06712099054414104,0.06712102121878342,0.06712105188803524,0.06712108255190818,0.06712111321042236,0.0671211438635848,0.06712117451140907,0.06712120515391057,0.06712123579110169,0.0671212664229975,0.06712129704960836,0.06712132767094983,0.06712135828703433,0.06712138889787309,0.06712141950348219,0.06712145010388294,0.06712148069907804,0.06712151128906382,0.06712154187385955,0.06712157245350944,0.0671216030280103,0.06712163359736974,0.06712166416160029,0.06712169472072332,0.06712172527474047,0.06712175582366474,0.06712178636751488,0.0671218169063015,0.06712184744003585,0.06712187796873305,0.0671219084924044,0.06712193901106428,0.06712196952472148,0.06712200003338799,0.0671220305370792,0.06712206103580622,0.0671220915295838,0.06712212201842246,0.06712215250233482,0.06712218298133027,0.06712221345542538,0.06712224392463034,0.0671222743889574,0.06712230484841802,0.0671223353030236,0.06712236575278731,0.06712239619772048,0.06712242663783688,0.06712245707314746,0.0671224875036647,0.06712251792939988,0.06712254835036495,0.0671225787665716,0.06712260917803135,0.06712263958475666,0.06712266998675885,0.06712270038404895,0.06712273077663969,0.067122761164543,0.06712279154776629,0.06712282192633691,0.06712285230025232,0.06712288266951758,0.06712291303415248,0.06712294339416718,0.06712297374956859,0.06712300410038283,0.0671230344466097,0.06712306478826437,0.06712309512536144,0.06712312545790546,0.0671231557859058,0.06712318610937741,0.06712321642833136,0.06712324674277892,0.06712327705273122,0.06712330735819957,0.06712333765919266,0.0671233679557236,0.06712339824780938,0.06712342853545816,0.06712345881867761,0.06712348909747488,0.06712351937186287,0.06712354964185446,0.0671235799074617,0.06712361016869545,0.06712364042556129,0.06712367067806871,0.06712370092623395,0.06712373117006663,0.06712376140957745,0.06712379164477698,0.06712382187567573,0.06712385210228433,0.06712388232461339,0.06712391254267319,0.0671239427564741,0.06712397296602658,0.06712400317134104,0.06712403337242787,0.06712406356929736,0.06712409376195971,0.06712412395042539,0.06712415413470386,0.067124184314806,0.06712421449074214,0.06712424466252231,0.0671242748301567,0.06712430499365542,0.0671243351530286,0.06712436530828624,0.06712439545943838,0.067124425606495,0.06712445574946643,0.0671244858883623,0.06712451602319246,0.06712454615396689,0.06712457628069536,0.06712460640338774,0.06712463652205392,0.06712466663670366,0.06712469674734665,0.06712472685399275,0.06712475695665156,0.06712478705533281,0.06712481715004616,0.06712484724080013,0.06712487732760541,0.06712490741047221,0.06712493748940879,0.06712496756442532,0.0671249976355313,0.0671250277027362,0.06712505776604945,0.06712508782548049,0.06712511788103871,0.06712514793273343,0.06712517798057409,0.06712520802456991,0.06712523806473018,0.06712526810106426,0.06712529813358134,0.06712532816229062,0.06712535818720132,0.06712538820832253,0.06712541822566352,0.06712544823923332,0.06712547824904556,0.06712550825510022,0.06712553825741187,0.06712556825598852,0.0671255982508392,0.06712562824197603,0.0671256582294035,0.06712568821313177,0.0671257181931699,0.06712574816952291,0.06712577814220332,0.06712580811121666,0.06712583807657836,0.06712586803829047,0.0671258979963687,0.06712592795081898,0.0671259579016496,0.06712598784886867,0.06712601779248518,0.0671260477325077,0.06712607766894406,0.06712610760180494,0.06712613753109638,0.06712616745682837,0.06712619737900864,0.06712622729764771,0.0671262572127535,0.06712628712433263,0.0671263170323944,0.06712634693694738,0.06712637683799985,0.06712640673555978,0.06712643662963631,0.06712646652023732,0.0671264964073712,0.06712652629104558,0.06712655617126313,0.06712658604804436,0.06712661592139198,0.06712664579131221,0.06712667565781573,0.06712670552090941,0.06712673538060135,0.06712676523689871,0.06712679508981043,0.06712682493935651,0.06712685478552273,0.0671268846283287,0.06712691446778012,0.06712694430388397,0.06712697413665326,0.06712700396609114,0.06712703379220887,0.06712706361501092,0.06712709343450671,0.06712712325071071,0.06712715306361661,0.06712718287323992,0.06712721267958958,0.06712724248267422,0.06712727228249607,0.06712730207906335,0.067127331872389,0.0671273616624658,0.06712739144932796,0.06712742123298505,0.06712745101342596,0.06712748079064965,0.06712751056467287,0.06712754033550525,0.0671275701031542,0.06712759986764287,0.06712762962894951,0.06712765938709184,0.06712768914208371,0.06712771889392695,0.06712774864263278,0.06712777838820093,0.06712780813065143,0.06712783786998552,0.06712786760621041,0.06712789733933235,0.0671279270693611,0.06712795679630135,0.06712798652016247,0.06712801624095018,0.06712804595867204,0.0671280756733354,0.06712810538494725,0.06712813509351478,0.06712816479904522,0.06712819450154422,0.0671282242010215,0.06712825389748299,0.06712828359092751,0.06712831328137885,0.0671283429688332,0.06712837265329707,0.06712840233478487,0.06712843201329792,0.06712846168884516,0.06712849136143233,0.06712852103106845,0.06712855069779705,0.06712858036153148,0.06712861002234807,0.06712863968023788,0.06712866933520777,0.06712869898726653,0.06712872863641847,0.06712875828266625,0.06712878792602783,0.06712881756650385,0.06712884720410162,0.06712887683882751,0.06712890647068089,0.06712893609968289,0.06712896572583145,0.06712899534913616,0.06712902496960192,0.0671290545872358,0.0671290842020206,0.06712911381400755,0.06712914342318775,0.06712917302955851,0.0671292026331278,0.06712923223390514,0.06712926183189567,0.06712929142710587,0.06712932101954214,0.06712935060921116,0.06712938019611753,0.06712940978027034,0.06712943936167391,0.06712946894033531,0.06712949851626103,0.06712952808946186,0.06712955765993565,0.06712958722769163,0.06712961679273706,0.06712964635507873,0.0671296759147213,0.06712970547166368,0.06712973502592855,0.06712976457750756,0.06712979412641892,0.06712982367266211,0.06712985321624525,0.06712988275717327,0.06712991229547474,0.06712994183110921,0.0671299713641061,0.067130000894472,0.06713003042221234,0.06713005994733444,0.06713008946984231,0.06713011898974129,0.06713014850704146,0.06713017802174782,0.06713020753386287,0.06713023704339588,0.06713026655034955,0.06713029605473213,0.06713032555654752,0.06713035505579623,0.06713038455249717,0.06713041404664945,0.06713044353825952,0.06713047302733269,0.06713050251387481,0.0671305319978917,0.0671305614793894,0.0671305909583643,0.06713062043483865,0.06713064990881028,0.06713067938028498,0.06713070884926817,0.06713073831576273,0.06713076777978004,0.06713079724132276,0.067130826700399,0.06713085615701962,0.06713088561117221,0.0671309150628662,0.06713094451207689,0.06713097395888916,0.0671310034032658,0.06713103284521359,0.06713106228473481,0.06713109172183693,0.06713112115652502,0.06713115058880492,0.06713118001868038,0.06713120944614884,0.06713123887123529,0.06713126829393522,0.06713129771425297,0.06713132713221887,0.06713135654778928,0.06713138596099535,0.06713141537183978,0.06713144478034078,0.06713147418648065,0.06713150359027566,0.0671315329917369,0.0671315623908588,0.06713159178765178,0.06713162118212107,0.06713165057427191,0.06713167996411046,0.06713170935163972,0.0671317387368659,0.06713176811979414,0.06713179750042952,0.06713182687877721,0.06713185625484225,0.06713188562862969,0.06713191500014462,0.0671319443693921,0.06713197373637708,0.06713200310110466,0.06713203246357974,0.06713206182380739,0.06713209118179253,0.0671321205375403,0.06713214989105537,0.06713217924234291,0.06713220859140769,0.06713223793825468,0.06713226728288878,0.06713229662531486,0.0671323259655378,0.06713235530356243,0.06713238463939396,0.06713241397303656,0.06713244330449447,0.06713247263377424,0.06713250196087979,0.06713253128581578,0.06713256060858737,0.06713258992919889,0.06713261924765526,0.06713264856396134,0.06713267787812224,0.06713270719014142,0.06713273650002424,0.06713276580777523,0.06713279511339933,0.06713282441690104,0.06713285371828515,0.06713288301754865,0.06713291231471123,0.06713294160976996,0.06713297090272953,0.06713300019359415,0.06713302948236645,0.06713305876906135,0.06713308805366945,0.06713311733620093,0.06713314661665444,0.06713317589504646,0.06713320517137362,0.0671332344456415,0.06713326371786109,0.06713329298802588,0.06713332225614854,0.0671333515222295,0.06713338078627419,0.0671334100482856,0.06713343930827054,0.06713346856623038,0.06713349782217386,0.0671335270761026,0.06713355632802166,0.06713358557793467,0.06713361482584668,0.0671336440717612,0.06713367331568142,0.06713370255761521,0.06713373179756402,0.06713376103553347,0.06713379027154304,0.06713381950556582,0.06713384873762047,0.06713387796771277,0.0671339071958512,0.0671339364220306,0.06713396564625829,0.06713399486853897,0.06713402408887989,0.06713405330728227,0.06713408252375179,0.06713411173829115,0.0671341409509056,0.0671341701615987,0.06713419937037468,0.06713422857723747,0.06713425778220476,0.0671342869852465,0.06713431618639441,0.06713434538564471,0.06713437458303476,0.0671344037785033,0.06713443297208783,0.06713446216379126,0.0671344913536213,0.0671345205415833,0.0671345497276682,0.06713457891188788,0.0671346080942468,0.06713463727479103,0.06713466645344342,0.06713469563024352,0.06713472480519835,0.06713475397831349,0.06713478314958937,0.06713481231903119,0.067134841486643,0.06713487065242951,0.06713489981639431,0.06713492897855561,0.06713495813888753,0.0671349872974089,0.06713501645412331,0.06713504560904375,0.06713507476215405,0.06713510391346879,0.0671351330629906,0.06713516221072822,0.06713519135668164,0.06713522050085483,0.06713524964325351,0.06713527878389627,0.0671353079227705,0.0671353370598591,0.06713536619518524,0.067135395328773,0.0671354244605868,0.0671354535906526,0.06713548271895067,0.06713551184554288,0.06713554097037762,0.0671355700934726,0.06713559921485517,0.06713562833449115,0.06713565745239382,0.06713568656858003,0.06713571568306752,0.06713574479583048,0.06713577390689178,0.06713580301622572,0.0671358321238555,0.06713586122980399,0.06713589033403497,0.06713591943657296,0.06713594853742072,0.06713597763655918,0.06713600673403661,0.06713603582982519,0.06713606492394636,0.06713609401639674,0.06713612310717165,0.06713615219628481,0.06713618128373527,0.06713621036952654,0.06713623945366169,0.06713626853614346,0.06713629761697731,0.06713632669618548,0.06713635577373002,0.06713638484963286,0.06713641392390368,0.06713644299655228,0.06713647206756074,0.06713650113696526,0.06713653020474745,0.06713655927089034,0.06713658833541668,0.06713661739835196,0.06713664645965753,0.06713667551935719,0.06713670457745402,0.0671367336339508,0.06713676268889596,0.06713679174220682,0.06713682079394608,0.06713684984408984,0.06713687889266017,0.0671369079396274,0.06713693698503996,0.06713696602885685,0.0671369950711036,0.06713702411178432,0.06713705315087322,0.06713708218842494,0.06713711122442778,0.06713714025887173,0.0671371692917622,0.06713719832310519,0.06713722735290278,0.06713725638115432,0.0671372854078753,0.06713731443305489,0.06713734345670173,0.0671373724787972,0.06713740149938652,0.0671374305184487,0.06713745953599258,0.0671374885520226,0.06713751756653469,0.06713754657953355,0.06713757559102396,0.06713760460100414,0.06713763360948777,0.0671376626164743,0.06713769162193424,0.06713772062593366,0.06713774962843896,0.06713777862945172,0.06713780762897865,0.0671378366270235,0.06713786562358699,0.06713789461867602,0.06713792361229047,0.06713795260443618,0.06713798159511428,0.06713801058432836,0.0671380395720944,0.06713806855838703,0.06713809754321445,0.06713812652659774,0.0671381555085253,0.06713818448901049,0.06713821346805131,0.06713824244565239,0.0671382714218123,0.06713830039654095,0.06713832936983125,0.06713835834169266,0.06713838731210872,0.06713841628111841,0.06713844524870263,0.06713847421487247,0.06713850317962072,0.067138532142955,0.06713856110487194,0.06713859006538771,0.06713861902449761,0.06713864798219482,0.06713867693850901,0.06713870589341632,0.06713873484692964,0.06713876379906489,0.06713879274980014,0.06713882169914492,0.06713885064710624,0.06713887959368525,0.06713890853889708,0.06713893748272697,0.06713896642518061,0.06713899536626158,0.06713902430597572,0.06713905324432395,0.06713908218127988,0.0671391111169021,0.06713914005115343,0.06713916898403711,0.0671391979155986,0.06713922684580594,0.06713925577466447,0.06713928470217784,0.06713931362833864,0.06713934255317326,0.06713937147666026,0.0671394003988279,0.06713942931966686,0.06713945823917002,0.06713948715734051,0.06713951607416964,0.0671395449896943,0.06713957390388288,0.06713960281676871,0.06713963172833998,0.06713966063861079,0.06713968954757622,0.067139718455191,0.06713974736151826,0.06713977626655522,0.0671398051702957,0.06713983407273405,0.06713986297387856,0.06713989187373755,0.0671399207722956,0.06713994966957727,0.0671399785655663,0.06714000746024337,0.06714003635366018,0.067140065245782,0.0671400941366974,0.06714012302634681,0.06714015191468146,0.06714018080174694,0.06714020968757296,0.06714023857207553,0.06714026745532113,0.06714029633732764,0.06714032521807736,0.06714035409758079,0.06714038297582389,0.06714041185281719,0.06714044072856296,0.06714046960306354,0.06714049847634453,0.06714052734838571,0.0671405562191643,0.06714058508870688,0.06714061395701562,0.06714064282409848,0.06714067168994875,0.06714070055459392,0.06714072941801416,0.0671407582801888,0.06714078714116578,0.06714081600090202,0.06714084485942703,0.06714087371673488,0.06714090257283038,0.06714093142771803,0.06714096028139777,0.06714098913387323,0.06714101798514628,0.06714104683521896,0.06714107568409303,0.06714110453177181,0.0671411333782569,0.06714116222355034,0.0671411910676541,0.06714121991057061,0.06714124875230207,0.06714127759285045,0.06714130643221747,0.06714133527040608,0.0671413641074178,0.06714139294325512,0.06714142177791017,0.06714145061140459,0.06714147944373063,0.0671415082748905,0.06714153710487585,0.06714156593370862,0.0671415947613721,0.067141623587878,0.06714165241322638,0.06714168123743165,0.06714171006048862,0.0671417388823821,0.06714176770312634,0.06714179652272584,0.0671418253411963,0.06714185415851318,0.06714188297470262,0.06714191178975128,0.06714194060366444,0.06714196941644726,0.06714199822809683,0.06714202703861695,0.0671420558480096,0.06714208465627977,0.06714211346342347,0.0671421422694486,0.06714217107435416,0.06714219987813914,0.0671422286808085,0.06714225748236725,0.06714228628281421,0.06714231508215163,0.06714234388038103,0.06714237267750449,0.06714240147352443,0.06714243026844174,0.06714245906225876,0.06714248785497749,0.06714251664659988,0.06714254543712765,0.06714257422656346,0.06714260301490779,0.06714263180216272,0.06714266058833124,0.06714268937341498,0.0671427181574151,0.06714274694033402,0.06714277572217303,0.06714280450293465,0.06714283328262036,0.06714286206123218,0.06714289083877158,0.06714291961524153,0.06714294839063957,0.06714297716497267,0.06714300593824114,0.06714303471044884,0.06714306348159556,0.06714309225168644,0.06714312102072492,0.0671431497886821,0.06714317855560151,0.06714320732146885,0.0671432360862843,0.06714326485005788,0.0671432936127938,0.06714332237446931,0.0671433511351014,0.06714337989468153,0.06714340865323383,0.06714343741074806,0.06714346616722758,0.06714349492268476,0.0671435236770955,0.06714355243049389,0.06714358118286162,0.06714360993418635,0.06714363868451048,0.06714366743378428,0.06714369618203923,0.0671437249292697,0.06714375367548185,0.06714378242067684,0.06714381116485559,0.06714383990802052,0.0671438686501733,0.06714389739132771,0.0671439261314612,0.0671439548705881,0.06714398360870608,0.0671440123458215,0.06714404108194465,0.0671440698170614,0.0671440985511793,0.06714412728427809,0.06714415601639163,0.06714418474752164,0.06714421347764203,0.06714424220679928,0.06714427093497109,0.06714429966215486,0.06714432838835463,0.06714435711357081,0.06714438583780208,0.06714441456104495,0.06714444328331592,0.0671444720046006,0.06714450072490999,0.06714452944425575,0.06714455816261676,0.06714458688000716,0.06714461559642772,0.06714464431187804,0.06714467302636178,0.06714470173988224,0.06714473045243889,0.06714475916403155,0.06714478787466445,0.06714481658433785,0.0671448452930546,0.0671448740008149,0.06714490270762112,0.06714493141347477,0.0671449601183707,0.06714498882232205,0.06714501752532583,0.06714504622738399,0.06714507492849058,0.06714510362865533,0.06714513232787517,0.06714516102616477,0.06714518972350764,0.06714521841991311,0.06714524711538572,0.06714527580992205,0.06714530450352364,0.06714533319619707,0.06714536188794329,0.06714539057875273,0.06714541926863492,0.06714544795761877,0.0671454766456684,0.06714550533278053,0.0671455340189641,0.0671455627042269,0.06714559138858454,0.06714562007201173,0.06714564875450729,0.06714567743611169,0.06714570611679546,0.0671457347965748,0.06714576347544506,0.06714579215339629,0.06714582083044998,0.0671458495066224,0.06714587818187587,0.06714590685622622,0.06714593552967499,0.06714596420222335,0.06714599287387295,0.06714602154462487,0.06714605021448088,0.067146078883442,0.0671461075515099,0.06714613621868572,0.06714616488497084,0.06714619355036658,0.06714622221487468,0.06714625087849638,0.06714627954123255,0.06714630820308504,0.06714633686405484,0.06714636552414346,0.06714639418335239,0.067146422841683,0.0671464514991366,0.0671464801557143,0.06714650881141727,0.06714653746624723,0.06714656612020498,0.06714659477329264,0.0671466234255109,0.06714665207686095,0.06714668072734477,0.06714670937696335,0.06714673802571769,0.06714676667360943,0.06714679532063975,0.06714682396680968,0.067146852612121,0.06714688125655853,0.06714690990013963,0.06714693854286552,0.06714696718473753,0.06714699582575691,0.06714702446592492,0.06714705310524277,0.06714708174371178,0.06714711038133318,0.06714713901810822,0.06714716765403812,0.06714719628912415,0.06714722492336754,0.06714725355676951,0.06714728218933134,0.0671473108210542,0.06714733945193932,0.067147368081988,0.06714739671120137,0.0671474253395807,0.0671474539671272,0.067147482593842,0.06714751121972638,0.06714753984478153,0.06714756846900863,0.0671475970924089,0.06714762571498357,0.06714765433673375,0.06714768295766065,0.06714771157776546,0.0671477401970494,0.06714776881551363,0.06714779743315931,0.06714782604998755,0.0671478546659996,0.06714788328119663,0.06714791189557977,0.06714794050915021,0.06714796912190905,0.06714799773385752,0.06714802634499667,0.06714805495532776,0.06714808356485187,0.06714811217357011,0.06714814078148366,0.06714816938859368,0.06714819799490129,0.06714822660040759,0.06714825520511372,0.06714828380902084,0.06714831241213001,0.06714834101444236,0.06714836961595905,0.06714839821668112,0.06714842681660975,0.067148455415746,0.06714848401409099,0.06714851261164578,0.06714854120841157,0.06714856980438935,0.06714859839958026,0.06714862699398538,0.06714865558760579,0.06714868418044259,0.06714871277249682,0.06714874136376962,0.06714876995426204,0.0671487985439751,0.06714882713290991,0.06714885572107207,0.06714888430845804,0.06714891289506893,0.06714894148090579,0.06714897006596529,0.06714899865025288,0.06714902723376967,0.06714905581653081,0.06714908439852318,0.06714911297973625,0.06714914156019429,0.0671491701398725,0.06714919871880061,0.06714922729696515,0.06714925587436327,0.06714928445100012,0.06714931302688011,0.06714934160199762,0.0671493701763602,0.06714939874996542,0.06714942732281404,0.0671494558949076,0.06714948446624648,0.06714951303683246,0.067149541606666,0.06714957017574623,0.06714959874407786,0.06714962731166033,0.06714965587849318,0.06714968444457899,0.06714971300991955,0.06714974157451488,0.06714977013836565,0.06714979870147329,0.06714982726382054,0.0671498558254447,0.06714988438630971,0.06714991294643509,0.06714994150584148,0.06714997006451061,0.06714999862244303,0.06715002717964015,0.0671500557360818,0.06715008429178954,0.06715011284678676,0.06715014140105177,0.06715016995458686,0.0671501985073685,0.06715022705944405,0.06715025561079163,0.06715028416138864,0.06715031271125933,0.06715034126040449,0.06715036980882523,0.06715039835654589,0.06715042690354439,0.06715045544980001,0.06715048399533202,0.06715051254014706,0.06715054108424308,0.06715056962762102,0.06715059817028178,0.06715062671222634,0.06715065525345554,0.0671506837939703,0.0671507123337715,0.06715074087286005,0.0671507694112369,0.06715079794890287,0.0671508264858588,0.06715085502210569,0.06715088355764433,0.06715091209246907,0.06715094062659115,0.06715096916001048,0.06715099769272513,0.06715102622473598,0.06715105475604391,0.06715108328664969,0.06715111181655428,0.06715114034575856,0.06715116887427308,0.06715119740208837,0.06715122592920618,0.06715125445561593,0.0671512829813639,0.06715131150640902,0.0671513400307456,0.0671513685544021,0.06715139707736131,0.06715142559963103,0.06715145412120294,0.06715148264206959,0.06715151116225984,0.06715153968174874,0.06715156820054995,0.06715159671866439,0.06715162523609151,0.0671516537528348,0.06715168226889372,0.06715171078426917,0.06715173929896212,0.06715176781297297,0.06715179632630283,0.06715182483894742,0.06715185335091754,0.06715188186220929,0.06715191037282298,0.06715193888275466,0.06715196739201007,0.06715199590059003,0.06715202440849542,0.06715205291573081,0.06715208142228934,0.06715210992817562,0.0671521384333905,0.06715216693793478,0.06715219544180917,0.06715222394501441,0.06715225244755155,0.06715228094942116,0.06715230945062402,0.06715233795116084,0.06715236645103238,0.0671523949502397,0.06715242344878329,0.067152451946664,0.06715248044388242,0.06715250894043966,0.06715253743633628,0.06715256593157307,0.06715259442615071,0.06715262292007,0.06715265141333177,0.06715267990593668,0.0671527083978855,0.06715273688917921,0.06715276537981815,0.0671527938698034,0.06715282235913543,0.06715285084781512,0.06715287933584319,0.06715290782322035,0.06715293630994737,0.06715296479602496,0.06715299328145391,0.06715302176623479,0.0671530502503685,0.06715307873385569,0.0671531072166973,0.0671531356988938,0.06715316418044588,0.06715319266135428,0.06715322114161978,0.06715324962124299,0.06715327810022487,0.06715330657856595,0.06715333505626696,0.06715336353332858,0.06715339200975147,0.06715342048553974,0.06715344896068746,0.06715347743519912,0.06715350590907757,0.06715353438233933,0.06715356285496617,0.06715359132696017,0.06715361979831956,0.0671536482690333,0.06715367673912828,0.06715370520857608,0.06715373367740984,0.06715376214559933,0.06715379061317407,0.06715381908010787,0.0671538475464138,0.06715387601208511,0.06715390447713455,0.0671539329415575,0.06715396140535895,0.06715398986853778,0.06715401833108861,0.06715404679301192,0.06715407525435067,0.06715410371503898,0.06715413217510623,0.06715416063454699,0.06715418909337058,0.06715421755158421,0.06715424600916843,0.06715427446611476,0.06715430292246448,0.067154331378198,0.06715435983330831,0.06715438828783213,0.06715441674172799,0.06715444519502232,0.06715447364767983,0.06715450209971115,0.06715453055114459,0.0671545590019552,0.06715458745217996,0.0671546159017639,0.06715464435075948,0.06715467279914705,0.06715470124692977,0.06715472969410974,0.0671547581406757,0.06715478658663405,0.06715481503198313,0.06715484347672776,0.0671548719208718,0.06715490036441196,0.06715492880734732,0.06715495724968006,0.06715498569140922,0.06715501413254554,0.06715504257307404,0.06715507101300233,0.06715509945233111,0.06715512789106068,0.06715515632919263,0.06715518476672773,0.06715521320366442,0.06715524164000079,0.06715527007576054,0.06715529851090869,0.06715532694546325,0.06715535537939799,0.06715538381273987,0.06715541224548789,0.06715544067766438,0.06715546910925235,0.0671554975402495,0.06715552597065011,0.06715555440048959,0.06715558282971469,0.06715561125835634,0.06715563968640337,0.06715566811386159,0.06715569654072674,0.06715572496704417,0.06715575339273452,0.06715578181784097,0.06715581024237006,0.06715583866631585,0.0671558670896715,0.06715589551247761,0.06715592393467594,0.06715595235629042,0.06715598077732353,0.06715600919777426,0.06715603761764447,0.06715606603693527,0.06715609445564641,0.06715612287376664,0.06715615129132507,0.06715617970828858,0.06715620812468759,0.06715623654051209,0.0671562649557619,0.06715629337043233,0.06715632178452717,0.06715635019804748,0.06715637861099351,0.06715640702337032,0.06715643543516589,0.0671564638463936,0.06715649225704853,0.06715652066713554,0.06715654907664904,0.06715657748559406,0.06715660589396728,0.06715663430177075,0.06715666270900633,0.06715669111567632,0.06715671952177595,0.06715674792734452,0.06715677633230148,0.06715680473670464,0.06715683314058177,0.06715686154385497,0.06715688994655915,0.06715691834871296,0.06715694675029127,0.06715697515130538,0.0671570035517615,0.06715703195165015,0.06715706035098017,0.06715708874975135,0.0671571171479659,0.06715714554561143,0.06715717394269968,0.06715720233922529,0.06715723073519354,0.06715725913060337,0.06715728752545683,0.06715731591976391,0.06715734431350781,0.06715737270669081,0.06715740109935996,0.06715742949143981,0.06715745788295786,0.06715748627392612,0.0671575146643408,0.06715754305420227,0.06715757144351103,0.06715759983226832,0.06715762822047308,0.06715765660812223,0.0671576849952135,0.06715771338176475,0.06715774176776254,0.06715777015321608,0.06715779853811621,0.06715782692247119,0.06715785530627946,0.06715788368954016,0.06715791207225381,0.06715794045441821,0.06715796883603306,0.06715799721709992,0.06715802559762583,0.06715805397760582,0.067158082357047,0.06715811073594478,0.0671581391143332,0.06715816749214477,0.06715819586940953,0.06715822424613214,0.06715825262233216,0.06715828099797251,0.06715830937307846,0.06715833774764392,0.0671583661216642,0.06715839449514134,0.06715842286810755,0.06715845124050769,0.06715847961239622,0.0671585079837278,0.06715853635457435,0.06715856472483005,0.0671585930945377,0.0671586214637205,0.06715864983235051,0.067158678200459,0.06715870656803778,0.0671587349350843,0.06715876330158493,0.06715879166755949,0.0671588200330251,0.06715884839795719,0.06715887676235499,0.06715890512621736,0.06715893348954499,0.06715896185233601,0.06715899021461685,0.06715901857636432,0.06715904693755978,0.06715907529823327,0.06715910365838629,0.06715913201802831,0.06715916037711941,0.06715918873567872,0.06715921709370781,0.06715924545121713,0.0671592738082015,0.0671593021646552,0.06715933052058509,0.06715935887599021,0.0671593872308672,0.06715941558522713,0.06715944393911981,0.06715947229248599,0.06715950064527422,0.06715952899754037,0.06715955734926886,0.06715958570049012,0.06715961405119324,0.06715964240140392,0.06715967075106483,0.06715969910020587,0.06715972744882154,0.06715975579692447,0.06715978414450718,0.06715981249157266,0.06715984083812065,0.06715986918415108,0.06715989752966763,0.0671599258746644,0.0671599542191445,0.06715998256310907,0.06716001090655811,0.06716003924949203,0.0671600675919112,0.06716009593378537,0.06716012427509123,0.06716015261596314,0.0671601809563126,0.06716020929617333,0.06716023763550585,0.06716026597433304,0.06716029431264853,0.06716032265035045,0.06716035098765549,0.06716037932442936,0.06716040766070067,0.06716043599645974,0.0671604643317129,0.0671604926664564,0.06716052100068565,0.06716054933441765,0.06716057766764151,0.06716060600034024,0.06716063433254373,0.06716066266424041,0.06716069099540575,0.0671607193260885,0.0671607476562667,0.06716077598593713,0.0671608043151077,0.06716083264377071,0.06716086097192701,0.06716088929958225,0.06716091762673083,0.06716094595337999,0.06716097427952025,0.06716100260516236,0.06716103093030223,0.06716105925493063,0.06716108757907428,0.0671611159027027,0.06716114422583862,0.06716117254847256,0.06716120087060691,0.067161229192241,0.06716125751337851,0.0671612858340305,0.06716131415416776,0.06716134247380628,0.06716137079295215,0.06716139911159337,0.06716142742975126,0.06716145574740218,0.0671614840645169,0.0671615123811725,0.06716154069733214,0.0671615690129941,0.06716159732815823,0.06716162564282599,0.06716165395700456,0.06716168227068879,0.06716171058388462,0.06716173889665682,0.06716176720886873,0.06716179552052876,0.06716182383178598,0.0671618521425056,0.06716188045268541,0.06716190876242716,0.067161937071643,0.06716196538036437,0.06716199368863444,0.06716202199643022,0.06716205030367431,0.06716207861043329,0.06716210691670346,0.06716213522252282,0.06716216352785415,0.06716219183269122,0.06716222013699195,0.06716224844085801,0.06716227674424177,0.06716230504710691,0.06716233334951137,0.06716236165142955,0.06716238995287786,0.06716241825381933,0.06716244655427513,0.06716247485424987,0.0671625031537352,0.06716253145273582,0.06716255975125189,0.06716258804928384,0.06716261634683206,0.06716264464389671,0.06716267294047817,0.06716270123657664,0.06716272953219254,0.06716275782732614,0.06716278612197762,0.06716281441614738,0.0671628427098357,0.0671628710030429,0.06716289929576931,0.06716292758801522,0.0671629558797809,0.0671629841710668,0.06716301246187276,0.06716304075219941,0.06716306904204707,0.06716309733141607,0.06716312562030667,0.06716315390871885,0.06716318219665326,0.06716321048410999,0.06716323877110554,0.06716326705760786,0.06716329534367092,0.06716332362923784,0.06716335191432721,0.0671633801989299,0.06716340848306777,0.06716343676672094,0.06716346504991877,0.06716349333262124,0.06716352161484508,0.06716354989661441,0.06716357817789458,0.06716360645870201,0.06716363473903547,0.06716366301889606,0.06716369129828373,0.06716371957719892,0.06716374785564375,0.06716377613360817,0.06716380441115183,0.067163832688183,0.06716386096478441,0.06716388924087158,0.06716391751653153,0.06716394579169496,0.06716397406637141,0.0671640023405742,0.06716403061431087,0.06716405888757494,0.06716408716036017,0.06716411543268794,0.06716414370455424,0.06716417197594551,0.06716420024687525,0.0671642285173285,0.06716425678727286,0.06716428505678715,0.06716431332584333,0.0671643415944669,0.0671643698625879,0.06716439813024505,0.06716442639743825,0.06716445466414982,0.0671644829304088,0.06716451119618798,0.06716453946151778,0.06716456772637654,0.06716459599075904,0.06716462425469275,0.0671646525182528,0.06716468078126665,0.06716470904383,0.06716473730594377,0.06716476556758394,0.06716479382874477,0.06716482208944458,0.06716485034967973,0.06716487860945478,0.06716490686877091,0.06716493512765781,0.06716496338601394,0.0671649916439668,0.06716501990148378,0.06716504815849872,0.06716507641505261,0.06716510467114685,0.06716513292677995,0.0671651611819528,0.0671651894366806,0.0671652176909363,0.06716524594473493,0.06716527419807833,0.06716530245096328,0.06716533070338822,0.06716535895535529,0.06716538720686556,0.0671654154577998,0.06716544370839266,0.06716547195853276,0.06716550020821668,0.06716552845744465,0.06716555670621674,0.06716558495453334,0.06716561320239334,0.06716564144979964,0.06716566969675118,0.0671656979432481,0.06716572618929065,0.06716575443487895,0.0671657826800135,0.06716581092469717,0.06716583916892115,0.06716586741268916,0.06716589565601651,0.06716592389893201,0.06716595214134316,0.06716598038325404,0.06716600862477234,0.06716603686583483,0.06716606510642618,0.06716609334658274,0.06716612158631095,0.06716614982556314,0.06716617806437458,0.06716620630273505,0.06716623454063848,0.06716626277809339,0.06716629101509702,0.06716631925165105,0.06716634748775574,0.06716637572341125,0.06716640395861785,0.06716643219337579,0.06716646042768515,0.06716648866154629,0.0671665168949594,0.06716654512791254,0.06716657336040954,0.06716660159252423,0.0671666298241159,0.06716665805524663,0.06716668628594899,0.06716671451624234,0.06716674274612403,0.0671667709755133,0.0671667992044471,0.06716682743293727,0.06716685566098173,0.06716688388859261,0.06716691211574702,0.06716694034246197,0.06716696856875398,0.06716699679451682,0.0671670250199006,0.06716705324484262,0.06716708146933763,0.0671671096934027,0.06716713791701243,0.06716716614017477,0.06716719436289614,0.06716722258517387,0.06716725080697167,0.06716727902836496,0.06716730724931091,0.06716733546981508,0.06716736368988507,0.06716739190947132,0.06716742012865606,0.06716744834730912,0.06716747656559746,0.06716750478347759,0.06716753300088656,0.06716756121787172,0.0671675894344247,0.0671676176505295,0.06716764586619389,0.06716767408141945,0.06716770229620567,0.06716773051055248,0.06716775872446014,0.06716778693792841,0.06716781515095875,0.0671678433635493,0.06716787157570163,0.06716789978741594,0.06716792799869407,0.06716795620949235,0.06716798441992751,0.06716801262982813,0.06716804083935288,0.06716806904844412,0.06716809725709863,0.06716812546531564,0.06716815367306768,0.06716818188041244,0.06716821008731891,0.06716823829378753,0.06716826649982584,0.06716829470542883,0.06716832291059581,0.06716835111532529,0.06716837931962291,0.0671684075234826,0.06716843572691794,0.06716846392991158,0.06716849213246853,0.06716852033459156,0.06716854853619622,0.06716857673748453,0.06716860493830963,0.06716863313869792,0.06716866133868342,0.06716868953820639,0.06716871773729939,0.06716874593596002,0.06716877413420008,0.06716880233199739,0.0671688305293622,0.06716885872622198,0.06716888692272366,0.06716891511879791,0.06716894331443639,0.06716897150965709,0.06716899970447048,0.0671690278988099,0.06716905609272418,0.0671690842861998,0.06716911247925375,0.06716914067186955,0.06716916886405443,0.06716919705581018,0.067169225247136,0.06716925343803119,0.06716928162849967,0.06716930981853832,0.06716933800814631,0.06716936619732539,0.06716939438607593,0.06716942257440595,0.06716945076229985,0.06716947894977432,0.0671695071368107,0.06716953532341997,0.06716956350961541,0.06716959169537966,0.06716961988071864,0.06716964806562029,0.0671696762501094,0.0671697044341618,0.0671697326177869,0.06716976080099686,0.06716978898378065,0.06716981716613865,0.067169845348071,0.06716987352957027,0.06716990171065153,0.06716992989129822,0.06716995807152129,0.06716998625132663,0.06717001443065561,0.06717004260961186,0.0671700707881424,0.0671700989662487,0.06717012714393569,0.06717015532119336,0.06717018349804112,0.06717021167445897,0.06717023985043137,0.0671702680260032,0.06717029620114795,0.06717032437586586,0.06717035255017417,0.06717038072405261,0.06717040889750221,0.0671704370705406,0.06717046524314424,0.06717049341532116,0.06717052158708198,0.06717054975841774,0.06717057792932879,0.06717060609982733,0.06717063426990602,0.06717066243955895,0.06717069060879405,0.06717071877760505,0.06717074694599849,0.0671707751139686,0.06717080328151831,0.0671708314486516,0.06717085961539711,0.0671708877817243,0.06717091594759635,0.0671709441130818,0.06717097227815196,0.06717100044280497,0.06717102860701481,0.06717105677082459,0.0671710849342148,0.06717111309706562,0.0671711412596458,0.06717116942173604,0.06717119758334085,0.06717122574460485,0.06717125390547768,0.06717128206589856,0.06717131022590545,0.0671713383854944,0.06717136654464814,0.06717139470340243,0.06717142286173534,0.06717145101965802,0.06717147917717683,0.06717150733427794,0.0671715354909629,0.06717156364723839,0.06717159180305915,0.06717161995850011,0.06717164811350057,0.06717167626808762,0.06717170442227637,0.06717173257602309,0.06717176072936581,0.0671717888823174,0.06717181703482818,0.06717184518692454,0.06717187333860011,0.06717190148986528,0.0671719296407109,0.06717195779118912,0.06717198594120702,0.06717201409085367,0.0671720422401097,0.06717207038893631,0.0671720985372926,0.06717212668532963,0.06717215483288565,0.0671721829800254,0.06717221112671302,0.06717223927298757,0.06717226741886326,0.06717229556431738,0.06717232370939136,0.06717235185400627,0.06717237999821767,0.06717240814201848,0.06717243628541399,0.06717246442839,0.0671724925709635,0.06717252071312536,0.06717254885487754,0.0671725769962137,0.06717260513712553,0.06717263327763966,0.06717266141774411,0.06717268955743362,0.06717271769674543,0.06717274583565928,0.06717277397413032,0.06717280211218316,0.0671728302498274,0.06717285838708792,0.06717288652391934,0.06717291466031589,0.06717294279632713,0.06717297093188111,0.06717299906707173,0.06717302720181459,0.06717305533614158,0.06717308347010187,0.06717311160366617,0.06717313973682804,0.06717316786956434,0.06717319600182917,0.0671732241337063,0.06717325226521496,0.06717328039631892,0.06717330852706309,0.0671733366573661,0.06717336478716986,0.06717339291663312,0.067173421045694,0.06717344917434975,0.06717347730254586,0.06717350543037576,0.06717353355780901,0.06717356168482948,0.067173589811456,0.06717361793766767,0.06717364606347231,0.06717367418886476,0.06717370231384308,0.067173730438424,0.06717375856259242,0.06717378668637228,0.06717381480972397,0.06717384293267056,0.06717387105521078,0.06717389917734269,0.06717392729907004,0.0671739554203845,0.06717398354130273,0.06717401166182217,0.06717403978192824,0.06717406790163026,0.0671740960209234,0.06717412413980352,0.0671741522582844,0.0671741803763791,0.06717420849404168,0.06717423661133212,0.06717426472820974,0.06717429284468755,0.06717432096077477,0.067174349076439,0.0671743771917066,0.06717440530656522,0.06717443342101985,0.06717446153507318,0.06717448964878987,0.06717451776203806,0.06717454587488116,0.06717457398732135,0.06717460209935448,0.06717463021098495,0.06717465832221259,0.06717468643304132,0.06717471454352311,0.06717474265354323,0.06717477076316056,0.06717479887237796,0.06717482698119086,0.06717485508960173,0.06717488319761057,0.0671749113052175,0.06717493941242042,0.06717496751922396,0.06717499562562575,0.06717502373162632,0.06717505183722554,0.0671750799424236,0.06717510804721795,0.06717513615161379,0.06717516425558742,0.06717519235917821,0.06717522046239247,0.06717524856522404,0.06717527666762277,0.06717530476962595,0.06717533287122171,0.06717536097246005,0.06717538907325597,0.06717541717365096,0.0671754452736474,0.06717547337328651,0.06717550147248162,0.06717552957126413,0.06717555766964285,0.06717558576763394,0.06717561386518446,0.06717564196238009,0.0671756700591336,0.06717569815552873,0.06717572625152839,0.06717575434711269,0.06717578244230603,0.06717581053709945,0.067175838631504,0.06717586672551053,0.0671758948191172,0.06717592291232564,0.06717595100513703,0.0671759790975864,0.06717600718957444,0.06717603528119212,0.067176063372413,0.067176091463239,0.06717611955366484,0.0671761476436938,0.06717617573332633,0.06717620382254894,0.06717623191138598,0.06717625999978544,0.06717628808780414,0.06717631617545503,0.06717634426271059,0.06717637234956803,0.06717640043603733,0.06717642852221922,0.06717645660788123,0.067176484693164,0.06717651277805661,0.06717654086254006,0.06717656894662578,0.06717659703028714,0.0671766251135397,0.06717665319642047,0.06717668127891535,0.06717670936101504,0.06717673744268152,0.06717676552405084,0.06717679360497185,0.06717682168549034,0.06717684976554804,0.067176877845276,0.06717690592461009,0.06717693400355147,0.06717696208207667,0.06717699016020892,0.06717701823795769,0.06717704631532609,0.0671770743922295,0.0671771024687252,0.06717713054489491,0.06717715862068158,0.06717718669606855,0.06717721477105702,0.0671772428456828,0.06717727091989138,0.06717729899371236,0.06717732706710576,0.06717735514013952,0.06717738321277111,0.06717741128501663,0.06717743935690153,0.06717746742835891,0.0671774954994349,0.06717752357010631,0.06717755164041739,0.06717757971030375,0.06717760777975323,0.06717763584885184,0.06717766391755792,0.06717769198589846,0.06717772005382007,0.06717774812135202,0.06717777618852272,0.06717780425524734,0.06717783232157659,0.06717786038753581,0.06717788845312907,0.0671779165183031,0.06717794458309208,0.06717797264742541,0.06717800071142169,0.067178028775033,0.06717805683825384,0.0671780849010839,0.06717811296351199,0.06717814102562189,0.067178169087278,0.06717819714854155,0.06717822520940918,0.0671782532698768,0.067178281329963,0.06717830938971106,0.06717833744904776,0.06717836550797157,0.06717839356649452,0.0671784216246267,0.06717844968241606,0.0671784777397761,0.06717850579680519,0.06717853385338589,0.06717856190957892,0.06717858996537891,0.06717861802079164,0.06717864607580822,0.06717867413034598,0.06717870218456908,0.06717873023842448,0.0671787582918869,0.06717878634499128,0.06717881439768268,0.06717884244996926,0.06717887050187224,0.06717889855338678,0.06717892660450521,0.06717895465525718,0.06717898270545988,0.06717901075542568,0.06717903880497592,0.06717906685415957,0.06717909490295941,0.06717912295137092,0.06717915099938009,0.06717917904691151,0.0671792070941587,0.06717923514099854,0.06717926318747096,0.06717929123352749,0.06717931927921592,0.06717934732451654,0.06717937536943436,0.06717940341398099,0.06717943145815482,0.06717945950193296,0.06717948754530594,0.0671795155883111,0.06717954363084652,0.0671795716730445,0.06717959971486757,0.0671796277562491,0.06717965579730205,0.06717968383801982,0.06717971187828309,0.06717973991817208,0.0671797679576053,0.06717979599672133,0.06717982403545435,0.06717985207379028,0.06717988011175245,0.06717990814932409,0.0671799361865065,0.06717996422330563,0.06717999225971903,0.06718002029574272,0.06718004833138719,0.06718007636664479,0.0671801044015061,0.06718013243604533,0.06718016047014723,0.06718018850385261,0.06718021653717483,0.06718024457008796,0.06718027260265588,0.06718030063475901,0.06718032866652218,0.0671803566979199,0.06718038472892524,0.06718041275956217,0.06718044078980265,0.06718046881967224,0.0671804968490899,0.0671805248781915,0.06718055290690268,0.06718058093522553,0.06718060896316323,0.06718063699071769,0.06718066501788333,0.06718069304464556,0.06718072107104066,0.0671807490971342,0.06718077712276965,0.06718080514802068,0.06718083317284977,0.06718086119737895,0.06718088922147883,0.06718091724520336,0.06718094526849352,0.06718097329144383,0.06718100131401074,0.06718102933614575,0.0671810573579273,0.06718108537933533,0.06718111340036993,0.06718114142101164,0.06718116944128073,0.06718119746116707,0.06718122548065486,0.06718125349977398,0.06718128151851623,0.06718130953686914,0.0671813375548277,0.06718136557241552,0.06718139358957229,0.06718142160638871,0.06718144962282946,0.06718147763880167,0.0671815056544519,0.0671815336697646,0.06718156168467841,0.06718158969920818,0.0671816177133388,0.0671816457271085,0.06718167374049352,0.06718170175349603,0.06718172976610527,0.06718175777834327,0.0671817857901992,0.06718181380167156,0.0671818418127657,0.06718186982346054,0.06718189783379092,0.06718192584374151,0.06718195385329231,0.06718198186246055,0.06718200987126353,0.06718203787968796,0.06718206588777462,0.06718209389541421,0.06718212190269233,0.06718214990960199,0.06718217791612166,0.06718220592225997,0.06718223392801913,0.0671822619333974,0.06718228993839563,0.06718231794301067,0.0671823459472046,0.06718237395105534,0.06718240195453071,0.06718242995758335,0.0671824579602997,0.0671824859626346,0.06718251396458658,0.06718254196616139,0.06718256996735514,0.06718259796817212,0.06718262596860641,0.06718265396866001,0.06718268196831526,0.06718270996760665,0.06718273796652088,0.06718276596505413,0.0671827939632103,0.0671828219609652,0.06718284995836483,0.06718287795540268,0.06718290595204003,0.06718293394830119,0.06718296194418229,0.06718298993968341,0.0671830179348049,0.06718304592954989,0.06718307392391835,0.06718310191790648,0.06718312991151232,0.0671831579047446,0.06718318589759735,0.06718321389009892,0.06718324188219539,0.06718326987390776,0.06718329786524199,0.06718332585619807,0.06718335384673174,0.06718338183692969,0.06718340982674452,0.06718343781618977,0.06718346580525701,0.0671834937939462,0.06718352178225467,0.06718354977018225,0.06718357775773591,0.06718360574486723,0.06718363373165999,0.06718366171808421,0.06718368970413272,0.0671837176897981,0.06718374567508947,0.06718377365997892,0.06718380164450556,0.0671838296286608,0.06718385761243968,0.06718388559584823,0.06718391357887453,0.06718394156151927,0.06718396954378679,0.06718399752567797,0.06718402550719299,0.06718405348831402,0.06718408146907422,0.06718410944945602,0.06718413742946168,0.06718416540908288,0.06718419338833652,0.06718422136714963,0.0671842493456431,0.06718427732376804,0.06718430530149261,0.06718433327886458,0.06718436125586112,0.0671843892324801,0.06718441720871746,0.06718444518458261,0.06718447316007302,0.06718450113518674,0.06718452910992503,0.06718455708428958,0.06718458505827134,0.0671846130318736,0.06718464100510495,0.06718466897796148,0.06718469695043808,0.06718472492254209,0.06718475289426717,0.0671847808656164,0.06718480883659396,0.06718483680719364,0.06718486477741957,0.06718489274729622,0.06718492071677426,0.06718494868586955,0.06718497665461784,0.06718500462296917,0.06718503259094352,0.06718506055853701,0.06718508852575718,0.0671851164926294,0.06718514445910773,0.06718517242520261,0.06718520039092908,0.06718522835627799,0.0671852563212474,0.06718528428584707,0.06718531225006517,0.06718534021391559,0.0671853681773911,0.06718539614047017,0.06718542410319724,0.06718545206554932,0.06718548002754085,0.06718550798914612,0.06718553595036385,0.06718556391121341,0.06718559187169058,0.06718561983179659,0.06718564779152171,0.0671856757508778,0.06718570370986367,0.06718573166841785,0.0671857596266497,0.06718578758451221,0.06718581554200136,0.06718584349910935,0.06718587145584666,0.06718589941221424,0.06718592736821562,0.06718595532384551,0.06718598327911955,0.06718601123400787,0.06718603918850723,0.06718606714263303,0.06718609509639688,0.06718612304978322,0.06718615100278916,0.06718617895540506,0.06718620690766504,0.06718623485954545,0.06718626281105018,0.06718629076219915,0.06718631871297676,0.06718634666336872,0.06718637461339272,0.0671864025630496,0.06718643051232523,0.0671864584612307,0.067186486409687,0.06718651435784462,0.06718654230558459,0.06718657025299712,0.06718659820004294,0.06718662614671049,0.06718665409300513,0.06718668203892995,0.06718670998448827,0.06718673792966383,0.06718676587447163,0.06718679381890727,0.06718682176296492,0.06718684970665337,0.0671868776499375,0.0671869055928882,0.06718693353538416,0.06718696147757841,0.0671869894194071,0.06718701736086356,0.06718704530190929,0.0671870732426221,0.06718710118296453,0.06718712912293404,0.0671871570625332,0.06718718500176243,0.06718721294061943,0.06718724087911311,0.0671872688172243,0.06718729675496993,0.06718732469234698,0.06718735262934523,0.06718738056597955,0.0671874085022309,0.06718743643811667,0.06718746437359246,0.06718749230873589,0.06718752024350186,0.06718754817790018,0.06718757611193373,0.06718760404560499,0.06718763197889302,0.06718765991180999,0.06718768784435368,0.06718771577647498,0.06718774370826082,0.06718777163969798,0.06718779957075846,0.06718782750139474,0.0671878554317121,0.06718788336166072,0.06718791129124561,0.06718793922044992,0.0671879671492838,0.06718799507774771,0.06718802300585273,0.06718805093358152,0.06718807886093978,0.06718810678790056,0.06718813471451845,0.06718816264075995,0.06718819056663211,0.06718821849213154,0.06718824641725488,0.06718827434201775,0.06718830226641515,0.06718833019043029,0.06718835811409389,0.06718838603737047,0.06718841396028634,0.06718844188283107,0.0671884698050018,0.06718849772681644,0.06718852564822499,0.06718855356929429,0.067188581489991,0.06718860941032943,0.06718863733028585,0.06718866524987709,0.06718869316910173,0.06718872108797076,0.06718874900645205,0.06718877692456025,0.06718880484230462,0.06718883275967694,0.06718886067668081,0.06718888859331747,0.06718891650957756,0.0671889444254707,0.06718897234100925,0.0671890002561698,0.06718902817089817,0.06718905608534093,0.06718908399938665,0.06718911191307926,0.06718913982640146,0.06718916773934656,0.06718919565191453,0.06718922356412421,0.06718925147597515,0.0671892793874476,0.0671893072985609,0.0671893352092973,0.06718936311969202,0.06718939102969025,0.0671894189393093,0.06718944684856712,0.06718947475745524,0.06718950266597237,0.06718953057413506,0.06718955848191673,0.06718958638932357,0.06718961429638116,0.06718964220307068,0.06718967010937252,0.06718969801531162,0.06718972592088772,0.06718975382608153,0.06718978173091596,0.0671898096353886,0.06718983753948496,0.06718986544321263,0.06718989334659085,0.06718992124961622,0.06718994915224773,0.06718997705450548,0.0671900049564033,0.06719003285794754,0.06719006075910822,0.0671900886598381,0.06719011656024897,0.06719014446028708,0.06719017235998515,0.06719020025931334,0.06719022815827233,0.06719025605687017,0.06719028395508,0.06719031185292736,0.06719033975040746,0.06719036764750436,0.06719039554425962,0.06719042344064644,0.06719045133666604,0.06719047923232797,0.0671905071275627,0.06719053502246979,0.06719056291701317,0.06719059081119781,0.06719061870500757,0.06719064659847648,0.06719067449156049,0.0671907023842643,0.06719073027663468,0.06719075816861664,0.06719078606023539,0.06719081395148076,0.06719084184235437,0.06719086973287876,0.06719089762303511,0.06719092551281919,0.0671909534022224,0.06719098129127792,0.06719100917995478,0.06719103706827563,0.06719106495623012,0.06719109284381741,0.06719112073103632,0.06719114861790305,0.06719117650438101,0.06719120439049256,0.06719123227624701,0.06719126016163372,0.067191288046657,0.06719131593132255,0.06719134381561273,0.06719137169953694,0.0671913995830951,0.06719142746628165,0.06719145534909812,0.06719148323154435,0.06719151111363902,0.06719153899536785,0.06719156687673514,0.06719159475773394,0.06719162263835696,0.06719165051861127,0.06719167839851546,0.06719170627805217,0.06719173415722061,0.06719176203600864,0.06719178991443889,0.06719181779254055,0.06719184567025469,0.06719187354759508,0.06719190142457183,0.06719192930119602,0.06719195717744564,0.06719198505330627,0.06719201292882192,0.06719204080393491,0.0671920686786445,0.06719209655307841,0.06719212442712885,0.06719215230082135,0.0671921801741493,0.06719220804711222,0.06719223591968677,0.06719226379195735,0.0671922916638108,0.0671923195353141,0.0671923474064451,0.06719237527721637,0.06719240314762019,0.06719243101766033,0.06719245888734673,0.06719248675667612,0.0671925146256237,0.06719254249420326,0.06719257036241368,0.06719259823026906,0.0671926260977604,0.06719265396488369,0.06719268183164605,0.06719270969804376,0.06719273756407225,0.06719276542969146,0.06719279329493993,0.06719282115988627,0.0671928490244607,0.06719287688867205,0.0671929047525161,0.0671929326159966,0.06719296047909162,0.06719298834186163,0.06719301620430436,0.06719304406633081,0.06719307192799398,0.06719309978930495,0.06719312765017549,0.06719315551074606,0.06719318337095137,0.06719321123083331,0.06719323909031172,0.06719326694942623,0.0671932948082541,0.06719332266663777,0.0671933505246417,0.06719337838229791,0.06719340623958993,0.06719343409652191,0.06719346195308708,0.06719348980930068,0.0671935176651407,0.06719354552061815,0.06719357337573192,0.06719360123047922,0.06719362908477976,0.06719365693880727,0.06719368479246617,0.06719371264574507,0.06719374049867427,0.06719376835124109,0.06719379620344756,0.06719382405529074,0.067193851906768,0.0671938797578727,0.0671939076086262,0.06719393545900668,0.06719396330903395,0.06719399115869797,0.06719401900799897,0.06719404685691426,0.0671940747054892,0.06719410255370012,0.06719413040153072,0.06719415824901671,0.06719418609613866,0.06719421394289884,0.06719424178927658,0.0671942696353081,0.06719429748095986,0.06719432532625919,0.06719435317120863,0.06719438101578959,0.06719440886001032,0.06719443670386674,0.06719446454734213,0.06719449239045773,0.06719452023322793,0.06719454807563269,0.06719457591768341,0.06719460375935929,0.06719463160067721,0.06719465944158709,0.06719468728217838,0.06719471512242128,0.06719474296228886,0.0671947708018123,0.06719479864097286,0.06719482647970117,0.06719485431816687,0.06719488215622195,0.06719490999391597,0.06719493783125657,0.06719496566821548,0.0671949935048143,0.06719502134106384,0.06719504917694326,0.06719507701245896,0.0671951048476262,0.06719513268242493,0.06719516051685902,0.06719518835091194,0.06719521618460449,0.06719524401795439,0.067195271850934,0.0671952996835373,0.06719532751578994,0.06719535534766985,0.06719538317921074,0.06719541101037736,0.06719543884119557,0.06719546667162526,0.06719549450169263,0.06719552233142528,0.06719555016077249,0.06719557798977464,0.06719560581841616,0.06719563364672125,0.06719566147465052,0.06719568930220962,0.0671957171294094,0.06719574495624331,0.06719577278270793,0.06719580060882743,0.06719582843458383,0.06719585625997891,0.06719588408501588,0.06719591190968892,0.06719593973400065,0.06719596755795493,0.06719599538153645,0.06719602320477706,0.06719605102764356,0.06719607885015041,0.06719610667225163,0.06719613449404203,0.06719616231546346,0.06719619013650571,0.06719621795728341,0.06719624577760355,0.06719627359758319,0.0671963014172016,0.06719632923643906,0.06719635705531482,0.0671963848738301,0.0671964126920065,0.06719644050983394,0.06719646832728884,0.06719649614439233,0.06719652396112584,0.06719655177751087,0.06719657959353675,0.06719660740919903,0.06719663522450624,0.06719666303943951,0.06719669085401915,0.06719671866823022,0.06719674648208065,0.06719677429557051,0.06719680210869718,0.06719682992146636,0.06719685773387461,0.06719688554592287,0.06719691335761059,0.06719694116893542,0.06719696897989884,0.06719699679050199,0.06719702460074607,0.06719705241062982,0.0671970802201535,0.06719710802931692,0.06719713583812024,0.0671971636465634,0.06719719145464549,0.06719721926236848,0.06719724706973121,0.06719727487673381,0.06719730268337683,0.06719733048965984,0.0671973582955828,0.06719738610114576,0.06719741390634881,0.06719744171119339,0.0671974695156769,0.06719749731980063,0.06719752512354518,0.06719755292695141,0.06719758072997258,0.06719760853265724,0.0671976363349853,0.0671976641369532,0.06719769193862322,0.06719771973986953,0.0671977475407557,0.06719777534128234,0.06719780314144887,0.06719783094125605,0.06719785874070308,0.06719788653979153,0.06719791433852153,0.06719794213688884,0.0671979699348991,0.06719799773255035,0.06719802552984806,0.06719805332678262,0.06719808112335576,0.0671981089195619,0.06719813671541584,0.06719816451090813,0.0671981923060477,0.06719822010082455,0.0671982478952426,0.06719827568930063,0.06719830348300043,0.06719833127633901,0.06719835906932749,0.0671983868619455,0.0671984146542068,0.06719844244611946,0.0671984702376627,0.06719849802885543,0.06719852581968459,0.06719855361006608,0.06719858140017294,0.06719860918990381,0.06719863697934551,0.06719866476834464,0.06719869255700692,0.0671987203453192,0.06719874813327871,0.06719877592087407,0.06719880370811558,0.06719883149499799,0.06719885928151784,0.06719888706767688,0.06719891485348113,0.06719894263892441,0.0671989704240065,0.06719899820873565,0.06719902599310244,0.06719905377711177,0.06719908156076983,0.06719910934406821,0.06719913712700394,0.067199164909578,0.06719919269178563,0.06719922047364513,0.0671992482551496,0.06719927603629303,0.06719930381707433,0.06719933159750031,0.06719935937755632,0.06719938715726732,0.06719941493655301,0.0671994427155468,0.06719947049418104,0.0671994982724575,0.06719952605037702,0.06719955382788872,0.06719958160509333,0.06719960938199215,0.06719963715848046,0.06719966493461059,0.06719969271034718,0.06719972048575522,0.06719974826079222,0.06719977603549909,0.06719980380984539,0.06719983158381009,0.0671998593574365,0.06719988713070288,0.06719991490361756,0.06719994267615095,0.06719997044846412,0.067199998220306,0.06720002599186997,0.06720005376298965,0.06720008153385389,0.06720010930425813,0.06720013707428317,0.06720016484400965,0.06720019261333703,0.06720022038230844,0.06720024815090804,0.0672002759191669,0.06720030368702931,0.06720033145457388,0.06720035922175743,0.06720038698860754,0.06720041475503824,0.06720044252122773,0.06720047028697532,0.06720049805239645,0.06720052581743871,0.06720055358209545,0.0672005813464152,0.0672006091103762,0.06720063687400947,0.06720066463728526,0.06720069240013686,0.06720072016262855,0.06720074792476616,0.06720077568656597,0.06720080344800752,0.06720083120921276,0.06720085896993637,0.06720088673031388,0.06720091449028157,0.06720094224993334,0.06720097000923932,0.06720099776820704,0.06720102552681678,0.06720105328505167,0.06720108104295339,0.0672011088004908,0.06720113655766993,0.06720116431451462,0.06720119207098195,0.06720121982709251,0.06720124758282767,0.06720127533822545,0.06720130309313213,0.06720133084781686,0.06720135860214818,0.0672013863561044,0.06720141410968895,0.06720144186293196,0.0672014696158316,0.0672014973683753,0.06720152512056508,0.06720155287237589,0.06720158062383291,0.06720160837493029,0.06720163612569818,0.06720166387610946,0.06720169162615518,0.06720171937584866,0.06720174712518603,0.06720177487416094,0.06720180262278792,0.06720183037104978,0.06720185811895107,0.06720188586650051,0.06720191361369476,0.06720194136061586,0.0672019691069909,0.06720199685311355,0.06720202459888228,0.06720205234429462,0.06720208008935079,0.06720210783405309,0.06720213557836563,0.06720216332235383,0.06720219106590217,0.06720221880917795,0.0672022465520976,0.06720227429466107,0.06720230203691441,0.06720232977874376,0.0672023575202171,0.06720238526139996,0.06720241300215964,0.06720244074256547,0.06720246848261374,0.06720249622230565,0.06720252396164435,0.06720255170062506,0.06720257943925179,0.06720260717753973,0.06720263491548921,0.06720266265307126,0.06720269039027309,0.06720271812711705,0.0672027458636322,0.06720277359978738,0.06720280133556582,0.06720282907101212,0.06720285680603423,0.06720288454074635,0.06720291227511964,0.0672029400091386,0.06720296774279247,0.06720299547609868,0.06720302320903646,0.06720305094166207,0.0672030786738953,0.06720310640578386,0.0672031341373048,0.06720316186848176,0.06720318959930281,0.06720321732980616,0.06720324505991647,0.06720327278967178,0.06720330051907175,0.06720332824811047,0.06720335597679937,0.06720338370513311,0.06720341143311165,0.06720343916073458,0.06720346688800184,0.06720349461491412,0.06720352234147367,0.06720355006767563,0.06720357779352197,0.06720360551901279,0.06720363324415136,0.06720366096893475,0.06720368869335978,0.06720371641743025,0.06720374414114812,0.06720377186451086,0.06720379958751854,0.06720382731017109,0.06720385503246576,0.06720388275440821,0.06720391047599557,0.06720393819722796,0.06720396591810528,0.06720399363863207,0.06720402135879947,0.06720404907861198,0.06720407679806954,0.0672041045171722,0.06720413223592436,0.06720415995431728,0.06720418767235528,0.06720421539004294,0.06720424310737133,0.06720427082434928,0.06720429854097257,0.06720432625724101,0.06720435397315473,0.06720438168871373,0.067204409403918,0.06720443711876757,0.06720446483326255,0.06720449254740297,0.06720452026118867,0.06720454797461968,0.06720457568769625,0.06720460340041821,0.06720463111278563,0.0672046588247984,0.06720468653645677,0.06720471424776056,0.06720474195870993,0.06720476966930482,0.06720479737954542,0.06720482508943147,0.06720485279896304,0.06720488050814025,0.06720490821696318,0.06720493592543157,0.06720496363354589,0.06720499134130561,0.06720501904871123,0.06720504675576251,0.0672050744624595,0.06720510216880214,0.06720512987479074,0.06720515758042506,0.06720518528569948,0.06720521299062543,0.06720524069519712,0.06720526839940859,0.0672052961032672,0.06720532380677646,0.06720535150992572,0.06720537921272682,0.06720540691516835,0.06720543461725602,0.06720546231898977,0.06720549002036981,0.06720551772141412,0.06720554542208604,0.0672055731224033,0.06720560082236687,0.0672056285219767,0.06720565622123259,0.06720568392013379,0.06720571161868186,0.06720573931687579,0.06720576701471578,0.06720579471220231,0.06720582240933456,0.06720585010611305,0.06720587780253756,0.06720590549860901,0.06720593319432654,0.0672059608896903,0.0672059885847003,0.06720601627935649,0.06720604397365895,0.06720607166760749,0.06720609936120282,0.0672061270544441,0.0672061547473321,0.06720618243986642,0.06720621013204751,0.06720623782387476,0.06720626551534846,0.06720629320646847,0.0672063208972351,0.06720634858764872,0.06720637627770835,0.06720640396741441,0.067206431656767,0.06720645934576679,0.06720648703441234,0.06720651472270484,0.0672065424106437,0.06720657009822942,0.06720659778546209,0.06720662547234107,0.06720665315886658,0.06720668084503872,0.06720670853085813,0.06720673621632396,0.06720676390143612,0.06720679158619525,0.067206819270601,0.0672068469546538,0.06720687463835308,0.06720690232169986,0.06720693000469348,0.06720695768733344,0.06720698536962029,0.06720701305155438,0.06720704073313472,0.06720706841436287,0.06720709609523706,0.06720712377575862,0.06720715145592715,0.06720717913574246,0.06720720681520537,0.06720723449430473,0.06720726217305106,0.06720728985145462,0.06720731752950537,0.06720734520720281,0.06720737288453783,0.06720740056152984,0.06720742823816853,0.06720745591446273,0.06720748359040393,0.06720751126598472,0.06720753894121957,0.06720756661609587,0.0672075942906251,0.06720762196480153,0.0672076496386251,0.06720767731208652,0.06720770498519921,0.06720773265796477,0.06720776033037196,0.06720778800242636,0.06720781567421728,0.06720784334556372,0.06720787101656062,0.0672078986872049,0.06720792635749794,0.0672079540273111,0.06720798169689375,0.06720800936615388,0.06720803703503152,0.0672080647035574,0.06720809237172934,0.06720812003954905,0.06720814770701063,0.06720817537412611,0.06720820304088825,0.06720823070729812,0.06720825837335612,0.06720828603905514,0.06720831370440879,0.06720834136940862,0.06720836903406284,0.06720839669835842,0.06720842436229796,0.0672084520257894,0.06720847968902814,0.06720850735191532,0.06720853501444926,0.0672085626765947,0.06720859033841743,0.06720861799985502,0.06720864566098252,0.06720867332176021,0.06720870098218419,0.06720872864225684,0.0672087563019773,0.06720878396133673,0.06720881162035501,0.06720883927900084,0.06720886693731382,0.06720889459522791,0.06720892225281382,0.06720894991006988,0.06720897756698022,0.06720900522353825,0.06720903287972899,0.0672090605355351,0.06720908819103029,0.0672091158461723,0.06720914350096369,0.06720917115540317,0.06720919880948613,0.06720922646322063,0.06720925411660332,0.06720928176963548,0.0672093094223064,0.06720933707463503,0.06720936472661185,0.06720939237823817,0.06720942002945508,0.06720944768037089,0.06720947533094082,0.06720950298116352,0.06720953063103183,0.06720955828054542,0.06720958592970915,0.06720961357852204,0.06720964122698539,0.06720966887509552,0.06720969652285334,0.06720972417026731,0.06720975181732211,0.0672097794640232,0.06720980711037354,0.067209834756417,0.06720986240207376,0.06720989004737322,0.0672099176923519,0.06720994533700539,0.06720997298130202,0.06721000062525335,0.06721002826878843,0.06721005591202688,0.06721008355492265,0.06721011119740714,0.06721013883956883,0.06721016648134906,0.06721019412277902,0.06721022176386374,0.06721024940458757,0.06721027704496062,0.0672103046850194,0.06721033232469455,0.0672103599640173,0.067210387602989,0.06721041524160905,0.06721044287987782,0.06721047051779694,0.06721049815537306,0.06721052579258888,0.067210553429455,0.06721058106596291,0.06721060870213451,0.06721063633794618,0.06721066397340592,0.06721069160854083,0.06721071924328724,0.06721074687768752,0.06721077451174835,0.06721080214542549,0.06721082977881353,0.06721085741180774,0.0672108850444231,0.06721091267675659,0.06721094030868591,0.0672109679402666,0.06721099557151256,0.06721102320240308,0.06721105083284883,0.06721107846303737,0.06721110609287377,0.06721113372231172,0.06721116135142026,0.06721118898021813,0.06721121660866533,0.0672112442367619,0.06721127186449552,0.06721129949190174,0.06721132711893846,0.0672113547456217,0.06721138237198995,0.06721140999794614,0.06721143762359909,0.06721146524887071,0.0672114928738069,0.06721152049839141,0.0672115481226347,0.06721157574651793,0.0672116033700502,0.06721163099320539,0.06721165861609134,0.067211686238572,0.06721171386074437,0.06721174148251173,0.0672117691039445,0.06721179672503157,0.06721182434576997,0.06721185196613881,0.06721187958616677,0.06721190720585626,0.0672119348251834,0.06721196244416495,0.06721199006279126,0.06721201768106834,0.06721204529900267,0.06721207291657363,0.06721210053379793,0.06721212815067207,0.06721215576719577,0.06721218338338858,0.06721221099920893,0.06721223861469372,0.06721226622981662,0.06721229384469753,0.0672123214591221,0.06721234907317616,0.06721237668689863,0.06721240430028035,0.06721243191330267,0.06721245952597481,0.06721248713829721,0.06721251475022721,0.06721254236184905,0.06721256997312118,0.06721259758404119,0.0672126251946183,0.06721265280484073,0.06721268041471348,0.06721270802425477,0.067212735633409,0.06721276324222701,0.06721279085069914,0.06721281845882186,0.06721284606658773,0.06721287367401006,0.06721290128112248,0.06721292888785135,0.06721295649422364,0.06721298410022918,0.06721301170588313,0.06721303931120183,0.06721306691617536,0.06721309452079782,0.06721312212520904,0.06721314972913188,0.06721317733272889,0.06721320493595336,0.06721323253883181,0.06721326014134782,0.06721328774360204,0.06721331534538451,0.06721334294685861,0.06721337054798858,0.06721339814876454,0.06721342574919136,0.06721345334925144,0.06721348094900521,0.06721350854838644,0.0672135361474053,0.06721356374606274,0.06721359134439181,0.06721361894234511,0.06721364653997522,0.06721367413725622,0.06721370173417375,0.06721372933075358,0.0672137569269848,0.06721378452286805,0.06721381211841276,0.0672138397135601,0.06721386730839495,0.06721389490288038,0.06721392249701645,0.06721395009078802,0.06721397768422512,0.06721400527731342,0.06721403287005281,0.0672140604624909,0.06721408805453698,0.06721411564621473,0.06721414323756222,0.06721417082855559,0.06721419841918784,0.06721422600947265,0.06721425359942072,0.06721428118901601,0.06721430877826066,0.06721433636715757,0.06721436395570526,0.0672143915439165,0.06721441913176629,0.06721444671926662,0.06721447430641779,0.06721450189320363,0.06721452947965563,0.06721455706576121,0.06721458465151278,0.06721461223694325,0.06721463982201059,0.06721466740672061,0.06721469499107838,0.06721472257507723,0.06721475015873635,0.06721477774205428,0.06721480532501709,0.06721483290762567,0.06721486048989035,0.06721488807180175,0.06721491565336894,0.06721494323459248,0.0672149708154757,0.06721499839600964,0.06721502597618129,0.06721505355600414,0.06721508113548917,0.06721510871461439,0.06721513629339078,0.06721516387182237,0.06721519144990741,0.06721521902763711,0.06721524660502193,0.06721527418205459,0.06721530175873772,0.06721532933506795,0.06721535691105698,0.06721538448669485,0.06721541206198377,0.06721543963692359,0.06721546721150298,0.0672154947857506,0.06721552235964531,0.06721554993319773,0.06721557750638642,0.06721560507924006,0.06721563265174045,0.067215660223902,0.06721568779569542,0.067215715367149,0.06721574293831187,0.0672157705090838,0.06721579807952342,0.06721582564958423,0.0672158532192656,0.06721588078864937,0.06721590835766406,0.06721593592632988,0.06721596349466333,0.06721599106261558,0.06721601863036923,0.06721604619764172,0.06721607376456668,0.06721610133114342,0.06721612889736747,0.06721615646325968,0.06721618402880676,0.06721621159395767,0.06721623915881007,0.06721626672334576,0.06721629428748291,0.06721632185127396,0.06721634941470488,0.06721637697779914,0.06721640454055218,0.06721643210295061,0.06721645966491097,0.06721648722660926,0.06721651478796474,0.0672165423489724,0.0672165699096359,0.06721659747003991,0.06721662503001487,0.06721665258961462,0.06721668014888016,0.06721670770780483,0.06721673526635726,0.06721676282457013,0.06721679038243679,0.06721681793993821,0.06721684549709481,0.06721687305392132,0.06721690061041007,0.06721692816646947,0.06721695572225332,0.06721698327769834,0.06721701083278905,0.06721703838752227,0.06721706594184648,0.06721709349589115,0.0672171210495882,0.06721714860293973,0.06721717615595005,0.06721720370860852,0.06721723126092119,0.06721725881304992,0.06721728636464944,0.0672173139158991,0.06721734146681652,0.06721736901738361,0.06721739656759355,0.06721742411742862,0.06721745166695248,0.06721747921612915,0.06721750676494888,0.06721753431343533,0.06721756186155857,0.06721758940933882,0.06721761695678442,0.06721764450387568,0.06721767205062383,0.06721769959700424,0.06721772714302744,0.06721775468873983,0.06721778223408054,0.06721780977908667,0.06721783732362861,0.06721786486801283,0.06721789241197565,0.06721791995553705,0.06721794749880593,0.06721797504172543,0.06721800258429218,0.0672180301265062,0.06721805766838536,0.06721808520991729,0.06721811275110204,0.06721814029193848,0.06721816783242703,0.06721819537256789,0.0672182229123617,0.06721825045180908,0.06721827799090757,0.06721830552967226,0.06721833306807709,0.06721836060612545,0.06721838814383506,0.0672184156811882,0.06721844321819427,0.06721847075485016,0.06721849829115752,0.06721852582712118,0.06721855336273846,0.06721858089800836,0.06721860843293076,0.06721863596748832,0.0672186635017269,0.06721869103559189,0.06721871856912469,0.06721874610230612,0.06721877363514309,0.06721880116763548,0.0672188286997755,0.06721885623158663,0.06721888376308233,0.06721891129417062,0.06721893882493699,0.06721896635534182,0.06721899388542642,0.0672190214150739,0.06721904894445493,0.06721907647348899,0.06721910400203211,0.06721913153028368,0.06721915905828983,0.0672191865859361,0.06721921411323546,0.06721924164018796,0.06721926916679358,0.06721929669305232,0.0672193242189266,0.06721935174449162,0.06721937926970979,0.06721940679458119,0.06721943431910575,0.06721946184328352,0.06721948936711444,0.06721951689059508,0.06721954441373003,0.06721957193652066,0.06721959945896122,0.06721962698105845,0.06721965450280895,0.06721968202421247,0.06721970954527064,0.06721973706597688,0.06721976458634066,0.06721979210635437,0.06721981962602626,0.06721984714534633,0.06721987466432737,0.06721990218295815,0.06721992970124191,0.06721995721918086,0.06721998473674153,0.06722001225398708,0.06722003977088317,0.06722006728743445,0.0672200948035608,0.06722012231942316,0.06722014983493452,0.06722017735009744,0.06722020486491438,0.06722023237938893,0.06722025989351225,0.06722028740728958,0.06722031492076018,0.06722034243384416,0.0672203699465818,0.06722039745897287,0.0672204249710186,0.06722045248275932,0.06722047999411397,0.06722050750511903,0.06722053501583485,0.06722056252614886,0.06722059003611575,0.0672206175457363,0.06722064505500781,0.06722067256386718,0.06722070007243153,0.06722072758066754,0.06722075508856391,0.06722078259609963,0.06722081010329832,0.06722083761014361,0.06722086511665344,0.06722089262280977,0.06722092012860177,0.06722094763411841,0.0672209751392561,0.06722100264413135,0.06722103014841424,0.06722105765248415,0.06722108515620033,0.06722111265958453,0.06722114016272066,0.06722116766541787,0.06722119516776912,0.06722122266977675,0.06722125017142097,0.06722127767273439,0.06722130517369364,0.06722133267423075,0.06722136017452424,0.06722138767457309,0.06722141517425445,0.06722144267344363,0.0672214701723322,0.06722149767086608,0.06722152516906903,0.06722155266690168,0.06722158016441189,0.0672216076615517,0.06722163515838159,0.06722166265486072,0.06722169015098584,0.06722171764677785,0.06722174514220575,0.0672217726372973,0.06722180013201386,0.06722182762642598,0.06722185512047703,0.06722188261414352,0.06722191010750254,0.06722193760050128,0.06722196509317273,0.06722199258550547,0.06722202007749084,0.06722204756916962,0.06722207506046102,0.06722210255138569,0.0672221300419784,0.06722215753221487,0.0672221850221157,0.0672222125116749,0.06722224000088516,0.06722226748974901,0.06722229497827889,0.06722232246646315,0.06722234995432852,0.06722237744182764,0.06722240492896348,0.06722243241575017,0.0672224599022141,0.06722248738831699,0.06722251487407034,0.06722254235948143,0.06722256984454726,0.06722259732927459,0.06722262481366874,0.06722265229769511,0.06722267978132888,0.06722270726464075,0.06722273474764637,0.06722276223030423,0.06722278971260505,0.06722281719459973,0.06722284467622539,0.06722287215748578,0.0672228996384092,0.06722292711898505,0.067222954599215,0.06722298207911642,0.06722300955865239,0.06722303703784466,0.06722306451668777,0.06722309199519333,0.06722311947336447,0.06722314695115293,0.06722317442863551,0.06722320190588697,0.0672232293826962,0.0672232568592398,0.06722328433532464,0.06722331181117076,0.06722333928656613,0.06722336676160895,0.06722339423630715,0.06722342171066834,0.06722344918478472,0.06722347665855587,0.06722350413197403,0.06722353160507245,0.06722355907763204,0.06722358654992173,0.06722361402186669,0.06722364149346602,0.06722366896472115,0.06722369643562644,0.06722372390619023,0.06722375137640567,0.06722377884627129,0.06722380631580091,0.06722383378498631,0.06722386125382625,0.06722388872232458,0.06722391619047847,0.06722394365828359,0.06722397112574839,0.06722399859291794,0.06722402605967458,0.06722405352609957,0.06722408099218113,0.06722410845786034,0.06722413592325012,0.06722416338829626,0.06722419085301914,0.06722421831738333,0.06722424578139598,0.06722427324506804,0.0672243007083901,0.06722432817142344,0.06722435563407209,0.06722438309636483,0.06722441055831133,0.06722443801990034,0.0672244654811555,0.06722449294207056,0.06722452040263636,0.06722454786286035,0.06722457532272719,0.06722460278225893,0.06722463024143956,0.06722465770028237,0.0672246851587779,0.06722471261693923,0.06722474007474001,0.06722476753220819,0.06722479498933222,0.06722482244610692,0.06722484990253284,0.0672248773586264,0.0672249048143601,0.0672249322697573,0.06722495972476254,0.0672249871793853,0.06722501463368126,0.06722504208770118,0.06722506954133635,0.06722509699466778,0.0672251244476473,0.06722515190028952,0.06722517935258908,0.06722520680465384,0.06722523425629152,0.06722526170755319,0.06722528915847172,0.06722531660905763,0.06722534405928629,0.06722537150919973,0.06722539895875364,0.06722542640795307,0.06722545385680585,0.06722548130529202,0.06722550875344119,0.06722553620125903,0.0672255636487592,0.067225591095891,0.06722561854268085,0.06722564598911453,0.06722567343522444,0.0672257008810106,0.06722572832648417,0.06722575577155294,0.06722578321620434,0.06722581066058092,0.0672258381046095,0.06722586554841178,0.06722589299175664,0.06722592043476071,0.06722594787742056,0.06722597531971561,0.06722600276181125,0.06722603020345923,0.06722605764473197,0.06722608508574525,0.06722611252634847,0.06722613996659722,0.06722616740661602,0.06722619484618124,0.06722622228540076,0.06722624972441345,0.0672262771629435,0.06722630460111227,0.06722633203911714,0.06722635947659805,0.06722638691375282,0.06722641435065892,0.06722644178712968,0.06722646922332279,0.0672264966591304,0.0672265240945524,0.0672265515296563,0.06722657896440541,0.06722660639881095,0.06722663383287279,0.06722666126658158,0.06722668869995758,0.0672267161329887,0.06722674356567543,0.06722677099801878,0.06722679843001976,0.06722682586167703,0.06722685329298983,0.06722688072395798,0.0672269081545824,0.06722693558491881,0.06722696301475596,0.06722699044435,0.06722701787365586,0.0672270453025571,0.0672270727310449,0.06722710015926514,0.06722712758714146,0.06722715501469433,0.06722718244189516,0.06722720986874492,0.06722723729524428,0.06722726472143668,0.06722729214725166,0.06722731957272297,0.06722734699778801,0.06722737442256647,0.06722740184700711,0.06722742927110482,0.06722745669485701,0.06722748411831993,0.0672275115413052,0.06722753896404068,0.06722756638642127,0.06722759380845884,0.06722762123015284,0.06722764865150045,0.06722767607253555,0.0672277034931283,0.0672277309134598,0.06722775833352333,0.06722778575316815,0.06722781317245459,0.06722784059136856,0.06722786800997593,0.0672278954282272,0.06722792284613949,0.0672279502637357,0.06722797768100024,0.06722800509787354,0.06722803251455395,0.06722805993075309,0.06722808734659964,0.06722811476211289,0.06722814217728369,0.06722816959210198,0.06722819700673821,0.06722822442089985,0.06722825183471808,0.06722827924817618,0.06722830666128754,0.06722833407405049,0.06722836148647551,0.06722838889855298,0.06722841631027468,0.06722844372165386,0.06722847113271205,0.06722849854337584,0.0672285259537454,0.06722855336378897,0.06722858077346919,0.0672286081828066,0.06722863559181741,0.06722866300044648,0.06722869040878378,0.06722871781675632,0.06722874522431523,0.0672287726316312,0.06722880003857006,0.06722882744515181,0.06722885485140478,0.06722888225726309,0.06722890966283035,0.06722893706805624,0.0672289644728898,0.06722899187742659,0.06722901928162237,0.06722904668547879,0.06722907408899247,0.06722910149198619,0.06722912889481297,0.06722915629730751,0.06722918369944993,0.06722921110124207,0.0672292385028247,0.06722926590393843,0.0672292933046896,0.06722932070511073,0.06722934810532541,0.0672293755050714,0.0672294029044722,0.0672294303035403,0.06722945770225713,0.06722948510065127,0.06722951249868048,0.0672295398963679,0.06722956729371113,0.06722959469081174,0.06722962208746469,0.06722964948378111,0.06722967687974891,0.06722970427534897,0.06722973167065227,0.06722975906559252,0.0672297864602111,0.06722981385444111,0.06722984124836416,0.0672298686419341,0.06722989603516154,0.0672299234280582,0.0672299508206071,0.06722997821276751,0.06723000560462356,0.06723003299608905,0.06723006038726191,0.06723008777807546,0.06723011516851178,0.06723014255872455,0.06723016994850793,0.06723019733792789,0.06723022472703295,0.06723025211579975,0.06723027950422114,0.06723030689231094,0.06723033427999629,0.0672303616673825,0.0672303890544861,0.06723041644117629,0.06723044382755686,0.06723047121359041,0.06723049859927915,0.06723052598463031,0.06723055336969312,0.06723058075433973,0.0672306081386644,0.06723063552260719,0.06723066290615093,0.06723069028942631,0.06723071767240776,0.06723074505501785,0.06723077243736826,0.06723079981929968,0.06723082720088086,0.06723085458212916,0.06723088196302435,0.0672309093435913,0.0672309367238108,0.0672309641036822,0.06723099148322995,0.0672310188624278,0.06723104624128148,0.0672310736199003,0.06723110099806862,0.06723112837589805,0.06723115575338998,0.06723118313053815,0.06723121050734153,0.06723123788379977,0.06723126525992001,0.06723129263569252,0.0672313200111237,0.067231347386237,0.06723137476099986,0.0672314021352792,0.06723142950931967,0.06723145688304953,0.06723148425642998,0.06723151162956223,0.06723153900224146,0.06723156637458876,0.06723159374655543,0.06723162111822335,0.0672316484895479,0.06723167586053476,0.06723170323118112,0.06723173060148878,0.06723175797145049,0.06723178534107278,0.06723181271034986,0.06723184007928311,0.06723186744787968,0.06723189481613621,0.06723192218404796,0.06723194955161978,0.06723197691882887,0.06723200428571388,0.0672320316522587,0.0672320590184609,0.06723208638432246,0.0672321137498404,0.06723214111501863,0.06723216847987178,0.06723219584436671,0.06723222320851736,0.06723225057232012,0.06723227793580491,0.06723230529893352,0.06723233266172234,0.06723236002416967,0.06723238738627604,0.06723241474803725,0.06723244210945802,0.06723246947054012,0.06723249683127856,0.06723252419170883,0.06723255155176355,0.06723257891148139,0.06723260627085713,0.06723263362989043,0.06723266098858009,0.06723268834692547,0.06723271570493242,0.06723274306259767,0.0672327704199217,0.06723279777691249,0.0672328251335556,0.06723285248985453,0.06723287984581154,0.06723290720142469,0.06723293455670051,0.06723296191163756,0.0672329892662298,0.06723301662047919,0.06723304397439689,0.067233071327965,0.06723309868119802,0.06723312603407158,0.06723315338661588,0.06723318073884282,0.0672332080906623,0.06723323544218408,0.06723326279336343,0.06723329014419996,0.0672333174946739,0.06723334484483197,0.067233372194622,0.06723339954409774,0.06723342689323043,0.06723345424202197,0.06723348159051466,0.06723350893862329,0.06723353628638677,0.06723356363381572,0.0672335909808973,0.0672336183276428,0.06723364567405743,0.06723367302011603,0.06723370036584539,0.06723372771122582,0.06723375505630769,0.06723378240090885,0.06723380974530888,0.06723383708931063,0.06723386443296583,0.06723389177629546,0.06723391911928873,0.06723394646195044,0.0672339738042597,0.06723400114622835,0.06723402848780609,0.06723405582909217,0.06723408317003851,0.06723411051064056,0.06723413785094055,0.06723416519086776,0.06723419253058166,0.06723421986982703,0.06723424720872956,0.06723427454729514,0.06723430188551523,0.06723432922343804,0.06723435656097632,0.06723438389814765,0.06723441123500397,0.06723443857152328,0.06723446590769892,0.06723449324354518,0.06723452057903857,0.06723454791419088,0.06723457524900715,0.06723460258347769,0.06723462991760827,0.06723465725136785,0.06723468458482142,0.06723471191793319,0.06723473925070092,0.06723476658313016,0.06723479391524782,0.06723482124699369,0.06723484857839139,0.0672348759093763,0.06723490324009651,0.0672349305704799,0.06723495790052242,0.06723498523022459,0.06723501255958257,0.06723503988864572,0.06723506721733172,0.06723509454567637,0.06723512187367567,0.06723514920134521,0.06723517652866351,0.06723520385564134
8,0.0,0.0,0.0,0.0,0.0,0.0,0.0,0.0,0.0,0.0,0.0,0.0,0.0,0.0,0.0,0.0,0.0,0.0,0.0,0.0,0.0,0.0,0.0,0.0,0.0,0.0,0.0,0.0,0.0,0.0,0.0,0.0,0.0,0.0,0.0,0.0,0.0,0.0,0.0,0.0,0.0,0.0,0.0,0.0,0.0,0.0,0.0,0.0,0.0,0.0,0.0,0.0,0.0,0.0,0.0,0.0,0.0,0.0,0.0,0.0,0.0,0.0,0.0,0.0,0.0,0.0,0.0,0.0,0.0,0.0,0.0,0.0,0.0,0.0,0.0,0.0,0.0,0.0,0.0,0.0,0.0,0.0,0.0,0.0,0.0,0.0,0.0,0.0,0.0,0.0,0.0,0.0,0.0,0.0,0.0,0.0,0.0,0.0,0.0,0.0,0.0,0.0,0.0,0.0,0.0,0.0,0.0,0.0,0.0,0.0,0.0,0.0,0.0,0.0,0.0,0.0,0.0,0.0,0.0,0.0,0.0,0.0,0.0,0.0,0.0,0.0,0.0,0.0,0.0,0.0,0.0,0.0,0.0,0.0,0.0,0.0,0.0,0.0,0.0,0.0,0.0,0.0,0.0,0.0,0.0,0.0,0.0,0.0,0.0,0.0,0.0,0.0,0.0,0.0,0.0,0.0,0.0,0.0,0.0,0.0,0.0,0.0,0.0,0.0,0.0,0.0,0.0,0.0,0.0,0.0,0.0,0.0,0.0,0.0,0.0,0.0,0.0,0.0,0.0,0.0,0.0,0.0,0.0,0.0,0.0,0.0,0.0,0.0,0.0,0.0,0.0,0.0,0.0,0.0,0.0,0.0,0.0,0.0,0.0,0.0,0.0,0.0,0.0,0.0,0.0,0.0,0.0,0.0,0.0,0.0,0.0,0.0,0.0,0.0,0.0,0.0,0.0,0.0,0.0,0.0,0.0,0.0,0.0,0.0,0.0,0.0,0.0,0.0,0.0,0.0,0.0,0.0,0.0,0.0,0.0,0.0,0.0,0.0,0.0,0.0,0.0,0.0,0.0,0.0,0.0,0.0,0.0,0.0,0.0,0.0,0.0,0.0,0.0,0.0,0.0,0.0,0.0,0.0,0.0,0.0,0.0,0.0,0.0,0.0,0.0,0.0,0.0,0.0,0.0,0.0,0.0,0.0,0.0,0.0,0.0,0.0,0.0,0.0,0.0,0.0,0.0,0.0,0.0,0.0,0.0,0.0,0.0,0.0,0.0,0.0,0.0,0.0,0.0,0.0,0.0,0.0,0.0,0.0,0.0,0.0,0.0,0.0,0.0,0.0,0.0,0.0,0.0,0.0,0.0,0.0,0.0,0.0,0.0,0.0,0.0,0.0,0.0,0.0,0.0,0.0,0.0,0.0,0.0,0.0,0.0,0.0,0.0,0.0,0.0,0.0,0.0,0.0,0.0,0.0,0.0,0.0,0.0,0.0,0.0,0.0,0.0,0.0,0.0,0.0,0.0,0.0,0.0,0.0,0.0,0.0,0.0,0.0,0.0,0.0,0.0,0.0,0.0,0.0,0.0,0.0,0.0,0.0,0.0,0.0,0.0,0.0,0.0,0.0,0.0,0.0,0.0,0.0,0.0,0.0,0.0,0.0,0.0,0.0,0.0,0.0,0.0,0.0,0.0,0.0,0.0,0.0,0.0,0.0,0.0,0.0,0.0,0.0,0.0,0.0,0.0,0.0,0.0,0.0,0.0,0.0,0.0,0.0,0.0,0.0,0.0,0.0,0.0,0.0,0.0,0.0,0.0,0.0,0.0,0.0,0.0,0.0,0.0,0.0,0.0,0.0,0.0,0.0,0.0,0.0,0.0,0.0,0.0,0.0,0.0,0.0,0.0,0.0,0.0,0.0,0.0,0.0,0.0,0.0,0.0,0.0,0.0,0.0,0.0,0.0,0.0,0.0,0.0,0.0,0.0,0.0,0.0,0.0,0.0,0.0,0.0,0.0,0.0,0.0,0.0,0.0,0.0,0.0,0.0,0.0,0.0,0.0,0.0,0.0,0.0,0.0,0.0,0.0,0.0,0.0,0.0,0.0,0.0,0.0,0.0,0.0,0.0,0.0,0.0,0.0,0.0,0.0,0.0,0.0,0.0,0.0,0.0,0.0,0.0,0.0,0.0,0.0,0.0,0.0,0.0,0.0,0.0,0.0,0.0,0.0,0.0,0.0,0.0,0.0,0.0,0.0,0.0,0.0,0.0,0.0,0.0,0.0,0.0,0.0,0.0,0.0,0.0,0.0,0.0,0.0,0.0,0.0,0.0,0.0,0.0,0.0,0.0,0.0,0.0,0.0,0.0,0.0,0.0,0.0,0.0,0.0,0.0,0.0,0.0,0.0,0.0,0.0,0.0,0.0,0.0,0.0,0.0,0.0,0.0,0.0,0.0,0.0,0.0,0.0,0.0,0.0,0.0,0.0,0.0,0.0,0.0,0.0,0.0,0.0,0.0,0.0,0.0,0.0,0.0,0.0,0.0,0.0,0.0,0.0,0.0,0.0,0.0,0.0,0.0,0.0,0.0,0.0,0.0,0.0,0.0,0.0,0.0,0.0,0.0,0.0,0.0,0.0,0.0,0.0,0.0,0.0,0.0,0.0,0.0,0.0,0.0,0.0,0.0,0.0,0.0,0.0,0.0,0.0,0.0,0.0,0.0,0.0,0.0,0.0,0.0,0.0,0.0,0.0,0.0,0.0,0.0,0.0,0.0,0.0,0.0,0.0,0.0,0.0,0.0,0.0,0.0,0.0,0.0,0.0,0.0,0.0,0.0,0.0,0.0,0.0,0.0,0.0,0.0,0.0,0.0,0.0,0.0,0.0,0.0,0.0,0.0,0.0,0.0,0.0,0.0,0.0,0.0,0.0,0.0,0.0,0.0,0.0,0.0,0.0,0.0,0.0,0.0,0.0,0.0,0.0,0.0,0.0,0.0,0.0,0.0,0.0,0.0,0.0,0.0,0.0,0.0,0.0,0.0,0.0,0.0,0.0,0.0,0.0,0.0,0.0,0.0,0.0,0.0,0.0,0.0,0.0,0.0,0.0,0.0,0.0,0.0,0.0,0.0,0.0,0.0,0.0,0.0,0.0,0.0,0.0,0.0,0.0,0.0,0.0,0.0,0.0,0.0,0.0,0.0,0.0,0.0,0.0,0.0,0.0,0.0,0.0,0.0,0.0,0.0,0.0,0.0,0.0,0.0,0.0,0.0,0.0,0.0,0.0,0.0,0.0,0.0,0.0,0.0,0.0,0.0,0.0,0.0,0.0,0.0,0.0,0.0,0.0,0.0,0.0,0.0,0.0,0.0,0.0,0.0,0.0,0.0,0.0,0.0,0.0,0.0,0.0,0.0,0.0,0.0,0.0,0.0,0.0,0.0,0.0,0.0,0.0,0.0,0.0,0.0,0.0,0.0,0.0,0.0,0.0,0.0,0.0,0.0,0.0,0.0,0.0,0.0,0.0,0.0,0.0,0.0,0.0,0.0,0.0,0.0,0.0,0.0,0.0,0.0,0.0,0.0,0.0,0.0,0.0,0.0,0.0,0.0,0.0,0.0,0.0,0.0,0.0,0.0,0.0,0.0,0.0,0.0,0.0,0.0,0.0,0.0,0.0,0.0,0.0,0.0,0.0,0.0,0.0,0.0,0.0,0.0,0.0,0.0,0.0,0.0,0.0,0.0,0.0,0.0,0.0,0.0,0.0,0.0,0.0,0.0,0.0,0.0,0.0,0.0,0.0,0.0,0.0,0.0,0.0,0.0,0.0,0.0,0.0,0.0,0.0,0.0,0.0,0.0,0.0,0.0,0.0,0.0,0.0,0.0,0.0,0.0,0.0,0.0,0.0,0.0,0.0,0.0,0.0,0.0,0.0,0.0,0.0,0.0,0.0,0.0,0.0,0.0,0.0,0.0,0.0,0.0,0.0,0.0,0.0,0.0,0.0,0.0,0.0,0.0,0.0,0.0,0.0,0.0,0.0,0.0,0.0,0.0,0.0,0.0,0.0,0.0,0.0,0.0,0.0,0.0,0.0,0.0,0.0,0.0,0.0,0.0,0.0,0.0,0.0,0.0,0.0,0.0,0.0,0.0,0.0,0.0,0.0,0.0,0.0,0.0,0.0,0.0,0.0,0.0,0.0,0.0,0.0,0.0,0.0,0.0,0.0,0.0,0.0,0.0,0.0,0.0,0.0,0.0,0.0,0.0,0.0,0.0,0.0,0.0,0.0,0.0,0.0,0.0,0.0,0.0,0.0,0.0,0.0,0.0,0.0,0.0,0.0,0.0,0.0,0.0,0.0,0.0,0.0,0.0,0.0,0.0,0.0,0.0,0.0,0.0,0.0,0.0,0.0,0.0,0.0,0.0,0.0,3.393039477615249e-06,6.720202343848605e-06,9.981635438085998e-06,1.317764776212369e-05,1.630870181158115e-05,1.9375404747371608e-05,2.237849949211091e-05,2.531885581809118e-05,2.819746150073851e-05,3.1015413593193385e-05,3.3773909882922584e-05,3.647424056761124e-05,3.911778020304443e-05,4.17059799494849e-05,4.424036014476774e-05,4.672250324309418e-05,4.915404711500832e-05,5.153667874191944e-05,5.387212830522011e-05,5.616216368208055e-05,5.840858534417612e-05,6.061322166777201e-05,6.277792464537634e-05,6.490456599888125e-05,6.699503368686095e-05,6.905122879403663e-05,7.107506280708253e-05,7.306845524732677e-05,7.503333167173784e-05,7.697162201090702e-05,7.888525924906998e-05,8.077617843549776e-05,8.264631600199002e-05,8.449760939919119e-05,8.633199701724907e-05,8.81514184096363e-05,8.99578147944502e-05,9.175312983312585e-05,9.353931068180296e-05,9.531830931464737e-05,9.709208410662711e-05,9.886260169232936e-05,0.00010063183908464366,0.00010240178606634091,0.00010417444785686595,0.00010595184805891395,0.00010773603189753768,0.00010952906975979473,0.00011133306105019536,0.0001131501383771315,0.00011498247209244644,0.00011683227520889147,0.00011870180870944171,0.00012059338729959867,0.0001225093856196088,0.00012445224496732032,0.00012642448057179542,0.0001284286894725924,0.0001304675590636048,0.0001325438763651874,0.0001346605381032756,0.0001368205616812235,0.00013902709713940149,0.00014128344021504947,0.00014359304663097772,0.00014595954774572524,0.0001483867677432319,0.0001508787425370695,0.00015343974060420034,0.0001560742859987172,0.00015878718381627654,0.00016158354844834124,0.00016446883496280996,0.0001674488740934751,0.0001705299112948887,0.00017371865046193066,0.00017702230299006488,0.00018044864296397315,0.0001840060694097288,0.00018770367669658896,0.00019155133438922105,0.00019555977807701364,0.00019974071300796767,0.00020410693268965287,0.00020867245510790863,0.000213452679629238,0.00021846456850329674,0.00022372685748314625,0.00022926030129026244,0.00023508796081455594,0.00024123554063811665,0.0002477317875099241,0.0002546089630548069,0.0002619034074156258,0.00026965621497408666,0.00027791404906722314,0.00028673013034724386,0.0002961654435482483,0.0003062902212059967,0.0003171857814303167,0.0003289468223482813,0.00034168431123029504,0.0003555291559052055,0.00037063691669361504,0.000387193918743461,0.0004054252734360425,0.0004256055384944882,0.0004480730803869325,0.0004732497165237112,0.00050166802074397,0.0005340099663910018,0.0005711626927675622,0.0006143007089599521,0.0006650099011460428,0.0007254791731108345,0.0007988041405894862,0.0008894797719273157,0.00100421325546619,0.001153263537774589,0.0013525383531976531,0.0016262555541154385,0.0020077474493676137,0.0025305680909316584,0.003203143164984083,0.003988460720664032,0.004821631738417831,0.005645094993322173,0.006425552470364377,0.0071530011700104675,0.007834918937871615,0.00849110806663389,0.009149023086757116,0.00983699547265926,0.010574369112072374,0.011363946217946895,0.012192736801175054,0.013039200379057852,0.013881000945653215,0.014699760349007402,0.015482651344254441,0.016222053028836152,0.01691442966653564,0.01755911710943632,0.018157305039998788,0.018711281632665094,0.019223912869630332,0.019698302048883527,0.0201375770546687,0.02054476392285144,0.020922716781592358,0.021274083668617192,0.0216012946053594,0.021906563065921668,0.0221918951628983,0.022459102952292503,0.02270981961547474,0.022945515143943277,0.023167511709091024,0.023376998250186496,0.023575044042314735,0.023762611139441864,0.02394056567850208,0.02410968807510142,0.02427068217829403,0.02442418345877148,0.024570766313965705,0.02471095057709841,0.024845207302842304,0.024973963914184563,0.025097608773368554,0.02521649524361128,0.02533094529770543,0.02544125272523158,0.025547685984517718,0.025650490739856317,0.025749892120486926,0.02584609673329144,0.025939294457894408,0.026029660048444855,0.026117354564870375,0.02620252665343286,0.026285313691889113,0.026365842817485143,0.02644423184803299,0.026520590109679706,0.026595019181109687,0.02666761356369134,0.026738461285413267,0.026807644445839794,0.02687523970824819,0.026941318745146582,0.02700594864122895,0.02706919225896681,0.027131108570199375,0.02719175295765079,0.027251177489138884,0.027309431167231887,0.027366560156892088,0.027422607993348322,0.027477615772140054,0.027531622322469987,0.02758466436680503,0.027636776666229792,0.027687992154924804,0.02773834206284656,0.02778785602874104,0.027836562204787706,0.02788448735209841,0.027931656930063605,0.0279780951768822,0.028023825186691782,0.028068868978795014,0.028113247562652738,0.02815698099783128,0.028200088449755994,0.02824258824209603,0.028284497904113456,0.02832583421669056,0.028347054729608544,0.028387550627421647,0.028427512631094953,0.02846695503310992,0.028505891659715732,0.02854433582111642,0.028582300315980337,0.028619797450563082,0.028656839062929335,0.028693436543650815,0.028729600859752333,0.028765342573304722,0.028800671863419437,0.028835598542964243,0.028870132076440964,0.028904281595854682,0.028938055916414903,0.028971463551092848,0.02900451272394534,0.029037211383192384,0.029069567213571647,0.02910158764756754,0.029133279876471182,0.029164650861025408,0.029195707340176857,0.02922645584171124,0.029256902690129313,0.029287054015338158,0.029316915760349116,0.029346493689251598,0.029375793393371808,0.029404820299273257,0.029433579674629593,0.029462076634326918,0.02949031614636854,0.02951830303762461,0.029546041999012757,0.029573537590181945,0.029600794245226384,0.029627816276646155,0.029654607880181684,0.029681173137809172,0.029707516023821715,0.029733640407018567,0.02975955005484647,0.02978524863719383,0.029810739729469665,0.029836026815931563,0.029861113292681398,0.02988600247042279,0.02991069757812617,0.029935201764758588,0.029959518102668097,0.029983649588847083,0.030007599148925968,0.030031369638608387,0.03005496384572982,0.03007838449312615,0.0301016342397518,0.030124715683316185,0.03014763136205263,0.030170383756140975,0.030192975290459882,0.030215408334338688,0.03023768520491929,0.030259808168537978,0.03028177944180959,0.030303601192931955,0.030325275543206704,0.030346804568695523,0.030368190301222592,0.03038943472947432,0.030410539800699875,0.030431507421358906,0.030452339458654394,0.030473037741355735,0.030493604061776244,0.0305140401733909,0.030534347796672398,0.030554528617732963,0.0305745842880916,0.03059451642767401,0.030614326624438644,0.030634016435080885,0.030653587385368566,0.030673040973701316,0.030692378669131007,0.030711601912578396,0.03073071211795164,0.030749710672857287,0.03076859893893046,0.0307873782526935,0.030806049926642647,0.030824615247942933,0.030843075481715672,0.03086143187032199,0.030879685632154357,0.03089783796672431,0.030915890050216985,0.03093384303863607,0.03095169806791437,0.03096945625382973,0.030987118694014937,0.03100468646577951,0.0310221606289929,0.031039542225238723,0.031056832278496517,0.03107403179567333,0.03109114176633043,0.03110816316472271,0.031125096948257054,0.031141944058866507,0.031158705422659163,0.031175381951370297,0.03119197454140661,0.031208484075444052,0.03122491142160882,0.031241257434416345,0.031257522954820136,0.03127370881060872,0.0312898158164601,0.03130584477409043,0.0313217964748382,0.03133767169548161,0.031353471201875274,0.031369195747953736,0.0313848460764329,0.0314004229185443,0.03141592699594355,0.0314313590177312,0.031446719683383265,0.031462009681640625,0.0314772296916805,0.0314923803823371,0.03150746241287166,0.03152247643298967,0.031537423083073654,0.03155230299435761,0.031567116789039666,0.03158186508049755,0.03159654847347953,0.0316111675641,0.03162572294035783,0.0316402151820209,0.03165464486080395,0.03166901254046553,0.03168331877719549,0.031697564119608036,0.03171174910867476,0.03172587427834265,0.031739940154781474,0.03175394725771707,0.03176789609971417,0.031781787186674265,0.03179562101760924,0.03180939808498527,0.031823118874974694,0.03183678386753526,0.03185039353583379,0.03186394834746486,0.031877448763735806,0.03189089524020893,0.031904288226525704,0.03191762816659138,0.03193091549994838,0.0319441506573526,0.031957334067285036,0.03197046615178945,0.0319835473276563,0.03199657800662029,0.03200955859535947,0.03202248949537275,0.03203537110342144,0.03204820381156326,0.032060988006619245,0.03207372407143663,0.032086412383756174,0.03209905331683788,0.032111647239188044,0.032124194516719634,0.03213669550846512,0.032149150570634014,0.03216156005536813,0.03217392431036119,0.032186243679170716,0.032198518501658314,0.032210749112916076,0.032222935845294495,0.03223507902690943,0.03224717898216979,0.03225923603176287,0.03227125049271344,0.03228322267851458,0.0322951528992978,0.032307041460929095,0.03231888866743226,0.03233069481817587,0.032342460209125186,0.0323541851341859,0.032365869883025804,0.03237751474233324,0.032389119995764326,0.03240068592392084,0.03241221280432824,0.032423700911545,0.03243515051668638,0.03244656188972308,0.03245793529548283,0.03246927099721854,0.03248056925520902,0.03249183032696215,0.03250305446728375,0.03251424192830885,0.03252539295963955,0.03253650780815922,0.032547586718331904,0.0325586299321234,0.032569637688217426,0.032580610224123605,0.03259154777417299,0.032602450570358155,0.03261331884268668,0.03262415281843935,0.03263495272247815,0.03264571877853587,0.032656451206837966,0.03266715022607088,0.03267781605248408,0.03268844890065649,0.03269904898140498,0.03270961650606958,0.032720151681592376,0.0327306547142969,0.03274112580800116,0.03275156516483135,0.032761972984712,0.03277234946572409,0.0327826948040432,0.032793009193812304,0.032803292827522076,0.03281354589581828,0.032823768587508496,0.0328339610896181,0.03284412358741401,0.032854256264428415,0.03286435930251608,0.03287443288172004,0.0328844771806165,0.03289449237577899,0.03290447864260855,0.032914436154874695,0.03292436508391523,0.03293426560057977,0.032944137873593106,0.032953982070239876,0.03296379835651686,0.03297358689643638,0.0329833478529787,0.0329930813876133,0.03300278766004894,0.03301246682867315,0.03302211905085748,0.03303174448224895,0.03304134327728205,0.033050915589128524,0.033060461569207215,0.03306998136765467,0.0330794751332832,0.03308894301385385,0.03309838515596191,0.03310780170535572,0.033117192805379975,0.033126558598296954,0.033135899225838754,0.03314521482817954,0.03315450554472285,0.03316377151311132,0.033173012870036794,0.033182229751038225,0.03319142229054771,0.03320059062196867,0.03320973487710812,0.03321885518709675,0.03322795168209386,0.03323702449089469,0.033246073741318626,0.033255099560130855,0.03326410207305416,0.033273081404780344,0.03328203767898165,0.03329097101853211,0.03329988154492697,0.03330876937896726,0.033317634639555976,0.03332647744633769,0.03333529791710212,0.033344096168296644,0.03335287231572751,0.03336162647505881,0.03337035875950913,0.03337906928272598,0.033387758156535045,0.03339642549289144,0.03340507140229471,0.033413695994313576,0.03342229937721957,0.033430881659316854,0.033439442947667174,0.033447983348358336,0.03345650296726373,0.03346500190874918,0.033473480276727155,0.03348193817414719,0.03349037570325427,0.03349879296536707,0.033507190061321426,0.033515567091188914,0.033523924153932565,0.0335322613480315,0.03354057877110882,0.03354887652017162,0.033557154691536556,0.033565413380310445,0.033573652681813795,0.033581872689513015,0.033590073497049164,0.03359825519713148,0.033606417881661355,0.03361456164206004,0.033622686569118126,0.03363079275269364,0.033638880282114265,0.033646949246111627,0.033654999732662845,0.03366303182914606,0.03367104562233319,0.03367904119840413,0.03368701864266287,0.033694978040432574,0.03370291947571162,0.033710843032300555,0.03371874879325747,0.03372663684110866,0.03373450725775201,0.033742360124547156,0.03375019552228489,0.03375801353062841,0.03376581423033904,0.033773597699893916,0.03378136401773466,0.033789113261929196,0.03379684550991588,0.03380456083858634,0.03381225932432178,0.03381994104296171,0.03382760606982631,0.03383525447971889,0.033842886346927024,0.0338505017452797,0.03385810074797673,0.0338656834278235,0.03387324985735514,0.03388080010783674,0.03388833425090964,0.03389585235745522,0.03390335449784911,0.03391084074167792,0.033918311158525935,0.03392576581743971,0.03393320478673822,0.033940628134584976,0.03394803592856163,0.03395542823565988,0.033962805122699606,0.033970166655968956,0.033977512901189326,0.033984843923825316,0.033992159788706115,0.03399946056065921,0.03400674630355986,0.03401401708111449,0.03402127295669917,0.03402851399308481,0.034035740252884215,0.034042951798107596,0.034050148690297835,0.034057330990918594,0.03406449876073117,0.03407165206027538,0.034078790949274906,0.03408591548816717,0.034093025735962665,0.034100121751645354,0.03410720359385382,0.03411427132085494,0.03412132499032519,0.034128364659839316,0.034135390386719325,0.03414240222722225,0.03414940023851242,0.03415638447666754,0.034163354996749704,0.034170311854470066,0.03417725510470288,0.034184184802310155,0.03419110100229907,0.03419800375765572,0.034204893122311876,0.03421176914986544,0.03421863189375509,0.03422548140631279,0.034232317739970264,0.03423914094675541,0.03424595107859829,0.034252748186944355,0.03425953232278758,0.034266303537193156,0.03427306188083097,0.034279807403392544,0.03428654015507527,0.034293260185592866,0.03429996754423452,0.034306662280110575,0.034313344442146586,0.03432001407854264,0.034326671237541045,0.03433331596707153,0.03433994831477518,0.034346568328178895,0.03435317605401898,0.03435977153926773,0.034366354830317546,0.03437292597389096,0.03437948501534876,0.03438603200035268,0.03439256697507233,0.03439908998430049,0.034405601072979373,0.03441210028578245,0.034418587667462815,0.03442506326184714,0.03443152711284848,0.03443797926412779,0.03444441975909532,0.03445084864092294,0.03445726595253292,0.03446367173659742,0.03447006603556566,0.03447644889162907,0.03448282034635534,0.034489180441868994,0.03449552921965985,0.03450186672099606,0.034508192986903594,0.03451450805818436,0.03452081197541435,0.034527104779753404,0.034533386509724484,0.034539657205951736,0.034545916908285505,0.03455216565612138,0.03455840348911277,0.034564630445617174,0.03457084656459078,0.0345770518847803,0.034583246444594366,0.034589430282190345,0.03459560343558592,0.03460176594256697,0.034607917840747966,0.03461405916737015,0.03462018995987337,0.03462631025487999,0.0346324200892869,0.03463851949972229,0.03464460852254819,0.034650687193943215,0.03465675554990109,0.03466281362613796,0.03466886145849859,0.034674899082546534,0.03468092653288603,0.03468694384490772,0.034692951053578565,0.03469894819348139,0.03470493529901899,0.03471091240460139,0.034716879544687544,0.03472283675266193,0.034728784062564876,0.03473472150799802,0.034740649122362945,0.034746566938697786,0.03475247499062912,0.03475837331083571,0.03476426193199404,0.034770140886836734,0.034776010207555705,0.034781869927345214,0.03478772007655003,0.03479356068805648,0.034799391793658076,0.034805213424712024,0.034811025612743414,0.03481682838904737,0.03482262178473802,0.0348284058309024,0.034834180558172806,0.03483994599732005,0.03484570217867857,0.03485144913275684,0.03485718688963475,0.034862915479356264,0.034868634931770844,0.03487434527645457,0.034880046543378576,0.03488573876161636,0.03489142196049392,0.03489709616939425,0.03490276141727443,0.03490841773296491,0.03491406514518572,0.03491970368251841,0.034925333373401354,0.03493095424613574,0.03493656632892962,0.03494216964976107,0.03494776423650718,0.03495335011689986,0.03495892731859349,0.03496449586907112,0.034970055795731744,0.03497560712566307,0.03498114988611439,0.03498668410395346,0.034992209806167095,0.03499772701916314,0.035003235769643225,0.0350087360840789,0.035014227988762005,0.0350197115098812,0.03502518667350258,0.035030653505522286,0.03503611203181714,0.035041562277893706,0.03504700426971917,0.03505243803240597,0.0350578635915673,0.03506328097273569,0.03506869020019762,0.035074091298570996,0.03507948429405976,0.035084869210894216,0.03509024607333009,0.03509561490623999,0.03510097573399146,0.03510632858080086,0.03511167347086635,0.03511701042826254,0.035122339476928124,0.03512766064070477,0.035132973943327934,0.03513827940841876,0.03514357705949035,0.03514886691995509,0.03515414901311148,0.03515942336220757,0.03516468999022085,0.035169948920189965,0.03517520017499203,0.03518044377740169,0.03518567975008765,0.03519090811562305,0.035196128896471744,0.035201342115112444,0.03520654779401309,0.035211745954495416,0.035216936619150596,0.03522211981052602,0.035227295549424636,0.035232463858084866,0.03523762475819031,0.035242778271315514,0.035247924418933284,0.03525306322245281,0.035258194703138505,0.03526331888219466,0.03526843578071297,0.03527354541971873,0.035278647820119365,0.03528374300273857,0.03528883098830837,0.03529391179746778,0.035298985450771585,0.03530405196867557,0.035309111371553466,0.03531416367968783,0.03531920891327268,0.03532424709242363,0.03532927823715127,0.03533430236738082,0.03533931950297475,0.03534432966367418,0.03534933286916759,0.035354329139041775,0.03535931849280268,0.035364300949940614,0.035369276529662784,0.03537424525126957,0.035379207133972856,0.03538416219684236,0.03538911045889173,0.03539405193905047,0.03539898665616764,0.03540391462901225,0.03540883587627374,0.03541375041656252,0.035418658268413346,0.03542355945027746,0.03542845398052982,0.03543334187746949,0.03543822315933048,0.03544309784433779,0.03544796595048095,0.03545282749576684,0.03545768249796648,0.035462530975056326,0.03546737294421825,0.03547220842421551,0.035477037432238887,0.03548185998580697,0.035486676102442265,0.03549148579933002,0.03549628909394713,0.03550108600355375,0.035505876545387206,0.03551066073648612,0.03551543859393081,0.035520210134755474,0.03552497537580667,0.03552973433335392,0.03553448702515256,0.03553923346742724,0.03554397367712376,0.03554870767057855,0.03555343546418148,0.03555815707482258,0.03556287251805374,0.03556758181080038,0.035572284969135975,0.03557698200923358,0.03558167294719105,0.03558635779875404,0.03559103658049447,0.03559570930795806,0.035600375997361135,0.035605036663964494,0.0356096913239703,0.03561433999250473,0.03561898268543613,0.03562361941831414,0.03562825020660253,0.03563287506571258,0.03563749401100874,0.03564210705775079,0.03564671422118045,0.03565131551649273,0.03565591095876499,0.03566050056268445,0.035665084344175334,0.035669662317310266,0.035674234497257595,0.035678800898955115,0.03568336153714408,0.03568791642635887,0.03569246558133779,0.03569700901644533,0.035701546746587036,0.03570607878603645,0.03571060514923865,0.03571512585059783,0.03571964090434392,0.03572415032473422,0.03572865412601822,0.035733152322311904,0.03573764492770307,0.0357421319562254,0.035746613421858836,0.0357510893385303,0.035755559720113,0.0357600245804102,0.035764483933344214,0.035768937792342526,0.03577338617121019,0.03577782908356463,0.03578226654281706,0.03578669856262483,0.03579112515663303,0.035795546338076925,0.035799962120244146,0.03580437251621448,0.035808777539897765,0.035813177204091225,0.03581757152209427,0.03582196050679343,0.035826344171365175,0.03583072252873427,0.03583509559207389,0.03583946337416402,0.03584382588783109,0.03584818314592018,0.03585253516122833,0.03585688194644639,0.03586122351414818,0.0358655598770739,0.035869891047807904,0.035874217038884375,0.035878537862870104,0.03588285353183154,0.035887164058929444,0.0358914694560753,0.03589576973543212,0.03590006490939627,0.035904354990186335,0.03590863998997425,0.03591291992081615,0.03591719479492886,0.03592146462427867,0.035925729420844515,0.03592998919659629,0.03593424396345624,0.03593849373328134,0.03594273851789552,0.035946978329076194,0.035951213178561994,0.035955443078056704,0.03595966803921352,0.03596388807365028,0.03596810319292032,0.03597231340856151,0.035976518732062555,0.035980719174868475,0.03598491474838741,0.03598910546398534,0.035993291333084994,0.03599747236686797,0.03600164857659367,0.03600581997345685,0.03600998656864169,0.036014148373249864,0.03601830539826648,0.03602245765484816,0.036026605154019106,0.03603074790673098,0.036034885923846946,0.03603901921658785,0.03604314779538889,0.03604727167116588,0.03605139085477156,0.03605550535697483,0.036059615188447226,0.036063720359888106,0.036067820881736656,0.03607191676470066,0.03607600801902209,0.03608009465603042,0.03608417668608682,0.03608825411897796,0.036092326965381144,0.03609639523561804,0.03610045894029963,0.036104518089673715,0.03610857269374035,0.03611262276301268,0.03611666830727059,0.036120709337213154,0.03612474586271549,0.03612877789380968,0.036132805440697364,0.03613682851333311,0.03614084712172705,0.03614486127581023,0.0361448613228035,0.03614486132772716,0.03614486132578168,0.0361448613227743,0.036144861319658654,0.036144861316592614,0.03614486131360325,0.03614486131069568,0.03614486130787107,0.03614486130512943,0.03614486130247022,0.03614486129989254,0.036144861297395046,0.036144861294976155,0.03614486129263399,0.03614486129036639,0.036144861288171154,0.03614486128604582,0.03614486128398787,0.03614486128199473,0.036144861280063736,0.03614486127819213,0.036144861276377484,0.036144861274617024,0.03614486127290818,0.036144861271248455,0.03614486126963533,0.036144861268066396,0.03614486126653938,0.03614486126505198,0.03614486126360212,0.0361448612621877,0.03614486126080678,0.0361448612594575,0.036144861258138046,0.03614486125684675,0.03614486125558203,0.036144861254342395,0.036144861253126354,0.03614486125193263,0.03614486125075995,0.036144861249607106,0.036144861248472944,0.03614486124735651,0.036144861246256765,0.03614486124517278,0.03614486124410373,0.036144861243048776,0.03614486124200717,0.036144861240978245,0.0361448612399613,0.03614486123895575,0.036144861237961005,0.03614486123697653,0.036144861236001836,0.03614486123503647,0.03614486123407996,0.03614486123313194,0.036144861232192,0.036144861231259796,0.03614486123033505,0.03614486122941741,0.036144861228506596,0.03614486122760237,0.03614486122670444,0.03614486122581259,0.03614486122492665,0.036144861224046386,0.03614486122317159,0.036144861222302135,0.03614486122143784,0.03614486122057854,0.03614486121972411,0.03614486121887442,0.036144861218029366,0.03614486121718876,0.036144861216352575,0.036144861215520636,0.03614486121469291,0.0361448612138693,0.03614486121304971,0.036144861212234064,0.0361448612114223,0.036144861210614304,0.03614486120981005,0.036144861209009504,0.03614486120821256,0.036144861207419186,0.03614486120662931,0.03614486120584292,0.036144861205059935,0.03614486120428034,0.03614486120350408,0.036144861202731124,0.036144861201961406,0.03614486120119494,0.036144861200431644,0.03614486119967151,0.036144861198914524,0.03614486119816061,0.036144861197409776,0.036144861196662006,0.036144861195917234,0.036144861195175466,0.03614486119443666,0.03614486119370085,0.0361448611929679,0.03614486119223786,0.03614486119151071,0.036144861190786415,0.036144861190064985,0.036144861189346345,0.03614486118863053,0.036144861187917474,0.03614486118720721,0.03614486118649969,0.03614486118579491,0.03614486118509285,0.036144861184393494,0.0361448611836968,0.036144861183002815,0.03614486118231146,0.03614486118162272,0.03614486118093663,0.036144861180253146,0.036144861179572364,0.03614486117889407,0.03614486117821832,0.036144861177545146,0.0361448611768745,0.03614486117620641,0.03614486117554078,0.036144861174877696,0.03614486117421709,0.03614486117355896,0.036144861172903275,0.036144861172250076,0.0361448611715993,0.03614486117095093,0.036144861170305,0.03614486116966147,0.036144861169020326,0.0361448611683816,0.03614486116774519,0.036144861167111145,0.03614486116647946,0.03614486116585012,0.03614486116522307,0.036144861164598335,0.03614486116397592,0.03614486116335578,0.03614486116273792,0.03614486116212234,0.03614486116150898,0.0361448611608979,0.036144861160289046,0.03614486115968241,0.03614486115907799,0.03614486115847577,0.03614486115787575,0.036144861157277906,0.03614486115668223,0.03614486115608872,0.036144861155497365,0.036144861154908156,0.03614486115432109,0.03614486115373612,0.03614486115315328,0.03614486115257253,0.03614486115199389,0.0361448611514173,0.03614486115084281,0.03614486115027039,0.0361448611497,0.03614486114913167,0.03614486114856536,0.03614486114800111,0.036144861147438846,0.0361448611468786,0.036144861146320345,0.03614486114576408,0.03614486114520981,0.03614486114465749,0.03614486114410712,0.036144861143558735,0.036144861143012276,0.03614486114246777,0.036144861141925166,0.03614486114138448,0.03614486114084573,0.03614486114030886,0.036144861139773894,0.03614486113924079,0.03614486113870957,0.03614486113818022,0.036144861137652716,0.03614486113712707,0.036144861136603264,0.03614486113608127,0.036144861135561125,0.036144861135042804,0.03614486113452627,0.03614486113401154,0.03614486113349862,0.03614486113298745,0.036144861132478064,0.036144861131970456,0.03614486113146459,0.03614486113096051,0.03614486113045813,0.03614486112995752,0.036144861129458625,0.036144861128961446,0.03614486112846599,0.03614486112797222,0.03614486112748017,0.03614486112698981,0.036144861126501115,0.036144861126014116,0.03614486112552877,0.03614486112504508,0.036144861124563055,0.036144861124082675,0.03614486112360391,0.036144861123126815,0.036144861122651306,0.03614486112217744,0.03614486112170519,0.03614486112123453,0.03614486112076546,0.03614486112029799,0.036144861119832096,0.03614486111936777,0.036144861118905025,0.03614486111844383,0.036144861117984206,0.03614486111752613,0.03614486111706959,0.03614486111661457,0.036144861116161095,0.03614486111570912,0.036144861115258685,0.036144861114809745,0.036144861114362284,0.03614486111391634,0.036144861113471885,0.03614486111302891,0.036144861112587405,0.036144861112147375,0.03614486111170879,0.036144861111271694,0.036144861110836014,0.0361448611104018,0.03614486110996901,0.03614486110953765,0.036144861109107716,0.036144861108679226,0.03614486110825211,0.03614486110782643,0.03614486110740214,0.036144861106979245,0.03614486110655773,0.036144861106137606,0.03614486110571887,0.0361448611053015,0.03614486110488548,0.03614486110447084,0.036144861104057555,0.03614486110364563,0.03614486110323499,0.03614486110282574,0.03614486110241779,0.036144861102011185,0.03614486110160589,0.03614486110120192,0.03614486110079927,0.036144861100397885,0.03614486109999781,0.03614486109959904,0.03614486109920157,0.036144861098805325,0.0361448610984104,0.03614486109801675,0.036144861097624346,0.03614486109723322,0.03614486109684334,0.036144861096454706,0.036144861096067314,0.036144861095681186,0.03614486109529628,0.03614486109491259,0.03614486109453014,0.0361448610941489,0.036144861093768875,0.03614486109339005,0.03614486109301243,0.03614486109263604,0.036144861092260776,0.03614486109188676,0.03614486109151391,0.03614486109114222,0.03614486109077174,0.0361448610904024,0.036144861090034265,0.03614486108966725,0.03614486108930141,0.036144861088936706,0.03614486108857314,0.036144861088210745,0.036144861087849464,0.03614486108748932,0.036144861087130296,0.03614486108677241,0.03614486108641563,0.036144861086059965,0.036144861085705415,0.03614486108535195,0.03614486108499958,0.03614486108464833,0.03614486108429815,0.03614486108394909,0.03614486108360108,0.036144861083254154,0.03614486108290831,0.03614486108256353,0.03614486108221982,0.036144861081877186,0.036144861081535584,0.036144861081195044,0.036144861080855545,0.036144861080517086,0.036144861080179676,0.03614486107984329,0.036144861079507935,0.03614486107917362,0.036144861078840324,0.036144861078508034,0.036144861078176764,0.036144861077846514,0.03614486107751728,0.036144861077189026,0.03614486107686177,0.03614486107653551,0.03614486107621023,0.036144861075885944,0.03614486107556264,0.036144861075240314,0.036144861074918974,0.03614486107459858,0.03614486107427918,0.036144861073960734,0.036144861073643245,0.03614486107332671,0.03614486107301113,0.03614486107269651,0.03614486107238283,0.03614486107207008,0.03614486107175826,0.036144861071447404,0.03614486107113744,0.036144861070828434,0.03614486107052035,0.03614486107021319,0.0361448610699069,0.036144861069601554,0.03614486106929713,0.03614486106899359,0.03614486106869095,0.03614486106838923,0.036144861068088376,0.03614486106778843,0.03614486106748936,0.03614486106719119,0.0361448610668939,0.036144861066597464,0.03614486106630192,0.03614486106600723,0.03614486106571341,0.036144861065420454,0.03614486106512836,0.03614486106483712,0.03614486106454675,0.03614486106425723,0.03614486106396855,0.03614486106368072,0.0361448610633937,0.03614486106310756,0.03614486106282222,0.036144861062537725,0.036144861062254084,0.03614486106197123,0.03614486106168921,0.03614486106140799,0.03614486106112763,0.03614486106084804,0.03614486106056927,0.03614486106029131,0.03614486106001414,0.03614486105973778,0.03614486105946222,0.036144861059187454,0.03614486105891348,0.0361448610586403,0.03614486105836791,0.036144861058096264,0.03614486105782544,0.036144861057555384,0.036144861057286086,0.03614486105701758,0.03614486105674982,0.036144861056482847,0.036144861056216636,0.03614486105595116,0.036144861055686456,0.03614486105542249,0.03614486105515928,0.03614486105489681,0.036144861054635095,0.036144861054374124,0.03614486105411387,0.03614486105385439,0.036144861053595614,0.036144861053337585,0.036144861053080284,0.03614486105282371,0.03614486105256785,0.03614486105231271,0.0361448610520583,0.03614486105180459,0.0361448610515516,0.03614486105129931,0.036144861051047736,0.03614486105079688,0.03614486105054671,0.03614486105029725,0.03614486105004847,0.03614486104980041,0.036144861049553015,0.03614486104930633,0.03614486104906032,0.036144861048814994,0.03614486104857035,0.036144861048326385,0.036144861048083114,0.03614486104784051,0.03614486104759857,0.03614486104735729,0.036144861047116686,0.03614486104687673,0.03614486104663747,0.036144861046398864,0.0361448610461609,0.0361448610459236,0.03614486104568695,0.03614486104545094,0.036144861045215575,0.03614486104498087,0.03614486104474681,0.036144861044513366,0.036144861044280586,0.03614486104404844,0.03614486104381693,0.03614486104358604,0.036144861043355785,0.036144861043126156,0.036144861042897145,0.036144861042668765,0.036144861042441,0.03614486104221388,0.03614486104198736,0.03614486104176144,0.03614486104153614,0.03614486104131145,0.03614486104108736,0.03614486104086388,0.036144861040641,0.03614486104041872,0.036144861040197034,0.03614486103997596,0.036144861039755484,0.03614486103953562,0.036144861039316314,0.03614486103909761,0.036144861038879476,0.03614486103866194,0.03614486103844498,0.0361448610382286,0.036144861038012795,0.03614486103779758,0.036144861037582916,0.03614486103736885,0.036144861037155335,0.03614486103694239,0.036144861036730015,0.03614486103651821,0.03614486103630696,0.03614486103609627,0.036144861035886135,0.03614486103567655,0.03614486103546753,0.036144861035259074,0.03614486103505117,0.036144861034843795,0.03614486103463698,0.0361448610344307,0.03614486103422498,0.03614486103401979,0.036144861033815125,0.036144861033611,0.036144861033407416,0.03614486103320437,0.03614486103300191,0.0361448610327999,0.03614486103259844,0.03614486103239751,0.036144861032197106,0.03614486103199721,0.036144861031797836,0.03614486103159899,0.03614486103140067,0.03614486103120286,0.03614486103100555,0.036144861030808766,0.036144861030612485,0.036144861030416704,0.03614486103022143,0.03614486103002669,0.03614486102983236,0.036144861029638604,0.03614486102944532,0.03614486102925255,0.03614486102906021,0.036144861028868464,0.03614486102867713,0.036144861028486325,0.036144861028295984,0.03614486102810619,0.03614486102791679,0.03614486102772799,0.03614486102753951,0.03614486102735162,0.03614486102716425,0.036144861026977344,0.03614486102679091,0.0361448610266049,0.03614486102641937,0.03614486102623436,0.03614486102604977,0.036144861025865706,0.03614486102568209,0.036144861025498964,0.0361448610253163,0.03614486102513408,0.03614486102495234,0.03614486102477103,0.03614486102459019,0.036144861024409815,0.036144861024229875,0.036144861024050415,0.03614486102387138,0.03614486102369281,0.036144861023514704,0.03614486102333701,0.036144861023159794,0.036144861022983005,0.03614486102280667,0.03614486102263077,0.0361448610224553,0.036144861022280275,0.03614486102210569,0.03614486102193154,0.03614486102175783,0.03614486102158453,0.036144861021411685,0.03614486102123926,0.03614486102106728,0.03614486102089573,0.036144861020724575,0.03614486102055387,0.036144861020383584,0.03614486102021369,0.036144861020044244,0.03614486101987521,0.03614486101970659,0.03614486101953837,0.03614486101937061,0.03614486101920323,0.03614486101903626,0.0361448610188697,0.03614486101870356,0.03614486101853782,0.036144861018372505,0.03614486101820759,0.03614486101804306,0.03614486101787895,0.03614486101771524,0.03614486101755192,0.036144861017389,0.03614486101722648,0.03614486101706435,0.03614486101690261,0.03614486101674128,0.03614486101658032,0.03614486101641978,0.03614486101625962,0.036144861016099844,0.036144861015940444,0.03614486101578146,0.03614486101562284,0.03614486101546459,0.036144861015306735,0.03614486101514927,0.03614486101499218,0.036144861014835473,0.03614486101467913,0.036144861014523216,0.036144861014367625,0.03614486101421242,0.03614486101405758,0.03614486101390312,0.036144861013749044,0.03614486101359533,0.03614486101344197,0.03614486101328898,0.03614486101313634,0.0361448610129841,0.036144861012832194,0.036144861012680655,0.03614486101252948,0.036144861012378675,0.03614486101222821,0.03614486101207812,0.03614486101192836,0.036144861011778974,0.036144861011629933,0.036144861011481254,0.03614486101133292,0.03614486101118494,0.03614486101103732,0.036144861010890046,0.036144861010743094,0.03614486101059652,0.03614486101045027,0.036144861010304376,0.0361448610101588,0.036144861010013594,0.03614486100986872,0.03614486100972418,0.03614486100958,0.03614486100943614,0.03614486100929262,0.03614486100914945,0.03614486100900659,0.03614486100886408,0.03614486100872191,0.03614486100858004,0.03614486100843852,0.036144861008297335,0.03614486100815646,0.03614486100801594,0.03614486100787573,0.036144861007735854,0.036144861007596285,0.03614486100745703,0.0361448610073181,0.03614486100717952,0.036144861007041236,0.036144861006903284,0.03614486100676566,0.03614486100662834,0.03614486100649133,0.03614486100635465,0.03614486100621828,0.03614486100608222,0.03614486100594647,0.03614486100581103,0.03614486100567591,0.036144861005541096,0.03614486100540657,0.03614486100527235,0.036144861005138466,0.036144861005004886,0.0361448610048716,0.03614486100473862,0.03614486100460593,0.036144861004473554,0.03614486100434147,0.03614486100420971,0.036144861004078245,0.03614486100394706,0.036144861003816184,0.03614486100368561,0.03614486100355532,0.03614486100342533,0.03614486100329563,0.036144861003166204,0.036144861003037085,0.03614486100290827,0.03614486100277973,0.0361448610026515,0.036144861002523544,0.03614486100239588,0.03614486100226849,0.036144861002141426,0.03614486100201459,0.03614486100188807,0.03614486100176183,0.03614486100163586,0.03614486100151018,0.036144861001384795,0.03614486100125967,0.036144861001134836,0.03614486100101027,0.036144861000885986,0.036144861000761974,0.03614486100063823,0.03614486100051478,0.0361448610003916,0.03614486100026869,0.03614486100014605,0.03614486100002368,0.03614486099990158,0.03614486099977977,0.03614486099965817,0.03614486099953689,0.03614486099941585,0.03614486099929507,0.036144860999174584,0.036144860999054354,0.03614486099893439,0.036144860998814685,0.03614486099869526,0.03614486099857609,0.036144860998457186,0.03614486099833854,0.03614486099822014,0.03614486099810201,0.03614486099798414,0.036144860997866506,0.036144860997749134,0.03614486099763203,0.03614486099751518,0.03614486099739859,0.036144860997282244,0.03614486099716615,0.03614486099705031,0.03614486099693473,0.03614486099681938,0.0361448609967043,0.03614486099658946,0.03614486099647486,0.03614486099636053,0.03614486099624642,0.03614486099613258,0.036144860996018956,0.036144860995905595,0.03614486099579248,0.0361448609956796,0.03614486099556698,0.03614486099545455,0.036144860995342414,0.036144860995230496,0.036144860995118815,0.03614486099500738,0.036144860994896194,0.03614486099478523,0.036144860994674496,0.03614486099456396,0.036144860994453736,0.0361448609943437,0.03614486099423391,0.03614486099412435,0.036144860994015024,0.03614486099390595,0.0361448609937971,0.03614486099368846,0.03614486099358008,0.03614486099347191,0.03614486099336397,0.036144860993256256,0.03614486099314877,0.036144860993041525,0.03614486099293449,0.03614486099282769,0.03614486099272111,0.03614486099261475,0.03614486099250861,0.03614486099240271,0.03614486099229701,0.036144860992191545,0.0361448609920863,0.036144860991981276,0.036144860991876464,0.03614486099177187,0.036144860991667506,0.03614486099156336,0.03614486099145943,0.03614486099135571,0.03614486099125219,0.03614486099114891,0.03614486099104582,0.036144860990942954,0.03614486099084033,0.03614486099073787,0.036144860990635644,0.03614486099053362,0.036144860990431835,0.036144860990330235,0.036144860990228844,0.03614486099012767,0.036144860990026645,0.0361448609899259,0.036144860989825355,0.036144860989725,0.03614486098962486,0.03614486098952493,0.03614486098942519,0.036144860989325664,0.036144860989226334,0.0361448609891272,0.03614486098902828,0.036144860988929564,0.036144860988831046,0.03614486098873272,0.03614486098863461,0.036144860988536726,0.03614486098843899,0.03614486098834147,0.03614486098824415,0.03614486098814702,0.0361448609880501,0.03614486098795336,0.03614486098785681,0.03614486098776047,0.03614486098766431,0.03614486098756836,0.03614486098747262,0.036144860987377035,0.03614486098728165,0.036144860987186465,0.03614486098709146,0.03614486098699665,0.03614486098690205,0.0361448609868076,0.036144860986713365,0.03614486098661932,0.03614486098652546,0.03614486098643178,0.03614486098633829,0.03614486098624497,0.03614486098615187,0.03614486098605893,0.03614486098596617,0.03614486098587363,0.036144860985781235,0.03614486098568904,0.03614486098559703,0.0361448609855052,0.036144860985413536,0.03614486098532206,0.03614486098523077,0.03614486098513968,0.03614486098504873,0.036144860984958,0.03614486098486742,0.036144860984777025,0.036144860984686805,0.036144860984596745,0.036144860984506894,0.036144860984417215,0.0361448609843277,0.036144860984238344,0.03614486098414917,0.03614486098406019,0.03614486098397138,0.03614486098388273,0.03614486098379426,0.03614486098370597,0.03614486098361784,0.036144860983529876,0.03614486098344209,0.03614486098335447,0.03614486098326703,0.03614486098317974,0.03614486098309263,0.0361448609830057,0.03614486098291891,0.03614486098283231,0.036144860982745865,0.03614486098265958,0.036144860982573475,0.03614486098248752,0.036144860982401765,0.03614486098231614,0.0361448609822307,0.03614486098214541,0.03614486098206028,0.03614486098197532,0.036144860981890514,0.036144860981805894,0.036144860981721406,0.03614486098163709,0.036144860981552944,0.03614486098146894,0.03614486098138509,0.03614486098130142,0.036144860981217906,0.03614486098113454,0.03614486098105134,0.03614486098096831,0.03614486098088541,0.03614486098080268,0.0361448609807201,0.03614486098063769,0.036144860980555416,0.03614486098047332,0.03614486098039135,0.03614486098030956,0.03614486098022789,0.03614486098014639,0.036144860980065044,0.03614486097998386,0.03614486097990282,0.03614486097982193,0.03614486097974118,0.03614486097966059,0.03614486097958017,0.03614486097949986,0.03614486097941974,0.03614486097933974,0.03614486097925988,0.03614486097918018,0.03614486097910065,0.03614486097902125,0.03614486097894199,0.03614486097886289,0.03614486097878391,0.0361448609787051,0.03614486097862642,0.0361448609785479,0.03614486097846951,0.03614486097839127,0.03614486097831317,0.03614486097823522,0.036144860978157424,0.03614486097807975,0.036144860978002215,0.03614486097792483,0.03614486097784761,0.03614486097777049,0.03614486097769353,0.0361448609776167,0.03614486097754002,0.03614486097746348,0.036144860977387075,0.03614486097731082,0.036144860977234676,0.0361448609771587,0.036144860977082825,0.03614486097700712,0.03614486097693152,0.03614486097685609,0.036144860976780775,0.03614486097670561,0.03614486097663056,0.03614486097655567,0.036144860976480904,0.036144860976406255,0.03614486097633184,0.03614486097625742,0.0361448609761832,0.03614486097610909,0.03614486097603512,0.036144860975961285,0.03614486097588757,0.036144860975814,0.036144860975740566,0.03614486097566722,0.036144860975593995,0.03614486097552095,0.03614486097544802,0.03614486097537521,0.036144860975302534,0.03614486097522998,0.03614486097515757,0.036144860975085284,0.03614486097501312,0.03614486097494109,0.0361448609748692,0.03614486097479743,0.03614486097472576,0.03614486097465422,0.03614486097458282,0.03614486097451154,0.03614486097444038,0.03614486097436934,0.036144860974298455,0.03614486097422766,0.036144860974157006,0.03614486097408648,0.03614486097401608,0.036144860973945786,0.03614486097387563,0.036144860973805586,0.03614486097373566,0.03614486097366586,0.03614486097359616,0.036144860973526614,0.03614486097345717,0.03614486097338785,0.03614486097331864,0.036144860973249544,0.036144860973180586,0.03614486097311173,0.03614486097304302,0.03614486097297442,0.036144860972905916,0.03614486097283754,0.03614486097276927,0.03614486097270114,0.03614486097263312,0.036144860972565196,0.036144860972497396,0.0361448609724297,0.03614486097236215,0.03614486097229469,0.03614486097222734,0.03614486097216013,0.036144860972093004,0.03614486097202601,0.036144860971959125,0.03614486097189235,0.03614486097182567,0.036144860971759125,0.03614486097169269,0.036144860971626364,0.03614486097156014,0.03614486097149404,0.036144860971428036,0.03614486097136216,0.03614486097129639,0.03614486097123073,0.03614486097116518,0.03614486097109973,0.03614486097103439,0.03614486097096916,0.036144860970904025,0.036144860970839014,0.036144860970774115,0.036144860970709326,0.03614486097064462,0.03614486097058004,0.03614486097051555,0.03614486097045119,0.03614486097038694,0.03614486097032276,0.03614486097025871,0.03614486097019476,0.03614486097013089,0.03614486097006717,0.03614486097000355,0.036144860969940004,0.036144860969876576,0.03614486096981325,0.03614486096975003,0.03614486096968693,0.0361448609696239,0.036144860969560995,0.03614486096949818,0.03614486096943545,0.036144860969372854,0.03614486096931036,0.03614486096924795,0.03614486096918564,0.03614486096912343,0.03614486096906131,0.03614486096899932,0.03614486096893741,0.036144860968875606,0.03614486096881391,0.0361448609687523,0.03614486096869079,0.03614486096862938,0.03614486096856807,0.03614486096850686,0.03614486096844575,0.03614486096838473,0.036144860968323804,0.036144860968262985,0.03614486096820225,0.0361448609681416,0.03614486096808107,0.03614486096802063,0.03614486096796027,0.03614486096790002,0.036144860967839865,0.03614486096777982,0.036144860967719857,0.036144860967659946,0.03614486096760019,0.03614486096754051,0.036144860967480916,0.036144860967421415,0.03614486096736202,0.036144860967302704,0.03614486096724348,0.03614486096718436,0.036144860967125325,0.036144860967066365,0.03614486096700753,0.03614486096694878,0.036144860966890104,0.03614486096683153,0.036144860966773044,0.036144860966714654,0.03614486096665635,0.03614486096659812,0.036144860966540016,0.036144860966481965,0.03614486096642402,0.03614486096636617,0.0361448609663084,0.036144860966250705,0.036144860966193126,0.03614486096613563,0.036144860966078204,0.03614486096602088,0.036144860965963636,0.036144860965906495,0.03614486096584942,0.03614486096579243,0.03614486096573555,0.03614486096567875,0.03614486096562202,0.0361448609655654,0.03614486096550885,0.036144860965452365,0.036144860965395986,0.0361448609653397,0.036144860965283486,0.03614486096522736,0.03614486096517132,0.036144860965115364,0.03614486096505948,0.03614486096500369,0.036144860964948,0.03614486096489238,0.03614486096483683,0.03614486096478137,0.036144860964726,0.0361448609646707,0.036144860964615506,0.036144860964560384,0.03614486096450533,0.03614486096445037,0.03614486096439548,0.03614486096434067,0.03614486096428595,0.03614486096423133,0.03614486096417676,0.03614486096412229,0.0361448609640679,0.036144860964013564,0.03614486096395933,0.03614486096390516,0.03614486096385106,0.03614486096379708,0.03614486096374315,0.03614486096368932,0.03614486096363553,0.03614486096358185,0.03614486096352822,0.0361448609634747,0.03614486096342123,0.03614486096336753,0.03614486096331429,0.03614486096326107,0.03614486096320791,0.03614486096315486,0.03614486096310188,0.03614486096304894,0.03614486096299611,0.03614486096294334,0.03614486096289088,0.036144860962837956,0.036144860962785394,0.03614486096273294,0.03614486096268053,0.036144860962628235,0.036144860962575985,0.03614486096252382,0.036144860962471714,0.03614486096241969,0.03614486096236775,0.03614486096231587,0.03614486096226407,0.036144860962212325,0.036144860962160685,0.03614486096210909,0.03614486096205758,0.036144860962006156,0.036144860961954794,0.036144860961903495,0.03614486096185229,0.03614486096180113,0.036144860961750055,0.03614486096169905,0.03614486096164813,0.03614486096159724,0.03614486096154647,0.03614486096149573,0.036144860961445084,0.03614486096139449,0.036144860961343964,0.03614486096129352,0.03614486096124315,0.03614486096119283,0.036144860961142604,0.036144860961092415,0.03614486096104233,0.036144860960992294,0.036144860960942334,0.03614486096089244,0.03614486096084262,0.03614486096079286,0.036144860960743166,0.03614486096069354,0.03614486096064399,0.03614486096059451,0.036144860960545096,0.03614486096049573,0.036144860960446445,0.036144860960397235,0.03614486096034807,0.03614486096029899,0.036144860960249964,0.03614486096020101,0.036144860960152125,0.03614486096010331,0.03614486096005454,0.036144860960005847,0.03614486095995723,0.03614486095990868,0.036144860959860185,0.03614486095981175,0.03614486095976337,0.03614486095971506,0.03614486095966682,0.03614486095961865,0.03614486095957054,0.03614486095952249,0.03614486095947451,0.036144860959426595,0.03614486095937873,0.03614486095933093,0.03614486095928319,0.036144860959235525,0.03614486095918794,0.036144860959140386,0.036144860959092896,0.03614486095904548,0.03614486095899811,0.03614486095895081,0.036144860958903575,0.036144860958856405,0.03614486095880929,0.03614486095876223,0.036144860958715254,0.03614486095866832,0.03614486095862144,0.03614486095857464,0.03614486095852788,0.036144860958481205,0.03614486095843456,0.03614486095838799,0.036144860958341476,0.03614486095829505,0.03614486095824865,0.036144860958202324,0.036144860958156055,0.036144860958109835,0.0361448609580637,0.03614486095801762,0.03614486095797158,0.03614486095792561,0.0361448609578797,0.03614486095783383,0.03614486095778802,0.03614486095774229,0.0361448609576966,0.036144860957650966,0.036144860957605406,0.03614486095755989,0.03614486095751443,0.03614486095746902,0.036144860957423676,0.036144860957378386,0.03614486095733314,0.036144860957287965,0.036144860957242876,0.03614486095719781,0.0361448609571528,0.03614486095710785,0.036144860957062944,0.03614486095701811,0.036144860956973314,0.03614486095692858,0.0361448609568839,0.036144860956839275,0.036144860956794714,0.03614486095675021,0.03614486095670576,0.036144860956661355,0.036144860956617016,0.036144860956572725,0.036144860956528496,0.036144860956484316,0.036144860956440185,0.0361448609563961,0.03614486095635208,0.0361448609563081,0.03614486095626421,0.03614486095622034,0.03614486095617652,0.03614486095613275,0.03614486095608908,0.03614486095604541,0.03614486095600182,0.03614486095595827,0.036144860955914765,0.036144860955871334,0.036144860955827925,0.03614486095578458,0.036144860955741286,0.03614486095569806,0.036144860955654876,0.036144860955611736,0.03614486095556865,0.03614486095552561,0.036144860955482645,0.03614486095543971,0.036144860955396825,0.036144860955354,0.03614486095531123,0.03614486095526849,0.03614486095522582,0.036144860955183204,0.036144860955140606,0.036144860955098085,0.036144860955055626,0.03614486095501318,0.036144860954970805,0.03614486095492847,0.036144860954886206,0.03614486095484396,0.03614486095480178,0.03614486095475965,0.03614486095471755,0.0361448609546755,0.03614486095463351,0.036144860954591566,0.036144860954549676,0.036144860954507835,0.03614486095446604,0.036144860954424304,0.03614486095438259,0.03614486095434093,0.03614486095429932,0.03614486095425776,0.036144860954216235,0.03614486095417477,0.03614486095413336,0.03614486095409199,0.03614486095405066,0.036144860954009386,0.036144860953968176,0.03614486095392698,0.03614486095388584,0.036144860953844754,0.03614486095380371,0.036144860953762716,0.036144860953721776,0.03614486095368087,0.03614486095364,0.036144860953599194,0.036144860953558414,0.03614486095351768,0.036144860953477013,0.036144860953436386,0.03614486095339577,0.036144860953355236,0.036144860953314734,0.036144860953274294,0.03614486095323387,0.03614486095319351,0.03614486095315319,0.036144860953112916,0.036144860953072656,0.03614486095303247,0.03614486095299233,0.036144860952952246,0.03614486095291218,0.03614486095287216,0.03614486095283217,0.03614486095279225,0.03614486095275238,0.03614486095271252,0.036144860952672726,0.036144860952632966,0.036144860952593255,0.03614486095255358,0.03614486095251393,0.03614486095247436,0.0361448609524348,0.03614486095239529,0.03614486095235584,0.03614486095231641,0.03614486095227705,0.03614486095223772,0.036144860952198425,0.036144860952159186,0.036144860952119974,0.03614486095208082,0.03614486095204169,0.0361448609520026,0.03614486095196355,0.03614486095192453,0.0361448609518856,0.03614486095184667,0.03614486095180779,0.03614486095176895,0.036144860951730154,0.03614486095169139,0.036144860951652674,0.03614486095161399,0.03614486095157536,0.036144860951536774,0.036144860951498194,0.03614486095145967,0.036144860951421116,0.03614486095138262,0.03614486095134425,0.03614486095130589,0.03614486095126758,0.03614486095122929,0.03614486095119105,0.036144860951152845,0.036144860951114674,0.03614486095107655,0.03614486095103849,0.03614486095100045,0.03614486095096245,0.03614486095092448,0.03614486095088654,0.03614486095084866,0.036144860950810764,0.03614486095077297,0.036144860950735186,0.03614486095069751,0.03614486095065977,0.036144860950622096,0.03614486095058447,0.036144860950546885,0.036144860950509346,0.03614486095047184,0.03614486095043436,0.03614486095039694,0.03614486095035953,0.036144860950322155,0.036144860950284866,0.03614486095024759,0.03614486095021033,0.036144860950173135,0.03614486095013595,0.03614486095009881,0.03614486095006174,0.036144860950024664,0.03614486094998765,0.03614486094995064,0.03614486094991368,0.03614486094987676,0.03614486094983988,0.036144860949803036,0.036144860949766225,0.03614486094972945,0.0361448609496927,0.036144860949655994,0.036144860949619315,0.03614486094958268,0.036144860949546075,0.03614486094950951,0.03614486094947299,0.03614486094943648,0.03614486094940001,0.0361448609493636,0.036144860949327215,0.03614486094929085,0.03614486094925452,0.03614486094921824,0.03614486094918198,0.036144860949145784,0.0361448609491096,0.036144860949073446,0.03614486094903733,0.03614486094900124,0.036144860948965206,0.03614486094892917,0.0361448609488932,0.03614486094885725,0.036144860948821335,0.03614486094878547,0.036144860948749614,0.03614486094871381,0.036144860948678026,0.036144860948642304,0.03614486094860658,0.03614486094857088,0.036144860948535175,0.036144860948499585,0.036144860948464,0.03614486094842846,0.03614486094839294,0.03614486094835746,0.03614486094832201,0.03614486094828659,0.0361448609482512,0.03614486094821585,0.036144860948180514,0.03614486094814524,0.03614486094810998,0.036144860948074745,0.03614486094803956,0.036144860948004384,0.03614486094796927,0.03614486094793416,0.0361448609478991,0.03614486094786407,0.036144860947829066,0.0361448609477941,0.036144860947759164,0.03614486094772425,0.036144860947689365,0.036144860947654525,0.03614486094761972,0.03614486094758493,0.03614486094755018,0.036144860947515456,0.036144860947480754,0.0361448609474461,0.03614486094741147,0.03614486094737687,0.036144860947342296,0.03614486094730776,0.03614486094727326,0.036144860947238774,0.03614486094720433,0.03614486094716992,0.036144860947135524,0.036144860947101155,0.036144860947066836,0.036144860947032544,0.03614486094699827,0.03614486094696404,0.03614486094692983,0.03614486094689565,0.03614486094686149,0.03614486094682738,0.03614486094679329,0.036144860946759214,0.03614486094672519,0.036144860946691205,0.036144860946657226,0.036144860946623274,0.03614486094658936,0.03614486094655547,0.03614486094652161,0.036144860946487785,0.036144860946454,0.036144860946420214,0.03614486094638648,0.03614486094635276,0.03614486094631907,0.036144860946285405,0.03614486094625177,0.0361448609462182,0.03614486094618463,0.036144860946151075,0.036144860946117574,0.03614486094608409,0.03614486094605061,0.03614486094601718,0.03614486094598378,0.036144860945950395,0.03614486094591705,0.03614486094588373,0.03614486094585043,0.03614486094581715,0.03614486094578391,0.0361448609457507,0.03614486094571751,0.03614486094568435,0.036144860945651225,0.03614486094561812,0.036144860945585035,0.03614486094555197,0.03614486094551897,0.03614486094548596,0.03614486094545301,0.036144860945420056,0.03614486094538714,0.03614486094535424,0.036144860945321385,0.036144860945288564,0.036144860945255715,0.03614486094522296,0.03614486094519019,0.03614486094515747,0.036144860945124764,0.03614486094509208,0.03614486094505943,0.03614486094502683,0.036144860944994216,0.03614486094496164,0.03614486094492907,0.03614486094489658,0.03614486094486408,0.036144860944831596,0.03614486094479917,0.03614486094476674,0.03614486094473434,0.03614486094470198,0.036144860944669635,0.036144860944637314,0.03614486094460502,0.03614486094457275,0.036144860944540495,0.03614486094450827,0.036144860944476075,0.03614486094444391,0.03614486094441177,0.03614486094437966,0.03614486094434755,0.03614486094431548,0.03614486094428344,0.036144860944251414,0.036144860944219426,0.03614486094418746,0.036144860944155505,0.03614486094412358,0.03614486094409168,0.03614486094405982,0.03614486094402796,0.03614486094399614,0.036144860943964324,0.03614486094393254,0.03614486094390078,0.03614486094386906,0.03614486094383735,0.03614486094380565,0.036144860943774004,0.03614486094374237,0.03614486094371076,0.03614486094367918,0.036144860943647605,0.03614486094361608,0.03614486094358456,0.03614486094355306,0.036144860943521595,0.03614486094349015,0.03614486094345873,0.03614486094342733,0.03614486094339595,0.036144860943364596,0.03614486094333327,0.03614486094330196,0.03614486094327067,0.036144860943239425,0.036144860943208186,0.03614486094317698,0.036144860943145785,0.0361448609431146,0.03614486094308349,0.03614486094305234,0.03614486094302123,0.03614486094299015,0.036144860942959114,0.036144860942928084,0.036144860942897074,0.03614486094286609,0.03614486094283511,0.03614486094280419,0.036144860942773256,0.036144860942742364,0.03614486094271147,0.036144860942680615,0.03614486094264976,0.036144860942618935,0.03614486094258814,0.036144860942557366,0.03614486094252662,0.0361448609424959,0.03614486094246516,0.03614486094243448,0.036144860942403816,0.03614486094237319,0.03614486094234256,0.03614486094231195,0.03614486094228138,0.036144860942250834,0.03614486094222029,0.03614486094218976,0.03614486094215928,0.0361448609421288,0.036144860942098345,0.03614486094206795,0.03614486094203751,0.03614486094200715,0.03614486094197676,0.03614486094194641,0.03614486094191609,0.036144860941885786,0.0361448609418555,0.03614486094182526,0.03614486094179501,0.036144860941764785,0.03614486094173459,0.03614486094170441,0.03614486094167424,0.036144860941644104,0.036144860941614,0.036144860941583874,0.03614486094155383,0.03614486094152375,0.03614486094149372,0.036144860941463706,0.03614486094143372,0.036144860941403734,0.036144860941373765,0.03614486094134383,0.0361448609413139,0.03614486094128401,0.036144860941254124,0.036144860941224266,0.03614486094119443,0.036144860941164626,0.036144860941134824,0.03614486094110505,0.03614486094107527,0.03614486094104552,0.03614486094101578,0.03614486094098608,0.03614486094095639,0.036144860940926754,0.03614486094089709,0.036144860940867454,0.03614486094083784,0.036144860940808245,0.03614486094077866,0.03614486094074912,0.03614486094071962,0.03614486094069012,0.03614486094066064,0.036144860940631164,0.03614486094060171,0.03614486094057226,0.03614486094054286,0.03614486094051346,0.036144860940484094,0.03614486094045475,0.03614486094042542,0.036144860940396095,0.0361448609403668,0.0361448609403375,0.03614486094030825,0.036144860940279,0.03614486094024977,0.03614486094022055,0.03614486094019136,0.03614486094016218,0.03614486094013305,0.036144860940103885,0.0361448609400748,0.03614486094004569,0.03614486094001661,0.036144860939987526,0.03614486093995849,0.03614486093992946,0.03614486093990046,0.03614486093987147,0.036144860939842496,0.036144860939813526,0.03614486093978459,0.03614486093975567,0.036144860939726776,0.03614486093969788,0.03614486093966903,0.036144860939640165,0.03614486093961133,0.03614486093958251,0.03614486093955372,0.03614486093952493,0.036144860939496155,0.03614486093946742,0.036144860939438674,0.036144860939409974,0.03614486093938128,0.03614486093935262,0.03614486093932396,0.036144860939295316,0.0361448609392667,0.03614486093923807,0.03614486093920949,0.03614486093918091,0.03614486093915236,0.03614486093912382,0.0361448609390953,0.03614486093906679,0.03614486093903831,0.03614486093900983,0.036144860938981394,0.03614486093895295,0.03614486093892453,0.036144860938896115,0.03614486093886773,0.03614486093883935,0.03614486093881099,0.03614486093878266,0.036144860938754304,0.03614486093872601,0.03614486093869771,0.03614486093866943,0.03614486093864116,0.03614486093861292,0.036144860938584704,0.0361448609385565,0.0361448609385283,0.03614486093850013,0.03614486093847197,0.03614486093844383,0.0361448609384157,0.0361448609383876,0.03614486093835949,0.036144860938331407,0.03614486093830335,0.03614486093827531,0.03614486093824728,0.03614486093821926,0.036144860938191255,0.036144860938163284,0.03614486093813532,0.03614486093810736,0.03614486093807943,0.03614486093805151,0.036144860938023604,0.03614486093799571,0.03614486093796786,0.03614486093794,0.03614486093791215,0.036144860937884334,0.03614486093785651,0.03614486093782871,0.03614486093780095,0.03614486093777317,0.03614486093774542,0.036144860937717675,0.03614486093768996,0.03614486093766227,0.03614486093763459,0.03614486093760691,0.03614486093757925,0.03614486093755161,0.03614486093752398,0.03614486093749637,0.03614486093746876,0.03614486093744118,0.03614486093741361,0.03614486093738607,0.036144860937358546,0.036144860937331005,0.03614486093730349,0.036144860937276,0.036144860937248516,0.036144860937221066,0.036144860937193615,0.03614486093716619,0.03614486093713878,0.036144860937111375,0.03614486093708398,0.03614486093705659,0.036144860937029226,0.03614486093700187,0.03614486093697456,0.03614486093694724,0.03614486093691994,0.03614486093689264,0.036144860936865364,0.0361448609368381,0.036144860936810866,0.03614486093678363,0.0361448609367564,0.03614486093672921,0.03614486093670201,0.03614486093667484,0.03614486093664768,0.03614486093662053,0.0361448609365934,0.03614486093656626,0.03614486093653917,0.03614486093651206,0.03614486093648497,0.036144860936457926,0.036144860936430864,0.036144860936403844,0.03614486093637682,0.036144860936349804,0.036144860936322805,0.036144860936295854,0.036144860936268876,0.03614486093624195,0.036144860936214995,0.036144860936188045,0.03614486093616115,0.03614486093613426,0.03614486093610739,0.03614486093608049,0.036144860936053645,0.0361448609360268,0.036144860935999966,0.03614486093597315,0.036144860935946356,0.03614486093591955,0.03614486093589278,0.036144860935866066,0.036144860935839296,0.03614486093581255,0.03614486093578584,0.03614486093575913,0.036144860935732444,0.03614486093570577,0.03614486093567907,0.03614486093565242,0.036144860935625765,0.03614486093559917,0.03614486093557255,0.03614486093554597,0.036144860935519364,0.036144860935492795,0.036144860935466226,0.03614486093543967,0.03614486093541312,0.036144860935386644,0.036144860935360124,0.036144860935333624,0.03614486093530714,0.03614486093528067,0.036144860935254236,0.036144860935227764,0.03614486093520133,0.03614486093517492,0.03614486093514853,0.03614486093512209,0.036144860935095724,0.036144860935069356,0.03614486093504299,0.036144860935016634,0.0361448609349903,0.03614486093496398,0.03614486093493768,0.036144860934911364,0.03614486093488508,0.036144860934858795,0.03614486093483254,0.0361448609348063,0.03614486093478005,0.036144860934753845,0.03614486093472762,0.03614486093470145,0.036144860934675255,0.036144860934649095,0.03614486093462292,0.03614486093459677,0.03614486093457065,0.03614486093454451,0.03614486093451838,0.0361448609344923,0.036144860934466214,0.03614486093444012,0.036144860934414096,0.03614486093438805,0.03614486093436206,0.03614486093433608,0.036144860934310026,0.036144860934284075,0.03614486093425801,0.03614486093423197,0.036144860934206,0.03614486093418004,0.0361448609341541,0.03614486093412817,0.03614486093410224,0.036144860934076324,0.03614486093405043,0.036144860934024546,0.03614486093399866,0.036144860933972796,0.036144860933946935,0.0361448609339211,0.036144860933895274,0.03614486093386946,0.03614486093384362,0.03614486093381786,0.03614486093379206,0.03614486093376629,0.03614486093374054,0.03614486093371478,0.03614486093368906,0.03614486093366332,0.03614486093363762,0.03614486093361192,0.036144860933586216,0.03614486093356053,0.036144860933534854,0.0361448609335092,0.036144860933483555,0.03614486093345791,0.036144860933432284,0.03614486093340667,0.03614486093338105,0.03614486093335548,0.03614486093332989,0.03614486093330432,0.03614486093327876,0.03614486093325321,0.03614486093322768,0.03614486093320216,0.03614486093317662,0.03614486093315113,0.03614486093312563,0.03614486093310013,0.036144860933074674,0.036144860933049215,0.03614486093302376,0.036144860932998325,0.036144860932972894,0.03614486093294748,0.036144860932922074,0.03614486093289667,0.03614486093287129,0.03614486093284591,0.03614486093282056,0.036144860932795196,0.03614486093276986,0.036144860932744514,0.0361448609327192,0.036144860932693895,0.0361448609326686,0.03614486093264329,0.03614486093261802,0.036144860932592754,0.036144860932567496,0.036144860932542267,0.036144860932517016,0.03614486093249179,0.036144860932466584,0.03614486093244136,0.036144860932416166,0.036144860932390985,0.036144860932365824,0.036144860932340664,0.036144860932315497,0.03614486093229036,0.03614486093226525,0.036144860932240126,0.03614486093221504,0.03614486093218994,0.03614486093216484,0.036144860932139755,0.036144860932114685,0.036144860932089615,0.036144860932064586,0.036144860932039516,0.03614486093201448,0.03614486093198947,0.03614486093196445,0.03614486093193946,0.03614486093191445,0.03614486093188948,0.0361448609318645,0.036144860931839544,0.03614486093181458,0.03614486093178964,0.03614486093176471,0.03614486093173978,0.03614486093171489,0.03614486093168999,0.03614486093166508,0.03614486093164019,0.036144860931615314,0.03614486093159045,0.0361448609315656,0.03614486093154075,0.036144860931515935,0.036144860931491114,0.03614486093146631,0.036144860931441494,0.03614486093141671,0.03614486093139191,0.03614486093136715,0.03614486093134238,0.03614486093131763,0.036144860931292905,0.036144860931268154,0.03614486093124344,0.03614486093121871,0.03614486093119401,0.036144860931169316,0.03614486093114462,0.03614486093111993,0.03614486093109528,0.036144860931070624,0.03614486093104596,0.03614486093102132,0.03614486093099669,0.03614486093097208,0.036144860930947445,0.03614486093092284,0.036144860930898255,0.03614486093087369,0.03614486093084911,0.03614486093082454,0.03614486093079998,0.03614486093077543,0.03614486093075088,0.036144860930726365,0.03614486093070186,0.03614486093067733,0.03614486093065282,0.03614486093062833,0.036144860930603845,0.03614486093057937,0.03614486093055489,0.036144860930530445,0.036144860930506,0.036144860930481554,0.03614486093045712,0.03614486093043271,0.03614486093040831,0.036144860930383896,0.036144860930359506,0.03614486093033512,0.03614486093031074,0.03614486093028636,0.03614486093026201,0.03614486093023765,0.03614486093021332,0.036144860930188996,0.036144860930164675,0.03614486093014037,0.03614486093011606,0.03614486093009176,0.03614486093006748,0.03614486093004321,0.036144860930018945,0.036144860929994686,0.036144860929970414,0.03614486092994618,0.03614486092992193,0.03614486092989772,0.036144860929873505,0.0361448609298493,0.036144860929825114,0.036144860929800945,0.03614486092977675,0.03614486092975257,0.03614486092972841,0.03614486092970427,0.03614486092968009,0.03614486092965597,0.036144860929631845,0.036144860929607725,0.036144860929583605,0.036144860929559514,0.03614486092953542,0.03614486092951134,0.03614486092948725,0.03614486092946319,0.03614486092943912,0.03614486092941505,0.036144860929390996,0.03614486092936697,0.03614486092934295,0.03614486092931893,0.03614486092929492,0.036144860929270904,0.03614486092924769,0.036144860929223616,0.03614486092919963,0.03614486092917567,0.036144860929151694,0.036144860929127755,0.03614486092910382,0.03614486092907988,0.03614486092905595,0.03614486092903203,0.036144860929008114,0.03614486092898422,0.03614486092896033,0.03614486092893644,0.03614486092891256,0.036144860928888675,0.036144860928864826,0.03614486092884097,0.03614486092881712,0.03614486092879329,0.03614486092876946,0.036144860928745644,0.03614486092872183,0.03614486092869803,0.03614486092867422,0.036144860928650435,0.036144860928626656,0.03614486092860288,0.036144860928579124,0.036144860928555365,0.036144860928531634,0.036144860928507876,0.03614486092848416,0.03614486092846043,0.03614486092843671,0.03614486092841299,0.03614486092838931,0.036144860928365614,0.03614486092834193,0.036144860928318256,0.03614486092829458,0.03614486092827091,0.036144860928247265,0.03614486092822363,0.036144860928199976,0.03614486092817635,0.03614486092815275,0.03614486092812912,0.0361448609281055,0.03614486092808191,0.03614486092805831,0.03614486092803473,0.03614486092801116,0.03614486092798759,0.036144860927963984,0.036144860927940434,0.0361448609279169,0.03614486092789337,0.03614486092786984,0.03614486092784632,0.036144860927822806,0.03614486092779927,0.03614486092777579,0.03614486092775229,0.036144860927728825,0.03614486092770535,0.036144860927681884,0.03614486092765842,0.03614486092763497,0.03614486092761152,0.03614486092758808,0.03614486092756465,0.036144860927541225,0.0361448609275178,0.03614486092749439,0.036144860927470976,0.03614486092744758,0.036144860927424194,0.03614486092740083,0.036144860927377453,0.0361448609273541,0.03614486092733073,0.03614486092730738,0.03614486092728404,0.03614486092726071,0.03614486092723739,0.03614486092721407,0.036144860927190756,0.03614486092716745,0.03614486092714415,0.03614486092712087,0.036144860927097566,0.0361448609270743,0.03614486092705102,0.03614486092702776,0.03614486092700451,0.036144860926981257,0.03614486092695802,0.03614486092693479,0.03614486092691156,0.036144860926888345,0.03614486092686513,0.036144860926841924,0.03614486092681872,0.03614486092679555,0.03614486092677238,0.036144860926749185,0.036144860926726,0.036144860926702854,0.0361448609266797,0.03614486092665654,0.03614486092663342,0.03614486092661029,0.036144860926587155,0.03614486092656403,0.03614486092654092,0.036144860926517815,0.03614486092649472,0.03614486092647166,0.03614486092644855,0.03614486092642547,0.03614486092640241,0.03614486092637935,0.03614486092635629,0.036144860926333254,0.03614486092631021,0.03614486092628715,0.036144860926264136,0.036144860926241106,0.03614486092621807,0.036144860926195066,0.036144860926172064,0.03614486092614906,0.03614486092612608,0.036144860926103105,0.03614486092608013,0.03614486092605716,0.036144860926034215,0.036144860926011234,0.03614486092598832,0.03614486092596536,0.036144860925942435,0.03614486092591951,0.03614486092589658,0.036144860925873684,0.03614486092585078,0.03614486092582788,0.03614486092580498,0.036144860925782105,0.03614486092575921,0.03614486092573634,0.03614486092571347,0.036144860925690594,0.03614486092566775,0.03614486092564491,0.03614486092562208,0.03614486092559924,0.03614486092557641,0.036144860925553586,0.03614486092553078,0.036144860925507984,0.036144860925485175,0.03614486092546239,0.03614486092543959,0.03614486092541681,0.03614486092539404,0.03614486092537126,0.03614486092534852,0.036144860925325754,0.03614486092530302,0.03614486092528027,0.036144860925257524,0.03614486092523481,0.03614486092521209,0.03614486092518938,0.036144860925166666,0.036144860925143976,0.03614486092512128,0.03614486092509857,0.0361448609250759,0.03614486092505323,0.03614486092503055,0.036144860925007884,0.03614486092498523,0.03614486092496257,0.03614486092493991,0.036144860924917296,0.036144860924894655,0.036144860924872034,0.036144860924849406,0.036144860924826806,0.036144860924804185,0.036144860924781586,0.03614486092475899,0.036144860924736406,0.03614486092471381,0.036144860924691255,0.03614486092466869,0.03614486092464612,0.036144860924623566,0.03614486092460101,0.03614486092457847,0.03614486092455593,0.0361448609245334,0.03614486092451088,0.03614486092448834,0.03614486092446583,0.03614486092444333,0.036144860924420825,0.03614486092439832,0.036144860924375855,0.036144860924353366,0.0361448609243309,0.03614486092430843,0.036144860924285954,0.03614486092426349,0.03614486092424105,0.0361448609242186,0.036144860924196165,0.036144860924173725,0.036144860924151305,0.036144860924128885,0.03614486092410647,0.036144860924084074,0.03614486092406168,0.0361448609240393,0.03614486092401691,0.03614486092399452,0.03614486092397214,0.03614486092394977,0.03614486092392742,0.036144860923905064,0.036144860923882714,0.03614486092386036,0.036144860923838014,0.036144860923815685,0.036144860923793334,0.03614486092377104,0.03614486092374872,0.03614486092372641,0.03614486092370412,0.03614486092368182,0.036144860923659525,0.03614486092363726,0.03614486092361498,0.03614486092359269,0.03614486092357043,0.036144860923548155,0.036144860923525896,0.036144860923503636,0.036144860923481396,0.03614486092345915,0.03614486092343692,0.03614486092341468,0.036144860923392454,0.03614486092337025,0.03614486092334804,0.03614486092332583,0.036144860923303615,0.036144860923281424,0.03614486092325925,0.03614486092323707,0.03614486092321488,0.03614486092319272,0.036144860923170555,0.036144860923148385,0.03614486092312622,0.03614486092310409,0.03614486092308193,0.03614486092305982,0.03614486092303766,0.036144860923015554,0.03614486092299344,0.03614486092297131,0.03614486092294922,0.03614486092292711,0.036144860922905,0.036144860922882924,0.036144860922860844,0.036144860922838765,0.036144860922816706,0.036144860922794626,0.036144860922772575,0.03614486092275053,0.03614486092272848,0.03614486092270642,0.036144860922684374,0.03614486092266234,0.03614486092264031,0.03614486092261829,0.03614486092259627,0.036144860922574254,0.03614486092255226,0.03614486092253025,0.03614486092250825,0.03614486092248627,0.03614486092246428,0.03614486092244232,0.036144860922420356,0.03614486092239839,0.03614486092237641,0.03614486092235446,0.036144860922332524,0.036144860922310576,0.03614486092228864,0.0361448609222667,0.036144860922244774,0.036144860922222855,0.036144860922200935,0.036144860922179015,0.036144860922157115,0.0361448609221352,0.0361448609221133,0.03614486092209139,0.03614486092206951,0.03614486092204763,0.03614486092202577,0.0361448609220039,0.03614486092198205,0.03614486092196018,0.03614486092193833,0.0361448609219165,0.03614486092189466,0.03614486092187283,0.03614486092185099,0.03614486092182916,0.036144860921807354,0.03614486092178553,0.03614486092176372,0.03614486092174194,0.03614486092172012,0.03614486092169833,0.03614486092167656,0.036144860921654774,0.036144860921633014,0.03614486092161123,0.03614486092158947,0.03614486092156772,0.03614486092154595,0.0361448609215242,0.03614486092150244,0.0361448609214807,0.036144860921458966,0.03614486092143725,0.036144860921415514,0.03614486092139379,0.03614486092137209,0.03614486092135038,0.03614486092132868,0.03614486092130698,0.0361448609212853,0.0361448609212636,0.03614486092124194,0.036144860921220254,0.03614486092119858,0.03614486092117692,0.036144860921155264,0.03614486092113361,0.03614486092111196,0.03614486092109031,0.036144860921068694,0.03614486092104706,0.03614486092102542,0.036144860921003795,0.03614486092098218,0.036144860920960566,0.03614486092093897,0.03614486092091738,0.03614486092089577,0.03614486092087417,0.036144860920852555,0.03614486092083099,0.036144860920809416,0.036144860920787864,0.03614486092076628,0.036144860920744724,0.036144860920723165,0.0361448609207016,0.03614486092068006,0.03614486092065851,0.03614486092063698,0.036144860920615446,0.036144860920593935,0.03614486092057241,0.036144860920550886,0.036144860920529376,0.03614486092050787,0.036144860920486375,0.036144860920464865,0.03614486092044337,0.0361448609204219,0.03614486092040041,0.036144860920378934,0.03614486092035747,0.03614486092033599,0.03614486092031454,0.036144860920293086,0.036144860920271624,0.03614486092025017,0.036144860920228734,0.036144860920207286,0.03614486092018586,0.03614486092016444,0.036144860920143025,0.03614486092012161,0.036144860920100205,0.036144860920078806,0.03614486092005742,0.03614486092003603,0.03614486092001464,0.036144860919993256,0.03614486091997187,0.0361448609199505,0.036144860919929134,0.03614486091990776,0.036144860919886376,0.03614486091986503,0.03614486091984367,0.03614486091982233,0.036144860919800986,0.03614486091977959,0.036144860919758263,0.03614486091973694,0.03614486091971563,0.036144860919694315,0.036144860919673005,0.036144860919651696,0.03614486091963041,0.0361448609196091,0.03614486091958782,0.036144860919566535,0.036144860919545246,0.03614486091952395,0.036144860919502676,0.03614486091948139,0.03614486091946013,0.03614486091943888,0.03614486091941764,0.03614486091939637,0.036144860919375105,0.036144860919353886,0.03614486091933265,0.036144860919311426,0.03614486091929022,0.03614486091926897,0.03614486091924772,0.03614486091922656,0.036144860919205345,0.036144860919184126,0.036144860919162934,0.03614486091914174,0.03614486091912056,0.03614486091909938,0.036144860919078196,0.03614486091905703,0.03614486091903585,0.0361448609190147,0.036144860918993535,0.03614486091897238,0.03614486091895123,0.03614486091893007,0.03614486091890894,0.03614486091888776,0.03614486091886664,0.0361448609188455,0.03614486091882439,0.03614486091880327,0.03614486091878214,0.036144860918761054,0.036144860918739974,0.036144860918718866,0.03614486091869777,0.03614486091867664,0.03614486091865557,0.03614486091863448,0.03614486091861341,0.03614486091859234,0.03614486091857127,0.03614486091855023,0.036144860918529156,0.03614486091850811,0.03614486091848705,0.03614486091846602,0.03614486091844499,0.036144860918423956,0.03614486091840291,0.036144860918381885,0.03614486091836085,0.036144860918339836,0.03614486091831882,0.03614486091829782,0.036144860918276775,0.036144860918255785,0.03614486091823481,0.036144860918213784,0.03614486091819278,0.03614486091817182,0.03614486091815089,0.03614486091812995,0.03614486091810898,0.036144860918088016,0.03614486091806705,0.036144860918046105,0.03614486091802517,0.036144860918004215,0.03614486091798329,0.03614486091796235,0.03614486091794142,0.03614486091792051,0.03614486091789956,0.03614486091787866,0.036144860917857735,0.036144860917836835,0.03614486091781592,0.03614486091779503,0.03614486091777413,0.03614486091775323,0.036144860917732356,0.03614486091771146,0.0361448609176906,0.03614486091766973,0.03614486091764883,0.03614486091762799,0.03614486091760712,0.03614486091758628,0.03614486091756542,0.036144860917544576,0.036144860917523725,0.03614486091750288,0.036144860917482056,0.03614486091746124,0.03614486091744043,0.03614486091741959,0.03614486091739878,0.03614486091737796,0.03614486091735715,0.03614486091733636,0.03614486091731556,0.036144860917294755,0.03614486091727398,0.0361448609172532,0.03614486091723242,0.03614486091721165,0.036144860917190866,0.0361448609171701,0.036144860917149337,0.03614486091712858,0.036144860917107814,0.03614486091708707,0.03614486091706633,0.036144860917045586,0.03614486091702484,0.036144860917004105,0.036144860916983386,0.03614486091696265,0.03614486091694195,0.03614486091692122,0.036144860916900494,0.03614486091687979,0.03614486091685909,0.03614486091683839,0.03614486091681769,0.036144860916797,0.03614486091677633,0.03614486091675563,0.03614486091673496,0.036144860916714296,0.03614486091669364,0.03614486091667297,0.03614486091665231,0.03614486091663167,0.03614486091661101,0.036144860916590374,0.0361448609165697,0.03614486091654909,0.03614486091652845,0.036144860916507815,0.03614486091648721,0.03614486091646657,0.03614486091644596,0.03614486091642534,0.03614486091640475,0.03614486091638416,0.036144860916363555,0.03614486091634296,0.03614486091632237,0.036144860916301785,0.036144860916281205,0.03614486091626062,0.03614486091624004,0.03614486091621949,0.03614486091619892,0.036144860916178335,0.03614486091615779,0.036144860916137236,0.036144860916116676,0.03614486091609613,0.03614486091607559,0.036144860916055045,0.03614486091603452,0.036144860916013974,0.036144860915993456,0.036144860915972944,0.03614486091595243,0.03614486091593193,0.0361448609159114,0.036144860915890906,0.03614486091587041,0.036144860915849925,0.03614486091582942,0.03614486091580893,0.03614486091578846,0.03614486091576798,0.036144860915747506,0.036144860915727044,0.036144860915706574,0.03614486091568609,0.03614486091566563,0.036144860915645186,0.036144860915624744,0.03614486091560431,0.036144860915583873,0.03614486091556342,0.03614486091554299,0.036144860915522575,0.03614486091550215,0.03614486091548171,0.036144860915461305,0.0361448609154409,0.03614486091542049,0.03614486091540008,0.03614486091537969,0.03614486091535928,0.03614486091533889,0.03614486091531851,0.03614486091529812,0.036144860915277736,0.03614486091525737,0.036144860915237,0.03614486091521664,0.036144860915196274,0.036144860915175915,0.036144860915155556,0.036144860915135205,0.036144860915114846,0.03614486091509451,0.03614486091507415,0.03614486091505383,0.036144860915033494,0.03614486091501318,0.03614486091499286,0.03614486091497254,0.03614486091495223,0.03614486091493191,0.0361448609149116,0.0361448609148913,0.036144860914871006,0.036144860914850724,0.036144860914830414,0.036144860914810145,0.03614486091478986,0.036144860914769615,0.03614486091474934,0.03614486091472906,0.0361448609147088,0.03614486091468853,0.03614486091466828,0.03614486091464803,0.03614486091462776,0.03614486091460754,0.03614486091458728,0.03614486091456707,0.036144860914546835,0.03614486091452659,0.03614486091450635,0.03614486091448614,0.03614486091446592,0.0361448609144457,0.03614486091442549,0.03614486091440527,0.03614486091438507,0.03614486091436488,0.03614486091434466,0.03614486091432448,0.0361448609143043,0.03614486091428412,0.03614486091426392,0.03614486091424375,0.036144860914223594,0.03614486091420342,0.03614486091418326,0.0361448609141631,0.036144860914142936,0.03614486091412278,0.036144860914102635,0.036144860914082484,0.03614486091406234,0.03614486091404221,0.03614486091402209,0.03614486091400196,0.03614486091398183,0.036144860913961706,0.0361448609139416,0.036144860913921474,0.03614486091390137,0.036144860913881284,0.036144860913861175,0.03614486091384108,0.036144860913820964,0.036144860913800876,0.036144860913780795,0.03614486091376071,0.03614486091374064,0.03614486091372055,0.036144860913700484,0.03614486091368042,0.03614486091366034,0.03614486091364029,0.03614486091362023,0.036144860913600176,0.03614486091358014,0.036144860913560097,0.03614486091354006,0.03614486091352004,0.0361448609135,0.03614486091347998,0.03614486091345996,0.03614486091343994,0.036144860913419924,0.036144860913399905,0.0361448609133799,0.0361448609133599,0.03614486091333986,0.03614486091331989,0.036144860913299895,0.036144860913279855,0.036144860913259885,0.0361448609132399,0.03614486091321992,0.03614486091319997,0.03614486091318,0.03614486091316003,0.036144860913140064,0.036144860913120115,0.036144860913100166,0.03614486091308022,0.03614486091306027,0.03614486091304032,0.03614486091302038,0.03614486091300045,0.03614486091298052,0.036144860912960576,0.03614486091294066,0.036144860912920726,0.03614486091290081,0.036144860912880925,0.03614486091286101,0.03614486091284109,0.0361448609128212,0.036144860912801294,0.0361448609127814,0.0361448609127615,0.03614486091274162,0.03614486091272172,0.036144860912701846,0.036144860912681945,0.036144860912662086,0.03614486091264222,0.036144860912622354,0.0361448609126025,0.03614486091258263,0.036144860912562776,0.036144860912542924,0.03614486091252309,0.03614486091250324,0.0361448609124834,0.03614486091246357,0.03614486091244373,0.036144860912423915,0.0361448609124041,0.03614486091238427,0.03614486091236445,0.03614486091234464,0.03614486091232481,0.03614486091230501,0.03614486091228521,0.0361448609122654,0.03614486091224559,0.03614486091222582,0.03614486091220601,0.036144860912186244,0.03614486091216647,0.0361448609121467,0.03614486091212694,0.03614486091210716,0.03614486091208741,0.03614486091206763,0.03614486091204789,0.036144860912028134,0.03614486091200837,0.03614486091198863,0.03614486091196889,0.03614486091194914,0.036144860911929415,0.03614486091190968,0.03614486091188997,0.03614486091187025,0.03614486091185052,0.036144860911830785,0.03614486091181107,0.03614486091179135,0.03614486091177166,0.03614486091175195,0.03614486091173223,0.03614486091171253,0.036144860911692826,0.036144860911673134,0.03614486091165346,0.03614486091163377,0.03614486091161409,0.036144860911594405,0.036144860911574754,0.036144860911555075,0.03614486091153541,0.036144860911515746,0.0361448609114961,0.03614486091147645,0.03614486091145678,0.036144860911437156,0.036144860911417505,0.03614486091139787,0.03614486091137823,0.0361448609113586,0.03614486091133898,0.03614486091131933,0.03614486091129972,0.036144860911280115,0.0361448609112605,0.0361448609112409,0.03614486091122131,0.0361448609112017,0.0361448609111821,0.03614486091116252,0.03614486091114292,0.03614486091112335,0.03614486091110377,0.03614486091108419,0.03614486091106461,0.03614486091104502,0.03614486091102545,0.03614486091100589,0.036144860910986315,0.03614486091096676,0.036144860910947214,0.03614486091092765,0.0361448609109081,0.036144860910888546,0.036144860910869006,0.036144860910849466,0.03614486091082993,0.03614486091081039,0.036144860910790874,0.036144860910771334,0.036144860910751815,0.036144860910732324,0.03614486091071281,0.036144860910693306,0.03614486091067379,0.036144860910654296,0.036144860910634805,0.03614486091061529,0.03614486091059581,0.03614486091057631,0.03614486091055683,0.03614486091053735,0.03614486091051786,0.03614486091049838,0.036144860910478915,0.036144860910459445,0.03614486091043997,0.03614486091042052,0.036144860910401054,0.03614486091038159,0.036144860910362155,0.03614486091034271,0.03614486091032325,0.03614486091030382,0.03614486091028438,0.03614486091026494,0.036144860910245526,0.0361448609102261,0.03614486091020667,0.03614486091018724,0.036144860910167824,0.03614486091014842,0.036144860910129,0.03614486091010959,0.03614486091009019,0.03614486091007079,0.036144860910051396,0.03614486091003199,0.03614486091001262,0.036144860909993234,0.03614486090997386,0.0361448609099545,0.036144860909935114,0.036144860909915755,0.03614486090989638,0.03614486090987703,0.036144860909857655,0.0361448609098383,0.03614486090981896,0.0361448609097996,0.03614486090978025,0.03614486090976091,0.03614486090974158,0.03614486090972224,0.036144860909702904,0.03614486090968358,0.03614486090966426,0.03614486090964492,0.03614486090962559,0.03614486090960628,0.03614486090958697,0.036144860909567665,0.03614486090954837,0.03614486090952905,0.03614486090950976,0.03614486090949047,0.03614486090947118,0.03614486090945188,0.0361448609094326,0.03614486090941331,0.03614486090939405,0.036144860909374785,0.036144860909355495,0.03614486090933623,0.03614486090931698,0.03614486090929771,0.03614486090927846,0.0361448609092592,0.03614486090923994,0.03614486090922068,0.03614486090920144,0.036144860909182196,0.03614486090916297,0.036144860909143726,0.036144860909124506,0.036144860909105285,0.036144860909086064,0.036144860909066844,0.03614486090904764,0.036144860909028416,0.0361448609090092,0.03614486090898999,0.03614486090897079,0.03614486090895159,0.03614486090893239,0.0361448609089132,0.036144860908893996,0.03614486090887482,0.03614486090885564,0.03614486090883645,0.036144860908817265,0.0361448609087981,0.036144860908778935,0.03614486090875976,0.03614486090874062,0.03614486090872147,0.036144860908702316,0.03614486090868315,0.036144860908664,0.03614486090864485,0.03614486090862571,0.03614486090860656,0.03614486090858742,0.03614486090856829,0.03614486090854917,0.03614486090853003,0.0361448609085109,0.036144860908491776,0.03614486090847267,0.03614486090845356,0.036144860908434454,0.036144860908415344,0.03614486090839625,0.036144860908377145,0.03614486090835804,0.03614486090833896,0.03614486090831987,0.03614486090830078,0.03614486090828169,0.03614486090826261,0.036144860908243544,0.03614486090822447,0.03614486090820538,0.03614486090818632,0.036144860908167264,0.03614486090814822,0.036144860908129156,0.03614486090811011,0.03614486090809107,0.036144860908072014,0.03614486090805297,0.03614486090803392,0.036144860908014886,0.036144860907995846,0.03614486090797683,0.036144860907957786,0.036144860907938774,0.03614486090791975,0.03614486090790073,0.03614486090788172,0.03614486090786271,0.036144860907843704,0.03614486090782471,0.03614486090780571,0.036144860907786715,0.03614486090776773,0.03614486090774874,0.03614486090772975,0.03614486090771077,0.03614486090769178,0.03614486090767281,0.03614486090765384,0.03614486090763484,0.03614486090761588,0.036144860907596915,0.03614486090757795,0.036144860907558994,0.036144860907540044,0.0361448609075211,0.03614486090750213,0.0361448609074832,0.03614486090746426,0.036144860907445314,0.03614486090742639,0.03614486090740747,0.03614486090738855,0.03614486090736963,0.03614486090735069,0.03614486090733179,0.036144860907312865,0.03614486090729394,0.036144860907275034,0.03614486090725613,0.036144860907237245,0.036144860907218336,0.03614486090719944,0.03614486090718054,0.03614486090716166,0.036144860907142785,0.03614486090712389,0.03614486090710502,0.03614486090708614,0.03614486090706727,0.03614486090704839,0.03614486090702953,0.03614486090701066,0.036144860906991795,0.03614486090697294,0.03614486090695409,0.036144860906935236,0.03614486090691641,0.036144860906897544,0.03614486090687871,0.03614486090685988,0.03614486090684103,0.0361448609068222,0.03614486090680338,0.036144860906784565,0.03614486090676574,0.036144860906746915,0.036144860906728096,0.0361448609067093,0.03614486090669048,0.036144860906671676,0.036144860906652865,0.036144860906634074,0.03614486090661528,0.036144860906596486,0.0361448609065777,0.03614486090655891,0.036144860906540136,0.03614486090652137,0.036144860906502596,0.036144860906483826,0.03614486090646507,0.0361448609064463,0.036144860906427524,0.03614486090640876,0.03614486090639002,0.03614486090637124,0.03614486090635252,0.036144860906333766,0.03614486090631502,0.03614486090629628,0.03614486090627753,0.036144860906258805,0.03614486090624008,0.03614486090622134,0.0361448609062026,0.03614486090618388,0.036144860906165165,0.03614486090614645,0.03614486090612773,0.03614486090610901,0.036144860906090294,0.03614486090607159,0.03614486090605289,0.03614486090603421,0.03614486090601551,0.03614486090599682,0.036144860905978134,0.03614486090595943,0.03614486090594076,0.036144860905922074,0.0361448609059034,0.03614486090588474,0.036144860905866064,0.036144860905847405,0.036144860905828746,0.03614486090581011,0.036144860905791436,0.036144860905772805,0.03614486090575416,0.03614486090573553,0.03614486090571689,0.03614486090569824,0.0361448609056796,0.03614486090566097,0.03614486090564233,0.036144860905623695,0.03614486090560507,0.03614486090558646,0.03614486090556782,0.03614486090554923,0.0361448609055306,0.03614486090551199,0.03614486090549339,0.03614486090547477,0.03614486090545618,0.036144860905437566,0.03614486090541898,0.036144860905400394,0.036144860905381805,0.03614486090536323,0.03614486090534465,0.03614486090532607,0.0361448609053075,0.03614486090528892,0.03614486090527035,0.03614486090525179,0.03614486090523322,0.03614486090521466,0.036144860905196106,0.036144860905177545,0.036144860905159,0.036144860905140457,0.0361448609051219,0.036144860905103375,0.036144860905084855,0.036144860905066335,0.03614486090504779,0.03614486090502927,0.03614486090501075,0.03614486090499222,0.03614486090497371,0.03614486090495519,0.03614486090493666,0.03614486090491814,0.036144860904899656,0.03614486090488114,0.03614486090486264,0.03614486090484414,0.03614486090482566,0.03614486090480715,0.03614486090478867,0.03614486090477019,0.036144860904751705,0.03614486090473325,0.03614486090471476,0.0361448609046963,0.03614486090467783,0.036144860904659355,0.03614486090464089,0.03614486090462244,0.036144860904604004,0.03614486090458554,0.03614486090456708,0.036144860904548645,0.036144860904530195,0.03614486090451173,0.0361448609044933,0.03614486090447486,0.03614486090445642,0.03614486090443801,0.036144860904419575,0.03614486090440116,0.03614486090438274,0.036144860904364334,0.03614486090434594,0.036144860904327517,0.03614486090430912,0.03614486090429071,0.036144860904272304,0.03614486090425393,0.0361448609042355,0.03614486090421711,0.036144860904198724,0.03614486090418034,0.036144860904161955,0.03614486090414359,0.036144860904125185,0.036144860904106825,0.036144860904088465,0.03614486090407008,0.03614486090405172,0.03614486090403337,0.036144860904015,0.03614486090399664,0.036144860903978296,0.03614486090395995,0.03614486090394159,0.036144860903923236,0.036144860903904875,0.03614486090388656,0.03614486090386822,0.03614486090384989,0.036144860903831566,0.03614486090381324,0.036144860903794915,0.03614486090377661,0.03614486090375829,0.03614486090373997,0.03614486090372166,0.03614486090370335,0.036144860903685044,0.036144860903666746,0.03614486090364845,0.03614486090363015,0.03614486090361185,0.036144860903593576,0.03614486090357528,0.036144860903557,0.036144860903538724,0.03614486090352045,0.03614486090350218,0.03614486090348392,0.03614486090346564,0.03614486090344738,0.03614486090342913,0.03614486090341084,0.03614486090339259,0.03614486090337434,0.036144860903356106,0.036144860903337864,0.036144860903319614,0.036144860903301365,0.03614486090328314,0.03614486090326491,0.036144860903246666,0.036144860903228423,0.0361448609032102,0.03614486090319198,0.036144860903173766,0.03614486090315556,0.03614486090313734,0.03614486090311915,0.03614486090310093,0.03614486090308274,0.03614486090306456,0.03614486090304635,0.03614486090302817,0.03614486090300997,0.036144860902991786,0.0361448609029736,0.036144860902955406,0.036144860902937226,0.03614486090291906,0.036144860902900866,0.03614486090288267,0.036144860902864534,0.036144860902846354,0.03614486090282821,0.03614486090281005,0.0361448609027919,0.03614486090277375,0.0361448609027556,0.03614486090273746,0.0361448609027193,0.03614486090270116,0.03614486090268303,0.03614486090266489,0.03614486090264676,0.03614486090262861,0.03614486090261049,0.03614486090259237,0.03614486090257425,0.03614486090255615,0.036144860902538024,0.03614486090251993,0.036144860902501824,0.03614486090248371,0.03614486090246559,0.036144860902447506,0.0361448609024294,0.03614486090241132,0.03614486090239323,0.03614486090237513,0.03614486090235705,0.03614486090233897,0.036144860902320886,0.03614486090230281,0.03614486090228473,0.03614486090226665,0.03614486090224858,0.03614486090223052,0.036144860902212465,0.0361448609021944,0.03614486090217635,0.03614486090215829,0.03614486090214024,0.03614486090212219,0.036144860902104156,0.03614486090208611,0.036144860902068074,0.03614486090205001,0.036144860902031985,0.03614486090201395,0.03614486090199593,0.03614486090197792,0.03614486090195988,0.03614486090194187,0.03614486090192386,0.036144860901905856,0.03614486090188784,0.03614486090186985,0.03614486090185185,0.036144860901833865,0.036144860901815866,0.036144860901797866,0.03614486090177988,0.03614486090176189,0.03614486090174393,0.036144860901725945,0.03614486090170796,0.036144860901689974,0.03614486090167201,0.03614486090165405,0.036144860901636086,0.03614486090161812,0.03614486090160016,0.0361448609015822,0.03614486090156427,0.03614486090154631,0.036144860901528374,0.03614486090151042,0.036144860901492465,0.03614486090147453,0.036144860901456584,0.03614486090143864,0.03614486090142071,0.03614486090140279,0.03614486090138486,0.03614486090136695,0.03614486090134901,0.03614486090133108,0.03614486090131317,0.036144860901295255,0.03614486090127735,0.03614486090125945,0.03614486090124154,0.036144860901223645,0.03614486090120575,0.03614486090118785,0.036144860901169966,0.03614486090115206,0.036144860901134175,0.03614486090111629,0.03614486090109838,0.03614486090108053,0.036144860901062635,0.03614486090104477,0.0361448609010269,0.03614486090100904,0.036144860900991164,0.036144860900973304,0.03614486090095545,0.03614486090093759,0.03614486090091972,0.03614486090090189,0.036144860900884056,0.03614486090086621,0.03614486090084838,0.036144860900830536,0.0361448609008127,0.03614486090079486,0.03614486090077703,0.03614486090075921,0.0361448609007414,0.03614486090072357,0.036144860900705754,0.03614486090068795,0.03614486090067013,0.03614486090065232,0.03614486090063453,0.03614486090061671,0.03614486090059892,0.03614486090058113,0.03614486090056335,0.03614486090054556,0.036144860900527764,0.03614486090050998,0.0361448609004922,0.036144860900474425,0.03614486090045665,0.03614486090043887,0.0361448609004211,0.03614486090040332,0.03614486090038556,0.036144860900367795,0.03614486090035004,0.036144860900332275,0.03614486090031453,0.03614486090029678,0.03614486090027903,0.03614486090026129,0.03614486090024354,0.036144860900225825,0.03614486090020808,0.036144860900190354,0.03614486090017262,0.03614486090015489,0.03614486090013718,0.03614486090011946,0.036144860900101744,0.036144860900084015,0.036144860900066314,0.036144860900048606,0.03614486090003089,0.03614486090001317,0.036144860899995454,0.03614486089997777,0.03614486089996007,0.03614486089994242,0.0361448608999247,0.036144860899907,0.036144860899889324,0.036144860899871636,0.03614486089985397,0.03614486089983628,0.0361448608998186,0.03614486089980094,0.03614486089978328,0.03614486089976562,0.036144860899747965,0.03614486089973029,0.03614486089971263,0.03614486089969497,0.03614486089967734,0.03614486089965968,0.03614486089964204,0.0361448608996244,0.03614486089960676,0.036144860899589105,0.03614486089957147,0.03614486089955384,0.03614486089953621,0.03614486089951861,0.03614486089950099,0.03614486089948337,0.03614486089946575,0.03614486089944814,0.03614486089943053,0.03614486089941293,0.036144860899395316,0.03614486089937771,0.03614486089936011,0.0361448608993425,0.03614486089932491,0.036144860899307324,0.03614486089928973,0.036144860899272144,0.036144860899254554,0.03614486089923696,0.03614486089921939,0.03614486089920181,0.03614486089918425,0.03614486089916667,0.03614486089914912,0.036144860899131555,0.036144860899113986,0.03614486089909643,0.03614486089907887,0.03614486089906133,0.03614486089904378,0.03614486089902623,0.036144860899008695,0.036144860898991146,0.036144860898973605,0.03614486089895608,0.036144860898938556,0.03614486089892102,0.03614486089890347,0.036144860898885973,0.03614486089886846,0.03614486089885095,0.03614486089883343,0.03614486089881591,0.0361448608987984,0.03614486089878089,0.03614486089876339,0.03614486089874589,0.03614486089872839,0.03614486089871086,0.036144860898693384,0.03614486089867591,0.03614486089865842,0.036144860898640906,0.03614486089862343,0.036144860898605954,0.036144860898588475,0.03614486089857101,0.03614486089855354,0.03614486089853607,0.036144860898518615,0.03614486089850115,0.036144860898483684,0.03614486089846625,0.03614486089844878,0.03614486089843134,0.03614486089841389,0.03614486089839645,0.03614486089837902,0.03614486089836157,0.03614486089834413,0.03614486089832669,0.03614486089830926,0.036144860898291824,0.03614486089827439,0.03614486089825697,0.03614486089823953,0.03614486089822212,0.0361448608982047,0.036144860898187296,0.03614486089816988,0.036144860898152484,0.03614486089813507,0.03614486089811767,0.03614486089810026,0.03614486089808286,0.03614486089806547,0.03614486089804808,0.036144860898030685,0.03614486089801331,0.03614486089799592,0.03614486089797853,0.03614486089796118,0.036144860897943776,0.036144860897926415,0.03614486089790907,0.03614486089789169,0.03614486089787434,0.03614486089785696,0.036144860897839616,0.03614486089782227,0.0361448608978049,0.03614486089778759,0.03614486089777021,0.036144860897752866,0.03614486089773553,0.036144860897718206,0.03614486089770086,0.03614486089768354,0.036144860897666185,0.03614486089764885,0.036144860897631526,0.03614486089761423,0.03614486089759691,0.036144860897579574,0.03614486089756227,0.03614486089754496,0.03614486089752764,0.036144860897510324,0.036144860897493025,0.03614486089747572,0.03614486089745843,0.03614486089744113,0.03614486089742384,0.036144860897406546,0.03614486089738926,0.03614486089737198,0.0361448608973547,0.03614486089733742,0.03614486089732015,0.036144860897302865,0.036144860897285594,0.03614486089726832,0.03614486089725105,0.036144860897233795,0.036144860897216545,0.03614486089719929,0.03614486089718203,0.03614486089716478,0.03614486089714753,0.03614486089713029,0.03614486089711306,0.036144860897095815,0.03614486089707858,0.03614486089706135,0.036144860897044113,0.03614486089702687,0.03614486089700965,0.03614486089699243,0.03614486089697521,0.03614486089695798,0.036144860896940786,0.03614486089692358,0.036144860896906356,0.036144860896889154,0.036144860896871946,0.03614486089685476,0.03614486089683757,0.03614486089682036,0.03614486089680318,0.03614486089678599,0.036144860896768806,0.03614486089675162,0.03614486089673444,0.03614486089671725,0.03614486089670008,0.036144860896682916,0.03614486089666575,0.036144860896648576,0.0361448608966314,0.03614486089661426,0.03614486089659711,0.03614486089657996,0.036144860896562804,0.03614486089654565,0.036144860896528505,0.03614486089651136,0.036144860896494206,0.03614486089647709,0.03614486089645993,0.03614486089644279,0.036144860896425664,0.03614486089640853,0.03614486089639142,0.03614486089637429,0.03614486089635718,0.03614486089634006,0.03614486089632293,0.03614486089630582,0.0361448608962887,0.036144860896271586,0.03614486089625449,0.036144860896237384,0.03614486089622028,0.036144860896203175,0.03614486089618609,0.03614486089616899,0.036144860896151904,0.03614486089613482,0.036144860896117736,0.03614486089610066,0.03614486089608358,0.036144860896066514,0.03614486089604943,0.03614486089603237,0.03614486089601528,0.03614486089599822,0.036144860895981144,0.03614486089596408,0.03614486089594702,0.03614486089592998,0.03614486089591292,0.03614486089589588,0.03614486089587882,0.03614486089586177,0.03614486089584474,0.03614486089582769,0.036144860895810677,0.03614486089579363,0.036144860895776586,0.036144860895759565,0.03614486089574252,0.0361448608957255,0.03614486089570849,0.036144860895691466,0.03614486089567444,0.03614486089565744,0.036144860895640424,0.036144860895623424,0.036144860895606416,0.036144860895589416,0.03614486089557241,0.03614486089555541,0.03614486089553842,0.036144860895521415,0.03614486089550445,0.036144860895487456,0.03614486089547046,0.03614486089545348,0.036144860895436524,0.036144860895419545,0.03614486089540255,0.036144860895385586,0.03614486089536863,0.036144860895351655,0.036144860895334696,0.03614486089531774,0.036144860895300786,0.03614486089528383,0.03614486089526686,0.03614486089524992,0.03614486089523298,0.03614486089521603,0.036144860895199096,0.036144860895182145,0.036144860895165214,0.03614486089514829,0.036144860895131345,0.03614486089511444,0.03614486089509753,0.036144860895080615,0.0361448608950637,0.03614486089504679,0.03614486089502987,0.03614486089501295,0.03614486089499604,0.03614486089497914,0.03614486089496222,0.03614486089494534,0.03614486089492844,0.03614486089491153,0.03614486089489463,0.03614486089487774,0.036144860894860846,0.036144860894843964,0.03614486089482709,0.0361448608948102,0.03614486089479331,0.03614486089477645,0.03614486089475958,0.03614486089474272,0.03614486089472587,0.036144860894709,0.03614486089469215,0.03614486089467529,0.03614486089465844,0.03614486089464158,0.036144860894624715,0.03614486089460787,0.03614486089459103,0.03614486089457417,0.03614486089455734,0.036144860894540505,0.036144860894523685,0.03614486089450683,0.036144860894490004,0.03614486089447318,0.03614486089445635,0.03614486089443952,0.03614486089442271,0.03614486089440589,0.03614486089438907,0.03614486089437226,0.036144860894355466,0.036144860894338646,0.036144860894321854,0.03614486089430506,0.03614486089428827,0.03614486089427147,0.03614486089425469,0.036144860894237886,0.03614486089422111,0.036144860894204316,0.03614486089418754,0.03614486089417076,0.03614486089415398,0.036144860894137196,0.036144860894120424,0.036144860894103646,0.036144860894086875,0.036144860894070124,0.03614486089405337,0.036144860894036596,0.03614486089401985,0.036144860894003095,0.036144860893986344,0.0361448608939696,0.03614486089395284,0.03614486089393611,0.036144860893919356,0.03614486089390261,0.03614486089388589,0.03614486089386915,0.03614486089385243,0.036144860893835715,0.03614486089381899,0.03614486089380228,0.03614486089378555,0.03614486089376883,0.036144860893752115,0.03614486089373541,0.036144860893718704,0.036144860893701995,0.03614486089368531,0.036144860893668584,0.036144860893651896,0.036144860893635194,0.036144860893618486,0.0361448608936018,0.03614486089358512,0.036144860893568435,0.03614486089355174,0.03614486089353508,0.036144860893518385,0.03614486089350172,0.03614486089348503,0.03614486089346836,0.036144860893451695,0.03614486089343506,0.03614486089341838,0.036144860893401715,0.03614486089338506,0.0361448608933684,0.036144860893351755,0.0361448608933351,0.036144860893318455,0.03614486089330181,0.03614486089328517,0.036144860893268536,0.0361448608932519,0.03614486089323528,0.036144860893218646,0.03614486089320201,0.0361448608931854,0.036144860893168776,0.036144860893152136,0.03614486089313552,0.0361448608931189,0.036144860893102294,0.036144860893085676,0.03614486089306907,0.03614486089305246,0.03614486089303585,0.036144860893019264,0.03614486089300268,0.03614486089298608,0.036144860892969484,0.0361448608929529,0.036144860892936295,0.036144860892919725,0.036144860892903155,0.036144860892886564,0.03614486089286999,0.03614486089285342,0.03614486089283686,0.036144860892820284,0.036144860892803735,0.03614486089278715,0.036144860892770594,0.03614486089275403,0.03614486089273748,0.036144860892720926,0.036144860892704356,0.03614486089268781,0.03614486089267127,0.03614486089265472,0.036144860892638186,0.036144860892621644,0.03614486089260512,0.03614486089258858,0.03614486089257206,0.03614486089255553,0.036144860892539016,0.036144860892522473,0.03614486089250596,0.03614486089248944,0.03614486089247293,0.03614486089245641,0.036144860892439894,0.03614486089242339,0.036144860892406885,0.03614486089239037,0.03614486089237387,0.036144860892357376,0.036144860892340896,0.03614486089232442,0.036144860892307916,0.03614486089229143,0.03614486089227494,0.03614486089225846,0.03614486089224197,0.036144860892225496,0.03614486089220903,0.036144860892192564,0.0361448608921761,0.03614486089215964,0.036144860892143166,0.03614486089212671,0.03614486089211025,0.0361448608920938,0.03614486089207734,0.036144860892060905,0.03614486089204444,0.036144860892027994,0.036144860892011556,0.03614486089199511,0.03614486089197868,0.03614486089196224,0.036144860891945796,0.03614486089192935,0.036144860891912926,0.03614486089189651,0.03614486089188007,0.036144860891863646,0.03614486089184723,0.03614486089183083,0.0361448608918144,0.036144860891797984,0.03614486089178159,0.03614486089176519,0.03614486089174878,0.03614486089173238,0.036144860891716,0.036144860891699604,0.03614486089168321,0.036144860891666825,0.03614486089165043,0.03614486089163405,0.03614486089161767,0.03614486089160128,0.03614486089158493,0.036144860891568535,0.03614486089155217,0.036144860891535804,0.036144860891519436,0.036144860891503074,0.036144860891486705,0.03614486089147034,0.036144860891454,0.03614486089143764,0.03614486089142129,0.03614486089140492,0.036144860891388575,0.036144860891372234,0.0361448608913559,0.03614486089133956,0.036144860891323224,0.03614486089130689,0.03614486089129057,0.036144860891274236,0.03614486089125789,0.036144860891241574,0.03614486089122526,0.036144860891208934,0.036144860891192634,0.03614486089117632,0.03614486089116,0.0361448608911437,0.03614486089112738,0.036144860891111096,0.03614486089109479,0.03614486089107848,0.036144860891062176,0.036144860891045905,0.036144860891029605,0.036144860891013326,0.03614486089099704,0.03614486089098076,0.036144860890964484,0.036144860890948205,0.03614486089093192,0.03614486089091564,0.036144860890899376,0.03614486089088311,0.03614486089086684,0.036144860890850575,0.0361448608908343,0.036144860890818066,0.036144860890801794,0.03614486089078555,0.03614486089076931,0.03614486089075305,0.03614486089073681,0.03614486089072056,0.036144860890704324,0.03614486089068809,0.036144860890671864,0.03614486089065562,0.03614486089063938,0.036144860890623146,0.03614486089060692,0.03614486089059069,0.03614486089057448,0.03614486089055825,0.03614486089054204,0.036144860890525835,0.036144860890509695,0.036144860890493485,0.036144860890477276,0.03614486089046109,0.036144860890444885,0.03614486089042871,0.0361448608904125,0.03614486089039629,0.0361448608903801,0.03614486089036391,0.03614486089034772,0.03614486089033153,0.03614486089031534,0.036144860890299176,0.036144860890283,0.036144860890266826,0.036144860890250666,0.0361448608902345,0.036144860890218324,0.03614486089020216,0.036144860890185995,0.036144860890169855,0.0361448608901537,0.03614486089013754,0.03614486089012138,0.03614486089010524,0.036144860890089094,0.03614486089007296,0.03614486089005682,0.036144860890040674,0.03614486089002455,0.036144860890008415,0.036144860889992296,0.03614486088997616,0.03614486088996003,0.036144860889943904,0.03614486088992778,0.036144860889911666,0.036144860889895554,0.036144860889879435,0.03614486088986334,0.036144860889847225,0.03614486088983112,0.036144860889815014,0.03614486088979891,0.036144860889782804,0.036144860889766706,0.03614486088975061,0.036144860889734516,0.03614486088971844,0.036144860889702354,0.03614486088968627,0.03614486088967018,0.0361448608896541,0.03614486088963804,0.03614486088962197,0.03614486088960591,0.036144860889589854,0.03614486088957377,0.036144860889557706,0.036144860889541636,0.03614486088952558,0.03614486088950953,0.036144860889493466,0.03614486088947741,0.03614486088946137,0.0361448608894453,0.03614486088942928,0.03614486088941323,0.036144860889397196,0.03614486088938116,0.036144860889365124,0.036144860889349074,0.036144860889333046,0.036144860889317024,0.036144860889301,0.03614486088928497,0.036144860889268965,0.036144860889252936,0.036144860889236914,0.03614486088922091,0.03614486088920491,0.036144860889188904,0.03614486088917291,0.03614486088915691,0.03614486088914092,0.03614486088912492,0.03614486088910895,0.03614486088909296,0.03614486088907696,0.03614486088906098,0.036144860889044984,0.03614486088902902,0.036144860889013024,0.036144860888997044,0.0361448608889811,0.03614486088896511,0.036144860888949144,0.036144860888933185,0.036144860888917205,0.036144860888901245,0.036144860888885286,0.03614486088886932,0.036144860888853374,0.036144860888837414,0.03614486088882146,0.03614486088880553,0.03614486088878957,0.036144860888773625,0.036144860888757686,0.036144860888741755,0.03614486088872583,0.036144860888709884,0.03614486088869395,0.03614486088867802,0.036144860888662096,0.036144860888646185,0.036144860888630254,0.03614486088861433,0.036144860888598425,0.03614486088858251,0.03614486088856661,0.0361448608885507,0.03614486088853479,0.03614486088851889,0.036144860888502994,0.0361448608884871,0.036144860888471186,0.03614486088845531,0.03614486088843941,0.03614486088842352,0.036144860888407626,0.036144860888391764,0.036144860888375874,0.03614486088836001,0.036144860888344135,0.03614486088832825,0.03614486088831239,0.03614486088829652,0.036144860888280665,0.03614486088826479,0.03614486088824893,0.03614486088823307,0.03614486088821721,0.036144860888201354,0.036144860888185505,0.03614486088816968,0.03614486088815383,0.036144860888137974,0.03614486088812213,0.03614486088810629,0.03614486088809045,0.0361448608880746,0.03614486088805877,0.03614486088804294,0.03614486088802711,0.036144860888011277,0.03614486088799548,0.03614486088797965,0.03614486088796384,0.03614486088794802,0.036144860887932215,0.03614486088791641,0.036144860887900594,0.036144860887884794,0.03614486088786898,0.03614486088785318,0.036144860887837395,0.03614486088782159,0.036144860887805795,0.036144860887790016,0.036144860887774216,0.036144860887758444,0.036144860887742665,0.03614486088772689,0.036144860887711114,0.03614486088769533,0.03614486088767954,0.03614486088766378,0.036144860887648005,0.036144860887632246,0.036144860887616474,0.036144860887600716,0.03614486088758496,0.0361448608875692,0.036144860887553434,0.03614486088753768,0.03614486088752194,0.036144860887506174,0.03614486088749044,0.036144860887474685,0.03614486088745896,0.0361448608874432,0.03614486088742747,0.036144860887411735,0.03614486088739601,0.03614486088738029,0.03614486088736455,0.03614486088734883,0.036144860887333104,0.03614486088731737,0.03614486088730165,0.03614486088728595,0.036144860887270217,0.03614486088725451,0.03614486088723881,0.0361448608872231,0.03614486088720741,0.03614486088719171,0.036144860887176014,0.03614486088716031,0.03614486088714462,0.03614486088712894,0.036144860887113245,0.03614486088709758,0.0361448608870819,0.036144860887066206,0.03614486088705057,0.03614486088703488,0.036144860887019216,0.03614486088700353,0.036144860886987866,0.0361448608869722,0.03614486088695655,0.036144860886940876,0.03614486088692523,0.03614486088690957,0.0361448608868939,0.03614486088687826,0.03614486088686262,0.036144860886846965,0.03614486088683132,0.03614486088681567,0.036144860886800016,0.03614486088678438,0.036144860886768736,0.03614486088675312,0.03614486088673748,0.03614486088672186,0.03614486088670623,0.03614486088669059,0.03614486088667499,0.03614486088665937,0.03614486088664375,0.03614486088662813,0.03614486088661253,0.036144860886596915,0.03614486088658131,0.03614486088656571,0.036144860886550105,0.03614486088653449,0.03614486088651891,0.03614486088650333,0.036144860886487724,0.03614486088647213,0.03614486088645655,0.036144860886440956,0.036144860886425365,0.03614486088640979,0.036144860886394216,0.036144860886378645,0.03614486088636306,0.03614486088634749,0.03614486088633192,0.03614486088631635,0.036144860886300784,0.03614486088628521,0.03614486088626967,0.03614486088625412,0.03614486088623856,0.03614486088622302,0.03614486088620746,0.03614486088619192,0.03614486088617637,0.03614486088616084,0.036144860886145276,0.03614486088612974,0.0361448608861142,0.036144860886098674,0.036144860886083145,0.036144860886067616,0.0361448608860521,0.03614486088603657,0.03614486088602105,0.03614486088600553,0.03614486088599001,0.03614486088597449,0.03614486088595898,0.03614486088594349,0.036144860885927985,0.03614486088591248,0.03614486088589698,0.03614486088588148,0.036144860885865986,0.036144860885850484,0.036144860885835,0.0361448608858195,0.036144860885804014,0.036144860885788534,0.03614486088577306,0.036144860885757586,0.03614486088574211,0.03614486088572665,0.036144860885711186,0.03614486088569569,0.03614486088568023,0.036144860885664785,0.0361448608856493,0.036144860885633845,0.03614486088561839,0.03614486088560293,0.03614486088558748,0.036144860885572026,0.03614486088555659,0.03614486088554114,0.036144860885525695,0.03614486088551026,0.03614486088549481,0.036144860885479364,0.036144860885463946,0.03614486088544851,0.03614486088543308,0.03614486088541764,0.036144860885402225,0.036144860885386806,0.03614486088537137,0.036144860885355956,0.03614486088534054,0.03614486088532512,0.03614486088530972,0.03614486088529431,0.0361448608852789,0.036144860885263495,0.036144860885248084,0.03614486088523268,0.036144860885217275,0.036144860885201885,0.0361448608851865,0.0361448608851711,0.03614486088515572,0.03614486088514034,0.03614486088512495,0.03614486088510956,0.03614486088509418,0.03614486088507879,0.03614486088506341,0.036144860885048036,0.036144860885032666,0.03614486088501729,0.03614486088500194,0.03614486088498657,0.03614486088497121,0.03614486088495585,0.03614486088494049,0.03614486088492513,0.036144860884909785,0.03614486088489444,0.03614486088487909,0.03614486088486373,0.0361448608848484,0.03614486088483306,0.03614486088481773,0.0361448608848024,0.03614486088478706,0.03614486088477172,0.036144860884756394,0.03614486088474108,0.03614486088472577,0.03614486088471045,0.03614486088469512,0.03614486088467979,0.03614486088466449,0.03614486088464918,0.03614486088463388,0.03614486088461858,0.03614486088460329,0.03614486088458797,0.03614486088457267,0.03614486088455738,0.036144860884542086,0.03614486088452677,0.036144860884511486,0.0361448608844962,0.03614486088448091,0.03614486088446565,0.03614486088445035,0.03614486088443508,0.03614486088441979,0.03614486088440452,0.036144860884389264,0.036144860884373985,0.03614486088435871,0.03614486088434346,0.03614486088432819,0.036144860884312936,0.036144860884297685,0.03614486088428243,0.036144860884267174,0.03614486088425193,0.03614486088423667,0.036144860884221426,0.036144860884206195,0.036144860884190964,0.03614486088417573,0.03614486088416049,0.036144860884145265,0.03614486088413004,0.03614486088411482,0.03614486088409958,0.03614486088408434,0.036144860884069124,0.03614486088405391,0.03614486088403869,0.03614486088402347,0.03614486088400826,0.036144860883993046,0.036144860883977836,0.036144860883962626,0.03614486088394743,0.03614486088393221,0.03614486088391701,0.03614486088390182,0.036144860883886624,0.03614486088387143,0.03614486088385623,0.03614486088384104,0.03614486088382585,0.03614486088381065,0.03614486088379548,0.03614486088378031,0.03614486088376514,0.03614486088374994,0.036144860883734774,0.03614486088371961,0.03614486088370444,0.03614486088368927,0.03614486088367411,0.036144860883658946,0.0361448608836438,0.03614486088362863,0.036144860883613475,0.03614486088359832,0.036144860883583166,0.036144860883568025,0.036144860883552885,0.036144860883537744,0.03614486088352261,0.03614486088350747,0.036144860883492336,0.036144860883477195,0.03614486088346206,0.03614486088344693,0.0361448608834318,0.03614486088341667,0.03614486088340155,0.03614486088338642,0.0361448608833713,0.03614486088335618,0.03614486088334108,0.03614486088332596,0.03614486088331086,0.03614486088329576,0.036144860883280665,0.03614486088326554,0.03614486088325045,0.03614486088323536,0.03614486088322027,0.03614486088320518,0.03614486088319009,0.036144860883175006,0.036144860883159914,0.036144860883144815,0.03614486088312975,0.03614486088311467,0.03614486088309961,0.03614486088308453,0.036144860883069445,0.0361448608830544,0.03614486088303932,0.03614486088302426,0.036144860883009174,0.03614486088299412,0.036144860882979066,0.036144860882963994,0.036144860882948944,0.036144860882933894,0.03614486088291884,0.036144860882903806,0.036144860882888756,0.03614486088287371,0.03614486088285869,0.03614486088284363,0.03614486088282862,0.03614486088281358,0.036144860882798543,0.03614486088278353,0.03614486088276851,0.036144860882753455,0.036144860882738446,0.03614486088272344,0.036144860882708414,0.03614486088269339,0.036144860882678376,0.03614486088266338,0.036144860882648365,0.03614486088263335,0.03614486088261837,0.036144860882603366,0.03614486088258837,0.03614486088257337,0.03614486088255838,0.036144860882543386,0.0361448608825284,0.03614486088251346,0.036144860882498464,0.03614486088248348,0.036144860882468495,0.036144860882453514,0.03614486088243855,0.036144860882423566,0.0361448608824086,0.03614486088239363,0.03614486088237865,0.0361448608823637,0.03614486088234874,0.036144860882333776,0.03614486088231881,0.03614486088230387,0.036144860882288916,0.036144860882273956,0.036144860882258996,0.036144860882244056,0.036144860882229096,0.036144860882214164,0.03614486088219922,0.03614486088218429,0.036144860882169345,0.03614486088215441,0.03614486088213948,0.03614486088212457,0.03614486088210963,0.03614486088209471,0.03614486088207979,0.03614486088206487,0.03614486088204996,0.036144860882035064,0.03614486088202014,0.03614486088200524,0.03614486088199035,0.03614486088197544,0.03614486088196054,0.03614486088194563,0.03614486088193074,0.03614486088191584,0.036144860881900935,0.03614486088188604,0.03614486088187113,0.036144860881856235,0.03614486088184135,0.036144860881826474,0.0361448608818116,0.03614486088179673,0.036144860881781836,0.03614486088176696,0.03614486088175208,0.03614486088173722,0.03614486088172233,0.03614486088170747,0.03614486088169262,0.03614486088167775,0.03614486088166291,0.03614486088164805,0.03614486088163318,0.03614486088161835,0.03614486088160349,0.03614486088158864,0.0361448608815738,0.036144860881558966,0.036144860881544116,0.03614486088152928,0.03614486088151444,0.03614486088149961,0.036144860881484796,0.03614486088146996,0.036144860881455125,0.0361448608814403,0.036144860881425475,0.03614486088141066,0.03614486088139584,0.036144860881381025,0.036144860881366224,0.036144860881351416,0.0361448608813366,0.036144860881321794,0.03614486088130699,0.036144860881292186,0.036144860881277385,0.036144860881262585,0.036144860881247784,0.03614486088123298,0.03614486088121819,0.0361448608812034,0.03614486088118862,0.03614486088117383,0.036144860881159056,0.036144860881144276,0.036144860881129504,0.03614486088111473,0.036144860881099965,0.036144860881085185,0.03614486088107042,0.03614486088105565,0.03614486088104087,0.03614486088102612,0.03614486088101135,0.03614486088099658,0.03614486088098183,0.03614486088096708,0.03614486088095235,0.03614486088093756,0.0361448608809228,0.03614486088090807,0.036144860880893324,0.036144860880878586,0.036144860880863834,0.03614486088084911,0.036144860880834365,0.036144860880819626,0.0361448608808049,0.03614486088079016,0.03614486088077544,0.03614486088076071,0.036144860880746,0.03614486088073128,0.03614486088071658,0.03614486088070187,0.03614486088068715,0.03614486088067245,0.03614486088065774,0.036144860880643045,0.03614486088062834,0.03614486088061363,0.03614486088059894,0.036144860880584245,0.036144860880569556,0.03614486088055487,0.036144860880540176,0.036144860880525494,0.03614486088051081,0.03614486088049613,0.03614486088048144,0.036144860880466756,0.036144860880452094,0.03614486088043741,0.03614486088042274,0.03614486088040806,0.036144860880393384,0.036144860880378736,0.03614486088036407,0.036144860880349405,0.036144860880334764,0.0361448608803201,0.03614486088030544,0.03614486088029079,0.03614486088027616,0.03614486088026151,0.036144860880246876,0.036144860880232214,0.03614486088021759,0.03614486088020294,0.03614486088018831,0.036144860880173664,0.03614486088015902,0.03614486088014438,0.03614486088012978,0.03614486088011515,0.03614486088010052,0.036144860880085894,0.03614486088007128,0.03614486088005665,0.03614486088004204,0.03614486088002743,0.03614486088001282,0.03614486087999821,0.036144860879983615,0.03614486087996901,0.0361448608799544,0.036144860879939796,0.03614486087992522,0.03614486087991061,0.03614486087989604,0.036144860879881446,0.036144860879866854,0.03614486087985226,0.036144860879837655,0.03614486087982308,0.03614486087980851,0.03614486087979395,0.036144860879779375,0.03614486087976482,0.03614486087975024,0.036144860879735646,0.03614486087972109,0.03614486087970653,0.03614486087969195,0.036144860879677394,0.03614486087966284,0.0361448608796483,0.036144860879633714,0.036144860879619184,0.03614486087960467,0.03614486087959012,0.036144860879575594,0.03614486087956105,0.03614486087954651,0.03614486087953196,0.03614486087951742,0.03614486087950288,0.03614486087948838,0.036144860879473835,0.03614486087945934,0.036144860879444796,0.03614486087943031,0.03614486087941579,0.03614486087940126,0.036144860879386745,0.03614486087937223,0.03614486087935772,0.0361448608793432,0.03614486087932868,0.036144860879314185,0.036144860879299696,0.0361448608792852,0.03614486087927071,0.03614486087925625,0.03614486087924176,0.036144860879227254,0.03614486087921275,0.03614486087919827,0.03614486087918378,0.0361448608791693,0.03614486087915483,0.036144860879140345,0.03614486087912587,0.03614486087911138,0.03614486087909691,0.03614486087908245,0.036144860879067965,0.03614486087905352,0.03614486087903904,0.03614486087902458,0.036144860879010116,0.03614486087899567,0.03614486087898121,0.03614486087896676,0.036144860878952315,0.036144860878937854,0.03614486087892342,0.036144860878908974,0.03614486087889455,0.0361448608788801,0.03614486087886565,0.03614486087885123,0.036144860878836796,0.036144860878822384,0.036144860878807916,0.036144860878793504,0.03614486087877907,0.03614486087876465,0.03614486087875023,0.03614486087873581,0.036144860878721395,0.036144860878707,0.03614486087869258,0.03614486087867818,0.03614486087866377,0.03614486087864936,0.03614486087863497,0.03614486087862056,0.036144860878606175,0.036144860878591784,0.03614486087857738,0.03614486087856298,0.0361448608785486,0.0361448608785342,0.03614486087851983,0.03614486087850544,0.036144860878491065,0.036144860878476695,0.036144860878462304,0.03614486087844793,0.03614486087843356,0.03614486087841916,0.036144860878404815,0.03614486087839046,0.03614486087837609,0.036144860878361725,0.03614486087834736,0.036144860878333004,0.036144860878318655,0.036144860878304326,0.03614486087828996,0.03614486087827561,0.03614486087826125,0.03614486087824692
9,1.0351817470007378e-44,2.921521047887378e-44,5.782427083781595e-44,9.77204810436139e-44,1.503923659012524e-43,2.1729062165081476e-43,2.9984849087685992e-43,3.9949414785726176e-43,5.176576298343718e-43,6.557744009555421e-43,8.152868867895188e-43,9.976448227213201e-43,1.2043049436940536e-42,1.4367303409713276e-42,1.6963896828708494e-42,1.9847564145491417e-42,2.3033080003728426e-42,2.6535252404183618e-42,3.036891673253464e-42,3.454893065836818e-42,3.909016985166299e-42,4.400752443284865e-42,4.931589606159364e-42,5.5030195570032214e-42,6.116534105196003e-42,6.773625632998337e-42,7.475786973196614e-42,8.224511311875039e-42,9.021292111476779e-42,9.867623050116955e-42,1.0764997973877021e-41,1.1714910859393962e-41,1.2718855784611835e-41,1.3778326905949707e-41,1.4894818440535022e-41,1.6069824652386382e-41,1.7304839841698025e-41,1.860135833653893e-41,1.9960874486429877e-41,2.1384882657395548e-41,2.2874877228124597e-41,2.4432352587028125e-41,2.605880312997589e-41,2.775572325854663e-41,2.9524607378697557e-41,3.136694989972408e-41,3.3284245233480446e-41,3.527798779377365e-41,3.734967199590294e-41,3.950079225630405e-41,4.173284299228054e-41,4.404731862179724e-41,4.644571356332251e-41,4.89295222357064e-41,5.15002390580961e-41,5.415935844985535e-41,5.690837483051848e-41,5.974878261974807e-41,6.26820762373057e-41,6.570975010302221e-41,6.883329863678928e-41,7.205421625854208e-41,7.537399738824058e-41,7.879413644587765e-41,8.231612785146122e-41,8.594146602501342e-41,8.967164538656684e-41,9.350816035616353e-41,9.745250535385234e-41,1.0150617479968074e-40,1.0567066311370602e-40,1.0994746471598724e-40,1.143380740265833e-40,1.188439854655553e-40,1.2346669345296653e-40,1.2820769240888083e-40,1.3306847675336335e-40,1.3805054090647587e-40,1.4315537928828504e-40,1.4838448631885616e-40,1.5373935641825638e-40,1.5922148400654765e-40,1.648323635037993e-40,1.7057348933007523e-40,1.7644635590544205e-40,1.8245245764996695e-40,1.8859328898371377e-40,1.9487034432674984e-40,2.0128511809914115e-40,2.0783910472095387e-40,2.145337986122543e-40,2.213706941931085e-40,2.2835128588358264e-40,2.3547706810374312e-40,2.4274953527365584e-40,2.5017018181338728e-40,2.5774050214300334e-40,2.654619906825703e-40,2.7333614185215453e-40,2.813644500718222e-40,2.8954840976163934e-40,2.9788951534167204e-40,3.063892612319884e-40,3.1504914185265094e-40,3.2387065162372794e-40,3.328552849652851e-40,3.4200453629738917e-40,3.5131990004010563e-40,3.6080287061350143e-40,3.704549424376427e-40,3.8027760993259545e-40,3.9027236751842595e-40,4.004407096152005e-40,4.107841306429869e-40,4.213041250218476e-40,4.3200218717184814e-40,4.428798115130616e-40,4.539384924655488e-40,4.6517972444937666e-40,4.766050018846119e-40,4.882158191913208e-40,5.0001367078956995e-40,5.120000510994244e-40,5.241764545409531e-40,5.365443755342176e-40,5.491053084992866e-40,5.618607478562265e-40,5.748121880251083e-40,5.87961123425988e-40,6.013090484789367e-40,6.148574576040189e-40,6.2860784522130434e-40,6.4256170575085775e-40,6.56720533612745e-40,6.710858232270321e-40,6.856590690137872e-40,7.004417653930738e-40,7.154354067849574e-40,7.306414876095067e-40,7.460615022867885e-40,7.616969452368681e-40,7.775493108798111e-40,7.936200936356842e-40,8.09910787924553e-40,8.264228881664836e-40,8.431578887815429e-40,8.601172841897966e-40,8.773025688113118e-40,8.947152370661533e-40,9.123567833743893e-40,9.302287021560845e-40,9.483324878313042e-40,9.666696348201165e-40,9.852416375425872e-40,1.0040499904187826e-39,1.0230961878687684e-39,1.0423817243126104e-39,1.0619080941703753e-39,1.0816767918621292e-39,1.1016893118079381e-39,1.1219471484278688e-39,1.142451796141987e-39,1.163204749370359e-39,1.1842075025330507e-39,1.2054615500501287e-39,1.226968386341659e-39,1.2487295058277074e-39,1.27074640292834e-39,1.2930205720636235e-39,1.3155535076536248e-39,1.3383467041184095e-39,1.3614016558780437e-39,1.3847198573525938e-39,1.4083028029621261e-39,1.4321519871267056e-39,1.4562689042664005e-39,1.480655048801275e-39,1.5053119151513966e-39,1.5302409977368315e-39,1.555443790977644e-39,1.5809217892939016e-39,1.6066764871056713e-39,1.6327093788330178e-39,1.6590219588960092e-39,1.68561572171471e-39,1.712492161709187e-39,1.739652773299507e-39,1.7670990509057358e-39,1.7948324889479388e-39,1.822854581846184e-39,1.851166824020536e-39,1.879770709891062e-39,1.9086677338778277e-39,1.9378593904009017e-39,1.9673471738803442e-39,1.9971325787362266e-39,2.027217099388612e-39,2.057602230257569e-39,2.0882894657631626e-39,2.1192803003254602e-39,2.1505762283645263e-39,2.1821787443004286e-39,2.2140893425532313e-39,2.2463095175430035e-39,2.278840763689809e-39,2.3116845754137148e-39,2.3448424471347855e-39,2.3783158732730908e-39,2.4121063482486944e-39,2.4462153664816635e-39,2.480644422392065e-39,2.515395010399963e-39,2.5504686249254266e-39,2.5858667603885172e-39,2.6215909112093048e-39,2.657642571807854e-39,2.6940232366042317e-39,2.7307344000185048e-39,2.7677775564707397e-39,2.8051542003809993e-39,2.8428658261693546e-39,2.8809139282558706e-39,2.91930000106061e-39,2.9580255390036415e-39,2.997092036505029e-39,3.036500987984843e-39,3.076253887863148e-39,3.1163522305600095e-39,3.156797510495493e-39,3.197591222089666e-39,3.238734859762594e-39,3.28022991793434e-39,3.322077891024976e-39,3.364280273454566e-39,3.406838559643174e-39,3.449754244010872e-39,3.493028820977721e-39,3.5366637849637893e-39,3.580660630389147e-39,3.625020851673852e-39,3.669745943237969e-39,3.714837399501575e-39,3.760296714884729e-39,3.8061253838074997e-39,3.852324900689953e-39,3.898896759952152e-39,3.945842456014168e-39,3.993163483296063e-39,4.040861336217905e-39,4.088937509199761e-39,4.137393496661696e-39,4.186230793023777e-39,4.2354508927060664e-39,4.285055290128638e-39,4.3350454797115517e-39,4.385422955874876e-39,4.436189213038676e-39,4.48734574562302e-39,4.538894048047972e-39,4.590835614733603e-39,4.643171940099971e-39,4.695904518567146e-39,4.749034844555195e-39,4.802564412484182e-39,4.856494716774177e-39,4.910827251845244e-39,4.965563512117452e-39,5.0207049920108606e-39,5.0762531859455434e-39,5.1322095883415614e-39,5.188575693618983e-39,5.245352996197875e-39,5.302542990498302e-39,5.3601471709403287e-39,5.418167031944025e-39,5.476604067929456e-39,5.535459773316686e-39,5.594735642525785e-39,5.6544331699768146e-39,5.714553850089844e-39,5.775099177284937e-39,5.8360706459821635e-39,5.897469750601586e-39,5.959297985563274e-39,6.021556845287291e-39,6.084247824193704e-39,6.14737241670258e-39,6.210932117233989e-39,6.274928420207987e-39,6.339362820044646e-39,6.404236811164036e-39,6.469551887986216e-39,6.535309544931255e-39,6.601511276419221e-39,6.668158576870181e-39,6.735252940704199e-39,6.80279586234134e-39,6.87078883620167e-39,6.939233356705258e-39,7.008130918272168e-39,7.077483015322474e-39,7.14729114227623e-39,7.217556793553507e-39,7.28828146357437e-39,7.359466646758891e-39,7.431113837527129e-39,7.503224530299156e-39,7.575800219495032e-39,7.64884239953483e-39,7.722352564838613e-39,7.796332209826447e-39,7.870782828918401e-39,7.945705916534534e-39,8.021102967094917e-39,8.096975475019615e-39,8.173324934728698e-39,8.250152840642228e-39,8.327460687180275e-39,8.405249968762899e-39,8.483522179810172e-39,8.562278814742155e-39,8.641521367978917e-39,8.72125133394053e-39,8.801470207047042e-39,8.88217948171854e-39,8.963380652375083e-39,9.045075213436737e-39,9.127264659323568e-39,9.209950484455634e-39,9.293134183253017e-39,9.376817250135774e-39,9.461001179523975e-39,9.545687465837683e-39,9.630877603496958e-39,9.716573086921878e-39,9.802775410532506e-39,9.889486068748902e-39,9.976706555991139e-39,1.0064438366679277e-38,1.015268299523339e-38,1.0241441936073538e-38,1.0330716683619799e-38,1.0420508732292222e-38,1.051081957651088e-38,1.0601650710695841e-38,1.0693003629267169e-38,1.0784879826644925e-38,1.0877280797249191e-38,1.0970208035500019e-38,1.106366303581748e-38,1.1157647292621643e-38,1.1252162300332566e-38,1.1347209553370324e-38,1.1442790546154983e-38,1.1538906773106602e-38,1.1635559728645254e-38,1.1732750907191001e-38,1.1830481803163905e-38,1.1928753910984044e-38,1.2027568725071475e-38,1.2126927739846262e-38,1.2226832449728488e-38,1.23272843491382e-38,1.2428284932495469e-38,1.2529835694220366e-38,1.2631938128732954e-38,1.2734593730453303e-38,1.283780399380148e-38,1.2941570413197547e-38,1.3045894483061565e-38,1.3150777697813604e-38,1.325622155187374e-38,1.3362227539662026e-38,1.346879715559854e-38,1.3575931894103332e-38,1.3683633249596492e-38,1.3791902716498065e-38,1.3900741789228136e-38,1.4010151962206748e-38,1.4120134729853977e-38,1.423069158658989e-38,1.434182402683456e-38,1.4453533545008045e-38,1.4565821635530417e-38,1.4678689792821746e-38,1.479213951130208e-38,1.4906172285391494e-38,1.5020789609510053e-38,1.5135992978077835e-38,1.5251783885514897e-38,1.5368163826241305e-38,1.5485134294677124e-38,1.5602696785242423e-38,1.572085279235727e-38,1.5839603810441724e-38,1.595895133391586e-38,1.6078896857199732e-38,1.619944187471342e-38,1.6320587880876984e-38,1.6442336370110496e-38,1.656468883683401e-38,1.66876467754676e-38,1.6811211680431328e-38,1.6935385046145274e-38,1.7060168367029489e-38,1.7185563137504045e-38,1.7311570851989014e-38,1.7438193004904452e-38,1.7565431090670414e-38,1.7693286603707005e-38,1.7821761038434252e-38,1.7950855889272243e-38,1.8080572650641033e-38,1.8210912816960695e-38,1.8341877882651287e-38,1.8473469342132883e-38,1.8605688689825547e-38,1.8738537420149345e-38,1.8872017027524344e-38,1.9006129006370616e-38,1.9140874851108214e-38,1.927625605615722e-38,1.9412274115937676e-38,1.954893052486968e-38,1.9686226777373272e-38,1.9824164367868522e-38,1.996274479077551e-38,2.0101969540514294e-38,2.0241840111504943e-38,2.0382357998167517e-38,2.0523524694922093e-38,2.0665341696188727e-38,2.0807810496387494e-38,2.0950932589938446e-38,2.1094709471261646e-38,2.1239142634777184e-38,2.1384233574905106e-38,2.152998378606549e-38,2.1676394762678403e-38,2.1823467999163906e-38,2.1971204989942062e-38,2.2119607229432946e-38,2.2268676212056626e-38,2.2418413432233155e-38,2.2568820384382612e-38,2.2719898562925048e-38,2.287164946228055e-38,2.302407457686916e-38,2.3177175401110958e-38,2.3330953429426027e-38,2.34854101562344e-38,2.364054707595615e-38,2.379636568301136e-38,2.395286747182009e-38,2.411005393680241e-38,2.4267926572378363e-38,2.4426486872968033e-38,2.458573633299149e-38,2.47456764468688e-38,2.4906308709020014e-38,2.506763461386522e-38,2.5229655655824467e-38,2.539237332931784e-38,2.555578912876538e-38,2.5719904548587163e-38,2.588472108320328e-38,2.605024022703376e-38,2.6216463474498684e-38,2.6383392320018134e-38,2.655102825801214e-38,2.671937278290079e-38,2.688842738910415e-38,2.705819357104229e-38,2.722867282313526e-38,2.7399866639803144e-38,2.7571776515466016e-38,2.7744403944543915e-38,2.7917750421456926e-38,2.80918174406251e-38,2.826660649646852e-38,2.8442119083407237e-38,2.861835669586134e-38,2.8795320828250865e-38,2.897301297499591e-38,2.9151434630516514e-38,2.933058728923275e-38,2.9510472445564694e-38,2.96910915939324e-38,2.987244622875595e-38,3.0054537844455387e-38,3.02373679354508e-38,3.042093799616225e-38,3.06052495210098e-38,3.0790304004413504e-38,3.0976102940793437e-38,3.116264782456967e-38,3.134994015016229e-38,3.1537981411991323e-38,3.172677310447685e-38,3.1916316722038925e-38,3.210661375909764e-38,3.2297665710073056e-38,3.248947406938523e-38,3.268204033145425e-38,3.287536599070015e-38,3.306945254154299e-38,3.3264301478402875e-38,3.345991429569985e-38,3.3656292487853984e-38,3.385343754928532e-38,3.405135097441397e-38,3.425003425765998e-38,3.4449488893443396e-38,3.4649716376184323e-38,3.48507182003028e-38,3.5052495860218897e-38,3.5255050850352666e-38,3.5458384665124204e-38,3.566249879895355e-38,3.586739474626079e-38,3.6073074001466016e-38,3.627953805898924e-38,3.6486788413250545e-38,3.6694826558669997e-38,3.6903653989667667e-38,3.7113272200663615e-38,3.732368268607793e-38,3.7534886940330666e-38,3.7746886457841865e-38,3.795968273303162e-38,3.817327726031999e-38,3.8387671534127045e-38,3.8602867048872836e-38,3.881886529897745e-38,3.903566777886093e-38,3.925327598294336e-38,3.94716914056448e-38,3.969091554138533e-38,3.9910949884585004e-38,4.013179592966388e-38,4.0353455171042025e-38,4.057592910313952e-38,4.079921922037643e-38,4.1023327017172833e-38,4.1248253987948747e-38,4.1474001627124284e-38,4.1700571429119484e-38,4.1927964888354436e-38,4.2156183499249173e-38,4.2385228756223793e-38,4.2615102153698364e-38,4.284580518609294e-38,4.307733934782758e-38,4.3309706133322353e-38,4.354290703699733e-38,4.37769435532726e-38,4.4011817176568186e-38,4.424752940130417e-38,4.448408172190063e-38,4.4721475632777625e-38,4.495971262835523e-38,4.519879420305349e-38,4.5438721851292496e-38,4.5679497067492287e-38,4.5921121346072953e-38,4.6163596181454524e-38,4.640692306805711e-38,4.665110350030077e-38,4.6896138972605566e-38,4.714203097939155e-38,4.738878101507878e-38,4.763639057408736e-38,4.788486115083731e-38,4.813419423974872e-38,4.83843913352417e-38,4.863545393173626e-38,4.888738352365245e-38,4.91401816054104e-38,4.939384967143012e-38,4.96483892161317e-38,4.990380173393522e-38,5.016008871926071e-38,5.041725166652828e-38,5.067529207015797e-38,5.093421142456985e-38,5.119401122418399e-38,5.145469296342044e-38,5.17162581366993e-38,5.197870823844059e-38,5.224204476306439e-38,5.25062692049908e-38,5.277138305863985e-38,5.303738781843162e-38,5.33042849787862e-38,5.357207603412358e-38,5.38407624788639e-38,5.411034580742721e-38,5.438082751423357e-38,5.465220909370306e-38,5.492449204025572e-38,5.519767784831163e-38,5.547176801229086e-38,5.574676402661348e-38,5.60226673856995e-38,5.629947958396907e-38,5.657720211584223e-38,5.685583647573902e-38,5.713538415807954e-38,5.741584665728384e-38,5.769722546777198e-38,5.797952208396403e-38,5.826273800028006e-38,5.854687471114011e-38,5.883193371096428e-38,5.911791649417263e-38,5.940482455518522e-38,5.969265938842211e-38,5.998142248830338e-38,6.027111534924909e-38,6.056173946567929e-38,6.085329633201408e-38,6.114578744267352e-38,6.143921429207765e-38,6.173357837464655e-38,6.202888118480028e-38,6.232512421695893e-38,6.262230896554252e-38,6.292043692497117e-38,6.321950958966492e-38,6.351952845404385e-38,6.382049501252798e-38,6.412241075953744e-38,6.442527718949224e-38,6.47290957968125e-38,6.503386807591825e-38,6.533959552122958e-38,6.564627962716653e-38,6.595392188814918e-38,6.626252379859758e-38,6.657208685293178e-38,6.688261254557193e-38,6.719410237093804e-38,6.750655782345017e-38,6.78199803975284e-38,6.81343715875928e-38,6.844973288806343e-38,6.876606579336031e-38,6.908337179790354e-38,6.940165239611322e-38,6.972090908240943e-38,7.004114335121217e-38,7.036235669694158e-38,7.068455061401766e-38,7.100772659686046e-38,7.133188613989009e-38,7.165703073752661e-38,7.198316188419011e-38,7.23102810743006e-38,7.26383898022782e-38,7.296748956254294e-38,7.329758184951492e-38,7.362866815761418e-38,7.396074998126083e-38,7.429382881487485e-38,7.46279061528764e-38,7.496298348968548e-38,7.529906231972216e-38,7.563614413740654e-38,7.597423043715867e-38,7.631332271339861e-38,7.665342246054642e-38,7.699453117302217e-38,7.733665034524596e-38,7.767978147163782e-38,7.802392604661782e-38,7.836908556460606e-38,7.871526152002255e-38,7.90624554072874e-38,7.941066872082064e-38,7.975990295504237e-38,8.01101596043727e-38,8.046144016323162e-38,8.081374612603918e-38,8.116707898721548e-38,8.15214402411806e-38,8.187683138235462e-38,8.223325390515758e-38,8.259070930400955e-38,8.294919907333058e-38,8.330872470754076e-38,8.366928770106013e-38,8.403088954830879e-38,8.439353174370673e-38,8.475721578167413e-38,8.512194315663101e-38,8.548771536299741e-38,8.58545338951934e-38,8.622240024763907e-38,8.659131591475447e-38,8.696128239095967e-38,8.733230117067474e-38,8.770437374831976e-38,8.807750161831478e-38,8.845168627507985e-38,8.882692921303506e-38,8.920323192660046e-38,8.958059591019614e-38,8.995902265824212e-38,9.033851366515854e-38,9.071907042536541e-38,9.110069443328281e-38,9.148338718333083e-38,9.186715016992947e-38,9.225198488749886e-38,9.263789283045904e-38,9.302487549323012e-38,9.341293437023209e-38,9.380207095588506e-38,9.419228674460908e-38,9.458358323082422e-38,9.497596190895055e-38,9.536942427340817e-38,9.57639718186171e-38,9.615960603899743e-38,9.655632842896925e-38,9.695414048295258e-38,9.73530436953675e-38,9.775303956063406e-38,9.815412957317235e-38,9.855631522740242e-38,9.895959801774434e-38,9.936397943861818e-38,9.976946098444397e-38,1.0017604414964188e-37,1.0058373042863184e-37,1.0099252131583405e-37,1.014024183056685e-37,1.0181342289255524e-37,1.022255365709144e-37,1.0263876083516597e-37,1.0305309717973006e-37,1.0346854709902675e-37,1.0388511208747606e-37,1.0430279363949812e-37,1.0472159324951296e-37,1.0514151241194065e-37,1.0556255262120128e-37,1.059847153717149e-37,1.0640800215790153e-37,1.0683241447418122e-37,1.0725795381497414e-37,1.0768462167470032e-37,1.081124195477798e-37,1.0854134892863264e-37,1.089714113116789e-37,1.0940260819133873e-37,1.098349410620321e-37,1.1026841141817912e-37,1.1070302075419984e-37,1.1113877056451434e-37,1.1157566234354267e-37,1.1201369758570493e-37,1.1245287778542117e-37,1.128932044371114e-37,1.1333467903519575e-37,1.1377730307409431e-37,1.1422107804822707e-37,1.1466600545201413e-37,1.1511208677987558e-37,1.1555932352623144e-37,1.1600771718550183e-37,1.1645726925210675e-37,1.169079812204664e-37,1.1735985458500068e-37,1.1781289084012973e-37,1.182670914802736e-37,1.1872245799985238e-37,1.1917899189328614e-37,1.196366946549949e-37,1.2009556777939879e-37,1.205556127609178e-37,1.2101683109397209e-37,1.2147922427298164e-37,1.2194279379236662e-37,1.2240754114654694e-37,1.228734678299428e-37,1.233405753369742e-37,1.2380886516206125e-37,1.24278338799624e-37,1.247489977440825e-37,1.2522084348985686e-37,1.2569387753136707e-37,1.2616810136303321e-37,1.2664351647927541e-37,1.2712012437451365e-37,1.275979265431681e-37,1.2807692447965881e-37,1.2855711967840576e-37,1.2903851363382909e-37,1.2952110784034888e-37,1.3000490379238513e-37,1.3048990298435791e-37,1.3097610691068736e-37,1.3146351706579342e-37,1.319521349440963e-37,1.3244196204001593e-37,1.329329998479725e-37,1.33425249862386e-37,1.3391871357767652e-37,1.3441339248826415e-37,1.3490928808856889e-37,1.3540640187301084e-37,1.3590473533601012e-37,1.3640428997198674e-37,1.3690506727536078e-37,1.3740706874055227e-37,1.3791029586198135e-37,1.3841475013406798e-37,1.3892043305123232e-37,1.3942734610789438e-37,1.399354907984743e-37,1.4044486861739207e-37,1.4095548105906781e-37,1.4146732961792155e-37,1.4198041578837337e-37,1.4249474106484332e-37,1.4301030694175144e-37,1.4352711491351792e-37,1.4404516647456264e-37,1.4456446311930587e-37,1.450850063421675e-37,1.4560679763756772e-37,1.4612983849992652e-37,1.4665413042366402e-37,1.4717967490320026e-37,1.477064734329553e-37,1.4823452750734922e-37,1.4876383862080205e-37,1.492944082677339e-37,1.4982623794256486e-37,1.5035932913971494e-37,1.5089368335360418e-37,1.514293020786527e-37,1.5196618680928055e-37,1.525043390399078e-37,1.5304376026495454e-37,1.5358445197884078e-37,1.5412641567598665e-37,1.5466965285081215e-37,1.552141649977374e-37,1.557599536111825e-37,1.5630702018556737e-37,1.5685536621531222e-37,1.5740499319483708e-37,1.57955902618562e-37,1.5850809598090703e-37,1.5906157477629225e-37,1.5961634049913776e-37,1.6017239464386358e-37,1.6072973870488977e-37,1.6128837417663644e-37,1.6184830255352366e-37,1.6240952532997145e-37,1.629720440003999e-37,1.6353586005922914e-37,1.6410097500087915e-37,1.6466739031977e-37,1.6523510751032174e-37,1.658041280669545e-37,1.6637445348408826e-37,1.6694608525614318e-37,1.6751902487753924e-37,1.6809327384269661e-37,1.6866883364603535e-37,1.6924570578197541e-37,1.6982389174493694e-37,1.7040339302934e-37,1.709842111296046e-37,1.7156634754015092e-37,1.7214980375539888e-37,1.727345812697687e-37,1.733206815776803e-37,1.7390810617355386e-37,1.7449685655180944e-37,1.75086934206867e-37,1.756783406331467e-37,1.7627107732506856e-37,1.7686514577705267e-37,1.7746054748351914e-37,1.7805728393888798e-37,1.7865535663757924e-37,1.7925476707401303e-37,1.798555167426094e-37,1.8045760713778842e-37,1.8106103975397012e-37,1.8166581608557461e-37,1.8227193762702196e-37,1.8287940587273218e-37,1.834882223171254e-37,1.840983884546217e-37,1.847099057796411e-37,1.8532277578660367e-37,1.8593699996992945e-37,1.8655257982403858e-37,1.8716951684335105e-37,1.87787812522287e-37,1.8840746835526643e-37,1.890284858367094e-37,1.89650866461036e-37,1.902746117226663e-37,1.908997231160204e-37,1.9152620213551842e-37,1.9215405027558023e-37,1.92783269030626e-37,1.9341385989507583e-37,1.9404582436334977e-37,1.9467916392986786e-37,1.9531388008905016e-37,1.959499743353168e-37,1.9658744816308784e-37,1.972263030667833e-37,1.9786654054082326e-37,1.985081620796278e-37,1.991511691776169e-37,1.997955633292107e-37,2.0044134602882934e-37,2.0108851877089284e-37,2.017370830498211e-37,2.0238704036003435e-37,2.030383921959527e-37,2.0369114005199616e-37,2.0434528542258476e-37,2.0500082980213853e-37,2.0565777468507762e-37,2.0631612156582207e-37,2.0697587193879194e-37,2.0763702729840736e-37,2.0829958913908825e-37,2.089635589552548e-37,2.0962893824132703e-37,2.1029572849172507e-37,2.1096393120086886e-37,2.116335478631785e-37,2.123045799730742e-37,2.1297702902497587e-37,2.136508965133036e-37,2.143261839324775e-37,2.1500289277691765e-37,2.1568102454104403e-37,2.1636058071927683e-37,2.1704156280603598e-37,2.177239722957417e-37,2.184078106828139e-37,2.1909307946167273e-37,2.197797801267382e-37,2.204679141724305e-37,2.211574830931696e-37,2.218484883833756e-37,2.225409315374685e-37,2.2323481404986845e-37,2.2393013741499545e-37,2.246269031272696e-37,2.2532511268111096e-37,2.2602476757093957e-37,2.267258692911756e-37,2.27428419336239e-37,2.281324192005499e-37,2.2883787037852836e-37,2.2954477436459434e-37,2.3025313265316804e-37,2.3096294673866956e-37,2.316742181155188e-37,2.323869482781359e-37,2.3310113872094096e-37,2.33816790938354e-37,2.3453390642479514e-37,2.3525248667468447e-37,2.3597253318244197e-37,2.3669404744248775e-37,2.374170309492419e-37,2.3814148519712446e-37,2.388674116805554e-37,2.395948118939549e-37,2.403236873317431e-37,2.4105403948833986e-37,2.4178586985816533e-37,2.425191799356397e-37,2.4325397121518294e-37,2.439902451912151e-37,2.4472800335815614e-37,2.4546724721042636e-37,2.462079782424457e-37,2.469501979486343e-37,2.4769390782341205e-37,2.4843910936119916e-37,2.4918580405641566e-37,2.499339934034816e-37,2.506836788968171e-37,2.5143486203084217e-37,2.521875442999769e-37,1.2029716734217465e-10,2.407436616213934e-10,3.6134597492619477e-10,4.821107120770127e-10,6.030445794808239e-10,7.241543744699857e-10,8.454469751636387e-10,9.669293308893728e-10,1.0886084531900544e-09,1.2104914074399415e-09,1.3325853050821183e-09,1.4548972965030577e-09,1.5774345645427223e-09,1.7002043186454113e-09,1.8232137896483242e-09,1.9464702251902804e-09,2.0699808857448394e-09,2.193753041251314e-09,2.317793968334172e-09,2.442110948088575e-09,2.566711264417097e-09,2.6916022028905193e-09,2.816791050116324e-09,2.942285093589125e-09,3.068091622001164e-09,3.1942179259936668e-09,3.3206712993160307e-09,3.4474590403872217e-09,3.5745884542198454e-09,3.7020668547040724e-09,3.829901567218071e-09,3.958099931546223e-09,4.086669305100994e-09,4.215617066411421e-09,4.344950618886295e-09,4.474677394812268e-09,4.6048048595911935e-09,4.735340516198737e-09,4.866291909853192e-09,4.997666632881644e-09,5.129472329785126e-09,5.261716702477503e-09,5.394407515708945e-09,5.527552602657673e-09,5.66115987068753e-09,5.795237307269598e-09,5.929792986060573e-09,6.064835073138847e-09,6.200371833394902e-09,6.336411637075981e-09,6.4729629664819816e-09,6.6100344228089184e-09,6.7476347331550074e-09,6.8857727576649334e-09,7.024457496833238e-09,7.1636980989536994e-09,7.303503867720193e-09,7.443884269973587e-09,7.584848943591943e-09,7.726407705523745e-09,7.868570559954798e-09,8.01134770660134e-09,8.154749549122058e-09,8.298786703633307e-09,8.443470007306664e-09,8.588810527040257e-09,8.734819568157158e-09,8.88150868311079e-09,9.02888968015204e-09,9.17697463189711e-09,9.325775883743939e-09,9.4753060620364e-09,9.625578081926751e-09,9.776605154749189e-09,9.928400794819123e-09,1.008097882545865e-08,1.0234353384038686e-08,1.0388538925787385e-08,1.0543550226045706e-08,1.0699402380602889e-08,1.08561108036406e-08,1.1013691222733667e-08,1.1172159670219169e-08,1.1331532470121553e-08,1.1491826219560784e-08,1.1653057763504494e-08,1.1815244161172033e-08,1.1978402642348786e-08,1.2142550551158167e-08,1.2307705274449902e-08,1.2473884151145599e-08,1.264110435801771e-08,1.28093827662048e-08,1.2978735761270881e-08,1.3149179017668614e-08,1.3320727215995729e-08,1.3493393688042835e-08,1.366718997039389e-08,1.3842125241446094e-08,1.4018205609018409e-08,1.4195433205202278e-08,1.4373805030755188e-08,1.4553311471657364e-08,1.4733934382892779e-08,1.4915644595872926e-08,1.5098398650738354e-08,1.5282134475299208e-08,1.546676561617475e-08,1.565217345554672e-08,1.5838196588559843e-08,1.6024616142588897e-08,1.6211135211915655e-08,1.639734963240661e-08,1.6582705830483087e-08,1.67664391389834e-08,1.6947482396781696e-08,1.7124329576553166e-08,1.7294833686177513e-08,1.745591903793537e-08,1.760322329682761e-08,1.7730841900296315e-08,1.7831798483413408e-08,1.7900527136121332e-08,1.7939378091359075e-08,1.799482681380189e-08,1.8628747523628773e-08,2.6692156503168304e-08,1.0533097640130904e-07,6.270458132146507e-07,2.873229254106194e-06,9.247627670353086e-06,2.1831686920887547e-05,4.026937297822889e-05,6.147365576682113e-05,8.1367040549315e-05,9.683176664207841e-05,0.00010654871781270059,0.00011074601761132222,0.00011050522387537896,0.00010714211983997774,0.00010184282168124189,9.552393418570407e-05,8.882511649331877e-05,8.215786657779468e-05,7.576636261542988e-05,6.978094612943234e-05,6.425874192426721e-05,5.921208019505397e-05,5.462735421811719e-05,5.047705611339441e-05,4.672721215492149e-05,4.3341827734642496e-05,4.0285439198529316e-05,3.75244924478875e-05,3.5028009091877706e-05,3.276782988727538e-05,3.0718615213281814e-05,2.8857712711269974e-05,2.716495867981534e-05,2.5622452734828772e-05,2.4214328638674222e-05,2.292653397058684e-05,2.1746625184774e-05,2.066358085682878e-05,1.966763382007307e-05,1.8750121652393645e-05,1.790335431501254e-05,1.7120497513013434e-05,1.639547015822567e-05,1.5722854429443237e-05,1.5097816957131003e-05,1.4516039802619735e-05,1.3973660024197065e-05,1.3467216753621355e-05,1.2993604833296993e-05,1.2550034176400818e-05,1.213399411808102e-05,1.1743222117018911e-05,1.1375676253013015e-05,1.1029511033197122e-05,1.0703056084517948e-05,1.0394797372658763e-05,1.0103360619182658e-05,9.82749665083751e-06,9.566068434954014e-06,9.318039594322962e-06,9.082464219008952e-06,8.858477817861377e-06,8.645289271851623e-06,8.442173669659303e-06,8.248465919233912e-06,8.063555046217836e-06,7.886879097156463e-06,7.717920578874716e-06,7.556202371515346e-06,7.401284062226569e-06,7.25275865216303e-06,7.11024959503439e-06,6.973408130488047e-06,6.84191088012689e-06,6.715457678950393e-06,6.593769614241986e-06,6.4765872535796265e-06,6.363669037977825e-06,6.254789826854057e-06,6.149739577061202e-06,6.048322141586689e-06,5.95035417863525e-06,5.8556641561259425e-06,5.7640914477846214e-06,5.675485503744466e-06,5.58970509676353e-06,5.506617631559232e-06,5.426098513264845e-06,5.34803056870871e-06,5.272303514800251e-06,5.1988134727910846e-06,5.12746251895623e-06,5.090987005811756e-06,5.022732543482368e-06,4.956398341660721e-06,4.891899162347264e-06,4.829158062986184e-06,4.768103293301407e-06,4.708667198349887e-06,4.650785732543926e-06,4.594398164406291e-06,4.539446854273233e-06,4.485877056148594e-06,4.433636743175473e-06,4.382676440520737e-06,4.3329490755427625e-06,4.2844098355132946e-06,4.237016036321442e-06,4.190726999114154e-06,4.1455039355396124e-06,4.101309841101897e-06,4.058109394941623e-06,4.015868866170987e-06,3.9745560267983865e-06,3.934140069728019e-06,3.89459153177327e-06,3.85588222305494e-06,3.817985158126985e-06,3.780874493884848e-06,3.74452546990907e-06,3.708914353056406e-06,3.6740183846584306e-06,3.6398157324172647e-06,3.606285442799031e-06,3.573407398468824e-06,3.54116227664971e-06,3.5095315109375085e-06,3.478497254614676e-06,3.448042346411644e-06,3.4181502784660964e-06,3.388805164804626e-06,3.359991713086993e-06,3.3316951968418183e-06,3.3039014307906474e-06,3.276596744386512e-06,3.2497679602800956e-06,3.223402371926638e-06,3.19748772256692e-06,3.172012185808745e-06,3.1469643468578552e-06,3.122333184901878e-06,3.098108056462812e-06,3.0742786787086653e-06,3.050835115165361e-06,3.027767760638009e-06,3.0050673285897135e-06,2.9827248367182074e-06,2.9607315953304206e-06,2.939079195674294e-06,2.917759498077493e-06,2.89676462204099e-06,2.876086935441533e-06,2.8557190449533454e-06,2.835653787096849e-06,2.8158842185626354e-06,2.796403609382864e-06,2.777205433417764e-06,2.758283360827579e-06,2.739631251071302e-06,2.721243145997074e-06,2.703113263024773e-06,2.685235988487477e-06,2.667605871726742e-06,2.650217619325979e-06,2.633066089121824e-06,2.6161462852016255e-06,2.5994533524560697e-06,2.582982571825225e-06,2.5667293548907126e-06,2.550689241818508e-06,2.534857893460104e-06,2.519231088854893e-06,2.503804722085073e-06,2.4885747968703537e-06,2.473537423794657e-06,2.458688816828291e-06,2.4440252902660097e-06,2.4295432534771136e-06,2.415239209716252e-06,2.401109752737913e-06,2.3871515636107624e-06,2.3733614079061214e-06,2.3597361332377115e-06,2.3462726665338874e-06,2.3329680112322967e-06,2.31981924616255e-06,2.306823521436177e-06,2.29397805709108e-06,2.281280142080887e-06,2.2687271292584814e-06,2.2563164366221743e-06,2.2440455436708863e-06,2.2319119898057794e-06,2.2199133729087185e-06,2.2080473466389516e-06,2.1963116204279522e-06,2.184703956351915e-06,2.1732221683684087e-06,2.161864120661953e-06,2.1506277261196275e-06,2.139510945350698e-06,2.12851178430738e-06,2.117628294181156e-06,2.1068585695069256e-06,2.096200747378404e-06,2.0856530056086e-06,2.0752135623502366e-06,2.0648806742553854e-06,2.0546526360775507e-06,2.0445277792687607e-06,2.0345044711321613e-06,2.024581113795884e-06,2.014756143416524e-06,2.0050280293342627e-06,1.9953952718878026e-06,1.985856404113579e-06,1.9764099889806474e-06,1.967054619307656e-06,1.957788916736624e-06,1.9486115312692814e-06,1.939521139590658e-06,1.9305164461871707e-06,1.9215961811288095e-06,1.9127591001498253e-06,1.9040039834856837e-06,1.8953296357831083e-06,1.886734885190764e-06,1.878218582868579e-06,1.869779602398303e-06,1.8614168392378766e-06,1.8531292102223931e-06,1.8449156530240973e-06,1.8367751256387918e-06,1.8287066059833556e-06,1.820709091241605e-06,1.8127815975415089e-06,1.804923159495257e-06,1.7971328297922213e-06,1.7894096786516512e-06,1.781752793490735e-06,1.7741612786298245e-06,1.7666342546633766e-06,1.7591708585147788e-06,1.7517702424857556e-06,1.7444315743096722e-06,1.7371540366232477e-06,1.7299368267920126e-06,1.7227791564849459e-06,1.7156802512767945e-06,1.7086393503571498e-06,1.7016557065680785e-06,1.6947285855581959e-06,1.6878572659034338e-06,1.6810410386093713e-06,1.6742792069779956e-06,1.6675710862989466e-06,1.6609160029743664e-06,1.6543132964514372e-06,1.6477623158763658e-06,1.6412624219098445e-06,1.6348129859654304e-06,1.6284133899313944e-06,1.6220630259915591e-06,1.615761296501842e-06,1.6095076136185121e-06,1.6033013991111913e-06,1.5971420844478849e-06,1.5910291100502176e-06,1.5849619256640824e-06,1.578939989916925e-06,1.5729627702973196e-06,1.5670297420207022e-06,1.5611403898509626e-06,1.5552942061097519e-06,1.5494906911119506e-06,1.5437293532070506e-06,1.5380097085101815e-06,1.5323312805819547e-06,1.5266936007857224e-06,1.5210962072615134e-06,1.5155386454813655e-06,1.5100204678999562e-06,1.504541233848993e-06,1.4991005094063836e-06,1.4936978672326914e-06,1.4883328863943505e-06,1.483005152654161e-06,1.4777142573252695e-06,1.4724597983941144e-06,1.467241379879272e-06,1.4620586111725955e-06,1.4569111078758758e-06,1.4517984911783084e-06,1.446720387792499e-06,1.4416764298826048e-06,1.4366662549900114e-06,1.4316895059088468e-06,1.4267458308047328e-06,1.4218348821852525e-06,1.4169563184840335e-06,1.412109802507117e-06,1.4072950019421287e-06,1.4025115892044372e-06,1.397759241340283e-06,1.39303763994733e-06,1.3883464710528598e-06,1.3836854251252797e-06,1.3790541968905155e-06,1.3744524853027804e-06,1.369879993797196e-06,1.3653364293872664e-06,1.3608215034132855e-06,1.3563349311389702e-06,1.3518764315710235e-06,1.3474457276896428e-06,1.3430425462765527e-06,1.338666617353051e-06,1.3343176750672586e-06,1.3299954568730743e-06,1.325699703828555e-06,1.3214301602528077e-06,1.3171865744927458e-06,1.3129686972111848e-06,1.3087762832477774e-06,1.3046090901200723e-06,1.3004668787032396e-06,1.2963494128790064e-06,1.2922564596851067e-06,1.2881877891424202e-06,1.2841431742360622e-06,1.2801223909228023e-06,1.2761252179554015e-06,1.2721514369127145e-06,1.2682008321622373e-06,1.264273190802966e-06,1.2603683026213055e-06,1.2564859600477484e-06,1.2526259581017022e-06,1.2487880944078648e-06,1.2449721690360776e-06,1.2411779846677144e-06,1.2374053462562782e-06,1.2336540611700826e-06,1.2299239394502533e-06,1.2262147930735703e-06,1.222526436519056e-06,1.2188586864907115e-06,1.2152113618355896e-06,1.211584283765183e-06,1.2079772754883039e-06,1.2043901623557108e-06,1.2008227719224048e-06,1.1972749337680304e-06,1.193746479357292e-06,1.190237242274561e-06,1.1867470580137014e-06,1.1832757639754127e-06,1.179823199614363e-06,1.1763892062497897e-06,1.1729736270586288e-06,1.1695763069592977e-06,1.1661970926292906e-06,1.162835832375015e-06,1.159492376648445e-06,1.1561665775707946e-06,1.1528582887184854e-06,1.1495673654611729e-06,1.1462936646708218e-06,1.1430370450429388e-06,1.1397973667990789e-06,1.1365744917380464e-06,1.1333682832023188e-06,1.1301786060340402e-06,1.127005326748446e-06,1.1238483132068249e-06,1.1207074346994806e-06,1.1175825620608207e-06,1.1144735675226962e-06,1.1113803247246628e-06,1.1083027086943412e-06,1.1052405958281011e-06,1.1021938638720722e-06,1.099162391833275e-06,1.0961460601591704e-06,1.0931447504941907e-06,1.0901583460651998e-06,1.0871867307939802e-06,1.0842297901422408e-06,1.0812874109275845e-06,1.0783594810797498e-06,1.0754458894662434e-06,1.072546526630018e-06,1.0696612838405611e-06,1.0667900538091912e-06,1.0639327300556721e-06,1.0610892073974363e-06,1.0582593817750373e-06,1.055443150350206e-06,1.0526404110771002e-06,1.0498510630942734e-06,1.047075006628179e-06,1.0443121427427315e-06,1.0415623737365035e-06,1.0388256027993897e-06,1.0361017341630384e-06,1.033390673008985e-06,1.030692325527973e-06,1.0280065987722587e-06,1.0253334007337575e-06,1.0226726404395161e-06,1.0200242277510837e-06,1.0173880734677835e-06,1.0147640892453588e-06,1.0121521876113773e-06,1.0095522821068894e-06,1.006964286857398e-06,1.0043881171765e-06,1.0018236889568476e-06,9.992709189894891e-07,9.967297249194805e-07,9.942000251370264e-07,9.91681738817441e-07,9.891747860031393e-07,9.86679087474743e-07,9.841945647634291e-07,9.817211401908417e-07,9.79258736815195e-07,9.768072784255363e-07,9.743666895314182e-07,9.719368954393247e-07,9.695178219804952e-07,9.67109395902487e-07,9.647115445281788e-07,9.623241959107526e-07,9.59947278764601e-07,9.575807224872213e-07,9.552244571266984e-07,9.528784133842058e-07,9.505425227685664e-07,9.482167169494764e-07,9.459009287255743e-07,9.435950913705225e-07,9.412991387243984e-07,9.390130052620303e-07,9.367366260631193e-07,9.34469936796803e-07,9.322128737244936e-07,9.299653736882115e-07,9.277273741045457e-07,9.254988129589808e-07,9.232796287844959e-07,9.210697607048742e-07,9.188691483627641e-07,9.166777318797539e-07,9.144954521353667e-07,9.123222502937851e-07,9.101580681238662e-07,9.080028479196282e-07,9.058565325761927e-07,9.037190653650774e-07,9.015903900791756e-07,8.994704510806207e-07,8.97359193138446e-07,8.952565615412858e-07,8.931625020959184e-07,8.910769610072377e-07,8.889998849739745e-07,8.869312211933173e-07,8.848709172724948e-07,8.828189213283285e-07,8.80775181808967e-07,8.787396477514338e-07,8.767122685622186e-07,8.746929940591341e-07,8.726817745405964e-07,8.706785606632221e-07,8.686833035535042e-07,8.666959547748921e-07,8.647164662139693e-07,8.627447902453258e-07,8.607808796012291e-07,8.588246875245236e-07,8.568761673607802e-07,8.549352731218382e-07,8.53001959111264e-07,8.510761800056837e-07,8.491578908596301e-07,8.472470471554187e-07,8.453436046801051e-07,8.434475195532479e-07,8.415587484415801e-07,8.39677248039245e-07,8.378029755844915e-07,8.359358888414612e-07,8.340759456578106e-07,8.322231043540438e-07,8.303773235030906e-07,8.285385618886691e-07,8.267067790633327e-07,8.248819345775276e-07,8.230639883068371e-07,8.212529004063555e-07,8.194486315513147e-07,8.176511426235674e-07,8.158603948388276e-07,8.140763496654132e-07,8.122989689214697e-07,8.105282147632833e-07,8.087640495497119e-07,8.070064359598929e-07,8.052553371358025e-07,8.035107163064545e-07,8.017725370352478e-07,8.000407632026426e-07,7.983153589419819e-07,7.965962886387652e-07,7.948835170650673e-07,7.931770091827398e-07,7.914767302323331e-07,7.897826457237739e-07,7.880947213909264e-07,7.864129233593502e-07,7.847372178863504e-07,7.830675715632113e-07,7.81403951088477e-07,7.797463236827613e-07,7.780946566761089e-07,7.764489174571573e-07,7.748090739335352e-07,7.731750941552433e-07,7.71546946415327e-07,7.69924599163357e-07,7.683080212486246e-07,7.666971816714237e-07,7.650920496639277e-07,7.634925946880738e-07,7.61898786430861e-07,7.603105948053679e-07,7.587279899491676e-07,7.571509422161491e-07,7.555794221831854e-07,7.540134007359096e-07,7.52452848784918e-07,7.508977375492579e-07,7.493480384559061e-07,7.478037231432263e-07,7.462647634549717e-07,7.447311314392651e-07,7.432027991554103e-07,7.416797394354029e-07,7.40161924759026e-07,7.386493279352853e-07,7.371419220240246e-07,7.356396801663107e-07,7.341425759510575e-07,7.326505829626939e-07,7.311636749758189e-07,7.296818259808658e-07,7.282050101627117e-07,7.267332018736567e-07,7.252663756533672e-07,7.238045062137933e-07,7.223475684844127e-07,7.208955374780426e-07,7.1944838852669e-07,7.180060970248543e-07,7.165686385564144e-07,7.151359888912044e-07,7.137081239654404e-07,7.122850198807292e-07,7.108666529241076e-07,7.094529994745992e-07,7.080440360960863e-07,7.066397396845636e-07,7.052400870801008e-07,7.03845055334216e-07,7.024546216997498e-07,7.010687635869586e-07,6.996874585161398e-07,6.983106841106409e-07,6.969384183449135e-07,6.955706391584973e-07,6.942073246984395e-07,6.928484532652169e-07,6.914940033483312e-07,6.901439534120815e-07,6.887982822389777e-07,6.874569687164721e-07,6.861199918242592e-07,6.847873307627273e-07,6.834589646143021e-07,6.821348731949737e-07,6.808150358559695e-07,6.794994322910564e-07,6.781880423885807e-07,6.768808460979511e-07,6.755778235159243e-07,6.742789548753093e-07,6.729842205103243e-07,6.716936009493024e-07,6.704070767838855e-07,6.691246287941029e-07,6.678462378138668e-07,6.665718848622115e-07,6.653015510563552e-07,6.640352176455867e-07,6.627728660274314e-07,6.615144776022967e-07,6.602600340523404e-07,6.590095170918773e-07,6.577629085090492e-07,6.565201902694493e-07,6.552813444504914e-07,6.54046353237261e-07,6.528151989278597e-07,6.515878639336422e-07,6.503643307772577e-07,6.49144582082558e-07,6.47928600602939e-07,6.467163691932249e-07,6.455078708183518e-07,6.443030885384336e-07,6.431020055278811e-07,6.41904605056373e-07,6.407108705357797e-07,6.395207854204172e-07,6.38334333320247e-07,6.371514978952865e-07,6.359722630010616e-07,6.347966125054235e-07,6.336245303975884e-07,6.324560007767464e-07,6.312910078356259e-07,6.30129535863888e-07,6.289715692572989e-07,6.278170924860367e-07,6.266660901672166e-07,6.255185468900266e-07,6.243744474906688e-07,6.232337767701997e-07,6.220965196134207e-07,6.209626612282819e-07,6.198321868200441e-07,6.187050813371077e-07,6.175813301959428e-07,6.164609188729822e-07,6.153438327835347e-07,6.142300575095025e-07,6.13119578727054e-07,6.120123821793942e-07,6.109084536968123e-07,6.098077791993823e-07,6.087103446883002e-07,6.076161362472966e-07,6.065251400437395e-07,6.054373423268877e-07,6.043527294259714e-07,6.032712877522802e-07,6.021930037862785e-07,6.011178641201055e-07,6.000458553923404e-07,5.98976964330996e-07,5.979111777415326e-07,5.968484825070597e-07,5.957888655859042e-07,5.94732314013745e-07,5.936788148793016e-07,5.926283553287931e-07,5.915809227846435e-07,5.905365044783573e-07,5.894950877024615e-07,5.884566601451723e-07,5.874212092657259e-07,5.863887226848355e-07,5.853591880966168e-07,5.843325932668769e-07,5.833089260252984e-07,5.822881742805544e-07,5.81270326003748e-07,5.802553692379954e-07,5.792432920893282e-07,5.782340827359636e-07,5.772277294215246e-07,5.762242204561117e-07,5.752235442161878e-07,5.742256891425524e-07,5.732306437427415e-07,5.722383965874468e-07,5.712489363118928e-07,5.702622516149657e-07,5.692783312569157e-07,5.68297164064083e-07,5.673187389247851e-07,5.663430447846701e-07,5.653700706575069e-07,5.64399805611801e-07,5.634322387797467e-07,5.624673593529451e-07,5.615051565699102e-07,5.605456197656298e-07,5.595887383009745e-07,5.586345015964986e-07,5.576828991417928e-07,5.567339204793123e-07,5.557875552092492e-07,5.548437929885264e-07,5.539026235303994e-07,5.529640366040587e-07,5.520280220342399e-07,5.510945697002796e-07,5.501636695372499e-07,5.492353115343467e-07,5.483094857345162e-07,5.473861822321627e-07,5.46465391163105e-07,5.455471027443533e-07,5.446313072289062e-07,5.437179949503454e-07,5.428071562444024e-07,5.41898781631387e-07,5.409928613734836e-07,5.400893860643549e-07,5.391883462725162e-07,5.382897326026124e-07,5.373935357570827e-07,5.364997464216582e-07,5.356083553575115e-07,5.34719353365829e-07,5.338327313191267e-07,5.329484801179444e-07,5.320665907063473e-07,5.311870540967506e-07,5.303098614397907e-07,5.294350036535788e-07,5.285624719657279e-07,5.276922575081297e-07,5.268243515557168e-07,5.259587454069403e-07,5.250954303044575e-07,5.2423439776246e-07,5.233756390834888e-07,5.225191457539209e-07,5.216649092749636e-07,5.208129211933243e-07,5.199631731501805e-07,5.191156566716318e-07,5.182703634975365e-07,5.174272852804505e-07,5.165864138722048e-07,5.157477409900908e-07,5.149112585711345e-07,5.140769584524129e-07,5.132448325574375e-07,5.124148728547424e-07,5.115870713520038e-07,5.107614200947651e-07,5.099379111763986e-07,5.091165367227355e-07,5.082972888968109e-07,5.074801599112094e-07,5.066651420749528e-07,5.058522275113895e-07,5.050414086918735e-07,5.042326779276221e-07,5.034260275972905e-07,5.026214501415051e-07,5.018189380640363e-07,5.010184838610784e-07,5.002200801203374e-07,4.994237193637285e-07,4.986293942486843e-07,4.97837097429988e-07,4.970468215960907e-07,4.96258559491585e-07,4.954723038827069e-07,4.946880475632148e-07,4.939057833755082e-07,4.931255041925819e-07,4.923472029222656e-07,4.91570872506972e-07,4.907965059234122e-07,4.900240961825457e-07,4.892536363321373e-07,4.884851194246825e-07,4.877185386209608e-07,4.869538870423668e-07,4.861911578664629e-07,4.854303443296983e-07,4.846714396510989e-07,4.839144370759495e-07,4.831593299418518e-07,4.824061116011913e-07,4.816547754645487e-07,4.809053148273397e-07,4.801577231937655e-07,4.794119940075056e-07,4.786681208035871e-07,4.7792609709173e-07,4.771859164459729e-07,4.764475724220699e-07,4.757110586627225e-07,4.7497636882539606e-07,4.7424349658660596e-07,4.735124356525466e-07,4.727831797689189e-07,4.720557227220428e-07,4.7133005829281614e-07,4.7060618030901654e-07,4.698840826279604e-07,4.691637591229264e-07,4.6844520376955495e-07,4.6772841038653615e-07,4.670133730165561e-07,4.663000856818486e-07,4.6558854238790115e-07,4.648787371884715e-07,4.64170664166069e-07,4.6346431744173884e-07,4.627596911308237e-07,4.620567794089726e-07,4.613555764697214e-07,4.60656076527452e-07,4.599582738242466e-07,4.5926216263192984e-07,4.5856773724705405e-07,4.5787499199285836e-07,4.571839212179773e-07,4.5649451929565115e-07,4.558067806260927e-07,4.5512069963402693e-07,4.5443627077305606e-07,4.537534885179263e-07,4.5307234736966377e-07,4.523928418546113e-07,4.5171496652322006e-07,4.5103871595078e-07,4.503640847217558e-07,4.4969106747659336e-07,4.4901965886130806e-07,4.483498535498566e-07,4.476816462355535e-07,4.4701503164217455e-07,4.4635000452918154e-07,4.4568655964660476e-07,4.4502469178235226e-07,4.4436439575301186e-07,4.437056664059409e-07,4.4304849854981167e-07,4.4239288713245237e-07,4.41738827043394e-07,4.410863131990515e-07,4.404353405453986e-07,4.397859040598623e-07,4.391379987319093e-07,4.384916196074871e-07,4.3784676170749943e-07,4.372034201408923e-07,4.3656158986418603e-07,4.3592126600047417e-07,4.352824437757835e-07,4.3464511829550165e-07,4.34009284735108e-07,4.3337493824178443e-07,4.3274207403342117e-07,4.3211068738119164e-07,4.3148077349371655e-07,4.308523277056073e-07,4.302253452273808e-07,4.29599821410104e-07,4.2897575159574195e-07,4.283531311155354e-07,4.2773195535295114e-07,4.271122196978466e-07,4.2649391956658905e-07,4.300331414961083e-07,4.3513632327713205e-07,4.4163738427145343e-07,4.495603840243347e-07,4.5895425403427e-07,4.698615846652341e-07,4.823133934597251e-07,4.963287730369547e-07,5.119155114399327e-07,5.290709543021471e-07,5.477829560055974e-07,5.680308695730878e-07,5.897865482815397e-07,6.130153373514331e-07,6.376770380285161e-07,6.637268300442557e-07,6.91116141787124e-07,7.197934589069118e-07,7.497050702959713e-07,7.807957404941182e-07,8.130093180383339e-07,8.462892708589344e-07,8.80579156777881e-07,9.158230308067323e-07,9.519657900594226e-07,9.889534655690603e-07,1.026733461265646e-06,1.065254746921234e-06,1.1044680098508216e-06,1.1443257688958842e-06,1.1847824554648249e-06,1.2257944664695205e-06,1.267320192150153e-06,1.309320023156538e-06,1.3517563391767294e-06,1.394593484307805e-06,1.4377977269404878e-06,1.4813372130667253e-06,1.5251819101377888e-06,1.5693035458112062e-06,1.6136755404813065e-06,1.6582729382517877e-06,1.7030723361675862e-06,1.7480518113348176e-06,1.7931908489362112e-06,1.8384702697559169e-06,1.8838721593065247e-06,1.9293797993160748e-06,1.9749776001900096e-06,2.020651035006823e-06,2.0663865770799643e-06,2.1121716389106787e-06,2.1579945172151305e-06,2.20384433292247e-06,2.2497109828476683e-06,2.2955850887558467e-06,2.3414579487820997e-06,2.3873214954330805e-06,2.433168250185248e-06,2.4789912859208544e-06,2.524784190550467e-06,2.570541029146705e-06,2.6162563132274085e-06,2.661924968916554e-06,2.7075423084074704e-06,2.7531040027780746e-06,2.79860605647733e-06,2.8440447841235893e-06,2.8894167881455086e-06,2.9347189383824315e-06,2.979948352804905e-06,3.025102379633625e-06,3.070178580780493e-06,3.1151747161829905e-06,3.1600887289796353e-06,3.2049187343085813e-06,3.2496630033582625e-06,3.294319954228108e-06,3.3388881405304905e-06,3.3833662413320605e-06,3.4277530519328332e-06,3.472047476854945e-06,3.5162485158670706e-06,3.560355265503691e-06,3.6043669029698753e-06,3.64828269224595e-06,3.6921019639563843e-06,3.7358241164144317e-06,3.7794486127810316e-06,3.822974973219441e-06,3.866402771185572e-06,3.9097316299010706e-06,3.952961218413344e-06,3.996091246160186e-06,4.039121464359463e-06,4.082051658024182e-06,4.124881647450984e-06,4.167611281703685e-06,4.210240439590087e-06,4.252769026055785e-06,4.29519697014338e-06,4.3375242229097485e-06,4.3797507565380096e-06,4.421876561846996e-06,4.463901647597352e-06,4.505826038919812e-06,4.547649774995415e-06,4.5893729095676446e-06,4.6309955099559935e-06,4.672517652548762e-06,4.713939427009447e-06,4.75526093205638e-06,4.796482275739124e-06,4.837603573752127e-06,4.8786249518440384e-06,4.9195465404778095e-06,4.9603684777267245e-06,5.001090907971026e-06,5.04171397960698e-06,5.082237847618806e-06,5.122662671254465e-06,5.162988612596641e-06,5.203215843925108e-06,5.2433445325471575e-06,5.283374853327819e-06,5.323306984966804e-06,5.363141106677937e-06,5.402877402240414e-06,5.4425160564536545e-06,5.482057255471009e-06,5.521501191940097e-06,5.5608480543054945e-06,5.6000980329117645e-06,5.639251324967716e-06,5.678308124401563e-06,5.717268627583836e-06,5.756133032137562e-06,5.794901534274041e-06,5.833574334809878e-06,5.8721516375979935e-06,5.910633640448366e-06,5.949020544519996e-06,5.987312550398247e-06,6.025509862899843e-06,6.063612683375077e-06,6.101621214947181e-06,6.139535660419754e-06,6.177356223927921e-06,6.215083109026826e-06,6.252716519600035e-06,6.290256659645446e-06,6.327703733239398e-06,6.3650579445046675e-06,6.402319497831867e-06,6.439488597122599e-06,6.476565446464454e-06,6.513550249896959e-06,6.550443211365108e-06,6.587244534513713e-06,6.623954423259349e-06,6.66057308130109e-06,6.697100711875658e-06,6.733537518359777e-06,6.769883703845718e-06,6.806139471233978e-06,6.842305023220487e-06,6.878380562301735e-06,6.914366290238354e-06,6.950262409541436e-06,6.986069121992145e-06,7.0217866291219735e-06,7.057415132683285e-06,7.09295483320672e-06,7.128405931434547e-06,7.163768627834431e-06,7.19904311948218e-06,7.234229609607704e-06,7.269328303344173e-06,7.304339391309145e-06,7.339263075834829e-06,7.374099554903234e-06,7.4088490271896636e-06,7.443511691272529e-06,7.478087743779433e-06,7.512577383551425e-06,7.546980807572472e-06,7.581298211805282e-06,7.615529794040284e-06,7.649675749723831e-06,7.683736275152138e-06,7.717711565480077e-06,7.751601815842775e-06,7.785407221271534e-06,7.819127976893132e-06,7.852764274617086e-06,7.88631631234599e-06,7.919784281908653e-06,7.953168376217452e-06,7.986468788517388e-06,8.019685710242704e-06,8.052819338722137e-06,8.085869858968582e-06,8.11883746613678e-06,8.151722350300081e-06,8.184524701218221e-06,8.217244713037592e-06,8.2498825741341e-06,8.282438474331892e-06,8.314912604738666e-06,8.347305151925706e-06,8.37961630585176e-06,8.411846255765814e-06,8.443995189208933e-06,8.476063294390492e-06,8.508050759082424e-06,8.539957770251423e-06,8.571784514721418e-06,8.603531179726717e-06,8.635197950088524e-06,8.666785012174122e-06,8.698292551331437e-06,8.729720754206425e-06,8.761069804223348e-06,8.792339887449969e-06,8.823531184945134e-06,8.854643882107663e-06,8.885678161991851e-06,8.916634208224048e-06,8.947512206121781e-06,8.978312333663515e-06,9.009034774662302e-06,9.03967971034704e-06,9.070247324387649e-06,9.10073779612399e-06,9.131151306014243e-06,9.161488033300049e-06,9.191748161024018e-06,9.221931867587544e-06,9.252039332141142e-06,9.282070730490538e-06,9.312026243765971e-06,9.341906055483773e-06,9.371710339388014e-06,9.401439271125984e-06,9.431093029786735e-06,9.460671792250185e-06,9.49017573798524e-06,9.51960504205007e-06,9.548959877832404e-06,9.578240422395566e-06,9.607446851461538e-06,9.636579339073422e-06,9.665638060564392e-06,9.69462318958767e-06,9.723534900305318e-06,9.752373365550463e-06,9.781138760355758e-06,9.80983125623633e-06,9.83845102885228e-06,9.866998246818633e-06,9.89547308115923e-06,9.923875705455105e-06,9.952206290527704e-06,9.980465007585051e-06,1.0008652027167047e-05,1.003676751871202e-05,1.0064811652811712e-05,1.0092784599674497e-05,1.0120686527323593e-05,1.0148517605221354e-05,1.0176278001631635e-05,1.020396788476524e-05,1.0231587423362398e-05,1.0259136783268866e-05,1.0286616132705658e-05,1.0314025639702902e-05,1.034136546954366e-05,1.036863578835496e-05,1.0395836761183783e-05,1.0422968551824161e-05,1.0450031330405875e-05,1.0477025259373514e-05,1.0503950505911298e-05,1.0530807229414405e-05,1.0557595595937157e-05,1.0584315767926757e-05,1.0610967910600648e-05,1.0637552186161657e-05,1.0664068756602491e-05,1.0690517784352821e-05,1.0716899431331497e-05,1.0743213859197267e-05,1.0769461226671108e-05,1.0795641699424941e-05,1.0821755435637985e-05,1.084780259602225e-05,1.0873783339012817e-05,1.0899697825761675e-05,1.0925546214813805e-05,1.0951328665363919e-05,1.0977045335800401e-05,1.1002696384487236e-05,1.1028281970583753e-05,1.1053802249246803e-05,1.1079257378980799e-05,1.1104647516655521e-05,1.1129972818981837e-05,1.1155233441963965e-05,1.1180429542367707e-05,1.1205561275775879e-05,1.1230628796107323e-05,1.1255632260549474e-05,1.1280571823276198e-05,1.1305447637495347e-05,1.1330259857659648e-05,1.1355008637563555e-05,1.137969413094048e-05,1.1404316490595073e-05,1.1428875868733601e-05,1.1453372418371786e-05,1.1477806291631789e-05,1.1502177639052457e-05,1.1526486614316031e-05,1.1550733367628453e-05,1.1574918050439471e-05,1.159904081274e-05,1.1623101804118885e-05,1.1647101172820912e-05,1.1671039074154516e-05,1.1694915652299325e-05,1.1718731059244385e-05,1.1742485440554637e-05,1.1766178946067086e-05,1.1789811723774936e-05,1.181338392133879e-05,1.1836895686104199e-05,1.1860347164291897e-05,1.1883738504358333e-05,1.1907069851435654e-05,1.1930341352540485e-05,1.1953553152634588e-05,1.1976705397624439e-05,1.1999798232674485e-05,1.2022831802608732e-05,1.2045806251946014e-05,1.206872172732419e-05,1.2091578364753578e-05,1.2114376316808655e-05,1.2137115722727881e-05,1.2159796727992007e-05,1.218241947298416e-05,1.2204984098844402e-05,1.2227490749636693e-05,1.224993956707745e-05,1.2272330690660226e-05,1.2294664264954768e-05,1.2316940428762335e-05,1.2339159323157498e-05,1.2361321089103425e-05,1.2383425865827716e-05,1.2405473792850104e-05,1.2427465008108784e-05,1.2449399651754411e-05,1.24712778622279e-05,1.2493099778612499e-05,1.2514865538824599e-05,1.253657528043526e-05,1.2558229141092591e-05,1.2579827258002558e-05,1.26013697680702e-05,1.2622856807901196e-05,1.2644288513800939e-05,1.2665665021775822e-05,1.268698646742204e-05,1.2708252987919697e-05,1.272946471527364e-05,1.2750621787299505e-05,1.277172433562361e-05,1.279277249541814e-05,1.2813766400988907e-05,1.2834706185950663e-05,1.2855591983649493e-05,1.2876423927123113e-05,1.2897202148621115e-05,1.2917926781102932e-05,1.2938597956730482e-05,1.2959215807892128e-05,1.2979780465608601e-05,1.3000292061157977e-05,1.3020750725439674e-05,1.3041156589236628e-05,1.3061509782953034e-05,1.308181043620174e-05,1.3102058679322995e-05,1.312225464185247e-05,1.3142398453033174e-05,1.3162490241823443e-05,1.3182530136887983e-05,1.3202518266570744e-05,1.3222454759011252e-05,1.3242339742019554e-05,1.326217334311078e-05,1.3281955690017695e-05,1.3301686909171447e-05,1.3321367127236923e-05,1.3340996470595106e-05,1.3360575065342887e-05,1.3380103037293101e-05,1.339958051193754e-05,1.3419007614565008e-05,1.3438384470148884e-05,1.345771120306636e-05,1.3476987938249105e-05,1.3496214799649155e-05,1.3515391910912874e-05,1.3534519395868726e-05,1.3553597377665608e-05,1.3572625979302629e-05,1.3591605323517255e-05,1.3610535532743475e-05,1.3629416729155528e-05,1.36482490346445e-05,1.3667032570828279e-05,1.368576745904559e-05,1.3704453820360265e-05,1.372309177545332e-05,1.3741681445120224e-05,1.3760222949582805e-05,1.3778716409003189e-05,1.3797161941987439e-05,1.3815559667522928e-05,1.383390970876706e-05,1.3852212180114658e-05,1.387046720298477e-05,1.3888674892852102e-05,1.3906835370354983e-05,1.3924948752000783e-05,1.394301515518872e-05,1.396103469833142e-05,1.3979007497780902e-05,1.399693367019372e-05,1.4014813332084047e-05,1.403264659988606e-05,1.4050433591588414e-05,1.40681744217008e-05,1.4085869199621854e-05,1.4103518045524249e-05,1.412112107658419e-05,1.4138678403015307e-05,1.4156190142898496e-05,1.4173656406487494e-05,1.4191077309363389e-05,1.4208452965132013e-05,1.4225783488581649e-05,1.4243068986633596e-05,1.426030958125193e-05,1.4277505379751913e-05,1.4294656491678469e-05,1.431176303392559e-05,1.4328825114407347e-05,1.4345842849325399e-05,1.4362816347225462e-05,1.4379745716398714e-05,1.4396631072879459e-05,1.44134725245068e-05,1.443027018104076e-05,1.4447024152831574e-05,1.4463734549661179e-05,1.4480401480736731e-05,1.4497025054780232e-05,1.4513605383719538e-05,1.4530142571041127e-05,1.4546636727443089e-05,1.4563087959971022e-05,1.4579496377637272e-05,1.4595862089563168e-05,1.4612185205863685e-05,1.4628465824927466e-05,1.4644704058671622e-05,1.4660900014796346e-05,1.4677053800964869e-05,1.4693165516388677e-05,1.4709235271437793e-05,1.472526317128754e-05,1.4741249321287724e-05,1.4757193826806835e-05,1.4773096796650011e-05,1.4788958326416139e-05,1.4804778526900776e-05,1.482055750102078e-05,1.4836295352223293e-05,1.485199218466427e-05,1.4867648100562909e-05,1.4883263205114502e-05,1.489883760045777e-05,1.4914371388956115e-05,1.4929864674360577e-05,1.4945317555501304e-05,1.4960730138122536e-05,1.497610252245801e-05,1.4991434810474507e-05,1.5006727103672825e-05,1.5021979499880179e-05,1.5037192103730305e-05,1.5052365014404015e-05,1.5067498330985944e-05,1.5082592156074147e-05,1.5097646588156131e-05,1.5112661726827127e-05,1.5127637671365756e-05,1.5142574521058011e-05,1.5157472380018488e-05,1.5172331338183497e-05,1.5187151494900004e-05,1.5201932950826439e-05,1.5216675803911875e-05,1.5231380151872301e-05,1.524604609219376e-05,1.5260673722128355e-05,1.5275263138698987e-05,1.5289814438696143e-05,1.5304327718681105e-05,1.53188030749861e-05,1.5333240603712122e-05,1.53476404007329e-05,1.536200256760351e-05,1.5376327193774068e-05,1.5390614374473875e-05,1.5404864204659213e-05,1.541907677917432e-05,1.5433252192420595e-05,1.544739053872903e-05,1.5461491912126504e-05,1.5475556406242515e-05,1.5489584115068973e-05,1.550357513170522e-05,1.551752954954681e-05,1.5531447461375418e-05,1.5545328959910362e-05,1.555917413773969e-05,1.557298308698692e-05,1.5586755899755708e-05,1.560049266795783e-05,1.561419348314777e-05,1.5627858436769048e-05,1.5641487619956533e-05,1.5655081123554155e-05,1.5668639038421324e-05,1.568216145506543e-05,1.5695648455658335e-05,1.5709100137266194e-05,1.5722516591853302e-05,1.5735897908931426e-05,1.5749244176906e-05,1.5762555484885133e-05,1.5775831921675327e-05,1.5789073584639735e-05,1.580228055396278e-05,1.5815452915679137e-05,1.5828590760419877e-05,1.584169417618545e-05,1.5854763250664356e-05,1.5867798071444687e-05,1.5880798724611214e-05,1.589376529857927e-05,1.590669788022974e-05,1.5919596559074513e-05,1.593246141847968e-05,1.5945292542340152e-05,1.5958090019301965e-05,1.5970853935183003e-05,1.5983584375603442e-05,1.5996281425934366e-05,1.6008945171840107e-05,1.6021575697727548e-05,1.6034173089289303e-05,1.6046737434363562e-05,1.6059268812427138e-05,1.6071767307944887e-05,1.6084233004856793e-05,1.6096665985878722e-05,1.610906633600054e-05,1.6121434141341665e-05,1.6133769480446747e-05,1.614607243912068e-05,1.615834309933969e-05,1.6170581543921216e-05,1.618278785523075e-05,1.6194962115300133e-05,1.6207104407534263e-05,1.621921481120648e-05,1.6231293409148944e-05,1.624334028244639e-05,1.6255355511003502e-05,1.6267339178146942e-05,1.627929136357139e-05,1.6291212148613533e-05,1.630310161329172e-05,1.631495983727817e-05,1.6326786901000783e-05,1.633858288420267e-05,1.6350347866030402e-05,1.6362081926579406e-05,1.6373785145024337e-05,1.6385457599868225e-05,1.6397099370108593e-05,1.6408710533319806e-05,1.6420291172353808e-05,1.6431841359612964e-05,1.6443361175139684e-05,1.6454850700754566e-05,1.6466310007846184e-05,1.6477739176743548e-05,1.648913828441498e-05,1.650050740842948e-05,1.651184663017311e-05,1.652315601694447e-05,1.6534435650227455e-05,1.6545685605932424e-05,1.6556905964552126e-05,1.656809679218453e-05,1.657925817215621e-05,1.6590390178031823e-05,1.6601492885903223e-05,1.6612566371047436e-05,1.6623610703302236e-05,1.663462596698301e-05,1.6645612232055655e-05,1.6656569572971464e-05,1.666749806397736e-05,1.6678397779596058e-05,1.668926879358889e-05,1.670011117940546e-05,1.6710925014558343e-05,1.672171036515321e-05,1.673246730783571e-05,1.674319591248755e-05,1.6753896258888042e-05,1.676456841610406e-05,1.6775212456756626e-05,1.6785828452821673e-05,1.679641647683444e-05,1.680697659601059e-05,1.6817508891373467e-05,1.6828013429799216e-05,1.6838490282224687e-05,1.6848939516372712e-05,1.6859361213496504e-05,1.6869755438509227e-05,1.688012226062027e-05,1.6890461751939852e-05,1.6900773982539146e-05,1.6911059022326717e-05,1.692131694222788e-05,1.693154781178487e-05,1.6941751700227877e-05,1.695192867824321e-05,1.6962078813678695e-05,1.6972202176037606e-05,1.698229883529562e-05,1.699236885950794e-05,1.7002412314601655e-05,1.701242927472359e-05,1.702241980434232e-05,1.7032383973833762e-05,1.704232185004906e-05,1.7052233500698647e-05,1.7062118993420474e-05,1.7071978395409513e-05,1.708181177455781e-05,1.709161919737127e-05,1.7101400730049165e-05,1.711115644197047e-05,1.7120886397093812e-05,1.7130590663814192e-05,1.714026930832319e-05,1.7149922395802948e-05,1.7159549992431843e-05,1.716915216382117e-05,1.717872897571648e-05,1.7188280495135252e-05,1.7197806785433834e-05,1.720730791210298e-05,1.721678394039722e-05,1.722623493994713e-05,1.7235660966698874e-05,1.7245062091882226e-05,1.725443837409271e-05,1.7263789878541928e-05,1.7273116672746113e-05,1.728241881828564e-05,1.7291696382296603e-05,1.730094942196703e-05,1.7310178004109464e-05,1.731938219434729e-05,1.732856205286279e-05,1.7337717643389193e-05,1.734684902940903e-05,1.7355956273858248e-05,1.736503943624269e-05,1.737409858173222e-05,1.738313377143709e-05,1.739214506872094e-05,1.7401132533813576e-05,1.741009622872221e-05,1.7419036213282817e-05,1.7427952549343796e-05,1.743684529874802e-05,1.744571452571879e-05,1.7454560288179048e-05,1.746338264614759e-05,1.7472181661206285e-05,1.7480957393783415e-05,1.7489709904086248e-05,1.7498439252406188e-05,1.75071454986647e-05,1.751582870302811e-05,1.7524488924849924e-05,1.753312622365834e-05,1.7541740658728044e-05,1.7550332290379098e-05,1.7558901177059076e-05,1.7567447378226363e-05,1.757597095081907e-05,1.7584471953388184e-05,1.759295045102369e-05,1.7601406491282064e-05,1.7609840137486263e-05,1.7618251448123404e-05,1.7626640480897302e-05,1.76350072936378e-05,1.7643351943575012e-05,1.765167449077341e-05,1.7659974988289524e-05,1.766825349528516e-05,1.7676510068951938e-05,1.7684744765544885e-05,1.7692957642957263e-05,1.7701148757212442e-05,1.770931816484079e-05,1.7717465923531625e-05,1.772559208668411e-05,1.773369671309339e-05,1.7741779856030432e-05,1.7749841573797896e-05,1.7757881920705203e-05,1.7765900951041257e-05,1.7773898719617695e-05,1.778187528642146e-05,1.778983070255273e-05,1.779776502378895e-05,1.7805678304600544e-05,1.781357060053695e-05,1.7821441967700015e-05,1.7829292456355464e-05,1.7837122122825072e-05,1.7844931022218854e-05,1.7852719206425586e-05,1.7860486730409932e-05,1.786823364749629e-05,1.7875960008639275e-05,1.7883665872929713e-05,1.789135129066508e-05,1.7899016315829116e-05,1.7906660997617184e-05,1.7914285395021453e-05,1.792188955785026e-05,1.792947354100677e-05,1.7937037394704867e-05,1.79445811692085e-05,1.7952104918826824e-05,1.795960869548158e-05,1.796709255047444e-05,1.797455653708123e-05,1.7982000706470694e-05,1.7989425109868226e-05,1.799682979881377e-05,1.8004214824658495e-05,1.8011580238389682e-05,1.8018926091392825e-05,1.8026252434234963e-05,1.8033559317925554e-05,1.8040846793481682e-05,1.804811491061786e-05,1.8055363719835353e-05,1.8062593273893585e-05,1.806980361920488e-05,1.807699480504732e-05,1.8084166885344402e-05,1.809131990806682e-05,1.809845392232281e-05,1.8105568978282834e-05,1.811266512546725e-05,1.8119742412839258e-05,1.8126800890642822e-05,1.8133840605567498e-05,1.814086160777433e-05,1.8147863945668733e-05,1.815484766893444e-05,1.816181282445745e-05,1.8168759461389853e-05,1.8175687628016665e-05,1.8182597372766586e-05,1.8189488743407275e-05,1.819636178793127e-05,1.820321655338187e-05,1.8210053088238693e-05,1.8216871439518213e-05,1.8223671654869653e-05,1.8230453780894676e-05,1.823721786768083e-05,1.8243963958822627e-05,1.825069210221776e-05,1.8257402344721614e-05,1.8264094733299825e-05,1.827076931329362e-05,1.8277426135208596e-05,1.8284065240796516e-05,1.8290686677740947e-05,1.8297290492316218e-05,1.830387673105077e-05,1.8310445438006968e-05,1.831699666062993e-05,1.8323530444290777e-05,1.8330046829492557e-05,1.8336545872806086e-05,1.8343027611987916e-05,1.8349492093946165e-05,1.8355939361875455e-05,1.8362369462274703e-05,1.836878243949163e-05,1.8375178338464313e-05,1.838155720344795e-05,1.8387919079323286e-05,1.839426401037822e-05,1.840059204100906e-05,1.840690321532355e-05,1.8413197576537136e-05,1.8419475169157782e-05,1.842573603669866e-05,1.8431980221417402e-05,1.843820777107492e-05,1.844441872610974e-05,1.8450613130855702e-05,1.8456791028141627e-05,1.846295246039096e-05,1.8469097471428497e-05,1.8475226101882827e-05,1.8481338398655222e-05,1.84874344050274e-05,1.8493514158529927e-05,1.849957770397002e-05,1.8505625087258894e-05,1.8511656344124683e-05,1.851767151956765e-05,1.8523670656171628e-05,1.8529653795570608e-05,1.8535620980228845e-05,1.8541572250542577e-05,1.8547507649047104e-05,1.8553427216671385e-05,1.8559330995035935e-05,1.856521902531483e-05,1.8571091348919618e-05,1.857694800686803e-05,1.858278904012656e-05,1.8588614492951622e-05,1.8594424399665844e-05,1.860021880398998e-05,1.8605997744425564e-05,1.8611761265429084e-05,1.861750940515945e-05,1.8623242203906722e-05,1.862895970202947e-05,1.8634661939853572e-05,1.8640348956763097e-05,1.8646020792914107e-05,1.8651677487510287e-05,1.8657319081229488e-05,1.8662945612819352e-05,1.866855712183041e-05,1.867415364765052e-05,1.8679735229900492e-05,1.868530190665777e-05,1.8690853715721128e-05,1.8696390699519766e-05,1.870191289510617e-05,1.8707420340202748e-05,1.871291307572092e-05,1.871839113709782e-05,1.8723854566039314e-05,1.8729303399480154e-05,1.873473767595432e-05,1.8740157432890563e-05,1.874556270861952e-05,1.8750953540535595e-05,1.875632996752704e-05,1.876169202680246e-05,1.876703975588791e-05,1.8772373188479203e-05,1.8777692367682602e-05,1.8782997331400036e-05,1.8788288114747748e-05,1.8793564754579654e-05,1.8798827288419205e-05,1.8804075752802074e-05,1.8809310184735813e-05,1.8814530620791056e-05,1.8819737097517812e-05,1.88249296521441e-05,1.8830108320213982e-05,1.8835273139576364e-05,1.8840424145324385e-05,1.8845561372082652e-05,1.8850684859845498e-05,1.885579464266301e-05,1.8860890756770606e-05,1.8865973237696122e-05,1.887104212119451e-05,1.887609744265278e-05,1.8881139237896953e-05,1.8886167543698704e-05,1.8891182393003386e-05,1.8896183822947752e-05,1.8901171867064323e-05,1.8906146561164943e-05,1.891110794095841e-05,1.8916056040847323e-05,1.8920990895182152e-05,1.892591253976232e-05,1.893082100846171e-05,1.8935716336106146e-05,1.894059855729619e-05,1.8945467705949225e-05,1.8950323816779346e-05,1.895516692100436e-05,1.8959997056088702e-05,1.896481425808212e-05,1.896961855837305e-05,1.897440999102415e-05,1.8979188589547437e-05,1.8983954386872176e-05,1.8988707420367126e-05,1.8993447718474578e-05,1.8998175316767275e-05,1.900289024866011e-05,1.9007592547262108e-05,1.901228224590863e-05,1.9016959377513666e-05,1.9021623974999958e-05,1.902627607144918e-05,1.9030915699587624e-05,1.903554289230329e-05,1.904015768192527e-05,1.9044760101020187e-05,1.9049350182224723e-05,1.9053927957677644e-05,1.9058493460642705e-05,1.9063046722431876e-05,1.9067587775194275e-05,1.9072116651297166e-05,1.9076633382573784e-05,1.9081138001184013e-05,1.9085630538517213e-05,1.909011102664856e-05,1.9094579497111342e-05,1.9099035981188503e-05,1.9103480510801074e-05,1.9107913118542508e-05,1.9112333834220216e-05,1.911674268670597e-05,1.9121139708077872e-05,1.91255249338583e-05,1.9129898392735475e-05,1.913426011490478e-05,1.9138610131153742e-05,1.9142948473437293e-05,1.914727517088584e-05,1.9151590254120442e-05,1.915589375452528e-05,1.916018570224886e-05,1.9164466127464953e-05,1.9168735060797132e-05,1.91729925322891e-05,1.9177238572299126e-05,1.9181473210389637e-05,1.9185696476472083e-05,1.9189908400829427e-05,1.919410901310353e-05,1.9198298343359567e-05,1.920247642101289e-05,1.920664327568632e-05,1.9210798936516225e-05,1.9214943433499667e-05,1.9219076795733442e-05,1.9223199052499956e-05,1.922731023291651e-05,1.923141036602417e-05,1.923549948101229e-05,1.9239577606763238e-05,1.9243644772414464e-05,1.924770100665824e-05,1.9251746338314856e-05,1.9255780795975087e-05,1.925980440825488e-05,1.926381720366327e-05,1.926781921061008e-05,1.927181045756577e-05,1.9275790972785666e-05,1.927976078441473e-05,1.9283719920736447e-05,1.928766840988408e-05,1.9291606279334373e-05,1.929553355902441e-05,1.929945027500659e-05,1.9303356454286716e-05,1.930725212563796e-05,1.931113731653965e-05,1.9315012054012733e-05,1.9318876367393887e-05,1.932273028268254e-05,1.9326573827718595e-05,1.9330407030202908e-05,1.933422991651363e-05,1.933804251357547e-05,1.934184484892882e-05,1.934563694957243e-05,1.9349418842456998e-05,1.9353190554458557e-05,1.9356952112395187e-05,1.9360703542714545e-05,1.9364444872327378e-05,1.9368176128554187e-05,1.937189733755916e-05,1.93756085254054e-05,1.9379309718024395e-05,1.93830009419759e-05,1.9386682223742736e-05,1.9390353589657668e-05,1.9394015065828774e-05,1.93976666776872e-05,1.9401308451053757e-05,1.9404940412497904e-05,1.940856258773689e-05,1.9412175002539227e-05,1.9415777682606226e-05,1.9419370653568698e-05,1.9422953940999904e-05,1.942652757041255e-05,1.943009156721904e-05,1.9433645956781366e-05,1.9437190764401597e-05,1.944072601531983e-05,1.9444251734701612e-05,1.9447767947653018e-05,1.9451274679205803e-05,1.9454771954343697e-05,1.945825979788872e-05,1.9461738234765316e-05,1.9465207289752316e-05,1.9468666987563393e-05,1.947211735284847e-05,1.9475558410192875e-05,1.947899018411644e-05,1.9482412699077306e-05,1.9485825979467376e-05,1.948923004961676e-05,1.9492624933826502e-05,1.9496010656265256e-05,1.949938724106665e-05,1.9502754712310947e-05,1.9506113094004264e-05,1.950946241010591e-05,1.9512802684504858e-05,1.951613394102783e-05,1.9519456203436773e-05,1.952276949543343e-05,1.952607384065838e-05,1.952936926269096e-05,1.9532655785046253e-05,1.953593343106546e-05,1.9539202224257153e-05,1.9542462188024706e-05,1.954571334549993e-05,1.9548955719962087e-05,1.955218933456226e-05,1.955541421239118e-05,1.955863037647908e-05,1.9561837849792087e-05,1.9565036655245147e-05,1.9568226815682772e-05,1.9571408353898736e-05,1.9574581292617014e-05,1.9577745654513004e-05,1.9580901462200628e-05,1.9584048738227634e-05,1.958718750508992e-05,1.9590317785221874e-05,1.959343960099988e-05,1.959655297473956e-05,1.95996579287027e-05,1.9602754485549584e-05,1.960584266649958e-05,1.9608922494194995e-05,1.961199399056828e-05,1.9615057177589402e-05,1.9618112077479673e-05,1.9621158711659687e-05,1.9624197102045914e-05,1.962722727039054e-05,1.9630249238001172e-05,1.9633263026875023e-05,1.9636268658249923e-05,1.96392661543008e-05,1.964225553581699e-05,1.964523682488644e-05,1.9648210042586767e-05,1.9651175210152483e-05,1.9654132348776227e-05,1.965708147966123e-05,1.966002262392679e-05,1.9662955802564265e-05,1.9665881036793958e-05,1.9668798347319102e-05,1.967170775519312e-05,1.9674609281188465e-05,1.967750294628194e-05,1.968038877116985e-05,1.9683266776356788e-05,1.9686136982565208e-05,1.9688999410380207e-05,1.9691854080316838e-05,1.969470101280658e-05,1.969754022834434e-05,1.970037174724729e-05,1.9703195589836747e-05,1.9706011776312223e-05,1.9708820326369033e-05,1.9711621261263386e-05,1.971441460060531e-05,1.9717200364255008e-05,1.971997857243593e-05,1.972274924497152e-05,1.9725512401749305e-05,1.9728268062516857e-05,1.973101624713474e-05,1.9733756976436407e-05,1.9736490268056725e-05,1.9739216142687883e-05,1.9741934619691328e-05,1.974464571852248e-05,1.9747349459094728e-05,1.975004586041414e-05,1.9752734942146664e-05,1.9755416723313297e-05,1.975809122332714e-05,1.9760758461986925e-05,1.9763418457220406e-05,1.97660712288329e-05,1.9768716795991365e-05,1.977135517779069e-05,1.977398639272289e-05,1.977661045976131e-05,1.977922739822038e-05,1.9781837225639943e-05,1.9784439963086876e-05,1.978703562943621e-05,1.9789624241763464e-05,1.979220581793059e-05,1.9794780377326575e-05,1.979734793865022e-05,1.9799908520368544e-05,1.980246214224076e-05,1.9805008820158438e-05,1.9807548573350108e-05,1.981008142059816e-05,1.981260737970616e-05,1.9815126469175294e-05,1.9817638706502374e-05,1.9820144110843545e-05,1.9822642699736385e-05,1.9825134491163324e-05,1.9827619502994807e-05,1.9830097753354278e-05,1.9832569259902193e-05,1.9835034040553114e-05,1.9837492112977613e-05,1.9839943494938953e-05,1.9842388204106875e-05,1.9844826258105845e-05,1.9847257674508604e-05,1.984968247085702e-05,1.985210066451881e-05,1.9854512273146195e-05,1.985691731404409e-05,1.985931580390184e-05,1.9861707761362374e-05,1.9864093202816943e-05,1.9866472145444824e-05,1.9868844606994624e-05,1.987121060414566e-05,1.9873570154131397e-05,1.987592327389315e-05,1.9878269980648045e-05,1.9880610294093432e-05,1.988294422384191e-05,1.988527179219137e-05,1.9887593014728538e-05,1.9889907908224037e-05,1.9892216489548004e-05,1.9894518775198177e-05,1.9896814781485415e-05,1.9899104525867176e-05,1.9901388024420566e-05,1.990366529369421e-05,1.9905936350124105e-05,1.990820120958187e-05,1.9910459889521295e-05,1.9912712405630156e-05,1.9914958774412486e-05,1.9917199011987766e-05,1.9919433134592537e-05,1.992166115663193e-05,1.9923883097528056e-05,1.9926098972210244e-05,1.992830879603856e-05,1.9930512585105137e-05,1.993271035558586e-05,1.993490212328873e-05,1.9937087904080525e-05,1.9939267713784318e-05,1.9941441568197952e-05,1.9943609482936707e-05,1.99457714738918e-05,1.9947927556570265e-05,1.9950077746648682e-05,1.995222205970809e-05,1.995436051160396e-05,1.9956493117228007e-05,1.9958619892244287e-05,1.996074085213461e-05,1.996285601230804e-05,1.9964965387985217e-05,1.9967068993948592e-05,1.9969166846603284e-05,1.9971258960149364e-05,1.9973345350586087e-05,1.9975426032585195e-05,1.9977501021374377e-05,1.997957033192251e-05,1.9981633980787e-05,1.9983691979735958e-05,1.9985744345311166e-05,1.998779109244848e-05,1.9989832235954194e-05,1.999186779073654e-05,1.9993897771433214e-05,1.9995922192742093e-05,1.9997941069639846e-05,1.999995441671305e-05,2.0001962248358807e-05,2.000396457938693e-05,2.0005961424123072e-05,2.000795279723179e-05,2.0009938713049344e-05,2.0011919185651332e-05,2.0013894230297655e-05,2.0015863860897712e-05,2.00178280918067e-05,2.0019786937274532e-05,2.002174041154205e-05,2.0023688528818278e-05,2.002563130328719e-05,2.002756874847766e-05,2.0029500879546468e-05,2.0031427710036556e-05,2.0033349253973093e-05,2.0035265525324232e-05,2.0037176537855625e-05,2.0039082305836136e-05,2.004098284295229e-05,2.004287816318764e-05,2.0044768280687695e-05,2.0046653208055128e-05,2.004853295927541e-05,2.0050407546095917e-05,2.0052276987233362e-05,2.005414129357834e-05,2.0056000478786304e-05,2.0057854556207262e-05,2.0059703539471095e-05,2.0061547442027087e-05,2.0063386277342382e-05,2.0065220058710314e-05,2.0067048799007556e-05,2.0068872512776376e-05,2.00706912126999e-05,2.0072504911980583e-05,2.0074313625362183e-05,2.007611736304773e-05,2.0077916139777723e-05,2.007970996851195e-05,2.008149886311472e-05,2.00832828352565e-05,2.0085061898618858e-05,2.0086836066531874e-05,2.0088605351306105e-05,2.0090369766166693e-05,2.0092129323994368e-05,2.0093884037637625e-05,2.0095633919971478e-05,2.0097378983649548e-05,2.0099119241479695e-05,2.0100854706175024e-05,2.010258539041049e-05,2.0104311306836696e-05,2.0106032468064265e-05,2.010774888667036e-05,2.0109460575201e-05,2.0111167546168482e-05,2.0112869812050958e-05,2.011456738529586e-05,2.0116260278316768e-05,2.0117948503492986e-05,2.0119632073174333e-05,2.0121310999678036e-05,2.012298529528567e-05,2.0124654972248057e-05,2.0126320042783646e-05,2.0127980519078717e-05,2.0129636413287375e-05,2.0131287737532332e-05,2.0132934503902368e-05,2.0134576724456336e-05,2.0136214411238525e-05,2.013784757620776e-05,2.0139476231299782e-05,2.0141100388536882e-05,2.0142720059773242e-05,2.0144335256869313e-05,2.0145945991685794e-05,2.0147552276006064e-05,2.014915412161279e-05,2.015075154025709e-05,2.015234454367523e-05,2.0153933143480226e-05,2.0155517351361586e-05,2.0157097178931403e-05,2.0158672637790267e-05,2.0160243739494198e-05,2.01618104955789e-05,2.016337291715329e-05,2.0164931016451855e-05,2.0166484804527713e-05,2.0168034292797078e-05,2.016957949261587e-05,2.017112041523397e-05,2.017265707249163e-05,2.0174189474975718e-05,2.017571763422461e-05,2.0177241561174943e-05,2.0178761267624817e-05,2.0180276764351827e-05,2.0181788062548736e-05,2.0183295173648625e-05,2.0184798108186492e-05,2.018629687762478e-05,2.018779149278491e-05,2.018928196470927e-05,2.019076830429046e-05,2.0192250522588134e-05,2.0193728630361048e-05,2.019520263869519e-05,2.0196672558308566e-05,2.0198138400054867e-05,2.0199600174687893e-05,2.0201057893012807e-05,2.0202511565720734e-05,2.0203961203463157e-05,2.0205406817095067e-05,2.0206848417125663e-05,2.020828601424371e-05,2.0209719619781373e-05,2.0211149242789297e-05,2.0212574894510224e-05,2.0213996585528295e-05,2.0215414326528753e-05,2.021682812751629e-05,2.0218237999074206e-05,2.0219643951622346e-05,2.0221045995677395e-05,2.022244414144824e-05,2.022383839932062e-05,2.0225228779522413e-05,2.022661529236236e-05,2.0227997948056455e-05,2.0229376756816086e-05,2.023075172881918e-05,2.0232122874842454e-05,2.023349020344328e-05,2.0234853725997187e-05,2.0236213452221736e-05,2.0237569393691406e-05,2.0238921557429812e-05,2.024026995496837e-05,2.0241614596227214e-05,2.0242955491315816e-05,2.0244292650215233e-05,2.024562608222659e-05,2.0246955797567004e-05,2.0248281806098666e-05,2.0249604119521212e-05,2.025092274398097e-05,2.0252237690841725e-05,2.025354896997629e-05,2.025485659116556e-05,2.025616056394204e-05,2.02574608980172e-05,2.025875760303511e-05,2.0260050688637765e-05,2.026134016439223e-05,2.026262604048366e-05,2.026390832514417e-05,2.026518702853578e-05,2.0266462160128058e-05,2.0267733729773615e-05,2.026900174603795e-05,2.0270266218793084e-05,2.0271527157373908e-05,2.027278457134545e-05,2.027403846987988e-05,2.027528886229166e-05,2.0276535757946434e-05,2.0277779166721722e-05,2.027901909716547e-05,2.0280255557615054e-05,2.0281488558067426e-05,2.028271810854006e-05,2.0283944216527765e-05,2.0285166892069147e-05,2.028638614330164e-05,2.0287601981664556e-05,2.028881441392494e-05,2.029002344969071e-05,2.029122909891482e-05,2.029243136902569e-05,2.0293630269363887e-05,2.0294825809389105e-05,2.029601799856218e-05,2.0297206844580213e-05,2.0298392357055382e-05,2.029957454365128e-05,2.030075341395868e-05,2.0301928977524715e-05,2.030310124152608e-05,2.030427021553542e-05,2.0305435908228458e-05,2.03065983274197e-05,2.0307757483503403e-05,2.0308913383935176e-05,2.031006603799915e-05,2.031121545403656e-05,2.0312361640306342e-05,2.0313504605753863e-05,2.031464435874012e-05,2.0315780907774945e-05,2.0316914261323095e-05,2.0318044427824976e-05,2.0319171415795393e-05,2.032029523436388e-05,2.0321415890353234e-05,2.03225333928489e-05,2.0323647750426026e-05,2.0324758971664248e-05,2.0325867064060696e-05,2.0326972037134223e-05,2.032807389833144e-05,2.0329172655133488e-05,2.033026831648795e-05,2.0331360891408946e-05,2.033245038651874e-05,2.0333536810731774e-05,2.0334620172170022e-05,2.033570047892536e-05,2.033677774073792e-05,2.0337851962530077e-05,2.0338923154515007e-05,2.0339991323735796e-05,2.03410564788762e-05,2.0342118626726415e-05,2.0343177776880756e-05,2.0344233935689207e-05,2.0345287111875808e-05,2.0346337313370396e-05,2.0347384547012336e-05,2.0348428822504587e-05,2.0349470147141854e-05,2.0350508528272487e-05,2.0351543973771523e-05,2.0352576491514483e-05,2.0353606089212394e-05,2.0354632774469194e-05,2.0355656555426732e-05,2.0356677439293473e-05,2.0357695433931224e-05,2.0358710546246838e-05,2.0359722785317342e-05,2.0360732157923656e-05,2.0361738671856565e-05,2.0362742334732668e-05,2.0363743153856722e-05,2.036474113681863e-05,2.0365736291185715e-05,2.036672862428766e-05,2.0367718143951166e-05,2.0368704857511878e-05,2.0369688771310966e-05,2.037066989486284e-05,2.037164823434432e-05,2.0372623797078757e-05,2.0373596590542118e-05,2.037456662209584e-05,2.0375533898978363e-05,2.03764984286147e-05,2.03774602181801e-05,2.037841927502513e-05,2.0379375606325674e-05,2.0380329219323804e-05,2.0381280121633433e-05,2.038222831953015e-05,2.0383173820344173e-05,2.0384116631798664e-05,2.038505676055536e-05,2.0385994214050458e-05,2.0386928999214254e-05,2.038786112316894e-05,2.0388790592825068e-05,2.0389717415437123e-05,2.0390641597699736e-05,2.03915631468126e-05,2.0392482069149753e-05,2.0393398372793378e-05,2.0394312063995767e-05,2.0395223149934014e-05,2.0396131637195636e-05,2.039703753281178e-05,2.0397940843456526e-05,2.039884157638953e-05,2.03997397382047e-05,2.040063533542173e-05,2.040152837564498e-05,2.0402418864846998e-05,2.0403306810085348e-05,2.0404192218492642e-05,2.040507509604841e-05,2.0405955449661797e-05,2.0406833286142894e-05,2.040770861211142e-05,2.0408581434585976e-05,2.0409451759675564e-05,2.041031959408644e-05,2.0411184944440904e-05,2.0412047817409805e-05,2.0412908219502934e-05,2.0413766156419373e-05,2.0414621636314196e-05,2.041547466453911e-05,2.0416325247606214e-05,2.0417173393224364e-05,2.041801910685102e-05,2.0418862395004458e-05,2.0419703264140823e-05,2.042054172037704e-05,2.0421377770785197e-05,2.0422211421052457e-05,2.0423042678260036e-05,2.0423871548409225e-05,2.0424698037550586e-05,2.04255221520049e-05,2.0426343897744473e-05,2.0427163282009173e-05,2.0427980310094886e-05,2.0428794989102138e-05,2.0429607324849588e-05,2.0430417323861075e-05,2.0431224992126697e-05,2.043203033449604e-05,2.043283335879929e-05,2.04336340710316e-05,2.0434432477076152e-05,2.0435228582817063e-05,2.0436022394505174e-05,2.0436813918376936e-05,2.0437603160004433e-05,2.0438390126027884e-05,2.0439174821970467e-05,2.0439957253264237e-05,2.0440737427221843e-05,2.0441515348832716e-05,2.0442291026351962e-05,2.0443064464069154e-05,2.044383566655888e-05,2.0444604640889375e-05,2.0445371393677935e-05,2.0446135928542243e-05,2.044689825303636e-05,2.0447658373416344e-05,2.0448416294995588e-05,2.044917202380888e-05,2.0449925565237534e-05,2.0450676925285908e-05,2.045142610972845e-05,2.0452173124326696e-05,2.0452917975427426e-05,2.0453660668174718e-05,2.045440120764393e-05,2.0455139600158368e-05,2.0455875851400957e-05,2.045660996718485e-05,2.0457341952937162e-05,2.0458071814939496e-05,2.0458799558248596e-05,2.0459525187899197e-05,2.0460248710642342e-05,2.0460970130911e-05,2.0461689454961522e-05,2.0462406688141014e-05,2.0463121836048033e-05,2.046383490426286e-05,2.0464545898234588e-05,2.0465254823490384e-05,2.0465961685499675e-05,2.0466666489722302e-05,2.0467369241595686e-05,2.0468069946582497e-05,2.046876861008754e-05,2.0469465237513367e-05,2.04701598342456e-05,2.0470852405668523e-05,2.047154295714426e-05,2.047223149401861e-05,2.047291802161561e-05,2.0473602545273068e-05,2.0474285070283562e-05,2.0474965601948105e-05,2.0475644145311275e-05,2.0476320706090345e-05,2.0476995289306682e-05,2.0477667900198852e-05,2.0478338543749765e-05,2.047900722562204e-05,2.0479673950581928e-05,2.048033872402976e-05,2.048100155108732e-05,2.0481662437184655e-05,2.0482321387297595e-05,2.0482978406164143e-05,2.048363349917407e-05,2.0484286671479797e-05,2.0484937928467768e-05,2.0485587274622685e-05,2.048623471553443e-05,2.0486880255907726e-05,2.0487523900847918e-05,2.0488165655441212e-05,2.0488805524585553e-05,2.048944351331152e-05,2.0490079626597097e-05,2.049071386947328e-05,2.049134624676108e-05,2.0491976763529855e-05,2.0492605424640047e-05,2.0493232234939495e-05,2.049385719939354e-05,2.0494480322954354e-05,2.0495101610428753e-05,2.0495721066683175e-05,2.049633869655755e-05,2.0496954504890293e-05,2.049756849651297e-05,2.049818067621471e-05,2.0498791048801342e-05,2.049939961905891e-05,2.0500006391757736e-05,2.0500611371654132e-05,2.0501214563511356e-05,2.050181597203265e-05,2.050241560194347e-05,2.050301345797397e-05,2.0503609544817293e-05,2.0504203867139488e-05,2.0504796429625095e-05,2.0505387236921034e-05,2.0505976293687835e-05,2.0506563604551694e-05,2.0507149174138213e-05,2.0507733007048877e-05,2.0508315107904505e-05,2.050889548120502e-05,2.050947413162472e-05,2.0510051063695693e-05,2.0510626282007152e-05,2.0511199791053944e-05,2.051177159542587e-05,2.0512341699667475e-05,2.0512910107686604e-05,2.0513476824782486e-05,2.0514041855117673e-05,2.051460520312605e-05,2.0515166873420395e-05,2.0515726870486885e-05,2.0516285198286816e-05,2.0516841861530582e-05,2.0517396864428792e-05,2.051795021179898e-05,2.051850190779924e-05,2.0519051956828374e-05,2.0519600363447454e-05,2.0520147131518086e-05,2.052069226598283e-05,2.0521235770792086e-05,2.052177764999915e-05,2.0522317908658655e-05,2.0522856550112662e-05,2.0523393579190767e-05,2.0523929000024328e-05,2.052446281695434e-05,2.0524995034215907e-05,2.0525525656028163e-05,2.0526054686629123e-05,2.0526582130230653e-05,2.0527107991249327e-05,2.0527632273440305e-05,2.0528154981210236e-05,2.052867611865298e-05,2.0529195690011422e-05,2.052971369958435e-05,2.0530230151223683e-05,2.053074504915732e-05,2.0531258397112935e-05,2.0531770199761794e-05,2.053228046119609e-05,2.0532789185006915e-05,2.0533296376048708e-05,2.0533802037960295e-05,2.0534306174716006e-05,2.0534808790391973e-05,2.0535309888996587e-05,2.0535809474493592e-05,2.0536307550800095e-05,2.053680412216708e-05,2.0537299192303894e-05,2.0537792765345466e-05,2.0538284845425247e-05,2.0538775436109047e-05,2.0539264541551623e-05,2.0539752165671728e-05,2.05402383123555e-05,2.0540722985549094e-05,2.054120618918223e-05,2.0541687927109038e-05,2.0542168203180348e-05,2.0542647021309395e-05,2.054312438533367e-05,2.054360029912334e-05,2.0544074766493796e-05,2.0544547791288277e-05,2.0545019377323812e-05,2.0545489528300834e-05,2.0545958248203938e-05,2.0546425540749105e-05,2.0546891409719842e-05,2.0547355858766637e-05,2.054781889177688e-05,2.0548280512426032e-05,2.054874072465881e-05,2.0549199531921417e-05,2.054965693805383e-05,2.0550112946812854e-05,2.0550567561819087e-05,2.0551020786762916e-05,2.055147262540058e-05,2.055192308139437e-05,2.055237215823399e-05,2.0552819859692698e-05,2.0553266189829945e-05,2.055371115170298e-05,2.055415474886227e-05,2.0554596985032497e-05,2.055503786391667e-05,2.055547738931632e-05,2.055591556441146e-05,2.0556352392733186e-05,2.0556787878437382e-05,2.05572220246129e-05,2.0557654835022327e-05,2.0558086313110812e-05,2.0558516462237586e-05,2.0558945286214263e-05,2.0559372788764113e-05,2.055979897281351e-05,2.05602238420614e-05,2.0560647399987877e-05,2.0561069650061816e-05,2.056149059574629e-05,2.0561910240488674e-05,2.0562328587736763e-05,2.0562745640919916e-05,2.0563161403466397e-05,2.056357587878799e-05,2.056398907029038e-05,2.0564400981371454e-05,2.0564811615423155e-05,2.056522097582389e-05,2.056562906593741e-05,2.056603588913123e-05,2.0566441448753037e-05,2.0566845748149224e-05,2.056724879065526e-05,2.056765057959754e-05,2.0568051118293264e-05,2.0568450410047936e-05,2.056884845815794e-05,2.0569245265919898e-05,2.056964083660838e-05,2.0570035173506903e-05,2.0570428279872844e-05,2.0570820158959767e-05,2.0571210814024156e-05,2.057160024830017e-05,2.0571988465014304e-05,2.0572375467392067e-05,2.0572761258646224e-05,2.0573145841976334e-05,2.0573529220585914e-05,2.057391139744456e-05,2.0574292375944788e-05,2.0574672159257178e-05,2.057505075054401e-05,2.05754281529593e-05,2.05758043696478e-05,2.0576179403746817e-05,2.0576553258385524e-05,2.0576925936683746e-05,2.0577297441753895e-05,2.057766777670029e-05,2.0578036944618112e-05,2.057840494859505e-05,2.0578771791710333e-05,2.0579137477035226e-05,2.0579502007632753e-05,2.0579865386557513e-05,2.058022761685684e-05,2.0580588701569114e-05,2.0580948643725046e-05,2.058130744634724e-05,2.058166511245003e-05,2.0582021645040277e-05,2.058237704711637e-05,2.058273132166931e-05,2.058308447168177e-05,2.058343650012873e-05,2.0583787409976834e-05,2.0584137204185284e-05,2.0584485885705617e-05,2.0584833457481146e-05,2.0585179922447313e-05,2.0585525283532146e-05,2.0585869543655555e-05,2.0586212705729907e-05,2.058655477266007e-05,2.0586895747342754e-05,2.058723563266733e-05,2.058757443151528e-05,2.0587912146760472e-05,2.0588248781269257e-05,2.0588584337900732e-05,2.0588918819505645e-05,2.058925222892763e-05,2.0589584569002785e-05,2.0589915842559683e-05,2.0590246052419637e-05,2.0590575201395796e-05,2.059090329229419e-05,2.0591230327913843e-05,2.0591556311045766e-05,2.059188124447376e-05,2.0592205130974407e-05,2.0592527973316588e-05,2.0592849774262335e-05,2.059317053656608e-05,2.0593490262974702e-05,2.059380895622838e-05,2.059412661905949e-05,2.059444325419318e-05,2.0594758864348062e-05,2.0595073452234812e-05,2.0595387020556924e-05,2.059569957201141e-05,2.0596011109287312e-05,2.0596321635066874e-05,2.059663115202579e-05,2.0596939662831578e-05,2.0597247170145526e-05,2.0597553676667888e-05,2.0597859184998487e-05,2.0598163697777594e-05,2.059846721763784e-05,2.0598769747160182e-05,2.0599071289009344e-05,2.059937184579708e-05,2.0599671420275728e-05,2.0599970014895163e-05,2.060026763212704e-05,2.0600564274796335e-05,2.0600859945214643e-05,2.0601154646246802e-05,2.0601448380308083e-05,2.0601741149911955e-05,2.0602032957655522e-05,2.060232380612017e-05,2.060261369776647e-05,2.0602902635200183e-05,2.060319062090538e-05,2.0603477657396274e-05,2.0603763747187715e-05,2.0604048892777483e-05,2.060433309666939e-05,2.060461636134926e-05,2.0604898689275667e-05,2.060518008297383e-05,2.060546054489287e-05,2.060574007747647e-05,2.060601868320416e-05,2.060629636453985e-05,2.0606573123912392e-05,2.0606848963756857e-05,2.060712388650924e-05,2.060739789442065e-05,2.0607670990248496e-05,2.060794317606815e-05,2.0608214454453897e-05,2.0608484827982167e-05,2.060875429887159e-05,2.060902286950479e-05,2.0609290542266097e-05,2.0609557319342943e-05,2.060982320328654e-05,2.061008819665541e-05,2.061035230160543e-05,2.0610615520495973e-05,2.0610877855456883e-05,2.0611139309229686e-05,2.0611399883945065e-05,2.0611659581723867e-05,2.0611918405086396e-05,2.0612176356344464e-05,2.0612433437803862e-05,2.061268965196416e-05,2.0612945000920363e-05,2.061319948678066e-05,2.061345311197815e-05,2.0613705878839494e-05,2.0613957789607846e-05,2.0614208846546627e-05,2.061445905191318e-05,2.061470840795863e-05,2.061495691692832e-05,2.061520458106165e-05,2.0615451402591774e-05,2.0615697383746334e-05,2.0615942526746874e-05,2.061618683380881e-05,2.06164303071418e-05,2.0616672948950288e-05,2.061691476143182e-05,2.0617155746726103e-05,2.0617395907103307e-05,2.0617635244735567e-05,2.0617873761775643e-05,2.0618111460392417e-05,2.0618348342749253e-05,2.061858441100346e-05,2.061881966730738e-05,2.0619054113807023e-05,2.06192877527171e-05,2.061952058609421e-05,2.061975261607235e-05,2.0619983844689006e-05,2.062021427440811e-05,2.0620443907021665e-05,2.0620672744587894e-05,2.0620900789415057e-05,2.0621128043465612e-05,2.0621354508879495e-05,2.062158018767346e-05,2.0621805081866026e-05,2.062202919373731e-05,2.0622252525166075e-05,2.062247507830957e-05,2.062269685522471e-05,2.0622917857953596e-05,2.0623138088561238e-05,2.0623357549078776e-05,2.0623576241541512e-05,2.0623794167981247e-05,2.0624011330418606e-05,2.0624227730875032e-05,2.0624443371326718e-05,2.0624658253856565e-05,2.0624872380431983e-05,2.062508575304741e-05,2.0625298373660726e-05,2.0625510244295363e-05,2.0625721366933774e-05,2.0625931743552785e-05,2.0626141376151836e-05,2.062635026664086e-05,2.0626558417008864e-05,2.06267658292124e-05,2.0626972505201926e-05,2.0627178446922404e-05,2.062738365631403e-05,2.062758813531365e-05,2.062779188585e-05,2.062799490984788e-05,2.0628197209226654e-05,2.06283987859016e-05,2.062859964178335e-05,2.062879977877527e-05,2.0628999198777412e-05,2.0629197903682735e-05,2.0629395895383583e-05,2.062959317576267e-05,2.0629789746699726e-05,2.0629985610069598e-05,2.0630180767741007e-05,2.0630375221579597e-05,2.063056897344457e-05,2.0630762025190453e-05,2.063095437866842e-05,2.063114603572136e-05,2.0631336998191268e-05,2.063152726791105e-05,2.063171684671242e-05,2.0631905736420377e-05,2.063209393885574e-05,2.0632281455834006e-05,2.0632468289166195e-05,2.0632654440659015e-05,2.063283991211274e-05,2.0633024705324877e-05,2.063320882208729e-05,2.063339226418793e-05,2.0633575033407613e-05,2.063375713152406e-05,2.0633938560310417e-05,2.063411932153477e-05,2.0634299416960487e-05,2.0634478848347648e-05,2.0634657617449698e-05,2.0634835726016242e-05,2.0635013175791683e-05,2.06351899685164e-05,2.063536610594667e-05,2.0635541589773315e-05,2.063571642174597e-05,2.063589060359883e-05,2.063606413714599e-05,2.0636237023984756e-05,2.0636409265831132e-05,2.063658086437422e-05,2.063675182124347e-05,2.0636922138290247e-05,2.063709181703172e-05,2.063726085934622e-05,2.063742926673273e-05,2.0637597041036756e-05,2.063776418377361e-05,2.0637930696683833e-05,2.063809658138972e-05,2.063826183961775e-05,2.0638426472993982e-05,2.0638590483192406e-05,2.0638753871849133e-05,2.0638916640571733e-05,2.0639078790997103e-05,2.063924032499342e-05,2.0639401243817533e-05,2.063956154925484e-05,2.063972124289148e-05,2.063988032639133e-05,2.0640038801401005e-05,2.064019666941844e-05,2.0640353931997644e-05,2.0640510590957476e-05,2.0640666647782372e-05,2.0640822104021566e-05,2.064097696145349e-05,2.0641131221434866e-05,2.0641284885681832e-05,2.064143795557468e-05,2.0641590432738025e-05,2.064174231888237e-05,2.0641893615434933e-05,2.0642044324141464e-05,2.0642194446266044e-05,2.0642343983625644e-05,2.0642492937659536e-05,2.0642641309920804e-05,2.0642789101952146e-05,2.0642936315227713e-05,2.064308295130352e-05,2.0643229011692658e-05,2.064337449793639e-05,2.064351941156695e-05,2.0643663754076752e-05,2.064380752696619e-05,2.064395073174695e-05,2.0644093369911094e-05,2.0644235443005015e-05,2.064437695244413e-05,2.064451789975085e-05,2.0644658286409623e-05,2.0644798113899616e-05,2.0644937383701792e-05,2.0645076097289304e-05,2.0645214256120447e-05,2.0645351861647986e-05,2.0645488915443483e-05,2.064562541879253e-05,2.0645761373231554e-05,2.064589678008583e-05,2.0646031640923912e-05,2.0646165957180163e-05,2.0646299730391882e-05,2.0646432961911737e-05,2.0646565653156386e-05,2.0646697805522897e-05,2.0646829420592444e-05,2.0646960499539664e-05,2.0647091043916723e-05,2.0647221055082412e-05,2.0647350534467742e-05,2.064747948345517e-05,2.064760790364243e-05,2.0647735796072855e-05,2.0647863162327554e-05,2.0647990003821036e-05,2.0648116321910274e-05,2.06482421179454e-05,2.0648367393493757e-05,2.064849214964121e-05,2.064861638787674e-05,2.0648740109576e-05,2.0648863316095403e-05,2.064898600880057e-05,2.064910818905006e-05,2.0649229858192896e-05,2.0649351017527387e-05,2.0649471668522167e-05,2.0649591812374306e-05,2.0649711450550513e-05,2.0649830584339382e-05,2.0649949215068588e-05,2.065006734404607e-05,2.0650184972608774e-05,2.0650302102079254e-05,2.065041873377386e-05,2.0650534869023537e-05,2.065065050908869e-05,2.0650765655328466e-05,2.0650880309023912e-05,2.0650994471491362e-05,2.065110814400377e-05,2.0651221327871313e-05,2.0651334024369185e-05,2.0651446234788788e-05,2.0651557960418322e-05,2.06516692025438e-05,2.0651779962421214e-05,2.065189024147364e-05,2.0652000040653724e-05,2.0652109361451042e-05,2.065221820523142e-05,2.0652326572954044e-05,2.0652434466007307e-05,2.0652541885709693e-05,2.0652648833217488e-05,2.0652755309815392e-05,2.0652861316767327e-05,2.065296685527549e-05,2.065307192660712e-05,2.065317653199137e-05,2.0653280672652912e-05,2.0653384349793813e-05,2.065348756466579e-05,2.0653590318468214e-05,2.065369261243475e-05,2.065379444777304e-05,2.0653895825698364e-05,2.0653996747450995e-05,2.0654097214173586e-05,2.0654197227073614e-05,2.0654296787510596e-05,2.0654395896412298e-05,2.0654494555065648e-05,2.06545927646977e-05,2.0654690526478455e-05,2.065478784158933e-05,2.0654884711208392e-05,2.0654981136513887e-05,2.06550771186725e-05,2.0655172658841717e-05,2.065526775817956e-05,2.0655362417904076e-05,2.0655456639130535e-05,2.0655550423043405e-05,2.06556437707658e-05,2.065573668347325e-05,2.0655829162306457e-05,2.0655921208405895e-05,2.0656012822913196e-05,2.0656104006958102e-05,2.065619476167417e-05,2.065628508819765e-05,2.0656374987677997e-05,2.065646446122449e-05,2.0656553509981454e-05,2.0656642135053992e-05,2.0656730337660987e-05,2.0656818118710886e-05,2.0656905479405326e-05,2.0656992420865837e-05,2.0657078944254802e-05,2.065716505056331e-05,2.0657250740964852e-05,2.065733601653692e-05,2.0657420878359523e-05,2.0657505327527844e-05,2.0657589365222118e-05,2.0657672992367613e-05,2.065775621020088e-05,2.0657839019671938e-05,2.0657921422060256e-05,2.0658003418137895e-05,2.065808500909767e-05,2.0658166196070928e-05,2.065824698004533e-05,2.0658327362167235e-05,2.0658407343473552e-05,2.065848692501314e-05,2.0658566107801473e-05,2.0658644892942403e-05,2.065872328152995e-05,2.0658801274541968e-05,2.0658878873017837e-05,2.065895607799477e-05,2.0659032890510024e-05,2.0659109311593885e-05,2.0659185342345966e-05,2.065926098373366e-05,2.0659336236734147e-05,2.0659411102448324e-05,2.065948558189986e-05,2.0659559676130968e-05,2.0659633386053665e-05,2.0659706712730023e-05,2.065977965717279e-05,2.0659852220415134e-05,2.0659924403447506e-05,2.0659996207258033e-05,2.0660067632862315e-05,2.0660138681254006e-05,2.066020935341774e-05,2.0660279650372678e-05,2.0660349573242862e-05,2.0660419122835537e-05,2.066048830002925e-05,2.0660557105938403e-05,2.0660625541504116e-05,2.0660693607773995e-05,2.0660761305694045e-05,2.0660828636301965e-05,2.066089560041714e-05,2.0660962199081647e-05,2.0661028433245217e-05,2.0661094303896822e-05,2.0661159811976425e-05,2.066122495844587e-05,2.0661289744257047e-05,2.0661354170359433e-05,2.0661418237708332e-05,2.066148194723576e-05,2.0661545299890763e-05,2.0661608296615672e-05,2.0661670938347833e-05,2.0661733226022976e-05,2.0661795160574264e-05,2.06618567428714e-05,2.0661917973783726e-05,2.066197885452899e-05,2.06620393858384e-05,2.066209956870294e-05,2.0662159403960317e-05,2.066221889257076e-05,2.0662278035434804e-05,2.0662336833254414e-05,2.0662395287379844e-05,2.066245339844596e-05,2.0662511167411055e-05,2.066256859515751e-05,2.0662625682595232e-05,2.066268243061369e-05,2.066273884009736e-05,2.0662794911971228e-05,2.0662850647103266e-05,2.0662906046346422e-05,2.0662961110642895e-05,2.0663015840852703e-05,2.0663070237812557e-05,2.066312430248554e-05,2.0663178035707994e-05,2.0663231438347194e-05,2.066328451128702e-05,2.0663337255382545e-05,2.0663389671501065e-05,2.0663441760516e-05,2.066349352327864e-05,2.0663544960660808e-05,2.0663596073502747e-05,2.0663646862677777e-05,2.0663697329030838e-05,2.0663747473395827e-05,2.0663797296666512e-05,2.066384679963618e-05,2.06638959831863e-05,2.0663944848143053e-05,2.0663993395348395e-05,2.0664041625637986e-05,2.0664089539852062e-05,2.0664137138840398e-05,2.0664184423386048e-05,2.066423139434249e-05,2.066427805254501e-05,2.0664324398798335e-05,2.0664370433955853e-05,2.0664416158802024e-05,2.066446157410584e-05,2.066450668080457e-05,2.066455147965221e-05,2.0664595971456502e-05,2.0664640157025642e-05,2.0664684037168018e-05,2.066472761269845e-05,2.066477088441107e-05,2.0664813853113842e-05,2.0664856519699774e-05,2.0664898884764115e-05,2.0664940949113606e-05,2.0664982713755224e-05,2.0665024179284466e-05,2.066506534648602e-05,2.0665106216289652e-05,2.0665146789353645e-05,2.0665187066504048e-05,2.0665227048579942e-05,2.0665266736324024e-05,2.0665306130406997e-05,2.0665345231692825e-05,2.066538404094711e-05,2.0665422558989585e-05,2.0665460786536138e-05,2.066549872434324e-05,2.066553637311817e-05,2.066557373375558e-05,2.0665610806950916e-05,2.0665647593414433e-05,2.0665684093974525e-05,2.066572030935111e-05,2.0665756240314263e-05,2.0665791887568607e-05,2.0665827251886228e-05,2.06658623340172e-05,2.0665897134694444e-05,2.0665931654664284e-05,2.06659658946657e-05,2.0665999855436052e-05,2.066603353771071e-05,2.0666066942222868e-05,2.066610006970389e-05,2.0666132920883164e-05,2.066616549648838e-05,2.0666197797245e-05,2.0666229823876647e-05,2.066626157710518e-05,2.0666293057650407e-05,2.0666324266230307e-05,2.066635520356096e-05,2.0666385870356546e-05,2.0666416267329283e-05,2.06664463951897e-05,2.0666476254645877e-05,2.0666505846404787e-05,2.066653517117118e-05,2.0666564229648028e-05,2.0666593022536342e-05,2.0666621550534997e-05,2.066664981434169e-05,2.0666677814651698e-05,2.0666705552173623e-05,2.066673302756943e-05,2.0666760241578073e-05,2.0666787194835316e-05,2.0666813888044462e-05,2.066684032188183e-05,2.066686649704912e-05,2.066689241420975e-05,2.0666918074067552e-05,2.0666943477265828e-05,2.0666968624494115e-05,2.0666993516446055e-05,2.0667018153764374e-05,2.0667042537132834e-05,2.06670666672186e-05,2.066709054468901e-05,2.0667114170208668e-05,2.0667137544440885e-05,2.066716066804838e-05,2.0667183541683077e-05,2.0667206166047495e-05,2.0667228541728105e-05,2.0667250669441134e-05,2.066727254977654e-05,2.0667294183448645e-05,2.06673155710568e-05,2.0667336713254643e-05,2.066735761069791e-05,2.0667378264035936e-05,2.0667398673906327e-05,2.0667418840945705e-05,2.0667438765807274e-05,2.066745844912521e-05,2.0667477891525967e-05,2.0667497093652103e-05,2.0667516056126082e-05,2.066753477955796e-05,2.0667553264626134e-05,2.06675715119411e-05,2.066758952214297e-05,2.0667607295812502e-05,2.0667624833595855e-05,2.066764213611322e-05,2.066765920397339e-05,2.0667676037810734e-05,2.0667692638224835e-05,2.0667709005847065e-05,2.0667725141277415e-05,2.0667741045124566e-05,2.066775671801193e-05,2.0667772160588298e-05,2.0667787373364642e-05,2.0667802356997642e-05,2.0667817112090257e-05,2.0667831639231662e-05,2.0667845939018708e-05,2.066786001205848e-05,2.0667873858945736e-05,2.0667887480277456e-05,2.0667900876647387e-05,2.0667914048660366e-05,2.066792699686124e-05,2.0667939721895372e-05,2.066795222433451e-05,2.0667964504736014e-05,2.066797656370166e-05,2.0667988401814076e-05,2.066800001965379e-05,2.0668011417800688e-05,2.0668022596836592e-05,2.066803355733033e-05,2.0668044299860908e-05,2.0668054825002163e-05,2.0668065133324572e-05,2.0668075225398196e-05,2.066808510179229e-05,2.0668094763074354e-05,2.066810420977096e-05,2.0668113442524664e-05,2.066812246185991e-05,2.066813126833717e-05,2.0668139862516272e-05,2.0668148244955512e-05,2.0668156416211776e-05,2.0668164376840084e-05,2.0668172127395154e-05,2.066817966842906e-05,2.0668187000492764e-05,2.066819412413584e-05,2.0668201039906344e-05,2.0668207748350992e-05,2.066821425001559e-05,2.066822054544199e-05,2.06682266351732e-05,2.0668232519753125e-05,2.0668238199725494e-05,2.0668243675612663e-05,2.0668248947953817e-05,2.066825401729931e-05,2.0668258884173426e-05,2.0668263549107887e-05,2.0668268012636375e-05,2.0668272275288686e-05,2.0668276337589675e-05,2.0668280200068635e-05,2.0668283863249993e-05,2.0668287327657743e-05,2.0668290593815134e-05,2.0668293662242658e-05,2.0668296533460543e-05,2.066829920798729e-05,2.0668301686339985e-05,2.0668303969034377e-05,2.0668306056584884e-05,2.0668307949504492e-05,2.0668309648304904e-05,2.0668311153496424e-05,2.0668312465587546e-05,2.0668313585086506e-05,2.0668314512498987e-05,2.0668315248331887e-05,2.0668315793084783e-05,2.0668316147265897e-05,2.0668316311372012e-05,2.066831628590092e-05,2.066831607135591e-05,2.0668315668232218e-05,2.0668315077025e-05,2.0668314298228735e-05,2.0668313332335402e-05,2.0668312179838887e-05,2.0668310841228326e-05,2.066830931699152e-05,2.066830760762716e-05,2.0668305713604984e-05,2.0668303635417657e-05,2.0668301373549945e-05,2.0668298928481766e-05,2.0668296300699145e-05,2.066829349068086e-05,2.0668290498904425e-05,2.0668287325848633e-05,2.066828397199501e-05,2.0668280437808493e-05,2.0668276723767916e-05,2.066827283034576e-05,2.06682687580123e-05,2.0668264507245994e-05,2.0668260078502065e-05,2.0668255472271233e-05,2.0668250688989735e-05,2.0668245729130575e-05,2.06682405931694e-05,2.0668235281560073e-05,2.066822979476537e-05,2.066822413324898e-05,2.0668218297468785e-05,2.0668212287882202e-05,2.0668206104946067e-05,2.0668199749115922e-05,2.0668193220846027e-05,2.066818652058954e-05,2.066817964879804e-05,2.0668172605922576e-05,2.0668165392412483e-05,2.066815800871606e-05,2.066815045527998e-05,2.0668142732561748e-05,2.066813484097597e-05,2.0668126781011168e-05,2.066811855306758e-05,2.066811015760188e-05,2.066810159505509e-05,2.066809286586628e-05,2.0668083970482636e-05,2.066807490932174e-05,2.066806568282936e-05,2.066805629143914e-05,2.066804673558283e-05,2.0668037015693688e-05,2.0668027132202934e-05,2.066801708554089e-05,2.0668006876134308e-05,2.0667996504412923e-05,2.0667985970797903e-05,2.0667975275721216e-05,2.066796441960524e-05,2.066795340287193e-05,2.066794222597798e-05,2.0667930889261004e-05,2.0667919393201552e-05,2.0667907738207196e-05,2.0667895924678827e-05,2.0667883953062017e-05,2.0667871823756583e-05,2.066785953717772e-05,2.0667847093733253e-05,2.0667834493845133e-05,2.066782173791976e-05,2.0667808826392985e-05,2.06677957596211e-05,2.0667782538035487e-05,2.0667769162047626e-05,2.066775563205381e-05,2.0667741948455406e-05,2.0667728111684274e-05,2.066771412212141e-05,2.066769998017479e-05,2.0667685686235805e-05,2.0667671240712336e-05,2.0667656643998674e-05,2.0667641896491042e-05,2.0667626998585915e-05,2.066761195067865e-05,2.0667596753161084e-05,2.066758140642781e-05,2.0667565910871228e-05,2.0667550266881242e-05,2.0667534474847417e-05,2.066751853515389e-05,2.0667502448197442e-05,2.066748621435522e-05,2.0667469834023744e-05,2.0667453307581295e-05,2.066743663540386e-05,2.0667419817884138e-05,2.066740285540038e-05,2.0667385748340612e-05,2.066736849706916e-05,2.0667351101979833e-05,2.066733356344444e-05,2.066731588183187e-05,2.0667298057524744e-05,2.0667280090897524e-05,2.066726198232382e-05,2.0667243732181624e-05,2.0667225340832037e-05,2.0667206808657595e-05,2.0667188136020354e-05,2.066716932328476e-05,2.0667150370861244e-05,2.066713127904149e-05,2.0667112048229907e-05,2.0667092678790278e-05,2.0667073171082766e-05,2.0667053525477884e-05,2.0667033742323247e-05,2.0667013821994846e-05,2.0666993764864668e-05,2.0666973571258193e-05,2.0666953241553517e-05,2.0666932776107698e-05,2.0666912175264005e-05,2.0666891439393434e-05,2.0666870568849948e-05,2.06668495639731e-05,2.0666828425134076e-05,2.0666807152678457e-05,2.0666785746948428e-05,2.0666764208301097e-05,2.0666742537085087e-05,2.0666720733638507e-05,2.0666698798314307e-05,2.066667673146358e-05,2.0666654533425118e-05,2.0666632204548347e-05,2.0666609745171466e-05,2.0666587155641668e-05,2.0666564436298212e-05,2.066654158747849e-05,2.0666518609499557e-05,2.066649550272443e-05,2.0666472267521193e-05,2.0666448904171358e-05,2.066642541303444e-05,2.0666401794439454e-05,2.0666378048755585e-05,2.0666354176278002e-05,2.0666330177352956e-05,2.0666306052413984e-05,2.0666281801559455e-05,2.0666257425316796e-05,2.066623292398824e-05,2.0666208297812983e-05,2.066618354713928e-05,2.066615867235631e-05,2.0666133673751943e-05,2.066610855165471e-05,2.0666083306404826e-05,2.066605793829222e-05,2.0666032447659724e-05,2.0666006834818452e-05,2.06659811000829e-05,2.0665955243785896e-05,2.066592926624506e-05,2.0665903167772073e-05,2.0665876948727512e-05,2.066585060935647e-05,2.066582415003266e-05,2.0665797571044974e-05,2.0665770872692603e-05,2.0665744055332686e-05,2.066571711923774e-05,2.066569006470768e-05,2.0665662892102422e-05,2.0665635601705677e-05,2.0665608193833125e-05,2.066558066878244e-05,2.066555302687031e-05,2.0665525268350835e-05,2.0665497393623196e-05,2.0665469402902577e-05,2.0665441296512515e-05,2.066541307479576e-05,2.0665384738097155e-05,2.0665356286563267e-05,2.066532772066179e-05,2.0665299040626232e-05,2.0665270246793293e-05,2.0665241339421378e-05,2.066521231879356e-05,2.0665183185230503e-05,2.0665153938984958e-05,2.0665124580435628e-05,2.0665095109818753e-05,2.066506552743572e-05,2.0665035833574063e-05,2.0665006028541337e-05,2.066497611261099e-05,2.0664946086083676e-05,2.0664915949247375e-05,2.0664885702398312e-05,2.066485534583426e-05,2.066482487981396e-05,2.0664794304637435e-05,2.066476362059688e-05,2.066473282793581e-05,2.0664701926961373e-05,2.066467091800942e-05,2.066463980133497e-05,2.0664608577209823e-05,2.0664577245886643e-05,2.0664545807699324e-05,2.0664514262934392e-05,2.0664482611814848e-05,2.0664450854701938e-05,2.066441899176634e-05,2.06643870233822e-05,2.06643549497897e-05,2.0664322771208037e-05,2.0664290487946052e-05,2.066425810028561e-05,2.0664225608526938e-05,2.0664193012997736e-05,2.0664160313871953e-05,2.0664127511398535e-05,2.0664094605891145e-05,2.0664061597567542e-05,2.066402848679133e-05,2.0663995273901968e-05,2.066396195897831e-05,2.0663928542361437e-05,2.066389502432124e-05,2.066386140518969e-05,2.0663827685118985e-05,2.0663793864410622e-05,2.0663759943347737e-05,2.0663725922170575e-05,2.0663691801167244e-05,2.066365758058993e-05,2.0663623260706017e-05,2.0663588841778467e-05,2.0663554324046194e-05,2.06635197077873e-05,2.066348499322992e-05,2.0663450180681126e-05,2.0663415270369217e-05,2.0663380262552266e-05,2.0663345157488266e-05,2.066330995542748e-05,2.0663274656634782e-05,2.0663239261342714e-05,2.0663203769807226e-05,2.066316818229953e-05,2.0663132499059134e-05,2.0663096720343366e-05,2.066306084640785e-05,2.066302487748448e-05,2.0662988813805263e-05,2.066295265567816e-05,2.066291640327285e-05,2.06628800568893e-05,2.066284361675695e-05,2.066280708310963e-05,2.0662770456234442e-05,2.066273373634128e-05,2.066269692369055e-05,2.066266001851876e-05,2.0662623021064785e-05,2.0662585931485195e-05,2.0662548750195125e-05,2.0662511477351747e-05,2.066247411319214e-05,2.0662436657961233e-05,2.0662399111891803e-05,2.066236147522222e-05,2.066232374818457e-05,2.066228593094532e-05,2.0662248023896085e-05,2.0662210027192703e-05,2.0662171941066395e-05,2.0662133765757737e-05,2.066209550149698e-05,2.0662057148517445e-05,2.0662018707051333e-05,2.0661980177333525e-05,2.0661941559588957e-05,2.0661902854051566e-05,2.066186406095077e-05,2.066182518051615e-05,2.0661786212976322e-05,2.0661747158563078e-05,2.0661708017496974e-05,2.0661668790038287e-05,2.0661629476358297e-05,2.0661590076673685e-05,2.06615505912174e-05,2.0661511020286953e-05,2.0661471364052917e-05,2.0661431622755245e-05,2.066139179654507e-05,2.066135188576772e-05,2.0661311890585052e-05,2.0661271811214667e-05,2.066123164781765e-05,2.0661191400738836e-05,2.0661151070152994e-05,2.0661110656266032e-05,2.066107015927255e-05,2.0661029579467857e-05,2.0660988916943738e-05,2.0660948172044676e-05,2.0660907344863437e-05,2.0660866435670222e-05,2.0660825444708973e-05,2.0660784372158057e-05,2.0660743218244535e-05,2.0660701983165195e-05,2.0660660667146152e-05,2.0660619270402094e-05,2.0660577793142282e-05,2.066053623557583e-05,2.0660494597860998e-05,2.0660452880355168e-05,2.066041108313257e-05,2.0660369206441365e-05,2.0660327250486626e-05,2.0660285215483882e-05,2.066024310163537e-05,2.0660200909147038e-05,2.066015863824525e-05,2.0660116289098616e-05,2.0660073861990663e-05,2.0660031357040054e-05,2.065998877443108e-05,2.0659946114408274e-05,2.0659903377178943e-05,2.0659860562929714e-05,2.0659817671708513e-05,2.06597747040721e-05,2.0659731660005727e-05,2.0659688539726377e-05,2.0659645343463167e-05,2.0659602071397413e-05,2.065955872376924e-05,2.0659515300752125e-05,2.0659471802486416e-05,2.0659428229191026e-05,2.0659384581076884e-05,2.0659340858399645e-05,2.065929706114166e-05,2.0659253189733756e-05,2.065920924429934e-05,2.0659165225123307e-05,2.06591211321944e-05,2.0659076965805772e-05,2.0659032726147597e-05,2.0658988413448918e-05,2.065894402786467e-05,2.0658899569570667e-05,2.0658855038752343e-05,2.0658810435733277e-05,2.065876576061283e-05,2.0658721013450697e-05,2.065867619452414e-05,2.0658631304048294e-05,2.065858634220862e-05,2.0658541309134806e-05,2.0658496205100407e-05,2.0658451030243936e-05,2.0658405784815093e-05,2.065836046888962e-05,2.0658315082720353e-05,2.0658269626465267e-05,2.0658224100266675e-05,2.0658178504415816e-05,2.065813283902056e-05,2.0658087104300614e-05,2.0658041300365408e-05,2.0657995427501165e-05,2.0657949485908604e-05,2.065790347562721e-05,2.0657857396904602e-05,2.065781124987524e-05,2.0657765034806632e-05,2.0657718751828277e-05,2.0657672401070924e-05,2.0657625982852653e-05,2.065757949726642e-05,2.0657532944446338e-05,2.065748632456157e-05,2.065743963787593e-05,2.065739288450777e-05,2.0657346064749335e-05,2.0657299178576927e-05,2.0657252226244294e-05,2.0657205207933666e-05,2.0657158123818254e-05,2.0657110974089234e-05,2.065706375877752e-05,2.065701647828217e-05,2.0656969132671547e-05,2.0656921722121723e-05,2.0656874246809616e-05,2.0656826706873477e-05,2.0656779102408324e-05,2.065673143370703e-05,2.065668370094199e-05,2.065663590425972e-05,2.0656588043810657e-05,2.0656540119679363e-05,2.065649213218023e-05,2.0656444081311153e-05,2.0656395967438583e-05,2.0656347790623978e-05,2.0656299551041304e-05,2.0656251248844856e-05,2.0656202884213912e-05,2.0656154457454873e-05,2.0656105968447135e-05,2.065605741744487e-05,2.065600880465414e-05,2.0655960130175544e-05,2.0655911394266088e-05,2.0655862597072684e-05,2.0655813738718726e-05,2.0655764819372698e-05,2.065571583920793e-05,2.0655666798331236e-05,2.0655617697221942e-05,2.0655568535491426e-05,2.0655519313610484e-05,2.0655470031650836e-05,2.0655420689799716e-05,2.0655371288221957e-05,2.0655321827098297e-05,2.0655272306717503e-05,2.0655222726894434e-05,2.065517308800151e-05,2.0655123390121906e-05,2.0655073633496207e-05,2.0655023818193594e-05,2.065497394440257e-05,2.0654924012267002e-05,2.0654874021918875e-05,2.0654823973513537e-05,2.0654773867243303e-05,2.0654723703276823e-05,2.0654673481698218e-05,2.0654623202841308e-05,2.065457286661895e-05,2.065452247324797e-05,2.0654472022997975e-05,2.0654421515814622e-05,2.0654370951857958e-05,2.065432033149234e-05,2.065426965472047e-05,2.065421892183758e-05,2.0654168132739897e-05,2.0654117287693273e-05,2.0654066386869586e-05,2.0654015430372467e-05,2.0653964418378115e-05,2.065391335102946e-05,2.0653862228460485e-05,2.065381105082007e-05,2.0653759818259434e-05,2.0653708530903335e-05,2.0653657188908955e-05,2.0653605792436824e-05,2.0653554341492133e-05,2.0653502836430585e-05,2.0653451277318313e-05,2.0653399664272035e-05,2.0653347997481038e-05,2.065329627696788e-05,2.0653244503094414e-05,2.065319267576928e-05,2.065314079517913e-05,2.0653088861513447e-05,2.0653036874866435e-05,2.0652984835428684e-05,2.0652932743290962e-05,2.065288059874211e-05,2.0652828401666252e-05,2.0652776152339012e-05,2.0652723850893404e-05,2.0652671497459797e-05,2.06526190921705e-05,2.0652566635172006e-05,2.065251412662654e-05,2.065246156660133e-05,2.0652408955107993e-05,2.0652356292573957e-05,2.065230357899522e-05,2.0652250814576205e-05,2.0652197999219052e-05,2.0652145133301995e-05,2.0652092216854986e-05,2.065203925012214e-05,2.0651986233056413e-05,2.065193316587156e-05,2.065188004879075e-05,2.0651826881796076e-05,2.065177366505575e-05,2.065172039869955e-05,2.0651667082894555e-05,2.065161371773141e-05,2.0651560303358383e-05,2.06515068399347e-05,2.0651453327531278e-05,2.0651399766292073e-05,2.0651346156368488e-05,2.0651292497897684e-05,2.0651238790961382e-05,2.0651185035802008e-05,2.0651131232372086e-05,2.0651077380865254e-05,2.065102348158673e-05,2.0650969534378627e-05,2.065091553939587e-05,2.065086149688217e-05,2.0650807406933006e-05,2.065075326970186e-05,2.0650699085238277e-05,2.065064485371174e-05,2.065059057524123e-05,2.0650536249970583e-05,2.0650481877979197e-05,2.0650427459410357e-05,2.0650372994388885e-05,2.0650318483025807e-05,2.065026392548349e-05,2.0650209321814775e-05,2.065015467217018e-05,2.065009997670908e-05,2.0650045235517847e-05,2.0649990448682053e-05,2.0649935616346986e-05,2.0649880738551238e-05,2.064982581562891e-05,2.064977084752973e-05,2.0649715834385466e-05,2.064966077635638e-05,2.0649605673542788e-05,2.064955052605737e-05,2.0649495334020794e-05,2.064944009754763e-05,2.0649384816760476e-05,2.0649329491850343e-05,2.0649274122778362e-05,2.0649218709723694e-05,2.0649163252895318e-05,2.0649107752236304e-05,2.064905220795068e-05,2.0648996620155712e-05,2.064894098895345e-05,2.0648885314465268e-05,2.064882959679587e-05,2.0648773836069906e-05,2.0648718032396073e-05,2.064866218592207e-05,2.064860629669086e-05,2.0648550364840723e-05,2.0648494390490968e-05,2.0648438373744727e-05,2.064838231476158e-05,2.064832621355955e-05,2.064827007026213e-05,2.0648213885057045e-05,2.0648157658005215e-05,2.06481013892238e-05,2.064804507882184e-05,2.064798872690745e-05,2.0647932333582724e-05,2.064787589895624e-05,2.0647819423143536e-05,2.0647762906256412e-05,2.0647706348384545e-05,2.0647649749647292e-05,2.0647593110093717e-05,2.064753642994001e-05,2.0647479709249927e-05,2.064742294811741e-05,2.0647366146648283e-05,2.064730930503805e-05,2.064725242321545e-05,2.0647195501381953e-05,2.064713853961457e-05,2.0647081538034822e-05,2.064702449674697e-05,2.0646967415860387e-05,2.0646910295478927e-05,2.0646853135691526e-05,2.0646795936700783e-05,2.064673869843744e-05,2.064668142106538e-05,2.0646624104701785e-05,2.0646566749463595e-05,2.0646509355433955e-05,2.064645192277156e-05,2.0646394451497302e-05,2.0646336941729467e-05,2.0646279393579082e-05,2.0646221807133914e-05,2.0646164182518863e-05,2.0646106519832202e-05,2.0646048819164618e-05,2.0645991080613668e-05,2.0645933304277916e-05,2.0645875490293163e-05,2.0645817638689362e-05,2.064575974960105e-05,2.06457018231216e-05,2.0645643859366186e-05,2.0645585858397178e-05,2.064552782046308e-05,2.06454697454104e-05,2.0645411633437195e-05,2.0645353484706244e-05,2.0645295299214114e-05,2.0645237077104438e-05,2.0645178818477634e-05,2.064512052343747e-05,2.0645062192059726e-05,2.0645003824444355e-05,2.0644945420690303e-05,2.064488698088965e-05,2.064482850513292e-05,2.0644769993533212e-05,2.064471144617735e-05,2.064465286314093e-05,2.064459424452515e-05,2.064453559043413e-05,2.0644476900945103e-05,2.064441817616393e-05,2.0644359416176472e-05,2.0644300621065978e-05,2.0644241790937313e-05,2.0644182925873577e-05,2.0644124025914177e-05,2.0644065091254294e-05,2.0644006121951725e-05,2.0643947118021264e-05,2.0643888079658862e-05,2.0643829006912632e-05,2.064376989988061e-05,2.064371075863662e-05,2.0643651583215946e-05,2.0643592373805704e-05,2.064353313047274e-05,2.0643473853273807e-05,2.064341454231684e-05,2.064335519769418e-05,2.0643295819473174e-05,2.0643236407766835e-05,2.064317696263329e-05,2.0643117484175226e-05,2.064305797252567e-05,2.0642998427676967e-05,2.0642938849764668e-05,2.0642879238844603e-05,2.0642819595057536e-05,2.064275991849263e-05,2.0642700209194127e-05,2.06426404672566e-05,2.0642580692762772e-05,2.0642520885818554e-05,2.0642461046483587e-05,2.0642401174844995e-05,2.064234127111944e-05,2.064228133515593e-05,2.0642221367139812e-05,2.0642161367163318e-05,2.0642101335326774e-05,2.0642041271691197e-05,2.0641981176337438e-05,2.0641921049341018e-05,2.064186089079593e-05,2.064180070075085e-05,2.064174047935263e-05,2.0641680226690443e-05,2.0641619942812662e-05,2.0641559627776016e-05,2.0641499281695466e-05,2.0641438904658668e-05,2.0641378496767105e-05,2.0641318058028212e-05,2.06412575885734e-05,2.064119708847482e-05,2.064113655776956e-05,2.06410759965711e-05,2.064101540499041e-05,2.0640954783068453e-05,2.0640894130882743e-05,2.0640833448543367e-05,2.0640772736104805e-05,2.064071199381807e-05,2.064065122143391e-05,2.064059041928984e-05,2.0640529587267193e-05,2.064046872552943e-05,2.064040783417951e-05,2.064034691328329e-05,2.064028596291125e-05,2.0640224983133268e-05,2.0640163974061663e-05,2.0640102935740402e-05,2.064004186825559e-05,2.0639980771696174e-05,2.0639919646119125e-05,2.063985849167749e-05,2.0639797308291167e-05,2.0639736096302046e-05,2.0639674855449477e-05,2.0639613585948828e-05,2.063955228788942e-05,2.0639490961430466e-05,2.0639429606475926e-05,2.06393682231823e-05,2.063930681162919e-05,2.0639245371884862e-05,2.0639183904022138e-05,2.063912240811984e-05,2.0639060884231372e-05,2.063899933247224e-05,2.0638937752878175e-05,2.0638876145528582e-05,2.0638814510518715e-05,2.063875284788795e-05,2.0638691157750625e-05,2.0638629440140466e-05,2.0638567695227684e-05,2.063850592291183e-05,2.063844412336436e-05,2.0638382296634705e-05,2.063832044278775e-05,2.0638258561888793e-05,2.063819665405508e-05,2.063813471932995e-05,2.063807275778906e-05,2.063801076961175e-05,2.0637948754674276e-05,2.0637886713076207e-05,2.063782464494946e-05,2.0637762550469304e-05,2.0637700429470398e-05,2.0637638282133005e-05,2.0637576108514568e-05,2.0637513908721665e-05,2.063745168280002e-05,2.0637389430817047e-05,2.0637327152816162e-05,2.0637264848904326e-05,2.0637202519136276e-05,2.0637140163640157e-05,2.0637077782361402e-05,2.0637015375442146e-05,2.0636952942933958e-05,2.0636890484911117e-05,2.0636828001448167e-05,2.0636765492576584e-05,2.063670295837409e-05,2.0636640398944588e-05,2.0636577814285253e-05,2.0636515204541468e-05,2.0636452569720164e-05,2.0636389909910162e-05,2.063632722518347e-05,2.063626451556491e-05,2.0636201781232257e-05,2.063613902209979e-05,2.0636076238307246e-05,2.063601342988713e-05,2.0635950596957142e-05,2.0635887739543736e-05,2.063582485771413e-05,2.063576195150719e-05,2.0635699021059496e-05,2.0635636066401265e-05,2.0635573087575203e-05,2.0635510084663074e-05,2.063544705771962e-05,2.0635384006805146e-05,2.0635320932003478e-05,2.063525783335555e-05,2.063519471089569e-05,2.063513156473914e-05,2.0635068395070896e-05,2.063500520162061e-05,2.0634941984702632e-05,2.063487874427895e-05,2.063481548045035e-05,2.063475219329318e-05,2.063468888286868e-05,2.0634625549195108e-05,2.06345621923342e-05,2.0634498812391544e-05,2.063443540938368e-05,2.063437198341123e-05,2.0634308534454295e-05,2.0634245062697646e-05,2.0634181568161767e-05,2.063411805086552e-05,2.0634054510887743e-05,2.0633990948290795e-05,2.063392736309618e-05,2.0633863755423523e-05,2.0633800125317795e-05,2.06337364727794e-05,2.0633672797909826e-05,2.0633609100812387e-05,2.0633545381488533e-05,2.0633481639996932e-05,2.0633417876439696e-05,2.0633354090822527e-05,2.0633290283208563e-05,2.0633226453688372e-05,2.0633162602302158e-05,2.063309872906314e-05,2.063303483403617e-05,2.0632970917372215e-05,2.0632906979082043e-05,2.0632843019190708e-05,2.0632779037740057e-05,2.0632715034855498e-05,2.063265101070164e-05,2.0632586965077883e-05,2.0632522898163654e-05,2.0632458809939563e-05,2.0632394700529694e-05,2.063233056998821e-05,2.063226641835184e-05,2.0632202245737713e-05,2.063213805214219e-05,2.063207383763098e-05,2.0632009602296065e-05,2.0631945346095942e-05,2.0631881069147155e-05,2.063181677150108e-05,2.0631752453190033e-05,2.0631688114428535e-05,2.0631623755040823e-05,2.0631559375163786e-05,2.0631494974839893e-05,2.0631430554159653e-05,2.0631366113097883e-05,2.063130165180998e-05,2.0631237170337907e-05,2.063117266862653e-05,2.0631108146856172e-05,2.0631043605020764e-05,2.063097904319673e-05,2.063091446143271e-05,2.0630849859728755e-05,2.0630785238180675e-05,2.0630720596850088e-05,2.063065593580908e-05,2.063059125503239e-05,2.063052655464358e-05,2.0630461834641494e-05,2.0630397095101576e-05,2.063033233607696e-05,2.0630267557621418e-05,2.0630202759748235e-05,2.0630137942593397e-05,2.0630073106155743e-05,2.0630008250463844e-05,2.0629943375593228e-05,2.062987848158408e-05,2.0629813568473077e-05,2.0629748636351694e-05,2.0629683685247747e-05,2.062961871521122e-05,2.0629553726304716e-05,2.0629488718574312e-05,2.062942369206959e-05,2.0629358646796403e-05,2.062929358283706e-05,2.0629228500230837e-05,2.062916339904268e-05,2.0629098279338242e-05,2.062903314114987e-05,2.0628967984482493e-05,2.062890280942519e-05,2.0628837616027936e-05,2.0628772404367357e-05,2.0628707174438494e-05,2.062864192622085e-05,2.0628576659900163e-05,2.0628511375491838e-05,2.0628446073019698e-05,2.0628380752505177e-05,2.062831541404716e-05,2.0628250057726695e-05,2.0628184683487504e-05,2.0628119291511747e-05,2.0628053881848236e-05,2.0627988454243533e-05,2.062792300899741e-05,2.0627857546096312e-05,2.0627792065601818e-05,2.0627726567561396e-05,2.0627661052076073e-05,2.0627595518993182e-05,2.0627529968624833e-05,2.0627464400858895e-05,2.0627398815793467e-05,2.0627333213444153e-05,2.0627267593874655e-05,2.0627201957121146e-05,2.062713630320523e-05,2.0627070632180003e-05,2.0627004944148546e-05,2.062693923912316e-05,2.0626873517151013e-05,2.0626807778243385e-05,2.0626742022466236e-05,2.0626676249873155e-05,2.0626610460491384e-05,2.062654465437402e-05,2.0626478831575466e-05,2.0626412992234844e-05,2.062634713630448e-05,2.0626281263665728e-05,2.0626215374527144e-05,2.062614946891092e-05,2.062608354687092e-05,2.0626017608440963e-05,2.0625951653716195e-05,2.062588568259646e-05,2.0625819695129728e-05,2.062575369156977e-05,2.0625687671833614e-05,2.0625621635937316e-05,2.062555558413284e-05,2.062548951612925e-05,2.062542343212327e-05,2.062535733205778e-05,2.062529121616503e-05,2.0625225084392795e-05,2.0625158936599037e-05,2.06250927732001e-05,2.06250265940842e-05,2.0624960399216556e-05,2.062489418867785e-05,2.062482796249927e-05,2.0624761720737993e-05,2.0624695463398856e-05,2.0624629190574934e-05,2.0624562902281083e-05,2.0624496598560475e-05,2.0624430279460415e-05,2.0624363945212594e-05,2.0624297595443464e-05,2.06242312304211e-05,2.0624164850212658e-05,2.062409845478596e-05,2.0624032044211222e-05,2.0623965618523606e-05,2.062389917776964e-05,2.062383272199542e-05,2.062376625125627e-05,2.0623699765540417e-05,2.0623633264939716e-05,2.0623566749445716e-05,2.0623500219121786e-05,2.062343367400615e-05,2.0623367114192313e-05,2.0623300539610267e-05,2.0623233950355666e-05,2.0623167346506073e-05,2.0623100728014392e-05,2.0623034094965677e-05,2.062296744739283e-05,2.0622900785383655e-05,2.0622834108889295e-05,2.062276741802841e-05,2.0622700712773348e-05,2.0622633993155765e-05,2.0622567259258067e-05,2.0622500511098018e-05,2.0622433748723035e-05,2.0622366972210652e-05,2.0622300181547354e-05,2.0622233376735773e-05,2.0622166557861145e-05,2.062209972493312e-05,2.0622032878038793e-05,2.0621966017174417e-05,2.0621899142496953e-05,2.0621832253828433e-05,2.0621765351276893e-05,2.062169843494349e-05,2.062163150478956e-05,2.0621564560896833e-05,2.0621497603467794e-05,2.062143063213115e-05,2.0621363647278686e-05,2.0621296648827235e-05,2.0621229636794014e-05,2.0621162611283045e-05,2.0621095572278015e-05,2.0621028519788356e-05,2.062096145389969e-05,2.0620894374631988e-05,2.0620827281983826e-05,2.062076017603863e-05,2.0620693056822475e-05,2.062062592440982e-05,2.0620558778785835e-05,2.0620491619942244e-05,2.0620424447980732e-05,2.0620357262950512e-05,2.0620290064824e-05,2.062022285368927e-05,2.062015562949901e-05,2.062008839237285e-05,2.0620021142282507e-05,2.061995387935911e-05,2.0619886603573226e-05,2.0619819314892054e-05,2.0619752013472317e-05,2.0619684699249904e-05,2.0619617372296355e-05,2.0619550032586575e-05,2.0619482680249363e-05,2.061941531530463e-05,2.0619347937759323e-05,2.061928054766264e-05,2.061921314505618e-05,2.061914572991422e-05,2.0619078302313472e-05,2.0619010862282475e-05,2.0618943409846264e-05,2.0618875945051947e-05,2.0618808467925386e-05,2.0618740978490156e-05,2.061867347681576e-05,2.0618605962857364e-05,2.0618538436727853e-05,2.0618470898424453e-05,2.0618403348090918e-05,2.0618335785529076e-05,2.0618268210912093e-05,2.061820062429703e-05,2.061813302543676e-05,2.061806541483221e-05,2.0617997792230624e-05,2.061793015771386e-05,2.0617862511361573e-05,2.0617794853158274e-05,2.0617727183132377e-05,2.0617659501262557e-05,2.0617591807604464e-05,2.0617524102246576e-05,2.061745638516861e-05,2.0617388656446747e-05,2.061732091605926e-05,2.061725316406305e-05,2.0617185400499894e-05,2.0617117625379193e-05,2.061704983877791e-05,2.061698204067682e-05,2.061691423114277e-05,2.0616846410186677e-05,2.061677857783863e-05,2.0616710734135334e-05,2.06166428790928e-05,2.061657501274949e-05,2.061650713513303e-05,2.0616439246274526e-05,2.0616371346209662e-05,2.0616303434964425e-05,2.0616235512565708e-05,2.0616167579040102e-05,2.06160996344201e-05,2.061603167873451e-05,2.0615963712013198e-05,2.061589573428487e-05,2.061582774557885e-05,2.06157597459266e-05,2.06156917353522e-05,2.0615623713887607e-05,2.061555568156114e-05,2.0615487638400347e-05,2.0615419584435018e-05,2.0615351519693855e-05,2.0615283444205422e-05,2.0615215357997923e-05,2.0615147261096284e-05,2.061507915353516e-05,2.061501103533976e-05,2.061494290658584e-05,2.0614874767201376e-05,2.0614806617328953e-05,2.0614738456877552e-05,2.0614670285924556e-05,2.0614602104506318e-05,2.0614533912498258e-05,2.0614465710235915e-05,2.061439749759152e-05,2.0614329274591266e-05,2.0614261041263705e-05,2.0614192797634753e-05,2.061412454373349e-05,2.0614056279583444e-05,2.061398800521148e-05,2.061391972065524e-05,2.061385142592796e-05,2.061378312106134e-05,2.0613714806068774e-05,2.061364648100107e-05,2.0613578145880627e-05,2.0613509800747946e-05,2.0613441445593107e-05,2.0613373080466196e-05,2.0613304705371493e-05,2.061323632036034e-05,2.0613167925449303e-05,2.0613099520667817e-05,2.0613031106037705e-05,2.0612962681592485e-05,2.0612894247330928e-05,2.0612825803329173e-05,2.0612757349579438e-05,2.0612688886087736e-05,2.0612620412931033e-05,2.061255193008866e-05,2.0612483437618332e-05,2.06124149357531e-05,2.061234642409216e-05,2.061227790291087e-05,2.061220937202046e-05,2.061214083182473e-05,2.061207228208837e-05,2.0612003722868878e-05,2.0611935154198283e-05,2.061186657612993e-05,2.0611797988663365e-05,2.0611729391836653e-05,2.0611660785683264e-05,2.061159217022371e-05,2.0611523545467978e-05,2.061145491145611e-05,2.061138626821335e-05,2.061131761574382e-05,2.0611248954095518e-05,2.0611180283280705e-05,2.0611111603308693e-05,2.0611042914224345e-05,2.0610974216059618e-05,2.0610905508836276e-05,2.0610836792590173e-05,2.0610768067300317e-05,2.061069933300778e-05,2.0610630589751617e-05,2.0610561837558117e-05,2.0610493076434257e-05,2.061042430644075e-05,2.0610355527538874e-05,2.0610286739951638e-05,2.0610217943372063e-05,2.0610149137991332e-05,2.0610080323828654e-05,2.0610011500905247e-05,2.0609942669370872e-05,2.060987382899894e-05,2.0609804979809568e-05,2.0609736122085527e-05,2.06096672557205e-05,2.0609598380825076e-05,2.0609529497261096e-05,2.0609460605156835e-05,2.0609391704434132e-05,2.0609322795191132e-05,2.0609253877502854e-05,2.0609184951284487e-05,2.060911601661267e-05,2.060904707348955e-05,2.060897812201092e-05,2.0608909161799478e-05,2.060884019350116e-05,2.060877121665828e-05,2.060870223170607e-05,2.0608633238197792e-05,2.0608564236664074e-05,2.0608495226926304e-05,2.0608426208806193e-05,2.060835718257556e-05,2.060828814814938e-05,2.060821910558896e-05,2.0608150054838858e-05,2.0608080996059574e-05,2.0608011929077267e-05,2.060794285402123e-05,2.0607873770844213e-05,2.0607804679782196e-05,2.0607735580413035e-05,2.060766647325757e-05,2.0607597358050162e-05,2.060752823494249e-05,2.0607459103972803e-05,2.0607389965041196e-05,2.0607320818223117e-05,2.0607251663462613e-05,2.06071825008549e-05,2.0607113330587256e-05,2.0607044152520437e-05,2.060697496666122e-05,2.060690577298953e-05,2.0606836571577483e-05,2.0606767362141842e-05,2.0606698145314748e-05,2.0606628920779336e-05,2.06065596887151e-05,2.060649044890821e-05,2.0606421201453922e-05,2.060635194635381e-05,2.060628268367761e-05,2.0606213413487747e-05,2.060614413570047e-05,2.0606074850414128e-05,2.060600555763339e-05,2.060593625731939e-05,2.060586694959911e-05,2.0605797634441325e-05,2.0605728311912546e-05,2.0605658981937865e-05,2.0605589644921235e-05,2.0605520300210116e-05,2.0605450948152677e-05,2.0605381588822972e-05,2.060531222223216e-05,2.060524284832441e-05,2.0605173467124325e-05,2.06051040786826e-05,2.0605034683013734e-05,2.0604965280199852e-05,2.0604895870197583e-05,2.0604826453040682e-05,2.0604757028673287e-05,2.0604687597182338e-05,2.060461815860965e-05,2.060454871294087e-05,2.060447926020487e-05,2.0604409800436794e-05,2.060434033361914e-05,2.0604270859813932e-05,2.0604201379028736e-05,2.0604131891260613e-05,2.0604062396536832e-05,2.06039928946706e-05,2.060392338636427e-05,2.0603853870901078e-05,2.0603784348553936e-05,2.0603714819347532e-05,2.0603645283299917e-05,2.0603575740423926e-05,2.0603506190827876e-05,2.0603436634366256e-05,2.0603367071347103e-05,2.060329750136905e-05,2.0603227924660244e-05,2.0603158341238784e-05,2.060308875100734e-05,2.0603019154269746e-05,2.060294955087371e-05,2.0602879940672722e-05,2.0602810324017722e-05,2.060274070075268e-05,2.060267107090503e-05,2.060260143448942e-05,2.0602531791515795e-05,2.060246214201403e-05,2.060239248599159e-05,2.0602322823428305e-05,2.0602253154340756e-05,2.0602183478819313e-05,2.060211379691361e-05,2.0602044108585115e-05,2.060197441377838e-05,2.060190471258893e-05,2.0601835005076542e-05,2.060176529114601e-05,2.0601695571046363e-05,2.0601625844507628e-05,2.0601556111619612e-05,2.060148637243834e-05,2.0601416627007905e-05,2.0601346875301745e-05,2.060127711738906e-05,2.0601207353145238e-05,2.0601137582789015e-05,2.0601067806217172e-05,2.060099802350447e-05,2.0600928234608205e-05,2.0600858439575005e-05,2.0600788638325664e-05,2.0600718831066173e-05,2.060064901771783e-05,2.060057919829785e-05,2.0600509372837806e-05,2.060043954132532e-05,2.0600369703790245e-05,2.0600299860249315e-05,2.0600230010719773e-05,2.0600160155218158e-05,2.0600090293759136e-05,2.0600020426353194e-05,2.059995055302885e-05,2.0599880673797465e-05,2.0599810788674715e-05,2.059974089766859e-05,2.05996710008025e-05,2.0599601098100538e-05,2.0599531189568975e-05,2.059946127521886e-05,2.0599391355072525e-05,2.0599321429145704e-05,2.059925149745421e-05,2.059918156002097e-05,2.0599111616847357e-05,2.0599041667956134e-05,2.059897171336296e-05,2.0598901753083444e-05,2.0598831787122044e-05,2.05987618155163e-05,2.0598691838270685e-05,2.059862185540059e-05,2.0598551866921432e-05,2.059848187283739e-05,2.0598411873186068e-05,2.0598341867971552e-05,2.0598271857197895e-05,2.0598201840902666e-05,2.0598131819078654e-05,2.059806179175209e-05,2.059799175893815e-05,2.0597921720651788e-05,2.059785167690798e-05,2.0597781627721863e-05,2.0597711573108216e-05,2.0597641513081795e-05,2.0597571447657324e-05,2.0597501376850078e-05,2.0597431300674818e-05,2.0597361219145703e-05,2.0597291132277787e-05,2.0597221040085784e-05,2.059715094258455e-05,2.059708083978805e-05,2.0597010731711346e-05,2.0596940618368758e-05,2.0596870499774634e-05,2.0596800375943403e-05,2.0596730246889715e-05,2.0596660112628015e-05,2.0596589973172482e-05,2.0596519828537282e-05,2.059644967873708e-05,2.059637952378507e-05,2.0596309363696963e-05,2.059623919848559e-05,2.0596169028165763e-05,2.0596098852751425e-05,2.0596028672256762e-05,2.059595848669522e-05,2.05958882960813e-05,2.05958181004432e-05,2.059574789976604e-05,2.0595677694078323e-05,2.059560748340897e-05,2.059553726775338e-05,2.05954670471161e-05,2.0595396821538284e-05,2.059532659100348e-05,2.05952563555542e-05,2.059518611518996e-05,2.0595115869924243e-05,2.0595045619770316e-05,2.0594975364695968e-05,2.0594905104807847e-05,2.0594834840074437e-05,2.0594764570506746e-05,2.0594694296118393e-05,2.059462401692323e-05,2.059455373293644e-05,2.0594483444167653e-05,2.0594413150632425e-05,2.0594342852343673e-05,2.059427254931337e-05,2.059420224155681e-05,2.0594131929085938e-05,2.059406161191428e-05,2.0593991290052655e-05,2.0593920963516428e-05,2.0593850632318023e-05,2.0593780296470694e-05,2.0593709955987294e-05,2.0593639610880713e-05,2.059356926116426e-05,2.059349890684897e-05,2.0593428547949966e-05,2.059335818447775e-05,2.0593287816446577e-05,2.059321744386771e-05,2.0593147066755554e-05,2.0593076685122076e-05,2.0593006298980205e-05,2.0592935908341727e-05,2.059286551321843e-05,2.0592795113625286e-05,2.0592724709573797e-05,2.0592654301075992e-05,2.059258388814293e-05,2.0592513470790492e-05,2.059244304902811e-05,2.0592372622869597e-05,2.0592302192326164e-05,2.0592231757409683e-05,2.0592161318134237e-05,2.0592090874511518e-05,2.0592020426553314e-05,2.059194997427034e-05,2.05918795176768e-05,2.0591809056785014e-05,2.0591738591605692e-05,2.059166812215144e-05,2.0591597648433428e-05,2.0591527170465e-05,2.0591456688255544e-05,2.0591386201818697e-05,2.0591315711167736e-05,2.0591245216312967e-05,2.0591174717265493e-05,2.0591104214039497e-05,2.0591033706643003e-05,2.0590963195092096e-05,2.05908926793953e-05,2.0590822159565296e-05,2.0590751635614078e-05,2.059068110755136e-05,2.059061057541721e-05,2.0590540039196336e-05,2.0590469498874092e-05,2.0590398954487587e-05,2.0590328406049694e-05,2.0590257853595068e-05,2.0590187297085662e-05,2.0590116736559158e-05,2.059004617200455e-05,2.058997560345467e-05,2.0589905030940058e-05,2.058983445443486e-05,2.0589763873982628e-05,2.058969328956521e-05,2.0589622701208494e-05,2.0589552108923865e-05,2.058948151274622e-05,2.0589410912652356e-05,2.058934030864933e-05,2.0589269700776986e-05,2.0589199089032128e-05,2.0589128473197574e-05,2.0589057853746576e-05,2.0588987230447724e-05,2.058891660331971e-05,2.058884597237009e-05,2.0588775337938262e-05,2.0588704699398123e-05,2.058863405699541e-05,2.058856341089446e-05,2.0588492761027105e-05,2.0588422107409993e-05,2.0588351450049307e-05,2.0588280788970962e-05,2.058821012415487e-05,2.0588139455630207e-05,2.058806878340462e-05,2.0587998107487835e-05,2.0587927427908645e-05,2.0587856744642777e-05,2.0587786057722363e-05,2.0587715367136874e-05,2.0587644672930088e-05,2.0587573975105723e-05,2.0587503273909615e-05,2.058743256885263e-05,2.0587361860197823e-05,2.0587291147959882e-05,2.05872204322392e-05,2.0587149712877825e-05,2.0587078990045798e-05,2.0587008263561267e-05,2.0586937533535993e-05,2.0586866799990277e-05,2.0586796062928124e-05,2.0586725322361938e-05,2.058665457832432e-05,2.0586583830774513e-05,2.058651307980268e-05,2.0586442325317604e-05,2.05863715674981e-05,2.0586300806173453e-05,2.0586230041357625e-05,2.0586159273101336e-05,2.058608850143128e-05,2.0586017726395634e-05,2.058594694804886e-05,2.0585876166211964e-05,2.058580538100275e-05,2.0585734592424874e-05,2.058566380049102e-05,2.0585593005222974e-05,2.058552220660964e-05,2.0585451404669483e-05,2.058538059940859e-05,2.058530979086423e-05,2.0585238978997517e-05,2.0585168163842298e-05,2.0585097345404934e-05,2.058502652384589e-05,2.0584955698897026e-05,2.058488487068269e-05,2.0584814039215872e-05,2.058474320452429e-05,2.058467236661813e-05,2.0584601525494547e-05,2.0584530681165178e-05,2.058445983363634e-05,2.0584388982926634e-05,2.0584318129043116e-05,2.0584247271973223e-05,2.0584176411765734e-05,2.0584105548415753e-05,2.058403468192492e-05,2.058396381219004e-05,2.0583892939424803e-05,2.058382206356313e-05,2.0583751184520368e-05,2.0583680302317026e-05,2.0583609417043385e-05,2.0583538528678796e-05,2.058346763741435e-05,2.0583396742952262e-05,2.0583325845419548e-05,2.0583254945001148e-05,2.0583184041479016e-05,2.0583113135012947e-05,2.0583042225531346e-05,2.0582971313030485e-05,2.0582900397559307e-05,2.0582829479100742e-05,2.058275855756992e-05,2.058268763315358e-05,2.0582616705780285e-05,2.0582545775455503e-05,2.0582474842189346e-05,2.0582403905989825e-05,2.0582332966861105e-05,2.0582262024795115e-05,2.0582191079844693e-05,2.058212013199125e-05,2.058204918126545e-05,2.05819782276194e-05,2.0581907271122584e-05,2.058183631176272e-05,2.0581765349478812e-05,2.058169438444301e-05,2.0581623416554916e-05,2.0581552445805846e-05,2.058148147231783e-05,2.058141049585628e-05,2.0581339516698662e-05,2.0581268534814985e-05,2.058119754996429e-05,2.058112656246916e-05,2.058105557219528e-05,2.0580984579115208e-05,2.0580913583290388e-05,2.0580842584958723e-05,2.058077158364645e-05,2.0580700579605585e-05,2.058062957296353e-05,2.058055856355084e-05,2.0580487551327665e-05,2.058041653640489e-05,2.0580345518790407e-05,2.058027449852414e-05,2.058020347552281e-05,2.058013244990246e-05,2.058006142163014e-05,2.0579990390614812e-05,2.0579919357114215e-05,2.057984832085637e-05,2.0579777282049916e-05,2.0579706240585037e-05,2.0579635196511394e-05,2.05795641498098e-05,2.0579493100536752e-05,2.057942204867665e-05,2.057935099430446e-05,2.057927993715065e-05,2.0579208877573076e-05,2.0579137815329756e-05,2.0579066750677645e-05,2.057899568344303e-05,2.057892461366235e-05,2.0578853541350813e-05,2.0578782466570007e-05,2.057871138925383e-05,2.0578640309403625e-05,2.0578569227088457e-05,2.0578498142272977e-05,2.0578427054989433e-05,2.0578355965229954e-05,2.0578284872985537e-05,2.05782137783166e-05,2.0578142681187942e-05,2.0578071581615867e-05,2.0578000479608556e-05,2.057792937512328e-05,2.057785826827449e-05,2.05777871589744e-05,2.0577716047298586e-05,2.0577644932945342e-05,2.057757381647419e-05,2.0577502697671528e-05,2.057743157644438e-05,2.057736045282357e-05,2.0577289326864543e-05,2.057721819855093e-05,2.05771470678887e-05,2.0577075934995023e-05,2.0577004799660218e-05,2.0576933661998464e-05,2.057686252202323e-05,2.057679137971776e-05,2.057672023511982e-05,2.0576649088223644e-05,2.057657793898909e-05,2.0576506787567008e-05,2.057643563383316e-05,2.057636447781964e-05,2.0576293319542575e-05,2.057622215902837e-05,2.0576150996249295e-05,2.0576079831126035e-05,2.0576008663855275e-05,2.0575937494374593e-05,2.0575866322717006e-05,2.0575795148850533e-05,2.0575723972739738e-05,2.0575652794417302e-05,2.057558161390536e-05,2.0575510430850085e-05,2.0575439245972926e-05,2.057536805886164e-05,2.0575296869643555e-05,2.0575225678257042e-05,2.0575154484751396e-05,2.0575083288873386e-05,2.0575012091171613e-05,2.057494089123141e-05,2.0574869689151722e-05,2.0574798484964783e-05,2.0574727278664592e-05,2.057465607030333e-05,2.0574584859731754e-05,2.0574513647127395e-05,2.0574442432470597e-05,2.0574371215765466e-05,2.0574299996933423e-05,2.0574228776103394e-05,2.057415755314616e-05,2.0574086328135094e-05,2.0574015101113997e-05,2.0573943872022693e-05,2.0573872640895895e-05,2.0573801407738454e-05,2.0573730172532505e-05,2.0573658935436462e-05,2.0573587696237478e-05,2.057351645503731e-05,2.0573445211842315e-05,2.057337396669802e-05,2.057330271953315e-05,2.0573231470391066e-05,2.0573160219278333e-05,2.0573088966078575e-05,2.057301771103217e-05,2.0572946454084314e-05,2.0572875195142895e-05,2.0572803934276025e-05,2.0572732671507803e-05,2.0572661406809274e-05,2.0572590140158992e-05,2.0572518871604596e-05,2.0572447601146765e-05,2.0572376328784154e-05,2.0572305054526672e-05,2.0572233778347618e-05,2.05721625003176e-05,2.0572091220411977e-05,2.0572019938635824e-05,2.0571948655037107e-05,2.057187736954063e-05,2.0571806082184776e-05,2.0571734792995448e-05,2.0571663501893452e-05,2.0571592208993477e-05,2.057152091428658e-05,2.057144961776551e-05,2.0571378319453503e-05,2.057130701930699e-05,2.0571235717335584e-05,2.0571164413581443e-05,2.057109310804804e-05,2.0571021800714395e-05,2.057095049161092e-05,2.057087918072008e-05,2.0570807868045956e-05,2.0570736553586166e-05,2.0570665237369427e-05,2.057059391943535e-05,2.0570522599754762e-05,2.057045127830519e-05,2.0570379955149067e-05,2.0570308630264013e-05,2.0570237303645248e-05,2.0570165975303015e-05,2.0570094645265706e-05,2.057002331351213e-05,2.0569951980066696e-05,2.0569880644928212e-05,2.056980930811138e-05,2.0569737969591346e-05,2.0569666629399474e-05,2.0569595287535885e-05,2.0569523944006303e-05,2.0569452598845933e-05,2.0569381251985886e-05,2.0569309903486715e-05,2.056923855332638e-05,2.0569167201565807e-05,2.056909584813648e-05,2.0569024493091016e-05,2.0568953136397608e-05,2.0568881778137395e-05,2.0568810418242886e-05,2.0568739056592316e-05,2.0568667693450358e-05,2.0568596328670963e-05,2.0568524962379875e-05,2.0568453594583982e-05,2.0568382225077032e-05,2.0568310854049336e-05,2.056823948145398e-05,2.0568168107253677e-05,2.0568096731579988e-05,2.0568025353965946e-05,2.0567953975148034e-05,2.0567882594785557e-05,2.0567811212885773e-05,2.0567739829465524e-05,2.056766844447607e-05,2.0567597057957184e-05,2.0567525670046112e-05,2.0567454280495303e-05,2.056738288935717e-05,2.0567311496848767e-05,2.056724010283955e-05,2.0567168707370852e-05,2.0567097310387265e-05,2.056702591190563e-05,2.0566954511965913e-05,2.0566883110789583e-05,2.056681170792539e-05,2.0566740303587982e-05,2.0566668897795334e-05,2.056659749054304e-05,2.0566526081616752e-05,2.0566454671460877e-05,2.0566383259941144e-05,2.0566311846956145e-05,2.0566240432528324e-05,2.0566169016743864e-05,2.056609759952324e-05,2.056602618088847e-05,2.056595476089414e-05,2.0565883339492055e-05,2.0565811916649076e-05,2.056574049239008e-05,2.056566906695722e-05,2.056559763995703e-05,2.056552621155833e-05,2.0565454781806056e-05,2.0565383350713475e-05,2.0565311918418873e-05,2.056524048459162e-05,2.056516904941315e-05,2.056509761288274e-05,2.056502617499391e-05,2.0564954735779247e-05,2.056488329522783e-05,2.0564811852924868e-05,2.0564740409770212e-05,2.056466896530365e-05,2.056459751948432e-05,2.0564526072363845e-05,2.056445462396471e-05,2.0564383174337513e-05,2.056431172332208e-05,2.0564240271016165e-05,2.0564168817449937e-05,2.056409736256655e-05,2.0564025906448527e-05,2.0563954449047933e-05,2.0563882990347807e-05,2.0563811530403874e-05,2.0563740069191594e-05,2.0563668606779513e-05,2.0563597143145132e-05,2.0563525678172242e-05,2.0563454212023736e-05,2.0563382744607807e-05,2.0563311276265315e-05,2.0563239806205614e-05,2.05631683351174e-05,2.0563096862953272e-05,2.05630253894354e-05,2.056295391471568e-05,2.0562882438807373e-05,2.056281096171505e-05,2.0562739483396745e-05,2.0562668003888906e-05,2.0562596523196034e-05,2.0562525041325403e-05,2.0562453558280618e-05,2.0562382074065136e-05,2.0562310588681975e-05,2.056223910213398e-05,2.0562167614431894e-05,2.056209612554084e-05,2.056202463553298e-05,2.0561953144403765e-05,2.056188165211166e-05,2.0561810158706867e-05,2.056173866416951e-05,2.0561667168511858e-05,2.0561595671734e-05,2.0561524173827717e-05,2.0561452674804154e-05,2.0561381174670205e-05,2.0561309673430706e-05,2.056123817113463e-05,2.0561166667667316e-05,2.0561095163174933e-05,2.0561023657553793e-05,2.0560952150858303e-05,2.0560880643074736e-05,2.056080913420737e-05,2.0560737624280886e-05,2.0560666113238308e-05,2.0560594601048953e-05,2.0560523087955783e-05,2.0560451573741118e-05,2.0560380058511758e-05,2.05603085421647e-05,2.0560237025007792e-05,2.0560165506601554e-05,2.0560093987159364e-05,2.056002246705946e-05,2.05599509457879e-05,2.0559879423228847e-05,2.0559807899683623e-05,2.0559736375122802e-05,2.055966484955031e-05,2.0559593322970132e-05,2.055952179538631e-05,2.055945026690054e-05,2.0559378737321477e-05,2.055930720675066e-05,2.055923567519212e-05,2.0559164142649885e-05,2.0559092609127758e-05,2.0559021074629896e-05,2.0558949539169273e-05,2.0558878002737746e-05,2.0558806465335832e-05,2.0558734926982327e-05,2.0558663387663774e-05,2.0558591847392745e-05,2.05585203061739e-05,2.0558448764006792e-05,2.05583772209125e-05,2.0558305676870452e-05,2.0558234131903954e-05,2.0558162585995562e-05,2.0558091039175143e-05,2.0558019491413375e-05,2.055794794274314e-05,2.055787639315993e-05,2.0557804842661782e-05,2.055773329133954e-05,2.055766173903278e-05,2.0557590185834628e-05,2.0557518631736664e-05,2.0557447076951113e-05,2.0557375521063128e-05,2.0557303964302787e-05,2.0557232406667167e-05,2.05571608481535e-05,2.0557089288756378e-05,2.0557017728502497e-05,2.0556946167381797e-05,2.0556874605295926e-05,2.055680304245632e-05,2.0556731478762108e-05,2.0556659914217294e-05,2.055658834882252e-05,2.0556516782476398e-05,2.0556445215393646e-05,2.0556373647482852e-05,2.0556302078590702e-05,2.05562305090136e-05,2.0556158938613018e-05,2.055608736739044e-05,2.055601579535652e-05,2.0555944222679047e-05,2.055587264905681e-05,2.05558010745802e-05,2.0555729499282127e-05,2.0555657923220816e-05,2.0555586346338323e-05,2.0555514768680877e-05,2.0555443190205294e-05,2.0555371610961955e-05,2.055530003098269e-05,2.055522845003942e-05,2.0555156868405275e-05,2.055508528578055e-05,2.0555013703027173e-05,2.0554942119161554e-05,2.0554870534553237e-05,2.055479894914923e-05,2.0554727362734496e-05,2.0554655775809242e-05,2.0554584188135058e-05,2.055451259970921e-05,2.055444101058654e-05,2.0554369420685635e-05,2.0554297830070803e-05,2.055422623892248e-05,2.0554154646779083e-05,2.055408305364676e-05,2.0554011459848695e-05,2.0553939865712968e-05,2.0553868270744194e-05,2.055379667508625e-05,2.0553725078681064e-05,2.055365348163437e-05,2.0553581883824424e-05,2.0553510285379972e-05,2.0553438686146716e-05,2.0553367086234132e-05,2.0553295485654148e-05,2.0553223884355592e-05,2.055315228242261e-05,2.055308067978588e-05,2.055300907654958e-05,2.055293747253317e-05,2.0552865867887232e-05,2.0552794262676424e-05,2.05527226567031e-05,2.0552651050108026e-05,2.0552579442808618e-05,2.0552507834837647e-05,2.055243622622103e-05,2.0552364616855753e-05,2.0552293006955324e-05,2.0552221396469323e-05,2.0552149785310283e-05,2.0552078173544636e-05,2.0552006561121833e-05,2.0551934948060652e-05,2.0551863334383418e-05,2.0551791720086558e-05,2.055172010514079e-05,2.055164848957967e-05,2.0551576873336616e-05,2.0551505256538282e-05,2.05514336391801e-05,2.0551362021227896e-05,2.05512904026165e-05,2.0551218783448593e-05,2.05511471636972e-05,2.0551075543346576e-05,2.0551003922407497e-05,2.0550932300865416e-05,2.0550860678709625e-05,2.055078905603319e-05,2.055071743290405e-05,2.0550645809140738e-05,2.0550574184705863e-05,2.0550502559710245e-05,2.055043093418118e-05,2.055035930798923e-05,2.0550287681301007e-05,2.055021605410989e-05,2.055014442634511e-05,2.0550072798037226e-05,2.0550001169184837e-05,2.0549929539745658e-05,2.0549857909818956e-05,2.0549786279350903e-05,2.0549714648358783e-05,2.05496430168152e-05,2.0549571384714844e-05,2.05494997521866e-05,2.0549428119033127e-05,2.0549356485062548e-05,2.054928485082806e-05,2.0549213215871983e-05,2.054914158070078e-05,2.054906994474389e-05,2.0548998308556932e-05,2.0548926671886632e-05,2.0548855034715313e-05,2.0548783397025842e-05,2.0548711758580887e-05,2.0548640119644862e-05,2.0548568480240953e-05,2.0548496840285358e-05,2.054842520035231e-05,2.0548353559743047e-05,2.0548281918655982e-05,2.0548210277095914e-05,2.0548138635062e-05,2.0548066992571965e-05,2.054799534960643e-05,2.05479237061865e-05,2.054785206231831e-05,2.0547780417969016e-05,2.0547708773162694e-05,2.0547637127905276e-05,2.0547565482189525e-05,2.054749383602548e-05,2.0547422189427364e-05,2.0547350542375815e-05,2.0547278894755833e-05,2.0547207246877356e-05,2.0547135598530903e-05,2.054706394975006e-05,2.0546992300691058e-05,2.054692065106218e-05,2.0546849001007605e-05,2.0546777350476675e-05,2.054670569956459e-05,2.0546634048255332e-05,2.0546562396523194e-05,2.054649074439524e-05,2.0546419091714246e-05,2.0546347438733192e-05,2.05462757853797e-05,2.0546204131631313e-05,2.054613247751985e-05,2.0546060822986336e-05,2.054598916804975e-05,2.054591751273651e-05,2.0545845857029893e-05,2.054577420097252e-05,2.0545702544509317e-05,2.054563088768487e-05,2.0545559230466914e-05,2.05454875728828e-05,2.0545415914900963e-05,2.0545344256592794e-05,2.0545272597887823e-05,2.054520093881886e-05,2.0545129279401868e-05,2.054505761963806e-05,2.0544985959487067e-05,2.0544914299023317e-05,2.0544842638188238e-05,2.0544770977129078e-05,2.0544699315823838e-05,2.0544627654129593e-05,2.0544555991916337e-05,2.0544484329470303e-05,2.0544412666582626e-05,2.0544341003381404e-05,2.0544269339831158e-05,2.054419767594835e-05,2.0544126011453617e-05,2.0544054346851735e-05,2.0543982682011674e-05,2.0543911016850214e-05,2.05438393513422e-05,2.0543767685554513e-05,2.054369601937974e-05,2.0543624352936142e-05,2.054355268621278e-05,2.0543481019191915e-05,2.0543409351927856e-05,2.054333768434574e-05,2.0543266016433395e-05,2.0543194348157345e-05,2.0543122679652362e-05,2.0543051010852033e-05,2.0542979341795815e-05,2.0542907672401447e-05,2.05428360026713e-05,2.0542764332578567e-05,2.0542692662366413e-05,2.0542620992070175e-05,2.0542549321319817e-05,2.054247765030888e-05,2.0542405978721704e-05,2.0542334307164536e-05,2.0542262635334925e-05,2.054219096324411e-05,2.0542119290948295e-05,2.054204761801794e-05,2.05419759451036e-05,2.054190427201841e-05,2.0541832598462243e-05,2.054176092483103e-05,2.054168925098167e-05,2.0541617576591106e-05,2.0541545902246054e-05,2.054147422766677e-05,2.0541402552493037e-05,2.0541330877447208e-05,2.0541259202214985e-05,2.0541187526282733e-05,2.0541115850593376e-05,2.054104417463244e-05,2.0540972498199774e-05,2.0540900821785313e-05,2.054082914497907e-05,2.054075746806547e-05,2.054068579104691e-05,2.0540614113749155e-05,2.0540542436270322e-05,2.054047075858334e-05,2.054039908069064e-05,2.054032740261909e-05,2.0540255724317725e-05,2.0540184045820505e-05,2.0540112367128375e-05,2.0540040688240723e-05,2.0539969009157024e-05,2.0539897329883285e-05,2.053982565042349e-05,2.0539753970780274e-05,2.053968229095327e-05,2.053961061079933e-05,2.0539538930872525e-05,2.0539467250505514e-05,2.0539395569818347e-05,2.053932388911756e-05,2.053925220842799e-05,2.053918052737092e-05,2.0539108846147754e-05,2.053903716470728e-05,2.0538965483126365e-05,2.053889380140449e-05,2.0538822119542235e-05,2.0538750437427784e-05,2.0538678755247617e-05,2.053860707291571e-05,2.053853539059767e-05,2.053846370798267e-05,2.0538392025206882e-05,2.0538320342285683e-05,2.053824865922795e-05,2.053817697588873e-05,2.053810529276245e-05,2.053803360925548e-05,2.053796192564478e-05,2.053789024190125e-05,2.0537818558028586e-05,2.053774687403589e-05,2.0537675189836763e-05,2.0537603505772734e-05,2.0537531821372524e-05,2.053746013665538e-05,2.0537388452017714e-05,2.053731676730369e-05,2.05372450825522e-05,2.0537173397592956e-05,2.0537101712557607e-05,2.0537030027403212e-05,2.053695834207197e-05,2.053688665660642e-05,2.0536814971164624e-05,2.053674328522976e-05,2.0536671599557828e-05,2.0536599913814448e-05,2.0536528227951168e-05,2.0536456541993752e-05,2.0536384855970614e-05,2.0536313169437758e-05,2.0536241483162423e-05,2.053616979680331e-05,2.0536098110406143e-05,2.053602642393788e-05,2.0535954737404924e-05,2.053588305078149e-05,2.053581136409492e-05,2.053573967736865e-05,2.0535667990569985e-05,2.0535596303644418e-05,2.053552461678555e-05,2.053545292973401e-05,2.0535381242574283e-05,2.0535309555406132e-05,2.0535237868177726e-05,2.0535166180848666e-05,2.05350944935649e-05,2.0535022806092978e-05,2.0534951118625865e-05,2.0534879431293234e-05,2.053480774365032e-05,2.0534736056050203e-05,2.0534664368442178e-05,2.0534592680754044e-05,2.0534520993160225e-05,2.0534449305391324e-05,2.05343776175809e-05,2.0534305929864107e-05,2.0534234241992814e-05,2.053416255408459e-05,2.0534090866136976e-05,2.0534019178160572e-05,2.0533947490620916e-05,2.0533875802596327e-05,2.0533804114521e-05,2.0533732426448726e-05,2.0533660738376567e-05,2.0533589049938013e-05,2.05335173618136e-05,2.053344567372682e-05,2.0533373985594437e-05,2.0533302297094957e-05,2.05332306089162e-05,2.053315892073667e-05,2.0533087232525753e-05,2.053301554433361e-05,2.0532943856087366e-05,2.0532872167899248e-05,2.053280047971054e-05,2.0532728791529332e-05,2.053265710309135e-05,2.053258541493521e-05,2.0532513726771798e-05,2.0532442038634452e-05,2.0532370350574897e-05,2.053229866240924e-05,2.0532226974312584e-05,2.0532155286178504e-05,2.0532083598183578e-05,2.0532011910116308e-05,2.0531940222098844e-05,2.0531868534105405e-05,2.0531796846106962e-05,2.053172515814956e-05,2.0531653470341753e-05,2.053158178246482e-05,2.053151009474616e-05,2.053143840693118e-05,2.0531366719196175e-05,2.053129503158968e-05,2.053122334371103e-05,2.0531151656100737e-05,2.0531079968588074e-05,2.0531008281047374e-05,2.0530936593541684e-05,2.05308649060912e-05,2.0530793218661597e-05,2.0530721531445158e-05,2.0530649844167892e-05,2.0530578156788336e-05,2.053050646965022e-05,2.0530434782483835e-05,2.0530363095388522e-05,2.05302914083603e-05,2.0530219721381814e-05,2.0530148034325824e-05,2.053007634752868e-05,2.0530004660745116e-05,2.0529932974133835e-05,2.0529861287741424e-05,2.052978960122739e-05,2.052971791466017e-05,2.052964622824414e-05,2.0529574541688557e-05,2.0529502855412145e-05,2.05294311692365e-05,2.0529359483117806e-05,2.052928779711051e-05,2.05292161111512e-05,2.0529144425291723e-05,2.0529072739535308e-05,2.0529001053819707e-05,2.0528929368215023e-05,2.052885768270802e-05,2.052878599701395e-05,2.052871431169908e-05,2.0528642626472517e-05,2.0528570941332566e-05,2.0528499256297014e-05,2.0528427571370007e-05,2.052835588655423e-05,2.0528284201832404e-05,2.0528212517231478e-05,2.0528140832736526e-05,2.0528069148287347e-05,2.052799746397102e-05,2.0527925780137513e-05,2.0527854096147714e-05,2.0527782412190865e-05,2.0527710728370303e-05,2.0527639044422345e-05,2.0527567360885085e-05,2.0527495677442747e-05,2.0527423994224508e-05,2.0527352311017252e-05,2.052728062793983e-05,2.0527208944978312e-05,2.052713726214192e-05,2.052706557942726e-05,2.0526993896854943e-05,2.05269222144092e-05,2.0526850532106905e-05,2.0526778849945912e-05,2.0526707167908825e-05,2.0526635486006035e-05,2.0526563804251417e-05,2.0526492122633717e-05,2.0526420441214223e-05,2.0526348759893008e-05,2.052627707871399e-05,2.0526205397684727e-05,2.052613371680176e-05,2.052606203607417e-05,2.0525990355493157e-05,2.0525918675021947e-05,2.0525846994748695e-05,2.052577531463863e-05,2.0525703634702445e-05,2.052563195486317e-05,2.052556027522242e-05,2.0525488595738644e-05,2.0525416916417806e-05,2.052534523725985e-05,2.0525273558277312e-05,2.0525201879459206e-05,2.0525130200802218e-05,2.0525058522320986e-05,2.0524986843923902e-05,2.0524915165788964e-05,2.0524843487816227e-05,2.0524771810020983e-05,2.0524700132405212e-05,2.052462845497348e-05,2.0524556777728613e-05,2.0524485100657437e-05,2.05244134237695e-05,2.0524341747064934e-05,2.052427007052417e-05,2.0524198394186657e-05,2.052412671804448e-05,2.0524055042092888e-05,2.0523983366339072e-05,2.052391169076631e-05,2.0523840015380635e-05,2.0523768340198465e-05,2.0523696665216353e-05,2.0523624990406525e-05,2.0523553315817118e-05,2.0523481641411585e-05,2.0523409967255087e-05,2.0523338293269896e-05,2.0523266619426237e-05,2.0523194945961527e-05,2.052312327258938e-05,2.0523051599428648e-05,2.0522979926481543e-05,2.0522908253800925e-05,2.0522836581265943e-05,2.0522764909014682e-05,2.0522693236907695e-05,2.05226215650214e-05,2.052254989335239e-05,2.0522478221791154e-05,2.052240655056209e-05,2.052233487956472e-05,2.05222632087725e-05,2.0522191538220286e-05,2.0522119867880142e-05,2.0522048197739353e-05,2.0521976527865402e-05,2.052190485818908e-05,2.0521833188763665e-05,2.0521761519458212e-05,2.0521689850751524e-05,2.0521618181912143e-05,2.0521546513457877e-05,2.0521474845254705e-05,2.0521403177248703e-05,2.0521331509469675e-05,2.052125984190609e-05,2.052118817461423e-05,2.0521116507564066e-05,2.0521044840888847e-05,2.0520973174329808e-05,2.052090150801407e-05,2.0520829841954955e-05,2.0520758176042717e-05,2.0520686510464436e-05,2.0520614844803153e-05,2.0520543179729125e-05,2.0520471514914176e-05,2.0520399850344028e-05,2.052032818604241e-05,2.0520256521884182e-05,2.0520184858099287e-05,2.052011319464297e-05,2.052004153138007e-05,2.0519969868369824e-05,2.0519898205630747e-05,2.051982654312652e-05,2.0519754880920252e-05,2.051968321898213e-05,2.051961155729994e-05,2.0519539895900537e-05,2.0519468234770074e-05,2.0519396573990994e-05,2.0519324913394144e-05,2.0519253253074596e-05,2.0519181593039493e-05,2.0519109933275504e-05,2.05190382737131e-05,2.0518966614511522e-05,2.0518894955610114e-05,2.0518823297179162e-05,2.051875163883212e-05,2.0518679980758907e-05,2.0518608322971276e-05,2.0518536665469255e-05,2.0518465008264037e-05,2.051839335122735e-05,2.0518321694576413e-05,2.0518250038218285e-05,2.0518178382164663e-05,2.051810672637604e-05,2.0518035070909703e-05,2.0517963415738862e-05
10,0.0,0.0,0.0,0.0,0.0,0.0,0.0,0.0,0.0,0.0,0.0,0.0,0.0,0.0,0.0,0.0,0.0,0.0,0.0,0.0,0.0,0.0,0.0,0.0,0.0,0.0,0.0,0.0,0.0,0.0,0.0,0.0,0.0,0.0,0.0,0.0,0.0,0.0,0.0,0.0,0.0,0.0,0.0,0.0,0.0,0.0,0.0,0.0,0.0,0.0,0.0,0.0,0.0,0.0,0.0,0.0,0.0,0.0,0.0,0.0,0.0,0.0,0.0,0.0,0.0,0.0,0.0,0.0,0.0,0.0,0.0,0.0,0.0,0.0,0.0,0.0,0.0,0.0,0.0,0.0,0.0,0.0,0.0,0.0,0.0,0.0,0.0,0.0,0.0,0.0,0.0,0.0,0.0,0.0,0.0,0.0,0.0,0.0,0.0,0.0,0.0,0.0,0.0,0.0,0.0,0.0,0.0,0.0,0.0,0.0,0.0,0.0,0.0,0.0,0.0,0.0,0.0,0.0,0.0,0.0,0.0,0.0,0.0,0.0,0.0,0.0,0.0,0.0,0.0,0.0,0.0,0.0,0.0,0.0,0.0,0.0,0.0,0.0,0.0,0.0,0.0,0.0,0.0,0.0,0.0,0.0,0.0,0.0,0.0,0.0,0.0,0.0,0.0,0.0,0.0,0.0,0.0,0.0,0.0,0.0,0.0,0.0,0.0,0.0,0.0,0.0,0.0,0.0,0.0,0.0,0.0,0.0,0.0,0.0,0.0,0.0,0.0,0.0,0.0,0.0,0.0,0.0,0.0,0.0,0.0,0.0,0.0,0.0,0.0,0.0,0.0,0.0,0.0,0.0,0.0,0.0,0.0,0.0,0.0,0.0,0.0,0.0,0.0,0.0,0.0,0.0,0.0,0.0,0.0,0.0,0.0,0.0,0.0,0.0,0.0,0.0,0.0,0.0,0.0,0.0,0.0,0.0,0.0,0.0,0.0,0.0,0.0,0.0,0.0,0.0,0.0,0.0,0.0,0.0,0.0,0.0,0.0,0.0,0.0,0.0,0.0,0.0,0.0,0.0,0.0,0.0,0.0,0.0,0.0,0.0,0.0,0.0,0.0,0.0,0.0,0.0,0.0,0.0,0.0,0.0,0.0,0.0,0.0,0.0,0.0,0.0,0.0,0.0,0.0,0.0,0.0,0.0,0.0,0.0,0.0,0.0,0.0,0.0,0.0,0.0,0.0,0.0,0.0,0.0,0.0,0.0,0.0,0.0,0.0,0.0,0.0,0.0,0.0,0.0,0.0,0.0,0.0,0.0,0.0,0.0,0.0,0.0,0.0,0.0,0.0,0.0,0.0,0.0,0.0,0.0,0.0,0.0,0.0,0.0,0.0,0.0,0.0,0.0,0.0,0.0,0.0,0.0,0.0,0.0,0.0,0.0,0.0,0.0,0.0,0.0,0.0,0.0,0.0,0.0,0.0,0.0,0.0,0.0,0.0,0.0,0.0,0.0,0.0,0.0,0.0,0.0,0.0,0.0,0.0,0.0,0.0,0.0,0.0,0.0,0.0,0.0,0.0,0.0,0.0,0.0,0.0,0.0,0.0,0.0,0.0,0.0,0.0,0.0,0.0,0.0,0.0,0.0,0.0,0.0,0.0,0.0,0.0,0.0,0.0,0.0,0.0,0.0,0.0,0.0,0.0,0.0,0.0,0.0,0.0,0.0,0.0,0.0,0.0,0.0,0.0,0.0,0.0,0.0,0.0,0.0,0.0,0.0,0.0,0.0,0.0,0.0,0.0,0.0,0.0,0.0,0.0,0.0,0.0,0.0,0.0,0.0,0.0,0.0,0.0,0.0,0.0,0.0,0.0,0.0,0.0,0.0,0.0,0.0,0.0,0.0,0.0,0.0,0.0,0.0,0.0,0.0,0.0,0.0,0.0,0.0,0.0,0.0,0.0,0.0,0.0,0.0,0.0,0.0,0.0,0.0,0.0,0.0,0.0,0.0,0.0,0.0,0.0,0.0,0.0,0.0,0.0,0.0,0.0,0.0,0.0,0.0,0.0,0.0,0.0,0.0,0.0,0.0,0.0,0.0,0.0,0.0,0.0,0.0,0.0,0.0,0.0,0.0,0.0,0.0,0.0,0.0,0.0,0.0,0.0,0.0,0.0,0.0,0.0,0.0,0.0,0.0,0.0,0.0,0.0,0.0,0.0,0.0,0.0,0.0,0.0,0.0,0.0,0.0,0.0,0.0,0.0,0.0,0.0,0.0,0.0,0.0,0.0,0.0,0.0,0.0,0.0,0.0,0.0,0.0,0.0,0.0,0.0,0.0,0.0,0.0,0.0,0.0,0.0,0.0,0.0,0.0,0.0,0.0,0.0,0.0,0.0,0.0,0.0,0.0,0.0,0.0,0.0,0.0,0.0,0.0,0.0,0.0,0.0,0.0,0.0,0.0,0.0,0.0,0.0,0.0,0.0,0.0,0.0,0.0,0.0,0.0,0.0,0.0,0.0,0.0,0.0,0.0,0.0,0.0,0.0,0.0,0.0,0.0,0.0,0.0,0.0,0.0,0.0,0.0,0.0,0.0,0.0,0.0,0.0,0.0,0.0,0.0,0.0,0.0,0.0,0.0,0.0,0.0,0.0,0.0,0.0,0.0,0.0,0.0,0.0,0.0,0.0,0.0,0.0,0.0,0.0,0.0,0.0,0.0,0.0,0.0,0.0,0.0,0.0,0.0,0.0,0.0,0.0,0.0,0.0,0.0,0.0,0.0,0.0,0.0,0.0,0.0,0.0,0.0,0.0,0.0,0.0,0.0,0.0,0.0,0.0,0.0,0.0,0.0,0.0,0.0,0.0,0.0,0.0,0.0,0.0,0.0,0.0,0.0,0.0,0.0,0.0,0.0,0.0,0.0,0.0,0.0,0.0,0.0,0.0,0.0,0.0,0.0,0.0,0.0,0.0,0.0,0.0,0.0,0.0,0.0,0.0,0.0,0.0,0.0,0.0,0.0,0.0,0.0,0.0,0.0,0.0,0.0,0.0,0.0,0.0,0.0,0.0,0.0,0.0,0.0,0.0,0.0,0.0,0.0,0.0,0.0,0.0,0.0,0.0,0.0,0.0,0.0,0.0,0.0,0.0,0.0,0.0,0.0,0.0,0.0,0.0,0.0,0.0,0.0,0.0,0.0,0.0,0.0,0.0,0.0,0.0,0.0,0.0,0.0,0.0,0.0,0.0,0.0,0.0,0.0,0.0,0.0,0.0,0.0,0.0,0.0,0.0,0.0,0.0,0.0,0.0,0.0,0.0,0.0,0.0,0.0,0.0,0.0,0.0,0.0,0.0,0.0,0.0,0.0,0.0,0.0,0.0,0.0,0.0,0.0,0.0,0.0,0.0,0.0,0.0,0.0,0.0,0.0,0.0,0.0,0.0,0.0,0.0,0.0,0.0,0.0,0.0,0.0,0.0,0.0,0.0,0.0,0.0,0.0,0.0,0.0,0.0,0.0,0.0,0.0,0.0,0.0,0.0,0.0,0.0,0.0,0.0,0.0,0.0,0.0,0.0,0.0,0.0,0.0,0.0,0.0,0.0,0.0,0.0,0.0,0.0,0.0,0.0,0.0,0.0,0.0,0.0,0.0,0.0,0.0,0.0,0.0,0.0,0.0,0.0,0.0,0.0,0.0,0.0,0.0,0.0,0.0,0.0,0.0,0.0,0.0,0.0,0.0,0.0,0.0,0.0,0.0,0.0,0.0,0.0,0.0,0.0,0.0,0.0,0.0,0.0,0.0,0.0,0.0,0.0,0.0,0.0,0.0,0.0,0.0,0.0,0.0,0.0,0.0,0.0,0.0,0.0,0.0,0.0,0.0,0.0,0.0,0.0,0.0,0.0,0.0,0.0,0.0,0.0,0.0,0.0,0.0,0.0,0.0,0.0,0.0,0.0,0.0,0.0,0.0,0.0,0.0,0.0,0.0,0.0,0.0,0.0,0.0,0.0,0.0,0.0,0.0,0.0,0.0,0.0,0.0,0.0,0.0,0.0,0.0,0.0,0.0,0.0,0.0,0.0,0.0,0.0,0.0,0.0,0.0,0.0,0.0,0.0,0.0,0.0,0.0,0.0,0.0,0.0,0.0,0.0,0.0,0.0,0.0,0.0,0.0,0.0,0.0,0.0,0.0,0.0,0.0,0.0,0.0,0.0,0.0,0.0,0.0,0.0,0.0,0.0,0.0,0.0,0.0,0.0,0.0,0.0,0.0,0.0,0.0,0.0,0.0,0.0,0.0,0.0,0.0,0.0,0.0,0.0,0.0,0.0,0.0,0.0,0.0,0.0,0.0,0.0,0.0,0.0,0.0,0.0,0.0,0.0,0.0,0.0,0.0,0.0,0.0,0.0,0.0,0.0,0.0,0.0,0.0,3.490078642542312e-26,8.001062701294937e-26,1.3605073438570615e-25,2.0376639120661254e-25,2.839281913125502e-25,3.773334806289267e-25,4.848080089844758e-25,6.072078035073599e-25,7.454212757495644e-25,9.003715745506919e-25,1.0730191987710218e-24,1.2643648833393586e-24,1.4754527760170778e-24,1.7073739216242337e-24,1.9612700729803497e-24,2.238337853258778e-24,2.539833290278956e-24,2.867076753505851e-24,3.22145832269754e-24,3.604443623884049e-24,4.0175801695744745e-24,4.462504248470649e-24,4.940948411075653e-24,5.454749606420223e-24,6.0058580301713844e-24,6.596346750055417e-24,7.228422189253385e-24,7.904435544825011e-24,8.626895244556767e-24,9.398480539492769e-24,1.0222056357566174e-23,1.1100689552497666e-23,1.203766668914459e-23,1.3036513545415178e-23,1.410101650446147e-23,1.523524606564791e-23,1.644358270238577e-23,1.7730745339800537e-23,1.9101822756737978e-23,2.0562308258934265e-23,2.211813800376831e-23,2.377573343330613e-23,2.554204830176258e-23,2.742462087622295e-23,2.943163195780414e-23,3.1571969460800625e-23,3.3855300399800446e-23,3.629215124867502e-23,3.8893997782263156e-23,4.167336567240571e-23,4.464394330752009e-23,4.7820708529494797e-23,5.122007121676576e-23,5.486003400740622e-23,5.876037374988045e-23,6.294284674446198e-23,6.743142131009153e-23,7.22525418217505e-23,7.743542906247049e-23,8.301242256253056e-23,8.901937161220938e-23,9.549608282227649e-23,1.0248683353041033e-22,1.1004096208671944e-22,1.1821354813696123e-22,1.270661984828687e-22,1.3666795725055053e-22,1.4709636271638487e-22,1.5843867772975816e-22,1.7079332627646658e-22,1.8427157550655552e-22,1.9899951118068556e-22,2.1512036468298563e-22,2.3279726341908244e-22,2.5221649221858137e-22,2.73591374360502e-22,2.9716690675138107e-22,3.2322531676292336e-22,3.5209275042653837e-22,3.841473554909836e-22,4.1982909254561328e-22,4.596516973616345e-22,5.042173351860265e-22,5.54234641480788e-22,6.105410479799135e-22,6.741305611942599e-22,7.4618852620965255e-22,8.281353928160448e-22,9.216821689947497e-22,1.0289011547707541e-21,1.1523168108472862e-21,1.295023374502141e-21,1.4608383151683616e-21,1.6545042551280701e-21,1.8819570709208374e-21,2.150685307775377e-21,2.470216993244498e-21,2.8527863111509266e-21,3.3142574576247337e-21,3.87542129977266e-21,4.5638404609253616e-21,5.416514147248624e-21,6.483789581337e-21,7.8352051264222e-21,9.568388612026777e-21,1.1822897473138937e-20,1.4802251949968816e-20,1.88099267986426e-20,2.4309854138579263e-20,3.203144402093324e-20,4.315857597946741e-20,5.968388546640312e-20,8.51045872264546e-20,1.258641784205462e-19,1.945303610346534e-19,3.1732427414217265e-19,5.535347356009214e-19,1.0508201065402067e-18,2.22221398911918e-18,5.3933874028338584e-18,1.5529299221429282e-17,5.420555093427507e-17,2.2383399463548917e-16,9.901744860810834e-16,4.111176965635256e-15,1.4819229655911274e-14,4.6503337147158874e-14,1.3244039206872046e-13,3.526403349122541e-13,8.794464239280277e-13,2.0341496335852583e-12,4.33755382690375e-12,8.525319491761958e-12,1.5480836297852034e-11,2.606299646057676e-11,4.089507387733542e-11,6.022722959122967e-11,8.39258083232201e-11,1.1155915691369928e-10,1.4251852033602518e-10,1.7612783171649796e-10,2.1172286541016421e-10,2.4869868783365165e-10,2.8653227804492845e-10,3.247885526393476e-10,3.6311662491211495e-10,4.0124110654809174e-10,4.389515002523963e-10,4.760914522512963e-10,5.125487902759222e-10,5.482467565245329e-10,5.831365463254764e-10,6.171911039777715e-10,6.504000519285669e-10,6.827656005829906e-10,7.142992850335859e-10,7.450193861035377e-10,7.749489101372157e-10,8.041140198413768e-10,8.325428270502747e-10,8.602644730125324e-10,8.873084364444363e-10,9.137040200123991e-10,9.394799771025359e-10,9.646642471052955e-10,9.892837745142056e-10,1.0133643930389032e-09,1.036930757688219e-09,1.0600063146247032e-09,1.0826132979293985e-09,1.104772746566584e-09,1.1265045355817803e-09,1.1478274171805758e-09,1.1687590683601808e-09,1.1893161424307616e-09,1.2095143225670844e-09,1.2293683758905695e-09,1.2488922071197068e-09,1.268098910844934e-09,1.2870008220388554e-09,1.3056095645714793e-09,1.323936097020702e-09,1.3419907564426115e-09,1.3597832992752778e-09,1.3773229398532327e-09,1.3946183864208438e-09,1.4116778748127554e-09,1.4285091998399962e-09,1.4451197445093906e-09,1.4615165071475943e-09,1.47770612671941e-09,1.4936949062080457e-09,1.5094888343965467e-09,1.5250936060202714e-09,1.5405146405217178e-09,1.5557570994295513e-09,1.5708259024616043e-09,1.5857257424738388e-09,1.600461099357939e-09,1.6150362529708079e-09,1.6294552950001937e-09,1.6437221402300553e-09,1.6578405367385969e-09,1.6718140756873233e-09,1.6856462001826929e-09,1.6993402135764413e-09,1.7128992873751411e-09,1.7263264683318525e-09,1.7396246854366876e-09,1.7527967558443635e-09,1.765845391217634e-09,1.7787732030158197e-09,1.7915827077021014e-09,1.8042763315249644e-09,1.8168564150365458e-09,1.8293252175073952e-09,1.8416849206572324e-09,1.8539376327599482e-09,1.8602414319820566e-09,1.872335628247503e-09,1.884327837756817e-09,1.8962199360956298e-09,1.908013739475927e-09,1.9197110073785872e-09,1.9313134451357664e-09,1.942822706204874e-09,1.954240394831748e-09,1.9655680674821496e-09,1.976807235491834e-09,1.9879593662924145e-09,1.9990258860006164e-09,2.01000818059837e-09,2.0209075977359164e-09,2.031725448128542e-09,2.042463007122945e-09,2.0531215161044307e-09,2.063702183695818e-09,2.0742061870603413e-09,2.0846346731401815e-09,2.094988759684747e-09,2.1052695363744584e-09,2.1154780659491527e-09,2.1256153848418666e-09,2.1356825045607995e-09,2.1456804122725298e-09,2.155610071765494e-09,2.1654724241849367e-09,2.175268388957103e-09,2.1849988641951417e-09,2.1946647284792823e-09,2.204266839317656e-09,2.2138060358052595e-09,2.2232831385767507e-09,2.2326989504573275e-09,2.2420542569850595e-09,2.2513498268241996e-09,2.260586412586528e-09,2.2697647511099627e-09,2.278885564086356e-09,2.2879495581055197e-09,2.2969574258082575e-09,2.3059098457435613e-09,2.314807482937358e-09,2.3236509893836896e-09,2.3324410043243122e-09,2.341178154650017e-09,2.349863055220872e-09,2.358496309133276e-09,2.367078508337503e-09,2.375610233605654e-09,2.384092055107009e-09,2.392524532264609e-09,2.4009082145965627e-09,2.409243641682227e-09,2.417531343368971e-09,2.4257718402876172e-09,2.433965643765648e-09,2.442113256310249e-09,2.450215171784582e-09,2.4582718754905303e-09,2.46628384473848e-09,2.4742515483663082e-09,2.4821754475569336e-09,2.490055995968443e-09,2.4978936397712176e-09,2.50568881777639e-09,2.5134419616546334e-09,2.5211534962167203e-09,2.528823839471395e-09,2.5364534027286514e-09,2.544042590931308e-09,2.5515918026168326e-09,2.559101430209229e-09,2.566571860063659e-09,2.574003472938633e-09,2.5813966428973785e-09,2.588751739194569e-09,2.596069125566558e-09,2.6033491599350213e-09,2.6105921952911764e-09,2.617798579363537e-09,2.6249686546824344e-09,2.6321027585170822e-09,2.6392012239947743e-09,2.6462643792079042e-09,2.6532925474902695e-09,2.6602860476642923e-09,2.6672451941451995e-09,2.674170296910797e-09,2.6810616616697325e-09,2.687919590118604e-09,2.694744379325971e-09,2.7015363228059595e-09,2.708295710127758e-09,2.7150228263463097e-09,2.7217179537529744e-09,2.7283813701239006e-09,2.7350133497637166e-09,2.7416141634371252e-09,2.748184078231471e-09,2.7547233581955144e-09,2.761232263435766e-09,2.767711051083529e-09,2.7741599748893318e-09,2.780579285383493e-09,2.7869692299844503e-09,2.7933300528115277e-09,2.7996619953576954e-09,2.8059652958370652e-09,2.8122401896161365e-09,2.8184869090071495e-09,2.8247056837330054e-09,2.8308967405009527e-09,2.8370603035262153e-09,2.8431965941600482e-09,2.8493058311729204e-09,2.855388230708819e-09,2.8614440063708632e-09,2.8674733691809755e-09,2.8734765275770936e-09,2.87945368831878e-09,2.885405054873101e-09,2.891330828716142e-09,2.897231208909356e-09,2.9031063923100005e-09,2.9089565734223875e-09,2.91478194506379e-09,2.920582697202583e-09,2.9263590180088174e-09,2.932111093394711e-09,2.9378391074089827e-09,2.943543241904108e-09,2.9492236767829152e-09,2.954880589965488e-09,2.960514157437447e-09,2.9661245532776315e-09,2.97171194966364e-09,2.97727651691671e-09,2.982818423538479e-09,2.9883378361756768e-09,2.993834919780735e-09,2.999309837536922e-09,3.0047627508936805e-09,3.0101938195723443e-09,3.015603201681885e-09,3.020991053687273e-09,3.026357530356187e-09,3.031702784962959e-09,3.0370269689811453e-09,3.042330232555028e-09,3.047612724206951e-09,3.052874590998645e-09,3.0581159784232313e-09,3.0633370305088655e-09,3.06853788989176e-09,3.0737186978233623e-09,3.0788795939311656e-09,3.0840207166564456e-09,3.089142202963899e-09,3.094244188525813e-09,3.0993268076355732e-09,3.1043901932580267e-09,3.109434477528693e-09,3.114459790066523e-09,3.1194662604118636e-09,3.1244540164392257e-09,3.1294231847865007e-09,3.1343738909126552e-09,3.1393062590809637e-09,3.144220412297592e-09,3.1491164724613634e-09,3.1539945603622193e-09,3.158854795465145e-09,3.1636972963720054e-09,3.168522180380081e-09,3.173329563704431e-09,3.1781195613609494e-09,3.182892287969597e-09,3.1876478561223595e-09,3.192386377902398e-09,3.197107964402331e-09,3.201812725568484e-09,3.2065007703068327e-09,3.211172206637637e-09,3.2158271412787767e-09,3.2204656804014034e-09,3.2250879290546274e-09,3.229693991354594e-09,3.2342839704690853e-09,3.2388579686293315e-09,3.2434160871698533e-09,3.247958426583325e-09,3.2524850861700165e-09,3.256996164943671e-09,3.2614917605601267e-09,3.2659719697820076e-09,3.270436888976489e-09,3.2748866132858832e-09,3.2793212370937716e-09,3.2837408539976265e-09,3.288145556792253e-09,3.29253543745438e-09,3.2969105871762088e-09,3.3012710961786825e-09,3.3056170545714036e-09,3.3099485508375105e-09,3.3142656731728613e-09,3.3185685089516654e-09,3.322857144796542e-09,3.327131666598249e-09,3.3313921595212003e-09,3.3356387080495244e-09,3.3398713959110258e-09,3.3440903061842387e-09,3.3482955212630175e-09,3.3524871225556223e-09,3.3566651912739173e-09,3.360829807671619e-09,3.3649810513584895e-09,3.369119001424755e-09,3.3732437361590273e-09,3.3773553331584536e-09,3.3814538698112376e-09,3.3855394223946525e-09,3.389612066811956e-09,3.393671878250744e-09,3.397718931466779e-09,3.4017532999904043e-09,3.405775057739557e-09,3.4097842771602367e-09,3.413781030645633e-09,3.4177653898225154e-09,3.4217374258529794e-09,3.425697209239798e-09,3.429644809956391e-09,3.433580297420724e-09,3.437503740444329e-09,3.4414152073703695e-09,3.4453147659992764e-09,3.4492024835874773e-09,3.4530784268652705e-09,3.4569426620426e-09,3.460795254814862e-09,3.464636270381483e-09,3.4684657733923815e-09,3.4722838280749495e-09,3.4760904980291833e-09,3.4798858465382892e-09,3.4836699363919316e-09,3.487442829583168e-09,3.4912045880369607e-09,3.4949552729920722e-09,3.4986949452559124e-09,3.502423665259216e-09,3.5061414927922858e-09,3.509848487359944e-09,3.5135447079997064e-09,3.517230213185703e-09,3.52090506099065e-09,3.524569309200686e-09,3.528223015044507e-09,3.53186623538512e-09,3.5354990266980555e-09,3.5391214448857463e-09,3.5427335454525784e-09,3.546335383486947e-09,3.5499270137616507e-09,3.553508490689568e-09,3.5570798684412215e-09,3.560641200358978e-09,3.5641925394501458e-09,3.567733938594403e-09,3.57126545015518e-09,3.574787126273986e-09,3.578299018496717e-09,3.581801178076525e-09,3.5852936558963862e-09,3.588776502484812e-09,3.592249768043726e-09,3.5957135022343005e-09,3.599167754520305e-09,3.602612574056261e-09,3.6060480095389014e-09,3.6094741093513124e-09,3.6128909215323482e-09,3.6162984937797548e-09,3.6196968734532463e-09,3.6230861075775577e-09,3.626466242924568e-09,3.6298373257936053e-09,3.6331994022679465e-09,3.6365525177610048e-09,3.6398967180071375e-09,3.6432320480854217e-09,3.6465585526108767e-09,3.649876275996706e-09,3.653185262640365e-09,3.6564855560585954e-09,3.6597771999645734e-09,3.6630602374245746e-09,3.6663347115840784e-09,3.6696006650776e-09,3.672858140221341e-09,3.676107178878113e-09,3.679347822951083e-09,3.682580113907653e-09,3.685804092878723e-09,3.6890198009415653e-09,3.6922272786361103e-09,3.695426566357982e-09,3.698617704167279e-09,3.7018007318845304e-09,3.7049756890071337e-09,3.7081426148739994e-09,3.7113015485598883e-09,3.7144525287469025e-09,3.7175955939556795e-09,3.7207307824071886e-09,3.7238581321107575e-09,3.726977680835088e-09,3.730089465917852e-09,3.733193524788684e-09,3.736289894206951e-09,3.73937861100862e-09,3.7424597116979616e-09,3.745533232492333e-09,3.748599209444379e-09,3.751657678384506e-09,3.754708674808363e-09,3.757752234026067e-09,3.760788391137214e-09,3.763817180971476e-09,3.766838638145913e-09,3.7698527970621765e-09,3.772859691910856e-09,3.77585935656574e-09,3.778851824916375e-09,3.781837130367524e-09,3.784815306258226e-09,3.7877863856585596e-09,3.790750401447767e-09,3.793707386277977e-09,3.796657372607203e-09,3.799600392687695e-09,3.802536478358833e-09,3.805465661870504e-09,3.80838797463084e-09,3.811303448038198e-09,3.814212113355999e-09,3.8171140016173725e-09,3.820009143655676e-09,3.822897570117391e-09,3.8257793114505295e-09,3.8286543979125516e-09,3.831522859570968e-09,3.834384726303539e-09,3.837240027819168e-09,3.840088793594339e-09,3.8429310529600605e-09,3.845766835147754e-09,3.848596168917177e-09,3.851419083168795e-09,3.85423560652008e-09,3.8570457674010775e-09,3.8598495939483586e-09,3.862647114296447e-09,3.865438356379433e-09,3.86822334786055e-09,3.871002116343276e-09,3.873774689213996e-09,3.8765410936383564e-09,3.879301356716068e-09,3.882055505347272e-09,3.884803566219765e-09,3.8875455659231066e-09,3.890281530808475e-09,3.8930114872235776e-09,3.895735461159808e-09,3.898453478542771e-09,3.90116556517165e-09,3.903871746618266e-09,3.906572048390865e-09,3.909266495772486e-09,3.91195511386656e-09,3.914637927743599e-09,3.917314962210352e-09,3.91998624198602e-09,3.9226517914840205e-09,3.925311635374646e-09,3.927965797797057e-09,3.930614302874767e-09,3.933257174598183e-09,3.935894436814171e-09,3.938526113147956e-09,3.941152227177979e-09,3.943772802385564e-09,3.946387861852582e-09,3.9489974289882306e-09,3.951601526795909e-09,3.954200177896558e-09,3.956793405145115e-09,3.9593812310802684e-09,3.961963678229954e-09,3.964540769168559e-09,3.967112525718567e-09,3.969678970043366e-09,3.972240124177032e-09,3.9747960100874365e-09,3.977346649327333e-09,3.979892063478838e-09,3.982432273967832e-09,3.984967302176846e-09,3.987497169302157e-09,3.990021896366238e-09,3.992541504410192e-09,3.9950560143213295e-09,3.997565446620009e-09,4.0000698220041336e-09,4.002569160985838e-09,4.005063483913104e-09,4.007552811060076e-09,4.010037162624957e-09,4.012516558530492e-09,4.014991018707432e-09,4.017460562962855e-09,4.0199252109896775e-09,4.022384982430737e-09,4.024839896629113e-09,4.027289973007032e-09,4.029735230765072e-09,4.032175689216189e-09,4.0346113671649444e-09,4.03704228351804e-09,4.039468457359734e-09,4.0418899072604095e-09,4.044306651836509e-09,4.046718709597209e-09,4.049126099072124e-09,4.0515288384423264e-09,4.053926945911812e-09,4.05632043958331e-09,4.05870933745881e-09,4.061093657444067e-09,4.063473417344485e-09,4.065848634864914e-09,4.068219327619607e-09,4.0705855131194906e-09,4.0729472086381595e-09,4.075304431644041e-09,4.077657199364228e-09,4.080005528935708e-09,4.082349437397773e-09,4.084688941698748e-09,4.08702405869528e-09,4.089354805448912e-09,4.091681198046318e-09,4.094003253335228e-09,4.096320987870618e-09,4.098634418032181e-09,4.100943560285541e-09,4.103248430611422e-09,4.105549045203104e-09,4.1078454201666044e-09,4.110137571475666e-09,4.112425515003312e-09,4.114709266562443e-09,4.1169888418723064e-09,4.119264256580432e-09,4.121535526188989e-09,4.123802666264309e-09,4.126065692063856e-09,4.128324618937634e-09,4.13057946212787e-09,4.1328302367710206e-09,4.135076957927541e-09,4.137319640581472e-09,4.139558299606558e-09,4.1417929499143795e-09,4.144023606304432e-09,4.146250283220444e-09,4.1484729953806185e-09,4.150691757340804e-09,4.152906583508754e-09,4.1551174882160975e-09,4.157324485789683e-09,4.159527590564546e-09,4.161726816476488e-09,4.163922177690365e-09,4.166113688202766e-09,4.168301361928657e-09,4.170485212641631e-09,4.172665254321817e-09,4.174841500594423e-09,4.177013965075438e-09,4.179182661392251e-09,4.181347602968315e-09,4.183508803582877e-09,4.185666275966197e-09,4.187820033768951e-09,4.189970090234075e-09,4.192116458437142e-09,4.194259151506353e-09,4.196398182477923e-09,4.198533564313647e-09,4.200665309957108e-09,4.202793432177773e-09,4.2049179437874614e-09,4.207038857430505e-09,4.209156185806757e-09,4.21126994145133e-09,4.213380136878232e-09,4.215486784522422e-09,4.217589896711102e-09,4.219689485907486e-09,4.221785564239449e-09,4.223878143918907e-09,4.2259672371707095e-09,4.228052856056326e-09,4.230135012583189e-09,4.23221371871061e-09,4.234288986339547e-09,4.236360827310944e-09,4.23842925340792e-09,4.240494276371854e-09,4.242555907852606e-09,4.2446141594554995e-09,4.246669042725267e-09,4.248720569170663e-09,4.2507687502303915e-09,4.252813597304857e-09,4.254855121673688e-09,4.256893334667499e-09,4.2589282474706105e-09,4.260959871303076e-09,4.262988217166876e-09,4.2650132961632515e-09,4.267035119302253e-09,4.269053697521211e-09,4.271069041712465e-09,4.273081162716389e-09,4.275090071304223e-09,4.277095778232762e-09,4.2790982941163955e-09,4.28109762973134e-09,4.283093795534299e-09,4.2850868021567654e-09,4.287076660194358e-09,4.28906337978243e-09,4.291046971170109e-09,4.293027445174409e-09,4.295004811889551e-09,4.296979081411389e-09,4.2989502640526364e-09,4.300918369935906e-09,4.302883409121851e-09,4.304845391657255e-09,4.306804327537519e-09,4.308760226701607e-09,4.310713099046421e-09,4.312662954423452e-09,4.3146098026358985e-09,4.31655365344096e-09,4.3184945165525e-09,4.320432401636341e-09,4.3223673183331e-09,4.324299276179191e-09,4.3262282847259075e-09,4.3281543534595625e-09,4.330077491822705e-09,4.331997709212904e-09,4.333915014986487e-09,4.335829418453701e-09,4.3377409289231905e-09,4.339649555692989e-09,4.341555307642853e-09,4.343458194101666e-09,4.34535822437771e-09,4.347255407140786e-09,4.349149751574564e-09,4.351041266655357e-09,4.352929961313769e-09,4.354815844437241e-09,4.356698924883874e-09,4.358579211453334e-09,4.360456712917225e-09,4.362331438000348e-09,4.364203395397206e-09,4.366072593753696e-09,4.367939041679289e-09,4.36980274774426e-09,4.371663720479233e-09,4.373521968378347e-09,4.3753774998940025e-09,4.377230323442982e-09,4.37908044740319e-09,4.380927880114623e-09,4.382772629883096e-09,4.38461470497061e-09,4.386454113602506e-09,4.388290863975684e-09,4.390124964237418e-09,4.391956422510242e-09,4.393785246874245e-09,4.395611445374639e-09,4.39743502604524e-09,4.399255996812259e-09,4.401074365629761e-09,4.402890140414158e-09,4.404703329025189e-09,4.406513939296757e-09,4.408321979026891e-09,4.4101274559790984e-09,4.411930377882561e-09,4.413730752432329e-09,4.415528587289513e-09,4.4173238900825575e-09,4.419116668404453e-09,4.420906929815326e-09,4.422694681842627e-09,4.42447993198507e-09,4.426262687732373e-09,4.428042956485079e-09,4.429820745644254e-09,4.431596062521674e-09,4.43336891449647e-09,4.435139308654532e-09,4.4369072526538085e-09,4.438672753573355e-09,4.4404358186076036e-09,4.4421964549473796e-09,4.443954669656891e-09,4.445710469900606e-09,4.4474638627599e-09,4.449214855302967e-09,4.4509634545216285e-09,4.452709667417654e-09,4.454453500971291e-09,4.456194962090608e-09,4.45793405747076e-09,4.459670794338059e-09,4.461405179361707e-09,4.463137219466565e-09,4.464866921352865e-09,4.466594291735686e-09,4.46831933750575e-09,4.4700420650665976e-09,4.471762481312223e-09,4.473480592825362e-09,4.475196406219915e-09,4.476909928078155e-09,4.478621164850619e-09,4.480330123282051e-09,4.48203680974198e-09,4.483741230837559e-09,4.4854433928272555e-09,4.487143302304262e-09,4.4888409654696285e-09,4.490536388787673e-09,4.492229578603407e-09,4.493920541226732e-09,4.495609282944317e-09,4.4972958100217635e-09,4.4989801286826695e-09,4.500662245139956e-09,4.502342165585623e-09,4.504019896164966e-09,4.505695442878404e-09,4.5073688121681845e-09,4.509040009806151e-09,4.5107090419535896e-09,4.512375914685281e-09,4.514040634000967e-09,4.5157032058219406e-09,4.517363636138976e-09,4.519021930804159e-09,4.520678095860818e-09,4.522332137120442e-09,4.523984060452481e-09,4.525633871707767e-09,4.527281576670566e-09,4.528927181131135e-09,4.530570690873079e-09,4.532212111628159e-09,4.533851449114217e-09,4.53548870902583e-09,4.537123897034504e-09,4.538757018788936e-09,4.540388079914777e-09,4.542017086008821e-09,4.543644042707248e-09,4.545268955463945e-09,4.546891829865662e-09,4.5485126714277424e-09,4.550131485587538e-09,4.551748277867856e-09,4.553363053783413e-09,4.554975818697734e-09,4.556586577989758e-09,4.558195336959884e-09,4.559802101204677e-09,4.561406875915903e-09,4.563009666462948e-09,4.5646104780630905e-09,4.566209316034717e-09,4.567806185602171e-09,4.569401092075733e-09,4.570994040621122e-09,4.572585036417194e-09,4.574174084646237e-09,4.575761190470204e-09,4.577346359009295e-09,4.57892959533858e-09,4.580510904589571e-09,4.5820902918345825e-09,4.583667762124646e-09,4.58524332051932e-09,4.586816971894947e-09,4.588388721518795e-09,4.589958574205134e-09,4.591526534855803e-09,4.593092608452992e-09,4.594656799913019e-09,4.59621911413131e-09,4.597779555958975e-09,4.599338130301855e-09,4.600894841972632e-09,4.602449695785447e-09,4.604002696548629e-09,4.605553849049896e-09,4.607103158050812e-09,4.608650628298056e-09,4.610196264518702e-09,4.61174007142293e-09,4.613282053705513e-09,4.614822216040196e-09,4.616360563085099e-09,4.6178970994724e-09,4.61943182982581e-09,4.62096475874858e-09,4.6224958908254595e-09,4.624025230625169e-09,4.625552782698527e-09,4.627078551614039e-09,4.628602541850663e-09,4.630124757912725e-09,4.63164520427857e-09,4.633163885420014e-09,4.6346808057766e-09,4.636195969743246e-09,4.637709381773947e-09,4.639221046272582e-09,4.640730967614087e-09,4.642239150139031e-09,4.643745598314279e-09,4.645250316321118e-09,4.6467533085117085e-09,4.6482545792125705e-09,4.6497541327175886e-09,4.651251973283255e-09,4.652748105173659e-09,4.654242532556707e-09,4.6557352596943165e-09,4.6572262906779716e-09,4.658715629989922e-09,4.6602032817594585e-09,4.6616892499076015e-09,4.663173538673349e-09,4.66465615216543e-09,4.666137094594048e-09,4.6676163700367514e-09,4.669093982479334e-09,4.670569936089642e-09,4.672044234770223e-09,4.673516882751761e-09,4.67498788396568e-09,4.676457242397886e-09,4.677924962093068e-09,4.6793910470047424e-09,4.680855501104147e-09,4.682318328331945e-09,4.682347842471323e-09,4.682375728526877e-09,4.682403444554866e-09,4.682431222372315e-09,4.682459099675254e-09,4.682487081976208e-09,4.682515169119109e-09,4.6825433596769474e-09,4.68257165171135e-09,4.682600042933619e-09,4.6826285307681495e-09,4.682657112398552e-09,4.682685784810126e-09,4.6827145448301655e-09,4.682743389165787e-09,4.6827723144391124e-09,4.6828013172197455e-09,4.682830394053236e-09,4.682859541488884e-09,4.682888756100538e-09,4.682918034508584e-09,4.682947373395927e-09,4.6829767695226525e-09,4.683006219738528e-09,4.683035720991512e-09,4.683065270335996e-09,4.68309486493799e-09,4.683124502078895e-09,4.6831541791581885e-09,4.683183893694402e-09,4.683213643324907e-09,4.683243425805056e-09,4.683273239006283e-09,4.6833030809137945e-09,4.683332949623336e-09,4.683362843338628e-09,4.683392760366326e-09,4.683422699112972e-09,4.6834526580806645e-09,4.683482635863278e-09,4.683512631141417e-09,4.683542642678413e-09,4.683572669316471e-09,4.6836027099721394e-09,4.683632763632533e-09,4.683662829351016e-09,4.683692906243337e-09,4.683722993484457e-09,4.683753090304921e-09,4.683783195986964e-09,4.6838133098615794e-09,4.6838434313050015e-09,4.683873559737631e-09,4.6839036946180675e-09,4.683933835443219e-09,4.6839639817450735e-09,4.683994133087456e-09,4.684024289065559e-09,4.684054449301702e-09,4.684084613444775e-09,4.684114781169087e-09,4.684144952170772e-09,4.684175126167704e-09,4.684205302897344e-09,4.684235482115591e-09,4.684265663595414e-09,4.684295847125474e-09,4.684326032509286e-09,4.684356219563957e-09,4.684386408119335e-09,4.684416598017017e-09,4.684446789109499e-09,4.684476981259451e-09,4.684507174338854e-09,4.684537368228031e-09,4.68456756281656e-09,4.684597758000246e-09,4.6846279536822705e-09,4.68465814977225e-09,4.6846883461857215e-09,4.684718542843719e-09,4.684748739673507e-09,4.6847789366040185e-09,4.6848091335717346e-09,4.684839330513921e-09,4.684869527377071e-09,4.684899724106646e-09,4.6849299206514005e-09,4.684960116964708e-09,4.684990313002139e-09,4.685020508721693e-09,4.685050704083987e-09,4.685080899051928e-09,4.685111093589137e-09,4.685141287663079e-09,4.685171481241355e-09,4.685201674294565e-09,4.685231866793379e-09,4.685262058710787e-09,4.685292250020978e-09,4.685322440699233e-09,4.6853526307216635e-09,4.6853828200657405e-09,4.685413008709572e-09,4.685443196632399e-09,4.685473383814375e-09,4.685503570235723e-09,4.6855337558779355e-09,4.68556394072377e-09,4.6855941247546274e-09,4.685624307954276e-09,4.685654490306333e-09,4.685684671795016e-09,4.685714852404387e-09,4.685745032120619e-09,4.685775210928458e-09,4.685805388813766e-09,4.685835565762936e-09,4.685865741761505e-09,4.685895916796405e-09,4.685926090854518e-09,4.6859562639218516e-09,4.685986435989414e-09,4.686016607041876e-09,4.686046777067348e-09,4.686076946054712e-09,4.6861071139913795e-09,4.686137280866406e-09,4.686167446668034e-09,4.68619761138406e-09,4.686227775005952e-09,4.686257937520718e-09,4.686288098915723e-09,4.686318259182639e-09,4.686348418309696e-09,4.686378576286203e-09,4.686408733101729e-09,4.6864388887440445e-09,4.68646904320399e-09,4.6864991964743156e-09,4.686529348542496e-09,4.686559499398265e-09,4.6865896490305434e-09,4.686619797431367e-09,4.686649944589718e-09,4.686680090495793e-09,4.68671023513936e-09,4.686740378511113e-09,4.686770520601195e-09,4.686800661399937e-09,4.686830800897713e-09,4.686860939084949e-09,4.686891075952119e-09,4.686921211489948e-09,4.686951345688811e-09,4.686981478539305e-09,4.687011610032079e-09,4.687041740157815e-09,4.687071868907057e-09,4.687101996270727e-09,4.6871321222397136e-09,4.687162246804676e-09,4.6871923699565745e-09,4.687222491686316e-09,4.687252611984835e-09,4.687282730843111e-09,4.687312848252156e-09,4.687342964202592e-09,4.687373078685904e-09,4.687403191693195e-09,4.687433303215597e-09,4.687463413244688e-09,4.6874935217712525e-09,4.687523628786514e-09,4.687553734281731e-09,4.6875838382454815e-09,4.6876139406719675e-09,4.687644041557348e-09,4.687674140885398e-09,4.687704238650413e-09,4.6877343348431685e-09,4.687764429455344e-09,4.687794522478831e-09,4.6878246139041044e-09,4.6878547037238955e-09,4.687884791929601e-09,4.687914878512009e-09,4.687944963463858e-09,4.687975046776104e-09,4.6880051284407636e-09,4.6880352084491594e-09,4.688065286792917e-09,4.68809536346387e-09,4.688125438454283e-09,4.688155511753814e-09,4.688185583357889e-09,4.688215653256753e-09,4.688245721441949e-09,4.688275787905659e-09,4.688305852638719e-09,4.688335915637773e-09,4.688365976888388e-09,4.688396036385853e-09,4.68842609412109e-09,4.688456150085041e-09,4.688486204273111e-09,4.688516256675645e-09,4.688546307284678e-09,4.688576356093803e-09,4.688606403092675e-09,4.68863644827449e-09,4.6886664916321196e-09,4.688696533157154e-09,4.688726572842189e-09,4.68875661067973e-09,4.688786646661871e-09,4.688816680780913e-09,4.688846713029914e-09,4.688876743399945e-09,4.688906771883924e-09,4.688936798474137e-09,4.688966823164517e-09,4.688996845946142e-09,4.689026866813103e-09,4.689056885754908e-09,4.6890869027656794e-09,4.689116917837601e-09,4.689146930963769e-09,4.6891769421393225e-09,4.689206951352502e-09,4.68923695859768e-09,4.6892669638670234e-09,4.6892969671554995e-09,4.6893269684541205e-09,4.689356967755373e-09,4.689386965050873e-09,4.689416960336454e-09,4.6894469536036264e-09,4.689476944845013e-09,4.689506934050206e-09,4.689536921214572e-09,4.68956690633632e-09,4.689596889404042e-09,4.689626870408618e-09,4.689656849344841e-09,4.689686826205598e-09,4.689716800986839e-09,4.689746773680337e-09,4.68977674427648e-09,4.689806712769849e-09,4.6898366791540164e-09,4.689866643421161e-09,4.689896605565208e-09,4.689926565578671e-09,4.68995652345499e-09,4.689986479186583e-09,4.690016432768571e-09,4.6900463841927225e-09,4.690076333455615e-09,4.6901062805466725e-09,4.690136225458275e-09,4.6901661681859175e-09,4.69019610872253e-09,4.690226047061833e-09,4.690255983197216e-09,4.690285917121252e-09,4.690315848828162e-09,4.6903457783121295e-09,4.690375705565352e-09,4.690405630581975e-09,4.6904355533552224e-09,4.690465473878639e-09,4.690495392146775e-09,4.690525308151331e-09,4.690555221887051e-09,4.69058513334885e-09,4.690615042528995e-09,4.690644949421072e-09,4.690674854017858e-09,4.6907047563111455e-09,4.69073465630009e-09,4.690764553975779e-09,4.690794449334972e-09,4.69082434236602e-09,4.690854233065196e-09,4.6908841214250796e-09,4.690914007441802e-09,4.6909438911084536e-09,4.69097377241829e-09,4.691003651365452e-09,4.6910335279439e-09,4.691063402147694e-09,4.691093273967891e-09,4.6911231434039865e-09,4.691153010447217e-09,4.691182875092145e-09,4.691212737331102e-09,4.691242597159941e-09,4.691272454571927e-09,4.691302309561447e-09,4.691332162122364e-09,4.6913620122489145e-09,4.691391859936662e-09,4.691421705176885e-09,4.691451547965168e-09,4.691481388295601e-09,4.691511226162476e-09,4.691541061559648e-09,4.691570894482303e-09,4.691600724924603e-09,4.69163055287911e-09,4.691660378342754e-09,4.691690201309229e-09,4.691720021771453e-09,4.691749839724267e-09,4.691779655162124e-09,4.691809468079813e-09,4.6918392784714e-09,4.691869086330619e-09,4.691898891652613e-09,4.691928694431846e-09,4.691958494661216e-09,4.691988292337951e-09,4.692018087455374e-09,4.6920478800087894e-09,4.692077669992055e-09,4.692107457398925e-09,4.6921372422219204e-09,4.692167024462932e-09,4.692196804110051e-09,4.692226581161879e-09,4.692256355609074e-09,4.692286127448291e-09,4.6923158966742125e-09,4.6923456632815115e-09,4.69237542726488e-09,4.692405188617977e-09,4.692434947337771e-09,4.692464703417357e-09,4.692494456852703e-09,4.692524207637513e-09,4.692553955767151e-09,4.692583701236438e-09,4.692613444040174e-09,4.692643184173179e-09,4.692672921633507e-09,4.6927026564055714e-09,4.6927323884961404e-09,4.692762117894746e-09,4.6927918445996216e-09,4.692821568602685e-09,4.692851289897228e-09,4.692881008480895e-09,4.692910724348622e-09,4.692940437492786e-09,4.692970147913019e-09,4.69299985560162e-09,4.6930295605543785e-09,4.693059262767369e-09,4.693088962234725e-09,4.693118658951445e-09,4.693148352910735e-09,4.693178044109291e-09,4.6932077325418844e-09,4.693237418204623e-09,4.6932671010924245e-09,4.693296781200165e-09,4.693326458523262e-09,4.693356133056951e-09,4.693385804796477e-09,4.693415473737113e-09,4.693445139874134e-09,4.693474803202837e-09,4.693504463718374e-09,4.693534121418591e-09,4.6935637762944144e-09,4.6935934283455415e-09,4.693623077563078e-09,4.6936527239438346e-09,4.6936823674837545e-09,4.693712008178233e-09,4.693741646022719e-09,4.693771281012653e-09,4.693800913142779e-09,4.693830542409301e-09,4.693860168807719e-09,4.693889792334298e-09,4.693919412983757e-09,4.693949030751623e-09,4.6939786456333156e-09,4.694008257624517e-09,4.6940378667208045e-09,4.6940674729170196e-09,4.69409707620953e-09,4.6941266765939414e-09,4.694156274065886e-09,4.694185868621009e-09,4.6942154602549565e-09,4.694245048963348e-09,4.694274634741938e-09,4.694304217586425e-09,4.694333797492513e-09,4.694363374456693e-09,4.694392948473912e-09,4.694422519539921e-09,4.694452087650496e-09,4.694481652801415e-09,4.694511214988471e-09,4.694540774207414e-09,4.69457033045413e-09,4.6945998837244686e-09,4.694629434013787e-09,4.6946589813187914e-09,4.694688525635088e-09,4.694718066958253e-09,4.694747605284617e-09,4.6947771406098805e-09,4.694806672929968e-09,4.69483620224084e-09,4.694865728538428e-09,4.694895251818713e-09,4.694924772077671e-09,4.6949542893113015e-09,4.694983803515607e-09,4.69501331468661e-09,4.695042822820163e-09,4.695072327912777e-09,4.695101829960482e-09,4.695131328959676e-09,4.695160824904651e-09,4.6951903177908e-09,4.695219807620784e-09,4.695249294383416e-09,4.695278778079426e-09,4.695308258700267e-09,4.695337736246358e-09,4.695367210711721e-09,4.695396682092338e-09,4.695426150386335e-09,4.695455615588869e-09,4.6954850776960616e-09,4.695514536704255e-09,4.695543992610115e-09,4.695573445413398e-09,4.695602895108478e-09,4.695632341681521e-09,4.695661785137349e-09,4.695691225476224e-09,4.695720662687034e-09,4.695750096772493e-09,4.6957795277224656e-09,4.695808955536344e-09,4.695838380210608e-09,4.6958678017443555e-09,4.695897220123277e-09,4.6959266353597445e-09,4.695956047441259e-09,4.695985456359586e-09,4.696014862119692e-09,4.696044264711361e-09,4.696073664139441e-09,4.696103060395746e-09,4.696132453472103e-09,4.696161843374423e-09,4.696191230094677e-09,4.696220613628662e-09,4.696249993973695e-09,4.696279371126552e-09,4.696308745083429e-09,4.696338115840145e-09,4.696367483398758e-09,4.696396847746541e-09,4.696426208884276e-09,4.6964555668066e-09,4.6964849215122e-09,4.696514273000375e-09,4.696543621272848e-09,4.696572966310247e-09,4.696602308118493e-09,4.696631646696239e-09,4.696660982042582e-09,4.696690314141405e-09,4.696719642997724e-09,4.696748968607411e-09,4.696778290967139e-09,4.696807610074073e-09,4.6968369259323355e-09,4.696866238521689e-09,4.6968955478509165e-09,4.696924853914488e-09,4.696954156708319e-09,4.696983456230143e-09,4.697012752474494e-09,4.697042045442027e-09,4.697071335128077e-09,4.697100621528847e-09,4.697129904643723e-09,4.697159184463038e-09,4.697188460990965e-09,4.697217734221507e-09,4.697247004152491e-09,4.69727627078134e-09,4.697305534098732e-09,4.6973347941091644e-09,4.697364050806929e-09,4.697393304186602e-09,4.697422554250127e-09,4.697451800991862e-09,4.69748104440881e-09,4.697510284497821e-09,4.697539521256239e-09,4.6975687546917676e-09,4.697597984783695e-09,4.6976272115309395e-09,4.697656434935588e-09,4.6976856549947e-09,4.697714871705348e-09,4.697744085064617e-09,4.6977732950695956e-09,4.6978025017173916e-09,4.697831705005113e-09,4.697860904929884e-09,4.697890101488838e-09,4.6979192946791144e-09,4.697948484497866e-09,4.697977670954272e-09,4.698006854033421e-09,4.698036033732593e-09,4.698065210048963e-09,4.698094382979955e-09,4.698123552522545e-09,4.69815271867405e-09,4.6981818814316376e-09,4.698211040792136e-09,4.69824019675356e-09,4.698269349312601e-09,4.698298498466999e-09,4.698327644213694e-09,4.698356786549974e-09,4.698385925473342e-09,4.698415060980777e-09,4.698444193069717e-09,4.698473321737628e-09,4.698502446981742e-09,4.6985315687994975e-09,4.698560687188161e-09,4.698589802144881e-09,4.6986189136672775e-09,4.698648021752709e-09,4.6986771263809305e-09,4.6987062275643706e-09,4.6987353253050386e-09,4.698764419600057e-09,4.698793510444585e-09,4.698822597835805e-09,4.698851681770715e-09,4.69888076226582e-09,4.698909839300019e-09,4.698938912865599e-09,4.698967982965513e-09,4.6989970495973974e-09,4.699026112758657e-09,4.699055172446963e-09,4.699084228657065e-09,4.6991132813894794e-09,4.699142330641739e-09,4.699171376417916e-09,4.69920041870847e-09,4.6992294575055175e-09,4.699258492812603e-09,4.699287524627261e-09,4.699316552947058e-09,4.6993455777694695e-09,4.699374599093142e-09,4.699403616914289e-09,4.699432631232633e-09,4.6994616420534e-09,4.699490649362739e-09,4.699519653158935e-09,4.6995486534394864e-09,4.699577650199609e-09,4.699606643440265e-09,4.699635633165635e-09,4.699664619362458e-09,4.699693602035166e-09,4.699722581179577e-09,4.699751556794002e-09,4.699780528876169e-09,4.699809497423482e-09,4.699838462437172e-09,4.699867423908975e-09,4.6998963818397004e-09,4.69992533622642e-09,4.699954287063805e-09,4.699983234355401e-09,4.7000121780963886e-09,4.700041118286381e-09,4.700070054922324e-09,4.700098988000763e-09,4.7001279175206144e-09,4.700156843479583e-09,4.70018576587438e-09,4.700214684704579e-09,4.700243599967956e-09,4.7002725116610735e-09,4.700301419782254e-09,4.700330324326698e-09,4.700359225303472e-09,4.700388122695654e-09,4.700417016506175e-09,4.700445906743086e-09,4.7004747933882e-09,4.7005036764467335e-09,4.700532555915786e-09,4.700561431794489e-09,4.700590304092415e-09,4.700619172783064e-09,4.700648037877212e-09,4.700676899371692e-09,4.700705757275827e-09,4.700734611561753e-09,4.7007634622471485e-09,4.700792309324691e-09,4.700821152794168e-09,4.700849992653727e-09,4.700878828887621e-09,4.700907661518845e-09,4.700936490533023e-09,4.700965315928073e-09,4.7009941377018765e-09,4.701022955853552e-09,4.701051770380675e-09,4.701080581280473e-09,4.701109388561665e-09,4.701138192202616e-09,4.701166992210682e-09,4.701195788575368e-09,4.70122458131359e-09,4.701253370413665e-09,4.701282155874055e-09,4.701310937691933e-09,4.701339715866537e-09,4.701368490382825e-09,4.701397261264565e-09,4.701426028496803e-09,4.701454792076326e-09,4.701483551991387e-09,4.701512308268672e-09,4.701541060889613e-09,4.7015698098481666e-09,4.701598555146854e-09,4.7016272967830516e-09,4.7016560347541085e-09,4.701684769060798e-09,4.701713499700457e-09,4.701742226670037e-09,4.701770949971102e-09,4.701799669597683e-09,4.701828385548942e-09,4.701857097825997e-09,4.701885806424885e-09,4.7019145113359335e-09,4.7019432125739235e-09,4.701971910125874e-09,4.702000603996728e-09,4.702029294181452e-09,4.70205798067807e-09,4.702086663484904e-09,4.702115342599472e-09,4.702144018021828e-09,4.702172689748458e-09,4.702201357775405e-09,4.702230022108709e-09,4.702258682738702e-09,4.702287339669518e-09,4.702315992899187e-09,4.702344642423244e-09,4.702373288240661e-09,4.702401930349209e-09,4.702430568747595e-09,4.7024592034388765e-09,4.702487834415502e-09,4.7025164616768775e-09,4.70254508522223e-09,4.7025737050646984e-09,4.70260232117598e-09,4.702630933575204e-09,4.702659542242945e-09,4.702688147180831e-09,4.702716748398165e-09,4.702745345886258e-09,4.702773939654291e-09,4.702802529680868e-09,4.702831115975126e-09,4.702859698543083e-09,4.70288827737413e-09,4.702916852469346e-09,4.702945423829527e-09,4.702973991454277e-09,4.703002555332718e-09,4.703031115472576e-09,4.703059671869106e-09,4.703088224525455e-09,4.703116773434878e-09,4.703145318597041e-09,4.703173860004903e-09,4.703202397658704e-09,4.7032309315591e-09,4.703259461714941e-09,4.703287988115157e-09,4.703316510755927e-09,4.7033450296390625e-09,4.7033735447631005e-09,4.70340205612635e-09,4.703430563727938e-09,4.703459067566236e-09,4.703487567640948e-09,4.7035160639495845e-09,4.703544556490735e-09,4.7035730452626405e-09,4.703601530267542e-09,4.703630011501953e-09,4.703658488966251e-09,4.703686962652875e-09,4.703715432560144e-09,4.7037438987091166e-09,4.7037723610617016e-09,4.7038008196339785e-09,4.703829274426081e-09,4.703857725435978e-09,4.7038861726625795e-09,4.703914616103224e-09,4.703943055765632e-09,4.7039714916335895e-09,4.703999923712694e-09,4.704028352002176e-09,4.704056776498478e-09,4.7040851972043456e-09,4.704113614116424e-09,4.704142027233661e-09,4.704170436559629e-09,4.704198842083196e-09,4.7042272438128825e-09,4.704255641738075e-09,4.704284035866605e-09,4.7043124261925515e-09,4.704340812710398e-09,4.704369195416995e-09,4.704397574328393e-09,4.704425949429021e-09,4.704454320720808e-09,4.704482688201385e-09,4.704511051872846e-09,4.704539411739812e-09,4.704567767786165e-09,4.704596120018315e-09,4.704624468438825e-09,4.7046528130388885e-09,4.704681153821549e-09,4.7047094907842805e-09,4.704737823916259e-09,4.704766153237471e-09,4.704794478735647e-09,4.704822800412837e-09,4.704851118253514e-09,4.704879432279523e-09,4.704907742478736e-09,4.704936048858594e-09,4.704964351409576e-09,4.7049926501227916e-09,4.705020945004949e-09,4.705049236054332e-09,4.705077523267365e-09,4.705105806648564e-09,4.705134086194868e-09,4.705162361903933e-09,4.705190633775136e-09,4.705218901807629e-09,4.705247165999662e-09,4.7052754263515506e-09,4.705303682860923e-09,4.705331935527647e-09,4.705360184352152e-09,4.705388429330221e-09,4.705416670461272e-09,4.705444907754164e-09,4.705473141193131e-09,4.705501370774221e-09,4.705529596512528e-09,4.705557818399929e-09,4.705586036433342e-09,4.705614250614456e-09,4.705642460942865e-09,4.705670667416427e-09,4.705698870038681e-09,4.7057270687993254e-09,4.705755263702555e-09,4.705783454746019e-09,4.705811641933188e-09,4.7058398252562414e-09,4.705868004717481e-09,4.7058961803160785e-09,4.70592435205236e-09,4.705952519924262e-09,4.705980683931341e-09,4.706008844069667e-09,4.706037000341765e-09,4.706065152744574e-09,4.706093301278204e-09,4.706121445938873e-09,4.706149586738199e-09,4.706177723660342e-09,4.706205856708703e-09,4.706233985882605e-09,4.706262111182345e-09,4.706290232601804e-09,4.7063183501573776e-09,4.706346463828801e-09,4.706374573621394e-09,4.7064026795350655e-09,4.706430781571378e-09,4.706458879721639e-09,4.70648697399242e-09,4.706515064381779e-09,4.706543150867049e-09,4.706571233496174e-09,4.706599312235434e-09,4.706627387091687e-09,4.706655458055983e-09,4.706683525134398e-09,4.70671158832403e-09,4.7067396476251414e-09,4.706767703035418e-09,4.706795754555919e-09,4.706823802185493e-09,4.706851845924033e-09,4.706879885770627e-09,4.706907921720892e-09,4.706935953776723e-09,4.706963981936036e-09,4.706992006191584e-09,4.707020026561658e-09,4.707048043031768e-09,4.707076055605652e-09,4.707104064280626e-09,4.707132069052735e-09,4.707160069924946e-09,4.70718806688593e-09,4.707216059953964e-09,4.707244049131134e-09,4.707272034393245e-09,4.707300015750412e-09,4.707327993218574e-09,4.707355966766418e-09,4.707383936406595e-09,4.7074119021409736e-09,4.7074398639674575e-09,4.707467821888405e-09,4.707495775896854e-09,4.707523725996587e-09,4.7075516721840585e-09,4.7075796144597175e-09,4.70760755282232e-09,4.707635487272299e-09,4.707663417808683e-09,4.7076913444307815e-09,4.707719267154378e-09,4.70774718594761e-09,4.707775100824648e-09,4.707803011774772e-09,4.707830918816968e-09,4.707858821939859e-09,4.70788672114306e-09,4.707914616427008e-09,4.707942507792514e-09,4.707970395236235e-09,4.7079982787591535e-09,4.708026158358032e-09,4.7080540340375125e-09,4.708081905793122e-09,4.70810977362487e-09,4.708137637532482e-09,4.7081654975174e-09,4.708193353573752e-09,4.708221205694653e-09,4.708249053897432e-09,4.708276898172501e-09,4.70830473851419e-09,4.7083325749336225e-09,4.708360407414383e-09,4.708388235972812e-09,4.708416060601217e-09,4.708443881300645e-09,4.7084716980669315e-09,4.7084995109010786e-09,4.708527319799734e-09,4.708555124767868e-09,4.708582925802186e-09,4.708610722901558e-09,4.7086385160450655e-09,4.708666305262145e-09,4.708694090555186e-09,4.7087218719124256e-09,4.708749649331694e-09,4.708777422814961e-09,4.708805192359425e-09,4.708832957965333e-09,4.7088607196310304e-09,4.708888477355306e-09,4.708916231141165e-09,4.708943980982999e-09,4.708971726888171e-09,4.708999468849566e-09,4.709027206857998e-09,4.7090549409342745e-09,4.709082671067099e-09,4.7091103972576884e-09,4.709138119503859e-09,4.709165837805187e-09,4.709193552159707e-09,4.709221262568446e-09,4.709248969038207e-09,4.709276671554979e-09,4.709304370128633e-09,4.70933206474941e-09,4.7093597554207915e-09,4.709387442146286e-09,4.709415124922495e-09,4.709442803746224e-09,4.709470478623064e-09,4.709498149548134e-09,4.7095258165224975e-09,4.709553479546453e-09,4.709581138616884e-09,4.709608793735756e-09,4.709636444885336e-09,4.709664092084502e-09,4.7096917353446656e-09,4.709719374650568e-09,4.709747010003034e-09,4.709774641400146e-09,4.709802268837137e-09,4.709829892335769e-09,4.709857511865806e-09,4.709885127439559e-09,4.709912739057125e-09,4.7099403467172995e-09,4.709967950420744e-09,4.709995550166101e-09,4.710023145952591e-09,4.710050737780912e-09,4.710078325650128e-09,4.710105909560829e-09,4.71013348951065e-09,4.710161065499246e-09,4.710188637527217e-09,4.710216205592611e-09,4.71024376970093e-09,4.710271329846176e-09,4.710298886028021e-09,4.710326438247991e-09,4.710353986504841e-09,4.7103815307998895e-09,4.71040907113012e-09,4.710436607497353e-09,4.71046413990053e-09,4.7104916683375396e-09,4.7105191928107886e-09,4.7105467133272654e-09,4.710574229877495e-09,4.710601742445978e-09,4.710629251038134e-09,4.710656755681807e-09,4.710684256362121e-09,4.710711753074114e-09,4.710739245817172e-09,4.7107667345986895e-09,4.710794219408408e-09,4.710821700246174e-09,4.71084917711725e-09,4.710876650019458e-09,4.710904118951263e-09,4.71093158391464e-09,4.710959044908243e-09,4.710986501933348e-09,4.71101395498643e-09,4.711041404066812e-09,4.711068849176843e-09,4.711096290315087e-09,4.711123727483502e-09,4.711151160680175e-09,4.711178589905115e-09,4.711206015155541e-09,4.711233436435069e-09,4.711260853741699e-09,4.711288267075216e-09,4.711315676434785e-09,4.7113430818196076e-09,4.711370483230377e-09,4.7113978806662375e-09,4.711425274128587e-09,4.71145266361628e-09,4.71148004912959e-09,4.7115074306677125e-09,4.711534808230534e-09,4.711562181817716e-09,4.711589551428783e-09,4.711616917064104e-09,4.711644278723157e-09,4.711671636405132e-09,4.711698990110712e-09,4.7117263398400275e-09,4.711753685589097e-09,4.711781027371812e-09,4.711808365175435e-09,4.7118356989939e-09,4.7118630288345504e-09,4.711890354695985e-09,4.71191767657399e-09,4.7119449944815805e-09,4.711972308408268e-09,4.711999618357298e-09,4.712026924331487e-09,4.712054226324587e-09,4.712081524334778e-09,4.712108818365234e-09,4.7121361084157254e-09,4.712163394486188e-09,4.712190676576518e-09,4.712217954686716e-09,4.712245228814537e-09,4.712272498961694e-09,4.712299765133459e-09,4.71232702732709e-09,4.712354285539567e-09,4.712381539767387e-09,4.712408790012232e-09,4.712436036275749e-09,4.712463278558967e-09,4.712490516861776e-09,4.7125177511794445e-09,4.712544981510672e-09,4.712572207860359e-09,4.712599430227473e-09,4.712626648611886e-09,4.712653863013462e-09,4.712681073432054e-09,4.712708279867578e-09,4.712735482319996e-09,4.7127626807890274e-09,4.712789875274504e-09,4.712817065776311e-09,4.7128442522943655e-09,4.712871434828523e-09,4.712898613378684e-09,4.712925787944679e-09,4.7129529585264856e-09,4.71298012512332e-09,4.713007287735708e-09,4.713034446363557e-09,4.713061601006762e-09,4.713088751665227e-09,4.713115898338863e-09,4.713143041027568e-09,4.713170179731258e-09,4.713197314449837e-09,4.7132244451832174e-09,4.713251571931603e-09,4.713278694694636e-09,4.71330581347219e-09,4.713332928264218e-09,4.713360039070586e-09,4.713387145891279e-09,4.713414248726234e-09,4.713441347575387e-09,4.713468442438651e-09,4.713495533315965e-09,4.713522620207268e-09,4.713549703112507e-09,4.713576782031611e-09,4.713603856963568e-09,4.713630927909279e-09,4.7136579948692685e-09,4.7136850578423345e-09,4.713712116828986e-09,4.713739171829183e-09,4.713766222842885e-09,4.713793269870053e-09,4.71382031291062e-09,4.7138473519645906e-09,4.7138743870318864e-09,4.7139014181125034e-09,4.713928445206359e-09,4.713955468313453e-09,4.713982487433779e-09,4.714009502567271e-09,4.714036513713918e-09,4.7140635208736956e-09,4.714090524046582e-09,4.7141175232325465e-09,4.7141445184315865e-09,4.714171509647761e-09,4.714198496872876e-09,4.714225480111852e-09,4.714252459363837e-09,4.714279434628827e-09,4.714306405909611e-09,4.714333373202264e-09,4.714360336507854e-09,4.714387295826487e-09,4.714414251154733e-09,4.71444120249595e-09,4.714468149847115e-09,4.714495093214234e-09,4.714522032591232e-09,4.7145489679843786e-09,4.714575899391248e-09,4.714602826811355e-09,4.714629750244325e-09,4.714656669690408e-09,4.714683585149587e-09,4.714710496621166e-09,4.714737404107107e-09,4.71476430760506e-09,4.7147912071164565e-09,4.714818102640612e-09,4.7148449941792845e-09,4.71487188173212e-09,4.714898765297431e-09,4.714925644876127e-09,4.714952520468332e-09,4.714979392074012e-09,4.715006259692846e-09,4.715033123325638e-09,4.715059982972007e-09,4.715086838632119e-09,4.7151136903054716e-09,4.715140537987065e-09,4.715167381687987e-09,4.715194221403398e-09,4.715221057131546e-09,4.715247888874819e-09,4.715274716632114e-09,4.7153015404035e-09,4.715328360188197e-09,4.7153551759869975e-09,4.7153819878108325e-09,4.715408795639695e-09,4.715435599484095e-09,4.7154623993420065e-09,4.715489195212752e-09,4.715515987100835e-09,4.715542775002148e-09,4.715569558919751e-09,4.715596338850653e-09,4.715623114796395e-09,4.7156498867630074e-09,4.715676654737831e-09,4.715703418727979e-09,4.7157301787345495e-09,4.715756934758428e-09,4.715783686794775e-09,4.715810434844216e-09,4.715837178911462e-09,4.715863918983308e-09,4.715890655083686e-09,4.7159173872144165e-09,4.7159441153588764e-09,4.715970839509363e-09,4.715997559674284e-09,4.716024275855623e-09,4.716050988053371e-09,4.716077696281663e-09,4.7161044005144e-09,4.716131100761157e-09,4.7161577970272226e-09,4.716184489308137e-09,4.716211177607376e-09,4.716237861918114e-09,4.716264542251929e-09,4.716291218603471e-09,4.716317890972697e-09,4.716344559358864e-09,4.716371223764499e-09,4.716397884187493e-09,4.716424540629214e-09,4.7164511930887726e-09,4.7164778415667886e-09,4.716504486063398e-09,4.716531126578741e-09,4.716557763112896e-09,4.71658439566613e-09,4.716611024237279e-09,4.7166376488288285e-09,4.716664269439947e-09,4.7166908860633575e-09,4.716717498714293e-09,4.716744107383154e-09,4.716770712069729e-09,4.716797312780761e-09,4.7168239095113895e-09,4.716850502263584e-09,4.716877091036434e-09,4.716903675832034e-09,4.716930256683337e-09,4.71695683350671e-09,4.716983406364614e-09,4.7170099752430956e-09,4.717036540142387e-09,4.717063101064395e-09,4.717089658007176e-09,4.717116210967144e-09,4.717142759954602e-09,4.717169304964249e-09,4.717195845996819e-09,4.717222383052198e-09,4.717248916124094e-09,4.717275445225539e-09,4.717301970349098e-09,4.717328491497518e-09,4.717355008669508e-09,4.717381521865687e-09,4.717408031065001e-09,4.717434536307652e-09,4.717461037580005e-09,4.717487534874079e-09,4.717514028191334e-09,4.717540517534739e-09,4.717567002903298e-09,4.717593484297254e-09,4.717619961716815e-09,4.7176464351624075e-09,4.717672904632658e-09,4.717699370130232e-09,4.7177258316534565e-09,4.717752289203296e-09,4.717778742780051e-09,4.717805192387955e-09,4.717831638019727e-09,4.7178580796782104e-09,4.717884517364524e-09,4.7179109510793774e-09,4.717937380821588e-09,4.717963806584905e-09,4.717990228384279e-09,4.718016646206976e-09,4.71804306006398e-09,4.718069469949587e-09,4.718095875865794e-09,4.7181222778118145e-09,4.718148675807951e-09,4.718175069812916e-09,4.718201459847761e-09,4.7182278459132955e-09,4.718254228009142e-09,4.718280606136781e-09,4.7183069802946444e-09,4.718333350482448e-09,4.7183597167041475e-09,4.718386078959039e-09,4.718412437244376e-09,4.718438791563439e-09,4.718465141913599e-09,4.71849148829722e-09,4.7185178307127985e-09,4.71854416915586e-09,4.718570503638264e-09,4.718596834154321e-09,4.718623160704888e-09,4.7186494832898216e-09,4.718675801909383e-09,4.718702116563942e-09,4.7187284272539925e-09,4.7187547339715165e-09,4.718781036731547e-09,4.718807335527266e-09,4.718833630359124e-09,4.718859921227116e-09,4.718886208129093e-09,4.718912491070384e-09,4.718938770048713e-09,4.718965045066488e-09,4.718991316128813e-09,4.719017583219811e-09,4.719043846343291e-09,4.71907010547249e-09,4.719096360678534e-09,4.7191226119235944e-09,4.719148859209023e-09,4.719175102532342e-09,4.7192013418955544e-09,4.719227577298611e-09,4.719253808742233e-09,4.719280036225107e-09,4.719306259740491e-09,4.719332479306113e-09,4.7193586949134374e-09,4.719384906561885e-09,4.71941111427397e-09,4.719437318006294e-09,4.719463517782286e-09,4.7194897135998515e-09,4.7195159054707755e-09,4.719542093374937e-09,4.7195682773224026e-09,4.719594457318684e-09,4.719620633354459e-09,4.719646805434682e-09,4.719672973559634e-09,4.719699137729632e-09,4.7197252979459215e-09,4.719751454206855e-09,4.719777606513681e-09,4.719803754866717e-09,4.719829899266199e-09,4.7198560397125084e-09,4.719882176205927e-09,4.719908308746731e-09,4.7199344373352296e-09,4.7199605619717255e-09,4.7199866826565026e-09,4.720012799389882e-09,4.720038912172164e-09,4.720065021003631e-09,4.720091125884613e-09,4.72011722681545e-09,4.720143323796414e-09,4.7201694168278245e-09,4.720195505909986e-09,4.720221591043211e-09,4.720247672227816e-09,4.720273749464121e-09,4.7202998227524215e-09,4.7203258920930425e-09,4.720351957486599e-09,4.720378018932815e-09,4.720404076431551e-09,4.720430129984639e-09,4.720456179591635e-09,4.720482225252731e-09,4.7205082669686335e-09,4.7205343047392885e-09,4.720560338565153e-09,4.720586368446673e-09,4.720612394384567e-09,4.720638416378005e-09,4.72066443442796e-09,4.720690448534615e-09,4.72071645869849e-09,4.720742464919863e-09,4.72076846719918e-09,4.7207944655300045e-09,4.720820459925997e-09,4.720846450380819e-09,4.7208724368949416e-09,4.720898419468353e-09,4.720924398099666e-09,4.720950372798408e-09,4.7209763435526016e-09,4.721002310367536e-09,4.721028273238384e-09,4.721054232176084e-09,4.721080187174058e-09,4.721106138233585e-09,4.72113208536077e-09,4.721158028546328e-09,4.7211839677978e-09,4.721209903112035e-09,4.72123583449024e-09,4.721261761931499e-09,4.721287685438361e-09,4.721313605008505e-09,4.721339520646103e-09,4.721365432349124e-09,4.721391340118531e-09,4.721417243953998e-09,4.721443143856637e-09,4.721469039826018e-09,4.721494931861513e-09,4.721520819966672e-09,4.721546704139297e-09,4.721572584380997e-09,4.721598460705583e-09,4.721624333085835e-09,4.721650201534921e-09,4.7216760660545675e-09,4.721701926648889e-09,4.721727783309965e-09,4.721753636040984e-09,4.721779484842758e-09,4.721805329718333e-09,4.7218311706655285e-09,4.7218570076860265e-09,4.7218828407790065e-09,4.721908669945722e-09,4.721934495186167e-09,4.72196031650077e-09,4.721986133889827e-09,4.722011947365648e-09,4.722037756898491e-09,4.7220635625131735e-09,4.722089364203204e-09,4.722115161998333e-09,4.722140955841353e-09,4.722166745762133e-09,4.722192531760109e-09,4.722218313839027e-09,4.722244092000351e-09,4.722269866233059e-09,4.722295636544465e-09,4.722321402935412e-09,4.722347165443481e-09,4.722372923997487e-09,4.72239867862929e-09,4.72242442934202e-09,4.722450176137521e-09,4.722475919013174e-09,4.7225016579704596e-09,4.722527393010012e-09,4.722553124132956e-09,4.722578851339418e-09,4.722604574642521e-09,4.722630294016434e-09,4.7226560094747905e-09,4.7226817210178295e-09,4.722707428654016e-09,4.722733132366151e-09,4.722758832164146e-09,4.72278452804745e-09,4.722810220020815e-09,4.722835908081365e-09,4.722861592229691e-09,4.722887272467942e-09,4.722912948809599e-09,4.722938621240758e-09,4.722964289743475e-09,4.7229899543352425e-09,4.723015615034635e-09,4.7230412718073325e-09,4.723066924673403e-09,4.723092573612839e-09,4.723118218677046e-09,4.723143859817877e-09,4.723169497048216e-09,4.723195130389359e-09,4.723220759808462e-09,4.723246385314488e-09,4.723272006919506e-09,4.72329762463636e-09,4.723323238439719e-09,4.723348848346867e-09,4.723374454332608e-09,4.723400056414621e-09,4.723425654610308e-09,4.723451248885175e-09,4.7234768392581765e-09,4.723502425728976e-09,4.723528008278262e-09,4.723553586945585e-09,4.723579161704339e-09,4.723604732570398e-09,4.723630299538242e-09,4.723655862601228e-09,4.723681421768727e-09,4.723706977037393e-09,4.723732528407762e-09,4.723758075879863e-09,4.723783619453655e-09,4.7238091591313595e-09,4.723834694929914e-09,4.723860226813528e-09,4.723885754798955e-09,4.723911278892078e-09,4.72393679909914e-09,4.723962315401798e-09,4.723987827829394e-09,4.7240133363633584e-09,4.7240388409862226e-09,4.724064341715615e-09,4.724089838571349e-09,4.724115331517127e-09,4.724140820571386e-09,4.724166305734412e-09,4.724191787006213e-09,4.724217264426843e-09,4.724242737921469e-09,4.7242682075425895e-09,4.724293673266935e-09,4.724319135111456e-09,4.724344593047764e-09,4.724370047115984e-09,4.724395497277803e-09,4.724420943553284e-09,4.724446385943696e-09,4.7244718244241095e-09,4.724497259040093e-09,4.724522689779088e-09,4.724548116629987e-09,4.724573539595274e-09,4.724598958677961e-09,4.724624373877485e-09,4.72464978519111e-09,4.7246751926301044e-09,4.7247005961827615e-09,4.724725995854384e-09,4.724751391626432e-09,4.724776783536298e-09,4.724802171563338e-09,4.724827555713099e-09,4.724852935987276e-09,4.724878312380079e-09,4.724903684893492e-09,4.724929053529472e-09,4.7249544182843126e-09,4.724979779167767e-09,4.7250051361773e-09,4.725030489284952e-09,4.725055838546231e-09,4.72508118392971e-09,4.725106525434703e-09,4.7251318630648686e-09,4.7251571968214474e-09,4.7251825267029275e-09,4.72520785271323e-09,4.725233174850217e-09,4.725258493116896e-09,4.725283807512125e-09,4.725309118037041e-09,4.725334424703497e-09,4.725359727487355e-09,4.7253850263937224e-09,4.7254103214388855e-09,4.725435612610789e-09,4.725460899919009e-09,4.725486183359828e-09,4.725511462935281e-09,4.725536738642095e-09,4.725562010486961e-09,4.725587278461716e-09,4.725612542572596e-09,4.72563780280333e-09,4.725663059185928e-09,4.725688311701745e-09,4.725713560358548e-09,4.7257388051481354e-09,4.725764046075172e-09,4.7257892831348216e-09,4.725814516339267e-09,4.725839745682459e-09,4.725864971156596e-09,4.725890192785605e-09,4.725915410546865e-09,4.725940624449659e-09,4.725965834505978e-09,4.725991040694908e-09,4.726016243022872e-09,4.726041441494097e-09,4.726066636107748e-09,4.72609182687516e-09,4.726117013781625e-09,4.726142196830319e-09,4.726167376022531e-09,4.7261925513615035e-09,4.72621772284624e-09,4.7262428904520115e-09,4.726268054227961e-09,4.7262932141399515e-09,4.726318370189081e-09,4.726343522413064e-09,4.726368670782366e-09,4.7263938152998166e-09,4.726418955966932e-09,4.726444092775478e-09,4.7264692257465965e-09,4.726494354860052e-09,4.726519480138549e-09,4.726544601572314e-09,4.726569719153449e-09,4.726594832883027e-09,4.726619942751742e-09,4.726645048789917e-09,4.7266701509685026e-09,4.726695249314712e-09,4.726720343816578e-09,4.7267454344846856e-09,4.72677052131314e-09,4.726795604261023e-09,4.726820683381397e-09,4.726845758670273e-09,4.726870830120646e-09,4.726895897725919e-09,4.726920961491707e-09,4.726946021423664e-09,4.72697107750671e-09,4.726996129760594e-09,4.727021178169626e-09,4.727046222715467e-09,4.727071263441312e-09,4.727096300315526e-09,4.727121333413232e-09,4.72714636268127e-09,4.727171388075824e-09,4.7271964096348844e-09,4.727221427382564e-09,4.727246441244649e-09,4.727271451277119e-09,4.727296457493972e-09,4.727321459878315e-09,4.727346458437755e-09,4.727371453158617e-09,4.727396444048502e-09,4.727421431107868e-09,4.727446414337251e-09,4.727471393757283e-09,4.72749636934898e-09,4.7275213410913134e-09,4.727546309005667e-09,4.727571273092488e-09,4.72759623335722e-09,4.727621189792554e-09,4.72764614242092e-09,4.7276710912235546e-09,4.727696036181261e-09,4.727720977334114e-09,4.7277459146432536e-09,4.727770848132952e-09,4.727795777796621e-09,4.727820703636949e-09,4.727845625656522e-09,4.727870543853828e-09,4.727895458230622e-09,4.727920368787132e-09,4.72794527552376e-09,4.7279701784406265e-09,4.727995077539269e-09,4.728019972819672e-09,4.728044864282255e-09,4.728069751927338e-09,4.728094635755715e-09,4.728119515767885e-09,4.728144391964283e-09,4.728169264345053e-09,4.728194132911369e-09,4.728218997663262e-09,4.728243858601587e-09,4.728268715718173e-09,4.728293569030427e-09,4.72831841853037e-09,4.728343264218617e-09,4.728368106086667e-09,4.728392944152159e-09,4.728417778399433e-09,4.72844260883731e-09,4.728467435464568e-09,4.728492258292331e-09,4.728517077314903e-09,4.728541892517908e-09,4.728566703912459e-09,4.728591511501155e-09,4.7286163152962154e-09,4.7286411152754115e-09,4.7286659114599164e-09,4.728690703837028e-09,4.72871549241014e-09,4.728740277182444e-09,4.728765058150263e-09,4.728789835315646e-09,4.728814608679101e-09,4.728839378243747e-09,4.7288641440049335e-09,4.728888905968343e-09,4.728913664131914e-09,4.728938418493574e-09,4.72896316905645e-09,4.728987915823695e-09,4.729012658793148e-09,4.729037397965577e-09,4.729062133341144e-09,4.7290868649205185e-09,4.729111592704615e-09,4.729136316693107e-09,4.72916103688689e-09,4.729185753286554e-09,4.729210465892591e-09,4.729235174705416e-09,4.729259879726262e-09,4.729284580954395e-09,4.729309278390516e-09,4.729333972036052e-09,4.729358661891411e-09,4.729383347956381e-09,4.729408030232046e-09,4.729432708718427e-09,4.7294573834166474e-09,4.729482054326894e-09,4.729506721449851e-09,4.729531384785702e-09,4.7295560443359725e-09,4.729580700097504e-09,4.729605352075211e-09,4.729630000268362e-09,4.729654644679233e-09,4.729679285306577e-09,4.729703922153795e-09,4.729728555222829e-09,4.72975318448795e-09,4.729777809985404e-09,4.729802431701928e-09,4.729827049636672e-09,4.729851663797265e-09,4.72987627418627e-09,4.729900880783283e-09,4.729925483601868e-09,4.729950082633704e-09,4.729974677898447e-09,4.729999269386467e-09,4.73002385709955e-09,4.730048441047428e-09,4.730073021208482e-09,4.730097597610903e-09,4.730122170238132e-09,4.730146739078669e-09,4.730171304167784e-09,4.730195865462117e-09,4.730220422987624e-09,4.730244976738502e-09,4.730269526719175e-09,4.7302940729297e-09,4.73031861536992e-09,4.730343154041049e-09,4.730367688943617e-09,4.730392220088394e-09,4.730416747455359e-09,4.730441271055814e-09,4.730465790886857e-09,4.730490306953063e-09,4.730514819262368e-09,4.730539327801785e-09,4.7305638325768965e-09,4.730588333569603e-09,4.730612830807888e-09,4.730637324292367e-09,4.730661813999995e-09,4.730686299969454e-09,4.730710782180945e-09,4.730735260631452e-09,4.730759735323453e-09,4.730784206256625e-09,4.730808673428953e-09,4.730833136836627e-09,4.7308575964928894e-09,4.73088205238467e-09,4.73090650452055e-09,4.73093095290965e-09,4.730955397533164e-09,4.730979838402314e-09,4.731004275517019e-09,4.731028708876065e-09,4.73105313848182e-09,4.731077564336362e-09,4.731101986438424e-09,4.731126404787083e-09,4.7311508193851625e-09,4.731175230232111e-09,4.731199637329603e-09,4.731224040676992e-09,4.731248440275613e-09,4.731272836125966e-09,4.731297228222904e-09,4.73132161657688e-09,4.731346001184635e-09,4.731370382047042e-09,4.731394759158367e-09,4.7314191325260965e-09,4.7314435021469e-09,4.731467868032575e-09,4.731492230168331e-09,4.73151658856137e-09,4.731540943214913e-09,4.731565294125253e-09,4.731589641293093e-09,4.731613984723211e-09,4.731638324415819e-09,4.731662660362074e-09,4.731686992569356e-09,4.7317113210614755e-09,4.731735645807341e-09,4.731759966803516e-09,4.731784284056891e-09,4.731808597573454e-09,4.731832907365701e-09,4.731857213411545e-09,4.7318815157093486e-09,4.73190581429273e-09,4.731930109136082e-09,4.7319544002524664e-09,4.731978687637292e-09,4.732002971281552e-09,4.732027251202728e-09,4.732051527413973e-09,4.732075799882769e-09,4.73210006862191e-09,4.732124333632004e-09,4.732148594913535e-09,4.732172852467191e-09,4.732197106293283e-09,4.73222135639267e-09,4.732245602765678e-09,4.7322698454130955e-09,4.732294084335282e-09,4.732318319532768e-09,4.732342551006153e-09,4.732366778756225e-09,4.732391002783499e-09,4.732415223088152e-09,4.732439439671115e-09,4.732463652532671e-09,4.732487861673554e-09,4.732512067094378e-09,4.732536268795746e-09,4.732560466778232e-09,4.732584661042238e-09,4.732608851588143e-09,4.7326330384168755e-09,4.732657221528543e-09,4.732681400924344e-09,4.732705576604403e-09,4.732729748569131e-09,4.732753916819672e-09,4.732778081356307e-09,4.732802242179379e-09,4.7328263992897e-09,4.7328505526878246e-09,4.732874702374007e-09,4.73289884834929e-09,4.732922990600343e-09,4.73294712914127e-09,4.73297126397263e-09,4.732995395094997e-09,4.733019522508947e-09,4.733043646215003e-09,4.733067766213739e-09,4.733091882505748e-09,4.7331159950915515e-09,4.733140103971726e-09,4.73316420914686e-09,4.733188310617481e-09,4.7332124083841695e-09,4.73323650244748e-09,4.733260592807985e-09,4.733284679466247e-09,4.733308762422814e-09,4.733332841678285e-09,4.7333569172332035e-09,4.733380989088138e-09,4.73340505724365e-09,4.733429121700288e-09,4.733453182458631e-09,4.733477239519229e-09,4.733501292882667e-09,4.733525342549503e-09,4.733549388520314e-09,4.733573430795638e-09,4.733597469376052e-09,4.733621504262138e-09,4.733645535454456e-09,4.7336695629535575e-09,4.73369358676002e-09,4.733717606874399e-09,4.7337416232972615e-09,4.7337656360291926e-09,4.733789645070742e-09,4.7338136504224855e-09,4.733837652084985e-09,4.7338616500587994e-09,4.7338856443444995e-09,4.733909634942679e-09,4.733933621853875e-09,4.733957605078658e-09,4.7339815846176024e-09,4.734005560471275e-09,4.734029532640267e-09,4.734053501125117e-09,4.734077465926388e-09,4.734101427044672e-09,4.7341253844805265e-09,4.734149338234511e-09,4.734173288307208e-09,4.734197234699168e-09,4.734221177410982e-09,4.734245116443217e-09,4.734269051796425e-09,4.7342929834711996e-09,4.7343169114680946e-09,4.734340835787663e-09,4.7343647564305145e-09,4.734388673397199e-09,4.7344125866882705e-09,4.734436496304333e-09,4.734460402245927e-09,4.734484304513624e-09,4.734508203108031e-09,4.73453209802968e-09,4.7345559892791575e-09,4.734579876860779e-09,4.734603760771332e-09,4.734627641011418e-09,4.7346515175815895e-09,4.734675390478742e-09,4.73469925970716e-09,4.734723125267401e-09,4.73474698717187e-09,4.7347708454092895e-09,4.734794699970592e-09,4.7348185508757e-09,4.734842398103663e-09,4.734866241678961e-09,4.7348900815900975e-09,4.734913917834383e-09,4.734937750415894e-09,4.734961579337995e-09,4.734985404595647e-09,4.7350092261949765e-09,4.735033044133656e-09,4.735056858412051e-09,4.735080669031143e-09,4.735104475991028e-09,4.735128279292872e-09,4.735152078936885e-09,4.735175874921962e-09,4.7351996672518855e-09,4.735223455925871e-09,4.735247240943243e-09,4.735271022306013e-09,4.735294800015377e-09,4.735318574071081e-09,4.735342344473462e-09,4.735366111223491e-09,4.735389874306528e-09,4.735413633753371e-09,4.7354373895338784e-09,4.7354611416639845e-09,4.735484890160607e-09,4.7355086350083505e-09,4.735532376207419e-09,4.7355561137587575e-09,4.7355798476454985e-09,4.7356035778852754e-09,4.735627304497228e-09,4.735651027463287e-09,4.735674746785019e-09,4.735698462442764e-09,4.7357221744755656e-09,4.735745882865077e-09,4.7357695875923516e-09,4.73579328867728e-09,4.735816986120438e-09,4.735840679922417e-09,4.735864370103261e-09,4.7358880566443614e-09,4.735911739528657e-09,4.7359354187716475e-09,4.7359590943787796e-09,4.73598276634816e-09,4.736006434680389e-09,4.736030099376054e-09,4.736053760435722e-09,4.736077417859979e-09,4.736101071649411e-09,4.736124721804571e-09,4.736148368326056e-09,4.736172011214444e-09,4.736195650470289e-09,4.73621928609415e-09,4.73624291808666e-09,4.73626654644834e-09,4.736290171174338e-09,4.736313792273842e-09,4.736337409746602e-09,4.736361023590896e-09,4.736384633807278e-09,4.736408240396331e-09,4.736431843358593e-09,4.73645544269469e-09,4.736479038405182e-09,4.736502630498679e-09,4.73652621896731e-09,4.736549803812209e-09,4.736573385024652e-09,4.736596962642729e-09,4.736620536632321e-09,4.7366441069886765e-09,4.7366676737350126e-09,4.736691236857328e-09,4.736714796361709e-09,4.736738352241208e-09,4.736761904489566e-09,4.736785453130482e-09,4.736808998143276e-09,4.7368325395391605e-09,4.73685607731871e-09,4.736879611481437e-09,4.736903142030062e-09,4.736926668964088e-09,4.736950192284101e-09,4.736973711990875e-09,4.736997228084603e-09,4.737020740566134e-09,4.737044249431824e-09,4.73706775469055e-09,4.737091256338875e-09,4.737114754377105e-09,4.737138248801845e-09,4.737161739617752e-09,4.7371852268254565e-09,4.737208710425555e-09,4.737232190421776e-09,4.737255666808379e-09,4.737279139589081e-09,4.7373026087645446e-09,4.73732607433533e-09,4.737349536301961e-09,4.737372994665005e-09,4.737396449425232e-09,4.7374199005830775e-09,4.7374433481391046e-09,4.73746679209384e-09,4.737490232447927e-09,4.737513669202063e-09,4.737537102356682e-09,4.737560531912423e-09,4.737583957869684e-09,4.737607380229383e-09,4.737630798991889e-09,4.737654214157813e-09,4.737677625727773e-09,4.737701033702253e-09,4.737724438081958e-09,4.7377478388674185e-09,4.737771236059192e-09,4.737794629658025e-09,4.737818019664252e-09,4.7378414060786996e-09,4.737864788901672e-09,4.737888168133928e-09,4.7379115437759985e-09,4.7379349158284905e-09,4.737958284291955e-09,4.737981649166981e-09,4.73800501045422e-09,4.738028368154117e-09,4.738051722267369e-09,4.738075072794559e-09,4.7380984197363846e-09,4.7381217630932276e-09,4.738145102865688e-09,4.738168439054372e-09,4.738191771659848e-09,4.738215100682675e-09,4.7382384261235945e-09,4.738261747983091e-09,4.738285066261755e-09,4.7383083809601004e-09,4.738331692078725e-09,4.738354999621002e-09,4.73837830358206e-09,4.7384016039655715e-09,4.738424900773903e-09,4.7384481940206056e-09,4.738471483690802e-09,4.73849476978612e-09,4.738518052305164e-09,4.738541331238992e-09,4.7385646066094995e-09,4.7385878783935846e-09,4.738611146618292e-09,4.738634411259e-09,4.738657672339789e-09,4.738680929839373e-09,4.738704183768369e-09,4.7387274341214255e-09,4.7387506809088545e-09,4.738773924126999e-09,4.7387971637799e-09,4.738820399866773e-09,4.7388436323832575e-09,4.738866861329732e-09,4.738890086741341e-09,4.738913308564326e-09,4.738936526822759e-09,4.738959741512216e-09,4.7389829526403884e-09,4.739006160213185e-09,4.739029364214773e-09,4.7390525646383776e-09,4.7390757615176194e-09,4.739098954836642e-09,4.7391221445897536e-09,4.739145330806935e-09,4.739168513454484e-09,4.739191692554007e-09,4.739214868076741e-09,4.739238040031517e-09,4.739261208441393e-09,4.739284373286167e-09,4.739307534595964e-09,4.73933069232617e-09,4.739353846519484e-09,4.739376997160049e-09,4.739400144250476e-09,4.739423287792528e-09,4.739446427777194e-09,4.739469564209708e-09,4.739492697088818e-09,4.739515826418524e-09,4.739538952202042e-09,4.739562074436806e-09,4.739585193122147e-09,4.7396083082599045e-09,4.739631419849412e-09,4.7396545278994766e-09,4.7396776323980106e-09,4.739700733351311e-09,4.73972383076e-09,4.739746924624473e-09,4.739770014946094e-09,4.739793101725566e-09,4.73981618496175e-09,4.739839264653207e-09,4.739862340819242e-09,4.739885413431574e-09,4.739908482504948e-09,4.7399315480182004e-09,4.739954609993289e-09,4.7399776684295535e-09,4.740000723345128e-09,4.740023774726392e-09,4.740046822571618e-09,4.7400698668762295e-09,4.740092907669075e-09,4.740115944907159e-09,4.740138978615574e-09,4.740162008785436e-09,4.740185035421617e-09,4.7402080585207196e-09,4.74023107811962e-09,4.7402540941541745e-09,4.740277106659489e-09,4.740300115640962e-09,4.740323121093912e-09,4.740346123012979e-09,4.740369121431215e-09,4.7403921163014045e-09,4.74041510764315e-09,4.7404380954586465e-09,4.740461079747147e-09,4.740484060510329e-09,4.740507037749223e-09,4.740530011463755e-09,4.740552981644999e-09,4.740575948316587e-09,4.740598911451919e-09,4.740621871075742e-09,4.740644827180075e-09,4.740667779764946e-09,4.740690728826697e-09,4.7407136743685595e-09,4.740736616391507e-09,4.740759554895941e-09,4.740782489886027e-09,4.740805421352279e-09,4.740828349305615e-09,4.740851273742279e-09,4.740874194666309e-09,4.740897112073322e-09,4.7409200259675596e-09,4.7409429363465734e-09,4.740965843212063e-09,4.74098874656575e-09,4.741011646409657e-09,4.741034542740131e-09,4.741057435588938e-09,4.7410803248913494e-09,4.7411032106941804e-09,4.741126093019927e-09,4.741148971805997e-09,4.741171847080691e-09,4.741194718859198e-09,4.741217587121506e-09,4.741240451876795e-09,4.741263313130324e-09,4.741286170874617e-09,4.7413090251169705e-09,4.741331875857381e-09,4.741354723098616e-09,4.741377566829397e-09,4.741400407059942e-09,4.741423243786186e-09,4.741446077012631e-09,4.741468906738575e-09,4.741491732965835e-09,4.741514555702667e-09,4.741537374935744e-09,4.741560190667096e-09,4.741583002934687e-09,4.741605811678136e-09,4.741628616919694e-09,4.741651418669236e-09,4.741674216923862e-09,4.741697011684142e-09,4.741719802950585e-09,4.741742590724467e-09,4.741765375005115e-09,4.741788155790219e-09,4.741810933078216e-09,4.741833706883588e-09,4.7418564771958135e-09,4.741879244022406e-09,4.741902007356288e-09,4.741924767204293e-09,4.7419475235653534e-09,4.741970276439008e-09,4.741993025825828e-09,4.742015771724325e-09,4.742038514134428e-09,4.742061253057687e-09,4.742083988499824e-09,4.7421067204571705e-09,4.742129448935621e-09,4.7421521739317075e-09,4.742174895472808e-09,4.742197613505269e-09,4.742220328053282e-09,4.742243039120809e-09,4.742265746723707e-09,4.742288450832542e-09,4.7423111514677645e-09,4.742333848624682e-09,4.742356542299849e-09,4.742379232495044e-09,4.742401919236252e-09,4.742424602479735e-09,4.742447282269104e-09,4.742469958568444e-09,4.742492631435415e-09,4.742515300785711e-09,4.742537966653789e-09,4.742560629058378e-09,4.74258328797748e-09,4.7426059434361704e-09,4.7426285954282345e-09,4.742651243951858e-09,4.742673888996389e-09,4.742696530577865e-09,4.74271916871024e-09,4.742741803374154e-09,4.742764434569115e-09,4.742787062294581e-09,4.742809686551301e-09,4.742832307338049e-09,4.742854924676114e-09,4.742877538547319e-09,4.742900148936974e-09,4.742922755869339e-09,4.7429453593457875e-09,4.742967959374159e-09,4.7429905559229095e-09,4.743013149007524e-09,4.743035738629491e-09,4.743058324797385e-09,4.74308090750736e-09,4.7431034867551085e-09,4.743126062546323e-09,4.743148634880548e-09,4.743171203755325e-09,4.743193769179745e-09,4.743216331193792e-09,4.743238889750334e-09,4.743261444808855e-09,4.743283996414026e-09,4.7433065445537965e-09,4.743329089252578e-09,4.743351630501964e-09,4.743374168322705e-09,4.74339670266937e-09,4.7434192335661e-09,4.743441761008713e-09,4.743464285007603e-09,4.743486805557024e-09,4.743509322659648e-09,4.743531836315543e-09,4.743554346524919e-09,4.743576853290973e-09,4.743599356609302e-09,4.743621856482642e-09,4.743644352912173e-09,4.743666845898179e-09,4.743689335441261e-09,4.743711821541979e-09,4.743734304176679e-09,4.743756783327079e-09,4.743779259100055e-09,4.743801731425669e-09,4.743824200330915e-09,4.743846665784895e-09,4.743869127805856e-09,4.743891586389166e-09,4.743914041454408e-09,4.74393649317345e-09,4.743958941440254e-09,4.743981386277729e-09,4.744003827678537e-09,4.744026265647949e-09,4.744048700183343e-09,4.7440711312812705e-09,4.744093558955551e-09,4.7441159831978466e-09,4.744138403995008e-09,4.744160821370953e-09,4.744183235316849e-09,4.744205645813647e-09,4.744228052900052e-09,4.744250456559087e-09,4.7442728567885136e-09,4.744295253594813e-09,4.744317646972255e-09,4.7443400369217925e-09,4.744362423448174e-09,4.7443848065473095e-09,4.744407186225195e-09,4.744429562474658e-09,4.744451935304474e-09,4.744474304711778e-09,4.744496670689458e-09,4.744519033259051e-09,4.744541392396703e-09,4.744563748120696e-09,4.744586100423898e-09,4.744608449308427e-09,4.744630794774095e-09,4.744653136824126e-09,4.744675475467537e-09,4.74469781068159e-09,4.74472014247926e-09,4.744742470865583e-09,4.744764795831468e-09,4.744787117393994e-09,4.744809435534871e-09,4.74483175023139e-09,4.744854061544545e-09,4.744876369445706e-09,4.7448986739337816e-09,4.744920975008991e-09,4.74494327267277e-09,4.7449655669311135e-09,4.74498785778029e-09,4.74501014522524e-09,4.745032429317332e-09,4.745054709949316e-09,4.7450769871280954e-09,4.745099260971347e-09,4.7451215313733025e-09,4.745143798332603e-09,4.745166061929535e-09,4.745188322095421e-09,4.745210578855244e-09,4.745232832243273e-09,4.745255082241735e-09,4.745277328790198e-09,4.7452995719412544e-09,4.7453218116923415e-09,4.74534404807368e-09,4.745366281056311e-09,4.745388510635648e-09,4.745410736779028e-09,4.745432959566624e-09,4.74545517896133e-09,4.745477394934989e-09,4.745499607533416e-09,4.745521816736835e-09,4.745544022558426e-09,4.7455662249695955e-09,4.745588423987251e-09,4.7456106196153374e-09,4.745632811847646e-09,4.745655000688217e-09,4.745677186137488e-09,4.745699368196143e-09,4.7457215468648305e-09,4.745743722144053e-09,4.74576589403436e-09,4.745788062536298e-09,4.745810227650577e-09,4.7458323893776695e-09,4.745854547718125e-09,4.7458767026725795e-09,4.7458988542415886e-09,4.745921002425754e-09,4.745943147225661e-09,4.745965288641927e-09,4.745987426675076e-09,4.746009561325793e-09,4.746031692594346e-09,4.746053820481551e-09,4.746075944987983e-09,4.746098066114279e-09,4.74612018386099e-09,4.746142298228437e-09,4.746164409217493e-09,4.7461865168285436e-09,4.746208621074873e-09,4.746230721931795e-09,4.746252819441801e-09,4.746274913560788e-09,4.746297004303675e-09,4.746319091663689e-09,4.746341175658212e-09,4.746363256272134e-09,4.7463853335286754e-09,4.746407407397008e-09,4.746429477890503e-09,4.7464515450283814e-09,4.7464736087839215e-09,4.746495669170329e-09,4.7465177261869835e-09,4.746539779835112e-09,4.746561830115017e-09,4.746583877027452e-09,4.746605920574367e-09,4.746627960748315e-09,4.746649997596152e-09,4.746672031046727e-09,4.746694061164928e-09,4.746716087885249e-09,4.746738111275809e-09,4.7467601312831005e-09,4.746782147914858e-09,4.746804161181802e-09,4.7468261710902265e-09,4.746848177635422e-09,4.746870180812904e-09,4.746892180639689e-09,4.7469141771130145e-09,4.746936170222675e-09,4.746958159979564e-09,4.746980146372413e-09,4.747002129376401e-09,4.747024109053209e-09,4.747046085381389e-09,4.7470680583810995e-09,4.7470900279983846e-09,4.74711199426367e-09,4.747133957177302e-09,4.747155916725882e-09,4.747177872932313e-09,4.747199825775901e-09,4.747221775280632e-09,4.747243721430022e-09,4.74726566422047e-09,4.747287603673587e-09,4.7473095398481245e-09,4.7473314726104825e-09,4.7473534020353494e-09,4.74737532812382e-09,4.747397250857659e-09,4.747419170232733e-09,4.747441086263682e-09,4.747462998948082e-09,4.747484908289758e-09,4.747506814290131e-09,4.747528716972489e-09,4.747550616258554e-09,4.7475725122475455e-09,4.747594404914516e-09,4.747616294208592e-09,4.747638180162e-09,4.747660062776143e-09,4.7476819420502576e-09,4.747703817985416e-09,4.747725690593799e-09,4.747747559854818e-09,4.747769425780518e-09,4.747791288372715e-09,4.747813147629257e-09,4.747835003549371e-09,4.747856856135078e-09,4.747878705387588e-09,4.747900551215151e-09,4.747922393799553e-09,4.747944233055047e-09,4.747966068979438e-09,4.7479879015731875e-09,4.74800973083685e-09,4.7480315567710745e-09,4.748053379375402e-09,4.748075198652453e-09,4.748097014601782e-09,4.748118827223921e-09,4.748140636519468e-09,4.748162442488885e-09,4.748184245132962e-09,4.748206044454323e-09,4.748227840446544e-09,4.748249633112878e-09,4.74827142246557e-09,4.74829320852718e-09,4.748314991226803e-09,4.748336770568063e-09,4.7483585466342425e-09,4.7483803193770865e-09,4.748402088785163e-09,4.748423854886849e-09,4.748445617687502e-09,4.7484673771508584e-09,4.748489133304439e-09,4.7485108861407465e-09,4.748532635655607e-09,4.748554381855892e-09,4.748576124739909e-09,4.7485978643093636e-09,4.7486196005648274e-09,4.748641333506869e-09,4.748663063136063e-09,4.7486847894529844e-09,4.7487065124581994e-09,4.748728232152286e-09,4.748749948535812e-09,4.748771661600046e-09,4.748793371348285e-09,4.748815077837725e-09,4.7488367809606475e-09,4.748858480765056e-09,4.7488801772765494e-09,4.748901870510303e-09,4.748923560464639e-09,4.74894524707805e-09,4.748966930379258e-09,4.748988610377788e-09,4.749010287072447e-09,4.7490319604729555e-09,4.749053630562127e-09,4.749075297353445e-09,4.749096960860023e-09,4.74911862100078e-09,4.749140277891188e-09,4.749161931483659e-09,4.749183581774488e-09,4.749205228777271e-09,4.7492268724728805e-09,4.7492485128678464e-09,4.749270149967488e-09,4.749291783770196e-09,4.749313414248617e-09,4.749335041460878e-09,4.74935666537459e-09,4.749378285994447e-09,4.7493999033266914e-09,4.749421517333769e-09,4.749443128079082e-09,4.749464735463381e-09,4.749486339614886e-09,4.749507940500714e-09,4.74952953807312e-09,4.7495511323687465e-09,4.7495727233816544e-09,4.749594311099891e-09,4.749615895529915e-09,4.749637476673307e-09,4.7496590545301895e-09,4.74968062910085e-09,4.749702200385887e-09,4.7497237683856045e-09,4.749745333101506e-09,4.74976689453257e-09,4.749788452680434e-09,4.749810007545672e-09,4.7498315591301206e-09,4.749853107400838e-09,4.749874652447435e-09,4.749896194139352e-09,4.749917732598223e-09,4.749939267780454e-09,4.749960799684031e-09,4.749982328308765e-09,4.750003853634076e-09,4.750025375704481e-09,4.7500468944967e-09,4.7500684100114925e-09,4.750089922255073e-09,4.7501114312240005e-09,4.750132936918198e-09,4.750154439336963e-09,4.7501759384849785e-09,4.75019743435809e-09,4.750218926967068e-09,4.750240416299089e-09,4.750261902358428e-09,4.750283385147588e-09,4.7503048646027636e-09,4.75032634087813e-09,4.7503478138623265e-09,4.750369283575879e-09,4.750390750045205e-09,4.75041221322508e-09,4.750433673140843e-09,4.75045512979105e-09,4.7504765831851164e-09,4.7504980333065625e-09,4.750519480163725e-09,4.750540923701616e-09,4.750562364032755e-09,4.750583801104722e-09,4.75060523491154e-09,4.750626665467383e-09,4.750648092780598e-09,4.750669516800951e-09,4.7506909375660234e-09,4.750712355065949e-09,4.750733769314074e-09,4.750755180298317e-09,4.750776588024632e-09,4.750797992494784e-09,4.75081939370858e-09,4.75084079166595e-09,4.75086218637031e-09,4.750883577819711e-09,4.750904966013946e-09,4.750926350954775e-09,4.750947732642952e-09,4.7509691110850035e-09,4.750990486269555e-09,4.751011858209559e-09,4.751033226891453e-09,4.751054592323963e-09,4.751075954517497e-09,4.751097313459436e-09,4.75111866915471e-09,4.751140021594538e-09,4.751161370798271e-09,4.751182716747925e-09,4.7512040594511146e-09,4.7512253989174445e-09,4.751246735139057e-09,4.751268068116643e-09,4.7512893978507435e-09,4.751310724336193e-09,4.75133204758484e-09,4.751353367584585e-09,4.751374684344141e-09,4.751395997868441e-09,4.75141730811361e-09,4.751438615158375e-09,4.751459918963152e-09,4.75148121952948e-09,4.751502516861553e-09,4.751523810952198e-09,4.7515451018166e-09,4.751566389440062e-09,4.7515876738113115e-09,4.751608954964595e-09,4.751630232880423e-09,4.7516515075594265e-09,4.751672779014981e-09,4.75169404723235e-09,4.7517153122126695e-09,4.751736573969681e-09,4.751757832486148e-09,4.7517790877684985e-09,4.751800339825205e-09,4.751821588649969e-09,4.751842834243492e-09,4.75186407661544e-09,4.7518853157606775e-09,4.751906551675242e-09,4.7519277843655505e-09,4.751949013827325e-09,4.751970240065897e-09,4.751991463077405e-09,4.752012682864513e-09,4.752033899430683e-09,4.752055112797888e-09,4.752076322943616e-09,4.752097529840501e-09,4.752118733540702e-09,4.752139934023002e-09,4.7521611312863185e-09,4.752182325311728e-09,4.7522035161321284e-09,4.752224703733288e-09,4.752245888025442e-09,4.752267069211073e-09,4.752288247125932e-09,4.7523094217734165e-09,4.752330593263458e-09,4.752351761558159e-09,4.752372926612478e-09,4.752394088455257e-09,4.7524152470840305e-09,4.7524364024863e-09,4.752457554689322e-09,4.752478703677116e-09,4.752499849458465e-09,4.752520992038609e-09,4.75254213140764e-09,4.752563267567142e-09,4.7525844005226014e-09,4.752605530240522e-09,4.752626656777573e-09,4.752647780088629e-09,4.752668900194529e-09,4.752690017106996e-09,4.752711130793781e-09,4.752732241283767e-09,4.75275334858705e-09,4.7527744526668945e-09,4.75279555354358e-09,4.752816651212672e-09,4.7528377456824605e-09,4.75285883694658e-09,4.752879925044478e-09,4.752901009907073e-09,4.752922091601521e-09,4.752943170113681e-09,4.752964245415037e-09,4.752985317475447e-09,4.753006386408419e-09,4.7530274520933676e-09,4.753048514579164e-09,4.753069573839471e-09,4.753090629903974e-09,4.753111682783715e-09,4.7531327324622256e-09,4.753153778970891e-09,4.753174822251175e-09,4.753195862345062e-09,4.753216899247747e-09,4.7532379329636025e-09,4.753258963482529e-09,4.7532799908176355e-09,4.75330101496257e-09,4.753322035919265e-09,4.75334305368343e-09,4.7533640682493255e-09,4.753385079637275e-09,4.753406087838842e-09,4.75342709285052e-09,4.7534480947005534e-09,4.7534690933742935e-09,4.75349008883878e-09,4.753511081112751e-09,4.753532070203898e-09,4.753553056131192e-09,4.7535740388612866e-09,4.753595018390335e-09,4.7536159947557576e-09,4.7536369679043715e-09,4.753657937906616e-09,4.753678904700059e-09,4.753699868308967e-09,4.753720828770383e-09,4.753741786062909e-09,4.753762740182276e-09,4.753783691111723e-09,4.753804638817518e-09,4.753825583362493e-09,4.75384652476142e-09,4.753867462987786e-09,4.753888398075511e-09,4.753909329964417e-09,4.753930258611838e-09,4.753951184136324e-09,4.753972106492264e-09,4.7539930256781415e-09,4.754013941653852e-09,4.754034854489341e-09,4.754055764162386e-09,4.7540766706615344e-09,4.754097574001195e-09,4.754118474166337e-09,4.754139371163212e-09,4.754160264988459e-09,4.754181155641116e-09,4.7542020431340765e-09,4.754222927456527e-09,4.754243808626767e-09,4.754264686615854e-09,4.754285561441417e-09,4.754306433102893e-09,4.754327301599361e-09,4.754348166934061e-09,4.754369029101282e-09,4.754389888113825e-09,4.754410743970314e-09,4.754431596660317e-09,4.7544524461912975e-09,4.75447329256008e-09,4.754494135764095e-09,4.754514975814034e-09,4.7545358127200165e-09,4.7545566464484756e-09,4.7545774770443165e-09,4.7545983044778765e-09,4.754619128759234e-09,4.754639949895719e-09,4.7546607678637805e-09,4.754681582683394e-09,4.754702394345943e-09,4.754723202855537e-09,4.754744008214657e-09,4.754764810471608e-09,4.7547856095293114e-09,4.75480640543512e-09,4.754827198191123e-09,4.7548479877947215e-09,4.75486877424965e-09,4.754889557556239e-09,4.7549103377179095e-09,4.7549311147734405e-09,4.75495188863856e-09,4.754972659357301e-09,4.754993426932208e-09,4.755014191360321e-09,4.755034952644026e-09,4.755055710783716e-09,4.7550764657800135e-09,4.755097217631791e-09,4.755117966342973e-09,4.755138711912259e-09,4.75515945434049e-09,4.755180193628077e-09,4.755200929775628e-09,4.755221662781732e-09,4.755242392650679e-09,4.7552631193654816e-09,4.7552838429556155e-09,4.755304563426239e-09,4.755325280773207e-09,4.755345994960113e-09,4.755366706014899e-09,4.755387413929226e-09,4.75540811874045e-09,4.755428820386419e-09,4.755449518898192e-09,4.755470214277971e-09,4.755490906556587e-09,4.755511595670694e-09,4.755532281643871e-09,4.755552964483113e-09,4.75557364420076e-09,4.755594320758356e-09,4.755614994219367e-09,4.755635664520106e-09,4.755656331722704e-09,4.755676995800269e-09,4.75569765673869e-09,4.7557183145563705e-09,4.755738969247165e-09,4.755759620819741e-09,4.755780269267805e-09,4.755800914590519e-09,4.7558215567894835e-09,4.755842195866064e-09,4.7558628318465e-09,4.755883464658268e-09,4.755904094368723e-09,4.755924720958832e-09,4.755945344430588e-09,4.7559659647805186e-09,4.755986582011534e-09,4.756007196124403e-09,4.756027807109711e-09,4.756048414985811e-09,4.756069019715029e-09,4.7560896213395435e-09,4.75611021986927e-09,4.756130815284516e-09,4.75615140758377e-09,4.756171996774746e-09,4.756192582931762e-09,4.7562131658849075e-09,4.756233745737761e-09,4.7562543224827696e-09,4.756274896106487e-09,4.756295466617802e-09,4.756316033997662e-09,4.7563365982579645e-09,4.756357159426243e-09,4.756377717492691e-09,4.756398272450921e-09,4.7564188242736565e-09,4.756439373060895e-09,4.7564599187024675e-09,4.75648046123241e-09,4.756501000608562e-09,4.7565215369272795e-09,4.756542070142125e-09,4.756562600254382e-09,4.756583127247398e-09,4.756603651138639e-09,4.756624171935495e-09,4.756644689640741e-09,4.756665204192932e-09,4.756685715634505e-09,4.756706224025627e-09,4.756726729325076e-09,4.756747231521129e-09,4.756767730615183e-09,4.756788226633835e-09,4.7568087195377706e-09,4.756829209349078e-09,4.756849696039074e-09,4.756870179657729e-09,4.756890660174613e-09,4.756911137601886e-09,4.756931611958553e-09,4.756952083196363e-09,4.75697255134941e-09,4.756993016401268e-09,4.75701347838469e-09,4.7570339372531626e-09,4.7570543929983446e-09,4.757074845683381e-09,4.757095295278449e-09,4.7571157418036084e-09,4.757136185220468e-09,4.7571566255508674e-09,4.757177062815932e-09,4.757197496954366e-09,4.7572179280036115e-09,4.757238355982609e-09,4.757258780894698e-09,4.757279202701673e-09,4.757299621428869e-09,4.757320037025394e-09,4.757340449578017e-09,4.757360859052355e-09,4.757381265444866e-09,4.757401668755823e-09,4.757422068977572e-09,4.757442466171488e-09,4.757462860239481e-09,4.7574832512265395e-09,4.7575036391306955e-09,4.7575240239494454e-09,4.75754440569682e-09,4.757564784404702e-09,4.757585160020303e-09,4.757605532543172e-09,4.757625901982453e-09,4.757646268345868e-09,4.757666631668837e-09,4.7576869918889786e-09,4.7577073490781325e-09,4.757727703151652e-09,4.757748054153976e-09,4.757768402081767e-09,4.757788746939653e-09,4.7578090887216925e-09,4.757829427368432e-09,4.757849762999361e-09,4.757870095576503e-09,4.757890425081977e-09,4.757910751541632e-09,4.757931074916119e-09,4.757951395211871e-09,4.75797171244468e-09,4.757992026611561e-09,4.758012337707411e-09,4.7580326457542175e-09,4.758052950620077e-09,4.758073252531641e-09,4.758093551360018e-09,4.758113847141178e-09,4.758134139863093e-09,4.758154429523011e-09,4.758174716111246e-09,4.758194999573769e-09,4.758215280051036e-09,4.7582355574544526e-09,4.7582558318133754e-09,4.758276103093245e-09,4.758296371329111e-09,4.758316636507159e-09,4.758336898631534e-09,4.7583571577110645e-09,4.7583774137451046e-09,4.7583976667175895e-09,4.758417916622134e-09,4.7584381634862396e-09,4.758458407236748e-09,4.7584786479697355e-09,4.758498885658516e-09,4.758519120255572e-09,4.758539351842896e-09,4.758559580416102e-09,4.758579805889713e-09,4.758600028322068e-09,4.7586202476548325e-09,4.7586404639884416e-09,4.758660677275899e-09,4.758680887507545e-09,4.758701094700705e-09,4.75872129884374e-09,4.758741499938094e-09,4.758761697988495e-09,4.758781892993684e-09,4.7588020849513095e-09,4.75882227386938e-09,4.758842459742856e-09,4.758862642565454e-09,4.75888282239097e-09,4.758902999137087e-09,4.758923172833624e-09,4.7589433434906824e-09,4.758963511090037e-09,4.758983675678125e-09,4.759003837169527e-09,4.7590239956543976e-09,4.759044151114901e-09,4.7590643035321436e-09,4.759084452923869e-09,4.7591045992704425e-09,4.759124742590602e-09,4.759144882826747e-09,4.75916502007684e-09,4.759185154288033e-09,4.759205285462263e-09,4.759225413602298e-09,4.759245538710059e-09,4.759265660781944e-09,4.759285779807982e-09,4.759305895814721e-09,4.759326008849672e-09,4.759346118800975e-09,4.759366225721993e-09,4.759386329586379e-09,4.759406430481945e-09,4.759426528316567e-09,4.759446623129311e-09,4.759466714878384e-09,4.759486803632071e-09,4.75950688935955e-09,4.759526972026669e-09,4.759547051689981e-09,4.759567128335679e-09,4.759587201964282e-09,4.759607272562348e-09,4.7596273401448325e-09,4.759647404705038e-09,4.7596674662321e-09,4.7596875247478565e-09,4.75970758024695e-09,4.759727632720949e-09,4.759747682166764e-09,4.7597677286017314e-09,4.759787771983191e-09,4.759807812376584e-09,4.759827849757044e-09,4.75984788405868e-09,4.7598679153867515e-09,4.7598879437306426e-09,4.75990796904693e-09,4.759927991346752e-09,4.759948010619778e-09,4.759968026893845e-09,4.7599880401524136e-09,4.760008050397524e-09,4.760028057621996e-09,4.760048061842014e-09,4.760068063050357e-09,4.760088061246429e-09,4.760108056434521e-09,4.760128048600092e-09,4.7601480377684846e-09,4.760168023929221e-09,4.760188007068542e-09,4.760207987199212e-09,4.760227964334031e-09,4.760247938464029e-09,4.760267909618786e-09,4.760287877720811e-09,4.7603078428316386e-09,4.7603278049467696e-09,4.7603477640513255e-09,4.760367720151963e-09,4.760387673250707e-09,4.760407623346837e-09,4.760427570441442e-09,4.7604475145327234e-09,4.760467455594238e-09,4.76048739368189e-09,4.760507328773235e-09,4.760527260835145e-09,4.760547189929492e-09,4.760567116024705e-09,4.760587039120177e-09,4.76060695922051e-09,4.7606268763234255e-09,4.760646790432415e-09,4.760666701543802e-09,4.760686609659483e-09,4.760706514767386e-09,4.76072641689248e-09,4.7607463160258474e-09,4.760766212165205e-09,4.760786105313837e-09,4.760805995455059e-09,4.760825882622006e-09,4.76084576681051e-09,4.7608656479936145e-09,4.760885526189006e-09,4.760905401394467e-09,4.7609252736105e-09,4.7609451428378594e-09,4.760965009079276e-09,4.760984872335167e-09,4.761004732603306e-09,4.7610245898828375e-09,4.761044444180416e-09,4.761064295492309e-09,4.761084143839057e-09,4.761103989182958e-09,4.761123831539353e-09,4.7611436709129654e-09,4.761163507304285e-09,4.76118334068244e-09,4.761203171109291e-09,4.761222998551771e-09,4.761242823019928e-09,4.761262644508311e-09,4.7612824630173565e-09,4.761302278545655e-09,4.761322091093584e-09,4.761341900666554e-09,4.761361707230769e-09,4.761381510846004e-09,4.761401311491569e-09,4.761421109162789e-09,4.761440903854971e-09,4.761460695574998e-09,4.761480484303681e-09,4.761500270069081e-09,4.7615200528656795e-09,4.761539832690409e-09,4.7615596095480376e-09,4.7615793834305944e-09,4.761599154339088e-09,4.761618922277049e-09,4.761638687245572e-09,4.761658449245294e-09,4.76167820826409e-09,4.76169796432585e-09,4.7617177174186784e-09,4.761737467544647e-09,4.761757214698339e-09,4.76177695889217e-09,4.7617967000751556e-09,4.7618164383330965e-09,4.761836173631934e-09,4.761855905949729e-09,4.76187563532064e-09,4.761895361729008e-09,4.761915085173871e-09,4.7619348056528404e-09,4.761954523173048e-09,4.761974237733153e-09,4.76199394933229e-09,4.762013657971795e-09,4.762033363653395e-09,4.76205306637117e-09,4.762072766127925e-09,4.76209246293016e-09,4.762112156775682e-09,4.762131847661296e-09,4.7621515355926795e-09,4.762171220565868e-09,4.762190902583509e-09,4.762210581649012e-09,4.762230257758511e-09,4.762249930915363e-09,4.762269601137293e-09,4.762289268390085e-09,4.762308932685329e-09,4.762328594048726e-09,4.7623482524455744e-09,4.762367907890412e-09,4.762387560381026e-09,4.7624072099231554e-09,4.762426856535116e-09,4.76244650018516e-09,4.7624661408810505e-09,4.762485778633831e-09,4.762505413437595e-09,4.762525045291471e-09,4.762544674202786e-09,4.762564300163707e-09,4.762583923184457e-09,4.762603543260463e-09,4.7626231603770776e-09,4.762642774565979e-09,4.762662385811524e-09,4.762681994124303e-09,4.7627015994868074e-09,4.762721201898561e-09,4.762740801373686e-09,4.762760397909682e-09,4.7627799915078995e-09,4.762799582162004e-09,4.762819169880781e-09,4.7628387546638594e-09,4.7628583364687055e-09,4.762877915372417e-09,4.762897491342468e-09,4.762917064376576e-09,4.762936634469768e-09,4.762956201629825e-09,4.762975765857958e-09,4.762995327157055e-09,4.763014885523917e-09,4.763034440969969e-09,4.763053993474838e-09,4.763073543036643e-09,4.763093089666727e-09,4.763112633373666e-09,4.7631321741470524e-09,4.763151711985318e-09,4.763171246882309e-09,4.763190778862244e-09,4.763210307909158e-09,4.7632298340262075e-09,4.763249357227755e-09,4.76326887750345e-09,4.763288394843752e-09,4.763307909261547e-09,4.763327420757891e-09,4.763346929323343e-09,4.763366434966195e-09,4.763385937631808e-09,4.76340543742558e-09,4.763424934265053e-09,4.7634444282136116e-09,4.763463919244365e-09,4.763483407349726e-09,4.763502892533896e-09,4.763522374799528e-09,4.763541854149396e-09,4.763561330572685e-09,4.763580804080309e-09,4.763600274669682e-09,4.763619742337257e-09,4.763639207089597e-09,4.763658668902705e-09,4.763678127826491e-09,4.763697583776975e-09,4.7637170368611265e-09,4.763736487034966e-09,4.763755934294395e-09,4.7637753786130385e-09,4.7637948200455885e-09,4.76381425856638e-09,4.7638336941741955e-09,4.763853126871284e-09,4.763872556658432e-09,4.7638919835344405e-09,4.763911407506078e-09,4.763930828560477e-09,4.763950246709867e-09,4.763969661952643e-09,4.763989074282151e-09,4.764008483709263e-09,4.764027890221215e-09,4.764047293830543e-09,4.764066694506895e-09,4.764086092304674e-09,4.764105487193018e-09,4.764124879179275e-09,4.764144268265842e-09,4.764163654454979e-09,4.764183037732603e-09,4.7642024181076765e-09,4.7642217955790845e-09,4.764241170113271e-09,4.7642605417710675e-09,4.764279910543729e-09,4.7642992764123046e-09,4.7643186393443805e-09,4.764337999413394e-09,4.764357356585245e-09,4.764376710863957e-09,4.764396062238263e-09,4.76441541071574e-09,4.764434756297166e-09,4.764454098990707e-09,4.764473438784767e-09,4.764492775683874e-09,4.764512109669787e-09,4.764531440780798e-09,4.764550768994192e-09,4.7645700943152875e-09,4.764589416742314e-09,4.7646087362733416e-09,4.764628052919695e-09,4.764647366678368e-09,4.764666677538261e-09,4.764685985521051e-09,4.764705290602753e-09,4.764724592801979e-09,4.764743892112028e-09,4.764763188531382e-09,4.7647824820729225e-09,4.7648017727025605e-09,4.764821060466946e-09,4.764840345343561e-09,4.764859627342723e-09,4.764878906448566e-09,4.764898182673152e-09,4.7649174560159855e-09,4.764936726485193e-09,4.764955994058989e-09,4.76497525874804e-09,4.7649945205591555e-09,4.7650137794871536e-09,4.765033035535041e-09,4.765052288704118e-09,4.765071538988406e-09,4.765090786395011e-09,4.765110030932943e-09,4.7651292725865536e-09,4.76514851131896e-09,4.765167747231681e-09,4.765186980248388e-09,4.765206210399838e-09,4.7652254376745604e-09,4.765244662068469e-09,4.765263883581994e-09,4.7652831022285975e-09,4.765302318008445e-09,4.765321530908419e-09,4.765340740942285e-09,4.765359948098327e-09,4.765379152401273e-09,4.765398353813877e-09,4.7654175523485295e-09,4.765436748018056e-09,4.7654559408171055e-09,4.765475130745278e-09,4.765494317814406e-09,4.7655135020067334e-09,4.765532683326952e-09,4.765551861793135e-09,4.765571037392841e-09,4.76559021011306e-09,4.765609379971407e-09,4.765628546968196e-09,4.765647711090643e-09,4.765666872354938e-09,4.765686030759921e-09,4.765705186296152e-09,4.765724338969287e-09,4.765743488793006e-09,4.76576263576545e-09,4.7657817798589795e-09,4.7658009210878585e-09,4.765820059462029e-09,4.765839194986338e-09,4.765858327640677e-09,4.765877457393178e-09,4.7658965843209706e-09,4.76591570838766e-09,4.765934829616097e-09,4.765953947986392e-09,4.765973063499431e-09,4.765992176161235e-09,4.7660112859538484e-09,4.76603039289526e-09,4.766049496982726e-09,4.7660685982057094e-09,4.766087696593221e-09,4.7661067921273255e-09,4.766125884809382e-09,4.766144974646363e-09,4.766164061591222e-09,4.7661831457125e-09,4.766202226986049e-09,4.766221305415684e-09,4.766240380990909e-09,4.766259453735417e-09,4.766278523619571e-09,4.766297590647077e-09,4.766316654850381e-09,4.766335716192329e-09,4.766354774690711e-09,4.766373830338999e-09,4.766392883138791e-09,4.766411933105927e-09,4.766430980228041e-09,4.766450024502792e-09,4.766469065924704e-09,4.766488104516924e-09,4.766507140258797e-09,4.766526173166258e-09,4.766545203232684e-09,4.766564230458014e-09,4.7665832548419225e-09,4.7666022763959334e-09,4.766621295095555e-09,4.766640310956475e-09,4.766659323985615e-09,4.766678334176102e-09,4.7666973415313754e-09,4.766716346055817e-09,4.766735347737842e-09,4.766754346584363e-09,4.766773342595794e-09,4.766792335768832e-09,4.766811326104966e-09,4.7668303136045984e-09,4.766849298280912e-09,4.766868280124677e-09,4.766887259139145e-09,4.766906235320246e-09,4.766925208663453e-09,4.76694417917401e-09,4.766963146865085e-09,4.7669821117252925e-09,4.767001073754611e-09,4.767020032945233e-09,4.767038989313021e-09,4.767057942878309e-09,4.76707689360151e-09,4.767095841492448e-09,4.7671147865584854e-09,4.767133728807596e-09,4.767152668225317e-09,4.76717160480235e-09,4.767190538569005e-09,4.767209469486643e-09,4.767228397555173e-09,4.7672473228618635e-09,4.767266245333962e-09,4.767285164989256e-09,4.76730408182379e-09,4.767322995837681e-09,4.767341907015547e-09,4.767360815415123e-09,4.7673797209601504e-09,4.76739862369654e-09,4.767417523609676e-09,4.76743642070862e-09,4.767455314988564e-09,4.767474206452586e-09,4.7674930951078866e-09,4.767511980952656e-09,4.767530863970635e-09,4.767549744171609e-09,4.767568621555332e-09,4.767587496131822e-09,4.767606367895379e-09,4.767625236843813e-09,4.76764410298244e-09,4.7676629663091605e-09,4.7676818268214385e-09,4.767700684492507e-09,4.7677195393490165e-09,4.767738391437855e-09,4.767757240712267e-09,4.767776087178752e-09,4.7677949308348126e-09,4.767813771683567e-09,4.7678326097106004e-09,4.767851444957278e-09,4.767870277422525e-09,4.7678891070466634e-09,4.767907933865988e-09,4.767926757888488e-09,4.767945579055073e-09,4.7679643974609066e-09,4.767983213062534e-09,4.768002025888615e-09,4.768020835885545e-09,4.768039643080541e-09,4.768058447526191e-09,4.768077249116683e-09,4.768096047895988e-09,4.768114843886184e-09,4.768133637076583e-09,4.7681524274704885e-09,4.768171215063822e-09,4.7681899998672866e-09,4.768208781866583e-09,4.76822756106952e-09,4.768246337475866e-09,4.768265111084192e-09,4.768283881840858e-09,4.768302649863481e-09,4.768321415088033e-09,4.768340177507377e-09,4.7683589371423645e-09,4.7683776939849325e-09,4.768396448036874e-09,4.768415199296736e-09,4.7684339477631815e-09,4.768452693432232e-09,4.7684714363187675e-09,4.768490176408491e-09,4.7685089137152784e-09,4.768527648232786e-09,4.7685463799617065e-09,4.768565108887184e-09,4.768583835040251e-09,4.768602558405406e-09,4.7686212789721825e-09,4.768639996765073e-09,4.76865871177146e-09,4.768677423993345e-09,4.768696133417303e-09,4.768714840068184e-09,4.768733543923875e-09,4.768752245003207e-09,4.768770943308383e-09,4.768789638827362e-09,4.7688083315661854e-09,4.768827021522545e-09,4.76884570868572e-09,4.7688643930703715e-09,4.768883074686692e-09,4.76890175352169e-09,4.768920429583472e-09,4.768939102858548e-09,4.768957773358706e-09,4.768976441050857e-09,4.768995105995432e-09,4.769013768172904e-09,4.7690324275657285e-09,4.769051084195268e-09,4.769069738049385e-09,4.769088389082151e-09,4.7691070374075555e-09,4.7691256829270425e-09,4.769144325674199e-09,4.769162965654648e-09,4.769181602849914e-09,4.769200237274933e-09,4.769218868937382e-09,4.769237497823816e-09,4.769256123938988e-09,4.769274747293542e-09,4.7692933678745785e-09,4.769311985685081e-09,4.769330600714582e-09,4.769349212977351e-09,4.7693678224857496e-09,4.7693864292217825e-09,4.769405033181822e-09,4.769423634383539e-09,4.769442232812628e-09,4.769460828492105e-09,4.769479421398851e-09,4.7694980115506346e-09,4.7695165989211195e-09,4.769535183528301e-09,4.769553765391048e-09,4.769572344475958e-09,4.769590920810472e-09,4.769609494384621e-09,4.769628065215068e-09,4.769646633275998e-09,4.769665198571613e-09,4.7696837611096436e-09,4.7697023208861766e-09,4.769720877899361e-09,4.769739432165857e-09,4.769757983674094e-09,4.769776532425745e-09,4.7697950784233534e-09,4.7698136216635716e-09,4.769832162148654e-09,4.769850699881551e-09,4.7698692348525706e-09,4.7698877670833655e-09,4.769906296552327e-09,4.769924823269513e-09,4.769943347204824e-09,4.769961868421799e-09,4.769980386882228e-09,4.769998902579726e-09,4.7700174155911035e-09,4.7700359257883645e-09,4.770054433249844e-09,4.770072937962255e-09,4.7700914399129246e-09,4.77010993911513e-09,4.77012843557014e-09,4.770146929292771e-09,4.7701654202767955e-09,4.77018390850703e-09,4.7702023939979385e-09,4.77022087673765e-09,4.770239356740959e-09,4.770257834001212e-09,4.7702763085158685e-09,4.770294780291155e-09,4.770313249314922e-09,4.7703317156011555e-09,4.770350179140398e-09,4.770368639938391e-09,4.770387097995644e-09,4.770405553310845e-09,4.770424005888279e-09,4.770442455726113e-09,4.770460902825438e-09,4.770479347186374e-09,4.770497788807783e-09,4.770516227691136e-09,4.7705346638376455e-09,4.77055309724857e-09,4.77057152792355e-09,4.770589955863212e-09,4.7706083810678775e-09,4.770626803538147e-09,4.770645223274443e-09,4.770663640276592e-09,4.77068205454639e-09,4.770700466083499e-09,4.7707188748885104e-09,4.770737280962237e-09,4.7707556843048534e-09,4.770774084916803e-09,4.77079248279856e-09,4.770810877950665e-09,4.770829270374524e-09,4.770847660068897e-09,4.770866047035082e-09,4.770884431260695e-09,4.7709028127732624e-09,4.770921191542311e-09,4.770939567600446e-09,4.7709579409347755e-09,4.770976311543458e-09,4.770994679468054e-09,4.771013044625983e-09,4.771031407059642e-09,4.771049766769867e-09,4.771068123756824e-09,4.771086478021392e-09,4.771104829563559e-09,4.7711231783848025e-09,4.771141524485679e-09,4.771159867863833e-09,4.771178208523437e-09,4.771196546463696e-09,4.771214881688698e-09,4.771233214192493e-09,4.7712515439767166e-09,4.771269871038152e-09,4.771288195387043e-09,4.771306517017576e-09,4.7713248359361564e-09,4.771343152136592e-09,4.7713614656219705e-09,4.77137977639192e-09,4.771398084448085e-09,4.771416389788973e-09,4.77143469242237e-09,4.7714529923353095e-09,4.771471289537306e-09,4.771489584034112e-09,4.771507875812572e-09,4.7715261648855295e-09,4.771544451244908e-09,4.771562734835822e-09,4.771581015772555e-09,4.771599293988872e-09,4.771617569542341e-09,4.771635842332577e-09,4.7716541124295156e-09,4.771672379824994e-09,4.771690644517659e-09,4.77170890650047e-09,4.771727165780673e-09,4.771745422355251e-09,4.7717636762223984e-09,4.771781927383738e-09,4.771800175843673e-09,4.7718184215986e-09,4.771836664648834e-09,4.771854905000278e-09,4.771873142647169e-09,4.7718913775932106e-09,4.771909609842889e-09,4.771927839391194e-09,4.771946066236594e-09,4.771964290380201e-09,4.771982511819375e-09,4.772000730566542e-09,4.772018946617651e-09,4.77203715996925e-09,4.772055370621018e-09,4.772073578577963e-09,4.772091783830799e-09,4.772109986396494e-09,4.772128186222821e-09,4.772146383397659e-09,4.772164577877139e-09,4.772182769662866e-09,4.7722009587558755e-09,4.772219145123313e-09,4.7722373288315565e-09,4.772255509881921e-09,4.772273688206321e-09,4.772291863839432e-09,4.7723100367585995e-09,4.772328207006854e-09,4.772346374556827e-09,4.772364539435678e-09,4.772382701623982e-09,4.772400861108454e-09,4.772419017917902e-09,4.772437172038561e-09,4.772455323476273e-09,4.772473472212224e-09,4.7724916183520326e-09,4.772509761732197e-09,4.772527902479453e-09,4.772546040485619e-09,4.77256417587444e-09,4.7725823085128416e-09,4.772600438454035e-09,4.77261856575107e-09,4.772636690338861e-09,4.772654812245958e-09,4.772672931462504e-09,4.77269104800922e-09,4.7727091618501984e-09,4.772727273037215e-09,4.772745381542512e-09,4.7727634873846146e-09,4.772781590507787e-09,4.772799691028739e-09,4.7728177888171226e-09,4.7728358839486005e-09,4.772853976389482e-09,4.772872066135925e-09,4.77289015321994e-09,4.77290823762786e-09,4.772926319380319e-09,4.7729443984583905e-09,4.7729624748190964e-09,4.7729805485047945e-09,4.772998619519648e-09,4.7730166878748014e-09,4.77303475355733e-09,4.773052816647018e-09,4.773070876984774e-09,4.773088934659172e-09,4.773106989629264e-09,4.773125041956553e-09,4.7731430916220675e-09,4.773161138631158e-09,4.773179182971441e-09,4.7731972246324245e-09,4.77321526364166e-09,4.773233299979299e-09,4.77325133364982e-09,4.773269364669065e-09,4.773287393009666e-09,4.773305418685433e-09,4.773323441684742e-09,4.773341462032704e-09,4.77335947963003e-09,4.773377494651823e-09,4.773395507013241e-09,4.773413516700643e-09,4.7734315237167325e-09,4.773449528081534e-09,4.773467529794224e-09,4.7734855288471745e-09,4.773503525242125e-09,4.773521518963305e-09,4.773539510027456e-09,4.773557498431293e-09,4.7735754841947405e-09,4.773593467300715e-09,4.77361144774385e-09,4.773629425533255e-09,4.773647400666866e-09,4.7736653731409925e-09,4.773683342965528e-09,4.773701310129797e-09,4.7737192746372024e-09,4.7737372364938165e-09,4.7737551956979254e-09,4.773773152303061e-09,4.7737911061331685e-09,4.7738090573786246e-09,4.7738270059742025e-09,4.7738449519187865e-09,4.773862895212959e-09,4.773880835858632e-09,4.773898773833095e-09,4.77391670917907e-09,4.773934641822344e-09,4.773952571871533e-09,4.7739704992729975e-09,4.773988424027222e-09,4.774006346164357e-09,4.774024265611355e-09,4.774042182412524e-09,4.774060096610634e-09,4.7740780081205035e-09,4.774095916987338e-09,4.774113823209146e-09,4.774131726787192e-09,4.7741496277239616e-09,4.7741675260167906e-09,4.774185421668765e-09,4.774203314690077e-09,4.7742212050814165e-09,4.774239092824542e-09,4.774256977911675e-09,4.774274860357668e-09,4.7742927401816806e-09,4.774310617364099e-09,4.774328491894535e-09,4.774346363802241e-09,4.774364233028323e-09,4.774382099646798e-09,4.77439996363953e-09,4.774417824996998e-09,4.774435683712747e-09,4.774453539798392e-09,4.774471393241036e-09,4.7744892440773495e-09,4.7745070922561425e-09,4.7745249378085924e-09,4.774542780720365e-09,4.774560621007098e-09,4.7745784586616135e-09,4.774596293708863e-09,4.774614126100943e-09,4.774631955862662e-09,4.774649782994311e-09,4.774667607492507e-09,4.774685429365069e-09,4.774703248609022e-09,4.7747210652247515e-09,4.774738879212479e-09,4.77475669057261e-09,4.7747744993060085e-09,4.774792305414596e-09,4.7748101088956835e-09,4.77482790975096e-09,4.7748457079809845e-09,4.774863503588272e-09,4.774881296571399e-09,4.774899086928759e-09,4.774916874663267e-09,4.774934659776619e-09,4.774952442267634e-09,4.774970222136779e-09,4.7749879993845065e-09,4.775005774009448e-09,4.775023546015706e-09,4.775041315401925e-09,4.77505908216856e-09,4.775076846316052e-09,4.775094607847688e-09,4.775112366758312e-09,4.775130123051189e-09,4.775147876726774e-09,4.77516562778552e-09,4.775183376230707e-09,4.775201122057153e-09,4.7752188652681345e-09,4.7752366058669504e-09,4.7752543438483866e-09,4.775272079218556e-09,4.775289811975117e-09,4.775307542118479e-09,4.7753252696491345e-09,4.77534299456754e-09,4.775360716874112e-09,4.7753784365693435e-09,4.775396153653724e-09,4.775413868127737e-09,4.775431579991722e-09,4.775449289246144e-09,4.775466995891601e-09,4.77548469992846e-09,4.775502401357163e-09,4.775520100178111e-09,4.775537796391908e-09,4.77555548999889e-09,4.7755731809995626e-09,4.775590869394403e-09,4.775608555183891e-09,4.775626238368395e-09,4.7756439189483635e-09,4.77566159692429e-09,4.775679272296672e-09,4.775696945065846e-09,4.775714615232533e-09,4.775732282796811e-09,4.7757499477594595e-09,4.7757676101207595e-09,4.775785269881207e-09,4.775802927041212e-09,4.775820581601379e-09,4.775838233562025e-09,4.775855882920024e-09,4.775873529683066e-09,4.7758911738479315e-09,4.775908815411271e-09,4.7759264543781815e-09,4.775944090751414e-09,4.775961724524548e-09,4.775979355705602e-09,4.775996984287784e-09,4.776014610275103e-09,4.776032233668028e-09,4.7760498544670915e-09,4.776067472684206e-09,4.776085088296474e-09,4.776102701315628e-09,4.776120311742722e-09,4.776137919578157e-09,4.776155524822261e-09,4.776173127475012e-09,4.776190727537796e-09,4.776208325010474e-09,4.776225919893581e-09,4.776243512187874e-09,4.776261101893273e-09,4.776278689010522e-09,4.776296273539967e-09,4.776313855482619e-09,4.776331434838346e-09,4.776349011607734e-09,4.776366585791176e-09,4.776384157389134e-09,4.7764017264020615e-09,4.776419292830299e-09,4.776436856674743e-09,4.776454417935269e-09,4.77647197661289e-09,4.7764895327076815e-09,4.776507086220452e-09,4.776524637151216e-09,4.7765421855006e-09,4.776559731268969e-09,4.7765772744569725e-09,4.776594815065251e-09,4.7766123530936415e-09,4.776629888542838e-09,4.776647421413389e-09,4.776664951706097e-09,4.776682479420534e-09,4.7767000045578775e-09,4.77671752711821e-09,4.776735047102255e-09,4.7767525645105546e-09,4.776770079343098e-09,4.776787591600468e-09,4.776805101283205e-09,4.776822608392112e-09,4.776840112927124e-09,4.776857614888625e-09,4.776875114277405e-09,4.776892611093757e-09,4.776910105338344e-09,4.776927597011267e-09,4.776945086113606e-09,4.776962572645377e-09,4.776980056606687e-09,4.776997537998361e-09,4.777015016821023e-09,4.777032493074522e-09,4.777049966760244e-09,4.777067437877547e-09,4.777084906427666e-09,4.7771023724108026e-09,4.7771198358273096e-09,4.777137296678104e-09,4.7771547549565995e-09,4.777172210669875e-09,4.777189663824841e-09,4.777207114415614e-09,4.777224562442292e-09,4.777242007899598e-09,4.777259450800177e-09,4.77727689113799e-09,4.7772943289190075e-09,4.777311764138354e-09,4.777329196791732e-09,4.77734662688875e-09,4.777364054421878e-09,4.777381479398808e-09,4.777398901816352e-09,4.777416321674904e-09,4.777433738969056e-09,4.777451153707701e-09,4.777468565892275e-09,4.7774859755161336e-09,4.777503382583224e-09,4.777520787150196e-09,4.777538189103603e-09,4.777555588503595e-09,4.777572985348703e-09,4.777590379640197e-09,4.777607771297712e-09,4.777625160478358e-09,4.7776425471247045e-09,4.777659931199592e-09,4.777677312722783e-09,4.777694691693271e-09,4.7777120681126075e-09,4.777729441977494e-09,4.777746813295924e-09,4.777764182063785e-09,4.7777815482822284e-09,4.77779891195191e-09,4.777816273068797e-09,4.777833631641865e-09,4.777850987666249e-09,4.777868341147533e-09,4.7778856920779885e-09,4.777903040459693e-09,4.777920386235385e-09,4.777937729527943e-09,4.777955070275849e-09,4.777972408478477e-09,4.777989744114208e-09,4.77800707722466e-09,4.778024407771158e-09,4.7780417358011585e-09,4.778059061290227e-09,4.778076384236329e-09,4.7780937046414005e-09,4.778111022505317e-09,4.77812833782302e-09,4.778145650607363e-09,4.778162960839276e-09,4.778180268543799e-09,4.7781975736801824e-09,4.778214876293054e-09,4.778232176381795e-09,4.778249473936903e-09,4.778266768954713e-09,4.778284061426306e-09,4.778301351341253e-09,4.7783186387460536e-09,4.77833592361478e-09,4.778353205949379e-09,4.778370485749558e-09,4.7783877630128135e-09,4.7784050377446566e-09,4.778422309943383e-09,4.778439579610282e-09,4.77845684673907e-09,4.778474111341995e-09,4.7784913734135765e-09,4.778508632955035e-09,4.7785258899300715e-09,4.7785431444066974e-09,4.778560396357383e-09,4.778577645781707e-09,4.7785948926756665e-09,4.778612137039502e-09,4.778629378876635e-09,4.778646618186928e-09,4.778663854971574e-09,4.778681089228744e-09,4.77869832095942e-09,4.778715550169341e-09,4.77873277684934e-09,4.77875000100329e-09,4.778767222633458e-09,4.778784441767584e-09,4.778801658356407e-09,4.778818872418644e-09,4.778836083977494e-09,4.778853293030616e-09,4.778870499558724e-09,4.778887703569461e-09,4.778904905019085e-09,4.7789221039824695e-09,4.778939300431406e-09,4.778956494323654e-09,4.778973685714645e-09,4.778990874568341e-09,4.779008060904632e-09,4.779025244727003e-09,4.779042426026198e-09,4.779059604808903e-09,4.779076781098243e-09,4.779093954851546e-09,4.779111126088681e-09,4.779128294810873e-09,4.779145461018215e-09,4.7791626247113134e-09,4.779179785891686e-09,4.7791969445638005e-09,4.779214100717424e-09,4.77923125435956e-09,4.779248405485303e-09,4.779265554108727e-09,4.779282700215558e-09,4.77929984381124e-09,4.7793169849129935e-09,4.779334123481738e-09,4.779351259544191e-09,4.7793683931049145e-09,4.7793855241369224e-09,4.779402652699226e-09,4.779419778727452e-09,4.779436902231255e-09,4.779454023271138e-09,4.779471141771802e-09,4.779488257768046e-09,4.779505371268914e-09,4.7795224822620204e-09,4.779539590692497e-09,4.779556696676852e-09,4.7795738001567865e-09,4.779590901104039e-09,4.779607999561795e-09,4.779625095542029e-09,4.779642189020441e-09,4.779659279997503e-09,4.7796763684659956e-09,4.779693454448308e-09,4.779710537918909e-09,4.7797276188880825e-09,4.779744697380044e-09,4.779761773335236e-09,4.77977884682133e-09,4.779795917790428e-09,4.779812986271492e-09,4.7798300522547984e-09,4.779847115747289e-09,4.779864176737681e-09,4.779881235232053e-09,4.779898291214771e-09,4.779915344752696e-09,4.779932395762362e-09,4.77994944430405e-09,4.779966490318477e-09,4.779983533849571e-09,4.780000574890874e-09,4.780017613441001e-09,4.78003464948747e-09,4.780051683048394e-09,4.780068714125691e-09,4.780085742705083e-09,4.780102768797284e-09,4.780119792396815e-09,4.7801368135077976e-09,4.7801538321346316e-09,4.780170848265077e-09,4.780187861909793e-09,4.780204873067087e-09,4.780221881737226e-09,4.780238887932667e-09,4.780255891628196e-09,4.780272892847012e-09,4.7802898915732665e-09,4.780306887881224e-09,4.780323881639397e-09,4.780340872901006e-09,4.780357861690453e-09,4.780374848002522e-09,4.780391831826155e-09,4.780408813167427e-09,4.780425792027065e-09,4.780442768379283e-09,4.78045974227625e-09,4.780476713692867e-09,4.78049368262807e-09,4.7805106490879766e-09,4.780527613065731e-09,4.780544574564833e-09,4.780561533596944e-09,4.780578490128282e-09,4.78059544419054e-09,4.780612395778188e-09,4.7806293448894805e-09,4.780646291520244e-09,4.780663235679159e-09,4.780680177387179e-09,4.780697116599623e-09,4.7807140533334136e-09,4.780730987582779e-09,4.780747919357405e-09,4.780764848667777e-09,4.780781775508193e-09,4.780798699875451e-09,4.780815621855634e-09,4.780832541279445e-09,4.780849458246863e-09,4.78086637272967e-09,4.7808832847445445e-09,4.780900194281832e-09,4.780917101403687e-09,4.780934005981861e-09,4.780950908116836e-09,4.780967807787143e-09,4.7809847049871555e-09,4.781001599720297e-09,4.781018491976192e-09,4.7810353817923366e-09,4.781052269128483e-09,4.7810691539913215e-09,4.781086036381891e-09,4.7811029163208025e-09,4.781119793779487e-09,4.78113666879053e-09,4.7811535413385216e-09,4.781170411415068e-09,4.7811872790363706e-09,4.781204144196176e-09,4.781221006895287e-09,4.781237867139892e-09,4.781254724894455e-09,4.7812715802112785e-09,4.781288433068223e-09,4.781305283465727e-09,4.781322131394961e-09,4.7813389768746965e-09,4.781355819896609e-09,4.781372660461065e-09,4.781389498597459e-09,4.781406334250945e-09,4.781423167436331e-09,4.781439998177352e-09,4.781456826459791e-09,4.78147365227982e-09,4.781490475646208e-09,4.781507296565922e-09,4.781524115029583e-09,4.781540931038906e-09,4.781557744596093e-09,4.781574555700671e-09,4.781591364360805e-09,4.781608170561723e-09,4.781624974311097e-09,4.781641775609586e-09,4.781658574447673e-09,4.781675370845063e-09,4.781692164794493e-09,4.781708956291705e-09,4.781725745357191e-09,4.781742531965778e-09,4.781759316121401e-09,4.781776097827595e-09,4.781792877080717e-09,4.781809653892857e-09,4.781826428263549e-09,4.7818432001847035e-09,4.781859969657311e-09,4.781876736688109e-09,4.78189350127175e-09,4.7819102634141685e-09,4.781927023116177e-09,4.781943780380142e-09,4.78196053520109e-09,4.781977287571526e-09,4.781994037500066e-09,4.78201078499377e-09,4.782027530039748e-09,4.7820442726450365e-09,4.78206101281252e-09,4.782077750541542e-09,4.782094485827226e-09,4.782111218676289e-09,4.782127949084757e-09,4.7821446770546625e-09,4.782161402584298e-09,4.782178125681295e-09,4.782194846339939e-09,4.782211564561984e-09,4.782228280347814e-09,4.782244993690928e-09,4.782261704609164e-09,4.7822784130900816e-09,4.782295119140545e-09,4.782311822748014e-09,4.782328523930242e-09,4.78234522267662e-09,4.782361918996291e-09,4.782378612871982e-09,4.782395304321171e-09,4.782411993374022e-09,4.782428679970334e-09,4.782445364145953e-09,4.782462045873173e-09,4.78247872515207e-09,4.7824954020325095e-09,4.7825120764717074e-09,4.782528748482294e-09,4.7825454180746255e-09,4.782562085219683e-09,4.782578750028142e-09,4.7825954123297e-09,4.78261207220556e-09,4.782628729655686e-09,4.7826453846778035e-09,4.782662037284899e-09,4.782678687469379e-09,4.7826953352008564e-09,4.782711980538684e-09,4.78272862347227e-09,4.7827452639526654e-09,4.782761902011918e-09,4.7827785376420146e-09,4.782795170857495e-09,4.782811801656044e-09,4.782828430029968e-09,4.782845055929374e-09,4.782861679460833e-09,4.7828783005760236e-09,4.782894919272353e-09,4.782911535552449e-09,4.78292814946774e-09,4.782944760916515e-09,4.7829613699315155e-09,4.782977976537961e-09,4.7829945807321996e-09,4.783011182495796e-09,4.783027781848797e-09,4.783044378787653e-09,4.7830609733012685e-09,4.783077565402403e-09,4.7830941551003245e-09,4.783110742390803e-09,4.783127327219178e-09,4.7831439096783855e-09,4.78316048973074e-09,4.783177067367379e-09,4.783193642586775e-09,4.783210215358389e-09,4.783226785760465e-09,4.783243353752463e-09,4.783259919336076e-09,4.78327648251433e-09,4.7832930432812094e-09,4.78330960164077e-09,4.783326157690665e-09,4.7833427112238605e-09,4.7833592623485535e-09,4.783375811075712e-09,4.783392357394896e-09,4.783408901302409e-09,4.783425442788058e-09,4.7834419818904124e-09,4.783458518588345e-09,4.783475052876375e-09,4.783491584769144e-09,4.7835081142490715e-09,4.7835246413287226e-09,4.783541166013503e-09,4.783557688292018e-09,4.7835742081714194e-09,4.7835907256373475e-09,4.78360724069649e-09,4.783623753377144e-09,4.783640263643172e-09,4.783656771517237e-09,4.783673276922155e-09,4.783689780041797e-09,4.783706280718736e-09,4.783722778965372e-09,4.783739274847244e-09,4.7837557683307615e-09,4.783772259414318e-09,4.783788748098311e-09,4.783805234393847e-09,4.783821718293971e-09,4.7838381997990825e-09,4.783854678908941e-09,4.783871155624153e-09,4.783887629945339e-09,4.7839041018732415e-09,4.783920571408627e-09,4.783937038550446e-09,4.783953503308139e-09,4.783969965666525e-09,4.783986425628055e-09,4.784002883203712e-09,4.784019338383342e-09,4.784035791172937e-09,4.784052241571067e-09,4.784068689579123e-09,4.7840851352003945e-09,4.784101578433706e-09,4.784118019278871e-09,4.784134457736176e-09,4.784150893795752e-09,4.784167327485324e-09,4.78418375877271e-09,4.7842001876830955e-09,4.784216614205369e-09,4.784233038344065e-09,4.784249460099563e-09,4.784265879467577e-09,4.784282296462541e-09,4.7842987110928544e-09,4.784315123304168e-09,4.784331533147764e-09,4.784347940600505e-09,4.784364345687359e-09,4.784380748339144e-09,4.784397148657909e-09,4.784413546596102e-09,4.784429942068448e-09,4.7844463351940295e-09,4.7844627260006775e-09,4.784479114420722e-09,4.784495500462256e-09,4.784511884125704e-09,4.784528265411488e-09,4.784544644320011e-09,4.784561020829321e-09,4.784577394984559e-09,4.784593766763785e-09,4.784610136167414e-09,4.784626503195835e-09,4.784642867849493e-09,4.78465923012875e-09,4.784675590031958e-09,4.7846919475622836e-09,4.784708302720919e-09,4.7847246555048665e-09,4.784741005918518e-09,4.784757353960285e-09,4.784773699630411e-09,4.784790042930285e-09,4.784806383856392e-09,4.784822722414726e-09,4.7848390586012386e-09,4.784855392421212e-09,4.7848717238691105e-09,4.784888052952908e-09,4.7849043796663765e-09,4.784920704011828e-09,4.78493702599099e-09,4.784953345584398e-09,4.7849696628299325e-09,4.784985977707618e-09,4.785002290220637e-09,4.7850186003218895e-09,4.785034908107188e-09,4.7850512135253494e-09,4.7850675165783e-09,4.7850838172679244e-09,4.785100115596712e-09,4.785116411559833e-09,4.785132705160823e-09,4.7851489964233205e-09,4.785165285300438e-09,4.785181571816386e-09,4.7851978559714885e-09,4.7852141377668416e-09,4.7852304172267346e-09,4.785246694303574e-09,4.7852629690193835e-09,4.785279241410245e-09,4.785295511409993e-09,4.78531177905136e-09,4.7853280443352304e-09,4.785344307260405e-09,4.785360567789979e-09,4.785376825993612e-09,4.785393081851981e-09,4.78540933535881e-09,4.785425586502111e-09,4.7854418352962274e-09,4.785458081731888e-09,4.785474325820094e-09,4.785490567550604e-09,4.785506806917429e-09,4.785523043973481e-09,4.785539278657976e-09,4.785555511040116e-09,4.785571740925717e-09,4.785587968538862e-09,4.785604193797018e-09,4.785620416713367e-09,4.78563663733783e-09,4.78565285555823e-09,4.785669071429788e-09,4.7856852849542915e-09,4.785701496120513e-09,4.7857177049480455e-09,4.785733911423516e-09,4.785750115507298e-09,4.785766317304944e-09,4.785782516816271e-09,4.785798713969281e-09,4.785814908690929e-09,4.785831101094469e-09,4.785847291148496e-09,4.785863478867289e-09,4.785879664228202e-09,4.785895847259766e-09,4.785912027934124e-09,4.785928206287248e-09,4.785944382295561e-09,4.785960555957527e-09,4.785976727285838e-09,4.7859928962626475e-09,4.7860090629047325e-09,4.786025227189749e-09,4.786041389159542e-09,4.7860575487812726e-09,4.786073706041497e-09,4.786089860985942e-09,4.786106013583986e-09,4.7861221638553595e-09,4.786138311793811e-09,4.786154457394618e-09,4.7861706006820936e-09,4.786186741609283e-09,4.7862028801886595e-09,4.786219016441049e-09,4.7862351503525935e-09,4.786251281935798e-09,4.7862674111875324e-09,4.786283538103893e-09,4.7862996626867886e-09,4.78631578494391e-09,4.786331904868807e-09,4.786348022477574e-09,4.786364137742807e-09,4.786380250666637e-09,4.786396361257841e-09,4.786412469532175e-09,4.78642857546765e-09,4.786444679071422e-09,4.786460780348123e-09,4.786476879296416e-09,4.7864929759206555e-09,4.786509070224335e-09,4.786525162187619e-09,4.786541251796368e-09,4.7865573390923726e-09,4.786573424085134e-09,4.7865895067508335e-09,4.786605587084416e-09,4.78662166511602e-09,4.786637740809295e-09,4.786653814166827e-09,4.786669885205559e-09,4.786685953919691e-09,4.786702020310613e-09,4.786718084388853e-09,4.786734146133237e-09,4.786750205556885e-09,4.786766262656986e-09,4.786782317440723e-09,4.786798369910344e-09,4.786814420038043e-09,4.786830467869049e-09,4.786846513447425e-09,4.786862556650276e-09,4.786878597581158e-09,4.786894636127693e-09,4.786910672418703e-09,4.786926706330822e-09,4.786942737921805e-09,4.786958767196646e-09,4.7869747941602144e-09,4.786990818866623e-09,4.787006841257767e-09,4.787022861329475e-09,4.7870388791015086e-09,4.787054894446545e-09,4.787070907521825e-09,4.78708691828403e-09,4.7871029267331025e-09,4.787118932870255e-09,4.7871349366925575e-09,4.787150938205337e-09,4.787166937404927e-09,4.787182934290948e-09,4.787198928871762e-09,4.787214921143008e-09,4.787230911104367e-09,4.7872468987584675e-09,4.787262884104076e-09,4.787278867139033e-09,4.787294847868657e-09,4.7873108263195544e-09,4.7873268024237005e-09,4.787342776228763e-09,4.7873587477282604e-09,4.7873747168883675e-09,4.787390683775097e-09,4.787406648357312e-09,4.787422610647287e-09,4.787438570624802e-09,4.787454528294423e-09,4.787470483662869e-09,4.787486436725094e-09,4.787502387517067e-09,4.78751833598349e-09,4.787534282141448e-09,4.787550225996924e-09,4.787566167543817e-09,4.787582106796226e-09,4.787598043750904e-09,4.787613978402956e-09,4.787629910757069e-09,4.7876458408047816e-09,4.78766176855924e-09,4.78767769401154e-09,4.787693617169813e-09,4.78770953802896e-09,4.787725456596942e-09,4.7877413728588904e-09,4.787757286831391e-09,4.787773198508147e-09,4.787789107886561e-09,4.78780501496733e-09,4.7878209197603584e-09,4.7878368222501e-09,4.787852722450495e-09,4.787868620329846e-09,4.787884515893988e-09,4.787900409175602e-09,4.7879163002044015e-09,4.787932188917887e-09,4.787948075363318e-09,4.787963959513243e-09,4.787979841376463e-09,4.787995720950273e-09,4.7880115982974555e-09,4.788027473307205e-09,4.788043346009449e-09,4.788059216423577e-09,4.78807508455608e-09,4.788090950393095e-09,4.788106813959308e-09,4.7881226752295e-09,4.788138534207015e-09,4.788154390896711e-09,4.7881702452875075e-09,4.7881860973968785e-09,4.788201947228452e-09,4.788217794790535e-09,4.7882336400542645e-09,4.788249483035247e-09,4.788265323725683e-09,4.788281162144655e-09,4.788296998292567e-09,4.788312832176212e-09,4.788328663742854e-09,4.7883444929855905e-09,4.7883603199870554e-09,4.788376144705412e-09,4.788391967211261e-09,4.788407787371649e-09,4.78842360525428e-09,4.788439420857567e-09,4.788455234170025e-09,4.788471045287317e-09,4.7884868540668055e-09,4.788502660550636e-09,4.788518464805872e-09,4.788534266746133e-09,4.788550066403871e-09,4.788565863851187e-09,4.788581658959635e-09,4.788597451791784e-09,4.7886132424279e-09,4.788629030709691e-09,4.7886448167073295e-09,4.788660600534772e-09,4.78867638198532e-09,4.788692161173125e-09,4.788707938143057e-09,4.788723712788283e-09,4.788739485199778e-09,4.7887552553159925e-09,4.788771023137221e-09,4.788786788702646e-09,4.788802551991584e-09,4.788818313010863e-09,4.788834071760817e-09,4.788849828236427e-09,4.788865582449747e-09,4.788881334394198e-09,4.7888970840704455e-09,4.7889128314794875e-09,4.7889285766223e-09,4.788944319498446e-09,4.788960060107908e-09,4.788975798450971e-09,4.788991534528575e-09,4.789007268373001e-09,4.7890229998635415e-09,4.7890387291474665e-09,4.789054456199274e-09,4.789070180952629e-09,4.789085903402882e-09,4.789101623634005e-09,4.789117341602651e-09,4.789133057320911e-09,4.789148770772772e-09,4.7891644819592084e-09,4.7891801908809304e-09,4.789195897563306e-09,4.789211601966316e-09,4.789227304109662e-09,4.789243003957911e-09,4.789258701579996e-09,4.789274396946914e-09,4.789290090056154e-09,4.789305780906608e-09,4.7893214695308425e-09,4.789337155821492e-09,4.7893528399092914e-09,4.789368521734481e-09,4.789384201304261e-09,4.789399878618661e-09,4.789415553676519e-09,4.789431226497541e-09,4.78944689700792e-09,4.7894625653115144e-09,4.789478231404904e-09,4.789493895202281e-09,4.789509556738571e-09,4.789525216006084e-09,4.789540873042836e-09,4.789556527820907e-09,4.789572180350497e-09,4.789587830645023e-09,4.789603478696041e-09,4.789619124469864e-09,4.7896347680800874e-09,4.789650409362563e-09,4.789666048391075e-09,4.789681685177009e-09,4.78969731971556e-09,4.7897129520013425e-09,4.789728582131956e-09,4.789744209940952e-09,4.789759835503544e-09,4.789775458810574e-09,4.789791079870066e-09,4.789806698681427e-09,4.789822315251066e-09,4.789837929573853e-09,4.789853541645479e-09,4.789869151473877e-09,4.789884759071696e-09,4.789900364397588e-09,4.789915967508839e-09,4.789931568387822e-09,4.78994716701365e-09,4.78996276339839e-09,4.789978357551618e-09,4.789993949442396e-09,4.790009539122278e-09,4.7900251265501095e-09,4.7900407116984936e-09,4.790056294664883e-09,4.790071875373342e-09,4.790087453835666e-09,4.790103030068336e-09,4.790118604034258e-09,4.790134175792726e-09,4.7901497453155165e-09,4.790165312574059e-09,4.790180877623032e-09,4.790196440437671e-09,4.790212001019294e-09,4.79022755936638e-09,4.790243115378688e-09,4.790258669257019e-09,4.790274220907898e-09,4.7902897703204485e-09,4.790305317496082e-09,4.79032086251504e-09,4.790336405230529e-09,4.790351945703286e-09,4.790367483952127e-09,4.790383020047491e-09,4.790398553841081e-09,4.790414085403345e-09,4.790429614741672e-09,4.790445141845984e-09,4.790460666732822e-09,4.790476189378639e-09,4.790491709796924e-09,4.790507227986688e-09,4.790522744005794e-09,4.79053825773861e-09,4.790553769248383e-09,4.790569278528666e-09,4.790584785569039e-09,4.790600290409999e-09,4.790615793014454e-09,4.790631293406166e-09,4.790646791547713e-09,4.79066228748558e-09,4.790677781194115e-09,4.790693272679644e-09,4.790708761949176e-09,4.790724248993527e-09,4.790739733790002e-09,4.790755216386591e-09,4.790770696734927e-09,4.790786174890739e-09,4.790801650816702e-09,4.79081712450311e-09,4.790832596037107e-09,4.7908480653028695e-09,4.790863532337961e-09,4.790878997170235e-09,4.790894459786831e-09,4.790909920184123e-09,4.790925378370258e-09,4.790940834304522e-09,4.790956288046722e-09,4.7909717396064936e-09,4.7909871889105435e-09,4.791002636017699e-09,4.791018080907294e-09,4.791033523580924e-09,4.7910489640430515e-09,4.791064402321776e-09,4.7910798383454614e-09,4.791095272167621e-09,4.791110703754831e-09,4.791126133097865e-09,4.7911415602705956e-09,4.791156985259051e-09,4.791172408020012e-09,4.791187828616687e-09,4.791203246959828e-09,4.791218663088492e-09,4.791234077012818e-09,4.791249488721825e-09,4.7912648982298605e-09,4.791280305526505e-09,4.791295710611779e-09,4.791311113499782e-09,4.791326514176158e-09,4.791341912644484e-09,4.791357308966565e-09,4.7913727030216074e-09,4.791388094872739e-09,4.79140348452105e-09,4.791418871963435e-09,4.791434257199711e-09,4.79144964023002e-09,4.791465021058777e-09,4.791480399680906e-09,4.791495776100322e-09,4.791511150330578e-09,4.791526522353829e-09,4.79154189209567e-09,4.791557259693904e-09,4.791572625108572e-09,4.791587988318285e-09,4.791603349380222e-09,4.791618708179799e-09,4.7916340647853646e-09,4.791649419169981e-09,4.7916647713799634e-09,4.791680121390557e-09,4.791695469205442e-09,4.791710814823352e-09,4.791726158245705e-09,4.79174149946879e-09,4.791756838496673e-09,4.791772175326446e-09,4.791787509959254e-09,4.791802842399519e-09,4.791818172645706e-09,4.791833500695542e-09,4.791848826552122e-09,4.7918641502030444e-09,4.791879471670346e-09,4.7918947909453365e-09,4.791910108027081e-09,4.791925422917017e-09,4.791940735613882e-09,4.791956046120242e-09,4.7919713544446374e-09,4.791986660568925e-09,4.792001964501224e-09,4.792017266239931e-09,4.792032565802151e-09,4.792047863166882e-09,4.792063158343669e-09,4.7920784513319256e-09,4.792093742132337e-09,4.7921090307429136e-09,4.792124317166676e-09,4.792139601405002e-09,4.792154883455453e-09,4.792170163338227e-09,4.792185441016064e-09,4.792200716510934e-09,4.792215989820262e-09,4.792231260944297e-09,4.792246529882734e-09,4.7922617966356405e-09,4.7922770612065005e-09,4.792292323593953e-09,4.792307583798627e-09,4.792322841825362e-09,4.792338097666446e-09,4.792353351324215e-09,4.7923686028003414e-09,4.79238385209398e-09,4.792399099209334e-09,4.792414344145812e-09,4.792429586900557e-09,4.792444827474975e-09,4.792460065875632e-09,4.7924753020929615e-09,4.792490536135376e-09,4.792505767989731e-09,4.79252099767317e-09,4.792536225192689e-09,4.792551450498505e-09,4.792566673652111e-09,4.79258189462893e-09,4.79259711342913e-09,4.792612330042159e-09,4.7926275444943246e-09,4.7926427567569685e-09,4.792657966860354e-09,4.7926731747888985e-09,4.792688380543987e-09,4.7927035841494875e-09,4.792718785558467e-09,4.7927339847928915e-09,4.792749181859032e-09,4.792764376750154e-09,4.792779569472829e-09,4.792794760030384e-09,4.792809948409186e-09,4.79282513462453e-09,4.7928403186657895e-09,4.792855500561323e-09,4.792870680210369e-09,4.792885857768519e-09,4.792901033126751e-09,4.792916206314087e-09,4.792931377342565e-09,4.7929465462065305e-09,4.7929617129090415e-09,4.792976877438866e-09,4.792992039802975e-09,4.793007199973842e-09,4.7930223580068205e-09,4.793037513875664e-09,4.793052667578197e-09,4.7930678191382375e-09,4.793082968516902e-09,4.7930981158029425e-09,4.793113260855324e-09,4.793128403744051e-09,4.7931435444727805e-09,4.793158683037119e-09,4.7931738194641226e-09,4.793188953705887e-09,4.7932040857725075e-09,4.793219215693113e-09,4.793234343455852e-09,4.793249469057438e-09,4.793264592506161e-09,4.793279713789342e-09,4.793294832913896e-09,4.7933099498830175e-09,4.793325064691676e-09,4.793340177343426e-09,4.793355287821494e-09,4.793370396162184e-09,4.793385502346069e-09,4.7934006063722675e-09,4.793415708244216e-09,4.7934308079771655e-09,4.793445905538214e-09,4.793461000940758e-09,4.793476094149682e-09,4.79349118524676e-09,4.793506274192734e-09,4.793521360985745e-09,4.793536445626413e-09,4.7935515281129994e-09,4.793566608473104e-09,4.793581686661646e-09,4.793596762698797e-09,4.793611836582707e-09,4.793626908322302e-09,4.793641977906155e-09,4.793657045340513e-09
11,7.562153233973473e-25,1.0208150801244921e-24,1.2571554067652698e-24,1.4845779036110103e-24,1.705794070532758e-24,1.9224035853311352e-24,2.1355827700080808e-24,2.3462071716840627e-24,2.554928851195065e-24,2.7622334424661455e-24,2.968482630509343e-24,3.173945787066805e-24,3.378823531830928e-24,3.583265280106228e-24,3.7873823117625744e-24,3.9912575045845645e-24,4.1949525833673925e-24,4.3985135188180864e-24,4.6019745484888405e-24,4.80536117144326e-24,5.008692378590447e-24,5.2119823137686674e-24,5.415241510868024e-24,5.618477815204136e-24,5.8216970697211915e-24,6.024903626063687e-24,6.228100725201183e-24,6.431290780906495e-24,6.634475590882721e-24,6.837656494002962e-24,7.040834487418642e-24,7.244010313776791e-24,7.447184526178528e-24,7.650357536554151e-24,7.853529651699734e-24,8.056701100105089e-24,8.259872051943346e-24,8.463042633953712e-24,8.666212940527922e-24,8.869383041965442e-24,9.072552990624544e-24,9.275722825497599e-24,9.47889257562721e-24,9.682062262643024e-24,9.88523190265238e-24,1.0088401507653694e-23,1.0291571086581737e-23,1.0494740646091226e-23,1.0697910191138782e-23,1.0901079725415171e-23,1.1104249251669494e-23,1.1307418771949489e-23,1.1510588287779826e-23,1.171375780029513e-23,1.191692731034458e-23,1.2120096818554589e-23,1.2323266325395744e-23,1.2526435831217156e-23,1.2729605336280068e-23,1.2932774840775833e-23,1.3135944344851028e-23,1.3339113848612728e-23,1.354228335214055e-23,1.374545285549453e-23,1.3948622358719162e-23,1.4151791861846933e-23,1.4354961364902638e-23,1.4558130867905563e-23,1.476130037086829e-23,1.4964469873801084e-23,1.5167639376711538e-23,1.5370808879605927e-23,1.557397838248798e-23,1.577714788536088e-23,1.5980317388226618e-23,1.618348689108761e-23,1.638665639394531e-23,1.6589825896799825e-23,1.6792995399652204e-23,1.6996164902503085e-23,1.7199334405352596e-23,1.7402503908201364e-23,1.7605673411049132e-23,1.7808842913897315e-23,1.8012012416744584e-23,1.821518191959165e-23,1.8418351422438266e-23,1.8621520925285224e-23,1.88246904281316e-23,1.902785993097804e-23,1.9231029433824694e-23,1.943419893667099e-23,1.963736843951744e-23,1.9840537942364017e-23,2.0043707445210128e-23,2.0246876948056727e-23,2.045004645090298e-23,2.0653215953749208e-23,2.0856385456595622e-23,2.1059554959442165e-23,2.1262724462288314e-23,2.1465893965134454e-23,2.1669063467980595e-23,2.1872232970826864e-23,2.207540247367324e-23,2.227857197651916e-23,2.2481741479365653e-23,2.2684910982211564e-23,2.2888080485057884e-23,2.309124998790448e-23,2.3294419490750644e-23,2.3497588993597072e-23,2.3700758496443477e-23,2.390392799928979e-23,2.410709750213586e-23,2.4310267004981548e-23,2.451343650782884e-23,2.4716606010674717e-23,2.4919775513520895e-23,2.5122945016367244e-23,2.532611451921373e-23,2.5529284022060527e-23,2.5732453524906274e-23,2.593562302775235e-23,2.6138792530598555e-23,2.6341962033444836e-23,2.654513153629114e-23,2.6748301039137787e-23,2.6951470541983736e-23,2.71546400448297e-23,2.7357809547675835e-23,2.7560979050521825e-23,2.776414855336794e-23,2.796731805621417e-23,2.817048755906036e-23,2.8373657061906646e-23,2.857682656475288e-23,2.877999606759911e-23,2.898316557044523e-23,2.9186335073291725e-23,2.938950457613862e-23,2.9592674078984534e-23,2.9795843581830354e-23,2.9999013084676745e-23,3.0202182587522776e-23,3.040535209036922e-23,3.060852159321558e-23,3.081169109606205e-23,3.1014860598908225e-23,3.121803010175405e-23,3.142119960460096e-23,3.162436910744723e-23,3.182753861029316e-23,3.20307081131398e-23,3.2233877615985785e-23,3.243704711883175e-23,3.2640216621678524e-23,3.284338612452475e-23,3.304655562737106e-23,3.3249725130217383e-23,3.345289463306361e-23,3.36560641359097e-23,3.3859233638756136e-23,3.406240314160174e-23,3.426557264444853e-23,3.4468742147294514e-23,3.4671911650139693e-23,3.487508115298606e-23,3.507825065583238e-23,3.528142015867891e-23,3.5484589661525224e-23,3.568775916437145e-23,3.589092866721752e-23,3.609409817006406e-23,3.6297267672909945e-23,3.650043717575633e-23,3.6703606678602114e-23,3.690677618144849e-23,3.7109945684294935e-23,3.7313115187140714e-23,3.75162846899863e-23,3.7719454192832466e-23,3.792262369567863e-23,3.812579319852484e-23,3.8328962701371325e-23,3.853213220421692e-23,3.8735301707063524e-23,3.893847120990987e-23,3.914164071275629e-23,3.9344810215601507e-23,3.9547979718448326e-23,3.9751149221294746e-23,3.9954318724141083e-23,4.015748822698754e-23,4.036065772983296e-23,4.056382723267975e-23,4.076699673552579e-23,4.097016623837176e-23,4.1173335741217826e-23,4.1376505244064674e-23,4.157967474691029e-23,4.178284424975713e-23,4.1986013752602687e-23,4.21891832554496e-23,4.239235275829518e-23,4.259552226114189e-23,4.279869176398761e-23,4.300186126683396e-23,4.320503076967989e-23,4.3408200272526625e-23,4.361136977537307e-23,4.381453927821882e-23,4.401770878106508e-23,4.4220878283910916e-23,4.4424047786757336e-23,4.462721728960324e-23,4.4830386792449916e-23,4.5033556295296195e-23,4.5236725798142185e-23,4.543989530098786e-23,4.5643064803835365e-23,4.584623430668122e-23,4.604940380952733e-23,4.625257331237379e-23,4.6455742815220074e-23,4.6658912318066047e-23,4.686208182091254e-23,4.706525132375877e-23,4.726842082660455e-23,4.7471590329451043e-23,4.7674759832296617e-23,4.787792933514275e-23,4.808109883798903e-23,4.8284268340835493e-23,4.8487437843681384e-23,4.8690607346528174e-23,4.8893776849374135e-23,4.9096946352220937e-23,4.930011585506662e-23,4.9503285357912395e-23,4.9706454860758685e-23,4.990962436360537e-23,5.0112793866451406e-23,5.03159633692976e-23,5.0519132872143617e-23,5.0722302374990007e-23,5.092547187783684e-23,5.1128641380682276e-23,5.1331810883528255e-23,5.153498038637448e-23,5.173814988922128e-23,5.194131939206764e-23,5.2144488894914e-23,5.234765839776058e-23,5.255082790060605e-23,5.275399740345207e-23,5.295716690629846e-23,5.316033640914487e-23,5.336350591199075e-23,5.356667541483757e-23,5.376984491768407e-23,5.397301442052879e-23,5.41761839233757e-23,5.437935342622258e-23,5.458252292906835e-23,5.478569243191458e-23,5.498886193476045e-23,5.519203143760664e-23,5.539520094045353e-23,5.559837044329957e-23,5.5801539946146e-23,5.600470944899149e-23,5.620787895183741e-23,5.641104845468393e-23,5.661421795753056e-23,5.681738746037711e-23,5.702055696322302e-23,5.722372646606865e-23,5.742689596891528e-23,5.763006547176056e-23,5.783323497460759e-23,5.803640447745437e-23,5.82395739803004e-23,5.844274348314614e-23,5.864591298599187e-23,5.88490824888392e-23,5.905225199168473e-23,5.92554214945308e-23,5.945859099737728e-23,5.966176050022375e-23,5.986493000306993e-23,6.00680995059161e-23,6.027126900876235e-23,6.047443851160828e-23,6.067760801445449e-23,6.088077751730113e-23,6.108394702014752e-23,6.128711652299384e-23,6.14902860258394e-23,6.169345552868603e-23,6.189662503153232e-23,6.209979453437807e-23,6.23029640372238e-23,6.250613354006997e-23,6.270930304291637e-23,6.291247254576281e-23,6.311564204861007e-23,6.331881155145498e-23,6.352198105430118e-23,6.372515055714846e-23,6.392832005999511e-23,6.413148956284196e-23,6.433465906568724e-23,6.453782856853218e-23,6.474099807137884e-23,6.494416757422583e-23,6.514733707707132e-23,6.535050657991679e-23,6.555367608276336e-23,6.575684558561069e-23,6.596001508845576e-23,6.616318459130209e-23,6.636635409414849e-23,6.656952359699448e-23,6.677269309984092e-23,6.697586260268749e-23,6.717903210553411e-23,6.738220160837966e-23,6.758537111122559e-23,6.778854061407288e-23,6.799171011691844e-23,6.81948796197651e-23,6.839804912261073e-23,6.860121862545634e-23,6.880438812830292e-23,6.900755763115015e-23,6.921072713399603e-23,6.941389663684164e-23,6.961706613968763e-23,6.982023564253422e-23,7.00234051453798e-23,7.022657464822656e-23,7.042974415107257e-23,7.063291365391965e-23,7.083608315676591e-23,7.103925265961066e-23,7.124242216245692e-23,7.144559166530404e-23,7.164876116815031e-23,7.185193067099563e-23,7.205510017384355e-23,7.225826967668839e-23,7.246143917953449e-23,7.266460868238056e-23,7.286777818522821e-23,7.307094768807389e-23,7.327411719091961e-23,7.347728669376584e-23,7.368045619661274e-23,7.388362569945852e-23,7.40867952023045e-23,7.42899647051514e-23,7.449313420799687e-23,7.469630371084317e-23,7.48994732136891e-23,7.510264271653551e-23,7.530581221938231e-23,7.550898172222829e-23,7.571215122507524e-23,7.59153207279204e-23,7.61184902307676e-23,7.632165973361374e-23,7.652482923645897e-23,7.672799873930566e-23,7.693116824215108e-23,7.713433774499877e-23,7.73375072478438e-23,7.754067675069117e-23,7.77438462535377e-23,7.794701575638258e-23,7.815018525922937e-23,7.835335476207562e-23,7.855652426492108e-23,7.875969376776782e-23,7.896286327061483e-23,7.916603277345938e-23,7.936920227630626e-23,7.957237177915208e-23,7.977554128199922e-23,7.997871078484508e-23,8.018188028769121e-23,8.038504979053716e-23,8.058821929338325e-23,8.079138879623017e-23,8.099455829907601e-23,8.119772780192275e-23,8.140089730476804e-23,8.160406680761451e-23,8.180723631045962e-23,8.201040581330653e-23,8.221357531615296e-23,8.241674481899914e-23,8.261991432184586e-23,8.282308382469344e-23,8.302625332753876e-23,8.322942283038431e-23,8.343259233323204e-23,8.363576183607758e-23,8.383893133892314e-23,8.404210084177018e-23,8.424527034461627e-23,8.444843984746228e-23,8.465160935030875e-23,8.485477885315407e-23,8.505794835599973e-23,8.526111785884637e-23,8.546428736169155e-23,8.566745686453848e-23,8.587062636738491e-23,8.607379587023191e-23,8.627696537307759e-23,8.648013487592342e-23,8.668330437876995e-23,8.688647388161702e-23,8.708964338446348e-23,8.729281288730756e-23,8.749598239015443e-23,8.769915189300185e-23,8.790232139584808e-23,8.810549089869387e-23,8.830866040153974e-23,8.851182990438653e-23,8.871499940723328e-23,8.8918168910078e-23,8.912133841292358e-23,8.932450791577088e-23,8.952767741861627e-23,8.973084692146298e-23,8.993401642431034e-23,9.013718592715559e-23,9.03403554300017e-23,9.054352493284785e-23,9.074669443569465e-23,9.094986393854095e-23,9.115303344138764e-23,9.135620294423313e-23,9.155937244707915e-23,9.176254194992507e-23,9.196571145277056e-23,9.216888095561863e-23,9.237205045846267e-23,9.257521996130989e-23,9.277838946415584e-23,9.29815589670033e-23,9.318472846984849e-23,9.338789797269458e-23,9.359106747554167e-23,9.379423697838735e-23,9.399740648123347e-23,9.420057598408006e-23,9.440374548692705e-23,9.460691498977333e-23,9.481008449261997e-23,9.501325399546461e-23,9.521642349831129e-23,9.54195930011574e-23,9.562276250400403e-23,9.582593200685084e-23,9.602910150969598e-23,9.623227101254174e-23,9.643544051538837e-23,9.663861001823434e-23,9.684177952108008e-23,9.70449490239269e-23,9.724811852677262e-23,9.745128802961823e-23,9.765445753246563e-23,9.785762703531167e-23,9.806079653815813e-23,9.826396604100472e-23,9.846713554384976e-23,9.867030504669638e-23,9.887347454954291e-23,9.907664405238913e-23,9.927981355523632e-23,9.948298305808206e-23,9.968615256092729e-23,9.988932206377295e-23,1.0009249156661985e-22,1.0029566106946629e-22,1.004988305723132e-22,1.0070200007516058e-22,1.0090516957800609e-22,1.0110833908085162e-22,1.0131150858369621e-22,1.015146780865434e-22,1.01717847589391e-22,1.0192101709223643e-22,1.0212418659508223e-22,1.0232735609792783e-22,1.0253052560077448e-22,1.0273369510362063e-22,1.0293686460646742e-22,1.0314003410931474e-22,1.0334320361215975e-22,1.0354637311500531e-22,1.037495426178513e-22,1.0395271212069894e-22,1.0415588162354435e-22,1.043590511263899e-22,1.0456222062923655e-22,1.0476539013208354e-22,1.0496855963492867e-22,1.051717291377766e-22,1.0537489864062304e-22,1.0557806814346768e-22,1.057812376463131e-22,1.0598440714916034e-22,1.061875766520065e-22,1.0639074615485314e-22,1.0659391565769974e-22,1.067970851605461e-22,1.0700025466339144e-22,1.072034241662372e-22,1.0740659366908516e-22,1.0760976317193083e-22,1.0781293267477844e-22,1.0801610217762433e-22,1.0821927168046868e-22,1.0842244118331434e-22,1.086256106861609e-22,1.0882878018900874e-22,1.0903194969185382e-22,1.0923511919470037e-22,1.0943828869754472e-22,1.09641458200391e-22,1.0984462770323858e-22,1.100477972060844e-22,1.1025096670893091e-22,1.1045413621177582e-22,1.1065730571462235e-22,1.1086047521746902e-22,1.1106364472031593e-22,1.1126681422316183e-22,1.114699837260081e-22,1.1167315322885543e-22,1.118763227317e-22,1.1207949223454715e-22,1.1228266173739258e-22,1.1248583124023956e-22,1.126890007430859e-22,1.1289217024593222e-22,1.130953397487775e-22,1.132985092516232e-22,1.1350167875446984e-22,1.1370484825731708e-22,1.1390801776016239e-22,1.1411118726300873e-22,1.1431435676585425e-22,1.1451752626870189e-22,1.1472069577154752e-22,1.1492386527439415e-22,1.151270347772398e-22,1.153302042800877e-22,1.1553337378293292e-22,1.1573654328577938e-22,1.1593971278862415e-22,1.1614288229147075e-22,1.1634605179431763e-22,1.1654922129716367e-22,1.167523908000091e-22,1.1695556030285556e-22,1.1715872980570284e-22,1.1736189930854883e-22,1.175650688113946e-22,1.177682383142422e-22,1.1797140781708732e-22,1.181745773199341e-22,1.1837774682277935e-22,1.185809163256261e-22,1.1878408582847262e-22,1.1898725533131814e-22,1.1919042483416272e-22,1.1939359433701137e-22,1.1959676383985675e-22,1.1979993334270236e-22,1.20003102845549e-22,1.2020627234839562e-22,1.2040944185124125e-22,1.206126113540873e-22,1.208157808569337e-22,1.21018950359781e-22,1.2122211986262703e-22,1.2142528936547358e-22,1.2162845886831908e-22,1.218316283711643e-22,1.2203479787401054e-22,1.2223796737685938e-22,1.2244113687970389e-22,1.226443063825512e-22,1.228474758853954e-22,1.23050645388242e-22,1.2325381489108735e-22,1.2345698439393436e-22,1.2366015389678218e-22,1.2386332339962728e-22,1.240664929024728e-22,1.2426966240532046e-22,1.2447283190816666e-22,1.2467600141101206e-22,1.248791709138591e-22,1.2508234041670508e-22,1.2528550991954985e-22,1.2548867942239748e-22,1.2569184892524462e-22,1.258950184280891e-22,1.260981879309349e-22,1.263013574337821e-22,1.2650452693663002e-22,1.267076964394748e-22,1.2691086594232153e-22,1.271140354451679e-22,1.2731720494801288e-22,1.2752037445085953e-22,1.2772354395370427e-22,1.2792671345655167e-22,1.2812988295939818e-22,1.283330524622446e-22,1.2853622196508955e-22,1.2873939146793592e-22,1.289425609707812e-22,1.2914573047362933e-22,1.2934889997647497e-22,1.2955206947932035e-22,1.297552389821672e-22,1.2995840848501388e-22,1.301615779878598e-22,1.3036474749070544e-22,1.305679169935524e-22,1.3077108649639716e-22,1.309742559992441e-22,1.3117742550209086e-22,1.3138059500493685e-22,1.3158376450778404e-22,1.3178693401063052e-22,1.3199010351347482e-22,1.32193273016321e-22,1.323964425191688e-22,1.3259961202201498e-22,1.3280278152486033e-22,1.330059510277092e-22,1.3320912053055514e-22,1.334122900333993e-22,1.3361545953624505e-22,1.3381862903908986e-22,1.3402179854193663e-22,1.3422496804478384e-22,1.344281375476294e-22,1.3463130705047714e-22,1.3483447655332118e-22,1.3503764605616957e-22,1.3524081555901492e-22,1.3544398506185995e-22,1.3564715456470716e-22,1.3585032406755297e-22,1.3605349357040154e-22,1.3625666307324525e-22,1.3645983257609244e-22,1.3666300207893987e-22,1.3686617158178612e-22,1.3706934108463044e-22,1.3727251058747546e-22,1.374756800903224e-22,1.3767884959316942e-22,1.3788201909601428e-22,1.380851885988602e-22,1.3828835810171014e-22,1.3849152760455376e-22,1.3869469710740008e-22,1.3889786661024612e-22,1.391010361130931e-22,1.3930420561594047e-22,1.395073751187845e-22,1.397105446216304e-22,1.3991371412447616e-22,1.4011688362732551e-22,1.4032005313017113e-22,1.405232226330179e-22,1.407263921358643e-22,1.4092956163871004e-22,1.4113273114155568e-22,1.413359006444017e-22,1.4153907014724773e-22,1.417422396500938e-22,1.419454091529406e-22,1.4214857865578655e-22,1.4235174815863167e-22,1.4255491766147905e-22,1.4275808716432527e-22,1.4296125666716976e-22,1.4316442617001655e-22,1.433675956728638e-22,1.435707651757084e-22,1.4377393467855765e-22,1.4397710418140347e-22,1.441802736842474e-22,1.443834431870954e-22,1.4458661268994175e-22,1.4478978219278675e-22,1.4499295169563448e-22,1.4519612119847972e-22,1.4539929070132729e-22,1.4560246020417396e-22,1.4580562970701917e-22,1.4600879920986274e-22,1.462119687127107e-22,1.4641513821555773e-22,1.4661830771840354e-22,1.4682147722124924e-22,1.4702464672409552e-22,1.4722781622694057e-22,1.47430985729789e-22,1.476341552326335e-22,1.478373247354811e-22,1.4804049423832735e-22,1.482436637411735e-22,1.4844683324401834e-22,1.486500027468654e-22,1.4885317224971094e-22,1.4905634175255984e-22,1.4925951125540256e-22,1.4946268075825142e-22,1.4966585026109589e-22,1.4986901976394157e-22,1.500721892667896e-22,1.5027535876963614e-22,1.5047852827248222e-22,1.5068169777532636e-22,1.5088486727817397e-22,1.5108803678101996e-22,1.5129120628386477e-22,1.5149437578671335e-22,1.5169754528955741e-22,1.5190071479240477e-22,1.5210388429525184e-22,1.5230705379809811e-22,1.5251022330094319e-22,1.5271339280378875e-22,1.5291656230663416e-22,1.531197318094815e-22,1.533229013123291e-22,1.5352607081517572e-22,1.5372924031801892e-22,1.539324098208672e-22,1.5413557932371156e-22,1.543387488265593e-22,1.5454191832940666e-22,1.5474508783225132e-22,1.549482573350991e-22,1.551514268379437e-22,1.553545963407908e-22,1.5555776584363702e-22,1.5576093534648268e-22,1.5596410484932773e-22,1.561672743521749e-22,1.5637044385502222e-22,1.5657361335786854e-22,1.56776782860715e-22,1.5697995236356107e-22,1.5718312186640673e-22,1.573862913692512e-22,1.5758946087209744e-22,1.5779263037494613e-22,1.5799579987779e-22,1.5819896938063786e-22,1.5840213888348277e-22,1.5860530838632798e-22,1.588084778891757e-22,1.5901164739201958e-22,1.5921481689486955e-22,1.5941798639771197e-22,1.596211559005606e-22,1.598243254034056e-22,1.6002749490625236e-22,1.6023066440909917e-22,1.6043383391194678e-22,1.6063700341479134e-22,1.608401729176394e-22,1.6104334242048443e-22,1.612465119233301e-22,1.6144968142617775e-22,1.6165285092902202e-22,1.6185602043186914e-22,1.6205918993471506e-22,1.6226235943756035e-22,1.6246552894040728e-22,1.6266869844325235e-22,1.628718679461015e-22,1.630750374489469e-22,1.6327820695179209e-22,1.6348137645463798e-22,1.6368454595748672e-22,1.6388771546033135e-22,1.6409088496317692e-22,1.6429405446602227e-22,1.64497223968869e-22,1.6470039347171642e-22,1.6490356297456156e-22,1.6510673247740767e-22,1.6530990198025561e-22,1.6551307148309993e-22,1.6571624098594736e-22,1.6591941048879483e-22,1.6612257999164178e-22,1.6632574949448723e-22,1.6652891899733285e-22,1.6673208850018048e-22,1.669352580030242e-22,1.6713842750586913e-22,1.6734159700871622e-22,1.6754476651156172e-22,1.6774793601440816e-22,1.679511055172553e-22,1.6815427502010362e-22,1.6835744452294719e-22,1.6856061402579322e-22,1.687637835286403e-22,1.68966953031487e-22,1.6917012253433315e-22,1.693732920371815e-22,1.6957646154002522e-22,1.6977963104287312e-22,1.6998280054571774e-22,1.7018597004856406e-22,1.7038913955140923e-22,1.7059230905425705e-22,1.7079547855710274e-22,1.709986480599484e-22,1.712018175627941e-22,1.7140498706564245e-22,1.716081565684882e-22,1.7181132607133335e-22,1.7201449557418087e-22,1.7221766507702728e-22,1.7242083457987043e-22,1.726240040827173e-22,1.7282717358556478e-22,1.7303034308841028e-22,1.7323351259125545e-22,1.734366820941025e-22,1.736398515969519e-22,1.7384302109979535e-22,1.7404619060264087e-22,1.7424936010548916e-22,1.7445252960833553e-22,1.7465569911118044e-22,1.7485886861402622e-22,1.7506203811687345e-22,1.752652076197206e-22,1.7546837712256562e-22,1.75671546625413e-22,1.7587471612825716e-22,1.7607788563110465e-22,1.7628105513394904e-22,1.7648422463679654e-22,1.766873941396422e-22,1.7689056364249115e-22,1.770937331453344e-22,1.7729690264817926e-22,1.775000721510271e-22,1.777032416538731e-22,1.7790641115671885e-22,1.7810958065956529e-22,1.78312750162414e-22,1.7851591966525858e-22,1.7871908916810436e-22,1.7892225867094873e-22,1.791254281737968e-22,1.793285976766458e-22,1.795317671794884e-22,1.7973493668233624e-22,1.799381061851831e-22,1.8014127568802656e-22,1.8034444519087527e-22,1.805476146937197e-22,1.807507841965657e-22,1.8095395369941118e-22,1.8115712320225966e-22,1.8136029270510593e-22,1.8156346220795336e-22,1.8176663171079676e-22,1.8196980121364372e-22,1.8217297071649053e-22,1.8237614021933563e-22,1.8257930972218136e-22,1.8278247922502692e-22,1.8298564872787564e-22,1.8318881823072145e-22,1.833919877335651e-22,1.8359515723641183e-22,1.8379832673925892e-22,1.8400149624210816e-22,1.842046657449535e-22,1.8440783524780075e-22,1.8461100475064498e-22,1.84814174253492e-22,1.8501734375633978e-22,1.8522051325918417e-22,1.8542368276202866e-22,1.8562685226487648e-22,1.858300217677209e-22,1.8603319127056773e-22,1.8623636077341342e-22,1.864395302762596e-22,1.866426997791081e-22,1.8684586928195181e-22,1.8704903878480006e-22,1.8725220828764403e-22,1.8745537779049216e-22,1.8765854729333857e-22,1.8786171679618586e-22,1.8806488629903013e-22,1.8826805580187377e-22,1.8847122530472303e-22,1.8867439480756958e-22,1.888775643104159e-22,1.890807338132606e-22,1.8928390331610697e-22,1.8948707281895134e-22,1.896902423218008e-22,1.8989341182464724e-22,1.9009658132749234e-22,1.9029975083033972e-22,1.9050292033318583e-22,1.907060898360344e-22,1.9090925933887705e-22,1.9111242884172399e-22,1.913155983445722e-22,1.91518767847415e-22,1.9172193735026412e-22,1.9192510685311013e-22,1.921282763559546e-22,1.9233144585880157e-22,1.9253461536164681e-22,1.927377848644918e-22,1.9294095436733985e-22,1.9314412387018617e-22,1.9334729337303099e-22,1.9355046287587808e-22,1.93753632378724e-22,1.939568018815723e-22,1.9415997138441812e-22,1.943631408872641e-22,1.945663103901082e-22,1.9476947989295247e-22,1.9497264939580366e-22,1.951758188986474e-22,1.9537898840149244e-22,1.9558215790434144e-22,1.957853274071857e-22,1.9598849691003225e-22,1.9619166641287742e-22,1.963948359157238e-22,1.9659800541857046e-22,1.9680117492141692e-22,1.9700434442426636e-22,1.972075139271109e-22,1.9741068342995698e-22,1.9761385293280245e-22,1.978170224356497e-22,1.9802019193849695e-22,1.9822336144134195e-22,1.984265309441867e-22,1.9862970044703328e-22,1.988328699498807e-22,1.9903603945272683e-22,1.9923920895557266e-22,1.9944237845841978e-22,1.9964554796126546e-22,1.9984871746411465e-22,2.0005188696695836e-22,2.0025505646980405e-22,2.0045822597264797e-22,2.0066139547549704e-22,2.0086456497834176e-22,2.0106773448118544e-22,2.0127090398403259e-22,2.0147407348688079e-22,2.0167724298972605e-22,2.0188041249257336e-22,2.0208358199541768e-22,2.0228675149826444e-22,2.0248992100111015e-22,2.026930905039557e-22,2.0289626000680347e-22,2.0309942950965073e-22,2.0330259901249545e-22,2.0350576851534347e-22,2.0370893801818758e-22,2.039121075210358e-22,8.387608765002081e-15,1.0206877729578788e-14,1.1846330453872945e-14,1.3538524243108313e-14,1.5295591904644394e-14,1.7121975655168847e-14,1.9022068886303308e-14,2.1000505893398026e-14,2.3062189120166332e-14,2.521230835914194e-14,2.7456361162250493e-14,2.9800174922371653e-14,3.224993078391954e-14,3.4812189543039796e-14,3.749391971327377e-14,4.0302527952555155e-14,4.324589206430545e-14,4.63323968100314e-14,4.9570972794517043e-14,5.2971138712787265e-14,5.654304727775292e-14,6.029753518327874e-14,6.424617749425115e-14,6.84013468989041e-14,7.277627830650792e-14,7.738513932588585e-14,8.224310722445825e-14,8.736645302845422e-14,9.277263350870822e-14,9.848039187397058e-14,1.0450986809637605e-13,1.1088271990222677e-13,1.1762225557612217e-13,1.247535798776019e-13,1.3230375451154348e-13,1.403019747883632e-13,1.4877976429894371e-13,1.577711896637034e-13,1.6731309767684613e-13,1.7744537746634115e-13,1.8821125062111745e-13,1.9965759264178013e-13,2.1183528949701091e-13,2.2479963358957747e-13,2.3861076401713564e-13,2.533341566819929e-13,2.690411705835817e-13,2.858096575142395e-13,3.0372464341249375e-13,3.2287909081803955e-13,3.433747532599577e-13,3.6532313401497256e-13,3.8884656351678106e-13,4.1407941191672993e-13,4.4116945578783885e-13,4.702794209646313e-13,5.015887269729948e-13,5.352954625988125e-13,5.716186269484324e-13,6.108006760099844e-13,6.531104214289711e-13,6.988463361332223e-13,7.483403308341024e-13,8.01962076621414e-13,8.601239622050273e-13,9.232867902245703e-13,9.91966336199119e-13,1.0667409164977113e-12,1.1482601392772742e-12,1.237255045604361e-12,1.3345498880958265e-12,1.4410758433010903e-12,1.5578870130213369e-12,1.6861791425636765e-12,1.8273115718268373e-12,1.9828330437912608e-12,2.1545121282588455e-12,2.3443731830589637e-12,2.5547389784409008e-12,2.788281362631687e-12,3.0480816607998557e-12,3.3377028916630658e-12,3.661276377087848e-12,4.02360593646769e-12,4.430293635686556e-12,4.887892040627625e-12,5.404089173787316e-12,5.987933952834245e-12,6.6501119137793856e-12,7.40328360581223e-12,8.26250136684617e-12,9.245724466041298e-12,1.0374458128395809e-11,1.1674549128375582e-11,1.31771799808647e-11,1.4920115978986715e-11,1.6949275417369955e-11,1.9320714662029172e-11,2.210314827922536e-11,2.538116315194994e-11,2.925933895384573e-11,3.386756285027151e-11,3.936793616072828e-11,4.596383642587499e-11,5.391195848694044e-11,6.353858394920098e-11,7.526205285858282e-11,8.962468606061335e-11,1.0733970937540633e-10,1.2936297366457444e-10,1.5700720418975794e-10,1.9213158898106828e-10,2.374687001733996e-10,2.972089240026587e-10,3.780838507201663e-10,4.91458545882477e-10,6.575811722845487e-10,9.14778903909867e-10,1.3409513217892581e-09,2.108481845134036e-09,3.6388605920919926e-09,7.084326729655185e-09,1.5990052793215514e-08,4.2652035193825694e-08,1.3439553374103086e-07,4.799298425099854e-07,1.7541524105323314e-06,5.830503636375545e-06,1.6434415627618272e-05,3.863035902559137e-05,7.669142242491752e-05,0.00013135778241929268,0.00019781896646359077,0.00026627444448193774,0.00032591110291387763,0.0003693934199215072,0.00039453627727428314,0.00040314499913850704,0.0003989262969904094,0.00038585451770037935,0.00036732800015839727,0.0003459138361716381,0.0003233980542285356,0.0003009454649938475,0.0002792694679427671,0.00025877363539184353,0.0002396574158371646,0.00022199032003089033,0.00020576203000786144,0.0001909153817408227,0.000177367654069344,0.0001650240690479423,0.0001537861849392958,0.00014355697470230488,0.00013424377103709057,0.00012575984918311998,0.00011802514897379911,0.00011096646147690829,0.00010451729100651954,9.861752851511707e-05,9.321302400997094e-05,8.825511372340153e-05,8.370013720834629e-05,7.950896567586276e-05,7.564655424181191e-05,7.208152483701306e-05,6.878578271308318e-05,6.573416738539067e-05,6.290413694395365e-05,6.027548419493718e-05,5.783008236579698e-05,5.555165799975494e-05,5.342558858050869e-05,5.143872248785745e-05,4.9579219016397745e-05,4.783640633187434e-05,4.620065542018058e-05,4.466326825105317e-05,4.3216378569971745e-05,4.185286387052728e-05,4.0566267260153506e-05,3.935072810678902e-05,3.820092040569091e-05,3.711199801635859e-05,3.607954594761556e-05,3.50995369993864e-05,3.416829313771355e-05,3.32824510607937e-05,3.2438931473851756e-05,3.163491165068469e-05,3.0867800900800264e-05,3.013521862354447e-05,2.9434974648916902e-05,2.8765051615038046e-05,2.8123589150849456e-05,2.7508869667882045e-05,2.691930558435481e-05,2.635342782454093e-05,2.5809875454845725e-05,2.5287386334564966e-05,2.4784788678733905e-05,2.430099342401172e-05,2.3834987330179557e-05,2.3385826722127504e-05,2.2952631823711487e-05,2.253458161336458e-05,2.2130909145250026e-05,2.1740897301983538e-05,2.1363874917790305e-05,2.0999213261475655e-05,2.064632280679981e-05,2.0304650300458655e-05,1.9973676075288702e-05,1.9652911594406997e-05,1.9341897201148275e-05,1.904020005225958e-05,1.8747412231143367e-05,1.8463149001198996e-05,1.8318410455572176e-05,1.8046823533559997e-05,1.7782593921515328e-05,1.752560881240223e-05,1.727563157649281e-05,1.7032398507922894e-05,1.679564771299438e-05,1.6565127213597354e-05,1.6340596798219194e-05,1.6121828052473358e-05,1.590860384701774e-05,1.570071773033898e-05,1.54979732913975e-05,1.5300183576226163e-05,1.510717052859562e-05,1.4918764473588137e-05,1.4734803632006013e-05,1.4555133669046837e-05,1.4379607275477157e-05,1.4208083773948672e-05,1.4040428751283496e-05,1.38765137170752e-05,1.3716215782030602e-05,1.3559417356030805e-05,1.3406005871911354e-05,1.3255873514912818e-05,1.31089169798588e-05,1.2965037237243435e-05,1.282413931622857e-05,1.2686132097590048e-05,1.2550928125647179e-05,1.2418443434768694e-05,1.228859733194226e-05,1.2161312301025746e-05,1.203651381847709e-05,1.191413021201788e-05,1.1794092527460909e-05,1.167633440340969e-05,1.1560791947369917e-05,1.144740362499529e-05,1.1336110150880118e-05,1.1226854391964075e-05,1.1119581262823411e-05,1.1014237641442443e-05,1.0910772280995812e-05,1.0809135726957125e-05,1.0709280240707705e-05,1.0611159725547307e-05,1.0514729657215512e-05,1.0419947018344776e-05,1.0326770232300406e-05,1.0235159107095135e-05,1.014507477554875e-05,1.0056479645739545e-05,9.969337343585104e-06,9.883612667043653e-06,9.799271539956765e-06,9.716280964899678e-06,9.634608984298852e-06,9.554224636884256e-06,9.475097920543766e-06,9.397199756406203e-06,9.320501950355972e-06,9.24497716609787e-06,9.170598887206877e-06,9.09734138719232e-06,9.025179701684811e-06,8.954089600949655e-06,8.884047562732974e-06,8.815030745684857e-06,8.747016965850077e-06,8.67998467371938e-06,8.61391293022224e-06,8.548781386883195e-06,8.484570263942449e-06,8.421260331448521e-06,8.358832887507791e-06,8.297269750454667e-06,8.236553226659911e-06,8.176666100899757e-06,8.117591623693258e-06,8.059313489629648e-06,8.001815826230124e-06,7.945083180084912e-06,7.889100504492548e-06,7.833853138371549e-06,7.779326801507721e-06,7.725507580997806e-06,7.672381918401466e-06,7.619936598446361e-06,7.568158739147127e-06,7.517035780795287e-06,7.4665554746969614e-06,7.4167058786894315e-06,7.367475340531511e-06,7.318852492452695e-06,7.270826247167651e-06,7.2233857775106005e-06,7.176520521526023e-06,7.130220167766572e-06,7.0844746488352965e-06,7.039274135620748e-06,6.99460902640395e-06,6.9504699468433295e-06,6.906847737272285e-06,6.8637334496735595e-06,6.821118340952777e-06,6.7789938667839055e-06,6.737351677591413e-06,6.696183609057817e-06,6.655481681514765e-06,6.6152380923850784e-06,6.575445212932618e-06,6.5360955808454656e-06,6.497181898706178e-06,6.458697026498861e-06,6.420633979978371e-06,6.38298592500708e-06,6.3457461740943045e-06,6.308908182236779e-06,6.27246554364924e-06,6.23641198837269e-06,6.200741373520423e-06,6.165447689833328e-06,6.1305250507346935e-06,6.095967691883595e-06,6.061769967020899e-06,6.027926346033043e-06,5.994431408371054e-06,5.961279847138587e-06,5.928466460443101e-06,5.89598615156413e-06,5.863833924286564e-06,5.832004882468793e-06,5.800494226367337e-06,5.7692972506290015e-06,5.738409341884567e-06,5.7078259765247505e-06,5.6775427186582145e-06,5.647555217910198e-06,5.617859207325443e-06,5.5884505017185735e-06,5.559324995011021e-06,5.530478658905804e-06,5.501907541007838e-06,5.473607763149486e-06,5.445575519186211e-06,5.417807073617261e-06,5.390298760354263e-06,5.3630469801929625e-06,5.336048200991705e-06,5.309298953831319e-06,5.282795833194548e-06,5.25653549482475e-06,5.230514655009994e-06,5.20473008879679e-06,5.1791786284346536e-06,5.153857162169725e-06,5.128762634274879e-06,5.1038920417834705e-06,5.079242434831104e-06,5.054810914704925e-06,5.030594633233005e-06,5.006590791541381e-06,4.9827966367086126e-06,4.959209468829491e-06,4.93582662851315e-06,4.912645503516955e-06,4.889663525834143e-06,4.8668781705687e-06,4.844286955181241e-06,4.821887438964217e-06,4.799677221549071e-06,4.777653942152524e-06,4.755815279804746e-06,4.734158950516798e-06,4.7126827085670455e-06,4.691384344794181e-06,4.670261686432792e-06,4.649312592893874e-06,4.62853496235192e-06,4.607926724374438e-06,4.587485841451338e-06,4.567210309072743e-06,4.547098154671813e-06,4.527147436380658e-06,4.507356244263991e-06,4.487722696526308e-06,4.468244941450633e-06,4.4489211560666665e-06,4.429749545709456e-06,4.410728343467589e-06,4.391855809531305e-06,4.373130230492433e-06,4.354549920335155e-06,4.336113216229406e-06,4.3178184825248795e-06,4.299664108389781e-06,4.281648505352652e-06,4.263770110291489e-06,4.246027383117519e-06,4.228418806497051e-06,4.210942885532817e-06,4.193598147451278e-06,4.176383141098437e-06,4.159296437319824e-06,4.142336625205456e-06,4.125502317738594e-06,4.1087921461657225e-06,4.092204761777815e-06,4.075738835312027e-06,4.059393056559587e-06,4.043166134035784e-06,4.027056794502443e-06,4.011063782964227e-06,3.995185861969632e-06,3.97942181146606e-06,3.9637704296588886e-06,3.948230529754938e-06,3.9328009425749805e-06,3.917480515120265e-06,3.902268109835861e-06,3.8871626054283865e-06,3.872162896200759e-06,3.857267890046058e-06,3.842476511532741e-06,3.827787698961352e-06,3.8132004054000234e-06,3.798713597430493e-06,3.7843262577966974e-06,3.770037379379469e-06,3.7558459716907567e-06,3.741751055563016e-06,3.727751665517747e-06,3.7138468484912444e-06,3.7000356643407016e-06,3.686317185191203e-06,3.6726904953492816e-06,3.659154691303767e-06,3.645708881059439e-06,3.6323521842340525e-06,3.619083731891245e-06,3.6059026663135612e-06,3.5928081408206458e-06,3.5797993195904016e-06,3.5668753774403263e-06,3.5540354998569643e-06,3.5412788824152403e-06,3.528604731323344e-06,3.5160122622349433e-06,3.50350070070194e-06,3.491069283046022e-06,3.478717253791373e-06,3.4664438675942867e-06,3.4542483882619526e-06,3.44213008844573e-06,3.4300882503846524e-06,3.4181221646120794e-06,3.4062311304354933e-06,3.3944144561280925e-06,3.382671458279515e-06,3.3710014613225274e-06,3.359403798285842e-06,3.347877810071614e-06,3.336422845415301e-06,3.3250382613723643e-06,3.3137234226532583e-06,3.3024777015767977e-06,3.2913004776527364e-06,3.2801911376277606e-06,3.269149075022728e-06,3.2581736918691544e-06,3.247264397061267e-06,3.236420605632153e-06,3.225641739867563e-06,3.2149272283099357e-06,3.2042765068203286e-06,3.1936890175609047e-06,3.183164209148861e-06,3.1727015365263588e-06,3.1623004607953353e-06,3.1519604497857963e-06,3.1416809769368607e-06,3.1314615215620073e-06,3.1213015692189616e-06,3.1112006112018773e-06,3.1011581445602893e-06,3.0911736720180256e-06,3.0812467018935805e-06,3.0713767480217665e-06,3.061563329446132e-06,3.051805970993149e-06,3.042104202458719e-06,3.0324575598569475e-06,3.0228655824885074e-06,3.0133278157084984e-06,3.003843810304966e-06,2.9944131216812374e-06,2.985035309269932e-06,2.975709938946256e-06,2.966436579893208e-06,2.9572148069544418e-06,2.9480441985029178e-06,2.9389243380762024e-06,2.9298548137642715e-06,2.920835218542948e-06,2.9118651488272456e-06,2.902944205763195e-06,2.894071994895704e-06,2.8852481253327517e-06,2.8764722110416e-06,2.8677438697090846e-06,2.859062723223483e-06,2.85042839736368e-06,2.8418405219824968e-06,2.833298730510809e-06,2.8248026602042382e-06,2.8163519524497017e-06,2.8079462520896537e-06,2.7995852077594142e-06,2.791268471605051e-06,2.7829956993196173e-06,2.7747665506241554e-06,2.7665806878063748e-06,2.758437777746598e-06,2.7503374898591037e-06,2.742279497158552e-06,2.7342634760987842e-06,2.7262891062158025e-06,2.7183560702418357e-06,2.7104640543656234e-06,2.70261274780519e-06,2.6948018428397444e-06,2.687031034930385e-06,2.679300022536849e-06,2.6716085070938525e-06,2.663956192965802e-06,2.656342787687334e-06,2.648768001079209e-06,2.641231546499591e-06,2.6337331397413337e-06,2.626272499520575e-06,2.618849347248708e-06,2.611463407095312e-06,2.604114405875522e-06,2.5968020730518525e-06,2.589526141227055e-06,2.5822863440458383e-06,2.5750824193170427e-06,2.5679141068943615e-06,2.560781148967006e-06,2.5536832902712085e-06,2.546620277989222e-06,2.539591861691306e-06,2.5325977933406454e-06,2.525637827249051e-06,2.5187117200515922e-06,2.5118192306822905e-06,2.5049601203000736e-06,2.4981341524200734e-06,2.4913410926800156e-06,2.4845807087087165e-06,2.4778527709965394e-06,2.471157051405706e-06,2.4644933241628813e-06,2.457861365612262e-06,2.4512609544441305e-06,2.4446918709804788e-06,2.438153897628934e-06,2.4316468190287375e-06,2.42517042153003e-06,2.418724493548593e-06,2.412308825552904e-06,2.405923209682628e-06,2.3995674400434565e-06,2.3932413127186454e-06,2.3869446254837697e-06,2.380677178115052e-06,2.3744387718296567e-06,2.3682292100811067e-06,2.3620482978730057e-06,2.355895841881143e-06,2.3497716506703637e-06,2.343675534299554e-06,2.3376073046825227e-06,2.33156677545592e-06,2.3255537616388883e-06,2.31956808014136e-06,2.3136095493447657e-06,2.307677989583161e-06,2.3017732218570507e-06,2.2958950695975713e-06,2.2900433574890693e-06,2.28421791171973e-06,2.278418559989362e-06,2.2726451316754325e-06,2.2668974574170077e-06,2.2611753692281953e-06,2.2554787011445826e-06,2.249807287606899e-06,2.244160965069814e-06,2.238539571925575e-06,2.2329429471477614e-06,2.2273709314784815e-06,2.2218233667525933e-06,2.216300095762899e-06,2.210800963975908e-06,2.205325817151256e-06,2.1998745023533075e-06,2.1944468678018975e-06,2.189042763609098e-06,2.1836620408134984e-06,2.178304551766849e-06,2.1729701498833e-06,2.167658689931975e-06,2.162370027999497e-06,2.1571040210722597e-06,2.1518605273901202e-06,2.1466394068869294e-06,2.141440520029645e-06,2.1362637285760166e-06,2.1311088955182465e-06,2.1259758848838605e-06,2.1208645617315523e-06,2.115774792554358e-06,2.110706444683415e-06,2.1056593865501317e-06,2.100633487658505e-06,2.0956286184444104e-06,2.09064465077761e-06,2.0856814571771266e-06,2.0807389114183242e-06,2.075816887840672e-06,2.0709152626071287e-06,2.0660339124492146e-06,2.0611727145087748e-06,2.0563315477325767e-06,2.051510291727697e-06,2.046708827064557e-06,2.04192703501247e-06,2.0371647982733165e-06,2.0324220002263865e-06,2.027698525170817e-06,2.0229942583167603e-06,2.018309085769279e-06,2.013642894528581e-06,2.0089955724835387e-06,2.0043670083845517e-06,1.9997570918614856e-06,1.9951657136799955e-06,1.9905927648840035e-06,1.9860381376479945e-06,1.9815017249722675e-06,1.9769834206908903e-06,1.9724831194518667e-06,1.968000716711984e-06,1.9635361081567625e-06,1.9590891919754786e-06,1.954659865497853e-06,1.950248027225102e-06,1.9458535765971286e-06,1.9414764134848436e-06,1.9371164392741135e-06,1.9327735555307778e-06,1.9284476645619095e-06,1.924138669499848e-06,1.9198464742352e-06,1.9155709833336817e-06,1.9113121020944635e-06,1.9070697365027495e-06,1.90284379336295e-06,1.8986341799003339e-06,1.8944408044527808e-06,1.8902635757166803e-06,1.8861024031138162e-06,1.8819571967844928e-06,1.8778278675255899e-06,1.8737143267865082e-06,1.8696164867266329e-06,1.8655342599360672e-06,1.8614675597082439e-06,1.8574163004893951e-06,1.8533803967001476e-06,1.8493597635447818e-06,1.8453543169790706e-06,1.8413639735682176e-06,1.8373886503581942e-06,1.8334282648442478e-06,1.8294827357109162e-06,1.8255519816801005e-06,1.821635922232298e-06,1.817734477443774e-06,1.8138475680894237e-06,1.8099751150142067e-06,1.8061170401364453e-06,1.802273265823305e-06,1.798443714849194e-06,1.7946283107803627e-06,1.7908269769693099e-06,1.787039639046626e-06,1.7832662214253303e-06,1.7795066496502256e-06,1.7757608499680786e-06,1.7720287489346098e-06,1.7683102736669e-06,1.7646053518079109e-06,1.7609139114246514e-06,1.7572358812769918e-06,1.7535711904359523e-06,1.7499197686455747e-06,1.746281545932083e-06,1.7426564529821335e-06,1.7390444208905312e-06,1.7354453812570875e-06,1.7318592662322077e-06,1.728286008094785e-06,1.724725540058576e-06,1.7211777955484133e-06,1.717642708320479e-06,1.7141202127596387e-06,1.710610243689577e-06,1.707112736359474e-06,1.7036276264583278e-06,1.7001548501146063e-06,1.69669434388953e-06,1.6932460447468528e-06,1.6898098901338882e-06,1.6863858178991096e-06,1.682973766316329e-06,1.679573674040411e-06,1.6761854801617054e-06,1.672809124149903e-06,1.6694445459889793e-06,1.6660916858878767e-06,1.6627504846063699e-06,1.6594208831500136e-06,1.6561028231875076e-06,1.652796246523026e-06,1.6495010954086185e-06,1.6462173125109052e-06,1.6429448408627782e-06,1.63968362387229e-06,1.6364336053480824e-06,1.6331947294075392e-06,1.6299669406819998e-06,1.6267501838228676e-06,1.623544404276469e-06,1.620349547481456e-06,1.6171655592102523e-06,1.6139923862491342e-06,1.6108299754686446e-06,1.607678273091585e-06,1.6045372267704959e-06,1.6014067844157865e-06,1.598286893850871e-06,1.5951775034622195e-06,1.592078561991261e-06,1.5889900184551165e-06,1.585911822205359e-06,1.5828439229329875e-06,1.5797862706437165e-06,1.5767388156611198e-06,1.5737015086291687e-06,1.5706743005064524e-06,1.5676571425599519e-06,1.5646499863703906e-06,1.5616527837941884e-06,1.5586654870861912e-06,1.5556880487096764e-06,1.5527204214603394e-06,1.5497625584310725e-06,1.5468144130118248e-06,1.5438759388818324e-06,1.5409470900153642e-06,1.5380278206104872e-06,1.5351180851018824e-06,1.5322178387912072e-06,1.52932703649898e-06,1.5264456332965561e-06,1.523573585445786e-06,1.520710848633827e-06,1.5178573790747697e-06,1.5150131332609175e-06,1.5121780679569514e-06,1.509352140177175e-06,1.5065353072283067e-06,1.5037275266614146e-06,1.5009287562987886e-06,1.4981389542072069e-06,1.4953580787241438e-06,1.4925860884376848e-06,1.4898229421890812e-06,1.4870685990718774e-06,1.4843230184256218e-06,1.4815861598421024e-06,1.478857983154723e-06,1.4761384484418243e-06,1.4734275160236979e-06,1.470725146455623e-06,1.4680313005405976e-06,1.4653459393173323e-06,1.4626690240465382e-06,1.4600005162408743e-06,1.4573403776267305e-06,1.4546885701689588e-06,1.452045056058294e-06,1.4494097976755396e-06,1.4467827577313044e-06,1.4441638990659488e-06,1.4415531847442003e-06,1.4389505780818966e-06,1.4363560425993164e-06,1.4337695420346186e-06,1.431191040340547e-06,1.4286205016828412e-06,1.426057890438683e-06,1.4235031711951426e-06,1.420956308746049e-06,1.418417268094836e-06,1.415886014449464e-06,1.4133625132210266e-06,1.4108467300168439e-06,1.4083386306106024e-06,1.405838181057202e-06,1.4033453475618645e-06,1.400860096608222e-06,1.3983823947320367e-06,1.395912209029541e-06,1.3934495059468265e-06,1.390994252883604e-06,1.3885464172256105e-06,1.3861059665078538e-06,1.3836728685859029e-06,1.3812470913172137e-06,1.3788286028167539e-06,1.3764173713582237e-06,1.3740133654610752e-06,1.3716165537689392e-06,1.3692269050925824e-06,1.3668443884795103e-06,1.3644689734062614e-06,1.3621006287507096e-06,1.3597393242925086e-06,1.3573850295922763e-06,1.3550377146507434e-06,1.352697349578871e-06,1.3503639043769485e-06,1.3480373498398888e-06,1.3457176562203446e-06,1.3434047943234266e-06,1.3410987350375876e-06,1.3387994494195068e-06,1.3365069088283073e-06,1.33422108434948e-06,1.3319419476978075e-06,1.3296694703896129e-06,1.3274036245321275e-06,1.3251443819020587e-06,1.3228917149221786e-06,1.3206455957804748e-06,1.3184059969424704e-06,1.316172891037727e-06,1.3139462508428455e-06,1.3117260492778825e-06,1.3095122594331822e-06,1.3073048545270089e-06,1.3051038079184219e-06,1.3029090931403825e-06,1.3007206840281293e-06,1.2985385539447544e-06,1.2963626772491175e-06,1.29419302789367e-06,1.2920295800541976e-06,1.2898723081126817e-06,1.2877211866606857e-06,1.2855761903050568e-06,1.283437293939028e-06,1.2813044723117958e-06,1.2791777005783714e-06,1.277056953921748e-06,1.2749422076519358e-06,1.272833437267184e-06,1.2707306183592697e-06,1.2686337266293088e-06,1.2665427379453413e-06,1.2644576282926585e-06,1.2623783737851675e-06,1.2603049506644427e-06,1.2582373352986845e-06,1.2561755041823393e-06,1.254119433942847e-06,1.2520691012531225e-06,1.2500244831126993e-06,1.247985556446578e-06,1.2459522983640209e-06,1.2439246861658186e-06,1.2419026971373513e-06,1.2398863086662885e-06,1.2378754984222359e-06,1.2358702441458169e-06,1.233870523765838e-06,1.2318763149298368e-06,1.2298875958813467e-06,1.2279043447298047e-06,1.2259265398622988e-06,1.223954159626914e-06,1.2219871825753802e-06,1.2200255872387817e-06,1.2180693524133902e-06,1.2161184569638177e-06,1.2141728798348697e-06,1.2122326000804733e-06,1.2102975968892968e-06,1.20836784958847e-06,1.2064433375176523e-06,1.2045240401712631e-06,1.2026099371510324e-06,1.2007010081289579e-06,1.1987972330812236e-06,1.1968985915864602e-06,1.1950050638553604e-06,1.1931166300702203e-06,1.1912332703934524e-06,1.189354965145588e-06,1.1874816947494757e-06,1.1856134397583885e-06,1.183750180735616e-06,1.1818918984327882e-06,1.1800385736749025e-06,1.1781901873688876e-06,1.1763467205206656e-06,1.1745081542415129e-06,1.1726744697339312e-06,1.170845648296841e-06,1.1690216713218298e-06,1.1672025202909387e-06,1.1653881767828829e-06,1.1635786224661e-06,1.1617738391106629e-06,1.159973808566852e-06,1.1581785127791115e-06,1.1563879337831324e-06,1.1546020537026044e-06,1.1528208547508645e-06,1.1510443191887514e-06,1.1492724294499748e-06,1.147505168005877e-06,1.145742517425061e-06,1.1439844603502853e-06,1.1422309795282132e-06,1.1404820578229947e-06,1.1387376780954514e-06,1.1369978233296728e-06,1.1352624766077627e-06,1.133531621115813e-06,1.1318052399577122e-06,1.1300833166307044e-06,1.1283658344977956e-06,1.1266527770138126e-06,1.1249441277336228e-06,1.123239870317021e-06,1.1215399884767391e-06,1.1198444660963769e-06,1.1181532870126748e-06,1.1164664353170166e-06,1.1147838947166658e-06,1.113105649379793e-06,1.1114316837712575e-06,1.10976198205273e-06,1.1080965285925664e-06,1.1064353077023277e-06,1.1047783039021711e-06,1.1031255018731401e-06,1.1014768861476723e-06,1.099832441614822e-06,1.0981921528506672e-06,1.09655600482358e-06,1.0949239824967957e-06,1.0932960708232613e-06,1.0916722549132557e-06,1.0900525199120596e-06,1.0884368510537993e-06,1.5757279114312892e-06,1.805099304910363e-06,1.987881493397345e-06,2.1584553573061566e-06,2.322271164712328e-06,2.480084680083997e-06,2.6319228096580288e-06,2.7777303508759056e-06,2.9174732595430774e-06,3.051152748234721e-06,3.178804631786692e-06,3.300496166613571e-06,3.4163224612145368e-06,3.52640285822668e-06,3.630877404691808e-06,3.72990347127721e-06,3.8236525621000625e-06,3.912307342604939e-06,3.996058910510824e-06,4.075104310194491e-06,4.1496443072679215e-06,4.219881409330975e-06,4.286018132454927e-06,4.348255501058559e-06,4.406791764835135e-06,4.461821321596472e-06,4.513533826211344e-06,4.562113469375424e-06,4.607738410310132e-06,4.650580344882637e-06,4.690804194052631e-06,4.7285678975075394e-06,4.764022297938934e-06,4.797311103220541e-06,4.8285709141855425e-06,4.857931308003746e-06,4.885514965807631e-06,4.911437838263232e-06,4.935809339715691e-06,4.958732565236923e-06,4.98030452386158e-06,5.000616384283384e-06,5.019753728007831e-06,5.037796806361262e-06,5.0548207987255995e-06,5.070896069051599e-06,5.086088418977132e-06,5.100459335922038e-06,5.114066234491684e-06,5.1269626902519035e-06,5.13919866550172e-06,5.150820725987925e-06,5.161872249010057e-06,5.172393620881734e-06,5.182422426361728e-06,5.1919936277663635e-06,5.201139734665874e-06,5.209890965031255e-06,5.218275396506108e-06,5.2263191098069285e-06,5.234046323514756e-06,5.2414795203088544e-06,5.24863956613227e-06,5.255545821556764e-06,5.262216246278707e-06,5.268667496872866e-06,5.274915018219134e-06,5.280973128975397e-06,5.28685510135312e-06,5.2925732355846725e-06,5.298138929352569e-06,5.303562742508979e-06,5.308854457371767e-06,5.314023134843945e-06,5.319077166619956e-06,5.324024323971619e-06,5.328871802637797e-06,5.333626265042617e-06,5.338293879271243e-06,5.342880355321899e-06,5.347390978780164e-06,5.35183064222153e-06,5.356203873680462e-06,5.360514864376811e-06,5.364767492859171e-06,5.3689653492773696e-06,5.373111755589367e-06,5.377209786055503e-06,5.3812622858892244e-06,5.385271888079495e-06,5.389241029298078e-06,5.39317196462293e-06,5.39706678111975e-06,5.400927410268918e-06,5.404755640022706e-06,5.408553125172951e-06,5.41232139771416e-06,5.416061875757694e-06,5.419775872382416e-06,5.423464603440453e-06,5.4271291948914835e-06,5.430770689572941e-06,5.4343900535501515e-06,5.437988181851378e-06,5.441565903907456e-06,5.445123988504846e-06,5.448663148295696e-06,5.4521840441878865e-06,5.45568728928419e-06,5.459173452225845e-06,5.4626430609790404e-06,5.466096605661759e-06,5.469534541504404e-06,5.472957291425267e-06,5.476365248737855e-06,5.479758779030285e-06,5.483138222546645e-06,5.486503896059803e-06,5.489856094513444e-06,5.49319509292339e-06,5.496521147748797e-06,5.499834498218761e-06,5.5031353682651275e-06,5.506423966517298e-06,5.509700488460854e-06,5.512965117184279e-06,5.516218024078285e-06,5.519459370061999e-06,5.522689306121853e-06,5.525907974102879e-06,5.5291155078303936e-06,5.532312032894311e-06,5.535497667745937e-06,5.538672524653923e-06,5.541836709396505e-06,5.5449903221971415e-06,5.548133458065216e-06,5.551266206984922e-06,5.55438865477114e-06,5.557500883286005e-06,5.560602970027326e-06,5.563694989175357e-06,5.5667770115482534e-06,5.5698491052350755e-06,5.572911335210579e-06,5.575963763966189e-06,5.57900645153842e-06,5.582039455821832e-06,5.5850628325825045e-06,5.5880766356848574e-06,5.591080917216334e-06,5.5940757276155576e-06,5.597061115790656e-06,5.600037129248277e-06,5.603003814136385e-06,5.6059612153928045e-06,5.608909376814221e-06,5.6118483411332875e-06,5.614778150076924e-06,5.617698844480372e-06,5.620610464311953e-06,5.623513048712325e-06,5.626406636096135e-06,5.629291264168367e-06,5.63216696997769e-06,5.63503378995796e-06,5.637891759967863e-06,5.64074091528478e-06,5.64358129075546e-06,5.6464129207100975e-06,5.649235839028657e-06,5.652050079204335e-06,5.6548556742541164e-06,5.657652656854224e-06,5.66044105932249e-06,5.663220913392678e-06,5.665992250982237e-06,5.668755103873649e-06,5.6715095024422585e-06,5.674255477727787e-06,5.676993060187385e-06,5.679722280102898e-06,5.682443167529908e-06,5.685155752163158e-06,5.687860063671649e-06,5.690556131389035e-06,5.693243984387455e-06,5.695923651707305e-06,5.698595162038659e-06,5.7012585439772355e-06,5.7039138258747294e-06,5.706561035932179e-06,5.709200202198621e-06,5.711831352591222e-06,5.714454514642311e-06,5.717069716219774e-06,5.719676984592638e-06,5.722276346991398e-06,5.724867830552862e-06,5.727451462157201e-06,5.730027269027823e-06,5.732595277323322e-06,5.735155513880258e-06,5.737708005036025e-06,5.74025277700074e-06,5.742789856222589e-06,5.745319268604518e-06,5.7478410400644195e-06,5.750355196523887e-06,5.752861763460792e-06,5.7553607665225534e-06,5.7578522312112115e-06,5.760336182808259e-06,5.7628126465588135e-06,5.765281647588159e-06,5.767743210874411e-06,5.7701973613008325e-06,5.772644123699368e-06,5.775083522634856e-06,5.777515582710255e-06,5.7799403283706295e-06,5.78235778408154e-06,5.7847679739842386e-06,5.787170922345037e-06,5.789566652970698e-06,5.7919551899251766e-06,5.794336557018386e-06,5.796710778030289e-06,5.799077876797064e-06,5.801437876521566e-06,5.803790800781193e-06,5.806136672885003e-06,5.808475516258085e-06,5.8108073539254794e-06,5.81313220892872e-06,5.815450104148313e-06,5.817761062686552e-06,5.820065107224979e-06,5.8223622604357115e-06,5.8246525446705106e-06,5.826935982620706e-06,5.829212597093614e-06,5.83148241008954e-06,5.833745443689787e-06,5.836001720173668e-06,5.838251261589894e-06,5.840494090121002e-06,5.842730227553107e-06,5.844959695484634e-06,5.847182515731479e-06,5.849398709947515e-06,5.851608299599496e-06,5.853811306192281e-06,5.856007751044607e-06,5.858197655455005e-06,5.860381040563449e-06,5.862557927618152e-06,5.8647283375444776e-06,5.866892291523415e-06,5.869049810148308e-06,5.8712009141380955e-06,5.873345624348711e-06,5.875483961372834e-06,5.877615945777394e-06,5.879741598024481e-06,5.881860938439435e-06,5.883973987380377e-06,5.886080765123406e-06,5.8881812917274105e-06,5.890275587306929e-06,5.892363671834229e-06,5.894445565225877e-06,5.896521287386539e-06,5.898590857952968e-06,5.9006542966891285e-06,5.90271162329428e-06,5.9047628572118404e-06,5.906808017898964e-06,5.908847124682507e-06,5.910880196746679e-06,5.912907253701364e-06,5.914928314532847e-06,5.916943398533763e-06,5.918952524367624e-06,5.92095571114786e-06,5.922952977671722e-06,5.9249443428963675e-06,5.926929825507934e-06,5.928909444130908e-06,5.930883217376521e-06,5.932851163772767e-06,5.934813301783203e-06,5.936769649608085e-06,5.938720225920292e-06,5.940665048791212e-06,5.942604136436808e-06,5.9445375068603186e-06,5.9464651782236805e-06,5.948387168452209e-06,5.950303495476864e-06,5.952214177126385e-06,5.954119231185717e-06,5.956018675456963e-06,5.957912527403925e-06,5.959800804697591e-06,5.96168352484677e-06,5.963560705307859e-06,5.965432363444594e-06,5.967298516636967e-06,5.969159182137569e-06,5.971014377036624e-06,5.972864118626387e-06,5.974708423937497e-06,5.976547309890628e-06,5.978380793459819e-06,5.980208891532274e-06,5.9820316209526414e-06,5.9838489984594555e-06,5.9856610407096775e-06,5.987467764382603e-06,5.989269186054751e-06,5.99106532214946e-06,5.992856189284738e-06,5.994641803786659e-06,5.996422182036616e-06,5.998197340273231e-06,5.999967294670133e-06,6.001732061266797e-06,6.003491656585812e-06,6.005246096299114e-06,6.006995396615804e-06,6.008739573240792e-06,6.010478642157067e-06,6.012212619178881e-06,6.013941520062413e-06,6.015665360507283e-06,6.01738415609761e-06,6.019097922547928e-06,6.020806675296916e-06,6.022510429888293e-06,6.024209201683287e-06,6.025903006079988e-06,6.027591858390272e-06,6.029275773869413e-06,6.030954767718882e-06,6.032628855263194e-06,6.034298051021136e-06,6.035962370687806e-06,6.037621828955617e-06,6.0392764409412925e-06,6.040926221359819e-06,6.042571184951447e-06,6.044211346639166e-06,6.04584672114537e-06,6.047477323001307e-06,6.049103167077818e-06,6.050724267797319e-06,6.052340639718405e-06,6.0539522973627715e-06,6.055559255097525e-06,6.057161527282398e-06,6.0587591281344e-06,6.060352072002841e-06,6.0619403730851905e-06,6.0635240455977125e-06,6.0651031036446316e-06,6.066677561277725e-06,6.068247432527263e-06,6.06981273136446e-06,6.07137347171196e-06,6.07292966744405e-06,6.074481332386862e-06,6.076028480318549e-06,6.077571124961507e-06,6.079109280126461e-06,6.080642959224701e-06,6.082172176061002e-06,6.083696943968939e-06,6.085217276511672e-06,6.086733187165001e-06,6.088244689329851e-06,6.08975179636295e-06,6.0912545215741224e-06,6.0927528781918766e-06,6.094246879471495e-06,6.095736538586573e-06,6.09722186870294e-06,6.098702882864071e-06,6.1001795941082414e-06,6.101652015422867e-06,6.103120159763545e-06,6.104584040035289e-06,6.106043669063158e-06,6.107499059701392e-06,6.108950224723577e-06,6.11039717685955e-06,6.111839928796131e-06,6.113278493176634e-06,6.114712882599025e-06,6.116143109624504e-06,6.117569186768546e-06,6.118991126503653e-06,6.120408941296099e-06,6.121822643497381e-06,6.123232245454247e-06,6.124637759471769e-06,6.126039197813462e-06,6.127436572701449e-06,6.1288298963139525e-06,6.130219180793845e-06,6.1316044382407565e-06,6.132985680691223e-06,6.134362920200803e-06,6.13573616873491e-06,6.137105438216952e-06,6.1384707405632e-06,6.139832087621564e-06,6.141189491209419e-06,6.142542963105863e-06,6.143892515048714e-06,6.145238158737875e-06,6.1465799058337515e-06,6.147917767958075e-06,6.149251756693602e-06,6.150581883584566e-06,6.151908160129113e-06,6.153230597814722e-06,6.154549208069495e-06,6.155864002298701e-06,6.15717499177893e-06,6.158482187795434e-06,6.159785601910913e-06,6.161085245048669e-06,6.162381128612045e-06,6.163673263565225e-06,6.1649616612204285e-06,6.166246332579732e-06,6.167527288690712e-06,6.168804540655274e-06,6.170078099412167e-06,6.1713479759044175e-06,6.172614181047907e-06,6.1738767257358315e-06,6.175135620954286e-06,6.1763908774265934e-06,6.1776425054985e-06,6.178890516260262e-06,6.180134920573695e-06,6.181375728792834e-06,6.182612951810701e-06,6.183846599951609e-06,6.18507668389983e-06,6.186303214184222e-06,6.18752620140065e-06,6.188745655575867e-06,6.189961587779795e-06,6.191174008034868e-06,6.192382926505363e-06,6.193588353857415e-06,6.194790300109884e-06,6.195988775849069e-06,6.197183791107802e-06,6.198375355886062e-06,6.199563480713087e-06,6.20074817552712e-06,6.201929450386693e-06,6.203107315377016e-06,6.204281780528743e-06,6.205452855817704e-06,6.206620551171114e-06,6.207784876726615e-06,6.208945842015847e-06,6.210103457061706e-06,6.211257731616962e-06,6.212408675558104e-06,6.213556298755442e-06,6.214700611134481e-06,6.215841621786535e-06,6.2169793407358946e-06,6.218113777698047e-06,6.219244942372198e-06,6.220372843853513e-06,6.221497492003607e-06,6.22261889630767e-06,6.223737066249914e-06,6.224852011302644e-06,6.225963741164852e-06,6.227072264600958e-06,6.2281775914229435e-06,6.229279730880113e-06,6.2303786922460214e-06,6.231474484830928e-06,6.232567117797456e-06,6.233656600503125e-06,6.2347429420798675e-06,6.235826151662916e-06,6.236906238471725e-06,6.237983211371104e-06,6.239057079694653e-06,6.240127852380486e-06,6.241195538475226e-06,6.242260146980981e-06,6.24332168663288e-06,6.244380166626904e-06,6.245435595768514e-06,6.246487982844787e-06,6.247537336875158e-06,6.2485836665819544e-06,6.249626980752995e-06,6.250667288142677e-06,6.251704597494473e-06,6.252738917874708e-06,6.2537702573570305e-06,6.254798624655385e-06,6.255824028563276e-06,6.256846477675569e-06,6.257865980560038e-06,6.25888254575756e-06,6.2598961817819685e-06,6.260906897120406e-06,6.2619147002332226e-06,6.262919599554162e-06,6.26392160349059e-06,6.264920720423264e-06,6.265916958706749e-06,6.266910327078045e-06,6.26790083342674e-06,6.268888486030902e-06,6.26987329314129e-06,6.270855262989471e-06,6.271834403766386e-06,6.27281072364814e-06,6.27378423078008e-06,6.274754933269944e-06,6.275722839240444e-06,6.276687956743356e-06,6.277650293840388e-06,6.278609858541676e-06,6.279566658843319e-06,6.280520702722598e-06,6.281471998115411e-06,6.282420552946553e-06,6.283366375118239e-06,6.2843094724988336e-06,6.2852498529392185e-06,6.286187524259998e-06,6.287122494252804e-06,6.288054770700852e-06,6.2889843613539045e-06,6.28991127338007e-06,6.290835514962133e-06,6.291757093922639e-06,6.292676017906895e-06,6.29359229447549e-06,6.294505931228337e-06,6.295416935735867e-06,6.296325316146057e-06,6.297231079420755e-06,6.298134232914339e-06,6.299034784287529e-06,6.299932741012221e-06,6.300828110530333e-06,6.301720900268491e-06,6.302611117542078e-06,6.303498769817444e-06,6.304383864447656e-06,6.305266408957168e-06,6.306146410442341e-06,6.30702387602761e-06,6.3078988131536425e-06,6.308771229059857e-06,6.309641130964085e-06,6.310508526059157e-06,6.311373421549892e-06,6.3122358245474415e-06,6.313095742242623e-06,6.313953181964693e-06,6.314808150465131e-06,6.315660654827741e-06,6.316510702092919e-06,6.317358299209823e-06,6.318203453274955e-06,6.319046171454035e-06,6.319886460389579e-06,6.320724327210738e-06,6.32155977877873e-06,6.322392822004494e-06,6.323223463760838e-06,6.324051710890587e-06,6.324877570322479e-06,6.325701048697306e-06,6.326522152890414e-06,6.327340889651247e-06,6.328157265642063e-06,6.328971287750149e-06,6.329782962609202e-06,6.330592296957464e-06,6.3313992974365535e-06,6.332203970657785e-06,6.333006323276674e-06,6.333806361895525e-06,6.33460409306934e-06,6.335399523410546e-06,6.336192659462454e-06,6.336983507716166e-06,6.337772074689512e-06,6.338558366797435e-06,6.339342390805081e-06,6.340124152764452e-06,6.340903659237552e-06,6.341680916899771e-06,6.3424559317154355e-06,6.343228710246223e-06,6.343999258820408e-06,6.344767583800431e-06,6.345533691799736e-06,6.346297588475238e-06,6.34705928043444e-06,6.34781877390262e-06,6.348576075407555e-06,6.349331190500878e-06,6.350084125889083e-06,6.350834887614614e-06,6.351583481884102e-06,6.352329914843239e-06,6.353074192265519e-06,6.353816320893052e-06,6.354556306495931e-06,6.355294155140332e-06,6.35602987287278e-06,6.356763465752407e-06,6.357494939781349e-06,6.358224300934977e-06,6.358951555455697e-06,6.359676708814135e-06,6.360399767183033e-06,6.361120736275301e-06,6.36183962246252e-06,6.362556431391533e-06,6.363271168942182e-06,6.3639838409454575e-06,6.364694453264295e-06,6.365403011399695e-06,6.366109521772221e-06,6.366813989849127e-06,6.367516421364347e-06,6.368216821831351e-06,6.368915197663567e-06,6.3696115541756265e-06,6.370305896964331e-06,6.370998231815376e-06,6.371688564372678e-06,6.37237690026409e-06,6.373063245180155e-06,6.373747604713813e-06,6.374429984431935e-06,6.375110389993632e-06,6.375788826863169e-06,6.3764653006104725e-06,6.37713981683176e-06,6.377812380990091e-06,6.378482998401738e-06,6.379151674925844e-06,6.379818415771626e-06,6.3804832265366454e-06,6.381146112579112e-06,6.381807079309423e-06,6.382466132128335e-06,6.383123276402235e-06,6.383778517539127e-06,6.384431860849936e-06,6.385083311620519e-06,6.385732875343351e-06,6.386380557145856e-06,6.387026362445627e-06,6.387670296509142e-06,6.388312364531119e-06,6.388952571767878e-06,6.38959092343352e-06,6.390227424746409e-06,6.39086208100481e-06,6.391494897259419e-06,6.392125878698164e-06,6.392755030488708e-06,6.393382358084361e-06,6.3940078660268125e-06,6.3946315598663355e-06,6.395253444311888e-06,6.39587352450615e-06,6.3964918057399835e-06,6.397108292906986e-06,6.397722991264036e-06,6.398335905405623e-06,6.39894704055865e-06,6.399556401867007e-06,6.400163994110584e-06,6.400769822299843e-06,6.40137389142445e-06,6.401976206433715e-06,6.402576772046413e-06,6.403175593351068e-06,6.403772675164154e-06,6.404368022446478e-06,6.404961639948485e-06,6.405553532533581e-06,6.406143704918318e-06,6.406732161947394e-06,6.407318908461317e-06,6.407903949453567e-06,6.408487289498372e-06,6.409068933304276e-06,6.409648885678807e-06,6.410227151349629e-06,6.41080373502602e-06,6.411378641418851e-06,6.4119518752108695e-06,6.412523441097089e-06,6.4130933437152776e-06,6.41366158771091e-06,6.414228177709021e-06,6.4147931183995994e-06,6.4153564143458945e-06,6.415918070173601e-06,6.416478090339593e-06,6.4170364794028e-06,6.417593242347389e-06,6.418148383004008e-06,6.418701906233666e-06,6.419253816576595e-06,6.419804118518029e-06,6.420352816547924e-06,6.420899915113399e-06,6.421445418843455e-06,6.421989331905149e-06,6.42253165886137e-06,6.423072404142627e-06,6.423611572114768e-06,6.424149167247139e-06,6.424685193883523e-06,6.425219656397344e-06,6.425752559234347e-06,6.426283906556633e-06,6.4268137028753e-06,6.427341952337501e-06,6.427868659415351e-06,6.428393828317053e-06,6.428917463246284e-06,6.4294395684374775e-06,6.429960148459065e-06,6.430479207297078e-06,6.430996749238985e-06,6.431512778483942e-06,6.432027299298067e-06,6.432540315980296e-06,6.433051832446206e-06,6.433561853002734e-06,6.434070381874531e-06,6.434577423073658e-06,6.435082980809031e-06,6.435587059179823e-06,6.436089662128197e-06,6.43659079412155e-06,6.437090459053189e-06,6.437588661052593e-06,6.438085403935629e-06,6.438580692150658e-06,6.439074529547144e-06,6.439566920302191e-06,6.440057868285368e-06,6.440547377366782e-06,6.441035451675974e-06,6.4415220951846806e-06,6.442007311821504e-06,6.442491105639892e-06,6.442973480553964e-06,6.44345444047859e-06,6.44393398934611e-06,6.444412131073776e-06,6.4448888695524206e-06,6.445364208695738e-06,6.445838152361699e-06,6.446310704434011e-06,6.446781868793999e-06,6.447251649236166e-06,6.447720049602915e-06,6.448187073879563e-06,6.448652725639206e-06,6.449117008637157e-06,6.449579926925307e-06,6.45004148416916e-06,6.4505016841047704e-06,6.450960530533911e-06,6.451418027213776e-06,6.4518741778629655e-06,6.452328986279859e-06,6.452782456031423e-06,6.453234590905375e-06,6.453685394573758e-06,6.4541348707880585e-06,6.454583023117816e-06,6.455029855275085e-06,6.455475370913739e-06,6.45591957369421e-06,6.456362467232153e-06,6.456804055154834e-06,6.457244341026103e-06,6.457683328499473e-06,6.458121021132078e-06,6.458557422519052e-06,6.458992536185901e-06,6.459426365878621e-06,6.459858914925675e-06,6.460290186927819e-06,6.460720185416844e-06,6.461148913929159e-06,6.461576375894796e-06,6.462002575071689e-06,6.4624275146551866e-06,6.462851198217983e-06,6.46327362924007e-06,6.463694811215183e-06,6.464114747477364e-06,6.464533441574058e-06,6.464950896917984e-06,6.465367116609036e-06,6.465782104769581e-06,6.466195864319668e-06,6.466608398760664e-06,6.4670197113547985e-06,6.467429805572665e-06,6.467838684745455e-06,6.468246352239603e-06,6.468652811375887e-06,6.469058065512479e-06,6.469462117967679e-06,6.469864972064351e-06,6.470266631104786e-06,6.47066709833227e-06,6.471066377070082e-06,6.4714644705760585e-06,6.471861382026077e-06,6.472257114943143e-06,6.4726516723832594e-06,6.473045057647436e-06,6.473437273939183e-06,6.473828324433938e-06,6.474218212393939e-06,6.474606940876825e-06,6.474994513335209e-06,6.475380932990279e-06,6.475766202697158e-06,6.476150325769458e-06,6.4765333055883175e-06,6.476915144888819e-06,6.477295846990315e-06,6.4776754150572324e-06,6.478053852191873e-06,6.478431161546883e-06,6.478807346142291e-06,6.479182409131005e-06,6.479556353562796e-06,6.479929182528724e-06,6.480300899089782e-06,6.4806715063198975e-06,6.481041007266106e-06,6.4814094049702645e-06,6.481776702679282e-06,6.482142903012627e-06,6.4825080091796175e-06,6.482872024059054e-06,6.4832349509022374e-06,6.483596792562526e-06,6.483957552025293e-06,6.484317232278227e-06,6.4846758363050445e-06,6.485033367028381e-06,6.485389827417399e-06,6.485745220379627e-06,6.486099548913036e-06,6.486452815892685e-06,6.4868050242421005e-06,6.4871561768727054e-06,6.4875062767085325e-06,6.487855326575209e-06,6.488203329279133e-06,6.4885502879144015e-06,6.488896205236889e-06,6.489241084042591e-06,6.489584927325026e-06,6.48992773773373e-06,6.490269518308042e-06,6.490610271787409e-06,6.490950001009337e-06,6.491288708740549e-06,6.4916263978022695e-06,6.491963070955511e-06,6.492298731052626e-06,6.4926333808394646e-06,6.492967023079862e-06,6.493299660297529e-06,6.493631295600128e-06,6.49396193176957e-06,6.4942915714125515e-06,6.494620217242327e-06,6.494947872011975e-06,6.495274538411403e-06,6.495600219158127e-06,6.495924916940865e-06,6.496248634445307e-06,6.496571374397415e-06,6.4968931394169725e-06,6.497213932265119e-06,6.497533755530405e-06,6.497852611770677e-06,6.498170503874622e-06,6.498487434361168e-06,6.498803405882805e-06,6.499118421046645e-06,6.499432482472176e-06,6.4997455927544844e-06,6.5000577545140885e-06,6.500368970428337e-06,6.500679242936416e-06,6.500988574734938e-06,6.5012969682962565e-06,6.50160442623183e-06,6.501910951145061e-06,6.50221654555719e-06,6.502521211984704e-06,6.502824953031684e-06,6.503127771182022e-06,6.503429668976667e-06,6.503730648941045e-06,6.504030713557015e-06,6.504329865353875e-06,6.504628106644391e-06,6.504925440123849e-06,6.50522186839862e-06,6.505517393787379e-06,6.505812018771474e-06,6.5061057457969736e-06,6.506398577272529e-06,6.506690515877644e-06,6.506981563742952e-06,6.507271723434629e-06,6.507560997385071e-06,6.507849388006441e-06,6.508136897723205e-06,6.508423528932569e-06,6.508709284030726e-06,6.5089941654221305e-06,6.509278175488013e-06,6.509561316617912e-06,6.509843591165901e-06,6.510125001498955e-06,6.510405549986857e-06,6.510685238967601e-06,6.510964070846156e-06,6.51124204790719e-06,6.5115191724849415e-06,6.511795446925371e-06,6.512070873540562e-06,6.512345454660946e-06,6.512619192568738e-06,6.5128920895863335e-06,6.513164148001787e-06,6.513435370086518e-06,6.513705758149259e-06,6.513975314538295e-06,6.514244041430814e-06,6.5145119409465785e-06,6.514779015398154e-06,6.515045267305567e-06,6.515310698772866e-06,6.515575311994361e-06,6.5158391091987315e-06,6.516102092683922e-06,6.516364264575627e-06,6.516625627088351e-06,6.5168861824813335e-06,6.517145932937761e-06,6.517404880641021e-06,6.5176630278001845e-06,6.517920376588047e-06,6.518176929194956e-06,6.518432687762039e-06,6.518687654450078e-06,6.51894183144078e-06,6.519195220876027e-06,6.519447824921678e-06,6.519699645703328e-06,6.519950685357627e-06,6.520200945990773e-06,6.520450429759165e-06,6.520699138763946e-06,6.520947075116041e-06,6.521194240915208e-06,6.521440638255253e-06,6.521686269237596e-06,6.52193113594397e-06,6.52217524047003e-06,6.522418584883545e-06,6.522661171258604e-06,6.522903001654282e-06,6.523144078129911e-06,6.523384402737116e-06,6.523623977520248e-06,6.523862804526219e-06,6.524100885787625e-06,6.5243382233292745e-06,6.52457481918296e-06,6.524810675370272e-06,6.525045793872459e-06,6.525280176816016e-06,6.525513826094479e-06,6.525746743657706e-06,6.5259789315589865e-06,6.52621039177349e-06,6.526441126247978e-06,6.5266711370653456e-06,6.526900426109208e-06,6.527128995371209e-06,6.527356846833413e-06,6.527583982398276e-06,6.527810403999539e-06,6.528036113606111e-06,6.528261113153625e-06,6.528485404573666e-06,6.5287089897921555e-06,6.528931870730412e-06,6.529154049286681e-06,6.52937552738536e-06,6.529596306973776e-06,6.529816389929814e-06,6.5300357781242065e-06,6.5302544734188e-06,6.530472477711295e-06,6.530689792893685e-06,6.530906420847905e-06,6.531122363441481e-06,6.531337622500951e-06,6.531552199874645e-06,6.5317660974537285e-06,6.531979317078073e-06,6.532191860589446e-06,6.532403729824464e-06,6.532614926614475e-06,6.532825452786299e-06,6.533035310162059e-06,6.533244500556833e-06,6.53345302578161e-06,6.533660887642747e-06,6.533868087941824e-06,6.534074628474918e-06,6.5342805110335065e-06,6.534485737403578e-06,6.534690309367202e-06,6.5348942286958966e-06,6.535097497165983e-06,6.535300116544229e-06,6.5355020885924524e-06,6.535703415067658e-06,6.535904097721935e-06,6.536104138302513e-06,6.536303538551871e-06,6.5365023002075395e-06,6.536700425002395e-06,6.536897914666466e-06,6.537094770921052e-06,6.53729099548426e-06,6.537486590070074e-06,6.537681556387048e-06,6.537875896139965e-06,6.538069611028415e-06,6.5382627027473195e-06,6.538455172986787e-06,6.538647023432334e-06,6.538838255764873e-06,6.539028871660723e-06,6.539218872791401e-06,6.539408260817332e-06,6.539597037407542e-06,6.539785204223901e-06,6.53997276291156e-06,6.540159715123138e-06,6.540346062502775e-06,6.540531806690129e-06,6.5407169493202965e-06,6.540901492023629e-06,6.541085436426502e-06,6.5412687841502135e-06,6.541451536812088e-06,6.541633696024402e-06,6.54181526339561e-06,6.541996240529611e-06,6.542176629025475e-06,6.542356430478275e-06,6.542535646478542e-06,6.542714278612423e-06,6.542892328461613e-06,6.543069797603677e-06,6.543246687637817e-06,6.5434230000802414e-06,6.543598736527067e-06,6.5437738985330225e-06,6.543948487653943e-06,6.544122505458873e-06,6.544295953470443e-06,6.544468833238403e-06,6.544641146302165e-06,6.5448128941749385e-06,6.544984078407999e-06,6.545154700508589e-06,6.545324762036e-06,6.545494264470128e-06,6.545663209363274e-06,6.545831598209624e-06,6.54599943251128e-06,6.546166713766926e-06,6.5463334434749015e-06,6.546499623127819e-06,6.546665254210087e-06,6.5468303382179995e-06,6.546994876617782e-06,6.547158870894357e-06,6.547322322515901e-06,6.5474852329610565e-06,6.547647603691705e-06,6.547809436158087e-06,6.547970731821606e-06,6.548131492135017e-06,6.548291718546185e-06,6.54845141249733e-06,6.5486105754332305e-06,6.5487692087877915e-06,6.548927313994136e-06,6.549084892477687e-06,6.5492419456349655e-06,6.54939847494789e-06,6.5495544818063376e-06,6.549709967613022e-06,6.5498649337897e-06,6.55001938173517e-06,6.550173312850717e-06,6.550326728528892e-06,6.550479630167678e-06,6.55063201921795e-06,6.5507838969522404e-06,6.550935264811779e-06,6.551086124162966e-06,6.551236476376628e-06,6.551386322847829e-06,6.551535664920598e-06,6.551684503974427e-06,6.551832841352392e-06,6.5519806784181765e-06,6.552128016555655e-06,6.552274857045042e-06,6.5524212012687384e-06,6.55256705057313e-06,6.552712406299692e-06,6.552857269755939e-06,6.553001642274876e-06,6.55314552520722e-06,6.553288919805604e-06,6.553431827514834e-06,6.553574249658643e-06,6.553716187461661e-06,6.55385764219034e-06,6.553998615194177e-06,6.554139107783649e-06,6.554279121255748e-06,6.554418656977036e-06,6.55455771610225e-06,6.554696299966454e-06,6.554834409881699e-06,6.554972047103483e-06,6.555109212925296e-06,6.555245908585196e-06,6.555382135410173e-06,6.55551789463862e-06,6.555653187532142e-06,6.555788015345413e-06,6.555922379345627e-06,6.556056280774985e-06,6.556189720887398e-06,6.556322700923106e-06,6.556455222126539e-06,6.556587285736162e-06,6.556718892987113e-06,6.556850045110851e-06,6.556980743336295e-06,6.557110988882121e-06,6.557240782981413e-06,6.557370126847686e-06,6.5574990216606874e-06,6.557627468703792e-06,6.557755469139013e-06,6.557883024169653e-06,6.55801013502852e-06,6.558136802890483e-06,6.558263028959051e-06,6.55838881442136e-06,6.55851416047929e-06,6.558639068463208e-06,6.558763539167925e-06,6.558887574062327e-06,6.55901117425719e-06,6.559134340925337e-06,6.5592570752439695e-06,6.559379378369714e-06,6.559501251448433e-06,6.559622695685804e-06,6.559743712213597e-06,6.5598643021876466e-06,6.559984466757032e-06,6.560104207040252e-06,6.560223524238181e-06,6.5603424194578835e-06,6.560460893848613e-06,6.560578948538428e-06,6.560696584660738e-06,6.5608138032522576e-06,6.560930605611386e-06,6.561046992800483e-06,6.561162965903741e-06,6.561278526042697e-06,6.561393674342436e-06,6.561508411907976e-06,6.561622739846574e-06,6.561736659262347e-06,6.561850171257258e-06,6.5619632769229705e-06,6.56207597736452e-06,6.562188273666288e-06,6.562300166920532e-06,6.5624116582137545e-06,6.562522748645802e-06,6.562633439265778e-06,6.562743731161956e-06,6.5628536254123374e-06,6.56296312309029e-06,6.563072225258694e-06,6.563180932957008e-06,6.563289247307366e-06,6.563397169317703e-06,6.563504700087374e-06,6.563611840646944e-06,6.563718592054617e-06,6.563824955354473e-06,6.56393093167094e-06,6.564036521882889e-06,6.564141727112422e-06,6.564246548398601e-06,6.564350986773148e-06,6.564455043272076e-06,6.5645587189168295e-06,6.564662014731135e-06,6.564764931751967e-06,6.56486747099573e-06,6.56496963346844e-06,6.565071420196125e-06,6.565172832179529e-06,6.5652738704357035e-06,6.565374535964328e-06,6.5654748297510295e-06,6.565574752840542e-06,6.565674306208533e-06,6.565773490852255e-06,6.565872307762969e-06,6.565970757930689e-06,6.5660688423429255e-06,6.566166561985215e-06,6.5662639178095395e-06,6.566360910848252e-06,6.566457542052446e-06,6.566553812396347e-06,6.566649722850778e-06,6.566745274375426e-06,6.566840467954282e-06,6.5669353045415725e-06,6.567029785105433e-06,6.567123910621411e-06,6.56721768198731e-06,6.567311100169298e-06,6.567404166021095e-06,6.56749688074202e-06,6.56758924514181e-06,6.567681260166778e-06,6.567772926747339e-06,6.567864245826927e-06,6.567955218339288e-06,6.568045845218189e-06,6.568136127388213e-06,6.5682260657525295e-06,6.56831566129537e-06,6.568404914908873e-06,6.568493827509923e-06,6.5685824000897565e-06,6.568670633417352e-06,6.568758528482269e-06,6.568846086186395e-06,6.5689333074747956e-06,6.56902019318516e-06,6.5691067442521094e-06,6.569192961592264e-06,6.569278846072312e-06,6.5693643986021845e-06,6.569449620074507e-06,6.569534511379502e-06,6.569619073407865e-06,6.569703307038923e-06,6.5697872131586055e-06,6.569870792647467e-06,6.569954046383492e-06,6.570036975242686e-06,6.570119580098399e-06,6.570201861821568e-06,6.5702838212808635e-06,6.570365459342553e-06,6.5704467768705475e-06,6.570527774726459e-06,6.570608453769557e-06,6.5706888148566755e-06,6.570768858842498e-06,6.570848586579361e-06,6.570927998917149e-06,6.5710070967035275e-06,6.571085880783836e-06,6.571164352001157e-06,6.5712425111962385e-06,6.57132035920762e-06,6.571397896871453e-06,6.571475125021718e-06,6.571552044490936e-06,6.571628656106851e-06,6.571704960695433e-06,6.571780959085775e-06,6.571856652098463e-06,6.571932040553611e-06,6.5720071252705316e-06,6.572081907064205e-06,6.572156386748782e-06,6.5722305651362175e-06,6.572304443036988e-06,6.5723780212551566e-06,6.572451300597465e-06,6.572524281866411e-06,6.572596965863131e-06,6.572669353385984e-06,6.5727414452316085e-06,6.5728132421767135e-06,6.572884745047713e-06,6.5729559546172224e-06,6.573026871673371e-06,6.573097497000764e-06,6.573167831378505e-06,6.573237875611317e-06,6.5733076304471395e-06,6.5733770966755905e-06,6.57344627505875e-06,6.573515166396202e-06,6.573583771441366e-06,6.573652090965362e-06,6.573720125749161e-06,6.573787876533097e-06,6.5738553440978404e-06,6.573922529195019e-06,6.573989432585171e-06,6.57405605502142e-06,6.574122397263581e-06,6.574188460057414e-06,6.574254244162212e-06,6.574319750320397e-06,6.5743849792796055e-06,6.574449931782268e-06,6.574514608572328e-06,6.5745790103879746e-06,6.574643137964898e-06,6.574706992046963e-06,6.574770573362089e-06,6.574833882645301e-06,6.57489692065901e-06,6.574959688065066e-06,6.575022185620569e-06,6.575084414052942e-06,6.575146374093243e-06,6.575208066442235e-06,6.5752694918251456e-06,6.575330650959163e-06,6.575391544565048e-06,6.5754521733494934e-06,6.575512538026039e-06,6.575572639300727e-06,6.575632477882271e-06,6.575692054474702e-06,6.575751369781066e-06,6.5758104245022544e-06,6.575869219363805e-06,6.575927754996368e-06,6.575986032149358e-06,6.576044051501138e-06,6.576101813807914e-06,6.576159319632513e-06,6.576216569727917e-06,6.576273564778122e-06,6.576330305474144e-06,6.576386792501315e-06,6.576443026515346e-06,6.576499008209622e-06,6.576554738262019e-06,6.576610217426179e-06,6.576665446223395e-06,6.576720425392066e-06,6.576775155607462e-06,6.576829637540295e-06,6.576883871850227e-06,6.576937859203627e-06,6.576991600263325e-06,6.577045095691328e-06,6.5770983461457505e-06,6.577151352309345e-06,6.577204114784153e-06,6.577256634250491e-06,6.577308911359549e-06,6.577360946777416e-06,6.577412741117057e-06,6.577464295043837e-06,6.577515609200592e-06,6.5775666842386475e-06,6.5776175207927665e-06,6.577668119502698e-06,6.577718481009515e-06,6.577768605973855e-06,6.5778184950026595e-06,6.577868148693847e-06,6.577917567710653e-06,6.577966752716144e-06,6.578015704272887e-06,6.578064423043251e-06,6.578112909614198e-06,6.578161164701146e-06,6.578209188835543e-06,6.578256982659938e-06,6.578304546828988e-06,6.578351881898407e-06,6.578398988497702e-06,6.578445867260229e-06,6.578492518818379e-06,6.578538943735828e-06,6.578585142649147e-06,6.578631116119503e-06,6.578676864781406e-06,6.578722389266657e-06,6.578767690115856e-06,6.578812767960199e-06,6.57885762339609e-06,6.578902256986782e-06,6.578946669391279e-06,6.578990861159216e-06,6.579034832905389e-06,6.579078585210315e-06,6.5791221186501615e-06,6.579165433826255e-06,6.579208531317184e-06,6.579251411706411e-06,6.579294075574981e-06,6.579336523502315e-06,6.579378756069818e-06,6.579420773880793e-06,6.579462577452771e-06,6.579504167386233e-06,6.579545544261567e-06,6.5795867086589376e-06,6.579627661118032e-06,6.5796684022516165e-06,6.579708932596223e-06,6.579749252689121e-06,6.579789363119933e-06,6.579829264479836e-06,6.579868957272988e-06,6.579908442085603e-06,6.579947719474376e-06,6.579986789994326e-06,6.580025654258433e-06,6.5800643127071845e-06,6.580102765968805e-06,6.580141014558345e-06,6.580179059047943e-06,6.580216899942276e-06,6.580254537844038e-06,6.580291973241289e-06,6.580329206704582e-06,6.580366238775853e-06,6.580403069958261e-06,6.580439700854331e-06,6.580476131981366e-06,6.58051236385836e-06,6.5805483970216816e-06,6.58058423200696e-06,6.580619869343512e-06,6.580655309556206e-06,6.5806905531875275e-06,6.5807256007475795e-06,6.580760452767792e-06,6.580795109746961e-06,6.580829572255605e-06,6.580863840786736e-06,6.58089791586649e-06,6.580931798014391e-06,6.5809654877388076e-06,6.580998985556965e-06,6.581032291984552e-06,6.581065407528762e-06,6.581098332712269e-06,6.581131068041022e-06,6.5811636139877436e-06,6.581195971127863e-06,6.581228139927386e-06,6.581260120888923e-06,6.581291914519403e-06,6.581323521321167e-06,6.581354941791975e-06,6.581386176434801e-06,6.581417225743879e-06,6.581448090218314e-06,6.5814787703509896e-06,6.581509266636111e-06,6.5815395795786126e-06,6.5815697096412615e-06,6.581599657318814e-06,6.5816294231175575e-06,6.581659007509981e-06,6.5816884109919045e-06,6.581717634042763e-06,6.581746677147174e-06,6.581775540782563e-06,6.581804225436179e-06,6.5818327315773585e-06,6.581861059690186e-06,6.581889210233195e-06,6.5819171837153445e-06,6.5819449805900674e-06,6.581972601337713e-06,6.5820000464202285e-06,6.582027316312231e-06,6.582054411476925e-06,6.582081332394154e-06,6.582108079523323e-06,6.582134653321089e-06,6.582161054274678e-06,6.582187282823687e-06,6.582213339438071e-06,6.582239224589091e-06,6.582264938714524e-06,6.58229048227797e-06,6.582315855739338e-06,6.582341059552415e-06,6.582366094181551e-06,6.582390960064662e-06,6.582415657655953e-06,6.582440187406382e-06,6.582464549767591e-06,6.582488745185985e-06,6.582512774085237e-06,6.5825366369551825e-06,6.582560334208658e-06,6.582583866289269e-06,6.582607233672049e-06,6.582630436770684e-06,6.582653476026804e-06,6.582676351879556e-06,6.5826990647583466e-06,6.582721615117388e-06,6.582744003373206e-06,6.582766229978451e-06,6.582788295356676e-06,6.5828101999322e-06,6.582831944135448e-06,6.582853528387317e-06,6.58287495314075e-06,6.582896218797545e-06,6.58291732580535e-06,6.582938274578172e-06,6.582959065547119e-06,6.58297969912951e-06,6.58300017571299e-06,6.5830204957593555e-06,6.583040659683622e-06,6.58306066789727e-06,6.583080520811318e-06,6.58310021884495e-06,6.583119762416318e-06,6.583139151926764e-06,6.58315838780255e-06,6.583177470442481e-06,6.583196400242796e-06,6.583215177643343e-06,6.5832338030284246e-06,6.583252276858171e-06,6.583270599498751e-06,6.5832887713228815e-06,6.58330679276082e-06,6.583324664231124e-06,6.583342386083082e-06,6.58335995875527e-06,6.583377382655436e-06,6.583394658169641e-06,6.583411785699318e-06,6.583428765630669e-06,6.58344559836308e-06,6.583462284290089e-06,6.583478823804201e-06,6.583495217310128e-06,6.583511465185206e-06,6.5835275678046986e-06,6.583543525570788e-06,6.5835593388706665e-06,6.583575008093525e-06,6.583590533619809e-06,6.583605915847222e-06,6.583621155146721e-06,6.583636251888318e-06,6.583651206477393e-06,6.583666019269996e-06,6.583680690659533e-06,6.583695221019908e-06,6.583709610729417e-06,6.5837238601651485e-06,6.583737969700946e-06,6.583751939711478e-06,6.583765770569521e-06,6.5837794626469746e-06,6.583793016314579e-06,6.583806431942834e-06,6.583819709900436e-06,6.583832850555289e-06,6.583845854274298e-06,6.583858721423605e-06,6.5838714523682086e-06,6.583884047472133e-06,6.583896507098251e-06,6.583908831608975e-06,6.583921021365184e-06,6.5839330767272005e-06,6.583944998050337e-06,6.5839567857003466e-06,6.583968440030699e-06,6.583979961397711e-06,6.583991350152936e-06,6.58400260665806e-06,6.5840137312596934e-06,6.584024724313858e-06,6.584035586171411e-06,6.584046317187183e-06,6.584056917708265e-06,6.584067388077557e-06,6.584077728647112e-06,6.584087939764532e-06,6.584098021780155e-06,6.58410797503039e-06,6.5841177998669815e-06,6.5841274966281884e-06,6.5841370656572996e-06,6.5841465072965585e-06,6.584155821884894e-06,6.584165009762323e-06,6.5841740712674295e-06,6.584183006738756e-06,6.584191816511292e-06,6.58420050092266e-06,6.584209060306901e-06,6.5842174949972734e-06,6.584225805327794e-06,6.584233991631575e-06,6.5842420542391105e-06,6.58424999348094e-06,6.584257809686636e-06,6.584265503184937e-06,6.584273074303795e-06,6.584280523369886e-06,6.5842878507095396e-06,6.584295056647825e-06,6.584302141509151e-06,6.584309105617016e-06,6.584315949294145e-06,6.584322672861937e-06,6.5843292766413536e-06,6.584335760952679e-06,6.584342126114962e-06,6.584348372446403e-06,6.584354500264549e-06,6.584360509885897e-06,6.584366401626362e-06,6.584372175800763e-06,6.584377832723217e-06,6.584383372706879e-06,6.5843887960643114e-06,6.584394103106313e-06,6.5843992941444845e-06,6.584404369488476e-06,6.584409329447647e-06,6.584414174329839e-06,6.5844189044428856e-06,6.584423520093541e-06,6.5844280215836785e-06,6.58443240922379e-06,6.5844366833157385e-06,6.584440844162621e-06,6.584444892067901e-06,6.5844488273335025e-06,6.58445265025747e-06,6.5844563611416635e-06,6.584459960284372e-06,6.584463447986216e-06,6.584466824543672e-06,6.584470090253778e-06,6.584473245413445e-06,6.584476290315695e-06,6.584479225257778e-06,6.584482050531627e-06,6.584484766429154e-06,6.584487373245382e-06,6.584489871268173e-06,6.584492260790135e-06,6.5844945421005844e-06,6.584496715488826e-06,6.58449878124305e-06,6.584500739650652e-06,6.584502590998422e-06,6.584504335572244e-06,6.584505973657754e-06,6.584507505538404e-06,6.584508931498347e-06,6.584510251820286e-06,6.584511466786581e-06,6.584512576678718e-06,6.584513581776953e-06,6.584514482361199e-06,6.584515278710401e-06,6.584515971103419e-06,6.5845165598178584e-06,6.584517045130214e-06,6.584517427316884e-06,6.584517706653077e-06,6.584517883413443e-06,6.584517957871863e-06,6.584517930301542e-06,6.584517800974978e-06,6.5845175701640044e-06,6.584517238139364e-06,6.584516805171736e-06,6.584516271530418e-06,6.5845156374839515e-06,6.5845149033011115e-06,6.5845140692489645e-06,6.584513135594117e-06,6.5845121026028e-06,6.58451097054008e-06,6.584509739670374e-06,6.584508410257693e-06,6.584506982565243e-06,6.584505456855281e-06,6.584503833389688e-06,6.584502112429318e-06,6.5845002942346415e-06,6.5844983790652135e-06,6.584496367180019e-06,6.584494258837839e-06,6.584492054295166e-06,6.5844897538092856e-06,6.584487357636386e-06,6.584484866032697e-06,6.5844822792521854e-06,6.584479597549491e-06,6.584476821176369e-06,6.584473950387945e-06,6.584470985435296e-06,6.584467926569375e-06,6.5844647740416415e-06,6.58446152810206e-06,6.584458188999428e-06,6.584454756982474e-06,6.584451232300919e-06,6.58444761520103e-06,6.584443905925494e-06,6.584440104725755e-06,6.584436211848125e-06,6.584432227536187e-06,6.5844281520333744e-06,6.5844239855806505e-06,6.584419728425259e-06,6.584415380809554e-06,6.584410942969008e-06,6.584406415149571e-06,6.5844017975887375e-06,6.584397090527187e-06,6.5843922942059664e-06,6.584387408859745e-06,6.584382434723179e-06,6.58437737204089e-06,6.584372221046376e-06,6.5843669819754164e-06,6.58436165506321e-06,6.584356240544183e-06,6.584350738652288e-06,6.584345149620737e-06,6.584339473682211e-06,6.584333711068641e-06,6.584327862011536e-06,6.584321926741607e-06,6.584315905489049e-06,6.584309798483331e-06,6.584303605953398e-06,6.584297328127648e-06,6.584290965233745e-06,6.5842845174988264e-06,6.584277985149365e-06,6.584271368411175e-06,6.584264667509554e-06,6.58425788266922e-06,6.584251014114218e-06,6.5842440620681814e-06,6.584237026753832e-06,6.584229908393596e-06,6.5842227072089985e-06,6.584215423421263e-06,6.5842080572509525e-06,6.584200608917824e-06,6.584193078641278e-06,6.5841854666401596e-06,6.58417777313254e-06,6.584169998335982e-06,6.584162142467629e-06,6.584154205743684e-06,6.584146188384852e-06,6.584138090601785e-06,6.584129912609191e-06,6.5841216546211735e-06,6.584113316851279e-06,6.584104899512513e-06,6.5840964028172535e-06,6.584087826977368e-06,6.584079172204106e-06,6.584070438708204e-06,6.584061626699788e-06,6.5840527363884636e-06,6.584043767983262e-06,6.584034721692652e-06,6.584025597724524e-06,6.58401639628623e-06,6.584007117584604e-06,6.583997761825876e-06,6.583988329215766e-06,6.583978819959403e-06,6.5839692342614045e-06,6.583959572325833e-06,6.583949834356186e-06,6.583940020555462e-06,6.583930131126052e-06,6.583920166269867e-06,6.583910126188236e-06,6.583900011081981e-06,6.5838898211513775e-06,6.5838795565961525e-06,6.583869217615512e-06,6.5838588044081376e-06,6.5838483171721885e-06,6.583837756105254e-06,6.583827121404433e-06,6.583816413266272e-06,6.583805631886824e-06,6.583794777461592e-06,6.5837838501855765e-06,6.583772850253241e-06,6.583761777858544e-06,6.583750633194906e-06,6.5837394164552624e-06,6.583728127832003e-06,6.583716767517013e-06,6.583705335701681e-06,6.58369383257686e-06,6.5836822583329085e-06,6.583670613159696e-06,6.5836588972465345e-06,6.5836471107822755e-06,6.583635253955271e-06,6.583623326953304e-06,6.583611329963749e-06,6.583599263173408e-06,6.583587126768613e-06,6.583574920935215e-06,6.58356264585853e-06,6.583550301723409e-06,6.5835378887142105e-06,6.58352540701476e-06,6.583512856808441e-06,6.583500238278169e-06,6.583487551606273e-06,6.583474796974697e-06,6.583461974564864e-06,6.583449084557659e-06,6.583436127133577e-06,6.583423102472565e-06,6.583410010751957e-06,6.5833968521529195e-06,6.583383626853964e-06,6.583370335033187e-06,6.583356976870327e-06,6.583343552540309e-06,6.5833300622198086e-06,6.583316506078129e-06,6.583302884297753e-06,6.583289197059461e-06,6.583275444526867e-06,6.58326162688679e-06,6.583247744299067e-06,6.583233796944055e-06,6.583219784996342e-06,6.583205708626607e-06,6.583191568005423e-06,6.583177363307107e-06,6.583163094699893e-06,6.583148762355903e-06,6.583134366445429e-06,6.5831199071379055e-06,6.583105384602887e-06,6.583090799008704e-06,6.583076150524054e-06,6.583061439317453e-06,6.583046665555061e-06,6.583031829404417e-06,6.583016931032465e-06,6.5830019706047354e-06,6.5829869482869765e-06,6.582971864244559e-06,6.582956718642337e-06,6.582941511644462e-06,6.582926243424702e-06,6.582910914126427e-06,6.582895523933659e-06,6.582880072998558e-06,6.582864561471947e-06,6.582848989526576e-06,6.582833357323938e-06,6.582817665024685e-06,6.582801912801559e-06,6.582786100802646e-06,6.582770229174428e-06,6.58275429808904e-06,6.58273830770466e-06,6.582722258194109e-06,6.582706149687692e-06,6.582689982356438e-06,6.5826737563715355e-06,6.582657471875724e-06,6.582641129025205e-06,6.582624727975804e-06,6.58260826886863e-06,6.5825917518725775e-06,6.582575177155353e-06,6.582558544860047e-06,6.582541855136902e-06,6.582525108141004e-06,6.582508304025277e-06,6.582491442942212e-06,6.582474525043924e-06,6.582457550482097e-06,6.582440519408051e-06,6.582423431972687e-06,6.582406288326466e-06,6.582389088619488e-06,6.582371833001465e-06,6.582354521621694e-06,6.582337154629035e-06,6.582319732172028e-06,6.582302254403006e-06,6.5822847214629895e-06,6.5822671334999194e-06,6.582249490662499e-06,6.582231793097282e-06,6.582214040950405e-06,6.582196234367655e-06,6.58217837349434e-06,6.582160458475463e-06,6.582142489449086e-06,6.582124466566244e-06,6.582106389970322e-06,6.582088259812249e-06,6.582070076204526e-06,6.582051839318204e-06,6.582033549299809e-06,6.582015206272775e-06,6.581996810390542e-06,6.5819783617898155e-06,6.581959860617606e-06,6.581941307020064e-06,6.581922701117892e-06,6.581904043068652e-06,6.581885333002653e-06,6.581866571058854e-06,6.5818477573766795e-06,6.581828892092512e-06,6.581809975345067e-06,6.581791007271796e-06,6.581771988009617e-06,6.581752917695546e-06,6.5817337964657066e-06,6.581714624459612e-06,6.5816954018059575e-06,6.581676128643429e-06,6.581656805107058e-06,6.581637431334752e-06,6.581618007457318e-06,6.581598533608519e-06,6.581579009921831e-06,6.581559436527726e-06,6.581539813564236e-06,6.5815201411611596e-06,6.5815004194504855e-06,6.581480648563928e-06,6.581460828632899e-06,6.58144095978841e-06,6.581421042160941e-06,6.581401075880926e-06,6.58138106107834e-06,6.581360997882855e-06,6.581340886423666e-06,6.581320726829624e-06,6.581300519229406e-06,6.581280263751221e-06,6.581259960523113e-06,6.581239609672365e-06,6.581219211326358e-06,6.581198765611962e-06,6.581178272655663e-06,6.581157732583774e-06,6.581137145522032e-06,6.5811165115960425e-06,6.581095830931004e-06,6.5810751036516466e-06,6.581054329882723e-06,6.581033509748203e-06,6.581012643372233e-06,6.580991730878181e-06,6.580970772389309e-06,6.580949768028462e-06,6.580928717918253e-06,6.5809076221809e-06,6.58088648093824e-06,6.580865294311979e-06,6.580844062423279e-06,6.580822785393057e-06,6.5808014633418545e-06,6.580780096390129e-06,6.58075868465783e-06,6.5807372282645855e-06,6.580715727329766e-06,6.580694181972398e-06,6.580672592311047e-06,6.580650958464167e-06,6.580629280549834e-06,6.580607558685857e-06,6.5805857929897015e-06,6.5805639835758186e-06,6.58054213056621e-06,6.580520234074465e-06,6.580498294215041e-06,6.58047631109156e-06,6.580454284834236e-06,6.580432215557377e-06,6.580410103377659e-06,6.5803879484189345e-06,6.580365750775335e-06,6.5803435105834185e-06,6.580321227931688e-06,6.580298902957716e-06,6.580276535752038e-06,6.580254126448586e-06,6.5802316751503246e-06,6.580209181975171e-06,6.5801866470256055e-06,6.580164070417494e-06,6.580141452258752e-06,6.5801187926617355e-06,6.580096091742086e-06,6.5800733496105436e-06,6.580050566343021e-06,6.580027742103124e-06,6.580004876977225e-06,6.579981971079651e-06,6.579959024512305e-06,6.5799360373785564e-06,6.579913009803294e-06,6.57988994190206e-06,6.579866833749554e-06,6.579843685469821e-06,6.579820497176472e-06,6.579797268946776e-06,6.579774000922076e-06,6.579750693187573e-06,6.579727345879052e-06,6.5797039590941184e-06,6.579680532915504e-06,6.5796570674697e-06,6.579633562831496e-06,6.579610019151909e-06,6.5795864364922295e-06,6.579562814973457e-06,6.5795391546974205e-06,6.579515455766451e-06,6.579491718293956e-06,6.579467942378122e-06,6.579444128123669e-06,6.5794202756296166e-06,6.579396384995449e-06,6.579372456326427e-06,6.579348489725564e-06,6.579324485293024e-06,6.57930044313124e-06,6.579276363332541e-06,6.579252246010845e-06,6.57922809126052e-06,6.579203899181625e-06,6.579179669874195e-06,6.579155403436977e-06,6.579131099969166e-06,6.5791067595716e-06,6.579082382345235e-06,6.579057968368722e-06,6.5790335177708995e-06,6.579009030634694e-06,6.578984507081272e-06,6.578959947185193e-06,6.5789353510450035e-06,6.578910718738757e-06,6.578886050378424e-06,6.578861346062893e-06,6.578836605893924e-06,6.578811829936858e-06,6.5787870183345676e-06,6.578762171155931e-06,6.578737288506404e-06,6.578712370476225e-06,6.5786874171644224e-06,6.578662428625686e-06,6.578637405025038e-06,6.578612346418583e-06,6.578587252894682e-06,6.578562124552499e-06,6.5785369614918275e-06,6.5785117637709366e-06,6.578486531532733e-06,6.578461264849925e-06,6.578435963812913e-06,6.578410628515102e-06,6.578385259046974e-06,6.578359855499493e-06,6.5783344179645715e-06,6.5783089465436395e-06,6.578283441302012e-06,6.5782579023602145e-06,6.578232329781734e-06,6.578206723666004e-06,6.578181084103324e-06,6.578155411188136e-06,6.57812970500668e-06,6.578103965647571e-06,6.578078193199815e-06,6.578052387747866e-06,6.578026549391522e-06,6.578000678207239e-06,6.5779747742877385e-06,6.577948837716696e-06,6.577922868587235e-06,6.577896866982317e-06,6.577870832992343e-06,6.57784476670276e-06,6.577818668198728e-06,6.577792537564821e-06,6.577766374891963e-06,6.577740180230293e-06,6.577713953739922e-06,6.577687695453392e-06,6.5776614054305776e-06,6.577635083828957e-06,6.5776087307014064e-06,6.577582346115324e-06,6.577555930178968e-06,6.577529482966291e-06,6.577503004555636e-06,6.577476495039852e-06,6.577449954494534e-06,6.577423383003361e-06,6.577396780645339e-06,6.5773701475202656e-06,6.577343483697071e-06,6.577316789263685e-06,6.5772900642975365e-06,6.5772633088819426e-06,6.577236523096991e-06,6.577209707015005e-06,6.577182860733457e-06,6.577155984331653e-06,6.57712907784613e-06,6.577102141429243e-06,6.577075175135845e-06,6.577048179034931e-06,6.577021153210495e-06,6.576994097742203e-06,6.576967012709552e-06,6.5769398981909485e-06,6.576912754266867e-06,6.576885581019621e-06,6.5768583785304265e-06,6.576831146860835e-06,6.576803886102428e-06,6.576776596324803e-06,6.576749277614967e-06,6.576721930042927e-06,6.576694553687993e-06,6.576667148628569e-06,6.576639714941638e-06,6.576612252706374e-06,6.576584762000165e-06,6.5765572428981425e-06,6.576529695470207e-06,6.57650211979737e-06,6.5764745159489095e-06,6.5764468840053e-06,6.576419224009036e-06,6.576391536101581e-06,6.576363820329014e-06,6.576336076761888e-06,6.576308305455928e-06,6.576280506522392e-06,6.5762526800109304e-06,6.5762248260019675e-06,6.576196944574254e-06,6.576169035799837e-06,6.576141099720608e-06,6.576113136464584e-06,6.576085146051311e-06,6.57605712859896e-06,6.576029084109083e-06,6.576001012759614e-06,6.575972914580685e-06,6.575944789621626e-06,6.575916637982498e-06,6.575888459704212e-06,6.5758602548667096e-06,6.575832023544245e-06,6.5758037658219335e-06,6.575775481751176e-06,6.57574717138587e-06,6.5757188348214745e-06,6.575690472129656e-06,6.575662083381972e-06,6.5756336686480555e-06,6.575605228000068e-06,6.575576761481295e-06,6.5755482691847816e-06,6.575519751199134e-06,6.57549120756328e-06,6.575462638345033e-06,6.5754340436038495e-06,6.575405423448945e-06,6.575376777929711e-06,6.575348107113048e-06,6.575319411056685e-06,6.575290689833934e-06,6.575261943518665e-06,6.5752331721717e-06,6.575204375861542e-06,6.575175554659034e-06,6.575146708620211e-06,6.5751178377623485e-06,6.575088942210391e-06,6.575060022084998e-06,6.57503107739561e-06,6.575002108224452e-06,6.574973114606584e-06,6.574944096619154e-06,6.574915054302097e-06,6.574885987779032e-06,6.57485689708515e-06,6.574827782291508e-06,6.574798643450131e-06,6.574769480633781e-06,6.57474029390415e-06,6.5747110833261284e-06,6.5746818489642235e-06,6.574652590878933e-06,6.574623309140444e-06,6.574594003809513e-06,6.574564674948724e-06,6.574535322621645e-06,6.574505946891339e-06,6.574476547820673e-06,6.5744471255045e-06,6.5744176800294055e-06,6.574388211318862e-06,6.574358719527345e-06,6.574329204682177e-06,6.574299666886837e-06,6.574270106179619e-06,6.574240522628955e-06,6.574210916403296e-06,6.574181287337422e-06,6.574151635633602e-06,6.574121961322968e-06,6.5740922644768094e-06,6.574062545149394e-06,6.574032803405446e-06,6.574003039310586e-06,6.573973252907304e-06,6.5739434442674425e-06,6.573913613469001e-06,6.573883760540506e-06,6.573853885553984e-06,6.573823988595254e-06,6.573794069672023e-06,6.573764128866921e-06,6.57373416624264e-06,6.573704181849855e-06,6.57367417575565e-06,6.573644148017877e-06,6.573614098689112e-06,6.573584027833727e-06,6.573553935502325e-06,6.573523821763112e-06,6.573493686662654e-06,6.573463530263022e-06,6.573433352631953e-06,6.573403153798155e-06,6.573372933851802e-06,6.5733426928256484e-06,6.573312430786936e-06,6.573282147790075e-06,6.5732518438925205e-06,6.573221519146887e-06,6.573191173597724e-06,6.573160807332842e-06,6.573130420391078e-06,6.5731000128220356e-06,6.573069584694432e-06,6.5730391360409414e-06,6.573008666942805e-06,6.572978177486814e-06,6.5729476676452794e-06,6.572917137512892e-06,6.5728865871465875e-06,6.572856016601354e-06,6.5728254259303244e-06,6.572794815180258e-06,6.5727641844111156e-06,6.572733533670764e-06,6.572702862942836e-06,6.572672172429861e-06,6.572641462176667e-06,6.572610732074643e-06,6.572579982324155e-06,6.5725492129809704e-06,6.572518423987608e-06,6.5724876154927875e-06,6.572456787515335e-06,6.572425940061029e-06,6.572395073207491e-06,6.572364187091952e-06,6.572333281694165e-06,6.572302357070425e-06,6.572271413231237e-06,6.572240450269357e-06,6.572209468243543e-06,6.572178467251604e-06,6.572147447233661e-06,6.5721164082934295e-06,6.572085350522132e-06,6.572054273907272e-06,6.5720231785280775e-06,6.5719920644173415e-06,6.571960931666621e-06,6.571929780303244e-06,6.5718986103726474e-06,6.571867421934459e-06,6.571836215033693e-06,6.571804989720354e-06,6.571773746043924e-06,6.571742484053849e-06,6.571711203799604e-06,6.57167990533049e-06,6.571648588695711e-06,6.57161725394403e-06,6.571585901124511e-06,6.5715545302859e-06,6.571523141476743e-06,6.5714917347455656e-06,6.571460310140664e-06,6.571428867710267e-06,6.571397407502408e-06,6.5713659295651445e-06,6.571334433946169e-06,6.571302920693628e-06,6.571271389854779e-06,6.571239841477103e-06,6.571208275607833e-06,6.571176692294247e-06,6.571145091583781e-06,6.5711134735229706e-06,6.5710818381589695e-06,6.571050185520173e-06,6.571018515689531e-06,6.570986828653148e-06,6.570955124521712e-06,6.570923403320826e-06,6.570891665107159e-06,6.5708599099024494e-06,6.57082813777523e-06,6.570796348738495e-06,6.570764542883289e-06,6.570732720236593e-06,6.570700880816827e-06,6.5706690247087115e-06,6.570637151939129e-06,6.570605262554841e-06,6.5705733565997965e-06,6.570541434119155e-06,6.570509495157314e-06,6.570477539756853e-06,6.5704455679738605e-06,6.570413579785222e-06,6.570381575339584e-06,6.570349554587308e-06,6.5703175176686964e-06,6.570285464529052e-06,6.570253395291078e-06,6.570221309987892e-06,6.570189208648223e-06,6.570157091307075e-06,6.570124958015454e-06,6.570092808823928e-06,6.570060643751458e-06,6.570028462845827e-06,6.569996266165664e-06,6.569964053738492e-06,6.569931825624299e-06,6.569899581902917e-06,6.5698673225268285e-06,6.569835047570734e-06,6.56980275704789e-06,6.569770451080565e-06,6.569738129666759e-06,6.569705792848553e-06,6.569673440688298e-06,6.569641073194659e-06,6.5696086904404535e-06,6.569576292432459e-06,6.569543879237133e-06,6.569511450901849e-06,6.569479007436451e-06,6.569446548795788e-06,6.569414075219187e-06,6.5693815866376685e-06,6.569349083091057e-06,6.569316564647745e-06,6.569284031355165e-06,6.569251483232678e-06,6.569218920324923e-06,6.569186342667158e-06,6.569153750298032e-06,6.569121143223553e-06,6.569088521601039e-06,6.569055885323032e-06,6.569023234467086e-06,6.568990569149435e-06,6.568957889362206e-06,6.568925195143347e-06,6.568892486533995e-06,6.5688597635724805e-06,6.568827026280116e-06,6.5687942747277045e-06,6.5687615089366645e-06,6.568728728943698e-06,6.5686959347914246e-06,6.568663126520293e-06,6.568630304166429e-06,6.568597467767061e-06,6.568564617499196e-06,6.568531753128306e-06,6.568498874822023e-06,6.568465982622344e-06,6.568433076567151e-06,6.568400156694052e-06,6.568367223040421e-06,6.5683342756452445e-06,6.568301314542728e-06,6.56826833977162e-06,6.568235351369066e-06,6.568202349372053e-06,6.568169333817659e-06,6.568136304742355e-06,6.5681032621797565e-06,6.568070206177099e-06,6.5680371367668465e-06,6.5680040539676714e-06,6.56797095778238e-06,6.567937848356042e-06,6.567904725720335e-06,6.567871589785078e-06,6.567838440660652e-06,6.567805278401413e-06,6.567772103000434e-06,6.567738914486031e-06,6.567705712950285e-06,6.567672498387345e-06,6.567639270844951e-06,6.56760603036568e-06,6.567572776975089e-06,6.56753951071171e-06,6.567506231608847e-06,6.567472939701394e-06,6.567439635024187e-06,6.567406317611949e-06,6.567372987499341e-06,6.56733964472087e-06,6.567306289311023e-06,6.567272921304171e-06,6.56723954074889e-06,6.5672061476752224e-06,6.567172742029824e-06,6.567139324013979e-06,6.5671058935880106e-06,6.567072450747724e-06,6.567038995503892e-06,6.567005527893529e-06,6.5669720480463685e-06,6.566938555952314e-06,6.56690505163085e-06,6.5668715351180505e-06,6.5668380064328495e-06,6.566804465635992e-06,6.566770912740442e-06,6.5667373477596905e-06,6.5667037708535094e-06,6.566670181875948e-06,6.566636580934562e-06,6.566602968068652e-06,6.566569343290343e-06,6.566535706662895e-06,6.566502058209327e-06,6.566468397954405e-06,6.566434725933811e-06,6.566401042223141e-06,6.566367346764645e-06,6.566333639641565e-06,6.566299920879341e-06,6.566266190500883e-06,6.56623244859741e-06,6.566198695102333e-06,6.56616493020323e-06,6.5661311537318605e-06,6.566097365771804e-06,6.566063566429951e-06,6.566029755680982e-06,6.565995933566135e-06,6.5659621001360696e-06,6.565928255412481e-06,6.565894399424613e-06,6.5658605322039025e-06,6.565826653781496e-06,6.565792764187922e-06,6.565758863454099e-06,6.565724951608997e-06,6.565691028685455e-06,6.5656570947120905e-06,6.565623149719067e-06,6.56558919373452e-06,6.565555226841236e-06,6.5655212489290055e-06,6.565487260234178e-06,6.5654532605958635e-06,6.56541925011333e-06,6.565385228820275e-06,6.565351196747444e-06,6.56531715395785e-06,6.565283100411286e-06,6.56524903617485e-06,6.5652149612774395e-06,6.56518087573936e-06,6.565146779596031e-06,6.565112672877472e-06,6.565078555614668e-06,6.565044427829938e-06,6.565010289559583e-06,6.564976140816058e-06,6.564941981649327e-06,6.564907812082087e-06,6.5648736321397e-06,6.564839441953187e-06,6.564805241306092e-06,6.564771030405082e-06,6.564736809246489e-06,6.564702577817097e-06,6.564668336218121e-06,6.564634084438034e-06,6.564599822507884e-06,6.564565550441337e-06,6.564531268293429e-06,6.564496976079368e-06,6.564462673914964e-06,6.56442836165002e-06,6.564394039396021e-06,6.5643597071909024e-06,6.564325365040093e-06,6.564291012958662e-06,6.564256651054625e-06,6.564222279296073e-06,6.564187897726747e-06,6.564153506353085e-06,6.5641191052222756e-06,6.564084694352487e-06,6.564050273768505e-06,6.564015843498238e-06,6.563981403569297e-06,6.56394695400361e-06,6.563912494831679e-06,6.563878026081199e-06,6.563843547776506e-06,6.563809059943525e-06,6.5637745625988595e-06,6.563740055787903e-06,6.563705539516649e-06,6.5636710138339295e-06,6.5636364787524385e-06,6.5636019342821405e-06,6.563567380470065e-06,6.563532817334867e-06,6.563498244917312e-06,6.563463663212496e-06,6.563429072276038e-06,6.563394472121936e-06,6.563359862760858e-06,6.56332524423177e-06,6.563290616559689e-06,6.563255979769841e-06,6.563221333896649e-06,6.563186678946722e-06,6.563152014965728e-06,6.5631173419652635e-06,6.563082659962988e-06,6.563047969056358e-06,6.563013269142294e-06,6.56297856031102e-06,6.562943842585557e-06,6.562909115984447e-06,6.5628743805447685e-06,6.562839636267025e-06,6.562804883200506e-06,6.562770121388826e-06,6.562735350801022e-06,6.562700571494055e-06,6.5626657834918745e-06,6.562630986797431e-06,6.5625961814598306e-06,6.562561367501936e-06,6.562526544925939e-06,6.562491713784831e-06,6.562456874092681e-06,6.562422025860082e-06,6.562387169121876e-06,6.562352303901338e-06,6.562317430206905e-06,6.562282548071335e-06,6.562247657525389e-06,6.562212758582673e-06,6.5621778512743335e-06,6.562142935615667e-06,6.562108011637021e-06,6.562073079357925e-06,6.562038138796552e-06,6.562003189940612e-06,6.561968232850675e-06,6.561933267595729e-06,6.561898294113404e-06,6.561863312462221e-06,6.561828322666679e-06,6.561793324782646e-06,6.5617583187792544e-06,6.561723304702748e-06,6.561688282724949e-06,6.561653252533928e-06,6.561618214425386e-06,6.561583168414337e-06,6.561548114345816e-06,6.5615130523031015e-06,6.561477982384532e-06,6.561442904564888e-06,6.561407818871045e-06,6.5613727253465504e-06,6.561337623968744e-06,6.56130251478686e-06,6.561267397808866e-06,6.561232273048554e-06,6.561197140544875e-06,6.561162000317626e-06,6.561126852380004e-06,6.561091696810135e-06,6.561056533535843e-06,6.5610213626545444e-06,6.56098618415361e-06,6.560950998035552e-06,6.5609158043764124e-06,6.560880603149581e-06,6.5608453943602195e-06,6.560810178091646e-06,6.560774954331724e-06,6.560739723109673e-06,6.560704484433271e-06,6.560669238334841e-06,6.560633984769827e-06,6.56059872387557e-06,6.560563455560994e-06,6.560528179871147e-06,6.560492896875218e-06,6.5604576066451374e-06,6.560422309011685e-06,6.560387004198441e-06,6.5603516921445585e-06,6.560316372915342e-06,6.5602810464820725e-06,6.560245712847178e-06,6.560210372059258e-06,6.560175024086438e-06,6.560139669048031e-06,6.560104306894178e-06,6.560068937653704e-06,6.5600335613399355e-06,6.559998177990514e-06,6.559962787603917e-06,6.559927390211385e-06,6.55989198583015e-06,6.559856574487852e-06,6.559821156214559e-06,6.559785730996329e-06,6.5597502988676635e-06,6.559714859854672e-06,6.559679413929724e-06,6.559643961137738e-06,6.559608501554649e-06,6.5595730351687395e-06,6.559537561986948e-06,6.5595020819969636e-06,6.559466595275305e-06,6.55943110184826e-06,6.559395601672175e-06,6.5593600948569395e-06,6.559324581302818e-06,6.559289061135295e-06,6.5592535343328105e-06,6.559218000852044e-06,6.5591824607487375e-06,6.559146914049588e-06,6.559111360802365e-06,6.559075801083859e-06,6.559040234806527e-06,6.5590046619644725e-06,6.558969082622007e-06,6.558933496740643e-06,6.558897904441609e-06,6.558862305816766e-06,6.5588267006832274e-06,6.558791089137643e-06,6.558755471201488e-06,6.558719846962047e-06,6.558684216318767e-06,6.5586485793284035e-06,6.558612936029152e-06,6.558577286415093e-06,6.558541630530533e-06,6.558505968383362e-06,6.5584702999978725e-06,6.558434625394189e-06,6.5583989445687125e-06,6.558363257558362e-06,6.558327564350138e-06,6.558291865011871e-06,6.558256159531657e-06,6.5582204479286856e-06,6.55818473022271e-06,6.5581490064262795e-06,6.5581132765673006e-06,6.558077540641829e-06,6.558041798670215e-06,6.5580060506883035e-06,6.557970296701175e-06,6.557934536732168e-06,6.5578987708034835e-06,6.5578629989145366e-06,6.557827221065642e-06,6.557791437332204e-06,6.5577556476546115e-06,6.557719852101485e-06,6.557684050673033e-06,6.557648243374122e-06,6.5576124302627785e-06,6.557576611321988e-06,6.5575407865840096e-06,6.557504956059091e-06,6.557469119760237e-06,6.557433277621429e-06,6.557397429827188e-06,6.55736157631307e-06,6.5573257170925975e-06,6.557289852187342e-06,6.557253981607862e-06,6.557218105370621e-06,6.55718222348662e-06,6.55714633590574e-06,6.557110442790518e-06,6.557074544081696e-06,6.557038639791649e-06,6.557002729942207e-06,6.556966814545952e-06,6.556930893618902e-06,6.556894967176573e-06,6.556859035237493e-06,6.556823097811416e-06,6.556787154917067e-06,6.5567512065694635e-06,6.556715252784306e-06,6.556679293576914e-06,6.556643328966057e-06,6.556607358960606e-06,6.556571383606305e-06,6.55653540286819e-06,6.556499416753417e-06,6.556463425285204e-06,6.556427428543191e-06,6.556391426494746e-06,6.556355419170342e-06,6.556319406520873e-06,6.556283388670678e-06,6.5562473655814955e-06,6.556211337265327e-06,6.556175303684256e-06,6.556139264964437e-06,6.556103221080608e-06,6.556067172036253e-06,6.5560311178254655e-06,6.5559950585310965e-06,6.555958994057828e-06,6.555922924532528e-06,6.555886849862061e-06,6.555850770108963e-06,6.555814685313315e-06,6.555778595458302e-06,6.55574250057009e-06,6.555706400648827e-06,6.555670295720798e-06,6.555634185802696e-06,6.555598070906968e-06,6.555561951046368e-06,6.5555258261901035e-06,6.555489696480237e-06,6.555453561813918e-06,6.555417422239503e-06,6.555381277768476e-06,6.555345128421865e-06,6.5553089742094775e-06,6.555272815144874e-06,6.555236651259405e-06,6.555200482535657e-06,6.555164309054534e-06,6.555128130756766e-06,6.555091947639618e-06,6.555055759752265e-06,6.555019567112061e-06,6.554983369719955e-06,6.554947167459843e-06,6.554910960645075e-06,6.5548747491079276e-06,6.554838532876164e-06,6.554802311987872e-06,6.5547660864417805e-06,6.554729856285858e-06,6.554693621513396e-06,6.5546573820901284e-06,6.554621138047618e-06,6.554584889411333e-06,6.554548636243626e-06,6.554512378382037e-06,6.554476116035101e-06,6.554439849156874e-06,6.554403577835785e-06,6.5543673019158105e-06,6.554331021492861e-06,6.554294736578537e-06,6.554258447216206e-06,6.554222153388882e-06,6.55418585509729e-06,6.55414955235033e-06,6.554113245270427e-06,6.554076933796318e-06,6.554040617835309e-06,6.554004297473776e-06,6.553967972746209e-06,6.553931643663695e-06,6.553895310192707e-06,6.553858972416435e-06,6.553822630309197e-06,6.553786283935372e-06,6.553749933219714e-06,6.553713578229636e-06,6.553677218956907e-06,6.553640855381102e-06,6.55360448760121e-06,6.553568115569959e-06,6.553531739329767e-06,6.553495358835593e-06,6.553458974183363e-06,6.553422585401048e-06,6.553386192389462e-06,6.553349795214698e-06,6.553313393854039e-06,6.553276988388968e-06,6.553240578793539e-06,6.553204165043027e-06,6.553167747259643e-06,6.553131325389547e-06,6.5530948994118005e-06,6.553058469333238e-06,6.55302203523482e-06,6.55298559708413e-06,6.552949154984757e-06,6.552912708794481e-06,6.5528762585874136e-06,6.5528398043825e-06,6.552803346191844e-06,6.552766884041718e-06,6.552730417834957e-06,6.552693947759448e-06,6.5526574737472365e-06,6.5526209958143245e-06,6.552584513977604e-06,6.552548028224411e-06,6.552511538509896e-06,6.552475044941041e-06,6.552438547530979e-06,6.552402046275633e-06,6.552365541173425e-06,6.5523290321730245e-06,6.552292519398474e-06,6.552256002733116e-06,6.552219482340895e-06,6.5521829581542345e-06,6.552146430191203e-06,6.5521098984555305e-06,6.552073362969936e-06,6.552036823853236e-06,6.552000280902699e-06,6.551963734198485e-06,6.55192718378464e-06,6.551890629626511e-06,6.551854071806755e-06,6.5518175103256375e-06,6.551780945166518e-06,6.551744376346539e-06,6.551707803886661e-06,6.5516712277589206e-06,6.551634648212694e-06,6.551598064851268e-06,6.551561477918478e-06,6.5515248873611605e-06,6.5514882932124855e-06,6.551451695488995e-06,6.551415094219647e-06,6.551378489513415e-06,6.5513418811283755e-06,6.551305269235887e-06,6.551268653794193e-06,6.551232034877162e-06,6.551195412432848e-06,6.551158786497524e-06,6.551122157074961e-06,6.551085524160454e-06,6.55104888776646e-06,6.5510122479331894e-06,6.550975604683406e-06,6.550938957978515e-06,6.5509023079621314e-06,6.550865654471413e-06,6.550828997565686e-06,6.5507923373421595e-06,6.550755673663311e-06,6.5507190065479316e-06,6.550682336162158e-06,6.550645662411056e-06,6.550608985411398e-06,6.550572304991889e-06,6.550535621248646e-06,6.550498934210049e-06,6.550462243855477e-06,6.550425550216844e-06,6.5503888533023375e-06,6.5503521531140805e-06,6.550315449665089e-06,6.550278742970321e-06,6.5502420330259055e-06,6.550205319851631e-06,6.550168603469589e-06,6.5501318837922756e-06,6.5500951609803885e-06,6.55005843499009e-06,6.5500217058134754e-06,6.549984973494268e-06,6.54994823795831e-06,6.549911499371831e-06,6.549874757580773e-06,6.549838012628082e-06,6.5498012645585935e-06,6.549764513350276e-06,6.549727759049272e-06,6.549691001631694e-06,6.549654241213005e-06,6.549617477624531e-06,6.549580710973029e-06,6.549543941265162e-06,6.5495071685060474e-06,6.549470392702343e-06,6.549433613870786e-06,6.549396832039651e-06,6.5493600471705145e-06,6.549323259186574e-06,6.549286468302352e-06,6.549249674430316e-06,6.549212877628738e-06,6.549176077746602e-06,6.5491392749627974e-06,6.549102469215576e-06,6.549065660591441e-06,6.5490288489751585e-06,6.5489920344330244e-06,6.548955217037532e-06,6.548918396694753e-06,6.548881573439763e-06,6.548844747281345e-06,6.54880791825395e-06,6.54877108633981e-06,6.548734251560895e-06,6.548697413946879e-06,6.548660573467225e-06,6.5486237301414305e-06,6.5485868839945635e-06,6.548550035041932e-06,6.548513183261165e-06,6.548476328740251e-06,6.548439471368404e-06,6.548402611200801e-06,6.5483657483683125e-06,6.548328882686376e-06,6.54829201418401e-06,6.548255142950698e-06,6.548218268975233e-06,6.548181392286035e-06,6.548144512841064e-06,6.548107630680165e-06,6.548070745808844e-06,6.548033858249675e-06,6.547996967981965e-06,6.547960075028305e-06,6.547923179398999e-06,6.547886281095312e-06,6.5478493801532335e-06,6.54781247653513e-06,6.547775570269465e-06,6.547738661390758e-06,6.547701749884515e-06,6.547664835736113e-06,6.5476279189711475e-06,6.547590999543911e-06,6.547554077606802e-06,6.5475171530549185e-06,6.547480225905508e-06,6.547443296195085e-06,6.547406363920191e-06,6.547369429085963e-06,6.547332491702669e-06,6.547295551777102e-06,6.547258609321429e-06,6.547221664393514e-06,6.547184716898448e-06,6.5471477668866345e-06,6.547110814428306e-06,6.5470738594173294e-06,6.5470369019210205e-06,6.546999941949227e-06,6.5469629795020185e-06,6.5469260145922874e-06,6.546889047222186e-06,6.546852077407114e-06,6.546815105152188e-06,6.546778130488375e-06,6.546741153377855e-06,6.54670417384568e-06,6.546667191904651e-06,6.5466302075571166e-06,6.546593220842625e-06,6.546556231707911e-06,6.546519240169163e-06,6.54648224628504e-06,6.5464452500309296e-06,6.5464082514193695e-06,6.5463712504577775e-06,6.546334247153089e-06,6.546297241508496e-06,6.546260233531547e-06,6.5462232232346546e-06,6.546186210627691e-06,6.546149195706475e-06,6.5461121784862145e-06,6.5460751589367056e-06,6.546038137136557e-06,6.546001113065285e-06,6.5459640867222235e-06,6.54592705811461e-06,6.545890027308198e-06,6.545852994195501e-06,6.545815958846398e-06,6.545778921250136e-06,6.545741881424917e-06,6.545704839377992e-06,6.54566779511997e-06,6.545630748658139e-06,6.545593699990328e-06,6.545556649187766e-06,6.545519596146447e-06,6.545482540913029e-06,6.5454454835041514e-06,6.545408423936457e-06,6.54537136220494e-06,6.54533429835339e-06,6.545297232337039e-06,6.545260164174002e-06,6.545223093877829e-06,6.545186021447308e-06,6.545148946905192e-06,6.545111870257298e-06,6.545074791504714e-06,6.545037710653084e-06,6.545000627708885e-06,6.544963542702542e-06,6.544926455596872e-06,6.544889366421796e-06,6.544852275181045e-06,6.544815181892405e-06,6.5447780865401045e-06,6.544740989227501e-06,6.54470388980092e-06,6.544666788331889e-06,6.54462968486919e-06,6.54459257935599e-06,6.544555471829249e-06,6.544518362298259e-06,6.544481250774951e-06,6.5444441372533305e-06,6.5444070217432514e-06,6.54436990425378e-06,6.544332784789788e-06,6.544295663355375e-06,6.544258539969025e-06,6.544221414632787e-06,6.544184287341695e-06,6.54414715810718e-06,6.544110026942548e-06,6.5440728938443415e-06,6.544035758827298e-06,6.543998621893637e-06,6.5439614830441275e-06,6.543924342293252e-06,6.543887199641894e-06,6.543850055063653e-06,6.543812908630335e-06,6.543775760327217e-06,6.543738610112818e-06,6.5437014580597824e-06,6.543664304147765e-06,6.543627148388004e-06,6.5435899907767045e-06,6.5435528312861565e-06,6.54351566998356e-06,6.54347850686122e-06,6.5434413419051985e-06,6.543404175133652e-06,6.543367006555187e-06,6.543329836162856e-06,6.543292663978431e-06,6.543255489989459e-06,6.543218314211488e-06,6.5431811366791574e-06,6.543143957339302e-06,6.5431067762284085e-06,6.5430695933332535e-06,6.543032408693797e-06,6.542995222317822e-06,6.542958034185294e-06,6.542920844307724e-06,6.542883652689316e-06,6.542846459348819e-06,6.542809264276296e-06,6.542772067479157e-06,6.542734869045003e-06,6.54269766883389e-06,6.542660466914341e-06,6.542623263297339e-06,6.542586057998997e-06,6.542548851011141e-06,6.542511642338067e-06,6.542474431980889e-06,6.542437219952238e-06,6.54240000623691e-06,6.542362790880346e-06,6.542325573892612e-06,6.542288355258615e-06,6.54225113496854e-06,6.542213913048706e-06,6.542176689508595e-06,6.542139464366398e-06,6.54210223758243e-06,6.54206500919353e-06,6.5420277792001194e-06,6.541990547581228e-06,6.54195331436295e-06,6.541916079569913e-06,6.541878843183881e-06,6.541841605209189e-06,6.541804365670205e-06,6.541767124557413e-06,6.5417298819816085e-06,6.541692637747564e-06,6.5416553920192644e-06,6.541618144681761e-06,6.5415808957927085e-06,6.54154364537287e-06,6.541506393420427e-06,6.5414691399365465e-06,6.541431884922123e-06,6.541394628404018e-06,6.541357370367534e-06,6.541320110823802e-06,6.541282849785734e-06,6.541245587246915e-06,6.541208323259457e-06,6.541171057733831e-06,6.541133790837101e-06,6.541096522370311e-06,6.5410592524238256e-06,6.541021981011535e-06,6.540984708190039e-06,6.540947433860594e-06,6.5409101580783515e-06,6.540872880851681e-06,6.5408356021822225e-06,6.540798322074497e-06,6.540761040536736e-06,6.540723757561885e-06,6.540686473180605e-06,6.540649187375353e-06,6.540611900155118e-06,6.540574611538584e-06,6.540537321510765e-06,6.540500030102036e-06,6.540462737294205e-06,6.540425443151486e-06,6.540388147575084e-06,6.540350850630168e-06,6.540313552308437e-06,6.540276252611064e-06,6.540238951539489e-06,6.540201649126607e-06,6.540164345360903e-06,6.540127040250322e-06,6.540089733865269e-06,6.540052426094194e-06,6.540015116959711e-06,6.539977806504053e-06,6.539940494795415e-06,6.5399031816978334e-06,6.539865867282739e-06,6.539828551548037e-06,6.539791234521092e-06,6.539753916192927e-06,6.539716596567654e-06,6.5396792756351135e-06,6.539641953423312e-06,6.539604629929047e-06,6.539567305193164e-06,6.539529979147246e-06,6.5394926518407034e-06,6.539455323268821e-06,6.539417993440536e-06,6.539380662365097e-06,6.539343330026091e-06,6.539305996434839e-06,6.5392686616182925e-06,6.539231325539964e-06,6.5391939882517016e-06,6.539156649722969e-06,6.539119309972152e-06,6.539081969007604e-06,6.5390446268098e-06,6.539007283450176e-06,6.5389699388437265e-06,6.538932593039441e-06,6.5388952460226955e-06,6.538857897829626e-06,6.538820548442162e-06,6.538783197866584e-06,6.538745846092453e-06,6.538708493167352e-06,6.538671139075864e-06,6.538633783810083e-06,6.538596427385323e-06,6.538559069801015e-06,6.538521711059887e-06,6.5384843511787915e-06,6.538446990149164e-06,6.538409627958681e-06,6.5383722646430235e-06,6.5383349002790174e-06,6.538297534674594e-06,6.538260167983248e-06,6.538222800150367e-06,6.538185431203373e-06,6.538148061155388e-06,6.538110690010694e-06,6.5380733177482645e-06,6.538035944372839e-06,6.537998569915066e-06,6.537961194353222e-06,6.537923817715198e-06,6.5378864399579334e-06,6.537849061159003e-06,6.537811681299335e-06,6.5377743003589885e-06,6.5377369183534164e-06,6.537699535288414e-06,6.5376621511459045e-06,6.5376247659655064e-06,6.5375873797430715e-06,6.537549992448379e-06,6.537512604110524e-06,6.537475214759949e-06,6.537437824367196e-06,6.537400432936594e-06,6.537363040498012e-06,6.537325647024804e-06,6.5372882525240985e-06,6.537250857019218e-06,6.537213460504e-06,6.537176062956617e-06,6.537138664385528e-06,6.537101264849622e-06,6.537063864325867e-06,6.537026462799641e-06,6.536989060266309e-06,6.536951656770018e-06,6.536914252377902e-06,6.5368768469439014e-06,6.536839440543999e-06,6.536802033138204e-06,6.5367646247702115e-06,6.5367272154430725e-06,6.536689805149731e-06,6.536652393930052e-06,6.536614981753591e-06,6.536577568630435e-06,6.536540154585918e-06,6.536502739567889e-06,6.536465323616198e-06,6.536427906732844e-06,6.536390488908785e-06,6.536353070241059e-06,6.5363156505997995e-06,6.53627823003703e-06,6.536240808549907e-06,6.53620338616362e-06,6.5361659628362834e-06,6.536128538630693e-06,6.5360911135441656e-06,6.5360536875175645e-06,6.5360162606284585e-06,6.535978832846435e-06,6.535941404188907e-06,6.53590397465728e-06,6.5358665442249314e-06,6.53582911292072e-06,6.5357916807537616e-06,6.5357542477393385e-06,6.535716813836426e-06,6.535679379090176e-06,6.535641943473722e-06,6.53560450700451e-06,6.5355670696871974e-06,6.53552963152685e-06,6.535492192505187e-06,6.53545475267495e-06,6.535417312009654e-06,6.535379870500083e-06,6.535342428164195e-06,6.535304984999599e-06,6.5352675410020335e-06,6.535230096198782e-06,6.535192650580556e-06,6.535155204150916e-06,6.5351177569207205e-06,6.535080308891408e-06,6.5350428600665295e-06,6.535005410424407e-06,6.5349679599875824e-06,6.534930508753831e-06,6.534893056735745e-06,6.534855603946405e-06,6.53481815037978e-06,6.5347806960141556e-06,6.5347432408762755e-06,6.5347057849704635e-06,6.534668328316392e-06,6.534630870886976e-06,6.534593412646262e-06,6.534555953676712e-06,6.534518493963156e-06,6.534481033495255e-06,6.534443572261419e-06,6.53440611029449e-06,6.53436864761709e-06,6.534331184173336e-06,6.5342937200439444e-06,6.534256255233198e-06,6.534218789572676e-06,6.534181323210404e-06,6.534143856115332e-06,6.5341063882994055e-06,6.534068919766538e-06,6.534031450551338e-06,6.5339939805434515e-06,6.533956509898191e-06,6.533919038528591e-06,6.533881566467769e-06,6.533844093701801e-06,6.533806620244304e-06,6.533769146093229e-06,6.53373167123833e-06,6.533694195687267e-06,6.53365671947636e-06,6.53361924259018e-06,6.5335817650332505e-06,6.5335442867897025e-06,6.533506807874876e-06,6.533469328297111e-06,6.5334318480498414e-06,6.533394367141212e-06,6.53335688558024e-06,6.5333194034241475e-06,6.53328192062385e-06,6.533244437090199e-06,6.5332069529200084e-06,6.533169468104272e-06,6.5331319826519345e-06,6.533094496560701e-06,6.5330570098631685e-06,6.533019522480922e-06,6.5329820344199655e-06,6.532944545803041e-06,6.532907056561763e-06,6.532869566684101e-06,6.5328320762916515e-06,6.532794585198774e-06,6.532757093495733e-06,6.532719601129305e-06,6.532682108210206e-06,6.532644614688014e-06,6.532607120461565e-06,6.5325696257459186e-06,6.532532130457128e-06,6.5324946345549094e-06,6.532457138064418e-06,6.532419640982836e-06,6.532382143322088e-06,6.5323446450645754e-06,6.532307146242649e-06,6.532269646844456e-06,6.5322321468742255e-06,6.5321946463385635e-06,6.532157145348312e-06,6.532119643672408e-06,6.532082141442343e-06,6.532044638676141e-06,6.53200713533579e-06,6.5319696314411694e-06,6.531932126992372e-06,6.531894621996e-06,6.53185711645841e-06,6.531819610391276e-06,6.5317821037684536e-06,6.5317445966222305e-06,6.531707088928494e-06,6.5316695807036005e-06,6.531632071949801e-06,6.531594562700508e-06,6.531557052897142e-06,6.531519542574435e-06,6.531482031756994e-06,6.531444520399271e-06,6.531407008530194e-06,6.531369496149346e-06,6.531331983287249e-06,6.531294469897652e-06,6.531256956028488e-06,6.5312194416455475e-06,6.531181926747956e-06,6.531144411363446e-06,6.5311068954834645e-06,6.531069379116136e-06,6.531031862286579e-06,6.530994344968871e-06,6.5309568271460454e-06,6.530919308847736e-06,6.530881790061134e-06,6.530844270816911e-06,6.530806751094852e-06,6.5307692309649245e-06,6.530731710309218e-06,6.530694189170357e-06,6.530656667587199e-06,6.530619145520174e-06,6.530581622997195e-06,6.530544100114089e-06,6.530506576644923e-06,6.530469052791546e-06,6.53043152848974e-06,6.530394003731624e-06,6.530356478557841e-06,6.530318952941805e-06,6.5302814268713175e-06,6.5302439003769425e-06,6.530206373452486e-06,6.530168846079883e-06,6.5301313182885475e-06,6.530093790075828e-06,6.530056261466233e-06,6.530018732434335e-06,6.529981202958538e-06,6.52994367307858e-06,6.529906142805041e-06,6.529868612105598e-06,6.529831081012535e-06,6.529793549482688e-06,6.529756017566054e-06,6.529718485230098e-06,6.529680952531298e-06,6.5296434194366465e-06,6.529605885911285e-06,6.529568352026027e-06,6.529530817728684e-06,6.529493283042685e-06,6.52945574793766e-06,6.5294182124690615e-06,6.5293806766316175e-06,6.529343140412968e-06,6.5293056038243126e-06,6.529268066872648e-06,6.529230529527499e-06,6.529192991815512e-06,6.5291554537365385e-06,6.529117915288686e-06,6.529080376481912e-06,6.529042837314853e-06,6.529005297784781e-06,6.528967757914513e-06,6.5289302176633785e-06,6.528892677078368e-06,6.528855136142268e-06,6.528817594919319e-06,6.528780053283819e-06,6.528742511316441e-06,6.528704969033337e-06,6.528667426281839e-06,6.528629883324701e-06,6.528592340006174e-06,6.52855479635635e-06,6.528517252404151e-06,6.528479708125705e-06,6.528442163521612e-06,6.528404618564849e-06,6.52836707327117e-06,6.528329527674564e-06,6.52829198174873e-06,6.528254435520901e-06,6.528216888964072e-06,6.528179342094886e-06,6.5281417949215735e-06,6.528104247434543e-06,6.52806669966161e-06,6.528029151577379e-06,6.5279916032041495e-06,6.52795405453329e-06,6.527916505566821e-06,6.527878956310472e-06,6.5278414067585596e-06,6.527803856917836e-06,6.527766306789106e-06,6.5277287563751635e-06,6.527691205681353e-06,6.527653654707671e-06,6.527616103454682e-06,6.527578551922829e-06,6.527541000115809e-06,6.5275034480353556e-06,6.527465895683814e-06,6.5274283430629316e-06,6.527390790174835e-06,6.527353237022842e-06,6.527315683606257e-06,6.527278129928764e-06,6.527240575992071e-06,6.527203021797492e-06,6.527165467347621e-06,6.527127912644495e-06,6.527090357690082e-06,6.527052802486216e-06,6.527015247032952e-06,6.526977691335744e-06,6.526940135394869e-06,6.526902579238527e-06,6.526865022813396e-06,6.526827466184659e-06,6.526789909288565e-06,6.526752352154367e-06,6.526714794788716e-06,6.526677237109629e-06,6.526639679288459e-06,6.5266021212417185e-06,6.526564562970537e-06,6.526527004477384e-06,6.526489445763365e-06,6.526451886831336e-06,6.526414327681134e-06,6.526376768314463e-06,6.52633920873899e-06,6.526301648949003e-06,6.526264088948958e-06,6.52622652873329e-06,6.526188968317048e-06,6.526151407699685e-06,6.5261138468906176e-06,6.5260762858716235e-06,6.52603872465746e-06,6.526001163237772e-06,6.525963601628059e-06,6.525926039824786e-06,6.525888477831494e-06,6.52585091564759e-06,6.52581335327891e-06,6.525775790712241e-06,6.52573822797701e-06,6.525700665056396e-06,6.525663101941348e-06,6.525625538661663e-06,6.525587975193701e-06,6.525550411556774e-06,6.525512847866505e-06,6.5254752838906685e-06,6.525437719768159e-06,6.525400155383352e-06,6.525362590945347e-06,6.525325026313115e-06,6.525287461506108e-06,6.52524989652982e-06,6.525212331401456e-06,6.525174766108792e-06,6.525137200660739e-06,6.525099635063705e-06,6.525062069317035e-06,6.525024503414345e-06,6.524986937365752e-06,6.524949371173279e-06,6.524911804827419e-06,6.524874238342727e-06,6.524836671714237e-06,6.524799104935359e-06,6.5247615380190386e-06,6.524723970971135e-06,6.5246864037919736e-06,6.524648836489648e-06,6.524611269041169e-06,6.524573701457528e-06,6.52453613374863e-06,6.524498565917387e-06,6.524460997956329e-06,6.524423429887223e-06,6.524385861677702e-06,6.524348293438076e-06,6.5243107249896e-06,6.524273156425414e-06,6.524235587744809e-06,6.52419801894823e-06,6.524160450106213e-06,6.524122881084077e-06,6.5240853118817136e-06,6.5240477426424045e-06,6.524010173297091e-06,6.5239726038951135e-06,6.523935034350182e-06,6.523897464721328e-06,6.523859894955006e-06,6.523822325093901e-06,6.523784755168079e-06,6.523747185120463e-06,6.52370961498209e-06,6.523672044743372e-06,6.523634474445809e-06,6.523596903873196e-06,6.523559333366664e-06,6.523521762666311e-06,6.523484191998611e-06,6.523446621109742e-06,6.523409050277996e-06,6.523371479395632e-06,6.523333908355146e-06,6.523296337293997e-06,6.5232587661554776e-06,6.5232211949625344e-06,6.523183623674653e-06,6.523146052368806e-06,6.523108480940063e-06,6.5230709094484875e-06,6.52303333785813e-06,6.522995766287088e-06,6.5229581944955785e-06,6.5229206227566404e-06,6.522883050915659e-06,6.522845479045014e-06,6.522807907155268e-06,6.522770335182203e-06,6.522732763156731e-06,6.522695191038409e-06,6.522657618868985e-06,6.5226200467402154e-06,6.522582474566536e-06,6.522544902341674e-06,6.522507330044891e-06,6.522469757705454e-06,6.5224321851598095e-06,6.522394612741297e-06,6.522357040268127e-06,6.522319467827903e-06,6.5222818952949626e-06,6.522244322711217e-06,6.522206750067911e-06,6.522169177393185e-06,6.5221316047113015e-06,6.522094031967223e-06,6.522056459204728e-06,6.522018886416793e-06,6.52198131357281e-06,6.521943740732176e-06,6.521906167868452e-06,6.521868595008244e-06,6.521831022101548e-06,6.521793449357859e-06,6.521755876414206e-06,6.521718303449936e-06,6.52168073049584e-06,6.521643157548636e-06,6.521605584568845e-06,6.521568011560522e-06,6.521530438541933e-06,6.521492865511736e-06,6.5214552925052155e-06,6.521417719489708e-06,6.5213801464744025e-06,6.521342573419963e-06,6.521305000364383e-06,6.521267427321206e-06,6.521229854273664e-06,6.52119228122839e-06,6.5211547081954105e-06,6.521117135156288e-06,6.5210795621356586e-06,6.521041989128684e-06,6.521004416124949e-06,6.520966843130302e-06,6.520929270034971e-06,6.52089169720973e-06,6.520854124258386e-06,6.520816551319709e-06,6.520778978398312e-06,6.520741405495218e-06,6.52070383260866e-06,6.520666259788492e-06,6.520628686947472e-06,6.52059111424336e-06,6.52055354145074e-06,6.5205159686842815e-06,6.5204783959452085e-06,6.5204408231724456e-06,6.5204032505215165e-06,6.520365677901704e-06,6.5203281052254715e-06,6.520290532673777e-06,6.5202529601539615e-06,6.520215387672465e-06,6.5201778152288085e-06,6.52014024282003e-06,6.520102670453902e-06,6.52006509812611e-06,6.520027525817512e-06,6.519989953528801e-06,6.519952381300473e-06,6.519914809151059e-06,6.519877237051579e-06,6.51983966496397e-06,6.5198020929315704e-06,6.519764520978446e-06,6.519726949045237e-06,6.519689377257992e-06,6.5196518054631635e-06,6.519614233701121e-06,6.519576661994012e-06,6.5195390903575895e-06,6.519501518769569e-06,6.519463947259238e-06,6.519426375751572e-06,6.519388804356432e-06,6.5193512330103594e-06,6.5193136617457014e-06,6.519276090531611e-06,6.519238519385378e-06,6.519200948256533e-06,6.519163377248151e-06,6.519125806310099e-06,6.519088235443887e-06,6.519050664658778e-06,6.519013093940378e-06,6.518975523297078e-06,6.518937952730187e-06,6.518900382241347e-06,6.518862811831805e-06,6.518825241501845e-06,6.51878767124951e-06,6.518750101082564e-06,6.518712530999556e-06,6.518674961001394e-06,6.518637391084857e-06,6.518599821255021e-06,6.5185622515173865e-06,6.518524681867863e-06,6.518487112304951e-06,6.518449542833217e-06,6.518411973453758e-06,6.5183744041676634e-06,6.518336834979916e-06,6.518299265883903e-06,6.518261696884542e-06,6.5182241279829585e-06,6.518186559180225e-06,6.518148990471497e-06,6.518111421869687e-06,6.518073853369983e-06,6.518036284973439e-06,6.51799871668114e-06,6.51796114848817e-06,6.517923580407581e-06,6.517886012434425e-06,6.517848444563776e-06,6.5178108768087205e-06,6.517773309158281e-06,6.517735741619504e-06,6.517698174193495e-06,6.517660606881257e-06,6.51762303968383e-06,6.51758547260236e-06,6.517547905637799e-06,6.517510338791133e-06,6.5174727720633155e-06,6.517435205455662e-06,6.517397638969166e-06,6.51736007260457e-06,6.517322506363078e-06,6.517284940245759e-06,6.517247374253759e-06,6.517209808387764e-06,6.517172242649054e-06,6.51713467703855e-06,6.517097111557208e-06,6.5170595462060165e-06,6.517021980986097e-06,6.516984415898526e-06,6.516946850944218e-06,6.516909286124088e-06,6.516871721439355e-06,6.5168341568904746e-06,6.516796592479268e-06,6.516759028205985e-06,6.516721464072021e-06,6.516683900078264e-06,6.516646336225793e-06,6.516608772515257e-06,6.516571208947942e-06,6.516533645532451e-06,6.516496082254355e-06,6.516458519122453e-06,6.5164209561457805e-06,6.5163833933154675e-06,6.5163458306275364e-06,6.516308268097626e-06,6.516270705710582e-06,6.516233143482782e-06,6.516195581407626e-06,6.516158019486009e-06,6.516120457718737e-06,6.516082896082295e-06,6.516045334627461e-06,6.5160077733310926e-06,6.515970212192874e-06,6.515932651213848e-06,6.515895090395227e-06,6.5158575297389305e-06,6.515819969243935e-06,6.5157824089124214e-06,6.515744848745127e-06,6.5157072887423425e-06,6.515669728906134e-06,6.515632169236781e-06,6.515594609735465e-06,6.515557050401881e-06,6.5155194912382104e-06,6.515481932245046e-06,6.515444373423459e-06,6.515406814774313e-06,6.51536925629853e-06,6.515331697997243e-06,6.5152941398703815e-06,6.515256581920117e-06,6.5152190241461075e-06,6.515181466550073e-06,6.515143909132139e-06,6.515106351894144e-06,6.515068794836562e-06,6.515031237960505e-06,6.5149936812664145e-06,6.514956124754763e-06,6.51491856842776e-06,6.514881012285744e-06,6.514843456329403e-06,6.514805900558833e-06,6.514768344976818e-06,6.514730789582625e-06,6.514693234377935e-06,6.514655679363053e-06,6.5146181245386e-06,6.514580569906445e-06,6.514543015467171e-06,6.5145054612214215e-06,6.514467907169309e-06,6.514430353312785e-06,6.514392799652844e-06,6.514355246189614e-06,6.514317692924239e-06,6.514280139857151e-06,6.514242586989913e-06,6.514205034322027e-06,6.5141674818552495e-06,6.5141299295911465e-06,6.514092377529767e-06,6.514054825671541e-06,6.514017274018607e-06,6.5139797225697725e-06,6.513942171328216e-06,6.513904620293066e-06,6.513867069465651e-06,6.513829518847032e-06,6.51379196843702e-06,6.513754418251539e-06,6.513716868277187e-06,6.5136793185008046e-06,6.51364176893687e-06,6.513604219586925e-06,6.5135666704641285e-06,6.513529121543002e-06,6.513491572838311e-06,6.513454024338971e-06,6.513416476057248e-06,6.513378928004155e-06,6.513341380160748e-06,6.513303832545019e-06,6.513266285142143e-06,6.513228737960735e-06,6.5131911910016895e-06,6.513153644278436e-06,6.513116097773547e-06,6.5130785514856465e-06,6.513041005430844e-06,6.513003459602355e-06,6.512965913879639e-06,6.512928368509278e-06,6.512890823363196e-06,6.512853278446312e-06,6.512815733757597e-06,6.512778189472409e-06,6.5127406452531e-06,6.5127031012252985e-06,6.51266555747126e-06,6.512628013949886e-06,6.512590470665076e-06,6.512552927615193e-06,6.512515384809111e-06,6.512477842231243e-06,6.5124402998922114e-06,6.512402757791214e-06,6.5123652159285355e-06,6.512327674314622e-06,6.512290132931782e-06,6.512252591792241e-06,6.5122150508855885e-06,6.512177510230273e-06,6.5121399698235e-06,6.5121024297909874e-06,6.5120648898682925e-06,6.512027350190358e-06,6.5119898107602194e-06,6.511952271626401e-06,6.511914732700454e-06,6.511877194067857e-06,6.511839655627413e-06,6.511802117433773e-06,6.511764579493043e-06,6.511727041802699e-06,6.511689504364682e-06,6.511651967191653e-06,6.511614430257386e-06,6.511576893605132e-06,6.511539357181807e-06,6.511501821077803e-06,6.511464285197931e-06,6.511426749545073e-06,6.511389214141582e-06,6.511351678997072e-06,6.511314144132577e-06,6.511276609572449e-06,6.511239075217295e-06,6.51120154112509e-06,6.511164007293285e-06,6.511126473724146e-06,6.5110889404247755e-06,6.511051407384837e-06,6.511013874609696e-06,6.510976342098177e-06,6.510938809865591e-06,6.510901277886956e-06,6.510863746175808e-06,6.510826214731162e-06,6.510788683633652e-06,6.51075115273688e-06,6.5107136221023765e-06,6.510676091732705e-06,6.510638561638224e-06,6.510601031820039e-06,6.510563502272303e-06,6.510525972996948e-06,6.510488443993034e-06,6.510450915266117e-06,6.510413386815708e-06,6.5103758586309005e-06,6.510338330733302e-06,6.510300803116091e-06,6.5102632757759474e-06,6.510225748653999e-06,6.510188221859239e-06,6.510150695352485e-06,6.510113169084755e-06,6.510075643062742e-06,6.5100381173301154e-06,6.510000591871788e-06,6.509963066784813e-06,6.509925541907428e-06,6.509888017302781e-06,6.50985049306465e-06,6.509812969073547e-06,6.509775445409944e-06,6.509737922031907e-06,6.509700398933421e-06,6.509662876136325e-06,6.509625353627561e-06,6.509587831358199e-06,6.509550309423036e-06,6.509512787780286e-06,6.509475266428844e-06,6.509437745370072e-06,6.5094002246042215e-06,6.509362704129565e-06,6.509325183937876e-06,6.509287664053145e-06,6.5092501444616246e-06,6.509212625175602e-06,6.5091751061658325e-06,6.5091375874651695e-06,6.509100069063242e-06,6.5090625509239e-06,6.509025033134299e-06,6.508987515637476e-06,6.50894999842502e-06,6.508912481557594e-06,6.508874964907367e-06,6.508837448617134e-06,6.508799932667262e-06,6.508762416926587e-06,6.508724901561812e-06,6.508687386498159e-06,6.508649871717353e-06,6.508612357248125e-06,6.508574843212351e-06,6.5085373293560704e-06,6.508499815808624e-06,6.508462302633622e-06,6.508424789737811e-06,6.508387277096462e-06,6.508349764764418e-06,6.508312252742194e-06,6.508274741047193e-06,6.508237229631749e-06,6.5081997185534884e-06,6.5081622077913494e-06,6.5081246972936355e-06,6.508087187192782e-06,6.50804967734159e-06,6.508012167846644e-06,6.507974658646243e-06,6.507937149763054e-06,6.507899641183376e-06,6.507862132933465e-06,6.507824625001507e-06,6.507787117423497e-06,6.50774961005364e-06,6.5077121030772595e-06,6.507674596363143e-06,6.50763709004334e-06,6.507599584022667e-06,6.507562078316832e-06,6.507524572930393e-06,6.507487067892336e-06,6.5074495631643024e-06,6.5074120587435425e-06,6.507374554663024e-06,6.507337050900634e-06,6.507299547469952e-06,6.5072620443634046e-06,6.50722454157278e-06,6.50718703912655e-06,6.507149537002721e-06,6.507112035206513e-06,6.507074533738817e-06,6.507037032573723e-06,6.506999531768229e-06,6.506962031272635e-06,6.506924531123496e-06,6.50688703115835e-06,6.506849531668865e-06,6.506812032539064e-06,6.506774533716641e-06,6.506737035214509e-06,6.506699537058564e-06,6.506662039236911e-06,6.506624541749386e-06,6.506587044654487e-06,6.506549547838381e-06,6.506512051357999e-06,6.506474555217181e-06,6.506437059403835e-06,6.506399563934645e-06,6.506362068803312e-06,6.506324573985462e-06,6.5062870795573884e-06,6.506249585450379e-06,6.506212091678142e-06,6.506174598246012e-06,6.506137105164701e-06,6.5060996124164125e-06,6.506062119956201e-06,6.506024627884498e-06,6.5059871361652705e-06,6.505949644812766e-06,6.505912153807014e-06,6.505874663126184e-06,6.505837172784396e-06,6.505799682790181e-06,6.505762192954115e-06,6.505724703652972e-06,6.505687214666609e-06,6.505649726058992e-06,6.505612237794597e-06,6.5055747498962886e-06,6.5055372622276914e-06,6.505499775074588e-06,6.5054622882156125e-06,6.5054248016998e-06,6.505387315541104e-06,6.505349829733337e-06,6.505312344300961e-06,6.505274859162358e-06,6.505237374408033e-06,6.505199890024635e-06,6.505162406011344e-06,6.505124922323777e-06,6.505087439026854e-06,6.505049956049592e-06,6.505012473427671e-06,6.504974991181162e-06,6.504937509275481e-06,6.504900027725927e-06,6.5048625465321565e-06,6.504825065681839e-06,6.504787585255398e-06,6.504750105137949e-06,6.504712625380135e-06,6.504675145982409e-06,6.504637666965825e-06,6.5046001882900205e-06,6.504562709974945e-06,6.504525232021165e-06,6.504487754364666e-06,6.5044502771289405e-06,6.504412800282417e-06,6.504375323773736e-06,6.504337847635928e-06,6.504300371878862e-06,6.5042628964844755e-06,6.5042254214386675e-06,6.504187946763721e-06,6.504150472457184e-06,6.5041129985155585e-06,6.504075524941319e-06,6.5040380517176e-06,6.504000578878785e-06,6.503963106409154e-06,6.503925634308631e-06,6.503888162599699e-06,6.503850691240054e-06,6.503813220247172e-06,6.503775749631923e-06,6.503738279349973e-06,6.5037008094588995e-06,6.50366333995128e-06,6.503625870820644e-06,6.50358840207646e-06,6.503550933693168e-06,6.503513465673161e-06,6.5034759980359075e-06,6.503438530780554e-06,6.503401063893432e-06,6.503363597387895e-06,6.5033261312520305e-06,6.503288665485398e-06,6.503251200084086e-06,6.503213735060567e-06,6.50317627043302e-06,6.503138806183528e-06,6.5031013422976555e-06,6.503063878805614e-06,6.503026415693063e-06,6.502988952954884e-06,6.502951490593882e-06,6.502914028622404e-06,6.502876567026757e-06,6.502839105817187e-06,6.502801644990505e-06,6.502764184551917e-06,6.502726724485768e-06,6.502689264806073e-06,6.50265180551031e-06,6.5026143465989696e-06,6.502576888088023e-06,6.502539429938791e-06,6.502501972180567e-06,6.502464514799283e-06,6.502427057824428e-06,6.502389601217543e-06,6.502352145003755e-06,6.502314689163922e-06,6.502277233738147e-06,6.502239778688545e-06,6.502202323948764e-06,6.5021648696552474e-06,6.5021274157289294e-06,6.502089962233328e-06,6.502052509169644e-06,6.502015056427241e-06,6.501977604103509e-06,6.501940152171451e-06,6.5019027006091094e-06,6.501865249483069e-06,6.501827798545946e-06,6.501790348181773e-06,6.501752898209414e-06,6.501715448630285e-06,6.501677999450855e-06,6.501640550643201e-06,6.5016031022258065e-06,6.5015656542683e-06,6.501528206638523e-06,6.50149075936158e-06,6.501453312548997e-06,6.501415866129958e-06,6.501378420123852e-06,6.501340974499257e-06,6.501303529262716e-06,6.501266084432866e-06,6.501228640123548e-06,6.501191196095802e-06,6.501153752459934e-06,6.501116309223065e-06,6.501078866380598e-06,6.501041423817897e-06,6.501003981765651e-06,6.500966540151232e-06,6.500929098919229e-06,6.500891658079139e-06,6.500854217673887e-06,6.5008167776595454e-06,6.500779338045415e-06,6.500741898857863e-06,6.500704460069435e-06,6.500667021660506e-06,6.500629583641915e-06,6.500592146138393e-06,6.500554708941469e-06,6.500517272137424e-06,6.50047983574766e-06,6.500442399776907e-06,6.500404964295473e-06,6.5003675291279036e-06,6.500330094367095e-06,6.5002926600104984e-06,6.500255226052578e-06,6.500217792508232e-06,6.5001803593696025e-06,6.500142926417184e-06,6.500105494120352e-06,6.5000680622358184e-06,6.500030630740049e-06,6.499993199657974e-06,6.499955768999231e-06,6.499918338788221e-06,6.499880908938913e-06,6.499843479500424e-06,6.499806050486453e-06,6.499768621865132e-06,6.499731193677595e-06,6.49969376589664e-06,6.499656338511309e-06,6.499618911548726e-06,6.499581484993956e-06,6.4995440588808335e-06,6.499506633195517e-06,6.499469207875103e-06,6.49943178300282e-06,6.499394358528571e-06,6.4993569346287685e-06,6.499319510887457e-06,6.499282087663135e-06,6.499244664928974e-06,6.499207242537535e-06,6.499169820566287e-06,6.49913239902016e-06,6.499094977899541e-06,6.4990575571804776e-06,6.499020136880046e-06,6.498982716998603e-06,6.498945297537988e-06,6.498907878498087e-06,6.4988704598787664e-06,6.498833041679597e-06,6.498795623900109e-06,6.498758206543972e-06,6.498720789590977e-06,6.498683373076939e-06,6.498645956997513e-06,6.498608541329021e-06,6.498571126095802e-06,6.498533711285523e-06,6.498496296902681e-06,6.498458882945365e-06,6.49842146940738e-06,6.498384056292647e-06,6.49834664360285e-06,6.498309231338623e-06,6.49827181952367e-06,6.498234408096121e-06,6.498196997130549e-06,6.498159586570811e-06,6.49812217644351e-06,6.498084766739563e-06,6.4980473574593435e-06,6.4980099486138934e-06,6.497972540171552e-06,6.497935132114384e-06,6.497897724567642e-06,6.497860317415611e-06,6.497822910712276e-06,6.497785504401969e-06,6.497748098643796e-06,6.497710693206138e-06,6.497673288198734e-06,6.4976358838174885e-06,6.4975984797919855e-06,6.497561076059629e-06,6.497523672776301e-06,6.4974862699247975e-06,6.497448867505356e-06,6.497411465518261e-06,6.497374063963827e-06,6.497336662893448e-06,6.497299262205281e-06,6.497261861950635e-06,6.497224462129836e-06,6.497187062743223e-06,6.497149663791007e-06,6.497112265273608e-06,6.497074867196022e-06,6.497037469552274e-06,6.4970000723408436e-06,6.4969626755698245e-06,6.496925279230424e-06,6.4968878833275025e-06,6.4968504878617324e-06,6.496813092831155e-06,6.496775698245066e-06,6.496738304090982e-06,6.496700910379366e-06,6.496663517099412e-06,6.4966261242649766e-06,6.496588731859038e-06,6.496551339897107e-06,6.496513948375087e-06,6.496476557290279e-06,6.496439166688459e-06,6.496401776484113e-06,6.496364386724204e-06,6.496326997402684e-06,6.496289608628748e-06,6.49625222018395e-06,6.49621483218686e-06,6.4961774446342876e-06,6.496140057523121e-06,6.496102670848866e-06,6.496065284623851e-06,6.4960278988411345e-06,6.495990513447751e-06,6.4959531285524454e-06,6.495915744100936e-06,6.495878360093651e-06,6.495840976529312e-06,6.495803593353341e-06,6.4957662106762725e-06,6.495728828448726e-06,6.495691446589021e-06,6.495654065250375e-06,6.495616684358812e-06,6.495579303913511e-06,6.495541923918436e-06,6.495504544459624e-06,6.495467165378183e-06,6.49542978671972e-06,6.495392408499837e-06,6.49535503074739e-06,6.495317653430527e-06,6.495280276571792e-06,6.495242900147116e-06,6.495205524181207e-06,6.495168148689138e-06,6.495130773550246e-06,6.495093398905637e-06,6.495056024597254e-06,6.495018651073534e-06,6.4949812778194e-06,6.494943905026303e-06,6.494906532665011e-06,6.494869160621749e-06,6.49483178915612e-06,6.494794418142113e-06,6.494757047576822e-06,6.494719677487355e-06,6.4946823078296655e-06,6.494644938635839e-06,6.494607569998522e-06,6.494570201675331e-06,6.494532833667932e-06,6.494495466143581e-06,6.494458099271946e-06,6.4944207327930095e-06,6.494383366780394e-06,6.494346001202326e-06,6.494308636112447e-06,6.494271271445784e-06,6.494233907268049e-06,6.494196543497254e-06,6.494159180189065e-06,6.494121817348243e-06,6.494084454946624e-06,6.494047093026667e-06,6.49400973155076e-06,6.493972370571806e-06,6.493935009994162e-06,6.49389764989495e-06,6.4938602903064704e-06,6.493822931124169e-06,6.4937855724200675e-06,6.493748214149655e-06,6.49371085632859e-06,6.493673498968986e-06,6.49363614201568e-06,6.4935987855786405e-06,6.493561429630146e-06,6.4935240741231624e-06,6.493486719090952e-06,6.4934493645057256e-06,6.4934120103759e-06,6.493374656711729e-06,6.493337303509948e-06,6.493299950753913e-06,6.4932625984597324e-06,6.493225246591276e-06,6.493187895213247e-06,6.493150544321893e-06,6.493113193898012e-06,6.4930758439062485e-06,6.493038494398793e-06,6.493001145360193e-06,6.492963796780906e-06,6.492926448665181e-06,6.492889101004076e-06,6.49285175379068e-06,6.492814407072166e-06,6.4927770608826025e-06,6.492739715126035e-06,6.492702369781628e-06,6.492665024905827e-06,6.492627680511545e-06,6.492590336529975e-06,6.492552993046645e-06,6.492515650056796e-06,6.492478307522201e-06,6.492440965457487e-06,6.492403623860602e-06,6.492366282708197e-06,6.4923289420507235e-06,6.4922916018587965e-06,6.492254262140133e-06,6.492216922879176e-06,6.492179584071839e-06,6.492142245784019e-06,6.492104907911565e-06,6.492067570353186e-06,6.492030233395941e-06,6.491992896799971e-06,6.491955560828023e-06,6.4919182251814395e-06,6.491880890148506e-06,6.491843555595948e-06,6.4918062215133204e-06,6.491768887890429e-06,6.491731554602299e-06,6.4916942217854995e-06,6.491656889450891e-06,6.491619557553497e-06,6.491582226391326e-06,6.491544895599015e-06,6.491507565278692e-06,6.491470235431638e-06,6.491432906056175e-06,6.491395577160302e-06,6.4913582487327025e-06,6.491320920783128e-06,6.491283593313566e-06,6.491246266305683e-06,6.491208939770787e-06,6.4911716137107615e-06,6.491134288120633e-06,6.491096963004419e-06,6.491059638368308e-06,6.4910223142010226e-06,6.490984990441453e-06,6.490947667249844e-06,6.4909103445159e-06,6.490873022255888e-06,6.49083570055003e-06,6.490798379245166e-06,6.4907610584152085e-06,6.490723738032603e-06,6.490686418145744e-06,6.4906490987451105e-06,6.490611779816144e-06,6.490574461371763e-06,6.4905371433289254e-06,6.4904998258182e-06,6.490462508800762e-06,6.490425192263714e-06,6.490387876222498e-06,6.490350560645218e-06,6.490313245540646e-06,6.490275930921345e-06,6.490238616777477e-06,6.490201303130103e-06,6.490163989949372e-06,6.490126677257394e-06,6.490089365036214e-06,6.490052053298927e-06,6.490014742027987e-06,6.489977431259412e-06,6.489940120955393e-06,6.4899028111319e-06,6.489865501796104e-06,6.489828192947523e-06,6.4897908845640355e-06,6.489753576683278e-06,6.489716269273626e-06,6.4896789624106285e-06,6.489641656081728e-06,6.48960435021141e-06,6.489567044730907e-06,6.489529739788127e-06,6.489492435273235e-06,6.489455131251815e-06,6.489417827704325e-06,6.48938052463822e-06,6.489343221907017e-06,6.489305919772368e-06,6.4892686181649895e-06,6.489231317040482e-06,6.4891940163846715e-06,6.4891567162313075e-06,6.489119416523415e-06,6.489082117321454e-06,6.489044818618675e-06,6.489007520404792e-06,6.488970222706984e-06,6.488932925485236e-06,6.488895628732172e-06,6.488858332429296e-06,6.488821036645702e-06,6.488783741345772e-06,6.488746446548997e-06,6.488709152211505e-06,6.4886718583335095e-06,6.488634564900004e-06,6.4885972720365294e-06,6.488559979760372e-06,6.488522687877966e-06,6.488485396488995e-06,6.488448105428211e-06,6.488410815009984e-06,6.48837352507593e-06,6.488336235630891e-06,6.48829894670306e-06,6.488261658067958e-06,6.488224370063046e-06,6.488187082590081e-06,6.488149795491887e-06,6.488112508973488e-06,6.48807522295938e-06,6.488037937280521e-06,6.488000652241104e-06,6.487963367694632e-06,6.487926083452679e-06,6.487888799890081e-06,6.48785151684231e-06,6.4878142340412155e-06,6.487776951976259e-06,6.487739670378853e-06,6.487702389143917e-06,6.487665108525279e-06,6.487627828308736e-06,6.487590548641252e-06,6.487553269523074e-06,6.487515990862606e-06,6.487478712709932e-06,6.487441435049975e-06,6.487404157883047e-06,6.487366881222169e-06,6.487329605039853e-06,6.487292329352806e-06,6.4872550541605495e-06,6.487217779461821e-06,6.4871805052554e-06,6.487143231543429e-06,6.487105958327059e-06,6.4870686856067e-06,6.487031413381219e-06,6.4869941415752376e-06,6.486956870475914e-06,6.486919599735316e-06,6.4868823294149244e-06,6.486845059673196e-06,6.486807790522089e-06,6.486770521763786e-06,6.4867332535020715e-06,6.486695985709383e-06,6.486658718424764e-06,6.486621451647021e-06,6.486584185375509e-06,6.486546919551218e-06,6.486509654270176e-06,6.486472389486728e-06,6.486435125286057e-06,6.48639786150567e-06,6.486360598215457e-06,6.48632333542249e-06,6.4862860731304895e-06,6.486248811263173e-06,6.486211550076691e-06,6.486174289261554e-06,6.486137028960835e-06,6.486099769158513e-06,6.4860625098556006e-06,6.486025251055956e-06,6.485987992713776e-06,6.4859507350056835e-06,6.485913477685841e-06,6.485876220763361e-06,6.48583896444342e-06,6.485801708644126e-06,6.48576445338481e-06,6.485727198576123e-06,6.485689944285587e-06,6.485652690490001e-06,6.485615437158512e-06,6.485578184312289e-06,6.485540932032652e-06,6.4855036800501424e-06,6.485466428756806e-06,6.485429177977996e-06,6.485391927687648e-06,6.4853546778983e-06,6.4853174286238725e-06,6.485280179632808e-06,6.485242931322906e-06,6.485205683515994e-06,6.485168436234972e-06,6.485131189461845e-06,6.485093943199078e-06,6.485056697432437e-06,6.485019452175291e-06,6.484982207438988e-06,6.484944963205667e-06,6.484907719446228e-06,6.484870476260397e-06,6.484833233512576e-06,6.484795991245827e-06,6.484758749511184e-06,6.4847215082808656e-06,6.4846842675330935e-06,6.48464702734283e-06,6.484609787588e-06,6.484572548368013e-06,6.484535309749407e-06,6.484498071500375e-06,6.484460833803452e-06,6.484423596631528e-06,6.484386359946291e-06,6.4843491238375186e-06,6.484311888164465e-06,6.484274652995718e-06,6.484237418400685e-06,6.484200184249662e-06,6.484162950602932e-06,6.484125717458392e-06,6.484088484820792e-06,6.484051252931104e-06,6.484014021309822e-06,6.483976790181702e-06,6.483939559573883e-06,6.483902329484037e-06,6.4838650997210576e-06,6.483827870637576e-06,6.4837906420892e-06,6.483753414031937e-06,6.483716186298076e-06,6.483678959243976e-06,6.4836417327019415e-06,6.4836045066552995e-06,6.4835672811293126e-06,6.483530056085395e-06,6.483492831581026e-06,6.483455607584968e-06,6.483418384100645e-06,6.4833811609900976e-06,6.483343938532208e-06,6.483306716576097e-06,6.48326949513831e-06,6.483232274244976e-06,6.483195053799836e-06,6.483157833893061e-06,6.483120614468642e-06,6.483083395617515e-06,6.483046177229088e-06,6.483008959366065e-06,6.482971742014317e-06,6.482934525158009e-06,6.482897308820325e-06,6.48286009305685e-06,6.482822877753332e-06,6.48278566302706e-06,6.482748448745138e-06,6.482711234998344e-06,6.482674021811163e-06,6.482636808974849e-06,6.482599596769269e-06,6.482562385105051e-06,6.482525173916256e-06,6.482487963234872e-06,6.482450753070673e-06,6.482413543405115e-06,6.48237633433726e-06,6.482339125724231e-06,6.482301917543758e-06,6.482264709973531e-06,6.48222750287283e-06,6.4821902962925405e-06,6.482153090229849e-06,6.482115884675051e-06,6.482078679561422e-06,6.482041475062782e-06,6.4820042710511564e-06,6.4819670676081544e-06,6.481929864757358e-06,6.48189266232127e-06,6.48185546033476e-06,6.481818258903161e-06,6.481781057874912e-06,6.481743857466587e-06,6.481706657584926e-06,6.481669458206504e-06,6.4816322593589016e-06,6.481595061008489e-06,6.481557863181493e-06,6.481520665878921e-06,6.4814834690677675e-06,6.481446272783737e-06,6.481409077019262e-06,6.4813718816259415e-06,6.481334686896871e-06,6.481297492680482e-06,6.481260298975212e-06,6.481223105789608e-06,6.481185913125138e-06,6.4811487209825245e-06,6.481111529352146e-06,6.48107433824732e-06,6.4810371476596155e-06,6.480999957557166e-06,6.480962767984419e-06,6.480925579122321e-06,6.480888390638628e-06,6.480851202630876e-06,6.48081401515199e-06,6.480776828064526e-06,6.4807396416469805e-06,6.480702455734891e-06,6.4806652703946005e-06,6.480628085514918e-06,6.480590901156826e-06,6.4805537173124645e-06,6.480516533985957e-06,6.480479351174907e-06,6.480442168889353e-06,6.480404987120471e-06,6.4803678058763765e-06,6.480330625155298e-06,6.480293444947584e-06,6.480256265257989e-06,6.480219086093062e-06,6.480181907446332e-06,6.480144729348981e-06,6.480107551748493e-06,6.4800703746670295e-06,6.480033198107915e-06,6.479996022068682e-06,6.47995884655344e-06,6.47992167155699e-06,6.479884497059635e-06,6.479847323106464e-06,6.479810149678824e-06,6.47977297678163e-06,6.47973580437436e-06,6.4796986325090694e-06,6.479661461163629e-06,6.479624290340474e-06,6.479587120038972e-06,6.479549950265022e-06,6.479512781012316e-06,6.479475612278532e-06,6.4794384440705895e-06,6.479401276340433e-06,6.47936410917975e-06,6.479326942536051e-06,6.479289776416766e-06,6.479252610822278e-06,6.479215445754328e-06,6.479178281213666e-06,6.47914111719309e-06,6.4791039536967996e-06,6.4790667907243304e-06,6.479029628264876e-06,6.478992466338338e-06,6.478955304939989e-06,6.478918144066785e-06,6.478880983721877e-06,6.478843823896021e-06,6.478806664591699e-06,6.478769505816883e-06,6.4787323475691714e-06,6.47869518983358e-06,6.478658032634508e-06,6.4786208759523925e-06,6.478583719820451e-06,6.478546564197778e-06,6.478509409068395e-06,6.478472254554783e-06,6.478435100507912e-06,6.478397946988807e-06,6.478360793998033e-06,6.478323641562447e-06,6.478286489618799e-06,6.478249338238119e-06,6.4782121873474855e-06,6.478175036986037e-06,6.478137887151414e-06,6.478100737786246e-06,6.4780635890062975e-06,6.478026440758923e-06,6.4779892930298084e-06,6.477952145836421e-06,6.47791499916374e-06,6.477877853004658e-06,6.477840707393516e-06,6.477803562293961e-06,6.477766417733003e-06,6.477729273642235e-06,6.477692130269257e-06,6.4776549872343996e-06,6.477617844805482e-06,6.477580702912519e-06,6.477543561526988e-06,6.477506420663799e-06,6.4774692803163556e-06,6.477432140513457e-06,6.477395001238841e-06,6.477357862561032e-06,6.4773207243454395e-06,6.477283586657346e-06,6.47724644950315e-06,6.477209312825427e-06,6.477172176720591e-06,6.477135040972019e-06,6.4770979059265055e-06,6.4770607714134794e-06,6.477023637424971e-06,6.476986503972751e-06,6.4769493709914605e-06,6.476912238599704e-06,6.476875106773739e-06,6.476837975443048e-06,6.476800844637752e-06,6.4767637143669405e-06,6.476726584611269e-06,6.4766894554028986e-06,6.4766523267258685e-06,6.476615198573312e-06,6.476578070958645e-06,6.476540943874148e-06,6.476503817362008e-06,6.476466691334108e-06,6.476429565839156e-06,6.476392440880339e-06,6.47635531645023e-06,6.476318192512298e-06,6.476281069148525e-06,6.4762439463269775e-06,6.476206824135474e-06,6.476169702372991e-06,6.476132581137583e-06,6.476095460434807e-06,6.476058340264161e-06,6.476021220630926e-06,6.475984101468147e-06,6.47594698288786e-06,6.475909864841415e-06,6.4758727473343515e-06,6.475835630345693e-06,6.47579851390465e-06,6.475761397996811e-06
12,1.2366927451945042e-84,8.11312185163297e-84,3.0117682177250948e-83,8.439029915721994e-83,1.9844600857038834e-82,4.1318705421211996e-82,7.861913444726057e-82,1.3952836484069664e-81,2.342400290625875e-81,3.7577574973251414e-81,5.804332383052266e-81,8.682663455848645e-81,1.2635975875190315e-80,1.795563513506499e-80,2.498693158224193e-80,3.413519718523691e-80,4.58722552678524e-80,6.074320336743099e-80,7.937352901991907e-80,1.024765580332542e-79,1.3086123467442657e-79,1.6544023312116402e-79,2.072383995061654e-79,2.5740152391244714e-79,3.172054416569051e-79,3.880654633120666e-79,4.7154613289890315e-79,5.693713137608217e-79,6.834346016627469e-79,8.15810064696082e-79,9.687633096069385e-79,1.1447628741879232e-78,1.3464919454029115e-78,1.5768604029252558e-78,1.8390171877963337e-78,2.1363629959068815e-78,2.4725632960272655e-78,2.8515616721102125e-78,3.27759348959526e-78,3.755199885459759e-78,4.2892420817263315e-78,4.884916022194039e-78,5.547767332116935e-78,6.283706600561829e-78,7.099024985202331e-78,8.000410139254665e-78,8.994962460332147e-78,1.0090211660924765e-77,1.1294133660254998e-77,1.2615167797237132e-77,1.4062234364284375e-77,1.5644752461692521e-77,1.7372658172337606e-77,1.925642305641976e-77,2.130707296600098e-77,2.3536207179038104e-77,2.59560178526895e-77,2.857930979559671e-77,3.1419520558891778e-77,3.4490740845642865e-77,3.780773523852145e-77,4.138596324536571e-77,4.5241600662391696e-77,4.93915612548501e-77,5.385351875474944e-77,5.8645929175477825e-77,6.378805344301168e-77,6.929998034346347e-77,7.520264978669503e-77,8.151787638571215e-77,8.826837335166142e-77,9.547777670404116e-77,1.0317066979594604e-76,1.113726081540736e-76,1.2011014463320794e-76,1.2941085488492277e-76,1.3930336314024976e-76,1.4981736830603108e-76,1.609836703747473e-76,1.728341971474694e-76,1.8540203126975682e-76,1.98721437580161e-76,2.1282789077119985e-76,2.2775810336235813e-76,2.4355005398503024e-76,2.602430159790336e-76,2.778775863004482e-76,2.964957147406015e-76,3.161407334558091e-76,3.3685738680771544e-76,3.58691861513928e-76,3.816918171086952e-76,4.0590641671337e-76,4.3138635811639625e-76,4.581839051625616e-76,4.863529194512596e-76,5.1594889234349605e-76,5.4702897727739004e-76,5.796520223919036e-76,6.138786034585483e-76,6.497710571208037e-76,6.873935144410003e-76,7.268119347544199e-76,7.680941398302449e-76,8.113098483393885e-76,8.56530710628556e-76,9.038303438005944e-76,9.532843671007162e-76,1.0049704376084229e-75,1.0589682862347784e-75,1.1153597540248875e-75,1.174228828765243e-75,1.2356616818957177e-75,1.299746705725971e-75,1.366574550955836e-75,1.4362381644998519e-75,1.5088328276153007e-75,1.5844561943333484e-75,1.6632083301937317e-75,1.7451917512820528e-75,1.830511463569716e-75,1.9192750025562547e-75,2.0115924732136772e-75,2.1075765902328536e-75,2.2073427185711128e-75,2.311008914301732e-75,2.418695965764019e-75,2.5305274350145595e-75,2.646629699578583e-75,2.767131994502494e-75,2.8921664547056343e-75,3.021868157632414e-75,3.156375166203679e-75,3.2958285720676807e-75,3.4403725391499793e-75,3.590154347502217e-75,3.7453244374494253e-75,3.9060364540357166e-75,4.0724472917680954e-75,4.2447171396579754e-75,4.423009526560275e-75,4.60749136681e-75,4.798333006155789e-75,4.995708267990275e-75,5.199794499877131e-75,5.410772620374352e-75,5.628827166153668e-75,5.854146339415784e-75,6.086922055601222e-75,6.327349991396553e-75,6.575629633035584e-75,6.8319643248955555e-75,7.096561318387849e-75,7.369631821143091e-75,7.651391046490348e-75,7.942058263230157e-75,8.241856845701249e-75,8.55101432414053e-75,8.869762435336366e-75,9.198337173574553e-75,9.536978841877022e-75,9.885932103532939e-75,1.0245446033921901e-74,1.0615774172629069e-74,1.0997174575851977e-74,1.1389909869098674e-74,1.179424730017709e-74,1.2210458792475394e-74,1.263882099853284e-74,1.3079615353901227e-74,1.3533128131296476e-74,1.3999650495040162e-74,1.4479478555790777e-74,1.4972913425564425e-74,1.5480261273044733e-74,1.6001833379181818e-74,1.6537946193079869e-74,1.708892138817333e-74,1.7655085918691286e-74,1.823677207640982e-74,1.8834317547692335e-74,1.9448065470817093e-74,2.0078364493592293e-74,2.072556883125814e-74,2.139003832467559e-74,2.207213849880193e-74,2.277224062145239e-74,2.3490721762348017e-74,2.422796485244934e-74,2.4984358743575773e-74,2.5760298268310075e-74,2.655618430018828e-74,2.7372423814174338e-74,2.820942994741951e-74,2.906762206030578e-74,2.994742579777433e-74,3.084927315093691e-74,3.1773602518971718e-74,3.272085877130217e-74,3.369149331005928e-74,3.468596413282678e-74,3.570473589566924e-74,3.67482799764424e-74,3.781707453838605e-74,3.891160459399871e-74,4.003236206919437e-74,4.117984586774041e-74,4.235456193597761e-74,4.355702332782008e-74,4.4787750270037175e-74,4.604727022781537e-74,4.733611797060074e-74,4.86548356382218e-74,5.000397280729148e-74,5.138408655789007e-74,5.279574154052634e-74,5.42395100433787e-74,5.571597205981486e-74,5.7225715356190675e-74,5.876933553992686e-74,6.0347436127865e-74,6.196062861490056e-74,6.360953254289396e-74,6.529477556986008e-74,6.701699353943384e-74,6.8776830550613994e-74,7.057493902778277e-74,7.241197979100321e-74,7.428862212659203e-74,7.620554385796943e-74,7.816343141678414e-74,8.016297991431477e-74,8.220489321314666e-74,8.428988399912312e-74,8.641867385357266e-74,8.859199332581123e-74,9.081058200591747e-74,9.30751885977841e-74,9.538657099244265e-74,9.774549634166112e-74,1.0015274113181744e-73,1.0260909125804514e-73,1.0511534209865103e-73,1.0767229858980807e-73,1.1028077530051968e-73,1.1294159650785655e-73,1.1565559627246658e-73,1.1842361851435551e-73,1.2124651708894086e-73,1.241251558633762e-73,1.270604087931479e-73,1.3005315999894172e-73,1.331043038437815e-73,1.362147450104383e-73,1.3938539857910893e-73,1.4261719010536635e-73,1.4591105569837884e-73,1.4926794209939962e-73,1.5268880676052543e-73,1.5617461792372508e-73,1.5972635470013647e-73,1.6334500714963296e-73,1.6703157636065865e-73,1.7078707453033047e-73,1.7461252504481153e-73,1.785089625599484e-73,1.824774330821798e-73,1.8651899404971035e-73,1.9063471441395358e-73,1.948256747212401e-73,1.99092967194794e-73,2.034376958169752e-73,2.0786097641178848e-73,2.123639367276583e-73,2.1694771652047035e-73,2.2161346763687817e-73,2.2636235409787513e-73,2.311955521826326e-73,2.3611425051260233e-73,2.4111965013588328e-73,2.4621296461185507e-73,2.513954200960735e-73,2.5666825542543147e-73,2.6203272220358368e-73,2.6749008488663494e-73,2.7304162086909223e-73,2.7868862057007936e-73,2.8443238751981644e-73,2.902742384463581e-73,2.9621550336260084e-73,3.0225752565354704e-73,3.084016621638334e-73,3.146492832855215e-73,3.2100177304614986e-73,3.274605291970477e-73,3.34026963301908e-73,3.407025008256259e-73,3.474885812233946e-73,3.5438665803006234e-73,3.613981989497501e-73,3.6852468594573144e-73,3.757676153305668e-73,3.8312849785650586e-73,3.906088588061421e-73,3.9821023808333106e-73,4.0593419030436405e-73,4.137822848894055e-73,4.217561061541845e-73,4.2985725340194834e-73,4.380873410156708e-73,4.464479985505219e-73,4.5494087082659335e-73,4.6356761802188194e-73,4.7232991576553106e-73,4.8122945523132873e-73,4.902679432314629e-73,4.994471023105322e-73,5.087686708398169e-73,5.1823440311179955e-73,5.2784606943495054e-73,5.3760545622876125e-73,5.475143661190381e-73,5.5757461803345043e-73,5.677880472973295e-73,5.781565057297355e-73,5.886818617397615e-73,5.993660004231049e-73,6.102108236588884e-73,6.212182502067353e-73,6.323902158041042e-73,6.43728673263865e-73,6.552355925721412e-73,6.669129609863992e-73,6.787627831337917e-73,6.907870811097547e-73,7.029878945768564e-73,7.153672808638982e-73,7.279273150652697e-73,7.406700901405542e-73,7.535977170143859e-73,7.667123246765596e-73,7.800160602823938e-73,7.935110892533357e-73,8.07199595377833e-73,8.210837809124423e-73,8.351658666831937e-73,8.494480921872072e-73,8.63932715694557e-73,8.786220143503848e-73,8.935182842772651e-73,9.086238406778198e-73,9.239410179375796e-73,9.394721697280997e-73,9.552196691103172e-73,9.711859086381614e-73,9.873733004624156e-73,1.0037842764348196e-72,1.0204212882124278e-72,1.0372868073622084e-72,1.0543833254658959e-72,1.0717133542250869e-72,1.0892794255665886e-72,1.107084091748003e-72,1.1251299254635723e-72,1.1434195199502637e-72,1.1619554890940968e-72,1.1807404675367238e-72,1.1997771107822536e-72,1.2190680953043197e-72,1.2386161186533958e-72,1.258423899564357e-72,1.2784941780642865e-72,1.2988297155805205e-72,1.3194332950489495e-72,1.3403077210225538e-72,1.3614558197801926e-72,1.382880439435622e-72,1.404584450046782e-72,1.4265707437252967e-72,1.448842234746245e-72,1.4714018596581584e-72,1.4942525773932665e-72,1.5173973693779865e-72,1.540839239643656e-72,1.564581214937502e-72,1.5886263448338585e-72,1.612977701845629e-72,1.6376383815359821e-72,1.662611502630295e-72,1.6879002071283337e-72,1.71350766041668e-72,1.7394370513813969e-72,1.7656915925209325e-72,1.7922745200592716e-72,1.8191890940593151e-72,1.8464385985365165e-72,1.8740263415727408e-72,1.9019556554303826e-72,1.9302298966667017e-72,1.9588524462484178e-72,1.987826709666532e-72,2.017156117051394e-72,2.0468441232880023e-72,2.0768942081315564e-72,2.107309876323222e-72,2.1380946577061616e-72,2.1692521073417887e-72,2.200785805626262e-72,2.2326993584072126e-72,2.2649963971007313e-72,2.297680578808551e-72,2.330755586435511e-72,2.364225128807229e-72,2.3980929407880196e-72,2.432362783399049e-72,2.4670384439367284e-72,2.502123736091335e-72,2.537622500065878e-72,2.5735386026951956e-72,2.609875937565289e-72,2.6466384251328867e-72,2.6838300128452566e-72,2.7214546752602315e-72,2.7595164141665015e-72,2.7980192587041003e-72,2.8369672654851647e-72,2.8763645187148997e-72,2.916215130312792e-72,2.9565232400340516e-72,2.9972930155912926e-72,3.0385286527764416e-72,3.080234375582878e-72,3.122414436327816e-72,3.1650731157749073e-72,3.208214723257086e-72,3.2518435967996475e-72,3.295964103243539e-72,3.3405806383689197e-72,3.385697627018907e-72,3.43131952322359e-72,3.477450810324261e-72,3.524096001097883e-72,3.571259637881774e-72,3.6189462926985316e-72,3.6671605673812023e-72,3.715907093698655e-72,3.765190533481208e-72,3.815015578746456e-72,3.865386951825368e-72,3.9163094054885874e-72,3.967787723072947e-72,4.019826718608262e-72,4.0724312369443097e-72,4.1256061538780494e-72,4.179356376281069e-72,4.233686842227279e-72,4.2886025211208093e-72,4.3441084138241394e-72,4.4002095527864757e-72,4.456911002172332e-72,4.514217857990351e-72,4.572135248222346e-72,4.63066833295258e-72,4.689822304497257e-72,4.749602387534257e-72,4.810013839233088e-72,4.871061949385045e-72,4.932752040533648e-72,4.995089468105255e-72,5.058079620539904e-72,5.121727919422432e-72,5.186039819613752e-72,5.251020809382398e-72,5.316676410536283e-72,5.383012178554673e-72,5.450033702720415e-72,5.517746606252334e-72,5.586156546437924e-72,5.655269214766214e-72,5.725090337060865e-72,5.795625673613506e-72,5.86688101931729e-72,5.93886220380065e-72,6.011575091561321e-72,6.085025582100529e-72,6.159219610057468e-72,6.234163145343945e-72,6.309862193279266e-72,6.386322794725368e-72,6.463551026222122e-72,6.541553000122907e-72,6.620334864730377e-72,6.699902804432459e-72,6.780263039838577e-72,6.861421827916079e-72,6.943385462126918e-72,7.026160272564509e-72,7.109752626090838e-72,7.194168926473794e-72,7.279415614524687e-72,7.365499168236056e-72,7.452426102919596e-72,7.540202971344385e-72,7.62883636387531e-72,7.718332908611685e-72,7.808699271526129e-72,7.899942156603655e-72,7.992068305980922e-72,8.085084500085788e-72,8.178997557777022e-72,8.273814336484281e-72,8.36954173234824e-72,8.466186680361007e-72,8.563756154506734e-72,8.662257167902397e-72,8.761696772938875e-72,8.862082061422183e-72,8.963420164714974e-72,9.065718253878171e-72,9.168983539812958e-72,9.27322327340281e-72,9.37844474565587e-72,9.484655287847528e-72,9.591862271663158e-72,9.700073109341108e-72,9.809295253815908e-72,9.91953619886169e-72,1.0030803479235796e-71,1.0143104670822636e-71,1.0256447390777757e-71,1.037083929767211e-71,1.0486288091636527e-71,1.0602801514506438e-71,1.07203873499668e-71,1.083905342369718e-71,1.0958807603517156e-71,1.1079657799531835e-71,1.1201611964277633e-71,1.1324678092868275e-71,1.1448864223140966e-71,1.1574178435802803e-71,1.170062885457743e-71,1.182822364635183e-71,1.1956971021323385e-71,1.2086879233147136e-71,1.2217956579083256e-71,1.2350211400144719e-71,1.248365208124521e-71,1.26182870513472e-71,1.2754124783610322e-71,1.28911737955398e-71,1.302944264913527e-71,1.3168939951039684e-71,1.3309674352688486e-71,1.3451654550458965e-71,1.3594889285819836e-71,1.3739387345481044e-71,1.3885157561543734e-71,1.4032208811650462e-71,1.4180550019135633e-71,1.4330190153176112e-71,1.448113822894202e-71,1.463340330774785e-71,1.478699449720367e-71,1.494192095136657e-71,1.5098191870892364e-71,1.5255816503187475e-71,1.5414804142560952e-71,1.5575164130376828e-71,1.5736905855206573e-71,1.5900038752981844e-71,1.6064572307147366e-71,1.623051604881404e-71,1.6397879556912302e-71,1.6566672458345674e-71,1.6736904428144411e-71,1.6908585189619539e-71,1.7081724514517012e-71,1.7256332223171977e-71,1.7432418184663437e-71,1.7609992316968939e-71,1.7789064587119635e-71,1.796964501135539e-71,1.81517436552802e-71,1.8335370634017776e-71,1.852053611236732e-71,1.8707250304959583e-71,1.8895523476413e-71,1.9085365941490114e-71,1.927678806525424e-71,1.9469800263226217e-71,1.966441300154146e-71,1.9860636797107164e-71,2.0058482217759775e-71,2.0257959882422507e-71,2.0459080461263367e-71,2.0661854675853006e-71,2.0866293299323046e-71,2.1072407156524504e-71,2.128020712418643e-71,2.1489704131074773e-71,2.170090915815139e-71,2.1913833238733353e-71,2.2128487458652315e-71,2.234488295641427e-71,2.256303092335931e-71,2.278294260382172e-71,2.3004629295290257e-71,2.3228102348568547e-71,2.3453373167935807e-71,2.368045321130765e-71,2.390935399039717e-71,2.4140087070876195e-71,2.4372664072536755e-71,2.4607096669452723e-71,2.484339659014167e-71,2.508157561772695e-71,2.5321645590099924e-71,2.5563618400082426e-71,2.580750599558942e-71,2.6053320379791865e-71,2.6301073611279738e-71,2.6550777804225286e-71,2.6802445128546525e-71,2.705608781007083e-71,2.7311718130698797e-71,2.7569348428568287e-71,2.782899109821867e-71,2.809065859075524e-71,2.8354363414013892e-71,2.862011813272592e-71,2.888793536868305e-71,2.9157827800902654e-71,2.9429808165793214e-71,2.9703889257319907e-71,2.998008392717042e-71,3.0258405084920966e-71,3.0538865698202484e-71,3.0821478792867067e-71,3.1106257453154518e-71,3.1393214821859222e-71,3.1682364100497014e-71,3.197371854947246e-71,3.2267291488246194e-71,3.256309629550255e-71,3.2861146409317213e-71,3.3161455327325226e-71,3.346403660688927e-71,3.3768903865267945e-71,3.407607077978417e-71,3.438555108799411e-71,3.4697358587856044e-71,3.5011507137899416e-71,3.5328010657394257e-71,3.5646883126520743e-71,3.5968138586538742e-71,3.629179113995783e-71,3.6617854950707335e-71,3.694634424430662e-71,3.727727330803557e-71,3.761065649110532e-71,3.794650820482899e-71,3.828484292279282e-71,3.862567518102739e-71,3.896901957817914e-71,3.931489077568177e-71,3.9663303497928305e-71,4.0014272532443036e-71,4.036781273005364e-71,4.072393900506363e-71,4.108266633542494e-71,4.1444009762910644e-71,4.180798439328802e-71,4.21746053964916e-71,4.254388800679656e-71,4.2915847522992235e-71,4.329049930855588e-71,4.36678587918265e-71,4.4047941466179034e-71,4.443076289019863e-71,4.4816338687855065e-71,4.520468454867747e-71,4.559581622792912e-71,4.598974954678254e-71,4.638650039249481e-71,4.678608471858282e-71,4.718851854499893e-71,4.759381795830684e-71,4.800199911185748e-71,4.8413078225965286e-71,4.882707158808446e-71,4.924399555298558e-71,4.966386654293226e-71,5.0086701047858184e-71,5.051251562554416e-71,5.0941326901795276e-71,5.137315157061866e-71,5.18080063944009e-71,5.2245908204086e-71,5.268687389935347e-71,5.313092044879644e-71,5.3578064890100105e-71,5.402832433022034e-71,5.44817159455625e-71,5.493825698216033e-71,5.539796475585515e-71,5.586085665247522e-71,5.632695012801514e-71,5.679626270881578e-71,5.726881199174394e-71,5.77446156443725e-71,5.822369140516074e-71,5.870605708363465e-71,5.919173056056778e-71,5.9680729788161835e-71,6.0173072790227695e-71,6.066877766236673e-71,6.1167862572151966e-71,6.16703457593098e-71,6.217624553590162e-71,6.268558028650576e-71,6.319836846839955e-71,6.3714628611741665e-71,6.423437931975448e-71,6.47576392689068e-71,6.528442720909655e-71,6.58147619638339e-71,6.634866243042446e-71,6.688614758015249e-71,6.742723645846464e-71,6.797194818515354e-71,6.852030195454174e-71,6.907231703566578e-71,6.962801277246055e-71,7.018740858394363e-71,7.0750523964399975e-71,7.131737848356671e-71,7.188799178681809e-71,7.246238359535075e-71,7.304057370636898e-71,7.36225819932703e-71,7.420842840583114e-71,7.479813297039273e-71,7.539171579004715e-71,7.598919704482366e-71,7.659059699187503e-71,7.719593596566422e-71,7.780523437815103e-71,7.84185127189792e-71,7.903579155566351e-71,7.965709153377716e-71,8.028243337713907e-71,8.091183788800178e-71,8.154532594723908e-71,8.218291851453427e-71,8.28246366285682e-71,8.347050140720773e-71,8.412053404769425e-71,8.477475582683241e-71,8.54331881011791e-71,8.609585230723247e-71,8.676276996162121e-71,8.743396266129405e-71,8.810945208370925e-71,8.878925998702459e-71,8.947340821028719e-71,9.016191867362361e-71,9.085481337843038e-71,9.155211440756432e-71,9.225384392553329e-71,9.296002417868697e-71,9.367067749540801e-71,9.438582628630324e-71,9.510549304439457e-71,9.582970034531133e-71,9.655847084748144e-71,9.72918272923234e-71,9.802979250443844e-71,9.87723893918028e-71,9.951964094596e-71,1.0027157024221352e-70,1.0102820043981958e-70,1.0178955478218006e-70,1.0255565659703565e-70,1.0332652929665892e-70,1.0410219637804813e-70,1.0488268142312063e-70,1.056680080989067e-70,1.0645820015774356e-70,1.0725328143746948e-70,1.080532758616181e-70,1.08858207439613e-70,1.0966810026696213e-70,1.1048297852545309e-70,1.1130286648334766e-70,1.1212778849557733e-70,1.1295776900393839e-70,1.1379283253728762e-70,1.1463300371173793e-70,1.1547830723085424e-70,1.1632876788584942e-70,1.1718441055578059e-70,1.1804526020774557e-70,1.1891134189707925e-70,1.1978268076755048e-70,1.2065930205155875e-70,1.215412310703315e-70,1.22428493234121e-70,1.233211140424022e-70,1.2421911908406982e-70,1.2512253403763645e-70,1.2603138467143031e-70,1.2694569684379328e-70,1.2786549650327914e-70,1.2879080968885221e-70,1.2972166253008553e-70,1.306580812473599e-70,1.316000921520627e-70,1.3254772164678713e-70,1.3350099622553112e-70,1.3445994247389707e-70,1.354245870692913e-70,1.363949567811238e-70,1.3737107847100815e-70,1.3835297909296166e-70,1.3934068569360552e-70,1.4033422541236552e-70,1.4133362548167224e-70,1.42338913227162e-70,1.4335011606787791e-70,1.4436726151647066e-70,1.453903771794e-70,1.4641949075713618e-70,1.4745463004436126e-70,1.484958229301713e-70,1.4954309739827795e-70,1.505964815272106e-70,1.5165600349051866e-70,1.527216915569741e-70,1.5379357409077383e-70,1.5487167955174253e-70,1.559560364955355e-70,1.5704667357384196e-70,1.5814361953458797e-70,1.5924690322214017e-70,1.603565535775091e-70,1.6147259963855288e-70,1.625950705401815e-70,1.637239955145604e-70,1.6485940389131512e-70,1.6600132509773537e-70,1.671497886589797e-70,1.683048241982803e-70,1.6946646143714782e-70,1.706347301955763e-70,1.7180966039224847e-70,1.7299128204474127e-70,1.7417962526973113e-70,1.7537472028319975e-70,1.765765974006401e-70,1.7778528703726227e-70,1.790008197081996e-70,1.802232260287153e-70,1.814525367144086e-70,1.8268878258142183e-70,1.8393199454664684e-70,1.8518220362793217e-70,1.864394409442902e-70,1.877037377161046e-70,1.8897512526533762e-70,1.9025363501573772e-70,1.9153929849304732e-70,1.928321473252112e-70,1.9413221324258398e-70,1.9543952807813877e-70,1.9675412376767545e-70,1.9807603235002948e-70,1.9940528596728052e-70,2.0074191686496135e-70,2.020859573922668e-70,2.0343744000226336e-70,2.0479639725209822e-70,2.061628618032089e-70,2.0753686642153326e-70,2.0891844397771905e-70,2.1030762744733375e-70,2.1170444991107553e-70,2.131089445549828e-70,2.1452114467064505e-70,2.159410836554137e-70,2.173687950126124e-70,2.188043123517487e-70,2.2024766938872457e-70,2.216988999460482e-70,2.231580379530449e-70,2.246251174460693e-70,2.2610017256871687e-70,2.2758323757203563e-70,2.290743468147386e-70,2.305735347634159e-70,2.3208083599274707e-70,2.335962851857138e-70,2.3511991713381234e-70,2.3665176673726674e-70,2.3819186900524158e-70,2.397402590560553e-70,2.4129697211739384e-70,2.428620435265234e-70,2.4443550873050465e-70,2.460174032864065e-70,2.4760776286151977e-70,2.4920662323357173e-70,2.508140202909398e-70,2.5242999003286648e-70,2.5405456856967404e-70,2.5568779212297862e-70,2.5732969702590578e-70,2.5898031972330484e-70,2.606396967719649e-70,2.6230786484082962e-70,2.639848607112131e-70,2.6567072127701495e-70,2.6736548354493705e-70,2.6906918463469846e-70,2.7078186177925237e-70,2.7250355232500212e-70,2.742342937320174e-70,2.759741235742512e-70,2.7772307953975634e-70,2.7948119943090235e-70,2.8124852116459286e-70,2.8302508277248183e-70,2.8481092240119232e-70,2.8660607831253298e-70,2.88410588883716e-70,2.902244926075748e-70,2.920478280927824e-70,2.938806340640686e-70,2.957229493624397e-70,2.975748129453957e-70,2.9943626388714915e-70,3.013073413788442e-70,3.0318808472877497e-70,3.0507853336260527e-70,3.0697872682358715e-70,3.088887047727804e-70,3.108085069892722e-70,3.127381733703966e-70,3.14677743931954e-70,3.166272588084321e-70,3.185867582532243e-70,3.2055628263885183e-70,3.225358724571828e-70,3.245255683196529e-70,3.2652541095748676e-70,3.285354412219181e-70,3.3055570008441084e-70,3.3258622863688047e-70,3.346270680919153e-70,3.366782597829976e-70,3.387398451647252e-70,3.4081186581303376e-70,3.4289436342541796e-70,3.449873798211538e-70,3.47090956941521e-70,3.4920513685002484e-70,3.5132996173261913e-70,3.534654738979284e-70,3.556117157774707e-70,3.5776872992588137e-70,3.599365590211345e-70,3.621152458647677e-70,3.6430483338210424e-70,3.6650536462247755e-70,3.687168827594543e-70,3.709394310910582e-70,3.731730530399941e-70,3.754177921538722e-70,3.7767369210543185e-70,3.799407966927667e-70,3.8221914983954804e-70,3.8450879559525084e-70,3.868097781353773e-70,3.891221417616836e-70,3.9144593090240254e-70,3.937811901124707e-70,3.961279640737533e-70,3.9848629759526993e-70,4.0085623561341956e-70,4.032378231922071e-70,4.056311055234694e-70,4.0803612792710085e-70,4.104529358512807e-70,4.1288157487269735e-70,4.153220906967775e-70,4.1777452915791125e-70,4.202389362196796e-70,4.227153579750812e-70,4.2520384064675965e-70,4.2770443058723034e-70,7.07604500086875e-35,3.512261870218302e-34,1.037174249037231e-33,2.4033087718471304e-33,4.81717008150009e-33,8.755986423603832e-33,1.482621635847895e-32,2.378605294122597e-32,3.6571317703953037e-32,5.432524408247916e-32,7.84327245618284e-32,1.1055968151876605e-31,1.5269832054608552e-31,2.0721913902154228e-31,2.7693069430106515e-31,3.651482880766333e-31,4.757728994781504e-31,6.133819034387705e-31,7.833333472664663e-31,9.918858327598545e-31,1.2463363699366364e-30,1.5551789390941112e-30,1.9282869293164664e-30,2.3771231242243105e-30,2.9149814920882352e-30,3.557265722053816e-30,4.3218102486564745e-30,5.22925044340727e-30,6.303449749943423e-30,7.5719928267447e-30,9.066755274040305e-30,1.0824562300540085e-29,1.2887950780480396e-29,1.5306051622475876e-29,1.8135612288945455e-29,2.1442182755832626e-29,2.530149228857318e-29,2.9801049257424825e-29,3.5042001973285013e-29,4.1141305376200196e-29,4.8234246572783296e-29,5.647739196558171e-29,6.605203037045331e-29,7.716820047779292e-29,9.006940776445055e-29,1.0503815610067168e-28,1.2240244355258246e-28,1.4254340115119207e-28,1.6590428879464476e-28,1.930011053366716e-28,2.244351219884313e-28,2.6090771152636055e-28,3.0323792306934783e-28,3.5238334664457643e-28,4.09464927471458e-28,4.757965320024171e-28,5.529202427031162e-28,6.426485744755181e-28,7.471150728117517e-28,8.688350852651508e-28,1.0107789102611728e-27,1.1764600418457776e-27,1.3700418728447856e-27,1.596467026992708e-27,1.8616145078808813e-27,2.172491137260856e-27,2.5374653829700233e-27,2.9665537459395465e-27,3.471772515290575e-27,4.067571079637088e-27,4.771367324316676e-27,5.604211243865113e-27,6.591610148611008e-27,7.764558268720336e-27,9.160825859647138e-27,1.0826579038785791e-26,1.2818422810528091e-26,1.5205987815082695e-26,1.8075218641321965e-26,2.1532571347104797e-26,2.5710394651882158e-26,3.077385937346865e-26,3.6929922828243083e-26,4.4438981387539344e-26,5.363009253520638e-26,6.492096223099321e-26,7.88443293794827e-26,9.608298732325813e-26,1.1751653579225006e-25,1.442841622667009e-25,1.7786946559130353e-25,2.2021578756358054e-25,2.7388405279226974e-25,3.4227024598132797e-25,4.299071511060469e-25,5.42886010097827e-25,6.894501196870091e-25,8.80836829303279e-25,1.1324812045974177e-24,1.4657504630101394e-24,1.9104637092232113e-24,2.5085832792196012e-24,3.3196691518087246e-24,4.429010459034921e-24,5.959861158984046e-24,8.09203407742955e-24,1.1090463797805261e-23,1.5349621000068574e-23,2.1463573302727758e-23,3.0338462699641876e-23,4.33771440359771e-23,6.279109026752801e-23,9.214706487309034e-23,1.3737097414058627e-22,2.0870007678118688e-22,3.2474920594971257e-22,5.216877413316698e-22,8.759535043548907e-22,1.5667035004048294e-21,3.0692689319025944e-21,6.840596462678077e-21,1.812794769773171e-20,5.930869975511824e-20,2.43801612458392e-19,1.2610383761802715e-18,8.101938619540106e-18,7.337340582229941e-17,1.528666871258155e-15,3.789616774586937e-14,5.357143384369498e-13,4.0235845806430034e-12,1.7771063050989578e-11,5.197208629003506e-11,1.1134426125235685e-10,1.892693884644602e-10,2.715881492737394e-10,3.44975002750405e-10,4.020335098201529e-10,4.413831218316292e-10,4.653023617915314e-10,4.773861690140472e-10,4.811286350528683e-10,4.79347588908418e-10,4.740983890846094e-10,4.667919401666443e-10,4.5835984987635895e-10,4.494013407833142e-10,4.402943963268211e-10,4.312732601888351e-10,4.224800444856764e-10,4.1399819524805977e-10,4.058738797701209e-10,3.981295670413002e-10,3.907726454709033e-10,3.83800912328549e-10,3.772060958740065e-10,3.70976137660913e-10,3.65096688792617e-10,3.5955210322161435e-10,3.543261050634992e-10,3.4940224152945024e-10,3.447641922810766e-10,3.403959809259621e-10,3.362821183318466e-10,3.3240769770027363e-10,3.2875845487951577e-10,3.2532080320893367e-10,3.220818497625671e-10,3.1902939763271434e-10,3.1615193802268606e-10,3.134386348059876e-10,3.1087930367010603e-10,3.08464387457594e-10,3.061849289602536e-10,3.0403254215663633e-10,3.019993826512962e-10,3.000781179119225e-10,2.982618977520795e-10,2.9654432541540413e-10,2.94919429504931e-10,2.9338163693407454e-10,2.919257470538743e-10,2.9054690699077006e-10,2.892405882841781e-10,2.8800256481319955e-10,2.8682889201564585e-10,2.857158873724631e-10,2.846601121258764e-10,2.836583541864331e-10,2.8270761218070106e-10,2.818050805786993e-10,2.8094813585480013e-10,2.801343236157204e-10,2.7936134664408573e-10,2.786270537963992e-10,2.7792942970372426e-10,2.772665852216734e-10,2.7663674857799984e-10,2.760382571689185e-10,2.754695499584283e-10,2.7492916044164825e-10,2.74415710121263e-10,2.739279024726397e-10,2.734645173468153e-10,2.7302440579220683e-10,2.726064852561228e-10,2.722097351353277e-10,2.7183319265810015e-10,2.7147594906053637e-10,2.711371460511806e-10,2.7081597251880006e-10,2.705116614885919e-10,2.702234872928675e-10,2.699507629455568e-10,2.6969283770311105e-10,2.6944909479579815e-10,2.692189493238129e-10,2.690018462938289e-10,2.688911099810961e-10,2.686927368386082e-10,2.685065058226704e-10,2.683316419281361e-10,2.681676188080425e-10,2.680139975642999e-10,2.6787037815115245e-10,2.677363841901763e-10,2.6761165782763276e-10,2.6749585763875506e-10,2.6738865746077443e-10,2.672897455351083e-10,2.6719882375713585e-10,2.6711560698769616e-10,2.6703982240147454e-10,2.6697120887017693e-10,2.669095163771973e-10,2.6685450546310164e-10,2.668059467001566e-10,2.667636201950407e-10,2.6672731511847713e-10,2.66696829260076e-10,2.6667196860769617e-10,2.6665254694996483e-10,2.666383854993266e-10,2.66629312537871e-10,2.666251630802475e-10,2.6662577855627133e-10,2.6663100651003327e-10,2.666407003161725e-10,2.666547189090057e-10,2.666729265097793e-10,2.6669519246265084e-10,2.667213908975848e-10,2.6675140057392476e-10,2.667851046687609e-10,2.66822390580413e-10,2.6686314974246633e-10,2.669072774508254e-10,2.66954672695906e-10,2.670052380061599e-10,2.670588792943006e-10,2.6711550572158877e-10,2.6717502955728843e-10,2.6723736605123147e-10,2.6730243331259347e-10,2.673701521923284e-10,2.6744044617262863e-10,2.675132412611224e-10,2.675884658891225e-10,2.6766605081957355e-10,2.6774592905114556e-10,2.6782803573482717e-10,2.6791230808489114e-10,2.6799868530683323e-10,2.680871085176934e-10,2.681775206728639e-10,2.682698665006926e-10,2.6836409243184375e-10,2.6846014653925516e-10,2.6855797847733735e-10,2.686575394222218e-10,2.687587820217316e-10,2.68861660332356e-10,2.689661297775748e-10,2.690721470986601e-10,2.6917967030595573e-10,2.692886586334574e-10,2.6939907249674626e-10,2.6951087345398594e-10,2.6962402416492306e-10,2.697384883521027e-10,2.6985423076804617e-10,2.699712171569845e-10,2.700894142244936e-10,2.702087896035346e-10,2.7032931183024817e-10,2.704509502907298e-10,2.70573675226502e-10,2.7069745769098603e-10,2.708222695156299e-10,2.7094808329905065e-10,2.710748723744951e-10,2.712026107851127e-10,2.7133127325821284e-10,2.714608352039066e-10,2.715912726744758e-10,2.7172256234751123e-10,2.7185468150980057e-10,2.719876080388972e-10,2.721213203825358e-10,2.7225579754310365e-10,2.7239101906456887e-10,2.725269650009424e-10,2.726636159226851e-10,2.7280095289145406e-10,2.7293895743048943e-10,2.7307761154924793e-10,2.7321689768808505e-10,2.7335679872733526e-10,2.734972979716118e-10,2.736383791328767e-10,2.7378002633225106e-10,2.7392222406539903e-10,2.7406495721355484e-10,2.7420821102134654e-10,2.7435197108910795e-10,2.74496223364129e-10,2.746409541250973e-10,2.7478614998778875e-10,2.749317978790419e-10,2.7507788503708575e-10,2.7522439899671224e-10,2.75371327591764e-10,2.755186589347073e-10,2.756663814216477e-10,2.7581448371389837e-10,2.759629547369571e-10,2.7611178367121063e-10,2.7626095994627583e-10,2.764104732323338e-10,2.765603134322614e-10,2.767104706991563e-10,2.768609353857769e-10,2.7701169807263436e-10,2.771627495499105e-10,2.7731408081683886e-10,2.774656830713358e-10,2.7761754772201073e-10,2.777696663506767e-10,2.779220307351955e-10,2.780746328311438e-10,2.7822746477761886e-10,2.7838051888230277e-10,2.785337876234167e-10,2.786872636436775e-10,2.788409397468081e-10,2.7899480889353934e-10,2.791488641971051e-10,2.7930309892000685e-10,2.794575064706867e-10,2.796120803980919e-10,2.7976681439241313e-10,2.799217022786473e-10,2.8007673801366895e-10,2.8023191568251807e-10,2.803872294980982e-10,2.8054267379655356e-10,2.8069824303201047e-10,2.8085393177940994e-10,2.8100973472119743e-10,2.811656466591333e-10,2.813216625015867e-10,2.814777772655202e-10,2.8163398606973924e-10,2.8179028413549e-10,2.8194666678552526e-10,2.8210312944152076e-10,2.8225966761372186e-10,2.8241627691194423e-10,2.825729530337734e-10,2.8272969176771157e-10,2.8288648898793865e-10,2.8304334065336125e-10,2.832002428212562e-10,2.8335719159045794e-10,2.835141831776784e-10,2.8367121386400153e-10,2.838282800064918e-10,2.8398537803792564e-10,2.841425044641257e-10,2.842996558597036e-10,2.8445682887116845e-10,2.846140202147734e-10,2.8477122666733175e-10,2.8492844507979756e-10,2.8508567236059003e-10,2.8524290548118157e-10,2.854001414703887e-10,2.8555737743986624e-10,2.8571461052693246e-10,2.858718379445773e-10,2.8602905696343666e-10,2.861862649048201e-10,2.863434591427507e-10,2.865006371078132e-10,2.8665779627112924e-10,2.8681493416908604e-10,2.869720483819959e-10,2.8712913653921726e-10,2.8728619631716653e-10,2.87443225438443e-10,2.876002216718684e-10,2.877571828331246e-10,2.8791410677092734e-10,2.880709913981639e-10,2.8822783465240275e-10,2.883846345111209e-10,2.885413890087029e-10,2.886980962051641e-10,2.888547542019207e-10,2.8901136113965205e-10,2.891679151966584e-10,2.893244145871651e-10,2.894808575615307e-10,2.896372423982627e-10,2.897935674349072e-10,2.899498310108571e-10,2.9010603151602244e-10,2.9026216737005874e-10,2.904182370240243e-10,2.905742389601865e-10,2.9073017169132407e-10,2.90886033761562e-10,2.910418237426276e-10,2.9119754023705175e-10,2.9135318187598316e-10,2.91508747306826e-10,2.9166423522259146e-10,2.9181964433208764e-10,2.9197497337082214e-10,2.9213022110546175e-10,2.922853863219228e-10,2.924404678289547e-10,2.9259546447603967e-10,2.9275037511776427e-10,2.9290519864177103e-10,2.930599339546335e-10,2.9321457999236026e-10,2.9336913568864607e-10,2.9352360003738706e-10,2.9367797201897904e-10,2.938322506556787e-10,2.9398643498271066e-10,2.941405240596834e-10,2.942945169621398e-10,2.9444841278624855e-10,2.946022106470997e-10,2.947559096760312e-10,2.9490950902577884e-10,2.9506300786678214e-10,2.9521640538663513e-10,2.953697007902619e-10,2.955228932996188e-10,2.9567598215340967e-10,2.958289666073276e-10,2.95981845931365e-10,2.9613461941449307e-10,2.962872863558233e-10,2.9643984607676245e-10,2.9659229791344276e-10,2.967446412036492e-10,2.968968753164259e-10,2.970489996261118e-10,2.9720101352242525e-10,2.9735291641233156e-10,2.9750470770857234e-10,2.976563868440985e-10,2.978079532640455e-10,2.9795940642126396e-10,2.9811074578278074e-10,2.9826197083405345e-10,2.984130810674023e-10,2.985640759895654e-10,2.987149551204994e-10,2.988657179850689e-10,2.990163641200633e-10,2.9916689307309133e-10,2.993173044065377e-10,2.994675976953016e-10,2.9961777253153223e-10,2.9976782849911753e-10,2.9991776519452905e-10,3.0006758223531147e-10,3.0021727924314443e-10,3.0036685585618195e-10,3.00516311712608e-10,3.006656464633753e-10,3.008148597685606e-10,3.009639512977442e-10,3.011129207309355e-10,3.0126176774888496e-10,3.0141049204782303e-10,3.015590933342918e-10,3.017075713183358e-10,3.0185592571954195e-10,3.0200415626542094e-10,3.0215226269127154e-10,3.023002447400452e-10,3.024481021622164e-10,3.0259583471914424e-10,3.027434421731293e-10,3.0289092429846105e-10,3.0303828086106546e-10,3.031855116622397e-10,3.033326164950608e-10,3.0347959515258486e-10,3.0362644743931323e-10,3.037731731793578e-10,3.039197721773773e-10,3.0406624426671595e-10,3.042125892711325e-10,3.0435880703765364e-10,3.045048974093643e-10,3.0465086023410073e-10,3.047966953578504e-10,3.0494240264725457e-10,3.050879819676041e-10,3.0523343318715623e-10,3.053787561899178e-10,3.0552395085324483e-10,3.0566901706567554e-10,3.05813954717958e-10,3.0595876370726045e-10,3.061034439331218e-10,3.0624799530489827e-10,3.063924177366969e-10,3.065367111411655e-10,3.06680875440129e-10,3.0682491055790177e-10,3.069688164252733e-10,3.0711259297802923e-10,3.072562401475869e-10,3.0739975788582557e-10,3.0754314612853363e-10,3.076864048309023e-10,3.0782953394787125e-10,3.0797253343612163e-10,3.081154032596344e-10,3.08258143386895e-10,3.0840075378536695e-10,3.0854323442840816e-10,3.0868558529393995e-10,3.0882780636147156e-10,3.089698976146742e-10,3.0911185904108627e-10,3.092536906322076e-10,3.0939539237827007e-10,3.0953696428402976e-10,3.0967840634464897e-10,3.098197185656278e-10,3.0996090095293203e-10,3.10101953516604e-10,3.1024287626887675e-10,3.1038366922564343e-10,3.105243324057565e-10,3.1066486582079876e-10,3.108052695151073e-10,3.109455435045939e-10,3.110856878171641e-10,3.1122570248649385e-10,3.113655875472676e-10,3.11505343036533e-10,3.1164496899423237e-10,3.1178446546249547e-10,3.119238324859168e-10,3.120630701114696e-10,3.1220217838839916e-10,3.1234115736914025e-10,3.1248000710607247e-10,3.1261872765568653e-10,3.1275731908075456e-10,3.128957814318607e-10,3.1303411477747816e-10,3.1317231918303006e-10,3.133103947154159e-10,3.134483414376693e-10,3.13586159423357e-10,3.1372384874660177e-10,3.1386140947844475e-10,3.1399884169732664e-10,3.141361454810838e-10,3.1427332090668197e-10,3.1441036805787685e-10,3.1454728701843135e-10,3.1468407787134894e-10,3.148207407045474e-10,3.149572756036969e-10,3.150936826639538e-10,3.152299619721067e-10,3.1536611362110846e-10,3.155021377069782e-10,3.156380343235456e-10,3.157738035707524e-10,3.1590944554620215e-10,3.1604496034761526e-10,3.1618034808004374e-10,3.1631560884403876e-10,3.1645074274463394e-10,3.1658574988000864e-10,3.1672063037035837e-10,3.168553843173009e-10,3.169900118302836e-10,3.171245130204739e-10,3.1725888800017746e-10,3.173931368785863e-10,3.175272597710031e-10,3.1766125679589315e-10,3.1779512805930333e-10,3.1792887369243157e-10,3.180624938135003e-10,3.181959885289748e-10,3.1832935796534473e-10,3.184626022406203e-10,3.185957214800573e-10,3.18728715819142e-10,3.1886158536185745e-10,3.1899433023762475e-10,3.191269505766732e-10,3.1925944651333815e-10,3.193918181676996e-10,3.1952406566877347e-10,3.196561891447365e-10,3.1978818872877973e-10,3.19920064551559e-10,3.2005181674175784e-10,3.2018344543616563e-10,3.20314950770574e-10,3.2044633286835497e-10,3.205775918692568e-10,3.207087279101161e-10,3.2083974112593274e-10,3.2097063165459924e-10,3.211013996367339e-10,3.2123204520504437e-10,3.213625684992752e-10,3.2149296965921636e-10,3.216232488251155e-10,3.217534061410487e-10,3.218834417415705e-10,3.2201335577182725e-10,3.221431483714681e-10,3.222728196925053e-10,3.224023698659306e-10,3.2253179903440227e-10,3.2266110735632744e-10,3.2279029496859795e-10,3.2291936201665656e-10,3.230483086461949e-10,3.231771350100111e-10,3.2330584124802e-10,3.234344275072651e-10,3.235628939351666e-10,3.2369124067950255e-10,3.2381946788860436e-10,3.239475757110858e-10,3.240755642957854e-10,3.2420343379226045e-10,3.2433118435004817e-10,3.2445881611129836e-10,3.245863292343206e-10,3.2471372386974274e-10,3.24841000168711e-10,3.2496815828243503e-10,3.250951983625071e-10,3.2522212056082253e-10,3.253489250458189e-10,3.254756119376822e-10,3.256021814035418e-10,3.257286335996607e-10,3.258549686777899e-10,3.259811867994976e-10,3.261072881047511e-10,3.262332727501469e-10,3.263591408925335e-10,3.2648489268639127e-10,3.2661052828554245e-10,3.267360478453684e-10,3.268614515209082e-10,3.26986739468045e-10,3.271119118393691e-10,3.272369687957678e-10,3.273619104857126e-10,3.274867370674506e-10,3.276114486979085e-10,3.2773604553271637e-10,3.278605277278501e-10,3.279848954395687e-10,3.2810914882248405e-10,3.282332880378299e-10,3.283573132450531e-10,3.284812245879378e-10,3.286050222302053e-10,3.287287063307955e-10,3.2885227704462556e-10,3.289757345266968e-10,3.290990789359613e-10,3.292223104361288e-10,3.293454291725505e-10,3.2946843530773777e-10,3.2959132899884834e-10,3.2971411040255613e-10,3.2983677967163897e-10,3.2995933697462695e-10,3.3008178246402606e-10,3.30204116295819e-10,3.3032633863064816e-10,3.3044844962147114e-10,3.3057044944546367e-10,3.306923382241016e-10,3.30814116135005e-10,3.309357833364982e-10,3.3105733998118633e-10,3.3117878622848186e-10,3.313001222363219e-10,3.314213481621503e-10,3.315424641661007e-10,3.316634704020524e-10,3.317843670299793e-10,3.3190515420392026e-10,3.3202583208471437e-10,3.321464008273683e-10,3.3226686058924914e-10,3.323872115267385e-10,3.325074537935494e-10,3.3262758755473095e-10,3.327476129595178e-10,3.328675301654363e-10,3.3298733933419927e-10,3.331070406215228e-10,3.3322663418339225e-10,3.33346120176382e-10,3.3346549875704176e-10,3.335847700817752e-10,3.337039343069431e-10,3.3382299158977344e-10,3.3394194208544717e-10,3.340607859498001e-10,3.3417952333836825e-10,3.3429815440779676e-10,3.344166793138355e-10,3.3453509821316524e-10,3.346534112585613e-10,3.3477161860889593e-10,3.3488972041760183e-10,3.350077168432776e-10,3.3512560803483315e-10,3.3524339415001624e-10,3.3536107534426347e-10,3.3547865177174973e-10,3.355961235869936e-10,3.3571349094442706e-10,3.358307539973653e-10,3.359479129012001e-10,3.3606496780587374e-10,3.3618191887367556e-10,3.3629876625102046e-10,3.3641551009745735e-10,3.3653215057324623e-10,3.3664868781432663e-10,3.3676512196609436e-10,3.3688145321030587e-10,3.3699768168876773e-10,3.371138075461168e-10,3.372298309425444e-10,3.373457520296953e-10,3.3746157095823544e-10,3.37577287880689e-10,3.3769290294917743e-10,3.378084163151184e-10,3.379238281300536e-10,3.3803913854543386e-10,3.381543477124276e-10,3.3826945578204004e-10,3.3838446290525584e-10,3.384993692327382e-10,3.386141749161827e-10,3.387288801035568e-10,3.388434849462307e-10,3.3895798959416656e-10,3.3907239419717553e-10,3.391866989048262e-10,3.3930090386665457e-10,3.3941500923185413e-10,3.39529015151943e-10,3.3964292178020694e-10,3.3975672924709016e-10,3.398704377124836e-10,3.3998404733736625e-10,3.400975582466552e-10,3.4021097059847617e-10,3.403242845407899e-10,3.404375002210918e-10,3.405506177865512e-10,3.40663637384832e-10,3.407765591623137e-10,3.408893832659167e-10,3.4100210984195195e-10,3.4111473903710805e-10,3.4122727099732314e-10,3.413397058685107e-10,3.414520437963768e-10,3.4156428492637727e-10,3.4167642940389645e-10,3.417884773739129e-10,3.4190042898135694e-10,3.4201228437089925e-10,3.4212404368699536e-10,3.4223570707409825e-10,3.423472746760589e-10,3.4245874663654703e-10,3.4257012309953923e-10,3.4268140420801375e-10,3.4279259010545474e-10,3.429036809347589e-10,3.4301467683868367e-10,3.4312557796127425e-10,3.432363844419541e-10,3.4334709642381083e-10,3.4345771404957566e-10,3.4356823746043677e-10,3.436786667979212e-10,3.437890022032665e-10,3.438992438174904e-10,3.440093917813907e-10,3.44119446235545e-10,3.4422940732031037e-10,3.443392751758892e-10,3.4444904994214507e-10,3.445587317587515e-10,3.4466832076519084e-10,3.447778171009854e-10,3.448872209069175e-10,3.449965323200339e-10,3.451057514792034e-10,3.452148785195245e-10,3.4532391358205456e-10,3.4543285679149533e-10,3.455417083095184e-10,3.4565046826387504e-10,3.4575913679111303e-10,3.45867714029265e-10,3.4597620011020895e-10,3.4608459517372587e-10,3.461928993561225e-10,3.463011127945572e-10,3.464092356230983e-10,3.465172679780859e-10,3.466252099961645e-10,3.4673306181111075e-10,3.468408235450592e-10,3.4694849535483437e-10,3.470560773641773e-10,3.4716356971434403e-10,3.472709725341733e-10,3.473782859549908e-10,3.4748551012066126e-10,3.4759264514617365e-10,3.476996911787091e-10,3.478066483475288e-10,3.479135167853739e-10,3.4802029662452666e-10,3.481269879905343e-10,3.482335910288631e-10,3.483401058629849e-10,3.484465326327489e-10,3.4855287145760413e-10,3.486591224794782e-10,3.487652858171376e-10,3.488713616073309e-10,3.489773499807624e-10,3.4908325106736243e-10,3.4918906499702896e-10,3.4929479189975343e-10,3.494004319042954e-10,3.4950598514014525e-10,3.4961145173687e-10,3.4971683182248326e-10,3.498221255172349e-10,3.4992733297064194e-10,3.5003245429123273e-10,3.5013748961351695e-10,3.502424390678811e-10,3.5034730278131447e-10,3.5045208087717347e-10,3.5055677348453763e-10,3.506613807250232e-10,3.507659027336714e-10,3.5087033963214427e-10,3.509746915470719e-10,3.5107895860519545e-10,3.511831409303135e-10,3.512872386478805e-10,3.5139125188419904e-10,3.5149518076353936e-10,3.5159902541054153e-10,3.517027859496142e-10,3.51806462504939e-10,3.5191005520048037e-10,3.520135641599623e-10,3.521169895064906e-10,3.5222033136689577e-10,3.5232358985759713e-10,3.5242676510467775e-10,3.525298572308653e-10,3.526328663550956e-10,3.5273579260293734e-10,3.528386361006251e-10,3.529413969658981e-10,3.5304407531863696e-10,3.531466712748514e-10,3.532491849706529e-10,3.533516165173903e-10,3.534539660389196e-10,3.5355623365047654e-10,3.5365841947490134e-10,3.5376052363012065e-10,3.538625462406932e-10,3.5396448742299793e-10,3.540663472953599e-10,3.5416812597741693e-10,3.542698235885859e-10,3.5437144024668386e-10,3.544729760676958e-10,3.5457443117231297e-10,3.5467580567848015e-10,3.5477709970383077e-10,3.54878313367603e-10,3.549794467782646e-10,3.5508050007054303e-10,3.5518147335098274e-10,3.552823667327984e-10,3.5538318033543024e-10,3.5548391427505903e-10,3.5558456866755324e-10,3.5568514362691624e-10,3.5578563927169646e-10,3.5588605571541357e-10,3.5598639307267615e-10,3.5608665145869406e-10,3.5618683098833605e-10,3.5628693177574733e-10,3.5638695393508145e-10,3.5648689758018597e-10,3.5658676282477516e-10,3.5668654978251914e-10,3.567862585666742e-10,3.5688588929042864e-10,3.569854420662249e-10,3.570849170068925e-10,3.5718431422486165e-10,3.572836338322854e-10,3.5738287594119495e-10,3.57482040663373e-10,3.5758112811266655e-10,3.5768013839799833e-10,3.577790716308421e-10,3.578779279218765e-10,3.579767073822479e-10,3.580754101218848e-10,3.5817403624868486e-10,3.5827258587528073e-10,3.583710591119069e-10,3.584694560677794e-10,3.5856777685073116e-10,3.5866602157771557e-10,3.587641903478647e-10,3.5886228327233153e-10,3.5896030046144685e-10,3.590582420242481e-10,3.5915610806815904e-10,3.592538987019371e-10,3.593516140288566e-10,3.594492541591902e-10,3.5954681919285087e-10,3.596443092561921e-10,3.597417244532532e-10,3.5983906487517683e-10,3.5993633063479654e-10,3.6003352183718635e-10,3.6013063859489645e-10,3.6022768101254115e-10,3.603246491894851e-10,3.6042154323786235e-10,3.605183632531063e-10,3.606151093530425e-10,3.6071178163656486e-10,3.6080838020691653e-10,3.60904905171981e-10,3.610013566343902e-10,3.6109773469870155e-10,3.6119403946820473e-10,3.6049496324548246e-10,3.59820609616258e-10,3.5943216832805593e-10,3.5939163476119904e-10,3.597194026387134e-10,3.6042566768839886e-10,3.615163128899465e-10,3.629941180313816e-10,3.648591485533608e-10,3.671090132364e-10,3.697391081400204e-10,3.727428621264057e-10,3.761119823519845e-10,3.798366955572157e-10,3.839059812589267e-10,3.8830779369988583e-10,3.930292701838703e-10,3.9805692382418134e-10,4.0337682041147066e-10,4.0897473732994965e-10,4.148363064210302e-10,4.209471392555254e-10,4.2729293655126115e-10,4.3385958229206167e-10,4.4063322295812177e-10,4.476003339101592e-10,4.547477732392417e-10,4.62062824649974e-10,4.695332305458175e-10,4.771472162314869e-10,4.848935063717343e-10,4.927613348429201e-10,5.007404487395371e-10,5.088211075466371e-10,5.169940780708151e-10,5.252506262651489e-10,5.335825056394268e-10,5.419819440748265e-10,5.504416285808782e-10,5.58954688908692e-10,5.67514679874427e-10,5.761155633479568e-10,5.847516899136777e-10,5.934177801788286e-10,6.021089063340422e-10,6.108204737293707e-10,6.19548202886285e-10,6.282881121058391e-10,6.3703650042162e-10,6.45789931012252e-10,6.545452154682835e-10,6.632993984990701e-10,6.720497439684001e-10,6.8079372016213e-10,6.895289874366285e-10,6.982533855504274e-10,7.069649216104673e-10,7.156617594238951e-10,7.243422083710592e-10,7.33004713906602e-10,7.416478484294186e-10,7.502703020200967e-10,7.588708746504333e-10,7.674484683156244e-10,7.760020799052497e-10,7.845307944446881e-10,7.930337787625746e-10,8.015102756867837e-10,8.099595985052502e-10,8.183811258787284e-10,8.267742970528853e-10,8.351386074126482e-10,8.434736043589716e-10,8.517788834265346e-10,8.600540846280795e-10,8.682988895131357e-10,8.765130174516051e-10,8.846962231902216e-10,8.928482940653188e-10,9.009690475086393e-10,9.090583287529099e-10,9.171160089788937e-10,9.251419822623641e-10,9.331361653284719e-10,9.410984942023342e-10,9.490289248458889e-10,9.569274291624261e-10,9.647939947995115e-10,9.726286242860186e-10,9.804313333072032e-10,9.882021497423566e-10,9.959411127530326e-10,1.0036482718218178e-09,1.0113236855510871e-09,1.018967421674774e-09,1.0265795554445353e-09,1.0341601696947606e-09,1.0417093535190376e-09,1.049227202271665e-09,1.0567138167811071e-09,1.0641693028495897e-09,1.0715937707576053e-09,1.0789873349840896e-09,1.086350113660798e-09,1.0936822283454294e-09,1.100983803651191e-09,1.1082549667593357e-09,1.1154958474194296e-09,1.1227065777038982e-09,1.1298872911643965e-09,1.1370381234870774e-09,1.144159211708378e-09,1.1512506942083113e-09,1.1583127103716702e-09,1.1653454009499389e-09,1.172348907111279e-09,1.1793233708933924e-09,1.186268934945662e-09,1.1931857421096623e-09,1.2000739358232184e-09,1.2069336596999285e-09,1.2137650572658702e-09,1.220568273167791e-09,1.2273434506146015e-09,1.2340907334555493e-09,1.2408102655385295e-09,1.247502190143678e-09,1.2541666506414763e-09,1.2608037898930153e-09,1.2674137502951625e-09,1.273996674621714e-09,1.2805527042406195e-09,1.287081980122656e-09,1.2935846436519796e-09,1.3000608349458141e-09,1.3065106937935639e-09,1.3129343594570636e-09,1.319331970233035e-09,1.3257036644307357e-09,1.332049580110726e-09,1.3383698536106652e-09,1.3446646210707068e-09,1.3509340177978226e-09,1.3571781790366787e-09,1.3633972387332415e-09,1.3695913303782982e-09,1.3757605866708358e-09,1.3819051397870979e-09,1.388025121071955e-09,1.3941206611889623e-09,1.400191890087629e-09,1.4062389370001176e-09,1.41226193043873e-09,1.4182609982336486e-09,1.4242362674161818e-09,1.4301878643287327e-09,1.4361159145909368e-09,1.442020543095722e-09,1.44790187398073e-09,1.4537600307210745e-09,1.4595951360565871e-09,1.4654073119575868e-09,1.4711966797224196e-09,1.4769633599152943e-09,1.482707472384677e-09,1.4884291362653106e-09,1.4941284699830543e-09,1.4998055911754367e-09,1.5054606169276347e-09,1.511093663545487e-09,1.5167048466347652e-09,1.522294281178613e-09,1.5278620813170944e-09,1.533408360574901e-09,1.5389332317897406e-09,1.5444368066347947e-09,1.5499191970992704e-09,1.5553805148305322e-09,1.5608208686130739e-09,1.5662403684113905e-09,1.5716391229022562e-09,1.5770172402538194e-09,1.5823748280081336e-09,1.5877119928022311e-09,1.593028841009009e-09,1.598325478118737e-09,1.6036020088723673e-09,1.6088585376988388e-09,1.6140951680836765e-09,1.6193120030614683e-09,1.6245091449137867e-09,1.6296866953459197e-09,1.6348447554783047e-09,1.63998342587897e-09,1.6451028060684998e-09,1.6502029959146785e-09,1.6552840938134088e-09,1.6603461977754179e-09,1.6653894053148832e-09,1.6704138131329447e-09,1.67541951827262e-09,1.6804066154001198e-09,1.6853752001688947e-09,1.6903253669450745e-09,1.69525720952553e-09,1.7001708218402894e-09,1.7050662964439696e-09,1.7099437255950557e-09,1.7148032012334432e-09,1.719644814121146e-09,1.7244686550219036e-09,1.7292748140956505e-09,1.7340633807563019e-09,1.7388344440243875e-09,1.7435880923700664e-09,1.7483244136606247e-09,1.7530434952623684e-09,1.757745424124763e-09,1.7624302863698024e-09,1.7670981678766643e-09,1.7717491539086976e-09,1.776383329453556e-09,1.7810007785730366e-09,1.7856015852530356e-09,1.7901858322979698e-09,1.7947536026951696e-09,1.799304978643065e-09,1.8038400419799703e-09,1.8083588743488823e-09,1.8128615558900508e-09,1.817348167156752e-09,1.821818787896668e-09,1.826273497782814e-09,1.8307123754366286e-09,1.8351354992201992e-09,1.8395429469017881e-09,1.8439347963809373e-09,1.8483111244760745e-09,1.8526720077042543e-09,1.8570175216956253e-09,1.8613477424414154e-09,1.8656627458724692e-09,1.869962606120312e-09,1.8742473971954824e-09,1.8785171932091443e-09,1.882772067566557e-09,1.8870120936555176e-09,1.8912373438498982e-09,1.8954478899055463e-09,1.899643803723659e-09,1.903825156638575e-09,1.907992019373159e-09,1.9121444624632744e-09,1.916282555839073e-09,1.9204063691378575e-09,1.924515971446598e-09,1.9286114318037252e-09,1.932692818393227e-09,1.936760199629417e-09,1.9408136425814302e-09,1.944853214308779e-09,1.9488789818846876e-09,1.9528910116490247e-09,1.9568893696543615e-09,1.9608741215198826e-09,1.964845332373682e-09,1.9688030671705475e-09,1.972747390479848e-09,1.976678366234906e-09,1.9805960582436017e-09,1.984500529821112e-09,1.9883918439528946e-09,1.9922700633774567e-09,1.9961352501124294e-09,1.999987466190798e-09,2.003826773305593e-09,2.007653232455774e-09,2.011466904449818e-09,2.01526784963874e-09,2.019056127894994e-09,2.0228317996728607e-09,2.026594924054774e-09,2.0303455604843194e-09,2.0340837670304982e-09,2.037809602391691e-09,2.041523124475532e-09,2.045224391283454e-09,2.0489134601132764e-09,2.0525903879487093e-09,2.056255231550872e-09,2.0599080473297977e-09,2.063548891380693e-09,2.0671778191177772e-09,2.0707948866372603e-09,2.0744001487309795e-09,2.0779936602688336e-09,2.081575475538729e-09,2.0851456489356446e-09,2.0887042342310715e-09,2.0922512850230357e-09,2.0957868545377897e-09,2.0993109957392367e-09,2.102823761442855e-09,2.106325203660499e-09,2.1098153746094403e-09,2.1132943260312188e-09,2.116762109395905e-09,2.1202187758291315e-09,2.123664376314057e-09,2.127098961428046e-09,2.130522581279686e-09,2.13393528618088e-09,2.137337125794604e-09,2.140728149415478e-09,2.144108406271513e-09,2.1474779452673526e-09,2.1508368150670272e-09,2.154185063978132e-09,2.1575227399984883e-09,2.1608498910081803e-09,2.1641665645407935e-09,2.1674728076920016e-09,2.1707686677601008e-09,2.174054191352835e-09,2.1773294250264315e-09,2.180594414923727e-09,2.1838492069179073e-09,2.1870938464856265e-09,2.190328379841591e-09,2.193552851494255e-09,2.1967673067887586e-09,2.199971790003148e-09,2.2031663457796766e-09,2.2063510183088763e-09,2.2095258515330732e-09,2.2126908891502917e-09,2.2158461745071976e-09,2.2189917510510402e-09,2.222127661585939e-09,2.225253948972008e-09,2.2283706555998167e-09,2.2314778237930032e-09,2.234575495583936e-09,2.2376637127690517e-09,2.2407425169148937e-09,2.2438119496830936e-09,2.2468720511307124e-09,2.249922863340183e-09,2.252964426430876e-09,2.255996781172893e-09,2.259019967474835e-09,2.26203402516798e-09,2.2650389942944075e-09,2.2680349144065605e-09,2.2710218245854428e-09,2.2739997644132596e-09,2.276968772531526e-09,2.2799288877125203e-09,2.2828801485431558e-09,2.2858225932106706e-09,2.288756259772517e-09,2.29168118591046e-09,2.2945974094339137e-09,2.2975049677612096e-09,2.300403898232684e-09,2.303294237872198e-09,2.3061760234970442e-09,2.309049291775364e-09,2.3119140791584075e-09,2.3147704219004504e-09,2.317618356060187e-09,2.320457917501771e-09,2.3232891418961474e-09,2.32611206470752e-09,2.328926721457691e-09,2.3317331468350386e-09,2.334531376144878e-09,2.3373214437302977e-09,2.3401033842527133e-09,2.3428772321141644e-09,2.345643021480759e-09,2.3484007863394697e-09,2.3511505604939787e-09,2.353892377502565e-09,2.3566262708765063e-09,2.3593522738825204e-09,2.362070419678662e-09,2.3647807411055473e-09,2.3674832709013163e-09,2.3701780416189287e-09,2.372865085661664e-09,2.3755444352496334e-09,2.37821612236659e-09,2.3808801789605124e-09,2.383536636743233e-09,2.3861855272587203e-09,2.3888268818851062e-09,2.391460731834476e-09,2.3940871081502832e-09,2.3967060417235485e-09,2.3993175632774122e-09,2.401921703372615e-09,2.404518492475598e-09,2.4071079607603097e-09,2.40969013831039e-09,2.4122650550522236e-09,2.414832740755815e-09,2.4173932250357055e-09,2.419946537347025e-09,2.4224927070018254e-09,2.4250317631552534e-09,2.4275637347697605e-09,2.4300886507662797e-09,2.432606539824697e-09,2.4351174304727487e-09,2.437621351150562e-09,2.4401183300989894e-09,2.4426083954296236e-09,2.4450915751110213e-09,2.447567896964074e-09,2.450037388668534e-09,2.4525000777607752e-09,2.4549559916359065e-09,2.457405157547793e-09,2.459847602610411e-09,2.4622833537845723e-09,2.464712437943549e-09,2.4671348817841237e-09,2.469550711894385e-09,2.471959954559377e-09,2.4743626360144506e-09,2.4767587829404724e-09,2.4791484207771362e-09,2.4815315757835546e-09,2.4839082733470026e-09,2.4862785394326223e-09,2.4886423993720013e-09,2.490999878518764e-09,2.4933510022652575e-09,2.4956957956423847e-09,2.498034283628742e-09,2.50036649109304e-09,2.502692442802935e-09,2.5050121636387538e-09,2.5073256779380576e-09,2.5096330092837453e-09,2.5119341825751295e-09,2.5142292222336922e-09,2.51651815168698e-09,2.518800995301984e-09,2.5210777763404018e-09,2.523348518673654e-09,2.5256132458318503e-09,2.52787198141581e-09,2.530124747918924e-09,2.532371569712433e-09,2.534612469177545e-09,2.536847468905303e-09,2.539076592364199e-09,2.541299861773215e-09,2.5435173003522572e-09,2.545728930245491e-09,2.5479347734862688e-09,2.550134853039748e-09,2.5523291907268836e-09,2.554517808543053e-09,2.5567007284852638e-09,2.5588779724018045e-09,2.561049561991952e-09,2.5632155188182646e-09,2.5653758647881084e-09,2.5675306206364146e-09,2.569679807966097e-09,2.5718234478328197e-09,2.5739615614778715e-09,2.576094170086555e-09,2.5782212949042463e-09,2.5803429555786383e-09,2.5824591734524004e-09,2.5845699692505578e-09,2.5866753636259334e-09,2.5887753760623865e-09,2.590870027432325e-09,2.5929593378649782e-09,2.5950433274469756e-09,2.5971220162025587e-09,2.599195424540012e-09,2.6012635710810177e-09,2.6033264763663457e-09,2.6053841598462303e-09,2.607436640977705e-09,2.609483939248519e-09,2.6115260738323353e-09,2.6135630642303627e-09,2.615594929484611e-09,2.6176216886064296e-09,2.619643360729103e-09,2.6216599642842145e-09,2.623671518547969e-09,2.625678042018868e-09,2.627679553364241e-09,2.629676071133581e-09,2.631667613339495e-09,2.633654198828185e-09,2.635635845677389e-09,2.6376125718970048e-09,2.639584395901392e-09,2.641551335513227e-09,2.6435134086460267e-09,2.645470633118403e-09,2.647423026696856e-09,2.6493706077282224e-09,2.6513133926491196e-09,2.6532513990774787e-09,2.655184644751817e-09,2.657113147004726e-09,2.659036923087743e-09,2.660955990172159e-09,2.6628703653489033e-09,2.6647800656295628e-09,2.666685107946353e-09,2.668585509152938e-09,2.6704812860248395e-09,2.6723724552595335e-09,2.674259033477364e-09,2.6761410379961793e-09,2.6780184845013077e-09,2.679891389388851e-09,2.6817597689733366e-09,2.683623639509086e-09,2.685483017147317e-09,2.6873379179852802e-09,2.6891883580359862e-09,2.6910343532163153e-09,2.692875919447112e-09,2.6947130724887916e-09,2.6965458280977973e-09,2.6983742019073856e-09,2.7001982095004565e-09,2.7020178664008267e-09,2.7038331880297705e-09,2.7056441897648177e-09,2.7074508869174732e-09,2.7092532947117853e-09,2.711051428317165e-09,2.7128453028225714e-09,2.7146349332392277e-09,2.716420334541324e-09,2.71820152161787e-09,2.7199785082206027e-09,2.7217513100258935e-09,2.7235199420008124e-09,2.72528441875141e-09,2.727044754700384e-09,2.728800964326378e-09,2.7305530620316712e-09,2.7323010633134923e-09,2.734044981362977e-09,2.7357848301083553e-09,2.737520624049981e-09,2.739252377305714e-09,2.740980103917463e-09,2.742703817879492e-09,2.744423532952771e-09,2.7461392631733347e-09,2.747851022340464e-09,2.7495588245695495e-09,2.7512626831275168e-09,2.7529626113184463e-09,2.7546586230449942e-09,2.7563507318023662e-09,2.7580389510277452e-09,2.7597232940937355e-09,2.7614037743806923e-09,2.763080405070926e-09,2.764753199487227e-09,2.7664221712075435e-09,2.7680873326669755e-09,2.769748696934355e-09,2.771406276978712e-09,2.7730600855775323e-09,2.7747101357814538e-09,2.7763564407632135e-09,2.777999012657384e-09,2.779637864538134e-09,2.7812730089408484e-09,2.782904458485447e-09,2.78453222570399e-09,2.7861563230565866e-09,2.787776763160063e-09,2.789393558051963e-09,2.7910067202190078e-09,2.792616261887955e-09,2.7942221951013018e-09,2.79582453233424e-09,2.7974232855501108e-09,2.7990184669061606e-09,2.8006100883585003e-09,2.802198161791535e-09,2.803782699166556e-09,2.805363712328399e-09,2.806941213017523e-09,2.8085152130779896e-09,2.8100857242063604e-09,2.8116527579851843e-09,2.8132163260403695e-09,2.8147764397829196e-09,2.816333111312149e-09,2.8178863512964718e-09,2.8194361714114493e-09,2.8209825835511457e-09,2.8225255981789437e-09,2.824065226943667e-09,2.8256014810187356e-09,2.8271343716372698e-09,2.828663910528189e-09,2.8301901074926795e-09,2.8317129742307366e-09,2.8332325216676464e-09,2.834748761329644e-09,2.836261702771097e-09,2.837771357861661e-09,2.839277737128328e-09,2.8407808514210757e-09,2.8422807114599435e-09,2.8437773272068664e-09,2.8452707105709913e-09,2.846760871494148e-09,2.848247820508206e-09,2.849731568098861e-09,2.8512121247711555e-09,2.852689500908259e-09,2.854163706832968e-09,2.8556347534046955e-09,2.857102649908943e-09,2.8585674070517883e-09,2.8600290345986615e-09,2.8614875436499597e-09,2.8629429438262487e-09,2.8643952452167366e-09,2.8658444578057373e-09,2.8672905916379945e-09,2.868733656012314e-09,2.870173662105425e-09,2.8716106191381014e-09,2.8730445368720783e-09,2.874475424611669e-09,2.875903293505794e-09,2.8773281524425893e-09,2.8787500108855267e-09,2.8801688786813947e-09,2.881584765382598e-09,2.8829976805041137e-09,2.8844076336868986e-09,2.8858146343670315e-09,2.8872186919235895e-09,2.8886198159220946e-09,2.8900180155233918e-09,2.8914133001021455e-09,2.8928056790859384e-09,2.8941951616229244e-09,2.8955817565528725e-09,2.8969654738423864e-09,2.8983463221024766e-09,2.899724310752877e-09,2.9010994487096484e-09,2.9024717449963435e-09,2.903841208614081e-09,2.9052078484903187e-09,2.906571673637201e-09,2.9079326928624867e-09,2.909290914919028e-09,2.9106463489916294e-09,2.9119990034974e-09,2.9133488874614107e-09,2.9146960095899973e-09,2.9160403784377758e-09,2.917382002686999e-09,2.9187208909299107e-09,2.920057051767161e-09,2.9213904939668318e-09,2.9227212257739937e-09,2.9240492557220424e-09,2.925374592301535e-09,2.926697244607215e-09,2.9280172198030727e-09,2.9293345271896352e-09,2.930649174280474e-09,2.9319611695115076e-09,2.933270521633903e-09,2.9345772385529068e-09,2.935881328948365e-09,2.937182800087843e-09,2.9384816605870707e-09,2.9397779188863686e-09,2.941071582648297e-09,2.9423626600287417e-09,2.9436511591397856e-09,2.9449370880081524e-09,2.946220454165363e-09,2.947501265938475e-09,2.9487795310704904e-09,2.950055257618381e-09,2.951328453182313e-09,2.9525991256095846e-09,2.9538672824284382e-09,2.955132931449512e-09,2.9563960804743783e-09,2.9576567376360024e-09,2.9589149101628514e-09,2.960170605574396e-09,2.961423831606352e-09,2.962674595822919e-09,2.9639229057497675e-09,2.965168768918522e-09,2.9664121928007785e-09,2.967653184897001e-09,2.9688917525847494e-09,2.9701279032603416e-09,2.9713616442775067e-09,2.9725929831339843e-09,2.973821927053001e-09,2.9750484833968464e-09,2.9762726591599852e-09,2.977494461562278e-09,2.978713898762239e-09,2.979930976381505e-09,2.981145702312731e-09,2.982358083745215e-09,2.9835681277499335e-09,2.9847758414109395e-09,2.9859812317202784e-09,2.9871843060771394e-09,2.9883850708567966e-09,2.9895835333176963e-09,2.9907797004271658e-09,2.991973579011337e-09,2.9931651761311786e-09,2.9943544985702546e-09,2.9955415531818804e-09,2.99672634698458e-09,2.9979088863658306e-09,2.9990891784977795e-09,3.000267229740548e-09,3.001443047186907e-09,3.002616637341124e-09,3.003788006700123e-09,3.0049571618338484e-09,3.0061241100691555e-09,3.007288857422995e-09,3.0084514105975153e-09,3.0096117760983474e-09,3.0107699605872872e-09,3.01192597080432e-09,3.0130798126265105e-09,3.0142314928197616e-09,3.015381017969317e-09,3.016528394180921e-09,3.0176736280125536e-09,3.0188167257765815e-09,3.0199576934309957e-09,3.0210965381388975e-09,3.022233265755596e-09,3.0233678826820894e-09,3.0245003946032166e-09,3.025630808660164e-09,3.0267591306254226e-09,3.027885367026549e-09,3.029009523692938e-09,3.0301316064587377e-09,3.0312516217565917e-09,3.0323695756625376e-09,3.0334854741579502e-09,3.0345993235184095e-09,3.0357111297020883e-09,3.036820898673877e-09,3.0379286364442366e-09,3.039034348993834e-09,3.040138042247157e-09,3.0412397221873775e-09,3.0423393946729518e-09,3.043437065627883e-09,3.0445327409763947e-09,3.0456264264444034e-09,3.046718127876057e-09,3.0478078514563034e-09,3.048895602408053e-09,3.0499813863866754e-09,3.051065209752096e-09,3.0521470779599913e-09,3.0532269966379836e-09,3.0543049715746637e-09,3.0553810084592003e-09,3.0564551128953124e-09,3.0575272906815427e-09,3.0585975470741813e-09,3.0596658878580234e-09,3.060732318550367e-09,3.061796844865085e-09,3.0628594720827968e-09,3.0639202058354486e-09,3.064979051621021e-09,3.066036014960101e-09,3.067091101269688e-09,3.06814431600362e-09,3.0691956644691508e-09,3.0702451521945134e-09,3.0712927844827867e-09,3.0723385667351125e-09,3.073382504190977e-09,3.0744246026324486e-09,3.0754648668293477e-09,3.0765033022256073e-09,3.0775399141018934e-09,3.0785747077565358e-09,3.0796076882360524e-09,3.0806388613901255e-09,3.081668231710607e-09,3.082695804609315e-09,3.0837215852809843e-09,3.084745578961523e-09,3.085767790501159e-09,3.086788225281333e-09,3.0878068883596974e-09,3.088823784031922e-09,3.0898389191135816e-09,3.0908522974709055e-09,3.091863924407737e-09,3.092873804645621e-09,3.093881943426621e-09,3.094888345655609e-09,3.095893016332457e-09,3.096895960349859e-09,3.0978971827019793e-09,3.0988966882897185e-09,3.099894482033351e-09,3.100890568808732e-09,3.1018849533524215e-09,3.102877640606902e-09,3.103868635358437e-09,3.104857942195703e-09,3.1058455665854277e-09,3.106831512830345e-09,3.1078157858554725e-09,3.1087983903468363e-09,3.1097793309287308e-09,3.110758612451124e-09,3.1117362392534596e-09,3.1127122166837982e-09,3.1136865495126884e-09,3.114659241588412e-09,3.1156302979298006e-09,3.1165997237376356e-09,3.117567522573729e-09,3.118533699496272e-09,3.119498259176756e-09,3.1204612061358076e-09,3.1214225450308264e-09,3.122382280186776e-09,3.1233404162784167e-09,3.1242969577201163e-09,3.12525190904351e-09,3.1262052747094857e-09,3.12715705922036e-09,3.1281072670169037e-09,3.1290559025343684e-09,3.1300029707483296e-09,3.130948475014783e-09,3.1318924202267687e-09,3.1328348104265853e-09,3.1337756506363287e-09,3.1347149448477994e-09,3.135652697405815e-09,3.1365889126691788e-09,3.137523594994584e-09,3.1384567485865458e-09,3.1393883777798035e-09,3.1403184867549877e-09,3.141247079939822e-09,3.14217416144615e-09,3.1430997355212907e-09,3.144023806389054e-09,3.1449463783157254e-09,3.1458674553140225e-09,3.146787041352099e-09,3.1477051411748673e-09,3.148621758633952e-09,3.1495368976957926e-09,3.1504505628625677e-09,3.1513627577249763e-09,3.152273486926517e-09,3.1531827543155647e-09,3.1540905640118225e-09,3.1549969199530115e-09,3.155901826231594e-09,3.1568052867863796e-09,3.1577073058115044e-09,3.158607887221916e-09,3.1595070349895644e-09,3.16040475244078e-09,3.1613010445008505e-09,3.162195915216618e-09,3.1630893681679897e-09,3.1639814072315216e-09,3.1648720364022475e-09,3.1657612595109736e-09,3.1666490804729637e-09,3.1675355031319947e-09,3.168420531332889e-09,3.169304169040948e-09,3.170186419937332e-09,3.1710672881012123e-09,3.171946777143467e-09,3.1728248905981486e-09,3.173701632928142e-09,3.174577007577076e-09,3.175451018369328e-09,3.1763236690109663e-09,3.1771949632516507e-09,3.1780649047813215e-09,3.178933497370832e-09,3.1798007449591125e-09,3.18066665082622e-09,3.1815312189831638e-09,3.182394452819707e-09,3.1832563561256286e-09,3.1841169326783915e-09,3.1849761860316317e-09,3.185834119733874e-09,3.1866907375924634e-09,3.187546043081568e-09,3.1884000398468405e-09,3.1892527314990575e-09,3.1901041215335103e-09,3.190954213589934e-09,3.1918030106963964e-09,3.192650516986559e-09,3.1934967363520923e-09,3.194341671864412e-09,3.1951853270725322e-09,3.1960277054322033e-09,3.196868810301132e-09,3.1977086458293612e-09,3.1985472145855093e-09,3.1993845204112263e-09,3.20022056676912e-09,3.201055357071974e-09,3.2018888947779993e-09,3.2027211832747e-09,3.2035522259561725e-09,3.2043820262500265e-09,3.205210587524897e-09,3.206037913183974e-09,3.2068640065335132e-09,3.207688870928554e-09,3.2085125097417653e-09,3.20933492626061e-09,3.2101561239818362e-09,3.2109761060531274e-09,3.211794875779049e-09,3.2126124365089995e-09,3.2134287915004985e-09,3.2142439440760715e-09,3.2150578974219572e-09,3.2158706548556372e-09,3.216682219600362e-09,3.2174925948389743e-09,3.218301783876387e-09,3.2191097901436996e-09,3.2199166165741773e-09,3.2207222659250734e-09,3.221526741550846e-09,3.2223300474462684e-09,3.2231321863543245e-09,3.2239331612988076e-09,3.224732975418911e-09,3.2255316320754207e-09,3.2263291341108523e-09,3.227125484649463e-09,3.2279206869623208e-09,3.2287147440967958e-09,3.2295076591098112e-09,3.230299435148589e-09,3.2310900752568084e-09,3.2318795825431345e-09,3.2326679599714583e-09,3.2334552105770305e-09,3.234241337471305e-09,3.235026343649904e-09,3.2358102321947205e-09,3.236593006069749e-09,3.23737466828414e-09,3.2381552217598347e-09,3.238934669589021e-09,3.239713014697656e-09,3.240490260052898e-09,3.2412664085958496e-09,3.242041463259308e-09,3.242815427009661e-09,3.2435883027606357e-09,3.244360093480537e-09,3.245130802057967e-09,3.2459004314121203e-09,3.2466689844237656e-09,3.2474364639842834e-09,3.248202872970282e-09,3.248968214245467e-09,3.2497324906897994e-09,3.250495705148836e-09,3.2512578604521015e-09,3.252018959461945e-09,3.2527790050172418e-09,3.253537999835166e-09,3.254295947116914e-09,3.255052849318375e-09,3.255808709078501e-09,3.256563529391655e-09,3.25731731300484e-09,3.2580700625805305e-09,3.2588217812424437e-09,3.259572471465116e-09,3.260322136089963e-09,3.261070777937885e-09,3.2618183995751387e-09,3.262565003681023e-09,3.263310593062459e-09,3.2640551704257236e-09,3.264798738473514e-09,3.2655412998998366e-09,3.2662828573933144e-09,3.267023413574569e-09,3.2677629711628225e-09,3.268501532965193e-09,3.2692391015647506e-09,3.2699756795301073e-09,3.2707112694092254e-09,3.271445873881695e-09,3.2721794956181766e-09,3.272912137265322e-09,3.2736438014311356e-09,3.2743744905932205e-09,3.275104207313347e-09,3.2758329543108033e-09,3.2765607341391645e-09,3.277287549368524e-09,3.2780134025615523e-09,3.278738296272832e-09,3.279462233051464e-09,3.2801852154403652e-09,3.2809072459684577e-09,3.281628327160503e-09,3.2823484615352697e-09,3.283067651605111e-09,3.283785899873378e-09,3.2845032088374994e-09,3.285219580985924e-09,3.285935018803511e-09,3.2866495247481358e-09,3.287363101304976e-09,3.2880757509355673e-09,3.288787476094292e-09,3.2894982792286657e-09,3.29020816277915e-09,3.2909171291789483e-09,3.291625180854792e-09,3.2923323202259807e-09,3.2930385497053032e-09,3.29374387170584e-09,3.294448288619435e-09,3.295151802836971e-09,3.2958544167444832e-09,3.296556132718899e-09,3.2972569531336506e-09,3.2979568803538185e-09,3.298655916737787e-09,3.2993540646366965e-09,3.300051326395391e-09,3.300747704352221e-09,3.3014432008390084e-09,3.302137818180382e-09,3.3028315586704045e-09,3.3035244246452408e-09,3.3042164184250714e-09,3.304907542278988e-09,3.3055977985136184e-09,3.3062871894148266e-09,3.3069757172620405e-09,3.3076633843282096e-09,3.308350192879027e-09,3.309036145175668e-09,3.309721243470673e-09,3.31040549001214e-09,3.311088887039641e-09,3.3117714367887437e-09,3.3124531414882456e-09,3.313134003359153e-09,3.313814024617737e-09,3.3144932074734544e-09,3.3151715541296793e-09,3.315849066783105e-09,3.3165257476252234e-09,3.3172015989420767e-09,3.317876622708834e-09,3.3185508212207616e-09,3.3192241966234e-09,3.3198967510771644e-09,3.3205684868052816e-09,3.3212394058593e-09,3.321909510407884e-09,3.3225788025898276e-09,3.3232472844511312e-09,3.3239149581987064e-09,3.324581825876481e-09,3.325247889744562e-09,3.3259131517598424e-09,3.326577614176781e-09,3.32724127903023e-09,3.327904148396672e-09,3.328566224349868e-09,3.329227508972653e-09,3.3298880043356558e-09,3.3305477124871743e-09,3.3312066355344035e-09,3.3318647754736874e-09,3.332522134387753e-09,3.3331787143021532e-09,3.3338345172958206e-09,3.3344895453907565e-09,3.3351438005712006e-09,3.3357972848784923e-09,3.3364500003291827e-09,3.3371019489304507e-09,3.3377531326770473e-09,3.33840355358513e-09,3.33905321363669e-09,3.3397021148214472e-09,3.3403502591075183e-09,3.340997648350872e-09,3.3416442847834905e-09,3.3422901702545952e-09,3.34293530668049e-09,3.3435796960702763e-09,3.3442233403450777e-09,3.3448662414482477e-09,3.3455084012973615e-09,3.3461498218426305e-09,3.3467905052700652e-09,3.347430453022546e-09,3.348069667265707e-09,3.348708149860653e-09,3.349345902696118e-09,3.34998292777739e-09,3.3506192269009495e-09,3.3512548020273736e-09,3.3518896549695324e-09,3.352523787641564e-09,3.3531572020576275e-09,3.3537898997882143e-09,3.3544218828627077e-09,3.3550531531639953e-09,3.355683712564698e-09,3.3563135627984456e-09,3.356942705721974e-09,3.3575711432818864e-09,3.358198877001407e-09,3.35882590926614e-09,3.3594522419388978e-09,3.3600778764491137e-09,3.360702814427254e-09,3.3613270578775635e-09,3.361950608646906e-09,3.3625734685316806e-09,3.3631956396515636e-09,3.3638171231866145e-09,3.3644379211403142e-09,3.3650580354135084e-09,3.365677467674359e-09,3.3662962197697782e-09,3.366914293304561e-09,3.3675316903026515e-09,3.3681484123931253e-09,3.368764461322376e-09,3.3693798388159992e-09,3.369994546670101e-09,3.3706085865701865e-09,3.371221960274325e-09,3.37183466948628e-09,3.3724467159394053e-09,3.3730581013507877e-09,3.3736688274331224e-09,3.374278895893014e-09,3.3748883084364093e-09,3.3754970667322207e-09,3.3761051725279008e-09,3.3767126274905577e-09,3.3773194331366335e-09,3.3779255914885687e-09,3.378531104000838e-09,3.3791359723363005e-09,3.3797401983107183e-09,3.3803437834726248e-09,3.38094672952037e-09,3.381549038083091e-09,3.3821507108585332e-09,3.3827517502203405e-09,3.3833521559217506e-09,3.3839519310028823e-09,3.384551076777123e-09,3.3851495948723284e-09,3.3857474869492516e-09,3.3863447545784103e-09,3.386941399288649e-09,3.3875374229157336e-09,3.3881328269414914e-09,3.388727612978341e-09,3.3893217826157677e-09,3.389915337301192e-09,3.3905082789078245e-09,3.3911006088490113e-09,3.391692328760438e-09,3.392283440183681e-09,3.3928739446983063e-09,3.393463843400404e-09,3.3940531387368454e-09,3.394641831958988e-09,3.395229924439594e-09,3.395817417755511e-09,3.3964043135129533e-09,3.39699061322636e-09,3.3975763184331966e-09,3.3981614306661725e-09,3.3987459514584096e-09,3.39932988229986e-09,3.3999132247642265e-09,3.4004959803264624e-09,3.4010781505151973e-09,3.401659736840242e-09,3.402240740893568e-09,3.4028211640108688e-09,3.403401007745693e-09,3.4039802736093412e-09,3.404558963100355e-09,3.405137077672081e-09,3.405714618663601e-09,3.40629158787109e-09,3.4068679864852668e-09,3.407443816206794e-09,3.408019078371338e-09,3.4085937744773787e-09,3.409167905958831e-09,3.40974147470216e-09,3.4103144812574313e-09,3.41088692751985e-09,3.4114588149425427e-09,3.412030144948959e-09,3.4126009189988343e-09,3.4131711384822983e-09,3.413740804813491e-09,3.414309919493622e-09,3.4148784839198935e-09,3.4154464994421944e-09,3.416013967535754e-09,3.4165808895450604e-09,3.4171472669180756e-09,3.417713101016178e-09,3.418278393133228e-09,3.4188431449094006e-09,3.4194073576050186e-09,3.419971032616619e-09,3.420534171316043e-09,3.4210967750799974e-09,3.4216588452836916e-09,3.4222203833014873e-09,3.422781390323422e-09,3.4233418680245117e-09,3.4239018176130686e-09,3.4244612404472707e-09,3.4250201378733352e-09,3.425578511187228e-09,3.4261363618399775e-09,3.4266936911180103e-09,3.4272505004031028e-09,3.4278067911308944e-09,3.428362564289559e-09,3.4289178212806782e-09,3.429472562854737e-09,3.430026791828288e-09,3.430580508711404e-09,3.4311337148387474e-09,3.431686411460952e-09,3.4322385999193856e-09,3.432790281508698e-09,3.4333414575362388e-09,3.433892129263468e-09,3.4344422978343265e-09,3.434991964902076e-09,3.4355411315662927e-09,3.4360897990899688e-09,3.4366379692141764e-09,3.437185642301691e-09,3.4377328201063428e-09,3.4382795038458196e-09,3.438825695023193e-09,3.4393713944746522e-09,3.439916603660982e-09,3.4404613239442073e-09,3.441005556376034e-09,3.441549302300251e-09,3.4420925629607035e-09,3.442635339598531e-09,3.443177633470757e-09,3.4437194457716004e-09,3.4442607777516007e-09,3.4448016306386665e-09,3.44534200565599e-09,3.445881904026387e-09,3.4464213269673633e-09,3.446960275693119e-09,3.4474987514152936e-09,3.448036755342109e-09,3.448574288678234e-09,3.4491113526258442e-09,3.4496479483836226e-09,3.450184077146578e-09,3.450719740107582e-09,3.451254938456352e-09,3.451789673378446e-09,3.452323946056811e-09,3.4528577576712603e-09,3.453391109398501e-09,3.453924002412134e-09,3.45445643788288e-09,3.454988416977724e-09,3.4555199408612185e-09,3.456051010700594e-09,3.4565816276421354e-09,3.457111792831798e-09,3.457641507452103e-09,3.4581707726368026e-09,3.458699589529205e-09,3.4592279592801927e-09,3.459755883022168e-09,3.460283361894745e-09,3.4608103970344073e-09,3.461336989580105e-09,3.461863140636605e-09,3.462388851341942e-09,3.462914122815421e-09,3.4634389561798964e-09,3.4639633525505592e-09,3.4644873130431103e-09,3.4650108386330222e-09,3.4655339306931753e-09,3.4660565901951057e-09,3.466578818243322e-09,3.467100615929474e-09,3.4676219843152145e-09,3.4681429246760443e-09,3.4686634378574297e-09,3.4691835250448155e-09,3.469703187220199e-09,3.470222425675295e-09,3.470741241351564e-09,3.4712596353434623e-09,3.471777608838011e-09,3.4722951627144557e-09,3.472812298183214e-09,3.47332901623924e-09,3.473845317961472e-09,3.4743612043838913e-09,3.4748766766063567e-09,3.475391735629732e-09,3.4759063825798157e-09,3.4764206184577442e-09,3.4769344443206516e-09,3.477447861197636e-09,3.4779608701434565e-09,3.4784734721796456e-09,3.4789856683210514e-09,3.479497459662249e-09,3.480008847181806e-09,3.480519831930413e-09,3.4810304151964535e-09,3.481540597457673e-09,3.482050379984536e-09,3.4825597638193578e-09,3.4830687500485738e-09,3.4835773395197115e-09,3.4840855332960276e-09,3.484593332390949e-09,3.4851007378592614e-09,3.4856077506508737e-09,3.486114371788371e-09,3.486620602243147e-09,3.487126443024104e-09,3.4876318951132714e-09,3.488136959498392e-09,3.4886416371621753e-09,3.489145929318208e-09,3.489649836359579e-09,3.490153359738226e-09,3.490656500294591e-09,3.4911592595708498e-09,3.4916616374160625e-09,3.49216363537004e-09,3.492665254378245e-09,3.4931664954667268e-09,3.493667359615948e-09,3.4941678475608225e-09,3.494667960389239e-09,3.495167699061447e-09,3.4956670652453904e-09,3.496166058502979e-09,3.496664680387169e-09,3.497162931892291e-09,3.4976608139852836e-09,3.49815832754473e-09,3.4986554735255818e-09,3.4991522528642144e-09,3.49964866650385e-09,3.500144715366068e-09,3.500640400620012e-09,3.501135722683262e-09,3.5016306827301164e-09,3.5021252816744128e-09,3.5026195205860297e-09,3.5031134000394836e-09,3.5036069211273318e-09,3.5041000847391873e-09,3.5045928918634854e-09,3.505085343340453e-09,3.5055774400742394e-09,3.506069182996472e-09,3.506560573252273e-09,3.5070516114620973e-09,3.5075422981675062e-09,3.508032634583173e-09,3.5085226219418473e-09,3.509012260466545e-09,3.50950155141335e-09,3.5099904952749375e-09,3.5104790938965335e-09,3.510967347230763e-09,3.51145525638834e-09,3.5119428226353754e-09,3.512430046209707e-09,3.512916928139715e-09,3.5134034695101617e-09,3.5138896714173117e-09,3.5143755342338828e-09,3.5148610591351787e-09,3.5153462464925134e-09,3.5158310974848546e-09,3.516315613283183e-09,3.5167997940769054e-09,3.517283641061955e-09,3.5177671550677653e-09,3.51825033656547e-09,3.5187331871296426e-09,3.5192157070906617e-09,3.5196978975723596e-09,3.5201797592968736e-09,3.520661292962096e-09,3.521142499564736e-09,3.5216233798605153e-09,3.522103934675843e-09,3.5225841648254474e-09,3.523064071120787e-09,3.523543654413337e-09,3.524022915827699e-09,3.5245018554997967e-09,3.5249804745474066e-09,3.5254587738811083e-09,3.5259367544173286e-09,3.526414416610484e-09,3.526891761803457e-09,3.527368790442603e-09,3.5278455029934626e-09,3.528321900573687e-09,3.5287979843390154e-09,3.5292737543983705e-09,3.52974921187793e-09,3.5302243575635004e-09,3.530699192233948e-09,3.5311737174099916e-09,3.531647932475568e-09,3.532121839178196e-09,3.5325954378568403e-09,3.5330687295941587e-09,3.5335417146301593e-09,3.534014394472962e-09,3.534486769175427e-09,3.5349588398696944e-09,3.5354306073375547e-09,3.5359020718740204e-09,3.536373235077318e-09,3.536844097466717e-09,3.5373146595876725e-09,3.5377849222345e-09,3.538254886209425e-09,3.5387245522465177e-09,3.539193921038072e-09,3.539662993532373e-09,3.5401317702526053e-09,3.5406002520331926e-09,3.5410684392684536e-09,3.5415363333784374e-09,3.5420039347145993e-09,3.5424712441082233e-09,3.542938262317497e-09,3.5434049899613468e-09,3.5438714277997377e-09,3.544337576589979e-09,3.544803436983858e-09,3.545269009877654e-09,3.545734295940901e-09,3.546199295375865e-09,3.546664009910035e-09,3.5471284396789832e-09,3.5475925853783793e-09,3.5480564477816682e-09,3.5485200276162053e-09,3.5489833255571563e-09,3.549446342377165e-09,3.5499090787362267e-09,3.5503715353865112e-09,3.550833713002676e-09,3.5512956122991154e-09,3.5517572341829155e-09,3.552218578905504e-09,3.5526796472479834e-09,3.5531404401927532e-09,3.55360095820542e-09,3.5540612021426956e-09,3.5545211726181113e-09,3.5549808703477765e-09,3.5554402959497477e-09,3.5558994502212013e-09,3.55635833368786e-09,3.5568169471349574e-09,3.5572752909384884e-09,3.5577333663464435e-09,3.5581911736882368e-09,3.558648713769597e-09,3.5591059871054256e-09,3.559562994441825e-09,3.5600197363513542e-09,3.560476213712405e-09,3.5609324270720125e-09,3.5613883769444586e-09,3.5618440644137068e-09,3.5622994897239955e-09,3.562754653691879e-09,3.5632095571810816e-09,3.563664200461413e-09,3.564118584293312e-09,3.5645727093954787e-09,3.5650265763941544e-09,3.5654801861324933e-09,3.5659335389838867e-09,3.5663866356417033e-09,3.566839476763658e-09,3.5672920630406593e-09,3.5677443950861196e-09,3.5681964730864912e-09,3.56864829855021e-09,3.569099871492126e-09,3.5695511925565577e-09,3.57000226304129e-09,3.570453083038931e-09,3.570903653219983e-09,3.5713539742296327e-09,3.5718040465370754e-09,3.572253871135302e-09,3.5727034482758046e-09,3.57315277897552e-09,3.573601863670029e-09,3.5740507028269695e-09,3.5744992970722705e-09,3.5749476468453317e-09,3.5753957532907612e-09,3.575843616492625e-09,3.5762912375363464e-09,3.576738616807626e-09,3.577185755091962e-09,3.5776326528807526e-09,3.5780793100402123e-09,3.5785257281068477e-09,3.5789719076008045e-09,3.579417848987036e-09,3.5798635527364818e-09,3.5803090195353245e-09,3.580754250068963e-09,3.5811992446533243e-09,3.5816440042204906e-09,3.5820885290727424e-09,3.5825328194644173e-09,3.582976876737906e-09,3.5834207009090597e-09,3.5838642938819255e-09,3.5843076552877294e-09,3.5847507849227125e-09,3.58519368402923e-09,3.585636353601868e-09,3.586078792896169e-09,3.5865210034669005e-09,3.5869629861248467e-09,3.5874047411342427e-09,3.587846269190267e-09,3.588287570611201e-09,3.5887286460892024e-09,3.589169496188922e-09,3.5896101214749752e-09,3.59005052286506e-09,3.5904907005760766e-09,3.590930654788381e-09,3.591370386428391e-09,3.5918098960518957e-09,3.592249184301119e-09,3.5926882515925905e-09,3.593127098864467e-09,3.5935657263287675e-09,3.594004134188633e-09,3.5944423236882013e-09,3.5948802946822994e-09,3.595318048134078e-09,3.595755584463126e-09,3.5961929042503438e-09,3.5966300080734786e-09,3.597066896436988e-09,3.597503569901165e-09,3.597940028998249e-09,3.598376274262125e-09,3.598812306220303e-09,3.5992481254237677e-09,3.5996837323949567e-09,3.6001191276625024e-09,3.600554311751993e-09,3.6009892851958503e-09,3.6014240485201505e-09,3.60185860224828e-09,3.6022929468974284e-09,3.6027270830011956e-09,3.6031610110720153e-09,3.603594731635377e-09,3.6040282450581516e-09,3.6044615521513118e-09,3.6048946532824522e-09,3.6053275489675347e-09,3.6057602395626233e-09,3.6061927258769264e-09,3.6066250081397174e-09,3.6070570870040724e-09,3.607488962947609e-09,3.607920636660616e-09,3.608352108540257e-09,3.608783378831796e-09,3.6092144482216787e-09,3.60964531724711e-09,3.6100759866106052e-09,3.610506456416663e-09,3.6109367275202966e-09,3.6113668001885595e-09,3.6117966749659343e-09,3.6122263523921883e-09,3.6126558328868964e-09,3.6130851169674985e-09,3.613514205123432e-09,3.6139430978880894e-09,3.6143717956592526e-09,3.614800299012102e-09,3.615228608386659e-09,3.615656724221572e-09,3.6160846470440908e-09,3.6165123773805537e-09,3.616939915664467e-09,3.6173672623784545e-09,3.617794417993703e-09,3.6182213829887635e-09,3.618648157845213e-09,3.6190747430220572e-09,3.619501138998025e-09,3.6199273462457055e-09,3.6203533652342743e-09,3.62077919643077e-09,3.621204840314981e-09,3.6216302973316073e-09,3.62205556794892e-09,3.6224806526464398e-09,3.6229055518849363e-09,3.6233302661133264e-09,3.6237547958017307e-09,3.624179141400736e-09,3.624603303378665e-09,3.6250272821866446e-09,3.6254510782831188e-09,3.625874692116683e-09,3.6262981241579918e-09,3.6267213747960835e-09,3.627144444557234e-09,3.6275673338698305e-09,3.6279900432126663e-09,3.6284125730027975e-09,3.6288349237358803e-09,3.629257095881454e-09,3.629679089434754e-09,3.6301009054497827e-09,3.6305225441324865e-09,3.630944005900031e-09,3.6313652913134685e-09,3.6317864008460375e-09,3.6322073345774824e-09,3.632628093166934e-09,3.6330486768983964e-09,3.633469086532377e-09,3.6338893223285825e-09,3.6343093847400367e-09,3.634729274354577e-09,3.635148991223948e-09,3.635568536248323e-09,3.6359879095637457e-09,3.636407111391669e-09,3.636826142749001e-09,3.6372450033124804e-09,3.637663693938203e-09,3.6380822149402e-09,3.6385005668058053e-09,3.638918749946685e-09,3.6393367647698353e-09,3.6397546117045703e-09,3.6401722911675848e-09,3.640589803748274e-09,3.6410071495118405e-09,3.64142432905476e-09,3.6418413427309505e-09,3.6422581910204747e-09,3.6426748744593313e-09,3.643091393227075e-09,3.6435077478175146e-09,3.643923938321654e-09,3.6443399656114833e-09,3.644755830093431e-09,3.645171531771303e-09,3.6455870716951363e-09,3.646002449921875e-09,3.646417666792299e-09,3.6468327227390932e-09,3.6472476181466306e-09,3.6476623533695716e-09,3.648076928731113e-09,3.648491344842292e-09,3.648905601867519e-09,3.6493197003367894e-09,3.6497336407880976e-09,3.650147423285942e-09,3.650561048401912e-09,3.6509745165153992e-09,3.65138782798547e-09,3.6518009832308988e-09,3.6522139826645122e-09,3.652626826641622e-09,3.653039515522324e-09,3.653452049729131e-09,3.65386442962646e-09,3.654276655615333e-09,3.654688728056666e-09,3.655100647343846e-09,3.655512413855156e-09,3.6559240278726882e-09,3.6563354899406223e-09,3.65674680037093e-09,3.6571579595443097e-09,3.657568967729347e-09,3.6579798254161097e-09,3.6583905329117096e-09,3.658801090776757e-09,3.6592114991237493e-09,3.6596217584340253e-09,3.6600318691211873e-09,3.6604418314811876e-09,3.660851645883413e-09,3.661261312764486e-09,3.661670832483713e-09,3.6620802052471382e-09,3.6624894315325183e-09,3.662898512092514e-09,3.6633074467566602e-09,3.6637162358182993e-09,3.664124879743153e-09,3.6645333789811055e-09,3.664941734089839e-09,3.665349945046019e-09,3.665758012168396e-09,3.666165936366754e-09,3.6665737175560073e-09,3.666981356298615e-09,3.6673888528604742e-09,3.6677962074324487e-09,3.6682034206483836e-09,3.668610493068563e-09,3.6690174244875883e-09,3.669424215457896e-09,3.669830866326971e-09,3.6702373774395102e-09,3.6706437491425955e-09,3.671049981776097e-09,3.6714560756883314e-09,3.6718620312176623e-09,3.672267848709434e-09,3.672673528500808e-09,3.6730790709310063e-09,3.673484476339578e-09,3.673889745068281e-09,3.6742948774535046e-09,3.6746998738250752e-09,3.6751047345246176e-09,3.6755094598819923e-09,3.6759140502338126e-09,3.676318505913816e-09,3.6767228272546075e-09,3.67712701458764e-09,3.6775310682405205e-09,3.6779349885396172e-09,3.6783387758196772e-09,3.6787424304009306e-09,3.6791459526209e-09,3.679549342798374e-09,3.679952601256207e-09,3.6803557283284108e-09,3.6807587243339922e-09,3.681161589592027e-09,3.6815643244286684e-09,3.6819669291649294e-09,3.6823694041159657e-09,3.6827717496093344e-09,3.683173965732319e-09,3.683576053028319e-09,3.6839780118144306e-09,3.6843798424069924e-09,3.6847815451217104e-09,3.6851831202725057e-09,3.685584568173461e-09,3.685985889138049e-09,3.6863870834778072e-09,3.686788151504406e-09,3.6871890935289223e-09,3.6875899098606013e-09,3.6879906008087188e-09,3.688391166681432e-09,3.688791607786364e-09,3.6891919244302342e-09,3.6895921169186226e-09,3.689992185557263e-09,3.6903921306501717e-09,3.6907919525009757e-09,3.691191651412457e-09,3.69159122768636e-09,3.691990681624221e-09,3.6923900135262384e-09,3.69278922369252e-09,3.693188312421903e-09,3.693587280012718e-09,3.6939861267620825e-09,3.69438485296677e-09,3.694783458923023e-09,3.6951819449258796e-09,3.6955803112695453e-09,3.695978558247909e-09,3.6963766861536907e-09,3.6967746952790855e-09,3.697172585915815e-09,3.69757035835432e-09,3.697968012884708e-09,3.6983655497960613e-09,3.6987629693767545e-09,3.699160271914577e-09,3.6995574576969615e-09,3.6999545270097143e-09,3.700351480138443e-09,3.7007483173680073e-09,3.701145038982548e-09,3.7015416452657866e-09,3.7019381364998648e-09,3.7023345129666353e-09,3.702730774947752e-09,3.7031269227234328e-09,3.7035229565734204e-09,3.7039188767769236e-09,3.7043146836120258e-09,3.704710377356726e-09,3.705105958287948e-09,3.70550142668161e-09,3.7058967828136676e-09,3.7062920269586713e-09,3.706687159390515e-09,3.707082180383254e-09,3.7074770902093025e-09,3.707871889140419e-09,3.708266577448543e-09,3.7086611554038513e-09,3.7090556232762477e-09,3.709449981335717e-09,3.709844229850114e-09,3.7102383690877267e-09,3.7106323993773377e-09,3.7110263209232695e-09,3.7114201339918847e-09,3.7118138388479624e-09,3.7122074356955797e-09,3.7126009248597586e-09,3.7129943066033156e-09,3.713387581383826e-09,3.7137807492678382e-09,3.714173810357719e-09,3.7145667652327263e-09,3.7149596137982077e-09,3.7153523567070587e-09,3.715744994019091e-09,3.7161375259381733e-09,3.7165299527795194e-09,3.7169222748456865e-09,3.7173144922998287e-09,3.717706605489065e-09,3.7180986146200883e-09,3.71849051994338e-09,3.7188823217188092e-09,3.7192740201913304e-09,3.7196656156226592e-09,3.720057108258234e-09,3.7204484983208803e-09,3.720839786114005e-09,3.7212309718644522e-09,3.7216220558001554e-09,3.7220130381933457e-09,3.722403919301952e-09,3.7227946993590227e-09,3.7231853786069488e-09,3.723575957298022e-09,3.7239664354272697e-09,3.724356813735427e-09,3.724747091962212e-09,3.725137270602818e-09,3.725527350167901e-09,3.725917330637319e-09,3.726307212246377e-09,3.726696995241885e-09,3.7270866795779384e-09,3.727476265773762e-09,3.727865754372497e-09,3.728255145306779e-09,3.728644438830512e-09,3.729033634849113e-09,3.729422734229432e-09,3.729811736897287e-09,3.73020064276797e-09,3.730589452392675e-09,3.730978166005543e-09,3.731366783840185e-09,3.7317553064482845e-09,3.732143733747978e-09,3.7325320656821326e-09,3.732920302726062e-09,3.733308445190193e-09,3.733696493263984e-09,3.734084447177098e-09,3.734472307158493e-09,3.734860073436148e-09,3.7352477462378e-09,3.735635325790639e-09,3.736022812320695e-09,3.736410206054136e-09,3.736797507216222e-09,3.737184716031281e-09,3.737571832723236e-09,3.7379588575164614e-09,3.738345790633091e-09,3.738732632206704e-09,3.739119382600064e-09,3.739506042020812e-09,3.739892610652163e-09,3.740279088713877e-09,3.740665476425561e-09,3.741051774005769e-09,3.741437981673715e-09,3.741824099646967e-09,3.742210128274224e-09,3.742596067634268e-09,3.7429819179523e-09,3.743367679292285e-09,3.743753352482173e-09,3.74413893716968e-09,3.7445244334819364e-09,3.744909842002146e-09,3.745295162705322e-09,3.745680395893502e-09,3.746065541656179e-09,3.746450600092846e-09,3.746835571791773e-09,3.7472204566163865e-09,3.747605254950048e-09,3.747989967001832e-09,3.748374592963047e-09,3.7487591330768255e-09,3.7491435875332744e-09,3.749527956539536e-09,3.749912240305446e-09,3.750296439030738e-09,3.750680552925342e-09,3.7510645821252985e-09,3.7514485269706605e-09,3.751832387599688e-09,3.752216164211467e-09,3.752599856944013e-09,3.752983466066262e-09,3.7533669917810525e-09,3.753750434289991e-09,3.75413379384533e-09,3.754517070544306e-09,3.754900264637974e-09,3.755283376327035e-09,3.755666405810008e-09,3.756049353284281e-09,3.7564322189474896e-09,3.756815003000103e-09,3.75719770563653e-09,3.757580327052844e-09,3.7579628674439704e-09,3.758345327006355e-09,3.758727705936613e-09,3.759110004426759e-09,3.759492222671616e-09,3.759874360861482e-09,3.760256419194748e-09,3.760638397860338e-09,3.761020297050581e-09,3.761402116957594e-09,3.76178385777055e-09,3.762165519681988e-09,3.762547102881003e-09,3.762928607556644e-09,3.763310033900554e-09,3.763691382097294e-09,3.764072652338795e-09,3.764453844808099e-09,3.764834959695155e-09,3.765215997185695e-09,3.765596957466305e-09,3.765977840722084e-09,3.766358647138293e-09,3.766739376900807e-09,3.767120030191591e-09,3.767500607196261e-09,3.767881108098215e-09,3.7682615330820555e-09,3.7686418823269716e-09,3.769022156015063e-09,3.769402354328252e-09,3.769782477447177e-09,3.7701625255520696e-09,3.7705424988255144e-09,3.770922397445538e-09,3.7713022215914495e-09,3.7716819714407615e-09,3.7720616471719626e-09,3.772441249008314e-09,3.77282077703829e-09,3.773200231489118e-09,3.773579612566196e-09,3.773958920656716e-09,3.7743381556845405e-09,3.774717317841557e-09,3.775096407270476e-09,3.775475423990198e-09,3.775854368521526e-09,3.7762332406522256e-09,3.776612040985933e-09,3.776990769284785e-09,3.777369426103201e-09,3.777748011256815e-09,3.778126525080071e-09,3.778504967647215e-09,3.778883339286599e-09,3.7792616400991685e-09,3.779639870310536e-09,3.780018030067357e-09,3.780396119457839e-09,3.780774138646638e-09,3.781152088363844e-09,3.781529967892428e-09,3.7819077777815085e-09,3.782285518115908e-09,3.782663189177296e-09,3.783040791217851e-09,3.7834183241356166e-09,3.783795787975657e-09,3.784173183439715e-09,3.78455051042419e-09,3.784927768990432e-09,3.7853049597797085e-09,3.785682082396922e-09,3.786059137346327e-09,3.786436124312224e-09,3.786813043590318e-09,3.787189895707042e-09,3.787566680484981e-09,3.787943398564666e-09,3.788320049370853e-09,3.788696633747778e-09,3.789073151587029e-09,3.7894496030801256e-09,3.789825988404311e-09,3.79020230756141e-09,3.790578560784288e-09,3.790954748200119e-09,3.791330870020906e-09,3.7917069264456245e-09,3.792082917578827e-09,3.792458843555479e-09,3.792834704550884e-09,3.793210500699318e-09,3.79358623228868e-09,3.793961899266705e-09,3.7943375018796314e-09,3.7947130402810635e-09,3.795088514620619e-09,3.795463925063165e-09,3.795839271762366e-09,3.796214554841798e-09,3.796589774419615e-09,3.796964930950766e-09,3.7973400241163325e-09,3.797715054296404e-09,3.798090021287076e-09,3.798464925584864e-09,3.7988397673183595e-09,3.799214546921235e-09,3.799589264310562e-09,3.799963919596426e-09,3.800338512842227e-09,3.800713044654233e-09,3.801087514470691e-09,3.8014619228360335e-09,3.801836269742163e-09,3.802210555404208e-09,3.802584779902446e-09,3.802958943971437e-09,3.803333046703435e-09,3.803707088803457e-09,3.8040810704933044e-09,3.80445499183064e-09,3.804828852861666e-09,3.80520265425668e-09,3.805576395380638e-09,3.805950076684571e-09,3.80632369833602e-09,3.806697260454377e-09,3.80707076319809e-09,3.807444206714725e-09,3.807817591133581e-09,3.808190916439713e-09,3.808564183146876e-09,3.808937390952208e-09,3.8093105403869504e-09,3.809683631450116e-09,3.810056664270466e-09,3.810429638916533e-09,3.810802555568542e-09,3.811175414369569e-09,3.81154821545311e-09,3.8119209590134895e-09,3.812293645022724e-09,3.812666273784234e-09,3.813038845362556e-09,3.813411359948572e-09,3.813783817595826e-09,3.8141562184978476e-09,3.814528562739113e-09,3.8149008504709755e-09,3.8152730818450556e-09,3.815645257017375e-09,3.816017376051436e-09,3.8163894395859765e-09,3.816761446691195e-09,3.817133398249845e-09,3.817505294749011e-09,3.8178771352926e-09,3.818248920461443e-09,3.8186206506228645e-09,3.818992325571864e-09,3.819363945577411e-09,3.819735510844534e-09,3.820107021371019e-09,3.8204784773942225e-09,3.820849879032756e-09,3.821221226449628e-09,3.821592519579766e-09,3.821963758706403e-09,3.822334943880891e-09,3.8227060752933934e-09,3.823077153049067e-09,3.823448177293721e-09,3.823819148277562e-09,3.8241900658995895e-09,3.824560930308179e-09,3.8249317422354e-09,3.8253025008144635e-09,3.825673206521443e-09,3.826043859630937e-09,3.826414460209573e-09,3.82678500838009e-09,3.8271555042637886e-09,3.827525947994367e-09,3.827896339673312e-09,3.828266679375285e-09,3.828636967186779e-09,3.829007203454796e-09,3.82937738811957e-09,3.829747521414165e-09,3.830117603334305e-09,3.830487634101368e-09,3.830857613808043e-09,3.831227542556632e-09,3.831597420465802e-09,3.831967247620554e-09,3.832337024128543e-09,3.832706750123593e-09,3.833076425806826e-09,3.833446051226715e-09,3.833815626586692e-09,3.834185151937684e-09,3.8345546278319504e-09,3.834924053503813e-09,3.835293429453095e-09,3.8356627558504065e-09,3.836032033059539e-09,3.836401260707295e-09,3.836770439231638e-09,3.837139568661192e-09,3.8375086490446774e-09,3.8378776805153885e-09,3.8382466636000985e-09,3.838615597691355e-09,3.83898448360193e-09,3.839353320850977e-09,3.83972211047943e-09,3.840090851218462e-09,3.840459543731147e-09,3.840828188424173e-09,3.841196785041578e-09,3.841565334092791e-09,3.841933835578075e-09,3.842302289568822e-09,3.842670695992453e-09,3.843039055210456e-09,3.843407367549929e-09,3.84377563279584e-09,3.844143851039674e-09,3.844512022372012e-09,3.844880146904062e-09,3.84524822471465e-09,3.845616256248716e-09,3.845984241308738e-09,3.8463521797534715e-09,3.846720072075532e-09,3.8470879183946815e-09,3.847455718935548e-09,3.8478234732817e-09,3.84819118178172e-09,3.848558844556124e-09,3.848926461840602e-09,3.849294033668299e-09,3.849661560064652e-09,3.8500290412175255e-09,3.850396477214554e-09,3.8507638681104446e-09,3.8511312141476155e-09,3.851498516070771e-09,3.851865773207597e-09,3.852232984991485e-09,3.852600152243148e-09,3.8529672748595585e-09,3.853334353331087e-09,3.853701387613532e-09,3.854068378136855e-09,3.854435324253865e-09,3.854802226449297e-09,3.855169084746623e-09,3.85553589940653e-09,3.855902670426435e-09,3.856269397940758e-09,3.856636082041157e-09,3.857002722821383e-09,3.857369320423576e-09,3.85773587486582e-09,3.858102386282252e-09,3.858468854781428e-09,3.85883528045705e-09,3.8592016634076686e-09,3.859568003730981e-09,3.859934301129706e-09,3.860300555394489e-09,3.860666768354204e-09,3.861032938957001e-09,3.8613990677300825e-09,3.861765154256977e-09,3.86213119892184e-09,3.862497201735856e-09,3.862863161474707e-09,3.86322908102569e-09,3.863594958746284e-09,3.863960795095586e-09,3.864326590039357e-09,3.864692343748715e-09,3.865058056265815e-09,3.865423727619067e-09,3.865789358118181e-09,3.866154947711349e-09,3.866520496268228e-09,3.866886004262527e-09,3.867251471633634e-09,3.867616898153948e-09,3.867982284538053e-09,3.868347630591703e-09,3.868712936360936e-09,3.8690782020337094e-09,3.869443427598621e-09,3.869808613153096e-09,3.870173758856142e-09,3.8705388647224614e-09,3.87090393093102e-09,3.871268957445717e-09,3.87163394449034e-09,3.8719988920987074e-09,3.872363800234851e-09,3.872728669330371e-09,3.873093499075692e-09,3.8734582898487525e-09,3.873823041612418e-09,3.87418775448041e-09,3.8745524285284845e-09,3.874917063887954e-09,3.87528166078448e-09,3.875646218924961e-09,3.87601073859933e-09,3.876375219967413e-09,3.876739662958416e-09,3.877104067928572e-09,3.877468434656156e-09,3.877832762847378e-09,3.87819705357474e-09,3.8785613064473e-09,3.878925521523383e-09,3.879289698882599e-09,3.879653838624166e-09,3.880017940921577e-09,3.880382005789299e-09,3.880746033383156e-09,3.8811100246172925e-09,3.881473977814227e-09,3.8818378931612e-09,3.882201772655242e-09,3.88256561464213e-09,3.8829294191736055e-09,3.883293187635114e-09,3.883656918978022e-09,3.8840206136836785e-09,3.884384272385134e-09,3.88474789486492e-09,3.885111480207767e-09,3.885475029345646e-09,3.8858385423088695e-09,3.886202019663509e-09,3.886565461007986e-09,3.8869288663387634e-09,3.8872922351932785e-09,3.887655568953485e-09,3.888018867083669e-09,3.88838212919407e-09,3.888745356104538e-09,3.889108547562037e-09,3.889471703852237e-09,3.889834824577435e-09,3.890197910083825e-09,3.8905609605055906e-09,3.8909239758103815e-09,3.891286956133509e-09,3.891649901551087e-09,3.8920128121430115e-09,3.892375687988429e-09,3.892738529163987e-09,3.893101335746709e-09,3.89346410781357e-09,3.893826845443969e-09,3.8941895487130964e-09,3.894552217697429e-09,3.894914852474468e-09,3.8952774531202976e-09,3.895640019711602e-09,3.896002552324467e-09,3.896365051035492e-09,3.896727515919394e-09,3.897089947053458e-09,3.8974523445078544e-09,3.897814708361576e-09,3.898177038689489e-09,3.8985393355673165e-09,3.898901599069097e-09,3.899263829264967e-09,3.899626026233933e-09,3.899988190046815e-09,3.900350320985603e-09,3.90071241870988e-09,3.901074483980063e-09,3.901436516136968e-09,3.9017985154886785e-09,3.9021604819875655e-09,3.902522415981812e-09,3.902884317286613e-09,3.903246186345611e-09,3.903608022715908e-09,3.903969826679259e-09,3.9043315986130816e-09,3.90469333814132e-09,3.905055045542424e-09,3.905416720867938e-09,3.9057783641995685e-09,3.906139975603647e-09,3.90650155515378e-09,3.906863102942885e-09,3.907224618909639e-09,3.907586103883614e-09,3.9079475567577215e-09,3.90830897865715e-09,3.908670368566984e-09,3.9090317276651414e-09,3.909393055133163e-09,3.90975435115763e-09,3.910115615973855e-09,3.910476849744474e-09,3.91083805245121e-09,3.91119922407932e-09,3.911560364966944e-09,3.91192147512734e-09,3.912282554451245e-09,3.912643603175813e-09,3.913004621174061e-09,3.9133656080961055e-09,3.913726565012803e-09,3.914087491629335e-09,3.914448388334244e-09,3.914809254298444e-09,3.915170090078741e-09,3.915530895737726e-09,3.915891671111874e-09,3.9162524166339755e-09,3.9166131320204845e-09,3.9169738177217345e-09,3.917334473522798e-09,3.9176950994203204e-09,3.918055695825261e-09,3.9184162637588966e-09,3.918776801080562e-09,3.919137309073236e-09,3.919497787809878e-09,3.919858237045596e-09,3.9202186567670016e-09,3.920579047269511e-09,3.920939408567576e-09,3.921299740778288e-09,3.921660043979206e-09,3.922020318607258e-09,3.922380563428416e-09,3.922740780128641e-09,3.923100968350966e-09,3.923461127311529e-09,3.923821257593741e-09,3.924181359273606e-09,3.92454143239136e-09,3.924901477017225e-09,3.9252614934044806e-09,3.925621481266065e-09,3.925981440852633e-09,3.926341372246164e-09,3.926701275462993e-09,3.927061150542096e-09,3.927420997568311e-09,3.9277808166129375e-09,3.928140606216072e-09,3.928500369422706e-09,3.92886010487169e-09,3.929219812577616e-09,3.92957949259867e-09,3.929939144994504e-09,3.930298769826118e-09,3.9306583671361565e-09,3.9310179370177226e-09,3.931377479513364e-09,3.931736994681675e-09,3.932096482581977e-09,3.932455943271318e-09,3.93281537681202e-09,3.933174783296469e-09,3.933534162667668e-09,3.933893515028093e-09,3.934252840628393e-09,3.934612139889389e-09,3.934971411689621e-09,3.935330656136868e-09,3.9356898746536624e-09,3.9360490664916525e-09,3.936408231509713e-09,3.936767370224201e-09,3.937126482771095e-09,3.93748556859889e-09,3.9378446282092415e-09,3.938203661525477e-09,3.938562668525533e-09,3.938921649369656e-09,3.939280604076638e-09,3.939639532721097e-09,3.939998435358852e-09,3.940357312045576e-09,3.940716162836806e-09,3.941074987787943e-09,3.941433786954232e-09,3.9417925603907995e-09,3.9421513081526144e-09,3.9425100301408116e-09,3.942868726454947e-09,3.943227398085811e-09,3.9435860432974175e-09,3.9439446629287405e-09,3.9443032574467e-09,3.944661827147355e-09,3.94502037204771e-09,3.945378891174543e-09,3.945737385047076e-09,3.946095853866825e-09,3.946454297657972e-09,3.946812716625159e-09,3.9471711105275e-09,3.947529479631671e-09,3.947887824197929e-09,3.948246142927454e-09,3.948604437774955e-09,3.948962707995517e-09,3.949320953570532e-09,3.949679174767997e-09,3.950037371313499e-09,3.950395543357632e-09,3.9507536910309346e-09,3.951111814348735e-09,3.951469912900113e-09,3.951827987689446e-09,3.952186038222371e-09,3.952544064618176e-09,3.952902067021747e-09,3.953260044852315e-09,3.953617999201479e-09,3.95397592846601e-09,3.9543338348113434e-09,3.9546917177335395e-09,3.955049576482304e-09,3.9554074117053465e-09,3.955765223344878e-09,3.956123011243069e-09,3.956480775547164e-09,3.956838516323518e-09,3.957196233614259e-09,3.9575539274638545e-09,3.957911597922035e-09,3.958269245033524e-09,3.958626868862626e-09,3.958984469431886e-09,3.959342046807645e-09,3.9596996010385655e-09,3.960057132194058e-09,3.960414639766635e-09,3.960772125281398e-09,3.961129586611272e-09,3.961487025812553e-09,3.9618444422004795e-09,3.962201835779947e-09,3.962559206585911e-09,3.962916554314636e-09,3.963273879743305e-09,3.963631182523047e-09,3.96398846270436e-09,3.9643457204277324e-09,3.96470295567354e-09,3.965060168477893e-09,3.965417358866266e-09,3.965774526953536e-09,3.966131672707599e-09,3.9664887963443895e-09,3.966845897687462e-09,3.967202976844448e-09,3.9675600338934715e-09,3.967917067810094e-09,3.968274081193884e-09,3.96863107222942e-09,3.9689880412940425e-09,3.969344988863427e-09,3.969701914220605e-09,3.970058817822916e-09,3.970415699681974e-09,3.970772559989852e-09,3.971129398507705e-09,3.9714862154095335e-09,3.971843009817155e-09,3.972199783634356e-09,3.972556536025763e-09,3.972913266926388e-09,3.973269976607027e-09,3.973626665240361e-09,3.973983332026227e-09,3.974339977623741e-09,3.974696601902826e-09,3.97505320511994e-09,3.975409787107827e-09,3.975766347999579e-09,3.976122887858367e-09,3.976479406714646e-09,3.976835904600819e-09,3.977192381607395e-09,3.977548837735088e-09,3.977905273013806e-09,3.978261687505973e-09,3.978618081257233e-09,3.978974454409337e-09,3.979330806805395e-09,3.979687138694109e-09,3.980043449882021e-09,3.980399740547094e-09,3.980756010895222e-09,3.981112260748373e-09,3.981468490220959e-09,3.981824699198466e-09,3.982180888035909e-09,3.982537056464893e-09,3.982893204644283e-09,3.98324933276617e-09,3.983605440730926e-09,3.983961528581503e-09,3.9843175963583214e-09,3.984673644006271e-09,3.985029671754534e-09,3.985385679431927e-09,3.985741667214971e-09,3.986097635217031e-09,3.98645358273521e-09,3.986809511116506e-09,3.987165419729601e-09,3.987521308630565e-09,3.987877177920054e-09,3.988233027508251e-09,3.988588857679198e-09,3.988944668217244e-09,3.989300458963702e-09,3.989656230521223e-09,3.990011982593595e-09,3.990367715220958e-09,3.990723428656756e-09,3.991079122683718e-09,3.991434797350235e-09,3.991790452915558e-09,3.992146089120333e-09,3.992501706101083e-09,3.992857304028746e-09,3.9932128828266574e-09,3.993568442535319e-09,3.9939239833453105e-09,3.9942795051992055e-09,3.994635008059098e-09,3.994990492060854e-09,3.995345957161134e-09,3.995701403477356e-09,3.996056830972973e-09,3.996412239720636e-09,3.9967676298062785e-09,3.9971230016255154e-09,3.997478354829431e-09,3.9978336889870434e-09,3.9981890049996685e-09,3.9985443025393116e-09,3.998899581617531e-09,3.999254841940651e-09,3.99961008408788e-09,3.999965307848719e-09,4.0003205117451895e-09,4.000675699199932e-09,4.0010308674831675e-09,4.0013860166851895e-09,4.001741148665812e-09,4.002096262822591e-09,4.002451358423793e-09,4.002806435980879e-09,4.003161495478701e-09,4.003516536733518e-09,4.003871560229186e-09,4.004226565723292e-09,4.004581553389213e-09,4.004936523340863e-09,4.005291475437556e-09,4.005646409731423e-09,4.0060013263403225e-09,4.0063562247267105e-09,4.006711105868309e-09,4.007065969032007e-09,4.0074208145931634e-09,4.007775642774057e-09,4.008130453057034e-09,4.008485245953567e-09,4.008840021657919e-09,4.009194779576928e-09,4.009549520076405e-09,4.009904243106207e-09,4.010258948830401e-09,4.010613637166261e-09,4.010968308801953e-09,4.011322962599261e-09,4.011677599712444e-09,4.012032219927749e-09,4.012386822789256e-09,4.012741407813256e-09,4.01309597693466e-09,4.013450528146824e-09,4.013805062296342e-09,4.014159578963206e-09,4.0145140786707265e-09,4.014868561628257e-09,4.015223027581845e-09,4.015577477083391e-09,4.015931909169905e-09,4.0162863245717405e-09,4.016640723231007e-09,4.0169951052443364e-09,4.017349470464267e-09,4.017703819134609e-09,4.018058151170923e-09,4.018412466628395e-09,4.01876676545721e-09,4.0191210475829336e-09,4.019475313370708e-09,4.019829562700543e-09,4.020183795535495e-09,4.020538012374457e-09,4.020892212992334e-09,4.021246396854321e-09,4.0216005642986974e-09,4.021954715477165e-09,4.022308850732094e-09,4.022662969521534e-09,4.023017071802265e-09,4.023371158227751e-09,4.023725227921143e-09,4.024079282093466e-09,4.024433319711472e-09,4.024787341206151e-09,4.025141347224423e-09,4.025495337425926e-09,4.025849311759481e-09,4.0262032699628595e-09,4.026557211486436e-09,4.026911137413008e-09,4.0272650480129355e-09,4.0276189428585724e-09,4.027972822543648e-09,4.028326686071853e-09,4.0286805327414845e-09,4.029034364577754e-09,4.029388180829415e-09,4.029741981491036e-09,4.030095765903909e-09,4.030449535271685e-09,4.030803289238163e-09,4.03115702762943e-09,4.031510750709157e-09,4.031864458242487e-09,4.0322181503549335e-09,4.032571827009087e-09,4.03292548820804e-09,4.033279134189643e-09,4.0336327647899e-09,4.033986380338191e-09,4.034339980363385e-09,4.034693565183203e-09,4.035047134807084e-09,4.03540068923838e-09,4.0357542285509e-09,4.036107752666631e-09,4.036461261821328e-09,4.036814756010437e-09,4.037168235075537e-09,4.0375216991618204e-09,4.0378751482338265e-09,4.038228582266381e-09,4.038582001459132e-09,4.0389354060020845e-09,4.03928879534387e-09,4.039642170264622e-09,4.039995530278998e-09,4.040348875576042e-09,4.040702206298011e-09,4.041055522063149e-09,4.04140882322833e-09,4.0417621096647875e-09,4.0421153814600166e-09,4.042468638673715e-09,4.0428218821436774e-09,4.043175110238921e-09,4.043528323780761e-09,4.04388152282203e-09,4.04423470733578e-09,4.044587877402658e-09,4.0449410330453785e-09,4.045294174339116e-09,4.045647301960224e-09,4.046000414492782e-09,4.046353512702243e-09,4.046706596648656e-09,4.0470596662983794e-09,4.0474127217086535e-09,4.047765762902685e-09,4.048118789907629e-09,4.04847180272072e-09,4.048824801425066e-09,4.049177786014923e-09,4.049530756520793e-09,4.049883712965886e-09,4.050236655376685e-09,4.050589583745229e-09,4.0509424981605125e-09,4.0512953983491676e-09,4.0516482848290485e-09,4.0520011577040046e-09,4.052354016919542e-09,4.052706861870262e-09,4.053059693048211e-09,4.053412510326992e-09,4.053765314359121e-09,4.0541181040997105e-09,4.054470880094005e-09,4.054823642394811e-09,4.055176391543319e-09,4.055529126474361e-09,4.055881847604913e-09,4.056234555069484e-09,4.056587249093689e-09,4.0569399290359456e-09,4.05729259599448e-09,4.057645248896934e-09,4.0579978888188524e-09,4.0583505153156435e-09,4.058703128161077e-09,4.059055727684135e-09,4.059408313794214e-09,4.0597608866537695e-09,4.060113446169796e-09,4.060465992342339e-09,4.060818525212937e-09,4.061171044819157e-09,4.061523551623483e-09,4.0618760444010035e-09,4.0622285243164195e-09,4.062580991058483e-09,4.062933444675271e-09,4.0632858851213715e-09,4.063638312460292e-09,4.063990726718856e-09,4.064343127749802e-09,4.0646955158806345e-09,4.0650478904805895e-09,4.065400252284515e-09,4.065752601475424e-09,4.0661049377301266e-09,4.0664572610359865e-09,4.066809571538455e-09,4.067161870522616e-09,4.067514155093639e-09,4.067866427037511e-09,4.068218686237962e-09,4.068570932477635e-09,4.068923165921812e-09,4.069275386256808e-09,4.0696275936995164e-09,4.069979788734314e-09,4.0703319712058215e-09,4.070684141017348e-09,4.071036297713847e-09,4.071388443022016e-09,4.071740575066366e-09,4.0720926944423536e-09,4.072444800439885e-09,4.072796894722648e-09,4.073148976507049e-09,4.0735010458275574e-09,4.073853102410704e-09,4.074205146567989e-09,4.0745571784383805e-09,4.0749091980814945e-09,4.075261204455377e-09,4.075613198299579e-09,4.075965180657971e-09,4.076317150836057e-09,4.07666910864397e-09,4.077021054117443e-09,4.0773729877247014e-09,4.077724908802478e-09,4.078076817741518e-09,4.078428714060692e-09,4.078780598629724e-09,4.079132470937309e-09,4.0794843312037435e-09,4.079836179766915e-09,4.080188015808928e-09,4.080539839926831e-09,4.080891651849451e-09,4.0812434521509195e-09,4.081595240042609e-09,4.08194701539196e-09,4.082298779295718e-09,4.082650531251941e-09,4.083002271616932e-09,4.0833539997403674e-09,4.083705716009021e-09,4.084057420797272e-09,4.0844091130604805e-09,4.084760793453686e-09,4.085112462313713e-09,4.085464119708382e-09,4.085815764990494e-09,4.0861673986066066e-09,4.086519019690476e-09,4.086870629746941e-09,4.087222228193862e-09,4.087573814980515e-09,4.087925390121756e-09,4.0882769534957535e-09,4.088628506170313e-09,4.088980046465078e-09,4.089331575165108e-09,4.0896830922464544e-09,4.090034597675803e-09,4.09038609170477e-09,4.090737574893488e-09,4.09108904634132e-09,4.091440506049006e-09,4.091791954184418e-09,4.092143390890317e-09,4.092494816787702e-09,4.092846230809401e-09,4.093197634204721e-09,4.093549025522047e-09,4.093900405537745e-09,4.094251774203349e-09,4.0946031316081566e-09,4.094954477658649e-09,4.095305811336814e-09,4.095657134715994e-09,4.096008447149196e-09,4.096359748336491e-09,4.09671103873382e-09,4.097062317669859e-09,4.097413585264491e-09,4.097764841799685e-09,4.098116087232635e-09,4.09846732148362e-09,4.098818544941952e-09,4.099169755334503e-09,4.099520956590223e-09,4.09987214648833e-09,4.100223325659461e-09,4.1005744939041965e-09,4.1009256511831546e-09,4.101276797337298e-09,4.101627931439737e-09,4.101979055929651e-09,4.102330169281609e-09,4.102681272012675e-09,4.103032363532314e-09,4.103383444455497e-09,4.103734514551146e-09,4.10408557389919e-09,4.104436622660647e-09,4.104787660832111e-09,4.105138688143276e-09,4.105489704491312e-09,4.105840710360719e-09,4.10619170449063e-09,4.1065426885546565e-09,4.106893662098058e-09,4.107244624304073e-09,4.107595576602512e-09,4.1079465189254935e-09,4.108297449796776e-09,4.108648370236392e-09,4.108999279239223e-09,4.10935017855591e-09,4.109701067378159e-09,4.110051945545591e-09,4.11040281336631e-09,4.110753670645383e-09,4.1111045174149864e-09,4.111455353764529e-09,4.111806179679218e-09,4.112156995125311e-09,4.112507800248877e-09,4.112858594969498e-09,4.113209379184639e-09,4.113560153837355e-09,4.11391091750197e-09,4.114261670704267e-09,4.114612413626808e-09,4.1149631459591844e-09,4.11531386851598e-09,4.115664579817429e-09,4.116015281439073e-09,4.116365973077284e-09,4.116716654409597e-09,4.117067325751508e-09,4.1174179867676685e-09,4.117768637790718e-09,4.1181192778238734e-09,4.1184699085796274e-09,4.118820529143919e-09,4.1191711395566755e-09,4.119521739872379e-09,4.119872330130716e-09,4.120222910274897e-09,4.12057348013754e-09,4.120924040187197e-09,4.1212745912578275e-09,4.121625131406388e-09,4.121975661568622e-09,4.122326181290673e-09,4.122676692110873e-09,4.123027192427167e-09,4.123377682927344e-09,4.12372816288786e-09,4.1240786335056535e-09,4.124429094248933e-09,4.124779544527105e-09,4.125129985332875e-09,4.1254804164309575e-09,4.1258308378360955e-09,4.1261812493188795e-09,4.126531651146135e-09,4.126882043206308e-09,4.127232425314793e-09,4.1275827978588215e-09,4.1279331607499135e-09,4.12828351384619e-09,4.1286338570986994e-09,4.128984190815816e-09,4.129334514257096e-09,4.129684828571264e-09,4.13003513332904e-09,4.130385427382769e-09,4.13073571257896e-09,4.131085988737093e-09,4.131436255102164e-09,4.131786511874154e-09,4.132136758877007e-09,4.1324869966029354e-09,4.132837224767292e-09,4.133187443410605e-09,4.133537652411696e-09,4.133887852058975e-09,4.13423804223059e-09,4.134588222920706e-09,4.134938394209163e-09,4.135288555845776e-09,4.1356387082790915e-09,4.13598885133008e-09,4.136338984762052e-09,4.136689108803094e-09,4.137039223682097e-09,4.13738932924625e-09,4.1377394260188545e-09,4.138089512644763e-09,4.138439590207756e-09,4.138789658633207e-09,4.139139717664212e-09,4.139489767421889e-09,4.139839807945972e-09,4.1401898392275825e-09,4.140539861290113e-09,4.140889874106015e-09,4.141239877214886e-09,4.141589871602496e-09,4.141939856878673e-09,4.142289832465262e-09,4.142639799453301e-09,4.142989757291874e-09,4.143339705974039e-09,4.143689645584684e-09,4.14403957608742e-09,4.14438949754735e-09,4.144739409903584e-09,4.145089313193e-09,4.14543920720694e-09,4.145789092388226e-09,4.146138968583561e-09,4.146488835756211e-09,4.146838693967598e-09,4.147188542927413e-09,4.147538383222417e-09,4.1478882147825895e-09,4.148238037136831e-09,4.148587850599884e-09,4.14893765513595e-09,4.149287450757166e-09,4.149637237480068e-09,4.149987015356053e-09,4.150336784395511e-09,4.150686544562615e-09,4.151036295845128e-09,4.15138603836358e-09,4.151735772055102e-09,4.152085497285139e-09,4.152435213391869e-09,4.152784920648738e-09,4.153134619141887e-09,4.153484308882817e-09,4.153833989330008e-09,4.15418366157745e-09,4.154533325044611e-09,4.154882979911703e-09,4.155232626085283e-09,4.155582263575755e-09,4.155931892360874e-09,4.156281512450057e-09,4.156631123941551e-09,4.1569807262408955e-09,4.157330320406535e-09,4.157679906075578e-09,4.158029483168007e-09,4.158379051603461e-09,4.158728611505971e-09,4.159078162538854e-09,4.159427705200417e-09,4.159777239395599e-09,4.160126765072532e-09,4.160476282317931e-09,4.160825790992982e-09,4.161175291117922e-09,4.161524782757405e-09,4.1618742659329486e-09,4.162223740658054e-09,4.1625732067203844e-09,4.162922664544662e-09,4.1632721139226074e-09,4.163621554892959e-09,4.1639709873618085e-09,4.164320411551e-09,4.164669826560218e-09,4.1650192339097794e-09,4.165368632998985e-09,4.165718023441146e-09,4.166067405843378e-09,4.166416779930214e-09,4.166766145686083e-09,4.167115503070705e-09,4.167464852211971e-09,4.167814193088348e-09,4.168163525686054e-09,4.168512850030306e-09,4.168862166153466e-09,4.169211473952133e-09,4.169560773477718e-09,4.169910064847115e-09,4.170259348023035e-09,4.170608622950215e-09,4.170957889730934e-09,4.1713071482962926e-09,4.1716563986947575e-09,4.172005640988326e-09,4.172354875109734e-09,4.172704101119825e-09,4.17305331933499e-09,4.173402529148906e-09,4.173751730768435e-09,4.174100924651519e-09,4.1744501101831064e-09,4.174799287622476e-09,4.175148456931546e-09,4.175497618213464e-09,4.175846771795367e-09,4.176195917113412e-09,4.1765450543067544e-09,4.176894183573001e-09,4.177243304808033e-09,4.177592417997495e-09,4.17794152327262e-09,4.178290620495092e-09,4.178639709847702e-09,4.178988791249996e-09,4.1793378644422855e-09,4.179686929989048e-09,4.1800359876128354e-09,4.180385037502889e-09,4.1807340793485956e-09,4.181083113141913e-09,4.181432139135088e-09,4.181781157284472e-09,4.182130167614727e-09,4.182479170013746e-09,4.182828164638578e-09,4.183177151483425e-09,4.183526129790229e-09,4.1838751009344745e-09,4.184224064336644e-09,4.184573019956689e-09,4.184921967706413e-09,4.1852709077249465e-09,4.185619840034501e-09,4.185968764686966e-09,4.186317681625763e-09,4.1866665910552e-09,4.18701549261187e-09,4.1873643862626485e-09,4.187713272210349e-09,4.188062150608273e-09,4.188411021270941e-09,4.188759884170518e-09,4.189108739197397e-09,4.189457586784159e-09,4.189806426645992e-09,4.19015525883935e-09,4.1905040836210075e-09,4.190852900806204e-09,4.191201710224419e-09,4.191550512106064e-09,4.191899306470127e-09,4.192248093147704e-09,4.192596872287203e-09,4.192945642910673e-09,4.193294406904218e-09,4.193643162792073e-09,4.193991911708614e-09,4.194340653172468e-09,4.19468938704774e-09,4.195038113409365e-09,4.195386832304716e-09,4.195735543783279e-09,4.196084247651126e-09,4.196432944103468e-09,4.196781633093724e-09,4.1971303145580335e-09,4.1974789886137165e-09,4.197827654830195e-09,4.198176314101824e-09,4.198524964922507e-09,4.198873609209869e-09,4.199222246174867e-09,4.199570875743642e-09,4.1999194974430875e-09,4.200268112252788e-09,4.200616719712415e-09,4.200965319799501e-09,4.201313912553913e-09,4.201662497989128e-09,4.2020110760831e-09,4.2023596469567635e-09,4.202708210378468e-09,4.203056766567086e-09,4.203405315493116e-09,4.203753857036372e-09,4.2041023913914035e-09,4.20445091832825e-09,4.204799438071219e-09,4.205147950074046e-09,4.205496455313821e-09,4.2058449532350065e-09,4.206193443968771e-09,4.2065419275574746e-09,4.206890404040783e-09,4.207238873164596e-09,4.207587335089264e-09,4.207935789793574e-09,4.208284236672658e-09,4.208632676820535e-09,4.208981110078535e-09,4.209329536104668e-09,4.209677954314226e-09,4.210026366028396e-09,4.210374770632183e-09,4.2107231681970014e-09,4.21107155851876e-09,4.211419941732755e-09,4.211768317851862e-09,4.212116687021995e-09,4.2124650490330185e-09,4.212813403965396e-09,4.213161751489081e-09,4.2135100922928694e-09,4.213858425966225e-09,4.214206752603603e-09,4.214555072171741e-09,4.214903384634556e-09,4.215251690194952e-09,4.215599988797366e-09,4.215948280240022e-09,4.216296564912846e-09,4.216644842381536e-09,4.216993112980438e-09,4.217341376587271e-09,4.217689633173003e-09,4.218037882968789e-09,4.218386125357356e-09,4.218734361179927e-09,4.2190825900281585e-09,4.2194308120868024e-09,4.2197790270676754e-09,4.220127235187051e-09,4.220475436434394e-09,4.220823630954983e-09,4.221171818353264e-09,4.221519998820417e-09,4.2218681724777926e-09,4.222216339230014e-09,4.2225644991297615e-09,4.222912652198659e-09,4.223260798326932e-09,4.2236089376412026e-09,4.223957070302816e-09,4.2243051960266685e-09,4.2246533141432475e-09,4.225001426488368e-09,4.225349531678462e-09,4.225697630268441e-09,4.226045722048734e-09,4.226393806943377e-09,4.2267418849582235e-09,4.227089956335035e-09,4.227438021075014e-09,4.227786078938328e-09,4.228134130172573e-09,4.228482174563361e-09,4.228830212556739e-09,4.229178243475493e-09,4.229526267542087e-09,4.229874284986953e-09,4.2302222957109935e-09,4.230570299704725e-09,4.230918297180775e-09,4.231266287814766e-09,4.23161427168964e-09,4.231962249131024e-09,4.232310219911108e-09,4.232658183791426e-09,4.233006141089355e-09,4.233354091808447e-09,4.233702035714296e-09,4.234049973098443e-09,4.234397903937527e-09,4.234745828057884e-09,4.235093745559805e-09,4.235441656689477e-09,4.2357895614109075e-09,4.236137459219171e-09,4.236485350371148e-09,4.236833235045152e-09,4.237181113326918e-09,4.237528984848189e-09,4.2378768490267576e-09,4.238224707262985e-09,4.238572558892373e-09,4.2389204043284444e-09,4.239268243206595e-09,4.239616075540321e-09,4.2399639014367245e-09,4.2403117205663805e-09,4.240659533253923e-09,4.241007339446911e-09,4.241355138950611e-09,4.2417029322909445e-09,4.242050719138459e-09,4.242398499515325e-09,4.242746273545861e-09,4.2430940403698265e-09,4.243441801233769e-09,4.2437895556947685e-09,4.24413730381959e-09,4.2444850454141675e-09,4.2448327809079565e-09,4.245180509757161e-09,4.2455282320269284e-09,4.2458759483061e-09,4.246223657913934e-09,4.246571361172341e-09,4.246919057959103e-09,4.247266748300504e-09,4.247614432482947e-09,4.247962110277612e-09,4.248309781638853e-09,4.24865744646368e-09,4.249005105171833e-09,4.249352757382863e-09,4.249700403384998e-09,4.250048043054381e-09,4.250395676386612e-09,4.2507433033728095e-09,4.251090924220594e-09,4.251438538479128e-09,4.251786146432024e-09,4.252133748202817e-09,4.252481343662595e-09,4.252828932871157e-09,4.2531765159057254e-09,4.253524092550861e-09,4.25387166292998e-09,4.2542192270475e-09,4.254566784839741e-09,4.254914336330681e-09,4.255261881524536e-09,4.255609420659191e-09,4.255956953562581e-09,4.256304480291294e-09,4.256652000766753e-09,4.2569995149031645e-09,4.257347022793145e-09,4.2576945246745456e-09,4.258042020335506e-09,4.258389509772238e-09,4.258736992838307e-09,4.259084469821074e-09,4.259431941089958e-09,4.2597794059156696e-09,4.260126864474981e-09,4.260474316899323e-09,4.26082176333172e-09,4.2611692035032284e-09,4.2615166372394405e-09,4.261864065093557e-09,4.262211486352693e-09,4.262558901011435e-09,4.262906310668357e-09,4.263253713984242e-09,4.263601111282247e-09,4.263948502486258e-09,4.264295887594753e-09,4.2646432663214515e-09,4.264990639723701e-09,4.265338006396296e-09,4.265685367179641e-09,4.266032721801137e-09,4.266380070423845e-09,4.266727412955614e-09,4.267074749449387e-09,4.267422080034037e-09,4.267769404672298e-09,4.268116723061395e-09,4.268464035377668e-09,4.2688113416128455e-09,4.269158641947469e-09,4.269505936272775e-09,4.269853224544692e-09,4.270200506857336e-09,4.270547783168158e-09,4.270895053426722e-09,4.2712423171359225e-09,4.271589574782828e-09,4.271936827227202e-09,4.27228407360393e-09,4.27263131402915e-09,4.272978548452553e-09,4.273325776927837e-09,4.27367299918543e-09,4.274020215983728e-09,4.274367427299424e-09,4.274714632027853e-09,4.275061830834242e-09,4.275409023862105e-09,4.275756210016432e-09,4.2761033910502784e-09,4.276450566157383e-09,4.276797735862771e-09,4.2771448991727035e-09,4.27749205658552e-09,4.27783920906884e-09,4.278186354663581e-09,4.278533494177989e-09,4.278880628015854e-09,4.279227755975513e-09,4.2795748781139775e-09,4.279921994351618e-09,4.2802691048821985e-09,4.280616209437149e-09,4.2809633081566695e-09,4.281310401032256e-09,4.281657488033208e-09,4.282004568163542e-09,4.282351643593586e-09,4.282698713135454e-09,4.283045776652735e-09,4.283392834527064e-09,4.283739886604888e-09,4.2840869329150734e-09,4.284433973426516e-09,4.284781008110037e-09,4.285128036887653e-09,4.285475060030641e-09,4.285822077269776e-09,4.2861690888578106e-09,4.2865160946728e-09,4.286863094723222e-09,4.287210088729258e-09,4.287557077261856e-09,4.287904060029067e-09,4.2882510368324715e-09,4.288598008121832e-09,4.288944973658766e-09,4.2892919334758596e-09,4.289638887319555e-09,4.289985835646475e-09,4.290332778041695e-09,4.290679714850263e-09,4.291026646108536e-09,4.291373571588511e-09,4.291720491397755e-09,4.292067405489006e-09,4.2924143136584396e-09,4.292761216174017e-09,4.293108113220136e-09,4.293455004551015e-09,4.2938018903128754e-09,4.29414877025015e-09,4.2944956445774384e-09,4.294842512675327e-09,4.295189375661708e-09,4.295536233169548e-09,4.295883084867884e-09,4.296229931149394e-09,4.296576771783414e-09,4.2969236059116654e-09,4.297270435649003e-09,4.29761725915749e-09,4.297964077057315e-09,4.298310889448603e-09,4.298657695982494e-09,4.299004496931995e-09,4.299351292435737e-09,4.29969808223849e-09,4.300044866423908e-09,4.300391645185512e-09,4.30073841827818e-09,4.301085185752561e-09,4.301431947408852e-09,4.301778703508042e-09,4.302125454275939e-09,4.302472199371869e-09,4.302818938723725e-09,4.303165672656069e-09,4.303512400896922e-09,4.303859123870907e-09,4.304205841141952e-09,4.304552553036356e-09,4.304899259057946e-09,4.305245959537528e-09,4.3055926548224405e-09,4.305939344284098e-09,4.30628602842999e-09,4.306632707068985e-09,4.3069793805071135e-09,4.307326048257548e-09,4.3076727103936504e-09,4.308019367054877e-09,4.308366018163032e-09,4.308712663678529e-09,4.309059303907486e-09,4.309405938628748e-09,4.309752567868575e-09,4.3100991916697655e-09,4.310445809963889e-09,4.310792422788544e-09,4.311139030193705e-09,4.3114856319930455e-09,4.31183222858651e-09,4.3121788195645585e-09,4.312525405110366e-09,4.312871984655372e-09,4.313218559383688e-09,4.313565128575061e-09,4.313911692104474e-09,4.314258251405038e-09,4.314604804075356e-09,4.3149513515768034e-09,4.315297893655357e-09,4.3156444300681885e-09,4.315990961058917e-09,4.316337486646087e-09,4.316684007102239e-09,4.317030522305505e-09,4.317377031965884e-09,4.317723536349338e-09,4.3180700352279375e-09,4.3184165288740055e-09,4.3187630171573755e-09,4.319109500025064e-09,4.319455977588749e-09,4.319802449614908e-09,4.320148916360792e-09,4.32049537764353e-09,4.320841833565575e-09,4.3211882841311015e-09,4.3215347293101014e-09,4.3218811691776936e-09,4.322227603694089e-09,4.322574032874357e-09,4.322920456715417e-09,4.323266875190447e-09,4.323613288321728e-09,4.323959696126522e-09,4.324306098623111e-09,4.324652495799337e-09,4.324998887661516e-09,4.3253452742102025e-09,4.325691655451293e-09,4.326038031387223e-09,4.32638440200927e-09,4.326730767345773e-09,4.327077127384738e-09,4.3274234821319994e-09,4.327769831597228e-09,4.328116175778213e-09,4.3284625146777824e-09,4.328808848299281e-09,4.329155176647422e-09,4.329501499743094e-09,4.329847817557452e-09,4.330194130109318e-09,4.330540437160016e-09,4.330886739222142e-09,4.331233035716349e-09,4.331579327251084e-09,4.331925613577929e-09,4.332271894656668e-09,4.3326181712647296e-09,4.3329644418407004e-09,4.333310707177574e-09,4.333656967285496e-09,4.3340032221619896e-09,4.3343494718179274e-09,4.334695716247491e-09,4.335041955472837e-09,4.335388189498794e-09,4.335734418275183e-09,4.336080641875153e-09,4.336426860277969e-09,4.336773073555112e-09,4.337119281588506e-09,4.337465484403261e-09,4.337811681932854e-09,4.3381578743652365e-09,4.338504061584655e-09,4.338850243706512e-09,4.33919642060793e-09,4.339542592341526e-09,4.339888758894543e-09,4.340234920292245e-09,4.3405810765005774e-09,4.340927227660909e-09,4.341273373522466e-09,4.341619514259249e-09,4.341965649974455e-09,4.34231178041302e-09,4.342657905812358e-09,4.34300402601375e-09,4.343350139972274e-09,4.34369624984531e-09,4.344042354373295e-09,4.344388454640783e-09,4.344734548740204e-09,4.345080637990423e-09,4.345426722231177e-09,4.345772801430869e-09,4.346118875450111e-09,4.346464944420343e-09,4.346811008278498e-09,4.347157066984392e-09,4.347503120562848e-09,4.347849169091432e-09,4.3481952124958515e-09,4.348541250776054e-09,4.348887284038142e-09,4.349233312166787e-09,4.3495793352263e-09,4.3499253532957815e-09,4.350271366274406e-09,4.350617374126806e-09,4.350963376868104e-09,4.351309374442238e-09,4.3516553670791124e-09,4.3520013546958e-09,4.35234733721993e-09,4.35269331464091e-09,4.353039287047162e-09,4.353385254255948e-09,4.3537312165839216e-09,4.35407717303189e-09,4.354423125264699e-09,4.354769072442239e-09,4.3551150145888565e-09,4.355460951718326e-09,4.355806883198905e-09,4.356152810288152e-09,4.356498733004776e-09,4.35684465004728e-09,4.357190562069045e-09,4.357536468632991e-09,4.357882370551687e-09,4.358228267298438e-09,4.35857415938382e-09,4.358920046432133e-09,4.359265928184016e-09,4.359611805181924e-09,4.359957677157554e-09,4.360303544216184e-09,4.360649405993061e-09,4.360995264495458e-09,4.361341116599976e-09,4.3616869647164165e-09,4.36203280677661e-09,4.36237864513414e-09,4.3627244772440775e-09,4.363070304115123e-09,4.3634161267535474e-09,4.363761943910903e-09,4.364107756125793e-09,4.3644535632037085e-09,4.364799365534082e-09,4.3651451624251764e-09,4.365490954859044e-09,4.365836742299496e-09,4.366182525094021e-09,4.366528302171944e-09,4.366874075756251e-09,4.367219843350661e-09,4.367565606394218e-09,4.367911364237195e-09,4.368257116798659e-09,4.368602864685555e-09,4.3689486076297786e-09,4.369294346019412e-09,4.369640079486367e-09,4.369985807202237e-09,4.370331529970588e-09,4.370677247864774e-09,4.371022961091696e-09,4.371368669397701e-09,4.3717143743036e-09,4.372060072757989e-09,4.372405766449528e-09,4.372751454587608e-09,4.3730971383441765e-09,4.373442817349075e-09,4.373788491698695e-09,4.374134161149352e-09,4.374479825493594e-09,4.374825485252946e-09,4.375171140040434e-09,4.375516789935692e-09,4.375862435235708e-09,4.3762080754096235e-09,4.37655371071564e-09,4.376899340924275e-09,4.377244966510802e-09,4.377590585563577e-09,4.377936201435872e-09,4.378281812493498e-09,4.37862741846814e-09,4.3789730194049445e-09,4.379318615682031e-09,4.379664207276959e-09,4.380009794036802e-09,4.3803553759886e-09,4.38070095282279e-09,4.381046524854338e-09,4.381392092013623e-09,4.381737654677085e-09,4.382083212509964e-09,4.382428765402344e-09,4.3827743135229615e-09,4.383119856825527e-09,4.383465395232409e-09,4.383810928927401e-09,4.384156457698557e-09,4.384501981604662e-09,4.384847500756153e-09,4.385193015113377e-09,4.385538525700124e-09,4.385884029121098e-09,4.38622952903378e-09,4.3865750241763205e-09,4.386920514520632e-09,4.387266000071286e-09,4.387611480858547e-09,4.3879569564382284e-09,4.388302427626586e-09,4.3886478929871924e-09,4.388993354606172e-09,4.389338811443392e-09,4.3896842635015466e-09,4.390029711355654e-09,4.39037515359017e-09,4.390720591052754e-09,4.391066024561776e-09,4.3914114524674755e-09,4.391756875635011e-09,4.39210229401934e-09,4.392447707638191e-09,4.392793116532733e-09,4.393138520644891e-09,4.3934839200275485e-09,4.3938293148705176e-09,4.394174705180723e-09,4.394520090599331e-09,4.394865470969321e-09,4.395210846570564e-09,4.395556217766363e-09,4.3959015841714e-09,4.396246945577832e-09,4.396592302544609e-09,4.396937653926262e-09,4.397283001147029e-09,4.397628343849326e-09,4.39797368184251e-09,4.3983190149948835e-09,4.398664343524375e-09,4.399009667174646e-09,4.39935498664836e-09,4.399700300948536e-09,4.400045610671533e-09,4.400390915532886e-09,4.400736215828759e-09,4.401081511413302e-09,4.40142680276291e-09,4.401772088943095e-09,4.4021173704273564e-09,4.402462647214523e-09,4.4028079192321765e-09,4.403153186625007e-09,4.403498449328589e-09,4.403843707343454e-09,4.404188960667107e-09,4.4045342093004656e-09,4.404879453253467e-09,4.405224692556472e-09,4.405569927150531e-09,4.405915157061421e-09,4.406260382293142e-09,4.406605602887591e-09,4.406950818810237e-09,4.407296030023067e-09,4.407641236575764e-09,4.407986438494285e-09,4.4083316357487496e-09,4.408676828341417e-09,4.409022016274127e-09,4.409367199513418e-09,4.409712378131912e-09,4.410057552096487e-09,4.410402721408958e-09,4.410747886071074e-09,4.411093046139598e-09,4.411438201507551e-09,4.411783352231293e-09,4.4121284983127894e-09,4.412473639753858e-09,4.412818776611394e-09,4.41316390877754e-09,4.413509036309154e-09,4.413854159263374e-09,4.4141992775317626e-09,4.414544391226391e-09,4.414889500294547e-09,4.415234604737375e-09,4.415579704557337e-09,4.4159247997563974e-09,4.416269890335605e-09,4.41661497629756e-09,4.416960057644789e-09,4.417305134379731e-09,4.417650206501945e-09,4.417995274013441e-09,4.4183403369188595e-09,4.4186853952183645e-09,4.419030448913484e-09,4.419375498005001e-09,4.419720542497697e-09,4.42006558239101e-09,4.4204106176877695e-09,4.420755648390274e-09,4.421100674500647e-09,4.421445696019269e-09,4.421790712947706e-09,4.422135725288498e-09,4.422480733044216e-09,4.422825736214502e-09,4.4231707348062795e-09,4.423515728813933e-09,4.4238607182456454e-09,4.424205703099844e-09,4.4245506833790156e-09,4.424895659084185e-09,4.425240630220002e-09,4.425585596785555e-09,4.425930558712595e-09,4.426275516144352e-09,4.426620469010697e-09,4.4269654172391945e-09,4.427310360922125e-09,4.427655300106394e-09,4.428000234659129e-09,4.428345164730134e-09,4.4286900901793875e-09,4.429035011078088e-09,4.429379927428337e-09,4.4297248392333756e-09,4.430069746719372e-09,4.430414649430779e-09,4.430759547590106e-09,4.431104441210868e-09,4.431449330293708e-09,4.431794214837905e-09,4.432139094835904e-09,4.43248397030752e-09,4.432828841242989e-09,4.4331737076455905e-09,4.4335185695229354e-09,4.433863426866234e-09,4.43420827968292e-09,4.434553127972535e-09,4.434897971747725e-09,4.43524281099866e-09,4.4355876457297116e-09,4.4359324759412575e-09,4.43627730163522e-09,4.43662212281324e-09,4.436966939474774e-09,4.437311751630214e-09,4.437656559269869e-09,4.438001362406398e-09,4.4383461610340295e-09,4.438690955161385e-09,4.4390357447815416e-09,4.439380529899506e-09,4.4397253105152445e-09,4.4400700866342465e-09,4.440414858261808e-09,4.440759625387492e-09,4.441104388017666e-09,4.44144914615589e-09,4.441793899810593e-09,4.4421386489660885e-09,4.442483393638321e-09,4.442828133821586e-09,4.443172869522787e-09,4.443517600745379e-09,4.4438623274818375e-09,4.444207049736286e-09,4.4445517675121014e-09,4.444896480817825e-09,4.445241189644758e-09,4.445585893993295e-09,4.4459305938715545e-09,4.446275289278116e-09,4.446619980218607e-09,4.446964666687754e-09,4.447309348699518e-09,4.447654026246892e-09,4.447998699324632e-09,4.448343367941622e-09,4.4486880321029164e-09,4.449032691798218e-09,4.44937734704738e-09,4.449721997830472e-09,4.4500666441645236e-09,4.450411286046116e-09,4.450755923474892e-09,4.451100556461572e-09,4.451445184868629e-09,4.451789808828558e-09,4.4521344284705556e-09,4.452479043671008e-09,4.45282365442448e-09,4.453168260619178e-09,4.453512862497814e-09,4.453857459933559e-09,4.454202053037001e-09,4.454546641704492e-09,4.4548912258435634e-09,4.455235805636848e-09,4.455580380928025e-09,4.455924951861839e-09,4.45626951836786e-09,4.4566140804464355e-09,4.456958637983102e-09,4.457303191146454e-09,4.457647739957585e-09,4.457992284277371e-09,4.458336824176606e-09,4.458681360769723e-09,4.4590258918028324e-09,4.459370418459585e-09,4.4597149407034114e-09,4.460059458551984e-09,4.460403970404779e-09,4.460748479368636e-09,4.461092984298881e-09,4.461437484449269e-09,4.461781980205259e-09,4.4621264715393814e-09,4.462470958474952e-09,4.462815440939045e-09,4.463159919082766e-09,4.463504392817014e-09,4.46384886215731e-09,4.464193327109158e-09,4.4645377875849526e-09,4.464882243755455e-09,4.465226695516522e-09,4.465571142971664e-09,4.4659155859598305e-09,4.466260024514834e-09,4.466604457491347e-09,4.4669488873233155e-09,4.467293312781063e-09,4.467637733844636e-09,4.467982150076597e-09,4.4683265622970495e-09,4.468670969729337e-09,4.469015373309701e-09,4.4693597725447835e-09,4.4697041673865685e-09,4.4700485578660544e-09,4.470392943973294e-09,4.470737325600009e-09,4.471081702994577e-09,4.471426075769029e-09,4.4717704444158856e-09,4.472114808115448e-09,4.4724591677483225e-09,4.472803523295631e-09,4.473147874560191e-09,4.4734922214614635e-09,4.473836563814225e-09,4.474180901402851e-09,4.474525235146619e-09,4.474869564521357e-09,4.47521388955812e-09,4.475558210243634e-09,4.4759025265204264e-09,4.476246838490764e-09,4.476591146113076e-09,4.476935449405682e-09,4.477279748235516e-09,4.4776240428393304e-09,4.477968333100308e-09,4.478312619035135e-09,4.478656899911441e-09,4.4790011770796536e-09,4.479345449982574e-09,4.479689718604224e-09,4.480033982856987e-09,4.480378242738097e-09,4.4807224983082285e-09,4.4810667495572875e-09,4.481410996501272e-09,4.481755239096088e-09,4.482099477353816e-09,4.482443711381516e-09,4.482787940988388e-09,4.483132166244143e-09,4.483476387186563e-09,4.483820604362582e-09,4.48416481677987e-09,4.484509024804914e-09,4.4848532288940736e-09,4.485197428992974e-09,4.485541624708348e-09,4.485885816185472e-09,4.4862300025414365e-09,4.486574185266766e-09,4.486918363789473e-09,4.487262537256363e-09,4.487606706770123e-09,4.4879508716000195e-09,4.488295032137453e-09,4.488639188444627e-09,4.4889833403281495e-09,4.489327487914643e-09,4.489671631659715e-09,4.490015770700847e-09,4.490359905428309e-09,4.490704035859021e-09,4.491048161987221e-09,4.491392283817392e-09,4.4917364013723225e-09,4.492080514734165e-09,4.492424623689626e-09,4.4927687283716415e-09,4.493112828674193e-09,4.4934569248720275e-09,4.493801016670878e-09,4.494145104172454e-09,4.494489187714829e-09,4.494833266505529e-09,4.495177341073441e-09,4.49552141150248e-09,4.4958654772429225e-09,4.496209539473391e-09,4.496553596891199e-09,4.496897649683082e-09,4.497241699057994e-09,4.49758574349412e-09,4.497929783683518e-09,4.498273819800303e-09,4.4986178515877195e-09,4.4989618779341496e-09,4.499305901175681e-09,4.499649920131957e-09,4.499993934226448e-09,4.500337944320475e-09,4.500681950647459e-09,4.501025952710609e-09,4.501369950511738e-09,4.50171394389769e-09,4.502057933311761e-09,4.502401918231833e-09,4.50274589885734e-09,4.503089875668664e-09,4.503433847457631e-09,4.503777815580442e-09,4.504121779065772e-09,4.504465738485919e-09,4.504809693639002e-09,4.505153644656981e-09,4.505497591305272e-09,4.5058415336983454e-09,4.506185471512415e-09,4.506529406090192e-09,4.5068733357387896e-09,4.507217261667438e-09,4.507561182671443e-09,4.507905099629652e-09,4.508249012404013e-09,4.508592920958954e-09,4.508936825034594e-09,4.509280724988772e-09,4.50962462085273e-09,4.509968512330153e-09,4.510312399629763e-09,4.5106562826330646e-09,4.5110001614156035e-09,4.5113440360583906e-09,4.511687906306407e-09,4.51203177236725e-09,4.512375634198999e-09,4.512719491799209e-09,4.513063345411551e-09,4.5134071945191835e-09,4.5137510395833385e-09,4.514094880275394e-09,4.514438718090418e-09,4.514782550359903e-09,4.515126378152857e-09,4.51547020195519e-09,4.515814021653896e-09,4.516157837017187e-09,4.516501648160187e-09,4.516845455089938e-09,4.517189257276064e-09,4.517533055767667e-09,4.517876850048581e-09,4.518220640089333e-09,4.518564426006237e-09,4.51890820765239e-09,4.519251985090875e-09,4.519595758550732e-09,4.519939527338557e-09,4.520283292089447e-09,4.520627052683414e-09,4.520970809077346e-09,4.521314561178526e-09,4.521658309155524e-09,4.522002053425953e-09,4.522345793074637e-09,4.522689528437412e-09,4.52303325938919e-09,4.523376986118727e-09,4.523720708831259e-09,4.524064427403146e-09,4.524408141761514e-09,4.524751853648225e-09,4.5250955596145434e-09,4.525439261684285e-09,4.5257829592765e-09,4.526126652722206e-09,4.526470341817124e-09,4.52681402781694e-09,4.527157708106856e-09,4.5275013847217755e-09,4.527845057217308e-09,4.52818872547106e-09,4.52853238954491e-09,4.528876049220031e-09,4.529219705249962e-09,4.5295633568100585e-09,4.529907004028082e-09,4.530250646916875e-09,4.530594285888298e-09,4.530937920352633e-09,4.531281550965754e-09,4.5316251774058835e-09,4.531968799494102e-09,4.532312417552707e-09,4.5326560314464e-09,4.5329996411836574e-09,4.533343246882734e-09,4.533686847811252e-09,4.534030445027653e-09,4.53437403807275e-09,4.534717626947533e-09,4.535061211464013e-09,4.5354047919972225e-09,4.535748368369517e-09,4.53609194058046e-09,4.536435509222354e-09,4.536779073167503e-09,4.537122632710931e-09,4.537466188328075e-09,4.537809739721332e-09,4.538153286805186e-09,4.538496829750172e-09,4.538840368690417e-09,4.539183903426783e-09,4.539527433986511e-09,4.539870960406611e-09,4.54021448266955e-09,4.540558000934402e-09,4.54090151489117e-09,4.541245024688748e-09,4.541588530332774e-09,4.541932031621753e-09,4.542275528948634e-09,4.54261902215796e-09,4.5429625111548335e-09,4.543305996350429e-09,4.543649477221908e-09,4.5439929538418696e-09,4.544336426274756e-09,4.5446798944380335e-09,4.5450233585710655e-09,4.545366818656689e-09,4.545710274521137e-09,4.546053726176861e-09,4.5463971737538775e-09,4.546740617134761e-09,4.547084056433017e-09,4.54742749165759e-09,4.547770922848976e-09,4.548114349897432e-09,4.5484577726410574e-09,4.5488011912487106e-09,4.549144605857286e-09,4.549488016194434e-09,4.549831422396457e-09,4.550174824514644e-09,4.550518222527801e-09,4.550861616327528e-09,4.5512050060439e-09,4.551548391587405e-09,4.5518917729917765e-09,4.552235150214172e-09,4.552578523402256e-09,4.5529218924323796e-09,4.5532652573319135e-09,4.553608618100813e-09,4.553951974597389e-09,4.554295327180423e-09,4.554638675586141e-09,4.5549820199478055e-09,4.555325359999604e-09,4.5556686960985e-09,4.556012028018418e-09,4.556355355939498e-09,4.556698679498351e-09,4.55704199904668e-09,4.557385315197193e-09,4.557728626703313e-09,4.558071934294527e-09,4.558415237392637e-09,4.558758535991129e-09,4.559101831108653e-09,4.559445121856344e-09,4.559788408486299e-09,4.560131691204197e-09,4.560474969403673e-09,4.560818245356833e-09,4.561161515547778e-09,4.561504781641121e-09,4.561848043628104e-09,4.562191301453764e-09,4.562534555378245e-09,4.562877805236369e-09,4.56322105039393e-09,4.5635642920669264e-09,4.563907530029041e-09,4.56425076326242e-09,4.564593992420198e-09,4.564937217329105e-09,4.565280438281055e-09,4.565623655220405e-09,4.565966867980325e-09,4.566310075521877e-09,4.5666532800387405e-09,4.566996480524634e-09,4.567339676918103e-09,4.567682869265395e-09,4.568026058621413e-09,4.56836924287564e-09,4.568712422697938e-09,4.569055598600508e-09,4.569398770500208e-09,4.5697419380075795e-09,4.5700851015293324e-09,4.570428260984097e-09,4.570771416134288e-09,4.5711145672357715e-09,4.571457714472139e-09,4.571800857748171e-09,4.572143995924756e-09,4.572487130916419e-09,4.572830261936132e-09,4.573173388792119e-09,4.573516511444708e-09,4.5738596292535724e-09,4.574202743830772e-09,4.5745458543287234e-09,4.574888960774667e-09,4.575232063223292e-09,4.575575161541881e-09,4.57591825580648e-09,4.5762613480327044e-09,4.5766044339224146e-09,4.57694751570934e-09,4.5772905936130285e-09,4.577633667408939e-09,4.577976737012406e-09,4.578319802203732e-09,4.57866286377515e-09,4.579005921280335e-09,4.579348974597546e-09,4.579692024022587e-09,4.580035069182418e-09,4.580378110329956e-09,4.58072114756939e-09,4.5810641806560956e-09,4.5814072097304975e-09,4.581750234486319e-09,4.582093255054248e-09,4.5824362720143675e-09,4.582779284607628e-09,4.5831222932970375e-09,4.583465296469258e-09,4.583808297940619e-09,4.584151294428676e-09,4.584494286183166e-09,4.584837274559412e-09,4.585180258850649e-09,4.58552323901534e-09,4.585866215053709e-09,4.586209187188893e-09,4.586552155268046e-09,4.586895119291427e-09,4.587238079245978e-09,4.587581035136207e-09,4.587923986967109e-09,4.588266934745986e-09,4.588609878480792e-09,4.58895281814155e-09,4.5892957539170275e-09,4.589638685482626e-09,4.589981612881507e-09,4.590324536334336e-09,4.590667455621518e-09,4.591010370859784e-09,4.591353282011366e-09,4.591696189097079e-09,4.592039092177487e-09,4.592381991220068e-09,4.592724886212822e-09,4.593067777153627e-09,4.593410663828435e-09,4.593753546807889e-09,4.594096425412089e-09,4.594439300158768e-09,4.594782170807876e-09,4.59512503744594e-09,4.595467900072948e-09,4.595810758591182e-09,4.596153613294292e-09,4.5964964643498e-09,4.596839310613464e-09,4.597182153149189e-09,4.597524991465263e-09,4.5978678260756745e-09,4.5982106555252036e-09,4.59855348194041e-09,4.598896304318684e-09,4.59923912086748e-09,4.599581934069884e-09,4.599924744501051e-09,4.60026755073668e-09,4.60061035293787e-09,4.600953151105583e-09,4.601295945240506e-09,4.601638735343003e-09,4.6019815209454724e-09,4.602324302984597e-09,4.602667080993265e-09,4.603009854971863e-09,4.603352624920559e-09,4.6036953908405885e-09,4.604038152731445e-09,4.604380910550444e-09,4.604723664355882e-09,4.605066414164616e-09,4.6054091599057784e-09,4.605751901663209e-09,4.606094639395628e-09,4.606437373100006e-09,4.6067801027974336e-09,4.6071228284060016e-09,4.607465550043321e-09,4.607808267616501e-09,4.608150981228114e-09,4.608493690753939e-09,4.608836396353253e-09,4.6091790978872386e-09,4.609521795396294e-09,4.609864488908508e-09,4.6102071780072795e-09,4.610549863479684e-09,4.610892544898229e-09,4.611235222321676e-09,4.61157789475218e-09,4.611920564194878e-09,4.6122632295662266e-09,4.612605890898614e-09,4.612948548223536e-09,4.613291201585208e-09,4.613633850873922e-09,4.613976496156017e-09,4.614319137920522e-09,4.614661775173156e-09,4.615004408414955e-09,4.615347037644679e-09,4.615689662877277e-09,4.616032284615912e-09,4.616374901850664e-09,4.61671751503691e-09,4.617060124926382e-09,4.617402730117807e-09,4.617745331292119e-09,4.618087928459867e-09,4.618430521587664e-09,4.6187731098899694e-09,4.6191156948260295e-09,4.619458275980738e-09,4.6198008532139734e-09,4.620143426264528e-09,4.620485995427015e-09,4.620828560497625e-09,4.621171121700257e-09,4.621513678810944e-09,4.621856231694858e-09,4.62219878146041e-09,4.622541326817603e-09,4.622883869217897e-09,4.623226404554014e-09,4.623568937549267e-09,4.623911466452411e-09,4.624253991533941e-09,4.6245965138396735e-09,4.6249390309930725e-09,4.6252815441517616e-09,4.625624053345494e-09,4.625966558328695e-09,4.626309059507518e-09,4.6266515565909904e-09,4.626994048732691e-09,4.627336538157145e-09,4.627679024851549e-09,4.628021507286302e-09,4.6283639839084986e-09,4.628706457104423e-09,4.629048926202062e-09,4.629391391495798e-09,4.629733852496171e-09,4.630076309801375e-09,4.630418762812245e-09,4.63076121228288e-09,4.631103657705776e-09,4.631446099040097e-09,4.631788536546648e-09,4.632130969839122e-09,4.632473399264947e-09,4.632815824342078e-09,4.633158245949678e-09,4.633500663383509e-09,4.633843076350441e-09,4.6341854858113485e-09,4.634527891108939e-09,4.634870292653857e-09,4.6352126903050766e-09,4.635555083954431e-09,4.635897474110062e-09,4.6362398597667875e-09,4.636582241181316e-09,4.636924618787363e-09,4.637266992282814e-09,4.637609361924834e-09,4.6379517276390526e-09,4.638294089334196e-09,4.638636447042713e-09,4.638978800919852e-09,4.639321150820492e-09,4.6396634970783004e-09,4.640005839103061e-09,4.6403481769317706e-09,4.6406905107428475e-09,4.641032840863065e-09,4.641375166816638e-09,4.641717488747648e-09,4.64205980674636e-09,4.642402120776207e-09,4.642744430921722e-09,4.64308673724898e-09,4.643429039328017e-09,4.6437713368491915e-09,4.644113630694357e-09,4.6444559210572025e-09,4.6447982074226884e-09,4.645140489675142e-09,4.645482768447904e-09,4.64582504295925e-09,4.646167313255577e-09,4.646509579689708e-09,4.646851842130014e-09,4.647194100597809e-09,4.647536355309538e-09,4.647878605805472e-09,4.648220852357152e-09,4.6485630948964425e-09,4.648905333568493e-09,4.6492475684130275e-09,4.649589798828678e-09,4.649932025772362e-09,4.650274250175086e-09,4.6506164694081775e-09,4.650958685672182e-09,4.65130089656178e-09,4.651643104816826e-09,4.651985307797107e-09,4.652327506726535e-09,4.652669701703596e-09,4.653011892824068e-09,4.653354081235539e-09,4.653696265688867e-09,4.654038446087194e-09,4.654380622844626e-09,4.654722793232362e-09,4.6550649606015605e-09,4.655407124018484e-09,4.655749283473804e-09,4.656091438985263e-09,4.6564335904819236e-09,4.656775738069794e-09,4.6571178816619405e-09,4.657460021242358e-09,4.657802156981631e-09,4.658144288778256e-09,4.658486416617329e-09,4.658828540546875e-09,4.659170660532339e-09,4.6595127765192485e-09,4.659854888613422e-09,4.660196997377158e-09,4.660539101344034e-09,4.66088120152746e-09,4.661223297780363e-09,4.6615653893698675e-09,4.661907477702146e-09,4.662249562101875e-09,4.662591642824064e-09,4.662933719427221e-09,4.663275792000891e-09,4.663617860680918e-09,4.663959925350997e-09,4.6643019867747195e-09,4.664644043757292e-09,4.664986096657178e-09,4.665328145594571e-09,4.665670190430315e-09,4.666012231458796e-09,4.6663542686021925e-09,4.666696301747214e-09,4.667038330986361e-09,4.6673803561290495e-09,4.667722377450667e-09,4.668064394751163e-09,4.668406408197042e-09,4.668748417670543e-09,4.669090423334756e-09,4.6694324248616115e-09,4.66977442259985e-09,4.6701164164054306e-09,4.6704584062146025e-09,4.670800392033995e-09,4.671142374068667e-09,4.671484351975909e-09,4.6718263260474415e-09,4.672168295593027e-09,4.672510260729932e-09,4.672852222152533e-09,4.673194180493283e-09,4.673536134398559e-09,4.673878084877257e-09,4.674220031330253e-09,4.674561973939016e-09,4.67490391263707e-09,4.675245848769331e-09,4.675587779939586e-09,4.675929706784898e-09,4.676271629714471e-09,4.676613548860182e-09,4.6769554639149515e-09,4.6772973754030756e-09,4.677639282772342e-09,4.677981186086739e-09,4.678323085442766e-09,4.678664980593143e-09,4.679006871906819e-09,4.679348759453632e-09,4.679690643404961e-09,4.6800325231295945e-09,4.680374398956104e-09,4.680716270707921e-09,4.681058138789052e-09,4.681400003199734e-09,4.6817418640794004e-09,4.682083720279833e-09,4.68242557164406e-09,4.682767419948526e-09,4.683109264281566e-09,4.683451106160116e-09,4.683792942704196e-09,4.684134775367724e-09,4.684476604108435e-09,4.684818428669711e-09,4.6851602511113925e-09,4.685502068342196e-09,4.685843881264532e-09,4.6861856913209755e-09,4.686527496634683e-09,4.686869297899267e-09,4.687211096666466e-09,4.687552890149537e-09,4.687894679693587e-09,4.688236467027671e-09,4.688578248717926e-09,4.688920026274425e-09,4.689261802157181e-09,4.689603571881318e-09,4.689945337910879e-09,4.690287101211025e-09,4.69062885945689e-09,4.690970614613944e-09,4.6913123653372015e-09,4.691654111626075e-09,4.691995854322048e-09,4.692337592968194e-09,4.692679327704369e-09,4.693021058529721e-09,4.693362785326976e-09,4.6937045083497685e-09,4.694046227446943e-09,4.694387942624719e-09,4.694729653896636e-09,4.695071361275702e-09,4.695413064744125e-09,4.695754764293391e-09,4.696096459921503e-09,4.696438151640683e-09,4.696779840143915e-09,4.697121522800565e-09,4.697463202802121e-09,4.697804879586651e-09,4.6981465517037825e-09,4.6984882190451795e-09,4.698829883426656e-09,4.699171543898399e-09,4.699513200714955e-09,4.699854853520209e-09,4.700196502326977e-09,4.700538147142808e-09,4.700879788510687e-09,4.701221425552199e-09,4.7015630586876135e-09,4.7019046871377475e-09,4.70224631239419e-09,4.702587933818009e-09,4.702929551346184e-09,4.703271164946395e-09,4.703612775319576e-09,4.70395438011953e-09,4.704295982185162e-09,4.704637580206752e-09,4.7049791743328914e-09,4.705320764556043e-09,4.705662350842638e-09,4.706003933614304e-09,4.706345511253632e-09,4.7066870860162346e-09,4.707028657820068e-09,4.7073702247861876e-09,4.707711787666959e-09,4.708053346286899e-09,4.708394901467067e-09,4.708736452590061e-09,4.709077999870216e-09,4.709419543592537e-09,4.7097610835640515e-09,4.710102619041441e-09,4.710444152496617e-09,4.710785680337405e-09,4.711127204166493e-09,4.711468724224332e-09,4.7118102403977485e-09,4.712151752560918e-09,4.712493262838459e-09,4.7128347675849135e-09,4.713176268435653e-09,4.7135177651823445e-09,4.713859257991863e-09,4.714200746843179e-09,4.714542231868325e-09,4.714883712946632e-09,4.715225189975774e-09,4.715566663120907e-09,4.715908132650953e-09,4.716249597652982e-09,4.716591059371848e-09,4.7169325174142845e-09,4.717273971314365e-09,4.717615421328257e-09,4.71795686765756e-09,4.7182983096163316e-09,4.718639748325586e-09,4.718981182875558e-09,4.719322612657717e-09,4.719664039799398e-09,4.720005462628184e-09,4.72034688139452e-09,4.720688296451387e-09,4.721029706977215e-09,4.721371114263906e-09,4.721712517684425e-09,4.722053916604084e-09,4.7223953122136074e-09,4.722736703961909e-09,4.723078091869688e-09,4.723419475895374e-09,4.723760853830883e-09,4.7241022300743094e-09,4.724443602566726e-09,4.724784971060812e-09,4.725126335579415e-09,4.725467697876552e-09,4.725809054720438e-09,4.7261504074364286e-09,4.726491756429708e-09,4.726833103239819e-09,4.727174444600329e-09,4.7275157820506875e-09,4.727857115745315e-09,4.728198445454141e-09,4.728539771532677e-09,4.728881093455195e-09,4.7292224115099124e-09,4.729563725666875e-09,4.729905037192631e-09,4.7302463435317354e-09,4.730587646069004e-09,4.730928944654263e-09,4.73127023904965e-09,4.731611530139215e-09,4.7319528170977096e-09,4.732294100440254e-09,4.732635379334541e-09,4.732976654796044e-09,4.733317926251423e-09,4.733659193831909e-09,4.734000457683968e-09,4.734341717596766e-09,4.734682973061909e-09,4.735024225128741e-09,4.7353654727232004e-09,4.735706717065398e-09,4.7360479573243325e-09,4.73638919327734e-09,4.73673042683957e-09,4.737071655446562e-09,4.737412879919169e-09,4.737754100863626e-09,4.738095317988006e-09,4.738436531204274e-09,4.738777740683946e-09,4.739118945519898e-09,4.739460147024274e-09,4.739801345402457e-09,4.740142539026579e-09,4.740483729188273e-09,4.740824915422709e-09,4.741166097756925e-09,4.741507276281435e-09,4.7418484516096844e-09,4.742189622148994e-09,4.742530789074418e-09,4.742871951638701e-09,4.743213109628058e-09,4.743554264670714e-09,4.743895416448698e-09,4.7442365639973786e-09,4.744577708708112e-09,4.744918848596202e-09,4.74525998451837e-09,4.745601116690883e-09,4.7459422448624074e-09,4.746283369342467e-09,4.746624489892029e-09,4.746965606503459e-09,4.7473067194807184e-09,4.747647828497794e-09,4.747988933625497e-09,4.748330036226192e-09,4.748671133613277e-09,4.749012227178303e-09,4.749353316937118e-09,4.749694402812625e-09,4.750035484792605e-09,4.750376562871966e-09,4.750717637140405e-09,4.751058707477165e-09,4.751399773960838e-09,4.751740836885252e-09,4.752081895843784e-09,4.752422949178708e-09,4.752763999938289e-09,4.75310504722945e-09,4.7534460905680925e-09,4.753787131216085e-09,4.7541281666208406e-09,4.754469198291923e-09,4.754810225622311e-09,4.755151249633119e-09,4.755492269766358e-09,4.755833286095427e-09,4.756174298583954e-09,4.756515307255273e-09,4.75685631201864e-09,4.757197312956275e-09,4.757538309995238e-09,4.757879303152906e-09,4.758220292519291e-09,4.758561278052124e-09,4.758902259692618e-09,4.759243237501421e-09,4.75958421119418e-09,4.759925181253397e-09,4.760266147477297e-09,4.76060710983698e-09,4.760948068356095e-09,4.761289022998433e-09,4.761629973812934e-09,4.7619709209816105e-09,4.762311864092137e-09,4.762652803317071e-09,4.762993738612416e-09,4.763334670351389e-09,4.76367559805759e-09,4.7640165219355775e-09,4.76435744196404e-09,4.764698358150089e-09,4.765039270441129e-09,4.7653801788962796e-09,4.765721083538155e-09,4.766061984304104e-09,4.766402881636595e-09,4.766743774696103e-09,4.76708466396462e-09,4.767425549376397e-09,4.767766430928771e-09,4.768107308606832e-09,4.768448182403885e-09,4.768789052389462e-09,4.769129918524937e-09,4.769470780816311e-09,4.769811639363416e-09,4.770152493985555e-09,4.770493344726922e-09,4.770834191616716e-09,4.7711750346275255e-09,4.7715158738455375e-09,4.7718567092489516e-09,4.772197540766007e-09,4.7725383684198275e-09,4.772879192349146e-09,4.773220012331601e-09,4.773560828547681e-09,4.773901640694035e-09,4.774242449146823e-09,4.774583254054305e-09,4.774924054293933e-09,4.775264851234069e-09,4.775605644316214e-09,4.775946433536098e-09,4.776287218649088e-09,4.776628000236162e-09,4.776968777647258e-09,4.777309551552045e-09,4.777650321593324e-09,4.777991087793876e-09,4.778331850680792e-09,4.778672609193451e-09,4.779013363816081e-09,4.779354114681242e-09,4.779694861629562e-09,4.78003560480029e-09,4.780376344260025e-09,4.780717079694501e-09,4.781057811438818e-09,4.7813985392461975e-09,4.781739263745305e-09,4.782079982666177e-09,4.782420699492621e-09,4.782761411769032e-09,4.783102120138895e-09,4.783442824864731e-09,4.783783525811163e-09,4.784124223039044e-09,4.7844649162871906e-09,4.784805605704393e-09,4.785146290663476e-09,4.78548697240069e-09,4.785827650317848e-09,4.7861683243577895e-09,4.786508995048187e-09,4.7868496615060444e-09,4.787190325719418e-09,4.7875309845082776e-09,4.787871639438686e-09,4.78821229058462e-09,4.78855293783925e-09,4.788893581803533e-09,4.789234221390449e-09,4.789574856818869e-09,4.789915488737048e-09,4.790256116869602e-09,4.790596741134388e-09,4.790937361709989e-09,4.7912779783025296e-09,4.791618591059571e-09,4.7919592000450344e-09,4.7922998051372635e-09,4.792640406408076e-09,4.7929810034713735e-09,4.793321597137099e-09,4.7936621869592235e-09,4.794002772909703e-09,4.794343355057773e-09,4.794683933739606e-09,4.7950245082043335e-09,4.795365078746001e-09,4.795705644561283e-09,4.796046207492834e-09,4.796386766643893e-09,4.7967273219643185e-09,4.797067873459865e-09,4.797408421083097e-09,4.797748965449303e-09,4.798089505531941e-09,4.7984300417783855e-09,4.79877057413875e-09,4.799111102806565e-09,4.799451627515188e-09,4.799792148397708e-09
13,1.046730943032107e-23,1.8263035807178491e-23,2.4069050251232704e-23,2.8393189156958936e-23,3.161367326980237e-23,3.4012189632757985e-23,3.57985299908497e-23,3.712894070817138e-23,3.811978921514628e-23,3.885774235322001e-23,3.940734688929126e-23,3.981667524699512e-23,4.0121530271697475e-23,4.0348576808633227e-23,4.0517674004865646e-23,4.0643612335216483e-23,4.0737407285132715e-23,4.0807262845431644e-23,4.085928909320975e-23,4.0898036623775694e-23,4.0926894578924723e-23,4.094838708601412e-23,4.096439403656209e-23,4.097631551527909e-23,4.098519426169481e-23,4.099180687576581e-23,4.099673174497671e-23,4.100039963432937e-23,4.1003131364193974e-23,4.1005165871600415e-23,4.100668110941375e-23,4.1007809611390844e-23,4.100865008455053e-23,4.100927604280878e-23,4.1009742237043065e-23,4.1010089444003194e-23,4.1010348032944085e-23,4.1010540621941214e-23,4.101068405623397e-23,4.101079088163216e-23,4.101087044186522e-23,4.1010929695850967e-23,4.101097382637589e-23,4.101100669341812e-23,4.101103117176864e-23,4.1011049402482235e-23,4.101106298015062e-23,4.1011073092375176e-23,4.1011080623645565e-23,4.101108623270134e-23,4.1011090410151484e-23,4.101109352138643e-23,4.101109583853738e-23,4.10110975642791e-23,4.101109884955799e-23,4.101109980679381e-23,4.101110051971339e-23,4.101110105067363e-23,4.1011101446116274e-23,4.101110174062945e-23,4.101110195997371e-23,4.101110212333438e-23,4.101110224500008e-23,4.101110233561305e-23,4.1011102403098926e-23,4.1011102453360055e-23,4.10111024907931e-23,4.101110251867221e-23,4.1011102539435377e-23,4.101110255489917e-23,4.101110256641584e-23,4.101110257499324e-23,4.101110258138122e-23,4.101110258613899e-23,4.101110258968241e-23,4.1011102592321085e-23,4.1011102594286705e-23,4.1011102595750596e-23,4.101110259684099e-23,4.101110259765266e-23,4.101110259825731e-23,4.101110259870763e-23,4.1011102599042955e-23,4.101110259929275e-23,4.10111025994791e-23,4.1011102599617754e-23,4.101110259972121e-23,4.101110259979833e-23,4.1011102599855575e-23,4.1011102599898504e-23,4.101110259993036e-23,4.101110259995393e-23,4.101110259997158e-23,4.101110259998511e-23,4.101110259999504e-23,4.1011102600002635e-23,4.1011102600008254e-23,4.1011102600012344e-23,4.1011102600015577e-23,4.1011102600018034e-23,4.101110260001996e-23,4.101110260002131e-23,4.1011102600022107e-23,4.101110260002271e-23,4.101110260002327e-23,4.101110260002355e-23,4.1011102600023805e-23,4.101110260002401e-23,4.10111026000241e-23,4.101110260002429e-23,4.101110260002431e-23,4.101110260002445e-23,4.101110260002457e-23,4.101110260002454e-23,4.101110260002465e-23,4.101110260002476e-23,4.1011102600025016e-23,4.101110260002484e-23,4.1011102600024775e-23,4.101110260002491e-23,4.101110260002503e-23,4.1011102600024946e-23,4.101110260002513e-23,4.1011102600025175e-23,4.101110260002514e-23,4.101110260002509e-23,4.101110260002502e-23,4.101110260002502e-23,4.101110260002495e-23,4.10111026000248e-23,4.101110260002462e-23,4.1011102600024023e-23,4.1011102600023523e-23,4.101110260002302e-23,4.101110260002254e-23,4.10111026000223e-23,4.101110260002216e-23,4.101110260002206e-23,4.101110260002203e-23,4.101110260002215e-23,4.101110260002227e-23,4.101110260002246e-23,4.10111026000226e-23,4.101110260002253e-23,4.1011102600022407e-23,4.101110260002228e-23,4.1011102600022224e-23,4.101110260002248e-23,4.101110260002276e-23,4.101110260002279e-23,4.1011102600023e-23,4.1011102600022977e-23,4.1011102600022936e-23,4.101110260002319e-23,4.1011102600023124e-23,4.1011102600023277e-23,4.1011102600023177e-23,4.101110260002315e-23,4.101110260002322e-23,4.1011102600023347e-23,4.1011102600023036e-23,4.1011102600022953e-23,4.1011102600023153e-23,4.101110260002305e-23,4.101110260002284e-23,4.101110260002279e-23,4.101110260002242e-23,4.1011102600021954e-23,4.101110260002141e-23,4.101110260002126e-23,4.101110260002112e-23,4.101110260002112e-23,4.101110260002099e-23,4.101110260002067e-23,4.1011102600020696e-23,4.101110260002056e-23,4.101110260002028e-23,4.1011102600020085e-23,4.101110260001971e-23,4.101110260001927e-23,4.101110260001889e-23,4.1011102600018386e-23,4.101110260001813e-23,4.1011102600017775e-23,4.10111026000175e-23,4.101110260001707e-23,4.101110260001701e-23,4.101110260001705e-23,4.1011102600016946e-23,4.1011102600016905e-23,4.1011102600016823e-23,4.1011102600016705e-23,4.1011102600016823e-23,4.101110260001679e-23,4.101110260001679e-23,4.1011102600016864e-23,4.10111026000169e-23,4.101110260001674e-23,4.101110260001663e-23,4.101110260001674e-23,4.1011102600016694e-23,4.1011102600016664e-23,4.1011102600016647e-23,4.1011102600016606e-23,4.101110260001684e-23,4.1011102600016647e-23,4.1011102600016623e-23,4.101110260001662e-23,4.1011102600016764e-23,4.1011102600016794e-23,4.1011102600016847e-23,4.1011102600016876e-23,4.1011102600016876e-23,4.101110260001677e-23,4.1011102600016805e-23,4.1011102600016923e-23,4.101110260001695e-23,4.1011102600016905e-23,4.101110260001695e-23,4.101110260001676e-23,4.1011102600016747e-23,4.1011102600016576e-23,4.101110260001658e-23,4.10111026000166e-23,4.1011102600016523e-23,4.101110260001645e-23,4.1011102600016776e-23,4.101110260001683e-23,4.101110260001682e-23,4.101110260001683e-23,4.101110260001706e-23,4.101110260001686e-23,4.1011102600016776e-23,4.101110260001686e-23,4.1011102600016735e-23,4.101110260001659e-23,4.101110260001687e-23,4.101110260001683e-23,4.101110260001685e-23,4.1011102600016735e-23,4.101110260001661e-23,4.101110260001667e-23,4.1011102600016764e-23,4.1011102600016676e-23,4.1011102600016823e-23,4.1011102600016864e-23,4.101110260001684e-23,4.1011102600017005e-23,4.101110260001684e-23,4.1011102600016794e-23,4.101110260001683e-23,4.101110260001696e-23,4.101110260001698e-23,4.101110260001686e-23,4.101110260001681e-23,4.101110260001697e-23,4.1011102600016794e-23,4.1011102600016847e-23,4.101110260001686e-23,4.101110260001713e-23,4.101110260001727e-23,4.10111026000171e-23,4.101110260001725e-23,4.1011102600017064e-23,4.1011102600016935e-23,4.1011102600017117e-23,4.101110260001716e-23,4.1011102600017076e-23,4.101110260001724e-23,4.101110260001729e-23,4.101110260001712e-23,4.1011102600016976e-23,4.101110260001692e-23,4.1011102600016823e-23,4.101110260001688e-23,4.101110260001696e-23,4.1011102600016923e-23,4.101110260001691e-23,4.1011102600017035e-23,4.101110260001666e-23,4.1011102600017046e-23,4.1011102600017093e-23,4.101110260001708e-23,4.1011102600016993e-23,4.1011102600016946e-23,4.1011102600017217e-23,4.101110260001712e-23,4.1011102600017017e-23,4.1011102600016776e-23,4.1011102600016835e-23,4.101110260001679e-23,4.101110260001676e-23,4.101110260001674e-23,4.1011102600016664e-23,4.101110260001664e-23,4.1011102600016647e-23,4.1011102600016935e-23,4.101110260001682e-23,4.1011102600016894e-23,4.1011102600017076e-23,4.1011102600017164e-23,4.1011102600016946e-23,4.101110260001674e-23,4.1011102600016606e-23,4.101110260001644e-23,4.1011102600016764e-23,4.101110260001682e-23,4.101110260001673e-23,4.1011102600016664e-23,4.1011102600016764e-23,4.101110260001712e-23,4.101110260001725e-23,4.1011102600017393e-23,4.1011102600017135e-23,4.1011102600016993e-23,4.1011102600016894e-23,4.101110260001711e-23,4.101110260001692e-23,4.101110260001699e-23,4.101110260001689e-23,4.1011102600016647e-23,4.101110260001665e-23,4.1011102600016606e-23,4.101110260001675e-23,4.101110260001668e-23,4.1011102600016694e-23,4.101110260001692e-23,4.1011102600016905e-23,4.1011102600016647e-23,4.1011102600016664e-23,4.101110260001682e-23,4.1011102600017076e-23,4.101110260001725e-23,4.1011102600017064e-23,4.1011102600017234e-23,4.1011102600017246e-23,4.101110260001732e-23,4.101110260001731e-23,4.1011102600017135e-23,4.101110260001703e-23,4.10111026000168e-23,4.101110260001675e-23,4.1011102600016723e-23,4.101110260001653e-23,4.101110260001668e-23,4.101110260001636e-23,4.101110260001643e-23,4.101110260001659e-23,4.1011102600016805e-23,4.1011102600016794e-23,4.1011102600016794e-23,4.1011102600016723e-23,4.101110260001669e-23,4.101110260001656e-23,4.101110260001664e-23,4.101110260001665e-23,4.1011102600016694e-23,4.10111026000166e-23,4.101110260001689e-23,4.101110260001686e-23,4.1011102600017e-23,4.10111026000171e-23,4.1011102600017005e-23,4.101110260001706e-23,4.1011102600017105e-23,4.101110260001725e-23,4.1011102600017176e-23,4.1011102600017146e-23,4.101110260001712e-23,4.101110260001701e-23,4.101110260001686e-23,4.101110260001687e-23,4.1011102600016794e-23,4.1011102600016747e-23,4.101110260001689e-23,4.1011102600016747e-23,4.1011102600016747e-23,4.101110260001653e-23,4.101110260001671e-23,4.101110260001694e-23,4.101110260001698e-23,4.101110260001698e-23,4.101110260001664e-23,4.101110260001678e-23,4.101110260001674e-23,4.101110260001661e-23,4.101110260001665e-23,4.101110260001664e-23,4.101110260001679e-23,4.101110260001691e-23,4.101110260001707e-23,4.101110260001698e-23,4.101110260001701e-23,4.101110260001678e-23,4.1011102600016723e-23,4.101110260001664e-23,4.101110260001659e-23,4.1011102600016535e-23,4.1011102600016494e-23,4.1011102600016506e-23,4.1011102600016776e-23,4.101110260001667e-23,4.101110260001694e-23,4.101110260001702e-23,4.101110260001716e-23,4.101110260001692e-23,4.101110260001713e-23,4.101110260001728e-23,4.1011102600017217e-23,4.101110260001704e-23,4.101110260001725e-23,4.101110260001724e-23,4.101110260001719e-23,4.101110260001706e-23,4.101110260001689e-23,4.101110260001689e-23,4.1011102600016564e-23,4.101110260001652e-23,4.101110260001662e-23,4.1011102600016623e-23,4.1011102600016905e-23,4.1011102600016776e-23,4.101110260001681e-23,4.10111026000169e-23,4.101110260001686e-23,4.10111026000167e-23,4.101110260001689e-23,4.1011102600016864e-23,4.1011102600016623e-23,4.1011102600016735e-23,4.1011102600016735e-23,4.101110260001686e-23,4.101110260001684e-23,4.1011102600016735e-23,4.1011102600016447e-23,4.101110260001653e-23,4.1011102600016435e-23,4.101110260001658e-23,4.101110260001677e-23,4.101110260001667e-23,4.1011102600016794e-23,4.1011102600016606e-23,4.1011102600016705e-23,4.101110260001658e-23,4.101110260001658e-23,4.1011102600016594e-23,4.101110260001672e-23,4.101110260001665e-23,4.101110260001661e-23,4.101110260001655e-23,4.101110260001632e-23,4.101110260001651e-23,4.1011102600016705e-23,4.101110260001698e-23,4.101110260001701e-23,4.101110260001689e-23,4.101110260001687e-23,4.101110260001673e-23,4.101110260001677e-23,4.101110260001676e-23,4.101110260001696e-23,4.1011102600017193e-23,4.1011102600017117e-23,4.101110260001698e-23,4.101110260001688e-23,4.1011102600016964e-23,4.1011102600016794e-23,4.1011102600016976e-23,4.101110260001681e-23,4.101110260001665e-23,4.1011102600016623e-23,4.101110260001678e-23,4.1011102600016735e-23,4.101110260001664e-23,4.1011102600016735e-23,4.101110260001644e-23,4.101110260001653e-23,4.101110260001661e-23,4.101110260001655e-23,4.101110260001663e-23,4.10111026000164e-23,4.101110260001655e-23,4.10111026000167e-23,4.101110260001689e-23,4.1011102600016935e-23,4.1011102600017105e-23,4.101110260001695e-23,4.1011102600016705e-23,4.1011102600016747e-23,4.1011102600016735e-23,4.1011102600016694e-23,4.10111026000168e-23,4.101110260001693e-23,4.101110260001683e-23,4.101110260001678e-23,4.1011102600016847e-23,4.1011102600016764e-23,4.101110260001672e-23,4.101110260001666e-23,4.1011102600016306e-23,4.101110260001655e-23,4.1011102600016523e-23,4.1011102600016735e-23,4.101110260001678e-23,4.1011102600016764e-23,4.101110260001657e-23,4.1011102600016376e-23,4.101110260001653e-23,4.1011102600016606e-23,4.101110260001656e-23,4.1011102600016406e-23,4.1011102600016635e-23,4.101110260001655e-23,4.101110260001686e-23,4.101110260001691e-23,4.101110260001691e-23,4.1011102600016764e-23,4.101110260001686e-23,4.101110260001677e-23,4.101110260001689e-23,4.101110260001702e-23,4.1011102600016935e-23,4.1011102600016735e-23,4.1011102600016946e-23,4.101110260001678e-23,4.101110260001658e-23,4.1011102600016705e-23,4.1011102600016823e-23,4.1011102600016705e-23,4.1011102600016647e-23,4.1011102600016635e-23,4.101110260001673e-23,4.101110260001664e-23,4.1011102600016935e-23,4.101110260001691e-23,4.1011102600016794e-23,4.1011102600016946e-23,4.101110260001683e-23,4.101110260001687e-23,4.1011102600016705e-23,4.101110260001664e-23,4.101110260001644e-23,4.1011102600016523e-23,4.101110260001667e-23,4.1011102600016664e-23,4.1011102600016946e-23,4.1011102600016835e-23,4.1011102600016894e-23,4.101110260001671e-23,4.101110260001695e-23,4.101110260001702e-23,4.101110260001715e-23,4.1011102600017076e-23,4.1011102600016993e-23,4.101110260001679e-23,4.101110260001677e-23,4.1011102600016823e-23,4.101110260001699e-23,4.101110260001689e-23,4.1011102600016993e-23,4.1011102600017064e-23,4.1011102600017064e-23,4.101110260001695e-23,4.1011102600016964e-23,4.101110260001684e-23,4.10111026000166e-23,4.101110260001647e-23,4.10111026000165e-23,4.101110260001646e-23,4.101110260001672e-23,4.101110260001665e-23,4.101110260001674e-23,4.10111026000168e-23,4.101110260001694e-23,4.101110260001687e-23,4.1011102600016847e-23,4.101110260001675e-23,4.10111026000168e-23,4.1011102600016805e-23,4.1011102600016835e-23,4.1011102600016764e-23,4.101110260001671e-23,4.101110260001664e-23,4.1011102600016647e-23,4.1011102600016805e-23,4.1011102600016664e-23,4.1011102600016946e-23,4.101110260001685e-23,4.101110260001669e-23,4.101110260001658e-23,4.101110260001669e-23,4.1011102600016847e-23,4.101110260001665e-23,4.101110260001665e-23,4.101110260001679e-23,4.1011102600016606e-23,4.10111026000164e-23,4.101110260001674e-23,4.1011102600016794e-23,4.101110260001673e-23,4.101110260001665e-23,4.1011102600016735e-23,4.1011102600016805e-23,4.101110260001676e-23,4.1011102600016547e-23,4.101110260001669e-23,4.1011102600016523e-23,4.101110260001649e-23,4.1011102600016647e-23,4.1011102600016676e-23,4.101110260001689e-23,4.101110260001699e-23,4.101110260001683e-23,4.1011102600016946e-23,4.101110260001701e-23,4.1011102600016794e-23,4.101110260001694e-23,4.101110260001692e-23,4.101110260001699e-23,4.1011102600017046e-23,4.1011102600017076e-23,4.101110260001678e-23,4.1011102600016794e-23,4.101110260001663e-23,4.101110260001693e-23,4.1011102600016976e-23,4.101110260001714e-23,4.101110260001719e-23,4.1011102600017234e-23,4.1011102600017135e-23,4.101110260001704e-23,4.1011102600017064e-23,4.1011102600016894e-23,4.101110260001699e-23,4.101110260001691e-23,4.101110260001707e-23,4.101110260001711e-23,4.1011102600016905e-23,4.1011102600016823e-23,4.101110260001671e-23,4.1011102600016635e-23,4.101110260001678e-23,4.1011102600016705e-23,4.1011102600016764e-23,4.101110260001673e-23,4.101110260001662e-23,4.1011102600016747e-23,4.1011102600016606e-23,4.101110260001655e-23,4.1011102600016606e-23,4.1011102600016705e-23,4.101110260001662e-23,4.101110260001664e-23,4.101110260001657e-23,4.101110260001657e-23,4.101110260001648e-23,4.101110260001655e-23,4.101110260001651e-23,4.101110260001667e-23,4.1011102600016494e-23,4.101110260001664e-23,4.1011102600016735e-23,4.101110260001661e-23,4.101110260001658e-23,4.101110260001655e-23,4.10111026000166e-23,4.101110260001637e-23,4.101110260001652e-23,4.101110260001653e-23,4.101110260001664e-23,4.1011102600016647e-23,4.1011102600016465e-23,4.1011102600016335e-23,4.1011102600016394e-23,4.101110260001634e-23,4.101110260001621e-23,4.101110260001643e-23,4.1011102600016694e-23,4.1011102600016635e-23,4.1011102600016694e-23,4.101110260001679e-23,4.1011102600016764e-23,4.1011102600016694e-23,4.101110260001655e-23,4.101110260001646e-23,4.1011102600016576e-23,4.1011102600016635e-23,4.101110260001688e-23,4.101110260001672e-23,4.1011102600016735e-23,4.1011102600016723e-23,4.101110260001678e-23,4.1011102600016764e-23,4.101110260001701e-23,4.101110260001709e-23,4.1011102600017046e-23,4.1011102600017064e-23,4.101110260001696e-23,4.1011102600016946e-23,4.101110260001678e-23,4.1011102600016523e-23,4.101110260001663e-23,4.101110260001649e-23,4.1011102600016547e-23,4.101110260001657e-23,4.101110260001649e-23,4.10111026000167e-23,4.1011102600016876e-23,4.1011102600016764e-23,4.1011102600016576e-23,4.1011102600016747e-23,4.1011102600016647e-23,4.101110260001655e-23,4.101110260001665e-23,4.1011102600016523e-23,4.1011102600016606e-23,4.1011102600016764e-23,4.101110260001683e-23,4.101110260001677e-23,4.1011102600016894e-23,4.101110260001681e-23,4.1011102600016905e-23,4.101110260001695e-23,4.101110260001692e-23,4.1011102600016946e-23,4.1011102600016964e-23,4.101110260001672e-23,4.101110260001678e-23,4.101110260001684e-23,4.1011102600016864e-23,4.1011102600016847e-23,4.101110260001704e-23,4.101110260001693e-23,4.1011102600017064e-23,4.10111026000171e-23,4.101110260001718e-23,4.1011102600017146e-23,4.101110260001706e-23,4.101110260001714e-23,4.101110260001701e-23,4.1011102600016905e-23,4.101110260001674e-23,4.1011102600016676e-23,4.101110260001673e-23,4.1011102600016705e-23,4.101110260001692e-23,4.101110260001692e-23,4.1011102600016805e-23,4.101110260001661e-23,4.1011102600016694e-23,4.1011102600016805e-23,4.1011102600016835e-23,4.1011102600016647e-23,4.1011102600016623e-23,4.1011102600016376e-23,4.1011102600016523e-23,4.1011102600016723e-23,4.101110260001675e-23,4.1011102600016735e-23,4.1011102600016705e-23,4.1011102600016747e-23,4.1011102600016723e-23,4.101110260001671e-23,4.101110260001663e-23,4.101110260001661e-23,4.101110260001666e-23,4.101110260001677e-23,4.1011102600016964e-23,4.101110260001705e-23,4.101110260001713e-23,4.101110260001687e-23,4.1011102600016723e-23,4.1011102600016676e-23,4.10111026000167e-23,4.10111026000164e-23,4.1011102600016423e-23,4.10111026000163e-23,4.101110260001642e-23,4.101110260001643e-23,4.1011102600016547e-23,4.101110260001628e-23,4.101110260001611e-23,4.1011102600016065e-23,4.1011102600016165e-23,4.10111026000164e-23,4.101110260001657e-23,4.101110260001689e-23,4.101110260001698e-23,4.101110260001679e-23,4.101110260001687e-23,4.101110260001707e-23,4.101110260001713e-23,4.1011102600017117e-23,4.10111026000171e-23,4.101110260001692e-23,4.101110260001702e-23,4.101110260001682e-23,4.101110260001675e-23,4.101110260001668e-23,4.1011102600016764e-23,4.101110260001663e-23,4.1011102600016764e-23,4.101110260001675e-23,4.101110260001676e-23,4.1011102600016764e-23,4.101110260001676e-23,4.1011102600016764e-23,4.101110260001674e-23,4.101110260001673e-23,4.1011102600016764e-23,4.10111026000166e-23,4.101110260001655e-23,4.101110260001684e-23,4.1011102600016976e-23,4.101110260001707e-23,4.101110260001724e-23,4.101110260001708e-23,4.1011102600017193e-23,4.101110260001706e-23,4.1011102600016964e-23,4.101110260001682e-23,4.101110260001671e-23,4.101110260001672e-23,4.101110260001686e-23,4.10111026000169e-23,4.101110260001686e-23,4.101110260001667e-23,4.101110260001659e-23,4.101110260001683e-23,4.1011102600016905e-23,4.101110260001677e-23,4.1011102600016647e-23,4.101110260001682e-23,4.1011102600016423e-23,4.101110260001649e-23,4.101110260001638e-23,4.1011102600016547e-23,4.101110260001658e-23,4.1011102600016623e-23,4.1011102600016747e-23,4.1011102600016923e-23,4.1011102600017064e-23,4.10111026000173e-23,4.101110260001728e-23,4.1011102600017093e-23,4.101110260001692e-23,4.101110260001679e-23,4.10111026000167e-23,4.101110260001672e-23,4.101110260001657e-23,4.1011102600016623e-23,4.1011102600016576e-23,4.101110260001664e-23,4.1011102600016847e-23,4.101110260001679e-23,4.1011102600016635e-23,4.101110260001689e-23,4.101110260001682e-23,4.1011102600016776e-23,4.1011102600016705e-23,4.101110260001672e-23,4.1011102600016794e-23,4.101110260001676e-23,4.1011102600016676e-23,4.1011102600016794e-23,4.101110260001694e-23,4.101110260001688e-23,4.101110260001663e-23,4.101110260001664e-23,4.1011102600016835e-23,4.1011102600016835e-23,4.101110260001681e-23,4.101110260001673e-23,4.101110260001683e-23,4.1011102600016923e-23,4.101110260001695e-23,4.1011102600016764e-23,4.101110260001671e-23,4.10111026000167e-23,4.101110260001657e-23,4.1011102600016594e-23,4.101110260001657e-23,4.101110260001642e-23,4.101110260001655e-23,4.101110260001662e-23,4.101110260001664e-23,4.1011102600016435e-23,4.101110260001643e-23,4.1011102600016523e-23,4.1011102600016435e-23,4.101110260001646e-23,4.101110260001661e-23,4.10111026000166e-23,4.1011102600016523e-23,4.101110260001653e-23,4.101110260001673e-23,4.101110260001676e-23,4.1011102600016705e-23,4.1011102600016705e-23,4.101110260001653e-23,4.101110260001672e-23,4.1011102600016794e-23,4.101110260001657e-23,4.101110260001674e-23,4.1011102600016876e-23,4.1011102600016876e-23,4.1011102600016976e-23,4.101110260001701e-23,4.101110260001707e-23,4.101110260001716e-23,4.1011102600016864e-23,4.101110260001691e-23,4.1011102600016676e-23,4.101110260001677e-23,4.1011102600016776e-23,4.1011102600016723e-23,4.1011102600016864e-23,4.1011102600016594e-23,4.1011102600016676e-23,4.1011102600016847e-23,4.101110260001683e-23,4.1011102600016805e-23,4.101110260001675e-23,4.101110260001676e-23,4.1011102600016764e-23,4.101110260001672e-23,4.1011102600016723e-23,4.1011102600016764e-23,4.1011102600016576e-23,4.101110260001671e-23,4.101110260001683e-23,4.1011102600016835e-23,4.1011102600016664e-23,4.101110260001694e-23,4.101110260001713e-23,4.1011102600016946e-23,4.1011102600017093e-23,4.1011102600016993e-23,4.101110260001675e-23,4.101110260001678e-23,4.101110260001686e-23,4.10111026000167e-23,4.101110260001674e-23,4.101110260001656e-23,4.1011102600016535e-23,4.101110260001666e-23,4.10111026000167e-23,4.101110260001679e-23,4.1011102600016676e-23,4.101110260001674e-23,4.1011102600016735e-23,4.101110260001672e-23,4.1011102600016805e-23,4.1011102600016847e-23,4.1011102600016735e-23,4.1011102600016946e-23,4.1011102600016776e-23,4.1011102600016694e-23,4.101110260001674e-23,4.1011102600016676e-23,4.101110260001661e-23,4.1011102600016465e-23,4.1011102600016406e-23,4.101110260001647e-23,4.101110260001661e-23,4.1011102600016664e-23,4.101110260001637e-23,4.1011102600016705e-23,4.101110260001683e-23,4.1011102600016676e-23,4.101110260001669e-23,4.101110260001676e-23,4.101110260001672e-23,4.1011102600016805e-23,4.101110260001681e-23,4.101110260001668e-23,4.1011102600016523e-23,4.1011102600016764e-23,4.1011102600016594e-23,4.1011102600016776e-23,4.101110260001689e-23,4.10111026000168e-23,4.1011102600016876e-23,4.1011102600016923e-23,4.101110260001692e-23,4.1011102600016835e-23,4.101110260001685e-23,4.101110260001689e-23,4.101110260001683e-23,4.101110260001688e-23,4.1011102600016735e-23,4.10111026000166e-23,4.101110260001657e-23,4.101110260001661e-23,4.1011102600016523e-23,4.10111026000166e-23,4.101110260001662e-23,4.101110260001664e-23,4.101110260001689e-23,4.101110260001674e-23,1.239290878432838e-19,2.0754268419405313e-19,2.6534857937180005e-19,3.0672905881727315e-19,3.3775634987385886e-19,3.6235396874283846e-19,3.8305464292653624e-19,4.0149359182002054e-19,4.187287067950429e-19,4.354478267703554e-19,4.521025794654717e-19,4.6899459418500735e-19,4.863309121571241e-19,5.042595331395849e-19,5.228921907622412e-19,5.42318943301698e-19,5.626175353205309e-19,5.838594335888349e-19,6.061137560271984e-19,6.294498754440394e-19,6.539391962833887e-19,6.796564234226097e-19,7.066805256401131e-19,7.3509552412212505e-19,7.649911895904123e-19,7.9646370226025715e-19,8.296163121416455e-19,8.645600230747458e-19,9.014143211596575e-19,9.403079598959165e-19,9.813798170601495e-19,1.0247798332910833e-18,1.0706700462094146e-18,1.1192257292034527e-18,1.1706366523540822e-18,1.2251084782947593e-18,1.2828643104817122e-18,1.3441464117245358e-18,1.4092181157507946e-18,1.478365956113425e-18,1.551902037389747e-18,1.6301666867082201e-18,1.7135314136499973e-18,1.8024022248478813e-18,1.8972233488509074e-18,1.9984813919902168e-18,2.1067100603876157e-18,2.2224953938055612e-18,2.3464817970961773e-18,2.4793787244683847e-18,2.621968316881567e-18,2.775114045263103e-18,2.9397705240210724e-18,3.1169946747361892e-18,3.3079584587230206e-18,3.513963406947674e-18,3.7364572606437325e-18,3.977053021351384e-18,4.237550900957899e-18,4.5199635275052955e-18,4.826545078230121e-18,5.15982496654135e-18,5.522646902487936e-18,5.918214298425e-18,6.350143156878063e-18,6.82252390887319e-18,7.339993792543376e-18,7.907821969145356e-18,8.532009653966777e-18,9.219408649491243e-18,9.977861664738785e-18,1.0816369306407336e-17,1.1745289282462694e-17,1.2776574943026447e-17,1.3924061951008285e-17,1.5203814036253895e-17,1.6634541754472217e-17,1.8238111644661182e-17,2.0040167989097828e-17,2.207089543884638e-17,2.4365958789294532e-17,2.6967666694168923e-17,2.992641999639907e-17,3.33025239292248e-17,3.7168468356936335e-17,4.161181366221725e-17,4.6738865975867326e-17,5.267938781954572e-17,5.959267801568822e-17,6.767547442729397e-17,7.717230671022246e-17,8.83891670383395e-17,1.0171171842756852e-16,1.1762976917991679e-16,1.367704893160995e-16,1.59943961317139e-16,1.882063382226197e-16,2.2294845737840536e-16,2.6602175950068877e-16,3.199196781926402e-16,3.880428170557424e-16,4.750928500833952e-16,5.876678460780535e-16,7.35179137040521e-16,9.312927871513391e-16,1.1962476131730965e-15,1.5606767401710074e-15,2.0720839165725327e-15,2.8061603118651095e-15,3.887248998094957e-15,5.5268058010583085e-15,8.098907020333776e-15,1.2296052717585995e-14,1.946956526942219e-14,3.2424209434604925e-14,5.742224386385528e-14,1.0971917663525786e-13,2.305940099379866e-13,5.468675961757185e-13,1.5123478521149577e-12,5.064808421579988e-12,2.116163293921399e-11,1.092370035430681e-10,6.424559373438469e-10,3.768579149788623e-09,1.945695308535001e-08,8.186474117176903e-08,2.7425978314127533e-07,7.407803827933933e-07,1.6559774751196204e-06,3.147827261963826e-06,5.20908526093925e-06,7.657178155536652e-06,1.0190958562341399e-05,1.2516681691772606e-05,1.4445411360944052e-05,1.590861430772e-05,1.6921883458225476e-05,1.7542570172267086e-05,1.7841049942707777e-05,1.788578610660596e-05,1.7737084790375282e-05,1.744533882114988e-05,1.705132508530101e-05,1.65873196304036e-05,1.6078440623232105e-05,1.554395211756235e-05,1.499842023145646e-05,1.4452690402162162e-05,1.3914690297692487e-05,1.3390077852440712e-05,1.2882758286475923e-05,1.2395293381729967e-05,1.1929223645549576e-05,1.1485320785426997e-05,1.1063784789586345e-05,1.0664397162110862e-05,1.0286639552943173e-05,9.92978514231331e-06,9.592968609148545e-06,9.27523931188221e-06,8.975601333774516e-06,8.693043290067055e-06,8.426560169932643e-06,8.175169018596879e-06,7.937919875301299e-06,7.713903073836068e-06,7.502253791903588e-06,7.302154515701169e-06,7.112835963530549e-06,6.933576876038776e-06,6.763702994680198e-06,6.6025854737355975e-06,6.449638913532693e-06,6.3043191580327295e-06,6.166120963576151e-06,6.034575618645814e-06,5.90924857242627e-06,5.789737114960534e-06,5.6756681369546326e-06,5.5666959881790745e-06,5.462500448931256e-06,5.362784817058985e-06,5.2672741170082725e-06,5.175713427962008e-06,5.087866329221173e-06,5.003513458260549e-06,4.922451176634913e-06,4.844490337905066e-06,4.769455151703148e-06,4.697182137095439e-06,4.6275191601149045e-06,4.5603245485743755e-06,4.495466278982205e-06,4.432821229560396e-06,4.37227449450383e-06,4.313718754569819e-06,4.257053699329839e-06,4.202185496773686e-06,4.149026306336714e-06,4.0974938322819635e-06,4.047510912747588e-06,3.999005143177374e-06,3.951908529285732e-06,3.906157168874756e-06,3.861690959049781e-06,3.818453326322148e-06,3.7763909790227318e-06,3.735453678199362e-06,3.695594028234553e-06,3.656767281486982e-06,3.6189311599308657e-06,3.582045689770339e-06,3.546073048948401e-06,3.5109774261129785e-06,3.476724889713984e-06,3.4432832679644903e-06,3.410622036115768e-06,3.3939528231069736e-06,3.3624400114489852e-06,3.331623780051933e-06,3.3014888916939594e-06,3.272013410302994e-06,3.2431749005353042e-06,3.214951552558097e-06,3.1873224455472218e-06,3.1602675845419967e-06,3.133767875939494e-06,3.1078050831225005e-06,3.0823617823295775e-06,3.0574213165390784e-06,3.032967754692495e-06,3.0089858518888932e-06,2.98546101276951e-06,2.9623792567052328e-06,2.9397271853551302e-06,2.917491952529563e-06,2.8956612355831874e-06,2.8742232085687206e-06,2.8531665173201345e-06,2.8324802557464017e-06,2.812153943429194e-06,2.7921775054001186e-06,2.772541251595443e-06,2.7532358589202573e-06,2.734252353562404e-06,2.7155820946626525e-06,2.6972167584918646e-06,2.6791483243897337e-06,2.6613690631856986e-06,2.6438715126107995e-06,2.6266484820787417e-06,2.6096930303111314e-06,2.5929984562703724e-06,2.5765582888835455e-06,2.560366277328018e-06,2.5444163810773622e-06,2.5287027613333564e-06,2.5132197722799263e-06,2.4979619537114577e-06,2.4829240221858865e-06,2.4681008646936737e-06,2.453487531465131e-06,2.4390792292308745e-06,2.4248713151186584e-06,2.410859290630174e-06,2.397038796012197e-06,2.3834056049531144e-06,2.369955618973546e-06,2.3566848630482924e-06,2.343589480496045e-06,2.330665729166941e-06,2.3179099763160496e-06,2.3053186949918887e-06,2.292888460218789e-06,2.280615944883513e-06,2.268497916636487e-06,2.2565312342330903e-06,2.2447128441926935e-06,2.233039777985148e-06,2.22150914851007e-06,2.2101181482237416e-06,2.198864045512218e-06,2.1877441821649586e-06,2.176755971074415e-06,2.1658968938964276e-06,2.1551644986751673e-06,2.144556397472833e-06,2.1340702643879764e-06,2.1237038335855627e-06,2.1134548970957756e-06,2.103321303180725e-06,2.093300954327716e-06,2.0833918056357936e-06,2.0735918627033036e-06,2.0638991816274872e-06,2.0543118651548644e-06,2.0448280622905347e-06,2.0354459674010794e-06,2.026163817844527e-06,2.016979893219634e-06,2.007892514140316e-06,1.998900041214469e-06,1.9900008725815506e-06,1.9811934440238966e-06,1.9724762276351985e-06,1.963847730568557e-06,1.955306493998451e-06,1.9468510922795336e-06,1.9384801318937127e-06,1.9301922503229468e-06,1.921986116001008e-06,1.9138604262603803e-06,1.9058139070718407e-06,1.8978453130042851e-06,1.8899534244697864e-06,1.8821370491322906e-06,1.8743950200342914e-06,1.8667261950616902e-06,1.859129456505535e-06,1.8516037097476417e-06,1.844147883742551e-06,1.8367609293660338e-06,1.8294418193581363e-06,1.8221895476342244e-06,1.8150031286737498e-06,1.8078815972559032e-06,1.8008240072487119e-06,1.7938294318964076e-06,1.7868969629075602e-06,1.7800257102671226e-06,1.7732148013205861e-06,1.7664633808532981e-06,1.7597706101380555e-06,1.7531356669750795e-06,1.746557745027875e-06,1.7400360535283386e-06,1.7335698168502502e-06,1.7271582742279707e-06,1.7208006794427557e-06,1.7144962995618987e-06,1.7082444163502214e-06,1.7020443246050244e-06,1.6958953323245355e-06,1.6897967602170878e-06,1.6837479415928845e-06,1.677748221421487e-06,1.6717969572841115e-06,1.6658935180474745e-06,1.6600372841031052e-06,1.6542276467375399e-06,1.6484640082509382e-06,1.6427457814914747e-06,1.6370723896806192e-06,1.6314432661618405e-06,1.6258578541759126e-06,1.620315606663726e-06,1.6148159860350692e-06,1.6093584639509696e-06,1.6039425211819065e-06,1.598567647278169e-06,1.5932333404769995e-06,1.5879391075054379e-06,1.5826844634162364e-06,1.5774689313217078e-06,1.572292042275223e-06,1.5671533351761818e-06,1.5620523564320846e-06,1.5569886601144325e-06,1.5519618073728912e-06,1.546971366584401e-06,1.5420169130716144e-06,1.5370980290811873e-06,1.5322143035630108e-06,1.5273653319844498e-06,1.5225507162090973e-06,1.5177700646066803e-06,1.5130229915357435e-06,1.5083091175072122e-06,1.5036280689097257e-06,1.4989794779877043e-06,1.4943629826961038e-06,1.4897782261489689e-06,1.4852248580621326e-06,1.4807025324403453e-06,1.4762109089335837e-06,1.4717496523586195e-06,1.4673184325618184e-06,1.4629169243509948e-06,1.458544807469074e-06,1.4542017663803363e-06,1.4498874901950838e-06,1.445601672785409e-06,1.4413440123022066e-06,1.437114211493645e-06,1.4329119774378392e-06,1.4287370215760005e-06,1.4245890589445288e-06,1.4204678095342364e-06,1.4163729968994768e-06,1.4123043485173335e-06,1.408261595861071e-06,1.4042444742476362e-06,1.4002527226464826e-06,1.3962860839789226e-06,1.3923443044155224e-06,1.388427133814362e-06,1.3845343255057243e-06,1.3806656362531638e-06,1.3768208261918869e-06,1.3729996587453437e-06,1.3692019005304506e-06,1.3654273216034786e-06,1.3616756946549542e-06,1.3579467958606481e-06,1.3542404044467897e-06,1.3505563022335544e-06,1.3468942742818222e-06,1.3432541084634199e-06,1.3396355954432586e-06,1.3360385286530825e-06,1.3324627042648293e-06,1.328907921124626e-06,1.3253739808671001e-06,1.3218606871791487e-06,1.3183678469960387e-06,1.3148952693771545e-06,1.3114427659059029e-06,1.3080101505988876e-06,1.3045972398568405e-06,1.3012038524276707e-06,1.297829809337931e-06,1.294474933922295e-06,1.2911390517077264e-06,1.287821990412016e-06,1.2845235801522058e-06,1.2812436527911083e-06,1.277982042512225e-06,1.274738585543977e-06,1.2715131200341934e-06,1.2683054862458312e-06,1.2651155264435047e-06,1.2619430844933371e-06,1.258788006539968e-06,1.2556501404084641e-06,1.2525293358460733e-06,1.249425444279217e-06,1.2463383194012126e-06,1.2432678159088808e-06,1.2402137909099525e-06,1.2371761028114456e-06,1.2341546118457662e-06,1.2311491798192079e-06,1.2281596702397698e-06,1.225185948197894e-06,1.2222278803666923e-06,1.2192853350211133e-06,1.216358181914148e-06,1.2134462923150765e-06,1.2105495389917947e-06,1.2076677961794799e-06,1.2048009395586009e-06,1.2019488462332803e-06,1.1991113947005893e-06,1.1962884648735374e-06,1.1934799379706282e-06,1.190685696651248e-06,1.187905624770748e-06,1.1851396074956308e-06,1.1823875315102396e-06,1.1796492844673483e-06,1.1769247554270944e-06,1.1742138346555166e-06,1.1715164135709915e-06,1.168832384922235e-06,1.1661616425163658e-06,1.1635040813381347e-06,1.1608595976058035e-06,1.1582280886407711e-06,1.155609452773234e-06,1.153003589524091e-06,1.150410399455097e-06,1.1478297841727529e-06,1.1452616464487842e-06,1.142705890083205e-06,1.1401624199056862e-06,1.1376311416931386e-06,1.1351119621906958e-06,1.1326047890183087e-06,1.13010953107335e-06,1.1276260981705952e-06,1.125154400887581e-06,1.1226943508275606e-06,1.1202458604033827e-06,1.117808843089024e-06,1.1153832131980479e-06,1.1129688859283575e-06,1.110565777342007e-06,1.1081738043368672e-06,1.1057928847857684e-06,1.1034229372898227e-06,1.1010638812477752e-06,1.098715636949614e-06,1.0963781254687732e-06,1.0940512686750157e-06,1.0917349892240974e-06,1.0894292105477046e-06,1.0871338568435243e-06,1.0848488530117785e-06,1.0825741247967554e-06,1.0803095986053464e-06,1.0780552018059083e-06,1.0758108620526005e-06,1.0735765079374922e-06,1.0713520688535494e-06,1.0691374748112266e-06,1.0669326563078243e-06,1.0647375448997059e-06,1.0625520724749036e-06,1.0603761718106333e-06,1.0582097760819303e-06,1.0560528192497297e-06,1.0539052359253204e-06,1.0517669614539221e-06,1.0496379315815403e-06,1.0475180827647101e-06,1.0454073520985717e-06,1.043305677125143e-06,1.0412129961459667e-06,1.0391292479580134e-06,1.0370543719737918e-06,1.0349883081531209e-06,1.0329309970523373e-06,1.0308823797118538e-06,1.0288423977201332e-06,1.0268109932919484e-06,1.0247881091129939e-06,1.0227736884250054e-06,1.020767674963818e-06,1.018770012973288e-06,1.0167806473237493e-06,1.0147995231698632e-06,1.0128265864372375e-06,1.01086178333707e-06,1.0089050606246721e-06,1.006956365565905e-06,1.0050156458552176e-06,1.003082849648055e-06,1.001157925628132e-06,9.992408229084724e-07,9.97331491043354e-07,9.95429880061924e-07,9.9353594042791e-07,9.916496230377422e-07,9.897708792139088e-07,9.8789966076754e-07,9.860359197863665e-07,9.841796089446058e-07,9.823306812369402e-07,9.804890901021272e-07,9.78654789370752e-07,9.768277332843903e-07,9.750078764716226e-07,9.731951739520822e-07,9.713895812611446e-07,9.695910539373775e-07,9.677995482941406e-07,9.660150209014165e-07,9.642374286605091e-07,9.624667288597195e-07,9.607028791525304e-07,9.589458375466083e-07,9.571955624081067e-07,9.554520124538184e-07,9.537151467480122e-07,9.519849246994122e-07,9.502613060458086e-07,9.485442508898299e-07,9.468337196434967e-07,9.451296729980459e-07,9.434320721455309e-07,9.417408784072549e-07,9.400560534863566e-07,9.383775594079824e-07,9.367053585800447e-07,9.350394136159994e-07,9.33379687451655e-07,9.317261433846535e-07,9.300787449459271e-07,9.284374559914581e-07,9.268022407018512e-07,9.251730634881686e-07,9.235498890690956e-07,9.219326824762449e-07,9.203214089842962e-07,9.187160341917665e-07,9.171165238804855e-07,9.155228442211254e-07,9.139349616001346e-07,9.123528426534675e-07,9.107764543238254e-07,9.0920576376248e-07,9.07640738422486e-07,9.060813460290599e-07,9.045275544928756e-07,9.029793320426754e-07,9.014366471204205e-07,8.998994685064247e-07,8.983677649910633e-07,8.968415058301358e-07,8.95320660444061e-07,8.938051984842922e-07,8.922950898375151e-07,8.907903046693291e-07,8.892908133208605e-07,8.877965863374413e-07,8.863075946394741e-07,8.848238091046479e-07,8.833452009866232e-07,8.818717418986124e-07,8.80403403460813e-07,8.789401576123418e-07,8.774819764359971e-07,8.760288321247813e-07,8.745806974323741e-07,8.731375450523715e-07,8.716993478838727e-07,8.702660789942668e-07,8.688377118143205e-07,8.674142198861966e-07,8.659955769666102e-07,8.645817569622436e-07,8.631727340084519e-07,8.617684824608693e-07,8.603689767866032e-07,8.589741916592718e-07,8.575841020765357e-07,8.56198683055077e-07,8.548179098321339e-07,8.534417578520691e-07,8.520702027149668e-07,8.507032201767728e-07,8.49340786258137e-07,8.47982877086767e-07,8.466294689689854e-07,8.452805383832691e-07,8.43936061944035e-07,8.425960165374543e-07,8.412603791124135e-07,8.399291268444657e-07,8.386022369517996e-07,8.372796870336553e-07,8.359614547353506e-07,8.346475177068783e-07,8.333378539783556e-07,8.320324416539786e-07,8.307312589944868e-07,8.294342843471595e-07,8.281414963444666e-07,8.268528737018762e-07,8.25568395284278e-07,8.242880401046473e-07,8.230117873208058e-07,8.217396162365509e-07,8.2047150630095e-07,8.192074371020312e-07,8.179473883727168e-07,8.166913400614543e-07,8.154392721004291e-07,8.141911646379272e-07,8.129469979565226e-07,8.117067524763373e-07,8.104704087505385e-07,8.092379474649255e-07,8.080093492802141e-07,8.067845954554502e-07,8.055636669284553e-07,8.043465448729466e-07,8.031332106354464e-07,8.019236455968184e-07,8.007178314716385e-07,7.995157499409265e-07,7.983173828086902e-07,7.971227120251228e-07,7.95931719669145e-07,7.947443879264447e-07,7.93560699106302e-07,7.923806356294272e-07,7.912041800655477e-07,7.900313150238276e-07,7.888620233458685e-07,7.876962878966946e-07,7.865340916679355e-07,7.853754177762861e-07,7.842202494472773e-07,7.830685700148867e-07,7.819203629382933e-07,7.807756117249745e-07,7.796343000073566e-07,7.784964116676642e-07,7.773619305125007e-07,7.762308404975498e-07,7.751031257194059e-07,7.739787703775562e-07,7.728577587380045e-07,7.717400751257832e-07,7.706257041323711e-07,7.69514630294315e-07,7.68406838295623e-07,7.673023129228557e-07,7.662010390948073e-07,7.651030016858699e-07,7.640081858097289e-07,7.629165766437569e-07,7.618281594180967e-07,7.60742919524087e-07,7.596608422316168e-07,7.585819133948799e-07,7.575061184623305e-07,7.56433443143471e-07,7.55363873287422e-07,7.542973947721514e-07,7.532339935765258e-07,7.521736557709444e-07,7.511163674888749e-07,7.50062115004055e-07,7.490108846221588e-07,7.479626627847331e-07,7.469174359579751e-07,7.458751907415514e-07,7.448359137968762e-07,7.437995918754332e-07,7.427662118323511e-07,7.41735760505947e-07,7.407082249494416e-07,7.396835922239373e-07,7.386618494332399e-07,7.376429838099418e-07,7.366269826613075e-07,7.356138333659243e-07,7.346035233783581e-07,7.335960402294913e-07,7.325913715251176e-07,7.315895049376617e-07,7.305904282300556e-07,7.295941292324326e-07,7.286005958495617e-07,7.276098160485011e-07,7.266217778748039e-07,7.25636469436708e-07,7.246538789446879e-07,7.23673994628009e-07,7.226968048297207e-07,7.217222979184414e-07,7.20750462410263e-07,7.197812868155687e-07,7.188147597304305e-07,7.178508698272602e-07,7.168896058412481e-07,7.159309565733034e-07,7.149749108979014e-07,7.140214577366795e-07,7.130705861190245e-07,7.121222850370854e-07,7.111765436743213e-07,7.102333511699949e-07,7.092926967194451e-07,7.083545697747755e-07,7.074189597718395e-07,7.064858559155781e-07,7.055552477909146e-07,7.046271250189249e-07,7.037014771553127e-07,7.027782938822508e-07,7.018575649475671e-07,7.009392801417183e-07,7.000234293152892e-07,6.991100023809798e-07,6.981989893066242e-07,6.972903801164405e-07,6.963841648921127e-07,6.954803337714354e-07,6.945788769468051e-07,6.936797846671255e-07,6.92783047226896e-07,6.918886550027679e-07,6.909965983977728e-07,6.901068678782465e-07,6.89219453963735e-07,6.883343472272545e-07,6.87451538293329e-07,6.865710178399634e-07,6.856927765778271e-07,6.84816805254267e-07,6.839430948410908e-07,6.830716361339735e-07,6.822024199697118e-07,6.813354375088987e-07,6.80470679706896e-07,6.796081376445661e-07,6.787478024538789e-07,6.778896653164961e-07,6.770337174572151e-07,6.761799501570453e-07,6.753283547391031e-07,6.744789225769274e-07,6.736316450867512e-07,6.727865137356002e-07,6.719435200355432e-07,6.711026555447232e-07,6.702639118673555e-07,6.694272806520923e-07,6.68592753594143e-07,6.67760322432342e-07,6.669299789504028e-07,6.661017149762341e-07,6.652755223801267e-07,6.644513930788274e-07,6.636293190321597e-07,6.628092922390762e-07,6.619913047470363e-07,6.611753486405932e-07,6.603614160491779e-07,6.595494991434665e-07,6.587395901247764e-07,6.579316812677688e-07,6.571257648597954e-07,6.563218332299735e-07,6.555198787574965e-07,6.547198938576373e-07,6.539218709861228e-07,6.531258026382867e-07,6.523316813488372e-07,6.515394996915883e-07,6.507492502791807e-07,6.499609257623613e-07,6.49174518831042e-07,6.483900222129669e-07,6.476074286734953e-07,6.468267310136592e-07,6.460479220613383e-07,6.452709947063895e-07,6.44495941860962e-07,6.437227564988117e-07,6.42951431586364e-07,6.421819602400727e-07,6.414143353494839e-07,6.406485500779603e-07,6.398845975604678e-07,6.391224709551e-07,6.383621634964028e-07,6.37603668396648e-07,6.368469789253764e-07,6.360920883788874e-07,6.353389901074183e-07,6.345876774776705e-07,6.338381438862581e-07,6.330903827814719e-07,6.323443877236074e-07,6.316001520644533e-07,6.308576694157931e-07,6.301169332994652e-07,6.29377937353617e-07,6.286406752296913e-07,6.2790514052349e-07,6.271713270588181e-07,6.264392284688889e-07,6.257088385393877e-07,6.249801510617045e-07,6.242531598596813e-07,6.235278588320715e-07,6.228042417712777e-07,6.2208230264786e-07,6.213620353499973e-07,6.206434339321569e-07,6.199264923251765e-07,6.192112046441309e-07,6.184975649106682e-07,6.177855672148657e-07,6.170752056794687e-07,6.163664744547153e-07,6.156593677173613e-07,6.14953879679302e-07,6.142500045743377e-07,6.135477366623075e-07,6.128470702398686e-07,6.121479996813549e-07,6.114505191928911e-07,6.107546232788284e-07,6.100603062965087e-07,6.093675626564218e-07,6.086763868169757e-07,6.079867732856627e-07,6.072987165573652e-07,6.066122112008951e-07,6.05927251721782e-07,6.052438327379155e-07,6.045619488590235e-07,6.038815947184926e-07,6.032027649929767e-07,6.025254543723206e-07,6.018496575647171e-07,6.011753693152432e-07,6.0050258439011e-07,5.99831297580405e-07,5.991615037019261e-07,5.984931975949646e-07,5.978263741243149e-07,5.971610281815379e-07,5.964971546569247e-07,5.958347485302168e-07,5.951738047413495e-07,5.94514318274138e-07,5.938562841586578e-07,5.931996974045761e-07,5.925445530392569e-07,5.918908461659121e-07,5.912385718955619e-07,5.905877253851538e-07,5.899383016855074e-07,5.892902960256326e-07,5.886437035763238e-07,5.879985195836716e-07,5.873547392665434e-07,5.867123578954114e-07,5.86071370719582e-07,5.854317730601866e-07,5.847935602463255e-07,5.841567276190423e-07,5.835212705407256e-07,5.828871844037416e-07,5.822544646315368e-07,5.816231066379399e-07,5.809931058734422e-07,5.803644578098657e-07,5.7973715792842e-07,5.791112017961456e-07,5.78486584836708e-07,5.77863302667082e-07,5.772413508816921e-07,5.766207250554084e-07,5.760014208015279e-07,5.753834337540352e-07,5.747667595766538e-07,5.741513939235282e-07,5.735373324977979e-07,5.729245710139981e-07,5.723131052008334e-07,5.71702930807072e-07,5.710940436035666e-07,5.704864393787759e-07,5.698801139405149e-07,5.692750631148642e-07,5.686712827454781e-07,5.680687686957332e-07,5.674675168465473e-07,5.668675231003617e-07,5.662687833741763e-07,5.656712936042372e-07,5.650750497451583e-07,5.644800477689104e-07,5.63886283665483e-07,5.632937534289654e-07,5.627024530992294e-07,5.621123787170964e-07,5.615235263442982e-07,5.609358920557942e-07,5.603494719497944e-07,5.597642621523419e-07,5.591802587772026e-07,5.585974579680167e-07,5.580158558900807e-07,5.57435448732334e-07,5.568562326453564e-07,5.562782039000965e-07,5.557013587118368e-07,5.551256933158959e-07,5.545512039702921e-07,5.539778869574573e-07,5.534057385669467e-07,5.528347551350092e-07,5.522649329718411e-07,5.516962684626214e-07,5.511287578530377e-07,5.505623975334875e-07,5.499971839834105e-07,5.494331135705131e-07,5.488701827217426e-07,5.483083878349694e-07,5.477477253680955e-07,5.471881918232651e-07,5.46629783642801e-07,5.460724973790883e-07,5.455163294693529e-07,5.449612764734461e-07,5.444073349397469e-07,5.438545014035587e-07,5.433027724437219e-07,5.42752144641405e-07,5.422026145983133e-07,2.593574396179995e-07,2.2943447218425032e-07,2.404595254359962e-07,2.5767581681644794e-07,2.7537133239031625e-07,2.9259714341480937e-07,3.091886737591982e-07,3.2511378422246854e-07,3.403657481380368e-07,3.5494541730988773e-07,3.6885796972236915e-07,3.821120354656633e-07,3.947192121915937e-07,4.0669365121559324e-07,4.180516674210976e-07,4.288113695447967e-07,4.3899231343385765e-07,4.4861518065410424e-07,4.577014847978327e-07,4.662733052262835e-07,4.7435304979705277e-07,4.819632448208838e-07,4.891263519999089e-07,4.958646108418107e-07,5.021999046402992e-07,5.081536487061912e-07,5.137466986157498e-07,5.18999276651208e-07,5.239309146649945e-07,5.285604113340657e-07,5.329058021521018e-07,5.369843405133357e-07,5.408124883138319e-07,5.444059146978933e-07,5.477795016292998e-07,5.509473552189676e-07,5.539228215978979e-07,5.567185066695202e-07,5.593462987463414e-07,5.618173934745947e-07,5.641423203383218e-07,5.663309703559387e-07,5.683926244437972e-07,5.703359820723553e-07,5.721691899437955e-07,5.738998703850083e-07,5.755351492862649e-07,5.770816834197151e-07,5.785456869668446e-07,5.799329571620135e-07,5.812488990185658e-07,5.824985490306492e-07,5.836865979041771e-07,5.848174121038501e-07,5.858950545011836e-07,5.869233038818559e-07,5.879056734129602e-07,5.888454281663808e-07,5.897456015588102e-07,5.906090109260598e-07,5.914382721547534e-07,5.92235813378862e-07,5.930038879029583e-07,5.937445862747493e-07,5.944598476087447e-07,5.951514701756033e-07,5.958211213030179e-07,5.964703466290454e-07,5.971005787364067e-07,5.977131452102057e-07,5.983092761488246e-07,5.988901111638188e-07,5.994567059001003e-07,6.000100381034185e-07,6.005510132637963e-07,6.010804698882008e-07,6.015991843519586e-07,6.021078754602162e-07,6.026072086588424e-07,6.030977999506797e-07,6.035802195327213e-07,6.040549951875523e-07,6.045226153583726e-07,6.049835321421057e-07,6.054381638971279e-07,6.058868978626466e-07,6.063300923415898e-07,6.0676807891232e-07,6.072011644415954e-07,6.076296329006563e-07,6.080537470820675e-07,6.084737501885985e-07,6.088898672990279e-07,6.093023067093191e-07,6.097112612332643e-07,6.101169093216922e-07,6.105194161801914e-07,6.109189347313358e-07,6.113156065692371e-07,6.117095628018249e-07,6.121009248421004e-07,6.124898051385049e-07,6.12876307859894e-07,6.132605295142683e-07,6.136425595354411e-07,6.140224808173675e-07,6.144003702007222e-07,6.147762989461663e-07,6.151503331593256e-07,6.155225341516516e-07,6.158929588483705e-07,6.162616600936649e-07,6.166286869698395e-07,6.169940850751984e-07,6.173578968157493e-07,6.177201616082171e-07,6.180809161366201e-07,6.184401945542553e-07,6.187980286609535e-07,6.19154448107778e-07,6.195094805451159e-07,6.198631517658004e-07,6.20215485912768e-07,6.205665054799311e-07,6.209162315436729e-07,6.212646838437715e-07,6.21611880858835e-07,6.219578399385769e-07,6.223025773617667e-07,6.22646108421714e-07,6.229884475466434e-07,6.233296082774527e-07,6.236696033853994e-07,6.240084449745475e-07,6.243461444496629e-07,6.246827126165005e-07,6.250181597186257e-07,6.253524954579704e-07,6.256857290866061e-07,6.260178694302052e-07,6.263489248444246e-07,6.266789033269755e-07,6.270078125131201e-07,6.273356597434962e-07,6.276624520232486e-07,6.279881960895717e-07,6.283128984150149e-07,6.286365652409644e-07,6.289592025793585e-07,6.292808162369714e-07,6.296014118289382e-07,6.299209947925324e-07,6.302395703998997e-07,6.30557143772001e-07,6.308737198832334e-07,6.311893035774119e-07,6.315038995752024e-07,6.318175124824652e-07,6.321301467965238e-07,6.324418069184341e-07,6.327524971556712e-07,6.330622217264064e-07,6.333709847703692e-07,6.336787903506918e-07,6.339856424596376e-07,6.342915450230569e-07,6.345965019046605e-07,6.349005169054254e-07,6.352035937797007e-07,6.355057362260568e-07,6.358069478944199e-07,6.361072323928255e-07,6.364065932779619e-07,6.367050340696033e-07,6.37002558248788e-07,6.372991692337135e-07,6.375948704616675e-07,6.378896653551622e-07,6.381835571860587e-07,6.38476549296721e-07,6.387686449669028e-07,6.390598474572643e-07,6.393501600039837e-07,6.396395858043002e-07,6.399281280523671e-07,6.402157899062261e-07,6.405025744956421e-07,6.407884849466823e-07,6.410735243476989e-07,6.413576957766481e-07,6.416410022851603e-07,6.419234469084783e-07,6.422050326653336e-07,6.424857625600912e-07,6.427656395557623e-07,6.430446666509322e-07,6.433228467799375e-07,6.436001828727925e-07,6.438766778492345e-07,6.441523346013633e-07,6.444271560576336e-07,6.447011450326369e-07,6.449743044130734e-07,6.452466370321436e-07,6.455181457092057e-07,6.457888332887799e-07,6.460587025569885e-07,6.463277563013239e-07,6.465959973094483e-07,6.468634283214371e-07,6.471300520952565e-07,6.47395871373129e-07,6.476608888735186e-07,6.479251073108293e-07,6.481885293864304e-07,6.484511577858122e-07,6.487129951841133e-07,6.48974044250816e-07,6.492343076266351e-07,6.494937879562623e-07,6.497524878672627e-07,6.500104099892084e-07,6.502675569169105e-07,6.505239312582712e-07,6.507795355720451e-07,6.51034372444168e-07,6.51288444433314e-07,6.515417540947805e-07,6.517943039896489e-07,6.520460966113557e-07,6.522971344929703e-07,6.525474201388283e-07,6.527969560654711e-07,6.53045744746575e-07,6.532937886573945e-07,6.535410902558711e-07,6.53787652023364e-07,6.540334763962299e-07,6.542785658096475e-07,6.545229226644405e-07,6.547665493974816e-07,6.550094484579008e-07,6.552516222085096e-07,6.554930730206478e-07,6.557338032865873e-07,6.559738153738767e-07,6.56213111664149e-07,6.564516944966153e-07,6.566895661902837e-07,6.569267290872554e-07,6.571631855121286e-07,6.573989377694538e-07,6.576339881676558e-07,6.578683389951745e-07,6.581019925381475e-07,6.583349510656463e-07,6.585672168581543e-07,6.587987921615558e-07,6.590296792488784e-07,6.592598803303177e-07,6.594893976293112e-07,6.597182333837868e-07,6.599463898034554e-07,6.601738690951429e-07,6.604006734543597e-07,6.606268050618798e-07,6.608522661018515e-07,6.610770587495345e-07,6.613011851569141e-07,6.615246474817374e-07,6.617474478665001e-07,6.619695884475773e-07,6.621910713599897e-07,6.624118987100126e-07,6.626320726174094e-07,6.628515951948888e-07,6.630704685277714e-07,6.632886947026825e-07,6.635062757922643e-07,6.637232138538212e-07,6.63939510989921e-07,6.641551692365161e-07,6.643701906621208e-07,6.64584577268019e-07,6.64798331103359e-07,6.650114541834713e-07,6.65223948540645e-07,6.654358161780987e-07,6.65647059092396e-07,6.658576792785888e-07,6.660676787227243e-07,6.662770594038478e-07,6.664858232728506e-07,6.66693972330913e-07,6.669015085149435e-07,6.671084337771842e-07,6.673147500470652e-07,6.675204592708646e-07,6.677255633694969e-07,6.679300642643789e-07,6.681339638659447e-07,6.68337264079833e-07,6.685399668134034e-07,6.68742073937923e-07,6.689435873465239e-07,6.691445089150258e-07,6.693448405135502e-07,6.69544584002251e-07,6.697437412428903e-07,6.699423140835855e-07,6.701403043550124e-07,6.703377139093068e-07,6.705345445706382e-07,6.707307981513311e-07,6.709264764692987e-07,6.711215813331399e-07,6.713161145468138e-07,6.71510077902851e-07,6.717034731850184e-07,6.718963021793768e-07,6.720885666609523e-07,6.72280268388299e-07,6.72471409140717e-07,6.726619906662398e-07,6.728520147187355e-07,6.730414830367463e-07,6.732303973518244e-07,6.734187593810949e-07,6.736065708932126e-07,6.737938335659336e-07,6.739805491342975e-07,6.74166719279397e-07,6.743523457120141e-07,6.745374301247956e-07,6.747219742041295e-07,6.749059796303151e-07,6.750894480712236e-07,6.752723812086037e-07,6.754547806946541e-07,6.756366481927545e-07,6.758179853467431e-07,6.759987938042821e-07,6.761790752038019e-07,6.763588311776135e-07,6.765380633521987e-07,6.767167733671555e-07,6.768949627759735e-07,6.770726332576498e-07,6.772497863840978e-07,6.774264237724932e-07,6.7760254699694e-07,6.777781576343309e-07,6.779532572809335e-07,6.781278475115486e-07,6.783019298804848e-07,6.784755059783408e-07,6.78648577347654e-07,6.788211455455344e-07,6.78993212125065e-07,6.791647786227812e-07,6.793358465743187e-07,6.795064175001141e-07,6.796764929346257e-07,6.798460743960278e-07,6.800151634044827e-07,6.801837614681092e-07,6.803518700894031e-07,6.805194907684837e-07,6.806866249991371e-07,6.808532742698824e-07,6.810194400640673e-07,6.811851238598055e-07,6.81350327130072e-07,6.815150513418194e-07,6.816792979713607e-07,6.818430684523936e-07,6.820063642604862e-07,6.821691868209014e-07,6.823315375833527e-07,6.824934179881732e-07,6.826548294676742e-07,6.828157734493949e-07,6.82976251355807e-07,6.831362646006814e-07,6.83295814600579e-07,6.834549027633027e-07,6.836135304957814e-07,6.837716991918492e-07,6.839294102447238e-07,6.840866650421643e-07,6.842434649684648e-07,6.843998114025228e-07,6.845557057146145e-07,6.847111492781122e-07,6.848661434577218e-07,6.850206896134576e-07,6.851747891006864e-07,6.853284432700827e-07,6.854816534674767e-07,6.85634421034672e-07,6.857867473086148e-07,6.859386336215895e-07,6.860900813051929e-07,6.862410916787256e-07,6.863916660609279e-07,6.865418057660677e-07,6.866915121039478e-07,6.868407863799008e-07,6.869896298945391e-07,6.8713804394467e-07,6.872860298224489e-07,6.874335888132577e-07,6.875807222044754e-07,6.877274312738162e-07,6.878737172944791e-07,6.880195815388748e-07,6.881650252720716e-07,6.883100497558764e-07,6.884546562479009e-07,6.88598846001401e-07,6.887426202655128e-07,6.888859802851147e-07,6.890289273009505e-07,6.891714625495528e-07,6.893135872633168e-07,6.894553026696831e-07,6.895966099949307e-07,6.89737510458964e-07,6.89878005279234e-07,6.900180956593892e-07,6.901577828039785e-07,6.902970679472297e-07,6.904359522549338e-07,6.905744369442178e-07,6.90712523185226e-07,6.908502121852761e-07,6.909875051185259e-07,6.911244031639743e-07,6.912609075063998e-07,6.913970193130865e-07,6.915327397518235e-07,6.916680699874094e-07,6.918030111822333e-07,6.919375645085775e-07,6.920717311106218e-07,6.922055120922086e-07,6.92338908636634e-07,6.924719219028609e-07,6.926045529954909e-07,6.927368030767245e-07,6.928686732480443e-07,6.930001646492551e-07,6.931312784035998e-07,6.932620156414924e-07,6.93392377432369e-07,6.935223649572919e-07,6.936519792853201e-07,6.937812215005781e-07,6.93910092740893e-07,6.940385940748308e-07,6.941667266316305e-07,6.942944914813606e-07,6.944218896905012e-07,6.94548922382166e-07,6.946755906162335e-07,6.948018954654142e-07,6.949278380052971e-07,6.950534193055873e-07,6.951786404301296e-07,6.95303502437548e-07,6.954280064089643e-07,6.955521533606751e-07,6.956759443614875e-07,6.957993804513319e-07,6.959224626833379e-07,6.960451921099717e-07,6.961675697895691e-07,6.962895966912922e-07,6.964112738840011e-07,6.965326024035567e-07,6.966535832840711e-07,6.967742174950089e-07,6.968945060878315e-07,6.970144500737287e-07,6.971340504637482e-07,6.972533082676711e-07,6.97372224519503e-07,6.974908001533065e-07,6.976090362151542e-07,6.977269336909014e-07,6.978444935690489e-07,6.979617168419647e-07,6.98078604486243e-07,6.981951574992876e-07,6.983113768543816e-07,6.984272635251859e-07,6.98542818494292e-07,6.98658042706372e-07,6.987729371562676e-07,6.98887502796485e-07,6.99001740591115e-07,6.991156514995082e-07,6.992292364524037e-07,6.993424964298841e-07,6.994554323702186e-07,6.995680452097126e-07,6.996803359094957e-07,6.997923053989571e-07,6.999039546144452e-07,7.000152844887173e-07,7.001262959534108e-07,7.002369899746374e-07,7.003473674123578e-07,7.004574291949545e-07,7.005671762593615e-07,7.0067660952127e-07,7.007857298934326e-07,7.008945382857409e-07,7.010030356051796e-07,7.011112227558848e-07,7.012191006390939e-07,7.013266701532385e-07,7.014339321938663e-07,7.015408876537057e-07,7.016475374226838e-07,7.017538824316939e-07,7.018599235206069e-07,7.019656615718352e-07,7.020710974634004e-07,7.021762320722259e-07,7.022810662709138e-07,7.023856009301957e-07,7.024898369174316e-07,7.025937750962363e-07,7.026974163316979e-07,7.028007614810477e-07,7.029038114031878e-07,7.030065669509802e-07,7.031090289758718e-07,7.03211198327402e-07,7.033130758505122e-07,7.034146623892323e-07,7.035159587850344e-07,7.036169658755199e-07,7.037176844969136e-07,7.038181154819584e-07,7.03918259660048e-07,7.040181178598521e-07,7.041176909066592e-07,7.042169795634304e-07,7.043159847014164e-07,7.044147071536409e-07,7.045131477340446e-07,7.046113072474908e-07,7.047091865030671e-07,7.048067863067053e-07,7.049041075262117e-07,7.050011509023244e-07,7.05097917217807e-07,7.05194407288293e-07,7.052906219091259e-07,7.053865618725165e-07,7.054822279689724e-07,7.055776209771179e-07,7.056727416917548e-07,7.057675908955485e-07,7.058621693895176e-07,7.059564779288357e-07,7.060505172716516e-07,7.061442882100437e-07,7.062377915145003e-07,7.063310279532217e-07,7.064239982917035e-07,7.065167032967797e-07,7.06609143725178e-07,7.067013203422437e-07,7.067932339281197e-07,7.068848852010108e-07,7.069762749148096e-07,7.07067403818709e-07,7.071582726520903e-07,7.072488821702275e-07,7.073392331357775e-07,7.074293262552863e-07,7.075191622875293e-07,7.076087419624914e-07,7.076980660155557e-07,7.07787135178018e-07,7.07875950177924e-07,7.07964511752571e-07,7.080528206083675e-07,7.081408774768979e-07,7.082286830762419e-07,7.083162381151285e-07,7.084035433264427e-07,7.084905994158667e-07,7.085774071002985e-07,7.08663967086294e-07,7.087502800771419e-07,7.08836346780927e-07,7.089221678999705e-07,7.09007744131569e-07,7.090930761791775e-07,7.09178164738833e-07,7.092630105009839e-07,7.093476141589787e-07,7.09431976395097e-07,7.09516097929216e-07,7.095999794047035e-07,7.096836215196619e-07,7.097670249843667e-07,7.098501904328019e-07,7.099331185630447e-07,7.100158100481528e-07,7.100982655648479e-07,7.101804858168224e-07,7.102624714050898e-07,7.103442230327007e-07,7.104257413616868e-07,7.105070270865906e-07,7.105880807971374e-07,7.10668903207064e-07,7.107494949588201e-07,7.108298567124862e-07,7.109099891216039e-07,7.109898927998002e-07,7.110695684646655e-07,7.111490167294542e-07,7.112282382392277e-07,7.113072336369315e-07,7.113860035668887e-07,7.114645486673108e-07,7.115428695735226e-07,7.116209669495749e-07,7.116988413766262e-07,7.117764935112284e-07,7.118539239605859e-07,7.119311334026545e-07,7.120081224375596e-07,7.120848916904433e-07,7.121614417812331e-07,7.122377733332837e-07,7.123138869311063e-07,7.123897832579723e-07,7.12465462894773e-07,7.125409264510559e-07,7.126161745126884e-07,7.126912077622797e-07,7.127660267643313e-07,7.1284063211371e-07,7.12915024425592e-07,7.129892042999026e-07,7.130631723348739e-07,7.131369291355021e-07,7.132104752962714e-07,7.132838114089036e-07,7.133569380750278e-07,7.134298558753695e-07,7.13502565401987e-07,7.135750672497822e-07,7.136473619993986e-07,7.137194502156571e-07,7.1379133252179e-07,7.138630094711481e-07,7.139344816588735e-07,7.140057496543448e-07,7.140768140326012e-07,7.141476753676405e-07,7.142183342297819e-07,7.142887911938434e-07,7.143590468241951e-07,7.144291016825316e-07,7.14498956352781e-07,7.14568611379652e-07,7.146380673390382e-07,7.147073247905998e-07,7.147763842862821e-07,7.148452463847138e-07,7.149139116399542e-07,7.149823806065581e-07,7.150506538476616e-07,7.151187318998171e-07,7.151866153143157e-07,7.152543046403183e-07,7.153218004577216e-07,7.153891032483229e-07,7.154562136025018e-07,7.155231320200949e-07,7.155898590475883e-07,7.156563952475063e-07,7.157227411396042e-07,7.15788897282788e-07,7.158548641644946e-07,7.159206423405098e-07,7.159862323575558e-07,7.160516347232076e-07,7.161168499698735e-07,7.16181878627741e-07,7.16246721222678e-07,7.163113782557179e-07,7.163758502677747e-07,7.164401377704195e-07,7.165042412908164e-07,7.165681613335096e-07,7.166318984151601e-07,7.166954530366596e-07,7.167588257127487e-07,7.168220169577018e-07,7.168850273022891e-07,7.169478572321406e-07,7.170105072473506e-07,7.170729778587183e-07,7.171352695684517e-07,7.171973828767719e-07,7.172593182841064e-07,7.173210762878706e-07,7.173826573868005e-07,7.174440620734857e-07,7.175052908413605e-07,7.17566344181692e-07,7.176272225927485e-07,7.176879265590826e-07,7.177484565722374e-07,7.178088131052095e-07,7.178689966422961e-07,7.179290077135498e-07,7.179888467247249e-07,7.180485141926065e-07,7.181080105994394e-07,7.18167336421588e-07,7.182264921359146e-07,7.18285478214686e-07,7.183442951497918e-07,7.184029433833254e-07,7.184614234000868e-07,7.185197356706162e-07,7.185778806584905e-07,7.186358588384732e-07,7.186936706717915e-07,7.18751316622915e-07,7.188087971640825e-07,7.188661127370034e-07,7.189232638210242e-07,7.189802508562212e-07,7.190370743177979e-07,7.190937346524928e-07,7.191502323065286e-07,7.192065677294955e-07,7.192627414070524e-07,7.193187537620078e-07,7.193746052497189e-07,7.194302963160331e-07,7.194858274140521e-07,7.195411990003721e-07,7.195964114903969e-07,7.196514653415862e-07,7.197063610026393e-07,7.197610988993192e-07,7.198156794786505e-07,7.1987010317581e-07,7.19924370409043e-07,7.199784816533679e-07,7.200324373217804e-07,7.200862378528154e-07,7.201398836511447e-07,7.201933751898078e-07,7.20246712877122e-07,7.2029989715681e-07,7.203529284395458e-07,7.204058071357718e-07,7.20458533684283e-07,7.205111085066714e-07,7.205635320199388e-07,7.206158046545881e-07,7.206679268260763e-07,7.207198989499711e-07,7.207717214437526e-07,7.208233947232612e-07,7.208749192015201e-07,7.209262952940421e-07,7.209775234103337e-07,7.210286039626873e-07,7.210795373631805e-07,7.211303240145014e-07,7.211809643245467e-07,7.212314587166832e-07,7.212818075697201e-07,7.213320112821685e-07,7.213820702846802e-07,7.214319849660802e-07,7.21481755722895e-07,7.215313829587384e-07,7.215808670724363e-07,7.216302084586817e-07,7.216794075207729e-07,7.217284646370045e-07,7.217773802095927e-07,7.218261546282464e-07,7.218747882912723e-07,7.219232815773311e-07,7.21971634880519e-07,7.22019848588642e-07,7.220679230902494e-07,7.221158587690469e-07,7.221636560100343e-07,7.2221131519136e-07,7.222588367009006e-07,7.223062209160935e-07,7.223534682185373e-07,7.224005789823084e-07,7.224475536053688e-07,7.224943924404611e-07,7.225410958698764e-07,7.225876642684516e-07,7.22634098011511e-07,7.226803974629051e-07,7.227265630220046e-07,7.22772595027302e-07,7.228184938581127e-07,7.228642598837697e-07,7.229098934751186e-07,7.229553949856988e-07,7.230007647922188e-07,7.230460032568089e-07,7.230911107076606e-07,7.23136087583885e-07,7.23180934194262e-07,7.232256509105532e-07,7.232702380786956e-07,7.233146960671692e-07,7.233590252294093e-07,7.234032259226619e-07,7.234472984992539e-07,7.23491243315583e-07,7.235350607237443e-07,7.235787510763433e-07,7.23622314723785e-07,7.236657520100844e-07,7.237090632879464e-07,7.237522489030204e-07,7.237953091920523e-07,7.238382445294821e-07,7.238810552391086e-07,7.239237416713503e-07,7.239663041660147e-07,7.240087430599479e-07,7.240510586993759e-07,7.240932514083584e-07,7.241353215538484e-07,7.241772694777243e-07,7.242190954821197e-07,7.24260799918959e-07,7.243023831475116e-07,7.243438454569617e-07,7.243851871999165e-07,7.244264087121809e-07,7.244675103228349e-07,7.245084923664706e-07,7.245493551632695e-07,7.245900990478906e-07,7.246307243437734e-07,7.246712313789126e-07,7.247116204780121e-07,7.247518919672037e-07,7.247920461697607e-07,7.248320834083554e-07,7.248720040280323e-07,7.249118083056016e-07,7.249514965820168e-07,7.249910691623631e-07,7.250305263921942e-07,7.250698685738429e-07,7.251090960240092e-07,7.251482090596927e-07,7.25187207997443e-07,7.252260931471892e-07,7.252648648239842e-07,7.253035233361366e-07,7.253420690018743e-07,7.253805021260233e-07,7.254188230187327e-07,7.254570319888435e-07,7.254951293466143e-07,7.25533115391561e-07,7.255709904211776e-07,7.256087547642819e-07,7.256464087128801e-07,7.256839525633767e-07,7.257213866337133e-07,7.257587112043728e-07,7.257959265983322e-07,7.258330331059103e-07,7.258700310281467e-07,7.259069206583694e-07,7.259437022958809e-07,7.259803762334408e-07,7.260169427737716e-07,7.26053402208019e-07,7.260897548293229e-07,7.261260009046445e-07,7.261621407646221e-07,7.261981747044593e-07,7.262341030002128e-07,7.262699259396014e-07,7.263056438147015e-07,7.263412569107483e-07,7.263767655159782e-07,7.26412169915527e-07,7.264474703941988e-07,7.264826672412428e-07,7.265177607343264e-07,7.265527511665562e-07,7.265876388122408e-07,7.266224239423464e-07,7.266571068640102e-07,7.266916878439649e-07,7.267261671635977e-07,7.26760545099346e-07,7.267948219289999e-07,7.268289979277417e-07,7.268630733735354e-07,7.268970485505633e-07,7.269309237170451e-07,7.269646991593139e-07,7.269983751392194e-07,7.270319519338719e-07,7.270654298194854e-07,7.270988090633357e-07,7.271320899321987e-07,7.27165272702424e-07,7.27198357637283e-07,7.27231345006273e-07,7.272642350772511e-07,7.272970281132881e-07,7.273297243826913e-07,7.27362324130142e-07,7.273948276420847e-07,7.27427235195354e-07,7.274595470353064e-07,7.274917634251095e-07,7.275238846240702e-07,7.275559108874837e-07,7.275878425002534e-07,7.2761967968727e-07,7.276514227210824e-07,7.276830718596547e-07,7.277146273587062e-07,7.277460894753822e-07,7.277774584638376e-07,7.278087345781657e-07,7.278399180733416e-07,7.278710092018335e-07,7.279020082170607e-07,7.279329153685604e-07,7.279637309073251e-07,7.279944550846683e-07,7.280250881484108e-07,7.280556303538056e-07,7.280860819428911e-07,7.281164431631237e-07,7.281467142633783e-07,7.28176895488744e-07,7.282069870863722e-07,7.282369892981693e-07,7.282669023704367e-07,7.282967265457691e-07,7.283264620649156e-07,7.283561091727669e-07,7.283856681186129e-07,7.284151391328828e-07,7.284445224398211e-07,7.284738182848777e-07,7.285030269361501e-07,7.285321486162637e-07,7.285611835576906e-07,7.285901319967192e-07,7.286189941772541e-07,7.286477703243067e-07,7.286764606726697e-07,7.287050654620927e-07,7.287335849239542e-07,7.28762019289687e-07,7.287903687935922e-07,7.28818633665994e-07,7.288468141391621e-07,7.288749104399831e-07,7.289029227975236e-07,7.289308514431971e-07,7.289586966040105e-07,7.289864585096947e-07,7.290141373855096e-07,7.29041733458007e-07,7.290692469503831e-07,7.290966780913844e-07,7.291240271037011e-07,7.291512942111356e-07,7.291784796362581e-07,7.292055836010279e-07,7.292326063282638e-07,7.292595480386214e-07,7.292864089543472e-07,7.29313189294598e-07,7.293398892792737e-07,7.293665091266547e-07,7.29393049055032e-07,7.294195092819084e-07,7.294458900240284e-07,7.29472191498351e-07,7.294984139203669e-07,7.29524557504704e-07,7.295506224667819e-07,7.295766090209198e-07,7.29602517377008e-07,7.29628347760969e-07,7.296541003730794e-07,7.296797754198588e-07,7.297053731192089e-07,7.297308936804696e-07,7.297563373098656e-07,7.297817042286751e-07,7.298069946361969e-07,7.2983220874367e-07,7.298573467613204e-07,7.298824088906077e-07,7.299073953364199e-07,7.299323063076121e-07,7.299571420093602e-07,7.29981902646416e-07,7.300065884229424e-07,7.300311995426034e-07,7.300557362065446e-07,7.300801986188019e-07,7.301045869860074e-07,7.301289015071087e-07,7.30153142380312e-07,7.301773098028445e-07,7.302014039759282e-07,7.302254251001676e-07,7.302493733750999e-07,7.302732489986683e-07,7.302970521643185e-07,7.303207830679354e-07,7.303444419101406e-07,7.303680288859433e-07,7.303915441905398e-07,7.304149880186133e-07,7.304383605642806e-07,7.304616620211667e-07,7.304848925824173e-07,7.305080524404146e-07,7.305311417871075e-07,7.305541608139592e-07,7.305771097119205e-07,7.305999886713676e-07,7.306227978821804e-07,7.306455375336544e-07,7.306682078146926e-07,7.306908089130037e-07,7.307133410169236e-07,7.307358043136944e-07,7.307581989900509e-07,7.307805252322059e-07,7.308027832258896e-07,7.30824973156261e-07,7.308470952080223e-07,7.308691495653391e-07,7.308911364118481e-07,7.309130559309538e-07,7.309349083050546e-07,7.309566937162668e-07,7.309784123462424e-07,7.310000643760659e-07,7.310216499864149e-07,7.310431693574339e-07,7.310646226687609e-07,7.310860100995057e-07,7.311073318283278e-07,7.311285880333759e-07,7.311497788922997e-07,7.311709045822665e-07,7.311919652792211e-07,7.312129611600724e-07,7.312338924009858e-07,7.312547591762737e-07,7.31275561661102e-07,7.312963000297328e-07,7.313169744559253e-07,7.313375851129724e-07,7.313581321736721e-07,7.313786158103876e-07,7.313990361949357e-07,7.314193934987234e-07,7.314396878926244e-07,7.314599195470994e-07,7.314800886321346e-07,7.31500195317201e-07,7.315202397713362e-07,7.315402221630976e-07,7.315601426605961e-07,7.315800014314453e-07,7.315997986428399e-07,7.316195344644155e-07,7.316392090565312e-07,7.316588225885505e-07,7.316783752251891e-07,7.316978671313349e-07,7.317172984733705e-07,7.317366694125239e-07,7.31755980113059e-07,7.317752307381164e-07,7.317944214479562e-07,7.318135524070731e-07,7.318326237750979e-07,7.318516357174937e-07,7.3187058839086e-07,7.31889481959942e-07,7.319083165829916e-07,7.319270924191619e-07,7.319458096272786e-07,7.319644683661325e-07,7.319830687938865e-07,7.320016110678285e-07,7.320200953465826e-07,7.320385217854538e-07,7.320568905418553e-07,7.320752017713354e-07,7.320934556306568e-07,7.321116522747187e-07,7.321297918571455e-07,7.321478745328291e-07,7.321659004557369e-07,7.321838697792789e-07,7.322017826562792e-07,7.322196392398697e-07,7.322374396819825e-07,7.32255184134498e-07,7.322728727484376e-07,7.322905056715992e-07,7.323080830614358e-07,7.323256050650541e-07,7.323430718309995e-07,7.323604835100658e-07,7.323778402503918e-07,7.323951422004863e-07,7.324123895078995e-07,7.32429582320769e-07,7.324467207932829e-07,7.324638050594761e-07,7.324808352725097e-07,7.324978115770975e-07,7.325147341184426e-07,7.32531603044565e-07,7.325484184977221e-07,7.325651806242028e-07,7.325818895662144e-07,7.325985454682967e-07,7.326151484773304e-07,7.326316987284933e-07,7.326481963685285e-07,7.326646415401433e-07,7.326810343855196e-07,7.326973750430218e-07,7.327136636539101e-07,7.32729900361491e-07,7.327460852980016e-07,7.32762218617425e-07,7.327783004600731e-07,7.327943309551172e-07,7.328103102364491e-07,7.328262384473706e-07,7.328421157268143e-07,7.328579422122162e-07,7.328737180488816e-07,7.328894433581941e-07,7.329051182821903e-07,7.329207429594978e-07,7.329363175235149e-07,7.32951842111289e-07,7.329673168537179e-07,7.329827418918453e-07,7.329981173566896e-07,7.330134433819364e-07,7.330287201004618e-07,7.330439476467447e-07,7.330591261520624e-07,7.33074255749539e-07,7.330893365705176e-07,7.331043687468544e-07,7.331193524097787e-07,7.331342876901586e-07,7.331491747184811e-07,7.331640136249595e-07,7.331788045386662e-07,7.331935475903545e-07,7.332082429085667e-07,7.332228906180285e-07,7.332374908552795e-07,7.332520437430894e-07,7.332665494089282e-07,7.332810079836853e-07,7.332954195916421e-07,7.333097843603847e-07,7.333241024156722e-07,7.33338373884909e-07,7.333525989102896e-07,7.333667775728839e-07,7.333809100306711e-07,7.333949964008213e-07,7.334090368075787e-07,7.334230313757589e-07,7.334369802278217e-07,7.334508834850485e-07,7.334647412755575e-07,7.334785537190614e-07,7.33492320938045e-07,7.335060430542461e-07,7.335197201859247e-07,7.335333524608152e-07,7.335469399959223e-07,7.335604829131032e-07,7.335739813318382e-07,7.335874353722175e-07,7.336008451433125e-07,7.33614210784146e-07,7.336275324067987e-07,7.336408101258244e-07,7.336540440601047e-07,7.336672343289445e-07,7.336803810493822e-07,7.33693484338732e-07,7.337065443139776e-07,7.337195610918766e-07,7.337325347880533e-07,7.337454655196666e-07,7.33758353401527e-07,7.337711985494109e-07,7.337840010784222e-07,7.337967611052501e-07,7.338094787407516e-07,7.338221541003533e-07,7.338347872982915e-07,7.338473784483112e-07,7.338599276629643e-07,7.338724350521666e-07,7.338849007353159e-07,7.338973248187566e-07,7.339097074193362e-07,7.339220486460428e-07,7.339343486110596e-07,7.339466074249551e-07,7.339588252076303e-07,7.339710020506353e-07,7.339831380736317e-07,7.339952333867465e-07,7.340072880992453e-07,7.340193023209473e-07,7.340312761600138e-07,7.340432097248812e-07,7.340551031255561e-07,7.340669564696859e-07,7.340787698637408e-07,7.340905434165656e-07,7.341022772340457e-07,7.341139714240416e-07,7.341256260923781e-07,7.341372413433348e-07,7.341488172879996e-07,7.341603540295342e-07,7.341718516736156e-07,7.341833103252681e-07,7.341947300893607e-07,7.34206111070528e-07,7.342174533731964e-07,7.342287570979077e-07,7.342400223546009e-07,7.342512492437725e-07,7.342624378686315e-07,7.342735883320368e-07,7.3428470073558e-07,7.342957751836935e-07,7.343068117773752e-07,7.343178106192885e-07,7.343287718129272e-07,7.343396954528966e-07,7.343505816415986e-07,7.343614304685033e-07,7.343722420633263e-07,7.343830165104433e-07,7.343937539101324e-07,7.34404454360867e-07,7.344151179626711e-07,7.344257448144519e-07,7.344363350151778e-07,7.344468886627098e-07,7.344574058524876e-07,7.344678866894335e-07,7.344783312677362e-07,7.344887396845126e-07,7.344991120456126e-07,7.345094484308573e-07,7.345197489459404e-07,7.345300136863552e-07,7.345402427526337e-07,7.34550436232761e-07,7.345605942261367e-07,7.345707168300403e-07,7.345808041359459e-07,7.345908562404584e-07,7.346008732381052e-07,7.346108552232141e-07,7.346208022901854e-07,7.346307145321127e-07,7.346405920428662e-07,7.34650434915767e-07,7.34660243243812e-07,7.346700171198253e-07,7.346797566363076e-07,7.346894618855337e-07,7.346991329595439e-07,7.347087699501265e-07,7.347183729487772e-07,7.347279420468012e-07,7.347374773352143e-07,7.347469789048032e-07,7.347564468461043e-07,7.34765881249433e-07,7.347752822048144e-07,7.347846498020588e-07,7.347939841307266e-07,7.348032852801202e-07,7.348125533393382e-07,7.34821788397195e-07,7.34830990542284e-07,7.348401598629516e-07,7.348492964474066e-07,7.348584003833444e-07,7.348674717582144e-07,7.348765106599366e-07,7.348855171754166e-07,7.348944913915201e-07,7.349034333950607e-07,7.349123432723729e-07,7.349212211097251e-07,7.349300669931288e-07,7.349388810084559e-07,7.349476632408473e-07,7.34956413775818e-07,7.349651326983496e-07,7.349738200933429e-07,7.349824760453637e-07,7.349911006388179e-07,7.349996939557438e-07,7.350082560841949e-07,7.350167871057552e-07,7.350252871039335e-07,7.350337561618366e-07,7.350421943619633e-07,7.350506017898786e-07,7.350589785243691e-07,7.350673246492781e-07,7.350756402451338e-07,7.350839253970621e-07,7.350921801846128e-07,7.351004046895102e-07,7.35108598994712e-07,7.351167631782392e-07,7.351248973232157e-07,7.351330015089855e-07,7.351410758161987e-07,7.351491203246043e-07,7.351571351147821e-07,7.351651202656307e-07,7.351730758577305e-07,7.351810019696547e-07,7.35188898680617e-07,7.351967660692607e-07,7.352046042144247e-07,7.35212413194277e-07,7.35220193086727e-07,7.352279439706846e-07,7.352356659231948e-07,7.352433590221504e-07,7.352510233488475e-07,7.352586589723643e-07,7.352662659733696e-07,7.352738444289896e-07,7.35281394416818e-07,7.352889160107775e-07,7.352964092878048e-07,7.353038743238962e-07,7.353113111955089e-07,7.353187199774199e-07,7.353261007452685e-07,7.353334535738032e-07,7.353407785381481e-07,7.353480757128597e-07,7.353553451724387e-07,7.353625869911287e-07,7.353698012462398e-07,7.353769880034505e-07,7.353841473430734e-07,7.353912793367154e-07,7.353983840656143e-07,7.354054615871842e-07,7.35412511982338e-07,7.354195353234925e-07,7.354265316839896e-07,7.354335011364773e-07,7.354404437499682e-07,7.35447359598203e-07,7.354542487530068e-07,7.354611112956043e-07,7.354679472786e-07,7.354747567813147e-07,7.354815398754179e-07,7.354882966320018e-07,7.354950271208965e-07,7.355017314127115e-07,7.355084095776609e-07,7.355150616858913e-07,7.355216878071562e-07,7.355282880142375e-07,7.355348623699283e-07,7.355414109468255e-07,7.355479338138772e-07,7.355544310419789e-07,7.355609026953785e-07,7.355673488449536e-07,7.355737695587452e-07,7.355801649059275e-07,7.355865349536295e-07,7.355928797696258e-07,7.35599199421918e-07,7.356054939809839e-07,7.356117635105426e-07,7.356180080732872e-07,7.356242277401108e-07,7.356304225819733e-07,7.356365926571023e-07,7.356427380364196e-07,7.356488587813884e-07,7.356549549697249e-07,7.356610266558521e-07,7.356670739083342e-07,7.356730967973244e-07,7.356790953804229e-07,7.35685069724639e-07,7.356910198975335e-07,7.356969459665565e-07,7.357028479904443e-07,7.357087260373082e-07,7.357145801655969e-07,7.357204104431905e-07,7.35726216937703e-07,7.357319997049729e-07,7.357377588126708e-07,7.357434943239336e-07,7.357492062976659e-07,7.357548948055112e-07,7.35760559903755e-07,7.357662016589346e-07,7.35771820132106e-07,7.357774153840563e-07,7.357829874787898e-07,7.357885364774658e-07,7.357940624419083e-07,7.357995654336552e-07,7.358050455140727e-07,7.358105027448232e-07,7.358159371904655e-07,7.358213489044246e-07,7.358267379509404e-07,7.358321043917209e-07,7.358374482884463e-07,7.358427696975771e-07,7.358480686851429e-07,7.358533453072245e-07,7.358585996200791e-07,7.358638316868292e-07,7.358690415708415e-07,7.358742293241529e-07,7.358793950095093e-07,7.358845386859075e-07,7.358896604121227e-07,7.35894760254634e-07,7.358998382571747e-07,7.359048944883625e-07,7.359099290017728e-07,7.359149418587268e-07,7.359199331115402e-07,7.359249028256023e-07,7.359298510511322e-07,7.359347778493329e-07,7.359396832776361e-07,7.359445673883711e-07,7.359494302471109e-07,7.359542719081683e-07,7.359590924260678e-07,7.359638918577218e-07,7.359686702599832e-07,7.359734276888663e-07,7.359781641998688e-07,7.359828798508811e-07,7.359875746954716e-07,7.359922487901314e-07,7.359969021869587e-07,7.360015349478369e-07,7.360061471241786e-07,7.360107387719272e-07,7.360153099461469e-07,7.360198607004838e-07,7.360243910897752e-07,7.360289011687231e-07,7.360333909908844e-07,7.360378606120143e-07,7.360423100855723e-07,7.360467394605678e-07,7.360511487999883e-07,7.360555381522102e-07,7.360599075702448e-07,7.360642571079469e-07,7.360685868185932e-07,7.360728967548162e-07,7.360771869700655e-07,7.360814575165858e-07,7.360857084473709e-07,7.360899398145437e-07,7.360941516705135e-07,7.360983440692074e-07,7.361025170587097e-07,7.361066706916021e-07,7.361108050221282e-07,7.361149200998878e-07,7.361190159777544e-07,7.361230927063367e-07,7.361271503370651e-07,7.361311889203679e-07,7.361352085081018e-07,7.361392091496563e-07,7.361431908965465e-07,7.361471537966975e-07,7.361510979052435e-07,7.361550232694984e-07,7.361589299406273e-07,7.361628179672401e-07,7.361666873997726e-07,7.361705382870987e-07,7.36174370680526e-07,7.361781846284429e-07,7.361819801789337e-07,7.361857573845062e-07,7.361895162908531e-07,7.361932569480963e-07,7.361969794066392e-07,7.362006837119719e-07,7.362043699134907e-07,7.362080380600478e-07,7.362116881996785e-07,7.362153203819882e-07,7.362189346528046e-07,7.362225310603166e-07,7.362261096523709e-07,7.362296704769078e-07,7.362332135811649e-07,7.362367390090307e-07,7.362402468143162e-07,7.362437370394057e-07,7.362472097313293e-07,7.362506649418606e-07,7.362541027136573e-07,7.362575230935888e-07,7.362609261282379e-07,7.362643118627477e-07,7.362676803460578e-07,7.362710316214744e-07,7.362743657378338e-07,7.362776827395946e-07,7.362809826714069e-07,7.36284265578876e-07,7.362875315062257e-07,7.362907805025891e-07,7.362940126094053e-07,7.362972278751399e-07,7.363004263431603e-07,7.363036080595377e-07,7.363067730682445e-07,7.363099214087233e-07,7.363130531319609e-07,7.363161682817471e-07,7.36319266901392e-07,7.363223490341516e-07,7.363254147246509e-07,7.363284640173875e-07,7.363314969542714e-07,7.363345135812173e-07,7.363375139398589e-07,7.363404980714302e-07,7.363434660241949e-07,7.363464178376187e-07,7.363493535633757e-07,7.363522732381515e-07,7.363551768997122e-07,7.363580645951072e-07,7.363609363696015e-07,7.363637922572832e-07,7.363666323067789e-07,7.363694565618465e-07,7.363722650626688e-07,7.363750578520868e-07,7.363778349704552e-07,7.363805964603623e-07,7.363833423634895e-07,7.363860727214364e-07,7.363887875778909e-07,7.363914869719791e-07,7.363941709427791e-07,7.363968395335911e-07,7.363994927854668e-07,7.364021307398431e-07,7.364047534367157e-07,7.364073609190838e-07,7.364099532255031e-07,7.364125303943778e-07,7.364150924702196e-07,7.36417639489245e-07,7.364201714940266e-07,7.364226885239209e-07,7.364251906190698e-07,7.364276778195341e-07,7.36430150164847e-07,7.364326076947262e-07,7.364350504486768e-07,7.364374784660934e-07,7.364398917862462e-07,7.364422904484217e-07,7.364446744916609e-07,7.364470439549523e-07,7.364493988771569e-07,7.364517392970742e-07,7.364540652533904e-07,7.364563767846547e-07,7.364586739293043e-07,7.364609567257711e-07,7.364632252122738e-07,7.364654794269877e-07,7.364677194072284e-07,7.36469945192419e-07,7.364721568196578e-07,7.364743543267245e-07,7.364765377504917e-07,7.364787071299589e-07,7.364808625012268e-07,7.364830039023322e-07,7.364851313703941e-07,7.36487244943404e-07,7.364893446579067e-07,7.364914305496511e-07,7.364935026563388e-07,7.364955610149184e-07,7.36497605662915e-07,7.364996366351164e-07,7.365016539695976e-07,7.365036577016774e-07,7.365056478678413e-07,7.365076245044534e-07,7.365095876472599e-07,7.365115373323548e-07,7.365134735955974e-07,7.365153964729757e-07,7.365173059997736e-07,7.365192022119577e-07,7.365210851448443e-07,7.365229548336194e-07,7.365248113137909e-07,7.365266546207341e-07,7.365284847893898e-07,7.365303018547856e-07,7.365321058518074e-07,7.365338968153066e-07,7.36535674780036e-07,7.3653743978062e-07,7.365391918515503e-07,7.365409310273859e-07,7.365426573424487e-07,7.365443708309699e-07,7.365460715272456e-07,7.36547759465259e-07,7.365494346790201e-07,7.365510972024593e-07,7.365527470694459e-07,7.36554384313615e-07,7.365560089686757e-07,7.36557621068115e-07,7.365592206454263e-07,7.365608077339844e-07,7.365623823670274e-07,7.365639445777531e-07,7.365654943993201e-07,7.365670318645594e-07,7.365685570065977e-07,7.365700698582094e-07,7.365715704522411e-07,7.365730588212485e-07,7.365745349979627e-07,7.365759990149365e-07,7.365774509031313e-07,7.365788906968463e-07,7.365803184275245e-07,7.365817341272227e-07,7.365831378283929e-07,7.36584529563079e-07,7.365859093620625e-07,7.365872772578307e-07,7.365886332816288e-07,7.365899774660968e-07,7.365913098422217e-07,7.365926304415295e-07,7.365939392958674e-07,7.365952364353707e-07,7.3659652189265e-07,7.365977956979691e-07,7.365990578817891e-07,7.366003084767263e-07,7.366015475115441e-07,7.366027750182636e-07,7.36603991027292e-07,7.366051955694317e-07,7.36606388675206e-07,7.366075703750465e-07,7.366087406993423e-07,7.366098996784183e-07,7.366110473429303e-07,7.366121837220933e-07,7.366133088464624e-07,7.366144227458326e-07,7.366155254503055e-07,7.366166169899921e-07,7.36617697394047e-07,7.366187666923547e-07,7.366198249136927e-07,7.366208720887309e-07,7.366219082468863e-07,7.366229334165009e-07,7.366239476283947e-07,7.36624950910921e-07,7.366259432930271e-07,7.366269248038431e-07,7.366278954722518e-07,7.366288553270282e-07,7.366298043968297e-07,7.366307427108471e-07,7.366316702971852e-07,7.366325871847536e-07,7.366334934022704e-07,7.366343889775192e-07,7.366352739391947e-07,7.366361483155729e-07,7.366370121347089e-07,7.366378654248e-07,7.366387082139585e-07,7.366395405300535e-07,7.366403624009309e-07,7.366411738544852e-07,7.366419749183652e-07,7.366427656203309e-07,7.36643545987886e-07,7.366443160485826e-07,7.366450758298301e-07,7.366458253589179e-07,7.366465646633378e-07,7.366472937702406e-07,7.366480127067296e-07,7.366487214997648e-07,7.366494201765207e-07,7.366501087638205e-07,7.366507872888062e-07,7.366514557778663e-07,7.366521142578908e-07,7.366527627555954e-07,7.366534012974375e-07,7.366540299099196e-07,7.366546486195739e-07,7.366552574527478e-07,7.366558564355268e-07,7.366564455942657e-07,7.366570249556347e-07,7.366575945450142e-07,7.366581543883137e-07,7.366587045116279e-07,7.366592449409671e-07,7.366597757023582e-07,7.366602968210565e-07,7.366608083226804e-07,7.36661310233519e-07,7.366618025785595e-07,7.366622853834951e-07,7.366627586736186e-07,7.366632224740874e-07,7.366636768104388e-07,7.36664121708068e-07,7.366645571915424e-07,7.366649832861279e-07,7.366654000168017e-07,7.366658074084548e-07,7.366662054859723e-07,7.366665942741349e-07,7.366669737976494e-07,7.366673440811772e-07,7.366677051493311e-07,7.366680570265715e-07,7.366683997374187e-07,7.366687333062198e-07,7.366690577573148e-07,7.366693731149641e-07,7.366696794033725e-07,7.366699766466473e-07,7.36670264868871e-07,7.366705440940309e-07,7.366708143461136e-07,7.366710756489496e-07,7.366713280263535e-07,7.366715715021073e-07,7.366718060998295e-07,7.36672031843198e-07,7.366722487557523e-07,7.366724568609717e-07,7.36672656182303e-07,7.366728467431058e-07,7.36673028566706e-07,7.366732016763315e-07,7.366733660951611e-07,7.366735218463283e-07,7.366736689529023e-07,7.366738074378555e-07,7.366739373241376e-07,7.366740586345437e-07,7.366741713919839e-07,7.366742756191956e-07,7.366743713388788e-07,7.366744585736583e-07,7.36674537346099e-07,7.366746076787292e-07,7.366746695939754e-07,7.366747231142558e-07,7.366747682618784e-07,7.366748050591226e-07,7.366748335282004e-07,7.366748536912638e-07,7.366748655704014e-07,7.3667486918766e-07,7.366748645650126e-07,7.366748517243669e-07,7.366748306875854e-07,7.366748014764591e-07,7.36674764112749e-07,7.366747186181297e-07,7.366746650142259e-07,7.366746033226113e-07,7.366745335647827e-07,7.366744557622077e-07,7.366743699362757e-07,7.366742761083296e-07,7.366741742996538e-07,7.36674064531464e-07,7.366739468249286e-07,7.366738212011723e-07,7.366736876812472e-07,7.366735462861317e-07,7.366733970367976e-07,7.366732399541225e-07,7.366730750589439e-07,7.366729023720283e-07,7.366727219141026e-07,7.366725337058241e-07,7.366723377678194e-07,7.366721341206283e-07,7.366719227847599e-07,7.366717037806506e-07,7.366714771287008e-07,7.366712428492547e-07,7.36671000962586e-07,7.366707514889175e-07,7.366704944484355e-07,7.366702298612521e-07,7.366699577474448e-07,7.366696781270219e-07,7.366693910199309e-07,7.366690964461062e-07,7.366687944253798e-07,7.366684849775622e-07,7.36668168122396e-07,7.366678438795753e-07,7.366675122687524e-07,7.36667173309515e-07,7.366668270213973e-07,7.366664734238956e-07,7.366661125364374e-07,7.366657443783966e-07,7.366653689691212e-07,7.366649863278756e-07,7.366645964738952e-07,7.366641994263629e-07,7.366637952043941e-07,7.366633838270647e-07,7.36662965313321e-07,7.366625396822161e-07,7.366621069526755e-07,7.366616671435565e-07,7.366612202737702e-07,7.366607663620142e-07,7.366603054269968e-07,7.366598374871689e-07,7.366593625613628e-07,7.366588806683692e-07,7.366583918263001e-07,7.366578960540921e-07,7.366573933696435e-07,7.366568837916013e-07,7.366563673383373e-07,7.36655844028054e-07,7.366553138789687e-07,7.366547769093082e-07,7.366542331371869e-07,7.366536825806783e-07,7.36653125257809e-07,7.366525611865995e-07,7.366519903849532e-07,7.366514128708297e-07,7.36650828661977e-07,7.366502377762375e-07,7.366496402313908e-07,7.366490360450756e-07,7.366484252349674e-07,7.366478078186866e-07,7.366471838138132e-07,7.366465532377925e-07,7.366459161081669e-07,7.36645272442304e-07,7.366446222580328e-07,7.366439655717456e-07,7.366433024017356e-07,7.366426327647193e-07,7.366419566773687e-07,7.366412741573353e-07,7.366405852217349e-07,7.366398898875856e-07,7.366391881725234e-07,7.366384800929149e-07,7.366377656650029e-07,7.366370449064012e-07,7.366363178337935e-07,7.36635584464699e-07,7.366348448145388e-07,7.366340989006196e-07,7.366333467403148e-07,7.366325883495448e-07,7.366318237448645e-07,7.366310529427794e-07,7.366302759590201e-07,7.366294928108278e-07,7.366287035151179e-07,7.366279080877168e-07,7.366271065447464e-07,7.366262989025533e-07,7.366254851773319e-07,7.366246653852624e-07,7.366238395424668e-07,7.3662300766503e-07,7.366221697689659e-07,7.36621325870285e-07,7.366204759849412e-07,7.366196201288446e-07,7.366187583178613e-07,7.366178905678134e-07,7.366170168944861e-07,7.366161373136193e-07,7.366152518411308e-07,7.366143604923401e-07,7.366134632828751e-07,7.366125602284147e-07,7.366116513444953e-07,7.366107366466094e-07,7.366098161501931e-07,7.366088898706653e-07,7.366079578233949e-07,7.366070200233491e-07,7.366060764861882e-07,7.366051272271258e-07,7.366041722617858e-07,7.366032116037114e-07,7.366022452694062e-07,7.366012732743256e-07,7.366002956325251e-07,7.365993123595828e-07,7.365983234702721e-07,7.365973289798144e-07,7.365963289034469e-07,7.365953232549552e-07,7.365943120500826e-07,7.365932953031451e-07,7.365922730288535e-07,7.365912452419489e-07,7.365902119569776e-07,7.365891731885913e-07,7.36588128951364e-07,7.365870792598202e-07,7.365860241284574e-07,7.365849635717244e-07,7.365838976042343e-07,7.365828262399944e-07,7.365817494935117e-07,7.365806673790911e-07,7.365795799112158e-07,7.36578487103886e-07,7.365773889713002e-07,7.365762855276078e-07,7.36575176786767e-07,7.365740627631569e-07,7.365729434706552e-07,7.365718189232642e-07,7.365706891349489e-07,7.365695541196225e-07,7.365684138911837e-07,7.365672684634783e-07,7.365661178503213e-07,7.365649620654962e-07,7.365638011227363e-07,7.365626350357513e-07,7.365614638181895e-07,7.365602874837094e-07,7.365591060458819e-07,7.365579195182969e-07,7.365567279144365e-07,7.365555312478173e-07,7.365543295318708e-07,7.365531227800208e-07,7.365519110056525e-07,7.365506942221082e-07,7.365494724426761e-07,7.365482456806525e-07,7.365470139492604e-07,7.365457772617059e-07,7.365445356311601e-07,7.365432890707495e-07,7.365420375935802e-07,7.365407812127081e-07,7.36539519941166e-07,7.365382537919337e-07,7.365369827779795e-07,7.365357069122223e-07,7.365344262075641e-07,7.3653314067685e-07,7.365318503329008e-07,7.365305551884911e-07,7.365292552563862e-07,7.365279505493177e-07,7.365266410799593e-07,7.365253268609634e-07,7.365240079049472e-07,7.365226842244884e-07,7.365213558321473e-07,7.365200227404345e-07,7.365186849618523e-07,7.365173425088192e-07,7.365159953936111e-07,7.365146436289348e-07,7.365132872269693e-07,7.365119261999092e-07,7.36510560559306e-07,7.365091903182502e-07,7.365078154889022e-07,7.365064360837116e-07,7.365050521152997e-07,7.365036635944801e-07,7.365022705348289e-07,7.365008729467834e-07,7.364994708439257e-07,7.364980642368038e-07,7.364966531386993e-07,7.364952375609e-07,7.364938175157868e-07,7.364923930145481e-07,7.364909640692871e-07,7.364895306915933e-07,7.364880928933516e-07,7.364866506865911e-07,7.364852040830608e-07,7.364837530922089e-07,7.364822977291749e-07,7.364808380040707e-07,7.364793739287964e-07,7.364779055144652e-07,7.364764327722438e-07,7.364749557147124e-07,7.364734743537918e-07,7.364719886987986e-07,7.364704987621798e-07,7.364690045557418e-07,7.364675060888862e-07,7.364660033751677e-07,7.364644964245036e-07,7.364629852500722e-07,7.36461469862568e-07,7.36459950271673e-07,7.364584264899576e-07,7.364568985265699e-07,7.364553663956407e-07,7.36453830105438e-07,7.364522896680956e-07,7.364507450944803e-07,7.364491963955108e-07,7.36447643582799e-07,7.364460866669577e-07,7.364445256590187e-07,7.364429605696043e-07,7.364413914093893e-07,7.364398181893919e-07,7.364382409204948e-07,7.364366596133535e-07,7.364350742787936e-07,7.364334849269289e-07,7.36431891569331e-07,7.364302942162306e-07,7.36428692878248e-07,7.364270875659784e-07,7.364254782899109e-07,7.364238650605786e-07,7.364222478886134e-07,7.364206267846094e-07,7.364190017577175e-07,7.364173728203621e-07,7.364157399819569e-07,7.364141032544164e-07,7.364124626465586e-07,7.364108181687712e-07,7.364091698300654e-07,7.364075176417106e-07,7.364058616141118e-07,7.364042017578404e-07,7.364025380809946e-07,7.364008705969134e-07,7.363991993139147e-07,7.363975242427961e-07,7.363958453932915e-07,7.363941627757623e-07,7.363924763974801e-07,7.36390786273266e-07,7.363890924105181e-07,7.363873948187847e-07,7.363856935083979e-07,7.363839884896439e-07,7.363822797700861e-07,7.363805673628748e-07,7.363788512765138e-07,7.363771315206561e-07,7.363754081051542e-07,7.363736810396485e-07,7.363719503337881e-07,7.363702159972973e-07,7.363684780405585e-07,7.36366736471443e-07,7.363649913015792e-07,7.363632425387328e-07,7.363614901930672e-07,7.363597342741651e-07,7.363579747918454e-07,7.363562117553632e-07,7.363544451741245e-07,7.363526750575695e-07,7.363509014148199e-07,7.363491242559995e-07,7.363473435896742e-07,7.363455594254895e-07,7.363437717724572e-07,7.36341980640254e-07,7.363401860378171e-07,7.363383879746221e-07,7.363365864597697e-07,7.363347815023319e-07,7.363329731113562e-07,7.36331161296276e-07,7.363293460637346e-07,7.363275274279827e-07,7.363257053943863e-07,7.363238799702119e-07,7.36322051169538e-07,7.363202189991214e-07,7.363183834667169e-07,7.363165445829385e-07,7.363147023559979e-07,7.363128567943804e-07,7.363110079076194e-07,7.36309155703995e-07,7.363073001923687e-07,7.363054413817073e-07,7.363035792806487e-07,7.363017138982164e-07,7.362998452432367e-07,7.362979733240321e-07,7.362960981493741e-07,7.362942197278149e-07,7.362923380673247e-07,7.362904531776921e-07,7.362885650673543e-07,7.362866737417631e-07,7.362847792145327e-07,7.362828814923726e-07,7.362809805829969e-07,7.362790764951646e-07,7.362771692373125e-07,7.362752588178973e-07,7.362733452452314e-07,7.362714285278226e-07,7.362695086742545e-07,7.362675856930662e-07,7.362656595913683e-07,7.362637303783997e-07,7.362617980618428e-07,7.362598626505865e-07,7.362579241523239e-07,7.362559825754038e-07,7.362540379280978e-07,7.362520902185597e-07,7.362501394551043e-07,7.362481856459087e-07,7.362462287989828e-07,7.362442689219557e-07,7.36242306023238e-07,7.362403401104057e-07,7.362383711918233e-07,7.362363992731278e-07,7.362344243670298e-07,7.362324464794036e-07,7.362304656178944e-07,7.362284817890459e-07,7.362264950033874e-07,7.362245052670252e-07,7.36222512588263e-07,7.362205169752985e-07,7.362185184358057e-07,7.36216516975306e-07,7.362145126055027e-07,7.362125053303032e-07,7.362104951606675e-07,7.362084820992052e-07,7.362064661611597e-07,7.362044473511879e-07,7.362024256752851e-07,7.362004011431145e-07,7.36198373760029e-07,7.361963435342413e-07,7.361943104735109e-07,7.361922745863945e-07,7.361902358790025e-07,7.361881943576051e-07,7.361861500315063e-07,7.36184102908241e-07,7.361820529953596e-07,7.36180000300249e-07,7.361779448304687e-07,7.361758865915251e-07,7.361738255924814e-07,7.361717618420515e-07,7.361696953454127e-07,7.361676261097778e-07,7.361655541417585e-07,7.36163479451554e-07,7.361614020450669e-07,7.361593219294213e-07,7.361572391110688e-07,7.361551535976128e-07,7.361530653966716e-07,7.361509745149165e-07,7.36148880959558e-07,7.361467847379947e-07,7.361446858565279e-07,7.361425843186586e-07,7.36140480135626e-07,7.361383733184768e-07,7.361362638700743e-07,7.361341517985966e-07,7.361320371088035e-07,7.361299198084721e-07,7.36127799902717e-07,7.361256774026665e-07,7.361235523130585e-07,7.361214246412572e-07,7.361192943931688e-07,7.361171615762523e-07,7.361150261971411e-07,7.36112888262692e-07,7.361107477797402e-07,7.361086047547885e-07,7.361064591951056e-07,7.361043111072024e-07,7.361021604977468e-07,7.361000073734917e-07,7.360978517410866e-07,7.360956936072315e-07,7.360935329809328e-07,7.360913698706158e-07,7.360892042725931e-07,7.360870362003508e-07,7.3608486565786e-07,7.360826926547695e-07,7.360805171958901e-07,7.360783392882725e-07,7.360761589462854e-07,7.360739761597751e-07,7.360717909456015e-07,7.360696033080336e-07,7.360674132542959e-07,7.360652207903498e-07,7.36063025922911e-07,7.360608286587745e-07,7.360586290030146e-07,7.360564269628711e-07,7.360542225460223e-07,7.360520157565017e-07,7.360498066015483e-07,7.360475950894286e-07,7.360453812225664e-07,7.360431650090124e-07,7.360409464552635e-07,7.360387255669717e-07,7.360365023509654e-07,7.360342768134053e-07,7.360320489600543e-07,7.360298187975232e-07,7.360275863314162e-07,7.360253515686552e-07,7.360231145145112e-07,7.360208751754255e-07,7.360186335582607e-07,7.360163896669587e-07,7.360141435100134e-07,7.360118950916823e-07,7.360096444187808e-07,7.36007391497127e-07,7.360051363327805e-07,7.36002878931438e-07,7.360006192981955e-07,7.359983574413617e-07,7.359960933655971e-07,7.35993827076336e-07,7.359915585804689e-07,7.359892878821629e-07,7.359870149892289e-07,7.359847399098804e-07,7.359824626437667e-07,7.359801831996777e-07,7.35977901583586e-07,7.359756178012935e-07,7.35973331858502e-07,7.359710437603824e-07,7.359687535131228e-07,7.359664611219794e-07,7.359641665874179e-07,7.359618699262617e-07,7.359595711435433e-07,7.359572702327906e-07,7.359549672106748e-07,7.359526620830239e-07,7.359503548471915e-07,7.359480455159351e-07,7.359457340923565e-07,7.359434205784745e-07,7.359411049817578e-07,7.359387873141163e-07,7.359364675756548e-07,7.359341457722271e-07,7.35931821906193e-07,7.359294959861334e-07,7.359271680180649e-07,7.359248380109217e-07,7.35922505961788e-07,7.359201718800471e-07,7.359178357741411e-07,7.359154976446767e-07,7.359131574991786e-07,7.35910815341695e-07,7.359084711806674e-07,7.359061250197073e-07,7.359037768637644e-07,7.359014267188788e-07,7.35899074589985e-07,7.358967204823669e-07,7.358943644012963e-07,7.358920063520033e-07,7.358896463397401e-07,7.358872843697521e-07,7.358849204472234e-07,7.358825545773746e-07,7.358801867653773e-07,7.358778170164156e-07,7.358754453356384e-07,7.358730717281815e-07,7.358706961991896e-07,7.358683187537763e-07,7.358659393970301e-07,7.358635581340523e-07,7.358611749698984e-07,7.358587899096802e-07,7.358564029584156e-07,7.358540141211352e-07,7.358516234028627e-07,7.358492308086037e-07,7.35846836343389e-07,7.358444400121771e-07,7.358420418199223e-07,7.358396417702352e-07,7.358372398707918e-07,7.358348361219599e-07,7.358324305335292e-07,7.358300231088166e-07,7.358276138535601e-07,7.358252027707801e-07,7.358227898670587e-07,7.358203751447519e-07,7.358179586121693e-07,7.3581554027273e-07,7.358131201291862e-07,7.358106981893596e-07,7.358082744566422e-07,7.358058489359338e-07,7.358034216319261e-07,7.358009925494185e-07,7.357985616931228e-07,7.357961290675974e-07,7.357936946784624e-07,7.357912585252747e-07,7.357888206206944e-07,7.357863809622239e-07,7.357839395619148e-07,7.357814964168855e-07,7.357790515377873e-07,7.3577660492846e-07,7.357741565923828e-07,7.3577170653354e-07,7.357692547570931e-07,7.357668012682027e-07,7.357643460695829e-07,7.357618891661666e-07,7.357594305637005e-07,7.357569702655649e-07,7.357545082775983e-07,7.357520446071547e-07,7.357495792518748e-07,7.357471122187367e-07,7.357446435099698e-07,7.357421731361845e-07,7.357397010984597e-07,7.357372274012763e-07,7.357347520506242e-07,7.357322750483907e-07,7.357297964013812e-07,7.357273161113384e-07,7.35724834184566e-07,7.357223506259157e-07,7.357198654373502e-07,7.357173786166004e-07,7.357148901832334e-07,7.35712400133146e-07,7.357099084705864e-07,7.357074152020035e-07,7.357049203322098e-07,7.35702423863877e-07,7.356999258016195e-07,7.356974261493088e-07,7.356949249110989e-07,7.35692422088614e-07,7.356899176950935e-07,7.356874117234675e-07,7.356849041808173e-07,7.356823950772643e-07,7.356798844133162e-07,7.35677372193067e-07,7.356748584208215e-07,7.356723431006468e-07,7.35669826235341e-07,7.356673078314866e-07,7.356647878918343e-07,7.356622664203611e-07,7.356597434214539e-07,7.356572188993558e-07,7.356546928579522e-07,7.356521653012396e-07,7.356496362439394e-07,7.356471056691187e-07,7.35644573590778e-07,7.356420400132425e-07,7.356395049405355e-07,7.356369683766497e-07,7.356344303255641e-07,7.356318907913504e-07,7.356293497777383e-07,7.356268072887952e-07,7.356242633284611e-07,7.356217179006638e-07,7.356191710093368e-07,7.356166226583566e-07,7.356140728513759e-07,7.35611521593106e-07,7.356089688870965e-07,7.356064147358668e-07,7.356038591406555e-07,7.356013021137495e-07,7.355987436586221e-07,7.355961837693175e-07,7.355936224554499e-07,7.355910597222293e-07,7.355884955701529e-07,7.355859300024335e-07,7.355833630272265e-07,7.355807946450922e-07,7.355782248607416e-07,7.355756536785044e-07,7.355730811013532e-07,7.355705071332727e-07,7.35567931777843e-07,7.355653550387859e-07,7.355627769197865e-07,7.355601974245393e-07,7.355576165567105e-07,7.355550343199817e-07,7.355524507180015e-07,7.355498657544111e-07,7.355472794339581e-07,7.355446917599628e-07,7.355421027292497e-07,7.355395123583982e-07,7.355369206453296e-07,7.355343275906525e-07,7.355317331961988e-07,7.355291374657497e-07,7.355265404103728e-07,7.355239420302164e-07,7.355213423277798e-07,7.355187413067664e-07,7.355161389696262e-07,7.355135353220026e-07,7.355109303658508e-07,7.355083241031435e-07,7.355057165472936e-07,7.355031076877549e-07,7.355004975339287e-07,7.354978860897637e-07,7.354952733571294e-07,7.354926593418624e-07,7.354900440466712e-07,7.354874274744013e-07,7.35484809628716e-07,7.354821905164274e-07,7.354795701339649e-07,7.354769484886894e-07,7.354743255834842e-07,7.354717014210161e-07,7.354690760093233e-07,7.354664493440659e-07,7.354638214408251e-07,7.354611922872394e-07,7.354585618908187e-07,7.354559302607462e-07,7.354532973959377e-07,7.354506633004683e-07,7.354480279791609e-07,7.3544539143459e-07,7.35442753669899e-07,7.354401146884008e-07,7.354374744933908e-07,7.35434833088108e-07,7.354321904758286e-07,7.354295466596765e-07,7.354269016430543e-07,7.354242554290416e-07,7.354216080208593e-07,7.354189594215343e-07,7.354163096383893e-07,7.354136586636444e-07,7.354110065165923e-07,7.354083531855147e-07,7.354056986790005e-07,7.354030430005049e-07,7.354003861532745e-07,7.353977281430289e-07,7.353950689674746e-07,7.353924086326764e-07,7.353897471416919e-07,7.353870844969475e-07,7.353844207020073e-07,7.353817557600457e-07,7.353790896742754e-07,7.353764224472713e-07,7.353737540826687e-07,7.353710845822362e-07,7.353684139507008e-07,7.353657421906017e-07,7.3536306930476e-07,7.353603953041939e-07,7.353577201727548e-07,7.353550439274157e-07,7.353523665686948e-07,7.353496880962516e-07,7.353470085189535e-07,7.353443278365487e-07,7.35341646052278e-07,7.353389631679952e-07,7.353362791887591e-07,7.353335941165591e-07,7.353309079612083e-07,7.353282207117399e-07,7.353255323776233e-07,7.353228429626108e-07,7.353201524678833e-07,7.353174608953567e-07,7.353147682543029e-07,7.353120745429318e-07,7.353093797654333e-07,7.353066839230431e-07,7.35303987020241e-07,7.3530128905917e-07,7.352985900425267e-07,7.35295889973229e-07,7.352931888542047e-07,7.352904866878808e-07,7.352877834774184e-07,7.352850792256635e-07,7.352823739353004e-07,7.352796676091092e-07,7.352769602490708e-07,7.35274251859486e-07,7.35271542441561e-07,7.352688319998131e-07,7.35266120535992e-07,7.352634080515815e-07,7.352606945509989e-07,7.352579800363986e-07,7.35255264511683e-07,7.35252547977219e-07,7.352498304380427e-07,7.352471118959546e-07,7.352443923525037e-07,7.352416718114474e-07,7.352389502754601e-07,7.352362277471895e-07,7.352335042300644e-07,7.352307797252874e-07,7.352280542371218e-07,7.352253277671742e-07,7.352226003175258e-07,7.35219871896515e-07,7.352171424966979e-07,7.352144121258756e-07,7.352116807865216e-07,7.35208948480778e-07,7.352062152122378e-07,7.352034809815998e-07,7.352007457933957e-07,7.351980096517499e-07,7.351952725548927e-07,7.35192534507946e-07,7.351897955134644e-07,7.351870555723662e-07,7.351843146891298e-07,7.351815728662532e-07,7.351788301045343e-07,7.351760864088084e-07,7.351733417808314e-07,7.351705962220732e-07,7.351678497359467e-07,7.351651023249172e-07,7.351623539902924e-07,7.351596047352921e-07,7.351568545629781e-07,7.351541034750618e-07,7.35151351474638e-07,7.35148598563539e-07,7.351458447447841e-07,7.351430900205549e-07,7.351403343928911e-07,7.351375778614209e-07,7.351348204317098e-07,7.351320621095984e-07,7.351293028908995e-07,7.351265427808725e-07,7.35123781781931e-07,7.351210198993269e-07,7.351182571309711e-07,7.351154934814111e-07,7.35112728964517e-07,7.35109963556461e-07,7.351071972811702e-07,7.351044301404482e-07,7.351016621225595e-07,7.350988932347108e-07,7.35096123485458e-07,7.350933528732041e-07,7.350905814007171e-07,7.350878090720284e-07,7.350850358859507e-07,7.350822618469556e-07,7.350794869562713e-07,7.350767112155524e-07,7.350739346284871e-07,7.350711571972099e-07,7.350683789233447e-07,7.350655998136776e-07,7.350628198630374e-07,7.350600390797213e-07,7.350572574633186e-07,7.350544750145786e-07,7.350516917401021e-07,7.350489076383495e-07,7.35046122710297e-07,7.350433369631016e-07,7.350405503963826e-07,7.350377630129917e-07,7.350349748141263e-07,7.350321858028938e-07,7.350293959763434e-07,7.350266053458665e-07,7.350238139048399e-07,7.350210216573974e-07,7.35018228609524e-07,7.350154347674873e-07,7.350126401184321e-07,7.350098446806482e-07,7.350070484498035e-07,7.350042514316782e-07,7.350014536244902e-07,7.349986550289924e-07,7.349958556495761e-07,7.349930554842554e-07,7.349902545429984e-07,7.34987452822422e-07,7.349846503253402e-07,7.349818470533232e-07,7.349790430098993e-07,7.349762381954703e-07,7.349734326130445e-07,7.349706262645061e-07,7.349678191525835e-07,7.349650112801812e-07,7.349622026467023e-07,7.34959393255404e-07,7.349565831089094e-07,7.349537722055298e-07,7.349509605492893e-07,7.349481481468085e-07,7.349453349976255e-07,7.349425211028092e-07,7.34939706461892e-07,7.349368910814526e-07,7.349340749640932e-07,7.349312581068492e-07,7.349284405189532e-07,7.349256221929821e-07,7.349228031394018e-07,7.349199833569995e-07,7.349171628428339e-07,7.349143416018398e-07,7.349115196366131e-07,7.349086969514677e-07,7.349058735529647e-07,7.349030494346625e-07,7.34900224596588e-07,7.348973990443214e-07,7.348945727753284e-07,7.348917457996494e-07,7.348889181251338e-07,7.348860897377222e-07,7.348832606455635e-07,7.348804308508479e-07,7.348776003609794e-07,7.348747691685091e-07,7.348719372783463e-07,7.348691046940374e-07,7.348662714155755e-07,7.348634374469614e-07,7.348606027892942e-07,7.348577674449651e-07,7.348549314160591e-07,7.348520947027458e-07,7.348492573084294e-07,7.348464192325462e-07,7.348435804809429e-07,7.348407410531516e-07,7.348379009511502e-07,7.348350601769599e-07,7.348322187320599e-07,7.348293766191052e-07,7.348265338382557e-07,7.348236903915623e-07,7.348208462823639e-07,7.348180015114859e-07,7.348151560812449e-07,7.348123099938663e-07,7.348094632497426e-07,7.34806615849353e-07,7.348037677991334e-07,7.348009190947988e-07,7.34798069742241e-07,7.347952197419283e-07,7.347923690947033e-07,7.347895178055799e-07,7.347866658736717e-07,7.347838133019884e-07,7.347809600917723e-07,7.347781062444966e-07,7.347752517553694e-07,7.347723966394425e-07,7.347695408920735e-07,7.347666845147553e-07,7.347638275096316e-07,7.347609698779871e-07,7.347581116215326e-07,7.347552527415983e-07,7.347523932345843e-07,7.347495331138985e-07,7.347466723752082e-07,7.347438110199314e-07,7.347409490502504e-07,7.347380864675659e-07,7.347352232735576e-07,7.347323594698913e-07,7.347294950584614e-07,7.347266300404555e-07,7.347237644177856e-07,7.347208981920569e-07,7.347180313649265e-07,7.347151639380236e-07,7.347122959132654e-07,7.347094272917507e-07,7.347065580775499e-07,7.34703688268261e-07,7.34700817864864e-07,7.346979468696176e-07,7.346950752892772e-07,7.346922031216362e-07,7.346893303695189e-07,7.346864570294022e-07,7.346835831116167e-07,7.346807086134976e-07,7.346778335364082e-07,7.346749578776852e-07,7.346720816478325e-07,7.346692048451977e-07,7.346663274704529e-07,7.346634495235193e-07,7.346605710113906e-07,7.346576919268552e-07,7.346548122804095e-07,7.346519320650231e-07,7.346490512860591e-07,7.346461699471319e-07,7.346432880472178e-07,7.346404055888254e-07,7.346375225723568e-07,7.346346390002687e-07,7.346317548742901e-07,7.346288701957676e-07,7.34625984966117e-07,7.346230991832294e-07,7.346202128588472e-07,7.346173259851179e-07,7.346144385662765e-07,7.3461155060362e-07,7.34608662099177e-07,7.346057730541172e-07,7.346028834698735e-07,7.345999933493381e-07,7.345971026914731e-07,7.345942115031218e-07,7.345913197798794e-07,7.345884275219056e-07,7.34585534733511e-07,7.345826414164139e-07,7.345797475710731e-07,7.345768531885354e-07,7.345739582942338e-07,7.345710628751068e-07,7.345681669337286e-07,7.345652704735101e-07,7.345623734946892e-07,7.345594760014542e-07,7.345565779936225e-07,7.345536794688192e-07,7.34550780429901e-07,7.345478808792433e-07,7.345449808221938e-07,7.345420802461158e-07,7.345391791680136e-07,7.345362775845745e-07,7.345333755032091e-07,7.34530472911764e-07,7.345275698182702e-07,7.345246662240016e-07,7.345217621327524e-07,7.345188575435133e-07,7.34515952456687e-07,7.345130468733135e-07,7.345101408035199e-07,7.345072342427405e-07,7.345043271839001e-07,7.345014196342397e-07,7.344985115968479e-07,7.344956030729618e-07,7.344926940602039e-07,7.344897845655687e-07,7.34486874587349e-07,7.34483964130996e-07,7.344810531908452e-07,7.344781417725952e-07,7.344752298759252e-07,7.344723174995193e-07,7.344694046516267e-07,7.344664913287871e-07,7.344635775347163e-07,7.344606632661467e-07,7.344577485310443e-07,7.344548333319928e-07,7.344519176613586e-07,7.344490015247643e-07,7.344460849206954e-07,7.344431678560031e-07,7.344402503289086e-07,7.344373323377755e-07,7.344344138926614e-07,7.344314949896147e-07,7.344285756272209e-07,7.344256558063884e-07,7.344227355338807e-07,7.344198148074138e-07,7.344168936356043e-07,7.344139720073607e-07,7.344110499289227e-07,7.344081274021103e-07,7.344052044282154e-07,7.344022810096457e-07,7.343993571389101e-07,7.343964328313355e-07,7.343935080818353e-07,7.343905828919632e-07,7.343876572633797e-07,7.343847311953657e-07,7.343818046846467e-07,7.343788777399783e-07,7.343759503629184e-07,7.343730225532999e-07,7.343700943113016e-07,7.343671656331124e-07,7.34364236528977e-07,7.343613069898413e-07,7.343583770291267e-07,7.343554466417069e-07,7.343525158293385e-07,7.343495845925956e-07,7.343466529335862e-07,7.343437208621468e-07,7.343407883622792e-07,7.343378554407155e-07,7.343349221012731e-07,7.343319883414483e-07,7.343290541681615e-07,7.343261195817233e-07,7.343231845810749e-07,7.343202491678662e-07,7.343173133440686e-07,7.343143771077178e-07,7.343114404790988e-07,7.343085034266809e-07,7.343055659702921e-07,7.343026281059163e-07,7.342996898365215e-07,7.342967511637109e-07,7.342938120900745e-07,7.34290872624638e-07,7.342879327482632e-07,7.342849924749537e-07,7.342820518016518e-07,7.342791107345455e-07,7.34276169269745e-07,7.342732274104277e-07,7.342702851571635e-07,7.342673425098474e-07,7.342643994697373e-07,7.342614560403486e-07,7.342585122237651e-07,7.342555680171416e-07,7.342526234322885e-07,7.342496784563858e-07,7.342467330944574e-07,7.342437873545996e-07,7.342408412259907e-07,7.342378947104441e-07,7.342349478215032e-07,7.342320005518556e-07,7.342290529111362e-07,7.342261048858182e-07,7.342231564838928e-07,7.342202077078995e-07,7.342172585564254e-07,7.342143090323148e-07,7.3421135913646e-07,7.342084088692906e-07,7.342054582321012e-07,7.342025072263501e-07,7.341995558519874e-07,7.341966041108425e-07,7.341936520049497e-07,7.341906995275165e-07,7.3418774669172e-07,7.341847934942717e-07,7.341818399347979e-07,7.341788860170633e-07,7.341759317353356e-07,7.341729771032306e-07,7.341700221086271e-07,7.341670667551815e-07,7.341641110467834e-07,7.341611549818822e-07,7.341581985644404e-07,7.34155241792767e-07,7.341522846764154e-07,7.341493272020315e-07,7.341463693784474e-07,7.341434112064501e-07,7.341404526866861e-07,7.341374938199166e-07,7.34134534607735e-07,7.34131575052666e-07,7.341286151518362e-07,7.341256548993052e-07,7.341226943125644e-07,7.341197333848089e-07,7.341167721209786e-07,7.341138105091132e-07,7.341108485638742e-07,7.341078862805098e-07,7.34104923666227e-07,7.341019607119715e-07,7.340989974233051e-07,7.340960338062931e-07,7.340930698536145e-07,7.34090105568318e-07,7.340871409513248e-07,7.340841760056461e-07,7.340812107300671e-07,7.34078245126594e-07,7.34075279197838e-07,7.340723129415555e-07,7.340693463595526e-07,7.340663794540673e-07,7.340634122265408e-07,7.340604446754122e-07,7.340574768079847e-07,7.340545086155503e-07,7.340515401027708e-07,7.340485712803706e-07,7.340456021338234e-07,7.340426326655891e-07,7.340396628830875e-07,7.340366927856421e-07,7.340337223757646e-07,7.340307516503238e-07,7.340277806126951e-07,7.340248092635604e-07,7.340218376049374e-07,7.340188656353845e-07,7.340158933569255e-07,7.34012920770612e-07,7.340099478767441e-07,7.340069746784619e-07,7.340040011729135e-07,7.340010273626104e-07,7.3399805325055e-07,7.339950788357683e-07,7.339921041172968e-07,7.339891290974145e-07,7.339861537726084e-07,7.339831781554372e-07,7.339802022375935e-07,7.339772260206983e-07,7.339742495078845e-07,7.339712726990933e-07,7.33968295594926e-07,7.339653181964321e-07,7.339623405043483e-07,7.339593625198719e-07,7.339563842478445e-07,7.339534056808544e-07,7.339504268231365e-07,7.339474476805603e-07,7.339444682447721e-07,7.339414885214027e-07,7.339385085114269e-07,7.339355282150615e-07,7.33932547633546e-07,7.339295667672403e-07,7.339265856176032e-07,7.33923604185217e-07,7.339206224728099e-07,7.339176404774722e-07,7.339146582014683e-07,7.339116756460012e-07,7.339086928114596e-07,7.339057097012265e-07,7.339027263112075e-07,7.338997426429052e-07,7.33896758701186e-07,7.338937744843229e-07,7.338907899934927e-07,7.338878052294849e-07,7.338848201930379e-07,7.338818348846125e-07,7.338788493050109e-07,7.338758634553955e-07,7.338728773367769e-07,7.338698909489919e-07,7.338669042934549e-07,7.338639173679122e-07,7.33860930178899e-07,7.338579427249492e-07,7.338549550061923e-07,7.338519670233851e-07,7.33848978782034e-07,7.338459902736351e-07,7.338430015040098e-07,7.338400124724716e-07,7.338370231806918e-07,7.338340336294048e-07,7.338310438196778e-07,7.338280537522598e-07,7.3382506342715e-07,7.338220728502949e-07,7.338190820134712e-07,7.338160909206197e-07,7.338130995732656e-07,7.338101079729345e-07,7.338071161193814e-07,7.338041240163281e-07,7.338011316603361e-07,7.337981390530508e-07,7.337951461957276e-07,7.337921530884611e-07,7.337891597332439e-07,7.337861661307198e-07,7.337831722811582e-07,7.337801781851869e-07,7.337771838435009e-07,7.33774189258734e-07,7.337711944280306e-07,7.33768199354005e-07,7.337652040371138e-07,7.337622084789734e-07,7.337592126784711e-07,7.337562166441239e-07,7.337532203637069e-07,7.33750223843139e-07,7.337472270865367e-07,7.337442300894878e-07,7.337412328551242e-07,7.33738235384377e-07,7.337352376783573e-07,7.337322397367828e-07,7.337292415605902e-07,7.337262431506774e-07,7.337232445076047e-07,7.33720245631858e-07,7.337172465251154e-07,7.337142471876807e-07,7.337112476193339e-07,7.337082478211483e-07,7.337052477943696e-07,7.337022475388768e-07,7.336992470560147e-07,7.336962463461276e-07,7.336932454094386e-07,7.336902442472801e-07,7.336872428598704e-07,7.336842412452524e-07,7.336812394093724e-07,7.336782373512126e-07,7.336752350675553e-07,7.336722325644561e-07,7.336692298404092e-07,7.336662268964825e-07,7.336632237325193e-07,7.336602203464406e-07,7.33657216743847e-07,7.336542129242526e-07,7.336512088866834e-07,7.336482046327763e-07,7.336452001633623e-07,7.336421954780487e-07,7.33639190578738e-07,7.336361854645764e-07,7.33633180136975e-07,7.336301745988832e-07,7.336271688461618e-07,7.336241628818997e-07,7.33621156705185e-07,7.336181503193999e-07,7.336151437253098e-07,7.336121369214598e-07,7.336091299089189e-07,7.336061226881754e-07,7.336031152608985e-07,7.336001076264342e-07,7.335970997855187e-07,7.335940917453796e-07,7.335910834948602e-07,7.335880750396486e-07,7.335850663807719e-07,7.335820575196654e-07,7.335790484558333e-07,7.335760391897541e-07,7.335730297216594e-07,7.335700200527353e-07,7.335670101819029e-07,7.335640001129135e-07,7.335609898467724e-07,7.335579793824056e-07,7.33554968719164e-07,7.335519578592974e-07,7.335489468037274e-07,7.335459355540504e-07,7.335429241072135e-07,7.335399124663311e-07,7.335369006315774e-07,7.335338886013792e-07,7.335308763780165e-07,7.335278639635991e-07,7.335248513567923e-07,7.335218385580794e-07,7.335188255695913e-07,7.335158123906686e-07,7.335127990304032e-07,7.335097854732018e-07,7.335067717324049e-07,7.335037577988552e-07,7.335007436773629e-07,7.33497729369738e-07,7.33494714875986e-07,7.334917001963134e-07,7.334886853309208e-07,7.334856702821398e-07,7.334826550489068e-07,7.334796396322366e-07,7.334766240333365e-07,7.334736082517969e-07,7.334705922919739e-07,7.334675761467492e-07,7.334645598297931e-07,7.334615433250996e-07,7.334585266401348e-07,7.334555097761612e-07,7.334524927378686e-07,7.334494755174013e-07,7.33446458119365e-07,7.334434405445492e-07,7.334404227932335e-07,7.334374048658762e-07,7.334343867633014e-07,7.334313684850654e-07,7.334283500337721e-07,7.334253314081138e-07,7.334223126089597e-07,7.334192936379465e-07,7.334162744939778e-07,7.334132551796606e-07,7.334102356936195e-07,7.334072160412053e-07,7.334041962145096e-07,7.334011762189591e-07,7.333981560539948e-07,7.333951357198345e-07,7.333921152167216e-07,7.333890945474424e-07,7.333860737111946e-07,7.333830527087263e-07,7.33380031545874e-07,7.333770102137247e-07,7.333739887142241e-07,7.333709670509021e-07,7.333679452294332e-07,7.33364923238903e-07,7.333619010852312e-07,7.333588787683445e-07,7.333558562905999e-07,7.333528336513782e-07,7.333498108511324e-07,7.333467878891711e-07,7.333437647678561e-07,7.333407414870747e-07,7.333377180502219e-07,7.333346944519009e-07,7.333316706962132e-07,7.333286467828955e-07,7.333256227127967e-07,7.333225984867667e-07,7.333195741036153e-07,7.333165495643481e-07,7.333135248712755e-07,7.333105000215496e-07,7.333074750195056e-07,7.33304449862765e-07,7.333014245529326e-07,7.332983990908105e-07,7.332953734749126e-07,7.332923477111615e-07,7.332893217927546e-07,7.332862957237951e-07,7.332832695032117e-07,7.332802431340071e-07,7.332772166148684e-07,7.332741899464124e-07,7.332711631278932e-07,7.33268136163275e-07,7.332651090514275e-07,7.332620817918141e-07,7.33259054385792e-07,7.332560268334161e-07,7.332529991350308e-07,7.332499712920795e-07,7.332469433040085e-07,7.332439151699302e-07,7.33240886892804e-07,7.332378584790038e-07,7.33234829913045e-07,7.332318012074896e-07,7.33228772358005e-07,7.33225743366961e-07,7.332227142354854e-07,7.332196849640452e-07,7.332166555510303e-07,7.332136259969417e-07,7.332105963043718e-07,7.332075664716646e-07,7.332045365011777e-07,7.332015063895265e-07,7.331984761431078e-07,7.331954457604749e-07,7.331924152401187e-07,7.331893845833862e-07,7.331863537908652e-07,7.331833228611863e-07,7.331802917976605e-07,7.331772606000571e-07,7.331742292660015e-07,7.331711977980368e-07,7.331681661986406e-07,7.33165134465576e-07,7.331621025992742e-07,7.331590706022678e-07,7.331560384724742e-07,7.331530062106044e-07,7.331499738186273e-07,7.331469412961656e-07,7.331439086415275e-07,7.331408758555044e-07,7.331378429429674e-07,7.331348099021478e-07,7.3313177673197e-07,7.331287434321439e-07,7.331257100063465e-07,7.331226764601341e-07,7.331196427817441e-07,7.331166089774423e-07,7.331135750440741e-07,7.331105409852958e-07,7.331075068014385e-07,7.331044724920204e-07,7.331014380603849e-07,7.330984035041668e-07,7.330953688242562e-07,7.330923340228199e-07,7.330892990957136e-07,7.33086264046262e-07,7.33083228874724e-07,7.330801935804803e-07,7.330771581714493e-07,7.330741226372341e-07,7.33071086982132e-07,7.330680512060086e-07,7.330650153110053e-07,7.33061979293807e-07,7.33058943159614e-07,7.330559069082737e-07,7.330528705351017e-07,7.330498340464824e-07,7.330467974400342e-07,7.33043760717261e-07,7.330407238783739e-07,7.330376869212981e-07,7.330346498484697e-07,7.330316126607125e-07,7.330285753593591e-07,7.330255379411852e-07,7.330225004099318e-07,7.330194627634909e-07,7.330164250034059e-07,7.330133871301064e-07,7.330103491441053e-07,7.3300731104403e-07,7.330042728342136e-07,7.330012345126069e-07,7.329981960785488e-07,7.329951575335967e-07,7.329921188776471e-07,7.329890801104231e-07,7.329860412342274e-07,7.32983002248406e-07,7.329799631533201e-07,7.329769239499564e-07,7.329738846385012e-07,7.329708452193136e-07,7.329678056907638e-07,7.329647660547297e-07,7.329617263111604e-07,7.32958686461079e-07,7.329556465056947e-07,7.329526064446031e-07,7.329495662761151e-07,7.3294652600249e-07,7.329434856241547e-07,7.329404451427895e-07,7.329374045562786e-07,7.329343638617878e-07,7.329313230661128e-07,7.32928282168076e-07,7.329252411669408e-07,7.329222000618384e-07,7.329191588555115e-07,7.329161175498898e-07,7.329130761405357e-07,7.329100346340593e-07,7.329069930309429e-07,7.329039513174415e-07,7.329009095058034e-07,7.32897867593538e-07,7.328948255817085e-07,7.328917834707033e-07,7.328887412634151e-07,7.328856989509654e-07,7.328826565460464e-07,7.328796140416702e-07,7.32876571440603e-07,7.328735287417939e-07,7.328704859464382e-07,7.328674430544341e-07,7.328644000650421e-07,7.328613569789535e-07,7.328583137991842e-07,7.328552705245899e-07,7.328522271555966e-07,7.328491836909925e-07,7.328461401321048e-07,7.328430964796857e-07,7.32840052733268e-07,7.328370088936139e-07,7.32833964961512e-07,7.328309209417021e-07,7.328278768302929e-07,7.328248326200342e-07,7.328217883189506e-07,7.32818743926351e-07,7.328156994430558e-07,7.328126548689419e-07,7.328096102067286e-07,7.328065654501317e-07,7.328035205996972e-07,7.328004756654794e-07,7.32797430642014e-07,7.327943855283553e-07,7.327913403346064e-07,7.327882950454516e-07,7.327852496685353e-07,7.327822041995662e-07,7.327791586476018e-07,7.327761130086194e-07,7.327730672744669e-07,7.327700214626934e-07,7.327669755665433e-07,7.327639295828232e-07,7.327608835136413e-07,7.3275783735885e-07,7.327547911194904e-07,7.327517447941979e-07,7.327486983856675e-07,7.327456518930184e-07,7.327426053166539e-07,7.32739558657189e-07,7.327365119237558e-07,7.32733465097503e-07,7.327304181892986e-07,7.327273712006647e-07,7.327243241285797e-07,7.327212769747079e-07,7.327182297391485e-07,7.327151824224917e-07,7.327121350253441e-07,7.327090875486867e-07,7.327060399904889e-07,7.327029923534529e-07,7.326999446356642e-07,7.326968968385337e-07,7.326938489623038e-07,7.326908010097614e-07,7.326877529762329e-07,7.326847048645745e-07,7.326816566768604e-07,7.326786084094805e-07,7.326755600648329e-07,7.326725116429667e-07,7.326694631464163e-07,7.326664145714762e-07,7.326633659221344e-07,7.326603171956574e-07,7.326572683920538e-07,7.326542195136411e-07,7.326511705597755e-07,7.326481215312058e-07,7.326450724300248e-07,7.326420232541735e-07,7.326389740023811e-07,7.326359246770959e-07,7.32632875277344e-07,7.326298258056785e-07,7.326267762605146e-07,7.326237266476307e-07,7.326206769574783e-07,7.326176271936083e-07,7.326145773592189e-07,7.326115274511743e-07,7.326084774718083e-07,7.326054274289627e-07,7.326023773043555e-07,7.325993271144058e-07,7.325962768540384e-07,7.325932265226109e-07,7.32590176123511e-07,7.325871256546292e-07,7.325840751150584e-07,7.3258102450732e-07,7.325779738309894e-07,7.325749230846601e-07,7.325718722707634e-07,7.325688213891782e-07,7.325657704419271e-07,7.325627194270324e-07,7.325596683427735e-07,7.325566171924504e-07,7.325535659769905e-07,7.325505146938318e-07,7.325474633456419e-07,7.325444119289819e-07,7.325413604479716e-07,7.325383089000344e-07,7.325352572898219e-07,7.325322056146949e-07,7.32529153871879e-07,7.325261020672145e-07,7.325230501964988e-07,7.325199982616997e-07,7.325169462604063e-07,7.325138941971817e-07,7.325108420716765e-07,7.325077898829278e-07,7.325047376318982e-07,7.325016853192093e-07,7.32498632942468e-07,7.324955805038871e-07,7.324925280035021e-07,7.324894754411922e-07,7.324864228179128e-07,7.324833701335475e-07,7.324803173879258e-07,7.324772645829707e-07,7.324742117154338e-07,7.324711587891884e-07,7.324681058029003e-07,7.324650527618378e-07,7.324619996558589e-07,7.32458946491554e-07,7.324558932702995e-07,7.324528399797485e-07,7.324497866412975e-07,7.324467332423609e-07,7.32443679785446e-07,7.324406262729302e-07,7.324375727029611e-07,7.32434519075613e-07,7.324314653887615e-07,7.324284116437411e-07,7.324253578433617e-07,7.324223039855478e-07,7.324192500725603e-07,7.324161961022673e-07,7.324131420760629e-07,7.324100879946933e-07,7.324070338574127e-07,7.32403979666538e-07,7.324009254200549e-07,7.323978711198414e-07,7.32394816765246e-07,7.323917623564878e-07,7.323887078940739e-07,7.323856533775998e-07,7.323825988076747e-07,7.323795441844253e-07,7.323764895081069e-07,7.323734347792224e-07,7.323703799978213e-07,7.323673251639959e-07,7.323642702778286e-07,7.323612153396928e-07,7.323581603497763e-07,7.323551053083121e-07,7.32352050215497e-07,7.323489950715497e-07,7.323459398768012e-07,7.323428846312442e-07,7.323398293352186e-07,7.323367739889279e-07,7.32333718592526e-07,7.323306631462731e-07,7.323276076503796e-07,7.323245521050679e-07,7.323214965105308e-07,7.323184408668211e-07,7.323153851744331e-07,7.323123294334386e-07,7.323092736461805e-07,7.323062178083841e-07,7.323031619253705e-07,7.323001059920442e-07,7.322970500108121e-07,7.322939939822523e-07,7.322909378996711e-07,7.322878817773092e-07,7.322848256081951e-07,7.322817693925106e-07,7.32278713130544e-07,7.322756568224087e-07,7.322726004683954e-07,7.322695440685267e-07,7.322664876230026e-07,7.322634311324922e-07,7.322603745965712e-07,7.32257318015661e-07,7.322542613893602e-07,7.322512047189211e-07,7.322481480043567e-07,7.32245091246484e-07,7.322420344438663e-07,7.322389775977446e-07,7.322359207073257e-07,7.322328637739247e-07,7.322298067972894e-07,7.322267497777603e-07,7.322236927153399e-07,7.322206356105522e-07,7.322175784623769e-07,7.322145212731918e-07,7.322114640417449e-07,7.322084067673135e-07,7.32205349452383e-07,7.322022920950628e-07,7.321992346969928e-07,7.321961772675842e-07,7.321931197880368e-07,7.32190062269669e-07,7.321870047030976e-07,7.321839471054293e-07,7.321808894651999e-07,7.321778317840454e-07,7.321747740624512e-07,7.321717163018777e-07,7.321686585013612e-07,7.32165600661674e-07,7.32162542783381e-07,7.321594848664799e-07,7.321564269104925e-07,7.321533689162782e-07,7.321503108840495e-07,7.321472528130826e-07,7.321441947046029e-07,7.321411365582377e-07,7.321380783735066e-07,7.321350201515086e-07,7.321319618927518e-07,7.321289035973189e-07,7.321258452658993e-07,7.32122786896674e-07,7.321197284905737e-07,7.321166700484159e-07,7.321136115705858e-07,7.321105530564119e-07,7.321074945077477e-07,7.321044359219705e-07,7.321013773081679e-07,7.320983186517608e-07,7.320952599604065e-07,7.3209220123409e-07,7.320891424728781e-07,7.320860836825662e-07,7.320830248522276e-07,7.320799659818926e-07,7.320769070832585e-07,7.320738481507539e-07,7.320707891884575e-07,7.32067730189329e-07,7.320646711582624e-07,7.32061612090934e-07,7.320585529908541e-07,7.320554938604997e-07,7.320524346952867e-07,7.320493754977579e-07,7.32046316267192e-07,7.320432570069923e-07,7.32040197699597e-07,7.320371383728358e-07,7.320340790055681e-07,7.320310196163026e-07,7.320279601843734e-07,7.320249007325185e-07,7.320218412519808e-07,7.320187817340455e-07,7.320157221899522e-07,7.320126626151198e-07,7.320096030114546e-07,7.320065433756981e-07,7.320034837141493e-07,7.320004240183288e-07,7.319973642931461e-07,7.3199430453571e-07,7.319912447556717e-07,7.319881849335542e-07,7.319851250916337e-07,7.319820652173556e-07,7.319790053166508e-07,7.31975945390385e-07,7.319728854334318e-07,7.319698254482969e-07,7.319667654317439e-07,7.319637053871968e-07,7.319606453221794e-07,7.319575852297503e-07,7.319545251094523e-07,7.319514649596072e-07,7.319484047826625e-07,7.319453445653185e-07,7.319422843347762e-07,7.319392240762415e-07,7.319361637969061e-07,7.319331034865673e-07,7.319300431486847e-07,7.31926982782551e-07,7.319239223905345e-07,7.319208619746241e-07,7.319178015303789e-07,7.319147410613943e-07,7.319116805671452e-07,7.319086200451799e-07,7.319055595003408e-07,7.31902498930541e-07,7.318994383379758e-07,7.318963777186005e-07,7.318933170895156e-07,7.318902564212173e-07,7.318871957283091e-07,7.318841350133627e-07,7.318810742761406e-07,7.318780135134477e-07,7.318749527256693e-07,7.318718919143108e-07,7.318688310793095e-07,7.318657702235594e-07,7.318627093444666e-07,7.318596484427806e-07,7.318565875153581e-07,7.31853526565306e-07,7.318504655937784e-07,7.318474045994376e-07,7.318443435828472e-07,7.318412825448637e-07,7.318382214840377e-07,7.3183516040239e-07,7.318320992995802e-07,7.318290381747627e-07,7.318259770284744e-07,7.318229158517811e-07,7.318198546749615e-07,7.318167934657387e-07,7.318137322354654e-07,7.318106709845384e-07,7.318076097130827e-07,7.318045484210058e-07,7.318014871123808e-07,7.31798425780126e-07,7.317953644371402e-07,7.3179230306509e-07,7.317892416733511e-07,7.317861802620478e-07,7.317831188262606e-07,7.317800573786643e-07,7.317769959119096e-07,7.317739344189022e-07,7.317708729144098e-07,7.317678113909393e-07,7.317647498490177e-07,7.317616882886506e-07,7.317586267096157e-07,7.317555651125949e-07,7.317525034972748e-07,7.317494418621126e-07,7.317463802071968e-07,7.317433185358655e-07,7.317402568496619e-07,7.31737195146245e-07,7.317341334225449e-07,7.317310716821398e-07,7.317280099270127e-07,7.317249481523507e-07,7.317218863684613e-07,7.317188245628803e-07,7.317157627389003e-07,7.317127008983729e-07,7.317096390426112e-07,7.317065771698238e-07,7.31703515282441e-07,7.317004533743585e-07,7.316973914545877e-07,7.316943295179616e-07,7.316912675671561e-07,7.316882055997033e-07,7.31685143617013e-07,7.316820816150266e-07,7.316790196021605e-07,7.316759575743692e-07,7.316728955317967e-07,7.316698334752226e-07,7.316667714035278e-07,7.316637093174018e-07,7.316606472169946e-07,7.31657585102457e-07,7.316545229739362e-07,7.316514608314727e-07,7.316483986749378e-07,7.316453365049979e-07,7.316422743215644e-07,7.316392121247394e-07,7.316361499142815e-07,7.316330876906499e-07,7.316300254543062e-07,7.316269632049502e-07,7.31623900942488e-07,7.316208386673304e-07,7.316177763795829e-07,7.316147140793729e-07,7.316116517671262e-07,7.316085894423427e-07,7.316055271054424e-07,7.316024647565387e-07,7.315994023957703e-07,7.315963400227503e-07,7.315932776385738e-07,7.315902152428556e-07,7.315871528357246e-07,7.315840904173042e-07,7.315810279872177e-07,7.315779655465402e-07,7.315749030949147e-07,7.315718406319595e-07,7.315687781587589e-07,7.315657156744796e-07,7.315626531796798e-07,7.315595906745124e-07,7.315565281590671e-07,7.315534656334623e-07,7.315504030978162e-07,7.315473405522389e-07,7.315442779968282e-07,7.315412154317037e-07,7.315381528569799e-07,7.315350902727852e-07,7.315320276791916e-07,7.315289650763355e-07,7.315259024643187e-07,7.315228398432674e-07,7.315197772132663e-07,7.315167145744468e-07,7.315136519269061e-07,7.315105892707457e-07,7.315075266060766e-07,7.315044639330326e-07,7.315014012516979e-07,7.314983385621913e-07,7.314952758646139e-07,7.314922131590926e-07,7.314891504456824e-07,7.314860877245481e-07,7.314830249957652e-07,7.31479962259439e-07,7.314768995156968e-07,7.314738367646293e-07,7.314707740063357e-07,7.314677112409388e-07,7.314646484691616e-07,7.314615856898506e-07,7.314585229037559e-07,7.314554601116422e-07,7.314523973128012e-07,7.314493345069424e-07,7.3144627169536e-07,7.314432088768367e-07,7.314401460527489e-07,7.314370832225744e-07,7.314340203864246e-07,7.314309575443745e-07,7.314278946945419e-07,7.314248318410661e-07,7.314217689821231e-07,7.314187061176848e-07,7.314156432478736e-07,7.314125803728073e-07,7.314095174926653e-07,7.314064546073955e-07,7.31403391717188e-07,7.31400328822148e-07,7.313972659223023e-07,7.31394203017854e-07,7.313911401088617e-07,7.313880771954139e-07,7.31385014277528e-07,7.31381951355407e-07,7.313788884291292e-07,7.313758254987961e-07,7.313727625645129e-07,7.313696996263546e-07,7.313666366844611e-07,7.313635737388445e-07,7.313605107896872e-07,7.313574478370132e-07,7.313543848809709e-07,7.313513219216015e-07,7.313482589590621e-07,7.313451959934408e-07,7.313421330248276e-07,7.313390700532912e-07,7.313360070789035e-07,7.31332944101842e-07,7.313298811221847e-07,7.313268181399834e-07,7.3132375515529e-07,7.313206921683354e-07,7.313176291791208e-07,7.313145661877744e-07,7.313115031943375e-07,7.313084401989076e-07,7.31305377201646e-07,7.313023142026224e-07,7.312992512019215e-07,7.312961881995539e-07,7.312931251957344e-07,7.312900621905312e-07,7.31286999183992e-07,7.312839361762491e-07,7.312808731673314e-07,7.312778101574045e-07,7.312747471464377e-07,7.312716841346093e-07,7.312686211220729e-07,7.312655581088421e-07,7.312624950949858e-07,7.312594320806798e-07,7.312563690658698e-07,7.312533060508289e-07,7.312502430354968e-07,7.312471800200336e-07,7.312441170045222e-07,7.312410539889572e-07,7.312379909746978e-07,7.31234927960627e-07,7.312318649457342e-07,7.312288019312014e-07,7.312257389171775e-07,7.312226759047573e-07,7.312196128918711e-07,7.312165498797694e-07,7.312134868675631e-07,7.312104238562555e-07,7.312073608467919e-07,7.312042978376318e-07,7.312012348302648e-07,7.311981718235004e-07,7.31195108818058e-07,7.311920458140549e-07,7.31188982812589e-07,7.311859198122573e-07,7.311828568129792e-07,7.311797938160748e-07,7.311767308210221e-07,7.3117366781801e-07,7.311706048271671e-07,7.311675418380701e-07,7.311644788511305e-07,7.311614158663094e-07,7.311583528979135e-07,7.311552899184009e-07,7.31152226938063e-07,7.311491639636436e-07,7.311461009917867e-07,7.311430380228431e-07,7.311399750566978e-07,7.311369120940848e-07,7.311338491337589e-07,7.311307861766017e-07,7.311277232225709e-07,7.311246602717188e-07,7.311215973249174e-07,7.311185343807175e-07,7.311154714401538e-07,7.311124085024046e-07,7.311093455689844e-07,7.311062826396789e-07,7.311032197247654e-07,7.31100156802724e-07,7.310970938845365e-07,7.310940309704875e-07,7.310909680645789e-07,7.310879051595524e-07,7.31084842262452e-07,7.310817793650229e-07,7.310787164717532e-07,7.310756535831515e-07,7.310725906990344e-07,7.310695278195824e-07,7.310664649458416e-07,7.310634020756976e-07,7.310603392126209e-07,7.310572763524918e-07,7.310542135025393e-07,7.310511506550579e-07,7.310480878103003e-07,7.310450249701163e-07,7.310419621353052e-07,7.310388993075946e-07,7.310358364889993e-07,7.310327736714284e-07,7.310297108596266e-07,7.310266480534048e-07,7.310235852529692e-07,7.310205224589133e-07,7.310174596704229e-07,7.310143968879401e-07,7.310113341113834e-07,7.310082713420383e-07,7.310052085778679e-07,7.310021458200123e-07,7.309990830683896e-07,7.309960203296157e-07,7.309929575917472e-07,7.30989894859837e-07,7.309868321341023e-07,7.309837694154064e-07,7.309807067038479e-07,7.309776439990004e-07,7.309745813010018e-07,7.309715186098065e-07,7.309684559259044e-07,7.309653932492433e-07,7.309623305789724e-07,7.309592679168634e-07,7.309562052623766e-07,7.309531426152475e-07,7.309500799707153e-07,7.309470173376739e-07,7.309439547129443e-07,7.309408920925447e-07,7.309378294770523e-07,7.3093476687004e-07,7.309317042702867e-07,7.309286416857391e-07,7.309255791032009e-07,7.309225165278575e-07,7.309194539673722e-07,7.309163914120125e-07,7.309133288683609e-07,7.309102663330138e-07,7.309072038054881e-07,7.309041412875918e-07,7.30901078778283e-07,7.30898016273577e-07,7.308949537812326e-07,7.308918912978397e-07,7.308888288233335e-07,7.308857663578423e-07,7.308827039014156e-07,7.308796414539092e-07,7.308765790146838e-07,7.308735165857043e-07,7.308704541658629e-07,7.308673917561875e-07,7.308643293543133e-07,7.308612669629196e-07,7.30858204581178e-07,7.308551422061713e-07,7.308520798450113e-07,7.30849017493083e-07,7.308459551496995e-07,7.308428928198371e-07,7.308398304930701e-07,7.308367681810802e-07,7.308337058822655e-07,7.308306435859588e-07,7.308275813057648e-07,7.308245190356044e-07,7.308214567740077e-07,7.308183945233062e-07,7.308153322935159e-07,7.308122700638504e-07,7.308092078449462e-07,7.308061456419811e-07,7.308030834473822e-07,7.308000212591068e-07,7.307969590816873e-07,7.307938969151645e-07,7.307908347609612e-07,7.307877726152233e-07,7.307847104826604e-07,7.307816483615783e-07,7.307785862477602e-07,7.307755241520461e-07,7.307724620624138e-07,7.307693999875936e-07,7.307663379225561e-07,7.307632758691819e-07,7.307602138263499e-07,7.307571517962363e-07,7.307540897778805e-07,7.307510277742288e-07,7.307479657734097e-07,7.307449037905693e-07,7.307418418149907e-07,7.307387798574791e-07,7.30735717910284e-07,7.307326559747053e-07,7.307295940511193e-07,7.307265321419141e-07,7.307234702439675e-07,7.307204083570676e-07,7.307173464839266e-07,7.307142846227619e-07,7.307112227746806e-07,7.307081609390788e-07,7.307050991153168e-07,7.307020373057246e-07,7.306989755085218e-07,7.306959137241424e-07,7.306928519526881e-07,7.306897901920438e-07,7.30686728446886e-07,7.306836667131721e-07,7.30680604993888e-07,7.306775432757855e-07,7.306744815827089e-07,7.306714199052062e-07,7.306683582389875e-07,7.306652965851507e-07,7.306622349458257e-07,7.30659173320038e-07,7.306561117077987e-07,7.306530501138899e-07,7.306499885290374e-07,7.306469269579036e-07,7.306438654008154e-07,7.306408038568131e-07,7.306377423272409e-07,7.306346808116277e-07,7.306316193079933e-07,7.306285578225493e-07,7.30625496349739e-07,7.306224348906878e-07,7.306193734458252e-07,7.306163120160499e-07,7.30613250599928e-07,7.306101891937989e-07,7.306071278058758e-07,7.306040664332368e-07,7.306010050770504e-07,7.305979437356922e-07,7.305948824074263e-07,7.305918210933792e-07,7.305887597942791e-07,7.305856984946677e-07,7.305826372253337e-07,7.305795759683008e-07,7.30576514728824e-07,7.305734535039925e-07,7.305703922957047e-07,7.305673310928248e-07,7.30564269918718e-07,7.305612087553041e-07,7.305581476066211e-07,7.305550864737973e-07,7.305520253563553e-07,7.305489642562975e-07,7.305459031669824e-07,7.305428420958063e-07,7.305397810416977e-07,7.305367200045893e-07,7.305336589808911e-07,7.305305979759027e-07,7.305275369838423e-07,7.30524476007632e-07,7.305214150489378e-07,7.305183541049291e-07,7.305152931768879e-07,7.305122322647847e-07,7.305091713676206e-07,7.305061104919965e-07,7.305030496285284e-07,7.304999887813672e-07,7.304969279505605e-07,7.304938671378528e-07,7.30490806339945e-07,7.304877455584744e-07,7.304846847935259e-07,7.304816240398503e-07,7.304785633075896e-07,7.304755025941248e-07,7.304724418953173e-07,7.304693812138572e-07,7.304663205505592e-07,7.304632599039727e-07,7.304601992729503e-07,7.304571386593227e-07,7.304540780629067e-07,7.304510174834349e-07,7.304479569210963e-07,7.304448963745591e-07,7.304418358466267e-07,7.304387753360284e-07,7.304357148427669e-07,7.304326543687036e-07,7.304295939103719e-07,7.304265334692228e-07,7.304234730461689e-07,7.304204126375917e-07,7.304173522481978e-07,7.304142918774098e-07,7.30411231524682e-07,7.304081711908351e-07,7.304051108737793e-07,7.304020505737061e-07,7.303989902922361e-07,7.303959300293128e-07,7.303928697838194e-07,7.303898095568506e-07,7.30386749347476e-07,7.303836891556425e-07,7.303806289810551e-07,7.303775688247407e-07,7.303745086881977e-07,7.30371448569971e-07,7.303683884689006e-07,7.303653283874629e-07,7.303622683244844e-07,7.303592082795734e-07,7.303561482529789e-07,7.303530882456995e-07,7.303500282566307e-07,7.303469682866352e-07,7.303439083354671e-07,7.303408484035317e-07,7.303377884895995e-07,7.303347285947915e-07,7.303316687189387e-07,7.303286088620911e-07,7.303255490255508e-07,7.303224892061785e-07,7.30319429406368e-07,7.303163696249955e-07,7.303133098644691e-07,7.30310250121666e-07,7.303071903986557e-07,7.303041306938653e-07,7.30301071010601e-07,7.302980113457706e-07,7.30294951693965e-07,7.302918920663529e-07,7.302888324564498e-07,7.302857728695024e-07,7.302827133055879e-07,7.302796537556888e-07,7.302765942277892e-07,7.302735347196745e-07,7.302704752295509e-07,7.302674157628965e-07,7.30264356299481e-07,7.302612968707279e-07,7.30258237461817e-07,7.302551780728914e-07,7.302521187044762e-07,7.302490593543186e-07,7.302460000239229e-07,7.302429407190104e-07,7.302398814287656e-07,7.302368221552639e-07,7.302337629076288e-07,7.302307036800962e-07,7.302276444742286e-07,7.302245852875031e-07,7.302215261204452e-07,7.302184669745995e-07,7.302154078592547e-07,7.302123487549389e-07,7.302092896706291e-07,7.302062306069504e-07,7.302031715635285e-07,7.302001125310021e-07,7.301970535282326e-07,7.301939945493016e-07,7.301909355896773e-07,7.30187876650149e-07,7.301848177342485e-07,7.301817588383836e-07,7.30178699963333e-07,7.301756411112614e-07,7.301725822799205e-07,7.301695234677396e-07,7.301664646756031e-07,7.301634059137047e-07,7.30160347165024e-07,7.301572884366394e-07,7.301542297302896e-07,7.301511710463761e-07,7.301481123906503e-07,7.301450537487912e-07,7.301419951284018e-07,7.301389365292819e-07,7.301358779509799e-07,7.301328193947395e-07,7.301297608599101e-07,7.301267023285752e-07,7.301236438391059e-07,7.301205853716183e-07,7.301175269242084e-07,7.30114468498906e-07,7.301114100965328e-07,7.301083517190794e-07,7.301052933595282e-07,7.301022350219e-07,7.300991767073273e-07,7.300961184132175e-07,7.300930601429279e-07,7.300900018942571e-07,7.300869436663219e-07,7.300838854613351e-07,7.300808272780958e-07,7.300777691193834e-07,7.300747109840623e-07,7.300716528670156e-07,7.300685947750488e-07,7.30065536704071e-07,7.300624786685318e-07,7.300594206344088e-07,7.300563626310305e-07,7.30053304656244e-07,7.300502466979289e-07,7.300471887624881e-07,7.300441308503268e-07,7.300410729614789e-07,7.300380150939994e-07,7.300349572492895e-07,7.300318994273946e-07,7.300288416284575e-07,7.300257838524998e-07,7.300227260994972e-07,7.300196683694384e-07,7.300166106622963e-07,7.300135529783734e-07,7.300104953160222e-07,7.300074376781841e-07,7.300043800645214e-07,7.300013224731017e-07,7.299982649059182e-07,7.299952073619742e-07,7.299921498416424e-07,7.299890923447977e-07,7.299860348709172e-07,7.299829774203394e-07,7.299799199932078e-07,7.299768625895826e-07,7.299738052114201e-07,7.299707478536644e-07,7.299676905224159e-07,7.299646332131135e-07,7.299615759279153e-07,7.299585186661008e-07,7.299554614277091e-07,7.299524042136484e-07,7.299493470213287e-07,7.299462898493264e-07,7.299432327078618e-07,7.299401755874787e-07,7.299371184926284e-07,7.299340614187315e-07,7.29931004378849e-07,7.299279473539951e-07,7.299248903531854e-07,7.299218333924865e-07,7.299187764496451e-07,7.299157195197657e-07,7.299126626154726e-07,7.299096057353818e-07,7.299065488795347e-07,7.299034920479615e-07,7.299004352406988e-07,7.298973784619427e-07,7.298943217033881e-07,7.298912649692372e-07,7.298882082595263e-07,7.29885151574284e-07,7.298820949135457e-07,7.298790382773442e-07,7.298759816661088e-07,7.298729250793346e-07,7.298698685169303e-07,7.298668119795643e-07,7.298637554665195e-07,7.298606989781937e-07,7.298576425146589e-07,7.298545860757694e-07,7.298515296622828e-07,7.298484732731937e-07,7.298454169093662e-07,7.298423605699037e-07,7.298393042559824e-07,7.298362479661982e-07,7.298331917018154e-07,7.29830135462546e-07,7.29827079248137e-07,7.29824023062366e-07,7.298209668982255e-07,7.29817910759589e-07,7.298148546459442e-07,7.29811798566254e-07,7.298087425026621e-07,7.298056864648506e-07,7.29802630452567e-07,7.297995744655817e-07,7.297965185035353e-07,7.297934625674264e-07,7.297904066567202e-07,7.297873507670589e-07,7.297842949073865e-07,7.297812390732314e-07,7.297781832646661e-07,7.297751274815766e-07,7.297720717195183e-07,7.297690159875255e-07,7.297659602815788e-07,7.297629045949947e-07,7.297598489403241e-07,7.297567933115231e-07,7.297537377085268e-07,7.297506821316682e-07,7.297476265879871e-07,7.297445710645037e-07,7.297415155649578e-07,7.297384600906347e-07,7.297354046438871e-07,7.297323492221216e-07,7.297292938272056e-07,7.297262384571509e-07,7.297231831140195e-07,7.297201277990218e-07,7.297170725023224e-07,7.297140172354412e-07,7.297109619854702e-07,7.297079067890877e-07,7.29704851604223e-07,7.29701796446477e-07,7.29698741313501e-07,7.296956861959908e-07,7.296926311151718e-07,7.296895760607729e-07,7.296865210325354e-07,7.296834660326834e-07,7.296804110576544e-07,7.296773561100569e-07,7.296743011974754e-07,7.29671246300094e-07,7.296681914180801e-07,7.296651365650631e-07,7.296620817549868e-07,7.296590269665738e-07,7.296559722058413e-07,7.2965291747017e-07,7.296498627640547e-07,7.296468080820817e-07,7.296437534296813e-07,7.296406988001378e-07,7.296376441980276e-07,7.296345896237398e-07,7.296315350749851e-07,7.296284805552342e-07,7.296254260614169e-07,7.296223715978669e-07,7.296193171567751e-07,7.296162627444674e-07,7.296132083635727e-07,7.296101540055582e-07,7.296070996763089e-07,7.296040453721946e-07,7.296009910945148e-07,7.295979368442587e-07,7.295948826169288e-07,7.295918284215148e-07,7.295887742557658e-07,7.295857201158417e-07,7.295826660044587e-07,7.295796119193708e-07,7.295765578612545e-07,7.295735038309643e-07,7.295704498282307e-07,7.295673958517022e-07,7.295643419027129e-07,7.295612879783221e-07,7.295582340838031e-07,7.295551802188702e-07,7.295521263819621e-07,7.295490725701944e-07,7.295460187878328e-07,7.2954296503363e-07,7.29539911306797e-07,7.295368576077079e-07,7.295338039356298e-07,7.29530750290004e-07,7.295276966746961e-07,7.295246430924888e-07,7.295215895355519e-07,7.295185360021907e-07,7.295154824970304e-07,7.29512429021127e-07,7.295093755688477e-07,7.295063221472256e-07,7.295032687558517e-07,7.295002153916096e-07,7.294971620557046e-07,7.294941087479827e-07,7.294910554665413e-07,7.294880022154923e-07,7.294849489924664e-07,7.294818957980912e-07,7.294788426310856e-07,7.294757894911428e-07,7.294727363836474e-07,7.294696833000997e-07,7.294666302322159e-07,7.294635772034704e-07,7.294605241942741e-07,7.29457471226092e-07,7.294544182745205e-07,7.294513653631496e-07,7.294483124810905e-07,7.294452596274744e-07,7.294422068014814e-07,7.29439153992914e-07,7.294361012129398e-07,7.294330484624157e-07,7.294299957377199e-07,7.294269430632177e-07,7.294238904090205e-07,7.294208377835048e-07,7.294177851867717e-07,7.294147326186908e-07,7.294116800799244e-07,7.294086275695534e-07,7.294055750883798e-07,7.294025226365729e-07,7.293994702126372e-07,7.293964178175121e-07,7.293933654513554e-07,7.293903131137593e-07,7.293872608050616e-07,7.293842085257835e-07,7.293811562749955e-07,7.293781040477143e-07,7.293750518570583e-07,7.293719996939823e-07,7.29368947559861e-07,7.293658954612421e-07,7.293628433856031e-07,7.293597913390089e-07,7.293567393191983e-07,7.293536873301443e-07,7.293506353710734e-07,7.293475834407946e-07,7.293445315403789e-07,7.293414796630219e-07,7.293384278194357e-07,7.293353760064235e-07,7.293323242229662e-07,7.293292724703115e-07,7.293262207458752e-07,7.293231690503497e-07,7.293201173847996e-07,7.293170657484113e-07,7.293140141429101e-07,7.293109625658737e-07,7.29307911019098e-07,7.293048595011384e-07,7.293018080130711e-07,7.292987565534517e-07,7.292957051252417e-07,7.292926537253631e-07,7.29289602355105e-07,7.292865510150761e-07,7.29283499705247e-07,7.292804484238042e-07,7.29277397173824e-07,7.292743459527492e-07,7.292712947667521e-07,7.292682436148139e-07,7.292651924907528e-07,7.292621413889665e-07,7.292590903215439e-07,7.292560392795192e-07,7.292529882682643e-07,7.292499372861662e-07,7.29246886333862e-07,7.292438353993825e-07,7.292407845040875e-07,7.292377336423673e-07,7.292346828105678e-07,7.292316320075507e-07,7.292285812360749e-07,7.29225530491486e-07,7.292224797787416e-07,7.292194290972908e-07,7.292163784462868e-07,7.292133278279783e-07,7.292102772390886e-07,7.292072266790085e-07,7.292041761462521e-07,7.29201125646463e-07,7.291980751767385e-07,7.291950247386684e-07,7.291919743286895e-07,7.291889239468123e-07,7.291858735918339e-07,7.29182823273966e-07,7.291797729946907e-07,7.291767227381687e-07,7.291736725125538e-07,7.291706223043167e-07,7.291675721392109e-07,7.291645220042761e-07,7.291614718999005e-07,7.291584218284142e-07,7.291553717714392e-07,7.291523217565888e-07,7.291492717758446e-07,7.291462218163661e-07,7.291431718948819e-07,7.291401220052609e-07,7.291370721336769e-07,7.291340223050191e-07,7.291309725072969e-07,7.291279227251217e-07,7.291248729891322e-07,7.291218232858971e-07,7.291187735934832e-07,7.291157239519283e-07,7.291126743392708e-07,7.291096247469274e-07,7.291065751956548e-07,7.291035256679534e-07,7.291004761758162e-07,7.290974267192979e-07,7.29094377290908e-07,7.290913278947409e-07,7.290882785295775e-07,7.29085229195444e-07,7.290821798934008e-07,7.290791306212179e-07,7.290760813802601e-07,7.290730321705057e-07,7.290699829918437e-07,7.29066933844179e-07,7.290638847277072e-07,7.290608356425076e-07,7.290577865886288e-07,7.290547375659825e-07,7.290516885684126e-07,7.290486396194028e-07,7.290455906905057e-07,7.290425417867616e-07,7.290394929211182e-07,7.290364440945785e-07,7.290333952909538e-07,7.290303465187404e-07,7.290272977756921e-07,7.290242490650115e-07,7.290212003865987e-07,7.290181517404028e-07,7.290151031216171e-07,7.290120545380892e-07,7.290090059860909e-07,7.290059574725984e-07,7.290029089843243e-07,7.289998605269886e-07,7.289968121011723e-07,7.289937637071914e-07,7.289907153388153e-07,7.289876670169861e-07,7.289846187164065e-07,7.289815704487737e-07,7.289785222127865e-07,7.289754740085398e-07,7.289724258363457e-07,7.289693776924697e-07,7.289663295913607e-07,7.289632815129036e-07,7.289602334578664e-07,7.289571854430298e-07,7.289541374616987e-07,7.289510895154666e-07,7.289480415970134e-07,7.289449937118802e-07,7.2894194585818e-07,7.289388980333586e-07,7.289358502392084e-07,7.2893280248235e-07,7.289297547407548e-07,7.289267070464848e-07,7.289236593852616e-07,7.289206117549774e-07,7.289175641566528e-07,7.289145165914308e-07,7.289114690403658e-07,7.289084215360221e-07,7.289053740638082e-07,7.289023266256234e-07,7.288992792199773e-07,7.288962318470911e-07,7.288931845058108e-07,7.288901371972198e-07,7.288870899222521e-07,7.288840426794813e-07,7.288809954664756e-07,7.288779482914348e-07,7.288749011432729e-07,7.288718540255157e-07,7.288688069423303e-07,7.28865759891464e-07,7.288627128711187e-07,7.288596658874497e-07,7.288566189304681e-07,7.288535720083089e-07,7.28850525126432e-07,7.288474782658528e-07,7.288444314415521e-07,7.288413846512817e-07,7.288383378919072e-07,7.288352911707987e-07,7.288322444764456e-07,7.288291978144528e-07,7.288261511905079e-07,7.288231045939942e-07,7.288200580298609e-07,7.288170114979503e-07,7.28813964998629e-07,7.288109185516368e-07,7.28807872117753e-07,7.288048257153438e-07,7.288017793466463e-07,7.287987330114855e-07,7.287956866942052e-07,7.287926404236906e-07,7.2878959418813e-07,7.28786547983914e-07,7.287835017973124e-07,7.287804556575224e-07,7.287774095508058e-07,7.28774363475799e-07,7.287713174345887e-07,7.287682714240021e-07,7.287652254487708e-07,7.287621795063245e-07,7.287591335969582e-07,7.287560877093834e-07,7.287530418664168e-07,7.28749996055734e-07,7.287469502786903e-07,7.287439045374152e-07,7.287408588240419e-07,7.287378131459559e-07,7.287347674985776e-07,7.287317218893507e-07,7.287286763092371e-07,7.2872563076337e-07,7.287225852505814e-07,7.287195397696016e-07,7.287164943223172e-07,7.28713448913299e-07,7.287104035331768e-07,7.287073581915668e-07,7.287043128776045e-07,7.287012675987216e-07,7.286982223569102e-07,7.286951771350978e-07,7.286921319561987e-07,7.286890868129152e-07,7.286860416998273e-07,7.286829966195775e-07,7.286799515729576e-07,7.286769065584599e-07,7.286738615842075e-07,7.286708166384783e-07,7.286677717194823e-07,7.286647268417742e-07,7.286616819938238e-07,7.28658637179791e-07,7.286555923994697e-07,7.286525476520658e-07,7.286495029321098e-07,7.286464582538431e-07,7.2864341360679e-07,7.286403689976476e-07,7.286373244283171e-07,7.286342798843193e-07,7.286312353684813e-07,7.286281908894408e-07,7.286251464347876e-07,7.286221020222712e-07,7.286190576442506e-07,7.286160132988127e-07,7.286129689882014e-07,7.286099247096992e-07,7.286068804654461e-07,7.286038362555179e-07,7.286007920772314e-07,7.285977479335002e-07,7.28594703823723e-07,7.285916597357298e-07,7.28588615693561e-07,7.2858557168478e-07,7.285825277092627e-07,7.285794837677267e-07,7.285764398602989e-07,7.285733959870299e-07,7.285703521471395e-07,7.285673083417138e-07,7.285642645700864e-07,7.285612208296277e-07,7.285581771240172e-07,7.285551334680344e-07,7.285520898345057e-07,7.285490462314077e-07,7.28546002663088e-07,7.285429591182908e-07,7.285399156198293e-07,7.285368721542335e-07,7.28533828726934e-07,7.285307853288466e-07,7.285277419649609e-07,7.285246986346404e-07,7.285216553382203e-07,7.285186120755122e-07,7.28515568847341e-07,7.285125256529928e-07,7.28509482493121e-07,7.285064393676076e-07,7.285033962756497e-07,7.285003532176431e-07,7.284973101941307e-07,7.284942672045875e-07,7.28491224251556e-07,7.284881813307644e-07,7.284851384440277e-07,7.284820955915939e-07,7.284790527732989e-07,7.284760099894639e-07,7.284729672396704e-07,7.284699245223101e-07,7.284668818410827e-07,7.28463839194461e-07,7.284607965828599e-07,7.284577540029469e-07,7.284547114590077e-07,7.28451668949213e-07,7.284486264737888e-07,7.284455840326709e-07,7.284425416263501e-07,7.284394992543098e-07,7.284364569163613e-07,7.284334146131161e-07,7.284303723406011e-07,7.284273301063213e-07,7.284242879060379e-07,7.284212457402706e-07,7.284182036091025e-07,7.284151615126822e-07,7.284121194512067e-07,7.28409077423788e-07,7.284060354310071e-07,7.2840299347275e-07,7.283999515481886e-07,7.283969096589012e-07,7.283938678045365e-07,7.28390825984849e-07,7.283877842000933e-07,7.283847424494951e-07,7.283817007332621e-07,7.283786590520684e-07,7.283756174057287e-07,7.283725757930166e-07,7.283695342159151e-07,7.283664926728474e-07,7.283634511665165e-07,7.283604096936103e-07,7.283573682527813e-07,7.283543268540946e-07,7.283512854853419e-07,7.283482441515001e-07,7.283452028526481e-07,7.283421615909871e-07,7.283391203613411e-07,7.283360791695229e-07,7.283330380095757e-07,7.283299968846746e-07,7.283269557946591e-07,7.283239147348232e-07,7.283208737146625e-07,7.283178327298669e-07,7.283147917792569e-07,7.283117508642893e-07,7.283087099837223e-07,7.283056691369517e-07,7.283026283268503e-07,7.282995875503907e-07,7.282965468098207e-07,7.282935060995324e-07,7.282904654397984e-07,7.282874247995423e-07,7.282843842007064e-07,7.282813436375331e-07,7.282783031077199e-07,7.28275262612468e-07,7.282722221513412e-07,7.282691817264764e-07,7.282661413367318e-07,7.28263100987689e-07,7.28260060668296e-07,7.282570203839377e-07,7.282539801351144e-07,7.282509399171397e-07,7.282478997379049e-07,7.282448595796889e-07,7.282418194708779e-07,7.282387793975041e-07,7.282357393589322e-07,7.282326993561381e-07,7.282296593837515e-07,7.282266194514938e-07,7.282235795574384e-07,7.282205396957868e-07,7.282174998690338e-07,7.282144600779197e-07,7.282114203208643e-07,7.282083806004974e-07,7.28205340915519e-07,7.282023012653811e-07,7.281992616511643e-07,7.281962220722597e-07,7.281931825321277e-07,7.281901430235261e-07,7.281871035504798e-07,7.281840641132349e-07,7.281810247111943e-07,7.281779853413732e-07,7.281749460104787e-07,7.28171906715901e-07,7.281688674647896e-07,7.281658282408333e-07,7.281627890519255e-07,7.281597498985559e-07,7.281567107806939e-07,7.281536716987775e-07,7.281506326473364e-07,7.281475936355286e-07,7.281445546593835e-07,7.281415157193622e-07,7.281384768137493e-07,7.281354379449281e-07,7.281323991117385e-07
14,7.5096813368982325e-65,3.082530153785063e-64,8.009675202109623e-64,1.6728971526876253e-63,3.0597227710827695e-63,5.111662716179203e-63,7.992618914572481e-63,1.187978147263422e-62,1.6963534810053224e-62,2.344754511241763e-62,3.1548943993294673e-62,4.149855169368519e-62,5.354110436739994e-62,6.793546499639538e-62,8.49548076056181e-62,1.0488677097765317e-61,1.280335820484327e-61,1.5471215140096575e-61,1.852541443560781e-61,2.2000603150953245e-61,2.5932912247636326e-61,3.0359958627334564e-61,3.5320846132822804e-61,4.085616576312812e-61,4.700799530870697e-61,5.381989857120304e-61,6.1336924296290515e-61,6.960560491789796e-61,7.86739551874059e-61,8.859147074148419e-61,9.940912664667607e-61,1.1117937594685092e-60,1.2395614823053547e-60,1.3779484822844416e-60,1.5275235444675029e-60,1.688870178380634e-60,1.8625866050997698e-60,2.049285744694058e-60,2.2495952040010833e-60,2.464157264703258e-60,2.69362887167265e-60,2.9386816215521873e-60,3.200001751543249e-60,3.4782901283707246e-60,3.7742622374006784e-60,4.088648171888204e-60,4.422192622335358e-60,4.775654865942483e-60,5.14980875613833e-60,5.545442712176323e-60,5.963359708786875e-60,6.404377265876698e-60,6.869327438267972e-60,7.359056805471008e-60,7.874426461486843e-60,8.416312004632183e-60,8.985603527387848e-60,9.583205606264663e-60,1.0210037291685856e-59,1.0867032097883683e-59,1.1555137992809582e-59,1.2275317388055572e-59,1.3028547128786725e-59,1.3815818483683759e-59,1.4638137134895062e-59,1.5496523167997498e-59,1.6392011061965996e-59,1.7325649679151513e-59,1.829850225526639e-59,1.9311646389377882e-59,2.03661740339097e-59,2.1463191484650354e-59,2.260381937076933e-59,2.3789192644840116e-59,2.502046057287122e-59,2.6298786724343593e-59,2.7625348962256094e-59,2.9001339433176365e-59,3.042796455730127e-59,3.190644501852228e-59,3.3438015754498995e-59,3.5023925946738876e-59,3.6665439010685484e-59,3.836383258581144e-59,4.012039852572077e-59,4.193644288825654e-59,4.381328592561585e-59,4.575226207447256e-59,4.775471994610595e-59,4.982202231653688e-59,5.1955546116670655e-59,5.4156682422447145e-59,5.642683644499757e-59,5.876742752080827e-59,6.1179889101891165e-59,6.366566874596169e-59,6.622622810662312e-59,6.886304292355814e-59,7.157760301272717e-59,7.437141225657337e-59,7.724598859423496e-59,8.020286401176403e-59,8.324358453235263e-59,8.636971020656548e-59,8.958281510257918e-59,9.288448729642994e-59,9.627632886226511e-59,9.975995586260455e-59,1.0333699833860766e-58,1.0700910030034722e-58,1.1077791971708945e-58,1.1464512850758262e-58,1.1861241253035076e-58,1.226814715739946e-58,1.2685401934750163e-58,1.3113178347055767e-58,1.3551650546387239e-58,1.4000994073950339e-58,1.4461385859119595e-58,1.4933004218472221e-58,1.541602885482311e-58,1.5910640856260381e-58,1.6417022695181664e-58,1.6935358227330854e-58,1.746583269083617e-58,1.800863270524782e-58,1.8563946270577353e-58,1.9131962766337224e-58,1.9712872950580944e-58,2.030686895894433e-58,2.0914144303686877e-58,2.1534893872734484e-58,2.2169313928721923e-58,2.281760210803695e-58,2.3479957419864464e-58,2.4156580245231636e-58,2.484767233605338e-58,2.5553436814178993e-58,2.6274078170439148e-58,2.7009802263693368e-58,2.7760816319878707e-58,2.8527328931058446e-58,2.930955005447216e-58,3.010769101158605e-58,3.0921964487143716e-58,3.175258452821814e-58,3.259976654326394e-58,3.346372730117067e-58,3.4344684930316045e-58,3.524285891762091e-58,3.615847010760376e-58,3.709174070143674e-58,3.80428942560022e-58,3.901215568294933e-58,3.9999751247752e-58,4.100590856876731e-58,4.203085661629443e-58,4.307482571163449e-58,4.413804752615059e-58,4.5220755080329146e-58,4.632318274284137e-58,4.7445566229605755e-58,4.858814260285098e-58,4.975115027017954e-58,5.093482898363207e-58,5.213941983875248e-58,5.33651652736533e-58,5.461230906808219e-58,5.58810963424888e-58,5.7171773557092354e-58,5.848458851094997e-58,5.981979034102545e-58,6.1177629521258994e-58,6.25583578616373e-58,6.396222850726452e-58,6.538949593743375e-58,6.684041596469916e-58,6.831524573394895e-58,6.981424372147872e-58,7.133766973406572e-58,7.28857849080434e-58,7.445885170837725e-58,7.60571339277405e-58,7.768089668559107e-58,7.933040642724893e-58,8.100593092297419e-58,8.27077392670455e-58,8.44361018768398e-58,8.619129049191195e-58,8.79735781730757e-58,8.978323930148452e-58,9.162054957771395e-58,9.348578602084401e-58,9.537922696754235e-58,9.730115207114804e-58,9.925184230075637e-58,1.0123157994030375e-57,1.032406485876535e-57,1.0527933315368243e-57,1.0734791986136787e-57,1.0944669624487529e-57,1.115759511486467e-57,1.1373597472648968e-57,1.1592705844066705e-57,1.1814949506098716e-57,1.2040357866389463e-57,1.2268960463156216e-57,1.2500786965098265e-57,1.2735867171306195e-57,1.2974231011171243e-57,1.32159085442947e-57,1.34609299603974e-57,1.3709325579229256e-57,1.3961125850478824e-57,1.4216361353683058e-57,1.4475062798136946e-57,1.4737261022803348e-57,1.5002986996222852e-57,1.5272271816423687e-57,1.554514671083171e-57,1.5821643036180446e-57,1.6101792278421217e-57,1.6385626052633274e-57,1.6673176102934074e-57,1.6964474302389558e-57,1.7259552652924557e-57,1.7558443285233154e-57,1.7861178458689183e-57,1.8167790561256824e-57,1.8478312109401183e-57,1.8792775747998995e-57,1.9111214250249288e-57,1.9433660517584344e-57,1.9760147579580389e-57,2.0090708593868621e-57,2.0425376846046193e-57,2.0764185749587237e-57,2.1107168845754004e-57,2.145435980350805e-57,2.1805792419421392e-57,2.216150061758793e-57,2.2521518449534834e-57,2.2885880094133812e-57,2.325461985751271e-57,2.3627772172967104e-57,2.400537160087173e-57,2.4387452828592435e-57,2.4774050670397705e-57,2.5165200067370516e-57,2.5560936087320265e-57,2.5961293924694597e-57,2.6366308900491496e-57,2.677601646217123e-57,2.719045218356855e-57,2.76096517648048e-57,2.803365103220019e-57,2.846248593818607e-57,2.889619256121733e-57,2.933480710568476e-57,2.9778365901827577e-57,3.022690540564593e-57,3.0680462198813547e-57,3.113907298859039e-57,3.1602774607735305e-57,3.2071604014419024e-57,3.254559829213675e-57,3.302479464962125e-57,3.3509230420755704e-57,3.3998943064486874e-57,3.4493970164738075e-57,3.499434943032244e-57,3.550011869485605e-57,3.6011315916671227e-57,3.6527979178729956e-57,3.705014668853717e-57,3.7577856778054264e-57,3.8111147903612635e-57,3.865005864582729e-57,3.9194627709510344e-57,3.974489392358491e-57,4.030089624099878e-57,4.0862673738638216e-57,4.1430265617241895e-57,4.200371120131484e-57,4.25830499390424e-57,4.31683214022044e-57,4.3759565286089136e-57,4.4356821409407733e-57,4.496012971420815e-57,4.556953026578982e-57,4.618506325261773e-57,4.6806768986236997e-57,4.7434687901187333e-57,4.806886055491759e-57,4.870932762770035e-57,4.935612992254659e-57,5.000930836512051e-57,5.0668904003654155e-57,5.133495800886247e-57,5.200751167385802e-57,5.268660641406616e-57,5.337228376713972e-57,5.40645853928745e-57,5.476355307312427e-57,5.546922871171587e-57,5.618165433436457e-57,5.69008720885894e-57,5.762692424362856e-57,5.835985319035478e-57,5.9099701441191e-57,5.984651163002567e-57,6.060032651212866e-57,6.136118896406668e-57,6.212914198361927e-57,6.290422868969444e-57,6.368649232224463e-57,6.447597624218257e-57,6.527272393129726e-57,6.607677899216999e-57,6.688818514809058e-57,6.770698624297335e-57,6.853322624127357e-57,6.936694922790343e-57,7.020819940814851e-57,7.105702110758442e-57,7.191345877199296e-57,7.277755696727862e-57,7.364936037938525e-57,7.452891381421266e-57,7.541626219753356e-57,7.631145057490981e-57,7.72145241116096e-57,7.81255280925242e-57,7.904450792208481e-57,7.997150912417972e-57,8.090657734207123e-57,8.184975833831271e-57,8.280109799466583e-57,8.376064231201782e-57,8.472843741029856e-57,8.570452952839814e-57,8.668896502408414e-57,8.768179037391888e-57,8.868305217317729e-57,8.969279713576432e-57,9.07110720941324e-57,9.173792399919946e-57,9.277339992026628e-57,9.381754704493455e-57,9.487041267902467e-57,9.593204424649354e-57,9.700248928935272e-57,9.808179546758633e-57,9.917001055906916e-57,1.0026718245948473e-56,1.0137335918224368e-56,1.0248858885840189e-56,1.036129197365788e-56,1.047464001828758e-56,1.0588907868079464e-56,1.0704100383115597e-56,1.0820222435201792e-56,1.0937278907859442e-56,1.1055274696317421e-56,1.117421470750395e-56,1.1294103860038452e-56,1.1414947084223441e-56,1.1536749322036438e-56,1.1659515527121833e-56,1.1783250664782798e-56,1.190795971197318e-56,1.2033647657289458e-56,1.21603195009626e-56,1.228798025485001e-56,1.241663494242748e-56,1.2546288598781092e-56,1.267694627059915e-56,1.2808613016164184e-56,1.2941293905344812e-56,1.3074994019587797e-56,1.3209718451909917e-56,1.3345472306890003e-56,1.3482260700660876e-56,1.362008876090134e-56,1.3758961626828152e-56,1.3898884449188018e-56,1.4039862390249609e-56,1.4181900623795545e-56,1.4325004335114409e-56,1.446917872099275e-56,1.461442898970711e-56,1.4760760361016052e-56,1.4908178066152182e-56,1.5056687347814191e-56,1.5206293460158888e-56,1.5357001668793264e-56,1.5508817250766517e-56,1.566174549456214e-56,1.5815791700089972e-56,1.597096117867825e-56,1.6127259253065716e-56,1.6284691257393664e-56,1.644326253719806e-56,1.6602978449401616e-56,1.676384436230588e-56,1.6925865655583342e-56,1.7089047720269555e-56,1.7253395958755243e-56,1.7418915784778398e-56,1.7585612623416474e-56,1.77534919110784e-56,1.7922559095496836e-56,1.8092819635720232e-56,1.8264279002105013e-56,1.8436942676307742e-56,1.8610816151277236e-56,1.878590493124677e-56,1.8962214531726224e-56,1.9139750479494258e-56,1.9318518312590498e-56,1.949852358030773e-56,1.967977184318407e-56,1.9862268672995164e-56,2.004601965274643e-56,2.0231030376665198e-56,2.0417306450193e-56,2.060485348997771e-56,2.079367712386583e-56,2.0983782990894664e-56,2.117517674128461e-56,2.136786403643137e-56,2.1561850548898202e-56,2.1757141962408177e-56,2.195374397183637e-56,2.2151662283202253e-56,2.235090261366186e-56,2.25514706915001e-56,2.2753372256123014e-56,2.2956613058050066e-56,2.316119885890644e-56,2.336713543141534e-56,2.3574428559390276e-56,2.3783084037727397e-56,2.399310767239772e-56,2.4204505280439557e-56,2.4417282689950773e-56,2.463144574008115e-56,2.4847000281024642e-56,2.5063952174011813e-56,2.528230729130214e-56,2.55020715161763e-56,2.5723250742928632e-56,2.5945850876859447e-56,2.6169877834267377e-56,2.639533754244173e-56,2.6622235939654927e-56,2.6850578975154867e-56,2.7080372609157257e-56,2.7311622812838083e-56,2.754433556832593e-56,2.7778516868694477e-56,2.801417271795479e-56,2.825130913104783e-56,2.8489932133836826e-56,2.873004776309971e-56,2.8971662066521592e-56,2.9214781102687036e-56,2.945941094107274e-56,2.970555766203979e-56,2.9953227356826146e-56,3.0202426127539193e-56,3.0453160087148103e-56,3.070543535947633e-56,3.0959258079194086e-56,3.1214634391810814e-56,3.1471570453667697e-56,3.173007243193007e-56,3.199014650458001e-56,3.2251798860408786e-56,3.2515035699009343e-56,3.2779863230768843e-56,3.3046287676861177e-56,3.331431526923945e-56,3.358395225062859e-56,3.3855204874517727e-56,3.4128079405152883e-56,3.440258211752943e-56,3.467871929738465e-56,3.4956497241190316e-56,3.5235922256145198e-56,3.5517000660167655e-56,3.57997387818882e-56,3.608414296064203e-56,3.63702195464617e-56,3.6657974900069566e-56,3.694741539287055e-56,3.7238547406944547e-56,3.753137733503914e-56,3.7825911580562175e-56,3.812215655757431e-56,3.842011869078182e-56,3.871980441552895e-56,3.9021220177790708e-56,3.9324372434165476e-56,3.9629267651867557e-56,3.9935912308719936e-56,4.024431289314689e-56,4.0554475904166564e-56,4.0866407851383685e-56,4.118011525498221e-56,4.149560464571804e-56,4.181288256491159e-56,4.213195556444055e-56,4.245283020673254e-56,4.277551306475775e-56,4.3100010722021715e-56,4.342632977255793e-56,4.375447682092066e-56,4.408445848217746e-56,4.441628138190213e-56,4.4749952156167265e-56,4.508547745153691e-56,4.542286392505949e-56,4.576211824426046e-56,4.610324708713498e-56,4.64462571421407e-56,4.679115510819054e-56,4.713794769464544e-56,4.748664162130697e-56,4.783724361841034e-56,4.818976042661697e-56,4.854419879700736e-56,4.890056549107382e-56,4.925886728071333e-56,4.961911094822017e-56,4.99813032862789e-56,5.034545109795707e-56,5.071156119669796e-56,5.107964040631349e-56,5.144969556097703e-56,5.182173350521613e-56,5.2195761093905435e-56,5.257178519225948e-56,5.2949812675825515e-56,5.332985043047629e-56,5.371190535240306e-56,5.409598434810826e-56,5.448209433439844e-56,5.48702422383771e-56,5.526043499743768e-56,5.565267955925616e-56,5.6046982881784165e-56,5.644335193324176e-56,5.6841793692110365e-56,5.724231514712555e-56,5.764492329727008e-56,5.80496251517667e-56,5.845642773007105e-56,5.886533806186463e-56,5.927636318704771e-56,5.968951015573213e-56,6.010478602823435e-56,6.052219787506834e-56,6.094175277693857e-56,6.136345782473278e-56,6.178732011951513e-56,6.221334677251907e-56,6.264154490514018e-56,6.307192164892931e-56,6.350448414558541e-56,6.393923954694858e-56,6.437619501499302e-56,6.481535772181993e-56,6.525673484965062e-56,6.57003335908195e-56,6.614616114776686e-56,6.659422473303212e-56,6.704453156924681e-56,6.749708888912736e-56,6.795190393546836e-56,6.840898396113534e-56,6.886833622905808e-56,6.932996801222338e-56,6.979388659366829e-56,7.026009926647297e-56,7.07286133337538e-56,7.119943610865654e-56,7.167257491434922e-56,7.214803708401523e-56,7.262582996084647e-56,7.310596089803638e-56,7.35884372587729e-56,7.407326641623171e-56,7.4560455753569235e-56,7.505001266391565e-56,7.554194455036821e-56,7.603625882598407e-56,7.653296291377356e-56,7.703206424669319e-56,7.7533570267638845e-56,7.803748842943888e-56,7.854382619484717e-56,7.905259103653636e-56,7.9563790437090775e-56,8.0077431888999935e-56,8.059352289465127e-56,8.111207096632353e-56,8.16330836261799e-56,8.215656840626098e-56,8.268253284847824e-56,8.32109845046069e-56,8.374193093627932e-56,8.42753797149779e-56,8.481133842202864e-56,8.534981464859402e-56,8.589081599566624e-56,8.643435007406052e-56,8.698042450440824e-56,8.752904691715007e-56,8.808022495252922e-56,8.863396626058482e-56,8.919027850114479e-56,8.974916934381939e-56,9.031064646799426e-56,9.087471756282379e-56,9.144139032722411e-56,9.20106724698666e-56,9.2582571709171e-56,9.315709577329872e-56,9.373425240014601e-56,9.431404933733723e-56,9.489649434221827e-56,9.548159518184959e-56,9.606935963299968e-56,9.665979548213813e-56,9.725291052542925e-56,9.784871256872497e-56,9.84472094275584e-56,9.9048408927137e-56,9.965231890233591e-56,1.0025894719769141e-55,1.0086830166739388e-55,1.0148039017528145e-55,1.0209522059483316e-55,1.0271280080916233e-55,1.0333313871100991e-55,1.0395624220273765e-55,1.0458211919632165e-55,1.0521077761334585e-55,1.0584222538499482e-55,1.0647647045204763e-55,1.0711352076487096e-55,1.0775338428341256e-55,1.0839606897719448e-55,1.0904158282530678e-55,1.0968993381640046e-55,1.103411299486812e-55,1.109951792299025e-55,1.1165208967735923e-55,1.1231186931788096e-55,1.1297452618782535e-55,1.1364006833307163e-55,1.1430850380901384e-55,1.1497984068055442e-55,1.1565408702209764e-55,1.1633125091754277e-55,1.1701134046027784e-55,1.1769436375317286e-55,1.183803289085733e-55,1.190692440482936e-55,1.197611173036105e-55,1.2045595681525658e-55,1.211537707334137e-55,1.218545672177064e-55,1.2255835443719548e-55,1.2326514057037138e-55,1.239749338051476e-55,1.2468774233885439e-55,1.254035743782319e-55,1.2612243813942413e-55,1.2684434184797201e-55,1.2756929373880696e-55,1.2829730205624454e-55,1.290283750539779e-55,1.2976252099507135e-55,1.3049974815195374e-55,1.3124006480641207e-55,1.319834792495849e-55,1.3272999978195605e-55,1.3347963471334802e-55,1.342323923629156e-55,1.3498828105913932e-55,1.3574730913981904e-55,1.3650948495206758e-55,1.3727481685230424e-55,1.3804331320624815e-55,1.3881498238891204e-55,1.3958983278459595e-55,1.4036787278688049e-55,1.411491107986206e-55,1.4193355523193912e-55,1.427212145082203e-55,1.4351209705810348e-55,1.4430621132147664e-55,1.4510356574746997e-55,1.4590416879444968e-55,1.4670802893001125e-55,1.4751515463097327e-55,1.4832555438337121e-55,1.4913923668245067e-55,1.4995621003266126e-55,1.5077648294765027e-55,1.5160006395025594e-55,1.5242696157250175e-55,1.532571843555894e-55,1.5409074084989296e-55,1.5492763961495211e-55,1.557678892194661e-55,1.566114982412874e-55,1.5745847526741517e-55,1.5830882889398903e-55,1.591625677262829e-55,1.600197003786984e-55,1.6088023547475868e-55,1.6174418164710239e-55,1.6261154753747659e-55,1.6348234179673122e-55,1.643565730848126e-55,1.65234250070757e-55,1.661153814326844e-55,1.6699997585779225e-55,1.678880420423491e-55,1.687795886916886e-55,1.696746245202028e-55,1.7057315825133622e-55,1.7147519861757948e-55,1.72380754360463e-55,1.7328983423055093e-55,1.7420244698743455e-55,1.751186013997263e-55,1.7603830624505383e-55,1.769615703100529e-55,1.7788840239036193e-55,1.7881881129061554e-55,1.797528058244382e-55,1.806903948144382e-55,1.8163158709220138e-55,1.825763914982848e-55,1.835248168822105e-55,1.844768721024597e-55,1.8543256602646626e-55,1.863919075306105e-55,1.873549055002132e-55,1.8832156882952904e-55,1.8929190642174093e-55,1.902659271889536e-55,1.9124364005218723e-55,1.922250539413716e-55,1.9321017779533972e-55,1.9419902056182185e-55,1.9519159119743918e-55,1.9618789866769786e-55,1.971879519469826e-55,1.9819176001855075e-55,1.9919933187452616e-55,2.0021067651589302e-55,2.0122580295248946e-55,2.0224472020300196e-55,2.0326743729495878e-55,2.0429396326472407e-55,2.0532430715749167e-55,2.0635847802727912e-55,2.0739648493692155e-55,2.0843833695806512e-55,2.0948404317116173e-55,2.1053361266546248e-55,2.1158705453901144e-55,2.1264437789863986e-55,2.1370559185996016e-55,2.147707055473594e-55,2.158397280939937e-55,2.1691266864178207e-55,2.179895363414001e-55,2.1907034035227418e-55,2.2015508984257524e-55,2.2124379398921298e-55,2.2233646197782967e-55,2.23433103002794e-55,2.2453372626719525e-55,2.25638340982837e-55,2.2674695637023156e-55,2.2785958165859345e-55,2.289762260858336e-55,2.3009689889855363e-55,2.3122160935203925e-55,2.323503667102548e-55,2.334831802458369e-55,2.3462005924008854e-55,2.3576101298297313e-55,2.369060507731087e-55,2.3805518191776157e-55,2.3920841573284038e-55,2.4036576154289067e-55,2.415272286810882e-55,2.426928264892334e-55,2.438625643177454e-55,2.450364515256559e-55,2.4621449748060326e-55,2.4739671155882673e-55,2.485831031451601e-55,2.497736816330264e-55,2.5096845642443133e-55,2.521674369299578e-55,2.5337063256875966e-55,2.545780527685559e-55,2.5578970696562487e-55,2.5700560460479804e-55,2.5822575513945454e-55,2.5945016803151495e-55,2.6067885275143546e-55,2.6191181877820188e-55,2.63149075599324e-55,2.6439063271082925e-55,2.656364996172575e-55,2.668866858316545e-55,2.681412008755663e-55,2.694000542790335e-55,2.7066325558058533e-55,2.719308143272334e-55,2.732027400744664e-55,2.7447904238624388e-55,2.757597308349906e-55,2.7704481500159038e-55,2.7833430447538056e-55,2.796282088541463e-55,2.8092653774411415e-55,2.822293007599469e-55,2.835365075247371e-55,2.8484816767000185e-55,2.861642908356765e-55,2.874848866701093e-55,2.8880996483005492e-55,2.9013953498066947e-55,2.9147360679550393e-55,2.928121899564989e-55,2.9415529415397853e-55,2.955029290866448e-55,2.968551044615718e-55,2.982118299941998e-55,2.9957311540832967e-55,3.0093897043611668e-55,3.0230940481806536e-55,3.0368442830302352e-55,3.05064050648176e-55,3.0644828161903943e-55,3.078371309894564e-55,3.092306085415898e-55,3.106287240659165e-55,3.1203148736122227e-55,3.13438908234596e-55,3.1485099650142358e-55,3.162677619853822e-55,3.1768921451843507e-55,3.1911536394082523e-55,3.2054622010107017e-55,3.2198179285595595e-55,3.234220920705312e-55,3.248671276181019e-55,3.2631690938022575e-55,3.277714472467058e-55,3.2923075111558564e-55,3.3069483089314286e-55,3.321636964938838e-55,3.3363735784053804e-55,3.351158248640523e-55,3.365991075035849e-55,3.3808721570650055e-55,3.395801594283637e-55,3.4107794863293396e-55,3.425805932921599e-55,3.4408810338617324e-55,3.456004889032835e-55,3.4711775983997214e-55,3.4863992620088735e-55,3.5016699799883795e-55,3.516989852547879e-55,3.532358979978504e-55,3.547777462652831e-55,3.5632454010248165e-55,3.578762895629741e-55,3.594330047084161e-55,3.609946956085843e-55,3.6256137234137134e-55,3.6413304499278e-55,3.6570972365691765e-55,3.67291418435991e-55,3.688781394402995e-55,3.704698967882316e-55,3.72066700606257e-55,3.736685610289225e-55,3.752754881988458e-55,3.768874922667108e-55,3.7850458339126036e-55,3.801267717392926e-55,3.817540674856541e-55,3.833864808132348e-55,3.850240219129628e-55,3.866667009837976e-55,3.883145282327261e-55,3.89967513874756e-55,3.916256681329105e-55,3.932890012382232e-55,3.949575234297318e-55,3.966312449544731e-55,3.983101760674781e-55,3.999943270317647e-55,4.016837081183342e-55,4.033783296061638e-55,4.050782017822032e-55,4.0678333494136736e-55,4.084937393865321e-55,4.102094254285278e-55,4.1193040338613485e-55,4.136566835860769e-55,4.153882763630167e-55,4.1712519205954986e-55,4.188674410261993e-55,4.206150336214104e-55,4.2236798021154495e-55,4.2412629117087594e-55,4.258899768815821e-55,4.276590477337421e-55,4.2943351412532974e-55,4.312133864622081e-55,4.329986751581243e-55,4.347893906347033e-55,4.365855433214441e-55,4.38387143655712e-55,4.401942020827357e-55,4.420067290556e-55,4.438247350352415e-55,4.456482304904418e-55,4.474772258978237e-55,4.49311731741845e-55,4.511517585147933e-55,4.5299731671678024e-55,4.5484841685573644e-55,4.5670506944740584e-55,4.5856728501534086e-55,4.604350740908963e-55,4.623084472132243e-55,4.6418741492926916e-55,4.660719877937619e-55,4.679621763692142e-55,4.6985799122591404e-55,4.717594429419198e-55,4.736665421030548e-55,4.755792993029022e-55,4.774977251428e-55,4.794218302318346e-55,4.813516251868366e-55,4.832871206323746e-55,4.852283272007508e-55,4.871752555319945e-55,4.891279162738577e-55,4.910863200818095e-55,4.9305047761903066e-55,4.950203995564085e-55,4.96996096572531e-55,4.989775793536826e-55,5.009648585938377e-55,5.029579449946561e-55,5.049568492654773e-55,5.069615821233159e-55,5.089721542928553e-55,5.109885765064431e-55,5.130108595040853e-55,5.150390140334422e-55,5.170730508498212e-55,5.1911298071617345e-55,5.2115881440308734e-55,5.232105626887835e-55,5.252682363591099e-55,5.273318462075365e-55,5.294014030351494e-55,5.314769176506463e-55,5.335584008703311e-55,5.3564586351810846e-55,5.3773931642547825e-55,5.398387704315314e-55,5.419442363829434e-55,5.440557251339701e-55,5.46173247546442e-55,5.482968144897585e-55,5.504264368408837e-55,5.525621254843407e-55,5.547038913122064e-55,5.568517452241065e-55,5.590056981272098e-55,5.611657609362232e-55,3.8648510162929826e-25,1.2602911319079889e-24,2.6589492251898516e-24,4.639364756659149e-24,7.2649260426349e-24,1.0603784589915529e-23,1.4729072069828238e-23,1.9719339887907878e-23,2.5659038532464146e-23,3.2639028816972094e-23,4.075713174097786e-23,5.011872348417123e-23,6.083738134689066e-23,7.303558622002827e-23,8.684548732012668e-23,1.0240973533627896e-22,1.1988239067051788e-22,1.394299141749784e-22,1.6123224856978761e-22,1.854839996454543e-22,2.1239572735839307e-22,2.4219535808384425e-22,2.7512973054624994e-22,3.114662893867294e-22,3.5149494192134866e-22,3.9553009543142166e-22,4.439128943819416e-22,4.970136791768138e-22,5.552346907054048e-22,6.190130477465224e-22,6.888240276456846e-22,7.651846843694213e-22,8.486578421864746e-22,9.398565081065626e-22,1.0394487514802084e-21,1.1481631054938205e-21,1.2667945521763086e-21,1.3962111606096349e-21,1.5373614571736898e-21,1.6912826171353404e-21,1.859109578799066e-21,2.042085195335759e-21,2.2415715550123423e-21,2.4590626188496494e-21,2.6961983456230183e-21,2.9547804982184195e-21,3.236790353430363e-21,3.544408569352851e-21,3.880037502392882e-21,4.246326308995935e-21,4.646199218309002e-21,5.08288742088097e-21,5.559965087391141e-21,6.081390112563969e-21,6.651550273678379e-21,7.275315604660187e-21,7.958097917535239e-21,8.705918557590547e-21,9.525485661323678e-21,1.0424282402394985e-20,1.141066796800876e-20,1.249399331382546e-20,1.368473411022985e-20,1.499464372909715e-20,1.6436929643187608e-20,1.8026457238274094e-20,1.9779985796146163e-20,2.171644232075982e-20,2.3857239988133564e-20,2.622664934799832e-20,2.885223204363938e-20,3.176534882406136e-20,3.500175607443412e-20,3.860230811815369e-20,4.2613786253487316e-20,4.7089880170745996e-20,5.209235291069546e-20,5.769242800317506e-20,6.397244599277706e-20,7.102784895186147e-20,7.89695655997324e-20,8.792688746099222e-20,9.805094909132892e-20,1.095189541756506e-19,1.2253932612531253e-19,1.3735800904003684e-19,1.5426620589038226e-19,1.7360991963904373e-19,1.9580176566334794e-19,2.2133565778332927e-19,2.508051458975658e-19,2.849264145746379e-19,3.245672579156814e-19,3.7078375236391985e-19,4.248668911022625e-19,4.884021694575588e-19,5.633460868135806e-19,6.521248483887605e-19,7.577623373606787e-19,8.840468616932663e-19,1.0357495112385806e-18,1.2189115468343666e-18,1.4412246044703822e-18,1.712536413649465e-18,2.0455274119000947e-18,2.4566220704605223e-18,2.96722636421825e-18,3.605425936633164e-18,4.408350381650932e-18,5.425532558558323e-18,6.723820240165008e-18,8.394843509069248e-18,1.0566954272782516e-17,1.3425495085631957e-17,1.7249506929604754e-17,2.2482518568690894e-17,2.987672356800449e-17,4.0799369592506714e-17,5.79043160442664e-17,8.664191981616501e-17,1.3872499388697404e-16,2.3996830346107574e-16,4.465149829146335e-16,8.776718341267795e-16,1.804856532269758e-15,3.976200894030304e-15,1.2142384068880345e-14,9.693387790172154e-14,1.0709685046783263e-12,8.280888046434559e-12,4.109993359584042e-11,1.3806224148928274e-10,3.377410505866615e-10,6.440412102676031e-10,1.0148270616183957e-09,1.387222723427563e-09,1.7108970669375833e-09,1.9625531233397358e-09,2.1416197949909013e-09,2.2594859855491017e-09,2.330784565161862e-09,2.3687872302448466e-09,2.383858878514939e-09,2.3834769800747047e-09,2.37280858498709e-09,2.3553515263040533e-09,2.3334613424984735e-09,2.3087330881893207e-09,2.2822605081793485e-09,2.2548058887987184e-09,2.226909531067439e-09,2.1989600636961894e-09,2.1712399202059263e-09,2.1439552176702213e-09,2.1172558409976256e-09,2.0912493260227873e-09,2.0660107540937464e-09,2.041590022087472e-09,2.0180173355335967e-09,1.995307458029145e-09,1.973463060738536e-09,1.9524773984364515e-09,1.93233646754203e-09,1.913020754999049e-09,1.8945066589622472e-09,1.8767676423251234e-09,1.8597751663464822e-09,1.8434994437818984e-09,1.8279100414157946e-09,1.8129763587112478e-09,1.798668003577998e-09,1.7849550833510768e-09,1.7718084259718187e-09,1.759199743947044e-09,1.7471017516960363e-09,1.7354882450807437e-09,1.7243341505174778e-09,1.713615549762859e-09,1.7033096855560996e-09,1.693394952246821e-09,1.6838508748281603e-09,1.674658079433162e-09,1.6657982572583587e-09,1.6572541241445798e-09,1.6490093771227319e-09,1.641048649206829e-09,1.6333574633600057e-09,1.6259221864136686e-09,1.6187299835166152e-09,1.6117687735758224e-09,1.605027185959374e-09,1.5984945187925103e-09,1.5921606989313406e-09,1.586016243773132e-09,1.5800522249160774e-09,1.5742602337207437e-09,1.5686323487628895e-09,1.5631611051378162e-09,1.557839465563521e-09,1.5526607932229065e-09,1.547618826331341e-09,1.5427076542295596e-09,1.5379216950945062e-09,1.5332556749978762e-09,1.5287046084152036e-09,1.5242637800054875e-09,1.5199287275513759e-09,1.5156952261216788e-09,1.5115592731911608e-09,1.50751707492991e-09,1.5035650331897455e-09,1.4996997335504825e-09,1.495917934098784e-09,1.4922165549889717e-09,1.4885926686961425e-09,1.4850434908750108e-09,1.4815663719408178e-09,1.4781587890536247e-09,1.476404135252998e-09,1.4731056332933434e-09,1.469864945580747e-09,1.4666843755244363e-09,1.4635629009578896e-09,1.4604988718479238e-09,1.4574905209871076e-09,1.4545361014350188e-09,1.4516339246032464e-09,1.4487823692460944e-09,1.445979881378611e-09,1.4432249719970718e-09,1.4405162138393094e-09,1.4378522384054958e-09,1.4352317329291583e-09,1.432653437580303e-09,1.4301161427743193e-09,1.4276186866576957e-09,1.4251599527706082e-09,1.4227388678104638e-09,1.420354399525758e-09,1.4180055547627908e-09,1.4156913775931944e-09,1.4134109475351396e-09,1.411163377967842e-09,1.4089478144704936e-09,1.4067634334068213e-09,1.4046094405029274e-09,1.4024850695401109e-09,1.4003895810728003e-09,1.398322261311421e-09,1.3962824212845134e-09,1.3942693945177873e-09,1.3922825375966433e-09,1.3903212286161822e-09,1.3883848661281143e-09,1.3864728683682347e-09,1.384584672474823e-09,1.3827197336558014e-09,1.380877524494798e-09,1.3790575342211084e-09,1.3772592681214707e-09,1.3754822467696657e-09,1.3737260055294606e-09,1.3719900939475538e-09,1.37027407518656e-09,1.3685775255197485e-09,1.3669000338246086e-09,1.3652412011125748e-09,1.3636006400862895e-09,1.3619779746532189e-09,1.360372839572959e-09,1.358784880012386e-09,1.3572137512443272e-09,1.3556591181853711e-09,1.3541206551038546e-09,1.3525980452980976e-09,1.351090980732898e-09,1.3495991617780884e-09,1.3481222969362593e-09,1.3466601024807713e-09,1.3452123022728564e-09,1.3437786274293354e-09,1.3423588161956818e-09,1.3409526136025486e-09,1.3395597712508727e-09,1.338180047120595e-09,1.3368132053707198e-09,1.3354590161316043e-09,1.3341172552938044e-09,1.3327877043410385e-09,1.3314701501810922e-09,1.3301643849464956e-09,1.3288702058597045e-09,1.3275874150520228e-09,1.3263158194261857e-09,1.325055230455751e-09,1.3238054642429138e-09,1.3225663410988343e-09,1.3213376855462658e-09,1.3201193262622954e-09,1.3189110958321017e-09,1.3177128307043687e-09,1.3165243710847388e-09,1.3153455608548429e-09,1.3141762473044175e-09,1.3130162811892384e-09,1.3118655166041618e-09,1.3107238108650663e-09,1.3095910244158208e-09,1.3084670207588998e-09,1.3073516663583283e-09,1.3062448305301697e-09,1.3051463854717447e-09,1.3040562060314463e-09,1.3029741697069556e-09,1.3019001566720132e-09,1.3008340494511305e-09,1.2997757331312033e-09,1.298725095148028e-09,1.297682025243963e-09,1.2966464154388058e-09,1.2956181598836508e-09,1.2945971549497096e-09,1.2935832990379455e-09,1.2925764925944197e-09,1.291576638043986e-09,1.290583639732166e-09,1.2895974039131834e-09,1.2886178386098644e-09,1.2876448536742118e-09,1.286678360685998e-09,1.285718272948586e-09,1.2847645053845123e-09,1.2838169745666478e-09,1.2828755986080234e-09,1.2819402971854749e-09,1.2810109914676696e-09,1.280087604092449e-09,1.2791700591256898e-09,1.2782582820399232e-09,1.2773521996869732e-09,1.2764517401409352e-09,1.275556832907614e-09,1.2746674087108276e-09,1.2737833995296537e-09,1.2729047385454158e-09,1.2720313601405374e-09,1.2711631997798272e-09,1.2703001941585811e-09,1.2694422810295207e-09,1.2685893992488307e-09,1.267741488700921e-09,1.2668984903263593e-09,1.266060346068911e-09,1.2652269988621534e-09,1.2643983926054594e-09,1.2635744721431225e-09,1.2627551832471317e-09,1.2619404725949372e-09,1.2611302877488193e-09,1.2603245771454977e-09,1.2595232900592915e-09,1.25872637659817e-09,1.2579337876848095e-09,1.2571454750424097e-09,1.256361391165098e-09,1.255581489309923e-09,1.2548057234914215e-09,1.254034048441749e-09,1.2532664196400566e-09,1.252502793237505e-09,1.2517431260853751e-09,1.2509873757022238e-09,1.2502355002775958e-09,1.2494874586483454e-09,1.2487432102776469e-09,1.2480027152443277e-09,1.2472659342667103e-09,1.2465328286322244e-09,1.2458033602288586e-09,1.245077491510511e-09,1.2443551855005669e-09,1.2436364057765093e-09,1.242921116392447e-09,1.2422092821044535e-09,1.2415008680263858e-09,1.2407958398404794e-09,1.2400941637314303e-09,1.239395806371014e-09,1.2387007349134227e-09,1.238008916996436e-09,1.237320320714711e-09,1.2366349146130017e-09,1.2359526677094279e-09,1.2352735494261897e-09,1.2345975296435127e-09,1.233924578663681e-09,1.2332546672209496e-09,1.232587766366269e-09,1.2319238476841249e-09,1.2312628830807915e-09,1.230604844843862e-09,1.2299497056586162e-09,1.2292974385884602e-09,1.2286480170493317e-09,1.228001414861063e-09,1.2273576061402285e-09,1.2267165653735537e-09,1.2260782673880233e-09,1.2254426873481988e-09,1.2248098007507917e-09,1.2241795834147747e-09,1.2235520114700156e-09,1.2229270614003282e-09,1.2223047099178476e-09,1.2216849341031838e-09,1.221067711339179e-09,1.2204530192407647e-09,1.2198408357620278e-09,1.2192311391308417e-09,1.2186239078486994e-09,1.218019120689822e-09,1.2174167566997282e-09,1.2168167951877769e-09,1.2162192157488353e-09,1.215623998145506e-09,1.2150311225071306e-09,1.2144405691485243e-09,1.2138523186381572e-09,1.213266351785934e-09,1.2126826496380374e-09,1.2121011934733489e-09,1.2115219647947287e-09,1.2109449453366002e-09,1.2103701170481356e-09,1.2097974620955305e-09,1.2092269628995442e-09,1.2086586020283327e-09,1.2080923622965316e-09,1.20752822672032e-09,1.206966178500135e-09,1.2064062010548788e-09,1.2058482780055541e-09,1.2052923931093045e-09,1.2047385303762973e-09,1.2041866739711498e-09,1.2036368082552245e-09,1.2030889177477141e-09,1.2025429872288138e-09,1.2019990015242148e-09,1.201456945748799e-09,1.200916805118514e-09,1.200378565041773e-09,1.199842211078604e-09,1.1993077289641812e-09,1.198775104590484e-09,1.1982443240080092e-09,1.1977153734305007e-09,1.197188239216105e-09,1.1966629078749217e-09,1.1961393660679968e-09,1.1956176006034747e-09,1.1950975984344205e-09,1.1945793466566992e-09,1.1940628325051737e-09,1.1935480433593937e-09,1.193034966725569e-09,1.192523590262335e-09,1.1920139017384726e-09,1.1915058890551077e-09,1.1909995402842053e-09,1.190494843571886e-09,1.1899917872181271e-09,1.1894903596423142e-09,1.1889905493751432e-09,1.1884923450916974e-09,1.1879957355642728e-09,1.1875007096849364e-09,1.1870072564769778e-09,1.1865153650731948e-09,1.186025024698958e-09,1.1855362247075394e-09,1.1850489545535532e-09,1.1845632037952857e-09,1.1840789621177394e-09,1.183596219308891e-09,1.1831149652612073e-09,1.1826351899576887e-09,1.1821568834766992e-09,1.1816800359757975e-09,1.181204637767381e-09,1.1807306792538101e-09,1.1802581508990918e-09,1.179787043279125e-09,1.1793173470422532e-09,1.1788490529575202e-09,1.1783821518744358e-09,1.1779166347322253e-09,1.1774524925570672e-09,1.1769897164578768e-09,1.1765282976534186e-09,1.1760682274270156e-09,1.1756094971403023e-09,1.175152098252102e-09,1.1746960222988711e-09,1.1742412608981576e-09,1.17378780574757e-09,1.1733356486236944e-09,1.1728847813812617e-09,1.1724351959415765e-09,1.1719868843209766e-09,1.1715398385966302e-09,1.1710940509652532e-09,1.1706495136131307e-09,1.1702062188429833e-09,1.1697641590486923e-09,1.1693233266805176e-09,1.1688837142202209e-09,1.168445314293545e-09,1.1680081195291368e-09,1.1675721226676522e-09,1.1671373164677413e-09,1.1667036937813182e-09,1.1662712475288816e-09,1.1658399707158126e-09,1.1654098563685044e-09,1.164980897595374e-09,1.1645530875736964e-09,1.1641264195124452e-09,1.1637008867146167e-09,1.1632764825259612e-09,1.1628532003591965e-09,1.1624310336814208e-09,1.1620099760243447e-09,1.1615900209627297e-09,1.1611711621276647e-09,1.1607533932227519e-09,1.1603367079940791e-09,1.159921100247377e-09,1.1595065638367152e-09,1.1590930926678286e-09,1.1586806807215278e-09,1.1582693219876863e-09,1.1578590105608902e-09,1.1574497405460596e-09,1.1570415061095116e-09,1.156634301473288e-09,1.1562281208987362e-09,1.1558229586939707e-09,1.1554188092280426e-09,1.1550156669113334e-09,1.1546135261985856e-09,1.1542123815962013e-09,1.153812227654673e-09,1.1534130589685627e-09,1.1530148701757386e-09,1.1526176559708734e-09,1.1522214110619935e-09,1.151826130235195e-09,1.1514318082999567e-09,1.1510384401154087e-09,1.150646020579899e-09,1.1502545446353892e-09,1.1498640072631289e-09,1.1494744034847038e-09,1.1490857283886679e-09,1.1486979770243992e-09,1.1483111445626725e-09,1.1479252261889389e-09,1.14754021711877e-09,1.1471561126100833e-09,1.146772907959032e-09,1.1463905984981998e-09,1.1460091795977542e-09,1.1456286466643593e-09,1.1452489951408382e-09,1.1448702205060329e-09,1.144492318271857e-09,1.1441152839913835e-09,1.1437391132473245e-09,1.143363801646064e-09,1.1429893448657294e-09,1.1426157385763086e-09,1.14224297849489e-09,1.141871060372683e-09,1.1414999800089066e-09,1.1411297332127767e-09,1.1407603158290672e-09,1.140391723746846e-09,1.1400239528725044e-09,1.1396569991494774e-09,1.139290858558815e-09,1.1389255270989807e-09,1.1385610008029409e-09,1.1381972757398033e-09,1.1378343479997513e-09,1.1374722137123017e-09,1.137110869015306e-09,1.136750310101091e-09,1.1363905331782419e-09,1.1360315344796577e-09,1.1356733102751957e-09,1.1353158568507225e-09,1.1349591705282564e-09,1.134603247660947e-09,1.1342480846132037e-09,1.1338936777904949e-09,1.1335400236167718e-09,1.1331871185623414e-09,1.1328349590713155e-09,1.1324835416628422e-09,1.1321328628649006e-09,1.1317829192290697e-09,1.1314337073320105e-09,1.1310852237848487e-09,1.1307374652116558e-09,1.1303904282545837e-09,1.1300441096136286e-09,1.1296985059524455e-09,1.1293536139925783e-09,1.12900943051132e-09,1.1286659522608647e-09,1.12832317604009e-09,1.1279810986545467e-09,1.1276397169090031e-09,1.1272990277111315e-09,1.1269590279296104e-09,1.1266197144547623e-09,1.1262810841904374e-09,1.1259431340993144e-09,1.1256058611451833e-09,1.1252692623167896e-09,1.1249333346131318e-09,1.124598075062014e-09,1.124263480718329e-09,1.1239295486389526e-09,1.1235962759052178e-09,1.1232636596501802e-09,1.1229316969883128e-09,1.122600385062262e-09,1.122269721040065e-09,1.1219397021034558e-09,1.1216103254479062e-09,1.1212815883087134e-09,1.1209534879238128e-09,1.1206260215511935e-09,1.120299186467165e-09,1.1199729799583023e-09,1.1196473993538265e-09,1.1193224419760916e-09,1.1189981051797388e-09,1.1186743863083015e-09,1.118351282774709e-09,1.1180287919819708e-09,1.1177069113132325e-09,1.1173856382216661e-09,1.1170649701575832e-09,1.1167449045884405e-09,1.1164254389820174e-09,1.1161065708544528e-09,1.1157882977218282e-09,1.1154706171163305e-09,1.1151535265861185e-09,1.1148370236946396e-09,1.1145211060211715e-09,1.1142057711608611e-09,1.113891016723225e-09,1.1135768403338873e-09,1.1132632396519328e-09,1.1129502123136577e-09,1.1126377559892977e-09,1.1123258683631955e-09,1.1120145471348837e-09,1.1117037900180908e-09,1.1113935947408313e-09,1.1110839590067099e-09,1.110774880648598e-09,1.1104663574024588e-09,1.1101583870445938e-09,1.1098509673762053e-09,1.1095440961892967e-09,1.1092377713415172e-09,1.1089319906644003e-09,1.10862675200317e-09,1.1083220532221381e-09,1.1080178922006362e-09,1.107714266827849e-09,1.107411175006931e-09,1.1071086146522841e-09,1.1068065836990672e-09,1.1065050800757037e-09,1.1062041017529248e-09,1.1059036466908855e-09,1.1056037128655497e-09,1.1053042982683038e-09,1.1050054009020989e-09,1.1047070187814095e-09,1.1044091499366974e-09,1.104111792395082e-09,1.103814944199988e-09,1.1035186034418722e-09,1.1032227681778534e-09,1.1029274364873598e-09,1.1026326064703182e-09,1.1023382762383394e-09,1.102044443904775e-09,1.1017511075834196e-09,1.101458265441099e-09,1.1011659156164557e-09,1.1008740562711954e-09,1.1005826855789168e-09,1.1002918017330243e-09,1.100001402900873e-09,1.0997114872975916e-09,1.0994220531405344e-09,1.099133098646931e-09,1.098844622061221e-09,1.098556621582813e-09,1.098269095549494e-09,1.097982042179493e-09,1.0976954597454237e-09,1.0974093465427091e-09,1.0971237008610127e-09,1.0968385210028838e-09,1.0965538052816029e-09,1.0962695520137154e-09,1.095985759539532e-09,1.095702426194622e-09,1.0954195503374655e-09,1.0951371303199649e-09,1.0948551645165739e-09,1.0945736513052707e-09,1.0942925890752153e-09,1.0940119762304362e-09,1.0937318111579214e-09,1.0934520922893315e-09,1.0931728180460896e-09,1.092893986848583e-09,1.092615597139344e-09,1.0923376473687226e-09,1.092060135993982e-09,1.091783061480808e-09,1.091506422303238e-09,1.0912302169436693e-09,1.0909544438905288e-09,1.0906791016448653e-09,1.0904041887141375e-09,1.0901297036143756e-09,1.0898556448668867e-09,1.0895820110026611e-09,1.0893088005583869e-09,1.0890360120869643e-09,1.0887636441352537e-09,1.0884916952697531e-09,1.0882201640527775e-09,1.0879490490757266e-09,1.0876783489175029e-09,1.0874080621693884e-09,1.0871381874326436e-09,1.0868687233149814e-09,1.0865996684311987e-09,1.086331021405695e-09,1.0860627808651946e-09,1.0857949454555964e-09,1.0855275138015556e-09,1.0852604845704261e-09,1.084993856406964e-09,1.0847276279607686e-09,1.0844617979424994e-09,1.0841963650480696e-09,1.0839313278992385e-09,1.0836666852128065e-09,1.083402435705866e-09,1.0831385780673373e-09,1.0828751110113096e-09,1.0826120332603227e-09,1.0823493435391368e-09,1.0820870405793602e-09,1.081825123120387e-09,1.0815635899073829e-09,1.0813024396917397e-09,1.0810416712314031e-09,1.0807812832906105e-09,1.080521274639556e-09,1.0802616440549666e-09,1.0800023903170491e-09,1.079743512219898e-09,1.0794850085559474e-09,1.0792268781262758e-09,1.0789691197379525e-09,1.0787117322041354e-09,1.0784547143435784e-09,1.0781980649812327e-09,1.0779417829425484e-09,1.0776858670545594e-09,1.0774303161987056e-09,1.077175129198543e-09,1.0769203048799474e-09,1.0766658421530228e-09,1.0764117398604328e-09,1.0761579968721738e-09,1.0759046120643533e-09,1.0756515843189094e-09,1.0753989125217601e-09,1.0751465955665633e-09,1.0748946323507813e-09,1.0746430217781432e-09,1.0743917627564229e-09,1.0741408541998897e-09,1.0738902950276734e-09,1.0736400841640969e-09,1.0733902205388398e-09,1.0731407030863977e-09,1.0728915307468124e-09,1.072642702464856e-09,1.0723942171905435e-09,1.0721460738788045e-09,1.0718982714892239e-09,1.0716508089870741e-09,1.0714036853426004e-09,1.0711568995297583e-09,1.0709104505290388e-09,1.0706643373242852e-09,1.0704185589048645e-09,1.0701731142647847e-09,1.0699280023996011e-09,1.0696832223189697e-09,1.0694387730289097e-09,1.0691946535404552e-09,1.0689508628720203e-09,1.0687074000454425e-09,1.0684642640872876e-09,1.0682214540286282e-09,1.06797896890504e-09,1.0677368077566352e-09,1.0674949696278668e-09,1.0672534535675678e-09,1.0670122586291623e-09,1.0667713838703673e-09,1.0665308283531723e-09,1.0662905911433222e-09,1.066050671307864e-09,1.0658110679252462e-09,1.0655717800739706e-09,1.065332806844099e-09,1.0650941473170279e-09,1.0648558006131072e-09,1.0646177657758845e-09,1.0643800419263709e-09,1.0641426281699619e-09,1.063905523612455e-09,1.0636687273763527e-09,1.0634322385707613e-09,1.0631960563157128e-09,1.0629601797329005e-09,1.0627246079539823e-09,1.062489340109319e-09,1.0622543753319646e-09,1.0620197127643745e-09,1.0617853515771754e-09,1.0615512908705953e-09,1.0613175298183923e-09,1.061084067560493e-09,1.0608509032664291e-09,1.0606180361036323e-09,1.060385465216241e-09,1.0601531898126827e-09,1.0599212090365e-09,1.0596895220721685e-09,1.0594581281000235e-09,1.0592270263044028e-09,1.0589962158870972e-09,1.0587656960106346e-09,1.058535465887246e-09,1.058305524697566e-09,1.0580758716681929e-09,1.0578465059814108e-09,1.0576174268712072e-09,1.057388633536681e-09,1.057160125192506e-09,1.0569319010579609e-09,1.0567039603551772e-09,1.056476302308998e-09,1.0562489261497515e-09,1.0560218311090132e-09,1.0557950164209057e-09,1.0555684813257732e-09,1.0553422250829657e-09,1.0551162468930337e-09,1.0548905460453664e-09,1.054665121777542e-09,1.054439973338461e-09,1.054215099986897e-09,1.0539905009918042e-09,1.0537661756128314e-09,1.0535421231278865e-09,1.0533183427893116e-09,1.0530948338800999e-09,1.0528715956753873e-09,1.0526486274526452e-09,1.0524259284980519e-09,1.052203498096796e-09,1.0519813355348103e-09,1.0517594401047873e-09,1.0515378111010893e-09,1.0513164478210342e-09,1.0510953495648428e-09,1.050874515635597e-09,1.0506539453392702e-09,1.050433637985571e-09,1.0502135928787595e-09,1.0499938093472294e-09,1.049774286701499e-09,1.0495550242614246e-09,1.0493360213571321e-09,1.0491172773071647e-09,1.0488987914309715e-09,1.0486805630679835e-09,1.048462591555368e-09,1.0482448762407105e-09,1.0480274164318392e-09,1.0478102114903892e-09,1.047593260754207e-09,1.0473765635811764e-09,1.0471601193155894e-09,1.0469439273140573e-09,1.0467279869216437e-09,1.0465122975024368e-09,1.0462968584186104e-09,1.0460816690317882e-09,1.0458667287060235e-09,1.0456520368108217e-09,1.045437592721504e-09,1.0452233958057893e-09,1.0450094454389992e-09,1.0447957409992036e-09,1.044582281863154e-09,1.0443690674318056e-09,1.0441560970539036e-09,1.0439433701383502e-09,1.0437308860821555e-09,1.0435186442717243e-09,1.0433066441016294e-09,1.0430948849694211e-09,1.042883366278231e-09,1.0426720874237781e-09,1.0424610478139842e-09,1.0422502468564964e-09,1.042039683959411e-09,1.0418293585335516e-09,1.0416192699930048e-09,1.0414094177536688e-09,1.0411998012338762e-09,1.0409904198540642e-09,1.040781273036567e-09,1.0405723602063173e-09,1.0403636807901773e-09,1.0401552342182999e-09,1.0399470199218203e-09,1.0397390373343964e-09,1.0395312858920414e-09,1.0393237650326515e-09,1.0391164741964353e-09,1.038909412820986e-09,1.0387025803557686e-09,1.0384959762465865e-09,1.0382895999426367e-09,1.038083450893794e-09,1.0378775285540342e-09,1.03767183238318e-09,1.037466361832987e-09,1.0372611163616142e-09,1.0370560954311148e-09,1.0368512985078735e-09,1.0366467250411761e-09,1.0364423745183825e-09,1.0362382464037955e-09,1.036034340165018e-09,1.035830655273841e-09,1.0356271912068592e-09,1.035423947439501e-09,1.0352209234598312e-09,1.0350181187432592e-09,1.034815532787888e-09,1.0346131650391165e-09,1.0344110149896251e-09,1.0342090821596626e-09,1.0340073660269108e-09,1.0338058660861686e-09,1.0336045818186225e-09,1.0334035127229343e-09,1.0332026583099254e-09,1.0330020180659582e-09,1.0328015915125188e-09,1.032601378127181e-09,1.0324013774273908e-09,1.0322015889231098e-09,1.0320020121163009e-09,1.0318026465209295e-09,1.0316034916484478e-09,1.031404547014219e-09,4.949059302562486e-10,4.366968696150596e-10,4.5748019331316014e-10,4.902294009623216e-10,5.23924639393995e-10,5.567353097084036e-10,5.883440169202083e-10,6.186887695244854e-10,6.477564844589049e-10,6.755485856807132e-10,7.020747404935028e-10,7.273511854062105e-10,7.513998036530812e-10,7.742473387487181e-10,7.959246534799311e-10,8.164660275763991e-10,8.359084989481014e-10,8.54291253006596e-10,8.716550645489079e-10,8.880417916913838e-10,9.034939248300164e-10,9.180541872798348e-10,9.317651871430491e-10,9.446691175516643e-10,9.568075016564862e-10,9.682209798809654e-10,9.789491351940288e-10,9.890303529437174e-10,9.985017118975366e-10,1.0073989026272513e-09,1.0157561701039019e-09,1.0236062773789847e-09,1.0309804873621773e-09,1.0379085600911828e-09,1.0444187629850213e-09,1.0505378920561116e-09,1.0562913017705533e-09,1.0617029423056975e-09,1.0667954023030601e-09,1.0715899559901515e-09,1.0761066133172905e-09,1.0803641723818556e-09,1.084380273137246e-09,1.0881714516717519e-09,1.0917531945463588e-09,1.0951399926037712e-09,1.098345393929623e-09,1.1013820556496868e-09,1.1042617942341181e-09,1.1069956341321745e-09,1.109593854676478e-09,1.1120660350481596e-09,1.1144210974130693e-09,1.116667347800434e-09,1.118812515299295e-09,1.1208637890827888e-09,1.1228278534619875e-09,1.124710921159522e-09,1.126518764517183e-09,1.128256745074254e-09,1.129929841356289e-09,1.1315426748822713e-09,1.1330995347158896e-09,1.1346044003967331e-09,1.1360609634531538e-09,1.1374726475212644e-09,1.1388426271569137e-09,1.1401738454205224e-09,1.1414690302851854e-09,1.142730709951452e-09,1.143961227123319e-09,1.1451627523144156e-09,1.146337296243276e-09,1.1474867213686772e-09,1.148612752618751e-09,1.1497169874221703e-09,1.1508009049259611e-09,1.151865874676207e-09,1.1529131646255002e-09,1.1539439485820671e-09,1.1549593131287016e-09,1.1559602640784652e-09,1.156947732311526e-09,1.1579225794902747e-09,1.158885603000807e-09,1.1598375409658721e-09,1.160779076366996e-09,1.161710841268834e-09,1.1626334206558437e-09,1.1635473558823445e-09,1.1644531479423006e-09,1.1653512604956197e-09,1.166242122658688e-09,1.1671261315536026e-09,1.1680036547956537e-09,1.1688750326133564e-09,1.1697405799869651e-09,1.170600588472096e-09,1.1714553280259507e-09,1.1723050486084464e-09,1.1731499816897488e-09,1.1739903416413191e-09,1.1748263270431512e-09,1.1756581218607334e-09,1.1764858965649773e-09,1.177309809150136e-09,1.1781300060585915e-09,1.178946623087337e-09,1.1797597861981592e-09,1.180569612197133e-09,1.1813762095250196e-09,1.1821796788309038e-09,1.182980113583475e-09,1.1837776005985598e-09,1.184572220603173e-09,1.1853640486110516e-09,1.1861531544206396e-09,1.1869396029985464e-09,1.1877234548131565e-09,1.1885047662328784e-09,1.1892835898038303e-09,1.1900599745203654e-09,1.1908339662411482e-09,1.1916056076526923e-09,1.1923749387441884e-09,1.1931419969530857e-09,1.1939068173016861e-09,1.1946694326598443e-09,1.1954298738478696e-09,1.1961881698005485e-09,1.1969443478113805e-09,1.1976984334623782e-09,1.1984504508650904e-09,1.1992004228700212e-09,1.1999483709787263e-09,1.2006943155509596e-09,1.201438275872085e-09,1.2021802701855327e-09,1.202920315884672e-09,1.2036584295538363e-09,1.204394626860286e-09,1.205128922794183e-09,1.2058613316494684e-09,1.2065918671672248e-09,1.2073205424360254e-09,1.2080473700359561e-09,1.2087723620393525e-09,1.2094955300792434e-09,1.210216885347794e-09,1.2109364386451969e-09,1.2116542004050182e-09,1.2123701807206602e-09,1.2130843893696737e-09,1.2137968358411353e-09,1.214507529342394e-09,1.2152164788316826e-09,1.215923693031728e-09,1.2166291804456388e-09,1.2173329493683211e-09,1.2180350079118295e-09,1.2187353640089104e-09,1.219434025420727e-09,1.2201309997593418e-09,1.2208262944900377e-09,1.2215199169426418e-09,1.2222118743200352e-09,1.2229021737064046e-09,1.223590822064445e-09,1.224277826270804e-09,1.2249631930940674e-09,1.2256469292099077e-09,1.2263290412154653e-09,1.2270095356068447e-09,1.227688418811261e-09,1.2283656971818987e-09,1.2290413769421638e-09,1.229715464372334e-09,1.2303879657316512e-09,1.2310588869464106e-09,1.2317282341159445e-09,1.2323960132072156e-09,1.233062230153949e-09,1.233726890844e-09,1.2343900010856528e-09,1.2350515666896076e-09,1.2357115933928131e-09,1.2363700868759662e-09,1.2370270528199949e-09,1.2376824968272623e-09,1.2383364244842657e-09,1.2389888413248004e-09,1.2396397528525253e-09,1.2402891645403733e-09,1.240937081835644e-09,1.2415835100969618e-09,1.2422284547726047e-09,1.2428719211688053e-09,1.2435139145886718e-09,1.2441544403179449e-09,1.2447935035848282e-09,1.2454311097089502e-09,1.2460672637508102e-09,1.2467019709453966e-09,1.247335236409156e-09,1.2479670652324355e-09,1.2485974625704814e-09,1.249226433448118e-09,1.2498539828992756e-09,1.2504801159643042e-09,1.2511048375778667e-09,1.2517281527222822e-09,1.252350066348923e-09,1.2529705833588855e-09,1.2535897086495383e-09,1.2542074470932466e-09,1.2548238035305642e-09,1.255438782783253e-09,1.2560523896653084e-09,1.2566646289283565e-09,1.2572755053388179e-09,1.2578850236282173e-09,1.2584931885383907e-09,1.2591000047339225e-09,1.259705476916222e-09,1.2603096096753654e-09,1.2609124076711554e-09,1.2615138755041818e-09,1.2621140177722686e-09,1.262712839092388e-09,1.2633103439256186e-09,1.2639065368328509e-09,1.2645014223116078e-09,1.265095004893961e-09,1.2656872890147153e-09,1.2662782791176902e-09,1.2668679796103982e-09,1.2674563949618364e-09,1.2680435295382352e-09,1.2686293877081776e-09,1.2692139737628197e-09,1.2697972920851108e-09,1.2703793470929065e-09,1.2709601430013813e-09,1.271539684051271e-09,1.2721179745388163e-09,1.2726950187058698e-09,1.273270820833441e-09,1.2738453851051945e-09,1.2744187156608255e-09,1.2749908167010735e-09,1.2755616923893627e-09,1.2761313468455842e-09,1.2766997842041076e-09,1.2772670085557292e-09,1.2778330239907727e-09,1.2783978345630625e-09,1.2789614443592115e-09,1.2795238573866452e-09,1.2800850777241137e-09,1.2806451093017068e-09,1.2812039560870003e-09,1.2817616220879992e-09,1.2823181112486472e-09,1.2828734275108534e-09,1.283427574793741e-09,1.2839805569851868e-09,1.2845323779864848e-09,1.2850830416819681e-09,1.2856325519036456e-09,1.286180912502722e-09,1.2867281272977729e-09,1.2872742000971376e-09,1.2878191347109367e-09,1.2883629348829697e-09,1.2889056043954764e-09,1.289447147018129e-09,1.2899875664577135e-09,1.2905268664290789e-09,1.2910650506173876e-09,1.2916021226745546e-09,1.2921380863695678e-09,1.2926729453111173e-09,1.293206703193752e-09,1.293739363549273e-09,1.29427093003362e-09,1.2948014062232213e-09,1.2953307957418865e-09,1.2958591021454588e-09,1.2963863289780435e-09,1.29691247978479e-09,1.2974375580931035e-09,1.2979615674176634e-09,1.298484511207184e-09,1.2990063930417343e-09,1.299527216344557e-09,1.3000469845822663e-09,1.300565701168763e-09,1.3010833695652501e-09,1.3015999931737062e-09,1.3021155754022032e-09,1.3026301196358422e-09,1.3031436292522973e-09,1.3036561076384919e-09,1.3041675580945656e-09,1.3046779839808437e-09,1.305187388618474e-09,1.3056957753189106e-09,1.3062031473729892e-09,1.3067095080804437e-09,1.3072148607108683e-09,1.3077192084941124e-09,1.308222554719758e-09,1.3087249026105135e-09,1.309226255363375e-09,1.309726616194523e-09,1.3102259883009072e-09,1.3107243748723794e-09,1.3112217790740828e-09,1.3117182040533098e-09,1.3122136529680066e-09,1.3127081289524581e-09,1.3132016351029734e-09,1.3136941745743861e-09,1.314185750445263e-09,1.3146763658142388e-09,1.315166023744586e-09,1.3156547272861022e-09,1.316142479456025e-09,1.3166292834106689e-09,1.3171151420734436e-09,1.3176000585229126e-09,1.3180840357004238e-09,1.3185670766303027e-09,1.3190491842940877e-09,1.3195303616614738e-09,1.3200106116909188e-09,1.3204899373130037e-09,1.3209683414993983e-09,1.3214458271488375e-09,1.3219223971941728e-09,1.3223980545213712e-09,1.3228728020312244e-09,1.3233466426048034e-09,1.3238195791116929e-09,1.32429161441074e-09,1.324762751400287e-09,1.3252329927547067e-09,1.3257023414863935e-09,1.3261708003279443e-09,1.3266383721368212e-09,1.3271050596609183e-09,1.3275708656596608e-09,1.3280357929488618e-09,1.3284998442918601e-09,1.328963022401793e-09,1.3294253300934089e-09,1.3298867700576492e-09,1.3303473450289736e-09,1.3308070577356735e-09,1.3312659108661632e-09,1.3317239071113745e-09,1.3321810491254494e-09,1.332637339605054e-09,1.3330927812076456e-09,1.3335473766005961e-09,1.334001128423376e-09,1.3344540393048085e-09,1.3349061118718784e-09,1.335357348739029e-09,1.3358077525109087e-09,1.3362573257827751e-09,1.336706071140171e-09,1.3371539911592856e-09,1.337601088404422e-09,1.3380473654701654e-09,1.3384928248389825e-09,1.3389374691130645e-09,1.3393813007600137e-09,1.3398243223202832e-09,1.3402665363127647e-09,1.3407079452388979e-09,1.3411485515915272e-09,1.3415883578541188e-09,1.3420273664907105e-09,1.3424655799775513e-09,1.3429030007712337e-09,1.343339631330616e-09,1.3437754740827203e-09,1.3442105314574568e-09,1.3446448058740905e-09,1.3450782997468204e-09,1.3455110154792835e-09,1.345942955455799e-09,1.3463741220736623e-09,1.3468045177106048e-09,1.3472341447357895e-09,1.3476630055098736e-09,1.3480911023849646e-09,1.3485184377039593e-09,1.3489450138031557e-09,1.3493708330095393e-09,1.3497958976415935e-09,1.350220210020386e-09,1.3506437724367742e-09,1.3510665871846131e-09,1.3514886565495117e-09,1.3519099828089693e-09,1.3523305682323434e-09,1.3527504150801333e-09,1.3531695256064028e-09,1.3535879020566248e-09,1.3540055466613307e-09,1.354422461661394e-09,1.3548386492745358e-09,1.3552541117100168e-09,1.3556688511793703e-09,1.356082869877598e-09,1.3564961699947759e-09,1.3569087537134704e-09,1.3573206232081783e-09,1.3577317806459913e-09,1.3581422281862653e-09,1.3585519679808121e-09,1.3589610021738765e-09,1.3593693329020808e-09,1.3597769622922005e-09,1.360183892472208e-09,1.3605901255559026e-09,1.360995663654594e-09,1.3614005088435627e-09,1.3618046632054254e-09,1.3622081289136155e-09,1.3626109079466373e-09,1.3630130024370188e-09,1.3634144143844538e-09,1.363815145902041e-09,1.3642151990097399e-09,1.3646145757464839e-09,1.3650132781725053e-09,1.3654113083010372e-09,1.365808668151169e-09,1.366205359737696e-09,1.3666013850725343e-09,1.3669967462014875e-09,1.3673914450917293e-09,1.3677854835949584e-09,1.3681788638028318e-09,1.3685715877395038e-09,1.3689636572719074e-09,1.369355074442568e-09,1.3697458411177268e-09,1.3701359592822417e-09,1.370525430875705e-09,1.3709142578644185e-09,1.3713024420347352e-09,1.3716899855131995e-09,1.3720768900948905e-09,1.372463157624068e-09,1.3728487901106024e-09,1.3732337893603511e-09,1.3736181573669624e-09,1.3740018959494876e-09,1.3743850069204586e-09,1.3747674922679353e-09,1.3751493537932323e-09,1.3755305933406932e-09,1.3759112127677485e-09,1.3762912139183275e-09,1.3766705986227661e-09,1.3770493686999732e-09,1.3774275260420508e-09,1.3778050723466822e-09,1.3781820094770388e-09,1.378558339212026e-09,1.378934063375388e-09,1.3793091837930097e-09,1.3796837023139818e-09,1.3800576205159968e-09,1.3804309402890405e-09,1.3808036634256099e-09,1.3811757917172074e-09,1.3815473267590006e-09,1.3819182704048955e-09,1.3822886243881254e-09,1.3826583904458548e-09,1.3830275703155844e-09,1.3833961658150535e-09,1.3837641784536665e-09,1.3841316100953973e-09,1.3844984624203527e-09,1.384864737120977e-09,1.3852304359063932e-09,1.3855955604402414e-09,1.3859601124559918e-09,1.3863240936156408e-09,1.3866875055863778e-09,1.387050350068318e-09,1.3874126286453883e-09,1.3877743430651065e-09,1.3881354949448788e-09,1.3884960859432402e-09,1.3888561177080955e-09,1.3892155918000394e-09,1.389574509941728e-09,1.389932873726486e-09,1.390290684745585e-09,1.390647944674083e-09,1.3910046550895853e-09,1.3913608175964757e-09,1.3917164337915652e-09,1.3920715052725423e-09,1.3924260337540955e-09,1.3927800206088284e-09,1.3931334674368139e-09,1.3934863758704705e-09,1.39383874747715e-09,1.3941905838190795e-09,1.3945418864534372e-09,1.394892656932132e-09,1.39524289680212e-09,1.395592607605085e-09,1.3959417908778417e-09,1.3962904481520765e-09,1.3966385809543939e-09,1.396986190806497e-09,1.3973332793679741e-09,1.3976798480062249e-09,1.3980258982301858e-09,1.3983714315401102e-09,1.3987164494359832e-09,1.3990609534075412e-09,1.3994049449430351e-09,1.399748425523781e-09,1.4000913966225083e-09,1.4004338597212293e-09,1.40077581628043e-09,1.4011172677694945e-09,1.4014582156427293e-09,1.401798661353637e-09,1.4021386063535359e-09,1.4024780520826078e-09,1.4028169999819042e-09,1.4031554514882796e-09,1.4034934080301754e-09,1.4038308710347927e-09,1.4041678419222515e-09,1.4045043221057997e-09,1.4048403130001576e-09,1.4051758160126382e-09,1.4055108323436918e-09,1.4058453635643062e-09,1.4061794111207578e-09,1.4065129763987515e-09,1.4068460607572203e-09,1.4071786655735222e-09,1.407510792218398e-09,1.4078424422791064e-09,1.4081736169117523e-09,1.4085043174202177e-09,1.4088345452249977e-09,1.4091643016814368e-09,1.4094935881381611e-09,1.4098224059421797e-09,1.4101507564033587e-09,1.4104786408918934e-09,1.4108060607400463e-09,1.4111330173485194e-09,1.411459511962103e-09,1.4117855458398924e-09,1.4121111203637655e-09,1.4124362368444314e-09,1.4127608965886768e-09,1.4130851008979968e-09,1.4134088510826618e-09,1.4137321484217143e-09,1.4140549942286951e-09,1.4143773898736465e-09,1.4146993365119965e-09,1.4150208354291103e-09,1.4153418878977018e-09,1.415662495160438e-09,1.4159826585199178e-09,1.4163023793094655e-09,1.4166216586670298e-09,1.416940497920411e-09,1.4172588982991163e-09,1.4175768610557848e-09,1.417894387432701e-09,1.4182114786646736e-09,1.4185281360239192e-09,1.4188443606755508e-09,1.4191601538794226e-09,1.4194755168507603e-09,1.4197904507750917e-09,1.4201049569296382e-09,1.420419036497259e-09,1.4207326907053203e-09,1.42104592074794e-09,1.4213587278114088e-09,1.4216711131035189e-09,1.4219830778152356e-09,1.422294623123113e-09,1.422605750230476e-09,1.4229164603175838e-09,1.4232267545480672e-09,1.4235366341004833e-09,1.4238461001165274e-09,1.4241551538811952e-09,1.4244637964002508e-09,1.4247720288861763e-09,1.4250798526015177e-09,1.4253872685282904e-09,1.4256942778917982e-09,1.4260008818279869e-09,1.4263070814906533e-09,1.4266128781392484e-09,1.4269182726513463e-09,1.427223266292001e-09,1.4275278601762413e-09,1.4278320555462256e-09,1.4281358532518312e-09,1.428439254615509e-09,1.428742260694747e-09,1.429044872617715e-09,1.4293470914919208e-09,1.4296489182769483e-09,1.429950354331993e-09,1.4302514006236135e-09,1.4305520582431489e-09,1.4308523282780698e-09,1.4311522118250966e-09,1.4314517099616315e-09,1.4317508237580353e-09,1.4320495543996108e-09,1.4323479027557817e-09,1.432645869991006e-09,1.4329434570829864e-09,1.4332406652874021e-09,1.433537495562893e-09,1.4338339489688516e-09,1.4341300265484437e-09,1.434425729362254e-09,1.434721058322559e-09,1.435016014733123e-09,1.4353105995003606e-09,1.4356048136469235e-09,1.4358986581060378e-09,1.4361921341967585e-09,1.436485242776462e-09,1.4367779848262051e-09,1.43707036141082e-09,1.4373623735394834e-09,1.4376540222183663e-09,1.4379453084846347e-09,1.438236233337753e-09,1.438526797770195e-09,1.4388170028178063e-09,1.4391068494372697e-09,1.4393963386341675e-09,1.4396854714300328e-09,1.439974248792777e-09,1.4402626716304084e-09,1.440550741091308e-09,1.4408384580446856e-09,1.441125823534191e-09,1.4414128385020356e-09,1.4416995039176268e-09,1.441985820750197e-09,1.442271789958046e-09,1.442557412521726e-09,1.4428426893832826e-09,1.4431276214775746e-09,1.44341220983504e-09,1.4436964553284967e-09,1.4439803589635232e-09,1.4442639216828115e-09,1.4445471444012634e-09,1.4448300280651429e-09,1.4451125736058102e-09,1.4453947819608452e-09,1.4456766541075846e-09,1.4459581909165898e-09,1.4462393933238064e-09,1.4465202622603722e-09,1.4468007987902379e-09,1.4470810035704865e-09,1.4473608777174413e-09,1.4476404219701101e-09,1.4479196372686918e-09,1.4481985246251194e-09,1.4484770848742612e-09,1.4487553190210556e-09,1.4490332277716485e-09,1.4493108121253177e-09,1.44958807304778e-09,1.449865011341811e-09,1.4501416279200167e-09,1.4504179236896431e-09,1.450693899543513e-09,1.4509695562714442e-09,1.4512448948389292e-09,1.4515199160891192e-09,1.4517946209373999e-09,1.4520690102033798e-09,1.45234308476439e-09,1.452616845431764e-09,1.4528902930828304e-09,1.4531634285963441e-09,1.4534362529267207e-09,1.4537087668359087e-09,1.4539809711524631e-09,1.454252866755837e-09,1.4545244544917403e-09,1.454795735201201e-09,1.4550667097303419e-09,1.4553373789155803e-09,1.4556077436034434e-09,1.455877804617106e-09,1.4561475627875202e-09,1.456417018939713e-09,1.4566861739340095e-09,1.4569550285739498e-09,1.4572235836974736e-09,1.4574918400647395e-09,1.4577597984891967e-09,1.4580274599944106e-09,1.458294825048529e-09,1.458561894623479e-09,1.4588286695396807e-09,1.459095150594985e-09,1.4593613385934004e-09,1.459627234322083e-09,1.4598928386618623e-09,1.4601581522695432e-09,1.4604231760015023e-09,1.4606879106528075e-09,1.4609523569903246e-09,1.4612165158366919e-09,1.4614803879559109e-09,1.4617439741309574e-09,1.4620072751848027e-09,1.4622702918029855e-09,1.4625330248492631e-09,1.4627954750093911e-09,1.4630576431360003e-09,1.4633195299533954e-09,1.4635811361872174e-09,1.4638424625826105e-09,1.4641035100579145e-09,1.4643642792403326e-09,1.464624770914288e-09,1.4648849858229738e-09,1.4651449247479753e-09,1.4654045884915353e-09,1.4656639776647833e-09,1.4659230930817432e-09,1.4661819355191938e-09,1.4664405056484116e-09,1.466698804245964e-09,1.4669568320359392e-09,1.467214589664872e-09,1.467472078055884e-09,1.4677292978382473e-09,1.4679862497681823e-09,1.4682429344416903e-09,1.4684993527893778e-09,1.46875550543319e-09,1.4690113931696499e-09,1.4692670166400004e-09,1.4695223764885755e-09,1.4697774734992128e-09,1.4700323083771987e-09,1.4702868818091332e-09,1.47054119455182e-09,1.4707952472921948e-09,1.471049040721638e-09,1.471302575544597e-09,1.4715558524616096e-09,1.4718088721630668e-09,1.472061635355602e-09,1.4723141427199478e-09,1.4725663949546837e-09,1.4728183927612407e-09,1.4730701367978506e-09,1.4733216277529664e-09,1.473572866396558e-09,1.4738238532785415e-09,1.474074589051636e-09,1.474325074534604e-09,1.4745753103391754e-09,1.4748252971196695e-09,1.4750750355704599e-09,1.4753245263653154e-09,1.47557377016097e-09,1.4758227676620078e-09,1.4760715194493043e-09,1.4763200262294139e-09,1.4765682886492989e-09,1.47681630740456e-09,1.4770640830912267e-09,1.4773116163909021e-09,1.4775589079561206e-09,1.4778059584474398e-09,1.4780527685032537e-09,1.478299338773474e-09,1.4785456698760232e-09,1.4787917624831528e-09,1.479037617216583e-09,1.4792832347237948e-09,1.4795286156165265e-09,1.47977376063756e-09,1.4800186702916425e-09,1.4802633452465957e-09,1.4805077861336842e-09,1.4807519935907373e-09,1.4809959681983158e-09,1.4812397107296696e-09,1.481483221639148e-09,1.4817265016007727e-09,1.4819695512398849e-09,1.482212371194075e-09,1.4824549620111475e-09,1.482697324368068e-09,1.4829394588670214e-09,1.4831813659305195e-09,1.4834230465849966e-09,1.4836645011549104e-09,1.4839057303105274e-09,1.48414673458522e-09,1.4843875146389403e-09,1.4846280710534174e-09,1.4848684044354229e-09,1.4851085153681092e-09,1.4853484044614745e-09,1.485588072305202e-09,1.4858275194959388e-09,1.4860667466218413e-09,1.4863057542398016e-09,1.4865445429584463e-09,1.486783113350922e-09,1.487021465944852e-09,1.4872596014823957e-09,1.4874975204264234e-09,1.4877352233926086e-09,1.487972710940562e-09,1.4882099836174849e-09,1.4884470420272276e-09,1.4886838866517237e-09,1.4889205182204223e-09,1.4891569373246277e-09,1.4893931443330978e-09,1.4896291399015385e-09,1.4898649247326112e-09,1.4901004991309494e-09,1.4903358637684752e-09,1.4905710192248134e-09,1.4908059660449467e-09,1.4910407048093444e-09,1.4912752360190644e-09,1.4915095602631283e-09,1.4917436780682385e-09,1.4919775899924676e-09,1.4922112965782863e-09,1.4924447983804241e-09,1.4926780959405686e-09,1.4929111898009329e-09,1.4931440806392601e-09,1.4933767687355516e-09,1.4936092547509678e-09,1.4938415391386625e-09,1.4940736225960633e-09,1.494305505567734e-09,1.494537188587503e-09,1.4947686721947811e-09,1.4949999569302768e-09,1.4952310432988444e-09,1.4954619318397492e-09,1.4956926230557732e-09,1.4959231175131952e-09,1.4961534157015415e-09,1.4963835181460026e-09,1.496613425367744e-09,1.496843137900631e-09,1.4970726562168429e-09,1.4973019807792276e-09,1.4975311122471545e-09,1.4977600510581779e-09,1.497988797680355e-09,1.498217352718001e-09,1.4984457165484802e-09,1.4986738898155055e-09,1.4989018729649176e-09,1.4991296665125405e-09,1.4993572709302156e-09,1.4995846867305536e-09,1.499811914389221e-09,1.5000389544481654e-09,1.5002658073807415e-09,1.5004924736763754e-09,1.5007189536627339e-09,1.5009452480743953e-09,1.5011713574252498e-09,1.50139728211273e-09,1.5016230226109934e-09,1.5018485794261462e-09,1.5020739530243377e-09,1.5022991438949767e-09,1.502524152510899e-09,1.502748979346951e-09,1.5029736249106353e-09,1.5031980896386663e-09,1.5034223740708984e-09,1.5036464786293457e-09,1.503870403718067e-09,1.5040941499807482e-09,1.504317717801636e-09,1.5045411076643549e-09,1.5047643200237272e-09,1.5049873553475402e-09,1.5052102140898528e-09,1.5054328967272733e-09,1.5056554037813827e-09,1.5058777356057978e-09,1.506099892744022e-09,1.5063218755811196e-09,1.5065436846069093e-09,1.5067653203098188e-09,1.5069867831220757e-09,1.507208073476128e-09,1.507429191873147e-09,1.507650138729637e-09,1.5078709145081192e-09,1.5080915196638057e-09,1.5083119546233953e-09,1.5085322198528004e-09,1.5087523156603586e-09,1.508972242643575e-09,1.5091920013391738e-09,1.5094115920714117e-09,1.5096310152907227e-09,1.5098502714245573e-09,1.5100693608766476e-09,1.5102882842591347e-09,1.5105070417722293e-09,1.510725633950808e-09,1.510944061232106e-09,1.511162324041764e-09,1.5113804228190504e-09,1.5115983579861316e-09,1.5118161299684166e-09,1.5120337392017336e-09,1.5122511861078616e-09,1.5124684711193367e-09,1.5126855946444004e-09,1.5129025571059608e-09,1.5131193589329278e-09,1.5133360005332397e-09,1.5135524823718723e-09,1.513768804822784e-09,1.5139849683027435e-09,1.5142009732423654e-09,1.5144168200490292e-09,1.5146325091490311e-09,1.5148480409338716e-09,1.5150634158314637e-09,1.5152786342460842e-09,1.515493696572722e-09,1.5157086032403743e-09,1.51592335471286e-09,1.5161379513237368e-09,1.5163523933597073e-09,1.516566681268847e-09,1.5167808156716508e-09,1.5169947968560625e-09,1.5172086251859584e-09,1.5174223010576605e-09,1.5176358249284698e-09,1.517849197117853e-09,1.5180624180224585e-09,1.5182754880797009e-09,1.518488407668334e-09,1.5187011771710001e-09,1.518913796996199e-09,1.5191262675259196e-09,1.5193385891610095e-09,1.5195507622645888e-09,1.5197627872203488e-09,1.5199746644343456e-09,1.520186394282275e-09,1.5203979771649027e-09,1.5206094134521674e-09,1.5208207035277544e-09,1.5210318477529341e-09,1.5212428465367227e-09,1.521453700244254e-09,1.5216644092532355e-09,1.5218749739355112e-09,1.5220853946621787e-09,1.5222956718147178e-09,1.5225058057616619e-09,1.522715796887787e-09,1.5229256455573472e-09,1.523135352144435e-09,1.523344917013818e-09,1.5235543405345463e-09,1.5237636230729107e-09,1.5239727649931717e-09,1.524181766664969e-09,1.524390628450102e-09,1.5245993507072608e-09,1.524807933805407e-09,1.525016378108285e-09,1.5252246839474525e-09,1.5254328517891582e-09,1.525640881895955e-09,1.5258487745811497e-09,1.5260565302580684e-09,1.5262641492727986e-09,1.5264716319493607e-09,1.5266789787408216e-09,1.5268861899216843e-09,1.5270932658693566e-09,1.527300206956846e-09,1.5275070134878326e-09,1.5277136857984053e-09,1.5279202242615644e-09,1.52812662922341e-09,1.5283329010304368e-09,1.5285390400279288e-09,1.528745046560913e-09,1.5289509209565793e-09,1.5291566635709653e-09,1.5293622747859367e-09,1.529567754921987e-09,1.5297731042967466e-09,1.5299783232232938e-09,1.5301834120526339e-09,1.5303883711345997e-09,1.5305932008134833e-09,1.5307979014240165e-09,1.5310024732654665e-09,1.531206916661812e-09,1.5314112319826765e-09,1.5316154195521394e-09,1.5318194797002667e-09,1.5320234127561506e-09,1.5322272190477935e-09,1.5324308989028288e-09,1.5326344526483115e-09,1.5328378806085993e-09,1.5330411831079442e-09,1.5332443604701312e-09,1.5334474130182645e-09,1.5336503410741162e-09,1.5338531449588938e-09,1.5340558249923931e-09,1.5342583814946391e-09,1.5344608147789987e-09,1.5346631251679027e-09,1.5348653129781173e-09,1.535067378525534e-09,1.535269322125244e-09,1.535471144091477e-09,1.5356728447374284e-09,1.5358744243757416e-09,1.5360758833179873e-09,1.5362772218749302e-09,1.5364784403586994e-09,1.5366795390763182e-09,1.536880518335809e-09,1.5370813784447348e-09,1.5372821197093174e-09,1.5374827424358219e-09,1.5376832469291886e-09,1.537883633493671e-09,1.5380839024323196e-09,1.5382840540476977e-09,1.5384840886415048e-09,1.5386840065146422e-09,1.5388838079670026e-09,1.5390834932908447e-09,1.5392830627915363e-09,1.5394825167710376e-09,1.5396818555175387e-09,1.5398810793312444e-09,1.5400801885073616e-09,1.5402791833403208e-09,1.5404780641237622e-09,1.5406768311502708e-09,1.5408754847121802e-09,1.5410740251004598e-09,1.5412724526057235e-09,1.5414707675172492e-09,1.5416689701241682e-09,1.5418670607147249e-09,1.5420650395759385e-09,1.5422629069944789e-09,1.5424606632560533e-09,1.5426583086457211e-09,1.5428558434475211e-09,1.5430532679450915e-09,1.543250582450808e-09,1.5434477871869072e-09,1.5436448824706163e-09,1.5438418685761343e-09,1.5440387457831412e-09,1.5442355143908874e-09,1.5444321746489612e-09,1.5446287268425974e-09,1.5448251712491851e-09,1.5450215081197254e-09,1.5452177377537754e-09,1.545413860403768e-09,1.5456098763868936e-09,1.5458057859319947e-09,1.5460015893566531e-09,1.5461972869146887e-09,1.546392878873152e-09,1.5465883654993524e-09,1.5467837470641444e-09,1.5469790238358637e-09,1.5471741960772132e-09,1.5473692640692582e-09,1.5475642280612892e-09,1.5477590883291065e-09,1.5479538451326224e-09,1.548148498748425e-09,1.5483430494373563e-09,1.5485374974498474e-09,1.5487318430543512e-09,1.5489260865128844e-09,1.5491202280856265e-09,1.549314268030076e-09,1.5495082066109927e-09,1.5497020440839436e-09,1.5498957807077736e-09,1.5500894167357793e-09,1.5502829523883453e-09,1.550476388000343e-09,1.550669723792007e-09,1.5508629600048387e-09,1.551056096909363e-09,1.5512491347503442e-09,1.551442073780402e-09,1.5516349142451967e-09,1.5518276564011085e-09,1.5520203005766124e-09,1.5522128468772017e-09,1.5524052956270718e-09,1.5525976470595312e-09,1.5527899014170344e-09,1.5529820589783985e-09,1.5531741199600892e-09,1.5533660846292757e-09,1.5535579532090788e-09,1.5537497259544135e-09,1.553941403151558e-09,1.554132984952703e-09,1.554324471650515e-09,1.5545158634940718e-09,1.5547071607302759e-09,1.5548983635645318e-09,1.5550894722405839e-09,1.5552804870306128e-09,1.555471408078491e-09,1.5556622357920835e-09,1.5558529704208405e-09,1.5560436120825907e-09,1.5562341609576186e-09,1.5564246173407798e-09,1.556614981480123e-09,1.5568052536092155e-09,1.5569954340612264e-09,1.5571855228827633e-09,1.55737552037401e-09,1.5575654268020938e-09,1.557755242366896e-09,1.5579449673223799e-09,1.5581346018491752e-09,1.5583241462578396e-09,1.5585136007382086e-09,1.5587029655171557e-09,1.558892240815901e-09,1.559081426878287e-09,1.5592705239149763e-09,1.5594595321600218e-09,1.5596484518312623e-09,1.559837283156685e-09,1.5600260263600886e-09,1.5602146816646967e-09,1.560403249292789e-09,1.5605917294672716e-09,1.5607801224003549e-09,1.5609684283294859e-09,1.5611566474681232e-09,1.5613447799835028e-09,1.5615328262012273e-09,1.5617207862710022e-09,1.5619086604082582e-09,1.5620964488768195e-09,1.5622841518580691e-09,1.562471769581084e-09,1.5626593022539409e-09,1.5628467501060293e-09,1.563034113581584e-09,1.5632213923048423e-09,1.5634085869278688e-09,1.5635956975642144e-09,1.5637827244264756e-09,1.563969667738586e-09,1.5641565276968084e-09,1.5643433044853095e-09,1.564529998385192e-09,1.5647166095674953e-09,1.5649031382449334e-09,1.5650895846238505e-09,1.5652759488666012e-09,1.5654622312705115e-09,1.5656484319888773e-09,1.565834551245738e-09,1.566020589236402e-09,1.5662065461688551e-09,1.5663924220990012e-09,1.5665782175107384e-09,1.566763932510663e-09,1.5669495672446018e-09,1.5671351219236023e-09,1.5673205967689201e-09,1.56750599197349e-09,1.5676913077382804e-09,1.5678765442636016e-09,1.5680617017506622e-09,1.5682467803876406e-09,1.5684317803902975e-09,1.5686167019435763e-09,1.5688015452503242e-09,1.5689863105082587e-09,1.5691709979419626e-09,1.569355607695126e-09,1.56954013998166e-09,1.5697245950027435e-09,1.56990897295629e-09,1.5700932740265115e-09,1.5702774983618649e-09,1.570461646257607e-09,1.5706457178162398e-09,1.570829713304269e-09,1.5710136328719274e-09,1.5711974767224729e-09,1.5713812450391137e-09,1.5715649381512863e-09,1.57174855595981e-09,1.5719320987982853e-09,1.572115566859176e-09,1.5722989603259798e-09,1.572482279394769e-09,1.5726655242399452e-09,1.5728486950442207e-09,1.573031792019268e-09,1.5732148153440102e-09,1.5733977651825441e-09,1.5735806417404914e-09,1.57376344518178e-09,1.5739461757045752e-09,1.574128833479699e-09,1.574311418656991e-09,1.5744939314989077e-09,1.5746763721456978e-09,1.5748587407827348e-09,1.5750410375877762e-09,1.5752232627409675e-09,1.5754054164227362e-09,1.5755874988138532e-09,1.5757695100358894e-09,1.5759514503690352e-09,1.5761333199421165e-09,1.57631511893367e-09,1.5764968475187782e-09,1.5766785058570524e-09,1.5768600941592948e-09,1.5770416125833778e-09,1.577223061318993e-09,1.5774044405739768e-09,1.577585750411034e-09,1.5777669910280923e-09,1.5779481624116422e-09,1.578129265223322e-09,1.578310299372314e-09,1.5784912650378046e-09,1.578672162372114e-09,1.5788529915579575e-09,1.579033752763446e-09,1.579214446161643e-09,1.5793950719109248e-09,1.5795756301320985e-09,1.5797561211137855e-09,1.5799365449634188e-09,1.5801169018427962e-09,1.5802971920719161e-09,1.5804774155173656e-09,1.580657572504564e-09,1.5808376631831604e-09,1.5810176877974854e-09,1.581197646372538e-09,1.581377539140071e-09,1.581557366300037e-09,1.581737127950241e-09,1.5819168242861203e-09,1.5820964554703216e-09,1.5822760216655256e-09,1.5824555230402827e-09,1.5826349597429209e-09,1.5828143319411033e-09,1.5829936397957273e-09,1.5831728834666765e-09,1.5833520631144473e-09,1.5835311788984102e-09,1.5837102309774472e-09,1.5838892195102347e-09,1.5840681446550973e-09,1.5842470065696124e-09,1.5844258054112942e-09,1.5846045413371834e-09,1.5847832145035958e-09,1.5849618250669028e-09,1.585140373182991e-09,1.5853188590070211e-09,1.58549728269398e-09,1.5856756443983053e-09,1.5858539442741796e-09,1.58603218247528e-09,1.5862103591549686e-09,1.586388474466034e-09,1.5865665285610884e-09,1.5867445215941395e-09,1.5869224537130062e-09,1.5871003250657564e-09,1.587278135813609e-09,1.587455886101991e-09,1.587633576079949e-09,1.5878112058999649e-09,1.587988775708752e-09,1.5881662856561652e-09,1.5883437358915496e-09,1.5885211265657598e-09,1.5886984578186741e-09,1.5888757298020935e-09,1.5890529426620044e-09,1.5892300965462795e-09,1.5894071916007966e-09,1.5895842279722588e-09,1.5897612057601128e-09,1.5899381251998673e-09,1.5901149863909627e-09,1.5902917894786378e-09,1.5904685346044757e-09,1.590645221900349e-09,1.590821851571757e-09,1.590998423677997e-09,1.5911749383950333e-09,1.5913513958299395e-09,1.5915277961962382e-09,1.5917041395883387e-09,1.5918804261535512e-09,1.592056656071457e-09,1.5922328294169371e-09,1.5924089463788783e-09,1.5925850070727994e-09,1.592761011643637e-09,1.592936960221709e-09,1.5931128529602128e-09,1.5932886899791877e-09,1.5934644714420257e-09,1.5936401974700403e-09,1.5938158682041845e-09,1.593991483776469e-09,1.5941670443283499e-09,1.5943425499902772e-09,1.5945180008911645e-09,1.5946933971877258e-09,1.5948687389975318e-09,1.5950440264635e-09,1.595219259810695e-09,1.5953944389863432e-09,1.5955695642104122e-09,1.5957446356252476e-09,1.5959196533888937e-09,1.5960946175776937e-09,1.5962695283427907e-09,1.5964443858188614e-09,1.5966191901553291e-09,1.596793941465996e-09,1.596968639890349e-09,1.5971432855506587e-09,1.5973178785828385e-09,1.597492419114035e-09,1.5976669072738669e-09,1.5978413431907749e-09,1.5980157270739045e-09,1.598190058848311e-09,1.598364338806853e-09,1.598538567030883e-09,1.598712743845794e-09,1.5988868689899616e-09,1.5990609427890228e-09,1.5992349653629341e-09,1.5994089368602054e-09,1.5995828574139541e-09,1.5997567270724283e-09,1.5999305460074397e-09,1.600104314346673e-09,1.6002780324650693e-09,1.6004517000044783e-09,1.6006253173005462e-09,1.600798884495094e-09,1.600972401720995e-09,1.6011458690807732e-09,1.601319286704078e-09,1.6014926547146987e-09,1.6016659732392245e-09,1.6018392423974027e-09,1.6020124623959714e-09,1.6021856331792666e-09,1.6023587549569206e-09,1.6025318278479382e-09,1.6027048520266164e-09,1.6028778274940704e-09,1.6030507544334862e-09,1.6032236329575202e-09,1.603396463213999e-09,1.6035692452992542e-09,1.603741979332503e-09,1.6039146654432502e-09,1.60408730383673e-09,1.6042598945338203e-09,1.6044324375281812e-09,1.604604933050937e-09,1.6047773813405138e-09,1.604949782279358e-09,1.60512213611495e-09,1.605294442826051e-09,1.6054667028695284e-09,1.6056389160342172e-09,1.6058110825182336e-09,1.6059832025758297e-09,1.6061552760975617e-09,1.6063273032543733e-09,1.6064992842376499e-09,1.6066712192435812e-09,1.6068431082121413e-09,1.6070149513687998e-09,1.607186748653778e-09,1.6073585002945715e-09,1.6075302065165417e-09,1.6077018671966334e-09,1.6078734825701248e-09,1.6080450527424366e-09,1.6082165776918171e-09,1.6083880577906416e-09,1.6085594929663665e-09,1.608730883433138e-09,1.608902229259918e-09,1.6090735305082813e-09,1.6092447873466333e-09,1.609415999858035e-09,1.609587168151246e-09,1.609758292331325e-09,1.6099293725026425e-09,1.6101004087843278e-09,1.6102714013937364e-09,1.6104423501951435e-09,1.6106132554041456e-09,1.610784117163214e-09,1.610954935617064e-09,1.6111257107456517e-09,1.6112964428475048e-09,1.6114671319005042e-09,1.6116377778896593e-09,1.6118083810343723e-09,1.6119789415682963e-09,1.6121494593498689e-09,1.6123199346029375e-09,1.6124903674298686e-09,1.6126607579308166e-09,1.6128311064734266e-09,1.613001412657065e-09,1.6131716769320485e-09,1.6133418992418246e-09,1.6135120797985514e-09,1.6136822185110694e-09,1.613852315745656e-09,1.6140223713444973e-09,1.6141923855392233e-09,1.6143623584358753e-09,1.6145322899650767e-09,1.6147021805281598e-09,1.6148720301378875e-09,1.6150418388164855e-09,1.6152116066767589e-09,1.6153813338346904e-09,1.6155510203820725e-09,1.6157206663961178e-09,1.6158902720470946e-09,1.6160598373517139e-09,1.6162293624400574e-09,1.616398847282667e-09,1.616568292223184e-09,1.6167376972176302e-09,1.616907062396637e-09,1.6170763878647824e-09,1.6172456736765702e-09,1.6174149199380443e-09,1.6175841267547793e-09,1.6177532941944278e-09,1.6179224224140532e-09,1.61809151148855e-09,1.6182605613231707e-09,1.6184295723790011e-09,1.6185985445380291e-09,1.6187674778862795e-09,1.6189363725386282e-09,1.6191052285937622e-09,1.6192740461316735e-09,1.6194428252683207e-09,1.6196115660791016e-09,1.619780268673358e-09,1.6199489331326026e-09,1.6201175595532543e-09,1.6202861481028617e-09,1.620454698709126e-09,1.6206232114941861e-09,1.6207916866542799e-09,1.6209601241969658e-09,1.621128524273328e-09,1.6212968869458657e-09,1.621465212315019e-09,1.6216335004457217e-09,1.6218017514690298e-09,1.6219699654167976e-09,1.6221381424166197e-09,1.622306282445931e-09,1.6224743858033078e-09,1.622642452449938e-09,1.6228104825226665e-09,1.6229784760517271e-09,1.6231464331527436e-09,1.623314353877971e-09,1.623482238392612e-09,1.6236500867402802e-09,1.6238178989529126e-09,1.623985675272951e-09,1.6241534156333786e-09,1.6243211201787803e-09,1.6244887890718114e-09,1.6246564222558285e-09,1.624824019856048e-09,1.6249915819825538e-09,1.625159108711752e-09,1.625326600200697e-09,1.6254940564329784e-09,1.6256614775109413e-09,1.6258288635242703e-09,1.625996214575181e-09,1.6261635307376918e-09,1.626330811927776e-09,1.6264980585521557e-09,1.6266652704638644e-09,1.6268324477499283e-09,1.626999590740383e-09,1.6271666993182304e-09,1.6273337735812744e-09,1.627500813618516e-09,1.6276678194538017e-09,1.6278347913059807e-09,1.628001729118823e-09,1.6281686331210603e-09,1.6283355033255769e-09,1.6285023397574713e-09,1.6286691425011353e-09,1.628835911572022e-09,1.6290026472482506e-09,1.629169349413769e-09,1.6293360183256644e-09,1.6295026539808133e-09,1.6296692565254796e-09,1.6298358259964914e-09,1.630002362197856e-09,1.6301688655572426e-09,1.6303353361234027e-09,1.6305017739249235e-09,1.6306681789928308e-09,1.6308345514390166e-09,1.6310008913754466e-09,1.6311671987762787e-09,1.6313334738465341e-09,1.6314997165559998e-09,1.6316659268565971e-09,1.6318321051082913e-09,1.631998251174432e-09,1.632164365626531e-09,1.632330448184543e-09,1.632496498630512e-09,1.6326625172888528e-09,1.6328285043917628e-09,1.6329944595189709e-09,1.633160383113655e-09,1.633326275340298e-09,1.6334921361582324e-09,1.633657965689184e-09,1.6338237639135131e-09,1.6339895309524898e-09,1.6341552668797383e-09,1.6343209717692994e-09,1.6344866458284835e-09,1.6346522890010206e-09,1.6348179012177845e-09,1.6349834826899945e-09,1.635149033490224e-09,1.6353145537238898e-09,1.6354800434116343e-09,1.6356455027711033e-09,1.6358109317467343e-09,1.6359763302796004e-09,1.6361416987039027e-09,1.6363070368301797e-09,1.6364723448872905e-09,1.6366376228994817e-09,1.636802870952057e-09,1.6369680891297193e-09,1.6371332774896136e-09,1.637298436110477e-09,1.6374635650606753e-09,1.6376286644096305e-09,1.6377937342246435e-09,1.637958774582167e-09,1.6381237855483456e-09,1.6382887671918689e-09,1.6384537195806677e-09,1.6386186427856118e-09,1.6387835368754731e-09,1.6389484019183062e-09,1.6391132379802087e-09,1.6392780451337981e-09,1.639442823444064e-09,1.6396075729811635e-09,1.639772293755269e-09,1.6399369859459978e-09,1.640101649564412e-09,1.6402662846784652e-09,1.6404308912954196e-09,1.6405954695956793e-09,1.640760019538804e-09,1.6409245412463167e-09,1.6410890347731768e-09,1.641253500255715e-09,1.641417937718918e-09,1.6415823471299438e-09,1.6417467286246761e-09,1.6419110822824945e-09,1.6420754082461358e-09,1.6422397064302467e-09,1.642403977036615e-09,1.6425682200424658e-09,1.6427324355316054e-09,1.6428966235861983e-09,1.6430607842428115e-09,1.643224917575776e-09,1.6433890236489766e-09,1.643553102543512e-09,1.6437171542888425e-09,1.6438811789826423e-09,1.6440451766712386e-09,1.6442091474005665e-09,1.6443730912509888e-09,1.6445370083026737e-09,1.6447008986006726e-09,1.644864762209152e-09,1.6450285991880937e-09,1.645192409600661e-09,1.6453561935115167e-09,1.6455199509770264e-09,1.645683682061212e-09,1.645847386826364e-09,1.6460110653334604e-09,1.6461747176430699e-09,1.6463383438211308e-09,1.6465019439201851e-09,1.6466655180022266e-09,1.646829066133732e-09,1.6469925883745865e-09,1.6471560847800338e-09,1.647319555414149e-09,1.6474830003334393e-09,1.6476464196017894e-09,1.6478098132766712e-09,1.647973181418646e-09,1.6481365240847668e-09,1.6482998413410131e-09,1.6484631332220478e-09,1.6486263998157888e-09,1.6487896411727284e-09,1.6489528573630771e-09,1.6491160484335383e-09,1.6492792144614502e-09,1.6494423555144167e-09,1.649605471476539e-09,1.6497685626422545e-09,1.6499316289779329e-09,1.6500946705319782e-09,1.650257687408955e-09,1.6504206796795034e-09,1.6505836472622049e-09,1.6507465903003547e-09,1.6509095087921072e-09,1.651072402920903e-09,1.6512352726759963e-09,1.651398118121986e-09,1.6515609393762786e-09,1.6517237363480612e-09,1.6518865092766218e-09,1.652049258104591e-09,1.6522119828079717e-09,1.65237468367231e-09,1.652537360462344e-09,1.6527000134016973e-09,1.6528626425034795e-09,1.6530252478484869e-09,1.6531878294883656e-09,1.6533503874732204e-09,1.6535129218620716e-09,1.6536754327093845e-09,1.6538379201371569e-09,1.6540003840633762e-09,1.6541628246133426e-09,1.654325241818142e-09,1.6544876357582492e-09,1.65465000653622e-09,1.6548123541159563e-09,1.6549746785841835e-09,1.6551369798705613e-09,1.65529925820994e-09,1.6554615136558082e-09,1.6556237461045981e-09,1.655785955861694e-09,1.6559481428447528e-09,1.656110307082713e-09,1.6562724486405455e-09,1.6564345675646474e-09,1.6565966638900293e-09,1.656758737639717e-09,1.6569207889495943e-09,1.6570828177808872e-09,1.6572448242384684e-09,1.6574068084302511e-09,1.6575687702793813e-09,1.6577307099076137e-09,1.6578926273617969e-09,1.6580545226808485e-09,1.6582163959276045e-09,1.6583782471628113e-09,1.6585400764247919e-09,1.6587018837540413e-09,1.658863669215903e-09,1.6590254328529647e-09,1.659187174722725e-09,1.6593488948669031e-09,1.6595105933403742e-09,1.6596722701922902e-09,1.6598339254344008e-09,1.6599955591815182e-09,1.6601571714575212e-09,1.6603187623134643e-09,1.6604803317567555e-09,1.6606418798820143e-09,1.660803406712123e-09,1.6609649123702335e-09,1.6611263968029138e-09,1.6612878601025391e-09,1.661449302334949e-09,1.6616107235199132e-09,1.6617721237063625e-09,1.6619335029699584e-09,1.6620948613561683e-09,1.6622561988502246e-09,1.6624175155447199e-09,1.6625788116412036e-09,1.6627400869769617e-09,1.6629013415725714e-09,1.6630625755169718e-09,1.6632237888929855e-09,1.6633849818265198e-09,1.663546154213834e-09,1.6637073060869649e-09,1.663868437711438e-09,1.6640295489599562e-09,1.6641906399615183e-09,1.664351710728028e-09,1.6645127612417887e-09,1.6646737916608504e-09,1.664834802114337e-09,1.6649957924284098e-09,1.6651567627296171e-09,1.665317713063494e-09,1.665478643474697e-09,1.6656395540092023e-09,1.6658004447102376e-09,1.6659613156245454e-09,1.6661221667953776e-09,1.6662829982687665e-09,1.6664438100878494e-09,1.6666046022968362e-09,1.6667653749401098e-09,1.666926128063355e-09,1.6670868617103222e-09,1.6672475759223368e-09,1.6674082707456176e-09,1.6675689462219627e-09,1.6677296023961394e-09,1.6678902393119974e-09,1.6680508570130166e-09,1.6682114555425882e-09,1.6683720349427642e-09,1.6685325952552974e-09,1.6686931365255148e-09,1.6688536587932507e-09,1.6690141621053131e-09,1.669174646501377e-09,1.6693351120229364e-09,1.6694955587161846e-09,1.6696559866214657e-09,1.6698163957794305e-09,1.6699767862337822e-09,1.6701371580264126e-09,1.6702975111970161e-09,1.670457845790557e-09,1.6706181617561876e-09,1.6707784592254618e-09,1.670938738239665e-09,1.671098998840179e-09,1.6712592410682138e-09,1.6714194649645694e-09,1.6715796705702255e-09,1.6717398579262487e-09,1.6719000270731464e-09,1.6720601780515544e-09,1.6722203109022284e-09,1.6723804256653358e-09,1.6725405223813082e-09,1.672700601090246e-09,1.6728606618324143e-09,1.673020704647805e-09,1.6731807295761406e-09,1.6733407366574975e-09,1.6735007259314381e-09,1.673660697437579e-09,1.6738206512154748e-09,1.6739805873042775e-09,1.6741405057435364e-09,1.674300406572216e-09,1.6744602898295994e-09,1.6746201555546528e-09,1.6747800037863114e-09,1.6749398345632443e-09,1.6750996479241708e-09,1.6752594439078017e-09,1.6754192225526302e-09,1.675578983896952e-09,1.675738727979117e-09,1.675898454837299e-09,1.676058164509535e-09,1.676217857034046e-09,1.6763775324485929e-09,1.67653719079106e-09,1.6766968320991097e-09,1.6768564564103425e-09,1.677016063762271e-09,1.6771756541925265e-09,1.677335227738211e-09,1.6774947844366518e-09,1.6776543243249489e-09,1.6778138474401773e-09,1.6779733538194637e-09,1.6781328434995134e-09,1.6782923165169013e-09,1.678451772908635e-09,1.6786112127110705e-09,1.6787706359607213e-09,1.6789300426940301e-09,1.6790894329472034e-09,1.6792488067565781e-09,1.6794081641582586e-09,1.679567505188083e-09,1.6797268298821986e-09,1.679886138276357e-09,1.6800454304061599e-09,1.6802047063075372e-09,1.6803639660159157e-09,1.6805232095666059e-09,1.680682436995292e-09,1.680841648337036e-09,1.6810008436269795e-09,1.681160022900634e-09,1.6813191861925903e-09,1.6814783335380176e-09,1.6816374649965672e-09,1.6817965805779176e-09,1.6819556803168766e-09,1.6821147642478996e-09,1.6822738323809072e-09,1.6824328847751689e-09,1.6825919214647712e-09,1.6827509425629282e-09,1.6829099480246684e-09,1.683068937819949e-09,1.6832279121115836e-09,1.6833868707900169e-09,1.6835458140484113e-09,1.6837047418400113e-09,1.6838636541767508e-09,1.684022551115462e-09,1.6841814327081391e-09,1.6843402989507682e-09,1.6844991499137195e-09,1.684657985610818e-09,1.6848168060736648e-09,1.6849756113380976e-09,1.6851344014338195e-09,1.6852931763978069e-09,1.685451936260136e-09,1.685610681042497e-09,1.685769410798814e-09,1.6859281255525083e-09,1.6860868253277113e-09,1.6862455101664313e-09,1.686404180104959e-09,1.6865628351699494e-09,1.6867214753919523e-09,1.6868801008057503e-09,1.6870387113416386e-09,1.687197307233301e-09,1.6873558883073099e-09,1.6875144546978965e-09,1.68767300654598e-09,1.6878315437763262e-09,1.6879900664178625e-09,1.6881485745044822e-09,1.6883070679510173e-09,1.6884655469025404e-09,1.688624011514239e-09,1.6887824616927307e-09,1.688940897475499e-09,1.6890993187581028e-09,1.689257725828611e-09,1.6894161185912318e-09,1.6895744969460219e-09,1.68973286105274e-09,1.689891210941987e-09,1.690049546644097e-09,1.690207868319682e-09,1.6903661758709286e-09,1.6905244692098015e-09,1.690682748466249e-09,1.6908410137029326e-09,1.6909992649332901e-09,1.6911575021873433e-09,1.6913157254949818e-09,1.6914739348858944e-09,1.691632130389758e-09,1.6917903120362446e-09,1.6919484798546553e-09,1.6921066338745834e-09,1.6922647741253764e-09,1.6924229006361922e-09,1.6925810134360544e-09,1.6927391125545112e-09,1.6928971980201889e-09,1.6930552698257676e-09,1.6932133280577583e-09,1.6933713727394657e-09,1.6935294038842878e-09,1.6936874215207e-09,1.6938454256773737e-09,1.6940034163825517e-09,1.6941613936650827e-09,1.694319357553166e-09,1.6944773081290365e-09,1.6946352453642943e-09,1.6947931692907015e-09,1.6949510798742018e-09,1.6951089773944182e-09,1.6952668616462273e-09,1.6954247326220915e-09,1.6955825905017512e-09,1.6957404352149532e-09,1.6958982668262919e-09,1.6960560853130977e-09,1.6962138906568857e-09,1.6963716830402023e-09,1.6965294623478368e-09,1.6966872286785322e-09,1.6968449820594506e-09,1.6970027225106548e-09,1.6971604500735596e-09,1.697318164768103e-09,1.6974758666211618e-09,1.6976335556610437e-09,1.6977912319119826e-09,1.6979488954025365e-09,1.698106546131097e-09,1.6982641841800004e-09,1.6984218095488135e-09,1.6985794222621988e-09,1.6987370223199782e-09,1.6988946097757765e-09,1.6990521846562923e-09,1.6992097469878556e-09,1.6993672968177643e-09,1.6995248341297167e-09,1.6996823589707543e-09,1.6998398713674166e-09,1.6999973713455147e-09,1.7001548589304004e-09,1.7003123341477966e-09,1.7004697970247068e-09,1.700627247585813e-09,1.7007846858564943e-09,1.700942111861926e-09,1.7010995256280029e-09,1.7012569271807782e-09,1.7014143165447126e-09,1.7015716937453477e-09,1.7017290588066965e-09,1.7018864117560949e-09,1.7020437526171763e-09,1.7022010814151462e-09,1.7023583981752119e-09,1.7025157029215195e-09,1.7026729956797635e-09,1.7028302764742678e-09,1.7029875453295707e-09,1.7031448022714099e-09,1.703302047322673e-09,1.7034592805094853e-09,1.703616501854405e-09,1.703773711382994e-09,1.7039309091191445e-09,1.7040880950873765e-09,1.7042452693116118e-09,1.7044024318159302e-09,1.704559582624974e-09,1.704716721761717e-09,1.7048738492509254e-09,1.7050309651165122e-09,1.7051880693829072e-09,1.705345162072643e-09,1.7055022432094922e-09,1.7056593128172625e-09,1.705816370919397e-09,1.705973417539225e-09,1.7061304527013216e-09,1.7062874764284073e-09,1.7064444887438205e-09,1.7066014896703606e-09,1.7067584792313909e-09,1.7069154574688292e-09,1.7070724243690503e-09,1.7072293799758726e-09,1.7073863243242827e-09,1.7075432575246255e-09,1.7077001794955722e-09,1.7078570902667866e-09,1.7080139898481513e-09,1.7081708781978161e-09,1.7083277554819515e-09,1.7084846215636848e-09,1.7086414766437827e-09,1.7087983205748683e-09,1.7089551535376674e-09,1.7091119754071517e-09,1.7092687862730784e-09,1.709425586117964e-09,1.7095823750293963e-09,1.7097391530008267e-09,1.7098959200777042e-09,1.7100526762727896e-09,1.7102094215747446e-09,1.71036615600396e-09,1.71052287981559e-09,1.7106795926646484e-09,1.7108362947314027e-09,1.7109929860036115e-09,1.7111496665509298e-09,1.7113063364309034e-09,1.7114629955541498e-09,1.711619643892401e-09,1.711776281690171e-09,1.7119329088577523e-09,1.7120895253741e-09,1.712246131458969e-09,1.7124027269019555e-09,1.7125593118661939e-09,1.7127158861744195e-09,1.7128724499034447e-09,1.7130290032259909e-09,1.7131855460225998e-09,1.7133420785136877e-09,1.7134986004146062e-09,1.7136551120307811e-09,1.713811613271797e-09,1.7139681041719628e-09,1.7141245847598861e-09,1.714281054991165e-09,1.7144375149177494e-09,1.7145939645476664e-09,1.71475040392436e-09,1.7149068330859877e-09,1.7150632520314986e-09,1.7152196607727064e-09,1.715376059338151e-09,1.7155324477396282e-09,1.7156888260527663e-09,1.7158451942118938e-09,1.7160015522755784e-09,1.7161579002640023e-09,1.7163142381957916e-09,1.7164705660960456e-09,1.7166268839852588e-09,1.7167831918715715e-09,1.7169394897608839e-09,1.717095777799661e-09,1.717252055811902e-09,1.7174083239130487e-09,1.7175645819752307e-09,1.7177208301626594e-09,1.7178770684862306e-09,1.7180332970843233e-09,1.7181895158798179e-09,1.7183457248762919e-09,1.7185019240580431e-09,1.7186581136357251e-09,1.7188142933329269e-09,1.7189704633348782e-09,1.719126623596323e-09,1.7192827741652432e-09,1.7194389150335918e-09,1.7195950464663268e-09,1.71975116804313e-09,1.7199072800169123e-09,1.7200633824390606e-09,1.7202194752925332e-09,1.7203755585554894e-09,1.7205316324665104e-09,1.7206876967204417e-09,1.7208437514644046e-09,1.7209997967277466e-09,1.7211558325197802e-09,1.7213118588662432e-09,1.7214678757883676e-09,1.7216238833000104e-09,1.7217798813547464e-09,1.7219358701271287e-09,1.7220918494506588e-09,1.7222478195074676e-09,1.7224037802574207e-09,1.7225597317146746e-09,1.7227156738682363e-09,1.7228716067539886e-09,1.7230275303923294e-09,1.723183444799821e-09,1.723339350018587e-09,1.7234952459976697e-09,1.7236511328250966e-09,1.7238070104888534e-09,1.7239628790300574e-09,1.724118738432305e-09,1.72427458873795e-09,1.7244304299438223e-09,1.7245862620747868e-09,1.7247420851559325e-09,1.7248978992143625e-09,1.725053704238364e-09,1.7252095004573725e-09,1.725365287444083e-09,1.7255210655302029e-09,1.7256768348819136e-09,1.7258325950861987e-09,1.7259883463486989e-09,1.7261440887857853e-09,1.7262998222740268e-09,1.7264555468887695e-09,1.7266112626786932e-09,1.7267669696056906e-09,1.7269226677321307e-09,1.7270783570707143e-09,1.7272340376540248e-09,1.727389709414758e-09,1.7275453724377893e-09,1.7277010267072876e-09,1.7278566722662868e-09,1.728012309122502e-09,1.7281679373006542e-09,1.7283235568693588e-09,1.7284791677501054e-09,1.7286347699689627e-09,1.7287903637970727e-09,1.7289459488348215e-09,1.7291015252460674e-09,1.7292570931102964e-09,1.729412652419751e-09,1.7295682031903447e-09,1.7297237454375506e-09,1.7298792791819638e-09,1.7300348044309478e-09,1.7301903211804769e-09,1.7303458294317724e-09,1.7305013292955067e-09,1.7306568207114452e-09,1.730812303742721e-09,1.7309677783525492e-09,1.7311232445992936e-09,1.7312787024871713e-09,1.7314341520246056e-09,1.7315895932269083e-09,1.7317450260954855e-09,1.7319004506411598e-09,1.7320558668858963e-09,1.7322112748801551e-09,1.7323666746101645e-09,1.7325220661275108e-09,1.7326774494196545e-09,1.732832824685054e-09,1.732988191567861e-09,1.733143550244575e-09,1.733298900753422e-09,1.7334542432139614e-09,1.73360957743564e-09,1.7337649035694654e-09,1.7339202215941808e-09,1.7340755314970602e-09,1.7342308333010755e-09,1.7343861271949906e-09,1.734541412890053e-09,1.7346966906956564e-09,1.734851960376447e-09,1.7350072223381422e-09,1.7351624760136265e-09,1.7353177216496502e-09,1.7354729593849767e-09,1.7356281890794319e-09,1.7357834109152773e-09,1.7359386248603333e-09,1.7360938309125416e-09,1.7362490290091713e-09,1.7364042192706479e-09,1.7365594018027513e-09,1.736714576483132e-09,1.736869743318466e-09,1.737024902315292e-09,1.7371800534888224e-09,1.737335196840685e-09,1.737490332527083e-09,1.7376454604333282e-09,1.7378005804684717e-09,1.7379556928090283e-09,1.7381107974743607e-09,1.7382658945280836e-09,1.7384209837635596e-09,1.7385760652968703e-09,1.738731139147928e-09,1.7388862053854382e-09,1.739041263992673e-09,1.7391963149496243e-09,1.7393513583050946e-09,1.7395063940655515e-09,1.7396614222236322e-09,1.73981644285136e-09,1.7399714562322484e-09,1.740126462053466e-09,1.7402814600450354e-09,1.7404364505233462e-09,1.7405914334150067e-09,1.7407464088971188e-09,1.740901376921238e-09,1.7410563376389226e-09,1.7412112907475955e-09,1.7413662364221214e-09,1.7415211746429797e-09,1.741676105490677e-09,1.7418310289347649e-09,1.7419859450028037e-09,1.7421408537041543e-09,1.7422957550493211e-09,1.7424506490691785e-09,1.7426055357423695e-09,1.7427604150965909e-09,1.7429152871488626e-09,1.7430701519099258e-09,1.7432250093926899e-09,1.7433798596097846e-09,1.7435347024067299e-09,1.7436895376667746e-09,1.7438443661343278e-09,1.74399918733657e-09,1.744154001467999e-09,1.7443088083241548e-09,1.7444636080393573e-09,1.74461840059021e-09,1.7447731854306863e-09,1.7449279637542979e-09,1.745082734838094e-09,1.745237498848561e-09,1.7453922557434188e-09,1.7455470055673593e-09,1.7457017483105496e-09,1.7458564839574052e-09,1.7460112126114945e-09,1.7461659342234184e-09,1.7463206487106494e-09,1.7464753562463706e-09,1.7466300567777149e-09,1.7467847501809957e-09,1.7469394367317804e-09,1.7470941163207647e-09,1.7472487889403898e-09,1.7474034546433811e-09,1.747558113398036e-09,1.7477127652187882e-09,1.7478674101463213e-09,1.7480220481601447e-09,1.7481766793094909e-09,1.7483313035525992e-09,1.7484859209577296e-09,1.7486405315128484e-09,1.7487951351763664e-09,1.7489497321048983e-09,1.7491043221410721e-09,1.749258905418917e-09,1.749413481896586e-09,1.7495680515962954e-09,1.7497226145241478e-09,1.749877170710009e-09,1.7500317202236763e-09,1.75018626291508e-09,1.75034079888151e-09,1.7504953281650994e-09,1.7506498507102263e-09,1.7508043666424654e-09,1.7509588758422973e-09,1.7511133781597948e-09,1.7512678740244764e-09,1.751422363245261e-09,1.7515768458216728e-09,1.7517313217623559e-09,1.7518857910844111e-09,1.7520402538363292e-09,1.7521947099993424e-09,1.7523491596147022e-09,1.7525036030455458e-09,1.7526580395551203e-09,1.7528124691981742e-09,1.7529668927977513e-09,1.7531213096269656e-09,1.7532757196833448e-09,1.75343012353052e-09,1.753584520698924e-09,1.753738911368565e-09,1.7538932957838712e-09,1.754047673828437e-09,1.7542020450893005e-09,1.7543564099381094e-09,1.7545107683637436e-09,1.7546651205825679e-09,1.7548194664001458e-09,1.7549738057910966e-09,1.7551281385351005e-09,1.7552824651954258e-09,1.755436785520869e-09,1.7555910993221897e-09,1.7557454069240626e-09,1.7558997081954603e-09,1.756054003234449e-09,1.75620829184846e-09,1.7563625741613316e-09,1.7565168502067814e-09,1.7566711199478116e-09,1.7568253834187806e-09,1.756979640628861e-09,1.7571338915890604e-09,1.7572881363099074e-09,1.757442374801035e-09,1.7575966070723892e-09,1.757750833133754e-09,1.7579050529962102e-09,1.758059266668893e-09,1.7582134741617562e-09,1.7583676754850255e-09,1.758521870648589e-09,1.758676059662535e-09,1.7588302425368133e-09,1.7589844192815247e-09,1.7591385899061647e-09,1.759292754421337e-09,1.759446912834597e-09,1.7596010651575211e-09,1.7597552113996885e-09,1.7599093515713197e-09,1.7600634856819287e-09,1.7602176137393608e-09,1.760371735755409e-09,1.7605258517382339e-09,1.7606799617862266e-09,1.760834065732624e-09,1.7609881638794769e-09,1.76114225592457e-09,1.7612963419773882e-09,1.7614504219962122e-09,1.7616044961077893e-09,1.761758564211967e-09,1.7619126264762837e-09,1.762066682690841e-09,1.7622207329543871e-09,1.7623747774063603e-09,1.7625288158655466e-09,1.7626828484293298e-09,1.7628368750986637e-09,1.762990895887353e-09,1.7631449108026536e-09,1.7632989198550873e-09,1.7634529230632993e-09,1.7636069203804295e-09,1.763760912139219e-09,1.7639148978471908e-09,1.764068877963162e-09,1.7642228520341139e-09,1.7643768205414457e-09,1.7645307831158341e-09,1.7646847398163332e-09,1.7648386907228713e-09,1.7649926358844666e-09,1.7651465752729237e-09,1.765300508861811e-09,1.7654544367750505e-09,1.765608358998141e-09,1.76576227546445e-09,1.7659161862550372e-09,1.7660700912957473e-09,1.766223990417402e-09,1.7663778840568545e-09,1.7665317720684422e-09,1.7666856545980823e-09,1.7668395312724681e-09,1.7669934023093733e-09,1.7671472677158655e-09,1.7673011274025521e-09,1.7674549815344798e-09,1.767608829971232e-09,1.7677626728854337e-09,1.767916510166023e-09,1.768070341792159e-09,1.7682241679199111e-09,1.7683779889656483e-09,1.7685318039969885e-09,1.7686856135420748e-09,1.768839417612976e-09,1.768993216086102e-09,1.7691470089366167e-09,1.7693007962717416e-09,1.7694545780786284e-09,1.7696083543883558e-09,1.7697621252152665e-09,1.7699158907270317e-09,1.7700696503781423e-09,1.770223404869616e-09,1.7703771540303488e-09,1.7705308975072771e-09,1.7706846355306676e-09,1.7708383681146222e-09,1.7709920952577824e-09,1.7711458169717114e-09,1.771299533346287e-09,1.7714532442404844e-09,1.7716069497430513e-09,1.7717606498707852e-09,1.7719143446124758e-09,1.7720680339666288e-09,1.7722217179513132e-09,1.7723753965790161e-09,1.7725290692080468e-09,1.77268273712113e-09,1.772836399718931e-09,1.7729900569897983e-09,1.773143708940736e-09,1.7732973555794478e-09,1.7734509969143024e-09,1.7736046329456868e-09,1.7737582636958643e-09,1.773911889165323e-09,1.774065509361548e-09,1.7742191242923052e-09,1.774372733964565e-09,1.7745263383875195e-09,1.7746799375831524e-09,1.7748335315098532e-09,1.7749871201940428e-09,1.7751407037256148e-09,1.7752942822672578e-09,1.7754478553223808e-09,1.7756014229197996e-09,1.7757549856506822e-09,1.775908543177968e-09,1.7760620954242844e-09,1.776215642593573e-09,1.7763691847269989e-09,1.7765227215717094e-09,1.7766762533255034e-09,1.7768297799387663e-09,1.7769833013852653e-09,1.7771368177168043e-09,1.7772903289247754e-09,1.7774438350244209e-09,1.7775973360230751e-09,1.7777508319278968e-09,1.777904322746182e-09,1.7780578084851959e-09,1.7782112891520683e-09,1.7783647647540294e-09,1.778518235298204e-09,1.7786717007260259e-09,1.7788251610637577e-09,1.7789786167192045e-09,1.7791320669331927e-09,1.7792855120488158e-09,1.779438952249474e-09,1.7795923876460063e-09,1.7797458182296002e-09,1.7798992435677484e-09,1.7800526638667099e-09,1.7802060791968359e-09,1.7803594895525712e-09,1.7805128950057514e-09,1.7806662954374157e-09,1.7808196909459457e-09,1.780973081627094e-09,1.7811264669091218e-09,1.7812798476131017e-09,1.7814332234047846e-09,1.7815865942604855e-09,1.7817399602795088e-09,1.7818933213288066e-09,1.7820466774573967e-09,1.7822000287058385e-09,1.782353375065252e-09,1.7825067163444028e-09,1.7826600529580783e-09,1.7828133846793472e-09,1.7829667115440756e-09,1.7831200335990828e-09,1.7832733505805751e-09,1.783426662940903e-09,1.7835799699784464e-09,1.783733272605401e-09,1.783886570591248e-09,1.7840398635994807e-09,1.7841931518927441e-09,1.7843464354313607e-09,1.7844997141328536e-09,1.7846529880455156e-09,1.7848062571830423e-09,1.7849595215487004e-09,1.785112781146924e-09,1.7852660359842343e-09,1.7854192860653348e-09,1.785572531403116e-09,1.785725771992665e-09,1.7858790078479608e-09,1.78603223897533e-09,1.7861854653901008e-09,1.786338686860414e-09,1.7864919040254197e-09,1.786645115959305e-09,1.7867983235289748e-09,1.7869515264266773e-09,1.7871047246403388e-09,1.7872579181708265e-09,1.7874111068736766e-09,1.7875642910679126e-09,1.7877174705899773e-09,1.7878706454474328e-09,1.7880238156865367e-09,1.7881769812848474e-09,1.788330142243901e-09,1.7884832985607339e-09,1.7886364502707495e-09,1.788789597346324e-09,1.7889427398662344e-09,1.7890958777410558e-09,1.7892490110031868e-09,1.7894021396725567e-09,1.7895552632959129e-09,1.7897083829746695e-09,1.7898614979165886e-09,1.7900146082700123e-09,1.7901677142253316e-09,1.7903208154616756e-09,1.7904739121615582e-09,1.7906270043166115e-09,1.790780091995863e-09,1.790933175083368e-09,1.791086253640644e-09,1.791239327277707e-09,1.7913923967976018e-09,1.7915454618290092e-09,1.7916985223307838e-09,1.7918515784060068e-09,1.7920046301155124e-09,1.7921576771031065e-09,1.7923107196383664e-09,1.7924637576525034e-09,1.7926167912424662e-09,1.7927698203236253e-09,1.7929228449401039e-09,1.7930758651060856e-09,1.7932288808217996e-09,1.7933818920883515e-09,1.7935348989317366e-09,1.7936879013394974e-09,1.7938408993116682e-09,1.7939938928623825e-09,1.7941468819985995e-09,1.7942998667684704e-09,1.7944528470919523e-09,1.7946058230633741e-09,1.7947587945869832e-09,1.7949117617267324e-09,1.7950647245585445e-09,1.7952176829935405e-09,1.7953706370683314e-09,1.7955235867213297e-09,1.795676532092786e-09,1.795829473054949e-09,1.7959824096637707e-09,1.7961353419894348e-09,1.79628826997695e-09,1.79644119363258e-09,1.7965941129614081e-09,1.7967470279276965e-09,1.7968999386177415e-09,1.7970528449458545e-09,1.7972057469758138e-09,1.797358644744317e-09,1.7975115379373893e-09,1.797664427121719e-09,1.7978173120141671e-09,1.797970192626884e-09,1.798123068991195e-09,1.7982759410567822e-09,1.7984288089337444e-09,1.7985816725176077e-09,1.7987345317284857e-09,1.7988873868135776e-09,1.799040237633873e-09,1.7991930841949263e-09,1.799345926594101e-09,1.7994987647263075e-09,1.7996515986007913e-09,1.799804428317406e-09,1.7999572537531e-09,1.8001100749551264e-09,1.8002628919853249e-09,1.8004157047994946e-09,1.8005685134034742e-09,1.8007213178678694e-09,1.800874118156577e-09,1.801026914241992e-09,1.8011797061712613e-09,1.8013324939144384e-09,1.8014852775107439e-09,1.8016380569331963e-09,1.801790832201961e-09,1.8019436033426619e-09,1.8020963705142189e-09,1.8022491335559755e-09,1.802401892270955e-09,1.8025546470358586e-09,1.8027073976987561e-09,1.8028601442535996e-09,1.8030128865631982e-09,1.8031656248651277e-09,1.8033183590586818e-09,1.8034710884968427e-09,1.803623814640966e-09,1.8037765363060964e-09,1.8039292535211017e-09,1.8040819670732974e-09,1.8042346766937887e-09,1.8043873820573846e-09,1.804540083373029e-09,1.8046927806235479e-09,1.8048454737193543e-09,1.8049981628579447e-09,1.8051508479244177e-09,1.805303528982854e-09,1.80545620607165e-09,1.8056088791197987e-09,1.8057615481392138e-09,1.8059142131701843e-09,1.806066873970998e-09,1.8062195309518648e-09,1.8063721837870037e-09,1.8065248326275736e-09,1.8066774775588498e-09,1.8068301183477284e-09,1.8069827552041238e-09,1.8071353882013685e-09,1.807288017073939e-09,1.807440641969079e-09,1.807593262854983e-09,1.8077458797921313e-09,1.8078984927347803e-09,1.8080511019690895e-09,1.808203706994959e-09,1.8083563082991957e-09,1.8085089057798485e-09,1.80866149923055e-09,1.8088140884332698e-09,1.8089666742107324e-09,1.809119255689485e-09,1.8092718332238744e-09,1.8094244066233114e-09,1.809576976103166e-09,1.809729541743712e-09,1.8098821034258055e-09,1.8100346613773344e-09,1.8101872151738939e-09,1.8103397651202589e-09,1.810492311181745e-09,1.8106448533903343e-09,1.810797391672775e-09,1.8109499261245246e-09,1.8111024566995335e-09,1.8112549834120321e-09,1.8114075062309996e-09,1.8115600251148529e-09,1.811712540211246e-09,1.8118650514590882e-09,1.8120175588330487e-09,1.8121700625384535e-09,1.8123225624688866e-09,1.8124750583848499e-09,1.8126275504224908e-09,1.8127800386378343e-09,1.8129325231690223e-09,1.8130850037733126e-09,1.8132374804228812e-09,1.8133899533898013e-09,1.8135424222873142e-09,1.8136948876277445e-09,1.813847348956864e-09,1.8139998064511736e-09,1.814152260380139e-09,1.8143047105880484e-09,1.8144571570438212e-09,1.814609599625421e-09,1.8147620380870518e-09,1.8149144728860722e-09,1.8150669041299987e-09,1.8152193316255648e-09,1.815371755619618e-09,1.815524175674019e-09,1.815676591477626e-09,1.8158290038939842e-09,1.8159814125905577e-09,1.8161338175561754e-09,1.8162862184981918e-09,1.8164386159265135e-09,1.8165910096787226e-09,1.8167433996712854e-09,1.8168957860089611e-09,1.8170481685818848e-09,1.8172005474354988e-09,1.8173529225449234e-09,1.8175052939029336e-09,1.8176576616033503e-09,1.817810025566929e-09,1.81796238592696e-09,1.818114742471945e-09,1.8182670953302187e-09,1.8184194444973355e-09,1.818571789966233e-09,1.818724131760298e-09,1.81887646983739e-09,1.8190288042907022e-09,1.819181135109887e-09,1.8193334622182545e-09,1.8194857856700325e-09,1.8196381054415935e-09,1.8197904215137244e-09,1.8199427339641868e-09,1.8200950428666217e-09,1.8202473479750666e-09,1.8203996496175797e-09,1.8205519475767375e-09,1.8207042419257993e-09,1.8208565327179783e-09,1.8210088197804146e-09,1.8211611032589645e-09,1.8213133830898765e-09,1.8214656593028059e-09,1.82161793191547e-09,1.821770201280957e-09,1.8219224666880446e-09,1.8220747284828466e-09,1.8222269866801173e-09,1.8223792412602833e-09,1.82253149225019e-09,1.822683739651594e-09,1.8228359834891078e-09,1.8229882240463348e-09,1.823140460704948e-09,1.8232926937871772e-09,1.8234449233110527e-09,1.8235971492542195e-09,1.8237493716336057e-09,1.8239015904513742e-09,1.8240538057114932e-09,1.824206017405085e-09,1.8243582255602066e-09,1.8245104301666986e-09,1.8246626312300892e-09,1.824814828752582e-09,1.8249670227380986e-09,1.8251192131755391e-09,1.8252714000955957e-09,1.8254235833729531e-09,1.825575763223214e-09,1.8257279396837035e-09,1.825880112723416e-09,1.8260322820737203e-09,1.8261844479392776e-09,1.8263366102581874e-09,1.8264887693043807e-09,1.8266409246197539e-09,1.8267930764320614e-09,1.8269452247567455e-09,1.8270973698197155e-09,1.8272495111544056e-09,1.8274016489330824e-09,1.8275537832065616e-09,1.8277059140648872e-09,1.8278580412238965e-09,1.8280101651501819e-09,1.8281622853738302e-09,1.8283144023516553e-09,1.8284665158845548e-09,1.8286186258678672e-09,1.8287707324362128e-09,1.8289228355434046e-09,1.8290749352523694e-09,1.829227031515869e-09,1.8293791243268883e-09,1.8295312136961244e-09,1.8296832996328574e-09,1.8298353823294286e-09,1.829987461250425e-09,1.830139536891331e-09,1.8302916091108156e-09,1.8304436779226575e-09,1.8305957433003072e-09,1.8307478052642277e-09,1.8308998638190496e-09,1.8310519188943288e-09,1.8312039706244717e-09,1.83135601873048e-09,1.8315080635225394e-09,1.831660105072739e-09,1.8318121432348857e-09,1.8319641779966314e-09,1.832116209414072e-09,1.832268238034851e-09,1.832420262603096e-09,1.8325722838827418e-09,1.8327243018169487e-09,1.8328763163051212e-09,1.8330283274119802e-09,1.8331803349953684e-09,1.8333323391423018e-09,1.8334843400552857e-09,1.83363633766046e-09,1.8337883319095853e-09,1.8339403225996593e-09,1.8340923104694026e-09,1.8342442947027635e-09,1.8343962755501672e-09,1.8345482526986899e-09,1.8347002268597704e-09,1.8348521976888011e-09,1.8350041651941738e-09,1.8351561292513832e-09,1.8353080899884847e-09,1.8354600474589742e-09,1.8356120016822031e-09,1.8357639522020444e-09,1.8359158993313237e-09,1.8360678435142414e-09,1.8362197844447164e-09,1.8363717220344825e-09,1.8365236562926747e-09,1.8366755874150363e-09,1.8368275151089791e-09,1.836979439536966e-09,1.8371313604850187e-09,1.8372832783224389e-09,1.8374351928221559e-09,1.837587104073136e-09,1.8377390122150882e-09,1.837890916888714e-09,1.8380428183456007e-09,1.8381947164625778e-09,1.8383466114813758e-09,1.8384985030553717e-09,1.8386503911212662e-09,1.8388022761465155e-09,1.8389541579083285e-09,1.839106036554547e-09,1.8392579117982531e-09,1.8394097838004915e-09,1.8395616527169487e-09,1.8397135180904643e-09,1.8398653801980118e-09,1.8400172391790083e-09,1.8401690950568553e-09,1.8403209475461427e-09,1.8404727968337328e-09,1.8406246425397168e-09,1.840776485308064e-09,1.8409283248814833e-09,1.8410801612322308e-09,1.8412319943608954e-09,1.841383824209024e-09,1.8415356512319905e-09,1.8416874746982177e-09,1.8418392949411103e-09,1.841991111944456e-09,1.8421429256881495e-09,1.8422947362751243e-09,1.8424465439416571e-09,1.8425983482927452e-09,1.8427501493235684e-09,1.84290194710049e-09,1.8430537416796685e-09,1.8432055333236283e-09,1.8433573215658576e-09,1.8435091069403558e-09,1.8436608888144414e-09,1.8438126675179134e-09,1.8439644430242855e-09,1.8441162153665035e-09,1.8442679844986135e-09,1.844419749975432e-09,1.8445715126868918e-09,1.84472327234815e-09,1.84487502882413e-09,1.8450267823062473e-09,1.8451785324990763e-09,1.8453302794489022e-09,1.8454820232722022e-09,1.84563376394493e-09,1.8457855014273102e-09,1.8459372358821136e-09,1.8460889663218826e-09,1.8462406944387378e-09,1.8463924192678414e-09,1.8465441410762008e-09,1.8466958597724722e-09,1.8468475753342452e-09,1.84699928768754e-09,1.8471509964265726e-09,1.8473027025999677e-09,1.8474544055433205e-09,1.8476061054748678e-09,1.8477578021341326e-09,1.8479094957817055e-09,1.8480611863124438e-09,1.8482128737556718e-09,1.8483645581758757e-09,1.8485162395663528e-09,1.8486679178051557e-09,1.84881959284273e-09,1.8489712648832524e-09,1.849122933376817e-09,1.8492745990414488e-09,1.8494262616755647e-09,1.8495779209211686e-09,1.8497295773910614e-09,1.8498812310509108e-09,1.8500328812575377e-09,1.8501845284468816e-09,1.8503361721795745e-09,1.8504878132070322e-09,1.8506394511750392e-09,1.8507910860092548e-09,1.8509427178379026e-09,1.8510943465718186e-09,1.8512459722198771e-09,1.8513975948158563e-09,1.851549214348411e-09,1.8517008307980592e-09,1.8518524442230582e-09,1.852004054583759e-09,1.8521556618309619e-09,1.8523072663674978e-09,1.8524588675721992e-09,1.8526104656675147e-09,1.8527620607276265e-09,1.8529136526134322e-09,1.8530652416723145e-09,1.853216827259826e-09,1.8533684100522263e-09,1.8535199899135304e-09,1.853671566699611e-09,1.8538231405420927e-09,1.8539747112913088e-09,1.8541262790863141e-09,1.8542778434915844e-09,1.8544294052426018e-09,1.8545809639396455e-09,1.854732519595248e-09,1.8548840722283835e-09,1.8550356218514777e-09,1.8551871684354424e-09,1.8553387119032518e-09,1.8554902524529045e-09,1.855641790440243e-09,1.8557933250207576e-09,1.8559448565944143e-09,1.856096384960437e-09,1.8562479107793413e-09,1.8563994333539161e-09,1.8565509529770204e-09,1.85670246933139e-09,1.8568539829299426e-09,1.8570054935382514e-09,1.857157000896559e-09,1.8573085054295385e-09,1.8574600070310856e-09,1.857611505703029e-09,1.8577630013418263e-09,1.8579144940583617e-09,1.8580659838000453e-09,1.8582174704826288e-09,1.8583689542690956e-09,1.8585204351169438e-09,1.858671912960341e-09,1.8588233877738347e-09,1.8589748596863625e-09,1.8591263283734934e-09,1.8592777943275545e-09,1.8594292573586002e-09,1.859580716966045e-09,1.859732173944262e-09,1.8598836282106758e-09,1.8600350794346143e-09,1.8601865276982546e-09,1.8603379729213141e-09,1.8604894153123618e-09,1.8606408547440328e-09,1.8607922912297382e-09,1.860943724712739e-09,1.8610951553136739e-09,1.8612465829756057e-09,1.8613980076918133e-09,1.861549429492712e-09,1.861700848265995e-09,1.8618522642014148e-09,1.8620036772174174e-09,1.8621550872076136e-09,1.86230649426645e-09,1.862457898488801e-09,1.8626092998045406e-09,1.8627606984358504e-09,1.8629120937926832e-09,1.8630634863396344e-09,1.8632148760404155e-09,1.8633662627798052e-09,1.8635176466062077e-09,1.863669027532778e-09,1.863820405551684e-09,1.8639717806690127e-09,1.864123152868896e-09,1.8642745219481957e-09,1.864425888329346e-09,1.864577251839612e-09,1.864728612224967e-09,1.8648799699533536e-09,1.8650313247826427e-09,1.865182676705812e-09,1.8653340257557443e-09,1.865485371912751e-09,1.865636715201151e-09,1.8657880555906948e-09,1.8659393930934593e-09,1.8660907276154015e-09,1.8662420593440628e-09,1.866393388209465e-09,1.8665447141917664e-09,1.8666960373137863e-09,1.8668473574460764e-09,1.866998674838744e-09,1.867149989457678e-09,1.867301301095184e-09,1.8674526098837927e-09,1.867603915804188e-09,1.8677552188579055e-09,1.867906519048295e-09,1.868057816393913e-09,1.8682091108955132e-09,1.8683604025338698e-09,1.8685116912999967e-09,1.8686629772423185e-09,1.868814260329933e-09,1.868965540717326e-09,1.8691168181144788e-09,1.869268092636009e-09,1.8694193643155675e-09,1.8695706331544296e-09,1.869721898914775e-09,1.86987316206622e-09,1.8700244223539823e-09,1.8701756798524087e-09,1.8703269345175512e-09,1.8704781863502524e-09,1.8706294353373907e-09,1.8707806814793788e-09,1.8709319248152054e-09,1.871083165084124e-09,1.8712344027405488e-09,1.871385637623884e-09,1.8715368696960395e-09,1.871688098918762e-09,1.8718393253421486e-09,1.871990548817006e-09,1.872141769555516e-09,1.8722929875130486e-09,1.872444202663698e-09,1.872595415041525e-09,1.872746624582948e-09,1.872897831293345e-09,1.873049035197265e-09,1.87320023630053e-09,1.8733514346056125e-09,1.8735026300172655e-09,1.8736538227157598e-09,1.8738050126076654e-09,1.873956199706286e-09,1.874107383967696e-09,1.874258565484389e-09,1.8744097438636395e-09,1.8745609197597964e-09,1.874712092909616e-09,1.8748632631424276e-09,1.8750144307176865e-09,1.8751655955127963e-09,1.8753167575177593e-09,1.8754679167117877e-09,1.8756190731470545e-09,1.875770226810805e-09,1.875921377693891e-09,1.876072525803957e-09,1.876223671151718e-09,1.876374813689237e-09,1.876525953435466e-09,1.876677090437762e-09,1.876828224676769e-09,1.876979356125389e-09,1.877130484824608e-09,1.8772816107414445e-09,1.877432733893675e-09,1.8775838543049325e-09,1.8777349719429495e-09,1.8778860868309335e-09,1.878037199102554e-09,1.8781883084922832e-09,1.8783394150865875e-09,1.8784905190803543e-09,1.8786416202044458e-09,1.8787927185678795e-09,1.8789438141510445e-09,1.879094906995475e-09,1.8792459972396417e-09,1.8793970846364894e-09,1.8795481692431505e-09,1.879699251142032e-09,1.8798503302850215e-09,1.8800014066628486e-09,1.8801524803292574e-09,1.8803035512213414e-09,1.8804546194151766e-09,1.880605684872968e-09,1.880756747479202e-09,1.8809078074752647e-09,1.881058864737982e-09,1.8812099193463396e-09,1.881360971162865e-09,1.88151202018114e-09,1.881663066507297e-09,1.881814110119559e-09,1.8819651510255877e-09,1.882116189173931e-09,1.882267224629613e-09,1.882418257387136e-09,1.8825692871155612e-09,1.882720314407238e-09,1.8828713390084668e-09,1.883022360898963e-09,1.8831733800376503e-09,1.8833243964819155e-09,1.8834754102384077e-09,1.8836264213267524e-09,1.883777429719602e-09,1.8839284355025878e-09,1.8840794385153328e-09,1.884230438740847e-09,1.8843814362640237e-09,1.8845324311484106e-09,1.8846834233108426e-09,1.884834412736503e-09,1.8849853993750935e-09,1.8851363834110575e-09,1.8852873647183177e-09,1.8854383433185445e-09,1.8855893193200155e-09,1.8857402926400813e-09,1.8858912632021276e-09,1.886042231103111e-09,1.886193196348434e-09,1.8863441588624143e-09,1.8864951187063435e-09,1.88664607545424e-09,1.886797029919905e-09,1.8869479814616915e-09,1.8870989305679176e-09,1.88724987702753e-09,1.8874008207789707e-09,1.8875517618520964e-09,1.887702700264576e-09,1.887853636035226e-09,1.8880045690774297e-09,1.8881554994730057e-09,1.8883064271991314e-09,1.8884573522255157e-09,1.8886082746002654e-09,1.888759194134397e-09,1.8889101112123756e-09,1.88906102517971e-09,1.889211936863722e-09,1.889362845920353e-09,1.8895137523150217e-09,1.8896646558402766e-09,1.889815556917606e-09,1.889966455345113e-09,1.890117351110563e-09,1.8902682442285836e-09,1.8904191347024116e-09,1.8905700225200216e-09,1.8907209077311358e-09,1.8908717902330065e-09,1.8910226701177244e-09,1.891173547370084e-09,1.8913244219354768e-09,1.8914752938955906e-09,1.891626163148485e-09,1.8917770297885413e-09,1.891927893576944e-09,1.8920787549340823e-09,1.892229613617078e-09,1.8923804696801026e-09,1.892531323139085e-09,1.8926821740086997e-09,1.892833022176478e-09,1.8929838677094234e-09,1.8931347105958452e-09,1.8932855505714664e-09,1.893436388107491e-09,1.893587223132727e-09,1.8937380554966693e-09,1.8938888849438632e-09,1.894039712043777e-09,1.8941905365278643e-09,1.894341358424492e-09,1.894492177643016e-09,1.8946429942395697e-09,1.8947938082173e-09,1.8949446196371237e-09,1.895095428405523e-09,1.8952462345551426e-09,1.895397037940579e-09,1.8955478388577815e-09,1.8956986371266187e-09,1.895849432785597e-09,1.8960002258180855e-09,1.896151016206051e-09,1.896301804035048e-09,1.8964525892786523e-09,1.896603371847215e-09,1.896754151907265e-09,1.8969049292684416e-09,1.8970557040732234e-09,1.8972064762663072e-09,1.897357245832962e-09,1.8975080128709086e-09,1.897658777110643e-09,1.89780953891407e-09,1.89796029810221e-09,1.8981110547527086e-09,1.8982618087385806e-09,1.898412560151197e-09,1.898563308983795e-09,1.898714055297056e-09,1.898864798917386e-09,1.899015539925432e-09,1.8991662783714854e-09,1.89931701421208e-09,1.89946774746777e-09,1.899618478145708e-09,1.8997692061961727e-09,1.89991993167184e-09,1.9000706546403673e-09,1.9002213749761014e-09,1.900372092387027e-09,1.90052280766578e-09,1.9006735202112183e-09,1.9008242302613693e-09,1.900974937723453e-09,1.90112564256238e-09,1.901276344778508e-09,1.901427044474371e-09,1.9015777416484215e-09,1.90172843619467e-09,1.901879128218189e-09,1.902029817624104e-09,1.9021805046032625e-09,1.902331188860528e-09,1.9024818704900637e-09,1.902632549589516e-09,1.902783226113923e-09,1.9029339000571104e-09,1.9030845715090197e-09,1.9032352403271644e-09,1.9033859065453453e-09,1.9035365703024847e-09,1.903687231498056e-09,1.903837890026594e-09,1.9039885460234906e-09,1.904139199488316e-09,1.9042898503174754e-09,1.904440498635118e-09,1.9045911444292123e-09,1.904741787622511e-09,1.9048924282564272e-09,1.9050430664355084e-09,1.905193702142236e-09,1.905344335155945e-09,1.9054949655858026e-09,1.9056455935071593e-09,1.9057962189550975e-09,1.905946841768131e-09,1.9060974616922363e-09,1.9062480793318364e-09,1.906398694397181e-09,1.906549307065347e-09,1.906699917176582e-09,1.906850524734754e-09,1.9070011297842316e-09,1.9071517321805284e-09,1.90730233206224e-09,1.9074529294046972e-09,1.9076035241217288e-09,1.9077541164390693e-09,1.907904706212177e-09,1.9080552934487567e-09,1.908205878200676e-09,1.9083564600935613e-09,1.9085070396653915e-09,1.9086576167223304e-09,1.908808191291497e-09,1.9089587632869844e-09,1.9091093328928673e-09,1.90925989987173e-09,1.9094104642499364e-09,1.9095610262806825e-09,1.909711585667252e-09,1.90986214254726e-09,1.910012696865895e-09,1.910163248632665e-09,1.9103137979697557e-09,1.91046434477636e-09,1.9106148890307366e-09,1.9107654306864893e-09,1.9109159699236366e-09,1.9110665065755914e-09,1.9112170407652773e-09,1.9113675724373414e-09,1.9115181015880377e-09,1.911668628211686e-09,1.9118191523965166e-09,1.911969673945412e-09,1.912120192979415e-09,1.912270709550224e-09,1.912421223600335e-09,1.912571735153784e-09,1.912722244242285e-09,1.912872750770715e-09,1.9130232547908807e-09,1.9131737563028275e-09,1.9133242552773547e-09,1.9134747517229737e-09,1.9136252456398084e-09,1.913775737129193e-09,1.91392622611482e-09,1.9140767126196038e-09,1.9142271966075353e-09,1.9143776780399e-09,1.914528156955177e-09,1.914678633454513e-09,1.91482910744453e-09,1.9149795789218877e-09,1.9151300478214517e-09,1.915280514265985e-09,1.9154309784137394e-09,1.9155814399472887e-09,1.9157318989414335e-09,1.91588235545147e-09,1.9160328095376432e-09,1.9161832610817446e-09,1.9163337100066922e-09,1.9164841565504487e-09,1.9166346004024573e-09,1.916785041559007e-09,1.9169354807102606e-09,1.9170859172749904e-09,1.917236351391421e-09,1.9173867830249617e-09,1.9175372121733014e-09,1.917687638710898e-09,1.9178380630939373e-09,1.917988484712311e-09,1.9181389039283554e-09,1.918289320622431e-09,1.9184397348634784e-09,1.9185901466100415e-09,1.9187405558834326e-09,1.9188909627379045e-09,1.9190413671556958e-09,1.919191769004067e-09,1.919342168357932e-09,1.9194925652120264e-09,1.9196429596429547e-09,1.9197933516021147e-09,1.919943741068854e-09,1.9200941280822534e-09,1.920244512622488e-09,1.9203948946660397e-09,1.920545273996248e-09,1.920695650822366e-09,1.9208460255150717e-09,1.9209963976983964e-09,1.921146767421082e-09,1.9212971346596554e-09,1.9214474994360066e-09,1.9215978616318293e-09,1.9217482215739943e-09,1.9218985792509235e-09,1.9220489341826967e-09,1.9221992866559873e-09,1.9223496367312264e-09,1.922499983933254e-09,1.922650329018847e-09,1.9228006716380508e-09,1.9229510120165352e-09,1.923101349722521e-09,1.923251684970341e-09,1.9234020181774884e-09,1.9235523484941847e-09,1.923702676268904e-09,1.923853001675051e-09,1.924003324623855e-09,1.9241536451385972e-09,1.9243039631832143e-09,1.924454278840265e-09,1.9246045919919954e-09,1.9247549026976844e-09,1.924905210952125e-09,1.925055516740702e-09,1.9252058196306343e-09,1.9253561205602674e-09,1.925506419013824e-09,1.925656714930884e-09,1.925807008475238e-09,1.925957299578925e-09,1.926107588253126e-09,1.926257874482947e-09,1.9264081582543137e-09,1.9265584395320404e-09,1.926708718432242e-09,1.926858994837011e-09,1.9270092688542773e-09,1.927159540429879e-09,1.92730980956619e-09,1.927460076140582e-09,1.9276103403989666e-09,1.927760602213557e-09,1.9279108614969714e-09,1.928061118442707e-09,1.928211372946142e-09,1.9283616250200354e-09,1.928511874553298e-09,1.9286621217421575e-09,1.928812366405677e-09,1.9289626086919563e-09,1.929112848615374e-09,1.9292630860758836e-09,1.9294133211186784e-09,1.9295635537220617e-09,1.9297137837963126e-09,1.9298640114562044e-09,1.93001423678032e-09,1.9301644596608335e-09,1.9303146801597764e-09,1.930464898165205e-09,1.9306151137686763e-09,1.930765326700726e-09,1.930915537444094e-09,1.9310657458385895e-09,1.931215951739516e-09,1.9313661553157337e-09,1.931516356466018e-09,1.931666554817419e-09,1.9318167512845286e-09,1.931966945070008e-09,1.9321171364413613e-09,1.932267325440576e-09,1.932417511915223e-09,1.9325676959823844e-09,1.932717877700783e-09,1.9328680569586966e-09,1.9330182337909983e-09,1.933168408280352e-09,1.9333185803192433e-09,1.933468749928461e-09,1.93361891702016e-09,1.933769081706208e-09,1.933919244083062e-09,1.934069404002014e-09,1.9342195614306156e-09,1.934369716508167e-09,1.934519869115686e-09,1.9346700194357995e-09,1.9348201672785087e-09,1.9349703127838506e-09,1.935120455735783e-09,1.935270596276325e-09,1.9354207345546935e-09,1.9355708702974907e-09,1.9357210037232726e-09,1.9358711347480537e-09,1.9360212635032418e-09,1.9361713897767536e-09,1.9363215135992197e-09,1.9364716350298695e-09,1.9366217540335527e-09,1.9367718705919912e-09,1.9369219848366087e-09,1.9370720966705336e-09,1.9372222061037868e-09,1.9373723131537515e-09,1.937522417789883e-09,1.937672520027154e-09,1.9378226198859574e-09,1.937972717284565e-09,1.938122812394963e-09,1.938272905038637e-09,1.938422995293863e-09,1.9385730829131307e-09,1.9387231684082708e-09,1.9388732514661054e-09,1.939023332031371e-09,1.9391734107236318e-09,1.939323486501703e-09,1.93947355999739e-09,1.9396236310996334e-09,1.939773699701994e-09,1.939923765908973e-09,1.9400738297274587e-09,1.9402238912743804e-09,1.9403739504957947e-09,1.940524007265076e-09,1.940674061696266e-09,1.9408241136895546e-09,1.940974163361837e-09,1.9411242106555427e-09,1.9412742555467563e-09,1.941424298082645e-09,1.9415743381610855e-09,1.9417243758922875e-09,1.9418744111960552e-09,1.9420244441157226e-09,1.9421744746519256e-09,1.9423245027906263e-09,1.9424745285633113e-09,1.942624551951684e-09,1.942774572961165e-09,1.9429245915894165e-09,1.943074607823684e-09,1.9432246216726557e-09,1.9433746331427104e-09,1.9435246422406883e-09,1.9436746489602973e-09,1.943824653303244e-09,1.9439746552686972e-09,1.944124654858215e-09,1.944274652071758e-09,1.9444246469045537e-09,1.9445746393678417e-09,1.944724629455372e-09,1.9448746171686605e-09,1.945024602510863e-09,1.9451745854800426e-09,1.9453245660763266e-09,1.9454745443002186e-09,1.9456245201527013e-09,1.9457744936418e-09,1.9459244647540736e-09,1.9460744334966237e-09,1.9462243997650775e-09,1.9463743637804364e-09,1.9465243252908063e-09,1.9466742845587312e-09,1.9468242414755554e-09,1.946974196022921e-09,1.947124148536406e-09,1.9472740983391765e-09,1.947424045773264e-09,1.9475739908422915e-09,1.947723933544039e-09,1.9478738738824407e-09,1.9480238118538795e-09,1.9481737474670326e-09,1.9483236807229695e-09,1.9484736115990644e-09,1.9486235401259865e-09,1.94877346629379e-09,1.948923390132523e-09,1.9490733115900593e-09,1.9492232306762674e-09,1.949373147361464e-09,1.9495230617260704e-09,1.9496729737190154e-09,1.949822883389282e-09,1.9499727906828255e-09,1.9501226956213417e-09,1.950272598198529e-09,1.9504224984242535e-09,1.950572396282935e-09,1.9507222918348513e-09,1.950872184970358e-09,1.951022075764032e-09,1.9511719642595323e-09,1.951321850345592e-09,1.9514717341239844e-09,1.951621615525162e-09,1.9517714940956256e-09,1.9519213707687983e-09,1.9520712449982773e-09,1.9522211172527505e-09,1.95237098670539e-09,1.9525208539263117e-09,1.9526707188452794e-09,1.9528205814475962e-09,1.9529704416721498e-09,1.953120299574899e-09,1.9532701551276098e-09,1.953420008312075e-09,1.9535698591380725e-09,1.9537197076383682e-09,1.953869553779882e-09,1.9540193975617425e-09,1.954169239028986e-09,1.9543190781307773e-09,1.954468914894109e-09,1.954618749352396e-09,1.9547685814611167e-09,1.954918411203996e-09,1.9550682385868136e-09,1.955218063584381e-09,1.9553678862953884e-09,1.9555177066831387e-09,1.9556675247153036e-09,1.955817340386665e-09,1.9559671537344356e-09,1.9561169646787682e-09,1.9562667733558264e-09,1.9564165793322177e-09,1.956566383327909e-09,1.9567161849783346e-09,1.9568659842932e-09,1.9570157812775624e-09,1.9571655756571313e-09,1.957315367975564e-09,1.9574651582401325e-09,1.957614945886433e-09,1.9577647311966188e-09,1.9579145139805957e-09,1.958064294589268e-09,1.9582140727938324e-09,1.9583638488146798e-09,1.9585136224881796e-09,1.958663393701163e-09,1.958813162687853e-09,1.9589629293311757e-09,1.9591126936759233e-09,1.9592624555633563e-09,1.959412215861793e-09,1.95956197321807e-09,1.959711728674744e-09,1.9598614813355516e-09,1.9600112322188392e-09,1.960160980221806e-09,1.960310725780413e-09,1.960460469329604e-09,1.9606102103280303e-09,1.9607599490080964e-09,1.9609096852847926e-09,1.961059419326009e-09,1.9612091508314073e-09,1.9613588802254815e-09,1.961508607275248e-09,1.9616583321304093e-09,1.9618080543265306e-09,1.9619577748255073e-09,1.9621074925456075e-09,1.962257208109197e-09,1.962406921234167e-09,1.9625566318847012e-09,1.9627063403229106e-09,1.96285604643191e-09,1.963005750378945e-09,1.9631554520038904e-09,1.963305150947385e-09,1.963454847556523e-09,1.9636045418623625e-09,1.9637542339536545e-09,1.96390392371998e-09,1.9640536118189906e-09,1.964203296928774e-09,1.9643529797797e-09,1.9645026600287394e-09,1.964652338182586e-09,1.9648020140802708e-09,1.9649516877627517e-09,1.965101359123853e-09,1.965251028072912e-09,1.965400694835116e-09,1.965550359242165e-09,1.965700021327814e-09,1.9658496812198784e-09,1.9659993386878426e-09,1.966148993842821e-09,1.966298646584701e-09,1.9664482971184864e-09,1.9665979446158363e-09,1.966747590527964e-09,1.9668972341465693e-09,1.9670468753547323e-09,1.96719651417138e-09,1.9673461507594013e-09,1.9674957851084473e-09,1.967645417151639e-09,1.9677950468999548e-09,1.9679446742186224e-09,1.9680942992434367e-09,1.968243921943444e-09,1.968393542481038e-09,1.9685431607104827e-09,1.9686927765836416e-09,1.9688423901727617e-09,1.9689920014571387e-09,1.969141610402522e-09,1.9692912170878155e-09,1.969440821420541e-09,1.96959042342549e-09,1.9697400231497974e-09,1.9698896205755933e-09,1.9700392161455482e-09,1.9701888083889227e-09,1.9703383988885426e-09,1.970487987097474e-09,1.9706375730028413e-09,1.970787156606043e-09,1.970936737919475e-09,1.97108631675016e-09,1.9712358934508056e-09,1.97138546739893e-09,1.971535039497017e-09,1.9716846092941205e-09,1.9718341767907243e-09,1.9719837422351803e-09,1.972133305013904e-09,1.9722828654932966e-09,1.97243242402706e-09,1.9725819799002064e-09,1.972731533486757e-09,1.9728810847664734e-09,1.973030633746502e-09,1.9731801804438746e-09,1.9733297248329465e-09,1.973479266935969e-09,1.9736288068344913e-09,1.9737783445307977e-09,1.9739278798690293e-09,1.974077412780467e-09,1.974226943385706e-09,1.974376471841414e-09,1.974525997980113e-09,1.974675521711259e-09,1.974825043276197e-09,1.9749745621783453e-09,1.9751240790337985e-09,1.9752735936870356e-09,1.975423106054961e-09,1.9755726160799283e-09,1.975722123855703e-09,1.975871629270652e-09,1.976021132628435e-09,1.9761706334967616e-09,1.9763201321332264e-09,1.976469628414094e-09,1.976619122466997e-09,1.9767686142281596e-09,1.9769181039032565e-09,1.9770675910870976e-09,1.9772170759841268e-09,1.977366558593178e-09,1.9775160388823257e-09,1.977665516913707e-09,1.9778149926587573e-09,1.977964466117112e-09,1.9781139372871186e-09,1.978263406168602e-09,1.9784128727653626e-09,1.9785623370898507e-09,1.978711799115993e-09,1.978861258854375e-09,1.9790107163061345e-09,1.9791601714889315e-09,1.9793096243871164e-09,1.979459074983774e-09,1.9796085232997293e-09,1.9797579693457287e-09,1.9799074131082373e-09,1.9800568545876654e-09,1.980206293784301e-09,1.9803557306830078e-09,1.9805051653147804e-09,1.9806545976645742e-09,1.980804027732684e-09,1.980953455519367e-09,1.9811028810485678e-09,1.9812523042734358e-09,1.981401725217817e-09,1.9815511438820225e-09,1.9817005602663e-09,1.9818499743946814e-09,1.9819993862199897e-09,1.9821487957662426e-09,1.9822982030576094e-09,1.9824476080466653e-09,1.982597010781418e-09,1.982746411238411e-09,1.9828958094176305e-09,1.98304520531966e-09,1.9831945989447486e-09,1.9833439902928183e-09,1.983493379364477e-09,1.9836427661603055e-09,1.9837921506808227e-09,1.9839415329252478e-09,1.984090912894008e-09,1.9842402905885738e-09,1.9843896660084313e-09,1.984539039153796e-09,1.9846884100243727e-09,1.9848377786218137e-09,1.9849871449452884e-09,1.985136508995604e-09,1.9852858707730866e-09,1.9854352302782654e-09,1.9855845875107605e-09,1.9857339424706802e-09,1.9858832951586694e-09,1.986032645575326e-09,1.986181993719964e-09,1.9863313395950917e-09,1.9864806831977025e-09,1.9866300245309363e-09,1.986779363593566e-09,1.9869287003861112e-09,1.9870780349085847e-09,1.9872273671624843e-09,1.987376697146911e-09,1.98752602483181e-09,1.9876753502786656e-09,1.987824673456655e-09,1.9879739943339565e-09,1.9881233129500007e-09,1.988272629324573e-09,1.9884219433996677e-09,1.9885712552396907e-09,1.988720564783464e-09,1.988869872061405e-09,1.989019177073892e-09,1.989168479821817e-09,1.9893177804026826e-09,1.9894670786187337e-09,1.9896163745658486e-09,1.9897656682493767e-09,1.9899149596690756e-09,1.9900642488242585e-09,1.990213535711122e-09,1.9903628203377952e-09,1.990512102699506e-09,1.990661382797293e-09,1.9908106606339365e-09,1.9909599362051097e-09,1.991109209513707e-09,1.9912584805588757e-09,1.991407749345775e-09,1.9915570158695796e-09,1.9917062801318124e-09,1.991855542132103e-09,1.9920048018708472e-09,1.992154059348285e-09,1.992303314563715e-09,1.992452567521245e-09,1.9926018182161376e-09,1.9927510666534532e-09,1.9929003128302472e-09,1.9930495567498043e-09,1.9931987984086014e-09,1.9933480378084444e-09,1.993497274948814e-09,1.9936465098316712e-09,1.993795742458888e-09,1.9939449728253713e-09,1.9940942009335984e-09,1.9942434267845233e-09,1.9943926503814525e-09,1.9945418717170825e-09,1.994691090797921e-09,1.994840307621069e-09,1.994989522189004e-09,1.995138734502861e-09,1.995287944558899e-09,1.9954371523585134e-09,1.995586357902726e-09,1.9957355611947425e-09,1.9958847622304223e-09,1.996033961009427e-09,1.9961831575349187e-09,1.9963323518058517e-09,1.9964815438242156e-09,1.9966307335873067e-09,1.9967799211007175e-09,1.996929106360985e-09,1.9970782893654585e-09,1.997227470117538e-09,1.9973766486190354e-09,1.997525824864957e-09,1.9976749988636087e-09,1.9978241706058645e-09,1.9979733400987425e-09,1.9981225073402416e-09,1.9982716723299363e-09,1.998420835071873e-09,1.998569995506317e-09,1.99871915368999e-09,1.998868309678605e-09,1.9990174634181025e-09,1.9991666149058033e-09,1.999315764092848e-09,1.9994649110839207e-09,1.9996140558237522e-09,1.9997631983597777e-09,1.99991233864665e-09,2.0000614766441127e-09,2.0002106124306476e-09,2.000359745938279e-09,2.0005088772292387e-09,2.000658006272634e-09,2.0008071330682996e-09,2.0009562575661807e-09,2.0011053798389095e-09,2.0012544998952203e-09,2.001403617674458e-09,2.0015527332069527e-09,2.001701846974559e-09,2.0018509580014628e-09,2.0020000667995067e-09,2.002149173352507e-09,2.002298277667774e-09,2.0024473790522154e-09,2.0025964788499424e-09,2.0027455765652302e-09,2.0028946718747745e-09,2.0030437649449688e-09,2.003192855763547e-09,2.0033419443402814e-09,2.0034910306431237e-09,2.0036401147371676e-09,2.003789196583436e-09,2.0039382761882973e-09,2.0040873535537634e-09,2.004236428641514e-09,2.004385501525095e-09,2.0045345721590342e-09,2.0046836405878188e-09,2.0048327067413487e-09,2.0049817706338454e-09,2.0051308317692916e-09,2.0052798912007722e-09,2.005428948395616e-09,2.0055780033448353e-09,2.005727055858831e-09,2.0058761062920657e-09,2.0060251543081023e-09,2.0061742003117797e-09,2.0063232440892022e-09,2.006472285619242e-09,2.0066213249148904e-09,2.0067703619716152e-09,2.00691939674208e-09,2.0070684293334446e-09,2.0072174595773255e-09,2.007366487686946e-09,2.007515513306798e-09,2.007664536817722e-09,2.0078135582112443e-09,2.0079625774016583e-09,2.0081115943537364e-09,2.0082606089869923e-09,2.0084096212077826e-09,2.0085586314135688e-09,2.008707639377123e-09,2.0088566451116184e-09,2.00900564861092e-09,2.0091546498497667e-09,2.0093036488721918e-09,2.009452645659752e-09,2.0096016402200446e-09,2.009750632495214e-09,2.009899622587315e-09,2.010048610445473e-09,2.010197596076542e-09,2.010346579163338e-09,2.010495560289802e-09,2.0106445392145858e-09,2.0107935159303556e-09,2.0109424903988986e-09,2.011091462618619e-09,2.0112404326155834e-09,2.011389400384935e-09,2.011538365933333e-09,2.011687329241454e-09,2.011836290314065e-09,2.011985249197218e-09,2.0121342058080163e-09,2.0122831601763024e-09,2.0124321123180586e-09,2.012581062469734e-09,2.0127300102014753e-09,2.0128789556716444e-09,2.0130278990773327e-09,2.0131768403947507e-09,2.0133257794533212e-09,2.0134747163156706e-09,2.0136236505993596e-09,2.0137725829490834e-09,2.0139215131170075e-09,2.0140704407336424e-09,2.0142193662758203e-09,2.0143682894269855e-09,2.0145172103562555e-09,2.0146661290901493e-09,2.0148150455447096e-09,2.014963959774446e-09,2.0151128719761794e-09,2.015261781776366e-09,2.0154106893435562e-09,2.0155595946847565e-09,2.0157084977972348e-09,2.0158573986825806e-09,2.0160062973502952e-09,2.0161551938356932e-09,2.016304088046168e-09,2.0164529800388784e-09,2.0166018697677265e-09,2.0167507573512735e-09,2.016899642661814e-09,2.0170485257431764e-09,2.0171974067412275e-09,2.0173462853128767e-09,2.017495161686583e-09,2.017644035898391e-09,2.0177929077101567e-09,2.017941777631577e-09,2.0180906450986685e-09,2.0182395101918728e-09,2.0183883734341066e-09,2.018537234166559e-09,2.0186860926883977e-09,2.018834949074618e-09,2.01898380321384e-09,2.0191326546249536e-09,2.0192815043181576e-09,2.019430351782735e-09,2.019579196768772e-09,2.0197280396487667e-09,2.0198768805232807e-09,2.0200257191771803e-09,2.0201745556109653e-09,2.0203233897580215e-09,2.0204722218099855e-09,2.0206210515405386e-09,2.0207698790357834e-09,2.020918704503217e-09,2.0210675274198987e-09,2.0212163483722143e-09,2.02136516693973e-09,2.0215139833697567e-09,2.0216627975746517e-09,2.0218116096111846e-09,2.021960419377691e-09,2.0221092269233284e-09,2.0222580321077994e-09,2.0224068355117228e-09,2.0225556364023943e-09,2.0227044353027374e-09,2.022853231691199e-09,2.023002025947859e-09,2.0231508180126344e-09,2.0232996078698945e-09,2.0234483954068836e-09,2.023597180778211e-09,2.0237459639970872e-09,2.023894744935045e-09,2.024043523682209e-09,2.0241923001869136e-09,2.024341074481625e-09,2.0244898466011768e-09,2.0246386164349262e-09,2.02478738407246e-09,2.0249361494953204e-09,2.0250849127022373e-09,2.0252336737983535e-09,2.025382432559786e-09,2.02553118918586e-09,2.025679943534042e-09,2.025828696251044e-09,2.0259774461820094e-09,2.0261261937892636e-09,2.02627493928264e-09,2.0264236826131078e-09,2.0265724236800934e-09,2.02672116253311e-09,2.026869899175021e-09,2.0270186333760804e-09,2.0271673655898582e-09,2.0273160955928747e-09,2.027464823372117e-09,2.0276135489776086e-09,2.0277622723455724e-09,2.0279109935030275e-09,2.0280597125488403e-09,2.0282084291827743e-09,2.02835714367934e-09,2.0285058559863884e-09,2.028654566084955e-09,2.0288032739347834e-09,2.0289519796085e-09,2.0291006832865582e-09,2.029249384572719e-09,2.029398083612135e-09,2.029546780350387e-09,2.029695474868853e-09,2.0298441672561628e-09,2.029992857458512e-09,2.030141545444197e-09,2.030290231966519e-09,2.0304389155332247e-09,2.0305875970195808e-09,2.030736276174153e-09,2.030884953139783e-09,2.0310336278279304e-09,2.0311823007815516e-09,2.0313309708692645e-09,2.031479638971055e-09,2.03162830489458e-09,2.0317769685865408e-09,2.031925630073557e-09,2.0320742892606352e-09,2.032222946473611e-09,2.0323716013554775e-09,2.0325202539612844e-09,2.032668904296309e-09,2.032817552538588e-09,2.0329661984327296e-09,2.033114842262202e-09,2.0332634838876147e-09,2.0334121232313383e-09,2.033560760432526e-09,2.0337093954324913e-09,2.0338580282346816e-09,2.0340066588899212e-09,2.03415528708129e-09,2.0343039132663863e-09,2.0344525372463268e-09,2.034601159021313e-09,2.034749778509875e-09,2.0348983958739234e-09,2.035047011036462e-09,2.0351956239970336e-09,2.035344235011671e-09,2.0354928435923856e-09,2.0356414498664507e-09,2.035790054039423e-09,2.03593865598234e-09,2.0360872556578956e-09,2.036235853139748e-09,2.0363844484856665e-09,2.0365330416092713e-09,2.0366816325221486e-09,2.0368302212401377e-09,2.0369788077553135e-09,2.0371273921364166e-09,2.03727597424909e-09,2.0374245541575107e-09,2.0375731318638763e-09,2.037721707280941e-09,2.0378702805783425e-09,2.038018851688692e-09,2.0381674205706408e-09,2.038315987401914e-09,2.0384645519561624e-09,2.038613114264599e-09,2.038761674354773e-09,2.038910232190896e-09,2.0390587878762803e-09,2.0392073414032265e-09,2.0393558926963987e-09,2.0395044417610574e-09,2.0396529886531493e-09,2.0398015333215983e-09,2.0399500758155283e-09,2.0400986161384302e-09,2.040247154307668e-09,2.0403956902755456e-09,2.0405442239718804e-09,2.040692755469459e-09,2.0408412848273463e-09,2.040989811927509e-09,2.041138336828722e-09,2.041286859552989e-09,2.041435380090866e-09,2.041583898395362e-09,2.041732414522434e-09,2.0418809284333106e-09,2.0420294401422964e-09,2.0421779496306414e-09,2.042326456962116e-09,2.042474962082944e-09,2.042623465004841e-09,2.0427719657275677e-09,2.0429204641896394e-09,2.043068960546053e-09,2.0432174546825064e-09,2.0433659466565216e-09,2.04351443635282e-09,2.0436629239257034e-09,2.0438114092771993e-09,2.0439598924849678e-09,2.0441083733916765e-09,2.0442568521492923e-09,2.044405329022559e-09,2.044553803472192e-09,2.0447022758134404e-09,2.0448507457961435e-09,2.0449992134172583e-09,2.045147679117119e-09,2.045296142511204e-09,2.045444603708305e-09,2.0455930627971445e-09,2.0457415195153484e-09,2.045889974845352e-09,2.0460384272664803e-09,2.04618687749834e-09,2.046335325537073e-09,2.046483771358717e-09,2.046632215075561e-09,2.0467806566159585e-09,2.04692909570561e-09,2.0470775328700184e-09,2.0472259680112215e-09,2.0473744006888507e-09,2.0475228311852e-09,2.0476712594251004e-09,2.0478196855347018e-09,2.047968109489711e-09,2.048116531217812e-09,2.048264950269541e-09,2.048413367593411e-09,2.048561782754033e-09,2.0487101957246373e-09,2.048858606525125e-09,2.049007015611498e-09,2.049155422070847e-09,2.0493038261926736e-09,2.04945222819836e-09,2.049600628051738e-09,2.0497490255842914e-09,2.0498974209716463e-09,2.050045814178484e-09,2.0501942051018747e-09,2.0503425938522967e-09,2.0504909805089996e-09,2.0506393650305803e-09,2.050787746924381e-09,2.050936127018022e-09,2.051084504971071e-09,2.051232880700413e-09,2.0513812541887127e-09,2.051529625158935e-09,2.0516779943080017e-09,2.05182636126927e-09,2.0519747260542257e-09,2.052123088686493e-09,2.0522714491084995e-09,2.0524198073528918e-09,2.0525681642911266e-09,2.052716518064454e-09,2.052864869638685e-09,2.053013219108442e-09,2.0531615663766165e-09,2.053309911406356e-09,2.053458254102564e-09,2.0536065948075504e-09,2.0537549333282635e-09,2.053903269611825e-09,2.054051603786017e-09,2.054199935689399e-09,2.0543482654311427e-09,2.054496593056131e-09,2.0546449184584776e-09,2.0547932416986833e-09,2.054941562644213e-09,2.0550898813513956e-09,2.0552381980709324e-09,2.055386512474427e-09,2.0555348247619e-09,2.055683134235679e-09,2.055831442545683e-09,2.055979748272497e-09,2.0561280515240065e-09,2.0562763528859293e-09,2.0564246520526152e-09,2.0565729490059607e-09,2.056721243745938e-09,2.056869536368814e-09,2.0570178268084163e-09,2.057166115064602e-09,2.05731440113168e-09,2.057462685011368e-09,2.0576109667057146e-09,2.0577592462177575e-09,2.057907523550754e-09,2.0580557986916167e-09,2.058204071721741e-09,2.0583523425007234e-09,2.0585006110470397e-09,2.058648877456027e-09,2.058797141632462e-09,2.058945403626711e-09,2.0590936634223323e-09,2.0592419210282052e-09,2.0593901764703114e-09,2.0595384297344878e-09,2.0596866808153545e-09,2.0598349297118886e-09,2.059983176331404e-09,2.060131420920434e-09,2.0602796631848985e-09,2.060427903348566e-09,2.060576141307446e-09,2.0607243770987885e-09,2.0608726107224616e-09,2.061020842136138e-09,2.061169071466555e-09,2.061317298786063e-09,2.0614655235997455e-09,2.061613746367478e-09,2.0617619668765726e-09,2.061910185349028e-09,2.0620584011556744e-09,2.062206615215615e-09,2.062354827095274e-09,2.0625030360198432e-09,2.0626512430620504e-09,2.06279944847109e-09,2.0629476516307306e-09,2.063095852610504e-09,2.0632440514106958e-09,2.0633922480315225e-09,2.063540442472993e-09,2.0636886345327444e-09,2.06383682461571e-09,2.0639850125197534e-09,2.0641331982448983e-09,2.064281381791091e-09,2.0644295631587254e-09,2.0645777423474875e-09,2.064725919338783e-09,2.0648740941576128e-09,2.0650222668112435e-09,2.0651704372688214e-09,2.065318605566487e-09,2.0654667716863125e-09,2.0656149356267457e-09,2.0657630973969096e-09,2.06591125696116e-09,2.066059414370305e-09,2.0662075695839647e-09,2.066355722646332e-09,2.0665038735037567e-09,2.0666520222248255e-09,2.0668001687493683e-09,2.0669483130949015e-09,2.06709645527321e-09,2.0672445951042168e-09,2.06739273292805e-09,2.0675408685597016e-09,2.0676890020244964e-09,2.0678371328909532e-09,2.067985262025788e-09,2.0681333889603717e-09,2.0682815137086578e-09,2.0684296362841e-09,2.0685777567056724e-09,2.0687258749259108e-09,2.068873990973326e-09,2.0690221050590993e-09,2.0691702167534914e-09,2.0693183262728377e-09,2.069466433616493e-09,2.069614538790849e-09,2.0697626420132317e-09,2.069910742847012e-09,2.0700588414888465e-09,2.0702069382636226e-09,2.0703550325654468e-09,2.0705031246886186e-09,2.0706512146375293e-09,2.0707993023976423e-09,2.070947387629267e-09,2.071095470963089e-09,2.0712435522195757e-09,2.0713916313379678e-09,2.0715397082052615e-09,2.0716877829486846e-09,2.071835855480114e-09,2.0719839258960464e-09,2.072131994099753e-09,2.072280060032728e-09,2.072428124173895e-09,2.0725761859656603e-09,2.072724246035236e-09,2.0728723026072506e-09,2.0730203577231443e-09,2.0731684106258063e-09,2.073316461432093e-09,2.073464510593923e-09,2.0736125570839618e-09,2.073760601402432e-09,2.073908643562103e-09,2.0740566834566578e-09,2.0742047212616825e-09,2.07435275685118e-09,2.0745007898592468e-09,2.074648821247245e-09,2.0747968510095575e-09,2.0749448784848025e-09,2.075092903001894e-09,2.0752409255920366e-09,2.0753889459646204e-09,2.0755369642467334e-09,2.075684980226967e-09,2.075832994163458e-09,2.075981005797257e-09,2.0761290154541807e-09,2.076277022914794e-09,2.0764250281613177e-09,2.076573031306303e-09,2.076721032182839e-09,2.076869030940872e-09,2.0770170273719013e-09,2.0771650218559087e-09,2.077313014088346e-09,2.077461003942497e-09,2.077608991833501e-09,2.0777569774771027e-09,2.077904961050718e-09,2.078052942493372e-09,2.078200921758149e-09,2.0783488990645688e-09,2.0784968739780225e-09,2.0786448466095323e-09,2.0787928171462606e-09,2.078940785457649e-09,2.079088751654692e-09,2.0792367157051623e-09,2.0793846775694564e-09,2.079532637261594e-09,2.0796805948484827e-09,2.0798285502673044e-09,2.0799765036622295e-09,2.0801244547780783e-09,2.080272403630668e-09,2.0804203502970536e-09,2.0805682949183564e-09,2.080716237288877e-09,2.080864177470719e-09,2.0810121155028047e-09,2.0811600513693163e-09,2.0813079851066456e-09,2.0814559167431844e-09,2.0816038460931055e-09,2.0817517730224613e-09,2.081899697912264e-09,2.0820476208461404e-09,2.0821955416013668e-09,2.082343460127873e-09,2.082491376699287e-09,2.0826392909776593e-09,2.082787202982958e-09,2.0829351128675773e-09,2.083083020574529e-09,2.0832309261128784e-09,2.083378829576166e-09,2.0835267307655824e-09,2.0836746297983526e-09,2.083822526644976e-09,2.08397042136806e-09,2.0841183139846367e-09,2.0842662042348234e-09,2.0844140925319958e-09,2.0845619792784365e-09,2.0847098633380395e-09,2.084857745661662e-09,2.0850056252098366e-09,2.085153503166346e-09,2.0853013783902786e-09,2.0854492514104602e-09,2.0855971222692744e-09,2.085744991008035e-09,2.0858928581225763e-09,2.08604072307308e-09,2.086188585817447e-09,2.086336446534617e-09,2.086484304045397e-09,2.086632159797704e-09,2.086780013388025e-09,2.0869278648122096e-09,2.087075714077812e-09,2.087223561154174e-09,2.0873714060868967e-09,2.087519248838427e-09,2.0876670894017447e-09,2.0878149278504036e-09,2.087962764140551e-09,2.088110598265601e-09,2.0882584302461956e-09,2.0884062600674075e-09,2.08855408770553e-09,2.0887019132062625e-09,2.088849736812417e-09,2.08899755789037e-09,2.089145376877763e-09,2.089293193711127e-09,2.089441008073652e-09,2.089588820572862e-09,2.0897366309168345e-09,2.089884439215695e-09,2.090032245278578e-09,2.090180049144126e-09,2.090327850870922e-09,2.0904756504086515e-09,2.0906234480871157e-09,2.0907712433900434e-09,2.0909190364721697e-09,2.0910668273854455e-09,2.0912146160695824e-09,2.0913624026517223e-09,2.091510187098156e-09,2.0916579693598714e-09,2.09180574947669e-09,2.0919535273662935e-09,2.0921013031474775e-09,2.092249076733763e-09,2.0923968481970546e-09,2.0925446174863675e-09,2.092692384672077e-09,2.0928401496123137e-09,2.0929879124577797e-09,2.093135673146052e-09,2.0932834316495944e-09,2.093431187971125e-09,2.0935789421992213e-09,2.0937266941856277e-09,2.0938744440564117e-09,2.094022191513289e-09,2.0941699366067833e-09,2.09431767963687e-09,2.09446542087669e-09,2.0946131597413167e-09,2.0947608966666563e-09,2.0949086313936675e-09,2.095056364000716e-09,2.0952040944590653e-09,2.09535182334967e-09,2.0954995496370835e-09,2.095647273596569e-09,2.095794995404808e-09,2.095942715118755e-09,2.096090432605609e-09,2.096238148091833e-09,2.0963858613388106e-09,2.096533572374068e-09,2.0966812812392156e-09,2.0968289878273774e-09,2.0969766922978725e-09,2.0971243946807287e-09,2.0972720950500395e-09,2.0974197931329508e-09,2.0975674890713152e-09,2.0977151827888263e-09,2.0978628744599835e-09,2.0980105640847377e-09,2.098158251723351e-09,2.098305936879547e-09,2.098453619485546e-09,2.098601300308771e-09,2.0987489789552502e-09,2.0988966560801522e-09,2.09904433043937e-09,2.099192002660897e-09,2.0993396727263814e-09,2.0994873405248646e-09,2.0996350069462017e-09,2.0997826706547814e-09,2.099930332040516e-09,2.100077991726468e-09,2.1002256489016453e-09,2.1003733038657683e-09,2.10052095728914e-09,2.100668607967697e-09,2.100816256482526e-09,2.100963903580545e-09,2.1011115477781603e-09,2.1012591897277262e-09,2.101406830491848e-09,2.1015544681330545e-09,2.101702103715746e-09,2.1018497376567196e-09,2.1019973689516706e-09,2.102144998449545e-09,2.102292625569216e-09,2.1024402503104468e-09,2.1025878730366802e-09,2.102735493550389e-09,2.102883111911997e-09,2.1030307281210502e-09,2.1031783421267966e-09,2.1033259540387283e-09,2.1034735637915334e-09,2.103621171387793e-09,2.1037687768333355e-09,2.1039163801336326e-09,2.104063981281065e-09,2.1042115802717252e-09,2.104359177104824e-09,2.104506771785485e-09,2.104654364613033e-09,2.104801954451077e-09,2.104949542678115e-09,2.1050971290513834e-09,2.105244712944307e-09,2.105392294310067e-09,2.105539873932849e-09,2.1056874514024074e-09,2.105835026828597e-09,2.1059826000575484e-09,2.1061301710946786e-09,2.106277739943271e-09,2.1064253068377325e-09,2.106572871398617e-09,2.1067204338073796e-09,2.1068679937274e-09,2.1070155518028847e-09,2.1071631077577983e-09,2.1073106615648726e-09,2.1074582132100412e-09,2.10760576299609e-09,2.107753309909503e-09,2.1079008551763784e-09,2.1080483982310402e-09,2.1081959391375082e-09,2.1083434778926296e-09,2.1084910144817214e-09,2.108638549086834e-09,2.108786081009369e-09,2.108933611223449e-09,2.109081139693624e-09,2.1092286656082804e-09,2.1093761892923e-09,2.1095237106699304e-09,2.109671230095522e-09,2.1098187473025174e-09,2.109966262383454e-09,2.110113775461244e-09,2.110261286452605e-09,2.11040879503637e-09,2.1105563022800918e-09,2.1107038066322954e-09,2.1108513087850428e-09,2.1109988088422475e-09,2.1111463067549258e-09,2.1112938024687073e-09,2.1114412969010476e-09,2.1115887884775554e-09,2.111736277904369e-09,2.1118837650915533e-09,2.112031250111022e-09,2.1121787329537056e-09,2.1123262136766443e-09,2.1124736922275477e-09,2.1126211685621245e-09,2.112768642751878e-09,2.1129161149126124e-09,2.113063584650206e-09,2.113211052502125e-09,2.1133585182985125e-09,2.1135059818381293e-09,2.1136534432314365e-09,2.113800902565553e-09,2.1139483595441518e-09,2.114095814651267e-09,2.1142432674939796e-09,2.1143907178095137e-09,2.1145381665164214e-09,2.1146856128924533e-09,2.1148330570456924e-09,2.114980499128501e-09,2.115127938786052e-09,2.1152753765762166e-09,2.115422812228194e-09,2.1155702454677277e-09,2.115717676809054e-09,2.115865106014108e-09,2.1160125330918662e-09,2.1161599580241977e-09,2.116307379857576e-09,2.1164548004912795e-09,2.116602219035982e-09,2.1167496353849346e-09,2.1168970495479213e-09,2.117044462282345e-09,2.1171918721925486e-09,2.1173392798508967e-09,2.1174866854322067e-09,2.1176340896012548e-09,2.11778149094752e-09,2.1179288901356735e-09,2.1180762872323418e-09,2.118223682138147e-09,2.118371075006577e-09,2.1185184656105452e-09,2.1186658540744353e-09,2.118813240385294e-09,2.1189606250899477e-09,2.1191080070849123e-09,2.119255386968114e-09,2.1194027646746696e-09,2.1195501401018218e-09,2.1196975136311636e-09,2.119844884906453e-09,2.1199922541499462e-09,2.1201396210022832e-09,2.1202869859018966e-09,2.1204343486011297e-09,2.1205817091565877e-09,2.120729067631482e-09,2.1208764239348155e-09,2.1210237778468795e-09,2.12117112982079e-09,2.1213184793927226e-09,2.1214658270895054e-09,2.121613172552258e-09,2.1217605156847557e-09,2.1219078573138965e-09,2.122055196332316e-09,2.122202533094541e-09,2.1223498678620697e-09,2.1224972005089816e-09,2.1226445309970506e-09,2.1227918594004635e-09,2.122939185327389e-09,2.123086509344404e-09,2.123233831540066e-09,2.123381151211544e-09,2.1235284689164646e-09,2.1236757844540033e-09,2.1238230978358986e-09,2.1239704091011446e-09,2.1241177185145103e-09,2.1242650253883276e-09,2.1244123302299144e-09,2.1245596327165544e-09,2.1247069327559656e-09,2.124854231051057e-09,2.1250015274645078e-09,2.12514882157976e-09,2.125296113997514e-09,2.125443403860899e-09,2.1255906915396506e-09,2.1257379771271387e-09,2.125885260514819e-09,2.1260325418362894e-09,2.126179820988319e-09,2.126327097967485e-09,2.1264743729050945e-09,2.12662164566027e-09,2.126768916263588e-09,2.1269161853031243e-09,2.1270634516190515e-09,2.12721071581199e-09,2.1273579778887564e-09,2.127505237816088e-09,2.1276524955886633e-09,2.1277997512041975e-09,2.1279470047013755e-09,2.1280942560280237e-09,2.1282415052181073e-09,2.128388752398286e-09,2.1285359973931533e-09,2.1286832394868404e-09,2.1288304799953893e-09,2.1289777185332094e-09,2.1291249548912105e-09,2.1292721896140992e-09,2.1294194215999333e-09,2.1295666515003426e-09,2.1297138790531756e-09,2.1298611046992745e-09,2.130008328197689e-09,2.1301555495801383e-09,2.1303027688307266e-09,2.130449985959639e-09,2.1305972009276078e-09,2.130744413770039e-09,2.130891624455445e-09,2.1310388329913486e-09,2.131186039416462e-09,2.1313332437125465e-09,2.1314804458542625e-09,2.1316276458675985e-09,2.13177484362986e-09,2.1319220393493044e-09,2.1320692329388202e-09,2.132216424385764e-09,2.132363613700376e-09,2.1325108008670474e-09,2.132657985906783e-09,2.1328051688981876e-09,2.1329523496631597e-09,2.133099528276225e-09,2.133246704718309e-09,2.1333938791504823e-09,2.1335410513670793e-09,2.1336882214563018e-09,2.1338353894090304e-09,2.133982555228173e-09,2.1341297188911213e-09,2.1342768804232116e-09,2.1344240398342412e-09,2.1345711970972205e-09,2.134718352403017e-09,2.1348655053891544e-09,2.1350126562638004e-09,2.1351598049983197e-09,2.1353069515916866e-09,2.135454096037365e-09,2.135601238332826e-09,2.1357483785071264e-09,2.1358955165443863e-09,2.136042652446829e-09,2.1361897862576413e-09,2.1363369178987454e-09,2.1364840473891087e-09,2.1366311747413843e-09,2.136778299943715e-09,2.1369254230331955e-09,2.1370725440003254e-09,2.1372196628142454e-09,2.137366779484846e-09,2.1375138940719903e-09,2.137661006479564e-09,2.1378081167855637e-09,2.137955224858992e-09,2.1381023308622147e-09,2.138249434859074e-09,2.138396536365059e-09,2.1385436359708525e-09,2.138690733435196e-09,2.1388378287562526e-09,2.138984921828561e-09,2.1391320129027363e-09,2.139279101698188e-09,2.139426188503868e-09,2.1395732731655956e-09,2.139720355693229e-09,2.139867436314111e-09,2.1400145145705744e-09,2.1401615906714577e-09,2.140308664674066e-09,2.1404557365094867e-09,2.1406028062378963e-09,2.140749873887823e-09,2.14089693932376e-09,2.141044002690254e-09,2.141191063880761e-09,2.141338123166583e-09,2.141485179567913e-09,2.1416322345884573e-09,2.141779287168318e-09,2.141926337585044e-09,2.142073385952119e-09,2.1422204322109265e-09,2.1423674763879643e-09,2.1425145183699154e-09,2.1426615582214612e-09,2.1428085956717426e-09,2.1429556312543003e-09,2.1431026647109504e-09,2.143249696016908e-09,2.14339672539993e-09,2.143543752478881e-09,2.1436907781118534e-09,2.1438378009262273e-09,2.1439848215978535e-09,2.1441318401587286e-09,2.1442788565626934e-09,2.1444258710690278e-09,2.1445728832086437e-09,2.1447198930759213e-09,2.1448669009505675e-09,2.1450139067137835e-09,2.1451609103300473e-09,2.145307911876386e-09,2.145454911225979e-09,2.1456019084424236e-09,2.145748903553371e-09,2.145895896506214e-09,2.1460428873319463e-09,2.146189875863918e-09,2.146336862451616e-09,2.1464838469025608e-09,2.1466308292045912e-09,2.1467778093875152e-09,2.146924787596534e-09,2.1470717635074266e-09,2.1472187372471017e-09,2.147365708468664e-09,2.147512677967886e-09,2.147659645357215e-09,2.147806610615051e-09,2.1479535737439574e-09,2.1481005347233416e-09,2.1482474938188142e-09,2.1483944505872337e-09,2.1485414052217085e-09,2.1486883577006675e-09,2.148835308107615e-09,2.148982256327428e-09,2.149129202417544e-09
15,4.745502443289718e-62,2.2797767093183033e-61,6.422099983160535e-61,1.400692589494492e-60,2.6181692808547124e-60,4.410812706650285e-60,6.894815947426695e-60,1.0185712801186643e-59,1.4398099122756364e-59,1.964557000494617e-59,2.6040767121975314e-59,3.369547652443361e-59,4.272074385192353e-59,5.3226989371139425e-59,6.532411413304842e-59,7.912159357171661e-59,9.472855764265822e-59,1.1225385805405903e-58,1.3180612383676492e-58,1.534938067582048e-58,1.774252181069278e-58,2.0370855827346074e-58,2.3245194039657696e-58,2.6376340917267515e-58,2.9775095574937047e-58,3.34522529479669e-58,3.741860471652263e-58,4.168494003039705e-58,4.626204607598327e-58,5.116070851862292e-58,5.639171184713579e-58,6.1965839641496405e-58,6.789387478059452e-58,7.41865996030659e-58,8.085479603178313e-58,8.790924566993004e-58,9.53607298751438e-58,1.0322002981663209e-57,1.1149792651909986e-57,1.2020520089666032e-57,1.2935263377862445e-57,1.3895100592949125e-57,1.4901109806424527e-57,1.5954369085999938e-57,1.7055956496504632e-57,1.8206950100556126e-57,1.9408427959093594e-57,2.0661468131774897e-57,2.1967148677283104e-57,2.332654765355738e-57,2.4740743117971903e-57,2.62108131274709e-57,2.773783573867152e-57,2.9322889007940606e-57,3.096705099146197e-57,3.267139974527038e-57,3.443701332529365e-57,3.6264969787376994e-57,3.815634718730444e-57,4.0112223580808256e-57,4.213367702358896e-57,4.42217855713207e-57,4.6377627279649577e-57,4.8602280204214136e-57,5.089682240063767e-57,5.326233192453479e-57,5.569988683151305e-57,5.821056517717584e-57,6.079544501712347e-57,6.345560440694809e-57,6.619212140224516e-57,6.900607405860741e-57,7.18985404316247e-57,7.487059857688648e-57,7.792332654998223e-57,8.105780240650078e-57,8.427510420203066e-57,8.757630999215783e-57,9.096249783247083e-57,9.443474577855695e-57,9.79941318860049e-57,1.0164173421039859e-56,1.0537863080732763e-56,1.0920589973237756e-56,1.13124619041136e-56,1.1713586678919078e-56,1.2124072103212689e-56,1.254402598255319e-56,1.297355612249928e-56,1.3412770328609645e-56,1.3861776406442953e-56,1.4320682161557896e-56,1.4789595399513163e-56,1.526862392586743e-56,1.575787554617937e-56,1.6257458066007676e-56,1.6767479290911008e-56,1.7288047026448063e-56,1.7819269078177526e-56,1.836125325165807e-56,1.8914107352448358e-56,1.9477939186107083e-56,2.0052856558193047e-56,2.063896727426468e-56,2.123637913988077e-56,2.1845199960600016e-56,2.246553754198111e-56,2.309749968958266e-56,2.3741194208963437e-56,2.4396728905682105e-56,2.506421158529731e-56,2.574375005336777e-56,2.643545211545214e-56,2.713942557710931e-56,2.785577824389753e-56,2.858461792137551e-56,2.932605241510252e-56,3.0080189530636657e-56,3.0847137073536755e-56,3.162700284936154e-56,3.2419894663669664e-56,3.322592032201988e-56,3.4045187629970744e-56,3.4877804393081125e-56,3.5723878416909422e-56,3.658351750701447e-56,3.745682946895496e-56,3.8343922108289986e-56,3.924490323057734e-56,4.0159880641376133e-56,4.108896214624491e-56,4.203225555074266e-56,4.2989868660427895e-56,4.396190928085929e-56,4.494848521759554e-56,4.5949704276195395e-56,4.696567426221742e-56,4.799650298122021e-56,4.904229823876266e-56,5.010316784040342e-56,5.117921959170119e-56,5.227056129821454e-56,5.337730076550215e-56,5.449954579912274e-56,5.563740420463499e-56,5.679098378759756e-56,5.796039235356907e-56,5.914573770810838e-56,6.034712765677399e-56,6.1564670005124755e-56,6.279847255871924e-56,6.404864312311606e-56,6.531528950387404e-56,6.65985195065518e-56,6.789844093670804e-56,6.921516159990137e-56,7.0548789301690555e-56,7.189943184763422e-56,7.326719704329104e-56,7.46521926942197e-56,7.605452660597889e-56,7.747430658412728e-56,7.89116404342236e-56,8.0366635961826445e-56,8.183940097249451e-56,8.333004327178653e-56,8.483867066526109e-56,8.63653909584769e-56,8.79103119569927e-56,8.947354146636715e-56,9.105518729215894e-56,9.265535723992669e-56,9.427415911522915e-56,9.591170072362493e-56,9.75680898706728e-56,9.924343436193132e-56,1.0093784200295925e-55,1.0265142059931523e-55,1.0438427795655797e-55,1.0613652188024619e-55,1.0790826017593841e-55,1.0969960064919341e-55,1.1151065110556987e-55,1.1334151935062653e-55,1.1519231318992198e-55,1.1706314042901498e-55,1.1895410887346412e-55,1.2086532632882816e-55,1.227969006006657e-55,1.2474893949453547e-55,1.2672155081599617e-55,1.2871484237060647e-55,1.3072892196392506e-55,1.3276389740151067e-55,1.348198764889218e-55,1.3689696703171728e-55,1.3899527683545572e-55,1.4111491370569583e-55,1.4325598544799628e-55,1.4541859986791576e-55,1.4760286477101292e-55,1.498088879628465e-55,1.5203677724897514e-55,1.542866404349575e-55,1.5655858532635235e-55,1.5885271972871823e-55,1.6116915144761378e-55,1.6350798828859792e-55,1.6586933805722925e-55,1.6825330855906636e-55,1.7066000759966797e-55,1.7308954298459275e-55,1.755420225193995e-55,1.7801755400964663e-55,1.80516245260893e-55,1.8303820407869733e-55,1.8558353826861824e-55,1.8815235563621437e-55,1.9074476398704455e-55,1.9336087112666722e-55,1.960007848606412e-55,1.9866461299452528e-55,2.013524633338779e-55,2.0406444368425784e-55,2.0680066185122364e-55,2.0956122564033426e-55,2.123462428571483e-55,2.151558213072244e-55,2.1799006879612118e-55,2.2084909312939736e-55,2.237330021126117e-55,2.2664190355132256e-55,2.295759052510891e-55,2.3253511501746973e-55,2.3551964065602302e-55,2.385295899723079e-55,2.4156507077188307e-55,2.4462619086030707e-55,2.4771305804313875e-55,2.5082578012593644e-55,2.5396446491425873e-55,2.5712922021366485e-55,2.6032015382971325e-55,2.6353737356796257e-55,2.6678098723397167e-55,2.7005110263329868e-55,2.733478275715028e-55,2.7667126985414265e-55,2.8002153728677674e-55,2.8339873767496388e-55,2.868029788242625e-55,2.9023436854023173e-55,2.9369301462842988e-55,2.971790248944158e-55,3.0069250714374818e-55,3.0423356918198566e-55,3.0780231881468672e-55,3.1139886384741038e-55,3.150233120857152e-55,3.1867577133515984e-55,3.223563494013029e-55,3.2606515408970304e-55,3.298022932059191e-55,3.335678745555095e-55,3.373620059440329e-55,3.411847951770485e-55,3.450363500601149e-55,3.489167783987902e-55,3.5282618799863344e-55,3.567646866652034e-55,3.607323822040585e-55,3.647293824207577e-55,3.687557951208593e-55,3.728117281099224e-55,3.768972891935054e-55,3.810125861771672e-55,3.851577268664661e-55,3.8933281906696134e-55,3.935379705842112e-55,3.977732892237742e-55,4.020388827912095e-55,4.0633485909207556e-55,4.106613259319309e-55,4.150183911163344e-55,4.194061624508445e-55,4.2382474774102036e-55,4.2827425479242024e-55,4.327547914106031e-55,4.372664654011272e-55,4.418093845695516e-55,4.463836567214349e-55,4.509893896623356e-55,4.556266911978126e-55,4.602956691334246e-55,4.6499643127473026e-55,4.6972908542728806e-55,4.744937393966567e-55,4.792905009883948e-55,4.841194780080614e-55,4.88980778261215e-55,4.938745095534148e-55,4.988007796902183e-55,5.037596964771848e-55,5.087513677198731e-55,5.137759012238419e-55,5.188334047946497e-55,5.239239862378553e-55,5.290477533590171e-55,5.3420481396369395e-55,5.393952758574448e-55,5.446192468458281e-55,5.498768347344027e-55,5.551681473287269e-55,5.6049329243435945e-55,5.658523778568592e-55,5.712455114017848e-55,5.766728008746948e-55,5.821343540811487e-55,5.876302788267037e-55,5.931606829169196e-55,5.987256741573547e-55,6.043253603535677e-55,6.099598493111174e-55,6.156292488355617e-55,6.213336667324603e-55,6.270732108073719e-55,6.328479888658548e-55,6.386581087134676e-55,6.445036781557686e-55,6.5038480499831735e-55,6.563015970466724e-55,6.622541621063922e-55,6.682426079830355e-55,6.742670424821605e-55,6.803275734093265e-55,6.86424308570092e-55,6.925573557700156e-55,6.987268228146559e-55,7.049328175095716e-55,7.111754476603214e-55,7.174548210724641e-55,7.237710455515591e-55,7.301242289031635e-55,7.365144789328368e-55,7.429419034461378e-55,7.494066102486245e-55,7.559087071458566e-55,7.624483019433924e-55,7.690255024467902e-55,7.756404164616091e-55,7.822931517934076e-55,7.889838162477442e-55,7.957125176301781e-55,8.024793637462678e-55,8.092844624015717e-55,8.161279214016484e-55,8.23009848552057e-55,8.299303516583561e-55,8.368895385261041e-55,8.438875169608598e-55,8.509243947681816e-55,8.580002797536292e-55,8.651152797227602e-55,8.722695024811332e-55,8.79463055834308e-55,8.866960475878425e-55,8.939685855472957e-55,9.01280777518226e-55,9.08632731306192e-55,9.160245547167526e-55,9.234563555554656e-55,9.309282416278913e-55,9.384403207395875e-55,9.45992700696113e-55,9.535854893030267e-55,9.612187943658875e-55,9.688927236902529e-55,9.766073850816829e-55,9.84362886345735e-55,9.921593352879684e-55,9.99996839713942e-55,1.0078755074292141e-54,1.0157954462393434e-54,1.0237567639498894e-54,1.0317595683664103e-54,1.039803967294464e-54,1.0478900685396097e-54,1.0560179799074064e-54,1.0641878092034124e-54,1.0723996642331868e-54,1.0806536528022879e-54,1.0889498827162743e-54,1.0972884617807047e-54,1.1056694978011382e-54,1.1140930985831332e-54,1.1225593719322487e-54,1.1310684256540423e-54,1.1396203675540736e-54,1.1482153054379018e-54,1.1568533471110847e-54,1.1655346003791813e-54,1.1742591730477503e-54,1.1830271729223493e-54,1.1918387078085391e-54,1.2006938855118766e-54,1.2095928138379215e-54,1.2185356005922322e-54,1.2275223535803672e-54,1.2365531806078843e-54,1.2456281894803445e-54,1.2547474880033044e-54,1.263911183982324e-54,1.2731193852229608e-54,1.282372199530774e-54,1.291669734711322e-54,1.3010120985701641e-54,1.3103993989128588e-54,1.3198317435449644e-54,1.3293092402720403e-54,1.3388319968996444e-54,1.3484001212333357e-54,1.358013721078673e-54,1.3676729042412144e-54,1.3773777785265195e-54,1.3871284517401458e-54,1.3969250316876536e-54,1.4067676261746004e-54,1.416656343006545e-54,1.426591289989047e-54,1.436572574927664e-54,1.4466003056279545e-54,1.4566745898954777e-54,1.4667955355357927e-54,1.4769632503544572e-54,1.4871778421570298e-54,1.4974394187490707e-54,1.507748087936137e-54,1.518103957523789e-54,1.528507135317584e-54,1.5389577291230818e-54,1.5494558467458396e-54,1.560001595991417e-54,1.5705950846653732e-54,1.5812364205732657e-54,1.591925711520654e-54,1.602663065313096e-54,1.613448589756152e-54,1.6242823926553784e-54,1.6351645818163353e-54,1.646095265044582e-54,1.657074550145675e-54,1.668102544925175e-54,1.6791793571886392e-54,1.6903050947416285e-54,1.701479865389699e-54,1.7127037769384103e-54,1.7239769371933218e-54,1.735299453959991e-54,1.7466714350439776e-54,1.7580929882508393e-54,1.7695642213861362e-54,1.781085242255426e-54,1.7926561586642673e-54,1.8042770784182195e-54,1.81594810932284e-54,1.82766935918369e-54,1.8394409358063248e-54,1.8512629469963048e-54,1.86313550055919e-54,1.8750587043005362e-54,1.8870326660259041e-54,1.8990574935408517e-54,1.9111332946509378e-54,1.9232601771617212e-54,1.9354382488787606e-54,1.9476676176076154e-54,1.9599483911538426e-54,1.9722806773230014e-54,1.9846645839206508e-54,1.9971002187523498e-54,2.0095876896236564e-54,2.0221271043401298e-54,2.0347185707073285e-54,2.0473621965308123e-54,2.0600580896161377e-54,2.072806357768865e-54,2.0856071087945515e-54,2.0984604504987566e-54,2.1113664906870395e-54,2.1243253371649586e-54,2.1373370977380725e-54,2.1504018802119405e-54,2.1635197923921198e-54,2.1766909420841702e-54,2.1899154370936486e-54,2.2031933852261164e-54,2.2165248942871317e-54,2.2299100720822524e-54,2.2433490264170363e-54,2.2568418650970426e-54,2.2703886959278316e-54,2.2839896267149608e-54,2.2976447652639886e-54,2.3113542193804755e-54,2.3251180968699773e-54,2.338936505538053e-54,2.3528095531902635e-54,2.3667373476321657e-54,2.3807199966693202e-54,2.3947576081072826e-54,2.408850289751615e-54,2.4229981494078738e-54,2.437201294881618e-54,2.4514598339784075e-54,2.4657738745037997e-54,2.4801435242633532e-54,2.494568891062626e-54,2.5090500827071792e-54,2.5235872070025703e-54,2.5381803717543578e-54,2.5528296847681016e-54,2.5675352538493587e-54,2.5822971868036878e-54,2.5971155914366486e-54,2.6119905755537987e-54,2.626922246960697e-54,2.641910713462903e-54,2.656956082865976e-54,2.6720584629754725e-54,2.687217961596952e-54,2.702434686535973e-54,2.717708745598096e-54,2.733040246588877e-54,2.7484292973138766e-54,2.763876005578653e-54,2.779380479188765e-54,2.7949428259497706e-54,2.810563153667229e-54,2.826241570146699e-54,2.841978183193739e-54,2.8577731006139066e-54,2.873626430212762e-54,2.889538279795864e-54,2.9055087571687715e-54,2.921537970137042e-54,2.937626026506234e-54,2.953773034081908e-54,2.969979100669621e-54,2.9862443340749294e-54,3.002568842103398e-54,3.0189527325605816e-54,3.0353961132520395e-54,3.05189909198333e-54,3.068461776560013e-54,3.085084274787646e-54,3.1017666944717866e-54,3.118509143417995e-54,3.1353117294318304e-54,3.15217456031885e-54,3.169097743884614e-54,3.1860813879346813e-54,3.2031256002746087e-54,3.2202304887099556e-54,3.2373961610462813e-54,3.2546227250891427e-54,3.2719102886441e-54,3.289258959516712e-54,3.306668845512537e-54,3.3241400544371335e-54,3.341672694096061e-54,3.359266872294877e-54,3.376922696839142e-54,3.394640275534413e-54,3.4124197161862483e-54,3.43026112660021e-54,3.4481646145818524e-54,3.4661302879367353e-54,3.4841582544704193e-54,3.502248621988461e-54,3.520401498296422e-54,3.538616991199857e-54,3.5568952085043265e-54,3.5752362580153907e-54,3.5936402475386055e-54,3.612107284879532e-54,3.630637477843726e-54,3.649230934236751e-54,3.667887761864161e-54,3.686608068531517e-54,3.705391962044376e-54,3.724239550208298e-54,3.7431509408288417e-54,3.7621262417115657e-54,3.781165560662029e-54,3.800269005485788e-54,3.819436683988403e-54,3.8386687039754335e-54,3.857965173252438e-54,3.8773261996249745e-54,3.8967518908986014e-54,3.916242354878878e-54,3.9357976993713627e-54,3.9554180321816153e-54,3.9751034611151905e-54,3.9948540939776527e-54,4.0146700385745575e-54,4.034551402711463e-54,4.0544982941939304e-54,4.074510820827515e-54,4.0945890904177796e-54,4.1147332107702796e-54,4.134943289690574e-54,4.155219434984222e-54,4.1755617544567825e-54,4.195970355913814e-54,4.2164453471608745e-54,4.236986836003523e-54,4.2575949302473197e-54,4.2782697376978216e-54,4.2990113661605884e-54,4.3198199234411775e-54,4.340695517345149e-54,4.36163825567806e-54,4.3826482462454706e-54,4.403725596852939e-54,4.4248704153060234e-54,4.4460828094102854e-54,4.467362886971279e-54,4.4887107557945665e-54,4.510126523685704e-54,4.531610298450252e-54,4.5531621878937686e-54,4.5747822998218125e-54,4.596470742039943e-54,4.6182276223537173e-54,4.6400530485686954e-54,4.6619471284904346e-54,4.683909969924495e-54,4.705941680676435e-54,4.72804236855181e-54,4.750212141356184e-54,4.772451106895114e-54,4.7947593729741584e-54,4.8171370473988744e-54,4.839584237974822e-54,4.862101052507563e-54,4.884687598802648e-54,4.907343984665639e-54,4.9300703179020994e-54,4.952866706317583e-54,4.975733257717652e-54,4.998670079907865e-54,5.0216772806937776e-54,5.044754967880947e-54,5.067903249274937e-54,5.0911222326813016e-54,5.1144120259056045e-54,5.1377727367534007e-54,5.161204473030249e-54,5.184707342541709e-54,5.208281453093341e-54,5.231926912490702e-54,5.25564382853935e-54,5.279432309044845e-54,5.303292461812745e-54,5.327224394648609e-54,5.351228215357994e-54,5.375304031746459e-54,5.399451951619565e-54,5.423672082782869e-54,5.447964533041929e-54,5.472329410202306e-54,5.496766822069557e-54,5.521276876449242e-54,5.545859681146916e-54,5.570515343968143e-54,5.595243972718479e-54,5.620045675203483e-54,5.644920559228711e-54,5.669868732599726e-54,5.694890303122087e-54,5.719985378601351e-54,5.745154066843074e-54,5.770396475652815e-54,5.795712712836136e-54,5.821102886198596e-54,5.846567103545752e-54,5.872105472683163e-54,5.897718101416386e-54,5.923405097550979e-54,5.949166568892505e-54,5.97500262324652e-54,6.000913368418581e-54,6.026898912214252e-54,6.05295936243909e-54,6.079094826898647e-54,6.105305413398489e-54,6.131591229744174e-54,6.157952383741256e-54,6.184388983195297e-54,6.210901135911856e-54,6.23748894969649e-54,6.264152532354762e-54,6.290891991692226e-54,6.317707435514441e-54,6.344598971626969e-54,6.371566707835366e-54,6.398610751945187e-54,6.425731211761997e-54,6.452928195091355e-54,6.480201809738816e-54,6.50755216350994e-54,6.534979364210285e-54,6.56248351964541e-54,6.590064737620875e-54,6.617723125942237e-54,6.645458792415057e-54,6.673271844844891e-54,6.7011623910373e-54,6.729130538797841e-54,6.757176395932071e-54,6.785300070245552e-54,6.813501669543843e-54,6.841781301632499e-54,6.870139074317084e-54,6.898575095403151e-54,6.927089472696261e-54,6.955682314001974e-54,6.984353727125845e-54,7.013103819873437e-54,7.041932700050306e-54,7.070840475462012e-54,7.099827253914113e-54,7.128893143212168e-54,7.158038251161737e-54,7.187262685568378e-54,7.216566554237646e-54,7.245949964975104e-54,7.275413025586307e-54,7.304955843876816e-54,7.33457852765219e-54,7.364281184717989e-54,7.394063922879769e-54,7.423926849943091e-54,7.45387007371351e-54,7.483893701996591e-54,7.513997842597888e-54,7.54418260332296e-54,7.574448091977364e-54,7.604794416366663e-54,7.635221684296411e-54,7.665730003572171e-54,7.696319481999499e-54,7.726990227383954e-54,7.757742347531096e-54,7.788575950246481e-54,7.819491143335673e-54,7.850488034604225e-54,7.881566731857699e-54,7.912727342901651e-54,7.943969975541643e-54,7.975294737583231e-54,8.006701736831972e-54,8.038191081093431e-54,8.069762878173161e-54,8.101417235876724e-54,8.133154262009676e-54,8.164974064377576e-54,8.196876750785985e-54,8.228862429040462e-54,8.260931206946562e-54,8.293083192309846e-54,8.325318492935876e-54,8.357637216630203e-54,8.39003947119839e-54,8.422525364445997e-54,8.455095004178579e-54,8.487748498201698e-54,8.520485954320911e-54,8.553307480341775e-54,8.586213184069851e-54,8.6192031733107e-54,8.652277555869878e-54,8.685436439552944e-54,8.718679932165456e-54,8.752008141512973e-54,8.785421175401052e-54,8.818919141635256e-54,8.852502148021144e-54,8.886170302364269e-54,8.919923712470192e-54,8.953762486144472e-54,8.987686731192669e-54,9.02169655542034e-54,9.055792066633044e-54,9.089973372636341e-54,9.12424058123579e-54,9.158593800236948e-54,9.193033137445371e-54,9.227558700666626e-54,9.262170597706263e-54,9.296868936369846e-54,9.33165382446293e-54,9.366525369791078e-54,9.401483680159843e-54,9.436528863374787e-54,9.471661027241469e-54,9.506880279565446e-54,9.542186728152283e-54,9.577580480807526e-54,9.613061645336744e-54,9.648630329545492e-54,9.684286641239336e-54,9.720030688223825e-54,9.755862578304517e-54,9.79178241928698e-54,9.827790318976764e-54,9.86388638517943e-54,9.900070725700538e-54,9.936343448345646e-54,9.972704660920312e-54,1.0009154471230103e-53,1.0045692987080566e-53,1.0082320316277262e-53,1.0119036566625754e-53,1.0155841845931594e-53,1.0192736262000348e-53,1.0229719922637573e-53,1.0266792935648824e-53,1.0303955408839663e-53,1.0341207450015649e-53,1.0378549166982341e-53,1.0415980667545296e-53,1.0453502059510066e-53,1.0491113450682223e-53,1.052881494886732e-53,1.0566606661870914e-53,1.0604488697498565e-53,1.064246116355583e-53,1.068052416784827e-53,1.0718677818181444e-53,1.0756922222360901e-53,1.0795257488192217e-53,1.0833683723480939e-53,1.0872201036032627e-53,1.0910809533652842e-53,1.0949509324147143e-53,1.0988300515321086e-53,1.102718321498023e-53,1.1066157530930136e-53,1.110522357097636e-53,1.1144381442924458e-53,1.1183631254579998e-53,1.1222973113748535e-53,1.1262407128235624e-53,1.1301933405846826e-53,1.1341552054387699e-53,1.1381263181663802e-53,1.1421066895480694e-53,1.1460963303643934e-53,1.1500952513959078e-53,1.1541034634231692e-53,1.1581209772267327e-53,1.162147803587154e-53,1.16618395328499e-53,1.1702294371007963e-53,1.1742842658151277e-53,1.178348450208541e-53,1.1824220010615915e-53,1.1865049291548357e-53,1.190597245268829e-53,1.1946989601841276e-53,1.1988100846812871e-53,1.2029306295408638e-53,1.2070606055434132e-53,1.2112000234694913e-53,1.215348894099654e-53,1.2195072282144567e-53,1.2236750365944559e-53,1.2278523300202067e-53,1.232039119272266e-53,1.2362354151311888e-53,1.2404412283775317e-53,1.2446565697918501e-53,1.2488814501546998e-53,1.253115880246637e-53,1.2573598708482171e-53,1.2616134327399966e-53,1.265876576702531e-53,1.2701493135163762e-53,1.2744316539620877e-53,1.2787236088202222e-53,1.2830251888713348e-53,1.2873364048959819e-53,1.291657267674719e-53,1.295987787988102e-53,1.300327976616687e-53,1.3046778443410297e-53,1.3090374019416857e-53,1.3134066601992116e-53,1.3177856298941624e-53,1.3221743218070948e-53,1.3265727467185642e-53,1.3309809154091265e-53,1.3353988386593378e-53,1.3398265272497534e-53,1.34426399196093e-53,1.3487112435734225e-53,1.3531682928677876e-53,1.3576351506245806e-53,1.362111827624358e-53,1.3665983346476755e-53,1.371094682475088e-53,1.375600881887152e-53,1.380116943664424e-53,1.3846428785874592e-53,1.3891786974368137e-53,1.3937244109930433e-53,1.3982800300367039e-53,1.4028455653483513e-53,1.4074210277085412e-53,1.4120064278978297e-53,1.416601776696773e-53,1.4212070848859266e-53,1.4258223632458462e-53,1.430447622557088e-53,1.4350828736002072e-53,1.4397281271557604e-53,1.4443833940043034e-53,1.4490486849263918e-53,1.453724010702582e-53,1.4584093821134287e-53,1.4631048099394887e-53,1.467810304961318e-53,1.472525877959472e-53,1.4772515397145066e-53,1.4819873010069783e-53,1.4867331726174417e-53,1.4914891653264538e-53,1.49625528991457e-53,1.5010315571623467e-53,1.505817977850339e-53,1.5106145627591025e-53,1.515421322669194e-53,1.520238268361169e-53,1.5250654106155838e-53,1.5299027602129934e-53,1.5347503279339543e-53,1.5396081245590226e-53,1.5444761608687536e-53,1.549354447643703e-53,1.554242995664427e-53,1.5591418157114819e-53,1.5640509185654229e-53,1.568970315006806e-53,1.5739000158161875e-53,1.5788400317741227e-53,1.5837903736611676e-53,1.5887510522578785e-53,1.5937220783448107e-53,1.5987034627025203e-53,1.6036952161115632e-53,1.6086973493524953e-53,1.6137098732058723e-53,1.61873279845225e-53,1.623766135872185e-53,1.6288098962462317e-53,1.6338640903549476e-53,1.6389287289788876e-53,1.644003822898608e-53,1.6490893828946646e-53,1.654185419747613e-53,1.659291944238009e-53,1.664408967146409e-53,1.6695364992533683e-53,1.6746745513394433e-53,1.6798231341851896e-53,1.684982258571163e-53,1.6901519352779193e-53,1.6953321750860148e-53,1.700522988776005e-53,1.705724387128446e-53,1.7109363809238928e-53,1.716158980942903e-53,1.721392197966031e-53,1.7266360427738328e-53,1.7318905261468649e-53,1.737155658865683e-53,1.7424314517108426e-53,1.7477179154628993e-53,1.7530150609024098e-53,1.7583228988099298e-53,1.7636414399660151e-53,1.768970695151222e-53,1.774310675146105e-53,1.7796613907312204e-53,1.785022852687125e-53,1.7903950717943742e-53,1.7957780588335236e-53,1.8011718245851295e-53,7.080616853943217e-13,1.4261969244895867e-12,2.1546230665314365e-12,2.8935669849455027e-12,3.643265333701891e-12,4.403964816776529e-12,5.175922472678485e-12,5.9594059749327335e-12,6.754693950710707e-12,7.562076318762018e-12,8.381854648959278e-12,9.214342544192671e-12,1.0059866047465613e-11,1.091876407521174e-11,1.1791388878586206e-11,1.2678106536197767e-11,1.3579297478068426e-11,1.4495357044832619e-11,1.5426696083494307e-11,1.637374158273648e-11,1.7336937349668778e-11,1.8316744731602932e-11,1.931364338503809e-11,2.032813209544605e-11,2.1360729651132686e-11,2.241197577432684e-11,2.3482432114835837e-11,2.457268330834378e-11,2.5683338106279626e-11,2.6815030579916392e-11,2.7968421405775234e-11,2.9144199238230985e-11,3.034308217388621e-11,3.156581931722455e-11,3.2813192452061916e-11,3.408601783020691e-11,3.538514808415405e-11,3.6711474274312555e-11,3.8065928081540795e-11,3.9449484157158354e-11,4.0863162641990737e-11,4.2308031870868875e-11,4.3785211275938405e-11,4.529587450722061e-11,4.6841252789009525e-11,4.842263853259321e-11,5.004138922878826e-11,5.169893164519795e-11,5.3396766356440125e-11,5.5136472638198945e-11,5.691971375992664e-11,5.874824271480674e-11,6.062390842750802e-11,6.254866249032634e-11,6.452456647775518e-11,6.655379990017689e-11,6.863866886183608e-11,7.078161549758566e-11,7.298522827149465e-11,7.525225323014658e-11,7.758560631628472e-11,7.998838686144507e-11,8.246389239122049e-11,8.501563489533155e-11,8.764735873542213e-11,9.036306038439121e-11,9.316701022343258e-11,9.606377664954608e-11,9.90582527855543e-11,1.021556861287012e-10,1.0536171152064613e-10,1.0868238788627218e-10,1.1212423924589875e-10,1.156943006069995e-10,1.1940016941656992e-10,1.2325006338322878e-10,1.272528856100008e-10,1.3141829814029222e-10,1.3575680521693757e-10,1.4027984778495992e-10,1.4499991105601106e-10,1.4993064729210615e-10,1.5508701638691377e-10,1.6048544732822718e-10,1.661440242696921e-10,1.7208270167927104e-10,1.78323554052076e-10,1.848910668091494e-10,1.9181247656565135e-10,1.9911817081325794e-10,2.0684215949515866e-10,2.1502263402309535e-10,2.2370263325014231e-10,2.329308410458305e-10,2.4276254682423425e-10,2.5326080917702416e-10,2.644978744866034e-10,2.7655691802118034e-10,2.895341962095218e-10,3.03541727676518e-10,3.1871066051572216e-10,3.351955389840716e-10,3.5317976151586915e-10,3.7288263475046133e-10,3.945685920761275e-10,4.185593868504654e-10,4.452504326934077e-10,4.751330158969721e-10,5.088249640849384e-10,5.471137176065808e-10,5.9101795742717e-10,6.4187760035399e-10,7.014881730021046e-10,7.723063399000541e-10,8.577724125051998e-10,9.628299586970405e-10,1.094784172394107e-09,1.264746750086124e-09,1.490069178263946e-09,1.79824037423766e-09,2.231936431991653e-09,2.850430915506019e-09,3.711110541556013e-09,4.816829864902396e-09,6.080610396376774e-09,7.422152618132476e-09,9.254920265659159e-09,1.4735905060956086e-08,3.7553925789020454e-08,1.1848801588295863e-07,3.410179109125238e-07,8.144470196882358e-07,1.603369589848327e-06,2.6536983231093046e-06,3.801452008506086e-06,4.8595954823041555e-06,5.697338939566413e-06,6.263609629398881e-06,6.569278388271319e-06,6.658227844970556e-06,6.584287117108089e-06,6.3978980389737246e-06,6.140478526084659e-06,5.843357728106323e-06,5.528869661722205e-06,5.212163505963042e-06,4.903015567914089e-06,4.607360248238461e-06,4.328476880041233e-06,4.067863541650806e-06,3.825858804243452e-06,3.602073348603405e-06,3.3956837378462902e-06,3.2056288065298733e-06,3.030738484733749e-06,2.86981637705023e-06,2.721691048780897e-06,2.5852463678073147e-06,2.4594379987647785e-06,2.3433008774188677e-06,2.235950932913136e-06,2.1365832509179495e-06,2.0444681420245584e-06,1.958946078373459e-06,1.879422127756115e-06,1.8053602850541167e-06,1.7362779467017217e-06,1.6717406761855624e-06,1.6113573345668823e-06,1.5547756123510894e-06,1.5016779670952581e-06,1.4517779556159715e-06,1.404816938973745e-06,1.360561133118227e-06,1.3187989759746433e-06,1.279338781336163e-06,1.2420066509108833e-06,1.2066446174674648e-06,1.1731089943334261e-06,1.1412689081846782e-06,1.1110049944934007e-06,1.0822082375953726e-06,1.0547789380304717e-06,1.028625793287853e-06,1.0036650784359335e-06,9.798199152780575e-07,9.57019619761182e-07,9.351991187263014e-07,9.1429842805494e-07,8.942621852668335e-07,8.750392302939036e-07,8.565822292046471e-07,8.388473359243705e-07,8.217938878683455e-07,8.053841316571634e-07,7.895829757141676e-07,7.743577668374212e-07,7.596780881684573e-07,7.455155762722076e-07,7.318437553250774e-07,7.186378867521821e-07,7.058748324488939e-07,6.935329305779219e-07,6.815918822456002e-07,6.700326483778836e-07,6.588373555636793e-07,6.479892099213038e-07,6.374724184904335e-07,6.272721170414211e-07,6.17374304256318e-07,6.077657808572354e-07,5.984340940895322e-07,5.893674865194653e-07,5.805548489686034e-07,5.719856771399807e-07,5.636500315159275e-07,5.555385005837313e-07,5.476421665295382e-07,5.436025506890662e-07,5.360175486515026e-07,5.286272982127409e-07,5.214243470585888e-07,5.144016378877681e-07,5.075524676791578e-07,5.008704613121993e-07,4.943495506447611e-07,4.879839558376537e-07,4.817681688098728e-07,4.756969372807658e-07,4.6976525053207934e-07,4.639683254498109e-07,4.583015940938265e-07,4.5276069175861785e-07,4.473414459492145e-07,4.4203986595738286e-07,4.368521331387833e-07,4.317745918546244e-07,4.2680374091121666e-07,4.219362255287765e-07,4.1716882985982527e-07,4.12498469902981e-07,4.0792218681826893e-07,4.0343714081512577e-07,3.990406050915264e-07,3.9472996041616455e-07,3.905026898655165e-07,3.8635637393307413e-07,3.822886858311382e-07,3.7829738723495004e-07,3.743803239882702e-07,3.705354223017947e-07,3.667606850287995e-07,3.630541881850244e-07,3.594140776209618e-07,3.5583856591061905e-07,3.52325929435853e-07,3.488745054738429e-07,3.45482689615474e-07,3.421489331918833e-07,3.3887174101823496e-07,3.356496688864183e-07,3.32481321597109e-07,3.293653508535699e-07,3.2630045328461144e-07,3.2328536862308613e-07,3.2031887793159246e-07,3.173998019370371e-07,3.1452699945217945e-07,3.116993657704963e-07,3.0891583132073353e-07,3.0617536020625417e-07,3.034769490165626e-07,3.008196254071584e-07,2.9820244699277427e-07,2.956245002193936e-07,2.9308489919939485e-07,2.90582784761512e-07,2.881173233866842e-07,2.8568770627120566e-07,2.8329314845475524e-07,2.809328878514463e-07,2.7860618460926e-07,2.763123201394022e-07,2.7405059637360753e-07,2.718203350755923e-07,2.6962087715496553e-07,2.6745158198472556e-07,2.6531182673081536e-07,2.632010057645492e-07,2.6111853008452093e-07,2.590638267080823e-07,2.570363381722162e-07,2.5503552197854274e-07,2.5306085011413867e-07,2.5111180849136786e-07,2.4918789677999883e-07,2.472886275432574e-07,2.4541352600953283e-07,2.435621297660373e-07,2.417339881776706e-07,2.39928662117994e-07,2.3814572361154592e-07,2.3638475552446358e-07,2.346453509896087e-07,2.3292711331546966e-07,2.3122965562860783e-07,2.295526005388733e-07,2.2789557984663487e-07,2.2625823428968052e-07,2.2464021325674832e-07,2.230411744892581e-07,2.214607839828612e-07,2.1989871553068435e-07,2.1835465059345447e-07,2.16828278207736e-07,2.1531929441814465e-07,2.138274024522651e-07,2.1235231231200794e-07,2.1089374060777594e-07,2.0945141041267264e-07,2.0802505096273556e-07,2.0661439767696108e-07,2.0521919180620277e-07,2.0383918036059036e-07,2.0247411593128267e-07,2.011237565264086e-07,1.9978786547119053e-07,1.98466211140022e-07,1.9715856696031316e-07,1.9586471120065834e-07,1.9458442689206283e-07,1.933175016201356e-07,1.920637274952542e-07,1.9082290094418148e-07,1.8959482267441535e-07,1.8837929751825892e-07,1.8717613434250443e-07,1.859851459364122e-07,1.8480614892665407e-07,1.836389636855256e-07,1.824834140802379e-07,1.8133932768355938e-07,1.8020653545254498e-07,1.790848717263108e-07,1.7797417411156432e-07,1.7687428343442273e-07,1.7578504354723708e-07,1.747063014690417e-07,1.7363790712712232e-07,1.7257971337256481e-07,1.7153157584800994e-07,1.704933529818308e-07,1.694649058855358e-07,1.6844609830021607e-07,1.6743679653128193e-07,1.6643686938809514e-07,1.6544618812893036e-07,1.644646264009697e-07,1.634920601832648e-07,1.6252836774249568e-07,1.6157342955930558e-07,1.606271282931478e-07,1.5968934873097145e-07,1.5875997774208043e-07,1.5783890421621523e-07,1.5692601902706313e-07,1.560212149999498e-07,1.5512438684019602e-07,1.54235431141033e-07,1.5335424627486193e-07,1.5248073240083913e-07,1.5161479140485362e-07,1.5075632688039974e-07,1.4990524408087953e-07,1.4906144987400383e-07,1.4822485270924246e-07,1.473953626239848e-07,1.465728911450572e-07,1.4575735130464623e-07,1.4494865758282382e-07,1.4414672589332905e-07,1.4335147354831952e-07,1.4256281915654665e-07,1.4178068285224644e-07,1.410049859016795e-07,1.402356509183865e-07,1.3947260177434447e-07,1.3871576356818996e-07,1.3796506260504817e-07,1.3722042638262894e-07,1.3648178354861485e-07,1.3574906387922864e-07,1.3502219828992573e-07,1.343011187486208e-07,1.335857583198284e-07,1.328760511132167e-07,1.321719322818153e-07,1.3147333788948482e-07,1.3078020512495828e-07,1.3009247206896353e-07,1.294100777456731e-07,1.2873296212793526e-07,1.2806106610611216e-07,1.2739433145103305e-07,1.2673270085596975e-07,1.2607611781696627e-07,1.2542452669809777e-07,1.2477787269084782e-07,1.2413610180193367e-07,1.2349916083829303e-07,1.2286699738817646e-07,1.222395598006815e-07,1.2161679721956362e-07,1.2099865945021253e-07,1.203850970902267e-07,1.1977606145480636e-07,1.1917150450059597e-07,1.185713789225591e-07,1.1797563808186513e-07,1.173842359984345e-07,1.1679712734266749e-07,1.1621426742673758e-07,1.15635612190195e-07,1.1506111821354457e-07,1.1449074259946134e-07,1.1392444315540705e-07,1.1336217821427573e-07,1.1280390669307585e-07,1.1224958807507267e-07,1.1169918239851211e-07,1.1115265024736143e-07,1.1060995273713705e-07,1.1007105151610741e-07,1.0953590874406378e-07,1.0900448708880166e-07,1.0847674975486207e-07,1.079526603799344e-07,1.0743218312061907e-07,1.0691528260552161e-07,1.0640192391511518e-07,1.0589207260746813e-07,1.0538569469852311e-07,1.0488275659763961e-07,1.043832252087785e-07,1.0388706783662904e-07,1.0339425222028944e-07,1.0290474649406237e-07,1.0241851927462145e-07,1.019355394656847e-07,1.0145577646967354e-07,1.0097920001710957e-07,1.0050578024353368e-07,1.0003548764952527e-07,9.956829311729192e-08,9.910416789095543e-08,9.864308357412039e-08,9.81850121303968e-08,9.772992586347937e-08,9.7277797420163e-08,9.682859978592488e-08,9.638230627822239e-08,9.593889054127767e-08,9.549832654095196e-08,9.506058855828792e-08,9.462565119109926e-08,9.419348933571177e-08,9.376407820545704e-08,9.333739329217207e-08,9.29134103821485e-08,9.249210558476452e-08,9.207345524950154e-08,9.165743602928764e-08,9.124402484915777e-08,9.083319889687595e-08,9.042493564738762e-08,9.001921282160263e-08,8.961600840229424e-08,8.921530064077422e-08,8.881706803670063e-08,8.842128932207551e-08,8.802794348739762e-08,8.7637009757862e-08,8.724846759293431e-08,8.68622967024075e-08,8.647847702506147e-08,8.609698872769207e-08,8.571781219202338e-08,8.534092801639763e-08,8.496631700118266e-08,8.459396020568465e-08,8.422383889523045e-08,8.385593451714467e-08,8.349022873802835e-08,8.312670341135312e-08,8.276534061273259e-08,8.240612260680901e-08,8.204903185269986e-08,8.169405100007855e-08,8.134116288412393e-08,8.099035054431937e-08,8.064159718832092e-08,8.029488620086487e-08,7.995020115617298e-08,7.960752580163803e-08,7.926684405873849e-08,7.892814002067252e-08,7.859139795003087e-08,7.825660227650795e-08,7.792373758696669e-08,7.759278864490054e-08,7.726374036356211e-08,7.693657784787979e-08,7.661128629736148e-08,7.628785109814782e-08,7.596625780267505e-08,7.564649210291684e-08,7.532853981129734e-08,7.501238694063509e-08,7.469801960085506e-08,7.438542407630916e-08,7.407458675730853e-08,7.376549419253426e-08,7.345813307018577e-08,7.315249022809244e-08,7.284855260752478e-08,7.25463072951717e-08,7.22457415125477e-08,7.194684258889228e-08,7.16495980036746e-08,7.135399534949577e-08,7.106002234808052e-08,7.076766684021455e-08,7.047691679192503e-08,7.018776027850566e-08,6.99001854927208e-08,6.96141807547479e-08,6.93297344906753e-08,6.904683524324409e-08,6.876547166307815e-08,6.848563251021221e-08,6.820730666864316e-08,6.793048310115733e-08,6.765515091252091e-08,6.73812992853654e-08,6.710891751354845e-08,6.68379949973398e-08,6.656852123167155e-08,6.630048581029885e-08,6.603387843425569e-08,6.576868889807555e-08,6.55049070909446e-08,6.524252300074845e-08,6.498152670823606e-08,6.472190838623748e-08,6.446365829846468e-08,6.42067668073515e-08,6.395122434533562e-08,6.369702145581523e-08,6.34441487571937e-08,6.319259695900665e-08,6.29423568545245e-08,6.269341932289203e-08,6.244577532559611e-08,6.219941590658412e-08,6.195433220810081e-08,6.171051540354413e-08,6.14679567976763e-08,6.122664775865103e-08,6.098657972734323e-08,6.074774422432212e-08,6.051013284659472e-08,6.02737372658968e-08,6.00385492288245e-08,5.980456055550102e-08,5.9571763138818046e-08,5.9340148943716274e-08,5.910971000484768e-08,5.888043843091215e-08,5.865232639709895e-08,5.842536614086622e-08,5.8199549990553876e-08,5.797487031646847e-08,5.775131956380318e-08,5.7528890244234846e-08,5.7307574943623955e-08,5.708736629887092e-08,5.68682570126457e-08,5.665023985813068e-08,5.643330766236082e-08,5.621745331756561e-08,5.6002669780918094e-08,5.5788950062181286e-08,5.557628723336553e-08,5.5364674429041996e-08,5.5154104837276874e-08,5.494457170961597e-08,5.473606834285656e-08,5.4528588105107365e-08,5.4322124413379714e-08,5.411667073778198e-08,5.391222060835167e-08,5.370876760268228e-08,5.350630535688734e-08,5.3304827562460894e-08,5.3104327954485984e-08,5.290480032814987e-08,5.2706238525623204e-08,5.250863645119106e-08,5.231198803041483e-08,5.211628726635804e-08,5.192152820202525e-08,5.172770492840099e-08,5.1534811584876714e-08,5.134284236393637e-08,5.1151791499145647e-08,5.0961653267477317e-08,5.0772422010733934e-08,5.058409208380064e-08,5.039665790580341e-08,5.021011395829381e-08,5.0024454741116696e-08,4.9839674811073e-08,4.965576875989696e-08,4.947273121013321e-08,4.929055687015734e-08,4.910924045791562e-08,4.892877673313431e-08,4.874916049280862e-08,4.857038659477967e-08,4.839244992675233e-08,4.821534541874713e-08,4.803906803502494e-08,4.786361278357401e-08,4.7688974714838854e-08,4.751514890836758e-08,4.734213048430687e-08,4.716991461712525e-08,4.699849649892422e-08,4.6827871363484095e-08,4.6658034484483606e-08,4.648898116916852e-08,4.632070675820357e-08,4.615320663868662e-08,4.5986476224874494e-08,4.582051096682262e-08,4.5655306349358434e-08,4.549085788761375e-08,4.5327161143222916e-08,4.516421169902213e-08,4.500200517857274e-08,4.484053722424257e-08,4.4679803537054696e-08,4.4519799836850946e-08,4.4360521857426504e-08,4.420196539066933e-08,4.404412625029971e-08,4.388700028146888e-08,4.3730583352422245e-08,4.357487137768664e-08,4.3419860294198275e-08,4.326554606897978e-08,4.311192469887051e-08,4.2958992210009853e-08,4.2806744657867936e-08,4.265517812702641e-08,4.2504288730336405e-08,4.235407260948452e-08,4.2204525943038954e-08,4.2055644919521843e-08,4.190742576419811e-08,4.175986472948242e-08,4.1612958095207804e-08,4.146670216798998e-08,4.1321093281071614e-08,4.117612777608882e-08,4.103180207466916e-08,4.088811257246191e-08,4.074505570329056e-08,4.060262793165657e-08,4.0460825736769786e-08,4.031964564691366e-08,4.0179084196818884e-08,4.0039137946066365e-08,3.989980348131403e-08,3.976107741424737e-08,3.9622956379015496e-08,3.948543703402503e-08,3.934851606049017e-08,3.921219016657076e-08,3.9076456074837814e-08,3.894131054418088e-08,3.880675034582836e-08,3.867277227516286e-08,3.853937315128522e-08,3.840654981517539e-08,3.827429912954241e-08,3.814261798061992e-08,3.801150326952431e-08,3.788095192077995e-08,3.7750960895575637e-08,3.762152715641888e-08,3.749264769142493e-08,3.7364319513325996e-08,3.723653965551589e-08,3.710930516752245e-08,3.698261311445795e-08,3.685646059946639e-08,3.673084472860361e-08,3.6605762632814616e-08,3.648121146297205e-08,3.6357188393064e-08,3.623369060066629e-08,3.611071529814144e-08,3.598825971316921e-08,3.5866321087605784e-08,3.574489668895203e-08,3.56239837798503e-08,3.550357969494389e-08,3.5383681732449767e-08,3.52642872271782e-08,3.51453935370455e-08,3.502699803102592e-08,3.49090980968634e-08,3.479169114002441e-08,3.467477458054499e-08,3.455834586129951e-08,3.444240243622575e-08,3.432694178149672e-08,3.421196138342907e-08,3.4097458750199576e-08,3.398343140401392e-08,3.3869876884099015e-08,3.37567927480949e-08,3.3644176559088276e-08,3.353202591037826e-08,3.342033840323221e-08,3.330911165057026e-08,3.319834328612735e-08,3.308803095857715e-08,3.297817233112914e-08,3.286876508196565e-08,3.2759806904225023e-08,3.265129550579091e-08,3.2543228608368857e-08,3.243560394993918e-08,3.232841928224759e-08,3.222167237153052e-08,3.21153609971731e-08,3.2009482953347904e-08,3.190403604731601e-08,3.179901810348236e-08,3.169442695466076e-08,3.159026045191382e-08,3.148651645531062e-08,3.138319284655826e-08,3.128028751302078e-08,3.1177798357181616e-08,3.1075723295610906e-08,3.0974060257505754e-08,3.087280718495198e-08,3.0771962033682404e-08,3.067152277030718e-08,3.057148737856105e-08,3.04718538441003e-08,3.037262017830887e-08,3.02737843938824e-08,3.0175344515036644e-08,3.007729859805669e-08,2.997964470320509e-08,2.9882380873038385e-08,2.9785505194431692e-08,2.9689015763585637e-08,2.9592910675655418e-08,2.9497188044185397e-08,2.9401845994896482e-08,2.9306882663348795e-08,2.921229619659143e-08,2.9118084753388293e-08,2.9024246503441134e-08,2.8930779627483194e-08,2.883768231734246e-08,2.8744952775765258e-08,2.8652589216226382e-08,2.856058986307551e-08,2.846895295043208e-08,2.8377676725705563e-08,2.8286759444118035e-08,2.8196199372268476e-08,2.810599478710343e-08,2.8016143975905205e-08,2.7926645236064488e-08,2.7837496875227017e-08,2.774869720925663e-08,2.766024456258093e-08,2.7572137286262415e-08,2.7484373719281178e-08,2.7396952209352824e-08,2.730987114080181e-08,2.7223128882502134e-08,2.7136723820387026e-08,2.70506543500803e-08,2.6964918876731905e-08,2.6879515814347713e-08,2.679444358700561e-08,2.6709700627470095e-08,2.6625285377954386e-08,2.6541196289352343e-08,2.645743182196953e-08,2.637399044494589e-08,2.62908706363189e-08,2.6208070882989974e-08,2.6125589680535628e-08,2.604342553337921e-08,2.59615769544753e-08,2.5880042465398968e-08,2.579882059625156e-08,2.5717909885450434e-08,2.563730888009162e-08,2.5557016135591268e-08,2.5477030215285835e-08,2.5397349691287128e-08,2.5317973143372423e-08,2.523889915968969e-08,2.516012633638807e-08,2.5081653276591083e-08,2.5003478594364166e-08,2.4925600909006933e-08,2.4848018847763124e-08,2.477073104653962e-08,2.4693736148591232e-08,2.4617032804890026e-08,2.4540619674023813e-08,2.4464495422143333e-08,2.4388658722910054e-08,2.431310825744435e-08,2.423784271423027e-08,2.4162860789185118e-08,2.408816118551145e-08,2.4013742613647176e-08,2.393960379106403e-08,2.3865743441468587e-08,2.3792160297891896e-08,2.3718853099127278e-08,2.3645820593198227e-08,2.3573061531211718e-08,2.350057468176619e-08,2.342835879567006e-08,2.335641265297206e-08,2.3284735034450198e-08,2.3213324726518454e-08,2.314218052605959e-08,2.3071301231394325e-08,2.3000685649521832e-08,2.2930332593313334e-08,2.286024088394445e-08,2.279040934749276e-08,2.2720836816135117e-08,2.2651522130055933e-08,2.2582464142881947e-08,2.2513661692743077e-08,2.2445113644562595e-08,2.2376818858410215e-08,2.2308776208100497e-08,2.224098457184918e-08,2.2173442826130568e-08,2.2106149871040337e-08,2.203910459282426e-08,2.197230589449753e-08,2.1905752682750657e-08,2.1839443870302077e-08,2.177337837966081e-08,2.1707555126936154e-08,2.1641973047207817e-08,2.157663107129153e-08,2.1511528147760374e-08,2.144666321730094e-08,2.1382035239875433e-08,2.131764317019111e-08,2.1253485971984383e-08,2.1189562614819532e-08,2.1125872073628427e-08,2.1062413328596747e-08,2.0999185365909866e-08,2.0936187176565103e-08,2.087341775671754e-08,2.0810876108609913e-08,2.0748561244104508e-08,2.0686472163289614e-08,2.062460789487612e-08,2.056296745774885e-08,2.0501549878145972e-08,2.044035418924322e-08,2.037937943121035e-08,2.031862464587099e-08,2.02580888841513e-08,2.019777119423191e-08,2.0137670636679034e-08,2.0077786274036818e-08,2.0018117173546984e-08,1.9958662408814974e-08,1.989942105721457e-08,1.984039220031841e-08,1.9781574925459435e-08,1.9722968324370682e-08,1.9664571493488542e-08,1.9606383533920955e-08,1.95484035514133e-08,1.9490630656331606e-08,1.943306396383894e-08,1.937570259150564e-08,1.9318545666973396e-08,1.9261592316990592e-08,1.920484167449226e-08,1.9148292878776716e-08,1.9091945069854816e-08,1.9035797391680357e-08,1.89798489969895e-08,1.8924099041575113e-08,1.886854668746789e-08,1.8813191090201762e-08,1.8758031422582337e-08,1.870306685491167e-08,1.864829656609962e-08,1.8593719735122e-08,1.8539335547560378e-08,1.8485143189572706e-08,1.843114185553374e-08,1.837733074277628e-08,1.8323709051891898e-08,1.8270275987485786e-08,1.8217030758890897e-08,1.8163972580217828e-08,1.8111100667030073e-08,1.805841424010879e-08,1.80059125241879e-08,1.7953594746967684e-08,1.7901460145317783e-08,1.7849507946609362e-08,1.7797737396119263e-08,1.7746147739413573e-08,1.7694738222634262e-08,1.764350809712697e-08,1.759245661806337e-08,1.7541583045105347e-08,1.7490886639245648e-08,1.7440366667507967e-08,1.7390022399908672e-08,1.7339853109652403e-08,1.7289858073624298e-08,1.7240036572512483e-08,1.719038789044653e-08,1.7140911315125442e-08,1.7091606137717325e-08,1.7042471652792857e-08,1.6993507158482592e-08,1.6944711956294994e-08,1.6896085351410857e-08,1.6847626652132793e-08,1.679933517023512e-08,1.675121022088755e-08,1.6703251122559055e-08,1.66554571970615e-08,1.660782776844318e-08,1.6560362166257887e-08,1.651305972202279e-08,1.6465919770776888e-08,1.6418941650472272e-08,1.6372124702739746e-08,1.6325468273240394e-08,1.6278971708517554e-08,1.6232634359281343e-08,1.618645557976335e-08,1.6140434727844513e-08,1.609457116023649e-08,1.604886424479632e-08,1.600331334682519e-08,1.5957917834985624e-08,1.5912677081462852e-08,1.586759046208384e-08,1.5822657354969977e-08,1.577787714359248e-08,1.57332492111545e-08,1.5688772948357496e-08,1.564444773685741e-08,1.560027297122128e-08,1.5556248054455087e-08,1.5512372382727135e-08,1.5468645358412086e-08,1.5425066383370492e-08,1.5381634865682542e-08,1.5338350218449976e-08,1.5295211851911404e-08,1.5252219186228558e-08,1.5209371634522214e-08,1.5166668620831322e-08,1.5124109569927073e-08,1.5081693907211932e-08,1.5039421062970992e-08,1.4997290469264477e-08,1.495530156127502e-08,1.4962068009618314e-08,1.4969480924967874e-08,1.4979421035500074e-08,1.4992377260004665e-08,1.5008536790483234e-08,1.5028009115467088e-08,1.5050868245383226e-08,1.507716149526502e-08,1.510691243746774e-08,1.5140122959225728e-08,1.5176775257748243e-08,1.521683387197828e-08,1.5260247731104443e-08,1.5306952181728822e-08,1.535687095865785e-08,1.540991807093583e-08,1.5465999581463853e-08,1.5525015261223998e-08,1.5586860116404278e-08,1.565142576536573e-08,1.5718601685938866e-08,1.578827631391684e-08,1.586033800984754e-08,1.5934675897440304e-08,1.6011180574799365e-08,1.6089744718093597e-08,1.6170263577481374e-08,1.6252635379549448e-08,1.6336761645794253e-08,1.642254743429122e-08,1.650990151416056e-08,1.6598736482807887e-08,1.6688968831814966e-08,1.6780518970487485e-08,1.6873311211483585e-08,1.69672737295741e-08,1.706233848785682e-08,1.7158441151031085e-08,1.725552097877066e-08,1.7353520708562013e-08,1.745238642515229e-08,1.7552067426787995e-08,1.7652516087733427e-08,1.7753687715770062e-08,1.7855540411499435e-08,1.7958034926028102e-08,1.8061134521737116e-08,1.8164804837801173e-08,1.826901375712959e-08,1.837373127596534e-08,1.8478929380782563e-08,1.8584581927452266e-08,1.8690664533692336e-08,1.8797154458411745e-08,1.890403050769391e-08,1.9011272933443938e-08,1.9118863336546013e-08,1.922678458464148e-08,1.9335020720679538e-08,1.9443556889210165e-08,1.955237926458649e-08,1.9661474974503924e-08,1.977083203993061e-08,1.9880439311349503e-08,1.9990286412180054e-08,2.0100363684632675e-08,2.0210662138754498e-08,2.0321173406534855e-08,2.0431889697133058e-08,2.05428037563676e-08,2.0653908828228413e-08,2.0765198619217928e-08,2.0876667265384265e-08,2.0988309300954808e-08,2.110011962847349e-08,2.1212093497919436e-08,2.1324226472553966e-08,2.143651441226254e-08,2.1548953450374414e-08,2.1661539973517807e-08,2.177427060322447e-08,2.1887142182926838e-08,2.20001517462111e-08,2.2113296525526117e-08,2.222657391403773e-08,2.233998148600534e-08,2.245351694720235e-08,2.2567178141212324e-08,2.2680963045239005e-08,2.2794869752347678e-08,2.2908896464389413e-08,2.302304148533158e-08,2.313730321322065e-08,2.3251680127820186e-08,2.3366170796727886e-08,2.3480773855767906e-08,2.3595488014988186e-08,2.371031204270348e-08,2.38252447698962e-08,2.3940285081932553e-08,2.4055431914436376e-08,2.417068424890637e-08,2.4286041111609564e-08,2.4401501567850946e-08,2.451706472120233e-08,2.463272971019801e-08,2.4748495702720212e-08,2.4864361898509974e-08,2.4980327527213487e-08,2.509639183638824e-08,2.521255410422325e-08,2.532881362827325e-08,2.5445169726861804e-08,2.5561621734868734e-08,2.5678169011286652e-08,2.5794810924325173e-08,2.5911546860272272e-08,2.6028376220208275e-08,2.6145298413734228e-08,2.6262312866900986e-08,2.637941901581313e-08,2.6496616302702767e-08,2.6613904198201165e-08,2.6731282156494853e-08,2.684874965289042e-08,2.6966306173072257e-08,2.708395120330585e-08,2.7201684242958486e-08,2.731950479395717e-08,2.743741236197875e-08,2.75554064722665e-08,2.7673486637419145e-08,2.7791652375892873e-08,2.7909903227415358e-08,2.802823872212394e-08,2.8146658398221834e-08,2.8265161798441943e-08,2.8383748461809785e-08,2.8502417942633837e-08,2.8621169805825343e-08,2.8740003598245853e-08,2.8858918878417438e-08,2.8977915204140743e-08,2.90969921481196e-08,2.9216149273191604e-08,2.9335386149258364e-08,2.9454702346657146e-08,2.9574097441446446e-08,2.969357100942118e-08,2.9813122629004367e-08,2.993275188062282e-08,3.0052458346630774e-08,3.0172241611244724e-08,3.0292101261322436e-08,3.0412036883868974e-08,3.053204806831826e-08,3.06521344057845e-08,3.077229548893236e-08,3.0892530911293525e-08,3.101284026926056e-08,3.113322316042993e-08,3.1253679182770576e-08,3.137420793672656e-08,3.14948090237673e-08,3.161548204672341e-08,3.173622660975715e-08,3.185704231839462e-08,3.1977928777684593e-08,3.209888559732841e-08,3.22199123866038e-08,3.234100875602011e-08,3.246217431895599e-08,3.2583408686682324e-08,3.27047114733113e-08,3.282608229412959e-08,3.294752075464292e-08,3.306902648410255e-08,3.3190599120831576e-08,3.331223825384475e-08,3.343394351590064e-08,3.3555714526438244e-08,3.367755090956087e-08,3.379945229123874e-08,3.392141829260987e-08,3.404344854499939e-08,3.416554267526188e-08,3.428770030872168e-08,3.440992107958699e-08,3.4532204615778e-08,3.465455055044168e-08,3.47769585148761e-08,3.4899428142507726e-08,3.502195906857581e-08,3.514455093097354e-08,3.5267203357869954e-08,3.538991600194417e-08,3.551268849560291e-08,3.563552047745682e-08,3.575841158964769e-08,3.588136146968222e-08,3.600436977984193e-08,3.612743613781735e-08,3.62505602020874e-08,3.6373741614080694e-08,3.649698001624443e-08,3.662027507021581e-08,3.6743626417720784e-08,3.6867033708313755e-08,3.699049659885375e-08,3.7114014730855664e-08,3.7237587761255565e-08,3.7361215346577723e-08,3.748489713889753e-08,3.760863279531826e-08,3.773242197342707e-08,3.7856264329969907e-08,3.7980159523414945e-08,3.810410721620247e-08,3.8228107063431526e-08,3.8352158728681867e-08,3.84762618737455e-08,3.860041616814706e-08,3.8724621270325754e-08,3.884887685216647e-08,3.897318256731747e-08,3.909753808940954e-08,3.922194308487198e-08,3.934639722478612e-08,3.9470900189568976e-08,3.959545163171972e-08,3.972005123011663e-08,3.9844698655278075e-08,3.9969393590219435e-08,4.009413570229417e-08,4.0218924665804015e-08,4.034376015225492e-08,4.0468641851572334e-08,4.059356943644758e-08,4.0718542585041384e-08,4.084356096361287e-08,4.096862426340792e-08,4.1093732188370126e-08,4.121888440302545e-08,4.134408058227839e-08,4.1469320418158774e-08,4.159460359557981e-08,4.171992981307196e-08,4.1845298752453484e-08,4.197071009052123e-08,4.209616352246247e-08,4.22216587399957e-08,4.234719542982706e-08,4.247277328671477e-08,4.259839200034889e-08,4.2724051265055766e-08,4.284975077161787e-08,4.29754902230102e-08,4.310126930887549e-08,4.32270877398891e-08,4.335294519733495e-08,4.3478841375728986e-08,4.360477598350478e-08,4.373074871903013e-08,4.385675928480035e-08,4.398280738266413e-08,4.410889271177481e-08,4.4235014979028933e-08,4.436117389191808e-08,4.4487369150283095e-08,4.4613600462971556e-08,4.473986753569096e-08,4.486617007627285e-08,4.499250779749575e-08,4.511888040090232e-08,4.524528760159807e-08,4.537172911620142e-08,4.5498204650861096e-08,4.562471391801184e-08,4.575125662747225e-08,4.587783248554292e-08,4.60044412305561e-08,4.613108256728401e-08,4.625775622537066e-08,4.638446189948017e-08,4.6511199318614076e-08,4.663796819683835e-08,4.676476826403376e-08,4.689159923788053e-08,4.701846083746846e-08,4.714535278642095e-08,4.7272274808258984e-08,4.739922662766718e-08,4.752620795726451e-08,4.7653218546296606e-08,4.778025810958932e-08,4.790732637682103e-08,4.803442306884975e-08,4.816154792233061e-08,4.828870066346918e-08,4.8415881024075535e-08,4.854308873437241e-08,4.8670323526858026e-08,4.879758514045979e-08,4.892487329642982e-08,4.905218773518411e-08,4.917952819137795e-08,4.930689440126837e-08,4.943428609992755e-08,4.9561703028767904e-08,4.968914492558163e-08,4.9816611521942225e-08,4.9944102568835544e-08,5.007161780406291e-08,5.0199156962782006e-08,5.0326719789074755e-08,5.04543060260293e-08,5.0581915418867075e-08,5.070954771036051e-08,5.083720264253515e-08,5.0964879964161124e-08,5.109257942171929e-08,5.1220300755692436e-08,5.1348043725764294e-08,5.147580807553559e-08,5.1603593557805245e-08,5.1731399919799423e-08,5.1859226908935777e-08,5.1987074268036666e-08,5.211494178085604e-08,5.224282917239554e-08,5.237073621366141e-08,5.2498662641929243e-08,5.262660822110134e-08,5.275457270717958e-08,5.2882555856789746e-08,5.301055742726848e-08,5.3138577172151715e-08,5.326661485988739e-08,5.339467024284637e-08,5.3522743086453274e-08,5.3650833147003665e-08,5.3778940188573286e-08,5.390706397354869e-08,5.4035204264838945e-08,5.416336082609606e-08,5.4291533435541834e-08,5.4419721813142974e-08,5.45479257760223e-08,5.4676145067510196e-08,5.4804379469092164e-08,5.493262873567731e-08,5.506089262864486e-08,5.518917092885642e-08,5.5317463406074884e-08,5.544576981960696e-08,5.557408996074935e-08,5.570242358971964e-08,5.583077048242606e-08,5.59591304166127e-08,5.6087503162245676e-08,5.621588849366402e-08,5.6344286178022195e-08,5.647269599818845e-08,5.660111772934044e-08,5.672955115298374e-08,5.685799604610487e-08,5.698645218613656e-08,5.711491935340657e-08,5.724339732806768e-08,5.7371885890931004e-08,5.750038482347086e-08,5.762889390781525e-08,5.7757412926749234e-08,5.788594166302737e-08,5.8014479911679484e-08,5.8143027438292605e-08,5.827158404713417e-08,5.840014950567824e-08,5.852872360681669e-08,5.865730614024882e-08,5.878589689386143e-08,5.891449565634973e-08,5.904310221696348e-08,5.91717163624864e-08,5.930033788663318e-08,5.9428966580601504e-08,5.955760223951584e-08,5.968624465233539e-08,5.981489361211388e-08,5.994354891197805e-08,6.007221034679518e-08,6.020087771149907e-08,6.032955079842249e-08,6.045822940705186e-08,6.058691333419615e-08,6.071560237725966e-08,6.084429633428934e-08,6.097299500391204e-08,6.11016981851478e-08,6.123040567817868e-08,6.135911728351553e-08,6.14878328022225e-08,6.161655203930945e-08,6.174527479367182e-08,6.187400086823109e-08,6.200273006651604e-08,6.213146219265709e-08,6.226019705138162e-08,6.238893444775722e-08,6.251767418799094e-08,6.264641607866121e-08,6.277515992475681e-08,6.290390553766218e-08,6.303265272450107e-08,6.3161401292806e-08,6.329015105392643e-08,6.341890181699922e-08,6.354765339264905e-08,6.367640559220381e-08,6.380515822739392e-08,6.393391111065643e-08,6.406266405496533e-08,6.419141687389657e-08,6.432016938158182e-08,6.444892139273337e-08,6.457767272186088e-08,6.470642318685192e-08,6.483517260401807e-08,6.496392079178142e-08,6.509266755988519e-08,6.52214127233946e-08,6.535015612961695e-08,6.547889756588497e-08,6.56076368721308e-08,6.573637384821312e-08,6.586510833369129e-08,6.599384014066601e-08,6.612256909033658e-08,6.62512950137289e-08,6.638001772943094e-08,6.650873706072206e-08,6.663745283235123e-08,6.676616487098052e-08,6.689487301725747e-08,6.702357708883374e-08,6.715227686794406e-08,6.728097221886753e-08,6.740966298645294e-08,6.753834896630428e-08,6.766703001495549e-08,6.779570593325391e-08,6.792437656419327e-08,6.805304173851181e-08,6.81817012988682e-08,6.831035502978651e-08,6.843900283296267e-08,6.85676445017855e-08,6.86962798487519e-08,6.882490874462732e-08,6.895353099418781e-08,6.908214646862324e-08,6.921075498254815e-08,6.933935635113112e-08,6.946795045159278e-08,6.959653710066895e-08,6.972511613228993e-08,6.985368738749034e-08,6.998225070542504e-08,7.01108059231489e-08,7.023935287657304e-08,7.0367891429346e-08,7.049642138085897e-08,7.06249425900991e-08,7.075345488963304e-08,7.088195813018387e-08,7.101045216563163e-08,7.113893686092379e-08,7.126741198910153e-08,7.13958774343687e-08,7.152433304961367e-08,7.165277869007966e-08,7.178121414485245e-08,7.190963929600597e-08,7.203805398603676e-08,7.216645806133354e-08,7.229485137096217e-08,7.242323379486743e-08,7.255160510674787e-08,7.267996520783553e-08,7.280831393713607e-08,7.293665114039247e-08,7.306497667180411e-08,7.319329037195442e-08,7.332159210865452e-08,7.344988172689215e-08,7.357815907586633e-08,7.370642401915811e-08,7.383467638111929e-08,7.396291604715988e-08,7.409114285857274e-08,7.421935667381835e-08,7.434755735003363e-08,7.447574471520007e-08,7.460391865830386e-08,7.473207902402755e-08,7.48602256587179e-08,7.498835844141356e-08,7.511647721836677e-08,7.524458184781354e-08,7.537267218775615e-08,7.55007480987547e-08,7.562880948720283e-08,7.575685613536754e-08,7.58848879119772e-08,7.60129047000368e-08,7.61409063609534e-08,7.62688927565839e-08,7.639686374925695e-08,7.652481920173304e-08,7.665275897724072e-08,7.678068293944308e-08,7.690859095246093e-08,7.703648288086905e-08,7.71643585896711e-08,7.729221794433028e-08,7.742006086336415e-08,7.754788716026258e-08,7.767569670216605e-08,7.780348935624751e-08,7.79312649911463e-08,7.805902347399878e-08,7.818676467377118e-08,7.831448845915427e-08,7.844219469770505e-08,7.856988326273122e-08,7.869755402191062e-08,7.882520684807596e-08,7.895284161092937e-08,7.908045818205688e-08,7.920805643431029e-08,7.933563623873201e-08,7.946319746864065e-08,7.959073999805013e-08,7.971826370013024e-08,7.984576844948447e-08,7.997325412030436e-08,8.010072058652311e-08,8.02281677246824e-08,8.035559541048852e-08,8.0483003442964e-08,8.061039176455842e-08,8.073776027245158e-08,8.086510884285104e-08,8.09924373437032e-08,8.111974565220144e-08,8.124703364509504e-08,8.13743012848642e-08,8.150154836979316e-08,8.162877475713047e-08,8.175598035118928e-08,8.188316503331622e-08,8.201032868428114e-08,8.213747118635694e-08,8.226459240938351e-08,8.239169224880507e-08,8.251877058736958e-08,8.264582733677508e-08,8.277286234958992e-08,8.289987548594291e-08,8.30268666563132e-08,8.315383574525433e-08,8.328078263781251e-08,8.34077072190033e-08,8.353460937928903e-08,8.366148899888162e-08,8.378834597364665e-08,8.391518022388943e-08,8.40419915868714e-08,8.416877995324632e-08,8.42955452105889e-08,8.442228723680837e-08,8.454900593533345e-08,8.467570122393654e-08,8.480237294458234e-08,8.492902101685547e-08,8.505564532302824e-08,8.518224575665099e-08,8.530882220904069e-08,8.543537457044971e-08,8.556190274817722e-08,8.568840660839132e-08,8.581488605722028e-08,8.594134098483807e-08,8.606777127125043e-08,8.619417683551529e-08,8.632055756055037e-08,8.644691334893554e-08,8.657324409194752e-08,8.669954967943407e-08,8.682583001193732e-08,8.695208498503311e-08,8.707831449028625e-08,8.720451843208925e-08,8.733069670729825e-08,8.745684920784338e-08,8.758297583360794e-08,8.770907647122449e-08,8.783515106807466e-08,8.796119945859016e-08,8.808722156406495e-08,8.821321732839969e-08,8.833918658149233e-08,8.846512925554163e-08,8.85910452476979e-08,8.871693446428525e-08,8.884279685740427e-08,8.8968632222377e-08,8.909444051718102e-08,8.922022163937482e-08,8.934597554126439e-08,8.947170201346384e-08,8.959740104526608e-08,8.972307251740425e-08,8.984871634187413e-08,8.997433242382362e-08,9.009992060824064e-08,9.022548090908451e-08,9.03510131779061e-08,9.047651732010068e-08,9.060199324120184e-08,9.07274408524516e-08,9.085286005864461e-08,9.09782507634058e-08,9.110361292060979e-08,9.122894635243138e-08,9.135425100742652e-08,9.14795267568244e-08,9.160477359136148e-08,9.172999137768358e-08,9.185518002685768e-08,9.19803394446724e-08,9.210546954613607e-08,9.223057018455371e-08,9.235564138210845e-08,9.24806829930759e-08,9.260569492298794e-08,9.273067704067361e-08,9.285562938208875e-08,9.298055178699929e-08,9.310544414982416e-08,9.32303064025052e-08,9.335513845486285e-08,9.34799402169791e-08,9.360471161399145e-08,9.372945255645208e-08,9.385416295355092e-08,9.397884273472591e-08,9.410349179703971e-08,9.422811006010158e-08,9.435269745226984e-08,9.447725388016691e-08,9.460177922593694e-08,9.472627347800432e-08,9.48507365047523e-08,9.497516825248229e-08,9.509956862455005e-08,9.522393753790008e-08,9.534827491097307e-08,9.547258065903006e-08,9.559685470859194e-08,9.572109697100716e-08,9.584530735595224e-08,9.596948581667635e-08,9.609363223871083e-08,9.62177465675757e-08,9.63418287226625e-08,9.646587861280349e-08,9.658989616200674e-08,9.671388128934473e-08,9.683783391818927e-08,9.696175399099711e-08,9.708564140461947e-08,9.720949608626662e-08,9.733331796262285e-08,9.745710702076998e-08,9.758086306892013e-08,9.770458612056125e-08,9.782827602285147e-08,9.795193271417537e-08,9.807555616629196e-08,9.819914627353524e-08,9.83227030076654e-08,9.844622620865403e-08,9.856971584858045e-08,9.869317188630933e-08,9.881659420917738e-08,9.893998275521656e-08,9.906333746151134e-08,9.918665826023153e-08,9.930994503860725e-08,9.943319776435278e-08,9.955641635165235e-08,9.967960074890676e-08,9.980275086225016e-08,9.992586662564034e-08,1.000489479443703e-07,1.0017199475536888e-07,1.0029500699759528e-07,1.004179846455355e-07,1.0054092758811092e-07,1.0066383574577667e-07,1.007867090634241e-07,1.0090954747212606e-07,1.0103235090217997e-07,1.0115511928767915e-07,1.0127785255969439e-07,1.0140055065527527e-07,1.0152321350226437e-07,1.0164584103339504e-07,1.0176843318015799e-07,1.018909898914455e-07,1.0201351109177934e-07,1.0213599672252639e-07,1.0225844669122218e-07,1.0238086093078521e-07,1.0250323947216293e-07,1.0262558209244805e-07,1.027478888016126e-07,1.0287015954138967e-07,1.029923942444585e-07,1.0311459284774027e-07,1.0323675528166033e-07,1.0335888152140765e-07,1.0348097143976324e-07,1.0360302500325397e-07,1.0372504215135553e-07,1.0384702281179938e-07,1.039689669395714e-07,1.0409087446374107e-07,1.0421274532346724e-07,1.0433457947793231e-07,1.0445637682357753e-07,1.0457813734124547e-07,1.0469986093004051e-07,1.0482154756826825e-07,1.0494319717562485e-07,1.0506480967369574e-07,1.0518638499449e-07,1.0530792315233259e-07,1.0542942402652486e-07,1.055508875714111e-07,1.0567231372318488e-07,1.0579370243736972e-07,1.0591505368047186e-07,1.0603636733055235e-07,1.0615764336220727e-07,1.0627888173381725e-07,1.0640008235537255e-07,1.0652124518771205e-07,1.0664237016814623e-07,1.0676345719867692e-07,1.0688450631314487e-07,1.070055174078505e-07,1.0712649044042666e-07,1.0724742529375939e-07,1.0736832201037596e-07,1.0748918048804827e-07,1.0761000070828922e-07,1.0773078258038116e-07,1.0785152601657239e-07,1.0797223099584992e-07,1.080928974614856e-07,1.0821352534901325e-07,1.0833411462865393e-07,1.0845466523856362e-07,1.0857517712015276e-07,1.0869565022234028e-07,1.0881608449332762e-07,1.0893647987766873e-07,1.0905683632891173e-07,1.0917715378935757e-07,1.0929743221105751e-07,1.0941767154862915e-07,1.0953787173715423e-07,1.0965803272736219e-07,1.0977815451029568e-07,1.0989823697256777e-07,1.1001828005118523e-07,1.1013828376426304e-07,1.1025824803148378e-07,1.1037817279414724e-07,1.1049805801401237e-07,1.1061790364413502e-07,1.1073770963038517e-07,1.1085747594294181e-07,1.109772024934483e-07,1.1109688925526775e-07,1.1121653617416933e-07,1.1133614322075352e-07,1.114557103180797e-07,1.1157523743217343e-07,1.1169472451604437e-07,1.1181417152772628e-07,1.1193357841543095e-07,1.1205294513430317e-07,1.1217227162497231e-07,1.1229155785556316e-07,1.1241080377078186e-07,1.12530009328906e-07,1.1264917447192589e-07,1.1276829920707824e-07,1.1288738342595059e-07,1.1300642710139196e-07,1.1312543018928173e-07,1.1324439264980262e-07,1.1336331441622174e-07,1.134821955170995e-07,1.1360103582624842e-07,1.1371983532584154e-07,1.1383859397532707e-07,1.1395731174129355e-07,1.1407598854727794e-07,1.1419462438137438e-07,1.1431321919593672e-07,1.144317728560983e-07,1.1455028552494877e-07,1.146687570214043e-07,1.147871873356071e-07,1.1490557639128952e-07,1.150239241756609e-07,1.1514223063829733e-07,1.1526049574226791e-07,1.1537871943995041e-07,1.1549690169811016e-07,1.1561504247439544e-07,1.1573314173100343e-07,1.1585119942691655e-07,1.1596921550671218e-07,1.16087189941532e-07,1.1620512268595664e-07,1.1632301367305391e-07,1.1644086294334506e-07,1.1655867039978453e-07,1.1667643602210731e-07,1.1679415976324221e-07,1.169118415709235e-07,1.1702948142212237e-07,1.1714707923401587e-07,1.1726463504813542e-07,1.1738214883822459e-07,1.1749962046799008e-07,1.1761704994522437e-07,1.1773443730222543e-07,1.1785178237343085e-07,1.1796908517773924e-07,1.1808634568896937e-07,1.1820356386452508e-07,1.1832073968058145e-07,1.184378730745175e-07,1.1855496402877026e-07,1.1867201249537206e-07,1.187890184431545e-07,1.1890598183407856e-07,1.1902290263721445e-07,1.1913978081597743e-07,1.1925661633507793e-07,1.1937340922823998e-07,1.1949015933026062e-07,1.1960686666842015e-07,1.19723531166236e-07,1.1984015287135644e-07,1.1995673170484759e-07,1.20073267633795e-07,1.2018976062891005e-07,1.2030621066258947e-07,1.2042261769005048e-07,1.205389816847301e-07,1.2065530260259486e-07,1.2077158043264289e-07,1.2088781512600135e-07,1.210040066526621e-07,1.2112015498155577e-07,1.2123626008893685e-07,1.2135232192075087e-07,1.2146834041892365e-07,1.2158431562619498e-07,1.2170024747354926e-07,1.2181613590836808e-07,1.2193198094807288e-07,1.220477824957106e-07,1.2216354059061017e-07,1.2227925517237407e-07,1.223949262170863e-07,1.2251055367932354e-07,1.2262613753525724e-07,1.227416777431583e-07,1.228571742959399e-07,1.2297262715240563e-07,1.2308803628045295e-07,1.2320340156612627e-07,1.2331872310434657e-07,1.2343400087801762e-07,1.2354923481154538e-07,1.2366442486927086e-07,1.237795710327962e-07,1.2389467326411066e-07,1.2400973153797097e-07,1.241247458214271e-07,1.2423971608348786e-07,1.2435464231072049e-07,1.2446952445424598e-07,1.2458436251892056e-07,1.2469915644994264e-07,1.248139061840749e-07,1.2492861178211786e-07,1.2504327317237142e-07,1.2515789033501682e-07,1.2527246323626094e-07,1.2538699184978144e-07,1.2550147614299813e-07,1.2561591609581583e-07,1.2573031171208407e-07,1.25844662909977e-07,1.259589697062648e-07,1.2607323203690307e-07,1.2618744989261712e-07,1.2630162326431168e-07,1.2641575211462464e-07,1.265298364070988e-07,1.2664387614166497e-07,1.2675787127520567e-07,1.268718217892404e-07,1.2698572766225354e-07,1.2709958885883615e-07,1.2721340536459348e-07,1.2732717708430537e-07,1.2744090407336928e-07,1.2755458635652732e-07,1.2766822384914443e-07,1.2778181653275886e-07,1.2789536437782015e-07,1.2800886734315161e-07,1.281223254966127e-07,1.282357386928606e-07,1.2834910696118514e-07,1.284624302809191e-07,1.2857570862616548e-07,1.2868894197881073e-07,1.2880213031261684e-07,1.2891527360382332e-07,1.2902837183482745e-07,1.291414249814789e-07,1.2925443302598383e-07,1.2936739593860848e-07,1.2948031369799188e-07,1.295931862867331e-07,1.297060136771811e-07,1.2981879587219039e-07,1.2993153282782573e-07,1.3004422452337e-07,1.3015687094584908e-07,1.3026947207107065e-07,1.303820278854225e-07,1.3049453835773674e-07,1.3060700347671209e-07,1.307194232193713e-07,1.3083179755861955e-07,1.3094412648587987e-07,1.3105641001140155e-07,1.3116864807831394e-07,1.3128084060547657e-07,1.313929875971147e-07,1.315050891487631e-07,1.316171451821208e-07,1.3172915565946757e-07,1.3184112056083752e-07,1.3195303989892875e-07,1.3206491361483444e-07,1.321767416908042e-07,1.3228852413122014e-07,1.3240026091036508e-07,1.3251195200524115e-07,1.326235974071803e-07,1.3273519709417773e-07,1.328467510549525e-07,1.3295825925892858e-07,1.33069721687143e-07,1.3318113833300058e-07,1.3329250917470612e-07,1.334038342042966e-07,1.3351511339825703e-07,1.3362634674097277e-07,1.3373753420564367e-07,1.3384867579144875e-07,1.339597714749687e-07,1.3407082124012206e-07,1.3418182506842327e-07,1.3429278294162713e-07,1.3440369484765977e-07,1.345145607682473e-07,1.3462538069437276e-07,1.3473615460683674e-07,1.3484688249225871e-07,1.349575643330342e-07,1.3506820011444885e-07,1.3517878982099483e-07,1.3528933343667977e-07,1.3539983094908186e-07,1.3551028234225353e-07,1.356206875991914e-07,1.3573104670902404e-07,1.3584135965876194e-07,1.35951626418953e-07,1.3606184703221064e-07,1.361720214339273e-07,1.3628214958671454e-07,1.3639223150707637e-07,1.3650226717648e-07,1.366122565652031e-07,1.367221997127912e-07,1.3683209656452374e-07,1.369419471209399e-07,1.3705175138093374e-07,1.3716150930710237e-07,1.3727122087994528e-07,1.3738088610010883e-07,1.3749050495467143e-07,1.3760007743144513e-07,1.3770960351823225e-07,1.378190832033105e-07,1.37928516466082e-07,1.3803790330189872e-07,1.3814724372045772e-07,1.382565376994189e-07,1.3836578521550363e-07,1.3847498624355938e-07,1.385841407792886e-07,1.386932488183384e-07,1.3880231035400412e-07,1.389113253750728e-07,1.3902029385201127e-07,1.3912921576907472e-07,1.3923809113539219e-07,1.3934691993647445e-07,1.394557021615278e-07,1.3956443779986006e-07,1.396731268407745e-07,1.397817692739599e-07,1.3989036508937057e-07,1.3999891427607352e-07,1.4010741682369743e-07,1.4021587272216243e-07,1.4032428196161387e-07,1.4043264453202555e-07,1.4054096042366357e-07,1.4064922962661773e-07,1.4075745213161507e-07,1.4086562792646665e-07,1.4097375700429813e-07,1.410818393558214e-07,1.411898749718314e-07,1.412978638432438e-07,1.4140580596106274e-07,1.415137013163462e-07,1.4162154990032313e-07,1.417293517042407e-07,1.4183710671950376e-07,1.4194481493870995e-07,1.420524763523548e-07,1.4216009095192867e-07,1.42267658729314e-07,1.4237517967613655e-07,1.424826537846145e-07,1.425900810468169e-07,1.4269746145491096e-07,1.4280479500107363e-07,1.4291208167763457e-07,1.430193214770423e-07,1.4312651439185522e-07,1.4323366041463365e-07,1.4334075953431425e-07,1.4344781174746455e-07,1.4355481704927865e-07,1.4366177542816325e-07,1.4376868687941324e-07,1.4387555139621157e-07,1.4398236897183585e-07,1.4408913959964884e-07,1.4419586327297435e-07,1.4430253998551702e-07,1.4440916973072273e-07,1.4451575250242296e-07,1.4462228829419931e-07,1.4472877710008063e-07,1.4483521891411188e-07,1.4494161373019005e-07,1.4504796154253713e-07,1.4515426234537282e-07,1.4526051613302545e-07,1.4536672289983352e-07,1.454728826403762e-07,1.4557899536521524e-07,1.4568506103691198e-07,1.457910796695805e-07,1.4589705125476207e-07,1.4600297578738883e-07,1.4610885327341268e-07,1.4621468369258515e-07,1.4632046704427531e-07,1.464262033241512e-07,1.4653189251415576e-07,1.4663753462284177e-07,1.4674312963389005e-07,1.4684867756636777e-07,1.4695417839215655e-07,1.47059632131502e-07,1.4716503877072704e-07,1.4727039830377628e-07,1.4737571072517356e-07,1.4748097603189605e-07,1.4758619421998107e-07,1.4769136528289092e-07,1.4779648922453526e-07,1.4790156603205457e-07,1.4800659570743114e-07,1.4811157824447732e-07,1.4821651364656343e-07,1.4832140190893657e-07,1.4842624302170833e-07,1.4853103698519214e-07,1.4863578379668755e-07,1.4874048345296146e-07,1.4884513594975623e-07,1.4894974128724069e-07,1.4905429946104658e-07,1.491588104690222e-07,1.4926327430647592e-07,1.4936769095139384e-07,1.4947206044407053e-07,1.4957638276328217e-07,1.4968065789977957e-07,1.4978488586040693e-07,1.4988906663858722e-07,1.4999320023233253e-07,1.5009728663642774e-07,1.5020132585185825e-07,1.503053179189408e-07,1.504092627581502e-07,1.505131604083075e-07,1.5061701085972175e-07,1.5072081410804247e-07,1.5082457016896283e-07,1.5092827902496547e-07,1.5103194068631453e-07,1.5113555513996133e-07,1.5123912239042138e-07,1.5134264245958632e-07,1.5144611529732724e-07,1.515495409298582e-07,1.516529193602439e-07,1.5175625059078418e-07,1.518595346017902e-07,1.5196277139473828e-07,1.5206596098683793e-07,1.5216910332640435e-07,1.5227219850483527e-07,1.5237524652835901e-07,1.524782473323911e-07,1.5258120088661055e-07,1.5268410722298194e-07,1.5278696634861725e-07,1.5288977826312118e-07,1.5299254302047954e-07,1.5309526052008588e-07,1.5319793079843626e-07,1.5330055387593823e-07,1.5340312973533612e-07,1.535056583899068e-07,1.536081398135289e-07,1.5371057405070602e-07,1.5381296108110597e-07,1.5391530090477546e-07,1.5401759351916802e-07,1.5411983893436768e-07,1.5422203714277952e-07,1.5432418814986302e-07,1.5442629195287178e-07,1.545283485548125e-07,1.5463035795683626e-07,1.54732320160209e-07,1.5483423516602018e-07,1.5493610297610013e-07,1.5503792358691726e-07,1.5513969700891254e-07,1.552414232399346e-07,1.5534310225330427e-07,1.554447341082542e-07,1.5554631876935674e-07,1.5564785623705697e-07,1.5574934653836304e-07,1.558507896561111e-07,1.5595218559922653e-07,1.5605353436572353e-07,1.5615483596544823e-07,1.5625609052481487e-07,1.563572977273909e-07,1.5645845781258669e-07,1.5655957072913075e-07,1.5666063647973964e-07,1.5676165507350044e-07,1.5686262650501448e-07,1.5696355076262665e-07,1.570644278875141e-07,1.5716525786165157e-07,1.5726604068996182e-07,1.573667763742464e-07,1.574674648929338e-07,1.5756810629770335e-07,1.5766870056278587e-07,1.5776924770099463e-07,1.5786974770994588e-07,1.5797020059450047e-07,1.5807060627769857e-07,1.581709649141235e-07,1.5827127645493168e-07,1.5837154087273792e-07,1.5847175817584538e-07,1.5857192837833857e-07,1.5867205147937502e-07,1.587721274828245e-07,1.5887215639250591e-07,1.5897213821307725e-07,1.5907207294251445e-07,1.591719605940121e-07,1.5927180116449847e-07,1.5937159466089647e-07,1.5947134108765484e-07,1.5957104046410193e-07,1.596706927662595e-07,1.5977029800833256e-07,1.5986985619803288e-07,1.5996936734162602e-07,1.600688314383121e-07,1.601682484683092e-07,1.6026761849148722e-07,1.603669414638681e-07,1.6046621743044303e-07,1.6056544637372228e-07,1.6066462830513374e-07,1.6076376322569345e-07,1.6086285121552168e-07,1.609618921239796e-07,1.6106088603409313e-07,1.6115983295310137e-07,1.6125873288379953e-07,1.6135758583601653e-07,1.614563918082e-07,1.615551508036757e-07,1.616538628416492e-07,1.6175252792394297e-07,1.6185114604483508e-07,1.619497172211447e-07,1.6204824144765567e-07,1.6214671873784623e-07,1.6224514909082736e-07,1.6234353249464957e-07,1.6244186899838894e-07,1.6254015858564114e-07,1.626384012644913e-07,1.6273659703933997e-07,1.6283474591614521e-07,1.629328479013191e-07,1.6303090300178024e-07,1.6312891119285415e-07,1.6322687253556831e-07,1.6332478700980788e-07,1.6342265462246006e-07,1.635204753788931e-07,1.6361824927642953e-07,1.6371597634026137e-07,1.6381365656736399e-07,1.6391128997214568e-07,1.6400887657909564e-07,1.6410641633485055e-07,1.6420390925921034e-07,1.643013552584443e-07,1.6439875460226062e-07,1.644961071559765e-07,1.645934129303868e-07,1.6469067192215413e-07,1.6478788414457262e-07,1.6488504960337095e-07,1.649821683071788e-07,1.6507924025715316e-07,1.6517626543440612e-07,1.6527324391056538e-07,1.6537017566019953e-07,1.6546706068734557e-07,1.6556389908129485e-07,1.656606906881191e-07,1.657574356006277e-07,1.6585413381740977e-07,1.6595078538827545e-07,1.6604739024549465e-07,1.6614394843263492e-07,1.6624045997647762e-07,1.663369248492799e-07,1.6643334307584136e-07,1.6652971466383086e-07,1.666260396210675e-07,1.6672231795883514e-07,1.6681854967783953e-07,1.6691473478946006e-07,1.6701087330166412e-07,1.6710696522219953e-07,1.67203010559369e-07,1.6729900932114553e-07,1.6739496151553095e-07,1.674908671506848e-07,1.6758672623477108e-07,1.6768253877593136e-07,1.6777830478247334e-07,1.678740242626897e-07,1.6796969722482412e-07,1.6806532367734458e-07,1.6816090362875919e-07,1.6825643708743632e-07,1.6835192406187675e-07,1.684473645606219e-07,1.6854275859225467e-07,1.686381061653984e-07,1.6873340728875634e-07,1.6882866197095492e-07,1.689238702207783e-07,1.6901903204808465e-07,1.691141474595532e-07,1.6920921646238902e-07,1.6930423907097907e-07,1.6939921529150684e-07,1.6949414513246237e-07,1.695890286042864e-07,1.6968386571466784e-07,1.697786564731776e-07,1.6987340088940103e-07,1.6996809897394716e-07,1.700627507318292e-07,1.7015735617464038e-07,1.7025191531116575e-07,1.7034642815140222e-07,1.7044089470453437e-07,1.7053531498040605e-07,1.706296889640093e-07,1.707240167129433e-07,1.7081829821262519e-07,1.7091253347313123e-07,1.710067225027836e-07,1.7110086530500302e-07,1.7119496192259068e-07,1.7128901232085103e-07,1.7138301652736028e-07,1.7147697453329817e-07,1.71570886386653e-07,1.716647520723525e-07,1.7175857160365955e-07,1.7185234501122113e-07,1.7194607227032558e-07,1.7203975341690716e-07,1.721333884483709e-07,1.7222697737788995e-07,1.723205202110201e-07,1.7241401696581474e-07,1.725074676428685e-07,1.7260087226607945e-07,1.726942308371594e-07,1.7278754336855365e-07,1.728808098681417e-07,1.7297403034900367e-07,1.730672048187019e-07,1.7316033328411178e-07,1.732534157671463e-07,1.7334645226912192e-07,1.7343944280503058e-07,1.735323874336887e-07,1.7362528606672756e-07,1.7371813876072648e-07,1.7381094553123022e-07,1.7390370640235453e-07,1.739964213551436e-07,1.7408909041049117e-07,1.741817135807635e-07,1.742742908863599e-07,1.743668223290363e-07,1.7445930792435246e-07,1.7455174767900477e-07,1.7464414160706282e-07,1.7473648971818667e-07,1.7482879202358716e-07,1.7492104853405607e-07,1.7501325930318313e-07,1.7510542423475252e-07,1.7519754342702162e-07,1.7528961686671806e-07,1.753816446696526e-07,1.7547362664190896e-07,1.7556556289983232e-07,1.7565745345136961e-07,1.7574929831978243e-07,1.758410975203588e-07,1.7593285102391177e-07,1.7602455886649538e-07,1.7611622106121139e-07,1.762078377516284e-07,1.7629940869505354e-07,1.7639093401486554e-07,1.764824137323717e-07,1.7657384786433508e-07,1.766652364117484e-07,1.7675657939012668e-07,1.7684787681204649e-07,1.769391286918253e-07,1.7703033504027074e-07,1.7712149591423488e-07,1.7721261123269695e-07,1.773036810543883e-07,1.7739470539058941e-07,1.7748568428177138e-07,1.7757661767763606e-07,1.776675056237714e-07,1.7775834812884233e-07,1.7784914522020968e-07,1.7793989689835955e-07,1.7803060317603235e-07,1.781212640714938e-07,1.7821187964291102e-07,1.7830244985203186e-07,1.7839297464645495e-07,1.7848345409854953e-07,1.7857388828452253e-07,1.786642770944535e-07,1.7875462060976217e-07,1.788449187711875e-07,1.789351717700799e-07,1.7902537944824086e-07,1.7911554186200577e-07,1.7920565909702435e-07,1.7929573104907796e-07,1.7938575776068258e-07,1.7947573928523294e-07,1.795656756787544e-07,1.7965556686367555e-07,1.7974541291156583e-07,1.7983521374543074e-07,1.7992496943835425e-07,1.8001468006242007e-07,1.8010434550820674e-07,1.8019396585327956e-07,1.802835411077104e-07,1.8037307121549105e-07,1.804625563258665e-07,1.8055199635752946e-07,1.8064139137699483e-07,1.8073074137652e-07,1.8082004634433664e-07,1.8090930632456547e-07,1.8099852131701468e-07,1.8108769133503632e-07,1.8117681639023578e-07,1.8126589649402876e-07,1.8135493166569062e-07,1.8144392197568169e-07,1.8153286731112265e-07,1.8162176774200122e-07,1.817106233002865e-07,1.8179943401940204e-07,1.8188819984728632e-07,1.819769208975284e-07,1.8206559711737767e-07,1.8215422845801656e-07,1.8224281499239247e-07,1.823313568009639e-07,1.8241985376975176e-07,1.8250830597451694e-07,1.8259671342808965e-07,1.8268507614239776e-07,1.8277339426794825e-07,1.8286166755767807e-07,1.8294989620515186e-07,1.8303808014193154e-07,1.8312621943856086e-07,1.8321431400895217e-07,1.8330236400374559e-07,1.83390369302717e-07,1.8347832998722987e-07,1.8356624607373738e-07,1.8365411748832184e-07,1.8374194440042497e-07,1.8382972677875543e-07,1.839174645972324e-07,1.8400515787659315e-07,1.8409280663944025e-07,1.841804108960416e-07,1.8426797064925524e-07,1.8435548595010338e-07,1.844429567706296e-07,1.845303831413733e-07,1.846177650110418e-07,1.8470510252033738e-07,1.8479239561072868e-07,1.8487964431368365e-07,1.8496684864740173e-07,1.8505400860443976e-07,1.8514112420407277e-07,1.852281954654579e-07,1.8531522238839894e-07,1.8540220501877828e-07,1.8548914336045851e-07,1.8557603733031166e-07,1.8566288713075198e-07,1.857496926668934e-07,1.858364539489725e-07,1.8592317100211025e-07,1.8600984384318628e-07,1.8609647247967798e-07,1.8618305693765855e-07,1.8626959722249497e-07,1.8635609335715724e-07,1.864425453504706e-07,1.8652895321905498e-07,1.8661531701597358e-07,1.8670163667188072e-07,1.8678791221695967e-07,1.868741437194302e-07,1.8696033115111736e-07,1.8704647455742345e-07,1.8713257393857338e-07,1.872186293143481e-07,1.87304640686516e-07,1.8739060809074012e-07,1.8747653151219704e-07,1.8756241098501072e-07,1.876482464669827e-07,1.8773403807963813e-07,1.8781978577274055e-07,1.8790548958564553e-07,1.8799114950356052e-07,1.8807676555534923e-07,1.88162337737699e-07,1.8824786610495034e-07,1.883333506496875e-07,1.8841879135868412e-07,1.8850418832585535e-07,1.885895414880133e-07,1.8867485088961417e-07,1.8876011658429527e-07,1.8884533851466516e-07,1.889305167156526e-07,1.890156512147026e-07,1.8910074202225215e-07,1.8918578918974588e-07,1.892707926808621e-07,1.893557525196106e-07,1.8944066872364557e-07,1.8952554131717313e-07,1.8961037031019163e-07,1.8969515563292198e-07,1.8977989746391663e-07,1.8986459570184846e-07,1.8994925036380595e-07,1.9003386158980595e-07,1.901184292940692e-07,1.9020295349955802e-07,1.9028743422480678e-07,1.9037187145564416e-07,1.9045626527649602e-07,1.9054061563297765e-07,1.9062492261464857e-07,1.907091862022924e-07,1.9079340638301546e-07,1.9087758317394943e-07,1.9096171655752557e-07,1.9104580664883424e-07,1.9112985336424827e-07,1.9121385680837406e-07,1.912978169548072e-07,1.91381733852488e-07,1.9146560749545756e-07,1.9154943776072613e-07,1.916332248391109e-07,1.9171696873096943e-07,1.918006694266037e-07,1.9188432691773888e-07,1.9196794123680615e-07,1.9205151241639095e-07,1.9213504042002363e-07,1.922185253271974e-07,1.9230196709947895e-07,1.9238536568973198e-07,1.9246872125536566e-07,1.925520337050702e-07,1.9263530330228122e-07,1.9271852988407773e-07,1.9280171331880753e-07,1.9288485374657592e-07,1.9296795126126958e-07,1.9305100563061438e-07,1.9313401705423594e-07,1.9321698559238986e-07,1.9329991120302346e-07,1.9338279392526784e-07,1.9346563372779274e-07,1.9354843064973674e-07,1.9363118470658925e-07,1.9371389591411886e-07,1.9379656435465622e-07,1.938791899792657e-07,1.9396177273243883e-07,1.9404431269899065e-07,1.9412680989444802e-07,1.9420926435084048e-07,1.9429167605811643e-07,1.9437404510441033e-07,1.9445637144184124e-07,1.9453865502113798e-07,1.9462089598869963e-07,1.9470309423043467e-07,1.947852498405505e-07,1.9486736281151054e-07,1.9494943316632468e-07,1.9503146092768382e-07,1.951134461047982e-07,1.9519538871762643e-07,1.952772887811344e-07,1.9535914631086678e-07,1.9544096132144043e-07,1.955227338321465e-07,1.956044638571868e-07,1.9568615141219282e-07,1.95767796512491e-07,1.958493991749561e-07,1.9593095941553607e-07,1.9601247724993963e-07,1.9609395269297623e-07,1.961753857627956e-07,1.9625677647383927e-07,1.9633812484325965e-07,1.9641943085872682e-07,1.9650069459144165e-07,1.9658191602972796e-07,1.9666309518998895e-07,1.9674423205890984e-07,1.9682532670838033e-07,1.969063791018333e-07,1.969873892823989e-07,1.9706835726057555e-07,1.9714928308696785e-07,1.9723016675749936e-07,1.973110082398867e-07,1.973918075847752e-07,1.9747256481508945e-07,1.9755327998497303e-07,1.9763395303678415e-07,1.9771458405373317e-07,1.9779517300913308e-07,1.978757199285163e-07,1.9795622483677696e-07,1.9803668773654562e-07,1.9811710864902615e-07,1.9819748759042387e-07,1.9827782458541935e-07,1.983581196335417e-07,1.9843837276778295e-07,1.9851858399606736e-07,1.985987533263064e-07,1.9867888078324032e-07,1.987589663916773e-07,1.9883901015928667e-07,1.9891901210317078e-07,1.989989722385333e-07,1.990788905821904e-07,1.991587671517604e-07,1.9923860196087855e-07,1.9931839502710263e-07,1.9939814636707983e-07,1.9947785599704871e-07,1.9955752393308523e-07,1.9963715019388144e-07,1.9971673479179965e-07,1.9979627774384265e-07,1.9987577906934685e-07,1.9995523878437258e-07,2.000346569029949e-07,2.0011403344348165e-07,2.0019336842067765e-07,2.0027266185297035e-07,2.0035191375576075e-07,2.0043112414604302e-07,2.0051029303919864e-07,2.0058942045495327e-07,2.0066850639801553e-07,2.0074755089894506e-07,2.0082655397024728e-07,2.0090551563406147e-07,2.0098443590121586e-07,2.0106331479743555e-07,2.011421523437905e-07,2.012209484730805e-07,2.0129970331588248e-07,2.0137841684473097e-07,2.0145708907180262e-07,2.015357200363328e-07,2.0161430976138823e-07,2.0169285819686755e-07,2.01771365400948e-07,2.0184983136206979e-07,2.019282561577132e-07,2.0200663977221575e-07,2.0208498222616496e-07,2.021632835654808e-07,2.0224154373639118e-07,2.0231976284344337e-07,2.0239794084900251e-07,2.0247607773158104e-07,2.0255417361805672e-07,2.026322283859174e-07,2.0271024213250308e-07,2.027882148544074e-07,2.0286614658070515e-07,2.029440373265858e-07,2.0302188710657354e-07,2.0309969593955887e-07,2.031774638422856e-07,2.032551908638288e-07,2.0333287695594641e-07,2.034105221694453e-07,2.0348812651019784e-07,2.0356569000776242e-07,2.036432127022755e-07,2.0372069456780417e-07,2.0379813563704387e-07,2.0387553586802785e-07,2.039528953641531e-07,2.0403021414247106e-07,2.0410749214539194e-07,2.041847295099581e-07,2.042619261888681e-07,2.0433908218776388e-07,2.044161975295575e-07,2.0449327222838272e-07,2.045703062930541e-07,2.0464729972674163e-07,2.0472425258624475e-07,2.048011648456484e-07,2.048780365470856e-07,2.0495486773435553e-07,2.0503165836359933e-07,2.051084084852339e-07,2.0518511811420458e-07,2.0526178726188453e-07,2.0533841595090016e-07,2.054150042029637e-07,2.0549155202931768e-07,2.0556805944227858e-07,2.0564452646591552e-07,2.0572095311372075e-07,2.057973394061523e-07,2.0587368535642628e-07,2.0594999098395654e-07,2.0602625630554477e-07,2.061024813203854e-07,2.0617866607633095e-07,2.062548105784694e-07,2.063309148447796e-07,2.0640697887269837e-07,2.0648300270078894e-07,2.065589863339734e-07,2.0663492982418381e-07,2.067108331407707e-07,2.0678669632137922e-07,2.0686251939132111e-07,2.0693830235436765e-07,2.070140452280146e-07,2.0708974804236173e-07,2.0716541081340078e-07,2.0724103352903114e-07,2.0731661622746057e-07,2.0739215899777924e-07,2.0746766175893305e-07,2.075431245156442e-07,2.0761854730458487e-07,2.0769393015972105e-07,2.0776927313498041e-07,2.0784457617740233e-07,2.0791983929721703e-07,2.0799506261384122e-07,2.0807024606344483e-07,2.081453897016716e-07,2.0822049352973727e-07,2.0829555753521924e-07,2.0837058178741077e-07,2.0844556634219075e-07,2.0852051111474829e-07,2.0859541615985917e-07,2.0867028149476723e-07,2.0874510713637109e-07,2.0881989310217284e-07,2.0889463940851296e-07,2.089693460734512e-07,2.0904401311337893e-07,2.091186405461376e-07,2.0919322838822508e-07,2.0926777665668225e-07,2.0934228536877165e-07,2.0941675454232405e-07,2.094911841943437e-07,2.0956557434079248e-07,2.0963992499995816e-07,2.0971423618812864e-07,2.097885079229916e-07,2.0986274022186447e-07,2.099369331020143e-07,2.1001108658065883e-07,2.1008520067446507e-07,2.1015927540002998e-07,2.1023331077564452e-07,2.1030730681709558e-07,2.1038126354349222e-07,2.1045518097066723e-07,2.1052905911535492e-07,2.1060289799648568e-07,2.1067669763039558e-07,2.1075045803358771e-07,2.108241792240142e-07,2.1089786121883836e-07,2.1097150403430332e-07,2.110451076890727e-07,2.1111867215804597e-07,2.1119219749965479e-07,2.1126568373110275e-07,2.1133913086960381e-07,2.1141253893240718e-07,2.1148590793658365e-07,2.115592378993835e-07,2.1163252883809194e-07,2.1170578076978987e-07,2.1177899371172926e-07,2.1185216768120076e-07,2.119253026953071e-07,2.1199839877130177e-07,2.1207145592638067e-07,2.121444741777871e-07,2.1221745354274457e-07,2.1229039403841215e-07,2.1236329568212124e-07,2.1243615849103432e-07,2.1250898248238526e-07,2.125817676733961e-07,2.126545140812433e-07,2.1272722172320595e-07,2.1279989061646129e-07,2.1287252077831143e-07,2.129451122259665e-07,2.130176649766856e-07,2.1309017904764655e-07,2.131626544561036e-07,2.132350912193533e-07,2.1330748935461102e-07,2.133798488790799e-07,2.1345216981004286e-07,2.135244521647075e-07,2.1359669596032213e-07,2.1366890121418654e-07,2.1374106794350284e-07,2.1381319616554945e-07,2.1388528589755257e-07,2.1395733715674537e-07,2.1402934996038945e-07,2.1410132432581485e-07,2.14173260270191e-07,2.142451578107846e-07,2.1431701696485846e-07,2.1438883774967833e-07,2.144606201825657e-07,2.1453236428068705e-07,2.146040700612887e-07,2.1467573754171085e-07,2.1474736673916493e-07,2.1481895767090578e-07,2.1489051035422146e-07,2.149620248063254e-07,2.1503350104454505e-07,2.1510493908614138e-07,2.151763389483221e-07,2.1524770064842965e-07,2.1531902420367892e-07,2.153903096312939e-07,2.1546155694865425e-07,2.1553276617296873e-07,2.1560393732145452e-07,2.1567507041148638e-07,2.1574616546024612e-07,2.1581722248499075e-07,2.1588824150311622e-07,2.1595922253175846e-07,2.1603016558825543e-07,2.1610107070092013e-07,2.1617193787585268e-07,2.1624276713041204e-07,2.1631355848179374e-07,2.1638431193643598e-07,2.164550275225799e-07,2.1652570525743195e-07,2.1659634519327455e-07,2.166669473123098e-07,2.1673751160331273e-07,2.1680803814076065e-07,2.168785268783363e-07,2.1694897790390638e-07,2.1701939119910672e-07,2.170897667714532e-07,2.171601046486917e-07,2.172304048564181e-07,2.1730066739511697e-07,2.173708922986874e-07,2.174410795757306e-07,2.1751122924289568e-07,2.1758134131862578e-07,2.1765141581881187e-07,2.1772145276245697e-07,2.1779145216576696e-07,2.1786141404090943e-07,2.179313384149053e-07,2.1800122530086495e-07,2.180710747122019e-07,2.1814088667059342e-07,2.1821066119528502e-07,2.1828039830093684e-07,2.1835009800411476e-07,2.1841976032326215e-07,2.1848938523109855e-07,2.1855897283316228e-07,2.1862852305723236e-07,2.1869803596531155e-07,2.1876751162219953e-07,2.1883694999865345e-07,2.1890635111086136e-07,2.1897571497716093e-07,2.1904504156415354e-07,2.1911433093866795e-07,2.1918358317181492e-07,2.1925279822671622e-07,2.1932197612349897e-07,2.1939111682076246e-07,2.1946022044725583e-07,2.1952928696538345e-07,2.1959831633586163e-07,2.196673086318982e-07,2.1973626387075564e-07,2.1980518206970462e-07,2.198740633022532e-07,2.199429075301712e-07,2.2001171471978577e-07,2.200804849313975e-07,2.2014921819638344e-07,2.2021791452482418e-07,2.2028657393401445e-07,2.2035519644122702e-07,2.204237820636628e-07,2.2049233081858134e-07,2.205608427232471e-07,2.2062931779481926e-07,2.2069775605058287e-07,2.2076615750776117e-07,2.2083452218351466e-07,2.2090285009503105e-07,2.2097114125967612e-07,2.2103939569452062e-07,2.2110761340119252e-07,2.211757944216484e-07,2.2124393877069578e-07,2.213120464589696e-07,2.2138011750361147e-07,2.2144815192183292e-07,2.2151614973075798e-07,2.2158411094772146e-07,2.2165203558986543e-07,2.2171992369734223e-07,2.217877752632269e-07,2.218555903062725e-07,2.2192336881715598e-07,2.2199111092013384e-07,2.220588165333494e-07,2.221264856588262e-07,2.221941183782946e-07,2.2226171466740521e-07,2.2232927455897856e-07,2.2239679804885642e-07,2.2246428513476106e-07,2.225317358996243e-07,2.2259915030022893e-07,2.226665283839873e-07,2.22733870168049e-07,2.2280117566656467e-07,2.2286844490279093e-07,2.2293567789084927e-07,2.2300287464791416e-07,2.2307003519172622e-07,2.2313715953833668e-07,2.232042477056729e-07,2.2327129969888814e-07,2.2333831555876298e-07,2.2340529529101505e-07,2.2347223891201247e-07,2.2353914642762747e-07,2.2360601786659086e-07,2.2367285324621412e-07,2.2373965258368071e-07,2.238064159050783e-07,2.238731432095911e-07,2.2393983452327479e-07,2.2400648986350088e-07,2.240731092473479e-07,2.2413969269178286e-07,2.2420624021390193e-07,2.242727518313775e-07,2.2433922756091436e-07,2.2440566741959152e-07,2.2447207142437234e-07,2.2453843959256895e-07,2.2460477194160424e-07,2.2467106848818942e-07,2.2473732924960408e-07,2.2480355424242742e-07,2.2486974348472236e-07,2.2493589699299553e-07,2.2500201478442407e-07,2.250680968762322e-07,2.2513414328521407e-07,2.2520015402882925e-07,2.2526612912402152e-07,2.2533206858780829e-07,2.25397972437735e-07,2.2546384069020518e-07,2.2552967336297407e-07,2.255954704723426e-07,2.2566123203588375e-07,2.2572695807052142e-07,2.2579264859340628e-07,2.258583036215111e-07,2.259239231719154e-07,2.2598950726188275e-07,2.2605505590808135e-07,2.261205691278851e-07,2.261860469383651e-07,2.2625148935687468e-07,2.263168963999151e-07,2.2638226808456463e-07,2.264476044279468e-07,2.265129054470413e-07,2.265781711588342e-07,2.2664340158079146e-07,2.2670859672967133e-07,2.2677375662252822e-07,2.2683888127618274e-07,2.2690397070769865e-07,2.2696902494186854e-07,2.2703404398051262e-07,2.2709902784926364e-07,2.2716397657004854e-07,2.2722889019602463e-07,2.272937687011079e-07,2.2735861210517294e-07,2.2742342041974921e-07,2.274881936352977e-07,2.275529318281203e-07,2.2761763494934517e-07,2.2768230308950677e-07,2.2774693619556706e-07,2.2781153434971437e-07,2.2787609750822247e-07,2.2794062571593216e-07,2.2800511897341565e-07,2.2806957732449939e-07,2.281340007744644e-07,2.2819838934981005e-07,2.2826274306368214e-07,2.2832706191938779e-07,2.2839134593332888e-07,2.2845559521785566e-07,2.2851980963982524e-07,2.2858398928107305e-07,2.2864813414470224e-07,2.2871224426725986e-07,2.2877631968032392e-07,2.288403603556078e-07,2.2890436628978135e-07,2.2896833759074457e-07,2.290322742301113e-07,2.2909617620753877e-07,2.2916004362074748e-07,2.2922387639236098e-07,2.2928767459711565e-07,2.2935143817117e-07,2.2941516715416835e-07,2.2947886162468535e-07,2.2954252154258312e-07,2.296061470057357e-07,2.2966973790710735e-07,2.2973329437901102e-07,2.2979681639323263e-07,2.2986030397218533e-07,2.29923757135903e-07,2.2998717587509256e-07,2.3005056021926238e-07,2.301139101802735e-07,2.301772257842948e-07,2.3024050705536391e-07,2.3030375400170887e-07,2.3036696663674272e-07,2.304301449807116e-07,2.3049328904702172e-07,2.305563988749482e-07,2.3061947444675422e-07,2.3068251579481235e-07,2.307455229360369e-07,2.3080849588673577e-07,2.308714346658256e-07,2.309343392904133e-07,2.3099720977262733e-07,2.3106004612375608e-07,2.3112284841150558e-07,2.311856165741149e-07,2.3124835066686473e-07,2.3131105064759726e-07,2.3137371659106705e-07,2.3143634851067325e-07,2.3149894647072656e-07,2.3156151044946532e-07,2.3162404045737007e-07,2.31686536497215e-07,2.3174899866223073e-07,2.3181142685125818e-07,2.3187382114732896e-07,2.3193618154159023e-07,2.3199850806235465e-07,2.3206080071561377e-07,2.3212305961601924e-07,2.321852846056115e-07,2.3224747579427267e-07,2.3230963321166624e-07,2.3237175686031329e-07,2.3243384674091496e-07,2.3249590295839357e-07,2.3255792539907772e-07,2.326199141317037e-07,2.3268186917728793e-07,2.3274379054892858e-07,2.3280567826624487e-07,2.3286753234710729e-07,2.3292935280641114e-07,2.3299113963521314e-07,2.3305289291223095e-07,2.3311461258093464e-07,2.3317629872301278e-07,2.332379513320229e-07,2.332995704230714e-07,2.3336115600150894e-07,2.334227080910366e-07,2.3348422670931113e-07,2.3354571187247247e-07,2.3360716360669147e-07,2.3366858190164692e-07,2.3372996680164797e-07,2.337913183116597e-07,2.3385263645748787e-07,2.3391392124248874e-07,2.339751726929943e-07,2.3403639081752783e-07,2.3409757563561752e-07,2.3415872716689356e-07,2.3421984543174694e-07,2.3428093043547276e-07,2.3434198227779976e-07,2.34403000801011e-07,2.3446398614501413e-07,2.3452493838467411e-07,2.3458585736828306e-07,2.3464674318625486e-07,2.3470759589383808e-07,2.347684154529822e-07,2.3482920190298906e-07,2.3488995527279414e-07,2.349506755575266e-07,2.3501136279152863e-07,2.350720169897217e-07,2.351326381735984e-07,2.351932263298173e-07,2.3525378149956693e-07,2.3531430368707504e-07,2.3537479291919744e-07,2.3543524920900807e-07,2.3549567257623364e-07,2.3555606305762496e-07,2.3561642063286358e-07,2.3567674532227915e-07,2.3573703724106623e-07,2.3579729624453393e-07,2.3585752240647378e-07,2.3591771576781624e-07,2.359778763358217e-07,2.3603800412689173e-07,2.3609809915723953e-07,2.361581614451391e-07,2.3621819100367428e-07,2.362781878416729e-07,2.3633815196995442e-07,2.363980834413457e-07,2.3645798224311815e-07,2.3651784840983242e-07,2.3657768193781272e-07,2.3663748285981873e-07,2.3669725118788282e-07,2.3675698693565648e-07,2.3681669011947742e-07,2.368763607502599e-07,2.3693599884268477e-07,2.3699560441565133e-07,2.3705517749893015e-07,2.3711471809773137e-07,2.3717422624229383e-07,2.3723370193836803e-07,2.372931452722259e-07,2.373525561185696e-07,2.3741193455538082e-07,2.374712806078003e-07,2.375305943319481e-07,2.375898756658635e-07,2.376491246776297e-07,2.377083413697878e-07,2.377675257481905e-07,2.378266778322033e-07,2.3788579770417027e-07,2.3794488526513072e-07,2.380039406431344e-07,2.3806296375968165e-07,2.3812195477925134e-07,2.3818091349760484e-07,2.382398400190709e-07,2.3829873440691248e-07,2.3835759661888787e-07,2.3841642673461984e-07,2.3847522475277744e-07,2.385339906833655e-07,2.385927245134984e-07,2.386514262993898e-07,2.3871009609183026e-07,2.387687338554154e-07,2.3882733960353714e-07,2.3888591334953597e-07,2.3894445510996505e-07,2.3900296489643023e-07,2.3906144277851324e-07,2.3911988872395705e-07,2.3917830270953693e-07,2.392366848124897e-07,2.3929503505100146e-07,2.393533534599297e-07,2.3941163997262873e-07,2.394698946436959e-07,2.395281174915548e-07,2.395863085529188e-07,2.396444678324651e-07,2.397025953338118e-07,2.3976069108619057e-07,2.3981875510303597e-07,2.3987678739260543e-07,2.3993478799291686e-07,2.3999275702209535e-07,2.400506943716537e-07,2.401085999534597e-07,2.4016647389663046e-07,2.4022431618487966e-07,2.402821268953408e-07,2.4033990602099633e-07,2.403976536299776e-07,2.4045536961969646e-07,2.405130540669303e-07,2.405707069755454e-07,2.406283283866518e-07,2.4068591830008676e-07,2.407434767372309e-07,2.4080100371279477e-07,2.4085849924183024e-07,2.409159633469987e-07,2.409733960316085e-07,2.410307973171399e-07,2.4108816722110923e-07,2.4114550575874476e-07,2.4120281294606454e-07,2.4126008879898827e-07,2.413173332721321e-07,2.41374546332966e-07,2.4143172826811577e-07,2.4148887891405166e-07,2.4154599835381554e-07,2.4160308652357263e-07,2.416601434839287e-07,2.41717169237636e-07,2.417741635952298e-07,2.4183112700688437e-07,2.418880592184252e-07,2.419449603021409e-07,2.4200183025393766e-07,2.420586691015081e-07,2.421154768526857e-07,2.4217225351315905e-07,2.422289991322864e-07,2.422857137034052e-07,2.423423972076461e-07,2.4239904971983776e-07,2.4245567123206933e-07,2.425122617108987e-07,2.4256882126793097e-07,2.4262534987489357e-07,2.426818475405566e-07,2.42738314295526e-07,2.427947501398081e-07,2.4285115509016003e-07,2.4290752917284626e-07,2.4296387239193624e-07,2.4302018477684086e-07,2.430764663239001e-07,2.4313271706946834e-07,2.4318893702068026e-07,2.432451261740068e-07,2.43301284597784e-07,2.433574122465231e-07,2.4341350918031204e-07,2.43469575395667e-07,2.4352561091213947e-07,2.435816157435562e-07,2.4363758991225704e-07,2.4369353345503625e-07,2.437494463293767e-07,2.4380532858196537e-07,2.438611802396299e-07,2.439170012939809e-07,2.439727918017762e-07,2.4402855173182443e-07,2.440842810415884e-07,2.4413997989755443e-07,2.441956482424933e-07,2.4425128608790713e-07,2.4430689344858134e-07,2.443624703423101e-07,2.44418016798222e-07,2.444735328212492e-07,2.445290184378299e-07,2.4458447378982065e-07,2.4463989862493297e-07,2.4469529297458757e-07,2.4475065714513964e-07,2.4480599088823935e-07,2.448612942147497e-07,2.449165673379777e-07,2.449718101017552e-07,2.450270225822324e-07,2.450822048784709e-07,2.451373569604289e-07,2.451924786927827e-07,2.4524757021986956e-07,2.453026315494724e-07,2.4535766277046e-07,2.4541266382528484e-07,2.454676347167198e-07,2.455225753781987e-07,2.4557748602191183e-07,2.456323665702568e-07,2.4568721696786626e-07,2.457420373418403e-07,2.4579682765748785e-07,2.4585158796127057e-07,2.459063181969989e-07,2.459610184203023e-07,2.4601568865495547e-07,2.4607032889975075e-07,2.4612493917868346e-07,2.4617951950688193e-07,2.462340699000658e-07,2.4628859037386603e-07,2.46343080943563e-07,2.463975416245165e-07,2.464519724321037e-07,2.465063733820877e-07,2.465607444896241e-07,2.466150857700862e-07,2.4666939723902206e-07,2.4672367891179193e-07,2.467779308038688e-07,2.468321529306578e-07,2.4688634530766554e-07,2.4694050795013893e-07,2.469946408737309e-07,2.470487440930573e-07,2.471028176240704e-07,2.471568614821305e-07,2.4721087568274683e-07,2.472648602412009e-07,2.473188151722163e-07,2.473727404918569e-07,2.474266362149921e-07,2.474805023878278e-07,2.4753433896428444e-07,2.4758814606151964e-07,2.4764192358625686e-07,2.4769567158866587e-07,2.477493900662231e-07,2.4780307907499993e-07,2.478567385922285e-07,2.4791036868806785e-07,2.4796396930171187e-07,2.480175404794424e-07,2.480710822816519e-07,2.4812459465750373e-07,2.4817807765282804e-07,2.4823153127997445e-07,2.4828495555575634e-07,2.4833835049474544e-07,2.483917161126035e-07,2.484450524278515e-07,2.4849835943635724e-07,2.485516372649777e-07,2.4860488575583066e-07,2.486581050792467e-07,2.487112950910917e-07,2.487644559693244e-07,2.488175875988621e-07,2.4887069001207164e-07,2.489237632486006e-07,2.4897680733738895e-07,2.4902982228085997e-07,2.4908280808202707e-07,2.491357647955478e-07,2.491886924285148e-07,2.49241590970149e-07,2.4929446046034913e-07,2.493473008858097e-07,2.4940011220071836e-07,2.494528945667486e-07,2.4950564794627826e-07,2.495583724012334e-07,2.4961106781600256e-07,2.4966373427723115e-07,2.497163717994224e-07,2.497689803642177e-07,2.4982156004013066e-07,2.498741107913127e-07,2.4992663268880907e-07,2.499791257068506e-07,2.5003158985057716e-07,2.5008402518520996e-07,2.5013643186478444e-07,2.5018880958369883e-07,2.5024115853404915e-07,2.502934787320428e-07,2.503457701478657e-07,2.5039803278529105e-07,2.504502666928467e-07,2.505024718783773e-07,2.5055464836459395e-07,2.506067961684884e-07,2.506589153589978e-07,2.5071100576364165e-07,2.5076306763186494e-07,2.5081510091787447e-07,2.5086710551444123e-07,2.5091908151170936e-07,2.5097102892653355e-07,2.5102294777069884e-07,2.5107483806031855e-07,2.511266998376422e-07,2.5117853306769845e-07,2.5123033779242395e-07,2.5128211402965743e-07,2.5133386178781147e-07,2.5138558107862916e-07,2.5143727192038773e-07,2.5148893432944895e-07,2.5154056810253766e-07,2.515921736828012e-07,2.5164375088096444e-07,2.5169529970536775e-07,2.517468201705774e-07,2.5179831229138593e-07,2.518497760827908e-07,2.5190121155718386e-07,2.51952618734191e-07,2.520039976262162e-07,2.5205534824797695e-07,2.521066706143094e-07,2.521579647397422e-07,2.522092306395684e-07,2.522604683333826e-07,2.5231167781952016e-07,2.5236285911902953e-07,2.524140122740583e-07,2.5246513735080804e-07,2.525162341965724e-07,2.525673028334323e-07,2.5261834346957116e-07,2.5266935600545197e-07,2.5272034042786564e-07,2.527712968163228e-07,2.5282222519664694e-07,2.528731254977463e-07,2.529239977970804e-07,2.5297484209052274e-07,2.530256583817445e-07,2.5307644670009715e-07,2.531272070549214e-07,2.5317793946354475e-07,2.5322864394062384e-07,2.532793205008084e-07,2.533299691587426e-07,2.533805899290641e-07,2.5343118282640395e-07,2.5348174786538773e-07,2.535322850606341e-07,2.535827944051252e-07,2.5363327591983686e-07,2.536837297506857e-07,2.5373415566124603e-07,2.53784553775713e-07,2.5383492416735636e-07,2.538852668841874e-07,2.5393558193536485e-07,2.53985869191961e-07,2.5403612873365325e-07,2.540863605957008e-07,2.541365647885707e-07,2.541867413479112e-07,2.5423689024727446e-07,2.5428701153101093e-07,2.543371052425766e-07,2.543871712082161e-07,2.5443720970720505e-07,2.5448722064310217e-07,2.545372040205458e-07,2.545871598839535e-07,2.5463708820258755e-07,2.546869890045952e-07,2.5473686231531417e-07,2.547867081442648e-07,2.5483652644167985e-07,2.5488631735442205e-07,2.5493608082101003e-07,2.5498581686543437e-07,2.5503552551515893e-07,2.55085206697062e-07,2.5513486056984055e-07,2.551844869188526e-07,2.5523408605133193e-07,2.5528365790492455e-07,2.553332023832262e-07,2.5538271958331984e-07,2.5543220950463266e-07,2.5548167213284016e-07,2.555311074958463e-07,2.5558051561030426e-07,2.5562989648957113e-07,2.5567925014731915e-07,2.557285765979683e-07,2.5577787585525986e-07,2.5582714793563816e-07,2.5587639284979176e-07,2.5592561061449196e-07,2.559748012440644e-07,2.560239647556952e-07,2.56073101087232e-07,2.5612221045620074e-07,2.561712925776361e-07,2.562203477420221e-07,2.5626937586288434e-07,2.563183769486086e-07,2.563673510116959e-07,2.5641629801839145e-07,2.5646521808279163e-07,2.5651411116494447e-07,2.5656297727946345e-07,2.566118164535183e-07,2.566606286921602e-07,2.5670941400815975e-07,2.567581724128348e-07,2.5680690392973203e-07,2.568556085623355e-07,2.5690428634793934e-07,2.569529372704063e-07,2.570015613523241e-07,2.5705015861224116e-07,2.57098728918925e-07,2.5714727263348133e-07,2.571957895172912e-07,2.572442796295612e-07,2.5729274304251094e-07,2.5734117966739334e-07,2.573895895740362e-07,2.5743797277202083e-07,2.5748632929538896e-07,2.575346591198316e-07,2.5758296227698687e-07,2.576312386549791e-07,2.5767948852174097e-07,2.5772771177110425e-07,2.5777590840251196e-07,2.5782407846055917e-07,2.578722219769825e-07,2.579203388513032e-07,2.579684291809925e-07,2.5801649295666247e-07,2.5806453022099713e-07,2.5811254095969635e-07,2.5816052519885875e-07,2.5820848295519003e-07,2.5825641424100115e-07,2.5830431906887693e-07,2.583521974592138e-07,2.58400049420355e-07,2.584478749645792e-07,2.5849567410853406e-07,2.585434468666218e-07,2.5859119326611083e-07,2.586389132943156e-07,2.5868660699282094e-07,2.587342743440922e-07,2.587819153802509e-07,2.588295301371755e-07,2.5887711859940776e-07,2.5892468079060915e-07,2.5897221670387267e-07,2.5901972639493495e-07,2.590672098364299e-07,2.591146670579437e-07,2.5916209809345514e-07,2.5920950293813266e-07,2.592568816061268e-07,2.593042341112648e-07,2.5935156045475965e-07,2.59398860675402e-07,2.5944613475908553e-07,2.5949338273764996e-07,2.59540604634573e-07,2.5958780036569443e-07,2.5963497011721097e-07,2.596821138144225e-07,2.5972923147326206e-07,2.59776323115546e-07,2.5982338873802755e-07,2.598704283867081e-07,2.5991744204178175e-07,2.5996442969101803e-07,2.6001139142228566e-07,2.6005832720524136e-07,2.601052370537871e-07,2.6015212100984816e-07,2.6019897905356686e-07,2.602458111999879e-07,2.6029261749172907e-07,2.6033939790350595e-07,2.60386152461909e-07,2.604328811980009e-07,2.6047958411046785e-07,2.6052626121331864e-07,2.6057291254019154e-07,2.6061953809227993e-07,2.6066613787340387e-07,2.607127119100517e-07,2.6075926020530785e-07,2.608057827832704e-07,2.6085227964793263e-07,2.6089875081755533e-07,2.609451963121286e-07,2.609916161921991e-07,2.610380104208475e-07,2.610843789505432e-07,2.611307219078938e-07,2.6117703925881353e-07,2.6122333101220815e-07,2.612695971409387e-07,2.613158377289349e-07,2.613620527570938e-07,2.614082420418921e-07,2.614544060367883e-07,2.615005443974394e-07,2.615466571402071e-07,2.615927445221771e-07,2.61638806469777e-07,2.616848428986873e-07,2.6173085388329377e-07,2.617768394305807e-07,2.6182279952581586e-07,2.618687342403215e-07,2.619146435518121e-07,2.6196052749158246e-07,2.6200638608324144e-07,2.620522193176505e-07,2.6209802721050155e-07,2.6214380978593793e-07,2.621895669838414e-07,2.6223529893896634e-07,2.622810055660633e-07,2.623266869224139e-07,2.62372343045528e-07,2.624179738783133e-07,2.624635794948828e-07,2.625091599293666e-07,2.6255471511489444e-07,2.6260024510736897e-07,2.626457499094575e-07,2.6269122955120377e-07,2.6273668403113087e-07,2.62782113446232e-07,2.628275176601508e-07,2.628728968294338e-07,2.6291825093580944e-07,2.629635799302074e-07,2.6300888376014616e-07,2.6305416268133935e-07,2.630994164472774e-07,2.631446451749362e-07,2.631898488200223e-07,2.63235027458349e-07,2.632801811256936e-07,2.633253097989166e-07,2.6337041355729556e-07,2.634154922876912e-07,2.6346054609205806e-07,2.635055749722285e-07,2.635505789496381e-07,2.635955580147944e-07,2.6364051220778883e-07,2.636854415271284e-07,2.637303459890174e-07,2.637752255963696e-07,2.6382008034902846e-07,2.638649103023729e-07,2.6390971545046875e-07,2.639544957979019e-07,2.6399925141668856e-07,2.640439822876741e-07,2.640886883531091e-07,2.641333696646862e-07,2.641780262508052e-07,2.6422265816358226e-07,2.642672653444642e-07,2.643118477972397e-07,2.6435640561326387e-07,2.6440093869177983e-07,2.644454471941003e-07,2.644899309998858e-07,2.645343901725594e-07,2.64578824802517e-07,2.646232348563722e-07,2.646676203370519e-07,2.647119812209745e-07,2.647563174489309e-07,2.648006291656188e-07,2.648449164141726e-07,2.6488917915053154e-07,2.649334174583548e-07,2.6497763122213245e-07,2.6502182036408654e-07,2.650659851461237e-07,2.651101254839204e-07,2.6515424138621557e-07,2.651983327804627e-07,2.65242399825784e-07,2.6528644248727415e-07,2.6533046075269077e-07,2.65374454664191e-07,2.6541842420206384e-07,2.654623693912982e-07,2.6550629023667174e-07,2.6555018674804363e-07,2.655940589642951e-07,2.6563790687460754e-07,2.656817305291193e-07,2.6572552987900343e-07,2.6576930497304174e-07,2.6581305582185917e-07,2.658567824353375e-07,2.6590048483205743e-07,2.659441630118735e-07,2.6598781701333376e-07,2.6603144684532486e-07,2.6607505249784553e-07,2.6611863399825747e-07,2.661621913516926e-07,2.662057245645663e-07,2.662492336709292e-07,2.662927187035972e-07,2.6633617960439125e-07,2.663796164785639e-07,2.6642302927607403e-07,2.664664180296223e-07,2.6650978276622555e-07,2.6655312344851714e-07,2.6659644012974694e-07,2.66639732803793e-07,2.6668300149085986e-07,2.6672624620777665e-07,2.667694670665897e-07,2.6681266387728607e-07,2.668558367499297e-07,2.668989857005304e-07,2.669421107353702e-07,2.6698521187384416e-07,2.6702828912829396e-07,2.6707134251744826e-07,2.6711437213313986e-07,2.671573778126773e-07,2.6720035965880506e-07,2.6724331768842176e-07,2.6728625190699426e-07,2.6732916233108414e-07,2.6737204897311016e-07,2.6741491184596395e-07,2.6745775095890427e-07,2.6750056633163253e-07,2.675433579730459e-07,2.6758612589645256e-07,2.676288701142757e-07,2.676715906393395e-07,2.6771428748028943e-07,2.6775696065753023e-07,2.677996101476917e-07,2.6784223602290907e-07,2.678848383052852e-07,2.6792741699759876e-07,2.6796997203704974e-07,2.6801250349236294e-07,2.680550113578345e-07,2.6809749572148736e-07,2.681399564677442e-07,2.6818239367166717e-07,2.682248073491987e-07,2.682671975748936e-07,2.683095642306352e-07,2.683519073762333e-07,2.683942270374517e-07,2.684365232508975e-07,2.684787959496414e-07,2.685210452745609e-07,2.6856327110729093e-07,2.686054735858759e-07,2.686476526669549e-07,2.686898083332119e-07,2.6873194063356635e-07,2.6877404956691954e-07,2.688161351623556e-07,2.688581974184549e-07,2.689002363449277e-07,2.6894225195641967e-07,2.6898424426710115e-07,2.690262133417113e-07,2.6906815904416563e-07,2.691100815228288e-07,2.691519807503511e-07,2.6919385674216296e-07,2.692357095025455e-07,2.6927753904878085e-07,2.693193453937695e-07,2.6936112852978876e-07,2.6940288850534887e-07,2.6944462525547345e-07,2.694863388769697e-07,2.6952802940120393e-07,2.6956969679954617e-07,2.6961134108035223e-07,2.696529622703801e-07,2.6969456053112e-07,2.6973613553065596e-07,2.6977768748945497e-07,2.6981921640355506e-07,2.6986072225716575e-07,2.69902205079483e-07,2.6994366484343814e-07,2.699851015841844e-07,2.7002651536845346e-07,2.7006790618776286e-07,2.701092740404823e-07,2.70150618883119e-07,2.701919409277875e-07,2.70233239964183e-07,2.7027451607207744e-07,2.7031576917794093e-07,2.7035699948666586e-07,2.703982069161434e-07,2.704393914800404e-07,2.704805531562109e-07,2.7052169199089785e-07,2.705628080100861e-07,2.706039012305313e-07,2.706449715401752e-07,2.706860190354206e-07,2.7072704384799143e-07,2.7076804590615684e-07,2.7080902519773e-07,2.7084998173667615e-07,2.708909155872952e-07,2.709318266821377e-07,2.709727150764665e-07,2.7101358072414986e-07,2.7105442373600205e-07,2.710952440624779e-07,2.7113604173888486e-07,2.7117681681417195e-07,2.7121756920332543e-07,2.7125829898534546e-07,2.712990061386189e-07,2.7133969073936593e-07,2.7138035270616437e-07,2.714209920335828e-07,2.7146160885814727e-07,2.7150220313163793e-07,2.715427749048014e-07,2.7158332411271567e-07,2.7162385080964617e-07,2.7166435504846046e-07,2.7170483671881656e-07,2.717452959059556e-07,2.717857326583572e-07,2.718261469935399e-07,2.7186653884695656e-07,2.7190690827975324e-07,2.7194725520230603e-07,2.719875797971312e-07,2.7202788200729277e-07,2.720681618367207e-07,2.7210841929693317e-07,2.721486543838348e-07,2.7218886722940376e-07,2.7222905765110027e-07,2.722692257486742e-07,2.723093715291827e-07,2.723494949986238e-07,2.7238959619560657e-07,2.724296751936028e-07,2.724697318996471e-07,2.7250976632423245e-07,2.7254977849600733e-07,2.7258976844105036e-07,2.7262973623979367e-07,2.726696817806661e-07,2.7270960521549514e-07,2.7274950638917814e-07,2.7278938539973617e-07,2.728292422515498e-07,2.7286907696451326e-07,2.729088895378962e-07,2.729486798662955e-07,2.7298844819427626e-07,2.7302819445838566e-07,2.7306791863452785e-07,2.73107620783947e-07,2.7314730084068013e-07,2.7318695882819144e-07,2.73226594788033e-07,2.7326620872523826e-07,2.733058006407112e-07,2.7334537058801174e-07,2.733849183211083e-07,2.734244442922264e-07,2.734639482611185e-07,2.735034303086127e-07,2.735428904220344e-07,2.7358232860686043e-07,2.7362174485495547e-07,2.736611390720795e-07,2.7370051154207173e-07,2.737398621035587e-07,2.737791908240714e-07,2.7381849764741624e-07,2.7385778265231304e-07,2.7389704582270316e-07,2.739362871772998e-07,2.73975506743884e-07,2.740147045320029e-07,2.740538805211634e-07,2.740930347097777e-07,2.74132167161717e-07,2.741712777463747e-07,2.742103666600847e-07,2.7424943386180845e-07,2.7428847927066577e-07,2.743275030554718e-07,2.743665052182459e-07,2.744054856051298e-07,2.7444444433911476e-07,2.744833813185185e-07,2.7452229674739e-07,2.745611905458427e-07,2.746000627059186e-07,2.7463891327159265e-07,2.746777422311047e-07,2.7471654959787264e-07,2.7475533539156636e-07,2.7479409962037363e-07,2.7483284229036556e-07,2.748715634275356e-07,2.749102630327687e-07,2.749489411046851e-07,2.749875977565466e-07,2.750262328418381e-07,2.7506484642802563e-07,2.751034385449671e-07,2.751420091684249e-07,2.751805583976425e-07,2.752190860801903e-07,2.7525759239859395e-07,2.7529607732930316e-07,2.7533454084685917e-07,2.7537298299561674e-07,2.754114037486769e-07,2.754498031521929e-07,2.7548818110713035e-07,2.755265378103872e-07,2.755648731718953e-07,2.7560318720584936e-07,2.7564147992797845e-07,2.7567975135245596e-07,2.757180014829343e-07,2.75756230310853e-07,2.7579443789722644e-07,2.758326243427068e-07,2.758707894452072e-07,2.7590893331661534e-07,2.7594705591752874e-07,2.759851574244194e-07,2.7602323767365647e-07,2.7606129674939577e-07,2.7609933458309754e-07,2.761373513144268e-07,2.76175346895382e-07,2.7621332127192906e-07,2.7625127456128926e-07,2.762892067477628e-07,2.763271178426676e-07,2.7636500783110976e-07,2.764028767516161e-07,2.764407246019755e-07,2.764785513721235e-07,2.7651635711345976e-07,2.7655414182633613e-07,2.7659190550520284e-07,2.766296481546347e-07,2.766673698175679e-07,2.767050704240979e-07,2.767427501077631e-07,2.767804088319871e-07,2.7681804648357775e-07,2.7685566327020705e-07,2.7689325918227e-07,2.7693083414870943e-07,2.769683882006897e-07,2.770059213291689e-07,2.7704343359659756e-07,2.770809249822249e-07,2.7711839550020174e-07,2.771558451474165e-07,2.7719327396432353e-07,2.7723068194773927e-07,2.772680691068216e-07,2.7730543545981363e-07,2.7734278098986244e-07,2.773801057544942e-07,2.774174097443825e-07,2.7745469294415243e-07,2.774919553878562e-07,2.7752919710949984e-07,2.775664181026115e-07,2.776036184323882e-07,2.7764079796500174e-07,2.776779568250479e-07,2.777150950143497e-07,2.7775221251545453e-07,2.7778930935093103e-07,2.7782638553464466e-07,2.7786344107559633e-07,2.7790047598589875e-07,2.779374902723968e-07,2.7797448389632635e-07,2.780114569713349e-07,2.7804840946601024e-07,2.7808534132925373e-07,2.781222526856108e-07,2.7815914348684316e-07,2.781960137419909e-07,2.782328634696231e-07,2.7826969267569736e-07,2.7830650137674143e-07,2.7834328957612996e-07,2.7838005728745686e-07,2.784168044985859e-07,2.7845353126560524e-07,2.784902375821996e-07,2.785269234542451e-07,2.785635888978496e-07,2.786002338924475e-07,2.786368585090008e-07,2.7867346274991475e-07,2.787100465757097e-07,2.7874661002893456e-07,2.7878315311558973e-07,2.7881967584662557e-07,2.7885617823348093e-07,2.7889266029118557e-07,2.789291220305483e-07,2.7896556345747044e-07,2.7900198458047813e-07,2.790383854217364e-07,2.7907476598447103e-07,2.7911112631613157e-07,2.7914746635784514e-07,2.791837861476571e-07,2.792200857042071e-07,2.7925636503840423e-07,2.7929262410384216e-07,2.7932886302339654e-07,2.793650817466945e-07,2.794012803020116e-07,2.794374586893788e-07,2.794736169195414e-07,2.795097549998911e-07,2.7954587294106996e-07,2.795819707628213e-07,2.7961804841368965e-07,2.7965410601224636e-07,2.796901435308016e-07,2.7972616097076596e-07,2.7976215833351986e-07,2.7979813564148004e-07,2.7983409286974297e-07,2.7987003007911143e-07,2.799059472694432e-07,2.7994184444509e-07,2.7997772162454057e-07,2.80013578803241e-07,2.8004941599291295e-07,2.8008523320980517e-07,2.8012103046575396e-07,2.8015680777176216e-07,2.801925651157817e-07,2.8022830255083765e-07,2.802640200652662e-07,2.8029971767264784e-07,2.803353953730359e-07,2.8037105319865154e-07,2.8040669106726524e-07,2.804423091436831e-07,2.8047790737613283e-07,2.805134857349372e-07,2.805490442913452e-07,2.805845830269324e-07,2.806201019498682e-07,2.806556010655936e-07,2.806910803967705e-07,2.807265399506162e-07,2.807619797354135e-07,2.8079739976334664e-07,2.808328000472797e-07,2.808681805863438e-07,2.809035413953083e-07,2.809388824955826e-07,2.8097420389296e-07,2.8100950559147374e-07,2.810447876110027e-07,2.8108004995418414e-07,2.8111529263549053e-07,2.8115051567071167e-07,2.811857190626505e-07,2.8122090282703886e-07,2.812560670051741e-07,2.812912115456355e-07,2.813263364788763e-07,2.8136144186043646e-07,2.8139652763801673e-07,2.8143159384728045e-07,2.814666404939631e-07,2.8150166759792536e-07,2.8153667520132197e-07,2.8157166325751866e-07,2.816066317898899e-07,2.816415808277057e-07,2.816765103701328e-07,2.8171142042525794e-07,2.81746311015702e-07,2.8178118213718204e-07,2.818160338174848e-07,2.818508660580905e-07,2.818856788426177e-07,2.8192047223689716e-07,2.8195524622274423e-07,2.819900008285477e-07,2.8202473603282894e-07,2.8205945184437384e-07,2.820941482977708e-07,2.821288253981449e-07,2.8216348315745036e-07,2.821981215740523e-07,2.8223274067306497e-07,2.822673404633256e-07,2.823019208794881e-07,2.8233648206695766e-07,2.8237102397793375e-07,2.8240554661792794e-07,2.8244004998769997e-07,2.8247453411048756e-07,2.825089989979549e-07,2.825434446646711e-07,2.8257787111450794e-07,2.8261227837701613e-07,2.82646666425989e-07,2.826810352675377e-07,2.827153849311096e-07,2.827497154412684e-07,2.8278402678917894e-07,2.8281831898159093e-07,2.828525920171963e-07,2.8288684594792315e-07,2.829210807552423e-07,2.829552964541538e-07,2.829894930792322e-07,2.830236706217895e-07,2.83057829074601e-07,2.830919684696333e-07,2.831260888181587e-07,2.8316019011312215e-07,2.831942723783969e-07,2.83228335528162e-07,2.832623797555998e-07,2.832964049263968e-07,2.8333041116035386e-07,2.833643984200083e-07,2.833983667015619e-07,2.834323160217005e-07,2.834662463944245e-07,2.835001578339313e-07,2.835340503307962e-07,2.835679239133509e-07,2.8360177858646636e-07,2.836356143533482e-07,2.8366943123473983e-07,2.837032291983919e-07,2.8373700834015834e-07,2.8377076852388563e-07,2.8380450994420175e-07,2.838382325342494e-07,2.8387193629624146e-07,2.839056211937448e-07,2.8393928733096033e-07,2.839729346726201e-07,2.840065632259783e-07,2.84040173004189e-07,2.8407376401791376e-07,2.8410733627435227e-07,2.841408897944848e-07,2.8417442456536844e-07,2.8420794061739625e-07,2.8424143795706044e-07,2.84274916582146e-07,2.8430837652066413e-07,2.843418177598735e-07,2.843752403306267e-07,2.84408644189996e-07,2.8444202944071873e-07,2.8447539603896605e-07,2.84508744006627e-07,2.8454207335700695e-07,2.8457538410323834e-07,2.8460867623034174e-07,2.846419497628922e-07,2.846752047082421e-07,2.8470844101811366e-07,2.8474165880586077e-07,2.847748580657311e-07,2.848080387744396e-07,2.848412008857822e-07,2.8487434453448384e-07,2.849074696713914e-07,2.8494057631255254e-07,2.8497366444787496e-07,2.850067340994754e-07,2.85039785277838e-07,2.8507281800605e-07,2.851058322734535e-07,2.8513882809692096e-07,2.851718054545017e-07,2.852047644205824e-07,2.852377049655698e-07,2.852706271076505e-07,2.8530353085295703e-07,2.8533641620729115e-07,2.853692831990119e-07,2.854021318321044e-07,2.854349620968314e-07,2.8546777403905627e-07,2.855005676271574e-07,2.855333429018273e-07,2.855660998607498e-07,2.8559883851045497e-07,2.8563155888180676e-07,2.8566426092620133e-07,2.8569694473158755e-07,2.8572961026893817e-07,2.8576225756473896e-07,2.857948866012256e-07,2.8582749740781824e-07,2.858600899927053e-07,2.858926643786507e-07,2.859252205378944e-07,2.85957758497458e-07,2.859902782778465e-07,2.860227798793391e-07,2.8605526331599875e-07,2.860877285990301e-07,2.8612017572734806e-07,2.861526047219403e-07,2.861850156069188e-07,2.862174083649497e-07,2.8624978294302085e-07,2.862821395207596e-07,2.8631447797881943e-07,2.8634679837785446e-07,2.863791007075534e-07,2.864113849700204e-07,2.8644365117490613e-07,2.864758993537652e-07,2.865081295157958e-07,2.865403416479341e-07,2.8657253578216223e-07,2.8660471190779e-07,2.866368700751436e-07,2.8666901023082317e-07,2.8670113240446964e-07,2.8673323662643853e-07,2.8676532289668993e-07,2.867973912234557e-07,2.8682944163535456e-07,2.868614741116505e-07,2.868934886690624e-07,2.869254853466098e-07,2.8695746413242845e-07,2.869894250136875e-07,2.870213680286276e-07,2.8705329318662735e-07,2.8708520047521975e-07,2.8711708993025475e-07,2.8714896155862984e-07,2.8718081535349157e-07,2.872126513330516e-07,2.8724446952888317e-07,2.8727626994668424e-07,2.8730805254943917e-07,2.8733981736962835e-07,2.8737156443255974e-07,2.8740329375503614e-07,2.874350053125861e-07,2.87466699061277e-07,2.874983751376059e-07,2.8753003349009786e-07,2.875616741652442e-07,2.8759329713901313e-07,2.876249024216127e-07,2.876564900317713e-07,2.8768805994858553e-07,2.8771961221055413e-07,2.877511468219025e-07,2.8778266377402413e-07,2.8781416312347675e-07,2.878456448494298e-07,2.878771089628645e-07,2.879085554839742e-07,2.879399843441124e-07,2.8797139566477113e-07,2.880027894149038e-07,2.880341656095401e-07,2.880655242400954e-07,2.880968653541618e-07,2.8812818891188223e-07,2.881594949279642e-07,2.8819078346435963e-07,2.882220544688266e-07,2.8825330797919797e-07,2.882845439934689e-07,2.883157625229374e-07,2.883469636021855e-07,2.8837814721961515e-07,2.8840931338011675e-07,2.884404620833327e-07,2.8847159337579024e-07,2.885027072324095e-07,2.8853380368783764e-07,2.885648827398886e-07,2.8859594439709427e-07,2.886269886675505e-07,2.886580155786526e-07,2.8868902509913137e-07,2.8872001726314314e-07,2.8875099209062177e-07,2.8878194957892563e-07,2.888128897422867e-07,2.8884381259637657e-07,2.8887471813100474e-07,2.8890560636597404e-07,2.889364773105453e-07,2.889673309679346e-07,2.889981673491376e-07,2.8902898646335065e-07,2.890597883405776e-07,2.890905729743774e-07,2.8912134037843857e-07,2.8915209055496744e-07,2.8918282350504326e-07,2.8921353924573385e-07,2.8924423780689775e-07,2.892749191786132e-07,2.89305583369386e-07,2.8933623037511183e-07,2.893668602299532e-07,2.893974729752499e-07,2.8942806855559003e-07,2.8945864699534335e-07,2.894892083148941e-07,2.895197525355663e-07,2.895502796425718e-07,2.8958078962948914e-07,2.8961128255350686e-07,2.8964175836095993e-07,2.8967221706019214e-07,2.8970265880005196e-07,2.8973308347201933e-07,2.8976349111308777e-07,2.897938817253691e-07,2.8982425531750756e-07,2.898546118732782e-07,2.8988495149369174e-07,2.8991527406497966e-07,2.899455796691058e-07,2.8997586829110257e-07,2.900061399539212e-07,2.900363946582733e-07,2.90066632417503e-07,2.900968532514891e-07,2.901270571658068e-07,2.901572441428631e-07,2.901874142066753e-07,2.902175673652583e-07,2.902477036429878e-07,2.9027782303913326e-07,2.90307925558613e-07,2.9033801121825416e-07,2.903680800230905e-07,2.9039813197744516e-07,2.9042816704709223e-07,2.9045818528285067e-07,2.904881867676455e-07,2.90518171435432e-07,2.9054813930486086e-07,2.9057809038034623e-07,2.906080246751627e-07,2.906379421747181e-07,2.9066784295306766e-07,2.9069772701669787e-07,2.90727594279356e-07,2.907574448069079e-07,2.9078727862030737e-07,2.9081709563448205e-07,2.9084689600804867e-07,2.908766796806941e-07,2.909064467059489e-07,2.909361970074338e-07,2.9096593063643136e-07,2.909956476841286e-07,2.9102534799196244e-07,2.910550316375696e-07,2.910846986640018e-07,2.911143490626718e-07,2.9114398284703733e-07,2.91173600018939e-07,2.9120320060345314e-07,2.9123278458634583e-07,2.9126235198811505e-07,2.9129190281664577e-07,2.9132143707792736e-07,2.9135095469585074e-07,2.913804558636238e-07,2.914099404886907e-07,2.914394085681269e-07,2.914688601428339e-07,2.914982952083715e-07,2.9152771377573726e-07,2.915571158508648e-07,2.9158650143985324e-07,2.916158705446589e-07,2.9164522319675165e-07,2.9167455938194646e-07,2.917038791301102e-07,2.917331824394914e-07,2.9176246931933716e-07,2.9179173975464897e-07,2.9182099380197967e-07,2.918502314453101e-07,2.918794526764876e-07,2.9190865754177627e-07,2.919378460296913e-07,2.919670181514673e-07,2.919961738943684e-07,2.9202531330517284e-07,2.920544363576158e-07,2.920835430890818e-07,2.92112633511117e-07,2.921417076130987e-07,2.9217076541254673e-07,2.921998069139345e-07,2.922288321087563e-07,2.922578410277951e-07,2.922868336950372e-07,2.9231581009836446e-07,2.9234477025839923e-07,2.9237371416235953e-07,2.924026418365556e-07,2.9243155323778655e-07,2.9246044846775647e-07,2.92489327504214e-07,2.92518190328099e-07,2.9254703698044133e-07,2.9257586745061087e-07,2.926046816755373e-07,2.9263347983941866e-07,2.926622617981785e-07,2.9269102761160186e-07,2.92719777296351e-07,2.927485108320332e-07,2.927772282496782e-07,2.928059295690817e-07,2.928346147775716e-07,2.9286328389045656e-07,2.928919369320855e-07,2.9292057389063367e-07,2.9294919477868064e-07,2.929777995881682e-07,2.930063883489713e-07,2.9303496108797344e-07,2.9306351778566023e-07,2.930920584443072e-07,2.931205830989753e-07,2.931490917357994e-07,2.9317758439790586e-07,2.9320606105784125e-07,2.9323452175080056e-07,2.932629664444355e-07,2.932913951741966e-07,2.93319807976813e-07,2.9334820480922665e-07,2.933765857212269e-07,2.9340495070551166e-07,2.9343329979544616e-07,2.9346163295955786e-07,2.934899502121275e-07,2.9351825157287025e-07,2.9354653704371406e-07,2.935748066297435e-07,2.9360306036424097e-07,2.9363129823745294e-07,2.936595202598081e-07,2.9368772644291214e-07,2.93715916789812e-07,2.937440913116838e-07,2.9377225002086223e-07,2.938003929104926e-07,2.938285200212639e-07,2.9385663132831327e-07,2.938847268547078e-07,2.9391280656272256e-07,2.9394087055639374e-07,2.9396891878571874e-07,2.9399695124888567e-07,2.9402496806990484e-07,2.9405296906295576e-07,2.940809543543242e-07,2.941089239317688e-07,2.9413687778399264e-07,2.9416481593884e-07,2.9419273840602444e-07,2.942206452156538e-07,2.942485363661333e-07,2.942764118423788e-07,2.943042716739546e-07,2.9433211585077563e-07,2.943599444028817e-07,2.9438775732802504e-07,2.9441555463015623e-07,2.944433363264059e-07,2.9447110240627707e-07,2.944988528985357e-07,2.945265877967429e-07,2.9455430711726595e-07,2.9458201086861e-07,2.9460969905654684e-07,2.946373716952401e-07,2.946650287896724e-07,2.946926703492018e-07,2.947202963817356e-07,2.947479068932873e-07,2.947755018937825e-07,2.948030813927358e-07,2.948306453997367e-07,2.948581939219539e-07,2.9488572696802035e-07,2.949132445461066e-07,2.949407466648045e-07,2.949682333324255e-07,2.949957045564001e-07,2.9502316034707723e-07,2.9505060071162366e-07,2.950780256585931e-07,2.951054351968654e-07,2.9513282933435764e-07,2.9516020807938643e-07,2.951875714403059e-07,2.9521491942557514e-07,2.9524225204492504e-07,2.9526956930415825e-07,2.9529687121283427e-07,2.953241577601751e-07,2.953514289947308e-07,2.953786848788416e-07,2.9540592546857266e-07,2.954331507523573e-07,2.9546036073508606e-07,2.9548755548601377e-07,2.9551473489023173e-07,2.955418990182395e-07,2.955690478788725e-07,2.9559618147997306e-07,2.9562329983041506e-07,2.956504029377858e-07,2.956774908118289e-07,2.9570456346094423e-07,2.9573162088923405e-07,2.957586631104098e-07,2.9578569013086867e-07,2.95812701964182e-07,2.958396986091468e-07,2.9586668007573305e-07,2.958936463667545e-07,2.9592059750480423e-07,2.959475334888851e-07,2.9597445433594124e-07,2.960013600444039e-07,2.960282506263398e-07,2.9605512608872127e-07,2.9608198644147934e-07,2.961088316899482e-07,2.9613566185307577e-07,2.961624769192998e-07,2.96189276910106e-07,2.962160618413599e-07,2.962428317013891e-07,2.962695865164147e-07,2.962963262821142e-07,2.963230509257843e-07,2.9634976062196063e-07,2.963764552812911e-07,2.9640313499523647e-07,2.9642979962484437e-07,2.9645644927961207e-07,2.964830839550268e-07,2.965097036565731e-07,2.9653630838147985e-07,2.965628981477278e-07,2.9658947295833745e-07,2.9661603281815095e-07,2.9664257773696707e-07,2.966691077286045e-07,2.9669562279525965e-07,2.96722122944826e-07,2.967486081932826e-07,2.9677507853966886e-07,2.9680153399677483e-07,2.9682797457851466e-07,2.968544002849992e-07,2.96880811121436e-07,2.969072070968455e-07,2.969335882147841e-07,2.9695995450061937e-07,2.9698630595587097e-07,2.970126425830894e-07,2.970389643888653e-07,2.970652713879591e-07,2.970915635743297e-07,2.971178409798266e-07,2.971441035365259e-07,2.9717035137848445e-07,2.9719658444978803e-07,2.9722280276009064e-07,2.972490063182275e-07,2.9727519508435396e-07,2.9730136916116e-07,2.9732752855790234e-07,2.973536731839871e-07,2.9737980309660835e-07,2.9740591827050927e-07,2.974320187749268e-07,2.9745810457777295e-07,2.9748417572538667e-07,2.975102321971472e-07,2.975362739813261e-07,2.975623011265627e-07,2.975883136203862e-07,2.9761431147843036e-07,2.97640294681035e-07,2.976662633865385e-07,2.97692217368455e-07,2.977181568152908e-07,2.9774408157954883e-07,2.977699918452572e-07,2.9779588742979705e-07,2.9782176841640866e-07,2.978476348879108e-07,2.978734867588436e-07,2.978993240771197e-07,2.979251468359728e-07,2.979509550721011e-07,2.979767487416262e-07,2.9800252792551325e-07,2.980282925914568e-07,2.980540427730467e-07,2.980797783981929e-07,2.9810549964004276e-07,2.981312063205477e-07,2.9815689855443753e-07,2.9818257630099386e-07,2.9820823956225183e-07,2.9823388839046314e-07,2.9825952277357665e-07,2.982851427480258e-07,2.9831074829415156e-07,2.983363393583116e-07,2.9836191600767475e-07,2.98387478255306e-07,2.984130261241056e-07,2.984385596029666e-07,2.9846407881170115e-07,2.984895835328004e-07,2.985150738985154e-07,2.9854054985828817e-07,2.985660115058985e-07,2.985914588217985e-07,2.986168918206057e-07,2.9864231049200946e-07,2.986677148283768e-07,2.9869310487561e-07,2.987184806129038e-07,2.9874384205368257e-07,2.9876918922735115e-07,2.987945221024758e-07,2.9881984070561537e-07,2.988451450275777e-07,2.9887043511066874e-07,2.9889571082282354e-07,2.989209724165832e-07,2.989462197800781e-07,2.9897145290126234e-07,2.9899667179108394e-07,2.9902187648459487e-07,2.990470669877132e-07,2.990722432968403e-07,2.990974054214514e-07,2.991225533466116e-07,2.9914768710274123e-07,2.991728066923189e-07,2.991979121501621e-07,2.9922300345949673e-07,2.992480806198988e-07,2.992731436510764e-07,2.992981925571959e-07,2.9932322734016194e-07,2.993482480207545e-07,2.9937325459115473e-07,2.993982470631296e-07,2.994232254520979e-07,2.9944818976270716e-07,2.994731400762521e-07,2.9949807615536025e-07,2.9952299827136733e-07,2.995479063406618e-07,2.9957280036869536e-07,2.995976803632605e-07,2.9962254633398017e-07,2.996473982564127e-07,2.9967223619667877e-07,2.9969706005905587e-07,2.997218700008122e-07,2.9974666595467023e-07,2.997714479282627e-07,2.9979621597009853e-07,2.9982096998638423e-07,2.998457100452291e-07,2.9987043621252786e-07,2.9989514837780905e-07,2.999198466103406e-07,2.9994453091430234e-07,2.9996920129837733e-07,2.99993857772928e-07,3.0001850034118717e-07,3.0004312901434477e-07,3.000677438133471e-07,3.0009234474600676e-07,3.001169317941481e-07,3.001415049539895e-07,3.001660642528898e-07,3.0019060972404586e-07,3.0021514134739693e-07,3.0023965911562114e-07,3.002641630756637e-07,3.0028865315376987e-07,3.003131294581572e-07,3.003375919709224e-07,3.0036204068584587e-07,3.0038647560100363e-07,3.004108967391067e-07,3.004353040894135e-07,3.004596977088757e-07,3.004840775343784e-07,3.005084436153797e-07,3.005327959392001e-07,3.005571345339578e-07,3.0058145939673033e-07,3.006057705683107e-07,3.0063006799032105e-07,3.006543517033619e-07,3.00678621714657e-07,3.007028780264415e-07,3.0072712065614073e-07,3.007513496065368e-07,3.0077556488495776e-07,3.0079976649851753e-07,3.0082395445456453e-07,3.008481287610706e-07,3.0087228942744783e-07,3.008964364568188e-07,3.0092056985827283e-07,3.009446896393536e-07,3.009687958102548e-07,3.009928883758118e-07,3.010169673406215e-07,3.010410327154036e-07,3.0106508450922836e-07,3.0108912272724353e-07,3.011131473768464e-07,3.011371584654005e-07,3.011611559978032e-07,3.0118513998635135e-07,3.01209110435957e-07,3.0123306735396767e-07,3.012570107477224e-07,3.012809406283638e-07,3.0130485699569863e-07,3.0132875986083573e-07,3.013526492311148e-07,3.0137652511386146e-07,3.014003875201981e-07,3.0142423644987346e-07,3.014480719140021e-07,3.014718939237058e-07,3.0149570247869497e-07,3.015194975938658e-07,3.015432792727621e-07,3.015670475226337e-07,3.0159080235081795e-07,3.016145437646136e-07,3.016382717712535e-07,3.016619863780728e-07,3.0168568759239814e-07,3.0170937542154646e-07,3.017330498726338e-07,3.0175671095294044e-07,3.017803586699226e-07,3.01803993030727e-07,3.018276140425899e-07,3.0185122171269347e-07,3.0187481604848823e-07,3.018983970570572e-07,3.0192196474571084e-07,3.019455191217195e-07,3.0196906019233813e-07,3.0199258796469936e-07,3.020161024460132e-07,3.0203960364355177e-07,3.020630915645859e-07,3.0208656621618384e-07,3.021100276059037e-07,3.0213347574045103e-07,3.0215691062746143e-07,3.0218033227390685e-07,3.022037406870304e-07,3.0222713587397247e-07,3.0225051784211483e-07,3.0227388659845983e-07,3.022972421454483e-07,3.023205844998336e-07,3.023439136639196e-07,3.0236722963986127e-07,3.023905324409446e-07,3.0241382207737663e-07,3.0243709854722586e-07,3.0246036186763555e-07,3.024836120361941e-07,3.0250684906473193e-07,3.025300729604152e-07,3.025532837304822e-07,3.0257648139713706e-07,3.0259966593679586e-07,3.0262283737141835e-07,3.026459957089199e-07,3.0266914095634604e-07,3.026922731206482e-07,3.0271539220831586e-07,3.0273849822766994e-07,3.027615911850448e-07,3.0278467108764596e-07,3.02807737942964e-07,3.0283079175738963e-07,3.028538325383948e-07,3.0287686029292005e-07,3.028998750287772e-07,3.02922876752274e-07,3.029458654706628e-07,3.0296884119092583e-07,3.029918039201449e-07,3.0301475366537926e-07,3.0303769043353944e-07,3.0306061423225926e-07,3.0308352506783433e-07,3.0310642294804127e-07,3.0312930787942896e-07,3.031521798694985e-07,3.0317503892471565e-07,3.0319788505233437e-07,3.032207182592709e-07,3.0324353855280317e-07,3.032663459401925e-07,3.032891404276563e-07,3.0331192202252024e-07,3.033346907319199e-07,3.033574465633088e-07,3.033801895225452e-07,3.034029196175714e-07,3.034256368548978e-07,3.0344834124186226e-07,3.0347103278557164e-07,3.034937114924065e-07,3.035163773695112e-07,3.035390304239765e-07,3.035616706632293e-07,3.0358429809356e-07,3.036069127218534e-07,3.0362951455549724e-07,3.036521036012499e-07,3.036746798663277e-07,3.0369724335723e-07,3.0371979408171143e-07,3.0374233204615073e-07,3.0376485725703903e-07,3.037873697217879e-07,3.0380986944755407e-07,3.0383235644048917e-07,3.0385483070870813e-07,3.0387729225772827e-07,3.0389974109547213e-07,3.0392217722852673e-07,3.0394460066367495e-07,3.039670114084163e-07,3.039894094606497e-07,3.040117948357528e-07,3.0403416754886706e-07,3.040565275987853e-07,3.0407887499194e-07,3.0410120972790504e-07,3.041235318291185e-07,3.041458412941688e-07,3.041681381369703e-07,3.041904223575895e-07,3.04212693956827e-07,3.0423495295322794e-07,3.042571993434733e-07,3.0427943314363585e-07,3.043016543559309e-07,3.043238629871278e-07,3.0434605903661977e-07,3.043682425219809e-07,3.043904134512957e-07,3.044125718223708e-07,3.044347176464798e-07,3.0445685100185376e-07,3.044789717505634e-07,3.04501079975308e-07,3.045231756804592e-07,3.045452588738591e-07,3.04567329459982e-07,3.045893876440407e-07,3.0461143335929135e-07,3.046334665653061e-07,3.046554872931341e-07,3.046774955477245e-07,3.0469949133724233e-07,3.0472147466372754e-07,3.047434455434953e-07,3.0476540397754733e-07,3.047873499735417e-07,3.0480928353849445e-07,3.0483120467351627e-07,3.048531133961133e-07,3.0487500970633857e-07,3.0489689361740045e-07,3.049187651257537e-07,3.049406242402041e-07,3.049624708949479e-07,3.0498430525061637e-07,3.0500612723603233e-07,3.050279368565699e-07,3.0504973409127424e-07,3.050715189985167e-07,3.0509329153594735e-07,3.051150517692156e-07,3.0513679967381627e-07,3.0515853525335147e-07,3.051802585163796e-07,3.0520196946888213e-07,3.052236681106702e-07,3.052453544639319e-07,3.052670285111094e-07,3.052886902893371e-07,3.0531033975398996e-07,3.053319769669938e-07,3.0535360193350475e-07,3.053752146478426e-07,3.05396815111541e-07,3.054184033196035e-07,3.0543997926514936e-07,3.0546154301218576e-07,3.0548309453451575e-07,3.0550463384063774e-07,3.055261609362814e-07,3.055476758244168e-07,3.05569178517986e-07,3.0559066902092623e-07,3.056121473409276e-07,3.0563361347625676e-07,3.0565506744817683e-07,3.056765092559545e-07,3.056979389071642e-07,3.057193563629262e-07,3.057407617135017e-07,3.0576215493083567e-07,3.0578353602045727e-07,3.058049049834563e-07,3.058262618261834e-07,3.0584760655891114e-07,3.0586893918747765e-07,3.0589025971939147e-07,3.0591156815842834e-07,3.059328645118241e-07,3.0595414879269194e-07,3.0597542099571227e-07,3.05996681131706e-07,3.060179292094713e-07,3.060391652692198e-07,3.0606038925617803e-07,3.0608160119947026e-07,3.0610280113365996e-07,3.0612398906182606e-07,3.0614516496620207e-07,3.0616632886218374e-07,3.0618748070197393e-07,3.0620862058361805e-07,3.0622974847840495e-07,3.0625086434042947e-07,3.062719682436091e-07,3.062930601499614e-07,3.0631414008972867e-07,3.0633520807311716e-07,3.063562640948099e-07,3.0637730816889937e-07,3.063983403296563e-07,3.064193605307793e-07,3.0644036880255784e-07,3.0646136515242525e-07,3.0648234958643863e-07,3.06503322111274e-07,3.065242827347159e-07,3.065452314680947e-07,3.0656616830495213e-07,3.065870932596975e-07,3.066080063322835e-07,3.0662890754576476e-07,3.066497968886824e-07,3.0667067437357577e-07,3.0669154002728063e-07,3.0671239380819037e-07,3.0673323575468643e-07,3.0675406587820624e-07,3.0677488415185646e-07,3.067956906530452e-07,3.068164853098282e-07,3.0683726813968876e-07,3.0685803922179734e-07,3.0687879847084866e-07,3.0689954593483635e-07,3.0692028163060445e-07,3.069410055490299e-07,3.069617176296445e-07,3.0698241801917306e-07,3.070031066529818e-07,3.0702378350280454e-07,3.070444486266513e-07,3.0706510204480696e-07,3.070857437337767e-07,3.0710637369996894e-07,3.071269919405445e-07,3.0714759848827316e-07,3.0716819331829484e-07,3.071887764487938e-07,3.072093479147057e-07,3.0722990765027774e-07,3.0725045574266256e-07,3.0727099213978756e-07,3.0729151688296153e-07,3.073120299659552e-07,3.073325314029832e-07,3.073530211861654e-07,3.0737349932867416e-07,3.073939658176857e-07,3.0741442073882493e-07,3.074348639981043e-07,3.074552956733994e-07,3.07475715699612e-07,3.074961241351113e-07,3.07516520977925e-07,3.0753690623216534e-07,3.0755727988869655e-07,3.0757764197494675e-07,3.0759799249894735e-07,3.0761833144943587e-07,3.076386588449432e-07,3.076589746847132e-07,3.07679278979407e-07,3.0769957174002507e-07,3.077198529577271e-07,3.0774012265095355e-07,3.07760380823439e-07,3.0778062748124147e-07,3.0780086264498064e-07,3.0782108629026425e-07,3.0784129845047095e-07,3.078614991124789e-07,3.078816883701869e-07,3.0790186607323213e-07,3.0792203229053646e-07,3.0794218705678073e-07,3.079623303714384e-07,3.079824622271365e-07,3.0800258263677597e-07,3.0802269160691297e-07,3.0804278911278265e-07,3.0806287522175997e-07,3.0808294990985494e-07,3.0810301318149543e-07,3.0812306504959614e-07,3.08143105511754e-07,3.081631345777693e-07,3.0818315226705535e-07,3.0820315854551366e-07,3.0822315345615063e-07,3.082431369981052e-07,3.0826310917499244e-07,3.0828306998757034e-07,3.083030194517094e-07,3.083229575976356e-07,3.083428843785772e-07,3.083627998200332e-07,3.0838270392089387e-07,3.0840259669817477e-07,3.084224781698247e-07,3.0844234833477645e-07,3.0846220719490986e-07,3.0848205485656456e-07,3.0850189112728716e-07,3.085217161297396e-07,3.085415298364498e-07,3.0856133227259047e-07,3.085811234325046e-07,3.0860090339452316e-07,3.0862067201420794e-07,3.0864042941466885e-07,3.0866017557642224e-07,3.0867991049851926e-07,3.086996341905419e-07,3.087193466459549e-07,3.0873904791435717e-07,3.08758737954013e-07,3.087784167784036e-07,3.0879808439440014e-07,3.088177408315634e-07,3.0883738606224496e-07,3.0885702012990406e-07,3.0887664302219236e-07,3.0889625473493654e-07,3.0891585529251345e-07,3.0893544469321775e-07,3.0895502294354486e-07,3.08974590056215e-07,3.089941459956232e-07,3.090136908279158e-07,3.090332245329858e-07,3.0905274711688217e-07,3.090722585749407e-07,3.090917589344073e-07,3.091112481911873e-07,3.091307263512404e-07,3.0915019345398673e-07,3.091696494416882e-07,3.091890943368563e-07,3.092085281726071e-07,3.0922795093796484e-07,3.0924736263392343e-07,3.0926676327622223e-07,3.092861528784524e-07,3.093055314352381e-07,3.0932489895405773e-07,3.093442554429428e-07,3.0936360090684644e-07,3.093829353606377e-07,3.094022587928416e-07,3.094215712177601e-07,3.094408726416361e-07,3.094601630588251e-07,3.094794424978358e-07,3.0949871095558715e-07,3.0951796843267546e-07,3.0953721495807167e-07,3.095564505083793e-07,3.095756750935628e-07,3.095948887231415e-07,3.0961409139840475e-07,3.096332831386634e-07,3.0965246394881244e-07,3.0967163382504947e-07,3.0969079277395944e-07,3.097099408086912e-07,3.0972907792857e-07,3.0974820414580796e-07,3.097673194667689e-07,3.097864238995431e-07,3.098055174439205e-07,3.0982460009680296e-07,3.0984367187341554e-07,3.0986273278719384e-07,3.0988178282892055e-07,3.0990082201199675e-07,3.099198503451099e-07,3.099388678328947e-07,3.09957874475281e-07,3.0997687028525804e-07,3.099958552637278e-07,3.100148294183879e-07,3.100337927526644e-07,3.100527452807889e-07,3.1007168700138056e-07,3.100906179219457e-07,3.101095380483017e-07,3.101284473784676e-07,3.101473459379961e-07,3.101662337181959e-07,3.101851107321814e-07,3.102039769711779e-07,3.102228324605735e-07,3.1024167719376916e-07,3.102605111864233e-07,3.102793344244529e-07,3.1029814693286917e-07,3.1031694875095975e-07,3.103357398163272e-07,3.10354520174647e-07,3.1037328980010707e-07,3.10392048698162e-07,3.1041079693016485e-07,3.104295344533859e-07,3.104482612873467e-07,3.104669774489221e-07,3.1048568291099736e-07,3.1050437780298996e-07,3.105230619391575e-07,3.1054173541593735e-07,3.1056039823859617e-07,3.105790504099029e-07,3.105976919496388e-07,3.106163228547117e-07,3.106349430963919e-07,3.1065355274631174e-07,3.1067215179792445e-07,3.1069074020185687e-07,3.107093179991895e-07,3.107278851862723e-07,3.10746441784611e-07,3.1076498779687726e-07,3.1078352321980113e-07,3.108020480032209e-07,3.108205622708659e-07,3.1083906597428153e-07,3.1085755911584875e-07,3.1087604170374433e-07,3.1089451380031803e-07,3.109129752980138e-07,3.1093142623820036e-07,3.1094986665430527e-07,3.1096829654747937e-07,3.1098671590256517e-07,3.110051247469847e-07,3.110235230820502e-07,3.1104191090072933e-07,3.11060288222393e-07,3.110786550625365e-07,3.1109701142166204e-07,3.1111535724458546e-07,3.1113369263933756e-07,3.11152017569363e-07,3.1117033203013964e-07,3.111886360251984e-07,3.112069295260464e-07,3.1122521262424e-07,3.1124348528027e-07,3.1126174750118233e-07,3.1127999929550683e-07,3.112982406618181e-07,3.113164716097753e-07,3.113346922520444e-07,3.1135290236593e-07,3.1137110207576343e-07,3.11389291398736e-07,3.11407470328582e-07,3.1142563886641585e-07,3.114437970062481e-07,3.1146194479555767e-07,3.1148008221632693e-07,3.114982092677217e-07,3.115163259709494e-07,3.115344323119283e-07,3.115525283095574e-07,3.115706139749083e-07,3.115886893006697e-07,3.1160675429981425e-07,3.116248089617967e-07,3.116428532990912e-07,3.1166088734771794e-07,3.1167891107337827e-07,3.1169692450592196e-07,3.1171492756651534e-07,3.1173292046028443e-07,3.1175090302114085e-07,3.1176887526771957e-07,3.117868372763679e-07,3.1180478901570016e-07,3.1182273048909514e-07,3.118406617020892e-07,3.118585826718577e-07,3.118764933959563e-07,3.118943938799251e-07,3.119122841286111e-07,3.1193016414777133e-07,3.1194803394317854e-07,3.1196589352072916e-07,3.1198374288634156e-07,3.120015820439743e-07,3.1201941100890665e-07,3.1203722976983684e-07,3.1205503833449665e-07,3.1207283671981874e-07,3.120906249199247e-07,3.121084029463529e-07,3.1212617080263927e-07,3.121439284953474e-07,3.1216167603308844e-07,3.1217941341965953e-07,3.1219714065991766e-07,3.1221485775922735e-07,3.1223256471203794e-07,3.122502615532046e-07,3.122679482531888e-07,3.122856248440966e-07,3.123032913190368e-07,3.1232094768791524e-07,3.123385939561812e-07,3.1235623012426816e-07,3.1237385621266763e-07,3.1239147223538675e-07,3.1240907813929337e-07,3.124266739843055e-07,3.124442597506783e-07,3.1246183547012173e-07,3.1247940107375783e-07,3.124969566756046e-07,3.125145022298699e-07,3.125320376505587e-07,3.1254956306985087e-07,3.1256707852228956e-07,3.1258458394074847e-07,3.1260207933882933e-07,3.126195647219877e-07,3.1263704009566214e-07,3.126545054652717e-07,3.126719608124015e-07,3.126894061901608e-07,3.1270684158014015e-07,3.1272426698774876e-07,3.127416824183806e-07,3.1275908787748243e-07,3.127764833704083e-07,3.127938689003728e-07,3.12811244475709e-07,3.1282861010263796e-07,3.128459657829409e-07,3.1286331152622854e-07,3.1288064733577333e-07,3.1289797321678835e-07,3.129152891756811e-07,3.1293259521368505e-07,3.1294989134208355e-07,3.1296717756152726e-07,3.1298445388255464e-07,3.130017203042437e-07,3.130189768399499e-07,3.130362234880193e-07,3.130534602558235e-07,3.1307068715011974e-07,3.1308790415526117e-07,3.131051113161763e-07,3.1312230861668567e-07,3.131394960650553e-07,3.13156673616624e-07,3.131738413771655e-07,3.1319099929768675e-07,3.1320814738513094e-07,3.1322528564636767e-07,3.132424140889174e-07,3.132595327125973e-07,3.132766415260163e-07,3.132937405588611e-07,3.133108297668217e-07,3.1332790918018794e-07,3.1334497880418354e-07,3.133620386448314e-07,3.1337908873244325e-07,3.133961290220477e-07,3.1341315954159215e-07,3.1343018033366665e-07,3.134471913339439e-07,3.1346419258152837e-07,3.134811840822017e-07,3.1349816583957907e-07,3.1351513781996035e-07,3.135321001009824e-07,3.135490526672719e-07,3.1356599551710355e-07,3.1358292864288224e-07,3.135998520643512e-07,3.136167657767154e-07,3.13633669796237e-07,3.136505641171178e-07,3.1366744873798226e-07,3.1368432371862985e-07,3.137011890006268e-07,3.1371804466077255e-07,3.13734890502477e-07,3.137517267627955e-07,3.137685533611072e-07,3.137853703158106e-07,3.13802177683495e-07,3.1381897535265844e-07,3.138357633853762e-07,3.1385254178829e-07,3.1386931055462296e-07,3.13886069709386e-07,3.139028192435786e-07,3.139195591211764e-07,3.1393628945574915e-07,3.1395301025201855e-07,3.1396972144035405e-07,3.1398642295020067e-07,3.1400311490323184e-07,3.140197972718205e-07,3.1403647007537485e-07,3.1405313329564395e-07,3.140697869664054e-07,3.140864310639632e-07,3.1410306562995364e-07,3.1411969064495036e-07,3.14136306112158e-07,3.1415291204933656e-07,3.141695084429439e-07,3.141860953149328e-07,3.142026726472025e-07,3.1421924048728674e-07,3.142357988063286e-07,3.142523475952933e-07,3.1426888690577606e-07,3.1428541671116996e-07,3.1430193703632e-07,3.143184478796142e-07,3.1433494924092623e-07,3.143514411497281e-07,3.14367923562969e-07,3.1438439649804007e-07,3.1440085998091937e-07,3.1441731400217283e-07,3.144337585792719e-07,3.1445019371371274e-07,3.1446661940624833e-07,3.1448303566352336e-07,3.1449944249805765e-07,3.1451583990799103e-07,3.1453222791437945e-07,3.1454860649404403e-07,3.145649756538653e-07,3.1458133540745993e-07,3.1459768577546056e-07,3.146140267403133e-07,3.1463035831392114e-07,3.146466805056682e-07,3.146629933188742e-07,3.1467929676262135e-07,3.146955908451059e-07,3.14711875550934e-07,3.147281508705504e-07,3.1474441685076593e-07,3.1476067350586687e-07,3.1477692081647614e-07,3.147931587821247e-07,3.1480938743789284e-07,3.1482560675170316e-07,3.1484181673089256e-07,3.1485801739715274e-07,3.14874208749294e-07,3.1489039079335845e-07,3.149065635445556e-07,3.1492272698625203e-07,3.149388811362818e-07,3.1495502599644364e-07,3.1497116157857273e-07,3.1498728788955934e-07,3.150034049061394e-07,3.150195126782565e-07,3.1503561125482135e-07,3.150517005170636e-07,3.1506778057348855e-07,3.1508385131601897e-07,3.150999128784109e-07,3.151159651416441e-07,3.151320081682293e-07,3.151480419677549e-07,3.151640665496905e-07,3.151800819726862e-07,3.1519608818329016e-07,3.152120851818805e-07,3.1522807299272324e-07,3.1524405149344417e-07,3.152600208455463e-07,3.152759810103732e-07,3.152919319924515e-07,3.153078737975623e-07,3.1532380642737533e-07,3.1533972989174537e-07,3.1535564419161014e-07,3.153715493311634e-07,3.1538744532325495e-07,3.1540333216812995e-07,3.1541920987002845e-07,3.1543507843611467e-07,3.154509378697202e-07,3.1546678817325995e-07,3.1548262935654414e-07,3.154984614503556e-07,3.15514284392108e-07,3.1553009823342545e-07,3.155459029724375e-07,3.155616985802544e-07,3.155774851266594e-07,3.155932625854006e-07,3.156090309731371e-07,3.156247902744016e-07,3.1564054049824875e-07,3.1565628165582454e-07,3.1567201374668555e-07,3.1568773681072306e-07,3.157034507980814e-07,3.157191557300402e-07,3.157348516170195e-07,3.1575053845753416e-07,3.157662162699517e-07,3.157818850555698e-07,3.157975448140957e-07,3.1581319555461363e-07,3.15828837273417e-07,3.158444699877289e-07,3.1586009369337624e-07,3.158757084028386e-07,3.158913141156001e-07,3.1590691084391167e-07,3.1592249857774465e-07,3.159380773377515e-07,3.1595364712231496e-07,3.1596920793333314e-07,3.159847597759842e-07,3.1600030266436924e-07,3.1601583658780797e-07,3.160313615643582e-07,3.16046877567588e-07,3.1606238460763937e-07,3.160778827209476e-07,3.160933719407317e-07,3.161088522106187e-07,3.161243235810974e-07,3.161397860298756e-07,3.1615523956995527e-07,3.161706842031442e-07,3.1618611999477686e-07,3.162015468418178e-07,3.1621696477768605e-07,3.162323738256891e-07,3.162477739965342e-07,3.1626316528120927e-07,3.162785477080343e-07,3.162939212570274e-07,3.1630928593585627e-07,3.163246417536326e-07,3.163399887040827e-07,3.163553268084851e-07,3.1637065607478254e-07,3.163859765153774e-07,3.164012881068214e-07,3.1641659086858347e-07,3.1643188479754863e-07,3.16447169916495e-07,3.164624462302372e-07,3.1647771374958747e-07,3.164929724283037e-07,3.1650822226406266e-07,3.1652346334087474e-07,3.1653869562280456e-07,3.1655391918219746e-07,3.1656913389540103e-07,3.1658433983204143e-07,3.1659953699493107e-07,3.166147253774392e-07,3.16629905075786e-07,3.166450759573138e-07,3.166602380669346e-07,3.166753914732756e-07,3.1669053609791076e-07,3.1670567197634216e-07,3.1672079918197474e-07,3.167359175960846e-07,3.167510272830013e-07,3.1676612832384895e-07,3.1678122057153843e-07,3.167963040975806e-07,3.168113790150927e-07,3.1682644513109225e-07,3.1684150255890624e-07,3.168565513454611e-07,3.1687159139354687e-07,3.1688662279384754e-07,3.169016454924726e-07,3.1691665949385103e-07,3.1693166483955483e-07,3.1694666151428336e-07,3.1696164952883036e-07,3.169766288878343e-07,3.169915995908585e-07,3.170065616536259e-07,3.170215150742227e-07,3.1703645985758217e-07,3.170513960089576e-07,3.170663235335793e-07,3.1708124243532653e-07,3.170961527184879e-07,3.1711105438762776e-07,3.1712594744793077e-07,3.1714083193418553e-07,3.1715570773665424e-07,3.171705749987389e-07,3.171854337005853e-07,3.1720028378392563e-07,3.1721512524855925e-07,3.172299581781134e-07,3.172447825359115e-07,3.1725959833762717e-07,3.172744055724116e-07,3.172892042454688e-07,3.1730399436168984e-07,3.173187759493139e-07,3.173335489748926e-07,3.173483134612197e-07,3.1736306937926805e-07,3.17377816798088e-07,3.1739255569463374e-07,3.174072860708075e-07,3.1742200792981916e-07,3.174367213064662e-07,3.1745142610431307e-07,3.17466122450143e-07,3.174808102921983e-07,3.174954896414667e-07,3.1751016050219095e-07,3.1752482287753796e-07,3.175394767900998e-07,3.1755412217520056e-07,3.175687591341061e-07,3.1758338766776707e-07,3.1759800770024156e-07,3.176126192685002e-07,3.176272223695136e-07,3.176418170429441e-07,3.176564032669829e-07,3.176709810553639e-07,3.176855504247049e-07,3.1770011137143636e-07,3.177146638683831e-07,3.177292080253412e-07,3.1774374369393165e-07,3.177582709469509e-07,3.177727897991637e-07,3.1778730025029897e-07,3.1780180229954624e-07,3.17816296041561e-07,3.1783078132621214e-07,3.1784525822742264e-07,3.1785972674087656e-07,3.1787418687821373e-07,3.1788863864305156e-07,3.179030820454866e-07,3.179175170849609e-07,3.179319437616566e-07,3.179463620870946e-07,3.1796077207704545e-07,3.1797517369753386e-07,3.179895670056048e-07,3.180039519891024e-07,3.180183286329728e-07,3.180326969524709e-07,3.180470569605311e-07,3.180614086328681e-07,3.1807575202104437e-07,3.180900870913685e-07,3.1810441382280446e-07,3.181187323090044e-07,3.181330424843725e-07,3.1814734436387633e-07,3.181616379667757e-07,3.181759232631733e-07,3.1819020031157996e-07,3.1820446909022525e-07,3.182187295770671e-07,3.1823298182631973e-07,3.1824722581940355e-07,3.1826146156163615e-07,3.1827568905574593e-07,3.1828990821422094e-07,3.183041192247436e-07,3.183183220059147e-07,3.18332516551955e-07,3.183467028682429e-07,3.183608810320394e-07,3.1837505091356375e-07,3.1838921257234057e-07,3.1840336602960404e-07,3.1841751135354783e-07,3.1843164841323934e-07,3.184457772769365e-07,3.184598979554195e-07,3.184740104436332e-07,3.184881147606892e-07,3.185022108892603e-07,3.185162988456786e-07,3.18530378633126e-07,3.1854445030789154e-07,3.185585137696816e-07,3.1857256907966406e-07,3.1858661623607984e-07,3.1860065523362095e-07,3.186146861128633e-07,3.1862870884438477e-07,3.186427234537027e-07,3.1865672991106924e-07,3.1867072826252444e-07,3.186847184889832e-07,3.18698700600179e-07,3.187126746064524e-07,3.1872664050360014e-07,3.187405982752042e-07,3.1875454796857677e-07,3.187684895441459e-07,3.1878242305615945e-07,3.1879634847503536e-07,3.18810265796117e-07,3.188241751016215e-07,3.188380762916579e-07,3.1885196940393786e-07,3.1886585446751564e-07,3.1887973147485703e-07,3.188936004267046e-07,3.18907461334388e-07,3.189213141654382e-07,3.1893515897746986e-07,3.1894899578300593e-07,3.189628245205935e-07,3.1897664524679016e-07,3.1899045794713635e-07,3.190042626270502e-07,3.190180592945145e-07,3.1903184797851903e-07,3.190456286192584e-07,3.1905940126844925e-07,3.190731659002647e-07,3.190869225106823e-07,3.1910067116913595e-07,3.191144118672688e-07,3.191281445706349e-07,3.1914186933930614e-07,3.1915558609809926e-07,3.1916929488563377e-07,3.1918299571488235e-07,3.191966885800746e-07,3.1921037349789755e-07,3.192240504630862e-07,3.1923771947960893e-07,3.1925138056392757e-07,3.192650337072769e-07,3.1927867891678776e-07,3.1929231625101327e-07,3.193059456071785e-07,3.1931956704503e-07,3.1933318056945923e-07,3.193467861816904e-07,3.1936038388549707e-07,3.1937397368495165e-07,3.193875555878825e-07,3.194011295937685e-07,3.1941469570997726e-07,3.1942825395223964e-07,3.1944180430905346e-07,3.1945534671861416e-07,3.194688813064197e-07,3.1948240804098607e-07,3.194959269075255e-07,3.19509437960182e-07,3.19522941102142e-07,3.195364363974112e-07,3.1954992382629844e-07,3.1956340343331627e-07,3.195768752006092e-07,3.195903391353609e-07,3.1960379524035887e-07,3.196172435207491e-07,3.1963068397718454e-07,3.19644116617125e-07,3.1965754144192125e-07,3.196709584564675e-07,3.1968436766853137e-07,3.196977690806597e-07,3.1971116269475106e-07,3.197245485173986e-07,3.197379265416849e-07,3.1975129679068554e-07,3.197646592607104e-07,3.197780139548323e-07,3.197913608781669e-07,3.1980470003350115e-07,3.1981803142693353e-07,3.1983135506976245e-07,3.1984467095007555e-07,3.198579790787989e-07,3.198712794584238e-07,3.1988457210763443e-07,3.1989785701207457e-07,3.1991113418388344e-07,3.1992440362640935e-07,3.1993766534409696e-07,3.199509193390774e-07,3.199641656178128e-07,3.1997740418534573e-07,3.199906350434102e-07,3.2000385821331606e-07,3.200170736666772e-07,3.2003028142633355e-07,3.2004348149389647e-07,3.200566738734161e-07,3.200698585684677e-07,3.200830355829501e-07,3.2009620492367424e-07,3.201093665933031e-07,3.2012252059620565e-07,3.201356669403662e-07,3.20148805622959e-07,3.2016193664982495e-07,3.201750600262199e-07,3.201881757552333e-07,3.2020128384428207e-07,3.2021438429665984e-07,3.2022747711374547e-07,3.2024056230053326e-07,3.202536398664506e-07,3.2026670980711966e-07,3.202797721334835e-07,3.2029282683820665e-07,3.203058739396852e-07,3.203189134477127e-07,3.203319453234571e-07,3.2034496962336484e-07,3.2035798633016973e-07,3.203709954478188e-07,3.203839969710574e-07,3.2039699092616147e-07,3.204099772924209e-07,3.204229560994544e-07,3.2043592733773636e-07,3.2044889101221706e-07,3.2046184714696395e-07,3.2047479570583117e-07,3.2048773671127154e-07,3.2050067017238406e-07,3.2051359608720683e-07,3.2052651446508184e-07,3.205394253125841e-07,3.205523286219126e-07,3.205652244097955e-07,3.205781126709702e-07,3.205909934332079e-07,3.206038666148133e-07,3.2061673235152383e-07,3.2062959055467934e-07,3.2064244125259333e-07,3.2065528445915147e-07,3.2066812017331753e-07,3.206809484013879e-07,3.2069376913766356e-07,3.207065823917466e-07,3.207193881441536e-07,3.2073218644528896e-07,3.207449772767489e-07,3.2075776064041477e-07,3.2077053656007255e-07,3.2078330500669957e-07,3.2079606605876655e-07,3.2080881960116075e-07,3.208215656966004e-07,3.2083430435188183e-07,3.2084703556699947e-07,3.2085975936835483e-07,3.2087247571949903e-07,3.208851846326101e-07,3.2089788613580223e-07,3.20910580222838e-07,3.2092326689466455e-07,3.2093594616192604e-07,3.209486180176872e-07,3.20961282471439e-07,3.209739395295453e-07,3.2098658919148814e-07,3.209992314639213e-07,3.2101186633650245e-07,3.2102449384328196e-07,3.210371139716871e-07,3.2104972672466564e-07,3.2106233210876055e-07,3.2107493014033916e-07,3.2108752079567446e-07,3.2110010408961115e-07,3.2111267999690253e-07,3.2112524858864034e-07,3.211378098361273e-07,3.211503637414825e-07,3.211629103088785e-07,3.211754495405312e-07,3.211879814629949e-07,3.212005060425158e-07,3.212130232994959e-07,3.212255332360521e-07,3.212380358631992e-07,3.2125053117516923e-07,3.212630191807582e-07
16,0.0,0.0,0.0,0.0,0.0,0.0,0.0,0.0,0.0,0.0,0.0,0.0,0.0,0.0,0.0,0.0,0.0,0.0,0.0,0.0,0.0,0.0,0.0,0.0,0.0,0.0,0.0,0.0,0.0,0.0,0.0,0.0,0.0,0.0,0.0,0.0,0.0,0.0,0.0,0.0,0.0,0.0,0.0,0.0,0.0,0.0,0.0,0.0,0.0,0.0,0.0,0.0,0.0,0.0,0.0,0.0,0.0,0.0,0.0,0.0,0.0,0.0,0.0,0.0,0.0,0.0,0.0,0.0,0.0,0.0,0.0,0.0,0.0,0.0,0.0,0.0,0.0,0.0,0.0,0.0,0.0,0.0,0.0,0.0,0.0,0.0,0.0,0.0,0.0,0.0,0.0,0.0,0.0,0.0,0.0,0.0,0.0,0.0,0.0,0.0,0.0,0.0,0.0,0.0,0.0,0.0,0.0,0.0,0.0,0.0,0.0,0.0,0.0,0.0,0.0,0.0,0.0,0.0,0.0,0.0,0.0,0.0,0.0,0.0,0.0,0.0,0.0,0.0,0.0,0.0,0.0,0.0,0.0,0.0,0.0,0.0,0.0,0.0,0.0,0.0,0.0,0.0,0.0,0.0,0.0,0.0,0.0,0.0,0.0,0.0,0.0,0.0,0.0,0.0,0.0,0.0,0.0,0.0,0.0,0.0,0.0,0.0,0.0,0.0,0.0,0.0,0.0,0.0,0.0,0.0,0.0,0.0,0.0,0.0,0.0,0.0,0.0,0.0,0.0,0.0,0.0,0.0,0.0,0.0,0.0,0.0,0.0,0.0,0.0,0.0,0.0,0.0,0.0,0.0,0.0,0.0,0.0,0.0,0.0,0.0,0.0,0.0,0.0,0.0,0.0,0.0,0.0,0.0,0.0,0.0,0.0,0.0,0.0,0.0,0.0,0.0,0.0,0.0,0.0,0.0,0.0,0.0,0.0,0.0,0.0,0.0,0.0,0.0,0.0,0.0,0.0,0.0,0.0,0.0,0.0,0.0,0.0,0.0,0.0,0.0,0.0,0.0,0.0,0.0,0.0,0.0,0.0,0.0,0.0,0.0,0.0,0.0,0.0,0.0,0.0,0.0,0.0,0.0,0.0,0.0,0.0,0.0,0.0,0.0,0.0,0.0,0.0,0.0,0.0,0.0,0.0,0.0,0.0,0.0,0.0,0.0,0.0,0.0,0.0,0.0,0.0,0.0,0.0,0.0,0.0,0.0,0.0,0.0,0.0,0.0,0.0,0.0,0.0,0.0,0.0,0.0,0.0,0.0,0.0,0.0,0.0,0.0,0.0,0.0,0.0,0.0,0.0,0.0,0.0,0.0,0.0,0.0,0.0,0.0,0.0,0.0,0.0,0.0,0.0,0.0,0.0,0.0,0.0,0.0,0.0,0.0,0.0,0.0,0.0,0.0,0.0,0.0,0.0,0.0,0.0,0.0,0.0,0.0,0.0,0.0,0.0,0.0,0.0,0.0,0.0,0.0,0.0,0.0,0.0,0.0,0.0,0.0,0.0,0.0,0.0,0.0,0.0,0.0,0.0,0.0,0.0,0.0,0.0,0.0,0.0,0.0,0.0,0.0,0.0,0.0,0.0,0.0,0.0,0.0,0.0,0.0,0.0,0.0,0.0,0.0,0.0,0.0,0.0,0.0,0.0,0.0,0.0,0.0,0.0,0.0,0.0,0.0,0.0,0.0,0.0,0.0,0.0,0.0,0.0,0.0,0.0,0.0,0.0,0.0,0.0,0.0,0.0,0.0,0.0,0.0,0.0,0.0,0.0,0.0,0.0,0.0,0.0,0.0,0.0,0.0,0.0,0.0,0.0,0.0,0.0,0.0,0.0,0.0,0.0,0.0,0.0,0.0,0.0,0.0,0.0,0.0,0.0,0.0,0.0,0.0,0.0,0.0,0.0,0.0,0.0,0.0,0.0,0.0,0.0,0.0,0.0,0.0,0.0,0.0,0.0,0.0,0.0,0.0,0.0,0.0,0.0,0.0,0.0,0.0,0.0,0.0,0.0,0.0,0.0,0.0,0.0,0.0,0.0,0.0,0.0,0.0,0.0,0.0,0.0,0.0,0.0,0.0,0.0,0.0,0.0,0.0,0.0,0.0,0.0,0.0,0.0,0.0,0.0,0.0,0.0,0.0,0.0,0.0,0.0,0.0,0.0,0.0,0.0,0.0,0.0,0.0,0.0,0.0,0.0,0.0,0.0,0.0,0.0,0.0,0.0,0.0,0.0,0.0,0.0,0.0,0.0,0.0,0.0,0.0,0.0,0.0,0.0,0.0,0.0,0.0,0.0,0.0,0.0,0.0,0.0,0.0,0.0,0.0,0.0,0.0,0.0,0.0,0.0,0.0,0.0,0.0,0.0,0.0,0.0,0.0,0.0,0.0,0.0,0.0,0.0,0.0,0.0,0.0,0.0,0.0,0.0,0.0,0.0,0.0,0.0,0.0,0.0,0.0,0.0,0.0,0.0,0.0,0.0,0.0,0.0,0.0,0.0,0.0,0.0,0.0,0.0,0.0,0.0,0.0,0.0,0.0,0.0,0.0,0.0,0.0,0.0,0.0,0.0,0.0,0.0,0.0,0.0,0.0,0.0,0.0,0.0,0.0,0.0,0.0,0.0,0.0,0.0,0.0,0.0,0.0,0.0,0.0,0.0,0.0,0.0,0.0,0.0,0.0,0.0,0.0,0.0,0.0,0.0,0.0,0.0,0.0,0.0,0.0,0.0,0.0,0.0,0.0,0.0,0.0,0.0,0.0,0.0,0.0,0.0,0.0,0.0,0.0,0.0,0.0,0.0,0.0,0.0,0.0,0.0,0.0,0.0,0.0,0.0,0.0,0.0,0.0,0.0,0.0,0.0,0.0,0.0,0.0,0.0,0.0,0.0,0.0,0.0,0.0,0.0,0.0,0.0,0.0,0.0,0.0,0.0,0.0,0.0,0.0,0.0,0.0,0.0,0.0,0.0,0.0,0.0,0.0,0.0,0.0,0.0,0.0,0.0,0.0,0.0,0.0,0.0,0.0,0.0,0.0,0.0,0.0,0.0,0.0,0.0,0.0,0.0,0.0,0.0,0.0,0.0,0.0,0.0,0.0,0.0,0.0,0.0,0.0,0.0,0.0,0.0,0.0,0.0,0.0,0.0,0.0,0.0,0.0,0.0,0.0,0.0,0.0,0.0,0.0,0.0,0.0,0.0,0.0,0.0,0.0,0.0,0.0,0.0,0.0,0.0,0.0,0.0,0.0,0.0,0.0,0.0,0.0,0.0,0.0,0.0,0.0,0.0,0.0,0.0,0.0,0.0,0.0,0.0,0.0,0.0,0.0,0.0,0.0,0.0,0.0,0.0,0.0,0.0,0.0,0.0,0.0,0.0,0.0,0.0,0.0,0.0,0.0,0.0,0.0,0.0,0.0,0.0,0.0,0.0,0.0,0.0,0.0,0.0,0.0,0.0,0.0,0.0,0.0,0.0,0.0,0.0,0.0,0.0,0.0,0.0,0.0,0.0,0.0,0.0,0.0,0.0,0.0,0.0,0.0,0.0,0.0,0.0,0.0,0.0,0.0,0.0,0.0,0.0,0.0,0.0,0.0,0.0,0.0,0.0,0.0,0.0,0.0,0.0,0.0,0.0,0.0,0.0,0.0,0.0,0.0,0.0,0.0,0.0,0.0,0.0,0.0,0.0,0.0,0.0,0.0,0.0,0.0,0.0,0.0,0.0,0.0,0.0,0.0,0.0,0.0,0.0,0.0,0.0,0.0,0.0,0.0,0.0,0.0,0.0,0.0,0.0,0.0,0.0,0.0,0.0,0.0,0.0,0.0,0.0,0.0,0.0,0.0,0.0,0.0,0.0,0.0,0.0,0.0,0.0,0.0,0.0,0.0,0.0,0.0,0.0,0.0,0.0,0.0,0.0,0.0,0.0,0.0,0.0,0.0,0.0,0.0,0.0,0.0,0.0,0.0,0.0,0.0,0.0,0.0,0.0,0.0,0.0,0.0,0.0,0.0,0.0,0.0,0.0,0.0,0.0,0.0,0.0,0.0,0.0,0.0,0.0,0.0,0.0,0.0,0.0,0.0,0.0,0.0,0.0,0.0,0.0,0.0,0.0,0.0,0.0,0.0,0.0,0.0,0.0,0.0,0.0,0.0,0.0,0.0,0.0,0.0,0.0,0.0,0.0,0.0,0.0,0.0,0.0,0.0,0.0,0.0,0.0,0.0,0.0,0.0,0.0,0.0,0.0,0.0,0.0,0.0,0.0,0.0,0.0,0.0,0.0,0.0,0.0,0.0,0.0,0.0,0.0,0.0,0.0,0.0,0.0,0.0,0.0,0.0,0.0,0.0,0.0,0.0,0.0,0.0,0.0,0.0,1.3660058620078058e-24,4.1562219102912936e-24,7.913455064118682e-24,1.2182908116944599e-23,1.6699171475409703e-23,2.13364294343264e-23,2.604842497689682e-23,3.082909511168851e-23,3.5690422047644384e-23,4.065098737995444e-23,4.573055669884241e-23,5.0947864089759586e-23,5.631999369397081e-23,6.186249033611398e-23,6.75897508379387e-23,7.35154786195881e-23,7.965310722890828e-23,8.601616081247638e-23,9.261854869261726e-23,9.94748035517161e-23,1.0660027607997925e-22,1.140112987905758e-22,1.2172532973620149e-22,1.297610848649949e-22,1.381386657799591e-22,1.4687968806517523e-22,1.5600741443275027e-22,1.6554689565452774e-22,1.7552512234103334e-22,1.8597118959556136e-22,1.9691647719847e-22,2.0839484726324004e-22,2.2044286201326895e-22,2.3310002552541003e-22,2.4640903565284365e-22,2.604161139691987e-22,2.7517127823597205e-22,2.907287423765128e-22,3.0714730118854494e-22,3.2449077583486804e-22,3.428285075217866e-22,3.6223590799202795e-22,3.8279507240303366e-22,4.045954637344068e-22,4.2773468000654725e-22,4.523193069571457e-22,4.784658855120789e-22,5.063019776579638e-22,5.359673957991071e-22,5.676155553251007e-22,6.014150181975357e-22,6.375512322489084e-22,6.76228498733423e-22,7.176722038839871e-22,7.621313519788793e-22,8.098814466468883e-22,8.61227776765369e-22,9.165091631284945e-22,9.761022572138656e-22,1.0404264574243433e-21,1.1099495657426858e-21,1.1851943001824006e-21,1.2667458117077043e-21,1.3552603819643816e-21,1.4514755057427532e-21,1.5562216236319447e-21,1.6704357855577327e-21,1.795177637945223e-21,1.9316481328513083e-21,2.081211559008313e-21,2.245421477538112e-21,2.4260514182149747e-21,2.6251312862530316e-21,2.8449907004874895e-21,3.088310765617082e-21,3.358186124248694e-21,3.658199636807975e-21,3.992512587046434e-21,4.3659740978963136e-21,4.784254407858967e-21,5.254007937186156e-21,5.783073729583692e-21,6.380723031339773e-21,7.05796665311583e-21,7.827938601593945e-21,8.706377566656268e-21,9.71223482322358e-21,1.0868446464131803e-20,1.2202920923397378e-20,1.374981027192398e-20,1.555115915042504e-20,1.7659059726632125e-20,2.0138491168229865e-20,2.307109371463686e-20,2.6560231234571045e-20,3.07378494224982e-20,3.5773864362047883e-20,4.1889160183980535e-20,4.937380146781861e-20,5.86128850221501e-20,7.012375165786545e-20,8.461036476952109e-20,1.0304408706644905e-19,1.267858274658304e-19,1.5777437397464097e-19,1.9882303273826863e-19,2.540979492074404e-19,3.299096486371097e-19,4.360611814963018e-19,5.882193233127939e-19,8.122385690469725e-19,1.1523745737728825e-18,1.6876269064790127e-18,2.5660327903189646e-18,4.0811844072387985e-18,6.855579623945396e-18,1.2318209795039654e-17,2.407667338741428e-17,5.233863329065371e-17,1.3016772767847598e-16,3.8245440006353217e-16,1.360466616361536e-15,5.800372666145043e-15,2.7629857321515656e-14,1.3137465473101237e-13,5.606245829445644e-13,2.0064092147361407e-12,5.890637098675168e-12,1.4331608342762323e-11,2.958494157357385e-11,5.316230729745245e-11,8.510279811325678e-11,1.2381099308699439e-10,1.6658972410215452e-10,2.105288900974138e-10,2.531713693993709e-10,2.9273859856318684e-10,3.280936706546635e-10,3.586323026527704e-10,3.841686827910633e-10,4.048255918736144e-10,4.2093287209080987e-10,4.3294090081485674e-10,4.4135359149481034e-10,4.466812369372367e-10,4.494104132661979e-10,4.499869340624933e-10,4.488079476450948e-10,4.462199862787555e-10,4.425206179828817e-10,4.379620878851048e-10,4.3275589855631335e-10,4.2707767600622827e-10,4.210719348005703e-10,4.148565290768418e-10,4.0852668534842197e-10,4.02158580074588e-10,3.958124647455078e-10,3.895353637469973e-10,3.833633815664775e-10,3.773236608572248e-10,3.71436033317464e-10,3.657144038274266e-10,3.601679049236377e-10,3.5480185534049664e-10,3.49618552387086e-10,3.44617924052759e-10,3.3979806366876537e-10,3.351556660919842e-10,3.306863821366586e-10,3.263851050733847e-10,3.2224620099562625e-10,3.1826369290786617e-10,3.144314067769714e-10,3.107430864362361e-10,3.0719248304653756e-10,3.037734238567095e-10,3.004798641670995e-10,2.9730592575451835e-10,2.942459243915839e-10,2.912943886320148e-10,2.8844607171566455e-10,2.8569595794771315e-10,2.830392648514683e-10,2.804714420000309e-10,2.779881673342689e-10,2.7558534158994453e-10,2.732590813528639e-10,2.7100571114818097e-10,2.6882175489455476e-10,2.6670392696166247e-10,2.646491230620427e-10,2.626544111088122e-10,2.607170221769814e-10,2.588343416448729e-10,2.5700390059288713e-10,2.5522336750714367e-10,2.534905403180327e-10,2.518033387925356e-10,2.501597972917837e-10,2.4855805791534103e-10,2.469963639894923e-10,2.454730539486977e-10,2.439865555386136e-10,2.425353803882264e-10,2.4111811890458363e-10,2.3973343546479233e-10,2.3838006393476843e-10,2.37056803435916e-10,2.35762514436407e-10,2.3449611501847273e-10,2.332565774459687e-10,2.3204292492979458e-10,2.3085422861156776e-10,2.2968960473991904e-10,2.2854821201442226e-10,2.27429249138248e-10,2.2633195247754592e-10,2.2576921918678005e-10,2.2470465915693267e-10,2.2365909432724934e-10,2.2263255883288545e-10,2.21624589101375e-10,2.206346387803454e-10,2.196621562942354e-10,2.1870660519018145e-10,2.1776746929114286e-10,2.1684425349238602e-10,2.159364831554305e-10,2.150437032587543e-10,2.141654773731007e-10,2.1330138676208645e-10,2.1245102947336555e-10,2.1161401950452362e-10,2.1078998599937784e-10,2.0997857249753524e-10,2.0917943623759218e-10,2.083922474888433e-10,2.0761668892159194e-10,2.0685245502407516e-10,2.0609925154206968e-10,2.0535679494592526e-10,2.0462481195835937e-10,2.0390303905370314e-10,2.0319122203601045e-10,2.0248911561181062e-10,2.0179648299860202e-10,2.011130955390263e-10,2.004387323678959e-10,1.9977318375235857e-10,1.9911623597927282e-10,1.9846769322552978e-10,1.9782736254501953e-10,1.9719505723163716e-10,1.9657059657644248e-10,1.9595380563153283e-10,1.9534451495684953e-10,1.947425604123557e-10,1.9414778293695125e-10,1.9356002837362075e-10,1.929791472324779e-10,1.9240499454429862e-10,1.91837429676161e-10,1.9127631615948596e-10,1.907215215379563e-10,1.9017291721416988e-10,1.8963037830748404e-10,1.8909378352055462e-10,1.885630149902173e-10,1.880379581828561e-10,1.8751850175791015e-10,1.8700453747912175e-10,1.8649596007108883e-10,1.8599266713252896e-10,1.8549455903887945e-10,1.8500153883051082e-10,1.8451351213772353e-10,1.8403038708644746e-10,1.8355207420379892e-10,1.8307848635314715e-10,1.8260953863356271e-10,1.8214514834478832e-10,1.816852348795546e-10,1.8122971965848178e-10,1.8077852607257994e-10,1.8033157942261436e-10,1.7988880685551766e-10,1.794501372994642e-10,1.790155014134499e-10,1.785848315361035e-10,1.7815806162365786e-10,1.7773512721010055e-10,1.7731596535079784e-10,1.7690051458118656e-10,1.7648871485367844e-10,1.760805075616189e-10,1.7567583540181967e-10,1.7527464238000652e-10,1.7487687379492066e-10,1.7448247615941418e-10,1.7409139718884475e-10,1.7370358576871125e-10,1.7331899193038987e-10,1.7293756676463395e-10,1.7255926244371446e-10,1.721840321817405e-10,1.718118301976666e-10,1.7144261168668928e-10,1.7107633279954835e-10,1.7071295061219123e-10,1.7035242309155015e-10,1.6999470910747516e-10,1.6963976835755646e-10,1.6928756136874362e-10,1.6893804950837256e-10,1.6859119487669077e-10,1.6824696037992867e-10,1.6790530966028955e-10,1.6756620708362616e-10,1.6722961773112998e-10,1.6689550735207742e-10,1.6656384239520472e-10,1.6623458994599982e-10,1.659077177336335e-10,1.6558319410987847e-10,1.6526098803107103e-10,1.6494106905521996e-10,1.6462340729656568e-10,1.6430797344673733e-10,1.6399473874210548e-10,1.6368367496326548e-10,1.6337475440152574e-10,1.6306794986992218e-10,1.6276323466755865e-10,1.6246058258838405e-10,1.6215996789804678e-10,1.618613653271717e-10,1.6156475005847208e-10,1.6127009772028636e-10,1.6097738437841175e-10,1.6068658648443375e-10,1.603976809460706e-10,1.6011064505672857e-10,1.5982545650862606e-10,1.5954209337564072e-10,1.592605341135627e-10,1.58980757521528e-10,1.5870274279117437e-10,1.5842646945005327e-10,1.5815191737742414e-10,1.5787906677959376e-10,1.5760789819986007e-10,1.5733839250125266e-10,1.5707053086256878e-10,1.5680429477081386e-10,1.5653966601468857e-10,1.5627662667929355e-10,1.5601515913911417e-10,1.5575524605153394e-10,1.5549687035381572e-10,1.5524001525110762e-10,1.5498466421553488e-10,1.5473080098026656e-10,1.544784095350556e-10,1.5422747411683246e-10,1.5397797920722888e-10,1.537299095311477e-10,1.5348325004366503e-10,1.532379859403897e-10,1.5299410263238496e-10,1.5275158575604866e-10,1.525104211623578e-10,1.522705949184944e-10,1.5203209329991145e-10,1.517949027838563e-10,1.515590100460256e-10,1.5132440196841604e-10,1.510910656165541e-10,1.508589882498464e-10,1.5062815731047197e-10,1.5039856042457665e-10,1.5017018539741335e-10,1.4994302018830747e-10,1.4971705298393393e-10,1.4949227208645646e-10,1.4926866598231755e-10,1.4904622332069184e-10,1.4882493290864437e-10,1.4860478370966103e-10,1.4838576484420068e-10,1.4816786558093863e-10,1.4795107533476397e-10,1.477353836743443e-10,1.4752078029970755e-10,1.4730725505985058e-10,1.4709479794103122e-10,1.4688339907006808e-10,1.4667304867721403e-10,1.4646373716620215e-10,1.4625545504574752e-10,1.4604819294902614e-10,1.4584194163889628e-10,1.4563669200164056e-10,1.4543243503865596e-10,1.4522916188309306e-10,1.4502686376540963e-10,1.4482553203700494e-10,1.446251581605555e-10,1.4442573370930344e-10,1.442272503651557e-10,1.440296999156402e-10,1.438330742502243e-10,1.4363736537416916e-10,1.434425653682079e-10,1.4324866643353248e-10,1.4305566087052676e-10,1.4286354105623547e-10,1.4267229947885594e-10,1.4248192871660087e-10,1.422924214377668e-10,1.4210377040038155e-10,1.4191596845181906e-10,1.4172900852633343e-10,1.4154288365200876e-10,1.413575869131554e-10,1.4117311151385412e-10,1.4098945072001999e-10,1.4080659788120292e-10,1.4062454642670404e-10,1.4044328986387216e-10,1.4026282177697769e-10,1.400831358244331e-10,1.3990422574116668e-10,1.3972608533329314e-10,1.395487084788076e-10,1.3937208913947784e-10,1.391962213268279e-10,1.3902109913347944e-10,1.3884671671917283e-10,1.386730683048455e-10,1.3850014818374602e-10,1.3832795071611918e-10,1.3815647030836488e-10,1.3798570145005145e-10,1.378156386825188e-10,1.3764627661245715e-10,1.3747760989947155e-10,1.3730963328851137e-10,1.3714234154212958e-10,1.3697572951721894e-10,1.3680979210549673e-10,1.366445242625276e-10,1.3647992099469563e-10,1.3631597736667753e-10,1.3615268849556134e-10,1.359900495513872e-10,1.3582805575872336e-10,1.356667023904831e-10,1.3550598477048598e-10,1.3534589827302663e-10,1.351864383216625e-10,1.3502760038851038e-10,1.3486937999353638e-10,1.3471177270335752e-10,1.3455477413299034e-10,1.3439837994020706e-10,1.3424258583350263e-10,1.340873875589661e-10,1.3393278090711182e-10,1.3377876172482643e-10,1.3362532588526368e-10,1.334724693126498e-10,1.3332018797152634e-10,1.3316847786414632e-10,1.330173350408444e-10,1.3286675558523077e-10,1.327167356212368e-10,1.3256727131666195e-10,1.3241835887626767e-10,1.3226999453676917e-10,1.3212217457750972e-10,1.3197489531234573e-10,1.3182815309024306e-10,1.3168194430245018e-10,1.315362653750983e-10,1.3139111276964658e-10,1.3124648297853614e-10,1.311023725266787e-10,1.3095877796647707e-10,1.3081569590107648e-10,1.3067312296424716e-10,1.3053105581181166e-10,1.3038949113697144e-10,1.3024842565824053e-10,1.301078561341745e-10,1.299677793509762e-10,1.2982819212535345e-10,1.2968909130363812e-10,1.295504737604437e-10,1.2941233640697568e-10,1.2927467617708952e-10,1.2913749003154005e-10,1.290007749636738e-10,1.2886452799346115e-10,1.287287461685055e-10,1.2859342656370026e-10,1.2845856628090058e-10,1.283241624486031e-10,1.2819021221846873e-10,1.2805671277385826e-10,1.2792366131946428e-10,1.2779105509905478e-10,1.276588913561332e-10,1.2752716737232498e-10,1.273958804596395e-10,1.2726502794994957e-10,1.271346071874553e-10,1.2700461556262619e-10,1.2687505046958806e-10,1.2674590933913217e-10,1.2661718961003701e-10,1.2648888875206892e-10,1.2636100425828296e-10,1.2623353365012103e-10,1.2610647445791996e-10,1.2597982423941152e-10,1.258535805757e-10,1.2572774106001888e-10,1.256023033165397e-10,1.2547726498483238e-10,1.2535262372721003e-10,1.2522837722484615e-10,1.2510452318087614e-10,1.2498105931387215e-10,1.248579833618197e-10,1.2473529308698452e-10,1.2461298626679106e-10,1.2449106069907494e-10,1.2436951419853417e-10,1.242483445977421e-10,1.2412754975438506e-10,1.2400712753091408e-10,1.23887075823905e-10,1.2376739253506524e-10,1.2364807558691746e-10,1.2352912292094775e-10,1.2341053249275985e-10,1.2329230227422058e-10,1.2317443025767248e-10,1.2305691445008572e-10,1.2293975287390663e-10,1.2282294356925396e-10,1.2270648459161298e-10,1.2259037401182957e-10,1.2247460991586475e-10,1.2235919040875773e-10,1.2224411360174378e-10,1.2212937763140567e-10,1.2201498064348335e-10,1.2190092080057644e-10,1.2178719627907537e-10,1.2167380527044623e-10,1.2156074597989547e-10,1.2144801662672797e-10,1.2133561545218182e-10,1.2122354068785656e-10,1.211117906035205e-10,1.210003634752282e-10,1.2088925759001507e-10,1.2077847124946508e-10,1.206680027684754e-10,1.2055785047468083e-10,1.204480127088365e-10,1.2033848782442608e-10,1.2022927418757583e-10,1.2012037017697714e-10,1.2001177418301933e-10,1.1990348461013854e-10,1.197954998734403e-10,1.1968781839690274e-10,1.1958043862741972e-10,1.1947335901151555e-10,1.1936657801133602e-10,1.19260094100975e-10,1.191539057704207e-10,1.1904801151446021e-10,1.1894240984013268e-10,1.1883709926932645e-10,1.1873207833075242e-10,1.1862734556581219e-10,1.1852289952869546e-10,1.1841873878046807e-10,1.1831486189406797e-10,1.1821126745472893e-10,1.18107954055619e-10,1.1800492030307539e-10,1.1790216480770967e-10,1.1779968619762387e-10,1.1769748310743457e-10,1.1759555418050791e-10,1.1749389807269846e-10,1.173925134461503e-10,1.172913989753132e-10,1.1719055334518814e-10,1.1708997524577756e-10,1.1698966338069085e-10,1.168896164604954e-10,1.1678983321084295e-10,1.1669031235137501e-10,1.1659105262515025e-10,1.164920527793288e-10,1.1639331156952098e-10,1.162948277601346e-10,1.1619660012723251e-10,1.1609862745200059e-10,1.1600090852254448e-10,1.1590344214515814e-10,1.1580622711717875e-10,1.157092622542616e-10,1.1561254638948465e-10,1.1551607835033558e-10,1.1541985697917679e-10,1.1532388112183307e-10,1.1522814962543994e-10,1.1513266136805543e-10,1.1503741521805021e-10,1.1494241005151879e-10,1.1484764474991966e-10,1.1475311821296668e-10,1.1465882934212773e-10,1.1456477704746478e-10,1.1447096024340748e-10,1.1437737785403914e-10,1.1428402881257672e-10,1.1419091205424213e-10,1.1409802652259216e-10,1.1400537117736833e-10,1.1391294497435664e-10,1.1382074687876615e-10,1.1372877586440904e-10,1.136370309103447e-10,1.1354551100091213e-10,1.1345421513306477e-10,1.1336314230589931e-10,1.1327229152548102e-10,1.1318166180445191e-10,1.1309125215966566e-10,1.130010616213304e-10,1.1291108921905391e-10,1.128213339928718e-10,1.1273179498096451e-10,1.1264247124239322e-10,1.1255336183469985e-10,1.124644658111158e-10,1.1237578224586157e-10,1.1228731021363227e-10,1.1219904879517226e-10,1.1211099707258987e-10,1.120231541428172e-10,1.1193551910401178e-10,1.1184809106007327e-10,1.117608691206008e-10,1.116738524007087e-10,1.1158704002115343e-10,1.1150043110831487e-10,1.1141402479382697e-10,1.1132782021499792e-10,1.1124181651968027e-10,1.1115601285052858e-10,1.1107040836083676e-10,1.1098500220902136e-10,1.1089979355889015e-10,1.1081478157935491e-10,1.107299654444532e-10,1.1064534432257344e-10,1.1056091741921447e-10,1.1047668391401809e-10,1.103926429989633e-10,1.1030879387409262e-10,1.1022513573801016e-10,1.1014166780857637e-10,1.100583892975941e-10,1.0997529942167005e-10,1.0989239740382132e-10,1.0980968247231235e-10,1.0972715385917921e-10,1.0964481080141171e-10,1.0956265254016016e-10,1.0948067832336699e-10,1.0939888739818764e-10,1.0931727902444797e-10,1.092358524601277e-10,1.0915460696859213e-10,1.0907354181848356e-10,1.0899265628264741e-10,1.0891194963812587e-10,1.0883142116736703e-10,1.0875107015287731e-10,1.0867089588261411e-10,1.0859089765867471e-10,1.0851107477471907e-10,1.0843142653159365e-10,1.0835195223680854e-10,1.0827265120195677e-10,1.0819352274013245e-10,1.0811456616546208e-10,1.0803578080767155e-10,1.0795716598958605e-10,1.0787872104133624e-10,1.0780044529724748e-10,1.0772233809796097e-10,1.0764439877798135e-10,1.0756662668574296e-10,1.0748902117123411e-10,1.0741158158525476e-10,1.0733430728707583e-10,1.0725719762449073e-10,1.0718025198387183e-10,1.0710346971996e-10,1.0702685020318133e-10,1.0695039281107668e-10,1.068740969204643e-10,1.0679796191256186e-10,1.0672198717236024e-10,1.0664617208660974e-10,1.0657051604935762e-10,1.0649501845423442e-10,1.0641967870191234e-10,1.0634449619215659e-10,1.062694703316547e-10,1.0619460052889077e-10,1.0611988619620251e-10,1.0604532675078442e-10,1.0597092160604444e-10,1.0589667018828207e-10,1.05822571921837e-10,1.0574862623159801e-10,1.0567483254922546e-10,1.0560119030927438e-10,1.0552769894898592e-10,1.0545435790863383e-10,1.0538116663156327e-10,1.053081245641246e-10,1.0523523115508368e-10,1.0516248585737348e-10,1.0508988812642713e-10,1.0501743742073899e-10,1.049451332009788e-10,1.0487297493120237e-10,1.0480096207770123e-10,1.047290941119208e-10,1.0465737050439438e-10,1.0458579073167465e-10,1.0451435426993326e-10,1.0444306060387014e-10,1.0437190921555089e-10,1.0430089959109736e-10,1.0423003122001801e-10,1.0415930359424731e-10,1.0408871620836467e-10,1.0401826856019563e-10,1.0394796014889587e-10,1.0387779047940996e-10,1.0380775905182316e-10,1.0373786537820268e-10,1.0366810896529281e-10,1.0359848932187819e-10,1.0352900597361301e-10,1.0345965844293467e-10,1.0339044623322577e-10,1.0332136887385635e-10,1.0325242589490216e-10,1.031836168196224e-10,1.0311494117863867e-10,1.0304639850548565e-10,1.0297798833490102e-10,1.0290971020414117e-10,1.0284156365314964e-10,1.027735482240473e-10,1.0270566346124784e-10,1.0263790891154263e-10,1.025702841240278e-10,1.0250278864999511e-10,1.024354220430932e-10,1.0236818385853428e-10,1.0230107365581732e-10,1.0223409099460664e-10,1.0216723543748039e-10,1.021005065492011e-10,1.0203390389674936e-10,1.0196742704918719e-10,1.0190107557782041e-10,1.0183484905465708e-10,1.0176874705271411e-10,1.0170276916008616e-10,1.0163691494999583e-10,1.0157118399699881e-10,1.0150557589832097e-10,1.0144009023406089e-10,1.0137472659208908e-10,1.0130948456245618e-10,1.0124436373730922e-10,1.0117936371040212e-10,1.0111448407810069e-10,1.0104972443832584e-10,1.0098508439119418e-10,1.0092056353845156e-10,1.0085616148409149e-10,1.0079187783393189e-10,1.0072771219571097e-10,1.0066366417909494e-10,1.0059973339556445e-10,1.0053591945859011e-10,1.0047222198342129e-10,1.0040864058718847e-10,1.0034517488887335e-10,1.0028182450916546e-10,1.0021858907079921e-10,1.0015546819830389e-10,1.0009246151770186e-10,1.0002956865725471e-10,9.996678924658866e-11,9.990412291730076e-11,9.984156930270343e-11,9.977912803700494e-11,9.971679875860771e-11,9.965458110546235e-11,9.959247471731381e-11,9.9530479236337e-11,9.946859430608606e-11,9.940681957183161e-11,9.934515468051011e-11,9.928359928071335e-11,9.922215302268314e-11,9.91608155582958e-11,9.909958654101075e-11,9.903846562597553e-11,9.89774524699201e-11,9.891654673115441e-11,9.885574806943377e-11,9.87950561452779e-11,9.873447062269313e-11,9.867399116612247e-11,9.861361744348541e-11,9.855334912087872e-11,9.84931858747988e-11,9.843312736274184e-11,9.83731732623111e-11,9.8313323247636e-11,9.825357699339234e-11,9.819393417897727e-11,9.813439448082342e-11,9.807495757860211e-11,9.80156231528557e-11,9.795639088712235e-11,9.789726046503447e-11,9.783823157136261e-11,9.777930389372286e-11,9.772047712734152e-11,9.766175094990444e-11,9.760312505832018e-11,9.754459914127294e-11,9.748617289542144e-11,9.742784601732552e-11,9.736961819801009e-11,9.731148914532125e-11,9.725345855096288e-11,9.719552611750813e-11,9.713769154687407e-11,9.707995454241825e-11,9.702231481231824e-11,9.696477205522234e-11,9.690732598278187e-11,9.684997629903509e-11,9.679272272009698e-11,9.673556495122199e-11,9.667850271118671e-11,9.662153571030249e-11,9.656466366323986e-11,9.650788628621317e-11,9.645120329656798e-11,9.63946144127169e-11,9.633811935483257e-11,9.628171784379576e-11,9.622540960153649e-11,9.616919435189814e-11,9.61130718239168e-11,9.60570417321702e-11,9.600110381405567e-11,9.594525779423428e-11,9.588950340061199e-11,9.583384036394138e-11,9.577826841792371e-11,9.572278729427441e-11,9.566739672966616e-11,9.561209645471914e-11,9.555688620811112e-11,9.550176572690792e-11,9.544673474912673e-11,9.539179301531278e-11,9.533694026613631e-11,9.528217624280394e-11,9.522750068855831e-11,9.51729133474261e-11,9.511841396451044e-11,9.50640022859984e-11,9.50096780591364e-11,9.495544103224611e-11,9.490129095491102e-11,9.484722757570584e-11,9.479325064956703e-11,9.473935992730743e-11,9.468555516241595e-11,9.46318361112593e-11,9.457820252766647e-11,9.452465416602558e-11,9.44711907860256e-11,9.441781214713885e-11,9.436451801171135e-11,9.431130813259094e-11,9.425818227629054e-11,9.420514020374079e-11,9.415218168117156e-11,9.409930647175848e-11,9.404651434205759e-11,9.39938050560709e-11,9.394117838284223e-11,9.388863409125686e-11,9.383617195036184e-11,9.378379173013915e-11,9.373149320222617e-11,9.367927614000252e-11,9.362714031526842e-11,9.357508550203144e-11,9.352311147526622e-11,9.347121800993109e-11,9.341940488726769e-11,9.336767187593052e-11,9.331601875971425e-11,9.32644453198013e-11,9.321295133499376e-11,9.316153658648628e-11,9.311020085644084e-11,9.305894392870891e-11,9.300776558560628e-11,9.29566656127513e-11,9.290564379595827e-11,9.285469992147806e-11,9.28038337764867e-11,9.275304514926051e-11,9.270233382880443e-11,9.26516996050031e-11,9.260114226854169e-11,9.255066161084279e-11,9.250025742425675e-11,9.24499295018779e-11,9.239967763789108e-11,9.234950162698419e-11,9.229940126475098e-11,9.22493763476194e-11,9.219942667276987e-11,9.214955203820095e-11,9.209975224155805e-11,9.205002708363841e-11,9.200037636463225e-11,9.195079988580579e-11,9.190129744886337e-11,9.185186885677327e-11,9.180251391418969e-11,9.17532324240548e-11,9.170402419117147e-11,9.165488902148961e-11,9.160582672230456e-11,9.15568370970233e-11,9.150791995853783e-11,9.145907511440618e-11,9.141030237323726e-11,9.136160154491092e-11,9.131297244072755e-11,9.126441487195371e-11,9.121592865317623e-11,9.116751359614992e-11,9.111916951835613e-11,9.107089622482981e-11,9.102269353224528e-11,9.097456126420048e-11,9.092649923422956e-11,9.087850726026767e-11,9.083058515718176e-11,9.078273274431929e-11,9.073494984419479e-11,9.068723627364111e-11,9.06395918582491e-11,9.059201641322012e-11,9.054450976360581e-11,9.049707173289583e-11,9.044970214288035e-11,9.040240081847844e-11,9.03551675842283e-11,9.030800226585115e-11,4.321979554953922e-11,3.82014907099349e-11,4.003135398504539e-11,4.289719694584369e-11,4.584377618343369e-11,4.871239351347947e-11,5.1475520619886325e-11,5.412777491391072e-11,5.666802106116226e-11,5.909638872936076e-11,6.141372904049968e-11,6.362146875526058e-11,6.572152958258437e-11,6.771625927752587e-11,6.960836669067737e-11,7.140086019596904e-11,7.309698993025255e-11,7.470019424347245e-11,7.621405075318467e-11,7.764223196153884e-11,7.89884656950793e-11,8.025650007668251e-11,8.145007298985809e-11,8.257288578593598e-11,8.362858091698949e-11,8.462072327620663e-11,8.555278487426457e-11,8.642813254813056e-11,8.725001840802194e-11,8.802157268394432e-11,8.874579869667933e-11,8.942556967899678e-11,9.006362718483955e-11,9.066258085777173e-11,9.122490933865367e-11,9.175296213442746e-11,9.224896224608508e-11,9.271500944476224e-11,9.315308403002448e-11,9.35650509708625e-11,9.395266431118435e-11,9.431757177522513e-11,9.466131948522177e-11,9.498535672880378e-11,9.529104073086426e-11,9.55796413788e-11,9.585234587274655e-11,9.611026327313559e-11,9.635442891697141e-11,9.658580868734163e-11,9.680530313046725e-11,9.701375140250386e-11,9.721193505488153e-11,9.74005816226584e-11,9.758036806337167e-11,9.775192400601559e-11,9.791583482692298e-11,9.807264456855767e-11,9.822285867790604e-11,9.836694660078976e-11,9.850534421922006e-11,9.863845613299209e-11,9.876665781257055e-11,9.889029761025898e-11,9.900969864666421e-11,9.912516057485914e-11,9.92369612298873e-11,9.934535817038503e-11,9.945059011712235e-11,9.955287829547419e-11,9.96524276868173e-11,9.974942819480117e-11,9.984405573170635e-11,9.993647322938293e-11,1.0002683157954235e-10,1.0011527051230498e-10,1.0020191940452294e-10,1.0028689803984644e-10,1.0037031731034206e-10,1.0045227986904875e-10,1.0053288073602439e-10,1.0061220786346535e-10,1.006903426480564e-10,1.0076736042976275e-10,1.0084333092631047e-10,1.0091831866971883e-10,1.0099238336997173e-10,1.010655802835994e-10,1.0113796054911019e-10,1.0120957148960868e-10,1.0128045689888583e-10,1.0135065730618039e-10,1.0142021022044278e-10,1.0148915035381965e-10,1.0155750983840802e-10,1.0162531841273889e-10,1.0169260360806085e-10,1.0175939090865845e-10,1.0182570391094764e-10,1.0189156446381587e-10,1.0195699280049373e-10,1.0202200766025465e-10,1.0208662640257305e-10,1.021508651102256e-10,1.0221473868706052e-10,1.0227826094703962e-10,1.0234144469532369e-10,1.0240430180715112e-10,1.0246684329865654e-10,1.0252907938698545e-10,1.0259101955831733e-10,1.0265267261869439e-10,1.0271404674722552e-10,1.0277514954238556e-10,1.028359880706427e-10,1.0289656890027607e-10,1.0295689814413596e-10,1.0301698149331977e-10,1.0307682424668608e-10,1.0313643134500565e-10,1.0319580739560301e-10,1.0325495669622817e-10,1.0331388326969521e-10,1.0337259086394729e-10,1.0343108299070444e-10,1.0348936293893177e-10,1.0354743378741599e-10,1.0360529842679288e-10,1.0366295956921757e-10,1.0372041976260772e-10,1.0377768141072653e-10,1.0383474676943175e-10,1.038916179663093e-10,1.0394829701778579e-10,1.0400478582371773e-10,1.0406108618413917e-10,1.0411719980539468e-10,1.0417312830354587e-10,1.04228873219704e-10,1.0428443602393116e-10,1.0433981810792786e-10,1.0439502080374621e-10,1.0445004538303841e-10,1.0450489306837374e-10,1.0455956502638879e-10,1.0461406237907775e-10,1.0466838620432767e-10,1.0472253754150623e-10,1.0477651739174651e-10,1.0483032672198576e-10,1.0488396646722969e-10,1.0493743753284831e-10,1.0499074079668889e-10,1.0504387711141579e-10,1.0509684730525765e-10,1.051496521846942e-10,1.0520229253568076e-10,1.0525476912504532e-10,1.0530708270152863e-10,1.053592339978362e-10,1.0541122373107691e-10,1.0546305260348332e-10,1.0551472130421761e-10,1.0556623050968345e-10,1.0561758088447474e-10,1.056687730821236e-10,1.057198077458099e-10,1.0577068550825805e-10,1.0582140699443382e-10,1.0587197282001e-10,1.0592238359255311e-10,1.0597263991265838e-10,1.0602274237235868e-10,1.0607269155755184e-10,1.0612248804767169e-10,1.0617213241167382e-10,1.0622162522173563e-10,1.0627096704759045e-10,1.0632015843378091e-10,1.0636919993668175e-10,1.0641809210220678e-10,1.0646683547310498e-10,1.0651543058804321e-10,1.0656387797920171e-10,1.0661217817826046e-10,1.0666033171087761e-10,1.0670833909800025e-10,1.0675620085997724e-10,1.0680391751085778e-10,1.0685148956298021e-10,1.0689891752428808e-10,1.0694620190000018e-10,1.0699334319259195e-10,1.0704034190215117e-10,1.0708719852185703e-10,1.071339135508642e-10,1.0718048747758567e-10,1.0722692078973205e-10,1.0727321397330367e-10,1.0731936750969286e-10,1.0736538188639694e-10,1.0741125757185715e-10,1.0745699504660978e-10,1.075025947822467e-10,1.0754805724806033e-10,1.0759338291756374e-10,1.0763857225451392e-10,1.0768362572290607e-10,1.0772854378678287e-10,1.0777332690222897e-10,1.0781797552834274e-10,1.0786249012159681e-10,1.0790687113450007e-10,1.0795111901889527e-10,1.0799523422445926e-10,1.0803921719821652e-10,1.0808306838547937e-10,1.0812678823061976e-10,1.081703771732066e-10,1.08213835653492e-10,1.0825716410886612e-10,1.0830036297707359e-10,1.0834343269005003e-10,1.0838637368193304e-10,1.084291863786424e-10,1.0847187121066664e-10,1.0851442860393459e-10,1.0855685898383005e-10,1.0859916277671171e-10,1.0864134039762026e-10,1.0868339226824981e-10,1.0872531880549582e-10,1.087671204283038e-10,1.0880879754846006e-10,1.0885035057801716e-10,1.0889177992614866e-10,1.0893308600595971e-10,1.0897426922302428e-10,1.0901532998273928e-10,1.0905626868474984e-10,1.0909708573475605e-10,1.0913778154052801e-10,1.0917835649537462e-10,1.0921881099405755e-10,1.0925914543484754e-10,1.0929936021189201e-10,1.0933945572170316e-10,1.093794323537041e-10,1.0941929049393645e-10,1.0945903053232804e-10,1.0949865285588421e-10,1.0953815784826108e-10,1.0957754589377719e-10,1.0961681737341219e-10,1.0965597266777222e-10,1.0969501215461296e-10,1.0973393621361207e-10,1.0977274521866915e-10,1.0981143954823297e-10,1.0985001957023526e-10,1.0988848565484711e-10,1.0992683817466868e-10,1.0996507749758431e-10,1.1000320399101002e-10,1.1004121802047211e-10,1.1007911994903902e-10,1.1011691014035367e-10,1.1015458895658541e-10,1.101921567560072e-10,1.102296138978699e-10,1.1026696073888383e-10,1.1030419763473242e-10,1.1034132494089632e-10,1.1037834300803732e-10,1.1041525218909548e-10,1.1045205283583355e-10,1.1048874529543882e-10,1.1052532991532365e-10,1.10561807040568e-10,1.1059817701369006e-10,1.1063444018480955e-10,1.1067059689288401e-10,1.1070664748234175e-10,1.1074259228635277e-10,1.107784316461159e-10,1.1081416589717729e-10,1.1084979537793177e-10,1.1088532042191058e-10,1.1092074136153887e-10,1.1095605852900303e-10,1.1099127225498263e-10,1.1102638286899677e-10,1.1106139069585068e-10,1.1109629606879906e-10,1.1113109931031884e-10,1.1116580074547947e-10,1.1120040069552249e-10,1.1123489948453547e-10,1.1126929743235496e-10,1.113035948589135e-10,1.1133779208231186e-10,1.113718894198574e-10,1.1140588718915252e-10,1.1143978570175871e-10,1.1147358527291306e-10,1.1150728621495994e-10,1.1154088883929032e-10,1.1157439345564596e-10,1.116078003740352e-10,1.1164110990219379e-10,1.1167432234494136e-10,1.1170743801070355e-10,1.1174045720322279e-10,1.1177338022426989e-10,1.1180620737655742e-10,1.1183893896124846e-10,1.1187157527873064e-10,1.1190411662749064e-10,1.1193656330454994e-10,1.1196891560732522e-10,1.120011738313936e-10,1.1203333826956732e-10,1.1206540921816239e-10,1.1209738696824959e-10,1.1212927181189106e-10,1.1216106403858331e-10,1.1219276393666027e-10,1.1222437179204309e-10,1.1225588789931176e-10,1.1228731253779931e-10,1.123186459964627e-10,1.1234988855520951e-10,1.123810404989425e-10,1.1241210210953306e-10,1.1244307366780375e-10,1.124739554535679e-10,1.125047477445605e-10,1.125354508208584e-10,1.1256606495758261e-10,1.125965904317425e-10,1.1262702751707251e-10,1.1265737648796124e-10,1.1268763761725652e-10,1.1271781117678418e-10,1.1274789743740382e-10,1.1277789667218374e-10,1.1280780913974483e-10,1.1283763511978646e-10,1.1286737487404035e-10,1.1289702867184692e-10,1.1292659677531904e-10,1.1295607944705484e-10,1.1298547695290007e-10,1.1301478955511985e-10,1.1304401751253663e-10,1.1307316109008195e-10,1.1310222054461562e-10,1.1313119613546316e-10,1.131600881212775e-10,1.1318889675794011e-10,1.1321762230119225e-10,1.1324626500423242e-10,1.1327482512261584e-10,1.1330330290917718e-10,1.133316986170927e-10,1.1336001249751815e-10,1.1338824480068283e-10,1.1341639577641726e-10,1.1344446567350051e-10,1.1347245473982967e-10,1.1350036322245097e-10,1.1352819136752902e-10,1.135559394203837e-10,1.135836076253206e-10,1.1361119622823366e-10,1.1363870546786507e-10,1.1366613558999635e-10,1.136934868319652e-10,1.1372075943522604e-10,1.1374795363966828e-10,1.137750696838377e-10,1.1380210780549183e-10,1.138290682415355e-10,1.1385595122742529e-10,1.1388275699909627e-10,1.1390948579101799e-10,1.139361378375173e-10,1.1396271337073475e-10,1.1398921262271172e-10,1.1401563582457769e-10,1.14041983206894e-10,1.1406825499931393e-10,1.1409445143006186e-10,1.1412057272787979e-10,1.141466191200631e-10,1.1417259083312935e-10,1.14198488092821e-10,1.1422431112410052e-10,1.142500601511206e-10,1.1427573539736842e-10,1.1430133708552158e-10,1.1432686543747976e-10,1.1435232067503571e-10,1.1437770301792558e-10,1.1440301268579178e-10,1.1442824989754313e-10,1.1445341487133352e-10,1.1447850782458164e-10,1.1450352897391527e-10,1.1452847853533355e-10,1.1455335672405736e-10,1.1457816375417668e-10,1.1460289984012891e-10,1.1462756519472869e-10,1.1465216003004331e-10,1.1467668455801016e-10,1.1470113898934151e-10,1.147255235342111e-10,1.1474983840209106e-10,1.1477408380172918e-10,1.1479825994118942e-10,1.1482236702782391e-10,1.1484640526830165e-10,1.1487037486858322e-10,1.1489427603394954e-10,1.1491810896884595e-10,1.14941873877539e-10,1.1496557096322325e-10,1.1498920042868994e-10,1.1501276247441918e-10,1.1503625730104298e-10,1.1505968511420094e-10,1.1508304610801998e-10,1.1510634048527331e-10,1.1512956844083897e-10,1.1515273017585518e-10,1.1517582588588431e-10,1.1519885576731726e-10,1.152218200175167e-10,1.1524471883091839e-10,1.1526755240203927e-10,1.1529032092491019e-10,1.153130245931552e-10,1.15335663602076e-10,1.1535823814225028e-10,1.1538074839747548e-10,1.1540319456492313e-10,1.1542557683768019e-10,1.154478953996945e-10,1.1547015044460799e-10,1.1549234215585664e-10,1.1551447072332982e-10,1.1553653633413592e-10,1.155585391765996e-10,1.1558047942878463e-10,1.156023572875578e-10,1.1562417293093053e-10,1.1564592653946527e-10,1.1566761830276773e-10,1.1568924839879196e-10,1.1571081701570681e-10,1.1573232433173761e-10,1.157537705245057e-10,1.1577515578117258e-10,1.1579648027826483e-10,1.1581774419447193e-10,1.1583894770897775e-10,1.1586009099997875e-10,1.1588117424469562e-10,1.1590219761947344e-10,1.1592316130445598e-10,1.1594406546887012e-10,1.1596491029080161e-10,1.1598569594347218e-10,1.1600642260233645e-10,1.1602709044274395e-10,1.160476996410401e-10,1.1606825035855359e-10,1.1608874277341619e-10,1.1610917705820791e-10,1.1612955338521973e-10,1.1614987191585954e-10,1.1617013282535392e-10,1.1619033628215037e-10,1.1621048245468186e-10,1.1623057151117374e-10,1.1625060362394054e-10,1.1627057894846093e-10,1.162904976590956e-10,1.1631035992006258e-10,1.1633016589603634e-10,1.1634991575234717e-10,1.1636960965166931e-10,1.1638924776020202e-10,1.1640883024007409e-10,1.1642835725348878e-10,1.1644782896416357e-10,1.164672455294288e-10,1.1648660711507692e-10,1.1650591387977188e-10,1.165251659841362e-10,1.1654436358800052e-10,1.165635068463808e-10,1.1658259592261224e-10,1.1660163097298876e-10,1.166206121534872e-10,1.1663953962426405e-10,1.166584135401415e-10,1.1667723405711186e-10,1.1669600133057628e-10,1.1671471551574915e-10,1.1673337677366888e-10,1.1675198524747335e-10,1.1677054109184964e-10,1.167890444629321e-10,1.1680749551327735e-10,1.1682589439495358e-10,1.1684424125955459e-10,1.168625362581908e-10,1.1688077954149285e-10,1.1689897125961592e-10,1.169171115622441e-10,1.1693520059857866e-10,1.1695323851735879e-10,1.169712254668521e-10,1.1698916160223888e-10,1.1700704706336483e-10,1.170248819972469e-10,1.1704266655016754e-10,1.1706040086823592e-10,1.1707808509683136e-10,1.170957193810311e-10,1.171133038653468e-10,1.1713083869365928e-10,1.171483240101111e-10,1.1716575995752172e-10,1.1718314667899704e-10,1.1720048431663359e-10,1.1721777301229564e-10,1.1723501290752709e-10,1.172522041431054e-10,1.172693468596568e-10,1.1728644119738695e-10,1.1730348729584784e-10,1.1732048529437078e-10,1.1733743533170442e-10,1.1735433754603684e-10,1.173711920754372e-10,1.1738799905741655e-10,1.1740475861896302e-10,1.1742147090535528e-10,1.1743813605542502e-10,1.1745475420478524e-10,1.1747132548752685e-10,1.1748785003845548e-10,1.1750432799185168e-10,1.175207594924531e-10,1.1753714466354122e-10,1.1755348363550534e-10,1.1756977654428382e-10,1.175860235224015e-10,1.1760222470185764e-10,1.1761838021436703e-10,1.1763449018964613e-10,1.1765055476015174e-10,1.1766657405629085e-10,1.1768254821158024e-10,1.1769847735180024e-10,1.1771436160323666e-10,1.1773020109791101e-10,1.1774599596420551e-10,1.1776174633012362e-10,1.1777745232321334e-10,1.1779311407126023e-10,1.1780873170034482e-10,1.1782430533800483e-10,1.178398351142946e-10,1.1785532114880075e-10,1.1787076356714448e-10,1.178861624941634e-10,1.1790151805304338e-10,1.1791683036965878e-10,1.17932099571134e-10,1.1794732577512662e-10,1.1796250910811656e-10,1.1797764969173164e-10,1.1799274764850907e-10,1.18007803100306e-10,1.180228161684409e-10,1.1803778697579275e-10,1.1805271564002683e-10,1.180676022830741e-10,1.1808244702458083e-10,1.180972499826278e-10,1.1811201127937748e-10,1.1812673103240202e-10,1.181414093611763e-10,1.1815604638342814e-10,1.181706422163419e-10,1.1818519697791699e-10,1.1819971078518676e-10,1.1821418375433507e-10,1.1822861600259845e-10,1.182430076459587e-10,1.1825735879946505e-10,1.1827166957865528e-10,1.1828594009720543e-10,1.1830017047515429e-10,1.1831436081960616e-10,1.1832851124692765e-10,1.1834262187555202e-10,1.183566928110098e-10,1.1837072416968264e-10,1.183847160637215e-10,1.1839866860590593e-10,1.1841258191358298e-10,1.1842645608672999e-10,1.1844029124259786e-10,1.1845408749149956e-10,1.184678449492602e-10,1.1848156371396196e-10,1.184952439046899e-10,1.1850888562846565e-10,1.1852248899529748e-10,1.1853605411410168e-10,1.1854958108703003e-10,1.1856307003384922e-10,1.185765210566655e-10,1.185899342629714e-10,1.1860330975991726e-10,1.1861664765487523e-10,1.1862994805420543e-10,1.1864321106377525e-10,1.1865643679432142e-10,1.1866962534255328e-10,1.1868277681794785e-10,1.1869589132163303e-10,1.1870896896672805e-10,1.1872200985317122e-10,1.18735014085143e-10,1.187479817659493e-10,1.1876091299947933e-10,1.187738078830463e-10,1.187866665307066e-10,1.1879948903916765e-10,1.188122755100041e-10,1.1882502604077706e-10,1.1883774074545562e-10,1.1885041971799207e-10,1.1886306305749304e-10,1.1887567086650687e-10,1.1888824324501205e-10,1.1890078029269805e-10,1.189132821104078e-10,1.1892574879721028e-10,1.1893818045170962e-10,1.189505771741939e-10,1.1896293906141267e-10,1.189752662120437e-10,1.189875587252534e-10,1.1899981669778984e-10,1.1901204022373095e-10,1.1902422940706147e-10,1.1903638433991746e-10,1.1904850512153548e-10,1.1906059184678134e-10,1.1907264461148888e-10,1.1908466351132074e-10,1.1909664864131826e-10,1.1910860009729418e-10,1.1912051797329515e-10,1.191324023629127e-10,1.1914425336352304e-10,1.1915607106584933e-10,1.1916785556591316e-10,1.191796069569847e-10,1.1919132533103263e-10,1.1920301078116541e-10,1.192146633997145e-10,1.1922628327911288e-10,1.1923787051324387e-10,1.1924942519148748e-10,1.1926094740573514e-10,1.192724372475149e-10,1.1928389481358384e-10,1.192953201840487e-10,1.1930671345745151e-10,1.1931807471697122e-10,1.1932940405370802e-10,1.193407015614976e-10,1.1935196732691334e-10,1.1936320144318447e-10,1.1937440399140513e-10,1.1938557506428654e-10,1.1939671475300244e-10,1.1940782314208504e-10,1.194189003202898e-10,1.1942994637599774e-10,1.1944096139686033e-10,1.194519454663214e-10,1.1946289867459805e-10,1.1947382110693404e-10,1.1948471285122046e-10,1.1949557399151713e-10,1.1950640461394198e-10,1.1951720480193964e-10,1.1952797464131642e-10,1.1953871421780054e-10,1.1954942361993224e-10,1.1956010292858302e-10,1.1957075222709078e-10,1.195813716006116e-10,1.1959196113285023e-10,1.196025209071808e-10,1.1961305100701433e-10,1.1962355151525565e-10,1.1963402251504182e-10,1.1964446408846371e-10,1.196548763177703e-10,1.1966525928483408e-10,1.1967561307273592e-10,1.196859377622236e-10,1.196962334352378e-10,1.1970650017057135e-10,1.19716738048944e-10,1.197269471588654e-10,1.1973712756770082e-10,1.197472793617116e-10,1.1975740262129005e-10,1.1976749742583078e-10,1.1977756385481945e-10,1.1978760198696046e-10,1.197976119043133e-10,1.1980759368045304e-10,1.1981754739623993e-10,1.1982747313010455e-10,1.198373709593032e-10,1.1984724096299872e-10,1.198570832180557e-10,1.1986689780189107e-10,1.1987668479325768e-10,1.1988644426570698e-10,1.1989617629921246e-10,1.199058809670529e-10,1.199155583485098e-10,1.199252085180117e-10,1.1993483154990682e-10,1.19944427519118e-10,1.1995399650672458e-10,1.1996353858309965e-10,1.1997305382416605e-10,1.1998254230423394e-10,1.1999200409885187e-10,1.2000143928416977e-10,1.200108479293229e-10,1.200202301106225e-10,1.2002958590288156e-10,1.2003891537702123e-10,1.2004821860758e-10,1.2005749566709418e-10,1.2006674662520358e-10,1.200759715612459e-10,1.2008517054398076e-10,1.200943436465346e-10,1.2010349093625375e-10,1.2011261249215855e-10,1.201217083822297e-10,1.2013077868049688e-10,1.201398234553561e-10,1.2014884277516502e-10,1.2015783671312362e-10,1.2016680533950738e-10,1.2017574872380759e-10,1.201846669378269e-10,1.2019356005080617e-10,1.202024281320075e-10,1.202112712510268e-10,1.20220089477183e-10,1.202288828793224e-10,1.2023765152671608e-10,1.2024639548761792e-10,1.202551148307643e-10,1.2026380962485627e-10,1.2027247993699507e-10,1.2028112583518459e-10,1.202897473900646e-10,1.2029834466467823e-10,1.2030691772543726e-10,1.2031546664424092e-10,1.2032399148585946e-10,1.2033249231637686e-10,1.2034096920309621e-10,1.2034942221250127e-10,1.203578514103845e-10,1.203662568640032e-10,1.2037463863635723e-10,1.203829967945287e-10,1.2039133140347496e-10,1.2039964252962822e-10,1.2040793023605587e-10,1.2041619458848433e-10,1.2042443565156176e-10,1.2043265349006764e-10,1.2044084816795964e-10,1.2044901974942198e-10,1.2045716829747256e-10,1.2046529387679324e-10,1.2047339655029257e-10,1.2048147638159287e-10,1.2048953343303e-10,1.2049756777103844e-10,1.2050557945431426e-10,1.205135685466208e-10,1.2052153511044542e-10,1.2052947920836482e-10,1.2053740090100051e-10,1.2054530025505123e-10,1.2055317732680896e-10,1.2056103217955015e-10,1.2056886487485405e-10,1.2057667547456082e-10,1.2058446403755085e-10,1.2059223062668046e-10,1.205999753023088e-10,1.2060769811899212e-10,1.206153991502896e-10,1.2062307844743887e-10,1.2063073607246742e-10,1.206383720829967e-10,1.2064598654050032e-10,1.206535795038844e-10,1.206611510327162e-10,1.2066870118572247e-10,1.206762300223304e-10,1.2068373760123682e-10,1.20691223981232e-10,1.2069868922072862e-10,1.2070613337705785e-10,1.2071355650903728e-10,1.2072095867428067e-10,1.2072833992888263e-10,1.2073570033540679e-10,1.207430399477327e-10,1.2075035882431824e-10,1.2075765702179646e-10,1.207649345963038e-10,1.2077219160558905e-10,1.2077942810359905e-10,1.20786644151653e-10,1.2079383980676358e-10,1.2080101511913596e-10,1.2080817014751914e-10,1.208153049519293e-10,1.2082241958035779e-10,1.2082951409169026e-10,1.2083658854192607e-10,1.208436429859213e-10,1.2085067747948354e-10,1.208576920759452e-10,1.2086468683113302e-10,1.2087166179895317e-10,1.2087861703409395e-10,1.2088555259068781e-10,1.2089246852311611e-10,1.208993648852749e-10,1.2090624173095895e-10,1.2091309911781333e-10,1.2091993709176294e-10,1.2092675570976187e-10,1.209335550226008e-10,1.2094033508803313e-10,1.209470959563882e-10,1.2095383768047007e-10,1.2096056031313514e-10,1.209672639071766e-10,1.209739485142419e-10,1.2098061418687368e-10,1.2098726097645268e-10,1.2099388893607481e-10,1.2100049811653684e-10,1.2100708856955353e-10,1.2101366034661858e-10,1.2102021349947306e-10,1.2102674807801826e-10,1.2103326413181034e-10,1.2103976171580125e-10,1.2104624087861035e-10,1.2105270166962105e-10,1.210591441419307e-10,1.21065568342185e-10,1.2107197432435904e-10,1.2107836213680645e-10,1.2108473182972924e-10,1.2109108345201014e-10,1.2109741705356147e-10,1.211037326831756e-10,1.2111003039136685e-10,1.2111631022665922e-10,1.2112257223792442e-10,1.2112881646952422e-10,1.2113504297680536e-10,1.2114125180900664e-10,1.2114744301207732e-10,1.2115361663397788e-10,1.2115977272342628e-10,1.2116591132795985e-10,1.211720324956482e-10,1.211781362740218e-10,1.2118422271056346e-10,1.2119029185353098e-10,1.2119634374917652e-10,1.2120237844643353e-10,1.2120839599099042e-10,1.2121439642796522e-10,1.2122037980871964e-10,1.2122634617765268e-10,1.2123229558169615e-10,1.2123822806692767e-10,1.2124414367966611e-10,1.2125004246578458e-10,1.2125592447163988e-10,1.2126178974467048e-10,1.2126763832783376e-10,1.212734702689447e-10,1.2127928561160376e-10,1.2128508440203783e-10,1.212908666863342e-10,1.2129663250903873e-10,1.2130238191460953e-10,1.2130811494917652e-10,1.213138316565995e-10,1.2131953208182464e-10,1.21325216269528e-10,1.213308842635503e-10,1.2133653610864682e-10,1.2134217184549213e-10,1.213477915219895e-10,1.213533951843813e-10,1.2135898287347654e-10,1.2136455463316528e-10,1.2137011050667128e-10,1.2137565053653678e-10,1.2138117477042286e-10,1.2138668324561715e-10,1.2139217600765824e-10,1.2139765309956067e-10,1.214031145639627e-10,1.2140856044374995e-10,1.2141399078129175e-10,1.2141940561895515e-10,1.214248049992673e-10,1.2143018896431937e-10,1.2143555755637798e-10,1.2144091081703875e-10,1.2144624878815148e-10,1.2145157151163278e-10,1.2145687902879276e-10,1.21462171382238e-10,1.2146744861229056e-10,1.2147271076020938e-10,1.2147795786750668e-10,1.2148318997505218e-10,1.2148840712406368e-10,1.2149360935486394e-10,1.2149879670853871e-10,1.2150396922553325e-10,1.215091269459858e-10,1.2151426991074726e-10,1.215193981614408e-10,1.2152451173642746e-10,1.215296106729927e-10,1.2153469501210012e-10,1.2153976479866604e-10,1.2154482006971043e-10,1.2154986086395942e-10,1.2155488722081503e-10,1.2155989918100725e-10,1.215648967819854e-10,1.2156988006290283e-10,1.2157484906377826e-10,1.215798038231839e-10,1.2158474437970308e-10,1.2158967077242435e-10,1.215945830397462e-10,1.2159948122041342e-10,1.2160436535223796e-10,1.2160923547341722e-10,1.2161409162255683e-10,1.2161893383750637e-10,1.2162376215658904e-10,1.2162857661736106e-10,1.2163337725760142e-10,1.2163816411451044e-10,1.216429372262647e-10,1.2164769662998968e-10,1.2165244236300006e-10,1.2165717446241517e-10,1.2166189296524104e-10,1.2166659790863898e-10,1.2167128932940844e-10,1.2167596726462065e-10,1.2168063175081563e-10,1.216852828246685e-10,1.2168992052257453e-10,1.2169454488094077e-10,1.2169915593603488e-10,1.2170375372400246e-10,1.217083382810273e-10,1.217129096430451e-10,1.217174678458408e-10,1.2172201292534988e-10,1.2172654491731127e-10,1.2173106385670168e-10,1.21735569781301e-10,1.2174006272441685e-10,1.2174454272044604e-10,1.2174900980578257e-10,1.2175346401532926e-10,1.2175790538344965e-10,1.217623339471388e-10,1.2176674973956054e-10,1.21771152795966e-10,1.217755431514384e-10,1.217799208395313e-10,1.2178428589439692e-10,1.2178863835089516e-10,1.217929782432421e-10,1.2179730560558218e-10,1.2180162047196694e-10,1.2180592287635984e-10,1.218102128522933e-10,1.2181449043380933e-10,1.2181875565540398e-10,1.2182300855024156e-10,1.2182724915135282e-10,1.218314774916075e-10,1.218356936045769e-10,1.2183989752372904e-10,1.2184408928234633e-10,1.218482689134493e-10,1.2185243644926057e-10,1.2185659192243903e-10,1.2186073536648312e-10,1.2186486681390647e-10,1.2186898629726355e-10,1.218730938490228e-10,1.2187718950156052e-10,1.2188127328716457e-10,1.2188534523804798e-10,1.21889405386299e-10,1.2189345376392541e-10,1.218974904028581e-10,1.2190151533494868e-10,1.219055285919434e-10,1.2190953020550963e-10,1.2191352020722075e-10,1.2191749862857736e-10,1.219214655008847e-10,1.2192542085555524e-10,1.2192936472381833e-10,1.2193329713681694e-10,1.2193721812560725e-10,1.2194112772116525e-10,1.2194502595437294e-10,1.2194891285603272e-10,1.219527884568631e-10,1.2195665278748793e-10,1.2196050587849868e-10,1.2196434776031655e-10,1.219681784633118e-10,1.2197199801778148e-10,1.2197580645392738e-10,1.2197960380188386e-10,1.2198339009169455e-10,1.2198716535332482e-10,1.2199092961664042e-10,1.2199468291144306e-10,1.219984252674444e-10,1.2200215671427524e-10,1.2200587728147875e-10,1.2200958699839995e-10,1.2201328589454737e-10,1.220169739993091e-10,1.2202065134174463e-10,1.2202431795108062e-10,1.2202797385637658e-10,1.2203161908661605e-10,1.2203525367070055e-10,1.220388776374487e-10,1.2204249101561104e-10,1.2204609383384567e-10,1.2204968612073918e-10,1.2205326790478935e-10,1.22056839214432e-10,1.220604000780155e-10,1.2206395052380526e-10,1.220674905799972e-10,1.2207102027470411e-10,1.2207453963596467e-10,1.2207804869173658e-10,1.2208154746990484e-10,1.2208503599879368e-10,1.2208851430509003e-10,1.2209198241707556e-10,1.2209544036222213e-10,1.2209888816802587e-10,1.2210232586226472e-10,1.221057534717981e-10,1.2210917102403394e-10,1.2211257854617863e-10,1.2211597606494217e-10,1.2211936360778475e-10,1.2212274120131073e-10,1.2212610887316014e-10,1.2212946664941013e-10,1.2213281455758428e-10,1.2213615262406104e-10,1.2213948087538122e-10,1.22142799338034e-10,1.2214610803850677e-10,1.2214940700318215e-10,1.221526962582852e-10,1.221559758302935e-10,1.2215924574509123e-10,1.2216250602894644e-10,1.2216575670779633e-10,1.2216899780780247e-10,1.221722293547999e-10,1.2217545137440033e-10,1.221786638924435e-10,1.2218186693461407e-10,1.2218506052649737e-10,1.2218824469358685e-10,1.2219141946142608e-10,1.2219458485535485e-10,1.2219774090070913e-10,1.2220088762267326e-10,1.2220402504586628e-10,1.22207153196628e-10,1.2221027209946416e-10,1.222133817791382e-10,1.2221648226081828e-10,1.222195735692084e-10,1.222226557290767e-10,1.2222572876503189e-10,1.2222879270178836e-10,1.222318475651456e-10,1.2223489337731035e-10,1.2223793016390986e-10,1.2224095794907104e-10,1.2224397675700065e-10,1.222469866124288e-10,1.222499875390496e-10,1.222529795612895e-10,1.22255962702846e-10,1.2225893698783995e-10,1.2226190244081727e-10,1.2226485908422926e-10,1.2226780694260872e-10,1.222707460397643e-10,1.2227367639942206e-10,1.2227659804462508e-10,1.2227951099894074e-10,1.2228241528630445e-10,1.2228531092868285e-10,1.222881979519305e-10,1.2229107637946993e-10,1.222939462327222e-10,1.222968075339655e-10,1.222996603071673e-10,1.2230250457551448e-10,1.223053403619315e-10,1.223081676907586e-10,1.2231098658205539e-10,1.2231379705959764e-10,1.2231659914651626e-10,1.2231939286504807e-10,1.2232217823807788e-10,1.2232495528738777e-10,1.2232772403659443e-10,1.2233048450750863e-10,1.2233323672243203e-10,1.2233598070352615e-10,1.2233871647322423e-10,1.2234144405343527e-10,1.2234416346636603e-10,1.2234687473391402e-10,1.223495778780798e-10,1.2235227292075655e-10,1.2235495988377455e-10,1.223576387888994e-10,1.2236030965785203e-10,1.2236297251216003e-10,1.2236562737364824e-10,1.2236827426375213e-10,1.2237091320322384e-10,1.2237354421495598e-10,1.2237616731935067e-10,1.223787825376715e-10,1.223813898918034e-10,1.2238398940244034e-10,1.2238658109088005e-10,1.2238916497809298e-10,1.223917410853497e-10,1.2239430943660767e-10,1.223968700447796e-10,1.2239942293667503e-10,1.2240196813173586e-10,1.2240450565068997e-10,1.2240703551437316e-10,1.2240955774319646e-10,1.224120723573668e-10,1.2241457937833003e-10,1.2241707882601786e-10,1.2241957072086712e-10,1.2242205508318535e-10,1.2242453193265246e-10,1.224270012906701e-10,1.2242946317670573e-10,1.22431917611104e-10,1.2243436461378567e-10,1.2243680420479026e-10,1.2243923640215698e-10,1.2244166122937006e-10,1.224440787050292e-10,1.2244648884818274e-10,1.2244889167867252e-10,1.2245128721642242e-10,1.2245367548094975e-10,1.2245605649182519e-10,1.2245843026856256e-10,1.2246079683064761e-10,1.2246315619735187e-10,1.2246550838824447e-10,1.2246785342246067e-10,1.2247019131932354e-10,1.224725220980352e-10,1.2247484577809312e-10,1.2247716237793518e-10,1.2247947191683932e-10,1.2248177441386656e-10,1.2248406988800203e-10,1.2248635835800668e-10,1.224886398421742e-10,1.2249091436053384e-10,1.2249318193072817e-10,1.2249544257233051e-10,1.224976963034807e-10,1.2249994314290834e-10,1.225021831090515e-10,1.2250441622206318e-10,1.2250664249690687e-10,1.2250886195370322e-10,1.225110746108313e-10,1.2251328048651174e-10,1.2251547959907678e-10,1.225176719665571e-10,1.2251985760704127e-10,1.2252203653890816e-10,1.2252420878011293e-10,1.2252637434839545e-10,1.225285332619342e-10,1.2253068553837951e-10,1.2253283119573663e-10,1.225349702516493e-10,1.225371027234821e-10,1.2253922862985344e-10,1.2254134798793081e-10,1.225434608153503e-10,1.22545567129631e-10,1.2254766694826733e-10,1.2254976028871845e-10,1.2255184716840825e-10,1.2255392760405134e-10,1.225560016140979e-10,1.225580692152614e-10,1.2256013042476404e-10,1.2256218525976328e-10,1.22564233737194e-10,1.2256627587451581e-10,1.2256831168856004e-10,1.2257034119647042e-10,1.2257236441555221e-10,1.225743813614665e-10,1.2257639205132792e-10,1.225783964998617e-10,1.225803947292353e-10,1.2258238675324442e-10,1.2258437258862666e-10,1.2258635225179117e-10,1.2258832575944173e-10,1.2259029312807464e-10,1.2259225437420858e-10,1.2259420951415627e-10,1.2259615856379202e-10,1.2259810154075023e-10,1.2260003846068051e-10,1.2260196933977918e-10,1.226038941958718e-10,1.2260581304195316e-10,1.226077258958315e-10,1.2260963277341563e-10,1.2261153369156965e-10,1.226134286648204e-10,1.2261531770982497e-10,1.2261720084285687e-10,1.226190780791021e-10,1.226209494347131e-10,1.2262281492546802e-10,1.2262467456709606e-10,1.2262652837536206e-10,1.2262837636578378e-10,1.226302185540291e-10,1.2263205495566663e-10,1.22633885586216e-10,1.2263571046116076e-10,1.2263752959594115e-10,1.2263934300595003e-10,1.2264115070654328e-10,1.2264295271303716e-10,1.2264474904069718e-10,1.226465397047597e-10,1.226483247204084e-10,1.2265010410279533e-10,1.2265187786702063e-10,1.226536460281579e-10,1.2265540860122812e-10,1.2265716560121413e-10,1.226589170430615e-10,1.2266066294167218e-10,1.2266240331190884e-10,1.2266413816859333e-10,1.2266586752650607e-10,1.2266759140038924e-10,1.2266930980496415e-10,1.226710227548553e-10,1.226727302646571e-10,1.2267443234904248e-10,1.2267612902251528e-10,1.2267782029956162e-10,1.226795061946754e-10,1.2268118672225292e-10,1.2268286189669713e-10,1.2268453173235425e-10,1.2268619624355875e-10,1.2268785544451003e-10,1.22689509349478e-10,1.22691157972644e-10,1.2269280132817602e-10,1.226944394301851e-10,1.2269607229275306e-10,1.2269769992951994e-10,1.226993223552768e-10,1.2270093958359033e-10,1.227025516283944e-10,1.2270415850355112e-10,1.227057602228176e-10,1.2270735680053434e-10,1.2270894824976483e-10,1.2271053458452523e-10,1.2271211581822276e-10,1.227136919651375e-10,1.2271526303849215e-10,1.2271682905193078e-10,1.227183900193392e-10,1.22719945953662e-10,1.2272149686882815e-10,1.2272304277804702e-10,1.2272458369478584e-10,1.2272611963233797e-10,1.2272765060417063e-10,1.227291766234267e-10,1.22730697703583e-10,1.2273221385772943e-10,1.227337250990916e-10,1.2273523144078578e-10,1.2273673289597434e-10,1.2273822947769697e-10,1.2273972119894192e-10,1.2274120807290383e-10,1.2274269011242118e-10,1.2274416733049858e-10,1.2274563974080188e-10,1.2274710735465602e-10,1.227485701856133e-10,1.2275002824655675e-10,1.2275148155046144e-10,1.2275293010960116e-10,1.2275437393683405e-10,1.227558130448488e-10,1.2275724744641962e-10,1.2275867715400974e-10,1.2276010218024516e-10,1.2276152253759684e-10,1.227629382386035e-10,1.2276434929570592e-10,1.227657557213351e-10,1.2276715752787949e-10,1.2276855472833184e-10,1.227699473334229e-10,1.227713353567401e-10,1.2277271881018304e-10,1.2277409770752675e-10,1.227754720579184e-10,1.2277684187508364e-10,1.2277820717110055e-10,1.2277956795823112e-10,1.227809242486103e-10,1.2278227605366563e-10,1.2278362338575422e-10,1.2278496625686869e-10,1.2278630468084154e-10,1.2278763866591145e-10,1.2278896822555563e-10,1.227902933717524e-10,1.227916141163774e-10,1.2279293047106064e-10,1.2279424244759247e-10,1.2279555005769188e-10,1.227968533130742e-10,1.227981522253746e-10,1.2279944680683454e-10,1.2280073706773416e-10,1.2280202302029298e-10,1.2280330467601447e-10,1.2280458204678616e-10,1.2280585514320092e-10,1.2280712397715744e-10,1.2280838856000493e-10,1.2280964890331948e-10,1.2281090501827833e-10,1.228121569161919e-10,1.2281340460842654e-10,1.228146481068373e-10,1.2281588742195275e-10,1.228171225640944e-10,1.228183535452252e-10,1.2281958037732214e-10,1.228208030698423e-10,1.2282202163476503e-10,1.2282323608220198e-10,1.2282444642550035e-10,1.228256526733805e-10,1.2282685483737764e-10,1.2282805292935444e-10,1.2282924695867596e-10,1.2283043693658721e-10,1.228316228744552e-10,1.2283280478362518e-10,1.2283398267370967e-10,1.228351565561992e-10,1.2283632644065842e-10,1.228374923385414e-10,1.2283865426126414e-10,1.228398122178817e-10,1.2284096621982574e-10,1.2284211627762895e-10,1.2284326240097407e-10,1.228444046021024e-10,1.2284554289022001e-10,1.2284667727654083e-10,1.2284780777120716e-10,1.228489343843145e-10,1.228500571266077e-10,1.2285117600827147e-10,1.2285229103962004e-10,1.2285340223091906e-10,1.2285450959240988e-10,1.228556131343962e-10,1.228567128677788e-10,1.2285780880119619e-10,1.2285890094549767e-10,1.2285998931101907e-10,1.2286107390809968e-10,1.228621547460232e-10,1.2286323183602476e-10,1.228643051873231e-10,1.228653748091676e-10,1.2286644071222804e-10,1.2286750290722337e-10,1.228685614025643e-10,1.2286961620885395e-10,1.2287066733594014e-10,1.2287171479363118e-10,1.228727585933173e-10,1.2287379874172946e-10,1.228748352507165e-10,1.228758681290391e-10,1.228768973870554e-10,1.228779230332799e-10,1.2287894507892536e-10,1.2287996353208246e-10,1.2288097840311037e-10,1.228819897016038e-10,1.228829974361023e-10,1.228840016178954e-10,1.2288500225594514e-10,1.2288599935926524e-10,1.2288699293737185e-10,1.2288798299977227e-10,1.2288896955580584e-10,1.2288995261471477e-10,1.2289093218624005e-10,1.2289190827923246e-10,1.22892880903154e-10,1.2289385006655905e-10,1.2289481578005773e-10,1.2289577805206548e-10,1.2289673689196053e-10,1.2289769230894604e-10,1.2289864431192655e-10,1.2289959291006313e-10,1.229005381125001e-10,1.2290147992814503e-10,1.2290241836637452e-10,1.2290335343608647e-10,1.2290428514524782e-10,1.2290521350478678e-10,1.2290613852253728e-10,1.2290706020733802e-10,1.2290797856820262e-10,1.2290889361402785e-10,1.2290980535358743e-10,1.2291071379582303e-10,1.229116189494383e-10,1.2291252082329816e-10,1.2291341942608875e-10,1.2291431476656387e-10,1.229152068538121e-10,1.2291609569566955e-10,1.2291698130094827e-10,1.2291786367882428e-10,1.2291874283747745e-10,1.229196187858073e-10,1.2292049153222554e-10,1.2292136108532978e-10,1.2292222745350627e-10,1.2292309064546256e-10,1.2292395066937303e-10,1.2292480753387937e-10,1.2292566124685704e-10,1.2292651181774408e-10,1.2292735925429873e-10,1.2292820356511114e-10,1.2292904475823216e-10,1.2292988284210937e-10,1.2293071782486267e-10,1.2293154971514235e-10,1.2293237852097905e-10,1.2293320425033228e-10,1.2293402691214555e-10,1.2293484651387386e-10,1.2293566306394548e-10,1.2293647657086407e-10,1.2293728704205726e-10,1.2293809448582035e-10,1.2293889891032993e-10,1.2293970032359903e-10,1.2294049873398717e-10,1.2294129414902716e-10,1.2294208657678942e-10,1.2294287602525935e-10,1.22943662502462e-10,1.2294444601627427e-10,1.2294522657382576e-10,1.2294600418447251e-10,1.229467788550237e-10,1.2294755059333603e-10,1.2294831940833287e-10,1.2294908530690824e-10,1.2294984829690013e-10,1.2295060838609784e-10,1.2295136558196386e-10,1.229521198928292e-10,1.229528713257614e-10,1.229536198890847e-10,1.229543655901409e-10,1.2295510843631942e-10,1.2295584843523753e-10,1.2295658559419978e-10,1.22957319921637e-10,1.229580514242423e-10,1.229587801103089e-10,1.2295950598698084e-10,1.2296022906202552e-10,1.229609493427333e-10,1.2296166683537195e-10,1.2296238154885753e-10,1.229630934904603e-10,1.2296380266735683e-10,1.2296450908671179e-10,1.2296521275601288e-10,1.2296591368272748e-10,1.229666118737311e-10,1.229673073368394e-10,1.2296800007887674e-10,1.2296869010658007e-10,1.229693774283345e-10,1.2297006205048186e-10,1.2297074398221885e-10,1.229714232292598e-10,1.2297209979756782e-10,1.229727736952846e-10,1.229734449301487e-10,1.2297411350727707e-10,1.2297477943520962e-10,1.2297544272135778e-10,1.2297610337229384e-10,1.22976761395227e-10,1.2297741679678026e-10,1.2297806958412082e-10,1.2297871976420403e-10,1.2297936734397727e-10,1.2298001233088704e-10,1.2298065473131488e-10,1.229812945516163e-10,1.229819317991839e-10,1.229825664808683e-10,1.2298319860362595e-10,1.229838281740718e-10,1.2298445519955276e-10,1.2298507968635812e-10,1.2298570164074698e-10,1.2298632107045092e-10,1.2298693798121885e-10,1.2298755238033663e-10,1.2298816427432112e-10,1.229887736698895e-10,1.2298938057374505e-10,1.2298998499247283e-10,1.2299058693271174e-10,1.22991186401055e-10,1.2299178340407676e-10,1.229923779483342e-10,1.229929700403886e-10,1.2299355968675828e-10,1.229941468939472e-10,1.2299473166844181e-10,1.2299531401672224e-10,1.2299589394524644e-10,1.2299647146045058e-10,1.2299704656874571e-10,1.2299761927655612e-10,1.229981895902561e-10,1.2299875751622139e-10,1.2299932306061656e-10,1.2299988623014963e-10,1.2300044703095048e-10,1.230010054693275e-10,1.2300156155136634e-10,1.23002115283711e-10,1.2300266667225838e-10,1.2300321572343003e-10,1.2300376244340347e-10,1.230043068386048e-10,1.2300484891508825e-10,1.230053886787047e-10,1.230059261358315e-10,1.2300646129265383e-10,1.23006994155522e-10,1.230075247300759e-10,1.2300805302282623e-10,1.2300857903956664e-10,1.2300910278641235e-10,1.2300962426945679e-10,1.2301014349463147e-10,1.2301066046797618e-10,1.230111751954753e-10,1.230116876831596e-10,1.2301219793687773e-10,1.230127059626757e-10,1.23013211766429e-10,1.23013715353992e-10,1.2301421673131286e-10,1.2301471590431672e-10,1.230152128788163e-10,1.2301570766066242e-10,1.230162002556763e-10,1.2301669066967637e-10,1.2301717890846912e-10,1.2301766497782763e-10,1.2301814888351347e-10,1.2301863063129923e-10,1.2301911022690942e-10,1.230195876760618e-10,1.2302006298448798e-10,1.2302053615785106e-10,1.2302100720182793e-10,1.2302147612209453e-10,1.2302194292430175e-10,1.2302240761405973e-10,1.230228701970024e-10,1.2302333067871343e-10,1.230237890647927e-10,1.23024245360808e-10,1.230246995723102e-10,1.230251517048394e-10,1.230256017639382e-10,1.2302604975505925e-10,1.2302649568376723e-10,1.2302693955552707e-10,1.23027381375833e-10,1.2302782115010763e-10,1.2302825888383773e-10,1.230286945824712e-10,1.2302912825096993e-10,1.2302955989534115e-10,1.2302998952072436e-10,1.2303041713246343e-10,1.2303084273603014e-10,1.230312663367905e-10,1.230316879397211e-10,1.2303210755035e-10,1.2303252517381912e-10,1.2303294081573094e-10,1.2303335448118003e-10,1.2303376617543917e-10,1.230341759038955e-10,1.230345836714119e-10,1.2303498948364583e-10,1.230353933455153e-10,1.2303579526201484e-10,1.2303619523886042e-10,1.230365932805127e-10,1.2303698939251665e-10,1.230373835798964e-10,1.2303777584782793e-10,1.2303816620140313e-10,1.2303855464569905e-10,1.2303894118579348e-10,1.2303932582674724e-10,1.2303970857376425e-10,1.2304008943155681e-10,1.2304046840531153e-10,1.2304084549997936e-10,1.2304122072061333e-10,1.2304159407230228e-10,1.2304196555980612e-10,1.2304233518815475e-10,1.2304270296200846e-10,1.2304306888670136e-10,1.2304343296714501e-10,1.2304379520788972e-10,1.2304415561437793e-10,1.2304451419118316e-10,1.2304487094311367e-10,1.230452258750487e-10,1.2304557899180211e-10,1.2304593029815818e-10,1.230462797988689e-10,1.230466274989083e-10,1.2304697340285922e-10,1.2304731751561706e-10,1.2304765984203918e-10,1.2304800038661578e-10,1.2304833915421977e-10,1.2304867614957004e-10,1.2304901137733414e-10,1.2304934484223676e-10,1.2304967654898126e-10,1.2305000650221247e-10,1.230503347065621e-10,1.2305066116670956e-10,1.2305098588726158e-10,1.230513088728619e-10,1.2305163012809458e-10,1.2305194965756507e-10,1.2305226746585067e-10,1.2305258355746222e-10,1.2305289793706878e-10,1.2305321060917272e-10,1.2305352157830437e-10,1.230538308489162e-10,1.2305413842559828e-10,1.2305444431279818e-10,1.2305474851513857e-10,1.230550510369052e-10,1.2305535188264082e-10,1.230556510568228e-10,1.2305594856384107e-10,1.2305624440812098e-10,1.230565385941218e-10,1.2305683112624715e-10,1.230571220087734e-10,1.230574112461575e-10,1.2305769884303533e-10,1.2305798480339362e-10,1.2305826913153096e-10,1.2305855183185629e-10,1.2305883290874839e-10,1.230591123666537e-10,1.2305939020960846e-10,1.2305966644187511e-10,1.2305994106809886e-10,1.2306021409225134e-10,1.2306048551871907e-10,1.2306075535168705e-10,1.2306102359527959e-10,1.2306129025389228e-10,1.2306155533186663e-10,1.230618188330466e-10,1.2306208076174292e-10,1.2306234112213207e-10,1.2306259991836538e-10,1.2306285715460251e-10,1.230631128349802e-10,1.23063366963622e-10,1.2306361954464652e-10,1.2306387058216805e-10,1.230641200802678e-10,1.2306436804303808e-10,1.2306461447454734e-10,1.2306485937886046e-10,1.2306510276003125e-10,1.230653446220962e-10,1.2306558496908296e-10,1.2306582380501095e-10,1.230660611338898e-10,1.2306629695972302e-10,1.2306653128649283e-10,1.230667641181742e-10,1.2306699545873555e-10,1.2306722531212377e-10,1.2306745368229315e-10,1.230676805731725e-10,1.230679059886845e-10,1.2306812993274408e-10,1.2306835240925086e-10,1.2306857342210488e-10,1.2306879297518023e-10,1.2306901107234726e-10,1.23069227717473e-10,1.2306944291440626e-10,1.23069656666984e-10,1.2306986897904143e-10,1.2307007985427602e-10,1.2307028929661756e-10,1.230704973098659e-10,1.2307070389781255e-10,1.2307090906423367e-10,1.2307111281289977e-10,1.2307131514756914e-10,1.2307151607199117e-10,1.2307171558990702e-10,1.2307191370504296e-10,1.2307211042112094e-10,1.2307230574184582e-10,1.230724996709234e-10,1.2307269221203681e-10,1.2307288336886913e-10,1.2307307314509084e-10,1.2307326154436315e-10,1.2307344857033136e-10,1.2307363422663788e-10,1.2307381851691637e-10,1.23074001444786e-10,1.2307418301385937e-10,1.2307436322773752e-10,1.2307454209001213e-10,1.2307471960426674e-10,1.2307489577407457e-10,1.2307507060299821e-10,1.2307524409459405e-10,1.2307541625240534e-10,1.2307558707996616e-10,1.2307575658080413e-10,1.2307592475843526e-10,1.2307609161636567e-10,1.2307625715809482e-10,1.2307642138710714e-10,1.2307658430688726e-10,1.230767459208995e-10,1.2307690623260811e-10,1.230770652454632e-10,1.2307722296290672e-10,1.2307737938837236e-10,1.2307753452527904e-10,1.2307768837704814e-10,1.230778409470831e-10,1.2307799223877887e-10,1.2307814225552506e-10,1.2307829100069652e-10,1.230784384776649e-10,1.2307858468978985e-10,1.2307872964042465e-10,1.2307887333290845e-10,1.2307901577057717e-10,1.2307915695675689e-10,1.230792968947591e-10,1.2307943558789434e-10,1.2307957303946012e-10,1.2307970925274324e-10,1.230798442310277e-10,1.2307997797758194e-10,1.2308011049567253e-10,1.230802417885545e-10,1.2308037185946756e-10,1.2308050071165557e-10,1.2308062834834385e-10,1.2308075477275204e-10,1.2308087998809216e-10,1.2308100399756867e-10,1.2308112680437327e-10,1.2308124841169164e-10,1.2308136882271778e-10,1.2308148804060532e-10,1.2308160606851487e-10,1.2308172290959438e-10,1.2308183856697326e-10,1.230819530438057e-10,1.2308206634321408e-10,1.2308217846837332e-10,1.2308228942233841e-10,1.2308239920816765e-10,1.2308250782904157e-10,1.2308261528794963e-10,1.230827215880738e-10,1.2308282673243337e-10,1.2308293072406606e-10,1.2308303356604214e-10,1.2308313526143018e-10,1.230832358132241e-10,1.230833352244962e-10,1.23083433498244e-10,1.2308353063747202e-10,1.2308362664519402e-10,1.230837215244027e-10,1.230838152780939e-10,1.23083907909234e-10,1.2308399942078954e-10,1.23084089815752e-10,1.2308417909706253e-10,1.2308426726765677e-10,1.2308435433049306e-10,1.230844402885124e-10,1.2308452514462371e-10,1.2308460890174947e-10,1.2308469156279924e-10,1.230847731306289e-10,1.2308485360821203e-10,1.2308493299836392e-10,1.2308501130399868e-10,1.2308508852802952e-10,1.2308516467328067e-10,1.23085239742604e-10,1.2308531373884557e-10,1.2308538666481452e-10,1.2308545852337688e-10,1.2308552931739686e-10,1.2308559904966667e-10,1.2308566772298098e-10,1.2308573534010274e-10,1.230858019039182e-10,1.230858674171663e-10,1.2308593188258762e-10,1.2308599530300262e-10,1.2308605768117277e-10,1.2308611901985368e-10,1.2308617932183207e-10,1.230862385898344e-10,1.230862968265415e-10,1.2308635403471707e-10,1.2308641021709564e-10,1.2308646537638722e-10,1.2308651951529433e-10,1.230865726365197e-10,1.23086624742759e-10,1.2308667583669633e-10,1.2308672592100805e-10,1.2308677499836786e-10,1.2308682307144198e-10,1.2308687014288441e-10,1.2308691621535194e-10,1.2308696129147734e-10,1.2308700537390607e-10,1.2308704846526388e-10,1.2308709056816485e-10,1.2308713168523905e-10,1.2308717181908695e-10,1.2308721097231422e-10,1.2308724914751062e-10,1.2308728634726878e-10,1.2308732257416163e-10,1.2308735783076931e-10,1.2308739211965584e-10,1.2308742544338775e-10,1.2308745780451437e-10,1.2308748920557553e-10,1.230875196491124e-10,1.230875491376872e-10,1.2308757767377586e-10,1.2308760525992092e-10,1.2308763189864798e-10,1.230876575924427e-10,1.2308768234381812e-10,1.2308770615525605e-10,1.2308772902924503e-10,1.2308775096827593e-10,1.2308777197480792e-10,1.2308779205131694e-10,1.2308781120026068e-10,1.230878294240917e-10,1.230878467252587e-10,1.2308786310619968e-10,1.230878785693479e-10,1.2308789311713307e-10,1.2308790675197263e-10,1.2308791947628132e-10,1.2308793129247112e-10,1.2308794220294147e-10,1.2308795221008924e-10,1.2308796131629778e-10,1.2308796952395894e-10,1.230879768354379e-10,1.2308798325311377e-10,1.2308798877934337e-10,1.2308799341648958e-10,1.2308799716689918e-10,1.2308800003291928e-10,1.2308800201688806e-10,1.2308800312113435e-10,1.2308800334798915e-10,1.2308800269976774e-10,1.2308800117878833e-10,1.2308799878735696e-10,1.230879955277731e-10,1.2308799140233263e-10,1.230879864133295e-10,1.230879805630392e-10,1.2308797385374526e-10,1.2308796628771189e-10,1.230879578672132e-10,1.2308794859450005e-10,1.2308793847182762e-10,1.2308792750144501e-10,1.2308791568559071e-10,1.2308790302650087e-10,1.2308788952640428e-10,1.2308787518752226e-10,1.2308786001207822e-10,1.2308784400227574e-10,1.230878271603232e-10,1.230878094884224e-10,1.2308779098876441e-10,1.2308777166353854e-10,1.2308775151492612e-10,1.230877305451065e-10,1.2308770875624443e-10,1.2308768615050702e-10,1.230876627300565e-10,1.2308763849704206e-10,1.2308761345361388e-10,1.2308758760191275e-10,1.230875609440722e-10,1.2308753348222634e-10,1.2308750521850047e-10,1.2308747615500964e-10,1.2308744629387294e-10,1.2308741563719235e-10,1.2308738418707416e-10,1.2308735194561588e-10,1.2308731891490425e-10,1.2308728509703003e-10,1.2308725049406667e-10,1.2308721510808716e-10,1.2308717894117372e-10,1.230871419953821e-10,1.230871042727645e-10,1.2308706577535701e-10,1.2308702650522275e-10,1.2308698646440085e-10,1.2308694565495142e-10,1.230869040789092e-10,1.2308686173825213e-10,1.230868186350571e-10,1.2308677477128285e-10,1.230867301489926e-10,1.2308668477013928e-10,1.2308663863676425e-10,1.2308659175083666e-10,1.230865441143748e-10,1.2308649572932841e-10,1.2308644659768133e-10,1.2308639672140432e-10,1.230863461024643e-10,1.2308629474283743e-10,1.230862426444798e-10,1.2308618980925504e-10,1.2308613623924876e-10,1.2308608193634032e-10,1.2308602690247817e-10,1.230859711395761e-10,1.2308591464954266e-10,1.230858574343492e-10,1.2308579949592192e-10,1.2308574083609054e-10,1.2308568145680084e-10,1.2308562135997198e-10,1.230855605474142e-10,1.2308549902111488e-10,1.230854367829021e-10,1.2308537383473587e-10,1.2308531017847084e-10,1.2308524581590826e-10,1.2308518074897813e-10,1.2308511497945264e-10,1.2308504850932162e-10,1.2308498134031022e-10,1.2308491347431176e-10,1.2308484491315684e-10,1.2308477565868227e-10,1.2308470571274876e-10,1.230846350771652e-10,1.2308456375376136e-10,1.2308449174434066e-10,1.2308441905070496e-10,1.2308434567467523e-10,1.2308427161805247e-10,1.230841968826331e-10,1.2308412147021108e-10,1.230840453825454e-10,1.2308396862146738e-10,1.2308389118873016e-10,1.2308381308611067e-10,1.2308373431537468e-10,1.2308365487828446e-10,1.230835747765981e-10,1.2308349401208226e-10,1.2308341258648494e-10,1.2308333050149202e-10,1.230832477589401e-10,1.2308316436051803e-10,1.2308308030804172e-10,1.230829956031589e-10,1.2308291024759117e-10,1.2308282424299194e-10,1.2308273759112594e-10,1.230826502937119e-10,1.2308256235247722e-10,1.230824737690016e-10,1.230823845451606e-10,1.2308229468254516e-10,1.230822041828786e-10,1.230821130478236e-10,1.2308202127907862e-10,1.2308192887815717e-10,1.2308183584700483e-10,1.2308174218713836e-10,1.2308164790019781e-10,1.230815529878589e-10,1.230814574517978e-10,1.230813612935432e-10,1.2308126451489856e-10,1.2308116711744143e-10,1.2308106910279745e-10,1.2308097047260378e-10,1.2308087122847855e-10,1.230807713720375e-10,1.2308067090490133e-10,1.2308056982872456e-10,1.2308046814501444e-10,1.2308036585548878e-10,1.2308026296164362e-10,1.2308015946510877e-10,1.2308005536747816e-10,1.2307995067035863e-10,1.2307984537531677e-10,1.2307973948393234e-10,1.2307963299777723e-10,1.23079525918404e-10,1.2307941824742214e-10,1.230793099863521e-10,1.2307920113676382e-10,1.230790917001964e-10,1.230789816782244e-10,1.2307887107236952e-10,1.2307875988419043e-10,1.2307864811521855e-10,1.2307853576697982e-10,1.2307842284099356e-10,1.2307830933880538e-10,1.2307819526178147e-10,1.2307808061176247e-10,1.230779653900288e-10,1.2307784959797581e-10,1.2307773323743124e-10,1.2307761630975598e-10,1.230774988163662e-10,1.2307738075886295e-10,1.230772621386905e-10,1.230771429573066e-10,1.2307702321623677e-10,1.2307690291692207e-10,1.230767820608319e-10,1.230766606494766e-10,1.2307653868422373e-10,1.230764161666513e-10,1.2307629309819027e-10,1.2307616948026841e-10,1.230760453143398e-10,1.230759206018428e-10,1.2307579534417376e-10,1.230756695428511e-10,1.230755431993001e-10,1.2307541631473852e-10,1.2307528889093693e-10,1.2307516092919442e-10,1.2307503243088128e-10,1.2307490339742954e-10,1.2307477383024847e-10,1.2307464373075076e-10,1.2307451310033136e-10,1.2307438194040118e-10,1.230742502523736e-10,1.2307411803765322e-10,1.2307398529754673e-10,1.2307385203350324e-10,1.2307371824686565e-10,1.2307358393905733e-10,1.2307344911141256e-10,1.2307331376531605e-10,1.2307317790213598e-10,1.2307304152324037e-10,1.2307290463000005e-10,1.230727672237758e-10,1.23072629305911e-10,1.2307249087772688e-10,1.2307235194059438e-10,1.2307221249582088e-10,1.2307207254477205e-10,1.2307193208861206e-10,1.230717911290137e-10,1.2307164966715563e-10,1.230715077043426e-10,1.2307136524179616e-10,1.2307122228102625e-10,1.2307107882321667e-10,1.2307093486971298e-10,1.2307079042185045e-10,1.2307064548092108e-10,1.2307050004806429e-10,1.2307035412486119e-10,1.2307020771232076e-10,1.2307006081197817e-10,1.2306991342473973e-10,1.230697655524475e-10,1.230696171961591e-10,1.2306946835703266e-10,1.2306931903649009e-10,1.2306916923563263e-10,1.2306901895577394e-10,1.2306886819819556e-10,1.2306871696422749e-10,1.2306856525502398e-10,1.2306841307174386e-10,1.230682604157748e-10,1.2306810728836777e-10,1.2306795369077286e-10,1.2306779962423213e-10,1.23067645089983e-10,1.2306749008912678e-10,1.2306733462302238e-10,1.2306717869299324e-10,1.230670223001048e-10,1.2306686544556793e-10,1.230667081305505e-10,1.2306655035648807e-10,1.2306639212449185e-10,1.23066233435756e-10,1.2306607429143177e-10,1.2306591469274833e-10,1.2306575464093773e-10,1.2306559413715926e-10,1.230654331826099e-10,1.2306527177850125e-10,1.230651099259544e-10,1.2306494762588286e-10,1.230647848797763e-10,1.2306462168912498e-10,1.2306445805478088e-10,1.2306429397800576e-10,1.2306412945979321e-10,1.230639645013692e-10,1.2306379910375343e-10,1.2306363326842518e-10,1.2306346699637437e-10,1.2306330028878623e-10,1.230631331467345e-10,1.230629655714087e-10,1.2306279756394053e-10,1.2306262912546673e-10,1.2306246025713045e-10,1.2306229096003792e-10,1.2306212123536074e-10,1.2306195108421072e-10,1.2306178050769966e-10,1.2306160950695925e-10,1.2306143808310144e-10,1.2306126623724148e-10,1.2306109397068238e-10,1.2306092128467617e-10,1.2306074817949822e-10,1.230605746568074e-10,1.230604007174929e-10,1.2306022636290251e-10,1.2306005159398782e-10,1.230598764118827e-10,1.2305970081830741e-10,1.2305952481300596e-10,1.2305934839790176e-10,1.2305917157389228e-10,1.230589943421225e-10,1.2305881670362371e-10,1.2305863865949388e-10,1.2305846021083536e-10,1.230582813586057e-10,1.2305810210394097e-10,1.2305792244801008e-10,1.2305774239168068e-10,1.2305756193608674e-10,1.2305738108244087e-10,1.2305719983147278e-10,1.230570181843783e-10,1.230568361422206e-10,1.2305665370599125e-10,1.2305647087678423e-10,1.2305628765562534e-10,1.2305610404351612e-10,1.2305592004152285e-10,1.2305573565062665e-10,1.2305555087192122e-10,1.230553657063549e-10,1.23055180154975e-10,1.2305499421886284e-10,1.2305480789885557e-10,1.2305462119616906e-10,1.2305443411165777e-10,1.2305424664640108e-10,1.230540588013844e-10,1.230538705776091e-10,1.2305368197605638e-10,1.2305349299764535e-10,1.2305330364356842e-10,1.230531139147077e-10,1.2305292381201285e-10,1.2305273333654988e-10,1.2305254248915763e-10,1.2305235127098188e-10,1.230521596831967e-10,1.230519677262542e-10,1.230517754013807e-10,1.2305158270955294e-10,1.2305138965174633e-10,1.2305119622891523e-10,1.2305100244197173e-10,1.230508082919124e-10,1.230506137796543e-10,1.2305041890570502e-10,1.2305022367196318e-10,1.2305002807932338e-10,1.2304983212769643e-10,1.2304963581896798e-10,1.230494391540919e-10,1.2304924213330534e-10,1.2304904475815298e-10,1.2304884702936154e-10,1.2304864894755118e-10,1.2304845051381712e-10,1.2304825172963274e-10,1.2304805259545358e-10,1.23047853112233e-10,1.2304765328061646e-10,1.2304745310179006e-10,1.2304725257671487e-10,1.2304705170660054e-10,1.2304685049163783e-10,1.2304664893307104e-10,1.230464470320721e-10,1.2304624478912328e-10,1.230460422053096e-10,1.2304583928141833e-10,1.2304563601860928e-10,1.2304543241762362e-10,1.230452284793228e-10,1.230450242046545e-10,1.2304481959447084e-10,1.2304461464966107e-10,1.2304440937110083e-10,1.230442037596689e-10,1.2304399781624112e-10,1.2304379154169051e-10,1.230435849368907e-10,1.2304337800270973e-10,1.2304317074001343e-10,1.2304296314966665e-10,1.2304275523253351e-10,1.230425469894701e-10,1.2304233842133682e-10,1.2304212952898782e-10,1.2304192031327547e-10,1.2304171077505137e-10,1.2304150091516348e-10,1.2304129073445874e-10,1.2304108023378342e-10,1.2304086941397422e-10,1.2304065827587373e-10,1.2304044682031846e-10,1.230402350481463e-10,1.2304002296019017e-10,1.2303981055727608e-10,1.2303959784011362e-10,1.230393848097745e-10,1.2303917146667298e-10,1.2303895781206785e-10,1.2303874384663634e-10,1.230385295712725e-10,1.2303831498662587e-10,1.2303810009366366e-10,1.2303788489297147e-10,1.2303766938567065e-10,1.2303745357244387e-10,1.2303723745390745e-10,1.2303702103113694e-10,1.2303680430480826e-10,1.2303658727572915e-10,1.2303636994469078e-10,1.2303615231249133e-10,1.2303593437991986e-10,1.2303571614775323e-10,1.230354976168597e-10,1.2303527878756354e-10,1.2303505966136194e-10,1.2303484023839414e-10,1.2303462052010637e-10,1.2303440050659438e-10,1.2303418019917477e-10,1.2303395959855488e-10,1.2303373870540064e-10,1.230335175204286e-10,1.2303329604445465e-10,1.2303307427829842e-10,1.2303285222255344e-10,1.2303262987801846e-10,1.230324072455581e-10,1.2303218432583077e-10,1.2303196111970852e-10,1.2303173762820146e-10,1.2303151385144118e-10,1.230312897904027e-10,1.2303106544563174e-10,1.2303084081842905e-10,1.2303061590923498e-10,1.2303039071879666e-10,1.2303016524799317e-10,1.230299394973302e-10,1.2302971346776619e-10,1.2302948715979409e-10,1.2302926057432003e-10,1.2302903371211668e-10,1.2302880657369665e-10,1.2302857915917734e-10,1.23028351470679e-10,1.2302812350815364e-10,1.230278952723139e-10,1.2302766676407609e-10,1.2302743798420622e-10,1.2302720893327085e-10,1.2302697961201585e-10,1.2302675002111602e-10,1.230265201612726e-10,1.2302629003295382e-10,1.23026059637694e-10,1.2302582897515894e-10,1.2302559804631678e-10,1.2302536685241444e-10,1.2302513539380534e-10,1.230249036711865e-10,1.2302467168526376e-10,1.2302443943672276e-10,1.2302420692613048e-10,1.2302397415440335e-10,1.2302374112210544e-10,1.2302350782990705e-10,1.2302327427852052e-10,1.230230404686413e-10,1.230228064009338e-10,1.2302257207607065e-10,1.2302233749571815e-10,1.2302210265860724e-10,1.23021867566335e-10,1.2302163221959827e-10,1.2302139661907348e-10,1.2302116076542132e-10,1.230209246593133e-10,1.2302068830141881e-10,1.2302045169237953e-10,1.2302021483286682e-10,1.230199777235394e-10,1.2301974036505462e-10,1.2301950275806607e-10,1.2301926490322945e-10,1.2301902680116904e-10,1.230187884526117e-10,1.2301854985817638e-10,1.2301831101838377e-10,1.2301807193363158e-10,1.2301783260535737e-10,1.230175930341656e-10,1.2301735321977666e-10,1.2301711316337635e-10,1.2301687286573274e-10,1.2301663232716686e-10,1.230163915482599e-10,1.230161505300565e-10,1.2301590927288201e-10,1.2301566777745733e-10,1.2301542604446035e-10,1.2301518407444493e-10,1.2301494186805802e-10,1.2301469942591083e-10,1.2301445674862253e-10,1.2301421383680873e-10,1.2301397069108927e-10,1.230137273120757e-10,1.2301348370038225e-10,1.230132398566229e-10,1.2301299578140353e-10,1.2301275147543815e-10,1.23012506939307e-10,1.2301226217296817e-10,1.2301201717825475e-10,1.2301177195523039e-10,1.2301152650421499e-10,1.2301128082563998e-10,1.2301103492012176e-10,1.2301078878896865e-10,1.2301054243245073e-10,1.23010295851063e-10,1.2301004904541133e-10,1.230098020159836e-10,1.230095547635692e-10,1.230093072886084e-10,1.23009059591536e-10,1.2300881167389186e-10,1.2300856353490498e-10,1.2300831517573306e-10,1.230080665969976e-10,1.2300781779912308e-10,1.230075687829158e-10,1.2300731954888056e-10,1.2300707009753423e-10,1.2300682042946984e-10,1.2300657054558555e-10,1.2300632044578197e-10,1.2300607013100537e-10,1.2300581960177226e-10,1.2300556885857922e-10,1.2300531790243877e-10,1.2300506673317025e-10,1.2300481535251083e-10,1.2300456375950767e-10,1.2300431195512144e-10,1.230040599404674e-10,1.2300380771568362e-10,1.230035552813879e-10,1.2300330263828104e-10,1.2300304978684443e-10,1.2300279672761299e-10,1.23002543461137e-10,1.2300228998796492e-10,1.2300203630863556e-10,1.2300178242369961e-10,1.2300152833368463e-10,1.2300127403914626e-10,1.2300101954060923e-10,1.230007648386113e-10,1.2300050993366786e-10,1.2300025482671589e-10,1.229999995172294e-10,1.2299974400728805e-10,1.2299948829599056e-10,1.2299923238438934e-10,1.229989762730366e-10,1.2299871996246945e-10,1.2299846345346241e-10,1.2299820674601183e-10,1.2299794984092656e-10,1.2299769273871902e-10,1.229974354398437e-10,1.2299717794486063e-10,1.229969202542976e-10,1.2299666236867963e-10,1.2299640428847118e-10,1.2299614601424167e-10,1.229958875463752e-10,1.229956288855445e-10,1.2299537003220862e-10,1.2299511098685472e-10,1.229948517507624e-10,1.2299459232257389e-10,1.229943327041509e-10,1.2299407289575278e-10,1.229938128975499e-10,1.2299355271062374e-10,1.2299329233514719e-10,1.2299303177164898e-10,1.229927710205141e-10,1.229925100824389e-10,1.2299224895782597e-10,1.2299198764782694e-10,1.2299172615159163e-10,1.2299146447023638e-10,1.2299120260433329e-10,1.2299094055419977e-10,1.2299067832022167e-10,1.2299041590350513e-10,1.2299015330408e-10,1.2298989052255076e-10,1.2298962755923477e-10,1.2298936441477488e-10,1.2298910108957391e-10,1.2298883758409374e-10,1.2298857389881715e-10,1.2298831003422643e-10,1.2298804599075192e-10,1.2298778176890257e-10,1.2298751736914777e-10,1.2298725279194414e-10,1.229869880377598e-10,1.2298672310697858e-10,1.2298645800021557e-10,1.2298619271777962e-10,1.2298592726030377e-10,1.2298566162815065e-10,1.2298539582165555e-10,1.229851298414438e-10,1.229848636879097e-10,1.2298459736162603e-10,1.229843308628215e-10,1.2298406419217269e-10,1.229837973500431e-10,1.2298353033677243e-10,1.229832631529128e-10,1.229829957989136e-10,1.2298272827522018e-10,1.2298246058235208e-10,1.229821927206093e-10,1.2298192469059572e-10,1.2298165649265218e-10,1.229813881271616e-10,1.2298111959513125e-10,1.2298085089600396e-10,1.229805820307314e-10,1.229803129997322e-10,1.2298004380339698e-10,1.2297977444226562e-10,1.2297950491657262e-10,1.229792352269506e-10,1.2297896537398194e-10,1.2297869535766765e-10,1.2297842517868664e-10,1.2297815483746992e-10,1.2297788433428123e-10,1.2297761366973496e-10,1.2297734284425585e-10,1.229770718580899e-10,1.229768007118938e-10,1.2297652940600806e-10,1.2297625794075225e-10,1.2297598631663478e-10,1.2297571453406843e-10,1.2297544259335342e-10,1.2297517049498014e-10,1.2297489823941542e-10,1.229746258270026e-10,1.2297435325821396e-10,1.229740805333989e-10,1.2297380765302205e-10,1.2297353461747053e-10,1.2297326142710598e-10,1.229729880820581e-10,1.229727145830558e-10,1.229724409308258e-10,1.229721671251244e-10,1.2297189316663917e-10,1.2297161905576464e-10,1.229713447931985e-10,1.2297107037888217e-10,1.2297079581344333e-10,1.229705210984016e-10,1.2297024623156576e-10,1.2296997121547047e-10,1.229696960504521e-10,1.2296942073550113e-10,1.229691452714954e-10,1.2296886965945442e-10,1.2296859389936817e-10,1.2296831799166775e-10,1.2296804193691407e-10,1.2296776573514494e-10,1.2296748938696177e-10,1.229672128926418e-10,1.2296693625250764e-10,1.229666594670781e-10,1.2296638253672165e-10,1.2296610546175273e-10,1.2296582824300544e-10,1.2296555088011257e-10,1.2296527337405572e-10,1.229649957249471e-10,1.2296471793301148e-10,1.2296443999905894e-10,1.2296416192308794e-10,1.2296388370534343e-10,1.2296360534669297e-10,1.229633268472472e-10,1.2296304820743633e-10,1.2296276942753533e-10,1.229624905079959e-10,1.2296221144867566e-10,1.2296193225085838e-10,1.2296165291402853e-10,1.2296137343874465e-10,1.2296109382575402e-10,1.2296081407582966e-10,1.2296053418782694e-10,1.229602541637257e-10,1.229599740032314e-10,1.229596937070722e-10,1.229594132752103e-10,1.229591327078625e-10,1.2295885200561337e-10,1.2295857116840587e-10,1.2295829019738092e-10,1.2295800909234007e-10,1.229577278537072e-10,1.2295744648178183e-10,1.2295716497705312e-10,1.2295688333970596e-10,1.2295660157017878e-10,1.2295631966880118e-10,1.2295603763598538e-10,1.2295575547215962e-10,1.2295547317740108e-10,1.229551907521782e-10,1.229549081968897e-10,1.229546255114979e-10,1.229543426965461e-10,1.229540597528392e-10,1.2295377668046362e-10,1.2295349347966182e-10,1.229532101505185e-10,1.2295292669383485e-10,1.2295264311000133e-10,1.22952359398857e-10,1.2295207556146077e-10,1.22951791597202e-10,1.2295150750726062e-10,1.229512232916527e-10,1.2295093895021048e-10,1.2295065448356072e-10,1.2295036989209831e-10,1.2295008517638718e-10,1.229498003372192e-10,1.2294951537407303e-10,1.229492302870823e-10,1.2294894507693687e-10,1.229486597435123e-10,1.229483742879452e-10,1.2294808871116003e-10,1.2294780301186335e-10,1.2294751719100128e-10,1.2294723124892722e-10,1.2294694518651066e-10,1.229466590031292e-10,1.2294637269940217e-10,1.2294608627581027e-10,1.2294579973248147e-10,1.2294551306994297e-10,1.2294522628843116e-10,1.2294493938830847e-10,1.2294465236991224e-10,1.2294436523338438e-10,1.2294407797918408e-10,1.229437906073833e-10,1.2294350311869422e-10,1.2294321551319083e-10,1.2294292779119426e-10,1.2294263995302908e-10,1.2294235199896903e-10,1.2294206392939855e-10,1.2294177574445804e-10,1.2294148744447062e-10,1.2294119902989769e-10,1.2294091050093896e-10,1.2294062185794693e-10,1.2294033310127066e-10,1.2294004423106284e-10,1.2293975524748948e-10,1.2293946615132275e-10,1.229391769422444e-10,1.2293888762096705e-10,1.2293859818765566e-10,1.2293830864251168e-10,1.2293801898615813e-10,1.2293772921862173e-10,1.2293743934032195e-10,1.2293714935150096e-10,1.2293685925241897e-10,1.2293656904270692e-10,1.229362787240035e-10,1.2293598829595403e-10,1.2293569775882177e-10,1.2293540711293681e-10,1.2293511635854355e-10,1.2293482549592608e-10,1.2293453452532985e-10,1.2293424344650275e-10,1.2293395226091884e-10,1.2293366096824805e-10,1.22933369568742e-10,1.2293307806273872e-10,1.2293278645048644e-10,1.2293249473226656e-10,1.2293220290835735e-10,1.2293191097906063e-10,1.2293161894460485e-10,1.2293132680529384e-10,1.2293103456140112e-10,1.2293074221319943e-10,1.2293044976096313e-10,1.2293015720499323e-10,1.2292986454551277e-10,1.2292957178304174e-10,1.229292789174359e-10,1.229289859489067e-10,1.2292869287778572e-10,1.229283997048699e-10,1.2292810643004126e-10,1.2292781305368646e-10,1.229275195755531e-10,1.2292722599680023e-10,1.229269323172612e-10,1.2292663853717424e-10,1.229263446563715e-10,1.229260506760316e-10,1.2292575659608606e-10,1.2292546241670613e-10,1.2292516813798304e-10,1.2292487376073623e-10,1.2292457928432996e-10,1.2292428470993527e-10,1.2292399003693802e-10,1.2292369526598455e-10,1.2292340039754432e-10,1.2292310543161297e-10,1.2292281036854774e-10,1.2292251520848758e-10,1.2292221995178508e-10,1.2292192459871317e-10,1.2292162914950887e-10,1.2292133360441603e-10,1.229210379633165e-10,1.2292074222751034e-10,1.2292044639629136e-10,1.2292015047018828e-10,1.229198544494312e-10,1.229195583343268e-10,1.22919262125092e-10,1.2291896582196197e-10,1.2291866942533808e-10,1.2291837293520445e-10,1.2291807635236046e-10,1.229177796764448e-10,1.229174829075725e-10,1.2291718604627958e-10,1.2291688909283506e-10,1.2291659204738245e-10,1.2291629490909186e-10,1.2291599768067037e-10,1.2291570036086848e-10,1.2291540295004547e-10,1.2291510544864173e-10,1.2291480785677678e-10,1.2291451017496845e-10,1.2291421240329443e-10,1.2291391454159913e-10,1.229136165902692e-10,1.229133185496364e-10,1.2291302042034613e-10,1.2291272220118532e-10,1.2291242389399362e-10,1.2291212549852224e-10,1.2291182701561905e-10,1.2291152844412627e-10,1.2291122978495906e-10,1.229109310383371e-10,1.2291063220473966e-10,1.2291033328415114e-10,1.2291003427669938e-10,1.2290973518258236e-10,1.2290943600292608e-10,1.229091367373531e-10,1.2290883738522038e-10,1.2290853794735798e-10,1.2290823842417237e-10,1.2290793881587753e-10,1.2290763912231528e-10,1.2290733934429138e-10,1.2290703948171504e-10,1.2290673953523459e-10,1.2290643950435175e-10,1.2290613938973764e-10,1.2290583919144348e-10,1.229055389094212e-10,1.2290523854460268e-10,1.2290493809671613e-10,1.2290463756622782e-10,1.2290433695288614e-10,1.229040362575946e-10,1.2290373548070368e-10,1.229034346215078e-10,1.2290313368067057e-10,1.2290283265811838e-10,1.2290253155463999e-10,1.2290223037013434e-10,1.2290192910451428e-10,1.2290162775889657e-10,1.2290132633295908e-10,1.229010248266362e-10,1.2290072324009956e-10,1.2290042157413269e-10,1.2290011982857478e-10,1.2289981800440104e-10,1.2289951610054315e-10,1.228992141177236e-10,1.2289891205621362e-10,1.228986099162236e-10,1.2289830769808496e-10,1.2289800540109808e-10,1.2289770302692699e-10,1.2289740057512566e-10,1.2289709804593218e-10,1.2289679543960025e-10,1.2289649275612327e-10,1.2289618999525048e-10,1.2289588715795455e-10,1.2289558424448767e-10,1.2289528125489614e-10,1.2289497818928624e-10,1.228946750473284e-10,1.228943718301703e-10,1.2289406853694397e-10,1.2289376516911648e-10,1.2289346172623152e-10,1.228931582085513e-10,1.2289285461620443e-10,1.2289255094948737e-10,1.2289224720949395e-10,1.228919433946399e-10,1.2289163950569955e-10,1.2289133554313925e-10,1.2289103150677777e-10,1.2289072739740108e-10,1.228904232151179e-10,1.2289011895989311e-10,1.2288981463196667e-10,1.2288951023162137e-10,1.2288920575872178e-10,1.2288890121544646e-10,1.2288859659859901e-10,1.2288829191030454e-10,1.2288798715021924e-10,1.2288768231872463e-10,1.2288737741605702e-10,1.2288707244255617e-10,1.2288676739923195e-10,1.2288646228416744e-10,1.2288615709888843e-10,1.2288585184314726e-10,1.228855465176557e-10,1.2288524112208045e-10,1.2288493565682256e-10,1.2288463012201084e-10,1.2288432451770294e-10,1.2288401884410026e-10,1.2288371310163497e-10,1.2288340729059442e-10,1.228831014107513e-10,1.228827954634021e-10,1.228824894472852e-10,1.2288218336298613e-10,1.2288187721141455e-10,1.228815709915169e-10,1.2288126470355183e-10,1.2288095834898772e-10,1.228806519271347e-10,1.228803454390653e-10,1.2288003888343624e-10,1.228797322611451e-10,1.2287942557252395e-10,1.2287911881749248e-10,1.228788119964103e-10,1.2287850510944086e-10,1.2287819815669057e-10,1.2287789113836007e-10,1.2287758405467157e-10,1.2287727690567886e-10,1.2287696969164008e-10,1.2287666241283433e-10,1.2287635506861387e-10,1.228760476604206e-10,1.2287574018797516e-10,1.2287543265130084e-10,1.2287512505085617e-10,1.2287481738610707e-10,1.2287450965853459e-10,1.228742018669416e-10,1.2287389401177207e-10,1.2287358609349442e-10,1.228732781120085e-10,1.2287297006778978e-10,1.2287266196072858e-10,1.2287235379188005e-10,1.2287204555991527e-10,1.2287173726581676e-10,1.2287142890972942e-10,1.2287112049178127e-10,1.2287081201211506e-10,1.2287050347095998e-10,1.2287019486863441e-10,1.2286988620490552e-10,1.228695774792125e-10,1.2286926869344198e-10,1.2286895984694277e-10,1.228686509402924e-10,1.2286834197230325e-10,1.2286803294456567e-10,1.2286772385664116e-10,1.2286741470934414e-10,1.2286710550179168e-10,1.228667962346189e-10,1.228664869085198e-10,1.2286617752279277e-10,1.2286586807781056e-10,1.2286555857373172e-10,1.2286524901092657e-10,1.2286493938932883e-10,1.2286462970920463e-10,1.2286431997088644e-10,1.2286401017419765e-10,1.2286370031938585e-10,1.2286339040674064e-10,1.2286308043647177e-10,1.228627704084708e-10,1.2286246032356423e-10,1.2286215018089346e-10,1.2286183998100318e-10,1.2286152972507406e-10,1.2286121941164428e-10,1.2286090904102586e-10,1.228605986140512e-10,1.2286028813070592e-10,1.2285997759130655e-10,1.228596669955847e-10,1.228593563439499e-10,1.2285904563652602e-10,1.2285873487357982e-10,1.2285842405501707e-10,1.2285811318110602e-10,1.2285780225200814e-10,1.2285749126781276e-10,1.2285718022890357e-10,1.2285686913503343e-10,1.22856557986521e-10,1.2285624678373574e-10,1.228559355266291e-10,1.2285562421515535e-10,1.2285531284960655e-10,1.228550014296649e-10,1.2285468995670475e-10,1.2285437842990683e-10,1.2285406684949448e-10,1.2285375521584776e-10,1.2285344352901387e-10,1.2285313178910787e-10,1.2285281999629379e-10,1.2285250815070292e-10,1.2285219625251174e-10,1.2285188430227495e-10,1.2285157229927679e-10,1.2285126024400628e-10,1.2285094813713427e-10,1.2285063597783376e-10,1.228503237667505e-10,1.2285001150403486e-10,1.2284969918976108e-10,1.2284938682410933e-10,1.2284907440717285e-10,1.228487619391512e-10,1.228484494201571e-10,1.228481368505271e-10,1.2284782423000613e-10,1.2284751155888423e-10,1.2284719883733394e-10,1.2284688606545105e-10,1.2284657324363496e-10,1.2284626037151045e-10,1.2284594744928642e-10,1.2284563447751425e-10,1.2284532145606727e-10,1.2284500838512077e-10,1.2284469526480157e-10,1.228443820952421e-10,1.2284406887653358e-10,1.2284375560881198e-10,1.2284344229224934e-10,1.228431289269949e-10,1.2284281551308516e-10,1.228425020507146e-10,1.2284218853969496e-10,1.2284187498076116e-10,1.2284156137380548e-10,1.2284124771888984e-10,1.2284093401614064e-10,1.2284062026618533e-10,1.2284030646817913e-10,1.2283999262277486e-10,1.228396787299538e-10,1.2283936478993454e-10,1.2283905080284035e-10,1.2283873676883474e-10,1.2283842268804058e-10,1.2283810856050072e-10,1.2283779438688932e-10,1.2283748016639235e-10,1.2283716589946224e-10,1.2283685158631217e-10,1.2283653722714196e-10,1.228362228219768e-10,1.2283590837125032e-10,1.2283559387464612e-10,1.2283527933238654e-10,1.2283496474464507e-10,1.2283465011147705e-10,1.2283433543313724e-10,1.2283402070973976e-10,1.2283370594135598e-10,1.2283339112809856e-10,1.2283307627008067e-10,1.2283276136762733e-10,1.228324464204816e-10,1.2283213142896428e-10,1.2283181639316168e-10,1.2283150131329425e-10,1.2283118618928573e-10,1.2283087102207465e-10,1.2283055581042263e-10,1.228302405549906e-10,1.228299252562587e-10,1.2282960991380499e-10,1.2282929452800143e-10,1.2282897909898872e-10,1.2282866362692602e-10,1.2282834811182973e-10,1.2282803255383798e-10,1.228277169530871e-10,1.228274013096798e-10,1.2282708562371131e-10,1.228267698953966e-10,1.2282645412481433e-10,1.228261383119821e-10,1.2282582245705018e-10,1.2282550656019528e-10,1.228251906214467e-10,1.228248746409864e-10,1.2282455861889098e-10,1.2282424255522702e-10,1.2282392645017645e-10,1.2282361030380022e-10,1.22823294115936e-10,1.2282297788725254e-10,1.2282266161767598e-10,1.2282234530691676e-10,1.2282202895564722e-10,1.2282171256375347e-10,1.2282139613138513e-10,1.228210796585668e-10,1.228207631451212e-10,1.2282044659167423e-10,1.228201299982202e-10,1.2281981336469164e-10,1.2281949669130272e-10,1.2281917997817896e-10,1.228188632253229e-10,1.228185464329697e-10,1.2281822960106818e-10,1.228179127298105e-10,1.2281759581954288e-10,1.2281727886987134e-10,1.2281696188115673e-10,1.2281664485334338e-10,1.2281632778682658e-10,1.2281601068172543e-10,1.228156935379245e-10,1.2281537635557616e-10,1.2281505913476733e-10,1.2281474187571482e-10,1.228144245783877e-10,1.228141072428998e-10,1.228137898700517e-10,1.2281347245870593e-10,1.2281315500949974e-10,1.2281283752257799e-10,1.228125199981269e-10,1.2281220243613639e-10,1.228118848366922e-10,1.2281156719985363e-10,1.2281124952578816e-10,1.2281093181441565e-10,1.228106140661662e-10,1.2281029628118444e-10,1.2280997845939656e-10,1.2280966060076784e-10,1.2280934270557305e-10,1.2280902477394378e-10,1.228087068060893e-10,1.2280838880171962e-10,1.2280807076120024e-10,1.2280775268458536e-10,1.2280743457174573e-10,1.2280711642296015e-10,1.228067982384819e-10,1.2280648001820754e-10,1.2280616176222456e-10,1.228058434707939e-10,1.2280552514388014e-10,1.2280520678247582e-10,1.2280488838497597e-10,1.228045699528199e-10,1.2280425148507534e-10,1.2280393298228677e-10,1.2280361444467737e-10,1.2280329587228804e-10,1.228029772651696e-10,1.2280265862337867e-10,1.2280233994719826e-10,1.2280202123654742e-10,1.228017024915721e-10,1.2280138371242808e-10,1.228010648991114e-10,1.22800746052111e-10,1.2280042717071359e-10,1.228001082563949e-10,1.227997893074974e-10,1.2279947032484313e-10,1.2279915130860213e-10,1.2279883225929765e-10,1.2279851317613797e-10,1.2279819405964118e-10,1.2279787490992437e-10,1.2279755572704962e-10,1.2279723651109824e-10,1.2279691726219167e-10,1.2279659798031165e-10,1.227962786657711e-10,1.2279595931846221e-10,1.2279563993850956e-10,1.2279532052611667e-10,1.2279500108120355e-10,1.227946816040767e-10,1.2279436209462294e-10,1.2279404255343935e-10,1.2279372297972268e-10,1.227934033740788e-10,1.2279308373648052e-10,1.2279276406697965e-10,1.227924443656378e-10,1.227921246327794e-10,1.2279180486834965e-10,1.227914850724629e-10,1.2279116524576523e-10,1.2279084538734752e-10,1.2279052549744236e-10,1.2279020557645724e-10,1.227898856250238e-10,1.227895656420177e-10,1.2278924562809566e-10,1.2278892558328198e-10,1.2278860550785458e-10,1.2278828540178027e-10,1.2278796526513657e-10,1.2278764509788295e-10,1.2278732490029687e-10,1.2278700467239803e-10,1.2278668441457684e-10,1.227863641262913e-10,1.2278604380800325e-10,1.2278572345972012e-10,1.227854030815578e-10,1.2278508267363703e-10,1.2278476223586216e-10,1.2278444176836558e-10,1.2278412127142997e-10,1.227838007447745e-10,1.2278348018889202e-10,1.227831596035601e-10,1.2278283898897537e-10,1.227825183452555e-10,1.2278219767226768e-10,1.227818769706744e-10,1.2278155623977845e-10,1.227812354800472e-10,1.2278091469139402e-10,1.2278059387416436e-10,1.2278027302825255e-10,1.2277995215374688e-10,1.2277963125060033e-10,1.2277931031926113e-10,1.2277898935963773e-10,1.2277866837170123e-10,1.2277834735562376e-10,1.2277802631143805e-10,1.2277770523920877e-10,1.2277738413911953e-10,1.2277706301113815e-10,1.2277674185520023e-10,1.2277642067164224e-10,1.2277609946117192e-10,1.2277577822217212e-10,1.2277545695600707e-10,1.2277513566223747e-10,1.227748143411524e-10,1.227744929928899e-10,1.2277417161753075e-10,1.2277385021492943e-10,1.2277352878516604e-10,1.2277320732854534e-10,1.2277288584491884e-10,1.2277256433455952e-10,1.2277224279713728e-10,1.2277192123335675e-10,1.2277159964309462e-10,1.2277127802621204e-10,1.227709563828842e-10,1.2277063471319641e-10,1.227703130170287e-10,1.2276999129476184e-10,1.227696695463934e-10,1.2276934777170308e-10,1.2276902597098628e-10,1.2276870414452826e-10,1.227683822921188e-10,1.2276806041382988e-10,1.2276773850995776e-10,1.2276741658030516e-10,1.227670946249739e-10,1.2276677264420056e-10,1.2276645063796875e-10,1.227661286061235e-10,1.22765806548775e-10,1.227654844664687e-10,1.2276516235903937e-10,1.227648402263973e-10,1.227645180685376e-10,1.2276419588587807e-10,1.2276387367902944e-10,1.227635514467734e-10,1.2276322918979566e-10,1.2276290690778635e-10,1.2276258460116193e-10,1.227622622699802e-10,1.2276193991421303e-10,1.2276161753424292e-10,1.227612951298409e-10,1.2276097270112898e-10,1.2276065024836056e-10,1.2276032777111802e-10,1.2276000526978063e-10,1.2275968274439956e-10,1.2275936019493392e-10,1.2275903762224587e-10,1.2275871502525844e-10,1.2275839240445205e-10,1.2275806975983582e-10,1.2275774709166e-10,1.2275742439959695e-10,1.2275710168422297e-10,1.2275677894554466e-10,1.2275645618309368e-10,1.2275613339756118e-10,1.2275581058872501e-10,1.2275548775676868e-10,1.227551649017362e-10,1.2275484202342664e-10,1.227545191221311e-10,1.227541961979529e-10,1.2275387325106027e-10,1.2275355028113076e-10,1.2275322728858664e-10,1.2275290427322788e-10,1.2275258123524073e-10,1.2275225817469547e-10,1.2275193509166244e-10,1.2275161198602762e-10,1.227512888582679e-10,1.2275096570819176e-10,1.2275064253574789e-10,1.2275031934112773e-10,1.2274999612434222e-10,1.2274967288538306e-10,1.2274934962451655e-10,1.2274902634169938e-10,1.2274870303698743e-10,1.2274837971051143e-10,1.2274805636230982e-10,1.227477329924447e-10,1.2274740960076583e-10,1.22747086187493e-10,1.22746762752647e-10,1.2274643929635018e-10,1.2274611581875974e-10,1.2274579231985137e-10,1.2274546879946772e-10,1.2274514525787255e-10,1.2274482169513042e-10,1.227444981114443e-10,1.2274417450660322e-10,1.2274385088033544e-10,1.2274352723338268e-10,1.227432035656385e-10,1.2274287987705037e-10,1.2274255616754195e-10,1.2274223243742883e-10,1.227419086869345e-10,1.2274158491561495e-10,1.2274126112418577e-10,1.2274093731272848e-10,1.2274061347979008e-10,1.227402896267015e-10,1.2273996575321767e-10,1.2273964185947315e-10,1.2273931794552906e-10,1.2273899401171172e-10,1.2273867005710108e-10,1.2273834608306462e-10,1.22738022088881e-10,1.227376980748628e-10,1.2273737404092327e-10,1.227370499872048e-10,1.2273672591371645e-10,1.2273640182040408e-10,1.227360777073582e-10,1.2273575357492124e-10,1.2273542942299015e-10,1.2273510525163193e-10,1.2273478106073366e-10,1.2273445685046356e-10,1.227341326209136e-10,1.2273380837205684e-10,1.2273348410399725e-10,1.2273315981683312e-10,1.2273283551109442e-10,1.2273251118638143e-10,1.2273218684194383e-10,1.227318624786527e-10,1.22731538096458e-10,1.2273121369546642e-10,1.2273088927567946e-10,1.2273056483741135e-10,1.227302403800086e-10,1.2272991590355038e-10,1.227295914091235e-10,1.227292668961681e-10,1.2272894236459963e-10,1.2272861781552287e-10,1.2272829324730717e-10,1.2272796866079992e-10,1.2272764405555635e-10,1.2272731943256517e-10,1.2272699479141269e-10,1.2272667013124963e-10,1.2272634545396846e-10,1.227260207588619e-10,1.2272569604560874e-10,1.2272537131445612e-10,1.2272504656540426e-10,1.2272472179858229e-10,1.227243970138647e-10,1.2272407221155218e-10,1.2272374739157581e-10,1.2272342255399247e-10,1.2272309769888786e-10,1.2272277282725378e-10,1.2272244793709344e-10,1.227221230295904e-10,1.2272179810492347e-10,1.2272147316278489e-10,1.2272114820337035e-10,1.227208232267124e-10,1.2272049823288775e-10,1.2272017322197982e-10,1.22719848194112e-10,1.2271952314908347e-10,1.22719198087203e-10,1.2271887300827985e-10,1.2271854791248515e-10,1.2271822279986048e-10,1.2271789767072065e-10,1.2271757252458653e-10,1.2271724736177813e-10,1.2271692218253238e-10,1.2271659698648667e-10,1.2271627177390865e-10,1.2271594654482157e-10,1.2271562129951594e-10,1.2271529603761073e-10,1.2271497075954998e-10,1.2271464546505647e-10,1.2271432015414893e-10,1.227139948270948e-10,1.2271366948383896e-10,1.2271334412447887e-10,1.2271301874925343e-10,1.2271269335796164e-10,1.2271236795048373e-10,1.227120425270956e-10,1.2271171708771373e-10,1.2271139163262405e-10,1.2271106616167448e-10,1.2271074067550006e-10,1.2271041517309697e-10,1.2271008965485824e-10,1.227097641211432e-10,1.2270943857163457e-10,1.2270911300659744e-10,1.2270878742688396e-10,1.227084618305608e-10,1.2270813621939156e-10,1.2270781059285715e-10,1.2270748495090034e-10,1.227071592939011e-10,1.227068336216492e-10,1.2270650793406415e-10,1.2270618223143124e-10,1.2270585651371795e-10,1.2270553078079548e-10,1.2270520503293637e-10,1.227048792701402e-10,1.227045534926437e-10,1.227042277002484e-10,1.2270390189278826e-10,1.2270357607062742e-10,1.227032502338837e-10,1.227029243822976e-10,1.2270259851617243e-10,1.227022726351504e-10,1.22701946739694e-10,1.227016208295367e-10,1.2270129490519459e-10,1.227009689663996e-10,1.2270064301287208e-10,1.2270031704524773e-10,1.2269999106309587e-10,1.2269966506664086e-10,1.2269933905563724e-10,1.2269901303059412e-10,1.2269868699148412e-10,1.2269836093822078e-10,1.226980348709214e-10,1.2269770878966536e-10,1.2269738269421508e-10,1.2269705658481985e-10,1.2269673046149997e-10,1.226964043242517e-10,1.226960781731999e-10,1.2269575200834465e-10,1.2269542582967667e-10,1.2269509963742276e-10,1.2269477343124622e-10,1.2269444721157632e-10,1.226941209782858e-10,1.2269379473195116e-10,1.226934684715038e-10,1.2269314219766084e-10,1.2269281591058538e-10,1.2269248960897223e-10,1.2269216329511846e-10,1.2269183696769848e-10,1.2269151062699248e-10,1.226911842732664e-10,1.2269085790633933e-10,1.2269053152623242e-10,1.2269020513273307e-10,1.2268987872599534e-10,1.2268955230633612e-10,1.2268922587354605e-10,1.2268889942788172e-10,1.2268857296912845e-10,1.2268824649744977e-10,1.2268792001293897e-10,1.2268759351552819e-10,1.2268726700548167e-10,1.226869404825974e-10,1.2268661394708584e-10,1.226862873988958e-10,1.2268596083806069e-10,1.2268563426465162e-10,1.2268530767863666e-10,1.2268498108009443e-10,1.226846544690531e-10,1.226843278455517e-10,1.2268400120965633e-10,1.2268367456139132e-10,1.226833479007753e-10,1.2268302122782993e-10,1.2268269454260996e-10,1.2268236784514482e-10,1.2268204113548013e-10,1.2268171441364483e-10,1.226813876796746e-10,1.2268106093362224e-10,1.2268073417549384e-10,1.226804074053451e-10,1.226800806232081e-10,1.2267975382911044e-10,1.2267942702309508e-10,1.2267910020519705e-10,1.2267877337545316e-10,1.226784465338948e-10,1.2267811968054213e-10,1.2267779281546014e-10,1.2267746593867085e-10,1.2267713905043632e-10,1.2267681215031141e-10,1.2267648523887727e-10,1.2267615831560397e-10,1.226758313807598e-10,1.22675504434419e-10,1.2267517747587782e-10,1.226748505066767e-10,1.226745235260753e-10,1.2267419653410798e-10,1.2267386953081832e-10,1.2267354251623038e-10,1.2267321549038852e-10,1.2267288845330515e-10,1.2267256140501795e-10,1.226722343456073e-10,1.226719072750411e-10,1.2267158019337692e-10,1.2267125310058257e-10,1.2267092599680564e-10,1.2267059888205756e-10,1.2267027175644132e-10,1.2266994461981214e-10,1.2266961747231564e-10,1.2266929031387846e-10,1.2266896314465593e-10,1.2266863596462667e-10,1.226683087738474e-10,1.2266798157232111e-10,1.2266765436012368e-10,1.2266732713715351e-10,1.226669999036776e-10,1.2266667265957174e-10,1.2266634540477383e-10,1.2266601813955878e-10,1.2266569086373748e-10,1.2266536357749593e-10,1.226650362818523e-10,1.2266470897481105e-10,1.2266438165758825e-10,1.2266405432919358e-10,1.2266372699147082e-10,1.226633996432033e-10,1.2266307228457816e-10,1.2266274491565466e-10,1.2266241753660647e-10,1.2266209014733875e-10,1.2266176274794608e-10,1.2266143533849862e-10,1.2266110791900929e-10,1.2266078048943678e-10,1.226604530498846e-10,1.2266012560038763e-10,1.2265979814087857e-10,1.2265947067149916e-10,1.2265914319222157e-10,1.2265881570300347e-10,1.226584882039772e-10,1.2265816069520502e-10,1.226578331767065e-10,1.226575056485679e-10,1.2265717811060527e-10,1.2265685056292957e-10,1.226565230056365e-10,1.2265619543878194e-10,1.2265586786230148e-10,1.2265554027640564e-10,1.226552126808232e-10,1.2265488507654086e-10,1.226545574620047e-10,1.2265422983804895e-10,1.2265390220467881e-10,1.2265357456191363e-10,1.2265324691038615e-10,1.2265291924893465e-10,1.226525915775735e-10,1.226522638975658e-10,1.2265193620832468e-10,1.2265160851029996e-10,1.2265128080274518e-10,1.2265095308619438e-10,1.2265062536019942e-10,1.226502976251421e-10,1.2264996988129894e-10,1.226496421281913e-10,1.2264931436610012e-10,1.2264898659495817e-10,1.2264865881514038e-10,1.226483310247761e-10,1.2264800322685405e-10,1.2264767541912305e-10,1.2264734760357613e-10,1.226470197780083e-10,1.2264669194486646e-10,1.2264636410321984e-10,1.226460362521476e-10,1.2264570839286218e-10,1.226453805248814e-10,1.2264505264842313e-10,1.2264472476314682e-10,1.2264439686973658e-10,1.2264406896729299e-10,1.226437410563535e-10,1.2264341313661865e-10,1.2264308520912805e-10,1.2264275727181e-10,1.2264242932705951e-10,1.2264210137353834e-10,1.2264177341189403e-10,1.226414454422296e-10,1.2264111746400319e-10,1.2264078947749532e-10,1.2264046148236616e-10,1.2264013347899563e-10,1.226398054681957e-10,1.226394774492337e-10,1.2263914942207146e-10,1.2263882138653743e-10,1.2263849334290276e-10,1.226381652897492e-10,1.2263783723000898e-10,1.2263750916209876e-10,1.2263718108680136e-10,1.2263685300303292e-10,1.2263652491117254e-10,1.2263619681115394e-10,1.226358687032401e-10,1.226355405876533e-10,1.2263521246393071e-10,1.2263488433245952e-10,1.2263455619319854e-10,1.2263422804589093e-10,1.2263389989106569e-10,1.2263357172850923e-10,1.2263324355846632e-10,1.2263291538050952e-10,1.2263258719648346e-10,1.2263225900323506e-10,1.226319308023364e-10,1.226316025940743e-10,1.226312743784328e-10,1.2263094615507203e-10,1.2263061792405107e-10,1.2263028968553534e-10,1.2262996143952481e-10,1.2262963318634485e-10,1.2262930492572236e-10,1.2262897665774517e-10,1.2262864838208963e-10,1.2262832009909283e-10,1.2262799180888966e-10,1.2262766351134607e-10,1.2262733520652783e-10,1.226270068945394e-10,1.2262667857523246e-10,1.226263502488312e-10,1.2262602191530868e-10,1.2262569357458288e-10,1.2262536522672046e-10,1.2262503687077052e-10,1.2262470850999137e-10,1.226243801409275e-10,1.2262405176480546e-10,1.2262372338167372e-10,1.2262339499156052e-10,1.2262306659445886e-10,1.2262273819081702e-10,1.22622409779881e-10,1.2262208136304465e-10,1.2262175293835055e-10,1.2262142450681008e-10,1.2262109606844695e-10,1.2262076762274085e-10,1.2262043917105872e-10,1.2262011071262438e-10,1.2261978224668227e-10,1.2261945377482334e-10,1.2261912529625336e-10,1.2261879681103797e-10,1.2261846831918556e-10,1.2261813982067735e-10,1.2261781131559884e-10,1.2261748280392225e-10,1.2261715428548997e-10,1.2261682576032134e-10,1.2261649722878112e-10,1.2261616869104206e-10,1.2261584014686402e-10,1.226155115959222e-10,1.226151830386094e-10,1.2261485447514805e-10,1.2261452590502823e-10,1.2261419732936258e-10,1.2261386874682437e-10,1.2261354015777398e-10,1.2261321156241517e-10,1.226128829608987e-10,1.2261255435304013e-10,1.2261222573910905e-10,1.226118971184565e-10,1.2261156849206015e-10,1.226112398593676e-10,1.2261091122067684e-10,1.2261058257573243e-10,1.2261025392469134e-10,1.2260992526712643e-10,1.226095966039473e-10,1.2260926793472986e-10,1.2260893925949482e-10,1.2260861057833272e-10,1.2260828189113272e-10,1.2260795319797783e-10,1.226076244988908e-10,1.2260729579389132e-10,1.2260696708300764e-10,1.2260663836624915e-10,1.2260630964361102e-10,1.2260598091517054e-10,1.2260565218092588e-10,1.2260532344089572e-10,1.2260499469506118e-10,1.2260466594347868e-10,1.2260433718620736e-10,1.226040084232213e-10,1.2260367965451615e-10,1.2260335088014512e-10,1.2260302210012294e-10,1.2260269331447623e-10,1.2260236452325327e-10,1.2260203572641206e-10,1.2260170692399878e-10,1.226013781160384e-10,1.2260104930254994e-10,1.2260072048350221e-10,1.2260039165901675e-10,1.2260006282905807e-10,1.2259973399365176e-10,1.2259940515281348e-10,1.2259907630651178e-10,1.2259874745487076e-10,1.2259841859785727e-10,1.225980897354386e-10,1.225977608677343e-10,1.2259743199466757e-10,1.225971031163013e-10,1.225967742326601e-10,1.2259644534376184e-10,1.2259611644962374e-10,1.2259578755026567e-10,1.225954586457068e-10,1.2259512973596593e-10,1.225948008210623e-10,1.2259447190101381e-10,1.2259414297584052e-10,1.2259381404555853e-10,1.2259348511018902e-10,1.2259315616974883e-10,1.225928272242588e-10,1.2259249827373476e-10,1.2259216931819776e-10,1.2259184035766518e-10,1.2259151139215352e-10,1.2259118242168102e-10,1.225908534462703e-10,1.22590524465937e-10,1.2259019548070172e-10,1.225898664905766e-10,1.2258953749558774e-10,1.22589208495742e-10,1.2258887949106933e-10,1.2258855048158268e-10,1.2258822146729587e-10,1.2258789244823373e-10,1.2258756342441128e-10,1.225872343958461e-10,1.2258690536255471e-10,1.2258657632462587e-10,1.2258624728193802e-10,1.225859182345818e-10,1.2258558918264173e-10,1.2258526012605226e-10,1.2258493106478532e-10,1.225846019989879e-10,1.2258427292853644e-10,1.2258394385358167e-10,1.2258361477407726e-10,1.2258328569004123e-10,1.2258295660148447e-10,1.2258262750821476e-10,1.2258229841068173e-10,1.225819693086963e-10,1.2258164020225936e-10,1.2258131109139192e-10,1.225809819761124e-10,1.2258065285645016e-10,1.2258032373239925e-10,1.2257999460398814e-10,1.2257966547123855e-10,1.2257933633415655e-10,1.2257900719276615e-10,1.2257867804708581e-10,1.2257834889712825e-10,1.225780197429004e-10,1.2257769058443322e-10,1.225773614217386e-10,1.2257703225483416e-10,1.2257670308373797e-10,1.2257637390846258e-10,1.2257604472903136e-10,1.2257571554544966e-10,1.225753863577422e-10,1.225750571659195e-10,1.225747279700029e-10,1.2257439877000104e-10,1.2257406956594026e-10,1.2257374035783242e-10,1.2257341114569492e-10,1.2257308192953898e-10,1.2257275270938211e-10,1.2257242348524406e-10,1.2257209425714443e-10,1.2257176502509028e-10,1.2257143578909492e-10,1.2257110654918628e-10,1.2257077730537575e-10,1.2257044805767816e-10,1.2257011880610457e-10,1.2256978955066987e-10,1.2256946029140218e-10,1.225691310283105e-10,1.2256880176141065e-10,1.2256847249070775e-10,1.2256814321623485e-10,1.2256781393800016e-10,1.22567484656015e-10,1.2256715537030417e-10,1.225668260808693e-10,1.225664967877374e-10,1.2256616749091005e-10,1.225658381904156e-10,1.2256550888627115e-10,1.2256517957848415e-10,1.2256485026707083e-10,1.225645209520518e-10,1.2256419163342848e-10,1.225638623112373e-10,1.2256353298547495e-10,1.2256320365616506e-10,1.2256287432332133e-10,1.2256254498694746e-10,1.2256221564719938e-10,1.2256188630395727e-10,1.2256155695712198e-10,1.2256122760682374e-10,1.2256089825308113e-10,1.225605688960229e-10,1.225602395354293e-10,1.225599101714376e-10,1.2255958080396388e-10,1.2255925143311477e-10,1.2255892205900173e-10,1.225585926814597e-10,1.2255826330066002e-10,1.2255793391647404e-10,1.225576045289888e-10,1.2255727513821963e-10,1.2255694574429086e-10,1.2255661634705764e-10,1.2255628694651204e-10,1.22555957542808e-10,1.2255562813588944e-10,1.2255529872470852e-10,1.2255496931143425e-10,1.2255463989495064e-10,1.2255431047530778e-10,1.225539810525073e-10,1.2255365162809166e-10,1.225533221991054e-10,1.2255299276665534e-10,1.2255266333147844e-10,1.2255233389321656e-10,1.2255200445191097e-10,1.2255167500755428e-10,1.2255134556023343e-10,1.2255101610981546e-10,1.2255068665640354e-10,1.225503571999963e-10,1.2255002774060567e-10,1.2254969827832707e-10,1.2254936881301398e-10,1.225490393447809e-10,1.2254870987354342e-10,1.2254838039946933e-10,1.225480509225414e-10,1.2254772144387065e-10,1.2254739196114572e-10,1.2254706247555306e-10,1.2254673298712817e-10,1.2254640349630868e-10,1.2254607400231567e-10,1.2254574450590982e-10,1.2254541500621244e-10,1.2254508550370926e-10,1.2254475599846072e-10,1.2254442649044917e-10,1.2254409697970174e-10,1.2254376746633355e-10,1.2254343795012308e-10,1.2254310843144488e-10,1.2254277890987077e-10,1.225424493861738e-10,1.2254211985952944e-10,1.225417903299748e-10,1.225414607977093e-10,1.22541131262826e-10,1.2254080172551328e-10,1.2254047218599579e-10,1.225401426434043e-10,1.225398130982565e-10,1.225394835505343e-10,1.2253915400026631e-10,1.2253882444752042e-10,1.2253849489221184e-10,1.2253816533439709e-10,1.225378357740678e-10,1.225375062113675e-10,1.2253717664608485e-10,1.2253684707834284e-10,1.2253651750813775e-10,1.2253618793618782e-10,1.2253585836121258e-10,1.2253552878375942e-10,1.2253519920385553e-10,1.2253486962159767e-10,1.2253454003700307e-10,1.2253421045003004e-10,1.2253388086069488e-10,1.22533551269e-10,1.22533221675003e-10,1.2253289207869903e-10,1.225325624800067e-10,1.2253223287911562e-10,1.2253190327597522e-10,1.225315736705588e-10,1.2253124406236209e-10,1.2253091445233957e-10,1.225305848401636e-10,1.2253025522540314e-10,1.2252992560812516e-10,1.225295959887192e-10,1.2252926636705831e-10,1.225289367440036e-10,1.225286071181348e-10,1.2252827749001887e-10,1.2252794786048345e-10,1.2252761822848535e-10,1.2252728859473487e-10,1.2252695895887276e-10,1.2252662932084878e-10,1.225262996808655e-10,1.2252597003881039e-10,1.2252564039426112e-10,1.2252531074805925e-10,1.2252498109983714e-10,1.2252465144959446e-10,1.225243217973522e-10,1.2252399214311286e-10,1.225236624868716e-10,1.2252333282855928e-10,1.2252300316839256e-10,1.2252267350625797e-10,1.2252234384227027e-10,1.2252201417617677e-10,1.2252168450827128e-10,1.2252135483846716e-10,1.225210251664585e-10,1.225206954930103e-10,1.2252036581763113e-10,1.2252003614025421e-10,1.2251970646141438e-10,1.2251937677999788e-10,1.225190470972614e-10,1.2251871741304014e-10,1.2251838772619e-10,1.2251805803817504e-10,1.2251772834835084e-10,1.2251739865656023e-10,1.2251706896305766e-10,1.2251673926892587e-10,1.2251640957192937e-10,1.225160798732197e-10,1.2251575017335772e-10,1.225154204715321e-10,1.2251509076752484e-10,1.2251476106183036e-10,1.2251443135445633e-10,1.225141016455577e-10,1.2251377193472592e-10,1.2251344222247034e-10,1.2251311250861362e-10,1.225127827927043e-10,1.2251245307591513e-10,1.225121233569543e-10,1.225117936367626e-10,1.225114639148102e-10,1.225111341912947e-10,1.2251080446610443e-10,1.225104747394759e-10,1.2251014501130983e-10,1.225098152819266e-10,1.2250948555005105e-10,1.2250915581732014e-10,1.2250882608258288e-10,1.2250849634700512e-10,1.225081666097568e-10,1.2250783687098088e-10,1.225075071307227e-10,1.2250717738924314e-10,1.2250684764620928e-10,1.2250651790160058e-10,1.2250618815571517e-10,1.2250585840836296e-10,1.2250552865966873e-10,1.2250519890956812e-10,1.2250486915800026e-10,1.225045394052143e-10,1.2250420965102677e-10,1.2250387989548556e-10,1.2250355013860457e-10,1.2250322038016281e-10,1.2250289062066398e-10,1.225025608596792e-10,1.225022310975314e-10,1.225019013327952e-10,1.2250157156804891e-10,1.2250124180227475e-10,1.2250091203501047e-10,1.225005822663834e-10,1.2250025249662464e-10,1.224999227256299e-10,1.2249959295340865e-10,1.2249926318047529e-10,1.2249893340583682e-10,1.224986036299989e-10,1.2249827385299909e-10,1.2249794407473744e-10,1.224976142953632e-10,1.2249728451482817e-10,1.2249695473292538e-10,1.224966249503208e-10,1.2249629516642546e-10,1.2249596538136113e-10,1.2249563559517887e-10,1.2249530580797874e-10,1.2249497601960835e-10,1.2249464622967852e-10,1.2249431643907646e-10,1.2249398664749157e-10,1.2249365685505034e-10,1.2249332706158339e-10,1.2249299726690872e-10,1.2249266747114737e-10,1.2249233767438335e-10,1.2249200787495604e-10,1.2249167807618277e-10,1.2249134827613055e-10,1.2249101847536843e-10,1.2249068867358883e-10,1.2249035887099699e-10,1.2249002906639765e-10,1.224896992623129e-10,1.2248936945679566e-10,1.2248903965028367e-10,1.2248870984290408e-10,1.2248838003460792e-10,1.2248805022561427e-10,1.2248772041520976e-10,1.2248739060419424e-10,1.2248706079245706e-10,1.2248673097999393e-10,1.2248640116642273e-10,1.2248607135231395e-10,1.224857415370501e-10,1.2248541172094751e-10,1.224850819041913e-10,1.224847520864781e-10,1.224844222679491e-10,1.2248409244860712e-10,1.224837626283443e-10,1.224834328078748e-10,1.2248310298619341e-10,1.2248277316374843e-10,1.2248244334054847e-10,1.2248211351678651e-10,1.224817836921064e-10,1.2248145386669049e-10,1.22481124040551e-10,1.2248079421312487e-10,1.224804643855062e-10,1.2248013455742025e-10,1.2247980472841955e-10,1.224794748988005e-10,1.2247914506865076e-10,1.2247881523781765e-10,1.2247848540618401e-10,1.2247815557394798e-10,1.2247782574108996e-10,1.2247749590758793e-10,1.224771660734646e-10,1.2247683623857844e-10,1.224765064032367e-10,1.224761765673031e-10,1.2247584673078142e-10,1.2247551689387577e-10,1.2247518705621586e-10,1.2247485721796046e-10,1.2247452737920852e-10,1.224741975395781e-10,1.2247386769957408e-10,1.224735378591424e-10,1.2247320801822246e-10,1.224728781769104e-10,1.2247254833498074e-10,1.224722184924548e-10,1.2247188864951444e-10,1.2247155880615676e-10,1.2247122896226278e-10,1.2247089911795076e-10,1.2247056927312576e-10,1.2247023942778538e-10,1.224699095819007e-10,1.2246957973558464e-10,1.224692498890014e-10,1.2246892004199732e-10,1.22468590194449e-10,1.2246826034663052e-10,1.224679304984105e-10,1.2246760064975896e-10,1.2246727080069926e-10,1.2246694095134286e-10,1.2246661110157448e-10,1.224662812514888e-10,1.2246595140106262e-10,1.2246562155034148e-10,1.2246529169919953e-10,1.224649618477564e-10,1.2246463199599872e-10,1.2246430214393157e-10,1.2246397229170245e-10,1.224636424389743e-10,1.2246331258600402e-10,1.2246298273267645e-10,1.2246265287925576e-10,1.2246232302540705e-10,1.224619931713545e-10,1.2246166331693205e-10,1.2246133346249687e-10,1.2246100360772316e-10,1.2246067375202658e-10,1.2246034389661538e-10,1.2246001404079022e-10,1.2245968418512484e-10,1.2245935432962678e-10,1.2245902447332685e-10,1.2245869461708777e-10,1.2245836476067583e-10,1.2245803490389843e-10,1.224577050473504e-10,1.224573751888498e-10,1.224570453317911e-10,1.224567154745765e-10,1.2245638561722616e-10,1.2245605575979958e-10,1.2245572590205237e-10,1.2245539604415445e-10,1.2245506618672252e-10,1.2245473632859424e-10,1.2245440646999435e-10,1.2245407661191154e-10,1.2245374675372427e-10,1.2245341689560487e-10,1.2245308703728466e-10,1.2245275717882278e-10,1.2245242732038506e-10,1.2245209746297885e-10,1.2245176760450888e-10,1.2245143774594157e-10,1.2245110788734862e-10,1.224507780286927e-10,1.224504481689658e-10,1.2245011831020447e-10,1.2244978845177437e-10,1.2244945859318751e-10,1.2244912873453345e-10,1.224487988761937e-10,1.2244846901778556e-10,1.2244813915939248e-10,1.2244780930125357e-10,1.224474794431264e-10,1.224471495848469e-10,1.2244681972650982e-10,1.2244648986921745e-10,1.2244616001113766e-10,1.2244583015303807e-10,1.224455002951054e-10,1.2244517043738733e-10,1.224448405805044e-10,1.224445107229192e-10,1.2244418086544837e-10,1.2244385100807512e-10,1.224435211507552e-10,1.2244319129362177e-10,1.2244286143661246e-10,1.224425315777904e-10,1.2244220172129996e-10,1.2244187186499982e-10,1.2244154200868554e-10,1.2244121215257718e-10,1.2244088229676968e-10,1.224405524414765e-10,1.224402225859464e-10,1.2243989273061292e-10,1.2243956287560052e-10,1.2243923302063134e-10,1.2243890316607218e-10,1.2243857331168702e-10,1.2243824345738445e-10,1.2243791360340062e-10,1.2243758374961343e-10,1.2243725389632374e-10,1.2243692404340827e-10,1.2243659419032343e-10,1.2243626433779914e-10,1.2243593448539944e-10,1.224356046346876e-10,1.2243527478199258e-10,1.2243494493048133e-10,1.2243461507992355e-10,1.2243428522901428e-10,1.2243395537844808e-10,1.224336255282682e-10,1.2243329567848182e-10,1.2243296582888226e-10,1.224326359796235e-10,1.2243230613070897e-10,1.2243197628216055e-10,1.2243164643397968e-10,1.2243131658616843e-10,1.2243098673872871e-10,1.2243065689165438e-10,1.224303270449855e-10,1.22429997198544e-10,1.2242966735265044e-10,1.2242933750727237e-10,1.224290076622008e-10,1.224286778176542e-10,1.2242834797352581e-10,1.2242801812986037e-10,1.2242768828664558e-10,1.2242735844382564e-10,1.2242702860144155e-10,1.2242669875950801e-10,1.2242636891803747e-10,1.2242603907723916e-10,1.2242570923657568e-10,1.224253793967001e-10,1.2242504955712805e-10,1.2242471971809433e-10,1.2242438987951953e-10,1.2242406004141284e-10,1.2242373020387355e-10,1.224234003666234e-10,1.2242307052951486e-10,1.2242274069364668e-10,1.224224108580048e-10,1.224220810230718e-10,1.2242175118835335e-10,1.2242142135526442e-10,1.22421091521754e-10,1.2242076168880063e-10,1.224204318581414e-10,1.2242010202736709e-10,1.2241977219596498e-10,1.2241944236529216e-10,1.2241911253520153e-10,1.2241878270570152e-10,1.2241845287679515e-10,1.2241812304849244e-10,1.2241779322124444e-10,1.2241746339415848e-10,1.224171335676878e-10,1.224168037418447e-10,1.2241647391662704e-10,1.224161440920434e-10,1.224158142681022e-10,1.2241548444484794e-10,1.2241515462222928e-10,1.2241482480024028e-10,1.22414494978952e-10,1.2241416515829142e-10,1.2241383533830239e-10,1.224135055189938e-10,1.2241317570035369e-10,1.2241284588246756e-10,1.224125160652235e-10,1.22412186248724e-10,1.224118564328645e-10,1.2241152661778233e-10,1.2241119680332556e-10,1.224108669896328e-10,1.22410537176673e-10,1.2241020736442304e-10,1.2240987755329237e-10,1.2240954774252483e-10,1.2240921793254287e-10,1.2240888812329093e-10,1.2240855831573828e-10,1.2240822850796386e-10,1.2240789870101048e-10,1.2240756889485258e-10,1.224072390894698e-10,1.224069092848237e-10,1.2240657948102444e-10,1.224062496780166e-10,1.2240591987533144e-10,1.2240559007393526e-10,1.2240526027334648e-10,1.2240493047358016e-10,1.2240460067462075e-10,1.2240427087599172e-10,1.224039410786722e-10,1.2240361128222724e-10,1.224032814859371e-10,1.224029516911605e-10,1.2240262189724735e-10,1.2240229210419014e-10,1.2240196231202767e-10,1.224016325215247e-10,1.2240130273127688e-10,1.2240097294169354e-10,1.224006431529144e-10,1.2240031336519435e-10,1.2239998357825362e-10,1.223996537923022e-10,1.2239932400711922e-10,1.223989942229338e-10,1.2239866443987828e-10,1.2239833465689268e-10,1.223980048752206e-10,1.223976750934718e-10,1.2239734531560833e-10,1.223970155370882e-10,1.2239668575959919e-10,1.2239635598288923e-10,1.2239602620595624e-10,1.2239569643109235e-10,1.223953666571918e-10,1.22395036884226e-10,1.2239470711243642e-10,1.22394377341444e-10,1.2239404757153178e-10,1.223937178035184e-10,1.2239338803526632e-10,1.2239305826679627e-10,1.223927284995804e-10,1.2239239873512756e-10,1.22392068971142e-10,1.2239173920827462e-10,1.2239140944624205e-10,1.2239107968553696e-10,1.2239074992557164e-10,1.2239042016693742e-10,1.223900904089078e-10,1.2238976065197863e-10,1.223894308961981e-10,1.223891011413171e-10,1.223887713877141e-10,1.223884416350569e-10,1.2238811188381452e-10,1.2238778213314907e-10,1.223874523837452e-10,1.2238712263588657e-10,1.2238679288865193e-10,1.2238646314268122e-10,1.2238613339758515e-10,1.2238580365350155e-10,1.2238547391054157e-10,1.2238514416822405e-10,1.2238481442751542e-10,1.223844846881793e-10,1.2238415494979918e-10,1.223838252126735e-10,1.2238349547656013e-10,1.223831657415325e-10,1.2238283600768224e-10,1.2238250627498922e-10,1.2238217654330387e-10,1.2238184681277083e-10,1.2238151708307857e-10,1.223811873547961e-10,1.2238085762789199e-10,1.223805279022023e-10,1.2238019817741832e-10,1.2237986845399945e-10,1.223795387318138e-10,1.2237920901077578e-10,1.2237887929093178e-10,1.2237854957220131e-10,1.2237821985452437e-10,1.2237789013832164e-10,1.2237756042389776e-10,1.2237723071040632e-10,1.2237690099766496e-10,1.2237657128617646e-10,1.2237624157605707e-10,1.2237591186669624e-10,1.2237558215885876e-10,1.2237525245250093e-10,1.2237492274728853e-10,1.2237459304335274e-10,1.2237426334067953e-10,1.2237393363906273e-10,1.2237360393895032e-10,1.2237327424008527e-10,1.2237294454254038e-10,1.2237261484617716e-10,1.2237228515096432e-10,1.2237195545748308e-10,1.2237162576482036e-10,1.2237129607208177e-10,1.2237096638180327e-10,1.2237063669187074e-10,1.2237030700460356e-10,1.223699773173706e-10,1.223696476327197e-10,1.2236931794947384e-10,1.2236898826754368e-10,1.223686585868426e-10,1.2236832890626935e-10,1.2236799922703112e-10,1.2236766954922133e-10,1.22367339872456e-10,1.2236701019936067e-10,1.223666805267122e-10,1.223663508554186e-10,1.2236602118548764e-10,1.223656915169116e-10,1.2236536184976147e-10,1.2236503218393812e-10,1.2236470251953177e-10,1.2236437285656175e-10,1.2236404319486614e-10,1.2236371353455321e-10,1.223633838756345e-10,1.2236305421807334e-10,1.2236272456190384e-10,1.2236239490718558e-10,1.2236206525382027e-10,1.223617356012678e-10,1.2236140595095013e-10,1.223610763018897e-10,1.2236074665423825e-10,1.2236041700870314e-10,1.2236008736393596e-10,1.2235975772058874e-10,1.223594280784212e-10,1.2235909843786468e-10,1.2235876879883542e-10,1.2235843916120774e-10,1.2235810952509792e-10,1.2235777988977019e-10,1.2235745025638855e-10,1.2235712062460356e-10,1.223567909943104e-10,1.2235646136564299e-10,1.2235613173832694e-10,1.2235580211243476e-10,1.2235547248808312e-10,1.2235514286518812e-10,1.2235481324393634e-10,1.2235448362406727e-10,1.2235415400577416e-10,1.2235382438890585e-10,1.223534947735797e-10,1.2235316515964015e-10,1.223528355474089e-10,1.2235250593655536e-10,1.223521763272177e-10,1.2235184671946478e-10,1.2235151711329576e-10,1.2235118750851573e-10,1.2235085790545702e-10,1.2235052830384563e-10,1.2235019870435067e-10,1.2234986910686258e-10,1.2234953951071203e-10,1.2234920991530076e-10,1.2234888032193293e-10,1.223485507296427e-10,1.2234822113900948e-10,1.223478915498649e-10,1.223475619622747e-10,1.2234723237495017e-10,1.2234690279019714e-10,1.2234657320741117e-10,1.22346243626202e-10,1.2234591404644573e-10,1.2234558446844195e-10,1.2234525489168957e-10,1.223449253167249e-10,1.2234459574349267e-10,1.2234426617189894e-10,1.2234393660219e-10,1.2234360703401375e-10,1.2234327746730425e-10,1.2234294790190324e-10,1.2234261833841744e-10,1.2234228877654311e-10,1.2234195921644578e-10,1.2234162965774672e-10,1.2234130010044515e-10,1.2234097054441662e-10,1.2234064099075966e-10,1.2234031143963977e-10,1.2233998188934574e-10,1.2233965234075927e-10,1.2233932279242344e-10,1.223389932471187e-10,1.2233866370344633e-10,1.223383341614497e-10,1.223380046213845e-10,1.22337675081262e-10,1.2233734554406947e-10,1.2233701600894247e-10,1.223366864744935e-10,1.2233635694253312e-10,1.2233602741239738e-10,1.2233569788259683e-10,1.2233536835581823e-10,1.2233503883076986e-10,1.2233470930579162e-10,1.2233437978419132e-10,1.223340502645228e-10,1.2233372074441502e-10,1.22333391228197e-10,1.223330617134967e-10,1.2233273219938496e-10,1.223324026881111e-10,1.2233207317778304e-10,1.223317436696964e-10,1.223314141638588e-10,1.2233108465946438e-10,1.2233075515695407e-10,1.2233042565620027e-10,1.2233009615720584e-10,1.2232976666008474e-10,1.2232943716460009e-10,1.2232910767089852e-10,1.2232877817898104e-10,1.2232844868883563e-10,1.2232811920045152e-10,1.223277897138553e-10,1.2232746022905255e-10,1.223271307460524e-10,1.2232680126484585e-10,1.2232647178476692e-10,1.2232614230835785e-10,1.2232581283254446e-10,1.2232548335787195e-10,1.2232515388574062e-10,1.2232482441626157e-10,1.223244949476857e-10,1.2232416548093192e-10,1.2232383601575703e-10,1.2232350655251492e-10,1.2232317709118998e-10,1.2232284763177847e-10,1.2232251817376404e-10,1.2232218871799473e-10,1.2232185926406882e-10,1.2232152981274338e-10,1.2232120036257947e-10,1.223208709142002e-10,1.2232054146766865e-10,1.223202120230196e-10,1.2231988257958175e-10,1.2231955313961808e-10,1.2231922370039745e-10,1.2231889426318413e-10,1.2231856482783868e-10,1.223182353943747e-10,1.2231790596282368e-10,1.2231757653278475e-10,1.2231724710582255e-10,1.2231691767976107e-10,1.2231658825468554e-10,1.2231625883241196e-10,1.2231592941221615e-10,1.223155999942742e-10,1.223152705777924e-10,1.2231494116337263e-10,1.2231461175081395e-10,1.2231428233983797e-10,1.2231395293064198e-10,1.223136235239408e-10,1.2231329411735526e-10,1.2231296471435433e-10,1.2231263531339414e-10,1.2231230591424685e-10,1.2231197651702574e-10,1.2231164712185403e-10,1.2231131772668723e-10,1.2231098833504407e-10,1.2231065894534886e-10,1.2231032955780867e-10,1.223100001722628e-10,1.2230967078873658e-10,1.2230934140710755e-10,1.2230901202749139e-10,1.2230868264999311e-10,1.2230835327445795e-10,1.2230802390062517e-10,1.2230769452938007e-10,1.2230736515952823e-10,1.2230703579145012e-10,1.2230670642559894e-10,1.2230637706173087e-10,1.2230604769965055e-10,1.2230571834002977e-10,1.223053889817852e-10,1.2230505962579952e-10,1.2230473027266449e-10,1.2230440092032543e-10,1.2230407157040838e-10,1.2230374222266876e-10,1.223034128767658e-10,1.2230308353350232e-10,1.22302754191633e-10,1.2230242485176316e-10,1.2230209551451113e-10,1.2230176617872985e-10,1.223014368449515e-10,1.223011075131694e-10,1.2230077818341508e-10,1.223004488578283e-10,1.2230011953216756e-10,1.222997902084212e-10,1.2229946088683045e-10,1.222991315673811e-10,1.2229880224837719e-10,1.2229847293294664e-10,1.2229814361981085e-10,1.2229781430858143e-10,1.2229748499777354e-10,1.2229715569054718e-10,1.2229682638541906e-10,1.2229649708223889e-10,1.2229616778123554e-10,1.2229583848206638e-10,1.222955091852455e-10,1.222951798904945e-10,1.222948505978452e-10,1.2229452130608168e-10,1.222941920176705e-10,1.2229386273127886e-10,1.222935334470563e-10,1.2229320416523154e-10,1.2229287488495643e-10,1.2229254560703227e-10,1.2229221633096133e-10,1.2229188705755387e-10,1.222915577858288e-10,1.2229122851634628e-10,1.2229089924897964e-10,1.2229056998359285e-10,1.22290240720389e-10,1.2228991145986473e-10,1.2228958220100817e-10,1.2228925294486117e-10,1.2228892369024803e-10,1.2228859443797539e-10,1.222882651882551e-10,1.2228793593924865e-10,1.2228760669342944e-10,1.2228727745001378e-10,1.222869482084123e-10,1.2228661896891429e-10,1.2228628973160356e-10,1.2228596049632185e-10,1.2228563126395002e-10,1.222853020332134e-10,1.2228497280392695e-10,1.2228464357766408e-10,1.2228431435317576e-10,1.2228398513091646e-10,1.2228365591086432e-10,1.2228332669293342e-10,1.2228299747653175e-10,1.2228266826320365e-10,1.2228233905181666e-10,1.2228200984309157e-10,1.222816806372412e-10,1.2228135143269893e-10,1.222810222297681e-10,1.2228069302938737e-10,1.2228036383021355e-10,1.2228003463416835e-10,1.2227970544042668e-10,1.2227937624878195e-10,1.2227904705947774e-10,1.2227871787222005e-10,1.2227838868724483e-10,1.2227805950455716e-10,1.2227773032386997e-10,1.2227740114549953e-10,1.222770719693782e-10,1.22276742794198e-10,1.2227641362255464e-10,1.2227608445310318e-10,1.2227575528583464e-10,1.222754261208258e-10,1.2227509695809027e-10,1.222747677976375e-10,1.222744386393802e-10,1.2227410948343754e-10,1.2227378032974402e-10,1.2227345117800802e-10,1.2227312202863515e-10,1.2227279288322142e-10,1.2227246373882685e-10,1.2227213459632005e-10,1.2227180545616737e-10,1.222714763171569e-10,1.2227114718175467e-10,1.2227081804850515e-10,1.2227048891799406e-10,1.2227015978924242e-10,1.2226983066279103e-10,1.2226950153857207e-10,1.2226917241661905e-10,1.222688432969225e-10,1.2226851417955864e-10,1.2226818506446217e-10,1.222678559516981e-10,1.222675268412584e-10,1.2226719773305411e-10,1.2226686862713172e-10,1.222665395235504e-10,1.2226621042225526e-10,1.2226588132351773e-10,1.222655522268805e-10,1.222652231325393e-10,1.222648940405248e-10,1.2226456495081681e-10,1.2226423586345253e-10,1.2226390677838514e-10,1.222635776954434e-10,1.222632486150295e-10,1.222629195369791e-10,1.2226259046133614e-10,1.222622613877428e-10,1.2226193231666154e-10,1.222616032478971e-10,1.222612741814743e-10,1.222609451173869e-10,1.2226061605569083e-10,1.2226028699632509e-10,1.222599579392761e-10,1.2225962888460814e-10,1.2225929983189543e-10,1.2225897078194925e-10,1.2225864173431122e-10,1.2225831268903815e-10,1.222579836461384e-10,1.2225765460563065e-10,1.22257325567545e-10,1.2225699653176567e-10,1.2225666749837699e-10,1.2225633846735706e-10,1.22256009438622e-10,1.222556804123409e-10,1.2225535138847549e-10,1.2225502236700317e-10,1.2225469334795105e-10,1.2225436433123548e-10,1.2225403531687953e-10,1.2225370630495737e-10,1.2225337729545027e-10,1.2225304828822627e-10,1.2225271928350175e-10,1.2225239028110483e-10,1.222520612813318e-10,1.2225173228382245e-10,1.222514032884329e-10,1.2225107429625185e-10,1.2225074530596186e-10,1.2225041631809962e-10,1.2225008733267198e-10,1.2224975834992668e-10,1.2224942936929902e-10,1.222491003914185e-10,1.2224877141564077e-10,1.2224844244231336e-10,1.222481134714176e-10,1.222477845024421e-10,1.2224745553642234e-10,1.2224712657288712e-10,1.2224679761171407e-10,1.2224646865305666e-10,1.2224613969678667e-10,1.2224581074283119e-10,1.2224548179151288e-10,1.222451528424968e-10,1.2224482389602945e-10,1.2224449495150654e-10,1.2224416601111774e-10,1.222438370715094e-10,1.222435081350503e-10,1.2224317920111706e-10,1.222428502694659e-10,1.2224252134022545e-10,1.222421924133536e-10,1.22241863489073e-10,1.2224153456726542e-10,1.2224120564854028e-10,1.2224087673169657e-10,1.2224054781732222e-10,1.2224021890546772e-10,1.222398899956307e-10,1.22239561088663e-10,1.2223923218265087e-10,1.2223890328066257e-10,1.22238574381192e-10,1.2223824548416778e-10,1.2223791658969786e-10,1.2223758769720111e-10,1.2223725880773036e-10,1.2223692992107953e-10,1.222366010366204e-10,1.2223627215462498e-10,1.222359432751725e-10,1.222356143980936e-10,1.2223528552367325e-10,1.2223495665177352e-10,1.2223462778233242e-10,1.2223429891547089e-10,1.2223397005112088e-10,1.2223364118966362e-10,1.2223331233030632e-10,1.2223298347349483e-10,1.2223265461925046e-10,1.2223232576751263e-10,1.2223199691795773e-10,1.222316680713129e-10,1.222313392272949e-10,1.2223101038667545e-10,1.2223068154770474e-10,1.2223035271122103e-10,1.222300238772856e-10,1.2222969504589512e-10,1.2222936621709503e-10,1.222290373903001e-10,1.222287085664978e-10,1.2222837974525577e-10,1.2222805092663336e-10,1.2222772211043858e-10,1.2222739329693467e-10,1.2222706448599292e-10
17,0.0,0.0,0.0,0.0,0.0,0.0,0.0,0.0,0.0,0.0,0.0,0.0,0.0,0.0,0.0,0.0,0.0,0.0,0.0,0.0,0.0,0.0,0.0,0.0,0.0,0.0,0.0,0.0,0.0,0.0,0.0,0.0,0.0,0.0,0.0,0.0,0.0,0.0,0.0,0.0,0.0,0.0,0.0,0.0,0.0,0.0,0.0,0.0,0.0,0.0,0.0,0.0,0.0,0.0,0.0,0.0,0.0,0.0,0.0,0.0,0.0,0.0,0.0,0.0,0.0,0.0,0.0,0.0,0.0,0.0,0.0,0.0,0.0,0.0,0.0,0.0,0.0,0.0,0.0,0.0,0.0,0.0,0.0,0.0,0.0,0.0,0.0,0.0,0.0,0.0,0.0,0.0,0.0,0.0,0.0,0.0,0.0,0.0,0.0,0.0,0.0,0.0,0.0,0.0,0.0,0.0,0.0,0.0,0.0,0.0,0.0,0.0,0.0,0.0,0.0,0.0,0.0,0.0,0.0,0.0,0.0,0.0,0.0,0.0,0.0,0.0,0.0,0.0,0.0,0.0,0.0,0.0,0.0,0.0,0.0,0.0,0.0,0.0,0.0,0.0,0.0,0.0,0.0,0.0,0.0,0.0,0.0,0.0,0.0,0.0,0.0,0.0,0.0,0.0,0.0,0.0,0.0,0.0,0.0,0.0,0.0,0.0,0.0,0.0,0.0,0.0,0.0,0.0,0.0,0.0,0.0,0.0,0.0,0.0,0.0,0.0,0.0,0.0,0.0,0.0,0.0,0.0,0.0,0.0,0.0,0.0,0.0,0.0,0.0,0.0,0.0,0.0,0.0,0.0,0.0,0.0,0.0,0.0,0.0,0.0,0.0,0.0,0.0,0.0,0.0,0.0,0.0,0.0,0.0,0.0,0.0,0.0,0.0,0.0,0.0,0.0,0.0,0.0,0.0,0.0,0.0,0.0,0.0,0.0,0.0,0.0,0.0,0.0,0.0,0.0,0.0,0.0,0.0,0.0,0.0,0.0,0.0,0.0,0.0,0.0,0.0,0.0,0.0,0.0,0.0,0.0,0.0,0.0,0.0,0.0,0.0,0.0,0.0,0.0,0.0,0.0,0.0,0.0,0.0,0.0,0.0,0.0,0.0,0.0,0.0,0.0,0.0,0.0,0.0,0.0,0.0,0.0,0.0,0.0,0.0,0.0,0.0,0.0,0.0,0.0,0.0,0.0,0.0,0.0,0.0,0.0,0.0,0.0,0.0,0.0,0.0,0.0,0.0,0.0,0.0,0.0,0.0,0.0,0.0,0.0,0.0,0.0,0.0,0.0,0.0,0.0,0.0,0.0,0.0,0.0,0.0,0.0,0.0,0.0,0.0,0.0,0.0,0.0,0.0,0.0,0.0,0.0,0.0,0.0,0.0,0.0,0.0,0.0,0.0,0.0,0.0,0.0,0.0,0.0,0.0,0.0,0.0,0.0,0.0,0.0,0.0,0.0,0.0,0.0,0.0,0.0,0.0,0.0,0.0,0.0,0.0,0.0,0.0,0.0,0.0,0.0,0.0,0.0,0.0,0.0,0.0,0.0,0.0,0.0,0.0,0.0,0.0,0.0,0.0,0.0,0.0,0.0,0.0,0.0,0.0,0.0,0.0,0.0,0.0,0.0,0.0,0.0,0.0,0.0,0.0,0.0,0.0,0.0,0.0,0.0,0.0,0.0,0.0,0.0,0.0,0.0,0.0,0.0,0.0,0.0,0.0,0.0,0.0,0.0,0.0,0.0,0.0,0.0,0.0,0.0,0.0,0.0,0.0,0.0,0.0,0.0,0.0,0.0,0.0,0.0,0.0,0.0,0.0,0.0,0.0,0.0,0.0,0.0,0.0,0.0,0.0,0.0,0.0,0.0,0.0,0.0,0.0,0.0,0.0,0.0,0.0,0.0,0.0,0.0,0.0,0.0,0.0,0.0,0.0,0.0,0.0,0.0,0.0,0.0,0.0,0.0,0.0,0.0,0.0,0.0,0.0,0.0,0.0,0.0,0.0,0.0,0.0,0.0,0.0,0.0,0.0,0.0,0.0,0.0,0.0,0.0,0.0,0.0,0.0,0.0,0.0,0.0,0.0,0.0,0.0,0.0,0.0,0.0,0.0,0.0,0.0,0.0,0.0,0.0,0.0,0.0,0.0,0.0,0.0,0.0,0.0,0.0,0.0,0.0,0.0,0.0,0.0,0.0,0.0,0.0,0.0,0.0,0.0,0.0,0.0,0.0,0.0,0.0,0.0,0.0,0.0,0.0,0.0,0.0,0.0,0.0,0.0,0.0,0.0,0.0,0.0,0.0,0.0,0.0,0.0,0.0,0.0,0.0,0.0,0.0,0.0,0.0,0.0,0.0,0.0,0.0,0.0,0.0,0.0,0.0,0.0,0.0,0.0,0.0,0.0,0.0,0.0,0.0,0.0,0.0,0.0,0.0,0.0,0.0,0.0,0.0,0.0,0.0,0.0,0.0,0.0,0.0,0.0,0.0,0.0,0.0,0.0,0.0,0.0,0.0,0.0,0.0,0.0,0.0,0.0,0.0,0.0,0.0,0.0,0.0,0.0,0.0,0.0,0.0,0.0,0.0,0.0,0.0,0.0,0.0,0.0,0.0,0.0,0.0,0.0,0.0,0.0,0.0,0.0,0.0,0.0,0.0,0.0,0.0,0.0,0.0,0.0,0.0,0.0,0.0,0.0,0.0,0.0,0.0,0.0,0.0,0.0,0.0,0.0,0.0,0.0,0.0,0.0,0.0,0.0,0.0,0.0,0.0,0.0,0.0,0.0,0.0,0.0,0.0,0.0,0.0,0.0,0.0,0.0,0.0,0.0,0.0,0.0,0.0,0.0,0.0,0.0,0.0,0.0,0.0,0.0,0.0,0.0,0.0,0.0,0.0,0.0,0.0,0.0,0.0,0.0,0.0,0.0,0.0,0.0,0.0,0.0,0.0,0.0,0.0,0.0,0.0,0.0,0.0,0.0,0.0,0.0,0.0,0.0,0.0,0.0,0.0,0.0,0.0,0.0,0.0,0.0,0.0,0.0,0.0,0.0,0.0,0.0,0.0,0.0,0.0,0.0,0.0,0.0,0.0,0.0,0.0,0.0,0.0,0.0,0.0,0.0,0.0,0.0,0.0,0.0,0.0,0.0,0.0,0.0,0.0,0.0,0.0,0.0,0.0,0.0,0.0,0.0,0.0,0.0,0.0,0.0,0.0,0.0,0.0,0.0,0.0,0.0,0.0,0.0,0.0,0.0,0.0,0.0,0.0,0.0,0.0,0.0,0.0,0.0,0.0,0.0,0.0,0.0,0.0,0.0,0.0,0.0,0.0,0.0,0.0,0.0,0.0,0.0,0.0,0.0,0.0,0.0,0.0,0.0,0.0,0.0,0.0,0.0,0.0,0.0,0.0,0.0,0.0,0.0,0.0,0.0,0.0,0.0,0.0,0.0,0.0,0.0,0.0,0.0,0.0,0.0,0.0,0.0,0.0,0.0,0.0,0.0,0.0,0.0,0.0,0.0,0.0,0.0,0.0,0.0,0.0,0.0,0.0,0.0,0.0,0.0,0.0,0.0,0.0,0.0,0.0,0.0,0.0,0.0,0.0,0.0,0.0,0.0,0.0,0.0,0.0,0.0,0.0,0.0,0.0,0.0,0.0,0.0,0.0,0.0,0.0,0.0,0.0,0.0,0.0,0.0,0.0,0.0,0.0,0.0,0.0,0.0,0.0,0.0,0.0,0.0,0.0,0.0,0.0,0.0,0.0,0.0,0.0,0.0,0.0,0.0,0.0,0.0,0.0,0.0,0.0,0.0,0.0,0.0,0.0,0.0,0.0,0.0,0.0,0.0,0.0,0.0,0.0,0.0,0.0,0.0,0.0,0.0,0.0,0.0,0.0,0.0,0.0,0.0,0.0,0.0,0.0,0.0,0.0,0.0,0.0,0.0,0.0,0.0,0.0,0.0,0.0,0.0,0.0,0.0,0.0,0.0,0.0,0.0,0.0,0.0,0.0,0.0,0.0,0.0,0.0,0.0,0.0,0.0,0.0,0.0,0.0,0.0,0.0,0.0,0.0,0.0,0.0,0.0,0.0,0.0,0.0,0.0,0.0,0.0,0.0,0.0,0.0,0.0,0.0,0.0,0.0,0.0,0.0,0.0,0.0,0.0,0.0,0.0,0.0,0.0,0.0,0.0,0.0,0.0,0.0,0.0,0.0,0.0,0.0,0.0,0.0,0.0,0.0,0.0,0.0,0.0,0.0,0.0,0.0,0.0,0.0,0.0,0.0,0.0,0.0,0.0,0.0,0.0,0.0,0.0,0.0,0.0,0.0,0.0,0.0,0.0,0.0,0.0,0.0,0.0,0.0,0.0,0.0,7.126464061758494e-23,1.611508440952466e-22,2.701507428877906e-22,3.9874969204082073e-22,5.474274730541468e-22,7.166595966612181e-22,9.069186975403658e-22,1.118676013735699e-21,1.3524029451153402e-21,1.6085726850931151e-21,1.887661921670944e-21,2.1901526030431182e-21,2.51653376606711e-21,2.8673034247852555e-21,3.242970517643369e-21,3.64405691546008e-21,4.071099487875821e-21,4.524652232712823e-21,5.0052884697098714e-21,5.5136031033919214e-21,6.0502149587595785e-21,6.615769197163445e-21,7.21093981797354e-21,7.836432254858158e-21,8.492986075641186e-21,9.181377794971552e-21,9.902423814342917e-21,1.0656983497590033e-20,1.1445962401133218e-20,1.2270315669351301e-20,1.3131051616022548e-20,1.4029235510971304e-20,1.496599358807976e-20,1.5942517303801448e-20,1.6960067863233125e-20,1.801998104929518e-20,1.9123672379312437e-20,2.027264262362428e-20,2.1468483722462573e-20,2.2712885142137413e-20,2.400764071045099e-20,2.5354655986534647e-20,2.675595621214676e-20,2.821369490774575e-20,2.973016317841136e-20,3.1307799801775324e-20,3.294920218107773e-20,3.4657138252558557e-20,3.643455944895789e-20,3.82846148313995e-20,4.021066651745847e-20,4.221630654855702e-20,4.430537534870817e-20,4.648198196541077e-20,4.87505262845187e-20,5.111572345322209e-20,5.3582630765830555e-20,5.615667730654404e-20,5.884369668131248e-20,6.164996321419931e-20,6.45822320406045e-20,6.7647783588966e-20,7.085447301169214e-20,7.421078521197364e-20,7.772589621103147e-20,8.140974170145344e-20,8.527309378675698e-20,8.932764704088502e-20,9.358611521564176e-20,9.806234014672468e-20,1.0277141465080565e-19,1.0772982154025308e-19,1.1295559119042012e-19,1.1846848063032304e-19,1.2429017757002898e-19,1.3044453333993296e-19,1.3695782988638376e-19,1.4385908619555705e-19,1.5118041137217119e-19,1.5895741255514104e-19,1.67229667732971e-19,1.760412756037845e-19,1.854414972743315e-19,1.9548550784440296e-19,2.062352801426324e-19,2.177606278560857e-19,2.301404422419541e-19,2.4346416459846948e-19,2.578335478139184e-19,2.7336477399900735e-19,2.9019101347816544e-19,3.084655340993911e-19,3.283655011891142e-19,3.5009665021258096e-19,3.738990702635203e-19,4.0005441231287186e-19,4.2889494020329276e-19,4.608149856449766e-19,4.962855692811065e-19,5.3587323333307625e-19,5.802645373990009e-19,6.302982583138458e-19,6.870082023542746e-19,7.516808358517616e-19,8.259339137635181e-19,9.118253437188777e-19,1.0120063555960974e-18,1.1299408527731163e-18,1.2702257346903294e-18,1.4390689086735359e-18,1.6450200437529113e-18,1.9001183227470228e-18,2.2217509690981224e-18,2.6357687226539473e-18,3.1819202473887554e-18,3.923781142858938e-18,4.967934703110092e-18,6.5037690297729954e-18,8.895121321415198e-18,1.2934048740472701e-17,2.084586525901103e-17,4.309101474314414e-17,1.6955573721911731e-16,1.4038216155575025e-15,1.3724295178322912e-14,1.0845737561860292e-13,6.237101211097215e-13,2.5984192517119166e-12,8.004690157641368e-12,1.8747783160707657e-11,3.4769992829483265e-11,5.392080434138884e-11,7.392119273838193e-11,9.350489310658816e-11,1.1203434601547027e-10,1.2900615767514862e-10,1.439816790789599e-10,1.566761959352142e-10,1.670037493799827e-10,1.7505444113179792e-10,1.8103853716922847e-10,1.8522796282686413e-10,1.8791054345530403e-10,1.893606143821382e-10,1.8982358367221743e-10,1.8951019403504526e-10,1.8859657255649474e-10,1.8722722651782956e-10,1.8551920044232687e-10,1.8356640000263859e-10,1.814435976025337e-10,1.792099293261148e-10,1.7691184782575347e-10,1.7458556803252145e-10,1.722590701638384e-10,1.6995372958292074e-10,1.6768563819069847e-10,1.654666735135669e-10,1.6330536260352426e-10,1.612075794577466e-10,1.5917710756738862e-10,1.5721609318101337e-10,1.5532541007373914e-10,1.5350495256559806e-10,1.5175387044122485e-10,1.5007075680594505e-10,1.4845379779268222e-10,1.4690089148896035e-10,1.4540974188381102e-10,1.439779327180758e-10,1.4260298510166173e-10,1.4128240208145664e-10,1.4001370272975233e-10,1.3879444783855311e-10,1.3762225891662413e-10,1.3649483185677177e-10,1.3540994638436246e-10,1.343654721791153e-10,1.3335937240128674e-10,1.3238970519684696e-10,1.3145462364516294e-10,1.3055237454431766e-10,1.2968129630074223e-10,1.2883981619472415e-10,1.2802644719168093e-10,1.2723978445548025e-10,1.264785016776024e-10,1.2574134731607213e-10,1.250271408139361e-10,1.2433476885271667e-10,1.2366318167520705e-10,1.2301138951632815e-10,1.223784591552348e-10,1.2176351060839043e-10,1.2116571396829848e-10,1.2058428639592968e-10,1.2001848926844042e-10,1.194676254805716e-10,1.1893103689661927e-10,1.1840810194907215e-10,1.178982333844163e-10,1.1740087613792975e-10,1.1691550534840571e-10,1.1644162448744215e-10,1.1597876361502291e-10,1.1552647774489918e-10,1.1508434530998257e-10,1.1465196673546096e-10,1.1422896309385091e-10,1.1381497486499757e-10,1.1340966075396906e-10,1.1301269660482487e-10,1.126237743779814e-10,1.1224260119712471e-10,1.1186889845734463e-10,1.1150240098650079e-10,1.1114285627244876e-10,1.1079002372409688e-10,1.1060894614045202e-10,1.1026592673483569e-10,1.0992910586390173e-10,1.0959823712451847e-10,1.0927311503398432e-10,1.089535519339391e-10,1.0863937085846901e-10,1.0833040314001767e-10,1.0802648743084097e-10,1.0772746919263044e-10,1.074332002960826e-10,1.0714353870750035e-10,1.0685834816619632e-10,1.0657749791299677e-10,1.0630086241684741e-10,1.0602832112363804e-10,1.0575975821263008e-10,1.0549506236787723e-10,1.0523412656509366e-10,1.0497684786617082e-10,1.0472312722479867e-10,1.0447286930600533e-10,1.0422598231207595e-10,1.0398237781649957e-10,1.0374197061685217e-10,1.0350467857788429e-10,1.0327042249955966e-10,1.030391259829153e-10,1.0281071530712128e-10,1.0258511930801833e-10,1.0236226927351326e-10,1.0214209892657646e-10,1.0192454402552338e-10,1.0170954258091033e-10,1.0149703465876752e-10,1.0128696229224565e-10,1.0107926940054755e-10,1.0087390171389153e-10,1.0067080669313614e-10,1.004699334642111e-10,1.002712327480913e-10,1.0007465680586123e-10,9.988015936317387e-11,9.968769556443657e-11,9.94972219143784e-11,9.93086962235858e-11,9.912207756051218e-11,9.893732620297557e-11,9.875440359325586e-11,9.857327229600214e-11,9.839389595080746e-11,9.821623923949442e-11,9.804026784275695e-11,9.786594841261085e-11,9.769324852646145e-11,9.752213666008864e-11,9.735258215699758e-11,9.718455519280547e-11,9.701802675276895e-11,9.685296859887506e-11,9.668935324427836e-11,9.65271539303924e-11,9.636634459530841e-11,9.620689986377949e-11,9.604879501243785e-11,9.589200594938913e-11,9.5736509196332e-11,9.558228186958261e-11,9.542930166001023e-11,9.527754681245062e-11,9.512699611003805e-11,9.497762885822402e-11,9.482942486498968e-11,9.468236442866418e-11,9.45364283199717e-11,9.43915977692451e-11,9.424785444601917e-11,9.410518046879862e-11,9.396355835875127e-11,9.382297104293098e-11,9.368340185009442e-11,9.354483448452915e-11,9.340725302326782e-11,9.327064190607487e-11,9.313498592819086e-11,9.300027021124535e-11,9.286648021216204e-11,9.273360171041738e-11,9.260162079615808e-11,9.24705238612439e-11,9.234029759304031e-11,9.221092896476876e-11,9.208240522444453e-11,9.195471390017018e-11,9.182784277444639e-11,9.170177988572183e-11,9.157651353336287e-11,9.145203224021237e-11,9.132832477964763e-11,9.120538015147847e-11,9.108318757843977e-11,9.09617365040958e-11,9.084101657671765e-11,9.072101766146065e-11,9.06017298185665e-11,9.0483143306717e-11,9.0365248576215e-11,9.024803626323998e-11,9.013149718959811e-11,9.00156223469714e-11,8.990040290535014e-11,8.978583020188558e-11,8.967189574139615e-11,8.955859118498936e-11,8.944590835454821e-11,8.933383922050242e-11,8.922237590567705e-11,8.911151067745036e-11,8.900123594592399e-11,8.88915442598096e-11,8.878242830465937e-11,8.867388090048441e-11,8.856589498318521e-11,8.845846363120874e-11,8.835158004000818e-11,8.824523752749684e-11,8.81394295282e-11,8.803414959390154e-11,8.792939137977827e-11,8.782514866327399e-11,8.772141532347484e-11,8.761818534752914e-11,8.751545282186913e-11,8.741321193646126e-11,8.731145697876509e-11,8.721018233273132e-11,8.710938247639254e-11,8.700905197986618e-11,8.690918550379478e-11,8.680977779712607e-11,8.671082369507693e-11,8.661231811842142e-11,8.651425606932821e-11,8.641663263142154e-11,8.631944296792082e-11,8.622268232033812e-11,8.612634600525726e-11,8.60304294137593e-11,8.593492801126194e-11,8.583983733282451e-11,8.574515298756929e-11,8.565087064928262e-11,8.555698606062477e-11,8.54634950293031e-11,8.537039342905208e-11,8.527767719687624e-11,8.518534233087278e-11,8.50933848892382e-11,8.500180099365277e-11,8.491058682072123e-11,8.4819738606303e-11,8.472925264148072e-11,8.463912527332613e-11,8.454935290327496e-11,8.445993197756654e-11,8.437085901638619e-11,8.428213057008074e-11,8.419374324654204e-11,8.410569370297353e-11,8.401797864423643e-11,8.3930594822527e-11,8.384353903786605e-11,8.375680813485672e-11,8.367039900214475e-11,8.358430857567754e-11,8.349853382999902e-11,8.341307178551836e-11,8.33279195040659e-11,8.324307409045346e-11,8.315853267778389e-11,8.307429245581713e-11,8.299035064365247e-11,8.290670449778309e-11,8.282335131440301e-11,8.274028842710216e-11,8.265751320370232e-11,8.257502305321769e-11,8.249281541208148e-11,8.241088775392554e-11,8.232923758585104e-11,8.224786244832562e-11,8.216675991460706e-11,8.208592758967708e-11,8.200536310892044e-11,8.192506414399891e-11,8.184502838645585e-11,8.176525356638253e-11,8.1685737443869e-11,8.160647779985495e-11,8.152747245054278e-11,8.144871923883345e-11,8.137021603452159e-11,8.129196073430451e-11,8.121395126178141e-11,8.113618556658631e-11,8.105866162744684e-11,8.098137743663123e-11,8.090433102663923e-11,8.082752044614809e-11,8.075094376926882e-11,8.067459909406753e-11,8.059848454198406e-11,8.052259825750896e-11,8.044693840714589e-11,8.037150318054943e-11,8.029629078840761e-11,8.022129946286848e-11,8.014652746271241e-11,8.007197305907319e-11,7.999763454882904e-11,7.992351024884023e-11,7.984959849350076e-11,7.977589763962666e-11,7.970240606430702e-11,7.962912215610189e-11,7.955604433100987e-11,7.948317101911676e-11,7.941050067055823e-11,7.9338031750273e-11,7.92657627520716e-11,7.919369216958351e-11,7.912181852944474e-11,7.905014036569962e-11,7.89786562324678e-11,7.89073646983856e-11,7.883626434997465e-11,7.876535378917209e-11,7.869463163367172e-11,7.862409651772235e-11,7.855374708951069e-11,7.848358201238652e-11,7.841359996476591e-11,7.834379963969524e-11,7.827417974463453e-11,7.820473900124307e-11,7.813547614493595e-11,7.806638992574714e-11,7.799747910593082e-11,7.792874246356372e-11,7.786017878683604e-11,7.779178687714127e-11,7.772356555447289e-11,7.765551364414637e-11,7.758762998789723e-11,7.751991343917868e-11,7.745236286207989e-11,7.738497713603147e-11,7.73177551492768e-11,7.725069580209123e-11,7.718379800845242e-11,7.711706069301411e-11,7.705048278895171e-11,7.698406324280026e-11,7.691780101090133e-11,7.68516950597206e-11,7.678574436916569e-11,7.671994792933219e-11,7.66543047407625e-11,7.658881381254382e-11,7.652347416305314e-11,7.64582848177403e-11,7.639324481978093e-11,7.632835322100252e-11,7.626360907803543e-11,7.619901145935616e-11,7.613455943984391e-11,7.607025210756991e-11,7.60060885581984e-11,7.594206789635037e-11,7.587818923526395e-11,7.581445169622895e-11,7.575085441247852e-11,7.568739652282682e-11,7.562407717367433e-11,7.556089552169652e-11,7.54978507311461e-11,7.543494197437095e-11,7.537216843171313e-11,7.53095292914091e-11,7.52470237494919e-11,7.518465100823343e-11,7.512241028015959e-11,7.506030078327616e-11,7.499832174942242e-11,7.493647240590548e-11,7.487475199351726e-11,7.481315976297098e-11,7.475169497000904e-11,7.469035687190827e-11,7.4629144743496e-11,7.456805785713015e-11,7.450709549833489e-11,7.444625695224281e-11,7.438554151456727e-11,7.43249484879724e-11,7.426447718458496e-11,7.420412691673937e-11,7.41438970058331e-11,7.40837867804505e-11,7.40237955710479e-11,7.396392271896646e-11,7.390416756906209e-11,7.384452947325377e-11,7.37850077887055e-11,7.372560187936611e-11,7.366631111285835e-11,7.360713486243246e-11,7.35480725093644e-11,7.348912343858393e-11,7.343028704125767e-11,7.337156271310583e-11,7.331294985492024e-11,7.325444787616151e-11,7.319605618503172e-11,7.313777420288971e-11,7.307960135008614e-11,7.302153705367641e-11,7.296358074655339e-11,7.290573186512608e-11,7.284798985037933e-11,7.279035414999085e-11,7.273282421549097e-11,7.267539950271819e-11,7.261807947292843e-11,7.256086359169398e-11,7.250375132894252e-11,7.244674215885559e-11,7.238983556186669e-11,7.233303101832377e-11,7.227632801799152e-11,7.221972605207068e-11,7.216322461704948e-11,7.210682321320383e-11,7.205052134527644e-11,7.199431852183402e-11,7.193821425547658e-11,7.188220806679946e-11,7.18262994685982e-11,7.177048798985053e-11,7.171477315977133e-11,7.165915451019852e-11,7.160363157740665e-11,7.154820390151461e-11,7.149287102622501e-11,7.143763249903979e-11,7.138248787109761e-11,7.13274366971533e-11,7.127247853556494e-11,7.121761294788236e-11,7.116283950006295e-11,7.110815776078973e-11,7.105356730057518e-11,7.099906769892898e-11,7.094465853254507e-11,7.089033938345585e-11,7.083610983719107e-11,7.078196948481925e-11,7.072791791730287e-11,7.067395472932778e-11,7.062007952066558e-11,7.056629189207139e-11,7.05125914483319e-11,7.045897779833002e-11,7.040545055203318e-11,7.03520093230799e-11,7.029865372902793e-11,7.024538338912557e-11,7.019219792703488e-11,7.013909696625447e-11,7.008608013698287e-11,7.00331470704591e-11,6.998029740013226e-11,6.992753076363346e-11,6.987484679956328e-11,6.982224515066514e-11,6.976972546290208e-11,6.971728738260351e-11,6.966493056097829e-11,6.961265465065027e-11,6.95604593099465e-11,6.950834419183528e-11,6.945630895940439e-11,6.940435327573303e-11,6.935247680619485e-11,6.930067921865529e-11,6.924896018502672e-11,6.919731937778563e-11,6.914575647099454e-11,6.909427114624736e-11,6.904286307832446e-11,6.899153194966427e-11,6.894027744990023e-11,6.888909926369007e-11,6.883799708157442e-11,6.878697059394149e-11,6.873601948988015e-11,6.868514347300026e-11,6.863434223978125e-11,6.858361548888581e-11,6.85329629198975e-11,6.848238424025258e-11,6.843187915641601e-11,6.838144737756402e-11,6.833108861333782e-11,6.82808025766821e-11,6.823058898360236e-11,6.818044754932732e-11,6.81303779917372e-11,6.808038003563137e-11,6.803045340185075e-11,6.798059781452898e-11,6.79308130006624e-11,6.788109868830392e-11,6.783145460660294e-11,6.7781880489797e-11,6.773237607154356e-11,6.768294108754707e-11,6.763357527537257e-11,6.758427837315824e-11,6.753505012462404e-11,6.748589027147081e-11,6.743679855941735e-11,6.738777473147894e-11,6.733881854046522e-11,6.72899297366947e-11,6.724110806645986e-11,6.719235328596631e-11,6.714366515004856e-11,6.709504341526031e-11,6.704648783729202e-11,6.69979981784289e-11,6.6949574200046e-11,6.690121566511692e-11,6.685292233820275e-11,6.680469398536148e-11,6.675653037423155e-11,6.67084312740362e-11,6.66603964553823e-11,6.661242569051849e-11,6.656451875606209e-11,6.651667542421295e-11,6.646889547161805e-11,6.642117867629993e-11,6.637352481781112e-11,6.632593367709858e-11,6.627840503651829e-11,6.623093867378237e-11,6.61835343860363e-11,6.613619195444107e-11,6.608891116566741e-11,6.604169180950681e-11,6.599453367353154e-11,6.594743655476775e-11,6.590040024544644e-11,6.585342453911366e-11,6.580650923156526e-11,6.57596541202017e-11,6.571285900319456e-11,6.566612368017656e-11,6.561944795179086e-11,6.557283162120696e-11,6.552627448981549e-11,6.547977636489411e-11,6.543333705136284e-11,6.538695635589501e-11,6.534063408688435e-11,6.529437005383084e-11,6.524816406735056e-11,6.520201593987611e-11,6.515592548259722e-11,6.510989250855387e-11,6.506391683770155e-11,6.501799828384453e-11,6.497213666369056e-11,6.492633179655996e-11,6.488058350288626e-11,6.483489160275207e-11,6.478925591560545e-11,6.474367626873228e-11,6.469815248420281e-11,6.465268438712815e-11,6.460727180386113e-11,6.456191456324203e-11,6.451661248936156e-11,6.447136541323917e-11,6.442617316563856e-11,6.438103557663108e-11,6.433595248009761e-11,6.429092370203764e-11,6.42459490898888e-11,6.420102847144233e-11,6.41561616825453e-11,6.411134856209806e-11,6.406658894745426e-11,6.40218826774468e-11,6.397722959202057e-11,6.39326295310572e-11,6.388808233764236e-11,6.384358785353324e-11,6.37991459235572e-11,6.375475639093705e-11,6.371041910191249e-11,6.36661339027288e-11,6.362190064085428e-11,6.357771916558694e-11,6.353358932292672e-11,6.348951096549384e-11,6.344548394370784e-11,6.340150810728054e-11,6.335758330893263e-11,6.331370940209269e-11,6.326988624077429e-11,6.322611367979306e-11,6.318239157480246e-11,6.313871978225038e-11,6.309509815903923e-11,6.305152656358119e-11,6.300800485480588e-11,6.296453289250236e-11,6.292111053679803e-11,6.287773764888257e-11,6.283441409033573e-11,6.27911397248808e-11,6.274791441473861e-11,6.270473802481812e-11,6.266161041885172e-11,6.261853146479153e-11,6.257550102806522e-11,6.253251897562564e-11,6.248958517556016e-11,6.244669949650302e-11,6.240386180778478e-11,6.236107197980029e-11,6.23183298828436e-11,6.227563538983889e-11,6.223298836985389e-11,6.219038869836875e-11,6.214783624672543e-11,6.210533088662782e-11,6.206287249922187e-11,6.202046096282951e-11,6.197809614320753e-11,6.193577792118896e-11,6.189350617717917e-11,6.185128078653921e-11,6.180910162830959e-11,6.176696858246683e-11,6.172488152889106e-11,6.168284034817541e-11,6.164084492173374e-11,6.159889513149474e-11,6.155699085997474e-11,6.151513199034183e-11,6.147331840636787e-11,6.143154999237275e-11,6.138982663332716e-11,6.134814821436098e-11,6.13065146224721e-11,6.126492574395485e-11,6.122338146612686e-11,6.118188167687246e-11,6.11404262646706e-11,6.109901511851511e-11,6.105764812802157e-11,6.101632518246408e-11,6.097504617097053e-11,6.093381099136927e-11,6.089261953137838e-11,6.08514716787911e-11,6.081036733487582e-11,6.076930638939514e-11,6.072828873624124e-11,6.06873142699339e-11,6.064638288556717e-11,6.060549447850934e-11,6.05646489450387e-11,6.052384618168365e-11,6.048308608563187e-11,6.044236855437271e-11,6.040169348609735e-11,6.036106077943539e-11,6.032047033351618e-11,6.027992204798065e-11,6.023941582291344e-11,6.019895155895933e-11,6.015852915719085e-11,6.011814851918145e-11,6.007780954698513e-11,6.0037512143057e-11,5.999725621046507e-11,5.99570416527357e-11,5.991686837367468e-11,5.987673627783284e-11,5.983664526996237e-11,5.979659525540621e-11,5.97565861399338e-11,5.971661782922646e-11,5.967669023099167e-11,5.963680325199084e-11,5.959695679947758e-11,5.955715078161839e-11,5.951738510681591e-11,5.947765968393125e-11,5.943797442225562e-11,5.939832923150731e-11,5.935872402182905e-11,5.931915870378517e-11,5.927963318833475e-11,5.924014738689478e-11,5.920070121128422e-11,5.916129457372157e-11,5.912192738673875e-11,5.908259956274561e-11,5.904331101580505e-11,5.900406165965114e-11,5.896485140967801e-11,5.892568017947264e-11,5.888654788879204e-11,5.884745444443966e-11,5.88083997656975e-11,5.876938376899215e-11,5.873040637052047e-11,5.869146748897758e-11,5.865256704053025e-11,5.861370494288037e-11,5.857488111371764e-11,5.853609547212264e-11,5.849734793665285e-11,5.845863842604098e-11,5.841996686032362e-11,5.838133316397263e-11,5.834273724935232e-11,5.830417904091429e-11,5.826565845712836e-11,5.822717542116717e-11,5.818872985558153e-11,5.815032167871517e-11,5.811195081947549e-11,5.8073617195549245e-11,5.8035320731271115e-11,5.799706134999212e-11,5.795883897548123e-11,5.7920653534162215e-11,5.7882504945604167e-11,5.784439313746885e-11,5.780631803182569e-11,5.776827955825637e-11,5.773027763857659e-11,5.769231220309272e-11,5.7654383175943035e-11,5.7616490483655736e-11,5.7578634053267494e-11,5.7540813812059124e-11,5.750302968750786e-11,5.7465281607758023e-11,5.742756950091982e-11,5.738989329530028e-11,5.735225291998239e-11,5.731464830703302e-11,5.7277079378325324e-11,5.723954607052354e-11,5.72020483112751e-11,5.716458602990359e-11,5.7127159157153307e-11,5.708976762526959e-11,5.7052411364671267e-11,5.7015090308636735e-11,5.697780438587634e-11,5.69405535300599e-11,5.6903337673292473e-11,5.686615674783986e-11,5.682901068721082e-11,5.679189942452236e-11,5.675482289278548e-11,5.6717781025925686e-11,5.668077375792914e-11,5.6643801023054094e-11,5.660686275582771e-11,5.656995889104144e-11,5.653308936375718e-11,5.64962541094403e-11,5.645945306241604e-11,5.642268616088696e-11,5.63859533398032e-11,5.634925453548511e-11,5.63125896857746e-11,5.62759587263346e-11,5.623936159276641e-11,5.620279822385629e-11,5.61662685578013e-11,5.612977253434107e-11,5.609331008625427e-11,5.605688115526694e-11,5.602048567883651e-11,5.5984123597638664e-11,5.5947794849816795e-11,5.591149937541645e-11,5.5875237112294656e-11,5.5839008001362483e-11,5.580281198300062e-11,5.576664899728029e-11,5.573051898450482e-11,5.5694421885698287e-11,5.5658357642684795e-11,5.5622326195774144e-11,5.5586327486397475e-11,5.555036145624517e-11,5.551442804658695e-11,5.547852720264865e-11,5.544265886051101e-11,5.540682296636927e-11,5.537101946419977e-11,5.533524829592313e-11,5.529950940474351e-11,5.526380273412302e-11,5.5228128228318e-11,5.51924858301154e-11,5.5156875484215264e-11,5.512129713506841e-11,5.508575072704318e-11,5.5050236204764916e-11,5.501475351324387e-11,5.497930259761825e-11,5.494388340326295e-11,5.4908495875728817e-11,5.4873139960709144e-11,5.4837815604169185e-11,5.480252275222385e-11,5.476726135137469e-11,5.4732031348110086e-11,5.4696832689181653e-11,5.466166532155932e-11,5.4626529192376564e-11,5.459142424897325e-11,5.455635043807894e-11,5.452130770827875e-11,5.4486296007372976e-11,5.4451315283557675e-11,5.441636548497889e-11,5.438144656032515e-11,5.434655845911384e-11,5.431170112930427e-11,5.427687451981093e-11,5.424207858001885e-11,5.420731325990901e-11,5.417257850635501e-11,5.413787427262001e-11,5.410320050783475e-11,5.406855716152691e-11,5.4033944183784535e-11,5.399936152536718e-11,5.396480913666758e-11,5.3930286970110597e-11,5.389579497575963e-11,5.386133310742832e-11,5.3826901309709764e-11,5.3792499535165207e-11,5.3758127740987696e-11,5.372378587683272e-11,5.36894738951827e-11,5.365519174598662e-11,5.3620939382078774e-11,5.358671675823622e-11,5.355252382483714e-11,5.3518360538224055e-11,5.3484226846955246e-11,5.345012270634213e-11,5.3416048070255313e-11,5.338200289102258e-11,5.334798712290779e-11,5.331400071958574e-11,5.328004363526399e-11,5.334546948462664e-11,5.341222206577439e-11,5.350011430144692e-11,5.361387292046614e-11,5.3755073056176094e-11,5.3924515353256135e-11,5.4122671445832844e-11,5.434977554273399e-11,5.460585392446617e-11,5.489074453997381e-11,5.5204115588237484e-11,5.5545484234704235e-11,5.591423533835527e-11,5.630963986837229e-11,5.67308727109149e-11,5.7177029624817746e-11,5.764714316438197e-11,5.8140197413662927e-11,5.865514152038498e-11,5.91909018482674e-11,5.97463929205429e-11,6.0320527010536e-11,6.091222252737928e-11,6.152041123538056e-11,6.21440443304821e-11,6.278209754205547e-11,6.34335752730959e-11,6.409751390304707e-11,6.477298434323282e-11,6.545909391149703e-11,6.61549876142699e-11,6.685984892417147e-11,6.757290010931802e-11,6.829340219328726e-11,6.90206545888264e-11,6.975399449696772e-11,7.049279603725228e-11,7.123646926248057e-11,7.19844590117758e-11,7.27362436774071e-11,7.349133386833583e-11,7.424927105078298e-11,7.500962616325924e-11,7.577199820150269e-11,7.653601282414636e-11,7.730132095667331e-11,7.806759742910419e-11,7.883453966032004e-11,7.960186636616738e-11,8.036931630075864e-11,8.113664706504328e-11,8.190363394608768e-11,8.267006886462467e-11,8.34357592473843e-11,8.420052709966612e-11,8.496420804225572e-11,8.572665039430291e-11,8.648771437155131e-11,8.724727123528601e-11,8.800520257657488e-11,8.876139962591428e-11,8.951576254468984e-11,9.026819983914061e-11,9.10186277615491e-11,9.176696977037732e-11,9.25131560174017e-11,9.325712286698586e-11,9.399881245680391e-11,9.473817227712034e-11,9.547515478535452e-11,9.620971704277418e-11,9.694182037734107e-11,9.767143007121009e-11,9.839851506595395e-11,9.912304768447495e-11,9.984500341264872e-11,1.0056436061008732e-10,1.0128110033004332e-10,1.0199520610669183e-10,1.0270666376585315e-10,1.0341546125112507e-10,1.0412158848678121e-10,1.0482503713349607e-10,1.0552580058875295e-10,1.0622387371321155e-10,1.0691925290555128e-10,1.0761193576921521e-10,1.0830192111134276e-10,1.0898920888206465e-10,1.0967380003699589e-10,1.1035569646562875e-10,1.1103490092324147e-10,1.1171141695755226e-10,1.1238524881342834e-10,1.1305640144346523e-10,1.1372488037495108e-10,1.1439069172372483e-10,1.1505384208536442e-10,1.157143385422938e-10,1.1637218860107041e-10,1.1702740015433482e-10,1.1767998144272842e-10,1.183299410353747e-10,1.1897728778656625e-10,1.1962203082014306e-10,1.2026417950090038e-10,1.2090374339535623e-10,1.215407322752084e-10,1.2217515609885597e-10,1.2280702494000513e-10,1.2343634904803411e-10,1.2406313878139311e-10,1.2468740460925883e-10,1.253091570837663e-10,1.2592840687380777e-10,1.265451646830745e-10,1.271594412915642e-10,1.2777124753433545e-10,1.2838059426587862e-10,1.2898749239696952e-10,1.2959195285873851e-10,1.301939865804763e-10,1.3079360459714518e-10,1.3139081782457662e-10,1.319856372435466e-10,1.3257807384389834e-10,1.3316813857521094e-10,1.3375584240545434e-10,1.3434119626859487e-10,1.3492421106905285e-10,1.355048977563666e-10,1.3608326716825618e-10,1.366593301199586e-10,1.3723309747608752e-10,1.3780458000259152e-10,1.383737884498876e-10,1.3894073353543638e-10,1.395054259052805e-10,1.400678762205499e-10,1.4062809513453584e-10,1.411860931625754e-10,1.4174188081688422e-10,1.4229546855047366e-10,1.4284686682533757e-10,1.4339608600323176e-10,1.4394313642024515e-10,1.4448802835707188e-10,1.450307720627868e-10,1.45571377727575e-10,1.4610985549597034e-10,1.4664621546393952e-10,1.4718046767855734e-10,1.4771262213774416e-10,1.4824268879355435e-10,1.4877067754180177e-10,1.492965982317213e-10,1.4982046066291085e-10,1.5034227458491376e-10,1.508620496946182e-10,1.513797956443813e-10,1.518955220355156e-10,1.5240923841517809e-10,1.529209542849078e-10,1.5343067909504017e-10,1.539384222462414e-10,1.544441930895939e-10,1.5494800092692844e-10,1.5544985500370387e-10,1.5594976452977127e-10,1.5644773865920715e-10,1.5694378649722117e-10,1.574379171069015e-10,1.5793013948962307e-10,1.5842046260507598e-10,1.5890889536483195e-10,1.5939544659002362e-10,1.5988012514213045e-10,1.6036293986471037e-10,1.6084389936043792e-10,1.6132301234839426e-10,1.6180028744581612e-10,1.6227573323686298e-10,1.6274935826212897e-10,1.6322117099388656e-10,1.6369117989263073e-10,1.641593933523081e-10,1.6462581971200112e-10,1.6509046729447274e-10,1.65553344350263e-10,1.6601445910111743e-10,1.6647381971318205e-10,1.669314343125274e-10,1.6738731098429332e-10,1.6784145777545178e-10,1.6829388265097462e-10,1.6874459361695603e-10,1.691935985597928e-10,1.6964090534210822e-10,1.7008652179280935e-10,1.7053045567904344e-10,1.709727148080889e-10,1.7141330678717928e-10,1.7185223932049546e-10,1.7228952000820143e-10,1.7272515640977052e-10,1.7315915610590135e-10,1.7359152656524403e-10,1.7402227523959942e-10,1.7445140956183768e-10,1.7487893686997144e-10,1.7530486451118484e-10,1.757291997882938e-10,1.7615194994712396e-10,1.7657312220752542e-10,1.7699272374945746e-10,1.7741076170826014e-10,1.778272431835665e-10,1.782421752466359e-10,1.7865556490406424e-10,1.790674191492612e-10,1.7947774492947814e-10,1.7988654917569314e-10,1.8029383874528612e-10,1.8069962049678621e-10,1.811039011924296e-10,1.8150668761829805e-10,1.8190798649860117e-10,1.8230780453338817e-10,1.8270614841298014e-10,1.8310302470274626e-10,1.8349844001176498e-10,1.838924008854252e-10,1.8428491386971196e-10,1.8467598542512697e-10,1.8506562199637277e-10,1.8545382998284047e-10,1.8584061580232983e-10,1.8622598578431688e-10,1.8660994623849434e-10,1.8699250340320337e-10,1.8737366355511915e-10,1.8775343297208776e-10,1.881318177801882e-10,1.8850882410125019e-10,1.8888445807224701e-10,1.8925872577433378e-10,1.8963163329327738e-10,1.9000318663184662e-10,1.9037339174456306e-10,1.9074225460466766e-10,1.9110978114150638e-10,1.9147597723656253e-10,1.9184084876065824e-10,1.9220440153714836e-10,1.9256664136931364e-10,1.9292757401771532e-10,1.9328720524414949e-10,1.936455407409109e-10,1.9400258622584472e-10,1.943583473041988e-10,1.947128295856252e-10,1.9506603868616687e-10,1.954179801627281e-10,1.9576865955211413e-10,1.961180823581775e-10,1.964662540467238e-10,1.968131800732631e-10,1.9715886586440584e-10,1.97503316795869e-10,1.9784653823711716e-10,1.9818853551917118e-10,1.9852931394882354e-10,1.9886887881580576e-10,1.9920723535134286e-10,1.9954438879243473e-10,1.99880344350757e-10,2.0021510718166345e-10,2.005486824281688e-10,2.008810751975439e-10,2.0121229055944416e-10,2.015423336385466e-10,2.0187120944372568e-10,2.0219892301943437e-10,2.0252547929418214e-10,2.0285088325531723e-10,2.0317513982509517e-10,2.0349825393777095e-10,2.0382023047004475e-10,2.0414107427496762e-10,2.0446079018987914e-10,2.047793830251744e-10,2.05096857567413e-10,2.0541321854741528e-10,2.0572847075886232e-10,2.0604261888533786e-10,2.0635566762064203e-10,2.0666762161129638e-10,2.0697848551647828e-10,2.0728826394439787e-10,2.0759696149142863e-10,2.079045827248121e-10,2.0821113219214339e-10,2.0851661443122354e-10,2.0882103391309876e-10,2.0912439512971113e-10,2.0942670253465984e-10,2.0972796056092345e-10,2.1002817361449347e-10,2.1032734609185274e-10,2.106254823571062e-10,2.109225867365162e-10,2.1121866357666794e-10,2.1151371717062693e-10,2.1180775178222491e-10,2.1210077167213774e-10,2.1239278107562682e-10,2.126837842096668e-10,2.1297378526290276e-10,2.1326278839966266e-10,2.135507977765129e-10,2.1383781752246318e-10,2.1412385173104942e-10,2.144089045156172e-10,2.1469297993216072e-10,2.14976082034449e-10,2.152582148428348e-10,2.1553938235660754e-10,2.1581958854295076e-10,2.1609883743471666e-10,2.1637713291998297e-10,2.1665447896068985e-10,2.1693087942915629e-10,2.172063382308354e-10,2.174808592342993e-10,2.1775444628867235e-10,2.180271032239435e-10,2.1829883384174318e-10,2.1856964195414676e-10,2.1883953131976066e-10,2.1910850570373098e-10,2.1937656883262871e-10,2.1964372442896434e-10,2.1990997619190904e-10,2.2017532780203094e-10,2.2043978292178405e-10,2.2070334522332223e-10,2.2096601824292103e-10,2.2122780569179926e-10,2.2148871111456892e-10,2.21748738113027e-10,2.2200789021661596e-10,2.2226617094966026e-10,2.22523583855855e-10,2.2278013243838156e-10,2.2303582016146326e-10,2.232906505334433e-10,2.2354462698357493e-10,2.2379775295354118e-10,2.2405003187042212e-10,2.2430146712840962e-10,2.2455206211175094e-10,2.2480182017389464e-10,2.2505074468025403e-10,2.2529883896402627e-10,2.2554610635283242e-10,2.2579255014840994e-10,2.2603817363593387e-10,2.2628298008890628e-10,2.2652697276336285e-10,2.2677015489955414e-10,2.270125297220468e-10,2.272541004397961e-10,2.274948702462427e-10,2.2773484231815027e-10,2.2797401983798237e-10,2.282124059184036e-10,2.2845000372504416e-10,2.2868681634308765e-10,2.2892284688515987e-10,2.2915809844274733e-10,2.2939257408808617e-10,2.2962627687895504e-10,2.298592098583097e-10,2.3009137604902229e-10,2.303227784706322e-10,2.305534201226348e-10,2.3078330399594498e-10,2.3101243305526553e-10,2.3124081025722027e-10,2.314684385433595e-10,2.3169532084313948e-10,2.3192146007108687e-10,2.3214685912231186e-10,2.3237152088938208e-10,2.3259544824543763e-10,2.3281864404993087e-10,2.33041111148786e-10,2.3326285237436876e-10,2.3348387054526084e-10,2.3370416846760397e-10,2.3392374893379636e-10,2.341426147229402e-10,2.343607686065354e-10,2.345782133318659e-10,2.3479495163893157e-10,2.350109862548264e-10,2.3522631989380176e-10,2.354409552573332e-10,2.3565489503378226e-10,2.3586814189974856e-10,2.360806985189072e-10,2.3629256753902884e-10,2.365037516045292e-10,2.3671425333988546e-10,2.3692407535701364e-10,2.37133220260615e-10,2.373416906389024e-10,2.375494890694017e-10,2.3775661811779937e-10,2.379630803375518e-10,2.3816887827041827e-10,2.383740144462673e-10,2.385784913832447e-10,2.3878231158776717e-10,2.38985477554628e-10,2.391879917658947e-10,2.393898566963155e-10,2.3959107480597127e-10,2.3979164854586623e-10,2.3999158034188825e-10,2.4019087261569e-10,2.403895278256386e-10,2.405875483273952e-10,2.407849365442232e-10,2.4098169482724755e-10,2.411778255751095e-10,2.413733311340819e-10,2.415682138520376e-10,2.4176247607986057e-10,2.419561201384622e-10,2.4214914834424955e-10,2.423415630043689e-10,2.425333664174293e-10,2.42724560891041e-10,2.429151486879465e-10,2.4310513200872645e-10,2.432945131617684e-10,2.4348329441590375e-10,2.4367147795818466e-10,2.4385906605240354e-10,2.440460608714362e-10,2.4423246463782684e-10,2.444182795458457e-10,2.4460350779506005e-10,2.447881514945425e-10,2.449722129061672e-10,2.4515569412887465e-10,2.45338597278458e-10,2.4552092454197017e-10,2.457026780041747e-10,2.458838598308704e-10,2.460644720999248e-10,2.4624451687976853e-10,2.464239963142741e-10,2.466029124537275e-10,2.4678126736221033e-10,2.4695906310348606e-10,2.4713630172877656e-10,2.473129852767832e-10,2.474891157746057e-10,2.476646952767954e-10,2.4783972574253275e-10,2.48014209200728e-10,2.481881476355168e-10,2.4836154304552464e-10,2.485343974243991e-10,2.48706712769934e-10,2.4887849095059805e-10,2.490497339710252e-10,2.4922044378547905e-10,2.493906223418121e-10,2.495602714932754e-10,2.4972939320430625e-10,2.4989798937895174e-10,2.5006606191726846e-10,2.502336127137118e-10,2.5040064369292023e-10,2.50567156635651e-10,2.507331534760005e-10,2.508986360599588e-10,2.510636062334929e-10,2.512280658443896e-10,2.513920167146834e-10,2.515554606919988e-10,2.517183995865606e-10,2.518808352055549e-10,2.520427693651921e-10,2.5220420382513235e-10,2.523651404116731e-10,2.5252558088847114e-10,2.5268552703197435e-10,2.5284498060854037e-10,2.530039433412399e-10,2.5316241701864096e-10,2.5332040336759215e-10,2.534779041088683e-10,2.536349209946664e-10,2.5379145572949924e-10,2.539475100244072e-10,2.541030855822009e-10,2.5425818410085523e-10,2.5441280732318937e-10,2.5456695684103486e-10,2.547206343384187e-10,2.548738415080877e-10,2.550265800100866e-10,2.5517885149732723e-10,2.5533065761565295e-10,2.5548200000382953e-10,2.5563288029362527e-10,2.557833001098093e-10,2.559332610702157e-10,2.5608276478577684e-10,2.562318128605304e-10,2.5638040689169185e-10,2.565285485306275e-10,2.566762392993797e-10,2.5682348077526303e-10,2.5697027452841935e-10,2.571166221235019e-10,2.5726252511630266e-10,2.5740798505761423e-10,2.5755300349085157e-10,2.5769758195112636e-10,2.5784172197308795e-10,2.5798542507804025e-10,2.5812869278620184e-10,2.582715266073726e-10,2.5841392804663513e-10,2.58555898603666e-10,2.5869743976935104e-10,2.5883855303036993e-10,2.58979239867459e-10,2.5911950175374385e-10,2.5925934015729196e-10,2.593987565391103e-10,2.595377523533586e-10,2.596763290505085e-10,2.5981448807360735e-10,2.5995223077684665e-10,2.600895586627132e-10,2.6022647317776294e-10,2.6036297573982717e-10,2.604990677517857e-10,2.6063475061999526e-10,2.607700257440923e-10,2.6090489460706867e-10,2.610393585136011e-10,2.6117341882432765e-10,2.613070769430752e-10,2.614403342433696e-10,2.6157319209205676e-10,2.617056518514728e-10,2.618377148652505e-10,2.6196938249720027e-10,2.621006560921519e-10,2.622315370181485e-10,2.6236202657766063e-10,2.6249212607518936e-10,2.626218368599495e-10,2.627511602492323e-10,2.6288009755504023e-10,2.630086500835896e-10,2.6313681914081503e-10,2.632646060167192e-10,2.633920120110718e-10,2.635190384421094e-10,2.6364568654053406e-10,2.6377195758425573e-10,2.6389785284279356e-10,2.6402337357016255e-10,2.6414852104027504e-10,2.642732965353389e-10,2.643977012581996e-10,2.645217364818233e-10,2.6464540343762934e-10,2.647687033625185e-10,2.648916374858833e-10,2.650142070308259e-10,2.651364132313117e-10,2.6525825727689545e-10,2.6537974039001333e-10,2.655008637726793e-10,2.656216286122307e-10,2.6574203612749874e-10,2.658620874980533e-10,2.6598178391718887e-10,2.661011265621667e-10,2.662201166040487e-10,2.663387552187227e-10,2.6645704357250624e-10,2.665749828230477e-10,2.666925741348043e-10,2.668098186603548e-10,2.6692671754292177e-10,2.6704327192803474e-10,2.6715948294439896e-10,2.6727535177083213e-10,2.6739087947921813e-10,2.6750606721517793e-10,2.676209161394896e-10,2.6773542730636596e-10,2.6784960185667036e-10,2.6796344089525545e-10,2.6807694553048686e-10,2.681901169062603e-10,2.683029560237478e-10,2.6841546402296285e-10,2.685276419859928e-10,2.6863949103810626e-10,2.687510121590062e-10,2.688622064974298e-10,2.689730751026297e-10,2.690836190466645e-10,2.691938393911701e-10,2.6930373714143627e-10,2.6941331344432513e-10,2.69522569301819e-10,2.6963150575823347e-10,2.6974012385360577e-10,2.698484246284766e-10,2.6995640911362164e-10,2.70064078334523e-10,2.7017143335474344e-10,2.7027847512262436e-10,2.7038520468881235e-10,2.7049162303479807e-10,2.705977312379735e-10,2.70703530267502e-10,2.708090211256542e-10,2.7091420480623466e-10,2.710190823065003e-10,2.711236545690784e-10,2.712279226710121e-10,2.713318875474803e-10,2.7143555017178776e-10,2.7153891148350617e-10,2.7164197255379347e-10,2.717447342904902e-10,2.718471976418928e-10,2.7194936358300315e-10,2.720512330667302e-10,2.7215280704246813e-10,2.7225408646771326e-10,2.7235507228442267e-10,2.724557654295836e-10,2.7255616685267417e-10,2.726562774733092e-10,2.7275609822559635e-10,2.7285563004642024e-10,2.729548738519455e-10,2.730538305355973e-10,2.73152501069823e-10,2.7325088633012646e-10,2.7334898724825056e-10,2.7344680471957833e-10,2.7354433964616157e-10,2.736415929275958e-10,2.737385654573878e-10,2.738352581341754e-10,2.7393167184126196e-10,2.740278074572542e-10,2.7412366589026153e-10,2.7421924799354576e-10,2.743145546622093e-10,2.744095867680888e-10,2.745043451714683e-10,2.7459883074078193e-10,2.7469304433728024e-10,2.747869868219084e-10,2.748806590664724e-10,2.749740619053225e-10,2.7506719619214193e-10,2.751600627767198e-10,2.752526625501139e-10,2.7534499626790366e-10,2.75437064833684e-10,2.75528869025965e-10,2.756204096864092e-10,2.7571168767769674e-10,2.75802703802998e-10,2.758934589182715e-10,2.759839537808017e-10,2.760741892404481e-10,2.761641661339645e-10,2.7625388524353003e-10,2.76343347384552e-10,2.7643255336855664e-10,2.7652150400030573e-10,2.7661020004970663e-10,2.766986423404944e-10,2.7678683165542423e-10,2.768747687977936e-10,2.7696245453906035e-10,2.7704988966658936e-10,2.7713707494528804e-10,2.772240111582476e-10,2.7731069908718486e-10,2.7739713953567935e-10,2.7748333324462387e-10,2.775692809740205e-10,2.776549834977791e-10,2.777404415772855e-10,2.778256559704917e-10,2.779106274348784e-10,2.7799535672306825e-10,2.780798445887987e-10,2.781640917766522e-10,2.782480990316653e-10,2.783318670951751e-10,2.784153967174481e-10,2.7849868862933016e-10,2.785817435702801e-10,2.786645622540661e-10,2.7874714540894217e-10,2.7882949382541623e-10,2.789116081226937e-10,2.789934890717814e-10,2.790751373955986e-10,2.7915655380830726e-10,2.792377390241426e-10,2.793186937503857e-10,2.793994187206344e-10,2.794799145994891e-10,2.7956018210955653e-10,2.7964022195324983e-10,2.7972003482281325e-10,2.797996214252417e-10,2.798789824483474e-10,2.7995811858376457e-10,2.8003703053326065e-10,2.8011571895603347e-10,2.801941845624139e-10,2.8027242800825147e-10,2.803504499970031e-10,2.8042825119247427e-10,2.805058322572465e-10,2.8058319385792656e-10,2.8066033671010186e-10,2.8073726144249587e-10,2.808139687279948e-10,2.8089045922587334e-10,2.809667336048251e-10,2.81042792537891e-10,2.811186366407785e-10,2.8119426658670314e-10,2.8126968303620084e-10,2.8134488661777113e-10,2.8141987798863324e-10,2.814946577892369e-10,2.8156922663624277e-10,2.816435852238153e-10,2.8171773416041553e-10,2.817916740891068e-10,2.81865405605911e-10,2.8193892940033056e-10,2.8201224607246506e-10,2.820853562706221e-10,2.8215826059700596e-10,2.822309596534265e-10,2.8230345407981134e-10,2.823757444922004e-10,2.82447831499796e-10,2.8251971572993255e-10,2.825913977888103e-10,2.8266287828232274e-10,2.8273415781854573e-10,2.8280523700289646e-10,2.828761164364583e-10,2.8294679672331204e-10,2.830172784588478e-10,2.83087562241888e-10,2.831576486705129e-10,2.832275383294826e-10,2.832972318103102e-10,2.8336672972540363e-10,2.8343603262541305e-10,2.8350514108773537e-10,2.835740557335855e-10,2.836427771262468e-10,2.8371130583915397e-10,2.837796424551703e-10,2.8384778755015907e-10,2.8391574169388183e-10,2.839835054676376e-10,2.840510794178765e-10,2.8411846412361965e-10,2.84185660146303e-10,2.8425266805887824e-10,2.8431948840679276e-10,2.8438612175645576e-10,2.844525686652578e-10,2.8451882969125026e-10,2.845849053854619e-10,2.8465079630035467e-10,2.847165029786041e-10,2.847820259759572e-10,2.8484736583345674e-10,2.849125230975205e-10,2.84977498303859e-10,2.850422920208535e-10,2.851069047541286e-10,2.8517133704976934e-10,2.8523558944324426e-10,2.8529966247042104e-10,2.85363556650974e-10,2.854272725533399e-10,2.8549081066154607e-10,2.8555417151575484e-10,2.8561735564200206e-10,2.8568036356811754e-10,2.8574319579773934e-10,2.8580585286620925e-10,2.858683352884294e-10,2.859306435321688e-10,2.859927782181296e-10,2.8605473978662947e-10,2.8611652876482174e-10,2.861781456437878e-10,2.8623959094558156e-10,2.863008651711204e-10,2.8636196882636954e-10,2.8642290241019883e-10,2.864836664268634e-10,2.8654426137439314e-10,2.8660468775127764e-10,2.866649460526886e-10,2.8672503676471633e-10,2.8678496038523185e-10,2.868447174020595e-10,2.8690430829049336e-10,2.869637335777696e-10,2.8702299372074033e-10,2.870820892128692e-10,2.8714102053273735e-10,2.87199788154521e-10,2.87258392565229e-10,2.8731683422088423e-10,2.8737511363676225e-10,2.8743323129312036e-10,2.874911876149048e-10,2.8754898309588817e-10,2.8760661823983916e-10,2.876640934530275e-10,2.877214092295406e-10,2.8777856603994835e-10,2.878355643452796e-10,2.878924046139767e-10,2.8794908729430545e-10,2.8800561285440597e-10,2.880619817466601e-10,2.8811819442953934e-10,2.881742513567953e-10,2.8823015298396694e-10,2.8828589976237736e-10,2.8834149214239564e-10,2.8839693060522156e-10,2.8845221553710204e-10,2.885073474132292e-10,2.885623266587013e-10,2.886171537547877e-10,2.8867182912243187e-10,2.8872635320239424e-10,2.887807264356461e-10,2.888349492624092e-10,2.888890221135177e-10,2.889429454267118e-10,2.8899671963025156e-10,2.8905034516597605e-10,2.891038224569606e-10,2.8915715193349026e-10,2.892103340238863e-10,2.8926336915826397e-10,2.8931625775167044e-10,2.893690002161045e-10,2.894215970071154e-10,2.8947404852879924e-10,2.895263551912131e-10,2.8957851743429095e-10,2.8963053564560446e-10,2.8968241027183286e-10,2.897341417139786e-10,2.897857303878357e-10,2.898371766983245e-10,2.898884810585424e-10,2.899396438723227e-10,2.89990665557293e-10,2.9004154651477095e-10,2.9009228714871426e-10,2.9014288782639165e-10,2.90193349003936e-10,2.902436710877678e-10,2.9029385445752347e-10,2.903438995089639e-10,2.9039380664383645e-10,2.9044357625416994e-10,2.904932087361125e-10,2.9054270448132463e-10,2.9059206388092045e-10,2.9064128733209204e-10,2.906903752157305e-10,2.907393279342288e-10,2.9078814586353075e-10,2.908368293748065e-10,2.9088537888975313e-10,2.909337947734325e-10,2.9098207741127497e-10,2.9103022718168395e-10,2.9107824446488785e-10,2.911261296373094e-10,2.9117388307920496e-10,2.912215051794659e-10,2.912689962904408e-10,2.9131635680384634e-10,2.913635870769669e-10,2.9141068748835417e-10,2.91457658415273e-10,2.9150450022232166e-10,2.915512132733035e-10,2.9159779794542726e-10,2.9164425459738506e-10,2.9169058359657753e-10,2.9173678530797844e-10,2.91782860089805e-10,2.9182880830752057e-10,2.918746302932304e-10,2.919203264378337e-10,2.9196589711855564e-10,2.920113426682607e-10,2.9205666344482e-10,2.9210185980061956e-10,2.9214693208225617e-10,2.921918806780245e-10,2.9223670589155586e-10,2.9228140809361584e-10,2.923259876343014e-10,2.923704448605494e-10,2.9241478012116957e-10,2.9245899376072453e-10,2.9250308612359656e-10,2.9254705755540845e-10,2.925909083981652e-10,2.9263463899514104e-10,2.9267824968407706e-10,2.927217408047018e-10,2.927651126971533e-10,2.9280836569661584e-10,2.928515001486491e-10,2.92894516380133e-10,2.929374147256078e-10,2.9298019552142963e-10,2.9302285909866963e-10,2.930654057912414e-10,2.931078359255469e-10,2.9315014983422345e-10,2.931923478445584e-10,2.9323443028124055e-10,2.9327639747475003e-10,2.9331824976168786e-10,2.933599874521124e-10,2.9340161084704197e-10,2.934431202775255e-10,2.93484516106893e-10,2.9352579863374896e-10,2.9356696817070527e-10,2.9360802503574007e-10,2.9364896955762823e-10,2.9368980203827786e-10,2.9373052279344675e-10,2.9377113214587776e-10,2.9381163040644384e-10,2.9385201788604583e-10,2.938922948996164e-10,2.9393246175641157e-10,2.93972518768447e-10,2.9401246624002906e-10,2.9405230447855115e-10,2.940920337947064e-10,2.941316544929428e-10,2.9417116688149825e-10,2.942105712622872e-10,2.9424986793898265e-10,2.942890572104771e-10,2.943281393835804e-10,2.9436711475642473e-10,2.944059836286998e-10,2.944447462983494e-10,2.944834030624091e-10,2.94521954219125e-10,2.9456040006366363e-10,2.945987408934102e-10,2.946369770013712e-10,2.946751086815767e-10,2.9471313622571304e-10,2.9475105992552387e-10,2.94788880071567e-10,2.9482659695328727e-10,2.9486421086052663e-10,2.9490172208092327e-10,2.949391309009025e-10,2.9497643760802245e-10,2.9501364248825454e-10,2.950507458212162e-10,2.950877479095318e-10,2.9512464901905943e-10,2.951614494244834e-10,2.95198149416962e-10,2.952347492753046e-10,2.9527124927384093e-10,2.9530764970854577e-10,2.9534395084380607e-10,2.95380152961181e-10,2.9541625634076084e-10,2.954522612500239e-10,2.954881679614389e-10,2.9552397675311693e-10,2.9555968789791416e-10,2.9559530166808156e-10,2.9563081833501516e-10,2.9566623816941423e-10,2.957015614383414e-10,2.957367884130695e-10,2.957719193685808e-10,2.9580695456882556e-10,2.958418942766566e-10,2.9587673875354405e-10,2.959114882667284e-10,2.959461430825829e-10,2.959807034659266e-10,2.960151696793232e-10,2.960495419788255e-10,2.960838206240159e-10,2.9611800588138406e-10,2.9615209800926284e-10,2.961860972663318e-10,2.9622000391050316e-10,2.962538181988921e-10,2.9628754038793925e-10,2.9632117073338325e-10,2.963547094898884e-10,2.963881569115141e-10,2.964215132516271e-10,2.9645477876288257e-10,2.964879536971073e-10,2.9652103830544163e-10,2.965540328382015e-10,2.9658693754512623e-10,2.9661975267431005e-10,2.9665247847468814e-10,2.9668511519370367e-10,2.9671766307806547e-10,2.9675012237376263e-10,2.9678249332605727e-10,2.968147761794768e-10,2.968469711778505e-10,2.968790785642678e-10,2.969110985811208e-10,2.969430314704133e-10,2.969748774727891e-10,2.970066368284491e-10,2.970383097769797e-10,2.970698965571579e-10,2.971013974072092e-10,2.9713281256458756e-10,2.9716414226605154e-10,2.97195386747642e-10,2.972265462447256e-10,2.9725762099198654e-10,2.9728861122342667e-10,2.9731951717233803e-10,2.973503390702725e-10,2.973810771502515e-10,2.974117316442042e-10,2.974423027814031e-10,2.9747279079240566e-10,2.975031959064626e-10,2.975335183521568e-10,2.975637583574024e-10,2.9759391614941215e-10,2.9762399195481875e-10,2.976539859994955e-10,2.976838985087415e-10,2.9771372970710353e-10,2.9774347981857586e-10,2.977731490664805e-10,2.978027376734229e-10,2.9783224586142746e-10,2.9786167385184794e-10,2.978910218654002e-10,2.97920290122138e-10,2.979494788415178e-10,2.9797858824665184e-10,2.980076185470187e-10,2.980365699653832e-10,2.9806544271774956e-10,2.9809423702038735e-10,2.981229530918413e-10,2.9815159114304377e-10,2.9818015138950254e-10,2.982086340450962e-10,2.9823703931944025e-10,2.982653674285479e-10,2.9829361858121217e-10,2.983217929949507e-10,2.983498908741767e-10,2.9837791243542683e-10,2.9840585788566154e-10,2.984337274332357e-10,2.984615212860309e-10,2.9848923965194954e-10,2.9851688273802674e-10,2.9854445075001713e-10,2.9857194389574993e-10,2.9859936237811823e-10,2.9862670640323006e-10,2.9865397617447707e-10,2.986811718970969e-10,2.987082937736162e-10,2.9873534200468614e-10,2.98762316792932e-10,2.9878921833961535e-10,2.9881604684526734e-10,2.9884280250956195e-10,2.988694855326978e-10,2.988960961131329e-10,2.989226344492938e-10,2.989491007383929e-10,2.989754951728355e-10,2.990018179596262e-10,2.990280692902322e-10,2.9905424935840354e-10,2.990803583612373e-10,2.991063964920047e-10,2.9913236394451316e-10,2.9915826091118937e-10,2.991840875854567e-10,2.99209844169817e-10,2.992355308366483e-10,2.9926114778699714e-10,2.992866952093413e-10,2.9931217329297823e-10,2.993375822314478e-10,2.9936292220970094e-10,2.9938819341882907e-10,2.994133960438014e-10,2.9943853027321183e-10,2.994635962992186e-10,2.994885942963372e-10,2.995135244566695e-10,2.9953838696625916e-10,2.995631820104149e-10,2.995879097687219e-10,2.9961257042523136e-10,2.9963716416714363e-10,2.9966169116492513e-10,2.9968615162213333e-10,2.997105457216717e-10,2.997348736294758e-10,2.9975913551881815e-10,2.9978333157726786e-10,2.9980746198585425e-10,2.998315269233747e-10,2.9985552658071807e-10,2.998794611123714e-10,2.999033307041334e-10,2.999271355375523e-10,2.9995087578493035e-10,2.9997455162507464e-10,2.999981632273013e-10,3.0002171077647235e-10,3.000451944421874e-10,3.0006861439817757e-10,3.0009197081707234e-10,3.0011526387383335e-10,3.0013849373901276e-10,3.0016166058551497e-10,3.0018476458389793e-10,3.002078059055439e-10,3.0023078472091013e-10,3.0025370119998126e-10,3.002765555122097e-10,3.002993478267126e-10,3.0032207831092393e-10,3.0034474713490763e-10,3.00367354465418e-10,3.003899004633786e-10,3.004123853080336e-10,3.004348091574166e-10,3.0045717217692603e-10,3.004794745372695e-10,3.0050171639906e-10,3.005238979280775e-10,3.0054601928731366e-10,3.0056808064230875e-10,3.0059008218188805e-10,3.0061202400001674e-10,3.0063390630988243e-10,3.0065572926153635e-10,3.006774930161212e-10,3.006991977356758e-10,3.0072084357869775e-10,3.0074243070188933e-10,3.0076395927269433e-10,3.0078542944553997e-10,3.008068413792487e-10,3.0082819523154637e-10,3.0084949115481367e-10,3.0087072931627325e-10,3.008919098665032e-10,3.009130329637215e-10,3.0093409876249316e-10,3.0095510741844866e-10,3.0097605906995824e-10,3.0099695390254104e-10,3.010177920594272e-10,3.0103857368786323e-10,3.010592989419459e-10,3.010799679765258e-10,3.0110058094295935e-10,3.0112113799312247e-10,3.0114163927844624e-10,3.0116208495009175e-10,3.0118247515746986e-10,3.0120281005255457e-10,3.012230897836737e-10,3.0124331450071804e-10,3.0126348435264806e-10,3.012835994909739e-10,3.01303660058109e-10,3.0132366620370065e-10,3.0134361807565164e-10,3.013635158211499e-10,3.013833595855802e-10,3.014031495101746e-10,3.014228857514031e-10,3.0144256844495894e-10,3.014621977434355e-10,3.014817737869058e-10,3.015012967206454e-10,3.0152076668746645e-10,3.015401838451011e-10,3.0155954830618516e-10,3.0157886022824787e-10,3.0159811975367903e-10,3.01617327023622e-10,3.016364821801527e-10,3.016555853627738e-10,3.0167463671152817e-10,3.0169363636905617e-10,3.017125844743008e-10,3.017314811643954e-10,3.017503265803325e-10,3.017691208585222e-10,3.017878641385393e-10,3.0180655655684327e-10,3.018251982474154e-10,3.0184378935536015e-10,3.018623300130453e-10,3.0188082035701144e-10,3.018992605227834e-10,3.019176506457773e-10,3.0193599086108635e-10,3.0195428130354407e-10,3.019725221017925e-10,3.019907133997809e-10,3.0200885532623806e-10,3.020269480144125e-10,3.0204499159699136e-10,3.020629862047347e-10,3.0208093197311947e-10,3.0209882903211636e-10,3.021166775144728e-10,3.021344775544387e-10,3.021522292717142e-10,3.0216993279899985e-10,3.021875882478987e-10,3.0220519579563094e-10,3.022227555456889e-10,3.0224026762758437e-10,3.022577321679325e-10,3.0227514929596447e-10,3.022925191391912e-10,3.023098418252722e-10,3.0232711748021013e-10,3.023443462260634e-10,3.023615282005642e-10,3.0237866352390953e-10,3.02395752321171e-10,3.0241279473192667e-10,3.0242979085294657e-10,3.024467408237414e-10,3.024636447670235e-10,3.0248050281401295e-10,3.0249731507523546e-10,3.0251408168015354e-10,3.0253080275490123e-10,3.0254747841598387e-10,3.025641087885125e-10,3.0258069399433454e-10,3.02597234154977e-10,3.02613729392201e-10,3.026301798256637e-10,3.0264658557646105e-10,3.026629467647796e-10,3.0267926351043054e-10,3.026955359329798e-10,3.027117641516013e-10,3.0272794828513813e-10,3.027440884521246e-10,3.0276018477076224e-10,3.027762373589155e-10,3.027922463341451e-10,3.028082118136776e-10,3.0282413391440207e-10,3.028400127529154e-10,3.0285584844549317e-10,3.0287164110806047e-10,3.0288739085623893e-10,3.029030978053311e-10,3.029187620703223e-10,3.0293438376588163e-10,3.0294996300636845e-10,3.029654999058089e-10,3.0298099457793395e-10,3.029964471363247e-10,3.0301185769374273e-10,3.030272263627193e-10,3.0304255325659074e-10,3.0305783848709403e-10,3.030730821660137e-10,3.0308828440512417e-10,3.0310344531545857e-10,3.031185650080316e-10,3.031336435935487e-10,3.0314868118256346e-10,3.0316367788445474e-10,3.031786338093122e-10,3.031935490664838e-10,3.032084237651981e-10,3.032232580142516e-10,3.032380519222388e-10,3.0325280559370997e-10,3.0326751914384283e-10,3.0328219267664045e-10,3.0329682629952695e-10,3.0331142011934735e-10,3.033259742419341e-10,3.033404887786903e-10,3.033549638291625e-10,3.0336939950188153e-10,3.0338379589968066e-10,3.033981531335281e-10,3.0341247130473497e-10,3.0342675051852877e-10,3.0344099088240014e-10,3.0345519249534116e-10,3.0346935546510045e-10,3.0348347989336087e-10,3.034975658838843e-10,3.035116135390086e-10,3.0352562296264225e-10,3.0353959425584053e-10,3.03553527522746e-10,3.035674228640121e-10,3.0358128038156825e-10,3.03595100176391e-10,3.0360888234993536e-10,3.036226270025699e-10,3.0363633423428155e-10,3.036500041469725e-10,3.0366363683926905e-10,3.0367723241148863e-10,3.036907909700271e-10,3.037043125996918e-10,3.037177974060184e-10,3.037312454883066e-10,3.037446569468057e-10,3.037580318753192e-10,3.0377137037311815e-10,3.037846725379217e-10,3.0379793846835857e-10,3.038111682601379e-10,3.0382436201063714e-10,3.038375198157326e-10,3.03850641772061e-10,3.038637279753744e-10,3.038767785213759e-10,3.0388979350544597e-10,3.039027730286302e-10,3.039157171709509e-10,3.039286260391136e-10,3.0394149972411707e-10,3.039543383345411e-10,3.03967141935861e-10,3.039799106362375e-10,3.039926445285671e-10,3.040053437075363e-10,3.040180082666064e-10,3.0403063829279583e-10,3.0404323388179564e-10,3.04055795125929e-10,3.040683221349271e-10,3.0408081496589375e-10,3.0409327372536693e-10,3.041056985057535e-10,3.041180893985849e-10,3.0413044649303384e-10,3.0414276987996563e-10,3.0415505964960255e-10,3.041673158921432e-10,3.041795386970725e-10,3.041917281597318e-10,3.0420388435694036e-10,3.0421600738381257e-10,3.042280973288944e-10,3.042401542843602e-10,3.042521783301745e-10,3.042641695586894e-10,3.0427612805715906e-10,3.0428805391501827e-10,3.0429994721797163e-10,3.043118080530707e-10,3.0432363650784944e-10,3.04335432674698e-10,3.04347196633385e-10,3.0435892846167625e-10,3.043706282530861e-10,3.0438229610132494e-10,3.0439393207615034e-10,3.0440553627146697e-10,3.044171087631257e-10,3.044286496583309e-10,3.0444015901991766e-10,3.0445163693769143e-10,3.04463083504738e-10,3.044744987901615e-10,3.0448588288122574e-10,3.0449723586632406e-10,3.045085578338617e-10,3.0451984885548323e-10,3.045311090210292e-10,3.045423384018202e-10,3.0455353708748843e-10,3.0456470516725194e-10,3.0457584270779763e-10,3.045869497985831e-10,3.0459802652053954e-10,3.0460907294640616e-10,3.0462008917345633e-10,3.046310752710102e-10,3.0464203132578533e-10,3.0465295741552384e-10,3.0466385361718673e-10,3.046747200142618e-10,3.046855566846782e-10,3.046963637077796e-10,3.047071411624804e-10,3.0471788912746204e-10,3.047286076821136e-10,3.047392969116737e-10,3.0474995687942876e-10,3.0476058767019476e-10,3.0477118936393497e-10,3.0478176204065223e-10,3.047923057700466e-10,3.048028206410622e-10,3.048133067229167e-10,3.0482376408515355e-10,3.04834192811279e-10,3.0484459298543465e-10,3.0485496466898354e-10,3.048653079451171e-10,3.0487562288948107e-10,3.048859095774337e-10,3.0489616810003613e-10,3.049063985024531e-10,3.049166008802535e-10,3.0492677529880277e-10,3.049369218391008e-10,3.049470405641032e-10,3.049571315634893e-10,3.0496719489601693e-10,3.049772306430728e-10,3.0498723887847457e-10,3.0499721966564517e-10,3.0500717309530507e-10,3.050170992352214e-10,3.050269981536689e-10,3.050368699239462e-10,3.050467146193574e-10,3.050565323116384e-10,3.0506632307150464e-10,3.050760869748038e-10,3.0508582408847927e-10,3.050955344857096e-10,3.0510521823055893e-10,3.0511487540780893e-10,3.0512450608032485e-10,3.0513411032061186e-10,3.0514368819951467e-10,3.051532397849017e-10,3.05162765147365e-10,3.05172264357282e-10,3.0518173748276245e-10,3.0519118459666494e-10,3.0520060576715826e-10,3.0521000105291326e-10,3.0521937054291766e-10,3.0522871429427256e-10,3.0523803237503736e-10,3.052473248547289e-10,3.052565918017727e-10,3.0526583328341993e-10,3.0527504936870685e-10,3.0528424012428453e-10,3.0529340561848145e-10,3.0530254591795814e-10,3.0531166109000955e-10,3.053207512054911e-10,3.053298163224556e-10,3.053388565090475e-10,3.0534787183717254e-10,3.053568623685842e-10,3.053658281724478e-10,3.053747693130904e-10,3.0538368585667747e-10,3.0539257786735083e-10,3.0540144541254653e-10,3.0541028855434465e-10,3.054191073596617e-10,3.0542790188751046e-10,3.0543667221326383e-10,3.054454183947735e-10,3.054541404987504e-10,3.05462838586262e-10,3.054715127226258e-10,3.0548016296974224e-10,3.0548878939512375e-10,3.054973920599081e-10,3.0550597102452264e-10,3.055145263597959e-10,3.0552305812091374e-10,3.0553156637346917e-10,3.055400511837778e-10,3.055485126070996e-10,3.055569507076117e-10,3.0556536554854543e-10,3.055737571913094e-10,3.055821257011408e-10,3.0559047113455493e-10,3.05598793553798e-10,3.056070930203149e-10,3.056153695960193e-10,3.0562362334128247e-10,3.056318543086947e-10,3.0564006257442926e-10,3.056482481877467e-10,3.056564112090527e-10,3.056645517102501e-10,3.056726697416236e-10,3.056807653636476e-10,3.0568883863620386e-10,3.0569688961591873e-10,3.0570491836859664e-10,3.057129249467422e-10,3.0572090941625743e-10,3.0572887183267037e-10,3.0573681225198415e-10,3.057447307328043e-10,3.0575262733038814e-10,3.0576050211218247e-10,3.0576835512694987e-10,3.0577618644080663e-10,3.057839961075475e-10,3.0579178418775364e-10,3.057995507368719e-10,3.0580729579938445e-10,3.0581501944844965e-10,3.0582272173957665e-10,3.0583040272720113e-10,3.058380624657697e-10,3.05845701013263e-10,3.058533184275266e-10,3.058609147600139e-10,3.0586849007246753e-10,3.058760444158766e-10,3.058835778403531e-10,3.058910904141313e-10,3.058985821830671e-10,3.059060532244859e-10,3.0591350357751175e-10,3.05920933284013e-10,3.059283424098905e-10,3.059357310167078e-10,3.059430991371153e-10,3.0595044684171503e-10,3.0595777418860387e-10,3.0596508122679005e-10,3.05972368012244e-10,3.059796345946365e-10,3.0598688102965225e-10,3.059941073707626e-10,3.0600131367131844e-10,3.0600849999032033e-10,3.060156663751737e-10,3.060228128726195e-10,3.060299395414456e-10,3.0603704643426535e-10,3.060441336049546e-10,3.0605120110366497e-10,3.0605824898880384e-10,3.060652773069569e-10,3.0607228610450005e-10,3.0607927544438693e-10,3.0608624536719033e-10,3.0609319593109723e-10,3.061001271855156e-10,3.061070391822881e-10,3.061139319730856e-10,3.061208056083152e-10,3.0612766013914333e-10,3.0613449561618273e-10,3.0614131208995767e-10,3.061481096107806e-10,3.061548882292125e-10,3.061616479952593e-10,3.0616838895890966e-10,3.061751111699931e-10,3.0618181467833085e-10,3.061884995335342e-10,3.0619516578506125e-10,3.062018134821641e-10,3.0620844267423294e-10,3.062150534102243e-10,3.0622164573918177e-10,3.0622821970766694e-10,3.0623477536876917e-10,3.062413127688352e-10,3.0624783195632253e-10,3.06254332977213e-10,3.0626081588408805e-10,3.062672807208374e-10,3.0627372753750765e-10,3.0628015638144794e-10,3.062865673030054e-10,3.062929603481224e-10,3.06299335560436e-10,3.0630569298991725e-10,3.063120326842382e-10,3.0631835469334987e-10,3.0632465905844694e-10,3.063309458314683e-10,3.0633721505575564e-10,3.063434667785494e-10,3.0634970104690955e-10,3.0635591790607074e-10,3.0636211740256214e-10,3.0636829958240704e-10,3.0637446449214945e-10,3.0638061217629617e-10,3.0638674268177483e-10,3.0639285605348623e-10,3.0639895233621336e-10,3.064050315758879e-10,3.06411093818319e-10,3.0641713910790607e-10,3.0642316748963445e-10,3.064291790082363e-10,3.064351737084343e-10,3.0644115163489025e-10,3.0644711283185754e-10,3.064530573437577e-10,3.064589852148247e-10,3.0646489648914486e-10,3.064707912106732e-10,3.06476669423438e-10,3.0648253117088787e-10,3.0648837649669304e-10,3.0649420544457557e-10,3.065000180579016e-10,3.065058143797785e-10,3.0651159445349995e-10,3.065173583219972e-10,3.0652310602834046e-10,3.0652883761527e-10,3.0653455312552586e-10,3.0654025260161815e-10,3.0654593608625154e-10,3.065516036209546e-10,3.0655725524896616e-10,3.0656289101214055e-10,3.065685109528961e-10,3.065741151127343e-10,3.0657970353409153e-10,3.0658527625896705e-10,3.065908333231324e-10,3.0659637477598366e-10,3.066019006557995e-10,3.066074110035184e-10,3.066129058618366e-10,3.0661838527221673e-10,3.066238492709858e-10,3.066292979018132e-10,3.0663473120347803e-10,3.0664014922071406e-10,3.066455519917971e-10,3.0665093955736875e-10,3.066563119596674e-10,3.066616692340787e-10,3.0666701142659415e-10,3.06672338573481e-10,3.0667765071201954e-10,3.0668294788932307e-10,3.066882301357023e-10,3.066934974960742e-10,3.066987500085085e-10,3.067039877131383e-10,3.0670921064906346e-10,3.0671441885523307e-10,3.0671961237078703e-10,3.067247912346143e-10,3.067299554876227e-10,3.0673510516422423e-10,3.0674024030524025e-10,3.067453609484242e-10,3.067504671329996e-10,3.0675555889874747e-10,3.067606362810585e-10,3.0676569931902846e-10,3.0677074804683487e-10,3.0677578250794846e-10,3.067808027401476e-10,3.067858087762846e-10,3.067908006616547e-10,3.067957784295909e-10,3.0680074211673503e-10,3.06805691760737e-10,3.068106273985867e-10,3.0681554906683895e-10,3.068204568015945e-10,3.0682535064225206e-10,3.0683023062287673e-10,3.0683509678173527e-10,3.06839949157088e-10,3.0684478778159965e-10,3.068496126937528e-10,3.06854423929707e-10,3.0685922152530585e-10,3.068640055169923e-10,3.0686877594105295e-10,3.068735328330336e-10,3.06878276228454e-10,3.068830061634567e-10,3.068877226734416e-10,3.06892425794138e-10,3.0689711556073976e-10,3.069017920087228e-10,3.0690645517330944e-10,3.0691110508857345e-10,3.069157417914103e-10,3.069203653160601e-10,3.069249756974395e-10,3.0692957296915167e-10,3.0693415716715504e-10,3.069387283253135e-10,3.0694328648016875e-10,3.069478316633212e-10,3.069523639102865e-10,3.0695688325576087e-10,3.0696138973309527e-10,3.069658833763398e-10,3.069703642202046e-10,3.0697483229847367e-10,3.069792876432222e-10,3.0698373028934926e-10,3.069881602746047e-10,3.0699257762678724e-10,3.069969823786e-10,3.070013745644861e-10,3.070057542186763e-10,3.07010121376394e-10,3.070144760666835e-10,3.070188183220907e-10,3.070231481813783e-10,3.070274656727031e-10,3.0703177083093436e-10,3.0703606368778565e-10,3.070403442741204e-10,3.070446126253161e-10,3.070488687758792e-10,3.070531127523761e-10,3.070573445890834e-10,3.070615643181017e-10,3.0706577197142564e-10,3.0706996758099945e-10,3.0707415117861686e-10,3.070783227960818e-10,3.0708248246502167e-10,3.07086630217059e-10,3.070907660836586e-10,3.0709489009623056e-10,3.0709900228611385e-10,3.0710310268459494e-10,3.071071913228312e-10,3.0711126823184024e-10,3.071153334426841e-10,3.0711938698623304e-10,3.0712342889335057e-10,3.07127459194798e-10,3.0713147792125276e-10,3.0713548510330595e-10,3.0713948077143903e-10,3.0714346495604845e-10,3.071474376875398e-10,3.0715139899610414e-10,3.071553489120289e-10,3.071592874653468e-10,3.0716321468605787e-10,3.0716713060419926e-10,3.071710352495901e-10,3.0717492865197945e-10,3.0717881084111327e-10,3.0718268184661657e-10,3.071865416979879e-10,3.0719039042477315e-10,3.0719422805417287e-10,3.071980546176446e-10,3.072018701444228e-10,3.0720567466366535e-10,3.0720946820445376e-10,3.072132507957832e-10,3.072170224665805e-10,3.0722078324569755e-10,3.0722453316189884e-10,3.0722827224388114e-10,3.072320005202661e-10,3.072357180195907e-10,3.0723942477032264e-10,3.072431208008515e-10,3.072468061394934e-10,3.0725048081448775e-10,3.0725414485399637e-10,3.072577982861142e-10,3.0726144113885274e-10,3.0726507344015294e-10,3.072686952178808e-10,3.072723064998253e-10,3.0727590731370736e-10,3.072794976871685e-10,3.072830776477828e-10,3.07286647223047e-10,3.072902064403868e-10,3.0729375532715025e-10,3.0729729391061746e-10,3.0730082221799723e-10,3.073043402764225e-10,3.073078481129534e-10,3.0731134575458155e-10,3.073148332282232e-10,3.0731831056072526e-10,3.073217777788657e-10,3.0732523490934605e-10,3.0732868197880103e-10,3.0733211901379174e-10,3.073355460408092e-10,3.0733896308627504e-10,3.0734237017654423e-10,3.0734576733789363e-10,3.0734915459653473e-10,3.073525319786097e-10,3.0735589951019115e-10,3.0735925721728467e-10,3.0736260512581984e-10,3.0736594326166074e-10,3.073692716506071e-10,3.0737259031838425e-10,3.0737589929065087e-10,3.0737919859299916e-10,3.0738248825095e-10,3.073857682899614e-10,3.0738903873542057e-10,3.073922996126453e-10,3.0739555094689156e-10,3.073987927633429e-10,3.0740202508711625e-10,3.074052479432686e-10,3.074084613567831e-10,3.0741166535257643e-10,3.0741485995550633e-10,3.0741804519035575e-10,3.0742122108184555e-10,3.074243876546364e-10,3.074275449333126e-10,3.0743069294240145e-10,3.074338317068384e-10,3.074369612505343e-10,3.0744008159782247e-10,3.074431927729653e-10,3.0744629479970085e-10,3.0744938770263585e-10,3.0745247150584017e-10,3.0745554623483445e-10,3.0745861191204065e-10,3.0746166856011046e-10,3.07464716205333e-10,3.074677548687276e-10,3.0747078457701055e-10,3.0747380535228125e-10,3.0747681721766035e-10,3.0747982019712725e-10,3.0748281431450745e-10,3.0748579959240277e-10,3.0748877605489936e-10,3.0749174372485084e-10,3.0749470262542385e-10,3.0749765277979876e-10,3.07500594210987e-10,3.0750352694207006e-10,3.0750645099594966e-10,3.075093663952609e-10,3.0751227316331535e-10,3.075151713226645e-10,3.075180608958103e-10,3.07520941905621e-10,3.0752381437480927e-10,3.075266783257458e-10,3.0752953378086685e-10,3.075323807626248e-10,3.075352192915625e-10,3.075380493934881e-10,3.075408710871198e-10,3.075436843963818e-10,3.0754648934523104e-10,3.075492859539005e-10,3.075520742443406e-10,3.0755485423852654e-10,3.0755762595638394e-10,3.075603894216466e-10,3.075631446581357e-10,3.0756589168546983e-10,3.0756863052540253e-10,3.0757136119729117e-10,3.075740837269062e-10,3.0757679813363047e-10,3.075795044367476e-10,3.0758220265973615e-10,3.075848928238976e-10,3.0758757495047837e-10,3.075902490627678e-10,3.075929151798155e-10,3.0759557332081337e-10,3.0759822350837793e-10,3.076008657640117e-10,3.076035001083507e-10,3.076061265622504e-10,3.0760874514651026e-10,3.0761135588187196e-10,3.076139587890244e-10,3.0761655388860114e-10,3.0761914120117824e-10,3.076217207472813e-10,3.0762429254737926e-10,3.0762685662188446e-10,3.0762941299115604e-10,3.0763196167550623e-10,3.0763450269518205e-10,3.076370360698261e-10,3.076395618204696e-10,3.0764207996711486e-10,3.0764459052956647e-10,3.0764709352780747e-10,3.076495889817705e-10,3.0765207691133177e-10,3.076545573363227e-10,3.076570302765159e-10,3.076594957524231e-10,3.0766195378288135e-10,3.076644043875592e-10,3.076668475851059e-10,3.076692833987217e-10,3.0767171184445545e-10,3.0767413294120013e-10,3.0767654671052367e-10,3.0767895317031326e-10,3.0768135234035827e-10,3.0768374423914046e-10,3.076861288851656e-10,3.076885062997488e-10,3.0769087649991784e-10,3.0769323950568913e-10,3.0769559533601385e-10,3.076979440096926e-10,3.077002855457792e-10,3.077026199629732e-10,3.0770494728002625e-10,3.077072675156608e-10,3.077095806884881e-10,3.0771188681713614e-10,3.077141859197556e-10,3.0771647801564725e-10,3.0771876312288403e-10,3.077210412598374e-10,3.0772331244449294e-10,3.0772557669554724e-10,3.077278340312656e-10,3.077300844698611e-10,3.0773232802979684e-10,3.0773456472858534e-10,3.0773679458459337e-10,3.077390176158482e-10,3.077412338403191e-10,3.0774344327592483e-10,3.0774564594054043e-10,3.0774784185201266e-10,3.0775003102810953e-10,3.077522134865641e-10,3.077543892450589e-10,3.0775655832124037e-10,3.07758720732713e-10,3.0776087649701074e-10,3.077630256316397e-10,3.077651681540373e-10,3.077673040816424e-10,3.0776943343179773e-10,3.077715562218219e-10,3.0777367246898826e-10,3.077757821905122e-10,3.0777788540358383e-10,3.0777998212533125e-10,3.0778207237284003e-10,3.0778415616316716e-10,3.077862335132882e-10,3.077883044401765e-10,3.0779036896071526e-10,3.0779242709178227e-10,3.0779447885019075e-10,3.077965242527161e-10,3.077985633160845e-10,3.078005960569807e-10,3.0780262249205106e-10,3.0780464263787975e-10,3.0780665651102864e-10,3.0780866412800615e-10,3.0781066550528654e-10,3.078126606592737e-10,3.0781464960634597e-10,3.078166323628399e-10,3.078186089450446e-10,3.0782057936920574e-10,3.078225436515411e-10,3.07824501808204e-10,3.0782645385531364e-10,3.078283998089404e-10,3.0783033968511873e-10,3.078322735000665e-10,3.078342012692884e-10,3.078361230089453e-10,3.078380387350381e-10,3.0783994846445317e-10,3.0784185221170054e-10,3.0784374999260376e-10,3.0784564182269826e-10,3.0784752771686895e-10,3.078494076924572e-10,3.078512817631246e-10,3.0785314994652975e-10,3.0785501225614635e-10,3.0785686870929087e-10,3.078587193196319e-10,3.078605641033394e-10,3.0786240307528066e-10,3.0786423625149175e-10,3.078660636468971e-10,3.078678852769655e-10,3.078697011567526e-10,3.0787151130100285e-10,3.078733157247948e-10,3.0787511444580226e-10,3.078769074748782e-10,3.0787869482878597e-10,3.0788047652207186e-10,3.078822525701605e-10,3.0788402298829387e-10,3.078857877900531e-10,3.0788754698965716e-10,3.0788930060430573e-10,3.078910486474551e-10,3.07892791133295e-10,3.0789452807860396e-10,3.0789625949542285e-10,3.078979853998442e-10,3.0789970580419266e-10,3.0790142072354663e-10,3.07903130173966e-10,3.0790483416832224e-10,3.0790653272309473e-10,3.07908225849325e-10,3.0790991356431737e-10,3.079115958811121e-10,3.079132728140457e-10,3.079149443773474e-10,3.0791661058447047e-10,3.079182714498134e-10,3.0791992698729257e-10,3.0792157721115386e-10,3.0792322213554995e-10,3.0792486177418893e-10,3.079264961408777e-10,3.0792812524956097e-10,3.0792974911396933e-10,3.0793136774846053e-10,3.0793298116590604e-10,3.0793458938040896e-10,3.079361924056469e-10,3.0793779025524576e-10,3.079393829428611e-10,3.0794097048206747e-10,3.079425528862781e-10,3.0794413016885105e-10,3.079457023445172e-10,3.0794726942473445e-10,3.07948831423849e-10,3.079503883537797e-10,3.0795194022926553e-10,3.079534870635056e-10,3.0795502887089973e-10,3.079565656637205e-10,3.079580974549896e-10,3.0795962425751035e-10,3.0796114608623055e-10,3.0796266295138823e-10,3.0796417486761385e-10,3.0796568184730003e-10,3.0796718390368945e-10,3.079686810494666e-10,3.079701732998402e-10,3.0797166066355413e-10,3.079731431556405e-10,3.07974620789197e-10,3.079760935766562e-10,3.079775615303784e-10,3.0797902466524084e-10,3.0798048299060773e-10,3.0798193652045355e-10,3.0798338526747525e-10,3.079848292441533e-10,3.0798626846308526e-10,3.0798770293679514e-10,3.0798913267770445e-10,3.0799055769764813e-10,3.079919780104681e-10,3.079933936268294e-10,3.0799480456057104e-10,3.0799621082345183e-10,3.079976124276976e-10,3.0799900938530317e-10,3.0800040170862323e-10,3.0800178940984963e-10,3.0800317250110924e-10,3.080045509947141e-10,3.0800592490214267e-10,3.080072942360577e-10,3.0800865900820515e-10,3.080100192307608e-10,3.080113749153874e-10,3.080127260742071e-10,3.080140727189292e-10,3.080154148614686e-10,3.080167525137108e-10,3.080180856875255e-10,3.0801941439442916e-10,3.0802073864795445e-10,3.0802205845600107e-10,3.080233738329171e-10,3.080246847915835e-10,3.0802599133998823e-10,3.080272934912982e-10,3.0802859125786e-10,3.0802988465005103e-10,3.0803117367982546e-10,3.0803245835889323e-10,3.08033738698224e-10,3.080350147095856e-10,3.080362864042968e-10,3.080375537936807e-10,3.0803881688863733e-10,3.0804007570084043e-10,3.0804133024127936e-10,3.080425805213754e-10,3.080438265522398e-10,3.0804506834508823e-10,3.080463059114534e-10,3.0804753926167765e-10,3.080487684069076e-10,3.080499933601757e-10,3.080512141292095e-10,3.080524307261609e-10,3.080536431624626e-10,3.0805485144884973e-10,3.0805605559620937e-10,3.0805725561539704e-10,3.0805845151727986e-10,3.0805964331259285e-10,3.0806083101196355e-10,3.080620146260348e-10,3.0806319416621935e-10,3.0806436964264515e-10,3.080655410663212e-10,3.080667084474947e-10,3.0806787179708315e-10,3.0806903112557653e-10,3.080701864434713e-10,3.0807133776128833e-10,3.08072485089411e-10,3.0807362843827726e-10,3.080747678183716e-10,3.0807590324035677e-10,3.080770347143985e-10,3.0807816225111435e-10,3.0807928586063444e-10,3.080804055545539e-10,3.080815213405124e-10,3.0808263322990317e-10,3.080837412331081e-10,3.080848453610463e-10,3.080859456224461e-10,3.080870420283913e-10,3.0808813458874093e-10,3.08089223313394e-10,3.080903082124605e-10,3.080913892971611e-10,3.0809246657542435e-10,3.0809354005922827e-10,3.0809460975683556e-10,3.0809567568080994e-10,3.0809673783711937e-10,3.080977962372155e-10,3.0809885089177075e-10,3.080999018095824e-10,3.0810094900154765e-10,3.081019924771314e-10,3.0810303224596794e-10,3.0810406831726486e-10,3.0810510070140514e-10,3.08106129408653e-10,3.0810715444775145e-10,3.081081758282658e-10,3.0810919355974053e-10,3.081102076517383e-10,3.081112181137306e-10,3.081122249561332e-10,3.0811322818760814e-10,3.081142278169557e-10,3.081152238546434e-10,3.081162163101175e-10,3.0811720519308213e-10,3.081181905115088e-10,3.081191722753884e-10,3.081201504940682e-10,3.081211251771793e-10,3.0812209633379115e-10,3.0812306397294543e-10,3.0812402810407255e-10,3.081249887363175e-10,3.081259458787146e-10,3.081268995407735e-10,3.0812784973338763e-10,3.081287964633544e-10,3.081297397382133e-10,3.081306795688338e-10,3.081316159637198e-10,3.0813254893285066e-10,3.081334784848251e-10,3.0813440462948076e-10,3.0813532737374815e-10,3.0813624672755177e-10,3.081371626995815e-10,3.081380752990868e-10,3.081389845346464e-10,3.08139890415155e-10,3.0814079294938e-10,3.0814169214606893e-10,3.081425880140633e-10,3.08143480561887e-10,3.0814436979831787e-10,3.0814525573205047e-10,3.081461383717215e-10,3.0814701772595717e-10,3.0814789380335947e-10,3.0814876661161656e-10,3.0814963615848635e-10,3.081505024566374e-10,3.0815136551185336e-10,3.081522253336281e-10,3.0815308192925664e-10,3.0815393530783105e-10,3.08154785477582e-10,3.0815563244388095e-10,3.081564762215017e-10,3.0815731681484856e-10,3.081581542330596e-10,3.081589884841614e-10,3.081598195766064e-10,3.0816064751855075e-10,3.08161472318094e-10,3.0816229398394323e-10,3.081631125239792e-10,3.0816392794587865e-10,3.0816474025864513e-10,3.0816554947007916e-10,3.0816635558762774e-10,3.081671586206882e-10,3.0816795857673245e-10,3.081687554637176e-10,3.0816954928987283e-10,3.0817034006299564e-10,3.081711277910869e-10,3.0817191248225607e-10,3.0817269414428775e-10,3.0817347278529386e-10,3.081742484129154e-10,3.0817502103531555e-10,3.0817579066023755e-10,3.0817655729526513e-10,3.0817732094892373e-10,3.081780816281948e-10,3.0817883934144643e-10,3.081795940961908e-10,3.0818034590021177e-10,3.081810947612035e-10,3.0818184068694893e-10,3.081825836853985e-10,3.0818332376345384e-10,3.081840609291533e-10,3.08184795190259e-10,3.0818552655405903e-10,3.0818625502864667e-10,3.0818698062099756e-10,3.081877033378851e-10,3.081884231887741e-10,3.081891401802192e-10,3.081898543196448e-10,3.081905656144986e-10,3.0819127407224574e-10,3.081919797004734e-10,3.081926825064451e-10,3.0819338249767027e-10,3.081940796830759e-10,3.081947740666801e-10,3.08195465656008e-10,3.0819615446194157e-10,3.0819684048852177e-10,3.0819752374295727e-10,3.0819820423490896e-10,3.0819888196950215e-10,3.081995569546868e-10,3.0820022919865986e-10,3.0820089870801963e-10,3.0820156548811806e-10,3.0820222954763197e-10,3.082028908935783e-10,3.082035495339205e-10,3.0820420547485704e-10,3.082048587232934e-10,3.082055092852977e-10,3.082061571702066e-10,3.0820680238391904e-10,3.082074449325921e-10,3.082080848244828e-10,3.08208722065952e-10,3.0820935666427357e-10,3.082099886255467e-10,3.0821061795711435e-10,3.082112446659399e-10,3.082118687586895e-10,3.0821249024229313e-10,3.0821310912356353e-10,3.082137254093025e-10,3.082143391062924e-10,3.0821495022129407e-10,3.082155587610518e-10,3.082161647322917e-10,3.082167681417267e-10,3.0821736899604594e-10,3.082179673019225e-10,3.0821856306601426e-10,3.0821915629495963e-10,3.082197469953805e-10,3.0822033517388106e-10,3.0822092083704863e-10,3.082215039914507e-10,3.0822208464364204e-10,3.082226628001488e-10,3.082232384674946e-10,3.082238116521793e-10,3.08224382360687e-10,3.082249505994829e-10,3.082255163750092e-10,3.0822607969370483e-10,3.082266405619797e-10,3.082271989865436e-10,3.082277549731559e-10,3.0822830852920623e-10,3.082288596599466e-10,3.0822940837206005e-10,3.082299546716841e-10,3.0823049856552094e-10,3.0823104005947466e-10,3.082315791603475e-10,3.082321158736425e-10,3.082326502058952e-10,3.082331821637589e-10,3.08233711752788e-10,3.082342389794622e-10,3.0823476384991936e-10,3.0823528637032343e-10,3.082358065468011e-10,3.082363243854732e-10,3.082368398924715e-10,3.0823735307369934e-10,3.0823786393627196e-10,3.082383724846147e-10,3.082388787262168e-10,3.082393826656135e-10,3.0823988431032045e-10,3.082403836651246e-10,3.082408807361533e-10,3.082413755295949e-10,3.082418680515174e-10,3.0824235830773015e-10,3.0824284630403604e-10,3.082433320466864e-10,3.082438155414856e-10,3.0824429679406465e-10,3.0824477581049264e-10,3.08245252596349e-10,3.0824572715691266e-10,3.0824619949928113e-10,3.0824666962878383e-10,3.082471375515948e-10,3.082476032723226e-10,3.082480667973381e-10,3.082485281323597e-10,3.0824898728281167e-10,3.0824944425485306e-10,3.082498990537231e-10,3.0825035168556806e-10,3.082508021556888e-10,3.0825125046964325e-10,3.0825169663347207e-10,3.082521406539606e-10,3.0825258253397817e-10,3.082530222806023e-10,3.082534598994027e-10,3.082538953955567e-10,3.0825432877450576e-10,3.082547600420442e-10,3.082551892036182e-10,3.082556162647804e-10,3.082560412310201e-10,3.082564641082305e-10,3.082568849003531e-10,3.0825730361469986e-10,3.082577202561949e-10,3.082581348292726e-10,3.082585473399204e-10,3.0825895779352565e-10,3.082593661954261e-10,3.0825977255097893e-10,3.0826017686571273e-10,3.082605791445838e-10,3.0826097939309283e-10,3.082613776165516e-10,3.082617738201862e-10,3.0826216800923815e-10,3.082625601889798e-10,3.082629503646562e-10,3.082633385398537e-10,3.0826372472299864e-10,3.0826410891774076e-10,3.0826449112921323e-10,3.082648713625804e-10,3.082652496229936e-10,3.0826562591559243e-10,3.0826600024548423e-10,3.082663726178158e-10,3.082667430376673e-10,3.082671115101224e-10,3.082674780402527e-10,3.08267842633114e-10,3.0826820529375425e-10,3.0826856602723836e-10,3.0826892483847006e-10,3.08269281732497e-10,3.082696367144996e-10,3.0826998978979905e-10,3.0827034096222883e-10,3.0827069023680644e-10,3.0827103761975314e-10,3.082713831152329e-10,3.0827172672798644e-10,3.0827206846332345e-10,3.0827240832619904e-10,3.0827274632094766e-10,3.0827308245282666e-10,3.0827341672656404e-10,3.0827374914692994e-10,3.0827407971884047e-10,3.0827440844706783e-10,3.0827473533642884e-10,3.082750603917086e-10,3.0827538361767926e-10,3.0827570501910083e-10,3.082760246007209e-10,3.0827634236727364e-10,3.082766583234821e-10,3.082769724740557e-10,3.082772848235588e-10,3.0827759537671995e-10,3.0827790413898963e-10,3.082782111135478e-10,3.0827851630566236e-10,3.0827881972036897e-10,3.0827912136245565e-10,3.0827942123648617e-10,3.082797193462459e-10,3.082800156966956e-10,3.0828031029252946e-10,3.082806031382872e-10,3.082808942386364e-10,3.0828118359788983e-10,3.082814712207409e-10,3.0828175711186604e-10,3.082820412747368e-10,3.082823237152813e-10,3.082826044373798e-10,3.0828288344544734e-10,3.0828316074409467e-10,3.082834363375346e-10,3.082837102302695e-10,3.082839824267729e-10,3.0828425293143395e-10,3.0828452174831045e-10,3.082847888824921e-10,3.0828505433794214e-10,3.082853181190792e-10,3.0828558023032295e-10,3.0828584067556136e-10,3.0828609945986804e-10,3.082863565863883e-10,3.082866120609199e-10,3.0828686588736536e-10,3.082871180694452e-10,3.0828736861184964e-10,3.082876175187606e-10,3.0828786479428486e-10,3.0828811044273104e-10,3.082883544683359e-10,3.0828859687531065e-10,3.082888376678569e-10,3.082890768501686e-10,3.0828931442642565e-10,3.0828955040081004e-10,3.0828978477746386e-10,3.0829001756054993e-10,3.082902487542074e-10,3.0829047836257726e-10,3.0829070638941824e-10,3.082909328397946e-10,3.0829115771639527e-10,3.0829138102459727e-10,3.0829160276800304e-10,3.082918229506488e-10,3.082920415765776e-10,3.0829225864962425e-10,3.082924741742552e-10,3.0829268815425453e-10,3.0829290059362877e-10,3.0829311149644255e-10,3.0829332086664057e-10,3.0829352870819523e-10,3.0829373502506214e-10,3.082939398212389e-10,3.0829414310062735e-10,3.0829434486725865e-10,3.0829454512493473e-10,3.082947438776072e-10,3.08294941129199e-10,3.082951368830311e-10,3.0829533114435913e-10,3.082955239160624e-10,3.0829571520218176e-10,3.082959050067801e-10,3.082960933333325e-10,3.0829628018587636e-10,3.0829646556821774e-10,3.082966494842457e-10,3.0829683193761915e-10,3.082970129321992e-10,3.0829719247123765e-10,3.08297370559582e-10,3.082975472004788e-10,3.0829772239763676e-10,3.0829789615490496e-10,3.082980684760988e-10,3.082982393644972e-10,3.0829840882413516e-10,3.0829857685863464e-10,3.082987434717884e-10,3.082989086671867e-10,3.082990724485459e-10,3.08299234819542e-10,3.0829939578382544e-10,3.0829955534503905e-10,3.0829971350684116e-10,3.0829987027284087e-10,3.083000256466512e-10,3.0830017963188983e-10,3.0830033223215705e-10,3.0830048345108404e-10,3.0830063329216827e-10,3.083007817590663e-10,3.0830092885524285e-10,3.083010745843061e-10,3.08301218949865e-10,3.083013619553629e-10,3.083015036043544e-10,3.0830164390029243e-10,3.083017828468048e-10,3.0830192044726936e-10,3.083020567052187e-10,3.0830219162418686e-10,3.083023252075897e-10,3.083024574588879e-10,3.0830258838153187e-10,3.083027179789327e-10,3.0830284625458377e-10,3.083029732118412e-10,3.0830309885416327e-10,3.083032231849774e-10,3.083033462074525e-10,3.0830346792537737e-10,3.083035883419254e-10,3.083037074604704e-10,3.0830382528439e-10,3.0830394181699893e-10,3.083040570617125e-10,3.083041710217898e-10,3.083042837005024e-10,3.083043951013278e-10,3.083045052274783e-10,3.083046140822531e-10,3.0830472166900247e-10,3.0830482799093915e-10,3.0830493305134143e-10,3.0830503685353055e-10,3.0830513940068614e-10,3.083052406960827e-10,3.083053407429925e-10,3.0830543954461825e-10,3.083055371041825e-10,3.0830563342493653e-10,3.083057285100614e-10,3.083058223627368e-10,3.0830591498617496e-10,3.083060063835361e-10,3.0830609655801187e-10,3.0830618551274745e-10,3.083062732509071e-10,3.083063597756484e-10,3.083064450902009e-10,3.0830652919759494e-10,3.0830661210083965e-10,3.083066938032598e-10,3.083067743078715e-10,3.083068536176928e-10,3.0830693173585895e-10,3.0830700866555115e-10,3.083070844097621e-10,3.08307158971229e-10,3.083072323536967e-10,3.0830730455972183e-10,3.0830737559214286e-10,3.0830744545469724e-10,3.0830751415006793e-10,3.08307581681208e-10,3.0830764805117594e-10,3.0830771326296497e-10,3.083077773195348e-10,3.083078402239401e-10,3.083079019791161e-10,3.083079625880533e-10,3.083080220537238e-10,3.083080803790556e-10,3.0830813756699824e-10,3.083081936205012e-10,3.0830824854241714e-10,3.0830830233580065e-10,3.083083550034623e-10,3.083084065483567e-10,3.0830845697340627e-10,3.0830850628144903e-10,3.0830855447540285e-10,3.083086015581732e-10,3.083086475325612e-10,3.083086924014662e-10,3.083087361677354e-10,3.0830877883422866e-10,3.08308820403775e-10,3.0830886087927074e-10,3.0830890026342384e-10,3.0830893855916136e-10,3.083089757692662e-10,3.083090118964969e-10,3.083090469436073e-10,3.083090809135439e-10,3.08309113808922e-10,3.083091456325805e-10,3.0830917638725213e-10,3.0830920607573574e-10,3.083092347007956e-10,3.083092622651553e-10,3.083092887715858e-10,3.083093142227537e-10,3.0830933862142694e-10,3.0830936197031546e-10,3.083093842721309e-10,3.083094055295655e-10,3.083094257453241e-10,3.08309444922088e-10,3.083094630625385e-10,3.083094801693453e-10,3.0830949624517195e-10,3.083095112926892e-10,3.0830952531454333e-10,3.0830953831337797e-10,3.0830955029183537e-10,3.083095612525402e-10,3.0830957119812236e-10,3.083095801311969e-10,3.0830958805437677e-10,3.0830959497025846e-10,3.08309600881449e-10,3.0830960579053474e-10,3.0830960970009844e-10,3.0830961261271977e-10,3.0830961453096464e-10,3.0830961545740124e-10,3.0830961539458514e-10,3.0830961434505895e-10,3.0830961231136733e-10,3.0830960929604775e-10,3.08309605301631e-10,3.083096003306611e-10,3.083095943856277e-10,3.083095874690337e-10,3.083095795833956e-10,3.083095707311991e-10,3.0830956091494633e-10,3.083095501371634e-10,3.083095384002502e-10,3.083095257067065e-10,3.083095120589985e-10,3.083094974596191e-10,3.08309481910959e-10,3.0830946541548283e-10,3.083094479756386e-10,3.0830942959384376e-10,3.0830941027254143e-10,3.083093900141443e-10,3.083093688210688e-10,3.083093466957252e-10,3.083093236404973e-10,3.083092996577955e-10,3.083092747499811e-10,3.0830924891947523e-10,3.083092221686307e-10,3.0830919449981833e-10,3.0830916591540263e-10,3.083091364177362e-10,3.0830910600917905e-10,3.083090746920559e-10,3.0830904246870586e-10,3.0830900934148087e-10,3.083089753126942e-10,3.0830894038467246e-10,3.083089045597351e-10,3.083088678401706e-10,3.0830883022826044e-10,3.0830879172636785e-10,3.0830875233669244e-10,3.083087120615786e-10,3.083086709032837e-10,3.083086288640667e-10,3.0830858594624013e-10,3.083085421520212e-10,3.0830849748368797e-10,3.0830845194347824e-10,3.0830840553362876e-10,3.0830835825626644e-10,3.083083101138429e-10,3.0830826110847723e-10,3.083082112423837e-10,3.0830816051778303e-10,3.0830810893687336e-10,3.0830805650185633e-10,3.0830800321491937e-10,3.0830794907814635e-10,3.0830789409395224e-10,3.0830783826439706e-10,3.083077815916481e-10,3.083077240778805e-10,3.0830766572525023e-10,3.083076065359132e-10,3.083075465120182e-10,3.083074856557142e-10,3.0830742396912957e-10,3.0830736145440217e-10,3.0830729811365826e-10,3.083072339490194e-10,3.0830716896260126e-10,3.083071031565202e-10,3.083070365328696e-10,3.0830696909380724e-10,3.0830690084133014e-10,3.083068317775084e-10,3.083067619044305e-10,3.0830669122432086e-10,3.083066197391484e-10,3.0830654745100663e-10,3.083064743618188e-10,3.0830640047388426e-10,3.083063257891362e-10,3.0830625030961147e-10,3.0830617403723256e-10,3.0830609697427764e-10,3.0830601912269214e-10,3.0830594048447333e-10,3.083058610615899e-10,3.0830578085621704e-10,3.083056998701029e-10,3.083056181055166e-10,3.0830553556419664e-10,3.0830545224825074e-10,3.083053681597267e-10,3.0830528330052944e-10,3.083051976726649e-10,3.083051112780698e-10,3.0830502411873854e-10,3.0830493619663775e-10,3.083048475137188e-10,3.083047580719282e-10,3.083046678730978e-10,3.0830457691948975e-10,3.0830448521274603e-10,3.0830439275488313e-10,3.083042995478194e-10,3.083042055934917e-10,3.0830411089380527e-10,3.0830401545066925e-10,3.083039192660355e-10,3.083038223417193e-10,3.0830372467979736e-10,3.083036262819636e-10,3.083035271500579e-10,3.083034272860535e-10,3.0830332669183906e-10,3.083032253692449e-10,3.083031233197711e-10,3.0830302054612834e-10,3.0830291704965633e-10,3.0830281283224715e-10,3.083027078958207e-10,3.083026022421745e-10,3.0830249587325e-10,3.0830238879081545e-10,3.0830228099655684e-10,3.083021724923519e-10,3.083020632800535e-10,3.0830195336162837e-10,3.083018427383403e-10,3.0830173141258875e-10,3.083016193859962e-10,3.083015066605869e-10,3.083013932376311e-10,3.0830127911916827e-10,3.083011643069696e-10,3.0830104880290803e-10,3.083009326086606e-10,3.083008157259531e-10,3.0830069815653415e-10,3.08300579902509e-10,3.083004609653984e-10,3.0830034134661124e-10,3.0830022104811493e-10,3.083001000717244e-10,3.0829997841916885e-10,3.082998560920232e-10,3.08299733092247e-10,3.082996094214322e-10,3.0829948508147015e-10,3.0829936007377283e-10,3.082992344002354e-10,3.082991080624875e-10,3.082989810621119e-10,3.082988534011038e-10,3.0829872508094404e-10,3.082985961034225e-10,3.0829846647001585e-10,3.08298336182697e-10,3.082982052431961e-10,3.0829807365278005e-10,3.082979414133042e-10,3.0829780852629484e-10,3.0829767499366777e-10,3.0829754081692876e-10,3.082974059975854e-10,3.082972705376912e-10,3.0829713443863896e-10,3.082969977019353e-10,3.082968603291874e-10,3.082967223222793e-10,3.0829658368266426e-10,3.0829644441230714e-10,3.0829630451223123e-10,3.082961639842829e-10,3.0829602283009064e-10,3.0829588105125465e-10,3.0829573864942707e-10,3.0829559562577127e-10,3.0829545198256065e-10,3.08295307721069e-10,3.082951628428908e-10,3.0829501734962047e-10,3.0829487124273285e-10,3.0829472452356065e-10,3.082945771940464e-10,3.082944292557716e-10,3.0829428071021796e-10,3.082941315588822e-10,3.0829398180305146e-10,3.082938314447285e-10,3.082936804849237e-10,3.082935289258008e-10,3.082933767685629e-10,3.0829322401476515e-10,3.082930706658959e-10,3.0829291672352183e-10,3.082927621896135e-10,3.0829260706477356e-10,3.0829245135079957e-10,3.0829229504933364e-10,3.082921381616739e-10,3.082919806896238e-10,3.082918226346294e-10,3.082916639980544e-10,3.082915047814083e-10,3.0829134498621526e-10,3.0829118461377514e-10,3.082910236666111e-10,3.082908621443959e-10,3.082907000496172e-10,3.082905373834524e-10,3.0829037414745435e-10,3.0829021034310194e-10,3.0829004597192184e-10,3.0828988103579873e-10,3.082897155350439e-10,3.082895494718164e-10,3.082893828473046e-10,3.0828921566322865e-10,3.082890479207296e-10,3.082888796213461e-10,3.082887107664631e-10,3.0828854135742395e-10,3.082883713956504e-10,3.0828820088268383e-10,3.0828802981998646e-10,3.082878582087287e-10,3.0828768605093416e-10,3.0828751334718175e-10,3.0828734009908555e-10,3.082871663084462e-10,3.0828699197594233e-10,3.08286817102986e-10,3.082866416917042e-10,3.082864657429611e-10,3.0828628925863766e-10,3.082861122392231e-10,3.0828593468649065e-10,3.0828575660188477e-10,3.0828557798660996e-10,3.0828539884212195e-10,3.082852191697584e-10,3.082850389708219e-10,3.082848582466661e-10,3.082846769986505e-10,3.0828449522803985e-10,3.0828431293620984e-10,3.0828413012454883e-10,3.082839467938803e-10,3.082837629462946e-10,3.082835785828311e-10,3.0828339370471056e-10,3.082832083134145e-10,3.0828302240981996e-10,3.082828359960295e-10,3.082826490725011e-10,3.0828246164069733e-10,3.0828227370209147e-10,3.0828208525780756e-10,3.082818963093181e-10,3.082817068577298e-10,3.0828151690487305e-10,3.0828132645109297e-10,3.0828113549816687e-10,3.0828094404734815e-10,3.082807520998778e-10,3.0828055965700243e-10,3.0828036672001963e-10,3.082801732902803e-10,3.082799793687866e-10,3.082797849563316e-10,3.0827959005523874e-10,3.0827939466624114e-10,3.0827919879084154e-10,3.08279002429407e-10,3.0827880558409104e-10,3.082786082557342e-10,3.0827841044598135e-10,3.082782121553857e-10,3.0827801338547124e-10,3.0827781413780026e-10,3.082776144130252e-10,3.0827741421249604e-10,3.0827721353741615e-10,3.082770123891302e-10,3.0827681076868943e-10,3.0827660867736306e-10,3.082764061164605e-10,3.0827620308695127e-10,3.082759995900838e-10,3.08275795627131e-10,3.0827559119931164e-10,3.0827538630762935e-10,3.0827518095370055e-10,3.082749751380339e-10,3.082747688620538e-10,3.0827456212761835e-10,3.0827435493479643e-10,3.0827414728486183e-10,3.082739391794306e-10,3.082737306195439e-10,3.0827352160646574e-10,3.0827331214105566e-10,3.0827310222463553e-10,3.082728918583308e-10,3.0827268104336236e-10,3.0827246978069607e-10,3.082722580715473e-10,3.08272045917057e-10,3.082718333183103e-10,3.082716202765921e-10,3.08271406792756e-10,3.082711928680369e-10,3.082709785037035e-10,3.0827076370073625e-10,3.08270548460109e-10,3.0827033278302987e-10,3.082701166702832e-10,3.0826990012382313e-10,3.0826968314407865e-10,3.0826946573219816e-10,3.082692478894423e-10,3.0826902961683147e-10,3.08268810915433e-10,3.0826859178634765e-10,3.0826837223064657e-10,3.0826815224943304e-10,3.0826793184408264e-10,3.0826771101504837e-10,3.082674897636548e-10,3.082672680913461e-10,3.0826704599849575e-10,3.082668234865247e-10,3.082666005565043e-10,3.0826637720944123e-10,3.0826615344642034e-10,3.0826592926845664e-10,3.0826570467664487e-10,3.082654796720136e-10,3.08265254255748e-10,3.0826502842860623e-10,3.082648021917323e-10,3.08264575546192e-10,3.082643484929828e-10,3.0826412103333194e-10,3.08263893167887e-10,3.0826366489772477e-10,3.0826343622418236e-10,3.082632071480779e-10,3.0826297767045805e-10,3.082627477923345e-10,3.0826251751471386e-10,3.0826228683857597e-10,3.0826205576492683e-10,3.0826182429479833e-10,3.0826159242920734e-10,3.082613601690767e-10,3.0826112751545105e-10,3.0826089446908124e-10,3.082606610314098e-10,3.082604272032469e-10,3.082601929855265e-10,3.0825995837923e-10,3.0825972338570884e-10,3.0825948800520673e-10,3.082592522390979e-10,3.082590160882377e-10,3.08258779553666e-10,3.082585426363491e-10,3.0825830533727367e-10,3.0825806765740167e-10,3.0825782959763074e-10,3.0825759115933426e-10,3.0825735234274503e-10,3.082571131490709e-10,3.082568735793227e-10,3.0825663363450915e-10,3.08256393315496e-10,3.082561526234649e-10,3.0825591155901704e-10,3.0825567012316117e-10,3.0825542831687506e-10,3.0825518614103624e-10,3.082549435966787e-10,3.082547006847219e-10,3.082544574060524e-10,3.082542137615844e-10,3.0825396975223475e-10,3.082537253790771e-10,3.082534806427355e-10,3.082532355442752e-10,3.08252990084586e-10,3.082527442646497e-10,3.082524980852214e-10,3.0825225154784584e-10,3.082520046523605e-10,3.0825175740009263e-10,3.0825150979222086e-10,3.0825126182921193e-10,3.082510135121598e-10,3.082507648419749e-10,3.0825051581957786e-10,3.0825026644577015e-10,3.0825001672145267e-10,3.0824976664752394e-10,3.0824951622485096e-10,3.0824926545429233e-10,3.0824901433680283e-10,3.0824876287322277e-10,3.0824851106434304e-10,3.0824825891106335e-10,3.0824800641429547e-10,3.0824775357483343e-10,3.0824750039359376e-10,3.082472468714056e-10,3.082469930090851e-10,3.0824673880754124e-10,3.082464842675879e-10,3.0824622938984703e-10,3.082459741756155e-10,3.0824571862559444e-10,3.0824546274029576e-10,3.0824520652101623e-10,3.082449499684111e-10,3.0824469308335044e-10,3.082444358665977e-10,3.082441783187459e-10,3.082439204410526e-10,3.0824366223424687e-10,3.082434036990126e-10,3.082431448362569e-10,3.0824288564681713e-10,3.082426261314203e-10,3.0824236629099216e-10,3.082421061262171e-10,3.082418456379735e-10,3.0824158482727165e-10,3.0824132369450434e-10,3.0824106224069034e-10,3.0824080046649855e-10,3.082405383729686e-10,3.082402759609139e-10,3.082400132309483e-10,3.082397501839057e-10,3.0823948682056745e-10,3.082392231418155e-10,3.082389591483273e-10,3.0823869484089924e-10,3.082384302209024e-10,3.0823816528807656e-10,3.0823790004365085e-10,3.0823763448844103e-10,3.0823736862329733e-10,3.0823710244889536e-10,3.082368359659969e-10,3.082365691753394e-10,3.082363020777409e-10,3.0823603467381687e-10,3.082357669646202e-10,3.0823549895094383e-10,3.082352306333992e-10,3.0823496201263414e-10,3.08234693089554e-10,3.082344238649423e-10,3.0823415433964293e-10,3.082338845140792e-10,3.082336143892263e-10,3.0823334396579437e-10,3.0823307324433554e-10,3.0823280222574217e-10,3.0823253091089546e-10,3.082322593003613e-10,3.0823198739486833e-10,3.0823171519529136e-10,3.0823144270225305e-10,3.0823116991726123e-10,3.0823089683956933e-10,3.082306234710724e-10,3.0823034981160934e-10,3.0823007586228926e-10,3.0822980162394824e-10,3.0822952709725387e-10,3.0822925228289353e-10,3.0822897718155084e-10,3.0822870179410044e-10,3.082284261211072e-10,3.0822815016332517e-10,3.082278739215207e-10,3.0822759739631444e-10,3.0822732058876166e-10,3.082270434988588e-10,3.082267661285171e-10,3.082264884769108e-10,3.082262105453748e-10,3.0822593233467064e-10,3.0822565384587585e-10,3.0822537507890967e-10,3.082250960348353e-10,3.0822481671436697e-10,3.0822453711816577e-10,3.0822425724691333e-10,3.082239771013169e-10,3.082236966819674e-10,3.082234159897382e-10,3.0822313502513766e-10,3.0822285378887275e-10,3.082225722817218e-10,3.0822229050420677e-10,3.082220084571918e-10,3.0822172614117137e-10,3.0822144355726443e-10,3.082211607053478e-10,3.082208775865444e-10,3.082205942014169e-10,3.0822031055059745e-10,3.0822002663471993e-10,3.082197424546555e-10,3.082194580109346e-10,3.0821917330423667e-10,3.082188883357169e-10,3.082186031051332e-10,3.082183176132723e-10,3.082180318610686e-10,3.082177458496565e-10,3.0821745957859687e-10,3.082171730490456e-10,3.0821688626159005e-10,3.0821659921704455e-10,3.0821631191594117e-10,3.082160243589113e-10,3.0821573654647456e-10,3.0821544847944366e-10,3.0821516015838885e-10,3.0821487158421966e-10,3.082145827569983e-10,3.0821429367769747e-10,3.0821400434686963e-10,3.082137147651715e-10,3.082134249332604e-10,3.082131348515925e-10,3.0821284452083833e-10,3.082125539417894e-10,3.0821226311473976e-10,3.0821197204067205e-10,3.082116807199247e-10,3.082113891532156e-10,3.0821109734118436e-10,3.082108052842491e-10,3.0821051298354163e-10,3.0821022043896207e-10,3.08209927651463e-10,3.0820963462149527e-10,3.0820934134990713e-10,3.0820904783711964e-10,3.0820875408374346e-10,3.0820846009025593e-10,3.082081658575912e-10,3.0820787138618435e-10,3.0820757667652865e-10,3.0820728172929923e-10,3.0820698654504375e-10,3.0820669112433553e-10,3.0820639546785716e-10,3.0820609957608985e-10,3.0820580344948183e-10,3.0820550708886203e-10,3.082052104953859e-10,3.082049136680676e-10,3.082046166086694e-10,3.082043193172964e-10,3.082040217947053e-10,3.0820372404153763e-10,3.082034260583626e-10,3.0820312784554685e-10,3.0820282940366055e-10,3.082025307334801e-10,3.082022318353611e-10,3.0820193271005513e-10,3.082016333577448e-10,3.082013337795778e-10,3.0820103397592547e-10,3.0820073394715076e-10,3.082004336938991e-10,3.0820013321673763e-10,3.0819983251603904e-10,3.081995315926402e-10,3.0819923044702367e-10,3.081989290794603e-10,3.081986274906989e-10,3.0819832568149654e-10,3.0819802365212684e-10,3.081977214031337e-10,3.0819741893526647e-10,3.081971162488167e-10,3.081968133443477e-10,3.081965102225519e-10,3.0819620688388227e-10,3.0819590332866295e-10,3.081955995574622e-10,3.081952955712582e-10,3.081949913703609e-10,3.0819468695514765e-10,3.081943823260747e-10,3.0819407748399655e-10,3.08193772429954e-10,3.081934671632455e-10,3.0819316168498067e-10,3.0819285599532017e-10,3.081925500951092e-10,3.0819224398485854e-10,3.0819193766499456e-10,3.0819163113632786e-10,3.081913243990911e-10,3.081910174538473e-10,3.0819071030128514e-10,3.0819040294145345e-10,3.0819009537515697e-10,3.081897876028877e-10,3.081894796250462e-10,3.081891714429051e-10,3.08188863055866e-10,3.081885544648286e-10,3.081882456702392e-10,3.0818793667277385e-10,3.081876274725525e-10,3.0818731807056266e-10,3.0818700846724494e-10,3.0818669866257404e-10,3.081863886576552e-10,3.0818607845269643e-10,3.081857680483029e-10,3.0818545744494475e-10,3.0818514664285776e-10,3.0818483564273815e-10,3.08184524445117e-10,3.0818421305057546e-10,3.0818390145922437e-10,3.081835896718923e-10,3.081832776888049e-10,3.0818296551055685e-10,3.0818265313763506e-10,3.081823405705284e-10,3.081820278095298e-10,3.0818171485552464e-10,3.0818140170873506e-10,3.081810883695259e-10,3.0818077483848885e-10,3.081804611160438e-10,3.0818014720259264e-10,3.081798330988031e-10,3.081795188050333e-10,3.081792043217483e-10,3.0817888964947356e-10,3.081785747886546e-10,3.081782597397523e-10,3.08177944503016e-10,3.0817762907906447e-10,3.081773134683073e-10,3.0817699767127874e-10,3.08176681688515e-10,3.081763655203908e-10,3.0817604916714694e-10,3.0817573262943193e-10,3.0817541590770443e-10,3.081750990025514e-10,3.0817478191416333e-10,3.081744646426542e-10,3.081741471891404e-10,3.0817382955390944e-10,3.0817351173728934e-10,3.0817319373959517e-10,3.081728755615197e-10,3.081725572036682e-10,3.081722386659751e-10,3.081719199495373e-10,3.081716010548017e-10,3.0817128198073996e-10,3.0817096272902137e-10,3.081706432997858e-10,3.0817032369353975e-10,3.081700039107205e-10,3.081696839520262e-10,3.0816936381691495e-10,3.081690435071159e-10,3.081687230222834e-10,3.081684023631001e-10,3.0816808152984377e-10,3.081677605230275e-10,3.0816743934302886e-10,3.081671179901534e-10,3.081667964648613e-10,3.08166474767856e-10,3.0816615289939625e-10,3.081658308599111e-10,3.081655086496529e-10,3.081651862691421e-10,3.0816486371883755e-10,3.0816454099906834e-10,3.0816421811029036e-10,3.081638950529648e-10,3.0816357182796946e-10,3.081632484352633e-10,3.0816292487445637e-10,3.0816260114676567e-10,3.0816227725249134e-10,3.081619531920904e-10,3.0816162896591915e-10,3.0816130457463594e-10,3.0816098001793785e-10,3.081606552962492e-10,3.0816033041100833e-10,3.081600053619949e-10,3.081596801494752e-10,3.0815935477487873e-10,3.081590292369565e-10,3.0815870353686444e-10,3.081583776745062e-10,3.0815805165121225e-10,3.081577254669095e-10,3.0815739912107955e-10,3.081570726159623e-10,3.081567459511885e-10,3.0815641912676805e-10,3.081560921432816e-10,3.0815576500106433e-10,3.081554377005794e-10,3.08155110242031e-10,3.081547826260591e-10,3.0815445485291623e-10,3.0815412692299484e-10,3.0815379883670725e-10,3.0815347059537727e-10,3.0815314219733457e-10,3.0815281364408186e-10,3.0815248493612813e-10,3.081521560734896e-10,3.0815182705668945e-10,3.0815149788607685e-10,3.081511685620565e-10,3.08150839085031e-10,3.081505094554477e-10,3.081501796734211e-10,3.0814984973957947e-10,3.0814951965405244e-10,3.0814918941732625e-10,3.081488590297612e-10,3.0814852849199265e-10,3.0814819780384226e-10,3.081478669659549e-10,3.081475359788853e-10,3.081472048425675e-10,3.081468735575924e-10,3.0814654212429143e-10,3.081462105432686e-10,3.0814587881444723e-10,3.081455469385843e-10,3.081452149157077e-10,3.081448827461403e-10,3.081445504304572e-10,3.0814421796891137e-10,3.0814388536190286e-10,3.0814355260998177e-10,3.081432197132431e-10,3.081428866718632e-10,3.081425534864288e-10,3.081422201571496e-10,3.0814188668462146e-10,3.081415530689864e-10,3.081412193111879e-10,3.081408854104982e-10,3.081405513676155e-10,3.0814021718320396e-10,3.081398828572287e-10,3.081395483902564e-10,3.081392137834565e-10,3.0813887903513043e-10,3.0813854414739487e-10,3.081382091199884e-10,3.081378739531536e-10,3.0813753864756656e-10,3.08137203203301e-10,3.081368676205585e-10,3.081365318999219e-10,3.081361960416449e-10,3.0813586004587383e-10,3.0813552391317944e-10,3.0813518764384516e-10,3.08134851238396e-10,3.081345146969095e-10,3.081341780194949e-10,3.081338412068134e-10,3.0813350425926214e-10,3.0813316717685274e-10,3.081328299601768e-10,3.081324926091459e-10,3.081321551245092e-10,3.081318175062732e-10,3.0813147975524473e-10,3.0813114187142305e-10,3.0813080385479054e-10,3.081304657062817e-10,3.0813012742572027e-10,3.0812978901361193e-10,3.08129450469976e-10,3.0812911179560523e-10,3.0812877299074466e-10,3.0812843405557347e-10,3.081280949904833e-10,3.0812775579582677e-10,3.081274164716179e-10,3.081270770183856e-10,3.0812673743641586e-10,3.081263977259764e-10,3.0812605788744686e-10,3.081257179210982e-10,3.0812537782719035e-10,3.0812503760621384e-10,3.0812469725808287e-10,3.081243567835063e-10,3.081240161826094e-10,3.0812367545625644e-10,3.0812333460358593e-10,3.0812299362560986e-10,3.0812265252275434e-10,3.0812231129390887e-10,3.0812196994173924e-10,3.081216284651063e-10,3.081212868645595e-10,3.0812094514063775e-10,3.08120603293398e-10,3.081202613231191e-10,3.08119919229828e-10,3.0811957701394024e-10,3.0811923467603737e-10,3.0811889221615043e-10,3.081185496347986e-10,3.081182069320043e-10,3.081178641081883e-10,3.081175211636946e-10,3.0811717809870217e-10,3.081168349137328e-10,3.0811649160882007e-10,3.0811614818443335e-10,3.0811580464075845e-10,3.08115460978078e-10,3.081151171967079e-10,3.0811477329685844e-10,3.0811442927885393e-10,3.08114085142963e-10,3.081137408894719e-10,3.081133965186896e-10,3.0811305203087546e-10,3.0811270742629345e-10,3.0811236270520563e-10,3.0811201786790334e-10,3.0811167291465917e-10,3.0811132784575085e-10,3.0811098266144965e-10,3.0811063736202977e-10,3.0811029194777603e-10,3.081099464189354e-10,3.0810960077579466e-10,3.0810925501862146e-10,3.0810890914767955e-10,3.081085631632437e-10,3.081082170655828e-10,3.081078708549647e-10,3.0810752453165517e-10,3.08107178095903e-10,3.08106831548006e-10,3.08106484888214e-10,3.0810613811703315e-10,3.081057912342182e-10,3.0810544424061434e-10,3.081050971358794e-10,3.081047499205265e-10,3.0810440259486037e-10,3.0810405515836556e-10,3.081037076128693e-10,3.081033599578398e-10,3.081030121935288e-10,3.0810266432019933e-10,3.081023163381012e-10,3.081019682474995e-10,3.081016200486314e-10,3.081012717417504e-10,3.0810092332716466e-10,3.081005748050578e-10,3.0810022617570693e-10,3.080998774392958e-10,3.0809952859619894e-10,3.0809917964664506e-10,3.0809883059095583e-10,3.0809848142919413e-10,3.0809813216172987e-10,3.080977827886982e-10,3.0809743331047476e-10,3.0809708372725694e-10,3.0809673403930766e-10,3.0809638424685084e-10,3.080960343501698e-10,3.0809568434936983e-10,3.080953342449517e-10,3.0809498403698686e-10,3.0809463372561627e-10,3.080942833113448e-10,3.080939327941766e-10,3.080935821745168e-10,3.080932314536681e-10,3.080928806296884e-10,3.0809252970409616e-10,3.080921786760331e-10,3.080918275476762e-10,3.0809147631792823e-10,3.0809112498719143e-10,3.080907735557374e-10,3.0809042202394674e-10,3.080900703919245e-10,3.080897186599721e-10,3.0808936682836795e-10,3.0808901489732303e-10,3.0808866286699466e-10,3.0808831073769367e-10,3.0808795850965497e-10,3.080876061830047e-10,3.0808725375809387e-10,3.080869012350899e-10,3.080865486141448e-10,3.080861958955926e-10,3.080858430797012e-10,3.080854901666858e-10,3.080851371568337e-10,3.080847840501396e-10,3.0808443084691737e-10,3.080840775474703e-10,3.080837241520344e-10,3.080833706607476e-10,3.08083017074024e-10,3.0808266339176476e-10,3.0808230961521914e-10,3.080819557429079e-10,3.080816017759151e-10,3.080812477144395e-10,3.080808935586902e-10,3.080805393095382e-10,3.080801849659155e-10,3.080798305280248e-10,3.080794759974207e-10,3.0807912137365494e-10,3.080787666573947e-10,3.08078411848027e-10,3.0807805694630987e-10,3.080777019519384e-10,3.0807734686551546e-10,3.080769916875244e-10,3.0807663641762543e-10,3.080762810563098e-10,3.0807592560368466e-10,3.080755700603397e-10,3.080752144244247e-10,3.0807485869936725e-10,3.0807450288290165e-10,3.0807414697736756e-10,3.0807379098055456e-10,3.0807343489529625e-10,3.080730787207649e-10,3.080727224561338e-10,3.080723661029003e-10,3.080720096607188e-10,3.080716531299994e-10,3.0807129651054836e-10,3.080709398032875e-10,3.0807058300741157e-10,3.0807022612368084e-10,3.080698691519427e-10,3.0806951209350866e-10,3.0806915494628864e-10,3.0806879771306577e-10,3.0806844039255803e-10,3.080680829856404e-10,3.080677254926025e-10,3.0806736791301625e-10,3.0806701024736264e-10,3.080666524954421e-10,3.0806629465783694e-10,3.0806593673560565e-10,3.0806557872811697e-10,3.08065220635495e-10,3.080648624577243e-10,3.080645041952669e-10,3.0806414584674413e-10,3.0806378741551734e-10,3.080634289000339e-10,3.0806307030131113e-10,3.080627116183283e-10,3.0806235285166623e-10,3.080619940014196e-10,3.0806163506803665e-10,3.080612760519273e-10,3.0806091695274353e-10,3.0806055777108153e-10,3.0806019850705075e-10,3.080598391605356e-10,3.080594797322796e-10,3.0805912022220607e-10,3.0805876063074494e-10,3.080584009575922e-10,3.0805804120492833e-10,3.080576813694515e-10,3.080573214530524e-10,3.0805696145619907e-10,3.0805660137903325e-10,3.080562412213481e-10,3.0805588098335466e-10,3.080555206653993e-10,3.080551602676396e-10,3.0805479979058467e-10,3.080544392340916e-10,3.080540785984179e-10,3.08053717883355e-10,3.0805335708943614e-10,3.080529962169603e-10,3.080526352659341e-10,3.0805227423658833e-10,3.0805191312918684e-10,3.0805155194371894e-10,3.080511906805877e-10,3.080508293399126e-10,3.080504679217582e-10,3.0805010642634603e-10,3.080497448527837e-10,3.080493832048055e-10,3.080490214787608e-10,3.0804865967614857e-10,3.0804829779717586e-10,3.080479358420152e-10,3.080475738108118e-10,3.0804721170420777e-10,3.080468495215234e-10,3.080464872644407e-10,3.080461249309466e-10,3.0804576252230677e-10,3.0804540003869253e-10,3.080450374796732e-10,3.0804467484690944e-10,3.0804431213968414e-10,3.080439493573095e-10,3.0804358650169113e-10,3.080432235720919e-10,3.0804286056873043e-10,3.080424974917586e-10,3.080421343413036e-10,3.080417711175965e-10,3.080414078207512e-10,3.0804104445073734e-10,3.0804068100771587e-10,3.0804031749223233e-10,3.0803995390462015e-10,3.0803959024475244e-10,3.080392265124138e-10,3.080388627081759e-10,3.0803849883242463e-10,3.080381348847359e-10,3.080377708664834e-10,3.080374067763302e-10,3.080370426148179e-10,3.0803667838231157e-10,3.080363140791139e-10,3.080359497051583e-10,3.0803558526087827e-10,3.0803522074569434e-10,3.0803485616082095e-10,3.080344915057904e-10,3.0803412678106456e-10,3.080337619864912e-10,3.080333971223848e-10,3.080330321884022e-10,3.0803266718569056e-10,3.0803230211390925e-10,3.0803193697321795e-10,3.080315717638522e-10,3.080312064858167e-10,3.080308411393373e-10,3.0803047572457115e-10,3.0803011024167746e-10,3.08029744690812e-10,3.080293790721205e-10,3.080290133857265e-10,3.080286476318479e-10,3.0802828181061234e-10,3.0802791592217035e-10,3.0802754996663176e-10,3.080271839441869e-10,3.0802681785502965e-10,3.0802645169926046e-10,3.0802608547700446e-10,3.080257191884459e-10,3.0802535283373424e-10,3.0802498641301894e-10,3.0802461992648705e-10,3.080242533742123e-10,3.0802388675638e-10,3.0802352007313864e-10,3.080231533246359e-10,3.0802278651096113e-10,3.0802241963237665e-10,3.0802205268897156e-10,3.0802168568089186e-10,3.0802131860828353e-10,3.0802095147123345e-10,3.0802058427000376e-10,3.080202170046806e-10,3.080198496753497e-10,3.080194822822726e-10,3.0801911482547536e-10,3.0801874730516003e-10,3.080183797214698e-10,3.08018012074547e-10,3.0801764436453394e-10,3.080172765915732e-10,3.080169087558058e-10,3.080165408573722e-10,3.080161728964126e-10,3.0801580487306987e-10,3.0801543678748433e-10,3.080150686397927e-10,3.0801470043013625e-10,3.0801433215865464e-10,3.080139638254876e-10,3.0801359543077027e-10,3.080132269746437e-10,3.080128584572446e-10,3.080124898787095e-10,3.0801212123917584e-10,3.080117525387812e-10,3.080113837776625e-10,3.0801101495595525e-10,3.0801064607379457e-10,3.0801027713131764e-10,3.080099081286542e-10,3.0800953906594726e-10,3.080091699433242e-10,3.080088007609226e-10,3.0800843151887565e-10,3.080080622173174e-10,3.0800769285637796e-10,3.0800732343619275e-10,3.080069539569697e-10,3.0800658441868894e-10,3.0800621482155956e-10,3.080058451657923e-10,3.080054754514215e-10,3.0800510567852945e-10,3.080047358473909e-10,3.0800436595797744e-10,3.0800399601057083e-10,3.080036260052262e-10,3.0800325594207227e-10,3.080028858212363e-10,3.080025156426061e-10,3.080021454068004e-10,3.0800177511371057e-10,3.080014047634512e-10,3.0800103435615113e-10,3.0800066389193986e-10,3.0800029337095385e-10,3.0799992279330024e-10,3.0799955215911726e-10,3.0799918146852894e-10,3.079988107216544e-10,3.079984399186302e-10,3.079980690595748e-10,3.0799769814461503e-10,3.079973271738636e-10,3.079969561474563e-10,3.0799658506551416e-10,3.0799621392816197e-10,3.079958427355222e-10,3.079954714877178e-10,3.0799510018487333e-10,3.0799472882710154e-10,3.079943574145365e-10,3.0799398594728766e-10,3.0799361442548446e-10,3.0799324284924e-10,3.079928712186843e-10,3.079924995339342e-10,3.0799212779511127e-10,3.079917560023311e-10,3.0799138415570927e-10,3.0799101225537783e-10,3.0799064030145056e-10,3.079902682940437e-10,3.079898962332685e-10,3.0798952411926135e-10,3.0798915195212446e-10,3.0798877973198307e-10,3.0798840745894886e-10,3.079880351331363e-10,3.079876627546718e-10,3.0798729032366927e-10,3.0798691784024235e-10,3.079865453044992e-10,3.0798617271656653e-10,3.0798580007656057e-10,3.0798542738458916e-10,3.0798505464076997e-10,3.0798468184521296e-10,3.0798430899803946e-10,3.0798393609934993e-10,3.079835631492668e-10,3.0798319014791096e-10,3.079828170953869e-10,3.0798244399180377e-10,3.079820708372865e-10,3.079816976319276e-10,3.0798132437586184e-10,3.0798095106918403e-10,3.0798057771201104e-10,3.079802043044554e-10,3.079798308466179e-10,3.079794573387603e-10,3.079790837808503e-10,3.079787101728594e-10,3.0797833651503266e-10,3.079779628074871e-10,3.079775890504551e-10,3.079772152437832e-10,3.079768413877195e-10,3.0797646748225396e-10,3.0797609352760836e-10,3.0797571952399294e-10,3.0797534547131826e-10,3.079749713698629e-10,3.0797459721957826e-10,3.0797422302064905e-10,3.079738487731831e-10,3.0797347447741267e-10,3.079731001332621e-10,3.079727257408154e-10,3.079723513003313e-10,3.0797197681183923e-10,3.079716022742338e-10,3.0797122769007236e-10,3.0797085305817356e-10,3.07970478378683e-10,3.0797010365168694e-10,3.0796972887903286e-10,3.0796935405744407e-10,3.0796897918826986e-10,3.079686042724294e-10,3.0796822930960585e-10,3.0796785429993335e-10,3.0796747924349e-10,3.079671041404589e-10,3.0796672899077853e-10,3.079663537946491e-10,3.0796597855215584e-10,3.079656032633956e-10,3.079652279285661e-10,3.07964852547583e-10,3.0796447712066167e-10,3.079641016477905e-10,3.079637261292465e-10,3.079633505650938e-10,3.0796297495668263e-10,3.079625993014581e-10,3.079622236008618e-10,3.0796184785501573e-10,3.079614720644972e-10,3.0796109622851014e-10,3.07960720348002e-10,3.079603444220495e-10,3.0795996845128996e-10,3.079595924358747e-10,3.07959216375868e-10,3.079588402713788e-10,3.0795846412262335e-10,3.079580879294276e-10,3.0795771169231276e-10,3.079573354108383e-10,3.0795695908599695e-10,3.0795658271692327e-10,3.0795620630373305e-10,3.079558298467386e-10,3.0795545334612387e-10,3.079550768021874e-10,3.07954700215261e-10,3.079543235844336e-10,3.0795394691037373e-10,3.079535701931426e-10,3.0795319343284917e-10,3.0795281662965074e-10,3.0795243978352944e-10,3.0795206289462486e-10,3.079516859630103e-10,3.079513089889252e-10,3.079509319722035e-10,3.0795055491306606e-10,3.0795017781158743e-10,3.0794980066866313e-10,3.0794942348290503e-10,3.079490462550161e-10,3.079486689851057e-10,3.0794829167336166e-10,3.0794791431987827e-10,3.079475369246807e-10,3.079471594878705e-10,3.079467820095211e-10,3.0794640448977155e-10,3.0794602692869907e-10,3.07945649326276e-10,3.079452716828019e-10,3.079448939982901e-10,3.0794451627278837e-10,3.0794413850578586e-10,3.079437606984608e-10,3.079433828504998e-10,3.079430049614902e-10,3.079426270315803e-10,3.079422490612902e-10,3.079418710505483e-10,3.079414930004121e-10,3.0794111490933204e-10,3.079407367780239e-10,3.0794035860751193e-10,3.0793998039667145e-10,3.079396021463931e-10,3.079392238563329e-10,3.079388455265086e-10,3.079384671572194e-10,3.0793808874841167e-10,3.0793771029967017e-10,3.0793733181202885e-10,3.0793695328514386e-10,3.0793657471908183e-10,3.0793619611393407e-10,3.079358174697803e-10,3.0793543878667987e-10,3.0793506006462663e-10,3.079346813039396e-10,3.079343025045564e-10,3.079339236666774e-10,3.079335447900834e-10,3.0793316587518214e-10,3.0793278692194427e-10,3.0793240793008053e-10,3.0793202890054657e-10,3.0793164983284246e-10,3.079312707269578e-10,3.079308915835807e-10,3.0793051240149297e-10,3.079301331822143e-10,3.0792975392561955e-10,3.079293746304568e-10,3.079289952984853e-10,3.079286159290231e-10,3.0792823652195886e-10,3.079278570776562e-10,3.079274775974225e-10,3.0792709807876e-10,3.079267185230511e-10,3.0792633893101187e-10,3.079259593017713e-10,3.079255796351513e-10,3.0792519993177943e-10,3.0792482019173253e-10,3.079244404152586e-10,3.0792406060194703e-10,3.079236807524527e-10,3.0792330086663395e-10,3.079229209440379e-10,3.079225409860776e-10,3.0792216099133203e-10,3.0792178096095074e-10,3.079214008943818e-10,3.07921020791924e-10,3.079206406535084e-10,3.0792026047947103e-10,3.079198802697619e-10,3.079195000248163e-10,3.079191197432244e-10,3.079187394269355e-10,3.079183590746872e-10,3.079179786878887e-10,3.079175982656432e-10,3.0791721780817867e-10,3.079168373156098e-10,3.0791645678829897e-10,3.0791607622592545e-10,3.07915695628529e-10,3.079153149965122e-10,3.079149343297185e-10,3.079145536283529e-10,3.079141728924059e-10,3.079137921218618e-10,3.079134113170764e-10,3.079130304778935e-10,3.0791264960443245e-10,3.079122686967693e-10,3.0791188775470727e-10,3.079115067788914e-10,3.079111257688831e-10,3.079107447251194e-10,3.0791036364601473e-10,3.079099825345996e-10,3.079096013897611e-10,3.079092202110322e-10,3.0790883899860944e-10,3.0790845775282153e-10,3.079080764736121e-10,3.079076951610442e-10,3.079073138157773e-10,3.0790693243671837e-10,3.079065510245104e-10,3.079061695792567e-10,3.0790578810089804e-10,3.0790540658966803e-10,3.0790502504556637e-10,3.079046434684081e-10,3.0790426185903336e-10,3.0790388021680596e-10,3.079034985419288e-10,3.079031168345184e-10,3.079027350947471e-10,3.079023533224959e-10,3.079019715173696e-10,3.079015896804538e-10,3.0790120781144347e-10,3.079008259105457e-10,3.0790044397761883e-10,3.079000620125024e-10,3.078996800154016e-10,3.0789929798646493e-10,3.0789891592382195e-10,3.078985338313761e-10,3.078981517069436e-10,3.078977695512371e-10,3.0789738736395514e-10,3.078970051453918e-10,3.078966228942164e-10,3.078962406134038e-10,3.0789585830075663e-10,3.07895475956835e-10,3.0789509358184124e-10,3.0789471117577184e-10,3.078943287389357e-10,3.078939462705607e-10,3.0789356377162823e-10,3.0789318124206133e-10,3.07892798681911e-10,3.078924160907834e-10,3.078920334693997e-10,3.0789165081709394e-10,3.078912681342884e-10,3.078908854212471e-10,3.078905026776745e-10,3.078901199037853e-10,3.078897370996337e-10,3.0788935426515154e-10,3.078889714012182e-10,3.0788858850671745e-10,3.07888205582224e-10,3.078878226277998e-10,3.078874396437171e-10,3.078870566296204e-10,3.078866735857703e-10,3.0788629051222966e-10,3.0788590740839965e-10,3.078855242756008e-10,3.0788514111356514e-10,3.07884757921825e-10,3.0788437470077364e-10,3.0788399145056756e-10,3.078836081710782e-10,3.0788322486221753e-10,3.078828415242683e-10,3.078824581572611e-10,3.078820747612153e-10,3.0788169133621123e-10,3.0788130788213165e-10,3.0788092439938303e-10,3.078805408878596e-10,3.0788015734761493e-10,3.078797737789331e-10,3.0787939018143674e-10,3.078790065553584e-10,3.0787862290086345e-10,3.078782392175521e-10,3.0787785550606764e-10,3.07877471766388e-10,3.078770879985e-10,3.0787670420255465e-10,3.0787632037834385e-10,3.078759365259445e-10,3.0787555264560976e-10,3.0787516873738403e-10,3.078747848011797e-10,3.0787440083718634e-10,3.0787401684533514e-10,3.0787363282567325e-10,3.078732487782137e-10,3.078728647031362e-10,3.0787248060067936e-10,3.078720964707115e-10,3.0787171231313656e-10,3.0787132812831617e-10,3.078709439161549e-10,3.0787055967665185e-10,3.0787017540988717e-10,3.07869791116039e-10,3.078694067950178e-10,3.078690224469798e-10,3.078686380719436e-10,3.07868253670013e-10,3.078678692410791e-10,3.078674847853347e-10,3.078671003028055e-10,3.0786671579354656e-10,3.078663312577724e-10,3.0786594669513577e-10,3.0786556210598753e-10,3.0786517749023313e-10,3.07864792848225e-10,3.0786440817961816e-10,3.078640234847203e-10,3.0786363876338405e-10,3.0786325401607076e-10,3.078628692424406e-10,3.078624844418606e-10,3.078620996157819e-10,3.078617147634408e-10,3.078613298855392e-10,3.078609449821379e-10,3.078605600521479e-10,3.078601750966196e-10,3.078597901153232e-10,3.07859405108081e-10,3.0785902007562627e-10,3.078586350154634e-10,3.078582499315884e-10,3.0785786482218663e-10,3.0785747968732066e-10,3.0785709452710456e-10,3.07856709341298e-10,3.078563241301392e-10,3.0785593889439155e-10,3.078555536327421e-10,3.0785516834549645e-10,3.0785478303384916e-10,3.0785439769711825e-10,3.078540123355496e-10,3.0785362694886693e-10,3.0785324153718363e-10,3.078528561007382e-10,3.078524706407492e-10,3.078520851548023e-10,3.0785169964407887e-10,3.0785131410869866e-10,3.078509285486599e-10,3.078505429628276e-10,3.0785015735362393e-10,3.078497717203457e-10,3.078493860624677e-10,3.0784900038013314e-10,3.0784861467382946e-10,3.078482289431495e-10,3.078478431882337e-10,3.0784745740939924e-10,3.078470716064075e-10,3.0784668577910115e-10,3.078462999276364e-10,3.078459140533432e-10,3.078455281541178e-10,3.078451422308934e-10,3.078447562839346e-10,3.078443703133347e-10,3.0784398431986223e-10,3.0784359830175204e-10,3.078432122600063e-10,3.0784282619464207e-10,3.0784244010564576e-10,3.0784205399321464e-10,3.078416678573111e-10,3.0784128169571406e-10,3.078408955133085e-10,3.0784050930762816e-10,3.0784012307847296e-10,3.078397368261431e-10,3.07839350550781e-10,3.078389642526812e-10,3.078385779309986e-10,3.078381915862824e-10,3.0783780521871636e-10,3.0783741882801404e-10,3.078370324146422e-10,3.0783664597836223e-10,3.078362595191031e-10,3.0783587303718666e-10,3.0783548653250056e-10,3.078351000054361e-10,3.078347134558921e-10,3.0783432688326e-10,3.0783394028844154e-10,3.0783355367096025e-10,3.078331670326809e-10,3.078327803693449e-10,3.078323936846994e-10,3.078320069785079e-10,3.078316202492871e-10,3.078312334978788e-10,3.0783084672437493e-10,3.0783045992882e-10,3.078300731110068e-10,3.078296862711525e-10,3.07829299409301e-10,3.0782891252551157e-10,3.0782852561982366e-10,3.078281386922753e-10,3.0782775174290255e-10,3.078273647717404e-10,3.078269777788666e-10,3.078265907641118e-10,3.07826203727886e-10,3.078258166701841e-10,3.0782542959080075e-10,3.078250424900268e-10,3.078246553677741e-10,3.078242682241284e-10,3.0782388105910923e-10,3.078234938726913e-10,3.0782310666495416e-10,3.0782271943595407e-10,3.078223321857364e-10,3.078219449145853e-10,3.078215576218987e-10,3.078211703084874e-10,3.0782078297380843e-10,3.0782039561817547e-10,3.078200082415329e-10,3.078196208439226e-10,3.078192334254972e-10,3.078188459859664e-10,3.0781845852518277e-10,3.078180710444814e-10,3.078176835427014e-10,3.078172960204398e-10,3.0781690847715694e-10,3.0781652091453997e-10,3.0781613333022517e-10,3.0781574572538725e-10,3.07815358102095e-10,3.078149704575811e-10,3.0781458279123565e-10,3.0781419510470987e-10,3.0781380739786284e-10,3.0781341967073376e-10,3.078130319233625e-10,3.0781264415578876e-10,3.0781225636858217e-10,3.0781186856072326e-10,3.078114807327804e-10,3.078110928847934e-10,3.078107050168021e-10,3.0781031712884464e-10,3.0780992922096155e-10,3.07809541293241e-10,3.078091533456565e-10,3.078087653782285e-10,3.0780837739107666e-10,3.0780798938414556e-10,3.078076013575209e-10,3.078072133112456e-10,3.078068252453345e-10,3.078064371599196e-10,3.0780604905490694e-10,3.0780566093044e-10,3.0780527278644166e-10,3.078048846230912e-10,3.0780449644024664e-10,3.0780410823810397e-10,3.078037200166557e-10,3.0780333177590855e-10,3.0780294351637247e-10,3.078025552371941e-10,3.07802166938896e-10,3.078017786214492e-10,3.0780139028602246e-10,3.0780100193038144e-10,3.078006135557919e-10,3.078002251622546e-10,3.077998367497716e-10,3.077994483183301e-10,3.0779905986809216e-10,3.0779867139901955e-10,3.077982829105952e-10,3.077978944039836e-10,3.0779750587865385e-10,3.077971173346443e-10,3.0779672877197487e-10,3.0779634019011174e-10,3.0779595159023727e-10,3.0779556297187153e-10,3.0779517433419847e-10,3.077947856788439e-10,3.0779439700507217e-10,3.0779400831290755e-10,3.077936196024243e-10,3.0779323087455014e-10,3.0779284212766494e-10,3.077924533622762e-10,3.0779206457857854e-10,3.077916757769046e-10,3.077912869569556e-10,3.077908981189989e-10,3.077905092628159e-10,3.0779012038869615e-10,3.0778973149682873e-10,3.077893425859903e-10,3.0778895365768054e-10,3.077885647102871e-10,3.0778817574850965e-10,3.0778778676701887e-10,3.077873977678389e-10,3.0778700875069707e-10,3.0778661971444104e-10,3.0778623066180445e-10,3.0778584159150734e-10,3.0778545250355066e-10,3.0778506339824795e-10,3.077846742751721e-10,3.0778428513468853e-10,3.0778389597779353e-10,3.077835068019931e-10,3.077831176073363e-10,3.0778272839559527e-10,3.07782339168569e-10,3.077819499235797e-10,3.077815606614247e-10,3.0778117138180344e-10,3.0778078208530687e-10,3.0778039277128767e-10,3.077800034404613e-10,3.0777961409200357e-10,3.0777922472652505e-10,3.077788353441056e-10,3.0777844594448206e-10,3.0777805652812717e-10,3.077776670946787e-10,3.077772776447186e-10,3.0777688817727955e-10,3.077764986931955e-10,3.0777610919283306e-10,3.07775719675132e-10,3.077753301408729e-10,3.0777494058962126e-10,3.077745510215701e-10,3.077741614368751e-10,3.0777377183499033e-10,3.077733822170923e-10,3.077729925829214e-10,3.0777260293201635e-10,3.077722132647531e-10,3.0777182358087113e-10,3.077714338804871e-10,3.0777104416373696e-10,3.07770654430616e-10,3.07770264680979e-10,3.077698749150231e-10,3.0776948513240023e-10,3.077690953338143e-10,3.0776870551925455e-10,3.077683156885491e-10,3.0776792584135774e-10,3.077675359782536e-10,3.077671460991041e-10,3.0776675620383755e-10,3.077663662925269e-10,3.077659763651069e-10,3.077655864215336e-10,3.0776519646232743e-10,3.0776480648787275e-10,3.077644164971953e-10,3.077640264901055e-10,3.077636364672206e-10,3.0776324642870316e-10,3.077628563738623e-10,3.077624663036191e-10,3.077620762179516e-10,3.0776168611648795e-10,3.0776129599940857e-10,3.077609058667195e-10,3.077605157182039e-10,3.077601255544166e-10,3.077597353750779e-10,3.077593451802956e-10,3.0775895496993413e-10,3.0775856474397803e-10,3.077581745031432e-10,3.077577842463678e-10,3.077573939726205e-10,3.07757003684928e-10,3.0775661338081065e-10,3.07756223063041e-10,3.077558327285238e-10,3.0775544238030014e-10,3.0775505201700316e-10,3.077546616385499e-10,3.0775427124486034e-10,3.0775388083465405e-10,3.077534904093857e-10,3.0775309996919445e-10,3.0775270951363706e-10,3.0775231904585625e-10,3.0775192856205684e-10,3.077515380633337e-10,3.077511475497256e-10,3.0775075702124126e-10,3.077503664779904e-10,3.077499759198802e-10,3.0774958534703893e-10,3.0774919475951283e-10,3.077488041571359e-10,3.0774841354005224e-10,3.077480229083071e-10,3.07747632261874e-10,3.0774724160082036e-10,3.077468509252366e-10,3.077464602350301e-10,3.0774606952958607e-10,3.0774567881060805e-10,3.07745288076966e-10,3.07744897328856e-10,3.077445065671424e-10,3.0774411579024725e-10,3.077437249989694e-10,3.0774333419304497e-10,3.07742943373006e-10,3.077425525387777e-10,3.0774216169023245e-10,3.0774177082753014e-10,3.0774137994982566e-10,3.0774098905851154e-10,3.077405981532052e-10,3.077402072337968e-10,3.0773981630047223e-10,3.0773942535292213e-10,3.0773903439126213e-10,3.0773864341564904e-10,3.0773825242600366e-10,3.0773786142257115e-10,3.077374704050627e-10,3.077370793737343e-10,3.077366883284218e-10,3.0773629726928667e-10,3.077359061961689e-10,3.0773551510947026e-10,3.0773512400881807e-10,3.077347328944036e-10,3.0773434176632604e-10,3.0773395062460403e-10,3.0773355946902917e-10,3.0773316830001986e-10,3.0773277711726813e-10,3.0773238592159e-10,3.077319947128773e-10,3.077316034903616e-10,3.0773121225334493e-10,3.0773082100340163e-10,3.0773042973940356e-10,3.0773003846206176e-10,3.077296471711944e-10,3.077292558669029e-10,3.077288645476736e-10,3.0772847321627477e-10,3.0772808187200233e-10,3.077276905144138e-10,3.0772729914338334e-10,3.077269077592877e-10,3.077265163615519e-10,3.077261249508336e-10,3.0772573352708447e-10,3.077253420902192e-10,3.07724950640546e-10,3.077245591776674e-10,3.0772416770152834e-10,3.077237762119574e-10,3.0772338470970224e-10,3.0772299319441155e-10,3.077226016663124e-10,3.0772221012496643e-10,3.077218185703981e-10,3.0772142700247226e-10,3.077210354225287e-10,3.07720643830772e-10,3.077202522251915e-10,3.0771986060685593e-10,3.077194689740516e-10,3.0771907733010245e-10,3.0771868567336703e-10,3.077182940039178e-10,3.077179023220731e-10,3.077175106254967e-10,3.0771711891775477e-10,3.0771672719783744e-10,3.0771633546411523e-10,3.0771594371876333e-10,3.0771555196101055e-10,3.077151601891021e-10,3.077147684062559e-10,3.077143766109537e-10,3.0771398480123774e-10,3.07713592981067e-10,3.0771320114873477e-10,3.0771280930144377e-10,3.077124174443599e-10,3.077120255746812e-10,3.0771163369132387e-10,3.077112417969781e-10,3.0771084988941213e-10,3.0771045797019297e-10,3.0771006603934396e-10,3.0770967409592294e-10,3.077092821404774e-10,3.0770889017286987e-10,3.077084981931242e-10,3.0770810620139816e-10,3.0770771419742343e-10,3.077073221813963e-10,3.0770693015333286e-10,3.0770653811324e-10,3.0770614606112544e-10,3.077057539970327e-10,3.077053619209939e-10,3.0770496983303395e-10,3.0770457773316144e-10,3.0770418562060354e-10,3.0770379349840206e-10,3.0770340136291637e-10,3.077030092148134e-10,3.0770261705578107e-10,3.0770222488596505e-10,3.0770183270330417e-10,3.077014405089104e-10,3.0770104830251393e-10,3.077006560845455e-10,3.0770026385501254e-10,3.076998716139286e-10,3.0769947936069185e-10,3.0769908709633297e-10,3.076986948203914e-10,3.076983025337838e-10,3.07697910234819e-10,3.0769751792425244e-10,3.0769712560217854e-10,3.076967332686558e-10,3.0769634092290093e-10,3.0769594856763025e-10,3.0769555619960445e-10,3.076951638203496e-10,3.076947714297163e-10,3.0769437902773493e-10,3.076939866144652e-10,3.0769359418944384e-10,3.0769320175455077e-10,3.07692809307216e-10,3.0769241684755433e-10,3.0769202437774607e-10,3.076916318969481e-10,3.0769123940538307e-10,3.076908469021284e-10,3.076904543879148e-10,3.0769006186251694e-10,3.076896693256279e-10,3.076892767774903e-10,3.076888842189798e-10,3.0768849164727554e-10,3.0768809906652747e-10,3.07687706474914e-10,3.076873138721796e-10,3.076869212584749e-10,3.076865286339653e-10,3.0768613599622815e-10,3.076857433494759e-10,3.076853506918484e-10,3.076849580236057e-10,3.076845653445766e-10,3.0768417265480555e-10,3.076837799541607e-10,3.076833872428015e-10,3.076829945208657e-10,3.0768260178818413e-10,3.076822090444668e-10,3.0768181629078426e-10,3.076814235257249e-10,3.0768103074976075e-10,3.076806379634479e-10,3.0768024516651184e-10,3.076798523587403e-10,3.0767945954094267e-10,3.0767906671184887e-10,3.076786738725257e-10,3.076782810236931e-10,3.076778881629225e-10,3.0767749529215877e-10,3.0767710241113287e-10,3.0767670951945836e-10,3.0767631661810046e-10,3.076759237055918e-10,3.076755307826736e-10,3.0767513785009563e-10,3.0767474490650727e-10,3.076743519525619e-10,3.076739589882551e-10,3.076735660136541e-10,3.0767317303132013e-10,3.0767278003620964e-10,3.0767238703071166e-10,3.0767199401513036e-10,3.076716009894585e-10,3.076712079516958e-10,3.076708149055821e-10,3.076704218496105e-10,3.0767002878333365e-10,3.076696357049974e-10,3.076692426183824e-10,3.0766884952173464e-10,3.07668456414895e-10,3.076680632981477e-10,3.076676701711017e-10,3.076672770343814e-10,3.0766688388767355e-10,3.076664907310314e-10,3.0766609756301423e-10,3.0766570438658496e-10,3.0766531120016687e-10,3.076649180039513e-10,3.0766452479823084e-10,3.076641315820054e-10,3.0766373835624433e-10,3.0766334512037227e-10,3.076629518753668e-10,3.076625586200762e-10,3.076621653551793e-10,3.0766177208054326e-10,3.0766137879601737e-10,3.0766098550186303e-10,3.076605921986842e-10,3.076601988852895e-10,3.0765980556293514e-10,3.0765941223023285e-10,3.0765901888815844e-10,3.0765862553698655e-10,3.076582321745273e-10,3.076578388037552e-10,3.0765744542374203e-10,3.076570520338064e-10,3.076566586343027e-10,3.076562652253502e-10,3.07655871806769e-10,3.0765547837962285e-10,3.076550849424163e-10,3.0765469149493e-10,3.0765429803905916e-10,3.076539045733315e-10,3.076535110983007e-10,3.076531176139533e-10,3.076527241202022e-10,3.0765233061635725e-10,3.076519371042732e-10,3.076515435826119e-10,3.0765115005225297e-10,3.076507565134606e-10,3.0765036296437297e-10,3.076499694053743e-10,3.076495758375949e-10,3.0764918225944657e-10,3.076487886732366e-10,3.076483950779936e-10,3.0764800147348516e-10,3.0764760786001833e-10,3.076472142372529e-10,3.0764682060548175e-10,3.076464269647306e-10,3.076460333146658e-10,3.076456396556803e-10,3.0764524598770967e-10,3.0764485230919744e-10,3.0764445862326246e-10,3.076440649283145e-10,3.0764367122435267e-10,3.076432775114825e-10,3.076428837897345e-10,3.0764249005913154e-10,3.076420963195867e-10,3.0764170257125574e-10,3.0764130881406483e-10,3.076409150476905e-10,3.0764052127262e-10,3.0764012749078297e-10,3.07639733698677e-10,3.0763933989734884e-10,3.076389460873745e-10,3.0763855226731285e-10,3.076381584401282e-10,3.076377646040932e-10,3.0763737075992566e-10,3.0763697690646215e-10,3.0763658304436354e-10,3.07636189173561e-10,3.076357952941128e-10,3.0763540140600833e-10,3.0763500750936836e-10,3.0763461360411383e-10,3.0763421969034533e-10,3.0763382576805874e-10,3.0763343183716605e-10,3.0763303789773185e-10,3.076326439498402e-10,3.076322499934369e-10,3.0763185602886626e-10,3.076314620555868e-10,3.076310680738474e-10,3.076306740836972e-10,3.0763028008512465e-10,3.0762988607818734e-10,3.076294920628442e-10,3.0762909803890084e-10,3.076287040068492e-10,3.0762830996650577e-10,3.076279159179368e-10,3.076275218607266e-10,3.076271277954413e-10,3.0762673372185984e-10,3.076263396400224e-10,3.076259455499362e-10,3.0762555145167755e-10,3.0762515734519345e-10,3.0762476323047274e-10,3.0762436910760374e-10,3.0762397497609013e-10,3.0762358083691766e-10,3.076231866895443e-10,3.0762279253406164e-10,3.076223983704872e-10,3.076220041988541e-10,3.0762161001918465e-10,3.076212158314144e-10,3.076208216356025e-10,3.0762042743175714e-10,3.0762003321977784e-10,3.07619638999889e-10,3.076192447720542e-10,3.076188505362545e-10,3.0761845629253657e-10,3.0761806204081593e-10,3.0761766778113286e-10,3.076172735135846e-10,3.0761687923815934e-10,3.0761648495471163e-10,3.0761609066351323e-10,3.0761569636437044e-10,3.0761530205764876e-10,3.0761490774292757e-10,3.0761451342005033e-10,3.0761411909033023e-10,3.076137247521985e-10,3.076133304063165e-10,3.076129360527031e-10,3.076125416916563e-10,3.0761214732251805e-10,3.076117529460554e-10,3.076113585615079e-10,3.076109641693031e-10,3.076105697694289e-10,3.076101753612901e-10,3.076097809461283e-10,3.076093865233976e-10,3.076089920929587e-10,3.076085976550106e-10,3.076082032094063e-10,3.076078087560827e-10,3.076074142954181e-10,3.0760701982703855e-10,3.0760662535124415e-10,3.076062308673209e-10,3.07605836377911e-10,3.0760544187899555e-10,3.076050473734315e-10,3.076046528604879e-10,3.076042583398743e-10,3.07603863811762e-10,3.07603469276094e-10,3.076030747331873e-10,3.07602680182883e-10,3.0760228562592183e-10,3.076018910608856e-10,3.076014964884809e-10,3.0760110190878817e-10,3.0760070732120915e-10,3.076003127267813e-10,3.0759991812321524e-10,3.0759952351420795e-10,3.0759912889795953e-10,3.075987342743977e-10,3.0759833964365985e-10,3.0759794500506364e-10,3.075975503598819e-10,3.07597155707875e-10,3.075967610483047e-10,3.075963663815042e-10,3.075959717075821e-10,3.075955770263447e-10,3.0759518233814624e-10,3.075947876428293e-10,3.0759439294033284e-10,3.075939982308114e-10,3.075936035141954e-10,3.075932087909454e-10,3.0759281406013624e-10,3.0759241932229795e-10,3.075920245774763e-10,3.075916298256047e-10,3.075912350663062e-10,3.0759084030046476e-10,3.0759044552775264e-10,3.0759005074911475e-10,3.0758965596242726e-10,3.0758926116874317e-10,3.0758886636813365e-10,3.075884715606054e-10,3.0758807674622643e-10,3.075876819242963e-10,3.075872870960184e-10,3.0758689226088683e-10,3.075864974189723e-10,3.075861025700637e-10,3.075857077144831e-10,3.0758531285208904e-10
18,1.452829878985277e-42,4.09413962548608e-42,7.628392955485055e-42,1.182825449013654e-41,1.6523882190456753e-41,2.1588744174533232e-41,2.692860058944496e-41,3.2473264316559913e-41,3.817046215850127e-41,4.398126266320575e-41,4.987667089643858e-41,5.583509233332711e-41,6.18404440436717e-41,6.788074796146587e-41,7.394708319583884e-41,8.003280574484657e-41,8.613296736256564e-41,9.224388274939287e-41,9.836280720885134e-41,1.0448769657640491e-40,1.106170284219154e-40,1.1674966888677785e-40,1.2288477350835476e-40,1.2902171335727401e-40,1.3516002002633384e-40,1.4129934466052296e-40,1.474394274434791e-40,1.535800748720392e-40,1.5972114283107797e-40,1.658625239881289e-40,1.7200413840532003e-40,1.781459265474038e-40,1.8428784407440846e-40,1.9042985796320113e-40,1.9657194361933174e-40,2.027140827255109e-40,2.0885626163962617e-40,2.149984702014565e-40,2.2114070084398503e-40,2.2728294793151636e-40,2.334252072668114e-40,2.395674757237975e-40,2.457097509743792e-40,2.518520312846347e-40,2.5799431536312524e-40,2.6413660224811555e-40,2.7027889122329364e-40,2.76421181755176e-40,2.825634734464474e-40,2.887057660011895e-40,2.948480591990208e-40,3.009903528758122e-40,3.07132646909305e-40,3.1327494120841428e-40,3.1941723570548127e-40,3.255595303498694e-40,3.3170182510400203e-40,3.3784411993986397e-40,3.4398641483663632e-40,3.501287097786836e-40,3.562710047545331e-40,3.6241329975552326e-40,3.685555947752399e-40,3.746978898089163e-40,3.8084018485297874e-40,3.869824799047773e-40,3.93124774962331e-40,3.992670700241959e-40,4.054093650892611e-40,4.115516601566758e-40,4.176939552258781e-40,4.238362502963994e-40,4.299785453679094e-40,4.3612084044014425e-40,4.422631355129298e-40,4.484054305861128e-40,4.545477256596169e-40,4.606900207333438e-40,4.6683231580723e-40,4.729746108812399e-40,4.7911690595534515e-40,4.8525920102952655e-40,4.914014961037382e-40,4.975437911780046e-40,5.036860862523093e-40,5.09828381326637e-40,5.159706764009592e-40,5.221129714753053e-40,5.28255266549661e-40,5.343975616240321e-40,5.405398566983822e-40,5.466821517727472e-40,5.5282444684713045e-40,5.58966741921499e-40,5.651090369958767e-40,5.71251332070254e-40,5.773936271446249e-40,5.835359222190036e-40,5.896782172933883e-40,5.958205123677642e-40,6.019628074421404e-40,6.0810510251652335e-40,6.142473975908983e-40,6.2038969266527326e-40,6.265319877396462e-40,6.326742828140291e-40,6.388165778884115e-40,6.449588729627672e-40,6.511011680371535e-40,6.5724346311154e-40,6.633857581859107e-40,6.695280532603047e-40,6.756703483346835e-40,6.818126434090638e-40,6.879549384834343e-40,6.940972335577823e-40,7.002395286322017e-40,7.063818237065703e-40,7.125241187809499e-40,7.186664138553352e-40,7.2480870892970476e-40,7.309510040041029e-40,7.370932990784617e-40,7.432355941528224e-40,7.493778892272129e-40,7.555201843015953e-40,7.61662479375988e-40,7.678047744503636e-40,7.739470695247207e-40,7.800893645990936e-40,7.862316596734755e-40,7.923739547478534e-40,7.985162498221996e-40,8.046585448965769e-40,8.108008399709537e-40,8.169431350453351e-40,8.230854301197169e-40,8.292277251940873e-40,8.353700202684747e-40,8.415123153428519e-40,8.47654610417256e-40,8.53796905491617e-40,8.599392005659842e-40,8.660814956403589e-40,8.722237907147507e-40,8.783660857891181e-40,8.845083808634866e-40,8.90650675937873e-40,8.96792971012265e-40,9.029352660866207e-40,9.090775611610221e-40,9.152198562354022e-40,9.213621513097836e-40,9.275044463841534e-40,9.336467414585304e-40,9.39789036532904e-40,9.459313316072834e-40,9.520736266816578e-40,9.582159217560406e-40,9.64358216830415e-40,9.705005119047808e-40,9.766428069791644e-40,9.82785102053548e-40,9.889273971279173e-40,9.950696922022921e-40,1.0012119872766755e-39,1.0073542823510001e-39,1.0134965774254078e-39,1.0196388724997724e-39,1.0257811675741676e-39,1.0319234626485353e-39,1.0380657577228962e-39,1.0442080527972913e-39,1.0503503478716444e-39,1.0564926429460443e-39,1.0626349380204018e-39,1.0687772330947827e-39,1.0749195281691455e-39,1.0810618232435103e-39,1.0872041183179091e-39,1.0933464133922641e-39,1.0994887084666137e-39,1.1056310035409957e-39,1.111773298615344e-39,1.117915593689739e-39,1.1240578887641225e-39,1.1302001838384812e-39,1.1363424789128725e-39,1.1424847739872308e-39,1.1486270690616e-39,1.1547693641359803e-39,1.1609116592103632e-39,1.167053954284746e-39,1.1731962493591126e-39,1.1793385444335e-39,1.185480839507879e-39,1.1916231345822583e-39,1.1977654296566323e-39,1.2039077247310021e-39,1.2100500198053687e-39,1.2161923148797631e-39,1.2223346099541272e-39,1.2284769050285091e-39,1.2346192001028771e-39,1.2407614951772685e-39,1.2469037902516172e-39,1.2530460853259879e-39,1.2591883804003914e-39,1.2653306754747812e-39,1.2714729705491412e-39,1.2776152656235138e-39,1.28375756069791e-39,1.2898998557722632e-39,1.2960421508466307e-39,1.3021844459210229e-39,1.3083267409954198e-39,1.3144690360697992e-39,1.32061133114416e-39,1.326753626218529e-39,1.3328959212929153e-39,1.3390382163672778e-39,1.3451805114416315e-39,1.3513228065160391e-39,1.3574651015903952e-39,1.3636073966647756e-39,1.3697496917391282e-39,1.3758919868135404e-39,1.382034281887891e-39,1.3881765769622758e-39,1.3943188720366459e-39,1.4004611671110642e-39,1.4066034621854002e-39,1.412745757259798e-39,1.4188880523341741e-39,1.4250303474085359e-39,1.431172642482889e-39,1.4373149375572976e-39,1.4434572326316573e-39,1.4495995277060367e-39,1.4557418227804036e-39,1.4618841178547802e-39,1.4680264129291874e-39,1.4741687080035582e-39,1.4803110030779282e-39,1.4864532981523366e-39,1.492595593226682e-39,1.4987378883010472e-39,1.5048801833754626e-39,1.5110224784498097e-39,1.517164773524179e-39,1.5233070685985366e-39,1.529449363672944e-39,1.5355916587473173e-39,1.5417339538216687e-39,1.5478762488960977e-39,1.554018543970454e-39,1.560160839044799e-39,1.566303134119187e-39,1.5724454291935652e-39,1.578587724267955e-39,1.5847300193423316e-39,1.590872314416727e-39,1.5970146094910866e-39,1.6031569045654396e-39,1.6092991996397926e-39,1.6154414947141968e-39,1.6215837897885955e-39,1.6277260848629586e-39,1.6338683799373508e-39,1.6400106750117172e-39,1.6461529700860836e-39,1.652295265160458e-39,1.658437560234829e-39,1.664579855309212e-39,1.670722150383591e-39,1.67686444545797e-39,1.6830067405323533e-39,1.6891490356067256e-39,1.6952913306810943e-39,1.7014336257554783e-39,1.7075759208298675e-39,1.7137182159042355e-39,1.7198605109785957e-39,1.7260028060529768e-39,1.7321451011273295e-39,1.7382873962017448e-39,1.7444296912761223e-39,1.7505719863504873e-39,1.756714281424818e-39,1.7628565764992407e-39,1.7689988715736253e-39,1.7751411666479725e-39,1.7812834617223584e-39,1.7874257567967698e-39,1.7935680518710954e-39,1.799710346945485e-39,1.8058526420198696e-39,1.8119949370942184e-39,1.8181372321686217e-39,1.824279527243004e-39,1.8304218223173694e-39,1.836564117391754e-39,1.842706412466118e-39,1.8488487075405254e-39,1.8549910026148745e-39,1.8611332976892735e-39,1.867275592763637e-39,1.873417887837993e-39,1.879560182912352e-39,1.885702477986764e-39,1.891844773061169e-39,1.8979870681355553e-39,1.904129363209919e-39,1.9102716582842724e-39,1.9164139533586225e-39,1.92255624843301e-39,1.9286985435074003e-39,1.9348408385817478e-39,1.9409831336561298e-39,1.947125428730515e-39,1.953267723804881e-39,1.9594100188792668e-39,1.965552313953631e-39,1.971694609028047e-39,1.977836904102376e-39,1.9839791991767927e-39,1.99012149425116e-39,1.9962637893255222e-39,2.0024060843998723e-39,2.008548379474277e-39,2.0146906745486677e-39,2.0208329696230432e-39,2.026975264697444e-39,2.033117559771802e-39,2.039259854846185e-39,2.045402149920552e-39,2.051544444994961e-39,2.057686740069312e-39,2.06382903514367e-39,2.0699713302180556e-39,2.076113625292432e-39,2.0822559203667675e-39,2.08839821544117e-39,2.0945405105155302e-39,2.1006828055899182e-39,2.106825100664263e-39,2.1129673957387195e-39,2.1191096908130767e-39,2.1252519858874154e-39,2.1313942809618307e-39,2.1375365760361612e-39,2.1436788711105967e-39,2.1498211661849256e-39,2.155963461259283e-39,2.162105756333664e-39,2.1682480514080473e-39,2.1743903464824248e-39,2.1805326415568035e-39,2.1866749366311986e-39,2.1928172317055836e-39,2.1989595267799657e-39,2.2051018218543144e-39,2.2112441169286795e-39,2.217386412003087e-39,2.2235287070774544e-39,2.2296710021518762e-39,2.2358132972262237e-39,2.2419555923005816e-39,2.248097887374932e-39,2.254240182449332e-39,2.260382477523687e-39,2.2665247725980524e-39,2.2726670676724458e-39,2.2788093627468455e-39,2.2849516578212618e-39,2.2910939528955776e-39,2.297236247969955e-39,2.3033785430443234e-39,2.3095208381187003e-39,2.315663133193138e-39,2.321805428267505e-39,2.327947723341835e-39,2.3340900184162e-39,2.3402323134905945e-39,2.346374608564963e-39,2.3525169036393234e-39,2.358659198713723e-39,2.364801493788099e-39,2.370943788862487e-39,2.3770860839368692e-39,2.3832283790112326e-39,2.3893706740855984e-39,2.3955129691600414e-39,2.4016552642343393e-39,2.4077975593087083e-39,2.413939854383127e-39,2.4200821494574776e-39,2.42622444453183e-39,2.4323667396062694e-39,2.4385090346805963e-39,2.4446513297550074e-39,2.4507936248293758e-39,2.4569359199037767e-39,2.4630782149781385e-39,2.4692205100525013e-39,2.475362805126913e-39,2.481505100201251e-39,2.48764739527563e-39,2.493789690350006e-39,2.4999319854243613e-39,2.5060742804987747e-39,2.512216575573174e-39,2.5183588706474827e-39,2.5245011657218556e-39,2.530643460796226e-39,2.5367857558706337e-39,2.5429280509449776e-39,2.5490703460193844e-39,2.555212641093765e-39,2.5613549361681152e-39,2.5674972312425195e-39,2.5736395263168774e-39,2.579781821391231e-39,2.585924116465628e-39,2.5920664115400108e-39,2.5982087066143886e-39,2.6043510016888173e-39,2.6104932967631837e-39,2.6166355918375e-39,2.6227778869119377e-39,2.6289201819862753e-39,2.635062477060645e-39,2.6412047721350003e-39,2.6473470672093977e-39,2.6534893622837575e-39,2.6596316573581347e-39,2.6657739524325376e-39,2.671916247506928e-39,2.6780585425812795e-39,2.6842008376556596e-39,2.690343132730097e-39,2.6964854278044547e-39,2.7026277228787787e-39,2.7087700179531222e-39,2.7149123130275278e-39,2.7210546081019264e-39,2.727196903176273e-39,2.7333391982506432e-39,2.739481493325084e-39,2.745623788399403e-39,2.751766083473777e-39,2.7579083785482337e-39,2.764050673622565e-39,2.7701929686969368e-39,2.776335263771357e-39,2.7824775588456572e-39,2.7886198539200542e-39,2.7947621489944402e-39,2.8009044440688138e-39,2.8070467391431472e-39,2.813189034217564e-39,2.8193313292919586e-39,2.8254736243663077e-39,2.831615919440686e-39,2.8377582145150617e-39,2.8439005095894643e-39,2.8500428046637794e-39,2.8561850997382098e-39,2.8623273948125752e-39,2.8684696898869344e-39,2.874611984961309e-39,2.8807542800357053e-39,2.886896575110124e-39,2.8930388701844286e-39,2.8991811652588237e-39,2.905323460333174e-39,2.9114657554075816e-39,2.917608050481948e-39,2.9237503455563395e-39,2.9298926406307056e-39,2.936034935705073e-39,2.9421772307794654e-39,2.9483195258538397e-39,2.9544618209282315e-39,2.9606041160025946e-39,2.966746411077001e-39,2.9728887061513626e-39,2.9790310012257225e-39,2.9851732963000954e-39,2.991315591374463e-39,2.997457886448797e-39,3.003600181523216e-39,3.0097424765976334e-39,3.015884771671969e-39,3.0220270667463276e-39,3.02816936182073e-39,3.034311656895095e-39,3.040453951969461e-39,3.0465962470438474e-39,3.052738542118164e-39,3.0588808371926304e-39,3.0650231322669654e-39,3.071165427341372e-39,3.077307722415712e-39,3.0834500174901436e-39,3.0895923125644375e-39,3.0957346076388855e-39,3.101876902713228e-39,3.10801919778764e-39,3.114161492861981e-39,3.120303787936399e-39,3.126446083010763e-39,3.13258837808514e-39,3.138730673159517e-39,3.1448729682338674e-39,3.151015263308254e-39,3.157157558382609e-39,3.163299853456963e-39,3.169442148531362e-39,3.175584443605748e-39,3.181726738680124e-39,3.1878690337544824e-39,3.1940113288288416e-39,3.200153623903279e-39,3.2062959189776925e-39,3.212438214051943e-39,3.2185805091263593e-39,3.2247228042007753e-39,3.230865099275149e-39,3.237007394349508e-39,3.2431496894238915e-39,3.2492919844982546e-39,3.255434279572626e-39,3.261576574647011e-39,3.267718869721414e-39,3.273861164795797e-39,3.280003459870179e-39,3.2861457549445175e-39,3.292288050018918e-39,3.2984303450932835e-39,3.3045726401677054e-39,3.310714935242036e-39,3.316857230316404e-39,3.3229995253907895e-39,3.329141820465135e-39,3.335284115539549e-39,3.3414264106139664e-39,3.347568705688314e-39,3.353711000762658e-39,3.359853295837076e-39,3.3659955909114606e-39,3.372137885985804e-39,3.378280181060166e-39,3.3844224761346015e-39,3.3905647712089666e-39,3.39670706628335e-39,3.4028493613576635e-39,3.408991656432064e-39,3.415133951506395e-39,3.4212762465808136e-39,3.427418541655229e-39,3.4335608367295626e-39,3.439703131803945e-39,3.44584542687831e-39,3.4519877219526585e-39,3.458130017027004e-39,3.4642723121014154e-39,3.4704146071758014e-39,3.47655690225012e-39,3.482699197324533e-39,3.488841492398924e-39,3.494983787473317e-39,3.5011260825476836e-39,3.507268377622072e-39,3.5134106726964275e-39,3.5195529677708134e-39,3.52569526284515e-39,3.5318375579195684e-39,3.537979852993944e-39,3.5441221480683194e-39,3.5502644431426584e-39,3.5564067382170046e-39,3.562549033291454e-39,3.5686913283657726e-39,3.5748336234401624e-39,3.580975918514592e-39,3.587118213588969e-39,3.59326050866335e-39,3.599402803737697e-39,3.605545098812091e-39,3.611687393886467e-39,3.6178296889608524e-39,3.623971984035171e-39,3.630114279109533e-39,3.636256574183976e-39,3.642398869258381e-39,3.6485411643327026e-39,3.6546834594070886e-39,3.660825754481491e-39,3.6669680495558246e-39,3.673110344630206e-39,3.679252639704601e-39,3.685394934778992e-39,3.6915372298533757e-39,3.697679524927709e-39,3.703821820002113e-39,3.7099641150764344e-39,3.716106410150823e-39,3.7222487052252435e-39,3.7283910002996347e-39,3.734533295373979e-39,3.7406755904483394e-39,3.7468178855227064e-39,3.752960180597176e-39,3.759102475671462e-39,3.7652447707458545e-39,3.7713870658202157e-39,3.777529360894614e-39,3.783671655968975e-39,3.7898139510433814e-39,3.7959562461177576e-39,3.802098541192101e-39,3.808240836266473e-39,3.8143831313408365e-39,3.820525426415343e-39,3.826667721489655e-39,3.832810016564044e-39,3.838952311638395e-39,3.8450946067128374e-39,3.8512369017871405e-39,3.85737919686145e-39,3.8635214919358374e-39,3.8696637870102364e-39,3.8758060820846674e-39,3.881948377159033e-39,3.888090672233418e-39,3.8942329673077874e-39,3.900375262382199e-39,3.906517557456515e-39,3.912659852530894e-39,3.9188021476052465e-39,3.9249444426796494e-39,3.931086737754018e-39,3.937229032828373e-39,3.9433713279028314e-39,3.949513622977076e-39,3.955655918051585e-39,3.961798213125828e-39,3.967940508200192e-39,3.9740828032746444e-39,3.980225098348997e-39,3.986367393423408e-39,3.9925096884977867e-39,3.998651983572141e-39,4.004794278646553e-39,4.010936573720936e-39,4.017078868795285e-39,4.0232211638696656e-39,4.0293634589440796e-39,4.0355057540183905e-39,4.041648049092792e-39,4.047790344167174e-39,4.0539326392415236e-39,4.060074934315927e-39,4.066217229390228e-39,4.072359524464622e-39,4.0785018195389944e-39,4.084644114613397e-39,4.090786409687784e-39,4.096928704762132e-39,4.103070999836552e-39,4.109213294910925e-39,4.115355589985265e-39,4.121497885059636e-39,4.12764018013406e-39,4.133782475208383e-39,4.1399247702828155e-39,4.146067065357214e-39,4.152209360431571e-39,4.158351655505962e-39,4.16449395058029e-39,4.1706362456546246e-39,4.1767785407290386e-39,4.182920835803381e-39,4.189063130877846e-39,4.195205425952179e-39,4.2013477210265655e-39,4.2074900161009514e-39,4.213632311175284e-39,4.219774606249687e-39,4.225916901324079e-39,4.232059196398488e-39,4.238201491472837e-39,4.24434378654722e-39,4.250486081621618e-39,4.2566283766959373e-39,4.262770671770368e-39,4.2689129668448137e-39,4.275055261919114e-39,4.281197556993515e-39,4.287339852067827e-39,4.293482147142243e-39,4.2996244422165934e-39,4.30576673729096e-39,4.311909032365262e-39,4.318051327439671e-39,4.3241936225141705e-39,4.3303359175884286e-39,4.3364782126628315e-39,4.34262050773719e-39,4.348762802811616e-39,4.3549050978860246e-39,4.361047392960356e-39,4.367189688034726e-39,4.37333198310908e-39,4.3794742781834523e-39,4.385616573257904e-39,4.391758868332273e-39,4.3979011634065854e-39,4.404043458481011e-39,4.410185753555326e-39,4.41632804862975e-39,4.42247034370416e-39,4.428612638778415e-39,4.4347549338528784e-39,4.440897228927233e-39,4.447039524001563e-39,4.453181819075956e-39,4.4593241141503824e-39,4.465466409224711e-39,4.4716087042991857e-39,4.4777509993735175e-39,4.483893294447862e-39,4.4900355895223644e-39,4.4961778845967067e-39,4.5023201796710176e-39,4.508462474745363e-39,4.5146047698197784e-39,4.5207470648941e-39,4.5268893599684205e-39,4.5330316550428985e-39,4.539173950117223e-39,4.545316245191591e-39,4.551458540265982e-39,4.557600835340322e-39,4.563743130414768e-39,4.569885425489189e-39,4.57602772056351e-39,4.5821700156378354e-39,4.588312310712274e-39,4.594454605786635e-39,4.6005969008610285e-39,4.6067391959354086e-39,4.612881491009678e-39,4.6190237860841486e-39,4.6251660811585815e-39,4.631308376232968e-39,4.637450671307291e-39,4.6435929663816376e-39,4.649735261455987e-39,4.655877556530416e-39,4.662019851604743e-39,4.6681621466791873e-39,4.674304441753538e-39,4.680446736827911e-39,4.686589031902214e-39,4.6927313269766444e-39,4.6988736220510565e-39,4.7050159171254065e-39,4.7111582121998923e-39,4.717300507274108e-39,4.7234428023485214e-39,4.729585097422863e-39,4.735727392497277e-39,4.741869687571602e-39,4.748011982645991e-39,4.754154277720375e-39,4.7602965727947667e-39,4.766438867869248e-39,4.772581162943515e-39,4.778723458017892e-39,4.784865753092217e-39,4.791008048166722e-39,4.7971503432410844e-39,4.80329263831546e-39,4.809434933389871e-39,4.8155772284642514e-39,4.82171952353856e-39,4.827861818612927e-39,4.8340041136873434e-39,4.840146408761721e-39,4.846288703836127e-39,4.8524309989105554e-39,4.858573293984835e-39,4.864715589059235e-39,4.8708578841336135e-39,4.877000179207925e-39,4.88314247428231e-39,4.8892847693565965e-39,4.895427064431089e-39,4.901569359505422e-39,4.9077116545797974e-39,4.91385394965426e-39,4.919996244728636e-39,4.926138539803011e-39,4.9322808348773165e-39,4.938423129951684e-39,4.9445654250260773e-39,4.950707720100514e-39,4.956850015174821e-39,4.962992310249234e-39,4.969134605323651e-39,4.9752769003980254e-39,4.981419195472365e-39,4.987561490546812e-39,4.993703785621179e-39,4.999846080695491e-39,5.005988375769864e-39,5.0121306708441957e-39,5.018272965918635e-39,5.024415260992959e-39,5.0305575560673666e-39,5.0366998511416906e-39,5.0428421462161255e-39,5.048984441290491e-39,5.05512673636488e-39,5.061269031439187e-39,5.067411326513579e-39,5.073553621588045e-39,5.0796959166623486e-39,5.0858382117367685e-39,5.0919805068111075e-39,5.098122801885453e-39,5.104265096959765e-39,5.1104073920342145e-39,5.116549687108569e-39,5.1226919821829975e-39,5.128834277257378e-39,5.134976572331773e-39,5.141118867406102e-39,5.1472611624804976e-39,5.153403457554925e-39,5.159545752629345e-39,5.165688047703677e-39,5.171830342778022e-39,5.1779726378523406e-39,5.1841149329268166e-39,5.190257228001154e-39,5.196399523075543e-39,5.20254181814987e-39,5.20868411322427e-39,5.2148264082986584e-39,5.220968703373017e-39,5.227110998447396e-39,5.2332532935217275e-39,5.239395588596061e-39,5.245537883670619e-39,5.2516801787449526e-39,5.257822473819271e-39,5.2639647688936416e-39,5.2701070639679943e-39,5.2762493590424495e-39,5.282391654116779e-39,5.288533949191222e-39,5.294676244265562e-39,5.3008185393399457e-39,5.306960834414305e-39,5.3131031294886386e-39,5.319245424563136e-39,5.3253877196374575e-39,5.331530014711773e-39,5.337672309786182e-39,5.3438146048605815e-39,5.349956899934952e-39,5.3560991950093175e-39,5.3622414900836735e-39,5.368383785158054e-39,5.374526080232373e-39,5.3806683753067335e-39,5.3868106703811234e-39,5.392952965455537e-39,5.399095260529872e-39,5.405237555604264e-39,5.411379850678703e-39,5.417522145753092e-39,5.423664440827452e-39,5.4298067359018714e-39,5.4359490309762026e-39,5.442091326050569e-39,5.44823362112491e-39,5.454375916199318e-39,5.460518211273744e-39,5.4666605063480704e-39,5.472802801422415e-39,5.478945096496787e-39,5.485087391571298e-39,5.491229686645549e-39,5.497371981719975e-39,5.50351427679437e-39,5.509656571868688e-39,5.5157988669430994e-39,5.521941162017415e-39,5.528083457091784e-39,5.534225752166225e-39,5.5403680472406256e-39,5.5465103423149444e-39,5.5526526373893133e-39,5.5587949324637704e-39,5.564937227538151e-39,5.571079522612431e-39,5.5772218176869035e-39,5.5833641127612255e-39,5.589506407835564e-39,5.5956487029099394e-39,5.6017909979842986e-39,5.607933293058695e-39,5.614075588133166e-39,5.620217883207535e-39,5.626360178281855e-39,5.632502473356232e-39,5.6386447684306007e-39,5.644787063504951e-39,5.6509293585793824e-39,5.657071653653716e-39,5.663213948728157e-39,5.6693562438024744e-39,5.675498538876831e-39,5.6816408339512476e-39,5.6877831290255246e-39,5.693925424099999e-39,5.700067719174374e-39,5.706210014248738e-39,5.712352309322997e-39,5.71849460439748e-39,5.724636899471873e-39,5.7307791945462916e-39,5.736921489620685e-39,5.743063784694944e-39,5.749206079769414e-39,5.7553483748437317e-39,5.7614906699181104e-39,5.767632964992507e-39,5.7737752600669776e-39,5.779917555141245e-39,5.786059850215636e-39,5.792202145289994e-39,5.7983444403643466e-39,5.804486735438798e-39,5.8106290305131185e-39,5.816771325587527e-39,5.8229136206618807e-39,5.8290559157362497e-39,5.835198210810662e-39,5.841340505885052e-39,5.847482800959406e-39,5.8536250960338705e-39,5.8597673911081736e-39,5.865909686182525e-39,5.872051981256891e-39,5.878194276331388e-39,5.884336571405667e-39,5.890478866480098e-39,5.896621161554374e-39,5.90276345662877e-39,5.908905751703155e-39,5.915048046777535e-39,5.921190341851822e-39,5.927332636926266e-39,5.9334749320007e-39,5.939617227075002e-39,5.945759522149411e-39,5.951901817223767e-39,5.958044112298164e-39,5.964186407372573e-39,5.970328702446913e-39,5.976470997521335e-39,5.982613292595601e-39,5.988755587670054e-39,5.994897882744365e-39,6.001040177818784e-39,6.007182472893174e-39,6.013324767967432e-39,6.019467063041942e-39,6.025609358116319e-39,6.031751653190663e-39,6.037893948265094e-39,6.044036243339521e-39,6.050178538413793e-39,6.056320833488221e-39,6.062463128562555e-39,6.06860542363691e-39,6.074747718711296e-39,6.080890013785692e-39,6.087032308860149e-39,6.093174603934434e-39,6.099316899008878e-39,6.105459194083164e-39,6.111601489157612e-39,6.11774378423208e-39,6.123886079306308e-39,1.7107728678705955e-18,1.8811929329989353e-18,1.9413062017745076e-18,1.9955429686732277e-18,2.051632159410724e-18,2.1102605070422363e-18,2.171609188026726e-18,2.2358304975775266e-18,2.303083134291121e-18,2.3735354066970224e-18,2.447366162153659e-18,2.5247656062626794e-18,2.6059361808531633e-18,2.691093514064435e-18,2.7804674516411907e-18,2.874303181969506e-18,2.972862453863484e-18,3.0764249070080432e-18,3.1852895191266996e-18,3.2997761855549532e-18,3.4202274412433088e-18,3.5470103442553655e-18,3.680518532989941e-18,3.821174478794009e-18,3.969431953288476e-18,4.125778732050054e-18,4.290739566719047e-18,4.464879443195579e-18,4.648807172542474e-18,4.843179336524364e-18,5.048704641338598e-18,5.266148721619815e-18,5.4963394393655645e-18,5.740172752588589e-18,5.998619200210715e-18,6.272731101157284e-18,6.563650534273331e-18,6.87261820565455e-18,7.200983312147787e-18,7.550214528565561e-18,7.92191225414233e-18,8.317822298156281e-18,8.739851173133918e-18,9.190083225289733e-18,9.670799843099414e-18,1.0184501027004309e-17,1.073392965172946e-17,1.1322098793996553e-17,1.1952322565128992e-17,1.2628250952210817e-17,1.3353909258309007e-17,1.413374282538316e-17,1.4972667820290226e-17,1.5876129046232442e-17,1.685016583238437e-17,1.7901487304924278e-17,1.903755852687628e-17,2.0266699285806123e-17,2.159819761995037e-17,2.3042440556937323e-17,2.4611065017760818e-17,2.6317132390754262e-17,2.8175330960073685e-17,3.020221121228695e-17,3.2416460053100484e-17,3.483922116934594e-17,3.749447036343513e-17,4.0409456460009397e-17,4.3615220757180163e-17,4.71472108561765e-17,5.1046008212773215e-17,5.53581933225434e-17,6.013737782408352e-17,6.544544027636935e-17,7.135401078723484e-17,7.79462614685831e-17,8.53190740447756e-17,9.358567465319674e-17,1.0287885008827072e-16,1.1335489100055283e-16,1.251984486630229e-16,1.3862854560914351e-16,1.5390605171389731e-16,1.7134303177647335e-16,1.913144980408167e-16,2.1427327086982945e-16,2.4076888573111285e-16,2.714718000659412e-16,3.0720459663611423e-16,3.489824903754968e-16,3.9806630885830824e-16,4.560323384402154e-16,5.248651816287163e-16,6.070823122369063e-16,7.059027402943659e-16,8.254777254842914e-16,9.712097895941264e-16,1.1501989400037144e-15,1.3718746092245914e-15,1.6489025977035263e-15,1.9985055151361036e-15,2.4444153258819674e-15,3.0198096261021784e-15,3.771808968355566e-15,4.768504456310694e-15,6.110182920197818e-15,7.9476954554583e-15,1.0513329027231074e-14,1.4174254425066874e-14,1.9528176724100956e-14,2.7580992956381055e-14,4.009090268198414e-14,6.02674477291053e-14,9.427107257942975e-14,1.5463815215951443e-13,2.686938492274263e-13,5.010439840602075e-13,1.0199614512591578e-12,2.317149594955284e-12,6.03569474430554e-12,1.8538078749913113e-11,6.805493875161391e-11,2.885816293598393e-10,1.2682973076803728e-09,5.010205759126951e-09,1.6209632924211065e-08,4.231658748256931e-08,9.21956856878511e-08,1.754144522964807e-07,3.0147046890345446e-07,4.752562104805489e-07,6.891048992077911e-07,9.186101662388857e-07,1.1299077516506444e-06,1.2947320827855178e-06,1.400052802597742e-06,1.4472113612523065e-06,1.4459438254917465e-06,1.4088067063547028e-06,1.3477585650389163e-06,1.2726241261173922e-06,1.1907449471626106e-06,1.1072274834603582e-06,1.025404363490963e-06,9.473045124708527e-07,8.740480394644624e-07,8.061469849136101e-07,7.437214123235997e-07,6.866488833124656e-07,6.346650844832332e-07,5.874300966598721e-07,5.445711240001116e-07,5.057093737612302e-07,4.704764001195202e-07,4.3852352155602604e-07,4.095267371352952e-07,3.8318876096221263e-07,3.592392504381472e-07,3.374339397432199e-07,3.1755314548616044e-07,2.9939994930817994e-07,2.827982527824309e-07,2.6759082804953064e-07,2.5363743846609397e-07,2.408130724075215e-07,2.2900631199468963e-07,2.1811784469381566e-07,2.0805911812436736e-07,1.987511317340693e-07,1.901233573621665e-07,1.821127783510467e-07,1.7466303668057226e-07,1.6772367753737776e-07,1.612494811764797e-07,1.5519987261709325e-07,1.495384004297113e-07,1.4423227669267084e-07,1.3925197095684445e-07,1.3457085187262945e-07,1.3016487075523872e-07,1.260122820388362e-07,1.220933962654316e-07,1.1839036153707072e-07,1.1488697013914935e-07,1.1156848721716725e-07,1.0842149888285268e-07,1.0543377740594471e-07,1.0259416146197198e-07,9.989244964363521e-08,9.731930567401992e-08,9.486617392418589e-08,9.252520406461054e-08,9.028918376204096e-08,8.815147851368524e-08,8.610597778664048e-08,8.414704675741531e-08,8.226948302007299e-08,8.046847770468701e-08,7.873958051525296e-08,7.707866825629304e-08,7.548191648536686e-08,7.394577391355552e-08,7.246693931298676e-08,7.104234060591338e-08,6.966911596144888e-08,6.834459665997224e-08,6.706629153236296e-08,6.58318728533538e-08,6.463916348438104e-08,6.348612522230023e-08,6.237084811662402e-08,6.129154078031234e-08,6.024652152171515e-08,5.9234210247190724e-08,5.825312105002942e-08,5.730185541020718e-08,5.637909599108318e-08,5.548360090368073e-08,5.502913184578039e-08,5.417298728745778e-08,5.3341224804211944e-08,5.253280832358639e-08,5.1746829131337715e-08,5.098239464786355e-08,5.0238648661434513e-08,4.951477632699357e-08,4.881000372446579e-08,4.812359599424164e-08,4.7454855074269715e-08,4.680311753903956e-08,4.616775247004076e-08,4.554815953827084e-08,4.494376717902345e-08,4.435403091007257e-08,4.377843175253537e-08,4.3216474764062987e-08,4.2667687678031714e-08,4.213161962538063e-08,4.1607839941320767e-08,4.1095937057583724e-08,4.0595517459445073e-08,4.010620470720353e-08,3.962763854051304e-08,3.915947400287843e-08,3.870138065491362e-08,3.8253041817427295e-08,3.7814153869163e-08,3.738442557734841e-08,3.6963577488995886e-08,3.655134137786014e-08,3.614745950415748e-08,3.5751684380399175e-08,3.5363778106614264e-08,3.49835119405706e-08,3.4610665867329995e-08,3.4245028194052153e-08,3.388639515056104e-08,3.353457053178978e-08,3.318936534587871e-08,3.285059750216998e-08,3.2518091474877825e-08,3.219167803093067e-08,3.187119394602476e-08,3.155648173789465e-08,3.124738942025383e-08,3.094377026470603e-08,3.0645482577168166e-08,3.035238948686681e-08,3.0064358734017965e-08,2.9781262488990312e-08,2.950297716030743e-08,2.9229383234784413e-08,2.8960365093798337e-08,2.8695810865754023e-08,2.843561227773453e-08,2.817966450446464e-08,2.7927866042194477e-08,2.768011857234468e-08,2.743632683791949e-08,2.7196398530567934e-08,2.6960244167173145e-08,2.6727777002557918e-08,2.649891290850262e-08,2.6273570277724894e-08,2.605166993453918e-08,2.5833135046676806e-08,2.5617891038319807e-08,2.5405865505102326e-08,2.519698813867683e-08,2.4991190653117307e-08,2.478840670830231e-08,2.4588571846112416e-08,2.439162342061264e-08,2.4197500537390728e-08,2.4006143984403807e-08,2.381749620534661e-08,2.3631501198875126e-08,2.3448104486792934e-08,2.3267253073065324e-08,2.3088895375378425e-08,2.2912981189073952e-08,2.2739461642719247e-08,2.256828915844018e-08,2.2399417385692063e-08,2.2232801184989657e-08,2.2068396584735864e-08,2.190616074037841e-08,2.174605189835815e-08,2.158802936441538e-08,2.143205346854201e-08,2.1278085529217494e-08,2.112608783829261e-08,2.0976023609120463e-08,2.0827856958664435e-08,2.0681552893970592e-08,2.0537077249174774e-08,2.039439669968218e-08,2.02534787163178e-08,2.011429154461156e-08,1.9976804186198278e-08,1.9840986364727296e-08,1.9706808524717522e-08,1.95742417921152e-08,1.944325796411169e-08,1.9313829487831062e-08,1.91859294407789e-08,1.9059531517784345e-08,1.8934610001404326e-08,1.8811139759287706e-08,1.868909622045679e-08,1.856845536471596e-08,1.84491936994628e-08,1.833128825431712e-08,1.8214716557801878e-08,1.8099456631696703e-08,1.7985486973263522e-08,1.7872786544147718e-08,1.7761334757189526e-08,1.7651111465946716e-08,1.7542096953829816e-08,1.7434271907204632e-08,1.7327617434530207e-08,1.722211503281086e-08,1.7117746585733434e-08,1.7014494350646297e-08,1.691234095221508e-08,1.6811269362119122e-08,1.6711262910904083e-08,1.6612305261449122e-08,1.6514380409037756e-08,1.6417472666910457e-08,1.632156666450716e-08,1.6226647336021415e-08,1.613269991395753e-08,1.6039709921512266e-08,1.5947663165511694e-08,1.585654572990285e-08,1.5766343968784504e-08,1.5677044499761962e-08,1.5588634198641535e-08,1.5501100191134645e-08,1.5414429848538736e-08,1.5328610781784113e-08,1.5243630836103865e-08,1.5159478084133053e-08,1.5076140821482606e-08,1.4993607562755166e-08,1.4911867033718296e-08,1.4830908171502018e-08,1.4750720112928263e-08,1.4671292194737525e-08,1.4592613946948323e-08,1.4514675090438218e-08,1.4437465531404109e-08,1.4360975356455187e-08,1.4285194828787642e-08,1.4210114388043443e-08,1.4135724640336078e-08,1.4062016359066568e-08,1.3988980478883645e-08,1.3916608093664791e-08,1.3844890452603895e-08,1.3773818950058165e-08,1.3703385146383624e-08,1.3633580730491117e-08,1.3564397539469991e-08,1.3495827549702783e-08,1.3427862873349202e-08,1.3360495755934699e-08,1.3293718574606612e-08,1.3227523833552217e-08,1.3161904161587499e-08,1.3096852312674596e-08,1.3032361157358709e-08,1.2968423686440808e-08,1.2905033005752364e-08,1.2842182335530943e-08,1.2779864997759772e-08,1.271807443557521e-08,1.2656804191251734e-08,1.2596047910627573e-08,1.2535799343198779e-08,1.2476052338855197e-08,1.2416800844078174e-08,1.2358038905464482e-08,1.2299760658377263e-08,1.2241960332583899e-08,1.2184632248188995e-08,1.2127770814216913e-08,1.2071370526872898e-08,1.2015425967510642e-08,1.1959931800455435e-08,1.1904882775824592e-08,1.1850273717006133e-08,1.1796099532365667e-08,1.1742355208148862e-08,1.1689035801162243e-08,1.1636136447486855e-08,1.1583652355549387e-08,1.1531578805215842e-08,1.1479911146770644e-08,1.1428644799902391e-08,1.1377775252136958e-08,1.1327298059866998e-08,1.1277208837233935e-08,1.1227503272658938e-08,1.1178177112191214e-08,1.1129226164686534e-08,1.1080646299966946e-08,1.10324334475932e-08,1.0984583595823284e-08,1.0937092790137518e-08,1.088995713315803e-08,1.0843172782528376e-08,1.0796735950421058e-08,1.0750642905985011e-08,1.0704889965732311e-08,1.065947350115165e-08,1.0614389934403845e-08,1.0569635736146356e-08,1.052520742784159e-08,1.0481101579755645e-08,1.0437314805022487e-08,1.0393843768626798e-08,1.035068517872752e-08,1.0307835789631236e-08,1.0265292398070866e-08,1.02230518509049e-08,1.0181111027430473e-08,1.0139466858333955e-08,1.0098116310112496e-08,1.0057056391946945e-08,1.0016284151935588e-08,9.975796678513892e-09,9.935591098510078e-09,9.895664576842393e-09,9.856014316470508e-09,9.816637556422367e-09,9.77753157202163e-09,9.738693674361512e-09,9.700121209599568e-09,9.661811558387202e-09,9.623762135307315e-09,9.585970388197924e-09,9.548433798197868e-09,9.511149878017349e-09,9.474116173488337e-09,9.437330260062542e-09,9.400789744105825e-09,9.364492265386126e-09,9.328435489572312e-09,9.29261711381685e-09,9.25703486386167e-09,9.221686493119127e-09,9.186569784793075e-09,9.151682548092772e-09,9.11702261959654e-09,9.082587863770307e-09,9.048376171059574e-09,9.014385456471712e-09,8.980613661749256e-09,8.947058753229874e-09,8.913718721710567e-09,8.880591583825111e-09,8.847675380083097e-09,8.814968174712347e-09,8.782468054424597e-09,8.75017312852092e-09,8.71808152752773e-09,8.686191408193243e-09,8.65450094869173e-09,8.623008346500168e-09,8.591711821607193e-09,8.560609613600597e-09,8.529699984719534e-09,8.498981216880792e-09,8.468451612106101e-09,8.438109492122562e-09,8.407953197863229e-09,8.377981091084521e-09,8.34819155111267e-09,8.318582975592576e-09,8.289153781531735e-09,8.259902403812983e-09,8.230827295228821e-09,8.201926926228874e-09,8.173199784669029e-09,8.144644375565841e-09,8.116259220190823e-09,8.088042857710992e-09,8.059993842815974e-09,8.032110749311382e-09,8.004392161632831e-09,7.976836682828497e-09,7.949442932734233e-09,7.922209545604218e-09,7.895135168408987e-09,7.868218467769974e-09,7.841458120909562e-09,7.814852822406816e-09,7.78840127806921e-09,7.762102209599662e-09,7.735954352831755e-09,7.709956458655333e-09,7.684107288864542e-09,7.658405619847418e-09,7.632850241614465e-09,7.60743995538851e-09,7.582173577309659e-09,7.557049935147608e-09,7.53206786967331e-09,7.507226233752597e-09,7.482523892857749e-09,7.45795972363484e-09,7.433532614599136e-09,7.409241466993154e-09,7.38508519284635e-09,7.361062715921762e-09,7.337172970901021e-09,7.313414903479731e-09,7.289787471707896e-09,7.2662896418394026e-09,7.242920394063421e-09,7.219678716652421e-09,7.196563608978078e-09,7.1735740810410346e-09,7.150709152436989e-09,7.1279678526776456e-09,7.1053492219193625e-09,7.082852309732686e-09,7.060476175184015e-09,7.038219887169609e-09,7.01608252388253e-09,6.994063172732561e-09,6.97216093021127e-09,6.9503749025646096e-09,6.9287042032644885e-09,6.9071479565666215e-09,6.885705294354561e-09,6.864375357526813e-09,6.843157295335419e-09,6.8220502655568496e-09,6.8010534341630825e-09,6.780165975317082e-09,6.759387072760161e-09,6.73871591385518e-09,6.718151698435301e-09,6.697693632775614e-09,6.677340930413408e-09,6.657092812742457e-09,6.636948508714479e-09,6.616907254669822e-09,6.596968294340725e-09,6.577130878718942e-09,6.557394265975276e-09,6.5377577213839614e-09,6.5182205171046814e-09,6.4987819325470896e-09,6.4794412537010514e-09,6.460197772756533e-09,6.441050790568658e-09,6.421999612416265e-09,6.403043550822175e-09,6.384181924837243e-09,6.365414060684482e-09,6.346739289727693e-09,6.328156949752754e-09,6.309666385371435e-09,6.291266946543624e-09,6.272957989572857e-09,6.2547388770637076e-09,6.236608976836459e-09,6.218567662757006e-09,6.200614314759574e-09,6.182748318037853e-09,6.1649690639090455e-09,6.1472759482245385e-09,6.129668373616134e-09,6.11214574754617e-09,6.094707482651834e-09,6.077352997347527e-09,6.060081714710658e-09,6.042893063482279e-09,6.025786477706741e-09,6.008761395752951e-09,5.991817261743769e-09,5.974953524374816e-09,5.958169638257745e-09,5.9414650603014685e-09,5.924839254669466e-09,5.908291689457651e-09,5.891821837399169e-09,5.875429175882126e-09,5.859113187400248e-09,5.842873358400868e-09,5.826709179577185e-09,5.810620147691452e-09,5.7946057610268346e-09,5.77866552390195e-09,5.762798946455333e-09,5.747005540820775e-09,5.7312848244709506e-09,5.715636318306476e-09,5.700059546277589e-09,5.6845540401970654e-09,5.66911933304802e-09,5.653754961822909e-09,5.638460467102968e-09,5.623235395119914e-09,5.608079295039491e-09,5.592991720044833e-09,5.577972226628924e-09,5.563020375412792e-09,5.548135731033883e-09,5.533317860971955e-09,5.518566336540748e-09,5.5038807341106025e-09,5.4892606318582325e-09,5.474705611886352e-09,5.460215260060146e-09,5.4457891654462705e-09,5.431426920298189e-09,5.417128121182748e-09,5.402892367303428e-09,5.388719261236204e-09,5.374608408846073e-09,5.360559418889665e-09,5.346571904419887e-09,5.332645480581991e-09,5.318779766312377e-09,5.3049743824024714e-09,5.2912289550106195e-09,5.277543112151002e-09,5.263916483256848e-09,5.250348703067231e-09,5.236839408426871e-09,5.223388239131068e-09,5.209994837185904e-09,5.196658848849992e-09,5.183379922525188e-09,5.1701577094316514e-09,5.156991863579561e-09,5.143882041721957e-09,5.130827903352343e-09,5.117829110684136e-09,5.104885328572166e-09,5.091996224560139e-09,5.07916146959008e-09,5.066380735615802e-09,5.05365369797215e-09,5.0409800345224644e-09,5.028359425679094e-09,5.015791554345544e-09,5.003276105900058e-09,4.990812766581627e-09,4.978401229811076e-09,4.966041186833053e-09,4.953732332372467e-09,4.941474363976372e-09,4.929266980601791e-09,4.917109885630012e-09,4.905002783141997e-09,4.892945379492488e-09,4.880937383532332e-09,4.86897850642072e-09,4.8570684613935274e-09,4.845206963921919e-09,4.833393731580315e-09,4.821628484412007e-09,4.809910943821953e-09,4.798240834497769e-09,4.786617882308423e-09,4.7750418153278725e-09,4.763512363808555e-09,4.7520292600097005e-09,4.740592238184196e-09,4.729201034735378e-09,4.7178553874436165e-09,4.70655503622007e-09,4.695299724334172e-09,4.6840891951744e-09,4.672923194472978e-09,4.6618014702126176e-09,4.650723772240291e-09,4.639689851900481e-09,4.6286994619553644e-09,4.617752358617717e-09,4.606848298376133e-09,4.5959870399815824e-09,4.585168343996442e-09,4.574391973076323e-09,4.563657690232606e-09,4.55296526160448e-09,4.542314454727902e-09,4.531705038423975e-09,4.521136783850405e-09,4.5106094617368775e-09,4.500122849254935e-09,4.4896767203621165e-09,4.479270852296898e-09,4.468905024382003e-09,4.458579016941809e-09,4.4482926119964955e-09,4.438045593162975e-09,4.427837745373081e-09,4.417668855612361e-09,4.407538711866522e-09,4.397447104118161e-09,4.387393823267259e-09,4.377378662173663e-09,4.36740141495886e-09,4.3574618772724986e-09,4.34755984641624e-09,4.337695120180561e-09,4.327867499063611e-09,4.3180767842759945e-09,4.30832277807262e-09,4.2986052845694156e-09,4.288924109218419e-09,4.279279058770253e-09,4.269669941312846e-09,4.26009656626877e-09,4.250558744375682e-09,4.241056287602523e-09,4.2315890093702995e-09,4.222156724324781e-09,4.2127592484016526e-09,4.203396398704236e-09,4.194067993651425e-09,4.184773852822631e-09,4.175513797326251e-09,4.166287649005933e-09,4.157095231332674e-09,4.14793636856716e-09,4.138810886902845e-09,4.129718613018288e-09,4.1206593749333924e-09,4.111633001916084e-09,4.1026393243489816e-09,4.093678173753167e-09,4.084749382856321e-09,4.0758527853406736e-09,4.066988216404761e-09,4.058155511405202e-09,4.049354507985021e-09,4.040585043871078e-09,4.031846957808343e-09,4.023140091417943e-09,4.014464286651232e-09,4.005819383797531e-09,3.997205227154618e-09,3.988621661824519e-09,3.980068532772243e-09,3.971545686601259e-09,3.963052970983102e-09,3.954590234441012e-09,3.946157326507957e-09,3.937754097740895e-09,3.9293803996513885e-09,3.921036084714109e-09,3.912721006372236e-09,3.904435019021366e-09,3.896177977991349e-09,3.887949739560366e-09,3.879750160850534e-09,3.8715791001596315e-09,3.863436416445636e-09,3.855321969661868e-09,3.847235620660653e-09,3.8391772311920684e-09,3.831146663882e-09,3.823143782247141e-09,3.815168450501552e-09,3.807220533590627e-09,3.799299898893748e-09,3.7914064125777605e-09,3.78353994157452e-09,3.77570035613601e-09,3.767887525032745e-09,3.760101318552659e-09,3.752341607821486e-09,3.744608264786333e-09,3.736901162153974e-09,3.729220173505166e-09,3.721565173164372e-09,3.7139360362716528e-09,3.70633263870969e-09,3.6987548571739805e-09,3.6912025691176377e-09,3.683675652757671e-09,3.676173987072395e-09,3.6686974517829522e-09,3.6612459273701813e-09,3.6538192950448815e-09,3.6464174367563006e-09,3.6390402351832732e-09,3.6316875737150233e-09,3.6243593364845155e-09,3.6170554083358697e-09,3.609775674786114e-09,3.6025200221061087e-09,3.595288337216095e-09,3.588080507752326e-09,3.5808964220323994e-09,3.57373596895782e-09,3.5665990383906497e-09,3.559485520612522e-09,3.552395306581001e-09,3.5453282879990727e-09,3.5382843571900475e-09,3.5312634071327055e-09,3.5242653314519695e-09,3.5172900244141187e-09,3.510337380921761e-09,3.503407296509597e-09,3.496499667334925e-09,3.4896143901851113e-09,3.482751362463143e-09,3.4759104821834958e-09,3.469091647953075e-09,3.462294758891173e-09,3.455519714935235e-09,3.448766416490824e-09,3.442034764772843e-09,3.435324661201308e-09,3.4286360087704366e-09,3.421968708766774e-09,3.415322665123968e-09,3.4086977817893026e-09,3.4020939631714924e-09,3.395511114600627e-09,3.3889491414697584e-09,3.3824079499232487e-09,3.3758874465899914e-09,3.3693875388165435e-09,3.3629081343404455e-09,3.3564491414053218e-09,3.3500104689466197e-09,3.3435920271082314e-09,3.337193724479273e-09,3.330815472130655e-09,3.324457180596521e-09,3.3181187616487504e-09,3.3118001274075904e-09,3.3055011897499242e-09,3.29922186274041e-09,3.292962059038723e-09,3.2867216928411725e-09,3.2805006786193406e-09,3.2742989313477607e-09,3.268116366864281e-09,3.261952900321596e-09,3.25580844861409e-09,3.249682928152453e-09,3.243576256982156e-09,3.237488352311315e-09,3.231419133130721e-09,3.2253685178488664e-09,3.2193364256682596e-09,3.2133227762789125e-09,3.2073274898124808e-09,3.2013504868327323e-09,3.195391688407011e-09,3.189451015992085e-09,3.183528391468522e-09,3.1776237372289157e-09,3.1717369765216284e-09,3.1658680313758504e-09,3.160016826532689e-09,3.154183285689152e-09,3.148367333186158e-09,3.1425688939610318e-09,3.1367878935553945e-09,3.1310242575954916e-09,3.1252779125177986e-09,3.1195487844160294e-09,3.113836800513513e-09,3.108141888150306e-09,3.102463975048632e-09,3.0968029894764006e-09,3.0911588599929315e-09,3.0855315154919247e-09,3.0799208853543377e-09,3.0743268993155187e-09,3.0687494874952e-09,3.0631885803948653e-09,3.0576441088944753e-09,3.0521160042511074e-09,3.0466041981167446e-09,3.0411086223043123e-09,3.035629209538386e-09,3.0301658923827142e-09,3.024718603932197e-09,3.0192872778313894e-09,3.0138718477215436e-09,3.008472247555655e-09,3.003088412076238e-09,2.9977202762524486e-09,2.992367775592574e-09,2.9870308448918e-09,2.9817094205723436e-09,2.976403438734583e-09,2.9711128362553827e-09,2.9658375499434244e-09,2.960577517186686e-09,2.955332675353545e-09,2.9501029625544958e-09,2.94488831711696e-09,2.9396886776172704e-09,2.9345039829566385e-09,2.9293341724302674e-09,2.9241791857353463e-09,2.9190389626376612e-09,2.9139134433483046e-09,2.908802568398023e-09,2.9037062785380808e-09,2.8986245153614225e-09,2.8935572194378478e-09,2.8885043330511377e-09,2.8834657984407088e-09,2.8784415578271543e-09,2.8734315538824948e-09,2.8684357295839566e-09,2.8634540282866455e-09,2.858486393404347e-09,2.8535327688828896e-09,2.8485930988943082e-09,2.8436673278588122e-09,2.8387554004912837e-09,2.8338572618168867e-09,2.828972857133535e-09,2.824102132025605e-09,2.8192450323534795e-09,2.8144015042480317e-09,2.809571494126281e-09,2.80475494867308e-09,2.799951814872385e-09,2.795162039950147e-09,2.7903855714114437e-09,2.785622357032129e-09,2.7808723448502966e-09,2.776135483170262e-09,2.7714117204509097e-09,2.766701005637712e-09,2.762003287803265e-09,2.757318516306653e-09,2.752646640730675e-09,2.747987610961211e-09,2.7433413772226275e-09,2.738707889757951e-09,2.734087099163637e-09,2.7294789563229835e-09,2.7248834124209772e-09,2.720300418452337e-09,2.7157299264786586e-09,2.711171888232083e-09,2.706626255715118e-09,2.7020929812206433e-09,2.6975720173448608e-09,2.693063316849365e-09,2.688566832973248e-09,2.6840825188574615e-09,2.6796103283414702e-09,2.675150214273524e-09,2.6707021307482755e-09,2.6662660326651214e-09,2.661841874148725e-09,2.6574296098943663e-09,2.6530291944725654e-09,2.6486405830283204e-09,2.6442637311553844e-09,2.6398985940800296e-09,2.635545127991886e-09,2.6312032882796283e-09,2.626873031391545e-09,2.6225543137846948e-09,2.618247091912845e-09,2.6139513226679583e-09,2.6096669630574012e-09,2.605393970345606e-09,1.3970970400176211e-09,1.2724453738920363e-09,1.3425980885675542e-09,1.4422596739493636e-09,1.543724174503785e-09,1.6423612065101417e-09,1.7373578365880365e-09,1.8285495945919316e-09,1.9158996090551836e-09,1.999411541707284e-09,2.0791134400973206e-09,2.1550531475205258e-09,2.227295603218649e-09,2.295920488522538e-09,2.3610199971254355e-09,2.4226967178801915e-09,2.4810616466581442e-09,2.5362323415430046e-09,2.588331235266563e-09,2.637484103744944e-09,2.6838186999365655e-09,2.7274635432457435e-09,2.768546863295527e-09,2.8071956896420575e-09,2.8435350766449756e-09,2.8776874560802013e-09,2.909772104786795e-09,2.9399047169543513e-09,2.968197070958319e-09,2.9947567791116517e-09,3.0196871108721595e-09,3.043086880067296e-09,3.0650503871019605e-09,3.0856674082642008e-09,3.1050232245392694e-09,3.1231986837807167e-09,3.1402702892694285e-09,3.1563103108151982e-09,3.1713869126687235e-09,3.185564294798698e-09,3.198902843446931e-09,3.2114592887175714e-09,3.223286866167283e-09,3.2344354802276943e-09,3.2449518678875696e-09,3.2548797608621153e-09,3.2642600452615203e-09,3.2731309177943785e-09,3.281528037512605e-09,3.2894846725561118e-09,3.2970318416941346e-09,3.30419845004303e-09,3.3110114192585937e-09,3.317495810975277e-09,3.3236749451202964e-09,3.3295705117118748e-09,3.335202676714493e-09,3.3405901824987264e-09,3.3457504421032612e-09,3.35069962854389e-09,3.3554527587269036e-09,3.360023772007554e-09,3.3644256043191194e-09,3.368670257429243e-09,3.3727688639045005e-09,3.376731747866394e-09,3.380568481801705e-09,3.384287939659487e-09,3.3878983463991407e-09,3.391407324232111e-09,3.3948219357274103e-09,3.3981487239856606e-09,3.401393750062288e-09,3.4045626277927968e-09,3.4076605561859333e-09,3.4106923496887053e-09,3.413662466035333e-09,3.4165750324313144e-09,3.419433869726421e-09,3.4222425148962783e-09,3.425004241922721e-09,3.4277220812633132e-09,3.430398837505849e-09,3.433037106550509e-09,3.435639290582796e-09,3.4382076131096054e-09,3.4407441314945245e-09,3.443250749654781e-09,3.4457292296180096e-09,3.448181201950097e-09,3.4506081756117974e-09,3.4530115470820343e-09,3.4553926087734175e-09,3.4577525567333945e-09,3.4600924981112912e-09,3.4624134575852968e-09,3.464716383779679e-09,3.4670021547900867e-09,3.469271583663961e-09,3.4715254232369287e-09,3.473764370676318e-09,3.475989071674447e-09,3.478200124382072e-09,3.480398082960837e-09,3.4825834609519963e-09,3.4847567343441367e-09,3.4869183443680214e-09,3.4890687002132284e-09,3.4912081814681655e-09,3.493337140193592e-09,3.495455903263219e-09,3.4975647741173734e-09,3.4996640345950576e-09,3.5017539465300123e-09,3.50383475342462e-09,3.5059066816174723e-09,3.507969941754753e-09,3.51002472995129e-09,3.512071228807954e-09,3.5141096085870673e-09,3.5161400280625773e-09,3.518162635342475e-09,3.520177569059536e-09,3.5221849583792216e-09,3.5241849243265625e-09,3.5261775802516584e-09,3.5281630322621624e-09,3.5301413799842827e-09,3.5321127168941893e-09,3.5340771308097177e-09,3.536034704580473e-09,3.5379855159613428e-09,3.539929638288743e-09,3.5418671410660583e-09,3.5437980897824743e-09,3.5457225464871674e-09,3.547640570000951e-09,3.549552216034976e-09,3.551457537716645e-09,3.553356585724056e-09,3.555249408038063e-09,3.557136050583287e-09,3.5590165572034624e-09,3.5608909700496566e-09,3.5627593293471497e-09,3.5646216737828374e-09,3.56647804052311e-09,3.5683284654075286e-09,3.570172982957826e-09,3.572011626517869e-09,3.573844428330792e-09,3.575671419618592e-09,3.5774926306548782e-09,3.5793080908451582e-09,3.5811178287534332e-09,3.582921872193677e-09,3.5847202482729078e-09,3.5865129834384826e-09,3.588300103514996e-09,3.590081633773775e-09,3.591857598949182e-09,3.593628023262218e-09,3.5953929304839312e-09,3.5971523439452295e-09,3.598906286570063e-09,3.6006547809011237e-09,3.602397849124081e-09,3.604135513064656e-09,3.605867794280313e-09,3.607594714008619e-09,3.609316293207504e-09,3.6110325525943164e-09,3.6127435125918726e-09,3.6144491934106365e-09,3.6161496150387536e-09,3.617844797104198e-09,3.619534759343193e-09,3.6212195214062066e-09,3.6228991020821928e-09,3.6245735205620874e-09,3.626242795678133e-09,3.627906946152814e-09,3.629565990567715e-09,3.6312199472813495e-09,3.6328688346340743e-09,3.6345126707587502e-09,3.636151473626306e-09,3.6377852611858504e-09,3.639414051170425e-09,3.6410378612529715e-09,3.6426567089554875e-09,3.6442706117056728e-09,3.6458795868364497e-09,3.647483651598029e-09,3.6490828230038573e-09,3.650677118270158e-09,3.6522665542454098e-09,3.653851147753135e-09,3.65543091555741e-09,3.657005874264182e-09,3.6585760406863694e-09,3.6601414309860565e-09,3.661702061736861e-09,3.6632579492062414e-09,3.6648091095820656e-09,3.666355559195887e-09,3.6678973140446964e-09,3.6694343901331717e-09,3.6709668034665787e-09,3.6724945697776744e-09,3.674017704901281e-09,3.6755362245818043e-09,3.677050144427515e-09,3.6785594800229025e-09,3.680064246877871e-09,3.6815644604111674e-09,3.68306013598202e-09,3.684551288916707e-09,3.686037934377299e-09,3.6875200875477795e-09,3.6889977635140232e-09,3.690470977373203e-09,3.6919397440232006e-09,3.6934040784367077e-09,3.6948639953049835e-09,3.696319509474425e-09,3.6977706356352703e-09,3.6992173884580767e-09,3.700659782646132e-09,3.7020978325158437e-09,3.703531552609893e-09,3.7049609573064143e-09,3.706386061052737e-09,3.7078068780512857e-09,3.7092234225129467e-09,3.7106357085494607e-09,3.7120437504058867e-09,3.713447562070186e-09,3.714847157522992e-09,3.716242550548411e-09,3.7176337551362838e-09,3.7190207853458388e-09,3.720403654743292e-09,3.721782376943066e-09,3.7231569656788545e-09,3.7245274345426614e-09,3.725893797206933e-09,3.72725606710127e-09,3.7286142575397076e-09,3.729968381967618e-09,3.731318453730439e-09,3.732664486058568e-09,3.7340064922043316e-09,3.735344485305456e-09,3.7366784784863466e-09,3.738008484773574e-09,3.739334517258601e-09,3.740656588834995e-09,3.741974712550983e-09,3.743288901095776e-09,3.744599167233834e-09,3.745905523812128e-09,3.7472079835159875e-09,3.748506559014221e-09,3.749801262910505e-09,3.751092107724296e-09,3.752379105993838e-09,3.753662270206415e-09,3.7549416127161474e-09,3.756217145909657e-09,3.757488882086234e-09,3.758756833509957e-09,3.760021012436724e-09,3.761281430958311e-09,3.762538101243096e-09,3.763791035418595e-09,3.765040245456113e-09,3.766285743333872e-09,3.767527540950123e-09,3.768765650115066e-09,3.7700000828970425e-09,3.7712308509840756e-09,3.772457966249448e-09,3.773681440182634e-09,3.774901284545891e-09,3.776117510908264e-09,3.7773301309351204e-09,3.778539156125974e-09,3.779744597941628e-09,3.780946467834372e-09,3.782144777204523e-09,3.783339537412371e-09,3.7845307596570456e-09,3.78571845542453e-09,3.78690263583373e-09,3.788083312090724e-09,3.789260495271065e-09,3.790434196546439e-09,3.791604426943165e-09,3.792771197490403e-09,3.793934519154202e-09,3.79509440287323e-09,3.796250859595252e-09,3.797403900062334e-09,3.798553535140723e-09,3.7996997755975205e-09,3.800842632167335e-09,3.801982115527362e-09,3.803118236363933e-09,3.80425100528511e-09,3.805380432799189e-09,3.806506529536703e-09,3.807629305968293e-09,3.8087487724966364e-09,3.8098649395564525e-09,3.810977817528605e-09,3.812087416767366e-09,3.813193747561657e-09,3.814296820149994e-09,3.815396644783865e-09,3.816493231651339e-09,3.817586590846529e-09,3.818676732581306e-09,3.8197636668892434e-09,3.820847403836746e-09,3.821927953402678e-09,3.823005325525494e-09,3.824079530061524e-09,3.825150577160323e-09,3.8262184764531565e-09,3.827283237897364e-09,3.8283448711424605e-09,3.829403386007375e-09,3.830458792206762e-09,3.831511099419837e-09,3.8325603172905455e-09,3.8336064553918876e-09,3.83464952337549e-09,3.8356895307245285e-09,3.836726486985497e-09,3.837760401593263e-09,3.838791284004276e-09,3.839819143621982e-09,3.8408439898147566e-09,3.841865831917603e-09,3.84288467933981e-09,3.843900540999676e-09,3.844913426530884e-09,3.845923344956023e-09,3.846930305555676e-09,3.847934317364838e-09,3.848935389433762e-09,3.84993353092327e-09,3.850928750871116e-09,3.851921058198573e-09,3.852910462033065e-09,3.853896971228015e-09,3.854880594719614e-09,3.8558613414209215e-09,3.856839220150289e-09,3.857814239720901e-09,3.858786408858941e-09,3.859755736370216e-09,3.860722230967661e-09,3.861685901375256e-09,3.862646756247866e-09,3.863604804208372e-09,3.864560053865673e-09,3.865512513792553e-09,3.866462192531317e-09,3.86740909859461e-09,3.8683532404651995e-09,3.8692946265960655e-09,3.87023326540581e-09,3.8711691653661534e-09,3.87210233470566e-09,3.8730327818912014e-09,3.873960515102852e-09,3.874885542659899e-09,3.875807872827805e-09,3.876727513826022e-09,3.877644473846728e-09,3.878558761052922e-09,3.879470383557867e-09,3.880379349490439e-09,3.881285666929384e-09,3.882189343948287e-09,3.883090388545836e-09,3.8839888087170576e-09,3.884884612425558e-09,3.885777807615139e-09,3.886668402198483e-09,3.887556404039041e-09,3.888441821017587e-09,3.889324660965355e-09,3.890204931686675e-09,3.891082640959058e-09,3.8919577965331644e-09,3.892830406131831e-09,3.893700477454789e-09,3.8945680181736295e-09,3.895433035933635e-09,3.896295538375424e-09,3.897155533069807e-09,3.898013027583935e-09,3.898868029459317e-09,3.899720546211765e-09,3.9005705853317014e-09,3.901418154282077e-09,3.902263260504173e-09,3.903105911412516e-09,3.9039461143828394e-09,3.904783876802031e-09,3.905619206001676e-09,3.9064521092876655e-09,3.90728259396085e-09,3.90811066728038e-09,3.908936336486282e-09,3.909759608794858e-09,3.910580491397114e-09,3.9113989914606465e-09,3.912215116128339e-09,3.913028872519431e-09,3.913840267729061e-09,3.9146493088284256e-09,3.915456002860508e-09,3.916260356861303e-09,3.9170623778305004e-09,3.917862072753316e-09,3.918659448536566e-09,3.919454512091717e-09,3.920247270498985e-09,3.921037730448848e-09,3.9218258989240045e-09,3.922611782639265e-09,3.923395388520843e-09,3.924176723306238e-09,3.924955793759917e-09,3.925732606679354e-09,3.926507168762293e-09,3.927279486708836e-09,3.928049567202146e-09,3.92881741691132e-09,3.929583042561618e-09,3.930346450718134e-09,3.931107647716248e-09,3.93186664034346e-09,3.93262343524812e-09,3.933378038769627e-09,3.934130457574467e-09,3.934880697983738e-09,3.935628766536169e-09,3.936374669676308e-09,3.937118413888942e-09,3.937860005312276e-09,3.93859945071887e-09,3.9393367562441205e-09,3.9400719281089015e-09,3.9408049728394165e-09,3.94153589656775e-09,3.942264705770686e-09,3.942991406588383e-09,3.943716005140544e-09,3.944438507868486e-09,3.945158920853906e-09,3.945877250251212e-09,3.9465935022310765e-09,3.947307682930331e-09,3.948019798452385e-09,3.948729854870787e-09,3.9494378583869076e-09,3.950143814833085e-09,3.950847730340256e-09,3.951549610874774e-09,3.9522494624781425e-09,3.952947291187636e-09,3.9536431030736515e-09,3.954336903699753e-09,3.955028699195771e-09,3.955718495504018e-09,3.956406298556397e-09,3.9570921139173335e-09,3.95777594761719e-09,3.958457805456977e-09,3.959137693236952e-09,3.959815616749898e-09,3.960491581926098e-09,3.96116559412763e-09,3.961837659352772e-09,3.9625077832578825e-09,3.963175971513578e-09,3.963842229812674e-09,3.96450656375794e-09,3.965168979070478e-09,3.965829481333677e-09,3.9664880761333e-09,3.967144769105504e-09,3.967799565670896e-09,3.968452471534899e-09,3.96910349216205e-09,3.969752633082697e-09,3.970399899799996e-09,3.971045297654564e-09,3.971688832266892e-09,3.9723305090198655e-09,3.972970333285044e-09,3.973608310574808e-09,3.974244446220924e-09,3.974878745594746e-09,3.975511214046981e-09,3.976141856921467e-09,3.976770679758177e-09,3.977397687493611e-09,3.978022885452865e-09,3.978646279009501e-09,3.979267873416022e-09,3.979887673908165e-09,3.9805056857053006e-09,3.9811219140101146e-09,3.9817363640087644e-09,3.98234904087104e-09,3.982959949750341e-09,3.983569095783655e-09,3.984176484091799e-09,3.984782119779499e-09,3.985386008183865e-09,3.985988154124892e-09,3.986588562664391e-09,3.987187238837788e-09,3.987784187676223e-09,3.9883794141844775e-09,3.9889729233575e-09,3.989564720169799e-09,3.9901548095750095e-09,3.9907431965351745e-09,3.991329885968184e-09,3.9919148827993016e-09,3.99249819192149e-09,3.9930798182176144e-09,3.9936597665616266e-09,3.994238041798613e-09,3.99481464877109e-09,3.995389592304091e-09,3.995962877203769e-09,3.996534508264536e-09,3.997104490264083e-09,3.997672827958532e-09,3.998239526102102e-09,3.9988045894282435e-09,3.999368022315694e-09,3.9999298297590635e-09,4.000490016535516e-09,4.001048587313292e-09,4.001605546709333e-09,4.002160899364268e-09,4.002714649900635e-09,4.003266803291836e-09,4.003817363790286e-09,4.004366335886567e-09,4.004913724257534e-09,4.005459533464994e-09,4.0060037680525865e-09,4.006546432554207e-09,4.007087531436129e-09,4.0076270692562514e-09,4.008165050503443e-09,4.008701479770692e-09,4.009236361390417e-09,4.009769699712193e-09,4.010301499277447e-09,4.010831764505296e-09,4.0113604998015e-09,4.011887709556573e-09,4.0124133981681614e-09,4.012937569976575e-09,4.013460229370898e-09,4.013981380823785e-09,4.014501028456723e-09,4.01501917659327e-09,4.015535829530033e-09,4.016050991508328e-09,4.0165646668587894e-09,4.017076859954106e-09,4.017587574848717e-09,4.018096815892797e-09,4.018604587273154e-09,4.0191108932073385e-09,4.019615737889199e-09,4.020119125494251e-09,4.0206210602501335e-09,4.021121546209358e-09,4.02162058756684e-09,4.02211818844103e-09,4.022614352896927e-09,4.023109085136488e-09,4.023602389207297e-09,4.0240942692202575e-09,4.024584729227492e-09,4.025073773262726e-09,4.025561405386267e-09,4.026047629625958e-09,4.026532449980947e-09,4.0270158704848776e-09,4.027497895129557e-09,4.027978527874746e-09,4.028457772696547e-09,4.028935633508185e-09,4.029412114435681e-09,4.029887219171593e-09,4.030360951718261e-09,4.030833316146849e-09,4.0313043160963715e-09,4.03177395556845e-09,4.03224223842305e-09,4.0327091685407095e-09,4.0331747499543304e-09,4.033638986115527e-09,4.03410188105345e-09,4.034563438564767e-09,4.035023662629955e-09,4.035482556636003e-09,4.035940124672071e-09,4.036396370423104e-09,4.0368512976742235e-09,4.037304910172918e-09,4.037757211440792e-09,4.038208205587817e-09,4.038657896133123e-09,4.03910628677588e-09,4.0395533812028335e-09,4.039999183108703e-09,4.040443696153186e-09,4.040886923979774e-09,4.041328870394148e-09,4.0417695387326445e-09,4.0422089327585496e-09,4.042647055955322e-09,4.0430839122067205e-09,4.043519504956056e-09,4.043953837787887e-09,4.044386914257283e-09,4.044818737938416e-09,4.045249312185653e-09,4.045678640911856e-09,4.046106727450517e-09,4.046533575297214e-09,4.046959187813338e-09,4.047383568907279e-09,4.047806721819367e-09,4.04822864996144e-09,4.0486493568601234e-09,4.049068845955543e-09,4.0494871206782706e-09,4.049904184496662e-09,4.050320040819789e-09,4.050734693040822e-09,4.051148144608791e-09,4.051560398854378e-09,4.051971459172353e-09,4.052381328973259e-09,4.05279001158674e-09,4.05319751025309e-09,4.053603828542628e-09,4.054008969630383e-09,4.054412936927464e-09,4.0548157336993586e-09,4.055217363243125e-09,4.05561782885022e-09,4.056017133790704e-09,4.056415281360072e-09,4.056812274794945e-09,4.0572081173160506e-09,4.057602812270162e-09,4.057996362781994e-09,4.058388772152449e-09,4.058780043590505e-09,4.059170180261488e-09,4.059559185368118e-09,4.059947062087492e-09,4.0603338135988775e-09,4.06071944313052e-09,4.0611039537596575e-09,4.0614873486471815e-09,4.06186963094158e-09,4.062250803964564e-09,4.062630870484214e-09,4.0630098338811305e-09,4.063387697024591e-09,4.063764463047916e-09,4.06414013517345e-09,4.064514716382835e-09,4.064888209878573e-09,4.065260618459087e-09,4.065631945308947e-09,4.0660021935611844e-09,4.066371366127826e-09,4.066739466060819e-09,4.0671064963995435e-09,4.067472460158619e-09,4.067837360212691e-09,4.068201199660994e-09,4.0685639814374e-09,4.0689257085632006e-09,4.0692863839322956e-09,4.06964601050642e-09,4.070004591158812e-09,4.0703621288398736e-09,4.070718626497898e-09,4.071074087173775e-09,4.07142851365365e-09,4.071781908805158e-09,4.072134275556217e-09,4.0724856167859705e-09,4.072835935362415e-09,4.073185234154469e-09,4.073533516013919e-09,4.073880783799791e-09,4.074227040336413e-09,4.074572288452889e-09,4.074916530965396e-09,4.075259770730165e-09,4.075602010525356e-09,4.075943253168733e-09,4.076283501373454e-09,4.076622757915731e-09,4.07696102582998e-09,4.077298307449858e-09,4.077634605734539e-09,4.07796992344839e-09,4.078304263322599e-09,4.0786376280909295e-09,4.0789700204609825e-09,4.079301443251057e-09,4.079631898998591e-09,4.079961390481424e-09,4.080289920397075e-09,4.080617491403698e-09,4.080944106222075e-09,4.081269767496867e-09,4.081594477890554e-09,4.0819182401097035e-09,4.082241056688399e-09,4.0825629303726466e-09,4.082883863687166e-09,4.083203859354432e-09,4.083522919936432e-09,4.08384104799197e-09,4.084158246098888e-09,4.084474517037873e-09,4.084789863235707e-09,4.085104287301957e-09,4.0854177917929405e-09,4.08573037930538e-09,4.086042052455511e-09,4.08635281362798e-09,4.086662665443474e-09,4.086971610473533e-09,4.087279651160346e-09,4.087586790065643e-09,4.087893029684553e-09,4.088198372416555e-09,4.088502820980282e-09,4.088806377745727e-09,4.089109045225945e-09,4.089410825743797e-09,4.089711722006196e-09,4.090011736356062e-09,4.0903108713353856e-09,4.090609129299887e-09,4.0909065126039446e-09,4.091203023761548e-09,4.091498665189399e-09,4.091793439278491e-09,4.0920873484953924e-09,4.092380395222218e-09,4.0926725818412106e-09,4.0929639107455335e-09,4.093254384318943e-09,4.093544004929004e-09,4.093832774957383e-09,4.094120696751696e-09,4.0944077726752815e-09,4.09469400508976e-09,4.094979396304187e-09,4.095263948656664e-09,4.095547664571936e-09,4.095830546224502e-09,4.096112595899281e-09,4.096393816061601e-09,4.096674208941664e-09,4.096953776812887e-09,4.0972325219882944e-09,4.097510446753884e-09,4.09778755337235e-09,4.098063844154413e-09,4.098339321270593e-09,4.0986139870251925e-09,4.098887843652441e-09,4.0991608934345525e-09,4.0994331385433805e-09,4.09970458123727e-09,4.09997522373909e-09,4.1002450682757945e-09,4.10051411704706e-09,4.100782372259453e-09,4.10104983608119e-09,4.101316510734892e-09,4.101582398384455e-09,4.101847501216958e-09,4.102111821377133e-09,4.102375361143622e-09,4.102638122541311e-09,4.102900107760556e-09,4.103161318949787e-09,4.10342175826013e-09,4.103681427778201e-09,4.103940329789637e-09,4.104198466238447e-09,4.1044558392976755e-09,4.104712451084115e-09,4.104968303722771e-09,4.1052233992417974e-09,4.105477739798798e-09,4.105731327469636e-09,4.105984164139981e-09,4.106236252316544e-09,4.106487593776068e-09,4.106738190647874e-09,4.10698804491625e-09,4.107237158691912e-09,4.107485534000979e-09,4.107733172890915e-09,4.107980077381512e-09,4.108226249514989e-09,4.108471691309637e-09,4.108716404786183e-09,4.108960391953085e-09,4.1092036547829165e-09,4.109446195296761e-09,4.109688015475776e-09,4.10992911725147e-09,4.110169502766121e-09,4.11040917387837e-09,4.110648132595692e-09,4.110886380866151e-09,4.111123920621026e-09,4.111360753843995e-09,4.111596882394465e-09,4.1118323083718364e-09,4.112067033735117e-09,4.112301060220355e-09,4.11253438984268e-09,4.112767024657812e-09,4.112998966329352e-09,4.113230216875608e-09,4.1134607782206155e-09,4.113690652250726e-09,4.1139198408830764e-09,4.114148345953926e-09,4.114376169380476e-09,4.1146033130170634e-09,4.11482977874325e-09,4.115055568420111e-09,4.11528068391662e-09,4.115505127085685e-09,4.1157288997766065e-09,4.115952003963535e-09,4.116174441239337e-09,4.116396213555152e-09,4.116617322661379e-09,4.116837770534566e-09,4.117057558909658e-09,4.1172766896016625e-09,4.1174951644271255e-09,4.117712985200009e-09,4.117930153697148e-09,4.11814667172367e-09,4.118362541047302e-09,4.118577763490476e-09,4.118792340801332e-09,4.119006274757129e-09,4.119219567127715e-09,4.119432219690883e-09,4.1196442341642796e-09,4.119855612254056e-09,4.120066355841197e-09,4.120276466600796e-09,4.120485946232821e-09,4.120694796556973e-09,4.120903019183896e-09,4.121110615961149e-09,4.121317588554055e-09,4.121523938687395e-09,4.1217296680431686e-09,4.121934778336252e-09,4.1221392712450125e-09,4.1223431485032e-09,4.122546411779983e-09,4.122749062755391e-09,4.12295110296348e-09,4.123152534293182e-09,4.123353358435491e-09,4.1235535769747835e-09,4.123753191560315e-09,4.1239522038655414e-09,4.124150615525379e-09,4.12434842819158e-09,4.1245456434985304e-09,4.124742263078504e-09,4.124938288588336e-09,4.125133721620495e-09,4.1253285638529734e-09,4.1255228168591925e-09,4.125716482193762e-09,4.1259095616124165e-09,4.126102056646114e-09,4.126293968906838e-09,4.126485299979337e-09,4.126676051455443e-09,4.126866224912462e-09,4.127055821943053e-09,4.127244844174275e-09,4.12743329308863e-09,4.127621170325039e-09,4.1278084773859276e-09,4.127995215858421e-09,4.1281813873247e-09,4.1283669933169325e-09,4.1285520353645946e-09,4.1287365150500794e-09,4.12892043388297e-09,4.129103793407337e-09,4.129286595158122e-09,4.129468840643345e-09,4.129650531400004e-09,4.129831668833936e-09,4.130012254582668e-09,4.130192290230151e-09,4.130371777185449e-09,4.13055071695637e-09,4.130729111029333e-09,4.130906960868017e-09,4.1310842681006154e-09,4.131261034022076e-09,4.131437260191523e-09,4.131612948087085e-09,4.131788099174409e-09,4.131962714926817e-09,4.1321367968010055e-09,4.132310346252859e-09,4.132483364743552e-09,4.132655853719851e-09,4.132827814633767e-09,4.132999248915799e-09,4.1331701580039354e-09,4.133340543338361e-09,4.133510406339416e-09,4.1336797484685045e-09,4.13384857111391e-09,4.13401687569358e-09,4.1341846636332345e-09,4.134351936337546e-09,4.134518695222504e-09,4.134684941674659e-09,4.134850677105182e-09,4.135015902904172e-09,4.135180620451673e-09,4.13534483115043e-09,4.135508536427367e-09,4.135671737604818e-09,4.135834435970986e-09,4.135996632930926e-09,4.13615833001535e-09,4.136319528502842e-09,4.136480229726453e-09,4.136640435040397e-09,4.136800145840518e-09,4.136959363418288e-09,4.13711808911916e-09,4.137276324315691e-09,4.1374340703341594e-09,4.1375913285010366e-09,4.137748100158322e-09,4.137904386626051e-09,4.138060189234966e-09,4.138215509285623e-09,4.138370348090876e-09,4.138524706976047e-09,4.138678587242283e-09,4.138831990205447e-09,4.138984917156657e-09,4.139137369393892e-09,4.139289348196853e-09,4.139440854875311e-09,4.139591890705614e-09,4.139742456970283e-09,4.139892554944713e-09,4.14004218590088e-09,4.140191351115252e-09,4.140340051852408e-09,4.14048828938543e-09,4.140636064970317e-09,4.140783379866979e-09,4.140930235326298e-09,4.141076632598957e-09,4.1412225729314156e-09,4.141368057565472e-09,4.141513087744408e-09,4.1416576647028385e-09,4.141801789670783e-09,4.141945463882348e-09,4.142088688565561e-09,4.142231464923708e-09,4.142373794248566e-09,4.142515677690208e-09,4.1426571164331755e-09,4.142798111724504e-09,4.14293866476384e-09,4.143078776733817e-09,4.143218448899423e-09,4.143357682404913e-09,4.14349647845971e-09,4.1436348382679005e-09,4.143772762985118e-09,4.143910253785616e-09,4.144047311865314e-09,4.144183938400014e-09,4.144320134562718e-09,4.144455901523377e-09,4.144591240448699e-09,4.144726152491813e-09,4.1448606388213285e-09,4.144994700620144e-09,4.1451283390286135e-09,4.145261555183105e-09,4.145394350214285e-09,4.1455267252747725e-09,4.145658681513535e-09,4.145790220073694e-09,4.1459213420894295e-09,4.146052048669973e-09,4.146182340937994e-09,4.146312220041959e-09,4.146441687099247e-09,4.1465707432285245e-09,4.146699389545064e-09,4.1468276271610845e-09,4.146955457186128e-09,4.147082880726683e-09,4.147209898885121e-09,4.147336512761313e-09,4.147462723452157e-09,4.147588532051841e-09,4.14771393965104e-09,4.147838947337685e-09,4.147963556196501e-09,4.148087767309631e-09,4.148211581752825e-09,4.148335000605073e-09,4.148458024939052e-09,4.1485806558247345e-09,4.148702894329165e-09,4.148824741516276e-09,4.1489461984470915e-09,4.149067266179755e-09,4.149187945769569e-09,4.1493082382686535e-09,4.149428144727632e-09,4.1495476661918244e-09,4.149666803704532e-09,4.149785558306537e-09,4.149903931035372e-09,4.1500219229262564e-09,4.150139535011341e-09,4.150256768319742e-09,4.150373623877766e-09,4.150490102709e-09,4.150606205834059e-09,4.15072193427099e-09,4.150837289034649e-09,4.150952271133384e-09,4.1510668815805366e-09,4.151181121385367e-09,4.151294991546776e-09,4.15140849306833e-09,4.151521626948331e-09,4.151634394182274e-09,4.151746795763292e-09,4.151858832681026e-09,4.151970505923294e-09,4.152081816474344e-09,4.15219276531633e-09,4.152303353428187e-09,4.152413581786542e-09,4.152523451365315e-09,4.152632963135429e-09,4.152742118065399e-09,4.1528509171209765e-09,4.152959361265212e-09,4.1530674514586065e-09,4.153175188658827e-09,4.153282573837016e-09,4.153389607913636e-09,4.153496291858006e-09,4.153602626613989e-09,4.153708613126239e-09,4.153814252347455e-09,4.153919545202138e-09,4.154024492631198e-09,4.1541290955692965e-09,4.154233354935291e-09,4.1543372716709114e-09,4.154440846691388e-09,4.1545440809434685e-09,4.1546469753254395e-09,4.1547495307800195e-09,4.154851748214401e-09,4.154953628540381e-09,4.155055172667995e-09,4.155156381507056e-09,4.1552572559634916e-09,4.155357796938847e-09,4.155458005341449e-09,4.155557882061329e-09,4.155657428000286e-09,4.155756644049496e-09,4.155855531106727e-09,4.1559540900596676e-09,4.15605232178853e-09,4.156150227180792e-09,4.1562478071183265e-09,4.156345062480238e-09,4.156441994141912e-09,4.156538602980753e-09,4.156634889867099e-09,4.156730855671127e-09,4.156826501258187e-09,4.156921827476153e-09,4.157016835224568e-09,4.157111525347408e-09,4.157205898696051e-09,4.157299956133783e-09,4.157393698509755e-09,4.157487126674697e-09,4.1575802414740485e-09,4.157673043756411e-09,4.1577655344027134e-09,4.157857714185258e-09,4.157949583979194e-09,4.158041144614103e-09,4.158132396922053e-09,4.158223341749984e-09,4.158313979913784e-09,4.158404312251025e-09,4.1584943395768984e-09,4.158584062719385e-09,4.158673482518462e-09,4.158762599751401e-09,4.158851415257382e-09,4.15893992985368e-09,4.159028144354942e-09,4.15911605955455e-09,4.159203676261838e-09,4.159290995296743e-09,4.159378017419794e-09,4.159464743507993e-09,4.159551174364988e-09,4.159637310733986e-09,4.1597231533839685e-09,4.159808703134097e-09,4.159893960779807e-09,4.159978927108716e-09,4.160063602950022e-09,4.16014798900485e-09,4.1602320860843936e-09,4.160315894982711e-09,4.160399416464438e-09,4.160482651313973e-09,4.160565600282745e-09,4.160648264176433e-09,4.1607306437466066e-09,4.160812739759269e-09,4.160894552975905e-09,4.1609760841653525e-09,4.161057334083092e-09,4.161138303488566e-09,4.161218993135316e-09,4.16129940377874e-09,4.1613795361706935e-09,4.161459391060735e-09,4.161538969196525e-09,4.161618271323967e-09,4.161697298182783e-09,4.161776050521527e-09,4.161854529076768e-09,4.161932734564706e-09,4.162010667764374e-09,4.162088329380897e-09,4.162165720144851e-09,4.162242840804672e-09,4.162319692073248e-09,4.162396274681219e-09,4.162472589349211e-09,4.162548636806703e-09,4.162624417861247e-09,4.162699932995357e-09,4.162775183100484e-09,4.16285016885112e-09,4.1629248909588405e-09,4.1629993501383364e-09,4.163073547091683e-09,4.163147482514451e-09,4.16322115713835e-09,4.163294571650443e-09,4.163367726752119e-09,4.163440623141107e-09,4.163513261496194e-09,4.163585642546261e-09,4.163657766963276e-09,4.163729635444783e-09,4.1638012486755974e-09,4.163872607343572e-09,4.163943712078072e-09,4.164014563666994e-09,4.164085162755227e-09,4.16415551000091e-09,4.1642256060848e-09,4.164295451689751e-09,4.164365047486447e-09,4.164434394147003e-09,4.164503492341477e-09,4.164572342738738e-09,4.1646409460015215e-09,4.164709302800496e-09,4.164777413793655e-09,4.164845279644084e-09,4.164912901011275e-09,4.164980278562709e-09,4.1650474129352236e-09,4.165114304789386e-09,4.165180954779359e-09,4.165247363556593e-09,4.165313531766346e-09,4.165379460039686e-09,4.165445149057191e-09,4.165510599431042e-09,4.165575811828286e-09,4.165640786874502e-09,4.165705525211894e-09,4.16577002747422e-09,4.165834294343902e-09,4.1658983263543785e-09,4.165962124186785e-09,4.166025688471707e-09,4.166089019835198e-09,4.166152118906173e-09,4.166214986304724e-09,4.166277622651937e-09,4.166340028577339e-09,4.1664022046978e-09,4.166464151623831e-09,4.166525869978286e-09,4.166587360368365e-09,4.166648623411491e-09,4.166709659714382e-09,4.166770469875355e-09,4.166831054528182e-09,4.16689141426522e-09,4.166951549691671e-09,4.167011461409339e-09,4.167071150018819e-09,4.16713061611958e-09,4.167189860309803e-09,4.167248883167149e-09,4.167307685318336e-09,4.167366267340459e-09,4.167424629824802e-09,4.167482773360607e-09,4.1675406985304455e-09,4.16759840593131e-09,4.1676558961425e-09,4.1677131697514485e-09,4.167770227350275e-09,4.167827069484064e-09,4.1678836967389445e-09,4.167940109633297e-09,4.167996308894588e-09,4.168052295014707e-09,4.1681080685675985e-09,4.168163630118196e-09,4.168218980239054e-09,4.168274119496739e-09,4.168329048458214e-09,4.1683837676842674e-09,4.168438277723338e-09,4.168492579172528e-09,4.168546672573464e-09,4.168600558482489e-09,4.168654237501221e-09,4.16870771009641e-09,4.168760976868556e-09,4.168814038365046e-09,4.168866895159467e-09,4.168919547760149e-09,4.168971996734349e-09,4.1690242426383145e-09,4.169076285998055e-09,4.169128127365968e-09,4.169179767283577e-09,4.169231206291256e-09,4.169282444929549e-09,4.169333483732095e-09,4.169384323236508e-09,4.169434963977337e-09,4.169485406487282e-09,4.1695356512981064e-09,4.169585698939706e-09,4.169635549940708e-09,4.169685204828325e-09,4.1697346641283425e-09,4.169783928364968e-09,4.169832998061127e-09,4.1698818737382694e-09,4.169930555916473e-09,4.169979045114369e-09,4.170027341849277e-09,4.170075446637024e-09,4.170123359991932e-09,4.170171082427032e-09,4.17021861445414e-09,4.170265956583314e-09,4.170313109323498e-09,4.170360073182249e-09,4.170406848665618e-09,4.17045343627881e-09,4.170499836524268e-09,4.170546049903046e-09,4.170592076918587e-09,4.170637918068795e-09,4.170683573851286e-09,4.1707290447633224e-09,4.170774331299623e-09,4.170819433954185e-09,4.170864353219807e-09,4.170909089588265e-09,4.170953643547567e-09,4.170998015587337e-09,4.171042206194632e-09,4.171086215855637e-09,4.171130045054788e-09,4.171173694275503e-09,4.171217163989384e-09,4.1712604546977705e-09,4.171303566869577e-09,4.171346500983048e-09,4.171389257514427e-09,4.1714318369366345e-09,4.171474239737886e-09,4.1715164663721234e-09,4.171558517318553e-09,4.171600393039623e-09,4.171642094020653e-09,4.171683620718873e-09,4.171724973602246e-09,4.171766153144617e-09,4.1718071597951715e-09,4.171847994028405e-09,4.171888656299705e-09,4.1719291470708325e-09,4.171969466798886e-09,4.172009615944957e-09,4.172049594961688e-09,4.17208940430969e-09,4.172129044439721e-09,4.1721685158054636e-09,4.1722078188574e-09,4.172246954047049e-09,4.172285921822482e-09,4.172324722630091e-09,4.172363356921268e-09,4.1724018251377905e-09,4.172440127725836e-09,4.1724782651477775e-09,4.172516237805855e-09,4.172554046159056e-09,4.172591690648835e-09,4.172629171719118e-09,4.172666489794921e-09,4.172703645316673e-09,4.172740638719297e-09,4.1727774704404326e-09,4.172814140908822e-09,4.172850650557562e-09,4.1728869998150035e-09,4.1729231891114625e-09,4.172959218873974e-09,4.172995089529315e-09,4.173030801502986e-09,4.173066355234867e-09,4.173101751108222e-09,4.173136989577529e-09,4.173172071054481e-09,4.173206995997982e-09,4.1732417647496665e-09,4.173276377766564e-09,4.173310835463709e-09,4.173345138260439e-09,4.173379286572649e-09,4.173413280798408e-09,4.173447121358411e-09,4.173480808663976e-09,4.1735143431722524e-09,4.173547725200377e-09,4.1735809551958054e-09,4.173614033568536e-09,4.173646960725528e-09,4.173679737067268e-09,4.173712362998163e-09,4.173744838920283e-09,4.1737771652354004e-09,4.173809342343129e-09,4.173841370657483e-09,4.173873250544111e-09,4.173904982415841e-09,4.173936566667804e-09,4.173968003704132e-09,4.1739992938970015e-09,4.174030437650225e-09,4.174061435353777e-09,4.174092287403008e-09,4.174122994183038e-09,4.174153556082308e-09,4.174183973489758e-09,4.1742142468062e-09,4.174244376400249e-09,4.174274362634541e-09,4.174304205911811e-09,4.174333906634223e-09,4.174363465143318e-09,4.1743928818408695e-09,4.174422157083664e-09,4.174451291305088e-09,4.174480284828261e-09,4.174509138042944e-09,4.174537851346356e-09,4.174566425075778e-09,4.174594859613413e-09,4.174623155343444e-09,4.174651312649595e-09,4.174679331874196e-09,4.174707213403317e-09,4.1747349575779844e-09,4.174762564782866e-09,4.17479003540142e-09,4.1748173697617e-09,4.174844568247008e-09,4.1748716312190914e-09,4.174898559020013e-09,4.174925352050836e-09,4.174952010641455e-09,4.17497853516816e-09,4.1750049259825074e-09,4.1750311834344e-09,4.175057307888356e-09,4.175083299695634e-09,4.175109159210363e-09,4.175134886785204e-09,4.175160482771765e-09,4.175185947522915e-09,4.175211281404709e-09,4.175236484731394e-09,4.175261557867338e-09,4.175286501164695e-09,4.175311314975625e-09,4.175335999627688e-09,4.1753605554926274e-09,4.1753849828961545e-09,4.175409282164476e-09,4.175433453655314e-09,4.175457497727253e-09,4.1754814146868265e-09,4.175505204889272e-09,4.175528868672684e-09,4.1755524063738204e-09,4.175575818364516e-09,4.175599104912487e-09,4.17562226639878e-09,4.175645303135931e-09,4.175668215471414e-09,4.1756910037114564e-09,4.175713668221573e-09,4.17573620929839e-09,4.175758627287921e-09,4.175780922519117e-09,4.175803095297472e-09,4.175825145988363e-09,4.1758470749058736e-09,4.175868882365024e-09,4.175890568691326e-09,4.175912134209912e-09,4.1759335792419455e-09,4.175954904106084e-09,4.175976109131418e-09,4.175997194627715e-09,4.176018160917368e-09,4.176039008303282e-09,4.176059737131423e-09,4.176080347701251e-09,4.176100840332074e-09,4.176121215338952e-09,4.176141473030669e-09,4.176161613721106e-09,4.176181637723217e-09,4.176201545344889e-09,4.17622133690321e-09,4.176241012705356e-09,4.176260573038393e-09,4.176280018250755e-09,4.1762993486265195e-09,4.176318564469894e-09,4.176337666088807e-09,4.176356653788125e-09,4.176375527869878e-09,4.176394288639342e-09,4.176412936396539e-09,4.176431471444401e-09,4.176449894081981e-09,4.176468204609378e-09,4.176486403332841e-09,4.176504490533537e-09,4.176522466511592e-09,4.176540331574195e-09,4.176558086008295e-09,4.1765757301147406e-09,4.176593264184436e-09,4.176610688511576e-09,4.176628003386047e-09,4.176645209103426e-09,4.176662305948642e-09,4.176679294215473e-09,4.176696174182519e-09,4.176712946158076e-09,4.176729610417782e-09,4.176746167253122e-09,4.176762616944512e-09,4.176778959779848e-09,4.176795196040488e-09,4.1768113260176015e-09,4.176827349989839e-09,4.176843268234759e-09,4.176859081047594e-09,4.1768747886955435e-09,4.1768903914637084e-09,4.1769058896381696e-09,4.176921283484458e-09,4.176936573284297e-09,4.176951759316565e-09,4.176966841856778e-09,4.1769818211867515e-09,4.176996697572472e-09,4.177011471289317e-09,4.177026142611205e-09,4.177040711812283e-09,4.1770551791633735e-09,4.177069544921943e-09,4.177083809384873e-09,4.177097972802978e-09,4.1771120354456025e-09,4.177125997600788e-09,4.1771398595197345e-09,4.17715362147062e-09,4.177167283719882e-09,4.1771808465283235e-09,4.177194310171557e-09,4.177207674902264e-09,4.1772209409952805e-09,4.1772341087076916e-09,4.177247178297151e-09,4.177260150024856e-09,4.17727302414658e-09,4.1772858009366464e-09,4.177298480639468e-09,4.177311063526471e-09,4.177323549848981e-09,4.1773359398686186e-09,4.177348233838861e-09,4.177360431995254e-09,4.177372534617672e-09,4.177384541958138e-09,4.177396454266379e-09,4.177408271791997e-09,4.177419994789336e-09,4.177431623512295e-09,4.1774431582044916e-09,4.177454599124491e-09,4.177465946514681e-09,4.177477200615731e-09,4.177488361694144e-09,4.177499429983422e-09,4.177510405762341e-09,4.177521289253538e-09,4.177532080683778e-09,4.177542780313797e-09,4.177553388397477e-09,4.177563905147606e-09,4.17757433082981e-09,4.177584665691582e-09,4.177594909967185e-09,4.177605063900575e-09,4.177615127726072e-09,4.177625101686097e-09,4.1776349860196274e-09,4.177644780964729e-09,4.177654486767172e-09,4.177664103655814e-09,4.1776736318590156e-09,4.177683071620633e-09,4.1776924231756286e-09,4.177701686760237e-09,4.177710862605492e-09,4.177719950952587e-09,4.177728952027082e-09,4.177737866053147e-09,4.17774669327702e-09,4.177755433915465e-09,4.177764088206562e-09,4.177772656377599e-09,4.177781138658012e-09,4.177789535276884e-09,4.1777978464611935e-09,4.177806072438228e-09,4.177814213434341e-09,4.1778222696752914e-09,4.177830241386213e-09,4.177838128791949e-09,4.1778459321163675e-09,4.177853651582759e-09,4.177861287413902e-09,4.177868839831992e-09,4.177876309058773e-09,4.177883695315033e-09,4.177890998821211e-09,4.1778982197973165e-09,4.1779053584623164e-09,4.177912415035061e-09,4.177919389731176e-09,4.177926282772871e-09,4.177933094374447e-09,4.177939824752428e-09,4.177946474120253e-09,4.177953042697423e-09,4.177959530694356e-09,4.177965938327261e-09,4.17797226580908e-09,4.177978513355075e-09,4.177984681176171e-09,4.177990769480615e-09,4.177996778481979e-09,4.178002708391429e-09,4.178008559421283e-09,4.178014331776156e-09,4.178020025669474e-09,4.178025641306651e-09,4.178031178895974e-09,4.178036638645344e-09,4.178042020760494e-09,4.178047325447837e-09,4.178052552912993e-09,4.178057703361438e-09,4.178062776996521e-09,4.178067774023271e-09,4.178072694644562e-09,4.1780775390626144e-09,4.17808230748032e-09,4.178087000099695e-09,4.17809161712166e-09,4.178096158746842e-09,4.1781006251752544e-09,4.178105016606412e-09,4.1781093332396296e-09,4.1781135752732166e-09,4.1781177429050805e-09,4.178121836332872e-09,4.178125855753454e-09,4.1781298013630045e-09,4.178133673357769e-09,4.178137471932913e-09,4.178141197283221e-09,4.178144849602925e-09,4.178148429086057e-09,4.178151935925527e-09,4.17815537031456e-09,4.178158732444941e-09,4.178162022508565e-09,4.178165240696689e-09,4.178168387199927e-09,4.178171462208385e-09,4.178174465911898e-09,4.178177398499445e-09,4.178180260159903e-09,4.178183051081305e-09,4.178185771451623e-09,4.178188421457512e-09,4.1781910012860946e-09,4.178193511123583e-09,4.178195951153523e-09,4.178198321564093e-09,4.178200622538512e-09,4.178202854261215e-09,4.1782050169161565e-09,4.1782071106865474e-09,4.178209135753819e-09,4.178211092301098e-09,4.178212980509399e-09,4.178214800561292e-09,4.178216552636718e-09,4.178218236916108e-09,4.1782198535796415e-09,4.17822140280552e-09,4.178222884773826e-09,4.17822429966214e-09,4.178225647647931e-09,4.178226928909743e-09,4.178228143623009e-09,4.178229291965014e-09,4.1782303741116424e-09,4.1782313902384635e-09,4.178232340520486e-09,4.178233225132317e-09,4.178234044247783e-09,4.178234798040879e-09,4.178235486684808e-09,4.178236110351781e-09,4.178236669214481e-09,4.178237163444399e-09,4.178237593213055e-09,4.178237958691284e-09,4.178238260049371e-09,4.178238497457402e-09,4.178238671084742e-09,4.178238781100673e-09,4.1782388276736155e-09,4.178238810971805e-09,4.1782387311625814e-09,4.178238588413404e-09,4.1782383828910025e-09,4.178238114761817e-09,4.178237784191605e-09,4.178237391345913e-09,4.1782369363900745e-09,4.178236419488156e-09,4.178235840804696e-09,4.178235200503274e-09,4.178234498746635e-09,4.1782337356984644e-09,4.178232911520714e-09,4.178232026375652e-09,4.178231080424362e-09,4.178230073828114e-09,4.178229006747494e-09,4.178227879342961e-09,4.178226691774105e-09,4.178225444200601e-09,4.178224136780978e-09,4.178222769674002e-09,4.178221343037708e-09,4.178219857029807e-09,4.178218311807496e-09,4.178216707528311e-09,4.178215044347534e-09,4.1782133224216665e-09,4.178211541906168e-09,4.1782097029570194e-09,4.178207805727981e-09,4.178205850374071e-09,4.178203837047964e-09,4.178201765904702e-09,4.178199637096696e-09,4.178197450776475e-09,4.178195207096774e-09,4.178192906209378e-09,4.178190548265349e-09,4.178188133415771e-09,4.178185661812471e-09,4.178183133604797e-09,4.178180548939952e-09,4.1781779079711515e-09,4.178175210847886e-09,4.17817245771818e-09,4.178169648729694e-09,4.178166784028766e-09,4.17816386376573e-09,4.178160888087893e-09,4.178157857137805e-09,4.178154771065231e-09,4.178151630014239e-09,4.178148434131083e-09,4.1781451835624036e-09,4.178141878450345e-09,4.17813851893742e-09,4.178135105172555e-09,4.178131637297428e-09,4.178128115455422e-09,4.178124539789121e-09,4.178120910441112e-09,4.178117227553518e-09,4.178113491267874e-09,4.1781097017256035e-09,4.1781058590677186e-09,4.178101963434571e-09,4.178098014966531e-09,4.178094013803262e-09,4.1780899600843e-09,4.17808585394858e-09,4.1780816955349955e-09,4.178077484981637e-09,4.1780732224266155e-09,4.178068908007527e-09,4.178064541861593e-09,4.178060124125564e-09,4.178055654935935e-09,4.178051134429044e-09,4.17804656274031e-09,4.178041940005476e-09,4.178037266359498e-09,4.178032541936738e-09,4.178027766871858e-09,4.178022941298718e-09,4.178018065350847e-09,4.178013139161621e-09,4.178008162863796e-09,4.178003136590129e-09,4.177998060472569e-09,4.177992934643115e-09,4.177987759233166e-09,4.1779825343767135e-09,4.177977260201946e-09,4.177971936838937e-09,4.177966564418099e-09,4.177961143068966e-09,4.1779556729209566e-09,4.177950154103146e-09,4.177944586744175e-09,4.177938970972601e-09,4.177933306916136e-09,4.1779275947026935e-09,4.177921834459593e-09,4.177916026313594e-09,4.1779101703916496e-09,4.177904266819899e-09,4.177898315724447e-09,4.177892317230825e-09,4.1778862714644224e-09,4.177880178550177e-09,4.1778740386126965e-09,4.177867851776325e-09,4.1778616181651865e-09,4.17785533790277e-09,4.1778490111124826e-09,4.1778426379171955e-09,4.177836218439631e-09,4.177829752802249e-09,4.177823241126903e-09,4.177816683535381e-09,4.177810080148943e-09,4.177803431088692e-09,4.177796736475455e-09,4.177789996429391e-09,4.177783211070773e-09,4.177776380519243e-09,4.177769504894345e-09,4.177762584315075e-09,4.177755618900372e-09,4.1777486087686045e-09,4.177741554037897e-09,4.177734454826284e-09,4.177727311251122e-09,4.177720123429809e-09,4.177712891479068e-09,4.177705615515663e-09,4.177698295655862e-09,4.177690932015539e-09,4.17768352471048e-09,4.177676073856034e-09,4.177668579567276e-09,4.1776610419588504e-09,4.17765346114532e-09,4.177645837240748e-09,4.177638170358999e-09,4.1776304606136495e-09,4.177622708117927e-09,4.177614912984599e-09,4.1776070753265505e-09,4.177599195255956e-09,4.177591272884857e-09,4.177583308325075e-09,4.1775753016879726e-09,4.1775672530847075e-09,4.177559162626108e-09,4.177551030422686e-09,4.177542856584684e-09,4.177534641222265e-09,4.177526384444844e-09,4.17751808636195e-09,4.177509747081206e-09,4.177501366712867e-09,4.177492945365329e-09,4.177484483146785e-09,4.177475980166724e-09,4.177467436531297e-09,4.17745885234776e-09,4.177450227719074e-09,4.177441562756159e-09,4.177432857569129e-09,4.177424112257041e-09,4.177415326933876e-09,4.177406501696188e-09,4.177397636654129e-09,4.177388731913623e-09,4.177379787578405e-09,4.177370803752011e-09,4.177361780540614e-09,4.177352718046487e-09,4.1773436163742126e-09,4.17733447562711e-09,4.1773252959083365e-09,4.1773160773208415e-09,4.1773068199672335e-09,4.17729752394971e-09,4.177288189370798e-09,4.177278816331631e-09,4.177269404933787e-09,4.177259955279001e-09,4.177250467467851e-09,4.17724094160107e-09,4.177231377778995e-09,4.1772217761020245e-09,4.177212136669899e-09,4.177202459588579e-09,4.17719274494444e-09,4.177182992850231e-09,4.177173203397989e-09,4.17716337667906e-09,4.1771535127988375e-09,4.177143611855608e-09,4.177133673946677e-09,4.177123699177829e-09,4.1771136876384415e-09,4.177103639417054e-09,4.177093554619463e-09,4.177083433341105e-09,4.17707327568728e-09,4.177063081737078e-09,4.177052851594376e-09,4.177042585363773e-09,4.177032283131665e-09,4.177021944993166e-09,4.177011571042714e-09,4.177001161365919e-09,4.176990716066112e-09,4.176980235245025e-09,4.176969718989594e-09,4.17695916739115e-09,4.17694858054396e-09,4.176937958540981e-09,4.176927301475027e-09,4.176916609438445e-09,4.1769058825236305e-09,4.1768951208224575e-09,4.1768843244266496e-09,4.176873493427797e-09,4.1768626279171074e-09,4.176851727985526e-09,4.1768407937239736e-09,4.176829825222932e-09,4.176818822572631e-09,4.176807785865878e-09,4.176796715188261e-09,4.17678561062958e-09,4.176774472280528e-09,4.176763300230153e-09,4.176752094567282e-09,4.176740855380535e-09,4.176729582758301e-09,4.176718276788734e-09,4.176706937555662e-09,4.1766955651511626e-09,4.176684159662326e-09,4.176672721180971e-09,4.1766612497753215e-09,4.176649745549273e-09,4.176638208592112e-09,4.176626638979241e-09,4.176615036803657e-09,4.176603402148642e-09,4.176591735103644e-09,4.1765800357573595e-09,4.1765683041832696e-09,4.176556540477211e-09,4.176544744718359e-09,4.176532916991259e-09,4.176521057380742e-09,4.176509165969667e-09,4.17649724284247e-09,4.176485288082585e-09,4.176473301773386e-09,4.176461283998218e-09,4.176449234839818e-09,4.176437154383088e-09,4.176425042706357e-09,4.1764128998937765e-09,4.176400726027526e-09,4.176388521191725e-09,4.176376285465693e-09,4.1763640189308785e-09,4.176351721668435e-09,4.176339393757599e-09,4.176327035282476e-09,4.176314646322002e-09,4.176302226956374e-09,4.176289777265788e-09,4.176277297330101e-09,4.176264787229041e-09,4.176252247041998e-09,4.17623967684828e-09,4.176227076726926e-09,4.176214446756829e-09,4.176201787016568e-09,4.176189097584515e-09,4.176176378539032e-09,4.176163629957938e-09,4.176150851919182e-09,4.176138044500311e-09,4.1761252077787625e-09,4.176112341831605e-09,4.176099446735807e-09,4.1760865225681894e-09,4.176073569405393e-09,4.176060587323702e-09,4.1760475763992615e-09,4.176034536708039e-09,4.1760214683258166e-09,4.176008371328192e-09,4.1759952457904735e-09,4.175982091787804e-09,4.175968909395225e-09,4.175955698687407e-09,4.175942459738946e-09,4.175929192624217e-09,4.175915897417339e-09,4.175902574192338e-09,4.175889223022964e-09,4.175875843982785e-09,4.1758624371450215e-09,4.175849002583121e-09,4.175835540369965e-09,4.1758220505783994e-09,4.175808533281027e-09,4.1757949885502136e-09,4.175781416458156e-09,4.175767817076898e-09,4.175754190478334e-09,4.175740536734151e-09,4.175726855915683e-09,4.175713148092556e-09,4.1756994133392285e-09,4.1756856517247555e-09,4.1756718633186204e-09,4.175658048183874e-09,4.175644206399483e-09,4.17563033803542e-09,4.17561644316276e-09,4.175602521857281e-09,4.175588574175161e-09,4.175574600200443e-09,4.175560599986269e-09,4.1755465736169435e-09,4.175532521147144e-09,4.175518442658681e-09,4.175504338213936e-09,4.175490207885042e-09,4.1754760517341136e-09,4.175461869831575e-09,4.175447662243111e-09,4.175433429037097e-09,4.175419170284189e-09,4.175404886051599e-09,4.17539057638488e-09,4.175376241384684e-09,4.1753618811032555e-09,4.1753474956100186e-09,4.1753330849669664e-09,4.175318649236906e-09,4.175304188496188e-09,4.1752897028152404e-09,4.1752751922390046e-09,4.175260656843046e-09,4.1752460966969735e-09,4.175231511846881e-09,4.1752169023797265e-09,4.175202268346837e-09,4.175187609831511e-09,4.175172926892961e-09,4.175158219581086e-09,4.17514348797326e-09,4.175128732114522e-09,4.175113952097592e-09,4.175099147958995e-09,4.175084319772715e-09,4.17506946760069e-09,4.175054591505161e-09,4.1750396915553665e-09,4.175024767810944e-09,4.1750098203357415e-09,4.17499484918996e-09,4.17497985443412e-09,4.174964836132236e-09,4.174949794347232e-09,4.174934729139968e-09,4.174919640572763e-09,4.174904528701733e-09,4.174889393596457e-09,4.1748742353143154e-09,4.174859053916225e-09,4.174843849463027e-09,4.174828622014878e-09,4.174813371632141e-09,4.174798098376254e-09,4.174782802308647e-09,4.1747674834769395e-09,4.174752141960136e-09,4.1747367778083735e-09,4.174721391095829e-09,4.174705981867708e-09,4.174690550183775e-09,4.174675096091334e-09,4.174659619658814e-09,4.174644120946407e-09,4.174628600016285e-09,4.17461305690764e-09,4.17459749170824e-09,4.174581904459684e-09,4.174566295226289e-09,4.1745506640629365e-09,4.174535011030055e-09,4.174519336160071e-09,4.174503639554919e-09,4.174487921248054e-09,4.174472181293079e-09,4.17445641975068e-09,4.17444063668156e-09,4.174424832120558e-09,4.1744090061557734e-09,4.174393158831062e-09,4.1743772902014e-09,4.17436140032379e-09,4.174345489253213e-09,4.174329557045053e-09,4.174313603755394e-09,4.174297629446115e-09,4.174281634156691e-09,4.174265617960812e-09,4.1742495808968635e-09,4.174233523025415e-09,4.174217444401672e-09,4.174201345083124e-09,4.174185225122282e-09,4.174169084573017e-09,4.174152923489635e-09,4.174136741923496e-09,4.174120539935551e-09,4.174104317572249e-09,4.174088074889964e-09,4.17407181193987e-09,4.174055528778619e-09,4.174039225456665e-09,4.174022902029123e-09,4.1740065585481385e-09,4.1739901950655095e-09,4.17397381163265e-09,4.1739574083050426e-09,4.173940985112693e-09,4.173924542154375e-09,4.173908079449116e-09,4.17389159703266e-09,4.173875095002533e-09,4.173858573390278e-09,4.173842032236657e-09,4.173825471607952e-09,4.173808891549215e-09,4.173792292107833e-09,4.173775673340764e-09,4.173759035293854e-09,4.173742378018098e-09,4.173725701562953e-09,4.173709005986083e-09,4.173692291331684e-09,4.173675557653168e-09,4.173658804997517e-09,4.173642033415608e-09,4.173625242956074e-09,4.1736084336628114e-09,4.173591605595656e-09,4.173574758802776e-09,4.173557893305507e-09,4.173541009198215e-09,4.173524106513913e-09,4.1735071852941795e-09,4.173490245590394e-09,4.173473287451087e-09,4.173456310924887e-09,4.173439316059223e-09,4.173422302903526e-09,4.173405271507704e-09,4.173388221921438e-09,4.173371154181976e-09,4.173354068345356e-09,4.17333696445375e-09,4.173319842560432e-09,4.173302702707954e-09,4.173285544944555e-09,4.17326836931812e-09,4.1732511758756184e-09,4.1732339646653205e-09,4.17321673573439e-09,4.173199489128561e-09,4.173182224890414e-09,4.173164943069364e-09,4.173147643707504e-09,4.1731303268540486e-09,4.1731129925341805e-09,4.173095640835482e-09,4.173078271785403e-09,4.173060885426942e-09,4.17304348179365e-09,4.173026060954054e-09,4.173008622937975e-09,4.172991167794582e-09,4.172973695571907e-09,4.172956206313932e-09,4.172938700045537e-09,4.17292117684587e-09,4.172903636725769e-09,4.1728860797581414e-09,4.172868505942654e-09,4.172850915389632e-09,4.172833308116787e-09,4.172815684153727e-09,4.1727980435619215e-09,4.1727803863658416e-09,4.172762712614281e-09,4.17274502235271e-09,4.1727273156331464e-09,4.172709592486572e-09,4.1726918529457115e-09,4.1726740970691145e-09,4.172656324900529e-09,4.172638536483495e-09,4.172620731860663e-09,4.172602911075907e-09,4.172585074155136e-09,4.172567221155787e-09,4.1725493521318155e-09,4.172531467106756e-09,4.172513566121845e-09,4.172495649213135e-09,4.172477716447933e-09,4.172459767856162e-09,4.172441803478418e-09,4.172423823349881e-09,4.172405827515264e-09,4.172387816019777e-09,4.172369788900407e-09,4.172351746198875e-09,4.172333687958569e-09,4.172315614213345e-09,4.172297524973021e-09,4.17227942031478e-09,4.17226130031302e-09,4.172243164972661e-09,4.1722250143440156e-09,4.172206848448138e-09,4.172188667332027e-09,4.172170471019887e-09,4.172152259587945e-09,4.1721340330570214e-09,4.172115791470969e-09,4.172097534860887e-09,4.172079263271525e-09,4.1720609767404625e-09,4.172042675307133e-09,4.172024359011201e-09,4.172006027889237e-09,4.171987681984221e-09,4.171969321333223e-09,4.171950945974417e-09,4.171932555946746e-09,4.171914151288232e-09,4.171895732037553e-09,4.1718772982531855e-09,4.171858849988356e-09,4.171840387193675e-09,4.171821909965322e-09,4.171803418319163e-09,4.171784912319173e-09,4.17176639198835e-09,4.171747857368428e-09,4.1717293085639545e-09,4.171710745470646e-09,4.1716921682139045e-09,4.171673576812439e-09,4.171654971309869e-09,4.171636351739284e-09,4.171617718140102e-09,4.171599070552504e-09,4.171580409002211e-09,4.171561733533211e-09,4.1715430441933484e-09,4.171524340999544e-09,4.1715056239960725e-09,4.171486893235631e-09,4.171468148722082e-09,4.171449390506301e-09,4.17143061862657e-09,4.17141183311372e-09,4.171393034008765e-09,4.1713742213469995e-09,4.171355395160596e-09,4.171336555488769e-09,4.1713177023623055e-09,4.171298835823061e-09,4.171279955899339e-09,4.17126106262893e-09,4.171242156053568e-09,4.171223236190038e-09,4.171204303094194e-09,4.171185356785338e-09,4.171166397305104e-09,4.171147424686382e-09,4.1711284389642445e-09,4.171109440170924e-09,4.171090428333323e-09,4.1710714035054824e-09,4.171052365711106e-09,4.1710333149801404e-09,4.171014251354828e-09,4.170995174854737e-09,4.170976085529884e-09,4.170956983433748e-09,4.1709378685482404e-09,4.1709187409317764e-09,4.170899600618963e-09,4.1708804476434945e-09,4.170861282037794e-09,4.170842103830417e-09,4.170822913057913e-09,4.170803709749463e-09,4.170784493894045e-09,4.170765265617491e-09,4.170746024947292e-09,4.170726771814373e-09,4.170707506343417e-09,4.170688228568642e-09,4.1706689384531874e-09,4.170649636089305e-09,4.170630321488014e-09,4.1706109946521084e-09,4.170591655629404e-09,4.170572304505089e-09,4.170552941265495e-09,4.170533565945279e-09,4.170514178550076e-09,4.170494779137206e-09,4.170475367742683e-09,4.170455944426962e-09,4.1704365091518465e-09,4.1704170619813704e-09,4.170397602971896e-09,4.17037813211486e-09,4.170358649459086e-09,4.170339155024329e-09,4.170319648867144e-09,4.1703001310038775e-09,4.170280601462217e-09,4.1702610602787936e-09,4.1702415074809416e-09,4.170221943099248e-09,4.1702023671639235e-09,4.170182779705282e-09,4.170163180753369e-09,4.170143570338466e-09,4.1701239484905005e-09,4.17010431523948e-09,4.170084670615136e-09,4.170065014647417e-09,4.1700453473658845e-09,4.170025668800337e-09,4.170005978980107e-09,4.169986277934781e-09,4.169966565693713e-09,4.169946842286241e-09,4.169927107741436e-09,4.169907362088781e-09,4.169887605357206e-09,4.1698678375757475e-09,4.169848058773166e-09,4.1698282689783614e-09,4.169808468220442e-09,4.169788656527802e-09,4.169768833929139e-09,4.169749000441685e-09,4.169729156116703e-09,4.169709300944644e-09,4.169689434994306e-09,4.169669558280719e-09,4.16964967083912e-09,4.1696297726821135e-09,4.169609863852022e-09,4.169589944356317e-09,4.169570014251331e-09,4.169550073553333e-09,4.169530122273055e-09,4.169510160463004e-09,4.169490188139312e-09,4.169470205330434e-09,4.169450212063468e-09,4.169430208365906e-09,4.169410194264985e-09,4.169390169786488e-09,4.16937013496511e-09,4.169350089785492e-09,4.169330034340383e-09,4.169309968597728e-09,4.169289892645043e-09,4.169269806447165e-09,4.169249710080431e-09,4.169229603564949e-09,4.169209486917959e-09,4.169189360160812e-09,4.16916922332481e-09,4.169149076441096e-09,4.169128919520709e-09,4.169108752592949e-09,4.16908857569417e-09,4.169068388840772e-09,4.169048192069726e-09,4.169027985430347e-09,4.1690077688923634e-09,4.1689875425019545e-09,4.168967306266719e-09,4.168947060262604e-09,4.168926804487885e-09,4.168906538968156e-09,4.168886263741999e-09,4.1688659788141015e-09,4.1688456842295e-09,4.16882537999196e-09,4.168805066142287e-09,4.168784742709721e-09,4.168764409699834e-09,4.168744067083642e-09,4.168723715010489e-09,4.168703353436579e-09,4.1686829823863195e-09,4.168662601901958e-09,4.1686422120125775e-09,4.168621812729732e-09,4.168601404080752e-09,4.168580986087204e-09,4.168560558772699e-09,4.168540122140535e-09,4.168519676288434e-09,4.168499221148773e-09,4.168478756769372e-09,4.168458283222637e-09,4.168437800502829e-09,4.168417308633381e-09,4.168396807639449e-09,4.168376297544359e-09,4.168355778360973e-09,4.168335250133233e-09,4.16831471287377e-09,4.168294166605181e-09,4.1682736113535684e-09,4.168253047143661e-09,4.168232473997648e-09,4.168211891938166e-09,4.168191301075707e-09,4.1681707012627445e-09,4.168150092603736e-09,4.1681294751244295e-09,4.1681088488479786e-09,4.16808821379757e-09,4.168067569996024e-09,4.168046917467116e-09,4.168026256231765e-09,4.168005586313894e-09,4.167984907736085e-09,4.16796422052106e-09,4.16794352469146e-09,4.167922820269696e-09,4.167902107276191e-09,4.167881385740078e-09,4.167860655681223e-09,4.167839917110811e-09,4.167819170029979e-09,4.16779841452925e-09,4.167777650627994e-09,4.167756878268831e-09,4.167736097520857e-09,4.167715308417403e-09,4.167694510953635e-09,4.167673705146894e-09,4.16765289105421e-09,4.167632068671523e-09,4.1676112380282785e-09,4.167590399150625e-09,4.167569552054107e-09,4.167548696762244e-09,4.167527833295636e-09,4.167506961675417e-09,4.167486081923049e-09,4.1674651940598675e-09,4.16744429810702e-09,4.16742339408575e-09,4.1674024820171e-09,4.167381561921999e-09,4.167360633830638e-09,4.167339697761291e-09,4.167318753680044e-09,4.16729780171238e-09,4.167276841833353e-09,4.167255874039581e-09,4.16723489833744e-09,4.167213914749547e-09,4.167192923356912e-09,4.167171924152596e-09,4.1671509171484785e-09,4.167129902366555e-09,4.167108879818341e-09,4.1670878495414384e-09,4.1670668115435346e-09,4.1670457658324874e-09,4.1670247125083595e-09,4.167003651478562e-09,4.166982582810614e-09,4.1669615065284365e-09,4.166940422639368e-09,4.166919331182524e-09,4.166898232171777e-09,4.1668771256224595e-09,4.166856011556199e-09,4.166834890020158e-09,4.166813760977569e-09,4.166792624480346e-09,4.166771480543781e-09,4.166750329181889e-09,4.166729170451522e-09,4.166708004310254e-09,4.166686830875869e-09,4.166665650041322e-09,4.166644461859462e-09,4.166623266396674e-09,4.166602063636759e-09,4.166580853604989e-09,4.1665596363326995e-09,4.166538411833112e-09,4.166517180124189e-09,4.166495941225178e-09,4.166474695155207e-09,4.16645344193286e-09,4.1664321815772405e-09,4.166410914106199e-09,4.166389639539709e-09,4.166368357895365e-09,4.1663470691917455e-09,4.16632577344603e-09,4.166304470709657e-09,4.166283160913242e-09,4.166261844204488e-09,4.1662405204821124e-09,4.1662191898079316e-09,4.166197852202814e-09,4.166176507685586e-09,4.1661551562952205e-09,4.166133798006249e-09,4.166112432860335e-09,4.166091060875193e-09,4.166069682063148e-09,4.166048296446021e-09,4.166026904042236e-09,4.1660055048708174e-09,4.165984098945503e-09,4.16596268628853e-09,4.165941266907348e-09,4.165919840833017e-09,4.165898408079208e-09,4.1658769686615945e-09,4.165855522661937e-09,4.1658340699440855e-09,4.1658126106372065e-09,4.165791144738854e-09,4.16576967223984e-09,4.1657481932040055e-09,4.1657267076233276e-09,4.165705215516949e-09,4.165683716892994e-09,4.165662211785806e-09,4.165640700204358e-09,4.165619182220937e-09,4.165597657741382e-09,4.165576126834609e-09,4.165554589524453e-09,4.1655330458139466e-09,4.165511495711959e-09,4.165489939286175e-09,4.1654683765161124e-09,4.165446807428855e-09,4.1654252320278786e-09,4.165403650342793e-09,4.1653820623843535e-09,4.165360468167948e-09,4.165338867710578e-09,4.1653172610293606e-09,4.165295648137549e-09,4.165274029054182e-09,4.165252403795857e-09,4.1652307723778705e-09,4.165209134816139e-09,4.1651874911205815e-09,4.165165841319411e-09,4.165144185416002e-09,4.165122523440657e-09,4.165100855401084e-09,4.165079181303024e-09,4.165057501175966e-09,4.1650358150308555e-09,4.1650141228933575e-09,4.164992424759805e-09,4.164970720664842e-09,4.164949010616826e-09,4.164927294622236e-09,4.16490557270522e-09,4.1648838448811365e-09,4.164862111165265e-09,4.164840371579259e-09,4.164818626126708e-09,4.164796874835985e-09,4.164775117714045e-09,4.164753354771682e-09,4.164731586069719e-09,4.164709811543099e-09,4.164688031248179e-09,4.16466624519916e-09,4.16464445340727e-09,4.164622655895455e-09,4.164600852663837e-09,4.164579043742912e-09,4.164557229159749e-09,4.1645354088947355e-09,4.164513582983109e-09,4.164491751439745e-09,4.1644699142662006e-09,4.164448071492882e-09,4.164426223133976e-09,4.164404369190546e-09,4.16438250969535e-09,4.164360644657114e-09,4.164338774082106e-09,4.164316897991937e-09,4.164295016400972e-09,4.164273129314024e-09,4.164251236751615e-09,4.164229338732557e-09,4.164207435265139e-09,4.1641855263688335e-09,4.164163612052607e-09,4.164141692335369e-09,4.1641197672292674e-09,4.1640978367451394e-09,4.1640759008748886e-09,4.164053959657004e-09,4.1640320131336855e-09,4.164010061265893e-09,4.163988104090019e-09,4.163966141620835e-09,4.163944173894e-09,4.1639222008885625e-09,4.163900222634692e-09,4.163878239238709e-09,4.163856250505315e-09,4.163834256619542e-09,4.163812257590982e-09,4.163790253321412e-09,4.163768243862849e-09,4.16374622927793e-09,4.163724209549381e-09,4.163702184694198e-09,4.163680154739332e-09,4.163658119670391e-09,4.163636079518024e-09,4.163614034286909e-09,4.163591983985449e-09,4.163569928637963e-09,4.163547868256358e-09,4.163525802848883e-09,4.163503732464414e-09,4.163481657057123e-09,4.163459576687998e-09,4.163437491349e-09,4.163415401041233e-09,4.163393305812403e-09,4.163371205645327e-09,4.163349100543266e-09,4.163326990558045e-09,4.163304875681872e-09,4.163282755932911e-09,4.163260631315727e-09,4.1632385018503606e-09,4.16321636750876e-09,4.163194228376592e-09,4.163172084396614e-09,4.163149935597124e-09,4.163127782020923e-09,4.163105623713012e-09,4.163083460566971e-09,4.163061292723076e-09,4.163039120142642e-09,4.163016942866695e-09,4.162994760876769e-09,4.162972574174288e-09,4.162950382789385e-09,4.162928186702033e-09,4.1629059859865815e-09,4.162883780611764e-09,4.1628615705954675e-09,4.162839355945791e-09,4.1628171366859914e-09,4.1627949128151235e-09,4.16277268435237e-09,4.162750451308478e-09,4.162728213700532e-09,4.162705971547119e-09,4.162683724839255e-09,4.162661473598625e-09,4.162639217841223e-09,4.162616957549497e-09,4.162594692751396e-09,4.162572423494457e-09,4.1625501497710524e-09,4.16252787158547e-09,4.162505588929526e-09,4.162483301851249e-09,4.162461010366913e-09,4.162438714448807e-09,4.1624164141658e-09,4.162394109455078e-09,4.162371800395167e-09,4.162349486972286e-09,4.162327169159172e-09,4.162304846990469e-09,4.1622825204828285e-09,4.162260189666143e-09,4.162237854588199e-09,4.162215515193958e-09,4.162193171479536e-09,4.162170823485022e-09,4.162148471186253e-09,4.16212611465895e-09,4.1621037539606106e-09,4.162081388976389e-09,4.162059019766591e-09,4.162036646344642e-09,4.162014268764555e-09,4.161991886964438e-09,4.1619695009784385e-09,4.1619471108307654e-09,4.161924716517505e-09,4.161902318066261e-09,4.161879915481825e-09,4.161857508779377e-09,4.1618350979712046e-09,4.161812683054955e-09,4.1617902640535484e-09,4.16176784095869e-09,4.161745413812894e-09,4.161722982608353e-09,4.161700547357049e-09,4.1616781080711315e-09,4.1616556647583e-09,4.161633217435983e-09,4.161610766101534e-09,4.1615883107673296e-09,4.161565851456034e-09,4.161543388170527e-09,4.16152092092522e-09,4.161498449733959e-09,4.1614759745961886e-09,4.161453495511932e-09,4.161431012528375e-09,4.161408525607898e-09,4.161386034793496e-09,4.161363540085054e-09,4.161341041485684e-09,4.16131853903124e-09,4.161296032711157e-09,4.161273522545448e-09,4.161251008540453e-09,4.161228490704256e-09,4.16120596899508e-09,4.161183443528568e-09,4.161160914264277e-09,4.161138381210501e-09,4.16111584438061e-09,4.16109330378112e-09,4.161070759422136e-09,4.1610482113104504e-09,4.161025659414399e-09,4.161003103835977e-09,4.1609805445377935e-09,4.160957981527396e-09,4.1609354148184395e-09,4.160912844418721e-09,4.160890270337952e-09,4.160867692585898e-09,4.160845111173998e-09,4.160822526108146e-09,4.160799937400178e-09,4.160777345059083e-09,4.160754749094812e-09,4.160732149516772e-09,4.1607095463366405e-09,4.160686939559808e-09,4.160664329214879e-09,4.160641715279537e-09,4.160619097758563e-09,4.160596476666075e-09,4.160573852052022e-09,4.1605512238958765e-09,4.160528592216479e-09,4.160505956982986e-09,4.160483318273342e-09,4.160460676063228e-09,4.160438030360318e-09,4.160415381140312e-09,4.160392728482724e-09,4.160370072371259e-09,4.1603474128080865e-09,4.160324749789318e-09,4.16030208336687e-09,4.160279413480859e-09,4.160256740210654e-09,4.1602340634976155e-09,4.16021138338105e-09,4.160188699886159e-09,4.160166013001791e-09,4.1601433227445385e-09,4.160120629114375e-09,4.1600979321276895e-09,4.160075231794814e-09,4.160052528123408e-09,4.160029821121423e-09,4.16000711076929e-09,4.159984397156311e-09,4.159961680217564e-09,4.159938959983377e-09,4.159916236460914e-09,4.1598935096632104e-09,4.159870779596308e-09,4.159848046268581e-09,4.1598253096998344e-09,4.159802569878548e-09,4.159779826855873e-09,4.159757080594245e-09,4.159734331091796e-09,4.159711578379422e-09,4.159688822467973e-09,4.159666063357733e-09,4.159643300975663e-09,4.159620535518732e-09,4.1595977668813225e-09,4.1595749950807485e-09,4.1595522201408785e-09,4.15952944206079e-09,4.1595066608705665e-09,4.159483876565726e-09,4.159461089124896e-09,4.1594382985675376e-09,4.159415504909535e-09,4.159392708190329e-09,4.159369908307268e-09,4.159347105391557e-09,4.159324299414202e-09,4.159301490430609e-09,4.1592786783426486e-09,4.1592558632105036e-09,4.159233045041358e-09,4.159210223862313e-09,4.159187399662633e-09,4.1591645724427655e-09,4.159141742208033e-09,4.1591189090354105e-09,4.159096072886317e-09,4.159073233702311e-09,4.159050391537492e-09,4.1590275464135085e-09,4.159004698337475e-09,4.158981847287885e-09,4.158958993317074e-09,4.158936136408859e-09,4.1589132766035015e-09,4.158890413853686e-09,4.158867548201616e-09,4.158844679642142e-09,4.158821808162244e-09,4.158798933824171e-09,4.158776056597834e-09,4.158753176510159e-09,4.158730293532579e-09,4.158707407725255e-09,4.158684519105762e-09,4.1586616276115815e-09,4.1586387332843235e-09,4.158615836109492e-09,4.158592936138243e-09,4.158570033354137e-09,4.15854712774156e-09,4.158524219377629e-09,4.158501308227876e-09,4.158478394279179e-09,4.158455477535987e-09,4.158432558048885e-09,4.158409635797463e-09,4.158386710846927e-09,4.158363783107559e-09,4.1583408526260075e-09,4.158317919413903e-09,4.158294983479023e-09,4.158272044837795e-09,4.158249103429027e-09,4.158226159370411e-09,4.1582032126197166e-09,4.1581802631864926e-09,4.158157311081648e-09,4.15813435629677e-09,4.158111398803928e-09,4.158088438669726e-09,4.158065475903364e-09,4.158042510501355e-09,4.158019542462906e-09,4.157996571755608e-09,4.1579735984574634e-09,4.157950622494946e-09,4.157927643971246e-09,4.1579046628436765e-09,4.157881679123516e-09,4.157858692813091e-09,4.1578357039265665e-09,4.157812712538708e-09,4.157789718521848e-09,4.157766721926321e-09,4.157743722779829e-09,4.157720721060421e-09,4.157697716820112e-09,4.157674710058971e-09,4.1576517007664545e-09,4.1576286889532675e-09,4.157605674632452e-09,4.157582657786586e-09,4.1575596385721815e-09,4.157536616740026e-09,4.157513592443155e-09,4.157490565647958e-09,4.157467536375274e-09,4.15744450463578e-09,4.157421470447249e-09,4.157398433878458e-09,4.15737539477697e-09,4.157352353250544e-09,4.157329309272826e-09,4.157306262890374e-09,4.157283214070328e-09,4.157260162835524e-09,4.157237109188133e-09,4.157214053125338e-09,4.15719099465469e-09,4.157167933801731e-09,4.157144870580503e-09,4.15712180496668e-09,4.157098737050661e-09,4.1570756667298476e-09,4.157052594041474e-09,4.1570295190468576e-09,4.1570064416591284e-09,4.15698336189036e-09,4.156960279844703e-09,4.156937195462645e-09,4.1569141088176555e-09,4.1568910198015355e-09,4.1568679284750404e-09,4.156844834855925e-09,4.156821738930906e-09,4.156798640720413e-09,4.1567755402293145e-09,4.156752437458935e-09,4.15672933241734e-09,4.156706225113992e-09,4.156683115546543e-09,4.156660003727126e-09,4.156636889669763e-09,4.1566137733192916e-09,4.156590654776834e-09,4.156567534014719e-09,4.156544411027835e-09,4.156521285843851e-09,4.156498158415934e-09,4.156475028848627e-09,4.156451897045077e-09,4.156428763032156e-09,4.156405626837979e-09,4.156382488448732e-09,4.156359347893428e-09,4.1563362051568935e-09,4.15631306031201e-09,4.156289913252189e-09,4.156266764044857e-09,4.156243612694079e-09,4.156220459203073e-09,4.156197303575956e-09,4.156174145823272e-09,4.156150985962706e-09,4.156127823970203e-09,4.156104659797171e-09,4.156081493578622e-09,4.156058325259552e-09,4.1560351548766364e-09,4.1560119823345396e-09,4.155988807746007e-09,4.155965631072136e-09,4.155942452367376e-09,4.1559192715590424e-09,4.155896088688927e-09,4.155872903802649e-09,4.155849716840858e-09,4.1558265278258324e-09,4.155803336762892e-09,4.15578014367391e-09,4.155756948547461e-09,4.155733751397358e-09,4.1557105522424e-09,4.155687351063181e-09,4.1556641478721405e-09,4.1556409426847205e-09,4.155617735510861e-09,4.155594526336231e-09,4.155571315216329e-09,4.155548102081272e-09,4.155524886965828e-09,4.155501669952172e-09,4.1554784509246474e-09,4.155455229900934e-09,4.15543200693754e-09,4.155408782027301e-09,4.155385555188105e-09,4.155362326393631e-09,4.1553390956687305e-09,4.155315863017064e-09,4.155292628452526e-09,4.155269391962319e-09,4.155246153560598e-09,4.155222913253719e-09,4.155199671042472e-09,4.155176426949646e-09,4.155153180951472e-09,4.155129933065674e-09,4.155106683314167e-09,4.155083431687721e-09,4.155060178177081e-09,4.155036922798436e-09,4.15501366552287e-09,4.154990406446507e-09,4.154967145503188e-09,4.1549438827037156e-09,4.154920618070981e-09,4.154897351602946e-09,4.154874083302753e-09,4.154850813176904e-09,4.1548275412295275e-09,4.154804267468559e-09,4.154780991930064e-09,4.15475771455457e-09,4.1547344353735976e-09,4.154711154431432e-09,4.154687871661153e-09,4.1546645871053664e-09,4.154641300769976e-09,4.154618012655162e-09,4.154594722769019e-09,4.154571431112784e-09,4.154548137696373e-09,4.1545248425227585e-09,4.154501545611717e-09,4.154478246939e-09,4.154454946520705e-09,4.154431644364825e-09,4.154408340472717e-09,4.154385034869401e-09,4.154361727521298e-09,4.154338418438619e-09,4.154315107658145e-09,4.154291795164567e-09,4.15426848096559e-09,4.1542451650660906e-09,4.154221847470226e-09,4.154198528180143e-09,4.154175207200436e-09,4.154151884539093e-09,4.154128560202259e-09,4.1541052341872895e-09,4.154081906503689e-09,4.154058577132525e-09,4.154035246123326e-09,4.154011913463057e-09,4.15398857915143e-09,4.153965243192913e-09,4.15394190562902e-09,4.153918566391889e-09,4.153895225525708e-09,4.153871883023583e-09,4.153848538896906e-09,4.153825193150415e-09,4.153801845790782e-09,4.153778496822492e-09,4.153755146244197e-09,4.153731794100785e-09,4.153708440326812e-09,4.153685084951463e-09,4.153661727985516e-09,4.153638369439263e-09,4.153615009309545e-09,4.153591647624074e-09,4.153568284354496e-09,4.153544919512334e-09,4.1535215531061484e-09,4.153498185135021e-09,4.15347481561348e-09,4.153451444544983e-09,4.1534280719304415e-09,4.153404697773294e-09,4.153381322077624e-09,4.15335794486271e-09,4.153334566104911e-09,4.153311185823367e-09,4.153287804020165e-09,4.153264420706649e-09,4.153241035872961e-09,4.15321764958408e-09,4.1531942617433234e-09,4.153170872395637e-09,4.153147481571866e-09,4.153124089236148e-09,4.1531006954118035e-09,4.153077300104644e-09,4.153053903322149e-09,4.153030505060767e-09,4.153007105326617e-09,4.152983704125297e-09,4.152960301460059e-09,4.152936897333353e-09,4.1529134917569894e-09,4.152890084732175e-09,4.152866676255701e-09,4.152843266334887e-09,4.1528198549781935e-09,4.152796442183388e-09,4.1527730279597664e-09,4.152749612308745e-09,4.152726195230746e-09,4.152702776734913e-09,4.152679356821929e-09,4.1526559354751605e-09,4.152632512739742e-09,4.152609088606605e-09,4.152585663049421e-09,4.152562236114149e-09,4.152538807787837e-09,4.1525153780777346e-09,4.15249194698126e-09,4.152468514481171e-09,4.152445080619734e-09,4.152421645392194e-09,4.152398208789633e-09,4.152374770823673e-09,4.152351331499534e-09,4.1523278908130914e-09,4.1523044487780276e-09,4.1522810053864785e-09,4.152257560648175e-09,4.152234114585146e-09,4.152210667163751e-09,4.152187218407038e-09,4.152163768306737e-09,4.152140316888074e-09,4.152116864155868e-09,4.152093410097581e-09,4.152069954720452e-09,4.152046498027204e-09,4.152023040029617e-09,4.1519995807215405e-09,4.151976120107556e-09,4.151952658242907e-09,4.151929195039469e-09,4.151905730540528e-09,4.1518822647528525e-09,4.151858797686625e-09,4.151835329336852e-09,4.1518118597062326e-09,4.151788388795392e-09,4.151764916612456e-09,4.151741443147826e-09,4.15171796843001e-09,4.151694492465499e-09,4.151671015244749e-09,4.151647536761751e-09,4.151624057033006e-09,4.151600576064582e-09,4.151577093867888e-09,4.151553610417928e-09,4.151530125737978e-09,4.151506639828398e-09,4.1514831526758346e-09,4.151459664296947e-09,4.151436174707203e-09,4.15141268389511e-09,4.151389191863377e-09,4.151365698627505e-09,4.1513422041814875e-09,4.15131870859519e-09,4.151295211745685e-09,4.151271713736234e-09,4.151248214494294e-09,4.151224714056419e-09,4.151201212435639e-09,4.151177709630949e-09,4.1511542056430325e-09,4.1511307004724224e-09,4.151107194136178e-09,4.151083686625032e-09,4.151060177946076e-09,4.151036668107409e-09,4.151013157105114e-09,4.1509896449719606e-09,4.150966131651552e-09,4.1509426172494274e-09,4.150919101639843e-09,4.1508955848800856e-09,4.1508720669788614e-09,4.150848547971851e-09,4.150825027796888e-09,4.150801506488683e-09,4.150777984052681e-09,4.1507544604898774e-09,4.150730935803079e-09,4.1507074099976254e-09,4.150683883069051e-09,4.150660355036774e-09,4.15063682588964e-09,4.150613295633477e-09,4.150589764280029e-09,4.1505662318199186e-09,4.150542698272368e-09,4.150519163625898e-09,4.15049562792104e-09,4.150472091095484e-09,4.150448553190455e-09,4.150425014200669e-09,4.150401474126875e-09,4.150377932970082e-09,4.150354390751085e-09,4.150330847462676e-09,4.150307303109851e-09,4.150283757737055e-09,4.150260211273936e-09,4.150236663734863e-09,4.150213115146499e-09,4.150189565551863e-09,4.150166014865226e-09,4.150142463131728e-09,4.150118910350015e-09,4.150095356537451e-09,4.150071801688405e-09,4.150048245805396e-09,4.150024688882256e-09,4.1500011309365105e-09,4.149977571966269e-09,4.1499540119973575e-09,4.149930450986531e-09,4.1499068889651485e-09,4.149883325930191e-09,4.149859761887379e-09,4.1498361968424835e-09,4.149812630785336e-09,4.1497890637230005e-09,4.149765495672603e-09,4.149741926611053e-09,4.149718356571309e-09,4.149694785533896e-09,4.1496712135105926e-09,4.149647640506746e-09,4.149624066510006e-09,4.149600491565518e-09,4.149576915619594e-09,4.149553338703234e-09,4.149529760807414e-09,4.149506181954782e-09,4.149482602134059e-09,4.149459021349215e-09,4.1494354395937075e-09,4.149411856897664e-09,4.149388273251336e-09,4.149364688649715e-09,4.149341103102714e-09,4.149317516609807e-09,4.149293929172928e-09,4.149270340802544e-09,4.1492467514935454e-09,4.1492231612380556e-09,4.149199570058576e-09,4.149175978003789e-09,4.149152384952353e-09,4.14912879100131e-09,4.1491051961161265e-09,4.149081600314329e-09,4.14905800360425e-09,4.149034405988422e-09,4.149010807453784e-09,4.148987208003191e-09,4.148963607656334e-09,4.1489400063993045e-09,4.148916404249844e-09,4.148892801180671e-09,4.148869197241053e-09,4.148845592418841e-09,4.148821986701543e-09,4.148798380098892e-09,4.148774772614592e-09,4.1487511642374796e-09,4.148727554992359e-09,4.148703944876721e-09,4.148680333871454e-09,4.1486567219954896e-09,4.148633109267389e-09,4.148609495668952e-09,4.148585881202969e-09,4.148562265888337e-09,4.1485386497081175e-09,4.148515032666915e-09,4.148491414779702e-09,4.148467796042453e-09,4.148444176441505e-09,4.1484205559822564e-09,4.148396934701784e-09,4.148373312585769e-09,4.148349689625086e-09,4.148326065816578e-09,4.148302441188356e-09,4.148278815782934e-09,4.148255189507979e-09,4.148231562411635e-09,4.148207934468511e-09,4.1481843057065455e-09,4.1481606761274105e-09,4.148137045726922e-09,4.148113414530197e-09,4.148089782518152e-09,4.148066149697051e-09,4.148042516083128e-09,4.148018881643357e-09,4.147995246403022e-09,4.147971610363404e-09,4.147947973518916e-09,4.147924335930793e-09,4.147900697517089e-09,4.147877058310716e-09,4.147853418309994e-09,4.1478297775309e-09,4.147806135946908e-09,4.147782493597846e-09,4.147758850481957e-09,4.147735206562051e-09,4.1477115618870586e-09,4.147687916437969e-09,4.147664270225751e-09,4.1476406232513346e-09,4.147616975497948e-09,4.147593326983882e-09,4.147569677715015e-09,4.147546027701074e-09,4.147522376916005e-09,4.14749872538869e-09,4.147475073101869e-09,4.1474514200668555e-09,4.147427766286515e-09,4.147404111764197e-09,4.147380456488441e-09,4.147356800492433e-09,4.147333143759548e-09,4.147309486284198e-09,4.14728582807765e-09,4.147262169138445e-09,4.1472385094639394e-09,4.147214849071522e-09,4.1471911879552366e-09,4.1471675261174795e-09,4.147143863565093e-09,4.147120200299206e-09,4.147096536321882e-09,4.147072871619722e-09,4.14704920620686e-09,4.147025540082137e-09,4.147001873253124e-09,4.14697820572854e-09,4.14695453750457e-09,4.14693086856757e-09,4.146907198934426e-09,4.146883528607992e-09,4.146859857600508e-09,4.1468361858952195e-09,4.146812513469325e-09,4.146788840375079e-09,4.146765166602894e-09,4.1467414921462586e-09,4.1467178169979164e-09,4.14669414117876e-09,4.146670464703002e-09,4.146646787535639e-09,4.146623109727486e-09,4.1465994312814854e-09,4.146575752091019e-09,4.1465520722498666e-09,4.14652839173845e-09,4.146504710564374e-09,4.1464810287301415e-09,4.146457346257672e-09,4.146433663077367e-09,4.14640997928747e-09,4.146386294832824e-09,4.1463626097347455e-09,4.14633892398429e-09,4.146315237590149e-09,4.146291550551152e-09,4.1462678628608426e-09,4.1462441745241e-09,4.14622048556391e-09,4.146196795970642e-09,4.146173105747302e-09,4.146149414883883e-09,4.146125723389916e-09,4.146102031270984e-09,4.1460783385228265e-09,4.1460546451508675e-09,4.146030951160663e-09,4.146007256588576e-09,4.145983561403714e-09,4.145959865549364e-09,4.145936169087205e-09,4.1459124720114975e-09,4.145888774327906e-09,4.14586507603516e-09,4.145841377153755e-09,4.1458176776343566e-09,4.145793977480667e-09,4.145770276770399e-09,4.145746575460398e-09,4.14572287354308e-09,4.14569917109609e-09,4.145675468000504e-09,4.145651764314696e-09,4.14562806000476e-09,4.145604355140877e-09,4.14558064969116e-09,4.145556943591644e-09,4.145533236978462e-09,4.14550952979842e-09,4.145485822026263e-09,4.145462113678035e-09,4.145438404751832e-09,4.145414695255419e-09,4.145390985177672e-09,4.145367274538967e-09,4.145343563332131e-09,4.145319851559716e-09,4.1452961392260215e-09,4.1452724264014926e-09,4.145248712939218e-09,4.145224998923203e-09,4.145201284364783e-09,4.145177569239802e-09,4.1451538535609715e-09,4.145130137328542e-09,4.145106420546492e-09,4.14508270321917e-09,4.1450589853538e-09,4.145035266934008e-09,4.145011547980386e-09,4.144987828477587e-09,4.144964108436091e-09,4.144940387857446e-09,4.144916666762678e-09,4.144892945114973e-09,4.144869222936281e-09,4.144845500242171e-09,4.14482177700405e-09,4.1447980532401874e-09,4.144774328950454e-09,4.144750604154115e-09,4.144726878822056e-09,4.14470315298466e-09,4.1446794266203476e-09,4.144655699728489e-09,4.1446319723269905e-09,4.14460824441022e-09,4.1445845159835795e-09,4.144560787062983e-09,4.144537057631935e-09,4.14451332767998e-09,4.1444895972258136e-09,4.14446586626156e-09,4.1444421348065286e-09,4.1444184028479224e-09,4.144394670430309e-09,4.14437093747891e-09,4.144347204021007e-09,4.144323470081084e-09,4.144299735634254e-09,4.144276000698122e-09,4.144252265333529e-09,4.144228529397547e-09,4.144204793017914e-09,4.144181056154121e-09,4.144157318801195e-09,4.144133580985017e-09,4.144109842688663e-09,4.144086103904741e-09,4.1440623646523264e-09,4.144038624927852e-09,4.144014884719855e-09,4.143991144046943e-09,4.143967402907674e-09,4.143943661317391e-09,4.143919919260276e-09,4.14389617672263e-09,4.143872433729695e-09,4.143848690288193e-09,4.143824946377997e-09,4.1438012020192075e-09,4.143777457184753e-09,4.143753711906462e-09,4.143729966163597e-09,4.1437062199921625e-09,4.143682473371178e-09,4.143658726278738e-09,4.143634978759749e-09,4.143611230781174e-09,4.1435874823579645e-09,4.143563733470944e-09,4.143539984155263e-09,4.143516234407785e-09,4.143492484220664e-09,4.143468733600983e-09,4.143444982553215e-09,4.143421231058386e-09,4.143397479133198e-09,4.143373726777701e-09,4.143349973990652e-09,4.143326220778846e-09,4.1433024671411095e-09,4.14327871307573e-09,4.143254958597453e-09,4.143231203680473e-09,4.143207448354635e-09,4.143183692609097e-09,4.143159936484579e-09,4.1431361799017386e-09,4.143112422911505e-09,4.143088665524255e-09,4.1430649076435065e-09,4.1430411494355205e-09,4.143017390801748e-09,4.142993631761516e-09,4.142969872333035e-09,4.142946112501374e-09,4.142922352266797e-09,4.142898591612512e-09,4.142874830548419e-09,4.1428510690960475e-09,4.1428273072389485e-09,4.142803544994404e-09,4.1427797823452836e-09,4.142756019302463e-09,4.142732255870963e-09,4.142708492044748e-09,4.142684727841734e-09,4.1426609632457934e-09,4.142637198271076e-09,4.142613432912298e-09,4.1425896671707e-09,4.142565901050041e-09,4.142542134546776e-09,4.1425183676652085e-09,4.142494600406084e-09,4.1424708327710375e-09,4.142447064763627e-09,4.142423296383962e-09,4.142399527632393e-09,4.1423757585093226e-09,4.14235198901717e-09,4.1423282191569855e-09,4.1423044489304805e-09,4.142280678338798e-09,4.1422569073832925e-09,4.142233136066294e-09,4.1422093643872216e-09,4.142185592348556e-09,4.142161819951502e-09,4.142138047196989e-09,4.142114274086705e-09,4.14209050062187e-09,4.142066726804057e-09,4.1420429526342745e-09,4.142019178112786e-09,4.141995403243045e-09,4.141971628025322e-09,4.14194785247749e-09,4.141924076565991e-09,4.141900300332015e-09,4.141876523735445e-09,4.141852746794724e-09,4.141828969514169e-09,4.14180519184156e-09,4.141781413886541e-09,4.14175763559552e-09,4.1417338569693105e-09,4.141710078009631e-09,4.141686298717296e-09,4.14166251909431e-09,4.1416387391403475e-09,4.141614958856863e-09,4.141591178248613e-09,4.141567397312001e-09,4.141543616050145e-09,4.141519834459438e-09,4.1414960525494805e-09,4.141472270320049e-09,4.1414484877771396e-09,4.141424704909381e-09,4.1414009217260486e-09,4.141377138220791e-09,4.141353354403457e-09,4.14132957027183e-09,4.141305785828306e-09,4.141282001072482e-09,4.141258216008342e-09,4.141234430627483e-09,4.141210644948377e-09,4.141186858960752e-09,4.141163072658748e-09,4.141139286061501e-09,4.141115499154014e-09,4.141091711948633e-09,4.141067924518607e-09,4.141044136717019e-09,4.141020348631827e-09,4.14099656018983e-09,4.1409727715237e-09,4.140948982544138e-09,4.1409251932633904e-09,4.14090140368525e-09,4.140877613820548e-09,4.140853823661585e-09,4.14083003321413e-09,4.140806242482334e-09,4.14078245146588e-09,4.140758660160753e-09,4.14073486857349e-09,4.1407110767053286e-09,4.140687284550465e-09,4.140663492118129e-09,4.1406396994052586e-09,4.140615906407698e-09,4.140592113133855e-09,4.140568319587395e-09,4.140544525768647e-09,4.1405207316828405e-09,4.140496937315427e-09,4.14047314267351e-09,4.140449347763326e-09,4.140425552587059e-09,4.140401757139882e-09,4.140377961435597e-09,4.140354165453815e-09,4.1403303692644976e-09,4.140306572754489e-09,4.140282775982949e-09,4.14025897894943e-09,4.14023518165423e-09,4.140211384142189e-09,4.14018758632824e-09,4.140163788212103e-09,4.14013998988475e-09,4.140116191302368e-09,4.1400923924966735e-09,4.140068593412548e-09,4.140044794087805e-09,4.140020994488612e-09,4.1399971946419865e-09,4.1399733945670115e-09,4.13994959422772e-09,4.1399257936438595e-09,4.1399019928092995e-09,4.139878191750482e-09,4.139854390330562e-09,4.13983058876563e-09,4.139806786891146e-09,4.139782984850831e-09,4.139759182483668e-09,4.139735379966184e-09,4.139711577230302e-09,4.139687774207797e-09,4.139663970985993e-09,4.139640167528928e-09,4.139616363851301e-09,4.139592559927416e-09,4.139568755806334e-09,4.1395449514213576e-09,4.1395211468108256e-09,4.13949734195199e-09,4.139473536919749e-09,4.139449731562327e-09,4.139425926052568e-09,4.13940212029283e-09,4.139378314328972e-09,4.139354508167646e-09,4.139330701768557e-09,4.139306895151092e-09,4.139283088289689e-09,4.139259281211014e-09,4.13923547397318e-09,4.1392116665221655e-09,4.1391878588540455e-09,4.1391640509556096e-09,4.139140242845777e-09,4.139116434420732e-09,4.13909262589186e-09,4.139068817143985e-09,4.139045008232856e-09,4.139021199078737e-09,4.138997389708408e-09,4.138973580116241e-09,4.1389497703203795e-09,4.138925960336101e-09,4.138902150128701e-09,4.138878339725821e-09,4.138854529123295e-09,4.138830718301775e-09,4.1388069072988295e-09,4.1387830960979246e-09,4.138759284716028e-09,4.1387354731214e-09,4.138711661446865e-09,4.1386878494627524e-09,4.138664037282476e-09,4.138640224925802e-09,4.1386164123907e-09,4.138592599652181e-09,4.1385687867129976e-09,4.138544973584673e-09,4.138521160266479e-09,4.138497346780852e-09,4.138473533107237e-09,4.138449719251461e-09,4.138425905188857e-09,4.138402090943325e-09,4.138378276523629e-09,4.1383544619192384e-09,4.138330647134399e-09,4.138306832175533e-09,4.138283017031158e-09,4.1382592017168716e-09,4.138235386229702e-09,4.1382115705630665e-09,4.1381877547208445e-09,4.138163938633377e-09,4.138140122536047e-09,4.138116306177619e-09,4.13809248964618e-09,4.138068672944594e-09,4.138044856073757e-09,4.1380210390326485e-09,4.1379972218528374e-09,4.137973404479033e-09,4.137949587011559e-09,4.13792576930744e-09,4.137901951439338e-09,4.137878133408439e-09,4.137854315175894e-09,4.137830496840325e-09,4.13780667834433e-09,4.1377828596325495e-09,4.137759040819715e-09,4.137735221847397e-09,4.137711402719457e-09,4.137687583435861e-09,4.137663763994584e-09,4.137639944400917e-09,4.1376161246520324e-09,4.137592304735968e-09,4.1375684846531206e-09,4.137544664429418e-09,4.13752084407652e-09,4.13749702357625e-09,4.137473202904511e-09,4.13744938208878e-09,4.1374255611445036e-09,4.137401740034122e-09,4.137377918837538e-09,4.137354097457616e-09,4.1373302759199215e-09,4.137306454238635e-09,4.137282632423804e-09,4.137258810461367e-09,4.137234988370088e-09,4.137211166102281e-09,4.137187343727769e-09,4.137163521206449e-09,4.1371396985588156e-09,4.137115875765529e-09,4.137092052837454e-09,4.137068229742833e-09,4.13704440654696e-09,4.137020583218296e-09,4.1369967597576854e-09,4.1369729361712315e-09,4.13694911244987e-09,4.136925288598908e-09,4.136901464619284e-09,4.136877640512233e-09,4.136853816278463e-09,4.136829991918354e-09,4.136806167430704e-09,4.136782342820546e-09,4.136758518087002e-09,4.136734693230723e-09,4.1367108682496794e-09,4.136687043147365e-09,4.136663217927194e-09,4.136639392586669e-09,4.1366155671249556e-09,4.13659174154505e-09,4.136567915847643e-09,4.1365440900336295e-09,4.136520264106169e-09,4.136496438061118e-09,4.136472611901752e-09,4.136448785628765e-09,4.136424959243097e-09,4.136401132741506e-09,4.1363773061325195e-09,4.136353479412985e-09,4.136329652583678e-09,4.1363058256454284e-09,4.136281998595255e-09,4.13625817144134e-09,4.136234344180675e-09,4.136210516810363e-09,4.136186689338622e-09,4.136162861758624e-09,4.136139034074915e-09,4.136115206288289e-09,4.136091378399501e-09,4.136067550409226e-09,4.136043722318239e-09,4.136019894127399e-09,4.135996065837127e-09,4.135972237448359e-09,4.13594840896195e-09,4.135924580378544e-09,4.135900751698741e-09,4.135876922923404e-09,4.1358530940532796e-09,4.135829265089086e-09,4.135805436031418e-09,4.1357816068812225e-09,4.1357577776391254e-09,4.135733948305675e-09,4.135710118881726e-09,4.135686289368098e-09,4.13566245976549e-09,4.135638630074547e-09,4.135614800295926e-09,4.135590970430659e-09,4.135567140478794e-09,4.135543310441792e-09,4.135519480319932e-09,4.135495650113937e-09,4.135471819824623e-09,4.135447989452754e-09,4.135424158998837e-09,4.1354003284637155e-09,4.13537649785293e-09,4.135352667157403e-09,4.135328836382845e-09,4.13530500553501e-09,4.135281174608457e-09,4.135257343600592e-09,4.13523351252151e-09,4.135209681361605e-09,4.135185850131494e-09,4.135162018826891e-09,4.13513818744858e-09,4.1351143559971665e-09,4.135090524457791e-09,4.135066692862485e-09,4.135042861196954e-09,4.1350190294611465e-09,4.1349951976555224e-09,4.134971365781073e-09,4.134947533839138e-09,4.134923701829007e-09,4.1348998697522514e-09,4.134876037609472e-09,4.1348522054008685e-09,4.134828373127748e-09,4.134804540790516e-09,4.134780708389887e-09,4.134756875925822e-09,4.134733043399738e-09,4.134709210812144e-09,4.134685378163796e-09,4.1346615454553026e-09,4.134637712687254e-09,4.134613879860596e-09,4.1345900469752465e-09,4.134566214032649e-09,4.134542381032787e-09,4.134518547976791e-09,4.134494714864797e-09,4.134470881697953e-09,4.134447048476922e-09,4.134423215202223e-09,4.1343993818742716e-09,4.134375548493593e-09,4.134351715061437e-09,4.134327881578304e-09,4.13430404804459e-09,4.1342802144604075e-09,4.134256380827666e-09,4.134232547146079e-09,4.134208713416709e-09,4.1341848796397915e-09,4.134161045815812e-09,4.13413721194608e-09,4.13411337803105e-09,4.13408954407114e-09,4.134065710066548e-09,4.1340418760186445e-09,4.1340180419280746e-09,4.133994207794934e-09,4.133970373620201e-09,4.133946539404042e-09,4.133922705147718e-09,4.133898870850799e-09,4.133875036514649e-09,4.133851202140287e-09,4.1338273677278135e-09,4.133803533277545e-09,4.133779698790965e-09,4.133755864267375e-09,4.133732029708979e-09,4.133708195115119e-09,4.133684360486825e-09,4.133660525824891e-09,4.133636691129151e-09,4.133612856409939e-09,4.1335890216586445e-09,4.133565186867224e-09,4.133541352044763e-09,4.133517517192423e-09,4.133493682318614e-09,4.133469847407135e-09,4.133446012467621e-09,4.133422177493018e-09,4.1333983424911564e-09,4.133374507469285e-09,4.133350672415242e-09,4.133326837340629e-09,4.133303002236126e-09,4.133279167107118e-09,4.133255331954583e-09,4.133231496786868e-09,4.1332076615930816e-09,4.1331838263723745e-09,4.133159991135124e-09,4.133136155877039e-09,4.133112320521764e-09,4.133088485225813e-09,4.1330646499079965e-09,4.1330408145715395e-09,4.133016979215861e-09,4.132993143952397e-09,4.132969308566777e-09,4.1329454731388545e-09,4.132921637721075e-09,4.1328978022873035e-09,4.132873966840109e-09,4.132850131378543e-09,4.13282629590833e-09,4.132802460419661e-09,4.132778624919372e-09,4.132754789406858e-09,4.132730953882593e-09,4.13270711835329e-09,4.132683282807725e-09,4.132659447253678e-09,4.13263561168466e-09,4.13261177611267e-09,4.132587940535648e-09,4.132564105033716e-09,4.132540269439117e-09,4.1325164338374105e-09,4.132492598230795e-09,4.132468762650171e-09,4.132444927039093e-09,4.13242109145223e-09,4.132397255825439e-09,4.132373420193372e-09,4.132349584560107e-09,4.132325748923992e-09,4.132301913286429e-09,4.13227807765545e-09,4.1322542420146e-09,4.132230406391016e-09,4.132206570752027e-09,4.132182735154166e-09,4.132158899537466e-09,4.132135063903785e-09,4.132111228267345e-09,4.13208739263438e-09,4.1320635570183485e-09,4.132039721434686e-09,4.1320158858204355e-09,4.131992050212551e-09,4.1319682146094125e-09,4.131944379012526e-09,4.131920543426554e-09,4.131896707844975e-09,4.131872872271255e-09,4.131849036704701e-09,4.131825201155186e-09,4.13180136560696e-09,4.131777530068621e-09,4.13175369453959e-09,4.1317298590712176e-09,4.1317060235706075e-09,4.131682188076927e-09,4.131658352591884e-09,4.131634517122118e-09,4.131610681668307e-09,4.131586846227044e-09,4.131563010799441e-09,4.131539175385044e-09,4.131515339987582e-09,4.131491504606582e-09,4.131467669235395e-09,4.131443833887672e-09,4.131419998559369e-09,4.131396163248218e-09,4.131372327917064e-09,4.131348492635194e-09,4.131324657377685e-09,4.131300822113671e-09,4.131276986847471e-09,4.131253151606742e-09,4.1312293163820715e-09,4.131205481235246e-09,4.1311816460634565e-09,4.1311578109070825e-09,4.131133975825593e-09,4.13111014074322e-09,4.131086305711263e-09,4.131062470703015e-09,4.131038635714804e-09,4.131014800760589e-09,4.130990965832147e-09,4.130967130898526e-09,4.130943296019947e-09,4.130919461169946e-09,4.130895626347928e-09,4.1308717915547825e-09,4.130847956790944e-09,4.130824122055087e-09,4.130800287342325e-09,4.130776452667828e-09,4.130752618023015e-09,4.130728783415768e-09,4.130704948827619e-09,4.1306811142793674e-09,4.130657279764627e-09,4.130633445260477e-09,4.130609610822509e-09,4.130585776414409e-09,4.130561942030976e-09,4.13053810771079e-09,4.130514273372779e-09,4.1304904391078135e-09,4.130466604903288e-09,4.130442770676229e-09,4.1304189365323225e-09,4.130395102424422e-09,4.130371268340848e-09,4.130347434299889e-09,4.130323600379314e-09,4.130299766417382e-09,4.130275932496701e-09,4.130252098657737e-09,4.1302282648412625e-09,4.1302044310316e-09,4.130180597263797e-09,4.1301567635381035e-09,4.130132929865805e-09,4.1301090962165715e-09,4.130085262627118e-09,4.1300614290843546e-09,4.130037595555194e-09,4.130013762124066e-09,4.129989928697349e-09,4.1299660953430786e-09,4.129942262021917e-09,4.129918428748495e-09,4.1298945955140075e-09,4.1298707623354034e-09,4.129846929205236e-09,4.129823096146393e-09,4.129799263066252e-09,4.129775430082785e-09,4.12975159711253e-09,4.129727764239621e-09,4.129703931403705e-09,4.129680098614636e-09,4.129656265875509e-09,4.1296324332048304e-09,4.129608600578271e-09,4.1295847679941566e-09,4.1295609354735515e-09,4.129537103002483e-09,4.129513270589634e-09,4.129489438230188e-09,4.129465605919179e-09,4.129441773674664e-09,4.129417941482737e-09,4.1293941093469e-09,4.129370277267718e-09,4.129346445228741e-09,4.129322613266378e-09,4.129298781349122e-09,4.129274949500153e-09,4.129251117616421e-09,4.129227285883402e-09,4.129203454227378e-09,4.1291796226151215e-09,4.1291557910550584e-09,4.129131959563769e-09,4.1291081281335465e-09,4.129084296764559e-09,4.129060465493948e-09,4.129036634249544e-09,4.129012803067492e-09,4.128988971950404e-09,4.128965140890724e-09,4.128941309898967e-09,4.128917478971306e-09,4.128893648092368e-09,4.128869817310615e-09,4.128845986582571e-09,4.128822155916922e-09,4.128798325317203e-09,4.1287744947902074e-09,4.12875066432481e-09,4.128726833892507e-09,4.1287030035571e-09,4.128679173295897e-09,4.128655343118001e-09,4.128631513010707e-09,4.128607682960339e-09,4.128583852975981e-09,4.128560023062959e-09,4.128536193100987e-09,4.128512363329741e-09,4.128488533609312e-09,4.128464703980463e-09,4.128440874420559e-09,4.128417044944444e-09,4.128393215465329e-09,4.128369386165049e-09,4.12834555690287e-09,4.1283217277100614e-09,4.128297898595621e-09,4.128274069555706e-09,4.128250240605865e-09,4.128226411694357e-09,4.1282025828787715e-09,4.128178754150658e-09,4.128154925509604e-09,4.128131096927541e-09,4.128107268445771e-09,4.128083440019277e-09,4.1280596116706364e-09,4.128035783412894e-09,4.128011955224051e-09,4.127988127113966e-09,4.127964299082472e-09,4.127940471121712e-09,4.127916643283005e-09,4.1278928154934605e-09,4.127868987785178e-09,4.127845160158568e-09,4.1278213326272136e-09,4.127797505165357e-09,4.127773677785801e-09,4.127749850489086e-09,4.127726023234512e-09,4.127702196100723e-09,4.127678369067637e-09,4.127654542102777e-09,4.127630715227091e-09,4.127606888447121e-09,4.12758306175128e-09,4.127559235130798e-09,4.1275354085997805e-09,4.127511582156883e-09,4.127487755799912e-09,4.127463929530432e-09,4.127440103337988e-09,4.1274162772443745e-09,4.127392451239705e-09,4.127368625323957e-09,4.127344799511634e-09,4.127320973775819e-09,4.1272971481276485e-09,4.127273322574269e-09,4.127249497087389e-09,4.127225671703778e-09,4.127201846418873e-09,4.127178021228567e-09,4.127154196138899e-09,4.127130371133794e-09,4.127106546214754e-09,4.1270827213942385e-09,4.1270588966719696e-09,4.127035072039125e-09,4.12701124750423e-09,4.1269874230600266e-09,4.1269635987060665e-09,4.1269397744401085e-09,4.126915950270077e-09,4.126892126207616e-09,4.126868302241442e-09,4.1268444783624205e-09,4.126820654589808e-09,4.126796830914688e-09,4.1267730073337626e-09,4.1267491838489286e-09,4.126725360468095e-09,4.126701537182611e-09,4.126677713999158e-09,4.126653890915773e-09,4.126630067935603e-09,4.126606245049196e-09,4.1265824222651556e-09,4.126558599582221e-09,4.1265347770005955e-09,4.12651095453056e-09,4.126487132147668e-09,4.126463309870514e-09,4.1264394876903195e-09,4.126415665625872e-09,4.126391843652733e-09,4.126368021787117e-09,4.126344200016754e-09,4.1263203783673456e-09,4.1262965568148295e-09,4.126272735317027e-09,4.1262489139609525e-09,4.1262250926961555e-09,4.126201271563246e-09,4.126177450563103e-09,4.1261536296253655e-09,4.126129808812159e-09,4.126105988106232e-09,4.126082167493767e-09,4.126058347017201e-09,4.126034526519192e-09,4.126010706244181e-09,4.12598688607702e-09,4.125963066018601e-09,4.125939246073128e-09,4.1259154262230626e-09,4.125891606480027e-09,4.1258677868885786e-09,4.1258439673645335e-09,4.125820147924093e-09,4.125796328638112e-09,4.125772509461905e-09,4.125748690407507e-09,4.125724871455362e-09,4.125701052609466e-09,4.125677233881857e-09,4.125653415344937e-09,4.125629596846871e-09,4.1256057784578496e-09,4.1255819601824055e-09,4.1255581420179435e-09,4.125534323891356e-09,4.1255105059496135e-09,4.125486688146494e-09,4.125462870446805e-09,4.125439052856754e-09,4.12541523540372e-09,4.125391418059713e-09,4.125367600830884e-09,4.125343783734068e-09,4.12531996675166e-09,4.125296149871593e-09,4.125272333100517e-09,4.125248516518029e-09,4.125224699991438e-09,4.125200883575956e-09,4.125177067285074e-09,4.125153251121905e-09,4.125129435131364e-09,4.1251056192016185e-09,4.125081803392203e-09,4.125057987701397e-09,4.125034172125689e-09,4.125010356674774e-09,4.1249865413436165e-09,4.124962725992727e-09,4.124938910920702e-09,4.124915095972855e-09,4.124891281134442e-09,4.12486746642118e-09,4.124843651839377e-09,4.124819837404531e-09,4.124796023062234e-09,4.124772208843571e-09,4.12474839475745e-09,4.124724580783591e-09,4.124700766948297e-09,4.124676953234255e-09,4.124653139634736e-09,4.124629326166844e-09,4.1246055128213505e-09,4.124581699619712e-09,4.124557886553297e-09,4.124534073582102e-09,4.124510260759191e-09,4.1244864480526735e-09,4.124462635575085e-09,4.1244388230615005e-09,4.12441501074042e-09,4.124391198594852e-09,4.124367386530648e-09,4.12434357459749e-09,4.124319762798633e-09,4.124295951134237e-09,4.124272139589217e-09,4.1242483281745575e-09,4.124224516890505e-09,4.124200705738227e-09,4.124176894717882e-09,4.124153083829294e-09,4.124129273072368e-09,4.124105462446863e-09,4.124081651955179e-09,4.1240578415845255e-09,4.124034031357749e-09,4.124010221272164e-09,4.12398641131286e-09,4.123962601495272e-09,4.123938791811741e-09,4.123914982265049e-09,4.123891172854282e-09,4.12386736357531e-09,4.123843554430845e-09,4.12381974542201e-09,4.123795936549244e-09,4.123772127827837e-09,4.1237483192184036e-09,4.123724510768344e-09,4.1237007024422805e-09,4.123676894256998e-09,4.123653086206818e-09,4.123629278292064e-09,4.1236054705199e-09,4.1235816628701975e-09,4.12355785533158e-09,4.1235340479840035e-09,4.123510240753664e-09,4.123486433675172e-09,4.1234626267130254e-09,4.123438819968765e-09,4.123415013294661e-09,4.123391206760981e-09,4.12336740049273e-09,4.123343594316766e-09,4.123319788194667e-09,4.12329598222497e-09,4.123272176396959e-09,4.123248370710822e-09,4.123224565166968e-09,4.123200759765507e-09,4.123176954539176e-09,4.123153149423438e-09,4.123129344450828e-09,4.123105539621775e-09,4.123081734936395e-09,4.123057930395026e-09,4.123034125997945e-09,4.123010321748527e-09,4.122986517642796e-09,4.1229627136799994e-09,4.122938909865467e-09,4.1229151061935894e-09,4.122891302667479e-09,4.122867499287632e-09,4.1228436960528866e-09,4.12281989296939e-09,4.122796090028991e-09,4.122772287238765e-09,4.122748484591423e-09,4.12272468209628e-09,4.122700879742481e-09,4.122677077539916e-09,4.12265327548607e-09,4.12262947357917e-09,4.1226056718486375e-09,4.1225818702399365e-09,4.122558068783105e-09,4.122534267474436e-09,4.122510466383415e-09,4.122486665371208e-09,4.122462864513148e-09,4.1224390638073e-09,4.122415263251833e-09,4.122391462843921e-09,4.1223676625915635e-09,4.122343862490413e-09,4.122320062506708e-09,4.122296262709828e-09,4.122272463065301e-09,4.122248663573386e-09,4.122224864233451e-09,4.122201065010672e-09,4.122177265975623e-09,4.1221534670969445e-09,4.122129668322541e-09,4.122105869750176e-09,4.122082071332846e-09,4.1220582730701e-09,4.122034474964381e-09,4.122010677070662e-09,4.121986879287819e-09,4.121963081644938e-09,4.121939284152091e-09,4.121915486827725e-09,4.121891689651499e-09,4.121867892638017e-09,4.121844095771793e-09,4.121820299068853e-09,4.121796502538733e-09,4.12177270610485e-09,4.121748909856805e-09,4.121725113694309e-09,4.121701317902799e-09,4.121677522154614e-09,4.121653726571424e-09,4.121629931134933e-09,4.1216061357725876e-09,4.121582340649917e-09,4.1215585456866646e-09,4.121534750880995e-09,4.12151095625025e-09,4.1214871617666284e-09,4.121463367450481e-09,4.121439573360926e-09,4.1214157793436155e-09,4.121391985399745e-09,4.121368191635853e-09,4.121344398160048e-09,4.1213206048068935e-09,4.121296811623343e-09,4.121273018588921e-09,4.121249225738477e-09,4.12122543303022e-09,4.121201640506149e-09,4.121177848114228e-09,4.121154055889846e-09,4.121130263836246e-09,4.1211064719354875e-09,4.121082680214649e-09,4.121058888649878e-09,4.121035097274983e-09,4.121011306029023e-09,4.120987514961343e-09,4.120963724092444e-09,4.120939933355802e-09,4.120916142797497e-09,4.120892352389017e-09,4.120868562140582e-09,4.120844772059995e-09,4.1208209821120895e-09,4.120797192367022e-09,4.1207734028072515e-09,4.120749613402771e-09,4.120725824174899e-09,4.12070203510614e-09,4.120678246201682e-09,4.120654457468258e-09,4.120630668903826e-09,4.120606880497877e-09,4.120583092260688e-09,4.120559304169405e-09,4.120535516265317e-09,4.120511728545901e-09,4.12048794099923e-09,4.1204641536027675e-09,4.120440366389846e-09,4.12041657935067e-09,4.12039279247916e-09,4.120369005778221e-09,4.120345219242162e-09,4.120321432866642e-09,4.1202976466818034e-09,4.120273860709376e-09,4.1202500748882576e-09,4.120226289205395e-09,4.120202503696837e-09,4.120178718370695e-09,4.120154933183239e-09,4.120131148189092e-09,4.12010736338533e-09,4.120083578747627e-09,4.1200597942852795e-09,4.1200360099971284e-09,4.1200122258684015e-09,4.119988441931221e-09,4.119964658167025e-09,4.119940874580765e-09,4.119917091162494e-09,4.119893307909902e-09,4.119869524864825e-09,4.119845741961092e-09,4.1198219591341785e-09,4.1197981765671e-09,4.119774394107058e-09,4.119750611921564e-09,4.119726829820335e-09,4.119703047987231e-09,4.119679266337338e-09,4.1196554848640176e-09,4.119631703560852e-09,4.119607922348422e-09,4.1195841413138265e-09,4.119560360463651e-09,4.119536579769647e-09,4.119512799421821e-09,4.119489019187226e-09,4.11946523913118e-09,4.1194414592544144e-09,4.119417679556088e-09,4.119393900041292e-09,4.11937012070279e-09,4.1193463415469875e-09,4.119322562575193e-09,4.11929878377577e-09,4.1192750051560545e-09,4.119251226717168e-09,4.1192274484561345e-09,4.119203670375595e-09,4.119179892479502e-09,4.119156114760763e-09,4.119132337180445e-09,4.119108559840842e-09,4.1190847826715465e-09,4.1190610056831576e-09,4.119037228926863e-09,4.119013452305079e-09,4.118989675864933e-09,4.1189658995890495e-09,4.118942123508302e-09,4.118918347616548e-09,4.1188945719046945e-09,4.118870796381116e-09,4.118847020992779e-09,4.118823245823108e-09,4.118799470847297e-09,4.118775696057336e-09,4.118751921463063e-09,4.11872814704425e-09,4.118704372806481e-09,4.1186805987579365e-09,4.118656824892325e-09,4.118633051223124e-09,4.118609277731464e-09,4.11858550443144e-09,4.118561731311638e-09,4.118537958380574e-09,4.118514185627047e-09,4.118490413074099e-09,4.118466640697777e-09,4.118442868508237e-09,4.118419096510098e-09,4.118395324703208e-09,4.118371553073472e-09,4.118347781644896e-09,4.118324010397594e-09,4.118300239379527e-09,4.118276468582889e-09,4.118252697959586e-09,4.1182289274659245e-09,4.118205157196198e-09,4.118181387080429e-09,4.11815761716051e-09,4.118133847424073e-09,4.118110077875949e-09,4.118086308422709e-09,4.118062539231328e-09,4.118038770257753e-09,4.118015001473574e-09,4.117991232869972e-09,4.117967464468451e-09,4.117943696232758e-09,4.11791992820152e-09,4.117896160370643e-09,4.1178723927333795e-09,4.11784862530718e-09,4.117824858066814e-09,4.117801091007292e-09,4.117777324117305e-09,4.117753557440574e-09,4.117729790954739e-09,4.1177060246721794e-09,4.117682258564907e-09,4.11765849263334e-09,4.117634726867906e-09,4.117610961348395e-09,4.117587196086225e-09,4.1175634309580275e-09,4.117539666027349e-09,4.117515901188955e-09,4.117492136643352e-09,4.117468372289544e-09,4.117444608130705e-09,4.117420844184992e-09,4.11739708030914e-09,4.117373316718533e-09,4.11734955335044e-09,4.117325790105034e-09,4.1173020271127165e-09,4.11727826432554e-09,4.117254501635823e-09,4.117230739237804e-09,4.1172069770378305e-09,4.11718321491587e-09,4.117159453111055e-09,4.117135691518486e-09,4.1171119299674175e-09,4.117088168769821e-09,4.117064407754531e-09,4.1170406468547056e-09,4.117016886232134e-09,4.116993125750454e-09,4.116969365503237e-09,4.116945605490831e-09,4.116921845654955e-09,4.116898086027388e-09,4.1168743265989226e-09,4.116850567369497e-09,4.1168268083476205e-09,4.116803049515837e-09,4.116779290884763e-09,4.116755532454346e-09,4.116731774223718e-09,4.1167080161921955e-09,4.116684258361161e-09,4.116660500731458e-09,4.116636743303435e-09,4.1166129860763984e-09,4.116589229002388e-09,4.116565472264425e-09,4.1165417156409035e-09,4.116517959171047e-09,4.1164942029558594e-09,4.1164704470031665e-09,4.116446691186854e-09,4.116422935573047e-09,4.116399180144398e-09,4.116375424925732e-09,4.116351669916463e-09,4.116327915116105e-09,4.1163041604872725e-09,4.116280406091182e-09,4.116256651898725e-09,4.116232897964387e-09,4.116209144184529e-09,4.116185390603759e-09,4.11616163722688e-09,4.116137884056045e-09,4.116114131042867e-09,4.116090378350556e-09,4.116066625782022e-09,4.116042873428414e-09,4.116019121279633e-09,4.115995369336418e-09,4.115971617601336e-09,4.115947866045091e-09,4.115924114780523e-09,4.115900363650824e-09,4.115876612661976e-09,4.115852861944742e-09,4.115829111447034e-09,4.1158053611813885e-09,4.115781611090585e-09,4.11575786121801e-09,4.115734111548791e-09,4.115710362063346e-09,4.115686612775272e-09,4.115662863736507e-09,4.11563911477531e-09,4.115615366141562e-09,4.115591617724011e-09,4.115567869506214e-09,4.115544121496197e-09,4.1155203737028385e-09,4.115496625978664e-09,4.1154728785773375e-09,4.115449131385267e-09,4.115425384417129e-09,4.115401637661519e-09,4.115377891120075e-09,4.115354144783831e-09,4.115330398661323e-09,4.115306652759716e-09,4.115282907068091e-09,4.115259161567521e-09,4.115235416321766e-09,4.115211671244615e-09,4.115187926363432e-09,4.1151641817107804e-09,4.115140437269227e-09,4.115116693024559e-09,4.11509294902503e-09,4.1150692051927046e-09,4.115045461591028e-09,4.115021718262511e-09,4.11499797505937e-09,4.114974232098104e-09,4.114950489361525e-09,4.114926746825107e-09,4.114903004546251e-09,4.114879262435375e-09,4.114855520536153e-09,4.114831778892937e-09,4.114808037422979e-09,4.11478429616497e-09,4.114760555117598e-09,4.1147368142838495e-09,4.1147130738173856e-09,4.114689333412807e-09,4.114665593213228e-09,4.11464185323608e-09,4.114618113480004e-09,4.114594373823019e-09,4.114570634490258e-09,4.114546895389728e-09,4.114523156493207e-09,4.114499417693847e-09,4.11447567921927e-09,4.114451940962303e-09,4.114428202912339e-09,4.1144044650858424e-09,4.1143807274579935e-09,4.114356990065561e-09,4.114333252888815e-09,4.1143095159297895e-09,4.114285779100806e-09,4.114262042579654e-09,4.1142383062701055e-09,4.114214570182924e-09,4.114190834334762e-09,4.114167098664237e-09,4.114143363229009e-09,4.1141196279933385e-09,4.114095893015331e-09,4.114072158224519e-09,4.114048423660977e-09,4.114024689315652e-09,4.11400095517864e-09,4.113977221264698e-09,4.113953487609402e-09,4.113929754139844e-09,4.113906020930918e-09,4.113882287898095e-09,4.113858555099085e-09,4.1138348225498045e-09,4.113811090116876e-09,4.113787357979165e-09,4.1137636260796e-09,4.113739894376168e-09,4.113716162889315e-09,4.113692431625412e-09,4.1136687005726025e-09,4.113644969794269e-09,4.113621239199155e-09,4.113597508773208e-09,4.1135737786299116e-09,4.11355004867956e-09,4.113526318954377e-09,4.113502589453067e-09,4.113478860169246e-09,4.113455131060394e-09,4.113431402237549e-09,4.113407673618996e-09,4.113383945257147e-09,4.113360217166672e-09,4.113336489234839e-09,4.113312761483581e-09,4.113289033980448e-09,4.1132653066286155e-09,4.1132415795665455e-09,4.113217852734528e-09,4.1131941261178085e-09,4.1131703997339745e-09,4.113146673561693e-09,4.113122947617862e-09,4.113099221902972e-09,4.113075496396126e-09,4.11305177112022e-09,4.1130280460703875e-09,4.113004321151972e-09,4.112980596552206e-09,4.112956872174335e-09,4.112933148017429e-09,4.1129094240869455e-09,4.1128857003839674e-09,4.112861976909096e-09,4.1128382536560745e-09,4.11281453063343e-09,4.112790807835989e-09,4.112767085243455e-09,4.1127433628843185e-09,4.1127196408738695e-09,4.112695919000288e-09,4.112672197325971e-09,4.1126484758846575e-09,4.112624754588677e-09,4.112601033615874e-09,4.112577312861247e-09,4.112553592367321e-09,4.1125298720630725e-09,4.1125061519876165e-09,4.11248243213597e-09,4.112458712510687e-09,4.112434993110475e-09,4.112411273941626e-09,4.11238755499871e-09,4.112363836286842e-09,4.112340117805151e-09,4.112316399547298e-09,4.112292681516486e-09,4.112268963717006e-09,4.112245246144711e-09,4.112221528819544e-09,4.112197811708159e-09,4.112174094824698e-09,4.112150378171256e-09,4.112126661746475e-09,4.112102945552898e-09,4.112079229587267e-09,4.112055513837174e-09,4.11203179833137e-09,4.1120080830581466e-09,4.111984368020507e-09,4.1119606531927515e-09,4.111936938608173e-09,4.111913224252618e-09,4.111889510127865e-09,4.111865796233429e-09,4.111842082573217e-09,4.111818369142924e-09,4.111794655941588e-09,4.111770942973634e-09,4.111747230208258e-09,4.1117235177040625e-09,4.111699805427877e-09,4.1116760933839894e-09,4.111652381572921e-09,4.1116286699958784e-09,4.111604958654265e-09,4.111581247541655e-09,4.111557536662218e-09,4.111533826015236e-09,4.111510115594079e-09,4.111486405411398e-09,4.111462695464238e-09,4.111438985750723e-09,4.111415276272986e-09,4.111391567024959e-09,4.111367858008435e-09,4.111344149228539e-09,4.111320440683851e-09,4.111296732364814e-09,4.111273024287068e-09,4.1112493164382845e-09,4.111225608839519e-09,4.111201901464898e-09,4.111178194304129e-09,4.1111544874355856e-09,4.11113078076424e-09,4.111107074328776e-09,4.1110833681299475e-09,4.111059662184969e-09,4.111035956453333e-09,4.1110122509805425e-09,4.110988545720038e-09,4.110964840696845e-09,4.110941135909571e-09,4.1109174313216485e-09,4.1108937270070926e-09,4.110870022932252e-09,4.110846319088053e-09,4.110822615485794e-09,4.110798912115966e-09,4.110775208973812e-09,4.110751506081662e-09,4.1107278034160934e-09,4.110704100994627e-09,4.110680398773564e-09,4.11065669691088e-09,4.110632995164483e-09,4.1106092937053705e-09,4.1105855924887614e-09,4.1105618914966285e-09,4.110538190738512e-09,4.11051449021112e-09,4.110490789930354e-09,4.110467089888418e-09,4.110443390128292e-09,4.110419690563988e-09,4.1103959912374125e-09,4.110372292152638e-09,4.110348593273055e-09,4.110324894660239e-09,4.110301196176167e-09,4.110277498041895e-09,4.110253800148871e-09,4.11023010249199e-09,4.110206405078869e-09,4.110182707867778e-09,4.110159010934528e-09,4.11013531426403e-09,4.110111617811171e-09,4.110087921595548e-09,4.110064225622692e-09,4.110040529880543e-09,4.1100168343894935e-09,4.109993139139583e-09,4.10996944412636e-09,4.109945749358552e-09,4.109922054831169e-09,4.109898360571393e-09,4.109874666522736e-09,4.10985097271662e-09,4.109827279155069e-09,4.1098035858333015e-09,4.10977989272808e-09,4.109756199891842e-09,4.109732507304245e-09,4.109708815021165e-09,4.109685122915049e-09,4.109661431047803e-09,4.109637739423326e-09,4.109614048041299e-09,4.109590356905166e-09,4.109566665972291e-09,4.10954297531419e-09,4.109519284899731e-09,4.109495594732855e-09,4.109471904799951e-09,4.109448215119731e-09,4.109424525683202e-09
19,4.356223606460695e-68,2.223739595070609e-67,6.870000152635351e-67,1.6574159012096015e-66,3.432303005822782e-66,6.397481525858369e-66,1.1033848054758895e-65,1.7925083803525765e-65,2.776530837144195e-65,4.1366784246375395e-65,5.966772784397282e-65,8.374025002060887e-65,1.1479842843028943e-64,1.5420650222951705e-64,2.0348717364170197e-64,2.6432999868852034e-64,3.385998495007852e-64,4.283454320234058e-64,5.358078449587477e-64,6.634291680256145e-64,8.138610697926774e-64,9.899734273353891e-64,1.1948629516989819e-63,1.4318618146098735e-63,1.7045462730702014e-63,2.016745289426834e-63,2.3725491452500196e-63,2.776318047926981e-63,3.2326907293042857e-63,3.746593036022534e-63,4.323246511407838e-63,4.968176968938089e-63,5.68722305739819e-63,6.486544817899546e-63,7.372632232972479e-63,8.352313767947918e-63,9.432764904848488e-63,1.0621516668995436e-62,1.1926464148524237e-62,1.335587500698358e-62,1.4918397989173367e-62,1.662307142035848e-62,1.8479331698979717e-62,2.0497021782962157e-62,2.268639966971123e-62,2.5058146869872396e-62,2.7623376874916716e-62,3.0393643618607806e-62,3.3380949932395105e-62,3.6597755994772474e-62,4.005698777463415e-62,4.37720454686553e-62,4.7756811932720655e-62,5.202566110741921e-62,5.659346643762964e-62,6.147560928619139e-62,6.6687987341698746e-62,7.22470230204107e-62,7.816967186229262e-62,8.44734309211979e-62,9.11763471491954e-62,9.829702577505159e-62,1.0585463867687218e-61,1.1386893274890989e-61,1.2236023826254334e-61,1.3134947722143284e-61,1.4085817171085663e-61,1.5090845224123615e-61,1.615230660858483e-61,1.7272538561273377e-61,1.845394166108109e-61,1.9698980661018603e-61,2.1010185319667743e-61,2.2390151232054774e-61,2.3841540659945854e-61,2.5367083361564207e-61,2.6969577420730255e-61,2.865189007542347e-61,3.0416958545769554e-61,3.2267790861449716e-61,3.4207466688534984e-61,3.623913815574417e-61,3.83660306801288e-61,4.059144379218014e-61,4.291875196036573e-61,4.535140541508957e-61,4.789293097207949e-61,5.054693285520204e-61,5.331709351870439e-61,5.620717446888408e-61,5.922101708518697e-61,6.236254344073384e-61,6.563575712227614e-61,6.904474404958076e-61,7.259367329424527e-61,7.628679789794255e-61,8.012845569009679e-61,8.412307010499027e-61,8.827515099830135e-61,9.258929546307436e-61,9.707018864512208e-61,1.017226045578603e-60,1.065514068965757e-60,1.1156154985212737e-60,1.1675807892408134e-60,1.2214613173328094e-60,1.2773093883384927e-60,1.3351782452462911e-60,1.395122076600568e-60,1.457196024604733e-60,1.5214561932186912e-60,1.5879596562506796e-60,1.6567644654434708e-60,1.7279296585549308e-60,1.8015152674330076e-60,1.8775823260850106e-60,1.9561928787413774e-60,2.0374099879137426e-60,2.1212977424474795e-60,2.2079212655685706e-60,2.2973467229249187e-60,2.389641330622055e-60,2.4848733632532646e-60,2.583112161924078e-60,2.6844281422713014e-60,2.7888928024762826e-60,2.8965787312727694e-60,3.007559615949122e-60,3.1219102503449425e-60,3.23970654284221e-60,3.361025524350767e-60,3.485945356288364e-60,3.6145453385550153e-60,3.7469059175019056e-60,3.8831086938947337e-60,4.0232364308715246e-60,4.1673730618948273e-60,4.3156036986985094e-60,4.468014639228948e-60,4.6246933755806635e-60,4.785728601926525e-60,4.9512102224423503e-60,5.121229359226062e-60,5.295878360211314e-60,5.475250807075564e-60,5.65944152314273e-60,5.848546581280274e-60,6.042663311790869e-60,6.241890310298472e-60,6.44632744562906e-60,6.656075867685667e-60,6.871238015318193e-60,7.091917624187622e-60,7.31821973462466e-60,7.55025069948311e-60,7.788118191987658e-60,8.03193121357622e-60,8.281800101736917e-60,8.537836537839421e-60,8.800153554961025e-60,9.068865545707213e-60,9.344088270026772e-60,9.625938863021479e-60,9.91453584275036e-60,1.0209999118028517e-59,1.0512449996220552e-59,1.0822011191028546e-59,1.11388068302746e-59,1.1462962463678054e-59,1.1794605070627176e-59,1.213386306794554e-59,1.2480866317652954e-59,1.283574613472102e-59,1.319863529482327e-59,1.3569668042079943e-59,1.3948980096797354e-59,1.433670866320189e-59,1.4732992437168627e-59,1.513797161394457e-59,1.555178789586655e-59,1.5974584500073639e-59,1.6406506166214435e-59,1.6847699164148716e-59,1.729831130164393e-59,1.7758491932066236e-59,1.82283919620663e-59,1.8708163859259565e-59,1.9197961659901384e-59,1.9697940976556645e-59,2.0208259005764284e-59,2.0729074535696115e-59,2.126054795381073e-59,2.180284125450182e-59,2.2356118046741254e-59,2.2920543561716795e-59,2.349628466046467e-59,2.408350984149659e-59,2.4682389248421663e-59,2.5293094677562916e-59,2.5915799585568547e-59,2.655067909701786e-59,2.7197910012021943e-59,2.785767081381907e-59,2.853014167636475e-59,2.921550447191661e-59,2.9913942778613882e-59,3.062564188805175e-59,3.1350788812850323e-59,3.2089572294218393e-59,3.2842182809511917e-59,3.3608812579787265e-59,3.4389655577349255e-59,3.518490753329384e-59,3.5994765945045534e-59,3.681943008388982e-59,3.765910100250007e-59,3.8513981542459407e-59,3.9384276341777135e-59,4.027019184240025e-59,4.11719362977193e-59,4.208971978006959e-59,4.302375418822662e-59,4.397425325489663e-59,4.494143255420187e-59,4.592550950916058e-59,4.692670339916211e-59,4.794523536743624e-59,4.898132842851778e-59,5.003520747570592e-59,5.110709928851831e-59,5.219723254013984e-59,5.330583780486651e-59,5.4433147565544065e-59,5.557939622100109e-59,5.674482009347753e-59,5.7929657436047675e-59,5.913414844003793e-59,6.035853524243974e-59,6.160306193331716e-59,6.2867974563208975e-59,6.415352115052643e-59,6.545995168894542e-59,6.67875181547931e-59,6.813647451443e-59,6.950707673162687e-59,7.089958277493595e-59,7.231425262505808e-59,7.375134828220355e-59,7.521113377344852e-59,7.669387516008631e-59,7.819984054497322e-59,7.972930007986982e-59,8.128252597277632e-59,8.285979249526378e-59,8.446137598979946e-59,8.608755487706737e-59,8.773860966328386e-59,8.941482294750804e-59,9.1116479428947e-59,9.284386591425596e-59,9.45972713248336e-59,9.637698670411202e-59,9.818330522484185e-59,1.0001652219637197e-58,1.018769350719249e-58,1.0376484345586622e-58,1.0568054911096933e-58,1.0762435596567537e-58,1.0959657012134798e-58,1.1159749985952283e-58,1.136274556491522e-58,1.156867501538448e-58,1.1777569823909988e-58,1.198946169795373e-58,1.220438256661216e-58,1.2422364581338167e-58,1.2643440116662517e-58,1.2867641770914824e-58,1.3095002366943934e-58,1.3325554952837922e-58,1.3559332802643532e-58,1.3796369417085096e-58,1.403669852428299e-58,1.4280354080471583e-58,1.4527370270716678e-58,1.477778150963246e-58,1.5031622442097949e-58,1.5288927943972973e-58,1.5549733122813536e-58,1.5814073318586907e-58,1.608198410438599e-58,1.6353501287143292e-58,1.662866090834443e-58,1.6907499244741093e-58,1.7190052809063488e-58,1.7476358350732345e-58,1.7766452856570405e-58,1.806037355151343e-58,1.8358157899320674e-58,1.8659843603284894e-58,1.896546860694189e-58,1.927507109477946e-58,1.9588689492946e-58,1.990636246995851e-58,2.022812893741015e-58,2.0554028050677218e-58,2.0884099209625838e-58,2.121838205931793e-58,2.155691649071682e-58,2.1899742641392342e-58,2.224690089622541e-58,2.259843188811216e-58,2.2954376498667557e-58,2.3314775858928483e-58,2.367967135005646e-58,2.4049104604039765e-58,2.442311750439509e-58,2.4801752186868767e-58,2.518505104013733e-58,2.55730567065079e-58,2.596581208261782e-58,2.636336032013388e-58,2.6765744826451078e-58,2.717300926539082e-58,2.7585197557898892e-58,2.800235388274256e-58,2.8424522677207415e-58,2.8851748637793765e-58,2.928407672091237e-58,2.9721552143580003e-58,3.0164220384114096e-58,3.0612127182827215e-58,3.1065318542721063e-58,3.1523840730179727e-58,3.1987740275662814e-58,3.245706397439782e-58,3.2931858887072084e-58,3.341217234052438e-58,3.3898051928435874e-58,3.43895455120207e-58,3.488670122071603e-58,3.5389567452871654e-58,3.5898192876438984e-58,3.6412626429659885e-58,3.693291732175469e-58,3.745911503360992e-58,3.7991269318465396e-58,3.852943020260107e-58,3.90736479860232e-58,3.9623973243150126e-58,4.0180456823497585e-58,4.0743149852363436e-58,4.131210373151216e-58,4.188737013985854e-58,4.246900103415114e-58,4.305704864965522e-58,4.365156550083518e-58,4.425260438203646e-58,4.4860218368167106e-58,4.547446081537874e-58,4.6095385361747104e-58,4.6723045927952236e-58,4.7357496717957866e-58,4.7998792219690664e-58,4.864698720571904e-58,4.930213673393103e-58,4.996429614821219e-58,5.063352107912286e-58,5.130986744457482e-58,5.1993391450507765e-58,5.268414959156487e-58,5.338219865176854e-58,5.408759570519491e-58,5.4800398116648534e-58,5.552066354233623e-58,5.624844993054069e-58,5.6983815522293214e-58,5.772681885204669e-58,5.847751874834732e-58,5.923597433450643e-58,6.0002245029271634e-58,6.077639054749741e-58,6.155847090081538e-58,6.234854639830421e-58,6.314667764715859e-58,6.395292555335835e-58,6.476735132233671e-58,6.55900164596482e-58,6.642098277163614e-58,6.726031236609955e-58,6.810806765295959e-58,6.896431134492585e-58,6.982910645816173e-58,7.070251631294964e-58,7.158460453435562e-58,7.247543505289367e-58,7.337507210518925e-58,7.428358023464288e-58,7.520102429209266e-58,7.612746943647684e-58,7.706298113549554e-58,7.80076251662724e-58,7.896146761601532e-58,7.99245748826774e-58,8.089701367561646e-58,8.187885101625496e-58,8.287015423873909e-58,8.387099099059755e-58,8.48814292333996e-58,8.590153724341317e-58,8.693138361226164e-58,8.797103724758125e-58,8.902056737367718e-58,9.008004353217964e-58,9.11495355826993e-58,9.222911370348236e-58,9.33188483920652e-58,9.441881046592844e-58,9.552907106315061e-58,9.66497016430615e-58,9.778077398689466e-58,9.89223601984401e-58,1.0007453270469573e-57,1.0123736425651929e-57,1.0241092792927877e-57,1.0359529712350342e-57,1.0479054556553344e-57,1.0599674730816965e-57,1.0721397673132285e-57,1.0844230854266243e-57,1.0968181777826443e-57,1.1093257980325961e-57,1.1219467031248086e-57,1.1346816533110966e-57,1.1475314121532297e-57,1.1604967465293937e-57,1.1735784266406404e-57,1.1867772260173442e-57,1.2000939215256458e-57,1.2135292933738952e-57,1.2270841251190895e-57,1.240759203673307e-57,1.2545553193101352e-57,1.2684732656710931e-57,1.2825138397720561e-57,1.2966778420096674e-57,1.3109660761677506e-57,1.325379349423714e-57,1.3399184723549556e-57,1.354584258945262e-57,1.369377526591195e-57,1.3842990961084874e-57,1.3993497917384238e-57,1.4145304411542227e-57,1.429841875467408e-57,1.4452849292341846e-57,1.4608604404618028e-57,1.476569250614921e-57,1.492412204621963e-57,1.5083901508814725e-57,1.5245039412684612e-57,1.5407544311407532e-57,1.5571424793453267e-57,1.573668948224648e-57,1.590334703623003e-57,1.6071406148928292e-57,1.6240875549010258e-57,1.6411764000352874e-57,1.65840803021041e-57,1.6757833288745958e-57,1.69330318301577e-57,1.710968483167872e-57,1.728780123417155e-57,1.7467390014084789e-57,1.7648460183515963e-57,1.7831020790274383e-57,1.8015080917943862e-57,1.8200649685945588e-57,1.838773624960069e-57,1.8576349800192998e-57,1.876649956503161e-57,1.8958194807513466e-57,1.9151444827185886e-57,1.934625895980906e-57,1.9542646577418455e-57,1.9740617088387274e-57,1.9940179937488756e-57,2.0141344605958517e-57,2.0344120611556813e-57,2.054851750863076e-57,2.0754544888176517e-57,2.0962212377901428e-57,2.1171529642286124e-57,2.138250638264655e-57,2.1595152337196012e-57,2.1809477281107135e-57,2.2025491026573762e-57,2.2243203422872838e-57,2.2462624356426296e-57,2.2683763750862773e-57,2.290663156707948e-57,2.3131237803303768e-57,2.3357592495154892e-57,2.3585705715705607e-57,2.3815587575543745e-57,2.4047248222833753e-57,2.4280697843378243e-57,2.4515946660679346e-57,2.47530049360002e-57,2.499188296842625e-57,2.5232591094926698e-57,2.5475139690415636e-57,2.571953916781335e-57,2.5965799978107595e-57,2.621393261041461e-57,2.646394759204032e-57,2.671585548854138e-57,2.696966690378624e-57,2.722539248001606e-57,2.7483042897905735e-57,2.774262887662475e-57,2.800416117389801e-57,2.8267650586066726e-57,2.8533107948149153e-57,2.8800544133901324e-57,2.9069970055877757e-57,2.9341396665492105e-57,2.961483495307771e-57,2.9890295947948216e-57,3.016779071845811e-57,3.044733037206317e-57,3.0728926055380884e-57,3.1012588954250896e-57,3.1298330293795355e-57,3.158616133847918e-57,3.1876093392170364e-57,3.2168137798200244e-57,3.2462305939423583e-57,3.275860923827886e-57,3.3057059156848226e-57,3.335766719691765e-57,3.3660444900037e-57,3.396540384757985e-57,3.427255566080359e-57,3.4581912000909204e-57,3.48934845691012e-57,3.520728510664739e-57,3.5523325394938665e-57,3.5841617255548705e-57,3.616217255029378e-57,3.6485003181292207e-57,3.68101210910241e-57,3.71375382623909e-57,3.746726671877489e-57,3.779931852409867e-57,3.8133705782884636e-57,3.8470440640314334e-57,3.8809535282287854e-57,3.915100193548312e-57,3.949485286741517e-57,3.984110038649546e-57,4.0189756842090925e-57,4.054083462458325e-57,4.0894346165427944e-57,4.1250303937213396e-57,4.1608720453719934e-57,4.196960826997883e-57,4.2332979982331154e-57,4.269884822848679e-57,4.3067225687583256e-57,4.3438125080244525e-57,4.381155916863985e-57,4.4187540756542447e-57,4.456608268938825e-57,4.49471978543346e-57,4.533089918031872e-57,4.5717199638116504e-57,4.610611224040097e-57,4.6497650041800674e-57,4.689182613895832e-57,4.7288653670589026e-57,4.7688145817538843e-57,4.809031580284309e-57,4.8495176891784474e-57,4.890274239195159e-57,4.931302565329691e-57,4.9726040068195223e-57,5.014179907150155e-57,5.056031614060926e-57,5.098160479550825e-57,5.140567859884292e-57,5.183255115597006e-57,5.226223611501691e-57,5.269474716693898e-57,5.313009804557786e-57,5.356830252771924e-57,5.40093744331504e-57,5.445332762471821e-57,5.490017600838665e-57,5.534993353329453e-57,5.580261419181312e-57,5.625823201960369e-57,5.671680109567511e-57,5.717833554244116e-57,5.764284952577835e-57,5.811035725508297e-57,5.858087298332865e-57,5.905441100712368e-57,5.95309856667682e-57,6.001061134631166e-57,6.049330247360986e-57,6.09790735203822e-57,6.146793900226883e-57,6.195991347888772e-57,6.245501155389176e-57,6.295324787502571e-57,6.345463713418326e-57,6.395919406746392e-57,6.446693345522991e-57,6.497787012216312e-57,6.54920189373218e-57,6.600939481419745e-57,6.653001271077149e-57,6.705388762957203e-57,6.758103461773049e-57,6.811146876703823e-57,6.864520521400317e-57,6.918225913990631e-57,6.972264577085824e-57,7.026638037785566e-57,7.081347827683769e-57,7.136395482874239e-57,7.191782543956307e-57,7.247510556040457e-57,7.303581068753958e-57,7.359995636246489e-57,7.416755817195748e-57,7.47386317481308e-57,7.531319276849086e-57,7.589125695599222e-57,7.647284007909425e-57,7.705795795181684e-57,7.764662643379657e-57,7.823886143034258e-57,7.88346788924925e-57,7.943409481706818e-57,8.003712524673147e-57,8.064378627004028e-57,8.125409402150419e-57,8.186806468163985e-57,8.248571447702696e-57,8.310705968036384e-57,8.373211661052282e-57,8.4360901632606e-57,8.49934311580007e-57,8.562972164443486e-57,8.626978959603248e-57,8.6913651563369e-57,8.756132414352675e-57,8.821282398015001e-57,8.886816776350065e-57,8.952737223051306e-57,9.019045416484939e-57,9.085743039695479e-57,9.152831780411261e-57,9.220313331049912e-57,9.288189388723905e-57,9.356461655246019e-57,9.42513183713486e-57,9.494201645620339e-57,9.563672796649169e-57,9.633547010890336e-57,9.703826013740615e-57,9.774511535330006e-57,9.845605310527228e-57,9.917109078945191e-57,9.989024584946459e-57,1.0061353577648712e-56,1.0134097810930193e-56,1.0207259043435192e-56,1.0280839038579477e-56,1.0354839564555722e-56,1.0429262394338992e-56,1.050410930569215e-56,1.0579382081171328e-56,1.0655082508131318e-56,1.073121237873102e-56,1.080777348993887e-56,1.0884767643538261e-56,1.0962196646132948e-56,1.1040062309152474e-56,1.1118366448857582e-56,1.1197110886345595e-56,1.1276297447555868e-56,1.1355927963275132e-56,1.1436004269142915e-56,1.1516528205656937e-56,1.1597501618178492e-56,1.1678926356937824e-56,1.1760804277039522e-56,1.184313723846789e-56,1.192592710609231e-56,1.200917574967261e-56,1.209288504386446e-56,1.217705686822468e-56,1.226169310721666e-56,1.2346795650215659e-56,1.2432366391514172e-56,1.2518407230327317e-56,1.2604920070798103e-56,1.2691906822002832e-56,1.2779369397956403e-56,1.2867309717617646e-56,1.2955729704894675e-56,1.3044631288650182e-56,1.3134016402706764e-56,1.322388698585225e-56,1.3314244981845005e-56,1.3405092339419241e-56,1.3496431012290341e-56,1.3588262959160129e-56,1.3680590143722184e-56,1.3773414534667153e-56,1.3866738105688004e-56,1.3960562835485368e-56,1.405489070777274e-56,1.4149723711281843e-56,1.4245063839767869e-56,1.4340913092014738e-56,1.44372734718404e-56,1.4534146988102071e-56,1.4631535654701517e-56,1.4729441490590292e-56,1.4827866519775016e-56,1.4926812771322598e-56,1.5026282279365516e-56,1.5126277083107032e-56,1.5226799226826447e-56,1.5327850759884337e-56,1.5429433736727773e-56,1.5531550216895586e-56,1.5634202265023546e-56,1.573739195084961e-56,1.5841121349219137e-56,1.5945392540090103e-56,1.6050207608538319e-56,1.6155568644762625e-56,1.626147774409009e-56,1.6367937006981237e-56,1.647494853903522e-56,1.6582514450995022e-56,1.6690636858752647e-56,1.6799317883354322e-56,1.6908559651005632e-56,1.7018364293076746e-56,1.7128733946107572e-56,1.7239670751812938e-56,1.735117685708775e-56,1.7463254414012166e-56,1.7575905579856744e-56,1.7689132517087614e-56,1.7802937393371623e-56,1.7917322381581486e-56,1.8032289659800948e-56,1.8147841411329908e-56,1.8263979824689556e-56,1.8380707093627518e-56,1.8498025417123004e-56,1.8615936999391915e-56,1.8734444049891962e-56,1.8853548783327828e-56,1.8973253419656234e-56,1.9093560184091107e-56,1.9214471307108618e-56,1.9335989024452374e-56,1.945811557713849e-56,1.9580853211460651e-56,1.9704204178995277e-56,1.982817073660655e-56,1.9952755146451553e-56,2.0077959675985339e-56,2.020378659796601e-56,2.0330238190459797e-56,2.045731673684617e-56,2.058502452582283e-56,2.071336385141087e-56,2.0842337012959784e-56,2.097194631515255e-56,2.1102194068010676e-56,2.1233082586899275e-56,2.1364614192532086e-56,2.149679121097656e-56,2.1629615973658853e-56,2.1763090817368958e-56,2.1897218084265623e-56,2.203200012188147e-56,2.2167439283128014e-56,2.230353792630065e-56,2.2440298415083735e-56,2.2577723118555555e-56,2.2715814411193374e-56,2.2854574672878425e-56,2.299400628890095e-56,2.3134111649965173e-56,2.327489315219435e-56,2.34163531971357e-56,2.355849419176546e-56,2.370131854849386e-56,2.384482868517009e-56,2.3989027025087313e-56,2.413391599698763e-56,2.4279498035067096e-56,2.4425775578980637e-56,2.4572751073847064e-56,2.4720426970254023e-56,2.486880572426296e-56,2.5017889797414105e-56,2.5167681656731407e-56,2.5318183774727506e-56,2.546939862940865e-56,2.5621328704279677e-56,2.577397648834897e-56,2.5927344476133326e-56,2.6081435167663002e-56,2.6236251068486567e-56,2.639179468967584e-56,2.654806854783087e-56,2.670507516508483e-56,2.686281706910887e-56,2.702129679311718e-56,2.7180516875871755e-56,2.734047986168743e-56,2.750118830043669e-56,2.76626447475546e-56,2.782485176404376e-56,2.7987811916479136e-56,2.8151527777012988e-56,2.831600192337972e-56,2.848123693890084e-56,2.864723541248975e-56,2.881399993865674e-56,2.898153311751374e-56,2.914983755477927e-56,2.9318915861783324e-56,2.9488770655472163e-56,2.965940455841325e-56,2.983082019880007e-56,3.0003020210456992e-56,3.0176007232844147e-56,3.0349783911062235e-56,3.0524352895857414e-56,3.0699716843626098e-56,3.0875878416419867e-56,3.1052840281950214e-56,3.123060511359344e-56,3.1409175590395465e-56,3.1588554397076674e-56,3.1768744224036687e-56,3.194974776735924e-56,3.2131567728816965e-56,3.231420681587621e-56,3.249766774170188e-56,3.2681953225162166e-56,3.2867065990833433e-56,3.305300876900498e-56,3.3239784295683847e-56,3.342739531259955e-56,3.3615844567208985e-56,3.3805134812701125e-56,3.3995268808001845e-56,3.418624931777867e-56,3.437807911244556e-56,3.4570760968167734e-56,3.4764297666866347e-56,3.4958691996223364e-56,3.515394674968619e-56,3.535006472647259e-56,3.5547048731575304e-56,3.5744901575766886e-56,3.594362607560443e-56,3.6143225053434293e-56,3.6343701337396894e-56,3.65450577614314e-56,3.6747297165280474e-56,3.6950422394495044e-56,3.7154436300438993e-56,3.7359341740293897e-56,3.756514157706379e-56,3.7771838679579815e-56,3.797943592250497e-56,3.8187936186338856e-56,3.8397342357422346e-56,3.8607657327942306e-56,3.8818883995936317e-56,3.9031025265297324e-56,3.9244084045778407e-56,3.9458063252997425e-56,3.9672965808441716e-56,3.988879463947281e-56,4.0105552679331065e-56,4.032324286714041e-56,4.054186814791298e-56,4.076143147255378e-56,4.0981935797865425e-56,4.120338408655274e-56,4.142577930722744e-56,4.164912443441285e-56,4.187342244854849e-56,4.209867633599473e-56,4.232488908903751e-56,4.255206370589295e-56,4.2780203190712e-56,4.300931055358504e-56,4.323938881054658e-56,4.3470440983579945e-56,4.370247010062176e-56,4.39354791955667e-56,4.416947130827206e-56,4.440444948456242e-56,4.464041677623422e-56,4.487737624106043e-56,4.511533094279514e-56,4.535428395117812e-56,4.559423834193953e-56,4.583519719680444e-56,4.607716360349747e-56,4.632014065574741e-56,4.656413145329175e-56,4.680913910188132e-56,4.705516671328487e-56,4.73022174052937e-56,4.755029430172609e-56,4.7799400532432075e-56,4.804953923329794e-56,4.830071354625073e-56,4.855292661926291e-56,4.880618160635693e-56,4.906048166760963e-56,4.931582996915711e-56,4.957222968319898e-56,4.98296839880031e-56,5.008819606790999e-56,5.034776911333756e-56,5.060840632078554e-56,5.087011089283998e-56,5.113288603817787e-56,5.139673497157168e-56,5.1661660913893825e-56,5.192766709212126e-56,5.219475673933998e-56,5.246293309474947e-56,5.273219940366741e-56,5.300255891753404e-56,5.327401489391665e-56,5.354657059651424e-56,5.382022929516189e-56,5.409499426583532e-56,5.43708687906554e-56,5.464785615789264e-56,5.492595966197167e-56,5.520518260347573e-56,5.548552828915118e-56,5.5767000031912e-56,5.60496011508442e-56,5.633333497121039e-56,5.6618204824454215e-56,5.690421404820478e-56,5.719136598628125e-56,5.747966398869716e-56,5.776911141166498e-56,5.805971161760059e-56,5.835146797512766e-56,5.8644383859082125e-56,5.893846265051671e-56,5.923370773670531e-56,5.953012251114742e-56,5.982771037357264e-56,6.0126474729945065e-56,6.042641899246774e-56,6.0727546579587145e-56,6.102986091599749e-56,6.133336543264528e-56,6.163806356673364e-56,6.19439587617269e-56,6.2251054467354715e-56,6.255935413961679e-56,6.286886124078714e-56,6.3179579239418525e-56,6.349151161034678e-56,6.380466183469539e-56,6.411903339987973e-56,6.443462979961155e-56,6.475145453390337e-56,6.506951110907274e-56,6.538880303774683e-56,6.570933383886665e-56,6.603110703769156e-56,6.635412616580357e-56,6.667839476111168e-56,6.700391636785633e-56,2.268059129616076e-28,9.752848774899978e-28,2.57396902026061e-27,5.398922755089576e-27,9.880597732824421e-27,1.6510122395540362e-26,2.5846212542887753e-26,3.852290042234271e-26,5.525818018065436e-26,7.68636721818487e-26,1.0425542363809631e-25,1.3846597947733775e-25,1.8065787524852546e-25,2.321387236345175e-25,2.943780883167811e-25,3.6902636401061586e-25,4.579359099046483e-25,5.631847161015256e-25,6.8710291949450425e-25,8.32302527555338e-25,1.0017107564926092e-24,1.198607445117558e-24,1.4266670685173844e-24,1.69000594755739e-24,1.9932353326977963e-24,2.341521135271211e-24,2.7406511882411114e-24,3.197111043616552e-24,3.718169458093327e-24,4.311974884858384e-24,4.987664481877272e-24,5.75548736944104e-24,6.626944127266938e-24,7.614944820471173e-24,8.733988190574387e-24,1.0000365051725545e-23,1.1432389402463279e-23,1.3050661312140545e-23,1.4878366282348696e-23,1.6941616534212656e-23,1.926984055198426e-23,2.189622824683742e-23,2.4858240319575224e-23,2.819819183315691e-23,3.1963921696301274e-23,3.620956175841033e-23,4.099642158518368e-23,4.639400779623165e-23,5.2481200191738405e-23,5.934761088289342e-23,6.709515740457512e-23,7.583988649182209e-23,8.571409204226101e-23,9.686877901618582e-23,1.0947653494100922e-22,1.237348826701197e-22,1.398702025584415e-22,1.5814232984098907e-22,1.788499544578811e-22,2.023369767631059e-22,2.2900000462253295e-22,2.5929721677599306e-22,2.937588658141894e-22,3.3299975399404676e-22,3.77734089296411e-22,4.287932213268222e-22,4.871468716528207e-22,5.539286170608152e-22,6.304665649285801e-22,7.183203877034701e-22,8.193261716819473e-22,9.356509014193667e-22,1.0698588679977746e-21,1.2249928875241959e-21,1.4046739557929835e-21,1.6132241672878066e-21,1.8558183933747255e-21,2.1386729475397124e-21,2.4692805676926553e-21,2.856704776866057e-21,3.3119499843451096e-21,3.848429311403878e-21,4.482558445607496e-21,5.234513803405063e-21,6.12920526454884e-21,7.19753134426606e-21,8.478008255511495e-21,1.0018897186045502e-20,1.1880999993668155e-20,1.4141358087810243e-20,1.689818088589791e-20,2.0277461370412126e-20,2.4441925681851388e-20,2.960324090049716e-20,3.603880474514981e-20,4.41150679678063e-20,5.432021544209176e-20,6.731045556164949e-20,8.397628445643473e-20,1.0553844870648074e-19,1.3368860429895248e-19,1.7079822625356654e-19,2.2023321764092325e-19,2.8683486735713095e-19,3.77667109418755e-19,5.031981215054817e-19,6.792049868891219e-19,9.299096968775499e-19,1.2932660412428845e-18,1.8301134215402637e-18,2.640516237196805e-18,3.893977670243603e-18,5.887676446704481e-18,9.164400448522768e-18,1.4765974873983148e-17,2.481834086405033e-17,4.400438513559717e-17,8.367569473780598e-17,1.7481675010497093e-16,4.1504375394692054e-16,1.16706289841126e-15,4.028143396490692e-15,1.7030410230914663e-14,8.238683817063982e-14,4.122907477522023e-13,2.014701774451907e-12,1.1474963022289439e-11,1.4020400904210703e-10,2.3098385599322127e-09,2.5549585056390885e-08,1.7236874067073218e-07,7.54818043026387e-07,2.331631012892035e-06,5.485937407927368e-06,1.0488900619455417e-05,1.716387430464927e-05,2.501564003156481e-05,3.345376703286165e-05,4.1959102443786516e-05,5.015499547014861e-05,5.7809983044266244e-05,6.480891184296384e-05,7.111743301924506e-05,7.675145379217789e-05,8.175474923885652e-05,8.618410076521361e-05,9.010015011723103e-05,9.356216908482987e-05,9.662533837255654e-05,9.933955335497632e-05,0.00010174911444928609,0.00010389290045481146,0.00010580478233195064,0.00010751413578405197,0.00010904637311176878,0.00011042345215801189,0.00011166434212190948,0.00011278543858958366,0.00011380092705440582,0.00011472309780711989,0.00011556261671805206,0.0001163287570078666,0.00011702959704683015,0.00011767218890234003,0.00011826270185933328,0.0001188065446339217,0.00011930846950859994,0.0001197726611295326,0.00012020281233807995,0.00012060218900902796,0.00012097368558587962,0.00012131987272791565,0.00012164303826462225,0.00012194522246424707,0.00012222824846388838,0.00012249374857616066,0.00012274318707587955,0.00012297787997674325,0.0001231990122276604,0.00012340765269591722,0.00012360476724719108,0.00012379123018282708,0.00012396783426435262,0.00012413529951094644,0.0001242942809367905,0.0001244453753671624,0.00012458912745396368,0.0001247260349933732,0.0001248565536346093,0.00012498110105614878,0.00012510006067640157,0.00012521378495478186,0.0001253225983339947,0.00012542679986578067,0.00012552666555834543,0.0001256224504776099,0.00012571439063083402,0.00012580270465764124,0.0001258875953503572,0.00012596925102275404,0.0001260478467432012,0.00012612354544884322,0.00012619649895126794,0.00012626684884799207,0.00012633472734716023,0.0001264002580159563,0.0001264635564610684,0.00012652473094635093,0.00012658388295657782,0.0001266411077090277,0.00012669649462338105,0.00012675012774849951,0.0001268020861537395,0.00012685244428685687,0.0001269012723021492,0.0001269486363621515,0.00012699459891325987,0.00012703921894117307,0.00012706189717243883,0.00012710458261016203,0.0001271460604413132,0.00012718637919598513,0.00012722558486177724,0.00012726372104867418,0.00012730082914099247,0.0001273369484364729,0.0001273721162763756,0.00012740636816289898,0.00012743973787192138,0.0001274722575541052,0.00012750395783290652,0.0001275348678922426,0.0001275650155600377,0.00012759442738525736,0.0001276231287103941,0.0001276511437389056,0.00012767849559788366,0.00012770520639703993,0.00012773129728387478,0.00012775678849496946,0.0001277816994043765,0.00012780604856910778,0.00012782985377079325,0.00012785313205655497,0.00012787589977572607,0.00012789817261527468,0.00012791996563270625,0.0001279412932875008,0.00012796216946970023,0.00012798260752655135,0.0001280026202953844,0.00012802222011705885,0.00012804141886658347,0.00012806022797320156,0.00012807865844093836,0.00012809672086785896,0.00012811442546509198,0.00012813178207385001,0.00012814880018222362,0.00012816548894006388,0.00012818185717510176,0.00012819791340595616,0.00012821366585575656,0.00012822912246495313,0.00012824429090314227,0.00012825917858052684,0.0001282737926586902,0.00012828814006077418,0.00012830222748174344,0.00012831606139712286,0.00012832964807229843,0.00012834299357025882,0.00012835610376052067,0.00012836898432629098,0.0001283816407716805,0.00012839407842906163,0.00012840630246519844,0.000128418317887947,0.00012843012955222256,0.00012844174216556612,0.00012845316029417187,0.00012846438836716694,0.00012847543068253856,0.00012848629141184756,0.00012849697460461877,0.00012850748419267725,0.00012851782399442828,0.0001285279977190438,0.00012853800897018327,0.00012854786124962434,0.00012855755796104885,0.00012856710241319512,0.0001285764978233152,0.00012858574732017643,0.00012859485394748528,0.0001286038206652299,0.00012861265035465179,0.000128621345819836,0.00012862990978976957,0.0001286383449217184,0.00012864665380304206,0.00012865483895340462,0.00012866290282676588,0.00012867084781464406,0.00012867867624697085,0.0001286863903942377,0.0001286939924695364,0.00012870148463036194,0.00012870886898020472,0.00012871614757030682,0.00012872332240144513,0.00012873039542472142,0.00012873736854412604,0.0001287442436174587,0.00012875102245702902,0.00012875770683276323,0.0001287642984715681,0.00012877079905959594,0.00012877721024329514,0.0001287835336303613,0.00012878977079142762,0.00012879592326016725,0.00012880199253525223,0.00012880798008088203,0.00012881388732786123,0.00012881971567458604,0.00012882546648772166,0.00012883114110365826,0.00012883674082869828,0.0001288422669402292,0.00012884772068728477,0.00012885310329167858,0.00012885841594833397,0.0001288636598264201,0.0001288688360696728,0.00012887394579728307,0.00012887899010446813,0.0001288839700631407,0.00012888888672245107,0.00012889374110933727,0.0001288985342298435,0.00012890326706826088,0.00012890794058874726,0.00012891255573545555,0.0001289171134331897,0.00012892161458774324,0.00012892606008687796,0.00012893045079983122,0.00012893478757858013,0.0001289390712578787,0.00012894330265597484,0.0001289474825747233,0.00012895161180015972,0.00012895569110283508,0.00012895972123820582,0.00012896370294699687,0.0001289676369555371,0.00012897152397611642,0.00012897536470732728,0.00012897915983434017,0.0001289829100293254,0.0001289866159516794,0.00012899027824833035,0.0001289938975540158,0.00012899747449162934,0.0001290010096724547,0.00012900450369637728,0.00012900795715227605,0.00012901137061802713,0.0001290147446610899,0.00012901807983850755,0.0001290213766972435,0.000129024635774309,0.00012902785759705648,0.0001290310426834181,0.00012903419154210646,0.0001290373046726512,0.00012904038256586774,0.00012904342570385104,0.00012904643456026766,0.00012904940960047464,0.00012905235128171733,0.00012905526005360006,0.0001290581363572028,0.0001290609806267434,0.0001290637932887447,0.00012906657476244787,0.0001290693254599909,0.00012907204578653793,0.00012907473614037388,0.00012907739691313505,0.00012908002848993047,0.00012908263124934317,0.00012908520556382348,0.0001290877517995515,0.00012909027031668386,0.0001290927614694043,0.0001290952256064813,0.00012909766307046323,0.00012910007419864025,0.00012910245932287165,0.00012910481876960282,0.0001291071528600241,0.0001291094619102523,0.00012911174623120075,0.00012911400612907337,0.00012911624190514918,0.00012911845385597053,0.0001291206422734187,0.00012912280744480746,0.00012912494965298466,0.00012912706917643944,0.00012912916628920028,0.00012913124126137537,0.00012913329435868125,0.00012913532584275144,0.00012913733597146254,0.00012913932499857914,0.00012914129317406246,0.0001291432407441197,0.00012914516795126333,0.0001291470750343646,0.00012914896222873426,0.00012915082976609302,0.00012915267787504416,0.0001291545067804049,0.00012915631670390565,0.00012915810786398924,0.00012915988047589947,0.00012916163475174388,0.00012916337090054865,0.00012916508912833054,0.00012916678963811228,0.00012916847263002074,0.00012917013830131865,0.0001291717868463166,0.00012917341845677287,0.00012917503332160183,0.00012917663162704323,0.00012917821355678158,0.00012917977929184998,0.00012918132901072762,0.000129182862889579,0.00012918438110191296,0.00012918588381893918,0.00012918737120945408,0.00012918884344000067,0.0001291903006745829,0.00012919174307535525,0.00012919317080189703,0.0001291945840118353,0.00012919598286057895,0.00012919736750148004,0.00012919873808578145,0.00012920009476270785,0.00012920143767948216,0.0001292027669813342,0.0001292040828115935,0.00012920538531168135,0.00012920667462114178,0.000129207950877677,0.00012920921421717699,0.00012921046477374934,0.00012921170267975258,0.0001292129280658024,0.0001292141410608442,0.00012921534179210494,0.00012921653038522625,0.0001292177069642296,0.0001292188716514299,0.00012922002456771991,0.00012922116583237054,0.00012922229556314605,0.00012922341387634534,0.00012922452088672833,0.00012922561670766582,0.00012922670145109366,0.0001292277752275003,0.00012922883814600833,0.00012922989031442008,0.00012923093183915869,0.00012923196282534392,0.00012923298337680765,0.0001292339935960491,0.00012923499358431003,0.000129235983441588,0.00012923696326668727,0.00012923793315721817,0.00012923889320965207,0.00012923984351915073,0.0001292407841797472,0.0001292417152844155,0.00012924263692497054,0.00012924354919217185,0.00012924445217562684,0.0001292453459638968,0.00012924623064448768,0.0001292471063038698,0.00012924797302749956,0.00012924883089976988,0.00012924968000412642,0.00012925052042304661,0.0001292513522380094,0.00012925217552955072,0.00012925299037726726,0.00012925379685982952,0.00012925459505499533,0.0001292553850396225,0.00012925616688970167,0.0001292569406803123,0.000129257706485699,0.00012925846437916884,0.0001292592144333548,0.00012925995671997413,0.0001292606913098918,0.00012926141827319755,0.00012926213767926265,0.00012926284959653163,0.00012926355409280426,0.00012926425123502568,0.0001292649410894985,0.00012926562372172175,0.00012926629919646446,0.00012926696757772823,0.00012926762892889225,0.0001292682833125957,0.00012926893079077365,0.00012926957142473563,0.00012927020527505448,0.0001292708324016712,0.00012927145286385777,0.00012927206672024702,0.0001292726740288215,0.00012927327484696093,0.00012927386923142472,0.00012927445723832624,0.000129275038923201,0.00012927561434097532,0.00012927618354599833,0.00012927674659204532,0.00012927730353226293,0.00012927785441932933,0.0001292783993052447,0.00012927893824154837,0.00012927947127921096,0.00012927999846865597,0.00012928051985978985,0.00012928103550199983,0.00012928154544413406,0.00012928204973454072,0.00012928254842106847,0.00012928304155105974,0.00012928352917136913,0.00012928401132836724,0.00012928448806794944,0.00012928495943551825,0.000129285425476057,0.00012928588623403403,0.00012928634175349228,0.00012928679207801428,0.00012928723725074288,0.00012928767731437872,0.00012928811231119252,0.0001292885422830275,0.0001292889672712606,0.00012928938731698045,0.00012928980246072955,0.00012929021274268377,0.00012929061820262888,0.00012929101887994678,0.0001292914148136258,0.0001292918060422688,0.00012929219260409403,0.00012929257453694128,0.0001292929518782765,0.00012929332466519593,0.00012929369293443373,0.0001292940567223555,0.00012929441606497673,0.00012929477099797395,0.00012929512155663032,0.00012929546777593434,0.00012929580969052044,0.00012929614733468302,0.00012929648074236632,0.00012929680994721592,0.00012929713498254771,0.00012929745588134063,0.0001292977726762766,0.00012929808539971523,0.00012929839408369932,0.00012929869875998116,0.0001292989994600062,0.00012929929621491263,0.00012929958905555448,0.00012929987801248253,0.00012930016311598025,0.00012930044439601868,0.00012930072188229913,0.00012930099560425016,0.0001293012655910122,0.00012930153187147052,0.0001293017944742216,0.00012930205342760268,0.00012930230875969953,0.0001293025604983188,0.0001293028086710217,0.00012930305330508983,0.00012930329442761412,0.00012930353206537892,0.00012930376624494124,0.00012930399699261611,0.00012930422433447982,0.00012930444829635065,0.00012930466890383825,0.00012930488618231436,0.00012930510015688937,0.00012930531085250815,0.00012930551829385003,0.00012930572250534724,0.00012930592351125225,0.00012930612133558073,0.00012930631600214498,0.00012930650753456517,0.00012930669595617733,0.00012930688129016713,0.00012930706355950946,0.0001293072427869827,0.00012930741899513085,0.00012930759220631583,0.0001293077624426986,0.0001293079297262525,0.00012930809407875115,0.000129308255521771,0.00012930841407671342,0.00012930856976479076,0.00012930872260699991,0.00012930887262418872,0.00012930901983701528,0.0001293091642659532,0.00012930930593130254,0.00012930944485319048,0.0001293095810515564,0.00012930971454617695,0.00012930984535665914,0.00012930997350243996,0.00012931009900279435,0.00012931022187681764,0.00012931034214345584,0.00012931045982148345,0.00012931057492953637,0.00012931068748605433,0.00012931079750933894,0.00012931090501756276,0.000129311010028707,0.00012931111256061505,0.00012931121263097905,0.00012931131025735289,0.00012931140545712134,0.00012931149824753392,0.00012931158864569594,0.00012931167666856903,0.00012931176233297377,0.00012931184565559035,0.00012931192665295962,0.00012931200534148582,0.00012931208173743632,0.00012931215585693275,0.00012931222771598642,0.00012931229733046493,0.00012931236471610522,0.00012931242988851465,0.0001293124928631725,0.00012931255365543102,0.00012931261228053676,0.00012931266875355318,0.0001293127230894762,0.0001293127753031678,0.00012931282540936222,0.0001293128734226842,0.0001293129193576203,0.00012931296322855,0.0001293130050497431,0.0001293130448353498,0.00012931308259940509,0.00012931311835583277,0.0001293131521184442,0.0001293131839009412,0.00012931321371691226,0.00012931324157984374,0.00012931326750310638,0.0001293132914999696,0.00012931331358359877,0.0001293133337670517,0.00012931335206328338,0.0001293133684851467,0.00012931338304539132,0.00012931339575667343,0.00012931340663154992,0.00012931341568245218,0.0001293134229217463,0.0001293134283616929,0.0001293134320144493,0.0001293134338920849,0.00012931343400657247,0.00012931343236979886,0.00012931342899353808,0.0001293134238894921,0.00012931341706926613,0.000129313408544375,0.00012931339832624277,0.00012931338642621366,0.00012931337285553606,0.00012931335762537337,0.00012931334074680822,0.00012931332223082662,0.00012931330208834887,0.000129313280330186,0.00012931325696709012,0.0001293132320097231,0.0001293132054686627,0.00012931317735441006,0.00012931314767738547,0.00012931311644793,0.0001293130836763079,0.00012931304937270315,0.00012931301354722529,0.00012931297620990574,0.00012931293737070208,0.0001293128970394963,0.00012931285522609648,0.00012931281194023713,0.00012931276719157933,0.00012931272098971468,0.0001293126733441596,0.00012931262426436177,0.00012931257375969882,0.00012931252183947834,0.00012931246851293857,0.0001293124137892495,0.00012931235767751364,0.00012931230018676574,0.00012931224132597447,0.0001293121811040424,0.00012931211952980635,0.0001293120566120383,0.00012931199235944606,0.00012931192678067392,0.00012931185988430277,0.00012931179167885104,0.0001293117221727745,0.00012931165137446823,0.00012931157929226575,0.0001293115059344401,0.00012931143130920413,0.00012931135542471164,0.00012931127828905755,0.00012931119991027785,0.00012931112029635107,0.00012931103945519807,0.00012931095739468284,0.00012931087412261294,0.00012931078964674238,0.0001293107039747621,0.00012931061711431562,0.00012931052907299003,0.00012931043985831583,0.00012931034947777405,0.00012931025793879006,0.0001293101652487356,0.00012931007141493039,0.00012930997644464474,0.00012930988034509528,0.00012930978312344769,0.00012930968478681761,0.00012930958534227143,0.00012930948479682414,0.0001293093831574425,0.00012930928043104398,0.00012930917662449764,0.0001293090717446245,0.00012930896579819783,0.00012930885879194372,0.00012930875073254125,0.00012930864162662343,0.00012930853148077586,0.00012930842030153965,0.00012930830809541015,0.00012930819486883766,0.00012930808062822785,0.00012930796537994227,0.00012930784913029836,0.00012930773188557097,0.00012930761365199193,0.0001293074944357451,0.00012930737424297802,0.00012930725307978876,0.0001293071309522483,0.00012930700786637254,0.00012930688382814016,0.00012930675884348903,0.00012930663291831692,0.00012930650605848132,0.00012930637826979977,0.0001293062495580505,0.00012930611992897217,0.0001293059893882651,0.0001293058579415906,0.0001293057255945719,0.00012930559235279428,0.00012930545822180544,0.00012930532320711547,0.00012930518731419773,0.00012930505054848854,0.00012930491291538785,0.0001293047744202596,0.00012930463506843144,0.00012930449486519576,0.00012930435381580967,0.0001293042119254947,0.0001293040691994384,0.00012930392564279298,0.000129303781260677,0.00012930363605817474,0.0001293034900403364,0.00012930334321218027,0.00012930319557868982,0.0001293030471448162,0.00012930289791547798,0.00012930274789556113,0.00012930259708991956,0.00012930244550337524,0.00012930229314071846,0.00012930214000670797,0.00012930198610607165,0.00012930183144350615,0.0001293016760236775,0.0001293015198512213,0.000129301362930743,0.00012930120526681766,0.00012930104686399143,0.0001293008877267799,0.00012930072785966983,0.00012930056726711812,0.00012930040595355392,0.00012930024392339548,0.00012930008118098037,0.00012929991773066673,0.00012929975357677066,0.00012929958872357893,0.00012929942317535558,0.00012929925693633062,0.00012929909001070935,0.0001292989224026696,0.00012929875411636389,0.0001292985851559174,0.00012929841552542813,0.00012929824522896967,0.00012929807427059965,0.00012929790265431867,0.00012929773038413236,0.00012929755746400376,0.00012929738389788262,0.00012929720968969053,0.0001292970348433124,0.00012929685936263597,0.0001292966832514943,0.0001292965065137116,0.0001292963291530849,0.00012929615117338755,0.00012929597257837672,0.00012929579337176306,0.0001292956135572585,0.00012929543313853348,0.00012929525211925608,0.00012929507050304866,0.0001292948882935344,0.00012929470549429472,0.00012929452210889522,0.00012929433814087927,0.0001292941535937682,0.00012929396847106094,0.00012929378277623594,0.00012929359651274892,0.00012929340968403355,0.00012929322229350405,0.00012929303434456308,0.0001292928458405577,0.00012929265678485757,0.00012929246718078663,0.0001292922770316503,0.0001292920863407379,0.00012929189511132232,0.00012929170334664958,0.0001292915110499544,0.00012929131822443443,0.00012929112487328434,0.00012929093099967276,0.00012929073660674858,0.0001292905416976446,0.0001292903462754722,0.0001292901503433227,0.00012928995390427058,0.00012928975696137082,0.00012928955951766,0.0001292893615761561,0.00012928916313985887,0.00012928896421174978,0.00012928876479479282,0.00012928856489192848,0.0001292883645060939,0.00012928816364019428,0.00012928796229712215,0.00012928776047975755,0.00012928755819095313,0.00012928735543354348,0.00012928715221035742,0.0001292869485242037,0.00012928674437787983,0.00012928653977413627,0.00012928633471574305,0.0001292861292054353,0.00012928592324594387,0.0001292857168399718,0.00012928550999021285,0.00012928530269933563,0.00012928509497000276,0.00012928488680485903,0.0001292846782065313,0.00012928446917762995,0.00012928425972075292,0.000129284049838484,0.00012928383953338552,0.00012928362880800778,0.00012928341766488643,0.0001292832061065393,0.0001292829941354852,0.00012928278175418774,0.00012928256896513874,0.00012928235577080432,0.00012928214217362803,0.0001292819281760412,0.000129281713780463,0.00012928149898929994,0.00012928128380493745,0.0001292810682297544,0.0001292808522661139,0.00012928063591636312,0.00012928041918283694,0.00012928020206785657,0.00012927998457372975,0.00012927976670275054,0.00012927954845719987,0.0001292793298393451,0.00012927911085144046,0.0001292788914957272,0.00012927867177443407,0.00012927845168977622,0.0001292782312439563,0.0001292780104391641,0.00012927778927757685,0.00012927756776135894,0.00012927734589265874,0.00012927712367362003,0.0001292769011063696,0.00012927667819302274,0.0001292764549356821,0.0001292762313364392,0.00012927600739737717,0.00012927578312055897,0.00012927555850803833,0.00012927533356185987,0.00012927510828405814,0.00012927488267663935,0.0001292746567416299,0.00012927443048102216,0.000129274203896799,0.00012927397699093407,0.00012927374976539176,0.000129273522222122,0.0001292732943630739,0.0001292730661901728,0.00012927283770535256,0.0001292726089104828,0.0001292723798074681,0.00012927215039822273,0.00012927192068461137,0.00012927169066850118,0.0001292714603517357,0.00012927122973616095,0.00012927099882362292,0.00012927076761593359,0.0001292705361149231,0.00012927030432237024,0.00012927007224007987,0.00012926983986983755,0.00012926960721340973,0.00012926937427256248,0.0001292691410490479,0.0001292689075446102,0.00012926941926131785,0.00012926946044311677,0.00012926942240908926,0.00012926937145714984,0.00012926931911984765,0.00012926926800521158,0.00012926921930840152,0.00012926917403543312,0.0001292691331960251,0.00012926909782736684,0.0001292690689902155,0.00012926904776066074,0.0001292690352215316,0.00012926903245421575,0.0001292690405311073,0.00012926906050878112,0.00012926909342194764,0.0001292691402782047,0.00012926920205360724,0.00012926927968899326,0.00012926937408708685,0.0001292694861102763,0.0001292696165790511,0.0001292697662710257,0.00012926993592046946,0.0001292701262183159,0.0001292703378125506,0.0001292705713089479,0.00012927082727208513,0.00012927110622658555,0.00012927140865853887,0.00012927173501706468,0.00012927208571597326,0.0001292724611354969,0.00012927286162405167,0.00012927328750003716,0.00012927373905358022,0.00012927421654830278,0.0001292747202230284,0.00012927525029345205,0.00012927580695372377,0.00012927639037798696,0.00012927700072185876,0.00012927763812381056,0.00012927830270649532,0.0001292789945779796,0.00012927971383291066,0.00012928046055362685,0.00012928123481117864,0.0001292820366662668,0.0001292828661701356,0.00012928372336538056,0.00012928460828677793,0.00012928552096186957,0.00012928646141171233,0.00012928742965144784,0.00012928842569081693,0.00012928944953472966,0.0001292905011836415,0.00012929158063402894,0.00012929268787880487,0.00012929382290759124,0.0001292949857071042,0.00012929617626141618,0.00012929739455223423,0.0001292986405591376,0.00012929991425978467,0.0001293012156301324,0.00012930254464459858,0.0001293039012762338,0.00012930528549686318,0.00012930669727721726,0.0001293081365870551,0.00012930960339526253,0.00012931109766992787,0.00012931261937853297,0.0001293141684878666,0.00012931574496420566,0.000129317348773348,0.0001293189798806642,0.00012932063825114835,0.00012932232384953377,0.00012932403664006167,0.00012932577658691808,0.00012932754365384058,0.00012932933780472868,0.00012933115900300217,0.000129333007211923,0.00012933488239472117,0.00012933678451446375,0.0001293387135340937,0.00012934066941647134,0.00012934265212437445,0.00012934466162039943,0.00012934669786721325,0.00012934876082729724,0.00012935085046317246,0.00012935296673719364,0.00012935510961173223,0.0001293572790491028,0.00012935947501156402,0.0001293616974613054,0.00012936394636049983,0.00012936622167125056,0.0001293685233556392,0.00012937085137571563,0.0001293732056934265,0.00012937558627072805,0.00012937799306958817,0.000129380426051766,0.00012938288517913267,0.00012938537041346236,0.00012938788171649616,0.0001293904190498798,0.00012939298237536856,0.00012939557165451323,0.00012939818684888933,0.00012940082792004714,0.00012940349482938466,0.00012940618753835747,0.0001294089060083482,0.00012941165020058487,0.0001294144200767143,0.00012941721559770177,0.00012942003672478035,0.00012942288341920164,0.00012942575564199406,0.00012942865335430318,0.00012943157651712638,0.0001294345250913537,0.000129437499038192,0.000129440498318338,0.00012944352289246083,0.00012944657272162148,0.00012944964776646437,0.00012945274798769395,0.0001294558733459867,0.00012945902380176601,0.00012946219931574246,0.00012946539984879608,0.00012946862536116123,0.00012947187581327567,0.0001294751511654281,0.00012947845137823027,0.00012948177641188376,0.00012948512622668542,0.0001294885007828375,0.00012949190004060254,0.00012949532396013677,0.00012949877250157378,0.0001295022456250101,0.0001295057432905062,0.00012950926545808676,0.00012951281208776832,0.00012951638313948283,0.0001295199785731517,0.00012952359834866468,0.00012952724242587817,0.00012953091076459383,0.00012953460332462772,0.00012953832006575684,0.00012954206094769287,0.00012954582593015454,0.00012954961497282087,0.00012955342803534374,0.00012955726507734878,0.0001295611260584377,0.00012956501093812809,0.00012956891967602654,0.00012957285223166065,0.00012957680856453519,0.00012958078863418914,0.00012958479240002884,0.00012958881982149553,0.0001295928708580108,0.0001295969454685969,0.0001296010436130408,0.00012960516525140021,0.00012960931034193866,0.00012961347884440723,0.00012961767071802927,0.00012962188592214064,0.0001296261244160919,0.00012963038615900645,0.00012963467111032476,0.0001296389792292758,0.0001296433104749805,0.0001296476648068372,0.00012965204218396616,0.00012965644256562731,0.00012966086591097015,0.00012966531217917566,0.0001296697813294443,0.00012967427332103462,0.00012967878811279154,0.00012968332566444375,0.00012968788593491237,0.0001296924688833075,0.00012969707446883424,0.0001297017026504734,0.00012970635338813862,0.0001297110266399569,0.00012971572236560912,0.00012972044052407035,0.00012972518107431399,0.00012972994397604051,0.00012973472918812167,0.0001297395366697028,0.0001297443663801886,0.00012974921827832935,0.00012975409232346045,0.00012975898847486937,0.00012976390669162564,0.00012976884693297652,0.00012977380915815112,0.00012977879332631373,0.0001297837993966669,0.00012978882732854867,0.0001297938770809585,0.00012979894861321964,0.00012980404188454988,0.00012980915685447403,0.00012981429348199705,0.00012981945172668954,0.0001298246315473046,0.0001298298329034222,0.0001298350557542889,0.0001298403000593238,0.00012984556577832717,0.00012985085286986047,0.00012985616129360637,0.00012986149100885773,0.00012986684197543243,0.00012987221415243722,0.0001298776074992589,0.00012988302197513535,0.00012988845754010632,0.0001298939141534194,0.0001298993917745432,0.00012990489036238654,0.00012991040987696351,0.00012991595027885135,0.00012992151152681894,0.00012992709358008094,0.00012993269639861337,0.00012993831994204976,0.00012994396417063454,0.00012994962904382595,0.00012995531452082641,0.00012996102056167384,0.0001299667471262298,0.00012997249417410402,0.00012997826166526795,0.00012998404955943753,0.00012998985781653247,0.00012999568639628878,0.00013000153525900759,0.0001300074043643406,0.0001300132936729347,0.00013001920314400839,0.0001300251327374028,0.0001300310824136157,0.00013003705213264824,0.00013004304185468857,0.0001300490515398818,0.0001300550811482275,0.0001300611306400959,0.00013006719997587357,0.00013007328911556146,0.00013007939801959226,0.00013008552664823454,0.0001300916749618509,0.0001300978429210448,0.00013010403048584448,0.0001301102376169495,0.00013011646427512724,0.00013012271042061352,0.00013012897601394856,0.00013013526101553677,0.00013014156538559868,0.00013014788908594858,0.00013015423207672012,0.00013016059431929954,0.00013016697577327547,0.00013017337639998765,0.0001301797961600045,0.0001301862350147051,0.00013019269292483289,0.00013019916985120044,0.00013020566575485098,0.0001302121805968171,0.00013021871433818952,0.00013022526693942101,0.00013023183836288177,0.00013023842856913607,0.0001302450375195234,0.0001302516651749176,0.00013025831149701957,0.00013026497644698043,0.00013027165998624401,0.00013027836207616964,0.00013028508267823592,0.0001302918217542644,0.00013029857926513265,0.00013030535517273846,0.00013031214943867427,0.000130318962024618,0.00013032579289218318,0.00013033264200332912,0.0001303395093198192,0.00013034639480307404,0.0001303532984155832,0.00013036022011911292,0.00013036715987528277,0.00013037411764620592,0.00013038109339394316,0.0001303880870806761,0.0001303950986684521,0.0001304021281192777,0.00013040917539553968,0.00013041624045950008,0.00013042332327308553,0.00013043042379930631,0.00013043754200027182,0.00013044467783861842,0.00013045183127666248,0.00013045900227673078,0.00013046619080090305,0.000130473396813607,0.00013048062027588286,0.0001304878611514574,0.0001304951194020751,0.0001305023949910533,0.00013050968788124863,0.00013051699803555913,0.00013052432541692924,0.00013053166998808717,0.00013053903171263652,0.00013054641055324843,0.00013055380647336616,0.00013056121943590113,0.00013056864940422835,0.00013057609634163175,0.00013058356021143178,0.00013059104097700027,0.00013059853860258189,0.00013060605304896384,0.00013061358428272097,0.00013062113226604432,0.00013062869696340383,0.00013063627833770103,0.00013064387635221682,0.00013065149097141431,0.00013065912215909958,0.00013066676987845698,0.00013067443409460808,0.00013068211477081017,0.0001306898118712763,0.0001306975253603409,0.00013070525520187304,0.00013071300136002558,0.00013072076379850908,0.00013072854248201,0.00013073633737475352,0.0001307441484413647,0.00013075197564619954,0.00013075981895365377,0.00013076767832831027,0.00013077555373475225,0.00013078344513761414,0.00013079135250158253,0.00013079927579139527,0.0001308072149718423,0.00013081517000772247,0.00013082314086461835,0.00013083112750627112,0.0001308391298988822,0.00013084714800630162,0.00013085518179403746,0.00013086323122739454,0.00013087129627157535,0.00013087937689184543,0.00013088747305351758,0.0001308955847217597,0.00013090371186219284,0.00013091185444029108,0.00013092001242179268,0.00013092818577205368,0.00013093637445670483,0.00013094457844139436,0.0001309527976918951,0.00013096103217399778,0.00013096928185333723,0.00013097754669602472,0.0001309858266680114,0.0001309941217353012,0.00013100243186395295,0.00013101075702007706,0.000131019097169823,0.00013102745227943025,0.0001310358223151738,0.00013104420724337874,0.0001310526070306446,0.00013106102164318185,0.00013106945104748,0.0001310778952100833,0.00013108635409758997,0.00013109482767665232,0.00013110331591395947,0.00013111181877629148,0.0001311203362304675,0.00013112886824321262,0.0001311374147817012,0.00013114597581283206,0.0001311545513035458,0.00013116314122105834,0.00013117174553244879,0.0001311803642049125,0.00013118899720570773,0.0001311976445021351,0.0001312063060615586,0.000131214981851394,0.00013122367183911375,0.00013123237599224345,0.000131241094278364,0.00013124982666505718,0.00013125857312015494,0.0001312673336113952,0.00013127610810667815,0.00013128489657331514,0.00013129369897900526,0.00013130251529369335,0.00013131134548319287,0.0001313201895169715,0.00013132904736173459,0.00013133791898696588,0.00013134680436024623,0.00013135570344981334,0.00013136461622460663,0.0001313735426527131,0.00013138248270256359,0.0001313914363427087,0.00013140040354184973,0.00013140938426969172,0.00013141837849433972,0.00013142738618140685,0.00013143640730231624,0.00013144544182714402,0.00013145448972249214,0.00013146355095929708,0.0001314726255045644,0.000131481713328307,0.00013149081439968384,0.00013149992868874294,0.00013150905616134053,0.00013151819679177597,0.00013152735054661015,0.00013153651739377932,0.00013154569730541738,0.00013155489024892764,0.00013156409619653837,0.00013157331511639704,0.0001315825469767087,0.00013159179175018215,0.00013160104940517306,0.00013161031991129512,0.0001316196032386968,0.00013162889935740884,0.000131638208237322,0.00013164752984826713,0.0001316568641621241,0.0001316662111460713,0.00013167557077168327,0.0001316849430086105,0.00013169432782785903,0.0001317037252006762,0.0001317131350991695,0.00013172255748864907,0.00013173199234267415,0.00013174143963250504,0.00013175089932960073,0.00013176037140050803,0.00013176985581871318,0.00013177935255477617,0.0001317888615795642,0.00013179838286416287,0.00013180791638199593,0.00013181746209853056,0.0001318270199888193,0.00013183659002326836,0.00013184617217280284,0.00013185576640900563,0.0001318653727024501,0.000131874991025781,0.00013188462134994329,0.000131894263646212,0.00013190391788698007,0.00013191358404166735,0.00013192326208436242,0.00013193295198581334,0.0001319426537180939,0.00013195236725319987,0.00013196209256090375,0.00013197182961567804,0.00013198157838861484,0.00013199133885095189,0.00013200111097645402,0.00013201089473639015,0.00013202069010296628,0.000132030497048389,0.00013204031554508045,0.00013205014556907338,0.00013205998708670335,0.00013206984007108473,0.00013207970449646836,0.00013208958033543571,0.0001320994675606218,0.00013210936614471705,0.00013211927606046408,0.0001321291972806608,0.00013213912977815754,0.00013214907352585923,0.00013215902849672494,0.00013216899466376598,0.00013217897200004859,0.00013218896048280304,0.00013219896008108298,0.00013220897076814188,0.00013221899251725556,0.00013222902530183326,0.0001322390690951861,0.00013224912387078695,0.0001322591896021062,0.00013226926626254426,0.0001322793538259738,0.00013228945226584143,0.00013229956155602133,0.00013230968167015765,0.00013231981258206386,0.00013232995426567187,0.00013234010669479034,0.00013235026984342556,0.00013236044368566003,0.00013237062819552808,0.00013238082334719525,0.0001323910291148159,0.00013240124547254052,0.0001324114723947484,0.00013242170985577035,0.000132431957823773,0.00013244221627848764,0.00013245248519604114,0.00013246276455088277,0.00013247305431680616,0.00013248335446837395,0.000132493664980131,0.00013250398583363254,0.0001325143169970775,0.00013252465844347639,0.0001325350101496915,0.00013254537209073688,0.00013255574424159806,0.00013256612657740224,0.00013257651907227185,0.00013258692170245437,0.00013259733444317284,0.00013260775727206537,0.000132618190161898,0.000132628633086072,0.0001326390860221798,0.00013264954894568633,0.00013266002183211592,0.0001326705046570086,0.00013268099739637557,0.00013269150002539465,0.00013270201252056903,0.00013271253486045993,0.00013272306701671638,0.00013273360896545803,0.00013274416068255877,0.00013275472214311913,0.00013276529332438035,0.00013277587420481188,0.00013278646475654556,0.0001327970649582441,0.0001328076747854529,0.00013281829421468578,0.00013282892322228764,0.0001328395617845301,0.00013285020987914857,0.00013286086748041546,0.00013287153456600077,0.00013288221111224308,0.0001328928970946325,0.00013290359249200034,0.000132914297280128,0.00013292501143647513,0.0001329357349375695,0.00013294646775982854,0.00013295720988060395,0.0001329679612768397,0.00013297872192515362,0.00013298949180328264,0.00013300027088833618,0.00013301105915701584,0.0001330218565867279,0.00013303266315375196,0.00013304347883962887,0.0001330543036161669,0.00013306513746269083,0.00013307598036051366,0.00013308683228107937,0.00013309769320472164,0.00013310856310875277,0.00013311944197129865,0.0001331303297744989,0.00013314122648684285,0.0001331521320910113,0.00013316304656444002,0.00013317396988937313,0.00013318490203392415,0.0001331958429835989,0.00013320679271443297,0.00013321775120521463,0.00013322871843415038,0.00013323969437417917,0.00013325067901309533,0.00013326167232445584,0.00013327267428655666,0.000133283684877725,0.00013329470407681085,0.0001333057318621113,0.00013331676821183778,0.00013332781310867304,0.00013333886652364422,0.00013334992843899607,0.00013336099883012872,0.00013337207768307588,0.0001333831649728707,0.00013339426067850784,0.00013340536477852703,0.00013341647725231086,0.00013342759807373334,0.00013343872723180333,0.0001334498647005213,0.00013346101045848838,0.00013347216448102218,0.0001334833267584775,0.00013349449726360196,0.0001335056759740693,0.00013351686287093402,0.00013352805793328962,0.00013353926114026255,0.00013355047247235922,0.0001335616919087858,0.00013357291942864378,0.00013358415501287608,0.00013359539863952425,0.00013360665028867329,0.00013361790994123412,0.0001336291775761535,0.00013364045317016025,0.0001336517367096941,0.00013366302817025317,0.0001336743275344908,0.00013368563478112865,0.00013369694989015518,0.0001337082728417119,0.00013371960361566667,0.00013373094219293252,0.00013374228855305272,0.00013375364267542735,0.00013376500454348456,0.00013377637413443215,0.00013378775143102383,0.000133799136413622,0.00013381052906163564,0.00013382192935588305,0.0001338333372767438,0.0001338447528050155,0.00013385617592327767,0.00013386760660990385,0.0001338790448460922,0.00013389049061301414,0.00013390194389746978,0.0001339134046696531,0.00013392487291886387,0.00013393634861891228,0.00013394783175214395,0.00013395932230403837,0.00013397082025285343,0.00013398232558410971,0.00013399383827101164,0.00013400535829913605,0.0001340168856528541,0.0001340284203098406,0.0001340399622525443,0.00013405151146334257,0.00013406306792417122,0.0001340746316127392,0.00013408620251436357,0.0001340977806093275,0.00013410936588118433,0.00013412095830946333,0.0001341325578763664,0.00013414416456136748,0.00013415577834699382,0.0001341673992159705,0.00013417902715440202,0.00013419066214029687,0.00013420230415466417,0.00013421395318085315,0.0001342256092009152,0.00013423727219684134,0.00013424894215100704,0.00013426061904550852,0.00013427230286303175,0.0001342839935853975,0.00013429569119490978,0.00013430739567376818,0.00013431910700585455,0.00013433082517273575,0.00013434255015760594,0.00013435428194043207,0.0001343660205036237,0.00013437776583905784,0.00013438951791415146,0.00013440127671879157,0.00013441304223630265,0.00013442481444915153,0.00013443659334023007,0.00013444837889181501,0.00013446017109054864,0.00013447196991313122,0.0001344837753453933,0.00013449558737055065,0.00013450740597068772,0.00013451923113056612,0.0001345310628324311,0.00013454290105952796,0.00013455474579707517,0.00013456659702417245,0.0001345784547281877,0.00013459031888850428,0.00013460218949227755,0.00013461406652093557,0.0001346259499560999,0.00013463783978042983,0.00013464973598469518,0.0001346616385463941,0.00013467354745043522,0.0001346854626799441,0.0001346973842199723,0.0001347093120566691,0.00013472124616747575,0.00013473318653936533,0.00013474513315773562,0.00013475708600320502,0.00013476904506144275,0.00013478101031579956,0.0001347929817461317,0.00013480495934541277,0.00013481694309296001,0.00013482893297421162,0.00013484092896715803,0.00013485293106572024,0.00013486493924941102,0.0001348769535060922,0.00013488897381646128,0.00013490100016151914,0.00013491303252891556,0.00013492507090276227,0.0001349371152664093,0.00013494916560670233,0.00013496122190728387,0.00013497328415213562,0.00013498535232600697,0.0001349974264135896,0.0001350095063992215,0.00013502159226816193,0.00013503368400454848,0.0001350457815935173,0.00013505788502048016,0.00013506999426888264,0.0001350821093237708,0.000135094230174288,0.0001351063567990081,0.0001351184891816193,0.00013513062731406345,0.00013514277117829932,0.00013515492075849458,0.0001351670760409126,0.00013517923701094505,0.00013519140365326416,0.00013520357595503461,0.0001352157538974659,0.0001352279374680711,0.0001352401266515676,0.00013525232143523944,0.00013526452180146826,0.00013527672773709377,0.0001352889392276254,0.00013530115625910694,0.00013531337881656546,0.00013532560688577603,0.00013533784045102745,0.00013535007949944664,0.00013536232401576337,0.0001353745739861204,0.0001353868293949916,0.00013539909023363233,0.00013541135648128207,0.00013542362812566711,0.00013543590515274824,0.00013544818754894416,0.0001354604752978952,0.0001354727683931343,0.00013548506681218019,0.0001354973705437734,0.00013550967957432237,0.00013552199389099754,0.00013553431347648466,0.0001355466383202229,0.00013555896840793423,0.0001355713037162446,0.00013558364425290959,0.00013559598998974157,0.0001356083409164659,0.00013562069701587108,0.00013563305827740018,0.00013564542468656623,0.00013565779623031537,0.00013567017289447533,0.00013568255466640933,0.0001356949415325238,0.00013570733347972256,0.00013571973049457997,0.0001357321325621695,0.00013574453967036987,0.00013575695180532464,0.00013576936895091967,0.00013578179110241455,0.0001357942182405359,0.00013580665035414232,0.0001358190874292581,0.00013583152945137905,0.00013584397640911038,0.00013585642828471169,0.00013586888507368072,0.00013588134676432835,0.0001358938133332582,0.00013590628477241795,0.00013591876107639907,0.0001359312422186902,0.00013594372819247227,0.0001359562189861319,0.00013596871458631418,0.00013598121498168488,0.00013599372015676638,0.00013600623010092685,0.00013601874480026292,0.0001360312642427085,0.00013604378841546353,0.00013605631730650498,0.00013606885090321205,0.000136081389193116,0.00013609393217119803,0.0001361064798110168,0.00013611903210687605,0.00013613158904189916,0.00013614415061263853,0.00013615671680197416,0.00013616928759777633,0.00013618186298831628,0.00013619444296206182,0.00013620702750562818,0.00013621961660761737,0.0001362322102547456,0.000136244808437332,0.00013625741114159178,0.00013627001835579726,0.00013628263006811822,0.00013629524626753876,0.0001363078669397445,0.00013632049206997892,0.0001363331216545286,0.00013634575567747332,0.00013635839412469344,0.00013637103698974166,0.00013638368425365917,0.00013639633591243404,0.00013640899195113505,0.00013642165235884122,0.00013643431712228015,0.00013644698623055927,0.00013645965967082997,0.0001364723374340675,0.000136485019507504,0.00013649770587938166,0.00013651039652890596,0.00013652309145837619,0.00013653579065772226,0.00013654849411043305,0.0001365612018044051,0.0001365739137294636,0.00013658662987327096,0.0001365993502249165,0.00013661207477263604,0.00013662480350489897,0.00013663753641214083,0.00013665027348086606,0.0001366630147035602,0.0001366757600660784,0.00013668850955334178,0.00013670126316412743,0.00013671402088243366,0.0001367267826980623,0.00013673954859926002,0.0001367523185751197,0.0001367650926140409,0.0001367778707058372,0.00013679065284301464,0.00013680343900848686,0.00013681622919622965,0.00013682902339116313,0.00013684182158436173,0.0001368546237669409,0.00013686742992684178,0.0001368802400521133,0.00013689305413492285,0.0001369058721625885,0.0001369186941252191,0.0001369315200125914,0.00013694434981292175,0.0001369571835168099,0.00013697002110571403,0.00013698286257815393,0.00013699570792921357,0.00013700855714157277,0.0001370214102054279,0.00013703426710972154,0.00013704712784209024,0.0001370599924025723,0.0001370728607669612,0.00013708573293093744,0.00013709860888450469,0.0001371114886170786,0.00013712437211897406,0.00013713725937958556,0.000137150150388601,0.00013716304513642334,0.00013717594361271418,0.00013718884580787751,0.00013720175171094635,0.0001372146613119321,0.00013722757460130988,0.00013724049156838407,0.00013725341220598128,0.00013726633650155019,0.00013727926444522055,0.0001372921960280244,0.00013730513123971083,0.00013731807007126174,0.00013733101251163342,0.00013734395855209323,0.00013735690818256514,0.00013736986139250721,0.00013738281817352954,0.0001373957785194104,0.00013740874241623366,0.00013742170984719612,0.00013743468080542443,0.00013744765529465937,0.00013746063329848627,0.00013747361480519137,0.0001374865998051403,0.00013749958829251078,0.0001375125802531477,0.00013752557567769927,0.00013753857455940104,0.00013755157688799047,0.00013756458265352638,0.00013757759184775963,0.0001375906044608836,0.00013760362048436154,0.00013761663990739448,0.00013762966272055663,0.00013764268891588985,0.00013765571848365287,0.0001376687514157467,0.0001376817877022446,0.00013769482733416106,0.00013770787030119503,0.00013772091659612897,0.00013773396620907942,0.00013774701913103976,0.00013776007535272532,0.00013777313486489244,0.00013778619765903255,0.0001377992637259139,0.00013781233305740976,0.00013782540564419353,0.00013783848147763951,0.00013785156054862792,0.0001378646428483904,0.0001378777283680727,0.0001378908170987749,0.00013790390903201905,0.00013791700415892718,0.00013793010247049948,0.00013794320395847626,0.0001379563086143516,0.00013796941642766283,0.0001379825273965574,0.0001379956415064253,0.00013800875874584337,0.00013802187910988233,0.0001380350025894234,0.0001380481291740093,0.00013806125886150553,0.00013807439163847723,0.00013808752749812345,0.00013810066643346096,0.00013811380843315225,0.0001381269534880138,0.00013814010159129384,0.00013815325273461887,0.00013816640690971104,0.0001381795641082995,0.0001381927243221794,0.00013820588754207865,0.00013821905376066226,0.00013823222297233768,0.00013824539516765183,0.00013825857033704253,0.00013827174847072488,0.0001382849295614451,0.00013829811360195358,0.0001383113005847229,0.00013832449050168983,0.0001383376833425719,0.0001383508790987649,0.000138364077764698,0.00013837727933193805,0.0001383904837925091,0.0001384036911384548,0.00013841690136182636,0.00013843011445472916,0.00013844333040930796,0.00013845654921760858,0.00013846977087175175,0.0001384829953639015,0.00013849622268625686,0.00013850945283100353,0.00013852268579037024,0.00013853592155657155,0.00013854916012190783,0.0001385624014783291,0.0001385756456184441,0.00013858889253457363,0.0001386021422190558,0.00013861539466425104,0.0001386286498625381,0.00013864190780630954,0.00013865516848798632,0.00013866843189999897,0.00013868169803480472,0.00013869496688501527,0.00013870823844299026,0.0001387215127012194,0.00013873478965224784,0.00013874806928859624,0.00013876135160286547,0.0001387746365876453,0.0001387879242355449,0.00013880121453918161,0.00013881450749119912,0.00013882780308426272,0.00013884110131105835,0.0001388544021642796,0.00013886770563617507,0.00013888101171995106,0.0001388943204086491,0.00013890763169447512,0.0001389209455704971,0.000138934262029528,0.00013894758106439947,0.00013896090266796076,0.0001389742268330633,0.00013898755355261285,0.00013900088281948973,0.00013901421462662945,0.00013902754896694315,0.00013904088583340456,0.00013905422521899653,0.00013906756711669019,0.00013908091151950398,0.00013909425842046301,0.00013910760781261268,0.00013912095968900688,0.00013913431404273584,0.00013914767086891733,0.0001391610301566091,0.00013917439190139018,0.00013918775609599395,0.0001392011227335889,0.00013921449180874978,0.00013922786331273143,0.00013924123723928512,0.00013925461358169923,0.00013926799233152223,0.00013928137348369265,0.00013929475702999404,0.00013930814296671517,0.00013932153128415117,0.00013933492197875752,0.00013934831504267982,0.00013936171046903883,0.00013937510825103513,0.00013938850838218864,0.00013940191085590588,0.00013941531566526982,0.00013942872280470756,0.00013944213226650567,0.00013945554404485672,0.00013946895813291376,0.00013948237452506132,0.00013949579321465117,0.00013950921419437706,0.00013952263745825211,0.00013953606299990821,0.0001395494908129144,0.0001395629208907141,0.00013957635322732692,0.00013958978781619463,0.00013960322465105055,0.000139616663725305,0.00013963010503012212,0.0001396435485647727,0.00013965699432053064,0.00013967044229024002,0.00013968389246884306,0.00013969734484953967,0.00013971079942613353,0.00013972425619201767,0.00013973771514138908,0.00013975117627355508,0.00013976463957229816,0.00013977810503673703,0.00013979157265971536,0.0001398050424347649,0.00013981851435804167,0.00013983198842138013,0.0001398454646202433,0.0001398589429470525,0.00013987242339653317,0.00013988590596569325,0.0001398993906421156,0.00013991287742338334,0.00013992636630405668,0.00013993985727860285,0.00013995335033860966,0.00013996684547844455,0.00013998034269454787,0.0001399938419743209,0.00014000734332395647,0.00014002084673848654,0.00014003435220362015,0.00014004785970959848,0.00014006136925481753,0.0001400748808344423,0.0001400883944426486,0.000140101910080783,0.00014011542772983181,0.00014012894738884958,0.00014014246905476855,0.00014015599271956998,0.00014016951837927139,0.0001401830460246795,0.00014019657565596196,0.0001402101072647047,0.00014022364084519782,0.00014023717639139368,0.0001402507138989297,0.00014026425336108455,0.00014027779477289632,0.00014029133812831345,0.00014030488342205025,0.00014031843064858204,0.00014033197980240446,0.00014034553087799496,0.00014035908386993636,0.00014037263877210164,0.0001403861955802294,0.00014039975428838843,0.0001404133148873667,0.0001404268773794541,0.00014044044175427918,0.0001404540080062768,0.00014046757613344637,0.00014048114612787206,0.00014049471798514536,0.00014050829169939038,0.0001405218672662476,0.00014053544469725405,0.00014054902394426547,0.00014056260503385627,0.000140576187953546,0.0001405897726981272,0.00014060335926325578,0.00014061694764263768,0.00014063053782914124,0.00014064412982276987,0.00014065772361554238,0.00014067131920258194,0.00014068491657859148,0.00014069851573511263,0.00014071211667361953,0.00014072571938509803,0.0001407393238657622,0.00014075293010977626,0.0001407665381122911,0.00014078014785732644,0.00014079375936041757,0.0001408073726094255,0.00014082098759512785,0.00014083460431317158,0.00014084822275999427,0.00014086184293000452,0.00014087546481825918,0.00014088908841981257,0.00014090271372983943,0.00014091634074259982,0.00014092996945445303,0.00014094359985952697,0.00014095723195332524,0.00014097086573101842,0.00014098450118982142,0.00014099813832101906,0.00014101177712113106,0.00014102541758579618,0.0001410390597104602,0.00014105270348959933,0.00014106634891508096,0.00014107999598974633,0.00014109364470213034,0.00014110729505305687,0.00014112094703471744,0.0001411346006433033,0.00014114825587357757,0.00014116191273124212,0.00014117557119010013,0.00014118923125625506,0.0001412028929253473,0.00014121655619240412,0.00014123022105343443,0.000141243887502872,0.0001412575555358298,0.00014127122514963564,0.00014128489633920578,0.00014129856909840825,0.0001413122434242529,0.00014132591931069233,0.00014133959675427998,0.00014135327574957575,0.0001413669562896043,0.00014138063837588986,0.00014139432200084437,0.000141408007160305,0.00014142169384958716,0.00014143538206423106,0.00014144907179984892,0.00014146276305212238,0.00014147645581230942,0.00014149015008369775,0.0001415038458581914,0.00014151754313149618,0.00014153124189909008,0.0001415449421553422,0.00014155864389853843,0.0001415723471230027,0.00014158605182551816,0.00014159975800428026,0.0001416134656465504,0.0001416271747498647,0.0001416408852958221,0.00014165459731713375,0.0001416683107896367,0.00014168202570963488,0.00014169574207144274,0.0001417094598717254,0.0001417231791060858,0.00014173689977054193,0.00014175062186005307,0.00014176434536675278,0.00014177807029559032,0.0001417917966377788,0.00014180552438870417,0.0001418192535558736,0.00014183298411224235,0.00014184671606582008,0.00014186044941123455,0.00014187418415041243,0.00014188792026854807,0.00014190165776668302,0.0001419153966434889,0.00014192913688984457,0.00014194287850414518,0.00014195662148234103,0.00014197036582040852,0.0001419841115148264,0.00014199785856055654,0.00014201160695409952,0.00014202535669146987,0.00014203910776865454,0.00014205286018172437,0.00014206661392670715,0.0001420803689996389,0.00014209412539658244,0.00014210788311360542,0.00014212164214677628,0.00014213540249219186,0.0001421491641459505,0.00014216292710414786,0.000142176691362916,0.00014219045691839713,0.00014220422376671685,0.00014221799190402442,0.0001422317613264789,0.00014224553203024938,0.00014225930401151493,0.00014227307726647027,0.00014228685179130295,0.0001423006275822275,0.0001423144046356191,0.00014232818294739334,0.00014234196251354522,0.00014235574333112432,0.00014236952539598498,0.00014238330870432263,0.00014239709325262174,0.00014241087903696858,0.00014242466605372838,0.00014243845429927267,0.00014245224377012694,0.0001424660344620005,0.0001424798263715708,0.0001424936194951074,0.00014250741382906205,0.000142521209369771,0.00014253500611367112,0.00014254880405353452,0.00014256260319285528,0.00014257640352447767,0.00014259020504488735,0.00014260400775031857,0.00014261781163628007,0.00014263161670411247,0.00014264542294369325,0.00014265923035411965,0.00014267303892910054,0.00014268684867076577,0.00014270065957190659,0.00014271447162951553,0.00014272828484317084,0.0001427420992042496,0.00014275591471310737,0.0001427697313644088,0.00014278354915515178,0.00014279736808121048,0.0001428111881403145,0.00014282500932760335,0.00014283883164169562,0.00014285265507790317,0.0001428664796331411,0.00014288030530364935,0.00014289413208644483,0.0001429079599777274,0.0001429217889735983,0.0001429356190724008,0.00014294945026941373,0.00014296328256196202,0.00014297711595390652,0.0001429909504271639,0.0001430047859852647,0.00014301862262562908,0.00014303246034696383,0.00014304629914153947,0.00014306013900758016,0.00014307397994205439,0.0001430878219431278,0.0001431016650061759,0.00014311550912865273,0.00014312935430668035,0.00014314320053749485,0.00014315704781767241,0.0001431708961440263,0.00014318474551330964,0.000143198595928734,0.00014321244737092265,0.00014322629984983082,0.000143240153358595,0.00014325400790983424,0.00014326786346944146,0.00014328172005011566,0.0001432955776482076,0.0001433094362624019,0.00014332329589014547,0.00014333715652218814,0.0001433510181591534,0.0001433648807981875,0.00014337874445623277,0.0001433926090916601,0.0001434064747183421,0.00014342034133468735,0.00014343420893842077,0.00014344807752487033,0.0001434619470915773,0.00014347581763563927,0.00014348968915442407,0.00014350356164476814,0.00014351743511053358,0.00014353130953455727,0.00014354518492098987,0.0001435590612667579,0.00014357293857324241,0.00014358681682796404,0.00014360069603309487,0.00014361457618516712,0.00014362845728358464,0.00014364233932363378,0.00014365622230248415,0.00014367010621815478,0.00014368399107481136,0.00014369787686179845,0.00014371176356627253,0.00014372565119458904,0.00014373953975371504,0.0001437534292219464,0.0001437673196070603,0.0001437812108951291,0.00014379510311094714,0.00014380899622533447,0.00014382289024220655,0.00014383678517006804,0.00014385068098803804,0.0001438645776979402,0.0001438784753032859,0.00014389237380802464,0.00014390627319537403,0.00014392017347171252,0.000143934074620335,0.00014394797664784334,0.0001439618795607082,0.00014397578333718263,0.00014398968798459087,0.0001440035934997694,0.0001440174998692339,0.0001440314071115697,0.00014404531520931723,0.00014405922416818853,0.00014407313398222995,0.00014408704464488682,0.0001441009561583369,0.00014411486851783698,0.00014412878172076292,0.00014414269576422186,0.00014415661064529122,0.00014417052636228814,0.0001441844429215646,0.00014419836030070998,0.0001442122785059871,0.00014422619753774133,0.00014424011739652158,0.0001442540380694531,0.00014426795956971552,0.00014428188188432434,0.0001442958050008917,0.0001443097289262252,0.0001443236536683304,0.00014433757920454587,0.00014435150554213756,0.00014436543267845953,0.00014437936061071803,0.00014439328935804204,0.00014440721887669475,0.00014442114919263027,0.00014443508029033555,0.00014444901217632462,0.00014446294483229008,0.00014447687827745927,0.0001444908124880871,0.00014450474747242624,0.00014451868322843596,0.00014453261973972076,0.00014454655702853545,0.00014456049508528555,0.00014457443390116499,0.00014458837347483,0.00014460231380523827,0.00014461625488938393,0.0001446301967230819,0.00014464413930983968,0.00014465808264054839,0.00014467202671545554,0.00014468597152169887,0.00014469991707719026,0.00014471386336792173,0.00014472781039430086,0.00014474175815462032,0.00014475570664306255,0.00014476965585809323,0.00014478360579816621,0.00014479755645862514,0.00014481150784223146,0.00014482545994498613,0.00014483941274888936,0.00014485336628193175,0.00014486732052420185,0.00014488127547275328,0.00014489523112701992,0.00014490918748512015,0.00014492314454365532,0.00014493710230223064,0.0001449510607571149,0.0001449650199074225,0.00014497897974998205,0.00014499294028288647,0.00014500690151015848,0.000145020863415934,0.0001450348260005192,0.00014504878927039608,0.00014506275321639868,0.00014507671784131783,0.00014509068314060624,0.000145104649112897,0.0001451186157538943,0.0001451325830648215,0.00014514655103869072,0.00014516051967648362,0.00014517448896672668,0.00014518845892468914,0.00014520242953758956,0.00014521640080728733,0.0001452303727268013,0.00014524434529627721,0.00014525831851060577,0.00014527229237411204,0.00014528626688102352,0.00014530024202460127,0.00014531421781570957,0.00014532819423939487,0.0001453421712984081,0.00014535614899701616,0.00014537012732122073,0.00014538410627220184,0.00014539808584992898,0.00014541206605157036,0.00014542604688105436,0.00014544002832785053,0.00014545401039136468,0.00014546799306996492,0.00014548197636310328,0.00014549596026788996,0.0001455099447682251,0.00014552392988912373,0.0001455379156092616,0.00014555190192692784,0.00014556588886080653,0.0001455798763921442,0.0001455938645202126,0.0001456078532435564,0.00014562184255529387,0.00014563583246490812,0.00014564982295884555,0.00014566381404747646,0.0001456778057230836,0.0001456917979789866,0.00014570579081352603,0.000145719784219245,0.00014573377821079864,0.0001457477727697388,0.00014576176790899684,0.00014577576361965864,0.00014578975990540185,0.00014580375676069774,0.00014581775416047847,0.00014583175213214814,0.0001458457506712664,0.00014585974977171257,0.00014587374942759136,0.00014588774963983993,0.00014590175040942236,0.00014591575172571213,0.00014592975359757108,0.00014594375601404054,0.00014595775896267547,0.00014597176246547176,0.00014598576650255634,0.0001459997711138183,0.00014601377626735043,0.00014602778193646595,0.00014604178814027924,0.00014605579489015394,0.00014606980214236945,0.00014608380992614997,0.0001460978182472145,0.00014611182709396754,0.0001461258364685521,0.0001461398463611845,0.00014615385677401225,0.00014616786770518293,0.00014618187915289407,0.00014619589112662378,0.00014620990361362485,0.0001462239166000125,0.00014623793009569422,0.00014625194409883957,0.00014626595861043267,0.00014627997362429127,0.00014629398915094415,0.00014630800517779986,0.00014632202169200992,0.00014633603871403271,0.00014635005621998432,0.0001463640742214587,0.00014637809271270873,0.00014639211169320733,0.00014640613116237856,0.0001464201511173421,0.00014643417155706012,0.00014644819247964277,0.00014646221388330149,0.00014647623576609123,0.00014649025812687183,0.00014650428096363218,0.00014651830427460906,0.00014653232805798925,0.00014654635231222833,0.00014656037703562527,0.0001465744022264403,0.00014658842788278084,0.00014660245400333334,0.00014661648058614685,0.00014663050762974087,0.00014664453512753384,0.0001466585630874066,0.00014667259150289794,0.00014668662037240832,0.00014670064968918352,0.00014671467946125567,0.00014672870967783844,0.00014674274034198138,0.00014675677145106945,0.00014677080300947137,0.00014678483501204747,0.0001467988674487398,0.00014681290032392876,0.0001468269336371785,0.0001468409673935048,0.00014685500157842157,0.00014686903620202366,0.00014688307125522573,0.00014689710673806053,0.00014691114265045525,0.00014692517898844468,0.00014693921575131537,0.00014695325293748174,0.0001469672905468449,0.0001469813285749045,0.00014699536702302316,0.00014700940588817496,0.00014702344516733106,0.00014703748486041726,0.00014705152496737695,0.00014706556548514606,0.00014707960641232099,0.00014709364774716138,0.00014710768948821804,0.0001471217316341859,0.0001471357741830569,0.00014714981713351838,0.00014716386048409952,0.00014717790423326058,0.00014719194837943466,0.00014720599292152053,0.00014722003785729972,0.0001472340831853765,0.0001472481289047713,0.00014726217501392742,0.00014727622151093829,0.0001472902683946428,0.00014730431566327545,0.0001473183633157017,0.00014733241135025943,0.00014734645976557194,0.00014736050855997815,0.00014737455773259245,0.0001473886072798558,0.000147402657202821,0.00014741670749932224,0.00014743075816891552,0.00014744480920914616,0.00014745886062022073,0.00014747291240151594,0.00014748696453660182,0.0001475010170444518,0.00014751506991577163,0.0001475291231483543,0.00014754317674484517,0.0001475572307049982,0.00014757128501543865,0.000147585339682217,0.0001475993946988654,0.00014761345007493096,0.00014762750580321547,0.00014764156188304037,0.00014765561831829628,0.00014766967509492103,0.00014768373222736944,0.00014769778970448702,0.00014771184751801274,0.00014772590568647455,0.0001477399641833687,0.00014775402302189797,0.0001477680821970734,0.0001477821417097765,0.00014779620155838324,0.00014781026174115288,0.00014782432225713283,0.00014783838310498696,0.0001478524442892479,0.00014786650579679583,0.00014788056763247716,0.00014789462979299754,0.00014790869227935074,0.00014792275509447405,0.0001479368182292883,0.00014795088168538076,0.0001479649454507387,0.0001479790095398228,0.00014799307395137943,0.00014800713867056575,0.0001480212037180077,0.0001480352690807296,0.00014804933475540683,0.00014806340074186795,0.0001480774670383409,0.00014809153364208152,0.00014810560054931323,0.00014811966776607464,0.00014813373528326965,0.00014814780310426208,0.00014816187123273272,0.00014817593965628763,0.0001481900083798246,0.0001482040774017381,0.00014821814671976666,0.0001482322163337219,0.00014824628624325118,0.00014826035644607604,0.00014827442694011583,0.00014828849772546016,0.00014830256880025007,0.00014831664016391497,0.00014833071181454905,0.00014834478375139363,0.00014835885597321016,0.00014837292847549735,0.00014838700126277766,0.00014840107433164668,0.0001484151476810942,0.00014842922130629588,0.00014844329521006665,0.00014845736938897647,0.00014847144384834716,0.0001484855185781196,0.00014849959358096201,0.0001485136688572486,0.00014852774440333685,0.00014854182021815295,0.0001485558963029674,0.00014856997265642812,0.0001485840492719301,0.00014859812615227176,0.00014861220330976863,0.000148626280724945,0.00014864035839433896,0.00014865443632047795,0.00014866851450536075,0.00014868259295477618,0.0001486966716544624,0.00014871075060202322,0.0001487248298154854,0.00014873890927855754,0.00014875298899737172,0.00014876706896782495,0.0001487811491832474,0.00014879522965234525,0.00014880931038132613,0.00014882339134987763,0.00014883747256400065,0.00014885155402261945,0.0001488656357245955,0.00014887971766890646,0.00014889379985431303,0.00014890788227990258,0.00014892196494445002,0.00014893604784700626,0.00014895013098637064,0.0001489642143614474,0.00014897829797118489,0.00014899238181464137,0.00014900646589072124,0.00014902055019813318,0.00014903463473602913,0.00014904871950318396,0.00014906280449864057,0.00014907688972137377,0.0001490909751703513,0.00014910506084453364,0.00014911914674277867,0.00014913323286393337,0.00014914731920716927,0.0001491614057711832,0.00014917549255530758,0.00014918957955825242,0.00014920366677890134,0.00014921775421656043,0.0001492318418700419,0.00014924592973819247,0.00014926001782013772,0.00014927410611485496,0.00014928819462114743,0.00014930228333828418,0.00014931637225714054,0.00014933046138461187,0.0001493445507196941,0.0001493586402613877,0.00014937273000870184,0.00014938681996061394,0.00014940091011613783,0.0001494150004742966,0.00014942909103407616,0.0001494431817944975,0.00014945727275459135,0.00014947136391335462,0.00014948545526981535,0.00014949954682299277,0.0001495136385719174,0.0001495277305156182,0.00014954182265311408,0.00014955591498345933,0.0001495700075056778,0.00014958410021880948,0.00014959819312189426,0.00014961228621396532,0.00014962637949407812,0.0001496404729612705,0.00014965456661460665,0.00014966866045313542,0.0001496827544759172,0.0001496968486819987,0.00014971094307044392,0.00014972503764032726,0.0001497391323907095,0.00014975322732065134,0.00014976732242923102,0.00014978141771551453,0.000149795513178578,0.00014980960881750971,0.00014982370463138126,0.00014983780061928107,0.00014985189678028986,0.00014986599311349186,0.0001498800896179789,0.00014989418629285877,0.00014990828313720967,0.0001499223801501311,0.00014993647733072422,0.0001499505746780928,0.00014996467219135384,0.00014997876986959613,0.00014999286771192626,0.00015000696571747154,0.0001500210638853361,0.00015003516221463481,0.00015004926070449141,0.00015006335935401703,0.0001500774581623475,0.00015009155712860774,0.00015010565625191437,0.0001501197555314128,0.0001501338549662254,0.00015014795455547855,0.00015016205429833174,0.0001501761541939127,0.0001501902542413531,0.0001502043544398179,0.00015021845478843616,0.00015023255528635393,0.00015024665593274707,0.00015026075672674205,0.00015027485766750756,0.00015028895875641093,0.0001503030599903789,0.00015031716136859103,0.00015033126289019659,0.0001503453645521895,0.00015035946635593589,0.00015037356830059363,0.00015038767039233651,0.0001504017726233349,0.00015041587498706608,0.00015042997749414942,0.0001504440801310373,0.0001504581829110571,0.0001504722858262575,0.0001504863888739019,0.0001505004920552492,0.00015051459537112962,0.00015052869881743684,0.00015054280239663705,0.0001505569061062239,0.0001505710099452735,0.00015058511391322557,0.0001505992180090077,0.00015061332223217702,0.00015062742658172884,0.00015064153105589045,0.00015065563565575348,0.00015066974037974035,0.00015068384522633888,0.0001506979501956133,0.00015071205528713452,0.00015072616049965033,0.00015074026583224558,0.00015075437128438747,0.00015076847684626705,0.0001507825825350868,0.00015079668833179559,0.0001508107942447699,0.00015082490028298142,0.0001508390064361602,0.00015085311270332963,0.0001508672190839553,0.0001508813255668888,0.00015089543216153988,0.00015090953887822282,0.00015092364570508106,0.00015093775264196,0.00015095185967604611,0.00015096596682953598,0.00015098007409040923,0.00015099418144627562,0.00015100828890792103,0.00015102239647461424,0.0001510365041456285,0.0001510506119318555,0.00015106471982112102,0.00015107882780216082,0.00015109293588315992,0.00015110704406630306,0.0001511211523493977,0.00015113526073173681,0.00015114936921261106,0.0001511634777912984,0.00015117758646709096,0.0001511916952392842,0.00015120580410715392,0.00015121991307000406,0.00015123402212712802,0.0001512481312778082,0.0001512622405213349,0.00015127634985703748,0.00015129045928418625,0.00015130456879883163,0.00015131867840543627,0.00015133278810280928,0.00015134689788888565,0.00015136100776296118,0.00015137511772434826,0.00015138922777234312,0.00015140333790628825,0.0001514174481254882,0.00015143155843408632,0.00015144566882633402,0.00015145977930188388,0.0001514738898544877,0.0001514880005059813,0.00015150211123487003,0.00015151622203728703,0.00015153033292615104,0.00015154444389204786,0.00015155855493760717,0.00015157266605766295,0.00015158677724743213,0.00015160088852014873,0.00015161499986238394,0.00015162911127987314,0.0001516432227719567,0.00015165733433734167,0.00015167144597666579,0.00015168555768863449,0.00015169966947260215,0.00015171378132804232,0.0001517278932540803,0.0001517420052502365,0.00015175611731333105,0.00015177022944771435,0.00015178434165032963,0.00015179845392038533,0.00015181256625485434,0.00015182667865555434,0.00015184079112188972,0.00015185490365324006,0.00015186901625087037,0.00015188312891035858,0.00015189724163296606,0.0001519113544181209,0.00015192546726519108,0.00015193958017352315,0.0001519536931424931,0.00015196780617160157,0.0001519819192601457,0.00015199603240750433,0.00015201014561303368,0.00015202425887616636,0.0001520383721963611,0.00015205248557292658,0.00015206659900529506,0.0001520807124927515,0.00015209482603489958,0.00015210893963101305,0.00015212305328051083,0.00015213716698282383,0.00015215128073729363,0.00015216539454340584,0.00015217950840053817,0.00015219362230808601,0.0001522077362655602,0.0001522218502722287,0.00015223596432765177,0.0001522500784310795,0.00015226419258203725,0.00015227830677991307,0.00015229242102414602,0.00015230653531413894,0.00015232064964931972,0.0001523347640291581,0.00015234887845299767,0.00015236299292033627,0.00015237710743060853,0.0001523912219833123,0.00015240533657776345,0.0001524194512134045,0.00015243356588969008,0.0001524476806060457,0.0001524617953619004,0.0001524759101567892,0.00015249002499009615,0.00015250413986127163,0.0001525182547697173,0.00015253236971488954,0.00015254648469793057,0.0001525605997149817,0.00015257471476736763,0.00015258882985562353,0.00015260294498706302,0.0001526170601517779,0.00015263117534985055,0.0001526452905795511,0.00015265940583455512,0.00015267352112724813,0.0001526876364427306,0.00015270175179651728,0.0001527158671727809,0.00015272998258524824,0.00015274409802011694,0.0001527582134829443,0.00015277232896959944,0.00015278644448546127,0.00015280056002742794,0.00015281467559707677,0.0001528287911930529,0.00015284290681183353,0.000152857022452765,0.00015287113813635636,0.00015288525382903633,0.0001528993695445768,0.00015291348527941194,0.0001529276010373547,0.00015294171682113635,0.00015295583262024885,0.00015296994842970373,0.00015298406426910826,0.00015299818012794636,0.00015301229600188685,0.00015302641190834002,0.00015304052782591306,0.00015305464376691333,0.00015306875971295747,0.0001530828756685719,0.00015309699164695663,0.00015311110763494367,0.0001531252236500526,0.00015313933966422378,0.00015315345570265354,0.0001531675717548245,0.0001531816878214849,0.0001531958039028675,0.0001532099199926235,0.0001532240360931079,0.00015323815220271664,0.00015325226832304953,0.00015326638445523362,0.0001532805005968661,0.00015329461674670137,0.00015330873290502598,0.0001533228490706023,0.00015333696524797994,0.0001533510814289381,0.000153365197616496,0.00015337931381020456,0.00015339343000948078,0.00015340754621433116,0.00015342166242435636,0.00015343577863804098,0.00015344989485368055,0.00015346401108226127,0.00015347812730566405,0.00015349224353209103,0.000153506359747759,0.00015352047596529567,0.00015353459218348214,0.0001535487084126167,0.00015356282464353907,0.00015357694087438025,0.00015359105710152456,0.0001536051733418465,0.00015361928956817819,0.00015363340579509403,0.0001536475220163384,0.00015366163823409606,0.00015367575444547355,0.00015368987067230252,0.00015370398687441155,0.00015371810307254465,0.00015373221926921768,0.0001537463354607583,0.0001537604516430737,0.00015377456783560161,0.0001537886840086835,0.00015380280017349653,0.00015381691633059423,0.00015383103247872462,0.0001538451486181271,0.00015385926474864456,0.00015387338086944415,0.00015388749697425568,0.00015390161307680454,0.00015391572915996683,0.00015392984523816147,0.00015394396130570588,0.00015395807736183638,0.0001539721934035115,0.00015398630943194483,0.0001540004254469548,0.00015401454144801054,0.00015402865743690348,0.00015404277340701073,0.00015405688936427934,0.0001540710053056251,0.00015408512123276608,0.00015409923714222094,0.00015411335303583756,0.00015412746891133725,0.00015414158476899413,0.0001541557006091062,0.00015416981643215306,0.00015418393223511518,0.00015419804803681135,0.00015421216379657521,0.0001542262795425075,0.0001542403952877262,0.00015425451099285628,0.00015426862667459397,0.00015428274234156409,0.00015429685798064318,0.0001543109735967437,0.00015432508919235936,0.00015433920476212148,0.00015435332030977683,0.00015436743583457905,0.0001543815513375466,0.00015439566681083595,0.00015440978226006357,0.00015442389768197186,0.0001544380130785997,0.00015445212844876407,0.00015446624379284295,0.00015448035911520133,0.00015449447440684926,0.00015450858966829808,0.00015452270492229844,0.00015453682013074921,0.00015455093530667173,0.00015456505045544338,0.0001545791655745296,0.00015459328066354702,0.00015460739572207064,0.00015462151075016004,0.00015463562574666135,0.00015464974070940768,0.0001546638556366935,0.00015467797053677392,0.0001546920854023899,0.00015470620023747122,0.00015472031503690106,0.000154734429804189,0.00015474854453794595,0.00015476265923716073,0.00015477677390145903,0.0001547908885291967,0.00015480500311960163,0.00015481911767291657,0.00015483323219196718,0.00015484734667376392,0.00015486146112124476,0.00015487557553153363,0.00015488968992093222,0.000154903804255375,0.00015491791854918007,0.0001549320328040952,0.00015494614702927094,0.0001549602612056821,0.00015497437534534074,0.00015498848944461337,0.00015500260350064345,0.00015501671751382725,0.00015503083149963213,0.00015504494543012353,0.00015505905933174704,0.0001550731731814281,0.00015508728701437907,0.00015510140077737542,0.00015511551449117711,0.00015512962816674982,0.00015514374178967846,0.00015515785537489587,0.00015517196891782735,0.00015518608241663808,0.0001552001958639877,0.00015521430926918652,0.00015522842264023763,0.00015524253596437278,0.00015525664924058555,0.00015527076246784285,0.000155284875645921,0.00015529898877335516,0.00015531310186274772,0.00015532721490206131,0.00015534132788142424,0.00015535544081530383,0.00015536955370386968,0.00015538366655132603,0.0001553977793372829,0.00015541189207072273,0.0001554260047518911,0.00015544011738546508,0.00015545422996835764,0.00015546834249718865,0.00015548245497483404,0.00015549656740033058,0.00015551067977146184,0.00015552479209322837,0.00015553890438988635,0.0001555530166314613,0.00015556712879180644,0.00015558124089820594,0.00015559535294243975,0.00015560946493911614,0.00015562357688230253,0.00015563768878427728,0.0001556518006159929,0.00015566591239185825,0.00015568002410857966,0.00015569413577200413,0.00015570824737785755,0.000155722358927148,0.00015573647041924822,0.00015575058185362338,0.00015576469323161263,0.00015577880454978652,0.00015579291580919665,0.00015580702700991988,0.00015582113815147108,0.0001558352492335625,0.00015584936025588389,0.0001558634712028948,0.00015587758206251072,0.000155891692901139,0.00015590580367422216,0.00015591991439805778,0.0001559340250525651,0.00015594813564856052,0.00015596224618247777,0.0001559763566031128,0.00015599046701784966,0.0001560045773593577,0.0001560186876414032,0.00015603279785871474,0.0001560469080139632,0.0001560610181048451,0.00015607512812853904,0.00015608923809309034,0.00015610334799259993,0.00015611745781815063,0.00015613156758415112,0.00015614567728439044,0.0001561597869062023,0.0001561738964733624,0.00015618800597451518,0.00015620211540760462,0.00015621622477607412,0.0001562303340756651,0.0001562444433063384,0.00015625855247044588,0.00015627266156476987,0.00015628677059245261,0.0001563008795483294,0.00015631498843729564,0.00015632909725691097,0.00015634320600204336,0.00015635731468565777,0.00015637142329205596,0.00015638553183214951,0.00015639964030079306,0.00015641374869869608,0.00015642785702510442,0.00015644196528142538,0.00015645607347272914,0.00015647018158400692,0.00015648428962283602,0.0001564983975917646,0.0001565125054844178,0.00015652661331097694,0.00015654072105922818,0.00015655482871419638,0.00015656893631382142,0.00015658304383937813,0.00015659715128954805,0.00015661125866384603,0.00015662536596255632,0.00015663947318885147,0.00015665358033974933,0.00015666768741775847,0.00015668179445479412,0.0001566959013823011,0.00015671000820402625,0.00015672411499391132,0.0001567382216843122,0.00015675232827375043,0.00015676643481248896,0.0001567805412563897,0.0001567946476206641,0.00015680875392642434,0.00015682286016180356,0.00015683696628784476,0.00015685107233729005,0.0001568651783079023,0.00015687928421824758,0.0001568933900493445,0.00015690749579766605,0.0001569216014418729,0.0001569357070322449,0.0001569498125446215,0.00015696391796050888,0.0001569780233084016,0.0001569921285751329,0.00015700623376847358,0.00015702033886964123,0.00015703444388877457,0.0001570485488277819,0.0001570626536821059,0.00015707675845371511,0.00015709086314228546,0.00015710496774764814,0.0001571190722696136,0.00015713317670790352,0.00015714728106226223,0.00015716138533244074,0.00015717548951829253,0.0001571895936195154,0.00015720369763586565,0.00015721780156714742,0.00015723190541311801,0.0001572460091735663,0.00015726011284826575,0.0001572742164370182,0.00015728831993956017,0.00015730242335573616,0.00015731652668512188,0.00015733062992764443,0.00015734473308307842,0.00015735883615123955,0.0001573729391318862,0.00015738704202463246,0.00015740114482944598,0.00015741524754598336,0.00015742935018213755,0.00015744345272155746,0.0001574575551907955,0.00015747165756109394,0.00015748575984139346,0.0001574998620267802,0.00015751396412777693,0.00015752806613413797,0.00015754216806012638,0.00015755626988544596,0.00015757037161806303,0.00015758447326968394,0.00015759857482264028,0.00015761267628479364,0.00015762677765516526,0.0001576408789339602,0.0001576549801207915,0.0001576690812155635,0.00015768318221894175,0.0001576972831255799,0.00015771138396490704,0.00015772548469078263,0.00015773958534418827,0.00015775368588258844,0.00015776778634904475,0.00015778188670869734,0.00015779598696593066,0.0001578100871270336,0.00015782418719546853,0.00015783828716764176,0.00015785238704010298,0.00015786648682319173,0.00015788058651456833,0.00015789468610711332,0.00015790878560724574,0.0001579228850071674,0.00015793698429037765,0.00015795108349589065,0.0001579651826093667,0.000157979281643183,0.00015799338056214098,0.00015800747938520123,0.00015802157811202252,0.0001580356767334304,0.00015804977526356502,0.0001580638736885767,0.00015807797202330815,0.00015809207025660365,0.00015810616838558098,0.0001581202664235709,0.0001581343644077704,0.00015814846225175688,0.00015816256000297414,0.00015817665766156328,0.00015819075521523787,0.00015820485266077305,0.00015821895000703152,0.00015823304725189134,0.00015824714439725333,0.00015826124144347929,0.0001582753384050017,0.0001582894352308656,0.00015830353198439877,0.00015831762864898765,0.00015833172519130832,0.0001583458216315616,0.00015835991797009683,0.00015837401420586684,0.0001583881103390056,0.00015840220637683108,0.00015841630230548724,0.00015843039813220126,0.00015844449385759535,0.00015845858947972729,0.00015847268499754588,0.00015848678041180576,0.00015850087572273722,0.00015851497087058695,0.0001585290659720957,0.00015854316097140025,0.0001585572558665331,0.0001585713506572429,0.00015858544534334221,0.00015859953992470292,0.0001586136344004838,0.0001586277287718275,0.000158641823037902,0.00015865591719851034,0.00015867001125349027,0.00015868410520259696,0.00015869819904579862,0.00015871229278424878,0.0001587263864132483,0.0001587404799343594,0.0001587545733549625,0.00015876866668912616,0.00015878275989040895,0.00015879685296059758,0.00015881094595309383,0.00015882503883610864,0.00015883913160168094,0.00015885322426767754,0.00015886731683703524,0.00015888140928569657,0.00015889550163097004,0.00015890959386745932,0.0001589236859919157,0.00015893777800825805,0.0001589518699148588,0.00015896596171228498,0.00015898005340037264,0.00015899414497895815,0.0001590082364478785,0.0001590223278069712,0.00015903641905607366,0.00015905051019502454,0.00015906460122366232,0.00015907869213578808,0.00015909278293300136,0.00015910687365193688,0.00015912096422206675,0.00015913505467408717,0.000159149145024033,0.00015916323528127735,0.00015917732544422188,0.00015919141547232914,0.00015920550538374805,0.00015921959518414253,0.00015923368487221056,0.000159247774453753,0.0001592618639170532,0.00015927595327036237,0.00015929004252168528,0.00015930413161770757,0.00015931822063310563,0.0001593323095363595,0.00015934639832452797,0.0001593604870059551,0.00015937457556764047,0.00015938866401331897,0.00015940275234594306,0.00015941684056393118,0.0001594309286489382,0.00015944501663831386,0.00015945910451044596,0.0001594731922678661,0.00015948727991412238,0.00015950136742420772,0.00015951545483894287,0.00015952954209308274,0.00015954362926973517,0.00015955771634693642,0.00015957180329302867,0.00015958589013139395,0.0001595999768576476,0.00015961406346346935,0.00015962814995255418,0.00015964223632542018,0.00015965632258163568,0.00015967040872086677,0.00015968449474299218,0.00015969858064769827,0.00015971266643544842,0.00015972675210506674,0.0001597408376571063,0.00015975492309142992,0.000159769008408723,0.00015978309358694945,0.00015979717868414876,0.00015981126361449378,0.00015982534845696494,0.0001598394331825625,0.00015985351778946094,0.00015986760227702516,0.000159881686631272,0.00015989577088083352,0.0001599098550099589,0.00015992393901864777,0.0001599380229104448,0.00015995210668259515,0.00015996619033454347,0.00015998027386532045,0.0001599943572774862,0.00016000844056781102,0.00016002252374285167,0.0001600366067936952,0.0001600506897226363,0.00016006477253081194,0.0001600788551758688,0.00016009293775842286,0.00016010702020492548,0.00016012110252833778,0.00016013518474551703,0.00016014926682624177,0.00016016334878665318,0.00016017743062530387,0.0001601915123478718,0.0001602055939430354,0.00016021967541576844,0.00016023375672955954,0.00016024783795759204,0.0001602619190650569,0.00016027600004751185,0.00016029008091378064,0.0001603041616688073,0.0001603182422791634,0.0001603323227690031,0.00016034640313134126,0.00016036048337445972,0.00016037456348991244,0.000160388643481119,0.00016040272334874253,0.00016041680309215864,0.0001604308827108246,0.0001604449622064974,0.0001604590415773919,0.0001604731208228806,0.00016048719994362476,0.00016050127893962787,0.0001605153578146952,0.00016052943656083698,0.0001605435151860932,0.00016055759368103763,0.0001605716720509252,0.00016058575030211876,0.00016059982842581494,0.0001606139064247707,0.00016062798429270078,0.00016064206204188079,0.00016065613965995132,0.00016067021715144485,0.0001606842945222128,0.00016069837176657897,0.0001607124488845078,0.00016072652587586817,0.00016074060273675388,0.00016075467947450947,0.00016076875608064578,0.00016078283256043297,0.00016079690891664792,0.00016081098511977574,0.00016082506122141085,0.00016083913719487902,0.00016085321304070774,0.0001608672887611932,0.00016088136435109837,0.00016089543981998396,0.000160909515157642,0.00016092359035612118,0.00016093766543760554,0.0001609517403887108,0.0001609658152093678,0.00016097988990795432,0.00016099396447422006,0.00016100803890843482,0.0001610221132192208,0.00016103618739467284,0.0001610502614385622,0.00016106433535602777,0.00016107840914240872,0.00016109248279768795,0.00016110655632779468,0.00016112062972884308,0.00016113470299772243,0.0001611487761382084,0.0001611628491469841,0.00016117692202710272,0.00016119099477552434,0.0001612050673935373,0.00016121913988296035,0.00016123321225787704,0.000161247284502897,0.00016126135659938254,0.0001612754285814547,0.0001612895004345614,0.00016130357215763684,0.0001613176437374328,0.00016133171519534776,0.00016134578652150788,0.00016135985765582434,0.0001613739287323531,0.00016138799964137375,0.00016140207038503759,0.0001614161410353279,0.00016143021156695867,0.000161444281949372,0.00016145835220133652,0.00016147242232073685,0.00016148649229877742,0.00016150056215313215,0.00016151463187268736,0.00016152870146281657,0.00016154277092654085,0.00016155684025679024,0.00016157090945414276,0.00016158497852178692,0.00016159904743692744,0.00016161311623685357,0.00016162718489102303,0.000161641253412849,0.00016165532180968092,0.00016166939005952033,0.0001616834581812051,0.00016169752618098003,0.00016171159403386562,0.00016172566175292312,0.00016173972933471872,0.00016175379678432,0.00016176786409700754,0.0001617819312986478,0.00016179599834265806,0.00016181006527340238,0.00016182413208097986,0.0001618381987458825,0.00016185226524750138,0.00016186633166119732,0.00016188039790593998,0.0001618944640139168,0.00016190852996705895,0.00016192259578473266,0.00016193666147385155,0.00016195072702294665,0.00016196479245253394,0.00016197885772301012,0.00016199292286198046,0.00016200698786577014,0.00016202105273684146,0.0001620351174679705,0.00016204918206746854,0.0001620632465306204,0.00016207731085825678,0.0001620913750470433,0.00016210543909267092,0.0001621195030082872,0.00016213356678778157,0.00016214763042834418,0.0001621616939484488,0.00016217575733782144,0.00016218982057388293,0.0001622038836687415,0.00016221794662709443,0.00016223200946122158,0.00016224607214827166,0.00016226013468521305,0.00016227419709668854,0.00016228825934655824,0.00016230232148161964,0.000162316383459526,0.00016233044529609676,0.0001623445070157348,0.00016235856860362648,0.00016237263005644816,0.00016238669136249686,0.00016240075249864712,0.00016241481350664103,0.0001624288743959437,0.00016244293514828834,0.0001624569957859929,0.00016247105626821063,0.00016248511656578375,0.0001624991767579321,0.00016251323681354366,0.00016252729673114688,0.00016254135648330852,0.0001625554161166202,0.00016256947561567843,0.0001625835349723286,0.00016259759419581205,0.00016261165327555592,0.00016262571221531646,0.0001626397710123765,0.0001626538296656307,0.00016266788818331167,0.0001626819465576771,0.00016269600480060638,0.00016271006289215217,0.00016272412084373467,0.00016273817865452043,0.00016275223632343684,0.00016276629385221592,0.00016278035123655545,0.00016279440848463432,0.00016280846559507813,0.00016282252256039493,0.0001628365793851717,0.00016285063606681296,0.00016286469260313536,0.00016287874900090094,0.0001628928052664925,0.00016290686137680383,0.00016292091736169878,0.000162934973200703,0.000162949028900173,0.0001629630844646058,0.0001629771398776576,0.00016299119515237082,0.00016300525028246782,0.0001630193052702809,0.00016303336011703882,0.0001630474148549318,0.0001630614694179258,0.00016307552383756048,0.00016308957811480285,0.00016310363224744778,0.00016311768623757523,0.00016313174008496218,0.00016314579379147652,0.0001631598473829172,0.0001631739008018107,0.00016318795407750683,0.00016320200721128247,0.00016321606020068942,0.0001632301130468985,0.00016324416574972896,0.0001632582183091603,0.00016327227072398363,0.00016328632299641077,0.00016330037512512013,0.00016331442711023538,0.00016332847895159254,0.00016334253064916095,0.00016335658220154145,0.00016337063361119712,0.0001633846848661657,0.00016339873598599357,0.00016341278697374546,0.00016342683782618776,0.00016344088851813582,0.00016345493906812485,0.00016346898947006244,0.0001634830397488803,0.0001634970898618995,0.00016351113982978596,0.0001635251896535937,0.00016353923935383258,0.0001635532888870289,0.00016356733826874728,0.0001635813875033066,0.00016359543659865875,0.00016360948552820661,0.00016362353433467333,0.00016363758297430374,0.00016365163148892483,0.00016366567985979773,0.00016367972807688723,0.00016369377615228198,0.00016370782408135526,0.00016372187186956634,0.000163735919512198,0.00016374996700824288,0.00016376401435834982,0.00016377806156301212,0.0001637921086396586,0.00016380615553847783,0.000163820202304886,0.00016383424892548636,0.00016384829540120355,0.0001638623417292395,0.00016387638791113862,0.00016389043394698602,0.00016390447982993052,0.00016391852557204748,0.00016393257114721816,0.00016394661658375862,0.0001639606618879928,0.0001639747070460706,0.0001639887520565197,0.00016400279692417696,0.00016401684169931141,0.0001640308862655553,0.00016404493069315461,0.00016405897497651905,0.00016407301910602903,0.00016408706308732471,0.00016410110690694968,0.00016411515057260907,0.0001641291941026738,0.00016414323749000726,0.00016415728072981622,0.00016417132380301615,0.00016418536677753587,0.00016419940957765274,0.0001642134522261818,0.00016422749469387877,0.00016424153704616638,0.00016425557925087335,0.00016426962130845725,0.00016428366320709274,0.00016429770495828862,0.00016431174656667563,0.00016432578803372136,0.0001643398293169594,0.00016435387044497874,0.00016436791145851295,0.00016438195232896578,0.00016439599304786173,0.00016441003361572954,0.00016442407405035389,0.00016443811432438298,0.00016445215445251544,0.0001644661944146683,0.00016448023424465614,0.00016449427392119503,0.00016450831345219462,0.00016452235285025843,0.00016453639208187498,0.00016455043116999298,0.00016456447010291975,0.00016457850890269602,0.0001645925475369838,0.00016460658599962608,0.00016462062433352756,0.0001646346625177963,0.00016464870056579582,0.00016466273845071013,0.0001646767761871231,0.00016469081378912536,0.0001647048512141697,0.00016471888848755236,0.00016473292562187286,0.0001647469626189951,0.00016476099945224293,0.00016477503613860156,0.00016478907264265378,0.00016480310902363567,0.00016481714525747463,0.00016483118134131514,0.00016484521727492093,0.0001648592530526002,0.0001648732887161594,0.00016488732419768997,0.000164901359527712,0.00016491539470445067,0.0001649294297257593,0.00016494346460086857,0.0001649574993513349,0.00016497153394038643,0.00016498556836723528,0.00016499960263778232,0.0001650136367569238,0.00016502767074865645,0.00016504170456956322,0.00016505573826873689,0.0001650697717874089,0.00016508380515578992,0.00016509783837115061,0.00016511187143626802,0.00016512590434661738,0.0001651399370607504,0.00016515396966069543,0.00016516800211982812,0.00016518203442538736,0.0001651960665948084,0.00016521009860049742,0.00016522413044646694,0.00016523816214320918,0.00016525219368824262,0.00016526622507761254,0.00016528025632610652,0.0001652942873421451,0.00016530831828192897,0.0001653223490559753,0.00016533637968871922,0.0001653504101714368,0.00016536444050179808,0.00016537847067269612,0.00016539250064634547,0.00016540653051945123,0.00016542056023031597,0.00016543458979885746,0.0001654486192007327,0.00016546264845977265,0.000165476677566003,0.00016549070652187986,0.00016550473533310145,0.00016551876399879521,0.00016553279250742768,0.00016554682085415695,0.0001655608490576166,0.00016557487706668562,0.00016558890494752633,0.00016560293268124272,0.0001656169602344657,0.00016563098766362355,0.00016564501496528798,0.00016565904207973138,0.0001656730690470123,0.00016568709582624006,0.0001657011224866813,0.00016571514899531712,0.00016572917534502868,0.0001657432015474261,0.00016575722759401264,0.00016577125348537144,0.0001657852792243768,0.00016579930480973808,0.00016581333023940953,0.00016582735551853487,0.0001658413806432061,0.0001658554056086302,0.00016586943045182853,0.00016588345511510107,0.00016589747961878672,0.00016591150396950066,0.00016592552815414665,0.00016593955220461654,0.00016595357606105532,0.00016596759978579025,0.00016598162336600388,0.00016599564678812515,0.0001660096700640981,0.00016602369317984022,0.00016603771614798538,0.00016605173892799923,0.00016606576158770551,0.00016607978408988245,0.00016609380643546365,0.00016610782862596694,0.00016612185066231972,0.00016613587254159188,0.0001661498942564337,0.00016616391582492966,0.00016617793727978362,0.00016619195854262854,0.0001662059796502409,0.000166220000583816,0.000166234021404249,0.00016624804204680237,0.00016626206253835,0.00016627608284930387,0.00016629010302690573,0.00016630412304924472,0.00016631814289205506,0.00016633216259441663,0.00016634618214628313,0.0001663602015476129,0.00016637422078859607,0.00016638823987928013,0.00016640225881457398,0.00016641627758646476,0.00016643029620982386,0.00016644431468048707,0.000166458332992157,0.00016647235114225473,0.000166486369142502,0.00016650038696265434,0.00016651440464806035,0.00016652842218093134,0.00016654243951472701,0.00016655645672273317,0.00016657047379711677,0.00016658449070705556,0.00016659850745994723,0.0001666125240481415,0.0001666265404907345,0.00016664055677573393,0.00016665457290416166,0.00016666858887056914,0.00016668260468590394,0.0001666966203446936,0.0001667106358461107,0.00016672465119275915,0.00016673866637403393,0.00016675268140729977,0.00016676669628480336,0.00016678071099648377,0.00016679472555088573,0.00016680873995658928,0.0001668227542068956,0.00016683676832217337,0.0001668507822475939,0.00016686479602596603,0.00016687880965372652,0.00016689282312001608,0.0001669068364291106,0.00016692084958202984,0.0001669348625778463,0.00016694887541692871,0.00016696288809760673,0.00016697690060088035,0.0001669909129656538,0.00016700492517574242,0.00016701893720743487,0.0001670329491038564,0.00016704696084238942,0.000167060972422198,0.00016707498384612603,0.00016708899511216132,0.0001671030062223578,0.00016711701717372508,0.0001671310279671892,0.00016714503859384543,0.00016715904907087912,0.000167173059391605,0.00016718706955400685,0.0001672010795600012,0.000167215089397419,0.00016722909908921865,0.00016724310863205636,0.0001672571180065268,0.00016727112722469855,0.0001672851362846021,0.00016729914518618974,0.00016731315392959066,0.0001673271625163323,0.00016734117094630035,0.00016735517921753176,0.00016736918732900797,0.00016738319528503094,0.00016739720308255724,0.00016741121073570294,0.0001674252182174352,0.00016743922553818635,0.00016745323270088699,0.00016746723970547926,0.00016748124652975451,0.00016749525321702028,0.00016750925974350693,0.00016752326611592098,0.00016753727233000714,0.00016755127838567172,0.000167565284281514,0.00016757929001740362,0.0001675932955967702,0.00016760730099529147,0.0001676213062548687,0.00016763531136046052,0.00016764931630835938,0.00016766332109484556,0.00016767732572438914,0.00016769133018300277,0.00016770533449015487,0.0001677193386415419,0.00016773334263459131,0.00016774734647228504,0.00016776135014856937,0.0001677753536637646,0.00016778935701997234,0.00016780336021756694,0.00016781736325660273,0.0001678313661280856,0.00016784536884855024,0.00016785937140916795,0.00016787337381100908,0.00016788737604982992,0.00016790137813404096,0.00016791538002708668,0.0001679293817894114,0.00016794338339646907,0.0001679573848322883,0.00016797138612072661,0.00016798538725027278,0.00016799938821983025,0.00016801338902731566,0.00016802738967738488,0.00016804139016870958,0.00016805539050027013,0.00016806939067261174,0.00016808339068656754,0.0001680973905375304,0.00016811139022709925,0.00016812538975949883,0.0001681393891327755,0.00016815338834425553,0.00016816738739758178,0.00016818138628953665,0.00016819538502160783,0.00016820938359582717,0.0001682233820090459,0.00016823738026325118,0.0001682513783706761,0.0001682653763065672,0.0001682793740787677,0.00016829337170518825,0.00016830736916072873,0.0001683213664553374,0.00016833536358704408,0.00016834936055954176,0.00016836335738550502,0.0001683773540418875,0.00016839135053382958,0.0001684053468688157,0.0001684193430422344,0.00016843333905307476,0.00016844733490616338,0.0001684613305955216,0.00016847532612804516,0.00016848932150007723,0.000168503316700776,0.00016851731175234356,0.00016853130664322836,0.0001685453013805904,0.00016855929595155082,0.0001685732903553613,0.00016858728460171203,0.00016860127868843037,0.00016861527261608338,0.00016862926637975539,0.00016864325998532367,0.0001686572534321378,0.00016867124668938158,0.0001686852398117956,0.00016869923277572588,0.0001687132255791522,0.0001687272182181247,0.00016874121069781,0.0001687552030186877,0.0001687691951824284,0.00016878318718635432,0.00016879717903825098,0.00016881117072313641,0.00016882516223927713,0.00016883915359440111,0.000168853144794252,0.00016886713583098874,0.00016888112670309264,0.00016889511740576682,0.00016890910795595984,0.00016892309834185047,0.0001689370885653044,0.00016895107863622332,0.00016896506854680108,0.00016897905828980328,0.00016899304787407725,0.00016900703729999156,0.00016902102656037938,0.0001690350156608024,0.00016904900456164368,0.00016906299333816754,0.000169076981930791,0.0001690909703846288,0.00016910495867998614,0.00016911894681102658,0.0001691329347803717,0.0001691469225895385,0.00016916091024012954,0.00016917489772398447,0.0001691888850485534,0.0001692028722115883,0.00016921685921014883,0.0001692308460485637,0.0001692448327091828,0.0001692588192275092,0.00016927280554274792,0.00016928679173145467,0.00016930077776160243,0.00016931476362985648,0.00016932874931686667,0.0001693427348615598,0.00016935672024510058,0.00016937070546621893,0.00016938469052614724,0.00016939867542505968,0.00016941266016170668,0.0001694266447405754,0.00016944062915200835,0.00016945461340442413,0.0001694685974962772,0.00016948258142238475,0.00016949656519019238,0.00016951054879011456,0.00016952453223079275,0.00016953851548995097,0.0001695524986064383,0.00016956648155760863,0.00016958046434837023,0.00016959444698006935,0.0001696084294539445,0.00016962241175944807,0.0001696363939026633,0.00016965037588238815,0.00016966435767400175,0.00016967833932105605,0.00016969232081683608,0.000169706302147272,0.00016972028328855426,0.0001697342642933557,0.00016974824513665322,0.0001697622258209696,0.00016977620633777218,0.00016979018669214884,0.00016980416688427554,0.00016981814691966824,0.00016983212678955503,0.0001698461064968269,0.0001698600860279012,0.00016987406541008415,0.00016988804462656463,0.0001699020236807986,0.000169916002571117,0.00016992998129573885,0.00016994395986247516,0.0001699579382687647,0.00016997191650617853,0.00016998589459003686,0.00016999987250258006,0.00017001385025689888,0.00017002782784775842,0.00017004180527366674,0.00017005578254357634,0.00017006975963238625,0.00017008373657353767,0.00017009771335031734,0.00017011168996981828,0.00017012566642015203,0.00017013964270967864,0.0001701536188376553,0.00017016759480959422,0.0001701815706092996,0.00017019554624412802,0.0001702095217186336,0.00017022349702867188,0.00017023747217604246,0.00017025144716129864,0.00017026542197972082,0.00017027939663607843,0.00017029337113653645,0.00017030734546933908,0.00017032131960729945,0.00017033529362380284,0.00017034926746299986,0.00017036324114685846,0.00017037721466665824,0.00017039118801904295,0.00017040516120394198,0.0001704191342307554,0.00017043310709922744,0.0001704470797994265,0.0001704610523409897,0.00017047502471500826,0.00017048899693908779,0.00017050296898574012,0.00017051694086359675,0.00017053091258160952,0.00017054488413550188,0.0001705588555245955,0.00017057282675713033,0.00017058679781978717,0.0001706007687156007,0.00017061473945734977,0.0001706287100355943,0.00017064268044046722,0.0001706566506844183,0.00017067062076729875,0.00017068459067940656,0.00017069856043215657,0.0001707125300243215,0.00017072649944864,0.00017074046870885098,0.00017075443781455188,0.00017076840676401135,0.00017078237553666946,0.0001707963441425555,0.00017081031258854484,0.00017082428087779664,0.0001708382489952407,0.00017085221691721695,0.00017086618469967346,0.00017088015231564747,0.0001708941197814642,0.0001709080870822031,0.00017092205421812766,0.00017093602119326029,0.00017094998799409574,0.000170963954633393,0.00017097792110877045,0.00017099188741213241,0.0001710058535643241,0.00017101981955184185,0.00017103378537530268,0.00017104775103942644,0.00017106171650939578,0.00017107568183499848,0.00017108964699817718,0.0001711036120013432,0.00017111757683643429,0.00017113154152042883,0.00017114550603121955,0.00017115947037115635,0.00017117343456362038,0.00017118739858100696,0.00017120136243597932,0.00017121532612336443,0.0001712292896439542,0.00017124325300898793,0.0001712572162090134,0.00017127117924193533,0.00017128514210335653,0.00017129910480987405,0.00017131306734594794,0.00017132702972289538,0.00017134099193548337,0.00017135495398327714,0.00017136891586566275,0.0001713828775907225,0.00017139683914009295,0.00017141080052490986,0.0001714247617498799,0.0001714387228095718,0.0001714526837061335,0.0001714666444424143,0.0001714806050095085,0.00017149456541212167,0.0001715085256501804,0.00017152248572087662,0.0001715364456249236,0.000171550405362242,0.00017156436494213806,0.00017157832435745312,0.00017159228361021372,0.00017160624269701522,0.00017162020161416662,0.0001716341603651426,0.00017164811895925238,0.00017166207738774207,0.0001716760356502158,0.00017168999374054877,0.00017170395167004165,0.00017171790945329232,0.00017173186706076433,0.00017174582449931808,0.00017175978177399334,0.00017177373889029634,0.00017178769583718468,0.00017180165260741355,0.0001718156092229691,0.0001718295656549763,0.0001718435219029814,0.00017185747803096643,0.00017187143398489696,0.000171885389777521,0.00017189934540554698,0.00017191330086868011,0.00017192725615518685,0.0001719412113073126,0.000171955166268373,0.00017196912107189966,0.00017198307570671069,0.0001719970301791269,0.000172010984485217,0.00017202493862687927,0.00017203889260906325,0.00017205284643004382,0.0001720668000774299,0.00017208075355807972,0.000172094706871435,0.000172108660024524,0.0001721226130127522,0.00017213656583412462,0.00017215051849219916,0.00017216447098504305,0.00017217842331040755,0.00017219237544809795,0.00017220632741746155,0.00017222027925282182,0.00017223423091919965,0.00017224818242104174,0.00017226213375610728,0.00017227608492633524,0.00017229003592067642,0.0001723039867693845,0.00017231793747130703,0.0001723318879818419,0.00017234583832750184,0.00017235978851383815,0.0001723737384966365,0.00017238768834612319,0.00017240163802968768,0.00017241558756821317,0.00017242953692155676,0.00017244348610953033,0.00017245743517080338,0.00017247138402644443,0.00017248533270871962,0.00017249928123364442,0.00017251322959290586,0.00017252717778858597,0.00017254112581727618,0.00017255507368655481,0.0001725690213854221,0.00017258296891930507,0.00017259691628765535,0.0001726108634890333,0.0001726248104832112,0.00017263875735719575,0.00017265270406304926,0.00017266665059508605,0.00017268059696843864,0.00017269454317673372,0.00017270848922092884,0.00017272243509957222,0.00017273638081129007,0.00017275032635274742,0.00017276427173464564,0.00017277821694596565,0.00017279216199666533,0.00017280610688164536,0.00017282005160104805,0.0001728339961434302,0.00017284794053153943,0.0001728618847534462,0.00017287582880097995,0.00017288977269201998,0.00017290371641679063,0.00017291765997640667,0.00017293160336048332,0.0001729455465871778,0.0001729594896396212,0.00017297343253148772,0.00017298737526404598,0.00017300131782794074,0.00017301526022730343,0.00017302920246004366,0.00017304314451777893,0.000173057086411089,0.00017307102814719433,0.00017308496971602818,0.00017309891112327877,0.00017311285235848607,0.00017312679343008735,0.00017314073431300077,0.00017315467505196812,0.00017316861563205176,0.00017318255603976422,0.00017319649629070244,0.00017321043637541026,0.00017322437625920807,0.00017323831602691152,0.00017325225560446578,0.00017326619501661545,0.00017328013426720206,0.00017329407334202136,0.00017330801225186486,0.00017332195100212272,0.00017333588958235574,0.0001733498279957459,0.00017336376624989164,0.00017337770433476096,0.00017339164225221038,0.00017340557999403046,0.00017341951757053313,0.00017343345499061725,0.0001734473922404117,0.00017346132931684178,0.00017347526623277687,0.00017348920297710827,0.00017350313956672876,0.00017351707598393495,0.00017353101224166793,0.00017354494831980897,0.00017355888423148193,0.0001735728199904748,0.00017358675557134785,0.0001736006909943279,0.0001736146262515603,0.0001736285613551744,0.00017364249628543048,0.00017365643104510638,0.00017367036563963742,0.0001736843000657105,0.00017369823432156477,0.0001737121684193363,0.0001737261023499665,0.00017374003611434264,0.0001737539697140182,0.00017376790314607352,0.00017378183641185356,0.00017379576951320053,0.0001738097024424584,0.00017382363521553878,0.00017383756781581288,0.00017385150025047926,0.0001738654324965176,0.0001738793646013645,0.00017389329653590238,0.00017390722829494211,0.0001739211599359318,0.00017393509136217307,0.00017394902263225115,0.00017396295373579243,0.0001739768846628736,0.00017399081542312755,0.00017400474601713921,0.00017401867645570508,0.0001740326067337662,0.00017404653683950484,0.00017406046678345425,0.00017407439655629255,0.0001740883261688097,0.000174102255615615,0.00017411618489442113,0.0001741301140095607,0.00017414404295148906,0.0001741579717303922,0.00017417190033876238,0.00017418582878056315,0.00017419975705580722,0.00017421368516313374,0.00017422761310540826,0.00017424154088087736,0.00017425546848999366,0.0001742693959324798,0.00017428332320710497,0.00017429725031461264,0.0001743111772555447,0.00017432510403048477,0.00017433903063879272,0.00017435295708057174,0.0001743668833556936,0.00017438080946424533,0.00017439473540617505,0.0001744086611809829,0.00017442258678965919,0.00017443651223157322,0.0001744504375068112,0.0001744643626156142,0.0001744782875577458,0.00017449221233317263,0.00017450613694188226,0.00017452006138391794,0.00017453398565997353,0.0001745479097687436,0.00017456183371083943,0.00017457575747652012,0.0001745896810862503,0.0001746036045165926,0.0001746175277918664,0.00017463145090194034,0.00017464537384505433,0.00017465929665232344,0.00017467321926082564,0.00017468714170230278,0.000174701063977021,0.00017471498608473936,0.00017472890802575392,0.00017474282979969012,0.00017475675140729845,0.0001747706728486331,0.00017478459412153673,0.00017479851522881145,0.00017481243616948428,0.00017482635694629096,0.0001748402775543456,0.00017485419799451974,0.00017486811826400103,0.0001748820383702097,0.00017489595830835433,0.0001749098780829387,0.0001749237976888857,0.0001749377171281753,0.00017495163640015888,0.00017496555550571718,0.00017497947444334585,0.00017499339321859467,0.00017500731182124618,0.00017502123025816285,0.00017503514853336102,0.00017504906663645084,0.0001750629845768462,0.00017507690234803234,0.00017509081990785963,0.00017510473734294628,0.0001751186546025127,0.000175132571730039,0.00017514648864868805,0.00017516040541136268,0.0001751743220114885,0.00017518823844766472,0.00017520215471415697,0.00017521607081612107,0.00017522998675089218,0.00017524390251672574,0.00017525781811449152,0.00017527173354718064,0.00017528564881167793,0.0001752995639078537,0.00017531347883984757,0.00017532739360289536,0.00017534130819945654,0.00017535522263258585,0.00017536913689810305,0.0001753830509944603,0.00017539696492214037,0.0001754108786787641,0.0001754247922734521,0.00017543870570274527,0.00017545261896360884,0.00017546653205549408,0.00017548044498183317,0.00017549435773515421,0.0001755082703280689,0.00017552218272027205,0.00017553609497859254,0.00017555000706912421,0.0001755639189927246,0.00017557783074982636,0.00017559174231490267,0.00017560565373840614,0.00017561956502096875,0.00017563347611013053,0.0001756473870320476,0.00017566129776902322,0.0001756752083536157,0.00017568911876452502,0.00017570302902216586,0.00017571693911131085,0.00017573084902141163,0.00017574475877416563,0.0001757586683586654,0.00017577257777902795,0.0001757864870204674,0.00017580039616359248,0.00017581430508267475,0.00017582821387451196,0.00017584212245581434,0.00017585603092111986,0.00017586993916796382,0.00017588384723679832,0.00017589775516797823,0.00017591166291118027,0.00017592557048795146,0.00017593947789035545,0.0001759533851339408,0.00017596729219077469,0.00017598119910023968,0.00017599510584065907,0.00017600901242589593,0.00017602291881277789,0.00017603682509059694,0.0001760507311588465,0.00017606463707529077,0.00017607854281368815,0.00017609244837067225,0.0001761063537705442,0.00017612025900241052,0.0001761341640817696,0.0001761480689937079,0.00017616197370479866,0.00017617587824725114,0.00017618978262390694,0.00017620368684297878,0.00017621759089415695,0.00017623149483849912,0.0001762453985531729,0.00017625930210598713,0.00017627320546503687,0.00017628710867735036,0.00017630101172793345,0.00017631491462055668,0.000176328817345313,0.00017634271989375297,0.00017635662228674664,0.0001763705245086246,0.0001763844265624847,0.00017639832846016684,0.00017641223018021574,0.0001764261317329118,0.00017644003310892092,0.00017645393432725524,0.00017646783531092376,0.00017648173619469378,0.00017649563691273437,0.0001765095374541509,0.00017652343782065665,0.00017653733802735754,0.00017655123807324918,0.00017656513795207901,0.0001765790376648331,0.00017659293719895914,0.0001766068365670245,0.0001766207357661282,0.00017663463481131078,0.00017664853368900744,0.00017666243239469704,0.00017667633093506683,0.00017669022930815535,0.00017670412751074103,0.00017671802555011722,0.00017673192341766036,0.0001767458211156362,0.00017675971864838862,0.00017677361601422463,0.0001767875132542258,0.00017680141023172715,0.00017681530709374448,0.00017682920378942602,0.00017684310031754517,0.00017685699667818912,0.00017687089287247897,0.00017688478888245186,0.00017689868474084425,0.00017691258038978313,0.00017692647591308305,0.00017694037126881175,0.00017695426645698254,0.00017696816150063017,0.0001769820563427218,0.00017699595101725905,0.00017700984555706555,0.0001770237398956883,0.0001770376340678336,0.00017705152807159604,0.00017706542190759581,0.0001770793155773959,0.00017709320907856785,0.00017710710241314632,0.00017712099558867407,0.0001771348886053377,0.00017714878144861187,0.00017716267411208893,0.000177176566606935,0.00017719045894767284,0.0001772043511187124,0.00017721824311160258,0.00017723213494873666,0.0001772460265839481,0.00017725991807443674,0.000177273809405729,0.00017728770057006681,0.00017730159156206332,0.00017731548239039574,0.00017732937304466392,0.00017734326355304386,0.00017735715387534362,0.0001773710440354636,0.00017738493402187297,0.00017739882384639743,0.0001774127135030825,0.00017742660301100406,0.00017744049233248466,0.00017745438148648426,0.00017746827047286897,0.00017748215928863918,0.00017749604793952894,0.00017750993642286062,0.00017752382473856966,0.0001775377128864702,0.0001775516008665135,0.00017756548867901433,0.00017757937632510875,0.00017759326380234076,0.00017760715111166255,0.00017762103825315082,0.00017763492522840659,0.00017764881203595676,0.0001776626986741887,0.00017767658514501711,0.00017769047144940297,0.00017770435758606099,0.0001777182435549993,0.0001777321293562089,0.00017774601498826145,0.00017775990045399575,0.00017777378575199732,0.0001777876708822573,0.00017780155584476404,0.00017781544064171968,0.00017782932526873941,0.00017784320972800914,0.00017785709401952707,0.00017787097814328556,0.00017788486210149282,0.00017789874588972955,0.00017791262951020296,0.00017792651296513162,0.00017794039625007363,0.00017795427936945758,0.00017796816232108385,0.000177982045104919,0.0001779959277209833,0.00017800981016927693,0.00017802369244976354,0.0001780375745624692,0.00017805145650741735,0.00017806533828462818,0.00017807921989400607,0.00017809310133555411,0.00017810698260938172,0.00017812086371541802,0.00017813474465364743,0.00017814862542402476,0.00017816250602666541,0.00017817638646147046,0.00017819026672847728,0.0001782041468277022,0.00017821802675915477,0.00017823190652277432,0.0001782457861185484,0.00017825966554650392,0.00017827354480666891,0.00017828742389895393,0.00017830130282356257,0.00017831518158019455,0.00017832906016910428,0.00017834293859015436,0.00017835681684337068,0.00017837069492872049,0.0001783845728463171,0.00017839845059605024,0.00017841232817510092,0.00017842620558915798,0.0001784400828353271,0.0001784539599106214,0.00017846783681868048,0.0001784817135613189,0.00017849559013311903,0.00017850946654003505,0.00017852334277636208,0.00017853721884489255,0.0001785510947456395,0.00017856497047866174,0.00017857884605298666,0.00017859272145021672,0.00017860659667923227,0.00017862047174050646,0.0001786343466339945,0.00017864822135959702,0.00017866209591693965,0.0001786759703067496,0.00017868984452856413,0.00017870371858244555,0.00017871759246863023,0.00017873146618669546,0.00017874533973687094,0.0001787592131190691,0.00017877308633372987,0.00017878695938038908,0.000178800832259154,0.00017881470496997144,0.00017882857751285052,0.0001788424498877893,0.00017885632209469783,0.00017887019413392657,0.00017888406600501808,0.00017889793770841435,0.00017891180924381567,0.00017892568061150216,0.00017893955181112818,0.0001789534228428284,0.00017896729370653512,0.00017898116440240246,0.0001789950349305774,0.00017900890529057395,0.00017902277548258235,0.00017903664550667997,0.00017905051536314034,0.00017906438505126682,0.00017907825457163577,0.00017909212392395242,0.00017910599310842963,0.00017911986212514142,0.00017913373097372057,0.00017914759965426838,0.00017916146816685628,0.0001791753365117638,0.000179189204688577,0.00017920307269724786,0.00017921694053803916,0.00017923080821083032,0.0001792446757157842,0.00017925854305262529,0.00017927241022185227,0.00017928627722312045,0.00017930014405615578,0.0001793140107212531,0.00017932787721855326,0.00017934174354757967,0.00017935560970906884,0.00017936947570215705,0.00017938334152746714,0.00017939720718480016,0.00017941107267408009,0.00017942493799567662,0.00017943880314399556,0.00017945266812430632,0.00017946653294174575,0.00017948039759127987,0.00017949426207262915,0.00017950812638123527,0.00017952199052680284,0.00017953585450416885,0.00017954971831772243,0.00017956358196323367,0.00017957744543692247,0.00017959130874607699,0.00017960517188434822,0.00017961903485750051,0.00017963289766264085,0.00017964676029972421,0.00017966062276408645,0.00017967448506245163,0.00017968834719560986,0.00017970220915790517,0.00017971607095212746,0.00017972993262305533,0.00017974379407995024,0.00017975765537037587,0.000179771516492803,0.00017978537744788503,0.00017979923817117063,0.00017981309878759943,0.00017982695925106113,0.0001798408195314744,0.00017985467964429046,0.00017986853958834755,0.00017988239936452677,0.00017989625896983757,0.00017991011841030302,0.00017992397768228194,0.0001799378367863426,0.00017995169572265036,0.00017996555448762482,0.00017997941308808038,0.00017999327151977138,0.0001800071297868068,0.00018002098788265188,0.00018003484580861163,0.0001800487035185503,0.00018006256111033936,0.00018007641853444965,0.00018009027579002362,0.0001801041328594072,0.0001801179897755413,0.00018013184650712423,0.00018014570309177,0.00018015955950957525,0.00018017341575855402,0.00018018727183989966,0.00018020112775315837,0.00018021498349392028,0.00018022883907212496,0.00018024269447210932,0.0001802565497136372,0.00018027040476367538,0.00018028425965760115,0.0001802981143946023,0.00018031196896669275,0.00018032582337057968,0.00018033967759875834,0.00018035353164250103,0.0001803673855387418,0.00018038123926633908,0.00018039509282649069,0.0001804089462186107,0.0001804227994403351,0.00018043665249572704,0.00018045050538306246,0.00018046435810302724,0.00018047821065021654,0.00018049206303410482,0.00018050591524994118,0.00018051976729834617,0.00018053361914980274,0.000180547470858594,0.00018056132240225093,0.0001805751737800804,0.0001805890249885071,0.00018060287602736968,0.0001806167268990594,0.00018063057760312045,0.00018064442814014678,0.00018065827850831474,0.0001806721287080608,0.00018068597874364338,0.00018069982860733632,0.00018071367830189546,0.00018072752782879192,0.00018074137720998257,0.00018075522640549266,0.00018076907543001914,0.00018078292430187488,0.00018079677301882375,0.0001808106215649945,0.00018082446994618413,0.00018083831812682136,0.00018085216616682857,0.00018086601404314456,0.00018087986172139354,0.0001808937092458942,0.00018090755658719819,0.00018092140376100598,0.0001809352507697733,0.00018094909760567175,0.00018096294427374915,0.00018097679079228965,0.00018099063712654343,0.0001810044832921662,0.00018101832928979215,0.00018103217511914306,0.00018104602078035284,0.00018105986627429228,0.0001810737116042206,0.00018108755676150997,0.00018110140175146323,0.00018111524656976903,0.00018112909122743588,0.00018114293571257862,0.000181156780029244,0.00018117062419098905,0.00018118446816588345,0.0001811983119751617,0.0001812121556221552,0.00018122599908470117,0.00018123984241017618,0.00018125368554612218,0.0001812675285000078,0.00018128137132043096,0.00018129521394611692,0.0001813090564048664,0.00018132289870364098,0.00018133674083206582,0.0001813505827453708,0.00018136442453750508,0.00018137826616093303,0.00018139210759241428,0.00018140594886656067,0.00018141978999272038,0.00018143363095086176,0.00018144747174101447,0.00018146131235697322,0.000181475152816531,0.00018148899309863744,0.000181502833211274,0.0001815166731737263,0.00018153051293734034,0.00018154435255664093,0.00018155819199250437,0.00018157203126791433,0.00018158587037470612,0.00018159970931814722,0.00018161354808875693,0.0001816273866910992,0.00018164122511210454,0.00018165506340575555,0.00018166890150389701,0.0001816827394551411,0.00018169657721097527,0.00018171041480671875,0.00018172425223677573,0.00018173808949967403,0.00018175192658491618,0.00018176576350685894,0.00018177960026671865,0.0001817934368525322,0.00018180727327265703,0.00018182110952228488,0.00018183494560441494,0.00018184878152226636,0.00018186261726553806,0.00018187645284254277,0.00018189028825155374,0.00018190412349243255,0.00018191795857494368,0.00018193179347825197,0.00018194562822087564,0.00018195946278955287,0.00018197329724439884,0.00018198713147800583,0.00018200096553334613,0.00018201479942993169,0.0001820286331631765,0.0001820424667237154,0.00018205630011614168,0.00018207013334069964,0.0001820839663760108,0.00018209779926424747,0.00018211163198460302,0.0001821254645358532,0.00018213929692263941,0.0001821531291390128,0.00018216696118747333,0.00018218079307719853,0.00018219462478025092,0.00018220845632214584,0.00018222228769801787,0.00018223611890609464,0.00018224994994260792,0.0001822637808143027,0.00018227761153794442,0.00018229144207667302,0.0001823052724439638,0.00018231910263474664,0.000182332932656579,0.0001823467625176818,0.00018236059221304326,0.0001823744217396945,0.00018238825116768365,0.00018240208035821178,0.00018241590939267185,0.00018242973824765283,0.00018244356693643675,0.00018245739545076802,0.00018247122384113364,0.0001824850520022897,0.00018249888001607551,0.0001825127078645748,0.00018252653554282704,0.00018254036305328616,0.00018255419038711187,0.0001825680175745876,0.00018258184458249763,0.00018259567141594706,0.0001826094980754173,0.00018262332457744446,0.00018263715089826565,0.00018265097706423518,0.00018266480306237108,0.0001826786288854395,0.0001826924545463734,0.00018270628003969403,0.0001827201053657077,0.00018273393052913804,0.0001827477555004826,0.000182761580322294,0.00018277540497606216,0.00018278922946179268,0.00018280305377188735,0.0001828168779214017,0.00018283070190315396,0.00018284452571709267,0.0001828583493870155,0.00018287217286751508,0.0001828859961704282,0.00018289981931485057,0.00018291364228877443,0.0001829274650887254,0.00018294128772153168,0.00018295511019255647,0.00018296893249375427,0.00018298275462618767,0.00018299657659131283,0.0001830103983883912,0.00018302422002379018,0.00018303804148500405,0.0001830518627779909,0.00018306568390294472,0.00018307950485172545,0.00018309332564011126,0.00018310714626181473,0.0001831209667129851,0.0001831347870101337,0.00018314860713219183,0.00018316242708204806,0.00018317624686226347,0.00018319006646948485,0.0001832038859133113,0.00018321770519302036,0.00018323152430158864,0.00018324534323948535,0.00018325916201190993,0.0001832729806141063,0.00018328679905060987,0.00018330061732174885,0.00018331443542912146,0.00018332825336828075,0.0001833420711326813,0.0001833558887290861,0.00018336970616297202,0.00018338352342334998,0.00018339734051567321,0.00018341115744197444,0.00018342497420137017,0.00018343879078946813,0.00018345260721147125,0.00018346642346374746,0.00018348023954762343,0.00018349405546134502,0.00018350787121082328,0.00018352168679105268,0.00018353550220310424,0.00018354931744694606,0.00018356313251684722,0.00018357694742721328,0.00018359076216740134,0.00018360457674274327,0.00018361839114251443,0.00018363220538104746,0.00018364601944921647,0.0001836598333542399,0.00018367364708146702,0.0001836874606450194,0.0001837012740695202,0.00018371508730478353,0.00018372890038013124,0.00018374271327227033,0.00018375652598090952,0.00018377033854700557,0.00018378415093476546,0.0001837979631543037,0.00018381177521386685,0.00018382558708902899,0.00018383939887117978,0.00018385321041882818,0.00018386702179892136,0.00018388083301107847,0.00018389464405305954,0.0001839084549353033,0.00018392226565113533,0.00018393607617500998,0.00018394988655582505,0.00018396369678444634,0.00018397750681989255,0.00018399131668841447,0.00018400512638301272,0.0001840189359154046,0.0001840327452833235,0.00018404655448002937,0.00018406036346369276,0.00018407417232254892,0.0001840879810160825,0.00018410178954179335,0.00018411559790151486,0.0001841294061376637,0.00018414321416529596,0.0001841570220113363,0.000184170829696366,0.00018418463721701274,0.00018419844455757974,0.00018421225173440397,0.00018422605874418457,0.00018423986557733544,0.00018425367224412454,0.00018426747875191203,0.00018428128509683994,0.0001842950912330499,0.000184308897237546,0.00018432270307863565,0.00018433650874857647,0.00018435031424574594,0.00018436411954435425,0.0001843779247092364,0.00018439172970626352,0.00018440553453650572,0.00018441933920213726,0.00018443314369779231,0.00018444694802650469,0.00018446075226934621,0.00018447455625335665,0.0001844883600683837,0.00018450216372323526,0.00018451596720885124,0.00018452977052179964,0.0001845435736532155,0.0001845573766349485,0.00018457117944901564,0.00018458498209049338,0.00018459878457125801,0.00018461258687627516,0.0001846263890156956,0.00018464019099368646,0.00018465399280038016,0.00018466779444140167,0.00018468159590440329,0.00018469539719461825,0.0001847091983353611,0.00018472299929606708,0.00018473680009534045,0.0001847506006682447,0.00018476440116830322,0.00018477820146342418,0.00018479200156363133,0.00018480580152343065,0.00018481960131436152,0.00018483340093472848,0.00018484720038451635,0.00018486099967267864,0.00018487479879304152,0.00018488859774559152,0.00018490239652977898,0.00018491619514576156,0.00018492999359371625,0.00018494379187391293,0.00018495758998664783,0.00018497138793069123,0.00018498518571361417,0.00018499898332233325,0.0001850127807585612,0.00018502657803115305,0.00018504037513124988,0.00018505417206352508,0.00018506796882643555,0.0001850817654207955,0.00018509556184901843,0.00018510935810977255,0.00018512315420255205,0.00018513695012724841,0.00018515074587522644,0.0001851645414694226,0.00018517833688245873,0.0001851921321351425,0.0001852059272177929,0.00018521972213386847,0.00018523351688334584,0.0001852473114622709,0.00018526110588243573,0.00018527490015055772,0.0001852886942205771,0.00018530248813527648,0.00018531628187484984,0.00018533007545995457,0.00018534386883201946,0.00018535766207658166,0.00018537145515328015,0.00018538524798997183,0.0001853990406865388,0.00018541283326609946,0.00018542662567132682,0.00018544041790868047,0.00018545420997817728,0.00018546800187982314,0.00018548179361361068,0.00018549558516070484,0.00018550937655877018,0.0001855231677889914,0.0001855369588513624,0.0001855507497458684,0.00018556454047253767,0.0001855783310313282,0.00018559212142050133,0.00018560591164238111,0.00018561970169762447,0.00018563349158335892,0.00018564728130293634,0.00018566107085467472,0.0001856748602384311,0.00018568864945503295,0.00018570243850116373,0.00018571622738153436,0.0001857300160923866,0.00018574380463782633,0.0001857575930128351,0.00018577138122380005,0.00018578516926511562,0.0001857989571383863,0.00018581274484472162,0.0001858265323673396,0.00018584031973788647,0.00018585410693914222,0.0001858678939734507,0.00018588168080064485,0.00018589546750137745,0.00018590925403203372,0.00018592304039389635,0.00018593682658821244,0.00018595061261674075,0.00018596439847504706,0.00018597818416578053,0.00018599196970859602,0.00018600575506347072,0.0001860195402505428,0.00018603332526974243,0.00018604711012165133,0.00018606089482649317,0.00018607467934361632,0.00018608846369132218,0.0001861022478998354,0.00018611603191275895,0.00018612981575746924,0.0001861435994343712,0.000186157382942102,0.00018617116624903757,0.00018618494941386832,0.00018619873241987382,0.0001862125152613972,0.00018622629792791024,0.00018624008043124655,0.00018625386276318728,0.00018626764493272132,0.00018628142693081872,0.000186295208752036,0.00018630899044094822,0.00018632277194563659,0.00018633655332447803,0.00018635033441220727,0.00018636411539883662,0.00018637789621389015,0.00018639167686823166,0.00018640545740391826,0.0001864192377253173,0.00018643301787898422,0.00018644679786609751,0.0001864605776767586,0.00018647435732728918,0.0001864881368059646,0.00018650191607871294,0.00018651569523501333,0.00018652947427433232,0.00018654325313511222,0.00018655703175485795,0.00018657081022955695,0.00018658458853215433,0.0001865983666744756,0.00018661214463681108,0.00018662592244320838,0.00018663970006954438,0.00018665347754613987,0.0001866672548525591,0.00018668103198714106,0.00018669480896036083,0.0001867085857566586,0.0001867223623899941,0.00018673613884095626,0.00018674991514489766,0.0001867636912734678,0.00018677746721485584,0.000186791243007702,0.00018680501862554467,0.00018681879408488717,0.00018683256938003843,0.00018684634450662934,0.00018686011948508557,0.00018687389427494993,0.00018688766888653278,0.00018690144333726596,0.00018691521761497761,0.0001869289917299967,0.00018694276567931414,0.00018695653945924076,0.00018697031307106463,0.0001869840865210148,0.00018699785980323582,0.00018701163293113472,0.00018702540588094897,0.00018703917865415043,0.00018705295125790014,0.00018706672370532774,0.00018708049597727507,0.00018709426807952197,0.00018710804001568324,0.00018712181178427112,0.00018713558338866962,0.00018714935483152062,0.00018716312609550945,0.00018717689716816246,0.00018719066808494091,0.00018720443885362085,0.0001872182094534654,0.00018723197987980427,0.00018724575015810122,0.00018725952025689025,0.0001872732901780219,0.0001872870599356741,0.00018730082952453524,0.00018731459894544657,0.00018732836820709996,0.00018734213729098369,0.000187355906208006,0.00018736967495541014,0.0001873834435390192,0.00018739721196041562,0.00018741098019538978,0.00018742474828242336,0.00018743851625895584,0.00018745228401921766,0.00018746605165172251,0.00018747981905968715,0.00018749358635332226,0.00018750735342639436,0.00018752112032812665,0.0001875348870624657,0.00018754865363324925,0.00018756242008662985,0.00018757618637233828,0.00018758995248646245,0.00018760371844564645,0.00018761748414009398,0.00018763124970460853,0.00018764501510160997,0.0001876587803307077,0.00018767254539260041,0.00018768631028441885,0.00018770007501041266,0.00018771383956706935,0.00018772760395372975,0.00018774136817724155,0.00018775513223350622,0.00018776889612190904,0.00018778265984436716,0.00018779642339947537,0.00018781018678502728,0.00018782395000526518,0.00018783771308279536,0.00018785147595860893,0.00018786523867346048,0.00018787900122141867,0.00018789276357298508,0.00018790652578471533,0.00018792028782942642,0.00018793404971736283,0.00018794781143074868,0.00018796157297317178,0.00018797533435008267,0.00018798909555678788,0.00018800285662399192,0.00018801661750361418,0.00018803037821006125,0.00018804413874815395,0.0001880578991122798,0.00018807165931426743,0.000188085419350972,0.00018809917921782155,0.00018811293891852303,0.0001881266984453953,0.00018814045780950273,0.00018815421700278334,0.00018816797603192137,0.00018818173489216542,0.00018819549359006218,0.0001882092521123999,0.00018822301047319396,0.00018823676866663595,0.00018825052669014727,0.00018826428454398072,0.00018827804223637168,0.00018829179975351953,0.00018830555710714613,0.00018831931426947006,0.00018833307124519502,0.00018834682806224178,0.00018836058474603931,0.00018837434124211903,0.00018838809759105424,0.00018840185376872923,0.0001884156097824307,0.00018842936562947087,0.00018844312136394054,0.00018845687688942954,0.00018847063223155264,0.00018848438740675833,0.00018849814242033835,0.00018851189725992596,0.0001885256519465997,0.00018853940645813128,0.0001885531607970817,0.00018856691496731986,0.0001885806689588848,0.00018859442278660544,0.00018860817645327833,0.00018862192996578467,0.00018863568329871848,0.00018864943646528472,0.00018866318945836734,0.00018867694229420578,0.00018869069497279663,0.0001887044474997359,0.00018871819982882,0.0001887319519537213,0.00018874570394589025,0.00018875945576863926,0.00018877320748297944,0.00018878695897304096,0.00018880071029730004,0.00018881446145404342,0.00018882821243293533,0.00018884196331682662,0.00018885571398134787,0.00018886946446278888,0.00018888321481916895,0.0001888969649749739,0.00018891071495809385,0.0001889244648309397,0.0001889382144813936,0.00018895196396355422,0.00018896571334696573,0.00018897946249347777,0.00018899321146382566,0.0001890069603569575,0.00018902070899244483,0.0001890344574693982,0.0001890482058266313,0.00018906195397060813,0.0001890757019803823,0.00018908944980183668,0.00018910319743493524,0.00018911694491351654,0.0001891306922191876,0.00018914443935756216,0.00018915818632859414,0.00018917193312755368,0.00018918567976463187,0.00018919942623373608,0.00018921317253510464,0.0001892269186692703,0.00018924066463674427,0.00018925441043679894,0.00018926815606908008,0.0001892819015334954,0.00018929564683052482,0.00018930939198803323,0.0001893231369001862,0.0001893368816953562,0.00018935062635092655,0.00018936437080854153,0.00018937811506383124,0.000189391859189829,0.00018940560314831492,0.00018941934694951715,0.00018943309057909867,0.00018944683403756334,0.0001894605773252035,0.00018947432046385006,0.000189488063418156,0.00018950180620501582,0.00018951554879307404,0.00018952929124232122,0.00018954303352704358,0.0001895567756446949,0.0001895705175939636,0.0001895842594030345,0.00018959800097751714,0.00018961174243159934,0.0001896254837125845,0.00018963922482643876,0.00018965296577284771,0.0001896667065504499,0.00018968044717619452,0.00018969418758500825,0.00018970792786761489,0.00018972166802070308,0.0001897354079686788,0.00018974914774179603,0.0001897628873329846,0.00018977662677526174,0.00018979036604378072,0.00018980410514715258,0.00018981784409683095,0.00018983158288504246,0.00018984532148187555,0.00018985905998675432,0.00018987279825516957,0.00018988653635157985,0.00018990027428564696,0.00018991401205280763,0.00018992774964798968,0.00018994148715664651,0.0001899552244321267,0.0001899689615402033,0.0001899826984724855,0.0001899964352356754,0.00019001017182891644,0.00019002390825750904,0.0001900376445165888,0.00019005138060202917,0.00019006511652046312,0.0001900788522826975,0.00019009258785199887,0.00019010632327843177,0.0001901200585461662,0.00019013379363645,0.00019014752855957718,0.00019016126332364669,0.000190174997901056,0.00019018873233688782,0.00019020246659453657,0.0001902162006495138,0.00019022993458738124,0.00019024366834085582,0.00019025740192000145,0.0001902711353390066,0.00019028486856481361,0.00019029860164937896,0.00019031233456747007,0.0001903260672935467,0.0001903397998754954,0.00019035353229113883,0.0001903672645412996,0.00019038099662429552,0.00019039472845129707,0.00019040846019920636,0.00019042219178519372,0.00019043592319930073,0.0001904496544424367,0.00019046338558514602,0.00019047711649742205,0.00019049084723256674,0.0001905045778068685,0.00019051830828224466,0.00019053203852729524,0.00019054576860393394,0.0001905594985183624,0.00019057322826131643,0.00019058695784708666,0.00019060068725451637,0.00019061441649518925,0.00019062814556789073,0.00019064187452355656,0.00019065560325938745,0.00019066933183107656,0.0001906830602325736,0.0001906967884543014,0.0001907105165318101,0.0001907242444318957,0.00019073797217526888,0.00019075169972844147,0.00019076542713225024,0.00019077915436362412,0.000190792881427832,0.00019080660833075598,0.00019082033506390638,0.0001908340616068242,0.00019084778800170865,0.00019086151420534772,0.00019087524026680945,0.0001908889661526587,0.00019090269185392981,0.00019091641744764734,0.00019093014283065113,0.00019094386803594925,0.00019095759308791754,0.00019097131797480421,0.00019098504269305925,0.00019099876724957255,0.00019101249160784748,0.00019102621582065351,0.00019103993989624278,0.00019105366376912864,0.00019106738749125507,0.00019108111104391648,0.00019109483442819133,0.00019110855764771132,0.00019112228072714198,0.0001911360036024124,0.0001911497263207777,0.00019116344885217252,0.00019117717118798908,0.00019119089339370926,0.00019120461545653515,0.00019121833733765778,0.00019123205909303206,0.00019124578064282012,0.0001912595020214725,0.00019127322323767926,0.0001912869442813225,0.00019130066516484312,0.00019131438587861795,0.0001913281064223313,0.0001913418268082007,0.00019135554702310426,0.00019136926706988164,0.00019138298700332134,0.0001913967067153541,0.00019141042626194234,0.00019142414564371499,0.00019143786485756255,0.00019145158390298508,0.00019146530277976912,0.00019147902149151401,0.00019149274003335431,0.00019150645840844259,0.00019152017662858837,0.00019153389467742868,0.00019154761248827817,0.00019156133018373537,0.00019157504772787046,0.00019158876510120393,0.0001916024823544817,0.00019161619938502642,0.00019162991625354682,0.00019164363293561933,0.0001916573494723064,0.00019167106584115667,0.00019168478204511393,0.00019169849808270731,0.00019171221395486695,0.0001917259296579349,0.00019173964519521004,0.00019175336056375024,0.0001917670757642465,0.000191780790800311,0.00019179450567023552,0.00019180822037164754,0.00019182193490697834,0.0001918356492647828,0.0001918493634644596,0.00019186307749788527,0.0001918767913638893,0.00019189050506341493,0.00019190421859499777,0.00019191793196059832,0.00019193164516752932,0.00019194535819919877,0.00019195907106253925,0.0001919727837557731,0.00019198649629390357,0.0001920002086577617,0.00019201392085556708,0.0001920276328864548,0.0001920413447507028,0.0001920550564461883,0.00019206876797528096,0.0001920824793388827,0.00019209619053446597,0.0001921099015798192,0.00019212361244116862,0.00019213732313789222,0.00019215103366733828,0.00019216474402939212,0.00019217845422344598,0.0001921921642492236,0.00019220587410951267,0.00019221958380275284,0.00019223329332917767,0.00019224700269279503,0.00019226071188632946,0.00019227442091155104,0.00019228812976962662,0.00019230183845944646,0.0001923155469844689,0.00019232925534380977,0.00019234296353457564,0.00019235667155768893,0.00019237037941872206,0.0001923840871087242,0.00019239779463494708,0.0001924115019851828,0.00019242520917455273,0.0001924389162090125,0.00019245262304340674,0.00019246632973276276,0.00019248003625461026,0.0001924937426087708,0.00019250744878539748,0.0001925211548078499,0.00019253486064997588,0.00019254856633870135,0.00019256227185965303,0.00019257597721373986,0.00019258968242215376,0.00019260338744223025,0.00019261709229343742,0.00019263079698109934,0.00019264450149879923,0.00019265820585213046,0.00019267191004376417,0.000192685614061054,0.0001926993179174702,0.00019271302160308045,0.00019272672514316177,0.0001927404284464119,0.00019275413165293842,0.00019276783466397297,0.00019278153750538864,0.0001927952401877365,0.00019280894270556486,0.0001928226450613142,0.00019283634724447313,0.00019285004926101885,0.00019286375108572038,0.00019287745276829095,0.00019289115428466533,0.00019290485563253773,0.00019291855683312327,0.0001929322578509027,0.00019294595876582495,0.00019295965944998825,0.00019297335996637006,0.00019298706031793865,0.0001930007605003907,0.00019301446053788865,0.00019302816038670816,0.00019304186005564497,0.00019305555957076367,0.00019306925892098213,0.00019308295810299017,0.0001930966571239631,0.0001931103559720753,0.00019312405465325466,0.00019313775317006507,0.00019315145151760745,0.00019316514969876318,0.00019317884769799775,0.0001931925455478786,0.00019320624323046083,0.00019321994074461004,0.00019323363809310395,0.00019324733528945602,0.00019326103230346174,0.00019327472914694042,0.00019328842578757925,0.00019330212229947547,0.00019331581864655853,0.00019332951482680557,0.00019334321084044133,0.00019335690668555172,0.00019337060238687522,0.00019338429790312104,0.0001933979932522748,0.00019341168843232373,0.00019342538345104457,0.0001934390782977076,0.0001934527729776586
20,1.6885354756302818e-23,3.6933908132739665e-23,5.900043287206587e-23,8.255775097951469e-23,1.0722493020977036e-22,1.327186838420375e-22,1.5882804380928996e-22,1.8539588820031353e-22,2.1230519752384877e-22,2.3946881930452533e-22,2.668218450904327e-22,2.943159330861926e-22,3.219150798267473e-22,3.495924710515575e-22,3.7732813633369004e-22,4.0510720232053827e-22,4.329185918018603e-22,4.607540548161318e-22,4.886074470487038e-22,5.164741924052051e-22,5.443508827529302e-22,5.722349798206862e-22,6.00124593183068e-22,6.2801831491003615e-22,6.559150964191249e-22,6.83814156758728e-22,7.117149143004008e-22,7.396169358653641e-22,7.675198988355374e-22,7.954235629350323e-22,8.233277492138236e-22,8.512323243955097e-22,8.791371892199667e-22,9.070422697613553e-22,9.349475109619965e-22,9.628528718166523e-22,9.90758321785895e-22,1.0186638381249088e-21,1.0465694038940617e-21,1.0744750064772496e-21,1.1023806364783778e-21,1.1302862868995385e-21,1.1581919525289051e-21,1.1860976294848659e-21,1.2140033148765282e-21,1.2419090065508351e-21,1.2698147029042606e-21,1.2977204027425484e-21,1.3256261051762522e-21,1.3535318095429412e-21,1.3814375153492579e-21,1.4093432222277642e-21,1.4372489299048043e-21,1.46515463817657e-21,1.4930603468912628e-21,1.5209660559358382e-21,1.548871765226099e-21,1.5767774746993388e-21,1.604683184308847e-21,1.6325888940198587e-21,1.6604946038064606e-21,1.6884003136493591e-21,1.716306023534186e-21,1.7442117334502393e-21,1.7721174433895495e-21,1.8000231533461803e-21,1.8279288633157125e-21,1.855834573294851e-21,1.8837402832811435e-21,1.9116459932727664e-21,1.939551703268358e-21,1.9674574132669053e-21,1.9953631232676546e-21,2.023268833270043e-21,2.0511745432736545e-21,2.079080253278174e-21,2.106985963283372e-21,2.134891673289073e-21,2.16279738329515e-21,2.1907030933015053e-21,2.218608803308071e-21,2.2465145133147877e-21,2.2744202233216277e-21,2.3023259333285486e-21,2.3302316433355345e-21,2.3581373533425675e-21,2.386043063349639e-21,2.413948773356735e-21,2.441854483363851e-21,2.469760193370982e-21,2.4976659033781235e-21,2.5255716133852735e-21,2.5534773233924295e-21,2.5813830333995903e-21,2.6092887434067553e-21,2.6371944534139222e-21,2.6651001634210913e-21,2.6930058734282616e-21,2.720911583435433e-21,2.7488172934426055e-21,2.7767230034497795e-21,2.8046287134569532e-21,2.8325344234641265e-21,2.860440133471301e-21,2.8883458434784745e-21,2.9162515534856497e-21,2.9441572634928237e-21,2.972062973500001e-21,2.999968683507176e-21,3.0278743935143507e-21,3.0557801035215254e-21,3.0836858135286995e-21,3.1115915235358742e-21,3.1394972335430453e-21,3.167402943550221e-21,3.1953086535573986e-21,3.223214363564573e-21,3.2511200735717474e-21,3.279025783578922e-21,3.3069314935860973e-21,3.334837203593272e-21,3.3627429136004423e-21,3.390648623607618e-21,3.4185543336147915e-21,3.446460043621966e-21,3.474365753629142e-21,3.502271463636317e-21,3.530177173643493e-21,3.558082883650668e-21,3.585988593657843e-21,3.613894303665015e-21,3.641800013672188e-21,3.669705723679362e-21,3.697611433686535e-21,3.725517143693707e-21,3.753422853700882e-21,3.781328563708056e-21,3.809234273715227e-21,3.837139983722402e-21,3.8650456937295744e-21,3.892951403736746e-21,3.92085711374392e-21,3.9487628237510935e-21,3.976668533758267e-21,4.004574243765441e-21,4.0324799537726126e-21,4.0603856637797836e-21,4.088291373786957e-21,4.116197083794131e-21,4.144102793801308e-21,4.172008503808481e-21,4.1999142138156514e-21,4.2278199238228255e-21,4.25572563383e-21,4.283631343837174e-21,4.311537053844348e-21,4.3394427638515186e-21,4.367348473858692e-21,4.395254183865865e-21,4.42315989387304e-21,4.451065603880213e-21,4.478971313887387e-21,4.506877023894561e-21,4.534782733901736e-21,4.5626884439089085e-21,4.590594153916083e-21,4.6184998639232596e-21,4.646405573930432e-21,4.674311283937604e-21,4.702216993944776e-21,4.7301227039519474e-21,4.75802841395912e-21,4.7859341239662924e-21,4.8138398339734634e-21,4.841745543980635e-21,4.869651253987808e-21,4.8975569639949795e-21,4.9254626740021505e-21,4.9533683840093215e-21,4.9812740940164926e-21,5.009179804023663e-21,5.037085514030833e-21,5.064991224038003e-21,5.0928969340451736e-21,5.120802644052341e-21,5.14870835405951e-21,5.1766140640666784e-21,5.204519774073847e-21,5.2324254840810144e-21,5.2603311940881854e-21,5.288236904095354e-21,5.316142614102523e-21,5.3440483241096924e-21,5.371954034116862e-21,5.399859744124031e-21,5.427765454131201e-21,5.4556711641383705e-21,5.483576874145539e-21,5.511482584152708e-21,5.539388294159877e-21,5.567294004167047e-21,5.595199714174214e-21,5.623105424181384e-21,5.651011134188552e-21,5.678916844195722e-21,5.706822554202889e-21,5.7347282642100596e-21,5.762633974217229e-21,5.790539684224398e-21,5.818445394231566e-21,5.8463511042387346e-21,5.874256814245904e-21,5.902162524253075e-21,5.930068234260245e-21,5.9579739442674134e-21,5.985879654274583e-21,6.013785364281752e-21,6.0416910742889204e-21,6.069596784296091e-21,6.09750249430326e-21,6.125408204310428e-21,6.153313914317597e-21,6.181219624324766e-21,6.209125334331935e-21,6.237031044339102e-21,6.2649367543462705e-21,6.292842464353441e-21,6.32074817436061e-21,6.3486538843677806e-21,6.376559594374948e-21,6.404465304382118e-21,6.432371014389286e-21,6.460276724396454e-21,6.488182434403623e-21,6.516088144410792e-21,6.543993854417959e-21,6.571899564425129e-21,6.599805274432298e-21,6.62771098443947e-21,6.65561669444664e-21,6.683522404453805e-21,6.7114281144609744e-21,6.739333824468143e-21,6.767239534475313e-21,6.795145244482482e-21,6.823050954489652e-21,6.85095666449682e-21,6.878862374503988e-21,6.906768084511157e-21,6.934673794518328e-21,6.962579504525496e-21,6.990485214532665e-21,7.018390924539831e-21,7.046296634547e-21,7.074202344554168e-21,7.102108054561339e-21,7.130013764568506e-21,7.157919474575676e-21,7.185825184582846e-21,7.213730894590015e-21,7.241636604597184e-21,7.269542314604354e-21,7.297448024611521e-21,7.32535373461869e-21,7.353259444625859e-21,7.381165154633028e-21,7.409070864640198e-21,7.436976574647368e-21,7.464882284654537e-21,7.492787994661706e-21,7.520693704668874e-21,7.548599414676043e-21,7.576505124683213e-21,7.604410834690382e-21,7.63231654469755e-21,7.660222254704718e-21,7.688127964711887e-21,7.716033674719057e-21,7.743939384726226e-21,7.771845094733396e-21,7.799750804740565e-21,7.827656514747732e-21,7.855562224754903e-21,7.883467934762073e-21,7.911373644769243e-21,7.93927935477641e-21,7.96718506478358e-21,7.995090774790751e-21,8.022996484797918e-21,8.050902194805088e-21,8.078807904812257e-21,8.106713614819427e-21,8.134619324826598e-21,8.162525034833765e-21,8.190430744840935e-21,8.218336454848104e-21,8.246242164855274e-21,8.274147874862441e-21,8.302053584869612e-21,8.329959294876779e-21,8.357865004883951e-21,8.385770714891121e-21,8.413676424898291e-21,8.44158213490546e-21,8.469487844912632e-21,8.497393554919802e-21,8.52529926492697e-21,8.55320497493414e-21,8.581110684941308e-21,8.609016394948476e-21,8.636922104955646e-21,8.664827814962816e-21,8.692733524969986e-21,8.720639234977155e-21,8.748544944984324e-21,8.776450654991493e-21,8.80435636499866e-21,8.83226207500583e-21,8.860167785013e-21,8.888073495020168e-21,8.91597920502734e-21,8.94388491503451e-21,8.97179062504168e-21,8.999696335048844e-21,9.027602045056013e-21,9.055507755063182e-21,9.083413465070352e-21,9.111319175077521e-21,9.139224885084688e-21,9.167130595091857e-21,9.195036305099026e-21,9.222942015106196e-21,9.250847725113368e-21,9.278753435120538e-21,9.306659145127708e-21,9.334564855134875e-21,9.362470565142046e-21,9.390376275149216e-21,9.418281985156385e-21,9.446187695163552e-21,9.474093405170722e-21,9.501999115177894e-21,9.529904825185064e-21,9.557810535192231e-21,9.585716245199402e-21,9.61362195520657e-21,9.641527665213741e-21,9.669433375220907e-21,9.697339085228077e-21,9.725244795235247e-21,9.753150505242414e-21,9.781056215249583e-21,9.808961925256753e-21,9.836867635263922e-21,9.864773345271092e-21,9.892679055278261e-21,9.920584765285433e-21,9.948490475292603e-21,9.976396185299773e-21,1.0004301895306944e-20,1.0032207605314111e-20,1.0060113315321281e-20,1.008801902532845e-20,1.0115924735335617e-20,1.0143830445342786e-20,1.0171736155349956e-20,1.0199641865357125e-20,1.0227547575364295e-20,1.0255453285371464e-20,1.0283358995378634e-20,1.03112647053858e-20,1.0339170415392969e-20,1.0367076125400139e-20,1.0394981835407306e-20,1.0422887545414478e-20,1.0450793255421648e-20,1.0478698965428819e-20,1.0506604675435986e-20,1.0534510385443156e-20,1.0562416095450325e-20,1.0590321805457495e-20,1.0618227515464665e-20,1.0646133225471834e-20,1.0674038935479004e-20,1.0701944645486175e-20,1.0729850355493346e-20,1.0757756065500514e-20,1.0785661775507684e-20,1.0813567485514854e-20,1.0841473195522023e-20,1.0869378905529195e-20,1.0897284615536365e-20,1.0925190325543532e-20,1.0953096035550701e-20,1.0981001745557871e-20,1.1008907455565042e-20,1.1036813165572209e-20,1.1064718875579378e-20,1.1092624585586546e-20,1.1120530295593717e-20,1.1148436005600885e-20,1.1176341715608053e-20,1.120424742561522e-20,1.1232153135622386e-20,1.1260058845629559e-20,1.1287964555636729e-20,1.1315870265643896e-20,1.1343775975651067e-20,1.1371681685658235e-20,1.1399587395665407e-20,1.1427493105672574e-20,1.1455398815679745e-20,1.1483304525686915e-20,1.1511210235694085e-20,1.1539115945701256e-20,1.1567021655708423e-20,1.1594927365715593e-20,1.1622833075722762e-20,1.1650738785729932e-20,1.16786444957371e-20,1.170655020574427e-20,1.173445591575144e-20,1.1762361625758609e-20,1.1790267335765779e-20,1.1818173045772946e-20,1.1846078755780116e-20,1.1873984465787287e-20,1.1901890175794452e-20,1.1929795885801623e-20,1.1957701595808793e-20,1.1985607305815963e-20,1.201351301582313e-20,1.2041418725830299e-20,1.206932443583747e-20,1.2097230145844634e-20,1.2125135855851804e-20,1.2153041565858974e-20,1.2180947275866143e-20,1.2208852985873313e-20,1.2236758695880484e-20,1.2264664405887651e-20,1.229257011589482e-20,1.2320475825901991e-20,1.234838153590916e-20,1.2376287245916327e-20,1.2404192955923498e-20,1.2432098665930668e-20,1.2460004375937838e-20,1.2487910085945005e-20,1.2515815795952177e-20,1.2543721505959347e-20,1.2571627215966515e-20,1.2599532925973685e-20,1.2627438635980855e-20,1.2655344345988025e-20,1.2683250055995193e-20,1.2711155766002361e-20,1.2739061476009529e-20,1.2766967186016699e-20,1.2794872896023869e-20,1.2822778606031038e-20,1.2850684316038208e-20,1.2878590026045376e-20,1.2906495736052546e-20,1.2934401446059713e-20,1.2962307156066883e-20,1.2990212866074054e-20,1.3018118576081222e-20,1.3046024286088396e-20,1.3073929996095566e-20,1.3101835706102733e-20,1.3129741416109903e-20,1.3157647126117074e-20,1.3185552836124241e-20,1.321345854613141e-20,1.3241364256138581e-20,1.326926996614575e-20,1.3297175676152917e-20,1.3325081386160086e-20,1.3352987096167253e-20,1.3380892806174424e-20,1.3408798516181594e-20,1.3436704226188764e-20,1.3464609936195938e-20,1.3492515646203108e-20,1.3520421356210278e-20,1.3548327066217445e-20,1.3576232776224617e-20,1.3604138486231783e-20,1.3632044196238952e-20,1.365994990624612e-20,1.3687855616253286e-20,1.371576132626046e-20,1.374366703626763e-20,1.37715727462748e-20,1.3799478456281967e-20,1.3827384166289136e-20,1.3855289876296308e-20,1.3883195586303476e-20,1.3911101296310642e-20,1.393900700631781e-20,1.396691271632498e-20,1.3994818426332148e-20,1.4022724136339317e-20,1.405062984634649e-20,1.4078535556353655e-20,1.4106441266360823e-20,1.4134346976367992e-20,1.416225268637516e-20,1.4190158396382327e-20,1.42180641063895e-20,1.4245969816396664e-20,1.4273875526403833e-20,1.4301781236411e-20,1.432968694641817e-20,1.435759265642534e-20,1.4385498366432508e-20,1.4413404076439677e-20,1.4441309786446846e-20,1.4469215496454017e-20,1.449712120646119e-20,1.4525026916468358e-20,1.4552932626475527e-20,1.4580838336482695e-20,1.460874404648986e-20,1.463664975649703e-20,1.46645554665042e-20,1.4692461176511364e-20,1.4720366886518536e-20,1.4748272596525705e-20,1.4776178306532874e-20,1.4804084016540042e-20,1.4831989726547208e-20,1.4859895436554377e-20,1.488780114656155e-20,1.4915706856568714e-20,1.4943612566575883e-20,1.4971518276583052e-20,1.4999423986590218e-20,1.502732969659739e-20,1.5055235406604555e-20,1.508314111661172e-20,1.5111046826618893e-20,1.5138952536626062e-20,1.5166858246633233e-20,1.5194763956640402e-20,1.522266966664757e-20,1.525057537665474e-20,1.5278481086661905e-20,1.5306386796669074e-20,1.5334292506676243e-20,1.5362198216683412e-20,1.539010392669058e-20,1.5418009636697752e-20,1.544591534670492e-20,1.5473821056712087e-20,1.5501726766719255e-20,1.5529632476726427e-20,1.5557538186733596e-20,1.5585443896740762e-20,1.561334960674793e-20,1.5641255316755096e-20,1.5669161026762265e-20,1.5697066736769434e-20,1.5724972446776605e-20,1.5752878156783768e-20,1.578078386679094e-20,1.580868957679811e-20,1.5836595286805275e-20,1.5864500996812446e-20,1.5892406706819615e-20,1.5920312416826787e-20,1.5948218126833956e-20,1.5976123836841127e-20,1.6004029546848296e-20,1.6031935256855462e-20,1.605984096686263e-20,1.60877466768698e-20,1.6115652386876968e-20,1.614355809688414e-20,1.617146380689131e-20,1.619936951689848e-20,1.6227275226905652e-20,1.625518093691282e-20,1.6283086646919993e-20,1.6310992356927158e-20,1.6338898066934327e-20,1.63668037769415e-20,1.6394709486948668e-20,1.6422615196955837e-20,1.6450520906963005e-20,1.6478426616970177e-20,1.650633232697735e-20,1.6534238036984518e-20,1.6562143746991683e-20,1.6590049456998855e-20,1.6617955167006024e-20,1.6645860877013193e-20,1.667376658702036e-20,1.6701672297027527e-20,1.67295780070347e-20,1.6757483717041865e-20,1.678538942704904e-20,1.6813295137056205e-20,1.684120084706337e-20,1.6869106557070543e-20,1.6897012267077708e-20,1.6924917977084877e-20,1.6952823687092043e-20,1.6980729397099215e-20,1.7008635107106383e-20,1.7036540817113555e-20,1.7064446527120724e-20,1.709235223712789e-20,1.7120257947135058e-20,1.714816365714223e-20,1.71760693671494e-20,1.7203975077156568e-20,1.7231880787163734e-20,1.7259786497170905e-20,1.7287692207178068e-20,1.731559791718524e-20,1.734350362719241e-20,1.737140933719958e-20,1.739931504720675e-20,1.742722075721392e-20,1.745512646722109e-20,1.7483032177228258e-20,1.751093788723543e-20,1.75388435972426e-20,1.756674930724977e-20,1.7594655017256933e-20,1.7622560727264102e-20,1.7650466437271277e-20,1.7678372147278446e-20,1.7706277857285617e-20,1.773418356729278e-20,1.7762089277299955e-20,1.7789994987307124e-20,1.7817900697314293e-20,1.7845806407321458e-20,1.7873712117328627e-20,1.79016178273358e-20,1.7929523537342968e-20,1.795742924735014e-20,1.798533495735731e-20,1.8013240667364477e-20,1.8041146377371643e-20,1.8069052087378808e-20,1.809695779738598e-20,1.812486350739315e-20,1.815276921740032e-20,1.8180674927407495e-20,1.8208580637414664e-20,1.8236486347421833e-20,1.8264392057429e-20,1.8292297767436167e-20,1.832020347744334e-20,1.8348109187450502e-20,1.8376014897457674e-20,1.8403920607464842e-20,1.8431826317472014e-20,1.8459732027479186e-20,1.848763773748635e-20,1.8515543447493527e-20,1.854344915750069e-20,1.8571354867507858e-20,1.8599260577515024e-20,1.862716628752219e-20,1.8655071997529355e-20,1.868297770753653e-20,1.87108834175437e-20,1.873878912755087e-20,1.8766694837558036e-20,1.8794600547565205e-20,1.8822506257572377e-20,1.8850411967579543e-20,1.8878317677586717e-20,1.8906223387593883e-20,1.8934129097601052e-20,1.8962034807608224e-20,1.8989940517615392e-20,1.9017846227622564e-20,1.904575193762973e-20,1.9073657647636902e-20,1.910156335764407e-20,1.9129469067651242e-20,1.915737477765841e-20,1.9185280487665583e-20,1.9213186197672755e-20,1.9241091907679923e-20,1.9268997617687092e-20,1.929690332769426e-20,1.932480903770143e-20,1.9352714747708598e-20,1.9380620457715767e-20,1.940852616772294e-20,1.9436431877730105e-20,1.946433758773727e-20,1.9492243297744442e-20,1.9520149007751608e-20,1.9548054717758774e-20,1.9575960427765945e-20,1.9603866137773108e-20,1.9631771847780277e-20,1.965967755778745e-20,1.9687583267794614e-20,1.9715488977801783e-20,1.9743394687808955e-20,1.9771300397816124e-20,1.9799206107823298e-20,1.982711181783046e-20,1.985501752783763e-20,1.9882923237844802e-20,1.9910828947851974e-20,1.9938734657859142e-20,1.9966640367866305e-20,1.999454607787348e-20,2.002245178788065e-20,2.005035749788782e-20,2.007826320789499e-20,2.010616891790216e-20,2.013407462790933e-20,2.0161980337916495e-20,2.018988604792367e-20,2.021779175793084e-20,2.0245697467938008e-20,2.0273603177945176e-20,2.0301508887952342e-20,2.032941459795951e-20,2.0357320307966683e-20,2.0385226017973848e-20,2.041313172798102e-20,2.0441037437988186e-20,2.0468943147995352e-20,2.0496848858002523e-20,2.0524754568009692e-20,2.0552660278016864e-20,2.0580565988024033e-20,2.0608471698031202e-20,2.063637740803837e-20,2.0664283118045533e-20,2.0692188828052705e-20,2.0720094538059874e-20,2.0748000248067042e-20,2.0775905958074214e-20,2.080381166808139e-20,2.0831717378088558e-20,2.085962308809573e-20,2.0887528798102895e-20,2.091543450811006e-20,2.094334021811723e-20,2.0971245928124404e-20,2.0999151638131576e-20,2.1027057348138742e-20,2.1054963058145914e-20,2.1082868768153082e-20,2.111077447816025e-20,2.1138680188167417e-20,2.1166585898174586e-20,2.1194491608181758e-20,2.122239731818893e-20,2.1250303028196098e-20,2.1278208738203267e-20,2.1306114448210436e-20,2.1334020158217604e-20,2.136192586822477e-20,2.138983157823194e-20,2.141773728823911e-20,2.1445642998246282e-20,2.1473548708253454e-20,2.1501454418260623e-20,2.152936012826779e-20,2.155726583827496e-20,2.1585171548282123e-20,2.1613077258289292e-20,2.1640982968296464e-20,2.166888867830363e-20,2.16967943883108e-20,2.1724700098317967e-20,2.175260580832514e-20,2.1780511518332307e-20,2.1808417228339473e-20,2.1836322938346642e-20,2.186422864835381e-20,2.1892134358360976e-20,2.192004006836815e-20,2.1947945778375317e-20,2.197585148838249e-20,2.2003757198389658e-20,2.203166290839683e-20,2.2059568618403998e-20,2.2087474328411164e-20,2.2115380038418336e-20,2.21432857484255e-20,2.217119145843267e-20,2.2199097168439842e-20,2.2227002878447008e-20,2.2254908588454182e-20,2.2282814298461348e-20,2.2310720008468517e-20,2.2338625718475686e-20,2.2366531428482854e-20,2.239443713849002e-20,2.242234284849719e-20,2.245024855850436e-20,2.247815426851153e-20,2.25060599785187e-20,2.2533965688525876e-20,2.2561871398533042e-20,2.2589777108540204e-20,2.261768281854738e-20,2.2645588528554545e-20,2.2673494238561714e-20,2.2701399948568886e-20,2.2729305658576054e-20,2.2757211368583226e-20,2.2785117078590395e-20,2.2813022788597567e-20,2.2840928498604735e-20,2.2868834208611904e-20,2.2896739918619073e-20,2.2924645628626236e-20,2.2952551338633407e-20,2.2980457048640576e-20,2.3008362758647748e-20,2.3036268468654917e-20,2.306417417866208e-20,2.3092079888669245e-20,2.3119985598676414e-20,2.3147891308683583e-20,2.3175797018690745e-20,2.3203702728697917e-20,2.323160843870508e-20,2.325951414871225e-20,2.3287419858719414e-20,2.331532556872659e-20,2.334323127873376e-20,2.337113698874093e-20,2.3399042698748102e-20,2.342694840875527e-20,2.3454854118762442e-20,2.348275982876961e-20,2.351066553877678e-20,2.353857124878395e-20,2.356647695879112e-20,2.3594382668798286e-20,2.3622288378805455e-20,2.3650194088812626e-20,2.3678099798819795e-20,2.3706005508826958e-20,2.3733911218834127e-20,2.3761816928841298e-20,2.3789722638848467e-20,2.3817628348855633e-20,2.3845534058862802e-20,2.3873439768869973e-20,2.3901345478877142e-20,2.392925118888431e-20,2.3957156898891477e-20,2.3985062608898645e-20,2.4012968318905814e-20,2.404087402891298e-20,2.406877973892015e-20,2.4096685448927317e-20,2.412459115893449e-20,2.4152496868941658e-20,2.4180402578948827e-20,2.4208308288956e-20,2.423621399896316e-20,2.4264119708970333e-20,2.4292025418977502e-20,2.431993112898467e-20,2.4347836838991836e-20,2.437574254899901e-20,2.4403648259006174e-20,2.4431553969013352e-20,2.4459459679020514e-20,2.448736538902768e-20,2.4515271099034855e-20,2.4543176809042027e-20,2.457108251904919e-20,2.459898822905636e-20,2.462689393906353e-20,2.46547996490707e-20,2.4682705359077867e-20,2.471061106908503e-20,2.4738516779092196e-20,2.476642248909937e-20,2.4794328199106533e-20,2.48222339091137e-20,2.4850139619120874e-20,2.487804532912804e-20,2.4905951039135214e-20,2.4933856749142386e-20,2.4961762459149558e-20,2.498966816915672e-20,2.5017573879163896e-20,2.504547958917106e-20,2.507338529917823e-20,2.51012910091854e-20,2.5129196719192565e-20,2.515710242919974e-20,2.5185008139206905e-20,2.521291384921408e-20,2.5240819559221246e-20,2.5268725269228414e-20,2.529663097923559e-20,2.5324536689242755e-20,2.5352442399249924e-20,2.5380348109257092e-20,2.5408253819264264e-20,2.5436159529271433e-20,2.54640652392786e-20,2.5491970949285767e-20,2.551987665929294e-20,2.5547782369300108e-20,2.5575688079307277e-20,2.560359378931445e-20,2.5631499499321617e-20,2.565940520932879e-20,2.5687310919335958e-20,2.5715216629343136e-20,2.5743122339350298e-20,2.5771028049357464e-20,2.5798933759364633e-20,2.5826839469371808e-20,2.5854745179378973e-20,2.5882650889386148e-20,2.591055659939331e-20,2.5938462309400483e-20,2.596636801940765e-20,2.5994273729414817e-20,2.6022179439421986e-20,2.6050085149429158e-20,2.6077990859436326e-20,2.6105896569443498e-20,2.6133802279450667e-20,2.616170798945784e-20,2.6189613699465008e-20,2.6217519409472176e-20,2.6245425119479348e-20,2.6273330829486517e-20,2.6301236539493683e-20,2.632914224950085e-20,2.635704795950802e-20,2.638495366951519e-20,2.641285937952236e-20,2.644076508952953e-20,2.6468670799536695e-20,2.6496576509543864e-20,2.6524482219551033e-20,2.6552387929558198e-20,2.6580293639565367e-20,2.6608199349572536e-20,2.6636105059579702e-20,2.666401076958687e-20,2.6691916479594042e-20,2.671982218960121e-20,2.6747727899608383e-20,2.677563360961555e-20,2.680353931962272e-20,2.6831445029629886e-20,2.6859350739637055e-20,2.6887256449644226e-20,2.691516215965139e-20,2.6943067869658552e-20,2.6970973579665727e-20,2.6998879289672896e-20,2.702678499968006e-20,2.705469070968723e-20,2.70825964196944e-20,2.711050212970157e-20,2.7138407839708733e-20,2.71663135497159e-20,2.719421925972307e-20,2.722212496973024e-20,2.725003067973741e-20,2.7277936389744583e-20,2.730584209975175e-20,2.733374780975892e-20,2.7361653519766095e-20,2.7389559229773264e-20,2.741746493978044e-20,2.74453706497876e-20,2.7473276359794776e-20,2.7501182069801945e-20,2.7529087779809114e-20,2.755699348981628e-20,2.758489919982345e-20,2.7612804909830626e-20,2.7640710619837795e-20,2.7668616329844964e-20,2.769652203985213e-20,2.77244277498593e-20,2.775233345986647e-20,2.778023916987364e-20,2.7808144879880814e-20,2.783605058988798e-20,2.786395629989515e-20,1.869115119886627e-13,3.829830949379603e-13,5.819544534743786e-13,7.837133151949809e-13,9.883714710915845e-13,1.1960525795401577e-12,1.4068847156409842e-12,1.6210002754461297e-12,1.83853615605709e-12,2.0596339580344724e-12,2.2844402016490036e-12,2.513106557375285e-12,2.745790091400745e-12,2.982653527003398e-12,3.223865522712636e-12,3.469600968236498e-12,3.720041299231616e-12,3.9753748320515994e-12,4.235797119719814e-12,4.501511330459699e-12,4.772728650230317e-12,5.049668710819636e-12,5.3325600451867585e-12,5.621640571868875e-12,5.917158110422947e-12,6.219370930033583e-12,6.528548333577101e-12,6.844971279657836e-12,7.168933045285473e-12,7.500739932144107e-12,7.840712019590472e-12,8.189183967814479e-12,8.546505874902577e-12,8.913044191791222e-12,9.289182699529497e-12,9.675323553532623e-12,1.0071888400016723e-11,1.047931957018301e-11,1.0898081358215406e-11,1.1328661389672997e-11,1.1771572087464338e-11,1.22273522431292e-11,1.2696568701944204e-11,1.3179818171008638e-11,1.3677729160319026e-11,1.4190964067715253e-11,1.4720221419508086e-11,1.5266238279665757e-11,1.5829792841539426e-11,1.641170721734079e-11,1.7012850441886406e-11,1.7634141708556525e-11,1.8276553857045928e-11,1.8941117133920224e-11,1.962892324904127e-11,2.0341129752603682e-11,2.107896475966244e-11,2.184373205107806e-11,2.263681658204767e-11,2.3459690431710526e-11,2.4313919229584104e-11,2.520116909694923e-11,2.6123214143593443e-11,2.708194456237221e-11,2.807937536586055e-11,2.911765581096779e-11,3.019907955771818e-11,3.132609560864679e-11,3.250132007353211e-11,3.3727548800771426e-11,3.5007770911297536e-11,3.6345183261278736e-11,3.7743205847758836e-11,3.9205498149764506e-11,4.0735976373186556e-11,4.233883152898545e-11,4.401854822466222e-11,4.5779923981698206e-11,4.762808880137606e-11,4.956852458286548e-11,5.1607083839533895e-11,5.375000695361163e-11,5.600393693838564e-11,5.837593032529702e-11,6.087346232965811e-11,6.350442386059341e-11,6.627710715202223e-11,6.920017581112674e-11,7.228261377906955e-11,7.553364606368431e-11,7.896262199789473e-11,8.257884912473267e-11,8.639136247853669e-11,9.040860990657747e-11,9.463802904988234e-11,9.908548563872598e-11,1.0375453589834413e-10,1.0864546846800535e-10,1.1375407397609871e-10,1.190700848111148e-10,1.2457522627996566e-10,1.3024082772083654e-10,1.3602496540569197e-10,1.4186915889466127e-10,1.476947339682951e-10,1.5339911700358312e-10,1.588525566391356e-10,1.6389608792649269e-10,1.6834194067026144e-10,1.719779604302152e-10,1.7457775771249458e-10,1.7591788306792466e-10,1.7580189988918144e-10,1.740885027901024e-10,1.7071717863639512e-10,1.6572212551076586e-10,1.5922654798871172e-10,1.5141897357303837e-10,1.4253346939462722e-10,1.3288934452843883e-10,1.2310420981865697e-10,1.1468934261908967e-10,1.112557682472854e-10,1.2030965293064103e-10,1.5657679804179655e-10,2.502198796710035e-10,4.5436887552496874e-10,8.305669405678615e-10,1.40541861016487e-09,2.1319877402416878e-09,2.8994333682621528e-09,3.577377148741218e-09,4.052879927720808e-09,4.260688031684145e-09,4.2026129064857655e-09,3.936116055203831e-09,3.541400159567711e-09,3.0922397049637044e-09,2.6422222875974345e-09,2.2235738366621986e-09,1.851825626808631e-09,1.531543923322244e-09,1.2610229969089489e-09,1.0354901661584657e-09,8.490516065858237e-10,6.957608546761154e-10,5.701402104538479e-10,4.673873282535452e-10,3.8341368460628865e-10,3.148012120840245e-10,2.5872505536306884e-10,2.1286762176972152e-10,1.7533618222885965e-10,1.4458925353037602e-10,1.1937334109203432e-10,9.866983684743197e-11,8.165108624142179e-11,6.764437704278094e-11,5.6102596826009265e-11,4.6580414083609176e-11,3.871498771523363e-11,3.221036406337073e-11,2.6824863986061368e-11,2.2360887634668842e-11,1.865667109846136e-11,1.5579617413999707e-11,1.3020897038580106e-11,1.0891072131352859e-11,9.116546720038436e-12,7.636683638113328e-12,6.401460136733262e-12,5.369559127683461e-12,4.506813089170194e-12,3.784933796498214e-12,3.1804739886702703e-12,2.6739774798026046e-12,2.2492825781919532e-12,1.8929503947781883e-12,1.5937950285521113e-12,1.3424969676508947e-12,1.131284558153002e-12,9.536712261695031e-13,8.042384256149951e-13,6.784561415990623e-13,5.725342770655621e-13,4.832994700632933e-13,4.0809287792126616e-13,3.446852698732915e-13,2.9120642516879224e-13,2.46086368740561e-13,2.0800641336868387e-13,1.7585833496406174e-13,1.4871030013092847e-13,1.2577840561015962e-13,1.0640288628202108e-13,9.002821083175324e-14,7.618641770560148e-14,6.448315418805473e-14,5.4585972379629955e-14,4.621451105756296e-14,3.9132254627127006e-14,3.31396118397798e-14,2.806809983880573e-14,2.3775454415076393e-14,2.0141517023368346e-14,1.7064773518361814e-14,1.4459440053419167e-14,1.2253008636530769e-14,1.0384178990750627e-14,8.801115285131527e-15,7.45997613938651e-15,6.3236746812033564e-15,5.360832288345042e-15,4.54489549992202e-15,3.8533904299792774e-15,3.267293096137626e-15,2.770497512094938e-15,2.3493662400315872e-15,2.145518488679451e-15,1.819567781378154e-15,1.5431841861045417e-15,1.3088338832322188e-15,1.1101177177472684e-15,9.416095342749414e-16,7.987103379121433e-16,6.775225104780164e-16,5.74742731852716e-16,4.875711807154991e-16,4.136346166093037e-16,3.5092124299239605e-16,2.977255406272432e-16,2.5260154602762516e-16,2.1432327463723847e-16,1.8185119404192985e-16,1.5430381887566886e-16,1.3093364292504972e-16,1.1110674417541867e-16,9.428550067321794e-17,8.001394153597502e-17,6.790533038530897e-17,5.763164013116186e-17,4.891463038222722e-17,4.151828305878941e-17,3.524238879541575e-17,2.991710901633095e-17,2.539836480240554e-17,2.1563926715965658e-17,1.8310098804447173e-17,1.5548906430782432e-17,1.3205711179050907e-17,1.1217187962909699e-17,9.529609240514149e-18,8.097389658062443e-18,6.881851527660169e-18,5.8501776280392694e-18,4.974522863545913e-18,4.23126064673125e-18,3.600343582954811e-18,3.06476108362803e-18,2.610079217464682e-18,2.2240503017421467e-18,1.8962816851920623e-18,1.617954718186512e-18,1.3815863140274911e-18,1.1808266408829507e-18,1.0102874658336265e-18,8.653965066254214e-19,7.422738472743125e-19,6.376270753720101e-19,5.486623041213048e-19,4.7300867201214e-19,4.0865427804684827e-19,3.5389181900430073e-19,3.072724617120859e-19,2.675667008042844e-19,2.3373114414386197e-19,2.0488032899288384e-19,1.802628058913997e-19,1.592408447402585e-19,1.4127321418942996e-19,1.2590056856734262e-19,1.127330486064546e-19,1.0143975891435128e-19,9.17398395856821e-20,8.339488992879336e-20,7.620253949968287e-20,6.999099273104545e-20,6.461439976940694e-20,5.99489284456922e-20,5.58894311178165e-20,5.2346616303347133e-20,4.924464871640047e-20,4.6519112768525874e-20,4.4115284509474133e-20,4.198666525967326e-20,4.009373749656717e-20,3.840290884922985e-20,3.688561628560937e-20,3.5517565950211004e-20,3.427808797620897e-20,3.314958914303181e-20,3.2117088363693823e-20,3.116782252912026e-20,3.029091192321886e-20,2.947707646185121e-20,2.871839478684574e-20,2.800809982692573e-20,2.734040530436201e-20,2.6710358499800835e-20,2.6113715274459908e-20,2.554683398390494e-20,2.5006585485620406e-20,2.449027663978399e-20,2.399558545326086e-20,2.3520506026090335e-20,2.306330167057611e-20,2.2622465296865223e-20,2.219668561362833e-20,2.178481847640506e-20,2.1385862549376497e-20,2.0998938582293163e-20,2.062327187599935e-20,2.025817728190708e-20,1.9903046511304405e-20,1.9557337313154563e-20,1.922056426624654e-20,1.889229095411876e-20,1.8572123259511068e-20,1.8259703710282696e-20,1.7954706609726677e-20,1.7656833908959324e-20,1.7365811654211585e-20,1.7081386985453655e-20,1.6803325532150318e-20,1.653140921785082e-20,1.6265434352188376e-20,1.6005210005537848e-20,1.575055660649474e-20,1.5501304738977782e-20,1.525729410297651e-20,1.5018372582185762e-20,1.4784395528659107e-20,1.4555225037533677e-20,1.4330729375955916e-20,1.4110782462851736e-20,1.3895263425887728e-20,1.368405618434102e-20,1.3477049143576453e-20,1.3274134851589627e-20,1.3075209743322621e-20,1.2880173885628392e-20,1.2688930772149824e-20,1.25013871212446e-20,1.2317452702340835e-20,1.2137040176328393e-20,1.1960064951142565e-20,1.1786445050587855e-20,1.1616100993058313e-20,1.1448955680184409e-20,1.1284934296072121e-20,1.1123964208468485e-20,1.0965974883315961e-20,1.0810897802044847e-20,1.0658666384949442e-20,1.0509215916320673e-20,1.0362483477881128e-20,1.0218407886476652e-20,1.0076929628583251e-20,9.937990811000672e-21,9.80153509484161e-21,9.667507651302738e-21,9.53585510857167e-21,9.406525507537959e-21,9.279468254458115e-21,9.154634076346892e-21,9.031974979793225e-21,8.911444216983378e-21,8.792996237830412e-21,8.67658666023862e-21,8.562172231008402e-21,8.449710794109563e-21,8.339161257155895e-21,8.230483549724805e-21,8.123638628570816e-21,8.018588397609091e-21,7.915295713095136e-21,7.813724347611069e-21,7.713838962822157e-21,7.615605084614468e-21,7.51898907987595e-21,7.423958130064171e-21,7.330480208502804e-21,7.23852406235205e-21,7.148059182758682e-21,7.05905579237654e-21,6.97148482129444e-21,6.885317889773386e-21,6.800527275588184e-21,6.717085924327419e-21,6.6349674054133375e-21,6.554145903594282e-21,6.474596205070701e-21,6.3962936797156695e-21,6.319214263111378e-21,6.243334448247154e-21,6.1686312588917505e-21,6.0950822447698765e-21,6.0226654648790445e-21,5.951359474481192e-21,5.881143312078966e-21,5.811996486350181e-21,5.743898963272267e-21,5.676831159483723e-21,5.610773917777622e-21,5.545708511579625e-21,5.481616627391005e-21,5.4184803475258e-21,5.356282151579113e-21,5.295004900102402e-21,5.2346318254727395e-21,5.1751465228865815e-21,5.1165329415727165e-21,5.058775375621515e-21,5.001858457876632e-21,4.94576714077757e-21,4.8904867075800705e-21,4.8360027475980896e-21,4.782301155408736e-21,4.7293681226227536e-21,4.677190130491671e-21,4.62575394289589e-21,4.575046599055166e-21,4.525055407846498e-21,4.475767940175858e-21,4.427172023192297e-21,4.379255737589675e-21,4.332007402889876e-21,4.2854155802631995e-21,4.239469063434211e-21,4.194156871948595e-21,4.149468248948717e-21,4.105392654825372e-21,4.0619197571941424e-21,4.019039435496245e-21,3.976741768566149e-21,3.935017033565428e-21,3.893855698635646e-21,3.853248426418911e-21,3.8131860538250955e-21,3.773659606236901e-21,3.7346602795700514e-21,3.696179443301132e-21,3.658208633746171e-21,3.6207395521714114e-21,3.583764059942961e-21,3.5472741752225375e-21,3.511262069977742e-21,3.475720065384307e-21,3.440640629217803e-21,3.406016372674988e-21,3.37184004710065e-21,3.338104540904168e-21,3.304802876551176e-21,3.271928207523342e-21,3.239473815955096e-21,3.2074331088284834e-21,3.175799616995425e-21,3.144566990015988e-21,3.1137289950869085e-21,3.08327951694617e-21,3.053212549644695e-21,3.0235221991089444e-21,2.9942026788077976e-21,2.965248307098248e-21,2.936653507042767e-21,2.9084128015602813e-21,2.8805208127302288e-21,2.8529722604488076e-21,2.8257619592272085e-21,2.7988848154225306e-21,2.772335827324876e-21,2.7461100819048203e-21,2.7202027531766382e-21,2.6946091017228237e-21,2.669324471722616e-21,2.644344289392432e-21,2.6196640606611713e-21,2.5952793698835545e-21,2.571185877502675e-21,2.5473793223949602e-21,2.523855517052768e-21,2.500610344800207e-21,2.477639760905847e-21,2.454939789291258e-21,2.4325065235446493e-21,2.4103361236491746e-21,2.3884248151733442e-21,2.3667688878989575e-21,2.3453646944080323e-21,2.3242086501552928e-21,2.3032972301934688e-21,2.2826269687038805e-21,2.2621944587334404e-21,2.2419963502223322e-21,2.2220293490968142e-21,2.2022902161861e-21,2.1827757661626128e-21,2.1634828665058066e-21,2.144408436049091e-21,2.125549445231575e-21,2.106902913711436e-21,2.0884659119185215e-21,2.070235554744015e-21,2.0522090059768404e-21,2.034383476354662e-21,2.0167562213000536e-21,1.999324539152027e-21,1.982085774841918e-21,1.9650373134948452e-21,1.9481765839997993e-21,1.931501054542749e-21,1.9150082348549615e-21,1.898695674489087e-21,1.882560962753378e-21,1.8666017255875416e-21,1.850815627216845e-21,1.8352003689772014e-21,1.8197536873093844e-21,1.8044733554143717e-21,1.7893571807496656e-21,1.7744030053112174e-21,1.7596087045756674e-21,1.7449721872883415e-21,1.730491394130543e-21,1.716164297636466e-21,1.7019889022017505e-21,1.6879632424988556e-21,1.6740853835574264e-21,1.6603534198502013e-21,1.6467654749098424e-21,1.6333197016278102e-21,1.6200142795333255e-21,1.6068474175562368e-21,1.5938173503644638e-21,1.5809223396461423e-21,1.568160673450263e-21,1.5555306652366002e-21,1.543030653679997e-21,1.5306590026900866e-21,1.5184141003855677e-21,1.5062943587846197e-21,1.4942982136345581e-21,1.4824241237863865e-21,1.4706705708186823e-21,1.4590360586391868e-21,1.4475191135127065e-21,1.4361182824327233e-21,1.4248321346561034e-21,1.4136592597663888e-21,1.4025982680924092e-21,1.3916477900766234e-21,1.3808064760760892e-21,1.3700729959150414e-21,1.3594460386078185e-21,1.3489243127760128e-21,1.3385065434249496e-21,1.328191476078923e-21,1.3179778735294256e-21,1.307864515997568e-21,1.2978502011790291e-21,1.2879337438999213e-21,1.278113975584064e-21,1.2683897444494182e-21,1.2587599147893352e-21,1.2492233669239715e-21,1.2397789969015455e-21,1.2304257161801769e-21,1.2211624515874842e-21,1.2119881447978278e-21,1.2029017519537375e-21,1.1939022446104419e-21,1.1849886075674758e-21,1.176159839990951e-21,1.1674149548872428e-21,1.1587529792094718e-21,1.1501729527521067e-21,1.1416739286928209e-21,1.1332549729065285e-21,1.1249151645081836e-21,1.1166535947500181e-21,1.108469367523245e-21,1.100361598576297e-21,1.0923294157217606e-21,1.0843719586862245e-21,1.076488378602021e-21,1.0686778382304473e-21,1.0609395111243269e-21,1.0532725824506927e-21,1.0456762480044792e-21,1.0381497142174865e-21,1.0306921982739557e-21,1.0233029275020064e-21,1.0159811396605765e-21,1.0087260826553267e-21,1.0015370139991888e-21,9.944132012803776e-22,9.873539215465513e-22,9.8035846173303e-22,9.73426117059877e-22,9.665561929411556e-22,9.59748003509596e-22,9.530008717889204e-22,9.463141295891207e-22,9.396871175739087e-22,9.331191846896367e-22,9.266096881786769e-22,9.201579941923454e-22,9.137634758921039e-22,9.074255151287688e-22,9.011435022506691e-22,8.949168345071248e-22,8.887449172611757e-22,8.826271631494055e-22,8.765629918491339e-22,8.705518318266134e-22,8.645931176831696e-22,8.58686291154114e-22,8.52830800865655e-22,8.470261030215015e-22,8.412716602936416e-22,8.355669421475708e-22,8.299114244953481e-22,8.243045899205211e-22,8.187459275551966e-22,8.132349325696204e-22,8.077711064621194e-22,8.023539574249013e-22,7.969829990872862e-22,7.9165775121456375e-22,7.8637773957518e-22,7.8114249566794435e-22,7.759515566482652e-22,7.708044656602934e-22,7.657007711711506e-22,7.606400271678031e-22,7.556217930617128e-22,7.506456334858535e-22,7.457111187215518e-22,7.408178238665445e-22,7.359653293654763e-22,7.311532202818419e-22,7.263810874448651e-22,7.216485261834951e-22,7.169551361283054e-22,7.12300522473896e-22,7.0768429483509655e-22,7.03106067480635e-22,6.985654590307687e-22,6.940620930866354e-22,6.895955974725137e-22,6.85165604409892e-22,6.807717504575362e-22,6.764136764464338e-22,6.720910274288693e-22,6.678034526239164e-22,6.635506053440906e-22,6.593321429636751e-22,6.551477270999979e-22,6.509970228007773e-22,6.468796992615381e-22,6.427954295074451e-22,6.387438903559931e-22,6.347247623559515e-22,6.3073772973981145e-22,6.267824798776204e-22,6.228587052129125e-22,6.189661002953477e-22,6.151043635110948e-22,6.112731968365551e-22,6.074723053628513e-22,6.0370139818642395e-22,5.999601872244455e-22,5.962483876648166e-22,5.925657179961352e-22,5.889118999146543e-22,5.852866582189737e-22,5.816897208234974e-22,5.781208186844641e-22,5.7457968587522435e-22,5.7106605922432785e-22,5.675796788510645e-22,5.641202875129811e-22,5.606876308760794e-22,5.57281457475664e-22,5.539015186350593e-22,5.505475684313906e-22,5.472193637109696e-22,5.439166638372856e-22,5.406392308799056e-22,5.373868299329507e-22,5.341592281653542e-22,5.3095619542623305e-22,5.277775041904664e-22,5.246229294219682e-22,5.214922484438215e-22,5.183852408914626e-22,5.153016892529959e-22,5.122413779588573e-22,5.092040939098976e-22,5.061896263270353e-22,5.031977668037163e-22,5.002283088063305e-22,4.972810484095592e-22,4.943557837987044e-22,4.914523152173369e-22,4.885704452284734e-22,4.857099779493952e-22,4.828707208724396e-22,4.80052482253828e-22,4.7725507283342975e-22,4.744783054914787e-22,4.717219949403904e-22,4.68985957888402e-22,4.662700129929614e-22,4.6357398076696865e-22,4.608976837516843e-22,4.5824094622265425e-22,4.556035944293092e-22,4.529854562967179e-22,4.503863616760205e-22,4.478061421459714e-22,4.452446310631088e-22,4.427016635749002e-22,4.40177076307515e-22,4.376707079101133e-22,4.351823985326832e-22,4.327119898940227e-22,4.302593254700383e-22,4.278242503450162e-22,4.254066111861085e-22,4.2300625623685705e-22,4.206230353007661e-22,4.1825679972068324e-22,4.15907402343252e-22,4.135746975569662e-22,4.1125854122193976e-22,4.0895879067088685e-22,4.066753046649017e-22,4.044079434148824e-22,4.0215656852984445e-22,3.999210430910647e-22,3.977012314486098e-22,3.9549699942031597e-22,3.9330821407939883e-22,3.9113474401109044e-22,3.889764589578566e-22,3.8683323000860526e-22,3.847049295634985e-22,3.8259143129030296e-22,3.8049261011716085e-22,3.7840834223625085e-22,3.7633850503328136e-22,3.742829772049776e-22,3.722416384348428e-22,3.7021436987024355e-22,3.6820105360684664e-22,3.66201572891162e-22,3.6421581252856896e-22,3.6224365829488056e-22,3.602849964816102e-22,3.583397151579856e-22,3.564077034395393e-22,3.5448885126943606e-22,3.5258304980329915e-22,3.506901912719804e-22,3.488101689234897e-22,3.469428770480485e-22,3.450882109711903e-22,3.432460670289208e-22,3.4141634255980886e-22,3.39598935896764e-22,3.377937463538888e-22,3.3600067421407853e-22,3.342196207217344e-22,3.324504880522265e-22,3.306931793733607e-22,3.2894759872687745e-22,3.272136510910616e-22,3.2549124235158836e-22,3.237802792928476e-22,3.2208066958491037e-22,3.203923217783824e-22,3.1871514525600317e-22,3.17049050232061e-22,3.153939482809829e-22,3.1374975065131234e-22,3.1211637051645514e-22,3.10493721641762e-22,3.08881718315957e-22,3.0728027577393967e-22,3.056893100500524e-22,3.0410873796751684e-22,3.025384771185217e-22,3.009784458803484e-22,2.9942856338191004e-22,2.9788874951131476e-22,2.963589248943729e-22,2.9483901090183314e-22,2.933289296316576e-22,2.918286039036368e-22,2.9033795725228876e-22,2.8885691391684826e-22,2.8738539883808944e-22,2.859233376462398e-22,2.84470656656371e-22,2.830272828605384e-22,2.815931439179067e-22,2.8016816815532077e-22,2.787522845548332e-22,2.7734542274074278e-22,2.759475129890924e-22,2.7455848620210415e-22,2.73178273915158e-22,2.718068082845808e-22,2.7044402206383385e-22,2.6908984866886887e-22,2.6774422207101085e-22,2.6640707683972773e-22,2.65078348150518e-22,2.6375797175614763e-22,2.6244588398814964e-22,2.611420217499381e-22,2.5984632251092193e-22,2.585587243006495e-22,2.572791657029819e-22,2.5600758584967995e-22,2.547439244167867e-22,2.534881216174003e-22,2.5224011819611986e-22,2.5099985542102503e-22,2.4976727506478696e-22,2.4854231945498235e-22,2.4732493140677217e-22,2.461150542793863e-22,2.449126318642137e-22,2.437176086231949e-22,2.425299291038003e-22,2.413495387054475e-22,2.4017638320927493e-22,2.3901040885330375e-22,2.378515624087957e-22,2.3669979102633053e-22,2.355550423519803e-22,2.3441726447708937e-22,2.332864059744283e-22,2.321624158380359e-22,2.3104524349935354e-22,2.2993483885525823e-22,2.288311523518952e-22,2.277341345108322e-22,2.2664373661233187e-22,2.2555991017887864e-22,2.244826072720745e-22,2.234117803385359e-22,2.223473821077754e-22,2.2128936599554237e-22,2.2023768549996083e-22,2.1919229468926237e-22,2.181531479881784e-22,2.171202002125295e-22,2.1609340662515282e-22,2.150727226781312e-22,2.1405810440853595e-22,2.1304950807023807e-22,2.1204689047673366e-22,2.110502085955259e-22,2.1005941997056687e-22,2.0907448233603483e-22,2.0809535383616786e-22,2.07121992972738e-22,2.0615435859478671e-22,2.0519240989414374e-22,2.0423610641403438e-22,2.032854080280467e-22,2.023402749428754e-22,2.0140066770952513e-22,2.004665472743797e-22,1.9953787465094633e-22,1.9861461153336644e-22,1.9769671970612975e-22,1.9678416130501754e-22,1.9587689880721078e-22,1.9497489502968384e-22,1.9407811304624196e-22,1.9318651629628155e-22,1.923000684080236e-22,1.9141873341774833e-22,1.9054247561488767e-22,1.8967125957972017e-22,1.8880505020576853e-22,1.8794381265877424e-22,1.8708751238104992e-22,1.862361151122619e-22,1.853895868670716e-22,1.8454789393744938e-22,1.8371100289002173e-22,1.8287888056342588e-22,1.820514940659396e-22,1.8122881077592628e-22,1.8041079830525214e-22,1.7959742460773281e-22,1.7878865781915058e-22,1.7798446635704844e-22,1.7718481892118365e-22,1.7638968441082699e-22,1.7559903196896916e-22,1.7481283104960345e-22,1.7403105133378627e-22,1.73253662773008e-22,1.7248063540713398e-22,1.7171193969911e-22,1.7094754625307914e-22,1.7018742596969416e-22,1.6943154992383976e-22,1.686798894549876e-22,1.679324160805736e-22,1.6718910160194355e-22,1.664499180283551e-22,1.6571483757964744e-22,1.6498383269545975e-22,1.6425687604305026e-22,1.635339405167824e-22,1.628149991897484e-22,1.6210002536496398e-22,1.613889925560228e-22,1.6068187447154962e-22,1.5997864509967981e-22,1.5927927845009366e-22,1.5858374892772645e-22,1.5789203109020631e-22,1.5720409965026399e-22,1.5651992953765248e-22,1.5583949587881177e-22,1.5516277400445241e-22,1.5448973940505342e-22,1.5382036779359792e-22,1.5315463506246428e-22,1.524925172850356e-22,1.5183399072093485e-22,1.5117903181630025e-22,1.5052761719753605e-22,1.4987972367173696e-22,1.492353282239753e-22,1.4859440801515734e-22,1.4795694038283228e-22,1.4732290283742936e-22,1.4669227306501771e-22,1.460650289186151e-22,1.4544114842166963e-22,1.4482060976578234e-22,1.442033913082816e-22,1.4358947157154473e-22,1.4297882922740137e-22,1.4237144313856545e-22,1.417672923112915e-22,1.4116635591452038e-22,1.4056861327084516e-22,1.3997404386527309e-22,1.3938262734860782e-22,1.3879434349580987e-22,1.3820917224719307e-22,1.3762709369898907e-22,1.370480881038857e-22,1.3647213580857124e-22,1.3589921740951024e-22,1.3532931357766412e-22,1.3476240513225611e-22,1.3419847304223568e-22,1.336374984267038e-22,1.3307946253696335e-22,1.3252434679347955e-22,1.3197213271475907e-22,1.31422802013341e-22,1.3087633638899554e-22,1.3033271780066594e-22,1.297919284107316e-22,1.2925395039276388e-22,1.287187660936409e-22,1.2818635794878663e-22,1.2765670856531297e-22,1.2712980070564587e-22,1.266056171891584e-22,1.2608414105001793e-22,1.2556535532626316e-22,1.2504924328013642e-22,1.245357882722678e-22,1.2402497375956649e-22,1.2351678334643136e-22,1.230112007458394e-22,1.22508209795168e-22,1.77359265051783e-22,2.0318740136500667e-22,2.2377151751625146e-22,2.4298246524336633e-22,2.614337780936905e-22,2.7921040913442454e-22,2.963152434577876e-22,3.127419238088684e-22,3.2848648064680323e-22,3.43548921199665e-22,3.579331569046942e-22,3.716466483158887e-22,3.8470000143752416e-22,3.9710656059972414e-22,4.0888201104715393e-22,4.200439981151366e-22,4.306117677170932e-22,4.406058312662049e-22,4.500476578788412e-22,4.589593939263793e-22,4.673636118474643e-22,4.752830866605439e-22,4.827406001439602e-22,4.897587713077003e-22,4.963599113261596e-22,5.0256590168704555e-22,5.083980933291771e-22,5.138772249414958e-22,5.190233586349887e-22,5.238558309035583e-22,5.283932171742021e-22,5.326533082404038e-22,5.366530969390908e-22,5.404087736345076e-22,5.439357291209712e-22,5.472485638165167e-22,5.503611019659468e-22,5.532864101415401e-22,5.560368189833664e-22,5.586239475382301e-22,5.610587294386873e-22,5.633514405008222e-22,5.65511727174886e-22,5.67548635441835e-22,5.694706398581071e-22,5.712856724149476e-22,5.730011510230351e-22,5.746240074376342e-22,5.761607144355072e-22,5.776173121371483e-22,5.789994334315001e-22,5.8031232838372285e-22,5.815608876759343e-22,5.827496648508565e-22,5.838828976532039e-22,5.849645282099298e-22,5.859982221509171e-22,5.869873867677553e-22,5.879351880604327e-22,5.88844566898158e-22,5.897182542107587e-22,5.905587852159552e-22,5.913685128509441e-22,5.92149620324893e-22,5.929041328978913e-22,5.936339289001136e-22,5.943407500381652e-22,5.950262110305465e-22,5.956918086010602e-22,5.963389298740121e-22,5.969688602016485e-22,5.975827904607696e-22,5.981818238507649e-22,5.987669822208572e-22,5.993392119562973e-22,5.998993894791282e-22,6.004483263093683e-22,6.009867738254968e-22,6.015154276590834e-22,6.02034931782556e-22,6.025458823062014e-22,6.030488310192592e-22,6.035442885998133e-22,6.040327277418056e-22,6.045145858769762e-22,6.049902679127355e-22,6.054601485099972e-22,6.059245743946459e-22,6.063838664608548e-22,6.068383216680276e-22,6.072882148346499e-22,6.077338002987602e-22,6.081753134495193e-22,6.086129721286052e-22,6.090469779901275e-22,6.094775176696346e-22,6.09904763953032e-22,6.1032887678171855e-22,6.107500042508559e-22,6.111682834897025e-22,6.115838414887334e-22,6.119967958631394e-22,6.1240725556912225e-22,6.128153215505852e-22,6.132210873527181e-22,6.136246396806274e-22,6.14026058907853e-22,6.1442541957168895e-22,6.148227908174252e-22,6.152182367752437e-22,6.156118169876429e-22,6.160035867279788e-22,6.163935973345429e-22,6.167818965009286e-22,6.171685285816034e-22,6.175535348036027e-22,6.179369535353082e-22,6.183188204976941e-22,6.186991689493745e-22,6.190780299012241e-22,6.194554322710173e-22,6.198314030329252e-22,6.202059674359567e-22,6.205791490026097e-22,6.209509697729815e-22,6.213214503888249e-22,6.216906101724667e-22,6.220584672649789e-22,6.224250386870542e-22,6.227903404281995e-22,6.231543875735919e-22,6.235171942791324e-22,6.238787738955296e-22,6.242391390764318e-22,6.245983017431185e-22,6.249562731903887e-22,6.253130641249254e-22,6.256686846864581e-22,6.260231445446884e-22,6.263764529235967e-22,6.267286185545017e-22,6.270796497946912e-22,6.274295546221957e-22,6.277783407074254e-22,6.281260153693499e-22,6.284725856469003e-22,6.28818058302143e-22,6.291624398555763e-22,6.295057365876592e-22,6.298479545643542e-22,6.30189099651247e-22,6.305291775279861e-22,6.308681937016031e-22,6.312061535211104e-22,6.315430621822866e-22,6.318789247444683e-22,6.322137461383286e-22,6.325475311745432e-22,6.328802845503844e-22,6.332120108626358e-22,6.335427146103444e-22,6.338724001991763e-22,6.342010719530529e-22,6.345287341158165e-22,6.348553908573821e-22,6.351810462783628e-22,6.355057044145188e-22,6.358293692360741e-22,6.36152044664793e-22,6.3647373456422e-22,6.367944427471407e-22,6.371141729827823e-22,6.374329289867085e-22,6.377507144360638e-22,6.3806753296767895e-22,6.383833881523048e-22,6.3869828358192e-22,6.390122228334585e-22,6.393252093242628e-22,6.39637246547464e-22,6.3994833793023795e-22,6.402584868801689e-22,6.405676967793069e-22,6.408759709690002e-22,6.411833127878957e-22,6.414897255367814e-22,6.417952124869146e-22,6.420997769061948e-22,6.424034220229479e-22,6.427061510549298e-22,6.430079671924314e-22,6.433088736087598e-22,6.436088734602074e-22,6.43907969888201e-22,6.442061659906792e-22,6.445034649038797e-22,6.447998696961396e-22,6.450953834316295e-22,6.45390009164021e-22,6.456837499180124e-22,6.459766087574581e-22,6.462685886253622e-22,6.465596925419542e-22,6.4684992347088345e-22,6.471392843614857e-22,6.474277781903672e-22,6.477154078722576e-22,6.480021763237471e-22,6.4828808646203375e-22,6.485731411539745e-22,6.488573432859143e-22,6.491406957277601e-22,6.494232013245246e-22,6.497048629172513e-22,6.499856833334715e-22,6.502656653841326e-22,6.505448118695741e-22,6.508231255844028e-22,6.51100609293004e-22,6.5137726576426945e-22,6.516530977492448e-22,6.51928108001455e-22,6.522022992376861e-22,6.524756741891072e-22,6.5274823553469945e-22,6.530199859828972e-22,6.532909282133318e-22,6.535610649023912e-22,6.53830398733001e-22,6.5409893231615045e-22,6.54366668305579e-22,6.546336093246265e-22,6.548997580100031e-22,6.5516511695299355e-22,6.554296887469207e-22,6.556934759669045e-22,6.55956481213432e-22,6.562187070392503e-22,6.564801559961493e-22,6.567408305996161e-22,6.570007334038923e-22,6.572598669765748e-22,6.575182337935181e-22,6.577758363399277e-22,6.580326771236753e-22,6.582887586265079e-22,6.585440833455676e-22,6.587986537329552e-22,6.590524722195362e-22,6.59305541261079e-22,6.595578632950315e-22,6.598094407376466e-22,6.6006027600964185e-22,6.603103715106783e-22,6.605597296382488e-22,6.608083527718861e-22,6.610562433035884e-22,6.613034035887319e-22,6.615498360118899e-22,6.617955428908629e-22,6.620405265578598e-22,6.62284789360816e-22,6.625283336178164e-22,6.627711616441138e-22,6.630132757431611e-22,6.632546782029446e-22,6.634953713152988e-22,6.637353573628167e-22,6.639746386035429e-22,6.642132173018789e-22,6.644510957062165e-22,6.646882760586511e-22,6.649247606001019e-22,6.65160551541031e-22,6.653956511065547e-22,6.656300615144897e-22,6.6586378495364405e-22,6.66096823614504e-22,6.663291796728081e-22,6.665608552881809e-22,6.6679185266884105e-22,6.670221739520622e-22,6.672518213101602e-22,6.674807968438554e-22,6.677091027052432e-22,6.679367410105174e-22,6.6816371389417985e-22,6.6839002346e-22,6.686156718047821e-22,6.688406610239557e-22,6.690649932035759e-22,6.69288670422448e-22,6.695116947294652e-22,6.697340682275417e-22,6.699557929511017e-22,6.701768709511615e-22,6.703973042546008e-22,6.706170949064971e-22,6.708362449250631e-22,6.710547563292513e-22,6.712726311264748e-22,6.71489871319239e-22,6.717064789121433e-22,6.719224558712965e-22,6.721378041865343e-22,6.7235252582932825e-22,6.725666227652413e-22,6.727800969494164e-22,6.729929503389018e-22,6.732051848763475e-22,6.734168024860113e-22,6.736278051152613e-22,6.738381946817424e-22,6.740479730906527e-22,6.742571422533705e-22,6.74465704071507e-22,6.746736604418973e-22,6.748810132493396e-22,6.750877643694816e-22,6.752939156806022e-22,6.754994690493296e-22,6.757044263249426e-22,6.759087893790188e-22,6.76112560049932e-22,6.763157401824519e-22,6.765183316052095e-22,6.767203361394276e-22,6.769217555911745e-22,6.771225918217617e-22,6.773228465954891e-22,6.7752252173805495e-22,6.777216190177327e-22,6.77920140234643e-22,6.781180871696858e-22,6.783154615972965e-22,6.785122652855026e-22,6.787084999892593e-22,6.789041674785165e-22,6.790992694918074e-22,6.792938077797836e-22,6.794877840723097e-22,6.79681200103601e-22,6.798740575980719e-22,6.8006635827384545e-22,6.802581038429045e-22,6.804492960314554e-22,6.80639936473713e-22,6.808300269383946e-22,6.810195690797268e-22,6.81208564600568e-22,6.8139701515791675e-22,6.815849224118081e-22,6.817722880431681e-22,6.819591137101788e-22,6.821454010492373e-22,6.823311517356219e-22,6.825163673934927e-22,6.827010496626592e-22,6.828852001787997e-22,6.830688205600205e-22,6.832519124236723e-22,6.834344773708994e-22,6.836165170180277e-22,6.8379803296416735e-22,6.839790268106109e-22,6.841595001459902e-22,6.84339454552985e-22,6.84518891611973e-22,6.846978128965852e-22,6.84876219975035e-22,6.850541144101216e-22,6.852314977591767e-22,6.854083715741634e-22,6.8558473740077885e-22,6.857605967948464e-22,6.859359512666761e-22,6.861108023716155e-22,6.862851516112183e-22,6.864590005134037e-22,6.866323505961782e-22,6.868052033690618e-22,6.869775603366112e-22,6.871494229981267e-22,6.87320792843682e-22,6.874916713664687e-22,6.876620600504576e-22,6.87831960378821e-22,6.880013738208057e-22,6.881703018451369e-22,6.883387459148292e-22,6.885067074893366e-22,6.886741880224179e-22,6.888411889587392e-22,6.89007711746421e-22,6.891737578244249e-22,6.893393286267905e-22,6.895044255827429e-22,6.896690501165742e-22,6.898332036475071e-22,6.899968875905923e-22,6.901601033557878e-22,6.903228523481899e-22,6.904851359722508e-22,6.906469556193901e-22,6.908083126805463e-22,6.909692085420037e-22,6.9112964458533955e-22,6.912896221874722e-22,6.914491427203951e-22,6.9160820755213075e-22,6.917668180458396e-22,6.919249755575103e-22,6.920826814454437e-22,6.92239937057638e-22,6.923967437373887e-22,6.925531028272785e-22,6.927090156620977e-22,6.928644835732556e-22,6.93019507887833e-22,6.931740899283017e-22,6.93328231012822e-22,6.934819324551171e-22,6.936351955645952e-22,6.937880216462617e-22,6.93940412000757e-22,6.9409236792356595e-22,6.942438907090065e-22,6.943949816446669e-22,6.945456420156483e-22,6.946958730922923e-22,6.948456761460793e-22,6.949950524803736e-22,6.951440033252834e-22,6.952925299660657e-22,6.954406336376952e-22,6.955883156151007e-22,6.95735577137778e-22,6.958824194504914e-22,6.960288438043072e-22,6.961748514316717e-22,6.963204435656146e-22,6.964656214361028e-22,6.966103862705763e-22,6.967547393072624e-22,6.968986817542547e-22,6.970422147764639e-22,6.971853396242567e-22,6.973280575218785e-22,6.9747036963538895e-22,6.9761227719278855e-22,6.977537813568897e-22,6.97894883331876e-22,6.980355843041434e-22,6.981758854679477e-22,6.983157879522105e-22,6.984552930057036e-22,6.985944017570256e-22,6.987331153511781e-22,6.9887143499078705e-22,6.990093618042808e-22,6.991468969852994e-22,6.992840416640457e-22,6.994207969669803e-22,6.995571640814299e-22,6.996931441269326e-22,6.99828738236944e-22,6.999639475480114e-22,7.000987731905114e-22,7.002332162886049e-22,7.003672779609458e-22,7.005009593504274e-22,7.00634261530396e-22,7.007671856307308e-22,7.00899732750328e-22,7.010319040023872e-22,7.011637004994739e-22,7.012951233605407e-22,7.014261736088194e-22,7.015568523747744e-22,7.016871607534732e-22,7.018170998381666e-22,7.019466706528283e-22,7.020758743095027e-22,7.022047118770934e-22,7.023331844244675e-22,7.024612930191864e-22,7.025890387549121e-22,7.027164226179982e-22,7.028434457152884e-22,7.0297010908896e-22,7.030964137841223e-22,7.032223608501127e-22,7.033479513194049e-22,7.034731862469425e-22,7.035980666618032e-22,7.037225935935313e-22,7.038467680814026e-22,7.039705911239735e-22,7.04094063773818e-22,7.0421718703806735e-22,7.043399619364073e-22,7.044623894834927e-22,7.045844706633573e-22,7.047062065130219e-22,7.048275980247808e-22,7.049486461887847e-22,7.050693520220316e-22,7.051897165074189e-22,7.05309740635399e-22,7.054294253927137e-22,7.0554877176484625e-22,7.056677807745929e-22,7.05786453330471e-22,7.059047904148255e-22,7.060227930192202e-22,7.061404621124035e-22,7.062577986601024e-22,7.063748036249793e-22,7.064914779667114e-22,7.066078226419183e-22,7.067238386042082e-22,7.068395268042411e-22,7.069548881896372e-22,7.070699237050643e-22,7.071846342922583e-22,7.072990209370018e-22,7.07413084527651e-22,7.075268259973038e-22,7.076402462759696e-22,7.077533462915355e-22,7.078661269672639e-22,7.079785892248091e-22,7.080907339823457e-22,7.082025621537341e-22,7.083140746546599e-22,7.084252723927127e-22,7.085361562766283e-22,7.086467272093927e-22,7.087569860923224e-22,7.08866933824716e-22,7.089765713010804e-22,7.090858994147773e-22,7.091949190565991e-22,7.093036311135463e-22,7.094120364705972e-22,7.095201360093831e-22,7.096279306082246e-22,7.097354211445221e-22,7.098426084919301e-22,7.099494934570032e-22,7.100560769634633e-22,7.10162359893541e-22,7.102683431090641e-22,7.1037402746217215e-22,7.104794138095932e-22,7.105845030047217e-22,7.106892959676934e-22,7.107937934818012e-22,7.108979963757212e-22,7.110019055135385e-22,7.111055217375695e-22,7.112088458868174e-22,7.113118787985224e-22,7.114146212971805e-22,7.115170742247587e-22,7.116192384102354e-22,7.1172111470242135e-22,7.118227039007757e-22,7.119240068080596e-22,7.120250242636092e-22,7.121257570835821e-22,7.122262060817271e-22,7.123263720689575e-22,7.124262558576411e-22,7.125258582493688e-22,7.126251800550323e-22,7.127242221015758e-22,7.128229851492375e-22,7.129214699967022e-22,7.130196774377267e-22,7.131176082556099e-22,7.132152632506872e-22,7.1331264323137955e-22,7.134097489457427e-22,7.135065811980877e-22,7.136031407618427e-22,7.1369942841623635e-22,7.13795444936167e-22,7.138911910931177e-22,7.139866676685705e-22,7.140818754108001e-22,7.141768150952119e-22,7.142714874827495e-22,7.143658933243435e-22,7.144600333969953e-22,7.145539084484661e-22,7.146475192386499e-22,7.147408665163038e-22,7.148339510267685e-22,7.149267735206003e-22,7.150193347421608e-22,7.151116354305059e-22,7.152036763313122e-22,7.1529545818238935e-22,7.153869817155191e-22,7.1547824766567775e-22,7.155692567559476e-22,7.156600097500454e-22,7.157505073292017e-22,7.158407502337157e-22,7.15930739217089e-22,7.160204749505707e-22,7.161099581746242e-22,7.161991896027535e-22,7.162881699524818e-22,7.163768999704755e-22,7.164653802926213e-22,7.165536116650475e-22,7.166415947895786e-22,7.167293304032576e-22,7.168168191299887e-22,7.169040617276012e-22,7.169910588770389e-22,7.170778112783183e-22,7.171643196244443e-22,7.172505845653683e-22,7.173366068633675e-22,7.174223871680867e-22,7.175079261636123e-22,7.175932245317148e-22,7.176782829557835e-22,7.177631021126078e-22,7.1784768267592975e-22,7.179320253505657e-22,7.180161307518194e-22,7.180999995765283e-22,7.181836324682561e-22,7.182670301470151e-22,7.183501932488023e-22,7.184331224367332e-22,7.18515818368278e-22,7.185982817047071e-22,7.186805130652954e-22,7.187625131761686e-22,7.188442826528232e-22,7.189258221417707e-22,7.190071322640001e-22,7.190882137450494e-22,7.191690671829502e-22,7.192496932084938e-22,7.193300924745332e-22,7.1941026561749295e-22,7.194902132719735e-22,7.195699360799448e-22,7.196494346720736e-22,7.197287096760954e-22,7.198077617304637e-22,7.198865914511007e-22,7.199651994662386e-22,7.200435864072488e-22,7.201217528900512e-22,7.201996995135874e-22,7.202774269399682e-22,7.203549357557743e-22,7.20432226592841e-22,7.205093000552265e-22,7.205861567530433e-22,7.206627972954548e-22,7.20739222287584e-22,7.2081543233953745e-22,7.208914280501163e-22,7.209672100152879e-22,7.210427788551594e-22,7.2111813514735535e-22,7.211932795033867e-22,7.212682125171674e-22,7.213429347743791e-22,7.214174468679117e-22,7.214917493857787e-22,7.215658429165654e-22,7.216397280582439e-22,7.21713405379964e-22,7.217868754669488e-22,7.218601389021168e-22,7.219331963017302e-22,7.220060481758763e-22,7.220786951522376e-22,7.221511377604948e-22,7.222233765809622e-22,7.2229541221123675e-22,7.223672452027492e-22,7.224388761492273e-22,7.2251030556736615e-22,7.225815340475182e-22,7.226525621705163e-22,7.227233904747414e-22,7.227940195255618e-22,7.228644498859523e-22,7.229346821142798e-22,7.230047167420192e-22,7.230745543438938e-22,7.231441954628866e-22,7.232136406589293e-22,7.23282890467461e-22,7.23351945437115e-22,7.234208060994846e-22,7.2348947300113665e-22,7.235579466882769e-22,7.236262277249717e-22,7.236943166263887e-22,7.237622139234892e-22,7.238299201588036e-22,7.238974358656064e-22,7.239647615750729e-22,7.240318978186674e-22,7.240988451245492e-22,7.241656040224441e-22,7.2423217503538345e-22,7.242985586873919e-22,7.2436475550016025e-22,7.244307660030234e-22,7.244965907105526e-22,7.245622301447127e-22,7.246276848077227e-22,7.246929552138145e-22,7.247580419270564e-22,7.248229453766059e-22,7.248876661121962e-22,7.249522046461246e-22,7.250165614842962e-22,7.250807371332248e-22,7.25144732094474e-22,7.252085468909409e-22,7.252721819915167e-22,7.253356379114834e-22,7.253989151506693e-22,7.254620142014303e-22,7.255249355682627e-22,7.25587679740997e-22,7.256502472130475e-22,7.257126384863136e-22,7.257748540295468e-22,7.25836894352431e-22,7.2589875992205605e-22,7.259604512436618e-22,7.260219687916134e-22,7.260833130397951e-22,7.261444844657483e-22,7.262054835862538e-22,7.2626631084984e-22,7.263269667404259e-22,7.263874517316739e-22,7.264477663051277e-22,7.265079109462172e-22,7.265678860955087e-22,7.266276922394995e-22,7.26687329855109e-22,7.267467993943342e-22,7.268061013323875e-22,7.268652361315732e-22,7.269242042359142e-22,7.269830061510841e-22,7.2704164231543455e-22,7.2710011319510255e-22,7.271584192194643e-22,7.27216560892209e-22,7.272745386467523e-22,7.273323529550467e-22,7.273900042530163e-22,7.274474929766458e-22,7.275048195924625e-22,7.275619845485343e-22,7.276189882878821e-22,7.276758312683146e-22,7.277325139312326e-22,7.27789036718263e-22,7.278454000730966e-22,7.2790160443772005e-22,7.279576502510714e-22,7.280135379547856e-22,7.280692679840849e-22,7.2812484077721765e-22,7.281802567721941e-22,7.282355163969122e-22,7.282906200849357e-22,7.283455682867024e-22,7.284003614041905e-22,7.2845499986086885e-22,7.285094841151988e-22,7.285638145801799e-22,7.286179916771974e-22,7.286720158354277e-22,7.287258874788243e-22,7.287796070269009e-22,7.288331749085738e-22,7.288865915255727e-22,7.289398573056985e-22,7.289929726631416e-22,7.290459380215622e-22,7.290987537831894e-22,7.291514203671221e-22,7.292039381856537e-22,7.292563076518949e-22,7.293085291737663e-22,7.293606031605406e-22,7.294125300141543e-22,7.294643101471089e-22,7.295159439606054e-22,7.295674318604184e-22,7.29618774244112e-22,7.296699715353579e-22,7.297210241085743e-22,7.2977193237037285e-22,7.298226967193426e-22,7.298733175545784e-22,7.29923795262734e-22,7.299741302692169e-22,7.300243229330629e-22,7.300743736579157e-22,7.301242828364827e-22,7.301740508632405e-22,7.302236781137883e-22,7.302731649889833e-22,7.303225118738611e-22,7.303717191164882e-22,7.304207871859458e-22,7.304697164090961e-22,7.305185071816565e-22,7.305671598711313e-22,7.306156748697057e-22,7.306640525531113e-22,7.307122933013417e-22,7.307603974890087e-22,7.308083654952009e-22,7.308561976943569e-22,7.309038944615188e-22,7.309514561693336e-22,7.309988831835163e-22,7.310461758792964e-22,7.31093334624215e-22,7.311403597761653e-22,7.3118725173422705e-22,7.312340108421609e-22,7.312806374728712e-22,7.313271319877137e-22,7.313734947447879e-22,7.314197261125426e-22,7.314658264351762e-22,7.315117961038625e-22,7.315576354823219e-22,7.316033448909085e-22,7.316489247044623e-22,7.3169437530583925e-22,7.317396970013146e-22,7.31784890166513e-22,7.318299551588004e-22,7.318748923281516e-22,7.31919702030598e-22,7.319643846065014e-22,7.320089404120268e-22,7.32053369791148e-22,7.320976730927644e-22,7.321418506623442e-22,7.321859028468422e-22,7.322298299901605e-22,7.322736324355591e-22,7.323173105508273e-22,7.323608646290775e-22,7.324042950337275e-22,7.324476020888688e-22,7.324907861629794e-22,7.325338475772889e-22,7.325767866686995e-22,7.326196037745224e-22,7.326622992316264e-22,7.327048733696338e-22,7.327473265238002e-22,7.327896590220355e-22,7.32831871203171e-22,7.328739633913467e-22,7.32915935916599e-22,7.329577891075459e-22,7.32999523294359e-22,7.33041138795552e-22,7.330826359273733e-22,7.33124015040436e-22,7.33165276445111e-22,7.332064204565459e-22,7.332474474135495e-22,7.332883576139012e-22,7.333291514020117e-22,7.333698290864868e-22,7.334103909877372e-22,7.334508374177441e-22,7.3349116869507205e-22,7.335313851311329e-22,7.33571487048315e-22,7.336114747562995e-22,7.336513485670368e-22,7.336911087637232e-22,7.337307556995371e-22,7.337702896887183e-22,7.338097110245497e-22,7.338490200132221e-22,7.338882169656087e-22,7.3392730218522345e-22,7.339662759788082e-22,7.340051386497727e-22,7.340438905012248e-22,7.340825318411287e-22,7.341210629647849e-22,7.341594841844839e-22,7.341977957918725e-22,7.342359980749873e-22,7.342740913616206e-22,7.3431207593519795e-22,7.343499520952954e-22,7.3438772013604e-22,7.344253803531296e-22,7.3446293303936885e-22,7.345003784906868e-22,7.345377170098852e-22,7.345749488711927e-22,7.346120743798725e-22,7.346490938142081e-22,7.3468600746933395e-22,7.347228156394446e-22,7.347595186088995e-22,7.347961166615281e-22,7.3483261009178675e-22,7.348689991796923e-22,7.349052842122144e-22,7.349414654744827e-22,7.349775432464427e-22,7.350135178137918e-22,7.350493894362472e-22,7.350851584195884e-22,7.351208250589766e-22,7.351563896149974e-22,7.351918523678279e-22,7.352272135934962e-22,7.352624735635539e-22,7.352976325822549e-22,7.353326908877226e-22,7.35367648770689e-22,7.354025065057602e-22,7.354372643651818e-22,7.354719226227339e-22,7.355064815489592e-22,7.355409414143249e-22,7.355753024903629e-22,7.356095650458292e-22,7.356437293505774e-22,7.356777956702072e-22,7.357117642719183e-22,7.3574563542331e-22,7.357794093882015e-22,7.358130864385649e-22,7.358466668318888e-22,7.358801508316666e-22,7.359135387029042e-22,7.359468307065542e-22,7.359800271058203e-22,7.360131281581681e-22,7.360461341259509e-22,7.360790452673887e-22,7.361118618388196e-22,7.361445841010799e-22,7.361772123198643e-22,7.362097467402506e-22,7.36242187600353e-22,7.362745351616889e-22,7.36306789711029e-22,7.363389514847493e-22,7.363710207302128e-22,7.364029976989919e-22,7.364348826511698e-22,7.364666758259094e-22,7.364983774732654e-22,7.365299878487348e-22,7.365615071986688e-22,7.365929357694433e-22,7.366242738106801e-22,7.366555215675734e-22,7.366866792875676e-22,7.367177472121329e-22,7.367487255851965e-22,7.367796146532809e-22,7.368104146581426e-22,7.368411258444731e-22,7.368717484521327e-22,7.3690228272237625e-22,7.369327288928204e-22,7.369630872072278e-22,7.369933579026872e-22,7.370235412175376e-22,7.3705363738881175e-22,7.370836466528877e-22,7.371135692471005e-22,7.371434054064147e-22,7.371731553675979e-22,7.372028193640511e-22,7.3723239762997795e-22,7.372618903978424e-22,7.372912979001594e-22,7.373206203685638e-22,7.373498580338721e-22,7.373790111272365e-22,7.374080798781598e-22,7.3743706451519135e-22,7.37465965267815e-22,7.374947823643392e-22,7.375235160281567e-22,7.375521665005146e-22,7.375807339941815e-22,7.376092187288902e-22,7.376376209370679e-22,7.376659408416442e-22,7.376941786621123e-22,7.3772233463472525e-22,7.377504089713438e-22,7.377784018971242e-22,7.3780631363612765e-22,7.378341444026894e-22,7.3786189441499085e-22,7.378895638956569e-22,7.3791715306323765e-22,7.379446621358473e-22,7.379720913309804e-22,7.379994408655817e-22,7.380267109538332e-22,7.380539018131884e-22,7.3808101366399035e-22,7.381080467180586e-22,7.3813500118639795e-22,7.381618772789882e-22,7.381886752103159e-22,7.382153951940919e-22,7.382420374429593e-22,7.382686021678082e-22,7.382950895744991e-22,7.383214998716957e-22,7.383478332733402e-22,7.383740899871074e-22,7.384002702209924e-22,7.384263741824067e-22,7.38452402078119e-22,7.384783541144409e-22,7.38504230497148e-22,7.385300314311862e-22,7.385557571210522e-22,7.38581407770745e-22,7.386069835837063e-22,7.386324847627572e-22,7.386579115101939e-22,7.386832640277246e-22,7.387085425165763e-22,7.387337471767428e-22,7.387588782089169e-22,7.387839358125568e-22,7.388089201866539e-22,7.3883383152961635e-22,7.388586700393295e-22,7.388834359130771e-22,7.389081293476432e-22,7.389327505392688e-22,7.389572996836308e-22,7.3898177697612175e-22,7.390061826111032e-22,7.390305167826249e-22,7.390547796842561e-22,7.39078971508915e-22,7.391030924491389e-22,7.391271426968798e-22,7.391511224435517e-22,7.391750318800185e-22,7.391988711966331e-22,7.392226405832261e-22,7.392463402291253e-22,7.392699703230886e-22,7.392935310525609e-22,7.393170226061256e-22,7.393404451714973e-22,7.393637989343983e-22,7.393870840815071e-22,7.394103007985064e-22,7.394334492705689e-22,7.394565296823827e-22,7.394795422180657e-22,7.395024870612891e-22,7.395253643951638e-22,7.395481744023739e-22,7.395709172649596e-22,7.395935931646279e-22,7.396162022825124e-22,7.396387447991878e-22,7.396612208948253e-22,7.396836307490643e-22,7.397059745410314e-22,7.397282524493861e-22,7.397504646522899e-22,7.39772611330694e-22,7.397946926551766e-22,7.3981670880641765e-22,7.398386599599314e-22,7.39860546291472e-22,7.39882367978453e-22,7.399041251925276e-22,7.399258181088353e-22,7.399474469012444e-22,7.399690117403933e-22,7.399905128017749e-22,7.400119502553654e-22,7.40033324277775e-22,7.400546350356602e-22,7.400758827048407e-22,7.400970674539186e-22,7.4011818945248675e-22,7.401392488697867e-22,7.401602458750879e-22,7.401811806369857e-22,7.402020533230471e-22,7.402228641024673e-22,7.402436131406609e-22,7.402643006054667e-22,7.402849266626557e-22,7.403054914793659e-22,7.403259952207193e-22,7.403464380503442e-22,7.403668201334176e-22,7.403871416340229e-22,7.404074027157119e-22,7.404276035413302e-22,7.404477442741487e-22,7.40467825076096e-22,7.404878461090639e-22,7.40507807534022e-22,7.405277095082746e-22,7.405475522001553e-22,7.405673357662218e-22,7.4058706036479625e-22,7.406067261566586e-22,7.406263332996915e-22,7.406458819522153e-22,7.406653722714487e-22,7.406848044153905e-22,7.407041785487664e-22,7.407234948137122e-22,7.407427533738728e-22,7.407619543834327e-22,7.4078109799716115e-22,7.408001843730312e-22,7.408192136625093e-22,7.4083818602166e-22,7.408571016019674e-22,7.408759605575629e-22,7.408947630452887e-22,7.409135092087058e-22,7.409321992045576e-22,7.409508331850037e-22,7.409694113016579e-22,7.409879337018134e-22,7.4100640053609205e-22,7.410248119574641e-22,7.41043168106351e-22,7.410614691478939e-22,7.410797152317478e-22,7.410979064949151e-22,7.411160430798602e-22,7.411341251396377e-22,7.41152152822503e-22,7.411701262749365e-22,7.411880456524483e-22,7.4120591108336e-22,7.412237227194343e-22,7.41241480708976e-22,7.412591851936047e-22,7.412768363197466e-22,7.412944342266565e-22,7.413119790652018e-22,7.413294709748256e-22,7.413469100980561e-22,7.413642965765416e-22,7.413816305535342e-22,7.413989121694214e-22,7.414161415658345e-22,7.414333188827999e-22,7.414504442609473e-22,7.414675178401948e-22,7.414845397600705e-22,7.415015101596978e-22,7.415184291779268e-22,7.415352969523122e-22,7.415521136223737e-22,7.41568879325116e-22,7.415855941932292e-22,7.416022583729277e-22,7.416188719946714e-22,7.416354351944112e-22,7.416519481119522e-22,7.4166841087959985e-22,7.416848236334914e-22,7.417011865076506e-22,7.41717499638044e-22,7.41733763177589e-22,7.41749977209322e-22,7.417661419042483e-22,7.417822573867042e-22,7.417983237891898e-22,7.418143412448628e-22,7.418303098842315e-22,7.418462298364556e-22,7.418621012385553e-22,7.418779242179592e-22,7.418936989053281e-22,7.419094254304348e-22,7.41925103919136e-22,7.419407345081435e-22,7.419563173219309e-22,7.419718524905439e-22,7.41987340141326e-22,7.420027804023612e-22,7.420181733890694e-22,7.420335192513853e-22,7.420488181082193e-22,7.4206407008140015e-22,7.420792752977665e-22,7.420944338846591e-22,7.4210954596682655e-22,7.421246116693708e-22,7.421396311170742e-22,7.421546044344206e-22,7.42169531744654e-22,7.421844131728323e-22,7.421992488413245e-22,7.422140388735914e-22,7.422287833924243e-22,7.42243482522394e-22,7.422581363814485e-22,7.42272745092769e-22,7.422873087782257e-22,7.4230182755914525e-22,7.423163015555142e-22,7.423307308842438e-22,7.423451156733275e-22,7.42359456035614e-22,7.4237375209619085e-22,7.423880039710294e-22,7.424022117798212e-22,7.424163756404704e-22,7.424304956816733e-22,7.424445719993601e-22,7.424586047220076e-22,7.424725939670883e-22,7.424865398510986e-22,7.425004424912507e-22,7.425143020027794e-22,7.425281185013432e-22,7.425418921043983e-22,7.425556229267429e-22,7.425693110818007e-22,7.42582956685754e-22,7.425965598514647e-22,7.426101206940099e-22,7.426236393262423e-22,7.426371158591213e-22,7.426505504116515e-22,7.42663943093628e-22,7.426772940177541e-22,7.426906032960384e-22,7.427038710403366e-22,7.427170973622656e-22,7.427302823731951e-22,7.427434261800324e-22,7.427565289006435e-22,7.427695906419367e-22,7.427826115139955e-22,7.4279559162652e-22,7.4280853108775955e-22,7.428214300093234e-22,7.428342884988357e-22,7.428471066658758e-22,7.42859884621073e-22,7.428726224645933e-22,7.428853203058836e-22,7.428979782392164e-22,7.429105964059079e-22,7.429231748943388e-22,7.42935713811573e-22,7.429482132625095e-22,7.429606733538902e-22,7.42973094191232e-22,7.429854758801008e-22,7.42997818524825e-22,7.430101222269223e-22,7.430223870990248e-22,7.430346132412598e-22,7.430468007571524e-22,7.430589497605533e-22,7.43071060334777e-22,7.430831325935609e-22,7.43095166638633e-22,7.431071625777447e-22,7.431191205038698e-22,7.43131040523457e-22,7.431429227405166e-22,7.431547672522066e-22,7.431665741617568e-22,7.431783435700201e-22,7.431900755776275e-22,7.432017702852944e-22,7.432134277922903e-22,7.432250481987492e-22,7.432366316042347e-22,7.432481781079535e-22,7.432596878089142e-22,7.432711608058297e-22,7.43282597197097e-22,7.432939970809439e-22,7.433053605552304e-22,7.433166877175959e-22,7.433279786654463e-22,7.433392334958709e-22,7.4335045230570635e-22,7.433616351915599e-22,7.433727822497561e-22,7.433838935763698e-22,7.433949692671693e-22,7.434060094177171e-22,7.434170141232944e-22,7.434279834789235e-22,7.434389175793722e-22,7.434498165191688e-22,7.434606803925241e-22,7.43471509293608e-22,7.434823033158938e-22,7.434930625527058e-22,7.435037870978782e-22,7.435144770440807e-22,7.435251324840017e-22,7.435357535103007e-22,7.435463402150006e-22,7.435568926902032e-22,7.43567411027635e-22,7.435778953189669e-22,7.435883456549639e-22,7.435987621268601e-22,7.436091448253748e-22,7.43619493841047e-22,7.436298092641168e-22,7.436400911846457e-22,7.436503396898402e-22,7.436605548742388e-22,7.436707368246005e-22,7.436808856300074e-22,7.436910013791479e-22,7.437010841599078e-22,7.4371113406403115e-22,7.437211511750286e-22,7.437311355825621e-22,7.437410873723271e-22,7.437510066356069e-22,7.437608934569667e-22,7.437707479236652e-22,7.43780570124421e-22,7.437903601421576e-22,7.438001180656732e-22,7.438098439796744e-22,7.438195379701829e-22,7.438292001222348e-22,7.438388305218731e-22,7.438484292531915e-22,7.438579964023274e-22,7.438675320530086e-22,7.438770362897884e-22,7.438865091965275e-22,7.438959508574082e-22,7.43905361355791e-22,7.439147407747061e-22,7.43924089198597e-22,7.439334067094722e-22,7.43942693390535e-22,7.439519493290817e-22,7.4396117459764545e-22,7.439703692828745e-22,7.43979533467076e-22,7.439886672332655e-22,7.439977706599062e-22,7.440068438292548e-22,7.440158868223749e-22,7.44024899721011e-22,7.440338826048191e-22,7.440428355545547e-22,7.440517586499495e-22,7.440606519711896e-22,7.440695155978283e-22,7.440783496093458e-22,7.440871540849564e-22,7.440959291076701e-22,7.441046747462967e-22,7.44113391087569e-22,7.441220782075979e-22,7.441307361943136e-22,7.441393651065768e-22,7.441479650319208e-22,7.441565360476306e-22,7.441650782320711e-22,7.441735916628328e-22,7.441820764130616e-22,7.441905325617549e-22,7.441989601855719e-22,7.442073593727695e-22,7.442157301763822e-22,7.442240726824732e-22,7.442323869676322e-22,7.442406731077611e-22,7.442489311772275e-22,7.442571612514508e-22,7.442653634053586e-22,7.442735377138656e-22,7.442816842513582e-22,7.442898030960576e-22,7.442978943138729e-22,7.443059579828208e-22,7.443139941764752e-22,7.443220029708353e-22,7.443299844337108e-22,7.443379386411601e-22,7.443458656657472e-22,7.443537655814647e-22,7.443616384598299e-22,7.443694843731549e-22,7.443773033940858e-22,7.443850955983768e-22,7.443928610534709e-22,7.444005998254514e-22,7.444083119906937e-22,7.444159976257184e-22,7.444236567912009e-22,7.444312895636399e-22,7.444388960077791e-22,7.444464762086795e-22,7.4445403022240785e-22,7.4446155812266065e-22,7.444690599851682e-22,7.444765358699982e-22,7.44483985849028e-22,7.444914099948786e-22,7.444988083800259e-22,7.445061810660846e-22,7.445135281264374e-22,7.44520849622385e-22,7.445281456271087e-22,7.445354162134553e-22,7.445426614396368e-22,7.445498813785706e-22,7.4455707609761255e-22,7.445642456588259e-22,7.445713901398834e-22,7.445785096008382e-22,7.445856041123955e-22,7.445926737397212e-22,7.445997185473776e-22,7.446067386040683e-22,7.446137339749179e-22,7.4462070472589045e-22,7.446276509226703e-22,7.44634572630731e-22,7.446414699159464e-22,7.446483428479199e-22,7.446551914821328e-22,7.446620158878587e-22,7.446688161311809e-22,7.446755922781602e-22,7.44682344388275e-22,7.446890725332026e-22,7.446957767720461e-22,7.447024571640414e-22,7.447091137773056e-22,7.4471574668029875e-22,7.447223559269607e-22,7.447289415850751e-22,7.4473550371757445e-22,7.447420423871821e-22,7.44748557666531e-22,7.447550495991176e-22,7.44761518260362e-22,7.447679637064773e-22,7.447743860035931e-22,7.447807852063223e-22,7.447871613861396e-22,7.447935145950024e-22,7.447998448990629e-22,7.448061523596713e-22,7.448124370316024e-22,7.4481869898676e-22,7.448249382825405e-22,7.448311549766971e-22,7.448373491300088e-22,7.448435208032882e-22,7.44849670056297e-22,7.448557969481213e-22,7.448619015410136e-22,7.4486798389162795e-22,7.448740440604733e-22,7.4488008210236465e-22,7.448860980849053e-22,7.448920920620809e-22,7.448980640938301e-22,7.449040142389659e-22,7.44909942554491e-22,7.449158490990071e-22,7.449217339309534e-22,7.449275971073531e-22,7.449334386880737e-22,7.449392587300814e-22,7.449450572844546e-22,7.4495083442090395e-22,7.4495659018940445e-22,7.449623246467292e-22,7.449680378504852e-22,7.449737298575115e-22,7.449794007239435e-22,7.449850505069792e-22,7.449906792622574e-22,7.449962870464525e-22,7.450018739151679e-22,7.450074399243346e-22,7.450129851320301e-22,7.45018509588521e-22,7.450240133501299e-22,7.450294964754588e-22,7.450349590168881e-22,7.450404010312422e-22,7.450458225724105e-22,7.450512236952971e-22,7.450566044536151e-22,7.450619649029817e-22,7.450673050957368e-22,7.450726250871185e-22,7.450779249275907e-22,7.450832046773394e-22,7.450884643860502e-22,7.450937041086829e-22,7.450989238966961e-22,7.451041238041702e-22,7.45109303883013e-22,7.4511446418851085e-22,7.451196047720363e-22,7.451247256845569e-22,7.451298269831545e-22,7.451349087155817e-22,7.451399709357462e-22,7.451450136979248e-22,7.451500370497917e-22,7.451550410443098e-22,7.451600257337983e-22,7.451649911694976e-22,7.451699374047963e-22,7.451748644879628e-22,7.451797724705931e-22,7.451846614037578e-22,7.451895313387753e-22,7.451943823260007e-22,7.451992144112393e-22,7.452040276539812e-22,7.452088220980068e-22,7.452135977935353e-22,7.452183547974416e-22,7.452230931539727e-22,7.452278129132747e-22,7.452325141251156e-22,7.452371968373321e-22,7.45241861103029e-22,7.45246506967559e-22,7.452511344839965e-22,7.452557436993944e-22,7.4526033466104405e-22,7.452649074176651e-22,7.452694620160257e-22,7.452739985098941e-22,7.452785169422034e-22,7.452830173658642e-22,7.45287499826645e-22,7.452919643741525e-22,7.45296411055043e-22,7.453008399097025e-22,7.453052509947554e-22,7.453096443567838e-22,7.453140200417075e-22,7.453183780954128e-22,7.4532271856572835e-22,7.453270415003961e-22,7.453313469435321e-22,7.45335634944925e-22,7.453399055483438e-22,7.453441587970062e-22,7.45348394744287e-22,7.4535261343093395e-22,7.45356814915287e-22,7.453609992342372e-22,7.453651664262059e-22,7.453693165430192e-22,7.453734496340131e-22,7.453775657324243e-22,7.4538166489249685e-22,7.453857471615199e-22,7.45389812581686e-22,7.453938611990132e-22,7.453978930559755e-22,7.454019081983687e-22,7.454059066706647e-22,7.454098885173417e-22,7.454138537858146e-22,7.454178025171358e-22,7.454217347519301e-22,7.454256505374718e-22,7.454295499175291e-22,7.454334329365783e-22,7.454372996369651e-22,7.4544115006555725e-22,7.454449842626803e-22,7.454488022685054e-22,7.454526041322478e-22,7.454563898908621e-22,7.4546015959084665e-22,7.454639132739148e-22,7.454676509830146e-22,7.454713727610269e-22,7.454750786500228e-22,7.454787686925265e-22,7.4548244293066405e-22,7.454861014064851e-22,7.4548974416194465e-22,7.454933712389973e-22,7.454969826793245e-22,7.455005785245137e-22,7.455041588161071e-22,7.455077235954985e-22,7.455112729039939e-22,7.455148067827723e-22,7.455183252728385e-22,7.455218284152806e-22,7.455253162508478e-22,7.455287888203448e-22,7.455322461632309e-22,7.455356883223228e-22,7.455391153368786e-22,7.455425272472211e-22,7.455459240923442e-22,7.455493059146314e-22,7.455526727519073e-22,7.45556024645178e-22,7.45559361633976e-22,7.455626837593355e-22,7.455659910600032e-22,7.455692835734983e-22,7.455725613405637e-22,7.45575824400702e-22,7.455790727945226e-22,7.4558230655817175e-22,7.455855257331954e-22,7.455887303567248e-22,7.455919204678624e-22,7.455950961055375e-22,7.45598257307748e-22,7.456014041130713e-22,7.456045365598381e-22,7.456076546865653e-22,7.456107585307027e-22,7.456138481308953e-22,7.456169235246979e-22,7.456199847496331e-22,7.45623031843665e-22,7.456260648447424e-22,7.456290837899862e-22,7.45632088716858e-22,7.456350796626014e-22,7.456380566644126e-22,7.456410197594323e-22,7.456439689845324e-22,7.45646904376692e-22,7.456498259727058e-22,7.456527338092256e-22,7.456556279228801e-22,7.456585083502382e-22,7.456613751275489e-22,7.456642282911482e-22,7.456670678773503e-22,7.456698939222298e-22,7.456727064617441e-22,7.456755055318449e-22,7.456782911683288e-22,7.456810634069614e-22,7.456838222833517e-22,7.456865678330569e-22,7.456893000914671e-22,7.456920190940425e-22,7.456947248756206e-22,7.456974174718416e-22,7.45700096917622e-22,7.457027632481242e-22,7.457054164980323e-22,7.457080567024196e-22,7.457106838960998e-22,7.457132981110077e-22,7.457158993853186e-22,7.4571848775199705e-22,7.4572106324523e-22,7.457236258999673e-22,7.457261757505267e-22,7.457287128288745e-22,7.45731237170236e-22,7.457337488076323e-22,7.457362477767161e-22,7.457387341101572e-22,7.457412078416722e-22,7.45743669005649e-22,7.457461176333537e-22,7.457485537607554e-22,7.4575097741948295e-22,7.457533886414855e-22,7.457557874631457e-22,7.457581739132502e-22,7.457605480271255e-22,7.457629098369272e-22,7.457652593757484e-22,7.457675966761533e-22,7.457699217705942e-22,7.457722346915805e-22,7.45774535471485e-22,7.457768241434734e-22,7.457791007379082e-22,7.457813652877937e-22,7.457836178248781e-22,7.457858583814489e-22,7.457880869899661e-22,7.45790303681023e-22,7.457925084867142e-22,7.457947014369797e-22,7.457968825657603e-22,7.457990519044711e-22,7.458012094823637e-22,7.458033553340059e-22,7.458054894887621e-22,7.458076119774471e-22,7.458097228312134e-22,7.458118220808797e-22,7.458139097570822e-22,7.458159858902002e-22,7.458180505119546e-22,7.458201036518244e-22,7.458221453409656e-22,7.458241756105018e-22,7.458261944891884e-22,7.458282020081982e-22,7.458301981975785e-22,7.458321830873636e-22,7.458341567076705e-22,7.458361190885839e-22,7.458380702598075e-22,7.458400102510125e-22,7.458419390920619e-22,7.458438568125119e-22,7.4584576344196595e-22,7.458476590098098e-22,7.458495435454667e-22,7.458514170782658e-22,7.458532796369824e-22,7.458551312515062e-22,7.458569719506411e-22,7.458588017633506e-22,7.458606207181703e-22,7.458624288443921e-22,7.45864226170499e-22,7.458660127259816e-22,7.458677885383584e-22,7.458695536366352e-22,7.458713080494319e-22,7.45873051804854e-22,7.458747849311991e-22,7.458765074569913e-22,7.45878219410338e-22,7.458799208187004e-22,7.458816117105405e-22,7.4588329211534e-22,7.458849620588035e-22,7.458866215684761e-22,7.458882706724687e-22,7.458899093988012e-22,7.458915377757872e-22,7.4589315582943645e-22,7.458947635870068e-22,7.4589636107799455e-22,7.458979483279793e-22,7.458995253649093e-22,7.45901092215607e-22,7.459026489065109e-22,7.459041954656339e-22,7.459057319206275e-22,7.45907258296342e-22,7.459087746202372e-22,7.459102809190255e-22,7.459117772192803e-22,7.45913263547585e-22,7.4591473993039e-22,7.45916206394121e-22,7.459176629650766e-22,7.459191096695238e-22,7.459205465336742e-22,7.459219735836327e-22,7.459233908454435e-22,7.459247983451128e-22,7.4592619610853e-22,7.459275841615378e-22,7.459289625299127e-22,7.459303312393719e-22,7.459316903155244e-22,7.459330397839756e-22,7.459343796701921e-22,7.459357099996373e-22,7.459370307976433e-22,7.459383420895087e-22,7.459396439004768e-22,7.459409362557005e-22,7.45942219180283e-22,7.459434926992325e-22,7.459447568375084e-22,7.459460116200534e-22,7.459472570716399e-22,7.459484932170255e-22,7.459497200809499e-22,7.45950937688027e-22,7.459521460627752e-22,7.45953345229751e-22,7.459545352127089e-22,7.45955716036663e-22,7.459568877259338e-22,7.459580503047411e-22,7.459592037972749e-22,7.459603482276418e-22,7.459614836198653e-22,7.459626099979467e-22,7.45963727385799e-22,7.4596483580726005e-22,7.459659352861234e-22,7.459670258461159e-22,7.459681075109036e-22,7.459691803040757e-22,7.459702442491715e-22,7.459712993696666e-22,7.459723456889623e-22,7.4597338323041415e-22,7.459744120173056e-22,7.4597543207286585e-22,7.459764434202347e-22,7.459774460825313e-22,7.459784400827903e-22,7.459794254439726e-22,7.459804021890079e-22,7.459813703407675e-22,7.459823299220112e-22,7.4598328095547e-22,7.459842234638428e-22,7.459851574697259e-22,7.459860829956799e-22,7.459870000641802e-22,7.459879086976568e-22,7.459888089184873e-22,7.459897007489875e-22,7.459905842114041e-22,7.459914593279289e-22,7.459923261206884e-22,7.459931846117765e-22,7.459940348231908e-22,7.459948767768983e-22,7.459957104947877e-22,7.459965359986997e-22,7.459973533104143e-22,7.459981624516803e-22,7.45998963444123e-22,7.459997563093657e-22,7.46000541068997e-22,7.460013177444317e-22,7.460020863571707e-22,7.46002846928557e-22,7.460035994799327e-22,7.460043440325483e-22,7.460050806076263e-22,7.460058092263009e-22,7.46006529909679e-22,7.460072426787903e-22,7.460079475546157e-22,7.460086445580923e-22,7.460093337100887e-22,7.460100150314084e-22,7.460106885428426e-22,7.460113542650532e-22,7.460120122187031e-22,7.460126624244093e-22,7.460133049026773e-22,7.460139396740236e-22,7.460145667588582e-22,7.460151861775591e-22,7.460157979505168e-22,7.460164020979518e-22,7.460169986400443e-22,7.460175875969626e-22,7.460181689887346e-22,7.46018742835501e-22,7.460193091572422e-22,7.460198679741815e-22,7.460204193059474e-22,7.460209631721267e-22,7.46021499592974e-22,7.460220285877471e-22,7.46022550176638e-22,7.460230643790167e-22,7.460235712143339e-22,7.460240707022606e-22,7.460245628623277e-22,7.460250477137924e-22,7.460255252761842e-22,7.460259955687335e-22,7.4602645861072125e-22,7.460269144213399e-22,7.4602736301975355e-22,7.460278044251025e-22,7.460282386564169e-22,7.4602866573264065e-22,7.460290856728757e-22,7.46029498495977e-22,7.460299042207208e-22,7.460303028659764e-22,7.460306944505858e-22,7.460310789932006e-22,7.460314565124398e-22,7.460318270269448e-22,7.460321905550484e-22,7.460325471156502e-22,7.460328967268592e-22,7.460332394072927e-22,7.4603357517543635e-22,7.460339040494663e-22,7.460342260476023e-22,7.460345411880971e-22,7.460348494889662e-22,7.460351509684885e-22,7.460354456448849e-22,7.460357335359801e-22,7.460360146597954e-22,7.460362890341291e-22,7.460365566771023e-22,7.460368176064219e-22,7.460370718397499e-22,7.460373193949393e-22,7.460375602897046e-22,7.460377945416656e-22,7.460380221685262e-22,7.460382431877194e-22,7.460384576167004e-22,7.460386654729554e-22,7.460388667739581e-22,7.460390615370231e-22,7.460392497794889e-22,7.4603943151861595e-22,7.46039606771631e-22,7.460397755557101e-22,7.460399378879847e-22,7.460400937855532e-22,7.460402432654607e-22,7.460403863446753e-22,7.460405230401794e-22,7.460406533688462e-22,7.460407773475579e-22,7.460408949931364e-22,7.460410063223341e-22,7.460411113518983e-22,7.460412100985002e-22,7.460413025787721e-22,7.46041388809328e-22,7.460414688066786e-22,7.460415425873762e-22,7.46041610167846e-22,7.460416715645307e-22,7.460417267937699e-22,7.460417758719041e-22,7.460418188152301e-22,7.460418556400168e-22,7.460418863623436e-22,7.460419109984829e-22,7.460419295645717e-22,7.460419420765819e-22,7.460419485505973e-22,7.460419490025941e-22,7.460419434485656e-22,7.460419319044371e-22,7.46041914385922e-22,7.460418909089954e-22,7.460418614893662e-22,7.4604182614275255e-22,7.460417848848708e-22,7.460417377313274e-22,7.460416846977605e-22,7.460416257997359e-22,7.460415610527532e-22,7.46041490472322e-22,7.460414140738581e-22,7.460413318728016e-22,7.460412438844903e-22,7.460411501242322e-22,7.460410506073104e-22,7.460409453490047e-22,7.460408343644552e-22,7.460407176688515e-22,7.460405952773021e-22,7.460404672048447e-22,7.460403334665868e-22,7.460401940774859e-22,7.460400490524758e-22,7.460398984065281e-22,7.460397421544739e-22,7.460395803111599e-22,7.46039412891396e-22,7.460392399099363e-22,7.460390613814882e-22,7.460388773207489e-22,7.460386877423399e-22,7.460384926608747e-22,7.460382920909301e-22,7.460380860469929e-22,7.460378745435971e-22,7.460376575951428e-22,7.460374352160721e-22,7.4603720742074335e-22,7.460369742234875e-22,7.460367356386132e-22,7.460364916803529e-22,7.460362423629397e-22,7.46035987700541e-22,7.460357277073353e-22,7.460354623973794e-22,7.460351917847747e-22,7.460349158835371e-22,7.460346347076679e-22,7.460343482711166e-22,7.460340565878083e-22,7.460337596716228e-22,7.460334575363963e-22,7.460331501959392e-22,7.460328376640298e-22,7.460325199543983e-22,7.4603219708075945e-22,7.460318690567384e-22,7.46031535895996e-22,7.460311976121104e-22,7.46030854218635e-22,7.460305057290792e-22,7.460301521569212e-22,7.460297935156405e-22,7.460294298186085e-22,7.460290610792051e-22,7.460286873107841e-22,7.460283085266403e-22,7.460279247399855e-22,7.460275359641712e-22,7.460271422123106e-22,7.460267434975583e-22,7.460263398327941e-22,7.460259312313928e-22,7.460255177063852e-22,7.460250992708275e-22,7.460246759378891e-22,7.460242477201344e-22,7.46023814630913e-22,7.460233766826301e-22,7.460229338885881e-22,7.460224862611849e-22,7.46022033813599e-22,7.460215765584146e-22,7.460211145084472e-22,7.4602064767617795e-22,7.46020176074362e-22,7.460196997155171e-22,7.460192186122465e-22,7.460187327772334e-22,7.4601824222299205e-22,7.460177469612018e-22,7.460172470055385e-22,7.460167423679255e-22,7.460162330607998e-22,7.460157190963893e-22,7.4601520048686095e-22,7.460146772449131e-22,7.460141493829271e-22,7.46013616912376e-22,7.460130798458315e-22,7.460125381956015e-22,7.460119919730436e-22,7.460114411911197e-22,7.460108858613673e-22,7.460103259965401e-22,7.460097616084297e-22,7.460091927084215e-22,7.46008619308985e-22,7.460080414212333e-22,7.460074590582339e-22,7.460068722306989e-22,7.4600628095087655e-22,7.460056852304777e-22,7.460050850812005e-22,7.460044805150134e-22,7.460038715434684e-22,7.460032581782933e-22,7.460026404309669e-22,7.460020183130228e-22,7.460013918361012e-22,7.460007610117689e-22,7.460001258514547e-22,7.459994863666857e-22,7.459988425686513e-22,7.45998194469111e-22,7.459975420792621e-22,7.4599688541046965e-22,7.459962244740203e-22,7.459955592811896e-22,7.459948898432352e-22,7.459942161714165e-22,7.459935382769712e-22,7.459928561705415e-22,7.459921698640832e-22,7.4599147936827135e-22,7.459907846948832e-22,7.459900858543066e-22,7.459893828575675e-22,7.459886757151045e-22,7.459879644383305e-22,7.45987249038229e-22,7.45986529525883e-22,7.459858059112142e-22,7.459850782065099e-22,7.459843464217616e-22,7.459836105680674e-22,7.45982870656064e-22,7.459821266965663e-22,7.4598137869909735e-22,7.459806266764577e-22,7.45979870638165e-22,7.459791105946376e-22,7.459783465566624e-22,7.459775785349914e-22,7.459768065391643e-22,7.45976030581059e-22,7.459752506706181e-22,7.459744668182521e-22,7.459736790343935e-22,7.45972887329422e-22,7.459720917136675e-22,7.459712921974875e-22,7.459704887915219e-22,7.459696815052564e-22,7.459688703498841e-22,7.45968055334781e-22,7.459672364704382e-22,7.459664137670548e-22,7.459655872349252e-22,7.459647568840737e-22,7.459639227245749e-22,7.459630847664862e-22,7.459622430197272e-22,7.459613974946596e-22,7.459605482009168e-22,7.459596951485833e-22,7.4595883834749165e-22,7.459579778076976e-22,7.459571135389611e-22,7.45956245551247e-22,7.459553738543323e-22,7.459544984579884e-22,7.459536193718917e-22,7.459527366060004e-22,7.459518501688074e-22,7.459509600725408e-22,7.45950066325062e-22,7.459491689351589e-22,7.459482679149379e-22,7.459473632729089e-22,7.45946455018046e-22,7.459455431607248e-22,7.459446277101292e-22,7.459437086755303e-22,7.459427860667535e-22,7.459418598929512e-22,7.459409301635582e-22,7.459399968875512e-22,7.459390600755251e-22,7.459381197359617e-22,7.45937175878434e-22,7.459362285120571e-22,7.459352776461458e-22,7.459343232899075e-22,7.459333654522345e-22,7.459324041428953e-22,7.459314393710127e-22,7.459304711441374e-22,7.459294994739815e-22,7.459285243687202e-22,7.459275458370283e-22,7.459265638881153e-22,7.459255785309985e-22,7.45924589774686e-22,7.459235976281185e-22,7.459226021003125e-22,7.459216032003085e-22,7.45920600937155e-22,7.459195953190587e-22,7.459185863554064e-22,7.459175740547135e-22,7.459165584261396e-22,7.45915539478181e-22,7.459145172196749e-22,7.4591349165943295e-22,7.45912462806149e-22,7.459114306686443e-22,7.459103952555857e-22,7.459093565756167e-22,7.4590831463709465e-22,7.459072694488405e-22,7.459062210191681e-22,7.4590516935684645e-22,7.45904114469121e-22,7.459030563670868e-22,7.459019950581155e-22,7.459009305505222e-22,7.458998628519854e-22,7.45898791972411e-22,7.458977179192102e-22,7.458966407010432e-22,7.458955603264496e-22,7.458944768037113e-22,7.458933901399047e-22,7.458923003454563e-22,7.458912074265481e-22,7.458901113932338e-22,7.458890122508999e-22,7.458879100119464e-22,7.458868046828817e-22,7.458856962709801e-22,7.458845847854787e-22,7.458834702332997e-22,7.458823526228571e-22,7.458812319623486e-22,7.458801082603955e-22,7.458789815242401e-22,7.458778517612165e-22,7.458767189803303e-22,7.458755831895699e-22,7.458744443969843e-22,7.458733026104579e-22,7.458721578379928e-22,7.458710100864265e-22,7.458698593645646e-22,7.4586870568104905e-22,7.458675490424482e-22,7.458663894565705e-22,7.45865226930786e-22,7.458640614745186e-22,7.458628930947464e-22,7.458617217991426e-22,7.458605475949722e-22,7.458593704901451e-22,7.45858190492576e-22,7.458570076096425e-22,7.458558218490013e-22,7.458546332184067e-22,7.458534417250032e-22,7.458522473743668e-22,7.45851050176268e-22,7.458498501406095e-22,7.458486472724948e-22,7.4584744158011565e-22,7.458462330696279e-22,7.458450217489432e-22,7.458438076244216e-22,7.458425907058892e-22,7.4584137099947225e-22,7.458401485128006e-22,7.458389232526671e-22,7.458376952267374e-22,7.458364644421909e-22,7.458352309063294e-22,7.458339946264812e-22,7.458327556096888e-22,7.458315138634778e-22,7.458302693949038e-22,7.458290222111656e-22,7.458277723193995e-22,7.458265197267743e-22,7.458252644404172e-22,7.458240064688194e-22,7.458227458200754e-22,7.458214824953119e-22,7.458202165055673e-22,7.458189478563233e-22,7.458176765564469e-22,7.458164026118853e-22,7.458151260299153e-22,7.458138468221621e-22,7.4581256498572025e-22,7.45811280533644e-22,7.458099934715665e-22,7.458087038068012e-22,7.458074115459633e-22,7.458061166960826e-22,7.458048192642164e-22,7.458035192564065e-22,7.458022166799839e-22,7.458009115425141e-22,7.457996038493939e-22,7.457982936079137e-22,7.457969808259995e-22,7.457956655080227e-22,7.457943476617549e-22,7.45793027294044e-22,7.457917044111591e-22,7.45790379020145e-22,7.457890511275601e-22,7.457877207397754e-22,7.457863878636711e-22,7.457850525054527e-22,7.4578371467215705e-22,7.457823743698252e-22,7.457810316051544e-22,7.457796863851177e-22,7.457783387149254e-22,7.457769886025357e-22,7.457756360532903e-22,7.457742810740992e-22,7.4577292367127535e-22,7.457715638512648e-22,7.457702016202877e-22,7.457688369841612e-22,7.457674699506747e-22,7.457661005254067e-22,7.457647287143648e-22,7.457633545244629e-22,7.457619779609293e-22,7.457605990312213e-22,7.457592177430174e-22,7.457578340987869e-22,7.457564481065628e-22,7.457550597726358e-22,7.457536691032042e-22,7.45752276104383e-22,7.457508807819789e-22,7.4574948314237705e-22,7.4574808319141555e-22,7.457466809319688e-22,7.457452763769693e-22,7.457438695320624e-22,7.457424603958567e-22,7.457410489811764e-22,7.457396352941275e-22,7.457382193356585e-22,7.457368011161663e-22,7.457353806400476e-22,7.457339579111099e-22,7.457325329364423e-22,7.457311057259082e-22,7.457296762820643e-22,7.4572824461102265e-22,7.457268107166849e-22,7.45725374606876e-22,7.4572393628776525e-22,7.45722495767283e-22,7.457210530461284e-22,7.457196081325426e-22,7.457181610341502e-22,7.45716711753801e-22,7.457152602985208e-22,7.457138066732648e-22,7.457123508856774e-22,7.457108929403509e-22,7.457094328427738e-22,7.457079705990799e-22,7.45706506214671e-22,7.45705039695225e-22,7.457035710463702e-22,7.457021002737278e-22,7.457006273828415e-22,7.456991523793645e-22,7.456976752688431e-22,7.456961960568269e-22,7.456947147488576e-22,7.456932313504925e-22,7.456917458672051e-22,7.4569025830452285e-22,7.456887686678999e-22,7.456872769628266e-22,7.456857831947379e-22,7.456842873691046e-22,7.456827894913166e-22,7.456812895668165e-22,7.456797876009886e-22,7.456782835992051e-22,7.456767775668476e-22,7.456752695092527e-22,7.456737594317913e-22,7.456722473397663e-22,7.4567073323849755e-22,7.456692171324277e-22,7.456676990285528e-22,7.4566617892924835e-22,7.456646568428885e-22,7.456631327736824e-22,7.456616067273998e-22,7.45660078708095e-22,7.456585487220362e-22,7.456570167728443e-22,7.456554828678695e-22,7.456539470114018e-22,7.456524092072673e-22,7.456508694625146e-22,7.456493277813741e-22,7.456477841690274e-22,7.45646238630564e-22,7.456446911710146e-22,7.4564314179547965e-22,7.456415905089102e-22,7.456400373168758e-22,7.456384822211602e-22,7.456369252318472e-22,7.4563536634938225e-22,7.456338055834135e-22,7.456322429341195e-22,7.456306784103212e-22,7.456291120164858e-22,7.456275437567582e-22,7.456259736356995e-22,7.456244016585823e-22,7.45622827830662e-22,7.45621252155641e-22,7.4561967463862e-22,7.456180952852178e-22,7.456165140995673e-22,7.45614931087335e-22,7.456133462551804e-22,7.45611759603464e-22,7.456101711385851e-22,7.456085808639196e-22,7.456069887881661e-22,7.456053949139358e-22,7.456037992459596e-22,7.4560220178999465e-22,7.4560060254913135e-22,7.45599001529627e-22,7.455973987344583e-22,7.455957941695557e-22,7.455941878398916e-22,7.455925797485643e-22,7.455909698959677e-22,7.455893582965437e-22,7.455877449495079e-22,7.455861298593866e-22,7.455845130321993e-22,7.455828944728561e-22,7.455812741848886e-22,7.455796521730569e-22,7.455780284417133e-22,7.455764029952776e-22,7.455747758365951e-22,7.455731469760644e-22,7.455715164108138e-22,7.455698841472429e-22,7.455682501936398e-22,7.455666145521324e-22,7.455649772270888e-22,7.455633382230523e-22,7.455616975444072e-22,7.455600551947075e-22,7.455584111799432e-22,7.455567655036403e-22,7.455551181700841e-22,7.455534691838537e-22,7.455518185494034e-22,7.455501662709566e-22,7.455485123528213e-22,7.455468568063066e-22,7.455451996220073e-22,7.455435408107374e-22,7.455418803769964e-22,7.455402183250779e-22,7.4553855465925135e-22,7.455368893837668e-22,7.455352225029187e-22,7.455335540208353e-22,7.455318839417668e-22,7.455302122699576e-22,7.455285390095624e-22,7.455268641648275e-22,7.455251877398833e-22,7.455235097387359e-22,7.455218301661075e-22,7.45520149025881e-22,7.455184663213393e-22,7.455167820548617e-22,7.455150962361271e-22,7.455134088690024e-22,7.455117199511238e-22,7.455100294903852e-22,7.455083374918034e-22,7.455066439572331e-22,7.455049488903517e-22,7.455032522980697e-22,7.455015541823457e-22,7.454998545477889e-22,7.454981533987792e-22,7.454964507388105e-22,7.454947465720618e-22,7.454930409024017e-22,7.454913337337956e-22,7.4548962507018575e-22,7.454879149155248e-22,7.454862032737477e-22,7.454844901487613e-22,7.454827755444787e-22,7.4548105946479235e-22,7.454793419143385e-22,7.454776228967882e-22,7.454759024114624e-22,7.454741804709085e-22,7.454724570751342e-22,7.454707322260424e-22,7.454690059262522e-22,7.454672781797531e-22,7.454655489953423e-22,7.454638183745382e-22,7.454620863204396e-22,7.45460352836962e-22,7.454586179271197e-22,7.454568815961176e-22,7.454551438466425e-22,7.454534046814371e-22,7.454516641108117e-22,7.454499221292208e-22,7.454481787442327e-22,7.454464339599241e-22,7.454446877789004e-22,7.45442940206461e-22,7.454411912457755e-22,7.454394409001227e-22,7.454376891733355e-22,7.454359360713365e-22,7.454341815930445e-22,7.454324257448021e-22,7.454306685298301e-22,7.4542890995132565e-22,7.454271500159575e-22,7.454253887221906e-22,7.4542362608175435e-22,7.454218620877898e-22,7.454200967465726e-22,7.454183300655865e-22,7.454165620454458e-22,7.454147926901944e-22,7.454130220043807e-22,7.454112499910072e-22,7.454094766535365e-22,7.454077019954504e-22,7.454059260202749e-22,7.454041487314848e-22,7.454023701325509e-22,7.454005902268482e-22,7.453988090179639e-22,7.453970265092456e-22,7.4539524270409095e-22,7.453934576058522e-22,7.453916712206891e-22,7.453898835446346e-22,7.453880945919396e-22,7.453863043559377e-22,7.453845128436897e-22,7.45382720058763e-22,7.453809260045756e-22,7.453791306862469e-22,7.453773341034025e-22,7.45375536261398e-22,7.453737371635404e-22,7.453719368126646e-22,7.453701352123992e-22,7.453683323660911e-22,7.453665282771385e-22,7.45364722948473e-22,7.453629163837485e-22,7.453611085853831e-22,7.45359299557737e-22,7.453574893037334e-22,7.453556778264729e-22,7.4535386513457755e-22,7.45352051218321e-22,7.453502360903556e-22,7.453484197522139e-22,7.453466022048606e-22,7.453447834553616e-22,7.453429635048019e-22,7.453411423565352e-22,7.453393200129344e-22,7.453374964786322e-22,7.453356717560937e-22,7.453338458531078e-22,7.453320187633988e-22,7.453301904945341e-22,7.453283610501697e-22,7.453265304322618e-22,7.453246986432468e-22,7.453228656904923e-22,7.4532103157395795e-22,7.45319196297608e-22,7.453173598633645e-22,7.453155222754012e-22,7.453136835362897e-22,7.453118436489631e-22,7.453100026165032e-22,7.453081604419981e-22,7.453063171282029e-22,7.453044726783394e-22,7.453026270954613e-22,7.45300780382478e-22,7.452989325423359e-22,7.452970835774717e-22,7.4529523349192105e-22,7.452933822875416e-22,7.452915299685088e-22,7.452896765370725e-22,7.452878219952965e-22,7.452859663472414e-22,7.452841095954685e-22,7.452822517436823e-22,7.452803927931536e-22,7.45278532748391e-22,7.452766716116866e-22,7.452748093850942e-22,7.452729460722407e-22,7.452710816759806e-22,7.452692161991777e-22,7.452673496451785e-22,7.452654820158167e-22,7.45263613315068e-22,7.452617435450077e-22,7.452598727081164e-22,7.452580008110966e-22,7.452561278498524e-22,7.452542538307268e-22,7.452523787564233e-22,7.452505026294095e-22,7.452486254531535e-22,7.452467472290808e-22,7.452448679613592e-22,7.452429876537838e-22,7.452411063060831e-22,7.452392239228035e-22,7.452373405066392e-22,7.452354560592157e-22,7.4523357058459135e-22,7.452316840854196e-22,7.452297965632415e-22,7.452279080223221e-22,7.452260184648524e-22,7.45224127892779e-22,7.452222363094124e-22,7.452203437174029e-22,7.45218450118592e-22,7.452165555161255e-22,7.452146599131003e-22,7.45212763311585e-22,7.452108657146777e-22,7.452089671245555e-22,7.452070675442399e-22,7.452051669761536e-22,7.452032654226591e-22,7.452013628844278e-22,7.45199459366103e-22,7.451975548727773e-22,7.451956494023862e-22,7.451937429594896e-22,7.45191835546719e-22,7.45189927168458e-22,7.451880178244175e-22,7.451861075183444e-22,7.451841962609996e-22,7.451822840366266e-22,7.451803708627263e-22,7.451784567413393e-22,7.4517654166540555e-22,7.451746256407113e-22,7.451727086739579e-22,7.451707907650671e-22,7.451688719167709e-22,7.451669521327436e-22,7.451650314130214e-22,7.451631097615738e-22,7.451611871801216e-22,7.451592636706921e-22,7.451573392366598e-22,7.451554138803789e-22,7.451534876038491e-22,7.45151560412605e-22,7.451496323039361e-22,7.451477032844253e-22,7.45145773354648e-22,7.451438425159382e-22,7.451419107737428e-22,7.451399781278322e-22,7.451380445797161e-22,7.451361101351946e-22,7.451341747948123e-22,7.4513223856141305e-22,7.451303014366301e-22,7.45128363423472e-22,7.451264245206756e-22,7.451244847370002e-22,7.451225440686652e-22,7.451206025193139e-22,7.451186600939566e-22,7.451167167977601e-22,7.451147726226026e-22,7.451128275819563e-22,7.451108816736785e-22,7.45108934902524e-22,7.451069872681031e-22,7.4510503877172e-22,7.451030894172117e-22,7.4510113920399725e-22,7.450991881398176e-22,7.450972362230815e-22,7.4509528345653195e-22,7.450933298420612e-22,7.4509137538289e-22,7.450894200800945e-22,7.450874639365224e-22,7.450855069542898e-22,7.450835491360439e-22,7.450815904845866e-22,7.450796310002778e-22,7.4507767068612425e-22,7.450757095447385e-22,7.450737475756724e-22,7.45071784782547e-22,7.450698211706883e-22,7.4506785674054325e-22,7.450658914936206e-22,7.450639254303208e-22,7.450619585559859e-22,7.45059990873201e-22,7.450580223806027e-22,7.450560530854291e-22,7.450540829831698e-22,7.450521120819079e-22,7.4505014038153915e-22,7.450481678807249e-22,7.450461945836243e-22,7.450442204928073e-22,7.450422456120066e-22,7.450402699465267e-22,7.450382934926016e-22,7.450363162509472e-22,7.450343382261844e-22,7.450323594172604e-22,7.450303798319397e-22,7.450283994763881e-22,7.450264183414838e-22,7.450244364336373e-22,7.450224537551034e-22,7.450204703117754e-22,7.450184860990623e-22,7.450165011211765e-22,7.450145153812904e-22,7.4501252888007775e-22,7.450105416210292e-22,7.450085536056105e-22,7.450065648361925e-22,7.450045753149318e-22,7.450025850425984e-22,7.450005940222945e-22,7.449986022542837e-22,7.449966097433734e-22,7.449946164898778e-22,7.449926224958742e-22,7.449906277634483e-22,7.449886322943321e-22,7.449866360910292e-22,7.449846391543229e-22,7.449826414863274e-22,7.449806430900382e-22,7.449786439667239e-22,7.449766441186359e-22,7.449746435480097e-22,7.449726422557791e-22,7.449706402429373e-22,7.449686375146521e-22,7.449666340685541e-22,7.4496462990944835e-22,7.449626250382852e-22,7.44960619456317e-22,7.449586131677334e-22,7.449566061725328e-22,7.4495459847345305e-22,7.449525900720303e-22,7.449505809699298e-22,7.449485711643718e-22,7.449465606666526e-22,7.449445494740908e-22,7.449425375883678e-22,7.44940525011643e-22,7.449385117454052e-22,7.449364977915053e-22,7.449344831515033e-22,7.449324678234792e-22,7.449304518174736e-22,7.449284351310921e-22,7.449264177659096e-22,7.449243997241018e-22,7.44922381007232e-22,7.449203616171366e-22,7.449183415555585e-22,7.44916320824474e-22,7.4491429942529635e-22,7.449122773599835e-22,7.449102546302434e-22,7.449082312378883e-22,7.449062071846415e-22,7.4490418247243535e-22,7.4490215710267295e-22,7.449001310787853e-22,7.448981043996771e-22,7.448960770666389e-22,7.44894049081826e-22,7.448920204506142e-22,7.448899911720238e-22,7.448879612486364e-22,7.448859306785198e-22,7.448838994695688e-22,7.448818676204819e-22,7.448798351327829e-22,7.448778020051851e-22,7.4487576824564035e-22,7.448737338535944e-22,7.448716988300614e-22,7.4486966317556905e-22,7.448676268956293e-22,7.448655899856971e-22,7.44863552453756e-22,7.448615142953897e-22,7.448594755149645e-22,7.4485743611556e-22,7.448553960970692e-22,7.448533554617735e-22,7.448513142105123e-22,7.44849272345597e-22,7.448472298687683e-22,7.448451867815685e-22,7.448431430855126e-22,7.448410987796619e-22,7.44839053872864e-22,7.448370083601395e-22,7.448349622449802e-22,7.448329155288544e-22,7.448308682137537e-22,7.448288203010261e-22,7.448267717922381e-22,7.448247226899523e-22,7.448226729939683e-22,7.448206227096612e-22,7.448185718344512e-22,7.448165203689831e-22,7.448144683168023e-22,7.448124156796904e-22,7.448103624584778e-22,7.448083086473277e-22,7.448062542648098e-22,7.448041993021696e-22,7.448021437617531e-22,7.448000876464911e-22,7.4479803095706755e-22,7.447959736969672e-22,7.447939158665845e-22,7.447918574647112e-22,7.447897984939052e-22,7.44787738956358e-22,7.447856788563646e-22,7.447836181854589e-22,7.447815569562199e-22,7.447794951667816e-22,7.447774328229146e-22,7.447753699165156e-22,7.447733064537399e-22,7.447712424360046e-22,7.447691778664925e-22,7.447671127449968e-22,7.447650470722598e-22,7.447629808495409e-22,7.447609140845151e-22,7.44758846774434e-22,7.447567789147606e-22,7.447547105110933e-22,7.447526415661242e-22,7.4475057208123555e-22,7.447485020551876e-22,7.447464314934459e-22,7.447443603952678e-22,7.447422887650228e-22,7.447402165991184e-22,7.447381439021411e-22,7.447360706742876e-22,7.447339969151071e-22,7.44731922630934e-22,7.447298478197814e-22,7.447277724847486e-22,7.447256966239894e-22,7.447236202436428e-22,7.4472154334598585e-22,7.447194659260752e-22,7.447173879883463e-22,7.44715309532198e-22,7.447132305629566e-22,7.447111510798266e-22,7.447090710820683e-22,7.447069905773572e-22,7.447049095632567e-22,7.447028280392985e-22,7.447007460064736e-22,7.446986634701254e-22,7.446965804290608e-22,7.446944968898513e-22,7.446924128450521e-22,7.446903282995517e-22,7.446882432550846e-22,7.446861577130106e-22,7.446840716755056e-22,7.446819851376226e-22,7.446798981107902e-22,7.446778105917751e-22,7.44675722582133e-22,7.446736340834996e-22,7.446715450957532e-22,7.446694556170157e-22,7.446673656540167e-22,7.446652752081592e-22,7.44663184279865e-22,7.446610928696665e-22,7.4465900097526315e-22,7.446569086043993e-22,7.446548157510158e-22,7.446527224251336e-22,7.4465062862352305e-22,7.446485343478338e-22,7.446464395988877e-22,7.446443443786541e-22,7.446422486945361e-22,7.446401525355354e-22,7.446380559068678e-22,7.446359588116629e-22,7.446338612485735e-22,7.446317632229268e-22,7.446296647353777e-22,7.446275657855705e-22,7.446254663750845e-22,7.446233665057498e-22,7.446212661765376e-22,7.44619165402388e-22,7.446170641611334e-22,7.446149624673563e-22,7.446128603186041e-22,7.446107577173874e-22,7.446086546652533e-22,7.44606551164452e-22,7.446044472218372e-22,7.446023428240957e-22,7.446002379816646e-22,7.44598132692736e-22,7.445960269621322e-22,7.445939207874636e-22,7.445918141713823e-22,7.445897071146986e-22,7.445875996177183e-22,7.445854916817218e-22,7.445833833096022e-22,7.445812745032799e-22,7.445791652610493e-22,7.445770555917902e-22,7.445749454866826e-22,7.445728349497045e-22,7.445707239870268e-22,7.445686125912834e-22,7.445665007641538e-22,7.445643885157298e-22,7.44562275841131e-22,7.445601627476237e-22,7.44558049225902e-22,7.445559352820674e-22,7.445538209182999e-22,7.445517061339572e-22,7.445495909314514e-22,7.445474753117991e-22,7.445453592756672e-22,7.445432428243397e-22,7.445411259592504e-22,7.445390086806922e-22,7.445368909903561e-22,7.445347728900666e-22,7.445326543753196e-22,7.445305354559105e-22,7.4452841612985585e-22,7.445262963972199e-22,7.445241762610829e-22,7.4452205571768865e-22,7.445199347771477e-22,7.445178134311147e-22,7.445156916825927e-22,7.44513569534686e-22,7.44511446986665e-22,7.445093240417226e-22,7.445072006989557e-22,7.445050769656029e-22,7.445029528324303e-22,7.445008283061057e-22,7.444987033875429e-22,7.444965780775545e-22,7.444944523770435e-22,7.444923262874683e-22,7.444901998109909e-22,7.444880729459082e-22,7.444859456882692e-22,7.444838180509997e-22,7.444816900295278e-22,7.444795616277332e-22,7.44477432837399e-22,7.444753036693744e-22,7.444731741205442e-22,7.444710441964684e-22,7.444689138909376e-22,7.4446678320830145e-22,7.444646521532574e-22,7.444625207208516e-22,7.444603889136095e-22,7.444582567325304e-22,7.44456124180094e-22,7.444539912557596e-22,7.444518579612958e-22,7.444497242989052e-22,7.44447590267285e-22,7.444454558680585e-22,7.444433211031693e-22,7.444411859739686e-22,7.444390504796525e-22,7.4443691462579715e-22,7.444347784064563e-22,7.444326418252937e-22,7.444305048903941e-22,7.444283675914924e-22,7.444262299307811e-22,7.444240919138833e-22,7.444219535406403e-22,7.4441981481317005e-22,7.444176757295015e-22,7.444155362923945e-22,7.4441339650263355e-22,7.444112563619993e-22,7.444091158697474e-22,7.444069750276731e-22,7.444048338367988e-22,7.444026922976593e-22,7.444005504128262e-22,7.443984081805517e-22,7.443962656029346e-22,7.443941226824631e-22,7.443919794186994e-22,7.443898358112889e-22,7.44387691862145e-22,7.443855475690562e-22,7.443834029413276e-22,7.443812579733288e-22,7.443791126664781e-22,7.44376967023368e-22,7.443748210442062e-22,7.443726747297571e-22,7.443705280810522e-22,7.443683810989069e-22,7.443662337844939e-22,7.443640861415984e-22,7.443619381651458e-22,7.443597898584806e-22,7.443576412261329e-22,7.443554922623736e-22,7.443533429715247e-22,7.443511933546084e-22,7.443490434120349e-22,7.443468931450012e-22,7.443447425540457e-22,7.443425916405087e-22,7.443404404050722e-22,7.443382888499986e-22,7.4433613697349425e-22,7.44333984777443e-22,7.443318322629871e-22,7.443296794306987e-22,7.44327526283284e-22,7.44325372818092e-22,7.443232190364568e-22,7.443210649421876e-22,7.443189105342991e-22,7.443167558138933e-22,7.443146007818449e-22,7.443124454389478e-22,7.443102897858111e-22,7.443081338232665e-22,7.443059775524603e-22,7.443038209743656e-22,7.443016640891281e-22,7.442995068980447e-22,7.4429734939976405e-22,7.442951915992812e-22,7.442930334957453e-22,7.442908750895741e-22,7.442887163815678e-22,7.442865573759546e-22,7.442843980668595e-22,7.442822384587558e-22,7.442800785513976e-22,7.442779183462611e-22,7.4427575784414e-22,7.442735970460468e-22,7.442714359528135e-22,7.44269274564663e-22,7.44267112886178e-22,7.442649509116517e-22,7.442627886441961e-22,7.442606260851658e-22,7.442584632359237e-22,7.442563000965457e-22,7.442541366699691e-22,7.442519729539737e-22,7.442498089499851e-22,7.442476446591725e-22,7.442454800818435e-22,7.442433152196949e-22,7.442411500734575e-22,7.442389846435548e-22,7.442368189306915e-22,7.442346529356122e-22,7.442324866604793e-22,7.442303201034762e-22,7.442281532667337e-22,7.442259861508185e-22,7.442238187571364e-22,7.442216510851736e-22,7.44219483141276e-22,7.442173149168686e-22,7.442151464164699e-22,7.442129776433013e-22,7.442108085944071e-22,7.44208639272306e-22,7.442064696779007e-22,7.442042998122214e-22,7.44202129675309e-22,7.441999592680812e-22,7.441977885914354e-22,7.441956176459797e-22,7.441934464323281e-22,7.441912749519414e-22,7.441891032052523e-22,7.441869311923237e-22,7.441847589141845e-22,7.441825863719541e-22,7.441804135657889e-22,7.441782404968781e-22,7.441760671657261e-22,7.441738935727097e-22,7.441717197190162e-22,7.441695456050477e-22,7.441673712295751e-22,7.441651965971727e-22,7.4416302170732e-22,7.441608465579133e-22,7.441586711535546e-22,7.441564954933741e-22,7.441543195783914e-22,7.441521434086951e-22,7.4414996698300825e-22,7.441477903056021e-22,7.441456133763676e-22,7.441434361947893e-22,7.441412587623129e-22,7.441390810797238e-22,7.441369031469763e-22,7.441347249656576e-22,7.441325465353747e-22,7.441303678573646e-22,7.44128188933985e-22,7.441260097624508e-22,7.441238303452081e-22,7.441216506818022e-22,7.441194707749161e-22,7.4411729062533655e-22,7.44115110232199e-22,7.441129295964821e-22,7.441107487187657e-22,7.4410856760046985e-22,7.441063862413429e-22,7.44104204642112e-22,7.441020228082271e-22,7.440998407318207e-22,7.440976584172148e-22,7.440954758653641e-22,7.440932930775378e-22,7.4409111005354565e-22,7.4408892679397105e-22,7.440867432991814e-22,7.440845595702232e-22,7.440823756065301e-22,7.440801914110616e-22,7.440780069847128e-22,7.440758223269171e-22,7.440736374373969e-22,7.440714523180033e-22,7.440692669695991e-22,7.440670813935495e-22,7.440648955878143e-22,7.440627095548964e-22,7.440605232950793e-22,7.4405833680746605e-22,7.440561500938613e-22,7.440539631560215e-22,7.440517759931773e-22,7.440495886058754e-22,7.440474009958214e-22,7.44045213162786e-22,7.440430251135702e-22,7.4404083683697405e-22,7.440386483429271e-22,7.440364596249925e-22,7.440342706868315e-22,7.440320815299656e-22,7.44029892154559e-22,7.440277025609894e-22,7.440255127495819e-22,7.440233227222048e-22,7.440211324782836e-22,7.4401894201877325e-22,7.440167513446904e-22,7.440145604559709e-22,7.440123693559422e-22,7.440101780396322e-22,7.440079865171422e-22,7.440057947770513e-22,7.440036028249722e-22,7.440014106619762e-22,7.439992182916834e-22,7.4399702570857e-22,7.439948329161462e-22,7.43992639915204e-22,7.439904467060907e-22,7.439882532893642e-22,7.439860596657815e-22,7.439838658351896e-22,7.439816717996704e-22,7.439794775584623e-22,7.439772831123881e-22,7.439750884627896e-22,7.43972893609068e-22,7.439706985532859e-22,7.439685032946473e-22,7.439663078371633e-22,7.439641121753345e-22,7.439619163132414e-22,7.439597202506718e-22,7.439575239879443e-22,7.439553275254054e-22,7.439531308652835e-22,7.439509340071351e-22,7.439487369517087e-22,7.439465397034061e-22,7.439443422559324e-22,7.439421446108597e-22,7.439399467709357e-22,7.439377487404568e-22,7.439355505116755e-22,7.439333520890267e-22,7.43931153472671e-22,7.439289546644697e-22,7.4392675566414395e-22,7.439245564722175e-22,7.439223570883065e-22,7.439201575143426e-22,7.439179577503753e-22,7.43915757799063e-22,7.439135576566519e-22,7.439113573262897e-22,7.4390915680794345e-22,7.4390695610239705e-22,7.43904755210432e-22,7.43902554131362e-22,7.439003528660582e-22,7.438981514164003e-22,7.43895949780454e-22,7.438937479615228e-22,7.438915459580883e-22,7.438893437714203e-22,7.438871414023178e-22,7.438849388498238e-22,7.438827361184349e-22,7.438805332033448e-22,7.438783301076969e-22,7.4387612683088705e-22,7.438739233752602e-22,7.438717197400137e-22,7.438695159257503e-22,7.438673119320851e-22,7.438651077620624e-22,7.43862903415018e-22,7.4386069889072185e-22,7.438584941903054e-22,7.438562893139843e-22,7.438540842621592e-22,7.438518790360234e-22,7.438496736353576e-22,7.438474680596168e-22,7.438452623111692e-22,7.438430563947818e-22,7.438408502993252e-22,7.438386440341261e-22,7.438364375961547e-22,7.438342309872829e-22,7.438320242085059e-22,7.438298172603148e-22,7.438276101416774e-22,7.438254028531215e-22,7.438231953966788e-22,7.438209877712734e-22,7.438187799787878e-22,7.438165720169228e-22,7.438143638904679e-22,7.438121555985225e-22,7.43809947140108e-22,7.438077385164077e-22,7.438055297279554e-22,7.438033207739209e-22,7.438011116568318e-22,7.437989023767029e-22,7.437966929319435e-22,7.437944833244984e-22,7.437922735563878e-22,7.4379006362609345e-22,7.437878535340823e-22,7.437856432823365e-22,7.437834328694965e-22,7.43781222296195e-22,7.43779011564044e-22,7.437768006728724e-22,7.4377458962162565e-22,7.437723784109969e-22,7.437701670446817e-22,7.437679555215524e-22,7.437657438409149e-22,7.437635320027534e-22,7.437613200098645e-22,7.437591078664209e-22,7.4375689556401235e-22,7.4375468310735315e-22,7.437524704942321e-22,7.437502577275125e-22,7.4374804480753665e-22,7.437458317340861e-22,7.437436185097702e-22,7.437414051329566e-22,7.437391916044531e-22,7.4373697792597465e-22,7.437347640946526e-22,7.43732550113006e-22,7.437303359813802e-22,7.437281216994501e-22,7.437259072731475e-22,7.437236926950026e-22,7.437214779682809e-22,7.437192630930305e-22,7.437170480709332e-22,7.437148328996893e-22,7.437126175832523e-22,7.437104021216218e-22,7.437081865115425e-22,7.437059707577678e-22,7.437037548587105e-22,7.437015388155919e-22,7.436993226286807e-22,7.436971062966132e-22,7.436948898212913e-22,7.436926732034387e-22,7.43690456444169e-22,7.436882395412243e-22,7.436860224974956e-22,7.436838053115737e-22,7.436815879846811e-22,7.43679370517284e-22,7.436771529098739e-22,7.4367493516156035e-22,7.436727172756756e-22,7.436704992507952e-22,7.436682810866123e-22,7.436660627843587e-22,7.436638443440706e-22,7.436616257657002e-22,7.436594070510182e-22,7.436571881997114e-22,7.436549692121497e-22,7.436527500891474e-22,7.436505308310096e-22,7.436483114380925e-22,7.43646091909333e-22,7.436438722462187e-22,7.436416524488223e-22,7.43639432518078e-22,7.436372124549155e-22,7.436349922591745e-22,7.43632771929757e-22,7.436305514684293e-22,7.436283308756074e-22,7.436261101526607e-22,7.4362388929815145e-22,7.436216683101218e-22,7.436194471936541e-22,7.436172259480215e-22,7.436150045727727e-22,7.436127830674356e-22,7.436105614340869e-22,7.436083396742782e-22,7.436061177848638e-22,7.436038957707815e-22,7.4360167363250265e-22,7.435994513601917e-22,7.435972289628011e-22,7.435950064386694e-22,7.435927837886717e-22,7.435905610132103e-22,7.4358833811452185e-22,7.435861150862262e-22,7.435838919377087e-22,7.435816686639721e-22,7.435794452671585e-22,7.435772217466113e-22,7.435749981032981e-22,7.43572774337304e-22,7.435705504481495e-22,7.435683264364652e-22,7.435661023045791e-22,7.435638780517566e-22,7.43561653678416e-22,7.43559429183793e-22,7.435572045689483e-22,7.435549798345563e-22,7.435527549803824e-22,7.435505300070926e-22,7.435483049153709e-22,7.435460797087855e-22,7.43543854384567e-22,7.435416289376244e-22,7.4353940337384135e-22,7.435371776928469e-22,7.435349518953429e-22,7.435327259813432e-22,7.435304999529626e-22,7.435282738056901e-22,7.435260475400386e-22,7.435238211634645e-22,7.435215946720772e-22,7.435193680653006e-22,7.435171413505224e-22,7.435149145168991e-22,7.435126875699054e-22,7.435104605065739e-22,7.435082333336203e-22,7.435060060482117e-22,7.435037786444879e-22,7.435015511354019e-22,7.434993235160887e-22,7.4349709578434e-22,7.434948679417876e-22,7.434926399884247e-22,7.434904119251045e-22,7.434881837509457e-22,7.434859554680302e-22,7.434837270757857e-22,7.434814985746361e-22,7.434792699651266e-22,7.434770412539654e-22,7.434748124276106e-22,7.434725834940004e-22,7.434703544543787e-22,7.434681253066117e-22,7.434658960520481e-22,7.434636666908419e-22,7.434614372235116e-22,7.434592076506204e-22,7.434569779729739e-22,7.434547481891869e-22,7.434525183013379e-22,7.434502883081103e-22,7.43448058210653e-22,7.434458280092155e-22,7.434435977059502e-22,7.434413672975186e-22,7.434391367861275e-22,7.434369061733761e-22,7.434346754567238e-22,7.434324446380163e-22,7.434302137173571e-22,7.434279826967573e-22,7.434257515735505e-22,7.434235203507726e-22,7.434212890264952e-22,7.434190576008368e-22,7.434168260755785e-22,7.434145944503598e-22,7.434123627257808e-22,7.434101309035135e-22,7.434078989821137e-22,7.434056669607386e-22,7.434034348412928e-22,7.434012026231457e-22,7.433989703082411e-22,7.433967378955429e-22,7.433945053893603e-22,7.433922727827874e-22,7.433900400785107e-22,7.433878072789722e-22,7.433855743819467e-22,7.433833413892701e-22,7.433811083067351e-22,7.433788751210539e-22,7.433766418443782e-22,7.43374408473007e-22,7.433721750066163e-22,7.433699414477456e-22,7.433677077949492e-22,7.433654740476593e-22,7.433632402078094e-22,7.433610062751534e-22,7.433587722487665e-22,7.433565381305218e-22,7.433543039203907e-22,7.433520696199756e-22,7.433498352278821e-22,7.433476007429607e-22,7.433453661677033e-22,7.433431315028942e-22,7.4334089674669e-22,7.433386619011907e-22,7.433364269639299e-22,7.433341919380147e-22,7.433319568216462e-22,7.433297216182958e-22,7.433274863261606e-22,7.433252509432659e-22,7.433230154739624e-22,7.43320779915267e-22,7.433185442686883e-22,7.433163085325745e-22,7.433140727103386e-22,7.433118368017876e-22,7.433096008063014e-22,7.433073647246982e-22,7.433051285575164e-22,7.433028923030375e-22,7.433006559630024e-22,7.432984195375023e-22,7.43296183026544e-22,7.432939464308638e-22,7.432917097505227e-22,7.432894729854486e-22,7.432872361371286e-22,7.43284999203257e-22,7.432827621867671e-22,7.43280525086766e-22,7.432782879071627e-22,7.432760506406159e-22,7.432738132920362e-22,7.432715758625416e-22,7.4326933834311385e-22,7.432671007495459e-22,7.432648630726865e-22,7.432626253144342e-22,7.432603874766281e-22,7.4325814955797e-22,7.432559115586158e-22,7.432536734770682e-22,7.432514353143992e-22,7.43249197072719e-22,7.432469587506017e-22,7.432447203497774e-22,7.432424818687678e-22,7.43240243308649e-22,7.432380046700653e-22,7.432357659525352e-22,7.432335271578365e-22,7.432312882845751e-22,7.432290493341909e-22,7.4322681030628e-22,7.43224571201082e-22,7.432223320190626e-22,7.43220092759968e-22,7.432178534243397e-22,7.432156140123252e-22,7.432133745242093e-22,7.43211134960417e-22,7.432088953210682e-22,7.432066556063116e-22,7.432044158162602e-22,7.432021759512778e-22,7.431999360115564e-22,7.431976959973524e-22,7.431954559088867e-22,7.431932157463804e-22,7.431909755101491e-22,7.431887352002732e-22,7.4318649481707e-22,7.431842543607378e-22,7.431820138314869e-22,7.431797732295605e-22,7.431775325552168e-22,7.431752918086308e-22,7.431730509900717e-22,7.431708100996196e-22,7.43168569137718e-22,7.431663281044962e-22,7.431640870017356e-22,7.431618458263438e-22,7.431596045823339e-22,7.431573632660129e-22,7.431551218792259e-22,7.431528804224738e-22,7.4315063889100475e-22,7.431483972950539e-22,7.431461556298231e-22,7.431439138954592e-22,7.431416720922156e-22,7.431394302202451e-22,7.431371882798657e-22,7.431349462711405e-22,7.4313270419425965e-22,7.431304620498213e-22,7.431282198375456e-22,7.431259775578339e-22,7.43123735210451e-22,7.431214927963689e-22,7.431192503156871e-22,7.431170077690526e-22,7.43114765155488e-22,7.431125224759789e-22,7.431102797299796e-22,7.431080369185468e-22,7.431057940415445e-22,7.43103551099299e-22,7.431013080918707e-22,7.430990650197229e-22,7.430968218821287e-22,7.430945786809648e-22,7.430923354153251e-22,7.430900920847668e-22,7.430878486911732e-22,7.430856052332133e-22,7.430833617121544e-22,7.430811181349974e-22,7.430788744879459e-22,7.4307663077942705e-22,7.43074387002619e-22,7.430721431700877e-22,7.430698992735162e-22,7.430676553141728e-22,7.430654112924766e-22,7.430631672095494e-22,7.4306092306473075e-22,7.430586788586955e-22,7.430564345918848e-22,7.430541902643631e-22,7.43051945875856e-22,7.430497014270275e-22,7.430474569181323e-22,7.430452123486857e-22,7.430429677196259e-22,7.430407230307624e-22,7.430384782818019e-22,7.430362334736065e-22,7.430339886066104e-22,7.430317436809544e-22,7.430294986971664e-22,7.430272536539892e-22,7.430250085521774e-22,7.430227633924147e-22,7.430205181749382e-22,7.43018272899422e-22,7.430160275672339e-22,7.430137821765497e-22,7.430115367340449e-22,7.430092912291264e-22,7.430070456674456e-22,7.430048000490407e-22,7.430025543740624e-22,7.430003086467814e-22,7.4299806285926255e-22,7.429958170115456e-22,7.429935711123148e-22,7.4299132515752645e-22,7.429890791502299e-22,7.429868330853094e-22,7.429845869664279e-22,7.429823407904629e-22,7.429800945600398e-22,7.42977848277036e-22,7.429756019381514e-22,7.429733555453103e-22,7.4297110909802775e-22,7.4296886259885955e-22,7.429666160349978e-22,7.429643694268826e-22,7.429621227590756e-22,7.4295987604522315e-22,7.429576292702093e-22,7.429553824507665e-22,7.429531355805238e-22,7.429508886531663e-22,7.429486416769618e-22,7.42946394648634e-22,7.429441475696209e-22,7.429419004375741e-22,7.42939653257209e-22,7.429374060223177e-22,7.429351587365551e-22,7.429329113978889e-22,7.429306640134554e-22,7.429284165689688e-22,7.429261690808732e-22,7.4292392153998295e-22,7.429216739507109e-22,7.429194263137796e-22,7.4291717862543345e-22,7.429149308875875e-22,7.429126830978884e-22,7.4291043525894785e-22,7.429081873763245e-22,7.429059394449605e-22,7.429036914646012e-22,7.429014434340396e-22,7.428991953551311e-22,7.428969472181539e-22,7.428946990431557e-22,7.428924508193237e-22,7.42890202551971e-22,7.428879542336593e-22,7.428857058669932e-22,7.428834574515019e-22,7.428812089889651e-22,7.428789604809109e-22,7.428767119241018e-22,7.4287446332126645e-22,7.428722146720377e-22,7.428699659746608e-22,7.428677172328074e-22,7.428654684449106e-22,7.428632196126778e-22,7.428609707331841e-22,7.428587218190332e-22,7.428564728485904e-22,7.428542238326586e-22,7.428519747731715e-22,7.428497256699797e-22,7.428474765208149e-22,7.428452273259934e-22,7.428429780866798e-22,7.428407288028575e-22,7.428384794767382e-22,7.428362301064196e-22,7.428339806925171e-22,7.4283173123279395e-22,7.428294817295486e-22,7.428272321836938e-22,7.428249825942934e-22,7.428227329618072e-22,7.428204832869121e-22,7.428182335685955e-22,7.42815983808384e-22,7.428137340060587e-22,7.428114841610789e-22,7.428092342738573e-22,7.4280698433791385e-22,7.4280473437549395e-22,7.428024843629629e-22,7.428002343086975e-22,7.427979842130387e-22,7.427957340761217e-22,7.427934838979138e-22,7.427912336814814e-22,7.427889834216439e-22,7.427867331279379e-22,7.427844827869474e-22,7.427822324055732e-22,7.427799819839897e-22,7.427777315185952e-22,7.427754810187793e-22,7.427732304791712e-22,7.427709798945999e-22,7.427687292759734e-22,7.427664786178096e-22,7.427642279205525e-22,7.427619771842725e-22,7.427597264088316e-22,7.427574755947573e-22,7.427552247419051e-22,7.427529738491348e-22,7.427507229165967e-22,7.427484719467754e-22,7.427462209408321e-22,7.427439698971427e-22,7.427417188134362e-22,7.427394676924101e-22,7.42737216535561e-22,7.427349653393841e-22,7.427327141115348e-22,7.427304628428661e-22,7.427282115358496e-22,7.427259601918982e-22,7.427237088119947e-22,7.427214573948789e-22,7.427192059423788e-22,7.427169544500726e-22,7.427147029245845e-22,7.427124513621886e-22,7.427101997648789e-22,7.427079481309042e-22,7.427056964613169e-22,7.427034447531931e-22,7.427011930127597e-22,7.426989412370759e-22,7.426966894262953e-22,7.426944375810392e-22,7.4269218570050965e-22,7.426899337852731e-22,7.426876818354636e-22,7.426854298512543e-22,7.426831778327815e-22,7.426809257801188e-22,7.426786736932044e-22,7.4267642157258205e-22,7.426741694182078e-22,7.426719172302225e-22,7.426696650084706e-22,7.426674127533541e-22,7.426651604652141e-22,7.426629081438954e-22,7.426606557893693e-22,7.426584034019664e-22,7.42656150981827e-22,7.426538985290588e-22,7.426516460440219e-22,7.426493935263891e-22,7.426471409765216e-22,7.426448883945096e-22,7.426426357805387e-22,7.426403831343391e-22,7.426381304567493e-22,7.426358777475362e-22,7.42633625006828e-22,7.426313722347629e-22,7.426291194310891e-22,7.426268665966405e-22,7.426246137311965e-22,7.426223608345179e-22,7.426201079074341e-22,7.426178549493695e-22,7.426156019607865e-22,7.42613348941821e-22,7.426110958925904e-22,7.426088428131912e-22,7.426065897037749e-22,7.426043365644572e-22,7.426020833953467e-22,7.425998301965526e-22,7.425975769682245e-22,7.42595323710458e-22,7.425930704233896e-22,7.425908171071237e-22,7.425885637617661e-22,7.4258631038748085e-22,7.425840569843347e-22,7.425818035524914e-22,7.425795500920255e-22,7.425772966030715e-22,7.425750430857436e-22,7.425727895401541e-22,7.425705359664399e-22,7.425682823646982e-22,7.425660287350586e-22,7.425637750776236e-22,7.425615213924923e-22,7.425592676798134e-22,7.425570139396832e-22,7.425547601722113e-22,7.425525063775244e-22,7.425502525557346e-22,7.425479987069501e-22,7.4254574483124775e-22,7.425434909292654e-22,7.425412370001672e-22,7.425389830445315e-22,7.425367290629538e-22,7.425344750549541e-22,7.42532221020349e-22,7.42529966960142e-22,7.425277128734597e-22,7.425254587613548e-22,7.4252320462346e-22,7.425209504598919e-22,7.425186962707555e-22,7.42516442054696e-22,7.425141878148195e-22,7.425119335497686e-22,7.425096792595906e-22,7.425074249443987e-22,7.425051706043106e-22,7.42502916239496e-22,7.425006618499509e-22,7.42498407435853e-22,7.424961529973157e-22,7.424938985343702e-22,7.424916440472277e-22,7.424893895359235e-22,7.424871350006161e-22,7.424848804412977e-22,7.424826258581797e-22,7.424803712513581e-22,7.424781166209182e-22,7.424758619669742e-22,7.424736072896209e-22,7.424713525889976e-22,7.424690978651361e-22,7.424668431182271e-22,7.4246458834828e-22,7.424623335554696e-22,7.424600787398526e-22,7.424578239015622e-22,7.424555690407087e-22,7.424533141573817e-22,7.42451059251672e-22,7.424488043236582e-22,7.424465493735128e-22,7.424442944013101e-22,7.424420394071321e-22,7.424397843910486e-22,7.424375293532662e-22,7.424352742937857e-22,7.424330192127727e-22,7.424307641102597e-22,7.424285089863716e-22,7.424262538412384e-22,7.424239986749666e-22,7.424217434876187e-22,7.424194882792623e-22,7.424172330500569e-22,7.424149778001243e-22,7.424127225295001e-22,7.424104672383237e-22,7.4240821192662795e-22,7.424059565945892e-22,7.424037012422068e-22,7.424014458696525e-22,7.42399190477032e-22,7.423969350644291e-22,7.423946796318971e-22,7.4239242417962665e-22,7.423901687075793e-22,7.423879132159913e-22,7.423856577048492e-22,7.423834021743073e-22,7.423811466244451e-22,7.423788910553051e-22,7.423766354679049e-22,7.423743798614637e-22,7.423721242352522e-22,7.4236986859015455e-22,7.423676129263429e-22,7.423653572446433e-22,7.423631015435606e-22,7.423608458240542e-22,7.423585900854585e-22,7.423563343285953e-22,7.423540785541429e-22,7.423518227610175e-22,7.4234956695034505e-22,7.423473111212835e-22,7.4234505527438905e-22,7.423427994097632e-22,7.423405435282445e-22,7.423382876288433e-22,7.423360317115192e-22,7.423337757772758e-22,7.423315198257572e-22,7.423292638497525e-22,7.423270078641311e-22,7.423247518612353e-22,7.423224958414063e-22,7.423202398046255e-22,7.42317983761479e-22,7.42315727691698e-22,7.423134716029091e-22,7.423112155000568e-22,7.423089593807488e-22,7.423067032452317e-22,7.423044470934808e-22,7.423021909260408e-22,7.422999347420439e-22,7.422976785421459e-22,7.422954223263663e-22,7.422931660947531e-22,7.4229090984795555e-22,7.422886535849807e-22,7.422863973065788e-22,7.422841410121898e-22,7.422818847029653e-22,7.422796283787539e-22,7.422773720471707e-22,7.422751156923412e-22,7.422728593224417e-22,7.422706029377043e-22,7.422683465410514e-22,7.422660901272203e-22,7.422638337014055e-22,7.422615772575584e-22,7.42259320798972e-22,7.422570643261071e-22,7.422548078387943e-22,7.422525513372539e-22,7.422502948222443e-22,7.422480382922266e-22,7.422457817498544e-22,7.422435251919775e-22,7.422412686240634e-22,7.422390120404343e-22,7.42236755441299e-22,7.422344988280425e-22,7.42232242201262e-22,7.422299855623081e-22,7.422277289126427e-22,7.422254722463356e-22,7.422232155669182e-22,7.422209588742849e-22,7.422187021685908e-22,7.422164454503179e-22,7.422141887188777e-22,7.422119319746285e-22,7.422096752175258e-22,7.422074184485658e-22,7.422051616662438e-22,7.422029048714372e-22,7.422006480641086e-22,7.421983912491557e-22,7.421961344178048e-22,7.421938775738102e-22,7.421916207173472e-22,7.421893638490718e-22,7.421871069690887e-22,7.421848500771185e-22,7.421825931732709e-22,7.42180336257531e-22,7.421780793302901e-22,7.421758223915526e-22,7.421735654406908e-22,7.421713084790447e-22,7.421690515062582e-22,7.421667945221222e-22,7.4216453752316765e-22,7.42162280515985e-22,7.421600234982468e-22,7.421577664670387e-22,7.421555094228109e-22,7.421532523682221e-22,7.42150995302396e-22,7.421487382312195e-22,7.421464811449882e-22,7.421442240475253e-22,7.421419669445193e-22,7.421397098288312e-22,7.4213745270532025e-22,7.421351955714959e-22,7.421329384270468e-22,7.42130681273296e-22,7.421284241095225e-22,7.421261669328177e-22,7.421239097489002e-22,7.42121652555297e-22,7.421193953519763e-22,7.421171381390694e-22,7.42114880916599e-22,7.421126236845195e-22,7.421103664423579e-22,7.421081091916095e-22,7.421058519314465e-22,7.421035946626817e-22,7.42101337383572e-22,7.420990800961276e-22,7.420968227997615e-22,7.420945654923187e-22,7.420923081790968e-22,7.420900508566964e-22,7.420877935246532e-22,7.420855361866261e-22,7.420832788349838e-22,7.420810214783391e-22,7.4207876411553655e-22,7.420765067387366e-22,7.420742493579811e-22,7.420719919688459e-22,7.420697345702031e-22,7.420674771638641e-22,7.420652197571736e-22,7.420629623348786e-22,7.420607049047969e-22,7.420584474708167e-22,7.420561900273329e-22,7.42053932572897e-22,7.420516751108437e-22,7.420494176412314e-22,7.4204716016513125e-22,7.420449026797238e-22,7.420426451884994e-22,7.420403876902304e-22,7.420381301818341e-22,7.42035872671306e-22,7.42033615149835e-22,7.420313576238602e-22,7.4202910008969705e-22,7.420268425487342e-22,7.420245850001969e-22,7.420223274456755e-22,7.420200698845175e-22,7.420178123188965e-22,7.420155547400889e-22,7.420132971592484e-22,7.420110395685463e-22,7.42008781975936e-22,7.420065243757496e-22,7.420042667689314e-22,7.420020091557878e-22,7.419997515381225e-22,7.419974939136351e-22,7.41995236282201e-22,7.419929786458214e-22,7.419907210032083e-22,7.419884633552055e-22,7.419862057013905e-22,7.419839480412983e-22,7.4198169037667785e-22,7.419794327062244e-22,7.419771750302905e-22,7.419749173489553e-22,7.419726596607039e-22,7.41970401968977e-22,7.419681442708296e-22,7.419658865684714e-22,7.419636288521626e-22,7.419613711395011e-22,7.419591134235356e-22,7.419568557011265e-22,7.419545979730981e-22,7.419523402410315e-22,7.419500825042372e-22,7.419478247627594e-22,7.41945567020118e-22,7.4194330926949475e-22,7.4194105151435905e-22,7.419387937549586e-22,7.419365359906135e-22,7.41934278222332e-22,7.419320204497783e-22,7.41929762671519e-22,7.41927504892162e-22,7.4192524710760265e-22,7.419229893187153e-22,7.41920731525813e-22,7.419184737296021e-22,7.41916215929029e-22,7.419139581214138e-22,7.419117003128192e-22,7.419094425011143e-22,7.419071846872168e-22,7.419049268698964e-22,7.419026690479042e-22,7.419004112221068e-22,7.41898153393046e-22,7.418958955493644e-22,7.418936377137421e-22,7.418913798729429e-22,7.4188912203089655e-22,7.418868641854522e-22,7.418846063380465e-22,7.418823484804544e-22,7.418800906299465e-22,7.418778327731909e-22,7.418755749132032e-22,7.4187331705082965e-22,7.41871059185723e-22,7.41868801319398e-22,7.418665434469463e-22,7.418642855738682e-22,7.41862027699364e-22,7.418597698234101e-22,7.418575119433927e-22,7.4185525406321935e-22,7.418529961786503e-22,7.418507382918626e-22,7.418484804040969e-22,7.418462225132768e-22,7.418439646203831e-22,7.418417067253845e-22,7.418394488275878e-22,7.418371909318669e-22,7.418349330313168e-22,7.418326751290206e-22,7.418304172250056e-22,7.418281593206074e-22,7.418259014134115e-22,7.418236435046201e-22,7.418213855943245e-22,7.418191276786683e-22,7.418168697651473e-22,7.418146118518435e-22,7.418123539357233e-22,7.418100960187918e-22,7.418078381016601e-22,7.418055801832738e-22,7.418033222628332e-22,7.418010643416514e-22,7.417988064196564e-22,7.417965484966423e-22,7.417942905727554e-22,7.417920326470597e-22,7.417897747216251e-22,7.417875167955363e-22,7.417852588687958e-22,7.417830009427964e-22,7.417807430150134e-22,7.417784850865259e-22,7.417762271580178e-22,7.417739692268327e-22,7.4177171129647635e-22,7.417694533665131e-22,7.417671954365763e-22,7.417649375072852e-22,7.417626795771144e-22,7.417604216462112e-22,7.417581637157852e-22,7.417559057858358e-22,7.417536478555201e-22,7.417513899256853e-22,7.417491319956378e-22,7.417468740653867e-22,7.417446161347152e-22,7.417423582043878e-22,7.417401002755309e-22,7.417378423470855e-22,7.417355844182178e-22,7.417333264907637e-22,7.417310685638723e-22,7.417288106372878e-22,7.41726552711165e-22,7.417242947863023e-22,7.417220368618784e-22,7.417197789385543e-22,7.417175210161564e-22,7.417152630950038e-22,7.417130051741896e-22,7.417107472545723e-22,7.417084893360519e-22,7.417062314186581e-22,7.417039735033726e-22,7.417017155878944e-22,7.416994576740131e-22,7.416971997609081e-22,7.416949418503643e-22,7.416926839400929e-22,7.416904260316557e-22,7.41688168123901e-22,7.4168591021925735e-22,7.416836523154746e-22,7.416813944085795e-22,7.416791365068339e-22,7.416768786054534e-22,7.41674620708341e-22,7.416723628155472e-22,7.416701049204334e-22,7.416678470289249e-22,7.416655891393862e-22,7.416633312505232e-22,7.416610733663712e-22,7.416588154720441e-22,7.416565575907044e-22,7.416542997114713e-22,7.416520418344486e-22,7.416497839600361e-22,7.416475260865678e-22,7.416452682151935e-22,7.416430103501554e-22,7.416407524834619e-22,7.416384946166979e-22,7.416362367565437e-22,7.416339788988057e-22,7.41631721044665e-22,7.4162946319222545e-22,7.416272053419237e-22,7.416249474949072e-22,7.416226896580588e-22,7.416204318169962e-22,7.416181739783708e-22,7.416159161426485e-22,7.416136583095572e-22,7.416114004722472e-22,7.41609142644603e-22,7.416068848222868e-22,7.416046270019848e-22,7.416023691842868e-22,7.416001113717863e-22,7.4159785356188345e-22,7.41595595755134e-22,7.415933379531543e-22,7.415910801543339e-22,7.415888223574919e-22,7.4158656456329925e-22,7.415843067792854e-22,7.415820489929287e-22,7.41579791209445e-22,7.415775334301324e-22,7.415752756553249e-22,7.415730178892327e-22,7.415707601213356e-22,7.415685023572553e-22,7.4156624459684445e-22,7.415639868397967e-22,7.415617290870349e-22,7.415594713381e-22,7.415572135797583e-22,7.41554955840363e-22,7.415526981052603e-22,7.4155044037303955e-22,7.415481826452234e-22,7.415459249224243e-22,7.415436672061164e-22,7.415414094911412e-22,7.415391517804957e-22,7.415368940750077e-22,7.415346363727672e-22,7.415323786762872e-22,7.41530120983961e-22,7.415278632951291e-22,7.41525605611447e-22,7.415233479320434e-22,7.415210902589629e-22,7.415188325914108e-22,7.415165749255876e-22,7.415143172665571e-22,7.4151205961131355e-22,7.415098019704947e-22,7.415075443190534e-22,7.415052866786287e-22,7.41503029047614e-22,7.415007714171356e-22,7.414985137918962e-22,7.414962561722064e-22,7.414939985581136e-22,7.4149174094817965e-22,7.414894833434597e-22,7.4148722574400585e-22,7.41484968149921e-22,7.414827105612457e-22,7.414804529779755e-22,7.414781954001044e-22,7.414759378276363e-22,7.414736802607854e-22,7.414714226983775e-22,7.414691651425576e-22,7.414669075931365e-22,7.414646500486591e-22,7.414623925106317e-22,7.414601349783186e-22,7.4145787745200895e-22,7.414556199316225e-22,7.414533624167898e-22,7.414511049077686e-22,7.414488474046786e-22,7.414465899075715e-22,7.414443324179113e-22,7.414420749319582e-22,7.414398174542577e-22,7.41437559981421e-22,7.414353025150829e-22,7.414330450547014e-22,7.414307876003313e-22,7.414285301526565e-22,7.414262727097664e-22,7.41424015270605e-22,7.414217578427661e-22,7.41419500419255e-22,7.414172430033737e-22,7.414149855917824e-22,7.414127281940527e-22,7.414104707962902e-22,7.414082134050847e-22,7.414059560323248e-22,7.414036986616604e-22,7.4140144128936275e-22,7.4139918392482925e-22,7.413969265670567e-22,7.413946692160769e-22,7.413924118719332e-22,7.413901545346378e-22,7.41387897207325e-22,7.413856398838689e-22,7.413833825673813e-22,7.413811252578954e-22,7.413788679554614e-22,7.413766106600746e-22,7.4137435337181875e-22,7.413720960909909e-22,7.413698388172596e-22,7.413675815505294e-22,7.413653242913238e-22,7.413630670391261e-22,7.413608097942406e-22,7.413585525567329e-22,7.413562953264867e-22,7.413540381041078e-22,7.413517808888347e-22,7.413495236813272e-22,7.413472664809363e-22,7.41345009288525e-22,7.413427521031035e-22,7.413404949255894e-22,7.413382377557562e-22,7.413359805934863e-22,7.413337234415223e-22,7.413314662947482e-22,7.413292091560249e-22,7.413269520249544e-22,7.413246949081691e-22,7.41322437792525e-22,7.413201806851616e-22,7.413179235859239e-22,7.413156664946245e-22,7.413134094110242e-22,7.413111523358687e-22,7.413088952687756e-22,7.413066382065191e-22,7.413043811557456e-22,7.413021241131368e-22,7.412998670787811e-22,7.412976100525649e-22,7.4129535303125745e-22,7.412930960215112e-22,7.412908390203894e-22,7.4128858202296435e-22,7.412863250384987e-22,7.412840680625529e-22,7.412818110950791e-22,7.41279554136351e-22,7.412772971915788e-22,7.41275040251156e-22,7.4127278331787e-22,7.412705263926754e-22,7.41268269477339e-22,7.412660125699537e-22,7.412637556718816e-22,7.412614987816991e-22,7.412592419009092e-22,7.4125698503042945e-22,7.412547281630046e-22,7.412524713071575e-22,7.412502144533629e-22,7.412479576287366e-22,7.412457008021429e-22,7.412434439851945e-22,7.412411871761431e-22,7.412389303681099e-22,7.412366735768044e-22,7.412344167946247e-22,7.412321600214123e-22,7.412299032588278e-22,7.412276465042087e-22,7.412253897595228e-22,7.412231330303874e-22,7.41220876302145e-22,7.412186195749488e-22,7.412163628588995e-22,7.412141061642567e-22,7.412118494753193e-22,7.412095927965935e-22,7.412073361261268e-22,7.412050794671923e-22,7.412028228158825e-22,7.41200566176189e-22,7.411983095431523e-22,7.41196052920175e-22,7.411937963075224e-22,7.411915397035588e-22,7.411892831108247e-22,7.4118702652706725e-22,7.411847699554995e-22,7.4118251339037755e-22,7.411802568363643e-22,7.411780002954086e-22,7.411757437612119e-22,7.411734872381584e-22,7.411712307235613e-22,7.4116897421839365e-22,7.411667177233799e-22,7.411644612352355e-22,7.4116220476057e-22,7.411599482977556e-22,7.411576918439664e-22,7.41155435401225e-22,7.41153178967851e-22,7.411509225443664e-22,7.411486661314117e-22,7.411464097288284e-22,7.411441533355789e-22,7.411418969526938e-22,7.411396405779756e-22,7.411373842153584e-22,7.411351278646237e-22,7.411328715246386e-22,7.411306151932628e-22,7.411283588736662e-22,7.411261025649581e-22,7.411238462665292e-22,7.411215899786744e-22,7.411193337008804e-22,7.4111707743272605e-22,7.411148211770782e-22,7.411125649359983e-22,7.4111030870372835e-22,7.411080524790015e-22,7.411057962652556e-22,7.411035400632748e-22,7.41101283868917e-22,7.410990276873524e-22,7.410967715183203e-22,7.41094515359543e-22,7.410922592118921e-22,7.410900030752431e-22,7.410877469482374e-22,7.410854908339139e-22,7.410832347305101e-22,7.41080978638517e-22,7.410787225569928e-22,7.410764664857073e-22,7.410742104286785e-22,7.410719543796013e-22,7.41069698332373e-22,7.4106744230435485e-22,7.410651862810594e-22,7.410629302783835e-22,7.410606742783022e-22,7.410584182982272e-22,7.410561623301353e-22,7.410539063734049e-22,7.410516504274283e-22,7.410493944846647e-22,7.41047138553396e-22,7.410448826342735e-22,7.410426267246056e-22,7.410403708424003e-22,7.410381149656057e-22,7.4103585910039915e-22,7.410336032468624e-22,7.410313474049113e-22,7.410290915750527e-22,7.410268357566082e-22,7.410245799501995e-22,7.410223241559147e-22,7.41020068372684e-22,7.410178126012167e-22,7.410155568416172e-22,7.410133010936019e-22,7.410110453574347e-22,7.410087896335098e-22,7.410065339211307e-22,7.41004278216649e-22,7.410020225297369e-22,7.409997668537369e-22,7.409975111896743e-22,7.40995255542389e-22,7.409929999026325e-22,7.409907442748948e-22,7.409884886575235e-22,7.409862330534539e-22,7.409839774621366e-22,7.409817218826642e-22,7.409794663158805e-22,7.409772107567275e-22,7.409749552131441e-22,7.409726996827775e-22,7.409704441648768e-22,7.409681886603801e-22,7.409659331673841e-22,7.4096367768638995e-22,7.409614222182131e-22,7.40959166762264e-22,7.409569113197939e-22,7.409546558890676e-22,7.409524004713678e-22,7.409501450656728e-22,7.409478896727741e-22,7.409456342916032e-22,7.409433789243824e-22,7.40941123568805e-22,7.409388682258713e-22,7.409366128960032e-22,7.409343575791996e-22,7.409321022741462e-22,7.409298469831004e-22,7.409275917041956e-22,7.409253364419762e-22,7.409230811957177e-22,7.40920825960864e-22,7.409185707332743e-22,7.409163155218926e-22,7.409140603200801e-22,7.409118051318283e-22,7.409095499559676e-22,7.409072947929721e-22,7.409050396339795e-22,7.409027844948148e-22,7.40900529371303e-22,7.408982742607724e-22,7.408960191623953e-22,7.408937640782082e-22,7.408915090047835e-22,7.408892539457862e-22,7.4088699890081905e-22,7.408847438692536e-22,7.408824888527784e-22,7.408802338489677e-22,7.408779788573849e-22,7.408757238769263e-22,7.408734689117774e-22,7.4087121395980505e-22,7.408689590221921e-22,7.408667040962872e-22,7.40864449182136e-22,7.408621942788301e-22,7.408599393939716e-22,7.408576845286063e-22,7.408554296710715e-22,7.408531748273781e-22,7.408509199875634e-22,7.408486651706327e-22,7.408464103670186e-22,7.408441555770353e-22,7.408419008024073e-22,7.4083964602955235e-22,7.40837391278891e-22,7.408351365444941e-22,7.408328818168825e-22,7.408306271084465e-22,7.408283724146395e-22,7.408261177252565e-22,7.40823863058681e-22,7.408216084060892e-22,7.40819353756096e-22,7.408170991313505e-22,7.408148445219418e-22,7.408125899116615e-22,7.408103353301145e-22,7.408080807610685e-22,7.408058261981929e-22,7.408035716568259e-22,7.408013171240231e-22,7.407990626087196e-22,7.40796808110898e-22,7.407945536250648e-22,7.407922991542192e-22,7.407900446975051e-22,7.4078779025492465e-22,7.407855358272809e-22,7.407832814129148e-22,7.407810270128545e-22,7.407787726270943e-22,7.4077651825555875e-22,7.407742638981636e-22,7.407720095550828e-22,7.407697552263735e-22,7.407675009120852e-22,7.407652466121429e-22,7.407629923220223e-22,7.407607380590704e-22,7.407584838022638e-22,7.407562295553551e-22,7.407539753279165e-22,7.407517211206866e-22,7.407494669217015e-22,7.4074721273726785e-22,7.407449585657051e-22,7.407427044094205e-22,7.407404502683085e-22,7.407381961423839e-22,7.407359420280436e-22,7.407336879311368e-22,7.407314338488979e-22,7.407291797865162e-22,7.4072692573412485e-22,7.407246716959883e-22,7.407224176725503e-22,7.407201636640361e-22,7.407179096658581e-22,7.407156556934957e-22,7.407134017282602e-22,7.407111477787997e-22,7.407088938441522e-22,7.407066399243961e-22,7.407043860197972e-22,7.407021321275638e-22,7.406998782583945e-22,7.406976243974254e-22,7.406953705452434e-22,7.406931167142386e-22,7.406908628994939e-22,7.406886091021675e-22,7.406863553168624e-22,7.406841015476894e-22,7.406818477932488e-22,7.406795940516823e-22,7.406773403242718e-22,7.406750866159629e-22,7.406728329104418e-22,7.406705792314574e-22,7.406683255684527e-22,7.406660719198476e-22,7.406638182864079e-22,7.406615646690181e-22,7.406593110536543e-22,7.40657057464379e-22,7.40654803890436e-22,7.406525503332177e-22,7.406502967916622e-22,7.406480432658972e-22,7.406457897551032e-22,7.406435362600635e-22,7.406412827814965e-22,7.406390293183418e-22,7.406367758688208e-22,7.406345224389971e-22,7.406322690206677e-22,7.406300156164526e-22,7.406277622294326e-22,7.406255088579615e-22,7.406232555007084e-22,7.406210021622452e-22,7.406187488351569e-22,7.406164955254861e-22,7.4061424223729e-22,7.406119889565104e-22,7.406097356942361e-22,7.406074824488204e-22,7.406052292179516e-22,7.406029760070927e-22,7.406007228077015e-22,7.405984696239594e-22,7.405962164600726e-22,7.405939633082016e-22,7.405917101719941e-22,7.405894570513534e-22,7.405872039465511e-22,7.405849508722062e-22,7.40582697799277e-22,7.405804447414037e-22,7.405781917002163e-22,7.405759386755987e-22,7.405736856559782e-22,7.405714326627224e-22,7.405691796870947e-22,7.40566926726436e-22,7.405646737706072e-22,7.40562420841187e-22,7.405601679280348e-22,7.405579150301523e-22,7.405556621490873e-22,7.405534092824872e-22,7.405511564338475e-22,7.405489036012931e-22,7.405466507850592e-22,7.405443979767733e-22,7.405421451933295e-22,7.405398924256208e-22,7.4053763967464175e-22,7.40535386941992e-22,7.40533134221829e-22,7.405308815196732e-22,7.405286288320911e-22,7.405263761646085e-22,7.405241235105657e-22,7.4052187087373525e-22,7.405196182532764e-22,7.405173656482605e-22,7.405151130600715e-22,7.40512860492103e-22,7.405106079374427e-22,7.405083554031796e-22,7.405061028812991e-22,7.405038503773139e-22,7.405015978926984e-22,7.404993454148159e-22,7.404970929606302e-22,7.40494840524763e-22,7.404925881031689e-22,7.404903356978473e-22,7.404880833093704e-22,7.404858309366437e-22,7.4048357858566755e-22,7.404813262477856e-22,7.40479073921659e-22,7.404768216180796e-22,7.404745693285191e-22,7.404723170560637e-22,7.404700648005578e-22,7.404678125614141e-22,7.404655603346029e-22,7.404633081306771e-22,7.404610559418681e-22,7.404588037731402e-22,7.404565516259117e-22,7.404542994894774e-22,7.404520473659336e-22,7.40449795261668e-22,7.404475431675244e-22,7.404452910966082e-22,7.40443039043283e-22,7.404407870061365e-22,7.40438534986865e-22,7.404362829834249e-22,7.40434030997409e-22,7.404317790288915e-22,7.404295270758915e-22,7.404272751405742e-22,7.404250232224787e-22,7.404227713126508e-22,7.404205194288155e-22,7.404182675618067e-22,7.404160157115712e-22,7.4041376387858925e-22,7.404115120629919e-22,7.404092602648189e-22,7.404070084834952e-22,7.404047567198269e-22,7.404025049733458e-22,7.404002532420824e-22,7.403980015287686e-22,7.403957498443495e-22,7.403934981687378e-22,7.403912465078185e-22,7.403889948648233e-22,7.403867432314517e-22,7.403844916245441e-22,7.403822400341632e-22,7.403799884643341e-22,7.403777369083293e-22,7.403754853698479e-22,7.403732338484431e-22,7.40370982344341e-22,7.403687308574138e-22,7.4036647938828835e-22,7.40364227936435e-22,7.403619765023453e-22,7.403597250859317e-22,7.403574736865955e-22,7.403552223046437e-22,7.403529709404991e-22,7.403507195937461e-22,7.403484682663069e-22,7.403462169549926e-22,7.403439656611606e-22,7.403417143850123e-22,7.40339463126409e-22,7.403372118856181e-22,7.403349606623079e-22,7.403327094553226e-22,7.403304582673795e-22,7.40328207097358e-22,7.403259559455871e-22,7.403237048095914e-22,7.403214536925361e-22,7.403192025930931e-22,7.403169515114345e-22,7.403147004474964e-22,7.403124494016683e-22,7.403101983735623e-22,7.403079473630548e-22,7.403056963705597e-22,7.403034453931932e-22,7.403011944364949e-22,7.402989434973049e-22,7.40296692576083e-22,7.402944416728741e-22,7.402921907877611e-22,7.402899399207771e-22,7.402876890715483e-22,7.402854382403251e-22,7.402831874270606e-22,7.4028093663111035e-22,7.40278685853716e-22,7.402764350945836e-22,7.402741843535165e-22,7.402719336307299e-22,7.402696829256669e-22,7.402674322385093e-22,7.402651815697091e-22,7.402629309191556e-22,7.402606802859381e-22,7.402584296715244e-22,7.402561790747722e-22,7.402539284976699e-22,7.402516779377809e-22,7.402494273941128e-22,7.402471768740943e-22,7.40244926368725e-22,7.402426758816806e-22,7.402404254130226e-22,7.402381749643723e-22,7.402359245319375e-22,7.402336741199944e-22,7.402314237241512e-22,7.402291733467732e-22,7.402269229877298e-22,7.402246726435439e-22,7.402224223212614e-22,7.40220172017673e-22,7.402179217319249e-22,7.402156714651004e-22,7.402134212162619e-22,7.402111709850075e-22,7.402089207734383e-22,7.402066705793274e-22,7.402044204043371e-22,7.40202170244324e-22,7.401999201143047e-22,7.401976699912674e-22,7.401954198914646e-22,7.401931698106614e-22,7.401909197471077e-22,7.401886697017432e-22,7.401864196741815e-22,7.401841696661532e-22,7.40181919676678e-22,7.401796697099274e-22,7.401774197577398e-22,7.401751698241079e-22,7.401729199093884e-22,7.401706700101436e-22,7.401684201321815e-22,7.401661702624191e-22,7.401639204218576e-22,7.401616706001716e-22,7.401594207968946e-22,7.4015717101274e-22,7.401549212437439e-22,7.4015267149712175e-22,7.401504217714075e-22,7.401481720623674e-22,7.401459223718248e-22,7.401436727003334e-22,7.401414230467356e-22,7.401391734129769e-22,7.401369237980969e-22,7.401346742017025e-22,7.401324246245783e-22,7.401301750662883e-22,7.401279255294099e-22,7.401256760085849e-22,7.401234265067632e-22,7.401211770241743e-22,7.4011892756037775e-22,7.401166781131254e-22,7.401144286874253e-22,7.401121792813483e-22,7.401099299001764e-22,7.401076805318084e-22,7.401054311821433e-22,7.401031818515523e-22,7.401009325399805e-22,7.400986832477748e-22,7.40096433970888e-22,7.400941847161018e-22,7.400919354804877e-22,7.4008968626437595e-22,7.400874370665046e-22,7.400851878886603e-22,7.4008293872996645e-22
21,1.687099218314705e-83,8.61328496569764e-83,2.6611977414673194e-82,6.420622547998996e-82,1.3296895840556106e-81,2.4784981033493507e-81,4.274827401457684e-81,6.944847559411958e-81,1.0757525250791657e-80,1.6027609475277835e-80,2.3118658565673027e-80,3.2446117364512316e-80,4.448044549400067e-80,5.9750293042064406e-80,7.88457176638671e-80,1.0242143624281847e-79,1.3120010429534516e-79,1.659756168466913e-79,2.0761642529148046e-79,2.570688656179859e-79,3.153604942205982e-79,3.8360342829607544e-79,4.629976884910447e-79,5.548345420372447e-79,6.604998450597913e-79,7.814773831422666e-79,9.193522094861759e-79,1.0758139802491315e-78,1.2526602868032963e-78,1.4517999847725234e-78,1.675256519799404e-78,1.9251712500453082e-78,2.2038067654721666e-78,2.5135502039628616e-78,2.8569165643915107e-78,3.2365520166730707e-78,3.655237208938522e-78,4.115890571872132e-78,4.621571620305724e-78,5.175484252127922e-78,5.78098004458639e-78,6.441561547992677e-78,7.160885576954803e-78,7.942766499083188e-78,8.791179521260607e-78,9.710263973532677e-78,1.0704326590546444e-77,1.177784479066091e-77,1.293546995269182e-77,1.4182030690307402e-77,1.5522536124116634e-77,1.6962179151424848e-77,1.8506339713692403e-77,2.0160588061675808e-77,2.193068801837682e-77,2.3822600239448064e-77,2.5842485471658648e-77,2.7996707808826802e-77,3.0291837945597135e-77,3.2734656428829206e-77,3.533215690696171e-77,3.809154937678964e-77,4.1020263428215335e-77,4.412595148666306e-77,4.741649205320165e-77,5.0899992942470875e-77,5.4584794518301735e-77,5.847947292716299e-77,6.2592843329202435e-77,6.69339631271705e-77,7.151213519316764e-77,7.633691109288625e-77,8.141809430785392e-77,8.676574345528344e-77,9.239017550580243e-77,9.83019689988667e-77,1.0451196725590379e-76,1.1103128159128473e-76,1.1787129452108404e-76,1.2504366296953144e-76,1.3256032147325023e-76,1.404334853833352e-76,1.4867565406504077e-76,1.5729961409556956e-76,1.6631844245911552e-76,1.757455097402314e-76,1.855944833145244e-76,1.9587933053763913e-76,2.0661432193131843e-76,2.17814034367953e-76,2.294933542524645e-76,2.4166748070216217e-76,2.54351928724325e-76,2.6756253239159115e-76,2.8131544801512714e-76,2.9562715731561776e-76,3.1051447059200593e-76,3.2599452988808136e-76,3.4208481215677804e-76,3.588031324224002e-76,3.761676469405119e-76,3.941968563557211e-76,4.129096088572322e-76,4.3232510333219645e-76,4.524628925168699e-76,4.733428861456933e-76,4.9498535409783935e-76,5.1741092954192706e-76,5.4064061207880147e-76,5.646957708809851e-76,5.895981478312396e-76,6.15369860658406e-76,6.420334060708694e-76,6.696116628882434e-76,6.981278951703915e-76,7.276057553448771e-76,7.580692873322655e-76,7.895429296673101e-76,8.220515186216807e-76,8.556202913210417e-76,8.902748888617155e-76,9.260413594249533e-76,9.629461613878388e-76,1.0010161664350332e-75,1.0402786626649352e-75,1.0807613576948334e-75,1.1224923817653294e-75,1.1655002908408373e-75,1.209814069708194e-75,1.255463135074683e-75,1.3024773386613052e-75,1.3508869702964478e-75,1.400722761004712e-75,1.452015886097204e-75,1.5047979682559423e-75,1.5591010806180491e-75,1.6149577498584323e-75,1.6724009592680317e-75,1.7314641518325407e-75,1.7921812333068995e-75,1.854586575289177e-75,1.9187150182899058e-75,1.9846018748042338e-75,2.0522829323761553e-75,2.121794456663086e-75,2.1931731944998938e-75,2.266456376958303e-75,2.3416817224054285e-75,2.4188874395596746e-75,2.498112230545073e-75,2.5793952939438646e-75,2.662776327843772e-75,2.74829553288805e-75,2.8359936153209e-75,2.925911790029409e-75,3.018091783586031e-75,3.112575837288144e-75,3.209406710192182e-75,3.3086276821529504e-75,3.410282556853343e-75,3.5144156648359807e-75,3.621071866532125e-75,3.7302965552877357e-75,3.8421356603876343e-75,3.956635650079705e-75,4.073843534591648e-75,4.193806869151587e-75,4.3165737570057973e-75,4.442192852426656e-75,4.570713363730716e-75,4.702185056284826e-75,4.836658255515221e-75,4.974183849912329e-75,5.1148132940345e-75,5.25859861150961e-75,5.405592398033567e-75,5.555847824368436e-75,5.709418639336866e-75,5.866359172815205e-75,6.026724338725347e-75,6.190569638020439e-75,6.357951161677219e-75,6.528925593675467e-75,6.703550213981702e-75,6.881882901534852e-75,7.063982137215214e-75,7.249907006828557e-75,7.439717204079295e-75,7.633473033539825e-75,7.831235413621522e-75,8.033065879548183e-75,8.239026586312099e-75,8.449180311646846e-75,8.663590458985452e-75,8.882321060419954e-75,9.105436779661764e-75,9.33300291499474e-75,9.565085402229532e-75,9.801750817656408e-75,1.0043066380994234e-74,1.0289099958337309e-74,1.0539920065101707e-74,1.0795595868968812e-74,1.1056197192825686e-74,1.132179451770625e-74,1.1592458985726275e-74,1.1868262403020224e-74,1.214927724267658e-74,1.24355766476624e-74,1.2727234433759892e-74,1.3024325092489075e-74,1.3326923794035424e-74,1.3635106390169152e-74,1.3948949417172836e-74,1.4268530098752292e-74,1.4593926348959884e-74,1.4925216775106451e-74,1.5262480680674987e-74,1.5605798068231126e-74,1.595524964233509e-74,1.6310916812441964e-74,1.6672881695812519e-74,1.7041227120412569e-74,1.7416036627816787e-74,1.7797394476105184e-74,1.8185385642758703e-74,1.8580095827558895e-74,1.8981611455474416e-74,1.9390019679556122e-74,1.9805408383825063e-74,2.0227866186157237e-74,2.065748244116933e-74,2.1094347243104354e-74,2.1538551428705425e-74,2.1990186580102342e-74,2.244934502768291e-74,2.2916119852969986e-74,2.33906048914928e-74,2.387289473565644e-74,2.4363084737616875e-74,2.4861271012141713e-74,2.536755043947498e-74,2.5882020668199514e-74,2.640478011810236e-74,2.693592798303283e-74,2.7475564233747478e-74,2.802378962078704e-74,2.858070567730837e-74,2.9146414721944274e-74,2.972101986165283e-74,3.030462499456479e-74,3.0897334812823162e-74,3.1499254805428388e-74,3.2110491261084147e-74,3.273115127103115e-74,3.336134273188391e-74,3.4001174348467036e-74,3.4650755636653076e-74,3.531019692618042e-74,3.59796093635011e-74,3.6659104914589055e-74,3.734879636777568e-74,3.804879733657626e-74,3.8759222262498855e-74,3.9480186417876745e-74,4.021180590867686e-74,4.095419767731978e-74,4.170747950548638e-74,4.247177001694238e-74,4.324718868033391e-74,4.403385581200262e-74,4.483189257879052e-74,4.564142100083937e-74,4.646256395440269e-74,4.729544517462812e-74,4.814018925837326e-74,4.899692166699218e-74,4.986576872912611e-74,5.074685764350896e-74,5.1640316481742165e-74,5.2546274191091444e-74,5.346486059726821e-74,5.439620640721807e-74,5.534044321190249e-74,5.629770348907423e-74,5.72681206060661e-74,5.825182882255274e-74,5.924896329333567e-74,6.025966007111683e-74,6.128405610926566e-74,6.232228926458283e-74,6.337449830007537e-74,6.444082288772079e-74,6.5521403611225106e-74,6.661638196878464e-74,6.772590037585666e-74,6.885010216789249e-74,6.998913160312182e-74,7.11431338652823e-74,7.231225506638437e-74,7.349664224945476e-74,7.469644339129265e-74,7.591180740520105e-74,7.714288414374499e-74,7.838982440148452e-74,7.965277991771826e-74,8.0931903379219e-74,8.222734842297415e-74,8.353926963891673e-74,8.486782257267536e-74,8.62131637282523e-74,8.757545057081527e-74,8.895484152938936e-74,9.035149599959324e-74,9.176557434635515e-74,9.319723790664016e-74,9.464664899216351e-74,9.611397089211163e-74,9.75993678758586e-74,9.910300519567635e-74,1.0062504908944848e-73,1.0216566678338274e-73,1.0372502649470455e-73,1.05303297434398e-73,1.0690064980984621e-73,1.0851725482762338e-73,1.101532846961034e-73,1.1180891262821925e-73,1.134843128441344e-73,1.1517966057396058e-73,1.1689513206040652e-73,1.1863090456151309e-73,1.203871563533295e-73,1.2216406673257183e-73,1.239618160193667e-73,1.2578058555987919e-73,1.2762055772902356e-73,1.2948191593313561e-73,1.3136484461264916e-73,1.3326952924478123e-73,1.3519615634618626e-73,1.3714491347565041e-73,1.3911598923676458e-73,1.411095732805487e-73,1.4312585630818267e-73,1.4516503007362445e-73,1.4722728738630147e-73,1.4931282211373545e-73,1.5142182918425245e-73,1.5355450458959724e-73,1.5571104538761086e-73,1.5789164970488527e-73,1.6009651673937683e-73,1.6232584676314126e-73,1.6457984112489176e-73,1.6685870225269004e-73,1.6916263365658968e-73,1.714918399312705e-73,1.7384652675867965e-73,1.76226900910685e-73,1.7863317025168692e-73,1.810655437412618e-73,1.835242314368364e-73,1.86009444496258e-73,1.8852139518043558e-73,1.910602968560294e-73,1.9362636399799195e-73,1.9621981219225147e-73,1.988408581383169e-73,2.0148971965188778e-73,2.041666156674837e-73,2.0687176624108054e-73,2.096053925526742e-73,2.1236771690895287e-73,2.151589627458663e-73,2.1797935463125894e-73,2.2082911826747415e-73,2.2370848049395576e-73,2.266176692898529e-73,2.2955691377661837e-73,2.325264442206158e-73,2.355264920357351e-73,2.3855728978595068e-73,2.4161907118796812e-73,2.4471207111374602e-73,2.4783652559317153e-73,2.5099267181660493e-73,2.5418074813744947e-73,2.5740099407477234e-73,2.6065365031589157e-73,2.6393895871892884e-73,2.6725716231541975e-73,2.7060850531289595e-73,2.739932330973794e-73,2.7741159223612508e-73,2.808638304800303e-73,2.8435019676629655e-73,2.8787094122096244e-73,2.9142631516150667e-73,2.9501657109938026e-73,2.986419627425993e-73,3.023027449982554e-73,3.0599917397520884e-73,3.0973150698642875e-73,3.1350000255178344e-73,3.173049204004519e-73,3.211465214735095e-73,3.2502506792651005e-73,3.289408231320099e-73,3.3289405168211125e-73,3.3688501939105026e-73,3.409139932976874e-73,3.44981241668048e-73,3.490870339979727e-73,3.532316410155281e-73,3.574153346836083e-73,3.6163838820244764e-73,3.659010760121849e-73,3.7020367379536374e-73,3.745464584794992e-73,3.789297082395496e-73,3.833537025005342e-73,3.8781872193995785e-73,3.9232504849045915e-73,3.968729653421533e-73,4.0146275694534796e-73,4.060947090129423e-73,4.107691085229709e-73,4.154862437210982e-73,4.202464041232458e-73,4.250498805179258e-73,4.2989696496889405e-73,4.347879508175941e-73,4.397231326856587e-73,4.4470280647748494e-73,4.4972726938261265e-73,4.5479681987839525e-73,4.599117577323034e-73,4.6507238400460155e-73,4.7027900105073924e-73,4.7553191252388737e-73,4.8083142337737196e-73,4.861778398672737e-73,4.915714695548442e-73,4.970126213089842e-73,5.02501605308747e-73,5.080387330458443e-73,5.1362431732712915e-73,5.192586722770201e-73,5.2494211334004935e-73,5.3067495728329164e-73,5.364575221988913e-73,5.42290127506447e-73,5.4817309395559715e-73,5.541067436284558e-73,5.6009139994193176e-73,5.661273876504939e-73,5.722150328483525e-73,5.78354662972126e-73,5.845466068030987e-73,5.907911944699363e-73,5.970887574508824e-73,6.034396285764122e-73,6.09844142031602e-73,6.163026333585893e-73,6.228154394590276e-73,6.293828985965885e-73,6.360053503992942e-73,6.426831358620467e-73,6.494165973490955e-73,6.562060785964427e-73,6.630519247142369e-73,6.699544821893147e-73,6.769140988875119e-73,6.839311240563187e-73,6.910059083269802e-73,6.981388037173823e-73,7.053301636339002e-73,7.125803428743908e-73,7.198896976302872e-73,7.272585854891393e-73,7.346873654370235e-73,7.421763978609427e-73,7.497260445512585e-73,7.573366687041546e-73,7.650086349239912e-73,7.727423092257099e-73,7.805380590374026e-73,7.883962532024601e-73,7.963172619822616e-73,8.043014570583899e-73,8.123492115351197e-73,8.204608999417818e-73,8.28636898235259e-73,8.368775838022012e-73,8.451833354617853e-73,8.535545334676236e-73,8.619915595105011e-73,8.704947967208099e-73,8.79064629670639e-73,8.877014443765254e-73,8.964056283015244e-73,9.051775703578471e-73,9.140176609091078e-73,9.2292629177276e-73,9.319038562223755e-73,9.409507489904266e-73,9.500673662700219e-73,9.592541057177948e-73,9.685113664560424e-73,9.778395490752837e-73,9.872390556364715e-73,9.967102896734179e-73,1.006253656195111e-72,1.0158695616882552e-72,1.0255584141194591e-72,1.0353206229377085e-72,1.0451565990766522e-72,1.0550667549570419e-72,1.0650515044890407e-72,1.0751112630746003e-72,1.08524644760984e-72,1.0954574764873517e-72,1.1057447695986715e-72,1.1161087483364497e-72,1.126549835596815e-72,1.137068455782142e-72,1.1476650348027655e-72,1.158340000079743e-72,1.1690937805471015e-72,1.179926806654105e-72,1.1908395103677762e-72,1.2018323251749925e-72,1.2129056860850369e-72,1.224060029631811e-72,1.2352957938762671e-72,1.2466134184086592e-72,1.2580133443508184e-72,1.269496014358789e-72,1.2810618726247004e-72,1.2927113648794733e-72,1.3044449383948795e-72,1.3162630419861975e-72,1.328166126014179e-72,1.3401546423874802e-72,1.3522290445652156e-72,1.3643897875588522e-72,1.3766373279349068e-72,1.3889721238170966e-72,1.4013946348886184e-72,1.4139053223945354e-72,1.4265046491439934e-72,1.439193079512718e-72,1.45197107944515e-72,1.464839116456689e-72,1.477797659636383e-72,1.490847179648523e-72,1.503988148735832e-72,1.5172210407209997e-72,1.5305463310094387e-72,1.5439644965913227e-72,1.5574760160441285e-72,1.5710813695346292e-72,1.5847810388214106e-72,1.5985755072570802e-72,1.6124652597906264e-72,1.6264507829695222e-72,1.640532564942285e-72,1.6547110954604675e-72,1.6689868658811474e-72,1.6833603691691364e-72,1.6978320998992353e-72,1.712402554258522e-72,1.7270722300487471e-72,1.7418416266882729e-72,1.7567112452148706e-72,1.7716815882874705e-72,1.786753160188687e-72,1.801926466827075e-72,1.817202015739445e-72,1.8325803160929534e-72,1.848061878687465e-72,1.8636472159578346e-72,1.8793368419762793e-72,1.8951312724542455e-72,1.9110310247451217e-72,1.927036617846122e-72,1.9431485724009504e-72,1.9593674107015667e-72,1.9756936566908423e-72,1.992127835964619e-72,2.008670475773816e-72,2.025322105027229e-72,2.042083254293011e-72,2.058954455801367e-72,2.0759362434468564e-72,2.093029152790432e-72,2.110233721061733e-72,2.1275504871613004e-72,2.1449799916627985e-72,2.1625227768155135e-72,2.18017938654608e-72,2.1979503664609976e-72,2.2158362638494115e-72,2.233837627683799e-72,2.2519550086240653e-72,2.270188959018313e-72,2.2885400329059703e-72,2.3070087860195695e-72,2.325595775786931e-72,2.344301561333588e-72,2.3631267034850524e-72,2.382071764768846e-72,2.40113730941672e-72,2.4203239033668605e-72,2.4396321142663146e-72,2.459062511472984e-72,2.4786156660578155e-72,2.4982921508072277e-72,2.5180925402249847e-72,2.5380174105347385e-72,2.558067339681993e-72,2.578242907336422e-72,2.5985446948939574e-72,2.618973285479247e-72,2.6395292639472513e-72,2.6602132168863133e-72,2.6810257326195713e-72,2.7019674012077024e-72,2.723038814450377e-72,2.7442405658895764e-72,2.7655732508107937e-72,2.7870374662455054e-72,2.808633810973534e-72,2.8303628855250584e-72,2.852225292182846e-72,2.874221634984377e-72,2.896352519724135e-72,2.918618553955721e-72,2.941020346993955e-72,2.9635585099170714e-72,2.9862336555690183e-72,3.009046398561553e-72,3.0319973552763664e-72,3.055087143867306e-72,3.078316384262073e-72,3.101685698165893e-72,3.1251957090612046e-72,3.1488470422124285e-72,3.1726403246662144e-72,3.196576185254588e-72,3.220655254596692e-72,3.244878165101233e-72,3.269245550968151e-72,3.2937580481914014e-72,3.3184162945606227e-72,3.343220929663664e-72,3.3681725948881687e-72,3.3932719334243815e-72,3.418519590266829e-72,3.443916212216623e-72,3.469462447883623e-72,3.495158947688607e-72,3.5210063638652053e-72,3.5470053504620943e-72,3.573156563345745e-72,3.599460660201211e-72,3.625918300535829e-72,3.6525301456800194e-72,3.679296858790435e-72,3.7062191048512856e-72,3.733297550677031e-72,3.76053286491416e-72,3.787925718043652e-72,3.815476782382786e-72,3.843186732087167e-72,3.8710562431534224e-72,3.8990859934206e-72,3.927276662572807e-72,3.9556289321410745e-72,3.984143485505548e-72,4.012821007897708e-72,4.041662186402199e-72,4.0706677099591783e-72,4.099838269366263e-72,4.12917455728087e-72,4.1586772682217815e-72,4.188347098572305e-72,4.218184746580973e-72,4.2481909123649294e-72,4.278366297911146e-72,4.30871160707887e-72,4.339227545601913e-72,4.3699148210900014e-72,4.400774143032067e-72,4.4318062227972885e-72,4.4630117736374475e-72,4.4943915106894923e-72,4.525946150976766e-72,4.557676413411799e-72,4.589583018798343e-72,4.621666689833262e-72,4.653928151108157e-72,4.68636812911262e-72,4.718987352235026e-72,4.751786550765337e-72,4.784766456897388e-72,4.817927804730148e-72,4.851271330270265e-72,4.884797771434755e-72,4.918507868051601e-72,4.952402361863085e-72,4.986481996527371e-72,5.020747517620612e-72,5.055199672639066e-72,5.089839211001061e-72,5.124666884049131e-72,5.159683445051977e-72,5.194889649206718e-72,5.230286253640962e-72,5.265874017414267e-72,5.301653701521146e-72,5.337626068892432e-72,5.373791884397482e-72,5.410151914846276e-72,5.446706928991601e-72,5.483457697530816e-72,5.520404993108142e-72,5.557549590316564e-72,5.594892265699846e-72,5.632433797754618e-72,5.670174966932651e-72,5.708116555642278e-72,5.746259348251525e-72,5.784604131088539e-72,5.823151692445174e-72,5.861902822578173e-72,5.90085831371154e-72,5.940018960038196e-72,5.979385557722399e-72,6.018958904901947e-72,6.058739801689032e-72,6.098729050173894e-72,6.138927454425801e-72,6.179335820495138e-72,6.219954956415941e-72,6.260785672207208e-72,6.301828779875936e-72,6.343085093417551e-72,6.384555428819807e-72,6.426240604063224e-72,6.468141439123993e-72,6.510258755975815e-72,6.552593378591397e-72,6.595146132945343e-72,6.637917847015792e-72,6.680909350785681e-72,6.724121476246053e-72,6.767555057397082e-72,6.811210930250348e-72,6.855089932831238e-72,6.899192905179845e-72,6.943520689354876e-72,6.988074129433265e-72,7.032854071514303e-72,7.077861363719936e-72,7.123096856197986e-72,7.16856140112387e-72,7.214255852701731e-72,7.260181067168021e-72,7.306337902791275e-72,7.352727219876831e-72,7.399349880766136e-72,7.446206749840657e-72,7.493298693522819e-72,7.540626580278651e-72,7.588191280618992e-72,7.635993667102175e-72,7.684034614335536e-72,7.732314998978115e-72,7.780835699740619e-72,7.829597597391443e-72,7.878601574753544e-72,7.927848516710209e-72,7.97733931020501e-72,8.027074844245354e-72,8.07705600990305e-72,8.127283700316637e-72,8.177758810693845e-72,8.228482238313581e-72,8.279454882526636e-72,8.330677644759108e-72,8.382151428513533e-72,8.433877139371135e-72,8.485855684994265e-72,8.538087975126816e-72,8.590574921597715e-72,8.643317438322748e-72,8.696316441305321e-72,8.749572848639477e-72,8.803087580511823e-72,8.856861559202858e-72,8.910895709089118e-72,8.965190956645428e-72,9.019748230446621e-72,9.074568461169966e-72,9.12965258159572e-72,9.185001526610792e-72,9.240616233209347e-72,9.296497640495461e-72,9.35264668968495e-72,9.409064324107547e-72,9.465751489207489e-72,9.522709132547159e-72,9.579938203808183e-72,9.63743965479347e-72,9.695214439428794e-72,9.753263513765834e-72,9.811587835982454e-72,9.870188366386228e-72,9.92906606741471e-72,9.988221903639172e-72,1.0047656841765204e-71,1.010737185063513e-71,1.0167367901229122e-71,1.0227645966668658e-71,1.028820702221721e-71,1.0349052045283124e-71,1.0410182015419882e-71,1.04715979143294e-71,1.0533300725864124e-71,1.0595291436027194e-71,1.0657571032977178e-71,1.072014050702685e-71,1.0783000850647996e-71,1.0846153058470209e-71,1.0909598127285956e-71,1.0973337056049947e-71,1.1037370845882369e-71,1.1101700500070713e-71,1.11663270240713e-71,1.1231251425511444e-71,1.1296474714190771e-71,1.136199790208361e-71,1.1427822003341033e-71,1.1493948034292264e-71,1.156037701344777e-71,1.162710996149835e-71,1.169414790132025e-71,1.1761491857974922e-71,1.1829142858712305e-71,1.1897101932971386e-71,1.1965370112382642e-71,1.203394843077073e-71,1.210283792415476e-71,1.2172039630751097e-71,1.2241554590976092e-71,1.2311383847446395e-71,1.2381528444979693e-71,1.2451989430601536e-71,1.252276785354196e-71,1.259386476523974e-71,1.2665281219343471e-71,1.2737018271715283e-71,1.2809076980428882e-71,1.288145840577651e-71,1.2954163610266132e-71,1.30271936586254e-71,1.310054961780455e-71,1.317423255697584e-71,1.3248243547537095e-71,1.3322583663112835e-71,1.3397253979557037e-71,1.3472255574953384e-71,1.3547589529618324e-71,1.3623256926103095e-71,1.3699258849195083e-71,1.377559638591867e-71,1.3852270625539362e-71,1.3929282659563333e-71,1.4006633581741549e-71,1.4084324488068943e-71,1.4162356476788254e-71,1.4240730648391757e-71,1.4319448105621895e-71,1.4398509953473702e-71,1.447791729919784e-71,1.4557671252300357e-71,1.4637772924545776e-71,1.4718223429958802e-71,1.4799023884825886e-71,1.488017540769715e-71,1.4961679119387884e-71,1.5043536142981495e-71,1.5125747603829576e-71,1.5208314629556962e-71,1.5291238350057444e-71,1.5374519897502666e-71,1.5458160406339125e-71,1.5542161013292966e-71,1.5626522857368274e-71,1.5711247079853204e-71,1.5796334824317467e-71,1.5881787236618819e-71,1.5967605464900143e-71,1.6053790659593786e-71,1.6140343973424567e-71,1.6227266561408235e-71,1.6314559580855688e-71,1.6402224191374172e-71,1.6490261554869403e-71,1.6578672835546977e-71,1.6667459199913468e-71,1.675662181677999e-71,1.6846161857262205e-71,1.6936080494783144e-71,1.7026378905075355e-71,1.7117058266181458e-71,1.7208119758456048e-71,1.729956456456951e-71,1.7391393869507298e-71,1.748360886057269e-71,1.7576210727389039e-71,1.7669200661900556e-71,1.7762579858376316e-71,1.785634951340775e-71,1.7950510825915573e-71,1.8045064997147677e-71,1.8140013230682624e-71,1.8235356732431714e-71,1.833109671063908e-71,1.842723437588531e-71,1.8523770941088287e-71,1.862070762150558e-71,1.8718045634734306e-71,1.8815786200715923e-71,1.8913930541735794e-71,1.9012479882426024e-71,1.9111435449765832e-71,1.921079847308574e-71,1.9310570184066518e-71,1.941075181674287e-71,1.951134460750535e-71,1.9612349795099095e-71,1.9713768620631458e-71,1.981560232756761e-71,1.9917852161735355e-71,2.0020519371327043e-71,2.012360520689999e-71,2.022711092137999e-71,2.0331037770061e-71,2.0435387010608242e-71,2.0540159903059532e-71,2.0645357709828475e-71,2.075098169570252e-71,2.085703312784884e-71,2.0963513275813705e-71,2.107042341152486e-71,2.117776480929338e-71,2.1285538745814914e-71,2.139374650017192e-71,2.1502389353835895e-71,2.1611468590667678e-71,2.172098549691996e-71,2.183094136123981e-71,2.194133747466872e-71,2.205217513064578e-71,2.216345562500976e-71,2.2275180255997752e-71,2.2387350324250747e-71,2.2499967132814217e-71,2.2613031987138046e-71,2.2726546195080064e-71,2.2840511066907265e-71,2.295492791529766e-71,2.306979805534227e-71,2.3185122804545884e-71,2.3300903482829938e-71,2.341714141253227e-71,2.353383791841219e-71,2.3650994327648886e-71,2.3768611969844913e-71,2.388669217702773e-71,2.4005236283650066e-71,2.4124245626595143e-71,2.4243721545173258e-71,2.436366538112714e-71,2.4484078478634378e-71,2.4604962184304972e-71,2.4726317847187066e-71,2.4848146818766303e-71,2.4970450452969137e-71,2.5093230106163826e-71,2.5216487137161165e-71,2.5340222907217657e-71,2.54644387800373e-71,2.558913612177047e-71,2.571431630102076e-71,2.5839980688842158e-71,2.596613065873981e-71,3.901201815095568e-37,4.089284104836801e-37,4.286144616024692e-37,4.494964202623797e-37,4.716618400867554e-37,4.952053234166068e-37,5.202293372791951e-37,5.468449470511147e-37,5.751726280792992e-37,6.053431625730215e-37,6.374986337105288e-37,6.717935254224043e-37,7.083959443739663e-37,7.474889751978792e-37,7.892721863988246e-37,8.339633092212194e-37,8.81800102519792e-37,9.330424364849758e-37,9.879746165454782e-37,1.0469079821958494e-36,1.1101838133076075e-36,1.1781765887481175e-36,1.2512976398959442e-36,1.329999255961234e-36,1.4147793014278458e-36,1.5061864152578908e-36,1.6048258803715672e-36,1.7113662459272213e-36,1.826546827754208e-36,1.951186197314973e-36,2.086191821651916e-36,2.2325710210346716e-36,2.3914434360424307e-36,2.5640552582759248e-36,2.7517954732857313e-36,2.956214468049474e-36,3.179045356291582e-36,3.4222284824989596e-36,3.687939630185259e-36,3.978622563366987e-36,4.2970266329835686e-36,4.646250358556224e-36,5.0297920118678264e-36,5.451608492732004e-36,5.916184005861457e-36,6.428610367142247e-36,6.994681156062723e-36,7.621002381160432e-36,8.31512291492424e-36,9.08568865617851e-36,9.942625272558972e-36,1.0897355471360381e-35,1.1963058088285864e-35,1.3154978116824106e-35,1.449079882557275e-35,1.5991090010442064e-35,1.76798498307258e-35,1.9585162204305623e-35,2.173999743563035e-35,2.418319111280605e-35,2.6960645877433495e-35,3.012681302901535e-35,3.3746527096420436e-35,3.789728777180569e-35,4.2672111609783757e-35,4.818311293722502e-35,5.456602323317064e-35,6.198592436457931e-35,7.064456097348709e-35,8.078971902406573e-35,9.27273235367378e-35,1.0683713754104958e-34,1.2359325948884105e-34,1.4359105892600697e-34,1.6758280536642763e-34,1.9652512568762454e-34,2.316426567280397e-34,2.745140671971654e-34,3.2718918590479144e-34,3.923497743146436e-34,4.735320042890788e-34,5.754370011466501e-34,7.043681567549017e-34,8.688527140009155e-34,1.080533819236902e-33,1.3554636598676346e-33,1.7159978133564645e-33,2.1936008887096656e-33,2.8330498009046e-33,3.698807008154118e-33,4.8848065660536214e-33,6.529680896102488e-33,8.840785767161755e-33,1.2132668609577699e-32,1.6889627620749054e-32,2.3869132497594072e-32,3.4275811245615546e-32,5.005961803927624e-32,7.442969131443553e-32,1.128214649810141e-31,1.745221211702972e-31,2.759248253560392e-31,4.465946680015251e-31,7.41345372692865e-31,1.2648247568972378e-30,2.223330494038701e-30,4.0381030764419e-30,7.603299568910807e-30,1.4900470330349444e-29,3.053769761948138e-29,6.58295305407003e-29,1.503315035444997e-28,3.6695494220833204e-28,9.684807684767852e-28,2.8054916928591454e-27,9.101367081427603e-27,3.3989102137887134e-26,1.5180705130382757e-25,8.548459907974998e-25,6.509404456760556e-24,7.273668230076064e-23,1.2702280732915549e-21,3.3673134121208405e-20,1.1213387506472994e-18,3.547875551074479e-17,8.793941812918813e-16,1.9450297635014268e-14,7.170497807587436e-13,2.8756504074317235e-11,6.489179125364733e-10,7.71600670690547e-09,5.258699992378504e-08,2.2686512639754183e-07,6.787172734819316e-07,1.5257405925414833e-06,2.758551499014558e-06,4.237776797485419e-06,5.771086921200484e-06,7.1911807351346265e-06,8.391998563493183e-06,9.328394792150861e-06,9.99944471140295e-06,1.0429968447786174e-05,1.0656328345248044e-05,1.071740015044957e-05,1.0649642348541583e-05,1.0484870845783241e-05,1.024961924366394e-05,9.965332367275744e-06,9.648937419778603e-06,9.313537909290343e-06,8.969099107507964e-06,8.623065112103452e-06,8.280886458138855e-06,7.946457088343061e-06,7.622468647246334e-06,7.310693478308248e-06,7.012208178854133e-06,6.727568676707379e-06,6.456946351271445e-06,6.200233193909489e-06,5.957122549443837e-06,5.727170725340156e-06,5.509843674111467e-06,5.304552089911398e-06,5.110677543812297e-06,4.927591709310148e-06,4.754670295804454e-06,4.591302926543093e-06,4.436899942027956e-06,4.29089687613063e-06,4.152757187813263e-06,4.021973695978082e-06,3.898069061477997e-06,3.7805955805274795e-06,3.6691344904322626e-06,3.563294940727819e-06,3.462712744762073e-06,3.367048999139483e-06,3.2759886344738867e-06,3.189238944242955e-06,3.106528127792342e-06,3.0276038682187247e-06,2.9522319648666077e-06,2.8801950291662235e-06,2.8112912508817904e-06,2.7453332376358223e-06,2.6821469288218296e-06,2.6215705830068653e-06,2.563453836960623e-06,2.5076568329632703e-06,2.4540494118631434e-06,2.4025103675283896e-06,2.3529267593723465e-06,2.305193278743806e-06,2.25921166568405e-06,2.2148901723736505e-06,2.172143069685689e-06,2.1308901934729003e-06,2.0910565274596735e-06,2.052571820235626e-06,2.0153702325954606e-06,1.979390014053419e-06,1.9445732046548875e-06,1.9108653613604894e-06,1.878215306188927e-06,1.846574894037904e-06,1.8158987995518484e-06,1.7861443199919443e-06,1.757271194844771e-06,1.7292414377821042e-06,1.7020191830082713e-06,1.675570542872097e-06,1.6498634765456397e-06,1.6248676685818957e-06,1.6005544162697739e-06,1.5768965261867373e-06,1.553868217284848e-06,1.542168574524841e-06,1.5200498154551153e-06,1.49850143186285e-06,1.4775019203368208e-06,1.4570308537033435e-06,1.4370688051765306e-06,1.4175972849151307e-06,1.3985986838606986e-06,1.3800562213768164e-06,1.3619538984215267e-06,1.3442764518828807e-06,1.3270093139957814e-06,1.3101385722551535e-06,1.293650933914624e-06,1.2775336917503678e-06,1.2617746924958309e-06,1.2463623069411185e-06,1.231285402046294e-06,1.2165333149894751e-06,1.2020958285981006e-06,1.1879631482971267e-06,1.1741258806607105e-06,1.160575013064711e-06,1.147301894485825e-06,1.1342982180018757e-06,1.1215560033273202e-06,1.1090675813001545e-06,1.0968255787482383e-06,1.0848229044497589e-06,1.07305273561999e-06,1.0615085057240761e-06,1.0501838939419144e-06,1.0390728068068905e-06,1.0281693787371608e-06,1.0174679545049466e-06,1.0069630815514242e-06,9.96649501042839e-07,9.865221394895693e-07,9.765761003431947e-07,9.668066565828233e-07,9.57209243294781e-07,9.477794512129025e-07,9.385130194336678e-07,9.294058297927409e-07,9.204539007873922e-07,9.116533818632705e-07,9.030005481725837e-07,8.94491795454018e-07,8.861236352247608e-07,8.778926902383606e-07,8.697956898192625e-07,8.618294660086914e-07,8.539909493210299e-07,8.46277165340194e-07,8.386852305749233e-07,8.312123492782326e-07,8.238558101872667e-07,8.166129831318484e-07,8.094813163079868e-07,8.024583331800797e-07,7.955416297658255e-07,7.887288721172803e-07,7.820177934962026e-07,7.754061925361641e-07,7.688919304080865e-07,7.624729286643049e-07,7.561471672424831e-07,7.499126824735705e-07,7.437675650965491e-07,7.377099583027186e-07,7.317380560292786e-07,7.258501012826692e-07,7.20044384351769e-07,7.143192413692786e-07,7.086730526790953e-07,7.031042414491036e-07,6.97611272020297e-07,6.921926494673974e-07,6.868469170008423e-07,6.815726553460802e-07,6.763684818429845e-07,6.712330487388988e-07,6.661650424032129e-07,6.611631822894011e-07,6.562262200221772e-07,6.513529377041443e-07,6.465421476589256e-07,6.417926913858482e-07,6.37103438571474e-07,6.324732862313507e-07,6.279011579697414e-07,6.233860031333665e-07,6.189267959367147e-07,6.145225351808372e-07,6.101722428946955e-07,6.058749639588981e-07,6.016297658521832e-07,5.97435736946441e-07,5.93291987049059e-07,5.891976461878757e-07,5.851518641238648e-07,5.811538099206296e-07,5.77202671056382e-07,5.732976534950555e-07,5.694379806316131e-07,5.65622893090517e-07,5.618516481936999e-07,5.58123519476356e-07,5.544377963892622e-07,5.507937835133968e-07,5.47190800560156e-07,5.436281817517522e-07,5.401052755823682e-07,5.366214442083357e-07,5.331760633557215e-07,5.297685217009515e-07,5.263982207665423e-07,5.230645744583385e-07,5.197670087965847e-07,5.16504961583308e-07,5.132778821469932e-07,5.100852310746782e-07,5.069264794687227e-07,5.038011095578058e-07,5.00708613755018e-07,4.976484946468142e-07,4.946202646516369e-07,4.916234458737291e-07,4.886575695445238e-07,4.857221764088435e-07,4.828168159800268e-07,4.799410465769205e-07,4.77094434931383e-07,4.74276556169445e-07,4.7148699350491723e-07,4.687253380796404e-07,4.659911887679672e-07,4.632841519964377e-07,4.606038415789628e-07,4.579498785373411e-07,4.5532189093028517e-07,4.5271951372142286e-07,4.5014238855745797e-07,4.475901636636405e-07,4.450624936899008e-07,4.425590395745608e-07,4.4007946836083496e-07,4.376234530858588e-07,4.351906726821265e-07,4.327808117642714e-07,4.3039356065371195e-07,4.280286150494327e-07,4.2568567605226853e-07,4.233644499842296e-07,4.210646483331041e-07,4.187859876028336e-07,4.1652818918340104e-07,4.1429097925151885e-07,4.1207408878024103e-07,4.0987725325678916e-07,4.07700212719478e-07,4.05542711591276e-07,4.0340449863193394e-07,4.0128532683369064e-07,3.9918495313145186e-07,3.971031390317649e-07,3.950396495128657e-07,3.9299425361681796e-07,3.9096672419605667e-07,3.8895683781859066e-07,3.869643747057982e-07,3.849891186898279e-07,3.830308570861171e-07,3.810893806304524e-07,3.7916448350258194e-07,3.772559630798582e-07,3.753636200540291e-07,3.734872582836345e-07,3.7162668478259506e-07,3.697817093512564e-07,3.679521451597634e-07,3.6613780810057866e-07,3.6433851692642366e-07,3.6255409325929155e-07,3.607843614994851e-07,3.5902914871849897e-07,3.5728828476933765e-07,3.5556160195487943e-07,3.5384893520061304e-07,3.521501219390418e-07,3.5046500207255543e-07,3.4879341792659803e-07,3.4713521419392504e-07,3.4549023787456265e-07,3.438583383641809e-07,3.42239367085898e-07,3.406331778427563e-07,3.390396266108219e-07,3.3745857132512413e-07,3.3588987214304707e-07,3.343333912417998e-07,3.3278899279513815e-07,3.3125654294642905e-07,3.29735909781988e-07,3.2822696328777104e-07,3.267295753833045e-07,3.252436195936892e-07,3.2376897154504783e-07,3.223055084716511e-07,3.2085310937296594e-07,3.194116549617044e-07,3.1798102763001105e-07,3.165611114211267e-07,3.1515179198800273e-07,3.137529565935056e-07,3.1236449404960794e-07,3.1098629470516595e-07,3.0961825052116454e-07,3.082602547865265e-07,3.0691220234703007e-07,3.055739894796051e-07,3.042455138290008e-07,3.0292667447900463e-07,3.016173718945663e-07,3.003175077469707e-07,2.990269851833236e-07,2.9774570856969157e-07,2.964735835816354e-07,2.9521051709494755e-07,2.9395641741659097e-07,2.927111937595812e-07,2.914747568090914e-07,2.902470182596932e-07,2.8902789102176707e-07,2.8781728911060244e-07,2.866151276902432e-07,2.8542132301684236e-07,2.842357924309774e-07,2.8305845435758105e-07,2.818892282482248e-07,2.8072803458927533e-07,2.7957479488738023e-07,2.784294316495982e-07,2.772918683675491e-07,2.761620295017576e-07,2.7503984046254855e-07,2.739252276125002e-07,2.728181182158968e-07,2.717184404858781e-07,2.706261234811946e-07,2.6954109714553384e-07,2.684632923826816e-07,2.6739264083388055e-07,2.6632907504500594e-07,2.652725283812426e-07,2.642229350004706e-07,2.631802299172934e-07,2.6214434889098987e-07,2.6111522846690563e-07,2.6009280599267926e-07,2.590770195619985e-07,2.580678079733151e-07,2.5706511079497987e-07,2.5606886830235583e-07,2.5507902147432635e-07,2.5409551203497055e-07,2.531182823958218e-07,2.5214727565172304e-07,2.5118243554462095e-07,2.5022370646732356e-07,2.492710334234111e-07,2.48324362176614e-07,2.473836391084112e-07,2.4644881115545105e-07,2.455198259055073e-07,2.445966315112672e-07,2.436791767816707e-07,2.4276741109387616e-07,2.418612844063723e-07,2.4096074724754e-07,2.400657507012216e-07,2.391762464552905e-07,2.382921867051681e-07,2.374135241765256e-07,2.365402121567386e-07,2.356722044509953e-07,2.348094553836961e-07,2.3395191979125562e-07,2.3309955301501587e-07,2.3225231089425693e-07,2.3141014973958914e-07,2.3057302638204142e-07,2.2974089810281087e-07,2.2891372274042893e-07,2.2809145843869718e-07,2.272740638843389e-07,2.2646149825303027e-07,2.256537211392054e-07,2.248506925056996e-07,2.2405237289016643e-07,2.2325872313633625e-07,2.2246970459515575e-07,2.216852789425347e-07,2.2090540831865684e-07,2.2013005527556813e-07,2.1935918280506596e-07,2.1859275421526896e-07,2.1783073324063547e-07,2.1707308401328964e-07,2.1631977099152801e-07,2.1557075907019448e-07,2.1482601348311142e-07,2.1408549984403973e-07,2.133491841199313e-07,2.1261703264630272e-07,2.1188901208478402e-07,2.1116508944398958e-07,2.1044523210522775e-07,2.0972940776487584e-07,2.0901758446278945e-07,2.0830973055815225e-07,2.076058147323929e-07,2.0690580602948934e-07,2.0620967373220908e-07,2.0551738753322876e-07,2.0482891736075152e-07,2.0414423346857715e-07,2.0346330642218335e-07,2.0278610706819461e-07,2.0211260654395035e-07,2.0144277629930284e-07,2.0077658806018716e-07,2.0011401383113325e-07,1.9945502590528554e-07,1.9879959684870012e-07,1.9814769949806906e-07,1.9749930695676626e-07,1.9685439261497585e-07,1.962129300746607e-07,1.9557489325532343e-07,1.9494025630036863e-07,1.94308993618384e-07,1.936810798635787e-07,1.9305648994094958e-07,1.9243519899658712e-07,1.9181718241760556e-07,1.9120241587348744e-07,1.9059087513910445e-07,1.8998253635772615e-07,1.893773758620227e-07,1.887753701984818e-07,1.8817649614509095e-07,1.8758073070260813e-07,1.869880510895271e-07,1.863984347422737e-07,1.858118593113385e-07,1.8522830265892507e-07,1.8464774285678853e-07,1.840701581797823e-07,1.8349552711677754e-07,1.8292382835078728e-07,1.8235504074781617e-07,1.8178914342988931e-07,1.8122611564948025e-07,1.806659368730572e-07,1.801085867599764e-07,1.795540451815532e-07,1.7900229216093327e-07,1.7845330791110405e-07,1.779070728468765e-07,1.7736356754114544e-07,1.7682277275443196e-07,1.7628466943363964e-07,1.757492386799551e-07,1.7521646177342023e-07,1.7468632017370645e-07,1.741587954960995e-07,1.7363386953719558e-07,1.7311152422783872e-07,1.7259174169963572e-07,1.7207450422728264e-07,1.7155979423875323e-07,1.7104759433319774e-07,1.7053788724790423e-07,1.7003065588811305e-07,1.6952588331609888e-07,1.6902355272245926e-07,1.6852364746838473e-07,1.680261510506473e-07,1.675310471414685e-07,1.6703831948133556e-07,1.665479520258024e-07,1.6605992884721648e-07,1.6557423415551355e-07,1.650908522987854e-07,1.6460976777674945e-07,1.6413096520639825e-07,1.636544293309624e-07,1.6318014507368594e-07,1.6270809740333648e-07,1.6223827146780775e-07,1.6177065258763094e-07,1.613052261430419e-07,1.6084197767270703e-07,1.6038089281735529e-07,1.5992195730855533e-07,1.594651571109549e-07,1.590104782245319e-07,1.585579067685295e-07,1.5810742896900878e-07,1.5765903121974912e-07,1.5721270000203782e-07,1.5676842191666637e-07,1.5632618366302525e-07,1.558859720632881e-07,1.5544777405911822e-07,1.5501157667701243e-07,1.5457736705755412e-07,1.5414513249156772e-07,1.5371486032412483e-07,1.5328653801711682e-07,1.5286015314444927e-07,1.5243569337549505e-07,1.520131464746566e-07,1.5159250033458197e-07,1.511737429267397e-07,1.5075686232310184e-07,1.50341846693676e-07,1.4992868429483828e-07,1.4951736351065657e-07,1.4910787278801481e-07,1.487002006866447e-07,1.4829433582201516e-07,1.4789026696892697e-07,1.4748798295798888e-07,1.4708747266271095e-07,1.466887251141045e-07,1.4629172940634256e-07,1.4589647472166373e-07,1.4550295030858176e-07,1.4511114554201191e-07,1.4472104986116694e-07,1.4433265278940647e-07,1.439459439334209e-07,1.4356091298181328e-07,1.4317754970507898e-07,1.4279584395493308e-07,1.4241578566204154e-07,1.420373648374014e-07,1.4166057159322928e-07,1.4128539607268018e-07,1.409118285196032e-07,1.4053985925344656e-07,1.4016947866985486e-07,1.3980067723896318e-07,1.3943344550490358e-07,1.390677740383161e-07,1.3870365362231755e-07,1.3834107497721422e-07,1.379800289268209e-07,1.3762050637918628e-07,1.372624982850167e-07,1.3690599572626741e-07,1.3655098980675407e-07,1.361974716982554e-07,1.358454326471537e-07,1.3549486396888696e-07,1.3514575704112083e-07,1.3479810330843346e-07,1.3445189427838413e-07,1.3410712153229767e-07,1.3376377669271404e-07,1.3342185147977672e-07,1.3308133764957438e-07,1.327422270241211e-07,1.3240451149064087e-07,1.3206818299648938e-07,1.3173323354875205e-07,1.3139965521886153e-07,1.3106744011985482e-07,1.307365804284989e-07,1.3040706842148766e-07,1.300788963800225e-07,1.2975205665532994e-07,1.2942654166591233e-07,1.2910234388609775e-07,1.287794558353923e-07,1.284578700760295e-07,1.2813757927274483e-07,1.2781857609944928e-07,1.2750085329763287e-07,1.2718440366307273e-07,1.268692200541054e-07,1.2655529534068006e-07,1.2624262248561257e-07,1.2593119449383935e-07,1.2562100440912467e-07,1.253120453449443e-07,1.250043104033452e-07,1.246977928762781e-07,1.243924859627423e-07,1.2408838295897306e-07,1.2378547722344422e-07,1.2348376214511231e-07,1.2318323116376306e-07,1.2288387776708625e-07,1.2258569548242707e-07,1.2228867789840034e-07,1.2199281863405948e-07,1.2169811136803776e-07,1.2140454980696927e-07,1.2111212771596563e-07,1.208208388982143e-07,1.205306772027335e-07,1.2024163652799243e-07,1.19953710787912e-07,1.1966689397670789e-07,1.193811801105755e-07,1.1909656323735945e-07,1.188130374604324e-07,1.1853059692335229e-07,1.1824923580874442e-07,1.1796894833943744e-07,1.1768972877836406e-07,1.1741157142800461e-07,1.1713447062789952e-07,1.1685842076112278e-07,1.1658341624762102e-07,1.1630945154610561e-07,1.1603652115048287e-07,1.157646195941594e-07,1.1549374144551446e-07,1.1522388131864901e-07,1.1495503385019185e-07,1.1468719372536662e-07,1.1442035565349998e-07,1.1415451440140606e-07,1.1388966475110523e-07,1.1362580152481166e-07,1.1336291958221268e-07,1.1310101381656624e-07,1.1284007915537797e-07,1.1258011056239768e-07,1.12321103030247e-07,1.1206305159679419e-07,1.1180595130557686e-07,1.115497972678023e-07,1.1129458459812651e-07,1.1104030844191404e-07,1.1078696402942247e-07,1.1053454660154567e-07,1.1028305135162857e-07,1.1003247359094519e-07,1.0978280865517747e-07,1.0953405187699754e-07,1.0928619863780482e-07,1.0903924435110179e-07,1.087931844561692e-07,1.0854801442269441e-07,1.0830372975113723e-07,1.0806032597074397e-07,1.0781779863975753e-07,1.0757614334558969e-07,1.0733535570432519e-07,1.0709543136020948e-07,1.068563659860321e-07,1.0661815528008316e-07,1.0638079497584049e-07,1.0614428082689577e-07,1.0590860861674577e-07,1.0567377415597352e-07,1.0543977328220162e-07,1.0520660185945472e-07,1.0497425577857598e-07,1.0474273095159338e-07,1.0451202331270215e-07,1.0428212886791732e-07,1.0405304358872216e-07,1.0382476346978102e-07,1.0359728460321524e-07,1.033706030389425e-07,1.0314471487187484e-07,1.0291961622214545e-07,1.0269530323464711e-07,1.0247177207721142e-07,1.0224901894394052e-07,1.0202704005140289e-07,1.0180583164072673e-07,1.0158538997546282e-07,1.0136571134362329e-07,1.0114679205607983e-07,1.0092862844673239e-07,1.0071121687241932e-07,1.0049455371239594e-07,1.0027863536880505e-07,1.0006345826580321e-07,9.98490188498177e-08,9.963531358927257e-08,9.942233897401638e-08,9.921009151631416e-08,9.899856774986121e-08,9.878776422869956e-08,9.85776775295292e-08,9.836830424870268e-08,9.815964100412756e-08,9.795168443426753e-08,9.774443119531039e-08,9.753787797209464e-08,9.733202146239715e-08,9.71268583843614e-08,9.692238547852931e-08,9.671859950419215e-08,9.651549724040544e-08,9.631307548572185e-08,9.611133105803114e-08,9.591026079442956e-08,9.570986155107518e-08,9.551013020291331e-08,9.531106364389428e-08,9.511265878654015e-08,9.491491256182409e-08,9.471782191861095e-08,9.452138382132084e-08,9.432559525882899e-08,9.413045323426945e-08,9.393595477496676e-08,9.374209691483916e-08,9.35488767340835e-08,9.335629126427935e-08,9.316433761422257e-08,9.297301289385431e-08,9.278231422715915e-08,9.259223876549159e-08,9.240278366270372e-08,9.22139460950876e-08,9.202572325362503e-08,9.183811235076231e-08,9.165111061091372e-08,9.146471527381223e-08,9.12789235998751e-08,9.109373288515784e-08,9.090914038137595e-08,9.072514341269116e-08,9.054173928840515e-08,9.035892535425985e-08,9.017669896672382e-08,8.999505747587112e-08,8.98139982956659e-08,8.963351880008971e-08,8.94536164081875e-08,8.927428854758672e-08,8.909553266109102e-08,8.891734621706091e-08,8.8739726664704e-08,8.85626715041525e-08,8.838617822219206e-08,8.821024435345022e-08,8.803486740898056e-08,8.786004495192167e-08,8.768577452921583e-08,8.751205371132477e-08,8.733888008339287e-08,8.716625124391596e-08,8.699416480445676e-08,8.682261839170612e-08,8.665160964418872e-08,8.648113621323814e-08,8.631119576556113e-08,8.614178599312153e-08,8.597290455328595e-08,8.580454918227163e-08,8.5636717586715e-08,8.546940749240245e-08,8.530261664288972e-08,8.513634279972114e-08,8.497058372745982e-08,8.480533721456652e-08,8.464060104020171e-08,8.447637301662462e-08,8.43126509600258e-08,8.414943269815333e-08,8.398671607502682e-08,8.382449894361666e-08,8.366277916705806e-08,8.35015546230732e-08,8.334082320012542e-08,8.318058279829232e-08,8.302083132916936e-08,8.286156671578594e-08,8.270278689255614e-08,8.254448980579716e-08,8.238667340697692e-08,8.222933567432503e-08,8.207247458196381e-08,8.191608811981512e-08,8.176017429413137e-08,8.160473111158733e-08,8.144975658832989e-08,8.129524876372894e-08,8.114120568417819e-08,8.098762541207933e-08,8.083450598982947e-08,8.068184550710514e-08,8.052964204482811e-08,8.037789370673543e-08,8.022659859510424e-08,8.007575482933404e-08,7.992536052875842e-08,7.977541383452219e-08,7.962591289448786e-08,7.947685586414213e-08,7.93282409087907e-08,7.918006620553108e-08,7.903232994347877e-08,7.888503031419264e-08,7.873816552248625e-08,7.859173378281912e-08,7.84457333164486e-08,7.830016236926324e-08,7.815501915822998e-08,7.801030194998515e-08,7.78660090103462e-08,7.772213860503367e-08,7.757868901318673e-08,7.74356585231446e-08,7.729304543453514e-08,7.715084804912013e-08,7.70090646843612e-08,7.686769366465047e-08,7.672673332194478e-08,7.658618199707811e-08,7.644603804022222e-08,7.63062998098011e-08,7.616696567288168e-08,7.60280340048764e-08,7.588950318937072e-08,7.575137161858428e-08,7.561363769283049e-08,7.547629982141382e-08,7.53393564210007e-08,7.520280591665897e-08,7.506664674164057e-08,7.493087733711285e-08,7.479549615228942e-08,7.466050164120953e-08,7.452589227226191e-08,7.439166651788502e-08,7.425782285910982e-08,7.412435978378771e-08,7.399127578884163e-08,7.385856938127892e-08,7.372623906903515e-08,7.359428337056077e-08,7.346270081290251e-08,7.333148993213333e-08,7.320064925926514e-08,7.307017735622782e-08,7.294007277591187e-08,7.281033407931105e-08,7.268095983611998e-08,7.255194862507475e-08,7.242329903003499e-08,7.22950096488762e-08,7.216707907704724e-08,7.203950593032917e-08,7.191228879656606e-08,7.178542629956089e-08,7.165891708651873e-08,7.153275978284843e-08,7.140695303063375e-08,7.128149546874916e-08,7.115638575285395e-08,7.103162255178133e-08,7.090720452421494e-08,7.0783130356734e-08,7.065939871337808e-08,7.053600828879786e-08,7.041295777824936e-08,7.029024587724773e-08,7.016787129415558e-08,7.004583274098173e-08,6.992412893741741e-08,6.991705184409086e-08,6.990999370981955e-08,6.990309361062855e-08,6.989638459554173e-08,6.988987889282889e-08,6.988358369338526e-08,6.987750395808988e-08,6.98716429755914e-08,6.986600254457369e-08,6.98605831006478e-08,6.985538383962464e-08,6.985040284345126e-08,6.984563720723329e-08,6.984108316505536e-08,6.983673621242276e-08,6.983259122355878e-08,6.982864256216454e-08,6.982488418471236e-08,6.982130973535854e-08,6.981791263256325e-08,6.981468614671088e-08,6.981162346930261e-08,6.980871777370665e-08,6.98059622678077e-08,6.980335023926569e-08,6.980087509361157e-08,6.979853038593511e-08,6.979630984671972e-08,6.979420740231603e-08,6.979221719074491e-08,6.979033357331481e-08,6.97885511425751e-08,6.978686472712025e-08,6.978526939364557e-08,6.978376044673108e-08,6.97823334266349e-08,6.978098410554883e-08,6.977970848248695e-08,6.977850277714636e-08,6.977736342294965e-08,6.977628705947921e-08,6.9775270524456e-08,6.977431084540766e-08,6.977340523118502e-08,6.977255106339376e-08,6.977174588786236e-08,6.97709874061884e-08,6.97702734674417e-08,6.976960206005945e-08,6.9768971303993e-08,6.976837944310688e-08,6.976782483785858e-08,6.976730595827572e-08,6.976682137726308e-08,6.976636976418493e-08,6.976594987878222e-08,6.97655605654104e-08,6.976520074754694e-08,6.9764869422642e-08,6.976456565721249e-08,6.97642885822592e-08,6.976403738892491e-08,6.976381132442862e-08,6.976360968824998e-08,6.97634318285266e-08,6.976327713872039e-08,6.976314505444599e-08,6.976303505055263e-08,6.97629466383565e-08,6.976287936308567e-08,6.97628328014738e-08,6.976280655952462e-08,6.976280027043508e-08,6.976281359263345e-08,6.976284620797954e-08,6.976289782008985e-08,6.976296815274358e-08,6.97630569484339e-08,6.976316396702028e-08,6.976328898444586e-08,6.97634317915803e-08,6.976359219313552e-08,6.976377000659914e-08,6.976396506137845e-08,6.976417719783975e-08,6.976440626661068e-08,6.976465212769891e-08,6.976491464985807e-08,6.976519370995294e-08,6.976548919233576e-08,6.976580098828839e-08,6.97661289955219e-08,6.976647311768414e-08,6.976683326389729e-08,6.976720934840194e-08,6.976760129011757e-08,6.976800901233701e-08,6.976843244235001e-08,6.976887151118698e-08,6.97693261533124e-08,6.976979630637666e-08,6.977028191095669e-08,6.977078291035771e-08,6.977129925038819e-08,6.977183087918501e-08,6.977237774702724e-08,6.977293980616037e-08,6.977351701067208e-08,6.977410931635094e-08,6.977471668050423e-08,6.977533906192019e-08,6.977597642069594e-08,6.977662871816544e-08,6.977729591677474e-08,6.977797798006143e-08,6.977867487247837e-08,6.977938655938956e-08,6.978011300698128e-08,6.978085418216708e-08,6.978161005258626e-08,6.97823805865139e-08,6.97831657527808e-08,6.978396552090699e-08,6.978477986072212e-08,6.978560874261309e-08,6.978645213743293e-08,6.978731001631532e-08,6.978818235086119e-08,6.97890691129575e-08,6.978997027477218e-08,6.979088580887383e-08,6.979181568793876e-08,6.979275988489202e-08,6.979371837301242e-08,6.979469112566312e-08,6.979567811642223e-08,6.979667931904794e-08,6.979769470737899e-08,6.979872425551301e-08,6.979976793774408e-08,6.980082572829256e-08,6.980189760156475e-08,6.980298353203205e-08,6.980408349439028e-08,6.980519746328746e-08,6.980632541349604e-08,6.98074673198437e-08,6.980862315725534e-08,6.980979290069311e-08,6.981097652518201e-08,6.981217400579321e-08,6.981338531764802e-08,6.98146104359042e-08,6.981584933577518e-08,6.981710199248542e-08,6.981836838130645e-08,6.981964847753193e-08,6.982094225648965e-08,6.982224969351933e-08,6.982357076400455e-08,6.982490544334058e-08,6.982625370693593e-08,6.98276155302242e-08,6.982899088865519e-08,6.983037975769474e-08,6.98317821128168e-08,6.983319792951596e-08,6.983462718327437e-08,6.983606984962834e-08,6.983752590410252e-08,6.98389953222358e-08,6.984047807959318e-08,6.984197415170991e-08,6.984348351415047e-08,6.984500614248772e-08,6.984654201215481e-08,6.984809109889818e-08,6.984965337857748e-08,6.985122882637866e-08,6.985281741807268e-08,6.985441912924462e-08,6.985603393552976e-08,6.98576618125866e-08,6.985930273599406e-08,6.986095668146798e-08,6.986262362465567e-08,6.98643035411727e-08,6.986599640675185e-08,6.986770219703587e-08,6.986942088772105e-08,6.98711524544823e-08,6.987289687301498e-08,6.98746541190293e-08,6.987642416827489e-08,6.987820699634093e-08,6.988000257918712e-08,6.988181089245618e-08,6.988363191187858e-08,6.988546561322974e-08,6.988731197221048e-08,6.988917096490865e-08,6.989104256669436e-08,6.989292675358063e-08,6.989482350130313e-08,6.989673278560969e-08,6.989865458255118e-08,6.990058886785263e-08,6.990253561735906e-08,6.990449480703425e-08,6.990646641258395e-08,6.99084504099611e-08,6.991044677511204e-08,6.991245548390229e-08,6.991447651227853e-08,6.991650983619411e-08,6.99185554315831e-08,6.992061327440788e-08,6.992268334069307e-08,6.992476560633707e-08,6.992686004737963e-08,6.992896663982526e-08,6.993108535982714e-08,6.993321618331676e-08,6.993535908648015e-08,6.993751404517346e-08,6.993968103560148e-08,6.994186003384589e-08,6.99440510160699e-08,6.994625395860404e-08,6.994846883727108e-08,6.99506956283738e-08,6.995293430806198e-08,6.99551848527171e-08,6.995744723843099e-08,6.995972144142094e-08,6.996200743785149e-08,6.996430520424317e-08,6.996661471678475e-08,6.996893595176923e-08,6.997126888526361e-08,6.997361349381417e-08,6.997596975422103e-08,6.997833764251872e-08,6.998071713494188e-08,6.998310820806666e-08,6.998551083832412e-08,6.998792500242409e-08,6.999035067674593e-08,6.999278783757325e-08,6.999523646155236e-08,6.999769652526948e-08,7.000016800521054e-08,7.0002650878025e-08,7.000514512026688e-08,7.000765070858265e-08,7.001016761955377e-08,7.001269583001674e-08,7.001523531653485e-08,7.001778605611427e-08,7.00203480251499e-08,7.00229212003141e-08,7.002550555858183e-08,7.002810107671681e-08,7.003070773157619e-08,7.003332550000773e-08,7.003595435880523e-08,7.003859428493767e-08,7.004124525538734e-08,7.004390724697793e-08,7.004658023673393e-08,7.00492642016175e-08,7.005195911864002e-08,7.005466496493305e-08,7.0057381717379e-08,7.006010935317149e-08,7.006284784954059e-08,7.006559718349144e-08,7.006835733217948e-08,7.007112827269792e-08,7.007390998207917e-08,7.007670243806437e-08,7.007950561766552e-08,7.008231949845774e-08,7.008514405722752e-08,7.008797927154688e-08,7.009082511865586e-08,7.009368157616756e-08,7.009654862142056e-08,7.009942623179125e-08,7.010231438477202e-08,7.01052130578562e-08,7.010812222857772e-08,7.011104187419102e-08,7.011397197281824e-08,7.011691250178525e-08,7.011986343877228e-08,7.012282476126155e-08,7.012579644711574e-08,7.012877847395915e-08,7.01317708195565e-08,7.013477346164873e-08,7.013778637803448e-08,7.014080954667835e-08,7.014384294513023e-08,7.014688655140513e-08,7.014994034339565e-08,7.015300429903776e-08,7.015607839624925e-08,7.015916261311475e-08,7.016225692763589e-08,7.016536131767124e-08,7.016847576157529e-08,7.01716002373793e-08,7.017473472305778e-08,7.01778791968207e-08,7.01810336368623e-08,7.018419802144153e-08,7.018737232876466e-08,7.019055653702634e-08,7.019375062460762e-08,7.019695456984035e-08,7.020016835091128e-08,7.020339194651079e-08,7.020662533492816e-08,7.020986849470138e-08,7.021312140423253e-08,7.021638404193438e-08,7.021965638611872e-08,7.022293841618124e-08,7.022623010997222e-08,7.022953144658463e-08,7.023284240420882e-08,7.023616296176443e-08,7.023949309797589e-08,7.024283279158797e-08,7.024618202137689e-08,7.024954076603134e-08,7.025290900464767e-08,7.025628671590418e-08,7.025967387884289e-08,7.026307047226777e-08,7.026647647520663e-08,7.026989186665479e-08,7.027331662563123e-08,7.027675073118826e-08,7.028019416278731e-08,7.028364689830718e-08,7.02871089183043e-08,7.029058020131746e-08,7.029406072694993e-08,7.029755047408541e-08,7.030104942179649e-08,7.0304557549703e-08,7.030807483713697e-08,7.0311601263147e-08,7.031513680768842e-08,7.031868144986001e-08,7.032223516921335e-08,7.032579794536513e-08,7.032936975771942e-08,7.033295058582844e-08,7.033654040904267e-08,7.034013920717216e-08,7.034374695982547e-08,7.034736364679987e-08,7.035098924778089e-08,7.035462374247795e-08,7.035826711069326e-08,7.036191933224414e-08,7.036558038697274e-08,7.036925025475934e-08,7.037292891551087e-08,7.037661634917024e-08,7.038031253569199e-08,7.03840174554044e-08,7.038773108778108e-08,7.039145341345567e-08,7.039518441197227e-08,7.039892406365313e-08,7.040267234873916e-08,7.040642924742506e-08,7.041019473994756e-08,7.041396880657255e-08,7.041775142750272e-08,7.042154258316579e-08,7.042534225392082e-08,7.042915042026772e-08,7.043296706252845e-08,7.043679216116594e-08,7.044062569665087e-08,7.044446764953047e-08,7.044831800036155e-08,7.045217672963751e-08,7.045604381808064e-08,7.045991924634996e-08,7.046380299513214e-08,7.046769504514951e-08,7.047159537715857e-08,7.047550397193518e-08,7.047942081031123e-08,7.048334587313822e-08,7.048727914130237e-08,7.049122059582543e-08,7.049517021755191e-08,7.049912798746635e-08,7.05030938865871e-08,7.050706789596079e-08,7.051104999667407e-08,7.051504016983445e-08,7.05190383965974e-08,7.052304465814767e-08,7.052705893563075e-08,7.053108121041348e-08,7.05351114637383e-08,7.053914967687414e-08,7.054319583122647e-08,7.054724990814786e-08,7.055131188904766e-08,7.05553817553738e-08,7.055945948860055e-08,7.056354507024115e-08,7.056763848184149e-08,7.05717397049774e-08,7.057584872125888e-08,7.057996551232874e-08,7.05840900598367e-08,7.058822234555845e-08,7.059236235123358e-08,7.0596510058686e-08,7.060066544946029e-08,7.060482850530157e-08,7.060899920901802e-08,7.061317754147251e-08,7.061736348526327e-08,7.062155702168689e-08,7.062575813336482e-08,7.062996680202283e-08,7.06341830097026e-08,7.0638406738788e-08,7.06426379712652e-08,7.064687668928907e-08,7.065112287507965e-08,7.065537651093101e-08,7.065963757962881e-08,7.066390606319777e-08,7.06681819424842e-08,7.06724652011085e-08,7.06767558220547e-08,7.068105378666191e-08,7.068535907833306e-08,7.068967167861466e-08,7.06939915704871e-08,7.069831873652996e-08,7.070265315975377e-08,7.070699482117908e-08,7.07113437058526e-08,7.071569979514533e-08,7.07200630710868e-08,7.072443351771301e-08,7.07288111168131e-08,7.073319585248124e-08,7.073758770687384e-08,7.074198666218065e-08,7.074639270274492e-08,7.075080581084142e-08,7.075522596934813e-08,7.075965316140804e-08,7.076408737011153e-08,7.076852857849186e-08,7.077297676955451e-08,7.077743192729464e-08,7.078189403346392e-08,7.078636307192322e-08,7.079083902562199e-08,7.079532187815627e-08,7.0799811613251e-08,7.080430821504587e-08,7.080881166443398e-08,7.081332194626445e-08,7.081783904428954e-08,7.082236294236451e-08,7.082689362199367e-08,7.083143106801792e-08,7.083597526387682e-08,7.084052619316463e-08,7.084508383958867e-08,7.084964818797994e-08,7.085421921936213e-08,7.08587969193579e-08,7.086338127137437e-08,7.086797225906466e-08,7.087256986641244e-08,7.087717407691337e-08,7.08817848750692e-08,7.088640224457137e-08,7.089102616927274e-08,7.089565663357109e-08,7.090029362043777e-08,7.090493711510051e-08,7.090958710117977e-08,7.091424356294314e-08,7.091890648462431e-08,7.092357584939303e-08,7.092825164269069e-08,7.093293384832954e-08,7.09376224502028e-08,7.094231743342622e-08,7.094701878191352e-08,7.09517264800455e-08,7.095644051219779e-08,7.096116086286094e-08,7.096588751827285e-08,7.09706204599994e-08,7.097535967287665e-08,7.0980105142303e-08,7.098485685286697e-08,7.098961478919652e-08,7.099437893594798e-08,7.099914927781009e-08,7.10039257994988e-08,7.100870848576712e-08,7.101349732139447e-08,7.101829229119596e-08,7.10230933800135e-08,7.102790057272433e-08,7.103271385621721e-08,7.103753321343951e-08,7.104235862937173e-08,7.104719008901452e-08,7.105202757743864e-08,7.105687107966808e-08,7.106172058080842e-08,7.10665760659657e-08,7.107143752022989e-08,7.10763049289204e-08,7.108117827714656e-08,7.108605755024703e-08,7.109094273343107e-08,7.109583381200716e-08,7.110073077134863e-08,7.110563359677751e-08,7.111054227370697e-08,7.111545678759368e-08,7.112037712387735e-08,7.112530326807429e-08,7.113023520568421e-08,7.113517292221782e-08,7.114011640330789e-08,7.11450656345589e-08,7.115002059860559e-08,7.115498128367498e-08,7.11599476762619e-08,7.116491976204846e-08,7.116989752640995e-08,7.117488095509536e-08,7.117987003385106e-08,7.118486475182222e-08,7.118986509169078e-08,7.119487103847538e-08,7.119988257906515e-08,7.120489969945605e-08,7.120992238563532e-08,7.121495062366455e-08,7.121998439912405e-08,7.122502369862783e-08,7.123006850829652e-08,7.123511881543165e-08,7.124017460496797e-08,7.124523586216125e-08,7.125030257430351e-08,7.125537472765324e-08,7.126045230850911e-08,7.126553530317855e-08,7.127062369820269e-08,7.127571747972513e-08,7.128081663453396e-08,7.128592115042159e-08,7.129103101183283e-08,7.12961462053844e-08,7.130126671757698e-08,7.130639253454094e-08,7.131152364345443e-08,7.131666003209054e-08,7.132180168515497e-08,7.132694859052433e-08,7.133210073456865e-08,7.133725810413096e-08,7.134242068598095e-08,7.134758846684958e-08,7.135276143419384e-08,7.135793957378161e-08,7.136312287304135e-08,7.136831131876053e-08,7.137350489731636e-08,7.137870359671367e-08,7.138390740347902e-08,7.138911630496033e-08,7.139433028805619e-08,7.139954933961923e-08,7.140477344695253e-08,7.141000259717348e-08,7.141523677724298e-08,7.142047597466565e-08,7.1425720176651e-08,7.143096937021135e-08,7.143622354270618e-08,7.144148268095407e-08,7.144674677433168e-08,7.14520158074895e-08,7.145728976873646e-08,7.146256864735887e-08,7.14678524278327e-08,7.1473141098978e-08,7.147843464813844e-08,7.148373306306293e-08,7.148903633345956e-08,7.149434444238807e-08,7.149965737983024e-08,7.150497513321047e-08,7.151029769230695e-08,7.151562504000633e-08,7.152095716768841e-08,7.15262940621092e-08,7.153163571137788e-08,7.153698210332158e-08,7.15423332232026e-08,7.154768906353283e-08,7.155304960988152e-08,7.155841485013776e-08,7.156378477220562e-08,7.156915936425062e-08,7.15745386141737e-08,7.157992250983099e-08,7.158531104127317e-08,7.159070419286217e-08,7.159610195443685e-08,7.160150431250223e-08,7.160691125875756e-08,7.161232277953403e-08,7.161773886310238e-08,7.162315949751445e-08,7.162858467123707e-08,7.163401437004882e-08,7.163944858712821e-08,7.164488730832242e-08,7.16503305217343e-08,7.165577821386292e-08,7.16612303785559e-08,7.166668700106707e-08,7.167214806905921e-08,7.167761357184644e-08,7.168308349779515e-08,7.168855783528646e-08,7.169403657338247e-08,7.169951970050886e-08,7.170500720504884e-08,7.171049907628767e-08,7.171599530209545e-08,7.172149587134656e-08,7.172700077331937e-08,7.173250999633719e-08,7.173802352763958e-08,7.174354135922952e-08,7.174906347774751e-08,7.175458987334783e-08,7.17601205342604e-08,7.176565544934056e-08,7.177119460751733e-08,7.177673799759485e-08,7.178228560889268e-08,7.178783743005543e-08,7.179339344967283e-08,7.17989536582984e-08,7.180451804345125e-08,7.181008659536637e-08,7.181565930311419e-08,7.182123615529555e-08,7.182681714121149e-08,7.183240224994998e-08,7.183799147080142e-08,7.184358479394236e-08,7.184918220748412e-08,7.185478370092557e-08,7.186038926376281e-08,7.186599888824751e-08,7.187161255849713e-08,7.187723026799671e-08,7.188285200264515e-08,7.188847775252269e-08,7.189410750925515e-08,7.189974126092783e-08,7.190537899919363e-08,7.191102070966299e-08,7.191666638402228e-08,7.192231601336763e-08,7.192796958551571e-08,7.19336270906262e-08,7.193928851883075e-08,7.194495386004144e-08,7.195062310210326e-08,7.195629623659882e-08,7.196197325264134e-08,7.196765414095604e-08,7.197333889028797e-08,7.197902749070043e-08,7.198471993092921e-08,7.199041620120046e-08,7.199611629184704e-08,7.200182019486105e-08,7.200752789826724e-08,7.201323939156025e-08,7.201895466539352e-08,7.202467370978022e-08,7.203039651470985e-08,7.203612307036677e-08,7.204185336679311e-08,7.204758739433082e-08,7.205332514289952e-08,7.205906660265662e-08,7.206481176370921e-08,7.207056061699943e-08,7.20763131523299e-08,7.208206936030793e-08,7.208782922996377e-08,7.209359275152056e-08,7.209935991986068e-08,7.210513071785537e-08,7.211090513941306e-08,7.211668317522183e-08,7.212246481555289e-08,7.212825005088972e-08,7.213403887141441e-08,7.213983126945782e-08,7.214562723246948e-08,7.21514267523877e-08,7.21572298198687e-08,7.21630364250132e-08,7.216884655924587e-08,7.217466021275232e-08,7.218047737621594e-08,7.218629804129115e-08,7.219212219662759e-08,7.219794983494099e-08,7.220378094503032e-08,7.220961551951077e-08,7.221545354818811e-08,7.22212950209671e-08,7.222713992826239e-08,7.22329882644825e-08,7.223884001751183e-08,7.224469517887968e-08,7.225055373924427e-08,7.225641569021007e-08,7.226228102392847e-08,7.22681497282681e-08,7.22740217957868e-08,7.227989721827665e-08,7.228577598517479e-08,7.229165808840623e-08,7.229754351876438e-08,7.230343226531657e-08,7.230932432359736e-08,7.231521968241634e-08,7.232111833360037e-08,7.232702026531167e-08,7.233292547356121e-08,7.233883394726536e-08,7.234474567945717e-08,7.235066065963586e-08,7.235657887747098e-08,7.2362500325891e-08,7.236842499609098e-08,7.237435287889473e-08,7.238028396684757e-08,7.23862182509199e-08,7.239215572225653e-08,7.239809637237764e-08,7.240404019277962e-08,7.240998717478606e-08,7.241593731017844e-08,7.24218905901868e-08,7.242784700653757e-08,7.243380655109313e-08,7.243976921474955e-08,7.244573498919856e-08,7.245170386814748e-08,7.24576758401004e-08,7.246365089608637e-08,7.246962903119948e-08,7.247561023561892e-08,7.248159450061534e-08,7.248758181849578e-08,7.249357218113556e-08,7.249956558006352e-08,7.250556200803675e-08,7.251156145487886e-08,7.251756391352099e-08,7.25235693755262e-08,7.252957783371917e-08,7.253558927851076e-08,7.254160370250934e-08,7.25476210976761e-08,7.255364145623546e-08,7.255966476991174e-08,7.256569103080057e-08,7.25717202302677e-08,7.257775236108284e-08,7.258378741483226e-08,7.258982538380204e-08,7.259586625945985e-08,7.260191003661657e-08,7.260795670416539e-08,7.261400625518089e-08,7.262005868187089e-08,7.262611397667464e-08,7.263217213065991e-08,7.263823313977558e-08,7.264429699208083e-08,7.265036368116171e-08,7.26564331994634e-08,7.266250553980777e-08,7.266858069280626e-08,7.267465865240392e-08,7.268073941071258e-08,7.268682295536438e-08,7.269290928934262e-08,7.269899839791211e-08,7.270509027516512e-08,7.271118491178123e-08,7.271728230172234e-08,7.27233824370159e-08,7.272948531039471e-08,7.273559091404708e-08,7.274169924091783e-08,7.274781028348277e-08,7.275392403446467e-08,7.276004048642659e-08,7.276615963119229e-08,7.277228146197271e-08,7.277840597112483e-08,7.278453314989139e-08,7.279066299513603e-08,7.27967954965452e-08,7.280293064782598e-08,7.280906844128603e-08,7.281520886897317e-08,7.282135192447831e-08,7.282749759825406e-08,7.283364588729368e-08,7.283979678504648e-08,7.284595027918199e-08,7.285210636494511e-08,7.285826503889469e-08,7.28644262871666e-08,7.287059010562335e-08,7.287675648776195e-08,7.288292542622207e-08,7.288909691464333e-08,7.289527094462162e-08,7.290144751014714e-08,7.290762660359717e-08,7.291380821825712e-08,7.291999234705353e-08,7.292617898329789e-08,7.293236812000672e-08,7.293855975027718e-08,7.294475387088571e-08,7.295095046803047e-08,7.295714953815744e-08,7.296335107219433e-08,7.296955506770014e-08,7.297576151548602e-08,7.298197040882795e-08,7.298818174120276e-08,7.29943955061849e-08,7.300061169643912e-08,7.30068303056108e-08,7.301305132641564e-08,7.301927475335019e-08,7.30255005788897e-08,7.303172879652425e-08,7.303795939969295e-08,7.304419238224666e-08,7.3050427736401e-08,7.305666545415733e-08,7.306290553297901e-08,7.306914796429331e-08,7.307539274042283e-08,7.308163985748293e-08,7.308788930540827e-08,7.309414108152109e-08,7.310039517775103e-08,7.310665158800822e-08,7.311291030504551e-08,7.311917132279129e-08,7.312543463421223e-08,7.313170023416396e-08,7.313796811565553e-08,7.314423827219545e-08,7.31505106928268e-08,7.315678537801237e-08,7.316306232210419e-08,7.316934151626647e-08,7.317562295384613e-08,7.318190662914687e-08,7.318819253540276e-08,7.319448066655792e-08,7.320077101613568e-08,7.320706357777281e-08,7.32133583460841e-08,7.321965531374317e-08,7.322595447637869e-08,7.32322558263443e-08,7.323855935553381e-08,7.324486506269537e-08,7.32511729392691e-08,7.325748297956894e-08,7.326379517713816e-08,7.327010952594207e-08,7.327642601960551e-08,7.328274465245468e-08,7.328906542014667e-08,7.329538831359791e-08,7.330171332919722e-08,7.330804045885824e-08,7.331436969753612e-08,7.332070104020945e-08,7.332703448028954e-08,7.333337001124544e-08,7.333970762857816e-08,7.334604732539566e-08,7.335238909619117e-08,7.335873293528785e-08,7.336507883624516e-08,7.337142679379998e-08,7.337777679816917e-08,7.338412884801195e-08,7.339048294028904e-08,7.339683906582634e-08,7.340319721917138e-08,7.340955739425037e-08,7.34159195843458e-08,7.342228378888128e-08,7.342864999528035e-08,7.343501820081143e-08,7.344138839993731e-08,7.34477605868256e-08,7.34541347560968e-08,7.346051090191683e-08,7.346688901859122e-08,7.347326910078846e-08,7.347965114281098e-08,7.348603513932637e-08,7.349242108432932e-08,7.349880897229614e-08,7.350519879793992e-08,7.351159055539007e-08,7.351798424052353e-08,7.35243798465542e-08,7.353077736803244e-08,7.353717679994784e-08,7.354357813666219e-08,7.354998137314488e-08,7.355638650336649e-08,7.356279352244157e-08,7.356920242482591e-08,7.357561320473925e-08,7.358202585747448e-08,7.35884403793937e-08,7.359485676305373e-08,7.360127499958484e-08,7.360769508503524e-08,7.361411702070466e-08,7.362054079792098e-08,7.362696641034065e-08,7.363339385264558e-08,7.363982312141473e-08,7.364625420909443e-08,7.365268711051656e-08,7.365912182179355e-08,7.366555833730782e-08,7.367199665160135e-08,7.367843676005624e-08,7.368487865728516e-08,7.369132233852797e-08,7.369776779791098e-08,7.370421503023632e-08,7.371066403103992e-08,7.371711479497054e-08,7.372356731749701e-08,7.373002159317862e-08,7.373647761704852e-08,7.374293538348607e-08,7.374939488839725e-08,7.375585612637447e-08,7.376231909244062e-08,7.376878378148588e-08,7.377525018842e-08,7.378171830851775e-08,7.378818813670137e-08,7.379465966843694e-08,7.380113289859849e-08,7.38076078224106e-08,7.381408443485209e-08,7.382056273108153e-08,7.382704270620975e-08,7.383352435532956e-08,7.384000767374755e-08,7.384649265656804e-08,7.385297929883994e-08,7.385946759597781e-08,7.386595754327629e-08,7.387244913506173e-08,7.387894236992914e-08,7.388543724015286e-08,7.389193373958723e-08,7.389843186530742e-08,7.390493161230966e-08,7.391143297493501e-08,7.391793595164357e-08,7.39244405352987e-08,7.393094672205578e-08,7.3937454507975e-08,7.394396388696652e-08,7.395047485400641e-08,7.395698740527585e-08,7.396350153615594e-08,7.39700172420751e-08,7.397653451846673e-08,7.398305336079649e-08,7.398957376400723e-08,7.399609572399789e-08,7.400261923753386e-08,7.400914429946995e-08,7.401567090460822e-08,7.402219904763874e-08,7.402872872450855e-08,7.403525993117115e-08,7.404179266343829e-08,7.404832691686226e-08,7.405486268589256e-08,7.406139996581448e-08,7.40679387534175e-08,7.40744790440715e-08,7.408102083337708e-08,7.4087564116944e-08,7.409410889038716e-08,7.410065514935158e-08,7.41072028895006e-08,7.411375210644881e-08,7.412030279585241e-08,7.412685495339027e-08,7.413340857475363e-08,7.413996365563642e-08,7.414652019175045e-08,7.415307817880259e-08,7.415963761254509e-08,7.416619848855264e-08,7.417276080273291e-08,7.417932455085126e-08,7.41858897286814e-08,7.419245633200859e-08,7.419902435663008e-08,7.420559379834904e-08,7.421216465298752e-08,7.42187369163707e-08,7.422531058433803e-08,7.423188565280451e-08,7.423846211756841e-08,7.424503997448806e-08,7.425161921945023e-08,7.42581998483342e-08,7.426478185705632e-08,7.427136524152905e-08,7.427794999768085e-08,7.42845361214382e-08,7.429112360874495e-08,7.429771245555658e-08,7.430430265784237e-08,7.431089421157096e-08,7.431748711249677e-08,7.432408135684606e-08,7.433067694076876e-08,7.433727385999764e-08,7.434387211069526e-08,7.435047168890223e-08,7.435707259066181e-08,7.436367481203695e-08,7.437027834908266e-08,7.43768831978891e-08,7.438348935453129e-08,7.439009681511553e-08,7.439670557573458e-08,7.440331563251424e-08,7.440992698158585e-08,7.441653961907713e-08,7.442315354113957e-08,7.44297687439275e-08,7.443638522360682e-08,7.444300297635072e-08,7.444962199835105e-08,7.445624228680319e-08,7.446286383590217e-08,7.446948664307465e-08,7.447611070434055e-08,7.448273601593351e-08,7.448936257478646e-08,7.449599037618763e-08,7.450261941666539e-08,7.4509249692519e-08,7.45158811991816e-08,7.452251393377605e-08,7.45291478918547e-08,7.453578307120807e-08,7.454241946665692e-08,7.454905707607503e-08,7.455569589520169e-08,7.456233592026079e-08,7.456897714751428e-08,7.457561957338755e-08,7.458226319424854e-08,7.458890800630454e-08,7.459555400643394e-08,7.460220119045108e-08,7.460884955511634e-08,7.461549909667992e-08,7.462214981199717e-08,7.462880169741942e-08,7.463545474896888e-08,7.464210896332016e-08,7.464876433696632e-08,7.465542086636208e-08,7.466207854791117e-08,7.466873737829435e-08,7.46753973539111e-08,7.468205847130952e-08,7.468872072687044e-08,7.46953841158692e-08,7.470204863760013e-08,7.470871428738774e-08,7.471538106134346e-08,7.472204895661715e-08,7.472871796949407e-08,7.473538809656508e-08,7.47420593342092e-08,7.474873167921194e-08,7.47554051308928e-08,7.476207968087514e-08,7.47687553283861e-08,7.477543206953902e-08,7.478210990079478e-08,7.478878881991328e-08,7.479546882251467e-08,7.480214990601743e-08,7.480883206633318e-08,7.481551530051474e-08,7.482219960675347e-08,7.482888497856248e-08,7.483557141441582e-08,7.484225891129142e-08,7.484894746612332e-08,7.485563707441184e-08,7.486232773304174e-08,7.486901943992788e-08,7.487571218849927e-08,7.488240598150625e-08,7.488910081616621e-08,7.489579668507442e-08,7.490249358307538e-08,7.490919150905235e-08,7.491589046029337e-08,7.492259043359768e-08,7.492929142931291e-08,7.493599343770366e-08,7.494269645794206e-08,7.494940048828143e-08,7.495610552439295e-08,7.496281156398695e-08,7.496951860219968e-08,7.497622663880617e-08,7.49829356693233e-08,7.498964569061347e-08,7.499635669937448e-08,7.500306869316393e-08,7.500978166828865e-08,7.501649562201201e-08,7.502321055103161e-08,7.502992645242501e-08,7.503664332315032e-08,7.504336116018049e-08,7.505007996047359e-08,7.505679972104883e-08,7.506352043856754e-08,7.507024211062061e-08,7.507696473397282e-08,7.508368830375735e-08,7.509041282081768e-08,7.509713827971528e-08,7.510386467739956e-08,7.511059201258624e-08,7.511732028105679e-08,7.512404948033875e-08,7.513077960722265e-08,7.513751065926205e-08,7.514424264188771e-08,7.515097553094128e-08,7.515770933931297e-08,7.51644440605303e-08,7.517117969172172e-08,7.51779162304526e-08,7.51846536733159e-08,7.519139201649322e-08,7.519813125970391e-08,7.520487139871248e-08,7.521161243081473e-08,7.521835435310802e-08,7.522509716112197e-08,7.523184085530499e-08,7.5238585430911e-08,7.524533088578765e-08,7.52520772167635e-08,7.525882442115951e-08,7.526557249077613e-08,7.527232143304694e-08,7.52790712416763e-08,7.528582191182222e-08,7.529257344105245e-08,7.529932582732964e-08,7.530607906761358e-08,7.531283315918188e-08,7.53195880993178e-08,7.532634388535559e-08,7.533310051418469e-08,7.533985798373392e-08,7.534661629082637e-08,7.535337543296666e-08,7.536013540749742e-08,7.536689621277484e-08,7.537365784421088e-08,7.538042029982173e-08,7.538718357718483e-08,7.539394767377786e-08,7.540071258660421e-08,7.540747831137399e-08,7.541424484923382e-08,7.542101219424274e-08,7.542778034655353e-08,7.543454930203597e-08,7.544131905855007e-08,7.544808961324019e-08,7.545486096868241e-08,7.546163311163047e-08,7.546840604486069e-08,7.547517976595969e-08,7.548195427220925e-08,7.548872956137779e-08,7.549550563046043e-08,7.55022824767797e-08,7.550906009876409e-08,7.551583849364759e-08,7.552261765813795e-08,7.55293975905083e-08,7.553617828751483e-08,7.554295974720135e-08,7.554974196662734e-08,7.555652494209123e-08,7.556330867410308e-08,7.557009315865866e-08,7.557687839345407e-08,7.558366437592276e-08,7.559045110361538e-08,7.559723857411435e-08,7.560402678504065e-08,7.56108157318177e-08,7.561760541584241e-08,7.562439583286091e-08,7.563118698050889e-08,7.563797885630495e-08,7.564477145722615e-08,7.565156478218464e-08,7.565835882813178e-08,7.566515359324123e-08,7.567194907638612e-08,7.567874527101527e-08,7.568554217567639e-08,7.569233978101695e-08,7.569913810302374e-08,7.570593712948587e-08,7.571273685834483e-08,7.57195372865502e-08,7.57263384122238e-08,7.573314023295432e-08,7.573994274654406e-08,7.574674595026637e-08,7.5753549839996e-08,7.576035441796399e-08,7.576715967958753e-08,7.577396562235416e-08,7.578077224976724e-08,7.578757954819407e-08,7.579438752138165e-08,7.580119616644767e-08,7.580800548412869e-08,7.581481546686096e-08,7.582162611494299e-08,7.582843742749784e-08,7.583524939978481e-08,7.58420620307914e-08,7.58488753182919e-08,7.585568926007446e-08,7.586250385418257e-08,7.58693190978973e-08,7.587613498927323e-08,7.588295152611937e-08,7.588976870623002e-08,7.589658652744873e-08,7.590340498759227e-08,7.591022408448472e-08,7.591704381595994e-08,7.592386417986155e-08,7.593068517403058e-08,7.593750679631859e-08,7.594432904458735e-08,7.595115191669034e-08,7.595797541050312e-08,7.596479952390656e-08,7.597162425477156e-08,7.597844960098676e-08,7.598527556043787e-08,7.599210213102542e-08,7.59989293106494e-08,7.600575709721821e-08,7.601258548863826e-08,7.60194144828346e-08,7.602624407780591e-08,7.60330742713233e-08,7.603990506120445e-08,7.604673644578318e-08,7.605356842280757e-08,7.606040099019057e-08,7.606723414599037e-08,7.607406788807032e-08,7.608090221442968e-08,7.608773712307148e-08,7.609457261208036e-08,7.610140867912979e-08,7.610824532237663e-08,7.611508253978117e-08,7.612192032938488e-08,7.612875868918136e-08,7.613559761720868e-08,7.61424371096945e-08,7.614927716817363e-08,7.615611778891128e-08,7.616295896997022e-08,7.61698007092974e-08,7.617664300447305e-08,7.618348585597133e-08,7.61903292585877e-08,7.619717321168645e-08,7.620401771195787e-08,7.621086276027301e-08,7.621770835286944e-08,7.622455448807173e-08,7.623140116548249e-08,7.623824838064336e-08,7.624509613354573e-08,7.625194442135967e-08,7.625879324241281e-08,7.626564259447606e-08,7.627249247624236e-08,7.6279342885121e-08,7.628619382024053e-08,7.629304527909972e-08,7.629989725998751e-08,7.630674976085581e-08,7.631360278005123e-08,7.632045631550696e-08,7.632731036511729e-08,7.633416492787491e-08,7.634102000126379e-08,7.634787558378294e-08,7.635473167716622e-08,7.636158827227458e-08,7.636844537068258e-08,7.637530297093354e-08,7.638216107221449e-08,7.638901967051507e-08,7.639587876478452e-08,7.640273835334702e-08,7.640959843511787e-08,7.641645900763338e-08,7.642332006945917e-08,7.643018161849937e-08,7.64370436532149e-08,7.644390617173766e-08,7.645076917231583e-08,7.645763265317104e-08,7.646449661572679e-08,7.647136105020928e-08,7.647822596138479e-08,7.648509134568142e-08,7.649195720918578e-08,7.649882353482786e-08,7.65056903287365e-08,7.651255758893478e-08,7.651942531460151e-08,7.652629350431197e-08,7.65331621533126e-08,7.65400312617502e-08,7.654690082804527e-08,7.655377086042843e-08,7.656064133810898e-08,7.656751226779757e-08,7.65743836485425e-08,7.658125547905747e-08,7.658812775686319e-08,7.659500048057807e-08,7.660187364860737e-08,7.660874725948443e-08,7.661562131148369e-08,7.662249580635664e-08,7.662937073544114e-08,7.66362461006347e-08,7.664312190025656e-08,7.664999813483388e-08,7.665687479802462e-08,7.666375189075009e-08,7.667062941113341e-08,7.667750735872602e-08,7.668438573103474e-08,7.669126452650229e-08,7.669814374399097e-08,7.670502338541516e-08,7.671190344533534e-08,7.671878391723744e-08,7.672566480411987e-08,7.673254610927806e-08,7.67394278218077e-08,7.674630994541725e-08,7.675319247303883e-08,7.67600754168159e-08,7.676695876214133e-08,7.677384251080132e-08,7.678072666686291e-08,7.678761121982669e-08,7.679449617045267e-08,7.680138152032835e-08,7.680826727126534e-08,7.681515341479799e-08,7.682203995394255e-08,7.682892688027378e-08,7.683581419691687e-08,7.684270190692986e-08,7.684958999939744e-08,7.685647847779833e-08,7.68633673404219e-08,7.687025658043936e-08,7.687714620693926e-08,7.688403621108773e-08,7.689092659559285e-08,7.689781735735799e-08,7.69047084929961e-08,7.691160000344227e-08,7.691849188620574e-08,7.692538413984526e-08,7.693227676278667e-08,7.69391697534419e-08,7.694606311083651e-08,7.695295683797675e-08,7.695985092362335e-08,7.696674537073731e-08,7.6973640179354e-08,7.698053534960348e-08,7.698743087497258e-08,7.699432676185019e-08,7.700122300366862e-08,7.70081195941567e-08,7.701501653654591e-08,7.70219138346683e-08,7.702881147716302e-08,7.703570946749413e-08,7.70426078042144e-08,7.70495064858071e-08,7.705640552161088e-08,7.706330488982944e-08,7.707020460318447e-08,7.707710465386075e-08,7.708400504494829e-08,7.709090576725155e-08,7.70978068301583e-08,7.710470822177862e-08,7.711160994606375e-08,7.711851200187706e-08,7.712541438096734e-08,7.71323170942231e-08,7.713922013676437e-08,7.714612350409905e-08,7.715302719543604e-08,7.71599312101259e-08,7.71668355465532e-08,7.717374020251806e-08,7.7180645179627e-08,7.718755047324466e-08,7.719445608336575e-08,7.720136200349105e-08,7.720826824236684e-08,7.721517479293151e-08,7.722208165525637e-08,7.722898882837602e-08,7.723589630927866e-08,7.724280409708376e-08,7.724971219089982e-08,7.725662058829891e-08,7.726352929052023e-08,7.727043829546446e-08,7.72773475940938e-08,7.728425720014408e-08,7.72911671036359e-08,7.729807730298891e-08,7.730498779779909e-08,7.731189858701339e-08,7.731880966882737e-08,7.73257210429261e-08,7.733263270734232e-08,7.733954466151542e-08,7.734645690375613e-08,7.735336943299938e-08,7.73602822511206e-08,7.736719535014412e-08,7.737410873010444e-08,7.738102239409081e-08,7.73879363374508e-08,7.739485056144425e-08,7.740176506370565e-08,7.740867984343988e-08,7.741559489840458e-08,7.742251022908763e-08,7.742942583191536e-08,7.74363417072585e-08,7.744325784931908e-08,7.745017426554172e-08,7.74570909494862e-08,7.746400790195839e-08,7.747092511938535e-08,7.747784260172842e-08,7.74847603463442e-08,7.749167835525901e-08,7.749859662550404e-08,7.750551515363102e-08,7.751243394490438e-08,7.751935299181225e-08,7.752627229560117e-08,7.753319185827562e-08,7.754011167279329e-08,7.754703173962814e-08,7.755395205865574e-08,7.756087262836045e-08,7.756779345058198e-08,7.757471451999657e-08,7.75816358361993e-08,7.758855739827507e-08,7.759547920584262e-08,7.760240125736692e-08,7.760932354476614e-08,7.76162460803171e-08,7.762316885335767e-08,7.763009186293276e-08,7.763701511818484e-08,7.764393860972456e-08,7.765086233708531e-08,7.765778629944023e-08,7.766471049327829e-08,7.767163492318611e-08,7.767855958235415e-08,7.768548447580721e-08,7.769240959962134e-08,7.76993349503862e-08,7.770626052717615e-08,7.77131863262007e-08,7.7720112354607e-08,7.77270386031605e-08,7.773396507816025e-08,7.774089177509117e-08,7.774781869566909e-08,7.775474583705934e-08,7.776167318675075e-08,7.77686007582089e-08,7.77755285491323e-08,7.778245655638913e-08,7.778938477696654e-08,7.779631321122397e-08,7.780324185954026e-08,7.781017071655568e-08,7.781709978655616e-08,7.782402906402134e-08,7.783095854269399e-08,7.78378882333576e-08,7.784481812608023e-08,7.785174824050634e-08,7.785867856074352e-08,7.786560907349334e-08,7.787253978811261e-08,7.78794707101305e-08,7.788640181781597e-08,7.789333312553444e-08,7.790026463601677e-08,7.790719634343174e-08,7.791412824874193e-08,7.792106034701191e-08,7.79279926392094e-08,7.793492512432179e-08,7.794185780136541e-08,7.794879067492886e-08,7.795572373861941e-08,7.796265698547008e-08,7.796959042028726e-08,7.797652404207441e-08,7.798345785122493e-08,7.799039184458514e-08,7.799732602727445e-08,7.800426039296716e-08,7.801119493521876e-08,7.801812966405751e-08,7.802506456757516e-08,7.803199965141581e-08,7.80389349126463e-08,7.804587035091426e-08,7.805280596584595e-08,7.805974175592206e-08,7.806667772054388e-08,7.80736138586834e-08,7.808055016936753e-08,7.808748665154468e-08,7.809442330456079e-08,7.8101360127334e-08,7.810829711890212e-08,7.811523427827863e-08,7.812217160461339e-08,7.81291090969783e-08,7.813604675442304e-08,7.814298457592393e-08,7.814992256074422e-08,7.815686070783315e-08,7.81637990163712e-08,7.817073748301441e-08,7.817767611157734e-08,7.818461489877746e-08,7.819155384373624e-08,7.819849294303089e-08,7.820543220054574e-08,7.8212371610863e-08,7.82193111754036e-08,7.822625089279276e-08,7.823319076510446e-08,7.824013078971523e-08,7.824707096156459e-08,7.825401128273434e-08,7.826095175292938e-08,7.826789237454312e-08,7.827483314032962e-08,7.828177405519926e-08,7.828871511457555e-08,7.829565631839281e-08,7.830259766653498e-08,7.830953915695511e-08,7.831648078922323e-08,7.832342256247062e-08,7.833036447656838e-08,7.833730652921018e-08,7.834424872098923e-08,7.835119105032944e-08,7.835813351565075e-08,7.836507611683812e-08,7.837201885378188e-08,7.837896172489014e-08,7.838590472938642e-08,7.839284786633261e-08,7.839979113493434e-08,7.84067345344669e-08,7.841367806385964e-08,7.842062172238312e-08,7.842756550922967e-08,7.843450942356606e-08,7.844145346453718e-08,7.84483976315218e-08,7.845534192334184e-08,7.846228633923643e-08,7.846923087863952e-08,7.847617554070696e-08,7.848312032441938e-08,7.849006522912883e-08,7.849701025388239e-08,7.85039553980484e-08,7.851090066072452e-08,7.8517846041159e-08,7.852479153845087e-08,7.853173715209084e-08,7.853868288024467e-08,7.854562872335775e-08,7.855257468028718e-08,7.855952075073548e-08,7.856646693341703e-08,7.857341322836252e-08,7.858035963518637e-08,7.858730614569549e-08,7.859425276919612e-08,7.860119950102038e-08,7.860814634000584e-08,7.861509328738731e-08,7.862204034297017e-08,7.862898750006992e-08,7.863593476160756e-08,7.864288212431406e-08,7.864982959283772e-08,7.865677716354768e-08,7.866372483603797e-08,7.86706726121601e-08,7.867762048489503e-08,7.868456846131552e-08,7.869151653583745e-08,7.869846470430886e-08,7.870541297581483e-08,7.871236133718846e-08,7.871930979488691e-08,7.872625834637384e-08,7.873320699201448e-08,7.874015573093932e-08,7.874710456221867e-08,7.875405348531136e-08,7.876100249949215e-08,7.876795160692987e-08,7.877490080107358e-08,7.878185008424933e-08,7.878879945476748e-08,7.879574891304584e-08,7.880269846046967e-08,7.880964809248719e-08,7.881659780981275e-08,7.882354760644605e-08,7.883049748946624e-08,7.883744745818717e-08,7.88443975052066e-08,7.885134764065314e-08,7.885829785804968e-08,7.886524815568471e-08,7.887219853341007e-08,7.887914899028441e-08,7.888609952488683e-08,7.889305013528804e-08,7.890000082440533e-08,7.890695158768143e-08,7.891390242671203e-08,7.892085334325313e-08,7.892780433111607e-08,7.893475539265702e-08,7.894170652701966e-08,7.894865773302475e-08,7.895560901051488e-08,7.89625603592508e-08,7.896951177804586e-08,7.89764632658093e-08,7.89834148225261e-08,7.89903664472087e-08,7.899731813951509e-08,7.900426989844607e-08,7.901122172356225e-08,7.901817361418815e-08,7.90251255680406e-08,7.903207758729468e-08,7.903902967020376e-08,7.90459818162077e-08,7.905293402286522e-08,7.905988629150482e-08,7.906683862037247e-08,7.907379101203554e-08,7.908074346146512e-08,7.908769596991881e-08,7.909464853752403e-08,7.910160116241837e-08,7.91085538440155e-08,7.911550658288243e-08,7.91224593782909e-08,7.912941222691977e-08,7.91363651300949e-08,7.914331809383825e-08,7.915027110847246e-08,7.915722417223064e-08,7.916417728630075e-08,7.917113045161291e-08,7.917808367097011e-08,7.918503693726954e-08,7.919199024926773e-08,7.919894361581362e-08,7.920589702880478e-08,7.921285049121122e-08,7.921980400094851e-08,7.922675755466657e-08,7.923371115661089e-08,7.924066480978833e-08,7.924761850411204e-08,7.925457224248965e-08,7.926152602433302e-08,7.926847984902335e-08,7.927543371600445e-08,7.928238762460541e-08,7.928934157432233e-08,7.929629556449376e-08,7.930324959459804e-08,7.931020366398391e-08,7.931715777205754e-08,7.932411191824443e-08,7.933106610202623e-08,7.933802032280742e-08,7.934497457989674e-08,7.935192887281962e-08,7.935888320092011e-08,7.936583756367065e-08,7.937279196051199e-08,7.937974639088176e-08,7.93867008542128e-08,7.939365534988801e-08,7.940060987728576e-08,7.940756443594287e-08,7.941451902516587e-08,7.94214736445699e-08,7.942842829346916e-08,7.943538297125777e-08,7.944233767754248e-08,7.944929241168566e-08,7.945624717306637e-08,7.946320196119757e-08,7.947015677552753e-08,7.94771116154114e-08,7.94840664804411e-08,7.949102136605724e-08,7.94979762756144e-08,7.950493120856667e-08,7.95118861643693e-08,7.951884114248315e-08,7.95257961423544e-08,7.95327511634446e-08,7.953970620522366e-08,7.954666126713808e-08,7.955361634865608e-08,7.956057144925112e-08,7.956752656837843e-08,7.957448170550869e-08,7.958143686010674e-08,7.958839203164864e-08,7.959534721960403e-08,7.960230242343821e-08,7.960925764264085e-08,7.961621287667864e-08,7.962316812502741e-08,7.963012338717109e-08,7.963707866257893e-08,7.964403395074104e-08,7.965098925113312e-08,7.965794456324411e-08,7.966489988655796e-08,7.96718552205665e-08,7.967881056474913e-08,7.968576591859728e-08,7.969272128160642e-08,7.969967665326771e-08,7.970663203307209e-08,7.97135874205171e-08,7.972054281509512e-08,7.972749821630168e-08,7.973445362364428e-08,7.97414090366192e-08,7.974836445472711e-08,7.975531987747221e-08,7.976227530435531e-08,7.976923073488347e-08,7.977618616857079e-08,7.978314160491503e-08,7.979009704343161e-08,7.979705248362851e-08,7.980400792501947e-08,7.981096336712448e-08,7.981791880944966e-08,7.982487425150876e-08,7.983182969282876e-08,7.98387851329203e-08,7.98457405713045e-08,7.985269600750589e-08,7.985965144104064e-08,7.986660687143992e-08,7.987356229822928e-08,7.988051772092486e-08,7.988747313906582e-08,7.989442855217675e-08,7.99013839597808e-08,7.990833936142263e-08,7.991529475662706e-08,7.992225014492439e-08,7.992920552586095e-08,7.993616089896257e-08,7.994311626376666e-08,7.995007161982572e-08,7.995702696666386e-08,7.996398230383125e-08,7.997093763195984e-08,7.997789294949127e-08,7.998484825598081e-08,7.999180355096648e-08,7.999875883292411e-08,8.000571410248772e-08,8.001266935919931e-08,8.001962460606181e-08,8.002657983917382e-08,8.003353505527912e-08,8.004049025957236e-08,8.004744544533092e-08,8.005440061908953e-08,8.006135577688359e-08,8.006831091732731e-08,8.007526604099778e-08,8.008222114826299e-08,8.00891762370632e-08,8.009613130857156e-08,8.010308636151467e-08,8.011004139539367e-08,8.011699640989716e-08,8.012395140445317e-08,8.013090637880685e-08,8.013786133242259e-08,8.014481626438925e-08,8.015177117520201e-08,8.015872606404815e-08,8.016568093014153e-08,8.017263577347879e-08,8.017959059380292e-08,8.018654539046394e-08,8.019350016297121e-08,8.020045491102304e-08,8.020740962974421e-08,8.021436432757722e-08,8.02213189950993e-08,8.022827363639518e-08,8.023522825585203e-08,8.024218284837152e-08,8.024913741343623e-08,8.025609195074203e-08,8.026304645475348e-08,8.027000093007626e-08,8.027695538175941e-08,8.028390980391965e-08,8.029086419644201e-08,8.029781855297312e-08,8.030477288442097e-08,8.031172718482125e-08,8.031868144803256e-08,8.032563567933403e-08,8.033258987833157e-08,8.03395440446269e-08,8.034649818356104e-08,8.035345228908953e-08,8.03604063556225e-08,8.036736038716468e-08,8.037431438475527e-08,8.038126834727937e-08,8.038822227435411e-08,8.039517616559305e-08,8.040213002060339e-08,8.040908383900706e-08,8.041603762041731e-08,8.042299136444347e-08,8.042994507070778e-08,8.043689873882886e-08,8.044385236841701e-08,8.045080595909035e-08,8.045775951048265e-08,8.046471302220013e-08,8.047166649226412e-08,8.047861992283444e-08,8.048557331329795e-08,8.049252666259832e-08,8.049947997035622e-08,8.050643323620043e-08,8.051338645974967e-08,8.052033964064545e-08,8.052729277851406e-08,8.053424587536146e-08,8.054119892832544e-08,8.054815193720112e-08,8.055510489887444e-08,8.056205782407191e-08,8.056901070217144e-08,8.057596353123538e-08,8.058291631759527e-08,8.058986905658374e-08,8.059682174946457e-08,8.060377439365225e-08,8.061072698676518e-08,8.061767953528983e-08,8.062463203257874e-08,8.063158448142469e-08,8.063853688147019e-08,8.064548923204982e-08,8.065244153344451e-08,8.06593937849842e-08,8.06663459863217e-08,8.067329813716262e-08,8.06802502370519e-08,8.068720228571508e-08,8.069415428155939e-08,8.070110622669187e-08,8.0708058119583e-08,8.071500995980588e-08,8.072196174584249e-08,8.072891347855678e-08,8.073586515762536e-08,8.074281678271144e-08,8.074976835440824e-08,8.075671987050678e-08,8.07636713316005e-08,8.077062273737485e-08,8.077757408749095e-08,8.078452538159586e-08,8.079147661935304e-08,8.079842780048787e-08,8.080537892462335e-08,8.081232999142337e-08,8.081928100054338e-08,8.082623195167351e-08,8.08331828445192e-08,8.08401336787093e-08,8.084708445393551e-08,8.085403516981948e-08,8.086098582613434e-08,8.086793642249409e-08,8.087488695858299e-08,8.088183743409508e-08,8.088878784867595e-08,8.089573820204388e-08,8.090268849386325e-08,8.09096387238097e-08,8.091658889161384e-08,8.092353899688784e-08,8.093048903938448e-08,8.093743901871081e-08,8.094438893460235e-08,8.095133878672885e-08,8.09582885747891e-08,8.096523829846255e-08,8.097218795743531e-08,8.097913755142378e-08,8.098608708007556e-08,8.099303654311373e-08,8.099998594023894e-08,8.10069352711695e-08,8.101388453554758e-08,8.10208337330672e-08,8.10277828634363e-08,8.103473192634502e-08,8.104168092148329e-08,8.104862984859823e-08,8.105557870735901e-08,8.10625274974677e-08,8.10694762186047e-08,8.107642487047644e-08,8.108337345361759e-08,8.109032196610415e-08,8.109727040856141e-08,8.110421878122673e-08,8.11111670876745e-08,8.111811532300173e-08,8.11250634872229e-08,8.113201157945915e-08,8.113895959657631e-08,8.114590754464142e-08,8.115285541629629e-08,8.115980321915411e-08,8.116675094539537e-08,8.117369860175597e-08,8.118064618141555e-08,8.11875936870815e-08,8.1194541116698e-08,8.120148847288816e-08,8.120843575410136e-08,8.121538296108604e-08,8.122233009315424e-08,8.122927714854477e-08,8.12362241269107e-08,8.124317103832642e-08,8.125011786624003e-08,8.12570646174081e-08,8.126401129004935e-08,8.127095788601779e-08,8.127790440663446e-08,8.128485084670253e-08,8.129179720374368e-08,8.12987434873836e-08,8.130568969242116e-08,8.13126358167056e-08,8.131958186877545e-08,8.132652783808468e-08,8.133347373066127e-08,8.134041953743985e-08,8.13473652606251e-08,8.135431090668696e-08,8.136125646912447e-08,8.136820195653124e-08,8.137514735508151e-08,8.138209267714864e-08,8.138903791753463e-08,8.139598307658472e-08,8.14029281543908e-08,8.140987314780648e-08,8.141681805796973e-08,8.142376288406446e-08,8.143070762686053e-08,8.143765228688584e-08,8.14445968629362e-08,8.145154135437936e-08,8.145848576133272e-08,8.146543008316549e-08,8.147237432209297e-08,8.147931847405054e-08,8.148626254049931e-08,8.149320652119846e-08,8.150015041583988e-08,8.150709422440133e-08,8.151403794666882e-08,8.152098158187467e-08,8.152792512915547e-08,8.153486859389716e-08,8.154181196716562e-08,8.154875525297209e-08,8.15556984445181e-08,8.156264154799359e-08,8.156958456277406e-08,8.157652749391078e-08,8.158347033686995e-08,8.159041309071565e-08,8.159735575364676e-08,8.160429833394387e-08,8.161124081822166e-08,8.161818321363054e-08,8.162512551707143e-08,8.16320677295958e-08,8.16390098497674e-08,8.164595188829394e-08,8.165289382540589e-08,8.165983567128016e-08,8.166677742713906e-08,8.167371909115105e-08,8.168066066128545e-08,8.168760214708023e-08,8.16945435339303e-08,8.170148482731517e-08,8.170842602748519e-08,8.171536713380388e-08,8.17223081463701e-08,8.172924906508738e-08,8.173618988952784e-08,8.174313061658669e-08,8.175007125299218e-08,8.175701179030846e-08,8.176395223560489e-08,8.177089258606645e-08,8.177783284130064e-08,8.17847729997908e-08,8.179171306211745e-08,8.179865302816896e-08,8.180559289766641e-08,8.181253267147327e-08,8.181947234631211e-08,8.18264119250907e-08,8.183335140627126e-08,8.18402907906822e-08,8.184723007659087e-08,8.185416926488784e-08,8.186110835443754e-08,8.186804734535107e-08,8.187498623776023e-08,8.188192503188143e-08,8.188886372621217e-08,8.189580232998411e-08,8.190274082318954e-08,8.190967921962455e-08,8.191661752571888e-08,8.192355572209954e-08,8.193049381695356e-08,8.19374318145056e-08,8.194436970828617e-08,8.195130750069091e-08,8.1958245192931e-08,8.196518278234638e-08,8.197212027076417e-08,8.19790576577971e-08,8.198599494398065e-08,8.199293212534169e-08,8.199986920467309e-08,8.200680618035422e-08,8.201374305337248e-08,8.202067982313005e-08,8.202761648979506e-08,8.20345530554923e-08,8.204148951579126e-08,8.204842587092568e-08,8.205536213205521e-08,8.206229828044184e-08,8.206923432246863e-08,8.207617026076123e-08,8.20831060940543e-08,8.209004182214585e-08,8.209697744481013e-08,8.210391296205934e-08,8.211084837330914e-08,8.21177836774807e-08,8.212471887371757e-08,8.213165396606016e-08,8.213858895092686e-08,8.214552383022962e-08,8.215245860144083e-08,8.215939326626589e-08,8.21663278240097e-08,8.21732622741588e-08,8.21801966165088e-08,8.218713085024209e-08,8.219406497496096e-08,8.220099899076821e-08,8.220793289903661e-08,8.221486669828286e-08,8.222180038993374e-08,8.222873397256128e-08,8.223566745415692e-08,8.224260081797186e-08,8.22495340710238e-08,8.225646721415532e-08,8.226340025184887e-08,8.227033317474042e-08,8.227726598871629e-08,8.228419869197741e-08,8.22911312831047e-08,8.229806376227714e-08,8.23049961370774e-08,8.231192839377178e-08,8.231886054533189e-08,8.232579258041031e-08,8.233272451628709e-08,8.233965632680502e-08,8.234658802214677e-08,8.235351960768375e-08,8.236045107632319e-08,8.236738243538097e-08,8.237431368259863e-08,8.23812448170567e-08,8.238817583514002e-08,8.23951067414058e-08,8.240203753976469e-08,8.240896822393912e-08,8.241589879341689e-08,8.242282924767718e-08,8.2429759586597e-08,8.24366898094434e-08,8.244361992238683e-08,8.245054991950685e-08,8.24574797959403e-08,8.246440955877699e-08,8.247133920808607e-08,8.247826874591802e-08,8.24851981622493e-08,8.249212746147377e-08,8.249905664369908e-08,8.250598571121079e-08,8.251291466247807e-08,8.251984349582479e-08,8.25267722126528e-08,8.253370081247852e-08,8.254062929419142e-08,8.254755766024311e-08,8.25544859225211e-08,8.256141406630166e-08,8.25683420787294e-08,8.257526997319107e-08,8.258219774563604e-08,8.258912540322325e-08,8.259605294302778e-08,8.260298037106313e-08,8.260990767305803e-08,8.261683485607108e-08,8.262376191847457e-08,8.263068886312403e-08,8.263761568790789e-08,8.264454239331235e-08,8.26514689790135e-08,8.265839544473636e-08,8.266532179112849e-08,8.267224801648972e-08,8.267917412132523e-08,8.268610010566323e-08,8.269302596924896e-08,8.269995171193058e-08,8.270687733354596e-08,8.271380282644907e-08,8.272072818470506e-08,8.272765344088869e-08,8.273457857312074e-08,8.274150358938747e-08,8.274842847982e-08,8.27553532497165e-08,8.276227789731478e-08,8.276920239747419e-08,8.277612680288344e-08,8.278305108048387e-08,8.278997523702376e-08,8.279689926990035e-08,8.280382318041567e-08,8.281074696742716e-08,8.28176706295364e-08,8.282459417068172e-08,8.28315175879572e-08,8.283844087697563e-08,8.284536404479365e-08,8.285228708835414e-08,8.28592100014302e-08,8.28661327956772e-08,8.287305546550983e-08,8.287997800991035e-08,8.288690043055568e-08,8.289382272534623e-08,8.290074489424968e-08,8.290766693841e-08,8.291458885623752e-08,8.292151064926448e-08,8.2928432314942e-08,8.293535385566522e-08,8.294227527022252e-08,8.294919655608725e-08,8.295611771960745e-08,8.296303875307327e-08,8.296995966182308e-08,8.297688044332708e-08,8.298380109791751e-08,8.299072162521705e-08,8.299764202590359e-08,8.300456230245618e-08,8.30114824474988e-08,8.30184024647395e-08,8.302532235541912e-08,8.303224211639858e-08,8.30391617526613e-08,8.304608125820523e-08,8.305300062567863e-08,8.305991987367714e-08,8.306683899300487e-08,8.307375798300791e-08,8.308067684343706e-08,8.308759557442068e-08,8.309451417750555e-08,8.310143265121853e-08,8.31083509967831e-08,8.311526922983685e-08,8.31221873167499e-08,8.312910525935143e-08,8.31360230938896e-08,8.314294078718688e-08,8.314985833850618e-08,8.31567757724851e-08,8.316369306747262e-08,8.317061023091563e-08,8.31775272731557e-08,8.318444418836766e-08,8.31913609574383e-08,8.319827759641256e-08,8.320519410418312e-08,8.321211048984611e-08,8.321902674408343e-08,8.322594286515752e-08,8.323285884259365e-08,8.323977470103588e-08,8.324669042863025e-08,8.325360601630168e-08,8.32605214780067e-08,8.326743680728563e-08,8.327435200793273e-08,8.328126707073644e-08,8.328818200065519e-08,8.329509679861747e-08,8.330201146237832e-08,8.330892599289622e-08,8.331584039000047e-08,8.332275465360101e-08,8.332966878359547e-08,8.333658277983616e-08,8.334349664219425e-08,8.335041037053652e-08,8.335732396478145e-08,8.336423742477203e-08,8.337115075038129e-08,8.337806394150212e-08,8.338497699801111e-08,8.339188991979442e-08,8.339880270673052e-08,8.34057153587151e-08,8.341262787561063e-08,8.34195402573345e-08,8.342645250366487e-08,8.343336461456566e-08,8.344027658990869e-08,8.344718842960256e-08,8.345410013351846e-08,8.346101170145643e-08,8.34679231333957e-08,8.347483442915915e-08,8.348174559260591e-08,8.34886566157153e-08,8.349556751148977e-08,8.35024782658305e-08,8.350938888311036e-08,8.351629936091205e-08,8.352320970438514e-08,8.35301199085001e-08,8.35370299802405e-08,8.354393990965153e-08,8.355084970062856e-08,8.35577593589013e-08,8.35646688758046e-08,8.357157825517936e-08,8.357848749654163e-08,8.358539659998439e-08,8.359230556530682e-08,8.359921439245902e-08,8.36061230817559e-08,8.361303163057316e-08,8.361994005331982e-08,8.362684832738226e-08,8.363375647283206e-08,8.364066446882326e-08,8.36475723364448e-08,8.365448005861165e-08,8.366138763745906e-08,8.3668295076066e-08,8.367520237612142e-08,8.368210953585666e-08,8.368901655357319e-08,8.369592343432951e-08,8.370283017697373e-08,8.370973677800922e-08,8.371664324057444e-08,8.372354956084268e-08,8.373045573072229e-08,8.373736176931978e-08,8.374426766959915e-08,8.375117343762259e-08,8.375807905613673e-08,8.376498453442287e-08,8.377188987230969e-08,8.377879506529471e-08,8.378570012029732e-08,8.379260503052872e-08,8.379950980324911e-08,8.380641443298761e-08,8.381331891832984e-08,8.382022326579482e-08,8.382712749359317e-08,8.383403155939346e-08,8.384093548642558e-08,8.384783927475116e-08,8.385474291834492e-08,8.386164641562225e-08,8.386854977091812e-08,8.387545298318751e-08,8.388235605335108e-08,8.388925898158388e-08,8.389616177494486e-08,8.390306440847555e-08,8.390996691318116e-08,8.391686928091531e-08,8.392377149535963e-08,8.393067356639894e-08,8.39375754941984e-08,8.394447727823714e-08,8.395137891857245e-08,8.395828041878569e-08,8.39651817720853e-08,8.397208298200418e-08,8.39789840488386e-08,8.398588497163387e-08,8.399278574986657e-08,8.399968638390601e-08,8.400658687385135e-08,8.401348719044999e-08,8.402038739084618e-08,8.402728744768293e-08,8.40341873599955e-08,8.40410871276486e-08,8.404798675055145e-08,8.405488622863262e-08,8.406178556147347e-08,8.406868474962955e-08,8.407558379268763e-08,8.408248269054342e-08,8.408938144311475e-08,8.409628005027525e-08,8.410317851200293e-08,8.411007682885632e-08,8.411697499853238e-08,8.412387302178857e-08,8.413077090223149e-08,8.413766864674422e-08,8.414456623258552e-08,8.415146366062951e-08,8.415836095700546e-08,8.416525810614899e-08,8.417215510415968e-08,8.417905195977614e-08,8.418594867442884e-08,8.419284523634061e-08,8.419974165397703e-08,8.420663792468975e-08,8.421353404688532e-08,8.422043002247571e-08,8.422732585066177e-08,8.423422153171311e-08,8.424111706554446e-08,8.42480124520723e-08,8.425490769121093e-08,8.426180278287822e-08,8.426869772698396e-08,8.427559252344961e-08,8.428248717218793e-08,8.428938167016281e-08,8.429627601815067e-08,8.430317023407166e-08,8.431006428341566e-08,8.431695818119286e-08,8.432385193524702e-08,8.433074555015641e-08,8.433763902513507e-08,8.434453234034708e-08,8.435142550466482e-08,8.435831852085469e-08,8.436521138827778e-08,8.43721041097636e-08,8.437899667957878e-08,8.438588910175291e-08,8.439278138019933e-08,8.439967348883326e-08,8.440656546417527e-08,8.441345729080677e-08,8.442034896728288e-08,8.442724049768072e-08,8.443413187563935e-08,8.444102310297804e-08,8.44479141811365e-08,8.445480510933901e-08,8.446169587860566e-08,8.446858650720361e-08,8.447547698455685e-08,8.448236731189727e-08,8.448925749095772e-08,8.449614750950347e-08,8.450303738749384e-08,8.450992709301512e-08,8.451681666671011e-08,8.452370609783178e-08,8.453059537089336e-08,8.453748449732611e-08,8.454437347498026e-08,8.455126229978427e-08,8.455815097353917e-08,8.456503949649871e-08,8.457192786844325e-08,8.45788160892073e-08,8.458570415872574e-08,8.459259207684517e-08,8.459947984378336e-08,8.460636745896645e-08,8.461325492265823e-08,8.462014223478615e-08,8.462702939568521e-08,8.46339163945755e-08,8.464080325982966e-08,8.464768994948276e-08,8.465457650214682e-08,8.466146290363766e-08,8.466834915305745e-08,8.467523525009585e-08,8.468212118791047e-08,8.468900698049642e-08,8.469589262014988e-08,8.470277810686659e-08,8.470966344237582e-08,8.471654862532748e-08,8.472343365544532e-08,8.473031853225277e-08,8.473720325700005e-08,8.47440878281026e-08,8.475097224875904e-08,8.475785651461457e-08,8.476474062678603e-08,8.477162458582698e-08,8.477850837102688e-08,8.478539203156993e-08,8.479227553149405e-08,8.479915887713722e-08,8.480604207673234e-08,8.481292511550862e-08,8.481980800135162e-08,8.482669073354609e-08,8.483357331486998e-08,8.484045573978147e-08,8.484733801071221e-08,8.48542201098091e-08,8.486110207284136e-08,8.486798388279492e-08,8.487486553749191e-08,8.488174704123854e-08,8.488862839645703e-08,8.48955095868004e-08,8.490239062407123e-08,8.490927150485084e-08,8.491615223318833e-08,8.492303280495212e-08,8.492991322180922e-08,8.493679348407869e-08,8.494367359145745e-08,8.495055354367242e-08,8.495743334158302e-08,8.496431298431081e-08,8.497119247154844e-08,8.497807180361352e-08,8.498495098050892e-08,8.499183000408974e-08,8.499870887044899e-08,8.500558758351304e-08,8.501246613867134e-08,8.501934453849233e-08,8.502622278607594e-08,8.503310087712367e-08,8.50399788129779e-08,8.50468565905648e-08,8.505373421587957e-08,8.50606116828828e-08,8.506748899378235e-08,8.507436615143909e-08,8.508124315307444e-08,8.508811999866976e-08,8.509499668815706e-08,8.510187321962731e-08,8.510874959666432e-08,8.511562581511988e-08,8.51225018775648e-08,8.512937778535457e-08,8.513625352406726e-08,8.514312911890714e-08,8.515000455683612e-08,8.515687983811313e-08,8.516375496385899e-08,8.517062993150916e-08,8.517750474573908e-08,8.518437940155359e-08,8.519125389506303e-08,8.519812823711009e-08,8.520500242114742e-08,8.521187644714366e-08,8.521875031918483e-08,8.522562403226428e-08,8.52324975865127e-08,8.523937098613925e-08,8.524624422532307e-08,8.525311730590694e-08,8.525999023039797e-08,8.526686299651978e-08,8.527373560426058e-08,8.528060805651203e-08,8.528748035137847e-08,8.529435248733227e-08,8.53012244662223e-08,8.530809628642294e-08,8.531496794942567e-08,8.532183945373891e-08,8.532871079999533e-08,8.533558198907961e-08,8.534245302786417e-08,8.53493239088306e-08,8.53561946228837e-08,8.536306518668215e-08,8.536993559310907e-08,8.537680584165084e-08,8.538367592583292e-08,8.539054585609803e-08,8.539741562763221e-08,8.540428521109373e-08,8.54111546719264e-08,8.541802395656277e-08,8.542489306604558e-08,8.54317620355338e-08,8.543863085266723e-08,8.544549950253023e-08,8.545236799428131e-08,8.545923632688606e-08,8.546610449605046e-08,8.547297251040059e-08,8.547984036450785e-08,8.548670806099581e-08,8.549357560133671e-08,8.550044298207663e-08,8.550731020349779e-08,8.551417726715268e-08,8.552104416191706e-08,8.552791090598861e-08,8.553477748445725e-08,8.55416439038672e-08,8.55485101678085e-08,8.55553762655409e-08,8.556224220625361e-08,8.556910799299787e-08,8.557597361357593e-08,8.558283907436749e-08,8.558970437369026e-08,8.55965695140181e-08,8.560343449304458e-08,8.561029932339418e-08,8.56171639823309e-08,8.562402849150113e-08,8.563089284607645e-08,8.56377570365366e-08,8.564462105281903e-08,8.565148493169188e-08,8.565834863362313e-08,8.566521217431877e-08,8.567207554495337e-08,8.567893875498316e-08,8.568580180777356e-08,8.569266469773035e-08,8.569952743486477e-08,8.570638999984864e-08,8.571325240615233e-08,8.572011465198183e-08,8.572697673853584e-08,8.573383866228913e-08,8.574070042729677e-08,8.574756203125237e-08,8.575442347456694e-08,8.576128475560988e-08,8.576814587227636e-08,8.577500683098218e-08,8.57818676287439e-08,8.578872826419029e-08,8.579558874633386e-08,8.580244907015878e-08,8.580930922464998e-08,8.581616921571352e-08,8.582302904564248e-08,8.582988872042072e-08,8.583674822890502e-08,8.584360756961353e-08,8.585046675456646e-08,8.585732576613771e-08,8.586418462714871e-08,8.587104331694448e-08,8.587790184324055e-08,8.588476021794021e-08,8.589161843381458e-08,8.589847648924348e-08,8.590533437851636e-08,8.591219209035716e-08,8.591904964512218e-08,8.592590704742496e-08,8.593276428835736e-08,8.593962137880109e-08,8.594647829883793e-08,8.595333503424787e-08,8.596019162366295e-08,8.596704805190799e-08,8.597390431826626e-08,8.598076040936049e-08,8.598761634790937e-08,8.599447212639907e-08,8.600132774085524e-08,8.600818319578166e-08,8.601503848602102e-08,8.602189361341071e-08,8.602874857661975e-08,8.603560337510983e-08,8.604245801289259e-08,8.604931248619774e-08,8.605616680081193e-08,8.606302094700949e-08,8.606987493036144e-08,8.607672875045992e-08,8.608358240677749e-08,8.60904359001633e-08,8.609728922851769e-08,8.610414239582572e-08,8.611099540142137e-08,8.611784824164735e-08,8.612470091874131e-08,8.613155343143766e-08,8.613840577867253e-08,8.614525796374015e-08,8.615210998975286e-08,8.61589618454474e-08,8.616581354537916e-08,8.617266507956881e-08,8.617951645111383e-08,8.618636766220575e-08,8.619321870487788e-08,8.620006958548817e-08,8.620692030097607e-08,8.621377085247632e-08,8.622062124059263e-08,8.62274714810085e-08,8.623432154154127e-08,8.624117143756503e-08,8.624802116954746e-08,8.625487073641613e-08,8.626172013918228e-08,8.626856937774149e-08,8.62754184530005e-08,8.62822673775325e-08,8.628911612332715e-08,8.629596470469001e-08,8.630281312224316e-08,8.63096613747907e-08,8.631650946290677e-08,8.632335738650002e-08,8.633020514556175e-08,8.633705273950416e-08,8.63439001694054e-08,8.635074743461755e-08,8.635759453520639e-08,8.636444147108652e-08,8.637128824224671e-08,8.6378134848005e-08,8.638498128955852e-08,8.639182756108336e-08,8.639867367210073e-08,8.640551962410195e-08,8.641236541551542e-08,8.641921103406977e-08,8.64260564887944e-08,8.643290177672243e-08,8.643974690999957e-08,8.644659186783317e-08,8.645343666029468e-08,8.646028128789264e-08,8.6467125760622e-08,8.647397005730502e-08,8.648081418552141e-08,8.648765814737814e-08,8.64945019467504e-08,8.650134557067668e-08,8.65081890399763e-08,8.651503233332786e-08,8.652187547111065e-08,8.65287184441958e-08,8.653556124769936e-08,8.654240388750089e-08,8.654924636135573e-08,8.655608867191773e-08,8.65629308168936e-08,8.656977279579013e-08,8.657661460892556e-08,8.658345625653947e-08,8.659029774712185e-08,8.659713905641086e-08,8.660398020652894e-08,8.661082119094949e-08,8.661766201012543e-08,8.662450266269076e-08,8.663134314940358e-08,8.66381834703019e-08,8.66450236220489e-08,8.665186361052783e-08,8.665870342301903e-08,8.666554307331431e-08,8.667238256449099e-08,8.667922188980614e-08,8.668606104854355e-08,8.66929000430583e-08,8.669973889782752e-08,8.670657755618948e-08,8.671341605235077e-08,8.672025438358772e-08,8.672709254521933e-08,8.673393053999111e-08,8.674076836135253e-08,8.674760601305632e-08,8.675444350404586e-08,8.676128083084821e-08,8.676811799113128e-08,8.677495497560289e-08,8.678179181733493e-08,8.678862847946136e-08,8.679546497309086e-08,8.680230128399013e-08,8.680913744400718e-08,8.681597343748081e-08,8.682280926463429e-08,8.682964491971006e-08,8.683648040831541e-08,8.68433157327031e-08,8.685015089358883e-08,8.68569858703002e-08,8.686382067675682e-08,8.687065533278824e-08,8.687748982446907e-08,8.688432414768053e-08,8.689115830267716e-08,8.689799229811968e-08,8.690482612069073e-08,8.691165977755234e-08,8.691849325892533e-08,8.692532658127e-08,8.693215973422838e-08,8.693899272165188e-08,8.694582554967419e-08,8.69526582019843e-08,8.695949068975528e-08,8.696632300729669e-08,8.697315516533457e-08,8.697998714813323e-08,8.698681895269754e-08,8.699365059990953e-08,8.700048207959821e-08,8.700731339827421e-08,8.701414454288328e-08,8.702097552052674e-08,8.702780633806011e-08,8.703463697478226e-08,8.704146744300176e-08,8.704829774885139e-08,8.705512789323864e-08,8.70619578631837e-08,8.706878766695449e-08,8.70756172873197e-08,8.708244675309911e-08,8.708927605258319e-08,8.709610518438312e-08,8.71029341483856e-08,8.710976294181928e-08,8.711659158503017e-08,8.712342004497685e-08,8.713024833650905e-08,8.71370764587643e-08,8.714390441070059e-08,8.715073219680998e-08,8.71575598275797e-08,8.716438728512524e-08,8.717121456905963e-08,8.717804168225468e-08,8.718486862709831e-08,8.71916954152584e-08,8.719852202561913e-08,8.720534848206308e-08,8.721217475600346e-08,8.721900086213853e-08,8.722582679914015e-08,8.723265256835768e-08,8.723947816759868e-08,8.72463035766998e-08,8.72531288355582e-08,8.725995393123013e-08,8.726677885750603e-08,8.727360362286999e-08,8.728042821390061e-08,8.728725263254871e-08,8.729407688392333e-08,8.730090096681797e-08,8.730772487930656e-08,8.731454862858606e-08,8.73213721701176e-08,8.732819557987042e-08,8.733501881432811e-08,8.734184188536875e-08,8.73486647887562e-08,8.73554875233581e-08,8.736231008572117e-08,8.736913245746993e-08,8.737595468563269e-08,8.738277674020889e-08,8.738959863088631e-08,8.739642034582498e-08,8.740324189661948e-08,8.741006327841747e-08,8.741688449241463e-08,8.742370554138684e-08,8.743052642490951e-08,8.743734713737272e-08,8.74441676764282e-08,8.745098805113318e-08,8.745780823663871e-08,8.746462826510962e-08,8.747144812736261e-08,8.747826780717786e-08,8.748508733198881e-08,8.749190670012716e-08,8.74987258825611e-08,8.750554489876468e-08,8.75123637288616e-08,8.751918240652611e-08,8.752600091571197e-08,8.753281925295288e-08,8.753963742389779e-08,8.754645542442112e-08,8.75532732548002e-08,8.756009091644054e-08,8.756690840871358e-08,8.757372573062695e-08,8.758054288468354e-08,8.758735986898579e-08,8.75941766812017e-08,8.760099333932997e-08,8.760780981532653e-08,8.761462611908046e-08,8.762144225380616e-08,8.762825821314186e-08,8.763507401258678e-08,8.764188962305656e-08,8.764870507483982e-08,8.765552036171259e-08,8.766233547707965e-08,8.766915042674502e-08,8.767596520386904e-08,8.768277981459352e-08,8.76895942392186e-08,8.769640851070968e-08,8.770322261098083e-08,8.771003654048141e-08,8.771685029995578e-08,8.772366388985332e-08,8.773047730875706e-08,8.773729055309169e-08,8.774410363164762e-08,8.775091656032135e-08,8.775772930103054e-08,8.776454187165087e-08,8.777135426304399e-08,8.777816650480248e-08,8.77849785654704e-08,8.77917904581098e-08,8.779860216834395e-08,8.78054137191305e-08,8.781222509982307e-08,8.781903629863698e-08,8.782584733455829e-08,8.783265820270694e-08,8.78394689030669e-08,8.784627943087518e-08,8.78530897910096e-08,8.785989998100332e-08,8.786670999696465e-08,8.787351984611881e-08,8.788032952644735e-08,8.788713903488843e-08,8.789394837019584e-08,8.79007575380623e-08,8.790756652380101e-08,8.791437534943794e-08,8.792118400633774e-08,8.792799247189654e-08,8.793480078171084e-08,8.794160893198089e-08,8.794841690773331e-08,8.795522471256377e-08,8.796203234276271e-08,8.796883980760175e-08,8.797564710126199e-08,8.798245422424057e-08,8.798926117389232e-08,8.799606795553721e-08,8.800287456651975e-08,8.800968100643884e-08,8.801648727656166e-08,8.802329337174009e-08,8.803009930040847e-08,8.803690505880469e-08,8.80437106420432e-08,8.805051605427782e-08,8.805732129967559e-08,8.806412637498323e-08,8.807093129010065e-08,8.807773601839864e-08,8.80845405806673e-08,8.809134497518266e-08,8.809814919667091e-08,8.81049532472099e-08,8.811175712729802e-08,8.811856083648625e-08,8.812536437495686e-08,8.813216774189892e-08,8.813897092809268e-08,8.814577395242632e-08,8.815257680704544e-08,8.815937948044021e-08,8.816618199354674e-08,8.817298433539069e-08,8.817978650556652e-08,8.818658850545595e-08,8.819339033408605e-08,8.82001919924571e-08,8.820699347911417e-08,8.821379479451453e-08,8.822059593433475e-08,8.822739690692127e-08,8.82341977090303e-08,8.824099833968415e-08,8.824779879981746e-08,8.825459908352317e-08,8.826139920194863e-08,8.826819915347064e-08,8.827499892867637e-08,8.828179853342329e-08,8.828859796675862e-08,8.829539722866178e-08,8.830219631919641e-08,8.830899523910562e-08,8.831579398833773e-08,8.832259256594041e-08,8.832939097142227e-08,8.833618920687663e-08,8.834298727082323e-08,8.834978517011885e-08,8.835658289164623e-08,8.836338044046773e-08,8.837017781800863e-08,8.837697502424568e-08,8.838377204840256e-08,8.839056891149681e-08,8.839736560199718e-08,8.840416212315837e-08,8.841095847291924e-08,8.841775465123644e-08,8.842455065743302e-08,8.843134649144675e-08,8.843814215494465e-08,8.844493763612736e-08,8.845173295533115e-08,8.845852810525534e-08,8.846532308410578e-08,8.847211789007949e-08,8.847891252535018e-08,8.84857069831282e-08,8.849250127286802e-08,8.849929539247803e-08,8.850608934071575e-08,8.851288311903107e-08,8.851967672448606e-08,8.852647015724189e-08,8.853326341831715e-08,8.854005650789975e-08,8.854684942601488e-08,8.85536421683043e-08,8.85604347427914e-08,8.856722714519359e-08,8.85740193760336e-08,8.858081143325646e-08,8.858760332094219e-08,8.859439502136313e-08,8.860118656383996e-08,8.860797793646959e-08,8.861476913150786e-08,8.862156016052819e-08,8.862835101794823e-08,8.863514170324055e-08,8.864193221539854e-08,8.864872255668018e-08,8.865551272644234e-08,8.86623027241966e-08,8.866909255020807e-08,8.867588220488398e-08,8.868267168599082e-08,8.868946099430823e-08,8.869625013188648e-08,8.870303909778248e-08,8.87098278907001e-08,8.871661651240863e-08,8.872340496135169e-08,8.87301932382521e-08,8.873698134409769e-08,8.874376927736176e-08,8.875055703901542e-08,8.875734463499094e-08,8.876413205328344e-08,8.877091929770517e-08,8.877770637693948e-08,8.878449327882121e-08,8.879128000817313e-08,8.879806656404485e-08,8.880485294822996e-08,8.88116391668739e-08,8.881842520880724e-08,8.88252110765252e-08,8.883199677365852e-08,8.883878229797041e-08,8.884556764897827e-08,8.885235282902063e-08,8.885913783520724e-08,8.886592267087943e-08,8.887270733426754e-08,8.887949182011892e-08,8.88862761391992e-08,8.889306028591017e-08,8.889984426372757e-08,8.890662806640756e-08,8.891341169359459e-08,8.892019514998182e-08,8.892697843452617e-08,8.893376154749928e-08,8.894054448652556e-08,8.894732725445234e-08,8.895410985096976e-08,8.896089226114334e-08,8.896767451150795e-08,8.897445659060164e-08,8.898123849744699e-08,8.898802023013248e-08,8.899480179116704e-08,8.900158318078226e-08,8.900836439979494e-08,8.90151454469036e-08,8.902192632588984e-08,8.902870702949181e-08,8.903548755687462e-08,8.904226791178578e-08,8.904904809700962e-08,8.905582810875036e-08,8.906260794627564e-08,8.90693876072599e-08,8.907616709992565e-08,8.90829464185427e-08,8.908972556401725e-08,8.909650454115112e-08,8.910328334616419e-08,8.911006197555568e-08,8.911684043361522e-08,8.91236187205179e-08,8.913039683280247e-08,8.913717477315957e-08,8.914395252240386e-08,8.915073011699859e-08,8.915750752808341e-08,8.916428477751459e-08,8.917106185575325e-08,8.917783875997399e-08,8.918461549145433e-08,8.91913920509269e-08,8.919816843917317e-08,8.92049446522408e-08,8.921172069374571e-08,8.921849656259788e-08,8.922527225737673e-08,8.923204778018271e-08,8.923882312246965e-08,8.924559830143385e-08,8.925237328763656e-08,8.925914811815546e-08,8.926592277748593e-08,8.927269726401286e-08,8.927947156837045e-08,8.928624570940802e-08,8.929301967801216e-08,8.929979347356587e-08,8.930656709667103e-08,8.931334054741649e-08,8.93201138251963e-08,8.93268869321895e-08,8.933365986372289e-08,8.934043262387363e-08,8.934720521189539e-08,8.935397762528442e-08,8.936074986764673e-08,8.936752193434469e-08,8.937429382956344e-08,8.938106554252277e-08,8.938783709203407e-08,8.939460846713885e-08,8.940137967020817e-08,8.940815070190716e-08,8.941492156282996e-08,8.94216922478775e-08,8.942846275999786e-08,8.943523309860705e-08,8.944200325179214e-08,8.944877324064097e-08,8.945554306190661e-08,8.946231270877978e-08,8.946908216973255e-08,8.947585147027304e-08,8.948262059828794e-08,8.948938955500216e-08,8.949615833628541e-08,8.950292694460671e-08,8.950969538005084e-08,8.951646364529676e-08,8.952323173609514e-08,8.952999965385134e-08,8.953676739199081e-08,8.954353496373995e-08,8.955030236095708e-08,8.95570695853231e-08,8.956383663603109e-08,8.957060351222183e-08,8.957737021768108e-08,8.958413675116881e-08,8.95909031086103e-08,8.959766929742474e-08,8.960443530901912e-08,8.961120114972833e-08,8.961796681702727e-08,8.962473231019199e-08,8.963149763356178e-08,8.963826277498862e-08,8.96450277506633e-08,8.965179255249901e-08,8.965855718392899e-08,8.966532163920647e-08,8.96720859223759e-08,8.967885003308449e-08,8.968561397400346e-08,8.969237773729456e-08,8.969914132652236e-08,8.97059047438944e-08,8.971266798740912e-08,8.971943105793904e-08,8.972619395575315e-08,8.973295667857219e-08,8.97397192287113e-08,8.974648160914615e-08,8.975324381420248e-08,8.976000583072421e-08,8.976676769422303e-08,8.977352937767674e-08,8.978029089172078e-08,8.978705223213814e-08,8.979381339730683e-08,8.980057438719415e-08,8.980733520635643e-08,8.981409585466895e-08,8.982085632733009e-08,8.982761662900643e-08,8.983437675538873e-08,8.984113671500177e-08,8.984789649454554e-08,8.98546560982014e-08,8.986141553030338e-08,8.986817478878445e-08,8.987493387332179e-08,8.98816927879015e-08,8.98884515260856e-08,8.989521008934741e-08,8.99019684838668e-08,8.990872670508285e-08,8.991548474822584e-08,8.992224261932019e-08,8.992900031829837e-08,8.993575784046955e-08,8.994251519135822e-08,8.994927237037305e-08,8.995602937400961e-08,8.996278620407213e-08,8.996954286521134e-08,8.997629935659069e-08,8.998305566827083e-08,8.998981180510315e-08,8.999656777041609e-08,9.000332356574569e-08,9.001007918380089e-08,9.001683461314423e-08,9.002358988083704e-08,9.003034497384492e-08,9.003709990006211e-08,9.004385465227541e-08,9.005060923062042e-08,9.005736363704173e-08,9.006411786501357e-08,9.007087192070865e-08,9.007762580297659e-08,9.008437950790742e-08,9.009113304558362e-08,9.009788640947918e-08,9.010463959989647e-08,9.011139261911906e-08,9.011814545031706e-08,9.012489811756638e-08,9.013165061213745e-08,9.013840293519977e-08,9.014515508286027e-08,9.015190706333115e-08,9.015865886592562e-08,9.01654104917835e-08,9.017216195221085e-08,9.017891323386582e-08,9.018566434287453e-08,9.01924152767408e-08,9.019916603584628e-08,9.020591662563039e-08,9.021266704152785e-08,9.0219417282528e-08,9.022616734650593e-08,9.023291724149277e-08,9.02396669599767e-08,9.0246416507431e-08,9.025316588133017e-08,9.025991508147018e-08,9.026666410755204e-08,9.027341296349408e-08,9.028016164041329e-08,9.028691014370013e-08,9.029365847563481e-08,9.030040663359291e-08,9.030715461861596e-08,9.031390243208445e-08,9.032065006969701e-08,9.032739753373361e-08,9.033414482415878e-08,9.034089193961962e-08,9.034763888046509e-08,9.035438564666144e-08,9.036113224270747e-08,9.036787866514763e-08,9.037462491496148e-08,9.038137099051022e-08,9.038811689001418e-08,9.039486261515357e-08,9.040160817043207e-08,9.040835355162059e-08,9.041509875853123e-08,9.042184378820978e-08,9.042858864611961e-08,9.043533333931926e-08,9.044207785353518e-08,9.044882219209019e-08,9.045556635741962e-08,9.046231035219043e-08,9.046905417106762e-08,9.047579781055788e-08,9.048254128128321e-08,9.048928456930049e-08,9.049602767438815e-08,9.050277062746515e-08,9.050951340242804e-08,9.051625600544073e-08,9.052299843491272e-08,9.052974069070835e-08,9.053648276716088e-08,9.054322468468258e-08,9.054996641589251e-08,9.055670797699467e-08,9.056344936258949e-08,9.057019057573144e-08,9.057693161452781e-08,9.05836724798979e-08,9.059041317423745e-08,9.05971536967143e-08,9.060389404134698e-08,9.061063421145099e-08,9.061737420676117e-08,9.062411403067561e-08,9.063085368097961e-08,9.06375931567112e-08,9.064433245959026e-08,9.065107158869093e-08,9.06578105429272e-08,9.06645493125519e-08,9.067128790691278e-08,9.067802634258625e-08,9.068476460268524e-08,9.069150268936021e-08,9.069824060152952e-08,9.070497834013703e-08,9.071171589984995e-08,9.07184532952762e-08,9.072519052587084e-08,9.073192757009193e-08,9.073866444074923e-08,9.074540114052518e-08,9.075213764807465e-08,9.075887399731019e-08,9.076561017249149e-08,9.07723461837018e-08,9.077908201156188e-08,9.078581766564328e-08,9.07925531646176e-08,9.079928847038053e-08,9.080602359851213e-08,9.081275855675068e-08,9.081949334108359e-08,9.082622795252639e-08,9.083296238942509e-08,9.08396966554511e-08,9.084643074529327e-08,9.085316466157705e-08,9.085989840404008e-08,9.086663197199131e-08,9.087336534601526e-08,9.088009856811152e-08,9.088683161515087e-08,9.089356448438668e-08,9.090029718312809e-08,9.090702970830205e-08,9.091376206037537e-08,9.092049423865311e-08,9.092722624246828e-08,9.09339580702191e-08,9.094068972707462e-08,9.094742120772122e-08,9.095415251696563e-08,9.096088365234878e-08,9.096761461394782e-08,9.097434539623807e-08,9.098107601020501e-08,9.098780645009411e-08,9.099453671196641e-08,9.100126680445159e-08,9.100799672283775e-08,9.101472646766536e-08,9.102145603392567e-08,9.102818543038494e-08,9.103491464890493e-08,9.104164369608996e-08,9.104837257255713e-08,9.105510127379363e-08,9.1061829801792e-08,9.106855815555537e-08,9.107528633103593e-08,9.10820143333462e-08,9.108874216597304e-08,9.109546982406053e-08,9.110219731035957e-08,9.11089246198239e-08,9.111565175652882e-08,9.112237870837578e-08,9.112910549695664e-08,9.113583211506727e-08,9.114255855620468e-08,9.114928482789507e-08,9.115601092558265e-08,9.116273683253831e-08,9.116946258968494e-08,9.117618816129731e-08,9.118291355931713e-08,9.11896387856032e-08,9.119636383330466e-08,9.12030887076333e-08,9.12098134111904e-08,9.121653793894461e-08,9.122326229243337e-08,9.122998647532817e-08,9.123671048278969e-08,9.124343431572063e-08,9.125015797016208e-08,9.125688145109229e-08,9.126360476280849e-08,9.127032789862204e-08,9.127705085705425e-08,9.128377364431686e-08,9.129049625505325e-08,9.129721869741543e-08,9.130394096286772e-08,9.131066305765985e-08,9.13173849720837e-08,9.13241067124787e-08,9.133082828549642e-08,9.133754967887152e-08,9.134427090236295e-08,9.135099195218586e-08,9.135771283419355e-08,9.136443353886854e-08,9.137115406755295e-08,9.137787442287721e-08,9.138459460324109e-08,9.139131460780067e-08,9.139803444241369e-08,9.14047541027156e-08,9.141147358913363e-08,9.141819290243255e-08,9.142491204119186e-08,9.143163100606943e-08,9.143834979796163e-08,9.144506841317435e-08,9.145178685938673e-08,9.145850512858413e-08,9.146522322424244e-08,9.147194113525995e-08,9.147865888451974e-08,9.148537645798481e-08,9.149209385315173e-08,9.149881109772743e-08,9.150552814508848e-08,9.151224502349023e-08,9.151896172793075e-08,9.152567825363252e-08,9.153239460523996e-08,9.153911078304096e-08,9.154582679224459e-08,9.155254263041186e-08,9.155925829185325e-08,9.156597378164937e-08,9.157268909530625e-08,9.157940423803404e-08,9.158611920723506e-08,9.159283400181245e-08,9.159954862385586e-08,9.160626306876902e-08,9.161297734146453e-08,9.161969143832898e-08,9.162640536127652e-08,9.163311911031283e-08,9.163983268479164e-08,9.164654608609327e-08,9.165325931337872e-08,9.165997236686693e-08,9.166668524643307e-08,9.167339795148169e-08,9.168011048237728e-08,9.168682283938594e-08,9.169353502279188e-08,9.170024703228804e-08,9.170695886792985e-08,9.171367052965958e-08,9.172038201752056e-08,9.172709333149417e-08,9.173380447134208e-08,9.174051543754384e-08,9.174722622980067e-08,9.175393684815725e-08,9.176064729273438e-08,9.176735756341957e-08,9.177406766020136e-08,9.178077758307999e-08,9.178748733207586e-08,9.179419690752925e-08,9.180090630881391e-08,9.180761553622931e-08,9.181432458508548e-08,9.182103346524255e-08,9.182774216542041e-08,9.183445069733204e-08,9.184115905609988e-08,9.184786724088399e-08,9.185457526666597e-08,9.186128310315503e-08,9.18679907656373e-08,9.187469825424768e-08,9.188140556886984e-08,9.188811270965281e-08,9.189481967641844e-08,9.19015264695324e-08,9.190823308902381e-08,9.191493953385593e-08,9.192164580538557e-08,9.192835190314606e-08,9.193505782845982e-08,9.194176357897261e-08,9.194846915511355e-08,9.195517455553115e-08,9.196187978379796e-08,9.196858483761458e-08,9.197528971915191e-08,9.1981994425972e-08,9.198869895902797e-08,9.199540331801213e-08,9.20021075033531e-08,9.20088115143282e-08,9.201551535361723e-08,9.202221901630098e-08,9.20289225056878e-08,9.203562582371541e-08,9.204232896538458e-08,9.204903193523441e-08,9.205573473012952e-08,9.206243732977485e-08,9.206913977588752e-08,9.207584204401812e-08,9.208254415510417e-08,9.208924607215559e-08,9.209594782064689e-08,9.210264939741699e-08,9.210935080179339e-08,9.211605203102171e-08,9.212275308758585e-08,9.212945397020719e-08,9.213615467804962e-08,9.214285521153472e-08,9.214955557210546e-08,9.215625575826959e-08,9.216295576996642e-08,9.216965560919069e-08,9.217635527365432e-08,9.218305476454508e-08,9.218975408333654e-08,9.219645322802167e-08,9.220315219785517e-08,9.220985099307803e-08,9.221654961254583e-08,9.222324806065148e-08,9.222994633574005e-08,9.223664443634811e-08,9.224334236221531e-08,9.22500401150023e-08,9.225673769111004e-08,9.226343509662236e-08,9.227013231212835e-08,9.227682936981018e-08,9.228352625334799e-08,9.229022296315917e-08,9.229691949945334e-08,9.230361584994813e-08,9.231031203893418e-08,9.231700806671714e-08,9.232370390805102e-08,9.233039957552887e-08,9.233709506063767e-08,9.234379037905049e-08,9.235048552051841e-08,9.235718049487404e-08,9.236387529478973e-08,9.237056991519276e-08,9.237726436652921e-08,9.238395864355439e-08,9.239065274825306e-08,9.239734667351352e-08,9.240404045812985e-08,9.241073404160169e-08,9.241742747051833e-08,9.242412070479567e-08,9.2430813789936e-08,9.243750667663265e-08,9.244419938435789e-08,9.245089193253269e-08,9.245758429694756e-08,9.246427648797253e-08,9.247096850179232e-08,9.247766034589439e-08,9.248435200684188e-08,9.249104350358589e-08,9.249773482570089e-08,9.250442597986408e-08,9.251111694530199e-08,9.25178077649833e-08,9.252449839055367e-08,9.25311888498085e-08,9.253787913012876e-08,9.254456922989232e-08,9.255125916080052e-08,9.25579489176164e-08,9.256463850779758e-08,9.257132792417274e-08,9.257801715066853e-08,9.258470620277836e-08,9.259139508187622e-08,9.259808379191845e-08,9.26047723279458e-08,9.261146071933452e-08,9.261814890700192e-08,9.262483692356921e-08,9.263152475369517e-08,9.263821242000115e-08,9.26448999152807e-08,9.265158724135296e-08,9.265827439345596e-08,9.266496136752681e-08,9.26716481736077e-08,9.267833480416997e-08,9.268502126070227e-08,9.269170754890631e-08,9.269839365846137e-08,9.270507959432329e-08,9.271176535200317e-08,9.271845094064662e-08,9.272513632323666e-08,9.27318215645833e-08,9.273850663303297e-08,9.274519152335173e-08,9.275187623636304e-08,9.275856077934004e-08,9.276524515179917e-08,9.277192935074275e-08,9.277861337664359e-08,9.278529722347312e-08,9.279198089727663e-08,9.27986643966625e-08,9.280534772886716e-08,9.281203088737247e-08,9.281871387000681e-08,9.282539667999107e-08,9.283207931638625e-08,9.283876177764564e-08,9.284544406728179e-08,9.28521261811489e-08,9.28588081203436e-08,9.286548988695946e-08,9.287217148018017e-08,9.287885291976329e-08,9.288553414000955e-08,9.289221521160285e-08,9.289889611010115e-08,9.290557683491514e-08,9.291225738609307e-08,9.291893776417361e-08,9.292561796052953e-08,9.293229799090073e-08,9.293897782747276e-08,9.294565751053567e-08,9.295233701993918e-08,9.2959016355693e-08,9.29656955288724e-08,9.297237451206681e-08,9.297905332162289e-08,9.298573197332291e-08,9.2992410435229e-08,9.299908872402867e-08,9.300576683880782e-08,9.301244477986833e-08,9.301912254796741e-08,9.302580014194101e-08,9.303247756276761e-08,9.303915481408119e-08,9.304583189597216e-08,9.305250880146485e-08,9.305918552748025e-08,9.306586207939159e-08,9.307253846418159e-08,9.307921467436379e-08,9.308589070587799e-08,9.309256656949064e-08,9.309924224301693e-08,9.310591775395406e-08,9.311259309534757e-08,9.311926826346986e-08,9.312594325574233e-08,9.313261807633535e-08,9.313929272025444e-08,9.314596720104384e-08,9.315264149939488e-08,9.315931562679338e-08,9.316598957770605e-08,9.317266335781736e-08,9.317933696427041e-08,9.318601040623336e-08,9.319268366560778e-08,9.319935675150697e-08,9.320602966387122e-08,9.321270240126212e-08,9.321937496644067e-08,9.322604735812066e-08,9.32327195762774e-08,9.323939162082514e-08,9.324606349174535e-08,9.325273518919095e-08,9.325940671371265e-08,9.326607806413483e-08,9.327274924091905e-08,9.327942024410375e-08,9.328609107446444e-08,9.329276173129555e-08,9.329943221382742e-08,9.330610252298298e-08,9.331277265922965e-08,9.331944262195082e-08,9.332611241115423e-08,9.333278202684217e-08,9.333945146833346e-08,9.334612073699234e-08,9.335278983214309e-08,9.335945875378668e-08,9.336612750192019e-08,9.33727960776072e-08,9.337946447874421e-08,9.338613270638494e-08,9.339280076053485e-08,9.339946864119025e-08,9.340613634941761e-08,9.34128038830988e-08,9.341947124329693e-08,9.342613843108038e-08,9.343280544432161e-08,9.34394722851518e-08,9.34461389525154e-08,9.345280544640267e-08,9.34594717668267e-08,9.346613791379275e-08,9.347280388728404e-08,9.347946968732062e-08,9.348613531391557e-08,9.349280076708155e-08,9.349946604677976e-08,9.350613115301113e-08,9.351279608583644e-08,9.351946084522205e-08,9.352612543116818e-08,9.353278984365345e-08,9.353945408273833e-08,9.354611814838033e-08,9.355278204059977e-08,9.35594457594101e-08,9.356610930481791e-08,9.357277267679827e-08,9.357943587534841e-08,9.358609890048762e-08,9.359276175223256e-08,9.359942443054143e-08,9.360608693551997e-08,9.3612749267024e-08,9.361941142518311e-08,9.362607340993297e-08,9.363273522128979e-08,9.363939685924296e-08,9.364605832385e-08,9.3652719615066e-08,9.365938073153476e-08,9.366604167599372e-08,9.367270244705912e-08,9.367936304329866e-08,9.36860234664664e-08,9.369268371743207e-08,9.369934379360462e-08,9.370600369784258e-08,9.371266342741254e-08,9.37193229836598e-08,9.372598236659266e-08,9.373264157624405e-08,9.373930061695165e-08,9.37459594798872e-08,9.375261816931843e-08,9.375927668547792e-08,9.376593502834335e-08,9.377259319787441e-08,9.377925119389575e-08,9.378590901675784e-08,9.37925666662445e-08,9.379922414238933e-08,9.380588144530841e-08,9.381253857480353e-08,9.381919553099018e-08,9.38258523138279e-08,9.383250892353306e-08,9.38391653598872e-08,9.384582162294317e-08,9.385247771268392e-08,9.385913362911282e-08,9.386578937223647e-08,9.387244494201379e-08,9.387910033861649e-08,9.388575556183216e-08,9.389241061187312e-08,9.389906548860066e-08,9.390572019215413e-08,9.391237472237113e-08,9.391902907931759e-08,9.392568326296923e-08,9.393233727340252e-08,9.393899111069037e-08,9.394564477460358e-08,9.39522982652379e-08,9.395895158263853e-08,9.396560472693301e-08,9.39722576977965e-08,9.397891049550647e-08,9.3985563119928e-08,9.39922155711655e-08,9.399886784925919e-08,9.400551995403501e-08,9.40121718855484e-08,9.401882364383536e-08,9.402547522903444e-08,9.403212664095294e-08,9.403877787956764e-08,9.404542894501263e-08,9.405207983722893e-08,9.405873055630671e-08,9.406538110211003e-08,9.407203147488565e-08,9.407868167447224e-08,9.408533170073884e-08,9.409198155383565e-08,9.409863123383267e-08,9.41052807405047e-08,9.41119300742048e-08,9.411857923452982e-08,9.412522822178028e-08,9.413187703586044e-08,9.413852567674403e-08,9.414517414460917e-08,9.415182243677608e-08,9.415847055577457e-08,9.416511850407751e-08,9.417176627927123e-08,9.417841388122443e-08,9.418506130775693e-08,9.419170856352479e-08,9.41983556460595e-08,9.420500255746757e-08,9.42116492957234e-08,9.421829585902139e-08,9.422494225085513e-08,9.423158846818971e-08,9.423823451378802e-08,9.424488038627129e-08,9.425152608562034e-08,9.4258171609602e-08,9.426481696144585e-08,9.42714621415326e-08,9.42781071471547e-08,9.428475197965542e-08,9.42913966605024e-08,9.429804114620319e-08,9.430468545956149e-08,9.431132959985012e-08,9.431797356738526e-08,9.432461733127601e-08,9.433126095141708e-08,9.433790440570488e-08,9.434454767972898e-08,9.435119078089872e-08,9.435783370866059e-08,9.436447646344253e-08,9.437111904381285e-08,9.437776145266184e-08,9.438440368824926e-08,9.439104575085522e-08,9.439768764055547e-08,9.440432935564374e-08,9.441097089938874e-08,9.441761226975779e-08,9.442425346872693e-08,9.443089449316477e-08,9.443753534370265e-08,9.444417599823923e-08,9.445081650367393e-08,9.445745683627675e-08,9.446409699564531e-08,9.44707369733173e-08,9.447737678508573e-08,9.448401641595605e-08,9.44906558839525e-08,9.449729517954319e-08,9.45039343017835e-08,9.451057325124532e-08,9.45172120277156e-08,9.452385062908778e-08,9.453048906012618e-08,9.453712731333238e-08,9.454376539817699e-08,9.455040329883701e-08,9.455704103226778e-08,9.45636785980835e-08,9.457031599246228e-08,9.457695321383183e-08,9.458359025859765e-08,9.459022712258521e-08,9.459686382349217e-08,9.460350035119032e-08,9.46101367062626e-08,9.461677288843105e-08,9.462340889656513e-08,9.463004473261748e-08,9.463668039576438e-08,9.464331588633914e-08,9.464995120175728e-08,9.465658634656094e-08,9.466322131847643e-08,9.466985611780552e-08,9.467649073041762e-08,9.468312518231561e-08,9.468975946273878e-08,9.469639357135955e-08,9.47030275064722e-08,9.47096612680006e-08,9.471629485709815e-08,9.472292827354316e-08,9.472956151763246e-08,9.473619458849059e-08,9.474282748633266e-08,9.474946021320339e-08,9.475609276540323e-08,9.476272514425655e-08,9.476935735047545e-08,9.477598939457822e-08,9.478262125742288e-08,9.478925294605045e-08,9.479588446923742e-08,9.480251582591614e-08,9.480914700848924e-08,9.48157780197371e-08,9.482240884263019e-08,9.482903950586695e-08,9.483566999840724e-08,9.484230030379883e-08,9.484893044326089e-08,9.48555604027014e-08,9.486219018964077e-08,9.486881980525807e-08,9.487544924581027e-08,9.488207851371763e-08,9.488870761773789e-08,9.48953365412393e-08,9.490196529171933e-08,9.490859386948408e-08,9.491522227440903e-08,9.492185050655968e-08,9.492847856635424e-08,9.493510645536284e-08,9.494173416945498e-08,9.494836171117339e-08,9.495498907845989e-08,9.496161627658717e-08,9.496824329986788e-08,9.497487015024847e-08,9.49814968342168e-08,9.498812333649633e-08,9.499474966725506e-08,9.500137582808947e-08,9.50080018083957e-08,9.501462763085373e-08,9.502125327036302e-08,9.502787873050098e-08,9.503450403452625e-08,9.504112915312422e-08,9.50477540995963e-08,9.505437887728536e-08,9.506100348122541e-08,9.506762788999962e-08,9.507425214856785e-08,9.508087623418562e-08,9.50875001357374e-08,9.509412386979288e-08,9.510074744082425e-08,9.510737083925209e-08,9.511399406509397e-08,9.512061711538547e-08,9.512723999864377e-08,9.51338627048009e-08,9.514048523767974e-08,9.514710760651149e-08,9.515372978802031e-08,9.516035180829981e-08,9.516697364863544e-08,9.517359532002436e-08,9.51802168185669e-08,9.518683814678766e-08,9.519345930015324e-08,9.520008028085048e-08,9.520670108263315e-08,9.521332173132968e-08,9.521994219433842e-08,9.522656249491892e-08,9.523318260986833e-08,9.523980255608656e-08,9.524642233090012e-08,9.5253041933609e-08,9.525966135919145e-08,9.526628061452867e-08,9.527289970019915e-08,9.527951861048606e-08,9.528613734939129e-08,9.529275591461861e-08,9.529937430760718e-08,9.530599252990228e-08,9.531261057657651e-08,9.531922845161511e-08,9.532584615418895e-08,9.533246368424488e-08,9.533908104645072e-08,9.53456982308467e-08,9.535231524629369e-08,9.535893208645496e-08,9.536554878008275e-08,9.537216527581332e-08,9.53787815942031e-08,9.538539774458606e-08,9.539201372477363e-08,9.539862953029273e-08,9.540524516334322e-08,9.541186062404449e-08,9.541847590217792e-08,9.542509101791391e-08,9.543170596131109e-08,9.543832073178247e-08,9.544493533155374e-08,9.545154975778329e-08,9.545816401167195e-08,9.546477809761101e-08,9.547139200224707e-08,9.547800573778388e-08,9.548461930189899e-08,9.549123269374684e-08,9.549784591153453e-08,9.550445895848608e-08,9.551107184262313e-08,9.551768454632474e-08,9.55242970760425e-08,9.553090942935398e-08,9.553752160987571e-08,9.554413362154169e-08,9.555074546196033e-08,9.555735712971649e-08,9.556396865829702e-08,9.557057998135798e-08,9.557719113781716e-08,9.558380211647759e-08,9.559041292369506e-08,9.55970235555325e-08,9.56036340361237e-08,9.561024431516338e-08,9.561685443177625e-08,9.562346437740401e-08,9.563007414967813e-08,9.563668374977649e-08,9.564329317347711e-08,9.564990243525864e-08,9.565651151924873e-08,9.566312042789375e-08,9.566972916142506e-08,9.567633772775052e-08,9.568294611551872e-08,9.568955433732611e-08,9.569616238697521e-08,9.570277026101445e-08,9.570937796562269e-08,9.571598549818692e-08,9.572259285886329e-08,9.572920004990621e-08,9.573580705722703e-08,9.574241390116096e-08,9.574902057286802e-08,9.575562707235196e-08,9.576223339599124e-08,9.576883955097969e-08,9.577544553389104e-08,9.57820513447041e-08,9.578865699479653e-08,9.57952624624718e-08,9.580186775339087e-08,9.580847287668386e-08,9.581507782661703e-08,9.582168260153284e-08,9.582828720469905e-08,9.58348916386823e-08,9.584149589964095e-08,9.584809998808695e-08,9.585470390472418e-08,9.586130764919753e-08,9.586791122455525e-08,9.587451462483245e-08,9.588111785286868e-08,9.588772090876936e-08,9.589432378864709e-08,9.590092650004386e-08,9.590752903996017e-08,9.591413140655713e-08,9.592073360773117e-08,9.592733563341948e-08,9.593393748500567e-08,9.594053916371757e-08,9.594714066795794e-08,9.595374200231287e-08,9.596034316644661e-08,9.596694415700655e-08,9.597354497421642e-08,9.598014562057109e-08,9.598674609379831e-08,9.599334639606991e-08,9.59999465275444e-08,9.60065464889906e-08,9.601314627829017e-08,9.601974589231783e-08,9.60263453343111e-08,9.603294460688564e-08,9.60395437048013e-08,9.604614263066616e-08,9.605274138545246e-08,9.605933996874249e-08,9.606593837844345e-08,9.607253661704373e-08,9.607913468281392e-08,9.608573257639163e-08,9.6092330296941e-08,9.60989278472929e-08,9.610552522505788e-08,9.611212243075093e-08,9.611871946436246e-08,9.612531632315753e-08,9.61319130140221e-08,9.61385095318782e-08,9.614510587927503e-08,9.615170205109267e-08,9.615829805418344e-08,9.616489388418806e-08,9.61714895445654e-08,9.617808502831772e-08,9.618468034219248e-08,9.619127549795165e-08,9.619787047163765e-08,9.620446527725414e-08,9.621105990368083e-08,9.621765435079013e-08,9.622424863813419e-08,9.623084274863042e-08,9.623743668710901e-08,9.62440304575161e-08,9.62506240481909e-08,9.625721750276587e-08,9.626381075370014e-08,9.627040383295738e-08,9.627699674036076e-08,9.628358947484332e-08,9.629018204139495e-08,9.629677443682994e-08,9.630336664895988e-08,9.630995870112674e-08,9.631655058898056e-08,9.632314229295922e-08,9.632973382559944e-08,9.633632518356105e-08,9.634291637244472e-08,9.634950739116954e-08,9.635609823652436e-08,9.636268888854982e-08,9.636927938935818e-08,9.637586971962315e-08,9.638245987814956e-08,9.638904986581978e-08,9.639563970287614e-08,9.640222934878955e-08,9.640881881641284e-08,9.641540811556993e-08,9.642199724465803e-08,9.642858619618864e-08,9.643517497796047e-08,9.644176358840656e-08,9.644835202295189e-08,9.645494028650467e-08,9.64615283825758e-08,9.646811630933066e-08,9.647470404489701e-08,9.648129162601415e-08,9.648787903756571e-08,9.64944662758641e-08,9.650105334013514e-08,9.650764021808574e-08,9.651422694064568e-08,9.652081349153873e-08,9.652739987127878e-08,9.65339860809079e-08,9.654057211787238e-08,9.654715798361641e-08,9.655374371682908e-08,9.656032923499557e-08,9.656691458098452e-08,9.657349975900076e-08,9.658008476473014e-08,9.65866695965361e-08,9.659325425019444e-08,9.659983874090165e-08,9.660642306008572e-08,9.661300720540048e-08,9.661959118251392e-08,9.662617498426135e-08,9.663275861548835e-08,9.663934207818315e-08,9.664592536764888e-08,9.665250848656662e-08,9.665909142905458e-08,9.666567419761246e-08,9.667225680336232e-08,9.667883923173334e-08,9.668542149159906e-08,9.669200355199803e-08,9.669858548614886e-08,9.670516723106045e-08,9.671174879152247e-08,9.671833019352311e-08,9.672491142349914e-08,9.673149248064358e-08,9.673807336495553e-08,9.674465408071041e-08,9.675123462496508e-08,9.675781499771653e-08,9.676439519870961e-08,9.677097522802119e-08,9.677755508574006e-08,9.678413477199844e-08,9.679071428694352e-08,9.679729362999114e-08,9.680387280475843e-08,9.681045180500758e-08,9.68170306315602e-08,9.682360928864407e-08,9.683018777203632e-08,9.683676608397038e-08,9.68433442237158e-08,9.684992219166297e-08,9.685649998897009e-08,9.686307761500256e-08,9.686965506952515e-08,9.687623235249094e-08,9.688280945978427e-08,9.688938640234561e-08,9.689596316712695e-08,9.690253976405273e-08,9.690911618851022e-08,9.69156924421528e-08,9.692226852497309e-08,9.692884443509181e-08,9.69354201781327e-08,9.69419957573019e-08,9.694857115064764e-08,9.695514637856681e-08,9.696172143162376e-08,9.696829631966613e-08,9.697487101478541e-08,9.698144555775316e-08,9.698801992933391e-08,9.699459409514737e-08,9.70011681028085e-08,9.700774196333486e-08,9.701431564941047e-08,9.702088916411867e-08,9.702746250746695e-08,9.703403567946442e-08,9.704060868011455e-08,9.704718150043874e-08,9.705375415839924e-08,9.706032664502479e-08,9.706689896032233e-08,9.707347110428666e-08,9.70800430769322e-08,9.708661487824994e-08,9.709318650740844e-08,9.70997579655236e-08,9.710632925291197e-08,9.711290036820707e-08,9.71194713130121e-08,9.712604208652996e-08,9.71326126886927e-08,9.713918311990238e-08,9.714575337858003e-08,9.715232346698029e-08,9.715889338330898e-08,9.716546312953025e-08,9.717203270325688e-08,9.71786021075347e-08,9.718517133969762e-08,9.719174040051654e-08,9.719830929051826e-08,9.720487800171921e-08,9.721144654919394e-08,9.721801492474519e-08,9.722458312949343e-08,9.723115114430855e-08,9.723771900761827e-08,9.72442866986425e-08,9.725085421800188e-08,9.725742156629321e-08,9.726398874435508e-08,9.727055575008501e-08,9.727712258474489e-08,9.728368925770536e-08,9.729025574990055e-08,9.729682207093109e-08,9.730338822076447e-08,9.730995419968468e-08,9.731652001732695e-08,9.73230856543352e-08,9.732965111942504e-08,9.733621642700238e-08,9.73427815502055e-08,9.73493465020797e-08,9.73559112828215e-08,9.736247589178624e-08,9.736904031391454e-08,9.737560457716639e-08,9.738216867357856e-08,9.73887326004631e-08,9.739529635281078e-08,9.740185993625797e-08,9.740842334689927e-08,9.741498658901425e-08,9.742154965831172e-08,9.742811255219968e-08,9.743467529190848e-08,9.744123785272184e-08,9.744780026243994e-08,9.74543624423711e-08,9.746092448299913e-08,9.746748635077179e-08,9.747404805086359e-08,9.748060960330216e-08,9.748717096255849e-08,9.749373215080431e-08,9.750029316860513e-08,9.750685401124885e-08,9.751341468651289e-08,9.75199751888196e-08,9.752653550194947e-08,9.75330956685095e-08,9.753965568824894e-08,9.754621553186213e-08,9.755277516960407e-08,9.755933464717489e-08,9.756589395169869e-08,9.757245308881091e-08,9.757901204912626e-08,9.758557084410356e-08,9.759212946226145e-08,9.759868791803726e-08,9.760524620170672e-08,9.761180431248322e-08,9.761836225535641e-08,9.762492002292467e-08,9.763147762183817e-08,9.763803504286198e-08,9.764459230282189e-08,9.765114938823411e-08,9.765770629347703e-08,9.766426303694915e-08,9.767081960605695e-08,9.767737600865925e-08,9.768393224205555e-08,9.769048830416743e-08,9.769704420471809e-08,9.77035999244581e-08,9.771015546829994e-08,9.77167108445449e-08,9.772326604740079e-08,9.772982108179121e-08,9.773637594628543e-08,9.774293063913067e-08,9.774948516094765e-08,9.775603951470395e-08,9.776259369761383e-08,9.776914771606295e-08,9.777570155874899e-08,9.778225522637516e-08,9.778880872235471e-08,9.779536205293617e-08,9.780191520901176e-08,9.780846819333106e-08,9.781502100762191e-08,9.782157365117854e-08,9.782812612561497e-08,9.783467843219413e-08,9.784123056268009e-08,9.784778251114406e-08,9.78543342944572e-08,9.786088591632821e-08,9.786743736689159e-08,9.787398864393233e-08,9.788053975956745e-08,9.788709069883392e-08,9.78936414626113e-08,9.790019205765054e-08,9.790674248142974e-08,9.791329273435292e-08,9.791984282055954e-08,9.792639273124563e-08,9.793294247160543e-08,9.793949204033097e-08,9.79460414401987e-08,9.795259067196174e-08,9.795913972411072e-08,9.796568861495218e-08,9.797223736229752e-08,9.797878591584322e-08,9.79853343176954e-08,9.799188252182444e-08,9.799843058065018e-08,9.800497844365482e-08,9.80115261342496e-08,9.801807365431835e-08,9.802462100569145e-08,9.803116821031675e-08,9.803771524429508e-08,9.804426210577138e-08,9.80508088026572e-08,9.805735528275153e-08,9.806390161016081e-08,9.807044776701865e-08,9.807699375314435e-08,9.808353956887261e-08,9.809008521284389e-08,9.809663068707837e-08,9.810317598991751e-08,9.810972112105045e-08,9.811626608373297e-08,9.812281087602455e-08,9.812935549763298e-08,9.813589994947681e-08,9.814244423089142e-08,9.814898834083142e-08,9.815553228131843e-08,9.816207606310218e-08,9.816861965813658e-08,9.817516308579414e-08,9.818170634326708e-08,9.818824941653002e-08,9.819479233247727e-08,9.820133507818839e-08,9.820787765853866e-08,9.821442006507866e-08,9.822096229952186e-08,9.822750436445981e-08,9.823404625766826e-08,9.824058799374449e-08,9.824712954983933e-08,9.825367093280501e-08,9.826021214493439e-08,9.826675318356825e-08,9.827329405432939e-08,9.827983475572981e-08,9.828637528559724e-08,9.8292915645698e-08,9.829945583239039e-08,9.830599585093054e-08,9.831253569749587e-08,9.831907537526464e-08,9.832561488198152e-08,9.833215422076627e-08,9.833869338533616e-08,9.834523238236416e-08,9.835177120909e-08,9.835830986429578e-08,9.836484834810156e-08,9.8371386664426e-08,9.837792480671742e-08,9.838446278054734e-08,9.839100057271804e-08,9.839753818547083e-08,9.840407563207512e-08,9.841061292462057e-08,9.8417150037229e-08,9.8423686989185e-08,9.843022376902642e-08,9.843676038022626e-08,9.844329682151108e-08,9.844983311857912e-08,9.84563692256353e-08,9.846290515484834e-08,9.846944091403991e-08,9.847597650572862e-08,9.848251192404239e-08,9.848904717899662e-08,9.849558226003934e-08,9.850211716839042e-08,9.850865190588824e-08,9.851518646780728e-08,9.852172086119784e-08,9.852825508739205e-08,9.85347891496609e-08,9.854132303594136e-08,9.854785675250988e-08,9.855439029598605e-08,9.856092367409442e-08,9.856745688683525e-08,9.85739899368697e-08,9.858052280225501e-08,9.858705547998822e-08,9.859358800401453e-08,9.860012035691126e-08,9.860665256766237e-08,9.861318458123409e-08,9.861971642540503e-08,9.862624809936885e-08,9.863277959821525e-08,9.863931096130328e-08,9.864584212956488e-08,9.865237312024175e-08,9.865890396089234e-08,9.866543461565642e-08,9.8671965097782e-08,9.867849543691807e-08,9.868502557981729e-08,9.869155555217932e-08,9.869808538703531e-08,9.870461501877838e-08,9.871114447625854e-08,9.87176738064679e-08,9.872420292372574e-08,9.873073187510488e-08,9.873726067904042e-08,9.874378929111864e-08,9.875031774888216e-08,9.87568460266381e-08,9.876337412437484e-08,9.876990205816105e-08,9.87764298192718e-08,9.878295741037298e-08,9.87894848314481e-08,9.87960120802561e-08,9.880253916163784e-08,9.880906607270679e-08,9.881559281357752e-08,9.882211938451008e-08,9.882864578575099e-08,9.883517201695608e-08,9.884169807796285e-08,9.884822396873157e-08,9.88547496894934e-08,9.886127525348135e-08,9.886780061045595e-08,9.887432582136616e-08,9.888085087547582e-08,9.888737574508856e-08,9.889390042813147e-08,9.890042495928159e-08,9.890694932039875e-08,9.891347351633849e-08,9.891999754030244e-08,9.892652139253412e-08,9.893304507317472e-08,9.89395685925909e-08,9.894609193401359e-08,9.89526151054603e-08,9.895913809205459e-08,9.896566092227327e-08,9.897218358391541e-08,9.897870607578105e-08,9.898522839724285e-08,9.89917505616899e-08,9.899827252432661e-08,9.90047943393456e-08,9.901131598174845e-08,9.901783745436433e-08,9.902435875705216e-08,9.903087988916756e-08,9.903740085875985e-08,9.904392163494851e-08,9.9050442260797e-08,9.905696273473182e-08,9.906348302088841e-08,9.907000313362428e-08,9.907652306959159e-08,9.908304284445868e-08,9.908956244644218e-08,9.909608187963203e-08,9.910260114946389e-08,9.910912025225807e-08,9.91156391738217e-08,9.912215796134057e-08,9.912867654624211e-08,9.913519495911928e-08,9.914171320455809e-08,9.914823128040253e-08,9.915474918424734e-08,9.916126695663807e-08,9.916778452800212e-08,9.917430192954979e-08,9.91808191573024e-08,9.918733621444676e-08,9.91938531005806e-08,9.920036981821984e-08,9.920688636506062e-08,9.921340273914999e-08,9.92199189436447e-08,9.922643498366451e-08,9.923295084179788e-08,9.923946654178947e-08,9.924598207613728e-08,9.925249743595496e-08,9.925901262612012e-08,9.926552765048883e-08,9.927204249596541e-08,9.927855718393903e-08,9.928507169705135e-08,9.929158602369364e-08,9.929810020445068e-08,9.930461420741066e-08,9.931112803735764e-08,9.931764170101718e-08,9.932415518272175e-08,9.933066850711392e-08,9.933718166223166e-08,9.934369463596475e-08,9.935020745102967e-08,9.935672009691186e-08,9.936323257400488e-08,9.9369744881517e-08,9.937625697732172e-08,9.938276894532302e-08,9.938928074623849e-08,9.939579237535045e-08,9.940230383309618e-08,9.94088151529299e-08,9.941532627320886e-08,9.942183721921011e-08,9.942834799866498e-08,9.943485864093234e-08,9.944136908371555e-08,9.944787935637138e-08,9.945438946184546e-08,9.94608993957502e-08,9.946740916486747e-08,9.947391875916618e-08,9.94804281841457e-08,9.948693743923232e-08,9.949344654857808e-08,9.949995546345452e-08,9.950646421026393e-08,9.95129727861442e-08,9.951948118656183e-08,9.952598942836873e-08,9.953249749583278e-08,9.953900539877252e-08,9.954551312131943e-08,9.955202068283643e-08,9.955852807238886e-08,9.956503529247981e-08,9.957154234589904e-08,9.957804922863134e-08,9.958455593097631e-08,9.959106247294811e-08,9.959756883406355e-08,9.960407503758628e-08,9.961058106767092e-08,9.961708692007504e-08,9.962359263130471e-08,9.963009815247404e-08,9.9636603499231e-08,9.964310868313125e-08,9.964961369861104e-08,9.965611854399158e-08,9.966262322254106e-08,9.96691277169663e-08,9.967563205228433e-08,9.968213623240626e-08,9.968864022630043e-08,9.969514405858617e-08,9.97016477204069e-08,9.970815121227575e-08,9.971465453591937e-08,9.972115770302866e-08,9.972766068324194e-08,9.973416349896451e-08,9.974066613595015e-08,9.974716859012333e-08,9.975367089251473e-08,9.976017303706862e-08,9.976667500539582e-08,9.97731768240152e-08,9.97796784551021e-08,9.978617991498342e-08,9.979268120778022e-08,9.979918232870068e-08,9.98056832836494e-08,9.98121840680647e-08,9.98186846818045e-08,9.982518513066014e-08,9.983168540841815e-08,9.983818551642924e-08,9.984468548065083e-08,9.985118524989287e-08,9.985768485066918e-08,9.986418428328369e-08,9.987068354626762e-08,9.987718263938629e-08,9.988368156253891e-08,9.989018031744359e-08,9.989667890179242e-08,9.990317731708713e-08,9.990967556892068e-08,9.991617364955068e-08,9.992267152739375e-08,9.992916926052291e-08,9.993566683192525e-08,9.994216423238003e-08,9.994866148592149e-08,9.995515854392565e-08,9.996165543514892e-08,9.99681521480255e-08,9.997464870201363e-08,9.998114508647777e-08,9.998764130281956e-08,9.999413735034552e-08,1.0000063322950054e-07,1.0000712893855667e-07,1.0001362447907655e-07,1.0002011984967385e-07,1.0002661505068253e-07,1.0003311008381258e-07,1.0003960494826307e-07,1.0004609964291136e-07,1.0005259416891286e-07,1.0005908852085362e-07,1.0006558270792088e-07,1.0007207672627817e-07,1.0007857057536856e-07,1.0008506425564453e-07,1.0009155776641972e-07,1.0009805110862247e-07,1.001045442857202e-07,1.0011103728986257e-07,1.0011753012433647e-07,1.0012402278830232e-07,1.0013051528886762e-07,1.0013700761696137e-07,1.0014349977647773e-07,1.0014999176701708e-07,1.0015648358870524e-07,1.001629752405504e-07,1.0016946672367075e-07,1.0017595803850464e-07,1.0018244918385547e-07,1.0018894016814996e-07,1.0019543097540017e-07,1.0020192161478857e-07,1.0020841208505723e-07,1.0021490238616088e-07,1.0022139251781901e-07,1.0022788247989987e-07,1.002343722737264e-07,1.0024086189856674e-07,1.0024735135453473e-07,1.0025384064353152e-07,1.0026032976211378e-07,1.0026681871112727e-07,1.0027330749113042e-07,1.0027979610159867e-07,1.002862845441722e-07,1.0029277281843804e-07,1.0029926092303284e-07,1.0030574885839289e-07,1.0031223662716268e-07,1.003187242251081e-07,1.003252116556661e-07,1.0033169891306393e-07,1.003381860044618e-07,1.0034467293267934e-07,1.0035115967635556e-07,1.0035764626153196e-07,1.0036413267758087e-07,1.0037061892442829e-07,1.003771049974047e-07,1.0038359090757304e-07,1.0039007664256832e-07,1.0039656221512695e-07,1.004030476184579e-07,1.004095328529958e-07,1.0041601792876682e-07,1.0042250282559291e-07,1.0042898755268369e-07,1.0043547211256441e-07,1.0044195650220748e-07,1.0044844072425738e-07,1.0045492477998957e-07,1.0046140866341893e-07,1.0046789238092272e-07,1.0047437592780806e-07,1.0048085931603557e-07,1.0048734250241505e-07,1.0049382555323388e-07,1.0050030842177154e-07,1.0050679112027084e-07,1.0051327365372884e-07,1.0051975601956917e-07,1.005262382189487e-07,1.0053272024690258e-07,1.0053920210626042e-07,1.0054568378508994e-07,1.0055216530691543e-07,1.0055864666035216e-07,1.0056512784431719e-07,1.0057160886884699e-07,1.0057808971714486e-07,1.0058457042703425e-07,1.0059105093801616e-07,1.0059753127988756e-07,1.0060401145405282e-07,1.0061049145848322e-07,1.0061697130461117e-07,1.0062345097175931e-07,1.0062993046409133e-07,1.0063640979393875e-07,1.0064288895606659e-07,1.006493679489102e-07,1.0065584677586795e-07,1.006623254313516e-07,1.0066880391816851e-07,1.0067528223753903e-07,1.0068176038714259e-07,1.0068823836835207e-07,1.0069471617382206e-07,1.007011938189594e-07,1.0070767129528168e-07,1.0071414860225782e-07,1.0072062574119726e-07,1.0072710271850505e-07,1.0073357951989762e-07,1.0074005615096775e-07,1.0074653259644927e-07,1.0075300889136827e-07,1.0075948501867796e-07,1.0076596097742593e-07,1.0077243676772589e-07,1.0077891238867382e-07,1.0078538785197074e-07,1.0079186313809852e-07,1.007983382555678e-07,1.0080481320342406e-07,1.0081128798535234e-07,1.0081776259628603e-07,1.0082423703875261e-07
