,0,1,2,3,4,5,6,7,8,9,10,11,12,13,14,15,16,17,18,19,20,21,22,23,24,25,26,27,28,29,30,31,32,33,34,35,36,37,38,39,40,41,42,43,44,45,46,47,48,49,50,51,52,53,54,55,56,57,58,59,60,61,62,63,64,65,66,67,68,69,70,71,72,73,74,75,76,77,78,79,80,81,82,83,84,85,86,87,88,89,90,91,92,93,94,95,96,97,98,99,100,101,102,103,104,105,106,107,108,109,110,111,112,113,114,115,116,117,118,119,120,121,122,123,124,125,126,127,128,129,130,131,132,133,134,135,136,137,138,139,140,141,142,143,144,145,146,147,148,149,150,151,152,153,154,155,156,157,158,159,160,161,162,163,164,165,166,167,168,169,170,171,172,173,174,175,176,177,178,179,180,181,182,183,184,185,186,187,188,189,190,191,192,193,194,195,196,197,198,199,200,201,202,203,204,205,206,207,208,209,210,211,212,213,214,215,216,217,218,219,220,221,222,223,224,225,226,227,228,229,230,231,232,233,234,235,236,237,238,239,240,241,242,243,244,245,246,247,248,249,250,251,252,253,254,255,256,257,258,259,260,261,262,263,264,265,266,267,268,269,270,271,272,273,274,275,276,277,278,279,280,281,282,283,284,285,286,287,288,289,290,291,292,293,294,295,296,297,298,299,300,301,302,303,304,305,306,307,308,309,310,311,312,313,314,315,316,317,318,319,320,321,322,323,324,325,326,327,328,329,330,331,332,333,334,335,336,337,338,339,340,341,342,343,344,345,346,347,348,349,350,351,352,353,354,355,356,357,358,359,360,361,362,363,364,365,366,367,368,369,370,371,372,373,374,375,376,377,378,379,380,381,382,383,384,385,386,387,388,389,390,391,392,393,394,395,396,397,398,399,400,401,402,403,404,405,406,407,408,409,410,411,412,413,414,415,416,417,418,419,420,421,422,423,424,425,426,427,428,429,430,431,432,433,434,435,436,437,438,439,440,441,442,443,444,445,446,447,448,449,450,451,452,453,454,455,456,457,458,459,460,461,462,463,464,465,466,467,468,469,470,471,472,473,474,475,476,477,478,479,480,481,482,483,484,485,486,487,488,489,490,491,492,493,494,495,496,497,498,499,500,501,502,503,504,505,506,507,508,509,510,511,512,513,514,515,516,517,518,519,520,521,522,523,524,525,526,527,528,529,530,531,532,533,534,535,536,537,538,539,540,541,542,543,544,545,546,547,548,549,550,551,552,553,554,555,556,557,558,559,560,561,562,563,564,565,566,567,568,569,570,571,572,573,574,575,576,577,578,579,580,581,582,583,584,585,586,587,588,589,590,591,592,593,594,595,596,597,598,599,600,601,602,603,604,605,606,607,608,609,610,611,612,613,614,615,616,617,618,619,620,621,622,623,624,625,626,627,628,629,630,631,632,633,634,635,636,637,638,639,640,641,642,643,644,645,646,647,648,649,650,651,652,653,654,655,656,657,658,659,660,661,662,663,664,665,666,667,668,669,670,671,672,673,674,675,676,677,678,679,680,681,682,683,684,685,686,687,688,689,690,691,692,693,694,695,696,697,698,699,700,701,702,703,704,705,706,707,708,709,710,711,712,713,714,715,716,717,718,719,720,721,722,723,724,725,726,727,728,729,730,731,732,733,734,735,736,737,738,739,740,741,742,743,744,745,746,747,748,749,750,751,752,753,754,755,756,757,758,759,760,761,762,763,764,765,766,767,768,769,770,771,772,773,774,775,776,777,778,779,780,781,782,783,784,785,786,787,788,789,790,791,792,793,794,795,796,797,798,799,800,801,802,803,804,805,806,807,808,809,810,811,812,813,814,815,816,817,818,819,820,821,822,823,824,825,826,827,828,829,830,831,832,833,834,835,836,837,838,839,840,841,842,843,844,845,846,847,848,849,850,851,852,853,854,855,856,857,858,859,860,861,862,863,864,865,866,867,868,869,870,871,872,873,874,875,876,877,878,879,880,881,882,883,884,885,886,887,888,889,890,891,892,893,894,895,896,897,898,899,900,901,902,903,904,905,906,907,908,909,910,911,912,913,914,915,916,917,918,919,920,921,922,923,924,925,926,927,928,929,930,931,932,933,934,935,936,937,938,939,940,941,942,943,944,945,946,947,948,949,950,951,952,953,954,955,956,957,958,959,960,961,962,963,964,965,966,967,968,969,970,971,972,973,974,975,976,977,978,979,980,981,982,983,984,985,986,987,988,989,990,991,992,993,994,995,996,997,998,999,1000,1001,1002,1003,1004,1005,1006,1007,1008,1009,1010,1011,1012,1013,1014,1015,1016,1017,1018,1019,1020,1021,1022,1023,1024,1025,1026,1027,1028,1029,1030,1031,1032,1033,1034,1035,1036,1037,1038,1039,1040,1041,1042,1043,1044,1045,1046,1047,1048,1049,1050,1051,1052,1053,1054,1055,1056,1057,1058,1059,1060,1061,1062,1063,1064,1065,1066,1067,1068,1069,1070,1071,1072,1073,1074,1075,1076,1077,1078,1079,1080,1081,1082,1083,1084,1085,1086,1087,1088,1089,1090,1091,1092,1093,1094,1095,1096,1097,1098,1099,1100,1101,1102,1103,1104,1105,1106,1107,1108,1109,1110,1111,1112,1113,1114,1115,1116,1117,1118,1119,1120,1121,1122,1123,1124,1125,1126,1127,1128,1129,1130,1131,1132,1133,1134,1135,1136,1137,1138,1139,1140,1141,1142,1143,1144,1145,1146,1147,1148,1149,1150,1151,1152,1153,1154,1155,1156,1157,1158,1159,1160,1161,1162,1163,1164,1165,1166,1167,1168,1169,1170,1171,1172,1173,1174,1175,1176,1177,1178,1179,1180,1181,1182,1183,1184,1185,1186,1187,1188,1189,1190,1191,1192,1193,1194,1195,1196,1197,1198,1199,1200,1201,1202,1203,1204,1205,1206,1207,1208,1209,1210,1211,1212,1213,1214,1215,1216,1217,1218,1219,1220,1221,1222,1223,1224,1225,1226,1227,1228,1229,1230,1231,1232,1233,1234,1235,1236,1237,1238,1239,1240,1241,1242,1243,1244,1245,1246,1247,1248,1249,1250,1251,1252,1253,1254,1255,1256,1257,1258,1259,1260,1261,1262,1263,1264,1265,1266,1267,1268,1269,1270,1271,1272,1273,1274,1275,1276,1277,1278,1279,1280,1281,1282,1283,1284,1285,1286,1287,1288,1289,1290,1291,1292,1293,1294,1295,1296,1297,1298,1299,1300,1301,1302,1303,1304,1305,1306,1307,1308,1309,1310,1311,1312,1313,1314,1315,1316,1317,1318,1319,1320,1321,1322,1323,1324,1325,1326,1327,1328,1329,1330,1331,1332,1333,1334,1335,1336,1337,1338,1339,1340,1341,1342,1343,1344,1345,1346,1347,1348,1349,1350,1351,1352,1353,1354,1355,1356,1357,1358,1359,1360,1361,1362,1363,1364,1365,1366,1367,1368,1369,1370,1371,1372,1373,1374,1375,1376,1377,1378,1379,1380,1381,1382,1383,1384,1385,1386,1387,1388,1389,1390,1391,1392,1393,1394,1395,1396,1397,1398,1399,1400,1401,1402,1403,1404,1405,1406,1407,1408,1409,1410,1411,1412,1413,1414,1415,1416,1417,1418,1419,1420,1421,1422,1423,1424,1425,1426,1427,1428,1429,1430,1431,1432,1433,1434,1435,1436,1437,1438,1439,1440,1441,1442,1443,1444,1445,1446,1447,1448,1449,1450,1451,1452,1453,1454,1455,1456,1457,1458,1459,1460,1461,1462,1463,1464,1465,1466,1467,1468,1469,1470,1471,1472,1473,1474,1475,1476,1477,1478,1479,1480,1481,1482,1483,1484,1485,1486,1487,1488,1489,1490,1491,1492,1493,1494,1495,1496,1497,1498,1499,1500,1501,1502,1503,1504,1505,1506,1507,1508,1509,1510,1511,1512,1513,1514,1515,1516,1517,1518,1519,1520,1521,1522,1523,1524,1525,1526,1527,1528,1529,1530,1531,1532,1533,1534,1535,1536,1537,1538,1539,1540,1541,1542,1543,1544,1545,1546,1547,1548,1549,1550,1551,1552,1553,1554,1555,1556,1557,1558,1559,1560,1561,1562,1563,1564,1565,1566,1567,1568,1569,1570,1571,1572,1573,1574,1575,1576,1577,1578,1579,1580,1581,1582,1583,1584,1585,1586,1587,1588,1589,1590,1591,1592,1593,1594,1595,1596,1597,1598,1599,1600,1601,1602,1603,1604,1605,1606,1607,1608,1609,1610,1611,1612,1613,1614,1615,1616,1617,1618,1619,1620,1621,1622,1623,1624,1625,1626,1627,1628,1629,1630,1631,1632,1633,1634,1635,1636,1637,1638,1639,1640,1641,1642,1643,1644,1645,1646,1647,1648,1649,1650,1651,1652,1653,1654,1655,1656,1657,1658,1659,1660,1661,1662,1663,1664,1665,1666,1667,1668,1669,1670,1671,1672,1673,1674,1675,1676,1677,1678,1679,1680,1681,1682,1683,1684,1685,1686,1687,1688,1689,1690,1691,1692,1693,1694,1695,1696,1697,1698,1699,1700,1701,1702,1703,1704,1705,1706,1707,1708,1709,1710,1711,1712,1713,1714,1715,1716,1717,1718,1719,1720,1721,1722,1723,1724,1725,1726,1727,1728,1729,1730,1731,1732,1733,1734,1735,1736,1737,1738,1739,1740,1741,1742,1743,1744,1745,1746,1747,1748,1749,1750,1751,1752,1753,1754,1755,1756,1757,1758,1759,1760,1761,1762,1763,1764,1765,1766,1767,1768,1769,1770,1771,1772,1773,1774,1775,1776,1777,1778,1779,1780,1781,1782,1783,1784,1785,1786,1787,1788,1789,1790,1791,1792,1793,1794,1795,1796,1797,1798,1799,1800,1801,1802,1803,1804,1805,1806,1807,1808,1809,1810,1811,1812,1813,1814,1815,1816,1817,1818,1819,1820,1821,1822,1823,1824,1825,1826,1827,1828,1829,1830,1831,1832,1833,1834,1835,1836,1837,1838,1839,1840,1841,1842,1843,1844,1845,1846,1847,1848,1849,1850,1851,1852,1853,1854,1855,1856,1857,1858,1859,1860,1861,1862,1863,1864,1865,1866,1867,1868,1869,1870,1871,1872,1873,1874,1875,1876,1877,1878,1879,1880,1881,1882,1883,1884,1885,1886,1887,1888,1889,1890,1891,1892,1893,1894,1895,1896,1897,1898,1899,1900,1901,1902,1903,1904,1905,1906,1907,1908,1909,1910,1911,1912,1913,1914,1915,1916,1917,1918,1919,1920,1921,1922,1923,1924,1925,1926,1927,1928,1929,1930,1931,1932,1933,1934,1935,1936,1937,1938,1939,1940,1941,1942,1943,1944,1945,1946,1947,1948,1949,1950,1951,1952,1953,1954,1955,1956,1957,1958,1959,1960,1961,1962,1963,1964,1965,1966,1967,1968,1969,1970,1971,1972,1973,1974,1975,1976,1977,1978,1979,1980,1981,1982,1983,1984,1985,1986,1987,1988,1989,1990,1991,1992,1993,1994,1995,1996,1997,1998,1999,2000,2001,2002,2003,2004,2005,2006,2007,2008,2009,2010,2011,2012,2013,2014,2015,2016,2017,2018,2019,2020,2021,2022,2023,2024,2025,2026,2027,2028,2029,2030,2031,2032,2033,2034,2035,2036,2037,2038,2039,2040,2041,2042,2043,2044,2045,2046,2047,2048,2049,2050,2051,2052,2053,2054,2055,2056,2057,2058,2059,2060,2061,2062,2063,2064,2065,2066,2067,2068,2069,2070,2071,2072,2073,2074,2075,2076,2077,2078,2079,2080,2081,2082,2083,2084,2085,2086,2087,2088,2089,2090,2091,2092,2093,2094,2095,2096,2097,2098,2099,2100,2101,2102,2103,2104,2105,2106,2107,2108,2109,2110,2111,2112,2113,2114,2115,2116,2117,2118,2119,2120,2121,2122,2123,2124,2125,2126,2127,2128,2129,2130,2131,2132,2133,2134,2135,2136,2137,2138,2139,2140,2141,2142,2143,2144,2145,2146,2147,2148,2149,2150,2151,2152,2153,2154,2155,2156,2157,2158,2159,2160,2161,2162,2163,2164,2165,2166,2167,2168,2169,2170,2171,2172,2173,2174,2175,2176,2177,2178,2179,2180,2181,2182,2183,2184,2185,2186,2187,2188,2189,2190,2191,2192,2193,2194,2195,2196,2197,2198,2199,2200,2201,2202,2203,2204,2205,2206,2207,2208,2209,2210,2211,2212,2213,2214,2215,2216,2217,2218,2219,2220,2221,2222,2223,2224,2225,2226,2227,2228,2229,2230,2231,2232,2233,2234,2235,2236,2237,2238,2239,2240,2241,2242,2243,2244,2245,2246,2247,2248,2249,2250,2251,2252,2253,2254,2255,2256,2257,2258,2259,2260,2261,2262,2263,2264,2265,2266,2267,2268,2269,2270,2271,2272,2273,2274,2275,2276,2277,2278,2279,2280,2281,2282,2283,2284,2285,2286,2287,2288,2289,2290,2291,2292,2293,2294,2295,2296,2297,2298,2299,2300,2301,2302,2303,2304,2305,2306,2307,2308,2309,2310,2311,2312,2313,2314,2315,2316,2317,2318,2319,2320,2321,2322,2323,2324,2325,2326,2327,2328,2329,2330,2331,2332,2333,2334,2335,2336,2337,2338,2339,2340,2341,2342,2343,2344,2345,2346,2347,2348,2349,2350,2351,2352,2353,2354,2355,2356,2357,2358,2359,2360,2361,2362,2363,2364,2365,2366,2367,2368,2369,2370,2371,2372,2373,2374,2375,2376,2377,2378,2379,2380,2381,2382,2383,2384,2385,2386,2387,2388,2389,2390,2391,2392,2393,2394,2395,2396,2397,2398,2399,2400,2401,2402,2403,2404,2405,2406,2407,2408,2409,2410,2411,2412,2413,2414,2415,2416,2417,2418,2419,2420,2421,2422,2423,2424,2425,2426,2427,2428,2429,2430,2431,2432,2433,2434,2435,2436,2437,2438,2439,2440,2441,2442,2443,2444,2445,2446,2447,2448,2449,2450,2451,2452,2453,2454,2455,2456,2457,2458,2459,2460,2461,2462,2463,2464,2465,2466,2467,2468,2469,2470,2471,2472,2473,2474,2475,2476,2477,2478,2479,2480,2481,2482,2483,2484,2485,2486,2487,2488,2489,2490,2491,2492,2493,2494,2495,2496,2497,2498,2499,2500,2501,2502,2503,2504,2505,2506,2507,2508,2509,2510,2511,2512,2513,2514,2515,2516,2517,2518,2519,2520,2521,2522,2523,2524,2525,2526,2527,2528,2529,2530,2531,2532,2533,2534,2535,2536,2537,2538,2539,2540,2541,2542,2543,2544,2545,2546,2547,2548,2549,2550,2551,2552,2553,2554,2555,2556,2557,2558,2559,2560,2561,2562,2563,2564,2565,2566,2567,2568,2569,2570,2571,2572,2573,2574,2575,2576,2577,2578,2579,2580,2581,2582,2583,2584,2585,2586,2587,2588,2589,2590,2591,2592,2593,2594,2595,2596,2597,2598,2599,2600,2601,2602,2603,2604,2605,2606,2607,2608,2609,2610,2611,2612,2613,2614,2615,2616,2617,2618,2619,2620,2621,2622,2623,2624,2625,2626,2627,2628,2629,2630,2631,2632,2633,2634,2635,2636,2637,2638,2639,2640,2641,2642,2643,2644,2645,2646,2647,2648,2649,2650,2651,2652,2653,2654,2655,2656,2657,2658,2659,2660,2661,2662,2663,2664,2665,2666,2667,2668,2669,2670,2671,2672,2673,2674,2675,2676,2677,2678,2679,2680,2681,2682,2683,2684,2685,2686,2687,2688,2689,2690,2691,2692,2693,2694,2695,2696,2697,2698,2699,2700,2701,2702,2703,2704,2705,2706,2707,2708,2709,2710,2711,2712,2713,2714,2715,2716,2717,2718,2719,2720,2721,2722,2723,2724,2725,2726,2727,2728,2729,2730,2731,2732,2733,2734,2735,2736,2737,2738,2739,2740,2741,2742,2743,2744,2745,2746,2747,2748,2749,2750,2751,2752,2753,2754,2755,2756,2757,2758,2759,2760,2761,2762,2763,2764,2765,2766,2767,2768,2769,2770,2771,2772,2773,2774,2775,2776,2777,2778,2779,2780,2781,2782,2783,2784,2785,2786,2787,2788,2789,2790,2791,2792,2793,2794,2795,2796,2797,2798,2799,2800,2801,2802,2803,2804,2805,2806,2807,2808,2809,2810,2811,2812,2813,2814,2815,2816,2817,2818,2819,2820,2821,2822,2823,2824,2825,2826,2827,2828,2829,2830,2831,2832,2833,2834,2835,2836,2837,2838,2839,2840,2841,2842,2843,2844,2845,2846,2847,2848,2849,2850,2851,2852,2853,2854,2855,2856,2857,2858,2859,2860,2861,2862,2863,2864,2865,2866,2867,2868,2869,2870,2871,2872,2873,2874,2875,2876,2877,2878,2879,2880,2881,2882,2883,2884,2885,2886,2887,2888,2889,2890,2891,2892,2893,2894,2895,2896,2897,2898,2899,2900,2901,2902,2903,2904,2905,2906,2907,2908,2909,2910,2911,2912,2913,2914,2915,2916,2917,2918,2919,2920,2921,2922,2923,2924,2925,2926,2927,2928,2929,2930,2931,2932,2933,2934,2935,2936,2937,2938,2939,2940,2941,2942,2943,2944,2945,2946,2947,2948,2949,2950,2951,2952,2953,2954,2955,2956,2957,2958,2959,2960,2961,2962,2963,2964,2965,2966,2967,2968,2969,2970,2971,2972,2973,2974,2975,2976,2977,2978,2979,2980,2981,2982,2983,2984,2985,2986,2987,2988,2989,2990,2991,2992,2993,2994,2995,2996,2997,2998,2999,3000,3001,3002,3003,3004,3005,3006,3007,3008,3009,3010,3011,3012,3013,3014,3015,3016,3017,3018,3019,3020,3021,3022,3023,3024,3025,3026,3027,3028,3029,3030,3031,3032,3033,3034,3035,3036,3037,3038,3039,3040,3041,3042,3043,3044,3045,3046,3047,3048,3049,3050,3051,3052,3053,3054,3055,3056,3057,3058,3059,3060,3061,3062,3063,3064,3065,3066,3067,3068,3069,3070,3071,3072,3073,3074,3075,3076,3077,3078,3079,3080,3081,3082,3083,3084,3085,3086,3087,3088,3089,3090,3091,3092,3093,3094,3095,3096,3097,3098,3099,3100,3101,3102,3103,3104,3105,3106,3107,3108,3109,3110,3111,3112,3113,3114,3115,3116,3117,3118,3119,3120,3121,3122,3123,3124,3125,3126,3127,3128,3129,3130,3131,3132,3133,3134,3135,3136,3137,3138,3139,3140,3141,3142,3143,3144,3145,3146,3147,3148,3149,3150,3151,3152,3153,3154,3155,3156,3157,3158,3159,3160,3161,3162,3163,3164,3165,3166,3167,3168,3169,3170,3171,3172,3173,3174,3175,3176,3177,3178,3179,3180,3181,3182,3183,3184,3185,3186,3187,3188,3189,3190,3191,3192,3193,3194,3195,3196,3197,3198,3199,3200,3201,3202,3203,3204,3205,3206,3207,3208,3209,3210,3211,3212,3213,3214,3215,3216,3217,3218,3219,3220,3221,3222,3223,3224,3225,3226,3227,3228,3229,3230,3231,3232,3233,3234,3235,3236,3237,3238,3239,3240,3241,3242,3243,3244,3245,3246,3247,3248,3249,3250,3251,3252,3253,3254,3255,3256,3257,3258,3259,3260,3261,3262,3263,3264,3265,3266,3267,3268,3269,3270,3271,3272,3273,3274,3275,3276,3277,3278,3279,3280,3281,3282,3283,3284,3285,3286,3287,3288,3289,3290,3291,3292,3293,3294,3295,3296,3297,3298,3299,3300,3301,3302,3303,3304,3305,3306,3307,3308,3309,3310,3311,3312,3313,3314,3315,3316,3317,3318,3319,3320,3321,3322,3323,3324,3325,3326,3327,3328,3329,3330,3331,3332,3333,3334,3335,3336,3337,3338,3339,3340,3341,3342,3343,3344,3345,3346,3347,3348,3349,3350,3351,3352,3353,3354,3355,3356,3357,3358,3359,3360,3361,3362,3363,3364,3365,3366,3367,3368,3369,3370,3371,3372,3373,3374,3375,3376,3377,3378,3379,3380,3381,3382,3383,3384,3385,3386,3387,3388,3389,3390,3391,3392,3393,3394,3395,3396,3397,3398,3399,3400,3401,3402,3403,3404,3405,3406,3407,3408,3409,3410,3411,3412,3413,3414,3415,3416,3417,3418,3419,3420,3421,3422,3423,3424,3425,3426,3427,3428,3429,3430,3431,3432,3433,3434,3435,3436,3437,3438,3439,3440,3441,3442,3443,3444,3445,3446,3447,3448,3449,3450,3451,3452,3453,3454,3455,3456,3457,3458,3459,3460,3461,3462,3463,3464,3465,3466,3467,3468,3469,3470,3471,3472,3473,3474,3475,3476,3477,3478,3479,3480,3481,3482,3483,3484,3485,3486,3487,3488,3489,3490,3491,3492,3493,3494,3495,3496,3497,3498,3499,3500,3501,3502,3503,3504,3505,3506,3507,3508,3509,3510,3511,3512,3513,3514,3515,3516,3517,3518,3519,3520,3521,3522,3523,3524,3525,3526,3527,3528,3529,3530,3531,3532,3533,3534,3535,3536,3537,3538,3539,3540,3541,3542,3543,3544,3545,3546,3547,3548,3549,3550,3551,3552,3553,3554,3555,3556,3557,3558,3559,3560,3561,3562,3563,3564,3565,3566,3567,3568,3569,3570,3571,3572,3573,3574,3575,3576,3577,3578,3579,3580,3581,3582,3583,3584,3585,3586,3587,3588,3589,3590,3591,3592,3593,3594,3595,3596,3597,3598,3599,3600,3601,3602,3603,3604,3605,3606,3607,3608,3609,3610,3611,3612,3613,3614,3615,3616,3617,3618,3619,3620,3621,3622,3623,3624,3625,3626,3627,3628,3629,3630,3631,3632,3633,3634,3635,3636,3637,3638,3639,3640,3641,3642,3643,3644,3645,3646,3647,3648,3649,3650,3651,3652,3653,3654,3655,3656,3657,3658,3659,3660,3661,3662,3663,3664,3665,3666,3667,3668,3669,3670,3671,3672,3673,3674,3675,3676,3677,3678,3679,3680,3681,3682,3683,3684,3685,3686,3687,3688,3689,3690,3691,3692,3693,3694,3695,3696,3697,3698,3699,3700,3701,3702,3703,3704,3705,3706,3707,3708,3709,3710,3711,3712,3713,3714,3715,3716,3717,3718,3719,3720,3721,3722,3723,3724,3725,3726,3727,3728,3729,3730,3731,3732,3733,3734,3735,3736,3737,3738,3739,3740,3741,3742,3743,3744,3745,3746,3747,3748,3749,3750,3751,3752,3753,3754,3755,3756,3757,3758,3759,3760,3761,3762,3763,3764,3765,3766,3767,3768,3769,3770,3771,3772,3773,3774,3775,3776,3777,3778,3779,3780,3781,3782,3783,3784,3785,3786,3787,3788,3789,3790,3791,3792,3793,3794,3795,3796,3797,3798,3799,3800,3801,3802,3803,3804,3805,3806,3807,3808,3809,3810,3811,3812,3813,3814,3815,3816,3817,3818,3819,3820,3821,3822,3823,3824,3825,3826,3827,3828,3829,3830,3831,3832,3833,3834,3835,3836,3837,3838,3839,3840,3841,3842,3843,3844,3845,3846,3847,3848,3849,3850,3851,3852,3853,3854,3855,3856,3857,3858,3859,3860,3861,3862,3863,3864,3865,3866,3867,3868,3869,3870,3871,3872,3873,3874,3875,3876,3877,3878,3879,3880,3881,3882,3883,3884,3885,3886,3887,3888,3889,3890,3891,3892,3893,3894,3895,3896,3897,3898,3899,3900,3901,3902,3903,3904,3905,3906,3907,3908,3909,3910,3911,3912,3913,3914,3915,3916,3917,3918,3919,3920,3921,3922,3923,3924,3925,3926,3927,3928,3929,3930,3931,3932,3933,3934,3935,3936,3937,3938,3939,3940,3941,3942,3943,3944,3945,3946,3947,3948,3949,3950,3951,3952,3953,3954,3955,3956,3957,3958,3959,3960,3961,3962,3963,3964,3965,3966,3967,3968,3969,3970,3971,3972,3973,3974,3975,3976,3977,3978,3979,3980,3981,3982,3983,3984,3985,3986,3987,3988,3989,3990,3991,3992,3993,3994,3995,3996,3997,3998,3999,4000,4001,4002,4003,4004,4005,4006,4007,4008,4009,4010,4011,4012,4013,4014,4015,4016,4017,4018,4019,4020,4021,4022,4023,4024,4025,4026,4027,4028,4029,4030,4031,4032,4033,4034,4035,4036,4037,4038,4039,4040,4041,4042,4043,4044,4045,4046,4047,4048,4049,4050,4051,4052,4053,4054,4055,4056,4057,4058,4059,4060,4061,4062,4063,4064,4065,4066,4067,4068,4069,4070,4071,4072,4073,4074,4075,4076,4077,4078,4079,4080,4081,4082,4083,4084,4085,4086,4087,4088,4089,4090,4091,4092,4093,4094,4095,4096,4097,4098,4099,4100,4101,4102,4103,4104,4105,4106,4107,4108,4109,4110,4111,4112,4113,4114,4115,4116,4117,4118,4119,4120,4121,4122,4123,4124,4125,4126,4127,4128,4129,4130,4131,4132,4133,4134,4135,4136,4137,4138,4139,4140,4141,4142,4143,4144,4145,4146,4147,4148,4149,4150,4151,4152,4153,4154,4155,4156,4157,4158,4159,4160,4161,4162,4163,4164,4165,4166,4167,4168,4169,4170,4171,4172,4173,4174,4175,4176,4177,4178,4179,4180,4181,4182,4183,4184,4185,4186,4187,4188,4189,4190,4191,4192,4193,4194,4195,4196,4197,4198,4199,4200,4201,4202,4203,4204,4205,4206,4207,4208,4209,4210,4211,4212,4213,4214,4215,4216,4217,4218,4219,4220,4221,4222,4223,4224,4225,4226,4227,4228,4229,4230,4231,4232,4233,4234,4235,4236,4237,4238,4239,4240,4241,4242,4243,4244,4245,4246,4247,4248,4249,4250,4251,4252,4253,4254,4255,4256,4257,4258,4259,4260,4261,4262,4263,4264,4265,4266,4267,4268,4269,4270,4271,4272,4273,4274,4275,4276,4277,4278,4279,4280,4281,4282,4283,4284,4285,4286,4287,4288,4289,4290,4291,4292,4293,4294,4295,4296,4297,4298,4299,4300,4301,4302,4303,4304,4305,4306,4307,4308,4309,4310,4311,4312,4313,4314,4315,4316,4317,4318,4319,4320,4321,4322,4323,4324,4325,4326,4327,4328,4329,4330,4331,4332,4333,4334,4335,4336,4337,4338,4339,4340,4341,4342,4343,4344,4345,4346,4347,4348,4349,4350,4351,4352,4353,4354,4355,4356,4357,4358,4359,4360,4361,4362,4363,4364,4365,4366,4367,4368,4369,4370,4371,4372,4373,4374,4375,4376,4377,4378,4379,4380,4381,4382,4383,4384,4385,4386,4387,4388,4389,4390,4391,4392,4393,4394,4395,4396,4397,4398,4399,4400,4401,4402,4403,4404,4405,4406,4407,4408,4409,4410,4411,4412,4413,4414,4415,4416,4417,4418,4419,4420,4421,4422,4423,4424,4425,4426,4427,4428,4429,4430,4431,4432,4433,4434,4435,4436,4437,4438,4439,4440,4441,4442,4443,4444,4445,4446,4447,4448,4449,4450,4451,4452,4453,4454,4455,4456,4457,4458,4459,4460,4461,4462,4463,4464,4465,4466,4467,4468,4469,4470,4471,4472,4473,4474,4475,4476,4477,4478,4479,4480,4481,4482,4483,4484,4485,4486,4487,4488,4489,4490,4491,4492,4493,4494,4495,4496,4497,4498,4499,4500,4501,4502,4503,4504,4505,4506,4507,4508,4509,4510,4511,4512,4513,4514,4515,4516,4517,4518,4519,4520,4521,4522,4523,4524,4525,4526,4527,4528,4529,4530,4531,4532,4533,4534,4535,4536,4537,4538,4539,4540,4541,4542,4543,4544,4545,4546,4547,4548,4549,4550,4551,4552,4553,4554,4555,4556,4557,4558,4559,4560,4561,4562,4563,4564,4565,4566,4567,4568,4569,4570,4571,4572,4573,4574,4575,4576,4577,4578,4579,4580,4581,4582,4583,4584,4585,4586,4587,4588,4589,4590,4591,4592,4593,4594,4595,4596,4597,4598,4599,4600,4601,4602,4603,4604,4605,4606,4607,4608,4609,4610,4611,4612,4613,4614,4615,4616,4617,4618,4619,4620,4621,4622,4623,4624,4625,4626,4627,4628,4629,4630,4631,4632,4633,4634,4635,4636,4637,4638,4639,4640,4641,4642,4643,4644,4645,4646,4647,4648,4649,4650,4651,4652,4653,4654,4655,4656,4657,4658,4659,4660,4661,4662,4663,4664,4665,4666,4667,4668,4669,4670,4671,4672,4673,4674,4675,4676,4677,4678,4679,4680,4681,4682,4683,4684,4685,4686,4687,4688,4689,4690,4691,4692,4693,4694,4695,4696,4697,4698,4699,4700,4701,4702,4703,4704,4705,4706,4707,4708,4709,4710,4711,4712,4713,4714,4715,4716,4717,4718,4719,4720,4721,4722,4723,4724,4725,4726,4727,4728,4729,4730,4731,4732,4733,4734,4735,4736,4737,4738,4739,4740,4741,4742,4743,4744,4745,4746,4747,4748,4749,4750,4751,4752,4753,4754,4755,4756,4757,4758,4759,4760,4761,4762,4763,4764,4765,4766,4767,4768,4769,4770,4771,4772,4773,4774,4775,4776,4777,4778,4779,4780,4781,4782,4783,4784,4785,4786,4787,4788,4789,4790,4791,4792,4793,4794,4795,4796,4797,4798,4799,4800,4801,4802,4803,4804,4805,4806,4807,4808,4809,4810,4811,4812,4813,4814,4815,4816,4817,4818,4819,4820,4821,4822,4823,4824,4825,4826,4827,4828,4829,4830,4831,4832,4833,4834,4835,4836,4837,4838,4839,4840,4841,4842,4843,4844,4845,4846,4847,4848,4849,4850,4851,4852,4853,4854,4855,4856,4857,4858,4859,4860,4861,4862,4863,4864,4865,4866,4867,4868,4869,4870,4871,4872,4873,4874,4875,4876,4877,4878,4879,4880,4881,4882,4883,4884,4885,4886,4887,4888,4889,4890,4891,4892,4893,4894,4895,4896,4897,4898,4899,4900,4901,4902,4903,4904,4905,4906,4907,4908,4909,4910,4911,4912,4913,4914,4915,4916,4917,4918,4919,4920,4921,4922,4923,4924,4925,4926,4927,4928,4929,4930,4931,4932,4933,4934,4935,4936,4937,4938,4939,4940,4941,4942,4943,4944,4945,4946,4947,4948,4949,4950,4951,4952,4953,4954,4955,4956,4957,4958,4959,4960,4961,4962,4963,4964,4965,4966,4967,4968,4969,4970,4971,4972,4973,4974,4975,4976,4977,4978,4979,4980,4981,4982,4983,4984,4985,4986,4987,4988,4989,4990,4991,4992,4993,4994,4995,4996,4997,4998,4999,5000,5001,5002,5003,5004,5005,5006,5007,5008,5009,5010,5011,5012,5013,5014,5015,5016,5017,5018,5019,5020,5021,5022,5023,5024,5025,5026,5027,5028,5029,5030,5031,5032,5033,5034,5035,5036,5037,5038,5039,5040,5041,5042,5043,5044,5045,5046,5047,5048,5049,5050,5051,5052,5053,5054,5055,5056,5057,5058,5059,5060,5061,5062,5063,5064,5065,5066,5067,5068,5069,5070,5071,5072,5073,5074,5075,5076,5077,5078,5079,5080,5081,5082,5083,5084,5085,5086,5087,5088,5089,5090,5091,5092,5093,5094,5095,5096,5097,5098,5099,5100,5101,5102,5103,5104,5105,5106,5107,5108,5109,5110,5111,5112,5113,5114,5115,5116,5117,5118,5119,5120,5121,5122,5123,5124,5125,5126,5127,5128,5129,5130,5131,5132,5133,5134,5135,5136,5137,5138,5139,5140,5141,5142,5143,5144,5145,5146,5147,5148,5149,5150,5151,5152,5153,5154,5155,5156,5157,5158,5159,5160,5161,5162,5163,5164,5165,5166,5167,5168,5169,5170,5171,5172,5173,5174,5175,5176,5177,5178,5179,5180,5181,5182,5183,5184,5185,5186,5187,5188,5189,5190,5191,5192,5193,5194,5195,5196,5197,5198,5199,5200,5201,5202,5203,5204,5205,5206,5207,5208,5209,5210,5211,5212,5213,5214,5215,5216,5217,5218,5219,5220,5221,5222,5223,5224,5225,5226,5227,5228,5229,5230,5231,5232,5233,5234,5235,5236,5237,5238,5239,5240,5241,5242,5243,5244,5245,5246,5247,5248,5249,5250,5251,5252,5253,5254,5255,5256,5257,5258,5259,5260,5261,5262,5263,5264,5265,5266,5267,5268,5269,5270,5271,5272,5273,5274,5275,5276,5277,5278,5279,5280,5281,5282,5283,5284,5285,5286,5287,5288,5289,5290,5291,5292,5293,5294,5295,5296,5297,5298,5299,5300,5301,5302,5303,5304,5305,5306,5307,5308,5309,5310,5311,5312,5313,5314,5315,5316,5317,5318,5319,5320,5321,5322,5323,5324,5325,5326,5327,5328,5329,5330,5331,5332,5333,5334,5335,5336,5337,5338,5339,5340,5341,5342,5343,5344,5345,5346,5347,5348,5349,5350,5351,5352,5353,5354,5355,5356,5357,5358,5359,5360,5361,5362,5363,5364,5365,5366,5367,5368,5369,5370,5371,5372,5373,5374,5375,5376,5377,5378,5379,5380,5381,5382,5383,5384,5385,5386,5387,5388,5389,5390,5391,5392,5393,5394,5395,5396,5397,5398,5399,5400,5401,5402,5403,5404,5405,5406,5407,5408,5409,5410,5411,5412,5413,5414,5415,5416,5417,5418,5419,5420,5421,5422,5423,5424,5425,5426,5427,5428,5429,5430,5431,5432,5433,5434,5435,5436,5437,5438,5439,5440,5441,5442,5443,5444,5445,5446,5447,5448,5449,5450,5451,5452,5453,5454,5455,5456,5457,5458,5459,5460,5461,5462,5463,5464,5465,5466,5467,5468,5469,5470,5471,5472,5473,5474,5475,5476,5477,5478,5479,5480,5481,5482,5483,5484,5485,5486,5487,5488,5489,5490,5491,5492,5493,5494,5495,5496,5497,5498,5499,5500,5501,5502,5503,5504,5505,5506,5507,5508,5509,5510,5511,5512,5513,5514,5515,5516,5517,5518,5519,5520,5521,5522,5523,5524,5525,5526,5527,5528,5529,5530,5531,5532,5533,5534,5535,5536,5537,5538,5539,5540,5541,5542,5543,5544,5545,5546,5547,5548,5549,5550,5551,5552,5553,5554,5555,5556,5557,5558,5559,5560,5561,5562,5563,5564,5565,5566,5567,5568,5569,5570,5571,5572,5573,5574,5575,5576,5577,5578,5579,5580,5581,5582,5583,5584,5585,5586,5587,5588,5589,5590,5591,5592,5593,5594,5595,5596,5597,5598,5599,5600,5601,5602,5603,5604,5605,5606,5607,5608,5609,5610,5611,5612,5613,5614,5615,5616,5617,5618,5619,5620,5621,5622,5623,5624,5625,5626,5627,5628,5629,5630,5631,5632,5633,5634,5635,5636,5637,5638,5639,5640,5641,5642,5643,5644,5645,5646,5647,5648,5649,5650,5651,5652,5653,5654,5655,5656,5657,5658,5659,5660,5661,5662,5663,5664,5665,5666,5667,5668,5669,5670,5671,5672,5673,5674,5675,5676,5677,5678,5679,5680,5681,5682,5683,5684,5685,5686,5687,5688,5689,5690,5691,5692,5693,5694,5695,5696,5697,5698,5699,5700,5701,5702,5703,5704,5705,5706,5707,5708,5709,5710,5711,5712,5713,5714,5715,5716,5717,5718,5719,5720,5721,5722,5723,5724,5725,5726,5727,5728,5729,5730,5731,5732,5733,5734,5735,5736,5737,5738,5739,5740,5741,5742,5743,5744,5745,5746,5747,5748,5749,5750,5751,5752,5753,5754,5755,5756,5757,5758,5759,5760,5761,5762,5763,5764,5765,5766,5767,5768,5769,5770,5771,5772,5773,5774,5775,5776,5777,5778,5779,5780,5781,5782,5783,5784,5785,5786,5787,5788,5789,5790,5791,5792,5793,5794,5795,5796,5797,5798,5799,5800,5801,5802,5803,5804,5805,5806,5807,5808,5809,5810,5811,5812,5813,5814,5815,5816,5817,5818,5819,5820,5821,5822,5823,5824,5825,5826,5827,5828,5829,5830,5831,5832,5833,5834,5835,5836,5837,5838,5839,5840,5841,5842,5843,5844,5845,5846,5847,5848,5849,5850,5851,5852,5853,5854,5855,5856,5857,5858,5859,5860,5861,5862,5863,5864,5865,5866,5867,5868,5869,5870,5871,5872,5873,5874,5875,5876,5877,5878,5879,5880,5881,5882,5883,5884,5885,5886,5887,5888,5889,5890,5891,5892,5893,5894,5895,5896,5897,5898,5899,5900,5901,5902,5903,5904,5905,5906,5907,5908,5909,5910,5911,5912,5913,5914,5915,5916,5917,5918,5919,5920,5921,5922,5923,5924,5925,5926,5927,5928,5929,5930,5931,5932,5933,5934,5935,5936,5937,5938,5939,5940,5941,5942,5943,5944,5945,5946,5947,5948,5949,5950,5951,5952,5953,5954,5955,5956,5957,5958,5959,5960,5961,5962,5963,5964,5965,5966,5967,5968,5969,5970,5971,5972,5973,5974,5975,5976,5977,5978,5979,5980,5981,5982,5983,5984,5985,5986,5987,5988,5989,5990,5991,5992,5993,5994,5995,5996,5997,5998,5999,6000,6001,6002,6003,6004,6005,6006,6007,6008,6009,6010,6011,6012,6013,6014,6015,6016,6017,6018,6019,6020,6021,6022,6023,6024,6025,6026,6027,6028,6029,6030,6031,6032,6033,6034,6035,6036,6037,6038,6039,6040,6041,6042,6043,6044,6045,6046,6047,6048,6049,6050,6051,6052,6053,6054,6055,6056,6057,6058,6059,6060,6061,6062,6063,6064,6065,6066,6067,6068,6069,6070,6071,6072,6073,6074,6075,6076,6077,6078,6079,6080,6081,6082,6083,6084,6085,6086,6087,6088,6089,6090,6091,6092,6093,6094,6095,6096,6097,6098,6099,6100,6101,6102,6103,6104,6105,6106,6107,6108,6109,6110,6111,6112,6113,6114,6115,6116,6117,6118,6119,6120,6121,6122,6123,6124,6125,6126,6127,6128,6129,6130,6131,6132,6133,6134,6135,6136,6137,6138,6139,6140,6141,6142,6143,6144,6145,6146,6147,6148,6149,6150,6151,6152,6153,6154,6155,6156,6157,6158,6159,6160,6161,6162,6163,6164,6165,6166,6167,6168,6169,6170,6171,6172,6173,6174,6175,6176,6177,6178,6179,6180,6181,6182,6183,6184,6185,6186,6187,6188,6189,6190,6191,6192,6193,6194,6195,6196,6197,6198,6199,6200,6201,6202,6203,6204,6205,6206,6207,6208,6209,6210,6211,6212,6213,6214,6215,6216,6217,6218,6219,6220,6221,6222,6223,6224,6225,6226,6227,6228,6229,6230,6231,6232,6233,6234,6235,6236,6237,6238,6239,6240,6241,6242,6243,6244,6245,6246,6247,6248,6249,6250,6251,6252,6253,6254,6255,6256,6257,6258,6259,6260,6261,6262,6263,6264,6265,6266,6267,6268,6269,6270,6271,6272,6273,6274,6275,6276,6277,6278,6279,6280,6281,6282,6283,6284,6285,6286,6287,6288,6289,6290,6291,6292,6293,6294,6295,6296,6297,6298,6299,6300,6301,6302,6303,6304,6305,6306,6307,6308,6309,6310,6311,6312,6313,6314,6315,6316,6317,6318,6319,6320,6321,6322,6323,6324,6325,6326,6327,6328,6329,6330,6331,6332,6333,6334,6335,6336,6337,6338,6339,6340,6341,6342,6343,6344,6345,6346,6347,6348,6349,6350,6351,6352,6353,6354,6355,6356,6357,6358,6359,6360,6361,6362,6363,6364,6365,6366,6367,6368,6369,6370,6371,6372,6373,6374,6375,6376,6377,6378,6379,6380,6381,6382,6383,6384,6385,6386,6387,6388,6389,6390,6391,6392,6393,6394,6395,6396,6397,6398,6399,6400,6401,6402,6403,6404,6405,6406,6407,6408,6409,6410,6411,6412,6413,6414,6415,6416,6417,6418,6419,6420,6421,6422,6423,6424,6425,6426,6427,6428,6429,6430,6431,6432,6433,6434,6435,6436,6437,6438,6439,6440,6441,6442,6443,6444,6445,6446,6447,6448,6449,6450,6451,6452,6453,6454,6455,6456,6457,6458,6459,6460,6461,6462,6463,6464,6465,6466,6467,6468,6469,6470,6471,6472,6473,6474,6475,6476,6477,6478,6479,6480,6481,6482,6483,6484,6485,6486,6487,6488,6489,6490,6491,6492,6493,6494,6495,6496,6497,6498,6499,6500,6501,6502,6503,6504,6505,6506,6507,6508,6509,6510,6511,6512,6513,6514,6515,6516,6517,6518,6519,6520,6521,6522,6523,6524,6525,6526,6527,6528,6529,6530,6531,6532,6533,6534,6535,6536,6537,6538,6539,6540,6541,6542,6543,6544,6545,6546,6547,6548,6549,6550,6551,6552,6553,6554,6555,6556,6557,6558,6559,6560,6561,6562,6563,6564,6565,6566,6567,6568,6569,6570,6571,6572,6573,6574,6575,6576,6577,6578,6579,6580,6581,6582,6583,6584,6585,6586,6587,6588,6589,6590,6591,6592,6593,6594,6595,6596,6597,6598,6599,6600,6601,6602,6603,6604,6605,6606,6607,6608,6609,6610,6611,6612,6613,6614,6615,6616,6617,6618,6619,6620,6621,6622,6623,6624,6625,6626,6627,6628,6629,6630,6631,6632,6633,6634,6635,6636,6637,6638,6639,6640,6641,6642,6643,6644,6645,6646,6647,6648,6649,6650,6651,6652,6653,6654,6655,6656,6657,6658,6659,6660,6661,6662,6663,6664,6665,6666,6667,6668,6669,6670,6671,6672,6673,6674,6675,6676,6677,6678,6679,6680,6681,6682,6683,6684,6685,6686,6687,6688,6689,6690,6691,6692,6693,6694,6695,6696,6697,6698,6699,6700,6701,6702,6703,6704,6705,6706,6707,6708,6709,6710,6711,6712,6713,6714,6715,6716,6717,6718,6719,6720,6721,6722,6723,6724,6725,6726,6727,6728,6729,6730,6731,6732,6733,6734,6735,6736,6737,6738,6739,6740,6741,6742,6743,6744,6745,6746,6747,6748,6749,6750,6751,6752,6753,6754,6755,6756,6757,6758,6759,6760,6761,6762,6763,6764,6765,6766,6767,6768,6769,6770,6771,6772,6773,6774,6775,6776,6777,6778,6779,6780,6781,6782,6783,6784,6785,6786,6787,6788,6789,6790,6791,6792,6793,6794,6795,6796,6797,6798,6799,6800,6801,6802,6803,6804,6805,6806,6807,6808,6809,6810,6811,6812,6813,6814,6815,6816,6817,6818,6819,6820,6821,6822,6823,6824,6825,6826,6827,6828,6829,6830,6831,6832,6833,6834,6835,6836,6837,6838,6839,6840,6841,6842,6843,6844,6845,6846,6847,6848,6849,6850,6851,6852,6853,6854,6855,6856,6857,6858,6859,6860,6861,6862,6863,6864,6865,6866,6867,6868,6869,6870,6871,6872,6873,6874,6875,6876,6877,6878,6879,6880,6881,6882,6883,6884,6885,6886,6887,6888,6889,6890,6891,6892,6893,6894,6895,6896,6897,6898,6899,6900,6901,6902,6903,6904,6905,6906,6907,6908,6909,6910,6911,6912,6913,6914,6915,6916,6917,6918,6919,6920,6921,6922,6923,6924,6925,6926,6927,6928,6929,6930,6931,6932,6933,6934,6935,6936,6937,6938,6939,6940,6941,6942,6943,6944,6945,6946,6947,6948,6949,6950,6951,6952,6953,6954,6955,6956,6957,6958,6959,6960,6961,6962,6963,6964,6965,6966,6967,6968,6969,6970,6971,6972,6973,6974,6975,6976,6977,6978,6979,6980,6981,6982,6983,6984,6985,6986,6987,6988,6989,6990,6991,6992,6993,6994,6995,6996,6997,6998,6999,7000
0,0.11330754402058073,0.11330754402058073,0.11330754402058073,0.11330754402058073,0.11330754402058073,0.11330754402058073,0.11330754402058073,0.11330754402058073,0.11330754402058073,0.11330754402058073,0.11330754402058073,0.11330754402058073,0.11330754402058073,0.11330754402058073,0.11330754402058073,0.11330754402058073,0.11330754402058073,0.11330754402058073,0.11330754402058073,0.11330754402058073,0.11330754402058073,0.11330754402058073,0.11330754402058073,0.11330754402058073,0.11330754402058073,0.11330754402058073,0.11330754402058073,0.11330754402058073,0.11330754402058073,0.11330754402058073,0.11330754402058073,0.11330754402058073,0.11330754402058073,0.11330754402058073,0.11330754402058073,0.11330754402058073,0.11330754402058073,0.11330754402058073,0.11330754402058073,0.11330754402058073,0.11330754402058073,0.11330754402058073,0.11330754402058073,0.11330754402058073,0.11330754402058073,0.11330754402058073,0.11330754402058073,0.11330754402058073,0.11330754402058073,0.11330754402058073,0.11330754402058073,0.11330754402058073,0.11330754402058073,0.11330754402058073,0.11330754402058073,0.11330754402058073,0.11330754402058073,0.11330754402058073,0.11330754402058073,0.11330754402058073,0.11330754402058073,0.11330754402058073,0.11330754402058073,0.11330754402058073,0.11330754402058073,0.11330754402058073,0.11330754402058073,0.11330754402058073,0.11330754402058073,0.11330754402058073,0.11330754402058073,0.11330754402058073,0.11330754402058073,0.11330754402058073,0.11330754402058073,0.11330754402058073,0.11330754402058073,0.11330754402058073,0.11330754402058073,0.11330754402058073,0.11330754402058073,0.11330754402058073,0.11330754402058073,0.11330754402058073,0.11330754402058073,0.11330754402058073,0.11330754402058073,0.11330754402058073,0.11330754402058073,0.11330754402058073,0.11330754402058073,0.11330754402058073,0.11330754402058073,0.11330754402058073,0.11330754402058073,0.11330754402058073,0.11330754402058073,0.11330754402058073,0.11330754402058073,0.11330754402058073,0.11330754402058073,0.11330754402058073,0.11330754402058073,0.11330754402058073,0.11330754402058073,0.11330754402058073,0.11330754402058073,0.11330754402058073,0.11330754402058073,0.11330754402058073,0.11330754402058073,0.11330754402058073,0.11330754402058073,0.11330754402058073,0.11330754402058073,0.11330754402058073,0.11330754402058073,0.11330754402058073,0.11330754402058073,0.11330754402058073,0.11330754402058073,0.11330754402058073,0.11330754402058073,0.11330754402058073,0.11330754402058073,0.11330754402058073,0.11330754402058073,0.11330754402058073,0.11330754402058073,0.11330754402058073,0.11330754402058073,0.11330754402058073,0.11330754402058073,0.11330754402058073,0.11330754402058073,0.11330754402058073,0.11330754402058073,0.11330754402058073,0.11330754402058073,0.11330754402058073,0.11330754402058073,0.11330754402058073,0.11330754402058073,0.11330754402058073,0.11330754402058073,0.11330754402058073,0.11330754402058073,0.11330754402058073,0.11330754402058073,0.11330754402058073,0.11330754402058073,0.11330754402058073,0.11330754402058073,0.11330754402058073,0.11330754402058073,0.11330754402058073,0.11330754402058073,0.11330754402058073,0.11330754402058073,0.11330754402058073,0.11330754402058073,0.11330754402058073,0.11330754402058073,0.11330754402058073,0.11330754402058073,0.11330754402058073,0.11330754402058073,0.11330754402058073,0.11330754402058073,0.11330754402058073,0.11330754402058073,0.11330754402058073,0.11330754402058073,0.11330754402058073,0.11330754402058073,0.11330754402058073,0.11330754402058073,0.11330754402058073,0.11330754402058073,0.11330754402058073,0.11330754402058073,0.11330754402058073,0.11330754402058073,0.11330754402058073,0.11330754402058073,0.11330754402058073,0.11330754402058073,0.11330754402058073,0.11330754402058073,0.11330754402058073,0.11330754402058073,0.11330754402058073,0.11330754402058073,0.11330754402058073,0.11330754402058073,0.11330754402058073,0.11330754402058073,0.11330754402058073,0.11330754402058073,0.11330754402058073,0.11330754402058073,0.11330754402058073,0.11330754402058073,0.11330754402058073,0.11330754402058073,0.11330754402058073,0.11330754402058073,0.11330754402058073,0.11330754402058073,0.11330754402058073,0.11330754402058073,0.11330754402058073,0.11330754402058073,0.11330754402058073,0.11330754402058073,0.11330754402058073,0.11330754402058073,0.11330754402058073,0.11330754402058073,0.11330754402058073,0.11330754402058073,0.11330754402058073,0.11330754402058073,0.11330754402058073,0.11330754402058073,0.11330754402058073,0.11330754402058073,0.11330754402058073,0.11330754402058073,0.11330754402058073,0.11330754402058073,0.11330754402058073,0.11330754402058073,0.11330754402058073,0.11330754402058073,0.11330754402058073,0.11330754402058073,0.11330754402058073,0.11330754402058073,0.11330754402058073,0.11330754402058073,0.11330754402058073,0.11330754402058073,0.11330754402058073,0.11330754402058073,0.11330754402058073,0.11330754402058073,0.11330754402058073,0.11330754402058073,0.11330754402058073,0.11330754402058073,0.11330754402058073,0.11330754402058073,0.11330754402058073,0.11330754402058073,0.11330754402058073,0.11330754402058073,0.11330754402058073,0.11330754402058073,0.11330754402058073,0.11330754402058073,0.11330754402058073,0.11330754402058073,0.11330754402058073,0.11330754402058073,0.11330754402058073,0.11330754402058073,0.11330754402058073,0.11330754402058073,0.11330754402058073,0.11330754402058073,0.11330754402058073,0.11330754402058073,0.11330754402058073,0.11330754402058073,0.11330754402058073,0.11330754402058073,0.11330754402058073,0.11330754402058073,0.11330754402058073,0.11330754402058073,0.11330754402058073,0.11330754402058073,0.11330754402058073,0.11330754402058073,0.11330754402058073,0.11330754402058073,0.11330754402058073,0.11330754402058073,0.11330754402058073,0.11330754402058073,0.11330754402058073,0.11330754402058073,0.11330754402058073,0.11330754402058073,0.11330754402058073,0.11330754402058073,0.11330754402058073,0.11330754402058073,0.11330754402058073,0.11330754402058073,0.11330754402058073,0.11330754402058073,0.11330754402058073,0.11330754402058073,0.11330754402058073,0.11330754402058073,0.11330754402058073,0.11330754402058073,0.11330754402058073,0.11330754402058073,0.11330754402058073,0.11330754402058073,0.11330754402058073,0.11330754402058073,0.11330754402058073,0.11330754402058073,0.11330754402058073,0.11330754402058073,0.11330754402058073,0.11330754402058073,0.11330754402058073,0.11330754402058073,0.11330754402058073,0.11330754402058073,0.11330754402058073,0.11330754402058073,0.11330754402058073,0.11330754402058073,0.11330754402058073,0.11330754402058073,0.11330754402058073,0.11330754402058073,0.11330754402058073,0.11330754402058073,0.11330754402058073,0.11330754402058073,0.11330754402058073,0.11330754402058073,0.11330754402058073,0.11330754402058073,0.11330754402058073,0.11330754402058073,0.11330754402058073,0.11330754402058073,0.11330754402058073,0.11330754402058073,0.11330754402058073,0.11330754402058073,0.11330754402058073,0.11330754402058073,0.11330754402058073,0.11330754402058073,0.11330754402058073,0.11330754402058073,0.11330754402058073,0.11330754402058073,0.11330754402058073,0.11330754402058073,0.11330754402058073,0.11330754402058073,0.11330754402058073,0.11330754402058073,0.11330754402058073,0.11330754402058073,0.11330754402058073,0.11330754402058073,0.11330754402058073,0.11330754402058073,0.11330754402058073,0.11330754402058073,0.11330754402058073,0.11330754402058073,0.11330754402058073,0.11330754402058073,0.11330754402058073,0.11330754402058073,0.11330754402058073,0.11330754402058073,0.11330754402058073,0.11330754402058073,0.11330754402058073,0.11330754402058073,0.11330754402058073,0.11330754402058073,0.11330754402058073,0.11330754402058073,0.11330754402058073,0.11330754402058073,0.11330754402058073,0.11330754402058073,0.11330754402058073,0.11330754402058073,0.11330754402058073,0.11330754402058073,0.11330754402058073,0.11330754402058073,0.11330754402058073,0.11330754402058073,0.11330754402058073,0.11330754402058073,0.11330754402058073,0.11330754402058073,0.11330754402058073,0.11330754402058073,0.11330754402058073,0.11330754402058073,0.11330754402058073,0.11330754402058073,0.11330754402058073,0.11330754402058073,0.11330754402058073,0.11330754402058073,0.11330754402058073,0.11330754402058073,0.11330754402058073,0.11330754402058073,0.11330754402058073,0.11330754402058073,0.11330754402058073,0.11330754402058073,0.11330754402058073,0.11330754402058073,0.11330754402058073,0.11330754402058073,0.11330754402058073,0.11330754402058073,0.11330754402058073,0.11330754402058073,0.11330754402058073,0.11330754402058073,0.11330754402058073,0.11330754402058073,0.11330754402058073,0.11330754402058073,0.11330754402058073,0.11330754402058073,0.11330754402058073,0.11330754402058073,0.11330754402058073,0.11330754402058073,0.11330754402058073,0.11330754402058073,0.11330754402058073,0.11330754402058073,0.11330754402058073,0.11330754402058073,0.11330754402058073,0.11330754402058073,0.11330754402058073,0.11330754402058073,0.11330754402058073,0.11330754402058073,0.11330754402058073,0.11330754402058073,0.11330754402058073,0.11330754402058073,0.11330754402058073,0.11330754402058073,0.11330754402058073,0.11330754402058073,0.11330754402058073,0.11330754402058073,0.11330754402058073,0.11330754402058073,0.11330754402058073,0.11330754402058073,0.11330754402058073,0.11330754402058073,0.11330754402058073,0.11330754402058073,0.11330754402058073,0.11330754402058073,0.11330754402058073,0.11330754402058073,0.11330754402058073,0.11330754402058073,0.11330754402058073,0.11330754402058073,0.11330754402058073,0.11330754402058073,0.11330754402058073,0.11330754402058073,0.11330754402058073,0.11330754402058073,0.11330754402058073,0.11330754402058073,0.11330754402058073,0.11330754402058073,0.11330754402058073,0.11330754402058073,0.11330754402058073,0.11330754402058073,0.11330754402058073,0.11330754402058073,0.11330754402058073,0.11330754402058073,0.11330754402058073,0.11330754402058073,0.11330754402058073,0.11330754402058073,0.11330754402058073,0.11330754402058073,0.11330754402058073,0.11330754402058073,0.11330754402058073,0.11330754402058073,0.11330754402058073,0.11330754402058073,0.11330754402058073,0.11330754402058073,0.11330754402058073,0.11330754402058073,0.11330754402058073,0.11330754402058073,0.11330754402058073,0.11330754402058073,0.11330754402058073,0.11330754402058073,0.11330754402058073,0.11330754402058073,0.11330754402058073,0.11330754402058073,0.11330754402058073,0.11330754402058073,0.11330754402058073,0.11330754402058073,0.11330754402058073,0.11330754402058073,0.11330754402058073,0.11330754402058073,0.11330754402058073,0.11330754402058073,0.11330754402058073,0.11330754402058073,0.11330754402058073,0.11330754402058073,0.11330754402058073,0.11330754402058073,0.11330754402058073,0.11330754402058073,0.11330754402058073,0.11330754402058073,0.11330754402058073,0.11330754402058073,0.11330754402058073,0.11330754402058073,0.11330754402058073,0.11330754402058073,0.11330754402058073,0.11330754402058073,0.11330754402058073,0.11330754402058073,0.11330754402058073,0.11330754402058073,0.11330754402058073,0.11330754402058073,0.11330754402058073,0.11330754402058073,0.11330754402058073,0.11330754402058073,0.11330754402058073,0.11330754402058073,0.11330754402058073,0.11330754402058073,0.11330754402058073,0.11330754402058073,0.11330754402058073,0.11330754402058073,0.11330754402058073,0.11330754402058073,0.11330754402058073,0.11330754402058073,0.11330754402058073,0.11330754402058073,0.11330754402058073,0.11330754402058073,0.11330754402058073,0.11330754402058073,0.11330754402058073,0.11330754402058073,0.11330754402058073,0.11330754402058073,0.11330754402058073,0.11330754402058073,0.11330754402058073,0.11330754402058073,0.11330754402058073,0.11330754402058073,0.11330754402058073,0.11330754402058073,0.11330754402058073,0.11330754402058073,0.11330754402058073,0.11330754402058073,0.11330754402058073,0.11330754402058073,0.11330754402058073,0.11330754402058073,0.11330754402058073,0.11330754402058073,0.11330754402058073,0.11330754402058073,0.11330754402058073,0.11330754402058073,0.11330754402058073,0.11330754402058073,0.11330754402058073,0.11330754402058073,0.11330754402058073,0.11330754402058073,0.11330754402058073,0.11330754402058073,0.11330754402058073,0.11330754402058073,0.11330754402058073,0.11330754402058073,0.11330754402058073,0.11330754402058073,0.11330754402058073,0.11330754402058073,0.11330754402058073,0.11330754402058073,0.11330754402058073,0.11330754402058073,0.11330754402058073,0.11330754402058073,0.11330754402058073,0.11330754402058073,0.11330754402058073,0.11330754402058073,0.11330754402058073,0.11330754402058073,0.11330754402058073,0.11330754402058073,0.11330754402058073,0.11330754402058073,0.11330754402058073,0.11330754402058073,0.11330754402058073,0.11330754402058073,0.11330754402058073,0.11330754402058073,0.11330754402058073,0.11330754402058073,0.11330754402058073,0.11330754402058073,0.11330754402058073,0.11330754402058073,0.11330754402058073,0.11330754402058073,0.11330754402058073,0.11330754402058073,0.11330754402058073,0.11330754402058073,0.11330754402058073,0.11330754402058073,0.11330754402058073,0.11330754402058073,0.11330754402058073,0.11330754402058073,0.11330754402058073,0.11330754402058073,0.11330754402058073,0.11330754402058073,0.11330754402058073,0.11330754402058073,0.11330754402058073,0.11330754402058073,0.11330754402058073,0.11330754402058073,0.11330754402058073,0.11330754402058073,0.11330754402058073,0.11330754402058073,0.11330754402058073,0.11330754402058073,0.11330754402058073,0.11330754402058073,0.11330754402058073,0.11330754402058073,0.11330754402058073,0.11330754402058073,0.11330754402058073,0.11330754402058073,0.11330754402058073,0.11330754402058073,0.11330754402058073,0.11330754402058073,0.11330754402058073,0.11330754402058073,0.11330754402058073,0.11330754402058073,0.11330754402058073,0.11330754402058073,0.11330754402058073,0.11330754402058073,0.11330754402058073,0.11330754402058073,0.11330754402058073,0.11330754402058073,0.11330754402058073,0.11330754402058073,0.11330754402058073,0.11330754402058073,0.11330754402058073,0.11330754402058073,0.11330754402058073,0.11330754402058073,0.11330754402058073,0.11330754402058073,0.11330754402058073,0.11330754402058073,0.11330754402058073,0.11330754402058073,0.11330754402058073,0.11330754402058073,0.11330754402058073,0.11330754402058073,0.11330754402058073,0.11330754402058073,0.11330754402058073,0.11330754402058073,0.11330754402058073,0.11330754402058073,0.11330754402058073,0.11330754402058073,0.11330754402058073,0.11330754402058073,0.11330754402058073,0.11330754402058073,0.11330754402058073,0.11330754402058073,0.11330754402058073,0.11330754402058073,0.11330754402058073,0.11330754402058073,0.11330754402058073,0.11330754402058073,0.11330754402058073,0.11330754402058073,0.11330754402058073,0.11330754402058073,0.11330754402058073,0.11330754402058073,0.11330754402058073,0.11330754402058073,0.11330754402058073,0.11330754402058073,0.11330754402058073,0.11330754402058073,0.11330754402058073,0.11330754402058073,0.11330754402058073,0.11330754402058073,0.11330754402058073,0.11330754402058073,0.11330754402058073,0.11330754402058073,0.11330754402058073,0.11330754402058073,0.11330754402058073,0.11330754402058073,0.11330754402058073,0.11330754402058073,0.11330754402058073,0.11330754402058073,0.11330754402058073,0.11330754402058073,0.11330754402058073,0.11330754402058073,0.11330754402058073,0.11330754402058073,0.11330754402058073,0.11330754402058073,0.11330754402058073,0.11330754402058073,0.11330754402058073,0.11330754402058073,0.11330754402058073,0.11330754402058073,0.11330754402058073,0.11330754402058073,0.11330754402058073,0.11330754402058073,0.11330754402058073,0.11330754402058073,0.11330754402058073,0.11330754402058073,0.11330754402058073,0.11330754402058073,0.11330754402058073,0.11330754402058073,0.11330754402058073,0.11330754402058073,0.11330754402058073,0.11330754402058073,0.11330754402058073,0.11330754402058073,0.11330754402058073,0.11330754402058073,0.11330754402058073,0.11330754402058073,0.11330754402058073,0.11330754402058073,0.11330754402058073,0.11330754402058073,0.11330754402058073,0.11330754402058073,0.11330754402058073,0.11330754402058073,0.11330754402058073,0.11330754402058073,0.11330754402058073,0.11330754402058073,0.11330754402058073,0.11330754402058073,0.11330754402058073,0.11330754402058073,0.11330754402058073,0.11330754402058073,0.11330754402058073,0.11330754402058073,0.11330754402058073,0.11330754402058073,0.11330754402058073,0.11330754402058073,0.11330754402058073,0.11330754402058073,0.11330754402058073,0.11330754402058073,0.11330754402058073,0.11330754402058073,0.11330754402058073,0.11330754402058073,0.11330754402058073,0.11330754402058073,0.11330754402058073,0.11330754402058073,0.11330754402058073,0.11330754402058073,0.11330754402058073,0.11330754402058073,0.11330754402058073,0.11330754402058073,0.11330754402058073,0.11330754402058073,0.11330754402058073,0.11330754402058073,0.11330754402058073,0.11330754402058073,0.11330754402058073,0.11330754402058073,0.11330754402058073,0.11330754402058073,0.11330754402058073,0.11330754402058073,0.11330754402058073,0.11330754402058073,0.11330754402058073,0.11330754402058073,0.11330754402058073,0.11330754402058073,0.11330754402058073,0.11330754402058073,0.11330754402058073,0.11330754402058073,0.11330754402058073,0.11330754402058073,0.11330754402058073,0.11330754402058073,0.11330754402058073,0.11330754402058073,0.11330754402058073,0.11330754402058073,0.11330754402058073,0.11330754402058073,0.11330754402058073,0.11330754402058073,0.11330754402058073,0.11330754402058073,0.11330754402058073,0.11330754402058073,0.11330754402058073,0.11330754402058073,0.11330754402058073,0.11330754402058073,0.11330754402058073,0.11330754402058073,0.11330754402058073,0.11330754402058073,0.11330754402058073,0.11330754402058073,0.11330754402058073,0.11330754402058073,0.11330754402058073,0.11330754402058073,0.11330754402058073,0.11330754402058073,0.11330754402058073,0.11330754402058073,0.11330754402058073,0.11330754402058073,0.11330754402058073,0.11330754402058073,0.11330754402058073,0.11330754402058073,0.11330754402058073,0.11330754402058073,0.11330754402058073,0.11330754402058073,0.11330754402058073,0.11330754402058073,0.11330754402058073,0.11330754402058073,0.11330754402058073,0.11330754402058073,0.11330754402058073,0.11330754402058073,0.11330754402058073,0.11330754402058073,0.11330754402058073,0.11330754402058073,0.11330754402058073,0.11330754402058073,0.11330754402058073,0.11330754402058073,0.11330754402058073,0.11330754402058073,0.11330754402058073,0.11330754402058073,0.11330754402058073,0.11330754402058073,0.11330754402058073,0.11330754402058073,0.11330754402058073,0.11330754402058073,0.11330754402058073,0.11330754402058073,0.11330754402058073,0.11330754402058073,0.11330754402058073,0.11330754402058073,0.11330754402058073,0.11330754402058073,0.11330754402058073,0.11330754402058073,0.11330754402058073,0.11330754402058073,0.11330754402058073,0.11330754402058073,0.11330754402058073,0.11330754402058073,0.11330754402058073,0.11330754402058073,0.11330754402058073,0.11330754402058073,0.11330754402058073,0.11330754402058073,0.11330754402058073,0.11330754402058073,0.11330754402058073,0.11330754402058073,0.11330754402058073,0.11330754402058073,0.11330754402058073,0.11330754402058073,0.11330754402058073,0.11330754402058073,0.11330754402058073,0.11330754402058073,0.11330754402058073,0.11330754402058073,0.11330754402058073,0.11330754402058073,0.11330754402058073,0.11330754402058073,0.11330754402058073,0.11330754402058073,0.11330754402058073,0.11330754402058073,0.11330754402058073,0.11330754402058073,0.11330754402058073,0.11330754402058073,0.11330754402058073,0.11330754402058073,0.11330754402058073,0.11330754402058073,0.11330754402058073,0.11330754402058073,0.11330754402058073,0.11330754402058073,0.11330754402058073,0.11330754402058073,0.11330754402058073,0.11330754402058073,0.11330754402058073,0.11330754402058073,0.11330754402058073,0.11330754402058095,0.11330754402058084,0.11330754402058076,0.11330754402058073,0.11330754402058076,0.11330754402058074,0.1133075440205803,0.11330754402058003,0.11330754402058003,0.11330754402058005,0.11330754402058006,0.11330754402058012,0.11330754402058016,0.11330754402058009,0.11330754402058012,0.11330754402058014,0.11330754402058009,0.1133075440205801,0.11330754402058012,0.11330754402058019,0.1133075440205801,0.1133075440205801,0.11330754402058059,0.11330754402058055,0.11330754402058105,0.1133075440205813,0.11330754402058131,0.1133075440205813,0.1133075440205813,0.1133075440205812,0.11330754402058119,0.11330754402058116,0.11330754402058114,0.11330754402058113,0.11330754402058141,0.11330754402058164,0.11330754402058264,0.11330754402058323,0.11330754402058318,0.11330754402058311,0.11330754402058311,0.11330754402058314,0.11330754402058305,0.11330754402058321,0.1133075440205831,0.11330754402058313,0.11330754402058324,0.11330754402058327,0.11330754402058321,0.11330754402058286,0.1133075440205804,0.1133075440205791,0.11330754402057926,0.11330754402057859,0.11330754402057854,0.11330754402057858,0.11330754402057876,0.113307544020581,0.11330754402058094,0.11330754402058094,0.11330754402057748,0.11330754402057829,0.11330754402057837,0.11330754402057854,0.11330754402057887,0.11330754402057923,0.11330754402057926,0.11330754402057894,0.11330754402057923,0.11330754402057865,0.11330754402057912,0.11330754402057971,0.11330754402057998,0.1133075440205805,0.11330754402057994,0.1133075440205797,0.11330754402058071,0.11330754402058005,0.11330754402057887,0.11330754402058563,0.11330754402058563,0.11330754402058565,0.11330754402058471,0.11330754402058468,0.11330754402060196,0.11330754402060375,0.1133075440206038,0.11330754402060379,0.11330754402060604,0.11330754402060648,0.11330754402060632,0.11330754402061519,0.11330754402061574,0.11330754402061377,0.11330754402061538,0.11330754402061771,0.11330754402061376,0.11322982971744494,0.11322982971744386,0.11322982971744339,0.11322982971744243,0.11322982971737104,0.11322982971737454,0.11322982971737601,0.11322982971737797,0.11322982971737611,0.11322982971737613,0.11322982971737582,0.11322982971737676,0.11322982971737522,0.11322982971738259,0.11322982971738395,0.11322982971738418,0.11322982971738761,0.11322982971738749,0.11322982971738944,0.11322982971772844,0.11322982971772842,0.1132298297177284,0.1132298297177284,0.11322982971772841,0.11322982971772842,0.11322982971772845,0.11322982971772842,0.11322982971772842,0.11322982971772844,0.11322982971772842,0.11322982971772842,0.11322982971772845,0.11322982971772842,0.11322982971772844,0.11322982971772844,0.11322982971772844,0.11322982971772838,0.11322982971772844,0.11322982971772845,0.11322982971772842,0.11322982971772846,0.11322982971772842,0.11322982971772842,0.11322982971772844,0.11322982971772842,0.11322982971772844,0.11322982971772842,0.11322982971772845,0.11322982971772845,0.11322982971772846,0.11322982971772845,0.11322982971772846,0.11322982971772845,0.11322982971772848,0.11322982971772845,0.11322982971772844,0.1132298297177285,0.11322982971772846,0.11322982971772849,0.11322982971772842,0.11322982971772842,0.11322982971772844,0.1132298297177285,0.11322982971772845,0.11322982971772848,0.11322982971772842,0.11322982971772846,0.11322982971772848,0.11322982971772846,0.11322982971772848,0.11322982971772845,0.11322982971772846,0.11322982971772844,0.1132298297177285,0.11322982971772845,0.11322982971772848,0.11322982971772845,0.11322982971772845,0.11322982971772845,0.11322982971772848,0.11322982971772846,0.11322982971772848,0.11322982971772845,0.11322982971772844,0.11322982971772845,0.11322982971772844,0.11322982971772846,0.11322982971772846,0.11322982971772848,0.11322982971772845,0.11322982971772845,0.11322982971772849,0.11322982971772848,0.11322982971772844,0.11322982971772848,0.11322982971772848,0.11322982971772848,0.11322982971772846,0.11322982971772842,0.11322982971772849,0.11322982971772849,0.11322982971772845,0.11322982971772844,0.11322982971772842,0.11322982971772845,0.11322982971772846,0.11322982971772844,0.11322982971772844,0.11322982971772845,0.11322982971772848,0.11322982971772844,0.11322982971772849,0.11322982971772848,0.11322982971772846,0.11322982971772844,0.11322982971772844,0.11322982971772846,0.11322982971772846,0.11322982971772845,0.11322982971772842,0.11322982971772842,0.11322982971772845,0.11322982971772844,0.11322982971772849,0.11322982971772846,0.11322982971772844,0.11322982971772841,0.1132298297177284,0.11322982971772845,0.11322982971772844,0.11322982971772844,0.11322982971772844,0.11322982971772844,0.11322982971772845,0.11322982971772844,0.11322982971772845,0.11322982971772845,0.11322982971772845,0.11322982971772842,0.11322982971772842,0.11322982971772844,0.11322982971772844,0.11322982971772845,0.11322982971772845,0.11322982971772845,0.11322982971772846,0.11322982971772844,0.11322982971772845,0.11322982971772842,0.11322982971772845,0.11322982971772844,0.11322982971772844,0.11322982971772845,0.11322982971772842,0.11322982971772844,0.11322982971772844,0.11322982971772845,0.11322982971772842,0.11322982971772842,0.11322982971772844,0.11322982971772845,0.11322982971772844,0.11322982971772844,0.11322982971772844,0.11322982971772844,0.11322982971772844,0.11322982971772846,0.11322982971772842,0.11322982971772842,0.11322982971772844,0.11322982971772841,0.11322982971772844,0.11322982971772842,0.11322982971772845,0.11322982971772846,0.11322982971772842,0.11322982971772841,0.11322982971772844,0.11322982971772844,0.11322982971772845,0.11322982971772845,0.11322982971772845,0.11322982971772846,0.11322982971772849,0.11322982971772845,0.11322982971772845,0.11322982971772844,0.11322982971772844,0.11322982971772844,0.11322982971772844,0.11322982971772844,0.11322982971772846,0.11322982971772845,0.11322982971772844,0.11322982971772842,0.11322982971772842,0.11322982971772846,0.11322982971772844,0.11322982971772844,0.11322982971772846,0.11322982971772845,0.11322982971772844,0.11322982971772846,0.11322982971772844,0.11322982971772844,0.11322982971772844,0.11322982971772844,0.11322982971772846,0.11322982971772842,0.11322982971772844,0.11322982971772842,0.11322982971772844,0.11322982971772844,0.11322982971772845,0.11322982971772848,0.11322982971772848,0.11322982971772841,0.11322982971772846,0.11322982971772842,0.11322982971772845,0.11322982971772845,0.11322982971772849,0.11322982971772844,0.11322982971772844,0.11322982971772845,0.11322982971772846,0.11322982971772842,0.11322982971772852,0.11322982971772848,0.1132298297177285,0.11322982971772845,0.11322982971772845,0.11322982971772846,0.11322982971772845,0.11322982971772842,0.11322982971772846,0.1132298297177285,0.11322982971772846,0.11322982971772845,0.11322982971772848,0.11322982971772845,0.11322982971772845,0.11322982971772848,0.11322982971772848,0.11322982971772844,0.11322982971772846,0.11322982971772844,0.11322982971772842,0.11322982971772845,0.11322982971772849,0.11322982971772844,0.11322982971772844,0.11322982971772845,0.11322982971772845,0.11322982971772852,0.11322982971772845,0.11322982971772844,0.11322982971772846,0.11322982971772845,0.11322982971772846,0.11322982971772844,0.11322982971772846,0.11322982971772844,0.11322982971772844,0.11322982971772849,0.1132298297177284,0.11322982971772841,0.11322982971772844,0.11322982971772845,0.11322982971772844,0.11322982971772844,0.11322982971772838,0.11322982971772846,0.11322982971772844,0.11322982971772844,0.11322982971772845,0.11322982971772841,0.11322982971772848,0.11322982971772844,0.11322982971772837,0.11322982971772846,0.11322982971772848,0.11322982971772844,0.11322982971772842,0.11322982971772844,0.11322982971772842,0.11322982971772844,0.11322982971772845,0.11322982971772846,0.11322982971772842,0.11322982971772842,0.11322982971772846,0.11322982971772844,0.11322982971772848,0.11322982971772844,0.11322982971772844,0.11322982971772845,0.11322982971772846,0.11322982971772845,0.11322982971772844,0.11322982971772844,0.11322982971772844,0.11322982971772844,0.11322982971772848,0.11322982971772844,0.11322982971772842,0.11322982971772844,0.11322982971772845,0.11322982971772841,0.11322982971772842,0.11322982971772842,0.11322982971772845,0.11322982971772845,0.11322982971772846,0.11322982971772842,0.11322982971772845,0.11322982971772841,0.11322982971772845,0.11322982971772844,0.11322982971772844,0.11322982971772842,0.11322982971772844,0.11322982971772844,0.11322982971772844,0.11322982971772842,0.11322982971772844,0.11322982971772846,0.11322982971772845,0.11322982971772846,0.11322982971772845,0.11322982971772845,0.11322982971772845,0.11322982971772846,0.11322982971772844,0.11322982971772844,0.11322982971772846,0.11322982971772845,0.11322982971772848,0.11322982971772845,0.11322982971772841,0.11322982971772842,0.11322982971772844,0.11322982971772842,0.11322982971772846,0.11322982971772848,0.11322982971772846,0.11322982971772845,0.11322982971772844,0.11322982971772842,0.11322982971772846,0.11322982971772844,0.11322982971772844,0.11322982971772846,0.11322982971772844,0.11322982971772842,0.11322982971772842,0.11322982971772841,0.11322982971772844,0.11322982971772842,0.11322982971772844,0.11322982971772845,0.11322982971772844,0.11322982971772846,0.11322982971772845,0.11322982971772844,0.11322982971772845,0.11322982971772842,0.11322982971772844,0.11322982971772845,0.11322982971772845,0.11322982971772845,0.11322982971772845,0.11322982971772842,0.11322982971772845,0.11322982971772846,0.11322982971772848,0.11322982971772848,0.11322982971772844,0.11322982971772844,0.11322982971772845,0.11322982971772844,0.11322982971772844,0.11322982971772845,0.11322982971772845,0.11322982971772842,0.11322982971772844,0.11322982971772844,0.11322982971772845,0.11322982971772845,0.11322982971772845,0.11322982971772844,0.11322982971772844,0.11322982971772845,0.11322982971772844,0.11322982971772845,0.11322982971772841,0.11322982971772845,0.11322982971772846,0.11322982971772845,0.11322982971772846,0.11322982971772846,0.1132298297177285,0.11322982971772848,0.11322982971772844,0.11322982971772844,0.11322982971772844,0.11322982971772844,0.11322982971772846,0.11322982971772846,0.11322982971772844,0.11322982971772842,0.11322982971772844,0.11322982971772845,0.11322982971772842,0.11322982971772845,0.11322982971772844,0.11322982971772844,0.11322982971772845,0.11322982971772842,0.11322982971772845,0.11322982971772841,0.11322982971772842,0.11322982971772844,0.11322982971772845,0.11322982971772844,0.11322982971772842,0.11322982971772844,0.1132298297177284,0.11322982971772842,0.11322982971772844,0.11322982971772838,0.11322982971772844,0.11322982971772844,0.11322982971772844,0.11322982971772844,0.11322982971772842,0.11322982971772844,0.11322982971772842,0.11322982971772844,0.11322982971772844,0.11322982971772844,0.11322982971772844,0.11322982971772844,0.11322982971772844,0.11322982971772842,0.11322982971772844,0.11322982971772845,0.11322982971772844,0.11322982971772844,0.11322982971772842,0.11322982971772842,0.11322982971772844,0.11322982971772844,0.11322982971772846,0.11322982971772845,0.11322982971772844,0.11322982971772844,0.11322982971772844,0.11322982971772846,0.11322982971772844,0.11322982971772846,0.11322982971772845,0.11322982971772845,0.1132298297177284,0.11322982971772845,0.11322982971772844,0.11322982971772842,0.11322982971772844,0.11322982971772845,0.11322982971772842,0.11322982971772844,0.11322982971772844,0.11322982971772846,0.11322982971772844,0.11322982971772846,0.11322982971772846,0.11322982971772845,0.11322982971772845,0.11322982971772845,0.11322982971772845,0.11322982971772845,0.11322982971772845,0.11322982971772838,0.11322982971772845,0.11322982971772842,0.11322982971772844,0.11322982971772844,0.11322982971772846,0.11322982971772844,0.11322982971772846,0.11322982971772846,0.11322982971772844,0.11322982971772844,0.11322982971772844,0.11322982971772845,0.11322982971772844,0.11322982971772842,0.11322982971772844,0.11322982971772842,0.11322982971772844,0.11322982971772842,0.11322982971772845,0.11322982971772845,0.11322982971772845,0.11322982971772844,0.11322982971772842,0.11322982971772845,0.11322982971772845,0.11322982971772844,0.11322982971772845,0.11322982971772846,0.11322982971772848,0.11322982971772845,0.11322982971772842,0.11322982971772845,0.11322982971772848,0.11322982971772844,0.11322982971772846,0.11322982971772846,0.11322982971772845,0.11322982971772845,0.11322982971772845,0.11322982971772845,0.11322982971772844,0.11322982971772842,0.11322982971772844,0.11322982971772844,0.11322982971772844,0.11322982971772848,0.11322982971772846,0.11322982971772845,0.11322982971772848,0.11322982971772845,0.11322982971772844,0.11322982971772846,0.11322982971772845,0.11322982971772846,0.11322982971772845,0.11322982971772848,0.11322982971772845,0.11322982971772845,0.11322982971772845,0.11322982971772845,0.11322982971772844,0.1132298297177285,0.11322982971772846,0.11322982971772845,0.11322982971772848,0.1132298297177285,0.11322982971772848,0.11322982971772842,0.11322982971772849,0.11322982971772845,0.11322982971772845,0.11322982971772848,0.11322982971772845,0.11322982971772848,0.11322982971772845,0.11322982971772846,0.11322982971772842,0.11322982971772845,0.11322982971772842,0.11322982971772844,0.11322982971772845,0.11322982971772845,0.11322982971772845,0.11322982971772845,0.11322982971772848,0.11322982971772844,0.11322982971772848,0.11322982971772844,0.1132298297177285,0.1132298297177285,0.11322982971772842,0.11322982971772849,0.11322982971772849,0.11322982971772848,0.11322982971772848,0.1132298297177285,0.11322982971772846,0.11322982971772846,0.11322982971772842,0.11322982971772846,0.11322982971772845,0.11322982971772853,0.11322982971772845,0.11322982971772852,0.11322982971772845,0.11322982971772844,0.11322982971772844,0.11322982971772844,0.11322982971772846,0.11322982971772846,0.11322982971772845,0.11322982971772845,0.11322982971772842,0.11322982971772849,0.11322982971772849,0.11322982971772845,0.11322982971772844,0.11322982971772844,0.11322982971772845,0.11322982971772845,0.11322982971772844,0.11322982971772845,0.11322982971772845,0.11322982971772845,0.11322982971772845,0.11322982971772844,0.11322982971772845,0.11322982971772845,0.11322982971772844,0.1132298297177285,0.11322982971772845,0.11322982971772844,0.11322982971772844,0.11322982971772842,0.11322982971772845,0.11322982971772844,0.11322982971772846,0.11322982971772846,0.11322982971772844,0.11322982971772844,0.11322982971772845,0.11322982971772848,0.1132298297177285,0.11322982971772844,0.11322982971772842,0.11322982971772842,0.11322982971772844,0.11322982971772845,0.11322982971772844,0.11322982971772844,0.11322982971772844,0.11322982971772846,0.11322982971772845,0.11322982971772846,0.11322982971772842,0.11322982971772842,0.11322982971772846,0.11322982971772849,0.11322982971772848,0.11322982971772845,0.11322982971772848,0.11322982971772846,0.11322982971772845,0.11322982971772842,0.11322982971772844,0.11322982971772842,0.11322982971772844,0.11322982971772845,0.11322982971772845,0.11322982971772845,0.11322982971772845,0.11322982971772845,0.11322982971772846,0.11322982971772844,0.11322982971772842,0.11322982971772842,0.11322982971772844,0.11322982971772842,0.11322982971772846,0.11322982971772844,0.11322982971772845,0.11322982971772846,0.11322982971772846,0.11322982971772844,0.11322982971772844,0.11322982971772844,0.11322982971772846,0.11322982971772844,0.11322982971772845,0.11322982971772837,0.11322982971772844,0.11322982971772844,0.11322982971772845,0.11322982971772844,0.11322982971772846,0.11322982971772844,0.11322982971772844,0.11322982971772844,0.11322982971772842,0.11322982971772844,0.11322982971772842,0.11322982971772848,0.11322982971772842,0.11322982971772845,0.11322982971772848,0.11322982971772844,0.11322982971772845,0.11322982971772842,0.11322982971772846,0.11322982971772848,0.11322982971772849,0.11322982971772844,0.11322982971772848,0.11322982971772842,0.11322982971772842,0.11322982971772845,0.11322982971772845,0.11322982971772846,0.11322982971772846,0.11322982971772844,0.11322982971772845,0.11322982971772844,0.11322982971772845,0.11322982971772845,0.11322982971772846,0.11322982971772844,0.11322982971772845,0.11322982971772845,0.11322982971772844,0.11322982971772844,0.11322982971772848,0.11322982971772844,0.11322982971772842,0.11322982971772842,0.11322982971772844,0.11322982971772844,0.11322982971772844,0.11322982971772844,0.11322982971772842,0.11322982971772834,0.1132298297177284,0.11322982971772842,0.11322982971772844,0.11322982971772845,0.11322982971772844,0.11322982971772846,0.11322982971772841,0.11322982971772841,0.11322982971772842,0.11322982971772841,0.11322982971772842,0.11322982971772837,0.11322982971772838,0.11322982971772846,0.11322982971772845,0.11322982971772846,0.11322982971772841,0.11322982971772842,0.11322982971772842,0.11322982971772844,0.11322982971772846,0.11322982971772846,0.11322982971772842,0.1132298297177285,0.11322982971772846,0.11322982971772846,0.11322982971772844,0.11322982971772842,0.11322982971772846,0.11322982971772846,0.11322982971772845,0.11322982971772842,0.11322982971772844,0.11322982971772846,0.11322982971772846,0.11322982971772848,0.11322982971772848,0.11322982971772844,0.11322982971772845,0.11322982971772845,0.11322982971772846,0.11322982971772844,0.11322982971772845,0.11322982971772845,0.11322982971772844,0.11322982971772842,0.11322982971772846,0.11322982971772844,0.11322982971772846,0.11322982971772845,0.11322982971772844,0.11322982971772844,0.11322982971772844,0.11322982971772842,0.11322982971772844,0.11322982971772844,0.11322982971772844,0.11322982971772845,0.11322982971772845,0.11322982971772845,0.11322982971772841,0.11322982971772845,0.11322982971772842,0.11322982971772846,0.11322982971772842,0.11322982971772846,0.11322982971772842,0.11322982971772844,0.11322982971772844,0.11322982971772846,0.11322982971772845,0.11322982971772845,0.11322982971772844,0.1132298297177285,0.11322982971772846,0.11322982971772845,0.11322982971772845,0.11322982971772842,0.11322982971772845,0.11322982971772845,0.11322982971772849,0.11322982971772849,0.11322982971772842,0.11322982971772845,0.11322982971772842,0.11322982971772844,0.11322982971772842,0.11322982971772846,0.11322982971772845,0.11322982971772845,0.11322982971772846,0.11322982971772842,0.11322982971772846,0.11322982971772845,0.11322982971772848,0.1132298297177285,0.11322982971772844,0.11322982971772844,0.11322982971772846,0.11322982971772846,0.11322982971772845,0.11322982971772845,0.11322982971772845,0.11322982971772844,0.11322982971772846,0.11322982971772844,0.11322982971772852,0.11322982971772844,0.11322982971772849,0.11322982971772848,0.11322982971772848,0.11322982971772846,0.11322982971772852,0.11322982971772849,0.11322982971772849,0.11322982971772848,0.11322982971772849,0.1132298297177285,0.11322982971772848,0.11322982971772848,0.11322982971772848,0.1132298297177285,0.1132298297177285,0.11322982971772844,0.11322982971772844,0.11322982971772849,0.11322982971772846,0.11322982971772849,0.1132298297177284,0.11322982971772845,0.1132298297177285,0.11322982971772842,0.11322982971772842,0.11322982971772846,0.11322982971772845,0.11322982971772844,0.11322982971772844,0.11322982971772841,0.11322982971772844,0.11322982971772842,0.11322982971772846,0.11322982971772842,0.11322982971772844,0.11322982971772846,0.11322982971772842,0.11322982971772846,0.11322982971772845,0.11322982971772846,0.11322982971772848,0.11322982971772845,0.11322982971772844,0.11322982971772846,0.11322982971772842,0.11322982971772842,0.11322982971772852,0.11322982971772845,0.11322982971772849,0.11322982971772841,0.11322982971772842,0.11322982971772844,0.11322982971772845,0.11322982971772848,0.11322982971772845,0.11322982971772845,0.11322982971772849,0.11322982971772848,0.11322982971772848,0.11322982971772848,0.11322982971772844,0.11322982971772844,0.11322982971772844,0.11322982971772844,0.11322982971772845,0.11322982971772842,0.1132298297177285,0.11322982971772845,0.11322982971772848,0.11322982971772846,0.11322982971772844,0.11322982971772844,0.11322982971772844,0.11322982971772845,0.11322982971772842,0.11322982971772844,0.11322982971772842,0.11322982971772844,0.11322982971772845,0.11322982971772845,0.11322982971772844,0.11322982971772842,0.11322982971772844,0.11322982971772842,0.11322982971772844,0.11322982971772842,0.11322982971772842,0.11322982971772841,0.11322982971772845,0.11322982971772842,0.11322982971772842,0.11322982971772844,0.11322982971772842,0.11322982971772844,0.11322982971772842,0.11322982971772842,0.11322982971772844,0.11322982971772844,0.11322982971772841,0.11322982971772841,0.11322982971772841,0.11322982971772844,0.11322982971772846,0.11322982971772845,0.11322982971772845,0.11322982971772845,0.11322982971772846,0.11322982971772848,0.11322982971772842,0.11322982971772845,0.11322982971772842,0.11322982971772845,0.1132298297177285,0.11322982971772848,0.11322982971772845,0.11322982971772845,0.11322982971772845,0.11322982971772846,0.11322982971772845,0.11322982971772844,0.11322982971772842,0.11322982971772845,0.11322982971772844,0.11322982971772844,0.11322982971772845,0.11322982971772842,0.11322982971772842,0.11322982971772845,0.11322982971772844,0.11322982971772844,0.11322982971772845,0.11322982971772842,0.11322982971772842,0.11322982971772846,0.11322982971772848,0.11322982971772844,0.11322982971772844,0.11322982971772845,0.11322982971772846,0.11322982971772846,0.11322982971772842,0.11322982971772845,0.11322982971772846,0.11322982971772844,0.11322982971772846,0.11322982971772846,0.11322982971772848,0.11322982971772842,0.11322982971772844,0.11322982971772845,0.11322982971772842,0.11322982971772849,0.11322982971772846,0.11322982971772845,0.11322982971772845,0.11322982971772845,0.11322982971772849,0.11322982971772845,0.11322982971772845,0.11322982971772846,0.11322982971772848,0.11322982971772845,0.11322982971772845,0.11322982971772845,0.11322982971772844,0.11322982971772844,0.11322982971772848,0.11322982971772846,0.11322982971772846,0.11322982971772846,0.11322982971772844,0.11322982971772846,0.11322982971772845,0.11322982971772845,0.11322982971772845,0.11322982971772845,0.11322982971772849,0.11322982971772846,0.11322982971772846,0.11322982971772846,0.11322982971772848,0.1132298297177285,0.1132298297177285,0.11322982971772842,0.11322982971772852,0.11322982971772845,0.11322982971772848,0.11322982971772849,0.11322982971772844,0.11322982971772849,0.11322982971772848,0.11322982971772842,0.11322982971772844,0.11322982971772844,0.11322982971772842,0.11322982971772842,0.11322982971772844,0.11322982971772842,0.11322982971772844,0.11322982971772849,0.11322982971772849,0.11322982971772842,0.11322982971772844,0.11322982971772842,0.11322982971772845,0.11322982971772844,0.11322982971772837,0.11322982971772853,0.11322982971772842,0.11322982971772844,0.11322982971772842,0.11322982971772842,0.11322982971772856,0.11322982971772828,0.11322982971772844,0.11322982971772838,0.1132298297177284,0.11322982971772841,0.11322982971772838,0.11322982971772835,0.11322982971772838,0.11322982971772841,0.11322982971772841,0.1132298297177284,0.11322982971772842,0.11322982971772841,0.11322982971772835,0.11322982971772833,0.11322982971772838,0.11322982971772834,0.11322982971772842,0.11322982971772834,0.11322982971772837,0.11322982971772841,0.11322982971772837,0.11322982971772838,0.11322982971772834,0.11322982971772835,0.11322982971772841,0.11322982971772841,0.11322982971772835,0.11322982971772837,0.11322982971772842,0.1132298297177284,0.11322982971772842,0.1132298297177284,0.11322982971772844,0.11322982971772842,0.11322982971772841,0.11322982971772842,0.11322982971772841,0.11322982971772842,0.11322982971772841,0.11322982971772846,0.1132298297177284,0.11322982971772841,0.11322982971772844,0.11322982971772844,0.1132298297177285,0.11322982971772844,0.11322982971772844,0.11322982971772842,0.11322982971772846,0.11322982971772845,0.11322982971772846,0.11322982971772845,0.11322982971772845,0.1132298297177285,0.11322982971772846,0.11322982971772846,0.11322982971772849,0.11322982971772842,0.11322982971772846,0.11322982971772845,0.11322982971772846,0.11322982971772845,0.11322982971772842,0.11322982971772849,0.11322982971772842,0.11322982971772841,0.11322982971772844,0.11322982971772844,0.11322982971772844,0.11322982971772841,0.11322982971772844,0.11322982971772844,0.11322982971772845,0.11322982971772844,0.1132298297177284,0.11322982971772842,0.11322982971772844,0.11322982971772838,0.11322982971772848,0.11322982971772845,0.11322982971772842,0.11322982971772837,0.11322982971772849,0.11322982971772844,0.11322982971772842,0.11322982971772838,0.11322982971772838,0.11322982971772842,0.11322982971772844,0.1132298297177284,0.11322982971772841,0.11322982971772842,0.11322982971772835,0.11322982971772845,0.11322982971772841,0.11322982971772845,0.11322982971772844,0.11322982971772831,0.11322982971772837,0.11322982971772838,0.11322982971772834,0.11322982971772842,0.11322982971772841,0.1132298297177284,0.11322982971772838,0.11322982971772838,0.11322982971772835,0.11322982971772838,0.1132298297177284,0.11322982971772837,0.11322982971772845,0.11322982971772838,0.1132298297177284,0.11322982971772838,0.1132298297177284,0.11322982971772844,0.11322982971772835,0.11322982971772838,0.11322982971772835,0.11322982971772835,0.1132298297177284,0.1132298297177284,0.11322982971772838,0.11322982971772838,0.1132298297177284,0.11322982971772838,0.11322982971772837,0.1132298297177284,0.11322982971772841,0.11322982971772842,0.11322982971772838,0.1132298297177284,0.11322982971772837,0.11322982971772837,0.11322982971772837,0.11322982971772835,0.11322982971772837,0.11322982971772841,0.11322982971772837,0.11322982971772835,0.11322982971772838,0.11322982971772835,0.11322982971772844,0.11322982971772837,0.11322982971772842,0.11322982971772841,0.1132298297177284,0.11322982971772841,0.11322982971772833,0.11322982971772841,0.1132298297177284,0.11322982971772845,0.1132298297177284,0.11322982971772842,0.11322982971772842,0.11322982971772842,0.11322982971772842,0.11322982971772842,0.11322982971772844,0.11322982971772844,0.11322982971772837,0.11322982971772845,0.11322982971772842,0.11322982971772842,0.11322982971772842,0.11322982971772841,0.11322982971772844,0.11322982971772837,0.11322982971772837,0.11322982971772845,0.11322982971772838,0.11322982971772838,0.11322982971772841,0.11322982971772844,0.11322982971772837,0.11322982971772841,0.1132298297177284,0.11322982971772841,0.1132298297177284,0.1132298297177284,0.11322982971772844,0.11322982971772844,0.11322982971772842,0.11322982971772841,0.11322982971772841,0.11322982971772841,0.11322982971772842,0.11322982971772845,0.11322982971772841,0.11322982971772837,0.11322982971772841,0.11322982971772838,0.11322982971772844,0.11322982971772844,0.11322982971772844,0.11322982971772846,0.11322982971772846,0.1132298297177284,0.11322982971772844,0.11322982971772842,0.11322982971772842,0.1132298297177284,0.11322982971772842,0.1132298297177284,0.11322982971772844,0.11322982971772842,0.11322982971772845,0.11322982971772841,0.11322982971772842,0.11322982971772842,0.11322982971772841,0.11322982971772842,0.11322982971772841,0.11322982971772842,0.11322982971772841,0.1132298297177284,0.1132298297177284,0.11322982971772838,0.11322982971772837,0.11322982971772846,0.11322982971772842,0.11322982971772846,0.11322982971772845,0.11322982971772845,0.11322982971772841,0.11322982971772842,0.11322982971772844,0.11322982971772844,0.11322982971772844,0.11322982971772844,0.11322982971772844,0.11322982971772846,0.11322982971772841,0.11322982971772842,0.11322982971772844,0.11322982971772845,0.11322982971772844,0.11322982971772841,0.11322982971772844,0.11322982971772844,0.11322982971772842,0.11322982971772842,0.11322982971772844,0.11322982971772841,0.11322982971772842,0.11322982971772842,0.11322982971772842,0.11322982971772846,0.11322982971772841,0.11322982971772842,0.11322982971772844,0.11322982971772844,0.11322982971772844,0.11322982971772848,0.11322982971772837,0.11322982971772842,0.11322982971772842,0.11322982971772844,0.11322982971772837,0.11322982971772842,0.11322982971772842,0.11322982971772842,0.11322982971772842,0.11322982971772841,0.11322982971772844,0.11322982971772844,0.11322982971772842,0.11322982971772845,0.11322982971772844,0.11322982971772844,0.1132298297177284,0.1132298297177285,0.11322982971772842,0.11322982971772844,0.11322982971772846,0.11322982971772842,0.11322982971772844,0.11322982971772844,0.11322982971772842,0.11322982971772844,0.1132298297177284,0.11322982971772841,0.1132298297177284,0.11322982971772841,0.11322982971772844,0.11322982971772844,0.11322982971772842,0.11322982971772842,0.11322982971772841,0.11322982971772844,0.11322982971772842,0.11322982971772842,0.11322982971772844,0.11322982971772842,0.11322982971772844,0.11322982971772845,0.11322982971772846,0.11322982971772845,0.11322982971772844,0.11322982971772846,0.11322982971772845,0.11322982971772845,0.11322982971772848,0.11322982971772848,0.11322982971772846,0.11322982971772852,0.1132298297177285,0.11322982971772846,0.11322982971772846,0.1132298297177285,0.11322982971772842,0.11322982971772844,0.11322982971772844,0.11322982971772845,0.11322982971772844,0.11322982971772844,0.11322982971772842,0.11322982971772844,0.11322982971772844,0.11322982971772842,0.11322982971772842,0.11322982971772844,0.11322982971772842,0.11322982971772844,0.11322982971772844,0.11322982971772842,0.11322982971772844,0.11322982971772844,0.11322982971772842,0.11322982971772845,0.11322982971772846,0.11322982971772844,0.11322982971772841,0.11322982971772845,0.11322982971772844,0.11322982971772844,0.11322982971772842,0.11322982971772842,0.11322982971772844,0.11322982971772844,0.11322982971772844,0.11322982971772842,0.11322982971772842,0.11322982971772846,0.11322982971772845,0.11322982971772845,0.11322982971772842,0.11322982971772844,0.11322982971772844,0.11322982971772844,0.11322982971772846,0.1132298297177284,0.11322982971772841,0.11322982971772844,0.11322982971772844,0.11322982971772844,0.11322982971772848,0.11322982971772845,0.11322982971772845,0.11322982971772846,0.11322982971772848,0.11322982971772844,0.11322982971772845,0.11322982971772844,0.11322982971772844,0.11322982971772863,0.1132298297177285,0.11322982971772852,0.11322982971772849,0.11322982971772848,0.1132298297177285,0.11322982971772849,0.11322982971772846,0.11322982971772849,0.1132298297177285,0.11322982971772848,0.11322982971772849,0.1132298297177285,0.1132298297177285,0.11322982971772845,0.11322982971772845,0.11322982971772853,0.11322982971772852,0.1132298297177285,0.11322982971772852,0.11322982971772852,0.11322982971772852,0.11322982971772853,0.11322982971772853,0.11322982971772849,0.11322982971772846,0.11322982971772849,0.11322982971772846,0.11322982971772849,0.11322982971772849,0.11322982971772853,0.11322982971772853,0.11322982971772849,0.11322982971772855,0.11322982971772853,0.11322982971772853,0.1132298297177285,0.11322982971772852,0.11322982971772852,0.1132298297177285,0.11322982971772853,0.11322982971772852,0.11322982971772853,0.1132298297177285,0.11322982971772849,0.11322982971772852,0.11322982971772849,0.11322982971772852,0.11322982971772852,0.11322982971772848,0.11322982971772852,0.11322982971772846,0.11322982971772848,0.11322982971772846,0.11322982971772849,0.11322982971772848,0.11322982971772848,0.11322982971772845,0.11322982971772853,0.11322982971772849,0.11322982971772849,0.11322982971772849,0.11322982971772846,0.11322982971772852,0.11322982971772852,0.11322982971772842,0.11322982971772852,0.11322982971772849,0.11322982971772849,0.11322982971772846,0.11322982971772846,0.11322982971772846,0.11322982971772849,0.11322982971772845,0.11322982971772852,0.11322982971772849,0.11322982971772848,0.11322982971772853,0.11322982971772848,0.11322982971772849,0.11322982971772849,0.1132298297177285,0.11322982971772852,0.1132298297177285,0.1132298297177285,0.11322982971772849,0.11322982971772852,0.11322982971772849,0.11322982971772853,0.11322982971772853,0.11322982971772849,0.11322982971772856,0.1132298297177285,0.11322982971772835,0.11322982971772846,0.11322982971772848,0.1132298297177285,0.11322982971772846,0.11322982971772848,0.11322982971772849,0.11322982971772845,0.11322982971772846,0.11322982971772844,0.11322982971772844,0.11322982971772849,0.11322982971772846,0.1132298297177285,0.11322982971772846,0.11322982971772845,0.11322982971772845,0.11322982971772846,0.11322982971772849,0.11322982971772849,0.1132298297177285,0.11322982971772849,0.1132298297177285,0.11322982971772852,0.11322982971772848,0.11322982971772842,0.11322982971772842,0.11322982971772841,0.11322982971772844,0.11322982971772845,0.11322982971772844,0.11322982971772844,0.11322982971772844,0.11322982971772844,0.1132298297177285,0.11322982971772844,0.11322982971772844,0.11322982971772842,0.11322982971772842,0.11322982971772844,0.11322982971772842,0.11322982971772846,0.11322982971772844,0.11322982971772844,0.11322982971772842,0.11322982971772844,0.11322982971772846,0.11322982971772846,0.11322982971772846,0.11322982971772844,0.11322982971772845,0.11322982971772846,0.11322982971772846,0.11322982971772846,0.11322982971772841,0.11322982971772849,0.11322982971772846,0.11322982971772845,0.11322982971772846,0.11322982971772846,0.11322982971772846,0.11322982971772846,0.11322982971772848,0.11322982971772848,0.1132298297177285,0.11322982971772849,0.11322982971772848,0.11322982971772853,0.11322982971772852,0.11322982971772852,0.11322982971772845,0.11322982971772848,0.11322982971772849,0.1132298297177285,0.11322982971772848,0.11322982971772849,0.11322982971772849,0.11322982971772849,0.11322982971772846,0.11322982971772849,0.11322982971772845,0.11322982971772846,0.11322982971772842,0.11322982971772844,0.1132298297177285,0.11322982971772849,0.1132298297177285,0.11322982971772845,0.11322982971772852,0.11322982971772852,0.11322982971772853,0.11322982971772852,0.11322982971772849,0.11322982971772849,0.1132298297177285,0.11322982971772853,0.1132298297177285,0.11322982971772853,0.11322982971772852,0.1132298297177285,0.11322982971772852,0.11322982971772852,0.11322982971772849,0.11322982971772852,0.11322982971772848,0.1132298297177285,0.1132298297177285,0.11322982971772849,0.11322982971772848,0.1132298297177285,0.1132298297177285,0.1132298297177285,0.11322982971772849,0.1132298297177285,0.11322982971772846,0.11322982971772853,0.11322982971772852,0.11322982971772853,0.11322982971772852,0.11322982971772852,0.11322982971772846,0.11322982971772852,0.11322982971772853,0.11322982971772852,0.11322982971772849,0.11322982971772849,0.11322982971772852,0.11322982971772852,0.11322982971772846,0.11322982971772853,0.11322982971772852,0.11322982971772849,0.1132298297177285,0.11322982971772853,0.1132298297177285,0.1132298297177285,0.11322982971772853,0.11322982971772852,0.11322982971772842,0.11322982971772846,0.11322982971772846,0.11322982971772845,0.11322982971772846,0.11322982971772845,0.11322982971772848,0.11322982971772853,0.11322982971772848,0.11322982971772848,0.11322982971772848,0.11322982971772848,0.11322982971772844,0.1132298297177285,0.11322982971772845,0.11322982971772844,0.11322982971772848,0.11322982971772844,0.11322982971772846,0.11322982971772842,0.11322982971772844,0.11322982971772844,0.11322982971772852,0.11322982971772848,0.11322982971772846,0.11322982971772846,0.11322982971772849,0.11322982971772848,0.11322982971772848,0.11322982971772846,0.11322982971772845,0.11322982971772844,0.11322982971772845,0.11322982971772846,0.11322982971772845,0.11322982971772845,0.11322982971772845,0.11322982971772849,0.11322982971772849,0.11322982971772848,0.11322982971772842,0.11322982971772849,0.1132298297177285,0.11322982971772848,0.11322982971772849,0.11322982971772849,0.11322982971772849,0.11322982971772846,0.11322982971772844,0.11322982971772846,0.11322982971772846,0.11322982971772848,0.11322982971772845,0.11322982971772848,0.11322982971772844,0.11322982971772842,0.11322982971772841,0.1132298297177285,0.11322982971772849,0.11322982971772845,0.11322982971772848,0.11322982971772846,0.11322982971772844,0.11322982971772845,0.11322982971772845,0.11322982971772845,0.11322982971772845,0.11322982971772845,0.11322982971772846,0.11322982971772846,0.11322982971772845,0.11322982971772845,0.11322982971772846,0.11322982971772845,0.11322982971772845,0.11322982971772848,0.11322982971772848,0.11322982971772844,0.11322982971772849,0.1132298297177285,0.11322982971772846,0.11322982971772846,0.11322982971772852,0.11322982971772845,0.11322982971772848,0.11322982971772849,0.11322982971772848,0.11322982971772842,0.11322982971772844,0.11322982971772842,0.11322982971772842,0.11322982971772842,0.11322982971772844,0.11322982971772845,0.11322982971772842,0.11322982971772845,0.11322982971772841,0.11322982971772842,0.11322982971772842,0.11322982971772841,0.11322982971772845,0.11322982971772845,0.11322982971772846,0.11322982971772841,0.11322982971772846,0.1132298297177284,0.11322982971772844,0.11322982971772844,0.11322982971772844,0.11322982971772842,0.11322982971772842,0.11322982971772842,0.11322982971772841,0.11322982971772845,0.11322982971772842,0.11322982971772841,0.11322982971772842,0.11322982971772844,0.11322982971772844,0.11322982971772842,0.11322982971772844,0.1132298297177284,0.11322982971772845,0.11322982971772842,0.11322982971772842,0.11322982971772844,0.11322982971772844,0.11322982971772842,0.11322982971772842,0.11322982971772842,0.11322982971772845,0.11322982971772844,0.11322982971772845,0.11322982971772848,0.11322982971772845,0.11322982971772842,0.11322982971772841,0.11322982971772842,0.11322982971772844,0.11322982971772842,0.11322982971772842,0.11322982971772844,0.11322982971772842,0.11322982971772838,0.11322982971772845,0.11322982971772845,0.11322982971772842,0.11322982971772848,0.11322982971772842,0.11322982971772842,0.11322982971772845,0.11322982971772846,0.11322982971772846,0.11322982971772845,0.11322982971772848,0.11322982971772842,0.11322982971772844,0.11322982971772844,0.11322982971772842,0.11322982971772844,0.11322982971772845,0.11322982971772844,0.11322982971772844,0.11322982971772852,0.11322982971772849,0.11322982971772844,0.11322982971772844,0.11322982971772842,0.11322982971772842,0.11322982971772842,0.11322982971772844,0.11322982971772844,0.11322982971772845,0.11322982971772846,0.11322982971772845,0.11322982971772845,0.11322982971772849,0.11322982971772846,0.11322982971772845,0.11322982971772845,0.11322982971772846,0.11322982971772846,0.11322982971772848,0.11322982971772845,0.11322982971772846,0.11322982971772844,0.11322982971772846,0.11322982971772844,0.11322982971772846,0.1132298297177285,0.11322982971772842,0.11322982971772845,0.11322982971772842,0.11322982971772844,0.11322982971772842,0.11322982971772844,0.11322982971772844,0.11322982971772844,0.11322982971772842,0.11322982971772844,0.11322982971772845,0.11322982971772845,0.11322982971772844,0.11322982971772844,0.11322982971772842,0.11322982971772844,0.11322982971772842,0.11322982971772842,0.11322982971772844,0.11322982971772844,0.11322982971772844,0.11322982971772842,0.11322982971772845,0.11322982971772844,0.11322982971772848,0.11322982971772846,0.11322982971772845,0.11322982971772845,0.11322982971772846,0.11322982971772848,0.11322982971772846,0.11322982971772845,0.11322982971772846,0.11322982971772846,0.11322982971772849,0.11322982971772845,0.11322982971772849,0.11322982971772853,0.11322982971772841,0.11322982971772852,0.11322982971772848,0.11322982971772849,0.11322982971772855,0.11322982971772848,0.11322982971772849,0.11322982971772849,0.11322982971772853,0.11322982971772852,0.11322982971772849,0.1132298297177285,0.11322982971772852,0.11322982971772853,0.1132298297177285,0.11322982971772855,0.11322982971772849,0.11322982971772853,0.11322982971772849,0.11322982971772849,0.1132298297177285,0.1132298297177285,0.11322982971772849,0.1132298297177285,0.1132298297177285,0.11322982971772852,0.1132298297177285,0.11322982971772852,0.11322982971772853,0.11322982971772849,0.11322982971772852,0.11322982971772853,0.11322982971772852,0.11322982971772852,0.11322982971772853,0.11322982971772852,0.1132298297177285,0.11322982971772849,0.11322982971772852,0.1132298297177285,0.11322982971772849,0.11322982971772852,0.11322982971772853,0.11322982971772855,0.11322982971772853,0.11322982971772849,0.1132298297177285,0.11322982971772852,0.11322982971772846,0.11322982971772852,0.11322982971772849,0.11322982971772853,0.11322982971772849,0.11322982971772849,0.11322982971772855,0.11322982971772853,0.1132298297177285,0.11322982971772852,0.11322982971772852,0.11322982971772849,0.11322982971772846,0.1132298297177285,0.11322982971772849,0.11322982971772852,0.1132298297177285,0.11322982971772848,0.11322982971772852,0.11322982971772853,0.1132298297177285,0.11322982971772848,0.1132298297177285,0.11322982971772853,0.1132298297177285,0.11322982971772852,0.11322982971772853,0.11322982971772844,0.11322982971772853,0.11322982971772848,0.1132298297177285,0.1132298297177285,0.11322982971772849,0.11322982971772842,0.11322982971772852,0.11322982971772842,0.11322982971772848,0.11322982971772844,0.11322982971772846,0.11322982971772844,0.11322982971772849,0.11322982971772848,0.11322982971772842,0.11322982971772844,0.11322982971772842,0.11322982971772844,0.11322982971772844,0.11322982971772844,0.11322982971772844,0.11322982971772844,0.11322982971772844,0.11322982971772842,0.11322982971772844,0.11322982971772849,0.11322982971772845,0.11322982971772842,0.11322982971772844,0.11322982971772844,0.11322982971772846,0.11322982971772845,0.11322982971772844,0.1132298297177284,0.11322982971772844,0.11322982971772846,0.11322982971772846,0.11322982971772846,0.11322982971772845,0.11322982971772845,0.11322982971772845,0.11322982971772849,0.11322982971772846,0.11322982971772848,0.11322982971772848,0.11322982971772846,0.11322982971772846,0.11322982971772844,0.11322982971772844,0.11322982971772844,0.11322982971772842,0.11322982971772842,0.11322982971772842,0.11322982971772842,0.11322982971772842,0.11322982971772844,0.11322982971772844,0.11322982971772844,0.11322982971772842,0.11322982971772844,0.11322982971772842,0.11322982971772842,0.11322982971772844,0.11322982971772842,0.11322982971772842,0.11322982971772844,0.11322982971772846,0.11322982971772844,0.11322982971772841,0.11322982971772846,0.11322982971772846,0.11322982971772841,0.11322982971772844,0.11322982971772845,0.11322982971772846,0.11322982971772842,0.11322982971772845,0.11322982971772842,0.1132298297177284,0.11322982971772842,0.11322982971772848,0.11322982971772842,0.11322982971772848,0.11322982971772844,0.11322982971772844,0.11322982971772844,0.11322982971772844,0.11322982971772842,0.11322982971772842,0.11322982971772842,0.11322982971772842,0.11322982971772842,0.11322982971772844,0.11322982971772844,0.11322982971772842,0.11322982971772842,0.11322982971772845,0.11322982971772845,0.11322982971772846,0.11322982971772848,0.11322982971772845,0.11322982971772845,0.11322982971772846,0.11322982971772846,0.11322982971772846,0.11322982971772848,0.11322982971772842,0.11322982971772845,0.11322982971772846,0.11322982971772846,0.11322982971772844,0.11322982971772849,0.11322982971772848,0.11322982971772844,0.11322982971772844,0.11322982971772844,0.11322982971772848,0.11322982971772844,0.11322982971772844,0.11322982971772845,0.11322982971772844,0.11322982971772844,0.11322982971772842,0.11322982971772842,0.11322982971772844,0.11322982971772845,0.11322982971772842,0.11322982971772842,0.11322982971772844,0.11322982971772842,0.11322982971772844,0.11322982971772844,0.11322982971772845,0.11322982971772841,0.11322982971772844,0.11322982971772845,0.11322982971772844,0.11322982971772846,0.11322982971772845,0.11322982971772845,0.11322982971772845,0.11322982971772848,0.11322982971772846,0.11322982971772846,0.11322982971772845,0.11322982971772844,0.11322982971772846,0.11322982971772846,0.11322982971772846,0.11322982971772845,0.11322982971772845,0.11322982971772846,0.11322982971772846,0.11322982971772853,0.11322982971772845,0.11322982971772846,0.11322982971772846,0.11322982971772846,0.11322982971772849,0.11322982971772845,0.11322982971772848,0.11322982971772845,0.11322982971772849,0.11322982971772844,0.11322982971772849,0.11322982971772848,0.11322982971772849,0.11322982971772844,0.11322982971772848,0.11322982971772842,0.11322982971772842,0.11322982971772844,0.11322982971772844,0.11322982971772844,0.11322982971772845,0.11322982971772846,0.11322982971772846,0.11322982971772845,0.11322982971772845,0.11322982971772846,0.11322982971772846,0.11322982971772849,0.11322982971772848,0.11322982971772846,0.11322982971772848,0.11322982971772844,0.11322982971772849,0.11322982971772845,0.11322982971772846,0.11322982971772845,0.11322982971772845,0.11322982971772845,0.11322982971772845,0.11322982971772848,0.11322982971772848,0.11322982971772849,0.11322982971772849,0.11322982971772849,0.11322982971772849,0.11322982971772848,0.11322982971772848,0.11322982971772848,0.11322982971772846,0.11322982971772845,0.11322982971772852,0.11322982971772849,0.11322982971772852,0.11322982971772844,0.11322982971772849,0.11322982971772848,0.11322982971772846,0.11322982971772848,0.11322982971772849,0.11322982971772845,0.11322982971772848,0.11322982971772846,0.11322982971772848,0.1132298297177285,0.11322982971772849,0.1132298297177285,0.11322982971772848,0.1132298297177285,0.11322982971772848,0.11322982971772848,0.11322982971772849,0.11322982971772849,0.1132298297177285,0.11322982971772848,0.11322982971772848,0.11322982971772848,0.11322982971772849,0.1132298297177285,0.11322982971772848,0.11322982971772848,0.11322982971772852,0.1132298297177285,0.11322982971772848,0.11322982971772846,0.11322982971772849,0.11322982971772849,0.11322982971772846,0.11322982971772849,0.11322982971772848,0.11322982971772849,0.11322982971772853,0.1132298297177285,0.11322982971772848,0.11322982971772848,0.11322982971772848,0.11322982971772846,0.11322982971772846,0.11322982971772848,0.11322982971772846,0.11322982971772846,0.11322982971772849,0.11322982971772849,0.11322982971772848,0.11322982971772845,0.11322982971772848,0.11322982971772849,0.11322982971772848,0.11322982971772848,0.11322982971772849,0.11322982971772845,0.11322982971772844,0.11322982971772844,0.11322982971772844,0.11322982971772853,0.11322982971772849,0.11322982971772842,0.11322982971772852,0.11322982971772842,0.11322982971772844,0.11322982971772844,0.11322982971772842,0.11322982971772844,0.11322982971772842,0.11322982971772842,0.11322982971772846,0.11322982971772846,0.11322982971772846,0.11322982971772848,0.11322982971772845,0.11322982971772845,0.11322982971772845,0.11322982971772845,0.11322982971772846,0.11322982971772844,0.11322982971772846,0.11322982971772849,0.11322982971772845,0.11322982971772845,0.11322982971772844,0.11322982971772846,0.11322982971772845,0.11322982971772846,0.11322982971772848,0.11322982971772848,0.11322982971772848,0.11322982971772842,0.11322982971772842,0.11322982971772844,0.11322982971772844,0.11322982971772844,0.11322982971772845,0.11322982971772842,0.11322982971772845,0.11322982971772846,0.11322982971772845,0.11322982971772842,0.11322982971772844,0.11322982971772846,0.11322982971772849,0.11322982971772844,0.11322982971772844,0.11322982971772845,0.11322982971772846,0.11322982971772846,0.11322982971772845,0.11322982971772846,0.11322982971772845,0.11322982971772842,0.11322982971772842,0.11322982971772844,0.11322982971772846,0.11322982971772848,0.11322982971772845,0.11322982971772848,0.11322982971772846,0.11322982971772845,0.11322982971772846,0.11322982971772844,0.11322982971772846,0.11322982971772845,0.11322982971772845,0.11322982971772846,0.1132298297177285,0.11322982971772842,0.11322982971772844,0.11322982971772846,0.11322982971772846,0.11322982971772845,0.11322982971772845,0.11322982971772841,0.11322982971772844,0.11322982971772846,0.11322982971772846,0.11322982971772848,0.11322982971772844,0.11322982971772844,0.11322982971772845,0.11322982971772846,0.11322982971772846,0.11322982971772845,0.11322982971772845,0.11322982971772845,0.11322982971772846,0.11322982971772848,0.11322982971772845,0.11322982971772845,0.11322982971772844,0.11322982971772846,0.11322982971772849,0.11322982971772844,0.11322982971772844,0.11322982971772849,0.11322982971772846,0.11322982971772846,0.11322982971772846,0.11322982971772848,0.11322982971772846,0.11322982971772846,0.11322982971772845,0.11322982971772849,0.11322982971772845,0.11322982971772845,0.11322982971772848,0.11322982971772845,0.11322982971772848,0.11322982971772844,0.11322982971772844,0.11322982971772845,0.11322982971772844,0.11322982971772844,0.11322982971772844,0.11322982971772842,0.1132298297177284,0.11322982971772846,0.11322982971772844,0.11322982971772846,0.11322982971772846,0.11322982971772845,0.11322982971772846,0.11322982971772844,0.11322982971772845,0.11322982971772844,0.11322982971772844,0.11322982971772844,0.11322982971772844,0.11322982971772845,0.11322982971772842,0.11322982971772844,0.11322982971772842,0.11322982971772845,0.11322982971772845,0.11322982971772844,0.11322982971772842,0.11322982971772842,0.11322982971772844,0.11322982971772841,0.11322982971772844,0.11322982971772844,0.11322982971772844,0.11322982971772844,0.11322982971772844,0.11322982971772842,0.11322982971772844,0.11322982971772842,0.11322982971772844,0.11322982971772844,0.11322982971772848,0.11322982971772845,0.11322982971772845,0.11322982971772845,0.11322982971772846,0.11322982971772845,0.11322982971772845,0.11322982971772845,0.11322982971772849,0.11322982971772844,0.11322982971772844,0.11322982971772842,0.11322982971772842,0.11322982971772844,0.11322982971772841,0.11322982971772842,0.11322982971772844,0.11322982971772845,0.11322982971772846,0.11322982971772845,0.11322982971772845,0.11322982971772844,0.11322982971772848,0.11322982971772846,0.11322982971772846,0.11322982971772848,0.11322982971772844,0.11322982971772842,0.11322982971772845,0.11322982971772844,0.11322982971772842,0.11322982971772844,0.11322982971772842,0.11322982971772842,0.11322982971772845,0.11322982971772842,0.11322982971772842,0.11322982971772844,0.11322982971772842,0.11322982971772844,0.11322982971772842,0.11322982971772849,0.11322982971772844,0.11322982971772844,0.11322982971772842,0.11322982971772844,0.11322982971772844,0.11322982971772844,0.11322982971772842,0.11322982971772841,0.11322982971772848,0.11322982971772846,0.11322982971772848,0.11322982971772844,0.11322982971772845,0.11322982971772845,0.11322982971772844,0.11322982971772844,0.11322982971772842,0.11322982971772844,0.11322982971772844,0.1132298297177284,0.11322982971772841,0.11322982971772844,0.11322982971772838,0.1132298297177284,0.11322982971772842,0.11322982971772842,0.11322982971772841,0.11322982971772855,0.11322982971772845,0.11322982971772848,0.11322982971772846,0.11322982971772845,0.11322982971772845,0.11322982971772844,0.11322982971772845,0.11322982971772846,0.11322982971772845,0.11322982971772845,0.11322982971772845,0.11322982971772845,0.11322982971772846,0.11322982971772845,0.11322982971772844,0.11322982971772845,0.11322982971772845,0.11322982971772845,0.11322982971772846,0.11322982971772845,0.11322982971772845,0.11322982971772846,0.11322982971772846,0.11322982971772848,0.11322982971772842,0.11322982971772845,0.11322982971772848,0.11322982971772853,0.1132298297177285,0.11322982971772844,0.11322982971772844,0.11322982971772844,0.11322982971772844,0.11322982971772842,0.11322982971772844,0.11322982971772844,0.11322982971772849,0.11322982971772845,0.11322982971772848,0.11322982971772848,0.11322982971772848,0.11322982971772844,0.11322982971772846,0.11322982971772844,0.11322982971772844,0.11322982971772842,0.11322982971772844,0.11322982971772846,0.11322982971772846,0.11322982971772849,0.11322982971772849,0.11322982971772848,0.11322982971772844,0.11322982971772845,0.11322982971772845,0.11322982971772845,0.11322982971772849,0.11322982971772842,0.11322982971772844,0.11322982971772842,0.11322982971772845,0.11322982971772848,0.11322982971772844,0.11322982971772849,0.11322982971772844,0.11322982971772842,0.11322982971772844,0.11322982971772846,0.11322982971772842,0.11322982971772845,0.11322982971772845,0.11322982971772846,0.11322982971772846,0.11322982971772845,0.11322982971772845,0.11322982971772846,0.11322982971772848,0.11322982971772844,0.11322982971772844,0.11322982971772844,0.1132298297177285,0.11322982971772845,0.11322982971772842,0.11322982971772849,0.11322982971772844,0.11322982971772852,0.11322982971772848,0.11322982971772848,0.11322982971772845,0.11322982971772845,0.11322982971772846,0.11322982971772852,0.11322982971772846,0.11322982971772846,0.11322982971772844,0.11322982971772845,0.11322982971772844,0.11322982971772844,0.11322982971772844,0.11322982971772844,0.11322982971772844,0.11322982971772844,0.11322982971772845,0.11322982971772844,0.11322982971772846,0.11322982971772845,0.11322982971772846,0.11322982971772846,0.11322982971772845,0.11322982971772844,0.11322982971772849,0.11322982971772844,0.11322982971772846,0.11322982971772845,0.11322982971772846,0.11322982971772852,0.11322982971772845,0.11322982971772845,0.11322982971772846,0.11322982971772848,0.11322982971772848,0.11322982971772848,0.11322982971772844,0.11322982971772845,0.11322982971772846,0.1132298297177285,0.11322982971772844,0.1132298297177285,0.11322982971772849,0.1132298297177285,0.11322982971772849,0.11322982971772848,0.1132298297177285,0.11322982971772848,0.11322982971772852,0.11322982971772848,0.11322982971772844,0.11322982971772852,0.11322982971772853,0.11322982971772853,0.11322982971772844,0.11322982971772842,0.11322982971772845,0.11322982971772848,0.11322982971772845,0.11322982971772845,0.11322982971772846,0.11322982971772845,0.11322982971772845,0.11322982971772846,0.11322982971772848,0.11322982971772846,0.11322982971772846,0.11322982971772846,0.11322982971772846,0.11322982971772846,0.11322982971772845,0.11322982971772842,0.11322982971772844,0.11322982971772844,0.11322982971772842,0.11322982971772849,0.11322982971772849,0.11322982971772845,0.11322982971772846,0.11322982971772846,0.11322982971772844,0.11322982971772841,0.11322982971772844,0.11322982971772842,0.11322982971772842,0.11322982971772844,0.11322982971772845,0.11322982971772842,0.11322982971772844,0.11322982971772844,0.11322982971772844,0.11322982971772845,0.11322982971772844,0.11322982971772842,0.11322982971772842,0.11322982971772844,0.11322982971772844,0.11322982971772844,0.11322982971772841,0.11322982971772844,0.11322982971772844,0.11322982971772841,0.11322982971772841,0.11322982971772844,0.11322982971772844,0.11322982971772842,0.11322982971772842,0.11322982971772845,0.11322982971772844,0.11322982971772842,0.11322982971772845,0.11322982971772846,0.11322982971772846,0.11322982971772845,0.11322982971772846,0.11322982971772845,0.11322982971772846,0.11322982971772846,0.11322982971772845,0.11322982971772844,0.11322982971772848,0.11322982971772848,0.11322982971772846,0.11322982971772849,0.11322982971772845,0.11322982971772845,0.11322982971772848,0.11322982971772846,0.11322982971772844,0.11322982971772842,0.1132298297177285,0.11322982971772849,0.11322982971772844,0.1132298297177285,0.11322982971772849,0.1132298297177285,0.11322982971772848,0.11322982971772849,0.11322982971772846,0.11322982971772855,0.11322982971772849,0.1132298297177285,0.11322982971772848,0.11322982971772849,0.1132298297177285,0.11322982971772852,0.11322982971772849,0.11322982971772849,0.1132298297177285,0.1132298297177285,0.11322982971772852,0.1132298297177285,0.11322982971772846,0.11322982971772846,0.11322982971772852,0.11322982971772837,0.11322982971772845,0.11322982971772846,0.11322982971772844,0.1132298297177284,0.11322982971772842,0.11322982971772841,0.11322982971772845,0.11322982971772844,0.11322982971772849,0.11322982971772845,0.11322982971772844,0.11322982971772845,0.11322982971772844,0.11322982971772845,0.11322982971772846,0.11322982971772846,0.11322982971772852,0.11322982971772845,0.11322982971772846,0.11322982971772845,0.11322982971772846,0.11322982971772845,0.11322982971772846,0.11322982971772849,0.11322982971772846,0.11322982971772846,0.11322982971772846,0.11322982971772848,0.11322982971772853,0.11322982971772849,0.11322982971772848,0.11322982971772848,0.11322982971772845,0.11322982971772844,0.11322982971772842,0.11322982971772842,0.11322982971772842,0.11322982971772845,0.11322982971772844,0.11322982971772842,0.11322982971772845,0.11322982971772845,0.11322982971772844,0.11322982971772844,0.11322982971772842,0.11322982971772841,0.11322982971772842,0.11322982971772844,0.11322982971772844,0.11322982971772844,0.11322982971772842,0.1132298297177284,0.11322982971772846,0.11322982971772841,0.11322982971772841,0.11322982971772844,0.11322982971772844,0.1132298297177284,0.11322982971772842,0.11322982971772844,0.11322982971772845,0.11322982971772841,0.11322982971772842,0.11322982971772842,0.11322982971772844,0.11322982971772844,0.11322982971772844,0.11322982971772844,0.11322982971772852,0.11322982971772845,0.11322982971772845,0.11322982971772844,0.11322982971772842,0.11322982971772844,0.11322982971772844,0.11322982971772844,0.11322982971772844,0.11322982971772844,0.11322982971772846,0.11322982971772846,0.11322982971772841,0.11322982971772841,0.11322982971772844,0.11322982971772844,0.11322982971772846,0.11322982971772838,0.11322982971772838,0.11322982971772841,0.11322982971772842,0.11322982971772844,0.11322982971772845,0.11322982971772837,0.11322982971772837,0.11322982971772842,0.11322982971772842,0.11322982971772837,0.11322982971772842,0.11322982971772842,0.11322982971772844,0.11322982971772838,0.11322982971772842,0.11322982971772841,0.11322982971772834,0.11322982971772841,0.11322982971772837,0.11322982971772837,0.11322982971772837,0.11322982971772841,0.11322982971772838,0.11322982971772842,0.11322982971772845,0.11322982971772838,0.1132298297177284,0.11322982971772845,0.11322982971772838,0.11322982971772845,0.11322982971772845,0.11322982971772842,0.11322982971772842,0.11322982971772841,0.1132298297177284,0.11322982971772838,0.11322982971772837,0.11322982971772844,0.11322982971772841,0.11322982971772842,0.11322982971772841,0.1132298297177284,0.11322982971772844,0.11322982971772844,0.11322982971772844,0.11322982971772841,0.11322982971772848,0.11322982971772842,0.11322982971772841,0.11322982971772842,0.11322982971772844,0.11322982971772842,0.11322982971772844,0.11322982971772844,0.11322982971772844,0.11322982971772842,0.11322982971772844,0.11322982971772844,0.11322982971772842,0.1132298297177284,0.11322982971772841,0.11322982971772844,0.11322982971772842,0.11322982971772842,0.11322982971772841,0.11322982971772842,0.11322982971772844,0.11322982971772838,0.11322982971772842,0.1132298297177284,0.1132298297177284,0.1132298297177284,0.11322982971772842,0.11322982971772838,0.1132298297177284,0.11322982971772835,0.11322982971772841,0.11322982971772842,0.11322982971772838,0.11322982971772837,0.1132298297177284,0.11322982971772838,0.1132298297177284,0.11322982971772841,0.11322982971772834,0.11322982971772844,0.11322982971772834,0.11322982971772841,0.11322982971772838,0.11322982971772841,0.1132298297177284,0.11322982971772841,0.1132298297177284,0.11322982971772841,0.11322982971772841,0.11322982971772838,0.11322982971772837,0.11322982971772842,0.11322982971772838,0.11322982971772844,0.11322982971772841,0.1132298297177284,0.11322982971772841,0.1132298297177284,0.11322982971772841,0.11322982971772844,0.1132298297177284,0.1132298297177284,0.11322982971772841,0.1132298297177284,0.1132298297177284,0.11322982971772844,0.11322982971772841,0.11322982971772841,0.1132298297177284,0.11322982971772842,0.11322982971772834,0.11322982971772841,0.11322982971772845,0.11322982971772842,0.11322982971772844,0.11322982971772844,0.11322982971772842,0.11322982971772842,0.11322982971772844,0.11322982971772844,0.11322982971772842,0.11322982971772842,0.11322982971772841,0.11322982971772844,0.1132298297177284,0.1132298297177284,0.1132298297177284,0.11322982971772845,0.11322982971772841,0.11322982971772842,0.11322982971772841,0.11322982971772841,0.11322982971772842,0.11322982971772841,0.11322982971772842,0.11322982971772842,0.11322982971772844,0.11322982971772844,0.11322982971772846,0.11322982971772844,0.11322982971772844,0.11322982971772846,0.11322982971772842,0.11322982971772846,0.11322982971772841,0.1132298297177284,0.11322982971772842,0.11322982971772844,0.11322982971772845,0.11322982971772842,0.11322982971772842,0.11322982971772842,0.11322982971772842,0.11322982971772842,0.11322982971772844,0.11322982971772841,0.11322982971772844,0.11322982971772844,0.11322982971772844,0.11322982971772846,0.11322982971772845,0.11322982971772845,0.11322982971772846,0.11322982971772845,0.11322982971772845,0.11322982971772845,0.11322982971772846,0.1132298297177284,0.11322982971772848,0.11322982971772845,0.11322982971772842,0.11322982971772844,0.11322982971772842,0.11322982971772844,0.11322982971772845,0.11322982971772842,0.11322982971772842,0.11322982971772842,0.11322982971772842,0.11322982971772842,0.11322982971772846,0.11322982971772845,0.11322982971772841,0.11322982971772845,0.11322982971772845,0.11322982971772844,0.11322982971772844,0.11322982971772845,0.11322982971772842,0.11322982971772838,0.11322982971772841,0.11322982971772842,0.11322982971772844,0.11322982971772844,0.11322982971772838,0.11322982971772841,0.11322982971772844,0.11322982971772844,0.11322982971772845,0.11322982971772846,0.11322982971772845,0.11322982971772846,0.1132298297177284,0.11322982971772844,0.11322982971772841,0.11322982971772848,0.11322982971772844,0.11322982971772841,0.11322982971772842,0.11322982971772844,0.11322982971772842,0.11322982971772844,0.11322982971772845,0.11322982971772842,0.11322982971772844,0.11322982971772846,0.11322982971772846,0.11322982971772844,0.11322982971772844,0.11322982971772845,0.11322982971772848,0.11322982971772846,0.11322982971772846,0.11322982971772849,0.11322982971772844,0.11322982971772845,0.11322982971772846,0.11322982971772846,0.11322982971772845,0.11322982971772845,0.11322982971772846,0.11322982971772848,0.11322982971772848,0.11322982971772848,0.11322982971772849,0.11322982971772846,0.11322982971772846,0.11322982971772845,0.11322982971772846,0.11322982971772844,0.11322982971772844,0.11322982971772844,0.11322982971772842,0.11322982971772844,0.11322982971772844,0.11322982971772842,0.11322982971772844,0.11322982971772844,0.11322982971772844,0.11322982971772842,0.11322982971772841,0.11322982971772841,0.11322982971772844,0.11322982971772844,0.11322982971772844,0.11322982971772844,0.11322982971772844,0.11322982971772841,0.11322982971772842,0.11322982971772845,0.11322982971772842,0.11322982971772844,0.11322982971772842,0.11322982971772844,0.11322982971772844,0.11322982971772842,0.11322982971772844,0.11322982971772842,0.11322982971772844,0.11322982971772842,0.11322982971772842,0.11322982971772844,0.11322982971772846,0.11322982971772846,0.1132298297177284,0.11322982971772844,0.11322982971772844,0.11322982971772845,0.1132298297177284,0.11322982971772844,0.11322982971772844,0.11322982971772844,0.11322982971772842,0.11322982971772842,0.11322982971772842,0.11322982971772842,0.11322982971772842,0.1132298297177284,0.11322982971772846,0.11322982971772837,0.11322982971772846,0.11322982971772844,0.11322982971772842,0.11322982971772844,0.11322982971772841,0.11322982971772844,0.11322982971772844,0.11322982971772842,0.11322982971772844,0.11322982971772845,0.11322982971772845,0.11322982971772845,0.11322982971772842,0.11322982971772856,0.11322982971772846,0.11322982971772845,0.11322982971772844,0.1132298297177285,0.11322982971772845,0.11322982971772846,0.11322982971772849,0.11322982971772849,0.11322982971772848,0.11322982971772844,0.11322982971772849,0.11322982971772848,0.11322982971772849,0.11322982971772844,0.11322982971772849,0.11322982971772848,0.11322982971772848,0.11322982971772853,0.11322982971772852,0.11322982971772853,0.1132298297177285,0.11322982971772853,0.11322982971772852,0.11322982971772849,0.11322982971772853,0.1132298297177285,0.11322982971772852,0.1132298297177285,0.1132298297177285,0.11322982971772852,0.11322982971772853,0.11322982971772849,0.11322982971772855,0.1132298297177285,0.11322982971772855,0.11322982971772845,0.11322982971772852,0.11322982971772853,0.1132298297177285,0.11322982971772853,0.11322982971772852,0.11322982971772852,0.11322982971772852,0.11322982971772853,0.11322982971772849,0.11322982971772855,0.11322982971772853,0.11322982971772852,0.1132298297177285,0.11322982971772855,0.11322982971772853,0.11322982971772852,0.11322982971772846,0.11322982971772852,0.1132298297177285,0.11322982971772853,0.11322982971772852,0.1132298297177285,0.11322982971772853,0.11322982971772853,0.11322982971772852,0.11322982971772852,0.11322982971772853,0.11322982971772852,0.11322982971772853,0.11322982971772853,0.11322982971772855,0.11322982971772846,0.11322982971772852,0.1132298297177285,0.11322982971772852,0.1132298297177285,0.11322982971772852,0.11322982971772849,0.11322982971772852,0.11322982971772852,0.11322982971772855,0.11322982971772849,0.11322982971772848,0.1132298297177285,0.1132298297177285,0.11322982971772845,0.11322982971772852,0.11322982971772849,0.1132298297177285,0.11322982971772848,0.1132298297177285,0.11322982971772852,0.1132298297177285,0.11322982971772849,0.1132298297177285,0.11322982971772848,0.1132298297177285,0.11322982971772849,0.11322982971772849,0.11322982971772846,0.11322982971772849,0.1132298297177285,0.11322982971772844,0.1132298297177285,0.11322982971772852,0.11322982971772846,0.11322982971772848,0.11322982971772849,0.11322982971772844,0.11322982971772852,0.11322982971772852,0.11322982971772852,0.1132298297177285,0.11322982971772846,0.11322982971772852,0.11322982971772845,0.11322982971772848,0.1132298297177285,0.11322982971772848,0.11322982971772849,0.11322982971772852,0.11322982971772852,0.11322982971772852,0.11322982971772849,0.11322982971772849,0.11322982971772849,0.11322982971772849,0.11322982971772849,0.1132298297177285,0.11322982971772849,0.1132298297177285,0.11322982971772844,0.11322982971772848,0.11322982971772848,0.11322982971772844,0.11322982971772842,0.11322982971772852,0.11322982971772841,0.1132298297177285,0.11322982971772845,0.11322982971772845,0.11322982971772849,0.11322982971772844,0.11322982971772844,0.1132298297177285,0.11322982971772848,0.11322982971772846,0.11322982971772846,0.11322982971772845,0.11322982971772845,0.11322982971772846,0.11322982971772846,0.11322982971772848,0.11322982971772849,0.11322982971772852,0.11322982971772844,0.11322982971772842,0.11322982971772844,0.11322982971772842,0.11322982971772844,0.11322982971772844,0.11322982971772844,0.11322982971772842,0.11322982971772842,0.11322982971772845,0.11322982971772842,0.11322982971772842,0.11322982971772845,0.1132298297177285,0.11322982971772846,0.11322982971772845,0.11322982971772848,0.11322982971772848,0.11322982971772842,0.11322982971772842,0.11322982971772844,0.11322982971772845,0.11322982971772845,0.11322982971772842,0.11322982971772842,0.11322982971772842,0.11322982971772841,0.11322982971772844,0.11322982971772844,0.11322982971772844,0.11322982971772845,0.1132298297177284,0.11322982971772841,0.11322982971772841,0.11322982971772846,0.11322982971772842,0.11322982971772845,0.11322982971772844,0.11322982971772838,0.11322982971772842,0.11322982971772844,0.1132298297177284,0.11322982971772838,0.11322982971772844,0.11322982971772842,0.11322982971772842,0.11322982971772844,0.11322982971772844,0.11322982971772844,0.11322982971772845,0.11322982971772844,0.11322982971772842,0.11322982971772842,0.11322982971772842,0.11322982971772844,0.11322982971772842,0.11322982971772842,0.11322982971772844,0.11322982971772848,0.11322982971772841,0.11322982971772841,0.11322982971772841,0.11322982971772841,0.11322982971772842,0.11322982971772845,0.11322982971772835,0.11322982971772841,0.11322982971772835,0.11322982971772838,0.11322982971772837,0.11322982971772844,0.1132298297177284,0.11322982971772838,0.11322982971772837,0.11322982971772844,0.1132298297177284,0.11322982971772835,0.1132298297177284,0.11322982971772837,0.11322982971772842,0.11322982971772841,0.1132298297177284,0.1132298297177284,0.11322982971772838,0.11322982971772846,0.11322982971772841,0.11322982971772838,0.11322982971772841,0.11322982971772841,0.1132298297177284,0.11322982971772842,0.11322982971772842,0.1132298297177284,0.11322982971772842,0.11322982971772842,0.11322982971772842,0.11322982971772838,0.11322982971772846,0.11322982971772846,0.11322982971772841,0.11322982971772841,0.11322982971772844,0.11322982971772842,0.1132298297177284,0.11322982971772841,0.11322982971772844,0.11322982971772842,0.11322982971772844,0.11322982971772841,0.11322982971772842,0.11322982971772845,0.11322982971772842,0.11322982971772841,0.11322982971772844,0.11322982971772842,0.11322982971772842,0.11322982971772842,0.11322982971772844,0.11322982971772844,0.11322982971772844,0.11322982971772842,0.11322982971772844,0.11322982971772844,0.11322982971772841,0.11322982971772844,0.11322982971772844,0.11322982971772842,0.11322982971772841,0.11322982971772844,0.11322982971772841,0.11322982971772845,0.11322982971772846,0.11322982971772846,0.11322982971772841,0.11322982971772844,0.11322982971772844,0.11322982971772842,0.11322982971772842,0.11322982971772845,0.11322982971772845,0.11322982971772846,0.1132298297177284,0.11322982971772846,0.11322982971772846,0.1132298297177284,0.11322982971772844,0.11322982971772846,0.1132298297177284,0.1132298297177285,0.11322982971772842,0.11322982971772842,0.11322982971772849,0.11322982971772844,0.11322982971772842,0.11322982971772844,0.11322982971772844,0.11322982971772842,0.11322982971772844,0.11322982971772844,0.11322982971772845,0.11322982971772848,0.11322982971772844,0.11322982971772844,0.11322982971772842,0.11322982971772844,0.11322982971772842,0.11322982971772845,0.11322982971772844,0.11322982971772845,0.11322982971772844,0.11322982971772846,0.11322982971772846,0.11322982971772845,0.11322982971772845,0.11322982971772845,0.11322982971772846,0.11322982971772845,0.11322982971772845,0.11322982971772845,0.11322982971772846,0.11322982971772852,0.11322982971772842,0.11322982971772842,0.11322982971772845,0.11322982971772842,0.11322982971772844,0.11322982971772842,0.11322982971772845,0.11322982971772842,0.11322982971772844,0.11322982971772845,0.11322982971772842,0.11322982971772842,0.11322982971772844,0.11322982971772844,0.1132298297177284,0.11322982971772845,0.11322982971772844,0.11322982971772841,0.11322982971772844,0.11322982971772842,0.11322982971772844,0.11322982971772844,0.11322982971772844,0.11322982971772845,0.11322982971772845,0.11322982971772846,0.11322982971772841,0.11322982971772845,0.11322982971772842,0.11322982971772844,0.1132298297177284,0.11322982971772844,0.11322982971772841,0.11322982971772844,0.11322982971772842,0.11322982971772842,0.11322982971772842,0.11322982971772844,0.11322982971772845,0.11322982971772844,0.11322982971772848,0.11322982971772841,0.11322982971772844,0.11322982971772842,0.11322982971772844,0.11322982971772842,0.1132298297177284,0.1132298297177284,0.11322982971772842,0.11322982971772842,0.1132298297177284,0.11322982971772844,0.11322982971772844,0.11322982971772841,0.11322982971772845,0.11322982971772845,0.11322982971772844,0.11322982971772841,0.11322982971772842,0.11322982971772841,0.11322982971772845,0.11322982971772841,0.11322982971772841,0.11322982971772842,0.11322982971772845,0.11322982971772844,0.11322982971772845,0.11322982971772845,0.11322982971772846,0.11322982971772841,0.11322982971772844,0.11322982971772844,0.11322982971772844,0.11322982971772841,0.11322982971772844,0.11322982971772844,0.11322982971772842,0.11322982971772845,0.11322982971772844,0.11322982971772842,0.11322982971772842,0.11322982971772844,0.11322982971772842,0.11322982971772842,0.11322982971772842,0.11322982971772841,0.11322982971772842,0.11322982971772844,0.11322982971772841,0.11322982971772842,0.11322982971772844,0.1132298297177284,0.11322982971772845,0.1132298297177285,0.11322982971772845,0.11322982971772846,0.11322982971772845,0.11322982971772846,0.11322982971772846,0.11322982971772846,0.11322982971772844,0.11322982971772845,0.11322982971772849,0.11322982971772845,0.11322982971772846,0.11322982971772846,0.1132298297177284,0.11322982971772845,0.11322982971772845,0.11322982971772844,0.11322982971772844,0.11322982971772844,0.11322982971772846,0.11322982971772846,0.11322982971772846,0.11322982971772845,0.11322982971772845,0.11322982971772844,0.11322982971772844,0.11322982971772844,0.11322982971772844,0.11322982971772849,0.11322982971772846,0.11322982971772842,0.11322982971772845,0.11322982971772846,0.11322982971772845,0.11322982971772845,0.11322982971772848,0.11322982971772848,0.11322982971772841,0.11322982971772841,0.11322982971772844,0.11322982971772842,0.11322982971772844,0.11322982971772845,0.11322982971772842,0.11322982971772842,0.11322982971772844,0.11322982971772845,0.11322982971772844,0.11322982971772844,0.11322982971772842,0.11322982971772844,0.11322982971772844,0.11322982971772842,0.11322982971772842,0.11322982971772844,0.11322982971772842,0.11322982971772844,0.11322982971772842,0.1132298297177284,0.11322982971772853,0.11322982971772846,0.11322982971772845,0.11322982971772845,0.11322982971772845,0.11322982971772845,0.11322982971772845,0.11322982971772845,0.11322982971772845,0.11322982971772844,0.11322982971772846,0.11322982971772844,0.11322982971772845,0.11322982971772841,0.11322982971772844,0.11322982971772844,0.11322982971772842,0.11322982971772844,0.11322982971772844,0.11322982971772845,0.11322982971772844,0.11322982971772842,0.11322982971772844,0.11322982971772845,0.11322982971772846,0.11322982971772845,0.11322982971772845,0.11322982971772845,0.11322982971772848,0.11322982971772852,0.11322982971772853,0.11322982971772852,0.11322982971772852,0.11322982971772849,0.1132298297177285,0.11322982971772846,0.11322982971772852,0.11322982971772848,0.11322982971772852,0.11322982971772852,0.11322982971772849,0.11322982971772845,0.11322982971772848,0.1132298297177285,0.1132298297177285,0.1132298297177285,0.1132298297177285,0.11322982971772849,0.11322982971772852,0.11322982971772848,0.11322982971772849,0.11322982971772849,0.11322982971772849,0.1132298297177285,0.11322982971772845,0.11322982971772849,0.11322982971772846,0.11322982971772846,0.1132298297177285,0.11322982971772849,0.11322982971772844,0.11322982971772848,0.11322982971772848,0.11322982971772844,0.1132298297177285,0.11322982971772846,0.11322982971772849,0.11322982971772849,0.11322982971772848,0.11322982971772849,0.11322982971772846,0.11322982971772845,0.11322982971772849,0.11322982971772849,0.11322982971772846,0.11322982971772845,0.11322982971772846,0.11322982971772845,0.11322982971772845,0.11322982971772846,0.11322982971772852,0.11322982971772853,0.11322982971772849,0.11322982971772846,0.11322982971772846,0.11322982971772845,0.11322982971772846,0.11322982971772848,0.1132298297177285,0.11322982971772846,0.11322982971772848,0.11322982971772849,0.11322982971772844,0.11322982971772844,0.11322982971772849,0.11322982971772848,0.11322982971772845,0.11322982971772848,0.1132298297177285,0.11322982971772828,0.11322982971772846,0.1132298297177284,0.11322982971772841,0.11322982971772844,0.11322982971772837,0.11322982971772838,0.11322982971772841,0.11322982971772842,0.11322982971772844,0.11322982971772842,0.11322982971772842,0.11322982971772841,0.11322982971772841,0.11322982971772833,0.1132298297177284,0.11322982971772842,0.11322982971772844,0.11322982971772842,0.11322982971772842,0.11322982971772844,0.11322982971772845,0.11322982971772846,0.11322982971772845,0.11322982971772846,0.11322982971772845,0.11322982971772846,0.11322982971772845,0.11322982971772846,0.11322982971772844,0.11322982971772845,0.11322982971772846,0.11322982971772848,0.11322982971772845,0.11322982971772844,0.11322982971772848,0.11322982971772849,0.11322982971772849,0.11322982971772848,0.11322982971772846,0.11322982971772849,0.11322982971772846,0.11322982971772852,0.11322982971772848,0.11322982971772848,0.11322982971772844,0.11322982971772842,0.11322982971772844,0.11322982971772844,0.11322982971772844,0.11322982971772844,0.11322982971772844,0.11322982971772842,0.11322982971772844,0.11322982971772859,0.11322982971772853,0.11322982971772844,0.1132298297177285,0.1132298297177285,0.11322982971772852,0.11322982971772849,0.1132298297177285,0.11322982971772846,0.11322982971772848,0.11322982971772848,0.11322982971772852,0.11322982971772852,0.11322982971772848,0.11322982971772849,0.11322982971772852,0.11322982971772852,0.11322982971772852,0.11322982971772852,0.11322982971772852,0.1132298297177285,0.1132298297177285,0.11322982971772848,0.11322982971772852,0.11322982971772849,0.1132298297177285,0.11322982971772855,0.11322982971772853,0.11322982971772852,0.1132298297177285,0.1132298297177285,0.11322982971772848,0.11322982971772849,0.11322982971772849,0.11322982971772848,0.11322982971772849,0.1132298297177285,0.11322982971772853,0.1132298297177284,0.11322982971772848,0.11322982971772846,0.11322982971772848,0.11322982971772844,0.11322982971772849,0.11322982971772844,0.11322982971772848,0.11322982971772848,0.11322982971772848,0.11322982971772849,0.11322982971772845,0.11322982971772848,0.11322982971772848,0.11322982971772848,0.1132298297177284,0.11322982971772846,0.11322982971772845,0.1132298297177285,0.11322982971772849,0.11322982971772846,0.11322982971772849,0.11322982971772849,0.11322982971772848,0.11322982971772845,0.11322982971772846,0.1132298297177285,0.11322982971772845,0.11322982971772848,0.11322982971772844,0.11322982971772844,0.11322982971772844,0.11322982971772844,0.11322982971772842,0.11322982971772842,0.11322982971772841,0.11322982971772845,0.11322982971772846,0.11322982971772846,0.11322982971772846,0.11322982971772848,0.11322982971772848,0.11322982971772849,0.11322982971772842,0.11322982971772848,0.11322982971772844,0.11322982971772849,0.11322982971772846,0.11322982971772845,0.11322982971772845,0.11322982971772846,0.11322982971772845,0.11322982971772845,0.11322982971772845,0.11322982971772844,0.11322982971772848,0.11322982971772848,0.11322982971772845,0.11322982971772845,0.11322982971772848,0.11322982971772846,0.11322982971772844,0.11322982971772844,0.11322982971772842,0.11322982971772845,0.11322982971772844,0.11322982971772842,0.11322982971772842,0.11322982971772844,0.11322982971772842,0.11322982971772842,0.11322982971772845,0.11322982971772841,0.11322982971772842,0.11322982971772845,0.11322982971772845,0.11322982971772845,0.11322982971772845,0.11322982971772848,0.11322982971772842,0.1132298297177284,0.11322982971772842,0.11322982971772845,0.11322982971772849,0.11322982971772844,0.11322982971772844,0.11322982971772844,0.11322982971772844,0.11322982971772842,0.11322982971772844,0.11322982971772844,0.11322982971772844,0.11322982971772842,0.11322982971772842,0.11322982971772842,0.11322982971772842,0.11322982971772838,0.11322982971772838,0.11322982971772842,0.11322982971772844,0.11322982971772845,0.11322982971772841,0.11322982971772842,0.11322982971772844,0.11322982971772844,0.11322982971772845,0.11322982971772844,0.11322982971772841,0.11322982971772842,0.11322982971772844,0.11322982971772844,0.11322982971772845,0.11322982971772845,0.11322982971772842,0.11322982971772844,0.11322982971772844,0.11322982971772844,0.11322982971772845,0.11322982971772845,0.11322982971772842,0.11322982971772844,0.1132298297177284,0.11322982971772842,0.11322982971772844,0.11322982971772844,0.11322982971772844,0.11322982971772844,0.11322982971772845,0.11322982971772845,0.11322982971772842,0.11322982971772842,0.11322982971772842,0.11322982971772846,0.11322982971772852,0.11322982971772841,0.11322982971772845,0.11322982971772845,0.11322982971772841,0.11322982971772842,0.11322982971772841,0.1132298297177284,0.11322982971772837,0.1132298297177284,0.11322982971772841,0.1132298297177284,0.11322982971772841,0.11322982971772842,0.11322982971772838,0.11322982971772835,0.1132298297177284,0.1132298297177284,0.1132298297177284,0.1132298297177284,0.11322982971772842,0.11322982971772841,0.11322982971772841,0.11322982971772834,0.11322982971772842,0.11322982971772844,0.1132298297177284,0.11322982971772838,0.11322982971772841,0.11322982971772837,0.1132298297177284,0.1132298297177284,0.1132298297177284,0.11322982971772838,0.11322982971772842,0.11322982971772838,0.11322982971772842,0.11322982971772844,0.11322982971772838,0.1132298297177284,0.11322982971772841,0.1132298297177284,0.11322982971772838,0.11322982971772835,0.11322982971772841,0.11322982971772837,0.11322982971772842,0.11322982971772834,0.11322982971772844,0.11322982971772841,0.11322982971772837,0.11322982971772837,0.11322982971772838,0.11322982971772838,0.11322982971772835,0.11322982971772837,0.11322982971772837,0.1132298297177284,0.1132298297177284,0.11322982971772838,0.1132298297177284,0.11322982971772841,0.11322982971772841,0.11322982971772841,0.1132298297177284,0.1132298297177284,0.11322982971772841,0.11322982971772838,0.11322982971772844,0.11322982971772837,0.11322982971772837,0.11322982971772838,0.11322982971772834,0.11322982971772837,0.11322982971772834,0.1132298297177284,0.11322982971772835,0.11322982971772838,0.11322982971772835,0.11322982971772835,0.11322982971772837,0.1132298297177284,0.11322982971772835,0.11322982971772838,0.11322982971772837,0.11322982971772837,0.11322982971772838,0.1132298297177284,0.1132298297177284,0.11322982971772837,0.11322982971772838,0.11322982971772838,0.11322982971772834,0.11322982971772838,0.11322982971772837,0.11322982971772838,0.11322982971772833,0.11322982971772838,0.11322982971772837,0.11322982971772834,0.11322982971772837,0.11322982971772841,0.11322982971772835,0.11322982971772844,0.11322982971772831,0.11322982971772833,0.11322982971772833,0.11322982971772834,0.11322982971772831,0.11322982971772837,0.11322982971772835,0.11322982971772838,0.11322982971772833,0.11322982971772835,0.11322982971772834,0.11322982971772837,0.11322982971772826,0.11322982971772834,0.11322982971772835,0.11322982971772835,0.11322982971772834,0.11322982971772834,0.11322982971772835,0.11322982971772833,0.11322982971772834,0.11322982971772837,0.11322982971772838,0.11322982971772835,0.11322982971772837,0.11322982971772837,0.11322982971772841,0.11322982971772833,0.11322982971772834,0.11322982971772842,0.11322982971772835,0.11322982971772834,0.11322982971772841,0.11322982971772834,0.11322982971772834,0.1132298297177283,0.11322982971772834,0.11322982971772834,0.11322982971772835,0.11322982971772834,0.11322982971772833,0.11322982971772833,0.11322982971772835,0.11322982971772834,0.11322982971772835,0.11322982971772838,0.11322982971772831,0.11322982971772837,0.11322982971772834,0.11322982971772837,0.11322982971772835,0.11322982971772837,0.11322982971772831,0.11322982971772833,0.11322982971772834,0.11322982971772831,0.11322982971772834,0.11322982971772833,0.11322982971772833,0.11322982971772834,0.11322982971772833,0.11322982971772834,0.11322982971772828,0.11322982971772835,0.11322982971772831,0.11322982971772835,0.11322982971772835,0.11322982971772835,0.11322982971772828,0.11322982971772831,0.11322982971772831,0.11322982971772828,0.11322982971772834,0.11322982971772833,0.11322982971772834,0.11322982971772834,0.11322982971772834,0.11322982971772834,0.11322982971772835,0.11322982971772828,0.11322982971772837,0.11322982971772831,0.11322982971772833,0.11322982971772826,0.11322982971772831,0.11322982971772833,0.11322982971772833,0.11322982971772828,0.11322982971772833,0.1132298297177283,0.11322982971772834,0.1132298297177283,0.11322982971772834,0.11322982971772833,0.11322982971772831,0.11322982971772837,0.11322982971772831,0.1132298297177283,0.11322982971772821,0.11322982971772833,0.11322982971772828,0.11322982971772823,0.11322982971772831,0.1132298297177283,0.11322982971772831,0.1132298297177283,0.11322982971772827,0.1132298297177283,0.11322982971772834,0.11322982971772826,0.11322982971772831,0.11322982971772821,0.1132298297177283,0.11322982971772826,0.11322982971772828,0.11322982971772827,0.11322982971772828,0.1132298297177283,0.11322982971772824,0.11322982971772824,0.11322982971772826,0.11322982971772824,0.11322982971772824,0.11322982971772826,0.11322982971772821,0.1132298297177283,0.11322982971772826,0.11322982971772824,0.11322982971772824,0.11322982971772826,0.11322982971772826,0.11322982971772826,0.11322982971772824,0.11322982971772828,0.11322982971772821,0.11322982971772821,0.11322982971772824,0.11322982971772821,0.11322982971772824,0.11322982971772814,0.11322982971772824,0.11322982971772823,0.11322982971772824,0.11322982971772823,0.11322982971772827,0.11322982971772826,0.11322982971772823,0.11322982971772823,0.11322982971772821,0.11322982971772824,0.11322982971772826,0.11322982971772824,0.11322982971772826,0.11322982971772823,0.11322982971772826,0.11322982971772826,0.11322982971772826,0.11322982971772826,0.11322982971772824,0.11322982971772826,0.11322982971772824,0.11322982971772826,0.11322982971772826,0.11322982971772826,0.11322982971772826,0.1132298297177283,0.11322982971772826,0.11322982971772823,0.11322982971772826,0.11322982971772824,0.11322982971772824,0.11322982971772821,0.11322982971772826,0.11322982971772824,0.11322982971772826,0.11322982971772826,0.11322982971772824,0.11322982971772823,0.1132298297177283,0.1132298297177282,0.1132298297177283,0.11322982971772827,0.11322982971772823,0.11322982971772826,0.11322982971772824,0.11322982971772826,0.11322982971772827,0.11322982971772826,0.11322982971772827,0.11322982971772824,0.11322982971772826,0.11322982971772824,0.11322982971772826,0.11322982971772826,0.11322982971772824,0.11322982971772823,0.11322982971772826,0.11322982971772827,0.11322982971772828,0.11322982971772828,0.11322982971772826,0.11322982971772827,0.1132298297177283,0.11322982971772826,0.11322982971772826,0.11322982971772823,0.11322982971772824,0.11322982971772826,0.11322982971772824,0.11322982971772826,0.11322982971772827,0.11322982971772831,0.11322982971772826,0.11322982971772826,0.11322982971772823,0.11322982971772824,0.11322982971772824,0.11322982971772819,0.1132298297177282,0.11322982971772824,0.11322982971772823,0.11322982971772828,0.11322982971772823,0.11322982971772824,0.11322982971772826,0.11322982971772824,0.11322982971772824,0.11322982971772826,0.11322982971772827,0.11322982971772826,0.11322982971772826,0.11322982971772828,0.11322982971772827,0.1132298297177282,0.11322982971772826,0.11322982971772826,0.11322982971772826,0.11322982971772823,0.11322982971772821,0.11322982971772824,0.11322982971772824,0.11322982971772826,0.11322982971772821,0.11322982971772823,0.11322982971772824,0.11322982971772823,0.11322982971772823,0.11322982971772821,0.11322982971772821,0.11322982971772821,0.11322982971772824,0.11322982971772827,0.11322982971772824,0.11322982971772826,0.11322982971772824,0.11322982971772821,0.11322982971772824,0.11322982971772816,0.11322982971772823,0.11322982971772823,0.11322982971772824,0.11322982971772827,0.11322982971772816,0.11322982971772826,0.11322982971772826,0.11322982971772827,0.1132298297177282,0.11322982971772824,0.11322982971772824,0.11322982971772827,0.11322982971772824,0.11322982971772826,0.11322982971772819,0.11322982971772823,0.1132298297177282,0.11322982971772821,0.11322982971772824,0.11322982971772821,0.11322982971772826,0.11322982971772826,0.11322982971772823,0.11322982971772823,0.11322982971772824,0.11322982971772821,0.1132298297177282,0.11322982971772826,0.11322982971772826,0.11322982971772824,0.11322982971772821,0.11322982971772826,0.11322982971772823,0.11322982971772826,0.1132298297177282,0.11322982971772824,0.11322982971772824,0.11322982971772826,0.11322982971772824,0.11322982971772824,0.11322982971772827,0.11322982971772826,0.11322982971772827,0.11322982971772824,0.11322982971772823,0.11322982971772826,0.11322982971772826,0.11322982971772826,0.11322982971772824,0.11322982971772826,0.11322982971772828,0.11322982971772827,0.11322982971772828,0.11322982971772828,0.11322982971772828,0.11322982971772828,0.11322982971772827,0.11322982971772831,0.1132298297177283,0.11322982971772824,0.11322982971772826,0.11322982971772826,0.11322982971772824,0.11322982971772823,0.11322982971772824,0.11322982971772823,0.11322982971772826,0.11322982971772827,0.11322982971772826,0.11322982971772826,0.11322982971772827,0.11322982971772827,0.11322982971772824,0.11322982971772826,0.11322982971772823,0.11322982971772827,0.11322982971772827,0.11322982971772821,0.11322982971772828,0.11322982971772828,0.11322982971772827,0.11322982971772826,0.11322982971772831,0.11322982971772828,0.11322982971772828,0.11322982971772828,0.11322982971772827,0.11322982971772827,0.11322982971772828,0.11322982971772828,0.11322982971772827,0.11322982971772827,0.11322982971772826,0.11322982971772828,0.11322982971772827,0.11322982971772827,0.11322982971772826,0.11322982971772827,0.11322982971772833,0.11322982971772833,0.11322982971772826,0.11322982971772826,0.11322982971772827,0.11322982971772823,0.11322982971772824,0.11322982971772827,0.11322982971772828,0.11322982971772827,0.11322982971772826,0.11322982971772828,0.11322982971772826,0.11322982971772834,0.11322982971772823,0.11322982971772826,0.11322982971772826,0.11322982971772831,0.11322982971772827,0.11322982971772826,0.11322982971772826,0.11322982971772827,0.11322982971772826,0.11322982971772826,0.11322982971772824,0.11322982971772826,0.11322982971772826,0.11322982971772827,0.11322982971772833,0.1132298297177283,0.11322982971772827,0.11322982971772827,0.11322982971772827,0.1132298297177283,0.1132298297177283,0.11322982971772828,0.1132298297177283,0.11322982971772828,0.11322982971772824,0.11322982971772824,0.11322982971772826,0.11322982971772824,0.11322982971772824,0.11322982971772824,0.11322982971772824,0.11322982971772827,0.11322982971772828,0.11322982971772828,0.11322982971772828,0.11322982971772828,0.11322982971772827,0.11322982971772828,0.11322982971772828,0.11322982971772826,0.11322982971772826,0.11322982971772827,0.11322982971772831,0.11322982971772831,0.11322982971772827,0.11322982971772826,0.1132298297177283,0.11322982971772828,0.11322982971772816,0.11322982971772827,0.11322982971772823,0.11322982971772827,0.11322982971772824,0.11322982971772834,0.11322982971772827,0.11322982971772827,0.11322982971772826,0.11322982971772828,0.11322982971772827,0.11322982971772828,0.11322982971772827,0.11322982971772828,0.1132298297177283,0.11322982971772823,0.11322982971772828,0.11322982971772827,0.1132298297177283,0.1132298297177283,0.11322982971772831,0.11322982971772831,0.1132298297177283,0.11322982971772824,0.11322982971772833,0.11322982971772834,0.11322982971772833,0.11322982971772834,0.1132298297177283,0.11322982971772831,0.1132298297177283,0.11322982971772835,0.11322982971772834,0.11322982971772833,0.11322982971772834,0.11322982971772831,0.1132298297177283,0.11322982971772831,0.11322982971772833,0.11322982971772833,0.11322982971772834,0.11322982971772835,0.11322982971772833,0.1132298297177283,0.11322982971772834,0.11322982971772833,0.11322982971772831,0.11322982971772837,0.11322982971772835,0.11322982971772835,0.11322982971772837,0.11322982971772833,0.11322982971772834,0.11322982971772837,0.11322982971772835,0.11322982971772837,0.11322982971772835,0.11322982971772837,0.11322982971772835,0.11322982971772834,0.11322982971772834,0.11322982971772835,0.11322982971772835,0.11322982971772834,0.11322982971772834,0.11322982971772835,0.11322982971772835,0.11322982971772835,0.11322982971772837,0.11322982971772834,0.11322982971772835,0.11322982971772834,0.11322982971772834,0.11322982971772834,0.11322982971772838,0.11322982971772835,0.11322982971772834,0.11322982971772833,0.11322982971772835,0.11322982971772835,0.11322982971772834,0.11322982971772835,0.1132298297177284,0.11322982971772831,0.11322982971772837,0.11322982971772838,0.11322982971772834,0.11322982971772834,0.11322982971772835,0.11322982971772835,0.11322982971772834,0.11322982971772834,0.11322982971772837,0.11322982971772835,0.11322982971772834,0.11322982971772835,0.11322982971772837,0.11322982971772835,0.11322982971772833,0.11322982971772833,0.11322982971772833,0.11322982971772835,0.11322982971772834,0.11322982971772835,0.11322982971772835,0.11322982971772833,0.11322982971772834,0.11322982971772833,0.11322982971772834,0.11322982971772833,0.11322982971772831,0.11322982971772835,0.11322982971772837,0.11322982971772831,0.11322982971772835,0.11322982971772834,0.1132298297177283,0.11322982971772831,0.11322982971772835,0.11322982971772835,0.11322982971772833,0.1132298297177283,0.11322982971772833,0.1132298297177283,0.11322982971772831,0.11322982971772835,0.11322982971772827,0.11322982971772834,0.11322982971772833,0.1132298297177283,0.11322982971772824,0.11322982971772835,0.11322982971772831,0.11322982971772833,0.1132298297177283,0.11322982971772831,0.11322982971772837,0.11322982971772835,0.11322982971772834,0.11322982971772834,0.11322982971772826,0.11322982971772831,0.11322982971772831,0.1132298297177283,0.11322982971772831,0.1132298297177283,0.11322982971772837,0.11322982971772833,0.11322982971772834,0.11322982971772835,0.11322982971772834,0.11322982971772835,0.11322982971772834,0.11322982971772833,0.11322982971772838,0.11322982971772831,0.11322982971772837,0.11322982971772835,0.11322982971772831,0.11322982971772833,0.11322982971772833,0.11322982971772833,0.11322982971772833,0.11322982971772833,0.11322982971772833,0.11322982971772833,0.11322982971772831,0.11322982971772834,0.11322982971772831,0.11322982971772833,0.11322982971772835,0.11322982971772834,0.11322982971772835,0.11322982971772831,0.11322982971772833,0.11322982971772834,0.11322982971772823,0.11322982971772834,0.11322982971772834,0.11322982971772827,0.11322982971772834,0.11322982971772831,0.11322982971772834,0.11322982971772835,0.11322982971772833,0.11322982971772835,0.11322982971772831,0.11322982971772833,0.11322982971772837,0.11322982971772833,0.11322982971772831,0.11322982971772835,0.11322982971772831,0.1132298297177283,0.11322982971772833,0.11322982971772834,0.11322982971772831,0.11322982971772834,0.1132298297177283,0.11322982971772828,0.11322982971772831,0.11322982971772835,0.11322982971772835,0.11322982971772827,0.11322982971772834,0.11322982971772834,0.11322982971772834,0.11322982971772834,0.11322982971772833,0.11322982971772835,0.11322982971772838,0.11322982971772838,0.11322982971772831,0.11322982971772834,0.11322982971772834,0.11322982971772833,0.11322982971772831,0.11322982971772833,0.1132298297177283,0.11322982971772835,0.11322982971772834,0.11322982971772834,0.11322982971772834,0.11322982971772833,0.11322982971772835,0.11322982971772833,0.11322982971772834,0.11322982971772835,0.11322982971772835,0.11322982971772826,0.11322982971772833,0.11322982971772831,0.1132298297177283,0.11322982971772831,0.11322982971772834,0.1132298297177283,0.1132298297177283,0.11322982971772833,0.11322982971772833,0.1132298297177283,0.11322982971772838,0.11322982971772827,0.11322982971772828,0.11322982971772834,0.11322982971772827,0.11322982971772828,0.11322982971772827,0.11322982971772835,0.11322982971772835,0.11322982971772834,0.11322982971772834,0.11322982971772835,0.11322982971772834,0.11322982971772834,0.11322982971772833,0.11322982971772835,0.11322982971772834,0.11322982971772835,0.1132298297177283,0.11322982971772835,0.11322982971772834,0.11322982971772838,0.11322982971772831,0.11322982971772834,0.11322982971772833,0.11322982971772834,0.11322982971772834,0.11322982971772834,0.11322982971772834,0.11322982971772834,0.11322982971772834,0.11322982971772834,0.11322982971772835,0.11322982971772834,0.11322982971772834,0.11322982971772834,0.11322982971772834,0.11322982971772835,0.11322982971772835,0.11322982971772833,0.11322982971772837,0.11322982971772833,0.11322982971772835,0.11322982971772834,0.11322982971772835,0.11322982971772834,0.11322982971772834,0.11322982971772834,0.11322982971772834,0.11322982971772834,0.11322982971772831,0.1132298297177283,0.11322982971772834,0.11322982971772835,0.11322982971772838,0.11322982971772835,0.11322982971772834,0.11322982971772831,0.11322982971772834,0.11322982971772834,0.11322982971772835,0.11322982971772834,0.11322982971772838,0.1132298297177283,0.11322982971772834,0.11322982971772834,0.11322982971772837,0.11322982971772837,0.11322982971772837,0.11322982971772837,0.11322982971772834,0.11322982971772837,0.11322982971772838,0.11322982971772835,0.11322982971772834,0.11322982971772834,0.11322982971772837,0.11322982971772834,0.11322982971772833,0.11322982971772834,0.11322982971772833,0.1132298297177283,0.11322982971772831,0.11322982971772834,0.11322982971772835,0.11322982971772833,0.11322982971772838,0.11322982971772834,0.11322982971772834,0.11322982971772835,0.11322982971772834,0.11322982971772833,0.11322982971772835,0.11322982971772834,0.11322982971772833,0.11322982971772834,0.11322982971772834,0.11322982971772835,0.11322982971772835,0.11322982971772835,0.11322982971772833,0.11322982971772835,0.11322982971772834,0.11322982971772834,0.11322982971772834,0.11322982971772834,0.11322982971772837,0.11322982971772833,0.11322982971772834,0.11322982971772834,0.11322982971772827,0.11322982971772827,0.1132298297177283,0.11322982971772831,0.11322982971772833,0.11322982971772834,0.11322982971772833,0.11322982971772833,0.11322982971772826,0.11322982971772831,0.11322982971772833,0.11322982971772833,0.11322982971772835,0.11322982971772834,0.11322982971772835,0.11322982971772833,0.1132298297177283,0.11322982971772833,0.11322982971772834,0.11322982971772831,0.11322982971772831,0.11322982971772831,0.11322982971772827,0.1132298297177283,0.11322982971772831,0.11322982971772831,0.11322982971772828,0.11322982971772834,0.11322982971772834,0.11322982971772833,0.11322982971772831,0.11322982971772831,0.11322982971772835,0.11322982971772834,0.11322982971772831,0.11322982971772831,0.11322982971772831,0.11322982971772834,0.11322982971772831,0.11322982971772828,0.1132298297177283,0.11322982971772833,0.11322982971772833,0.11322982971772824,0.1132298297177283,0.11322982971772828,0.1132298297177283,0.11322982971772834,0.11322982971772835,0.11322982971772831,0.11322982971772834,0.11322982971772834,0.11322982971772834,0.11322982971772828,0.11322982971772834,0.11322982971772833,0.11322982971772834,0.11322982971772824,0.11322982971772824,0.11322982971772826,0.11322982971772824,0.11322982971772826,0.11322982971772826,0.11322982971772826,0.11322982971772824,0.11322982971772826,0.11322982971772826,0.11322982971772826,0.11322982971772826,0.11322982971772826,0.11322982971772827,0.11322982971772827,0.11322982971772821,0.11322982971772824,0.11322982971772828,0.11322982971772827,0.11322982971772828,0.11322982971772827,0.11322982971772828,0.11322982971772827,0.11322982971772826,0.11322982971772828,0.11322982971772828,0.1132298297177283,0.1132298297177283,0.11322982971772824,0.11322982971772823,0.11322982971772831,0.11322982971772828,0.11322982971772824,0.11322982971772824,0.11322982971772824,0.11322982971772826,0.11322982971772824,0.11322982971772824,0.11322982971772826,0.11322982971772826,0.11322982971772827,0.11322982971772824,0.1132298297177283,0.11322982971772826,0.11322982971772819,0.11322982971772816,0.11322982971772821,0.11322982971772823,0.11322982971772821,0.11322982971772821,0.1132298297177282,0.11322982971772827,0.11322982971772826,0.11322982971772823,0.11322982971772824,0.11322982971772824,0.11322982971772826,0.11322982971772826,0.11322982971772823,0.11322982971772824,0.11322982971772821,0.11322982971772828,0.11322982971772826,0.11322982971772823,0.11322982971772828,0.11322982971772827,0.11322982971772827,0.11322982971772827,0.11322982971772827,0.11322982971772828,0.11322982971772831,0.11322982971772827,0.11322982971772824,0.11322982971772824,0.11322982971772826,0.11322982971772824,0.11322982971772826,0.11322982971772824,0.11322982971772826,0.11322982971772819,0.11322982971772827,0.11322982971772827,0.11322982971772828,0.11322982971772827,0.11322982971772828,0.11322982971772827,0.11322982971772827,0.11322982971772827,0.11322982971772827,0.11322982971772826,0.11322982971772828,0.11322982971772827,0.11322982971772826,0.11322982971772831,0.11322982971772826,0.11322982971772826,0.11322982971772828,0.11322982971772827,0.11322982971772827,0.11322982971772827,0.11322982971772827,0.11322982971772835,0.11322982971772827,0.11322982971772827,0.11322982971772827,0.11322982971772827,0.11322982971772828,0.11322982971772827,0.11322982971772827,0.11322982971772827,0.11322982971772828,0.11322982971772827,0.1132298297177283,0.11322982971772827,0.11322982971772826,0.11322982971772827,0.11322982971772827,0.11322982971772827,0.11322982971772827,0.11322982971772828,0.11322982971772826,0.11322982971772826,0.11322982971772827,0.11322982971772828,0.11322982971772827,0.11322982971772827,0.11322982971772827,0.11322982971772827,0.11322982971772828,0.11322982971772828,0.11322982971772828,0.11322982971772828,0.11322982971772827,0.11322982971772828,0.11322982971772828,0.11322982971772827,0.11322982971772827,0.11322982971772828,0.11322982971772827,0.11322982971772827,0.11322982971772828,0.11322982971772827,0.11322982971772828,0.11322982971772827,0.1132298297177283,0.11322982971772824,0.11322982971772833,0.11322982971772828,0.1132298297177283,0.11322982971772831,0.11322982971772824,0.11322982971772826,0.11322982971772824,0.11322982971772823,0.11322982971772826,0.11322982971772826,0.11322982971772824,0.11322982971772824,0.11322982971772826,0.11322982971772827,0.11322982971772828,0.11322982971772826,0.11322982971772827,0.11322982971772828,0.11322982971772828,0.11322982971772827,0.11322982971772828,0.11322982971772828,0.11322982971772828,0.11322982971772828,0.11322982971772826,0.11322982971772827,0.11322982971772826,0.11322982971772827,0.11322982971772827,0.11322982971772828,0.1132298297177283,0.11322982971772827,0.11322982971772828,0.11322982971772827,0.11322982971772827,0.11322982971772826,0.11322982971772827,0.11322982971772827,0.11322982971772827,0.11322982971772828,0.11322982971772828,0.11322982971772827,0.11322982971772828,0.11322982971772826,0.11322982971772828,0.11322982971772828,0.11322982971772828,0.11322982971772827,0.11322982971772826,0.11322982971772831,0.1132298297177283,0.11322982971772827,0.11322982971772827,0.1132298297177283,0.11322982971772827,0.1132298297177283,0.1132298297177283,0.11322982971772826,0.11322982971772827,0.11322982971772824,0.11322982971772824,0.11322982971772826,0.11322982971772823,0.11322982971772827,0.11322982971772824,0.11322982971772824,0.11322982971772827,0.11322982971772826,0.11322982971772824,0.11322982971772824,0.11322982971772826,0.11322982971772824,0.11322982971772824,0.11322982971772826,0.11322982971772826,0.11322982971772826,0.11322982971772826,0.11322982971772827,0.1132298297177282,0.11322982971772826,0.11322982971772824,0.11322982971772824,0.11322982971772824,0.11322982971772823,0.11322982971772828,0.11322982971772828,0.11322982971772826,0.11322982971772827,0.11322982971772827,0.11322982971772828,0.11322982971772827,0.11322982971772827,0.1132298297177283,0.11322982971772827,0.11322982971772827,0.11322982971772828,0.11322982971772827,0.11322982971772826,0.11322982971772826,0.11322982971772828,0.11322982971772828,0.1132298297177283,0.11322982971772826,0.11322982971772826,0.11322982971772824,0.11322982971772826,0.11322982971772826,0.11322982971772831,0.11322982971772826,0.11322982971772824,0.11322982971772826,0.11322982971772824,0.11322982971772826,0.11322982971772826,0.11322982971772824,0.11322982971772824,0.11322982971772826,0.11322982971772824,0.11322982971772824,0.11322982971772826,0.11322982971772826,0.11322982971772827,0.11322982971772826,0.11322982971772827,0.11322982971772823,0.11322982971772827,0.11322982971772826,0.11322982971772824,0.11322982971772826,0.11322982971772823,0.11322982971772834,0.11322982971772824,0.11322982971772826,0.11322982971772824,0.11322982971772826,0.11322982971772826,0.11322982971772824,0.11322982971772827,0.11322982971772826,0.11322982971772824,0.11322982971772824,0.11322982971772824,0.11322982971772824,0.11322982971772827,0.11322982971772824,0.11322982971772826,0.11322982971772823,0.11322982971772824,0.1132298297177283,0.11322982971772824,0.11322982971772828,0.11322982971772827,0.11322982971772828,0.11322982971772827,0.1132298297177283,0.11322982971772828,0.11322982971772831,0.11322982971772824,0.11322982971772826,0.11322982971772826,0.11322982971772824,0.11322982971772824,0.11322982971772824,0.11322982971772826,0.11322982971772827,0.11322982971772826,0.11322982971772826,0.11322982971772826,0.11322982971772826,0.11322982971772824,0.11322982971772826,0.11322982971772824,0.11322982971772826,0.11322982971772826,0.11322982971772826,0.11322982971772823,0.11322982971772826,0.1132298297177283,0.11322982971772826,0.1132298297177283,0.11322982971772824,0.11322982971772826,0.11322982971772826,0.11322982971772827,0.11322982971772824,0.11322982971772826,0.11322982971772824,0.11322982971772826,0.11322982971772826,0.11322982971772826,0.11322982971772824,0.11322982971772824,0.11322982971772826,0.11322982971772824,0.11322982971772826,0.11322982971772828,0.11322982971772826,0.11322982971772824,0.11322982971772824,0.11322982971772823,0.11322982971772824,0.1132298297177283,0.11322982971772827,0.1132298297177282,0.11322982971772823,0.11322982971772824,0.11322982971772823,0.11322982971772826,0.11322982971772826,0.11322982971772827,0.11322982971772826,0.11322982971772833,0.11322982971772826,0.11322982971772824,0.11322982971772824,0.11322982971772827,0.11322982971772828,0.11322982971772826,0.1132298297177282,0.11322982971772827,0.11322982971772827,0.11322982971772827,0.11322982971772827,0.11322982971772827,0.11322982971772826,0.11322982971772827,0.11322982971772828,0.11322982971772833,0.11322982971772826,0.11322982971772826,0.11322982971772826,0.1132298297177283,0.11322982971772828,0.11322982971772834,0.11322982971772824,0.11322982971772824,0.11322982971772826,0.11322982971772827,0.11322982971772826,0.11322982971772824,0.11322982971772827,0.11322982971772824,0.1132298297177283,0.11322982971772826,0.11322982971772826,0.11322982971772823,0.1132298297177283,0.11322982971772827,0.11322982971772828,0.11322982971772821,0.11322982971772824,0.11322982971772826,0.11322982971772824,0.11322982971772826,0.11322982971772824,0.11322982971772824,0.11322982971772826,0.11322982971772824,0.11322982971772826,0.11322982971772828,0.11322982971772819,0.11322982971772826,0.11322982971772824,0.11322982971772826,0.11322982971772824,0.11322982971772823,0.11322982971772826,0.11322982971772824,0.11322982971772819,0.11322982971772823,0.11322982971772824,0.11322982971772824,0.11322982971772827,0.11322982971772824,0.11322982971772821,0.11322982971772823,0.11322982971772826,0.11322982971772819,0.11322982971772827,0.11322982971772821,0.1132298297177282,0.11322982971772823,0.11322982971772817,0.11322982971772819,0.11322982971772819,0.11322982971772816,0.11322982971772817,0.11322982971772821,0.11322982971772816,0.11322982971772819,0.11322982971772821,0.11322982971772819,0.11322982971772819,0.11322982971772817,0.11322982971772823,0.11322982971772823,0.11322982971772816,0.11322982971772824,0.11322982971772819,0.11322982971772819,0.1132298297177282,0.11322982971772816,0.11322982971772816,0.11322982971772819,0.11322982971772823,0.1132298297177282,0.11322982971772817,0.11322982971772821,0.1132298297177282,0.11322982971772816,0.11322982971772817,0.11322982971772819,0.11322982971772819,0.11322982971772817,0.11322982971772816,0.11322982971772813,0.11322982971772819,0.1132298297177282,0.11322982971772819,0.11322982971772817,0.11322982971772817,0.11322982971772819,0.11322982971772816,0.11322982971772817,0.11322982971772817,0.11322982971772817,0.11322982971772817,0.11322982971772819,0.11322982971772817,0.11322982971772816,0.11322982971772814,0.11322982971772824,0.11322982971772816,0.11322982971772821,0.11322982971772817,0.11322982971772828,0.11322982971772819,0.11322982971772819,0.11322982971772819,0.11322982971772816,0.11322982971772826,0.11322982971772817,0.11322982971772819,0.11322982971772819,0.1132298297177282,0.11322982971772819,0.11322982971772819,0.11322982971772819,0.1132298297177282,0.1132298297177282,0.11322982971772817,0.11322982971772816,0.11322982971772819,0.11322982971772817,0.11322982971772819,0.11322982971772817,0.11322982971772817,0.11322982971772817,0.11322982971772817,0.11322982971772817,0.11322982971772817,0.11322982971772821,0.11322982971772821,0.11322982971772816,0.11322982971772823,0.11322982971772816,0.11322982971772817,0.11322982971772819,0.11322982971772816,0.11322982971772819,0.11322982971772819,0.1132298297177282,0.11322982971772819,0.11322982971772817,0.11322982971772814,0.11322982971772824,0.11322982971772823,0.11322982971772823,0.11322982971772821,0.11322982971772814,0.11322982971772819,0.1132298297177282,0.11322982971772817,0.11322982971772821,0.11322982971772819,0.11322982971772816,0.11322982971772827,0.11322982971772821,0.11322982971772823,0.11322982971772816,0.11322982971772824,0.11322982971772821,0.11322982971772824,0.11322982971772823,0.11322982971772823,0.11322982971772823,0.11322982971772821,0.11322982971772821,0.11322982971772819,0.11322982971772824,0.1132298297177282,0.1132298297177282,0.1132298297177282,0.11322982971772821,0.11322982971772823,0.11322982971772823,0.11322982971772817,0.11322982971772826,0.11322982971772824,0.11322982971772808,0.11322982971772817,0.1132298297177282,0.11322982971772817,0.11322982971772816,0.11322982971772816,0.11322982971772817,0.1132298297177282,0.11322982971772821,0.11322982971772816,0.11322982971772819,0.11322982971772816,0.11322982971772816,0.11322982971772816,0.1132298297177282,0.11322982971772817,0.11322982971772816,0.11322982971772816,0.11322982971772814,0.11322982971772814,0.11322982971772814,0.11322982971772824,0.11322982971772814,0.11322982971772817,0.11322982971772817,0.11322982971772816,0.11322982971772817,0.1132298297177282,0.1132298297177282,0.11322982971772814,0.11322982971772823,0.11322982971772821,0.11322982971772821,0.11322982971772821,0.1132298297177282,0.11322982971772823,0.11322982971772821,0.11322982971772816,0.11322982971772817,0.11322982971772817,0.11322982971772817,0.1132298297177282,0.11322982971772821,0.11322982971772821,0.1132298297177282,0.11322982971772817,0.11322982971772821,0.11322982971772826,0.11322982971772819,0.11322982971772817,0.11322982971772817,0.11322982971772816,0.11322982971772817,0.1132298297177282,0.1132298297177282,0.11322982971772817,0.11322982971772817,0.11322982971772823,0.1132298297177282,0.11322982971772824,0.11322982971772831,0.11322982971772817,0.11322982971772828,0.11322982971772827,0.11322982971772828,0.11322982971772827,0.11322982971772827,0.11322982971772828,0.11322982971772827,0.11322982971772827,0.11322982971772827,0.11322982971772827,0.11322982971772827,0.11322982971772828,0.11322982971772827,0.11322982971772828,0.1132298297177283,0.1132298297177283,0.1132298297177283,0.11322982971772823,0.11322982971772828,0.11322982971772826,0.11322982971772824,0.11322982971772826,0.11322982971772826,0.11322982971772826,0.11322982971772824,0.11322982971772826,0.11322982971772823,0.11322982971772828,0.11322982971772826,0.11322982971772828,0.11322982971772826,0.11322982971772827,0.11322982971772827,0.11322982971772827,0.11322982971772831,0.11322982971772828,0.11322982971772835,0.11322982971772831,0.11322982971772826,0.11322982971772828,0.1132298297177283,0.11322982971772828,0.1132298297177283,0.11322982971772833,0.11322982971772828,0.1132298297177283,0.11322982971772828,0.11322982971772826,0.11322982971772833,0.1132298297177283,0.11322982971772827,0.11322982971772831,0.11322982971772831,0.11322982971772831,0.11322982971772827,0.11322982971772828,0.11322982971772827,0.11322982971772827,0.11322982971772824,0.11322982971772828,0.11322982971772826,0.11322982971772828,0.11322982971772828,0.11322982971772827,0.11322982971772828,0.11322982971772828,0.11322982971772828,0.11322982971772827,0.11322982971772828,0.11322982971772827,0.11322982971772827,0.11322982971772827,0.11322982971772827,0.11322982971772827,0.11322982971772827,0.1132298297177283,0.11322982971772827,0.11322982971772827,0.1132298297177283,0.11322982971772833,0.1132298297177283,0.11322982971772826,0.11322982971772824,0.11322982971772826,0.11322982971772826,0.11322982971772826,0.11322982971772826,0.11322982971772826,0.11322982971772824,0.11322982971772826,0.11322982971772827,0.11322982971772824,0.11322982971772821,0.11322982971772819,0.11322982971772826,0.11322982971772828,0.11322982971772824,0.11322982971772833,0.11322982971772844,0.11322982971772834,0.11322982971772834,0.11322982971772835,0.11322982971772833,0.11322982971772833,0.11322982971772834,0.11322982971772833,0.11322982971772833,0.11322982971772833,0.11322982971772833,0.11322982971772833,0.11322982971772835,0.11322982971772834,0.11322982971772834,0.11322982971772834,0.11322982971772834,0.11322982971772844,0.11322982971772844,0.11322982971772845,0.11322982971772845,0.11322982971772844,0.11322982971772845,0.11322982971772849,0.11322982971772842,0.11322982971772846,0.11322982971772845,0.11322982971772845,0.11322982971772844,0.11322982971772845,0.11322982971772844,0.1132298297177285,0.11322982971772845,0.11322982971772842,0.11322982971772848,0.11322982971772844,0.11322982971772842,0.11322982971772842,0.11322982971772842,0.1132298297177285,0.11322982971772848,0.11322982971772845,0.11322982971772852,0.11322982971772844,0.11322982971772844,0.11322982971772846,0.11322982971772849,0.11322982971772849,0.11322982971772845,0.11322982971772844,0.11322982971772846,0.11322982971772845,0.11322982971772844,0.11322982971772848,0.11322982971772844,0.11322982971772844,0.11322982971772842,0.11322982971772844,0.11322982971772846,0.11322982971772844,0.11322982971772842,0.11322982971772844,0.1132298297177285,0.11322982971772844,0.11322982971772844,0.11322982971772844,0.11322982971772842,0.1132298297177285,0.11322982971772846,0.11322982971772846,0.11322982971772846,0.11322982971772846,0.11322982971772846,0.11322982971772846,0.11322982971772846,0.11322982971772845,0.11322982971772844,0.11322982971772842,0.11322982971772844,0.11322982971772845,0.11322982971772845,0.11322982971772845,0.11322982971772844,0.11322982971772848,0.11322982971772849,0.11322982971772846,0.11322982971772846,0.11322982971772848,0.11322982971772842,0.11322982971772848,0.11322982971772845,0.11322982971772845,0.11322982971772845,0.11322982971772846,0.11322982971772845,0.11322982971772846,0.11322982971772842,0.11322982971772845,0.11322982971772842,0.11322982971772844,0.11322982971772844,0.11322982971772842,0.11322982971772842,0.11322982971772844,0.11322982971772845,0.11322982971772842,0.11322982971772844,0.11322982971772844,0.11322982971772844,0.11322982971772846,0.11322982971772842,0.11322982971772844,0.11322982971772845,0.11322982971772845,0.11322982971772844,0.11322982971772845,0.11322982971772844,0.11322982971772842,0.11322982971772837,0.11322982971772846,0.11322982971772845,0.11322982971772845,0.11322982971772845,0.11322982971772846,0.11322982971772846,0.11322982971772846,0.11322982971772846,0.11322982971772844,0.11322982971772846,0.11322982971772849,0.11322982971772849,0.11322982971772849,0.11322982971772844,0.11322982971772846,0.11322982971772848,0.11322982971772846,0.11322982971772848,0.11322982971772848,0.11322982971772848,0.11322982971772848,0.11322982971772844,0.11322982971772844,0.11322982971772845,0.11322982971772844,0.11322982971772844,0.11322982971772844,0.11322982971772845,0.11322982971772844,0.1132298297177284,0.11322982971772848,0.11322982971772845,0.11322982971772845,0.11322982971772845,0.11322982971772846,0.11322982971772848,0.11322982971772845,0.11322982971772844,0.11322982971772844,0.11322982971772849,0.11322982971772848,0.11322982971772849,0.11322982971772846,0.11322982971772846,0.11322982971772845,0.11322982971772849,0.11322982971772848,0.11322982971772837,0.11322982971772848,0.11322982971772845,0.11322982971772849,0.11322982971772852,0.11322982971772849,0.11322982971772848,0.11322982971772845,0.11322982971772844,0.11322982971772848,0.11322982971772844,0.11322982971772853,0.11322982971772848,0.11322982971772848,0.11322982971772848,0.11322982971772846,0.11322982971772846,0.11322982971772849,0.11322982971772849,0.11322982971772849,0.11322982971772848,0.1132298297177285,0.11322982971772848,0.11322982971772842,0.1132298297177285,0.1132298297177285,0.11322982971772842,0.11322982971772844,0.11322982971772845,0.11322982971772844,0.11322982971772842,0.11322982971772844,0.11322982971772844,0.11322982971772841,0.11322982971772846,0.11322982971772846,0.11322982971772845,0.11322982971772845,0.11322982971772845,0.11322982971772845,0.11322982971772844,0.11322982971772845,0.11322982971772845,0.11322982971772846,0.11322982971772845,0.11322982971772848,0.11322982971772848,0.11322982971772846,0.11322982971772846,0.11322982971772846,0.11322982971772846,0.11322982971772845,0.11322982971772846,0.11322982971772846,0.11322982971772852,0.11322982971772844,0.11322982971772842,0.11322982971772849,0.11322982971772848,0.11322982971772842,0.11322982971772845,0.11322982971772846,0.11322982971772848,0.11322982971772849,0.11322982971772846,0.11322982971772849,0.11322982971772845,0.11322982971772842,0.11322982971772842,0.11322982971772845,0.11322982971772844,0.11322982971772844,0.11322982971772844,0.11322982971772844,0.11322982971772842,0.11322982971772846,0.11322982971772845,0.11322982971772844,0.11322982971772845,0.11322982971772841,0.11322982971772842,0.11322982971772842,0.11322982971772844,0.11322982971772842,0.11322982971772842,0.11322982971772845,0.11322982971772844,0.11322982971772842,0.11322982971772846,0.11322982971772842,0.11322982971772848,0.11322982971772844,0.11322982971772841,0.11322982971772842,0.11322982971772844,0.11322982971772841,0.11322982971772842,0.11322982971772842,0.11322982971772844,0.11322982971772842,0.11322982971772842,0.11322982971772844,0.11322982971772845,0.11322982971772844,0.11322982971772842,0.11322982971772842,0.11322982971772842,0.11322982971772842,0.11322982971772842,0.11322982971772842,0.11322982971772842,0.11322982971772845,0.11322982971772845,0.11322982971772846,0.11322982971772846,0.11322982971772848,0.11322982971772846,0.11322982971772848,0.11322982971772841,0.11322982971772845,0.11322982971772841,0.11322982971772842,0.1132298297177285,0.11322982971772845,0.11322982971772841,0.11322982971772846,0.11322982971772846,0.11322982971772845,0.11322982971772845,0.11322982971772846,0.11322982971772849,0.11322982971772844,0.11322982971772844,0.11322982971772844,0.11322982971772845,0.11322982971772849,0.11322982971772845,0.11322982971772846,0.11322982971772848,0.11322982971772842,0.11322982971772846,0.11322982971772845,0.11322982971772846,0.11322982971772845,0.11322982971772845,0.11322982971772845,0.11322982971772845,0.11322982971772845,0.11322982971772845,0.11322982971772846,0.11322982971772845,0.11322982971772848,0.11322982971772846,0.11322982971772845,0.11322982971772849,0.11322982971772845,0.11322982971772846,0.11322982971772846,0.11322982971772853,0.11322982971772844,0.11322982971772842,0.11322982971772846,0.11322982971772849,0.11322982971772842,0.11322982971772844,0.11322982971772842,0.11322982971772844,0.11322982971772844,0.11322982971772842,0.11322982971772844,0.11322982971772842,0.11322982971772842,0.11322982971772842,0.11322982971772844,0.11322982971772846,0.11322982971772844,0.11322982971772846,0.11322982971772844,0.11322982971772846,0.11322982971772848,0.11322982971772846,0.11322982971772848,0.11322982971772841,0.11322982971772842,0.11322982971772844,0.11322982971772842,0.11322982971772844,0.11322982971772842,0.11322982971772845,0.11322982971772845,0.11322982971772842,0.11322982971772842,0.11322982971772842,0.11322982971772848,0.11322982971772842,0.11322982971772844,0.11322982971772844,0.11322982971772845,0.11322982971772841,0.11322982971772841,0.11322982971772842,0.1132298297177284,0.11322982971772845,0.11322982971772838,0.1132298297177284,0.1132298297177284,0.11322982971772841,0.11322982971772842,0.11322982971772842,0.1132298297177284,0.11322982971772844,0.11322982971772844,0.11322982971772842
1,0.0,0.0,0.0,0.0,0.0,0.0,0.0,0.0,0.0,2.371429764852031e-43,-1.1884412361391799e-42,-8.351694434113717e-57,-9.410281610711941e-68,-6.893604207225674e-82,-3.017162146232314e-96,-3.115220473244352e-110,-4.841592742893774e-124,-4.322940532564085e-138,-1.8978308763877965e-43,-2.788048768467641e-57,-2.266271515079844e-71,6.8955369727890365e-43,6.8955369727890365e-43,6.8955369727890365e-43,6.8955369727890365e-43,6.8955369727890365e-43,6.8955369727890365e-43,6.8955369727890365e-43,6.8955369727890365e-43,6.8955369727890365e-43,6.8955369727890365e-43,6.8955369727890365e-43,6.8955369727890365e-43,6.8955369727890365e-43,6.8955369727890365e-43,6.8955369727890365e-43,6.8955369727890365e-43,6.8955369727890365e-43,6.8955369727890365e-43,6.8955369727890365e-43,6.8955369727890365e-43,6.8955369727890365e-43,6.8955369727890365e-43,6.8955369727890365e-43,6.8955369727890365e-43,6.8955369727890365e-43,6.8955369727890365e-43,6.8955369727890365e-43,6.8955369727890365e-43,6.8955369727890365e-43,6.8955369727890365e-43,6.8955369727890365e-43,6.8955369727890365e-43,6.8955369727890365e-43,6.8955369727890365e-43,6.8955369727890365e-43,6.8955369727890365e-43,6.8955369727890365e-43,6.8955369727890365e-43,6.8955369727890365e-43,6.8955369727890365e-43,6.8955369727890365e-43,6.8955369727890365e-43,6.8955369727890365e-43,6.8955369727890365e-43,6.8955369727890365e-43,6.8955369727890365e-43,6.8955369727890365e-43,6.8955369727890365e-43,6.8955369727890365e-43,6.8955369727890365e-43,6.8955369727890365e-43,6.8955369727890365e-43,6.8955369727890365e-43,6.8955369727890365e-43,6.8955369727890365e-43,6.8955369727890365e-43,6.8955369727890365e-43,6.8955369727890365e-43,6.8955369727890365e-43,6.8955369727890365e-43,6.8955369727890365e-43,6.8955369727890365e-43,6.8955369727890365e-43,6.8955369727890365e-43,6.8955369727890365e-43,6.8955369727890365e-43,6.8955369727890365e-43,6.8955369727890365e-43,6.8955369727890365e-43,6.8955369727890365e-43,6.8955369727890365e-43,6.8955369727890365e-43,6.8955369727890365e-43,6.8955369727890365e-43,6.8955369727890365e-43,6.8955369727890365e-43,6.8955369727890365e-43,6.8955369727890365e-43,6.8955369727890365e-43,6.8955369727890365e-43,6.8955369727890365e-43,6.8955369727890365e-43,6.8955369727890365e-43,6.8955369727890365e-43,6.8955369727890365e-43,6.8955369727890365e-43,6.8955369727890365e-43,6.8955369727890365e-43,6.8955369727890365e-43,6.8955369727890365e-43,6.8955369727890365e-43,6.8955369727890365e-43,6.8955369727890365e-43,6.8955369727890365e-43,6.8955369727890365e-43,6.8955369727890365e-43,6.8955369727890365e-43,6.8955369727890365e-43,6.8955369727890365e-43,6.8955369727890365e-43,6.8955369727890365e-43,6.8955369727890365e-43,6.8955369727890365e-43,6.8955369727890365e-43,6.8955369727890365e-43,6.8955369727890365e-43,6.8955369727890365e-43,6.8955369727890365e-43,6.8955369727890365e-43,6.8955369727890365e-43,6.8955369727890365e-43,6.8955369727890365e-43,6.8955369727890365e-43,6.8955369727890365e-43,6.8955369727890365e-43,6.8955369727890365e-43,6.8955369727890365e-43,6.8955369727890365e-43,6.8955369727890365e-43,6.8955369727890365e-43,6.8955369727890365e-43,6.8955369727890365e-43,6.8955369727890365e-43,6.8955369727890365e-43,6.8955369727890365e-43,6.8955369727890365e-43,6.8955369727890365e-43,6.8955369727890365e-43,6.8955369727890365e-43,6.8955369727890365e-43,6.8955369727890365e-43,6.8955369727890365e-43,6.8955369727890365e-43,6.8955369727890365e-43,6.8955369727890365e-43,6.8955369727890365e-43,6.8955369727890365e-43,6.8955369727890365e-43,6.8955369727890365e-43,6.8955369727890365e-43,6.8955369727890365e-43,6.8955369727890365e-43,6.8955369727890365e-43,6.8955369727890365e-43,6.8955369727890365e-43,6.8955369727890365e-43,6.8955369727890365e-43,6.8955369727890365e-43,6.8955369727890365e-43,6.8955369727890365e-43,6.8955369727890365e-43,6.8955369727890365e-43,6.8955369727890365e-43,6.8955369727890365e-43,6.8955369727890365e-43,6.8955369727890365e-43,6.8955369727890365e-43,6.8955369727890365e-43,6.8955369727890365e-43,6.8955369727890365e-43,6.8955369727890365e-43,6.8955369727890365e-43,6.8955369727890365e-43,6.8955369727890365e-43,6.8955369727890365e-43,6.8955369727890365e-43,6.8955369727890365e-43,6.8955369727890365e-43,6.8955369727890365e-43,6.8955369727890365e-43,6.8955369727890365e-43,6.8955369727890365e-43,6.8955369727890365e-43,6.8955369727890365e-43,6.8955369727890365e-43,6.8955369727890365e-43,6.8955369727890365e-43,6.8955369727890365e-43,6.8955369727890365e-43,6.8955369727890365e-43,6.8955369727890365e-43,6.8955369727890365e-43,6.8955369727890365e-43,6.8955369727890365e-43,6.8955369727890365e-43,6.8955369727890365e-43,6.8955369727890365e-43,6.8955369727890365e-43,6.8955369727890365e-43,6.8955369727890365e-43,6.8955369727890365e-43,6.8955369727890365e-43,6.8955369727890365e-43,6.8955369727890365e-43,6.8955369727890365e-43,6.8955369727890365e-43,6.8955369727890365e-43,6.8955369727890365e-43,6.8955369727890365e-43,6.8955369727890365e-43,6.8955369727890365e-43,6.8955369727890365e-43,6.8955369727890365e-43,6.8955369727890365e-43,6.8955369727890365e-43,6.8955369727890365e-43,6.8955369727890365e-43,6.8955369727890365e-43,6.8955369727890365e-43,6.8955369727890365e-43,6.8955369727890365e-43,6.8955369727890365e-43,6.8955369727890365e-43,6.8955369727890365e-43,6.8955369727890365e-43,6.8955369727890365e-43,6.8955369727890365e-43,6.8955369727890365e-43,6.8955369727890365e-43,6.8955369727890365e-43,6.8955369727890365e-43,6.8955369727890365e-43,6.8955369727890365e-43,6.8955369727890365e-43,6.8955369727890365e-43,6.8955369727890365e-43,6.8955369727890365e-43,6.8955369727890365e-43,6.8955369727890365e-43,6.8955369727890365e-43,6.8955369727890365e-43,6.8955369727890365e-43,6.8955369727890365e-43,6.8955369727890365e-43,6.8955369727890365e-43,6.8955369727890365e-43,6.8955369727890365e-43,6.8955369727890365e-43,6.8955369727890365e-43,6.8955369727890365e-43,6.8955369727890365e-43,6.8955369727890365e-43,6.8955369727890365e-43,6.8955369727890365e-43,6.8955369727890365e-43,6.8955369727890365e-43,6.8955369727890365e-43,6.8955369727890365e-43,6.8955369727890365e-43,6.8955369727890365e-43,6.8955369727890365e-43,6.8955369727890365e-43,6.8955369727890365e-43,6.8955369727890365e-43,6.8955369727890365e-43,6.8955369727890365e-43,6.8955369727890365e-43,6.8955369727890365e-43,6.8955369727890365e-43,6.8955369727890365e-43,6.8955369727890365e-43,6.8955369727890365e-43,6.8955369727890365e-43,6.8955369727890365e-43,6.8955369727890365e-43,6.8955369727890365e-43,6.8955369727890365e-43,6.8955369727890365e-43,6.8955369727890365e-43,6.8955369727890365e-43,6.8955369727890365e-43,6.8955369727890365e-43,6.8955369727890365e-43,6.8955369727890365e-43,6.8955369727890365e-43,6.8955369727890365e-43,6.8955369727890365e-43,6.8955369727890365e-43,6.8955369727890365e-43,6.8955369727890365e-43,6.8955369727890365e-43,6.8955369727890365e-43,6.8955369727890365e-43,6.8955369727890365e-43,6.8955369727890365e-43,6.8955369727890365e-43,6.8955369727890365e-43,6.8955369727890365e-43,6.8955369727890365e-43,6.8955369727890365e-43,6.8955369727890365e-43,6.8955369727890365e-43,6.8955369727890365e-43,6.8955369727890365e-43,6.8955369727890365e-43,6.8955369727890365e-43,6.8955369727890365e-43,6.8955369727890365e-43,6.8955369727890365e-43,6.8955369727890365e-43,6.8955369727890365e-43,6.8955369727890365e-43,6.8955369727890365e-43,6.8955369727890365e-43,6.8955369727890365e-43,6.8955369727890365e-43,6.8955369727890365e-43,6.8955369727890365e-43,6.8955369727890365e-43,6.8955369727890365e-43,6.8955369727890365e-43,6.8955369727890365e-43,6.8955369727890365e-43,6.8955369727890365e-43,6.8955369727890365e-43,6.8955369727890365e-43,6.8955369727890365e-43,6.8955369727890365e-43,6.8955369727890365e-43,6.8955369727890365e-43,6.8955369727890365e-43,6.8955369727890365e-43,6.8955369727890365e-43,6.8955369727890365e-43,6.8955369727890365e-43,6.8955369727890365e-43,6.8955369727890365e-43,6.8955369727890365e-43,6.8955369727890365e-43,6.8955369727890365e-43,6.8955369727890365e-43,6.8955369727890365e-43,6.8955369727890365e-43,6.8955369727890365e-43,6.8955369727890365e-43,6.8955369727890365e-43,6.8955369727890365e-43,6.8955369727890365e-43,6.8955369727890365e-43,6.8955369727890365e-43,6.8955369727890365e-43,6.8955369727890365e-43,6.8955369727890365e-43,6.8955369727890365e-43,6.8955369727890365e-43,6.8955369727890365e-43,6.8955369727890365e-43,6.8955369727890365e-43,6.8955369727890365e-43,6.8955369727890365e-43,6.8955369727890365e-43,6.8955369727890365e-43,6.8955369727890365e-43,6.8955369727890365e-43,6.8955369727890365e-43,6.8955369727890365e-43,6.8955369727890365e-43,6.8955369727890365e-43,6.8955369727890365e-43,6.8955369727890365e-43,6.8955369727890365e-43,6.8955369727890365e-43,6.8955369727890365e-43,6.8955369727890365e-43,6.8955369727890365e-43,6.8955369727890365e-43,6.8955369727890365e-43,6.8955369727890365e-43,6.8955369727890365e-43,6.8955369727890365e-43,6.8955369727890365e-43,6.8955369727890365e-43,6.8955369727890365e-43,6.8955369727890365e-43,6.8955369727890365e-43,6.8955369727890365e-43,6.8955369727890365e-43,6.8955369727890365e-43,6.8955369727890365e-43,6.8955369727890365e-43,6.8955369727890365e-43,6.8955369727890365e-43,6.8955369727890365e-43,6.8955369727890365e-43,6.8955369727890365e-43,6.8955369727890365e-43,6.8955369727890365e-43,6.8955369727890365e-43,6.8955369727890365e-43,6.8955369727890365e-43,6.8955369727890365e-43,6.8955369727890365e-43,6.8955369727890365e-43,6.8955369727890365e-43,6.8955369727890365e-43,6.8955369727890365e-43,6.8955369727890365e-43,6.8955369727890365e-43,6.8955369727890365e-43,6.8955369727890365e-43,6.8955369727890365e-43,6.8955369727890365e-43,6.8955369727890365e-43,6.8955369727890365e-43,6.8955369727890365e-43,6.8955369727890365e-43,6.8955369727890365e-43,6.8955369727890365e-43,6.8955369727890365e-43,6.8955369727890365e-43,6.8955369727890365e-43,6.8955369727890365e-43,6.8955369727890365e-43,6.8955369727890365e-43,6.8955369727890365e-43,6.8955369727890365e-43,6.8955369727890365e-43,6.8955369727890365e-43,6.8955369727890365e-43,6.8955369727890365e-43,6.8955369727890365e-43,6.8955369727890365e-43,6.8955369727890365e-43,6.8955369727890365e-43,6.8955369727890365e-43,6.8955369727890365e-43,6.8955369727890365e-43,6.8955369727890365e-43,6.8955369727890365e-43,6.8955369727890365e-43,6.8955369727890365e-43,6.8955369727890365e-43,6.8955369727890365e-43,6.8955369727890365e-43,6.8955369727890365e-43,6.8955369727890365e-43,6.8955369727890365e-43,6.8955369727890365e-43,6.8955369727890365e-43,6.8955369727890365e-43,6.8955369727890365e-43,6.8955369727890365e-43,6.8955369727890365e-43,6.8955369727890365e-43,6.8955369727890365e-43,6.8955369727890365e-43,6.8955369727890365e-43,6.8955369727890365e-43,6.8955369727890365e-43,6.8955369727890365e-43,6.8955369727890365e-43,6.8955369727890365e-43,6.8955369727890365e-43,6.8955369727890365e-43,6.8955369727890365e-43,6.8955369727890365e-43,6.8955369727890365e-43,6.8955369727890365e-43,6.8955369727890365e-43,6.8955369727890365e-43,6.8955369727890365e-43,6.8955369727890365e-43,6.8955369727890365e-43,6.8955369727890365e-43,6.8955369727890365e-43,6.8955369727890365e-43,6.8955369727890365e-43,6.8955369727890365e-43,6.8955369727890365e-43,6.8955369727890365e-43,6.8955369727890365e-43,6.8955369727890365e-43,6.8955369727890365e-43,6.8955369727890365e-43,6.8955369727890365e-43,6.8955369727890365e-43,6.8955369727890365e-43,6.8955369727890365e-43,6.8955369727890365e-43,6.8955369727890365e-43,6.8955369727890365e-43,6.8955369727890365e-43,6.8955369727890365e-43,6.8955369727890365e-43,6.8955369727890365e-43,6.8955369727890365e-43,6.8955369727890365e-43,6.8955369727890365e-43,6.8955369727890365e-43,6.8955369727890365e-43,6.8955369727890365e-43,6.8955369727890365e-43,6.8955369727890365e-43,6.8955369727890365e-43,6.8955369727890365e-43,6.8955369727890365e-43,6.8955369727890365e-43,6.8955369727890365e-43,6.8955369727890365e-43,6.8955369727890365e-43,6.8955369727890365e-43,6.8955369727890365e-43,6.8955369727890365e-43,6.8955369727890365e-43,6.8955369727890365e-43,6.8955369727890365e-43,6.8955369727890365e-43,6.8955369727890365e-43,6.8955369727890365e-43,6.8955369727890365e-43,6.8955369727890365e-43,6.8955369727890365e-43,6.8955369727890365e-43,6.8955369727890365e-43,6.8955369727890365e-43,6.8955369727890365e-43,6.8955369727890365e-43,6.8955369727890365e-43,6.8955369727890365e-43,6.8955369727890365e-43,6.8955369727890365e-43,6.8955369727890365e-43,6.8955369727890365e-43,6.8955369727890365e-43,6.8955369727890365e-43,6.8955369727890365e-43,6.8955369727890365e-43,6.8955369727890365e-43,6.8955369727890365e-43,6.8955369727890365e-43,6.8955369727890365e-43,6.8955369727890365e-43,6.8955369727890365e-43,6.8955369727890365e-43,6.8955369727890365e-43,6.8955369727890365e-43,6.8955369727890365e-43,6.8955369727890365e-43,6.8955369727890365e-43,6.8955369727890365e-43,6.8955369727890365e-43,6.8955369727890365e-43,6.8955369727890365e-43,6.8955369727890365e-43,6.8955369727890365e-43,6.8955369727890365e-43,6.8955369727890365e-43,6.8955369727890365e-43,6.8955369727890365e-43,6.8955369727890365e-43,6.8955369727890365e-43,6.8955369727890365e-43,6.8955369727890365e-43,6.8955369727890365e-43,6.8955369727890365e-43,6.8955369727890365e-43,6.8955369727890365e-43,6.8955369727890365e-43,6.8955369727890365e-43,6.8955369727890365e-43,6.8955369727890365e-43,6.8955369727890365e-43,6.8955369727890365e-43,6.8955369727890365e-43,6.8955369727890365e-43,6.8955369727890365e-43,6.8955369727890365e-43,6.8955369727890365e-43,6.8955369727890365e-43,6.8955369727890365e-43,6.8955369727890365e-43,6.8955369727890365e-43,6.8955369727890365e-43,6.8955369727890365e-43,6.8955369727890365e-43,6.8955369727890365e-43,6.8955369727890365e-43,6.8955369727890365e-43,6.8955369727890365e-43,6.8955369727890365e-43,6.8955369727890365e-43,6.8955369727890365e-43,6.8955369727890365e-43,6.8955369727890365e-43,6.8955369727890365e-43,6.8955369727890365e-43,6.8955369727890365e-43,6.8955369727890365e-43,6.8955369727890365e-43,6.8955369727890365e-43,6.8955369727890365e-43,6.8955369727890365e-43,6.8955369727890365e-43,6.8955369727890365e-43,6.8955369727890365e-43,6.8955369727890365e-43,6.8955369727890365e-43,6.8955369727890365e-43,6.8955369727890365e-43,6.8955369727890365e-43,6.8955369727890365e-43,6.895370281779236e-43,6.895370281779236e-43,6.895370281779236e-43,6.895370281779236e-43,6.895370281779236e-43,6.895370281779236e-43,6.895370281779236e-43,6.895370281779236e-43,6.895459260885094e-43,6.895459260885094e-43,6.895459260885094e-43,6.895459260885094e-43,6.895459260885094e-43,6.895459260885094e-43,6.895459260885094e-43,6.895459260885094e-43,6.895459260885094e-43,6.895459260885094e-43,6.895459260885094e-43,6.895459260885094e-43,6.895459260885094e-43,6.895459260885094e-43,6.895459260885094e-43,6.895459260885094e-43,6.895459260885094e-43,6.895459260885094e-43,6.895459260885094e-43,6.895459260885094e-43,6.895538885956231e-43,6.895538885956231e-43,6.895538885956231e-43,6.895538885956231e-43,6.8955250008927565e-43,6.8955250008927565e-43,6.8955250008927565e-43,6.8955250008927565e-43,6.8955250008927565e-43,6.8955250008927565e-43,6.8955250008927565e-43,6.8955353278636855e-43,6.8955353278636855e-43,6.8952659415900224e-43,6.8952659415900224e-43,6.8952659415900224e-43,6.8952659415900224e-43,6.8952659415900224e-43,6.895193950006403e-43,6.895193950006403e-43,6.895193950006403e-43,6.895193950006403e-43,6.895117107592679e-43,6.895117107592679e-43,6.895182028646231e-43,6.8951740195530085e-43,6.895121176559452e-43,6.895091865475592e-43,6.8951114971835275e-43,6.8951114971835275e-43,6.895131466647635e-43,6.895131466647635e-43,6.895131466647635e-43,6.895131466647635e-43,6.895131466647635e-43,6.895131466647635e-43,6.895131466647635e-43,6.895273409440469e-43,6.895273409440469e-43,6.895273409440469e-43,6.895273409440469e-43,6.895292080776611e-43,6.895292080776611e-43,6.895292080776611e-43,6.895292080776611e-43,6.895372849835384e-43,6.895372849835384e-43,6.895372849835384e-43,6.895372849835384e-43,6.895372849835384e-43,6.8954036483224945e-43,6.89532382543703e-43,6.895314492206216e-43,6.895314492206216e-43,6.895314492206216e-43,6.8955163534222035e-43,6.895624350473917e-43,6.895624350473917e-43,6.895624350473917e-43,6.895624350473917e-43,6.895624350473917e-43,6.895608900064929e-43,6.895608900064929e-43,6.895608900064929e-43,6.895608900064929e-43,6.895608900064929e-43,6.895784086228921e-43,6.895917784333921e-43,6.896020273557549e-43,6.896015333288118e-43,6.8961035828567465e-43,6.896120967598132e-43,6.896149623507671e-43,6.896137199385074e-43,6.896137199385074e-43,6.896137199385074e-43,6.896137199385074e-43,6.896137199385074e-43,6.896137199385074e-43,6.8961190413225664e-43,6.8961190413225664e-43,6.8961190413225664e-43,6.8961190413225664e-43,6.8961190413225664e-43,6.8961190413225664e-43,6.8961190413225664e-43,6.8961190413225664e-43,6.895967044008516e-43,6.895967044008516e-43,6.895967044008516e-43,6.895967044008516e-43,6.895967044008516e-43,6.895962239888175e-43,6.895962239888175e-43,6.895995453317056e-43,6.895995453317056e-43,6.895957868063278e-43,6.895945223758613e-43,6.895784920388171e-43,6.895784920388171e-43,6.895784920388171e-43,6.895784920388171e-43,6.895784920388171e-43,6.895755077747372e-43,6.895819316840981e-43,6.896006209058327e-43,6.8960384179481225e-43,6.8960384179481225e-43,6.896002577533445e-43,6.89613349991039e-43,6.89619319771887e-43,6.895954523410208e-43,6.895954523410208e-43,6.895954523410208e-43,6.895954523410208e-43,6.895954523410208e-43,6.895954523410208e-43,6.895867135823033e-43,6.8958971359815095e-43,6.8958971359815095e-43,6.8958971359815095e-43,6.8958765261824066e-43,6.8957952612817145e-43,6.895794820005446e-43,6.895794820005446e-43,6.895794820005446e-43,6.895794820005446e-43,6.895825871816281e-43,6.895825871816281e-43,6.895903180546489e-43,6.8959806470729364e-43,6.895964868424823e-43,6.895964868424823e-43,6.895964868424823e-43,6.895974251742749e-43,6.895912344548948e-43,6.895912344548948e-43,6.896061517844788e-43,6.896260918395445e-43,6.896260918395445e-43,6.896156503888888e-43,6.896156503888888e-43,6.896156503888888e-43,6.896183377745112e-43,6.896175119885696e-43,6.896251793411534e-43,6.896318265770092e-43,6.8962968925471294e-43,6.8963216329135615e-43,6.89631150095211e-43,6.89625713885505e-43,6.89625713885505e-43,6.89625713885505e-43,6.896162261031632e-43,6.896162261031632e-43,6.895924975777181e-43,6.895924975777181e-43,6.895924975777181e-43,6.89589721826668e-43,6.89595810004998e-43,6.89595810004998e-43,6.8958271257193096e-43,6.8958271257193096e-43,6.8958271257193096e-43,6.895656207302703e-43,6.895571557114114e-43,6.895574128185465e-43,6.895582070056218e-43,6.8955097802801135e-43,6.895450280585922e-43,6.895450280585922e-43,6.895370479234683e-43,6.8954054858537105e-43,6.8954054858537105e-43,6.895603936824808e-43,6.895603936824808e-43,6.895603936824808e-43,6.895603936824808e-43,6.895561710680573e-43,6.895537478094347e-43,6.895555458733334e-43,6.895610476849223e-43,6.895484432278787e-43,6.895484432278787e-43,6.895484432278787e-43,6.895429167355027e-43,6.895429167355027e-43,6.895429167355027e-43,6.895429167355027e-43,6.895429167355027e-43,6.895429167355027e-43,6.895429167355027e-43,6.895429167355027e-43,6.895429167355027e-43,6.895429167355027e-43,6.895429167355027e-43,6.895429167355027e-43,6.895406488151679e-43,6.895406488151679e-43,6.895406488151679e-43,6.895406488151679e-43,6.895406488151679e-43,6.895406488151679e-43,6.895406488151679e-43,6.8954739715793355e-43,6.8954739715793355e-43,6.8954836959803574e-43,6.895325750405327e-43,6.89527311872467e-43,6.89527311872467e-43,6.895465831978328e-43,6.895465831978328e-43,6.89541891489821e-43,6.895496202639116e-43,6.895496202639116e-43,6.895496202639116e-43,6.895496202639116e-43,6.895496202639116e-43,6.895496202639116e-43,6.895496202639116e-43,6.895496202639116e-43,6.895496202639116e-43,6.895496202639116e-43,6.895496202639116e-43,6.895496202639116e-43,6.895496202639116e-43,6.895496202639116e-43,6.895496202639116e-43,6.895496202639116e-43,6.895496202639116e-43,6.895496202639116e-43,6.895496202639116e-43,6.895496202639116e-43,6.895496202639116e-43,6.895496202639116e-43,6.895350344084985e-43,6.8953058516108514e-43,6.8953058516108514e-43,6.8953058516108514e-43,6.8953058516108514e-43,6.8953058516108514e-43,6.8953058516108514e-43,6.8953058516108514e-43,6.8953058516108514e-43,6.8953058516108514e-43,6.895227352873091e-43,6.895227352873091e-43,6.895227352873091e-43,6.895227566399321e-43,6.895227566399321e-43,6.895227566399321e-43,6.895227566399321e-43,6.8951975558812876e-43,6.895276394169002e-43,6.895207059954753e-43,6.895241445227541e-43,6.89519554343982e-43,6.89519554343982e-43,6.89519554343982e-43,6.895208998513501e-43,6.895208998513501e-43,6.895208998513501e-43,6.895208998513501e-43,6.895180901770639e-43,6.895136020271148e-43,6.895129657442901e-43,6.8951402533946906e-43,6.895093096186417e-43,6.894988316878689e-43,6.894988316878689e-43,6.894988316878689e-43,6.894988316878689e-43,6.894988316878689e-43,6.894988316878689e-43,6.894988316878689e-43,6.894988316878689e-43,6.894988316878689e-43,6.894988316878689e-43,6.894988316878689e-43,6.894988316878689e-43,6.894988316878689e-43,6.894988316878689e-43,6.894988316878689e-43,6.894976935985036e-43,6.894976935985036e-43,6.894976935985036e-43,6.894976935985036e-43,6.894976935985036e-43,6.894976935985036e-43,6.894976935985036e-43,6.894976935985036e-43,6.894976935985036e-43,6.894976935985036e-43,6.894976935985036e-43,6.894976935985036e-43,6.894976935985036e-43,6.894976935985036e-43,6.894976935985036e-43,6.894976935985036e-43,6.894976935985036e-43,6.894976935985036e-43,6.894976935985036e-43,6.894976935985036e-43,6.894976935985036e-43,6.894976935985036e-43,6.894976935985036e-43,6.894976935985036e-43,6.894976935985036e-43,6.894976935985036e-43,6.894976935985036e-43,6.894976935985036e-43,6.894976935985036e-43,6.894976935985036e-43,6.894976935985036e-43,6.894976935985036e-43,6.894976935985036e-43,6.894978185671153e-43,6.894978185671153e-43,6.894978185671153e-43,6.894978185671153e-43,6.894978185671153e-43,6.894978185671153e-43,6.894978185671153e-43,6.894978185671153e-43,6.894978185671153e-43,6.89483652729737e-43,6.89483652729737e-43,6.89483652729737e-43,6.89483652729737e-43,6.89483652729737e-43,6.89483652729737e-43,6.89483652729737e-43,6.89483652729737e-43,6.89483652729737e-43,6.89483652729737e-43,6.89483652729737e-43,6.89483652729737e-43,6.89483652729737e-43,6.89483652729737e-43,6.89483652729737e-43,6.89483652729737e-43,6.89483652729737e-43,6.89483652729737e-43,6.89483652729737e-43,6.89483652729737e-43,6.89483652729737e-43,6.89483652729737e-43,6.89483652729737e-43,6.89483652729737e-43,6.89483652729737e-43,6.894836527297379e-43,6.8948365272973745e-43,-1.330676099859384e-32,2.6343876289558157e-54,2.634387628955816e-54,2.634387628955816e-54,-8.908216964831341e-37,1.714045988974004e-55,1.714045988974004e-55,-2.5614715558518903e-39,-2.408977435044647e-36,4.105755924883689e-34,4.105755924883691e-34,4.105755924883688e-34,4.105755924883689e-34,4.10575592488369e-34,4.105755924883688e-34,4.105755924883688e-34,4.105755924883688e-34,4.105755924883691e-34,4.1057559248836875e-34,4.1057559248836875e-34,4.105755899267742e-34,4.1057558992677395e-34,4.105755899267759e-34,4.147426270335208e-33,4.147426270335208e-33,4.147417119985984e-33,4.1474171199859844e-33,4.1482594415619836e-33,4.148259441561983e-33,4.1482594415619815e-33,4.182042163350687e-33,4.182232675352591e-33,8.492410275871736e-31,8.492410275871752e-31,8.492410150884297e-31,8.492410150884344e-31,8.492410150884342e-31,8.492409938872523e-31,8.492409263407542e-31,2.3615984006876155e-28,2.3616020245686397e-28,2.3616062492764076e-28,2.3616062487656018e-28,2.361606323134035e-28,2.361606323134037e-28,2.36160632313396e-28,2.361606323133862e-28,2.3615699366458905e-28,2.3606591192468653e-28,2.3619684019711992e-28,2.3619634664200313e-28,2.3620592153169763e-28,2.362059202690503e-28,2.3620592026905036e-28,2.3620594101723397e-28,2.3612591389938996e-28,2.3612591390527272e-28,2.3612589680624336e-28,2.361231439637688e-28,2.3612314396377045e-28,2.3628011752519855e-28,2.362801778234576e-28,2.1097056795227225e-28,2.1097660378297274e-28,2.1060864282850613e-28,2.1167619546141494e-28,2.116761954680501e-28,-1.0726722531345747e-27,-7.848655845757754e-45,-8.771070467890569e-30,1.1236323610171553e-33,1.1236323610150895e-33,-1.0281506473757438e-32,1.689039589254145e-32,5.738011743930267e-28,5.738011751882736e-28,5.73801897515687e-28,5.762095880783293e-28,6.518822711685679e-28,6.518642057020484e-28,-7.320666261950236e-29,-9.581686636979647e-34,3.4303813717910156e-31,-4.836605561022953e-29,-1.1291811020444517e-30,3.9881916179359433e-32,3.9881916179360227e-32,-8.234314830066924e-31,-4.959610467519396e-33,5.218082819776494e-30,5.4805529850961346e-30,5.4799224563344514e-30,5.879382838025276e-30,5.428650260874588e-30,5.5084566506472365e-30,6.1469855858323614e-27,6.146985585832305e-27,6.146985585832275e-27,6.1469855858322266e-27,6.146985585828352e-27,6.1469855723993875e-27,6.146985545495312e-27,6.1469855458225085e-27,6.1469854772212365e-27,6.146985477222095e-27,6.146985477224637e-27,6.146985477096504e-27,6.146985477097761e-27,6.146985477084037e-27,6.14698547708094e-27,6.146985477029044e-27,6.146985477052056e-27,6.146985477065359e-27,6.146985477076392e-27,6.14698547709479e-27,6.14698547709478e-27,6.146985477094777e-27,6.1469854770745414e-27,6.146985477074542e-27,6.146985477074427e-27,6.146985477074427e-27,6.1469854770744166e-27,6.1469854770743865e-27,6.146985477074386e-27,6.146985477074385e-27,6.146985477074384e-27,6.146985477074387e-27,6.146985477074387e-27,6.14698547707439e-27,6.146985477074388e-27,6.1469854770743865e-27,6.146985477074357e-27,6.146985477070885e-27,6.1469854770706664e-27,6.146985477070667e-27,6.146985477070663e-27,6.14698547707067e-27,6.146985477070688e-27,6.146985477070689e-27,6.146985477070678e-27,6.1469854770706894e-27,6.1469854770706894e-27,6.146985477070688e-27,6.146985477070626e-27,6.1469854770706284e-27,6.146985477070615e-27,6.14698547707062e-27,6.146985477070645e-27,6.1469854770706456e-27,6.146985477070645e-27,6.146985477070643e-27,6.146985477070645e-27,6.1469854770707525e-27,6.1469854770540736e-27,6.146985477054073e-27,6.146985477054072e-27,6.146985477054029e-27,6.14698547705403e-27,6.146985477053989e-27,6.146985477053331e-27,6.146985477053331e-27,6.1469854770533296e-27,6.1469854770533274e-27,6.146985477053317e-27,6.146985477053317e-27,6.146985477054338e-27,6.14698547705435e-27,6.1469854770543355e-27,6.1469854770543455e-27,6.146985477054343e-27,6.146985477054343e-27,6.146985477054334e-27,6.146985477054335e-27,6.146985477054334e-27,6.146985477054329e-27,6.14698547705536e-27,6.146985477055363e-27,6.146985477055344e-27,6.146985477055344e-27,6.1469854770551e-27,6.146985477055102e-27,6.1469854770551046e-27,6.1469854770551025e-27,6.146985477055102e-27,6.146985477055104e-27,6.146985477055103e-27,6.1469854770549396e-27,6.146985477054939e-27,6.146985477054934e-27,6.146985477054966e-27,6.146985477055042e-27,6.14698547705504e-27,6.146985477055051e-27,6.146985477055064e-27,6.146985477055068e-27,6.146985477055364e-27,6.1469854770553765e-27,6.1469854770553206e-27,6.1469854770553356e-27,6.146985477055335e-27,6.146985477055347e-27,6.1469854770553414e-27,6.1469854770553435e-27,6.1469854770553414e-27,6.1469854770554935e-27,6.146985477055488e-27,6.146985477055405e-27,6.146985477055404e-27,6.146985477055403e-27,6.146985477055424e-27,6.146985477055372e-27,6.1469854770553435e-27,6.1469854770553435e-27,6.146985477055134e-27,6.14698547705513e-27,6.146985477055101e-27,6.146985477055141e-27,6.1469854770551426e-27,6.146985477055145e-27,6.146985477055114e-27,6.1469854770550544e-27,6.146985477054968e-27,6.146985477054987e-27,6.14698547705498e-27,6.1469854770549776e-27,6.146985477055092e-27,6.1469854770550895e-27,6.146985477055083e-27,6.146985477054885e-27,6.14698547705489e-27,6.146985477054884e-27,6.14698547705488e-27,6.146985477054902e-27,6.146985477054916e-27,6.146985477055796e-27,6.1469854770558515e-27,6.14698547705584e-27,6.146985477055837e-27,6.146985477055845e-27,6.146985477055845e-27,6.14698547705585e-27,6.1469854770558515e-27,6.146985477055852e-27,6.1469854770558716e-27,6.146985477055877e-27,6.146985477055485e-27,6.14698547705543e-27,6.146985477055434e-27,6.146985477055986e-27,6.146985477055992e-27,6.1469854771684145e-27,6.1469854771684016e-27,6.1469854771675385e-27,6.1469854771679726e-27,6.1469854771679726e-27,6.1469854771679934e-27,6.146985477167977e-27,6.146985477167981e-27,6.146985477167982e-27,6.146985477168099e-27,6.146985477168096e-27,6.146985477168166e-27,6.1469854771681656e-27,6.146985477177015e-27,6.1469854771770055e-27,6.1469854771769696e-27,6.14698547717684e-27,6.146985477177101e-27,6.146985477177064e-27,6.146985477177085e-27,6.1469854771770844e-27,6.1469854771768935e-27,6.14698547717688e-27,6.1469854771768864e-27,6.14698547717688e-27,6.146985477176866e-27,6.146985477176912e-27,6.146985477176938e-27,6.146985477176952e-27,6.1469854771768505e-27,6.1469854771766345e-27,6.1469854771762e-27,6.146985477176183e-27,6.146985477176045e-27,6.146985477176045e-27,6.146985477176406e-27,6.14698547717642e-27,6.14698547717642e-27,6.146985477176421e-27,6.146985477176092e-27,6.146985477176215e-27,6.1469854771761366e-27,6.146985477176133e-27,6.146985477176512e-27,6.146985477176075e-27,6.146985477176075e-27,6.146985477176662e-27,6.1469854771766654e-27,6.1469854771766396e-27,6.146985477176987e-27,6.146985477176691e-27,6.1469854771810505e-27,6.146985477181051e-27,6.146985477181077e-27,6.146985477181077e-27,6.146985477181072e-27,6.146985477181013e-27,6.146985477182051e-27,6.1469854771826634e-27,6.1469854771826634e-27,6.146985477182989e-27,6.1469854771829855e-27,6.146985477182995e-27,6.146985477182973e-27,6.146985477182941e-27,6.146985477182908e-27,6.1469854771831534e-27,6.146985477183178e-27,6.1469854771831305e-27,6.146985477183344e-27,6.146985477182689e-27,6.146985477182659e-27,6.146985477181538e-27,6.1469854771806775e-27,6.146985477180678e-27,6.1469854771806696e-27,6.14698547718047e-27,6.146985477180475e-27,6.146985520664278e-27,6.146985520664314e-27,6.146985520664265e-27,6.1469855206641356e-27,6.1469855206641585e-27,6.1469855206442726e-27,6.146985520644264e-27,6.146985520644265e-27,6.146985520644265e-27,6.1469855206442496e-27,6.1469855206442496e-27,6.1469855206442475e-27,6.146985520644241e-27,6.146985520644241e-27,6.146985520644266e-27,6.146985520644273e-27,6.1469855206439325e-27,6.146985520643915e-27,6.146985520643779e-27,6.146985520643779e-27,6.146985520643775e-27,6.146985520643775e-27,6.146985520643792e-27,6.1469855206437926e-27,6.146985520643788e-27,6.1469855206438084e-27,6.146985520643794e-27,6.146985520643793e-27,6.1469855206481756e-27,6.146985520648067e-27,6.146985520648392e-27,6.146985520648397e-27,6.14698552064841e-27,6.146985520648367e-27,6.146985520648322e-27,6.146985520648318e-27,6.146985520648312e-27,6.146985520648312e-27,6.146985520648333e-27,6.146985520648337e-27,6.14698552064834e-27,6.146985520648354e-27,6.146985520648667e-27,6.1469855206486634e-27,6.14698552064867e-27,6.1469855206486706e-27,6.146985520648666e-27,6.146985520648618e-27,6.146985520648611e-27,6.146985520648594e-27,6.146985520648545e-27,6.146985520648547e-27,6.146985520648475e-27,6.1469855206484726e-27,6.1469855206484805e-27,6.1469855206484834e-27,6.146985520648418e-27,6.146985520648397e-27,6.146985520648402e-27,6.146985520648449e-27,6.1469855206484525e-27,6.146985520648436e-27,6.146985520648434e-27,6.1469855206484346e-27,6.1469855206484374e-27,6.146985520648441e-27,6.1469855206484374e-27,6.146985520648413e-27,6.1469855206483765e-27,6.146985520648364e-27,6.146985520648365e-27,6.1469855206483614e-27,6.146985520648151e-27,6.146985520648144e-27,6.146985520648144e-27,6.146985520648104e-27,6.146985520648142e-27,6.1469855206481404e-27,6.146985520648036e-27,6.146985520647899e-27,6.1469855206478886e-27,6.1469855206474545e-27,6.1469855206474646e-27,6.146985520647467e-27,6.146985520647471e-27,6.1469855206472335e-27,6.146985520647262e-27,6.146985520647294e-27,6.1469855206472945e-27,6.146985520647293e-27,6.14698552064729e-27,6.146985520647295e-27,6.146985520647271e-27,6.14698552064728e-27,6.146985520647283e-27,6.146985520647275e-27,6.146985520655499e-27,6.146985520655497e-27,6.1469855206556214e-27,6.14698552065555e-27,6.146985520655652e-27,6.1469855206556465e-27,6.146985520655658e-27,6.146985520655657e-27,6.146985520655683e-27,6.146985520655702e-27,6.146985520655375e-27,6.146985520655396e-27,6.146985520655409e-27,6.146985520655408e-27,6.146985520655422e-27,6.1469855206554055e-27,6.146985520655407e-27,6.1469855206553825e-27,6.1469855206553825e-27,6.146985520655418e-27,6.146985520655636e-27,6.146985520655204e-27,6.146985520655154e-27,6.1469855206551515e-27,6.146985520655149e-27,6.146985520655138e-27,6.14698552065514e-27,6.146985520655148e-27,6.146985520655196e-27,6.146985520655199e-27,6.1469855206551536e-27,6.1469855206551084e-27,6.146985520655251e-27,6.1469855206553014e-27,6.146985520655306e-27,6.146985520655315e-27,6.146985520655315e-27,6.1469855206548796e-27,6.146985520654857e-27,6.146985520654866e-27,6.146985520654926e-27,6.146985520654925e-27,6.146985520654925e-27,6.146985520654924e-27,6.146985520655068e-27,6.146985520655391e-27,6.146985520655321e-27,6.146985520655334e-27,6.146985520655349e-27,6.146985520655348e-27,6.146985520655694e-27,6.146985520656414e-27,6.146985520656414e-27,6.1469855206535056e-27,6.1469855206535056e-27,6.146985520653505e-27,6.146985520653496e-27,6.146985520652401e-27,6.146985520631068e-27,6.1469855206310676e-27,6.146985520631067e-27,6.1469855206310655e-27,6.1469855206309894e-27,6.14698552063133e-27,6.1469855206313345e-27,6.14698552063127e-27,6.1469855206312915e-27,6.146985520631293e-27,6.146985520633256e-27,6.146985520633219e-27,6.146985520633222e-27,6.146985520633224e-27,6.1469855206332265e-27,6.146985520633102e-27,6.146985520633102e-27,6.146985520633125e-27,6.1469855206331146e-27,6.146985520633114e-27,6.1469855206331196e-27,6.146985520633107e-27,6.146985520633115e-27,6.146985520633126e-27,6.1469855206331275e-27,6.146985520633128e-27,6.146985520633078e-27,6.146985520633017e-27,6.146985520647114e-27,6.14698552064706e-27,6.146985520647143e-27,6.1469855206471496e-27,6.1469855206471575e-27,6.1469855206471094e-27,6.1469855206471116e-27,6.146985520647109e-27,6.146985520647105e-27,6.146985520647106e-27,6.146985520647109e-27,6.1469855206471044e-27,6.146985520647076e-27,6.146985520647038e-27,6.14698552064705e-27,6.146985520647045e-27,6.146985520647099e-27,6.146985520647108e-27,6.146985520647077e-27,6.146985520647077e-27,6.146985520647077e-27,6.146985520646952e-27,6.146985520646954e-27,6.14698552064694e-27,6.146985520646933e-27,6.146985520646909e-27,6.1469855206469085e-27,6.146985520646996e-27,6.146985520646996e-27,6.1469855206469595e-27,6.146985520647131e-27,6.146985520647089e-27,6.146985520647081e-27,6.146985520647086e-27,6.146985520647084e-27,6.146985520647014e-27,6.146985520647013e-27,6.1469855206479044e-27,6.146985520647863e-27,6.146985520647861e-27,6.146985520647858e-27,6.146985520647852e-27,6.146985520647888e-27,6.146985520647888e-27,6.1469855206478965e-27,6.146985520647897e-27,6.1469855206478915e-27,6.1469855206479194e-27,6.1469855206479144e-27,6.146985520647937e-27,6.1469855206479524e-27,6.146985520647989e-27,6.1469855206479854e-27,6.146985520647994e-27,6.1469855206479905e-27,6.1469855206480005e-27,6.146985520648042e-27,6.146985520648036e-27,6.146985520648034e-27,6.146985520648028e-27,6.1469855206480106e-27,6.146985520646612e-27,6.1469855206466165e-27,6.1469855206466194e-27,6.14698552064611e-27,6.146985520646034e-27,6.146985520646035e-27,6.14698552064603e-27,6.146985520646021e-27,6.146985520646023e-27,6.146985520645899e-27,6.146985520645908e-27,6.146985520645977e-27,6.146985520646077e-27,6.1469855206460834e-27,6.146985520646102e-27,6.146985520646223e-27,6.14698552064623e-27,6.1469855206462305e-27,6.1469855206462284e-27,6.146985520646195e-27,6.1469855206462406e-27,6.146985520646206e-27,6.146985520646206e-27,6.146985520646068e-27,6.146985520645911e-27,6.146985520645936e-27,6.1469855206461265e-27,6.1469855206461215e-27,6.146985520646134e-27,6.146985520646124e-27,6.146985520646114e-27,6.14698552064598e-27,6.14698552064598e-27,6.146985520646219e-27,6.14698552064579e-27,6.1469855206458115e-27,6.1469855206457635e-27,6.1469855206346105e-27,6.146985520634644e-27,6.1469855206346435e-27,6.146985520634625e-27,6.146985520634633e-27,6.1469855206346406e-27,6.146985520634707e-27,6.14698552063473e-27,6.1469855206347375e-27,6.146985520634738e-27,6.146985520634843e-27,6.1469855206348415e-27,6.146985520634765e-27,6.1469855206366495e-27,6.146985520636648e-27,6.146985520636645e-27,6.146985520636643e-27,6.14698552063664e-27,6.146985520636641e-27,6.14698552063664e-27,6.1469855206368346e-27,6.1469855206368726e-27,6.1469855206368604e-27,6.14698552063685e-27,6.146985520636827e-27,6.146985520636832e-27,6.146985520637032e-27,6.146985520619607e-27,6.146985520619755e-27,6.146985520619776e-27,6.146985520619779e-27,6.146985520619754e-27,6.1469855206197496e-27,6.14698552061976e-27,6.1469855206197604e-27,6.14698552061977e-27,6.14698552061977e-27,6.146985520619756e-27,6.146985520619745e-27,6.146985520619712e-27,6.146985520619706e-27,6.1469855206197094e-27,6.146985520619709e-27,6.146985520619719e-27,6.1469855206197094e-27,6.1469855206194095e-27,6.1469855206194e-27,6.146985520619402e-27,6.146985520619404e-27,6.146985520619397e-27,6.146985520619443e-27,6.146985520619462e-27,6.1469855206194684e-27,6.1469855206193794e-27,6.14698552061939e-27,6.146985520619026e-27,6.146985520619071e-27,6.146985520619004e-27,6.146985520619019e-27,6.146985520619014e-27,6.146985520619247e-27,6.146985520619227e-27,6.1469855206192266e-27,6.146985520619226e-27,6.1469855206192395e-27,6.146985520619248e-27,6.146985520619393e-27,6.146985520619399e-27,6.146985520619195e-27,6.146985520619163e-27,6.1469855206194684e-27,6.1469855206192524e-27,6.146985520619586e-27,6.1469855206194956e-27,6.146985520619444e-27,6.1469855206194626e-27,6.1469855206194684e-27,6.146985520619363e-27,6.146985520619356e-27,6.146985520619355e-27,6.146985520619347e-27,6.1469855206197396e-27,6.146985520619738e-27,6.14698552061975e-27,6.1469855206197374e-27,6.1469855206192015e-27,6.146985520619211e-27,6.1469855206192955e-27,6.146985520619303e-27,6.1469855206193055e-27,6.146985520618861e-27,6.1469855206188786e-27,6.1469855206188915e-27,6.146985520618723e-27,6.146985520618884e-27,6.1469855206192596e-27,6.1469855206192424e-27,6.146985520619244e-27,6.146985520619218e-27,6.146985520619221e-27,6.1469855206192144e-27,6.1469855206192295e-27,6.146985520619259e-27,6.146985520619233e-27,6.146985520619223e-27,6.146985520619231e-27,6.1469855206189e-27,6.146985520619099e-27,6.1469855206190845e-27,6.1469855206191685e-27,6.146985520619178e-27,6.146985520619888e-27,6.1469855206198264e-27,6.1469855206198156e-27,6.146985520619793e-27,6.146985520619825e-27,6.1469855206199354e-27,6.1469855206199225e-27,6.146985520619914e-27,6.1469855206198924e-27,6.1469855206200316e-27,6.146985520620143e-27,6.1469855206201284e-27,6.146985520620142e-27,6.146985520620141e-27,6.1469855206200954e-27,6.1469855206200904e-27,6.146985520620062e-27,6.1469855206203846e-27,6.1469855206203214e-27,6.1469855206203186e-27,6.1469855206203135e-27,6.1469855206203186e-27,6.146985520622566e-27,6.1469855206225886e-27,6.146985520622605e-27,6.146985520620165e-27,6.1469855206201105e-27,6.1469855206201155e-27,6.14698552062001e-27,6.1469855206199936e-27,6.146985520619999e-27,6.146985520620022e-27,6.146985520620179e-27,6.1469855206202906e-27,6.146985520620352e-27,6.146985520620777e-27,6.146985532452061e-27,6.146985532452047e-27,6.1469855324515795e-27,6.1469855324515824e-27,6.14698553245251e-27,6.146985532452533e-27,6.146985532452551e-27,6.146985532452614e-27,6.146985532452612e-27,6.1469855324529004e-27,6.146985532452919e-27,6.146985532452955e-27,6.1469855324582756e-27,6.146985532457961e-27,6.1469855324589816e-27,6.1469855324590404e-27,6.146985532458493e-27,6.146985532458561e-27,6.146985532458586e-27,6.146985532458567e-27,6.146985508628548e-27,6.146985508628545e-27,6.1469855086285256e-27,6.146985508628284e-27,6.146985508628289e-27,6.146985508628285e-27,6.146985508628353e-27,6.1469855086283606e-27,6.146985508628079e-27,6.1469855086284316e-27,6.1469855086284316e-27,6.1469855086286224e-27,6.14698550862727e-27,6.14698550862727e-27,6.1469855086273525e-27,6.146985508627318e-27,6.146985508627076e-27,6.1469855086270784e-27,6.1469855086270526e-27,6.146985508626929e-27,6.146985508627079e-27,6.1469855086270806e-27,6.146985508621269e-27,6.1469855086213086e-27,6.146985508612746e-27,6.146985508612752e-27,6.14698550861276e-27,6.14698550861277e-27,6.146985508612769e-27,6.1469855086128124e-27,6.1469855086128045e-27,6.146985508612795e-27,6.146985508611729e-27,6.1469855086117426e-27,6.146985508611854e-27,6.146985508611854e-27,6.14698550860878e-27,6.146985508608783e-27,6.146985508608718e-27,6.146985508608415e-27,6.1469855086085635e-27,6.1469855086085564e-27,6.146985508608719e-27,6.146985508608751e-27,6.146985508607997e-27,6.146985508608006e-27,6.1469855086080176e-27,6.146985508608673e-27,6.1469855086085406e-27,6.146985508608261e-27,6.14698550860826e-27,6.1469855086082364e-27,6.146985508608236e-27,6.146985508608182e-27,6.146985508608226e-27,6.146985508609215e-27,6.14698550860924e-27,6.146985508609257e-27,6.146985508609198e-27,6.146985508609241e-27,6.146985508609628e-27,6.146985508609659e-27,6.146985508609634e-27,6.146985508608661e-27,6.146985508609158e-27,6.146985508609146e-27,6.146985508609204e-27,6.1469855086098284e-27,6.146985508608906e-27,6.1469855086089144e-27,6.1469855086089115e-27,6.1469855086088534e-27,6.14698550860885e-27,6.1469855086088484e-27,6.1469855086088534e-27,6.1469855086088534e-27,6.146985508607724e-27,6.146985508607423e-27,6.1469855086066056e-27,6.1469855086116386e-27,6.146985508611566e-27,6.146985508611566e-27,6.146985508611572e-27,6.1469855086115755e-27,6.146985508611585e-27,6.1469855086108006e-27,6.146985508610815e-27,6.146985508610726e-27,6.1469855086107095e-27,6.1469855086102245e-27,6.146985508610213e-27,6.146985508610266e-27,6.1469855086103e-27,6.146985508610288e-27,6.146985508623406e-27,6.146985508621398e-27,6.146985508621583e-27,6.146985508621415e-27,6.146985508621973e-27,6.1469855086219285e-27,6.14698550862193e-27,6.14698550862188e-27,6.146985508621623e-27,6.146985508621669e-27,6.146985508621672e-27,6.146985508621669e-27,6.146985508620585e-27,6.146985508620589e-27,6.1469855086206155e-27,6.146985508620058e-27,6.146985508620881e-27,6.146985508624834e-27,6.146985508624842e-27,6.1469855086246864e-27,6.146985508624698e-27,6.1469855086246505e-27,6.146985508624656e-27,6.1469855086244504e-27,6.146985508624378e-27,6.146985508624399e-27,6.146985508624396e-27,6.14698550862439e-27,6.146985508624303e-27,6.146985508632587e-27,6.146985508628966e-27,6.146985508628837e-27,6.146985508628479e-27,6.146985508628822e-27,6.1469855086288126e-27,6.146985508628827e-27,6.146985508628821e-27,6.1469855086284165e-27,6.146985508628417e-27,6.146985508628539e-27,6.146985508628015e-27,6.146985508627994e-27,6.146985508627969e-27,6.146985508627972e-27,6.1469855086277285e-27,6.146985508627712e-27,6.146985508627712e-27,6.146985508627649e-27,6.1469855086276194e-27,6.146985508628019e-27,6.14698550862817e-27,6.1469855086281755e-27,6.1469855086281346e-27,6.146985508628128e-27,6.146985508628287e-27,6.146985508628271e-27,6.146985508628246e-27,6.146985508628349e-27,6.146985508628506e-27,6.146985508628483e-27,6.146985508628484e-27,6.146985508626861e-27,6.146985508626809e-27,6.146985508626813e-27,6.14698550862682e-27,6.1469855086270856e-27,6.146985508627112e-27,6.146985508626929e-27,6.146985508627005e-27,6.1469855086270354e-27,6.146985508627037e-27,6.1469855086269945e-27,6.146985508626816e-27,6.146985508626819e-27,6.146985508626778e-27,6.1469855086253895e-27,6.146985508625289e-27,6.1469855086268854e-27,6.146985508626923e-27,6.14698550862694e-27,6.146985508626912e-27,6.146985508626918e-27,6.146985508627e-27,6.146985508513101e-27,6.146985508513096e-27,6.1469855085129355e-27,6.146985508512934e-27,6.146985508512818e-27,6.1469855085134306e-27,6.1469855085134256e-27,6.146985508513361e-27,6.1469855085134406e-27,6.1469855085132046e-27,6.1469855085118436e-27,6.1469855085157344e-27,6.1469855085157035e-27,6.1469855085154546e-27,6.146985508515411e-27,6.1469855085152185e-27,6.14698550851628e-27,6.146985508516045e-27,6.1469855085196094e-27,6.1469855085196395e-27,6.146985508519232e-27,6.146985508518902e-27,6.1469855085183696e-27,6.146985508518417e-27,6.1469855085180094e-27,6.1469855085181666e-27,6.1469855085181666e-27,6.1469855085182276e-27,6.146985508518277e-27,6.146985508512668e-27,6.146985508512953e-27,6.146985508512958e-27,6.146985508512837e-27,6.146985508512749e-27,6.1469855085127275e-27,6.1469855085126084e-27,6.146985508512528e-27,6.1469855085125424e-27,6.1469855085126234e-27,6.146985508512112e-27,6.146985508511138e-27,6.146985508511068e-27,6.146985508511796e-27,6.146985508511804e-27,6.14698550851633e-27,6.146985508517472e-27,6.146985508512376e-27,6.1469855085123264e-27,6.146985508517861e-27,6.1469855085194515e-27,6.1469855085191954e-27,6.146985508702327e-27,6.146985508711166e-27,6.146985508710853e-27,6.146985508707313e-27,6.146985508672823e-27,6.1469855086730256e-27,6.1469855086691104e-27,6.14698550866906e-27,6.146985508668998e-27,6.146985508668976e-27,6.1469855086692596e-27,6.146985508669086e-27,6.146985508666884e-27,6.146985508665954e-27,6.146985508665944e-27,6.146985508666012e-27,6.146985508666023e-27,6.1469855086659815e-27,6.1469855086659284e-27,6.146985508595431e-27,6.146985508594944e-27,6.146985508573095e-27,6.1469855085722885e-27,6.146985508572227e-27,6.146985508572223e-27,6.146985508572159e-27,6.1469855085721716e-27,6.146985508572187e-27,6.1469855085721034e-27,6.146985508572044e-27,6.146985508572554e-27,6.1469855085724184e-27,6.146985508572406e-27,6.146985508572375e-27,6.146985508572377e-27,6.146985508572378e-27,6.146985508569604e-27,6.1469855085695e-27,6.146985508569758e-27,6.1469855094551024e-27,6.146985509455104e-27,6.146985509455113e-27,6.1469855094562906e-27,6.146985509457793e-27,6.1469855093748605e-27,6.1469855093738474e-27,6.146985509363559e-27,6.1469855093629304e-27,6.1469855086099346e-27,6.1469855086099375e-27,6.146985508609957e-27,6.1469855084972934e-27,6.146985508495233e-27,6.146985508495264e-27,6.146985508494632e-27,6.146985508494739e-27,6.146985508495215e-27,6.146985508495033e-27,6.146985508495157e-27,6.146985508481056e-27,6.146985508481171e-27,6.1469855084817136e-27,6.146985508483698e-27,6.146985508483697e-27,6.1469855084888036e-27,6.146985508488839e-27,6.146985508488547e-27,6.146985508481776e-27,6.146985508481831e-27,6.1469855084818485e-27,6.146985508523675e-27,6.146985508529337e-27,6.146985508529081e-27,6.1469855085290885e-27,6.1469855085295e-27,6.146985508535375e-27,6.1469855085354546e-27,6.146985508529049e-27,6.146985508529066e-27,6.146985508517392e-27,6.146985508517433e-27,6.146985508517327e-27,6.146985508517265e-27,6.146985508517395e-27,6.1469855085210185e-27,6.146985508520763e-27,6.146985508520886e-27,6.1469855085209776e-27,6.146985508520976e-27,6.1469855085229334e-27,6.1469855085197256e-27,6.1469855084308045e-27,6.1469855084309056e-27,6.146985508368511e-27,6.146985508368522e-27,6.146985508420872e-27,6.146985508527202e-27,6.14698550851038e-27,6.146985508511485e-27,6.146985508511308e-27,6.1469855085087054e-27,6.146985508508035e-27,6.1469855085046366e-27,6.1469855085048045e-27,6.1469855085048985e-27,6.146985508441056e-27,6.1469855084377854e-27,6.146985508443772e-27,6.1469855084454974e-27,6.146985508385073e-27,6.146985508382962e-27,6.1469855083988385e-27,6.146985508399505e-27,6.1469855084061904e-27,6.146985508405529e-27,6.146985508389981e-27,6.146985508389165e-27,6.146985508389337e-27,6.146985508389477e-27,6.146985508389388e-27,6.1469855083896464e-27,6.146985508385075e-27,6.146985508384915e-27,6.146985508384726e-27,6.146985508397954e-27,6.14698550821312e-27,6.1469855082137226e-27,6.1469855108821335e-27,6.1469855107537216e-27,6.1469855107604464e-27,6.1469855107525766e-27,6.146985510676572e-27,6.146985510676931e-27,6.146985510649116e-27,6.1469855102742184e-27,6.146985510273604e-27,6.146985507300774e-27,6.14698550730123e-27,6.146985507300443e-27,6.1469855073000706e-27,6.1469855071929014e-27,6.146985507238969e-27,6.1469855072849134e-27,6.1469855072847434e-27,6.1469855072403646e-27,6.146985507240119e-27,6.146985507265164e-27,6.146985507202861e-27,6.146985507196802e-27,6.1469855071969386e-27,6.146985507201557e-27,6.1469855072022636e-27,6.146985510164583e-27,6.146985509812366e-27,6.14698550997062e-27,6.1469855099715415e-27,6.1469855100218996e-27,6.1469855099899854e-27,6.1469855099899875e-27,6.1469855099908564e-27,6.146985509991153e-27,6.146985509991142e-27,6.146985509991663e-27,6.14698550998941e-27,6.146985509989759e-27,6.146985509998493e-27,6.146985509997012e-27,6.146985509967272e-27,6.1469855099664984e-27,6.1469855099660995e-27,6.146985509966123e-27,6.14698550991982e-27,6.146985509760149e-27,6.146985509756142e-27,6.146985509766521e-27,6.1469855099680345e-27,6.146985509977549e-27,6.146985509977713e-27,6.1469855098408065e-27,6.146985509841321e-27,6.1469855098412025e-27,6.1469855098323756e-27,6.146985509832047e-27,6.1469855098338586e-27,6.146985509833712e-27,6.1469855098017204e-27,6.146985509751825e-27,6.146985509754659e-27,6.146985509752892e-27,6.146985509742703e-27,6.146985509730737e-27,6.146985509724675e-27,6.146985509660334e-27,6.146985509665212e-27,6.1469855096613004e-27,6.146985509663634e-27,6.146985509663635e-27,6.1469855096636544e-27,6.1469855096573256e-27,6.14698550966627e-27,6.146985509668485e-27,6.146985509668523e-27,6.146985509626685e-27,6.146985509632936e-27,6.146985509627204e-27,6.146985509627465e-27,6.146985509657555e-27,6.14698550965576e-27,6.146985509672153e-27,6.1469855096771564e-27,6.1469855096764066e-27,6.14698550967237e-27,6.146985509672994e-27,6.1469855096718895e-27,6.146985509770092e-27,6.14698550967904e-27,6.146985509567635e-27,6.146985509567844e-27,6.146985509559368e-27,6.1469855095550195e-27,6.146985508950345e-27,6.146985508949748e-27,6.1469855089506285e-27,6.1469855090480674e-27,6.1469855088827284e-27,6.1469855086439396e-27,6.146985508050743e-27,6.1469855080402116e-27,6.146985507926324e-27,6.1469855079265946e-27,6.1469855079294336e-27,6.1469855079691295e-27,6.1469855079326435e-27,6.14698550796582e-27,6.146985507967455e-27,6.146985507983167e-27,6.146985508002106e-27,6.146985508001315e-27,6.1469855081366704e-27,6.1469855081378184e-27,6.146985508137705e-27,6.1469855081378966e-27,6.146985508136989e-27,6.146985508087546e-27,6.146985508087554e-27,6.146985508087617e-27,6.146985508079602e-27,6.146985508079569e-27,6.14698550805854e-27,6.146985508059865e-27,6.1469855080604075e-27,6.146985508056476e-27,6.1469855080556486e-27,6.1469855080531446e-27,6.146985508047191e-27,6.146985507973061e-27,6.146985507944779e-27,6.146985507890036e-27,6.146985507890751e-27,6.1469855078903224e-27,6.146985507855917e-27,6.1469855078575034e-27,6.146985507879471e-27,6.1469855078745956e-27,6.146985507873998e-27,6.146985507877272e-27,6.146985507935811e-27,6.146985507934077e-27,6.146985507929416e-27,6.146985507923281e-27,6.1469855079234514e-27,6.146985507923761e-27,6.146985507924231e-27,6.146985507924053e-27,6.146985507919555e-27,6.14698550791779e-27,6.146985507918207e-27,6.146985507918284e-27,6.146985507917341e-27,6.146985507917634e-27,6.1469855079132505e-27,6.1469855079915015e-27,6.146985507991374e-27,6.146985507993279e-27,6.1469855080203005e-27,6.146985508020411e-27,6.1469855080212095e-27,6.146985508021567e-27,6.146985508023217e-27,6.146985508022094e-27,6.1469855080214456e-27,6.146985508321968e-27,6.146985508322008e-27,6.1469855081065075e-27,6.146985508105973e-27,6.146985508105669e-27,6.146985508105414e-27,6.146985508100278e-27,6.146985508102437e-27,6.1469855081034855e-27,6.146985508102439e-27,6.1469855080498335e-27,6.14698550804968e-27,6.146985508048867e-27,6.146985508060214e-27,6.1469855080651815e-27,6.146985508019038e-27,6.146985507985605e-27,6.146985507986107e-27,6.1469855079937364e-27,6.146985507994331e-27,6.1469855079922785e-27,6.146985507992767e-27,6.1469855080541684e-27,6.146985508058733e-27,6.146985508058684e-27,6.146985508059324e-27,6.146985508079453e-27,6.146985508078783e-27,6.1469855080787825e-27,6.1469855081261596e-27,6.146985508124701e-27,6.146985508118731e-27,6.1469855081173965e-27,6.146985508112194e-27,6.146985508112423e-27,6.146985508111588e-27,6.146985508100036e-27,6.146985508100184e-27,6.1469855080984805e-27,6.1469855080984905e-27,6.1469855081002074e-27,6.146985508100153e-27,6.1469855081001795e-27,6.146985508100247e-27,6.146985508100387e-27,6.14698550810257e-27,6.1469855081061545e-27,6.146985508106128e-27,6.1469855081068426e-27,6.1469855081082065e-27,6.146985508107423e-27,6.1469855081050525e-27,6.146985508104947e-27,6.146985508103193e-27,6.146985508100942e-27,6.1469855081021e-27,6.146985508094907e-27,6.14698550809364e-27,6.146985508092175e-27,6.146985508092282e-27,6.146985508093222e-27,6.146985508093227e-27,6.146985508134227e-27,6.1469855081342275e-27,6.146985508133345e-27,6.146985508113333e-27,6.1469855081153094e-27,6.146985508115315e-27,6.146985508055703e-27,6.146985508056908e-27,6.146985508055833e-27,6.146985508040361e-27,6.146985508040221e-27,6.146985508038462e-27,6.1469855080433e-27,6.146985508043611e-27,6.146985508043713e-27,6.146985508043619e-27,6.146985508046732e-27,6.146985508046625e-27,6.146985507978957e-27,6.1469855079782104e-27,6.146985507962044e-27,6.146985507991704e-27,6.146985507978243e-27,6.1469855079766435e-27,6.146985507981903e-27,6.146985507977406e-27,6.1469855079725044e-27,6.146985507955195e-27,6.146985507955045e-27,6.1469855079588776e-27,6.1469855079582176e-27,6.1469855079582456e-27,6.14698550795808e-27,6.1469855079799166e-27,6.146985507981762e-27,6.146985507982842e-27,6.1469855079868796e-27,6.146985507989364e-27,6.146985508009375e-27,6.146985507912144e-27,6.1469855079127504e-27,6.146985507910071e-27,6.146985507910711e-27,6.1469855079120695e-27,6.146985507910599e-27,6.146985507911167e-27,6.146985507913915e-27,6.146985507917927e-27,6.146985507892006e-27,6.146985507891949e-27,6.1469855074427134e-27,6.146985507445848e-27,6.146985507404498e-27,6.146985507404492e-27,6.146985507319126e-27,6.14698550731711e-27,6.1469855073168155e-27,6.146985507302879e-27,6.14698550730288e-27,6.146985507300908e-27,6.1469855073009086e-27,6.146985507377051e-27,6.146985507377022e-27,6.1469855073768874e-27,6.146985507376975e-27,6.14698550737243e-27,6.146985507373408e-27,6.146985507373313e-27,6.1469855073733166e-27,6.1469855073703434e-27,6.146985507373352e-27,6.146985507533922e-27,6.146985507528663e-27,6.1469855075287094e-27,6.1469855075286965e-27,6.146985507527341e-27,6.146985507528031e-27,6.1469855075518e-27,6.146985507551932e-27,6.14698550754299e-27,6.146985507542902e-27,6.146985507532842e-27,6.146985507533181e-27,6.14698550753975e-27,6.146985507539637e-27,6.146985507538776e-27,6.14698550753874e-27,6.146985507545412e-27,6.146985507667623e-27,6.146985507668883e-27,6.146985507668831e-27,6.14698550768204e-27,6.1469855076824714e-27,6.1469855076924715e-27,6.1469855077095794e-27,6.1469855074000414e-27,6.146985507399982e-27,6.146985507410727e-27,6.146985507410488e-27,6.146985507412727e-27,6.146985507411738e-27,6.146985507410664e-27,6.146985507424535e-27,6.146985507424498e-27,6.146985507356384e-27,6.1469855073561405e-27,6.146985507352205e-27,6.146985507351979e-27,6.146985507356082e-27,6.14698550735496e-27,6.146985507355086e-27,6.146985507578093e-27,6.1469855075815615e-27,6.146985507574103e-27,6.1469855075741185e-27,6.146985507574111e-27,6.146985507574135e-27,6.146985507576843e-27,6.146985507576959e-27,6.146985507576716e-27,6.146985507573569e-27,6.146985507533808e-27,6.14698550753658e-27,6.146985507547463e-27,6.146985507547548e-27,6.1469855075458676e-27,6.1469855075468864e-27,6.1469855075469854e-27,6.146985507566295e-27,6.146985507568344e-27,6.1469855075522136e-27,6.146985507552242e-27,6.146985507548242e-27,6.146985507542832e-27,6.146985507543022e-27,6.146985507550363e-27,6.146985507548777e-27,6.1469855075486406e-27,6.1469855075500604e-27,6.1469855075501135e-27,6.146985507548833e-27,6.146985507548889e-27,6.146985507549174e-27,6.1469855075490625e-27,6.146985507547846e-27,6.1469855075561374e-27,6.146985507555886e-27,6.1469855075381835e-27,6.146985507538434e-27,6.146985507541004e-27,6.14698550754138e-27,6.146985507543345e-27,6.1469855075235315e-27,6.146985507573336e-27,6.1469855075670615e-27,6.146985507534396e-27,6.146985507554033e-27,6.146985507554456e-27,6.1469855075529274e-27,6.1469855075836105e-27,6.146985507583611e-27,6.146985507583561e-27,6.146985507575912e-27,6.146985507584528e-27,6.146985507585562e-27,6.1469855075877044e-27,6.146985507587712e-27,6.1469855075893696e-27,6.1469855075892656e-27,6.146985507590174e-27,6.1469855075911855e-27,6.146985507591177e-27,6.1469855075911776e-27,6.1469855075996e-27,6.1469855076015794e-27,6.146985507601584e-27,6.1469855076017136e-27,6.146985507571184e-27,6.146985507716646e-27,6.146985507716521e-27,6.1469855077170016e-27,6.1469855077169894e-27,6.146985507099975e-27,6.1469855071078166e-27,6.146985507108006e-27,6.1469855070925425e-27,6.14698550709226e-27,6.146985507115759e-27,6.1469855071158816e-27,6.1469855069824145e-27,6.146985506982462e-27,6.146985506982309e-27,6.1469855069821576e-27,6.1469855069815535e-27,6.146985506981573e-27,6.146985506981373e-27,6.146985506980828e-27,6.146985506981645e-27,6.1469855069814136e-27,6.1469855069814344e-27,6.146985506981657e-27,6.146985506976346e-27,6.146985506970324e-27,6.146985506970325e-27,6.14698550697033e-27,6.146985506979513e-27,6.1469855069647964e-27,6.146985506965676e-27,6.146985507067324e-27,6.1469855070672726e-27,6.1469855070665975e-27,6.146985507092667e-27,6.1469855070921945e-27,6.146985507091837e-27,6.146985507093508e-27,6.146985507095327e-27,6.146985507099006e-27,6.14698550709877e-27,6.146985507098769e-27,6.146985507146838e-27,6.146985507150108e-27,6.1469855071523015e-27,6.146985507152249e-27,6.146985507152296e-27,6.146985507152348e-27,6.146985507152326e-27,6.1469855071495006e-27,6.1469855071503436e-27,6.14698550714864e-27,6.146985507159222e-27,6.1469855071593205e-27,6.146985507160055e-27,6.146985507159865e-27,6.146985507159699e-27,6.1469855071927e-27,6.1469855071962305e-27,6.1469855071967994e-27,6.146985507203677e-27,6.14698550720361e-27,6.146985507203891e-27,6.1469855072039145e-27,6.146985507202698e-27,6.146985507201002e-27,6.146985507202459e-27,6.1469855072025994e-27,6.14698550720185e-27,6.1469855072141836e-27,6.146985507171748e-27,6.146985507170749e-27,6.146985507156779e-27,6.146985507156732e-27,6.1469855039220016e-27,6.146985503999326e-27,6.146985503999579e-27,6.146985503999241e-27,6.146985503998967e-27,6.146985503999312e-27,6.146985503999059e-27,6.1469855039994734e-27,6.1469855039965706e-27,6.1469855039990214e-27,6.146985503989341e-27,6.146985503989325e-27,6.146985503990529e-27,6.146985503963504e-27,6.146985503963511e-27,6.146985503960462e-27,6.146985503960251e-27,6.146985503960174e-27,6.1469855039626725e-27,6.146985503962688e-27,6.146985503960614e-27,6.1469855039598974e-27,6.14698550391473e-27,6.146985503913951e-27,6.146985503909764e-27,6.1469855039113286e-27,6.146985503907381e-27,6.14698550390619e-27,6.1469855039076975e-27,6.14698550390719e-27,6.146985503907221e-27,6.146985503907779e-27,6.146985503908198e-27,6.146985503906163e-27,6.146985503905927e-27,6.146985503905923e-27,6.146985503905862e-27,6.146985503907773e-27,6.146985503908029e-27,6.146985503908123e-27,6.1469855039109835e-27,6.146985503912352e-27,6.146985503907091e-27,6.146985503932942e-27,6.1469855039462146e-27,6.1469855039370425e-27,6.1469855039511845e-27,6.146985503952086e-27,6.146985503953146e-27,6.1469855039528784e-27,6.146985503953402e-27,6.14698550395343e-27,6.146985503954744e-27,6.146985503963363e-27,6.146985503963368e-27,6.1469855039621344e-27,6.146985506874714e-27,6.146985506874983e-27,6.1469855068754534e-27,6.1469855068752826e-27,6.146985506875498e-27,6.146985506869309e-27,6.146985506870313e-27,6.146985506814819e-27,6.1469855068398054e-27,6.146985506764148e-27,6.146985506764957e-27,6.146985506764353e-27,6.146985506764328e-27,6.1469855067657394e-27,6.146985506765116e-27,6.146985506760952e-27,6.146985506758895e-27,6.146985506749293e-27,6.1469855067493984e-27,6.14698550674553e-27,6.146985506745035e-27,6.146985506744984e-27,6.14698550674523e-27,6.14698550675326e-27,6.146985506751559e-27,6.146985506749253e-27,6.1469855067490275e-27,6.146985506748578e-27,6.146985506753786e-27,6.14698550675802e-27,6.1469855067886595e-27,6.146985506788613e-27,6.1469855067706024e-27,6.1469855067698196e-27,6.146985506770768e-27,6.146985506786407e-27,6.146985506774331e-27,6.146985506773524e-27,6.146985506830033e-27,6.146985506823089e-27,6.146985506826912e-27,6.146985506821696e-27,6.146985506711606e-27,6.146985506760338e-27,6.146985506760383e-27,6.1469855067606805e-27,6.14698550676106e-27,6.146985506759897e-27,6.146985506763915e-27,6.146985506693795e-27,6.146985506702323e-27,6.146985506702262e-27,6.1469855066960915e-27,6.146985506696742e-27,6.146985506570241e-27,6.146985506675656e-27,6.1469855066801035e-27,6.146985506686216e-27,6.146985506686229e-27,6.1469855066847814e-27,6.146985506680751e-27,6.146985506710136e-27,6.146985506715935e-27,6.146985510237073e-27,6.1469855102713564e-27,6.146985510271027e-27,6.1469855102708406e-27,6.1469855102866305e-27,6.1469855102868214e-27,6.1469855102855385e-27,6.146985510326919e-27,6.1469855103269126e-27,6.146985510326871e-27,6.146985510326811e-27,6.1469855103156434e-27,6.146985510315611e-27,6.14698551031559e-27,6.146985510315735e-27,6.14698551034185e-27,6.14698551034271e-27,6.146985510324672e-27,6.146985510327688e-27,6.1469855103481144e-27,6.1469855102910494e-27,6.14698551029011e-27,6.1469855102697586e-27,6.146985510272612e-27,6.146985510272485e-27,6.1469855102921464e-27,6.146985510302162e-27,6.146985510302324e-27,6.146985510302324e-27,6.146985510302307e-27,6.1469855103371616e-27,6.146985510337166e-27,6.146985510339704e-27,6.146985510358805e-27,6.146985510358876e-27,6.14698551036459e-27,6.1469855103652396e-27,6.146985511636048e-27,6.1469855116098516e-27,6.146985511613259e-27,6.146985511613043e-27,6.146985511574823e-27,6.146985511595974e-27,6.146985511593863e-27,6.14698551159351e-27,6.1469855115978176e-27,6.146985511597394e-27,6.1469855116033514e-27,6.146985511596402e-27,6.1469855116015914e-27,6.146985511592842e-27,6.146985511592835e-27,6.146985511592893e-27,6.1469855115928154e-27,6.146985511592983e-27,6.1469855115929826e-27,6.146985511592987e-27,6.14698551159314e-27,6.146985511593114e-27,6.146985511593115e-27,6.146985511597066e-27,6.1469855115978506e-27,6.146985511597845e-27,6.146985511599002e-27,6.146985511601532e-27,6.146985510503783e-27,6.1469855105767044e-27,6.146985510675643e-27,6.146985510667133e-27,6.14698551066525e-27,6.146985510671823e-27,6.1469855106715475e-27,6.14698551067132e-27,6.146985510670701e-27,6.146985510670834e-27,6.146985510671441e-27,6.1469855106764944e-27,6.1469855106759836e-27,6.146985510678512e-27,6.146985510682493e-27,6.146985510682509e-27,6.146985510682527e-27,6.146985510685584e-27,6.146985510685769e-27,6.1469855106911745e-27,6.146985510692885e-27,6.1469855106929014e-27,6.146985510688237e-27,6.146985510687534e-27,6.146985510633333e-27,6.146985510632752e-27,6.1469855106332485e-27,6.1469855106332514e-27,6.146985510632788e-27,6.146985510633317e-27,6.146985510632246e-27,6.146985510689653e-27,6.14698551072035e-27,6.1469855103293986e-27,6.146985510337108e-27,6.146985510467167e-27,6.146985510467451e-27,6.146985510570663e-27,6.146985510570264e-27,6.146985510625189e-27,6.146985510634458e-27,6.1469855106338656e-27,6.1469855106242666e-27,6.146985510701649e-27,6.1469855106879825e-27,6.146985510687985e-27,6.146985510687949e-27,6.14698551068796e-27,6.14698551068829e-27,6.1469855106883685e-27,6.1469855106871215e-27,6.146985510692836e-27,6.146985510692748e-27,6.1469855106927486e-27,6.146985510691752e-27,6.1469855108380804e-27,6.146985510837079e-27,6.1469855108370796e-27,6.146985510842909e-27,6.146985510843016e-27,6.146985510497647e-27,6.146985510497671e-27,6.146985510497672e-27,6.146985510501214e-27,6.146985510502013e-27,6.146985510511229e-27,6.146985510515787e-27,6.146985510515046e-27,6.146985510516896e-27,6.146985510516902e-27,6.146985510516758e-27,6.1469855105167595e-27,6.1469855105347865e-27,6.146985510513283e-27,6.146985510738223e-27,6.1469855107396235e-27,6.146985510595383e-27,6.1469855105999546e-27,6.1469855106052724e-27,6.146985510605063e-27,6.1469855106102904e-27,6.146985510610287e-27,6.14698551059958e-27,6.146985510600449e-27,6.146985510602584e-27,6.146985510602584e-27,6.146985510579887e-27,6.1469855105807574e-27,6.146985510580755e-27,6.146985510580759e-27,6.146985510601341e-27,6.146985510601336e-27,6.1469855105991955e-27,6.146985510599192e-27,6.146985510599234e-27,6.146985510599235e-27,6.146985510599236e-27,6.146985510599236e-27,6.146985510597241e-27,6.1469855105972404e-27,6.1469855105972404e-27,6.1469855105972526e-27,6.1469855105972526e-27,6.1469855105972375e-27,6.146985510597233e-27,6.146985510598947e-27,6.14698551059883e-27,6.146985510598831e-27,6.146985510597545e-27,6.146985510597545e-27,6.146985510597544e-27,6.146985510597545e-27,6.146985510597546e-27,6.146985510597545e-27,6.1469855105975446e-27,6.146985510597549e-27,6.1469855105975496e-27,6.14698551059755e-27,6.1469855105975425e-27,6.146985510597537e-27,6.146985510597528e-27,6.146985510597529e-27,6.1469855105975296e-27,6.146985510597532e-27,6.14698551059753e-27,6.146985510597531e-27,6.146985510597529e-27,6.146985510597802e-27,6.146985510597791e-27,6.14698551059779e-27,6.146985510597789e-27,6.1469855105977864e-27,6.146985510597783e-27,6.146985510597782e-27,6.146985510597784e-27,6.146985510597781e-27,6.1469855105977835e-27,6.1469855105977814e-27,6.1469855105977835e-27,6.1469855105979794e-27,6.146985510597978e-27,6.1469855105979765e-27,6.1469855105979844e-27,6.1469855105979844e-27,6.146985510597988e-27,6.146985510597989e-27,6.146985510597988e-27,6.146985510597985e-27,6.1469855105979866e-27,6.146985510597975e-27,6.146985510597974e-27,6.146985510597976e-27,6.146985510597976e-27,6.146985510597811e-27,6.1469855105976214e-27,6.146985510598885e-27,6.1469855106026085e-27,6.146985510603472e-27,6.146985510609792e-27,6.146985510610002e-27,6.146985519995791e-27,6.146985519995728e-27,6.1469855199977026e-27,6.146985520051503e-27,6.1469855200499914e-27,6.146985520048177e-27,6.146985519980088e-27,6.146985519976536e-27,6.1469855197990574e-27,6.1469855198042805e-27,6.1469855198630646e-27,6.1469855198476276e-27,6.146985519681341e-27,6.146985519680722e-27,6.146985519768338e-27,6.1469855197117936e-27,6.146985519836103e-27,6.146985519832752e-27,6.146985519830338e-27,6.146985520130298e-27,6.146985520130293e-27,6.146985520135769e-27,6.1469855201337834e-27,6.1469855201382504e-27,6.1469855201367394e-27,6.1469855201354566e-27,6.146985520229433e-27,6.1469855241723434e-27,6.146985523982484e-27,6.14698552346854e-27,6.1469855233879556e-27,6.146985523548873e-27,6.146985523546424e-27,6.1469855234189336e-27,6.1469855244248415e-27,6.1469855243636374e-27,6.146985524361197e-27,6.1469855242775194e-27,6.1469855242779334e-27,6.1469855244773836e-27,6.146985524861731e-27,6.146985524846025e-27,6.146985524840333e-27,6.1469855248430065e-27,6.1469855248456984e-27,6.1469855246020546e-27,6.146985524602088e-27,6.146985524635253e-27,6.1469855246344976e-27,6.1469855244864416e-27,6.1469855244855146e-27,6.146985524534881e-27,6.1469855245328465e-27,6.1469855245329125e-27,6.1469855245329096e-27,6.146985524460677e-27,6.146985524416502e-27,6.146985524419045e-27,6.146985524429955e-27,6.146985524429963e-27,6.146985524429922e-27,6.1469855244302906e-27,6.146985524434012e-27,6.146985524376462e-27,6.146985524366348e-27,6.146985524366471e-27,6.146985524366553e-27,6.146147355799731e-27,6.146147355800827e-27,6.14614735579644e-27,6.1461473557963865e-27,6.146147355807278e-27,6.146147355806066e-27,6.1461473558062445e-27,6.146147355807867e-27,6.146147355807866e-27,6.146147355807911e-27,6.1461473558078645e-27,6.1461473558453205e-27,6.146147355811412e-27,6.146147355813155e-27,6.1461473558069476e-27,6.1461473558486596e-27,6.146147355810998e-27,6.146147355830786e-27,6.1461473558308815e-27,6.1461473558272884e-27,6.14614735582801e-27,6.146147355824672e-27,6.146147355823592e-27,6.146147356031824e-27,6.1461473560285696e-27,6.146147356028214e-27,6.146147356015139e-27,6.146147356015081e-27,6.146147356014484e-27,6.146147356014945e-27,6.1461473560149356e-27,6.146147356014748e-27,6.146147356014745e-27,6.146147356014818e-27,6.146147356015925e-27,6.146147356015752e-27,6.1461473560416755e-27,6.146147356041947e-27,6.1461473560396996e-27,6.146147356039571e-27,6.146147356039426e-27,6.146147356039471e-27,6.146147356041482e-27,6.146147356039077e-27,6.14614735603895e-27,6.146147356038268e-27,6.14614735603819e-27,6.1461473560428084e-27,6.146147356044929e-27,6.146147356044972e-27,6.146147356043032e-27,6.146147356042789e-27,6.146147356038603e-27,6.146147356038574e-27,6.146147356034985e-27,6.146147356034964e-27,6.1461473560349615e-27,6.146147356034961e-27,6.146145046265914e-27,6.146145046266394e-27,6.146145046266149e-27,6.146145046266119e-27,6.146145046266025e-27,6.146145046273576e-27,6.1461450462733765e-27,6.1461450462733966e-27,6.146145046273396e-27,6.1461450462734985e-27,6.1461450462734124e-27,6.146145046273413e-27,6.146145046269359e-27,6.1461450462694484e-27,6.14614504626935e-27,6.146145046269307e-27,6.146145046269066e-27,6.1461450462686305e-27,6.146145046268612e-27,6.146145046268614e-27,6.14614504626865e-27,6.146145046268551e-27,6.146145046268553e-27,6.146145046268477e-27,6.146145046268544e-27,6.1461450462684626e-27,6.146145046269559e-27,6.146145046269955e-27,6.146145046269924e-27,6.1461450462699054e-27,6.146145046270195e-27,6.146145046315453e-27,6.146145046317013e-27,6.146145046317009e-27,6.146145046325127e-27,6.146145046325052e-27,6.1461450463248396e-27,6.146145046328177e-27,6.146145046328165e-27,6.146145046328446e-27,6.146145046328513e-27,6.146145046318446e-27,6.146145046318107e-27,6.146145046321949e-27,6.146145046321864e-27,6.146145046319564e-27,6.14614504631958e-27,6.146145046321657e-27,6.146145046326169e-27,6.146145046320062e-27,6.1461450463206675e-27,6.146145046313554e-27,6.146145046313568e-27,6.146145046312735e-27,6.146145046312519e-27,6.1461450463129734e-27,6.146145046312496e-27,6.1461450463125006e-27,6.146145046309434e-27,6.146145046309417e-27,6.1461450463094e-27,6.146145046309415e-27,6.146145046315125e-27,6.1461450463113785e-27,6.146145046311384e-27,6.146145046311884e-27,6.1461450463138595e-27,6.146145046315878e-27,6.146145046316526e-27,6.146145046316153e-27,6.146145046316162e-27,6.1461450463201624e-27,6.1461450463226204e-27,6.146145046322587e-27,6.146145046322585e-27,6.146145046323207e-27,6.1461450463231944e-27,6.1461450463223686e-27,6.146145045507502e-27,6.146145045510872e-27,6.146145045510877e-27,6.146145045511896e-27,6.146145045512132e-27,6.14614504551213e-27,6.146145045512071e-27,6.1461450455132886e-27,6.146145045513275e-27,6.1461450455127756e-27,6.14614504551453e-27,6.146145045508589e-27,6.1461450455085935e-27,6.146145045509262e-27,6.146145045509509e-27,6.1461450455101224e-27,6.14614504551005e-27,6.1461450455109726e-27,6.1461450455109525e-27,6.146145045502222e-27,6.146145045502214e-27,6.1461450455020344e-27,6.1461450455020294e-27,6.146145045502085e-27,6.1461450455020796e-27,6.146145045501929e-27,6.146145045501905e-27,6.146145045502156e-27,6.146145045502161e-27,6.1461450455021614e-27,6.146145045502156e-27,6.146145045501709e-27,6.146145045501561e-27,6.146145045501566e-27,6.146145045516388e-27,6.146145045515398e-27,6.146145045511918e-27,6.146145045511129e-27,6.146145045623372e-27,6.146145045678392e-27,6.14614504567827e-27,6.146145045686307e-27,6.146145045686367e-27,6.1461450456612764e-27,6.146145045661335e-27,6.1461450456694326e-27,6.146145045669438e-27,6.1461450456606874e-27,6.146145045660684e-27,6.1461450456080004e-27,6.146145045607263e-27,6.146145045607567e-27,6.146145045609761e-27,6.146145045612145e-27,6.146145045612853e-27,6.1461450456128605e-27,6.1461450456128224e-27,6.146145045612826e-27,6.1461450456133e-27,6.14614504561175e-27,6.146145045611581e-27,6.146145045611583e-27,6.1461450456120404e-27,6.146145045612031e-27,6.146145045612035e-27,6.1461450455093296e-27,6.146145045555398e-27,6.146145045541708e-27,6.146145045541392e-27,6.14614504554227e-27,6.146145045542204e-27,6.146145045543689e-27,6.1461450455470374e-27,6.1461450455472964e-27,6.146145045550387e-27,6.146145045550663e-27,6.1461450455492515e-27,6.146145045548762e-27,6.146145045548763e-27,6.1461450455376795e-27,6.146145045539265e-27,6.1461450455359224e-27,6.146145045440042e-27,6.146145045435069e-27,6.146145045620558e-27,6.146145045617686e-27,6.146145045617693e-27,6.146145045617657e-27,6.146145045616058e-27,6.14614504561616e-27,6.146145045597731e-27,6.146145045599315e-27,6.146145045600373e-27,6.1461450457245095e-27,6.1461450457190015e-27,6.146145045722813e-27,6.146145045721599e-27,6.1461450457224475e-27,6.146145045721154e-27,6.146145045721196e-27,6.146145045721166e-27,6.1461450457232625e-27,6.146145045723388e-27,6.146145045723258e-27,6.14614504573324e-27,6.146145045733429e-27,6.146145045733437e-27,6.146145045730878e-27,6.1461450456581e-27,6.146145045675457e-27,6.146145045675458e-27,6.1461450456754564e-27,6.146145045675457e-27,6.1461450456754665e-27,6.146145045684274e-27,6.1461450456856265e-27,6.146145045681412e-27,6.146145045670218e-27,6.146145045670212e-27,6.146145045670211e-27,6.1461450456631964e-27,6.146145045663148e-27,6.146145045668865e-27,6.146145045668731e-27,6.1461450456686175e-27,6.146145045670659e-27,6.146145045670705e-27,6.1461450456795445e-27,6.146145045679452e-27,6.1461450456790825e-27,6.146145045684976e-27,6.1461450456852584e-27,6.146145045688148e-27,6.1461450456869215e-27,6.1461450457012894e-27,6.146145045690966e-27,6.146145045690619e-27,6.146145045699908e-27,6.146145045699189e-27,6.14614504570235e-27,6.1461450456991256e-27,6.1461450456994025e-27,6.146145045699476e-27,6.146145045716935e-27,6.146145045677502e-27,6.146145045677429e-27,6.146145045654929e-27,6.1461450456550876e-27,6.146145045588878e-27,6.146145045586683e-27,6.146145045599379e-27,6.146145045602319e-27,6.1461450456023396e-27,6.146145045602135e-27,6.1461450456025304e-27,6.146145045558294e-27,6.1461450455718954e-27,6.146145045571894e-27,6.1461450455720905e-27,6.1461450455826014e-27,6.146145045582185e-27,6.146145045554861e-27,6.146145045564826e-27,6.146145045572934e-27,6.146145045573062e-27,6.146145045575829e-27,6.146145045574525e-27,6.14614504557529e-27,6.1461450455783475e-27,6.146145045585885e-27,6.146145045584465e-27,6.146145045584302e-27,6.14614504560706e-27,6.146145045609223e-27,6.146145045609243e-27,6.146145045594037e-27,6.146145045581154e-27,6.146145045583096e-27,6.146145045593254e-27,6.1461450455932536e-27,6.1461450455874486e-27,6.146145045596583e-27,6.146145045596626e-27,6.1461450456160245e-27,6.1461450456112986e-27,6.146145045610883e-27,6.146145045503687e-27,6.146145022903562e-27,6.1461450228995115e-27,6.14614502290515e-27,6.146145022864749e-27,6.146145022862986e-27,6.146145022854615e-27,6.146145022854245e-27,6.146145022853954e-27,6.1461450228539346e-27,6.1461450228491304e-27,6.14614502284139e-27,6.146145022841389e-27,6.1461450228301405e-27,6.1461450228308566e-27,6.146145022830999e-27,6.146145022853148e-27,6.146145022851799e-27,6.146145022828844e-27,6.146145022828985e-27,6.146145022829523e-27,6.146145022837362e-27,6.146145022834061e-27,6.146145022838522e-27,6.1461450228386834e-27,6.1461450228550925e-27,6.146145022885225e-27,6.1461450232070176e-27,6.1461450232070384e-27,6.146145023207021e-27,6.1461450232131814e-27,6.1461450232131814e-27,6.146145023214886e-27,6.1461450232147275e-27,6.1461450232034906e-27,6.146145023223504e-27,6.146145023222783e-27,6.1461450232489915e-27,6.146145023251127e-27,6.146145023378212e-27,6.146145023378148e-27,6.146145023375669e-27,6.1461450233757955e-27,6.1461450233757374e-27,6.1461450233645966e-27,6.1461450233683095e-27,6.146145023361552e-27,6.146145023331261e-27,6.146145023333208e-27,6.14614502333415e-27,6.146145023411027e-27,6.146145023415162e-27,6.146145023415268e-27,6.146145023414381e-27,6.146145023409248e-27,6.1461450234092896e-27,6.14614502340922e-27,6.1461450234050896e-27,6.146145023419903e-27,6.146145023419735e-27,6.146145023419273e-27,6.1461450237584955e-27,6.146145023762544e-27,6.146145023762495e-27,6.1461450237625564e-27,6.1461450234125354e-27,6.1461450234101456e-27,6.146145023714238e-27,6.146145023714228e-27,6.14614502371421e-27,6.146145023705337e-27,6.1461450237017756e-27,6.146145023723807e-27,6.14614502372302e-27,6.146145023720225e-27,6.1461450236950114e-27,6.146145023694841e-27,6.146145023694772e-27,6.146145023694762e-27,6.146145023694812e-27,6.146145023694786e-27,6.146145023703202e-27,6.146145023708757e-27,6.146145023708787e-27,6.146145023708936e-27,6.1461450237089955e-27,6.1461450237090055e-27,6.146145023716132e-27,6.146145023723372e-27,6.146145023723971e-27,6.146145023724207e-27,6.146145023727739e-27,6.146145023723257e-27,6.146145023723002e-27,6.146145023721649e-27,6.14614502372092e-27,6.1461450236513106e-27,6.146145023651443e-27,6.14614502365178e-27,6.146145023650195e-27,6.146145023650012e-27,6.1461450236419534e-27,6.146145023640976e-27,6.146145023640853e-27,6.146145023349943e-27,6.146145023354108e-27,6.146145023354518e-27,6.146145023380724e-27,6.1461450233806305e-27,6.146145023369477e-27,6.1461450233757424e-27,6.146145023381381e-27,6.146145023381328e-27,6.146145023379602e-27,6.146145023380058e-27,6.1461450233793656e-27,6.146145023377363e-27,6.1461450233777205e-27,6.146145023385664e-27,6.146145023385614e-27,6.146145023386971e-27,6.146145023387099e-27,6.146145023381304e-27,6.146145023382518e-27,6.1461450233819176e-27,6.146145023381866e-27,6.146145023381863e-27,6.146145023383487e-27,6.146145023383427e-27,6.146145023383118e-27,6.1461450233831215e-27,6.14614502338939e-27,6.1461450233893814e-27,6.146145023389259e-27,6.146145023389187e-27,6.146145023389157e-27,6.146145023389467e-27,6.14614502338948e-27,6.14614502338951e-27,6.1461450233859376e-27,6.146145023391736e-27,6.146145023391737e-27,6.146145023386331e-27,6.146145023386314e-27,6.1461450233869255e-27,6.146145023386659e-27,6.146145023387084e-27,6.1461450233873395e-27,6.146145023387278e-27,6.146145023387267e-27,6.146145023387306e-27,6.146145023387339e-27,6.146145023387113e-27,6.146145023387103e-27,6.146145023387119e-27,6.14614502338675e-27,6.1461450233932816e-27,6.146145023392963e-27,6.1461450233929594e-27,6.146145023399287e-27,6.146145023398975e-27,6.1461450233988175e-27,6.146145023399371e-27,6.146145023399358e-27,6.146145023399395e-27,6.146145023399523e-27,6.1461450234198916e-27,6.1461449464644205e-27,6.146144946499768e-27,6.1461449464997055e-27,6.1461449464984334e-27,6.146144946498262e-27,6.1461449465014e-27,6.1461449465016225e-27,6.146144946501109e-27,6.146144946501029e-27,6.146144946501054e-27,6.146144946697812e-27,6.1461449466904155e-27,6.146144946684601e-27,6.146144946685415e-27,6.146144946685406e-27,6.14614494668543e-27,6.146144946684822e-27,6.1461449466850905e-27,6.146144946873287e-27,6.146144946867923e-27,6.146144946865891e-27,6.146144946865776e-27,6.1461449468492615e-27,6.1461449468512654e-27,6.146144946851221e-27,6.146144946862621e-27,6.146144946862994e-27,6.146144946862731e-27,6.146144946877462e-27,6.146144946750943e-27,6.146144946751005e-27,6.146144946750834e-27,6.146144946750925e-27,6.146144946750929e-27,6.146144946821614e-27,6.146144946821185e-27,6.14614494682124e-27,6.146144946817767e-27,6.1461449468178824e-27,6.146144946805212e-27,6.146144946822931e-27,6.146144946822686e-27,6.146144946822559e-27,6.146144946822843e-27,6.1461449468058635e-27,6.1461449471431466e-27,6.146144947145755e-27,6.146144947147932e-27,6.1461449471634415e-27,6.146144947160688e-27,6.146144945129878e-27,6.1461449451296375e-27,6.146144945129705e-27,6.146144945129537e-27,6.1461449451303005e-27,6.146146158378369e-27,6.146146158375045e-27,6.146146158374512e-27,6.14614615837479e-27,6.146146158374677e-27,6.146146158374306e-27,6.1461461583934426e-27,6.146146158399043e-27,6.14614615840014e-27,6.1461461584092476e-27,6.146146158409911e-27,6.146146158412557e-27,6.146146158411884e-27,6.14614615840964e-27,6.146146158409636e-27,6.146146158409587e-27,6.146146158409446e-27,6.1461461584094715e-27,6.146146158418476e-27,6.14614615842236e-27,6.1461461584195476e-27,6.146146158422009e-27,6.146146158420517e-27,6.14614615981118e-27,6.1461461598114594e-27,6.146146159810044e-27,6.14614615978612e-27,6.14614615978472e-27,6.146146159784443e-27,6.146146159795981e-27,6.1461461597887854e-27,6.146146159790918e-27,6.146146159790851e-27,6.146146159790734e-27,6.146146159789493e-27,6.1461461597886986e-27,6.146146159788555e-27,6.146146159805069e-27,6.1461461597993594e-27,6.1461461599119504e-27,6.14614615991052e-27,6.1461461599110816e-27,6.146146159882253e-27,6.1461461598822036e-27,6.146146159798578e-27,6.14614615979874e-27,6.14614615979882e-27,6.14614615979931e-27,6.1461461598061495e-27,6.146146159806131e-27,6.1461461598058266e-27,6.146146159806392e-27,6.146146159806234e-27,6.146146159541643e-27,6.146146159538482e-27,6.146146159507877e-27,6.146146159508241e-27,6.146146159508224e-27,6.146146159508181e-27,6.146146159504429e-27,6.1461461595047224e-27,6.146146159504697e-27,6.146146159504726e-27,6.146146159505589e-27,6.146146159513204e-27,6.146146159514337e-27,6.146146159514363e-27,6.1461461595098265e-27,6.146146159501551e-27,6.146146159501486e-27,6.146146159496327e-27,6.14614615953586e-27,6.14614615953558e-27,6.1461461595409745e-27,6.146146159541961e-27,6.1461461595428485e-27,6.146146159542442e-27,6.1461461595422946e-27,6.1461461595421045e-27,6.146146159544474e-27,6.1461461595444944e-27,6.1461461595445116e-27,6.1461461595445116e-27,6.1461461595446156e-27,6.146146159543986e-27,6.146146159551474e-27,6.146146159547161e-27,6.146146159547292e-27,6.146146159547314e-27,6.1461461595345266e-27,6.146146159534571e-27,6.146146159455949e-27,6.1461461594558745e-27,6.1461461594558265e-27,6.146146159455258e-27,6.146146159455292e-27,6.146146159455057e-27,6.146146159492173e-27,6.146146159492184e-27,6.146146159485676e-27,6.1461461594769946e-27,6.146146159487215e-27,6.146146159487278e-27,6.146146159484447e-27,6.1461461594843694e-27,6.1461461594852935e-27,6.1461461619550405e-27,6.1461461622481766e-27,6.1461461622486444e-27,6.146146162525395e-27,6.1461461625254014e-27,6.146146162525413e-27,6.1461461625254724e-27,6.146146162532714e-27,6.146146162532697e-27,6.146146162531983e-27,6.146146162529871e-27,6.1461461625294414e-27,6.146146162529328e-27,6.1461461625267674e-27,6.1461461625526945e-27,6.1461461625628e-27,6.146146162562802e-27,6.1461461625629456e-27,6.146146162562936e-27,6.146146162581422e-27,6.146146162581834e-27,6.146146162577511e-27,6.14614616257759e-27,6.1461461625745736e-27,6.146146162360648e-27,6.146146161768395e-27,6.1461461617847804e-27,6.1461461617748894e-27,6.146146161672621e-27,6.146146161672562e-27,6.146146161671965e-27,6.1461461616712674e-27,6.1461461616615974e-27,6.146146161661705e-27,6.1461461616623005e-27,6.146146161701764e-27,6.146146161730811e-27,6.1461461617333855e-27,6.1461461617050715e-27,6.146146161697506e-27,6.146146161697324e-27,6.146146161697002e-27,6.1461461616971134e-27,6.146146161695662e-27,6.146146161671285e-27,6.146146161671411e-27,6.146146161671285e-27,6.1461461616712674e-27,6.1461461616708556e-27,6.1461461616721994e-27,6.146146161696731e-27,6.146146161696828e-27,6.1461461616966585e-27,6.146146161699192e-27,6.146146161700935e-27,6.146146161709325e-27,6.1461461617065294e-27,6.14614616170715e-27,6.14614616170783e-27,6.146146161707831e-27,6.1461461617078345e-27,6.146146161703547e-27,6.146146161703551e-27,6.1461461617005995e-27,6.1461461616249235e-27,6.146146161624938e-27,6.146146161624902e-27,6.146146161626257e-27,6.146146161627321e-27,6.1461461616300534e-27,6.146146161630005e-27,6.146146161629776e-27,6.1461461616284305e-27,6.146146161616948e-27,6.146146161616942e-27,6.146146161616939e-27,6.146146161617042e-27,6.146146161621228e-27,6.1461461616209624e-27,6.1461461617112094e-27,6.146146160948859e-27,6.146146160935772e-27,6.146146160936477e-27,6.146146160937864e-27,6.14614616093797e-27,6.14614616093797e-27,6.146146160937972e-27,6.146146160931722e-27,6.1461461609316645e-27,6.146146160931395e-27,6.1461461609306385e-27,6.146146160932905e-27,6.146146160902663e-27,6.146146160899961e-27,6.146146160898685e-27,6.146146160898684e-27,6.1461461608986984e-27,6.1461461608262e-27,6.14614616082621e-27,6.146146160795529e-27,6.1461461607954804e-27,6.146146160799928e-27,6.146146160800014e-27,6.146146160800012e-27,6.1461461608e-27,6.146146160800013e-27,6.146146160799973e-27,6.146146160749084e-27,6.146146160748155e-27,6.146146160816372e-27,6.146146160816274e-27,6.1461461608162775e-27,6.146146160817858e-27,6.146146160817193e-27,6.146146160817211e-27,6.14614616081718e-27,6.146146160829516e-27,6.1461461608294925e-27,6.1461461608294566e-27,6.1461461608287255e-27,6.146146160828841e-27,6.146146160828844e-27,6.14614616082865e-27,6.146146160828654e-27,6.1461461608510896e-27,6.146146161881415e-27,6.1461461618826455e-27,6.146146161886681e-27,6.146146161890383e-27,6.14614616195659e-27,6.146146161958298e-27,6.14614616198158e-27,6.1461461619815415e-27,6.146146161992218e-27,6.146146161991964e-27,6.146146161996122e-27,6.146146161999345e-27,6.14614616199872e-27,6.146146161999297e-27,6.146146162001383e-27,6.146146162001415e-27,6.14614616199342e-27,6.146146161993434e-27,6.146146161990722e-27,6.146146161990697e-27,6.14614616199076e-27,6.146146161970626e-27,6.146146161970607e-27,6.1461461619700356e-27,6.146146161965076e-27,6.146146161964949e-27,6.1461461619653225e-27,6.1461461619650944e-27,6.146146161965097e-27,6.1461461619650965e-27,6.146146161964689e-27,6.1461461619647134e-27,6.1461461619647306e-27,6.146146161964739e-27,6.1461461619912244e-27,6.1461461619629606e-27,6.146146161962702e-27,6.1461461619626916e-27,6.14614616196269e-27,6.146146161962408e-27,6.146146161962398e-27,6.146146161962427e-27,6.146146161962245e-27,6.146146161963585e-27,6.1461461619634564e-27,6.146146161947865e-27,6.1461461619478286e-27,6.146146161949023e-27,6.14614616194905e-27,6.146146161948963e-27,6.14614616194862e-27,6.146146161948621e-27,6.146146161948621e-27,6.146146161948624e-27,6.146146161948639e-27,6.146146161950282e-27,6.14614616194637e-27,6.1461461619452744e-27,6.1461461619452766e-27,6.146146161964671e-27,6.14614616196467e-27,6.146146161946813e-27,6.146146161946755e-27,6.146146161877611e-27,6.146146161875489e-27,6.146146161875486e-27,6.146146161879328e-27,6.1461461618792e-27,6.14614616187944e-27,6.146146161845146e-27,6.146146161845185e-27,6.146146161844401e-27,6.1461461618444075e-27,6.146146161844276e-27,6.146146161844231e-27,6.146146161864857e-27,6.146146161864807e-27,6.146146161864824e-27,6.146146161836217e-27,6.146146161836245e-27,6.1461461618376224e-27,6.14614616192093e-27,6.146146161920917e-27,6.146146161920917e-27,6.1461461619103654e-27,6.146146161910442e-27,6.146146161910444e-27,6.1461461619105656e-27,6.146146161910748e-27,6.146146161910739e-27,6.1461461619104085e-27,6.146146161916489e-27,6.146146161890531e-27,6.146146161890552e-27,6.146146161890556e-27,6.146146161959471e-27,6.1461461619594644e-27,6.146146161960591e-27,6.146146162000239e-27,6.146146162007385e-27,6.1461461620072964e-27,6.146146162001513e-27,6.1461461620029005e-27,6.146146162002859e-27,6.146146162003339e-27,6.146146162003306e-27,6.146146162003273e-27,6.1461461620030325e-27,6.1461461620027075e-27,6.146146162001413e-27,6.146146162001417e-27,6.1461461620017805e-27,6.146146162084268e-27,6.146146162121122e-27,6.1461461621211214e-27,6.146146162121776e-27,6.146146162116786e-27,6.146146162108175e-27,6.1461461621073476e-27,6.1461461620787925e-27,6.1461461620787874e-27,6.146146162302859e-27,6.146146162304007e-27,6.146146162303295e-27,6.146146162304907e-27,6.146146162307479e-27,6.1461461622890305e-27,6.1461461622890864e-27,6.146146162297699e-27,6.146146162158206e-27,6.146146162158737e-27,6.146146162158604e-27,6.146146162142401e-27,6.146146162142465e-27,6.1461461621423685e-27,6.146146162154503e-27,6.146146162154507e-27,6.1461461621544864e-27,6.1461461621699306e-27,6.146146162158872e-27,6.146146162159588e-27,6.1461461621591076e-27,6.146146162159149e-27,6.146146162159069e-27,6.146146162159067e-27,6.146146162255501e-27,6.1461461622554875e-27,6.14614616225542e-27,6.146146162258402e-27,6.146146162257865e-27,6.1461461622578494e-27,6.146146162247589e-27,6.1461461622475904e-27,6.1461461622475854e-27,6.146146162343567e-27,6.146146162343399e-27,6.146146162341381e-27,6.146146162350933e-27,6.146146162350948e-27,6.1461461623507174e-27,6.146146162352154e-27,6.1461461623522154e-27,6.1461461623518366e-27,6.146146162434279e-27,6.146146162433897e-27,6.146146162433889e-27,6.146146162433721e-27,6.146146162433702e-27,6.146146162434174e-27,6.146146162434366e-27,6.146146162434355e-27,6.1461461624335035e-27,6.1461461624360024e-27,6.146146162435962e-27,6.1461461624359716e-27,6.1461461624360254e-27,6.146146162436026e-27,6.1461461624360254e-27,6.1461461624358855e-27,6.1461461624357936e-27,6.146146162435793e-27,6.146146162435856e-27,6.146146162435858e-27,6.146146162438183e-27,6.1461461624381785e-27,6.1461461624691464e-27,6.14614616246866e-27,6.146146162468918e-27,6.1462064998084124e-27,6.146206499808323e-27,6.146206499806811e-27,6.14620649980681e-27,6.146206499796986e-27,6.146206499796405e-27,6.1462064997963906e-27,6.146206499796545e-27,6.1462064997963425e-27,6.146206499796348e-27,6.146206499797066e-27,6.146206499797221e-27,6.14620649979722e-27,6.146206499797219e-27,6.146206499797214e-27,6.146206499797212e-27,6.14620649979659e-27,6.146206499796581e-27,6.1462064997965886e-27,6.146206499796579e-27,6.1462064997963834e-27,6.146206499796376e-27,6.1462064997968354e-27,6.14620649979701e-27,6.146206499797009e-27,6.146206499797301e-27,6.146206499796653e-27,6.146206499796672e-27,6.146206499796652e-27,6.146206499796654e-27,6.146206499796771e-27,6.146206499796767e-27,6.146206499796027e-27,6.146206499805343e-27,6.146206499805524e-27,6.146206499805382e-27,6.146206499805265e-27,6.146206499805361e-27,6.146206499805316e-27,6.146206499805241e-27,6.1462064998268125e-27,6.146206499827693e-27,6.146206499827702e-27,6.146206499827835e-27,6.146206499771564e-27,6.146206499796591e-27,6.1462064997965936e-27,6.146206499797725e-27,6.146206499797724e-27,6.146206499797725e-27,6.1462064997385306e-27,6.146206499738616e-27,6.146206499738494e-27,6.146206499738474e-27,6.146206499738437e-27,6.146206499738339e-27,6.1462064998099994e-27,6.146206499810173e-27,6.1462064998100274e-27,6.146206499809763e-27,6.1462064998100905e-27,6.146206499812582e-27,6.146206499863098e-27,6.146206499950827e-27,6.1462064999590384e-27,6.146206499959674e-27,6.146206499959996e-27,6.1462064999602136e-27,6.146206499960215e-27,6.146206499960217e-27,6.146206499960172e-27,6.1462064999602114e-27,6.1462064999607165e-27,6.146206499948216e-27,6.146206499944853e-27,6.1462064999464806e-27,6.146206499960116e-27,6.146206499957518e-27,6.1462064999587256e-27,6.146206499958193e-27,6.146206499958132e-27,6.1462064999575934e-27,6.146206499970537e-27,6.1462065000310145e-27,6.146206500031377e-27,6.146206500031348e-27,6.146206500036329e-27,6.146206500021505e-27,6.146206500021634e-27,6.146206500024129e-27,6.14620650002412e-27,6.14620650002476e-27,6.146206500024762e-27,6.146206500023621e-27,6.14620650002362e-27,6.1462065000236856e-27,6.146206500022878e-27,6.146206500022275e-27,6.14620650002287e-27,6.146206500022512e-27,6.1462065000225225e-27,6.146206500022505e-27,6.1462065000224974e-27,6.146206500022664e-27,6.146206500021082e-27,6.1462065000210776e-27,6.146206500020871e-27,6.146206500020869e-27,6.146206500020768e-27,6.14620650002041e-27,6.1462065000204885e-27,6.1462065000204735e-27,6.1462065000204706e-27,6.14620650002108e-27,6.1462065000210776e-27,6.146206500021313e-27,6.1462065000197e-27,6.146206500019344e-27,6.146206500019311e-27,6.146206500019318e-27,6.1462065000193765e-27,6.1462065000194726e-27,6.146206500019496e-27,6.146206500020368e-27,6.1462065000202754e-27,6.146206500020273e-27,6.146206500014441e-27,6.1462065000144374e-27,6.146206500014477e-27,6.1462065000144525e-27,6.146206500012753e-27,6.1462065000127586e-27,6.146206500012757e-27,6.1462065000127564e-27,6.146206500012762e-27,6.146206500012275e-27,6.146206500012279e-27,6.146206500012277e-27,6.146206500012247e-27,6.146206500009658e-27,6.146206500009568e-27,6.146206500009572e-27,6.146206500009574e-27,6.146206500009661e-27,6.146206500001187e-27,6.146206500001175e-27,6.146206500048797e-27,6.146206500052576e-27,6.146206500052613e-27,6.146206500052612e-27,6.1462065000526116e-27,6.146206500052428e-27,6.1462065000525915e-27,6.146206500052433e-27,6.146206500242272e-27,6.146206500242272e-27,6.146206500173555e-27,6.1462065001775746e-27,6.146206500177431e-27,6.146206500177473e-27,6.1462065001741394e-27,6.146206500174312e-27,6.1462065001743166e-27,6.146206500174479e-27,6.1462065001850814e-27,6.1462065001851e-27,6.1462065001855306e-27,6.14620650018562e-27,6.14620650018562e-27,6.1462065001830524e-27,6.146206500182408e-27,6.146206499791192e-27,6.146206499784363e-27,6.146206499784487e-27,6.146206499784866e-27,6.1462064997846665e-27,6.1462064997846586e-27,6.146206499784658e-27,6.1462064997866244e-27,6.146206499798976e-27,6.1462064997989756e-27,6.1462064998221605e-27,6.146206499822092e-27,6.1462064998298854e-27,6.146206499571818e-27,6.146206499571807e-27,6.146206499618253e-27,6.146206499618194e-27,6.146206499618169e-27,6.146206499617902e-27,6.1462064996174534e-27,6.1462064996187714e-27,6.146206499619327e-27,6.146206499730957e-27,6.146206499722359e-27,6.146206499715532e-27,6.146206499715626e-27,6.14620649971549e-27,6.1462064997153794e-27,6.146206499718367e-27,6.146206499712062e-27,6.146206499712075e-27,6.146206499711499e-27,6.146206499711499e-27,6.1462064997126265e-27,6.146206499796004e-27,6.146206499796003e-27,6.146206499748567e-27,6.146206499746308e-27,6.146206499746287e-27,6.1462064997462835e-27,6.146206499745605e-27,6.146206499745604e-27,6.1462064997456e-27,6.146206499745598e-27,6.146206499746705e-27,6.146206499746745e-27,6.146206499746881e-27,6.1462064997468015e-27,6.146206499400358e-27,6.146206499399476e-27,6.146206499399466e-27,6.146206499402202e-27,6.146206499402198e-27,6.1462064994021766e-27,6.146206499401324e-27,6.146206499400938e-27,6.146206499402386e-27,6.1462064994023854e-27,6.1462064994047495e-27,6.1462064994065245e-27,6.146206499407058e-27,6.14620649940703e-27,6.1462064994067584e-27,6.1462064994062755e-27,6.14620649940604e-27,6.146206499405738e-27,6.146206499405775e-27,6.146206499404964e-27,6.146206499405091e-27,6.146206499405171e-27,6.1462064994051534e-27,6.1462064994050286e-27,6.146206499405051e-27,6.146206499405128e-27,6.146206499405107e-27,6.146206499405107e-27,6.146206499405105e-27,6.146206499406e-27,6.146206499403758e-27,6.1462064994037565e-27,6.14620649940376e-27,6.146206499404414e-27,6.146206499404381e-27,6.146206499404385e-27,6.1462064994043886e-27,6.146206499404383e-27,6.1462064994043936e-27,6.146206499404384e-27,6.1462064994055444e-27,6.1462064994057446e-27,6.1462064994052854e-27,6.146206499405875e-27,6.1462064994058745e-27,6.146206499405907e-27,6.1462064993699015e-27,6.1462064993610946e-27,6.146206499362282e-27,6.146206499362294e-27,6.146206499362285e-27,6.14620649936229e-27,6.1462064993623e-27,6.146206499362299e-27,6.146206499362334e-27,6.146206499362117e-27,6.1462064993621105e-27,6.146206499362183e-27,6.146206499362185e-27,6.1462064993621816e-27,6.1462064993650916e-27,6.146206508067647e-27,6.146206508067555e-27,6.146206508078178e-27,6.146206508078181e-27,6.146206508078157e-27,6.146206508078215e-27,6.146206508078165e-27,6.146206508078175e-27,6.146206508078177e-27,6.146206508079332e-27,6.146206508079332e-27,6.14620650808066e-27,6.146206508080604e-27,6.1462065080838144e-27,6.1462065080838144e-27,6.146206508082492e-27,6.146206508082445e-27,6.1462065080824785e-27,6.1462065080824706e-27,6.146206508081292e-27,6.146206508081276e-27,6.146206508081104e-27,6.146206508081151e-27,6.146206508081173e-27,6.146206508081196e-27,6.146206508081407e-27,6.146206508079446e-27,6.146206508079381e-27,6.146206508078929e-27,6.146206508078678e-27,6.14620650807868e-27,6.146206508079895e-27,6.1462065080791495e-27,6.14620650807915e-27,6.146206508078616e-27,6.1462065080764604e-27,6.146206508086177e-27,6.1462065080953046e-27,6.1462065080953046e-27,6.146206508095382e-27,6.1462065080954854e-27,6.1462065080955e-27,6.146206508095506e-27,6.146206508096086e-27,6.146206508095021e-27,6.146206508094949e-27,6.1462065080949495e-27,6.146206508095098e-27,6.1462065080949925e-27,6.146206508095011e-27,6.146206508094923e-27,6.146206508094922e-27,6.1462065080949014e-27,6.14620650809485e-27,6.146206508094851e-27,6.146206508094858e-27,6.146206508094864e-27,6.1462065080948634e-27,6.146206508088899e-27,6.146206508088899e-27,6.146206508088885e-27,6.1462065080878e-27,6.146206508087804e-27,6.1462065080878215e-27,6.146206508088583e-27,6.146359447710766e-27,6.146359447711348e-27,6.1463594477113494e-27,6.146359447709498e-27,6.146359447709736e-27,6.1463594477097365e-27,6.146359447709769e-27,6.146359447711245e-27,6.1463594477108615e-27,6.14635944771103e-27,6.14635944771103e-27,6.146359447711023e-27,6.1463594477109304e-27,6.1463594477109304e-27,6.146359447710934e-27,6.146359447710962e-27,6.146359447689698e-27,6.1463594476896734e-27,6.1463594476896834e-27,6.146359447689683e-27,6.1463594476896906e-27,6.146359447689651e-27,6.146359447689657e-27,6.1463594476897085e-27,6.146359447690167e-27,6.1463594476984874e-27,6.1463594477012525e-27,6.1463594476692306e-27,6.146359447680258e-27,6.14635944822876e-27,6.1463594482297256e-27,6.146359448209623e-27,6.1463593952822135e-27,6.146359395284433e-27,6.146359395242225e-27,6.146359395242219e-27,6.146359395242522e-27,6.146359395242576e-27,6.14635939524258e-27,6.146359395242581e-27,6.146359395242047e-27,6.146359395241712e-27,6.146359395241788e-27,6.1463593952433535e-27,6.146359395243354e-27,6.146359395243349e-27,6.146359395242855e-27,6.1463593952437524e-27,6.1463593952437524e-27,6.146359395244221e-27,6.1463593952442245e-27,6.146359395246502e-27,6.146359395246513e-27,6.146359395247315e-27,6.146359395249955e-27,6.146359395252189e-27,6.146359395252289e-27,6.1463593952535896e-27,6.146359395253547e-27,6.146359395253565e-27,6.146359395253448e-27,6.146359395246792e-27,6.1463593952455905e-27,6.14635939524551e-27,6.146359395245513e-27,6.146359395241541e-27,6.146359395241391e-27,6.146359395241144e-27,6.1463593952411466e-27,6.146359395241146e-27,6.14635939524115e-27,6.146359395241143e-27,6.146359395241122e-27,6.14635939524119e-27,6.146359395241086e-27,6.146359395241086e-27,6.146359395241098e-27,6.146359395241137e-27,6.146359395241136e-27,6.1463593952411286e-27,6.146359395241175e-27,6.146359395241141e-27,6.1463593952411415e-27,6.146359395241142e-27,6.146359395241137e-27,6.146359395240981e-27,6.146359395240951e-27,6.1463593952406824e-27,6.146359395240728e-27,6.146359395240279e-27,6.146359395240147e-27,6.146359395239509e-27,6.146359395238974e-27,6.1463593952389755e-27,6.146359395240073e-27,6.146359395240015e-27,6.146359395240022e-27,6.146359395240035e-27,6.146359395243934e-27,6.146359395243947e-27,6.146359395243944e-27,6.1463593952439554e-27,6.146359395244016e-27,6.1463593952440215e-27,6.1463593952409285e-27,6.146359395240582e-27,6.1463593952405905e-27,6.146359395240526e-27,6.1463593952405296e-27,6.1463593952405296e-27,6.146359395235625e-27,6.146359395235641e-27,6.146359395235635e-27,6.146359395235684e-27,6.146359395231407e-27,6.146359395232003e-27,6.146359395231956e-27,6.146359395230886e-27,6.146359395230669e-27,6.146359395230667e-27,6.146359395230828e-27,6.146359395232439e-27,6.146359395231467e-27,6.1463593952314285e-27,6.146359395231457e-27,6.146359395231335e-27,6.146359395231915e-27,6.146359395231713e-27,6.146359395206032e-27,6.146359395206026e-27,6.146359395206026e-27,6.1463593952065346e-27,6.1463593952063596e-27,6.146359395196146e-27,6.146359395196262e-27,6.146359395191526e-27,6.146359395191525e-27,6.1463593951916035e-27,6.146359395189461e-27,6.146359395189454e-27,6.1463593951900846e-27,6.146359395189948e-27,6.146359395186702e-27,6.146359395189012e-27,6.146359395189005e-27,6.1463593951887185e-27,6.1463593951883376e-27,6.14635939518826e-27,6.1463593951879846e-27,6.146359395188015e-27,6.146359395189102e-27,6.146359395188582e-27,6.146359395188761e-27,6.1463593951887e-27,6.1463593951898715e-27,6.146359395189928e-27,6.146359395190518e-27,6.1463593951904225e-27,6.146359395189651e-27,6.146359395189674e-27,6.146359395188222e-27,6.146359395186035e-27,6.146359395181476e-27,6.1463593951850724e-27,6.1463593951849806e-27,6.1463593951849755e-27,6.146359395202001e-27,6.1463593952008724e-27,6.146359395201982e-27,6.146359395200274e-27,6.146359395180478e-27,6.1463593951820856e-27,6.146359395182122e-27,6.1463593951819894e-27,6.1463593951792136e-27,6.1463593951817376e-27,6.146359395181163e-27,6.14635939520153e-27,6.1463593952016595e-27,6.146359395201657e-27,6.1463593952005065e-27,6.146359395200574e-27,6.146359395172623e-27,6.146359395172694e-27,6.146359395173337e-27,6.146359395173312e-27,6.146359395190075e-27,6.146359395190291e-27,6.146359395191129e-27,6.14635939519111e-27,6.1463593951915224e-27,6.146359395080191e-27,6.1463593950801554e-27,6.146359395078994e-27,6.1463593950789536e-27,6.14635939503712e-27,6.146359395037368e-27,6.146359395087328e-27,6.146359395087344e-27,6.146359395084924e-27,6.14635939508491e-27,6.14635939508492e-27,6.146359395084924e-27,6.146359395084924e-27,6.146359395084915e-27,6.146359395084925e-27,6.146359395084866e-27,6.146359395084812e-27,6.146359394990291e-27,6.146359394990284e-27,6.146359394990295e-27,6.146359394990295e-27,6.1463593949902864e-27,6.146359394990335e-27,6.146359394995067e-27,6.146359394994972e-27,6.146359395002303e-27,6.146359395002309e-27,6.146359395002335e-27,6.146359394997961e-27,6.146359394997975e-27,6.1463593949979655e-27,6.1463593949948495e-27,6.146359394994892e-27,6.146359394994858e-27,6.146359394994857e-27,6.146359394994857e-27,6.146359394994789e-27,6.146359394994791e-27,6.14635939499484e-27,6.1463593949946436e-27,6.146359394995316e-27,6.146359394995316e-27,6.146359394995319e-27,6.1463593949955124e-27,6.146359394995504e-27,6.1463593949953496e-27,6.146359394995462e-27,6.146359394999885e-27,6.146359394999855e-27,6.146359394999453e-27,6.146359395000552e-27,6.146359395000554e-27,6.146359394995361e-27,6.146359394995337e-27,6.1463593949953955e-27,6.1463593949954565e-27,6.146359394995466e-27,6.146359394995465e-27,6.146359394995266e-27,6.1463593949944836e-27,6.1463593949944836e-27,6.14635939499448e-27,6.146359394994492e-27,6.146359395019646e-27,6.1463593950196465e-27,6.1463593950196444e-27,6.146359395020205e-27,6.146359395020337e-27,6.1463593950035825e-27,6.1463593950022846e-27,6.146359395002285e-27,6.146359395002289e-27,6.146359395002292e-27,6.146359395002293e-27,6.146359395002305e-27,6.1463593950023944e-27,6.146359395002804e-27,6.146359395002859e-27,6.146359395004008e-27,6.146359395003234e-27,6.146359395003233e-27,6.1463593950032345e-27,6.1463593950032754e-27,6.146359395003245e-27,6.1463593950094406e-27,6.146359395009552e-27,6.1463593949375e-27,6.1463593949369716e-27,6.146359394936505e-27,6.146359394936084e-27,6.14635939493608e-27,6.1463593949370556e-27,6.146359394937046e-27,6.146359394937047e-27,6.1463593949369494e-27,6.146359394937117e-27,6.146359394937229e-27,6.1463593949372306e-27,6.146359394938178e-27,6.1463593949419515e-27,6.146359394941919e-27,6.146359394941556e-27,6.146359394984985e-27,6.146359394952711e-27,6.146359394947252e-27,6.146359394947179e-27,6.146359394947125e-27,6.146359394945451e-27,6.1463593949480665e-27,6.146359394947742e-27,6.146359394906883e-27,6.1463593949067864e-27,6.146359394906792e-27,6.146359394906498e-27,6.146359394905927e-27,6.146359394906012e-27,6.146359394905995e-27,6.1463593949060066e-27,6.146359394904741e-27,6.146359394904741e-27,6.146359394904735e-27,6.146359394921451e-27,6.146359394907834e-27,6.146359394907829e-27,6.1463593948938176e-27,6.1463593948936604e-27,6.146359394894101e-27,6.1463593948939826e-27,6.146359394924221e-27,6.1463593949230406e-27,6.146359394922947e-27,6.146359394923193e-27,6.146359394923635e-27,6.146359394923681e-27,6.1463593949237294e-27,6.1463593949149526e-27,6.14635939491494e-27,6.146359394914906e-27,6.146359394914876e-27,6.1463593949149125e-27,6.146359394914911e-27,6.146359394914863e-27,6.146359394914865e-27,6.146359394911673e-27,6.146359394911652e-27,6.146359394911654e-27,6.146359394911654e-27,6.146359394911487e-27,6.14635939491183e-27,6.14635939491183e-27,6.146359394911687e-27,6.146359394911837e-27,6.146359394940531e-27,6.1463593949408545e-27,6.146359394940854e-27,6.1463593949408524e-27,6.146359394941065e-27,6.146359394941057e-27,6.1463593949411265e-27,6.14635939494182e-27,6.1463593949417205e-27,6.146359394942021e-27,6.146359394942391e-27,6.1463593949421625e-27,6.146359394984051e-27,6.146359394977901e-27,6.146359394977891e-27,6.146359394977502e-27,6.146359394978014e-27,6.146359394980422e-27,6.1463593949803445e-27,6.146359394979413e-27,6.146359394977267e-27,6.146359394977266e-27,6.146359394977635e-27,6.146359394977802e-27,6.146359394977804e-27,6.1463593949778226e-27,6.1463593949778126e-27,6.1463593949778176e-27,6.146359394977821e-27,6.146359394977799e-27,6.146359394977536e-27,6.1463593949774854e-27,6.146359394977504e-27,6.146359394977506e-27,6.1463593949775055e-27,6.14635939497744e-27,6.146359394975659e-27,6.1463593949757276e-27,6.146359394975716e-27,6.1463593949757176e-27,6.146359394980286e-27,6.146359394980288e-27,6.1463593949591305e-27,6.146359394959424e-27,6.1463593949591076e-27,6.146359394959256e-27,6.1463593949592575e-27,6.14635939495915e-27,6.146359394959151e-27,6.146359394958961e-27,6.146359394958959e-27,6.1463593949589576e-27,6.146359394958957e-27,6.14635939495872e-27,6.14635939496036e-27,6.1463593949604535e-27,6.146359394960643e-27,6.1463593949606365e-27,6.146359394960597e-27,6.146359394960763e-27,6.146359394961232e-27,6.146359394963226e-27,6.1463593949634195e-27,6.146359394962613e-27,6.1463593949625765e-27,6.146359394962572e-27,6.14635939496269e-27,6.146359394961933e-27,6.146359394766512e-27,6.146359394766493e-27,6.146359394765379e-27,6.146359394765131e-27,6.146359394765131e-27,6.146359394765108e-27,6.1463593947650434e-27,6.146359394765491e-27,6.1463593947655054e-27,6.146359394765476e-27,6.14635939476535e-27,6.146359394765477e-27,6.146359394765476e-27,6.146359394765478e-27,6.146359394773708e-27,6.14635939477366e-27,6.146359394773418e-27,6.146359394772802e-27,6.14635939477277e-27,6.146359394772768e-27,6.146359394772918e-27,6.1463593947729326e-27,6.1463593947729405e-27,6.146359394772941e-27,6.146359394772945e-27,6.146359394772092e-27,6.146359394772095e-27,6.1463593947720946e-27,6.1463593947721126e-27,6.1463593947721176e-27,6.1463593947721936e-27,6.146359394772317e-27,6.146359394773308e-27,6.146359394773299e-27,6.1463593947733e-27,6.1463593947732985e-27,6.146359394773481e-27,6.1463593947734635e-27,6.146359394773013e-27,6.1463593947728515e-27,6.146359394772852e-27,6.1463593947728494e-27,6.146359394772851e-27,6.146359394772866e-27,6.146359394772841e-27,6.146359394772843e-27,6.146359394774137e-27,6.146359394774144e-27,6.14635939477414e-27,6.146359394774161e-27,6.146359394774171e-27,6.1463593947741186e-27,6.146359394773393e-27,6.146359394773538e-27,6.146359394773446e-27,6.146399520706153e-27,6.1463995207062086e-27,6.146399520706206e-27,6.146399520705787e-27,6.146399520705723e-27,6.146399520705719e-27,6.1463995207058104e-27,6.146399520705785e-27,6.146399520705792e-27,6.146399520705791e-27,6.146399520705791e-27,6.1463995207057845e-27,6.1463995207057874e-27,6.1463995205716846e-27,6.146399520571383e-27,6.146399520571047e-27,6.146399520571147e-27,6.1463995205711774e-27,6.146399520571182e-27,6.146399520571151e-27,6.146399520571143e-27,6.14639952062226e-27,6.1463995312272446e-27,6.1463995312273996e-27,6.1463995312273666e-27,6.1463995312275596e-27,6.146399531227556e-27,6.146399531227531e-27,6.14639953122753e-27,6.1463995312237125e-27,6.146399531223695e-27,6.146399531223707e-27,6.146399531223706e-27,6.146399531223902e-27,6.1463995312229434e-27,6.1463995312235425e-27,6.1463995312228896e-27,6.1463995312261785e-27,6.1463995312263514e-27,6.14639953122635e-27,6.146399531226356e-27,6.146399531226085e-27,6.14639953122578e-27,6.146399531225779e-27,6.146399531225769e-27,6.1463995312257666e-27,6.146399531225761e-27,6.146399531232591e-27,6.14639953123261e-27,6.1463995312330274e-27,6.146399531229727e-27,6.1463995312318486e-27,6.14639953123187e-27,6.146399531232113e-27,6.146399531232114e-27,6.146399531232177e-27,6.146399531232183e-27,6.1463995312319555e-27,6.14639953123199e-27,6.1463995312319835e-27,6.1463995312319784e-27,6.146399531232074e-27,6.1463995312320774e-27,6.146399531232114e-27,6.1463995312321004e-27,6.146399531232099e-27,6.146399531236281e-27,6.146399531236298e-27,6.146399531236316e-27,6.14639953123631e-27,6.146399531236347e-27,6.1463995312361756e-27,6.146399531208422e-27,6.1463995312083925e-27,6.146399531208515e-27,6.146399531208122e-27,6.146399531208127e-27,6.1463995312081335e-27,6.146399531208093e-27,6.1463995312070925e-27,6.1463995312070444e-27,6.146399531207056e-27,6.146399531207046e-27,6.1463995312070415e-27,6.146399531207193e-27,6.146399531207192e-27,6.146399531207181e-27,6.146399531207169e-27,6.1463995312071656e-27,6.146399531207188e-27,6.1463995312068485e-27,6.1463995312094106e-27,6.146399531209358e-27,6.1463995312102084e-27,6.146399531212667e-27,6.146399531212685e-27,6.1463995312126844e-27,6.146399531212685e-27,6.146399531212685e-27,6.1463995312126865e-27,6.146399531212691e-27,6.14639953121269e-27,6.146399531212704e-27,6.146399531212686e-27,6.146399531212932e-27,6.146399531212916e-27,6.1463995312128845e-27,6.1463995312129534e-27,6.146399531212951e-27,6.146399531212921e-27,6.146399531212919e-27,6.146399531212928e-27,6.1463995312129305e-27,6.1463995312151905e-27,6.146399531215363e-27,6.146399548498994e-27,6.146399548499008e-27,6.1463995484988145e-27,6.146399548498775e-27,6.1463995484988576e-27,6.146399548498857e-27,6.146399548498175e-27,6.146399548498276e-27,6.1463995484969506e-27,6.146399548496045e-27,6.146399548495946e-27,6.146399548496049e-27,6.1463995484940656e-27,6.146399548494046e-27,6.1463995484940455e-27,6.146399548494246e-27,6.14639954849426e-27,6.146399548406212e-27,6.146399548406114e-27,6.146399548405674e-27,6.146399548405477e-27,6.146399548406087e-27,6.146399548406061e-27,6.146399548406053e-27,6.146399548401931e-27,6.1463995484024705e-27,6.1463995484127546e-27,6.146399548412785e-27,6.146399548412785e-27,6.146399548412782e-27,6.1463995483064794e-27,6.146399548306716e-27,6.146399548306715e-27,6.146399548304727e-27,6.146399548304963e-27,6.146399548302282e-27,6.146399548302282e-27,6.146399548302812e-27,6.146399548302817e-27,6.146399548302857e-27,6.146399548302787e-27,6.14639954830295e-27,6.1463995483029854e-27,6.146399498337893e-27,6.1463994979918996e-27,6.146399497996902e-27,6.146399497996902e-27,6.1463994979969305e-27,6.146399497979222e-27,6.1463994979832075e-27,6.14639949798339e-27,6.146399497998658e-27,6.146399497998154e-27,6.146399497984015e-27,6.1463994979830605e-27,6.14639949798055e-27,6.146399497967876e-27,6.146399497968126e-27,6.146399497968122e-27,6.146399497968975e-27,6.1463994979690025e-27,6.1463994979690025e-27,6.1463994979702795e-27,6.146399497964871e-27,6.146399497958526e-27,6.1463994979585246e-27,6.146399497958507e-27,6.146399497958425e-27,6.1463994979581795e-27,6.146399497959224e-27,6.1463994979592184e-27,6.146399497959143e-27,6.146399497959122e-27,6.146399497959511e-27,6.146399497897619e-27,6.146399497897493e-27,6.14639949789388e-27,6.14639949789747e-27,6.1463994978974705e-27,6.1463994978974734e-27,6.1463994978974375e-27,6.1463994978980574e-27,6.1463995038064906e-27,6.14639950380649e-27,6.1463995038066965e-27,6.146399503806277e-27,6.14639950367863e-27,6.146399503675075e-27,6.146399503675075e-27,6.146399503675086e-27,6.1463995036768304e-27,6.146399503673177e-27,6.146399503673053e-27,6.146399503673026e-27,6.14639950367307e-27,6.1463995036720506e-27,6.1463995036721166e-27,6.146399503672108e-27,6.1463995036720965e-27,6.146399503672098e-27,6.1463995036721016e-27,6.146399503673008e-27,6.14639950366959e-27,6.146399503669584e-27,6.146399503669771e-27,6.1463995036717866e-27,6.146399503671911e-27,6.146399503671894e-27,6.146399503671896e-27,6.146399503671894e-27,6.146399503671873e-27,6.1463995036718684e-27,6.146399503671804e-27,6.146399503669306e-27,6.146399503696781e-27,6.146399503699302e-27,6.1463995036992146e-27,6.146399503699503e-27,6.14639950370108e-27,6.1463995037004536e-27,6.1463995036994456e-27,6.14639950372023e-27,6.146399503717531e-27,6.146399503717736e-27,6.146399503717404e-27,6.146399503717446e-27,6.1463995037175336e-27,6.1463995037175365e-27,6.1463995037175386e-27,6.146399503718857e-27,6.146399503722495e-27,6.146399503722575e-27,6.146399503722575e-27,6.146399503722537e-27,6.146399503722525e-27,6.1463995037226965e-27,6.146399503723598e-27,6.146399503723418e-27,6.146399503723414e-27,6.146399503723413e-27,6.146399503723453e-27,6.146399503723445e-27,6.1463995037234276e-27,6.146399503723332e-27,6.1463995037213505e-27,6.1463995037254996e-27,6.146399503725057e-27,6.146399503727109e-27,6.146399503727108e-27,6.1463995037145274e-27,6.1463995037242656e-27,6.146399503724263e-27,6.1463995037242734e-27,6.1463995036095135e-27,6.146399503609493e-27,6.146399503608971e-27,6.1463995036089546e-27,6.146399503644226e-27,6.146399503644215e-27,6.146399503683465e-27,6.14639950459251e-27,6.14639950459031e-27,6.1463995045901774e-27,6.146399504590945e-27,6.146399504590974e-27,6.146399504343742e-27,6.146399504343609e-27,6.1463995043418334e-27,6.1463995043418306e-27,6.14639950434381e-27,6.146399504316139e-27,6.1463995043161446e-27,6.146399504315847e-27,6.146399504318043e-27,6.1463995043201725e-27,6.14639950432022e-27,6.146399504320205e-27,6.146399504319805e-27,6.146399504323935e-27,6.146399504323933e-27,6.146399504323974e-27,6.1463995043241766e-27,6.146399504324076e-27,6.146399504325814e-27,6.146399504326186e-27,6.146399504387396e-27,6.1463995043873415e-27,6.1463995043994466e-27,6.146399504405641e-27,6.146399504405641e-27,6.146399504405637e-27,6.146399504405714e-27,6.146399504404271e-27,6.1463995044042464e-27,6.146399504400653e-27,6.1463995044009174e-27,6.14639950440035e-27,6.146399504511835e-27,6.146399504511835e-27,6.146399504558106e-27,6.146399504551897e-27,6.146399504551949e-27,6.14639950455223e-27,6.146399504552018e-27,6.146399504550249e-27,6.146399504554943e-27,6.146399504554941e-27,6.1463995045549004e-27,6.146399504554826e-27,6.146399504554638e-27,6.146399504554641e-27,6.146399504554636e-27,6.146399504554636e-27,6.146399504555683e-27,6.146399504615951e-27,6.146399504602397e-27,6.146399504603406e-27,6.1463995046054695e-27,6.146399504605479e-27,6.146399504605436e-27,6.146399504605441e-27,6.146399504605437e-27,6.14639950460601e-27,6.1463995046060205e-27,6.14639950460602e-27,6.146399504606017e-27,6.146399504606017e-27,6.1463995046059724e-27,6.146399504606008e-27,6.146399504610094e-27,6.1463995046100935e-27,6.146399504610073e-27,6.1463995046100785e-27,6.1463995046100785e-27,6.1463995046100785e-27,6.146399504610077e-27,6.146399504610081e-27,6.146399504610457e-27,6.146399504610123e-27,6.146399504637661e-27,6.146399504637726e-27,6.1463995046377525e-27,6.1463995046370544e-27,6.146399504637095e-27,6.14639950463692e-27,6.1463995046361404e-27,6.1463995046361296e-27,6.146399504636129e-27,6.1463995046719354e-27,6.14639950467135e-27,6.146399504671025e-27,6.146399504670844e-27,6.146399504693295e-27,6.1463995046932456e-27,6.1463995046954324e-27,6.146399504695437e-27,6.1463995046887234e-27,6.146399504688688e-27,6.1463995046886466e-27,6.1463995046885454e-27,6.1463995046885505e-27,6.146399504690066e-27,6.146399504689611e-27,6.1463995046897084e-27,6.1463995046897056e-27,6.14639950468971e-27,6.1463995043034656e-27,6.146399504304549e-27,6.1463995043149436e-27,6.146399504328304e-27,6.14639950432823e-27,6.146399504327679e-27,6.146399504327678e-27,6.1463995043273894e-27,6.146399504328091e-27,6.146399504543197e-27,6.146399504543258e-27,6.146399504543284e-27,6.146399504543867e-27,6.146399504543823e-27,6.146399504543789e-27,6.146399504518172e-27,6.146399504517756e-27,6.146399504517723e-27,6.146399504571442e-27,6.146399504599254e-27,6.146399504573332e-27,6.14639950457225e-27,6.1463995045590086e-27,6.146399504558996e-27,6.1463995045608396e-27,6.146399504560981e-27,6.1463995045130435e-27,6.146399504513021e-27,6.146399504513047e-27,6.146399504512663e-27,6.146399504512626e-27,6.146399504513526e-27,6.146399504520109e-27,6.146399504520535e-27,6.146399504520484e-27,6.146399504520493e-27,6.146399504520494e-27,6.1463995045223835e-27,6.146399504525357e-27,6.146399504547436e-27,6.146399504564622e-27,6.1463995045646206e-27,6.14639950456495e-27,6.146399504577727e-27,6.146399506021516e-27,6.1463995060214724e-27,6.146399506020488e-27,6.146399506005018e-27,6.1463995060055856e-27,6.146399506005589e-27,6.146399506023589e-27,6.146399506023522e-27,6.14639950602443e-27,6.146399506024516e-27,6.1463995060302785e-27,6.1463995060304816e-27,6.1463995060304794e-27,6.146399506035212e-27,6.1463995060352e-27,6.146399506035585e-27,6.146399506035585e-27,6.146399506035585e-27,6.146399506060895e-27,6.146399506070795e-27,6.1463995060840045e-27,6.146399506085181e-27,6.14639950608518e-27,6.146399506085357e-27,6.146399506076767e-27,6.1463995060767416e-27,6.146399506076752e-27,6.14639950607675e-27,6.1463995060784785e-27,6.146399506285238e-27,6.1463995062807964e-27,6.146399506280987e-27,6.146399506281106e-27,6.146399506281185e-27,6.146399506277053e-27,6.1463995062788234e-27,6.14639950627888e-27,6.146399506280096e-27,6.146399506356927e-27,6.146399506373319e-27,6.1463995063743474e-27,6.146399506374264e-27,6.146399506374261e-27,6.1463995063076834e-27,6.146399506307281e-27,6.146399506307011e-27,6.146399506805406e-27,6.146399506805498e-27,6.1463995067978475e-27,6.146399506790904e-27,6.146399506796938e-27,6.1463995068026366e-27,6.146399506802976e-27,6.146399506802961e-27,6.14639950680064e-27,6.146399506800766e-27,6.146399506800959e-27,6.146399506758888e-27,6.1463995067587105e-27,6.146399506822702e-27,6.146399506823606e-27,6.146399506823607e-27,6.146399506823607e-27,6.146399506823481e-27,6.1463995684899406e-27,6.14639956848933e-27,6.1463995684896744e-27,6.1463995684898236e-27,6.1463995684873304e-27,6.146399568471542e-27,6.146399568473129e-27,6.1463995684486074e-27,6.1463995684484395e-27,6.1463995684485235e-27,6.146399568450544e-27,6.146399568452452e-27,6.1463995687155825e-27,6.146399568723512e-27,6.146399568722948e-27,6.146399568722943e-27,6.1463995687231066e-27,6.146399568723062e-27,6.146399568723188e-27,6.146399568723142e-27,6.146399568718602e-27,6.146399568718448e-27,6.146399568718449e-27,6.1463995696365024e-27,6.146399569636588e-27,6.146399569636591e-27,6.146399569638692e-27,6.1463995695881604e-27,6.146399569576663e-27,6.1463995695772004e-27,6.1463995718666744e-27,6.14639957185526e-27,6.146399571863377e-27,6.146399571827079e-27,6.146399571827109e-27,6.146399571827094e-27,6.146399571826875e-27,6.146399571801059e-27,6.1463995718010744e-27,6.1463995717325135e-27,6.146399571732624e-27,6.1463995717328435e-27,6.1463995717326964e-27,6.146399571742173e-27,6.146399571742456e-27,6.1463995717425314e-27,6.146399571742526e-27,6.146399571742443e-27,6.146399571742437e-27,6.1463995717423944e-27,6.146399571744665e-27,6.1463995717446616e-27,6.146399571744675e-27,6.146399571744697e-27,6.1463995717445045e-27,6.146399571744797e-27,6.146399571744793e-27,6.1463995712552645e-27,6.146399571255441e-27,6.146399571248868e-27,6.1463995712488704e-27,6.146399571249041e-27,6.146399571247625e-27,6.146399571247934e-27,6.146399571247949e-27,6.1463995712479384e-27,6.14639957124794e-27,6.146399571247941e-27,6.146399571247937e-27,6.146399571247934e-27,6.146399571248018e-27,6.146399571240793e-27,6.146399571240831e-27,6.146399571240822e-27,6.1463995712409016e-27,6.146399571240908e-27,6.146399571240918e-27,6.146399571240001e-27,6.1463995712389766e-27,6.146399571239107e-27,6.1463995713147394e-27,6.146399571314558e-27,6.146399571314719e-27,6.146399571314736e-27,6.146399571314867e-27,6.146399571314969e-27,6.146399571314967e-27,6.146399571314964e-27,6.146399571311481e-27,6.1463995713114664e-27,6.146399571311712e-27,6.1463995712849546e-27,6.146399571284964e-27,6.146399571284959e-27,6.14639957128494e-27,6.146399571284919e-27,6.146399571279468e-27,6.1463995712797695e-27,6.146399571279769e-27,6.1463995712796425e-27,6.14639957127972e-27,6.146399571279719e-27,6.146399571279585e-27,6.146399571279626e-27,6.146399571279688e-27,6.146399571279688e-27,6.1463995712796956e-27,6.146399571272232e-27,6.146399571272232e-27,6.1463995712730476e-27,6.1463995712730476e-27,6.146399571273029e-27,6.146399571273027e-27,6.1463995712729026e-27,6.146399571272904e-27,6.14639957122762e-27,6.146399571227671e-27,6.146399571227658e-27,6.146399571228512e-27,6.146399571228545e-27,6.146399571228564e-27,6.146399571228525e-27,6.146399571228519e-27,6.14639957122854e-27,6.146399571227986e-27,6.146399571230877e-27,6.1463995712307846e-27,6.146399571230741e-27,6.146399571234906e-27,6.1463995712362086e-27,6.146399571235854e-27,6.1463995712361735e-27,6.1463995712373035e-27,6.14639957123731e-27,6.146399571237312e-27,6.146399571237323e-27,6.146399571237384e-27,6.1463995712373644e-27,6.146399571234512e-27,6.146399571234513e-27,6.146399571227443e-27,6.14639957122947e-27,6.146399571229469e-27,6.146399571229619e-27,6.146399571229625e-27,6.146399571229981e-27,6.1463995712750766e-27,6.146399571273276e-27,6.1463995712819836e-27,6.146399571280058e-27,6.14639957127982e-27,6.146399571279787e-27,6.14639957127388e-27,6.146399571274159e-27,6.146399571272966e-27,6.1463995712729744e-27,6.146399571272976e-27,6.146399571273097e-27,6.146399571267409e-27,6.146399571268539e-27,6.146399571268126e-27,6.1463995712663335e-27,6.14639957126765e-27,6.1463995712624305e-27,6.146399571261586e-27,6.146399571262963e-27,6.146399571262525e-27,6.14639957126235e-27,6.146399571262534e-27,6.146399571278985e-27,6.146399571279634e-27,6.146399571276122e-27,6.146399571276112e-27,6.1463995712761255e-27,6.146399571276187e-27,6.1463995712773674e-27,6.146399571277369e-27,6.146399571273696e-27,6.146399571273737e-27,6.146399571262095e-27,6.146399570134142e-27,6.146399570132078e-27,6.146399570150927e-27,6.146399570148113e-27,6.1463995701481094e-27,6.1463995701481596e-27,6.1463995701482765e-27,6.1463995701557346e-27,6.146399570155247e-27,6.146399570154612e-27,6.146399570154628e-27,6.146399570154681e-27,6.146399570154608e-27,6.146399570154323e-27,6.1463995701405415e-27,6.1463995701669435e-27,6.1463995701668876e-27,6.14639957015222e-27,6.1463995702901925e-27,6.146399570405698e-27,6.1463995701184164e-27,6.146399570118638e-27,6.146399570118976e-27,6.146399570358571e-27,6.1463995703787664e-27,6.146399570367846e-27,6.146399570371434e-27,6.146399570371417e-27,6.1463995703761835e-27,6.1463995703785045e-27,6.146399570378171e-27,6.1463995703781716e-27,6.146399570378027e-27,6.146399570392253e-27,6.146399570748197e-27,6.146399570742133e-27,6.146399570742382e-27,6.146399570714272e-27,6.146399570713936e-27,6.146399570711965e-27,6.1463995707033884e-27,6.146399570703225e-27,6.14639957070356e-27,6.1463995707037206e-27,6.146399570704104e-27,6.146399570704194e-27,6.146399570701343e-27,6.146399570712447e-27,6.146399570691585e-27,6.146399570706986e-27,6.1463995707034695e-27,6.1463995707892194e-27,6.1463995707851306e-27,6.146399570785161e-27,6.146399570785217e-27,6.1463995707921036e-27,6.146399570792331e-27,6.146399570796456e-27,6.1463995707963776e-27,6.146399570796345e-27,6.146399570796025e-27,6.14639957079615e-27,6.146399570797344e-27,6.146399570798218e-27,6.146399570792542e-27,6.146399570792499e-27,6.146399570792384e-27,6.146399570792159e-27,6.146399570789198e-27,6.146399570855937e-27,6.1463995708532984e-27,6.146399570853198e-27,6.14639957085308e-27,6.146399570691696e-27,6.146399570691617e-27,6.146399570691858e-27,6.1463995706904704e-27,6.146399570699676e-27,6.1463995706996834e-27,6.146399570699715e-27,6.14639957069934e-27,6.146399570696039e-27,6.146399570696241e-27,6.146399570718478e-27,6.146399570719394e-27,6.146399570699069e-27,6.14639957069907e-27,6.1463995706990965e-27,6.146399570725574e-27,6.14639957074693e-27,6.1463995707470454e-27,6.146399570747204e-27,6.146399570747221e-27,6.146399570747232e-27,6.146399570748769e-27,6.146399570748984e-27,6.146399570749013e-27,6.146399570732648e-27,6.1463995707325045e-27,6.1463995707324995e-27,6.146399570730072e-27,6.1463995707300444e-27,6.146399570730174e-27,6.1463995707302e-27,6.1463995707249274e-27,6.146399570724874e-27,6.146399570717721e-27,6.1463995707177205e-27,6.146399570717738e-27,6.1463995707187515e-27,6.146399570718861e-27,6.146399570718462e-27,6.146399570737646e-27,6.146399570737646e-27,6.146399570737652e-27,6.1463995707207044e-27,6.146399570720152e-27,6.146399570719606e-27,6.146399570711639e-27,6.146399570704288e-27,6.1463995707044345e-27,6.1463995707389546e-27,6.1463995706930605e-27,6.146399570702703e-27,6.14639957072384e-27,6.146399570723547e-27,6.146399570719833e-27,6.146399570634675e-27,6.146399570634848e-27,6.1463995706348045e-27,6.146399570638202e-27,6.146399570638326e-27,6.146399570669642e-27,6.146399569737268e-27,6.146399569587002e-27,6.1463995695870045e-27,6.146399569594969e-27,6.146399569595116e-27,6.1463995695952525e-27,6.146399569599832e-27,6.1463995695997345e-27,6.146399569599703e-27,6.146399569601548e-27,6.14639956960151e-27,6.1463995695991634e-27,6.1463995695990795e-27,6.146399569598958e-27,6.146399569590303e-27,6.146399569587339e-27,6.146399569584358e-27,6.146399569584595e-27,6.1463995695473424e-27,6.1463995695473266e-27,6.146399569547349e-27,6.146399569547177e-27,6.146399569546467e-27,6.146399569546419e-27,6.146399569546517e-27,6.14639956953245e-27,6.1463995695297566e-27,6.146399569520162e-27,6.1463995695204044e-27,6.146399569570589e-27,6.1463995695678906e-27,6.146309904295017e-27,6.1463099042950216e-27,6.1463099042951335e-27,6.1463099042951234e-27,6.1463099042951866e-27,6.146309904304124e-27,6.146309904304113e-27,6.146309904305968e-27,6.1463099043002146e-27,6.1463099043142554e-27,6.1463099043140494e-27,6.1463099043138514e-27,6.1463099043137574e-27,6.146309904350335e-27,6.146309904349755e-27,6.146309904349741e-27,6.146309904350359e-27,6.146309903495292e-27,6.146309903495288e-27,6.1463099034965406e-27,6.146309903493373e-27,6.146309903493727e-27,6.1463099034964065e-27,6.1463099034964065e-27,6.146309903484169e-27,6.1463099034771325e-27,6.146309903471745e-27,6.1463099034732675e-27,6.1463099034729375e-27,6.1463099034872365e-27,6.1463099034844284e-27,6.146309903489368e-27,6.146309903489368e-27,6.1463099034930415e-27,6.14630990248779e-27,6.1463099029189176e-27,6.146309902918962e-27,6.1463099029230595e-27,6.146309902922834e-27,6.146309902922719e-27,6.146309902926003e-27,6.146309902926002e-27,6.146309902926106e-27,6.1463099029264065e-27,6.1463099029263276e-27,6.1463099029273256e-27,6.146309902927305e-27,6.146309902935852e-27,6.146309902957793e-27,6.146309902960618e-27,6.146309902959894e-27,6.146309902959742e-27,6.146309903602813e-27,6.146309903601758e-27,6.146309903601444e-27,6.14630990359798e-27,6.1463099035978545e-27,6.146309903592229e-27,6.146309903591735e-27,6.1463099035916865e-27,6.146309903583612e-27,6.1463099035834565e-27,6.146309903573708e-27,6.146309903572384e-27,6.146309903572361e-27,6.14630990357464e-27,6.146309903584923e-27,6.146309903584963e-27,6.146309903582037e-27,6.1463099035820065e-27,6.1463099035819505e-27,6.14630990358044e-27,6.146309903610322e-27,6.146309903610367e-27,6.146309903613244e-27,6.146309903614794e-27,6.146309903614807e-27,6.146309903614804e-27,6.146309903614799e-27,6.146309903616819e-27,6.1463099036174356e-27,6.146309903612176e-27,6.1463099036706614e-27,6.1463099036708114e-27,6.146309903670833e-27,6.146309903672689e-27,6.146309903672989e-27,6.1463099036728246e-27,6.146309903678026e-27,6.146309903682949e-27,6.1463099036850674e-27,6.1463099036859176e-27,6.1463099036603414e-27,6.1463099036603436e-27,6.1463099036463595e-27,6.146309903646356e-27,6.1463099036476925e-27,6.14630990364694e-27,6.146309903647613e-27,6.146309903647492e-27,6.146309903643337e-27,6.1463099036433605e-27,6.1463099036433526e-27,6.146309903645708e-27,6.146309903653606e-27,6.146309903653991e-27,6.146309903654739e-27,6.146309903654956e-27,6.146309903654959e-27,6.146309903654947e-27,6.146309903667899e-27,6.14630990366472e-27,6.146309903711986e-27,6.1463099037141915e-27,6.146309903656376e-27,6.146309903656433e-27,6.1463099036564104e-27,6.14630990365658e-27,6.1463099036782515e-27,6.146309903678161e-27,6.146309903670552e-27,6.146309903627495e-27,6.146309903625241e-27,6.146309903617054e-27,6.146309903613761e-27,6.1463099036130275e-27,6.1463099036130246e-27,6.1463099036155214e-27,6.146309903614613e-27,6.146309903614611e-27,6.146309903619742e-27,6.146309903605269e-27,6.146309903603528e-27,6.146309903602435e-27,6.1463099036024506e-27,6.1463099036040764e-27,6.14630990357487e-27,6.146309903566404e-27,6.146309903566397e-27,6.1463099035701554e-27,6.146309903570181e-27,6.146309903570142e-27,6.146309903567571e-27,6.146309903567519e-27,6.1463099035710285e-27,6.146309903571045e-27,6.1463099035708535e-27,6.14630990357149e-27,6.146309903571493e-27,6.14630990357205e-27,6.146309903572923e-27,6.1463099035729334e-27,6.146309903572989e-27,6.146309903572975e-27,6.14630990356695e-27,6.1463099025110754e-27,6.14630990251073e-27,6.146309902509446e-27,6.146309902509463e-27,6.1463099025095336e-27,6.14630990250963e-27,6.146309902510613e-27,6.146309902510613e-27,6.146309902510575e-27,6.146309902510606e-27,6.1463099025111716e-27,6.1463099025229976e-27,6.146309902522861e-27,6.146309902473292e-27,6.146309902472643e-27,6.146309902472639e-27,6.146309902472637e-27,6.1463099024726165e-27,6.146309902472624e-27,6.1463099024727226e-27,6.146309902476585e-27,6.14630990247656e-27,6.146309902476554e-27,6.1463099024765324e-27,6.1463099024743864e-27,6.1463099024737465e-27,6.14630990247037e-27,6.146309902458982e-27,6.146309902458725e-27,6.146309902461282e-27,6.1463099024612984e-27,6.146309902461291e-27,6.146309902452889e-27,6.1463099024533095e-27,6.146309902452616e-27,6.146309902452627e-27,6.1463099024540054e-27,6.146309902454497e-27,6.146309902454503e-27,6.146309902451539e-27,6.1463099024509275e-27,6.146309902450721e-27,6.146309902450442e-27,6.14630990245048e-27,6.146309902450496e-27,6.1463099024449926e-27,6.146309902451378e-27,6.1463099024507316e-27,6.146309902450695e-27,6.1463099024614075e-27,6.146309902461575e-27,6.146309902458469e-27,6.1463099024579974e-27,6.146309902458019e-27,6.1463099024579995e-27,6.146309902452673e-27,6.1463099024506735e-27,6.146309902449461e-27,6.146309902468362e-27,6.1463099024683554e-27,6.146309902468597e-27,6.146309902472964e-27,6.146309902473013e-27,6.146309902473063e-27,6.146309902471062e-27,6.1463099024682205e-27,6.146309902468078e-27,6.146309902467918e-27,6.1463099024694575e-27,6.14630990246905e-27,6.146309902438933e-27,6.1463099024378395e-27,6.146309902449285e-27,6.146309902429952e-27,6.146309902434805e-27,6.146309902434736e-27,6.146309902436176e-27,6.1463099024415545e-27,6.1463099024417655e-27,6.146309902441745e-27,6.146309902441703e-27,6.146309902441717e-27,6.146309902443267e-27,6.146309902445877e-27,6.146309902442783e-27,6.146309902449635e-27,6.146309902512052e-27,6.1463099025117305e-27,6.146309902512163e-27,6.1463099025121595e-27,6.1463099025184876e-27,6.146309902510435e-27,6.146309902511296e-27,6.146309902514679e-27,6.146309902506735e-27,6.1463099025067635e-27,6.146309902508156e-27,6.146309902508227e-27,6.146309902530366e-27,6.1463099024344294e-27,6.146309902434469e-27,6.146309902437238e-27,6.146309902437221e-27,6.146309902437675e-27,6.146309902437637e-27,6.146309902437821e-27,6.146309902437815e-27,6.146309902437943e-27,6.1463099024405336e-27,6.146309902440559e-27,6.14630990244052e-27,6.1463099024404984e-27,6.146309902440469e-27,6.1463099024417705e-27,6.146309902439435e-27,6.1463099024394394e-27,6.146309902439031e-27,6.146309902439019e-27,6.146309902439742e-27,6.146309902439747e-27,6.146309902439842e-27,6.146309902425057e-27,6.1463099024246346e-27,6.146309902424777e-27,6.146309902428679e-27,6.146309902430932e-27,6.146309902431036e-27,6.146309902431002e-27,6.146309902426483e-27,6.146309902423016e-27,6.14630990241778e-27,6.146309902418507e-27,6.1463099024184486e-27,6.146309902416612e-27,6.146309902416565e-27,6.146309902416567e-27,6.146309902414954e-27,6.146309902521252e-27,6.1463099025196714e-27,6.1463099025194066e-27,6.1463099025194906e-27,6.1463099025180944e-27,6.1463099025162534e-27,6.1463099025151535e-27,6.146309902514377e-27,6.146309902510708e-27,6.146309902511048e-27,6.14630990251191e-27,6.146309902511946e-27,6.146309902511937e-27,6.1463099025119335e-27,6.1463099025119536e-27,6.1463099025118926e-27,6.1463099025119e-27,6.1463099025106586e-27,6.14630990251134e-27,6.146309902525683e-27,6.146309902525743e-27,6.1463099025313374e-27,6.146309902523993e-27,6.14630990252399e-27,6.146309902523801e-27,6.146309902523764e-27,6.1463099025237495e-27,6.1463099025250854e-27,6.146309902525069e-27,6.14630990252533e-27,6.1463099025248744e-27,6.146309902524851e-27,6.146309902526319e-27,6.146309902526172e-27,6.14630990252766e-27,6.146309902524738e-27,6.146309902524569e-27,6.146309902525197e-27,6.146309902524826e-27,6.146309902524633e-27,6.146309902524623e-27,6.1463099025245466e-27,6.146309902525181e-27,6.146309902657434e-27,6.146309902658739e-27,6.146309902658757e-27,6.146309902658844e-27,6.14630990265781e-27,6.14630990265677e-27,6.14630990265693e-27,6.146309902657002e-27,6.1463099026570035e-27,6.146309902656764e-27,6.146309902656808e-27,6.146309902656778e-27,6.1463099026566986e-27,6.146309902655993e-27,6.146309902378977e-27,6.1463099023718076e-27,6.146309902371811e-27,6.146309902371652e-27,6.1463099023737685e-27,6.146309902373752e-27,6.146309902376698e-27,6.146309902377603e-27,6.146309902377589e-27,6.146309902377578e-27,6.146309902377584e-27,6.146309902373069e-27,6.146309902374691e-27,6.146309902372941e-27,6.146309902372931e-27,6.146309902374966e-27,6.146309902374997e-27,6.146309902374003e-27,6.146309902375846e-27,6.14630990237585e-27,6.146309902375788e-27,6.146309902375792e-27,6.146309902375908e-27,6.146309902376995e-27,6.146309902376223e-27,6.146309902375968e-27,6.146309902423931e-27,6.146309902423934e-27,6.1463099024234034e-27,6.1463099024234895e-27,6.1463099024233446e-27,6.146309902423121e-27,6.146309902423741e-27,6.146309902424401e-27,6.146309902424404e-27,6.146309902424412e-27,6.14630990242495e-27,6.1463099024490635e-27,6.1463099024485764e-27,6.146309902448837e-27,6.146309902448856e-27,6.146309902436923e-27,6.146309902437478e-27,6.146309902437355e-27,6.146309902437388e-27,6.146309902439248e-27,6.14630990243896e-27,6.1463099024399754e-27,6.146309902439397e-27,6.1463099024354425e-27,6.1463099024354374e-27,6.1463099024350916e-27,6.146309902435463e-27,6.146309902435437e-27,6.146309902434023e-27,6.146309902434015e-27,6.1463099024340936e-27,6.146309902433205e-27,6.146309902433197e-27,6.146309902435344e-27,6.1463099024353434e-27,6.146309902440239e-27,6.146309902440284e-27,6.146309902440261e-27,6.1463099024397774e-27,6.146309902439776e-27,6.146309902439773e-27,6.146309902438557e-27,6.1463099024385656e-27,6.146309902438595e-27,6.146309902438613e-27,6.146309902434094e-27,6.1463099024339774e-27,6.14630990243398e-27,6.1463099024362575e-27,6.146309902435458e-27,6.146309902435441e-27,6.146309902413004e-27,6.146309902405769e-27,6.1463099023042e-27,6.1463099023041514e-27,6.146309902305492e-27,6.146309902305531e-27,6.146309902305791e-27,6.14630990228155e-27,6.14630990228155e-27,6.146309902281559e-27,6.146309902281565e-27,6.1463099022850274e-27,6.146309902285023e-27,6.1463099022850066e-27,6.1463099022849334e-27,6.146309902285918e-27,6.1463099022861086e-27,6.146309902286136e-27,6.146309902286096e-27,6.146309902284209e-27,6.146309902284722e-27,6.1463099022999406e-27,6.1463099023012234e-27,6.146309902301205e-27,6.146309902300808e-27,6.1463099023007585e-27,6.146309902684225e-27,6.14630990268369e-27,6.146309902681976e-27,6.146309902676563e-27,6.146309902675479e-27,6.146309902691452e-27,6.146309902691438e-27,6.146309902689234e-27,6.146309902689233e-27,6.1463099026892255e-27,6.146309902689334e-27,6.146309902706294e-27,6.1463099027060056e-27,6.146309902705994e-27,6.1463099027060616e-27,6.146309902705951e-27,6.146309902705955e-27,6.146309902706161e-27,6.1463099027054316e-27,6.14630990270542e-27,6.146309902705483e-27,6.14630990270461e-27,6.1463099027046094e-27,6.146309902704612e-27,6.146309902703819e-27,6.146309902721445e-27,6.1463099027212654e-27,6.14630990272191e-27,6.146309902721993e-27,6.146309902719407e-27,6.14630990271861e-27,6.1463099027186316e-27,6.146309902718618e-27,6.146309902718092e-27,6.1463099027181085e-27,6.1463099027097314e-27,6.146309902710515e-27,6.146309902710041e-27,6.146309902710016e-27,6.146309902712522e-27,6.146309902712541e-27,6.146309902713911e-27,6.146309902699307e-27,6.14630990270519e-27,6.14630990270545e-27,6.1463099027054596e-27,6.14630990270549e-27,6.1463099027055134e-27,6.146309902632823e-27,6.146309902632982e-27,6.1463099026358526e-27,6.1463099026352614e-27,6.146309902635258e-27,6.146309902635262e-27,6.146309902635261e-27,6.1463099026329584e-27,6.146309902632953e-27,6.146309902633136e-27,6.146309902637717e-27,6.1463099026381944e-27,6.1463099026406496e-27,6.146309902639816e-27,6.1463099026398216e-27,6.146309902640604e-27,6.146309902643052e-27,6.1463099026432325e-27,6.146309902643232e-27,6.1463099026416476e-27,6.1463099026416576e-27,6.146309902641648e-27,6.146309902640953e-27,6.146309902639907e-27,6.146309902640021e-27,6.1463099026399336e-27,6.146309902639919e-27,6.146309902641131e-27,6.146309902633277e-27,6.1463099026338136e-27,6.146309902633799e-27,6.1463099026338e-27,6.1463099026335e-27,6.146309902635417e-27,6.146309902633239e-27,6.1463099026325975e-27,6.146309902631029e-27,6.146309902631056e-27,6.146309902632109e-27,6.146309902632548e-27,6.146309902630822e-27,6.146309902631977e-27,6.146309902631196e-27,6.1463099026311425e-27,6.146309902630438e-27,6.146309902631226e-27,6.1463099026312214e-27,6.146309902631245e-27,6.146309902631173e-27,6.146309902631172e-27,6.1463099026311676e-27,6.1463099026311625e-27,6.1463099026313075e-27,6.1463099026313075e-27,6.146309902625018e-27,6.14630990262502e-27,6.1463099026250375e-27,6.146309902625034e-27,6.14630990262506e-27,6.146309902625059e-27,6.146309902625057e-27,6.146309902625061e-27,6.146309902621446e-27,6.146309902621453e-27,6.146309902621466e-27,6.146309902620498e-27,6.146309902620428e-27,6.1463099026204314e-27,6.14630990262467e-27,6.146309902627916e-27,6.146309902627348e-27,6.146309904682823e-27,6.1463099046828134e-27,6.146309904673596e-27,6.1463099046736005e-27,6.1463099046693574e-27,6.1463099046748345e-27,6.146309904674833e-27,6.146309904674716e-27,6.1463099046743194e-27,6.1463099046724576e-27,6.1463099046725035e-27,6.146309904671128e-27,6.146309904671144e-27,6.146309904672493e-27,6.1463099046725336e-27,6.146309904673943e-27,6.146309904677727e-27,6.1463099046773004e-27,6.146309904677318e-27,6.146309904680486e-27,6.1463099046804896e-27,6.146309904682925e-27,6.1463099046829254e-27,6.1463099046829024e-27,6.1463099046830696e-27,6.146309904683077e-27,6.146309904683048e-27,6.1463099046805125e-27,6.146309904680508e-27,6.146309904680502e-27,6.146309904680498e-27,6.146309904680505e-27,6.1463099046804896e-27,6.146309904680491e-27,6.146309904680207e-27,6.146309904531926e-27,6.1463099045312756e-27,6.146309904531276e-27,6.146309904531276e-27,6.146309904531277e-27,6.146309904529937e-27,6.146309904529935e-27,6.14630990452997e-27,6.146309904529304e-27,6.146309904529072e-27,6.1463099045289345e-27,6.146309904528935e-27,6.146309904528234e-27,6.146309904528233e-27,6.146309904528156e-27,6.146309904527864e-27,6.146309904527865e-27,6.14630990452826e-27,6.146309904528099e-27,6.14630990452809e-27,6.146309904528082e-27,6.14630990452821e-27,6.146309904528297e-27,6.1463099045282966e-27,6.14630990452848e-27,6.146309904528481e-27,6.1463099045284825e-27,6.146309904528168e-27,6.14630990452824e-27,6.146309904503598e-27,6.146309904503238e-27,6.146309904503244e-27,6.14630990450316e-27,6.146309904503151e-27,6.14630990450287e-27,6.146309904503116e-27,6.146309904503109e-27,6.146309904503106e-27,6.1463099045053155e-27,6.146309904505244e-27,6.146309904505253e-27,6.146309904504939e-27,6.146309904474921e-27,6.146309904474918e-27,6.146309904478524e-27,6.146309904477692e-27,6.1463099044774076e-27,6.1463099044779815e-27,6.146309904479812e-27,6.146309904479849e-27,6.1463099044669154e-27,6.14630990446692e-27,6.1463099044463894e-27,6.1463099044692256e-27,6.146309904469188e-27,6.146309904488648e-27,6.146309904486778e-27,6.146309904486788e-27,6.146309904486556e-27,6.146309904499187e-27,6.146309904499458e-27,6.1463099044994546e-27,6.146309904499513e-27,6.146309904499201e-27,6.146309904497362e-27,6.146309904497571e-27,6.1463099045004195e-27,6.146309904502368e-27,6.146309904501046e-27,6.1463099045009304e-27,6.1463099044985405e-27,6.14630990449592e-27,6.146309904573995e-27,6.146309904574107e-27,6.1463099045740974e-27,6.146309904574056e-27,6.146309904573642e-27,6.146309904573626e-27,6.146309904574593e-27,6.1463099045637035e-27,6.14630990456368e-27,6.14630990455421e-27,6.146309904554211e-27,6.1463099045542115e-27,6.146309904558528e-27,6.146309904558466e-27,6.146309904538755e-27,6.146309904540669e-27,6.146309904696825e-27,6.146309904680048e-27,6.146309904679741e-27,6.14630990468439e-27,6.146309904684266e-27,6.1463099046841946e-27,6.146309904685416e-27,6.146309904683237e-27,6.146309904683245e-27,6.1463099046837756e-27,6.146309904683933e-27,6.146309904744685e-27,6.146309904157483e-27,6.14630990415753e-27,6.146309904158476e-27,6.14630990417915e-27,6.146309904164362e-27,6.1463099041642815e-27,6.1463099041642894e-27,6.146309904185203e-27,6.146309904184123e-27,6.146309904182971e-27,6.1463099041829765e-27,6.1463099041837865e-27,6.146309904183975e-27,6.146309904183382e-27,6.146309904183388e-27,6.1463099041833855e-27,6.1463099041807395e-27,6.146309904179712e-27,6.1463099041825525e-27,6.146309904182543e-27,6.14630990418406e-27,6.146309904183357e-27,6.146309904183368e-27,6.146309904183376e-27,6.1463099041856656e-27,6.1463099041856555e-27,6.146309904185091e-27,6.146309904184164e-27,6.146309904184186e-27,6.146309904182887e-27,6.146309904182563e-27,6.146309904182292e-27,6.14630990418104e-27,6.146309904178126e-27,6.146309904178161e-27,6.1463099041781666e-27,6.146309904178179e-27,6.146309904178988e-27,6.1463099041789774e-27,6.146309904180042e-27,6.1463099041803944e-27,6.1463099041788e-27,6.146309904171947e-27,6.146309904177013e-27,6.146309904177074e-27,6.146309904177082e-27,6.146309904177665e-27,6.146309904177676e-27,6.146309904177185e-27,6.146310948303338e-27,6.146310948303383e-27,6.146310948303789e-27,6.1463109483019005e-27,6.1463109483035614e-27,6.146310948304718e-27,6.146310948304394e-27,6.146310948303147e-27,6.146310948303269e-27,6.146310948302688e-27,6.146310948303491e-27,6.146310948302333e-27,6.146310948302364e-27,6.1463109483023446e-27,6.146310948302052e-27,6.146310948302104e-27,6.146310948302103e-27,6.1463109483021265e-27,6.146310948302165e-27,6.1463109483021695e-27,6.1463109483021595e-27,6.14631094830216e-27,6.146310948302167e-27,6.146310948302168e-27,6.1463109483021695e-27,6.1463109483025584e-27,6.1463109483021114e-27,6.14631094830195e-27,6.1463109483017835e-27,6.1463109483017835e-27,6.146310948301725e-27,6.146310948301722e-27,6.146310948301716e-27,6.146310948301686e-27,6.146310948301641e-27,6.146310948301555e-27,6.146310948301606e-27,6.14631094830162e-27,6.146310948301619e-27,6.146310948301576e-27,6.146310948301717e-27,6.146310948324925e-27,6.146310948324923e-27,6.1463109483249225e-27,6.146310948324918e-27,6.146310948325035e-27,6.146310948311291e-27,6.1463109483125225e-27,6.146310948332026e-27,6.146310948332031e-27,6.146310948332061e-27,6.146310948331884e-27,6.1463109483357e-27,6.146310948338724e-27,6.1463109483391125e-27,6.146310948339116e-27,6.146310948340729e-27,6.1463109483408064e-27,6.146310948340949e-27,6.1463109483411e-27,6.1463109483400294e-27,6.146310948340039e-27,6.14631094834008e-27,6.1463109483400804e-27,6.146310948340098e-27,6.146310948340521e-27,6.146310948339017e-27,6.1463109483390135e-27,6.146310948338998e-27,6.146310948338998e-27,6.1463109483390006e-27,6.146310948338998e-27,6.1463109483389956e-27,6.146310948338149e-27,6.146310948338148e-27,6.146310948338148e-27,6.1463109482131515e-27,6.146310948212706e-27,6.146310948212715e-27,6.146310947998939e-27,6.146310947997715e-27,6.146310947997846e-27,6.146310947997851e-27,6.146310947997825e-27,6.146310947997784e-27,6.146310947997859e-27,6.1463109479978604e-27,6.1463109479978705e-27,6.146310947997871e-27,6.146310947998115e-27,6.146310947998116e-27,6.146310947994104e-27,6.146310947993966e-27,6.1463109479941274e-27,6.1463109479926e-27,6.1463109479924715e-27,6.1463109479889366e-27,6.146310947988933e-27,6.146310947988933e-27,6.146310947988612e-27,6.146310947988881e-27,6.1463109479923115e-27,6.146310947991673e-27,6.146310947991664e-27,6.14631094799162e-27,6.146310947995938e-27,6.146310947995802e-27,6.146310947995818e-27,6.1463109479884946e-27,6.146310947988492e-27,6.1463109479882076e-27,6.146310947988585e-27,6.146310947988951e-27,6.146310948005698e-27,6.146310948005713e-27,6.146310948010153e-27,6.146310948006731e-27,6.146310948006384e-27,6.146310948006773e-27,6.1463109480067606e-27,6.1463109480046706e-27,6.146310948003498e-27,6.146310948003523e-27,6.146310948003942e-27,6.1463109480039474e-27,6.146310948003232e-27,6.146310948003251e-27,6.146310948116585e-27,6.146310948117054e-27,6.146310948090909e-27,6.146310948092027e-27,6.1463109480918835e-27,6.1463109480918426e-27,6.1463109480916725e-27,6.1463109480916524e-27,6.1463109480889985e-27,6.1463109480902125e-27,6.146310948089862e-27,6.1463109480898595e-27,6.146310948153798e-27,6.1463109481424805e-27,6.1463109481424906e-27,6.146310948135529e-27,6.146310955903351e-27,6.146310955903662e-27,6.146310955905151e-27,6.1463109559051535e-27,6.1463109559019636e-27,6.146310955894021e-27,6.146310955892736e-27,6.146310955895687e-27,6.146310955889963e-27,6.1463109558897775e-27,6.146310955889905e-27,6.146310955891767e-27,6.1463109558917154e-27,6.146310955891597e-27,6.1463109558915934e-27,6.1463109558903385e-27,6.146310955898814e-27,6.1463109558539394e-27,6.146310955853892e-27,6.14631095585092e-27,6.146310955845252e-27,6.1463109558452516e-27,6.146310955845284e-27,6.146310955845185e-27,6.1463109558455594e-27,6.146310955845558e-27,6.146310955874152e-27,6.146310955870791e-27,6.1463109558707826e-27,6.146310955852252e-27,6.146310955852258e-27,6.1463109558522354e-27,6.146310955852186e-27,6.146310955851915e-27,6.14631095585385e-27,6.1463109558539064e-27,6.146310955854855e-27,6.1463109557227546e-27,6.1463109557224016e-27,6.146310955704744e-27,6.14631095570432e-27,6.1463109557043064e-27,6.14631095571266e-27,6.146310955712478e-27,6.146310955712296e-27,6.146310955712296e-27,6.1463109557121095e-27,6.146310955704378e-27,6.146310955704738e-27,6.146310955704427e-27,6.146310955704953e-27,6.146310955702767e-27,6.146310955705254e-27,6.1463109561505e-27,6.146310956150437e-27,6.146310956150435e-27,6.14631095615042e-27,6.146310956149625e-27,6.146310956149497e-27,6.146310956149541e-27,6.14631095614768e-27,6.146310956146835e-27,6.146310956144536e-27,6.1463109561418444e-27,6.146310956141847e-27,6.146310956142445e-27,6.146310956142484e-27,6.1463109561422326e-27,6.146310956144066e-27,6.1463109561611614e-27,6.146310956161166e-27,6.146310956161164e-27,6.146310956160885e-27,6.146310956172541e-27,6.14631095617256e-27,6.146310956172555e-27,6.1463109561725835e-27,6.1463109561719564e-27,6.146310956171929e-27,6.1463109561679314e-27,6.1463109561679286e-27,6.1463109561677205e-27,6.146310956169185e-27,6.146310956169107e-27,6.146310956166134e-27,6.14631095616344e-27,6.146310956163409e-27,6.146310956163785e-27,6.146310956163782e-27,6.146310956164731e-27,6.146310956165042e-27,6.146310956153465e-27,6.1463109561634164e-27,6.146310956164703e-27,6.146310956164703e-27,6.146310956165145e-27,6.146310956165295e-27,6.1463109561654755e-27,6.146310956165339e-27,6.1463109561542996e-27,6.146310956154248e-27,6.1463109561525145e-27,6.1463109561576136e-27,6.146310956157746e-27,6.1463109561577456e-27,6.146310956170979e-27,6.146310956171018e-27,6.146310956193595e-27,6.146310956053259e-27,6.146310956055233e-27,6.1463109560552306e-27,6.1463109560353755e-27,6.1463109560353626e-27,6.1463109557821075e-27,6.146310955781809e-27,6.1463109557821886e-27,6.146310955782117e-27,6.1463109557872066e-27,6.146310955786724e-27,6.146310955786733e-27,6.146310955786546e-27,6.14631095578952e-27,6.146310955819689e-27,6.146310955819672e-27,6.14631095582527e-27,6.14631095582527e-27,6.146310955824731e-27,6.14631095582461e-27,6.146310955849835e-27,6.146310955850332e-27,6.146310955850365e-27,6.146310955835229e-27,6.146310955833827e-27,6.146310955833827e-27,6.146310955835864e-27,6.146310954666325e-27,6.146310954666506e-27,6.14631095466686e-27,6.14631095466748e-27,6.14631095466971e-27,6.146310954669657e-27,6.146310954669688e-27,6.146310954675621e-27,6.146310954671101e-27,6.146310954670304e-27,6.146310954670512e-27,6.146310954665708e-27,6.146310954770176e-27,6.1463109547686096e-27,6.1463109547686e-27,6.146310954786734e-27,6.1463109547870075e-27,6.146310954785811e-27,6.146310954779282e-27,6.1463109547784675e-27,6.1463109547623325e-27,6.146310954762359e-27,6.146310954762412e-27,6.146310954760523e-27,6.146310954760548e-27,6.146310954759109e-27,6.1463109547626704e-27,6.146310954762814e-27,6.146310954746268e-27,6.146310954740819e-27,6.1463109547287444e-27,6.146310954728272e-27,6.146310954728385e-27,6.1463109547039244e-27,6.146310954704047e-27,6.1463109547043455e-27,6.146310954704362e-27,6.1463109547045766e-27,6.146310954704513e-27,6.1463109547049446e-27,6.146310954704925e-27,6.146310954701739e-27,6.146310954701596e-27,6.146310954701715e-27,6.146310954694275e-27,6.146310954692913e-27,6.1463109546834185e-27,6.146310954683548e-27,6.1463109546716636e-27,6.1463109546716564e-27,6.146310954671458e-27,6.146310954393603e-27,6.1463109543928446e-27,6.146310954392916e-27,6.14631095439438e-27,6.146310954861053e-27,6.146310954859919e-27,6.146310954868121e-27,6.146310954868146e-27,6.1463109548681435e-27,6.146310954868184e-27,6.1463109548681844e-27,6.146310954868183e-27,6.146310954867441e-27,6.146310954862371e-27,6.14631095486823e-27,6.1463109548682504e-27,6.146310954868184e-27,6.1463109548683035e-27,6.146310954868394e-27,6.146310954869464e-27,6.1463109548753906e-27,6.146310954875372e-27,6.146310954875369e-27,6.1463109548745956e-27,6.1463109548743065e-27,6.146310954874376e-27,6.146310954876784e-27,6.146310954876773e-27,6.146310954868662e-27,6.1463109548635495e-27,6.146310954865881e-27,6.146310954871839e-27,6.14631095482521e-27,6.146310954825198e-27,6.1463109548374066e-27,6.146310954837045e-27,6.146310954850349e-27,6.146310954850896e-27,6.146310954850699e-27,6.146310954850702e-27,6.1463109548506775e-27,6.146310954850692e-27,6.1463109548322035e-27,6.146310954832154e-27,6.1463109548321375e-27,6.14631095483539e-27,6.146310954858976e-27,6.146310954858916e-27,6.1463109548423355e-27,6.146310954842065e-27,6.146310954842111e-27,6.1463109548421246e-27,6.146310954842748e-27,6.146310954842958e-27,6.146310954838735e-27,6.1463109548380465e-27,6.146310954837992e-27,6.146310954838047e-27,6.146310954840148e-27,6.146310954839839e-27,6.146310954855202e-27,6.146310954857838e-27,6.1463109548566755e-27,6.146310954856713e-27,6.146310954861609e-27,6.146310954860622e-27,6.1463109548605304e-27,6.146310954861331e-27,6.146310954861422e-27,6.146310954861391e-27,6.1463109548601724e-27,6.146310954849719e-27,6.1463109548942054e-27,6.146310954894217e-27,6.1463109548939385e-27,6.146310954898107e-27,6.14631095490014e-27,6.1463109548920594e-27,6.146310954892191e-27,6.1463109548921606e-27,6.14631095489259e-27,6.146310954892583e-27,6.146310954892487e-27,6.146310954887688e-27,6.146310954888441e-27,6.146310954888591e-27,6.146310954888599e-27,6.1463109548897004e-27,6.146310954706907e-27,6.146310954707045e-27,6.146310954707319e-27,6.1463109547073496e-27,6.1463109547072886e-27,6.146310954708758e-27,6.146310954708755e-27,6.146310954708541e-27,6.14631095470855e-27,6.146310954710061e-27,6.146310954709943e-27,6.14631095470992e-27,6.1463109547099016e-27,6.1463109547099145e-27,6.146310954709921e-27,6.146310954709965e-27,6.146310954649574e-27,6.1463109546495814e-27,6.14631095464958e-27,6.146310954646989e-27,6.146310954647437e-27,6.1463109548891415e-27,6.146310954799648e-27,6.146310954799644e-27,6.146310954799334e-27,6.1463109547993006e-27,6.146310954799267e-27,6.146310954799422e-27,6.14631095480029e-27,6.14631095479979e-27,6.146310954799862e-27,6.1463109547998315e-27,6.146310954772552e-27,6.146310954772263e-27,6.146310954772263e-27,6.146310954772216e-27,6.1463109547714436e-27,6.1463109547725886e-27,6.146310954772596e-27,6.146310954934841e-27,6.146310954934715e-27,6.146310954932304e-27,6.146310954932305e-27,6.146310954932755e-27,6.146310954932745e-27,6.146310954932797e-27,6.146310954932843e-27,6.14631095493285e-27,6.1463109549328444e-27,6.1463109549328114e-27,6.146310954932821e-27,6.146310954932803e-27,6.1463109549330425e-27,6.146310954932942e-27,6.146310954932944e-27,6.1463109549320394e-27,6.146310954931656e-27,6.146310954931688e-27,6.146310954932138e-27,6.146310954932336e-27,6.146310954932083e-27,6.146310954934941e-27,6.1463109548764926e-27,6.1463109548768226e-27,6.1463109548768205e-27,6.146310954876795e-27,6.1463109548764675e-27,6.146310954876486e-27,6.146310954865514e-27,6.146310954865791e-27,6.1463109548649565e-27,6.14631095486496e-27,6.146310954865718e-27,6.1463109548651e-27,6.146310954865216e-27,6.146310954864868e-27,6.146310954864796e-27,6.1463109548654315e-27,6.146310954865617e-27,6.1463109548664804e-27,6.1463109548664854e-27,6.1463109548664825e-27,6.146310954866475e-27,6.1463109548663096e-27,6.1463109548663046e-27,6.146310954866524e-27,6.1463109548673794e-27,6.146310954868307e-27,6.146310954867406e-27,6.146310954869141e-27,6.146310954869311e-27,6.1463109548693115e-27,6.1463109548693825e-27,6.14631095486993e-27,6.1463109548708684e-27,6.146310954871259e-27,6.1463109548712616e-27,6.146310954871438e-27,6.146310954916779e-27,6.146310954916767e-27,6.146310954916751e-27,6.146310954906313e-27,6.1463109549063334e-27,6.146310954907539e-27,6.146310954907515e-27,6.1463109549083086e-27,6.146310954908317e-27,6.1463109549084564e-27,6.146310954911456e-27,6.1463109549128666e-27,6.146310954912864e-27,6.146310954912539e-27,6.146310954912363e-27,6.1463109548996825e-27,6.14631095490027e-27,6.146310954874271e-27,6.146310954874201e-27,6.14631095487625e-27,6.146310954876245e-27,6.146310954881155e-27,6.1463109548812006e-27,6.146310954881191e-27,6.146310954881176e-27,6.1463109548284404e-27,6.146310954828443e-27,6.146310954828197e-27,6.146310954828178e-27,6.146310954828176e-27,6.146310954828172e-27,6.146310954828168e-27,6.1463109548295776e-27,6.1463109548290775e-27,6.146310954829218e-27,6.146310954829396e-27,6.146310954829391e-27,6.14631095482906e-27,6.1463109548290596e-27,6.146310954829064e-27,6.146310954828404e-27,6.1463109548284024e-27,6.146310954828317e-27,6.146310954827811e-27,6.1463109548281835e-27,6.1463109548281886e-27,6.146310954828273e-27,6.146310954828584e-27,6.1463109548285796e-27,6.146310954828588e-27,6.1463109548287324e-27,6.1463109548317135e-27,6.146310954834653e-27,6.146310954835156e-27,6.146310954835055e-27,6.1463109548341055e-27,6.146310954831891e-27,6.1463109548319675e-27,6.146310954813549e-27,6.146310954816484e-27,6.1463109548319854e-27,6.1463109548395604e-27,6.146310954839575e-27,6.1463109548389556e-27,6.14631095483898e-27,6.146310954844294e-27,6.146310954844299e-27,6.146310954844297e-27,6.146310954844525e-27,6.146310954844524e-27,6.146310954846563e-27,6.146310954846577e-27,6.1463109548468685e-27,6.146310954846423e-27,6.1463109548464294e-27,6.146310954846445e-27,6.146310954846721e-27,6.1463109548467444e-27,6.146310954848009e-27,6.1463109548488695e-27,6.1463109548503934e-27,6.146310954850407e-27,6.1463109548503984e-27,6.146310954850312e-27,6.146310954845739e-27,6.146310954845783e-27,6.146310954840606e-27,6.1463109548406e-27,6.146310954842345e-27,6.146310954782802e-27,6.1463109547816976e-27,6.146310954779472e-27,6.1463109547794806e-27,6.146310954781053e-27,6.146310954781054e-27,6.146310954780432e-27,6.146310954782729e-27,6.1463109540542865e-27,6.146310954053131e-27,6.14631095405322e-27,6.146310954052491e-27,6.146310954048877e-27,6.146310954048865e-27,6.146310954001413e-27
2,0.0,0.0,0.0,0.0,0.0,0.0,0.0,0.0,0.0,0.0,-9.071476179677418e-45,-6.374922206789097e-59,-7.182951144933194e-70,-5.261948555529366e-84,-2.3030260103120167e-98,-2.3778749453774165e-112,-3.6956298410642715e-126,-3.299738443775759e-140,-2.920423700355751e-151,-4.290310666138442e-165,-3.487388040473468e-179,-1.1309808564440161e-42,7.998963679188371e-58,7.998963679188371e-58,7.998963679188371e-58,7.998963679188371e-58,7.998963679188371e-58,7.998963679188371e-58,7.998963679188371e-58,7.998963679188371e-58,7.998963679188371e-58,7.998963679188371e-58,7.998963679188371e-58,7.998963679188371e-58,7.998963679188371e-58,7.998963679188371e-58,7.998963679188371e-58,7.998963679188371e-58,7.998963679188371e-58,7.998963679188371e-58,7.998963679188371e-58,7.998963679188371e-58,7.998963679188371e-58,7.998963679188371e-58,7.998963679188371e-58,7.998963679188371e-58,7.998963679188371e-58,7.998963679188371e-58,7.998963679188371e-58,7.998963679188371e-58,7.998963679188371e-58,7.998963679188371e-58,7.998963679188371e-58,7.998963679188371e-58,7.998963679188371e-58,7.998963679188371e-58,7.998963679188371e-58,7.998963679188371e-58,7.998963679188371e-58,7.998963679188371e-58,7.998963679188371e-58,7.998963679188371e-58,7.998963679188371e-58,7.998963679188371e-58,7.998963679188371e-58,7.998963679188371e-58,7.998963679188371e-58,7.998963679188371e-58,7.998963679188371e-58,7.998963679188371e-58,7.998963679188371e-58,7.998963679188371e-58,7.998963679188371e-58,7.998963679188371e-58,7.998963679188371e-58,7.998963679188371e-58,7.998963679188371e-58,7.998963679188371e-58,7.998963679188371e-58,7.998963679188371e-58,7.998963679188371e-58,7.998963679188371e-58,7.998963679188371e-58,7.998963679188371e-58,7.998963679188371e-58,7.998963679188371e-58,7.998963679188371e-58,7.998963679188371e-58,7.998963679188371e-58,7.998963679188371e-58,7.998963679188371e-58,7.998963679188371e-58,7.998963679188371e-58,7.998963679188371e-58,7.998963679188371e-58,7.998963679188371e-58,7.998963679188371e-58,7.998963679188371e-58,7.998963679188371e-58,7.998963679188371e-58,7.998963679188371e-58,7.998963679188371e-58,7.998963679188371e-58,7.998963679188371e-58,7.998963679188371e-58,7.998963679188371e-58,7.998963679188371e-58,7.998963679188371e-58,7.998963679188371e-58,7.998963679188371e-58,7.998963679188371e-58,7.998963679188371e-58,7.998963679188371e-58,7.998963679188371e-58,7.998963679188371e-58,7.998963679188371e-58,7.998963679188371e-58,7.998963679188371e-58,7.998963679188371e-58,7.998963679188371e-58,7.998963679188371e-58,7.998963679188371e-58,7.998963679188371e-58,7.998963679188371e-58,7.998963679188371e-58,7.998963679188371e-58,7.998963679188371e-58,7.998963679188371e-58,7.998963679188371e-58,7.998963679188371e-58,7.998963679188371e-58,7.998963679188371e-58,7.998963679188371e-58,7.998963679188371e-58,7.998963679188371e-58,7.998963679188371e-58,7.998963679188371e-58,7.998963679188371e-58,7.998963679188371e-58,7.998963679188371e-58,7.998963679188371e-58,7.998963679188371e-58,7.998963679188371e-58,7.998963679188371e-58,7.998963679188371e-58,7.998963679188371e-58,7.998963679188371e-58,7.998963679188371e-58,7.998963679188371e-58,7.998963679188371e-58,7.998963679188371e-58,7.998963679188371e-58,7.998963679188371e-58,7.998963679188371e-58,7.998963679188371e-58,7.998963679188371e-58,7.998963679188371e-58,7.998963679188371e-58,7.998963679188371e-58,7.998963679188371e-58,7.998963679188371e-58,7.998963679188371e-58,7.998963679188371e-58,7.998963679188371e-58,7.998963679188371e-58,7.998963679188371e-58,7.998963679188371e-58,7.998963679188371e-58,7.998963679188371e-58,7.998963679188371e-58,7.998963679188371e-58,7.998963679188371e-58,7.998963679188371e-58,7.998963679188371e-58,7.998963679188371e-58,7.998963679188371e-58,7.998963679188371e-58,7.998963679188371e-58,7.998963679188371e-58,7.998963679188371e-58,7.998963679188371e-58,7.998963679188371e-58,7.998963679188371e-58,7.998963679188371e-58,7.998963679188371e-58,7.998963679188371e-58,7.998963679188371e-58,7.998963679188371e-58,7.998963679188371e-58,7.998963679188371e-58,7.998963679188371e-58,7.998963679188371e-58,7.998963679188371e-58,7.998963679188371e-58,7.998963679188371e-58,7.998963679188371e-58,7.998963679188371e-58,7.998963679188371e-58,7.998963679188371e-58,7.998963679188371e-58,7.998963679188371e-58,7.998963679188371e-58,7.998963679188371e-58,7.998963679188371e-58,7.998963679188371e-58,7.998963679188371e-58,7.998963679188371e-58,7.998963679188371e-58,7.998963679188371e-58,7.998963679188371e-58,7.998963679188371e-58,7.998963679188371e-58,7.998963679188371e-58,7.998963679188371e-58,7.998963679188371e-58,7.998963679188371e-58,7.998963679188371e-58,7.998963679188371e-58,7.998963679188371e-58,7.998963679188371e-58,7.998963679188371e-58,7.998963679188371e-58,7.998963679188371e-58,7.998963679188371e-58,7.998963679188371e-58,7.998963679188371e-58,7.998963679188371e-58,7.998963679188371e-58,7.998963679188371e-58,7.998963679188371e-58,7.998963679188371e-58,7.998963679188371e-58,7.998963679188371e-58,7.998963679188371e-58,7.998963679188371e-58,7.998963679188371e-58,7.998963679188371e-58,7.998963679188371e-58,7.998963679188371e-58,7.998963679188371e-58,7.998963679188371e-58,7.998963679188371e-58,7.998963679188371e-58,7.998963679188371e-58,7.998963679188371e-58,7.998963679188371e-58,7.998963679188371e-58,7.998963679188371e-58,7.998963679188371e-58,7.998963679188371e-58,7.998963679188371e-58,7.998963679188371e-58,7.998963679188371e-58,7.998963679188371e-58,7.998963679188371e-58,7.998963679188371e-58,7.998963679188371e-58,7.998963679188371e-58,7.998963679188371e-58,7.998963679188371e-58,7.998963679188371e-58,7.998963679188371e-58,7.998963679188371e-58,7.998963679188371e-58,7.998963679188371e-58,7.998963679188371e-58,7.998963679188371e-58,7.998963679188371e-58,7.998963679188371e-58,7.998963679188371e-58,7.998963679188371e-58,7.998963679188371e-58,7.998963679188371e-58,7.998963679188371e-58,7.998963679188371e-58,7.998963679188371e-58,7.998963679188371e-58,7.998963679188371e-58,7.998963679188371e-58,7.998963679188371e-58,7.998963679188371e-58,7.998963679188371e-58,7.998963679188371e-58,7.998963679188371e-58,7.998963679188371e-58,7.998963679188371e-58,7.998963679188371e-58,7.998963679188371e-58,7.998963679188371e-58,7.998963679188371e-58,7.998963679188371e-58,7.998963679188371e-58,7.998963679188371e-58,7.998963679188371e-58,7.998963679188371e-58,7.998963679188371e-58,7.998963679188371e-58,7.998963679188371e-58,7.998963679188371e-58,7.998963679188371e-58,7.998963679188371e-58,7.998963679188371e-58,7.998963679188371e-58,7.998963679188371e-58,7.998963679188371e-58,7.998963679188371e-58,7.998963679188371e-58,7.998963679188371e-58,7.998963679188371e-58,7.998963679188371e-58,7.998963679188371e-58,7.998963679188371e-58,7.998963679188371e-58,7.998963679188371e-58,7.998963679188371e-58,7.998963679188371e-58,7.998963679188371e-58,7.998963679188371e-58,7.998963679188371e-58,7.998963679188371e-58,7.998963679188371e-58,7.998963679188371e-58,7.998963679188371e-58,7.998963679188371e-58,7.998963679188371e-58,7.998963679188371e-58,7.998963679188371e-58,7.998963679188371e-58,7.998963679188371e-58,7.998963679188371e-58,7.998963679188371e-58,7.998963679188371e-58,7.998963679188371e-58,7.998963679188371e-58,7.998963679188371e-58,7.998963679188371e-58,7.998963679188371e-58,7.998963679188371e-58,7.998963679188371e-58,7.998963679188371e-58,7.998963679188371e-58,7.998963679188371e-58,7.998963679188371e-58,7.998963679188371e-58,7.998963679188371e-58,7.998963679188371e-58,7.998963679188371e-58,7.998963679188371e-58,7.998963679188371e-58,7.998963679188371e-58,7.998963679188371e-58,7.998963679188371e-58,7.998963679188371e-58,7.998963679188371e-58,7.998963679188371e-58,7.998963679188371e-58,7.998963679188371e-58,7.998963679188371e-58,7.998963679188371e-58,7.998963679188371e-58,7.998963679188371e-58,7.998963679188371e-58,7.998963679188371e-58,7.998963679188371e-58,7.998963679188371e-58,7.998963679188371e-58,7.998963679188371e-58,7.998963679188371e-58,7.998963679188371e-58,7.998963679188371e-58,7.998963679188371e-58,7.998963679188371e-58,7.998963679188371e-58,7.998963679188371e-58,7.998963679188371e-58,7.998963679188371e-58,7.998963679188371e-58,7.998963679188371e-58,7.998963679188371e-58,7.998963679188371e-58,7.998963679188371e-58,7.998963679188371e-58,7.998963679188371e-58,7.998963679188371e-58,7.998963679188371e-58,7.998963679188371e-58,7.998963679188371e-58,7.998963679188371e-58,7.998963679188371e-58,7.998963679188371e-58,7.998963679188371e-58,7.998963679188371e-58,7.998963679188371e-58,7.998963679188371e-58,7.998963679188371e-58,7.998963679188371e-58,7.998963679188371e-58,7.998963679188371e-58,7.998963679188371e-58,7.998963679188371e-58,7.998963679188371e-58,7.998963679188371e-58,7.998963679188371e-58,7.998963679188371e-58,7.998963679188371e-58,7.998963679188371e-58,7.998963679188371e-58,7.998963679188371e-58,7.998963679188371e-58,7.998963679188371e-58,7.998963679188371e-58,7.998963679188371e-58,7.998963679188371e-58,7.998963679188371e-58,7.998963679188371e-58,7.998963679188371e-58,7.998963679188371e-58,7.998963679188371e-58,7.998963679188371e-58,7.998963679188371e-58,7.998963679188371e-58,7.998963679188371e-58,7.998963679188371e-58,7.998963679188371e-58,7.998963679188371e-58,7.998963679188371e-58,7.998963679188371e-58,7.998963679188371e-58,7.998963679188371e-58,7.998963679188371e-58,7.998963679188371e-58,7.998963679188371e-58,7.998963679188371e-58,7.998963679188371e-58,7.998963679188371e-58,7.998963679188371e-58,7.998963679188371e-58,7.998963679188371e-58,7.998963679188371e-58,7.998963679188371e-58,7.998963679188371e-58,7.998963679188371e-58,7.998963679188371e-58,7.998963679188371e-58,7.998963679188371e-58,7.998963679188371e-58,7.998963679188371e-58,7.998963679188371e-58,7.998963679188371e-58,7.998963679188371e-58,7.998963679188371e-58,7.998963679188371e-58,7.998963679188371e-58,7.998963679188371e-58,7.998963679188371e-58,7.998963679188371e-58,7.998963679188371e-58,7.998963679188371e-58,7.998963679188371e-58,7.998963679188371e-58,7.998963679188371e-58,7.998963679188371e-58,7.998963679188371e-58,7.998963679188371e-58,7.998963679188371e-58,7.998963679188371e-58,7.998963679188371e-58,7.998963679188371e-58,7.998963679188371e-58,7.998963679188371e-58,7.998963679188371e-58,7.998963679188371e-58,7.998963679188371e-58,7.998963679188371e-58,7.998963679188371e-58,7.998963679188371e-58,7.998963679188371e-58,7.998963679188371e-58,7.998963679188371e-58,7.998963679188371e-58,7.998963679188371e-58,7.998963679188371e-58,7.998963679188371e-58,7.998963679188371e-58,7.998963679188371e-58,7.998963679188371e-58,7.998963679188371e-58,7.998963679188371e-58,7.998963679188371e-58,7.998963679188371e-58,7.998963679188371e-58,7.998963679188371e-58,7.998963679188371e-58,7.998963679188371e-58,7.998963679188371e-58,7.998963679188371e-58,7.998963679188371e-58,7.998963679188371e-58,7.998963679188371e-58,7.998963679188371e-58,7.998963679188371e-58,7.998963679188371e-58,7.998963679188371e-58,7.998963679188371e-58,7.998963679188371e-58,7.998963679188371e-58,7.998963679188371e-58,7.998963679188371e-58,7.998963679188371e-58,7.998963679188371e-58,7.998963679188371e-58,7.998963679188371e-58,7.998963679188371e-58,7.998963679188371e-58,7.998963679188371e-58,7.998963679188371e-58,7.998963679188371e-58,7.998963679188371e-58,7.998963679188371e-58,7.998963679188371e-58,7.998963679188371e-58,7.998963679188371e-58,7.998963679188371e-58,7.998963679188371e-58,7.998963679188371e-58,7.998963679188371e-58,7.998963679188371e-58,7.998963679188371e-58,7.998963679188371e-58,7.998963679188371e-58,7.998963679188371e-58,7.998963679188371e-58,7.998963679188371e-58,7.998963679188371e-58,7.998963679188371e-58,7.998963679188371e-58,7.998963679188371e-58,7.998963679188371e-58,7.998963679188371e-58,7.998963679188371e-58,7.998963679188371e-58,7.998963679188371e-58,7.998963679188371e-58,7.998963679188371e-58,7.998963679188371e-58,7.998963679188371e-58,7.998963679188371e-58,7.998963679188371e-58,7.998963679188371e-58,7.998963679188371e-58,7.998963679188371e-58,7.998963679188371e-58,7.998963679188371e-58,7.998963679188371e-58,7.998963679188371e-58,7.998963679188371e-58,7.998963679188371e-58,7.998963679188371e-58,7.998963679188371e-58,7.998963679188371e-58,7.998963679188371e-58,7.998963679188371e-58,7.998963679188371e-58,7.998963679188371e-58,7.998963679188371e-58,7.998963679188371e-58,7.998963679188371e-58,7.998963679188371e-58,7.998963679188371e-58,7.998963679188371e-58,7.998963679188371e-58,7.998963679188371e-58,7.998963679188371e-58,7.998963679188371e-58,7.998963679188371e-58,7.998963679188371e-58,7.998963679188371e-58,7.998963679188371e-58,7.998963679188371e-58,7.998963679188371e-58,7.998963679188371e-58,7.998963679188371e-58,7.998963679188371e-58,7.998963679188371e-58,7.998963679188371e-58,7.998963679188371e-58,7.998963679188371e-58,7.998963679188371e-58,7.998963679188371e-58,7.998963679188371e-58,7.998963679188371e-58,7.998963679188371e-58,7.998963679188371e-58,7.998963679188371e-58,7.998963679188371e-58,7.998963679188371e-58,7.998963679188371e-58,7.998963679188371e-58,7.998963679188371e-58,7.998963679188371e-58,7.998963679188371e-58,7.998963679188371e-58,7.998963679188371e-58,7.998963679188371e-58,7.998963679188371e-58,7.998963679188371e-58,7.998963679188371e-58,7.998963679188371e-58,7.998963679188371e-58,7.998963679188371e-58,7.998963679188371e-58,7.998963679188371e-58,7.998963679188371e-58,7.998963679188371e-58,7.998963679188371e-58,7.998963679188371e-58,7.998963679188371e-58,7.998963679188371e-58,7.998963679188371e-58,7.998963679188371e-58,7.998963679188371e-58,7.998963679188371e-58,-3.9270149521207537e-50,-3.849442775691783e-64,-4.5966541524518935e-78,-1.7937476770786673e-93,-7.899652469146884e-108,-7.732092791173578e-122,-7.009097437817554e-136,-5.522668095451492e-150,-1.869427333382726e-165,-1.2770129439599198e-179,3.1230081460159356e-195,3.1230081460159356e-195,3.1230081460159356e-195,3.1230081460159356e-195,3.1230081460159356e-195,3.1230081460159356e-195,3.1230081460159356e-195,3.1230081460159356e-195,3.1230081460159356e-195,3.1230081460159356e-195,3.1230081460159356e-195,3.1230081460159356e-195,3.1230081460159356e-195,3.1230081460159356e-195,3.1230081460159356e-195,3.1230081460159356e-195,3.1230081460159356e-195,3.1230081460159356e-195,3.1230081460159356e-195,3.1230081460159356e-195,3.1230081460159356e-195,3.1230081460159356e-195,3.1230081460159356e-195,3.1230081460159356e-195,3.1230081460159356e-195,3.1230081460159356e-195,3.1230081460159356e-195,3.1230081460159356e-195,3.1230081460159356e-195,3.1230081460159356e-195,3.1230081460159356e-195,8.772813848739743e-52,8.772813848739743e-52,8.772813848739743e-52,8.772813848739743e-52,8.772813848739743e-52,8.068958286200601e-52,8.068958286200601e-52,8.068958286200601e-52,8.068958286200601e-52,7.980600127190089e-48,7.980600127190089e-48,7.980600127190089e-48,1.4449841798355698e-47,1.4449841798355698e-47,1.4449841798355698e-47,1.4449841798355698e-47,1.4449841798355698e-47,1.4449841798355698e-47,1.4449841798355698e-47,1.4449841798355698e-47,1.4449841798355698e-47,1.4449841798355698e-47,1.4449841798355698e-47,1.4449841798355698e-47,1.4449841798355698e-47,1.4449841798355698e-47,1.4449841798355698e-47,1.4449841798355698e-47,1.4449841798355698e-47,1.4449841798355698e-47,1.4449841798355698e-47,1.4449841798355698e-47,1.4449841798355698e-47,1.4449841798355698e-47,1.4449841798355698e-47,1.4449841798355698e-47,1.4449841798355698e-47,1.4449841798355698e-47,1.4449841798355698e-47,1.4449841798355698e-47,1.4449841798355698e-47,1.4449841798355698e-47,1.4449845984681897e-47,1.444984919537333e-47,1.444984919537333e-47,1.444984919537333e-47,1.444984919537333e-47,1.444984919537333e-47,1.444984919537333e-47,1.444984919537333e-47,1.444984919537333e-47,1.444984919537333e-47,1.444984919537333e-47,1.444984919537333e-47,1.444984919537333e-47,1.444984919537333e-47,1.444984919537333e-47,1.444984919537333e-47,1.444984919537333e-47,1.444984919537333e-47,1.444984919537333e-47,1.444984919537333e-47,1.444984919537333e-47,1.444984919537333e-47,1.444984919537333e-47,1.444984919537333e-47,1.444984919537333e-47,1.444984919537333e-47,1.444984919537333e-47,1.444984919537333e-47,1.444984919537333e-47,1.444984919537333e-47,1.444984919537333e-47,1.444984919537333e-47,1.444985519706783e-47,1.444985519706783e-47,1.444985519706783e-47,1.444985519706783e-47,1.444985519706783e-47,1.444985519706783e-47,1.444985519706783e-47,1.444985519706783e-47,1.444985519706783e-47,1.444985519706783e-47,1.444985519706783e-47,1.444985519706783e-47,1.444985519706783e-47,1.444985519706783e-47,1.444985519706783e-47,1.444985519706783e-47,1.4449857194291007e-47,1.9737612829637505e-47,2.1079096112189406e-47,2.1079096112189406e-47,2.1079096112189406e-47,2.400719901989589e-47,2.400719901989589e-47,2.400719901989589e-47,3.1399465334527244e-47,3.1399465334527244e-47,3.1399465334527244e-47,3.1399465334527244e-47,3.1399465334527244e-47,3.1399465334527244e-47,3.1399465334527244e-47,3.1399465334527244e-47,3.1399465334527244e-47,3.1399465334527244e-47,3.1399465334527244e-47,3.13994598736406e-47,3.13994598736406e-47,3.13994598736406e-47,3.13994598736406e-47,3.13994598736406e-47,3.13994598736406e-47,3.13994598736406e-47,3.13994598736406e-47,3.13994598736406e-47,3.13994598736406e-47,3.13994598736406e-47,3.13994598736406e-47,3.13994598736406e-47,3.13994598736406e-47,3.13994598736406e-47,3.13994598736406e-47,3.13994598736406e-47,3.13994598736406e-47,3.1399459863387626e-47,3.1399459863387626e-47,3.1399459863387626e-47,3.1399459863387626e-47,3.139945986952541e-47,3.1398876279672715e-47,3.1398876279672715e-47,3.139887146489335e-47,3.139887151389725e-47,3.139887151389725e-47,3.139887151389725e-47,3.139887151389725e-47,3.139887151389725e-47,3.1384740784559006e-47,3.1384740784559006e-47,3.5582435706569135e-47,3.5582435706569135e-47,3.5582435706569135e-47,4.0367795190530033e-47,4.799556601864512e-47,4.799556601864512e-47,4.803956270546064e-47,4.803956270546064e-47,4.803956270546064e-47,4.803941848725008e-47,4.803941848725008e-47,4.803941848725008e-47,4.803941848725008e-47,4.803941848725008e-47,4.803941848725008e-47,4.803941848725008e-47,4.953207368517261e-47,4.953207368517261e-47,4.953207368517261e-47,4.953207368517261e-47,4.953207368517261e-47,4.953207368517261e-47,4.953207368517261e-47,4.953207368517261e-47,4.953207368303613e-47,4.953207368303613e-47,4.953207368303613e-47,4.953207368303613e-47,4.953207368303613e-47,4.953207368303613e-47,4.953207236129929e-47,4.953207236129929e-47,4.953207236129929e-47,4.953207236129929e-47,4.953207236129929e-47,4.953207236129929e-47,4.953207236129929e-47,4.953207236129929e-47,4.953207236129929e-47,4.953207236129929e-47,4.953207236129929e-47,4.953207236129929e-47,4.953207236129929e-47,4.953207236129929e-47,4.953207236129929e-47,4.953207236129929e-47,4.953207236129929e-47,4.953207236129929e-47,4.953207236129929e-47,4.953207236129929e-47,4.953207236129929e-47,4.953207236129929e-47,6.090431680698722e-47,6.771910315856475e-47,6.771910315856475e-47,6.771855533889764e-47,6.771855533889764e-47,6.774195032407774e-47,6.774140327242002e-47,6.774140327242002e-47,6.774140327242002e-47,6.774140327242002e-47,6.774140327242002e-47,6.774140327242002e-47,6.774140327242002e-47,6.774140327242002e-47,6.774140327242002e-47,6.774140327242002e-47,6.774140327242002e-47,6.774140327242002e-47,6.774140327242002e-47,6.774140327242002e-47,6.774140327242002e-47,6.774140327242002e-47,6.774140327242002e-47,6.774140327242002e-47,6.774140327242002e-47,6.774140327242002e-47,6.774140327242002e-47,6.774140327242002e-47,6.774140327242002e-47,6.774140327242002e-47,6.774140327242002e-47,6.774140327242002e-47,6.774140327242002e-47,6.774140327242002e-47,6.774140327242002e-47,6.774140327242002e-47,6.774140327242002e-47,6.774140327242002e-47,6.774140327242002e-47,6.774140327242002e-47,6.774140327242002e-47,6.774140327242002e-47,6.774140327242002e-47,6.774140327242002e-47,6.774140327242002e-47,6.774140327242002e-47,6.774140327242002e-47,6.774140424532632e-47,7.026349568899325e-47,6.992909581928219e-47,6.992909581928219e-47,6.992909581928219e-47,6.992909581928219e-47,6.992909581928219e-47,6.992909581928219e-47,6.992909581928219e-47,6.992909581928219e-47,6.992909581928219e-47,6.992909581928219e-47,6.992909581928219e-47,6.992909581928219e-47,6.992909581928219e-47,6.992909581928219e-47,6.992909581928219e-47,6.992909581928219e-47,6.992909581928219e-47,6.992909581928219e-47,6.992909581928219e-47,6.992909581928219e-47,6.992909581928219e-47,6.992909581928219e-47,6.992909581928219e-47,6.992909581928219e-47,6.992909581928219e-47,6.992909581928219e-47,6.992909581928219e-47,6.992909079985746e-47,6.992909079985746e-47,6.992909079985746e-47,6.992909079985746e-47,6.992909079985746e-47,6.992909079985746e-47,6.992909079985746e-47,6.992909079985746e-47,6.992909079985746e-47,6.992909079985746e-47,6.992909079985746e-47,6.992909079985746e-47,6.992909079985746e-47,6.992909079985746e-47,6.992909079985746e-47,6.992909079985746e-47,6.992909079985746e-47,6.992909079985746e-47,6.992909079985746e-47,6.992909079985746e-47,6.992909079985746e-47,6.992909079985746e-47,6.992909079985746e-47,6.992909079985746e-47,6.992909079985746e-47,6.992909079985746e-47,6.992909079985746e-47,6.992909079985746e-47,6.992909079985746e-47,6.992909079985746e-47,6.992909079985746e-47,6.992909079985746e-47,6.992909079985746e-47,6.992909079928168e-47,6.992909079928168e-47,6.992909079928168e-47,6.992909079928168e-47,6.992909079928168e-47,6.992909079928168e-47,6.992909079928168e-47,6.992909079928168e-47,6.992909079928168e-47,6.992909079928168e-47,6.992909079928168e-47,6.992909079928168e-47,6.992909079928168e-47,6.992909079928168e-47,6.992909079928168e-47,6.992909079928168e-47,6.992909079928168e-47,6.992909079928168e-47,6.992909079928168e-47,6.992909079928168e-47,6.992909079928168e-47,6.992909079928168e-47,6.992909079928168e-47,6.992909079928168e-47,6.992909079928168e-47,6.992909079928168e-47,6.992909079928168e-47,6.992909079928168e-47,6.992909079928168e-47,6.992909079928168e-47,6.992909079928168e-47,6.992909079928168e-47,6.992909079928168e-47,6.992909079928168e-47,6.992909079928157e-47,6.99290907992815e-47,6.992909079928146e-47,6.992909079928144e-47,6.992909079928145e-47,6.992909079928145e-47,6.992909079928117e-47,6.992909079928101e-47,6.9929090799281e-47,-5.114777003478656e-38,-3.919218758312568e-58,1.3119553020282789e-36,1.3119553020282795e-36,1.3119553020282787e-36,1.3119553020282789e-36,1.3119553020282794e-36,1.3119553020282785e-36,1.311955302028279e-36,1.3119553020282789e-36,1.3119553020282797e-36,1.3119553020282789e-36,1.311955302028279e-36,1.3119553020282845e-36,1.311955302028284e-36,1.3119553020282904e-36,-1.6618507972942303e-34,-4.268911597404227e-55,7.206600614430245e-78,7.206600614430243e-78,7.206600614430239e-78,7.206600614430238e-78,7.206600614430235e-78,-2.530390398967563e-36,3.4221709278570867e-56,1.4341277439601692e-38,1.434127743960172e-38,1.4341277439601843e-38,1.4341277439601932e-38,1.4341277439601932e-38,-4.544580970229501e-38,1.9138453415539693e-60,1.9138453415539698e-60,3.44294144609754e-34,-7.791105749954348e-28,8.072904966205078e-38,-5.589283942536595e-34,-3.5191373664020794e-52,2.433246117985884e-39,-1.48977313587295e-39,1.6223718972602194e-33,-1.7189674628014413e-32,-2.4141373443096152e-32,3.4244410319042335e-33,-1.5769443506307422e-34,-2.399357484239664e-37,-9.892259359923712e-46,-6.118666320210072e-29,6.841755324600973e-32,1.1257226602327814e-30,1.1257082654398308e-30,-1.36115681915951e-26,-3.315942890049966e-44,-3.715312377057789e-31,-2.543018369163449e-28,1.9404963560293344e-33,2.5209828593953243e-28,2.5209828593953243e-28,2.410841870693584e-28,2.410841870693589e-28,2.410841870693577e-28,2.410841870693587e-28,2.4122843849027984e-28,2.406655399576514e-28,2.4066553995765246e-28,2.4066553995765116e-28,2.4066553995765067e-28,2.406655399576528e-28,2.4184223943638114e-28,1.8160142351547777e-28,3.022818663917062e-27,3.0228186639170625e-27,3.022818663917063e-27,3.0228186639170373e-27,3.0228186639170366e-27,3.022818663917496e-27,3.0228186639175442e-27,3.022818663917546e-27,3.0228186639175457e-27,3.0228186639176056e-27,3.0228186639176178e-27,3.0228186639176135e-27,3.02281866391785e-27,3.0228168899430206e-27,3.0228160480778276e-27,3.0228160480778707e-27,3.022816048077933e-27,3.0228160480778348e-27,1.9727459191359178e-27,1.9727459191358988e-27,1.9727459191358902e-27,1.9727459191358733e-27,1.97274591913463e-27,1.972745891700088e-27,1.972745854581303e-27,1.9727458498665146e-27,1.9727460834245002e-27,1.9727460834190217e-27,1.9727460904766746e-27,1.9727463365171505e-27,1.9727463332645216e-27,1.9727463396333283e-27,1.9727463394940964e-27,1.9727463389514605e-27,1.9727463672521205e-27,1.9727463748629116e-27,1.972746376239032e-27,1.97274809719449e-27,1.9727468421587844e-27,1.9727466793451417e-27,1.972828801666121e-27,1.972828798057571e-27,1.9728291065894353e-27,1.972828982293113e-27,1.9728288319043734e-27,1.9728290920695514e-27,1.9728290924879072e-27,1.9728289353479415e-27,1.9728287741362894e-27,1.9728287509643362e-27,1.972828750932761e-27,1.9728157419834495e-27,1.972815752205601e-27,1.9728159085227947e-27,1.9728158828729545e-27,1.972816276242313e-27,1.9728161645422196e-27,1.972816184259656e-27,1.972816685000423e-27,1.9728166684017057e-27,1.9728167749002807e-27,1.972816801371034e-27,1.9728168987931892e-27,1.972819547970797e-27,1.972819576280671e-27,1.9728195748448004e-27,1.977763298926409e-27,1.9777632520276978e-27,1.9777641779811538e-27,1.977844266011875e-27,1.9778442489154556e-27,1.977844248545461e-27,1.9778442487955525e-27,1.9778442476467962e-27,1.9778442786180992e-27,1.9778431715404124e-27,1.9778431579994152e-27,1.9778431558499552e-27,1.977879740936515e-27,1.97786985035162e-27,1.977869862799593e-27,1.9778757881532564e-27,1.977875804809007e-27,1.9778757990902437e-27,1.9778760268911604e-27,1.9778760243060228e-27,1.9778760158454747e-27,1.9778760059048838e-27,1.97787607731242e-27,1.977876249904358e-27,1.9778761594831816e-27,1.977879176669078e-27,1.977879154339894e-27,1.977879351575139e-27,1.9778788770515996e-27,1.977878858800913e-27,1.9778788583046773e-27,1.9778786321002762e-27,1.978023477342907e-27,1.978022880560098e-27,1.9780178701259112e-27,1.9780178709132402e-27,1.978017705082027e-27,1.9780179958830017e-27,1.9780180327041522e-27,1.9780180319225583e-27,1.9780207174107578e-27,1.97802068364623e-27,1.978020617338954e-27,1.8974975143891254e-27,1.8974975231276997e-27,1.8974993459942814e-27,1.8974955225881542e-27,1.897479042218886e-27,1.8974790768448975e-27,1.897479094759328e-27,1.8974791232719208e-27,1.8974789877995496e-27,1.897479011631117e-27,1.8974775916192378e-27,1.8974781834439236e-27,1.8974791071943425e-27,1.897483011911943e-27,1.8974818171594494e-27,1.8974818220430835e-27,1.897481804014775e-27,1.8946393800116927e-27,1.8946393732664286e-27,1.8946403701509823e-27,1.8946394393125243e-27,1.89464081237801e-27,1.894640810210778e-27,1.9675466543137963e-27,1.9675466217747208e-27,1.967552125507912e-27,1.967552082350052e-27,1.9675255331303697e-27,1.9675255903021374e-27,1.967519962698222e-27,1.9675205318811566e-27,1.9675209393338166e-27,1.967520916673257e-27,1.9675204118675958e-27,1.9675183128336344e-27,1.9667522070927e-27,1.9667495415856094e-27,1.9667494855380065e-27,1.9667492550950227e-27,1.9667493051800195e-27,1.9667493387101285e-27,1.966749338846864e-27,1.9667846389265577e-27,1.9667887564230107e-27,1.966788439078985e-27,1.966785786175326e-27,1.9667855419741305e-27,1.9667794501371456e-27,1.889002496061314e-27,1.8890018094586812e-27,1.8890017202274596e-27,1.8890015621248025e-27,1.8890015541819903e-27,1.8890014717442156e-27,1.889001470345107e-27,1.8890025543567117e-27,1.889002647510681e-27,1.8889956677757537e-27,1.8889956742683594e-27,1.8889960650217295e-27,1.9152905285168904e-27,1.9152904646027253e-27,1.915290409835486e-27,1.915290409340842e-27,1.9152923423518697e-27,1.915292425283297e-27,1.915288002190065e-27,1.9152881116120532e-27,1.915288233717417e-27,1.9152882688683975e-27,1.915288174534365e-27,1.915288178162812e-27,1.9152881993543398e-27,1.9152881957966685e-27,1.915291205300675e-27,1.915289021769891e-27,1.9152889811872716e-27,1.9153125269936818e-27,1.9153125272396826e-27,1.9153083040085565e-27,1.915308516402396e-27,1.9152967731046034e-27,1.9152968008455113e-27,1.9152947357611423e-27,1.915294735690286e-27,1.9152937913784445e-27,1.9152932759017323e-27,1.9152931277509266e-27,1.9152931362812152e-27,1.9152931313066205e-27,1.915293347147222e-27,1.915293323285584e-27,1.915297458370435e-27,1.9152966772248904e-27,1.915282922636679e-27,1.915280773202519e-27,1.91528081352862e-27,1.9152820065823e-27,1.915282008600179e-27,1.9152882422538623e-27,1.915288261875508e-27,1.9152886065552425e-27,1.9152885970633032e-27,1.915286740444842e-27,1.9152867372550057e-27,1.9153461140279203e-27,1.915346104757705e-27,1.9153401608963785e-27,1.915345523347015e-27,1.9153455168820065e-27,1.9153911010332975e-27,1.9153911019364497e-27,1.9146741856330187e-27,-1.4226499125009064e-27,4.133749718256467e-33,1.7558313539018864e-33,1.7584698856063883e-33,-4.5587870898346185e-33,2.2501862994179656e-37,-1.391445132602308e-34,1.6052636299548156e-32,6.483663165161802e-29,6.483834468120424e-29,6.483838116548363e-29,8.991147830252144e-29,8.991208212555673e-29,8.991238171556882e-29,8.992000394750008e-29,8.992043453276148e-29,8.991919177592335e-29,8.992406086001447e-29,8.992404116404043e-29,8.992395741007434e-29,8.993579035533258e-29,8.993576029436158e-29,8.993575070662247e-29,8.992050382940054e-29,9.004607307004889e-29,9.004607307004893e-29,9.004607367235826e-29,9.004596543736477e-29,9.004601509331728e-29,9.00462447997452e-29,9.004570322315403e-29,9.002832009538421e-29,9.002742153562835e-29,9.002743847086417e-29,9.005700605459337e-29,9.003932493635271e-29,9.003906085834774e-29,9.003929560306253e-29,9.003786659204071e-29,9.003786659224076e-29,9.003823896790602e-29,9.00382289248739e-29,9.003802896389836e-29,9.003812368723561e-29,9.003786171419822e-29,9.003949822050694e-29,9.003952706165957e-29,9.003760056432075e-29,9.003707005885904e-29,9.003932146484843e-29,9.003931142929606e-29,9.003940970852789e-29,9.00394129055351e-29,9.003958334751205e-29,9.004105864681285e-29,9.003846664389427e-29,9.003844062678958e-29,9.023584195843288e-29,9.023578341100036e-29,9.019467139827894e-29,9.019334228599791e-29,9.0187164637835e-29,9.0188233386578e-29,9.018929304250451e-29,9.018929341852222e-29,9.018927717813123e-29,9.018935838739476e-29,9.019119805314664e-29,9.019119757002244e-29,9.019123144083113e-29,9.019120278661741e-29,1.23401281841391e-28,1.2340128518455016e-28,1.23402878728609e-28,1.234028401704559e-28,1.2340283225305508e-28,1.2342798151605065e-28,1.2342802443651315e-28,1.2342800913540433e-28,1.2342796269760551e-28,1.2342796204411038e-28,1.2342701877928812e-28,1.2342694214488555e-28,1.2343033977099997e-28,1.2343035047320994e-28,1.2461421622926357e-28,1.24614242725821e-28,1.246149621412263e-28,1.2283282958354011e-28,1.2283283775010163e-28,1.2283285447782735e-28,1.2283774171819393e-28,1.2283322272825714e-28,1.2283116099620614e-28,1.2283126571754873e-28,1.22831260656592e-28,1.2283161665895115e-28,1.2283034689406252e-28,1.2282732946231347e-28,1.2282781349134482e-28,1.2282846950753723e-28,1.205163793892589e-28,1.2051759197899872e-28,1.2051759018006718e-28,1.20586516185088e-28,1.2058806427653128e-28,1.2058983562311182e-28,1.2054913092071282e-28,1.205478456374769e-28,1.2054794228506832e-28,1.2054811235355109e-28,1.2054813213193183e-28,1.2054813361604233e-28,1.2054813623318732e-28,1.2055039323341098e-28,1.2055079869818324e-28,1.205508301411816e-28,1.2055083241900307e-28,1.2055083241900307e-28,1.2055082957565214e-28,1.2055082022607122e-28,1.205538054006016e-28,1.2055443964588082e-28,1.2055264954087441e-28,1.2055255697896708e-28,1.2063461946625646e-28,1.2063465290936752e-28,1.2063461111041225e-28,1.2063463777417307e-28,1.2063466025947426e-28,1.206361039772791e-28,1.2063438858915575e-28,1.2063433744198332e-28,1.2736397654826681e-28,1.2736436108847548e-28,1.273910439568571e-28,1.2736084203644744e-28,1.2736026721274378e-28,1.2736047474650578e-28,1.2736083205347466e-28,1.2736145107227592e-28,1.2736147347567477e-28,1.2736780249526443e-28,1.2736780506911436e-28,1.2736957480849539e-28,1.2737006340931839e-28,1.2737058291709967e-28,1.2737010305520249e-28,1.2737000724298413e-28,1.2737075175849097e-28,1.2737423813985955e-28,1.273733555314977e-28,1.2737316727434493e-28,1.2761273391461325e-28,1.2761273419668957e-28,1.2759544085561041e-28,1.275955091487964e-28,1.2759410325115455e-28,1.2759168802755848e-28,1.2759368021932642e-28,1.275933809893455e-28,1.2759338076671883e-28,1.2760604806309815e-28,1.2760613003687883e-28,1.2756257824213143e-28,1.2756719739033675e-28,1.275672010188768e-28,1.275671876348828e-28,1.2756712088092925e-28,1.2753394999344625e-28,1.2750533567643313e-28,1.2750512333397707e-28,1.2750512001242824e-28,1.2750511642050807e-28,1.2750509814604155e-28,1.2575841310734307e-28,1.2575640498364837e-28,1.257566776413348e-28,1.2575412431123177e-28,1.2575412858587922e-28,1.2575416978081844e-28,1.2575545877152583e-28,1.2575093578857464e-28,1.2560995319645896e-28,1.2560809344379145e-28,1.25607744449498e-28,1.2561378918665974e-28,1.2561975074070853e-28,1.256193824855917e-28,1.256193985551707e-28,1.2561918783552614e-28,1.2615406509808577e-28,1.2614676367203407e-28,1.261679904538254e-28,1.2616274177946074e-28,1.261627440228252e-28,1.261627135730083e-28,1.2616271331746246e-28,1.2616051559189068e-28,1.261605010718755e-28,1.2616206925057812e-28,1.2616153993688549e-28,1.2616155050484191e-28,1.261615487061023e-28,1.2616102654647694e-28,1.2616093658278152e-28,1.2619210407549786e-28,1.2619198727335778e-28,1.2619274361324604e-28,1.2619592998273521e-28,1.2818120384817268e-28,1.5424086871154187e-27,1.5424087735606521e-27,1.542408057046553e-27,1.5423200190180524e-27,1.5423201694594167e-27,1.5423185304128497e-27,1.5423185826587056e-27,1.5423185764051935e-27,1.5423185732801151e-27,1.5423186974186975e-27,1.5423209516619403e-27,1.5423211339880301e-27,1.5423211459442428e-27,1.5423248822309041e-27,1.5423243149798189e-27,1.5423243149798169e-27,1.5423243954295307e-27,1.5423258408951208e-27,1.5423260606826176e-27,1.5423261247438314e-27,1.5423302040344275e-27,1.5423379624646107e-27,1.5423074532488734e-27,1.5423066249732762e-27,1.5423089789781684e-27,1.5423135897589108e-27,1.5423133175859965e-27,1.5423115347426914e-27,1.5423115273568494e-27,1.5423116856577731e-27,1.5423110319184215e-27,1.5423103247349122e-27,1.5423093139225302e-27,1.5423093785176e-27,1.5423095800534835e-27,1.5423101809755279e-27,1.5423105758984278e-27,1.3980458190370559e-27,1.3980459262194526e-27,1.3980458906427767e-27,1.3980376833232983e-27,1.3980377055032676e-27,1.398036822047681e-27,1.3980368220477249e-27,1.398037659783581e-27,1.398037660066496e-27,1.3980373260814795e-27,1.3980373792074128e-27,1.3980362002889815e-27,1.398038617202319e-27,1.3980414324831944e-27,1.3980406027864807e-27,1.3980399854109657e-27,1.3980397947607017e-27,1.3980397339973414e-27,1.3987925456938557e-27,1.3987860914079235e-27,1.3987850415412715e-27,1.3987850955464375e-27,1.3987850307938787e-27,1.3987849785242489e-27,1.3933326470074264e-27,1.3933914085718137e-27,1.3943204912628675e-27,1.3943300434661106e-27,1.3942954222584105e-27,1.394295668802021e-27,1.3941587257813943e-27,1.3941587977787343e-27,1.394158778066648e-27,1.3941585706835623e-27,1.3941570801112235e-27,1.3941603770744536e-27,1.3948972399931239e-27,1.3948986009314297e-27,1.3947307604317797e-27,1.3947298360873609e-27,1.3947277949155016e-27,1.3947295083875016e-27,1.3947284865809814e-27,1.3948950292165524e-27,1.3948887521253077e-27,1.3948831573701697e-27,1.3948820881153672e-27,1.3948602361681273e-27,1.3948602856910763e-27,1.3948603375433348e-27,1.3948603480400413e-27,1.394860338781219e-27,1.3948619843597608e-27,1.3974149086964958e-27,1.3974387745953377e-27,1.3974357396296251e-27,1.3974357396296246e-27,1.3974351584207627e-27,1.3974351637180585e-27,1.3974351612420374e-27,1.3974455708950809e-27,1.397403241454313e-27,1.3974046385624888e-27,1.397396330676989e-27,1.3973954360163575e-27,1.397379422727857e-27,1.3973875134002421e-27,1.3943984129552704e-27,1.3943814237080384e-27,1.394384677828803e-27,1.3943849061378812e-27,1.3943754592885495e-27,1.3943754553557236e-27,1.3943709079283254e-27,1.3918167125246786e-27,1.3918167241183131e-27,1.3918167112793985e-27,1.3918166678660942e-27,1.3918166200050748e-27,1.3918166260929635e-27,1.3918148039251037e-27,1.3918094022630518e-27,1.3918095562231874e-27,1.3918095554903289e-27,1.3918093413127438e-27,1.3918106362621143e-27,1.39181053536046e-27,1.3832574346019416e-27,1.3832574346019416e-27,1.3832563164085757e-27,1.3832524756456664e-27,1.3832527894998771e-27,1.3832521558725495e-27,1.3832498893015078e-27,1.3832526492105905e-27,1.3832526873066258e-27,1.3832522564023039e-27,1.3832638635275078e-27,1.3832638629004882e-27,1.3832637566847239e-27,1.3832542426020093e-27,1.3832541895113488e-27,1.3832541238167715e-27,1.3832541353286934e-27,1.383253670004701e-27,1.3832536854296245e-27,1.3832572660787249e-27,1.3832586717219717e-27,1.3832586859466406e-27,1.3832594078618498e-27,1.3832594062470661e-27,1.383259725338942e-27,1.3832673893482423e-27,1.3832673684343e-27,1.3832680087163517e-27,1.3832652576616619e-27,1.3835398800931096e-27,1.3835406379507513e-27,1.3840752543010306e-27,1.3840807027532276e-27,1.3840804072151253e-27,1.384086188465257e-27,1.3841037402284988e-27,1.3841036992010637e-27,1.3841018851507477e-27,1.384101878647153e-27,1.3841071953027083e-27,1.3841071631582395e-27,1.384108377133187e-27,1.3841082552369174e-27,1.3841083073994372e-27,1.3841083630420842e-27,1.3841214657955803e-27,1.3840720140519934e-27,1.3839592097042614e-27,1.3839576015756677e-27,1.3839400290997675e-27,1.3839398497105304e-27,1.3839398429066034e-27,1.3839398728425201e-27,1.383942051097365e-27,1.3839430541606908e-27,1.383960204306867e-27,1.383959333529454e-27,1.3839628410863398e-27,1.383962967474225e-27,1.3839860832158235e-27,1.3839842391833524e-27,1.3840425923684e-27,1.3840499037590173e-27,1.3840498575760713e-27,1.3840516259470019e-27,1.3840545403407964e-27,1.384057353660419e-27,1.3840552996412031e-27,1.3840666940416e-27,1.3840632201528736e-27,1.3840626751128977e-27,1.3840628796092209e-27,1.3840554802569363e-27,1.3840554802570479e-27,1.3840555258483245e-27,1.384055874688115e-27,1.3840553273650747e-27,1.3840239911175559e-27,1.384027671425134e-27,1.3840286889106846e-27,1.3840212153298944e-27,1.3840195928103857e-27,1.4349594171565212e-27,1.435691988675221e-27,1.4356921878036885e-27,1.4356239877666802e-27,1.4356239843229128e-27,1.4356211213951292e-27,1.4356205517422379e-27,1.4356205966368352e-27,1.4356604730540717e-27,1.435660219498273e-27,1.43566193777087e-27,1.4356619926605578e-27,1.4356644518349722e-27,1.4356656268914197e-27,1.435665550298732e-27,1.4356688717754739e-27,1.4356688659361072e-27,1.433708187939737e-27,1.4334296520597348e-27,1.5025681359179364e-27,1.5025721232500432e-27,1.5025755641199137e-27,1.5025751186530677e-27,1.502575116142754e-27,1.5025751547699962e-27,1.5025666444545267e-27,1.5025670204511392e-27,1.5025670218051727e-27,1.5025533830030934e-27,1.502553588004237e-27,1.5026480402346532e-27,1.50282925696279e-27,1.5028292711139885e-27,1.5028235613039791e-27,1.5028224462852239e-27,1.5028217941019442e-27,1.50282259684114e-27,1.5028206592862408e-27,1.502829134131121e-27,1.5028291345745907e-27,1.5028290880194347e-27,1.5012413445566566e-27,1.50124119930866e-27,1.5012626235287508e-27,1.5012625103407648e-27,1.5012684270992984e-27,1.5012568387057468e-27,1.5012570395233677e-27,1.5011865448479679e-27,1.5011858805109433e-27,1.501185786954797e-27,1.5155654980332955e-27,1.5157037909072561e-27,1.5112021711701097e-27,1.5112021007118934e-27,1.541198447210949e-27,1.5411984733912075e-27,1.5411984717515146e-27,1.5424096186345892e-27,5.239529393238852e-28,5.239528685313898e-28,5.239550151453257e-28,5.239529566210555e-28,5.239529566224831e-28,5.2395410147273455e-28,5.235973409783757e-28,5.163972974718613e-28,5.164376179535282e-28,5.164371390220711e-28,5.164371392449366e-28,5.54720938820248e-28,5.547843965723286e-28,5.547844229052153e-28,5.547846584391446e-28,5.547861859430188e-28,5.547911967980234e-28,5.547911841232547e-28,5.547911647131965e-28,5.548000448992968e-28,5.548001816708668e-28,5.548001806373273e-28,5.548094563284664e-28,5.548094822795902e-28,5.548093923080006e-28,5.54808796071178e-28,5.548027032199781e-28,5.547735936560498e-28,5.547735770204927e-28,5.547710374961927e-28,5.547722351365676e-28,5.547729229847842e-28,5.547545776841803e-28,5.58022665886056e-28,5.5802265252268375e-28,5.448105995248968e-28,5.447499433147779e-28,5.438595950955589e-28,5.430988895145088e-28,5.431003938862155e-28,5.431023863105734e-28,5.431021054143417e-28,5.430598992954845e-28,5.43054644616585e-28,5.431115291866519e-28,5.430172666685065e-28,5.430172439574986e-28,5.430170247612226e-28,5.429940551660608e-28,5.42781285491911e-28,5.42782225848363e-28,5.427831478903779e-28,5.426684611711504e-28,5.426625571136861e-28,5.426636485323331e-28,5.4266858893895055e-28,5.426707591749127e-28,5.426716963421386e-28,5.426777352654141e-28,5.426766642482863e-28,5.426777304437052e-28,5.426813885944194e-28,5.42681590753088e-28,5.426813821803026e-28,5.427257261466281e-28,5.424190325390405e-28,5.424385180426662e-28,5.439800010804882e-28,5.439774219953936e-28,5.439773088268157e-28,5.439773017988501e-28,5.949845070827847e-28,5.949861414481952e-28,5.949862320282661e-28,5.949821509490392e-28,5.949184422617608e-28,5.949382567968793e-28,5.949279958099168e-28,5.9448837229184025e-28,7.072963398836348e-28,7.073207948946038e-28,7.073207926621317e-28,7.073349560190835e-28,7.15025405803174e-28,7.150253894999865e-28,7.150518456598681e-28,7.150776885485148e-28,7.150775704914014e-28,7.150685424724128e-28,7.104053713627509e-28,7.104206592064645e-28,7.10420353263597e-28,7.103896759036855e-28,7.103972402040592e-28,7.103924397623266e-28,7.126762679453338e-28,7.126839626068185e-28,7.126843277608844e-28,7.126786475044284e-28,7.1640283390147455e-28,7.164028333566646e-28,7.164001524195498e-28,7.163947113606481e-28,7.163946390341011e-28,7.163946168992696e-28,7.164123881028421e-28,7.163776017946653e-28,7.163776455497483e-28,6.7237281052755515e-28,7.388628492594798e-28,7.388629179720628e-28,7.388538701173156e-28,7.388538524176589e-28,7.388651217790462e-28,7.388669963898604e-28,7.3886464162440565e-28,7.388674052198728e-28,7.388807399505227e-28,7.389485285166375e-28,7.3898737340690835e-28,7.3898741081915285e-28,7.389747102471697e-28,7.389823072963331e-28,7.366057396465123e-28,7.3659855622627305e-28,7.3652997059159145e-28,7.365481596302303e-28,7.365420828344754e-28,7.36529976085676e-28,7.365382232445712e-28,7.367018244247384e-28,7.36702480200812e-28,7.3670248868399625e-28,7.367020260158759e-28,7.217599427750257e-28,7.178995114684968e-28,7.213085020672935e-28,7.213083565050312e-28,7.21307548011185e-28,7.2132855904930735e-28,7.213285456969769e-28,7.213075113104933e-28,-1.5949664100472868e-27,6.889186423001682e-32,7.454032291185505e-32,7.562746769945423e-32,3.0829448945796593e-30,3.084661309430148e-30,3.083795380964369e-30,3.065148740747411e-30,2.106554521498681e-30,2.1149118746022064e-30,2.1219769103618142e-29,2.1219885988846382e-29,2.1219887496713617e-29,2.145133884088174e-29,2.1450856032479725e-29,2.145126758489896e-29,2.1451421040459933e-29,2.1353474351524242e-29,2.1321531721245157e-29,2.1326838040211288e-29,2.1136028082413079e-29,2.1141844771302966e-29,2.1141854561351628e-29,2.1140874362822597e-29,2.1342437795132428e-29,2.1342028910966596e-29,2.1356838410855153e-29,2.147617239456583e-29,2.149258468314082e-29,2.1518602111989662e-29,-9.74434214952789e-29,8.157685470021146e-32,7.258846855307315e-32,7.418513588772506e-32,8.073295986097602e-32,-6.517371227528971e-33,-1.941217105191477e-33,-4.8544806634162284e-32,-1.490910097302799e-31,9.755506518351395e-30,9.765690887364602e-30,9.80431063146387e-30,9.800792410286168e-30,-4.55706970375538e-30,-1.4523352635039179e-31,7.942020624944426e-34,-6.2251773387294265e-28,-8.190843067121733e-34,-5.7365227416031145e-33,1.1002606507945378e-32,1.0866282147739926e-32,6.101352498889718e-33,6.253606516176285e-33,1.889834657542646e-28,1.8898217285132286e-28,1.88985053394894e-28,1.8900135705747854e-28,9.827764663238366e-28,9.827835214917826e-28,9.827954631981307e-28,9.828216377664791e-28,9.82821642515895e-28,9.828181284145528e-28,9.82819486979217e-28,9.522749410248636e-28,9.522618011476422e-28,9.522741466797487e-28,9.53088845229584e-28,9.53088880009757e-28,9.530889013233466e-28,9.53086849239466e-28,9.560173647564173e-28,9.560170727045384e-28,9.560176687161569e-28,9.560220584527683e-28,9.542195063968793e-28,9.542137895820592e-28,9.546678485400084e-28,9.54667861537776e-28,9.54641790413973e-28,9.546420944357112e-28,9.546420944343331e-28,9.546420944353652e-28,9.54642094435734e-28,9.546420944355743e-28,9.546420944355797e-28,9.546420944309533e-28,9.546420944323248e-28,9.546420944357637e-28,9.54642094369304e-28,9.546420943970506e-28,9.546420943759354e-28,9.546420943759356e-28,9.546420943946008e-28,9.546420943890812e-28,9.546420943894173e-28,9.546420943849062e-28,9.546420945897107e-28,9.546420945581414e-28,9.546420945522698e-28,9.546420945385097e-28,9.546420945520895e-28,9.546420945520791e-28,9.546420945524285e-28,9.546420945522443e-28,9.546420946116899e-28,9.546420945984475e-28,9.546420946150361e-28,9.546420945870758e-28,9.546420945871797e-28,9.546420945872468e-28,9.546420945873596e-28,9.546420945873899e-28,9.546420945877944e-28,9.546420945878374e-28,9.546420945916762e-28,9.546420945917426e-28,9.54642094756693e-28,9.546420947566804e-28,9.546420947564452e-28,9.546420947565923e-28,9.546420947565457e-28,9.546420947566097e-28,9.54642094755693e-28,9.546420947967728e-28,9.546420944751606e-28,9.5464209447516e-28,9.546420944742984e-28,9.546420945302811e-28,9.546420945495964e-28,9.546420948112986e-28,9.546420948441081e-28,9.546420949308988e-28,9.546420948533e-28,9.546420948445582e-28,9.546420948445773e-28,9.546420948446288e-28,9.546420949074656e-28,9.546420949057586e-28,9.546420949061328e-28,9.546420949032532e-28,9.546420949027157e-28,9.546420948992928e-28,9.54642094898475e-28,9.546420948964926e-28,9.546420949098797e-28,9.546420949106666e-28,9.54642094929243e-28,9.546420948235323e-28,9.546420948235502e-28,9.546420948275252e-28,9.54642094826613e-28,9.546420948224192e-28,9.546420948227158e-28,9.546420948228617e-28,9.546420948219865e-28,9.546420948148842e-28,9.546420943987813e-28,9.546420944085623e-28,9.546420944085713e-28,9.546420943940903e-28,9.546420942519706e-28,9.546420942538633e-28,9.546420942618567e-28,9.546420942611475e-28,9.54642094290655e-28,9.546420942911727e-28,9.546420942929158e-28,9.546420942917617e-28,9.54642094287907e-28,9.546420942939098e-28,9.546420942936944e-28,9.546420942937192e-28,9.54642094297946e-28,9.546420942974322e-28,9.546420943083054e-28,9.546420943069535e-28,9.546420936321348e-28,9.54642093625261e-28,9.546420939800105e-28,9.546420939816121e-28,9.546420939621349e-28,9.546420939053752e-28,9.54642093935336e-28,9.54642093927658e-28,9.54642093927719e-28,9.546420939264769e-28,9.54642093928147e-28,9.546420940363873e-28,9.546420940582702e-28,9.546420940752111e-28,9.546420941373777e-28,9.546420943583696e-28,9.54642094418916e-28,9.546420944224137e-28,9.546420944248942e-28,9.546420945514878e-28,9.546420945371333e-28,9.54642094587052e-28,9.546420946032796e-28,9.546420946563664e-28,9.546420946639654e-28,9.546420946862623e-28,9.546420946878355e-28,9.546420947041788e-28,9.546420947104674e-28,9.546420947443373e-28,9.546420946848758e-28,9.546420946813833e-28,9.546420946874985e-28,9.546420947297006e-28,9.546420947450042e-28,9.546420947427592e-28,9.546420948978778e-28,9.546420950328103e-28,9.546420950597312e-28,9.546420950596742e-28,9.546420948284328e-28,9.546420948411136e-28,9.546420948390722e-28,9.546420963205017e-28,9.546420963117242e-28,9.546420963787022e-28,9.546420962653982e-28,9.546420962604405e-28,9.546420962639197e-28,9.54642096338477e-28,9.546420963083349e-28,9.546420962909884e-28,9.546420877039713e-28,9.546420877546197e-28,9.54642087759413e-28,9.546420877499034e-28,9.546420880258547e-28,9.546420880225404e-28,9.546420880138115e-28,9.546420882337233e-28,9.546420879805768e-28,9.54642087369555e-28,9.546420871916214e-28,9.546420870076521e-28,9.546420869958231e-28,9.54642086769195e-28,9.546420868391828e-28,9.546420868386843e-28,9.546420867480807e-28,9.546420867379455e-28,9.546420867349183e-28,9.54642086733133e-28,9.546420867039954e-28,9.546420867050506e-28,9.54642086719249e-28,9.546420867511542e-28,9.54642086780901e-28,9.546420867908115e-28,9.546420867828096e-28,9.54642086783954e-28,9.546420867892203e-28,9.546420868172284e-28,9.546420868163136e-28,9.54642086470176e-28,9.546420867801984e-28,9.546420870670812e-28,9.546420870792519e-28,9.546420871300664e-28,9.546420871329037e-28,9.54642087118009e-28,9.546420872586864e-28,9.54642087219826e-28,9.546420872157128e-28,9.546420871841196e-28,9.54642087153773e-28,9.546420871289503e-28,9.546420867631593e-28,9.546420865039639e-28,9.546420865386242e-28,9.546420865384004e-28,9.546420865607842e-28,9.546420866124858e-28,9.546420866116962e-28,9.546420865038387e-28,9.546420865050112e-28,9.546420865050078e-28,9.546420863965572e-28,9.546420879052815e-28,9.546420879094398e-28,9.546420879110343e-28,9.546420879107445e-28,9.546420879753529e-28,9.54642087997978e-28,9.54642087823275e-28,9.5464208783267e-28,9.546420876568125e-28,9.54642087654176e-28,9.546420875846894e-28,9.546420872157991e-28,9.546420873533281e-28,9.546420873606009e-28,9.546420873480533e-28,9.546420873638533e-28,9.546420874340849e-28,9.546420823123574e-28,9.54642082324759e-28,9.54642082504249e-28,9.546420825766234e-28,9.546420826294467e-28,9.546420927079036e-28,9.546420929060714e-28,9.546420929254097e-28,9.546420929331551e-28,9.546420939464016e-28,9.546420942944492e-28,9.54642094176661e-28,9.546420941808015e-28,9.54642094177128e-28,9.546420942376344e-28,9.546420942435956e-28,9.54642094263154e-28,9.546420941098604e-28,9.546420940991682e-28,9.54642092671443e-28,9.546420926529704e-28,9.546420926267627e-28,9.546420925344049e-28,9.546420923922552e-28,9.546450863567032e-28,9.546450863712038e-28,9.546450863632644e-28,9.546450863360027e-28,9.546450863327226e-28,9.546450863326726e-28,9.546450863357837e-28,9.546450863425815e-28,9.546450863394749e-28,9.546450864431374e-28,9.546450864441519e-28,9.546450864381055e-28,9.546450864354914e-28,9.546450866537596e-28,9.546450866947624e-28,9.546450866941358e-28,9.546450866688543e-28,9.546450866703205e-28,9.546450866767052e-28,9.546450866650376e-28,9.546450866714447e-28,9.546450867869598e-28,9.546450871074228e-28,9.54645087052502e-28,9.546450869811605e-28,9.546450869846391e-28,9.546450869901785e-28,9.546450869966554e-28,9.546450869968226e-28,9.546450867035443e-28,9.546450867019915e-28,9.546450867382005e-28,9.546450868602368e-28,9.546450868163312e-28,9.546450868104876e-28,9.546450867696302e-28,9.546450867683339e-28,9.54645086771557e-28,9.546450867817356e-28,9.546450867498897e-28,9.546450867495072e-28,9.546450866389344e-28,9.546450866557606e-28,9.54645086777572e-28,9.546450867992464e-28,9.546450868098268e-28,9.546450868153488e-28,9.546450868288348e-28,9.546450868350708e-28,9.546450866051876e-28,9.546450866365083e-28,9.546450866068946e-28,9.546450863154631e-28,9.546450862599835e-28,9.5464508758158e-28,9.546450875724458e-28,9.546450875696395e-28,9.546450875602016e-28,9.546450875798946e-28,9.546450875789728e-28,9.546450875178656e-28,9.546450875106727e-28,9.546450874895155e-28,9.546450875002285e-28,9.54645087485041e-28,9.546450874797426e-28,9.546450874879163e-28,9.546450874975897e-28,9.546450879405241e-28,9.546450879632961e-28,9.546450879651484e-28,9.54645087964313e-28,9.54645088048054e-28,9.546450880451628e-28,9.546450879907913e-28,9.546450879830793e-28,9.54645087837766e-28,9.546450878104329e-28,9.546450877938854e-28,9.546450877943177e-28,9.546450877943174e-28,9.546450877842592e-28,9.546450877843407e-28,9.546450877875997e-28,9.546450877875996e-28,9.546450877878462e-28,9.546450877877368e-28,9.546450877801112e-28,9.54645087771958e-28,9.54645087770209e-28,9.546450877672155e-28,9.546450877672896e-28,9.546450877648525e-28,9.546450877640507e-28,9.546450877635865e-28,9.546450877635916e-28,9.546450877629466e-28,9.546450877633014e-28,9.546450877685808e-28,9.54645087767865e-28,9.546450877678024e-28,9.546450877678094e-28,9.54645087758496e-28,9.546450877637221e-28,9.546450877564885e-28,9.546450877564537e-28,9.546450877566881e-28,9.54645087757762e-28,9.546450877626422e-28,9.546450877626678e-28,9.546450877659449e-28,9.546450877661054e-28,9.546450877662758e-28,9.546450877645964e-28,9.546450877658137e-28,9.546450877658152e-28,9.546450877628673e-28,9.546450877815933e-28,9.546450877778092e-28,9.546450877700346e-28,9.546450877752294e-28,9.546450875977763e-28,9.546450875965672e-28,9.546450875949739e-28,9.546450875849172e-28,9.54645088399607e-28,9.54645088395712e-28,9.546450883513292e-28,9.546450883461581e-28,9.546450883565784e-28,9.54645088297437e-28,9.546450883204539e-28,9.546450884055111e-28,9.546450883007288e-28,9.546450883003404e-28,9.546450883359645e-28,9.5464508831257e-28,9.546450883091219e-28,9.546450883089646e-28,9.546450883407283e-28,9.546450883521541e-28,9.546450883262743e-28,9.546450882805174e-28,9.54645088284775e-28,9.546450883206447e-28,9.546450883167837e-28,9.546450883199563e-28,9.54645088335677e-28,9.546450883387779e-28,9.546450883387567e-28,9.546450883385926e-28,9.546450882528563e-28,9.546450890905175e-28,9.546450889871114e-28,9.54645088963671e-28,9.546450889640413e-28,9.546450889634272e-28,9.546450889682125e-28,9.546450889682109e-28,9.546450889685583e-28,9.546450889702716e-28,9.546450889698901e-28,9.546450889694074e-28,9.546450889694236e-28,9.546450889692002e-28,9.54645088969426e-28,9.546450890114778e-28,9.546450890057404e-28,9.546450889428241e-28,9.54645088778432e-28,9.54645089100986e-28,9.546450891121131e-28,9.54645089112113e-28,9.546450891148081e-28,9.54645089114808e-28,9.546450890735394e-28,9.546450890764297e-28,9.54645089083356e-28,9.546450891886885e-28,9.546450901089988e-28,9.546450900609733e-28,9.546450900662814e-28,9.546450900663073e-28,9.546450900708788e-28,9.546450900705218e-28,9.546450899713155e-28,9.54645089985534e-28,9.54645089985534e-28,9.546450899852176e-28,9.546450899870118e-28,9.54645089980533e-28,9.546450899332249e-28,9.546450899203103e-28,9.546450899240134e-28,9.546450899118545e-28,9.546450898984189e-28,9.546450898926155e-28,9.546450898519745e-28,9.546450898427372e-28,9.546450898378609e-28,9.546450898401105e-28,9.546450898321906e-28,9.546450897811376e-28,9.546450897620789e-28,9.546450897615942e-28,9.546450897633217e-28,9.546450897899387e-28,9.546450897996362e-28,9.546450897396371e-28,9.546450900645845e-28,9.546450900645635e-28,9.546450900734954e-28,9.54645090077617e-28,9.546450900808896e-28,9.546450900849126e-28,9.546450900659973e-28,9.546450900584092e-28,9.546450900612506e-28,9.546450899807986e-28,9.546450899802954e-28,9.54645089969926e-28,9.5464508994368e-28,9.54645089924051e-28,9.546450899195226e-28,9.546450899158307e-28,9.546450901616553e-28,9.546450901623656e-28,9.546450901661432e-28,9.546450901672617e-28,9.546450901700236e-28,9.546450901671373e-28,9.546450900944993e-28,9.54645090093962e-28,9.546450901574877e-28,9.546450903148141e-28,9.546450903167459e-28,9.546450903197277e-28,9.54645090304975e-28,9.546450903047791e-28,9.546450902728344e-28,9.54645090246928e-28,9.546450902198657e-28,9.54645090178468e-28,9.546450887279432e-28,9.54645088760861e-28,9.546450887602883e-28,9.5464508855275e-28,9.54645088503168e-28,9.546450885053146e-28,9.54645088497607e-28,9.546450884735858e-28,9.546450884736385e-28,9.54645088475137e-28,9.546450884760861e-28,9.546450884470177e-28,9.5464508844729e-28,9.546450884474419e-28,9.546450884677589e-28,9.546450884648489e-28,9.546450884668563e-28,9.546450884680909e-28,9.546450884688315e-28,9.54645088469253e-28,9.546450898886262e-28,9.546450898907103e-28,9.5464508985868e-28,9.54645089849452e-28,9.546450888055288e-28,9.546450888072006e-28,9.54645088789448e-28,9.546450973621729e-28,9.546450973587832e-28,9.546450973798374e-28,9.546450973621444e-28,9.546450973621444e-28,9.546450973878099e-28,9.54645097393929e-28,9.546450973928892e-28,9.546450973860666e-28,9.546450973859515e-28,9.546450973921322e-28,9.546450974321173e-28,9.54645097418798e-28,9.546450974214233e-28,9.546450974853711e-28,9.546450974855374e-28,9.546450974797146e-28,9.546450974518752e-28,9.546450970297519e-28,9.546450970266806e-28,9.546450970327832e-28,9.546450971008241e-28,9.546450970674857e-28,9.546450970602868e-28,9.546450970688874e-28,9.5464509706792e-28,9.546450971552711e-28,9.546450971557188e-28,9.546450971556045e-28,9.546450971406386e-28,9.546450971398967e-28,9.546450971375187e-28,9.546450971274101e-28,9.546450974449436e-28,9.546450974405444e-28,9.546450974410535e-28,9.546450974479765e-28,9.5464509731423e-28,9.54645097314654e-28,9.546450973181792e-28,9.546450973168314e-28,9.54645097324059e-28,9.546450973275193e-28,9.546450973307976e-28,9.546450973385267e-28,9.546450971753023e-28,9.546450970847547e-28,9.546450970847549e-28,9.546450970842625e-28,9.546450970695428e-28,9.546450970991182e-28,9.546450969923072e-28,9.546450970198914e-28,9.546450970199185e-28,9.546450970207054e-28,9.546450970111753e-28,9.546450970003593e-28,9.546450969992905e-28,9.546450969695826e-28,9.546450969672404e-28,9.546450969592389e-28,9.546450969589221e-28,9.546450969589033e-28,9.54645097002762e-28,9.546450970172768e-28,9.546450969891071e-28,9.546450969830831e-28,9.546450969831459e-28,9.546450969895312e-28,9.546450969872182e-28,9.546450969942709e-28,9.546450972377349e-28,9.546450972423667e-28,9.546450972535401e-28,9.546450972537019e-28,9.54645097231021e-28,9.546450971976055e-28,9.546450972159302e-28,9.546450970955169e-28,9.546450970958472e-28,9.546450970983697e-28,9.546450970950415e-28,9.546450971067398e-28,9.546450971060776e-28,9.546450971060559e-28,9.546450971074716e-28,9.546450972607614e-28,9.54645097261609e-28,9.54645097232973e-28,9.546450972258296e-28,9.546450971942366e-28,9.546450972408637e-28,9.546450971885559e-28,9.546450971855395e-28,9.54645097178545e-28,9.54645097578935e-28,9.546450976942396e-28,9.546450976924983e-28,9.546450976873778e-28,9.546450976750333e-28,9.546450976742564e-28,9.546450976749922e-28,9.546450976718945e-28,9.546450976866243e-28,9.54645097615259e-28,9.546450976140586e-28,9.546450976251474e-28,9.546450976142696e-28,9.546450976152046e-28,9.546450976152024e-28,9.546450976135505e-28,9.546450976355524e-28,9.546450976317624e-28,9.546450976625612e-28,9.546450976593468e-28,9.546450976687555e-28,9.546450966078585e-28,9.546450966238386e-28,9.546450966287088e-28,9.54645096622534e-28,9.546450966481375e-28,9.546450966200217e-28,9.546450966196928e-28,9.546450966198617e-28,9.54645096618089e-28,9.546450966181378e-28,9.546450965542838e-28,9.546450965532966e-28,9.546450965581414e-28,9.546450965511485e-28,9.54645096550989e-28,9.54645096557712e-28,9.54645096556952e-28,9.546450965594512e-28,9.546450965653157e-28,9.546450966105935e-28,9.546450966259826e-28,9.546450966261193e-28,9.546450966235597e-28,9.54645096630505e-28,9.54645096639658e-28,9.546450966670497e-28,9.546450966712336e-28,9.546450966697713e-28,9.546450966605963e-28,9.546450966570277e-28,9.546450966555244e-28,9.546450966533558e-28,9.546450966464452e-28,9.54645096663608e-28,9.546450966630635e-28,9.54645096662295e-28,9.546450966425257e-28,9.546450966459392e-28,9.546450966682558e-28,9.54645096680135e-28,9.5464509668211e-28,9.5464509671615e-28,9.546450966335226e-28,9.546450966292024e-28,9.546450966313073e-28,9.54645096645298e-28,9.546450967334994e-28,9.546450967330405e-28,9.546450967316411e-28,9.54645096740695e-28,9.546450967462152e-28,9.546450967441916e-28,9.546450967506312e-28,9.54645096761159e-28,9.546450967600231e-28,9.546450967707153e-28,9.546450967736442e-28,9.54645096822731e-28,9.546450968239457e-28,9.546450968257795e-28,9.54645096868214e-28,9.546450968704641e-28,9.54645096868505e-28,9.546450968744697e-28,9.54645096874334e-28,9.546450968623641e-28,9.54645096868783e-28,9.546450969058059e-28,9.546450969260364e-28,9.546450969229854e-28,9.54645096925502e-28,9.546450969227842e-28,9.546450969286853e-28,9.54645096994853e-28,9.546450969773656e-28,9.546450969788951e-28,9.546450969081217e-28,9.54645096959201e-28,9.546450969427654e-28,9.546450969455242e-28,9.546450968362175e-28,9.546450968390937e-28,9.546450968393294e-28,9.54645096837665e-28,9.546450968364756e-28,9.546450968373434e-28,9.546450968436948e-28,9.546450968460664e-28,9.546450968434465e-28,9.546450968609405e-28,9.546450969380312e-28,9.546450969347992e-28,9.546450969348408e-28,9.54645096934839e-28,9.546450969320339e-28,9.54645096934589e-28,9.546450969347287e-28,9.546450969345163e-28,9.54645096929305e-28,9.546450969394831e-28,9.54645096951456e-28,9.54645096946608e-28,9.546450969465902e-28,9.546450969337282e-28,9.546450969972909e-28,9.546450969549592e-28,9.546450969549911e-28,9.54645096992304e-28,9.54645096995107e-28,9.546450969794743e-28,9.54645096979826e-28,9.546450969798359e-28,9.54645096979751e-28,9.546450969793724e-28,9.54645096985858e-28,9.546450969756941e-28,9.546450968934337e-28,9.546450968540087e-28,9.546450968245273e-28,9.546450968271768e-28,9.546450968085646e-28,9.54645096814091e-28,9.546450968392508e-28,9.546450956704427e-28,9.54645095668423e-28,9.546450956610566e-28,9.54645095652275e-28,9.54645095652237e-28,9.546450956392905e-28,9.54645095639377e-28,9.546450947934254e-28,9.546450948077294e-28,9.546450948049731e-28,9.54645094693874e-28,9.54645094707299e-28,9.546450947050443e-28,9.54645094683424e-28,9.546450946834236e-28,9.546450946851908e-28,9.54645094684326e-28,9.546450946862824e-28,9.546450945678824e-28,9.546450946833485e-28,9.546450946802837e-28,9.546450946762617e-28,9.546450946926709e-28,9.54645094675856e-28,9.54645094679202e-28,9.546450947246883e-28,9.546450947236675e-28,9.546450947235932e-28,9.546450947235606e-28,9.54645094723575e-28,9.546450947236171e-28,9.546450947236189e-28,9.54645094722311e-28,9.546450947223108e-28,9.546450947223196e-28,9.54645094788705e-28,9.546450947894777e-28,9.54645094793601e-28,9.546450947900802e-28,9.54645094784083e-28,9.546450947174193e-28,9.546450947536157e-28,9.546450947518806e-28,9.54645094749188e-28,9.546450947506616e-28,9.54645094751481e-28,9.546450947528479e-28,9.54645094756902e-28,9.546450947568903e-28,9.546450947553156e-28,9.546450947524294e-28,9.546450947510969e-28,9.546450947516707e-28,9.546450947509776e-28,9.546450947546204e-28,9.54645094755885e-28,9.546450947572293e-28,9.546450947531763e-28,9.546450947732594e-28,9.546450947709538e-28,9.546450947733692e-28,9.54645094776915e-28,9.546450947780716e-28,9.546450947860136e-28,9.54645094935612e-28,9.546450949194385e-28,9.546450949296787e-28,9.546450949296791e-28,9.546450949300211e-28,9.546450949295539e-28,9.54645094924853e-28,9.546450949183812e-28,9.546450949015156e-28,9.546450951060863e-28,9.546450951417739e-28,9.546450951480503e-28,9.546450951521418e-28,9.546450951790817e-28,9.546450951797843e-28,9.546450951879458e-28,9.546450952021103e-28,9.546450952013628e-28,9.546450952031993e-28,9.546450951091624e-28,9.546450950473324e-28,9.54645095047333e-28,9.546450949898859e-28,9.546450949903016e-28,9.546450949806354e-28,9.546450949706883e-28,9.546450949724097e-28,9.546450949618005e-28,9.54645094961812e-28,9.546450949618104e-28,9.546450949618048e-28,9.546450947804645e-28,9.546450342448485e-28,9.546450342448485e-28,9.546450337229797e-28,9.546450337109887e-28,9.54645033717959e-28,9.546450337158888e-28,9.546450337158736e-28,9.54645032362837e-28,9.546450323839568e-28,9.546450323700724e-28,9.546450323519265e-28,9.546450323519215e-28,9.546450323450851e-28,9.546450323469496e-28,9.546450323491483e-28,9.546450323496826e-28,9.546450323450363e-28,9.546450323693038e-28,9.546450324338992e-28,9.546450324355931e-28,9.546450323095772e-28,9.546450323112367e-28,9.546450323186517e-28,9.546450323325517e-28,9.546450323296872e-28,9.546450323296865e-28,9.546450323416884e-28,9.546450323331795e-28,9.546450323350644e-28,9.546450323350644e-28,9.546450323292973e-28,9.546450322920329e-28,9.546450322920323e-28,9.546450322920329e-28,9.546450322662526e-28,9.54645032266263e-28,9.546450324019358e-28,9.54645032401933e-28,9.546450323972344e-28,9.546450323972373e-28,9.546450323972369e-28,9.546450323972374e-28,9.546450323972373e-28,9.546450323972373e-28,9.546450323972306e-28,9.546450323972308e-28,9.546450323972304e-28,9.546450323972306e-28,9.54645032397246e-28,9.546450323999588e-28,9.546450315513888e-28,9.546450315513886e-28,9.54645031551883e-28,9.546450315518908e-28,9.546450315518903e-28,9.5464503155189e-28,9.546450315518903e-28,9.546450315518899e-28,9.546450315518899e-28,9.546450315518922e-28,9.546450315518924e-28,9.546450315518924e-28,9.546450315518924e-28,9.546450315518922e-28,9.546450315518919e-28,9.5464503155189e-28,9.5464503155189e-28,9.5464503155189e-28,9.5464503155189e-28,9.54645031551896e-28,9.546450315518958e-28,9.546450315519286e-28,9.546450315519283e-28,9.546450315519358e-28,9.546450315519358e-28,9.54645031551936e-28,9.546450315519346e-28,9.546450315519337e-28,9.546450315519342e-28,9.546450315519355e-28,9.546450315519356e-28,9.546450315519347e-28,9.546450315519303e-28,9.5464503155193e-28,9.546450315519303e-28,9.54645031551931e-28,9.546450315519312e-28,9.546450315519312e-28,9.546450315519313e-28,9.546450315519337e-28,9.546450315519326e-28,9.54645031551934e-28,9.546450315519346e-28,9.546450315519527e-28,9.546450315519523e-28,9.546450315519523e-28,9.54645031551953e-28,9.546450315519444e-28,9.546450315519446e-28,9.546450315490604e-28,9.546450315490606e-28,9.546450315648728e-28,9.546450315613273e-28,9.546450315614966e-28,9.546450316567822e-28,9.546450316572424e-28,9.546450316769268e-28,9.546450318044511e-28,9.546450318263858e-28,9.546450318442626e-28,9.546450318374843e-28,9.546450319415318e-28,9.546450319412236e-28,9.546450319334682e-28,9.546450319267317e-28,9.54645031937277e-28,9.546450319206401e-28,9.546450319103626e-28,9.546450318985106e-28,9.546450319220517e-28,9.546450318050716e-28,9.54645031742726e-28,9.546450317923916e-28,9.546450317695155e-28,9.546450317695156e-28,9.546450323323072e-28,9.54645032386918e-28,9.546450323952219e-28,9.546450324063241e-28,9.546450323267234e-28,9.546450323424895e-28,9.54645032343e-28,9.546450323049648e-28,9.546450328567713e-28,9.546450328635453e-28,9.546450328580263e-28,9.546450328083763e-28,9.546450326737525e-28,9.546450326792797e-28,9.546450327057104e-28,9.54645032719203e-28,9.546450326934666e-28,9.54645032686458e-28,9.546450326268454e-28,9.546450326192132e-28,9.54645032648713e-28,9.546450325866134e-28,9.546450330633015e-28,9.546450334324219e-28,9.546450334322956e-28,9.546450335466475e-28,9.54645033589e-28,9.546450335858646e-28,9.546450336047856e-28,9.546450336056164e-28,9.546450336384621e-28,9.546450335985668e-28,9.546450335964623e-28,9.546450335974673e-28,9.546450336560877e-28,9.546450336743845e-28,9.546450336744487e-28,9.54645033721844e-28,9.546450337217982e-28,9.546450336926117e-28,9.546450333520832e-28,9.546450333320089e-28,9.546450333697075e-28,9.546450333814028e-28,9.546450333701212e-28,9.54645033388859e-28,9.546450333854667e-28,9.546450333256244e-28,9.54645033319004e-28,9.546450333307713e-28,9.546450333618144e-28,9.546450333712783e-28,9.546450333708397e-28,9.546450333746414e-28,9.54645033374641e-28,9.546450333783939e-28,9.54645033378385e-28,9.546450333621325e-28,9.546450333994893e-28,9.546450334056886e-28,9.546450334148395e-28,9.546450334547499e-28,9.546450332847104e-28,9.54645033284431e-28,9.546450332724627e-28,9.546450329674489e-28,9.546450329646782e-28,9.546450329560267e-28,9.546450329782225e-28,9.546450329373717e-28,9.546450329506541e-28,9.546450329507675e-28,9.546450329507675e-28,9.546450329560008e-28,9.54645032971802e-28,9.546450329890937e-28,9.546450329891425e-28,9.54645032991683e-28,9.54645032991603e-28,9.546450329935614e-28,9.546450330228813e-28,9.546450330227206e-28,9.546450330395934e-28,9.546450330389541e-28,9.546450330399598e-28,9.546450330363903e-28,9.54645033034841e-28,9.546450330356645e-28,9.546450330343695e-28,9.546450330371511e-28,9.546450330413899e-28,9.546450330405962e-28,9.546450330406522e-28,9.546450330404945e-28,9.546450330393084e-28,9.546450330390734e-28,9.54645033048981e-28,9.546450330313547e-28,9.546450330313745e-28,9.546450330313745e-28,9.546450330296414e-28,9.546450329938555e-28,9.546450329938557e-28,9.54645032993856e-28,9.546450330247282e-28,9.54645033024726e-28,9.546450330247083e-28,9.546450330278517e-28,9.546450330278515e-28,9.546450330278513e-28,9.546450330278512e-28,9.546450330304007e-28,9.546450330299749e-28,9.546450330338364e-28,9.54645033034545e-28,9.546450330357209e-28,9.54645033035721e-28,9.546450330353402e-28,9.546450330353402e-28,9.546450330351598e-28,9.546450330351598e-28,9.546450330351598e-28,9.54645033035719e-28,9.54645033035824e-28,9.54645033033287e-28,9.546450330332874e-28,9.546450330336659e-28,9.546450330336659e-28,9.546450330336659e-28,9.54645033033666e-28,9.546450330336659e-28,9.546450330336659e-28,9.546450330337112e-28,9.546450330363815e-28,9.54645033039446e-28,9.546450329236173e-28,9.546450329211354e-28,9.54645032921628e-28,9.546450330513263e-28,9.546450330517402e-28,9.546450330517404e-28,9.546450330517404e-28,9.54645033051173e-28,9.546447274367474e-28,9.546447274355245e-28,9.546447274355223e-28,9.54644727435522e-28,9.546447274355223e-28,9.54644729766356e-28,9.546447297660423e-28,9.546447297653372e-28,9.546447297653368e-28,9.54644729765337e-28,9.546447297653368e-28,9.546447310602401e-28,9.5464473106024e-28,9.546447310604207e-28,9.546447310604207e-28,9.54644731060421e-28,9.546447310604213e-28,9.546447310604216e-28,9.546447310565622e-28,9.546447310582958e-28,9.546447310572982e-28,9.546447310571556e-28,9.54644731059081e-28,9.546447310541171e-28,9.5464473105662e-28,9.546447310566411e-28,9.546447310492191e-28,9.546447310493843e-28,9.546447310526407e-28,9.546447310526411e-28,9.546447310550751e-28,9.546447310509563e-28,9.546447310509567e-28,9.546447310509565e-28,9.546447310509567e-28,9.546447310494012e-28,9.546447310396805e-28,9.5464473104042e-28,9.546447310423471e-28,9.546447310423473e-28,9.54644731042347e-28,9.54644731042465e-28,9.546447310425496e-28,9.546447310425498e-28,9.546447310414598e-28,9.546447310419676e-28,9.54644731041968e-28,9.54644731043421e-28,9.54644731041198e-28,9.546447310061612e-28,9.546447310040372e-28,9.546447310040888e-28,9.546447310025751e-28,9.546447310025753e-28,9.546447310012482e-28,9.546447309998337e-28,9.546447309998337e-28,9.546447309989008e-28,9.546447310024033e-28,9.546447310023694e-28,9.546447310023373e-28,9.546447310023373e-28,9.546447309982684e-28,9.546447309984931e-28,9.54644730998493e-28,9.546447309984942e-28,9.546447309984944e-28,9.546447309984944e-28,9.546447309984942e-28,9.546447309985048e-28,9.546447310017662e-28,9.546447309991127e-28,9.546447309991123e-28,9.546447309991123e-28,9.546447309997284e-28,9.546447309997284e-28,9.546447309979525e-28,9.546447309828712e-28,9.546447309828707e-28,9.546447309828705e-28,9.546447309878415e-28,9.546447309874983e-28,9.546447309736141e-28,9.546447309736423e-28,9.546447309736418e-28,9.54644730974614e-28,9.546447309746136e-28,9.546447309741067e-28,9.546447309741056e-28,9.54644730980749e-28,9.546447309819398e-28,9.5464473098194e-28,9.546447309819398e-28,9.546447309819396e-28,9.546447309810487e-28,9.546447309821087e-28,9.54644730982307e-28,9.54644730981479e-28,9.546447309814788e-28,9.546447309814786e-28,9.546447309816824e-28,9.546447309913145e-28,9.546447309914207e-28,9.54644730992244e-28,9.546447309437672e-28,9.546447310593123e-28,9.546447310599365e-28,9.5464473112357e-28,9.546447311059859e-28,9.54644731126067e-28,9.546447311272298e-28,9.546447310502048e-28,9.546447310368052e-28,9.546447310375397e-28,9.546447310384805e-28,9.546447310391027e-28,9.546447310391029e-28,9.546447310483142e-28,9.54644731056214e-28,9.54644731056308e-28,9.546447311059199e-28,9.546447312649056e-28,9.546447311839128e-28,9.546447311503838e-28,9.546447316038772e-28,9.546447316034275e-28,9.546447316028451e-28,9.54644731561553e-28,9.54644731561442e-28,9.546447315614424e-28,9.54644731561442e-28,9.546447315628203e-28,9.546447315868674e-28,9.54644731605635e-28,9.546447316043215e-28,9.546447316061336e-28,9.546447316045123e-28,9.54644731604514e-28,9.546447316022426e-28,9.546447316003263e-28,9.546447316938692e-28,9.54644731684462e-28,9.54644731684346e-28,9.5464473168475e-28,9.546447316825393e-28,9.546447316826961e-28,9.546447316832902e-28,9.54644731681298e-28,9.546447317124137e-28,9.546447317124137e-28,9.546447317124144e-28,9.546447317124144e-28,9.546447317082068e-28,9.546447317062795e-28,9.546447317042814e-28,9.546447317033724e-28,9.546447315788879e-28,9.546447315790902e-28,9.546447315790904e-28,9.546447315735683e-28,9.546447315662458e-28,9.546447315663427e-28,9.546447315538204e-28,9.546447315620542e-28,9.546447315620074e-28,9.546447315630226e-28,9.5464473148232e-28,9.5464473148976e-28,9.546447314898652e-28,9.546447314898455e-28,9.546447315072562e-28,9.546447315072837e-28,9.54644732010551e-28,9.546447320388734e-28,9.546447320370344e-28,9.546447320368468e-28,9.546447320347864e-28,9.54644732037768e-28,9.546447319993456e-28,9.546447319991006e-28,9.546447320021046e-28,9.546447320016476e-28,9.546447319772911e-28,9.54644731970112e-28,9.546447319700239e-28,9.546447319453749e-28,9.546447319841779e-28,9.546447322147113e-28,9.546447322147206e-28,9.546447322146823e-28,9.546447322171735e-28,9.546447322180296e-28,9.546447321977607e-28,9.546447322005383e-28,9.546447320158464e-28,9.54644732020125e-28,9.546447320225386e-28,9.546447320226132e-28,9.546447320163386e-28,9.546447320065147e-28,9.546447320020031e-28,9.546447318351723e-28,9.546447318248404e-28,9.546447318248574e-28,9.54644731825343e-28,9.546447318227395e-28,9.5464473185929e-28,9.546447318764073e-28,9.546447318635525e-28,9.546447318635535e-28,9.546447318638066e-28,9.546447318637986e-28,9.54644731863636e-28,9.546447318654408e-28,9.546447318680567e-28,9.546447318686337e-28,9.546447317919748e-28,9.54644731792021e-28,9.546447317920671e-28,9.54644731790747e-28,9.546447319152415e-28,9.546447319193632e-28,9.546447318952816e-28,9.546447319020617e-28,9.54644731879205e-28,9.546447318622621e-28,9.546613280819124e-28,9.546613280817278e-28,9.54661328075985e-28,9.54661328075985e-28,9.546613281482305e-28,9.546613281468765e-28,9.54661328056539e-28,9.546613280626452e-28,9.546613280642124e-28,9.5466132806667e-28,9.546613280697648e-28,9.546613280697648e-28,9.546613280682673e-28,9.546613280685446e-28,9.546613280446331e-28,9.546613280464054e-28,9.546613282930881e-28,9.546613282820706e-28,9.546613283048485e-28,9.546613283119655e-28,9.546613283125477e-28,9.546613283083285e-28,9.546613283529527e-28,9.54661328436486e-28,9.5466132843616e-28,9.546613284746674e-28,9.54661328605842e-28,9.5466132860502e-28,9.546613285982148e-28,9.546613285053714e-28,9.546613285067732e-28,9.546613284661747e-28,9.546613284695172e-28,9.546613284921308e-28,9.54661328495195e-28,9.546613284465754e-28,9.546613282000093e-28,9.546613282545178e-28,9.546613282728578e-28,9.546613282762397e-28,9.546613282785272e-28,9.54661328276548e-28,9.546613282775738e-28,9.546613282775742e-28,9.546613282767014e-28,9.54661328275839e-28,9.546613282571051e-28,9.54661328248155e-28,9.546613282674187e-28,9.546613283372777e-28,9.546613283689071e-28,9.546613283746275e-28,9.546613283745157e-28,9.546613283745155e-28,9.546613283834604e-28,9.54661328276494e-28,9.546613282746484e-28,9.546613282698702e-28,9.546613282909727e-28,9.546613282550533e-28,9.546613282527085e-28,9.546613282543364e-28,9.54661328253231e-28,9.54661328251842e-28,9.546613280570896e-28,9.54661328056886e-28,9.546613280875312e-28,9.546613280877662e-28,9.546613280876471e-28,9.546613280441522e-28,9.546613280797692e-28,9.546613280797735e-28,9.546613281117817e-28,9.546613281120065e-28,9.546613281573987e-28,9.546613281547839e-28,9.546613281509686e-28,9.546613281630326e-28,9.546613281804818e-28,9.54661328190151e-28,9.54661328166569e-28,9.546613281689448e-28,9.546613281690065e-28,9.546613281689976e-28,9.54661328147792e-28,9.546613281463865e-28,9.546613281432786e-28,9.546613281624085e-28,9.546613281698268e-28,9.546613281711842e-28,9.546613281744098e-28,9.546613281744015e-28,9.546613281731578e-28,9.546613281740713e-28,9.546613281836331e-28,9.546613280880028e-28,9.546613280877849e-28,9.546613280793722e-28,9.54661328085528e-28,9.546613280799089e-28,9.546613280754276e-28,9.54661328230851e-28,9.546613282295044e-28,9.546613281664084e-28,9.546613281654223e-28,9.546613281655327e-28,9.546613281668672e-28,9.546613281671472e-28,9.546613281870305e-28,9.546613281871758e-28,9.546613281878281e-28,9.54661328189419e-28,9.546613281885878e-28,9.546613281882014e-28,9.546613281881343e-28,9.54661328188134e-28,9.546613281881408e-28,9.546613281881503e-28,9.54661328188261e-28,9.546613282171303e-28,9.546613282125357e-28,9.54661328212452e-28,9.54661328211501e-28,9.54661328212751e-28,9.546613282561405e-28,9.546613282564065e-28,9.546613282564067e-28,9.546613282514131e-28,9.54661328251941e-28,9.546613282533063e-28,9.546613282542925e-28,9.546613282537533e-28,9.546613282536351e-28,9.546613282520423e-28,9.546613282520425e-28,9.546613282482846e-28,9.546613282482726e-28,9.546613282511945e-28,9.546613282478161e-28,9.54661328249571e-28,9.54661328253554e-28,9.546613282538137e-28,9.546613282505663e-28,9.546613282505269e-28,9.546613282505504e-28,9.546613282566411e-28,9.54661328256641e-28,9.546613282548055e-28,9.546613282358543e-28,9.546613282358434e-28,9.54661328229322e-28,9.546613282285558e-28,9.546613282151338e-28,9.546613281994387e-28,9.546613281588937e-28,9.546613281593669e-28,9.546613282298348e-28,9.546613282257381e-28,9.546613282355044e-28,9.546613282357987e-28,9.546613282450205e-28,9.546613282456025e-28,9.546613282435224e-28,9.546613282343486e-28,9.546613282339018e-28,9.54661328234713e-28,9.546613282347129e-28,9.546613281986206e-28,9.546613281981754e-28,9.54661328135638e-28,9.546613281326686e-28,9.546613281297578e-28,9.546613281278201e-28,9.5466132812729e-28,9.546613281297243e-28,9.54661328129241e-28,9.546613281292407e-28,9.546613281352785e-28,9.546613281353531e-28,9.546613281275396e-28,9.54661328127586e-28,9.546613281286262e-28,9.546613281438093e-28,9.546613281522724e-28,9.546613281514726e-28,9.54661328152498e-28,9.546613281501699e-28,9.546613282208584e-28,9.546613286158063e-28,9.546613286158056e-28,9.546613286134466e-28,9.546613286137915e-28,9.546613286159328e-28,9.546613286181632e-28,9.546613286174436e-28,9.546613288531742e-28,9.546613288527738e-28,9.546613288534032e-28,9.546613288558995e-28,9.54661328855792e-28,9.546613258605045e-28,9.546613258518619e-28,9.546613258522515e-28,9.546613258522517e-28,9.546613258622119e-28,9.546613258614535e-28,9.546613258749485e-28,9.546613258749485e-28,9.546613258751618e-28,9.54661325844826e-28,9.546613258446959e-28,9.54661325847739e-28,9.546613258479203e-28,9.546613258479108e-28,9.546613258477115e-28,9.546613258437276e-28,9.546613258426375e-28,9.546613258348194e-28,9.546613258346417e-28,9.546613258346038e-28,9.546613258345678e-28,9.546610016254288e-28,9.546610016254476e-28,9.546610016293214e-28,9.546610016279675e-28,9.54661001637748e-28,9.546610016397085e-28,9.546610016103121e-28,9.546610016084492e-28,9.546610016493031e-28,9.546610016635396e-28,9.546610016644142e-28,9.546610016644144e-28,9.546610016638458e-28,9.546610016835944e-28,9.546610016859406e-28,9.54661001686088e-28,9.54661001585551e-28,9.546610015819206e-28,9.546610015819206e-28,9.546610015842723e-28,9.546610015842723e-28,9.546610015824553e-28,9.546610015877907e-28,9.54661010247859e-28,9.546610102263406e-28,9.546610102262992e-28,9.546610101536458e-28,9.546610101359594e-28,9.546610101483343e-28,9.546610101484344e-28,9.546610101507023e-28,9.546610101526979e-28,9.54661010167198e-28,9.546610101640127e-28,9.546610101706474e-28,9.546610101400777e-28,9.546610101397573e-28,9.54661010139229e-28,9.546610101393328e-28,9.54661010137561e-28,9.546610101387766e-28,9.546610101367402e-28,9.546610101368726e-28,9.546610101410895e-28,9.546610101416175e-28,9.546610101423291e-28,9.54661010138284e-28,9.546610101628072e-28,9.546610101629054e-28,9.54661010165034e-28,9.546610101649734e-28,9.546610101572994e-28,9.546610101622075e-28,9.546610101524394e-28,9.546610099771018e-28,9.54661009978571e-28,9.546610099662896e-28,9.54661009964767e-28,9.546610099560901e-28,9.546610099560905e-28,9.546610099527643e-28,9.546610099738174e-28,9.546610099863956e-28,9.546610099834937e-28,9.546610100072141e-28,9.546610100071684e-28,9.54661010007142e-28,9.54661010007142e-28,9.54661010045029e-28,9.546610100451291e-28,9.5466101004512e-28,9.546610096527446e-28,9.546610096539364e-28,9.546610096511477e-28,9.546610096511877e-28,9.546610096544057e-28,9.546610096544998e-28,9.546610096548103e-28,9.546610096563299e-28,9.546610096535815e-28,9.546610096442162e-28,9.546610096441872e-28,9.546610096441868e-28,9.546610096447287e-28,9.546610096683587e-28,9.54661009670177e-28,9.546610108073384e-28,9.546610108079303e-28,9.546610108099034e-28,9.546610103329136e-28,9.546610103329787e-28,9.546610133759769e-28,9.546610133162539e-28,9.546610133312471e-28,9.546610133722882e-28,9.546610133722355e-28,9.546610133878181e-28,9.54661013374466e-28,9.546610133701584e-28,9.54661013381949e-28,9.546610133778963e-28,9.546610133950478e-28,9.546610133974589e-28,9.546610133656508e-28,9.546610133612111e-28,9.54661013361276e-28,9.546610131123638e-28,9.546610130289081e-28,9.546610132310978e-28,9.546610136737627e-28,9.54661013673764e-28,9.546610136733933e-28,9.546610136725742e-28,9.546610136765222e-28,9.54661013677038e-28,9.546610136707873e-28,9.546610136719322e-28,9.546610136818596e-28,9.546610136829164e-28,9.546610136801185e-28,9.546610136567456e-28,9.54661013662089e-28,9.546610136619257e-28,9.546610136637963e-28,9.546610136661023e-28,9.54661013662549e-28,9.546610136631856e-28,9.546610136609652e-28,9.54661013661414e-28,9.546610138520064e-28,9.546610138524048e-28,9.546610139202667e-28,9.546610143778396e-28,9.54661014387009e-28,9.546610143870091e-28,9.546610143868102e-28,9.546610143797905e-28,9.546610142796018e-28,9.54661014534751e-28,9.546610145411486e-28,9.546610145412095e-28,9.54661014526046e-28,9.546610145250018e-28,9.546610145250018e-28,9.546610145231678e-28,9.546610145233563e-28,9.54661014526865e-28,9.546610145217679e-28,9.546610145164866e-28,9.54674772714007e-28,9.546747727123935e-28,9.546747727120689e-28,9.546747727111398e-28,9.546747727111242e-28,9.54674772129723e-28,9.546747719140442e-28,9.546747719140433e-28,9.546747719144243e-28,9.546747719153947e-28,9.546747718808403e-28,9.546747718808405e-28,9.546747718808409e-28,9.546747718822028e-28,9.54674771883382e-28,9.546747718833825e-28,9.546747718834716e-28,9.546747718836078e-28,9.54674771883605e-28,9.546747718851123e-28,9.546747719073225e-28,9.546747719073216e-28,9.546747719071433e-28,9.546747719153298e-28,9.546747719157836e-28,9.54674771915784e-28,9.546747719157841e-28,9.546747719158906e-28,9.546747719157997e-28,9.54674771915909e-28,9.546747719159088e-28,9.546747719140193e-28,9.546747719145102e-28,9.546747718961534e-28,9.546747781274316e-28,9.546747781249282e-28,9.546747781249282e-28,9.546747781249275e-28,9.546747781036518e-28,9.546747780857698e-28,9.546747780803011e-28,9.54674778085454e-28,9.546747780854499e-28,9.546747780854764e-28,9.54674778067207e-28,9.546747780680558e-28,9.54674778059968e-28,9.546747780606968e-28,9.546747780606966e-28,9.546747780606957e-28,9.546747780606957e-28,9.546747780587338e-28,9.546747780587392e-28,9.54674778059418e-28,9.546465699374747e-28,9.54646569937475e-28,9.546465699686823e-28,9.546465699685418e-28,9.54646569968542e-28,9.546465699685424e-28,9.546465699709618e-28,9.546465699711288e-28,9.54646569971129e-28,9.546465699711285e-28,9.546465699955194e-28,9.54646569995261e-28,9.546465699879903e-28,9.546465699884205e-28,9.546465699942981e-28,9.54646569984441e-28,9.546465700006446e-28,9.546465699998226e-28,9.546465699880325e-28,9.546465700064283e-28,9.546465700063314e-28,9.546465700083631e-28,9.546465700083633e-28,9.546465700293506e-28,9.54646570039528e-28,9.546465700343543e-28,9.54646570032927e-28,9.546465700028838e-28,9.546465700028835e-28,9.546465700008825e-28,9.546465699999182e-28,9.5464657001071e-28,9.546465700107101e-28,9.546465700088872e-28,9.54646570000553e-28,9.54646570042341e-28,9.546465700062769e-28,9.546465700062699e-28,9.546465700698332e-28,9.546465700700708e-28,9.5464657006714e-28,9.546465700652835e-28,9.546465700652834e-28,9.5464657006758e-28,9.546465700675798e-28,9.546465700683977e-28,9.54646570068119e-28,9.54646570067666e-28,9.546465700815e-28,9.546465700815008e-28,9.546465700812204e-28,9.54646570062918e-28,9.546465700629179e-28,9.54646570062918e-28,9.546465700629179e-28,9.546465700629179e-28,9.546465700629312e-28,9.546465700629234e-28,9.546465700629557e-28,9.546465700629579e-28,9.546465700630287e-28,9.54646570062976e-28,9.546465700772743e-28,9.546465700735703e-28,9.546465700735697e-28,9.546465700735536e-28,9.546465700735575e-28,9.546465700735575e-28,9.546465700735572e-28,9.546465700629851e-28,9.546465700631835e-28,9.546465700472154e-28,9.546465700517087e-28,9.546465700628673e-28,9.546465701241474e-28,9.546465701241474e-28,9.546465701232395e-28,9.546465701232393e-28,9.546465701246403e-28,9.546465701218131e-28,9.546465701218133e-28,9.546465701228777e-28,9.546465701228777e-28,9.546465701228777e-28,9.546465701228778e-28,9.54646570122878e-28,9.546465701231128e-28,9.546465701231116e-28,9.546465701231175e-28,9.54646570120059e-28,9.54646570117549e-28,9.546465701675434e-28,9.546465701263156e-28,9.546465701251709e-28,9.546465701228237e-28,9.546465701228429e-28,9.546465701309908e-28,9.546465701294498e-28,9.546465701813378e-28,9.546465701819057e-28,9.546465701819064e-28,9.546465701819345e-28,9.546465701821374e-28,9.546465701821376e-28,9.546465701822918e-28,9.546465701763873e-28,9.546465702184605e-28,9.54646570218562e-28,9.546465703819659e-28,9.546465704730317e-28,9.5464657047301e-28,9.546465704730096e-28,9.546465704882064e-28,9.546465705033299e-28,9.546465705033299e-28,9.546465704897343e-28,9.546465704857787e-28,9.546465704850403e-28,9.546465704873163e-28,9.546465704886988e-28,9.546465704668118e-28,9.546465704503003e-28,9.546465704503006e-28,9.546465704607299e-28,9.546465704607297e-28,9.546465704607297e-28,9.546465704600422e-28,9.546465704630625e-28,9.54646570461804e-28,9.546465704642745e-28,9.546465704642752e-28,9.546465704643059e-28,9.546465706473947e-28,9.546465706457406e-28,9.54646570634138e-28,9.546465707479563e-28,9.546465707492291e-28,9.54646570753111e-28,9.546465707670093e-28,9.54646570825336e-28,9.546465708252172e-28,9.546465708252172e-28,9.546465708249633e-28,9.546465719438923e-28,9.546465719438922e-28,9.546465719438923e-28,9.546465719438724e-28,9.546465719438726e-28,9.546465719444407e-28,9.546465719212879e-28,9.546465719257959e-28,9.546465719256495e-28,9.54646571927855e-28,9.546465719723208e-28,9.546465719857776e-28,9.546465719860125e-28,9.546465719860125e-28,9.546465719783314e-28,9.546465719789717e-28,9.546465719695108e-28,9.546465719695114e-28,9.546465719689245e-28,9.546465719822647e-28,9.546465719816927e-28,9.546465719817239e-28,9.546465719781003e-28,9.546465719781e-28,9.546465719781e-28,9.546465719762965e-28,9.546465719762966e-28,9.546465719784609e-28,9.546465719783708e-28,9.546465719783703e-28,9.546465719794293e-28,9.5464657198153e-28,9.546465719858538e-28,9.546465719858536e-28,9.546465719843351e-28,9.546465719844424e-28,9.546465719844415e-28,9.546465719844447e-28,9.546465719844463e-28,9.546465719844465e-28,9.546465719844463e-28,9.546465719874265e-28,9.54646571996683e-28,9.546465720198586e-28,9.546465719623097e-28,9.546465719624221e-28,9.546465719569398e-28,9.54646571943626e-28,9.546465719237667e-28,9.54646571927513e-28,9.546465719275826e-28,9.546465719275826e-28,9.546465719270075e-28,9.546465719293576e-28,9.546465719249292e-28,9.546465719249294e-28,9.546463369164783e-28,9.546463369175297e-28,9.546463369173078e-28,9.546463369174456e-28,9.5464633691771e-28,9.546463369177051e-28,9.546463369175661e-28,9.546463369171699e-28,9.5464633691717e-28,9.54646336917139e-28,9.546463369171268e-28,9.54646336917124e-28,9.546463369172398e-28,9.5464633691706e-28,9.5464633691706e-28,9.546463369170655e-28,9.546463369095872e-28,9.54646336909587e-28,9.54646336909587e-28,9.546463368933637e-28,9.54646336893364e-28,9.546463368924313e-28,9.546463368936457e-28,9.546463368865343e-28,9.546463368865343e-28,9.546463368865343e-28,9.546463368870658e-28,9.546463368870663e-28,9.546463368868617e-28,9.546463368868486e-28,9.54646336886993e-28,9.546463368955559e-28,9.546463368940196e-28,9.546463368955645e-28,9.54646336895564e-28,9.546463368955638e-28,9.546463368955638e-28,9.54646336895564e-28,9.546463368954863e-28,9.546463368956902e-28,9.546463368959136e-28,9.546463368499465e-28,9.54646336848193e-28,9.546463368486818e-28,9.546463368486814e-28,9.546463368480918e-28,9.546463368480838e-28,9.546463368480838e-28,9.54646336847938e-28,9.546463368479873e-28,9.546463368320563e-28,9.546463368318922e-28,9.54646336831892e-28,9.5464633683184e-28,9.546463368318321e-28,9.54646336831394e-28,9.546463368313946e-28,9.546463368725057e-28,9.546463368725226e-28,9.546463368723237e-28,9.546463368699096e-28,9.546463368653628e-28,9.546463368624966e-28,9.546463368627613e-28,9.546463368609854e-28,9.546463368564754e-28,9.54646336856467e-28,9.546463368250297e-28,9.54646336825879e-28,9.54646336825879e-28,9.546463368243034e-28,9.546463368244535e-28,9.546463368213833e-28,9.546463368399667e-28,9.546463368399667e-28,9.546463368454017e-28,9.546463368455346e-28,9.546463377264246e-28,9.546463379783145e-28,9.546463379781805e-28,9.546463379526347e-28,9.54646337952087e-28,9.546463379491031e-28,9.546463379461952e-28,9.546463379466426e-28,9.5464633794668e-28,9.546463379466585e-28,9.546463379465082e-28,9.546463379464828e-28,9.546463379239359e-28,9.54646337265372e-28,9.546463372372944e-28,9.546463372359112e-28,9.546463372622256e-28,9.546463372408143e-28,9.54646337246257e-28,9.546463372436419e-28,9.546463372446965e-28,9.54646338826307e-28,9.546463387701876e-28,9.546463387097473e-28,9.546463386824465e-28,9.546463386823579e-28,9.546463386758103e-28,9.546463387067122e-28,9.54646338704715e-28,9.546463387136003e-28,9.546463387118382e-28,9.546463387491758e-28,9.54646338749175e-28,9.546463387503052e-28,9.546463387510831e-28,9.546463387481248e-28,9.546463387487901e-28,9.546463387485593e-28,9.546463387485591e-28,9.546463387527134e-28,9.546463387526336e-28,9.546463387526334e-28,9.546463387524974e-28,9.546463387514783e-28,9.546463387514785e-28,9.546463387514354e-28,9.546463387514354e-28,9.546463387514311e-28,9.546463387514313e-28,9.546463387514315e-28,9.546463387514846e-28,9.54646338752044e-28,9.546463387520478e-28,9.54646338752048e-28,9.546463387520322e-28,9.546463387517333e-28,9.546463387529304e-28,9.546463387529306e-28,9.546463387529302e-28,9.546463387528551e-28,9.546463387263833e-28,9.546463387263833e-28,9.546463387268576e-28,9.546463387264906e-28,9.546463387264906e-28,9.546463387264692e-28,9.54646338726468e-28,9.54646338726468e-28,9.54646338726468e-28,9.54646338727119e-28,9.546463387271187e-28,9.54646338727119e-28,9.54646338727124e-28,9.546463387271272e-28,9.546463387270339e-28,9.546463387272464e-28,9.546463387255455e-28,9.546463387255434e-28,9.546463387255437e-28,9.546463387244663e-28,9.546463387255843e-28,9.546463387255808e-28,9.546463387255814e-28,9.546463387255814e-28,9.546463387243276e-28,9.546463387243274e-28,9.546463387612677e-28,9.546463387629744e-28,9.546463387631478e-28,9.546463387631478e-28,9.546463387631606e-28,9.546463387634931e-28,9.546463387636289e-28,9.546463387636287e-28,9.546463387491706e-28,9.546463387491707e-28,9.546463387577096e-28,9.546463387512882e-28,9.546463387498868e-28,9.546463387518358e-28,9.546463387557517e-28,9.546463387519983e-28,9.546463387523627e-28,9.546463387520392e-28,9.546463387520393e-28,9.5464633874919e-28,9.546463387600432e-28,9.54646338762593e-28,9.546463387625929e-28,9.546463387622691e-28,9.54646338761092e-28,9.546463387610882e-28,9.546463387662184e-28,9.546463387667682e-28,9.546463387667676e-28,9.546463387742693e-28,9.546463387744307e-28,9.5464633877443e-28,9.546463387765194e-28,9.546463387765196e-28,9.546463387765201e-28,9.546463387971003e-28,9.546463387973953e-28,9.546463387840688e-28,9.546463387875569e-28,9.546463387906992e-28,9.546463387924986e-28,9.546463387454403e-28,9.546463387412842e-28,9.54646338438263e-28,9.546463383801493e-28,9.546463383786235e-28,9.546463383786237e-28,9.546463384243828e-28,9.546463384377951e-28,9.546463384377953e-28,9.546463384294707e-28,9.54646338431054e-28,9.546463384309641e-28,9.546463384309548e-28,9.546463384309548e-28,9.546463384324274e-28,9.546463384279816e-28,9.546463384279944e-28,9.54646338427994e-28,9.546463384279933e-28,9.54646338428011e-28,9.546463384286604e-28,9.546463384282502e-28,9.546463384282476e-28,9.546463384282475e-28,9.546463384282478e-28,9.546463384280543e-28,9.54646338429188e-28,9.54646338429188e-28,9.546463384291882e-28,9.546463384291884e-28,9.546463384331817e-28,9.546463384331817e-28,9.546463384558365e-28,9.54646338455836e-28,9.546463384566013e-28,9.54646338454927e-28,9.546463384563784e-28,9.546463384562847e-28,9.546463384536533e-28,9.546463384536533e-28,9.546463384520388e-28,9.546463384556727e-28,9.546463384556726e-28,9.546463384556726e-28,9.546463384552033e-28,9.546463384552033e-28,9.546463384560819e-28,9.546463384560934e-28,9.546463384498006e-28,9.546463384158968e-28,9.546463384245922e-28,9.546463384231938e-28,9.546463384174636e-28,9.546463384174643e-28,9.546463384505013e-28,9.546463384579014e-28,9.546463384584961e-28,9.546463384592735e-28,9.546463384592737e-28,9.546463384599008e-28,9.546463384598498e-28,9.546463384598496e-28,9.546463384529439e-28,9.546463384529509e-28,9.546463384529512e-28,9.546463384529505e-28,9.54646338454094e-28,9.546463384540315e-28,9.546463384540211e-28,9.546463384558618e-28,9.546463384558616e-28,9.546463384558618e-28,9.546463384573484e-28,9.54646338457348e-28,9.546463384560369e-28,9.54646338455952e-28,9.54646338456049e-28,9.546463384545592e-28,9.546463384525261e-28,9.546463384525261e-28,9.546463384531284e-28,9.546463384533772e-28,9.546463384538188e-28,9.546463384535512e-28,9.54646338453492e-28,9.546463384541951e-28,9.546463384543336e-28,9.546463384558953e-28,9.546463384561115e-28,9.546463384560695e-28,9.546463384560776e-28,9.546463384557732e-28,9.546463384507891e-28,9.546463384513583e-28,9.546463384529234e-28,9.546463384647148e-28,9.54646338465172e-28,9.546463384646208e-28,9.546463384646204e-28,9.546463384646028e-28,9.546463384645553e-28,9.546463384647096e-28,9.546463384647097e-28,9.546463384646857e-28,9.54646338491317e-28,9.546463384911123e-28,9.546463384911116e-28,9.54646338491188e-28,9.546463384911872e-28,9.5464633849093e-28,9.546463384930971e-28,9.54646338493096e-28,9.546463384930964e-28,9.546463384884107e-28,9.546463384884105e-28,9.546463384884107e-28,9.546463384884108e-28,9.546463384884616e-28,9.54646338490741e-28,9.546463384907408e-28,9.546463384899815e-28,9.546463384899792e-28,9.546463384899796e-28,9.546463384899622e-28,9.546463384893322e-28,9.54646338487992e-28,9.546463384879683e-28,9.546463384764304e-28,9.546463384773642e-28,9.546463384773651e-28,9.546463384687112e-28,9.546463384687112e-28,9.546463384655278e-28,9.546463384481847e-28,9.546463384481858e-28,9.546463384478743e-28,9.546463384478265e-28,9.546463384478482e-28,9.546463384485119e-28,9.54646338448512e-28,9.546463384485126e-28,9.546463384499214e-28,9.54646338451197e-28,9.546463384461653e-28,9.546463384461281e-28,9.546463384461278e-28,9.546463384461276e-28,9.546463384461697e-28,9.5464633844617e-28,9.546463384462271e-28,9.546463384457599e-28,9.546463384556858e-28,9.546463384556935e-28,9.54646338455177e-28,9.546463384551185e-28,9.546463384556001e-28,9.54646338481064e-28,9.546463384804362e-28,9.546463384804364e-28,9.546463384804353e-28,9.546463384806529e-28,9.546463384806525e-28,9.546463384806524e-28,9.546463384806224e-28,9.546463384818591e-28,9.546463384818588e-28,9.546463384819576e-28,9.546463384818572e-28,9.546463384818758e-28,9.546463384811883e-28,9.546463384811888e-28,9.546463384818062e-28,9.546463384818098e-28,9.546463384818102e-28,9.546463384818094e-28,9.546463384932654e-28,9.546463384933237e-28,9.546463384933213e-28,9.546463384933217e-28,9.546463384933219e-28,9.546463384932112e-28,9.546463384955293e-28,9.54646338394867e-28,9.546463383949132e-28,9.546463384227486e-28,9.546463384568408e-28,9.54646338456837e-28,9.546463384556363e-28,9.546463384546136e-28,9.546463384546136e-28,9.546463384563136e-28,9.546463384556401e-28,9.546463384544174e-28,9.546463384545983e-28,9.546463384462594e-28,9.546463384462702e-28,9.546463384465862e-28,9.546463384465862e-28,9.546463384465862e-28,9.546463384413421e-28,9.546463384413421e-28,9.546463384413426e-28,9.546463384413428e-28,9.546463384412808e-28,9.546463384416375e-28,9.546463384416375e-28,9.54646338442114e-28,9.54646338442114e-28,9.546463384421532e-28,9.54646338442153e-28,9.546463384439225e-28,9.546463384455253e-28,9.546463384455253e-28,9.546463384455253e-28,9.54646338445248e-28,9.546463384452478e-28,9.546463384493903e-28,9.546463384502645e-28,9.546463384502641e-28,9.54646338457262e-28,9.54646338457262e-28,9.546463384572691e-28,9.546463384580093e-28,9.54646338453711e-28,9.546463384537112e-28,9.546463384537114e-28,9.546463384537053e-28,9.546463384537074e-28,9.546463384540523e-28,9.546463384540523e-28,9.546463384540525e-28,9.546463384528588e-28,9.546463384528588e-28,9.546463384529005e-28,9.546463384529005e-28,9.54646338452901e-28,9.546463384528961e-28,9.546463384529055e-28,9.54646338452905e-28,9.546463384528518e-28,9.54646338452871e-28,9.5464633845286e-28,9.54646338451603e-28,9.546463384516033e-28,9.546463384516069e-28,9.546463384516069e-28,9.546463384556661e-28,9.546463384556657e-28,9.546463384556666e-28,9.546463383540399e-28,9.546464423966437e-28,9.54646442396873e-28,9.546464423968729e-28,9.54646442399586e-28,9.54646442399693e-28,9.546464423997677e-28,9.546464423997679e-28,9.546464423998376e-28,9.54646442399909e-28,9.546464423998798e-28,9.546464423994036e-28,9.546464423993695e-28,9.546464423993702e-28,9.546464423993698e-28,9.546464423993671e-28,9.546464423998895e-28,9.546464423997869e-28,9.546464423997811e-28,9.546464424006735e-28,9.546464424022011e-28,9.546464424000464e-28,9.546464423992552e-28,9.546464423950263e-28,9.546464423940821e-28,9.546464423946957e-28,9.54646442394696e-28,9.546464423955449e-28,9.5464644239554e-28,9.546464423963886e-28,9.546464424692367e-28,9.546464424692371e-28,9.546464424702324e-28,9.546464424780729e-28,9.54646442538665e-28,9.546464425378796e-28,9.5464644253788e-28,9.546464425378678e-28,9.546464425371191e-28,9.54646442536284e-28,9.54646442536284e-28,9.546464425489447e-28,9.54646442548954e-28,9.546464425513588e-28,9.546464425513597e-28,9.54646442551077e-28,9.546464425510763e-28,9.546464425510765e-28,9.54646442551077e-28,9.546464425510762e-28,9.54646442551077e-28,9.546464425510756e-28,9.546464425510762e-28,9.54646442553401e-28,9.546464425539308e-28,9.54646442553932e-28,9.546464425539322e-28,9.546464425539322e-28,9.546464425534099e-28,9.546464425534099e-28,9.5464644255341e-28,9.5464644255341e-28,9.546464425531518e-28,9.546464425531512e-28,9.546464425544603e-28,9.546464425545187e-28,9.546464425528031e-28,9.54646442552803e-28,9.546464425523445e-28,9.546464425517143e-28,9.546464425532372e-28,9.546464425524603e-28,9.546464425992394e-28,9.54646442591167e-28,9.54646442591289e-28,9.546464425912888e-28,9.546464425917674e-28,9.546464425901376e-28,9.546464425884527e-28,9.546464425884527e-28,9.546464426429965e-28,9.546464426383001e-28,9.546464426383215e-28,9.546464426383328e-28,9.546464426383326e-28,9.546464426313693e-28,9.546464426498664e-28,9.546464426498662e-28,9.546464426498659e-28,9.546464426453135e-28,9.546464426436865e-28,9.546464426436867e-28,9.54646442642177e-28,9.54646442659694e-28,9.546464426597005e-28,9.546464426587536e-28,9.546464426422125e-28,9.546464426401492e-28,9.546464426416577e-28,9.546464426416003e-28,9.546464426415998e-28,9.546464426414774e-28,9.546464426414756e-28,9.546464426333328e-28,9.54646442633333e-28,9.54646442633333e-28,9.546464425772634e-28,9.546464425766608e-28,9.546464425766608e-28,9.546464425765716e-28,9.546464425765648e-28,9.546464425764877e-28,9.546464425765307e-28,9.54646442576448e-28,9.546464425765062e-28,9.546462023392569e-28,9.546462023194984e-28,9.546462023194986e-28,9.54646202320054e-28,9.54646202320052e-28,9.546462023202824e-28,9.546462023202747e-28,9.546462023200874e-28,9.54646202320088e-28,9.546462023200874e-28,9.546462023200876e-28,9.546462023196471e-28,9.546462023198442e-28,9.546462023198444e-28,9.546462023204295e-28,9.546462023203834e-28,9.546462023203836e-28,9.546462023202453e-28,9.546462023202736e-28,9.54646202320274e-28,9.546462023202738e-28,9.546462023202735e-28,9.54646202320264e-28,9.546462023202638e-28,9.54646202320396e-28,9.546462023203958e-28,9.546462023203813e-28,9.546462023209527e-28,9.546462023209527e-28,9.54646202321839e-28,9.546462023221464e-28,9.546462023221464e-28,9.546462023221462e-28,9.546462023256641e-28,9.546462023256973e-28,9.546462023256973e-28,9.546462023256973e-28,9.546462023257592e-28,9.546462023257595e-28,9.546462022881378e-28,9.546462022882722e-28,9.546462022881915e-28,9.546462022881913e-28,9.546462022881915e-28,9.546462022881917e-28,9.54646202288213e-28,9.54646202323407e-28,9.546462023232258e-28,9.546462023232258e-28,9.546462023232016e-28,9.546462023231534e-28,9.546462023229564e-28,9.546462023229562e-28,9.546462023229568e-28,9.546462023235132e-28,9.546462023235148e-28,9.546462023224949e-28,9.546462023224766e-28,9.546462023226883e-28,9.546462023226429e-28,9.546462023227796e-28,9.546462023716689e-28,9.546462023720798e-28,9.546462023867966e-28,9.546462023848318e-28,9.546462023848458e-28,9.546462023849479e-28,9.546462023849473e-28,9.546462023851389e-28,9.546462023851394e-28,9.546462023851586e-28,9.546462023851585e-28,9.54646202385157e-28,9.546462023846609e-28,9.546462023846602e-28,9.546462023847353e-28,9.546462023847353e-28,9.54646202384735e-28,9.546462023846939e-28,9.54646202382812e-28,9.546462023827967e-28,9.546462023822845e-28,9.54646202382368e-28,9.54646202382368e-28,9.54646202382368e-28,9.546462023840148e-28,9.546462023840148e-28,9.546462023546327e-28,9.546462023546325e-28,9.546462023595358e-28,9.546462023592648e-28,9.546462023590296e-28,9.546462023599902e-28,9.546462023590643e-28,9.54646202340636e-28,9.546462023438411e-28,9.546462023462168e-28,9.54646202348021e-28,9.546462023544207e-28,9.546462023544207e-28,9.54646202354421e-28,9.54646202354436e-28,9.546462023534424e-28,9.546462023467746e-28,9.546462023467746e-28,9.546462023467746e-28,9.546462023670005e-28,9.546462021971199e-28,9.546462021971108e-28,9.54646202196988e-28,9.546462021969856e-28,9.54646202196911e-28,9.54646202196518e-28,9.54646202218068e-28,9.546462022208192e-28,9.546462022208187e-28,9.546462022211815e-28,9.546462022211819e-28,9.546462021994404e-28,9.546462021997422e-28,9.546462021997422e-28,9.546462021997417e-28,9.546462021918316e-28,9.546462021916103e-28,9.546462021907931e-28,9.546462021907931e-28,9.546462021887846e-28,9.546462021887699e-28,9.546462021887704e-28,9.546462021887704e-28,9.54646202188776e-28,9.546462021885044e-28,9.546462021885046e-28,9.546462021877525e-28,9.546462021878944e-28,9.546462021878947e-28,9.546462022061096e-28,9.546462022063474e-28,9.546462022051553e-28,9.54646202205087e-28,9.546462022049126e-28,9.546462022049126e-28,9.546462022048933e-28,9.546462022048933e-28,9.546462022048364e-28,9.546462022048364e-28,9.546462022048362e-28,9.54646202204774e-28,9.546462022085837e-28,9.546462022085837e-28,9.546462022085852e-28,9.54646202208585e-28,9.546462021715179e-28,9.546462021715195e-28,9.546462021715195e-28,9.54646202172147e-28,9.546462021748032e-28,9.54646202174803e-28,9.546462021746353e-28,9.546462021746347e-28,9.54646202175145e-28,9.546462021740521e-28,9.546462021740613e-28,9.546462021751205e-28,9.54646202175162e-28,9.546462021751617e-28,9.546462021751477e-28,9.546462021751477e-28,9.54646202175148e-28,9.546462021748823e-28,9.546462021749289e-28,9.546462021749232e-28,9.546462021748629e-28,9.546462021748622e-28,9.54646202174862e-28,9.546462021557276e-28,9.546462021557276e-28,9.546462022092393e-28,9.546462022092395e-28,9.546462022092393e-28,9.546462022092388e-28,9.546462022094002e-28,9.546462022094002e-28,9.546462022094142e-28,9.546462022094519e-28,9.546462022107924e-28,9.546462022108037e-28,9.546462022108254e-28,9.54646202210795e-28,9.546462022108714e-28,9.546462022108714e-28,9.5464620220951e-28,9.546462022095105e-28,9.546462022095107e-28,9.546462022095493e-28,9.546462022095527e-28,9.546462022095527e-28,9.546462022095527e-28,9.546462022095523e-28,9.546462022062947e-28,9.546462022131949e-28,9.54646202213195e-28,9.546462022141884e-28,9.546462022140792e-28,9.546462022140792e-28,9.546462022140792e-28,9.546462022140793e-28,9.546462022140788e-28,9.546462022140792e-28,9.54646202214115e-28,9.546462022143276e-28,9.546462022128815e-28,9.546462022127963e-28,9.546462022131075e-28,9.546462661634e-28,9.546462661633997e-28,9.546462661634365e-28,9.54646266163324e-28,9.546462661633393e-28,9.546462661592874e-28,9.54646266159289e-28,9.54646266159288e-28,9.5464626615953e-28,9.546462661595301e-28,9.546462661595678e-28,9.546462661602097e-28,9.546462661601876e-28,9.546462661602217e-28,9.546462661602092e-28,9.546462661602131e-28,9.546462661610995e-28,9.546462661610757e-28,9.546462661610755e-28,9.546462661610949e-28,9.546462661610368e-28,9.54646266161037e-28,9.546462661610371e-28,9.54646266161037e-28,9.54646266161037e-28,9.546462661610396e-28,9.546462661614656e-28,9.546462661613654e-28,9.54646266161365e-28,9.546462661613648e-28,9.54646266161308e-28,9.546462661613081e-28,9.546462661626844e-28,9.546462661623883e-28,9.546462661645764e-28,9.546462661645764e-28,9.546462661646114e-28,9.546462662614718e-28,9.546462662614716e-28,9.546462662616788e-28,9.546462662599703e-28,9.546462662599949e-28,9.546462662588324e-28,9.546462662593086e-28,9.54646266259422e-28,9.546462662594224e-28,9.546462662594224e-28,9.546462662594227e-28,9.546462662594647e-28,9.546462662594647e-28,9.546462662594645e-28,9.546462662595596e-28,9.546462662596681e-28,9.546462662597366e-28,9.546462662598157e-28,9.546462662598164e-28,9.546462662598157e-28,9.546462662599095e-28,9.546462662599585e-28,9.546462662599588e-28,9.546462662599562e-28,9.546462662599556e-28,9.546462662599562e-28,9.546462662600223e-28,9.546462662601429e-28,9.546462662603048e-28,9.546462662598955e-28,9.546462662598953e-28,9.546462662598953e-28,9.546462662600855e-28,9.546462662600437e-28,9.546462662600435e-28,9.546462662604184e-28,9.546462662604184e-28,9.546462662608004e-28,9.54646266259831e-28,9.546462662662853e-28,9.546462662662856e-28,9.546462662662853e-28,9.546462662664537e-28,9.546462662664537e-28,9.546462662664533e-28,9.546462662667166e-28,9.546462662667165e-28,9.546462662667166e-28,9.546462662668004e-28,9.54646266266758e-28,9.54646266266103e-28,9.54646266266103e-28,9.546462662660948e-28,9.546462662661353e-28,9.546462662661384e-28,9.546462662661385e-28,9.546462662661382e-28,9.546462662661385e-28,9.546462662661384e-28,9.546462662661385e-28,9.546462662654327e-28,9.54646266265493e-28,9.546462662654926e-28,9.546462662653849e-28,9.546462662653847e-28,9.546462662654935e-28,9.546462662654934e-28,9.54646266265494e-28,9.546462662652153e-28,9.54646266265199e-28,9.54646266265153e-28,9.546462662650711e-28,9.54646266265882e-28,9.54646266265882e-28,9.546462662659014e-28,9.546462662658882e-28,9.546462662658885e-28,9.54646266273279e-28,9.546462662712469e-28,9.546462662712467e-28,9.546462662712464e-28,9.546462662712478e-28,9.546462662712889e-28,9.54646266271289e-28,9.546462662712889e-28,9.546462662712885e-28,9.54646266271235e-28,9.546462662676574e-28,9.546462662676574e-28,9.54646266267657e-28,9.546432423116463e-28,9.546432423117478e-28,9.546432423117478e-28,9.546432423120567e-28,9.546432423120561e-28,9.546432423123863e-28,9.546432423123842e-28,9.546432423123747e-28,9.546432423118359e-28,9.546432423118359e-28,9.546432423117126e-28,9.546432423117125e-28,9.546432423117135e-28,9.546432423116712e-28,9.54643242311672e-28,9.546432423116723e-28,9.546432423116856e-28,9.546432423107828e-28,9.546432423107286e-28,9.54643242310733e-28,9.546432423107785e-28,9.546432423108449e-28,9.546432423108404e-28,9.546432423108404e-28,9.546432423107378e-28,9.546432423107132e-28,9.546432423107134e-28,9.54643242310722e-28,9.546432423107222e-28,9.546432423107521e-28,9.546432423387406e-28,9.546432423389557e-28,9.54643242337297e-28,9.546432423378689e-28,9.546432423378693e-28,9.546432423378138e-28,9.546432423378142e-28,9.546432423376659e-28,9.54643242337666e-28,9.546432423373796e-28,9.546432423370347e-28,9.546432423392235e-28,9.546432423392237e-28,9.546432423234075e-28,9.546432423265055e-28,9.546432423265009e-28,9.546432422579781e-28,9.546432422575772e-28,9.546432422575747e-28,9.54643242257574e-28,9.54643242257306e-28,9.546432422573062e-28,9.546432422584992e-28,9.546432422584994e-28,9.546432422584986e-28,9.546432422584992e-28,9.546432422580712e-28,9.546432422579037e-28,9.546432422579033e-28,9.546432422579037e-28,9.546432422120647e-28,9.546432422052821e-28,9.546432422052823e-28,9.546432422052784e-28,9.546432422052782e-28,9.546432422088899e-28,9.546432422088897e-28,9.546432422111623e-28,9.546432422111677e-28,9.546432422111678e-28,9.546432422111709e-28,9.546432422092662e-28,9.546432422092664e-28,9.546432422092664e-28,9.546432422092298e-28,9.546432422076851e-28,9.546432422076851e-28,9.546432948568143e-28,9.546432948568186e-28,9.54643294856819e-28,9.546432948563451e-28,9.546432948559546e-28,9.546432948559543e-28,9.546432948567074e-28,9.546432948608153e-28,9.54643294860815e-28,9.54643294860815e-28,9.546432948548601e-28,9.546432948548601e-28,9.546432948535856e-28,9.546432948539538e-28,9.54643294853683e-28,9.54643294853718e-28,9.546432948537174e-28,9.54643294853461e-28,9.54643294853461e-28,9.546432948534616e-28,9.54643294857833e-28,9.546432948578328e-28,9.54643294857809e-28,9.546432948579499e-28,9.546432948575913e-28,9.546432948574785e-28,9.546432948574794e-28,9.546432948580114e-28,9.546432948580123e-28,9.546432948571449e-28,9.546432948570866e-28,9.546432949380202e-28,9.54643294938064e-28,9.5464329493717e-28,9.546432949371707e-28,9.546432949371953e-28,9.546432949371955e-28,9.546432949369654e-28,9.546432949369654e-28,9.546432949369655e-28,9.546432949369654e-28,9.546432949370986e-28,9.54643294937099e-28,9.54643294937099e-28,9.546432949370992e-28,9.546432949393597e-28,9.546432949390883e-28,9.546432949432479e-28,9.546432949432477e-28,9.54643294943246e-28,9.546432949436624e-28,9.546432949435099e-28,9.546432949439795e-28,9.546432949439793e-28,9.546432949442143e-28,9.546432949442087e-28,9.546432949442089e-28,9.546432949441614e-28,9.546432949430233e-28,9.54643294943023e-28,9.546432949417663e-28,9.546432949415179e-28,9.546432949415182e-28,9.546432949404686e-28,9.546432949404679e-28,9.546432949405242e-28,9.546432949405242e-28,9.546432949404494e-28,9.546432949400035e-28,9.546432949400069e-28,9.546432949423408e-28,9.54643290840565e-28,9.546432908712951e-28,9.546432908707452e-28,9.546432908707805e-28,9.546432908752055e-28,9.54643290875205e-28,9.546432908764327e-28,9.546432908490266e-28,9.546432908473978e-28,9.546432908473976e-28,9.546432908455466e-28,9.546432908455464e-28,9.546432908633976e-28,9.546432908633976e-28,9.546432908633659e-28,9.546432908633659e-28,9.54643290863366e-28,9.546432908642846e-28,9.546432908643786e-28,9.546432908643786e-28,9.54643290864349e-28,9.546432908643045e-28,9.546477343436411e-28,9.546477342966346e-28,9.546477343015117e-28,9.546477343015116e-28,9.546477343238638e-28,9.546477343238794e-28,9.546477343238796e-28,9.546477343241698e-28,9.546477343192993e-28,9.546477343147404e-28,9.546477343152621e-28,9.54647734315262e-28,9.546477343151771e-28,9.546477343151775e-28,9.546477343151775e-28,9.546477343150419e-28,9.546477343296405e-28,9.546477343296403e-28,9.54647734329945e-28,9.546477343201454e-28,9.546477343201786e-28,9.546477320502819e-28,9.546477320514104e-28,9.54647732070088e-28,9.546477320701e-28,9.546477320725523e-28,9.546477320725525e-28,9.546477320725527e-28,9.546477321042031e-28,9.546477311487168e-28,9.546477311471255e-28,9.546477311471253e-28,9.546477311470476e-28,9.546477311470475e-28,9.546477311774655e-28,9.54647731255218e-28,9.546477312556031e-28,9.546477312543772e-28,9.546477312543773e-28,9.546477312554881e-28,9.546477312549829e-28,9.546477312564124e-28,9.546477312564131e-28,9.546477312563868e-28,9.546477312564976e-28,9.54647731288163e-28,9.546477312926819e-28,9.54647731292699e-28,9.546477312935828e-28,9.546477313095766e-28,9.546477313100695e-28,9.546477313099105e-28,9.546477313136564e-28,9.546477313136564e-28,9.546477313134191e-28,9.546477313134193e-28,9.546477313130374e-28,9.546477313132893e-28,9.546477313132862e-28,9.546477313146415e-28,9.546477313150488e-28,9.54647731315027e-28,9.546477313150316e-28,9.546477313150436e-28,9.54647730958238e-28,9.546477309582376e-28,9.546477309582385e-28,9.546477309582382e-28,9.546477311911653e-28,9.54647730965917e-28,9.546477312858541e-28,9.546477312858405e-28,9.546477313085945e-28,9.54647731308595e-28,9.546477313085942e-28,9.546477313079054e-28,9.546477313078995e-28,9.546477313090577e-28,9.546477313090578e-28,9.546477313010599e-28,9.546477313010597e-28,9.546477313010597e-28,9.546477313008807e-28,9.546477313014445e-28,9.546477313014448e-28,9.546477313014445e-28,9.54647731301445e-28,9.546477313014455e-28,9.546477313014272e-28,9.546477313014269e-28,9.546477313010651e-28,9.546477313012604e-28,9.54647731301705e-28,9.54647731298217e-28,9.54647731298219e-28,9.546477313000366e-28,9.546477313000364e-28,9.546477313000363e-28,9.546477313000433e-28,9.546477313000429e-28,9.54647731300043e-28,9.546477313000427e-28,9.546477313000433e-28,9.546477313000433e-28,9.546477312964568e-28,9.546477312983403e-28,9.54647731298341e-28,9.546477312985477e-28,9.546477312996635e-28,9.546477312988209e-28,9.54647731298793e-28,9.546477312987378e-28,9.54647731298738e-28,9.546477312987355e-28,9.546477313045145e-28,9.546477313148937e-28,9.546477313148933e-28,9.546477313151812e-28,9.546477322526028e-28,9.546477322538833e-28,9.546477322303415e-28,9.54647732230342e-28,9.546477322301779e-28,9.546477322286813e-28,9.546477322286983e-28,9.546477322286987e-28,9.546477322285333e-28,9.546477322285335e-28,9.546477322285337e-28,9.546477322285376e-28,9.546477322285372e-28,9.546477322285372e-28,9.546477322285957e-28,9.546477322316428e-28,9.546477322318171e-28,9.546477322318171e-28,9.546477322317192e-28,9.546477322317187e-28,9.546477321884143e-28,9.546477321884094e-28,9.546477321871318e-28,9.546477321871318e-28,9.546477322472816e-28,9.54647732247281e-28,9.546477322472751e-28,9.546477322630991e-28,9.546477322566748e-28,9.546477322602989e-28,9.546477322582835e-28,9.546477322585447e-28,9.546477322586819e-28,9.546477322586812e-28,9.546477322586814e-28,9.546477322587648e-28,9.546477322597045e-28,9.546477322598454e-28,9.546477327926379e-28,9.546477327891178e-28,9.546477327889447e-28,9.546477327889513e-28,9.54647732785819e-28,9.546477327859165e-28,9.546477327859125e-28,9.546477327907418e-28,9.546477327917028e-28,9.546477327886315e-28,9.546477327886315e-28,9.546477327886315e-28,9.546477327886314e-28,9.54647732788631e-28,9.546477327886315e-28,9.546477327886314e-28,9.546477328013902e-28,9.546477314388635e-28,9.546477314388634e-28,9.54647731438732e-28,9.546477314190873e-28,9.54647731413716e-28,9.546477314137159e-28,9.5464773141308e-28,9.546477314134009e-28,9.546477314197695e-28,9.546477179664696e-28,9.546477179664694e-28,9.546477179664694e-28,9.54647717961117e-28,9.54647717960979e-28,9.546477179455866e-28,9.546477179457482e-28,9.546477179435199e-28,9.546477179435197e-28,9.546477179435197e-28,9.546477179441613e-28,9.546477179441611e-28,9.546477179441622e-28,9.546477179441619e-28,9.546477179441333e-28,9.54647717944148e-28,9.54647717944148e-28,9.546477179418877e-28,9.546477179362502e-28,9.546477179363673e-28,9.546477179368871e-28,9.546477179368871e-28,9.54647717938682e-28,9.546477179386822e-28,9.546477179411108e-28,9.546477179395764e-28,9.546477179604745e-28,9.54647717960475e-28,9.546477179435455e-28,9.546477179435455e-28,9.546477178881282e-28,9.546477180626237e-28,9.546477180625957e-28,9.54647718062735e-28,9.546477180626714e-28,9.54647718062672e-28,9.546477180626558e-28,9.546477180626305e-28,9.546477180626309e-28,9.546477180648036e-28,9.546477180648036e-28,9.54647718065141e-28,9.546477180690922e-28,9.546477180607556e-28,9.54647718058846e-28,9.546477180587627e-28,9.54647718058268e-28,9.546477180602028e-28,9.546477180570273e-28,9.54647718065567e-28,9.546477177711416e-28,9.546477177711414e-28,9.546477177711422e-28,9.546477177711423e-28,9.546477177711432e-28,9.546477177679715e-28,9.546477177679715e-28,9.546477177618587e-28,9.546477177617949e-28,9.54647717757861e-28,9.546477175466912e-28,9.546477175466912e-28,9.546477174363474e-28,9.54647717431744e-28,9.546477174302407e-28,9.546477174303118e-28,9.546477174328591e-28,9.546477174290919e-28,9.546477174290926e-28,9.5464771742233e-28,9.546477175626557e-28,9.546477175627093e-28,9.54647717556886e-28,9.546477175584013e-28,9.546477175567169e-28,9.546477175661067e-28,9.54647717566107e-28,9.546477175705284e-28,9.54647717570539e-28,9.546477175705394e-28,9.546477175681133e-28,9.546477175710678e-28,9.546477175710678e-28,9.546477173855007e-28,9.546477174085293e-28,9.546477174085193e-28,9.546477174085193e-28,9.546477178213756e-28,9.54647717821375e-28,9.546477178213753e-28,9.546477178203818e-28,9.546477178213315e-28,9.546477178219475e-28,9.546477178219482e-28,9.54647717821674e-28,9.546477178216737e-28,9.546477178216535e-28,9.546477178151036e-28,9.5464771781515e-28,9.546477178151511e-28,9.546477178259906e-28,9.546477178265862e-28,9.546477178257491e-28,9.546477178257491e-28,9.546477178286775e-28,9.546477178316557e-28,9.54647717832093e-28,9.54647717832417e-28,9.54647717833168e-28,9.546477178331679e-28,9.546477178331677e-28,9.546477178328675e-28,9.546477178329112e-28,9.546477180075773e-28,9.546477180079228e-28,9.546477180098352e-28,9.546477180098423e-28,9.546477180098416e-28,9.546477180097017e-28,9.546477180097014e-28,9.546477180097017e-28,9.546477180288665e-28,9.546477180276803e-28,9.546477180276803e-28,9.546477180278871e-28,9.546477180278373e-28,9.54647718027837e-28,9.546477180278369e-28,9.546477180255914e-28,9.54647718025411e-28,9.546477180254214e-28,9.546477180326514e-28,9.54647718032594e-28,9.546477180325951e-28,9.546477180346257e-28,9.546477180318057e-28,9.5464771803107e-28,9.546477180309405e-28,9.54647718030884e-28,9.546477180303726e-28,9.546477180302531e-28,9.546477180301044e-28,9.546477180300734e-28,9.546477180301183e-28,9.546477180301208e-28,9.546477180301436e-28,9.546477180298715e-28,9.546477180298707e-28,9.546477180309e-28,9.546477180310472e-28,9.54647718029818e-28,9.546477180298501e-28,9.546477180298496e-28,9.546477180298022e-28,9.546477180298024e-28,9.546477180337452e-28,9.546477180337454e-28,9.54647718033641e-28,9.546477180336414e-28,9.546477180336695e-28,9.546477180336694e-28,9.546477180336132e-28,9.54647718033642e-28,9.54647718033642e-28,9.546477180336297e-28,9.546477180336295e-28,9.546477180336229e-28,9.546477180329966e-28,9.546477180332297e-28,9.546477180281556e-28,9.546477180281651e-28,9.546477180281651e-28,9.546477180282781e-28,9.546477180280803e-28,9.54647718015915e-28,9.54647718015915e-28,9.546477180159512e-28,9.546477180162915e-28,9.54647718016366e-28,9.546477180163663e-28,9.546477180163666e-28,9.546477180163666e-28,9.54647718016528e-28,9.54647718018064e-28,9.546477180182268e-28,9.546477180163793e-28,9.546477180183639e-28,9.546477180183653e-28,9.546477180183653e-28,9.546477180183335e-28,9.546477180197913e-28,9.546477180198537e-28,9.546477180198537e-28,9.546477180209492e-28,9.54647717821073e-28,9.546477178208628e-28,9.546477178364715e-28,9.546477178359978e-28,9.546477178359958e-28,9.546477178603799e-28,9.546477178605481e-28,9.546477178605483e-28,9.546477178605483e-28,9.546477178518498e-28,9.546477178411158e-28,9.546477178409805e-28,9.54647717840598e-28,9.546477175803688e-28,9.546477175803684e-28,9.546477176095535e-28,9.546477176095533e-28,9.546477176096419e-28,9.546477176095522e-28,9.546477176095513e-28,9.546477176095511e-28,9.54647717609522e-28,9.546477176090373e-28,9.546477176084696e-28,9.546477176548573e-28,9.54647717653649e-28,9.546477176566464e-28,9.54647717656687e-28,9.546477176401184e-28,9.546477176349498e-28,9.546477176351408e-28,9.546477176351397e-28,9.5464771763514e-28,9.546477176351411e-28,9.5464771763539e-28,9.546477176353985e-28,9.546477176364268e-28,9.546477176364267e-28,9.54647717636428e-28,9.546477176364267e-28,9.546477176366681e-28,9.54647717636664e-28,9.546477176366636e-28,9.546477178160775e-28,9.546477178160773e-28,9.546477178160779e-28,9.546477178160784e-28,9.546477178094212e-28,9.546477178094209e-28,9.546477178094209e-28,9.5464771775869e-28,9.54647717759076e-28,9.546477177582976e-28,9.546477177592557e-28,9.546477177559997e-28,9.546477177576628e-28,9.546477177576623e-28,9.54647717751571e-28,9.546477177597277e-28,9.546477177597282e-28,9.5464771775973e-28,9.546477177597302e-28,9.546477177597294e-28,9.54647717764286e-28,9.546477177900935e-28,9.546477177900933e-28,9.546477177900927e-28,9.546477177923167e-28,9.546477177923169e-28,9.54647717792202e-28,9.546477177922017e-28,9.546477177922019e-28,9.54647717804493e-28,9.546477178044732e-28,9.546477178003385e-28,9.546477178003401e-28,9.5464771780034e-28,9.546477178017982e-28,9.546477178009238e-28,9.54647717800924e-28,9.546477178011535e-28,9.546477178011534e-28,9.546477177305173e-28,9.546477177140558e-28,9.54647717715436e-28,9.546477177195615e-28,9.546477177195613e-28,9.54647717717637e-28,9.546477177197225e-28,9.546477177197134e-28,9.546477177197141e-28,9.546477177197143e-28,9.5464771486334e-28,9.546477148633401e-28,9.546477148633396e-28,9.546477148619386e-28,9.546477148619386e-28,9.546477148520677e-28,9.546477148485595e-28,9.546477148485596e-28,9.546477148510629e-28,9.54647714847021e-28,9.546477148545089e-28,9.546477150556962e-28,9.546477150572524e-28,9.546477150520773e-28,9.546477150520777e-28,9.546477150450539e-28,9.546477150411708e-28,9.546477150432084e-28,9.546477150432087e-28,9.546477150432113e-28,9.54647715043211e-28,9.54647715042593e-28,9.5464771503989e-28,9.546477150398896e-28,9.546477150459507e-28,9.546477150471896e-28,9.546477150616722e-28,9.546477150616723e-28,9.546477150810834e-28,9.54647715076942e-28,9.546477150785197e-28,9.546477150785202e-28,9.546477150746368e-28,9.546477150746479e-28,9.546477150746488e-28,9.546477150750568e-28,9.546477150750549e-28,9.546477150872699e-28,9.546477150872699e-28,9.54647715087269e-28,9.54647715086972e-28,9.546477150839356e-28,9.546477150856351e-28,9.546477150856287e-28,9.546477150856129e-28,9.546477150884365e-28,9.546477150888872e-28,9.54647715088887e-28,9.54647715088957e-28,9.546477150894251e-28,9.546477150894244e-28,9.54647715088772e-28,9.546477150963151e-28,9.546477151761266e-28,9.546477151761263e-28,9.546477151761283e-28,9.546477151761277e-28,9.546477151761279e-28,9.546477151763752e-28,9.546477151781422e-28,9.546477151779524e-28,9.546477151779524e-28,9.546477151779526e-28,9.546477151779524e-28,9.546477151770165e-28,9.546477151770172e-28,9.546477151840193e-28,9.546477151792776e-28,9.546477151795789e-28,9.546477151795794e-28,9.546477151692966e-28,9.546477151692957e-28,9.546477151692957e-28,9.546477151714705e-28,9.546477151714708e-28,9.546477151551985e-28,9.54647714752802e-28,9.54647714752802e-28,9.546477147518395e-28,9.546477147510799e-28,9.546477147510296e-28,9.546477147472091e-28,9.546477147472095e-28,9.546477147472097e-28,9.546477147472098e-28,9.546477147477752e-28,9.546477147520802e-28,9.546477147421989e-28,9.546477147537657e-28,9.546477147539425e-28,9.546477147536337e-28,9.546477147648979e-28,9.546477147644945e-28,9.546477147646261e-28,9.546477147646265e-28,9.546477147698378e-28,9.546477154111584e-28,9.546477159895775e-28,9.546477163460136e-28,9.546477163460136e-28,9.546477163460135e-28,9.546477163459152e-28,9.546477163459153e-28,9.546477163445683e-28,9.54647716341093e-28,9.546477163410933e-28,9.546477163400569e-28,9.546477163378455e-28,9.54647716356981e-28,9.546477164060298e-28,9.546477164060289e-28,9.546477164020959e-28,9.546477164020964e-28,9.546477164020932e-28,9.546477164020934e-28,9.546477164020769e-28,9.546477164020767e-28,9.546477164024996e-28,9.546477168489468e-28,9.546477168518473e-28,9.546477168519325e-28,9.546477168519323e-28,9.54647716854287e-28,9.546477169005033e-28,9.546477169005011e-28,9.546477169004265e-28,9.546477169004265e-28,9.546477159123754e-28,9.546477159123754e-28,9.546477159128884e-28,9.546477159128884e-28,9.546477159128884e-28,9.546477159126714e-28,9.546477159098795e-28,9.54647715909879e-28,9.5464771592e-28,9.546477159049484e-28,9.546477159035097e-28,9.546477159035097e-28,9.546477159035097e-28,9.546477159025537e-28,9.546477159025524e-28,9.546477159025519e-28,9.546477159025524e-28,9.546477159025526e-28,9.54647715903337e-28,9.546477159033371e-28,9.546477158964208e-28,9.546477158964242e-28,9.546477158964242e-28,9.546477158964242e-28,9.546477158964288e-28,9.546477158993954e-28,9.546477159000253e-28,9.546477159000253e-28,9.54647715900025e-28,9.546477159039685e-28,9.54647715914916e-28,9.546477159135398e-28,9.546477159313339e-28,9.54647715805105e-28,9.54647715805105e-28,9.546477158051049e-28,9.546477158051035e-28,9.546477158051042e-28,9.5464771581024e-28,9.546477158102396e-28,9.546477158099966e-28,9.546477158044068e-28,9.546477158147058e-28,9.546477156265808e-28,9.54647715626581e-28,9.54647715629499e-28,9.546477156305409e-28,9.546477156305409e-28,9.546477156292272e-28,9.546477156292267e-28,9.546477156292263e-28,9.54647715629388e-28,9.546477156293879e-28,9.546477156293877e-28,9.546477156318931e-28,9.546477156316824e-28,9.546477159094571e-28,9.546477159092324e-28,9.546477159092322e-28,9.546477159092324e-28,9.546477159104538e-28,9.54647715910454e-28,9.546477159101132e-28,9.54647715910114e-28,9.546477159102318e-28,9.546477159155887e-28,9.546477159155887e-28,9.546477159190494e-28,9.546477159195265e-28,9.54647715919514e-28,9.54647715917657e-28,9.546477159190692e-28,9.546477159211742e-28,9.546477157763383e-28,9.54647715775343e-28,9.546477157753012e-28,9.546477157753007e-28,9.546477157753063e-28,9.54647715775306e-28,9.546477157753106e-28,9.546477157753107e-28,9.546477157753125e-28,9.546477157750837e-28,9.546477157749773e-28,9.546477157749777e-28,9.546477157749773e-28,9.546477157812587e-28,9.546477157812562e-28,9.54647715782209e-28,9.546477157814316e-28,9.54647715783476e-28,9.54647715783476e-28,9.546477157834733e-28,9.54647715801511e-28,9.546477157806645e-28,9.546477157732776e-28,9.546477157732776e-28,9.546477157732778e-28,9.546477157768558e-28,9.546477157768556e-28,9.546477157768553e-28,9.546477157768545e-28,9.5464771578094e-28,9.54647715781194e-28,9.546477157811927e-28,9.546477157811925e-28,9.546477157795407e-28,9.546477157804926e-28,9.546477157887223e-28,9.546477157887223e-28,9.546477157887221e-28,9.546477158165738e-28,9.54647715811089e-28,9.54647715811219e-28,9.546477158112236e-28,9.546477158112227e-28,9.546477158112613e-28,9.546477158112773e-28,9.546477158112769e-28,9.546477158112778e-28,9.546477158112778e-28,9.546477158112785e-28,9.54647715811277e-28,9.546477158394015e-28,9.546477158393947e-28,9.546477158398555e-28,9.546477158398555e-28,9.546477158206626e-28,9.546477158166016e-28,9.546477158166016e-28,9.546477158181588e-28,9.546477158181588e-28,9.546477158217284e-28,9.546477158217282e-28,9.546477158178765e-28,9.546477158178916e-28,9.54647715813962e-28,9.546477158139642e-28,9.546477158141964e-28,9.546477158285167e-28,9.54647715828696e-28,9.546477158212622e-28,9.546477158212737e-28,9.546477158215384e-28,9.546477158215388e-28,9.54647715844324e-28,9.5464771584342e-28,9.546477158267766e-28,9.54647715826901e-28,9.546477158269011e-28,9.546477158256456e-28,9.546477158256454e-28,9.546477158256457e-28,9.546477158256448e-28,9.54647715825645e-28,9.546477158256111e-28,9.546477158256113e-28,9.546477158275519e-28,9.546477158275714e-28,9.546477158281343e-28,9.54647715828171e-28,9.546477158094807e-28,9.546477158094796e-28,9.546477158094805e-28,9.546477158098165e-28,9.546477158177382e-28,9.546477158177382e-28,9.546477158205634e-28,9.546477158209035e-28,9.546477158209035e-28,9.546477158038892e-28,9.546477157898059e-28,9.546477157877358e-28,9.546477157870447e-28,9.546477157870808e-28,9.54647715786044e-28,9.546477157851287e-28,9.546477157848516e-28,9.546477157837795e-28,9.546477157837799e-28,9.546477157836082e-28,9.546477157836082e-28,9.54647715783612e-28,9.546477157941367e-28,9.546477157941356e-28,9.546477157993706e-28,9.546477158125617e-28,9.54647715812338e-28,9.54647715812338e-28,9.546477158109967e-28,9.546477158129712e-28,9.54647715812971e-28,9.546477158125016e-28,9.546477158125005e-28,9.546477158098502e-28,9.546477158128123e-28,9.546477158108215e-28,9.546477158160875e-28,9.54647715816088e-28,9.546477158160887e-28,9.54647715823155e-28,9.546477158240985e-28,9.546477158973705e-28,9.5464771589737e-28,9.546477158959959e-28,9.546477158946142e-28,9.546477158946147e-28,9.546477158946142e-28,9.546477158929335e-28,9.546477158929335e-28,9.54647715892933e-28,9.54647715892945e-28,9.546477158929443e-28,9.546477158929445e-28,9.546477158929441e-28,9.546477158891071e-28,9.546477158891062e-28,9.546477158881088e-28,9.546477158881093e-28,9.546477158881095e-28,9.546477158881095e-28,9.546477158879429e-28,9.54647717950842e-28,9.546477179502556e-28,9.546477179502558e-28,9.546477179433353e-28,9.54647717944469e-28,9.546477179444691e-28,9.546477179444693e-28,9.546477179451078e-28,9.546477179464816e-28,9.546477179495775e-28,9.546477179495771e-28,9.54647717953522e-28,9.546477178490918e-28,9.546477178438544e-28,9.546477178438545e-28,9.54647717843977e-28,9.54647717843977e-28,9.546477178495955e-28,9.546477178495964e-28,9.54647717849597e-28,9.546477178485444e-28,9.54647717848544e-28,9.546477178372047e-28,9.546477178372049e-28,9.546477178335835e-28,9.546477178341314e-28,9.5464771783476e-28,9.5464771783476e-28,9.546477178295135e-28,9.546477178336759e-28,9.54647717833608e-28,9.546477178337822e-28,9.54647717833946e-28,9.54647717833946e-28,9.546477178339458e-28,9.546477178334803e-28,9.546477178392714e-28,9.546477178397155e-28,9.546477178397157e-28,9.54647717838679e-28,9.546477178386784e-28,9.546477178371191e-28,9.546477178348947e-28,9.546477178348943e-28,9.546477176626687e-28,9.546477176626703e-28,9.54647717649833e-28,9.546477176505738e-28,9.546477176574556e-28,9.546477176574565e-28,9.54647717657455e-28,9.546477176574552e-28,9.54647717638906e-28,9.546477176389064e-28,9.546477176392655e-28,9.546477176412468e-28,9.546477176412477e-28,9.546477176412475e-28,9.546477175622343e-28,9.546477175590716e-28,9.546477175463773e-28,9.546477175273935e-28,9.546477173879175e-28,9.54647717389997e-28,9.546477172981137e-28,9.546477172945823e-28,9.546477172967055e-28,9.546477172967051e-28,9.546477172977135e-28,9.54647717297361e-28,9.54647717298124e-28,9.546477172980927e-28,9.546477172980929e-28,9.546477172983461e-28,9.546477172983463e-28,9.54647717298347e-28,9.546477172983468e-28,9.54647717305717e-28,9.546477173068454e-28,9.546477173068452e-28,9.546477173068456e-28,9.546477173068457e-28,9.546477173075953e-28,9.546477173075392e-28,9.546477173075392e-28,9.546477173072163e-28,9.546477173072163e-28,9.546477173093524e-28,9.546477175146209e-28,9.546477175160208e-28,9.5464771751916e-28,9.546477175173273e-28,9.546477175173286e-28,9.546477175173286e-28,9.546477175173286e-28,9.546477175201782e-28,9.546477175252845e-28,9.546477175270034e-28,9.546477173241836e-28,9.54647717332714e-28,9.546477173327086e-28,9.546477173327048e-28,9.546477173303196e-28,9.546477173371377e-28,9.546477173371378e-28,9.546477173366616e-28,9.546477173366618e-28,9.546477173366125e-28,9.54647717336654e-28,9.546477173366544e-28,9.546477173365153e-28,9.546477173367992e-28,9.546477173405092e-28,9.546477173405092e-28,9.546477173405094e-28,9.546477173405063e-28,9.546477173420921e-28,9.546477173421773e-28,9.546477173427068e-28,9.54647717342972e-28,9.546477173433814e-28,9.546477173428863e-28,9.546477173431493e-28,9.546477173431496e-28,9.5464771734311e-28,9.546477173504737e-28,9.54647717358907e-28,9.54647717359109e-28,9.546477173591789e-28,9.54647717359179e-28,9.546477172833115e-28,9.546477172833113e-28,9.546477172833111e-28,9.546477172829065e-28,9.546477172848468e-28,9.546477172845857e-28,9.546477172845855e-28,9.546477172826867e-28,9.546477172826873e-28,9.546477172919664e-28,9.546477172919662e-28,9.546477172919585e-28,9.54647717291959e-28,9.546477172919605e-28,9.546477172915673e-28,9.546477172915675e-28,9.54647717291568e-28,9.546477172902144e-28,9.546477172901188e-28,9.546477172899156e-28,9.546477172899208e-28,9.546477172690547e-28,9.546477172683324e-28,9.546477172469084e-28,9.546477172464652e-28,9.546477172464655e-28,9.546477172476436e-28,9.546477172476438e-28,9.5464771724693e-28,9.546477172469303e-28,9.546477177117974e-28,9.546477177108127e-28,9.546477177108125e-28,9.546477177108123e-28,9.546477177108783e-28,9.54647717673814e-28,9.546477176736708e-28,9.546477176740337e-28,9.546477176733757e-28,9.546477176735374e-28,9.546477176892007e-28,9.546477176892009e-28,9.546477176891587e-28,9.546477176891587e-28,9.546477176891126e-28,9.546477176891126e-28,9.546477176891126e-28,9.546477176891126e-28,9.546477176883767e-28,9.546477176883783e-28,9.546477176828147e-28,9.546477176828144e-28,9.54647717682272e-28,9.546477176806546e-28,9.546477176771006e-28,9.546477176771006e-28,9.546477176776737e-28,9.546477176775548e-28,9.54647717677555e-28,9.546477176775559e-28,9.54647717677405e-28,9.54647717677406e-28,9.546477176737666e-28,9.546477176737668e-28,9.546477176736059e-28,9.546477176744914e-28,9.546477176738694e-28,9.546477176738692e-28,9.546477176738694e-28,9.546477176742905e-28,9.546477176824343e-28,9.546477177470102e-28,9.546477177470102e-28,9.546477177255094e-28,9.54647717725963e-28,9.546477177259634e-28,9.546477177259632e-28,9.546477177259634e-28,9.546477177260228e-28,9.546477177226905e-28,9.546477177226907e-28,9.546477177230926e-28,9.546477177230926e-28,9.546477177230926e-28,9.546477177214947e-28,9.54647717721498e-28,9.546477177270428e-28,9.546477177270425e-28,9.546477177270425e-28,9.546477177270425e-28,9.54647717728517e-28,9.546477177287468e-28,9.546477186925797e-28,9.546477186911593e-28,9.5464771869116e-28,9.546477186911604e-28,9.546477186911236e-28,9.546477186912415e-28,9.546477191888853e-28,9.546477191888853e-28,9.546477191886456e-28,9.546477191905026e-28,9.546477191957317e-28,9.546477191958757e-28,9.546477191763264e-28,9.546477191762943e-28,9.546477191775262e-28,9.546477191742443e-28,9.546477191742443e-28,9.546477191742447e-28,9.546477191742447e-28,9.54647719174245e-28,9.54647719174245e-28,9.546477191742452e-28,9.546477191742443e-28,9.546477191741274e-28,9.546477191741412e-28,9.546477191741412e-28,9.54647719174999e-28,9.546477191741107e-28,9.54647719183571e-28,9.546477191836806e-28,9.546477191836799e-28,9.546477191830501e-28,9.546477191846185e-28,9.546477191851087e-28,9.546477191840028e-28,9.546477191839827e-28,9.546477191761503e-28,9.546477191810545e-28,9.546477190567166e-28,9.546477190572567e-28,9.54647719059654e-28,9.546477190607392e-28,9.546477190613538e-28,9.546477190613538e-28,9.546477190613758e-28,9.546477190613758e-28,9.546477190623546e-28,9.546477190625256e-28,9.546477190625263e-28,9.546477190622314e-28,9.546477190622316e-28,9.546477190649118e-28,9.54647719065127e-28,9.546477190592347e-28,9.546477190592347e-28,9.546477190592345e-28,9.546477190593201e-28,9.546477190592114e-28,9.54647719059129e-28,9.54647719059129e-28,9.546477190578226e-28,9.546477190578418e-28,9.546477190578418e-28,9.546477190572298e-28,9.546477190568484e-28,9.546477190568484e-28,9.546477190568486e-28,9.546477190568018e-28,9.546477190612153e-28,9.546477190574183e-28,9.546477190574185e-28,9.546477190574158e-28,9.54647719057427e-28,9.54647719057427e-28,9.546477190568911e-28,9.546477190568892e-28,9.546477189843032e-28,9.546477189843049e-28,9.546477189843045e-28,9.546477189844964e-28,9.546477189844966e-28,9.546477189865017e-28,9.546477189864228e-28,9.546477189864224e-28,9.546477189858526e-28,9.546477189858528e-28,9.54647718997435e-28,9.54647718997435e-28,9.546477189974354e-28,9.54647718997474e-28,9.546477189984633e-28,9.546477189984432e-28,9.54647718998673e-28,9.54647718998899e-28,9.546477189988993e-28,9.54647718998021e-28,9.546477189992086e-28,9.546477189948575e-28,9.546477189948573e-28,9.546477189933869e-28,9.54647718993396e-28,9.546477189941969e-28,9.546477189941449e-28,9.54647718994503e-28,9.546477189946337e-28,9.546477189947377e-28,9.546477189947434e-28,9.54647718993479e-28,9.546477189934748e-28,9.546477189951145e-28,9.546477189950814e-28,9.546477189950815e-28,9.546477189950817e-28,9.546477189947258e-28,9.546477189947623e-28,9.546477189947467e-28,9.546477189947467e-28,9.546477189936312e-28,9.546477189936306e-28,9.54647718993631e-28,9.54647718993224e-28,9.546477190238903e-28,9.546477190247222e-28,9.546477190247227e-28,9.54647719024606e-28,9.546477190256075e-28,9.546477190257958e-28,9.546477190257967e-28,9.54647719025999e-28,9.546477190259994e-28,9.54647719024724e-28,9.546477190239708e-28,9.546477190238133e-28,9.546477190238137e-28,9.546477190229224e-28,9.546477190203384e-28,9.546477190202337e-28,9.5464771902019e-28,9.546477190199564e-28,9.54647719018416e-28,9.546477190177873e-28,9.546477190193302e-28,9.54647719019183e-28,9.54647719019046e-28,9.546477190192976e-28,9.546477190194161e-28,9.54647719038321e-28,9.546477190383203e-28,9.546477190382991e-28,9.546477190382982e-28,9.546477190299204e-28,9.546477190309218e-28,9.546477190312274e-28,9.546477190313112e-28,9.546477190318236e-28,9.546477190318057e-28,9.54647719031806e-28,9.546477190303822e-28,9.54647719029721e-28,9.546477190297866e-28,9.546477190297501e-28,9.546477190297505e-28,9.54647719005679e-28,9.54647719005679e-28,9.546477190054283e-28,9.546477190073023e-28,9.546477190073021e-28,9.546477190072639e-28,9.54647719007647e-28,9.546477190069262e-28,9.546477190069267e-28,9.546477190051648e-28,9.546477190083457e-28,9.54647719008346e-28,9.546477190095094e-28,9.546477190095435e-28,9.546477190093004e-28,9.54647719017353e-28,9.546477190223726e-28,9.546477190223723e-28,9.546477190223827e-28,9.546477190223821e-28,9.546477190222743e-28,9.546477190218412e-28,9.546477190218412e-28,9.546477190218817e-28,9.546477190218787e-28,9.546477190218257e-28,9.546477190218261e-28,9.546477190218335e-28,9.546477190218333e-28,9.546477190218333e-28,9.546477191054707e-28,9.546477195390899e-28,9.546477195386569e-28,9.546477195386569e-28,9.546467863555907e-28,9.546467863545997e-28,9.546467863699183e-28,9.546467863699165e-28,9.54646786369797e-28,9.546467863697855e-28,9.546467863470137e-28,9.546467863475407e-28,9.54646786344824e-28,9.546467863448242e-28,9.546467863455262e-28,9.546467863490375e-28,9.54646786349038e-28,9.546467863149395e-28,9.546467863148014e-28,9.546467863150164e-28,9.546467863150159e-28,9.54646786315016e-28,9.546467863139006e-28,9.54646786313901e-28,9.54646786313511e-28,9.546467863338377e-28,9.54646786334375e-28,9.546467863332949e-28,9.546467863328266e-28,9.546467863328257e-28,9.54646786334255e-28,9.546467863337763e-28,9.546467863343939e-28,9.546467863343939e-28,9.546467863343939e-28,9.546467863343933e-28,9.546467863343962e-28,9.546467863361703e-28,9.546467863397761e-28,9.546467863397774e-28,9.546467863399698e-28,9.546467863404948e-28,9.546467863538745e-28,9.546467863538662e-28,9.54646786353866e-28,9.54646786353446e-28,9.54646786353446e-28,9.546467863534462e-28,9.54646786349416e-28,9.546467863490226e-28,9.546467863337191e-28,9.546467863337173e-28,9.546467863337173e-28,9.546467863339236e-28,9.546467863328616e-28,9.546467863327344e-28,9.546467863327376e-28,9.546467863327376e-28,9.546467863451517e-28,9.546467863426557e-28,9.546467863426487e-28,9.54646786342645e-28,9.546467863439218e-28,9.546467863427297e-28,9.546467863433166e-28,9.546467863433163e-28,9.546467863414326e-28,9.546467863412998e-28,9.546467863399917e-28,9.546467863399917e-28,9.546467863399917e-28,9.546467863401243e-28,9.546467863390784e-28,9.546467862914802e-28,9.546467862914807e-28,9.546467862914841e-28,9.546467862905173e-28,9.546467862905168e-28,9.546467862907042e-28,9.546467862882772e-28,9.546467863457426e-28,9.546467863459286e-28,9.546467863448604e-28,9.54646786344861e-28,9.546467863454592e-28,9.546467863455526e-28,9.546467863455515e-28,9.54646786345552e-28,9.546467863455528e-28,9.546467863455523e-28,9.546467863455553e-28,9.546701590987529e-28,9.546701591366564e-28,9.546701589587631e-28,9.5467015895808e-28,9.546701589580077e-28,9.546701589580073e-28,9.546701589571185e-28,9.546701589571184e-28,9.546701589572549e-28,9.546701589572549e-28,9.546701589596627e-28,9.546701589502838e-28,9.546701590335373e-28,9.546701590330624e-28,9.546701586686028e-28,9.546701586694616e-28,9.546701586694865e-28,9.546701586694892e-28,9.546701586696026e-28,9.546701586701143e-28,9.546701586701165e-28,9.546701586701184e-28,9.546701586704526e-28,9.54670158670532e-28,9.546701586705317e-28,9.546701586705315e-28,9.546701586705317e-28,9.54670158670531e-28,9.546701586709057e-28,9.546701586709055e-28,9.546701586709055e-28,9.546701586709032e-28,9.546701586708585e-28,9.54670158670841e-28,9.54670158671154e-28,9.546701586706365e-28,9.546701586706363e-28,9.546701586705896e-28,9.546701586705599e-28,9.546701586704696e-28,9.546701586704698e-28,9.54611182743166e-28,9.546111827431677e-28,9.546081301870255e-28,9.546081301871437e-28,9.546081301871785e-28,9.546081301871973e-28,9.546081301872307e-28,9.546081301873304e-28,9.546081301873324e-28,9.546081301873987e-28,9.546081301873982e-28,9.546081301873984e-28,9.546081301874086e-28,9.546081301874306e-28,9.54608130187431e-28,9.54608130186882e-28,9.546081301868416e-28,9.546081301823413e-28,9.54608128536387e-28,9.546081285363868e-28,9.546081285367753e-28,9.546081285360069e-28,9.54608128536007e-28,9.546081285367493e-28,9.54608128584366e-28,9.546081285845413e-28,9.546081285845203e-28,9.546081285867808e-28,9.546081285867476e-28,9.546081285998001e-28,9.546081286324367e-28,9.546081285568496e-28,9.546081285569538e-28,9.546081285562656e-28,9.54608128556265e-28,9.546081285562956e-28,9.546081285562507e-28,9.546081285562495e-28,9.546081285565099e-28,9.546081285565099e-28,9.546081285565126e-28,9.546081285535654e-28,9.546081285534761e-28,9.546081285534725e-28,9.546081285534729e-28,9.546081285534725e-28,9.546081285538458e-28,9.546081285536069e-28,9.546081285536094e-28,9.546081285536092e-28,9.546081285536104e-28,9.546081285536833e-28,9.546081285533627e-28,9.546081285533627e-28,9.546081285533636e-28,9.546081283091958e-28,9.5460812830875e-28,9.546081283076775e-28,9.546081283080821e-28,9.5460812830371e-28,9.546081283037101e-28,9.546081283036653e-28,9.546081283036654e-28,9.54608128303665e-28,9.546081283036653e-28,9.546081283036649e-28,9.546081283036647e-28,9.546081282972384e-28,9.546081282974915e-28,9.546081282974911e-28,9.546081282974913e-28,9.546081282975846e-28,9.546081282975844e-28,9.546081282782435e-28,9.54608128288629e-28,9.54608128289352e-28,9.546081282881531e-28,9.546081282882896e-28,9.546081282864326e-28,9.546081282864318e-28,9.546081282836076e-28,9.546081282814145e-28,9.546081282814138e-28,9.546081282814213e-28,9.546081282814219e-28,9.546081282814217e-28,9.546081282770125e-28,9.546081283155275e-28,9.546081283147309e-28,9.546081283178847e-28,9.546081283366642e-28,9.546081280439554e-28,9.546081205704383e-28,9.546081205705522e-28,9.546081205704916e-28,9.546081205704917e-28,9.546081205579408e-28,9.54608120557941e-28,9.546081205581503e-28,9.546081205581501e-28,9.546081205602e-28,9.54608120560205e-28,9.546081205487875e-28,9.546081205487874e-28,9.546081205487874e-28,9.546081205487874e-28,9.54608120548788e-28,9.546081205453737e-28,9.546081205441005e-28,9.546081205450027e-28,9.546081205449731e-28,9.546081205449735e-28,9.546081205453254e-28,9.54608120545325e-28,9.546081205381219e-28,9.546081208740547e-28,9.546081208740552e-28,9.546081208740549e-28,9.546081208740547e-28,9.546081208792893e-28,9.546081208793464e-28,9.54608120879342e-28,9.546081208856496e-28,9.546081208856496e-28,9.546081208856554e-28,9.546081208856556e-28,9.546081208925965e-28,9.546081208925967e-28,9.54608120887739e-28,9.546081209199653e-28,9.546081209199654e-28,9.546081209203317e-28,9.54608120920331e-28,9.54608120934741e-28,9.546081209347416e-28,9.546081209355147e-28,9.546081209355145e-28,9.54608120934079e-28,9.54608120932642e-28,9.54608120934249e-28,9.546081209015501e-28,9.546081209028024e-28,9.546081209024319e-28,9.546081209024319e-28,9.54608120901079e-28,9.546081209013706e-28,9.546081209013704e-28,9.54608120902084e-28,9.546081209020272e-28,9.546081209020269e-28,9.546081209675181e-28,9.54608120967518e-28,9.546081209675187e-28,9.546081209475516e-28,9.546081209475505e-28,9.546081209891956e-28,9.546081210062063e-28,9.546081209980599e-28,9.546081210001468e-28,9.546081209997664e-28,9.546081209997662e-28,9.546081209100431e-28,9.546081209100483e-28,9.546081209604635e-28,9.54608120960464e-28,9.54608120960464e-28,9.546081209604622e-28,9.546081209504023e-28,9.546081209504023e-28,9.546081209494064e-28,9.54608120949406e-28,9.54608120949453e-28,9.546081209494597e-28,9.546081209551182e-28,9.546081209551151e-28,9.546081209551153e-28,9.546081209649474e-28,9.546081209641039e-28,9.546081209641048e-28,9.54608120728116e-28,9.54608120728116e-28,9.546081207281247e-28,9.54608120743047e-28,9.546081207442517e-28,9.546081207442517e-28,9.546081207442515e-28,9.546081207442517e-28,9.546081207445661e-28,9.546081207445661e-28,9.546081207445661e-28,9.546081207445675e-28,9.546081207477857e-28,9.546081207482698e-28,9.546081207495202e-28,9.546081207499082e-28,9.54608120749757e-28,9.546081207507768e-28,9.546081207506943e-28,9.546081207506945e-28,9.546081210963328e-28,9.546081211139527e-28,9.546081211140485e-28,9.546081212238496e-28,9.546081212240866e-28,9.546081212240868e-28,9.546081212240722e-28,9.546081212240724e-28,9.54608121224072e-28,9.546081212408067e-28,9.546081212357463e-28,9.54608121217011e-28,9.546081212185336e-28,9.546081212205732e-28,9.54608121219088e-28,9.546081212141822e-28,9.546081212008472e-28,9.546081212008472e-28,9.546081212041003e-28,9.54608121222317e-28,9.546081212444307e-28,9.54608121230836e-28,9.54608121230836e-28,9.546081212308358e-28,9.546081212492092e-28,9.54608121249209e-28,9.54608121249209e-28,9.546081212492095e-28,9.54608121250148e-28,9.546081212816935e-28,9.546081212916938e-28,9.546081212917015e-28,9.546081212918852e-28,9.54608121276558e-28,9.546081212766547e-28,9.546081207353506e-28,9.546081207353505e-28,9.546081207353505e-28,9.54608120678069e-28,9.54608120678845e-28,9.546081206788454e-28,9.54608120678845e-28,9.54608120678846e-28,9.54608120678846e-28,9.54608119926462e-28,9.546081199264616e-28,9.546081199264587e-28,9.546081199274341e-28,9.546081199300342e-28,9.54608119930034e-28,9.546081199300337e-28,9.546081199300333e-28,9.546081199300333e-28,9.546081199300333e-28,9.54608119931539e-28,9.546081199241483e-28,9.546081199241478e-28,9.546081199107656e-28,9.546081199108024e-28,9.546081199147632e-28,9.546081199147632e-28,9.546081199147639e-28,9.546081199147639e-28,9.546081199147637e-28,9.546081199147639e-28,9.546081198152856e-28,9.546081198152858e-28,9.54608119815542e-28,9.546081198155426e-28,9.546081198155426e-28,9.54608119815543e-28,9.546081198091398e-28,9.54608119794081e-28,9.546081197930643e-28,9.546081197943796e-28,9.546081197964286e-28,9.54608119796429e-28,9.54608119795118e-28,9.546081197951177e-28,9.546081197951175e-28,9.546081197730757e-28,9.546081197730757e-28,9.546081197730762e-28,9.54608119792676e-28,9.546081197920358e-28,9.546081197918442e-28,9.546081204914506e-28,9.546081204984036e-28,9.54608120494017e-28,9.546081204937818e-28,9.546081205113052e-28,9.546081204825107e-28,9.546081204825103e-28,9.546081204809157e-28,9.546081204809164e-28,9.546081204434174e-28,9.546081204432894e-28,9.546081202747418e-28,9.546081202761118e-28,9.546733043345934e-28,9.54673304333799e-28,9.546733043337988e-28,9.54673304334149e-28,9.54673304371335e-28,9.546733043713357e-28,9.546733043713353e-28,9.546733043743017e-28,9.546733043743013e-28,9.546733043743013e-28,9.546733043743011e-28,9.546733044236258e-28,9.546733043676771e-28,9.54673304367563e-28,9.546733043661398e-28,9.5467330436614e-28,9.546733043658336e-28,9.546733043658336e-28,9.546733043658336e-28,9.546733043705183e-28,9.546733043714329e-28,9.546733043603694e-28,9.546733043601597e-28,9.54673304360148e-28,9.54673304360148e-28,9.546733035069593e-28,9.546733035067717e-28,9.54673303507051e-28,9.546733031858703e-28,9.546733031919776e-28,9.546733032156663e-28,9.54673303208394e-28,9.546733032083944e-28,9.546733032083937e-28,9.546733032083934e-28,9.546733032083939e-28,9.546733032083925e-28,9.546733032083925e-28,9.546733032095531e-28,9.546733032052365e-28,9.54673303207196e-28,9.54673303196778e-28,9.546733031967778e-28,9.546733031967785e-28,9.546733031967425e-28,9.546733031967425e-28,9.546733031960673e-28,9.546733031960671e-28,9.546733031960668e-28,9.546733032019265e-28,9.546733032019267e-28,9.546733031923695e-28,9.546733031920515e-28,9.546733031920515e-28,9.546733031920515e-28,9.546733031930285e-28,9.546733031927385e-28,9.546733031927386e-28,9.546733031925603e-28,9.546733029237613e-28,9.546733029237613e-28,9.54673302922137e-28,9.546733029240047e-28,9.546733029240047e-28,9.546733029240043e-28,9.546733029240048e-28,9.546733029240043e-28,9.546733029232745e-28,9.546733029225373e-28,9.546733029225378e-28,9.54673302922538e-28,9.54673302918378e-28,9.546733029183778e-28,9.546733029180615e-28,9.546733029183415e-28,9.546733029183414e-28,9.54673303209499e-28,9.546733033390713e-28,9.546733033395623e-28,9.546733033257523e-28,9.546733033257525e-28,9.546733033257525e-28,9.546733033257331e-28,9.54673303357271e-28,9.546733033572515e-28,9.546733033563387e-28,9.546733031814303e-28,9.546733031796178e-28,9.546733031796176e-28,9.546733031811898e-28,9.546733031755541e-28,9.546733031704949e-28,9.546733033727592e-28,9.546733033727599e-28,9.54673303375747e-28,9.546733033324289e-28,9.54673303349774e-28,9.54673303350435e-28,9.546733033504353e-28,9.546733033507326e-28,9.546733033506907e-28,9.54673303299374e-28,9.546733032993738e-28,9.54673303299374e-28,9.54673303297781e-28,9.546733032972654e-28,9.546733032919412e-28,9.546733032876264e-28,9.546733032876259e-28,9.546733033865004e-28,9.546733033863684e-28,9.54673303386373e-28,9.546733033863736e-28,9.546733033863614e-28,9.546733033863612e-28,9.546733034871232e-28,9.546733034881774e-28,9.546733034884588e-28,9.546733035031478e-28,9.546733035017134e-28,9.546733035017132e-28,9.546733035972356e-28,9.546733035972353e-28,9.546733036022661e-28,9.546733036014661e-28,9.54673302292169e-28,9.54673302292169e-28,9.54673302288447e-28,9.54673302288448e-28,9.546733022885235e-28,9.546733022885235e-28,9.546733022885863e-28,9.54673302288586e-28,9.546733022874643e-28,9.546733022874643e-28,9.546733022874362e-28,9.546733022873235e-28,9.546733022868803e-28,9.546733022866602e-28,9.546733022866611e-28,9.54673302286932e-28,9.546733022865198e-28,9.546733022861587e-28,9.54673302286079e-28,9.546733022857546e-28,9.546733022857546e-28,9.546733022857559e-28,9.546733022857537e-28,9.546733022857535e-28,9.546733022857532e-28,9.546733022852061e-28,9.54673302275569e-28,9.546733022745587e-28,9.546733022745584e-28,9.546733022745573e-28,9.546733022745575e-28,9.546733023048476e-28,9.546733023048526e-28,9.546733023050106e-28,9.546733023051825e-28,9.546733023075078e-28,9.546733022949563e-28,9.546733022937798e-28,9.546733022933013e-28,9.546733022933936e-28,9.546733022926887e-28,9.546733022926871e-28,9.546733022927458e-28,9.54673302293068e-28,9.54673302293068e-28,9.546733022923424e-28,9.54673302292341e-28,9.546733022914852e-28,9.54673302291258e-28,9.546733022912863e-28,9.546733022914346e-28,9.546733022908604e-28,9.546733022903636e-28,9.546733022933685e-28,9.546733022933687e-28,9.546733022926444e-28,9.546733022908744e-28,9.546733022908732e-28,9.54673302290766e-28,9.546733022907602e-28,9.546733048184535e-28,9.546733048184536e-28,9.546733048183062e-28,9.546733048183335e-28,9.546733048183559e-28,9.54673304818353e-28,9.546733048183544e-28,9.546733048176052e-28,9.546733048134805e-28,9.546733048134911e-28,9.546733048119866e-28,9.546733048119864e-28,9.546733048214082e-28,9.54673304821754e-28,9.546733048228472e-28,9.546733048224612e-28,9.54673304822462e-28,9.546733048223041e-28,9.546733048233789e-28,9.546733048233792e-28,9.546733048233783e-28,9.546733048233767e-28,9.546733048233726e-28,9.546733048230797e-28,9.546733048242052e-28,9.54673304824203e-28,9.546733048112245e-28,9.546733048112221e-28,9.546733048119385e-28,9.546733048119335e-28,9.54673301873499e-28,9.546733018734914e-28,9.546733018735438e-28,9.546733020924651e-28,9.546733020925408e-28,9.546733020925298e-28,9.546733020925232e-28,9.546733020929241e-28,9.546733020929146e-28,9.54673302092915e-28,9.546733020929146e-28,9.54673302092914e-28,9.546733020930335e-28,9.546733020755302e-28,9.546733020756734e-28,9.546733020756405e-28,9.546733020756373e-28,9.546733020759672e-28,9.54673302075114e-28,9.546733019501213e-28,9.54673301950121e-28,9.546733019524402e-28,9.5467330195177e-28,9.54673301951857e-28,9.546733019520341e-28,9.54673301952616e-28,9.546733019570325e-28,9.546733019507839e-28,9.546733019493872e-28,9.546733019493875e-28,9.546733019504575e-28,9.546733004682869e-28,9.54673300468295e-28,9.546733004660075e-28,9.546733004660077e-28,9.546733001838042e-28,9.54673300183732e-28,9.54673300183732e-28,9.54673300203041e-28,9.54673300203041e-28,9.546733002044554e-28,9.54673300204456e-28,9.546733002032351e-28,9.546733002041843e-28,9.546733002020352e-28,9.546733002020563e-28,9.546733002020565e-28,9.546733002018043e-28,9.546733002018045e-28,9.546733002049307e-28,9.546733002046618e-28,9.546733002016689e-28,9.546733002016659e-28,9.54673300195255e-28,9.546733001949197e-28,9.546733001949199e-28,9.54673300194596e-28,9.546733001970556e-28,9.54673300197548e-28,9.546733002131555e-28,9.546733002167536e-28,9.546733002172727e-28,9.546733002172725e-28,9.546733002308599e-28,9.546733002308597e-28,9.546733002308591e-28,9.546733002324004e-28,9.54673300232402e-28,9.546733002324853e-28,9.54673300232624e-28,9.54673300232698e-28,9.546733002333864e-28,9.54673300233311e-28,9.5467330023331e-28,9.546733002333102e-28,9.546733002354195e-28,9.546733002354195e-28,9.54673300235419e-28,9.546733002353729e-28,9.546733002353725e-28
3,0.0662633991614029,0.0662633991614029,0.0662633991614029,0.0662633991614029,0.0662633991614029,0.0662633991614029,0.0662633991614029,0.0662633991614029,0.0662633991614029,0.0662633991614029,0.0662633991614029,0.0662633991614029,0.0662633991614029,0.0662633991614029,0.0662633991614029,0.0662633991614029,0.0662633991614029,0.0662633991614029,0.0662633991614029,0.0662633991614029,0.0662633991614029,0.0662633991614029,0.0662633991614029,0.0662633991614029,0.0662633991614029,0.0662633991614029,0.0662633991614029,0.0662633991614029,0.0662633991614029,0.0662633991614029,0.0662633991614029,0.0662633991614029,0.0662633991614029,0.0662633991614029,0.0662633991614029,0.0662633991614029,0.0662633991614029,0.0662633991614029,0.0662633991614029,0.0662633991614029,0.0662633991614029,0.0662633991614029,0.0662633991614029,0.0662633991614029,0.0662633991614029,0.0662633991614029,0.0662633991614029,0.0662633991614029,0.0662633991614029,0.0662633991614029,0.0662633991614029,0.0662633991614029,0.0662633991614029,0.0662633991614029,0.0662633991614029,0.0662633991614029,0.0662633991614029,0.0662633991614029,0.0662633991614029,0.0662633991614029,0.0662633991614029,0.0662633991614029,0.0662633991614029,0.0662633991614029,0.0662633991614029,0.0662633991614029,0.0662633991614029,0.0662633991614029,0.0662633991614029,0.0662633991614029,0.0662633991614029,0.0662633991614029,0.0662633991614029,0.0662633991614029,0.0662633991614029,0.0662633991614029,0.0662633991614029,0.0662633991614029,0.0662633991614029,0.0662633991614029,0.0662633991614029,0.0662633991614029,0.0662633991614029,0.0662633991614029,0.0662633991614029,0.0662633991614029,0.0662633991614029,0.0662633991614029,0.0662633991614029,0.0662633991614029,0.0662633991614029,0.0662633991614029,0.0662633991614029,0.0662633991614029,0.0662633991614029,0.0662633991614029,0.0662633991614029,0.0662633991614029,0.0662633991614029,0.0662633991614029,0.0662633991614029,0.0662633991614029,0.0662633991614029,0.0662633991614029,0.0662633991614029,0.0662633991614029,0.0662633991614029,0.0662633991614029,0.0662633991614029,0.0662633991614029,0.0662633991614029,0.0662633991614029,0.0662633991614029,0.0662633991614029,0.0662633991614029,0.0662633991614029,0.0662633991614029,0.0662633991614029,0.0662633991614029,0.0662633991614029,0.0662633991614029,0.0662633991614029,0.0662633991614029,0.0662633991614029,0.0662633991614029,0.0662633991614029,0.0662633991614029,0.0662633991614029,0.0662633991614029,0.0662633991614029,0.0662633991614029,0.0662633991614029,0.0662633991614029,0.0662633991614029,0.0662633991614029,0.0662633991614029,0.0662633991614029,0.0662633991614029,0.0662633991614029,0.0662633991614029,0.0662633991614029,0.0662633991614029,0.0662633991614029,0.0662633991614029,0.0662633991614029,0.0662633991614029,0.0662633991614029,0.0662633991614029,0.0662633991614029,0.0662633991614029,0.0662633991614029,0.0662633991614029,0.0662633991614029,0.0662633991614029,0.0662633991614029,0.0662633991614029,0.0662633991614029,0.0662633991614029,0.0662633991614029,0.0662633991614029,0.0662633991614029,0.0662633991614029,0.0662633991614029,0.0662633991614029,0.0662633991614029,0.0662633991614029,0.0662633991614029,0.0662633991614029,0.0662633991614029,0.0662633991614029,0.0662633991614029,0.0662633991614029,0.0662633991614029,0.0662633991614029,0.0662633991614029,0.0662633991614029,0.0662633991614029,0.0662633991614029,0.0662633991614029,0.0662633991614029,0.0662633991614029,0.0662633991614029,0.0662633991614029,0.0662633991614029,0.0662633991614029,0.0662633991614029,0.0662633991614029,0.0662633991614029,0.0662633991614029,0.0662633991614029,0.0662633991614029,0.0662633991614029,0.0662633991614029,0.0662633991614029,0.0662633991614029,0.0662633991614029,0.0662633991614029,0.0662633991614029,0.0662633991614029,0.0662633991614029,0.0662633991614029,0.0662633991614029,0.0662633991614029,0.0662633991614029,0.0662633991614029,0.0662633991614029,0.0662633991614029,0.0662633991614029,0.0662633991614029,0.0662633991614029,0.0662633991614029,0.0662633991614029,0.0662633991614029,0.0662633991614029,0.0662633991614029,0.0662633991614029,0.0662633991614029,0.0662633991614029,0.0662633991614029,0.0662633991614029,0.0662633991614029,0.0662633991614029,0.0662633991614029,0.0662633991614029,0.0662633991614029,0.0662633991614029,0.0662633991614029,0.0662633991614029,0.0662633991614029,0.0662633991614029,0.0662633991614029,0.0662633991614029,0.0662633991614029,0.0662633991614029,0.0662633991614029,0.0662633991614029,0.0662633991614029,0.0662633991614029,0.0662633991614029,0.0662633991614029,0.0662633991614029,0.0662633991614029,0.0662633991614029,0.0662633991614029,0.0662633991614029,0.0662633991614029,0.0662633991614029,0.0662633991614029,0.0662633991614029,0.0662633991614029,0.0662633991614029,0.0662633991614029,0.0662633991614029,0.0662633991614029,0.0662633991614029,0.0662633991614029,0.0662633991614029,0.0662633991614029,0.0662633991614029,0.0662633991614029,0.0662633991614029,0.0662633991614029,0.0662633991614029,0.0662633991614029,0.0662633991614029,0.0662633991614029,0.0662633991614029,0.0662633991614029,0.0662633991614029,0.0662633991614029,0.0662633991614029,0.0662633991614029,0.0662633991614029,0.0662633991614029,0.0662633991614029,0.0662633991614029,0.0662633991614029,0.0662633991614029,0.0662633991614029,0.0662633991614029,0.0662633991614029,0.0662633991614029,0.0662633991614029,0.0662633991614029,0.0662633991614029,0.0662633991614029,0.0662633991614029,0.0662633991614029,0.0662633991614029,0.0662633991614029,0.0662633991614029,0.0662633991614029,0.0662633991614029,0.0662633991614029,0.0662633991614029,0.0662633991614029,0.0662633991614029,0.0662633991614029,0.0662633991614029,0.0662633991614029,0.0662633991614029,0.0662633991614029,0.0662633991614029,0.0662633991614029,0.0662633991614029,0.0662633991614029,0.0662633991614029,0.0662633991614029,0.0662633991614029,0.0662633991614029,0.0662633991614029,0.0662633991614029,0.0662633991614029,0.0662633991614029,0.0662633991614029,0.0662633991614029,0.0662633991614029,0.0662633991614029,0.0662633991614029,0.0662633991614029,0.0662633991614029,0.0662633991614029,0.0662633991614029,0.0662633991614029,0.0662633991614029,0.0662633991614029,0.0662633991614029,0.0662633991614029,0.0662633991614029,0.0662633991614029,0.0662633991614029,0.0662633991614029,0.0662633991614029,0.0662633991614029,0.0662633991614029,0.0662633991614029,0.0662633991614029,0.0662633991614029,0.0662633991614029,0.0662633991614029,0.0662633991614029,0.0662633991614029,0.0662633991614029,0.0662633991614029,0.0662633991614029,0.0662633991614029,0.0662633991614029,0.0662633991614029,0.0662633991614029,0.0662633991614029,0.0662633991614029,0.0662633991614029,0.0662633991614029,0.0662633991614029,0.0662633991614029,0.0662633991614029,0.0662633991614029,0.0662633991614029,0.0662633991614029,0.0662633991614029,0.0662633991614029,0.0662633991614029,0.0662633991614029,0.0662633991614029,0.0662633991614029,0.0662633991614029,0.0662633991614029,0.0662633991614029,0.0662633991614029,0.0662633991614029,0.0662633991614029,0.0662633991614029,0.0662633991614029,0.0662633991614029,0.0662633991614029,0.0662633991614029,0.0662633991614029,0.0662633991614029,0.0662633991614029,0.0662633991614029,0.0662633991614029,0.0662633991614029,0.0662633991614029,0.0662633991614029,0.0662633991614029,0.0662633991614029,0.0662633991614029,0.0662633991614029,0.0662633991614029,0.0662633991614029,0.0662633991614029,0.0662633991614029,0.0662633991614029,0.0662633991614029,0.0662633991614029,0.0662633991614029,0.0662633991614029,0.0662633991614029,0.0662633991614029,0.0662633991614029,0.0662633991614029,0.0662633991614029,0.0662633991614029,0.0662633991614029,0.0662633991614029,0.0662633991614029,0.0662633991614029,0.0662633991614029,0.0662633991614029,0.0662633991614029,0.0662633991614029,0.0662633991614029,0.0662633991614029,0.0662633991614029,0.0662633991614029,0.0662633991614029,0.0662633991614029,0.0662633991614029,0.0662633991614029,0.0662633991614029,0.0662633991614029,0.0662633991614029,0.0662633991614029,0.0662633991614029,0.0662633991614029,0.0662633991614029,0.0662633991614029,0.0662633991614029,0.0662633991614029,0.0662633991614029,0.0662633991614029,0.0662633991614029,0.0662633991614029,0.0662633991614029,0.0662633991614029,0.0662633991614029,0.0662633991614029,0.0662633991614029,0.0662633991614029,0.0662633991614029,0.0662633991614029,0.0662633991614029,0.0662633991614029,0.0662633991614029,0.0662633991614029,0.0662633991614029,0.0662633991614029,0.0662633991614029,0.0662633991614029,0.0662633991614029,0.0662633991614029,0.0662633991614029,0.0662633991614029,0.0662633991614029,0.0662633991614029,0.0662633991614029,0.0662633991614029,0.0662633991614029,0.0662633991614029,0.0662633991614029,0.0662633991614029,0.0662633991614029,0.0662633991614029,0.0662633991614029,0.0662633991614029,0.0662633991614029,0.0662633991614029,0.0662633991614029,0.0662633991614029,0.0662633991614029,0.0662633991614029,0.0662633991614029,0.0662633991614029,0.0662633991614029,0.0662633991614029,0.0662633991614029,0.0662633991614029,0.0662633991614029,0.0662633991614029,0.0662633991614029,0.0662633991614029,0.0662633991614029,0.0662633991614029,0.0662633991614029,0.0662633991614029,0.0662633991614029,0.0662633991614029,0.0662633991614029,0.0662633991614029,0.0662633991614029,0.0662633991614029,0.0662633991614029,0.0662633991614029,0.0662633991614029,0.0662633991614029,0.0662633991614029,0.0662633991614029,0.0662633991614029,0.0662633991614029,0.0662633991614029,0.0662633991614029,0.0662633991614029,0.0662633991614029,0.0662633991614029,0.0662633991614029,0.0662633991614029,0.0662633991614029,0.0662633991614029,0.0662633991614029,0.0662633991614029,0.0662633991614029,0.0662633991614029,0.0662633991614029,0.0662633991614029,0.0662633991614029,0.0662633991614029,0.0662633991614029,0.0662633991614029,0.0662633991614029,0.0662633991614029,0.0662633991614029,0.0662633991614029,0.0662633991614029,0.0662633991614029,0.0662633991614029,0.0662633991614029,0.0662633991614029,0.0662633991614029,0.0662633991614029,0.0662633991614029,0.0662633991614029,0.0662633991614029,0.0662633991614029,0.0662633991614029,0.0662633991614029,0.0662633991614029,0.0662633991614029,0.0662633991614029,0.0662633991614029,0.0662633991614029,0.0662633991614029,0.0662633991614029,0.0662633991614029,0.0662633991614029,0.0662633991614029,0.0662633991614029,0.0662633991614029,0.0662633991614029,0.0662633991614029,0.0662633991614029,0.0662633991614029,0.0662633991614029,0.0662633991614029,0.0662633991614029,0.0662633991614029,0.0662633991614029,0.0662633991614029,0.0662633991614029,0.0662633991614029,0.0662633991614029,0.0662633991614029,0.0662633991614029,0.0662633991614029,0.0662633991614029,0.0662633991614029,0.0662633991614029,0.0662633991614029,0.0662633991614029,0.0662633991614029,0.0662633991614029,0.0662633991614029,0.0662633991614029,0.0662633991614029,0.0662633991614029,0.0662633991614029,0.0662633991614029,0.0662633991614029,0.0662633991614029,0.0662633991614029,0.0662633991614029,0.0662633991614029,0.0662633991614029,0.0662633991614029,0.0662633991614029,0.0662633991614029,0.0662633991614029,0.0662633991614029,0.0662633991614029,0.0662633991614029,0.0662633991614029,0.0662633991614029,0.0662633991614029,0.0662633991614029,0.0662633991614029,0.0662633991614029,0.0662633991614029,0.0662633991614029,0.0662633991614029,0.0662633991614029,0.0662633991614029,0.0662633991614029,0.0662633991614029,0.0662633991614029,0.0662633991614029,0.0662633991614029,0.0662633991614029,0.0662633991614029,0.0662633991614029,0.0662633991614029,0.0662633991614029,0.0662633991614029,0.0662633991614029,0.0662633991614029,0.0662633991614029,0.0662633991614029,0.0662633991614029,0.0662633991614029,0.0662633991614029,0.0662633991614029,0.0662633991614029,0.0662633991614029,0.0662633991614029,0.0662633991614029,0.0662633991614029,0.0662633991614029,0.0662633991614029,0.0662633991614029,0.0662633991614029,0.0662633991614029,0.0662633991614029,0.0662633991614029,0.0662633991614029,0.0662633991614029,0.0662633991614029,0.0662633991614029,0.0662633991614029,0.0662633991614029,0.0662633991614029,0.0662633991614029,0.0662633991614029,0.0662633991614029,0.0662633991614029,0.0662633991614029,0.0662633991614029,0.0662633991614029,0.0662633991614029,0.0662633991614029,0.0662633991614029,0.0662633991614029,0.0662633991614029,0.0662633991614029,0.0662633991614029,0.0662633991614029,0.0662633991614029,0.0662633991614029,0.0662633991614029,0.0662633991614029,0.0662633991614029,0.0662633991614029,0.0662633991614029,0.0662633991614029,0.0662633991614029,0.0662633991614029,0.0662633991614029,0.0662633991614029,0.0662633991614029,0.0662633991614029,0.0662633991614029,0.0662633991614029,0.0662633991614029,0.0662633991614029,0.0662633991614029,0.0662633991614029,0.0662633991614029,0.0662633991614029,0.0662633991614029,0.0662633991614029,0.0662633991614029,0.0662633991614029,0.0662633991614029,0.0662633991614029,0.0662633991614029,0.0662633991614029,0.0662633991614029,0.0662633991614029,0.0662633991614029,0.0662633991614029,0.0662633991614029,0.0662633991614029,0.0662633991614029,0.0662633991614029,0.0662633991614029,0.0662633991614029,0.0662633991614029,0.0662633991614029,0.0662633991614029,0.0662633991614029,0.0662633991614029,0.0662633991614029,0.0662633991614029,0.0662633991614029,0.0662633991614029,0.0662633991614029,0.0662633991614029,0.0662633991614029,0.0662633991614029,0.0662633991614029,0.0662633991614029,0.0662633991614029,0.0662633991614029,0.0662633991614029,0.0662633991614029,0.0662633991614029,0.0662633991614029,0.0662633991614029,0.0662633991614029,0.0662633991614029,0.0662633991614029,0.0662633991614029,0.0662633991614029,0.0662633991614029,0.0662633991614029,0.0662633991614029,0.0662633991614029,0.0662633991614029,0.0662633991614029,0.0662633991614029,0.0662633991614029,0.0662633991614029,0.0662633991614029,0.0662633991614029,0.0662633991614029,0.0662633991614029,0.0662633991614029,0.0662633991614029,0.0662633991614029,0.0662633991614029,0.0662633991614029,0.0662633991614029,0.0662633991614029,0.0662633991614029,0.0662633991614029,0.0662633991614029,0.0662633991614029,0.0662633991614029,0.0662633991614029,0.0662633991614029,0.0662633991614029,0.0662633991614029,0.0662633991614029,0.0662633991614029,0.0662633991614029,0.0662633991614029,0.0662633991614029,0.0662633991614029,0.0662633991614029,0.0662633991614029,0.0662633991614029,0.0662633991614029,0.0662633991614029,0.0662633991614029,0.0662633991614029,0.0662633991614029,0.0662633991614029,0.0662633991614029,0.0662633991614029,0.0662633991614029,0.0662633991614029,0.0662633991614029,0.0662633991614029,0.0662633991614029,0.0662633991614029,0.0662633991614029,0.0662633991614029,0.0662633991614029,0.0662633991614029,0.0662633991614029,0.0662633991614029,0.0662633991614029,0.0662633991614029,0.0662633991614029,0.0662633991614029,0.0662633991614029,0.0662633991614029,0.0662633991614029,0.0662633991614029,0.0662633991614029,0.0662633991614029,0.0662633991614029,0.0662633991614029,0.0662633991614029,0.0662633991614029,0.0662633991614029,0.0662633991614029,0.0662633991614029,0.0662633991614029,0.0662633991614029,0.0662633991614029,0.0662633991614029,0.0662633991614029,0.0662633991614029,0.0662633991614029,0.0662633991614029,0.0662633991614029,0.0662633991614029,0.0662633991614029,0.0662633991614029,0.0662633991614029,0.0662633991614029,0.0662633991614029,0.0662633991614029,0.0662633991614029,0.0662633991614029,0.0662633991614029,0.0662633991614029,0.0662633991614029,0.0662633991614029,0.0662633991614029,0.0662633991614029,0.0662633991614029,0.0662633991614029,0.0662633991614029,0.0662633991614029,0.0662633991614029,0.0662633991614029,0.0662633991614029,0.0662633991614029,0.0662633991614029,0.0662633991614029,0.0662633991614029,0.0662633991614029,0.0662633991614029,0.0662633991614029,0.0662633991614029,0.0662633991614029,0.0662633991614029,0.0662633991614029,0.0662633991614029,0.0662633991614029,0.0662633991614029,0.0662633991614029,0.0662633991614029,0.0662633991614029,0.0662633991614029,0.0662633991614029,0.0662633991614029,0.0662633991614029,0.0662633991614029,0.0662633991614029,0.0662633991614029,0.0662633991614029,0.0662633991614029,0.0662633991614029,0.0662633991614029,0.0662633991614029,0.0662633991614029,0.0662633991614029,0.0662633991614029,0.0662633991614029,0.0662633991614029,0.0662633991614029,0.0662633991614029,0.0662633991614029,0.0662633991614029,0.0662633991614029,0.0662633991614029,0.0662633991614029,0.0662633991614029,0.0662633991614029,0.0662633991614029,0.0662633991614029,0.0662633991614029,0.0662633991614029,0.0662633991614029,0.0662633991614029,0.0662633991614029,0.0662633991614029,0.0662633991614029,0.0662633991614029,0.0662633991614029,0.0662633991614029,0.0662633991614029,0.0662633991614029,0.0662633991614029,0.0662633991614029,0.0662633991614029,0.0662633991614029,0.0662633991614029,0.0662633991614029,0.0662633991614029,0.0662633991614029,0.0662633991614029,0.0662633991614029,0.0662633991614029,0.0662633991614029,0.0662633991614029,0.0662633991614029,0.0662633991614029,0.0662633991614029,0.0662633991614029,0.0662633991614029,0.0662633991614029,0.0662633991614029,0.0662633991614029,0.0662633991614029,0.0662633991614029,0.0662633991614029,0.0662633991614029,0.0662633991614029,0.0662633991614029,0.0662633991614029,0.0662633991614029,0.0662633991614029,0.0662633991614029,0.0662633991614029,0.0662633991614029,0.0662633991614029,0.0662633991614029,0.0662633991614029,0.0662633991614029,0.0662633991614029,0.0662633991614029,0.0662633991614029,0.0662633991614029,0.0662633991614029,0.0662633991614029,0.0662633991614029,0.0662633991614029,0.0662633991614029,0.0662633991614029,0.0662633991614029,0.0662633991614029,0.0662633991614029,0.0662633991614029,0.0662633991614029,0.0662633991614029,0.0662633991614029,0.0662633991614029,0.0662633991614029,0.0662633991614029,0.0662633991614029,0.0662633991614029,0.0662633991614029,0.0662633991614029,0.0662633991614029,0.0662633991614029,0.0662633991614029,0.0662633991614029,0.0662633991614029,0.0662633991614029,0.0662633991614029,0.0662633991614029,0.0662633991614029,0.0662633991614029,0.0662633991614029,0.0662633991614029,0.0662633991614029,0.0662633991614029,0.0662633991614029,0.0662633991614029,0.0662633991614029,0.0662633991614029,0.0662633991614029,0.0662633991614029,0.0662633991614029,0.0662633991614029,0.0662633991614029,0.0662633991614029,0.0662633991614029,0.0662633991614029,0.0662633991614029,0.0662633991614029,0.0662633991614029,0.0662633991614029,0.0662633991614029,0.0662633991614029,0.0662633991614029,0.0662633991614029,0.0662633991614029,0.0662633991614029,0.0662633991614029,0.0662633991614029,0.0662633991614029,0.0662633991614029,0.0662633991614029,0.0662633991614029,0.0662633991614029,0.0662633991614029,0.0662633991614029,0.0662633991614029,0.0662633991614029,0.0662633991614029,0.0662633991614029,0.0662633991614029,0.0662633991614029,0.0662633991614029,0.0662633991614029,0.0662633991614029,0.0662633991614029,0.0662633991614029,0.06625824280137331,0.06625302048077741,0.06624773065271924,0.06624237171010045,0.0662369419847981,0.06623143974619142,0.0662258631991775,0.0662202104817653,0.06621447966232476,0.06620866873651418,0.0662027756239183,0.06619679816440673,0.06619073411421461,0.0661845811417389,0.06617833682304325,0.06617199863705227,0.06616556396042203,0.0661590300620582,0.06615239409726299,0.06614565310147787,0.06613880398359295,0.06613184351878468,0.06612476834084643,0.06611757493396997,0.06611025962391857,0.06610281856856093,0.06609524774768408,0.06608754295203813,0.06607969977153615,0.06607171358252911,0.06606357953407069,0.06605529253307525,0.06604684722825974,0.06603823799275049,0.06602945890521966,0.06602050372940334,0.06601136589182836,0.06600203845756768,0.06599251410380007,0.06598278509094503,0.06597284323110032,0.06596267985347463,0.06595228576647069,0.06594165121602598,0.06593076583976294,0.06591961861643827,0.06590819781010628,0.06589649090832728,0.06588448455364866,0.0658721644674716,0.06585951536527618,0.06584652086200651,0.06583316336624652,0.06581942396155187,0.06580528227304769,0.06579071631707782,0.06577570233127003,0.06576021458191793,0.06574422514499421,0.06572770365637753,0.06571061702603959,0.06569292910981468,0.06567460033110105,0.06565558724311288,0.06563584202029693,0.0656153118648614,0.06559393831106718,0.06557165640568607,0.06554839373757786,0.0655240692822651,0.06549859201813527,0.06547185925871245,0.06544375462919523,0.06541414559363211,0.0653828804094308,0.0653497843450925,0.06531465494027833,0.06527725600718749,0.06523730995756957,0.06519448787301786,0.06514839648976535,0.06509856089803373,0.06504440118570792,0.06498520036007507,0.06492005943936668,0.06484783322259792,0.06476703619111225,0.06467570087357336,0.0645711580637933,0.06444968390572726,0.06430591132785987,0.06413180811155775,0.06391483356448403,0.0636345438072748,0.06325664394108532,0.06272587841899699,0.06197584921739533,0.061246253048873565,0.06124625304886285,0.06124625304885792,0.06124625304884855,0.06124625304815288,0.06015785600028331,0.059034621210071976,0.05797468903985663,0.057012274000647865,0.05613281656100213,0.055285413402019756,0.05439032266053427,0.05334433656554398,0.05211676833160345,0.050794632138768135,0.04947437984885269,0.04821657209134206,0.047049134183318096,0.045980974857937014,0.04529764952656925,0.044786060528239045,0.044379849002726755,0.04404564978132409,0.04376309251728546,0.04351871670127936,0.0433032415621086,0.043110083764793854,0.04293447250701411,0.042772890147131384,0.04262270440365243,0.042481919379795674,0.04234900319576597,0.04222276649324551,0.042102275518827656,0.041986789158766614,0.04187571282469763,0.041768564352410005,0.041664948562782515,0.04156453813141303,0.04146705909403918,0.04137227978604593,0.041280002344749524,0.04119005613739205,0.0411022926454929,0.041016581457343625,0.04093280710862812,0.040850866575830425,0.04077066727484435,0.04069212545267235,0.04061516488660464,0.04053971582518302,0.04046571412028816,0.040393100511100344,0.040321820029382956,0.0402518215022002,0.04018305713330636,0.04011548214840311,0.04004905449253246,0.039983734570266105,0.03991948502122174,0.03985627052490708,0.039794057630049035,0.03973281460448266,0.0396725113024019,0.03961311904635542,0.03955461052183405,0.03949695968267279,0.03944014166578889,0.03938413271402453,0.039328910106059926,0.039274452092525704,0.03922073783757703,0.03916774736530098,0.039115461510420835,0.03906386187283489,0.03901293077559204,0.038962651225957934,0.038913006879270746,0.03886398200532305,0.038815561457037955,0.038767730641235426,0.03872047549130744,0.03867378244164106,0.03862763840364612,0.03858203074325827,0.038536947259802584,0.038492376166113076,0.038448306069814385,0.038404725955680515,0.03836162516899279,0.038318993399827174,0.03827682066820614,0.03823509731005668,0.03819381396392024,0.03815296155836541,0.03811253130005747,0.03807251466244356,0.03803290337501395,0.03799368941310437,0.037954864988205946,0.03791642253875222,0.03787835472135491,0.03784065440246184,0.03780331465041256,0.03776632872786885,0.037729690084598796,0.037693392350594414,0.03765742932950462,0.037621794992365766,0.03758648347161396,0.037551489055363714,0.037516806181938867,0.03748242943464227,0.037448353536752174,0.03741457334673292,0.03738108385364957,0.037347880172775634,0.03731495754138448,0.03728231131471515,0.03724993696210375,0.03721783006327266,0.03718598630476954,0.03715440147654914,0.03712307146869089,0.037091992268246006,0.03706115995620794,0.03703057070460029,0.03700022077367691,0.03697010650922917,0.03694022433999486,0.036910570775165165,0.03688114240198421,0.03685193588343796,0.03682294795602781,0.03679417542762578,0.036765615175407225,0.03673726414385798,0.0367091193428528,0.03668117784580185,0.03665343678786252,0.036625893364213756,0.036598544828390214,0.03657138849067411,0.03654442171654191,0.036517641925163886,0.036491046587954455,0.03646463322717106,0.03643839941455981,0.036412342770045875,0.03638646096046703,0.03636075169834851,0.03633521274071769,0.036309841887956947,0.03628463698269322,0.036259595908723116,0.03623471658997167,0.03620999698948419,0.03618543510844942,0.03616102898525299,0.03613677669456011,0.03611267634642647,0.036088726085436,0.03606492408986503,0.03604126857087138,0.036017757771707834,0.03599438996695893,0.03597116346180042,0.035948076591280284,0.035925127719621086,0.035902315239542244,0.03587963757160206,0.03585709316355868,0.035834680489749075,0.035812398050485986,0.035790244371471526,0.03576821800322752,0.03574631752054161,0.035724541521928735,0.03570288862910752,0.035681357486490956,0.03565994676069113,0.03563865514003725,0.035617481334106714,0.03559642407326885,0.03557548210824075,0.03555465420965499,0.0355339391676387,0.03551333579140369,0.03549284290884742,0.035472459366164166,0.03545218402746643,0.03543201577441593,0.03541195350586419,0.03539199613750219,0.03537214260151891,0.035352391846268545,0.03533274283594601,0.03531319455027052,0.035293745984177206,0.035274396147516124,0.03525514406475876,0.03523598877471186,0.03521692933023798,0.035197964797982956,0.035179094258110014,0.035160316804040095,0.035141631542198515,0.035123037591767554,0.03510453408444499,0.0350861201642083,0.035067794987084296,0.035049557720924295,0.03503140754518438,0.03501334365071077,0.034995365239530236,0.034977471524645094,0.03495966172983307,0.034941935089451794,0.03492429084824725,0.034906728261167114,0.0348892465931779,0.0348718451190863,0.03485452312336445,0.03483727989997915,0.03482011475222472,0.03480302699255954,0.03478601594244628,0.034769080932195474,0.03475222130081239,0.034735436395847516,0.034718725573249815,0.034702088197223604,0.03468552364008797,0.034669031282139516,0.03465261051151787,0.03463626072407407,0.03461998132324157,0.0346037717199101,0.03458763133230204,0.034571559585851355,0.034555555913084984,0.0345396197535068,0.03452375055348376,0.03450794776613442,0.034492210851219805,0.034476539275036334,0.034460932510310995,0.034445390036098505,0.03442991133768066,0.034414495906467564,0.034399143239900835,0.03438385284135879,0.034368624220063336,0.034353456890988794,0.03433835037477252,0.034323304197627046,0.034308317891254325,0.034293390992761096,0.034278523044576285,0.03426371359436982,0.034248962194972976,0.03423426840430031,0.034219631785272854,0.03420505190574312,0.03419052833842115,0.034176060660802095,0.03416164845509516,0.03414729130815388,0.03413298881140752,0.034118740560793955,0.03410454615669361,0.034090405203864665,0.034076317311379535,0.03406228209256218,0.03404829916492703,0.03403436815011853,0.034020488673852115,0.0340066603658561,0.03399288285981443,0.03397915579331085,0.03396547880777377,0.03395185154842199,0.03393827366421174,0.033924744807784415,0.033911264635415196,0.03389783280696262,0.0338844489858191,0.03387111283886211,0.0338578240364064,0.03384458225215695,0.033831387163162634,0.03381823844977086,0.03380513579558278,0.03379207888740944,0.03377906741522848,0.03376610107214181,0.033753179554333684,0.033740302561029695,0.03372746979445636,0.03371468095980146,0.03370193576517491,0.033689233921570375,0.033676575142827424,0.033663959145594405,0.03365138564929178,0.03363885437607632,0.03362636505080547,0.03361391740100273,0.03360151115682321,0.033589146051020105,0.03357682181891127,0.03356453819834682,0.03355229492967674,0.03354009175571947,0.03352792842173063,0.03351580467537247,0.0335037202666836,0.033491674948049464,0.033479668474172906,0.033467700602045555,0.0334557710909194,0.03344387970227896,0.03343202619981377,0.03342021034939136,0.03340843191903059,0.03339669067887546,0.03338498640116929,0.03337331886022923,0.03336168783242125,0.03335009309613542,0.03333853443176169,0.033327011621665854,0.033315524450166,0.03330407270350925,0.03329265616984896,0.033281274639222015,0.033269927903526744,0.03325861575650099,0.033247337993700464,0.03323609441247758,0.033224884811960495,0.033213708993032366,0.03320256675831115,0.03319145791212944,0.03318038226051477,0.033169339611170065,0.03315832977345451,0.03314735255836463,0.033136407778515536,0.03312549524812265,0.03311461478298347,0.033103766200459794,0.033092949319460004,0.03308216396042174,0.03307140994529477,0.03306068709752407,0.033049995242033156,0.03303933420520774,0.03302870381487935,0.03301810390030956,0.03300753429217411,0.03299699482254736,0.032986485324887044,0.03297600563401906,0.03296555558612261,0.03295513501871547,0.032944743770639495,0.032934381682046286,0.03292404859438304,0.03291374435037868,0.032903468794030076,0.03289322177058846,0.03288300312654607,0.03287281270962296,0.03286265036875393,0.0328525159540757,0.032842409316914185,0.03283233030977202,0.0328222787863162,0.032812254601365866,0.03280225761088019,0.03279228767194668,0.032782344642769294,0.03277242838265694,0.03276253875201204,0.032752675612319225,0.03274283882613423,0.03273302825707294,0.032723243769800424,0.03271348523002037,0.0327037525044644,0.03269404546088173,0.03268436396802871,0.03267470789565881,0.03266507711451248,0.032655471496307195,0.03264589091372781,0.03263633524041669,0.03262680435096425,0.03261729812089954,0.032607816426680876,0.03259835914568665,0.03258892615620621,0.03257951733743097,0.03257013256944542,0.03256077173321847,0.03255143471059472,0.03254212138428593,0.03253283163786263,0.03252356535574567,0.032514322423198135,0.03250510272631702,0.03249590615202535,0.03248673258806407,0.0324775819229844,0.032468454046139864,0.03245934884767876,0.03245026621853654,0.03244120605042837,0.032432168235841656,0.03242315266802874,0.03241415924099984,0.03240518784951569,0.03239623838908057,0.032387310755935414,0.03237840484705085,0.03236952056012035,0.032360657793553564,0.03235181644646971,0.032342996418690866,0.032334197610735554,0.032325419923812396,0.032316663259813534,0.03230792752130861,0.032299212611538404,0.03229051843440872,0.03228184489448439,0.03227319189698315,0.03226455934776989,0.03225594715335059,0.03224735522086672,0.03223878345808936,0.0322302317734136,0.032221700075852955,0.03221318827503378,0.03220469628118981,0.032196224005156766,0.03218777135836697,0.03217933825284405,0.03217092460119775,0.03216253031661865,0.03215415531287317,0.03214579950429836,0.03213746280579703,0.032129145132832694,0.032120846401424694,0.03211256652814338,0.03210430543010527,0.03209606302496836,0.032087839230927326,0.032079633966709035,0.03207144715156782,0.03206327870528099,0.03205512854814432,0.032046996600967714,0.03203888278507057,0.03203078702227764,0.03202270923491465,0.03201464934580405,0.03200660727826073,0.031998582956088026,0.03199057630357334,0.0319825872454843,0.03197461570706458,0.03196666161402994,0.03195872489256426,0.03195080546931566,0.031942903271392584,0.03193501822635997,0.03192715026223551,0.03191929930748583,0.03191146529102277,0.03190364814219977,0.03189584779080827,0.03188806416707389,0.03188029720165311,0.031872546825629615,0.031864812970510824,0.03185709556822445,0.031849394551115066,0.031841709851940715,0.03183404140386954,0.03182638914047655,0.03181875299574016,0.03181113290403917,0.03180352880014932,0.031795940619240286,0.0317883682968724,0.03178081176899357,0.031773270971936204,0.031765745842414116,0.031758236317519534,0.03175074233472004,0.03174326383185566,0.03173580074713586,0.0317283530191367,0.031720920586797874,0.03171350338941993,0.031706101366661354,0.03169871445853587,0.03169134260540958,0.03168398574799828,0.031676643827364646,0.03166931678491566,0.03166200456239989,0.03165470710190481,0.0316474243458542,0.03164015623700565,0.03163290271844782,0.03162566373359804,0.03161843922619978,0.03161122914032004,0.03160403342034699,0.03159685201098754,0.03158968485726481,0.03158253190451582,0.03157539309838906,0.0315682683848422,0.03156115771013969,0.03155406102085042,0.03154697826384555,0.03153990938629621,0.031532854335671115,0.0315258130597345,0.031518785506543884,0.03151177162444779,0.03150477136208372,0.03149778466837588,0.0314908114925332,0.03148385178404703,0.031476905492689264,0.031469972568510154,0.03146305296183628,0.03145614662326854,0.03144925350368013,0.03144237355421452,0.03143550672628357,0.03142865297156549,0.03142181224200293,0.03141498448980103,0.031408169667425614,0.03140136772760121,0.031394578623309154,0.03138780230778589,0.03138103873452097,0.03137428785725532,0.03136754962997944,0.03136082400693156,0.03135411094259595,0.03134741039170108,0.031340722309217986,0.03133404665035842,0.03132738337057323,0.03132073242555068,0.031314093771214684,0.03130746736372322,0.03130085315946662,0.03129425111506604,0.03128766118737169,0.03128108333346139,0.03127451751063882,0.031267963676432066,0.031261421788591974,0.03125489180509066,0.031248373684119965,0.031241867384089853,0.031235372863627004,0.031228890081573257,0.03122241899698415,0.031215959569127413,0.031209511757481573,0.031203075521734423,0.031196650821781663,0.03119023761772544,0.03118383586987296,0.031177445538735,0.031171066585024696,0.031164698969655985,0.031158342653742392,0.03115199759859559,0.031145663765724054,0.031139341116831802,0.031133029613816976,0.03112672921877066,0.031120439893975498,0.03111416160190441,0.031107894305219368,0.031101637966770082,0.031095392549592787,0.031089158016908956,0.031082934332124137,0.031076721458826666,0.031070519360786454,0.03106432800195383,0.03105814734645837,0.031051977358607593,0.031045818002885927,0.031039669243953457,0.03103353104664484,0.03102740337596808,0.031021286197103468,0.031015179475402426,0.031009083176386384,0.03100299726574566,0.030996921709338453,0.03099085647318959,0.030984801523489616,0.0309787568265936,0.03097272234902015,0.030966698057450302,0.030960683918726518,0.030954679899851616,0.030948685967987766,0.03094270209045545,0.030936728234732484,0.030930764368452927,0.030924810459406187,0.030918866475535996,0.030912932384939404,0.030907008155865813,0.03090109375671604,0.030895189156041343,0.030889294322542466,0.030883409225068686,0.030877533832616915,0.03087166811433071,0.03086581203949943,0.03085996557755726,0.030854128698082343,0.030848301370795854,0.030842483565561116,0.03083667525238271,0.030830876401405603,0.030825086982914335,0.030819306967331983,0.030813536325219524,0.030807775027274796,0.030802023044331776,0.03079628034735968,0.030790546907462153,0.030784822695876422,0.030779107683972518,0.030773401843252394,0.03076770514534922,0.03076201756202648,0.03075633906517722,0.03075066962682327,0.030745009219114453,0.03073935781432782,0.03073371538486681,0.030728081903260582,0.030722457342163226,0.030716841674352936,0.03071123487273139,0.03070563691032291,0.030700047760273727,0.03069446739585132,0.030688895790443628,0.030683332917558363,0.030677778750822258,0.030672233263980386,0.03066669643089547,0.030661168225547136,0.030655648622031288,0.03065013759455932,0.03064463511745753,0.030639141165166375,0.03063365571223986,0.030628178733344797,0.03062271020326018,0.03061725009687655,0.030611798389195293,0.030606355055327994,0.03060092007049582,0.030595493410028922,0.030590075049365627,0.030584664964052048,0.030579263129741276,0.030573869522192806,0.030568484117271984,0.030563106890949293,0.030557737819299827,0.030552376878502645,0.030547024044840165,0.030541679294697595,0.030536342604562373,0.03053101395102345,0.030525693310770895,0.030520380660595144,0.030515075977386532,0.030509779238134697,0.030504490419927994,0.030499209499952936,0.030493936455493677,0.03048867126393141,0.03048341390274383,0.0304781643495046,0.0304729225818828,0.0304676885776424,0.030462462314641683,0.03045724377083278,0.030452032924261064,0.030446829753064734,0.030441634235474174,0.030436446349811505,0.030431266074490083,0.030426093388013952,0.030420928268977375,0.030415770696064246,0.030410620648047754,0.030405478103789692,0.030400343042240128,0.030395215442436833,0.030390095283504833,0.030384982544655853,0.030379877205187936,0.030374779244484944,0.03036968864201603,0.030364605377335235,0.030359529430080953,0.030354460779975573,0.030349399406824934,0.030344345290517858,0.030339298411025787,0.03033425874840224,0.03032922628278244,0.030324200994382808,0.030319182863500528,0.03031417187051319,0.030309167995878242,0.030304171220132677,0.030299181523892455,0.030294198887852238,0.030289223292784842,0.030284254719540896,0.030279293149048366,0.03027433856231221,0.03026939094041386,0.030264450264510943,0.03025951651583675,0.03025458967569996,0.030249669725484114,0.030244756646647265,0.030239850420721633,0.03023495102931314,0.030230058454101063,0.030225172676837633,0.03022029367934761,0.030215421443528,0.030210555951347553,0.03020569718484648,0.030200845126136026,0.03019599975739813,0.03019116106088502,0.03018632901891888,0.03018150361389145,0.030176684828263668,0.030171872644565362,0.030167067045394815,0.030162268013418456,0.030157475531370475,0.030152689582052538,0.030147910148333346,0.03014313721314834,0.030138370759499364,0.0301336107704543,0.03012885722914671,0.030124110118775558,0.030119369422604812,0.030114635123963132,0.03010990720624358,0.03010518565290321,0.0301004704474628,0.030095761573506484,0.03009105901468153,0.030086362754697834,0.03008167277732779,0.03007698906640584,0.030072311605828277,0.030067640379552774,0.030062975371598234,0.030058316566044387,0.03005366394703151,0.030049017498760103,0.03004437720549063,0.030039743051543135,0.03003511502129705,0.0300304930991908,0.030025877269721595,0.030021267517445025,0.030016663826974904,0.030012066182982848,0.030007474570198058,0.03000288897340707,0.029998309377453354,0.02999373576723711,0.029989168127715047,0.029984606443899924,0.02998005070086045,0.029975500883720887,0.029970956977660876,0.029966418967915052,0.02996188683977288,0.02995736057857835,0.029952840169729628,0.029948325598678927,0.02994381685093212,0.02993931391204858,0.02993481676764085,0.029930325403374352,0.029925839804967283,0.029921359958190168,0.029916885848865715,0.029912417462868535,0.029907954786124912,0.029903497804612513,0.029899046504360163,0.029894600871447578,0.029890160892005142,0.02988572655221371,0.029881297838304188,0.029876874736557542,0.029872457233304332,0.029868045314924613,0.02986363896784766,0.029859238178551708,0.029854842933563715,0.029850453219459207,0.029846069022861913,0.02984169033044372,0.029837317128924207,0.029832949405070606,0.029828587145697544,0.029824230337666763,0.02981987896788688,0.02981553302331326,0.029811192490947696,0.0298068573578383,0.029802527611079176,0.02979820323781024,0.029793884225217025,0.0297895705605304,0.029785262231026587,0.029780959224026543,0.029776661526896078,0.02977236912704558,0.029768082011929712,0.02976380016904728,0.029759523585941024,0.0297552522501974,0.029750986149446348,0.029746725271361164,0.029742469603658207,0.02973821913409679,0.029733973850478875,0.029729733740649005,0.029725498792494,0.029721268993942805,0.02971704433296631,0.029712824797577086,0.02970861037582932,0.029704401055818494,0.02970019682568125,0.029695997673595247,0.0296918035877789,0.029687614556491184,0.029683430568031563,0.029679251610739667,0.029675077672995147,0.029670908743217622,0.029666744809866263,0.02966258586143985,0.029658431886476416,0.029654282873553147,0.029650138811286194,0.029645999688330503,0.029641865493379625,0.029637736215165574,0.029633611842458583,0.029629492364067,0.02962537776883712,0.029621268045652942,0.02961716318343608,0.02961306317114554,0.029608967997777597,0.029604877652365566,0.029600792123979692,0.02959671140172701,0.02959263547475103,0.029588564332231802,0.02958449796338558,0.0295804363574647,0.029576379503757473,0.029572327407003784,0.029568280041705378,0.029564237396369163,0.029560199460561445,0.029556166223728263,0.029552137674988935,0.029548113804630093,0.029544094601922647,0.029540080056441192,0.029536070157874766,0.02953206489601966,0.029528064260463803,0.02952406824092172,0.029520076827407826,0.029516090009534018,0.029512107777147537,0.029508130120129237,0.029504157028391508,0.029500188491880828,0.02949622450057556,0.029492265044487355,0.029488310113501805,0.029484359697842237,0.029480413787581455,0.02947647237280988,0.029472535443789995,0.029468602990716672,0.029464675003546124,0.02946075147329692,0.029456832389808063,0.029452917743409024,0.029449007524460464,0.02944510172335396,0.029441200330512177,0.029437303336387825,0.029433410731465038,0.029429522506258205,0.029425638651311713,0.02942175915720071,0.02941788401453025,0.029414013213940642,0.02941014674608708,0.029406284601668584,0.02940242677119488,0.02939857324705438,0.029394724017407243,0.029390879074279057,0.02938703840826868,0.02938320201047391,0.029379369871786028,0.029375541983152554,0.029371718335514052,0.029367898919861846,0.029364083727203127,0.029360272748856595,0.029356465975624413,0.02935266339887908,0.029348865008984062,0.029345070797812064,0.029341280756086868,0.029337494875319274,0.02933371314670846,0.02932993556181257,0.029326162111561357,0.02932239278731107,0.029318627580408405,0.029314866481945593,0.02931110948500787,0.029307356578338443,0.029303607754763237,0.029299863005726935,0.029296122322676147,0.029292385696693585,0.029288653120083136,0.02928492458414772,0.029281200080287766,0.02927747960058039,0.029273763136444506,0.02927005067950399,0.02926634222161427,0.029262637754510257,0.029258937269704712,0.029255240759166617,0.02925154821472973,0.0292478596280782,0.029244174991297334,0.029240494296087268,0.029236817534380764,0.029233144698038945,0.029229475779199456,0.029225810769835735,0.029222149662321804,0.029218492448330243,0.029214839119921402,0.029211189669062044,0.029207544088062757,0.02920390236949292,0.02920026450462988,0.02919663048632275,0.02919300030604146,0.029189373955931606,0.029185751429303325,0.029182132718163854,0.02917851781445086,0.02917490671056782,0.029171299398464603,0.02916769587090764,0.02916409612026525,0.02916050013841713,0.02915690791894947,0.029153319454551997,0.029149734735656727,0.02914615375594898,0.029142576507931568,0.02913900298421675,0.02913543317735326,0.0291318670800774,0.029128304684452135,0.029124745983749315,0.029121190970519767,0.029117639637416343,0.029114091976864074,0.029110547981729695,0.029107007644749504,0.02910347095868773,0.02909993791621112,0.029096408510478195,0.02909288273409212,0.029089360579751672,0.0290858420404574,0.029082327108945417,0.029078815778256797,0.029075308040173865,0.029071803889105987,0.02906830331862386,0.02906480632035543,0.02906131288832324,0.029057823015018806,0.029054336693517,0.029050853916845525,0.029047374678191313,0.0290438989706223,0.02904042678731959,0.029036958121372983,0.029033492965747254,0.02903003131384362,0.029026573158874826,0.029023118494070393,0.029019667312679825,0.02901621960797692,0.029012775373252125,0.029009334601810596,0.029005897287374616,0.029002463422506387,0.028999033001356336,0.028995606015835996,0.028992182460427927,0.028988762328559597,0.02898534561367981,0.028981932309230424,0.028978522409581566,0.028975115906483082,0.028971712794313487,0.02896831306753237,0.028964916718696984,0.02896152374145136,0.028958134129389013,0.028954747876116852,0.028951364975253736,0.028947985420448744,0.02894460920536475,0.028941236323677302,0.028937866769079636,0.028934500535284405,0.02893113761602823,0.02892777800505778,0.02892442169613993,0.028921068683054895,0.02891771895835759,0.02891437251713645,0.028911029353205997,0.028907689461572288,0.02890435283496631,0.02890101946727234,0.02889768935239093,0.02889436248424351,0.02889103885677444,0.028887718463931313,0.02888440129968461,0.028881087358026303,0.028877776632955116,0.028874469118496032,0.028871164807440668,0.028867863695106633,0.028864565775547454,0.028861271042874677,0.028857979491197623,0.028854691114602874,0.028851405908465643,0.028848123865711686,0.0288448449804008,0.028841569246857202,0.028838296659339464,0.028835027211809607,0.028831760898651543,0.028828497713945907,0.02882523765212024,0.02882198070640337,0.028818726872145713,0.028815476143664847,0.028812228515305648,0.0288089839813677,0.028805742536224043,0.028802504174251554,0.02879926888982754,0.02879603667736793,0.02879280753127292,0.028789581445986295,0.028786358415933782,0.02878313843561384,0.028779921499449038,0.02877670760196126,0.02877349673768615,0.028770288901104463,0.028767084086752034,0.028763882289192595,0.02876068350299267,0.02875748772271403,0.02875429494295796,0.028751105158357704,0.02874791836350114,0.028744734553029307,0.028741553721618362,0.02873837586390709,0.028735200974578566,0.028732029049060456,0.028728860081212768,0.02872569406552075,0.02872253099758351,0.02871937086926671,0.028716213680161157,0.028713059422553634,0.0287099080926578,0.028706759683283102,0.02870361418817392,0.02870047160509448,0.02869733192756951,0.028694195150635888,0.028691061268912958,0.02868793027739276,0.028684802171039626,0.028681676944734363,0.028678554593421765,0.028675435111731786,0.028672318494912398,0.0286692047383952,0.0286660938362433,0.028662985785316328,0.02865988057862819,0.02865677821179345,0.028653678679871987,0.028650581977851305,0.028647488100859868,0.02864439704395342,0.02864130880218928,0.02863822337066834,0.02863514074444701,0.028632060918709918,0.028628983888805026,0.028625909649462593,0.02862283819620268,0.028619769524119976,0.028616703627782767,0.028613640502881843,0.028610580144622356,0.028607522548611604,0.028604467709955176,0.028601415623434188,0.028598366284319433,0.02859531968820031,0.028592275830067772,0.028589234704775174,0.02858619630826108,0.028583160635784553,0.02858012768290966,0.02857709744486687,0.028574069916430318,0.02857104509365026,0.02856802297164015,0.028565003545088515,0.028561986811019825,0.028558972763991566,0.028555961399427968,0.02855295271276476,0.028549946699138025,0.028546943354149017,0.028543942673531896,0.028540944653133688,0.02853794928797918,0.02853495657356678,0.028531966505175695,0.02852897907899645,0.028525994290034242,0.028523012133825954,0.028520032605951103,0.02851705570200255,0.028514081417751354,0.02851110974862331,0.02850814069028735,0.028505174238350597,0.02850221038841173,0.02849924913611271,0.028496290477141174,0.028493334407181044,0.028490380922012476,0.028487430017041855,0.028484481687954095,0.02848153593066775,0.028478592740395724,0.028475652113705754,0.028472714044898293,0.02846977853146843,0.028466845568594294,0.02846391515195115,0.028460987277214155,0.02845806194015224,0.028455139136605318,0.02845221886257561,0.0284493011130949,0.028446385884882894,0.028443473173430107,0.028440562974429085,0.028437655284002408,0.028434750097986315,0.028431847412384536,0.02842894722290494,0.028426049525447635,0.02842315431591611,0.028420261590128535,0.028417371344174217,0.028414483573931643,0.02841159827532751,0.02840871544432859,0.028405835076929935,0.028402957169085478,0.02840008171692853,0.028397208716355114,0.028394338163348916,0.028391470054469473,0.02838860438436577,0.028385741150005656,0.02838288034728587,0.02838002197198701,0.02837716602093149,0.02837431248971095,0.028371461374351495,0.02836861267103817,0.028365766375947968,0.02836292248492434,0.028360080994366786,0.02835724190041602,0.02835440519946889,0.02835157088715991,0.028348738959245473,0.028345909412443547,0.02834308224293134,0.0283402574468924,0.028337435020515698,0.028334614960016085,0.028331797261595366,0.028328981921477144,0.028326168935941427,0.02832335830113486,0.02832055001367202,0.028317744070431965,0.028314940465675596,0.02831213919661178,0.028309340260749532,0.028306543652155864,0.02830374936939502,0.028300957406568666,0.028298167762118624,0.028295380430293605,0.02829259540923062,0.028289812693697076,0.028287032280671472,0.028284254166651614,0.028281478348068538,0.02827870482127432,0.02827593358321668,0.028273164629162306,0.028270397956634323,0.02826763356105806,0.02826487143928099,0.02826211158773218,0.028259354002249947,0.02825659867987643,0.028253845617103517,0.028251094810323625,0.028248346256640147,0.028245599951928373,0.028242855892676107,0.028240114074281873,0.02823737449543946,0.02823463715156515,0.02823190203906847,0.028229169154572818,0.028226438494641383,0.028223710055845837,0.028220983834700463,0.028218259827912612,0.028215538031839876,0.02821281844275514,0.028210101056677792,0.02820738587191284,0.028204672884592275,0.02820196209107371,0.028199253487872486,0.028196547071640286,0.02819384283917697,0.028191140786780085,0.028188440911250837,0.028185743209142952,0.028183047677310207,0.028180354312083277,0.02817766311064045,0.028174974069007444,0.02817228718454666,0.028169602453717597,0.02816691987228716,0.028164239439393578,0.02816156114973011,0.028158885000485093,0.028156210988324486,0.0281535391085054,0.028150869362052078,0.02814820174217719,0.028145536246186268,0.028142872871400413,0.028140211614406177,0.028137552471845684,0.028134895441210124,0.028132240518301512,0.02812958770013242,0.02812693698387888,0.028124288366586734,0.028121641844707643,0.028118997413409015,0.028116355072079307,0.028113714817136995,0.028111076644818333,0.0281084405521308,0.028105806535983588,0.028103174592648196,0.02810054471990768,0.02809791691480616,0.028095291173700177,0.02809266749357551,0.028090045871446943,0.028087426304176693,0.028084808788569775,0.028082193321590884,0.028079579899945428,0.028076968520787927,0.028074359181612215,0.028071751878934906,0.028069146609975806,0.02806654337122962,0.028063942159978816,0.028061342973906077,0.02805874580842209,0.028056150661301373,0.028053557529658785,0.02805096641056624,0.028048377300827543,0.028045790197290792,0.028043205097766345,0.028040621998675175,0.028038040895784037,0.028035461788862417,0.028032884673647365,0.028030309547728657,0.028027736407289318,0.028025165249369145,0.02802259607271995,0.028020028872388466,0.02801746364585805,0.02801490039078489,0.028012339104317992,0.028009779783309527,0.028007222425259656,0.028004667026654603,0.028002113584982082,0.027999562097480665,0.027997012560095843,0.027994464972149937,0.02799191932964492,0.02798937562981193,0.02798683387136824,0.02798429404849661,0.027981756160436445,0.027979220203826604,0.027976686175831825,0.027974154073008087,0.027971623893262455,0.027969095633769953,0.027966569291859558,0.02796404486408111,0.027961522348719743,0.02795900174289179,0.02795648304336179,0.027953966247500173,0.02795145135233578,0.027948938355120915,0.027946427251523194,0.027943918042688615,0.027941410723585407,0.027938905292105676,0.02793640174524701,0.02793390008026459,0.02793140029453132,0.02792890238526861,0.027926406350060818,0.027923912185797185,0.027921419889837998,0.027918929459955326,0.027916440892728114,0.027913954187291277,0.027911469338628155,0.02790898634482967,0.027906505203939596,0.027904025913089495,0.027901548468962267,0.027899072870030572,0.027896599113153838,0.02789412719536172,0.027891657114153076,0.027889188867512807,0.02788672245217995,0.02788425786613264,0.02788179510657268,0.02787933417083228,0.02787687505637882,0.02787441776064757,0.027871962281081894,0.027869508615057447,0.0278670567602034,0.027864606715025848,0.02786215847454397,0.02785971203750296,0.027857267401357626,0.02785482456347535,0.027852383521504112,0.027849944272930065,0.027847506814512334,0.027845071144918118,0.02784263726122991,0.027840205160676566,0.027837774841254707,0.027835346300734563,0.027832919535635034,0.027830494543592724,0.027828071322471063,0.027825649869735562,0.02782323018299082,0.02782081226018507,0.0278183960989735,0.0278159816955423,0.02781356904819215,0.027811158154654,0.02780874901256409,0.02780634161941508,0.02780393597271274,0.027801532070291006,0.0277991299094069,0.027796729487855356,0.02779433080308824,0.027791933852973703,0.027789538634903684,0.027787145146541046,0.027784753385376577,0.02778236334912903,0.027779975035343307,0.027777588441922428,0.027775203566455416,0.027772820406342755,0.02777043895945109,0.02776805922347,0.02776568119583101,0.02776330487369555,0.027760930255860176,0.027758557339422035,0.027756186122198663,0.027753816601953984,0.02775144877616553,0.027749082642629288,0.027746718199015908,0.02774435544302008,0.027741994372349924,0.02773963498468697,0.027737277277337075,0.027734921248410604,0.027732566895410326,0.027730214216762496,0.027727863210174016,0.027725513872929774,0.027723166202432228,0.027720820197270804,0.027718475854730317,0.02771613317147178,0.02771379214650987,0.027711452778120448,0.027709115063430757,0.02770677900045813,0.027704444586633944,0.027702111819648104,0.027699780697879445,0.027697451218590238,0.027695123379744814,0.027692797178906756,0.02769047261406373,0.027688149683028178,0.027685828383608755,0.027683508713635462,0.02768119067092189,0.027678874253296234,0.027676559458484698,0.027674246284429396,0.027671934728969883,0.02766962478995065,0.027667316465219503,0.027665009752628568,0.027662704650164634,0.027660401155429476,0.027658099266417723,0.02765579898111239,0.027653500297286786,0.0276512032128073,0.02764890772554713,0.02764661383339373,0.02764432153419946,0.02764203082595422,0.027639741706485598,0.02763745417363533,0.027635168225469634,0.02763288385973786,0.027630601074481377,0.027628319867577897,0.027626040236990695,0.02762376218050646,0.027621485695865533,0.027619210781558982,0.02761693743502921,0.027614665654514994,0.027612395438025673,0.02761012678311616,0.027607859688355475,0.027605594151359363,0.02760333016999301,0.027601067742424337,0.027598806866445235,0.027596547539886353,0.027594289761222756,0.027592033527896298,0.027589778838408595,0.027587525689878194,0.027585274081238707,0.027583024010009054,0.02758077547447828,0.027578528472560617,0.027576283002633234,0.027574039061773022,0.02757179664875176,0.027569555761317525,0.02756731639733677,0.02756507855563829,0.02756284223312693,0.027560607428907823,0.02755837414050916,0.02755614236555768,0.02755391210269203,0.027551683349982387,0.02754945610481212,0.02754723036577001,0.02754500613123683,0.02754278339870615,0.02754056216631331,0.027538342432578165,0.02753612419510468,0.02753390745226916,0.027531692201693093,0.02752947844204439,0.027527266171203112,0.027525055387113813,0.027522846087920667,0.027520638271630773,0.02751843193671159,0.027516227080810512,0.02751402370188095,0.02751182179911056,0.027509621369919423,0.027507422412533872,0.02750522492473333,0.027503028904955346,0.027500834351572436,0.027498641262494957,0.027496449635457464,0.027494259469108367,0.027492070761671726,0.02748988351116234,0.027487697715645968,0.027485513372909352,0.027483330481963053,0.027481149040511764,0.027478969046737762,0.02747679049884,0.02747461339467302,0.027472437733015366,0.02747026351134705,0.027468090728256973,0.027465919381904118,0.02746374947097721,0.027461580993209916,0.027459413946809397,0.027457248329966672,0.02745508414090328,0.027452921377816554,0.027450760038926967,0.02744860012114624,0.027446441623859882,0.027444284546675017,0.027442128886578914,0.027439974642035465,0.027437821810502375,0.027435670391016236,0.027433520380597758,0.027431371779799294,0.027429224585523142,0.027427078795436186,0.027424934408349682,0.02742279142299431,0.027420649836802733,0.027418509648508407,0.027416370856244505,0.02741423345835176,0.027412097452960693,0.027409962839091015,0.027407829613878845,0.027405697776102515,0.027403567324359637,0.02740143825749457,0.0273993105722617,0.027397184267158366,0.027395059342427315,0.02739293579359821,0.027390813619804395,0.02738869282018638,0.027386573392763545,0.027384455335402503,0.027382338647152418,0.027380223325592003,0.027378109369405303,0.027375996777312006,0.027373885546736747,0.027371775676980365,0.02736966716553676,0.02736756001110548,0.027365454212578983,0.027363349767739874,0.027361246674793352,0.027359144932424626,0.027357044539513112,0.027354945492800087,0.02735284779190448,0.027350751434951,0.027348656419743874,0.0273465627453414,0.02734447040997622,0.02734237941174535,0.027340289749432874,0.02733820142120155,0.02733611442542413,0.027334028760488956,0.02733194442478911,0.027329861416710323,0.027327779734601404,0.027325699376907073,0.027323620342035428,0.027321542628841206,0.027319466234797075,0.02731739115878244,0.027315317399190266,0.027313244954446238,0.027311173823466522,0.0273091040048119,0.02730703549512579,0.027304968293969924,0.02730290239977244,0.02730083781096502,0.027298774525978096,0.02729671254325147,0.027294651861221594,0.02729259247833107,0.02729053439302326,0.027288477603745646,0.027286422108941735,0.027284367907068504,0.02728231499659108,0.02728026337593651,0.02727821304360695,0.02727616399803085,0.02727411623769833,0.027272069761068368,0.027270024566684977,0.027267980652520712,0.027265938018042335,0.02726389666116929,0.027261856579747865,0.027259817773858618,0.02725778024066531,0.027255743978940507,0.027253708987341967,0.027251675264202052,0.027249642806955594,0.02724761161519442,0.027245581688766042,0.027243553023625088,0.027241525619904592,0.027239499474912453,0.027237474589777093,0.027235450959981082,0.02723342858656776,0.027231407465686912,0.027229387598148132,0.0272273689800861,0.0272253516125444,0.027223335491889343,0.027221320618383078,0.02721930698950528,0.02721729460397713,0.027215283460375505,0.02721327355736882,0.02721126489334615,0.02720925746679579,0.02720725127648054,0.027205246320675048,0.027203242597956298,0.027201240107159647,0.027199238847021346,0.02719723881545136,0.027195240011372558,0.027193242431606285,0.02719124607831795,0.02718925094802367,0.027187257040189296,0.02718526435208814,0.02718327288272243,0.027181282629787227,0.027179293594731244,0.027177305773559698,0.027175319165992078,0.02717333377051915,0.027171349585462717,0.027169366609346,0.027167384840902423,0.027165404278868203,0.02716342492022968,0.027161446764938226,0.027159469811381415,0.027157494058790643,0.02715551950738235,0.027153546153484615,0.027151573997013328,0.027149603035158364,0.027147633265922656,0.02714566468991532,0.027143697305480465,0.02714173111069037,0.02713976610424345,0.02713780228499821,0.027135839651306535,0.027133878201744895,0.027131917935096807,0.027129958848453966,0.027128000943575516,0.027126044217800245,0.02712408866929355,0.027122134297090247,0.027120181099578356,0.02711822907555197,0.027116278223674035,0.02711432854265542,0.027112380031070395,0.027110432687634984,0.027108486511019353,0.027106541499893926,0.02710459765294267,0.02710265496883894,0.02710071344600434,0.027098773083644338,0.027096833880174746,0.02709489583425596,0.02709295894464063,0.02709102320998784,0.027089088628991502,0.027087155200347345,0.0270852229227533,0.02708329179490951,0.02708136181551826,0.02707943298328402,0.027077505296913423,0.02707557875511528,0.027073653356600544,0.02707172910008235,0.027069805984275958,0.027067884007898748,0.027065963169670304,0.027064043468312288,0.027062124902549608,0.027060207471106032,0.02705829117271072,0.027056376006095468,0.0270544619699893,0.027052549063128227,0.02705063728424878,0.02704872663208952,0.027046817105391176,0.027044908702896508,0.027043001423350345,0.027041095265499686,0.027039190228093504,0.027037286309882887,0.027035383509620987,0.02703348182606304,0.02703158125796628,0.02702968180409005,0.027027783463195704,0.027025886234046656,0.027023990115408354,0.027022095106048295,0.02702020120473596,0.027018308410242924,0.027016416721342723,0.027014526136810935,0.02701263665542515,0.027010748275964957,0.027008860997187106,0.027006974817869168,0.027005089736296117,0.02700320575223992,0.027001322863124535,0.02699944106972254,0.026997560369772192,0.026995680760937463,0.026993802244229342,0.026991924816239153,0.026990048476891453,0.02698817322498573,0.02698629905930919,0.026984425978658872,0.026982553981885014,0.026980683067760042,0.02697881323513426,0.026976944482758503,0.02697507680950565,0.026973210214189705,0.0269713446956116,0.026969480252601954,0.02696761688398386,0.026965754588574635,0.02696389336523001,0.02696203321277605,0.026960174130006835,0.026958316115779552,0.026956459168959217,0.026954603288364166,0.026952748472814116,0.026950894721141073,0.02694904203217676,0.026947190404844105,0.026945339837970605,0.02694349033036319,0.02694164188091646,0.026939794488469226,0.026937948151879013,0.026936102869939506,0.02693425864155242,0.026932415465586796,0.026930573340903135,0.026928732266372053,0.026926892240860173,0.026925053264904904,0.026923215333986304,0.02692137844868437,0.026919542609060248,0.026917707811652147,0.02691587405645238,0.02691404134239972,0.026912209668311923,0.02691037903311975,0.026908549436564375,0.026906720877571722,0.02690489335234036,0.02690306686298064,0.026901241406275093,0.02689941698293607,0.02689759359056745,0.026895771228051153,0.026893949894595398,0.02689212958909945,0.02689031030954827,0.026888492056359844,0.02688667482695155,0.026884858621692685,0.026883043438756544,0.026881229277095405,0.02687941613458584,0.026877604011792684,0.026875792907325065,0.026873982819400455,0.026872173747284823,0.02687036568990718,0.02686855864569442,0.026866752614548763,0.02686494759490267,0.026863143585216992,0.026861340585062465,0.026859538593490204,0.02685773760895119,0.026855937631024285,0.026854138657931192,0.026852340689236108,0.026850543722302382,0.026848747757641133,0.026846952793775084,0.026845158829136444,0.026843365863470074,0.026841573895935836,0.026839782925744526,0.026837992951067223,0.026836203970680133,0.026834415984047514,0.026832628988847942,0.026830842985144283,0.02682905797200514,0.02682727394847551,0.026825490913402972,0.0268237088651277,0.026821927803748563,0.026820147727126844,0.02681836863464225,0.026816590525706663,0.026814813398404032,0.026813037252184986,0.026811262085998447,0.026809487898802987,0.026807714690099047,0.026805942457874574,0.026804171201586846,0.02680240092023205,0.026800631612616983,0.026798863278074833,0.026797095915429142,0.026795329523638448,0.026793564101730113,0.026791799648673995,0.026790036163469925,0.026788273645014765,0.026786512092509235,0.026784751504823404,0.026782991881151453,0.026781233220277128,0.026779475521128707,0.026777718782815946,0.026775963003233275,0.02677420818331751,0.026772454321590703,0.026770701416744574,0.026768949467856427,0.02676719847374048,0.02676544843365652,0.02676369934631972,0.02676195121146908,0.026760204026176827,0.026758457791779662,0.026756712506375006,0.02675496816896783,0.02675322477766143,0.02675148233357248,0.026749740834554583,0.02674800027967809,0.02674626066804553,0.026744521998777734,0.02674278427076002,0.02674104748302795,0.026739311634618842,0.026737576724571294,0.02673584275192525,0.026734109715722126,0.026732377615005215,0.02673064644881902,0.026728916216208747,0.02672718691622252,0.026725458547908868,0.02672373111034133,0.026722004602369342,0.02672027902319663,0.026718554371736668,0.026716830647332993,0.0267151078499714,0.026713385976553296,0.02671166502739731,0.026709945001376835,0.026708225897621923,0.02670650771520869,0.026704790453087063,0.026703074110407718,0.02670135868641277,0.0266996441817564,0.02669793059187791,0.026696217918686635,0.02669450615932332,0.026692795313831272,0.026691085381286832,0.026689376360767066,0.026687668251352447,0.026685961052124677,0.026684254762425877,0.02668254938107876,0.026680844907168665,0.02667914133978433,0.026677438677753827,0.02667573692068297,0.026674036068304957,0.026672336118819157,0.02667063707040436,0.026668938924194998,0.026667241678067943,0.0266655453299599,0.02666384988056608,0.02666215532776964,0.02666046167185197,0.026658768911950913,0.026657077050048543,0.02665538607890273,0.026653696001607698,0.026652006815494823,0.0266503185230344,0.026648631119348988,0.02664694460509022,0.026645258979388662,0.026643574240108072,0.02664189038758198,0.026640207420838943,0.02663852533920529,0.026636844141597744,0.026635163827239444,0.02663348439525409,0.02663180584489142,0.026630128175147143,0.026628451385131858,0.026626775473976592,0.02662510044084224,0.02662342628482232,0.026621753005044595,0.026620080600695553,0.026618409070619107,0.02661673841448753,0.026615068631176814,0.02661339971977392,0.026611731679492663,0.02661006450935173,0.026608398208648906,0.026606732776426112,0.026605068211076142,0.026603404512175563,0.026601741680591765,0.026600079713968567,0.026598418611676864,0.026596758371609963,0.02659509899497285,0.026593440480135806,0.026591782826182804,0.02659012603219586,0.02658847009740698,0.026586815020936284,0.02658516080194277,0.02658350743956816,0.026581854932859878,0.026580203281264522,0.026578552483779102,0.0265769025394532,0.026575253447739665,0.026573605206944143,0.026571957817637725,0.026570311278243,0.026568665588236676,0.02656702074635132,0.026565376751929073,0.026563733604222203,0.026562091302452007,0.026560449845733226,0.026558809232209126,0.026557169463154742,0.02655553053629297,0.02655389245248018,0.026552255208565852,0.026550618804061475,0.026548983239057383,0.026547348512628237,0.026545714623850924,0.02654408157192832,0.026542449356048128,0.02654081797540302,0.026539187429051356,0.026537557716305612,0.026535928836375237,0.026534300788573037,0.026532673572265516,0.026531047185932737,0.02652942162932405,0.026527796903189082,0.026526173003839002,0.026524549931321157,0.02652292768560022,0.02652130626527467,0.02651968566941989,0.026518065897655707,0.026516446949808307,0.02651482882382844,0.026513211520129573,0.02651159503695303,0.026509979373443647,0.026508364529133268,0.026506750503504043,0.02650513729623998,0.026503524905181274,0.026501913331092253,0.026500302572564798,0.026498692628472306,0.026497083496634034,0.02649547517862391,0.026493867672911748,0.026492260978712025,0.026490655096762433,0.026489050023059183,0.026487445759027867,0.02648584230323662,0.026484239654817165,0.02648263781230227,0.026481036776409634,0.02647943654634814,0.026477837120865072,0.026476238499074312,0.026474640680390533,0.02647304366383225,0.02647144744866125,0.026469852035992433,0.026468257421952752,0.026466663607062763,0.02646507059050609,0.02646347837206942,0.02646188695040422,0.02646029632478059,0.026458706494763475,0.026457117459751357,0.026455529218503162,0.02645394177047466,0.026452355114917767,0.026450769252272823,0.026449184179469894,0.02644759989686047,0.026446016403734788,0.026444433699370058,0.026442851783002503,0.02644127065388765,0.026439690311153473,0.02643811075451453,0.026436531982840728,0.026434953995090656,0.026433376791406924,0.02643180037035552,0.026430224731336924,0.02642864987379187,0.0264270757972062,0.02642550250014139,0.026423929982446713,0.026422358242940383,0.02642078728133176,0.026419217096597652,0.02641764768940973,0.02641607905662656,0.026414511198664836,0.0264129441148441,0.026411377803847794,0.02640981226603291,0.026408247500249237,0.02640668350560996,0.02640512028147583,0.026403557827226896,0.02640199614195917,0.02640043522505108,0.02639887507526486,0.02639731569243273,0.026395757076852357,0.026394199226262478,0.026392642140267496,0.026391085818039534,0.026389530259756024,0.02638797546381174,0.026386421430163155,0.02638486815723734,0.026383315645896542,0.026381763893939463,0.026380212901144,0.026378662666759433,0.026377113190186773,0.026375564470669802,0.026374016507517486,0.026372469300336578,0.026370922848612265,0.02636937715036134,0.02636783220631506,0.02636628801449006,0.026364744575885907,0.02636320188762611,0.026361659950356102,0.02636011876320681,0.026358578325319612,0.0263570386363527,0.02635549969544265,0.026353961501903552,0.02635242405505496,0.026350887356407206,0.02634935140089088,0.026347816190012016,0.026346281723095378,0.02634474800148087,0.026343215020436527,0.026341682781154376,0.02634015128327663,0.026338620527300863,0.026337090509751457,0.02633556123155082,0.026334032691891975,0.026332504889951994,0.02633097782517622,0.026329451498608936,0.026327925906292335,0.02632640104908722,0.02632487692635847,0.026323353537603473,0.026321830882144733,0.026320308959038054,0.02631878776768816,0.02631726730882299,0.026315747579415235,0.02631422857964846,0.026312710309575996,0.026311192768839843,0.026309675955299507,0.02630815986909486,0.02630664450956447,0.026305129875406442,0.02630361596641988,0.026302102783660304,0.02630059032431329,0.026299078587737397,0.026297567574427697,0.02629605728259795,0.026294547711462776,0.026293038861033013,0.026291530732107195,0.0262900233210465,0.02628851662849097,0.026287010654046542,0.026285505397779817,0.026284000858173045,0.026282497034261023,0.026280993926547994,0.02627949153386898,0.026277989854582403,0.02627648888906187,0.026274988636578556,0.02627348909628564,0.026271990267810585,0.026270492149603236,0.026268994742488075,0.02626749804530211,0.026266002057964487,0.02626450677842999,0.026263012207857036,0.026261518342916176,0.026260025185262076,0.026258532733371285,0.02625704098679615,0.0262555499450385,0.026254059607517363,0.026252569973207386,0.026251081041445596,0.02624959281231907,0.026248105284524745,0.026246618457581892,0.02624513233274071,0.0262436469061968,0.02624216217882597,0.02624067814982354,0.026239194818541912,0.026237712184724496,0.02623623024802385,0.026234749006828838,0.02623326846104754,0.026231788610182886,0.026230309453911256,0.02622883099075509,0.026227353220570147,0.02622587614261545,0.026224399755726283,0.02622292406056708,0.026221449055852632,0.02621997474110273,0.02621850111573918,0.026217028178984428,0.026215555930029326,0.026214084368645762,0.02621261349416581,0.026211143305945896,0.026209673803640025,0.026208204986081653,0.026206736853018338,0.0262052694036722,0.026203802636779298,0.026202336553414658,0.0262008711520843,0.02619940643221849,0.02619794239317646,0.02619647903429779,0.026195016355160586,0.026193554355413262,0.02619209303382386,0.02619063239005646,0.026189172424301035,0.026187713134534385,0.02618625452104422,0.02618479658355346,0.02618333932026779,0.026181882731234007,0.02618042681601033,0.02617897157401816,0.026177517004925165,0.02617606310746275,0.026174609881052573,0.026173157325753257,0.02617170544078457,0.026170254225413102,0.02616880367915723,0.026167353801242615,0.026165904591266647,0.026164456048627615,0.026163008172811343,0.026161560963100936,0.026160114419072268,0.02615866854002122,0.026157223325351264,0.026155778774711005,0.02615433488718107,0.026152891662427482,0.026151449100168707,0.026150007199081428,0.026148565959073014,0.026147125379554423,0.02614568545993042,0.026144246199494185,0.026142807597613255,0.026141369654042308,0.02613993236796596,0.02613849573898512,0.026137059766436162,0.026135624449866893,0.026134189788511026,0.026132755781848593,0.026131322429410866,0.026129889730754634,0.026128457685003274,0.02612702629194657,0.026125595550669532,0.026124165460869476,0.026122736021909492,0.026121307233384967,0.026119879094381026,0.026118451604506602,0.02611702476307818,0.026115598569912392,0.026114173024254412,0.026112748125622608,0.02611132387341817,0.026109900266907165,0.026108477305690752,0.026107054989315148,0.026105633316681885,0.026104212287999404,0.02610279190199025,0.026101372159165914,0.02609995305813595,0.026098534597912934,0.02609711677923878,0.02609569960088072,0.02609428306247177,0.02609286716305657,0.026091451902382053,0.02609003727989535,0.026088623295417977,0.026087209946283565,0.026085797235261065,0.02608438516026935,0.026082973720669384,0.026081562916112397,0.02608015274587731,0.026078743209609654,0.026077334306496523,0.02607592603632192,0.026074518398430616,0.026073111391777114,0.02607170501675113,0.026070299272383475,0.02606889415820856,0.026067489673467708,0.026066085817755342,0.0260646825907396,0.026063279991726012,0.02606187801980197,0.026060476674248618,0.026059075955823328,0.026057675863513454,0.026056276396784317,0.02605487755434163,0.026053479336574797,0.026052081742555994,0.026050684770679376,0.026049288422711404,0.02604789269687082,0.02604649759246946,0.026045103109605366,0.02604370924678374,0.026042316004691056,0.026040923382200685,0.026039531378425174,0.026038139993526915,0.026036749226591393,0.02603535907727573,0.02603396954512644,0.02603258062951801,0.026031192329623528,0.026029804645506336,0.02602841757647968,0.02602703112179627,0.026025645281060553,0.026024260053630753,0.02602287543923024,0.026021491437274454,0.02602010804704584,0.02601872526839746,0.026017343100635207,0.026015961543206338,0.026014580595525652,0.02601320025692659,0.026011820527389914,0.02601044140627845,0.02600906289271406,0.026007684986953467,0.026006307687853034,0.02600493099512829,0.026003554908058384,0.02600217942649144,0.026000804549931842,0.02599943027776883,0.02599805660939944,0.02599668354429486,0.02599531108172504,0.025993939221846448,0.025992567963475658,0.02599119730637472,0.025989827250518984,0.025988457795120986,0.02598708893937137,0.02598572068328745,0.02598435302582883,0.025982985967018337,0.02598161950594706,0.025980253642018416,0.02597888837477,0.025977523704297102,0.025976159629743093,0.02597479615052595,0.025973433266248017,0.025972070976656474,0.025970709280917822,0.02596934817864633,0.025967987669371126,0.02596662775248229,0.02596526842785549,0.02596390969467197,0.02596255155262005,0.02596119400106894,0.025959837039470985,0.025958480667735723,0.025957124884953203,0.025955769690985512,0.0259544150850616,0.02595306106694167,0.025951707635995636,0.025950354791381587,0.025949002533443444,0.02594765086126142,0.025946299774386485,0.025944949272249697,0.025943599354473774,0.02594225002019314,0.025940901269614212,0.02593955310194529,0.025938205516535997,0.025936858513195993,0.0259355120915552,0.025934166250843823,0.025932820990583368,0.025931476310570557,0.025930132210020693,0.02592878868874283,0.02592744574617299,0.025926103381836787,0.025924761595236424,0.025923420385882637,0.02592207975330565,0.02592073969715498,0.02591940021679249,0.025918061311670702,0.02591672298163,0.02591538522613653,0.025914048044647694,0.025912711436591972,0.025911375401745096,0.025910039939528774,0.025908705049460388,0.025907370731280376,0.025906036984003504,0.02590470380768691,0.02590337120164264,0.025902039165508664,0.02590070769875091,0.02589937680094811,0.02589804647121357,0.02589671670996941,0.02589538751612612,0.025894058889335426,0.025892730829472917,0.025891403335770606,0.02589007640805919,0.02588875004539704,0.025887424247639453,0.02588609901432891,0.025884774345135263,0.02588345023915402,0.025882126696332518,0.025880803715976907,0.02587948129793758,0.02587815944147991,0.025876838146368618,0.02587551741206262,0.025874197238136262,0.025872877624082295,0.025871558568838597,0.025870240073009622,0.025868922136640434,0.025867604759256892,0.02586628793814865,0.02586497167428262,0.02586365596719761,0.02586234081634625,0.02586102622153982,0.02585971218212126,0.02585839869781352,0.02585708576769876,0.02585577339216523,0.025854461570356386,0.025853150301875273,0.025851839586423765,0.025850529423126243,0.0258492198117959,0.025847910751994323,0.025846602243247786,0.0258452942851435,0.025843986877298254,0.0258426800192334,0.025841373710468414,0.025840067950344867,0.02583876273903567,0.02583745807655248,0.025836153960920948,0.025834850392422767,0.025833547370741176,0.02583224489531705,0.025830942965500092,0.02582964158142098,0.025828340742485068,0.02582704044809542,0.02582574069782373,0.02582444149132608,0.025823142828098937,0.025821844707845144,0.025820547129950983,0.025819250094179506,0.025817953599992685,0.02581665764704069,0.025815362234847115,0.025814067362992948,0.025812773031071382,0.025811479238744772,0.025810185985434362,0.025808893270735753,0.025807601094249656,0.02580630945602284,0.025805018354864352,0.025803727790761788,0.025802437763150204,0.025801148271781683,0.02579985931608511,0.025798570895357465,0.025797283009758063,0.02579599565862323,0.02579470884154734,0.025793422557967367,0.02579213680694113,0.025790851589785543,0.025789566904270447,0.025788282749507868,0.02578699912792632,0.025785716037605023,0.025784433477958155,0.025783151448643644,0.02578186994843625,0.02578058897845808,0.025779308537587496,0.02577802862542512,0.02577674924165339,0.02577547038573075,0.02577419205713154,0.025772914255747518,0.025771636980755304,0.025770360232215284,0.025769084010233274,0.025767808312691036,0.02576653313990152,0.025765258491999336,0.025763984368201095,0.02576271076791511,0.025761437691383816,0.02576016513783085,0.02575889310688153,0.025757621598121505,0.02575635061075214,0.02575508014515747,0.0257538102005176,0.02575254077645698,0.02575127187262577,0.02575000348831627,0.02574873562351628,0.025747468277657923,0.025746201450382252,0.025744935141393806,0.02574366935038622,0.025742404076493815,0.02574113931955009,0.025739875079218072,0.025738611354311294,0.02573734814598856,0.025736085453008047,0.025734823274662776,0.025733561610257822,0.0257323004611095,0.025731039826857635,0.025729779704689277,0.025728520095798072,0.025727260999559475,0.02572600241549186,0.025724744343370732,0.0257234867829847,0.025722229733407112,0.025720973194647615,0.025719717165224844,0.025718461646552407,0.025717206637586882,0.025715952137591327,0.025714698146391768,0.025713444663482448,0.025712191689233197,0.025710939223044814,0.025709687262982863,0.025708435809690726,0.025707184862624105,0.025705934421762174,0.025704684487386612,0.025703435058452115,0.025702186133781727,0.025700937713467632,0.025699689797194565,0.025698442384631707,0.02569719547522404,0.025695949068489213,0.025694703164985556,0.025693457763785343,0.025692212864307278,0.02569096846629131,0.02568972456938204,0.0256884811732274,0.02568723827747279,0.02568599588270809,0.02568475398811634,0.025683512590871767,0.025682271692528062,0.02568103129303147,0.02567979139157321,0.02567855198746218,0.025677313080669176,0.025676074670602136,0.025674836757398758,0.025673599340398492,0.025672362419193594,0.02567112599346691,0.025669890062800044,0.025668654626646397,0.025667419684820284,0.025666185237181456,0.0256649512831432,0.02566371782233538,0.025662484854389604,0.025661252378935618,0.02566002039410273,0.025658788902522368,0.025657557903600085,0.02565632739476305,0.025655097376808555,0.025653867848447257,0.025652638810042955,0.025651410261182665,0.025650182201629644,0.02564895463098063,0.025647727548810874,0.02564650095462057,0.02564527484815291,0.02564404922909788,0.02564282409668061,0.025641599451688986,0.025640375291927624,0.025639151618658408,0.02563792842988521,0.025636705727359835,0.025635483510102936,0.025634261777314853,0.025633040529084817,0.0256318197663504,0.02563059948550439,0.02562937968646617,0.025628160370183967,0.025626941536042905,0.02562572318333599,0.025624505313334288,0.025623287924141164,0.025622071015865774,0.025620854588091064,0.025619638640592003,0.02561842317319887,0.025617208184988666,0.02561599367580407,0.025614779645199787,0.0256135660931884,0.025612353019391965,0.025611140423577525,0.025609928304655118,0.025608716662726322,0.02560750549778036,0.02560629480751513,0.025605084594453566,0.025603874856990106,0.025602665594594363,0.025601456807176248,0.025600248493308567,0.025599040654541404,0.025597833289943108,0.02559662639658383,0.025595419978434397,0.025594214031211468,0.0255930085583068,0.02559180355741244,0.025590599028464864,0.02558939497065277,0.02558819138441796,0.025586988268811735,0.025585785623546194,0.025584583448152343,0.02558338174251671,0.02558218050604728,0.025580979738643317,0.025579779439738198,0.025578579609290397,0.02557738024681158,0.025576181351974682,0.025574982926363087,0.025573784966155113,0.02557258747144107,0.025571390443655605,0.02557019388177759,0.025568997785428007,0.025567802154263818,0.025566606990421976,0.025565412288850526,0.0255642180515063,0.025563024278225748,0.02556183096952652,0.025560638122842583,0.025559445738958336,0.0255582538152777,0.025557062356551207,0.02555587135936301,0.025554680823696958,0.02555349074850984,0.025552301134916553,0.025551111982238327,0.02554992328839421,0.025548735055149777,0.02554754728284619,0.025546359968720494,0.02554517311330573,0.02554398671642344,0.02554280077767497,0.02554161529667788,0.02554043027340774,0.02553924570733426,0.0255380615981611,0.025536877945510548,0.02553569474907682,0.025534512008769848,0.02553332972400783,0.025532147894273577,0.025530966519472714,0.025529785599089274,0.025528605133045047,0.025527425120914292,0.02552624556238482,0.02552506645712034,0.025523887804799663,0.02552270960508685,0.025521531857743463,0.025520354562007665,0.025519177718238077,0.025518001325402894,0.02551682538386722,0.025515649892170426,0.025514474852185616,0.025513300260979494,0.025512126120178863,0.025510952428745282,0.02550977918636344,0.025508606392918864,0.025507434047691246,0.02550626215138397,0.025505090702000858,0.025503919699406356,0.025502749145505557,0.025501579037838205,0.025500409376324612,0.025499240160910108,0.025498071391392693,0.02549690306735157,0.025495735188616808,0.025494567754664542,0.025493400765404954,0.025492234220360215,0.02549106811929791,0.025489902461844773,0.025488737247724352,0.025487572476755718,0.025486408148374867,0.025485244263527614,0.025484080819573873,0.02548291781729402,0.025481755256012036,0.02548059313642167,0.025479431457574784,0.025478270219056548,0.025477109420930448,0.025475949062480754,0.02547478914358598,0.025473629664974982,0.025472470624033034,0.0254713120222113,0.025470153858383075,0.02546899613290999,0.025467838844908646,0.025466681995571047,0.025465525581450234,0.025464369604649106,0.025463214064155915,0.025462058959804305,0.025460904291413906,0.02545975005845037,0.02545859626079363,0.02545744289798959,0.025456289969630536,0.025455137475779196,0.02545398541592259,0.025452833789691372,0.02545168259682874,0.02545053183709392,0.025449381510070587,0.02544823161551767,0.025447082153109323,0.025445933122501988,0.02544478452357484,0.02544363635582594,0.02544248861902278,0.025441341312863044,0.02544019443693483,0.02543904799114689,0.025437901974788547,0.02543675638809547,0.025435611230614212,0.025434466501892607,0.025433322201805622,0.025432178329786562,0.025431034885830883,0.02542989186940711,0.025428749280345234,0.025427607118308795,0.02542646538320679,0.025425324074363168,0.02542418319172041,0.025423042734824552,0.025421902703466146,0.025420763097942403,0.02541962391702231,0.025418485160624952,0.02541734682852463,0.02541620892046045,0.025415071436324814,0.02541393437517882,0.025412797737542105,0.02541166152275286,0.025410525730820525,0.02540939036090484,0.025408255413055986,0.025407120886823648,0.025405986782072967,0.02540485309844581,0.02540371983562509,0.025402586993336612,0.025401454571320675,0.025400322570576055,0.025399190987979613,0.025398059824915248,0.025396929080894165,0.025395798755966287,0.025394668849528176,0.025393539360939903,0.025392410290251063,0.025391281637318002,0.025390153401922293,0.02538902558359403,0.02538789818202841,0.025386771196760357,0.025385644627849698,0.025384518474441873,0.02538339273687973,0.025382267414431756,0.025381142507306564,0.02538001801510421,0.02537889393724196,0.02537777027346358,0.025376647023729167,0.025375524187573908,0.02537440176465938,0.02537327975476751,0.025372158157930837,0.025371036973423737,0.02536991620097356,0.025368795840443752,0.0253676758917005,0.025366556354194787,0.02536543722781865,0.0253643185121151,0.025363200206950008,0.025362082311960014,0.025360964827000468,0.025359847751639884,0.02535873108564995,0.025357614828756064,0.02535649898058741,0.02535538354112779,0.025354268509751993,0.02535315388649012,0.025352039671099485,0.025350925862946027,0.025349812461971197,0.025348699467815258,0.025347586879721135,0.025346474698291956,0.02534536292323734,0.025344251553451533,0.025343140589686043,0.025342030030685563,0.025340919878138805,0.025339810128780192,0.02533870078357535,0.02533759184345096,0.025336483306096367,0.025335375172519048,0.02533426744217921,0.025333160114863876,0.025332053189518984,0.02533094666748225,0.02532984054736199,0.0253287348292942,0.02532762951283267,0.025326524597739285,0.025325420082813722,0.02532431596961146,0.025323212256947128,0.025322108944550156,0.025321006031972366,0.02531990351929399,0.025318801405891867,0.025317699691773582,0.025316598376644215,0.025315497460157654,0.02531439694204447,0.025313296822038405,0.025312197099864688,0.025311097775248797,0.02530999884790358,0.025308900317621973,0.02530780218414372,0.025306704447399124,0.02530560710656506,0.025304510161615293,0.025303413612402202,0.025302317458362773,0.02530122169980381,0.02530012633609586,0.02529903136720773,0.02529793679232642,0.025296842612418404,0.02529574882618816,0.02529465543299532,0.025293562433132515,0.025292469826217225,0.025291377611945793,0.025290285790496223,0.02528919436113226,0.025288103323621088,0.025287012677982914,0.02528592242382887,0.025284832560857288,0.02528374308876206,0.02528265400738347,0.025281565316423567,0.02528047701635903,0.025279389105435295,0.02527830158351772,0.025277214451446144,0.025276127708583722,0.025275041356577415,0.02527395539129813,0.025272869814074683,0.025271784625698703,0.02527069982435348,0.025269615410704934,0.025268531384337867,0.02526744774583886,0.025266364492957938,0.025265281626829176,0.02526419914685857,0.025263117052798576,0.025262035344702796,0.025260954021787727,0.025259873084328435,0.025258792531924514,0.02525771236421116,0.025256632581026898,0.025255553182902644,0.025254474168293604,0.025253395536971937,0.025252317288784597,0.025251239422480056,0.025250161940292355,0.0252490848412078,0.025248008124555778,0.025246931790074596,0.02524585583749263,0.025244780266584596,0.025243705077257133,0.025242630268933076,0.025241555841588142,0.02524048179489806,0.025239408128076297,0.02523833484145423,0.025237261934729104,0.025236189407687962,0.025235117260063944,0.025234045491574562,0.025232974102162867,0.02523190309123952,0.025230832459175862,0.025229762205101085,0.025228692328719257,0.02522762283047833,0.025226553709324175,0.025225484965555184,0.025224416597955785,0.025223348607559797,0.025222280992838953,0.025221213754134098,0.025220146891592563,0.02521908040496055,0.025218014293961217,0.025216948558319532,0.025215883197721407,0.02521481821155185,0.025213753599919522,0.025212689362475955,0.025211625498997053,0.025210562009354343,0.02520949889316107,0.0252084361500577,0.025207373779854086,0.02520631178241985,0.02520525015746714,0.025204188904795036,0.02520312802387204,0.02520206751488751,0.02520100737738822,0.0251999476115787,0.025198888216364457,0.025197829191922438,0.025196770539275184,0.025195712255658816,0.0251946543419899,0.025193596798255443,0.02519253962405927,0.025191482819210787,0.025190426384385407,0.025189370317294114,0.02518831461889798,0.025187259288887872,0.025186204326637922,0.0251851497327943,0.025184095506446864,0.025183041647676825,0.025181988155929348,0.025180935030545942,0.025179882272663733,0.02517882988097669,0.025177777855519137,0.025176726195457407,0.025175674901917317,0.0251746239736049,0.025173573410950178,0.025172523213020475,0.025171473379766444,0.02517042391113082,0.025169374806794306,0.025168326066538325,0.025167277690156278,0.025166229676819526,0.025165182027472314,0.025164134741183532,0.025163087818055752,0.02516204125734862,0.025160995059087456,0.02515994922301359,0.025158903748966326,0.025157858636665014,0.02515681388535758,0.02515576949574857,0.025154725466634217,0.025153681798868257,0.02515263849169594,0.02515159554488587,0.025150552958145292,0.025149510730716834,0.02514846886399763,0.0251474273561808,0.02514638620748466,0.02514534541777216,0.02514430498677633,0.025143264914235137,0.025142225200041408,0.025141185843213735,0.025140146844774645,0.025139108204243293,0.02513806992072564,0.025137031994153226,0.02513599442488509,0.025134957211981643,0.025133920355037687,0.025132883854875034,0.0251318477105503,0.02513081192196516,0.025129776488889193,0.025128741411098488,0.025127706688329948,0.025126672320407255,0.025125638307166392,0.02512460464860961,0.02512357134425761,0.02512253839355156,0.025121505796376738,0.025120473552798187,0.025119441662410157,0.025118410125106596,0.025117378940452687,0.025116348108366177,0.025115317628619748,0.025114287501012862,0.025113257725218243,0.025112228301115168,0.025111199227867396,0.02511017050586419,0.025109142134851686,0.025108114114611845,0.025107086444937962,0.02510605912558726,0.025105032156939683,0.025104005537587706,0.025102979268470348,0.025101953348816593,0.02510092777851225,0.02509990255707986,0.025098877684444423,0.02509785316035616,0.025096828984566038,0.02509580515647616,0.025094781676567215,0.025093758544329048,0.025092735759663767,0.025091713322233093,0.025090691229687934,0.025089669486180983,0.025088648089306942,0.02508762703860585,0.025086606334039196,0.025085585975493277,0.025084565962641126,0.025083546295589797,0.02508252697357072,0.025081507996593123,0.025080489364167464,0.025079471076645397,0.025078453133728897,0.02507743553453221,0.025076418279328494,0.025075401368003552,0.02507438479998187,0.02507336857522954,0.025072352693320872,0.02507133715465757,0.025070321958728214,0.025069307105172953,0.02506829259394364,0.025067278424619612,0.025066264597128206,0.025065251111211617,0.025064237966634043,0.025063225163012074,0.025062212700529454,0.025061200578736613,0.02506018879755093,0.025059177356604994,0.02505816625577291,0.025057155494708657,0.02505614507341508,0.025055134991091896,0.02505412524837531,0.025053115844663475,0.02505210677937942,0.025051098053097437,0.02505008966521481,0.025049081615099795,0.025048073902973162,0.025047066528959494,0.02504605949214885,0.025045052792718413,0.025044046430393527,0.02504304040499513,0.02504203471630001,0.025041029364059664,0.025040024348163072,0.02503901966875823,0.02503801532520862,0.025037011317332453,0.025036007644884714,0.025035004307693787,0.02503400130551424,0.025032998638174434,0.025031996305447772,0.025030994307126297,0.025029992643002305,0.025028991312868024,0.025027990316516213,0.025026989653739593,0.02502598932433114,0.025024989328084005,0.02502398966479149,0.025022990334247264,0.02502199133612425,0.025020992670525547,0.02501999433705399,0.02501899633519354,0.025017998665788112,0.02501700132751136,0.025016004320477216,0.02501500764482003,0.025014011300322322,0.02501301528600084,0.025012019601994534,0.025011024248141285,0.025010029224784694,0.02500903453145704,0.025008040167872985,0.025007046133471114,0.025006052428343018,0.025005059052116408,0.025004066004669413,0.025003073286103163,0.025002080896122873,0.02500108883403962,0.0250000971001843,0.024999105694232065,0.02499811461590537,0.02499712386502206,0.024996133440353823,0.024995143342837308,0.024994153573092093,0.02499316412887273,0.024992175011003655,0.02499118622019021,0.02499019775563313,0.02498920961709246,0.024988221804180658,0.024987234316655667,0.024986247153975974,0.024985260316937964,0.024984273804711542,0.02498328761693553,0.024982301753620335,0.024981316214612914,0.024980330999430967,0.024979346108379204,0.02497836153912991,0.02497737729492014,0.024976393374117806,0.024975409776358898,0.02497442650121618,0.02497344354953952,0.0249724609199045,0.024971478612628172,0.02497049662775348,0.02496951496419604,0.024968533622586872,0.02496755260268828,0.02496657190389714,0.024965591526329278,0.024964611469665356,0.024963631733635028,0.024962652318124466,0.02496167322240126,0.024960694447285523,0.024959715991600066,0.024958737855638336,0.024957760039892942,0.024956782543640824,0.024955805365766623,0.02495482850648712,0.02495385196666566,0.02495287574506185,0.024951899841829255,0.024950924256773612,0.02494994898970441,0.024948974040423275,0.02494799940872271,0.024947025094518648,0.024946051097525977,0.02494507741755207,0.024944104054405634,0.02494313100782988,0.02494215827769806,0.02494118586387596,0.02494021376609807,0.02493924198395465,0.02493827051776286,0.024937299367012108,0.024936328531603356,0.02493535801130535,0.024934387805877024,0.02493341791514973,0.024932448338957778,0.024931479077069964,0.024930510129555036,0.024929541495839477,0.02492857317591927,0.024927605169619345,0.024926637476650148,0.024925670096943454,0.024924703030318705,0.02492373627631076,0.024922769835100785,0.024921803706292323,0.02492083788967408,0.024919872385219595,0.02491890719261086,0.0249179423118274,0.024916977741568043,0.02491601348368419,0.024915049536993975,0.024914085900839517,0.02491312257581042,0.02491215956132553,0.024911196858006676,0.024910234463941847,0.02490927238002605,0.02490831060603754,0.024907349141707794,0.024906387986851478,0.024905427141285092,0.024904466604838815,0.024903506377309235,0.02490254645852322,0.0249015868482865,0.024900627546414332,0.02489966855273303,0.02489870986704855,0.02489775148912881,0.02489679341887381,0.024895835656047645,0.024894878200596108,0.024893921052143515,0.024892964210574246,0.02489200767571866,0.024891051447383315,0.024890095525392373,0.02488913990917026,0.024888184599323345,0.024887229595111877,0.024886274896288748,0.024885320502979782,0.024884366415206756,0.024883412632505524,0.024882459154714456,0.02488150598163463,0.02488055311308103,0.024879600548894078,0.02487864828882009,0.02487769633275063,0.024876744680483294,0.02487579333196071,0.024874842287576027,0.024873891545968568,0.024872941107076333,0.02487199097107427,0.02487104113808839,0.024870091607309068,0.024869142377567894,0.02486819345147016,0.024867244827193123,0.024866296504938486,0.02486534848436072,0.02486440076534652,0.024863453347534023,0.024862506230823225,0.024861559415023753,0.024860612900020406,0.02485966668562458,0.024858720771615227,0.024857775157883413,0.024856829843528945,0.024855884829699627,0.02485494011555246,0.024853995700935057,0.024853051585651494,0.024852107768233406,0.02485116425095576,0.024850221032660227,0.02484927811301572,0.02484833549183446,0.024847393168940114,0.024846451144159534,0.024845509417419677,0.024844567989345177,0.02484362685802619,0.02484268602387184,0.024841745487003193,0.02484080524742613,0.0248398653045607,0.02483892565842683,0.024837986308938097,0.02483704725531665,0.024836108498299096,0.024835170037412257,0.024834231872289624,0.024833294002854896,0.02483235642891779,0.024831419150306094,0.024830482166849865,0.024829545478339897,0.024828609084609363,0.024827672985519567,0.024826737180889867,0.02482580167022162,0.02482486645369034,0.02482393153114627,0.02482299690234467,0.024822062567193777,0.024821128525798784,0.024820194778498166,0.024819261323479544,0.024818328161285992,0.02481739529187652,0.024816462715099265,0.024815530430738898,0.02481459843859975,0.024813666739374005,0.024812735331424047,0.024811804215226187,0.024810873390491518,0.02480994285760776,0.024809012615403955,0.02480808266421479,0.024807153003912296,0.02480622363436227,0.02480529455520069,0.02480436576653905,0.024803437268086828,0.024802509059582013,0.02480158114133717,0.024800653512503865,0.02479972617357499,0.024798799123541607,0.02479787236282143,0.02479694589128362,0.02479601970926106,0.024795093815140026,0.024794168209016604,0.024793242891189355,0.02479231786143448,0.024791393118780057,0.02479046866520707,0.024789544497968885,0.024788620620065455,0.024787697028506882,0.02478677372517077,0.024785850708869277,0.024784927979435555,0.024784005536634752,0.024783083379290156,0.024782161508495663,0.024781239924882518,0.024780318627314717,0.024779397615652916,0.024778476889605962,0.024777556448488336,0.0247766362935299,0.024775716424098097,0.024774796839824018,0.024773877540695727,0.0247729585253777,0.02477203979470511,0.024771121348580758,0.024770203186675544,0.024769285308776843,0.024768367714801974,0.024767450404540394,0.02476653337791442,0.024765616634699384,0.024764700174743522,0.024763783997926607,0.02476286810386439,0.02476195249235954,0.024761037163810794,0.024760122117539383,0.02475920735380796,0.0247582928721078,0.024757378672449825,0.024756464754953345,0.02475555111870807,0.024754637763629062,0.024753724690126763,0.024752811897763707,0.02475189938647254,0.02475098715597934,0.024750075205990214,0.0247491635365835,0.024748252147675405,0.024747341038964275,0.024746430210242674,0.024745519661442658,0.024744609392127657,0.024743699402577975,0.02474278969244959,0.02474188026150949,0.024740971109062957,0.024740062236118788,0.024739153641799815,0.024738245326068557,0.02473733728893438,0.024736429530140183,0.024735522049461826,0.02473461484684635,0.024733707921961678,0.02473280127455356,0.024731894904751108,0.024730988812274687,0.02473008299702112,0.02472917745882905,0.024728272197516558,0.024727367212883496,0.024726462504802513,0.024725558073134906,0.024724653917217603,0.024723750037872017,0.024722846434217776,0.024721943106544998,0.024721040054491057,0.02472013727789536,0.02471923477672545,0.02471833255102993,0.02471743060036088,0.02471652892394313,0.02471562752223225,0.02471472639499957,0.024713825542223636,0.024712924963703208,0.02471202465916724,0.024711124628597182,0.024710224871421625,0.02470932538823022,0.024708426178462493,0.024707527241981848,0.024706628578199247,0.02470573018779193,0.02470483207000967,0.024703934225164717,0.024703036652806962,0.024702139352875987,0.024701242325156702,0.024700345569428364,0.024699449087507645,0.024698552875428242,0.024697656934948357,0.024696761265286128,0.02469586586754547,0.024694970740962833,0.02469407588547672,0.024693181300709348,0.0246922869866346,0.024691392943086008,0.02469049916994544,0.024689605667249093,0.024688712434363467,0.024687819471427095,0.024686926778068278,0.024686034354521495,0.024685142200446063,0.024684250315713425,0.024683358700152782,0.024682467353609846,0.024681576275923527,0.024680685466996134,0.024679794926619356,0.02467890465470029,0.024678014650706286,0.024677124915153125,0.024676235447557388,0.024675346247766447,0.024674457315619003,0.024673568651049506,0.024672680253826112,0.02467179212380326,0.02467090426039824,0.024670016664392096,0.0246691293351566,0.0246682422722693,0.024667355476197382,0.02466646894689163,0.024665582683271035,0.024664696685825445,0.024663810954168322,0.024662925488138115,0.024662040287787745,0.024661155352879684,0.02466027068335223,0.024659386278885927,0.024658502139398245,0.02465761826493209,0.024656734655069415,0.024655851309756286,0.024654968228812066,0.02465408541215037,0.02465320285964615,0.02465232057109811,0.024651438545772866,0.02465055678483607,0.024649675287847818,0.024648794053667534,0.024647913082616064,0.024647032374776456,0.02464615192994981,0.024645271748503964,0.024644391828913165,0.024643512172002585,0.024642632777597127,0.024641753645343153,0.02464087477527062,0.02463999616698837,0.024639117820539656,0.02463823973568243,0.024637361911651674,0.02463648434985654,0.02463560704914892,0.02463473000949433,0.024633853230650156,0.024632976712755536,0.024632100455530447,0.02463122445858091,0.024630348722178036,0.024629473246010256,0.024628598029874257,0.024627723073655468,0.024626848377264476,0.024625973940450335,0.024625099763019992,0.02462422584499653,0.02462335218612408,0.02462247878640974,0.02462160564570913,0.024620732763632955,0.02461986014015161,0.024618987775290722,0.024618115670085237,0.02461724382185198,0.024616372231681866,0.02461550089917512,0.024614629824583678,0.02461375900778544,0.024612888448416192,0.024612018146365128,0.024611148101563528,0.024610278313810224,0.024609408783011967,0.02460853950908369,0.024607670491801053,0.024606801730972898,0.024605933226514824,0.02460506497705312,0.024604196984962762,0.024603329249143508,0.024602461769242228,0.024601594544971864,0.024600727575841475,0.024599860862473042,0.02459899440439256,0.024598128201045705,0.024597262252690013,0.024596396559180958,0.024595531120377115,0.02459466593594567,0.024593801006250537,0.024592936330792375,0.02459207190967147,0.024591207743678664,0.02459034383021845,0.02458948017077216,0.024588616764622793,0.024587753612446417,0.024586890710994513,0.02458602806483517,0.02458516567167315,0.024584303531290354,0.024583441643777168,0.024582580008920055,0.024581718625986033,0.024580857495547292,0.02457999661797889,0.024579135992330553,0.02457827561862682,0.024577415496736824,0.024576555626524207,0.024575696007852414,0.02457483664058554,0.02457397752457756,0.024573118659711894,0.02457226004583272,0.024571401682825025,0.024570543570543904,0.02456968570885155,0.024568828097615392,0.024567970736698846,0.02456711362597006,0.024566256765329007,0.024565400154402478,0.024564543793369947,0.02456368768100508,0.024562831819133223,0.02456197620720248,0.024561120844385137,0.024560265730781582,0.02455941086560055,0.024558556250183935,0.024557701882933398,0.02455684776327083,0.024555993891714825,0.024555140268993653,0.024554286896056994,0.024553433770833966,0.02455258089271468,0.024551728263639622,0.024550875880833687,0.02455002374549023,0.0245491718567067,0.02454832021620016,0.024547468822562556,0.02454661767601643,0.024545766776189935,0.02454491612390104,0.024544065717356872,0.024543215557253598,0.024542365643620927,0.02454151597610685,0.024540666553839102,0.02453981737792137,0.024538968448057672,0.024538119763790008,0.024537271325590138,0.02453642313245739,0.02453557518439608,0.024534727481485323,0.02453388002364617,0.024533032810579464,0.024532185842226772,0.024531339117630346,0.0245304926383426,0.02452964640330297,0.02452880041259361,0.02452795466565528,0.024527109162932458,0.024526263904017617,0.024525418888922512,0.024524574117249037,0.02452372958909355,0.024522885304139888,0.02452204126358645,0.02452119746485109,0.02452035390930235,0.0245195105965192,0.024518667526095907,0.024517824698057262,0.024516982112673107,0.024516139769459676,0.024515297668502228,0.024514455809386822,0.024513614192157113,0.024512772816823285,0.024511931682969654,0.024511090790594107,0.024510250139573822,0.024509409729786602,0.02450856956110412,0.024507729633407405,0.02450688994656018,0.024506050500402287,0.02450521129485873,0.024504372329136694,0.024503533602958743,0.024502695118383832,0.024501856872976246,0.02450101886881815,0.02450018110504605,0.024499343580153602,0.02449850629496529,0.024497669248081014,0.024496832441487707,0.02449599587408679,0.024495159545870355,0.02449432345660417,0.02449348760699473,0.024492651995118953,0.024491816621791847,0.024490981487045586,0.024490146590490588,0.02448931193230955,0.0244884775120032,0.02448764332960601,0.02448680938501651,0.02448597567816378,0.024485142208845397,0.024484308977098235,0.024483475982932063,0.024482643225544626,0.0244818107052184,0.024480978422058187,0.024480146375484686,0.02447931456558699,0.024478482992242992,0.02447765165539648,0.024476820555069983,0.02447598969099614,0.024475159062749836,0.024474328668975337,0.02447349851260416,0.024472668591708685,0.02447183890639151,0.024471009456520105,0.024470180242183153,0.024469351262953885,0.024468522518767334,0.024467694009384953,0.02446686573564771,0.024466037695078206,0.024465209890009366,0.02446438231929017,0.0244635549828728,0.02446272788072962,0.02446190101261739,0.024461074378655863,0.02446024797927419,0.02445942181270195,0.024458595879804052,0.024457770180324225,0.024456944714244415,0.024456119481353088,0.024455294481572305,0.024454469714759838,0.024453645181336903,0.024452820880219026,0.024451996811682968,0.024451172975654193,0.02445034937199948,0.024449526000756745,0.02444870286127172,0.024447879953717822,0.024447057278307593,0.02444623483479048,0.02444541262336036,0.024444590643021104,0.024443768894125438,0.02444294737649841,0.024442126089747072,0.024441305034494345,0.024440484210048016,0.024439663616327836,0.024438843253428894,0.02443802311954073,0.024437203216270964,0.024436383544706366,0.024435564103565094,0.024434744892060295,0.024433925910815394,0.02443310715947009,0.024432288637793974,0.02443147034528508,0.024430652282742004,0.024429834451324055,0.02442901684927814,0.024428199475192952,0.024427382329381037,0.024426565412505187,0.024425748723720032,0.024424932263248354,0.02442411603067051,0.024423300028323425,0.024422484254296842,0.02442166870813879,0.02442085339074944,0.024420038301654543,0.02441922343971739,0.02441840880711813,0.02441759440246683,0.024416780223337348,0.024415966271428002,0.024415152546989668,0.024414339049588854,0.024413525779281842,0.024412712735823152,0.024411899918944165,0.02441108732906929,0.024410274965624333,0.02440946282864378,0.02440865091641077,0.02440783923210516,0.024407027774115738,0.02440621654162718,0.024405405535149076,0.024404594754419758,0.024403784199320173,0.024402973869845558,0.0244021637657468,0.02440135388692625,0.024400544233006263,0.024399734804317053,0.024398925600524098,0.024398116621553854,0.024397307866691975,0.024396499336811855,0.024395691031701187,0.02439488295110625,0.02439407509461319,0.02439326745963412,0.024392460050649756,0.02439165286618397,0.02439084590546684,0.024390039169156066,0.02438923265566567,0.024388426365509443,0.024387620300802163,0.02438681445717686,0.02438600883578164,0.024385203438121048,0.024384398263320263,0.02438359331051313,0.02438278858132856,0.02438198407340885,0.02438117978820602,0.02438037572614908,0.024379571886276596,0.024378768268577166,0.024377964872749354,0.024377161698748793,0.02437635874648024,0.024375556015810533,0.02437475350660188,0.0243739512188882,0.024373149152617436,0.024372347307314083,0.024371545683048095,0.02437074427974155,0.024369943097264726,0.024369142135505284,0.02436834139435108,0.02436754087368979,0.02436674057342586,0.02436594049341428,0.024365140633606303,0.024364340993833306,0.024363541573971872,0.02436274237391397,0.024361943394112483,0.024361144633743243,0.02436034609227039,0.02435954777001376,0.024358749667371324,0.024357951783868053,0.024357154119420122,0.024356356674457024,0.024355559447085243,0.024354762437994216,0.02435396564868224,0.02435316907508647,0.02435237272260651,0.024351576587377348,0.02435078067131096,0.024349984973226994,0.024349189493180816,0.024348394230917763,0.02434759918633244,0.024346804359466172,0.024346009749969238,0.024345215357909775,0.02434442118312225,0.024343627226456523,0.024342833485888844,0.02434203996334756,0.02434124665863031,0.024340453568771993,0.024339660695704174,0.024338868039025595,0.024338075598501017,0.02433728337424895,0.02433649136624966,0.02433569957455391,0.024334907998546203,0.02433411663984312,0.02433332549542452,0.024332534566619834,0.02433174385300478,0.024330953355242543,0.024330163072559346,0.024329373004656138,0.024328583152487825,0.02432779351585198,0.024327004093559635,0.024326214886201805,0.02432542589333141,0.024324637114978523,0.02432384855109686,0.024323060201630702,0.02432227206646261,0.024321484145313012,0.024320696438177844,0.024319908944384058,0.02431912166497767,0.024318334599036654,0.024317547747143554,0.02431676110856992,0.02431597468347282,0.02431518847149552,0.024314402472838087,0.024313616687078356,0.02431283111389287,0.024312045753588717,0.02431126060672938,0.024310475672581995,0.024309690951464093,0.0243089064421038,0.024308122144764036,0.024307338059655126,0.02430655418681901,0.024305770525835477,0.024304987076717452,0.024304203839421865,0.024303420813805494,0.024302637998928976,0.02430185539633943,0.024301073005115945,0.02430029082489732,0.02429950885606296,0.024298727098396568,0.02429794555155584,0.024297164215594063,0.02429638309032426,0.024295602175682936,0.024294821471871394,0.024294040978133376,0.024293260694981885,0.024292480621805168,0.02429170075873651,0.024290921106284537,0.024290141663156867,0.024289362429638996,0.024288583406054904,0.024287804591948986,0.024287025986822832,0.024286247591492314,0.024285469405507642,0.02428469142870021,0.024283913661279653,0.024283136102505425,0.024282358752217726,0.024281581611053413,0.024280804678532917,0.024280027954702983,0.024279251439065522,0.02427847513202308,0.024277699033087616,0.024276923142574604,0.02427614745989989,0.024275371984803333,0.024274596717925277,0.02427382165863309,0.02427304680690306,0.02427227216286969,0.02427149772631703,0.024270723496934935,0.024269949474371843,0.02426917565903764,0.024268402051093794,0.024267628649918445,0.0242668554554801,0.024266082467290076,0.02426530968634819,0.024264537112017245,0.024263764743885998,0.024262992582022948,0.024262220626389074,0.02426144887679029,0.02426067733318194,0.02425990599561575,0.0242591348637804,0.024258363937752627,0.02425759321709771,0.024256822701897683,0.0242560523920842,0.024255282287591856,0.024254512387320813,0.024253742693046813,0.02425297320355383,0.02425220391916856,0.02425143483986121,0.024250665965081193,0.024249897293562916,0.024249128828011512,0.024248360566017826,0.02424759250880152,0.024246824655494666,0.02424605700653179,0.024245289561526166,0.02424452232003707,0.02424375528245022,0.024242988449090494,0.024242221819019756,0.024241455392697387,0.024240689169589033,0.02423992314985042,0.024239157333345498,0.024238391720983993,0.02423762631068722,0.024236861102869073,0.02423609609799191,0.02423533129494942,0.024234566694921012,0.02423380229734846,0.02423303810215818,0.024232274109511176,0.024231510319417275,0.02423074673150172,0.02422998334519387,0.024229220160100495,0.024228457177484307,0.02422769439621217,0.02422693181703236,0.024226169439529942,0.024225407263719998,0.024224645288756105,0.024223883514939735,0.02422312194216231,0.024222360570330597,0.024221599399607437,0.024220838429510706,0.024220077660115594,0.02421931709139368,0.02421855672319882,0.024217796555572456,0.024217036588260844,0.024216276821046375,0.024215517253970614,0.024214757886899085,0.02421399871982518,0.02421323975264699,0.024212480984854925,0.024211722416980663,0.024210964048647268,0.02421020587977621,0.024209447910474382,0.024208690140279328,0.024207932569246846,0.024207175197263505,0.024206418024274288,0.02420566105014699,0.024204904274769134,0.024204147699247468,0.024203391321208096,0.02420263514164328,0.024201879160466795,0.02420112337772584,0.024200367793220372,0.024199612406651513,0.024198857218175218,0.02419810222770349,0.024197347434908017,0.024196592839991867,0.024195838442476855,0.024195084241962254,0.02419433023894806,0.024193576433851886,0.0241928228261705,0.02419206941565526,0.02419131620213767,0.024190563184910942,0.02418981036531984,0.02418905774163579,0.024188305315406507,0.024187553085099407,0.024186801051958272,0.024186049215145496,0.0241852975747766,0.024184546130599976,0.024183794882477964,0.024183043830396093,0.02418229297416554,0.02418154231307489,0.024180791848468504,0.024180041578514815,0.024179291504969905,0.02417854162693434,0.024177791944330226,0.02417704245693071,0.02417629316501899,0.024175544067891217,0.024174795165811253,0.024174046458500912,0.024173297946396822,0.024172549628685855,0.02417180150556519,0.02417105357706658,0.024170305842990864,0.024169558303241044,0.024168810957642454,0.024168063805352618,0.024167316847986727,0.024166570084603985,0.024165823515094952,0.024165077139910604,0.024164330957884804,0.024163584969483346,0.024162839175749833,0.024162093574217156,0.024161348166014326,0.024160602950923673,0.024159857929187633,0.024159113100339046,0.02415836846445575,0.024157624021142625,0.02415687977102389,0.024156135712658452,0.02415539184741148,0.02415464817406256,0.024153904693957746,0.024153161405619746,0.024152418311137756,0.02415167540766622,0.024150932696005645,0.024150190176642848,0.024149447849001464,0.024148705711919526,0.024147963767395336,0.024147222014486953,0.024146480453479773,0.02414573908376299,0.024144997905741504,0.02414425691849378,0.024143516122726465,0.024142775517348343,0.02414203510319211,0.024141294879842318,0.02414055484613538,0.02413981500408829,0.024139075352432666,0.024138335891608725,0.024137596621240008,0.024136857540828924,0.0241361186509916,0.02413537995127481,0.024134641442106815,0.024133903122383792,0.024133164991586697,0.024132427051253052,0.02413168930085389,0.024130951739591087,0.024130214367670946,0.02412947718575369,0.02412874019342445,0.024128003389856708,0.02412726677496232,0.024126530349107205,0.024125794112744778,0.024125058065429958,0.024124322206686307,0.024123586536328283,0.02412285105509155,0.024122115761840517,0.02412138065738855,0.024120645741169663,0.024119911013539847,0.024119176473773426,0.024118442121647092,0.024117707957229114,0.024116973981426898,0.024116240193533867,0.024115506593501645,0.024114773180674582,0.024114039955803298,0.024113306917942664,0.024112574067399792,0.024111841404387206,0.02411110892838843,0.024110376639428235,0.024109644537843186,0.024108912623196557,0.02410818089482847,0.024107449353640918,0.02410671799907466,0.024105986830909143,0.02410525584945997,0.024104525054411036,0.02410379444566547,0.024103064023112766,0.024102333786677328,0.024101603736184515,0.02410087387201095,0.024100144193526043,0.024099414700638838,0.024098685393614563,0.0240979562725023,0.024097227336870593,0.02409649858626121,0.02409577002123537,0.024095041641477733,0.024094313446330083,0.024093585436615432,0.02409285761182725,0.02409212997217601,0.024091402517454594,0.024090675247498063,0.02408994816218812,0.02408922126163908,0.024088494545035883,0.024087768013050473,0.02408704166499371,0.02408631550157725,0.024085589522427626,0.024084863727364243,0.024084138116466907,0.024083412689196598,0.024082687445670072,0.02408196238566656,0.024081237509647475,0.02408051281715871,0.02407978830817051,0.024079063982676008,0.024078339840349582,0.02407761588103633,0.024076892104845777,0.024076168511639677,0.024075445101429154,0.024074721874138977,0.024073998829609915,0.024073275968611835,0.024072553289562558,0.024071830792966726,0.024071108479334698,0.024070386347614076,0.02406966439793907,0.02406894263061191,0.02406822104612979,0.02406749964283603,0.024066778421937194,0.024066057382320826,0.024065336524675646,0.024064615848583652,0.024063895354087168,0.024063175041314118,0.02406245490998489,0.024061734959500217,0.024061015190261253,0.024060295602727533,0.02405957619582476,0.024058856970225414,0.02405813792563857,0.02405741906236114,0.02405670037950824,0.024055981877524665,0.024055263555892548,0.0240545454146105,0.024053827453862895,0.02405310967349226,0.024052392073391975,0.024051674653549546,0.02405095741370537,0.02405024035405942,0.02404952347406585,0.024048806773900627,0.02404809025342861,0.02404737391263573,0.02404665775159108,0.02404594177028058,0.024045225968664798,0.02404451034639793,0.024043794903389048,0.024043079639350422,0.024042364554257425,0.02404164964828207,0.02404093492151702,0.02404022037301122,0.024039506003111638,0.024038791813772206,0.02403807780183476,0.024037363968526106,0.02403665031313868,0.024035936835503438,0.024035223536660003,0.024034510416107848,0.024033797473604762,0.024033084709814675,0.024032372123283616,0.02403165971514684,0.02403094748430318,0.024030235431805765,0.024029523556391954,0.024028811858413227,0.024028100338506646,0.024027388995363278,0.0240266778298848,0.024025966841890577,0.024025256030654554,0.0240245453960876,0.02402383493883666,0.024023124658645464,0.02402241455552111,0.024021704628871387,0.024020994878609096,0.02402028530516806,0.024019575908022228,0.024018866687125412,0.02401815764253626,0.0240174487743315,0.02401674008283954,0.024016031567106834,0.02401532322744736,0.024014615065284305,0.024013907077402134,0.024013199265037432,0.024012491628264427,0.024011784167592604,0.024011076882470592,0.024010369772271223,0.024009662837167788,0.024008956078124716,0.024008249493596895,0.024007543084483496,0.024006836850434338,0.02400613079189795,0.02400542490810964,0.024004719198930314,0.024004013664515433,0.024003308304730155,0.024002603119740135,0.024001898108654017,0.024001193272353748,0.024000488610716846,0.02399978412333639,0.023999079809155995,0.02399837566956063,0.023997671704462136,0.02399696791299331,0.02399626429665993,0.02399556085306245,0.02399485758315053,0.023994154486936932,0.023993451564762885,0.02399274881526767,0.023992046239541282,0.02399134383681483,0.023990641606695125,0.023989939550607207,0.02398923766735188,0.02398853595733561,0.023987834419961225,0.023987133056018694,0.023986431864560315,0.023985730845748687,0.02398502999816135,0.023984329325262267,0.023983628824070104,0.023982928495025823,0.02398222833842276,0.023981528354051214,0.023980828541836974,0.023980128901447687,0.023979429433192267,0.02397873013693647,0.023978031012545902,0.02397733205987396,0.023976633278628198,0.02397593466914153,0.02397523623133437,0.02397453796477985,0.02397383986884959,0.02397314194483114,0.02397244419292004,0.023971746611478634,0.023971049200372373,0.023970351960657502,0.02396965489181368,0.023968957994036994,0.023968261266982503,0.023967564710589407,0.023966868324484972,0.023966172108789104,0.023965476064035155,0.023964780189466267,0.023964084485095065,0.023963388951575532,0.023962693587850102,0.023961998394095643,0.023961303369957433,0.02396060851608818,0.023959913831879606,0.02395921931762744,0.023958524972578492,0.023957830797600433,0.0239571367922749,0.023956442956061978,0.02395574928860197,0.023955055790748782,0.023954362462620934,0.023953669303759008,0.02395297631388448,0.023952283492843018,0.02395159084069823,0.02395089835741289,0.023950206042441156,0.023949513896919856,0.02394882191946307,0.023948130111403645,0.02394743847063494,0.023946746999004724,0.023946055695664322,0.023945364560720574,0.023944673593982727,0.023943982794861714,0.02394329216390911,0.023942601700945528,0.023941911405765678,0.023941221279303,0.023940531319095387,0.023939841527508113,0.023939151903086202,0.02393846244644854,0.023937773156938003,0.023937084034381065,0.02393639507942871,0.023935706291869398,0.023935017671241166,0.023934329217555877,0.02393364093046193,0.023932952810790616,0.02393226485789072,0.02393157707281969,0.02393088945388682,0.023930202001323973,0.02392951471505388,0.023928827595183104,0.023928140642056586,0.02392745385485657,0.023926767233216777,0.02392608077915662,0.023925394490574497,0.02392470836818821,0.023924022411056164,0.023923336620737458,0.023922650995370245,0.023921965536321206,0.023921280243659696,0.023920595115532753,0.023919910153066045,0.023919225356013707,0.02391854072400362,0.02391785625750335,0.02391717195644028,0.023916487820439026,0.02391580384951206,0.023915120043146557,0.02391443640233613,0.02391375292645459,0.02391306961502469,0.023912386468063263,0.023911703486337463,0.023911020669570147,0.0239103380162484,0.02390965552732156,0.023908973202664746,0.02390829104202543,0.02390760904544946,0.023906927213223104,0.023906245545234742,0.023905564041147825,0.023904882701235707,0.023904201524859156,0.023903520512042597,0.023902839663159616,0.023902158978108816,0.02390147845640479,0.023900798098120228,0.02390011790352434,0.02389943787194992,0.023898758003208617,0.023898078297716282,0.023897398755657336,0.0238967193768872,0.023896040160800172,0.02389536110726589,0.0238946822170025,0.023894003489400076,0.02389332492449131,0.02389264652217418,0.023891968282345737,0.02389129020493944,0.023890612290656327,0.02388993453802897,0.023889256947642618,0.023888579519435738,0.02388790225356726,0.02388722514951264,0.023886548207400608,0.023885871427185013,0.02388519480878578,0.02388451835239288,0.023883842057496416,0.023883165923664768,0.023882489951821163,0.023881814141460952,0.023881138493162583,0.023880463005462697,0.02387978767999498,0.02387911251426638,0.023878437510086576,0.023877762667587225,0.02387708798544169,0.0238764134645337,0.023875739104075124,0.02387506490481792,0.023874390865928744,0.023873716986774204,0.023873043269058043,0.023872369711828056,0.023871696315473447,0.023871023079269093,0.023870350003711464,0.023869677087947717,0.023869004332330367,0.023868331736786697,0.023867659300961807,0.023866987025752066,0.023866314909931914,0.02386564295392213,0.023864971158035864,0.02386429952132199,0.02386362804391233,0.02386295672615828,0.023862285567995863,0.02386161456880875,0.02386094372907635,0.023860273048571804,0.02385960252730306,0.023858932164662037,0.02385826196149173,0.023857591918112875,0.0238569220327114,0.023856252306190342,0.023855582738279073,0.0238549133287144,0.023854244077886097,0.023853574985902345,0.023852906051288075,0.02385223727612358,0.023851568660070772,0.023850900201473034,0.023850231901348492,0.02384956375959405,0.0238488957760176,0.0238482279504867,0.023847560282251736,0.023846892772002692,0.023846225418995778,0.023845558224131463,0.023844891187083366,0.023844224307615652,0.0238435575855341,0.02384289102085755,0.023842224613378225,0.023841558363249422,0.02384089227044196,0.02384022633476994,0.0238395605561721,0.02383889493455604,0.0238382294705042,0.023837564162927583,0.0238368990117224,0.023836234017732893,0.02383556917971904,0.023834904499048952,0.023834239974917404,0.02383357560719066,0.023832911395577253,0.02383224733960756,0.023831583440749062,0.02383091969863319,0.023830256112061587,0.023829592682130918,0.023828929408064546,0.023828266289989294,0.02382760332772686,0.023826940521325092,0.023826277870698413,0.023825615375554852,0.023824953036387847,0.023824290852431186,0.023823628824321347,0.023822966951348508,0.023822305233968694,0.023821643671903796,0.02382098226505124,0.02382032101318082,0.023819659916317425,0.02381899897455158,0.02381833818766901,0.023817677555300468,0.02381701707819354,0.02381635675583961,0.023815696588154946,0.02381503657513351,0.023814376717229448,0.023813717013258493,0.023813057463639462,0.023812398068589962,0.02381173882821671,0.023811079740341894,0.023810420807789497,0.023809762029288046,0.02380910340485494,0.023808444934382337,0.023807786617826347,0.023807128455247805,0.023806470446388374,0.02380581259112083,0.02380515488946296,0.023804497341123002,0.023803839946562474,0.02380318270544147,0.02380252561765205,0.023801868683024065,0.023801211901427158,0.023800555273354916,0.02379989879838681,0.02379924247646075,0.023798586308056986,0.0237979302920386,0.02379727442886944,0.023796618718461598,0.023795963160609446,0.023795307755496414,0.023794652503041663,0.023793997403244956,0.023793342455407297,0.023792687660350673,0.023792033018120794,0.02379137852763911,0.02379072418933656,0.023790070002862155,0.02378941596875851,0.023788762086657905,0.023788108356496546,0.02378745477820783,0.023786801351729826,0.02378614807702472,0.02378549495442179,0.023784841983722292,0.02378418916386485,0.02378353649566556,0.023782883978686793,0.023782231612962636,0.023781579398637353,0.023780927335572542,0.02378027542367999,0.023779623662867476,0.023778972053097355,0.023778320594281782,0.023777669286376764,0.023777018129332146,0.023776367123080327,0.02377571626752106,0.023775065562549172,0.023774415008233647,0.023773764604470674,0.023773114351145264,0.02377246424822015,0.023771814295631393,0.023771164493317412,0.023770514841394873,0.023769865339432424,0.023769215987252897,0.023768566785391364,0.023767917733423134,0.023767268831409328,0.023766620079228435,0.02376597147681004,0.02376532302412363,0.023764674721058227,0.023764026567555514,0.023763378563563912,0.023762730709022434,0.023762083003897712,0.02376143544808423,0.023760788041517576,0.023760140784147198,0.023759493675929198,0.023758846716920093,0.023758199906765868,0.02375755324557649,0.02375690673325245,0.02375626036975421,0.023755614155013156,0.02375496808899884,0.023754322171598105,0.023753676402734264,0.023753030783339294,0.023752385311485557,0.02375173998798079,0.023751094812797854,0.023750449785872423,0.02374980490714633,0.023749160176488947,0.023748515593973323,0.023747871159466628,0.023747226872905862,0.023746582734229284,0.023745938743382343,0.023745294900854655,0.02374465120546843,0.023744007657715723,0.023743364257543514,0.023742721004907125,0.023742077899714623,0.023741434941916578,0.023740792131429628,0.023740149468207853,0.02373950695221344,0.023738864583345214,0.023738222361563914,0.023737580286815347,0.023736938359010237,0.023736296578105,0.023735654944032143,0.023735013456739458,0.023734372116101174,0.02373373092217401,0.02373308987485191,0.023732448974064235,0.023731808219732732,0.023731167611805503,0.02373052715021885,0.023729886834920097,0.023729246665866812,0.023728606642953873,0.023727966766145376,0.023727327035390478,0.023726687450602926,0.023726048011750364,0.02372540871874178,0.023724769571531953,0.023724130570060908,0.023723491714284457,0.023722853004108056,0.023722214439485027,0.023721576020371768,0.02372093774667848,0.023720299618376406,0.023719661635394546,0.023719023797656304,0.02371838610512258,0.02371774855769258,0.023717111155341943,0.023716473898007018,0.023715836785610577,0.0237151998181098,0.02371456299543689,0.023713926317548113,0.023713289784383983,0.023712653395841447,0.023712017151903787,0.023711381052482088,0.023710745097530704,0.023710109286995643,0.023709473620806467,0.023708838098921204,0.023708202721236592,0.023707567487766347,0.02370693239839489,0.0237062974530727,0.023705662651762,0.02370502799437241,0.0237043934808535,0.02370375911115561,0.02370312488520301,0.02370249080294454,0.023701856864328404,0.023701223069285737,0.02370058941775551,0.023699955909778418,0.023699322545103717,0.02369868932376651,0.023698056245693235,0.023697423310850837,0.023696790519156335,0.02369615787029738,0.02369552536474424,0.02369489300218213,0.02369426078253596,0.023693628705788887,0.023692996771823776,0.023692364980613896,0.023691733332081428,0.0236911018261878,0.02369047046288056,0.023689839242062197,0.023689208163697167,0.023688577227722062,0.023687946434088895,0.023687315782603822,0.023686685273480494,0.023686054906494888,0.02368542468161943,0.023684794598788732,0.02368416465796601,0.023683534859039006,0.023682905201981477,0.023682275686907134,0.02368164631340889,0.02368101708172055,0.023680387991566083,0.023679759042993836,0.023679130235930983,0.023678501570334652,0.0236778730461359,0.02367724466328614,0.023676616421659157,0.023675988321313814,0.02367536036216288,0.02367473254418652,0.023674104867255887,0.023673477331096288,0.023672849936153133,0.023672222681973453,0.02367159556862044,0.02367096859602343,0.023670341764092294,0.023669715072861554,0.023669088522209884,0.02366846211182658,0.023667835842198736,0.02366720971300482,0.02366658372344064,0.023665957874912387,0.02366533216648598,0.023664706598237037,0.02366408117027458,0.02366345588237157,0.023662830734502642,0.023662205726573904,0.023661580858500432,0.023660956130342945,0.023660331541958773,0.023659707093332132,0.023659082784354815,0.02365845861494835,0.023657834585043613,0.023657210694610947,0.023656586943645717,0.023655963332081236,0.023655339859844568,0.02365471652772647,0.023654093333879814,0.023653470279239516,0.023652847363908082,0.023652224587628775,0.023651601950825215,0.02365097945293761,0.02365035709348249,0.023649734872694877,0.02364911279137577,0.02364849084789209,0.023647869043380745,0.02364724737742013,0.02364662584968944,0.023646004460494818,0.023645383210603128,0.023644762098237723,0.023644141124253497,0.02364352028868676,0.02364289959128579,0.02364227903274983,0.023641658611568077,0.02364103832843127,0.023640418183339888,0.023639798175937556,0.02363917830955768,0.02363855857712647,0.023637938984494743,0.023637319528963932,0.023636700210296676,0.023636081029435752,0.02363546198592288,0.023634843080235324,0.023634224310802476,0.02363360567982087,0.02363298718604409,0.02363236882913784,0.023631750610445736,0.02363113252804747,0.02363051458403976,0.023629896777746878,0.0236292791064959,0.02362866157144151,0.02362804417423826,0.023627426913671347,0.023626809789755607,0.023626192802550405,0.02362557595219966,0.023624959237877656,0.023624342660661612,0.023623726220471365,0.0236231099175719,0.023622493749632437,0.0236218777186582,0.023621261823395336,0.023620646064140466,0.023620030441135365,0.023619414955177418,0.023618799603416795,0.023618184389065232,0.02361756931195841,0.02361695436948467,0.02361633956204219,0.023615724892500602,0.023615110356723746,0.023614495957311778,0.023613881692791223,0.02361326756382412,0.0236126535711182,0.023612039713766565,0.023611425991111826,0.02361081240362369,0.02361019895227252,0.02360958563545322,0.02360897245297765,0.023608359406438767,0.023607746494792678,0.023607133718191817,0.023606521076724268,0.023605908570651573,0.023605296198684844,0.023604683961707777,0.02360407186007943,0.023603459892586602,0.023602848059643536,0.02360223636233174,0.023601624799181674,0.023601013369855827,0.02360040207492107,0.023599790914281445,0.023599179887823098,0.023598568995843606,0.023597958237781724,0.023597347614111086,0.023596737125265218,0.023596126769631836,0.023595516548330992,0.023594906460279636,0.023594296506532077,0.023593686686481444,0.02359307700069489,0.0235924674481531,0.023591858029222812,0.023591248743863865,0.02359063959228157,0.023590030573150036,0.023589421690177092,0.023588812938969375,0.02358820432083806,0.02358759583614432,0.02358698748473015,0.023586379266369046,0.023585771181158375,0.023585163229117485,0.023584555410051056,0.023583947723486272,0.02358334017030204,0.023582732749301206,0.023582125461859435,0.02358151830706618,0.02358091128526749,0.023580304394252696,0.02357969763749756,0.023579091012167635,0.023578484520650367,0.02357787816195437,0.02357727193501238,0.023576665840172567,0.023576059876266858,0.023575454046821678,0.023574848349625473,0.02357424278380347,0.023573637350484324,0.023573032049122283,0.02357242687969118,0.02357182184187771,0.02357121693520385,0.023570612161788677,0.02357000751937795,0.023569403008705678,0.023568798629605765,0.0235681943827599,0.02356759026605149,0.02356698628161461,0.023566382428496555,0.023565778706969444,0.02356517511702396,0.023564571657329475,0.023563968329590818,0.0235633651331143,0.02356276206772992,0.02356215913338416,0.023561556330010197,0.023560953657833113,0.023560351116450762,0.02355974870650116,0.02355914642612363,0.02355854427703417,0.02355794225923088,0.023557340371687305,0.023556738614770104,0.023556136988614012,0.02355553549185064,0.023554934125224015,0.023554332890140344,0.023553731785712156,0.023553130811406937,0.02355252996733527,0.023551929252695152,0.02355132866918256,0.02355072821563074,0.023550127891967795,0.02354952769792621,0.023548927634293195,0.023548327700595936,0.023547727896645273,0.023547128220635326,0.02354652867654666,0.023545929261514366,0.023545329976219977,0.023544730819870966,0.023544131793497014,0.02354353289771534,0.023542934130708185,0.023542335492757284,0.02354173698446458,0.023541138605690314,0.023540540355937764,0.023539942235337074,0.023539344243872613,0.02353874638165698,0.023538148648286312,0.02353755104393264,0.023536953568123405,0.023536356221515373,0.023535759002582604,0.023535161913583166,0.023534564952983224,0.02353396812138005,0.02353337141707294,0.023532774841196955,0.02353217839382425,0.02353158207536484,0.02353098588612847,0.023530389824682276,0.023529793891171612,0.02352919808795863,0.023528602411224456,0.023528006862751184,0.023527411441724762,0.023526816148850178,0.02352622098465536,0.02352562594835066,0.02352503104132684,0.02352443626201509,0.023523841609909186,0.02352324708493,0.023522652688311545,0.02352205841805328,0.02352146427528792,0.02352087026101545,0.02352027637370978,0.023519682614218333,0.02351908898201016,0.023518495477576264,0.02351790210044903,0.02351730885059471,0.023516715728762495,0.023516122734221545,0.023515529866786147,0.02351493712672245,0.02351434451365987,0.023513752027418695,0.023513159668265074,0.023512567435571702,0.02351197532989012,0.02351138335117518,0.02351079149949999,0.023510199773794194,0.02350960817555224,0.023509016702834073,0.023508425356576323,0.023507834136836422,0.02350724304360782,0.02350665207671551,0.023506061236225003,0.023505470522075377,0.023504879934128302,0.023504289472394413,0.023503699136736448,0.02350310892722152,0.02350251884374283,0.023501928886250835,0.023501339054698284,0.023500749349034237,0.02350015976921066,0.023499570315178058,0.023498980986889226,0.02349839178429606,0.02349780270734587,0.023497213755992594,0.023496624930187688,0.023496036229881778,0.023495447655027254,0.023494859205572774,0.023494270881472358,0.023493682682690895,0.023493094609165405,0.023492506660852435,0.023491918837703386,0.02349133114028941,0.023490743567233033,0.02349015611698916,0.023489568793873112,0.02348898159635039,0.02348839452301795,0.023487807573321313,0.023487220749697175,0.02348663405135802,0.023486047477143026,0.023485461027548983,0.023484874702567653,0.023484288502120237,0.02348370242615122,0.023483116474591587,0.023482530647424657,0.02348194494461977,0.023481359366103908,0.023480773911820726,0.023480188581666984,0.023479603375633554,0.023479018293842784,0.023478433336063847,0.023477848502180425,0.023477263792355128,0.023476679206368978,0.023476094744244527,0.023475510405931953,0.023474926191385616,0.023474342100400468,0.0234737581332362,0.02347317428969639,0.023472590569934865,0.023472006973565735,0.023471423500592645,0.0234708401513218,0.02347025692515625,0.0234696738221723,0.023469090842708346,0.023468507986275967,0.02346792525325572,0.02346734264306353,0.02346676015623743,0.023466177792439407,0.023465595551672325,0.02346501343385943,0.023464431438963512,0.02346384956649566,0.023463267817288923,0.023462686189717846,0.023462104685959852,0.023461523304913193,0.02346094204629448,0.02346036091045983,0.023459779897158566,0.023459199006274373,0.02345861823752449,0.023458037590841134,0.0234574570672143,0.023456876665865108,0.02345629638633404,0.02345571623011687,0.02345513619549222,0.02345455628270438,0.023453976492251734,0.0234533968237393,0.023452817277259022,0.023452237852637312,0.023451658549927302,0.023451079369886052,0.02345050031089578,0.02344992137374801,0.023449342559407834,0.02344876386504441,0.02344818529284834,0.023447606842198536,0.023447028513041937,0.02344645030535693,0.023445872218991113,0.023445294253539733,0.02344471640952402,0.02344413868694533,0.023443561085593197,0.023442983602696973,0.023442406243579003,0.02344182900564349,0.023441251888666578,0.023440674892822755,0.023440098017927524,0.02343952126394998,0.02343894463063927,0.023438368118151552,0.02343779172662151,0.02343721545585439,0.023436639305705085,0.02343606327621733,0.023435487368403143,0.023434911580507728,0.023434335913161075,0.023433760365674093,0.023433184939633755,0.023432609634128285,0.02343203444777968,0.0234314593822557,0.02343088443678629,0.023430309611119755,0.023429734905514546,0.023429160319904208,0.023428585853883525,0.02342801150841692,0.023427437283240937,0.02342686317762314,0.023426289191846986,0.023425715326091903,0.023425141580427866,0.02342456795279831,0.023423994446367506,0.02342342105914939,0.02342284779186126,0.023422274644423192,0.023421701616146127,0.023421128706879395,0.023420555918445406,0.02341998324803793,0.02341941069694051,0.0234188382639317,0.023418265950979632,0.023417693757542997,0.02341712168324262,0.023416549727729052,0.02341597789158571,0.02341540617442998,0.023414834576339784,0.023414263096792096,0.023413691736325275,0.02341312049467534,0.0234125493710063,0.023411978368596934,0.023411407482875325,0.023410836716261197,0.02341026606778782,0.02340969553727432,0.023409125126421397,0.023408554833897345,0.02340798465958826,0.02340741460331092,0.02340684466563401,0.02340627484630688,0.02340570514511417,0.023405135562204134,0.023404566097689143,0.02340399675076134,0.02340342752127126,0.023402858410634164,0.023402289417997407,0.023401720543306963,0.023401151788631207,0.023400583149617127,0.02340001462850747,0.02339944622504944,0.023398877939352542,0.023398309769427913,0.023397741719001917,0.023397173786056765,0.023396605970720023,0.023396038272240766,0.023395470691839407,0.023394903228761223,0.023394335882837028,0.02339376865445427,0.02339320154326914,0.023392634549229636,0.023392067671681484,0.023391500911895072,0.023390934269619645,0.023390367744136838,0.02338980133551083,0.023389235043843968,0.023388668869109352,0.0233881028114663,0.02338753687067954,0.02338697104668972,0.02338640534151155,0.023385839750809986,0.02338527427676125,0.0233847089191388,0.023384143678127967,0.023383578553577068,0.023383013545524616,0.023382448653944503,0.02338188387745717,0.023381319218954633,0.023380754676341996,0.023380190250391515,0.02337962594064915,0.023379061745914646,0.023378497667107423,0.023377933704601225,0.023377369858085074,0.023376806128818834,0.023376242514149277,0.023375679015480433,0.023375115632806812,0.023374552366649613,0.023373989216125882,0.02337342618153491,0.023372863261934364,0.02337230045854691,0.023371737770428128,0.02337117519832632,0.023370612741851152,0.023370050400637127,0.023369488176106245,0.023368926065767612,0.023368364071425646,0.0233678021917408,0.023367240427278915,0.02336667877806657,0.0233661172440292,0.023365555825009453,0.023364994521080568,0.023364433332312907,0.023363872258538452,0.023363311299662026,0.023362750455787385,0.023362189726738924,0.023361629112548847,0.023361068612806988,0.02336050822810157,0.0233599479581255,0.023359387802789795,0.023358827762061666,0.023358267835995355,0.0233577080245247,0.023357148327119655,0.023356588744434643,0.02335602927616473,0.02335546992233215,0.023354910682673865,0.02335435155742764,0.023353792546240846,0.02335323364935782,0.023352674866712955,0.023352116198179035,0.023351557643696515,0.02335099920323706,0.02335044087816244,0.023349882665632947,0.02334932456699577,0.023348766582251598,0.02334820871132278,0.023347650954126813,0.023347093310975273,0.023346535781155888,0.02334597836529412,0.023345421062679866,0.023344863873668593,0.023344306798225738,0.023343749836343287,0.023343192987878052,0.023342636252710814,0.023342079630858947,0.02334152312208038,0.023340966726899354,0.023340410444320985,0.02333985427555056,0.023339298220002455,0.023338742277678695,0.023338186448140723,0.023337630731522688,0.023337075128083442,0.02333651963746467,0.023335964257754454,0.02333540899299997,0.023334853840970587,0.023334298801512922,0.02333374387404548,0.023333189059999662,0.02333263435875213,0.02333207977026035,0.02333152529438455,0.02333097093116503,0.023330416680069067,0.023329862541503987,0.023329308515451345,0.023328754601715188,0.023328200800255605,0.023327647111361042,0.023327093534317955,0.023326540069452915,0.023325986716840528,0.023325433476177992,0.023324880347621445,0.023324327331108282,0.023323774426585828,0.02332322163410635,0.02332266895358457,0.023322116384705563,0.02332156392784017,0.023321011582551277,0.02332045934925342,0.023319907228312245,0.023319355218282597,0.023318803319870757,0.023318251533049273,0.023317699857831727,0.02331714829403199,0.023316596841678784,0.023316045500652784,0.02331549427111999,0.023314943152928837,0.023314392145665948,0.02331384124994933,0.023313290465180592,0.023312739791880893,0.02331218922971118,0.023311638778808413,0.02331108843893005,0.023310538209882034,0.02330998809195027,0.02330943808470857,0.023308888187421647,0.0233083384017492,0.02330778872716899,0.023307239163245643,0.023306689709841767,0.023306140367354657,0.023305591135501656,0.023305042014223454,0.023304493002060583,0.023303944100966395,0.023303395309557776,0.023302846630295204,0.02330229806094656,0.023301749602438148,0.023301201253963236,0.023300653016015294,0.02330010488825349,0.02329955687062674,0.023299008963334377,0.02329846116603081,0.02329791347887928,0.023297365901738632,0.023296818434594777,0.023296271077403143,0.0232957238301224,0.02329517669273394,0.023294629665171988,0.023294082747631666,0.02329353593934939,0.023292989241154385,0.02329244265254757,0.02329189617345227,0.023291349804103623,0.023290803544352725,0.023290257393810538,0.023289711353942543,0.02328916542227828,0.023288619600258766,0.02328807388939015,0.02328752828613425,0.023286982792102978,0.02328643740736265,0.023285892131954773,0.023285346965252744,0.023284801907907875,0.023284256959448694,0.02328371212034473,0.02328316738972719,0.023282622768568642,0.023282078255082397,0.023281533851609228,0.023280989556683673,0.02328044537095478,0.02327990129490118,0.023279357326574456,0.02327881346687747,0.023278269716006734,0.023277726073742025,0.023277182539997242,0.023276639114815662,0.023276095798122762,0.02327555258946811,0.023275009489524334,0.023274466497965534,0.02327392361476765,0.02327338083971711,0.02327283817302804,0.02327229561467694,0.023271753164486937,0.02327121082238855,0.02327066858838753,0.023270126462608516,0.023269584444715226,0.023269042533963148,0.02326850073238085,0.023267959038296784,0.02326741745207247,0.023266875973696033,0.02326633460330001,0.02326579334043249,0.02326525218597587,0.023264711138495,0.023264170198554705,0.02326362936626823,0.023263088641562662,0.023262548024641786,0.023262007515199083,0.02326146711288959,0.023260926818284195,0.023260386631051542,0.023259846551138823,0.023259306578493955,0.023258766713102133,0.02325822695493089,0.02325768730392172,0.023257147760046597,0.023256608323265954,0.023256068993529135,0.023255529770808265,0.023254990655072007,0.023254451646271986,0.02325391274438145,0.023253373949349888,0.023252835261139228,0.023252296679706075,0.023251758205014125,0.02325121983703577,0.02325068157572746,0.02325014342105054,0.02324960537297874,0.023249067431457375,0.023248529596450157,0.023247991867934803,0.023247454245843752,0.02324691673017257,0.0232463793208809,0.023245842017900288,0.023245304821206184,0.02324476773074852,0.023244230746524614,0.023243693868483958,0.023243157096576168,0.023242620430771382,0.023242083871022896,0.02324154741731397,0.02324101106957266,0.02324047482777439,0.023239938691878397,0.02323940266188019,0.023238866737715583,0.023238330919325447,0.02323779520669976,0.0232372595997929,0.023236724098603563,0.023236188703045522,0.023235653413098942,0.023235118228743447,0.023234583149923528,0.023234048176562522,0.023233513308664345,0.023232978546240644,0.023232443889157607,0.023231909337426013,0.023231374891024007,0.02323084054989459,0.023230306313945737,0.023229772183212122,0.02322923815763924,0.023228704237209217,0.02322817042191279,0.023227636711728474,0.023227103106435214,0.023226569606095954,0.023226036210730137,0.023225502920233707,0.023224969734615325,0.023224436653906912,0.023223903677893624,0.023223370806641577,0.02322283804016923,0.02322230537834303,0.023221772821219813,0.023221240368688407,0.023220708020646044,0.02322017577714955,0.023219643638142187,0.02321911160357978,0.02321857967347231,0.02321804784779612,0.0232175161265028,0.023216984509546092,0.0232164529968067,0.023215921588312337,0.0232153902840064,0.023214859083887495,0.023214327987947682,0.023213796995155855,0.023213266107295013,0.023212735322558232,0.02321220464178478,0.023211674064927985,0.02321114359179791,0.02321061322361205,0.023210082958164697,0.023209552796492446,0.023209022738566745,0.02320849278423158,0.023207962935345414,0.023207433188433147,0.02320690354499542,0.023206374005188185,0.023205844568898987,0.0232053152367099,0.023204786007941628,0.023204256881966027,0.023203727859364903,0.023203198940399013,0.02320267012441765,0.023202141411628237,0.023201612802033797,0.023201084294215326,0.02320055589186061,0.023200027592301536,0.02319949939564708,0.023198971302178756,0.023198443311441323,0.023197915424024686,0.0231973876395554,0.02319685995836251,0.02319633238001257,0.023195804904977253,0.023195277533067247,0.023194750263158655,0.023194223095115603,0.02319369603132176,0.023193169068782004,0.02319264220889978,0.023192115451814176,0.023191588798009755,0.023191062245919002,0.023190535796264622,0.02319000944902058,0.02318948320414095,0.02318895706168382,0.02318843102168266,0.023187905083972744,0.023187379248423956,0.02318685351521397,0.02318632788403829,0.023185802355073844,0.023185276928142692,0.023184751603239778,0.023184226380408963,0.02318370125892835,0.02318317623992484,0.02318265132298017,0.023182126507936336,0.02318160179481956,0.023181077183393135,0.023180552673909966,0.023180028266110556,0.0231795039596307,0.023178979755273263,0.023178455652549737,0.023177931651434086,0.023177407751946426,0.023176883953672497,0.023176360256878713,0.02317583666181128,0.023175313168208568,0.02317478977613915,0.023174266485104695,0.02317374329564355,0.02317322020740099
4,0.03011972689154677,0.03011972689154677,0.03011972689154677,0.03011972689154677,0.03011972689154677,0.03011972689154677,0.03011972689154677,0.03011972689154677,0.03011972689154677,0.03011972689154677,0.03011972689154677,0.03011972689154677,0.03011972689154677,0.03011972689154677,0.03011972689154677,0.03011972689154677,0.03011972689154677,0.03011972689154677,0.03011972689154677,0.03011972689154677,0.03011972689154677,0.03011972689154677,0.03011972689154677,0.03011972689154677,0.03011972689154677,0.03011972689154677,0.03011972689154677,0.03011972689154677,0.03011972689154677,0.03011972689154677,0.03011972689154677,0.03011972689154677,0.03011972689154677,0.03011972689154677,0.03011972689154677,0.03011972689154677,0.03011972689154677,0.03011972689154677,0.03011972689154677,0.03011972689154677,0.03011972689154677,0.03011972689154677,0.03011972689154677,0.03011972689154677,0.03011972689154677,0.03011972689154677,0.03011972689154677,0.03011972689154677,0.03011972689154677,0.03011972689154677,0.03011972689154677,0.03011972689154677,0.03011972689154677,0.03011972689154677,0.03011972689154677,0.03011972689154677,0.03011972689154677,0.03011972689154677,0.03011972689154677,0.03011972689154677,0.03011972689154677,0.03011972689154677,0.03011972689154677,0.03011972689154677,0.03011972689154677,0.03011972689154677,0.03011972689154677,0.03011972689154677,0.03011972689154677,0.03011972689154677,0.03011972689154677,0.03011972689154677,0.03011972689154677,0.03011972689154677,0.03011972689154677,0.03011972689154677,0.03011972689154677,0.03011972689154677,0.03011972689154677,0.03011972689154677,0.03011972689154677,0.03011972689154677,0.03011972689154677,0.03011972689154677,0.03011972689154677,0.03011972689154677,0.03011972689154677,0.03011972689154677,0.03011972689154677,0.03011972689154677,0.03011972689154677,0.03011972689154677,0.03011972689154677,0.03011972689154677,0.03011972689154677,0.03011972689154677,0.03011972689154677,0.03011972689154677,0.03011972689154677,0.03011972689154677,0.03011972689154677,0.03011972689154677,0.03011972689154677,0.03011972689154677,0.03011972689154677,0.03011972689154677,0.03011972689154677,0.03011972689154677,0.03011972689154677,0.03011972689154677,0.03011972689154677,0.03011972689154677,0.03011972689154677,0.03011972689154677,0.03011972689154677,0.03011972689154677,0.03011972689154677,0.03011972689154677,0.03011972689154677,0.03011972689154677,0.03011972689154677,0.03011972689154677,0.03011972689154677,0.03011972689154677,0.03011972689154677,0.03011972689154677,0.03011972689154677,0.03011972689154677,0.03011972689154677,0.03011972689154677,0.03011972689154677,0.03011972689154677,0.03011972689154677,0.03011972689154677,0.03011972689154677,0.03011972689154677,0.03011972689154677,0.03011972689154677,0.03011972689154677,0.03011972689154677,0.03011972689154677,0.03011972689154677,0.03011972689154677,0.03011972689154677,0.03011972689154677,0.03011972689154677,0.03011972689154677,0.03011972689154677,0.03011972689154677,0.03011972689154677,0.03011972689154677,0.03011972689154677,0.03011972689154677,0.03011972689154677,0.03011972689154677,0.03011972689154677,0.03011972689154677,0.03011972689154677,0.03011972689154677,0.03011972689154677,0.03011972689154677,0.03011972689154677,0.03011972689154677,0.03011972689154677,0.03011972689154677,0.03011972689154677,0.03011972689154677,0.03011972689154677,0.03011972689154677,0.03011972689154677,0.03011972689154677,0.03011972689154677,0.03011972689154677,0.03011972689154677,0.03011972689154677,0.03011972689154677,0.03011972689154677,0.03011972689154677,0.03011972689154677,0.03011972689154677,0.03011972689154677,0.03011972689154677,0.03011972689154677,0.03011972689154677,0.03011972689154677,0.03011972689154677,0.03011972689154677,0.03011972689154677,0.03011972689154677,0.03011972689154677,0.03011972689154677,0.03011972689154677,0.03011972689154677,0.03011972689154677,0.03011972689154677,0.03011972689154677,0.03011972689154677,0.03011972689154677,0.03011972689154677,0.03011972689154677,0.03011972689154677,0.03011972689154677,0.03011972689154677,0.03011972689154677,0.03011972689154677,0.03011972689154677,0.03011972689154677,0.03011972689154677,0.03011972689154677,0.03011972689154677,0.03011972689154677,0.03011972689154677,0.03011972689154677,0.03011972689154677,0.03011972689154677,0.03011972689154677,0.03011972689154677,0.03011972689154677,0.03011972689154677,0.03011972689154677,0.03011972689154677,0.03011972689154677,0.03011972689154677,0.03011972689154677,0.03011972689154677,0.03011972689154677,0.03011972689154677,0.03011972689154677,0.03011972689154677,0.03011972689154677,0.03011972689154677,0.03011972689154677,0.03011972689154677,0.03011972689154677,0.03011972689154677,0.03011972689154677,0.03011972689154677,0.03011972689154677,0.03011972689154677,0.03011972689154677,0.03011972689154677,0.03011972689154677,0.03011972689154677,0.03011972689154677,0.03011972689154677,0.03011972689154677,0.03011972689154677,0.03011972689154677,0.03011972689154677,0.03011972689154677,0.03011972689154677,0.03011972689154677,0.03011972689154677,0.03011972689154677,0.03011972689154677,0.03011972689154677,0.03011972689154677,0.03011972689154677,0.03011972689154677,0.03011972689154677,0.03011972689154677,0.03011972689154677,0.03011972689154677,0.03011972689154677,0.03011972689154677,0.03011972689154677,0.03011972689154677,0.03011972689154677,0.03011972689154677,0.03011972689154677,0.03011972689154677,0.03011972689154677,0.03011972689154677,0.03011972689154677,0.03011972689154677,0.03011972689154677,0.03011972689154677,0.03011972689154677,0.03011972689154677,0.03011972689154677,0.03011972689154677,0.03011972689154677,0.03011972689154677,0.03011972689154677,0.03011972689154677,0.03011972689154677,0.03011972689154677,0.03011972689154677,0.03011972689154677,0.03011972689154677,0.03011972689154677,0.03011972689154677,0.03011972689154677,0.03011972689154677,0.03011972689154677,0.03011972689154677,0.03011972689154677,0.03011972689154677,0.03011972689154677,0.03011972689154677,0.03011972689154677,0.03011972689154677,0.03011972689154677,0.03011972689154677,0.03011972689154677,0.03011972689154677,0.03011972689154677,0.03011972689154677,0.03011972689154677,0.03011972689154677,0.03011972689154677,0.03011972689154677,0.03011972689154677,0.03011972689154677,0.03011972689154677,0.03011972689154677,0.03011972689154677,0.03011972689154677,0.03011972689154677,0.03011972689154677,0.03011972689154677,0.03011972689154677,0.03011972689154677,0.03011972689154677,0.03011972689154677,0.03011972689154677,0.03011972689154677,0.03011972689154677,0.03011972689154677,0.03011972689154677,0.03011972689154677,0.03011972689154677,0.03011972689154677,0.03011972689154677,0.03011972689154677,0.03011972689154677,0.03011972689154677,0.03011972689154677,0.03011972689154677,0.03011972689154677,0.03011972689154677,0.03011972689154677,0.03011972689154677,0.03011972689154677,0.03011972689154677,0.03011972689154677,0.03011972689154677,0.03011972689154677,0.03011972689154677,0.03011972689154677,0.03011972689154677,0.03011972689154677,0.03011972689154677,0.03011972689154677,0.03011972689154677,0.03011972689154677,0.03011972689154677,0.03011972689154677,0.03011972689154677,0.03011972689154677,0.03011972689154677,0.03011972689154677,0.03011972689154677,0.03011972689154677,0.03011972689154677,0.03011972689154677,0.03011972689154677,0.03011972689154677,0.03011972689154677,0.03011972689154677,0.03011972689154677,0.03011972689154677,0.03011972689154677,0.03011972689154677,0.03011972689154677,0.03011972689154677,0.03011972689154677,0.03011972689154677,0.03011972689154677,0.03011972689154677,0.03011972689154677,0.03011972689154677,0.03011972689154677,0.03011972689154677,0.03011972689154677,0.03011972689154677,0.03011972689154677,0.03011972689154677,0.03011972689154677,0.03011972689154677,0.03011972689154677,0.03011972689154677,0.03011972689154677,0.03011972689154677,0.03011972689154677,0.03011972689154677,0.03011972689154677,0.03011972689154677,0.03011972689154677,0.03011972689154677,0.03011972689154677,0.03011972689154677,0.03011972689154677,0.03011972689154677,0.03011972689154677,0.03011972689154677,0.03011972689154677,0.03011972689154677,0.03011972689154677,0.03011972689154677,0.03011972689154677,0.03011972689154677,0.03011972689154677,0.03011972689154677,0.03011972689154677,0.03011972689154677,0.03011972689154677,0.03011972689154677,0.03011972689154677,0.03011972689154677,0.03011972689154677,0.03011972689154677,0.03011972689154677,0.03011972689154677,0.03011972689154677,0.03011972689154677,0.03011972689154677,0.03011972689154677,0.03011972689154677,0.03011972689154677,0.03011972689154677,0.03011972689154677,0.03011972689154677,0.03011972689154677,0.03011972689154677,0.03011972689154677,0.03011972689154677,0.03011972689154677,0.03011972689154677,0.03011972689154677,0.03011972689154677,0.03011972689154677,0.03011972689154677,0.03011972689154677,0.03011972689154677,0.03011972689154677,0.03011972689154677,0.03011972689154677,0.03011972689154677,0.03011972689154677,0.03011972689154677,0.03011972689154677,0.03011972689154677,0.03011972689154677,0.03011972689154677,0.03011972689154677,0.03011972689154677,0.03011972689154677,0.03011972689154677,0.03011972689154677,0.03011972689154677,0.03011972689154677,0.03011972689154677,0.03011972689154677,0.03011972689154677,0.03011972689154677,0.03011972689154677,0.03011972689154677,0.03011972689154677,0.03011972689154677,0.03011972689154677,0.03011972689154677,0.03011972689154677,0.03011972689154677,0.03011972689154677,0.03011972689154677,0.03011972689154677,0.03011972689154677,0.03011972689154677,0.03011972689154677,0.03011972689154677,0.03011972689154677,0.03011972689154677,0.03011972689154677,0.03011972689154677,0.03011972689154677,0.03011972689154677,0.03011972689154677,0.03011972689154677,0.03011972689154677,0.03011972689154677,0.03011972689154677,0.03011972689154677,0.03011972689154677,0.03011972689154677,0.03011972689154677,0.03011972689154677,0.03011972689154677,0.03011972689154677,0.03011972689154677,0.03011972689154677,0.03011972689154677,0.03011972689154677,0.03011972689154677,0.03011972689154677,0.03011972689154677,0.03011972689154677,0.03011972689154677,0.03011972689154677,0.03011972689154677,0.03011972689154677,0.03011972689154677,0.03011972689154677,0.03011972689154677,0.03011972689154677,0.03011972689154677,0.03011972689154677,0.03011972689154677,0.03011972689154677,0.03011972689154677,0.03011972689154677,0.03011972689154677,0.03011972689154677,0.03011972689154677,0.03011972689154677,0.03011972689154677,0.03011972689154677,0.03011972689154677,0.03011972689154677,0.03011972689154677,0.03011972689154677,0.03011972689154677,0.03011972689154677,0.03011972689154677,0.03011972689154677,0.03011972689154677,0.03011972689154677,0.03011972689154677,0.03011972689154677,0.03011972689154677,0.03011972689154677,0.03011972689154677,0.03011972689154677,0.03011972689154677,0.03011972689154677,0.03011972689154677,0.03011972689154677,0.03011972689154677,0.03011972689154677,0.03011972689154677,0.03011972689154677,0.03011972689154677,0.03011972689154677,0.03011972689154677,0.03011972689154677,0.03011972689154677,0.03011972689154677,0.03011972689154677,0.03011972689154677,0.03011972689154677,0.03011972689154677,0.03011972689154677,0.03011972689154677,0.03011972689154677,0.03011972689154677,0.03011972689154677,0.03011972689154677,0.03011972689154677,0.03011972689154677,0.03011972689154677,0.03011972689154677,0.03011972689154677,0.03011972689154677,0.03011972689154677,0.03011972689154677,0.03011972689154677,0.03011972689154677,0.03011972689154677,0.03011972689154677,0.03011972689154677,0.03011972689154677,0.03011972689154677,0.03011972689154677,0.03011972689154677,0.03011972689154677,0.03011972689154677,0.03011972689154677,0.03011972689154677,0.03011972689154677,0.03011972689154677,0.03011972689154677,0.03011972689154677,0.03011972689154677,0.03011972689154677,0.03011972689154677,0.03011972689154677,0.03011972689154677,0.03011972689154677,0.03011972689154677,0.03011972689154677,0.03011972689154677,0.03011972689154677,0.03011972689154677,0.03011972689154677,0.03011972689154677,0.03011972689154677,0.03011972689154677,0.03011972689154677,0.03011972689154677,0.03011972689154677,0.03011972689154677,0.03011972689154677,0.03011972689154677,0.03011972689154677,0.03011972689154677,0.03011972689154677,0.03011972689154677,0.03011972689154677,0.03011972689154677,0.03011972689154677,0.03011972689154677,0.03011972689154677,0.03011972689154677,0.03011972689154677,0.03011972689154677,0.03011972689154677,0.03011972689154677,0.03011972689154677,0.03011972689154677,0.03011972689154677,0.03011972689154677,0.03011972689154677,0.03011972689154677,0.03011972689154677,0.03011972689154677,0.03011972689154677,0.03011972689154677,0.03011972689154677,0.03011972689154677,0.03011972689154677,0.03011972689154677,0.03011972689154677,0.03011972689154677,0.03011972689154677,0.03011972689154677,0.03011972689154677,0.03011972689154677,0.03011972689154677,0.03011972689154677,0.03011972689154677,0.03011972689154677,0.03011972689154677,0.03011972689154677,0.03011972689154677,0.03011972689154677,0.03011972689154677,0.03011972689154677,0.03011972689154677,0.03011972689154677,0.03011972689154677,0.03011972689154677,0.03011972689154677,0.03011972689154677,0.03011972689154677,0.03011972689154677,0.03011972689154677,0.03011972689154677,0.03011972689154677,0.03011972689154677,0.03011972689154677,0.03011972689154677,0.03011972689154677,0.03011972689154677,0.03011972689154677,0.03011972689154677,0.03011972689154677,0.03011972689154677,0.03011972689154677,0.03011972689154677,0.03011972689154677,0.03011972689154677,0.03011972689154677,0.03011972689154677,0.03011972689154677,0.03011972689154677,0.03011972689154677,0.03011972689154677,0.03011972689154677,0.03011972689154677,0.03011972689154677,0.03011972689154677,0.03011972689154677,0.03011972689154677,0.03011972689154677,0.03011972689154677,0.03011972689154677,0.03011972689154677,0.03011972689154677,0.03011972689154677,0.03011972689154677,0.03011972689154677,0.03011972689154677,0.03011972689154677,0.03011972689154677,0.03011972689154677,0.03011972689154677,0.03011972689154677,0.03011972689154677,0.03011972689154677,0.03011972689154677,0.03011972689154677,0.03011972689154677,0.03011972689154677,0.03011972689154677,0.03011972689154677,0.03011972689154677,0.03011972689154677,0.03011972689154677,0.03011972689154677,0.03011972689154677,0.03011972689154677,0.03011972689154677,0.03011972689154677,0.03011972689154677,0.03011972689154677,0.03011972689154677,0.03011972689154677,0.03011972689154677,0.03011972689154677,0.03011972689154677,0.03011972689154677,0.03011972689154677,0.03011972689154677,0.03011972689154677,0.03011972689154677,0.03011972689154677,0.03011972689154677,0.03011972689154677,0.03011972689154677,0.03011972689154677,0.03011972689154677,0.03011972689154677,0.03011972689154677,0.03011972689154677,0.03011972689154677,0.03011972689154677,0.03011972689154677,0.03011972689154677,0.03011972689154677,0.03011972689154677,0.03011972689154677,0.03011972689154677,0.03011972689154677,0.03011972689154677,0.03011972689154677,0.03011972689154677,0.03011972689154677,0.03011972689154677,0.03011972689154677,0.03011972689154677,0.03011972689154677,0.03011972689154677,0.03011972689154677,0.03011972689154677,0.03011972689154677,0.03011972689154677,0.03011972689154677,0.03011972689154677,0.03011972689154677,0.03011972689154677,0.03011972689154677,0.03011972689154677,0.03011972689154677,0.03011972689154677,0.03011972689154677,0.03011972689154677,0.03011972689154677,0.03011972689154677,0.03011972689154677,0.03011972689154677,0.03011972689154677,0.03011972689154677,0.03011972689154677,0.03011972689154677,0.03011972689154677,0.03011972689154677,0.03011972689154677,0.03011972689154677,0.03011972689154677,0.03011972689154677,0.03011972689154677,0.03011972689154677,0.03011972689154677,0.03011972689154677,0.03011972689154677,0.03011972689154677,0.03011972689154677,0.03011972689154677,0.03011972689154677,0.03011972689154677,0.03011972689154677,0.03011972689154677,0.03011972689154677,0.03011972689154677,0.03011972689154677,0.03011972689154677,0.03011972689154677,0.03011972689154677,0.03011972689154677,0.03011972689154677,0.03011972689154677,0.03011972689154677,0.03011972689154677,0.03011972689154677,0.03011972689154677,0.03011972689154677,0.03011972689154677,0.03011972689154677,0.03011972689154677,0.03011972689154677,0.03011972689154677,0.03011972689154677,0.03011972689154677,0.03011972689154677,0.03011972689154677,0.03011972689154677,0.03011972689154677,0.03011972689154677,0.03011972689154677,0.03011972689154677,0.03011972689154677,0.03011972689154677,0.03011972689154677,0.03011972689154677,0.03011972689154677,0.03011972689154677,0.03011972689154677,0.03011972689154677,0.03011972689154677,0.03011972689154677,0.03011972689154677,0.03011972689154677,0.03011972689154677,0.03011972689154677,0.03011972689154677,0.03011972689154677,0.03011972689154677,0.03011972689154677,0.03011972689154677,0.03011972689154677,0.03011972689154677,0.03011972689154677,0.03011972689154677,0.03011972689154677,0.03011972689154677,0.03011972689154677,0.03011972689154677,0.03011972689154677,0.03011972689154677,0.03011972689154677,0.03011972689154677,0.03011972689154677,0.03011972689154677,0.03011972689154677,0.03011972689154677,0.03011972689154677,0.03011972689154677,0.03011972689154677,0.03011972689154677,0.03011972689154677,0.03011972689154677,0.03011972689154677,0.03011972689154677,0.03011972689154677,0.03011972689154677,0.03011972689154677,0.03011972689154677,0.03011972689154677,0.03011972689154677,0.03011972689154677,0.03011972689154677,0.03011972689154677,0.03011972689154677,0.03011972689154677,0.03011972689154677,0.03011972689154677,0.03011972689154677,0.03011972689154677,0.03011972689154677,0.03011972689154677,0.03011972689154677,0.03011972689154677,0.03011972689154677,0.03011972689154677,0.03011972689154677,0.03011972689154677,0.03011972689154677,0.03011972689154677,0.03011972689154677,0.03011972689154677,0.03011972689154677,0.03011972689154677,0.03011972689154677,0.03011972689154677,0.03011972689154677,0.03011972689154677,0.03011972689154677,0.03011972689154677,0.03011972689154677,0.03011972689154677,0.03011972689154677,0.03011972689154677,0.03011972689154677,0.03011972689154677,0.03011972689154677,0.03011972689154677,0.03011972689154677,0.03011972689154677,0.03011972689154677,0.03011972689154677,0.03011972689154677,0.03011972689154677,0.03011972689154677,0.03011972689154677,0.03011972689154677,0.03011972689154677,0.03011972689154677,0.03011972689154677,0.03011972689154677,0.03011972689154677,0.03011972689154677,0.03011972689154677,0.03011972689154677,0.03011972689154677,0.03011972689154677,0.03011972689154677,0.03011972689154677,0.03011972689154677,0.03011972689154677,0.03011972689154677,0.03011972689154677,0.03011972689154677,0.03011972689154677,0.03011972689154677,0.03011972689154677,0.03011972689154677,0.03011972689154677,0.03011972689154677,0.03011972689154677,0.03011972689154677,0.03011972689154677,0.03011972689154677,0.03011972689154677,0.03011972689154677,0.03011972689154677,0.03011972689154677,0.03011972689154677,0.03011972689154677,0.03011972689154677,0.03011972689154677,0.03011972689154677,0.03011972689154677,0.03011972689154677,0.03011972689154677,0.03011972689154677,0.03011972689154677,0.03011972689154677,0.03011972689154677,0.03011972689154677,0.03011972689154677,0.03011972689154677,0.03011972689154677,0.03011972689154677,0.03011972689154677,0.03011972689154677,0.03011972689154677,0.03011972689154677,0.03011972689154677,0.03011972689154677,0.03011972689154677,0.03011972689154677,0.03011972689154677,0.03011972689154677,0.03011972689154677,0.03011972689154677,0.03011972689154677,0.03011972689154677,0.03011972689154677,0.03011972689154677,0.03011972689154677,0.03011972689154677,0.03011972689154677,0.03011972689154677,0.03011972689154677,0.03011972689154677,0.03011972689154677,0.03011972689154677,0.03011972689154677,0.03011972689154677,0.03011972689154677,0.03010941466889789,0.03009897037981168,0.03008839097540508,0.030077673272746026,0.030066813957316085,0.030055809582947183,0.030044656569876968,0.03003335120133627,0.030021889619052663,0.030010267817787668,0.029998481639088706,0.029986526764339223,0.02997439870715143,0.02996209280511563,0.0299496042109214,0.029936927882820322,0.029924058574422513,0.029910990823763015,0.02989771894162499,0.029884236999039172,0.02987053881391761,0.029856617936730948,0.029842467635177648,0.029828080877762266,0.02981345031611935,0.029798568266111956,0.029783426687439808,0.029768017161733315,0.02975233086895957,0.0297363585619711,0.02972009053903494,0.02970351661415214,0.029686626084940857,0.02966940769785285,0.029651849610444078,0.029633939350419556,0.029615663771077074,0.029597009002838473,0.029577960400353636,0.02955850248477428,0.02953861888063827,0.02951829224673608,0.02949750420027941,0.029476235233585196,0.029454464622383235,0.02943217032471516,0.02940932886926934,0.02938591523180438,0.029361902698115793,0.029337262711779125,0.029311964704617225,0.02928597590744629,0.02925926113848149,0.029231782566009754,0.02920349944157362,0.029174367799314576,0.029144340116114362,0.029113364926379805,0.029081386384134513,0.02904834376345369,0.029014170886935968,0.028978795469221896,0.028942138360560858,0.02890411267131105,0.028864622754894504,0.028823563020962676,0.028780816544117727,0.028736253424996153,0.028689728849633993,0.028641080778893557,0.028590127181182774,0.028536662697449904,0.028480454594797713,0.028421237821545868,0.028358708917199056,0.02829251844914018,0.0282222615344466,0.028147465844926764,0.028067576264252377,0.027981935032928153,0.027889755724261295,0.027790088652024505,0.02768177417146289,0.027563378543368267,0.027433104149393275,0.02728866108397168,0.027127079043949846,0.026944424209743544,0.02673535995587512,0.02649244154972802,0.026204940105091036,0.025856801122519597,0.02542296367448636,0.02486258676978977,0.02410720169230422,0.023046652547829952,0.02154923830703583,0.020330992120599297,0.020330992120581377,0.020330992120573092,0.020330992120557282,0.02033099211939015,0.01816769387065231,0.015948173090162884,0.01387452474325692,0.01202689593636796,0.010409507557252659,0.00899440889265955,0.007752066958619098,0.006674469952581405,0.005753820127832072,0.004968155588138889,0.004295794902403637,0.0037188635579000428,0.0032230807340609545,0.0027977983765645215,0.0027977893677098437,0.0027977817587494756,0.002797774696627727,0.002797767953371872,0.002797761431365765,0.002797755075322907,0.002797748849982195,0.002797742731438208,0.0027977367028115445,0.002797730751805879,0.0027977248692289763,0.0027977190480527178,0.002797713282793356,0.002797707569090896,0.0027977019034168857,0.002797696282867398,0.0027976907050139698,0.002797685167794725,0.002797679669433877,0.002797674208381514,0.00279766878326814,0.0027976633928699997,0.0027976580360823972,0.002797652711899009,0.002797647419395678,0.0027976421577176453,0.00279763692606939,0.0027976317237064763,0.002797626549928964,0.002797621404076046,0.00279761628552162,0.0027976111936706305,0.0027976061279560045,0.0027976010878360672,0.002797596072792342,0.002797591082327664,0.0027975861159645478,0.002797581173243768,0.002797576253723103,0.00279757135697624,0.0027975664825917778,0.0027975616301723553,0.002797556799333848,0.0027975519897046465,0.0027975472009249985,0.00279754243264641,0.0027975376845310825,0.0027975329562514085,0.0027975282474894925,0.0027975235579367113,0.0027975188872933036,0.0027975142352679844,0.0027975096015775895,0.002797504985946728,0.0027975003881074772,0.00279749580779907,0.002797491244767623,0.002797486698765865,0.0027974821695528848,0.002797477656893889,0.002797473160559978,0.0027974686803279285,0.002797464215979993,0.0027974597673036962,0.0027974553340916566,0.002797450916141406,0.00279744651325522,0.0027974421252399597,0.0027974377519069137,0.0027974333930716575,0.002797429048553903,0.002797424718177377,0.0027974204017696775,0.0027974160991621633,0.0027974118101898276,0.00279740753469119,0.002797403272508183,0.00279739902348605,0.002797394787473246,0.0027973905643213404,0.002797386353884928,0.00279738215602153,0.002797377970591521,0.0027973737974580407,0.002797369636486913,0.0027973654875465756,0.0027973613505080023,0.002797357225244631,0.002797353111632304,0.002797349009549191,0.0027973449188757357,0.0027973408394945864,0.0027973367712905463,0.002797332714150508,0.0027973286679634033,0.0027973246326201506,0.002797320608013602,0.002797316594038493,0.002797312590591396,0.002797308597570673,0.0027973046148764367,0.0027973006424104963,0.0027972966800763267,0.0027972927277790187,0.002797288785425249,0.0027972848529232296,0.0027972809301826883,0.002797277017114816,0.002797273113632242,0.0027972692196490015,0.0027972653350804917,0.0027972614598434564,0.002797257593855943,0.0027972537370372797,0.0027972498893080416,0.0027972460505900267,0.0027972422208062293,0.002797238399880808,0.002797234587739068,0.0027972307843074297,0.0027972269895134103,0.002797223203285595,0.002797219425553615,0.002797215656248129,0.0027972118953008,0.0027972081426442725,0.002797204398212154,0.0027972006619389946,0.0027971969337602693,0.002797193213612354,0.0027971895014325147,0.002797185797158882,0.0027971821007304414,0.0027971784120870108,0.002797174731169223,0.002797171057918521,0.0027971673922771246,0.002797163734188029,0.0027971600835949863,0.002797156440442491,0.002797152804675759,0.0027971491762407283,0.0027971455550840313,0.002797141941152989,0.002797138334395599,0.002797134734760521,0.002797131142197059,0.0027971275566551646,0.0027971239780854073,0.0027971204064389773,0.002797116841667667,0.0027971132837238625,0.002797109732560532,0.002797106188131217,0.0027971026503900227,0.002797099119291606,0.002797095594791164,0.0027970920768444324,0.002797088565407671,0.002797085060437653,0.002797081561891658,0.002797078069727467,0.002797074583903349,0.002797071104378053,0.0027970676311108076,0.0027970641640613007,0.0027970607031896823,0.002797057248456552,0.002797053799822954,0.002797050357250366,0.002797046920700699,0.002797043490136281,0.0027970400655198614,0.0027970366468145925,0.002797033233984035,0.0027970298269921414,0.002797026425803257,0.0027970230303821096,0.0027970196406938035,0.002797016256703818,0.0027970128783779986,0.002797009505682547,0.0027970061385840274,0.0027970027770493487,0.0027969994210457648,0.002796996070540871,0.0027969927255025967,0.002796989385899201,0.0027969860516992664,0.002796982722871694,0.002796979399385704,0.0027969760812108246,0.002796972768316888,0.0027969694606740318,0.0027969661582526915,0.002796962861023591,0.0027969595689577432,0.0027969562820264497,0.002796953000201295,0.002796949723454131,0.0027969464517570916,0.0027969431850825726,0.0027969399234032415,0.0027969366666920205,0.0027969334149220977,0.0027969301680669106,0.0027969269261001483,0.002796923688995748,0.002796920456727893,0.0027969172292710027,0.0027969140065997413,0.0027969107886889996,0.002796907575513907,0.002796904367049818,0.0027969011632723102,0.0027968979641571873,0.0027968947696804733,0.0027968915798184026,0.0027968883945474294,0.002796885213844217,0.002796882037685639,0.002796878866048769,0.0027968756989108904,0.0027968725362494833,0.002796869378042225,0.0027968662242669885,0.002796863074901844,0.0027968599299250468,0.002796856789315042,0.002796853653050461,0.00279685052111012,0.0027968473934730123,0.0027968442701183146,0.0027968411510253797,0.0027968380361737327,0.0027968349255430734,0.002796831819113268,0.002796828716864358,0.0027968256187765467,0.002796822524830201,0.002796819435005852,0.002796816349284191,0.0027968132676460702,0.0027968101900724923,0.0027968071165446204,0.00279680404704377,0.0027968009815514043,0.002796797920049141,0.0027967948625187413,0.0027967918089421145,0.0027967887593013125,0.0027967857135785326,0.002796782671756111,0.0027967796338165276,0.002796776599742393,0.0027967735695164585,0.002796770543121612,0.0027967675205408686,0.002796764501757384,0.002796761486754433,0.002796758475515429,0.0027967554680239115,0.00279675246426354,0.002796749464218102,0.002796746467871512,0.0027967434752078023,0.002796740486211124,0.002796737500865754,0.0027967345191560818,0.0027967315410666136,0.002796728566581976,0.002796725595686904,0.0027967226283662507,0.0027967196646049765,0.0027967167043881566,0.0027967137477009703,0.002796710794528712,0.002796707844856779,0.002796704898670675,0.002796701955956008,0.002796699016698492,0.0027966960808839436,0.0027966931484982808,0.0027966902195275204,0.0027966872939577826,0.0027966843717752796,0.0027966814529663308,0.0027966785375173435,0.0027966756254148256,0.0027966727166453763,0.002796669811195694,0.0027966669090525626,0.0027966640102028645,0.002796661114633569,0.0027966582223317364,0.0027966553332845153,0.002796652447479147,0.0027966495649029534,0.0027966466855433494,0.0027966438093878295,0.00279664093642398,0.002796638066639462,0.0027966352000220285,0.002796632336559512,0.0027966294762398246,0.002796626619050963,0.0027966237649810007,0.0027966209140180905,0.0027966180661504647,0.0027966152213664353,0.0027966123796543873,0.002796609541002786,0.0027966067054001685,0.00279660387283515,0.0027966010432964187,0.0027965982167727377,0.0027965953932529396,0.0027965925727259297,0.0027965897551806905,0.002796586940606266,0.002796584128991777,0.002796581320326413,0.0027965785145994296,0.0027965757118001535,0.0027965729119179784,0.0027965701149423646,0.0027965673208628352,0.002796564529668986,0.002796561741350474,0.0027965589558970215,0.002796556173298416,0.0027965533935445036,0.0027965506166252006,0.00279654784253048,0.002796545071250379,0.0027965423027749943,0.0027965395370944863,0.0027965367741990725,0.0027965340140790338,0.0027965312567247054,0.002796528502126484,0.0027965257502748243,0.0027965230011602377,0.002796520254773294,0.0027965175111046184,0.002796514770144891,0.0027965120318848512,0.0027965092963152913,0.0027965065634270587,0.0027965038332110536,0.0027965011056582307,0.0027964983807596006,0.002796495658506223,0.0027964929388892114,0.0027964902218997317,0.002796487507529004,0.002796484795768293,0.0027964820866089174,0.002796479380042248,0.0027964766760597034,0.002796473974652754,0.002796471275812915,0.0027964685795317523,0.002796465885800882,0.002796463194611964,0.0027964605059567103,0.002796457819826876,0.0027964551362142645,0.002796452455110727,0.0027964497765081554,0.0027964471003984943,0.0027964444267737283,0.002796441755625888,0.0027964390869470506,0.0027964364207293336,0.0027964337569649027,0.0027964310956459597,0.0027964284367647608,0.002796425780313594,0.002796423126284795,0.00279642047467074,0.002796417825463849,0.0027964151786565826,0.002796412534241438,0.0027964098922109593,0.0027964072525577285,0.002796404615274369,0.0027964019803535414,0.002796399347787947,0.0027963967175703283,0.0027963940896934616,0.0027963914641501685,0.0027963888409333025,0.0027963862200357605,0.002796383601450472,0.00279638098517041,0.002796378371188578,0.0027963757594980216,0.0027963731500918183,0.002796370542963088,0.002796367938104982,0.002796365335510686,0.0027963627351734275,0.0027963601370864636,0.002796357541243087,0.0027963549476366276,0.0027963523562604497,0.002796349767107949,0.002796347180172554,0.002796344595447736,0.002796342012926988,0.0027963394326038426,0.002796336854471867,0.0027963342785246544,0.0027963317047558357,0.0027963291331590755,0.002796326563728064,0.00279632399645653,0.0027963214313382278,0.002796318868366949,0.0027963163075365102,0.002796313748840766,0.0027963111922735917,0.002796308637828905,0.0027963060855006445,0.002796303535282782,0.0027963009871693205,0.0027962984411542885,0.002796295897231749,0.0027962933553957897,0.0027962908156405324,0.002796288277960121,0.002796285742348735,0.002796283208800576,0.0027962806773098783,0.0027962781478709,0.002796275620477932,0.0027962730951252898,0.0027962705718073146,0.002796268050518379,0.0027962655312528777,0.0027962630140052395,0.00279626049876991,0.0027962579855413693,0.0027962554743141198,0.002796252965082694,0.002796250457841644,0.0027962479525855516,0.0027962454493090263,0.002796242948006699,0.0027962404486732264,0.0027962379513032927,0.002796235455891603,0.0027962329624328926,0.0027962304709219154,0.0027962279813534543,0.0027962254937223137,0.002796223008023324,0.002796220524251339,0.0027962180424012336,0.002796215562467911,0.0027962130844462947,0.0027962106083313306,0.002796208134117989,0.002796205661801268,0.00279620319137618,0.002796200722837766,0.0027961982561810843,0.0027961957914012224,0.0027961933284932844,0.002796190867452401,0.0027961884082737206,0.0027961859509524154,0.002796183495483681,0.0027961810418627303,0.0027961785900848008,0.002796176140145151,0.0027961736920390605,0.0027961712457618276,0.002796168801308775,0.0027961663586752446,0.002796163917856595,0.0027961614788482143,0.002796159041645502,0.0027961566062438825,0.0027961541726387986,0.002796151740825715,0.0027961493108001135,0.0027961468825574974,0.0027961444560933883,0.0027961420314033297,0.0027961396084828813,0.0027961371873276254,0.002796134767933159,0.002796132350295102,0.002796129934409093,0.002796127520270787,0.0027961251078758576,0.0027961226972200003,0.0027961202882989247,0.0027961178811083637,0.0027961154756440624,0.0027961130719017877,0.0027961106698773234,0.0027961082695664736,0.002796105870965056,0.00279610347406891,0.0027961010788738884,0.0027960986853758653,0.002796096293570731,0.002796093903454389,0.002796091515022766,0.002796089128271804,0.002796086743197459,0.0027960843597957053,0.0027960819780625374,0.00279607959799396,0.002796077219586,0.002796074842834696,0.002796072467736109,0.0027960700942863087,0.002796067722481387,0.0027960653523174486,0.002796062983790616,0.002796060616897027,0.0027960582516328354,0.002796055887994207,0.0027960535259773274,0.002796051165578399,0.002796048806793636,0.002796046449619267,0.0027960440940515384,0.0027960417400867137,0.002796039387721067,0.0027960370369508897,0.002796034687772488,0.002796032340182181,0.0027960299941763053,0.0027960276497512103,0.002796025306903261,0.002796022965628835,0.002796020625924328,0.0027960182877861442,0.0027960159512107068,0.0027960136161944535,0.002796011282733831,0.002796008950825306,0.0027960066204653533,0.002796004291650467,0.002796001964377151,0.002795999638641925,0.002795997314441321,0.002795994991771886,0.002795992670630177,0.0027959903510127674,0.0027959880329162467,0.002795985716337209,0.00279598340127227,0.002795981087718055,0.002795978775671202,0.0027959764651283602,0.0027959741560861975,0.0027959718485413873,0.0027959695424906216,0.0027959672379306013,0.0027959649348580445,0.0027959626332696727,0.002795960333162231,0.0027959580345324666,0.002795955737377149,0.0027959534416930527,0.0027959511474769665,0.002795948854725692,0.0027959465634360384,0.0027959442736048344,0.0027959419852289155,0.002795939698305132,0.0027959374128303433,0.0027959351288014203,0.002795932846215247,0.00279593056506872,0.002795928285358746,0.0027959260070822434,0.0027959237302361416,0.002795921454817381,0.002795919180822916,0.002795916908249709,0.002795914637094734,0.002795912367354979,0.002795910099027438,0.002795907832109121,0.0027959055665970453,0.0027959033024882417,0.002795901039779753,0.0027958987784686244,0.002795896518551925,0.0027958942600267234,0.002795892002890104,0.0027958897471391606,0.0027958874927709976,0.002795885239782729,0.0027958829881714804,0.002795880737934387,0.0027958784890685946,0.002795876241571259,0.0027958739954395484,0.002795871750670637,0.00279586950726171,0.002795867265209966,0.0027958650245126114,0.0027958627851668613,0.002795860547169941,0.002795858310519088,0.002795856075211546,0.002795853841244572,0.0027958516086154317,0.0027958493773213968,0.0027958471473597535,0.0027958449187277952,0.0027958426914228254,0.0027958404654421583,0.002795838240783113,0.0027958360174430226,0.0027958337954192254,0.002795831574709075,0.0027958293553099266,0.0027958271372191517,0.0027958249204341253,0.002795822704952235,0.0027958204907708754,0.0027958182778874516,0.002795816066299377,0.002795813856004072,0.0027958116469989688,0.0027958094392815077,0.0027958072328491362,0.0027958050276993126,0.002795802823829502,0.002795800621237178,0.002795798419919827,0.0027957962198749387,0.0027957940211000105,0.0027957918235925567,0.0027957896273500885,0.0027957874323701355,0.00279578523865023,0.002795783046187913,0.0027957808549807363,0.0027957786650262572,0.0027957764763220446,0.002795774288865672,0.00279577210265472,0.002795769917686784,0.0027957677339594555,0.002795765551470352,0.002795763370217083,0.0027957611901972715,0.002795759011408547,0.0027957568338485496,0.002795754657514926,0.0027957524824053287,0.002795750308517422,0.002795748135848874,0.002795745964397362,0.002795743794160569,0.002795741625136192,0.0027957394573219258,0.0027957372907154807,0.002795735125314571,0.0027957329611169174,0.0027957307981202537,0.002795728636322313,0.002795726475720842,0.002795724316313591,0.002795722158098321,0.002795720001072795,0.002795717845234791,0.0027957156905820853,0.0027957135371124687,0.002795711384823734,0.002795709233713685,0.00279570708378013,0.002795704935020886,0.0027957027874337724,0.0027957006410166225,0.002795698495767272,0.002795696351683565,0.002795694208763351,0.0027956920670044877,0.0027956899264048405,0.0027956877869622808,0.0027956856486746834,0.0027956835115399343,0.0027956813755559253,0.002795679240720554,0.002795677107031722,0.0027956749744873425,0.002795672843085333,0.0027956707128236166,0.0027956685837001237,0.0027956664557127913,0.0027956643288595618,0.0027956622031383854,0.0027956600785472197,0.002795657955084026,0.0027956558327467723,0.0027956537115334337,0.0027956515914419927,0.002795649472470435,0.0027956473546167557,0.002795645237878953,0.002795643122255036,0.002795641007743015,0.002795638894340907,0.0027956367820467388,0.002795634670858538,0.002795632560774344,0.0027956304517921995,0.0027956283439101474,0.002795626237126247,0.0027956241314385562,0.0027956220268451444,0.002795619923344079,0.0027956178209334404,0.0027956157196113132,0.0027956136193757848,0.0027956115202249503,0.002795609422156913,0.0027956073251697755,0.0027956052292616536,0.002795603134430664,0.0027956010406749313,0.002795598947992584,0.0027955968563817555,0.0027955947658405873,0.0027955926763672248,0.0027955905879598216,0.0027955885006165325,0.0027955864143355195,0.0027955843291149534,0.002795582244953005,0.0027955801618478517,0.002795578079797681,0.00279557599880068,0.002795573918855046,0.0027955718399589762,0.0027955697621106787,0.002795567685308362,0.0027955656095502417,0.0027955635348345413,0.0027955614611594863,0.002795559388523306,0.00279555731692424,0.0027955552463605282,0.002795553176830419,0.002795551108332163,0.002795549040864019,0.002795546974424247,0.002795544909011117,0.002795542844622899,0.00279554078125787,0.0027955387189143137,0.002795536657590517,0.0027955345972847712,0.0027955325379953725,0.0027955304797206266,0.0027955284224588355,0.0027955263662083137,0.0027955243109673753,0.0027955222567343455,0.002795520203507546,0.00279551815128531,0.002795516100065974,0.002795514049847876,0.0027955120006293624,0.002795509952408783,0.0027955079051844903,0.002795505858954846,0.002795503813718211,0.0027955017694729547,0.00279549972621745,0.0027954976839500755,0.002795495642669213,0.0027954936023732472,0.002795491563060572,0.002795489524729582,0.002795487487378674,0.0027954854510062596,0.0027954834156107412,0.0027954813811905364,0.002795479347744062,0.002795477315269739,0.002795475283765994,0.002795473253231259,0.0027954712236639714,0.0027954691950625673,0.0027954671674254943,0.0027954651407511976,0.002795463115038133,0.0027954610902847545,0.002795459066489523,0.002795457043650907,0.0027954550217673753,0.0027954530008374003,0.0027954509808594597,0.002795448961832037,0.0027954469437536196,0.002795444926622695,0.0027954429104377603,0.002795440895197312,0.002795438880899856,0.0027954368675438953,0.0027954348551279453,0.0027954328436505162,0.00279543083311013,0.002795428823505309,0.0027954268148345806,0.0027954248070964738,0.0027954228002895257,0.002795420794412273,0.002795418789463261,0.0027954167854410345,0.0027954147823441443,0.0027954127801711457,0.002795410778920598,0.0027954087785910615,0.0027954067791811027,0.0027954047806892906,0.002795402783114201,0.0027954007864544102,0.0027953987907084993,0.002795396795875054,0.0027953948019526598,0.002795392808939917,0.002795390816835416,0.0027953888256377563,0.002795386835345544,0.002795384845957386,0.002795382857471891,0.002795380869887677,0.0027953788832033614,0.002795376897417565,0.002795374912528915,0.0027953729285360393,0.002795370945437572,0.0027953689632321467,0.002795366981918407,0.0027953650014949944,0.002795363021960556,0.002795361043313743,0.002795359065553207,0.002795357088677609,0.002795355112685609,0.002795353137575869,0.00279535116334706,0.0027953491899978537,0.002795347217526922,0.0027953452459329466,0.0027953432752146072,0.0027953413053705863,0.0027953393363995774,0.002795337368300267,0.0027953354010713566,0.002795333434711541,0.002795331469219522,0.0027953295045940046,0.002795327540833698,0.0027953255779373143,0.0027953236159035688,0.0027953216547311776,0.002795319694418864,0.0027953177349653536,0.002795315776369373,0.0027953138186296547,0.002795311861744933,0.0027953099057139454,0.0027953079505354337,0.0027953059962081386,0.0027953040427308126,0.0027953020901022013,0.002795300138321062,0.002795298187386149,0.002795296237296223,0.002795294288050047,0.0027952923400126864,0.002795290392817015,0.0027952884464617703,0.0027952865009457845,0.0027952845562678095,0.0027952826124264317,0.0027952806694207955,0.0027952787272495345,0.0027952767859114234,0.0027952748454052735,0.0027952729057299404,0.002795270966884162,0.002795269028866726,0.0027952670916765467,0.002795265155312339,0.002795263219772913,0.002795261285057082,0.0027952593511636633,0.002795257418091477,0.002795255485839347,0.002795253554406099,0.0027952516237904827,0.002795249693991404,0.0027952477650076794,0.0027952458368381205,0.0027952439094816126,0.0027952419829369943,0.0027952400572029724,0.00279523813227877,0.002795236208163011,0.0027952342848545477,0.0027952323623522367,0.0027952304406549384,0.0027952285197615175,0.0027952265996708356,0.0027952246803817646,0.0027952227618931714,0.0027952208442039326,0.0027952189273129226,0.002795217011219021,0.002795215095921111,0.0027952131814180724,0.0027952112677087936,0.0027952093547920593,0.0027952074426675754,0.0027952055313329297,0.0027952036207876227,0.002795201711030436,0.0027951998020603825,0.002795197893876365,0.0027951959864773025,0.002795194079862095,0.0027951921740296606,0.0027951902689789107,0.002795188364708904,0.002795186461218425,0.0027951845585065345,0.0027951826565717768,0.0027951807554134414,0.002795178855030227,0.0027951769554212186,0.0027951750565853362,0.0027951731585216647,0.0027951712612289607,0.0027951693647061894,0.002795167468952296,0.002795165573966087,0.002795163679747368,0.0027951617862937306,0.0027951598936048296,0.002795158001679603,0.0027951561105169814,0.002795154220115701,0.0027951523304751047,0.002795150441594018,0.0027951485534713034,0.0027951466661061608,0.00279514477949744,0.0027951428936440845,0.002795141008545148,0.002795139124199608,0.002795137240606324,0.002795135357764373,0.0027951334756727546,0.0027951315943303833,0.0027951297137363603,0.0027951278338895894,0.0027951259547890775,0.0027951240764337868,0.0027951221988228065,0.0027951203219551374,0.0027951184458299737,0.0027951165704461346,0.002795114695802637,0.0027951128218984336,0.002795110948732643,0.0027951090763045122,0.002795107204612607,0.0027951053336562983,0.002795103463434234,0.0027951015939453954,0.0027950997251893644,0.0027950978571650346,0.0027950959898712558,0.0027950941233071073,0.002795092257471422,0.0027950903923634504,0.0027950885279822255,0.0027950866643265153,0.002795084801395968,0.0027950829391897533,0.0027950810777058574,0.0027950792169439517,0.0027950773569030783,0.0027950754975823344,0.0027950736389807684,0.0027950717810975166,0.002795069923931363,0.0027950680674817007,0.0027950662117475463,0.0027950643567279596,0.002795062502421867,0.002795060648828421,0.002795058795946697,0.002795056943775773,0.0027950550923146675,0.0027950532415626506,0.0027950513915186896,0.0027950495421817908,0.002795047693551113,0.00279504584562567,0.00279504399840462,0.0027950421518864507,0.0027950403060710317,0.0027950384609577773,0.002795036616545069,0.0027950347728325398,0.0027950329298190133,0.002795031087503604,0.0027950292458853976,0.002795027404963558,0.002795025564737168,0.0027950237252053717,0.0027950218863672456,0.0027950200482218033,0.002795018210768275,0.002795016374005781,0.0027950145379334462,0.0027950127025503963,0.0027950108678557596,0.0027950090338486654,0.0027950072005282446,0.0027950053678938423,0.002795003535944173,0.0027950017046787924,0.00279499987409605,0.002794998044195669,0.002794996214976789,0.002794994386438562,0.0027949925585801206,0.0027949907314010983,0.0027949889048997007,0.002794987079075544,0.002794985253928283,0.0027949834294565346,0.0027949816056595,0.0027949797825363378,0.0027949779600862077,0.0027949761383082713,0.0027949743172016967,0.0027949724967656514,0.0027949706769992986,0.00279496885790181,0.002794967039472354,0.002794965221710108,0.0027949634046142446,0.002794961588183941,0.002794959772418374,0.0027949579573160457,0.002794956142876827,0.002794954329099888,0.002794952515985047,0.002794950703530867,0.0027949488917365364,0.0027949470806012443,0.0027949452701241813,0.002794943460304547,0.002794941651141529,0.0027949398426343275,0.0027949380347821414,0.00279493622758417,0.002794934421039615,0.0027949326151469967,0.002794930809906214,0.0027949290053164637,0.002794927201376969,0.0027949253980869408,0.002794923595445577,0.0027949217934527724,0.002794919992107067,0.0027949181914076198,0.002794916391353726,0.0027949145919446373,0.0027949127931794354,0.0027949109950574295,0.0027949091975777523,0.0027949074007397184,0.0027949056045419806,0.0027949038089843496,0.00279490201406606,0.0027949002197863574,0.002794898426144451,0.002794896633139592,0.0027948948407710184,0.0027948930490379626,0.002794891257939676,0.002794889467475389,0.0027948876776443554,0.0027948858884458087,0.002794884099879014,0.0027948823119431925,0.002794880524637608,0.0027948787379615324,0.002794876951914193,0.0027948751664948475,0.0027948733817027564,0.00279487159753718,0.0027948698139973684,0.0027948680310825847,0.002794866248792106,0.002794864467125175,0.0027948626860810582,0.0027948609056590384,0.002794859125858369,0.002794857346678318,0.002794855568118573,0.0027948537901779274,0.002794852012855522,0.0027948502361511193,0.0027948484600623645,0.002794846684591268,0.0027948449097356977,0.002794843135495739,0.0027948413618695505,0.0027948395888558056,0.0027948378164554455,0.0027948360446670116,0.0027948342734898943,0.0027948325029232353,0.00279483073296639,0.0027948289636186845,0.002794827194879393,0.002794825426747825,0.0027948236592230963,0.0027948218923046757,0.0027948201259921255,0.0027948183602842258,0.0027948165951813433,0.0027948148306816438,0.0027948130667847762,0.00279481130349006,0.002794809540796771,0.0027948077787042593,0.0027948060172118257,0.002794804256318768,0.002794802496024403,0.0027948007363280142,0.0027947989772289534,0.002794797218726661,0.0027947954608202197,0.002794793703509154,0.0027947919467927406,0.0027947901906699487,0.002794788435140388,0.002794786680203379,0.0027947849258584717,0.0027947831721049214,0.0027947814189417898,0.0027947796663684147,0.002794777914384312,0.0027947761629886453,0.002794774412180496,0.002794772661959566,0.0027947709123251553,0.0027947691632767406,0.0027947674148135933,0.002794765666934722,0.002794763919639863,0.002794762172928207,0.0027947604267986943,0.0027947586812516094,0.0027947569362858065,0.002794755191900632,0.0027947534480954376,0.00279475170486939,0.0027947499622219285,0.002794748220152556,0.0027947464786608426,0.0027947447377458714,0.002794742997406996,0.0027947412576434356,0.0027947395184549375,0.0027947377798405518,0.0027947360417996344,0.0027947343043315575,0.002794732567435698,0.0027947308311115334,0.00279472909535833,0.002794727360175496,0.002794725625562393,0.0027947238915183763,0.002794722158042821,0.0027947204251351186,0.0027947186927946626,0.0027947169610208914,0.00279471522981302,0.0027947134991704193,0.0027947117690926,0.002794710039578644,0.00279470831062843,0.002794706582240495,0.002794704854415255,0.0027947031271517565,0.0027947014004493275,0.0027946996743072974,0.0027946979487250443,0.0027946962237019824,0.0027946944992376173,0.0027946927753308747,0.002794691051981676,0.0027946893291892075,0.0027946876069527733,0.0027946858852719264,0.0027946841641460418,0.002794682443574595,0.0027946807235568758,0.0027946790040922864,0.002794677285180226,0.002794675566820034,0.0027946738490112113,0.00279467213175313,0.002794670415045178,0.002794668698886771,0.0027946669832773306,0.002794665268216253,0.002794663553703034,0.0027946618397370277,0.002794660126317628,0.002794658413444577,0.0027946567011164613,0.0027946549893332574,0.0027946532780942918,0.0027946515673988163,0.0027946498572467065,0.002794648147637091,0.0027946464385693575,0.002794644730042982,0.002794643022057433,0.0027946413146119732,0.002794639607706196,0.0027946379013395325,0.0027946361955115667,0.002794634490221415,0.0027946327854682677,0.002794631081251884,0.002794629377571697,0.0027946276744271366,0.0027946259718176357,0.002794624269742632,0.0027946225682015575,0.0027946208671938482,0.0027946191667189715,0.002794617466776311,0.0027946157673655265,0.0027946140684864374,0.002794612370137268,0.002794610672318028,0.0027946089750289036,0.002794607278267987,0.002794605582036101,0.0027946038863313483,0.002794602191154467,0.002794600496503641,0.002794598802379417,0.002794597108780284,0.002794595415706073,0.002794593723156321,0.0027945920311305177,0.0027945903396281004,0.0027945886486488688,0.002794586958191584,0.002794585268256393,0.0027945835788421485,0.0027945818899485684,0.002794580201575114,0.0027945785137208816,0.0027945768263856947,0.00279457513956904,0.002794573453270337,0.0027945717674894414,0.0027945700822254458,0.0027945683974778214,0.0027945667132453543,0.00279456502952887,0.002794563346327158,0.0027945616636396225,0.002794559981465794,0.002794558299805162,0.002794556618657216,0.0027945549380214083,0.0027945532578973033,0.0027945515782842514,0.0027945498991815373,0.0027945482205882924,0.0027945465425050528,0.0027945448649310156,0.002794543187865503,0.002794541511307934,0.002794539835257814,0.002794538159714727,0.0027945364846779478,0.002794534810147058,0.0027945331361214805,0.0027945314626008203,0.00279452978958436,0.0027945281170719,0.0027945264450625184,0.0027945247735561233,0.0027945231025520577,0.002794521432049228,0.002794519762048641,0.002794518092548524,0.002794516423548659,0.0027945147550484987,0.002794513087046606,0.002794511419545155,0.0027945097525414273,0.002794508086035258,0.0027945064200264897,0.0027945047545145014,0.0027945030894987065,0.0027945014249790446,0.00279449976095439,0.002794498097424374,0.00279449643438873,0.002794494771847102,0.0027944931097987594,0.0027944914482421605,0.002794489787178411,0.0027944881266067493,0.002794486466526296,0.0027944848069366493,0.0027944831478373426,0.0027944814892275063,0.0027944798311072203,0.0027944781734760915,0.0027944765163332927,0.00279447485967839,0.0027944732035109624,0.0027944715478304925,0.002794469892636417,0.0027944682379282774,0.0027944665837054423,0.002794464929967563,0.002794463276714502,0.0027944616239455006,0.002794459971660243,0.0027944583198579436,0.002794456668538322,0.002794455017701345,0.0027944533673455287,0.0027944517174708938,0.002794450068077034,0.0027944484191635153,0.002794446770729727,0.0027944451227750883,0.0027944434752996215,0.002794441828302464,0.0027944401817823292,0.0027944385357404856,0.0027944368901756224,0.0027944352450876087,0.002794433600475412,0.0027944319563385383,0.0027944303126775966,0.0027944286694908138,0.0027944270267779717,0.0027944253845389655,0.0027944237427733588,0.0027944221014805227,0.0027944204606602414,0.002794418820311641,0.0027944171804344933,0.0027944155410283998,0.0027944139020921353,0.002794412263626639,0.0027944106256307106,0.002794408988103937,0.0027944073510468657,0.002794405714457107,0.002794404078335539,0.002794402442681353,0.0027944008074940797,0.0027943991727728498,0.002794397538517668,0.0027943959047280597,0.0027943942714036486,0.0027943926385435485,0.002794391006147993,0.002794389374216466,0.0027943877427482086,0.0027943861117428544,0.0027943844811998135,0.0027943828511186363,0.002794381221497847,0.0027943795923395126,0.0027943779636416936,0.0027943763354043465,0.0027943747076268435,0.0027943730803087177,0.0027943714534495795,0.0027943698270489325,0.0027943682011065223,0.002794366575621631,0.0027943649505938442,0.0027943633260230174,0.002794361701908224,0.0027943600782502046,0.00279435845504698,0.0027943568322985994,0.0027943552100050837,0.00279435358816585,0.0027943519667800185,0.0027943503458478813,0.0027943487253686665,0.0027943471053417154,0.00279434548576667,0.0027943438666434917,0.002794342247971316,0.0027943406297500947,0.0027943390119792686,0.0027943373946583525,0.0027943357777869553,0.0027943341613646576,0.002794332545391043,0.0027943309298656513,0.0027943293147881794,0.002794327700158911,0.00279432608597581,0.0027943244722393127,0.002794322858948989,0.0027943212461043567,0.002794319633705112,0.0027943180217508386,0.0027943164102406434,0.002794314799174889,0.002794313188552884,0.002794311578374037,0.002794309968638257,0.0027943083593453062,0.002794306750494107,0.0027943051420843256,0.0027943035341157717,0.0027943019265879933,0.0027943003195006243,0.0027942987128535286,0.0027942971066463648,0.002794295500877819,0.0027942938955479776,0.0027942922906565464,0.0027942906862031686,0.00279428908218738,0.0027942874786087307,0.0027942858754669894,0.002794284272761525,0.0027942826704920737,0.0027942810686581343,0.0027942794672594874,0.0027942778662955795,0.002794276265766052,0.0027942746656704205,0.002794273066008352,0.0027942714667793887,0.0027942698679833174,0.0027942682696197093,0.0027942666716880065,0.002794265074187963,0.002794263477119208,0.002794261880481196,0.0027942602842731994,0.0027942586884955826,0.002794257093147569,0.002794255498228863,0.0027942539037391313,0.002794252309677841,0.0027942507160446796,0.0027942491228392366,0.002794247530061122,0.002794245937709954,0.0027942443457853222,0.002794242754286566,0.0027942411632135727,0.002794239572565799,0.0027942379823433353,0.002794236392545782,0.002794234803172453,0.0027942332142227317,0.0027942316256968102,0.0027942300375939926,0.0027942284499131503,0.002794226862654762,0.0027942252758187953,0.0027942236894044317,0.0027942221034114637,0.002794220517839275,0.0027942189326874266,0.002794217347955947,0.002794215763644099,0.002794214179751624,0.0027942125962779835,0.0027942110132229306,0.0027942094305860926,0.002794207848367096,0.0027942062665655765,0.0027942046851811555,0.0027942031042134646,0.0027942015236620613,0.0027941999435266507,0.0027941983638068634,0.0027941967845023295,0.002794195205612681,0.002794193627137552,0.0027941920490766638,0.002794190471429474,0.0027941888941957044,0.002794187317375067,0.0027941857409671303,0.0027941841649715225,0.0027941825893878745,0.0027941810142158227,0.002794179439454979,0.002794177865105048,0.0027941762911656187,0.0027941747176362893,0.002794173144516809,0.0027941715718067086,0.0027941699995057143,0.0027941684276134382,0.002794166856129551,0.002794165285053599,0.002794163714385093,0.00279416214412406,0.0027941605742698014,0.002794159004822164,0.0027941574357808374,0.0027941558671451963,0.002794154298915307,0.002794152731090579,0.0027941511636705935,0.002794149596655137,0.002794148030043732,0.0027941464638359293,0.002794144898031723,0.002794143332630384,0.002794141767631923,0.002794140203035382,0.0027941386388410675,0.0027941370750482982,0.0027941355116569253,0.002794133948666537,0.0027941323860770427,0.0027941308238874454,0.0027941292620979243,0.0027941277007079417,0.002794126139717043,0.0027941245791254458,0.002794123018932015,0.0027941214591371564,0.002794119899740168,0.002794118340740418,0.0027941167821379747,0.002794115223932514,0.002794113666123222,0.0027941121087101312,0.002794110551693125,0.00279410899507146,0.0027941074388448473,0.0027941058830132587,0.002794104327576028,0.002794102772533021,0.0027941012178835786,0.0027940996636277716,0.0027940981097651133,0.002794096556295165,0.0027940950032176223,0.0027940934505320835,0.002794091898238468,0.002794090346336118,0.002794088794824587,0.002794087243704299,0.0027940856929744265,0.0027940841426347097,0.0027940825926845727,0.0027940810431239037,0.0027940794939525357,0.0027940779451699825,0.0027940763967756236,0.0027940748487694884,0.002794073301151301,0.002794071753920639,0.0027940702070771086,0.0027940686606201205,0.0027940671145499484,0.0027940655688659406,0.0027940640235677803,0.0027940624786551623,0.002794060934127531,0.0027940593899849907,0.0027940578462267154,0.0027940563028526696,0.002794054759862508,0.002794053217256263,0.0027940516750332807,0.0027940501331932465,0.0027940485917358304,0.0027940470506607235,0.002794045509967597,0.002794043969656135,0.0027940424297250863,0.002794040890174968,0.0027940393510064465,0.0027940378122183187,0.0027940362738104393,0.0027940347357819344,0.0027940331981330586,0.002794031660862625,0.002794030123971973,0.0027940285874598248,0.0027940270513254453,0.002794025515568926,0.0027940239801902897,0.0027940224451886305,0.002794020910563975,0.0027940193763159155,0.0027940178424441945,0.002794016308948396,0.002794014775828743,0.0027940132430841064,0.002794011710714533,0.0027940101787199394,0.0027940086471004164,0.0027940071158545497,0.0027940055849821734,0.002794004054484387,0.0027940025243588834,0.0027940009946059506,0.002793999465225889,0.0027939979362181797,0.002793996407582196,0.0027939948793181623,0.002793993351425238,0.0027939918239033787,0.0027939902967525705,0.0027939887699718526,0.0027939872435616265,0.002793985717520978,0.002793984191849868,0.002793982666548396,0.002793981141615854,0.0027939796170518383,0.002793978092856292,0.0027939765690292995,0.0027939750455693853,0.002793973522477167,0.0027939719997521757,0.0027939704773937046,0.0027939689554019567,0.0027939674337765365,0.0027939659125169438,0.002793964391623183,0.0027939628710947967,0.002793961350931481,0.0027939598311329463,0.0027939583116989,0.002793956792629043,0.002793955273923048,0.0027939537555806576,0.0027939522376015853,0.0027939507199858677,0.00279394920273253,0.0027939476858416246,0.002793946169312848,0.002793944653145915,0.002793943137340903,0.0027939416218976266,0.0027939401068144886,0.002793938592092032,0.0027939370777299664,0.0027939355637280083,0.002793934050085863,0.002793932536803246,0.002793931023879867,0.0027939295113154406,0.002793927999109677,0.0027939264872622912,0.0027939249757729903,0.0027939234646414926,0.0027939219538675197,0.0027939204434507614,0.002793918933390965,0.00279391742368782,0.0027939159143410596,0.0027939144053503923,0.0027939128967155898,0.0027939113884359952,0.002793909880512059,0.002793908372943086,0.0027939068657283216,0.0027939053588686624,0.0027939038523628543,0.002793902346210821,0.002793900840412403,0.0027938993349672023,0.0027938978298741477,0.002793896325133769,0.002793894820746785,0.002793893316711026,0.002793891813027415,0.0027938903096947822,0.002793888806714794,0.0027938873040849158,0.002793885801806748,0.002793884299878253,0.0027938827983008526,0.002793881297072489,0.0027938797961947633,0.0027938782956657836,0.0027938767954865645,0.0027938752956560443,0.002793873796174082,0.002793872297040432,0.002793870798254912,0.002793869299817134,0.002793867801726775,0.0027938663039837257,0.002793864806587501,0.0027938633095378443,0.002793861812834692,0.0027938603164779047,0.002793858820466719,0.0027938573248011333,0.0027938558294795667,0.002793854334504443,0.0027938528398739506,0.0027938513455884897,0.0027938498516468097,0.0027938483580489566,0.002793846864793998,0.002793845371883815,0.0027938438793161983,0.0027938423870917323,0.0027938408952100685,0.002793839403670739,0.0027938379124734184,0.0027938364216179433,0.0027938349311041467,0.0027938334409305437,0.002793831951097883,0.0027938304616057304,0.0027938289724542898,0.0027938274836445073,0.0027938259951743923,0.002793824507044659,0.002793823019253966,0.002793821531801576,0.0027938200446887313,0.0027938185579149534,0.0027938170714795563,0.0027938155853823306,0.002793814099623183,0.002793812614201636,0.0027938111291173815,0.002793809644370268,0.002793808159958855,0.002793806675885245,0.0027938051921481883,0.0027938037087470516,0.00279380222568187,0.0027938007429521823,0.00279379926055783,0.0027937977784985614,0.0027937962967741524,0.0027937948153842814,0.0027937933343287254,0.0027937918536072317,0.0027937903732195416,0.0027937888931654086,0.0027937874134445753,0.002793785934056587,0.0027937844550015942,0.0027937829762791377,0.002793781497888946,0.0027937800198308124,0.0027937785421044627,0.002793777064709646,0.002793775587646111,0.0027937741109136057,0.0027937726345118796,0.002793771158440684,0.002793769682699769,0.0027937682072888843,0.00279376673220778,0.002793765257456207,0.002793763783033919,0.0027937623089406673,0.0027937608351762022,0.0027937593617402786,0.0027937578886326453,0.002793756415853061,0.0027937549434012736,0.0027937534712770395,0.002793751999480112,0.0027937505280102464,0.0027937490568671944,0.0027937475860507137,0.0027937461155605574,0.0027937446453964823,0.002793743175558246,0.0027937417060456,0.002793740236858307,0.0027937387679961186,0.0027937372994587947,0.002793735831246089,0.002793734363357764,0.0027937328957935745,0.0027937314285532804,0.0027937299616366392,0.0027937284950434096,0.002793727028773352,0.0027937255628262257,0.002793724097201788,0.0027937226318998022,0.002793721166920028,0.0027937197022622246,0.002793718237926154,0.0027937167739115784,0.002793715310218239,0.002793713846845894,0.0027937123837939145,0.0027937109210628306,0.0027937094586513397,0.002793707996560749,0.0027937065347900017,0.0027937050733379764,0.0027937036122061636,0.0027937021513926067,0.0027937006908979457,0.0027936992307219417,0.0027936977708643467,0.0027936963113249177,0.0027936948521034514,0.0027936933931996854,0.0027936919346134145,0.0027936904763443556,0.002793689018392318,0.0027936875607570666,0.002793686103438349,0.002793684646435947,0.002793683189749621,0.002793681733379134,0.002793680277324277,0.0027936788215848136,0.0027936773661604883,0.0027936759110510833,0.0027936744562563932,0.002793673001776171,0.0027936715476101735,0.0027936700937581647,0.002793668640219904,0.0027936671869952254,0.0027936657340838817,0.0027936642814856156,0.002793662829200232,0.002793661377227492,0.002793659925567169,0.002793658474218989,0.0027936570231827584,0.002793655572458256,0.002793654122045256,0.002793652671943539,0.0027936512221528776,0.0027936497726743677,0.002793648323505105,0.002793646874646216,0.0027936454260984165,0.002793643977859631,0.002793642529930524,0.002793641082310915,0.0027936396350005306,0.0027936381879991876,0.002793636741307343,0.0027936352949248064,0.0027936338488492255,0.00279363240308293,0.002793630957624029,0.002793629512473741,0.002793628067630824,0.002793626623095045,0.0027936251788664304,0.002793623734944757,0.0027936222913290793,0.002793620848020378,0.002793619405017256,0.002793617962320653,0.0027936165199297655,0.002793615077844413,0.002793613636063546,0.002793612194588267,0.0027936107534181093,0.0027936093125523007,0.0027936078719909014,0.002793606431733698,0.00279360499178008,0.0027936035521306103,0.002793602112784681,0.0027936006737417016,0.00279359923500197,0.0027935977965653684,0.002793596358431294,0.0027935949206000497,0.0027935934830708477,0.0027935920458439767,0.00279359060891796,0.0027935891722938393,0.002793587735971067,0.002793586299949019,0.002793584864228123,0.0027935834288083357,0.002793581993689655,0.002793580558871244,0.0027935791243527486,0.0027935776901343644,0.0027935762562148595,0.0027935748225949033,0.002793573389274378,0.0027935719562531395,0.0027935705235308844,0.0027935690911069,0.0027935676589818936,0.0027935662271547585,0.002793564795625621,0.0027935633643946245,0.0027935619334608463,0.002793560502824461,0.0027935590724852406,0.00279355764244296,0.002793556212697833,0.0027935547832488544,0.0027935533540961975,0.002793551925239666,0.0027935504966789104,0.0027935490684140047,0.0027935476404446075,0.0027935462127704888,0.0027935447853914717,0.0027935433583073325,0.0027935419315178703,0.0027935405050228015,0.0027935390788220837,0.002793537652915408,0.0027935362273027297,0.0027935348019836642,0.00279353337695795,0.0027935319522254657,0.002793530527785103,0.0027935291036382294,0.0027935276797842463,0.0027935262562226895,0.0027935248329534084,0.0027935234099760392,0.0027935219872905794,0.00279352056489658,0.002793519142794427,0.002793517720982331,0.002793516299461978,0.002793514878232414,0.0027935134572934207,0.0027935120366440447,0.002793510616285792,0.0027935091962175023,0.00279350777643901,0.0027935063569501724,0.0027935049377508614,0.002793503518840755,0.002793502100219655,0.0027935006818873625,0.0027934992638436783,0.002793497846088404,0.0027934964286213397,0.0027934950114422894,0.002793493594551054,0.0027934921779474344,0.002793490761631236,0.00279348934560226,0.002793487929860328,0.002793486514405078,0.002793485099236436,0.002793483684354091,0.0027934822697580843,0.0027934808554489804,0.0027934794414248097,0.0027934780276864172,0.0027934766142334467,0.0027934752010657592,0.0027934737881831727,0.0027934723755853957,0.002793470963272302,0.002793469551243839,0.0027934681395011224,0.0027934667280409614,0.0027934653168655015,0.002793463905972958,0.002793462495363933,0.002793461085038232,0.0027934596749956647,0.0027934582652360362,0.0027934568557591577,0.0027934554465650486,0.002793454037653305,0.0027934526290237325,0.002793451220676144,0.0027934498126101328,0.0027934484048259345,0.002793446997323893,0.002793445590103076,0.002793444183162537,0.002793442776503776,0.0027934413701255936,0.002793439964026836,0.0027934385582086404,0.002793437152669804,0.0027934357474111203,0.002793434342432428,0.002793432937735934,0.002793431533316171,0.0027934301291762677,0.0027934287253145573,0.0027934273217336512,0.002793425918430038,0.002793424515404818,0.0027934231126578142,0.0027934217101877987,0.0027934203079955987,0.002793418906080956,0.002793417504443856,0.0027934161030839415,0.0027934147020011145,0.0027934133011951892,0.0027934119006660877,0.002793410500413514,0.002793409100437273,0.002793407700737181,0.0027934063013130795,0.0027934049021647554,0.002793403503292021,0.0027934021046947376,0.002793400706372477,0.0027933993083255095,0.002793397910553429,0.002793396513056013,0.0027933951158331397,0.0027933937188845243,0.0027933923222101167,0.00279339092580965,0.002793389529682312,0.00279338813382828,0.0027933867382488207,0.0027933853429424884,0.002793383947909287,0.00279338255314798,0.002793381158660112,0.0027933797644448463,0.0027933783705019425,0.002793376976831161,0.0027933755834323826,0.002793374190305397,0.0027933727974500224,0.002793371404866068,0.002793370012553256,0.002793368620511648,0.0027933672287409244,0.0027933658372408083,0.0027933644460113637,0.002793363055051684,0.002793361664362776,0.002793360273943832,0.00279335888379493,0.0027933574939155263,0.0027933561043055805,0.002793354714964985,0.0027933533258936,0.002793351937091195,0.0027933505485567183,0.00279334916029177,0.0027933477722949388,0.0027933463845674663,0.002793344997107202,0.002793343609914242,0.002793342222989184,0.0027933408363317548,0.0027933394499416895,0.002793338063818821,0.0027933366779629766,0.0027933352923739815,0.002793333907051547,0.0027933325219956016,0.0027933311372059823,0.0027933297526826204,0.002793328368425482,0.0027933269844337824,0.00279332560070782,0.0027933242172487414,0.002793322834053911,0.0027933214511238775,0.002793320068459115,0.0027933186860589353,0.002793317303923056,0.0027933159220516544,0.002793314540445091,0.0027933131591021156,0.0027933117780235884,0.0027933103972085068,0.0027933090166566425,0.0027933076363680968,0.002793306256342928,0.0027933048765813677,0.002793303497082065,0.0027933021178461743,0.002793300738872994,0.002793299360162048,0.0027932979817119697,0.002793296603524605,0.0027932952255991387,0.0027932938479353934,0.0027932924705344983,0.0027932910933935098,0.0027932897165141492,0.0027932883398956777,0.002793286963537845,0.0027932855874398792,0.0027932842116028937,0.0027932828360266965,0.002793281460710704,0.002793280085654644,0.002793278710858502,0.0027932773363219207,0.0027932759620447577,0.002793274588028457,0.0027932732142701747,0.002793271840770845,0.002793270467530248,0.0027932690945486885,0.0027932677218254864,0.0027932663493605006,0.002793264977153835,0.0027932636052054585,0.0027932622335147816,0.0027932608620818184,0.002793259490906402,0.002793258119989398,0.0027932567493286304,0.0027932553789248855,0.0027932540087780284,0.002793252638887915,0.0027932512692543606,0.0027932498998772025,0.0027932485307561616,0.0027932471618914672,0.002793245793282618,0.0027932444249291867,0.0027932430568317758,0.0027932416889896133,0.0027932403214026556,0.0027932389540708913,0.0027932375869943486,0.0027932362201722517,0.0027932348536049423,0.0027932334872918627,0.0027932321212332353,0.0027932307554286414,0.0027932293898791376,0.002793228024582458,0.002793226659539436,0.0027932252947499483,0.002793223930213316,0.00279322256593032,0.002793221201900426,0.002793219838123327,0.002793218474598932,0.0027932171113271664,0.00279321574830771,0.002793214385540483,0.002793213023024869,0.002793211660761186,0.0027932102987501596,0.002793208936990275,0.0027932075754816517,0.002793206214224025,0.002793204853218014,0.0027932034924626767,0.0027932021319584306,0.002793200771704361,0.0027931994117016885,0.0027931980519489362,0.002793196692446373,0.002793195333193798,0.0027931939741911434,0.0027931926154382038,0.002793191256934829,0.0027931898986811306,0.002793188540677114,0.00279318718292149,0.00279318582541536,0.002793184468157432,0.00279318311114904,0.002793181754388109,0.0027931803978756583,0.0027931790416113747,0.0027931776855949567,0.0027931763298265546,0.00279317497430586,0.0027931736190327182,0.0027931722640069773,0.0027931709092304247,0.002793169554699033,0.0027931682004145846,0.0027931668463769274,0.002793165492587697,0.00279316413904316,0.002793162785744813,0.0027931614326927915,0.002793160079887979,0.0027931587273277493,0.0027931573750133607,0.0027931560229445475,0.002793154671121022,0.0027931533195427374,0.002793151968211066,0.00279315061712294,0.0027931492662795665,0.002793147915680823,0.0027931465653267063,0.002793145215217057,0.0027931438653514794,0.0027931425157298817,0.0027931411663533524,0.0027931398172196405,0.0027931384683293507,0.0027931371196829656,0.0027931357712806053,0.0027931344231208045,0.002793133075204127,0.0027931317275304165,0.002793130380098954,0.002793129032909995,0.0027931276859649136,0.002793126339261642,0.002793124992800038,0.0027931236465809778,0.002793122300603302,0.002793120954866742,0.0027931196093717407,0.0027931182641194427,0.002793116919107032,0.002793115574335511,0.002793114229804956,0.00279311288551586,0.0027931115414672938,0.002793110197658825,0.002793108854091332,0.0027931075107642026,0.002793106167676398,0.0027931048248286744,0.0027931034822208088,0.002793102139852469,0.002793100797723748,0.002793099455833683,0.0027930981141834387,0.0027930967727723944,0.002793095431600906,0.0027930940906675584,0.002793092749973821,0.002793091409517122,0.0027930900692993725,0.0027930887293196225,0.002793087389577896,0.002793086050074166,0.0027930847108083284,0.0027930833717798842,0.0027930820329886566,0.0027930806944351416,0.0027930793561185877,0.002793078018038979,0.0027930766801978614,0.002793075342592227,0.0027930740052232793,0.0027930726680907123,0.0027930713311943582,0.0027930699945343993,0.0027930686581109396,0.002793067321922941,0.002793065985970736,0.0027930646502542867,0.0027930633147737194,0.0027930619795281087,0.002793060644517741,0.0027930593097423555,0.0027930579752013136,0.0027930566408956295,0.0027930553068245476,0.0027930539729880484,0.002793052639386016,0.0027930513060181596,0.0027930499728841527,0.002793048639984201,0.002793047307318106,0.0027930459748856935,0.002793044642687058,0.0027930433107215473,0.002793041978989343,0.0027930406474901415,0.0027930393162232067,0.002793037985189916,0.0027930366543893193,0.0027930353238213067,0.0027930339934856972,0.0027930326633822983,0.002793031333511127,0.002793030003872268,0.0027930286744650037,0.002793027345289431,0.002793026016346127,0.0027930246876336482,0.002793023359152659,0.0027930220309033086,0.0027930207028843616,0.0027930193750962595,0.002793018047539002,0.0027930167202124584,0.0027930153931167243,0.0027930140662510428,0.0027930127396152823,0.0027930114132098966,0.002793010087034567,0.00279300876108902,0.0027930074353732137,0.002793006109886837,0.0027930047846299166,0.0027930034596022964,0.0027930021348039026,0.0027930008102344723,0.002792999485894013,0.002792998161782273,0.002792996837899097,0.0027929955142445583,0.002792994190818206,0.0027929928676201266,0.0027929915446504527,0.0027929902219083623,0.002792988899394162,0.0027929875771077035,0.0027929862550488257,0.002792984933217274,0.002792983611612853,0.002792982290235728,0.0027929809690855384,0.002792979648162305,0.002792978327465805,0.0027929770069960117,0.0027929756867526054,0.0027929743667354946,0.0027929730469446325,0.002792971727379999,0.0027929704080411713,0.0027929690889283423,0.0027929677700410504,0.0027929664513794035,0.0027929651329431982,0.0027929638147324424,0.0027929624967466785,0.002792961178985927,0.002792959861449937,0.002792958544138924,0.002792957227052571,0.002792955910190814,0.002792954593553482,0.002792953277140277,0.002792951960951209,0.0027929506449862374,0.0027929493292447277,0.002792948013727249,0.0027929466984329995,0.0027929453833628304,0.002792944068515833,0.0027929427538914654,0.002792941439490798,0.00279294012531306,0.002792938811358292,0.0027929374976259805,0.002792936184116266,0.0027929348708290135,0.00279293355776443,0.0027929322449204166,0.0027929309322999155,0.002792929619901369,0.002792928307724557,0.002792926995769527,0.002792925684035984,0.002792924372523968,0.0027929230612330955,0.002792921750163537,0.002792920439315055,0.0027929191286870454,0.0027929178182802402,0.002792916508094109,0.002792915198128589,0.002792913888383337,0.002792912578858349,0.0027929112695536827,0.0027929099604690586,0.0027929086516039914,0.0027929073429581786,0.0027929060345326918,0.0027929047263269583,0.0027929034183408414,0.0027929021105734986,0.0027929008030256595,0.002792899495696821,0.002792898188585845,0.0027928968816947524,0.00279289557502224,0.002792894268568026,0.002792892962332568,0.0027928916563148202,0.002792890350515805,0.0027928890449348187,0.0027928877395713954,0.0027928864344260473,0.002792885129498279,0.00279288382478813,0.002792882520295535,0.002792881216020268,0.002792879911961912,0.0027928786081208887,0.0027928773044969112,0.002792876001089636,0.0027928746978990475,0.0027928733949249057,0.002792872092167306,0.002792870789626057,0.0027928694873008385,0.0027928681851918705,0.0027928668832988596,0.0027928655816216374,0.00279286428016001,0.002792862978913704,0.002792861677883058,0.002792860377067826,0.002792859076467535,0.0027928577760827794,0.0027928564759128367,0.002792855175957791,0.0027928538762173136,0.002792852576691615,0.0027928512773805828,0.0027928499782839886,0.002792848679401615,0.0027928473807333153,0.002792846082278748,0.0027928447840384145,0.002792843486011543,0.002792842188198261,0.0027928408905988945,0.0027928395932130456,0.0027928382960402997,0.002792836999081022,0.0027928357023345733,0.0027928344058013263,0.002792833109480765,0.0027928318133726687,0.00279283051747695,0.0027928292217940455,0.002792827926323486,0.0027928266310650687,0.002792825336018759,0.002792824041184666,0.0027928227465623392,0.0027928214521517575,0.0027928201579528193,0.0027928188639652894,0.0027928175701893913,0.0027928162766246924,0.002792814983271238,0.0027928136901287696,0.0027928123971971077,0.002792811104476511,0.002792809811966453,0.0027928085196671447,0.002792807227578193,0.0027928059356997085,0.0027928046440314318,0.0027928033525728996,0.002792802061324783,0.0027928007702865388,0.0027927994794580825,0.0027927981888392077,0.0027927968984298914,0.002792795608229646,0.0027927943182390062,0.0027927930284575558,0.0027927917388850063,0.0027927904495215162,0.002792789160367067,0.0027927878714212595,0.002792786582683969,0.0027927852941553415,0.002792784005834956,0.0027927827177229698,0.0027927814298191727,0.0027927801421234483,0.0027927788546356492,0.0027927775673556457,0.0027927762802833164,0.0027927749934186607,0.0027927737067613974,0.0027927724203113346,0.0027927711340686506,0.0027927698480331663,0.002792768562204692,0.002792767276583008,0.0027927659911682326,0.0027927647059601377,0.0027927634209585937,0.002792762136163677,0.002792760851574772,0.0027927595671922616,0.0027927582830158137,0.0027927569990454084,0.00279275571528086,0.002792754431722092,0.002792753148368574,0.0027927518652210463,0.002792750582278782,0.0027927492995417726,0.002792748017010225,0.0027927467346837258,0.0027927454525624386,0.002792744170645778,0.00279274288893393,0.0027927416074267804,0.002792740326124332,0.002792739045026038,0.002792737764132169,0.00279273648344238,0.0027927352029568507,0.002792733922675191,0.0027927326425975004,0.0027927313627235744,0.002792730083053325,0.0027927288035865853,0.002792727524322642,0.002792726245262407,0.002792724966406246,0.002792723687754029,0.0027927224093034324,0.0027927211310557216,0.0027927198530107666,0.00279271857516836,0.0027927172975286373,0.002792716020091276,0.0027927147428563315,0.002792713465823226,0.0027927121889926593,0.0027927109123641143,0.002792709635937525,0.002792708359712918,0.0027927070836897584,0.0027927058078681816,0.002792704532248077,0.002792703256829302,0.0027927019816117687,0.002792700706595421,0.002792699431780105,0.002792698157165673,0.0027926968827517913,0.0027926956085389475,0.0027926943345274713,0.0027926930607157425,0.002792691787104354,0.0027926905136933075,0.002792689240482374,0.002792687967471228,0.002792686694660315,0.00279268542204936,0.0027926841496380946,0.0027926828774264114,0.0027926816054142864,0.002792680333601536,0.002792679061988183,0.002792677790573937,0.002792676519358877,0.002792675248342784,0.0027926739775256276,0.0027926727069072506,0.00279267143648755,0.0027926701662664374,0.0027926688962438885,0.0027926676264196475,0.0027926663567936216,0.0027926650873657333,0.0027926638181363303,0.002792662549104553,0.0027926612802706956,0.0027926600116345087,0.002792658743196058,0.002792657474955088,0.0027926562069112097,0.002792654939064889,0.0027926536714157797,0.0027926524039637852,0.0027926511367086576,0.002792649869649769,0.0027926486027887304,0.002792647336123642,0.002792646069653933,0.002792644803382305,0.002792643537307164,0.002792642271428237,0.0027926410057454902,0.0027926397402580133,0.0027926384749672197,0.002792637209872304,0.002792635944973171,0.002792634680269811,0.002792633415761991,0.0027926321514494894,0.0027926308873325017,0.002792629623410514,0.002792628359683888,0.0027926270961530233,0.0027926258328161264,0.002792624569673809,0.0027926233067264994,0.0027926220439737225,0.002792620781415188,0.0027926195190514395,0.0027926182568820015,0.002792616994906803,0.0027926157331257277,0.002792614471538283,0.002792613210145145,0.0027926119489457986,0.0027926106879401676,0.002792609427128199,0.002792608166509487,0.0027926069060843143,0.002792605645852414,0.0027926043858137227,0.002792603125968243,0.002792601866315964,0.0027926006068563175,0.0027925993475894344,0.0027925980885152735,0.0027925968296329397,0.0027925955709438926,0.0027925943124471808,0.0027925930541423914,0.002792591796029126,0.0027925905381089933,0.0027925892803819254,0.0027925880228454056,0.0027925867655009145,0.0027925855083481264,0.002792584251386845,0.002792582994617141,0.002792581738039095,0.002792580481652067,0.002792579225456361,0.002792577969450777,0.002792576713637032,0.002792575458014366,0.0027925742025823284,0.002792572947341036,0.0027925716922902705,0.0027925704374306944,0.0027925691827619934,0.002792567928282515,0.0027925666739931914,0.0027925654198937655,0.002792564165984506,0.0027925629122659804,0.0027925616587374273,0.002792560405397953,0.0027925591522479317,0.0027925578992873358,0.002792556646516121,0.002792555393934011,0.0027925541415408086,0.002792552889337361,0.0027925516373230185,0.0027925503854974824,0.0027925491338607745,0.0027925478824128197,0.0027925466311535503,0.0027925453800828923,0.0027925441292017223,0.002792542878509501,0.002792541628003664,0.0027925403776860596,0.002792539127556916,0.0027925378776157018,0.002792536627861997,0.002792535378296057,0.002792534128917564,0.0027925328797269396,0.002792531630723797,0.002792530381908006,0.0027925291332795248,0.002792527884838213,0.0027925266365837966,0.002792525388516368,0.002792524140636064,0.002792522892942573,0.002792521645435798,0.002792520398115645,0.0027925191509820158,0.002792517904033297,0.0027925166572724297,0.0027925154106990934,0.0027925141643109557,0.0027925129181091014,0.0027925116720925016,0.0027925104262618017,0.0027925091806168573,0.002792507935157708,0.0027925066898842202,0.002792505444796239,0.0027925041998935313,0.002792502955176112,0.00279250171064394,0.0027925004662965047,0.0027924992221348816,0.0027924979781571127,0.0027924967343647537,0.0027924954907560477,0.002792494247333056,0.0027924930040950538,0.002792491761041499,0.0027924905181727563,0.0027924892754900557,0.0027924880329899936,0.0027924867906727584,0.0027924855485395904,0.002792484306590133,0.002792483064823935,0.0027924818232425686,0.002792480581844369,0.00279247934062972,0.0027924780995984637,0.002792476858750641,0.002792475618086351,0.0027924743776049188,0.002792473137306456,0.0027924718971907734,0.002792470657258158,0.002792469417508489,0.002792468177941798,0.002792466938557241,0.0027924656993551867,0.0027924644603358937,0.002792463221497274,0.0027924619828421787,0.002792460744369229,0.0027924595060781518,0.0027924582679691194,0.0027924570300409367,0.0027924557922954603,0.002792454554732002,0.0027924533173478215,0.002792452080147257,0.002792450843126178,0.0027924496062883327,0.002792448369631618,0.002792447133156234,0.002792445896861612,0.002792444660748471,0.0027924434248160993,0.002792442189064468,0.002792440953493354,0.0027924397181029086,0.002792438482892784,0.00279243724786314,0.0027924360130136597,0.0027924347783445584,0.0027924335438555973,0.002792432309546702,0.00279243107541977,0.0027924298414711206,0.0027924286077011086,0.002792427374111475,0.0027924261407014303,0.0027924249074708415,0.0027924236744196183,0.002792422441550226,0.00279242120885771,0.00279241997634435,0.0027924187440102385,0.0027924175118561696,0.002792416279879752,0.0027924150480820526,0.002792413816460651,0.0027924125850207152,0.0027924113537589703,0.00279241012267566,0.002792408891769963,0.0027924076610432915,0.0027924064304951984,0.0027924052001237856,0.0027924039699311455,0.0027924027399178833,0.002792401510081397,0.002792400280422494,0.002792399050941245,0.0027923978216374914,0.002792396592511097,0.002792395363562287,0.002792394134790773,0.0027923929061964975,0.002792391677779325,0.002792390449539193,0.002792389221476266,0.0027923879935901896,0.0027923867658806844,0.0027923855383479037,0.002792384310991565,0.0027923830838118445,0.002792381856808545,0.002792380629981604,0.0027923794033309197,0.0027923781768564135,0.0027923769505579835,0.0027923757244356392,0.0027923744984888355,0.002792373272718201,0.0027923720471229106,0.002792370821703595,0.0027923695964589836,0.0027923683713912853,0.002792367146497684,0.002792365921780135,0.002792364697237801,0.002792363472870604,0.0027923622486786775,0.0027923610246615147,0.0027923598008201033,0.0027923585771526074,0.0027923573536591294,0.002792356130341916,0.0027923549071986434,0.002792353684229474,0.0027923524614346,0.0027923512388140603,0.0027923500163676593,0.0027923487940954696,0.0027923475719971893,0.0027923463500729735,0.0027923451283225656,0.0027923439067459727,0.00279234268534305,0.0027923414641137516,0.0027923402430581365,0.002792339022175859,0.002792337801468157,0.0027923365809325077,0.0027923353605699753,0.002792334140380095,0.00279233292036384,0.0027923317005204605,0.002792330480849765,0.002792329261352065,0.002792328042026853,0.0027923268228742452,0.002792325603895252,0.00279232438508737,0.002792323166452365,0.002792321947989299,0.002792320729698793,0.0027923195115801616,0.0027923182936349035,0.002792317075859628,0.0027923158582567947,0.0027923146408255803,0.0027923134235660505,0.0027923122064782585,0.0027923109895618813,0.0027923097728170332,0.0027923085562434787,0.002792307339841027,0.0027923061236099834,0.002792304907550052,0.0027923036916610786,0.002792302475943034,0.0027923012603959054,0.002792300045019491,0.0027922988298137766,0.0027922976147786572,0.0027922963999140074,0.0027922951852199403,0.0027922939706961636,0.00279229275634267,0.0027922915421593774,0.002792290328146088,0.0027922891143029463,0.002792287900629432,0.0027922866871260372,0.002792285473792518,0.002792284260628631,0.002792283047634482,0.0027922818348097077,0.0027922806221545387,0.00279227940966865,0.002792278197352095,0.0027922769852047565,0.0027922757732267685,0.0027922745614176567,0.0027922733497775885,0.002792272138306319,0.0027922709270038633,0.002792269715870771,0.0027922685049059696,0.0027922672941096066,0.0027922660834816745,0.0027922648730221333,0.0027922636627311015,0.0027922624526078126,0.002792261242653056,0.00279226003286636,0.002792258823247967,0.002792257613797214,0.0027922564045143906,0.0027922551953992493,0.002792253986451876,0.002792252777672125,0.0027922515690598877,0.0027922503606151038,0.002792249152337729,0.0027922479442290624,0.0027922467362860013,0.0027922455285102543,0.0027922443209015286,0.0027922431134601087,0.002792241906185585,0.0027922406990775013,0.0027922394921361393,0.002792238285361578,0.0027922370787538124,0.002792235872312571,0.0027922346660377573,0.002792233459929101,0.0027922322539869005,0.002792231048210465,0.0027922298426003946,0.00279222863715613,0.0027922274318781253,0.0027922262267661827,0.002792225021819904,0.0027922238170392413,0.002792222612424382,0.002792221407975053,0.00279222020369112,0.002792218999572577,0.002792217795619685,0.0027922165918318922,0.0027922153882091317,0.002792214184751486,0.0027922129814590365,0.002792211778331419,0.002792210575368745,0.002792209372570746,0.0027922081699375072,0.002792206967468859,0.0027922057651648758,0.0027922045630253164,0.0027922033610501603,0.0027922021592393367,0.0027922009575926695,0.0027921997561103674,0.0027921985547919833,0.0027921973536377703,0.002792196152647692,0.0027921949518212885,0.0027921937511587195,0.0027921925506598226,0.0027921913503240023,0.0027921901501521333,0.002792188950144125,0.0027921877502990067,0.002792186550617812,0.002792185351099408,0.002792184151745843,0.0027921829525538074,0.0027921817535245677,0.0027921805546593497,0.0027921793559558717,0.0027921781574154485,0.002792176959037714,0.0027921757608226606,0.0027921745627693703,0.0027921733648795105,0.0027921721671517914,0.002792170969586584,0.0027921697721836262,0.0027921685749428787,0.0027921673778632575,0.0027921661809466726,0.0027921649841920575,0.002792163787599337,0.0027921625911682436,0.002792161394899084,0.0027921601987914014,0.002792159002845421,0.0027921578070610434,0.0027921566114381094,0.002792155415976545,0.002792154220676279,0.0027921530255372294,0.0027921518305593167,0.0027921506357424446,0.002792149441086607,0.002792148246591737,0.002792147052257975,0.0027921458580846457,0.002792144664071933,0.0027921434702198947,0.0027921422765281308,0.002792141082997197,0.0027921398896266184,0.00279213869641658,0.00279213750336641,0.0027921363104773784,0.002792135117748287,0.0027921339251786533,0.0027921327327690084,0.0027921315405191522,0.002792130348428969,0.0027921291564988633,0.0027921279647282523,0.0027921267731170884,0.002792125581665611,0.0027921243903736115,0.0027921231992409693,0.002792122008267566,0.0027921208174534404,0.0027921196267984777,0.002792118436303413,0.002792117245966542,0.002792116055787925,0.002792114865768698,0.002792113675908374,0.002792112486208966,0.002792111296666169,0.00279211010728165,0.0027921089180564886,0.0027921077289889025,0.0027921065400798315,0.002792105351329035,0.0027921041627373654,0.0027921029743025643,0.002792101786026089,0.002792100597907495,0.002792099409946725,0.0027920982221440456,0.0027920970344988065,0.0027920958470115183,0.0027920946596819546,0.0027920934725099208,0.0027920922854954497,0.0027920910986393393,0.002792089911940091,0.002792088725397667,0.0027920875390121075,0.002792086352782242,0.0027920851667107404,0.002792083980796694,0.002792082795039575,0.0027920816094392986,0.0027920804239957775,0.0027920792387089682,0.002792078053578978,0.002792076868605376,0.002792075683788343,0.0027920744991277264,0.00279207331462287,0.0027920721302743395,0.0027920709460820146,0.002792069762045858,0.0027920685781657913,0.002792067394441702,0.0027920662108737353,0.0027920650274614453,0.002792063844205448,0.0027920626611049847,0.0027920614781599363,0.0027920602953710027,0.002792059112737222,0.002792057930259131,0.0027920567479355857,0.0027920555657679376,0.002792054383754697,0.002792053201896448,0.0027920520201935545,0.002792050838645941,0.0027920496572535047,0.0027920484760161485,0.0027920472949337217,0.002792046114005748,0.002792044933232551,0.0027920437526139474,0.002792042572149891,0.002792041391840442,0.0027920402116853736,0.002792039031684489,0.0027920378518377807,0.0027920366721453016,0.002792035492606939,0.002792034313222668,0.002792033133992101,0.002792031954915648,0.0027920307759930103,0.002792029597224613,0.002792028418609442,0.0027920272401478923,0.002792026061841306,0.002792024883686803,0.0027920237056856083,0.002792022527837905,0.002792021350143453,0.0027920201726022377,0.002792018995215219,0.002792017817980036,0.002792016640897962,0.002792015463968852,0.002792014287192209,0.002792013110568951,0.0027920119340982636,0.0027920107577804327,0.0027920095816150415,0.0027920084056015496,0.0027920072297414286,0.0027920060540334145,0.0027920048784777465,0.0027920037030736877,0.0027920025278226975,0.0027920013527235237,0.002792000177776849,0.0027919990029818226,0.00279199782833859,0.002791996653847282,0.0027919954795077376,0.002791994305319912,0.002791993131283768,0.002791991957398572,0.0027919907836655815,0.002791989610083948,0.002791988436653982,0.002791987263375052,0.002791986090247379,0.002791984917270869,0.002791983744445538,0.002791982571771265,0.0027919813992474045,0.002791980226874937,0.00279197905465271,0.002791977882581876,0.0027919767106617797,0.002791975538892359,0.0027919743672734777,0.002791973195804476,0.002791972024487122,0.0027919708533195777,0.0027919696823022807,0.0027919685114352714,0.002791967340718442,0.002791966170151691,0.002791964999735092,0.002791963829467729,0.0027919626593509513,0.002791961489384408,0.002791960319567286,0.0027919591498996987,0.0027919579803822423,0.0027919568110140523,0.0027919556417948625,0.002791954472725789,0.0027919533038059646,0.0027919521350354645,0.0027919509664142217,0.0027919497979421786,0.0027919486296192233,0.0027919474614453515,0.0027919462934205695,0.0027919451255450675,0.0027919439578184967,0.0027919427902404147,0.0027919416228108828,0.0027919404555301636,0.0027919392883979906,0.0027919381214144318,0.0027919369545791853,0.0027919357878923474,0.00279193462135385,0.002791933454963732,0.002791932288721711,0.002791931122627852,0.0027919299566814006,0.0027919287908829897,0.0027919276252325216,0.0027919264597299396,0.002791925294375198,0.0027919241291682086,0.0027919229641095926,0.002791921799197938,0.0027919206344345017,0.0027919194698185963,0.00279191830535028,0.0027919171410291936,0.002791915976855444,0.0027919148128289334,0.0027919136489495643,0.002791912485216844,0.002791911321631508,0.002791910158193162,0.0027919089949018806,0.002791907831757465,0.002791906668757426,0.002791905505906679,0.002791904343202673,0.002791903180645067,0.0027919020182340065,0.002791900855969544,0.002791899693851494,0.002791898531880165,0.002791897370054863,0.002791896208375786,0.00279189504684256,0.0027918938854557727,0.0027918927242152644,0.0027918915631202123,0.00279189040217111,0.0027918892413680133,0.00279188808071045,0.0027918869201985627,0.0027918857598320484,0.0027918845996115515,0.0027918834395366738,0.002791882279607182,0.002791881119823208,0.002791879960184453,0.002791878800691017,0.002791877641342788,0.002791876482139679,0.002791875323081432,0.002791874164168441,0.0027918730054003744,0.002791871846777321,0.0027918706882990394,0.0027918695299655677,0.0027918683717766918,0.002791867213732597,0.0027918660558325474,0.0027918648980774508,0.0027918637404668037,0.002791862583000122,0.0027918614256782466,0.0027918602685006668,0.002791859111466837,0.0027918579545771903,0.0027918567978320553,0.0027918556412305623,0.0027918544847730983,0.0027918533284595247,0.002791852172289819,0.002791851016263903,0.0027918498603816703,0.002791848704643173,0.0027918475490487623,0.0027918463935978828,0.002791845238290506,0.0027918440831265308,0.0027918429281059373,0.002791841773228621,0.0027918406184945627,0.0027918394639036806,0.0027918383094559145,0.002791837155151202,0.002791836000989484,0.002791834846970695,0.0027918336930947774,0.0027918325393616727,0.002791831385771315,0.002791830232323646,0.0027918290790186046,0.002791827925855991,0.0027918267728361005,0.002791825619958652,0.002791824467223226,0.002791823314630975,0.0027918221621805427,0.0027918210098722405,0.002791819857706394,0.0027918187056829315,0.0027918175538008934,0.0027918164020606156,0.0027918152504620847,0.0027918140990058743,0.0027918129476916216,0.002791811796519171,0.0027918106454880446,0.002791809494598528,0.0027918083438503616,0.002791807193243582,0.0027918060427784804,0.0027918048924548892,0.002791803742272184,0.0027918025922309265,0.00279180144233091,0.002791800292571989,0.002791799142954127,0.00279179799347607,0.0027917968441390803,0.002791795694944054,0.002791794545888552,0.0027917933969737086,0.002791792248200517,0.00279179109956822,0.0027917899510767155,0.002791788802725725,0.0027917876545151374,0.0027917865064444962,0.0027917853585149054,0.002791784210725566,0.0027917830630762347,0.0027917819155670936,0.0027917807681981355,0.0027917796209689723,0.002791778473880133,0.0027917773269290746,0.0027917761801197413,0.0027917750334504033,0.002791773886920809,0.0027917727405306304,0.0027917715942810304,0.002791770448170517,0.0027917693021996368,0.002791768156368605,0.0027917670106763276,0.002791765865123717,0.002791764719710662,0.002791763574436627,0.0027917624293019236,0.0027917612843063417,0.0027917601394497403,0.002791758994732157,0.0027917578501529014,0.0027917567057131054,0.002791755561411561,0.00279175441724878,0.0027917532732255105,0.002791752129341074,0.0027917509855943344,0.002791749841985714,0.002791748698516395,0.0027917475551850895,0.0027917464119921504,0.002791745268937516,0.0027917441260211324,0.002791742983242934,0.002791741840602848,0.0027917406981009425,0.002791739555737051,0.0027917384135111157,0.002791737271423082,0.0027917361294728126,0.0027917349876603287,0.0027917338459856385,0.0027917327044485996,0.0027917315630488974,0.002791730421787071,0.0027917292806626873,0.002791728139675796,0.0027917269988262947,0.0027917258581140647,0.0027917247175390726,0.0027917235771012933,0.00279172243680062,0.002791721296637299,0.002791720156610821,0.0027917190167213476,0.0027917178769688387,0.0027917167373531174,0.0027917155978742733,0.0027917144585322554,0.002791713319326681,0.002791712180257931,0.0027917110413257016,0.0027917099025299083,0.0027917087638706863,0.002791707625347825,0.0027917064869614643,0.002791705348710231,0.0027917042105964802,0.0027917030726189755,0.0027917019347771083,0.0027917007970717383,0.00279169965950234,0.0027916985220698158,0.0027916973847720685,0.002791696247610319,0.002791695110584469,0.002791693973694368,0.002791692836939954,0.002791691700321177,0.0027916905638379974,0.0027916894274903413,0.0027916882912781605,0.002791687155201393,0.002791686019259981,0.00279168488345388,0.0027916837477830244,0.0027916826122473012,0.0027916814768467538,0.0027916803415812632,0.002791679206450931,0.002791678071455469,0.0027916769365949057,0.0027916758018691986,0.002791674667278282,0.0027916735328221078,0.0027916723985001533,0.0027916712643133003,0.002791670130260832,0.002791668996342613,0.002791667862558956,0.0027916667289100507,0.002791665595395502,0.002791664462015279,0.0027916633287693084,0.002791662195657526,0.0027916610626799055,0.0027916599298363045,0.0027916587971267546,0.0027916576645511735,0.0027916565321096554,0.002791655399802825,0.0027916542676292232,0.0027916531355889353,0.0027916520036823296,0.002791650871909714,0.0027916497402702824,0.002791648608762802,0.002791647477390539,0.002791646346151475,0.002791645215046016,0.002791644084073902,0.0027916429532351622,0.002791641822529517,0.0027916406919570097,0.00279163956151757,0.0027916384312112194,0.0027916373010378874,0.0027916361709974693,0.002791635041089995,0.0027916339113145425,0.002791632781672645,0.002791631652163449,0.0027916305227869316,0.0027916293935430153,0.0027916282644300976,0.0027916271354510636,0.00279162600660468,0.0027916248778907075,0.00279162374930908,0.002791622620859743,0.0027916214925426423,0.0027916203643578497,0.0027916192363062705,0.002791618108385769,0.0027916169805969936,0.0027916158529402444,0.0027916147254156863,0.002791613598022779,0.0027916124707617,0.0027916113436325034,0.0027916102166344113,0.0027916090897684618,0.00279160796303424,0.0027916068364314656,0.0027916057099601987,0.0027916045836203656,0.0027916034574119184,0.002791602331334803,0.002791601205388923,0.0027916000795742348,0.0027915989538907253,0.002791597828338329,0.0027915967029166016,0.002791595577625907,0.002791594452466224,0.002791593327437407,0.0027915922025395024,0.0027915910777727895,0.00279158995313783,0.002791588828632592,0.002791587704257888,0.0027915865800138165,0.0027915854559003492,0.0027915843319173826,0.002791583208064831,0.002791582084343682,0.0027915809607521143,0.002791579837290855,0.0027915787139597063,0.002791577590759291,0.0027915764676883464,0.0027915753447474304,0.0027915742219365384,0.002791573099255661,0.0027915719767045107,0.0027915708542833742,0.0027915697319920514,0.002791568609830379,0.002791567487798886,0.002791566365896695,0.002791565244124557,0.002791564122481401,0.0027915630009678854,0.002791561879584001,0.002791560758330302,0.0027915596372049866,0.002791558516208319,0.002791557395340814,0.0027915562746023493,0.0027915551539918963,0.0027915540335120095,0.0027915529131595077,0.0027915517929381797,0.002791550672844549,0.002791549552881044,0.0027915484330463744,0.002791547313340485,0.0027915461937632418,0.002791545074313364,0.002791543954992332,0.0027915428358010605,0.0027915417167383204,0.00279154059780409,0.002791539478998167,0.0027915383603198626,0.002791537241770826,0.0027915361233504343,0.0027915350050583872,0.002791533886894821,0.0027915327688582572,0.0027915316509498603,0.0027915305331696625,0.0027915294155174087,0.0027915282979929894,0.0027915271805964534,0.00279152606332769,0.0027915249461867523,0.0027915238291735165,0.002791522712287944,0.0027915215955300367,0.002791520478899471,0.0027915193623961557,0.002791518246020723,0.0027915171297724934,0.0027915160136519346,0.002791514897658572,0.0027915137817925654,0.002791512666054211,0.002791511550442538,0.0027915104349575935,0.0027915093196000215,0.0027915082043694374,0.002791507089265904,0.002791505974289235,0.0027915048594392136,0.002791503744716083,0.0027915026301198863,0.0027915015156504018,0.0027915004013075186,0.0027914992870913024,0.0027914981730013605,0.002791497059038186,0.0027914959452015006,0.002791494831491164,0.002791493717906469,0.0027914926044488,0.002791491491117227,0.002791490377911846,0.0027914892648328153,0.0027914881518799647,0.0027914870390531622,0.002791485926352488,0.0027914848137776806,0.0027914837013285703,0.002791482589005461,0.002791481476808154,0.002791480364736664,0.0027914792527909404,0.002791478140970901,0.0027914770292764442,0.0027914759177075587,0.002791474806264216,0.0027914736949457442,0.0027914725837532993,0.002791471472685938,0.002791470361744162,0.0027914692509276706,0.002791468140236407,0.0027914670296704746,0.002791465919230076,0.0027914648089148054,0.002791463698723847,0.002791462588657905,0.00279146147871684,0.0027914603689007684,0.002791459259209586,0.0027914581496430993,0.002791457040201429,0.0027914559308840096,0.002791454821691714,0.00279145371262399,0.002791452603680812,0.002791451494861596,0.002791450386167315,0.002791449277597188,0.0027914481691517423,0.0027914470608305605,0.002791445952633712,0.002791444844561072,0.0027914437366125086,0.0027914426287904046,0.0027914415210900066,0.0027914404135136184,0.0027914393060604194,0.0027914381987319157,0.0027914370915272995,0.002791435984446641,0.002791434877489609,0.0027914337706563125,0.002791432663946685,0.0027914315573607197,0.0027914304508986033,0.0027914293445596883,0.002791428238344288,0.0027914271322520812,0.002791426026283499,0.002791424920438257,0.0027914238147163364,0.0027914227091176626,0.002791421603642186,0.002791420498289844,0.002791419393060656,0.0027914182879545018,0.002791417182971404,0.002791416078110839,0.0027914149733735904,0.002791413868759194,0.0027914127642675963,0.002791411659898739,0.0027914105556526778,0.002791409451529264,0.002791408347528452,0.002791407243649656,0.002791406139893986,0.0027914050362607985,0.0027914039327497074,0.00279140282936143,0.002791401726096042,0.0027914006229523367,0.002791399519931061,0.0027913984170318705,0.0027913973142547023,0.0027913962115997592,0.00279139510906688,0.0027913940066561283,0.00279139290436724,0.002791391802200252,0.0027913907001553525,0.002791389598232158,0.002791388496430736,0.0027913873947510003,0.0027913862931929776,0.0027913851917566474,0.0027913840904418958,0.002791382989247946,0.002791381888176383,0.002791380787226799,0.0027913796863979047,0.0027913785856902348,0.0027913774851040293,0.0027913763846391746,0.00279137528429627,0.002791374184073537,0.002791373083972148,0.002791371983992017,0.002791370884132838,0.0027913697843947815,0.0027913686847774945,0.0027913675852811663,0.00279136648590563,0.002791365386650057,0.002791364287516352,0.002791363188503211,0.0027913620896107233,0.0027913609908387206,0.0027913598921875116,0.0027913587936568792,0.0027913576952464645,0.0027913565969567397,0.002791355498787451,0.0027913544007384756,0.0027913533028098023,0.0027913522050014537,0.002791351107313249,0.0027913500097450786,0.0027913489122971045,0.0027913478149691412,0.0027913467177613296,0.0027913456206736208,0.00279134452370566,0.0027913434268575415,0.002791342330129433,0.0027913412335227664,0.0027913401370343034,0.002791339040665545,0.0027913379444161226,0.002791336848286485,0.0027913357522766137,0.0027913346563861793,0.0027913335606151776,0.002791332464963651,0.0027913313694314813,0.0027913302740186817,0.0027913291787252763,0.002791328083551117,0.0027913269884960925,0.0027913258935602287,0.0027913247987419233,0.0027913237040443073,0.0027913226094661214,0.002791321515007054,0.0027913204206668715,0.0027913193264450854,0.0027913182323426144,0.0027913171383589907,0.002791316044493644,0.0027913149507470306,0.0027913138571191,0.0027913127636098054,0.002791311670218853,0.0027913105769468366,0.0027913094837932542,0.0027913083907583646,0.002791307297843303,0.002791306205044905,0.0027913051123651814,0.0027913040198033544,0.00279130292736041,0.0027913018350323626,0.0027913007428251304,0.002791299650735934,0.00279129855876463,0.0027912974669114634,0.002791296375176288,0.0027912952835583054,0.00279129419205837,0.0027912931006770923,0.0027912920094133905,0.0027912909182674288,0.0027912898272391684,0.0027912887363285652,0.002791287645535576,0.002791286554860156,0.002791285464302249,0.002791284373861837,0.00279128328353885,0.0027912821933332704,0.0027912811032450428,0.0027912800132741185,0.0027912789234204594,0.0027912778336840203,0.002791276744064761,0.0027912756545626816,0.0027912745651774364,0.0027912734759093826,0.002791272386757085,0.0027912712977229987,0.002791270208806546,0.0027912691200068004,0.0027912680313240193,0.0027912669427573216,0.0027912658543085434,0.0027912647659757766,0.002791263677758411,0.002791262589657235,0.0027912615016733033,0.0027912604138079556,0.002791259326058676,0.002791258238424813,0.0027912571509089703,0.002791256063507737,0.002791254976222757,0.0027912538890530066,0.0027912528020008075,0.002791251715064485,0.0027912506282444503,0.0027912495415403525,0.002791248454953367,0.002791247368481327,0.0027912462821252475,0.002791245195885292,0.0027912441097611386,0.0027912430237517923,0.0027912419378587983,0.0027912408520818976,0.0027912397664206323,0.002791238680875733,0.0027912375954460412,0.002791236510131689,0.0027912354249329035,0.0027912343398497096,0.0027912332548818476,0.002791232170029368,0.0027912310852911677,0.002791230000669362,0.0027912289161627158,0.0027912278317714593,0.0027912267474950003,0.002791225663334033,0.002791224579288159,0.0027912234953575196,0.0027912224115417272,0.0027912213278410286,0.002791220244255144,0.0027912191607857356,0.0027912180774296107,0.0027912169941886533,0.0027912159110624448,0.0027912148280505875,0.002791213745153236,0.0027912126623708625,0.0027912115797029684,0.0027912104971497867,0.0027912094147109078,0.0027912083323865127,0.0027912072501767365,0.0027912061680811675,0.002791205086099927,0.0027912040042329792,0.0027912029224802905,0.0027912018408418173,0.002791200759317531,0.002791199677907377,0.002791198596611275,0.002791197515429248,0.002791196434360395,0.0027911953534044812,0.0027911942725642896,0.0027911931918367947,0.0027911921112248068,0.0027911910307273358,0.0027911899503425585,0.002791188870071662,0.002791187789912961,0.002791186709869142,0.002791185629938908,0.0027911845501223703,0.0027911834704193493,0.00279118239083088,0.002791181311354597,0.0027911802319916744,0.0027911791527422793,0.002791178073606025,0.002791176994583271,0.0027911759156734922,0.0027911748368768543,0.002791173758193347,0.0027911726796230004,0.0027911716011656713,0.0027911705228215312,0.002791169444590713,0.0027911683664722945,0.0027911672884667654,0.0027911662105743833,0.0027911651327945154,0.0027911640551273997,0.0027911629775729963,0.002791161900131353,0.0027911608228026194,0.002791159745586571,0.002791158668482772,0.002791157591489586,0.0027911565146109367,0.002791155437844441,0.0027911543611903547,0.0027911532846486235,0.0027911522082194815,0.002791151131902495,0.002791150055697698,0.0027911489796049026,0.002791147903625319,0.002791146827755848,0.0027911457519996363,0.0027911446763553135,0.002791143600822931,0.002791142525402574,0.0027911414500940454,0.0027911403748976196,0.002791139299813976,0.0027911382248409235,0.002791137149979712,0.0027911360752301234,0.002791135000592254,0.0027911339260659456,0.002791132851651214,0.0027911317773479946,0.0027911307031569543,0.0027911296290767966,0.0027911285551080003,0.002791127481250586,0.002791126407504498,0.0027911253338699054,0.0027911242603460692,0.002791123186933336,0.0027911221136320986,0.0027911210404421498,0.0027911199673638595,0.0027911188943960433,0.0027911178215392816,0.0027911167487934597,0.002791115676158185,0.002791114603634386,0.002791113531221277,0.002791112458918867,0.002791111386727401,0.0027911103146446284,0.0027911092426727655,0.0027911081708133483,0.002791107099064822,0.0027911060274262707,0.0027911049558986285,0.0027911038844815393,0.002791102813174819,0.0027911017419779242,0.002791100670892019,0.002791099599918737,0.0027910985290558964,0.00279109745830177,0.0027910963876568813,0.002791095317122212,0.0027910942466967707,0.0027910931763809625,0.0027910921061743577,0.002791091036080132,0.002791089966095898,0.0027910888962211777,0.0027910878264572688,0.002791086756803663,0.002791085687258985,0.0027910846178262126,0.0027910835485036346,0.0027910824792881793,0.002791081410182192,0.0027910803411861167,0.002791079272299502,0.002791078203522533,0.002791077134855004,0.002791076066296673,0.0027910749978482183,0.0027910739295089948,0.0027910728612791642,0.002791071793156578,0.0027910707251455422,0.002791069657244045,0.0027910685894511292,0.00279106752176758,0.0027910664541931653,0.0027910653867278456,0.0027910643193717237,0.00279106325212459,0.002791062184986429,0.002791061117956853,0.0027910600510364127,0.002791058984224783,0.002791057917521978,0.0027910568509271704,0.002791055784441622,0.002791054718065172,0.002791053651797596,0.0027910525856384583,0.0027910515195844576,0.002791050453641625,0.00279104938780812,0.0027910483220830434,0.0027910472564673743,0.002791046190959133,0.002791045125559107,0.0027910440602702084,0.002791042995086774,0.0027910419300104343,0.002791040865043292,0.0027910398001843016,0.0027910387354324285,0.002791037670789944,0.002791036606253838,0.002791035541826142,0.002791034477507541,0.0027910334132968703,0.00279103234919423,0.0027910312851993297,0.002791030221312224,0.0027910291575328973,0.0027910280938612873,0.0027910270302973204,0.002791025966841154,0.0027910249034928327,0.0027910238402518335,0.002791022777118363,0.0027910217140924296,0.00279102065117397,0.0027910195883629487,0.0027910185256593252,0.002791017463063066,0.0027910164005741506,0.0027910153381925005,0.002791014275918159,0.0027910132137510153,0.0027910121516910137,0.002791011089738125,0.002791010027893058,0.0027910089661548295,0.002791007904522838,0.0027910068429976196,0.0027910057815798105,0.0027910047202688933,0.0027910036590648632,0.002791002597968402,0.0027910015369771043,0.0027910004760919914,0.0027909994153151735,0.0027909983546413456,0.002790997294077811,0.0027909962336195317,0.0027909951732691643,0.0027909941130252456,0.0027909930528879586,0.002790991992857074,0.002790990932932561,0.0027909898731145835,0.0027909888134027856,0.002790987753797365,0.0027909866942982136,0.0027909856349065715,0.0027909845756198485,0.0027909835164407286,0.0027909824573690467,0.00279098139840096,0.0027909803395391505,0.0027909792807831943,0.0027909782221328806,0.002790977163588479,0.0027909761051500763,0.0027909750468178424,0.0027909739885910653,0.0027909729304720163,0.002790971872456763,0.0027909708145471934,0.002790969756742848,0.002790968699044718,0.002790967641451883,0.0027909665839640453,0.0027909655265825955,0.002790964469307365,0.002790963412136873,0.002790962355072019,0.0027909612981123107,0.002790960241257897,0.002790959184508821,0.002790958127865119,0.00279095707132674,0.002790956014893415,0.002790954958565247,0.002790953902341442,0.002790952846223506,0.002790951790210315,0.002790950734302752,0.0027909496784999494,0.002790948622802226,0.002790947567209207,0.0027909465117212716,0.0027909454563379557,0.002790944401058933,0.0027909433458847242,0.0027909422908161904,0.0027909412358524586,0.0027909401809940565,0.0027909391262393828,0.0027909380715888973,0.002790937017042987,0.00279093596260182,0.0027909349082649313,0.002790933854032446,0.0027909327999044134,0.0027909317458807473,0.0027909306919602864,0.0027909296381452204,0.0027909285844344165,0.002790927530827494,0.0027909264773250697,0.002790925423926956,0.0027909243706327994,0.002790923317442775,0.002790922264356737,0.0027909212113747064,0.0027909201584970598,0.0027909191057228803,0.002790918053052967,0.0027909170004866,0.0027909159480240648,0.0027909148956661513,0.002790913843411221,0.0027909127912597634,0.0027909117392123208,0.002790910687268383,0.0027909096354273816,0.0027909085836905225,0.002790907532057303,0.0027909064805276035,0.0027909054291018077,0.002790904377779019,0.0027909033265591256,0.002790902275443097,0.0027909012244303846,0.0027909001735211573,0.002790899122714845,0.002790898072012098,0.0027908970214123585,0.0027908959709161594,0.002790894920522809,0.002790893870232064,0.002790892820044892,0.0027908917699605413,0.0027908907199790845,0.002790889670100806,0.0027908886203255167,0.0027908875706529005,0.0027908865210825823,0.0027908854716152233,0.0027908844222511438,0.0027908833729896076,0.0027908823238306717,0.0027908812747737773,0.0027908802258203858,0.0027908791769697336,0.0027908781282213638,0.002790877079575475,0.002790876031032117,0.0027908749825911274,0.0027908739342525496,0.002790872886016554,0.002790871837882824,0.002790870789851567,0.0027908697419222893,0.00279086869409521,0.0027908676463703343,0.00279086659874768,0.0027908655512258523,0.002790864503807365,0.002790863456490671,0.002790862409276313,0.002790861362164356,0.00279086031515415,0.0027908592682440755,0.0027908582214379173,0.0027908571747324953,0.002790856128129573,0.00279085508162807,0.0027908540352286804,0.0027908529889309787,0.0027908519427344647,0.0027908508966397677,0.0027908498506474286,0.002790848804756274,0.0027908477589670285,0.0027908467132790656,0.0027908456676927,0.002790844622207846,0.0027908435768258487,0.0027908425315439685,0.002790841486362872,0.0027908404412832926,0.002790839396303816,0.0027908383514261576,0.0027908373066496584,0.002790836261974314,0.0027908352174004464,0.0027908341729281703,0.002790833128557075,0.0027908320842864784,0.0027908310401159424,0.0027908299960472966,0.00279082895207909,0.0027908279082124485,0.002790826864446902,0.0027908258207825732,0.0027908247772184033,0.0027908237337549036,0.002790822690392028,0.0027908216471297462,0.0027908206039683834,0.002790819560907377,0.0027908185179469293,0.0027908174750871026,0.0027908164323277953,0.002790815389669164,0.002790814347110962,0.0027908133046529865,0.0027908122622953995,0.002790811220038111,0.0027908101778812123,0.0027908091358246657,0.002790808093867864,0.0027908070520116456,0.0027908060102555844,0.002790804968599677,0.0027908039270441646,0.002790802885588516,0.002790801844232902,0.002790800802977268,0.0027907997618216353,0.0027907987207659224,0.0027907976798100726,0.002790796638955711,0.0027907955981996643,0.002790794557543399,0.0027907935169868966,0.0027907924765303163,0.002790791436173486,0.0027907903959160877,0.002790789355758437,0.0027907883157005115,0.0027907872757419565,0.002790786235883148,0.002790785196123527,0.0027907841564626403,0.002790783116901272,0.0027907820774400963,0.002790781038078519,0.0027907799988162963,0.00279077895965329,0.0027907779205886244,0.002790776881624251,0.002790775842757884,0.0027907748039917566,0.0027907737653238506,0.00279077272675598,0.002790771688287086,0.0027907706499174273,0.002790769611646751,0.002790768573474965,0.0027907675354021466,0.0027907664974281313,0.002790765459552033,0.0027907644217758077,0.0027907633840970167,0.0027907623465181896,0.0027907613090381797,0.0027907602716569745,0.0027907592343743544,0.002790758197190812,0.0027907571601054663,0.002790756123118781,0.0027907550862304683,0.0027907540494412275,0.002790753012750031,0.0027907519761572455,0.0027907509396630117,0.002790749903267154,0.0027907488669696285,0.0027907478307702934,0.0027907467946680724,0.0027907457586653045,0.002790744722760781,0.002790743686954446,0.0027907426512470213,0.0027907416156369826,0.002790740580125074,0.0027907395447128417,0.0027907385093969518,0.002790737474179069,0.0027907364390589886,0.002790735404037141,0.002790734369112973,0.0027907333342866874,0.0027907322995578314,0.00279073126492737,0.0027907302303933896,0.002790729195957889,0.0027907281616192624,0.0027907271273794813,0.0027907260932365824,0.002790725059193569,0.002790724025246576,0.0027907229913968117,0.0027907219576450504,0.0027907209239905837,0.002790719890431886,0.002790718856971835,0.002790717823609218,0.0027907167903445246,0.0027907157571769987,0.0027907147241072986,0.0027907136911342343,0.002790712658258885,0.0027907116254798246,0.002790710592798309,0.0027907095602138516,0.002790708527724922,0.0027907074953344314,0.0027907064630407034,0.0027907054308444457,0.0027907043987452267,0.0027907033667424475,0.0027907023348370604,0.002790701303028526,0.002790700271317539,0.0027906992397026494,0.00279069820818322,0.0027906971767615047,0.0027906961454368484,0.0027906951142082346,0.0027906940830760415,0.002790693052041289,0.002790692021103488,0.0027906909902615756,0.0027906899595155233,0.0027906889288659346,0.002790687898313538,0.0027906868678578044,0.0027906858374981587,0.0027906848072344346,0.0027906837770677556,0.0027906827469966217,0.002790681717022271,0.0027906806871439978,0.0027906796573623966,0.002790678627676543,0.0027906775980862156,0.0027906765685916045,0.0027906755391940725,0.0027906745098927226,0.0027906734806875796,0.002790672451577813,0.0027906714225645725,0.0027906703936466234,0.002790669364824489,0.0027906683360985596,0.0027906673074682,0.002790666278933539,0.0027906652504951406,0.0027906642221524882,0.002790663193904739,0.0027906621657532577,0.0027906611376973486,0.002790660109736792,0.0027906590818721263,0.0027906580541029995,0.0027906570264293654,0.0027906559988511597,0.002790654971368368,0.002790653943980837,0.0027906529166891888,0.002790651889492625,0.00279065086239111,0.002790649835385108,0.0027906488084747825,0.0027906477816596136,0.002790646754939047,0.0027906457283139703,0.002790644701784023,0.002790643675348371,0.002790642649008266,0.002790641622763086,0.002790640596613215,0.002790639570558456,0.002790638544598665,0.0027906375187337702,0.0027906364929640172,0.00279063546728835,0.0027906344417078064,0.0027906334162215046,0.0027906323908305406,0.002790631365534477,0.0027906303403331515,0.0027906293152267646,0.002790628290214647,0.0027906272652970516,0.0027906262404737577,0.0027906252157455084,0.0027906241911117512,0.0027906231665725343,0.0027906221421279413,0.002790621117777597,0.0027906200935213735,0.0027906190693595162,0.0027906180452919173,0.0027906170213186873,0.0027906159974398046,0.0027906149736551386,0.002790613949965865,0.002790612926369835,0.0027906119028678527,0.00279061087946073,0.002790609856147066,0.00279060883292714,0.0027906078098014703,0.0027906067867708496,0.00279060576383302,0.002790604740989783,0.0027906037182396457,0.0027906026955836767,0.002790601673021373,0.0027906006505528827,0.0027905996281784775,0.0027905986058978497,0.0027905975837102357,0.002790596561616293,0.0027905955396167674,0.0027905945177102154,0.002790593495897688,0.002790592474178859,0.002790591452554238,0.002790590431022656,0.0027905894095848344,0.0027905883882401255,0.002790587366988613,0.002790586345830651,0.002790585324766103,0.0027905843037949055,0.002790583282917131,0.0027905822621324943,0.002790581241441372,0.002790580220843072,0.002790579200337937,0.002790578179925857,0.0027905771596069048,0.0027905761393812656,0.002790575119249009,0.0027905740992101645,0.0027905730792643284,0.0027905720594114587,0.0027905710396512323,0.0027905700199837014,0.0027905690004091997,0.0027905679809279477,0.0027905669615386763,0.0027905659422419633,0.0027905649230406944,0.0027905639039304433,0.00279056288491305,0.0027905618659875894,0.002790560847153909,0.0027905598284135805,0.0027905588097659755,0.0027905577912108372,0.002790556772749202,0.0027905557543790763,0.0027905547361021725,0.002790553717917001,0.002790552699825158,0.0027905516818249195,0.0027905506639168795,0.002790549646102035,0.002790548628378599,0.00279054761074795,0.0027905465932099157,0.0027905455757635447,0.0027905445584087926,0.002790543541146676,0.0027905425239769122,0.0027905415068996,0.0027905404899139755,0.002790539473019999,0.0027905384562183807,0.002790537439508454,0.002790536422890236,0.0027905354063638976,0.002790534389929637,0.002790533373588012,0.002790532357337739,0.0027905313411793527,0.0027905303251149886,0.002790529309140111,0.00279052829325658,0.0027905272774645918,0.0027905262617649636,0.0027905252461569875,0.0027905242306398475,0.0027905232152138798,0.0027905221998805584,0.0027905211846377424,0.0027905201694868164,0.002790519154427359,0.0027905181394600994,0.0027905171245840277,0.0027905161097990256,0.002790515095105403,0.0027905140805030504,0.002790513065992296,0.0027905120515719344,0.0027905110372433276,0.002790510023006381,0.0027905090088605955,0.0027905079948045324,0.0027905069808402726,0.0027905059669677728,0.002790504953185872,0.0027905039394968225,0.0027905029258972532,0.002790501912388615,0.0027905008989710122,0.002790499885645022,0.0027904988724087652,0.0027904978592639016,0.002790496846209402,0.002790495833244786,0.0027904948203721952,0.002790493807589983,0.0027904927948988207,0.0027904917822979295,0.0027904907697885355,0.002790489757369355,0.0027904887450407034,0.002790487732800614,0.0027904867206541744,0.0027904857085971593,0.0027904846966302936,0.0027904836847540814,0.0027904826729683056,0.002790481661272943,0.002790480649667595,0.002790479638152795,0.0027904786267284308,0.0027904776153943925,0.0027904766041505513,0.002790475592996566,0.0027904745819330064,0.002790473570959839,0.002790472560076526,0.0027904715492822435,0.002790470538578938,0.002790469527966982,0.00279046851744408,0.002790467507010122,0.0027904664966667252,0.002790465486413213,0.0027904644762499556,0.0027904634661765383,0.002790462456192952,0.0027904614462987438,0.002790460436494167,0.002790459426780078,0.0027904584171554647,0.0027904574076204245,0.002790456398175995,0.00279045538882072,0.0027904543795549365,0.0027904533703782177,0.0027904523612915923,0.002790451352294257,0.0027904503433867265,0.00279044933456799,0.002790448325839389,0.0027904473172003976,0.0027904463086503143,0.0027904453001886967,0.00279044429181687,0.002790443283535092,0.0027904422753427744,0.002790441267239592,0.0027904402592254037,0.0027904392513003885,0.0027904382434645676,0.002790437235717233,0.00279043622806012,0.002790435220491294,0.002790434213012777,0.0027904332056215824,0.0027904321983204835,0.0027904311911083252,0.0027904301839853487,0.002790429176951354,0.0027904281700055654,0.0027904271631488667,0.002790426156381081,0.0027904251497019882,0.002790424143113034,0.002790423136610705,0.002790422130198536,0.002790421123874483,0.002790420117639534,0.00279041911149281,0.0027904181054341343,0.0027904170994645446,0.0027904160935838117,0.0027904150877913403,0.0027904140820872287,0.002790413076471048,0.00279041207094409,0.002790411065505485,0.0027904100601568614,0.0027904090548958285,0.0027904080497228026,0.0027904070446377553,0.0027904060396409212,0.002790405034732887,0.0027904040299125354,0.0027904030251794123,0.0027904020205365516,0.0027904010159809623,0.0027904000115137736,0.0027903990071336837,0.0027903980028430603,0.0027903969986392547,0.0027903959945243537,0.0027903949904985385,0.002790393986559169,0.002790392982707978,0.0027903919789446863,0.0027903909752688264,0.0027903899716811655,0.0027903889681816776,0.002790387964769893,0.0027903869614459087,0.0027903859582090514,0.002790384955060859,0.0027903839520004954,0.002790382949027337,0.002790381946141491,0.002790380943344159,0.0027903799406350216,0.00279037893801193,0.0027903779354763597,0.0027903769330282074,0.00279037593066718,0.0027903749283934272,0.002790373926207447,0.0027903729241091565,0.00279037192209814,0.0027903709201748776,0.0027903699183385094,0.00279036891658915,0.00279036791492743,0.0027903669133532783,0.002790365911866059,0.00279036491046596,0.0027903639091534558,0.0027903629079276443,0.0027903619067883244,0.0027903609057361905,0.0027903599047715906,0.002790358903894393,0.002790357903103782,0.0027903569023996484,0.0027903559017831243,0.0027903549012533915,0.0027903539008105782,0.0027903529004546105,0.002790351900185417,0.0027903509000029784,0.0027903498999084053,0.0027903488998996142,0.0027903478999775438,0.002790346900142184,0.0027903459003938472,0.0027903449007318387,0.0027903439011564253,0.002790342901667618,0.002790341902265376,0.00279034090295006,0.002790339903720991,0.0027903389045776123,0.002790337905521366,0.0027903369065515856,0.002790335907669202,0.002790334908872131,0.002790333910162864,0.002790332911537794,0.0027903319129996772,0.0027903309145487823,0.0027903299161832268,0.0027903289179043965,0.0027903279197112017,0.0027903269216048346,0.002790325923584136,0.002790324925648249,0.0027903239277997723,0.0027903229300373727,0.0027903219323617045,0.0027903209347717732,0.00279031993726839,0.002790318939850367,0.002790317942518307,0.0027903169452721793,0.0027903159481115314,0.0027903149510377745,0.002790313954049164,0.0027903129571464048,0.002790311960330035,0.0027903109635987232,0.0027903099669527413,0.0027903089703926872,0.002790307973918545,0.0027903069775294734,0.0027903059812262633,0.0027903049850086523,0.0027903039888767323,0.0027903029928296724,0.002790301996868807,0.0027903010009946837,0.0027903000052046894,0.0027902990095002396,0.0027902980138810093,0.002790297018346683,0.0027902960228979156,0.0027902950275349473,0.0027902940322556574,0.0027902930370632176,0.0027902920419572044,0.002790291046935228,0.0027902900519988796,0.0027902890571480797,0.0027902880623826205,0.0027902870677023787,0.0027902860731063186,0.0027902850785955394,0.002790284084169013,0.0027902830898281546,0.0027902820955725545,0.0027902811014019376,0.002790280107316088,0.0027902791133151126,0.0027902781193987754,0.00279027712556738,0.002790276131820964,0.0027902751381593204,0.0027902741445824343,0.0027902731510902443,0.002790272157683695,0.002790271164361237,0.002790270171122792,0.0027902691779696943,0.002790268184900167,0.002790267191916329,0.0027902661990170555,0.0027902652062022195,0.0027902642134714603,0.0027902632208241527,0.002790262228262566,0.002790261235786224,0.002790260243393408,0.002790259251085835,0.0027902582588624197,0.002790257266723426,0.002790256274668663,0.0027902552826982742,0.0027902542908122088,0.0027902532990101052,0.0027902523072927767,0.00279025131565915,0.0027902503241102527,0.0027902493326450984,0.002790248341264443,0.002790247349967946,0.0027902463587555285,0.0027902453676269187,0.0027902443765822284,0.002790243385621671,0.0027902423947449963,0.002790241403951726,0.002790240413243055,0.0027902394226182975,0.0027902384320774,0.002790237441620429,0.002790236451248138,0.002790235460958828,0.0027902344707531994,0.0027902334806316534,0.0027902324905944246,0.002790231500638316,0.0027902305107676433,0.0027902295209805707,0.002790228531277199,0.0027902275416574395,0.0027902265521213008,0.002790225562668947,0.0027902245733000637,0.002790223584014535,0.002790222594812461,0.0027902216056934757,0.0027902206166583493,0.0027902196277066423,0.0027902186388382654,0.0027902176500530377,0.0027902166613508333,0.0027902156727324734,0.0027902146841973954,0.0027902136957455807,0.002790212707377828,0.0027902117190924947,0.0027902107308903547,0.0027902097427713484,0.002790208754735239,0.002790207766782377,0.0027902067789127146,0.0027902057911263216,0.002790204803422219,0.0027902038158017207,0.002790202828264967,0.002790201840810405,0.002790200853438758,0.0027901998661495685,0.0027901988789437292,0.0027901978918207578,0.0027901969047806306,0.002790195917823319,0.002790194930948806,0.002790193944157102,0.002790192957448783,0.0027901919708236173,0.0027901909842800755,0.002790189997819464,0.0027901890114411907,0.0027901880251453826,0.0027901870389323295,0.002790186052801897,0.0027901850667540204,0.0027901840807886343,0.002790183094905755,0.0027901821091053203,0.0027901811233873373,0.0027901801377518023,0.002790179152198684,0.0027901781667279057,0.002790177181339377,0.0027901761960332783,0.00279017521080952,0.0027901742256680024,0.002790173240608744,0.0027901722556317138,0.0027901712707368944,0.0027901702859245343,0.0027901693011940522,0.0027901683165452496,0.002790167331979011,0.0027901663474947627,0.0027901653630926716,0.0027901643787726243,0.002790163394534584,0.002790162410378578,0.002790161426304508,0.002790160442312358,0.002790159458402123,0.002790158474573778,0.002790157490827349,0.0027901565071627426,0.0027901555235799336,0.0027901545400789178,0.0027901535566596984,0.002790152573322435,0.002790151590066658,0.0027901506068926073,0.0027901496238002038,0.002790148640789458,0.0027901476578603363,0.0027901466750128636,0.0027901456922469385,0.0027901447095625177,0.0027901437269610883,0.002790142744439787,0.0027901417619999166,0.002790140779641504,0.002790139797364524,0.0027901388151689585,0.0027901378330546793,0.002790136851021871,0.0027901358690703964,0.0027901348872002357,0.0027901339054113624,0.0027901329237037652,0.0027901319420782604,0.002790130960533124,0.002790129979069177,0.002790128997686407,0.0027901280163848195,0.0027901270351643427,0.002790126054024973,0.002790125072966651,0.0027901240919893794,0.00279012311109317,0.00279012213027794,0.0027901211495436964,0.0027901201688904295,0.002790119188318074,0.0027901182078266303,0.002790117227416069,0.0027901162470863783,0.002790115266837437,0.0027901142866694002,0.0027901133065821784,0.002790112326575731,0.0027901113466500095,0.002790110366805005,0.0027901093870406897,0.002790108407357053,0.0027901074277540973,0.0027901064482317357,0.0027901054687899805,0.002790104489428824,0.0027901035101482044,0.00279010253094814,0.0027901015518285647,0.0027901005727894762,0.002790099593830853,0.0027900986149526977,0.0027900976361549313,0.0027900966574375546,0.002790095678800571,0.002790094700243912,0.0027900937217675997,0.0027900927433716,0.002790091765055859,0.0027900907868203912,0.0027900898086651075,0.00279008883059004,0.002790087852595164,0.002790086874680426,0.0027900858968458314,0.0027900849190913447,0.0027900839414169674,0.002790082963822678,0.002790081986308386,0.0027900810088741356,0.0027900800315198595,0.002790079054245555,0.00279007807705121,0.002790077099936783,0.00279007612290228,0.0027900751459476103,0.0027900741690728647,0.0027900731922779315,0.0027900722155628065,0.0027900712389274983,0.002790070262371937,0.002790069285896113,0.0027900683095000186,0.002790067333183607,0.0027900663569468665,0.002790065380789786,0.0027900644047123297,0.002790063428714469,0.0027900624527963367,0.0027900614769576144,0.002790060501198425,0.0027900595255187237,0.0027900585499185267,0.002790057574397774,0.002790056598956053,0.0027900556235941577,0.0027900546483116697,0.00279005367310854,0.0027900526979848135,0.002790051722940376,0.0027900507479752547,0.002790049773089398,0.002790048798282812,0.0027900478235554855,0.0027900468489073355,0.002790045874338376,0.002790044899848576,0.002790043925437928,0.0027900429511061994,0.00279004197685379,0.0027900410026804228,0.00279004002858612,0.002790039054570851,0.002790038080634624,0.0027900371067773326,0.002790036132999006,0.0027900351592998855,0.0027900341856794113,0.00279003321213801,0.002790032238675323,0.002790031265291494,0.0027900302919864743,0.0027900293187602676,0.002790028345612832,0.002790027372544162,0.0027900263995541265,0.0027900254266428875,0.0027900244538103737,0.002790023481056623,0.0027900225083815045,0.002790021535784656,0.002790020563266836,0.0027900195908274104,0.002790018618466545,0.002790017646184196,0.002790016673980289,0.0027900157018549477,0.0027900147298080464,0.002790013757839173,0.0027900127859491496,0.0027900118141375428,0.0027900108424031714,0.002790009870748286,0.0027900088991715025,0.002790007927673005,0.00279000695625303,0.002790005984911291,0.002790005013647815,0.0027900040424625214,0.002790003071355347,0.0027900021003264513,0.002790001129375679,0.002790000158503072,0.0027899991877085293,0.0027899982169919926,0.0027899972463534227,0.00278999627579284,0.002789995305310304,0.002789994334905776,0.0027899933645792064,0.0027899923943318972,0.0027899914241610356,0.0027899904540681438,0.0027899894840534485,0.0027899885141166145,0.0027899875442583674,0.002789986574477904,0.0027899856047745343,0.0027899846351486907,0.0027899836656016886,0.002789982696131047,0.0027899817267386046,0.0027899807574237696,0.0027899797881861086,0.0027899788190261627,0.0027899778499451957,0.002789976880940501,0.002789975912013478,0.0027899749431642483,0.0027899739743924845,0.002789973005699346,0.0027899720370825358,0.002789971068543203,0.0027899701000814086,0.002789969131696663,0.0027899681633942446,0.0027899671951631586,0.002789966227012619,0.0027899652589384676,0.002789964290940405,0.0027899633230199653,0.0027899623551764993,0.0027899613874108184,0.00278996041972053,0.002789959452109137,0.0027899584845747535,0.00278995751711692,0.002789956549737808,0.002789955582434475,0.002789954615210268,0.002789953648064197,0.002789952680992137,0.0027899517139959628,0.002789950747078329,0.0027899497802374015,0.0027899488134732657,0.0027899478467860784,0.0027899468801761335,0.0027899459136421965,0.0027899449471860244,0.0027899439808075567,0.002789943014507273,0.0027899420482815807,0.002789941082133693,0.002789940116061703,0.0027899391500661435,0.002789938184147458,0.002789937218306964,0.0027899362525402502,0.0027899352868524237,0.002789934321243291,0.0027899333557088167,0.002789932390249688,0.0027899314248704776,0.002789930459564754,0.002789929494336666,0.0027899285291839594,0.0027899275641077403,0.002789926599109186,0.002789925634186936,0.0027899246693400197,0.0027899237045692377,0.002789922739876183,0.002789921775258394,0.0027899208107156387,0.0027899198462504847,0.002789918881861358,0.002789917917548557,0.0027899169533122884,0.002789915989153027,0.0027899150250688073,0.002789914061061083,0.0027899130971304844,0.0027899121332751664,0.002789911169495842,0.0027899102057942805,0.0027899092421682288,0.0027899082786172202,0.0027899073151422104,0.002789906351743114,0.00278990538841981,0.0027899044251728355,0.0027899034620013667,0.002789902498906215,0.0027899015358881273,0.002789900572944624,0.002789899610077536,0.002789898647285217,0.0027898976845693946,0.002789896721929171,0.0027898957593655077,0.00278989479687686,0.0027898938344638672,0.0027898928721265294,0.0027898919098652357,0.002789890947677952,0.002789889985570604,0.0027898890235363064,0.0027898880615772003,0.002789887099693914,0.002789886137886265,0.0027898851761539566,0.002789884214497204,0.0027898832529161025,0.0027898822914104045,0.0027898813299794246,0.0027898803686246206,0.002789879407344156,0.0027898784461402723,0.002789877485011591,0.0027898765239587234,0.0027898755629782303,0.0027898746020756783,0.0027898736412466413,0.0027898726804949647,0.00278987171981914,0.002789870759217539,0.0027898697986907727,0.0027898688382370506,0.002789867877862034,0.0027898669175622738,0.0027898659573364444,0.0027898649971864037,0.002789864037111343,0.0027898630771112844,0.002789862117185793,0.00278986115733417,0.002789860197559845,0.0027898592378592995,0.002789858278233762,0.002789857318683028,0.0027898563592082476,0.0027898553998061152,0.002789854440480088,0.002789853481228709,0.002789852522052477,0.002789851562951436,0.002789850603923537,0.0027898496449715476,0.0027898486860944293,0.002789847727291974,0.0027898467685641562,0.0027898458099109335,0.0027898448513327236,0.0027898438928289503,0.0027898429344006925,0.0027898419760450464,0.002789841017764804,0.0027898400595600305,0.002789839101429147,0.0027898381433728026,0.002789837185391272,0.0027898362274824374,0.002789835269647544,0.0027898343118888955,0.0027898333542051373,0.002789832396595485,0.0027898314390601754,0.0027898304815979894,0.002789829524211694,0.002789828566899489,0.0027898276096613214,0.002789826652496828,0.002789825695407323,0.002789824738392113,0.0027898237814509602,0.002789822824581038,0.002789821867788767,0.0027898209110696335,0.0027898199544247847,0.002789818997853019,0.0027898180413560387,0.002789817084934892,0.0027898161285867373,0.002789815172312085,0.0027898142161119546,0.0027898132599861896,0.002789812303934053,0.0027898113479558127,0.002789810392051508,0.0027898094362213775,0.002789808480464838,0.0027898075247822216,0.0027898065691728353,0.0027898056136377923,0.0027898046581747078,0.002789803702787258,0.0027898027474730497,0.0027898017922330966,0.0027898008370647377,0.002789799881969851,0.0027897989269486125,0.002789797972001736,0.0027897970171297834,0.002789796062330518,0.002789795107604232,0.002789794152954773,0.0027897931983760795,0.002789792243871068,0.002789791289438494,0.002789790335079545,0.0027897893807951333,0.0027897884265840485,0.002789787472448587,0.0027897865183862886,0.0027897855643963998,0.0027897846104788554,0.002789783656635695,0.002789782702863768,0.0027897817491649513,0.0027897807955409135,0.00278977984198926,0.0027897788885114135,0.0027897779351065827,0.002789776981775616,0.002789776028517818,0.0027897750753331984,0.002789774122223021,0.0027897731691861713,0.0027897722162224066,0.002789771263332221,0.0027897703105150724,0.0027897693577707368,0.0027897684050996944,0.0027897674525010022,0.002789766499975606,0.00278976554752349,0.002789764595144837,0.002789763642837977,0.0027897626906053796,0.0027897617384439787,0.002789760786355342,0.0027897598343396214,0.002789758882396866,0.0027897579305268534,0.0027897569787297474,0.00278975602700551,0.002789755075353977,0.002789754123775226,0.0027897531722690942,0.0027897522208357485,0.0027897512694750777,0.0027897503181870584,0.002789749366971675,0.002789748415828904,0.002789747464758728,0.002789746513761124,0.002789745562836077,0.002789744611983568,0.002789743661203569,0.002789742710496065,0.0027897417598610414,0.0027897408092984704,0.0027897398588083372,0.0027897389083906187,0.0027897379580452963,0.0027897370077723765,0.0027897360575718125,0.002789735107443594,0.002789734157387701,0.0027897332074051174,0.0027897322574936705,0.0027897313076509236,0.0027897303578839124,0.0027897294081902155,0.00278972845856762,0.0027897275090152875,0.002789726559537221,0.0027897256101322037,0.002789724660798414,0.002789723711536718,0.002789722762347156,0.0027897218132296618,0.002789720864184205,0.002789719915210728,0.002789718966309265,0.002789718017479823,0.002789717068722346,0.0027897161200367954,0.0027897151714230657,0.0027897142228811983,0.0027897132744114507,0.002789712326013506,0.002789711377687234,0.0027897104294329574,0.0027897094812503777,0.0027897085331395916,0.0027897075851005732,0.002789706637133308,0.002789705689237521,0.0027897047414136935,0.0027897037936615615,0.002789702845981435,0.0027897018983727424,0.002789700950835551,0.002789700003370413,0.0027896990559764176,0.0027896981086537494,0.0027896971614030106,0.0027896962142234666,0.0027896952671157943,0.0027896943200791022,0.002789693373114323,0.0027896924262209655,0.002789691479399089,0.0027896905326486275,0.0027896895859695803,0.0027896886393612044,0.002789687692824918,0.0027896867463581307,0.002789685799964445,0.0027896848536421224,0.0027896839073907626,0.002789682961211,0.002789682015102484,0.002789681069065084,0.0027896801230983957,0.0027896791772023654,0.0027896782313786626,0.0027896772856260783,0.0027896763399439185,0.00278967539433468,0.0027896744487956133,0.0027896735033271724,0.0027896725579302285,0.0027896716126041927,0.0027896706673492763,0.002789669722165248,0.002789668777052254,0.0027896678320115872,0.0027896668870406633,0.0027896659421408313,0.002789664997313724,0.002789664052554775,0.0027896631078676206,0.0027896621632513014,0.002789661218705788,0.0027896602742311025,0.002789659329827051,0.0027896583854930294,0.0027896574412299463,0.0027896564970378594,0.002789655552916485,0.0027896546088613454,0.0027896536648811987,0.002789652720971863,0.002789651777133025,0.0027896508333650266,0.0027896498896676255,0.0027896489460408243,0.002789648002484269,0.0027896470589982717,0.00278964611558311,0.0027896451722385237,0.0027896442289643266,0.0027896432857606513,0.0027896423426292086,0.0027896413995671817,0.002789640456575662,0.002789639513653571,0.002789638570803573,0.002789637628024222,0.002789636685313317,0.00278963574267365,0.002789634800104014,0.0027896338576040534,0.0027896329151742474,0.0027896319728145415,0.00278963103052433,0.002789630088305249,0.002789629146156921,0.002789628204078203,0.0027896272620696145,0.0027896263201315063,0.0027896253782640486,0.002789624436463919,0.0027896234947363745,0.002789622553078204,0.002789621611490645,0.002789620669973621,0.002789619728526054,0.002789618787147753,0.0027896178458417693,0.002789616904603548,0.00278961596343525,0.0027896150223349282,0.002789614081305867,0.0027896131403472384,0.0027896121994584696,0.002789611258639044,0.0027896103178899788,0.0027896093772106956,0.0027896084366013825,0.002789607496061231,0.002789606555591184,0.00278960561519086,0.0027896046748589415,0.0027896037346008804,0.0027896027944092055,0.0027896018542879542,0.0027896009142355915,0.0027895999742518747,0.002789599034339656,0.002789598094496803,0.0027895971547231804,0.00278959621501854,0.0027895952753838786,0.002789594335818833,0.0027895933963231053,0.0027895924568969973,0.002789591517540746,0.0027895905782530745,0.0027895896390337906,0.002789588699885287,0.0027895877608062093,0.0027895868217965246,0.0027895858828597105,0.0027895849439886202,0.002789584005187015,0.002789583066454537,0.0027895821277914195,0.0027895811891944264,0.0027895802506697803,0.0027895793122141963,0.0027895783738279395,0.0027895774355098223,0.0027895764972619207,0.002789575559083038,0.00278957462097295,0.002789573682932354,0.002789572744960734,0.0027895718070580578,0.002789570869223299,0.0027895699314586142,0.0027895689937636413,0.0027895680561372473,0.0027895671185795925,0.0027895661810909012,0.002789565243671182,0.0027895643063207535,0.002789563369039283,0.002789562431826724,0.0027895614946864705,0.002789560557611392,0.002789559620605149,0.00278955868366742,0.002789557746798568,0.002789556809998396,0.0027895558732670194,0.002789554936604449,0.0027895540000084512,0.0027895530634838807,0.0027895521270273156,0.0027895511906400852,0.002789550254321497,0.002789549318069612,0.0027895483818860052,0.0027895474457713524,0.0027895465097251947,0.0027895455737496798,0.0027895446378404494,0.0027895437019998933,0.0027895427662280544,0.0027895418305258542,0.0027895408948918786,0.0027895399593266786,0.002789539023828742,0.0027895380884001538,0.0027895371530393988,0.0027895362177477747,0.0027895352825246856,0.0027895343473695786,0.0027895334122848944,0.0027895324772665,0.0027895315423174722,0.002789530607435633,0.0027895296726219787,0.0027895287378766074,0.0027895278031994505,0.002789526868590298,0.0027895259340493233,0.0027895249995767007,0.002789524065172201,0.00278952313083572,0.002789522196567484,0.002789521262367254,0.0027895203282351367,0.002789519394170503,0.002789518460174384,0.0027895175262463213,0.0027895165923862222,0.002789515658594083,0.0027895147248700484,0.0027895137912140626,0.002789512857625292,0.002789511924104884,0.002789510990652379,0.00278951005726787,0.002789509123950974,0.002789508190702134,0.002789507257520819,0.002789506324407489,0.0027895053913620884,0.0027895044583844558,0.0027895035254745446,0.0027895025926323634,0.002789501659860238,0.0027895007271534758,0.0027894997945143826,0.0027894988619430123,0.002789497929439285,0.0027894969970031183,0.0027894960646350857,0.0027894951323340477,0.002789494200101105,0.0027894932679351195,0.00278949233583674,0.002789491403805963,0.002789490471842826,0.0027894895399471395,0.0027894886081187616,0.002789487676357771,0.0027894867446638153,0.0027894858130378254,0.0027894848814781856,0.00278948394998697,0.0027894830185632483,0.0027894820872070773,0.0027894811559177725,0.002789480224695615,0.002789479293541088,0.0027894783624536393,0.0027894774314301263,0.0027894765004773774,0.00278947556959171,0.0027894746387729175,0.002789473708020076,0.0027894727773356384,0.002789471846718614,0.002789470916168982,0.0027894699856865603,0.002789469055271467,0.002789468124922862,0.00278946719464148,0.0027894662644273407,0.002789465334280173,0.0027894644041999554,0.002789463474187228,0.0027894625442408424,0.0027894616143614,0.002789460684549078,0.00278945975480342,0.002789458825124738,0.0027894578955129814,0.002789456965968113,0.002789456036490271,0.002789455107079366,0.0027894541777349164,0.002789453248457601,0.0027894523192467354,0.0027894513901030693,0.0027894504610272712,0.0027894495320169577,0.002789448603073369,0.002789447674196511,0.00278944674538646,0.0027894458166429523,0.0027894448879660894,0.002789443959355721,0.002789443030812178,0.002789442102335256,0.002789441173924312,0.002789440245580438,0.002789439317302675,0.0027894383890919544,0.0027894374609477583,0.0027894365328703656,0.0027894356048594193,0.002789434676914645,0.0027894337490365763,0.0027894328212245438,0.0027894318934773574,0.002789430965797872,0.0027894300381852573,0.002789429110638828,0.002789428183158404,0.0027894272557447064,0.002789426328397309,0.002789425401116163,0.002789424473898859,0.0027894235467487405,0.002789422619663523,0.002789421692647418,0.0027894207656967017,0.0027894198388129935,0.002789418911994981,0.0027894179852435462,0.002789417058558167,0.0027894161319388065,0.0027894152053858537,0.002789414278898774,0.002789413352477894,0.0027894124261230277,0.0027894114998342,0.002789410573611386,0.002789409647454569,0.0027894087213637653,0.0027894077953389165,0.0027894068693804035,0.002789405943486984,0.002789405017660112,0.002789404091898993,0.002789403166203548,0.002789402240574227,0.002789401315010829,0.0027894003895127415,0.002789399464082502,0.0027893985387159722,0.0027893976134156463,0.002789396688184129,0.002789395763015471,0.002789394837912455,0.0027893939128752422,0.002789392987903961,0.0027893920629975897,0.002789391138157289,0.002789390213382307,0.0027893892886734907,0.0027893883640294176,0.002789387439451787,0.002789386514937619,0.002789385590490935,0.0027893846661092947,0.002789383741793857,0.00278938281754548,0.002789381893360906,0.0027893809692417205,0.002789380045188305,0.0027893791212003378,0.002789378197277721,0.002789377273420578,0.002789376349628833,0.002789375425901769,0.002789374502240581,0.0027893735786447636,0.0027893726551143257,0.002789371731648957,0.0027893708082490677,0.002789369884914668,0.0027893689616455175,0.0027893680384415303,0.0027893671153027748,0.0027893661922295124,0.002789365269221221,0.0027893643462766817,0.0027893634233993984,0.0027893625005865766,0.002789361577838878,0.002789360655156334,0.0027893597325392206,0.002789358809986817,0.0027893578875006764,0.0027893569650784024,0.002789356042721008,0.0027893551204287354,0.0027893541982015094,0.0027893532760397276,0.0027893523539429172,0.0027893514319105393,0.0027893505099436163,0.002789349588041632,0.0027893486662045465,0.0027893477444323207,0.0027893468227249783,0.002789345901082514,0.002789344979504876,0.0027893440579920673,0.0027893431365440665,0.0027893422151608394,0.0027893412938423887,0.002789340372588706,0.00278933945139976,0.002789338530275556,0.0027893376092160546,0.002789336688221241,0.00278933576729109,0.002789334846425587,0.0027893339256247368,0.0027893330048885103,0.002789332084216894,0.0027893311636098925,0.0027893302430674594,0.0027893293225895797,0.002789328402176266,0.0027893274818274532,0.0027893265615431826,0.0027893256413234306,0.0027893247211681336,0.0027893238010772946,0.0027893228810508784,0.00278932196108893,0.0027893210411914096,0.0027893201213582816,0.002789319201589543,0.0027893182818851635,0.0027893173622451613,0.002789316442669464,0.002789315523158076,0.0027893146037109772,0.0027893136843282085,0.00278931276500971,0.0027893118457554245,0.0027893109265653897,0.00278931000743957,0.002789309088378017,0.002789308169380628,0.002789307250447418,0.002789306331578401,0.0027893054127735312,0.002789304494032723,0.0027893035753560344,0.0027893026567435302,0.002789301738195034,0.002789300819710608,0.0027892999012902667,0.002789298982933958,0.0027892980646415733,0.002789297146413221,0.0027892962282488535,0.00278929531014849,0.0027892943921121634,0.0027892934741398845,0.0027892925562313215,0.0027892916383866324,0.0027892907206058942,0.0027892898028889805,0.0027892888852359527,0.002789287967646915,0.002789287050121543,0.0027892861326600034,0.002789285215262372,0.0027892842979284687,0.0027892833806584384,0.0027892824634521396,0.002789281546309442,0.002789280629230489,0.0027892797122152342,0.00278927879526365,0.0027892778783757998,0.0027892769615516905,0.0027892760447912877,0.0027892751280945596,0.002789274211461349,0.0027892732948917483,0.002789272378385711,0.0027892714619432812,0.002789270545564493,0.002789269629247615,0.002789268712995772,0.002789267796805892,0.002789266880679473,0.002789265964616479,0.002789265048616635,0.0027892641326820867,0.0027892632168090743,0.0027892623009994344,0.002789261385253167,0.0027892604695700486,0.0027892595539533403,0.0027892586383970836,0.002789257722903919,0.002789256807474163,0.0027892558921076695,0.0027892549768054917,0.0027892540615665033,0.002789253146389664,0.0027892522312760308,0.002789251316226097,0.002789250401238788,0.002789249486314508,0.0027892485714533137,0.0027892476566527885,0.0027892467419193714,0.0027892458272484877,0.0027892449126403736,0.0027892439980955613,0.002789243083613314,0.002789242169194698,0.0027892412548391147,0.002789240340547182,0.002789239426318193,0.0027892385121530156,0.002789237598051369,0.0027892366840113485,0.0027892357700327686,0.0027892348561198116,0.0027892339422673257,0.002789233028477793,0.0027892321147515026,0.0027892312010893423,0.0027892302874886403,0.0027892293739506966,0.0027892284604755123,0.0027892275470630563,0.0027892266337134733,0.002789225720426873,0.0027892248072030135,0.002789223894041716,0.0027892229809433353,0.0027892220679073894,0.0027892211549342336,0.0027892202420236045,0.00278921932917554,0.0027892184163901637,0.002789217503666269,0.0027892165910058594,0.002789215678408252,0.0027892147658732237,0.0027892138534008648,0.0027892129409908093,0.002789212028643544,0.0027892111163586655,0.0027892102041355863,0.00278920929197575,0.002789208379878354,0.002789207467843396,0.0027892065558709606,0.0027892056439603723,0.002789204732112141,0.0027892038203267424,0.0027892029086037675,0.0027892019969433814,0.002789201085344764,0.002789200173808898,0.0027891992623352126
5,0.0,0.0,0.0,0.0,0.0,0.0,0.0,0.0,0.0,0.0,0.0,0.0,0.0,0.0,0.0,0.0,0.0,0.0,0.0,0.0,0.0,0.0,0.0,0.0,0.0,0.0,0.0,0.0,0.0,0.0,0.0,0.0,0.0,0.0,0.0,0.0,0.0,0.0,0.0,0.0,0.0,0.0,0.0,0.0,0.0,0.0,0.0,0.0,0.0,0.0,0.0,0.0,0.0,0.0,0.0,0.0,0.0,0.0,0.0,0.0,0.0,0.0,0.0,0.0,0.0,0.0,0.0,0.0,0.0,0.0,0.0,0.0,0.0,0.0,0.0,0.0,0.0,0.0,0.0,0.0,0.0,0.0,0.0,0.0,0.0,0.0,0.0,0.0,0.0,0.0,0.0,0.0,0.0,0.0,0.0,0.0,0.0,0.0,0.0,0.0,0.0,0.0,0.0,0.0,0.0,0.0,0.0,0.0,0.0,0.0,0.0,0.0,0.0,0.0,0.0,0.0,0.0,0.0,0.0,0.0,0.0,0.0,0.0,0.0,0.0,0.0,0.0,0.0,0.0,0.0,0.0,0.0,0.0,0.0,0.0,0.0,0.0,0.0,0.0,0.0,0.0,0.0,0.0,0.0,0.0,0.0,0.0,0.0,0.0,0.0,0.0,0.0,0.0,0.0,0.0,0.0,0.0,0.0,0.0,0.0,0.0,0.0,0.0,0.0,0.0,0.0,0.0,0.0,0.0,0.0,0.0,0.0,0.0,0.0,0.0,0.0,0.0,0.0,0.0,0.0,0.0,0.0,0.0,0.0,0.0,0.0,0.0,0.0,0.0,0.0,0.0,0.0,0.0,0.0,0.0,0.0,0.0,0.0,0.0,0.0,0.0,0.0,0.0,0.0,0.0,0.0,0.0,0.0,0.0,0.0,0.0,0.0,0.0,0.0,0.0,0.0,0.0,0.0,0.0,0.0,0.0,0.0,0.0,0.0,0.0,0.0,0.0,0.0,0.0,0.0,0.0,0.0,0.0,0.0,0.0,0.0,0.0,0.0,0.0,0.0,0.0,0.0,0.0,0.0,0.0,0.0,0.0,0.0,0.0,0.0,0.0,0.0,0.0,0.0,0.0,0.0,0.0,0.0,0.0,0.0,0.0,0.0,0.0,0.0,0.0,0.0,0.0,0.0,0.0,0.0,0.0,0.0,0.0,0.0,0.0,0.0,0.0,0.0,0.0,0.0,0.0,0.0,0.0,0.0,0.0,0.0,0.0,0.0,0.0,0.0,0.0,0.0,0.0,0.0,0.0,0.0,0.0,0.0,0.0,0.0,0.0,0.0,0.0,0.0,0.0,0.0,0.0,0.0,0.0,0.0,0.0,0.0,0.0,0.0,0.0,0.0,0.0,0.0,0.0,0.0,0.0,0.0,0.0,0.0,0.0,0.0,0.0,0.0,0.0,0.0,0.0,0.0,0.0,0.0,0.0,0.0,0.0,0.0,0.0,0.0,0.0,0.0,0.0,0.0,0.0,0.0,0.0,0.0,0.0,0.0,0.0,0.0,0.0,0.0,0.0,0.0,0.0,0.0,0.0,0.0,0.0,0.0,0.0,0.0,0.0,0.0,0.0,0.0,0.0,0.0,0.0,0.0,0.0,0.0,0.0,0.0,0.0,0.0,0.0,0.0,0.0,0.0,0.0,0.0,0.0,0.0,0.0,0.0,0.0,0.0,0.0,0.0,0.0,0.0,0.0,0.0,0.0,0.0,0.0,0.0,0.0,0.0,0.0,0.0,0.0,0.0,0.0,0.0,0.0,0.0,0.0,0.0,0.0,0.0,0.0,0.0,0.0,0.0,0.0,0.0,0.0,0.0,0.0,0.0,0.0,0.0,0.0,0.0,0.0,0.0,0.0,0.0,0.0,0.0,0.0,0.0,0.0,0.0,0.0,0.0,0.0,0.0,0.0,0.0,0.0,0.0,0.0,0.0,0.0,0.0,0.0,0.0,0.0,0.0,0.0,0.0,0.0,0.0,0.0,0.0,0.0,0.0,0.0,0.0,0.0,0.0,0.0,0.0,0.0,0.0,0.0,0.0,0.0,0.0,0.0,0.0,0.0,0.0,0.0,0.0,0.0,0.0,0.0,0.0,0.0,0.0,0.0,0.0,0.0,0.0,0.0,0.0,0.0,0.0,0.0,0.0,0.0,0.0,0.0,0.0,0.0,0.0,0.0,0.0,0.0,0.0,0.0,0.0,0.0,0.0,0.0,0.0,0.0,0.0,0.0,0.0,0.0,0.0,0.0,0.0,0.0,0.0,0.0,0.0,0.0,0.0,0.0,0.0,0.0,0.0,0.0,0.0,0.0,0.0,0.0,0.0,0.0,0.0,0.0,0.0,0.0,0.0,0.0,0.0,0.0,0.0,0.0,0.0,0.0,0.0,0.0,0.0,0.0,0.0,0.0,0.0,0.0,0.0,0.0,0.0,0.0,0.0,0.0,0.0,0.0,0.0,0.0,0.0,0.0,0.0,0.0,0.0,0.0,0.0,0.0,0.0,0.0,0.0,0.0,0.0,0.0,0.0,0.0,0.0,0.0,0.0,0.0,0.0,0.0,0.0,0.0,0.0,0.0,0.0,0.0,0.0,0.0,0.0,0.0,0.0,0.0,0.0,0.0,0.0,0.0,0.0,0.0,0.0,0.0,0.0,0.0,0.0,0.0,0.0,0.0,0.0,0.0,0.0,0.0,0.0,0.0,0.0,0.0,0.0,0.0,0.0,0.0,0.0,0.0,0.0,0.0,0.0,0.0,0.0,0.0,0.0,0.0,0.0,0.0,0.0,0.0,0.0,0.0,0.0,0.0,0.0,0.0,0.0,0.0,0.0,0.0,0.0,0.0,0.0,0.0,0.0,0.0,0.0,0.0,0.0,0.0,0.0,0.0,0.0,0.0,0.0,0.0,0.0,0.0,0.0,0.0,0.0,0.0,0.0,0.0,0.0,0.0,-3.505655104312483e-52,2.1093402778683165e-67,2.1093402778683165e-67,2.1093402778683165e-67,2.1093402778683165e-67,2.1093402778683165e-67,2.1093402778683165e-67,2.1093402778683165e-67,2.1093402778683165e-67,2.1093402778683165e-67,2.1093402778683165e-67,2.1093402778683165e-67,2.1093402778683165e-67,2.1093402778683165e-67,2.1093402778683165e-67,2.1093402778683165e-67,2.1093402778683165e-67,2.1093402778683165e-67,-5.421445996527752e-53,-4.847612645957752e-67,-2.990259240297717e-81,-3.2339811799540167e-95,-2.5434464674061536e-109,-2.001782363793679e-125,-7.511385590553824e-143,2.223013664828721e-158,2.223013664828721e-158,2.223013664828721e-158,2.223013664828721e-158,-3.393452924466749e-49,-3.568380387747105e-63,-4.968475378849265e-77,-5.079185051390303e-91,-6.161351067319408e-105,5.501949097767674e-120,5.501949097767674e-120,5.501949097767674e-120,5.501949097767674e-120,5.501949097767674e-120,5.501949097767674e-120,5.501949097767674e-120,5.501949097767674e-120,5.501949097767674e-120,5.501949097767674e-120,9.380504673320762e-55,9.380504673320762e-55,-3.818296643723249e-50,3.5669393015475506e-65,3.5669393015475506e-65,3.5669393015475506e-65,3.5669393015475506e-65,3.5669393015475506e-65,3.5669393015475506e-65,3.5669393015475506e-65,3.5669393015475506e-65,3.5669393015475506e-65,3.5669393015475506e-65,3.5669393015475506e-65,3.5669393015475506e-65,3.5669393015475506e-65,-3.480911856157658e-49,-3.5293838661494066e-63,-6.7346893706162566e-77,-5.496820324723499e-91,-3.76553675209529e-105,5.549403841450155e-121,5.549403841450155e-121,5.549403841450155e-121,5.549403841450155e-121,5.549403841450155e-121,5.549403841450155e-121,5.549403841450155e-121,5.549403841450155e-121,5.549403841450155e-121,5.549403841450155e-121,5.549403841450155e-121,1.8168693934456756e-48,1.8168693934456756e-48,1.8168693934456756e-48,1.8168693934456756e-48,1.8168693934456756e-48,1.8168693934456756e-48,1.8168693934456756e-48,1.8168693934456756e-48,1.8168693934456756e-48,1.8168693934456756e-48,1.8168693934456756e-48,1.8168693934456756e-48,1.8168693934456756e-48,1.8168693934456756e-48,1.8168693934456756e-48,1.8168693934456756e-48,1.8168693934456756e-48,1.8168693934456756e-48,1.8168693934456756e-48,8.686622543525673e-48,8.686622543525673e-48,8.686622543525673e-48,8.686622543525673e-48,8.686622543525673e-48,8.686622543525673e-48,8.686622543525673e-48,8.686622543525673e-48,8.686622543525673e-48,8.686622543525673e-48,8.686622543525673e-48,8.686622543525673e-48,8.686622543525673e-48,8.686622543525673e-48,8.686622543525673e-48,8.686622543525673e-48,8.686622543525673e-48,8.686622543525673e-48,8.686622543525673e-48,8.686622543525673e-48,8.686622543525673e-48,8.686622543525673e-48,8.686622543525673e-48,8.686622543525673e-48,8.686622543525673e-48,8.686622543525673e-48,8.686622543525673e-48,8.686622543525673e-48,8.686622543525673e-48,8.686622543525673e-48,8.686622543525673e-48,8.686622543525673e-48,8.686622543525673e-48,8.686622543525673e-48,8.686622543525673e-48,8.686622543525673e-48,8.686622543525673e-48,8.686622543525673e-48,8.686622543525673e-48,8.686622543525673e-48,8.686622543525673e-48,8.686622543525673e-48,8.686622543525673e-48,8.686622543525673e-48,8.686622543525673e-48,8.686622543525673e-48,8.686622543525673e-48,8.686622543525673e-48,8.686622543525673e-48,8.686622543525673e-48,8.686622543525673e-48,8.686622543525673e-48,8.686622543525673e-48,8.686622543525673e-48,8.686622543525673e-48,8.686622543525673e-48,8.686622543525673e-48,8.686622543525673e-48,8.686622543525673e-48,8.686622543525673e-48,8.686622543525673e-48,8.686622543525673e-48,8.686622543525673e-48,8.686622543525673e-48,8.686622543525673e-48,8.686622543525673e-48,8.686622543525673e-48,8.686622543525673e-48,8.686622543525673e-48,8.686622543525673e-48,8.686622543525673e-48,8.686622543525673e-48,8.686622543525673e-48,8.686622543525673e-48,8.686622543525673e-48,8.686622543525673e-48,8.686622543525673e-48,8.686622543525673e-48,8.686622543525673e-48,8.686622543525673e-48,8.686622543525673e-48,8.686622543525673e-48,8.686622543525673e-48,8.686622543525673e-48,8.686622543525673e-48,8.686622543525673e-48,8.686622543525673e-48,8.686622543525673e-48,8.686622543525673e-48,8.686622543525673e-48,8.686622543525673e-48,8.686622543525673e-48,8.686622543525673e-48,8.686622543525673e-48,8.686622543525673e-48,8.686622543525673e-48,8.686622543525673e-48,8.686622543525673e-48,8.686622543525673e-48,8.686622543525673e-48,8.686622543525673e-48,8.686622543525673e-48,8.686622543525673e-48,8.686622543525673e-48,8.686622543525673e-48,8.686622543525673e-48,8.686622543525673e-48,8.686622543525673e-48,8.686622543525673e-48,8.686622543525673e-48,8.686622543525673e-48,8.686622543525673e-48,8.686622543525673e-48,8.686622543525673e-48,8.686622543525673e-48,8.686622543525673e-48,8.686622543525673e-48,8.686622543525673e-48,8.686622543525673e-48,8.686622543525673e-48,8.686622543525673e-48,8.686622543525673e-48,8.686622543525673e-48,8.686622543525673e-48,8.686622543525673e-48,8.686622543525673e-48,8.686622543525673e-48,8.686622543525673e-48,8.686622543525673e-48,8.686622543525673e-48,8.686622543525673e-48,8.686622543525673e-48,8.686622543525673e-48,8.686622543525673e-48,8.686622543525673e-48,8.686622543525673e-48,8.686622543525673e-48,8.686622543525673e-48,8.686622543525673e-48,8.686622543525673e-48,8.686622543525673e-48,8.686622543525673e-48,8.686622543525673e-48,8.686622543525673e-48,8.686622543525673e-48,8.686622543525673e-48,8.686622543525673e-48,8.686622543525673e-48,8.686622543525673e-48,8.686622543525673e-48,8.686622543525673e-48,8.686622543525673e-48,8.686622543525673e-48,8.686622543525673e-48,8.686622543525673e-48,8.686622543525673e-48,8.686622543525673e-48,8.686622543525673e-48,8.686622543525673e-48,8.686622543525673e-48,8.686622543525673e-48,8.686622543525673e-48,8.686622543525673e-48,8.686622543525673e-48,8.686622543525673e-48,8.686622543525673e-48,8.686622543525673e-48,8.686622543525673e-48,8.686622543525673e-48,8.686622543525673e-48,8.686622543525673e-48,8.686622543525673e-48,8.686622543525673e-48,8.686622543525673e-48,8.686622543525673e-48,8.686622543525673e-48,8.686622543525673e-48,8.686622543525673e-48,8.686622543525673e-48,8.686622543525673e-48,8.686622543525673e-48,8.686622543525673e-48,8.686622543525673e-48,8.686622543525673e-48,8.686622543525673e-48,8.686622543525673e-48,8.686622543525673e-48,8.686622543525673e-48,8.686622543525673e-48,8.686622543525673e-48,8.686622543525673e-48,8.686622543525673e-48,8.686622543525673e-48,8.686622543525673e-48,8.686622543525673e-48,8.686622543525673e-48,8.686622543525673e-48,8.686622543525673e-48,8.686622543525673e-48,8.686622543525673e-48,8.686622543525673e-48,8.686622543525673e-48,8.686622543525673e-48,8.686622543525673e-48,8.686622543525673e-48,8.686622543525673e-48,8.686622543525673e-48,8.686622543525673e-48,8.686622543525673e-48,8.686622543525673e-48,8.686622543525673e-48,8.686622543525673e-48,8.686622543525673e-48,8.686622543525673e-48,8.686622543525673e-48,8.686622543525673e-48,8.686622543525673e-48,8.686622543525673e-48,8.686622543525673e-48,8.686622543525673e-48,8.686622543525673e-48,8.686622543525673e-48,8.686622543525673e-48,8.686622543525673e-48,8.686622543525673e-48,8.686622543525673e-48,8.686622543525673e-48,8.686622543525673e-48,5.155365481626263e-06,1.0376982144044746e-05,1.5666307067210565e-05,2.1024884819033808e-05,2.645434006741509e-05,3.195637328725771e-05,3.753275870102188e-05,4.318534386442987e-05,4.891605043283097e-05,5.472687586069836e-05,6.06198958079198e-05,6.659726711650535e-05,7.266123126903336e-05,7.881411827548543e-05,8.505835094802284e-05,9.139644955621463e-05,9.783103685082089e-05,0.00010436484347710716,0.00011100071377642181,0.00011774161201129774,0.00012459062903123088,0.00013155098942201678,0.00013862605916280512,0.00014581935383118692,0.00015313454743671632,0.00016057548186888308,0.0001681461770902459,0.00017585084208743222,0.00018369388666649507,0.0001916799341768355,0.00019981383524496628,0.00020810068261323128,0.00021654582719646202,0.00022515489547191887,0.000233933808341802,0.00024288880160898099,0.000252026448252036,0.0002613536826579995,0.00027087782706626757,0.0002806066204284138,0.0002905482499625864,0.00030071138571595766,0.00031110521847548526,0.0003217395014204391,0.00033262459596257004,0.0003437715222894651,0.00035519201518921474,0.00036689858582979445,0.0003789045902651765,0.00039122430555209184,0.00040387301450370045,0.000416867100297012,0.0004302241522566798,0.00044396308449720043,0.00045810426930320525,0.00047266968743251434,0.0004876830980107377,0.0005031702310989201,0.0005191590066062079,0.000535679784010012,0.0005527656480624872,0.0005704527369424321,0.0005887806203936504,0.0006077927373494639,0.0006275369043226202,0.0006480659086539352,0.0006694382039457031,0.000691718729264481,0.0007149798791410518,0.0007393026584611024,0.0007647780655990365,0.0007915087592839261,0.0008196110809664963,0.0008492175262177373,0.0008804797883445846,0.0009135725381790245,0.0009486981606752297,0.0009860927489952237,0.0010260337712481326,0.001068849991427514,0.0011149344720694913,0.0011647618567435963,0.0012189116992977701,0.0012781005009566378,0.001343226554409955,0.0014154340701285917,0.0014962071016538007,0.0015875108795042516,0.0016920110453204921,0.001813425513275089,0.0019571108752338847,0.002131079549017331,0.0023478314998619846,0.002627717620963387,0.003004792620711405,0.0035336106242829716,0.004278429280036193,0.00494437905064057,0.004944379050650324,0.004944379050654829,0.004944379050663435,0.004944379051298451,0.00600704663017565,0.007081145180250627,0.008063745123959591,0.008915625039049035,0.009630418133895877,0.010200599715601994,0.01058951987137227,0.010779677061931715,0.01085236283587584,0.010865807494697144,0.010847648657348025,0.010812205824745815,0.010767400727490977,0.01071778398085947,0.010717783980890407,0.010717783980889512,0.010717783980888702,0.010717783980887937,0.010717783980887189,0.010717783980886438,0.01071778398088568,0.0107177839808849,0.010717783980884101,0.010717783980883282,0.01071778398088244,0.010717783980881565,0.010717783980880672,0.010717783980879742,0.010717783980878784,0.010717783980877795,0.010717783980876774,0.010717783980875716,0.010717783980874633,0.010717783980873514,0.010717783980872359,0.010717783980871174,0.010717783980869951,0.0107177839808687,0.010717783980867413,0.01071778398086609,0.010717783980864733,0.010717783980863342,0.010717783980861912,0.010717783980860452,0.010717783980858956,0.010717783980857425,0.010717783980855858,0.01071778398085425,0.010717783980852609,0.010717783980850938,0.01071778398084923,0.010717783980847492,0.01071778398084571,0.0107177839808439,0.01071778398084205,0.010717783980840164,0.010717783980838246,0.010717783980836296,0.010717783980834302,0.010717783980832283,0.01071778398083022,0.010717783980828125,0.010717783980825998,0.010717783980823833,0.010717783980821634,0.010717783980819394,0.010717783980817127,0.010717783980814818,0.010717783980812483,0.010717783980810105,0.010717783980807694,0.010717783980805248,0.01071778398080277,0.010717783980800255,0.010717783980797703,0.010717783980795119,0.010717783980792499,0.010717783980789842,0.010717783980787151,0.010717783980784426,0.010717783980781666,0.010717783980778868,0.010717783980776033,0.010717783980773173,0.010717783980770269,0.010717783980767333,0.010717783980764362,0.010717783980761354,0.010717783980758311,0.010717783980755239,0.010717783980752129,0.010717783980748984,0.010717783980745802,0.010717783980742582,0.010717783980739337,0.010717783980736051,0.01071778398073273,0.010717783980729376,0.010717783980725988,0.010717783980722564,0.01071778398071911,0.010717783980715613,0.010717783980712088,0.010717783980708525,0.010717783980704934,0.0107177839807013,0.01071778398069764,0.010717783980693939,0.010717783980690202,0.010717783980686428,0.010717783980682623,0.010717783980678788,0.010717783980674916,0.010717783980671004,0.010717783980667061,0.010717783980663084,0.010717783980659071,0.010717783980655026,0.01071778398065095,0.010717783980646833,0.010717783980642687,0.010717783980638506,0.010717783980634285,0.010717783980630039,0.010717783980625749,0.01071778398062143,0.010717783980617075,0.010717783980612688,0.010717783980608268,0.010717783980603808,0.010717783980599319,0.010717783980594793,0.010717783980590232,0.010717783980585633,0.01071778398058101,0.01071778398057635,0.010717783980571657,0.010717783980566928,0.010717783980562164,0.010717783980557366,0.010717783980552533,0.010717783980547664,0.010717783980542763,0.01071778398053783,0.010717783980532865,0.010717783980527865,0.010717783980522831,0.010717783980517764,0.010717783980512657,0.010717783980507524,0.010717783980502354,0.01071778398049715,0.01071778398049191,0.010717783980486638,0.010717783980481331,0.010717783980475997,0.010717783980470628,0.01071778398046522,0.010717783980459783,0.010717783980454311,0.0107177839804488,0.010717783980443261,0.010717783980437684,0.010717783980432077,0.010717783980426434,0.010717783980420758,0.010717783980415053,0.01071778398040931,0.010717783980403538,0.01071778398039773,0.010717783980391886,0.010717783980386007,0.010717783980380098,0.010717783980374157,0.010717783980368179,0.01071778398036217,0.01071778398035613,0.010717783980350056,0.010717783980343948,0.010717783980337804,0.010717783980331633,0.010717783980325423,0.010717783980319185,0.010717783980312907,0.0107177839803066,0.01071778398030026,0.010717783980293886,0.010717783980287474,0.010717783980281037,0.010717783980274563,0.010717783980268054,0.010717783980261518,0.010717783980254941,0.010717783980248334,0.010717783980241695,0.01071778398023502,0.010717783980228313,0.010717783980221577,0.010717783980214807,0.010717783980208001,0.010717783980201163,0.010717783980194294,0.010717783980187395,0.010717783980180457,0.010717783980173489,0.010717783980166488,0.010717783980159457,0.010717783980152388,0.010717783980145293,0.010717783980138163,0.010717783980130997,0.010717783980123794,0.01071778398011657,0.010717783980109304,0.010717783980102012,0.010717783980094679,0.010717783980087322,0.010717783980079922,0.010717783980072495,0.01071778398006504,0.010717783980057547,0.01071778398005002,0.010717783980042469,0.010717783980034874,0.010717783980027257,0.010717783980019598,0.010717783980011908,0.010717783980004194,0.010717783979996441,0.010717783979988658,0.010717783979980846,0.010717783979972998,0.010717783979965116,0.010717783979957199,0.010717783979949254,0.010717783979941274,0.010717783979933263,0.010717783979925224,0.010717783979917149,0.01071778397990904,0.010717783979900903,0.010717783979892733,0.010717783979884531,0.010717783979876291,0.010717783979868027,0.010717783979859723,0.010717783979851387,0.010717783979843026,0.010717783979834626,0.010717783979826201,0.010717783979817737,0.01071778397980924,0.01071778397980072,0.01071778397979216,0.01071778397978357,0.010717783979774947,0.010717783979766297,0.010717783979757612,0.010717783979748893,0.010717783979740145,0.010717783979731362,0.010717783979722548,0.010717783979713704,0.010717783979704828,0.010717783979695914,0.010717783979686972,0.010717783979677995,0.010717783979668997,0.010717783979659959,0.010717783979650893,0.010717783979641793,0.010717783979632658,0.010717783979623498,0.0107177839796143,0.010717783979605067,0.010717783979595814,0.010717783979586526,0.010717783979577199,0.010717783979567843,0.01071778397955846,0.010717783979549042,0.010717783979539592,0.010717783979530113,0.0107177839795206,0.010717783979511055,0.010717783979501478,0.010717783979491873,0.010717783979482235,0.010717783979472565,0.01071778397946286,0.010717783979453123,0.010717783979443361,0.010717783979433569,0.010717783979423738,0.010717783979413878,0.010717783979403985,0.010717783979394062,0.010717783979384108,0.01071778397937413,0.010717783979364109,0.010717783979354063,0.010717783979343984,0.010717783979333876,0.010717783979323731,0.010717783979313559,0.01071778397930335,0.010717783979293117,0.010717783979282849,0.010717783979272553,0.010717783979262216,0.010717783979251858,0.010717783979241466,0.010717783979231045,0.01071778397922059,0.010717783979210107,0.010717783979199588,0.010717783979189035,0.010717783979178455,0.010717783979167844,0.010717783979157201,0.010717783979146531,0.010717783979135831,0.010717783979125095,0.01071778397911433,0.010717783979103532,0.010717783979092704,0.010717783979081845,0.010717783979070958,0.010717783979060034,0.010717783979049086,0.010717783979038102,0.010717783979027085,0.010717783979016043,0.010717783979004969,0.010717783978993858,0.01071778397898272,0.010717783978971551,0.010717783978960352,0.010717783978949123,0.010717783978937863,0.010717783978926568,0.010717783978915244,0.010717783978903885,0.010717783978892502,0.010717783978881087,0.010717783978869638,0.010717783978858163,0.010717783978846658,0.01071778397883512,0.01071778397882355,0.01071778397881195,0.010717783978800318,0.010717783978788661,0.010717783978776967,0.010717783978765246,0.010717783978753491,0.010717783978741706,0.010717783978729894,0.010717783978718051,0.010717783978706173,0.010717783978694264,0.010717783978682328,0.01071778397867036,0.010717783978658363,0.01071778397864633,0.010717783978634272,0.010717783978622181,0.010717783978610057,0.010717783978597906,0.010717783978585728,0.010717783978573515,0.010717783978561274,0.010717783978548995,0.010717783978536692,0.01071778397852436,0.010717783978511997,0.010717783978499604,0.01071778397848718,0.010717783978474721,0.010717783978462236,0.010717783978449722,0.010717783978437173,0.010717783978424595,0.010717783978411987,0.010717783978399347,0.010717783978386674,0.010717783978373974,0.010717783978361246,0.010717783978348489,0.010717783978335702,0.010717783978322877,0.010717783978310034,0.010717783978297155,0.010717783978284243,0.010717783978271299,0.010717783978258332,0.010717783978245332,0.010717783978232302,0.010717783978219236,0.010717783978206143,0.010717783978193026,0.010717783978179874,0.010717783978166695,0.010717783978153487,0.010717783978140242,0.010717783978126972,0.010717783978113668,0.010717783978100338,0.01071778397808697,0.010717783978073582,0.010717783978060159,0.010717783978046706,0.010717783978033224,0.010717783978019714,0.010717783978006174,0.010717783977992598,0.010717783977978998,0.01071778397796537,0.010717783977951704,0.010717783977938012,0.010717783977924293,0.010717783977910546,0.01071778397789676,0.010717783977882952,0.010717783977869114,0.010717783977855238,0.01071778397784134,0.010717783977827407,0.010717783977813441,0.010717783977799452,0.010717783977785429,0.010717783977771381,0.010717783977757299,0.010717783977743192,0.01071778397772905,0.010717783977714881,0.01071778397770068,0.010717783977686454,0.010717783977672198,0.010717783977657913,0.0107177839776436,0.010717783977629252,0.010717783977614873,0.010717783977600464,0.010717783977586028,0.01071778397757156,0.010717783977557063,0.010717783977542538,0.010717783977527984,0.010717783977513395,0.010717783977498783,0.01071778397748414,0.010717783977469466,0.01071778397745477,0.010717783977440033,0.010717783977425276,0.010717783977410486,0.010717783977395664,0.010717783977380808,0.010717783977365933,0.010717783977351026,0.010717783977336087,0.01071778397732112,0.010717783977306126,0.010717783977291097,0.010717783977276043,0.010717783977260956,0.010717783977245841,0.01071778397723069,0.010717783977215518,0.010717783977200315,0.010717783977185081,0.01071778397716982,0.010717783977154526,0.010717783977139203,0.010717783977123856,0.010717783977108474,0.010717783977093057,0.010717783977077622,0.010717783977062153,0.010717783977046662,0.010717783977031131,0.010717783977015578,0.01071778397699999,0.010717783976984379,0.010717783976968735,0.01071778397695306,0.010717783976937364,0.010717783976921632,0.010717783976905872,0.01071778397689008,0.010717783976874265,0.010717783976858417,0.01071778397684254,0.010717783976826637,0.010717783976810698,0.010717783976794733,0.010717783976778741,0.010717783976762717,0.010717783976746668,0.010717783976730587,0.010717783976714476,0.010717783976698337,0.010717783976682167,0.010717783976665972,0.010717783976649744,0.01071778397663349,0.010717783976617202,0.010717783976600887,0.01071778397658455,0.01071778397656818,0.010717783976551775,0.010717783976535349,0.01071778397651889,0.010717783976502408,0.010717783976485897,0.010717783976469351,0.010717783976452774,0.010717783976436175,0.010717783976419542,0.010717783976402882,0.01071778397638619,0.010717783976369471,0.01071778397635273,0.010717783976335951,0.010717783976319143,0.010717783976302311,0.010717783976285452,0.010717783976268559,0.010717783976251638,0.010717783976234687,0.010717783976217712,0.010717783976200702,0.010717783976183672,0.010717783976166604,0.010717783976149512,0.010717783976132387,0.010717783976115237,0.01071778397609806,0.010717783976080857,0.010717783976063617,0.01071778397604635,0.010717783976029058,0.010717783976011738,0.010717783975994386,0.010717783975977002,0.0107177839759596,0.010717783975942159,0.010717783975924693,0.0107177839759072,0.010717783975889676,0.010717783975872128,0.010717783975854543,0.010717783975836937,0.0107177839758193,0.010717783975801635,0.010717783975783941,0.010717783975766216,0.010717783975748468,0.010717783975730684,0.010717783975712882,0.01071778397569504,0.010717783975677178,0.01071778397565928,0.010717783975641361,0.010717783975623408,0.010717783975605431,0.010717783975587423,0.010717783975569384,0.010717783975551322,0.010717783975533227,0.010717783975515104,0.010717783975496956,0.010717783975478777,0.01071778397546057,0.010717783975442336,0.010717783975424068,0.010717783975405775,0.010717783975387451,0.010717783975369108,0.010717783975350727,0.010717783975332323,0.010717783975313885,0.010717783975295426,0.010717783975276937,0.010717783975258419,0.010717783975239873,0.010717783975221294,0.01071778397520269,0.010717783975184055,0.010717783975165391,0.01071778397514671,0.01071778397512799,0.010717783975109245,0.010717783975090467,0.010717783975071667,0.010717783975052833,0.010717783975033977,0.010717783975015088,0.01071778397499617,0.010717783974977229,0.01071778397495826,0.010717783974939265,0.01071778397492024,0.010717783974901186,0.010717783974882098,0.010717783974862985,0.01071778397484385,0.01071778397482468,0.010717783974805484,0.01071778397478626,0.010717783974767008,0.010717783974747729,0.01071778397472842,0.010717783974709086,0.010717783974689721,0.010717783974670329,0.010717783974650905,0.010717783974631457,0.010717783974611981,0.010717783974592478,0.010717783974572941,0.010717783974553384,0.010717783974533795,0.010717783974514181,0.010717783974494537,0.010717783974474865,0.010717783974455162,0.010717783974435433,0.010717783974415676,0.01071778397439589,0.010717783974376074,0.010717783974356231,0.010717783974336361,0.010717783974316468,0.010717783974296544,0.010717783974276592,0.010717783974256608,0.010717783974236603,0.010717783974216567,0.010717783974196506,0.010717783974176415,0.010717783974156299,0.010717783974136154,0.01071778397411598,0.010717783974095778,0.010717783974075547,0.010717783974055286,0.010717783974035,0.010717783974014688,0.010717783973994347,0.010717783973973978,0.010717783973953577,0.010717783973933156,0.010717783973912706,0.01071778397389222,0.010717783973871714,0.010717783973851175,0.010717783973830611,0.010717783973810024,0.010717783973789403,0.010717783973768758,0.010717783973748084,0.010717783973727382,0.010717783973706652,0.010717783973685892,0.010717783973665108,0.010717783973644299,0.01071778397362346,0.010717783973602592,0.010717783973581701,0.010717783973560773,0.010717783973539823,0.010717783973518842,0.010717783973497834,0.010717783973476802,0.010717783973455743,0.010717783973434654,0.010717783973413535,0.010717783973392396,0.01071778397337122,0.010717783973350024,0.010717783973328798,0.01071778397330754,0.01071778397328626,0.01071778397326495,0.010717783973243614,0.010717783973222253,0.010717783973200862,0.010717783973179438,0.010717783973157992,0.010717783973136514,0.010717783973115014,0.010717783973093482,0.010717783973071928,0.010717783973050345,0.010717783973028736,0.010717783973007095,0.010717783972985428,0.010717783972963735,0.010717783972942015,0.010717783972920265,0.010717783972898486,0.010717783972876684,0.010717783972854852,0.010717783972832993,0.010717783972811106,0.010717783972789195,0.010717783972767257,0.010717783972745287,0.010717783972723294,0.01071778397270127,0.010717783972679222,0.010717783972657146,0.010717783972635042,0.010717783972612908,0.01071778397259075,0.010717783972568583,0.010717783972546371,0.01071778397252413,0.010717783972501864,0.010717783972479569,0.010717783972457248,0.0107177839724349,0.010717783972412518,0.010717783972390116,0.010717783972367688,0.010717783972345225,0.010717783972322741,0.010717783972300226,0.010717783972277689,0.010717783972255127,0.010717783972232529,0.010717783972209906,0.010717783972187254,0.01071778397216458,0.010717783972141874,0.010717783972119145,0.010717783972096388,0.010717783972073604,0.010717783972050789,0.010717783972027954,0.010717783972005087,0.01071778397198219,0.01071778397195927,0.010717783971936323,0.010717783971913353,0.010717783971890353,0.010717783971867319,0.010717783971844265,0.010717783971821182,0.010717783971798074,0.010717783971774936,0.010717783971751774,0.010717783971728583,0.010717783971705362,0.01071778397168212,0.010717783971658847,0.01071778397163555,0.010717783971612225,0.010717783971588873,0.010717783971565495,0.010717783971542088,0.010717783971518657,0.0107177839714952,0.010717783971471712,0.010717783971448198,0.010717783971424656,0.01071778397140109,0.010717783971377496,0.010717783971353874,0.010717783971330223,0.01071778397130655,0.010717783971282847,0.010717783971259118,0.010717783971235363,0.010717783971211581,0.010717783971187772,0.010717783971163929,0.01071778397114007,0.010717783971116179,0.010717783971092262,0.010717783971068314,0.010717783971044347,0.010717783971020347,0.010717783970996318,0.01071778397097227,0.01071778397094819,0.010717783970924086,0.010717783970899957,0.0107177839708758,0.010717783970851616,0.0107177839708274,0.010717783970803163,0.010717783970778895,0.010717783970754605,0.010717783970730288,0.01071778397070594,0.01071778397068157,0.01071778397065717,0.01071778397063274,0.010717783970608291,0.01071778397058381,0.010717783970559308,0.010717783970534779,0.010717783970510224,0.010717783970485636,0.01071778397046102,0.010717783970436384,0.010717783970411716,0.010717783970387028,0.010717783970362308,0.010717783970337562,0.01071778397031279,0.010717783970287985,0.01071778397026316,0.010717783970238311,0.010717783970213432,0.010717783970188523,0.010717783970163592,0.010717783970138634,0.01071778397011365,0.010717783970088638,0.010717783970063594,0.010717783970038535,0.01071778397001344,0.010717783969988324,0.010717783969963177,0.010717783969938006,0.010717783969912808,0.010717783969887588,0.010717783969862333,0.010717783969837058,0.010717783969811748,0.010717783969786418,0.010717783969761061,0.010717783969735677,0.010717783969710269,0.010717783969684836,0.010717783969659373,0.010717783969633883,0.010717783969608367,0.010717783969582827,0.010717783969557262,0.010717783969531665,0.010717783969506046,0.010717783969480397,0.010717783969454732,0.010717783969429035,0.010717783969403306,0.010717783969377552,0.010717783969351777,0.010717783969325967,0.010717783969300133,0.010717783969274275,0.010717783969248393,0.010717783969222483,0.010717783969196547,0.010717783969170587,0.010717783969144594,0.010717783969118579,0.010717783969092537,0.010717783969066468,0.010717783969040376,0.010717783969014249,0.010717783968988101,0.010717783968961928,0.010717783968935725,0.0107177839689095,0.01071778396888325,0.01071778396885697,0.010717783968830667,0.010717783968804339,0.010717783968777974,0.01071778396875159,0.010717783968725175,0.010717783968698739,0.010717783968672278,0.01071778396864579,0.010717783968619275,0.010717783968592734,0.010717783968566166,0.010717783968539573,0.01071778396851295,0.010717783968486303,0.01071778396845963,0.010717783968432933,0.010717783968406207,0.010717783968379458,0.010717783968352679,0.010717783968325878,0.010717783968299045,0.010717783968272193,0.010717783968245308,0.010717783968218405,0.01071778396819147,0.010717783968164507,0.010717783968137523,0.010717783968137525,0.010717783968137527,0.010717783968137527,0.010717783968137525,0.010717783968137523,0.010717783968137525,0.010717783968137528,0.010717783968137528,0.010717783968137527,0.010717783968137523,0.010717783968137521,0.010717783968137521,0.010717783968137525,0.010717783968137521,0.010717783968137521,0.010717783968137523,0.010717783968137525,0.010717783968137523,0.010717783968137523,0.010717783968137525,0.010717783968137523,0.010717783968137523,0.010717783968137523,0.010717783968137527,0.010717783968137528,0.010717783968137525,0.010717783968137525,0.010717783968137521,0.010717783968137523,0.010717783968137525,0.010717783968137528,0.010717783968137525,0.010717783968137523,0.010717783968137523,0.010717783968137521,0.010717783968137523,0.010717783968137514,0.010717783968137516,0.010717783968137516,0.010717783968137518,0.01071778396813752,0.010717783968137516,0.010717783968137514,0.010717783968137518,0.010717783968137516,0.010717783968137516,0.010717783968137516,0.010717783968137516,0.010717783968137513,0.010717783968137516,0.010717783968137516,0.010717783968137514,0.010717783968137516,0.010717783968137514,0.010717783968137514,0.010717783968137516,0.010717783968137514,0.010717783968137514,0.010717783968137514,0.010717783968137514,0.010717783968137513,0.010717783968137516,0.010717783968137516,0.010717783968137514,0.010717783968137514,0.010717783968137516,0.010717783968137516,0.010717783968137516,0.010717783968137514,0.010717783968137518,0.01071778396813752,0.010717783968137516,0.01071778396813752,0.01071778396813752,0.01071778396813752,0.010717783968137514,0.010717783968137514,0.010717783968137514,0.010717783968137514,0.010717783968137516,0.010717783968137513,0.010717783968137513,0.010717783968137513,0.01071778396813751,0.010717783968137516,0.010717783968137513,0.010717783968137513,0.010717783968137513,0.010717783968137516,0.010717783968137518,0.01071778396813752,0.010717783968137523,0.010717783968137518,0.01071778396813752,0.010717783968137523,0.01071778396813752,0.01071778396813752,0.010717783968137516,0.010717783968137514,0.010717783968137516,0.010717783968137516,0.010717783968137516,0.010717783968137516,0.010717783968137516,0.01071778396813752,0.01071778396813752,0.010717783968137518,0.01071778396813752,0.010717783968137518,0.010717783968137521,0.01071778396813752,0.010717783968137514,0.01071778396813752,0.010717783968137506,0.010717783968137513,0.010717783968137514,0.010717783968137511,0.01071778396813752,0.010717783968137514,0.010717783968137513,0.010717783968137514,0.010717783968137514,0.010717783968137513,0.010717783968137513,0.010717783968137516,0.010717783968137513,0.010717783968137514,0.010717783968137514,0.010717783968137518,0.010717783968137513,0.010717783968137514,0.010717783968137514,0.010717783968137516,0.010717783968137514,0.010717783968137507,0.010717783968137511,0.010717783968137502,0.0107177839681375,0.0107177839681375,0.010717783968137502,0.010717783968137504,0.010717783968137483,0.010717783968137497,0.010717783968137488,0.01071778396813749,0.010717783968137492,0.010717783968137492,0.01071778396813749,0.010717783968137492,0.010717783968137494,0.010717783968137494,0.010717783968137494,0.010717783968137494,0.010717783968137492,0.010717783968137494,0.010717783968137488,0.010717783968137497,0.010717783968137499,0.010717783968137506,0.010717783968137497,0.010717783968137502,0.010717783968137506,0.0107177839681375,0.0107177839681375,0.010717783968137494,0.010717783968137494,0.010717783968137492,0.010717783968137494,0.010717783968137492,0.010717783968137497,0.010717783968137497,0.010717783968137494,0.010717783968137495,0.010717783968137492,0.010717783968137494,0.010717783968137492,0.010717783968137492,0.010717783968137492,0.01071778396813749,0.010717783968137492,0.01071778396813749,0.010717783968137497,0.010717783968137494,0.010717783968137494,0.010717783968137495,0.010717783968137492,0.0107177839681375,0.010717783968137494,0.010717783968137492,0.010717783968137492,0.010717783968137495,0.010717783968137495,0.010717783968137495,0.010717783968137495,0.010717783968137497,0.010717783968137499,0.010717783968137495,0.010717783968137497,0.010717783968137499,0.010717783968137492,0.010717783968137497,0.010717783968137497,0.010717783968137495,0.010717783968137494,0.010717783968137494,0.010717783968137495,0.01071778396813749,0.010717783968137488,0.010717783968137492,0.010717783968137492,0.010717783968137494,0.010717783968137492,0.01071778396813749,0.010717783968137492,0.010717783968137492,0.010717783968137494,0.010717783968137488,0.010717783968137492,0.010717783968137494,0.010717783968137488,0.010717783968137497,0.010717783968137492,0.01071778396813749,0.010717783968137487,0.010717783968137495,0.010717783968137494,0.010717783968137494,0.010717783968137494,0.010717783968137494,0.010717783968137494,0.010717783968137495,0.010717783968137488,0.01071778396813749,0.010717783968137492,0.01071778396813749,0.010717783968137494,0.010717783968137492,0.010717783968137494,0.010717783968137494,0.010717783968137481,0.010717783968137487,0.010717783968137487,0.010717783968137483,0.01071778396813749,0.010717783968137488,0.010717783968137485,0.010717783968137485,0.010717783968137487,0.010717783968137485,0.010717783968137487,0.010717783968137488,0.010717783968137487,0.010717783968137492,0.010717783968137488,0.01071778396813749,0.010717783968137488,0.010717783968137488,0.010717783968137492,0.010717783968137487,0.01071778396813749,0.010717783968137487,0.01071778396813749,0.010717783968137492,0.010717783968137492,0.01071778396813749,0.01071778396813749,0.010717783968137492,0.01071778396813749,0.010717783968137487,0.01071778396813749,0.010717783968137492,0.010717783968137492,0.010717783968137488,0.010717783968137492,0.010717783968137487,0.010717783968137487,0.010717783968137488,0.010717783968137488,0.010717783968137488,0.010717783968137492,0.010717783968137487,0.010717783968137485,0.010717783968137487,0.010717783968137485,0.01071778396813749,0.010717783968137485,0.01071778396813749,0.010717783968137488,0.010717783968137487,0.010717783968137488,0.010717783968137483,0.010717783968137487,0.010717783968137487,0.01071778396813749,0.010717783968137485,0.010717783968137488,0.010717783968137487,0.010717783968137487,0.010717783968137487,0.01071778396813749,0.010717783968137487,0.010717783968137487,0.010717783968137485,0.01071778396813749,0.010717783968137487,0.010717783968137487,0.010717783968137488,0.010717783968137487,0.010717783968137488,0.010717783968137485,0.010717783968137483,0.010717783968137488,0.010717783968137483,0.010717783968137483,0.010717783968137487,0.010717783968137487,0.010717783968137483,0.010717783968137487,0.010717783968137487,0.010717783968137488,0.010717783968137487,0.010717783968137487,0.010717783968137492,0.01071778396813749,0.01071778396813749,0.010717783968137487,0.010717783968137488,0.010717783968137487,0.010717783968137488,0.01071778396813749,0.010717783968137487,0.010717783968137487,0.01071778396813749,0.010717783968137487,0.010717783968137492,0.010717783968137492,0.01071778396813749,0.010717783968137492,0.01071778396813749,0.010717783968137487,0.010717783968137488,0.010717783968137487,0.010717783968137488,0.010717783968137483,0.010717783968137487,0.010717783968137485,0.010717783968137488,0.010717783968137487,0.010717783968137488,0.010717783968137481,0.010717783968137485,0.010717783968137485,0.010717783968137483,0.010717783968137485,0.010717783968137483,0.010717783968137485,0.010717783968137483,0.010717783968137483,0.010717783968137481,0.010717783968137481,0.010717783968137478,0.01071778396813748,0.010717783968137478,0.010717783968137483,0.010717783968137481,0.010717783968137481,0.010717783968137476,0.010717783968137478,0.010717783968137478,0.010717783968137478,0.01071778396813748,0.010717783968137478,0.010717783968137478,0.010717783968137476,0.010717783968137471,0.010717783968137475,0.010717783968137475,0.010717783968137476,0.010717783968137475,0.010717783968137473,0.010717783968137475,0.010717783968137475,0.010717783968137475,0.010717783968137473,0.010717783968137473,0.010717783968137473,0.010717783968137475,0.010717783968137475,0.010717783968137473,0.010717783968137476,0.010717783968137471,0.010717783968137475,0.010717783968137475,0.010717783968137475,0.010717783968137475,0.010717783968137487,0.01071778396813748,0.010717783968137487,0.010717783968137487,0.010717783968137488,0.010717783968137483,0.010717783968137487,0.010717783968137487,0.010717783968137485,0.010717783968137483,0.010717783968137483,0.010717783968137485,0.010717783968137485,0.010717783968137483,0.010717783968137485,0.010717783968137485,0.010717783968137487,0.010717783968137483,0.010717783968137488,0.010717783968137481,0.010717783968137481,0.010717783968137483,0.010717783968137478,0.01071778396813748,0.01071778396813748,0.010717783968137481,0.010717783968137481,0.01071778396813748,0.010717783968137481,0.010717783968137481,0.010717783968137481,0.010717783968137483,0.010717783968137481,0.010717783968137478,0.01071778396813748,0.010717783968137478,0.01071778396813748,0.010717783968137478,0.010717783968137481,0.01071778396813748,0.01071778396813748,0.01071778396813748,0.010717783968137481,0.01071778396813748,0.010717783968137476,0.010717783968137475,0.01071778396813747,0.01071778396813747,0.01071778396813747,0.010717783968137471,0.01071778396813747,0.010717783968137466,0.01071778396813747,0.01071778396813747,0.010717783968137464,0.010717783968137464,0.010717783968137468,0.010717783968137464,0.01071778396813747,0.010717783968137471,0.010717783968137473,0.010717783968137471,0.010717783968137471,0.01071778396813747,0.010717783968137471,0.01071778396813747,0.01071778396813747,0.010717783968137475,0.010717783968137476,0.010717783968137475,0.010717783968137475,0.010717783968137476,0.010717783968137473,0.010717783968137475,0.010717783968137475,0.010717783968137473,0.010717783968137478,0.010717783968137478,0.010717783968137476,0.010717783968137475,0.010717783968137481,0.010717783968137475,0.010717783968137475,0.010717783968137475,0.010717783968137475,0.010717783968137475,0.010717783968137473,0.010717783968137475,0.010717783968137473,0.010717783968137473,0.010717783968137476,0.010717783968137475,0.010717783968137476,0.010717783968137478,0.01071778396813748,0.01071778396813748,0.010717783968137478,0.010717783968137483,0.010717783968137476,0.010717783968137481,0.010717783968137487,0.010717783968137487,0.010717783968137483,0.010717783968137487,0.010717783968137483,0.010717783968137483,0.010717783968137481,0.010717783968137483,0.010717783968137483,0.010717783968137483,0.010717783968137481,0.010717783968137483,0.01071778396813749,0.010717783968137476,0.010717783968137476,0.010717783968137476,0.010717783968137478,0.01071778396813748,0.010717783968137476,0.010717783968137475,0.010717783968137475,0.010717783968137475,0.010717783968137475,0.010717783968137475,0.010717783968137475,0.010717783968137473,0.01071778396813747,0.01071778396813747,0.01071778396813748,0.010717783968137476,0.010717783968137478,0.010717783968137478,0.010717783968137478,0.010717783968137478,0.01071778396813748,0.010717783968137478,0.010717783968137478,0.010717783968137476,0.010717783968137476,0.010717783968137478,0.010717783968137478,0.01071778396813748,0.01071778396813748,0.010717783968137478,0.010717783968137475,0.01071778396813748,0.010717783968137478,0.010717783968137478,0.010717783968137475,0.010717783968137473,0.010717783968137478,0.010717783968137476,0.01071778396813748,0.010717783968137476,0.01071778396813748,0.010717783968137478,0.010717783968137476,0.010717783968137478,0.010717783968137478,0.01071778396813748,0.010717783968137481,0.010717783968137475,0.010717783968137475,0.010717783968137473,0.010717783968137475,0.010717783968137475,0.010717783968137475,0.010717783968137475,0.010717783968137475,0.010717783968137475,0.010717783968137475,0.010717783968137473,0.010717783968137473,0.010717783968137473,0.01071778396813747,0.010717783968137476,0.010717783968137475,0.01071778396813747,0.010717783968137478,0.010717783968137478,0.01071778396813748,0.010717783968137475,0.010717783968137476,0.010717783968137475,0.010717783968137475,0.010717783968137471,0.010717783968137478,0.01071778396813748,0.010717783968137478,0.010717783968137481,0.01071778396813748,0.01071778396813748,0.010717783968137483,0.010717783968137481,0.010717783968137483,0.010717783968137481,0.010717783968137483,0.010717783968137481,0.010717783968137483,0.010717783968137481,0.010717783968137485,0.010717783968137485,0.010717783968137481,0.010717783968137487,0.010717783968137483,0.010717783968137464,0.010717783968137478,0.01071778396813748,0.010717783968137481,0.010717783968137478,0.010717783968137478,0.01071778396813748,0.010717783968137478,0.010717783968137478,0.010717783968137476,0.010717783968137476,0.010717783968137478,0.01071778396813748,0.010717783968137483,0.010717783968137478,0.010717783968137478,0.010717783968137478,0.010717783968137478,0.01071778396813748,0.010717783968137483,0.010717783968137483,0.010717783968137481,0.010717783968137481,0.010717783968137483,0.010717783968137478,0.010717783968137476,0.010717783968137475,0.010717783968137473,0.010717783968137476,0.010717783968137476,0.010717783968137475,0.010717783968137475,0.010717783968137473,0.010717783968137475,0.01071778396813748,0.010717783968137475,0.010717783968137476,0.010717783968137473,0.010717783968137475,0.010717783968137475,0.010717783968137473,0.010717783968137475,0.010717783968137475,0.010717783968137473,0.010717783968137473,0.010717783968137475,0.01071778396813748,0.01071778396813748,0.010717783968137478,0.010717783968137476,0.010717783968137478,0.010717783968137478,0.01071778396813748,0.010717783968137478,0.010717783968137473,0.01071778396813748,0.010717783968137478,0.010717783968137476,0.010717783968137478,0.010717783968137478,0.01071778396813748,0.010717783968137478,0.01071778396813748,0.01071778396813748,0.010717783968137481,0.010717783968137481,0.01071778396813748,0.010717783968137483,0.010717783968137483,0.010717783968137483,0.010717783968137478,0.01071778396813748,0.010717783968137481,0.010717783968137481,0.01071778396813748,0.01071778396813748,0.010717783968137481,0.010717783968137481,0.010717783968137478,0.01071778396813748,0.010717783968137476,0.01071778396813748,0.010717783968137475,0.010717783968137475,0.01071778396813748,0.010717783968137473,0.010717783968137475,0.01071778396813747,0.010717783968137473,0.01071778396813747,0.010717783968137471,0.010717783968137473,0.010717783968137471,0.01071778396813747,0.010717783968137471,0.010717783968137475,0.01071778396813747,0.010717783968137478,0.010717783968137478,0.010717783968137478,0.010717783968137478,0.010717783968137476,0.010717783968137476,0.010717783968137478,0.010717783968137478,0.010717783968137478,0.010717783968137475,0.010717783968137473,0.010717783968137471,0.010717783968137475,0.010717783968137475,0.010717783968137475,0.010717783968137473,0.010717783968137475,0.010717783968137471,0.010717783968137475,0.010717783968137473,0.010717783968137475,0.010717783968137475,0.010717783968137475,0.010717783968137471,0.010717783968137475,0.010717783968137475,0.010717783968137473,0.010717783968137471,0.01071778396813747,0.010717783968137473,0.01071778396813747,0.010717783968137464,0.010717783968137471,0.01071778396813747,0.01071778396813747,0.01071778396813747,0.010717783968137471,0.01071778396813747,0.01071778396813747,0.010717783968137471,0.010717783968137473,0.01071778396813747,0.010717783968137473,0.010717783968137473,0.010717783968137471,0.01071778396813747,0.010717783968137468,0.010717783968137471,0.010717783968137475,0.010717783968137471,0.010717783968137471,0.01071778396813747,0.010717783968137471,0.01071778396813747,0.010717783968137475,0.010717783968137473,0.010717783968137473,0.010717783968137473,0.01071778396813747,0.010717783968137471,0.010717783968137468,0.010717783968137471,0.010717783968137471,0.01071778396813748,0.010717783968137475,0.010717783968137475,0.010717783968137473,0.010717783968137476,0.010717783968137476,0.010717783968137475,0.010717783968137475,0.010717783968137478,0.010717783968137476,0.010717783968137476,0.010717783968137478,0.010717783968137478,0.010717783968137478,0.010717783968137478,0.010717783968137481,0.010717783968137481,0.01071778396813748,0.010717783968137473,0.010717783968137478,0.01071778396813748,0.010717783968137476,0.01071778396813748,0.010717783968137478,0.010717783968137478,0.010717783968137473,0.010717783968137473,0.010717783968137475,0.010717783968137475,0.010717783968137475,0.010717783968137476,0.010717783968137476,0.010717783968137475,0.010717783968137473,0.010717783968137476,0.010717783968137481,0.01071778396813748,0.010717783968137478,0.01071778396813748,0.01071778396813748,0.010717783968137478,0.010717783968137478,0.010717783968137478,0.010717783968137476,0.010717783968137476,0.010717783968137476,0.01071778396813748,0.01071778396813748,0.010717783968137476,0.010717783968137478,0.010717783968137478,0.010717783968137476,0.010717783968137476,0.010717783968137478,0.01071778396813748,0.010717783968137476,0.010717783968137476,0.010717783968137478,0.010717783968137476,0.010717783968137476,0.010717783968137481,0.010717783968137478,0.01071778396813748,0.01071778396813748,0.01071778396813748,0.010717783968137475,0.010717783968137476,0.010717783968137475,0.010717783968137473,0.010717783968137475,0.010717783968137475,0.010717783968137475,0.010717783968137473,0.010717783968137476,0.010717783968137471,0.010717783968137471,0.010717783968137473,0.010717783968137471,0.010717783968137476,0.010717783968137478,0.010717783968137478,0.010717783968137475,0.010717783968137478,0.010717783968137473,0.010717783968137478,0.010717783968137478,0.010717783968137478,0.010717783968137476,0.010717783968137476,0.010717783968137476,0.010717783968137476,0.01071778396813748,0.010717783968137476,0.010717783968137478,0.010717783968137476,0.010717783968137478,0.010717783968137478,0.010717783968137478,0.01071778396813748,0.010717783968137476,0.010717783968137481,0.010717783968137478,0.010717783968137478,0.010717783968137478,0.010717783968137478,0.010717783968137478,0.010717783968137478,0.010717783968137478,0.010717783968137481,0.01071778396813748,0.01071778396813748,0.010717783968137483,0.01071778396813748,0.010717783968137481,0.010717783968137476,0.010717783968137475,0.010717783968137476,0.010717783968137475,0.010717783968137475,0.010717783968137476,0.010717783968137475,0.010717783968137473,0.010717783968137475,0.010717783968137471,0.01071778396813747,0.01071778396813747,0.010717783968137466,0.010717783968137468,0.010717783968137471,0.010717783968137471,0.010717783968137473,0.010717783968137471,0.01071778396813747,0.01071778396813747,0.010717783968137471,0.01071778396813747,0.010717783968137473,0.010717783968137478,0.010717783968137478,0.01071778396813748,0.010717783968137478,0.010717783968137483,0.01071778396813748,0.010717783968137475,0.010717783968137475,0.010717783968137475,0.010717783968137473,0.010717783968137473,0.010717783968137473,0.010717783968137475,0.010717783968137476,0.010717783968137478,0.010717783968137478,0.010717783968137478,0.01071778396813748,0.010717783968137478,0.010717783968137478,0.010717783968137476,0.010717783968137478,0.010717783968137478,0.01071778396813748,0.01071778396813748,0.010717783968137481,0.010717783968137478,0.01071778396813748,0.010717783968137475,0.010717783968137473,0.010717783968137476,0.010717783968137473,0.010717783968137478,0.010717783968137475,0.010717783968137476,0.010717783968137475,0.010717783968137475,0.010717783968137475,0.010717783968137476,0.010717783968137475,0.010717783968137475,0.010717783968137475,0.010717783968137476,0.010717783968137476,0.010717783968137475,0.010717783968137475,0.010717783968137475,0.010717783968137473,0.010717783968137475,0.010717783968137476,0.010717783968137475,0.010717783968137475,0.010717783968137475,0.010717783968137475,0.010717783968137475,0.010717783968137478,0.010717783968137478,0.010717783968137476,0.010717783968137476,0.010717783968137478,0.01071778396813748,0.010717783968137478,0.010717783968137476,0.010717783968137478,0.01071778396813748,0.010717783968137481,0.010717783968137475,0.01071778396813747,0.010717783968137478,0.010717783968137475,0.010717783968137481,0.01071778396813748,0.01071778396813748,0.010717783968137487,0.010717783968137483,0.010717783968137481,0.01071778396813748,0.010717783968137487,0.010717783968137487,0.010717783968137485,0.010717783968137488,0.010717783968137487,0.010717783968137488,0.010717783968137487,0.01071778396813749,0.010717783968137488,0.010717783968137488,0.010717783968137487,0.010717783968137485,0.010717783968137487,0.010717783968137487,0.010717783968137485,0.010717783968137487,0.010717783968137487,0.010717783968137487,0.010717783968137481,0.010717783968137483,0.010717783968137485,0.010717783968137481,0.010717783968137483,0.010717783968137483,0.010717783968137483,0.010717783968137485,0.010717783968137485,0.010717783968137483,0.010717783968137481,0.010717783968137481,0.010717783968137483,0.010717783968137483,0.010717783968137481,0.010717783968137483,0.010717783968137485,0.010717783968137487,0.010717783968137485,0.010717783968137478,0.010717783968137481,0.010717783968137481,0.010717783968137475,0.010717783968137476,0.010717783968137475,0.010717783968137478,0.010717783968137473,0.010717783968137476,0.01071778396813748,0.010717783968137478,0.010717783968137481,0.010717783968137478,0.01071778396813748,0.010717783968137478,0.010717783968137476,0.01071778396813748,0.010717783968137478,0.010717783968137481,0.010717783968137481,0.010717783968137476,0.01071778396813748,0.01071778396813748,0.010717783968137476,0.010717783968137476,0.010717783968137478,0.01071778396813748,0.010717783968137475,0.010717783968137475,0.010717783968137475,0.010717783968137471,0.010717783968137476,0.010717783968137473,0.010717783968137478,0.010717783968137478,0.010717783968137478,0.010717783968137478,0.010717783968137483,0.010717783968137476,0.010717783968137481,0.010717783968137476,0.010717783968137478,0.010717783968137478,0.010717783968137481,0.01071778396813748,0.010717783968137475,0.010717783968137475,0.010717783968137475,0.010717783968137476,0.010717783968137475,0.010717783968137476,0.010717783968137475,0.010717783968137475,0.010717783968137476,0.010717783968137475,0.010717783968137475,0.01071778396813748,0.010717783968137478,0.010717783968137476,0.01071778396813748,0.010717783968137478,0.010717783968137478,0.010717783968137476,0.010717783968137476,0.010717783968137473,0.010717783968137478,0.01071778396813748,0.010717783968137475,0.010717783968137475,0.010717783968137473,0.010717783968137471,0.01071778396813747,0.010717783968137475,0.010717783968137473,0.010717783968137475,0.010717783968137473,0.010717783968137471,0.010717783968137473,0.010717783968137471,0.010717783968137475,0.010717783968137478,0.010717783968137476,0.010717783968137476,0.010717783968137478,0.010717783968137478,0.010717783968137478,0.01071778396813748,0.01071778396813748,0.010717783968137483,0.010717783968137483,0.010717783968137483,0.010717783968137483,0.010717783968137485,0.010717783968137485,0.010717783968137483,0.010717783968137483,0.010717783968137485,0.010717783968137487,0.010717783968137485,0.010717783968137478,0.010717783968137485,0.010717783968137483,0.01071778396813748,0.010717783968137483,0.010717783968137483,0.010717783968137483,0.01071778396813748,0.010717783968137485,0.010717783968137483,0.010717783968137481,0.010717783968137487,0.01071778396813749,0.010717783968137485,0.01071778396813749,0.010717783968137487,0.010717783968137492,0.010717783968137487,0.010717783968137488,0.010717783968137487,0.010717783968137485,0.010717783968137485,0.010717783968137485,0.010717783968137488,0.010717783968137487,0.010717783968137488,0.010717783968137485,0.010717783968137485,0.010717783968137487,0.010717783968137487,0.010717783968137487,0.010717783968137488,0.010717783968137481,0.010717783968137483,0.010717783968137483,0.010717783968137483,0.010717783968137481,0.010717783968137483,0.010717783968137481,0.010717783968137483,0.010717783968137481,0.01071778396813748,0.010717783968137478,0.010717783968137485,0.010717783968137483,0.01071778396813748,0.010717783968137478,0.010717783968137475,0.010717783968137475,0.01071778396813747,0.010717783968137475,0.010717783968137475,0.010717783968137473,0.010717783968137475,0.010717783968137478,0.010717783968137478,0.010717783968137478,0.010717783968137483,0.010717783968137481,0.010717783968137481,0.010717783968137481,0.010717783968137476,0.010717783968137475,0.010717783968137475,0.010717783968137476,0.010717783968137471,0.010717783968137475,0.010717783968137478,0.010717783968137476,0.01071778396813748,0.010717783968137478,0.010717783968137478,0.010717783968137476,0.010717783968137478,0.010717783968137478,0.010717783968137478,0.010717783968137478,0.010717783968137476,0.010717783968137478,0.010717783968137478,0.010717783968137478,0.010717783968137478,0.010717783968137476,0.010717783968137478,0.01071778396813748,0.010717783968137483,0.01071778396813748,0.010717783968137481,0.01071778396813748,0.010717783968137481,0.010717783968137483,0.010717783968137478,0.01071778396813748,0.010717783968137478,0.010717783968137483,0.010717783968137478,0.010717783968137483,0.01071778396813748,0.01071778396813748,0.010717783968137475,0.010717783968137478,0.010717783968137475,0.010717783968137475,0.010717783968137475,0.010717783968137475,0.010717783968137476,0.010717783968137476,0.010717783968137478,0.010717783968137478,0.010717783968137478,0.010717783968137478,0.010717783968137478,0.010717783968137478,0.01071778396813748,0.010717783968137478,0.010717783968137478,0.01071778396813748,0.010717783968137475,0.010717783968137478,0.010717783968137475,0.010717783968137475,0.010717783968137475,0.010717783968137475,0.010717783968137475,0.010717783968137473,0.010717783968137475,0.010717783968137473,0.010717783968137471,0.010717783968137473,0.010717783968137473,0.010717783968137471,0.010717783968137473,0.01071778396813747,0.01071778396813747,0.01071778396813747,0.01071778396813747,0.01071778396813747,0.010717783968137468,0.01071778396813747,0.010717783968137466,0.010717783968137468,0.010717783968137466,0.010717783968137464,0.010717783968137464,0.010717783968137468,0.010717783968137464,0.010717783968137468,0.010717783968137464,0.010717783968137464,0.010717783968137468,0.010717783968137466,0.01071778396813747,0.010717783968137464,0.01071778396813747,0.010717783968137466,0.010717783968137466,0.010717783968137466,0.010717783968137464,0.010717783968137464,0.01071778396813746,0.01071778396813746,0.010717783968137462,0.010717783968137459,0.01071778396813746,0.01071778396813746,0.010717783968137459,0.01071778396813746,0.01071778396813746,0.010717783968137459,0.010717783968137459,0.01071778396813746,0.01071778396813746,0.010717783968137459,0.01071778396813746,0.010717783968137459,0.01071778396813746,0.010717783968137464,0.01071778396813746,0.010717783968137459,0.010717783968137459,0.010717783968137459,0.010717783968137459,0.010717783968137457,0.01071778396813746,0.010717783968137459,0.010717783968137457,0.01071778396813746,0.010717783968137459,0.010717783968137459,0.010717783968137455,0.010717783968137459,0.01071778396813746,0.010717783968137459,0.010717783968137459,0.01071778396813746,0.010717783968137457,0.010717783968137457,0.010717783968137459,0.01071778396813746,0.01071778396813747,0.010717783968137464,0.010717783968137459,0.010717783968137464,0.01071778396813746,0.010717783968137464,0.010717783968137466,0.010717783968137464,0.010717783968137464,0.010717783968137468,0.010717783968137464,0.010717783968137468,0.010717783968137466,0.010717783968137466,0.010717783968137468,0.010717783968137464,0.010717783968137464,0.010717783968137466,0.010717783968137464,0.010717783968137462,0.01071778396813746,0.010717783968137466,0.010717783968137468,0.010717783968137466,0.010717783968137464,0.010717783968137462,0.010717783968137464,0.01071778396813746,0.010717783968137452,0.010717783968137457,0.010717783968137452,0.010717783968137455,0.010717783968137447,0.01071778396813745,0.010717783968137452,0.010717783968137455,0.010717783968137455,0.010717783968137455,0.010717783968137454,0.010717783968137454,0.010717783968137457,0.010717783968137457,0.010717783968137452,0.010717783968137452,0.010717783968137457,0.01071778396813746,0.010717783968137455,0.010717783968137452,0.010717783968137454,0.010717783968137455,0.010717783968137455,0.010717783968137457,0.010717783968137457,0.010717783968137455,0.010717783968137454,0.010717783968137454,0.010717783968137454,0.010717783968137459,0.01071778396813746,0.010717783968137459,0.01071778396813746,0.01071778396813746,0.010717783968137459,0.010717783968137459,0.010717783968137459,0.010717783968137459,0.010717783968137459,0.010717783968137459,0.010717783968137457,0.01071778396813746,0.010717783968137452,0.010717783968137452,0.010717783968137452,0.010717783968137452,0.010717783968137452,0.010717783968137449,0.010717783968137445,0.010717783968137447,0.010717783968137452,0.01071778396813745,0.010717783968137457,0.010717783968137454,0.010717783968137454,0.010717783968137457,0.010717783968137457,0.010717783968137457,0.010717783968137455,0.010717783968137455,0.010717783968137455,0.010717783968137457,0.010717783968137459,0.010717783968137455,0.010717783968137455,0.010717783968137454,0.010717783968137452,0.010717783968137455,0.010717783968137452,0.010717783968137452,0.010717783968137455,0.010717783968137455,0.010717783968137457,0.010717783968137455,0.010717783968137459,0.010717783968137455,0.010717783968137455,0.010717783968137452,0.010717783968137455,0.010717783968137452,0.010717783968137452,0.010717783968137455,0.010717783968137457,0.01071778396813746,0.010717783968137455,0.010717783968137455,0.010717783968137457,0.010717783968137455,0.010717783968137457,0.010717783968137455,0.010717783968137454,0.010717783968137452,0.010717783968137455,0.010717783968137452,0.010717783968137454,0.010717783968137454,0.010717783968137452,0.010717783968137455,0.010717783968137454,0.010717783968137455,0.010717783968137455,0.010717783968137455,0.010717783968137455,0.010717783968137455,0.010717783968137455,0.010717783968137454,0.010717783968137455,0.010717783968137454,0.010717783968137455,0.010717783968137455,0.010717783968137455,0.010717783968137455,0.01071778396813745,0.01071778396813745,0.010717783968137449,0.010717783968137454,0.010717783968137455,0.010717783968137455,0.010717783968137452,0.010717783968137452,0.010717783968137454,0.010717783968137455,0.010717783968137454,0.010717783968137452,0.010717783968137454,0.010717783968137455,0.010717783968137452,0.01071778396813745,0.01071778396813745,0.01071778396813745,0.010717783968137447,0.010717783968137445,0.010717783968137445,0.010717783968137449,0.010717783968137447,0.010717783968137449,0.010717783968137452,0.01071778396813745,0.010717783968137452,0.01071778396813745,0.010717783968137452,0.01071778396813745,0.010717783968137452,0.010717783968137454,0.01071778396813745,0.010717783968137449,0.010717783968137447,0.010717783968137449,0.010717783968137447,0.010717783968137447,0.010717783968137447,0.010717783968137445,0.010717783968137447,0.010717783968137449,0.010717783968137447,0.010717783968137449,0.01071778396813745,0.010717783968137449,0.010717783968137449,0.010717783968137452,0.010717783968137452,0.01071778396813745,0.01071778396813745,0.010717783968137449,0.010717783968137449,0.010717783968137447,0.010717783968137452,0.01071778396813745,0.010717783968137452,0.01071778396813745,0.010717783968137455,0.010717783968137452,0.01071778396813745,0.010717783968137455,0.01071778396813745,0.010717783968137452,0.01071778396813745,0.010717783968137452,0.010717783968137452,0.010717783968137449,0.010717783968137452,0.010717783968137452,0.01071778396813745,0.01071778396813745,0.010717783968137452,0.010717783968137457,0.010717783968137455,0.010717783968137455,0.01071778396813746,0.010717783968137454,0.010717783968137454,0.010717783968137454,0.010717783968137455,0.010717783968137445,0.010717783968137445,0.010717783968137436,0.010717783968137438,0.010717783968137436,0.010717783968137436,0.010717783968137435,0.010717783968137436,0.01071778396813743,0.01071778396813743,0.010717783968137428,0.010717783968137424,0.010717783968137424,0.010717783968137402,0.010717783968137402,0.010717783968137402,0.010717783968137402,0.010717783968137402,0.010717783968137402,0.010717783968137403,0.010717783968137402,0.0107177839681374,0.010717783968137395,0.010717783968137396,0.010717783968137396,0.0107177839681374,0.010717783968137395,0.0107177839681374,0.010717783968137402,0.010717783968137403,0.010717783968137402,0.010717783968137396,0.010717783968137396,0.010717783968137396,0.010717783968137396,0.010717783968137396,0.010717783968137395,0.010717783968137396,0.010717783968137402,0.0107177839681374,0.010717783968137402,0.0107177839681374,0.0107177839681374,0.010717783968137396,0.010717783968137395,0.010717783968137396,0.010717783968137395,0.010717783968137395,0.010717783968137395,0.0107177839681374,0.0107177839681374,0.010717783968137402,0.010717783968137402,0.0107177839681374,0.010717783968137396,0.0107177839681374,0.0107177839681374,0.010717783968137398,0.010717783968137402,0.010717783968137395,0.010717783968137396,0.010717783968137396,0.010717783968137396,0.010717783968137402,0.010717783968137396,0.0107177839681374,0.010717783968137396,0.010717783968137396,0.010717783968137395,0.010717783968137396,0.010717783968137396,0.0107177839681374,0.0107177839681374,0.010717783968137402,0.010717783968137396,0.010717783968137395,0.010717783968137395,0.010717783968137393,0.010717783968137395,0.010717783968137393,0.010717783968137393,0.010717783968137393,0.0107177839681374,0.010717783968137398,0.010717783968137395,0.0107177839681374,0.010717783968137396,0.010717783968137402,0.0107177839681374,0.0107177839681374,0.010717783968137398,0.0107177839681374,0.010717783968137402,0.0107177839681374,0.010717783968137396,0.010717783968137396,0.010717783968137395,0.010717783968137396,0.0107177839681374,0.010717783968137402,0.0107177839681374,0.0107177839681374,0.010717783968137402,0.010717783968137403,0.010717783968137403,0.010717783968137403,0.0107177839681374,0.0107177839681374,0.0107177839681374,0.0107177839681374,0.0107177839681374,0.010717783968137398,0.010717783968137402,0.010717783968137398,0.0107177839681374,0.0107177839681374,0.010717783968137402,0.010717783968137402,0.010717783968137398,0.0107177839681374,0.0107177839681374,0.010717783968137402,0.010717783968137402,0.010717783968137402,0.010717783968137398,0.010717783968137398,0.010717783968137402,0.010717783968137405,0.010717783968137402,0.010717783968137407,0.010717783968137405,0.010717783968137407,0.010717783968137403,0.010717783968137403,0.010717783968137407,0.010717783968137402,0.010717783968137403,0.010717783968137402,0.0107177839681374,0.010717783968137402,0.010717783968137402,0.010717783968137402,0.0107177839681374,0.010717783968137391,0.010717783968137396,0.010717783968137398,0.010717783968137396,0.010717783968137396,0.010717783968137398,0.010717783968137395,0.010717783968137396,0.010717783968137396,0.0107177839681374,0.010717783968137402,0.0107177839681374,0.0107177839681374,0.0107177839681374,0.010717783968137402,0.010717783968137398,0.010717783968137396,0.010717783968137396,0.010717783968137396,0.010717783968137395,0.010717783968137398,0.0107177839681374,0.0107177839681374,0.0107177839681374,0.0107177839681374,0.010717783968137396,0.010717783968137396,0.010717783968137396,0.010717783968137395,0.010717783968137396,0.010717783968137396,0.010717783968137398,0.010717783968137395,0.010717783968137396,0.010717783968137396,0.010717783968137396,0.010717783968137398,0.010717783968137396,0.010717783968137398,0.010717783968137395,0.010717783968137396,0.010717783968137396,0.010717783968137396,0.010717783968137393,0.010717783968137396,0.010717783968137395,0.010717783968137395,0.010717783968137396,0.010717783968137396,0.010717783968137398,0.010717783968137395,0.010717783968137396,0.010717783968137398,0.010717783968137395,0.010717783968137395,0.010717783968137395,0.010717783968137396,0.010717783968137395,0.010717783968137395,0.010717783968137393,0.010717783968137393,0.010717783968137388,0.010717783968137388,0.010717783968137386,0.010717783968137383,0.010717783968137386,0.010717783968137386,0.010717783968137386,0.010717783968137388,0.010717783968137384,0.010717783968137383,0.01071778396813738,0.01071778396813738,0.010717783968137379,0.010717783968137383,0.010717783968137388,0.010717783968137386,0.010717783968137383,0.010717783968137388,0.010717783968137386,0.010717783968137386,0.010717783968137384,0.010717783968137386,0.010717783968137386,0.01071778396813739,0.010717783968137384,0.010717783968137384,0.010717783968137384,0.010717783968137384,0.010717783968137386,0.010717783968137386,0.010717783968137384,0.010717783968137384,0.010717783968137384,0.010717783968137384,0.010717783968137386,0.010717783968137383,0.01071778396813738,0.010717783968137383,0.010717783968137386,0.010717783968137374,0.010717783968137377,0.010717783968137377,0.01071778396813737,0.010717783968137374,0.010717783968137374,0.010717783968137374,0.010717783968137379,0.010717783968137377,0.010717783968137384,0.010717783968137383,0.010717783968137383,0.010717783968137383,0.01071778396813738,0.010717783968137383,0.010717783968137343,0.010717783968137344,0.01071778396813735,0.010717783968137346,0.010717783968137346,0.010717783968137344,0.010717783968137346,0.010717783968137344,0.010717783968137346,0.010717783968137346,0.010717783968137346,0.010717783968137346,0.010717783968137348,0.010717783968137346,0.010717783968137351,0.01071778396813735,0.010717783968137346,0.010717783968137348,0.010717783968137348,0.010717783968137343,0.010717783968137344,0.010717783968137344,0.010717783968137348,0.01071778396813735,0.010717783968137348,0.01071778396813735,0.010717783968137351,0.010717783968137351,0.010717783968137357,0.010717783968137351,0.01071778396813735,0.01071778396813735,0.010717783968137353,0.010717783968137351,0.010717783968137353,0.01071778396813735,0.010717783968137351,0.010717783968137348,0.010717783968137351,0.010717783968137346,0.010717783968137348,0.010717783968137348,0.010717783968137348,0.010717783968137343,0.010717783968137346,0.010717783968137348,0.01071778396813735,0.010717783968137346,0.010717783968137346,0.010717783968137346,0.01071778396813735,0.01071778396813735,0.010717783968137348,0.010717783968137348,0.01071778396813735,0.010717783968137348,0.010717783968137346,0.010717783968137346,0.010717783968137346,0.01071778396813735,0.010717783968137351,0.010717783968137351,0.010717783968137351,0.01071778396813735,0.010717783968137351,0.010717783968137353,0.01071778396813735,0.010717783968137348,0.01071778396813735,0.010717783968137351,0.01071778396813735,0.01071778396813735,0.010717783968137351,0.010717783968137353,0.010717783968137357,0.010717783968137357,0.010717783968137358,0.01071778396813735,0.01071778396813735,0.010717783968137357,0.010717783968137355,0.010717783968137353,0.010717783968137357,0.010717783968137353,0.010717783968137357,0.010717783968137353,0.010717783968137358,0.010717783968137357,0.010717783968137353,0.010717783968137357,0.010717783968137355,0.010717783968137358,0.010717783968137357,0.010717783968137358,0.010717783968137355,0.010717783968137357,0.010717783968137357,0.010717783968137355,0.010717783968137355,0.010717783968137362,0.01071778396813736,0.010717783968137364,0.010717783968137362,0.01071778396813736,0.010717783968137358,0.010717783968137357,0.010717783968137357,0.010717783968137355,0.010717783968137353,0.01071778396813736,0.010717783968137358,0.01071778396813736,0.010717783968137358,0.01071778396813736,0.01071778396813737,0.010717783968137369,0.01071778396813737,0.010717783968137369,0.010717783968137369,0.010717783968137365,0.010717783968137364,0.010717783968137364,0.010717783968137365,0.010717783968137358,0.01071778396813736,0.01071778396813736,0.01071778396813736,0.01071778396813736,0.010717783968137362,0.010717783968137364,0.010717783968137365,0.01071778396813736,0.010717783968137362,0.010717783968137365,0.010717783968137365,0.010717783968137365,0.010717783968137365,0.010717783968137365,0.01071778396813736,0.010717783968137355,0.010717783968137362,0.01071778396813736,0.010717783968137362,0.01071778396813736,0.010717783968137362,0.010717783968137358,0.01071778396813736,0.01071778396813736,0.010717783968137362,0.01071778396813736,0.01071778396813736,0.01071778396813736,0.010717783968137362,0.010717783968137362,0.010717783968137365,0.010717783968137365,0.010717783968137362,0.010717783968137369,0.010717783968137357,0.01071778396813736,0.01071778396813736,0.010717783968137367,0.010717783968137364,0.010717783968137367,0.010717783968137365,0.010717783968137365,0.010717783968137367,0.010717783968137364,0.01071778396813736,0.010717783968137367,0.01071778396813736,0.010717783968137365,0.01071778396813736,0.01071778396813736,0.01071778396813736,0.01071778396813736,0.010717783968137362,0.010717783968137362,0.010717783968137355,0.010717783968137355,0.010717783968137357,0.010717783968137357,0.010717783968137355,0.01071778396813736,0.01071778396813736,0.010717783968137358,0.010717783968137362,0.01071778396813736,0.010717783968137355,0.010717783968137357,0.010717783968137357,0.010717783968137358,0.010717783968137357,0.010717783968137357,0.010717783968137357,0.010717783968137355,0.010717783968137355,0.010717783968137357,0.010717783968137355,0.010717783968137355,0.010717783968137353,0.010717783968137355,0.010717783968137353,0.010717783968137353,0.010717783968137353,0.010717783968137357,0.010717783968137355,0.010717783968137357,0.010717783968137355,0.010717783968137355,0.010717783968137357,0.010717783968137357,0.010717783968137358,0.010717783968137357,0.010717783968137358,0.010717783968137358,0.010717783968137357,0.010717783968137357,0.010717783968137357,0.01071778396813736,0.010717783968137355,0.010717783968137362,0.010717783968137355,0.010717783968137353,0.010717783968137358,0.01071778396813736,0.010717783968137362,0.010717783968137362,0.010717783968137357,0.010717783968137355,0.010717783968137357,0.010717783968137358,0.01071778396813736,0.01071778396813736,0.010717783968137365,0.010717783968137358,0.010717783968137362,0.01071778396813736,0.01071778396813736,0.010717783968137358,0.01071778396813736,0.01071778396813736,0.01071778396813736,0.01071778396813736,0.01071778396813736,0.010717783968137355,0.010717783968137362,0.010717783968137362,0.010717783968137358,0.010717783968137358,0.010717783968137362,0.010717783968137364,0.010717783968137367,0.010717783968137358,0.010717783968137358,0.01071778396813736,0.01071778396813736,0.010717783968137358,0.010717783968137362,0.010717783968137362,0.010717783968137357,0.010717783968137357,0.010717783968137358,0.010717783968137357,0.010717783968137357,0.010717783968137358,0.010717783968137355,0.010717783968137351,0.010717783968137351,0.010717783968137357,0.010717783968137357,0.010717783968137358,0.010717783968137353,0.010717783968137357,0.01071778396813736,0.01071778396813736,0.01071778396813736,0.01071778396813736,0.01071778396813736,0.01071778396813736,0.010717783968137357,0.010717783968137357,0.010717783968137355,0.01071778396813736,0.010717783968137355,0.010717783968137355,0.010717783968137355,0.010717783968137357,0.010717783968137357,0.010717783968137358,0.010717783968137358,0.010717783968137357,0.010717783968137357,0.01071778396813736,0.01071778396813736,0.01071778396813736,0.01071778396813736,0.01071778396813736,0.010717783968137362,0.01071778396813736,0.01071778396813736,0.010717783968137362,0.010717783968137358,0.010717783968137358,0.01071778396813736,0.01071778396813736,0.010717783968137358,0.010717783968137358,0.01071778396813736,0.010717783968137362,0.010717783968137362,0.010717783968137362,0.010717783968137362,0.01071778396813736,0.010717783968137362,0.01071778396813736,0.01071778396813736,0.010717783968137357,0.010717783968137358,0.010717783968137357,0.010717783968137357,0.010717783968137357,0.010717783968137357,0.010717783968137357,0.010717783968137358,0.010717783968137357,0.010717783968137358,0.010717783968137357,0.010717783968137355,0.010717783968137355,0.010717783968137358,0.010717783968137357,0.010717783968137355,0.010717783968137357,0.010717783968137358,0.010717783968137355,0.010717783968137357,0.010717783968137358,0.010717783968137357,0.010717783968137355,0.010717783968137355,0.010717783968137357,0.010717783968137357,0.010717783968137355,0.010717783968137355,0.010717783968137355,0.010717783968137357,0.010717783968137357,0.010717783968137357,0.010717783968137357,0.01071778396813736,0.01071778396813736,0.010717783968137355,0.01071778396813736,0.010717783968137358,0.010717783968137362,0.010717783968137355,0.010717783968137357,0.010717783968137358,0.010717783968137358,0.010717783968137357,0.010717783968137358,0.010717783968137355,0.010717783968137355,0.010717783968137355,0.010717783968137355,0.010717783968137358,0.010717783968137353,0.010717783968137358,0.010717783968137357,0.010717783968137355,0.010717783968137358,0.010717783968137355,0.010717783968137357,0.010717783968137358,0.010717783968137357,0.010717783968137357,0.010717783968137358,0.010717783968137357,0.01071778396813736,0.010717783968137357,0.010717783968137334,0.010717783968137325,0.010717783968137324,0.010717783968137327,0.01071778396813733,0.010717783968137327,0.010717783968137329,0.01071778396813733,0.010717783968137329,0.010717783968137329,0.010717783968137324,0.010717783968137327,0.010717783968137327,0.010717783968137329,0.010717783968137324,0.010717783968137327,0.010717783968137327,0.010717783968137327,0.010717783968137322,0.010717783968137322,0.010717783968137322,0.01071778396813732,0.01071778396813732,0.01071778396813732,0.010717783968137318,0.01071778396813732,0.01071778396813732,0.010717783968137324,0.010717783968137318,0.01071778396813732,0.010717783968137318,0.010717783968137318,0.010717783968137315,0.010717783968137324,0.010717783968137318,0.010717783968137324,0.010717783968137308,0.01071778396813731,0.010717783968137313,0.010717783968137313,0.010717783968137315,0.010717783968137313,0.010717783968137311,0.010717783968137311,0.010717783968137311,0.01071778396813731,0.010717783968137311,0.010717783968137311,0.010717783968137311,0.01071778396813731,0.010717783968137311,0.01071778396813731,0.010717783968137308,0.010717783968137303,0.010717783968137308,0.010717783968137306,0.010717783968137306,0.010717783968137308,0.010717783968137308,0.010717783968137306,0.010717783968137306,0.010717783968137306,0.010717783968137306,0.01071778396813731,0.010717783968137305,0.01071778396813731,0.010717783968137306,0.01071778396813731,0.010717783968137305,0.01071778396813731,0.010717783968137306,0.010717783968137308,0.010717783968137308,0.010717783968137308,0.010717783968137306,0.01071778396813731,0.010717783968137308,0.010717783968137311,0.010717783968137306,0.010717783968137306,0.01071778396813731,0.01071778396813731,0.010717783968137305,0.010717783968137305,0.010717783968137301,0.010717783968137303,0.0107177839681373,0.010717783968137301,0.010717783968137305,0.010717783968137305,0.010717783968137303,0.010717783968137305,0.010717783968137303,0.010717783968137305,0.010717783968137305,0.010717783968137303,0.010717783968137301,0.010717783968137303,0.010717783968137305,0.0107177839681373,0.010717783968137305,0.010717783968137306,0.0107177839681373,0.010717783968137301,0.010717783968137301,0.0107177839681373,0.010717783968137301,0.010717783968137301,0.010717783968137301,0.0107177839681373,0.0107177839681373,0.010717783968137303,0.010717783968137298,0.010717783968137296,0.010717783968137298,0.010717783968137298,0.0107177839681373,0.010717783968137298,0.0107177839681373,0.0107177839681373,0.010717783968137296,0.010717783968137298,0.010717783968137296,0.010717783968137296,0.0107177839681373,0.010717783968137298,0.010717783968137298,0.010717783968137298,0.010717783968137292,0.010717783968137296,0.010717783968137298,0.010717783968137292,0.010717783968137296,0.010717783968137301,0.0107177839681373,0.010717783968137306,0.010717783968137301,0.010717783968137301,0.010717783968137301,0.010717783968137298,0.010717783968137296,0.010717783968137301,0.0107177839681373,0.0107177839681373,0.010717783968137301,0.010717783968137301,0.0107177839681373,0.010717783968137301,0.0107177839681373,0.010717783968137301,0.010717783968137301,0.010717783968137305,0.010717783968137298,0.010717783968137296,0.010717783968137296,0.010717783968137298,0.010717783968137298,0.010717783968137298,0.010717783968137296,0.010717783968137296,0.010717783968137298,0.010717783968137298,0.010717783968137298,0.010717783968137298,0.010717783968137298,0.010717783968137301,0.010717783968137296,0.010717783968137296,0.010717783968137298,0.010717783968137298,0.010717783968137294,0.010717783968137296,0.0107177839681373,0.010717783968137303,0.010717783968137305,0.010717783968137305,0.010717783968137303,0.010717783968137306,0.010717783968137305,0.010717783968137308,0.010717783968137306,0.010717783968137306,0.010717783968137306,0.010717783968137303,0.010717783968137303,0.010717783968137305,0.010717783968137306,0.010717783968137305,0.01071778396813731,0.010717783968137306,0.010717783968137301,0.010717783968137305,0.010717783968137305,0.010717783968137301,0.0107177839681373,0.010717783968137303,0.010717783968137301,0.010717783968137301,0.0107177839681373,0.010717783968137301,0.010717783968137301,0.010717783968137301,0.010717783968137301,0.010717783968137303,0.0107177839681373,0.010717783968137305,0.010717783968137305,0.010717783968137305,0.010717783968137303,0.010717783968137305,0.01071778396813731,0.010717783968137308,0.010717783968137308,0.010717783968137308,0.010717783968137308,0.010717783968137308,0.010717783968137313,0.010717783968137306,0.010717783968137311,0.010717783968137306,0.010717783968137315,0.010717783968137313,0.010717783968137322,0.010717783968137318,0.010717783968137322,0.01071778396813732,0.010717783968137324,0.01071778396813732,0.010717783968137318,0.010717783968137318,0.01071778396813732,0.01071778396813732,0.010717783968137318,0.010717783968137317,0.010717783968137317,0.010717783968137318,0.01071778396813732,0.010717783968137317,0.010717783968137313,0.010717783968137317,0.010717783968137317,0.010717783968137315,0.010717783968137317,0.010717783968137318,0.010717783968137317,0.010717783968137318,0.010717783968137317,0.010717783968137315,0.010717783968137311,0.01071778396813732,0.01071778396813732,0.010717783968137315,0.010717783968137317,0.01071778396813732,0.010717783968137318,0.010717783968137318,0.010717783968137318,0.010717783968137324,0.01071778396813732,0.010717783968137322,0.01071778396813732,0.010717783968137318,0.01071778396813732,0.010717783968137318,0.010717783968137317,0.010717783968137318,0.010717783968137318,0.010717783968137317,0.010717783968137318,0.010717783968137318,0.010717783968137318,0.010717783968137318,0.010717783968137318,0.010717783968137318,0.01071778396813732,0.010717783968137315,0.010717783968137315,0.01071778396813732,0.010717783968137315,0.010717783968137315,0.010717783968137317,0.010717783968137313,0.010717783968137318,0.01071778396813732,0.01071778396813732,0.010717783968137317,0.01071778396813732,0.01071778396813732,0.01071778396813732,0.010717783968137322,0.010717783968137324,0.010717783968137325,0.010717783968137324,0.010717783968137318,0.010717783968137325,0.010717783968137324,0.010717783968137318,0.010717783968137324,0.010717783968137325,0.010717783968137318,0.010717783968137325,0.01071778396813732,0.01071778396813732,0.010717783968137324,0.010717783968137318,0.010717783968137318,0.010717783968137318,0.010717783968137318,0.010717783968137318,0.010717783968137317,0.010717783968137318,0.01071778396813732,0.010717783968137324,0.01071778396813732,0.010717783968137318,0.010717783968137318,0.010717783968137318,0.010717783968137317,0.01071778396813732,0.010717783968137318,0.010717783968137317,0.010717783968137317,0.010717783968137322,0.010717783968137322,0.01071778396813732,0.01071778396813732,0.01071778396813732,0.01071778396813732,0.01071778396813732,0.01071778396813732,0.01071778396813732,0.01071778396813732,0.010717783968137324,0.010717783968137318,0.010717783968137318,0.010717783968137318,0.010717783968137318,0.010717783968137318,0.010717783968137318,0.010717783968137318,0.010717783968137317,0.010717783968137318,0.01071778396813732,0.010717783968137317,0.010717783968137317,0.010717783968137318,0.010717783968137315,0.010717783968137313,0.01071778396813732,0.010717783968137318,0.010717783968137318,0.010717783968137324,0.010717783968137317,0.010717783968137318,0.01071778396813732,0.010717783968137315,0.01071778396813732,0.01071778396813732,0.010717783968137322,0.010717783968137318,0.010717783968137324,0.010717783968137322,0.01071778396813732,0.010717783968137313,0.010717783968137318,0.010717783968137315,0.010717783968137317,0.010717783968137317,0.010717783968137318,0.010717783968137317,0.010717783968137318,0.01071778396813732,0.010717783968137315,0.010717783968137315,0.010717783968137308,0.010717783968137311,0.010717783968137311,0.010717783968137311,0.010717783968137313,0.01071778396813731,0.010717783968137308,0.010717783968137311,0.010717783968137311,0.010717783968137308,0.010717783968137311,0.010717783968137313,0.01071778396813731,0.010717783968137313,0.010717783968137311,0.01071778396813731,0.010717783968137308,0.01071778396813731,0.010717783968137308,0.010717783968137311,0.010717783968137306,0.010717783968137306,0.010717783968137305,0.01071778396813731,0.010717783968137306,0.010717783968137303,0.010717783968137303,0.010717783968137301,0.010717783968137292,0.010717783968137294,0.010717783968137292,0.010717783968137298,0.010717783968137296,0.010717783968137298,0.010717783968137298,0.010717783968137298,0.010717783968137296,0.010717783968137296,0.010717783968137298,0.010717783968137294,0.0107177839681373,0.010717783968137298,0.010717783968137298,0.010717783968137296,0.010717783968137294,0.010717783968137296,0.010717783968137298,0.010717783968137292,0.010717783968137294,0.010717783968137298,0.010717783968137294,0.0107177839681373,0.010717783968137298,0.010717783968137294,0.010717783968137292,0.010717783968137289,0.010717783968137289,0.01071778396813729,0.01071778396813729,0.010717783968137289,0.010717783968137289,0.010717783968137294,0.010717783968137289,0.010717783968137294,0.010717783968137292,0.010717783968137287,0.010717783968137292,0.010717783968137292,0.010717783968137289,0.010717783968137289,0.010717783968137292,0.010717783968137292,0.010717783968137294,0.010717783968137296,0.010717783968137296,0.010717783968137298,0.010717783968137298,0.010717783968137298,0.010717783968137298,0.010717783968137296,0.010717783968137301,0.0107177839681373,0.010717783968137296,0.0107177839681373,0.010717783968137301,0.0107177839681373,0.0107177839681373,0.010717783968137301,0.010717783968137301,0.010717783968137303,0.010717783968137303,0.010717783968137306,0.010717783968137306,0.010717783968137306,0.010717783968137306,0.01071778396813731,0.010717783968137305,0.010717783968137308,0.01071778396813731,0.010717783968137306,0.010717783968137306,0.010717783968137305,0.010717783968137306,0.010717783968137305,0.010717783968137308,0.01071778396813731,0.010717783968137308,0.010717783968137308,0.010717783968137308,0.010717783968137306,0.010717783968137305,0.010717783968137308,0.010717783968137303,0.010717783968137301,0.010717783968137298,0.010717783968137298,0.010717783968137296,0.010717783968137298,0.010717783968137298,0.010717783968137298,0.010717783968137296,0.010717783968137298,0.010717783968137296,0.010717783968137296,0.010717783968137292,0.010717783968137298,0.0107177839681373,0.010717783968137296,0.010717783968137298,0.010717783968137298,0.010717783968137298,0.010717783968137298,0.010717783968137296,0.010717783968137298,0.010717783968137296,0.010717783968137298,0.010717783968137296,0.010717783968137296,0.010717783968137296,0.010717783968137298,0.010717783968137292,0.010717783968137298,0.010717783968137294,0.010717783968137294,0.010717783968137294,0.010717783968137294,0.01071778396813729,0.010717783968137296,0.010717783968137292,0.010717783968137296,0.010717783968137292,0.01071778396813729,0.010717783968137289,0.01071778396813729,0.010717783968137292,0.010717783968137292,0.010717783968137292,0.010717783968137294,0.010717783968137292,0.010717783968137294,0.01071778396813729,0.010717783968137292,0.010717783968137292,0.010717783968137292,0.010717783968137292,0.010717783968137292,0.010717783968137296,0.010717783968137298,0.010717783968137296,0.010717783968137298,0.010717783968137296,0.01071778396813729,0.010717783968137296,0.010717783968137296,0.010717783968137292,0.010717783968137298,0.010717783968137294,0.010717783968137298,0.010717783968137296,0.010717783968137296,0.010717783968137298,0.010717783968137296,0.010717783968137292,0.010717783968137298,0.010717783968137298,0.010717783968137292,0.010717783968137294,0.010717783968137296,0.010717783968137292,0.010717783968137292,0.010717783968137292,0.010717783968137301,0.010717783968137303,0.010717783968137298,0.010717783968137294,0.010717783968137294,0.010717783968137292,0.010717783968137294,0.010717783968137296,0.010717783968137296,0.010717783968137292,0.010717783968137296,0.010717783968137296,0.010717783968137296,0.010717783968137296,0.010717783968137298,0.010717783968137294,0.010717783968137292,0.010717783968137296,0.010717783968137301,0.010717783968137301,0.010717783968137317,0.010717783968137308,0.01071778396813731,0.010717783968137313,0.010717783968137306,0.010717783968137308,0.01071778396813731,0.01071778396813731,0.010717783968137313,0.01071778396813731,0.01071778396813731,0.010717783968137308,0.010717783968137305,0.0107177839681373,0.010717783968137303,0.010717783968137306,0.010717783968137308,0.010717783968137305,0.010717783968137305,0.010717783968137305,0.010717783968137306,0.010717783968137306,0.010717783968137306,0.010717783968137301,0.010717783968137301,0.010717783968137303,0.010717783968137298,0.010717783968137298,0.010717783968137296,0.010717783968137298,0.010717783968137298,0.010717783968137296,0.010717783968137294,0.01071778396813729,0.010717783968137294,0.010717783968137294,0.010717783968137294,0.010717783968137294,0.010717783968137292,0.010717783968137294,0.010717783968137294,0.010717783968137301,0.0107177839681373,0.0107177839681373,0.0107177839681373,0.010717783968137301,0.010717783968137303,0.010717783968137305,0.010717783968137305,0.010717783968137305,0.010717783968137306,0.010717783968137306,0.010717783968137305,0.010717783968137294,0.010717783968137289,0.010717783968137282,0.010717783968137287,0.010717783968137289,0.010717783968137289,0.010717783968137285,0.010717783968137287,0.010717783968137284,0.010717783968137285,0.010717783968137287,0.010717783968137287,0.010717783968137287,0.010717783968137284,0.010717783968137285,0.010717783968137289,0.010717783968137287,0.010717783968137287,0.010717783968137289,0.010717783968137287,0.010717783968137287,0.010717783968137285,0.010717783968137282,0.010717783968137289,0.010717783968137285,0.010717783968137287,0.010717783968137289,0.010717783968137289,0.010717783968137287,0.010717783968137287,0.010717783968137287,0.010717783968137284,0.010717783968137285,0.010717783968137285,0.010717783968137282,0.010717783968137287,0.010717783968137285,0.010717783968137289,0.010717783968137275,0.010717783968137277,0.010717783968137279,0.010717783968137282,0.010717783968137282,0.010717783968137285,0.010717783968137279,0.010717783968137284,0.010717783968137284,0.010717783968137284,0.010717783968137285,0.010717783968137279,0.010717783968137282,0.010717783968137284,0.010717783968137282,0.010717783968137273,0.010717783968137282,0.01071778396813728,0.010717783968137285,0.010717783968137284,0.010717783968137282,0.010717783968137285,0.010717783968137284,0.010717783968137285,0.010717783968137282,0.010717783968137282,0.010717783968137287,0.010717783968137282,0.010717783968137282,0.010717783968137279,0.010717783968137279,0.01071778396813728,0.010717783968137279,0.010717783968137279,0.010717783968137279,0.010717783968137277,0.010717783968137282,0.010717783968137284,0.010717783968137284,0.010717783968137284,0.010717783968137284,0.010717783968137284,0.010717783968137284,0.010717783968137277,0.010717783968137282,0.010717783968137282,0.010717783968137282,0.010717783968137282,0.010717783968137282,0.010717783968137282,0.010717783968137282,0.010717783968137282,0.010717783968137282,0.01071778396813728,0.010717783968137282,0.010717783968137284,0.010717783968137284,0.010717783968137282,0.010717783968137282,0.010717783968137282,0.010717783968137282,0.01071778396813728,0.01071778396813728,0.010717783968137277,0.010717783968137279,0.01071778396813728,0.010717783968137277,0.010717783968137279,0.01071778396813728,0.010717783968137277,0.010717783968137277,0.010717783968137279,0.010717783968137275,0.010717783968137279,0.01071778396813728,0.010717783968137282,0.010717783968137282,0.010717783968137282,0.010717783968137284,0.010717783968137282,0.01071778396813728,0.010717783968137282,0.010717783968137285,0.010717783968137287,0.010717783968137284,0.010717783968137287,0.010717783968137289,0.010717783968137289,0.010717783968137287,0.010717783968137292,0.010717783968137289,0.010717783968137292,0.01071778396813729,0.01071778396813729,0.01071778396813729,0.010717783968137292,0.010717783968137287,0.010717783968137287,0.01071778396813729,0.01071778396813729,0.010717783968137294,0.010717783968137292,0.010717783968137296,0.010717783968137296,0.010717783968137296,0.010717783968137298,0.010717783968137296,0.010717783968137292,0.010717783968137296,0.010717783968137298,0.010717783968137298,0.0107177839681373,0.0107177839681373,0.010717783968137298,0.0107177839681373,0.010717783968137298,0.010717783968137298,0.010717783968137296,0.010717783968137296,0.010717783968137296,0.010717783968137298,0.010717783968137294,0.010717783968137298,0.010717783968137298,0.010717783968137298,0.010717783968137298,0.0107177839681373,0.0107177839681373,0.010717783968137298,0.010717783968137298,0.010717783968137296,0.010717783968137284,0.010717783968137287,0.010717783968137292,0.010717783968137287,0.010717783968137292,0.01071778396813729,0.010717783968137292,0.010717783968137292,0.01071778396813729,0.010717783968137289,0.010717783968137292,0.010717783968137298,0.010717783968137298,0.010717783968137298,0.010717783968137296,0.010717783968137298,0.010717783968137296,0.010717783968137292,0.010717783968137298,0.010717783968137296,0.010717783968137298,0.0107177839681373,0.010717783968137301,0.010717783968137301,0.010717783968137301,0.010717783968137296,0.010717783968137298,0.010717783968137298,0.010717783968137296,0.010717783968137292,0.010717783968137294,0.01071778396813729,0.010717783968137294,0.010717783968137294,0.010717783968137296,0.010717783968137292,0.010717783968137298,0.010717783968137292,0.010717783968137298,0.010717783968137298,0.010717783968137294,0.010717783968137298,0.010717783968137298,0.010717783968137298,0.010717783968137296,0.010717783968137294,0.0107177839681373,0.010717783968137296,0.010717783968137306,0.010717783968137301,0.010717783968137306,0.010717783968137306,0.010717783968137301,0.0107177839681373,0.010717783968137301,0.010717783968137301,0.010717783968137301,0.010717783968137301,0.010717783968137301,0.010717783968137301,0.0107177839681373,0.010717783968137301,0.0107177839681373,0.010717783968137303,0.010717783968137301,0.010717783968137301,0.0107177839681373,0.010717783968137301,0.010717783968137301,0.010717783968137298,0.010717783968137298,0.010717783968137292,0.010717783968137292,0.010717783968137294,0.01071778396813729,0.010717783968137294,0.01071778396813729,0.010717783968137294,0.010717783968137294,0.010717783968137294,0.010717783968137292,0.010717783968137292,0.010717783968137292,0.010717783968137292,0.010717783968137289,0.010717783968137292,0.010717783968137289,0.01071778396813729,0.01071778396813729,0.010717783968137292,0.010717783968137292,0.010717783968137289,0.01071778396813729,0.010717783968137289,0.010717783968137287,0.010717783968137289,0.010717783968137289,0.010717783968137289,0.010717783968137284,0.010717783968137287,0.010717783968137287,0.010717783968137284,0.010717783968137285,0.010717783968137289,0.010717783968137287,0.01071778396813729,0.010717783968137285,0.010717783968137285,0.010717783968137289,0.010717783968137289,0.010717783968137285,0.010717783968137289,0.010717783968137287,0.01071778396813729,0.010717783968137285,0.010717783968137287,0.010717783968137287,0.010717783968137289,0.010717783968137294,0.0107177839681373,0.010717783968137301,0.010717783968137301,0.0107177839681373,0.0107177839681373,0.010717783968137301,0.0107177839681373,0.0107177839681373,0.010717783968137303,0.010717783968137303,0.0107177839681373,0.0107177839681373,0.010717783968137301,0.010717783968137306,0.010717783968137296,0.010717783968137301,0.010717783968137306,0.010717783968137301,0.0107177839681373,0.010717783968137305,0.0107177839681373,0.010717783968137301,0.0107177839681373,0.010717783968137303,0.010717783968137301,0.010717783968137303,0.010717783968137303,0.010717783968137303,0.010717783968137303,0.010717783968137305,0.010717783968137303,0.010717783968137306,0.01071778396813731,0.010717783968137301,0.010717783968137306,0.010717783968137301,0.010717783968137306,0.010717783968137301,0.010717783968137305,0.010717783968137298,0.010717783968137296,0.010717783968137296,0.010717783968137296,0.010717783968137296,0.010717783968137296,0.010717783968137296,0.010717783968137298,0.010717783968137296,0.010717783968137298,0.010717783968137296,0.010717783968137301,0.010717783968137301,0.010717783968137305,0.010717783968137303,0.010717783968137305,0.010717783968137301,0.010717783968137301,0.0107177839681373,0.010717783968137301,0.010717783968137301,0.010717783968137303,0.010717783968137301,0.010717783968137305,0.010717783968137305,0.0107177839681373,0.010717783968137301,0.0107177839681373,0.010717783968137306,0.010717783968137301,0.010717783968137301,0.0107177839681373,0.010717783968137303,0.010717783968137305,0.010717783968137305,0.010717783968137301,0.010717783968137305,0.010717783968137303,0.010717783968137305,0.010717783968137301,0.010717783968137305,0.010717783968137305,0.010717783968137305,0.01071778396813731,0.010717783968137306,0.010717783968137306,0.010717783968137305,0.010717783968137313,0.01071778396813731,0.010717783968137303,0.01071778396813731,0.010717783968137306,0.010717783968137306,0.010717783968137306,0.010717783968137305,0.010717783968137305,0.01071778396813731,0.010717783968137305,0.01071778396813731,0.010717783968137303,0.010717783968137311,0.010717783968137308,0.010717783968137305,0.010717783968137303,0.010717783968137305,0.010717783968137306,0.010717783968137303,0.010717783968137305,0.01071778396813731,0.01071778396813731,0.01071778396813731,0.01071778396813731,0.010717783968137308,0.010717783968137315,0.010717783968137313,0.010717783968137311,0.010717783968137313,0.010717783968137311,0.010717783968137311,0.010717783968137311,0.010717783968137308,0.01071778396813731,0.010717783968137305,0.01071778396813731,0.010717783968137313,0.010717783968137311,0.010717783968137315,0.010717783968137311,0.010717783968137317,0.010717783968137315,0.010717783968137315,0.010717783968137315,0.010717783968137317,0.010717783968137317,0.010717783968137313,0.010717783968137313,0.010717783968137313,0.010717783968137315,0.010717783968137317,0.01071778396813732,0.01071778396813732,0.010717783968137318,0.01071778396813732,0.01071778396813732,0.01071778396813732,0.01071778396813732,0.010717783968137318,0.01071778396813732,0.01071778396813732,0.01071778396813732,0.01071778396813732,0.01071778396813732,0.01071778396813732,0.010717783968137324,0.01071778396813732,0.010717783968137317,0.010717783968137318,0.010717783968137317,0.010717783968137315,0.010717783968137311,0.01071778396813732,0.010717783968137317,0.010717783968137317,0.010717783968137315,0.010717783968137315,0.010717783968137315,0.010717783968137318,0.010717783968137311,0.010717783968137311,0.010717783968137311,0.010717783968137308,0.010717783968137311,0.010717783968137313,0.010717783968137315,0.010717783968137315,0.010717783968137311,0.010717783968137313,0.010717783968137308,0.01071778396813731,0.01071778396813731,0.010717783968137311,0.010717783968137315,0.010717783968137311,0.01071778396813731,0.01071778396813731,0.010717783968137311,0.010717783968137315,0.010717783968137315,0.010717783968137313,0.010717783968137311,0.010717783968137315,0.010717783968137311,0.010717783968137315,0.01071778396813731,0.010717783968137313,0.010717783968137324,0.010717783968137318,0.010717783968137322,0.01071778396813732,0.010717783968137324,0.01071778396813732,0.01071778396813732,0.010717783968137317,0.010717783968137318,0.010717783968137317,0.010717783968137315,0.010717783968137318,0.010717783968137318,0.010717783968137317,0.01071778396813732,0.010717783968137313,0.010717783968137317,0.010717783968137315,0.010717783968137315,0.010717783968137317,0.010717783968137317,0.010717783968137317,0.010717783968137317,0.010717783968137318,0.010717783968137322,0.01071778396813732,0.010717783968137317,0.01071778396813732,0.01071778396813732,0.010717783968137318,0.010717783968137317,0.010717783968137318,0.010717783968137318,0.01071778396813732,0.01071778396813732,0.010717783968137324,0.010717783968137325,0.010717783968137325,0.010717783968137324,0.010717783968137324,0.010717783968137324,0.010717783968137322,0.010717783968137322,0.010717783968137325,0.010717783968137329,0.010717783968137327,0.010717783968137327,0.010717783968137327,0.010717783968137322,0.010717783968137324,0.01071778396813732,0.010717783968137324,0.010717783968137325,0.010717783968137324,0.010717783968137329,0.010717783968137324,0.010717783968137329,0.010717783968137327,0.010717783968137329,0.010717783968137324,0.010717783968137329,0.010717783968137327,0.010717783968137327,0.010717783968137324,0.010717783968137324,0.010717783968137318,0.010717783968137324,0.010717783968137318,0.010717783968137317,0.01071778396813732,0.010717783968137317,0.01071778396813732,0.01071778396813732,0.010717783968137315,0.010717783968137315,0.010717783968137318,0.010717783968137317,0.010717783968137317,0.01071778396813732,0.01071778396813732,0.01071778396813732,0.010717783968137313,0.010717783968137315,0.010717783968137315,0.010717783968137317,0.010717783968137311,0.010717783968137318,0.010717783968137317,0.010717783968137318,0.010717783968137317,0.010717783968137318,0.01071778396813732,0.010717783968137318,0.01071778396813732,0.010717783968137318,0.010717783968137318,0.010717783968137318,0.010717783968137318,0.010717783968137317,0.010717783968137315,0.010717783968137317,0.01071778396813732,0.01071778396813732,0.01071778396813732,0.010717783968137322,0.010717783968137322,0.010717783968137322,0.010717783968137318,0.010717783968137324,0.010717783968137324,0.010717783968137317,0.01071778396813732,0.010717783968137318,0.010717783968137318,0.010717783968137317,0.010717783968137315,0.010717783968137315,0.010717783968137318,0.01071778396813732,0.010717783968137318,0.01071778396813732,0.01071778396813732,0.01071778396813732,0.010717783968137318,0.010717783968137318,0.010717783968137317,0.01071778396813732,0.010717783968137317,0.010717783968137313,0.010717783968137317,0.010717783968137311,0.01071778396813731,0.01071778396813731,0.010717783968137313,0.01071778396813731,0.010717783968137311,0.010717783968137311,0.010717783968137311,0.010717783968137311,0.010717783968137311,0.010717783968137311,0.01071778396813731,0.010717783968137311,0.010717783968137311,0.010717783968137311,0.010717783968137311,0.010717783968137308,0.010717783968137308,0.010717783968137308,0.01071778396813731,0.01071778396813731,0.010717783968137308,0.010717783968137308,0.010717783968137311,0.010717783968137308,0.01071778396813731,0.01071778396813731,0.01071778396813731,0.010717783968137308,0.010717783968137308,0.01071778396813731,0.010717783968137305,0.010717783968137311,0.010717783968137305,0.01071778396813731,0.01071778396813731,0.010717783968137313,0.010717783968137311,0.01071778396813731,0.010717783968137308,0.010717783968137308,0.010717783968137306,0.010717783968137306,0.010717783968137306,0.010717783968137305,0.010717783968137305,0.010717783968137305,0.01071778396813731,0.010717783968137306,0.010717783968137305,0.010717783968137301,0.010717783968137301,0.010717783968137305,0.010717783968137305,0.010717783968137303,0.010717783968137305,0.010717783968137303,0.0107177839681373,0.010717783968137301,0.010717783968137303,0.010717783968137303,0.010717783968137305,0.010717783968137305,0.010717783968137301,0.010717783968137305,0.010717783968137305,0.010717783968137305,0.010717783968137303,0.010717783968137292,0.010717783968137289,0.010717783968137289,0.01071778396813729,0.010717783968137289,0.010717783968137287,0.010717783968137285,0.010717783968137289,0.010717783968137289,0.010717783968137287,0.010717783968137287,0.010717783968137289,0.010717783968137287,0.010717783968137284,0.01071778396813729,0.010717783968137287,0.010717783968137292,0.010717783968137289,0.010717783968137292,0.010717783968137285,0.010717783968137284,0.010717783968137282,0.010717783968137285,0.01071778396813728,0.010717783968137282,0.010717783968137282,0.010717783968137282,0.010717783968137284,0.010717783968137275,0.010717783968137282,0.01071778396813728,0.010717783968137284,0.010717783968137284,0.010717783968137285,0.010717783968137285,0.010717783968137284,0.010717783968137277,0.010717783968137282,0.010717783968137282,0.010717783968137275,0.010717783968137279,0.010717783968137273,0.010717783968137275,0.010717783968137272,0.010717783968137279,0.010717783968137277,0.010717783968137275,0.010717783968137277,0.010717783968137275,0.010717783968137273,0.010717783968137273,0.010717783968137279,0.01071778396813728,0.010717783968137282,0.010717783968137285,0.010717783968137279,0.010717783968137279,0.010717783968137284,0.010717783968137273,0.01071778396813727,0.010717783968137275,0.010717783968137275,0.010717783968137273,0.010717783968137273,0.010717783968137272,0.01071778396813727,0.010717783968137275,0.010717783968137273,0.010717783968137275,0.010717783968137273,0.010717783968137275,0.010717783968137275,0.010717783968137273,0.010717783968137273,0.010717783968137273,0.010717783968137275,0.010717783968137273,0.010717783968137275,0.010717783968137275,0.010717783968137275,0.010717783968137275,0.010717783968137277,0.010717783968137273,0.010717783968137275,0.010717783968137273,0.010717783968137275,0.010717783968137275,0.010717783968137279,0.010717783968137275,0.010717783968137275,0.010717783968137273,0.010717783968137277,0.010717783968137277,0.010717783968137277,0.010717783968137275,0.010717783968137282,0.010717783968137277,0.0107177839681373,0.010717783968137301,0.0107177839681373,0.0107177839681373,0.010717783968137301,0.010717783968137301,0.010717783968137301,0.010717783968137296,0.010717783968137298,0.010717783968137298,0.010717783968137305,0.010717783968137305,0.010717783968137306,0.010717783968137305,0.010717783968137303,0.010717783968137303,0.010717783968137303,0.010717783968137306,0.010717783968137305,0.010717783968137306,0.010717783968137306,0.010717783968137305,0.010717783968137303,0.010717783968137305,0.010717783968137305,0.010717783968137301,0.010717783968137301,0.010717783968137305,0.010717783968137306,0.010717783968137301,0.010717783968137305,0.010717783968137305,0.010717783968137306,0.010717783968137308,0.010717783968137313,0.010717783968137311,0.01071778396813731,0.010717783968137308,0.010717783968137311,0.010717783968137308,0.01071778396813731,0.010717783968137311,0.010717783968137305,0.01071778396813731,0.010717783968137308,0.010717783968137306,0.010717783968137305,0.01071778396813731,0.0107177839681373,0.010717783968137298,0.010717783968137296,0.010717783968137301,0.010717783968137305,0.010717783968137305,0.010717783968137301,0.010717783968137305,0.010717783968137305,0.010717783968137308,0.010717783968137308,0.010717783968137306,0.010717783968137306,0.010717783968137305,0.01071778396813731,0.010717783968137305,0.010717783968137308,0.01071778396813731,0.01071778396813731,0.010717783968137308,0.010717783968137308,0.010717783968137306,0.010717783968137311,0.010717783968137306,0.010717783968137313,0.01071778396813731,0.010717783968137308,0.01071778396813731,0.01071778396813731,0.01071778396813731,0.01071778396813731,0.01071778396813731,0.01071778396813731,0.010717783968137308,0.01071778396813731,0.01071778396813731,0.010717783968137308,0.010717783968137308,0.010717783968137313,0.010717783968137311,0.01071778396813731,0.010717783968137306,0.010717783968137308,0.010717783968137308,0.010717783968137303,0.010717783968137315,0.010717783968137311,0.010717783968137308,0.01071778396813731,0.01071778396813731,0.010717783968137311,0.010717783968137313,0.01071778396813731,0.010717783968137313,0.01071778396813731,0.01071778396813731,0.010717783968137313,0.010717783968137311,0.01071778396813731,0.010717783968137311,0.01071778396813731,0.01071778396813731,0.01071778396813731,0.010717783968137311,0.01071778396813731,0.010717783968137311,0.01071778396813731,0.010717783968137306,0.01071778396813731,0.010717783968137311,0.01071778396813731,0.010717783968137306,0.010717783968137311,0.01071778396813731,0.01071778396813731,0.01071778396813731,0.01071778396813731,0.01071778396813731,0.010717783968137315,0.010717783968137315,0.01071778396813731,0.010717783968137311,0.010717783968137311,0.010717783968137315,0.010717783968137313,0.010717783968137311,0.01071778396813731,0.010717783968137315,0.010717783968137317,0.010717783968137317,0.010717783968137315,0.010717783968137313,0.010717783968137317,0.010717783968137313,0.010717783968137313,0.010717783968137315,0.010717783968137315,0.010717783968137311,0.010717783968137317,0.010717783968137317,0.010717783968137315,0.010717783968137315,0.010717783968137317,0.010717783968137315,0.010717783968137315,0.010717783968137315,0.010717783968137317,0.010717783968137315,0.010717783968137324,0.010717783968137315,0.010717783968137318,0.010717783968137324,0.010717783968137324,0.010717783968137324,0.010717783968137318,0.010717783968137322,0.01071778396813731,0.010717783968137311,0.01071778396813731,0.010717783968137311,0.01071778396813731,0.01071778396813731,0.01071778396813731,0.010717783968137311,0.010717783968137311,0.010717783968137311,0.010717783968137305,0.010717783968137306,0.010717783968137305,0.01071778396813731,0.010717783968137296,0.010717783968137296,0.010717783968137296,0.010717783968137298,0.010717783968137296,0.010717783968137294,0.010717783968137296,0.010717783968137296,0.010717783968137296,0.0107177839681373,0.010717783968137301,0.0107177839681373,0.0107177839681373,0.0107177839681373,0.010717783968137301,0.0107177839681373,0.010717783968137298,0.010717783968137296,0.010717783968137298,0.010717783968137294,0.0107177839681373,0.0107177839681373,0.010717783968137301,0.010717783968137301,0.010717783968137303,0.010717783968137303,0.010717783968137296,0.010717783968137298,0.010717783968137294,0.010717783968137294,0.010717783968137298,0.010717783968137298,0.010717783968137298,0.010717783968137296,0.010717783968137294,0.01071778396813729,0.010717783968137292,0.010717783968137292,0.010717783968137294,0.010717783968137296,0.010717783968137298,0.010717783968137294,0.010717783968137298,0.010717783968137296,0.010717783968137298,0.010717783968137298,0.010717783968137298,0.010717783968137296,0.010717783968137296,0.010717783968137298,0.0107177839681373,0.010717783968137298,0.010717783968137296,0.010717783968137294,0.010717783968137296,0.010717783968137292,0.010717783968137294,0.010717783968137296,0.010717783968137298,0.010717783968137296,0.010717783968137296,0.010717783968137298,0.010717783968137296,0.010717783968137294,0.010717783968137301,0.010717783968137301,0.010717783968137301,0.010717783968137301,0.010717783968137301,0.010717783968137305,0.010717783968137306,0.010717783968137305,0.010717783968137305,0.010717783968137306,0.010717783968137305,0.010717783968137308,0.010717783968137306,0.010717783968137306,0.010717783968137303,0.010717783968137305,0.010717783968137305,0.010717783968137305,0.0107177839681373,0.010717783968137305,0.010717783968137306,0.010717783968137303,0.010717783968137305,0.01071778396813731,0.010717783968137301,0.010717783968137303,0.010717783968137306,0.010717783968137308,0.01071778396813731,0.01071778396813731,0.010717783968137308,0.01071778396813731,0.010717783968137305,0.01071778396813731,0.010717783968137311,0.01071778396813731,0.010717783968137315,0.010717783968137311,0.010717783968137311,0.010717783968137311,0.010717783968137308,0.010717783968137311,0.010717783968137311,0.01071778396813731,0.010717783968137308,0.010717783968137311,0.010717783968137308,0.01071778396813731,0.010717783968137311,0.010717783968137311,0.010717783968137311,0.010717783968137317,0.010717783968137317,0.010717783968137315,0.010717783968137313,0.010717783968137315,0.01071778396813732,0.010717783968137315,0.010717783968137313,0.010717783968137315,0.010717783968137313,0.01071778396813732,0.010717783968137318,0.010717783968137317,0.010717783968137318,0.010717783968137318,0.010717783968137317,0.010717783968137315,0.010717783968137318,0.010717783968137315,0.010717783968137315,0.010717783968137318,0.01071778396813732,0.010717783968137315,0.010717783968137318,0.010717783968137318,0.010717783968137318,0.010717783968137317,0.01071778396813732,0.01071778396813732,0.010717783968137324,0.010717783968137324,0.010717783968137324,0.010717783968137325,0.010717783968137329,0.010717783968137327,0.010717783968137329,0.01071778396813733,0.01071778396813733,0.010717783968137332,0.010717783968137336,0.010717783968137337,0.01071778396813734,0.01071778396813734,0.010717783968137341,0.010717783968137341,0.010717783968137334,0.010717783968137336,0.010717783968137337,0.010717783968137332,0.010717783968137334,0.010717783968137327,0.010717783968137325,0.010717783968137322,0.010717783968137318,0.010717783968137318,0.010717783968137318,0.010717783968137318,0.010717783968137318,0.010717783968137315,0.010717783968137318,0.01071778396813732,0.01071778396813732,0.01071778396813732,0.01071778396813732,0.01071778396813732,0.01071778396813732,0.01071778396813732,0.010717783968137322,0.010717783968137324,0.010717783968137325,0.010717783968137324,0.01071778396813732,0.010717783968137325,0.010717783968137318,0.01071778396813732,0.010717783968137318,0.010717783968137324,0.010717783968137325,0.010717783968137324,0.010717783968137324,0.01071778396813732,0.01071778396813732,0.01071778396813732,0.01071778396813732,0.01071778396813732,0.010717783968137322,0.01071778396813732,0.010717783968137322,0.01071778396813732,0.010717783968137324,0.010717783968137318,0.010717783968137324,0.010717783968137317,0.010717783968137313,0.01071778396813732,0.01071778396813732,0.01071778396813732,0.01071778396813732,0.01071778396813732,0.010717783968137322,0.010717783968137324,0.01071778396813732,0.010717783968137318,0.010717783968137318,0.010717783968137318,0.010717783968137318,0.01071778396813732,0.010717783968137317,0.010717783968137318,0.010717783968137315,0.010717783968137317,0.010717783968137318,0.01071778396813732,0.010717783968137318,0.01071778396813732,0.010717783968137318,0.01071778396813732,0.010717783968137318,0.010717783968137318,0.010717783968137318,0.01071778396813732,0.010717783968137318,0.010717783968137315,0.01071778396813732,0.010717783968137324,0.010717783968137318,0.01071778396813732,0.010717783968137318,0.010717783968137318,0.010717783968137317,0.010717783968137315,0.01071778396813732,0.010717783968137313,0.010717783968137315,0.010717783968137318,0.01071778396813732,0.01071778396813732,0.01071778396813732,0.01071778396813732,0.010717783968137318,0.01071778396813732,0.01071778396813732,0.010717783968137324,0.01071778396813732,0.010717783968137318,0.010717783968137317,0.010717783968137318,0.010717783968137318,0.010717783968137318,0.010717783968137322,0.010717783968137318,0.010717783968137318,0.010717783968137318,0.01071778396813732,0.010717783968137318,0.01071778396813732,0.010717783968137318,0.010717783968137315,0.010717783968137317,0.010717783968137317,0.010717783968137322,0.01071778396813732,0.010717783968137318,0.01071778396813732,0.01071778396813732,0.01071778396813732,0.01071778396813732,0.01071778396813732,0.01071778396813732,0.010717783968137324,0.010717783968137324,0.010717783968137322,0.01071778396813732,0.01071778396813732,0.010717783968137324,0.010717783968137318,0.010717783968137324,0.010717783968137317,0.01071778396813732,0.010717783968137318,0.010717783968137315,0.010717783968137317,0.01071778396813732,0.010717783968137322,0.01071778396813732,0.010717783968137318,0.010717783968137318,0.010717783968137318,0.010717783968137318,0.010717783968137318,0.010717783968137322,0.010717783968137318,0.010717783968137318,0.01071778396813732,0.01071778396813732,0.010717783968137322,0.01071778396813732,0.01071778396813732,0.01071778396813732,0.010717783968137322,0.01071778396813732,0.010717783968137318,0.010717783968137318,0.01071778396813732,0.01071778396813732,0.010717783968137324,0.010717783968137318,0.010717783968137318,0.010717783968137318,0.010717783968137318,0.010717783968137318,0.010717783968137318,0.010717783968137315,0.010717783968137315,0.010717783968137315,0.010717783968137317,0.010717783968137315,0.010717783968137315,0.010717783968137315,0.010717783968137313,0.01071778396813732,0.010717783968137318,0.010717783968137317,0.010717783968137315,0.010717783968137318,0.010717783968137318,0.01071778396813732,0.010717783968137318,0.010717783968137318,0.01071778396813732,0.010717783968137318,0.010717783968137318,0.010717783968137318,0.010717783968137317,0.010717783968137317,0.010717783968137315,0.01071778396813732,0.010717783968137322,0.010717783968137318,0.010717783968137322,0.010717783968137318,0.010717783968137322,0.01071778396813732,0.01071778396813732,0.01071778396813732,0.010717783968137324,0.01071778396813732,0.010717783968137318,0.01071778396813732,0.01071778396813732,0.01071778396813732,0.01071778396813732,0.01071778396813732,0.010717783968137324,0.010717783968137318,0.010717783968137324,0.010717783968137322,0.01071778396813732,0.01071778396813732,0.010717783968137318,0.010717783968137318,0.01071778396813732,0.010717783968137317,0.010717783968137318,0.010717783968137318,0.010717783968137318,0.010717783968137318,0.010717783968137318,0.01071778396813732,0.010717783968137318,0.010717783968137318,0.010717783968137318,0.010717783968137318,0.010717783968137317,0.010717783968137315,0.010717783968137315,0.010717783968137318,0.010717783968137318,0.010717783968137315,0.010717783968137318,0.010717783968137318,0.010717783968137318,0.01071778396813732,0.010717783968137322,0.010717783968137315,0.010717783968137318,0.010717783968137318,0.01071778396813732,0.01071778396813732,0.010717783968137318,0.010717783968137318,0.010717783968137318,0.010717783968137318,0.010717783968137318,0.010717783968137318,0.010717783968137318,0.01071778396813732,0.01071778396813732,0.010717783968137315,0.010717783968137317,0.010717783968137313,0.01071778396813732,0.010717783968137318,0.010717783968137315,0.010717783968137315,0.010717783968137315,0.010717783968137325,0.010717783968137318,0.010717783968137324,0.010717783968137322,0.010717783968137318,0.01071778396813732,0.010717783968137318,0.010717783968137317,0.010717783968137318,0.010717783968137313,0.010717783968137318,0.010717783968137317,0.010717783968137315,0.010717783968137317,0.010717783968137315,0.010717783968137317,0.010717783968137313,0.010717783968137315,0.010717783968137322,0.010717783968137315,0.01071778396813732,0.01071778396813732,0.01071778396813732,0.01071778396813732,0.01071778396813732,0.01071778396813732,0.010717783968137322,0.010717783968137317,0.010717783968137318,0.010717783968137318,0.010717783968137317,0.010717783968137318,0.010717783968137318,0.01071778396813732,0.01071778396813732,0.01071778396813732,0.01071778396813732,0.01071778396813732,0.010717783968137324,0.010717783968137322,0.010717783968137318,0.010717783968137317,0.010717783968137318,0.010717783968137318,0.010717783968137317,0.010717783968137318,0.010717783968137315,0.010717783968137324,0.010717783968137317,0.010717783968137324,0.010717783968137318,0.010717783968137318,0.010717783968137317,0.01071778396813732,0.010717783968137318,0.010717783968137317,0.01071778396813732,0.01071778396813732,0.01071778396813732,0.01071778396813732,0.010717783968137318,0.010717783968137318,0.010717783968137324,0.010717783968137318,0.010717783968137322,0.010717783968137322,0.01071778396813732,0.010717783968137318,0.010717783968137317,0.010717783968137315,0.010717783968137324,0.010717783968137329,0.010717783968137325,0.010717783968137322,0.010717783968137324,0.010717783968137324,0.010717783968137322,0.010717783968137322,0.010717783968137324,0.010717783968137324,0.01071778396813732,0.010717783968137327,0.010717783968137324,0.010717783968137322,0.010717783968137322,0.01071778396813732,0.01071778396813732,0.010717783968137315,0.010717783968137311,0.010717783968137315,0.010717783968137315,0.010717783968137311,0.010717783968137311,0.010717783968137313,0.01071778396813731,0.01071778396813731,0.010717783968137311,0.010717783968137315,0.010717783968137311,0.01071778396813731,0.01071778396813731,0.010717783968137311,0.01071778396813731,0.01071778396813731,0.010717783968137306,0.010717783968137306,0.01071778396813731,0.01071778396813731,0.010717783968137311,0.010717783968137311,0.01071778396813731,0.01071778396813731,0.010717783968137315,0.010717783968137311,0.01071778396813731,0.010717783968137308,0.010717783968137311,0.01071778396813731,0.010717783968137313,0.01071778396813731,0.010717783968137311,0.010717783968137311,0.01071778396813731,0.010717783968137315,0.010717783968137313,0.010717783968137315,0.010717783968137315,0.010717783968137315,0.010717783968137315,0.010717783968137317,0.010717783968137308,0.010717783968137315,0.010717783968137313,0.010717783968137315,0.010717783968137313,0.010717783968137315,0.010717783968137317,0.010717783968137317,0.010717783968137313,0.010717783968137315,0.010717783968137318,0.01071778396813732,0.010717783968137322,0.01071778396813732,0.01071778396813732,0.010717783968137324,0.010717783968137324,0.010717783968137318,0.010717783968137325,0.010717783968137324,0.010717783968137322,0.010717783968137325,0.01071778396813732,0.010717783968137324,0.010717783968137322,0.01071778396813732,0.010717783968137318,0.010717783968137324,0.010717783968137318,0.010717783968137322,0.010717783968137324,0.010717783968137322,0.010717783968137318,0.010717783968137317,0.010717783968137322,0.010717783968137318,0.010717783968137315,0.01071778396813732,0.01071778396813732,0.01071778396813732,0.010717783968137322,0.010717783968137318,0.010717783968137318,0.010717783968137318,0.010717783968137318,0.010717783968137315,0.010717783968137313,0.010717783968137318,0.010717783968137322,0.01071778396813732,0.010717783968137327,0.010717783968137329,0.010717783968137327,0.010717783968137325,0.010717783968137324,0.010717783968137317,0.010717783968137324,0.010717783968137324,0.010717783968137324,0.010717783968137324,0.010717783968137322,0.010717783968137322,0.01071778396813732,0.010717783968137322,0.010717783968137322,0.010717783968137322,0.010717783968137322,0.010717783968137325,0.010717783968137322,0.010717783968137317,0.010717783968137313,0.010717783968137318,0.010717783968137311,0.010717783968137315,0.01071778396813731,0.010717783968137317,0.01071778396813731,0.01071778396813731,0.010717783968137308,0.010717783968137305,0.010717783968137311,0.010717783968137308,0.01071778396813731,0.010717783968137308,0.01071778396813731,0.01071778396813731,0.01071778396813731,0.010717783968137308,0.01071778396813731,0.01071778396813731,0.010717783968137306,0.010717783968137305,0.010717783968137308,0.010717783968137306,0.01071778396813731,0.010717783968137308,0.010717783968137308,0.010717783968137308,0.010717783968137308,0.010717783968137306,0.010717783968137306,0.010717783968137308,0.01071778396813731,0.010717783968137303,0.010717783968137311,0.010717783968137306,0.010717783968137306,0.010717783968137308,0.010717783968137305,0.01071778396813731,0.01071778396813731,0.01071778396813731,0.01071778396813731,0.010717783968137308,0.010717783968137305,0.010717783968137298,0.010717783968137296,0.010717783968137296,0.010717783968137294,0.010717783968137287,0.010717783968137292,0.010717783968137294,0.01071778396813729,0.010717783968137294,0.01071778396813729,0.010717783968137289,0.010717783968137294,0.01071778396813729,0.01071778396813729,0.010717783968137289,0.010717783968137294,0.01071778396813729,0.010717783968137292,0.010717783968137292,0.01071778396813729,0.01071778396813729,0.010717783968137289,0.01071778396813729,0.010717783968137287,0.010717783968137292,0.010717783968137289,0.010717783968137287,0.010717783968137287,0.01071778396813729,0.010717783968137292,0.010717783968137292,0.010717783968137287,0.010717783968137294,0.010717783968137294,0.010717783968137308,0.010717783968137317,0.01071778396813732,0.010717783968137318,0.010717783968137317,0.010717783968137315,0.01071778396813732,0.010717783968137322,0.010717783968137322,0.010717783968137317,0.010717783968137322,0.010717783968137315,0.010717783968137317,0.010717783968137315,0.01071778396813732,0.010717783968137315,0.01071778396813732,0.01071778396813732,0.01071778396813732,0.010717783968137318,0.01071778396813732,0.01071778396813732,0.010717783968137315,0.010717783968137315,0.010717783968137317,0.010717783968137315,0.010717783968137317,0.010717783968137315,0.010717783968137317,0.010717783968137313,0.01071778396813732,0.010717783968137318,0.010717783968137318,0.010717783968137318,0.010717783968137318,0.01071778396813732,0.010717783968137327,0.010717783968137327,0.010717783968137327,0.010717783968137327,0.010717783968137327,0.010717783968137332,0.010717783968137332,0.01071778396813733,0.01071778396813733,0.010717783968137327,0.010717783968137332,0.010717783968137337,0.01071778396813733,0.01071778396813733,0.010717783968137329,0.010717783968137327,0.01071778396813733,0.010717783968137334,0.010717783968137332,0.010717783968137332,0.01071778396813733,0.010717783968137332,0.01071778396813733,0.010717783968137332,0.010717783968137343,0.010717783968137332,0.010717783968137337,0.010717783968137334,0.010717783968137334,0.010717783968137336,0.010717783968137334,0.010717783968137334,0.01071778396813733,0.010717783968137332,0.010717783968137332,0.01071778396813733,0.010717783968137332,0.010717783968137332,0.01071778396813733,0.010717783968137332,0.010717783968137334,0.010717783968137334,0.010717783968137332,0.010717783968137324,0.010717783968137327,0.01071778396813733,0.010717783968137329,0.010717783968137332,0.010717783968137332,0.010717783968137329,0.010717783968137327,0.010717783968137329,0.010717783968137327,0.010717783968137332,0.010717783968137327,0.010717783968137329,0.010717783968137327,0.010717783968137325,0.010717783968137324,0.010717783968137322,0.010717783968137325,0.010717783968137324,0.010717783968137327,0.010717783968137324,0.010717783968137318,0.010717783968137322,0.010717783968137324,0.01071778396813732,0.010717783968137322,0.010717783968137325,0.01071778396813732,0.010717783968137322,0.010717783968137324,0.010717783968137318,0.010717783968137324,0.010717783968137324,0.01071778396813732,0.010717783968137324,0.010717783968137324,0.010717783968137324,0.01071778396813732,0.01071778396813732,0.01071778396813732,0.010717783968137318,0.010717783968137315,0.010717783968137322,0.010717783968137318,0.010717783968137322,0.01071778396813732,0.01071778396813732,0.01071778396813732,0.010717783968137322,0.01071778396813732,0.010717783968137318,0.01071778396813732,0.01071778396813732,0.010717783968137322,0.01071778396813732,0.01071778396813732,0.01071778396813732,0.01071778396813732,0.010717783968137324,0.01071778396813732,0.01071778396813732,0.010717783968137324,0.010717783968137325,0.010717783968137324,0.010717783968137318,0.010717783968137318,0.010717783968137318,0.010717783968137318,0.010717783968137318,0.010717783968137318,0.010717783968137318,0.010717783968137318,0.010717783968137318,0.01071778396813732,0.010717783968137317,0.010717783968137311,0.01071778396813731,0.010717783968137317,0.010717783968137317,0.01071778396813732,0.010717783968137322,0.010717783968137317,0.01071778396813731,0.01071778396813731,0.01071778396813731,0.010717783968137305,0.010717783968137306,0.010717783968137308,0.010717783968137306,0.010717783968137306,0.01071778396813731,0.010717783968137305,0.010717783968137308,0.010717783968137306,0.010717783968137306,0.010717783968137306,0.01071778396813731,0.010717783968137308,0.010717783968137315,0.010717783968137313,0.010717783968137315,0.010717783968137313,0.010717783968137311,0.010717783968137311,0.010717783968137313,0.01071778396813731,0.010717783968137313,0.010717783968137311,0.010717783968137311,0.010717783968137311,0.010717783968137313,0.010717783968137315,0.01071778396813732,0.010717783968137317,0.010717783968137322,0.010717783968137315,0.010717783968137311,0.01071778396813731,0.01071778396813731,0.010717783968137311,0.01071778396813732,0.010717783968137315,0.010717783968137313,0.01071778396813732,0.010717783968137315,0.010717783968137313,0.010717783968137315,0.01071778396813732,0.010717783968137322,0.010717783968137322,0.010717783968137324,0.010717783968137322,0.01071778396813732,0.010717783968137322,0.010717783968137327,0.010717783968137324,0.010717783968137324,0.010717783968137324,0.01071778396813732,0.010717783968137325,0.01071778396813732,0.01071778396813732,0.010717783968137324,0.010717783968137327,0.01071778396813732,0.010717783968137318,0.010717783968137318,0.010717783968137318,0.010717783968137324,0.010717783968137324,0.010717783968137324,0.010717783968137324,0.010717783968137324,0.010717783968137317,0.010717783968137315,0.01071778396813732,0.010717783968137318,0.010717783968137318,0.010717783968137317,0.01071778396813732,0.010717783968137318,0.01071778396813732,0.01071778396813732,0.010717783968137318,0.010717783968137324,0.010717783968137324,0.010717783968137322,0.010717783968137322,0.010717783968137324,0.010717783968137315,0.01071778396813732,0.010717783968137318,0.01071778396813732,0.01071778396813732,0.01071778396813732,0.01071778396813732,0.010717783968137322,0.010717783968137318,0.01071778396813732,0.010717783968137318,0.01071778396813732,0.010717783968137318,0.010717783968137317,0.010717783968137318,0.010717783968137318,0.01071778396813732,0.010717783968137317,0.010717783968137318,0.010717783968137318,0.010717783968137317,0.010717783968137322,0.010717783968137318,0.010717783968137322,0.01071778396813732,0.01071778396813732,0.01071778396813732,0.01071778396813732,0.010717783968137324,0.01071778396813733,0.010717783968137327,0.010717783968137332,0.010717783968137329,0.010717783968137332,0.01071778396813733,0.01071778396813733,0.010717783968137329,0.010717783968137329,0.010717783968137329,0.010717783968137327,0.010717783968137329,0.010717783968137332,0.010717783968137332,0.010717783968137334,0.010717783968137327,0.010717783968137329,0.01071778396813733,0.01071778396813733,0.01071778396813733,0.010717783968137329,0.010717783968137329,0.01071778396813733,0.010717783968137329,0.01071778396813733,0.010717783968137332,0.010717783968137327,0.010717783968137329,0.010717783968137329,0.010717783968137334,0.010717783968137334,0.01071778396813733,0.010717783968137336,0.010717783968137334,0.010717783968137332,0.010717783968137332,0.010717783968137332,0.010717783968137334,0.010717783968137332,0.010717783968137332,0.010717783968137332,0.010717783968137336,0.010717783968137334,0.010717783968137336,0.010717783968137334,0.010717783968137334,0.010717783968137334,0.010717783968137336,0.010717783968137337,0.010717783968137332,0.010717783968137337,0.010717783968137334,0.010717783968137337,0.01071778396813734,0.010717783968137336,0.010717783968137332,0.01071778396813733,0.010717783968137334,0.010717783968137336,0.010717783968137334,0.010717783968137337,0.010717783968137332,0.010717783968137334,0.010717783968137334,0.010717783968137332,0.010717783968137332,0.010717783968137334,0.010717783968137334,0.010717783968137334,0.010717783968137332,0.010717783968137336,0.010717783968137337,0.010717783968137334,0.01071778396813734,0.01071778396813734,0.010717783968137334,0.010717783968137353,0.010717783968137351,0.010717783968137351,0.010717783968137351,0.010717783968137351,0.010717783968137355,0.010717783968137346,0.010717783968137353,0.010717783968137351,0.01071778396813735,0.01071778396813735,0.010717783968137346,0.010717783968137346,0.010717783968137344,0.010717783968137344,0.010717783968137346,0.010717783968137341,0.010717783968137337,0.010717783968137337,0.010717783968137336,0.010717783968137336,0.010717783968137334,0.010717783968137334,0.01071778396813734,0.010717783968137337,0.010717783968137341,0.01071778396813734,0.010717783968137341,0.010717783968137337,0.010717783968137336,0.010717783968137343,0.010717783968137341,0.010717783968137337,0.010717783968137336,0.010717783968137337,0.010717783968137336,0.010717783968137336,0.010717783968137332,0.010717783968137334,0.010717783968137334,0.01071778396813733,0.010717783968137336,0.010717783968137337,0.010717783968137336,0.010717783968137336,0.010717783968137337,0.010717783968137337,0.010717783968137336,0.010717783968137341,0.01071778396813734,0.01071778396813734,0.01071778396813734,0.01071778396813734,0.010717783968137341,0.010717783968137337,0.010717783968137343,0.010717783968137341,0.010717783968137341,0.01071778396813734,0.01071778396813734,0.010717783968137337,0.010717783968137341,0.010717783968137337,0.010717783968137344,0.010717783968137337,0.010717783968137336,0.010717783968137337,0.010717783968137337,0.010717783968137336,0.010717783968137336,0.010717783968137336,0.010717783968137337,0.010717783968137332,0.010717783968137336,0.010717783968137337,0.010717783968137336,0.010717783968137337,0.010717783968137336,0.010717783968137337,0.010717783968137336,0.010717783968137336,0.010717783968137337,0.010717783968137336,0.010717783968137334,0.01071778396813734,0.010717783968137337,0.01071778396813734,0.01071778396813734,0.01071778396813734,0.01071778396813734,0.010717783968137341,0.010717783968137337,0.010717783968137341,0.010717783968137341,0.010717783968137343,0.010717783968137348,0.010717783968137341,0.010717783968137337,0.010717783968137343,0.010717783968137341,0.010717783968137341,0.010717783968137341,0.01071778396813734,0.010717783968137343,0.010717783968137337,0.010717783968137337,0.01071778396813734,0.01071778396813734,0.010717783968137341,0.010717783968137337,0.01071778396813734,0.010717783968137341,0.010717783968137336,0.01071778396813734,0.010717783968137334,0.010717783968137336,0.010717783968137334,0.010717783968137332,0.010717783968137332,0.010717783968137332,0.010717783968137332,0.010717783968137332,0.010717783968137334,0.010717783968137332,0.010717783968137334,0.010717783968137332,0.010717783968137332,0.010717783968137334,0.01071778396813733,0.01071778396813733,0.010717783968137329,0.010717783968137332,0.010717783968137327,0.010717783968137329,0.01071778396813733,0.010717783968137332,0.010717783968137329,0.010717783968137332,0.01071778396813733,0.010717783968137334,0.010717783968137336,0.010717783968137334,0.010717783968137334,0.010717783968137334,0.010717783968137332,0.010717783968137332,0.010717783968137336,0.010717783968137337,0.010717783968137336,0.010717783968137336,0.010717783968137334,0.010717783968137336,0.010717783968137336,0.010717783968137332,0.010717783968137334,0.010717783968137329,0.01071778396813733,0.010717783968137334,0.010717783968137336,0.010717783968137337,0.010717783968137337,0.01071778396813734,0.010717783968137337,0.010717783968137334,0.010717783968137334,0.010717783968137334,0.01071778396813734,0.010717783968137336,0.01071778396813734,0.01071778396813734,0.010717783968137341,0.010717783968137337,0.01071778396813734,0.010717783968137346,0.010717783968137344,0.010717783968137348,0.010717783968137343,0.010717783968137343,0.010717783968137341,0.010717783968137343,0.010717783968137343,0.010717783968137343,0.010717783968137341,0.010717783968137344,0.010717783968137343,0.010717783968137341
6,1.8374020658256843e-41,7.015283326706125e-41,1.6662954520951595e-40,3.162221406602756e-40,5.252006020108315e-40,7.982346558842928e-40,1.1388021722108184e-39,1.549493360515206e-39,2.032237328267876e-39,2.5884708146924956e-39,3.219263858458708e-39,3.9254133910693876e-39,4.7075129423241617e-39,5.566004554734118e-39,6.501217447818786e-39,7.513396814029509e-39,8.602725265074672e-39,9.769338804473033e-39,1.1013338723421256e-38,1.2334800460429021e-38,1.3733780199770761e-38,1.5210319785747554e-38,1.676445038267428e-38,1.8396195200778884e-38,2.0105571526312946e-38,2.1892592233538008e-38,2.375726691080439e-38,2.569960269921614e-38,2.771960491724583e-38,2.9817277525926456e-38,3.199262347531175e-38,3.42456449625104e-38,3.6576343623859995e-38,3.8984720678054654e-38,4.147077703273922e-38,4.4034513363899516e-38,4.6675930174988526e-38,4.939502784096274e-38,5.219180664107782e-38,5.506626678331514e-38,5.801840842257217e-38,6.104823167421172e-38,6.415573662415328e-38,6.734092333638612e-38,7.060379185856755e-38,7.394434222619144e-38,7.736257446569297e-38,8.085848859675946e-38,8.443208463405407e-38,8.808336258849683e-38,9.181232246822107e-38,9.561896427928415e-38,9.95032880261976e-38,1.034652937123209e-37,1.075049813401563e-37,1.1162235091156787e-37,1.1581740242794368e-37,1.2009013589031733e-37,1.2444055129945843e-37,1.2886864865594074e-37,1.3337442796019124e-37,1.3795788921252767e-37,1.426190324131872e-37,1.4735785756234627e-37,1.5217436466013626e-37,1.5706855370665435e-37,1.6204042470197434e-37,1.6708997764615031e-37,1.7221721253922252e-37,1.7742212938122126e-37,1.8270472817216873e-37,1.880650089120814e-37,1.9350297160097252e-37,1.9901861623885084e-37,2.0461194282572264e-37,2.1028295136159426e-37,2.1603164184646887e-37,2.218580142803491e-37,2.277620686632378e-37,2.337438049951357e-37,2.3980322327604453e-37,2.4594032350596525e-37,2.5215510568489777e-37,2.584475698128434e-37,2.6481771588980216e-37,2.712655439157748e-37,2.777910538907603e-37,2.8439424581476026e-37,2.910751196877741e-37,2.978336755098017e-37,3.0466991328084384e-37,3.1158383300089985e-37,3.1857543466997016e-37,3.2564471828805438e-37,3.327916838551528e-37,3.400163313712654e-37,3.4731866083639237e-37,3.546986722505333e-37,3.621563656136883e-37,3.696917409258576e-37,3.773047981870409e-37,3.849955373972384e-37,3.9276395855645036e-37,4.006100616646767e-37,4.0853384672191726e-37,4.1653531372817195e-37,4.246144626834406e-37,4.327712935877236e-37,4.410058064410205e-37,4.493180012433321e-37,4.577078779946577e-37,4.6617543669499765e-37,4.7472067734435124e-37,4.833435999427196e-37,4.920442044901022e-37,5.00822490986499e-37,5.096784594319101e-37,5.186121098263355e-37,5.276234421697748e-37,5.367124564622282e-37,5.458791527036962e-37,5.5512353089417805e-37,5.644455910336744e-37,5.738453331221845e-37,5.833227571597094e-37,5.928778631462484e-37,6.025106510818016e-37,6.122211209663692e-37,6.220092727999506e-37,6.31875106582546e-37,6.418186223141561e-37,6.518398199947802e-37,6.619386996244184e-37,6.721152612030713e-37,6.823695047307384e-37,6.927014302074192e-37,7.031110376331144e-37,7.135983270078241e-37,7.241632983315482e-37,7.3480595160428595e-37,7.455262868260382e-37,7.563243039968047e-37,7.672000031165857e-37,7.781533841853809e-37,7.891844472031896e-37,8.002931921700132e-37,8.114796190858505e-37,8.227437279507021e-37,8.340855187645681e-37,8.455049915274488e-37,8.570021462393433e-37,8.685769829002526e-37,8.802295015101756e-37,8.919597020691127e-37,9.03767584577064e-37,9.156531490340295e-37,9.27616395440009e-37,9.39657323795003e-37,9.517759340990112e-37,9.639722263520336e-37,9.762462005540704e-37,9.885978567051217e-37,1.001027194805187e-36,1.0135342148542663e-36,1.0261189168523607e-36,1.0387813007994687e-36,1.0515213666955908e-36,1.0643391145407273e-36,1.077234544334878e-36,1.0902076560780427e-36,1.103258449770222e-36,1.1163869254114149e-36,1.1295930830016228e-36,1.1428769225408446e-36,1.1562384440290807e-36,1.1696776474663313e-36,1.1831945328525961e-36,1.1967891001878747e-36,1.2104613494721672e-36,1.2242112807054747e-36,1.2380388938877963e-36,1.2519441890191322e-36,1.2659271660994818e-36,1.2799878251288462e-36,1.2941261661072248e-36,1.308342189034617e-36,1.322635893911024e-36,1.337007280736445e-36,1.3514563495108802e-36,1.3659831002343298e-36,1.3805875329067941e-36,1.3952696475282724e-36,1.4100294440987649e-36,1.4248669226182712e-36,1.4397820830867919e-36,1.4547749255043264e-36,1.4698454498708755e-36,1.4849936561864384e-36,1.5002195444510157e-36,1.5155231146646077e-36,1.5309043668272136e-36,1.5463633009388335e-36,1.561899916999468e-36,1.5775142150091167e-36,1.5932061949677795e-36,1.6089758568754564e-36,1.6248232007321475e-36,1.6407482265378532e-36,1.6567509342925727e-36,1.6728313239963064e-36,1.688989395649055e-36,1.7052251492508177e-36,1.7215385848015943e-36,1.737929702301385e-36,1.7543985017501903e-36,1.7709449831480095e-36,1.7875691464948435e-36,1.804270991790691e-36,1.821050519035553e-36,1.8379077282294294e-36,1.8548426193723195e-36,1.871855192464224e-36,1.8889454475051432e-36,1.906113384495077e-36,1.923359003434024e-36,1.940682304321985e-36,1.958083287158961e-36,1.9755619519449515e-36,1.993118298679956e-36,2.010752327363975e-36,2.0284640379970076e-36,2.0462534305790544e-36,2.0641205051101158e-36,2.0820652615901914e-36,2.100087700019281e-36,2.1181878203973854e-36,2.1363656227245032e-36,2.154621107000636e-36,2.1729542732257834e-36,2.1913651213999447e-36,2.2098536515231196e-36,2.2284198635953097e-36,2.2470637576165133e-36,2.2657853335867307e-36,2.2845845915059624e-36,2.303461531374208e-36,2.3224161531914682e-36,2.3414484569577424e-36,2.360558442673032e-36,2.379746110337335e-36,2.3990114599506522e-36,2.418354491512984e-36,2.437775205024329e-36,2.457273600484689e-36,2.4768496778940632e-36,2.496503437252452e-36,2.5162348785598545e-36,2.5360440018162716e-36,2.5559308070217026e-36,2.5758952941761474e-36,2.595937463279607e-36,2.6160573143320812e-36,2.6362548473335693e-36,2.6565300622840702e-36,2.6768829591835876e-36,2.697313538032119e-36,2.7178217988296637e-36,2.738407741576223e-36,2.7590713662717965e-36,2.7798126729163832e-36,2.8006316615099855e-36,2.821528332052601e-36,2.8425026845442315e-36,2.8635547189848763e-36,2.884684435374535e-36,2.905891833713208e-36,2.9271769140008955e-36,2.9485396762375973e-36,2.969980120423313e-36,2.9914982465580427e-36,3.013094054641786e-36,3.034767544674545e-36,3.0565187166563166e-36,3.078347570587103e-36,3.100254106466904e-36,3.1222383242957185e-36,3.1443002240735485e-36,3.166439805800392e-36,3.1886570694762505e-36,3.210952015101122e-36,3.233324642675008e-36,3.255774952197909e-36,3.278302943669823e-36,3.3009086170907525e-36,3.323591972460694e-36,3.346353009779651e-36,3.369191729047623e-36,3.392108130264609e-36,3.415102213430609e-36,3.4381739785456236e-36,3.4613234256096515e-36,3.4845505546226946e-36,3.507855365584751e-36,3.531237858495824e-36,3.554698033355908e-36,3.578235890165009e-36,3.601851428923123e-36,3.625544649630251e-36,3.649315552286393e-36,3.67316413689155e-36,3.6970904034457206e-36,3.721094351948905e-36,3.7451759824011044e-36,3.769335294802318e-36,3.7935722891525456e-36,3.817886965451788e-36,3.8422793237000436e-36,3.8667493638973144e-36,3.8912970860435984e-36,3.915922490138898e-36,3.940625576183212e-36,3.96540634417654e-36,3.990264794118882e-36,4.015200926010238e-36,4.040214739850607e-36,4.065306235639992e-36,4.090475413378391e-36,4.115722273065804e-36,4.1410468147022315e-36,4.166449038287673e-36,4.1919289438221294e-36,4.217486531305598e-36,4.243121800738082e-36,4.2688347521195806e-36,4.294625385450092e-36,4.320493700729619e-36,4.34643969795816e-36,4.3724633771357144e-36,4.398564738262283e-36,4.4247437813378664e-36,4.451000506362463e-36,4.477334913336075e-36,4.503747002258702e-36,4.530236773130342e-36,4.5568042259509976e-36,4.583449360720667e-36,4.610172177439351e-36,4.636972676107049e-36,4.6638508567237604e-36,4.690806719289487e-36,4.7178402638042266e-36,4.7449514902679805e-36,4.772140398680749e-36,4.799406989042532e-36,4.8267512613533286e-36,4.8541732156131385e-36,4.881672851821964e-36,4.909250169979804e-36,4.9369051700866576e-36,4.9646378521425256e-36,4.9924482161474075e-36,5.020336262101304e-36,5.048301990004217e-36,5.076345399856141e-36,5.104466491657081e-36,5.132665265407035e-36,5.1609417211060027e-36,5.1892958587539836e-36,5.217727678350981e-36,5.2462371798969916e-36,5.274824363392016e-36,5.3034892288360544e-36,5.332231776229109e-36,5.3610520055711746e-36,5.389949916862257e-36,5.418925510102351e-36,5.447978785291462e-36,5.4771097424295847e-36,5.5063183815167226e-36,5.5356047025528745e-36,5.5649687055380415e-36,5.594410390472222e-36,5.623929757355417e-36,5.653526806187627e-36,5.683201536968851e-36,5.7129539496990905e-36,5.7427840443783426e-36,5.7726918210066087e-36,5.802677279583889e-36,5.8327404201101836e-36,5.862881242585492e-36,5.893099747009815e-36,5.923395933383154e-36,5.953769801705505e-36,5.9842213519768714e-36,6.014750584197251e-36,6.045357498366648e-36,6.076042094485056e-36,6.106804372552479e-36,6.137644332568916e-36,6.168561974534367e-36,6.199557298448833e-36,6.230630304312315e-36,6.261780992124809e-36,6.293009361886317e-36,6.324315413596841e-36,6.355699147256378e-36,6.387160562864929e-36,6.418699660422495e-36,6.450316439929073e-36,6.482010901384667e-36,6.513783044789276e-36,6.545632870142898e-36,6.577560377445535e-36,6.609565566697186e-36,6.641648437897851e-36,6.673808991047531e-36,6.706047226146224e-36,6.738363143193933e-36,6.770756742190655e-36,6.803228023136392e-36,6.835776986031143e-36,6.868403630874907e-36,6.901107957667687e-36,6.933889966409478e-36,6.966749657100286e-36,6.999687029740108e-36,7.032702084328944e-36,7.065794820866793e-36,7.098965239353657e-36,7.132213339789534e-36,7.165539122174427e-36,7.198942586508336e-36,7.232423732791254e-36,7.26598256102319e-36,7.299619071204139e-36,7.333333263334103e-36,7.367125137413081e-36,7.400994693441074e-36,7.43494193141808e-36,7.468966851344101e-36,7.503069453219135e-36,7.537249737043183e-36,7.571507702816247e-36,7.605843350538324e-36,7.640256680209416e-36,7.67474769182952e-36,7.709316385398639e-36,7.743962760916774e-36,7.778686818383922e-36,7.813488557800085e-36,7.848367979165261e-36,7.883325082479453e-36,7.91835986774266e-36,7.953472334954881e-36,7.988662484116115e-36,8.023930315226362e-36,8.059275828285626e-36,8.094699023293902e-36,8.130199900251193e-36,8.165778459157498e-36,8.201434700012817e-36,8.23716862281715e-36,8.272980227570498e-36,8.308869514272862e-36,8.344836482924238e-36,8.380881133524628e-36,8.417003466074033e-36,8.45320348057245e-36,8.489481177019885e-36,8.525836555416331e-36,8.562269615761792e-36,8.598780358056269e-36,8.635368782299761e-36,8.672034888492264e-36,8.708778676633782e-36,8.745600146724317e-36,8.782499298763864e-36,8.819476132752429e-36,8.856530648690002e-36,8.893662846576593e-36,8.930872726412198e-36,8.968160288196817e-36,9.00552553193045e-36,9.042968457613096e-36,9.080489065244757e-36,9.118087354825435e-36,9.155763326355123e-36,9.193516979833827e-36,9.231348315261544e-36,9.269257332638277e-36,9.307244031964022e-36,9.345308413238782e-36,9.383450476462557e-36,9.421670221635345e-36,9.459967648757149e-36,9.498342757827965e-36,9.536795548847796e-36,9.57532602181664e-36,9.613934176734503e-36,9.652620013601376e-36,9.691383532417262e-36,9.730224733182165e-36,9.769143615896082e-36,9.808140180559015e-36,9.847214427170958e-36,9.88636635573192e-36,9.925595966241895e-36,9.964903258700884e-36,1.0004288233108887e-35,1.0043750889465906e-35,1.0083291227771934e-35,1.0122909248026976e-35,1.0162604950231034e-35,1.0202378334384107e-35,1.0242229400486193e-35,1.0282158148537296e-35,1.0322164578537413e-35,1.0362248690486547e-35,1.0402410484384688e-35,1.0442649960231847e-35,1.048296711802802e-35,1.0523361957773205e-35,1.0563834479467407e-35,1.0604384683110626e-35,1.0645012568702855e-35,1.0685718136244102e-35,1.0726501385734362e-35,1.0767362317173633e-35,1.0808300930561921e-35,1.0849317225899222e-35,1.0890411203185538e-35,1.093158286242087e-35,1.0972832203605211e-35,1.1014159226738567e-35,1.1055563931820939e-35,1.1097046318852324e-35,1.1138606387832723e-35,1.1180244138762138e-35,1.1221959571640568e-35,1.1263752686468012e-35,1.130562348324447e-35,1.1347571961969939e-35,1.1389598122644426e-35,1.1431701965267925e-35,1.1473883489840438e-35,1.1516142696361967e-35,1.1558479584832509e-35,1.1600894155252062e-35,1.1643386407620636e-35,1.168595634193822e-35,1.1728603958204821e-35,1.1771329256420437e-35,1.1814132236585063e-35,1.1857012898698705e-35,1.189997124276136e-35,1.1943007268773033e-35,1.1986120976733716e-35,1.2029312366643413e-35,1.2072581438502125e-35,1.2115928192309855e-35,1.2159352628066597e-35,1.220285474577235e-35,1.224643454542712e-35,1.2290092027030903e-35,1.2333827190583706e-35,1.2377640036085517e-35,1.2421530563536346e-35,1.246549877293618e-35,1.250954466428504e-35,1.2553668237582908e-35,1.2597869492829795e-35,1.2642148430025694e-35,1.2686505049170607e-35,1.2730939350264535e-35,1.2775451333307474e-35,1.2820040998299429e-35,1.2864708345240397e-35,1.2909453374130386e-35,1.2954276084969383e-35,1.2999176477757393e-35,1.304415455249442e-35,1.3089210309180458e-35,1.313434374781551e-35,1.3179554868399581e-35,1.3224843670932666e-35,1.3270210155414766e-35,1.3315654321845877e-35,1.3361176170226002e-35,1.3406775700555145e-35,1.34524529128333e-35,1.3498207807060467e-35,1.3544040383236653e-35,1.3589950641361851e-35,1.3635938581436062e-35,1.3682004203459286e-35,1.3728147507431525e-35,1.3774368493352782e-35,1.3820667161223053e-35,1.3867043511042336e-35,1.3913497542810635e-35,1.3960029256527945e-35,1.400663865219427e-35,1.4053325729809612e-35,1.4100090489373965e-35,1.4146932930887334e-35,1.4193853054349714e-35,1.4240850859761107e-35,1.428792634712152e-35,1.4335079516430946e-35,1.4382310367689383e-35,1.4429618900896835e-35,1.44770051160533e-35,1.4524469013158787e-35,1.4572010592213283e-35,1.4619629853216795e-35,1.4667326796169317e-35,1.4715101421070858e-35,1.476295372792141e-35,1.4810883716720974e-35,1.4858891387469556e-35,1.4906976740167153e-35,1.4955139774813762e-35,1.5003380491409388e-35,1.5051698889954026e-35,1.510009497044768e-35,1.5148568732890345e-35,1.5197120177282024e-35,1.5245749303622723e-35,1.529445611191243e-35,1.5343240602151153e-35,1.539210277433889e-35,1.5441042628475644e-35,1.549006016456141e-35,1.553915538259619e-35,1.5588328282579985e-35,1.5637578864512791e-35,1.5686907128394615e-35,1.5736313074225454e-35,1.5785796702005304e-35,1.5835358011734166e-35,1.5884997003412048e-35,1.5934713677038948e-35,1.5984508032614856e-35,1.6034380070139776e-35,1.6084329789613714e-35,1.6134357191036666e-35,1.618446227440863e-35,1.6234645039729613e-35,1.6284905486999604e-35,1.6335243616218616e-35,1.6385659427386638e-35,1.6436152920503672e-35,1.6486724095569723e-35,1.653737295258479e-35,1.658809949154887e-35,1.663890371246196e-35,1.6689785615324072e-35,1.6740745200135196e-35,1.6791782466895334e-35,1.6842897415604484e-35,1.6894090046262649e-35,1.6945360358869822e-35,1.6996708353426013e-35,1.7048134029931224e-35,1.7099637388385444e-35,1.7151218428788684e-35,1.7202877151140933e-35,1.72546135554422e-35,1.7306427641692477e-35,1.735831940989177e-35,1.7410288860040076e-35,1.7462335992145111e-35,1.7514460806191448e-35,1.7566663302186796e-35,1.7618943480131158e-35,1.7671301340024535e-35,1.7723736881866927e-35,1.7776250105658335e-35,1.7828841011398756e-35,1.7881509599088196e-35,1.7934255868726646e-35,1.7987079820314107e-35,1.8039981453850586e-35,1.8092960769336082e-35,1.8146017766770587e-35,1.819915244615411e-35,1.825236480748664e-35,1.830565485076819e-35,1.8359022575998752e-35,1.8412467983178333e-35,1.846599107230692e-35,1.851959184338453e-35,1.8573270296411147e-35,1.8627026431386778e-35,1.8680860248311428e-35,1.873477174718509e-35,1.878876092800777e-35,1.884282779077946e-35,1.8896972335500166e-35,1.895119456216989e-35,1.9005494470788624e-35,1.9059872061356373e-35,1.9114327333873137e-35,1.9168860288338915e-35,1.9223470924753703e-35,1.9278159243117507e-35,1.9332925243430324e-35,1.9387768925692158e-35,1.9442690289903003e-35,1.9497689336062866e-35,1.9552766064171334e-35,1.9607920474229223e-35,1.9663152566236135e-35,1.971846234019205e-35,1.9773849796096983e-35,1.982931493395093e-35,1.9884857753753895e-35,1.994047825550587e-35,1.9996176439206857e-35,2.0051952304856862e-35,2.0107805852455877e-35,2.0163737082003914e-35,2.021974599350096e-35,2.0275832586947018e-35,2.0331996862342088e-35,2.038823881968618e-35,2.0444558458979287e-35,2.0500955780221406e-35,2.055743078341254e-35,2.0613983468552685e-35,2.067061383564185e-35,2.0727321884680027e-35,2.0784107615667216e-35,2.0840971028603424e-35,2.0897912123488637e-35,2.0954930900322872e-35,2.1012027359102794e-35,2.1069201499835055e-35,2.1126453322516318e-35,2.1183782827146613e-35,2.1241190013725913e-35,2.1298674882254214e-35,2.1356237432731545e-35,2.1413877665157942e-35,2.1471595579533302e-35,2.1529391175860334e-35,2.1587264454133723e-35,2.164521541435613e-35,2.170324405652755e-35,2.1761350380647976e-35,2.1819534386717418e-35,2.1877796074735878e-35,2.1936135444703354e-35,2.1994552496619845e-35,2.2053047230485345e-35,2.211161964629986e-35,2.2170269744063395e-35,2.222899752377594e-35,2.2287802985437494e-35,2.2346686129048067e-35,2.240564695460765e-35,2.2464685462116251e-35,2.2523801651573862e-35,2.2582995522980493e-35,2.2642267076336134e-35,2.270161631164079e-35,2.2761043228894468e-35,2.282054782809716e-35,2.2880130109248864e-35,2.2939790072349584e-35,2.2999527717399312e-35,2.3059343044398053e-35,2.3119236053345826e-35,2.3179206744242594e-35,2.323925511708838e-35,2.3299381171883185e-35,2.335958490863259e-35,2.341986632732542e-35,2.3480225427967266e-35,2.354066221055812e-35,2.3601176675097996e-35,2.366176882158688e-35,2.3722438650024782e-35,2.37831861604117e-35,2.384401135274763e-35,2.3904914227032569e-35,2.3965894783266528e-35,2.40269530214495e-35,2.408808894158149e-35,2.414930254366249e-35,2.4210593827692504e-35,2.4271962793671534e-35,2.433340944159958e-35,2.4394933771476634e-35,2.4456535783302704e-35,2.4518215477061285e-35,2.4579972852785385e-35,2.4641807910458496e-35,2.470372065008062e-35,2.476571107165177e-35,2.482777917517193e-35,2.48899249606411e-35,2.495214842805929e-35,2.501444957742649e-35,2.50768284087427e-35,2.513928492200793e-35,2.5201819117222166e-35,2.5264430994385433e-35,2.5327120553497696e-35,2.5389887794558987e-35,2.5452732717569285e-35,2.5515655322528594e-35,2.557865560943692e-35,2.5641733578296183e-35,2.5704889229102544e-35,2.5768122561857917e-35,2.583143357655897e-35,2.589482227321237e-35,2.5958288651814787e-35,2.602183271236621e-35,2.608545445486665e-35,2.61491538793161e-35,2.621293098571457e-35,2.6276785774062055e-35,2.6340718244358556e-35,2.640472839660407e-35,2.6468816230798593e-35,2.6532981746942135e-35,2.659722494504302e-35,2.666154582508459e-35,2.672594438707517e-35,2.679042063101477e-35,2.685497455690338e-35,2.691960616474101e-35,2.698431545453852e-35,2.7049102426274177e-35,2.7113967079958846e-35,2.7178909415592533e-35,2.724392943317523e-35,2.7309027132706943e-35,2.737420251418767e-35,2.743945557761741e-35,2.7504786322996173e-35,2.757019475032394e-35,2.763568085960072e-35,2.770124465082652e-35,2.7766886124001335e-35,2.7832605279125156e-35,2.7898402116197995e-35,2.796427663521985e-35,2.803022883619072e-35,2.80962587191106e-35,2.81623662839795e-35,2.8228551530797415e-35,2.8294814459564335e-35,2.836115507028772e-35,2.8427573362952674e-35,2.849406933756664e-35,2.8560642994129625e-35,2.862729433264162e-35,2.8694023353102634e-35,2.8760830055508665e-35,2.8827714439873464e-35,2.889467650618152e-35,2.896171625443859e-35,2.9028833684644667e-35,2.909602879679976e-35,2.916330159090387e-35,2.9230652066956987e-35,2.929808022495913e-35,2.9365586064910286e-35,2.9433169586810456e-35,2.950083079065963e-35,2.9568569676457827e-35,2.963638624420503e-35,2.9704280493901255e-35,2.977225242554649e-35,2.9840302039140747e-35,2.990842933468401e-35,2.997663431217629e-35,3.004491697161759e-35,3.01132773130079e-35,3.018171533634722e-35,3.025023104163555e-35,3.03188244288729e-35,3.0387495498059274e-35,3.045624424919465e-35,3.052507068227904e-35,3.059397479731245e-35,3.0662956594294865e-35,3.07320160732263e-35,3.0801153234106747e-35,3.087036807693621e-35,3.0939660601714677e-35,3.1009030808442173e-35,3.1078478697118676e-35,3.114800426774419e-35,3.1217607520318717e-35,3.128728845484226e-35,3.1357047071314815e-35,3.1426883369736377e-35,3.149679735010696e-35,3.1566789012426563e-35,3.163685835669517e-35,3.1707005382906286e-35,3.177723009107293e-35,3.184753248118858e-35,3.1917912553253254e-35,3.1988370307266975e-35,3.205890574322967e-35,3.212951886114138e-35,3.22002096610021e-35,3.2270978142811843e-35,3.2341824306571377e-35,3.241274815227914e-35,3.2483749679935924e-35,3.255482888954173e-35,3.2625985781096535e-35,3.269722035460036e-35,3.2768532610053194e-35,3.283992254745505e-35,3.2911390166805915e-35,3.298293546810579e-35,3.3054558451354685e-35,3.312625911655259e-35,3.319803746369951e-35,3.3269893492795446e-35,3.334182720384039e-35,3.341383859683435e-35,3.348592767177732e-35,3.355809442866931e-35,3.3630338867510316e-35,3.370266098830033e-35,3.3775060791039375e-35,3.3847538275727415e-35,3.3920093442364477e-35,3.399272629095055e-35,3.406543682148563e-35,3.4138225033969735e-35,3.421109092840285e-35,3.428403450478498e-35,3.4357055763116125e-35,3.443015470339628e-35,3.4503331325625454e-35,3.4576585629803634e-35,3.464991761593083e-35,3.472332728400705e-35,3.4796814634032275e-35,3.4870379666006524e-35,3.4944022379929784e-35,3.5017742775802056e-35,3.509154085362334e-35,3.516541661339364e-35,3.523937005511295e-35,3.5313401178781273e-35,3.5387509984398615e-35,3.5461696471964974e-35,3.553596064148034e-35,3.5610302492944717e-35,3.5684722026358117e-35,3.575921924172053e-35,3.583379413903196e-35,3.59084467182924e-35,3.5983176979501857e-35,3.605798492266032e-35,3.6132870547767803e-35,3.6207833854824297e-35,3.62828748438298e-35,3.635799351478432e-35,3.643318986768786e-35,3.6508463902540416e-35,3.658381561934198e-35,3.665924501809256e-35,3.6734752098792153e-35,3.681033686144076e-35,3.6885999306038374e-35,3.696173943258501e-35,3.7037557241080653e-35,3.7113452731525316e-35,3.718942590391899e-35,3.7265476758261687e-35,3.7341605294553396e-35,3.741781151279411e-35,3.749409541298385e-35,3.75704569951226e-35,3.7646896259210355e-35,3.772341320524713e-35,3.780000783323292e-35,3.7876680143167727e-35,3.7953430135051547e-35,3.803025780888437e-35,3.810716316466622e-35,3.8184146202397077e-35,3.8261206922076954e-35,3.8338345323705844e-35,3.841556140728375e-35,3.849285517281067e-35,3.857022662028659e-35,3.864767574971154e-35,1.0312719785005379e-05,2.0757360697186815e-05,3.133701652804081e-05,4.205490147415198e-05,5.291435178120961e-05,6.391882869047046e-05,7.507192240660903e-05,8.637735691279145e-05,9.783899546904054e-05,0.00010946084675802578,0.00012124707160997519,0.00013320199028542463,0.00014533009031364967,0.00015763603490033453,0.00017012467191814887,0.00018280104351750203,0.00019567039638560772,0.00020873819271112487,0.00022201012188903256,0.00023549211303615003,0.0002491903483713336,0.0002631112775417504,0.0002772616329608484,0.0002916484462427237,0.0003062790658623379,0.00032116117608021485,0.00033630281732146286,0.00035171240808585944,0.0003673987685465686,0.00038337114600072776,0.00039963924234041203,0.0004162132437359453,0.0004331038527527073,0.0004503223231368313,0.0004678804975436924,0.00048579084849929095,0.0005040665229503146,0.0005227213907474551,0.0005417700975314623,0.000561228122462924,0.0005811118413449057,0.000601438595758274,0.0006222267688956026,0.0006434958688803957,0.0006652666204649518,0.000687561066134141,0.0007104026777768374,0.000733816480269304,0.0007578291885138133,0.0007824693597045095,0.0008077675628741798,0.0008337565681367057,0.0008604715583202019,0.0008879503663047656,0.000916233741837316,0.00094536565222351,0.000975393622201497,0.0010063691191799721,0.0010383479911980995,0.0010713909664936678,0.0011055642251071387,0.001140940055371484,0.0011775976104688446,0.0012156237839575715,0.0012551142269272887,0.0012961745349421593,0.0013389216394574376,0.0013834854469037588,0.0014300107795328992,0.0014786596862621422,0.0015296142102781643,0.0015830797244817704,0.001639288978415801,0.001698507043912935,0.0017610374060686238,0.001827229527776135,0.0018974883295819578,0.001972286186916358,0.002052178276069808,0.0021378224335950238,0.0022300051866425445,0.0023296763542984622,0.0024379957601339086,0.002556397388658482,0.002686679202113688,0.0028311316004553527,0.0029927256179938105,0.0031753961925268096,0.0033844817281321288,0.003627429921807242,0.0039149748868797865,0.004263180995995707,0.004697129474282957,0.0052577076182612,0.006013503585917943,0.007075021115309441,0.008575016266445266,0.009921469387789955,0.00992146938780971,0.009921469387818833,0.009921469387836262,0.009921469389122594,0.012097273262650438,0.014340099326945393,0.016448743124906934,0.018342030971951556,0.020017870953876003,0.021515375960808648,0.022876286798184108,0.024019063951736783,0.024791333197663006,0.025212989080685776,0.025375787399032467,0.0253676876368211,0.025253536247829902,0.025075529063876383,0.025073084289690448,0.025070271919530984,0.025067617783004516,0.025065302777108108,0.025063371531078425,0.025061810359477726,0.025060581594517968,0.02505963993078971,0.025058940243711768,0.02505844112198051,0.025058106207306897,0.025057904425245168,0.025057809681288016,0.025057800328064452,0.02505785856452694,0.02505796984866947,0.025058122361804273,0.02505830653882139,0.025058514666416846,0.025058740545100718,0.025058979208104945,0.025059226689511663,0.025059479834108937,0.025059736142136285,0.02505999364291964,0.025060250792260617,0.025060506389258184,0.02506075950896825,0.025061009447936985,0.02506125568017765,0.025061497821608256,0.025061735601337,0.02506196883848688,0.025062197423499015,0.025062421303056883,0.025062640467937602,0.02506285494322959,0.02506306478046349,0.02506327005129,0.025063470842408887,0.02506366725150953,0.02506385938402978,0.025064047350576248,0.025064231264879437,0.025064411242181003,0.02506458739797008,0.025064759847001038,0.025064928702538392,0.025065094075784184,0.02506525607545223,0.025065414807459926,0.025065570374713922,0.02506572287697074,0.025065872410756425,0.025066019069333128,0.025066162942701906,0.025066304117634025,0.02506644267772367,0.02506657870345701,0.02506671227229317,0.025066843458753662,0.025066972334517636,0.02506709896852058,0.025067223427054842,0.025067345773870667,0.02506746607027651,0.02506758437523799,0.025067700745474795,0.02506781523555504,0.02506792789798687,0.025068038783306844,0.025068147940165354,0.025068255415408497,0.025068361254156794,0.025068465499880562,0.025068568194471993,0.02506866937831402,0.025068769090346124,0.025068867368127058,0.025068964247894662,0.025069059764622897,0.02506915395207604,0.025069246842860528,0.025069338468474114,0.02506942885935276,0.02506951804491526,0.02506960605360573,0.025069692912933997,0.025069778649514218,0.025069863289101404,0.025069946856626432,0.025070029376229257,0.02507011087129063,0.025070191364462202,0.025070270877695422,0.025070349432268872,0.025070427048814466,0.02507050374734237,0.02507057954726482,0.02507065446741884,0.02507072852608795,0.025070801741022816,0.025070874129461098,0.025070945708146296,0.025071016493345862,0.025071086500868388,0.02507115574608024,0.025071224243921282,0.025071292008919988,0.025071359055207996,0.02507142539653384,0.025071491046276376,0.025071556017457378,0.0250716203227538,0.025071683974509436,0.02507174698474611,0.025071809365174495,0.02507187112720434,0.025071932281954427,0.025071992840262083,0.025072052812692286,0.025072112209546447,0.02507217104087082,0.025072229316464627,0.025072287045887858,0.025072344238468724,0.02507240090331087,0.025072457049300355,0.025072512685112285,0.025072567819217212,0.025072622459887402,0.02507267661520269,0.025072730293056324,0.02507278350116044,0.025072836247051384,0.025072888538094928,0.025072940381491132,0.025072991784279193,0.025073042753342056,0.025073093295410853,0.0250731434170692,0.02507319312475738,0.025073242424776286,0.025073291323291377,0.025073339826336378,0.025073387939816873,0.025073435669513845,0.02507348302108706,0.025073530000078264,0.025073576611914433,0.025073622861910755,0.02507366875527365,0.025073714297103592,0.025073759492397884,0.02507380434605336,0.025073848862868977,0.02507389304754829,0.02507393690470196,0.025073980438850077,0.02507402365442443,0.02507406655577075,0.02507410914715087,0.02507415143274476,0.025074193416652613,0.025074235102896757,0.025074276495423573,0.02507431759810535,0.02507435841474205,0.02507439894906307,0.0250744392047289,0.025074479185332815,0.025074518894402386,0.025074558335401113,0.025074597511729822,0.025074636426728237,0.025074675083676303,0.025074713485795607,0.0250747516362507,0.025074789538150396,0.025074827194549048,0.025074864608447777,0.025074901782795637,0.025074938720490825,0.025074975424381772,0.025075011897268237,0.025075048141902433,0.02507508416099001,0.02507511995719111,0.025075155533121313,0.025075190891352597,0.025075226034414366,0.025075260964794222,0.025075295684938954,0.025075330197255347,0.02507536450411107,0.025075398607835465,0.02507543251072032,0.0250754662150207,0.025075499722955728,0.025075533036709206,0.025075566158430474,0.025075599090235014,0.0250756318342052,0.025075664392390912,0.025075696766810266,0.025075728959450146,0.025075760972266912,0.025075792807186956,0.02507582446610736,0.025075855950896342,0.025075887263393982,0.025075918405412616,0.025075949378737517,0.025075980185127328,0.025076010826314547,0.02507604130400613,0.02507607161988391,0.02507610177560506,0.025076131772802605,0.02507616161308586,0.02507619129804087,0.025076220829230826,0.025076250208196524,0.02507627943645676,0.02507630851550872,0.025076337446828408,0.02507636623187104,0.02507639487207136,0.025076423368844088,0.02507645172358421,0.025076479937667394,0.02507650801245029,0.025076535949270912,0.025076563749448937,0.02507659141428602,0.02507661894506616,0.02507664634305591,0.025076673609504857,0.025076700745645723,0.025076727752694768,0.025076754631852067,0.02507678138430176,0.025076808011212336,0.025076834513736893,0.02507686089301342,0.025076887150165057,0.02507691328630027,0.025076939302513236,0.025076965199883935,0.025076990979478485,0.025077016642349327,0.025077042189535485,0.02507706762206275,0.02507709294094396,0.02507711814717909,0.02507714324175559,0.02507716822564854,0.025077193099820816,0.025077217865223374,0.025077242522795296,0.025077267073464162,0.025077291518146125,0.02507731585774605,0.02507734009315778,0.02507736422526433,0.025077388254937962,0.025077412183040392,0.025077436010422997,0.025077459737926935,0.025077483366383282,0.025077506896613238,0.025077530329428267,0.025077553665630227,0.025077576906011513,0.025077600051355238,0.02507762310243532,0.025077646060016688,0.025077668924855356,0.025077691697698596,0.02507771437928504,0.025077736970344825,0.025077759471599737,0.025077781883763306,0.025077804207540935,0.02507782644363002,0.025077848592720067,0.025077870655492832,0.025077892632622396,0.025077914524775285,0.025077936332610587,0.025077958056780095,0.025077979697928326,0.02507800125669273,0.025078022733703676,0.02507804412958467,0.025078065444952353,0.02507808668041668,0.025078107836580932,0.025078128914041917,0.02507814991338991,0.025078170835208913,0.025078191680076602,0.02507821244856452,0.02507823314123809,0.025078253758656726,0.025078274301373923,0.02507829476993733,0.025078315164888815,0.025078335486764577,0.025078355736095202,0.02507837591340572,0.025078396019215732,0.025078416054039432,0.025078436018385716,0.025078455912758216,0.025078475737655426,0.025078495493570694,0.02507851518099236,0.025078534800403788,0.025078554352283428,0.025078573837104892,0.02507859325533705,0.025078612607443998,0.025078631893885223,0.02507865111511561,0.02507867027158551,0.025078689363740775,0.025078708392022878,0.025078727356868932,0.025078746258711714,0.025078765097979783,0.02507878387509746,0.02507880259048498,0.02507882124455845,0.025078839837729943,0.025078858370407537,0.02507887684299541,0.02507889525589381,0.025078913609499178,0.025078931904204137,0.02507895014039757,0.02507896831846468,0.025078986438786973,0.025079004501742407,0.02507902250770534,0.0250790404570466,0.025079058350133562,0.025079076187330157,0.025079093968996925,0.025079111695491034,0.025079129367166362,0.025079146984373506,0.025079164547459835,0.02507918205676951,0.02507919951264356,0.02507921691541987,0.025079234265433254,0.02507925156301548,0.025079268808495286,0.025079286002198487,0.02507930314444792,0.025079320235563505,0.025079337275862326,0.025079354265658597,0.025079371205263757,0.02507938809498645,0.025079404935132603,0.0250794217260054,0.025079438467905387,0.025079455161130422,0.02507947180597578,0.02507948840273413,0.025079504951695596,0.025079521453147777,0.025079537907375743,0.02507955431466212,0.02507957067528707,0.02507958698952838,0.025079603257661388,0.02507961947995911,0.02507963565669221,0.025079651788129053,0.025079667874535718,0.025079683916175995,0.025079699913311472,0.025079715866201523,0.025079731775103337,0.025079747640271915,0.025079763461960145,0.025079779240418806,0.02507979497589654,0.025079810668639988,0.025079826318893682,0.02507984192690017,0.025079857492899957,0.025079873017131615,0.025079888499831723,0.025079903941234914,0.025079919341573918,0.025079934701079568,0.025079950019980816,0.025079965298504734,0.0250799805368766,0.025079995735319837,0.025080010894056048,0.02508002601330511,0.0250800410932851,0.02508005613421236,0.025080071136301486,0.025080086099765413,0.025080101024815324,0.025080115911660754,0.025080130760509627,0.025080145571568138,0.025080160345040924,0.025080175081131008,0.025080189780039806,0.02508020444196717,0.02508021906711138,0.02508023365566921,0.025080248207835863,0.02508026272380507,0.025080277203769027,0.02508029164791848,0.025080306056442712,0.025080320429529526,0.02508033476736531,0.025080349070135014,0.0250803633380222,0.02508037757120901,0.02508039176987625,0.025080405934203298,0.02508042006436823,0.02508043416054775,0.025080448222917252,0.025080462251650792,0.02508047624692116,0.025080490208899842,0.025080504137757025,0.025080518033661674,0.025080531896781454,0.02508054572728284,0.025080559525331038,0.025080573291090064,0.0250805870247227,0.025080600726390585,0.025080614396254124,0.025080628034472575,0.025080641641204056,0.025080655216605505,0.025080668760832713,0.025080682274040405,0.025080695756382117,0.025080709208010324,0.025080722629076395,0.025080736019730616,0.025080749380122187,0.02508076271039926,0.025080776010708926,0.025080789281197224,0.025080802522009154,0.025080815733288707,0.02508082891517883,0.025080842067821487,0.02508085519135767,0.025080868285927312,0.02508088135166943,0.025080894388722002,0.02508090739722212,0.02508092037730587,0.02508093332910843,0.025080946252764014,0.025080959148405916,0.025080972016166513,0.025080984856177258,0.025080997668568725,0.02508101045347058,0.0250810232110116,0.02508103594131968,0.025081048644521854,0.025081061320744297,0.025081073970112295,0.025081086592750323,0.025081099188782,0.02508111175833011,0.025081124301516624,0.02508113681846267,0.025081149309288585,0.02508116177411389,0.025081174213057313,0.02508118662623679,0.025081199013769474,0.02508121137577175,0.02508122371235921,0.025081236023646696,0.025081248309748314,0.025081260570777367,0.02508127280684645,0.02508128501806743,0.02508129720455142,0.025081309366408795,0.025081321503749268,0.025081333616681772,0.025081345705314565,0.025081357769755213,0.02508136981011056,0.025081381826486792,0.025081393818989373,0.025081405787723134,0.025081417732792207,0.025081429654300047,0.025081441552349464,0.025081453427042627,0.025081465278481024,0.025081477106765518,0.02508148891199634,0.02508150069427305,0.02508151245369463,0.025081524190359392,0.025081535904365067,0.025081547595808745,0.02508155926478692,0.025081570911395484,0.025081582535729726,0.025081594137884355,0.02508160571795348,0.025081617276030584,0.025081628812208653,0.025081640326580053,0.025081651819236574,0.02508166329026944,0.025081674739769338,0.025081686167826408,0.025081697574530177,0.025081708959969678,0.025081720324233402,0.025081731667409256,0.025081742989584665,0.02508175429084648,0.02508176557128107,0.025081776830974234,0.025081788070011296,0.02508179928847704,0.025081810486455736,0.025081821664031178,0.025081832821286624,0.025081843958304872,0.02508185507516818,0.02508186617195836,0.02508187724875669,0.02508188830564403,0.0250818993427007,0.025081910360006586,0.025081921357641056,0.02508193233568306,0.025081943294211075,0.025081954233303082,0.02508196515303664,0.025081976053488844,0.02508198693473634,0.025081997796855313,0.025082008639921535,0.02508201946401031,0.025082030269196514,0.025082041055554588,0.02508205182315857,0.025082062572081995,0.025082073302398082,0.025082084014179527,0.02508209470749869,0.025082105382427475,0.025082116039037372,0.025082126677399494,0.02508213729758449,0.025082147899662673,0.02508215848370392,0.025082169049777735,0.02508217959795321,0.02508219012829904,0.02508220064088355,0.02508221113577467,0.02508222161303997,0.02508223207274661,0.025082242514961408,0.02508225293975077,0.025082263347180753,0.025082273737317046,0.02508228411022497,0.025082294465969497,0.02508230480461521,0.02508231512622635,0.025082325430866807,0.025082335718600118,0.025082345989489486,0.025082356243597705,0.025082366480987314,0.025082376701720446,0.02508238690585891,0.025082397093464187,0.0250824072645974,0.02508241741931938,0.025082427557690582,0.025082437679771166,0.025082447785620944,0.025082457875299433,0.025082467948865806,0.025082478006378923,0.025082488047897315,0.02508249807347923,0.02508250808318259,0.025082518077064984,0.02508252805518372,0.02508253801759579,0.025082547964357896,0.025082557895526415,0.025082567811157454,0.025082577711306786,0.025082587596029923,0.025082597465382068,0.02508260731941815,0.025082617158192787,0.02508262698176031,0.02508263679017478,0.025082646583489954,0.025082656361759346,0.025082666125036145,0.02508267587337331,0.02508268560682347,0.025082695325439032,0.0250827050292721,0.02508271471837451,0.02508272439279785,0.025082734052593418,0.025082743697812257,0.025082753328505163,0.02508276294472265,0.025082772546514982,0.025082782133932155,0.025082791707023915,0.025082801265839783,0.02508281081042898,0.025082820340840493,0.025082829857123092,0.025082839359325242,0.025082848847495207,0.025082858321681015,0.025082867781930394,0.025082877228290886,0.025082886660809767,0.0250828960795341,0.025082905484510677,0.02508291487578608,0.025082924253406656,0.025082933617418535,0.025082942967867568,0.025082952304799414,0.025082961628259508,0.025082970938293044,0.02508298023494501,0.02508298951826014,0.025082998788282993,0.025083008045057878,0.025083017288628884,0.025083026519039892,0.025083035736334556,0.025083044940556357,0.025083054131748488,0.025083063309954,0.02508307247521571,0.0250830816275762,0.025083090767077907,0.025083099893763002,0.025083109007673476,0.025083118108851117,0.02508312719733751,0.025083136273174017,0.025083145336401866,0.025083154387061997,0.025083163425195225,0.02508317245084213,0.02508318146404311,0.025083190464838385,0.025083199453267955,0.025083208429371624,0.025083217393189056,0.02508322634475967,0.025083235284122724,0.025083244211317298,0.025083253126382266,0.02508326202935634,0.02508327092027804,0.02508327979918568,0.025083288666117434,0.025083297521111273,0.025083306364205,0.025083315195436218,0.025083324014842392,0.025083332822460783,0.025083341618328495,0.025083350402482437,0.02508335917495937,0.025083367935795863,0.02508337668502833,0.025083385422693026,0.025083394148826023,0.025083402863463215,0.02508341156664035,0.025083420258393,0.025083428938756584,0.025083437607766355,0.025083446265457384,0.025083454911864624,0.025083463547022847,0.025083472170966625,0.025083480783730447,0.025083489385348576,0.025083497975855188,0.02508350655528426,0.02508351512366959,0.025083523681044873,0.025083532227443632,0.02508354076289926,0.02508354928744495,0.025083557801113786,0.0250835663039387,0.025083574795952458,0.025083583277187682,0.02508359174767688,0.025083600207452365,0.025083608656546345,0.025083617094990865,0.025083625522817832,0.025083633940059014,0.025083642346746027,0.025083650742910357,0.02508365912858336,0.02508366750379623,0.025083675868580048,0.025083684222965724,0.025083692566984072,0.025083700900665744,0.02508370922404125,0.025083717537141014,0.025083725839995265,0.025083734132634143,0.025083742415087637,0.025083750687385616,0.025083758949557805,0.025083767201633807,0.025083775443643104,0.025083783675615045,0.025083791897578832,0.02508380010956358,0.025083808311598246,0.025083816503711668,0.025083824685932572,0.025083832858289558,0.025083841020811088,0.025083849173525522,0.025083857316461077,0.02508386544964587,0.025083873573107884,0.025083881686874986,0.02508388979097493,0.02508389788543533,0.025083905970283735,0.025083914045547506,0.025083922111253945,0.0250839301674302,0.02508393821410334,0.025083946251300285,0.025083954279047867,0.0250839622973728,0.02508397030630168,0.025083978305860975,0.02508398629607708,0.025083994276976242,0.025084002248584633,0.025084010210928275,0.02508401816403312,0.025084026107924984,0.025084034042629603,0.02508404196817259,0.025084049884579428,0.025084057791875548,0.02508406569008623,0.025084073579236657,0.025084081459351943,0.025084089330457054,0.02508409719257687,0.025084105045736178,0.025084112889959653,0.02508412072527185,0.02508412855169727,0.02508413636926028,0.025084144177985147,0.02508415197789607,0.025084159769017098,0.025084167551372237,0.025084175324985344,0.025084183089880197,0.025084190846080524,0.025084198593609896,0.025084206332491806,0.025084214062749653,0.025084221784406755,0.025084229497486326,0.025084237202011476,0.025084244898005238,0.025084252585490543,0.025084260264490253,0.02508426793502709,0.025084275597123746,0.02508428325080276,0.02508429089608663,0.02508429853299774,0.0250843061615584,0.025084313781790803,0.025084321393717093,0.025084328997359295,0.02508433659273937,0.02508434417987917,0.025084351758800458,0.025084359329524953,0.025084366892074255,0.02508437444646987,0.025084381992733242,0.02508438953088571,0.025084397060948553,0.025084404582942962,0.025084412096890024,0.025084419602810763,0.025084427100726107,0.02508443459065694,0.02508444207262401,0.025084449546648,0.02508445701274954,0.025084464470949173,0.025084471921267327,0.025084479363724398,0.025084486798340674,0.02508449422513637,0.025084501644131632,0.025084509055346517,0.02508451645880102,0.025084523854515026,0.025084531242508392,0.025084538622800853,0.0250845459954121,0.02508455336036174,0.02508456071766929,0.025084568067354224,0.02508457540943592,0.025084582743933666,0.02508459007086672,0.02508459739025424,0.0250846047021153,0.025084612006468936,0.025084619303334093,0.02508462659272961,0.02508463387467433,0.025084641149186952,0.025084648416286173,0.025084655675990566,0.025084662928318645,0.025084670173288873,0.02508467741091962,0.0250846846412292,0.02508469186423588,0.025084699079957817,0.02508470628841312,0.025084713489619832,0.02508472068359594,0.025084727870359348,0.0250847350499279,0.025084742222319358,0.025084749387551446,0.025084756545641792,0.025084763696608014,0.025084770840467566,0.025084777977237956,0.025084785106936545,0.025084792229580644,0.02508479934518754,0.025084806464859243,0.02508481357780745,0.025084820683782604,0.025084827782795555,0.025084834874862932,0.025084841960002015,0.02508484903822801,0.025084856109557956,0.025084863174008345,0.02508487023159549,0.02508487728233554,0.02508488432624501,0.025084891363340196,0.025084898393636854,0.025084905417151523,0.025084912433900285,0.02508491944389917,0.025084926447164174,0.02508493344371124,0.025084940433556264,0.025084947416715075,0.025084954393203754,0.025084961363037776,0.025084968326232894,0.02508497528280483,0.025084982232769004,0.025084989176140972,0.025084996112936717,0.02508500304317035,0.02508500996685807,0.025085016884015193,0.025085023794656998,0.025085030698798732,0.025085037596455584,0.025085044487642674,0.025085051372375093,0.025085058250667844,0.02508506512253596,0.025085071987994343,0.025085078847057865,0.025085085699741362,0.02508509254605963,0.025085099386027383,0.02508510621965971,0.025085113046968328,0.025085119867972495,0.025085126682684575,0.025085133491119512,0.025085140293291314,0.025085147089214402,0.02508515387890309,0.02508516066237169,0.025085167439634435,0.025085174210705555,0.025085180975598694,0.025085187734328437,0.025085194486908356,0.025085201233353817,0.02508520797367752,0.02508521470789416,0.025085221436017092,0.025085228158060222,0.025085234874036785,0.025085241583961148,0.025085248287846945,0.025085254985707812,0.025085261677557837,0.025085268363407572,0.025085275043275276,0.025085281717172,0.025085288385111197,0.025085295047106333,0.025085301703171563,0.025085308353318802,0.025085314997561798,0.025085321635914114,0.025085328268388128,0.02508533489499737,0.025085341515755,0.025085348130673802,0.025085354739766724,0.025085361343047168,0.0250853679405277,0.02508537453222113,0.025085381118140543,0.02508538769829828,0.025085394272707423,0.025085400841380605,0.025085407404330604,0.025085413961569682,0.025085420513110444,0.02508542705896474,0.025085433599145657,0.025085440133665666,0.025085446662537363,0.025085453185772696,0.02508545970338321,0.025085466215382744,0.025085472721782336,0.025085479222595485,0.025085485717834456,0.025085492207509483,0.025085498691633085,0.025085505170217938,0.025085511643275906,0.025085518110819615,0.02508552457286027,0.02508553102940977,0.025085537480480914,0.02508554392608343,0.025085550366228636,0.025085556800931927,0.0250855632302029,0.02508556965405317,0.025085576072494283,0.02508558248553783,0.025085588893195038,0.025085595295478443,0.025085601692398304,0.025085608083966243,0.02508561447019372,0.025085620851092547,0.02508562722667377,0.025085633596948684,0.025085639961928533,0.025085646321624716,0.025085652676047777,0.025085659025209248,0.02508566536912048,0.025085671707792297,0.02508567804123604,0.025085684369462416,0.025085690692484494,0.025085697010310538,0.025085703322950344,0.02508570963041729,0.02508571593272027,0.025085722229871127,0.025085728521880547,0.02508573480875935,0.025085741090518025,0.025085747367167288,0.025085753638717755,0.025085759905179996,0.02508576616656502,0.02508577242288294,0.025085778674144243,0.02508578492035939,0.025085791161538813,0.025085797397692882,0.025085803628831938,0.025085809854966317,0.0250858160761056,0.025085822292261462,0.02508582850344271,0.025085834709662205,0.025085840910928185,0.025085847107250727,0.02508585329863996,0.02508585948510594,0.025085865666657124,0.025085871843306674,0.025085878015062988,0.025085884181934366,0.025085890343932504,0.025085896501067174,0.025085902653348202,0.025085908800785414,0.02508591494338861,0.02508592108116757,0.025085927214132008,0.02508593334229162,0.025085939465656112,0.025085945584235114,0.025085951698038247,0.025085957807075083,0.0250859639113552,0.025085970010888123,0.025085976105685626,0.025085982195754884,0.025085988281105347,0.02508599436174437,0.02508600043768337,0.025086006508931738,0.025086012575498806,0.025086018637393865,0.025086024694626192,0.02508603074720503,0.02508603679513961,0.025086042838439116,0.025086048877112733,0.025086054911169563,0.025086060940621005,0.025086066965473844,0.025086072985737132,0.025086079001419907,0.025086085012531092,0.02508609101907977,0.02508609702107261,0.025086103018520767,0.025086109011433332,0.02508611499981893,0.025086120983686268,0.025086126963044637,0.025086132937902548,0.025086138908269082,0.02508614487415263,0.02508615083556387,0.025086156792509556,0.02508616274499831,0.025086168693038733,0.025086174636639483,0.025086180575809157,0.025086186510556305,0.025086192440889447,0.02508619836681707,0.025086204288347687,0.02508621020548975,0.025086216118251733,0.025086222026641944,0.02508622793066891,0.025086233830340896,0.02508623972566622,0.025086245616653242,0.025086251503310283,0.025086257385645537,0.02508626326366728,0.025086269137383748,0.025086275006803094,0.02508628087193349,0.025086286732783108,0.02508629258936006,0.025086298441672428,0.025086304289728318,0.025086310133535777,0.025086315973101497,0.025086321808435015,0.02508632763954477,0.025086333466437148,0.025086339289125365,0.025086345107608484,0.02508635092189895,0.025086356732002015,0.025086362537929233,0.025086368339690374,0.02508637413728785,0.025086379930731872,0.02508638572002989,0.02508639150519009,0.025086397286220013,0.025086403063127212,0.025086408835919415,0.02508641460460427,0.02508642036918993,0.02508642612968349,0.025086431886091668,0.02508643763842373,0.02508644338668375,0.02508644913088291,0.02508645487102766,0.02508646060712539,0.025086466339183672,0.025086472067209827,0.025086477791211266,0.02508648351119545,0.025086489227169745,0.025086494939141606,0.025086500647118225,0.02508650635110653,0.02508651205111461,0.025086517747149036,0.025086523439217214,0.0250865291273275,0.025086534811486216,0.025086540491700525,0.02508654616797692,0.025086551840322772,0.02508655750874607,0.02508656317325391,0.02508656883385279,0.0250865744905503,0.025086580143354346,0.02508658579227079,0.02508659143730672,0.025086597078468737,0.025086602715763975,0.025086608349200526,0.025086613978784013,0.025086619604521857,0.02508662522642227,0.025086630844489092,0.025086636458730802,0.025086642069154223,0.025086647675766193,0.025086653278574074,0.025086658877584416,0.025086664472803482,0.025086670064237343,0.02508667565189361,0.025086681235779014,0.02508668681590067,0.025086692392264038,0.025086697964876753,0.025086703533745515,0.02508670909887687,0.02508671466027741,0.025086720217953367,0.025086725771911622,0.025086731322158613,0.025086736868700887,0.025086742411545022,0.025086747950697517,0.025086753486164737,0.025086759017953143,0.025086764546068972,0.025086770070519168,0.025086775591310142,0.025086781108447913,0.025086786621939777,0.025086792131790516,0.025086797638009164,0.025086803140598777,0.025086808639566742,0.025086814134919522,0.025086819626663575,0.025086825114805218,0.025086830599350605,0.02508683608030559,0.02508684155767788,0.02508684703147199,0.025086852501694734,0.02508685796835259,0.025086863431451206,0.02508686889099676,0.025086874346995153,0.025086879799452802,0.025086885248375795,0.025086890693770212,0.02508689613564229,0.02508690157399775,0.025086907008842762,0.025086912440183327,0.025086917868025454,0.02508692329237503,0.025086928713238095,0.025086934130620277,0.02508693954452772,0.025086944954966366,0.025086950361941095,0.02508695576546037,0.025086961165528315,0.025086966562151054,0.025086971955334932,0.025086977345084343,0.025086982731406006,0.02508698811430582,0.02508699349378937,0.02508699886986229,0.02508700424253082,0.025087009611800166,0.025087014977676028,0.025087020340163645,0.02508702569926961,0.025087031055000413,0.025087036407360645,0.02508704175635594,0.02508704710199193,0.025087052444274265,0.02508705778320849,0.02508706311880023,0.025087068451055048,0.025087073779978396,0.025087079105576005,0.025087084427852707,0.025087089746812823,0.025087095062465682,0.02508710037481499,0.025087105683863874,0.02508711098962203,0.025087116292090605,0.025087121591279227,0.025087126887189275,0.025087132179830104,0.025087137469203682,0.025087142755318398,0.025087148038178398,0.0250871533177888,0.02508715859415481,0.025087163867281794,0.025087169137174015,0.025087174403838883,0.02508717966727959,0.025087184927503274,0.025087190184514364,0.025087195438318114,0.025087200688920914,0.02508720593632679,0.02508721118054096,0.025087216421568657,0.025087221659413912,0.025087226894083003,0.025087232125581123,0.025087237353915475,0.02508724257908701,0.02508724780110293,0.025087253019968555,0.025087258235688796,0.025087263448268657,0.02508726865771316,0.025087273864027426,0.0250872790672162,0.02508728426728494,0.025087289464239205,0.025087294658085114,0.02508729984882432,0.025087305036462743,0.025087310221005805,0.025087315402458638,0.025087320580826154,0.025087325756112933,0.025087330928324554,0.025087336097465624,0.02508734126354121,0.025087346426555825,0.02508735158651501,0.02508735674342263,0.025087361897284822,0.025087367048105092,0.025087372195888736,0.02508737734064239,0.025087382482366152,0.025087387621068744,0.025087392756754024,0.02508739788942692,0.025087403019095022,0.025087408145754844,0.02508741326941796,0.02508741839008803,0.02508742350776871,0.02508742862246506,0.025087433734182048,0.025087438842923,0.02508744394869451,0.025087449051500826,0.025087454151345903,0.025087459248233933,0.025087464342170265,0.02508746943316272,0.025087474521210972,0.025087479606320448,0.02508748468849695,0.025087489767744737,0.02508749484406828,0.025087499917473315,0.025087504987962635,0.025087510055540458,0.02508751512021234,0.02508752018198264,0.02508752524085563,0.02508753029683592,0.025087535349928195,0.025087540400136867,0.02508754544746682,0.025087550491922104,0.025087555533506077,0.025087560572224034,0.025087565608079888,0.025087570641078947,0.025087575671225024,0.025087580698521128,0.025087585722974703,0.025087590744588602,0.02508759576336696,0.02508760077931398,0.025087605792434412,0.02508761080273294,0.025087615810212315,0.025087620814878062,0.025087625816736927,0.025087630815787923,0.025087635812037868,0.025087640805490002,0.025087645796150297,0.025087650784023044,0.02508765576910925,0.025087660751417086,0.02508766573095,0.025087670707711122,0.02508767568170455,0.025087680652934992,0.025087685621405856,0.025087690587122555,0.025087695550088555,0.025087700510307773,0.025087705467786728,0.025087710422525274,0.02508771537452978,0.025087720323804207,0.025087725270349658,0.02508773021417601,0.025087735155283362,0.025087740093676838,0.025087745029360554,0.0250877499623398,0.025087754892617265,0.025087759820197012,0.025087764745082893,0.025087769667280227,0.025087774586790873,0.025087779503619158,0.02508778441776995,0.02508778932924698,0.025087794238054673,0.025087799144196975,0.025087804047680955,0.025087808948503005,0.02508781384667154,0.025087818742189284,0.025087823635060732,0.025087828525289856,0.025087833412880407,0.02508783829783642,0.025087843180161256,0.025087848059859627,0.02508785293693528,0.025087857811391216,0.025087862683232758,0.025087867552460216,0.025087872419082044,0.02508787728310062,0.02508788214451838,0.02508788700333958,0.025087891859569368,0.02508789671320935,0.025087901564264322,0.025087906412738743,0.025087911258636162,0.025087916101959165,0.025087920942712776,0.025087925780899602,0.025087930616523813,0.025087935449589257,0.02508794028009956,0.025087945108058403,0.02508794993346945,0.025087954756336524,0.025087959576662915,0.025087964394450223,0.025087969209706875,0.025087974022434012,0.02508797883263528,0.02508798364031453,0.025087988445475034,0.0250879932481204,0.02508799804825568,0.025088002845882147,0.025088007641004193,0.025088012433625982,0.025088017223750085,0.025088022011379593,0.025088026796520016,0.025088031579174698,0.025088036359346498,0.025088041137039104,0.025088045912255913,0.025088050684999655,0.02508805545527361,0.025088060223083998,0.025088064988432846,0.025088069751323314,0.025088074511758776,0.025088079269742828,0.02508808402527909,0.025088088778370564,0.025088093529021322,0.025088098277234426,0.02508810302301358,0.02508810776636172,0.02508811250728269,0.02508811724577981,0.0250881219818567,0.02508812671551662,0.025088131446763102,0.025088136175599005,0.025088140902027822,0.025088145626053358,0.025088150347678573,0.025088155066906745,0.02508815978374166,0.025088164498187668,0.025088169210245845,0.025088173919920673,0.025088178627215175,0.02508818333213252,0.025088188034676388,0.025088192734849912,0.0250881974326564,0.02508820212809915,0.025088206821181465,0.02508821151190662,0.02508821620027874,0.025088220886300285,0.025088225569974892,0.025088230251304463,0.02508823493029226,0.02508823960694243,0.025088244281258845,0.025088248953243054,0.025088253622899202,0.025088258290232646,0.02508826295524411,0.025088267617935738,0.025088272278311983,0.025088276936375543,0.02508828159213027,0.025088286245579506,0.025088290896725228,0.02508829554557162,0.025088300192121507,0.025088304836378476,0.025088309478345294,0.025088314118025073,0.025088318755420932,0.025088323390535953,0.025088328023373248,0.02508833265393591,0.025088337282227237,0.025088341908250093,0.02508834653200756,0.02508835115350268,0.025088355772738512,0.025088360389718133,0.025088365004444314,0.02508836961692061,0.025088374227149827,0.025088378835134723,0.02508838344087854,0.02508838804438432,0.025088392645655086,0.025088397244693833,0.02508840184150362,0.025088406436087278,0.025088411028447905,0.025088415618588614,0.025088420206512054,0.025088424792221516,0.02508842937571972,0.025088433957009666,0.02508843853609424,0.02508844311297666,0.025088447687660265,0.025088452260146853,0.02508845683044034,0.02508846139854305,0.02508846596445776,0.02508847052818821,0.025088475089736016,0.02508847964910479,0.025088484206297612,0.025088488761316953,0.025088493314166054,0.02508849786484808,0.0250885024133649,0.02508850695972044,0.02508851150391652,0.02508851604595775,0.025088520585845077,0.025088525123582305,0.025088529659171674,0.025088534192616207,0.025088538723917957,0.025088543253081658,0.025088547780108574,0.025088552305002048,0.02508855682776521,0.025088561348399232,0.025088565866909166,0.025088570383295643,0.025088574897562454,0.025088579409713232,0.025088583919749517,0.02508858842767405,0.02508859293349093,0.025088597437201834,0.025088601938808852,0.02508860643831586,0.025088610935725477,0.025088615431039497,0.025088619924261635,0.02508862441539396,0.02508862890444014,0.025088633391401702,0.02508863787628176,0.02508864235908332,0.02508864683980897,0.02508865131846159,0.025088655795043102,0.025088660269557136,0.025088664742006658,0.025088669212392178,0.025088673680717752,0.025088678146985816,0.025088682611199734,0.025088687073361524,0.025088691533473307,0.025088695991538207,0.02508870044755965,0.02508870490153922,0.025088709353479403,0.025088713803383067,0.025088718251252994,0.025088722697092548,0.02508872714090258,0.025088731582686628,0.02508873602244722,0.02508874046018692,0.02508874489590891,0.025088749329614562,0.025088753761307855,0.02508875819099053,0.0250887626186652,0.025088767044333413,0.025088771467998622,0.025088775889663368,0.025088780309330195,0.0250887847270016,0.025088789142680146,0.025088793556368307,0.025088797968071282,0.025088802377789213,0.02508880678552171,0.025088811191273822,0.02508881559504759,0.025088819996847082,0.025088824396673107,0.025088828794530664,0.025088833190417496,0.025088837584338816,0.02508884197629826,0.025088846366297195,0.025088850754337044,0.025088855140421966,0.02508885952455344,0.025088863906734177,0.025088868286966468,0.025088872665253028,0.025088877041594727,0.025088881415996363,0.02508888578845931,0.02508889015898535,0.025088894527575727,0.02508889889423602,0.02508890325896818,0.0250889076217706,0.025088911982651403,0.025088916341611225,0.025088920698650752,0.025088925053772936,0.02508892940698107,0.02508893375827601,0.025088938107661652,0.025088942455139564,0.025088946800711314,0.025088951144381103,0.025088955486149284,0.025088959826019903,0.025088964163994563,0.025088968500074454,0.02508897283426305,0.025088977166562953,0.025088981496975797,0.025088985825502806,0.02508899015214958,0.025088994476915854,0.02508899879980442,0.025089003120818708,0.025089007439959583,0.025089011757229607,0.025089016072631642,0.02508902038616712,0.025089024697838747,0.0250890290076488,0.02508903331559956,0.025089037621693254,0.025089041925932157,0.025089046228318587,0.025089050528854715,0.025089054827542763,0.02508905912438402,0.025089063419382652,0.025089067712539898,0.02508907200385805,0.025089076293339264,0.025089080580984746,0.02508908486679641,0.02508908915078016,0.02508909343293582,0.025089097713265583,0.025089101991771678,0.02508910626845627,0.02508911054332155,0.025089114816369704,0.025089119087602908,0.02508912335702334,0.025089127624633178,0.025089131890434584,0.02508913615442973,0.025089140416620744,0.02508914467700984,0.025089148935599093,0.025089153192390724,0.02508915744738682,0.025089161700589536,0.02508916595200087,0.025089170201623993,0.025089174449458962,0.025089178695509074,0.02508918293977776,0.02508918718226382,0.02508919142297214,0.025089195661904234,0.02508919989906183,0.025089204134447415,0.025089208368065274,0.025089212599915235,0.02508921682999657,0.02508922105831671,0.02508922528487432,0.025089229509674002,0.025089233732712376,0.025089237953997846,0.025089242173527183,0.025089246391307437,0.02508925060733587,0.025089254821619528,0.025089259034155223,0.025089263244949526,0.02508926745400086,0.025089271661313497,0.025089275866889065,0.025089280070729546,0.025089284272836677,0.025089288473212866,0.025089292671860202,0.025089296868780323,0.025089301063975788,0.025089305257448565,0.0250893094492001,0.02508931363923203,0.025089317827547718,0.02508932201414842,0.025089326199039804,0.02508933038221629,0.02508933456368421,0.025089338743443677,0.02508934292149941,0.025089347097852478,0.025089351272506753,0.025089355445458175,0.025089359616714116,0.025089363786274212,0.0250893679541406,0.02508937212031582,0.02508937628480198,0.025089380447600753,0.0250893846087138,0.025089388768146467,0.02508939292589788,0.02508939708197041,0.025089401236364713,0.025089405389079337,0.025089409540121024,0.025089413689488946,0.025089417837188058,0.02508942198322157,0.025089426127587224,0.02508943027028753,0.02508943441132555,0.025089438550703065,0.025089442688421493,0.025089446824483334,0.025089450958890605,0.02508945509164492,0.025089459222751395,0.02508946335220539,0.025089467480011538,0.025089471606172708,0.025089475730690005,0.02508947985356585,0.025089483974801804,0.02508948809439975,0.025089492212361415,0.025089496328688864,0.025089500443383844,0.025089504556448206,0.025089508667883783,0.025089512777692412,0.025089516885875927,0.025089520992436717,0.025089525097375477,0.02508952920069462,0.025089533302396046,0.0250895374024814,0.025089541500952578,0.02508954559781141,0.025089549693059685,0.02508955378669921,0.02508955787873179,0.025089561969159235,0.02508956605798333,0.025089570145205874,0.025089574230828655,0.025089578314853447,0.02508958239728205,0.025089586478116252,0.025089590557357808,0.025089594635008514,0.025089598711070124,0.025089602785544417,0.025089606858433155,0.025089610929738104,0.02508961499946101,0.02508961906760365,0.025089623134167755,0.025089627199155102,0.025089631262567406,0.025089635324406435,0.025089639384673935,0.025089643443371612,0.025089647500501244,0.02508965155606453,0.025089655610063207,0.025089659662499,0.025089663713373643,0.025089667762688842,0.02508967181044633,0.025089675856647814,0.025089679901295,0.0250896839443896,0.02508968798593332,0.025089692025927847,0.025089696064374917,0.0250897001012762,0.02508970413663339,0.025089708170448182,0.025089712202722266,0.025089716233457383,0.025089720262655227,0.02508972429031854,0.025089728316446906,0.025089732341044908,0.02508973636410998,0.02508974038564607,0.025089744405657227,0.025089748424140402,0.02508975244110197,0.0250897564565412,0.025089760470459733,0.02508976448285927,0.02508976849374148,0.025089772503107916,0.025089776510960324,0.025089780517300233,0.025089784522129437,0.025089788525449453,0.02508979252726192,0.025089796527568476,0.025089800526370797,0.02508980452367047,0.025089808519469122,0.025089812513768333,0.025089816506569704,0.025089820497874976,0.02508982448768566,0.025089828476003335,0.025089832462829628,0.025089836448166192,0.02508984043201465,0.02508984441437662,0.02508984839525351,0.025089852374646976,0.025089856352558695,0.025089860328990153,0.02508986430394297,0.025089868277418704,0.025089872249419082,0.025089876219945583,0.025089880188999755,0.025089884156583184,0.025089888122697412,0.025089892087344006,0.025089896050520925,0.025089900012237026,0.0250899039724902,0.02508990793127943,0.025089911888611288,0.025089915844484965,0.025089919798901846,0.02508992375186358,0.025089927703371647,0.025089931653425723,0.02508993560202724,0.025089939549183555,0.02508994349488924,0.025089947439150377,0.025089951381964553,0.025089955323336074,0.025089959263266515,0.025089963201756715,0.025089967138808175,0.025089971074424403,0.025089975008603615,0.025089978941350573,0.02508998287266359,0.025089986802545764,0.02508999073099853,0.02508999465802559,0.025089998583624887,0.025090002507798567,0.02509000643054965,0.02509001035187887,0.02509001427178767,0.02509001819027864,0.025090022107351118,0.02509002602300765,0.02509002993725074,0.02509003385008046,0.02509003776149803,0.025090041671505952,0.025090045580104303,0.025090049487296085,0.025090053393081395,0.025090057297465145,0.02509006120044535,0.025090065102024384,0.02509006900220482,0.025090072900986374,0.02509007679837003,0.025090080694356635,0.025090084588949367,0.025090088482150025,0.02509009237395893,0.02509009626438035,0.025090100153413245,0.025090104041058846,0.025090107927318382,0.02509011181219354,0.02509011569568708,0.025090119577798005,0.025090123458530074,0.02509012733788387,0.0250901312158598,0.02509013509246125,0.025090138967688563,0.02509014284154322,0.025090146714026648,0.02509015058513912,0.025090154454884224,0.025090158323262286,0.025090162190274694,0.025090166055923218,0.025090169920208516,0.025090173783132313,0.02509017764469607,0.025090181504901093,0.025090185363748817,0.02509018922124061,0.025090193077378076,0.02509019693216212,0.025090200785594412,0.025090204637675917,0.025090208488408455,0.025090212337793582,0.025090216185832417,0.025090220032528757,0.025090223877879746,0.025090227721887823,0.025090231564555036,0.025090235405882576,0.02509023924587225,0.025090243084524875,0.02509024692184246,0.025090250757824766,0.02509025459247743,0.02509025842579669,0.02509026225778593,0.025090266088446528,0.025090269917781852,0.025090273745788632,0.025090277572470787,0.025090281397829567,0.02509028522186614,0.02509028904458163,0.0250902928659777,0.025090296686055665,0.02509030050481685,0.025090304322262575,0.02509030813839415,0.025090311953212888,0.025090315766720106,0.025090319578917112,0.025090323389805214,0.02509032719938572,0.025090331007659932,0.025090334814629096,0.025090338620294965,0.0250903424246585,0.025090346227721324,0.02509035002948408,0.025090353829945983,0.02509035762911312,0.025090361426984027,0.02509036522356036,0.025090369018843258,0.025090372812833994,0.025090376605534103,0.02509038039694467,0.025090384187066574,0.025090387975897608,0.025090391763447066,0.025090395549709953,0.025090399334691812,0.025090403118391762,0.02509040690081106,0.025090410681951,0.025090414461812805,0.025090418240397764,0.02509042201770654,0.02509042579374097,0.025090429568502298,0.02509043334199178,0.025090437114211238,0.025090440885160777,0.025090444654840217,0.025090448423252767,0.025090452190401714,0.025090455956283748,0.025090459720902826,0.025090463484262773,0.025090467246361263,0.025090471007202228,0.025090474766784287,0.025090478525108578,0.02509048228216996,0.025090486037983712,0.02509048979254223,0.025090493545850672,0.025090497297902806,0.02509050104870867,0.0250905047982661,0.025090508546576244,0.0250905122936431,0.025090516039465174,0.025090519784043887,0.025090523527379952,0.025090527269475044,0.025090531010330132,0.0250905347499464,0.025090538488324793,0.025090542225466774,0.025090545961373594,0.025090549696046415,0.025090553429486354,0.025090557161694695,0.02509056089267265,0.025090564622421253,0.02509056835094235,0.02509057207823593,0.02509057580430373,0.025090579529147065,0.025090583252766935,0.025090586975164784,0.025090590696341456,0.025090594416298326,0.02509059813503826,0.025090601852561446,0.025090605568865207,0.025090609283954075,0.02509061299782871,0.025090616710493088,0.025090620421943762,0.025090624132183655,0.025090627841214075,0.025090631549036353,0.025090635255651448,0.02509063896106061,0.025090642665264975,0.025090646368265742,0.02509065007006431,0.02509065377066119,0.025090657470057898,0.025090661168255816,0.025090664865255446,0.02509066856105988,0.02509067225566709,0.025090675949079884,0.025090679641298692,0.025090683332325663,0.025090687022161526,0.025090690710807242,0.025090694398263832,0.02509069808453255,0.02509070176961686,0.02509070545351316,0.025090709136225856,0.025090712817752266,0.025090716498098797,0.025090720177265793,0.025090723855252347,0.025090727532059817,0.025090731207689572,0.025090734882142657,0.025090738555420208,0.02509074222752333,0.0250907458984534,0.025090749568211272,0.02509075323679798,0.025090756904214414,0.02509076057046123,0.025090764235541164,0.025090767899454067,0.025090771562197536,0.02509077522377917,0.025090778884198174,0.025090782543453892,0.025090786201548792,0.02509078985848424,0.025090793514260388,0.025090797168876938,0.02509080082233778,0.0250908044746413,0.02509080812579075,0.02509081177578736,0.02509081542463149,0.025090819072323595,0.025090822718863707,0.025090826364255976,0.025090830008497985,0.02509083365159223,0.025090837293540537,0.025090840934347148,0.025090844574007797,0.025090848212525257,0.025090851849900606,0.025090855486131478,0.025090859121226224,0.025090862755180948,0.02509086638799817,0.025090870019679194,0.025090873650226612,0.025090877279638154,0.025090880907914868,0.02509088453505892,0.02509088816107165,0.025090891785953667,0.02509089540970651,0.02509089903233118,0.02509090265382442,0.02509090627419438,0.025090909893439175,0.02509091351155995,0.025090917128556527,0.025090920744431255,0.025090924359185144,0.025090927972818457,0.02509093158533191,0.025090935196727622,0.025090938807006153,0.025090942416168525,0.02509094602421304,0.025090949631146015,0.025090953236965967,0.02509095684167382,0.025090960445270552,0.025090964047757208,0.025090967649134824,0.0250909712494047,0.025090974848566795,0.025090978446623023,0.025090982043575072,0.02509098563942195,0.025090989234166243,0.025090992827808644,0.02509099642034976,0.025091000011790085,0.025091003602132237,0.02509100719137589,0.025091010779523044,0.025091014366573707,0.025091017952529552,0.025091021537388375,0.025091025121156664,0.02509102870383281,0.02509103228541771,0.025091035865913682,0.025091039445319263,0.02509104302363641,0.025091046600866484,0.02509105017701027,0.025091053752068538,0.025091057326042696,0.02509106089893349,0.025091064470743094,0.02509106804147123,0.02509107161111656,0.025091075179683585,0.025091078747172556,0.025091082313584732,0.025091085878919023,0.02509108944317847,0.025091093006362468,0.02509109656847401,0.025091100129510466,0.02509110368947618,0.02509110724837106,0.025091110806196144,0.025091114362952145,0.025091117918640164,0.02509112147326113,0.025091125026815275,0.025091128579303155,0.025091132130728645,0.025091135681089432,0.025091139230389418,0.025091142778625643,0.025091146325804094,0.025091149871922624,0.025091153416982582,0.0250911569609853,0.02509116050393091,0.02509116404582076,0.02509116758665578,0.025091171126436863,0.02509117466515994,0.02509117820283598,0.025091181739460917,0.02509118527503563,0.025091188809556422,0.025091192343033534,0.02509119587546356,0.02509119940684671,0.025091202937181183,0.025091206466474364,0.02509120999472348,0.02509121352192975,0.025091217048094448,0.025091220573218193,0.025091224097297936,0.02509122762034219,0.02509123114234834,0.025091234663317197,0.02509123818324929,0.02509124170214556,0.02509124522000756,0.02509124873683602,0.025091252252628607,0.02509125576739171,0.025091259281124288,0.025091262793825547,0.025091266305495706,0.025091269816139065,0.025091273325754695,0.02509127683434349,0.02509128034190784,0.025091283848447582,0.025091287353959626,0.025091290858449893,0.02509129436191921,0.02509129786436581,0.025091301365793215,0.025091304866202625,0.025091308365593385,0.02509131186396302,0.025091315361319342,0.025091318857660253,0.02509132235298604,0.025091325847295915,0.025091329340592786,0.025091332832878278,0.025091336324150594,0.025091339814411823,0.025091343303665154,0.025091346791909108,0.025091350279144758,0.02509135376537345,0.025091357250595425,0.025091360734813703,0.025091364218025727,0.025091367700233572,0.025091371181436825,0.02509137466163962,0.02509137814083866,0.025091381619041078,0.025091385096242414,0.025091388572445583,0.025091392047651033,0.025091395521859315,0.025091398995071155,0.025091402467288346,0.025091405938511824,0.025091409408740755,0.02509141287797759,0.02509141634622283,0.025091419813472963,0.025091423279736246,0.025091426745010015,0.02509143020929557,0.02509143367259381,0.02509143713490471,0.025091440596228472,0.02509144405656829,0.02509144751592375,0.025091450974295413,0.025091454431683428,0.025091457888090647,0.02509146134351683,0.02509146479796306,0.025091468251431506,0.025091471703919996,0.025091475155430917,0.02509147860596482,0.025091482055522443,0.02509148550410502,0.02509148895171383,0.025091492398348823,0.02509149584401097,0.02509149928870117,0.025091502732419627,0.025091506175168497,0.02509150961694779,0.0250915130577587,0.025091516497603626,0.025091519936479442,0.02509152337438905,0.025091526811333212,0.025091530247312824,0.025091533682328852,0.025091537116381697,0.02509154054947159,0.025091543981600822,0.025091547412769612,0.025091550842976915,0.025091554272226896,0.025091557700518293,0.025091561127851162,0.025091564554229142,0.02509156797965152,0.025091571404118766,0.02509157482763165,0.025091578250190368,0.025091581671797317,0.025091585092453284,0.025091588512157554,0.025091591930911355,0.02509159534871584,0.02509159876557156,0.025091602181479766,0.02509160559644082,0.025091609010455554,0.025091612423524604,0.02509161583564908,0.025091619246829403,0.02509162265706666,0.025091626066361658,0.02509162947471467,0.025091632882127277,0.025091636288599693,0.025091639694132,0.025091643098726746,0.02509164650238358,0.025091649905103333,0.0250916533068868,0.02509165670773511,0.025091660107649166,0.02509166350662897,0.025091666904675902,0.025091670301790294,0.025091673697973174,0.02509167709322502,0.02509168048754709,0.025091683880940043,0.025091687273404398,0.025091690664940654,0.02509169405555031,0.0250916974452333,0.025091700833991214,0.025091704221824204,0.02509170760873322,0.025091710994718634,0.02509171437978208,0.025091717763923896,0.02509172114714513,0.025091724529445664,0.02509172791082673,0.02509173129128889,0.025091734670833005,0.02509173804946027,0.025091741427171046,0.02509174480396585,0.025091748179846756,0.025091751554812667,0.025091754928866093,0.02509175830200523,0.02509176167423285,0.025091765045550704,0.0250917684159565,0.025091771785452587,0.025091775154039306,0.02509177852171835,0.02509178188848978,0.025091785254354345,0.025091788619311894,0.025091791983368254,0.025091795346516257,0.025091798708760302,0.025091802070101355,0.025091805430539703,0.025091808790076508,0.025091812148712055,0.02509181550644772,0.025091818863283488,0.02509182221922036,0.025091825574260276,0.025091828928401734,0.02509183228164653,0.02509183563399522,0.02509183898544903,0.02509184233600842,0.025091845685673613,0.025091849034445717,0.025091852382326363,0.025091855729316763,0.025091859075414478,0.025091862420621443,0.025091865764938364,0.025091869108367804,0.02509187245090827,0.025091875792561447,0.02509187913333065,0.025091882473211063,0.025091885812206432,0.02509188915031785,0.025091892487544558,0.02509189582388961,0.02509189915935076,0.025091902493930195,0.025091905827629497,0.02509190916044774,0.02509191249238658,0.025091915823446286,0.025091919153627407,0.025091922482930913,0.025091925811358242,0.02509192913890871,0.02509193246558342,0.025091935791383635,0.025091939116309744,0.02509194244036279,0.025091945763542876,0.02509194908585087,0.025091952407287958,0.025091955727853957,0.02509195904755002,0.025091962366376924,0.02509196568433555,0.025091969001426965,0.02509197231765067,0.02509197563300768,0.025091978947499576,0.025091982261125193,0.025091985573886772,0.025091988885784455,0.025091992196819443,0.02509199550699158,0.025091998816301538,0.025092002124750233,0.02509200543233861,0.025092008739067407,0.025092012044937863,0.02509201534994907,0.02509201865410334,0.025092021957400745,0.025092025259840795,0.025092028561424874,0.025092031862154404,0.02509203516202884,0.02509203846105014,0.025092041759217736,0.02509204505653331,0.025092048352997744,0.02509205164861168,0.02509205494337434,0.02509205823728726,0.02509206153035134,0.025092064822567015,0.0250920681139344,0.02509207140445494,0.025092074694129086,0.02509207798295744,0.025092081270940984,0.02509208455807946,0.025092087844374368,0.02509209112982592,0.025092094414435138,0.02509209769820281,0.02509210098112866,0.025092104263214367,0.025092107544459754,0.025092110824866176,0.025092114104433703,0.02509211738316333,0.025092120661056597,0.025092123938112165,0.025092127214331718,0.025092130489715866,0.025092133764265473,0.02509213703798091,0.025092140310863813,0.025092143582913114,0.025092146854130273,0.025092150124516335,0.025092153394071257,0.02509215666279543,0.025092159930690226,0.02509216319775627,0.025092166463993572,0.025092169729403518,0.025092172993986084,0.02509217625774212,0.02509217952067227,0.025092182782777226,0.02509218604405769,0.02509218930451431,0.0250921925641474,0.02509219582295804,0.025092199080947036,0.025092202338114277,0.025092205594460567,0.025092208849986725,0.02509221210469364,0.025092215358581346,0.02509221861165075,0.02509222186390255,0.02509222511533685,0.02509222836595557,0.025092231615758055,0.025092234864745485,0.025092238112918264,0.025092241360277157,0.025092244606822734,0.025092247852556638,0.025092251097477352,0.025092254341587024,0.025092257584886018,0.025092260827374133,0.025092264069052753,0.025092267309921805,0.025092270549983076,0.025092273789236428,0.025092277027682505,0.02509228026532159,0.02509228350215542,0.025092286738183613,0.0250922899734074,0.025092293207826636,0.025092296441442622,0.025092299674255455,0.025092302906265948,0.025092306137474665,0.025092309367882374,0.025092312597491142,0.02509231582629903,0.025092319054305427,0.025092322281511016,0.02509232550792195,0.02509232873353536,0.02509233195835188,0.02509233518237239,0.02509233840559685,0.02509234162802637,0.025092344849661167,0.025092348070503,0.025092351290550423,0.025092354509805053,0.02509235772826739,0.02509236094593767,0.025092364162817567,0.02509236737890706,0.025092370594206718,0.025092373808717247,0.025092377022439175,0.025092380235372955,0.02509238344751927,0.02509238665887884,0.025092389869452798,0.02509239307924022,0.025092396288240608,0.025092399496458345,0.025092402703892257,0.025092405910542636,0.02509240911641039,0.025092412321496633,0.025092415525800552,0.025092418729323152,0.02509242193206543,0.025092425134027957,0.025092428335211105,0.02509243153561564,0.02509243473524181,0.025092437934090644,0.025092441132162267,0.02509244432945752,0.025092447525976794,0.025092450721720807,0.025092453916690103,0.02509245711088521,0.02509246030430648,0.025092463496954903,0.02509246668883096,0.02509246987993519,0.025092473070267008,0.025092476259828887,0.02509247944862038,0.0250924826366424,0.025092485823895096,0.025092489010379436,0.02509249219609664,0.025092495381045885,0.025092498565228345,0.02509250174864452,0.025092504931295362,0.025092508113182727,0.025092511294302886,0.025092514474660897,0.025092517654258507,0.02509252083308921,0.0250925240111573,0.02509252718846376,0.025092530365008997,0.025092533540795568,0.025092536715820218,0.025092539890085277,0.025092543063591245,0.02509254623633847,0.025092549408327836,0.02509255257956017,0.025092555750035283,0.025092558919754763,0.025092562088718,0.025092565256924236,0.025092568424378292,0.025092571591078958,0.025092574757025397,0.02509257792221912,0.025092581086661115,0.025092584250350346,0.02509258741328827,0.02509259057547536,0.025092593736912177,0.025092596897600284,0.025092600057538227,0.025092603216727617,0.025092606375168924,0.02509260953286255,0.02509261268980981,0.02509261584601027,0.02509261900146491,0.02509262215617415,0.02509262531013828,0.025092628463357594,0.0250926316158338,0.025092634767566874,0.025092637918557193,0.02509264106880725,0.02509264421831373,0.02509264736707925,0.02509265051510511,0.025092653662392633,0.025092656808938064,0.02509265995474184,0.025092663099810557,0.025092666244140745,0.02509266938773356,0.0250926725305897,0.025092675672709328,0.02509267881409251,0.025092681954741087,0.02509268509465461,0.02509268823383631,0.025092691372282244,0.02509269450999456,0.02509269764697463,0.025092700783222472,0.025092703918738874,0.025092707053522494,0.025092710187574366,0.025092713320898897,0.025092716453494025,0.02509271958536066,0.025092722716498428,0.02509272584690617,0.025092728976586057,0.02509273210554061,0.025092735233769127,0.025092738361271974,0.02509274148804954,0.02509274461410277,0.025092747739432434,0.02509275086403669,0.025092753987917417,0.025092757111075645,0.025092760233511577,0.025092763355225662,0.025092766476218345,0.025092769596490084,0.025092772716038953,0.02509277583486657,0.025092778952979573,0.025092782070373645,0.02509278518704848,0.025092788303005664,0.025092791418246507,0.025092794532770645,0.025092797646579113,0.02509280075967115,0.025092803872047962,0.025092806983710164,0.025092810094658084,0.025092813204892376,0.025092816314413957,0.025092819423222876,0.025092822531319028,0.025092825638703492,0.025092828745376747,0.025092831851339283,0.0250928349565916,0.025092838061138,0.025092841164971402,0.025092844268092874,0.025092847370508466,0.025092850472215735,0.02509285357321752,0.025092856673512468,0.02509285977310117,0.025092862871983816,0.025092865970160992,0.025092869067633344,0.02509287216440169,0.02509287526046627,0.025092878355827415,0.025092881450486666,0.025092884544441613,0.025092887637697372,0.025092890730250304,0.025092893822105045,0.025092896913256755,0.025092900003707463,0.025092903093458782,0.025092906182510043,0.02509290927085846,0.025092912358512732,0.025092915445472642,0.02509291853173536,0.025092921617302023,0.02509292470217399,0.025092927786347613,0.025092930869827303,0.025092933952612355,0.02509293703470338,0.025092940116100533,0.025092943196803847,0.025092946276815197,0.02509294935613461,0.025092952434762745,0.02509295551269919,0.02509295858994446,0.02509296166649873,0.02509296474236437,0.02509296781754066,0.02509297089202724,0.025092973965829525,0.0250929770389407,0.025092980111364415,0.02509298318310161,0.025092986254152086,0.025092989324519047,0.025092992394198155,0.025092995463191357,0.025092998531505654,0.025093001599130593,0.025093004666076606,0.025093007732334662,0.02509301079791022,0.025093013862803024,0.025093016927014725,0.02509301999054378,0.0250930230533922,0.025093026115560316,0.02509302917704887,0.02509303223785778,0.02509303529798811,0.025093038357439715,0.025093041416213643,0.025093044474309562,0.025093047531728325,0.02509305058847034,0.02509305364453119,0.025093056699920156,0.025093059754636632,0.025093062808676556,0.02509306586204212,0.025093068914733865,0.025093071966752277,0.025093075018091455,0.025093078068763944,0.025093081118764307,0.02509308416809257,0.025093087216746985,0.02509309026473371,0.025093093312050327,0.025093096358703094,0.02509309940467943,0.02509310244998766,0.025093105494627427,0.025093108538601,0.02509311158190513,0.025093114624541123,0.02509311766651395,0.02509312070781863,0.02509312374845388,0.02509312678842642,0.025093129827734463,0.025093132866378053,0.025093135904357813,0.02509313894167433,0.025093141978327245,0.02509314501431755,0.025093148049645568,0.02509315108431187,0.025093154118316856,0.025093157151660345,0.025093160184343426,0.025093163216367047,0.025093166247731023,0.025093169278436286,0.025093172308482656,0.02509317533787078,0.02509317836660112,0.025093181394674105,0.025093184422090176,0.025093187448849783,0.025093190474953165,0.025093193500401855,0.025093196525194553,0.025093199549333513,0.02509320257281739,0.02509320559564955,0.025093208617824794,0.025093211639350244,0.025093214660221342,0.025093217680440337,0.02509322070000768,0.025093223718923252,0.02509322673718852,0.025093229754801275,0.025093232771766266,0.025093235788083437,0.025093238803747506,0.025093241818764402,0.02509324483313395,0.025093247846855897,0.025093250859930378,0.025093253872358067,0.025093256884139024,0.025093259895274205,0.025093262905763455,0.025093265915607614,0.0250932689248069,0.02509327193336188,0.025093274941272867,0.025093277948539956,0.025093280955164186,0.025093283961142757,0.025093286966482085,0.025093289971179773,0.025093292975237175,0.025093295978652116,0.025093298981426652,0.02509330198356146,0.025093304985056013,0.02509330798591175,0.02509331098612861,0.025093313985704326,0.025093316984645286,0.025093319982947317,0.02509332298061298,0.02509332597764093,0.02509332897403309,0.025093331969785977,0.025093334964908134,0.02509333795939373,0.02509334095324502,0.025093343946462027,0.025093346939044848,0.02509334993099449,0.025093352922310866,0.025093355912994785,0.025093358903046915,0.0250933618924667,0.025093364881255128,0.02509336786941272,0.025093370856939815,0.02509337384383664,0.025093376830103882,0.0250933798157418,0.02509338280075085,0.02509338578513154,0.025093388768883822,0.025093391752008608,0.025093394734506135,0.025093397716376805,0.025093400697621296,0.025093403678239496,0.025093406658232845,0.025093409637600376,0.02509341261634288,0.02509341559446115,0.025093418571955142,0.02509342154882597,0.02509342452507324,0.02509342750069798,0.025093430475700253,0.025093433450080558,0.02509343642383874,0.025093439396976235,0.025093442369492756,0.02509344534138915,0.02509344831266558,0.025093451283320897,0.025093454253357943,0.02509345722277655,0.025093460191576912,0.02509346315975938,0.02509346612732383,0.025093469094272347,0.02509347206060321,0.02509347502631777,0.02509347799141563,0.0250934809558986,0.02509348391976621,0.02509348688301924,0.025093489845657676,0.02509349280768209,0.025093495769092932,0.02509349872989055,0.025093501690075248,0.02509350464964408,0.025093507608604813,0.025093510566953463,0.025093513524690927,0.025093516481816725,0.025093519438332063,0.025093522394238257,0.025093525349534785,0.025093528304221683,0.025093531258299145,0.025093534211768034,0.025093537164628782,0.025093540116882227,0.025093543068527884,0.025093546019567592,0.025093548970000122,0.025093551919826977,0.025093554869047276,0.02509355781766171,0.025093560765671423,0.025093563713076732,0.02509356665987738,0.025093569606074215,0.025093572551667772,0.025093575496658253,0.02509357844104521,0.02509358138483019,0.025093584328013542,0.025093587270595272,0.025093590212575373,0.025093593153954902,0.025093596094733796,0.02509359903491289,0.025093601974492185,0.02509360491347226,0.025093607851853158,0.02509361078963564,0.025093613726819945,0.025093616663406433,0.025093619599395732,0.02509362253478752,0.025093625469583082,0.025093628403781983,0.02509363133738449,0.025093634270391938,0.025093637202804102,0.025093640134621592,0.025093643065846022,0.02509364599647547,0.025093648926510323,0.025093651855953164,0.025093654784801623,0.025093657713058673,0.025093660640719512,0.02509366356779238,0.025093666494274393,0.02509366942016273,0.025093672345463135,0.025093675270172616,0.025093678194292222,0.02509368111782216,0.025093684040764896,0.025093686963116514,0.02509368988488032,0.025093692806055622,0.02509369572664325,0.02509369864664348,0.025093701566059123,0.02509370448488572,0.02509370740312605,0.02509371032078048,0.025093713237849834,0.025093716154333562,0.025093719070232955,0.025093721985547636,0.02509372490027805,0.025093727814424753,0.02509373072798811,0.02509373364096848,0.02509373655336623,0.025093739465181748,0.02509374237641544,0.02509374528706752,0.025093748197138298,0.02509375110662762,0.025093754015537355,0.025093756923867182,0.025093759831617175,0.025093762738788442,0.02509376564537987,0.025093768551392757,0.02509377145682684,0.025093774361683918,0.025093777265961098,0.02509378016966146,0.025093783072786376,0.025093785975334695,0.025093788877307108,0.02509379177870408,0.02509379467952477,0.025093797579770833,0.025093800479442492,0.02509380337853937,0.025093806277062182,0.025093809175011344,0.025093812072387364,0.025093814969190303,0.025093817865420604,0.025093820761076663,0.025093823656162823,0.025093826550679075,0.025093829444622857,0.025093832337995513,0.025093835230792356,0.025093838123023945,0.02509384101468648,0.02509384390577751,0.025093846796301514,0.02509384968625636,0.025093852575642846,0.025093855464459046,0.025093858352710635,0.02509386124039424,0.025093864127511092,0.025093867014061556,0.025093869900045113,0.025093872785463527,0.02509387567031571,0.025093878554602427,0.025093881438324278,0.025093884321481377,0.025093887204071966,0.025093890086099812,0.02509389296756522,0.025093895848468238,0.0250938987288119,0.025093901608589875,0.02509390448780453,0.02509390736645735,0.02509391024454867,0.025093913122078898,0.0250939159990483,0.025093918875456794,0.02509392175130559,0.025093924626594398,0.025093927501323762,0.025093930375495472,0.025093933249108278,0.02509393612216269,0.0250939389946589,0.025093941866597344,0.025093944737978397,0.0250939476088019,0.0250939504790691,0.025093953348778668,0.025093956217932603,0.02509395908653137,0.02509396195457344,0.025093964822061294,0.025093967688993826,0.02509397055537394,0.025093973421198547,0.025093976286471403,0.02509397915119129,0.02509398201535745,0.02509398487897025,0.025093987742030102,0.025093990604537434,0.02509399346649272,0.025093996327897317,0.025093999188750594,0.02509400204905315,0.02509400490880527,0.025094007768006965,0.02509401062665895,0.02509401348476186,0.025094016342315898,0.02509401919932105,0.0250940220557778,0.025094024911686334,0.025094027767047774,0.025094030621861264,0.025094033476127736,0.02509403632984627,0.025094039183019518,0.025094042035646667,0.025094044887724633,0.02509404773926053,0.02509405059025159,0.025094053440697504,0.02509405629059903,0.02509405913995632,0.02509406198876724,0.02509406483703769,0.025094067684764704,0.025094070531948807,0.025094073378591382,0.02509407622469033,0.02509407907024781,0.02509408191526325,0.025094084759737862,0.025094087603673074,0.025094090447065523,0.02509409328991838,0.025094096132231253,0.025094098974006055,0.025094101815239456,0.0250941046559346,0.02509410749609001,0.025094110335707888,0.025094113174788064,0.02509411601333036,0.02509411885133531,0.025094121688803206,0.025094124525734274,0.02509412736213043,0.025094130197988822,0.025094133033311636,0.025094135868098267,0.02509413870235043,0.02509414153606772,0.025094144369250514,0.025094147201898936,0.025094150034013423,0.02509415286559573,0.02509415569664357,0.02509415852715995,0.02509416135714221,0.025094164186592056,0.025094167015509847,0.025094169843896036,0.02509417267175236,0.02509417549907472,0.025094178325867692,0.02509418115213038,0.02509418397786284,0.025094186803065476,0.025094189627738694,0.02509419245188246,0.025094195275499127,0.025094198098585613,0.02509420092114289,0.025094203743173116,0.025094206564676126,0.025094209385650625,0.02509421220609889,0.025094215026021684,0.025094217845416454,0.02509422066428549,0.02509422348262871,0.02509422630044644,0.025094229117738988,0.025094231934506737,0.02509423475074988,0.025094237566468554,0.025094240381662407,0.025094243196332463,0.025094246010479927,0.025094248824104794,0.025094251637206584,0.025094254449786097,0.02509425726184331,0.0250942600733791,0.025094262884393377,0.02509426569488645,0.02509426850485807,0.025094271314309604,0.025094274123240806,0.025094276931653635,0.025094279739546723,0.025094282546920442,0.025094285353775076,0.02509428816011089,0.025094290965928225,0.025094293771225754,0.025094296576006994,0.025094299380269088,0.025094302184013834,0.02509430498724125,0.0250943077899523,0.025094310592146916,0.025094313393825472,0.02509431619498833,0.025094318995636813,0.025094321795769328,0.02509432459538696,0.02509432739448966,0.02509433019307805,0.02509433299115826,0.02509433578871861,0.02509433858576539,0.02509434138229955,0.025094344178320908,0.025094346973829444,0.025094349768825765,0.025094352563309285,0.025094355357281786,0.025094358150742957,0.025094360943693834,0.02509436373613316,0.02509436652806141,0.025094369319480767,0.025094372110390135,0.025094374900789553,0.025094377690680295,0.025094380480062153,0.025094383268935976,0.025094386057300376,0.025094388845156464,0.02509439163250491,0.02509439441934556,0.025094397205679266,0.025094399991505922,0.02509440277682595,0.02509440556163969,0.025094408345947894,0.02509441112974976,0.02509441391304622,0.02509441669583723,0.025094419478123468,0.02509442225990499,0.025094425041182453,0.025094427821955565,0.025094430602226235,0.02509443338199237,0.025094436161255375,0.025094438940016516,0.025094441718273925,0.025094444496028975,0.025094447273283086,0.025094450050035362,0.025094452826285196,0.025094455602034754,0.025094458377283267,0.025094461152031195,0.025094463926278756,0.02509446670002623,0.02509446947327405,0.025094472246022216,0.025094475018270012,0.025094477790018895,0.025094480561269082,0.025094483332020977,0.025094486102274723,0.025094488872030734,0.02509449164128917,0.025094494410050367,0.02509449717831462,0.02509449994608219,0.025094502713353388,0.025094505480128447,0.025094508246407677,0.02509451101219137,0.025094513777479788,0.025094516542273206,0.025094519306571927,0.02509452207037654,0.025094524833686477,0.025094527596502544,0.025094530358825883,0.02509453312065385,0.025094535881989847,0.025094538642833286,0.025094541403183457,0.025094544163040692,0.025094546922407434,0.025094549681283017,0.025094552439667572,0.025094555197559872,0.025094557954960937,0.02509456071187125,0.02509456346829208,0.0250945662242229,0.025094568979664438,0.025094571734616752,0.02509457448907927,0.02509457724305252,0.02509457999653813,0.025094582749534897,0.02509458550204343,0.025094588254064208,0.025094591005597463,0.02509459375664631,0.025094596507207877,0.025094599257280144,0.02509460200686906,0.02509460475597207,0.02509460750458689,0.025094610252715466,0.0250946130003582,0.025094615747515876,0.02509461849418887,0.025094621240378416,0.025094623986082008,0.025094626731301667,0.02509462947603813,0.025094632220291072,0.025094634964060634,0.025094637707347864,0.025094640450151664,0.025094643192478193,0.025094645934318184,0.025094648675675887,0.025094651416552035,0.02509465415694754,0.02509465689685973,0.025094659636292295,0.02509466237524411,0.025094665113714734,0.025094667851706897,0.025094670589218604,0.02509467332625022,0.02509467606280311,0.025094678798876724,0.02509468153447161,0.025094684269588306,0.025094687004226818,0.025094689738388905,0.02509469247207201,0.02509469520527914,0.025094697938009183,0.02509470067026049,0.025094703402034808,0.02509470613333497,0.02509470886416008,0.02509471159450747,0.025094714324380287,0.025094717053777874,0.025094719782700472,0.025094722511148325,0.025094725239121717,0.025094727966620965,0.025094730693645997,0.025094733420197354,0.025094736146275297,0.025094738871880087,0.02509474159701215,0.025094744321671584,0.025094747045858467,0.02509474976957328,0.025094752492816896,0.02509475521558814,0.025094757937888183,0.02509476065971701,0.025094763381075004,0.02509476610196256,0.025094768822379862,0.025094771542327123,0.02509477426180472,0.025094776980812167,0.025094779699350794,0.02509478241742035,0.025094785135021055,0.02509478785215343,0.025094790568817412,0.02509479328501323,0.025094796000741895,0.025094798716002654,0.02509480143079633,0.025094804145123252,0.025094806858983226,0.02509480957237687,0.025094812285303945,0.025094814997767858,0.025094817709763136,0.025094820421292803,0.025094823132358477,0.02509482584295821,0.025094828553093338,0.02509483126276188,0.025094833971968933,0.02509483668071169,0.02509483938899051,0.02509484209680591,0.0250948448041581,0.025094847511047347,0.02509485021747384,0.025094852923437917,0.025094855628939757,0.025094858333979665,0.025094861038557882,0.02509486374267463,0.025094866446330178,0.025094869149524926,0.025094871852258872,0.025094874554532413,0.025094877256345467,0.025094879957698768,0.02509488265859242,0.025094885359026608,0.025094888059001626,0.025094890758517695,0.025094893457576182,0.02509489615617508,0.025094898854316247,0.025094901552000084,0.02509490424922597,0.02509490694599361,0.02509490964230401,0.025094912338157367,0.025094915033554006,0.025094917728494145,0.025094920422977993,0.02509492311700599,0.025094925810578195,0.025094928503694894,0.025094931196356,0.02509493388856012,0.025094936580310846,0.025094939271608097,0.0250949419624511,0.025094944652839242,0.02509494734277454,0.025094950032260057,0.025094952721288137,0.025094955409863694,0.025094958097985877,0.025094960785655394,0.025094963472872326,0.025094966159637407,0.025094968845950683,0.02509497153181243,0.025094974217222697,0.025094976902181758,0.025094979586689974,0.025094982270747412,0.025094984954356345,0.02509498763751327,0.025094990320220292,0.025094993002477608,0.025094995684285495,0.02509499836564787,0.02509500104655802,0.025095003727018967,0.025095006407031373,0.02509500908659553,0.02509501176571169,0.025095014444380035,0.025095017122600573,0.02509501980037122,0.02509502247769717,0.025095025154576997,0.025095027831010093,0.02509503050699619,0.025095033182536673,0.025095035857631228,0.02509503853227984,0.025095041206484446,0.025095043880242737,0.02509504655355576,0.02509504922642433,0.025095051898848367,0.02509505457082818,0.02509505724236402,0.025095059913456078,0.0250950625841047,0.025095065254310125,0.025095067924072473,0.025095070593392003,0.02509507326226988,0.025095075930705344,0.02509507859869858,0.025095081266250013,0.025095083933359675,0.02509508660002698,0.02509508926625071,0.025095091932035792,0.025095094597380425,0.025095097262284444,0.02509509992674805,0.0250951025907716,0.025095105254355404,0.0250951079174972,0.025095110580201446,0.025095113242466514,0.025095115904292968,0.025095118565679444,0.02509512122662905,0.025095123887140573,0.025095126547214113,0.02509512920684981,0.02509513186604843,0.02509513452480944,0.025095137183133383,0.025095139841020783,0.025095142498470474,0.02509514515548463,0.025095147812061597,0.025095150468204003,0.02509515312391042,0.025095155779180936,0.025095158434014365,0.025095161088415092,0.025095163742382565,0.025095166395915695,0.025095169049014855,0.025095171701682607,0.02509517435391298,0.025095177005713648,0.025095179657075705,0.025095182308007506,0.025095184958503405,0.025095187608566577,0.025095190258197224,0.02509519290739579,0.025095195556165406,0.02509519820450265,0.025095200852405488,0.02509520349987693,0.025095206146917116,0.02509520879352665,0.025095211439707225,0.025095214085455095,0.0250952167307718,0.02509521937565815,0.025095222020113953,0.025095224664142785,0.025095227307742,0.025095229950911627,0.025095232593652362,0.025095235235964575,0.025095237877848255,0.02509524051930376,0.025095243160331064,0.025095245800930574,0.02509524844110247,0.02509525108084687,0.025095253720164603,0.025095256359055997,0.02509525899751968,0.025095261635557357,0.025095264273168008,0.025095266910352864,0.025095269547111637,0.025095272183443765,0.025095274819351584,0.025095277454835134,0.025095280089892955,0.025095282724526085,0.025095285358734457,0.025095287992518645,0.02509529062587923,0.02509529325881573,0.025095295891328164,0.025095298523417145,0.025095301155083034,0.02509530378632579,0.02509530641714641,0.025095309047543857,0.025095311677518873,0.025095314307071896,0.02509531693620469,0.02509531956491409,0.0250953221932024,0.02509532482106946,0.025095327448515028,0.025095330075539594,0.025095332702143567,0.025095335328326834,0.02509533795409016,0.025095340579433998,0.02509534320435775,0.025095345828861994,0.02509534845294675,0.02509535107661228,0.025095353699858852,0.025095356322686807,0.02509535894509628,0.025095361567087422,0.025095364188661918,0.025095366809817166,0.025095369430555448,0.025095372050875683,0.0250953746707787,0.025095377290264717,0.025095379909333585,0.02509538252798492,0.0250953851462198,0.025095387764040227,0.02509539038144463,0.02509539299843343,0.02509539561500646,0.02509539823116407,0.02509540084690679,0.025095403462234468,0.025095406077148486,0.02509540869164693,0.02509541130573115,0.02509541391940134,0.025095416532658964,0.025095419145501795,0.025095421757931804,0.025095424369947845,0.02509542698155096,0.025095429592741105,0.025095432203518685,0.025095434813884092,0.02509543742383177,0.02509544003337311,0.025095442642502644,0.02509544525122251,0.0250954478595292,0.025095450467424705,0.025095453074909003,0.025095455681982928,0.02509545828864634,0.02509546089489947,0.02509546350074243,0.02509546610617489,0.025095468711198447,0.02509547131581247,0.025095473920017812,0.025095476523813564,0.025095479127200466,0.02509548173017866,0.025095484332748406,0.02509548693490994,0.025095489536663473,0.025095492138009073,0.025095494738947115,0.025095497339477617,0.025095499939601914,0.025095502539318273,0.02509550513862787,0.0250955077375309,0.025095510336027617,0.025095512934117985,0.02509551553180244,0.02509551812908118,0.02509552072595567,0.025095523322423385,0.02509552591848594,0.025095528514144358,0.025095531109397013,0.025095533704243816,0.025095536298687705,0.025095538892727018,0.025095541486362657,0.02509554407959486,0.02509554667242325,0.02509554926484826,0.025095551856869874,0.025095554448488776,0.025095557039704994,0.025095559630518162,0.025095562220929277,0.025095564810938262,0.025095567400545422,0.02509556998975078,0.025095572578554458,0.025095575166956836,0.025095577754959804,0.025095580342559747,0.025095582929757703,0.025095585516556836,0.025095588102955937,0.02509559068895453,0.025095593274552977,0.02509559585974997,0.02509559844454976,0.0250956010289497,0.02509560361295006,0.02509560619655168,0.025095608779754204,0.025095611362558574,0.025095613944964446,0.0250956165269723,0.02509561910858414,0.02509562168979561,0.02509562427060986,0.025095626851026745,0.025095629431046772,0.0250956320106693,0.025095634589894913,0.025095637168724573,0.025095639747157224,0.025095642325193575,0.025095644902834,0.02509564748007859,0.02509565005692739,0.025095652633380927,0.02509565520943953,0.025095657785102903,0.0250956603603716,0.02509566293524535,0.025095665509724353,0.02509566808380955,0.025095670657500787,0.025095673230797765,0.025095675803697193,0.02509567837620681,0.025095680948323106,0.02509568352004709,0.025095686091377765,0.02509568866231529,0.02509569123286048,0.02509569380301348,0.025095696372774243,0.025095698942143144,0.025095701511120234,0.02509570407970553,0.025095706647899514,0.025095709215702488,0.025095711783114483,0.025095714350139336,0.02509571691676983,0.025095719483008958,0.025095722048857565,0.025095724614316257,0.025095727179386282,0.025095729744065577,0.025095732308355323,0.025095734872256928,0.02509573743576941,0.025095739998892985,0.025095742561627856,0.025095745123974753,0.025095747685932406,0.025095750247502064,0.025095752808683213,0.025095755369473286,0.025095757929879753,0.025095760489897995,0.025095763049529936,0.025095765608773322,0.025095768167637617,0.025095770726109003,0.025095773284194073,0.025095775841893275,0.025095778399206115,0.025095780956132994,0.02509578351267588,0.02509578606883283,0.025095788624602565,0.02509579117998764,0.02509579373498779,0.025095796289603158,0.02509579884383395,0.025095801397680344,0.025095803951142526,0.02509580650422072,0.025095809056915042,0.02509581160922575,0.025095814161152957,0.025095816712696877,0.025095819263857705,0.025095821814635603,0.02509582436503078,0.025095826915043407,0.02509582946467355,0.025095832013922112,0.02509583456278835,0.02509583711127569,0.02509583965937849,0.025095842207098155,0.025095844754436936,0.025095847301394334,0.025095849847972487,0.025095852394167163,0.02509585493998291,0.02509585748542126,0.025095860030480432,0.025095862575158057,0.02509586511945106,0.0250958676633654,0.025095870206902703,0.02509587275005695,0.025095875292836224,0.02509587783523672,0.025095880377260935,0.02509588291890353,0.025095885460168502,0.025095888001054962,0.025095890541563783,0.025095893081692335,0.02509589562144576,0.025095898160821754,0.02509590069982,0.025095903238441374,0.025095905776688236,0.025095908314557092,0.025095910852048597,0.025095913389163914,0.02509591592590142,0.0250959184622639,0.025095920998251108,0.025095923533862603,0.02509592606909843,0.025095928603959244,0.025095931138445028,0.025095933672558395,0.025095936206294543,0.0250959387396564,0.025095941272643512,0.02509594380525735,0.025095946337496355,0.025095948869361548,0.025095951400852686,0.02509595393197074,0.025095956462715212,0.025095958993086843,0.025095961523081817,0.02509596405270767,0.02509596658196011,0.025095969110840156,0.02509597163934884,0.025095974167485834,0.025095976695250165,0.025095979222643065,0.025095981749664046,0.025095984276314154,0.025095986802593055,0.0250959893285005,0.02509599185403753,0.025095994379203932,0.025095996903999874,0.025095999428425515,0.025096001952481028,0.025096004476166556,0.025096006999482296,0.025096009522428544,0.025096012045005302,0.025096014567214758,0.02509601708905749,0.02509601961052716,0.025096022131630865,0.02509602465236209,0.02509602717272328,0.02509602969271872,0.025096032212345746,0.02509603473160836,0.02509603725050037,0.025096039769024872,0.025096042287181677,0.025096044804971292,0.025096047322391395,0.025096049839447538,0.025096052356137075,0.02509605487245972,0.025096057388416415,0.025096059904006415,0.025096062419231013,0.0250960649340899,0.025096067448583174,0.025096069962710847,0.025096072476473313,0.025096074989870282,0.02509607750290148,0.025096080015569136,0.025096082527872203,0.025096085039810166,0.02509608755138454,0.025096090062594875,0.025096092573441316,0.025096095083923835,0.025096097594042167,0.025096100103796908,0.02509610261318912,0.02509610512222272,0.02509610763088864,0.02509611013919248,0.025096112647133764,0.025096115154712655,0.02509611766192868,0.025096120168782942,0.025096122675275424,0.025096125181406675,0.025096127687173894,0.025096130192584422,0.025096132697630943,0.025096135202316797,0.025096137706641878,0.025096140210606074,0.02509614271420994,0.0250961452174529,0.025096147720333438,0.025096150222856727,0.02509615272501996,0.025096155226823683,0.025096157728267766,0.02509616022935263,0.025096162730078315,0.02509616523044506,0.02509616773045139,0.02509617023010038,0.02509617272939098,0.025096175228323223,0.025096177726897314,0.025096180225112938,0.02509618272297187,0.025096185220473403,0.025096187717616656,0.025096190214402216,0.0250961927108293,0.0250961952069007,0.02509619770261518,0.02509620019797304,0.0250962026929753,0.025096205187619847,0.02509620768190859,0.025096210175841564,0.025096212669418298,0.02509621516264409,0.02509621765551386,0.025096220148024068,0.025096222640178457,0.025096225131979184,0.025096227623424186,0.02509623011451434,0.02509623260525016,0.02509623509563296,0.025096237585660108,0.0250962400753279,0.02509624256464146,0.025096245053604863,0.025096247542216996,0.02509625003047562,0.02509625251838311,0.0250962550059386,0.025096257493143183,0.025096259979989512,0.025096262466483228,0.025096264952625513,0.025096267438413422,0.025096269923848183,0.0250962724089331,0.02509627489366128,0.0250962773780368,0.02509627986206686,0.02509628234574609,0.025096284829073504,0.025096287312050262,0.02509628979467595,0.025096292276951163,0.025096294758876484,0.025096297240450458,0.02509629972167462,0.025096302202548684,0.025096304683077678,0.02509630716325172,0.025096309643075514,0.02509631212255136,0.025096314601677504,0.025096317080454546,0.025096319558882675,0.025096322036961684,0.025096324514692157,0.025096326992074196,0.025096329469108752,0.02509633194579462,0.02509633442213264,0.025096336898122833,0.025096339373767214,0.025096341849062863,0.025096344324010294,0.02509634679861007,0.02509634927286323,0.025096351746777545,0.0250963542203391,0.025096356693552174,0.02509635916641899,0.025096361638937303,0.025096364111111803,0.025096366582940694,0.025096369054417308,0.025096371525554856,0.025096373996349616,0.02509637646679679,0.025096378936898853,0.025096381406658274,0.02509638387606987,0.02509638634514067,0.025096388813866024,0.02509639128224446,0.025096393750278678,0.025096396217968574,0.02509639868531484,0.025096401152317448,0.025096403618976474,0.025096406085292164,0.025096408551264725,0.025096411016893878,0.02509641348217959,0.025096415947123113,0.025096418411724053,0.025096420875982472,0.025096423339898546,0.02509642580347246,0.025096428266704347,0.02509643072959438,0.02509643319214264,0.025096435654349408,0.02509643811621462,0.025096440577738622,0.025096443038921584,0.02509644549976367,0.025096447960263283,0.025096450420422765,0.0250964528802436,0.0250964553397246,0.02509645779886433,0.025096460257664096,0.02509646271612395,0.025096465174242365,0.025096467632025023,0.025096470089469573,0.025096472546571248,0.025096475003342344,0.02509647745976605,0.025096479915854068,0.025096482371600354,0.02509648482700833,0.02509648728207764,0.02509648973680888,0.025096492191202212,0.025096494645257275,0.025096497098975004,0.02509649955235497,0.025096502005397526,0.025096504458099803,0.02509650691046793,0.025096509362495745,0.025096511814183653,0.025096514265540656,0.02509651671656058,0.025096519167244525,0.025096521617592963,0.025096524067605375,0.02509652651728166,0.025096528966621425,0.02509653141562642,0.025096533864291448,0.025096536312625657,0.02509653876062476,0.02509654120828989,0.025096543655618777,0.025096546102613672,0.025096548549275278,0.02509655099560049,0.025096553441589696,0.02509655588724644,0.025096558332568682,0.025096560777557637,0.025096563222213018,0.025096565666534773,0.025096568110522903,0.02509657055417759,0.0250965729974995,0.02509657544048848,0.025096577883146422,0.025096580325469884,0.025096582767461583,0.025096585209119462,0.02509658765044564,0.025096590091439445,0.025096592532101787,0.025096594972431864,0.025096597412430807,0.02509659985209942,0.025096602291436603,0.025096604730440376,0.025096607169112876,0.025096609607452903,0.025096612045464227,0.02509661448314586,0.025096616920496945,0.025096619357517193,0.025096621794207703,0.02509662423056827,0.025096626666598842,0.02509662910229968,0.025096631537673515,0.025096633972715353,0.02509663640742789,0.02509663884181205,0.025096641275866492,0.02509664370959169,0.02509664614298853,0.02509664857605666,0.02509665100879649,0.02509665344120803,0.02509665587329047,0.025096658305045975,0.025096660736472782,0.025096663167572603,0.025096665598344864,0.025096668028787763,0.025096670458905172,0.025096672888696017,0.025096675318159095,0.02509667774729566,0.025096680176107083,0.025096682604590633,0.02509668503274752,0.025096687460578127,0.02509668988808158,0.025096692315260023,0.025096694742113776,0.025096697168640693,0.02509669959484204,0.025096702020717534,0.025096704446268533,0.025096706871493596,0.025096709296394085,0.025096711720968834,0.02509671414521945,0.025096716569146624,0.02509671899274813,0.02509672141602578,0.02509672383897948,0.025096726261608623,0.0250967286839137,0.025096731105895505,0.025096733527554954,0.025096735948890597,0.025096738369901735,0.02509674079059016,0.025096743210955764,0.02509674563099993,0.025096748050719323,0.02509675047011576,0.02509675288919036,0.025096755307942732,0.025096757726372817,0.025096760144481048,0.02509676256226738,0.025096764979731463,0.02509676739687412,0.025096769813694925,0.02509677223019505,0.025096774646374078,0.025096777062232033,0.02509677947776896,0.02509678189298811,0.02509678430788374,0.025096786722459512,0.025096789136714193,0.02509679155064773,0.02509679396426163,0.025096796377559738,0.025096798790533364,0.025096801203189884,0.025096803615525305,0.025096806027542173,0.025096808439238956,0.02509681085061669,0.025096813261676565,0.025096815672417228,0.025096818082837428,0.025096820492939997,0.02509682290272327,0.02509682531218878,0.02509682772133586,0.025096830130164744,0.02509683253867241,0.025096834946865224,0.025096837354741698,0.025096839762300212,0.02509684216954405,0.025096844576469348,0.02509684698307771,0.025096849389369156,0.025096851795343007,0.02509685420099907,0.02509685660633836,0.02509685901136248,0.02509686141607247,0.025096863820464235,0.025096866224541162,0.025096868628300694,0.025096871031743965,0.025096873434870774,0.025096875837683587,0.025096878240181312,0.0250968806423641,0.02509688304423208,0.02509688544578455,0.02509688784702288,0.02509689024794664,0.025096892648555753,0.025096895048850508,0.025096897448830598,0.025096899848496668,0.025096902247849204,0.025096904646887935,0.025096907045613098,0.02509690944402453,0.025096911842122403,0.025096914239908116,0.02509691663737987,0.02509691903453864,0.025096921431384537,0.02509692382791701,0.025096926224137398,0.025096928620045318,0.025096931015640967,0.025096933410924335,0.025096935805895688,0.0250969382005552,0.025096940594899232,0.02509694298893506,0.025096945382659414,0.025096947776072395,0.025096950169173664,0.025096952561963714,0.02509695495444329,0.02509695734661174,0.025096959738469166,0.02509696213001646,0.025096964521252783,0.02509696691217949,0.025096969302797693,0.02509697169310562,0.025096974083101766,0.025096976472787566,0.025096978862163662,0.025096981251230388,0.02509698363998984,0.02509698602843756,0.02509698841657889,0.025096990804408713,0.025096993191931757,0.025096995579143876,0.02509699796604758,0.02509700035264234,0.02509700273892877,0.02509700512490715,0.02509700751057733,0.025097009895939763,0.025097012280996558,0.025097014665743243,0.025097017050185487,0.02509701943431752,0.025097021818142055,0.025097024201659164,0.025097026584869387,0.02509702896777167,0.02509703135036808,0.025097033732657606,0.02509703611464098,0.02509703849631662,0.02509704087768698,0.025097043258751235,0.02509704563950912,0.025097048019961123,0.025097050400107363,0.025097052779948236,0.02509705515948627,0.025097057538716133,0.025097059917640656,0.025097062296260044,0.02509706467457266,0.025097067052582075,0.025097069430286636,0.025097071807682832,0.025097074184778384,0.025097076561569516,0.025097078938056766,0.025097081314239177,0.02509708369011809,0.02509708606569307,0.025097088440965226,0.02509709081593241,0.02509709319059902,0.025097095564960578,0.025097097939020777,0.025097100312775192,0.025097102686228338,0.02509710505937339,0.025097107432219278,0.025097109804763273,0.025097112177003656,0.025097114548942104,0.025097116920582162,0.025097119291917273,0.02509712166295031,0.02509712403368016,0.02509712640410864,0.02509712877423427,0.025097131144059825,0.0250971335135829,0.02509713588280683,0.025097138251728775,0.025097140620349886,0.02509714298867373,0.02509714535669371,0.0250971477244137,0.025097150091832117,0.02509715245895003,0.025097154825768856,0.025097157192286453,0.025097159558504105,0.025097161924420287,0.02509716429003837,0.02509716665535987,0.025097169020379687,0.025097171385099298,0.025097173749521192,0.02509717611364448,0.02509717847746692,0.025097180840989632,0.02509718320421514,0.025097185567143566,0.02509718792977357,0.025097190292103513,0.025097192654134674,0.02509719501586843,0.025097197377305216,0.02509719973844248,0.02509720209928374,0.025097204459826196,0.025097206820071508,0.02509720918001837,0.025097211539668964,0.025097213899023852,0.025097216258082637,0.025097218616842235,0.025097220975304767,0.025097223333470222,0.02509722569134056,0.02509722804891318,0.025097230406190982,0.025097232763172817,0.025097235119857834,0.025097237476247536,0.025097239832341686,0.025097242188139027,0.025097244543640818,0.025097246898848992,0.025097249253760515,0.025097251608377013,0.025097253962699052,0.02509725631672544,0.02509725867045705,0.025097261023894014,0.02509726337703654,0.025097265729884712,0.025097268082438916,0.025097270434697817,0.025097272786663256,0.025097275138335363,0.025097277489713143,0.02509727984079628,0.025097282191585978,0.025097284542083577,0.02509728689228712,0.02509728924219742,0.025097291591816496,0.025097293941141487,0.025097296290173918,0.025097298638912878,0.02509730098735894,0.025097303335512446,0.02509730568337366,0.025097308030941987,0.025097310378219967,0.025097312725205226,0.02509731507189985,0.025097317418301384,0.025097319764410864,0.025097322110228745,0.025097324455754577,0.025097326800989965,0.025097329145934353,0.025097331490588307,0.025097333834950185,0.025097336179021292,0.025097338522801563,0.02509734086629089,0.02509734320949013,0.02509734555239964,0.02509734789501893,0.025097350237348232,0.02509735257938741,0.025097354921136537,0.025097357262595984,0.02509735960376306,0.025097361944642755,0.025097364285233292,0.025097366625532847,0.025097368965544677,0.025097371305268183,0.025097373644702235,0.025097375983845073,0.025097378322701886,0.025097380661268636,0.02509738299954874,0.025097385337539843,0.025097387675243128,0.0250973900126583,0.025097392349784788,0.02509739468662337,0.025097397023175802,0.025097399359440612,0.0250974016954162,0.025097404031105868,0.02509740636650729,0.025097408701621256,0.025097411036446627,0.025097413370986147,0.025097415705238192,0.025097418039204313,0.025097420372884347,0.02509742270627753,0.02509742503938424,0.02509742737220466,0.025097429704738675,0.025097432036986958,0.025097434368948734,0.025097436700625617,0.025097439032016867,0.025097441363122773,0.02509744369394324,0.02509744602447787,0.025097448354726562,0.025097450684689288,0.025097453014367034,0.025097455343759924,0.02509745767286875,0.025097460001693425,0.025097462330233255,0.025097464658487768,0.025097466986459937,0.025097469314148427,0.025097471641546756,0.025097473968665063,0.025097476295499195,0.02509747862205128,0.02509748094832178,0.02509748327430707,0.025097485600008674,0.02509748792542723,0.025097490250560402,0.025097492575412782,0.025097494899980533,0.025097497224267077,0.025097499548268846,0.025097501871989777,0.0250975041954286,0.025097506518583064,0.025097508841457297,0.0250975111640482,0.02509751348635621,0.025097515808383562,0.025097518130130378,0.025097520451594406,0.025097522772776323,0.025097525093675948,0.025097527414295082,0.025097529734633833,0.025097532054690657,0.025097534374467118,0.025097536693963203,0.025097539013178575,0.025097541332112824,0.025097543650764755,0.0250975459691373,0.02509754828722929,0.025097550605035945,0.025097552922567604,0.02509755523982007,0.025097557556792972,0.02509755987348448,0.02509756218989624,0.02509756450603017,0.025097566821885544,0.025097569137459055,0.025097571452755606,0.025097573767772115,0.025097576082509582,0.025097578396966348,0.025097580711144825,0.025097583025045278,0.02509758533866707,0.025097587652010474,0.025097589965074846,0.025097592277862887,0.025097594590371614,0.025097596902601233,0.025097599214552974,0.025097601526230123,0.025097603837628,0.025097606148746728,0.025097608459589034,0.025097610770149787,0.02509761308043676,0.02509761539044666,0.02509761770017931,0.025097620009633417,0.02509762231881332,0.025097624627715302,0.025097626936341697,0.02509762924469369,0.025097631552766446,0.02509763386056373,0.025097636168084084,0.025097638475329313,0.025097640782296673,0.025097643088989145,0.025097645395406012,0.025097647701551866,0.025097650007415095,0.025097652313005387,0.025097654618321162,0.02509765692336128,0.025097659228126304,0.025097661532616323,0.02509766383683228,0.025097666140773005,0.02509766844443881,0.025097670747829974,0.025097673050946852,0.02509767535379024,0.025097677656358917,0.02509767995865298,0.025097682260673687,0.02509768456242298,0.02509768686389644,0.02509768916509331,0.025097691466018823,0.025097693766673274,0.025097696067053067,0.025097698367159717,0.025097700666992448,0.025097702966552286,0.025097705265839244,0.025097707564854438,0.025097709863597308,0.025097712162065938,0.025097714460262707,0.025097716758187404,0.02509771905583774,0.025097721353217063,0.025097723650324626,0.025097725947161465,0.025097728243725293,0.025097730540017946,0.025097732836038313,0.02509773513178876,0.025097737427266245,0.02509773972247201,0.025097742017407713,0.025097744312074375,0.02509774660646904,0.02509774890059118,0.025097751194442165,0.02509775348802275,0.025097755781333313,0.02509775807437353,0.025097760367143326,0.025097762659644408,0.025097764951872843,0.025097767243833093,0.025097769535520575,0.025097771826942155,0.025097774118091543,0.025097776408971397,0.025097778699581262,0.025097780989921586,0.025097783279994196,0.02509778556979711,0.025097787859330797,0.025097790148595766,0.025097792437588806,0.025097794726317933,0.025097797014775134,0.02509779930296511,0.025097801590885677,0.02509780387853887,0.025097806165925086,0.025097808453042065,0.025097810739890352,0.025097813026471332,0.025097815312784807,0.025097817598831847,0.025097819884609508,0.025097822170119823,0.02509782445535914,0.025097826740332924,0.025097829025040257,0.025097831309481275,0.02509783359365548,0.025097835877561564,0.025097838161202115,0.02509784044457823,0.025097842727682996,0.025097845010523305,0.025097847293096626,0.02509784957540592,0.025097851857445896,0.02509785413922257,0.025097856420731295,0.02509785870197161,0.025097860982949655,0.025097863263661487,0.02509786554410779,0.025097867824289664,0.025097870104205403,0.02509787238385511,0.025097874663239896,0.02509787694235958,0.025097879221215712,0.025097881499804863,0.025097883778128983,0.02509788605618949,0.025097888333986226,0.025097890611516436,0.025097892888780976,0.025097895165784707,0.025097897442524338,0.025097899719000127,0.025097901995212783,0.025097904271162028,0.02509790654684674,0.02509790882226718,0.025097911097424312,0.025097913372317097,0.025097915646947504,0.02509791792131534,0.0250979201954192,0.0250979224692593,0.025097924742837112,0.025097927016152242,0.02509792928920366,0.025097931561993466,0.025097933834522124,0.02509793610678813,0.025097938378790718,0.02509794065053024,0.025097942922008565,0.025097945193226015,0.025097947464180027,0.0250979497348725,0.02509795200530321,0.025097954275472328,0.025097956545380082,0.025097958815026567,0.02509796108440927,0.02509796335353298,0.025097965622395576,0.02509796789099715,0.02509797015933702,0.02509797242741683,0.02509797469523598,0.025097976962794494,0.02509797923009251,0.025097981497129253,0.02509798376390627,0.025097986030424898,0.025097988296681892,0.025097990562678817,0.025097992828413573,0.02509799509389095,0.025097997359105326,0.025097999624064914,0.025098001888763526,0.02509800415320056,0.025098006417380345,0.02509800868129977,0.025098010944961356,0.025098013208362444,0.025098015471505666,0.025098017734393036,0.02509801999701869,0.02509802225938569,0.02509802452149259,0.025098026783341682,0.025098029044931178,0.02509803130626378,0.025098033567338193,0.025098035828154525,0.0250980380887138,0.025098040349012904,0.0250980426090558,0.025098044868840937,0.025098047128367128,0.025098049387637458,0.02509805164665132,0.025098053905407414,0.02509805616390581,0.025098058422148448,0.02509806068013357,0.025098062937861806,0.025098065195333003,0.025098067452549055,0.02509806970950702,0.025098071966205667,0.02509807422265095,0.02509807647883971,0.025098078734772728,0.025098080990450748,0.025098083245872302,0.025098085501036923,0.025098087755949437,0.02509809001060267,0.025098092264997672,0.025098094519139875,0.0250980967730257,0.025098099026655368,0.025098101280029397,0.025098103533148057,0.0250981057860138,0.025098108038624136,0.025098110290981454,0.025098112543082567,0.02509811479492845,0.02509811704651976,0.025098119297857015,0.02509812154894003,0.025098123799769355,0.02509812605034434,0.02509812830066498,0.025098130550731738,0.025098132800544678,0.025098135050104005,0.025098137299407616,0.02509813954845903,0.0250981417972585,0.02509814404580302,0.02509814629409664,0.025098148542134612,0.025098150789919536,0.02509815303745171,0.02509815528473199,0.02509815753176184,0.025098159778536168,0.02509816202505608,0.025098164271325482,0.025098166517340537,0.025098168763103758,0.025098171008614573,0.02509817325387345,0.02509817549888009,0.025098177743634653,0.025098179988138007,0.025098182232388345,0.025098184476388116,0.02509818672013503,0.025098188963631383,0.025098191206875474,0.02509819344986813,0.025098195692609567,0.02509819793510041,0.025098200177340456,0.025098202419329283,0.025098204661067457,0.02509820690255611,0.025098209143792568,0.025098211384778444,0.025098213625513874,0.025098215865998755,0.025098218106231394,0.02509822034621571,0.025098222585950136,0.0250982248254338,0.025098227064666207,0.02509822930365463,0.025098231542389333,0.025098233780874495,0.025098236019109953,0.02509823825709593,0.025098240494832443,0.025098242732319153,0.025098244969556805,0.025098247206545705,0.02509824944328567,0.02509825167977753,0.025098253916019626,0.025098256152012968,0.025098258387757776,0.02509826062325451,0.025098262858503483,0.025098265093502888,0.025098267328254025,0.025098269562756965,0.025098271797009967,0.025098274031016755,0.025098276264775617,0.025098278498286726,0.02509828073155064,0.02509828296456663,0.025098285197334837,0.02509828742985511,0.025098289662129708,0.02509829189415572,0.025098294125932848,0.025098296357464623,0.025098298588749457,0.025098300819788432,0.025098303050579553,0.02509830528112395,0.025098307511421693,0.025098309741472903,0.025098311971277674,0.02509831420083596,0.02509831643014655,0.025098318659209994,0.02509832088802975,0.025098323116602924,0.02509832534493087,0.025098327573013356,0.02509832980084975,0.025098332028440418,0.025098334255785507,0.025098336482885213,0.02509833870973954,0.025098340936348655,0.02509834316271258,0.025098345388831364,0.0250983476147051,0.025098349840334017,0.025098352065718327,0.0250983542908577,0.025098356515752315,0.025098358740402456,0.025098360964808154,0.02509836318896945,0.02509836541288645,0.025098367636558632,0.02509836985998734,0.025098372083173053,0.025098374306113815,0.02509837652881093,0.0250983787512641,0.02509838097347359,0.02509838319543952,0.025098385417161858,0.025098387638640862,0.025098389859876606,0.025098392080869145,0.025098394301618535,0.025098396522124804,0.025098398742388162,0.0250984009624087,0.02509840318218647,0.025098405401721494,0.025098407621013445,0.02509840984006343,0.02509841205887093,0.025098414277436167,0.025098416495759147,0.02509841871383999,0.025098420931678654,0.025098423149275403,0.025098425366630393,0.02509842758374028,0.025098429800611555,0.025098432017241337,0.025098434233629573,0.025098436449776367,0.025098438665681785,0.025098440881346162,0.025098443096769125,0.025098445311950976,0.02509844752689184,0.025098449741591786,0.025098451956050875,0.025098454170267296,0.025098456384244985,0.02509845859798212,0.02509846081147874,0.02509846302473491,0.02509846523775079,0.02509846745052644,0.025098469663062006,0.02509847187535753,0.02509847408741302,0.025098476299228702,0.025098478510804573,0.025098480722140697,0.025098482933237277,0.02509848514409431,0.025098487354711926,0.025098489565090174,0.025098491775229357,0.02509849398512915,0.025098496194789814,0.02509849840421145,0.025098500613394196,0.02509850282233813,0.025098505031043335,0.025098507239509873,0.02509850944773775,0.025098511655727223,0.02509851386347828,0.025098516070990985,0.025098518278265508,0.025098520485301812,0.025098522692100125,0.02509852489866046,0.025098527104982907,0.02509852931106749,0.025098531516914394,0.025098533722523686,0.02509853592789538,0.025098538133029674,0.02509854033792651,0.025098542542586057,0.02509854474700841,0.02509854695119362,0.025098549155141894,0.025098551358853177,0.025098553562327604,0.02509855576556529,0.025098557968566266,0.025098560171330647,0.02509856237385846,0.025098564576149784,0.02509856677820485,0.025098568980023606,0.025098571181606227,0.02509857338295275,0.02509857558406324,0.025098577784937813,0.025098579985576505,0.02509858218597954,0.025098584386146754,0.025098586586078414,0.02509858878577458,0.025098590985235262,0.02509859318446064,0.02509859538345077,0.025098597582205704,0.025098599780725594,0.02509860197901048,0.025098604177060425,0.025098606374875543,0.025098608572455924,0.025098610769801303,0.025098612966912435,0.025098615163789074,0.02509861736043135,0.025098619556839265,0.02509862175301297,0.02509862394895344,0.02509862614465892,0.025098628340130377,0.025098630535367948,0.025098632730371582,0.025098634925141552,0.025098637119677827,0.02509863931398058,0.025098641508049795,0.025098643701885543,0.025098645895488048,0.025098648088857315,0.025098650281993436,0.025098652474896455,0.02509865466756692,0.025098656860003975,0.02509865905220829,0.025098661244179823,0.025098663435918697,0.0250986656274249,0.025098667818698708,0.025098670009740105,0.025098672200548563,0.02509867439112538,0.02509867658146963,0.02509867877158213,0.02509868096146263,0.025098683151111217,0.025098685340527956,0.02509868752971295,0.02509868971866626,0.02509869190738818,0.025098694095878425,0.02509869628413714,0.025098698472164303,0.02509870065996024,0.02509870284752578,0.02509870503485924,0.02509870722196209,0.02509870940883401,0.025098711595475102,0.025098713781885558,0.025098715968065174,0.02509871815401421,0.025098720339733652,0.025098722525221693,0.0250987247104793,0.02509872689550921,0.02509872908030634,0.025098731264873865,0.025098733449211395,0.02509873563331844,0.025098737817195665,0.025098740000843035,0.025098742184260753,0.02509874436744903,0.025098746550407502,0.02509874873313657,0.025098750915636157,0.02509875309790652,0.025098755279947833,0.025098757461760195,0.025098759643343616,0.025098761824697995,0.025098764005823424,0.025098766186720033,0.025098768367384963,0.025098770547824556,0.025098772728035415,0.02509877490801707,0.0250987770877703,0.025098779267293488,0.025098781446588492,0.025098783625656887,0.025098785804497727,0.025098787983108096,0.025098790161493596,0.02509879233965011,0.025098794517579015,0.025098796695281315,0.025098798872755818,0.025098801049999713,0.025098803227019118,0.025098805403810924,0.025098807580374874,0.025098809756711724,0.025098811932818935,0.025098814108701652,0.02509881628435738,0.02509881845978595,0.025098820634988524,0.02509882280995329,0.025098824984704952,0.02509882715922287,0.025098829333516353,0.025098831507586187,0.025098833681428893,0.02509883585504598,0.025098838028435655,0.02509884020160331,0.02509884237454113,0.025098844547253377,0.02509884671974108,0.02509884889199944,0.02509885106403507,0.025098853235840466,0.025098855407417926,0.025098857578776695,0.02509885974991262,0.025098861920819764,0.025098864091502287,0.025098866261960014,0.025098868432192598,0.025098870602199456,0.025098872771983353,0.025098874941540388,0.02509887711087074,0.02509887927997334,0.025098881448856282,0.025098883617512408,0.02509888578594599,0.02509888795415589,0.02509889012214114,0.025098892289898807,0.025098894457438826,0.025098896624749747,0.025098898791832063,0.02509890095869484,0.02509890312533656,0.025098905291746965,0.025098907457940578,0.02509890962390809,0.02509891178965458,0.0250989139551776,0.02509891612047454,0.0250989182855485,0.02509892045040166,0.025098922615032257,0.025098924779436753,0.025098926943620693,0.02509892910758464,0.025098931271322837,0.02509893343483888,0.025098935598132092,0.025098937761202058,0.025098939924047745,0.02509894208667359,0.025098944249076344,0.025098946411254628,0.025098948573212633,0.025098950734948763,0.025098952896459095,0.025098955057748683,0.02509895721881863,0.025098959379666816,0.02509896154029347,0.02509896370069885,0.025098965860881835,0.02509896802084427,0.025098970180584365,0.025098972340100476,0.0250989744993982,0.02509897665847346,0.025098978817329975,0.025098980975963903,0.02509898313437726,0.025098985292567936,0.025098987450539446,0.025098989608290354,0.025098991765820693,0.025098993923129614,0.025098996080221727,0.025098998237083746,0.025099000393731155,0.025099002550159212,0.02509900470636647,0.025099006862353414,0.02509900901812074,0.025099011173667963,0.02509901332899492,0.025099015484102174,0.0250990176389913,0.02509901979365908,0.025099021948109628,0.02509902410233796,0.025099026256347193,0.025099028410135994,0.025099030563712113,0.02509903271706305,0.025099034870198805,0.025099037023110757,0.025099039175802314,0.02509904132827716,0.025099043480533954,0.02509904563257674,0.025099047784392862,0.025099049935990082,0.02509905208737136,0.025099054238532616,0.025099056389475665,0.025099058540200482,0.025099060690708073,0.02509906284100002,0.02509906499106868,0.025099067140921968,0.025099069290557153,0.0250990714399747,0.02509907358917209,0.025099075738156732,0.025099077886920954,0.025099080035467992,0.0250990821837968,0.025099084331907263,0.025099086479804047,0.02509908862748094,0.02509909077494031,0.025099092922182674,0.025099095069208082,0.02509909721601667,0.02509909936260752,0.025099101508981973,0.025099103655137633,0.02509910580108101,0.025099107946805876,0.02509911009231216,0.025099112237603378,0.025099114382678128,0.02509911652753581,0.025099118672181224,0.02509912081661157,0.02509912296082172,0.02509912510481473,0.02509912724859242,0.02509912939215426,0.025099131535503003,0.02509913367863249,0.02509913582154678,0.025099137964246013,0.025099140106731043,0.02509914224899895,0.02509914439105129,0.02509914653288867,0.02509914867451738,0.02509915081592313,0.02509915295711604,0.025099155098093538,0.025099157238858406,0.025099159379406783,0.02509916151973638,0.0250991636598536,0.025099165799757323,0.02509916793944526,0.025099170078917835,0.025099172218176705,0.025099174357221282,0.02509917649605153,0.02509917863466692,0.02509918077306882,0.02509918291125646,0.025099185049231445,0.02509918718699134,0.02509918932454145,0.025099191461873623,0.02509919359899323,0.02509919573589801,0.02509919787259395,0.025099200009076898,0.02509920214534648,0.025099204281401097,0.02509920641723954,0.02509920855286683,0.02509921068828238,0.025099212823477535,0.025099214958465947,0.02509921709324109,0.025099219227805756,0.02509922136215734,0.025099223496293836,0.025099225630217943,0.02509922776392461,0.025099229897419313,0.02509923203070378,0.025099234163778177,0.025099236296637985,0.025099238429290283,0.02509924056173086,0.025099242693956043,0.025099244825971215,0.025099246957773207,0.02509924908936381,0.025099251220741175,0.025099253351906846,0.02509925548286086,0.025099257613600413,0.02509925974412803,0.02509926187444424,0.025099264004548028,0.02509926613444057,0.025099268264122454,0.025099270393592547,0.025099272522853062,0.02509927465190188,0.025099276780739067,0.02509927890936427,0.025099281037781175,0.025099283165984355,0.02509928529398065,0.025099287421766602,0.025099289549341885,0.025099291676706423,0.025099293803860744,0.025099295930804497,0.0250992980575378,0.025099300184061035,0.025099302310374064,0.025099304436477284,0.025099306562370326,0.025099308688053493,0.02509931081352683,0.02509931293879042,0.025099315063844337,0.025099317188688637,0.025099319313323407,0.02509932143774871,0.025099323561964603,0.025099325685971174,0.025099327809768476,0.025099329933356614,0.025099332056735604,0.025099334179905553,0.025099336302866534,0.025099338425618588,0.02509934054816176,0.025099342670496152,0.025099344792621835,0.025099346914538856,0.025099349036245073,0.02509935115774532,0.025099353279045132,0.025099355400128743,0.025099357521001637,0.025099359641668754,0.025099361762132014,0.025099363882382496,0.025099366002422935,0.025099368122257413,0.025099370241884064,0.02509937236130277,0.02509937448051374,0.02509937659951708,0.025099378718312897,0.025099380836901178,0.0250993829552819,0.02509938507345526,0.02509938719142132,0.025099389309180375,0.025099391426732343,0.025099393544076667,0.025099395661214094,0.02509939777814493,0.02509939989486849,0.025099402011385448,0.025099404127695644,0.025099406243799124,0.025099408359695964,0.0250994104753868,0.025099412590870594,0.025099414706147953,0.025099416821218207,0.025099418936082637,0.02509942105074117,0.02509942316519253,0.02509942527943882,0.025099427393479687,0.025099429507313736,0.025099431620942653,0.025099433734364966,0.025099435847582677,0.025099437960593756,0.025099440073399305,0.02509944218599922,0.025099444298393652,0.025099446410582666,0.0250994485225679,0.025099450634346248,0.025099452745923505,0.02509945485729168,0.025099456968454625,0.025099459079413303,0.0250994611901663,0.02509946330071443,0.025099465411058015,0.02509946752119797,0.025099469631134463,0.025099471740863737,0.025099473850388576,0.025099475959710526,0.025099478068824038,0.025099480177735292,0.025099482286443275,0.02509948439494607,0.025099486503245016,0.0250994886113397,0.02509949071923061,0.025099492826917473,0.025099494934397417,0.02509949704167625,0.02509949914875098,0.025099501255617947,0.025099503362287418,0.02509950546875131,0.025099507575011764,0.02509950968106886,0.025099511786922594,0.025099513892573404,0.02509951599802267,0.02509951810326838,0.02509952020831043,0.025099522313149512,0.025099524417795595,0.025099526522229156,0.025099528626459606,0.025099530730487634,0.02509953283431249,0.025099534937934775,0.025099537041354477,0.025099539144572417,0.025099541247587908,0.025099543350400374,0.02509954545301043,0.025099547555418475,0.02509954965762428,0.025099551759624045,0.025099553861424023,0.025099555963021884,0.025099558064420005,0.025099560165612503,0.025099562266602607,0.02509956436739523,0.02509956646798419,0.0250995685683722,0.025099570668560087,0.025099572768546796,0.025099574868332468,0.025099576967918483,0.025099579067301227,0.025099581166481543,0.025099583265462026,0.025099585364241526,0.025099587462819286,0.025099589561194947,0.025099591659375923,0.02509959375735058,0.025099595855126035,0.025099597952699587,0.025099600050071433,0.025099602147243973,0.025099604244217665,0.025099606340985743,0.02509960843755838,0.02509961053393077,0.025099612630107303,0.025099614726080646,0.025099616821852702,0.02509961891742473,0.02509962101279794,0.02509962310797009,0.02509962520294247,0.02509962729771471,0.02509962939228861,0.02509963148666211,0.025099633580836066,0.025099635674813433,0.02509963776858213,0.02509963986215879,0.02509964195553444,0.02509964404871253,0.025099646141693643,0.025099648234471406,0.025099650327050627,0.02509965241943162,0.025099654511614958,0.02509965660359847,0.025099658695382943,0.025099660786969083,0.025099662878356254,0.02509966496954394,0.025099667060535003,0.02509966915132991,0.025099671241923343,0.025099673332318335,0.025099675422514994,0.02509967751250563,0.02509967960230612,0.025099681691908123,0.025099683781312478,0.025099685870518675,0.025099687959533972,0.02509969004834451,0.025099692136957633,0.025099694225372764,0.025099696313592563,0.025099698401612466,0.025099700489435134,0.02509970257706108,0.025099704664488815,0.025099706751719485,0.025099708838753176,0.025099710925592194,0.025099713012231795,0.02509971509867277,0.025099717184917682,0.025099719270966197,0.025099721356817834,0.025099723442472587,0.025099725527929776,0.02509972761319019,0.025099729698253928,0.025099731783113456,0.025099733867784677,0.025099735952259453,0.025099738036538536,0.025099740120621137,0.025099742204507728,0.02509974428819806,0.025099746371692117,0.025099748454994915,0.02509975053809567,0.02509975262100204,0.025099754703711046,0.025099756786224267,0.025099758868546044,0.02509976095067291,0.025099763032603323,0.025099765114338417,0.025099767195873406,0.025099769277217975,0.025099771358366864,0.025099773439319975,0.025099775520075297,0.02509977760063599,0.025099779681000856,0.025099781761173254,0.025099783841148617,0.02509978592093031,0.02509978800051547,0.025099790079905447,0.0250997921591015,0.02509979423809795,0.025099796316904552,0.025099798395514187,0.02509980047393175,0.025099802552155034,0.025099804630183846,0.025099806708018375,0.02509980878565911,0.025099810863105657,0.025099812940357683,0.0250998150174157,0.025099817094279962,0.025099819170949996,0.025099821247426362,0.025099823323708838,0.025099825399798856,0.025099827475694093,0.025099829551395652,0.02509983162690373,0.02509983370221837,0.025099835777339274,0.025099837852266587,0.025099839927002175,0.025099842001543533,0.02509984407589165,0.02509984615004639,0.02509984822400863,0.025099850297777362,0.02509985237135383,0.025099854444737016,0.02509985651792708,0.025099858590924378,0.025099860663729046,0.0250998627363411,0.025099864808755378,0.02509986688098233,0.025099868953016864,0.02509987102485889,0.025099873096508563,0.025099875167966135,0.025099877239230326,0.025099879310303712,0.025099881381183863,0.025099883451873306,0.025099885522370635,0.025099887592675896,0.025099889662789015,0.0250998917327104,0.02509989380244045,0.025099895871978972,0.025099897941326783,0.025099900010481846,0.025099902079447733,0.025099904148219904,0.02509990621680042,0.025099908285189185,0.025099910353387735,0.02509991242139548,0.02509991448921136,0.025099916556836604,0.025099918624278263,0.025099920691521144,0.02509992275857347,0.025099924825435715,0.025099926892109957,0.025099928958590745,0.02509993102488034,0.025099933090978792,0.025099935156886535,0.025099937222603303,0.025099939288131,0.025099941353468023,0.025099943418614313,0.025099945483570557,0.025099947548336766,0.0250999496129118,0.025099951677298202,0.025099953741494672,0.025099955805500833,0.02509995786931773,0.025099959932944674,0.025099961996381814,0.02509996405962925,0.025099966122686692,0.025099968185554367,0.025099970248233336,0.025099972310722148,0.025099974373022336,0.025099976435132253,0.025099978497050424,0.025099980558782188,0.025099982620324788,0.025099984681678237,0.025099986742842403,0.02509998880381786,0.025099990864604436,0.025099992925202475,0.02509999498561126,0.025099997045831268,0.02509999910586394,0.02510000116570689,0.02510000322536224,0.025100005284827958,0.02510000734410524,0.025100009403193447,0.025100011462093404,0.02510001352080575,0.025100015579329327,0.025100017637665617,0.0251000196958173,0.025100021753778057,0.025100023811549747,0.025100025869133933,0.025100027926531016,0.025100029983739423,0.02510003204076011,0.025100034097593198,0.025100036154244096,0.025100038210705364,0.0251000402669821,0.025100042323064994,0.025100044378962315,0.025100046434670502,0.025100048490192487,0.025100050545526314,0.025100052600673186,0.025100054655633197,0.025100056710405504,0.025100058764991315,0.02510006081938991,0.025100062873601753,0.025100064927626783,0.025100066981465073,0.025100069035116714,0.025100071088581644,0.025100073141860045,0.02510007519495108,0.02510007724785754,0.025100079300576207,0.02510008135310886,0.025100083405455706,0.02510008545761576,0.02510008750958951,0.025100089561378297,0.025100091612976536,0.025100093664393405,0.025100095715623424,0.025100097766660816,0.025100099817518807,0.025100101868191227,0.025100103918677737,0.025100105968978135,0.025100108019094618,0.025100110069024694,0.025100112118770022,0.025100114168328743,0.025100116217704034,0.02510011826689216,0.025100120315899747,0.0251001223647179,0.025100124413352028,0.025100126461799616,0.025100128510058734,0.025100130558136657,0.02510013260602989,0.025100134653737595,0.025100136701260524,0.025100138748598906,0.025100140795752478,0.025100142842721437,0.025100144889507375,0.025100146936107702,0.02510014898252352,0.025100151028754833,0.025100153074802387,0.02510015512066524,0.025100157166343406,0.025100159211837506,0.025100161257147643,0.02510016330227373,0.02510016534721521,0.02510016739197327,0.025100169436550614,0.025100171480939487,0.025100173525146142,0.025100175569169093,0.02510017761300829,0.025100179656663165,0.025100181700135338,0.025100183743421375,0.025100185786526598,0.0251001878294488,0.025100189872187453,0.025100191914742748,0.02510019395711381,0.025100195999301727,0.025100198041307704,0.0251002000831295,0.02510020212476825,0.02510020416622409,0.025100206207497127,0.025100208248587313,0.025100210289494697,0.025100212330219394,0.025100214370761445,0.02510021641112087,0.02510021845129781,0.025100220491292274,0.025100222531104267,0.02510022457073389,0.025100226610181183,0.025100228649446225,0.025100230688529068,0.025100232727429797,0.025100234766148435,0.02510023680468504,0.025100238843039652,0.025100240881212342,0.02510024291920313,0.02510024495701212,0.025100246994639367,0.025100249032084857,0.02510025106934876,0.02510025310643101,0.025100255143331657,0.02510025718005091,0.025100259216588715,0.02510026125294521,0.025100263289120316,0.025100265325114116,0.025100267360926735,0.025100269396558184,0.025100271432008568,0.025100273467277834,0.025100275502366185,0.02510027753727361,0.0251002795720002,0.025100281606545864,0.025100283640910784,0.025100285675095035,0.025100287709098643,0.025100289742921635,0.025100291776563952,0.02510029381002583,0.025100295843307262,0.025100297876408228,0.025100299909328848,0.025100301942069334,0.02510030397462958,0.025100306007009444,0.025100308039209367,0.025100310071229207,0.02510031210306895,0.025100314134728748,0.025100316166208843,0.02510031819750902,0.025100320228629396,0.02510032225956996,0.025100324290330652,0.025100326320911463,0.02510032835131315,0.025100330381535408,0.02510033241157804,0.025100334441441365,0.025100336471125268,0.02510033850062954,0.0251003405299549,0.025100342559101027,0.025100344588067744,0.025100346616855496,0.025100348645463948,0.02510035067389347,0.025100352702144356,0.025100354730216268,0.02510035675810936,0.025100358785823743,0.02510036081335924,0.025100362840715866,0.02510036486789374,0.025100366894892936,0.025100368921713852,0.025100370948356262,0.025100372974820307,0.025100375001105894,0.025100377027212965,0.025100379053145383,0.02510038107889626,0.02510038310447238,0.025100385129870464,0.025100387155090595,0.025100389180133447,0.02510039120499425,0.025100393229681345,0.025100395254190687,0.025100397278522306,0.025100399302676706,0.025100401326646708,0.025100403350445503,0.025100405374067263,0.025100407397511307,0.02510040942077798,0.02510041144386496,0.025100413466774763,0.025100415489509708,0.0251004175120675,0.025100419534447017,0.025100421556650692,0.025100423578677623,0.025100425600527762,0.025100427622206385,0.025100429643699337,0.02510043166501674,0.025100433686158073,0.025100435707122167,0.025100437727910704,0.025100439748521323,0.025100441768955376,0.025100443789211512,0.0251004458092913,0.025100447829192848,0.025100449848916805,0.025100451868467384,0.02510045388784502,0.025100455907040495,0.025100457926065203,0.025100459944913677,0.025100461963585292,0.02510046398207811,0.025100466000398065,0.025100468018542283,0.025100470036510784,0.025100472054303675,0.025100474071920616,0.025100476089361428,0.025100478106626647,0.025100480123716674,0.025100482140630744,0.025100484157369943,0.025100486173933522,0.025100488190322054,0.025100490206535472,0.025100492222573538,0.025100494238438933,0.025100496254127264,0.025100498269640007,0.025100500284977734,0.025100502300140225,0.025100504315128315,0.025100506329940944,0.025100508344579036,0.025100510359043902,0.02510051237333236,0.025100514387446222,0.025100516401385466,0.025100518415149965,0.025100520428741224,0.025100522442158112,0.025100524455399623,0.025100526468466666,0.025100528481358884,0.02510053049407813,0.02510053250662223,0.02510053451899247
7,3.587130191100234e-24,9.84584333617106e-24,1.809426833914337e-23,2.7824568826005825e-23,3.86585240649084e-23,5.031444702345513e-23,6.258254596392099e-23,7.530657452804886e-23,8.837016529001863e-23,1.016866514115127e-22,1.1519148612799327e-22,1.288365970176278e-22,1.4258618123620115e-22,1.5641357393967417e-22,1.7029891598160338e-22,1.8422741688774008e-22,1.9818806117306503e-22,2.1217264484707842e-22,2.2617505783279535e-22,2.4019074953533585e-22,2.5421633081290834e-22,2.682492775381364e-22,2.822877098198124e-22,2.963302275731608e-22,3.103757880586919e-22,3.2442361467648003e-22,3.3847312903906236e-22,3.525239003814549e-22,3.665756078832984e-22,3.806280126075735e-22,3.9468093660142178e-22,4.0873424733108978e-22,4.227878460895649e-22,4.368416593629324e-22,4.508956324003172e-22,4.6494972442497145e-22,4.790039050676417e-22,4.930581517102536e-22,5.071124475075673e-22,5.21166779913775e-22,5.352211395851467e-22,5.492755195627648e-22,5.633299146638433e-22,5.773843210284049e-22,5.914387357816575e-22,6.054931567825468e-22,6.195475824364809e-22,6.336020115558586e-22,6.476564432561914e-22,6.617108768787385e-22,6.75765311932891e-22,6.898197480532585e-22,7.038741849677103e-22,7.179286224735708e-22,7.319830604198935e-22,7.4603749869425905e-22,7.600919372129408e-22,7.741463759135829e-22,7.882008147497427e-22,8.022552536868314e-22,8.163096926990898e-22,8.303641317673312e-22,8.444185708772676e-22,8.584730100182568e-22,8.72527449182374e-22,8.86581888363715e-22,9.006363275578833e-22,9.146907667616062e-22,9.28745205972445e-22,9.427996451885836e-22,9.568540844086684e-22,9.709085236316929e-22,9.849629628569062e-22,9.990174020837504e-22,1.0130718413118079e-21,1.0271262805407708e-21,1.0411807197704074e-21,1.055235159000545e-21,1.0692895982310571e-21,1.0833440374618465e-21,1.0973984766928436e-21,1.1114529159239954e-21,1.1255073551552613e-21,1.139561794386613e-21,1.1536162336180285e-21,1.1676706728494919e-21,1.18172511208099e-21,1.195779551312515e-21,1.2098339905440596e-21,1.223888429775619e-21,1.237942869007189e-21,1.251997308238767e-21,1.2660517474703511e-21,1.2801061867019398e-21,1.2941606259335317e-21,1.3082150651651262e-21,1.3222695043967227e-21,1.3363239436283204e-21,1.3503783828599192e-21,1.3644328220915183e-21,1.3784872613231184e-21,1.3925417005547185e-21,1.4065961397863181e-21,1.4206505790179188e-21,1.434705018249519e-21,1.44875945748112e-21,1.4628138967127206e-21,1.4768683359443213e-21,1.4909227751759218e-21,1.5049772144075227e-21,1.5190316536391234e-21,1.5330860928707235e-21,1.5471405321023237e-21,1.5611949713339242e-21,1.5752494105655243e-21,1.5893038497971252e-21,1.603358289028725e-21,1.6174127282603259e-21,1.631467167491926e-21,1.6455216067235262e-21,1.659576045955126e-21,1.6736304851867259e-21,1.6876849244183266e-21,1.701739363649927e-21,1.715793802881527e-21,1.7298482421131272e-21,1.7439026813447275e-21,1.7579571205763283e-21,1.7720115598079286e-21,1.7860659990395285e-21,1.8001204382711285e-21,1.814174877502729e-21,1.828229316734329e-21,1.842283755965929e-21,1.8563381951975294e-21,1.8703926344291294e-21,1.8844470736607297e-21,1.89850151289233e-21,1.9125559521239304e-21,1.9266103913555307e-21,1.9406648305871307e-21,1.954719269818731e-21,1.9687737090503313e-21,1.9828281482819313e-21,1.9968825875135312e-21,2.0109370267451312e-21,2.024991465976731e-21,2.0390459052083315e-21,2.053100344439931e-21,2.0671547836715306e-21,2.0812092229031313e-21,2.095263662134731e-21,2.1093181013663305e-21,2.123372540597931e-21,2.1374269798295308e-21,2.1514814190611307e-21,2.1655358582927303e-21,2.1795902975243303e-21,2.1936447367559302e-21,2.2076991759875294e-21,2.2217536152191294e-21,2.2358080544507293e-21,2.2498624936823297e-21,2.2639169329139292e-21,2.2779713721455296e-21,2.29202581137713e-21,2.30608025060873e-21,2.3201346898403306e-21,2.3341891290719305e-21,2.3482435683035305e-21,2.3622980075351304e-21,2.3763524467667315e-21,2.390406885998331e-21,2.404461325229931e-21,2.4185157644615314e-21,2.4325702036931317e-21,2.446624642924732e-21,2.4606790821563316e-21,2.474733521387932e-21,2.488787960619532e-21,2.502842399851132e-21,2.5168968390827325e-21,2.5309512783143325e-21,2.5450057175459332e-21,2.559060156777533e-21,2.573114596009133e-21,2.587169035240733e-21,2.601223474472333e-21,2.615277913703933e-21,2.6293323529355333e-21,2.643386792167134e-21,2.6574412313987336e-21,2.6714956706303335e-21,2.685550109861934e-21,2.6996045490935335e-21,2.713658988325134e-21,2.7277134275567337e-21,2.7417678667883337e-21,2.7558223060199336e-21,2.7698767452515336e-21,2.783931184483133e-21,2.7979856237147343e-21,2.812040062946334e-21,2.8260945021779338e-21,2.840148941409534e-21,2.8542033806411337e-21,2.8682578198727337e-21,2.8823122591043336e-21,2.8963666983359336e-21,2.910421137567533e-21,2.924475576799134e-21,2.9385300160307334e-21,2.9525844552623334e-21,2.9666388944939333e-21,2.9806933337255333e-21,2.9947477729571344e-21,3.008802212188734e-21,3.022856651420333e-21,3.036911090651933e-21,3.0509655298835338e-21,3.0650199691151334e-21,3.0790744083467333e-21,3.0931288475783333e-21,3.1071832868099325e-21,3.121237726041533e-21,3.1352921652731328e-21,3.1493466045047327e-21,3.1634010437363323e-21,3.1774554829679315e-21,3.191509922199533e-21,3.2055643614311333e-21,3.2196188006627333e-21,3.233673239894333e-21,3.247727679125934e-21,3.261782118357533e-21,3.275836557589133e-21,3.289890996820733e-21,3.3039454360523334e-21,3.3179998752839344e-21,3.332054314515536e-21,3.3461087537471362e-21,3.360163192978736e-21,3.3742176322103365e-21,3.388272071441937e-21,3.402326510673537e-21,3.416380949905137e-21,3.430435389136736e-21,3.444489828368337e-21,3.458544267599936e-21,3.472598706831536e-21,3.4866531460631354e-21,3.500707585294736e-21,3.514762024526335e-21,3.528816463757936e-21,3.542870902989535e-21,3.5569253422211355e-21,3.570979781452734e-21,3.5850342206843354e-21,3.599088659915935e-21,3.6131430991475346e-21,3.627197538379134e-21,3.641251977610735e-21,3.6553064168423356e-21,3.669360856073936e-21,3.6834152953055355e-21,3.697469734537135e-21,3.7115241737687354e-21,3.725578613000335e-21,3.739633052231935e-21,3.753687491463534e-21,3.767741930695134e-21,3.781796369926734e-21,3.795850809158334e-21,3.809905248389934e-21,3.8239596876215335e-21,3.8380141268531346e-21,3.852068566084734e-21,3.866123005316334e-21,3.880177444547933e-21,3.894231883779534e-21,3.908286323011134e-21,3.922340762242734e-21,3.936395201474335e-21,3.9504496407059335e-21,3.964504079937534e-21,3.978558519169134e-21,3.9926129584007345e-21,4.006667397632335e-21,4.0207218368639344e-21,4.034776276095535e-21,4.048830715327134e-21,4.062885154558734e-21,4.0769395937903335e-21,4.090994033021934e-21,4.105048472253534e-21,4.119102911485133e-21,4.1331573507167325e-21,4.147211789948332e-21,4.161266229179932e-21,4.175320668411533e-21,4.1893751076431316e-21,4.203429546874731e-21,4.217483986106331e-21,4.231538425337932e-21,4.245592864569532e-21,4.2596473038011325e-21,4.273701743032733e-21,4.2877561822643324e-21,4.301810621495933e-21,4.315865060727532e-21,4.329919499959133e-21,4.343973939190733e-21,4.358028378422333e-21,4.372082817653934e-21,4.386137256885533e-21,4.400191696117133e-21,4.414246135348732e-21,4.4283005745803334e-21,4.442355013811933e-21,4.456409453043533e-21,4.470463892275133e-21,4.484518331506733e-21,4.4985727707383336e-21,4.512627209969934e-21,4.526681649201534e-21,4.5407360884331346e-21,4.554790527664736e-21,4.568844966896336e-21,4.5828994061279356e-21,4.596953845359537e-21,4.611008284591137e-21,4.6250627238227366e-21,4.639117163054337e-21,4.6531716022859365e-21,4.6672260415175376e-21,4.681280480749137e-21,4.695334919980738e-21,4.709389359212338e-21,4.723443798443938e-21,4.737498237675537e-21,4.751552676907137e-21,4.765607116138737e-21,4.779661555370337e-21,4.7937159946019375e-21,4.807770433833537e-21,4.821824873065137e-21,4.835879312296738e-21,4.849933751528337e-21,4.863988190759938e-21,4.878042629991537e-21,4.892097069223139e-21,4.906151508454739e-21,4.920205947686338e-21,4.9342603869179386e-21,4.948314826149538e-21,4.9623692653811385e-21,4.976423704612739e-21,4.9904781438443376e-21,5.004532583075937e-21,5.018587022307537e-21,5.032641461539138e-21,5.046695900770738e-21,5.0607503400023385e-21,5.074804779233938e-21,5.0888592184655384e-21,5.102913657697138e-21,5.116968096928739e-21,5.131022536160338e-21,5.1450769753919375e-21,5.159131414623538e-21,5.173185853855138e-21,5.1872402930867385e-21,5.2012947323183396e-21,5.21534917154994e-21,5.22940361078154e-21,5.243458050013139e-21,5.257512489244739e-21,5.271566928476339e-21,5.28562136770794e-21,5.29967580693954e-21,5.31373024617114e-21,5.3277846854027395e-21,5.34183912463434e-21,5.35589356386594e-21,5.369948003097541e-21,5.384002442329141e-21,5.398056881560741e-21,5.412111320792341e-21,5.426165760023942e-21,5.440220199255542e-21,5.4542746384871425e-21,5.4683290777187436e-21,5.482383516950343e-21,5.4964379561819435e-21,5.510492395413544e-21,5.524546834645144e-21,5.5386012738767445e-21,5.5526557131083456e-21,5.566710152339946e-21,5.580764591571546e-21,5.594819030803148e-21,5.6088734700347484e-21,5.6229279092663495e-21,5.63698234849795e-21,5.6510367877295494e-21,5.665091226961149e-21,5.679145666192749e-21,5.693200105424349e-21,5.70725454465595e-21,5.721308983887551e-21,5.735363423119152e-21,5.7494178623507524e-21,5.763472301582351e-21,5.777526740813952e-21,5.791581180045553e-21,5.805635619277153e-21,5.819690058508753e-21,5.833744497740354e-21,5.847798936971953e-21,5.8618533762035536e-21,5.875907815435154e-21,5.889962254666756e-21,5.904016693898356e-21,5.918071133129956e-21,5.9321255723615545e-21,5.946180011593154e-21,5.960234450824753e-21,5.9742888900563525e-21,5.988343329287954e-21,6.002397768519553e-21,6.016452207751153e-21,6.0305066469827515e-21,6.0445610862143526e-21,6.058615525445953e-21,6.072669964677553e-21,6.086724403909153e-21,6.100778843140753e-21,6.1148332823723535e-21,6.128887721603954e-21,6.142942160835554e-21,6.156996600067155e-21,6.171051039298754e-21,6.185105478530352e-21,6.199159917761951e-21,6.213214356993553e-21,6.2272687962251524e-21,6.241323235456751e-21,6.255377674688352e-21,6.269432113919951e-21,6.283486553151551e-21,6.2975409923831495e-21,6.31159543161475e-21,6.325649870846351e-21,6.339704310077951e-21,6.3537587493095516e-21,6.367813188541152e-21,6.381867627772755e-21,6.3959220670043556e-21,6.409976506235956e-21,6.424030945467556e-21,6.438085384699157e-21,6.452139823930756e-21,6.466194263162356e-21,6.480248702393956e-21,6.4943031416255564e-21,6.508357580857157e-21,6.5224120200887586e-21,6.536466459320358e-21,6.5505208985519585e-21,6.564575337783559e-21,6.5786297770151584e-21,6.592684216246756e-21,6.606738655478357e-21,6.620793094709957e-21,6.6348475339415574e-21,6.648901973173159e-21,6.6629564124047596e-21,6.67701085163636e-21,6.691065290867962e-21,6.705119730099562e-21,6.719174169331163e-21,6.7332286085627635e-21,6.747283047794364e-21,6.761337487025964e-21,6.775391926257564e-21,6.789446365489165e-21,6.803500804720764e-21,6.817555243952366e-21,6.831609683183965e-21,6.845664122415566e-21,6.859718561647166e-21,6.873773000878767e-21,6.887827440110366e-21,6.901881879341966e-21,6.915936318573566e-21,6.929990757805167e-21,6.944045197036766e-21,6.958099636268364e-21,6.972154075499964e-21,6.986208514731563e-21,7.000262953963163e-21,7.014317393194761e-21,7.02837183242636e-21,7.042426271657962e-21,7.056480710889561e-21,7.070535150121162e-21,7.084589589352764e-21,7.098644028584366e-21,7.112698467815966e-21,7.126752907047565e-21,7.140807346279166e-21,7.154861785510766e-21,7.168916224742365e-21,7.182970663973968e-21,7.197025103205568e-21,7.211079542437169e-21,7.225133981668768e-21,7.239188420900368e-21,7.253242860131967e-21,7.267297299363567e-21,7.281351738595167e-21,7.295406177826766e-21,7.309460617058366e-21,7.323515056289965e-21,7.337569495521565e-21,7.351623934753165e-21,7.365678373984764e-21,7.379732813216362e-21,7.393787252447962e-21,7.407841691679561e-21,7.421896130911162e-21,7.435950570142763e-21,7.450005009374365e-21,7.464059448605964e-21,7.478113887837565e-21,7.492168327069165e-21,7.506222766300766e-21,7.520277205532365e-21,7.534331644763965e-21,7.548386083995566e-21,7.562440523227166e-21,7.576494962458767e-21,7.590549401690366e-21,7.604603840921967e-21,7.618658280153566e-21,7.632712719385165e-21,7.646767158616766e-21,7.660821597848364e-21,7.674876037079965e-21,7.688930476311566e-21,7.702984915543167e-21,7.717039354774769e-21,7.731093794006368e-21,7.745148233237969e-21,7.759202672469569e-21,7.77325711170117e-21,7.787311550932771e-21,7.801365990164372e-21,7.815420429395973e-21,7.829474868627573e-21,7.843529307859175e-21,7.857583747090775e-21,7.871638186322376e-21,7.885692625553976e-21,7.899747064785575e-21,7.913801504017175e-21,7.927855943248773e-21,7.941910382480372e-21,7.95596482171197e-21,7.970019260943572e-21,7.984073700175173e-21,7.998128139406772e-21,8.012182578638373e-21,8.026237017869973e-21,8.040291457101574e-21,8.054345896333175e-21,8.068400335564773e-21,8.082454774796374e-21,8.096509214027975e-21,8.110563653259575e-21,8.124618092491176e-21,8.138672531722775e-21,8.152726970954377e-21,8.166781410185976e-21,8.180835849417576e-21,8.194890288649174e-21,8.208944727880775e-21,8.222999167112376e-21,8.237053606343977e-21,8.251108045575578e-21,8.265162484807178e-21,8.279216924038779e-21,8.293271363270378e-21,8.30732580250198e-21,8.32138024173358e-21,8.335434680965182e-21,8.349489120196783e-21,8.363543559428381e-21,8.377597998659982e-21,8.391652437891581e-21,8.405706877123181e-21,8.419761316354779e-21,8.433815755586379e-21,8.447870194817978e-21,8.461924634049578e-21,8.475979073281179e-21,8.49003351251278e-21,8.504087951744381e-21,8.51814239097598e-21,8.53219683020758e-21,8.546251269439181e-21,8.560305708670782e-21,8.57436014790238e-21,8.588414587133982e-21,8.602469026365583e-21,8.616523465597182e-21,8.630577904828783e-21,8.644632344060383e-21,8.658686783291984e-21,8.672741222523585e-21,8.686795661755183e-21,8.700850100986783e-21,8.714904540218382e-21,8.728958979449982e-21,8.743013418681583e-21,8.757067857913184e-21,8.771122297144785e-21,8.785176736376385e-21,8.799231175607984e-21,8.813285614839582e-21,8.827340054071182e-21,8.841394493302784e-21,8.855448932534383e-21,8.869503371765982e-21,8.883557810997582e-21,8.897612250229183e-21,8.911666689460784e-21,8.925721128692385e-21,8.939775567923985e-21,8.953830007155586e-21,8.967884446387184e-21,8.981938885618785e-21,8.995993324850384e-21,9.010047764081985e-21,9.024102203313585e-21,9.038156642545186e-21,9.052211081776784e-21,9.066265521008384e-21,9.080319960239983e-21,9.094374399471584e-21,9.108428838703184e-21,9.122483277934785e-21,9.136537717166385e-21,9.150592156397987e-21,9.164646595629588e-21,9.17870103486119e-21,9.192755474092789e-21,9.206809913324392e-21,9.220864352555991e-21,9.23491879178759e-21,9.248973231019192e-21,9.263027670250791e-21,9.277082109482391e-21,9.29113654871399e-21,9.305190987945592e-21,9.31924542717719e-21,9.33329986640879e-21,9.347354305640389e-21,9.361408744871988e-21,9.375463184103588e-21,9.389517623335188e-21,9.403572062566787e-21,9.417626501798385e-21,9.431680941029986e-21,9.445735380261586e-21,9.459789819493185e-21,9.473844258724784e-21,9.487898697956385e-21,9.501953137187986e-21,9.516007576419585e-21,9.530062015651188e-21,9.544116454882787e-21,9.55817089411439e-21,9.57222533334599e-21,9.58627977257759e-21,9.60033421180919e-21,9.614388651040788e-21,9.62844309027239e-21,9.64249752950399e-21,9.65655196873559e-21,9.670606407967191e-21,9.68466084719879e-21,9.69871528643039e-21,9.712769725661993e-21,9.726824164893591e-21,9.74087860412519e-21,9.754933043356792e-21,9.768987482588391e-21,9.783041921819992e-21,9.797096361051593e-21,9.811150800283193e-21,9.825205239514796e-21,9.839259678746395e-21,9.853314117977996e-21,9.867368557209597e-21,9.881422996441198e-21,9.895477435672798e-21,9.9095318749044e-21,9.923586314136e-21,9.937640753367601e-21,9.951695192599201e-21,9.965749631830802e-21,9.979804071062403e-21,9.993858510294003e-21,1.0007912949525604e-20,1.0021967388757205e-20,1.0036021827988804e-20,1.0050076267220404e-20,1.0064130706452005e-20,1.0078185145683604e-20,1.0092239584915206e-20,1.0106294024146805e-20,1.0120348463378406e-20,1.0134402902610006e-20,1.0148457341841605e-20,1.0162511781073202e-20,1.0176566220304803e-20,1.0190620659536404e-20,1.0204675098768004e-20,1.0218729537999603e-20,1.0232783977231204e-20,1.0246838416462805e-20,1.0260892855694407e-20,1.0274947294926005e-20,1.0289001734157606e-20,1.0303056173389205e-20,1.0317110612620805e-20,1.0331165051852406e-20,1.0345219491084006e-20,1.0359273930315605e-20,1.0373328369547205e-20,1.0387382808778806e-20,1.0401437248010405e-20,1.0415491687242006e-20,1.0429546126473607e-20,1.0443600565705206e-20,1.0457655004936807e-20,1.0471709444168406e-20,1.0485763883400006e-20,1.0499818322631608e-20,1.0513872761863206e-20,1.0527927201094806e-20,1.0541981640326406e-20,1.0556036079558005e-20,1.0570090518789605e-20,1.0584144958021206e-20,1.0598199397252807e-20,1.0612253836484408e-20,1.0626308275716009e-20,1.0640362714947609e-20,1.065441715417921e-20,1.066847159341081e-20,1.0682526032642409e-20,1.0696580471874008e-20,1.0710634911105608e-20,1.0724689350337208e-20,1.0738743789568809e-20,1.0752798228800408e-20,1.0766852668032008e-20,1.0780907107263609e-20,1.0794961546495209e-20,1.080901598572681e-20,1.082307042495841e-20,1.083712486419001e-20,1.085117930342161e-20,1.0865233742653211e-20,1.087928818188481e-20,1.0893342621116413e-20,1.0907397060348013e-20,1.0921451499579614e-20,1.0935505938811213e-20,1.0949560378042813e-20,1.0963614817274416e-20,1.0977669256506014e-20,1.0991723695737615e-20,1.1005778134969216e-20,1.1019832574200817e-20,1.1033887013432416e-20,1.1047941452664016e-20,1.1061995891895614e-20,1.1076050331127214e-20,1.1090104770358816e-20,1.1104159209590419e-20,1.1118213648822018e-20,1.113226808805362e-20,1.114632252728522e-20,1.1160376966516822e-20,1.1174431405748421e-20,1.1188485844980021e-20,1.1202540284211619e-20,1.1216594723443218e-20,1.1230649162674818e-20,1.1244703601906418e-20,1.1258758041138016e-20,1.1272812480369615e-20,1.1286866919601215e-20,1.1300921358832816e-20,1.131497579806442e-20,1.1329030237296018e-20,1.134308467652762e-20,1.1357139115759222e-20,1.1371193554990824e-20,1.1385247994222422e-20,1.1399302433454025e-20,1.1413356872685625e-20,1.1427411311917226e-20,1.1441465751148827e-20,1.1455520190380425e-20,1.1469574629612024e-20,1.1483629068843622e-20,1.1497683508075224e-20,1.1511737947306822e-20,1.1525792386538421e-20,1.153984682577002e-20,1.1553901265001622e-20,1.156795570423322e-20,1.1582010143464821e-20,1.1596064582696422e-20,1.161011902192802e-20,1.1624173461159624e-20,1.1638227900391225e-20,1.1652282339622828e-20,1.1666336778854429e-20,1.1680391218086032e-20,1.169444565731763e-20,1.1708500096549232e-20,1.172255453578083e-20,1.1736608975012434e-20,1.1750663414244034e-20,1.1764717853475635e-20,1.1778772292707235e-20,1.1792826731938836e-20,1.1806881171170438e-20,1.1820935610402036e-20,1.183499004963364e-20,1.1849044488865237e-20,1.1863098928096841e-20,1.187715336732844e-20,1.1891207806560042e-20,1.1905262245791643e-20,1.1919316685023242e-20,1.193337112425484e-20,1.1947425563486442e-20,1.196148000271804e-20,1.197553444194964e-20,1.198958888118124e-20,1.2003643320412838e-20,1.2017697759644441e-20,1.2031752198876039e-20,1.2045806638107642e-20,1.205986107733924e-20,1.2073915516570841e-20,1.2087969955802439e-20,1.2102024395034039e-20,1.2116078834265637e-20,1.2130133273497238e-20,1.2144187712728837e-20,1.2158242151960438e-20,1.217229659119204e-20,1.2186351030423636e-20,1.2200405469655237e-20,1.2214459908886835e-20,1.2228514348118436e-20,1.2242568787350034e-20,1.2256623226581634e-20,1.2270677665813232e-20,1.2284732105044833e-20,1.2298786544276433e-20,1.231284098350803e-20,1.2326895422739633e-20,1.2340949861971234e-20,1.2355004301202837e-20,1.2369058740434438e-20,1.238311317966604e-20,1.2397167618897639e-20,1.2411222058129241e-20,1.2425276497360842e-20,1.2439330936592445e-20,1.2453385375824043e-20,1.2467439815055644e-20,1.2481494254287244e-20,1.2495548693518842e-20,1.2509603132750443e-20,1.2523657571982041e-20,1.2537712011213639e-20,1.2551766450445234e-20,1.2565820889676832e-20,1.257987532890843e-20,1.2593929768140028e-20,1.2607984207371628e-20,1.2622038646603226e-20,1.2636093085834827e-20,1.2650147525066422e-20,1.2664201964298023e-20,1.2678256403529618e-20,1.2692310842761213e-20,1.2706365281992811e-20,1.272041972122441e-20,1.2734474160456007e-20,1.2748528599687601e-20,1.2762583038919196e-20,1.2776637478150791e-20,1.2790691917382389e-20,1.2804746356613987e-20,1.2818800795845582e-20,1.2832855235077177e-20,1.2846909674308774e-20,1.2860964113540372e-20,1.2875018552771967e-20,1.2889072992003567e-20,1.2903127431235163e-20,1.2917181870466758e-20,1.2931236309698356e-20,1.2945290748929948e-20,1.2959345188161545e-20,1.2973399627393137e-20,1.2987454066624735e-20,1.300150850585633e-20,1.3015562945087924e-20,1.3029617384319517e-20,1.3043671823551112e-20,1.3057726262782707e-20,1.3071780702014303e-20,1.3085835141245896e-20,1.3099889580477491e-20,1.3113944019709085e-20,1.312799845894068e-20,1.3142052898172278e-20,1.3156107337403873e-20,1.3170161776635468e-20,1.3184216215867062e-20,1.319827065509866e-20,1.3212325094330255e-20,1.322637953356185e-20,1.3240433972793446e-20,1.3254488412025035e-20,1.3268542851256632e-20,1.3282597290488224e-20,1.3296651729719819e-20,1.3310706168951416e-20,1.3324760608183008e-20,1.3338815047414604e-20,1.3352869486646196e-20,1.3366923925877791e-20,1.3380978365109385e-20,1.3395032804340975e-20,1.340908724357257e-20,1.3423141682804164e-20,1.3437196122035756e-20,1.3451250561267351e-20,1.3465305000498945e-20,1.347935943973054e-20,1.3493413878962136e-20,1.3507468318193731e-20,1.3521522757425327e-20,1.353557719665692e-20,1.3549631635888515e-20,1.3563686075120107e-20,1.35777405143517e-20,1.3591794953583297e-20,1.3605849392814888e-20,1.3619903832046484e-20,1.3633958271278075e-20,1.3648012710509672e-20,1.3662067149741262e-20,1.3676121588972856e-20,1.369017602820445e-20,1.370423046743604e-20,1.3718284906667633e-20,1.3732339345899227e-20,1.374639378513082e-20,1.3760448224362414e-20,1.3774502663594008e-20,1.3788557102825598e-20,1.3802611542057192e-20,1.3816665981288782e-20,1.3830720420520376e-20,1.3844774859751972e-20,1.3858829298983563e-20,1.3872883738215153e-20,1.3886938177446747e-20,1.390099261667834e-20,1.3915047055909934e-20,1.3929101495141525e-20,1.3943155934373115e-20,1.3957210373604706e-20,1.39712648128363e-20,1.3985319252067896e-20,1.3999373691299486e-20,1.4013428130531077e-20,2.681405758504185e-13,5.417706590198072e-13,8.210677449577116e-13,1.1062170972546437e-12,1.3974122062119388e-12,1.6948552610906488e-12,1.9987576529426863e-12,2.309340511029934e-12,2.626835275948799e-12,2.951484312825086e-12,3.283541568163536e-12,3.623273274233748e-12,3.970958705215162e-12,4.326890989715309e-12,4.691377984715999e-12,5.064743216503594e-12,5.447326894703543e-12,5.839487006172076e-12,6.2416004962167625e-12,6.654064545410094e-12,7.077297951172787e-12,7.511742624310665e-12,7.957865211848675e-12,8.416158858787496e-12,8.887145122854258e-12,9.371376058057901e-12,9.86943648460051e-12,1.038194646498355e-11,1.0909564008486488e-11,1.145298802899313e-11,1.2012961584333966e-11,1.259027542893885e-11,1.3185771915756743e-11,1.3800349288218124e-11,1.4434966408528864e-11,1.5090647975006207e-11,1.5768490288511455e-11,1.6469667636742026e-11,1.7195439374965376e-11,1.7947157793666683e-11,1.872627687709737e-11,1.953436207274767e-11,2.0373101210672168e-11,2.1244316733830498e-11,2.2149979426962805e-11,2.3092223862798688e-11,2.4073365821743607e-11,2.5095921985759443e-11,2.616263226071664e-11,2.7276485146041334e-11,2.8440746648500387e-11,2.965899333165865e-11,3.093515020858098e-11,3.2273534326337874e-11,3.367890506579132e-11,3.515652239596914e-11,3.671221459011722e-11,3.835245724637055e-11,4.0084465877539056e-11,4.1916304867410284e-11,4.385701627062885e-11,4.5916772801400584e-11,4.810706047947076e-11,5.0440897857490284e-11,5.293310066494445e-11,5.560060322299158e-11,5.846285134309699e-11,6.154228593672273e-11,6.48649426935594e-11,6.84612015980188e-11,7.236673172868538e-11,7.662369318566854e-11,8.128228132944705e-11,8.6402732195573e-11,9.205795729251891e-11,9.83370494689047e-11,1.0535001291025897e-10,1.1323424242467128e-10,1.2216354876847067e-10,1.3236096536940974e-10,1.4411729835368782e-10,1.578186195999656e-10,1.7398807814143344e-10,1.9335136467594656e-10,2.1694265701286853e-10,2.4628269511909257e-10,2.8369146058757505e-10,3.3286585565943795e-10,4.00012748522768e-10,4.962350303121267e-10,6.430049044237346e-10,8.860960048816653e-10,1.335888938073762e-09,2.303874008639688e-09,4.860892170923273e-09,1.3619800631543417e-08,5.2263586206578085e-08,1.1539412383925515e-07,1.1539412384045905e-07,1.1539412384101522e-07,1.1539412384207729e-07,1.1539412392046871e-07,6.493745087690636e-07,2.4365118217525903e-06,7.346724869251078e-06,1.927901991390166e-05,4.6998675907479556e-05,0.00011247131925524713,0.0002955714255813021,0.0009074562026523546,0.002250758359255334,0.004210333736100056,0.0065290367720853,0.008985485057372003,0.011432143874637103,0.013782845296302365,0.01416699743629633,0.01448189362114347,0.01475553115940125,0.015000455272175493,0.015223875973718094,0.015430433351716955,0.015623314253275171,0.01580480965719697,0.015976625466979838,0.0161400685496461,0.01629616410072401,0.01644573281937272,0.016589443397514926,0.016727849232552612,0.01686141471816491,0.016990534455101892,0.017115547536244738,0.01723674833378007,0.017354394757909668,0.01746871465917695,0.017579910848932147,0.017688165078380762,0.017793641223946863,0.017896487861504058,0.017996840365527872,0.01809482263561461,0.018190548528234117,0.018284123053419928,0.018375643382547564,0.018465199703150144,0.01855287594897916,0.018638750427599514,0.018722896363250235,0.018805382369169156,0.018886272860823373,0.01896562841932344,0.0190435061125904,0.019119959780487642,0.019195040289045156,0.019268795758033468,0.019341271765440746,0.019412511531836294,0.019482556087137195,0.019551444421912947,0.01961921362504777,0.01968589900931896,0.019751534226232124,0.019816151371272628,0.0198797810805789,0.01994245261991468,0.020004193966707298,0.020065031885825778,0.020124991999692747,0.020184098853255193,0.020242375974280316,0.020299845929390836,0.02035653037621025,0.020412450111948865,0.020467625118728152,0.020522074605910438,0.020575817049675205,0.0206288702300596,0.020681251265660307,0.020732976646175648,0.02078406226295066,0.02083452343767284,0.020884374949353902,0.020933631059720716,0.020982305537128196,0.021030411679097853,0.021077962333576436,0.021124969919002288,0.021171446443259193,0.02121740352159196,0.021262852393551496,0.021307803939032553,0.021352268693462014,0.021396256862191668,0.021439778334145166,0.02148284269476527,0.021525459238304397,0.02156763697949788,0.021609384664657415,0.021650710782218557,0.021691623572774564,0.021732131038626472,0.021772240952876977,0.02181196086809428,0.021851298124570095,0.02189025985819434,0.021928853007967982,0.021967084323173475,0.022004960370221798,0.02204248753919307,0.022079672050087377,0.022116519958800915,0.02215303716284197,0.02218922940680002,0.022225102287580904,0.02226066125941983,0.022295911638683455,0.02233085860847158,0.02236550722302857,0.02239986241197367,0.02243392898435921,0.022467711632564946,0.022501214936036573,0.02253444336487556,0.022567401283287637,0.02260009295289644,0.022632522535928457,0.02266469409827558,0.022696611612440475,0.022728278960370347,0.022759699936184062,0.022790878248797466,0.02282181752445135,0.022852521309146362,0.02288299307098903,0.02291323620245269,0.022943254022557032,0.02297304977896969,0.023002626650033303,0.02303198774672113,0.02306113611452419,0.023090074735272897,0.023118806528895718,0.02314733435511767,0.023175661015100952,0.02320378925303003,0.02323172175764364,0.023259461163715526,0.02328701005348623,0.023314370958047663,0.02334154635868243,0.023368538688159655,0.02339535033198887,0.023421983629633818,0.023448440875687464,0.023474724321009877,0.023500836173830166,0.023526778600814126,0.023552553728098533,0.023578163642293613,0.02360361039145468,0.02362889598602411,0.023654022399744755,0.0236789915705459,0.023703805401402486,0.02372846576116897,0.023752974485388295,0.023777333377077152,0.023801544207488253,0.023825608716850348,0.023849528615086966,0.023873305582514343,0.023896941270519473,0.023920437302218895,0.02394379527309878,0.023967016751637052,0.02399010327990814,0.0240130563741709,0.02403587752544025,0.02405856820004313,0.02408112984015923,0.024103563864346988,0.024125871668055455,0.024148054624122246,0.024170114083258257,0.02419205137451944,0.024213867805766127,0.024235564664110178,0.024257143216350512,0.024278604709397144,0.02429995037068442,0.024321181408573363,0.02434229901274387,0.02436330435457682,0.024384198587526457,0.02440498284748341,0.02442565825312855,0.024446225906277944,0.024466686892219355,0.02448704228004023,0.02450729312294772,0.024527440458580834,0.024547485309314897,0.024567428682558727,0.024587271571044476,0.024607014953110625,0.02462665979297816,0.02464620704102014,0.024665657634024857,0.024685012495452855,0.02470427253568787,0.024723438652281816,0.024742511730194174,0.02476149264202587,0.024780382248247624,0.024799181397423056,0.024817890926426882,0.02483651166065789,0.024855044414247334,0.02487348999026237,0.02489184918090522,0.024910122767707585,0.024928311521720935,0.024946416203702533,0.02496443756429735,0.02498237634421588,0.025000233274408326,0.025018009076234676,0.02503570446163138,0.025053320133274205,0.025070856784737694,0.025088315100651255,0.025105695756851832,0.02512299942053336,0.0251402267503931,0.025157378396774892,0.025174455001809357,0.025191457199551168,0.025208385616113566,0.02522524086980002,0.025242023571233126,0.02525873432348097,0.025275373722180867,0.0252919423556605,0.02530844080505673,0.025324869644431924,0.02534122944088798,0.02535752075467801,0.02537374413931592,0.025389900141683665,0.02540598930213643,0.02542201215460584,0.025437969226700934,0.025453861039807426,0.02546968810918477,0.0254854509440615,0.025501150047728714,0.025516785917631696,0.025532359045459842,0.02554786991723478,0.02556331901339694,0.025578706808890392,0.025594033773246025,0.02560930037066338,0.025624507060090645,0.0256396542953034,0.02565474252498179,0.025669772192786294,0.025684743737432025,0.02569965759276183,0.025714514187817783,0.025729313946911646,0.02574405728969387,0.02575874463122142,0.02577337638202438,0.02578795294817119,0.025802474731333052,0.025816942128846863,0.02583135553377711,0.02584571533497677,0.025860021917147098,0.025874275660896222,0.025888476942796838,0.025902626135442936,0.025916723607505375,0.025930769723786634,0.025944764845274554,0.02595870932919513,0.025972603529064484,0.025986447794739784,0.026000242472469518,0.026013987904942654,0.026027684431337218,0.026041332387367853,0.026054932105332666,0.026068483914159262,0.02608198813945007,0.026095445103526783,0.0261088551254742,0.026122218521183224,0.026135535603393222,0.026148806681733625,0.02616203206276499,0.026175212050019138,0.026188346944038883,0.02620143704241695,0.026214482639834412,0.0262274840280983,0.02624044149617883,0.026253355330245826,0.02626622581370478,0.026279053227232077,0.026291837848809948,0.026304579953760565,0.026317279814779916,0.026329937701970816,0.026342553882875697,0.02635512862250866,0.02636766218338721,0.0263801548255633,0.02639260680665409,0.026405018381872085,0.02641738980405488,0.02642972132369443,0.026442013188965843,0.02645426564575584,0.026466478937690593,0.026478653306163346,0.026490788990361454,0.026502886227293125,0.026514945251813676,0.026526966296651494,0.026538949592433452,0.026550895367710135,0.026562803848980555,0.026574675260716545,0.026586509825386788,0.026598307763480544,0.026610069293530852,0.026621794632137655,0.026633483993990386,0.026645137591890276,0.02665675563677236,0.026668338337727183,0.02667988590202213,0.0266913985351225,0.026702876440712245,0.026714319820714413,0.026725728875311376,0.026737103802964624,0.026748444800434392,0.026759752062799014,0.02677102578347391,0.026782266154230377,0.026793473365214166,0.026804647604963584,0.026815789060427638,0.02682689791698373,0.026837974358455145,0.026849018567128315,0.02686003072376985,0.0268710110076433,0.026881959596525732,0.026892876666724068,0.026903762393091144,0.02691461694904163,0.026925440506567668,0.026936233236254385,0.0269469953072951,0.02695772688750635,0.026968428143342778,0.026979099239911732,0.026989740340987712,0.02700035160902666,0.02701093320517997,0.02702148528930843,0.027032008019995852,0.027042501554562597,0.027052966049078933,0.027063401658378172,0.027073808536069683,0.02708418683455167,0.027094536705023854,0.02710485829749993,0.02711515176081993,0.027125417242662334,0.027135654889556122,0.027145864846892624,0.027156047258937176,0.027166202268840752,0.027176330018651267,0.027186430649324914,0.027196504300737223,0.02720655111169414,0.027216571219942705,0.027226564762181868,0.02723653187407302,0.02724647269025043,0.027256387344331542,0.027266275968927133,0.027276138695651393,0.027285975655131807,0.027295786977019017,0.027305572789996405,0.027315333221789747,0.0273250683991766,0.027334778447995624,0.027344463493155835,0.027354123658645643,0.027363759067541925,0.02737336984201878,0.027382956103356452,0.027392517971949852,0.027402055567317205,0.02741156900810849,0.027421058412113793,0.02743052389627155,0.027439965576676693,0.02744938356858878,0.02745877798643988,0.02746814894384247,0.02747749655359722,0.02748682092770069,0.02749612217735287,0.027505400412964735,0.027514655744165683,0.027523888279810785,0.027533098127988063,0.027542285396025754,0.02755145019049917,0.027560592617237915,0.027569712781332665,0.027578810787142045,0.02758788673829938,0.027596940737719348,0.027605972887604663,0.027614983289452492,0.027623972044060995,0.027632939251535645,0.02764188501129557,0.027650809422079776,0.027659712581953287,0.027668594588313288,0.02767745553789511,0.027686295526778208,0.027695114650392056,0.027703913003521964,0.02771269068031481,0.027721447774284806,0.027730184378319065,0.027738900584683198,0.02774759648502683,0.02775627217038905,0.027764927731203776,0.027773563257305105,0.02778217883793259,0.027790774561736398,0.02779935051678258,0.027807906790558015,0.027816443469975624,0.027824960641379216,0.027833458390548543,0.027841936802704064,0.027850395962511862,0.027858835954088414,0.02786725686100528,0.027875658766293804,0.027884041752449743,0.027892405901437815,0.0279007512946963,0.027909078013141398,0.02791738613717182,0.02792567574667302,0.027933946921021642,0.027942199739089766,0.02795043427924915,0.027958650619375493,0.02796684883685251,0.02797502900857612,0.027983191210958467,0.02799133551993205,0.027999462010953564,0.02800757075900796,0.028015661838612295,0.02802373532381968,0.028031791288222998,0.02803982980495879,0.028047850946710917,0.028055854785714353,0.028063841393758823,0.028071810842192405,0.0280797632019252,0.028087698543432838,0.028095616936760038,0.028103518451524055,0.028111403156918197,0.028119271121715216,0.028127122414270653,0.0281349571025263,0.028142775254013385,0.028150576935855966,0.028158362214774135,0.028166131157087233,0.028173883828717047,0.028181620295191005,0.028189340621645236,0.028197044872827717,0.028204733113101312,0.02821240540644683,0.028220061816465993,0.02822770240638445,0.02823532723905472,0.028242936376959064,0.028250529882212407,0.028258107816565247,0.028265670241406395,0.028273217217765847,0.028280748806317535,0.028288265067382096,0.028295766060929567,0.028303251846582157,0.02831072248361682,0.028318178030967988,0.028325618547230126,0.02833304409066042,0.028340454719181247,0.028347850490382756,0.02835523146152546,0.02836259768954266,0.028369949231042933,0.028377286142312615,0.028384608479318226,0.028391916297708833,0.028399209652818502,0.028406488599668614,0.028413753192970247,0.02842100348712641,0.028428239536234464,0.028435461394088292,0.028442669114180617,0.028449862749705214,0.02845704235355913,0.028464207978344827,0.02847135967637245,0.02847849749966193,0.02848562149994509,0.028492731728667786,0.02849982823699202,0.028506911075798034,0.028513980295686227,0.02852103594697939,0.02852807807972459,0.028535106743695218,0.028542121988392986,0.02854912386304982,0.02855611241662993,0.028563087697831602,0.028570049755089248,0.02857699863657516,0.02858393439020149,0.028590857063622133,0.02859776670423443,0.028604663359181173,0.028611547075352253,0.02861841789938661,0.028625275877673884,0.028632121056356284,0.02863895348133024,0.028645773198248244,0.028652580252520436,0.02865937468931645,0.028666156553567024,0.028672925889965627,0.028679682742970263,0.02868642715680497,0.028693159175461544,0.028699878842701063,0.028706586202055642,0.028713281296829853,0.02871996417010241,0.02872663486472766,0.02873329342333725,0.028739939888341445,0.02874657430193089,0.028753196706077972,0.028759807142538365,0.028766405652852496,0.02877299227834702,0.02877956706013628,0.02878613003912372,0.028792681256003413,0.02879922075126137,0.02880574856517701,0.02881226473782457,0.028818769309074403,0.028825262318594457,0.028831743805851594,0.028838213810112926,0.028844672370447185,0.028851119525726002,0.028857555314625284,0.02886397977562649,0.02887039294701792,0.028876794866896,0.028883185573166593,0.02888956510354621,0.028895933495563287,0.02890229078655943,0.028908637013690664,0.028914972213928636,0.028921296424061774,0.02892760968069662,0.028933912020258894,0.028940203478994758,0.02894648409297192,0.02895275389808089,0.02895901293003604,0.028965261224376808,0.028971498816468825,0.028977725741505003,0.02898394203450671,0.02899014773032485,0.028996342863640952,0.029002527468968253,0.02900870158065284,0.029014865232874654,0.0290210184596486,0.029027161294825545,0.02903329377209345,0.029039415924978357,0.02904552778684541,0.029051629390899916,0.029057720770188315,0.029063801957599254,0.0290698729858645,0.029075933887560006,0.029081984695106856,0.02908802544077223,0.02909405615667041,0.0291000768747637,0.029106087626863435,0.029112088444630847,0.029118079359578084,0.029124060403069064,0.029130031606320488,0.02913599300040264,0.029141944616240416,0.029147886484614152,0.02915381863616054,0.02915974110137349,0.02916565391060511,0.029171557094066415,0.029177450681828365,0.029183334703822582,0.02918920918984232,0.029195074169543263,0.029200929672444344,0.029206775727928586,0.02921261236524403,0.029218439613504375,0.029224257501689978,0.02923006605864855,0.029235865313095973,0.029241655293617164,0.029247436028666772,0.029253207546570077,0.029258969875523632,0.02926472304359614,0.029270467078729226,0.029276202008738133,0.029281927861312555,0.029287644664017256,0.02929335244429299,0.02929905122945714,0.029304741046704465,0.029310421923107836,0.029316093885618958,0.029321756961069097,0.029327411176169778,0.029333056557513497,0.02933869313157443,0.02934432092470916,0.02934993996315728,0.0293555502730422,0.029361151880371722,0.02936674481103876,0.029372329090822075,0.02937790474538681,0.02938347180028528,0.029389030280957545,0.029394580212732106,0.029400121620826534,0.029405654530348165,0.029411178966294593,0.02941669495355453,0.029422202516908223,0.029427701681028193,0.02943319247047987,0.02943867490972212,0.02944414902310791,0.029449614834884973,0.029455072369196273,0.029460521650080725,0.029465962701473766,0.029471395547207877,0.029476820211013263,0.02948223671651838,0.029487645087250505,0.029493045346636347,0.029498437518002595,0.0295038216245765,0.029509197689486396,0.0295145657357623,0.029519925786336474,0.02952527786404394,0.029530621991623016,0.02953595819171592,0.029541286486869236,0.02954660689953452,0.02955191945206879,0.029557224166735015,0.029562521065702715,0.029567810171048446,0.029573091504756323,0.029578365088718545,0.029583630944735848,0.029588889094518046,0.029594139559684617,0.029599382361765056,0.029604617522199422,0.029609845062338908,0.029615065003446222,0.029620277366696153,0.029625482173176003,0.029630679443886043,0.029635869199740077,0.02964105146156585,0.02964622625010555,0.02965139358601622,0.02965655348987028,0.02966170598215595,0.02966685108327773,0.02967198881355682,0.02967711919323165,0.02968224224245819,0.02968735798131055,0.029692466429781277,0.029697567607781944,0.029702661535143414,0.02970774823161643,0.029712827716871937,0.029717900010501584,0.029722965132018102,0.02972802310085571,0.029733073936370577,0.029738117657841248,0.029743154284468987,0.029748183835378233,0.02975320632961704,0.02975822178615741,0.029763230223895744,0.029768231661653224,0.02977322611817621,0.029778213612136648,0.029783194162132428,0.029788167786687827,0.029793134504253846,0.0297980943332086,0.029803047291857756,0.029807993398434804,0.029812932671101557,0.02981786512794842,0.029822790786994843,0.02982770966618963,0.029832621783411332,0.0298375271564686,0.029842425803100574,0.029847317740977243,0.029852202987699732,0.02985708156080076,0.029861953477744892,0.029866818755929003,0.02987167741268248,0.02987652946526774,0.029881374930880413,0.029886213826649816,0.029891046169639154,0.029895871976846032,0.029900691265202624,0.0299055040515761,0.029910310352768914,0.029915110185519178,0.02991990356650094,0.029924690512324555,0.02992947103953694,0.029934245164621995,0.029939012904000823,0.02994377427403212,0.02994852929101243,0.029953277971176473,0.029958020330697523,0.029962756385687617,0.02996748615219791,0.029972209646219015,0.029976926883681216,0.029981637880454846,0.029986342652350582,0.029991041215119668,0.029995733584454294,0.03000041977598787,0.030005099805295317,0.030009773687893287,0.03001444143924059,0.030019103074738335,0.030023758609730333,0.030028408059503298,0.030033051439287153,0.030037688764255378,0.03004232004952516,0.03004694531015773,0.0300515645611587,0.03005617781747822,0.030060785094011357,0.030065386405598273,0.03006998176702455,0.030074571193021434,0.030079154698266133,0.030083732297382006,0.030088304004938938,0.030092869835453454,0.03009742980338911,0.03010198392315668,0.03010653220911444,0.030111074675568367,0.030115611336772492,0.030120142206929046,0.030124667300188777,0.030129186630651155,0.03013370021236466,0.03013820805932699,0.030142710185485328,0.030147206604736555,0.030151697330927534,0.030156182377855296,0.030160661759267352,0.030165135488861825,0.030169603580287783,0.030174066047145422,0.030178522902986227,0.03018297416131351,0.030187419835582173,0.030191859939199237,0.030196294485524074,0.030200723487868505,0.03020514695949707,0.03020956491362733,0.03021397736342997,0.030218384322029068,0.030222785802502334,0.030227181817881303,0.03023157238115156,0.030235957505252934,0.030240337203079753,0.030244711487481018,0.03024908037126063,0.030253443867177605,0.030257801987946253,0.03026215474623645,0.03026650215467376,0.030270844225839696,0.030275180972271935,0.030279512406464464,0.03028383854086779,0.03028815938788924,0.030292474959893033,0.030296785269200488,0.030301090328090353,0.030305390148798822,0.030309684743519912,0.030313974124405476,0.03031825830356552,0.030322537293068337,0.03032681110494072,0.03033107975116817,0.03033534324369503,0.030339601594424715,0.030343854815219874,0.030348102917902613,0.030352345914254626,0.03035658381601742,0.03036081663489247,0.030365044382541433,0.030369267070586264,0.030373484710609466,0.03037769731415425,0.030381904892724628,0.030386107457785777,0.030390305020764008,0.030394497593047035,0.030398685185984202,0.030402867773962616,0.030407045403667683,0.030411218087948038,0.030415385837947218,0.0304195486648758,0.03042370658026521,0.030427859594435117,0.030432007718749463,0.030436150964256357,0.030440289341883833,0.030444422862447564,0.030448551536976606,0.03045267537636782,0.03045679439120707,0.030460908592494167,0.03046501799098453,0.030469122597397508,0.03047322242241844,0.030477317476696093,0.030481407770845,0.03048549331544391,0.030489574121200326,0.03049365019847191,0.03049772155777035,0.030501788209587787,0.030505850164237583,0.030509907432101597,0.030513960023806533,0.03051800794888202,0.03052205121807321,0.030526089841618035,0.030530123829721024,0.030534153192553662,0.030538177940254128,0.03054219808292838,0.030546213630648827,0.030550224593455414,0.03055423098135609,0.030558232804325836,0.030562230072307624,0.030566222795206988,0.03057021098291289,0.030574194645268032,0.0305781737923092,0.030582148432134526,0.030586118577201782,0.030590084235981023,0.030594045418412714,0.030598002133921658,0.030601954392144613,0.030605902202659185,0.030609845575049106,0.030613784518844795,0.030617719043559144,0.03062164915838288,0.030625574873038262,0.030629496196658414,0.030633413139415908,0.030637325709926073,0.03064123391798787,0.030645137772587757,0.030649037283032594,0.030652932458257977,0.030656823307846463,0.03066070984093997,0.03066459206668921,0.030668469994506235,0.03067234363174746,0.030676212990244766,0.030680078077620004,0.030683938902917998,0.03068779547518065,0.030691647803824072,0.03069549589700456,0.030699339763909272,0.030703179413623966,0.030707014854535978,0.030710846095710058,0.03071467314599886,0.030718496014015453,0.030722314708496117,0.030726129238405307,0.030729939612236322,0.03073374583862088,0.03073754792634409,0.030741345883776586,0.03074513971968521,0.03074892944259612,0.030752715061108438,0.030756496583535377,0.030760274018358603,0.03076404737364601,0.030767816658187522,0.030771581880372663,0.030775343048686482,0.03077910017125882,0.030782853255952085,0.030786602311959163,0.030790347346852567,0.030794088369625085,0.030797825388572373,0.030801558410789368,0.030805287444712722,0.03080901249884994,0.030812733581227734,0.03081645070033938,0.03082016386383598,0.030823873079778064,0.030827578356728776,0.03083127970149228,0.030834977121795535,0.030838670627690815,0.03084236022587781,0.030846045924273636,0.030849727730682053,0.030853405652971344,0.030857079698815855,0.03086074987658287,0.030864416193393363,0.030868078657110474,0.030871737275491473,0.03087539205652751,0.030879043007753997,0.030882690136839978,0.030886333451424948,0.03088997295924808,0.030893608667541275,0.030897240584107713,0.030900868716651354,0.03090449307256462,0.030908113659511585,0.030911730484841457,0.030915343557199094,0.03091895288252312,0.030922558467615224,0.030926160321277162,0.030929758449843685,0.03093335286122587,0.030936943562733105,0.030940530561722777,0.030944113865387552,0.03094769348104178,0.030951269415882967,0.030954841677201514,0.030958410272416245,0.03096197520849566,0.030965536492601732,0.030969094131878525,0.030972648133448806,0.030976198504409625,0.030979745251840256,0.030983288382804217,0.0309868279039348,0.030990363823059124,0.03099389614636836,0.030997424882358272,0.03100095003687681,0.031004471616857477,0.031007989629211388,0.031011504080855894,0.031015014977752362,0.031018522328558937,0.031022026139226902,0.03102552641562349,0.031029023165573766,0.031032516395783295,0.031036006113009072,0.03103949232399365,0.03104297503546662,0.031046454254125996,0.03104992998665483,0.031053402239722548,0.03105687101997984,0.031060336334056717,0.031063798188557982,0.031067256590077398,0.031070711545187448,0.03107416306044623,0.031077611143672426,0.03108105580007647,0.031084497036179277,0.031087934857275016,0.0310913692709987,0.03109480028379792,0.031098227902102774,0.031101652132321345,0.031105072980837634,0.031108490454031572,0.031111904558259133,0.031115315299853525,0.031118722685140456,0.031122126720418048,0.031125527413253102,0.031128924768612426,0.031132318792763035,0.031135709491911773,0.031139096872267163,0.031142480940060766,0.031145861700197352,0.031149239160101764,0.031152613326031416,0.031155984203970977,0.031159351799972194,0.031162716120391433,0.031166077171150393,0.031169434958482338,0.03117278948826294,0.03117614076760085,0.031179488801421296,0.031182833595711498,0.031186175156430244,0.031189513489582345,0.03119284860109656,0.031196180496897145,0.031199509182907394,0.031202834665010382,0.03120615694910487,0.031209476041044324,0.031212791946700194,0.031216104671868534,0.03121941422242326,0.03122272060413524,0.031226023822761042,0.03122932388411297,0.031232620793946363,0.03123591455798714,0.031239205181958093,0.03124249267158632,0.031245777032557747,0.031249058270525067,0.03125233639118701,0.031255611400187226,0.03125888330313282,0.03126215210566876,0.031265417813394036,0.0312686804311414,0.03127193996535535,0.031275196421837057,0.031278449805241436,0.031281700124062645,0.03128494737884976,0.03128819157766284,0.03129143272452306,0.03129467082695223,0.031297905891510026,0.03130113792062162,0.03130436692107177,0.031307592898089695,0.031310815857333446,0.03131403580407748,0.031317252743624194,0.03132046668136148,0.03132367762261106,0.031326885573017826,0.03133009053759086,0.031333292521149914,0.03133649152992155,0.03133968756725634,0.03134288064045871,0.03134607075415874,0.03134925791355616,0.03135244212392496,0.03135562339039361,0.03135880171816495,0.03136197711243981,0.031365149578373795,0.031368319121167845,0.03137148574589061,0.03137464945744244,0.03137781026135838,0.03138096816236101,0.03138412316560981,0.031387275276805064,0.031390424500492675,0.03139357084171728,0.031396714305109916,0.03139985489581679,0.03140299261931736,0.031406127480587284,0.03140925948427429,0.03141238863564089,0.03141551494009068,0.03141863840191131,0.03142175902608847,0.03142487681729408,0.03142799178054238,0.03143110392131653,0.031434213243787396,0.03143731975308848,0.03144042345478964,0.03144352435205933,0.031446622450601425,0.03144971775522835,0.03145281027074051,0.03145590000224578,0.03145898695437368,0.03146207113161667,0.03146515253835093,0.03146823117979727,0.031471307060689395,0.031474380185985903,0.031477450559708464,0.03148051818709653,0.03148358307284289,0.03148664522159597,0.031489704637990265,0.03149276132647675,0.031495815291860824,0.03149886653869774,0.0315019150716058,0.03150496089521181,0.03150800401409761,0.031511044432797716,0.03151408215585028,0.031517117187694094,0.0315201495331517,0.03152317919675911,0.03152620618281195,0.03152923049633045,0.03153225214094253,0.03153527112260535,0.03153828744399328,0.03154130111016101,0.031544312125652035,0.03154732049500972,0.03155032622268068,0.0315533293130383,0.03155632977028886,0.03155932759963536,0.03156232280454627,0.0315653153897526,0.031568305359777525,0.03157129271870205,0.03157427747090101,0.0315772596205769,0.031580239172235784,0.03158321613018597,0.031586190498731966,0.03158916228226552,0.03159213148489964,0.0315950981109636,0.0315980621647367,0.031601023650456916,0.03160398257233272,0.031606938934614644,0.03160989274136855,0.031612843996903825,0.031615792705439384,0.03161873887060247,0.031621682497982355,0.03162462359078625,0.03162756215332121,0.03163049819001328,0.03163343170421816,0.03163636270055537,0.031639291183197915,0.03164221715615521,0.031645140623444694,0.03164806158942605,0.03165098005788758,0.0316538960328831,0.031656809518203134,0.03165972051842057,0.03166262903798322,0.03166553508035076,0.031668438649538125,0.03167133974955333,0.03167423838439864,0.031677134558049366,0.03168002827449399,0.031682919537698306,0.0316858083515699,0.031688694720153045,0.03169157864701119,0.03169446013543594,0.03169733919140719,0.03170021581787725,0.031703090017490054,0.03170596179642363,0.03170883115623785,0.03171169810307459,0.03171456263861885,0.03171742476886094,0.03172028449579839,0.031723141824888335,0.03172599675931727,0.03172884930276509,0.0317316994589799,0.03173454723179062,0.03173739262441444,0.031740235641794054,0.03174307628655537,0.031745914563477765,0.031748750475880196,0.03175158402751099,0.03175441522272478,0.031757244064639825,0.031760070556939315,0.03176289470340803,0.03176571650710075,0.031768535972332757,0.031771353102790376,0.03177416790327767,0.031776980375215834,0.03177979052339031,0.031782598351566674,0.03178540386329069,0.031788207062169664,0.03179100795180198,0.03179380653584468,0.03179660281775633,0.03179939680135441,0.0318021884905429,0.031804977889485886,0.031807765000001,0.03181054982613635,0.031813332371708,0.03181611264036994,0.03181889063563604,0.03182166636086772,0.03182443981994183,0.031827211016218014,0.03182997995330961,0.03183274663452191,0.03183551106369669,0.031838273243805684,0.03184103317900324,0.03184379087207159,0.031846546326719495,0.03184929954736618,0.03185205053497077,0.03185479929505393,0.03185754583057539,0.03186029014503084,0.0318630322433615,0.03186577212458993,0.03186850979575505,0.03187124525969524,0.031873978519232654,0.03187670957794312,0.0318794384393452,0.03188216510608589,0.03188488958254538,0.031887611871861385,0.031890331977003715,0.03189304990107548,0.03189576564778933,0.031898479222175556,0.03190119062493276,0.031903899859807044,0.03190660693073127,0.03190931184084658,0.031912014593394857,0.031914715192272104,0.03191741363982309,0.03192010993915064,0.031922804094062784,0.031925496107721794,0.031928185983259916,0.03193087372396575,0.031933559333186354,0.03193624281410479,0.03193892417016987,0.031941603404369454,0.03194428051934309,0.031946955518732716,0.031949628405458654,0.03195229918318478,0.03195496785476678,0.03195763442264945,0.031960298891608195,0.03196296126399326,0.031965621542831356,0.03196827973119311,0.03197093583242394,0.03197358984982372,0.03197624178570486,0.031978891643804956,0.03198153942853246,0.03198418514018961,0.031986828783214946,0.03198947036014627,0.031992109874964286,0.03199474733077051,0.031997382728910284,0.03200001607452921,0.03200264737027321,0.03200527661861096,0.032007903822531034,0.03201052898532635,0.03201315210962495,0.03201577319909468,0.032018392256376024,0.03202100928436471,0.03202362428728272,0.03202623726588825,0.03202884822434486,0.032031457165555235,0.032034064090897776,0.03203666900640115,0.03203927191290789,0.03204187281392736,0.0320444717124295,0.032047068612008255,0.03204966351487189,0.032052256423979145,0.03205484734213082,0.03205743627292634,0.03206002321818563,0.03206260818092707,0.032065191164529376,0.032067772171749914,0.032070351205696145,0.032072928269246126,0.032075503366902916,0.032078076497551386,0.03208064766641138,0.032083216875704215,0.032085784128568405,0.03208834942787803,0.03209091277638634,0.03209347417700172,0.032096033632260317,0.032098591145410804,0.03210114671921857,0.0321037003560268,0.03210625205940179,0.03210880183028898,0.032111349673890344,0.03211389559222136,0.03211643958734576,0.03211898166226239,0.032121521820429925,0.03212406006347189,0.03212659639466563,0.03212913081711377,0.032131663333437796,0.03213419394576065,0.032136722657482415,0.03213924947073268,0.032141774388436864,0.03214429741338634,0.032146818548233924,0.0321493377956651,0.03215185515835693,0.03215437063905571,0.03215688424024769,0.03215939596352005,0.03216190581403421,0.032164413793132014,0.03216691990347772,0.032169424147825226,0.03217192652864059,0.03217442704855551,0.032176925710946935,0.032179422517235656,0.03218191747046672,0.0321844105735351,0.032186901828548505,0.03218939123784665,0.03219187880505168,0.03219436453263992,0.03219684842285505,0.032199330478348484,0.03220181070162892,0.03220428909485272,0.03220676566047636,0.03220924040246198,0.032211713322604175,0.0322141844232814,0.0322166537069691,0.03221912117628956,0.032221586833851644,0.03222405068192775,0.032226512723381236,0.0322289729605241,0.03223143139601987,0.03223388803210524,0.032236342871504745,0.032238795916665224,0.032241247170209666,0.032243696634527357,0.03224614431218546,0.032248590205384176,0.03225103431664522,0.03225347664868342,0.0322559172037358,0.03225835598422062,0.03226079299282047,0.032263228232494626,0.0322656617045265,0.03226809341194101,0.03227052335702458,0.03227295154211854,0.032275377969857445,0.03227780264254954,0.0322802255626312,0.03228264673251413,0.032285066154596156,0.03228748383130209,0.032289899765441665,0.032292313959000236,0.032294726414585244,0.03229713713385804,0.03229954611921693,0.032301953373492405,0.032304358899394335,0.03230676269841632,0.03230916477338859,0.03231156512778021,0.03231396376264878,0.03231636067980871,0.032318755882251,0.03232114937205472,0.03232354115189905,0.03232593122419819,0.03232831959066042,0.032330706254137774,0.03233309121676297,0.0323354744810791,0.032337856049194674,0.032340235923397576,0.03234261410597949,0.032344990599210074,0.032347365405375667,0.03234973852674755,0.03235210996570133,0.032354479724391344,0.03235684780507686,0.03235921421001192,0.03236157894144706,0.03236394200162833,0.03236630339266365,0.03236866311705527,0.032371021176902874,0.0323733775743178,0.0323757323116263,0.032378085391059,0.0323804368148395,0.03238278658517665,0.03238513470431507,0.03238748117435852,0.032389825997576775,0.032392169176225054,0.03239451071232851,0.03239685060823675,0.032399188866000184,0.032401525487836626,0.03240386047587622,0.032406193832429896,0.03240852555985585,0.032410855659743325,0.03241318413475543,0.03241551098673958,0.03241783621777801,0.032420159830418384,0.03242248182616939,0.03242480220751613,0.03242712097668804,0.032429438135604394,0.03243175368656948,0.03243406763184782,0.032436379973043765,0.032438690712819726,0.03244099985275273,0.032443307395836035,0.03244561334320404,0.03244791769743976,0.032450220460337464,0.03245252163407513,0.032454821220356554,0.03245711922221703,0.032459415640956,0.03246171047892116,0.032464003738338874,0.032466295420449945,0.03246858552846521,0.03247087406334231,0.03247316102765351,0.032475446423870166,0.0324777302534272,0.03248001251834167,0.032482293221333745,0.03248457236388914,0.032486849947706516,0.03248912597539282,0.03249140044889786,0.0324936733697775,0.03249594474052547,0.032498214562844394,0.032500482839209796,0.032502749571025585,0.03250501476050226,0.032507278409784214,0.03250954052081132,0.03251180109566373,0.03251406013595004,0.03251631764411855,0.032518573622303995,0.03252082807137742,0.032523080994019425,0.032525332392085084,0.032527582267886906,0.03252983062306355,0.03253207745932006,0.03253432277883463,0.032536566583965275,0.032538808876134355,0.03254104965719858,0.0325432889292288,0.032545526694243536,0.03254776295454693,0.032549997711190104,0.032552230966560985,0.03255446272255843,0.032556692981064256,0.03255892174431255,0.032561149013591584,0.03256337479151871,0.03256559907957613,0.03256782187968597,0.03257004319322811,0.032572263022559805,0.03257448136955367,0.032576698236098676,0.03257891362405248,0.03258112753529746,0.03258333997169211,0.03258555093643459,0.03258776043019071,0.03258996845339937,0.03259217500918109,0.03259438009914484,0.032596583725929336,0.032598785890557105,0.03260098659611407,0.03260318584207113,0.032605383631635156,0.032607579967230266,0.03260977485010933,0.032611968281607444,0.03261416026438822,0.03261635079978382,0.03261853988974071,0.03262072753599283,0.03262291374048915,0.032625098504268465,0.03262728183029739,0.03262946371986159,0.032631644174431686,0.032633823195225654,0.03263600078560034,0.032638176947128617,0.03264035167959717,0.032642524987615905,0.03264469687210656,0.0326468673339836,0.03264903637530865,0.03265120399829968,0.032653370203964284,0.03265553499481486,0.032657698372232445,0.03265986033756172,0.03266202089347241,0.032664180040714245,0.03266633778188587,0.03266849411835213,0.03267064905128046,0.03267280258297385,0.03267495471530274,0.03267710544964639,0.032679254787185176,0.03268140273128732,0.0326835492823763,0.0326856944424046,0.03268783821365245,0.0326899805971168,0.03269212159463944,0.03269426120820075,0.03269639943907813,0.032698536289184475,0.032700671760217834,0.032702805853860255,0.03270493857178882,0.03270706991568804,0.032709199887280105,0.032711328488189056,0.03271345572007629,0.03271558158414617,0.03271770608301697,0.03271982921786765,0.032721950990374796,0.032724071402181386,0.03272619045442857,0.03272830814862101,0.032730424488224906,0.03273253947372061,0.032734653106748265,0.03273676538894434,0.03273887632194638,0.032740985907382336,0.03274309414688355,0.03274520104207494,0.032747306594580576,0.032749410806020285,0.03275151367801779,0.03275361521218307,0.0327557154101176,0.03275781427346176,0.03275991180377908,0.032762008002708336,0.0327641028718252,0.032766196412737064,0.032768288626964334,0.03277037951661186,0.03277246908225595,0.03277455732605565,0.032776644250244756,0.032778729854771434,0.03278081414256762,0.03278289711491935,0.03278497877322997,0.032787059119235816,0.032789138155591056,0.032791215882743405,0.03279329230087906,0.032795367414166124,0.03279744122249852,0.03279951372865996,0.03280158493152614,0.032803654835747646,0.032805723440287086,0.03280779074911239,0.032809856761425234,0.0328119214812087,0.03281398490742509,0.03281604704382047,0.03281810789015615,0.03282016744903937,0.032822225721807395,0.032824282709945085,0.032826338414843545,0.03282839283817965,0.0328304459815285,0.03283249784618463,0.032834548433941554,0.0328365977462836,0.03283864578443078,0.0328406925497044,0.03284273804427072,0.03284478226926008,0.032846825227951904,0.032848866918160254,0.032850907343476635,0.03285294650447582,0.03285498440397473,0.03285702104302209,0.03285905642400341,0.03286109054546544,0.03286312341152162,0.032865155022487005,0.03286718537993304,0.03286921448560394,0.03287124234103789,0.03287326894755802,0.03287529430648457,0.032877318420927094,0.03287934129096309,0.032881362918269104,0.032883383303658704,0.03288540244693823,0.03288742035189001,0.03288943701862752,0.032891452450051734,0.03289346664823206,0.032895479612573046,0.032897491344795166,0.032899501846896745,0.032901511120235885,0.032903519166006895,0.03290552598592201,0.032907531581463804,0.03290953595390315,0.0329115391062405,0.03291354103670411,0.03291554174804182,0.032917541242156116,0.032919539520060624,0.03292153658343015,0.0329235324335242,0.03292552707173643,0.032927520499411306,0.03292951271803304,0.03293150372894072,0.03293349353352036,0.032935482133157556,0.0329374695292241,0.0329394557231025,0.03294144071643258,0.03294342451005276,0.03294540710560867,0.03294738850449594,0.032949368708015604,0.03295134771756449,0.03295332553450373,0.032955302160192476,0.03295727759598758,0.03295925184324362,0.03296122490331291,0.03296319677754545,0.03296516746728899,0.03296713697388898,0.03296910529868863,0.03297107244302888,0.03297303840824845,0.03297500319568376,0.03297696680666902,0.03297892924253616,0.03298089050461384,0.032982850594231734,0.03298480951271403,0.032986767261382055,0.03298872384156006,0.03299067925456496,0.03299263350171319,0.03299458658431896,0.03299653850369429,0.03299848926114905,0.03300043885799084,0.03300238729552518,0.03300433457505535,0.03300628069788246,0.033008225665305466,0.03301016947862118,0.033012112139124236,0.033014053648107125,0.03301599400686018,0.03301793321667161,0.03301987127882748,0.03302180819461171,0.033023743965306086,0.033025678592190306,0.033027612076541916,0.033029544419636375,0.033031475622747004,0.03303340568714505,0.033035334614125014,0.03303726240496011,0.0330391890614269,0.033041114583782207,0.033043038974682436,0.03304496223336166,0.03304688436215505,0.03304880536347346,0.03305072523630728,0.03305264398416356,0.03305456160714283,0.033056478106495354,0.03305839348348386,0.03306030773936109,0.033062220875325274,0.03306413289265412,0.03306604379254573,0.033067953576299755,0.03306986224509117,0.03307176980015496,0.03307367624273936,0.03307558157406253,0.03307748579534989,0.033079388907832956,0.0330812909127038,0.03308319181118487,0.03308509160453125,0.03308699029393336,0.033088887880573715,0.033090784365682364,0.033092679750487956,0.03309457403620656,0.033096467224054425,0.03309835931515456,0.03310025031072747,0.03310214021201465,0.033104029020167895,0.033105916736396034,0.033107803361888635,0.033109688897900495,0.033111573345576024,0.03311345670609289,0.03311533898063751,0.03311722017038589,0.03311910027651802,0.0331209792985068,0.03312285724099235,0.033124734103403955,0.03312660988570099,0.033128484591442235,0.03313035822065732,0.033132230774452216,0.033134102254056455,0.033135972660584205,0.03313784199432145,0.033139710256387137,0.033141577450686625,0.03314344357508535,0.03314530863289193,0.033147172623399945,0.03314903554907881,0.03315089741109216,0.033152758210270174,0.033154617947758626,0.03315647662563737,0.03315833424350052,0.03316019080400774,0.033162046306802785,0.033163900753772874,0.03316575414600945,0.03316760648570273,0.03316945777229663,0.03317130800723287,0.0331731571923534,0.03317500532842891,0.0331768524165742,0.033178698458417075,0.03318054345407812,0.033182387405179356,0.0331842303133137,0.033186072178940255,0.033187913003048936,0.03318975278724259,0.033191591531971924,0.033193429239073924,0.03319526590901415,0.033197101544506426,0.03319893614504884,0.03320076971217078,0.033202602247494,0.033204433751299334,0.03320626422446516,0.03320809366781774,0.033209922083245434,0.03321174947201834,0.0332135758347037,0.03321540117369283,0.03321722548894134,0.033219048781420665,0.03322087105212609,0.03322269230225461,0.03322451253352139,0.03322633174584536,0.03322814994143062,0.033229967120930584,0.03323178328496553,0.03323359843551224,0.03323541257315137,0.03323722569897611,0.03323903781406961,0.03324084891896167,0.03324265901572681,0.03324446810493874,0.03324627618764212,0.03324808326507501,0.03324988933793775,0.03325169440745123,0.033253498474698356,0.03325530154069174,0.03325710360650269,0.033258904673171844,0.03326070474184502,0.033262503813357526,0.033264301888882464,0.033266098969261866,0.03326789505575679,0.03326969014948078,0.0332714842513619,0.03327327736356939,0.03327506948516535,0.033276860617678074,0.03327865076246236,0.03328043992047922,0.03328222809295841,0.03328401528067453,0.03328580148495834,0.033287586706094996,0.03328937094709294,0.03329115420660574,0.03329293648659483,0.03329471778809482,0.03329649811306104,0.033298277460371645,0.03330005583223686,0.033301833229624406,0.03330360965346908,0.033305385104686946,0.03330715958443454,0.033308933093714944,0.033310705633529406,0.03331247720487783,0.03331424780875869,0.033316017446168925,0.03331778611810357,0.03331955382555632,0.03332132056952011,0.033323086350984965,0.03332485117094033,0.03332661503035014,0.03332837793040712,0.03333013987194218,0.033331900856082605,0.033333660883516456,0.033335419954276024,0.03333717807154287,0.03333893523500946,0.03334069144584367,0.03334244670495142,0.03334420101329372,0.033345954371960244,0.03334770678183575,0.033349458243711536,0.033351208756937284,0.03335295832618686,0.03335470694952831,0.033356454629898315,0.03335820136727003,0.033359947162603786,0.0333616920168593,0.03336343593099256,0.03336517890595846,0.03336692094244587,0.033368662041673956,0.03337040220459365,0.033372141432152516,0.03337387972556408,0.03337561708524791,0.03337735351149341,0.03337908900615592,0.03338082357111171,0.03338255720521961,0.03338428991066408,0.0333860216895684,0.03338775254123971,0.03338948246785592,0.03339121146914659,0.033392939546008645,0.03339466669643561,0.03339639292783717,0.03339811823707141,0.03339984262687922,0.03340156609475558,0.033403288645696035,0.033405010279052114,0.03340673099572781,0.03340845079792043,0.03341016968530599,0.03341188765889268,0.03341360471938456,0.0334153208679039,0.033417036105260145,0.03341875043236416,0.0334204638499982,0.033422176359203616,0.03342388796090471,0.033425598656004675,0.03342730844537629,0.03342901732996108,0.03343072531066554,0.03343243238833623,0.03343413856416927,0.03343584383851541,0.03343754821253791,0.03343925168718484,0.03344095426327467,0.03344265594182501,0.03344435672356859,0.03344605660949928,0.033447755601273395,0.033449453699338993,0.033451150902826764,0.03345284721415734,0.03345454263398862,0.03345623716448661,0.03345793080443718,0.03345962355551948,0.03346131541868413,0.03346300639488377,0.03346469648491783,0.03346638568970003,0.03346807401010425,0.03346976144702208,0.03347144800144127,0.033473133673942154,0.03347481846556389,0.033476502377291904,0.03347818540970006,0.033479867564533035,0.033481548841223396,0.033483229241396316,0.03348490876560124,0.03348658741514698,0.03348826519072021,0.03348994209309928,0.033491618123094154,0.03349329328162346,0.033494967570597244,0.03349664098872952,0.033498313538359255,0.03349998521862759,0.03350165603276482,0.03350332598128445,0.03350499506410939,0.033506663282198965,0.0335083306365102,0.033509997127871484,0.03351166275712675,0.03351332752511475,0.03351499143281127,0.03351665448093281,0.03351831667030088,0.03351997800163164,0.033521638475586285,0.033523298093730586,0.03352495685633509,0.03352661476264962,0.033528271816453,0.033529928017711624,0.03353158336647617,0.0335332378641914,0.0335348915118154,0.03353654430975064,0.033538196258189164,0.03353984735923638,0.03354149761248504,0.033543147019744035,0.03354479558190047,0.033546443299446456,0.03354809017292483,0.033549736202672396,0.03355138139090726,0.033553025736863945,0.03355466924199353,0.03355631190745978,0.03355795373550204,0.03355959472452869,0.033561234876115224,0.03356287419107732,0.03356451266867654,0.033566150313012064,0.03356778712264355,0.033569423099045974,0.03357105824311937,0.033572692556374725,0.03357432603809393,0.0335759586890981,0.033577590510679364,0.03357922150375579,0.03358085166893851,0.03358248100724278,0.03358410951943574,0.033585737204393756,0.033587364066082176,0.03358899010398374,0.0335906153189451,0.033592239711197756,0.03359386328213121,0.03359548603250393,0.033597107962773445,0.03359872907356718,0.033600349366164954,0.03360196884113563,0.03360358749925607,0.03360520534009069,0.03360682236678489,0.03360843857899371,0.03361005397745477,0.03361166856291899,0.033613282336179016,0.03361489529800785,0.03361650744930857,0.03361811879038575,0.033619729322405735,0.03362133904644424,0.033622947962369254,0.033624556071656944,0.033626163374932225,0.03362776987277897,0.033629375565734955,0.03363098045528092,0.03363258454158386,0.0336341878258625,0.03363579030842658,0.033637391990333027,0.03363899287090989,0.033640592953374744,0.03364219223731569,0.03364379072343995,0.03364538841310353,0.03364698530595541,0.033648581403181894,0.0336501767057006,0.033651771214176555,0.03365336492925512,0.0336549578518714,0.03365654998267232,0.0336581413229333,0.033659731872838446,0.03366132163209705,0.033662910603028375,0.033664498786048824,0.03366608618201562,0.03366767279076064,0.033669258613933946,0.033670843651592605,0.03367242790535376,0.0336740113743508,0.03367559406084146,0.0336771759650651,0.033678757087800035,0.0336803374296698,0.03368191699145839,0.03368349577388317,0.033685073777357806,0.033686651002420014,0.033688227451104925,0.03368980312267935,0.03369137801917857,0.033692952139595674,0.03369452548687682,0.033696098060376184,0.03369766986099253,0.03369924088961399,0.03370081114660157,0.03370238063284822,0.03370394934906581,0.03370551729596061,0.033707084472004774,0.03370865088238042,0.03371021652556402,0.033711781402256405,0.03371334551110346,0.033714908856943074,0.033716471438571795,0.03371803325636674,0.03371959430983266,0.0337211546025261,0.03372271413351854,0.03372427290364504,0.033725830913756895,0.03372738816443181,0.03372894465461694,0.03373050038836036,0.033732055364796266,0.033733609584584316,0.033735163048249035,0.03373671575649331,0.033738267710291925,0.033739818910263786,0.03374136935567854,0.0337429190496351,0.03374446799195818,0.03374601618260523,0.03374756362195316,0.033749110312196455,0.03375065625320432,0.033752201445662953,0.0337537458909117,0.03375528958916715,0.03375683253936474,0.03375837474438605,0.03375991620489674,0.0337614569204037,0.03376299689273999,0.03376453612271802,0.03376607461033837,0.033767612354798485,0.03376914935982018,0.03377068562476244,0.03377222115003861,0.03377375593559236,0.03377528998298274,0.03377682329320533,0.033778355865757496,0.033779887701838575,0.03378141880313379,0.033782949169273525,0.033784478801012374,0.03378600769922513,0.033787535864303,0.03378906329783791,0.03379058999900054,0.03379211596898796,0.03379364120789396,0.033795165717815004,0.03379668949758139,0.03379821255059881,0.03379973487519156,0.03380125647292405,0.0338027773442639,0.03380429748973023,0.0338058169099265,0.03380733560590925,0.03380885357836554,0.033810370827217696,0.03381188735380533,0.033813403158629594,0.03381491824042708,0.033816432603087365,0.03381794624572857,0.033819459169182144,0.033820971374119276,0.0338224828608125,0.033823993629627076,0.033825503682216415,0.03382701301868517,0.03382852163955099,0.03383002954515475,0.033831536737013584,0.03383304321528548,0.03383454898073659,0.03383605403456514,0.033837558376104665,0.033839062006676066,0.03384056492677974,0.03384206713701584,0.03384356863818782,0.033845069431131226,0.03384656951608935,0.03384806889375381,0.0338495675647913,0.03385106552956524,0.033852562789275426,0.03385405934418991,0.03385555519511218,0.033857050343341334,0.03385854478779213,0.03386003852999803,0.033861531570550406,0.03386302391011294,0.0338645155493694,0.033866006488760356,0.03386749672865468,0.03386898627031866,0.03387047511410517,0.03387196325983108,0.03387345070956905,0.033874937463036284,0.033876423520525605,0.03387790888387637,0.03387939355305126,0.03388087752851094,0.03388236081085554,0.033883843400434134,0.0338853252985501,0.033886806505803245,0.03388828702214411,0.03388976684837823,0.03389124598526338,0.03389272443330073,0.03389420219328975,0.03389567926565104,0.03389715565100807,0.033898631349895104,0.03390010636305298,0.03390158069092417,0.03390305433423647,0.03390452729360795,0.03390599956940692,0.0339074711625805,0.03390894207347915,0.03391041230239989,0.03391188185070149,0.03391335071848843,0.033914818906371075,0.033916286414966024,0.033917753245003714,0.03391921939713869,0.03392068487163093,0.03392214966932143,0.03392361379062681,0.033925077236233385,0.033926540006611904,0.033928002102553194,0.033929463524597095,0.03393092427323111,0.03393238434891684,0.03393384375255748,0.03393530248437712,0.033936760545318,0.03393821793569844,0.03393967465617727,0.03394113070717659,0.033942586089638536,0.03394404080397136,0.03394549485088132,0.03394694823056504,0.03394840094380141,0.033949852991090934,0.03395130437305352,0.033952755090446776,0.03395420514368674,0.033955654533245484,0.033957103260252024,0.03395855132450352,0.03395999872731137,0.033961445468163896,0.033962891548487625,0.03396433696929821,0.03396578172984923,0.033967225831406385,0.03396866927435317,0.033970112059672555,0.03397155418763192,0.03397299565880412,0.03397443647338043,0.03397587663408732,0.033977316138112675,0.03397875498758654,0.033980193183169485,0.03398163072522627,0.033983067614501025,0.033984503851364305,0.03398593943665374,0.033987374370598775,0.033988808653876386,0.033990242287561125,0.0339916752712652,0.033993107605985465,0.0339945392922056,0.033995970330707774,0.033997400721914595,0.0339988304661734,0.03400025956420099,0.03400168801693636,0.034003115825121236,0.034004542987993026,0.034005969506592786,0.03400739538147435,0.034008820613965575,0.03401024520367886,0.034011669151568634,0.034013092459280074,0.03401451512502259,0.03401593715062005,0.03401735853678266,0.034018779283419565,0.03402019939206266,0.03402161886202179,0.03402303769445367,0.03402445589027145,0.0340258734493187,0.034027290372536115,0.034028706660281946,0.03403012231302717,0.03403153733141801,0.03403295171630585,0.034034365467635046,0.03403577858611417,0.03403719107251343,0.03403860292724461,0.0340400141509705,0.03404142474398173,0.03404283470688266,0.03404424404041309,0.03404565274473155,0.03404706082055401,0.034048468268452294,0.03404987508903138,0.03405128128297905,0.03405268685032365,0.034054091791723064,0.03405549610808058,0.03405689979914335,0.03405830286608517,0.03405970530920446,0.034061107129244275,0.034062508326367966,0.03406390890108913,0.03406530885403851,0.03406670818583899,0.03406810689703789,0.034069504988387476,0.034070902459736985,0.034072299312300484,0.03407369554632895,0.034075091161856044,0.03407648615969247,0.03407788054067122,0.034079274304783184,0.034080667453096646,0.03408205998559685,0.034083451903218154,0.03408484320657666,0.03408623389615193,0.03408762397185531,0.034089013434567814,0.034090402284890735,0.034091790523237527,0.034093178149874184,0.034094565165658,0.034095951570990324,0.03409733736635911,0.034098722552394024,0.034100107129230006,0.034101491097709415,0.03410287445815799,0.03410425721122657,0.034105639357481225,0.034107020897022444,0.03410840183078531,0.034109782158918585,0.03411116188221587,0.03411254100092965,0.03411391951570991,0.034115297427422385,0.03411667473572504,0.03411805144156281,0.034119427545401294,0.03412080304782816,0.03412217794923575,0.034123552250513896,0.03412492595146045,0.034126299052889934,0.03412767155547283,0.03412904345941114,0.034130414765089864,0.034131785473301146,0.03413315558454031,0.03413452509902257,0.03413589401755509,0.034137262340340424,0.03413863006796097,0.03413999720090791,0.03414136373969617,0.03414272968483213,0.03414409503680219,0.034145459795971236,0.034146823962997175,0.03414818753844549,0.034149550522486714,0.03415091291567245,0.03415227471856325,0.03415363593174903,0.034154996555466104,0.034156356590311285,0.034157716036784004,0.034159074895156384,0.034160433166439706,0.034161790850583594,0.0341631479482965,0.03416450445995495,0.0341658603861106,0.034167215727200294,0.03416857048413482,0.03416992465649207,0.034171278245389326,0.03417263125118901,0.03417398367402558,0.03417533551468887,0.03417668677335902,0.03417803745100262,0.03417938754777472,0.03418073706414904,0.03418208600046934,0.03418343435766443,0.03418478213579559,0.03418612933557701,0.03418747595716873,0.03418882200132641,0.03419016746829733,0.03419151235864002,0.03419285667279557,0.03419420041128816,0.03419554357520676,0.034196886163943556,0.03419822817746019,0.03419956961624717,0.03420091048307173,0.03420225077695686,0.03420359049837968,0.034204929647905134,0.03420626822573287,0.0342076062325394,0.03420894366861434,0.03421028053489973,0.03421161683100775,0.03421295255781797,0.034214287715742045,0.034215622305090995,0.034216956326763776,0.03421828978095803,0.03421962266812756,0.034220954988762105,0.034222286743289365,0.034223617932106896,0.03422494855570941,0.034226278614593576,0.03422760810943708,0.034228937040071204,0.03423026540649151,0.03423159321071542,0.0342329204524635,0.03423424713206552,0.034235573250098086,0.03423689880723056,0.03423822380333718,0.03423954823903064,0.03424087211492593,0.03424219543146638,0.03424351818900942,0.03424484038807486,0.034246162028972515,0.034247483112334394,0.03424880363840896,0.03425012360775114,0.03425144302072429,0.03425276187782064,0.034254080179473886,0.03425539792610535,0.03425671511806592,0.03425803175595203,0.03425934784018239,0.03426066337117073,0.03426197834887646,0.03426329277451919,0.03426460664811861,0.034265919970256915,0.03426723274119359,0.03426854496151712,0.034269856631950216,0.03427116775233778,0.034272478323362485,0.034273788345444256,0.03427509781916329,0.034276406745485724,0.03427771512307796,0.03427902295421726,0.03428033023981457,0.03428163697740469,0.03428294316894988,0.03428424881505344,0.03428555391607059,0.0342868584732555,0.034288162485472784,0.03428946595387118,0.03429076887886415,0.03429207126078184,0.03429337310018248,0.034294674397608,0.034295975153175444,0.03429727536772986,0.034298575041216646,0.03429987417353482,0.03430117276684756,0.034302470820843166,0.03430376833539132,0.0343050653112963,0.03430636174916717,0.03430765764876399,0.03430895301088379,0.03431024783591476,0.03431154212428536,0.034312835876815356,0.034314129093120524,0.03431542177404222,0.03431671391996941,0.03431800553126491,0.03431929660865579,0.034320587152161165,0.03432187716236577,0.03432316663964164,0.034324455584296205,0.034325743996647944,0.034327031877584666,0.034328319227282515,0.03432960604609111,0.034330892335224655,0.034332178093510426,0.03433346332221892,0.03433474802207631,0.03433603219379657,0.0343373158360465,0.03433859894919929,0.03433988153612458,0.034341163595613955,0.034342445128309765,0.03434372613470861,0.03434500661504564,0.034346286569542514,0.034347565999148864,0.03434884490386144,0.03435012328519445,0.0343514011417156,0.03435267847449339,0.034353955284284275,0.034355231571271884,0.03435650733597738,0.03435778257803085,0.03435905729804855,0.03436033149800575,0.034361605177254034,0.034362878336353785,0.034364150975332644,0.03436542309391031,0.03436669469315706,0.0343679657742771,0.03436923633718294,0.03437050638220186,0.03437177590967691,0.03437304492017928,0.03437431341420625,0.03437558139119589,0.03437684885209872,0.034378115797512626,0.034379382227708616,0.03438064814305465,0.034381913543915336,0.03438317843065786,0.034384442802688195,0.034385706660844007,0.03438697000800729,0.03438823284260316,0.03438949516469255,0.034390756975104846,0.03439201827454951,0.03439327906306256,0.034394539341252646,0.03439579910898591,0.034397058366940715,0.0343983171155383,0.03439957535510746,0.03440083308608027,0.034402090309019084,0.034403347024119034,0.03440460323152898,0.034405858931852204,0.034407114125471434,0.03440836881276771,0.03440962299412387,0.03441087667144975,0.03441212984207366,0.03441338250660668,0.03441463466767294,0.03441588632446722,0.034417137478307616,0.034418388128830045,0.034419638276460746,0.03442088792144673,0.034422137064204404,0.03442338570517202,0.034424633844864175,0.03442588148354822,0.03442712862154563,0.03442837525965086,0.03442962139706828,0.034430867036037725,0.034432112175281165,0.034433356816835695,0.03443460095892487,0.0344358446025511,0.03443708774853405,0.034438330396788855,0.03443957254636755,0.03444081420094638,0.03444205536061329,0.03444329602440938,0.03444453619296622,0.034445775867009074,0.0344470150452505,0.03444825372962629,0.034449491920031244,0.03445072961689553,0.034451966820454,0.03445320353088529,0.03445443974913425,0.034455675475366924,0.0344569107100421,0.034458145453152934,0.03445937970508973,0.03446061346609533,0.03446184673728459,0.03446307951855987,0.034464311809938,0.034465543613766976,0.03446677492748572,0.0344680057527335,0.034469236090055755,0.034470465939549895,0.03447169530267369,0.034472924177855864,0.034474152566050055,0.034475380470242796,0.03447660788639989,0.0344778348188849,0.0344790612642528,0.03448028722485741,0.03448151270076905,0.034482737692818836,0.03448396220056296,0.03448518622497229,0.03448640976634543,0.03448763282516512,0.03448885540155252,0.03449007749611553,0.03449129910896231,0.03449252024067497,0.03449374089130133,0.03449496106134385,0.03449618075114089,0.03449739995908737,0.03449861868907653,0.034499836941022224,0.03450105471347054,0.03450227200746591,0.03450348882339943,0.03450470516162572,0.034505921019976384,0.03450713640359633,0.03450835131050042,0.03450956574086059,0.034510779694155766,0.034511993173001895,0.03451320617660652,0.03451441870761613,0.034515630761203585,0.03451684234084925,0.03451805344657504,0.03451926407944769,0.03452047423833856,0.034521683923943586,0.03452289313838505,0.03452410187987248,0.0345253101480642,0.034526517945776346,0.03452772527247207,0.03452893212833837,0.03453013851378616,0.03453134442920993,0.03453254987463991,0.03453375485062102,0.03453495935746002,0.03453616339554653,0.03453736696519702,0.0345385700665085,0.034539772700078124,0.034540974866437375,0.034542176565687595,0.03454337779835896,0.034544578564536466,0.034545778864658365,0.03454697869904771,0.03454817806805179,0.03454937697200273,0.034550575411247446,0.03455177338603388,0.03455297089714218,0.03455416794421291,0.03455536452830087,0.034556560649039954,0.034557756307921114,0.034558951503044485,0.0345601462373988,0.034561340509334765,0.03456253431991373,0.03456372766946178,0.03456492055810054,0.03456611298656788,0.03456730495415363,0.03456849646289336,0.03456968751293007,0.0345708781023314,0.0345720682336049,0.034573257906836775,0.03457444712208781,0.03457563587956869,0.03457682417971253,0.03457801202269737,0.03457919940906119,0.03458038633890052,0.03458157281270644,0.034582758830720595,0.03458394439332769,0.03458512950081401,0.03458631415336874,0.03458749835157062,0.034588682094462836,0.0345898653847356,0.03459104822160038,0.03459223060574977,0.03459341253648328,0.0345945940147703,0.034595775041037835,0.03459695561522639,0.034598135738068914,0.03459931540969405,0.03460049462936562,0.03460167339974791,0.03460285171937001,0.03460402958938296,0.034605207009423905,0.03460638398039635,0.03460756050109307,0.03460873657502456,0.034609912200057234,0.034611087377225035,0.034612262106702124,0.03461343638867695,0.034614610223697925,0.03461578361189207,0.03461695655372624,0.03461812904962003,0.03461930109951453,0.03462047270393648,0.03462164386326635,0.03462281457777031,0.03462398484769817,0.03462515467347817,0.03462632405536042,0.034627492993681216,0.03462866148879484,0.03462982954082909,0.03463099715029931,0.03463216431744684,0.03463333104258399,0.03463449732613451,0.03463566316819612,0.03463682856949631,0.03463799352980038,0.03463915804957426,0.03464032212928262,0.03464148576905746,0.03464264896947992,0.03464381173055941,0.03464497405284128,0.0346461359365032,0.034647297381892164,0.034648458389105456,0.0346496189588355,0.034650779091145424,0.03465193878650171,0.03465309804512217,0.03465425686670933,0.0346554152525198,0.034656573202640574,0.03465773071730592,0.03465888779678596,0.034660044441194804,0.034661200651491926,0.03466235642715374,0.03466351176885791,0.034664666676599565,0.03466582115123783,0.03466697519272646,0.03466812880152805,0.03466928197778441,0.03467043472186444,0.034671587034095244,0.034672738914760325,0.03467389036412844,0.034675041381188806,0.034676191969121604,0.034677342126524416,0.034678491853898874,0.03467964115119891,0.03468079001904279,0.03468193845808581,0.03468308646828218,0.03468423404978262,0.03468538120281386,0.03468652792785833,0.034687674225230544,0.034688820095408,0.03468996553833457,0.034691110554883636,0.034692255144711345,0.034693399308565874,0.03469454304623986,0.03469568635814452,0.0346968292448769,0.034697971706702094,0.03469911374366526,0.034700255356243555,0.034701396544785656,0.0347025373095178,0.03470367765041147,0.03470481756820899,0.03470595706319208,0.034707096135504156,0.03470823478528578,0.034709373013099676,0.034710510819060104,0.03471164820363621,0.03471278516696891,0.034713921709432057,0.03471505783117731,0.03471619353264781,0.03471732881408015,0.03471846367575802,0.03471959811806288,0.034720732141015696,0.03472186574525659,0.03472299893075938,0.03472413169777528,0.03472526404695337,0.034726395978357597,0.03472752749235819,0.03472865858972918,0.03472978926986192,0.034730919533056015,0.03473204938044005,0.03473317881125441,0.034734307826779706,0.03473543642530364,0.03473656461015036,0.03473769238034264,0.03473881973494283,0.03473994667630427,0.034741073203407205,0.034742199316804744,0.034743325016717765,0.03474445030422225,0.034745575177962625,0.03474669963935796,0.03474782368827441,0.03474894732516997,0.03475007055029101,0.034751193364862036,0.03475231576730623,0.0347534377588329,0.03475455933972141,0.03475568051043166,0.034756801270886456,0.03475792162172357,0.03475904156293957,0.03476016109483859,0.034761280217776754,0.03476239893203225,0.03476351723788003,0.034764635135603655,0.03476575262548651,0.03476686970782472,0.03476798638283309,0.0347691026507804,0.03477021851174174,0.03477133396655818,0.034772449015260526,0.034773563658003145,0.0347746778953625,0.034775791727031075,0.034776905153652865,0.034778018175263825,0.03477913079269455,0.0347802430049669,0.03478135481340192,0.03478246621865479,0.03478357722043218,0.03478468781912714,0.03478579801505259,0.03478690780803164,0.03478801719881702,0.03478912618764939,0.034790234774512485,0.03479134295980573,0.03479245074383986,0.03479355812693027,0.03479466510924341,0.03479577169108625,0.034796877871978465,0.03479798365370759,0.03479908903641458,0.03480019401924997,0.03480129860286514,0.034802402785590304,0.03480350657162633,0.0348046099596268,0.0348057129487912,0.03480681554097015,0.034807917735490836,0.03480901953277943,0.0348101209322438,0.034811221936174884,0.0348123225434241,0.03481342275459922,0.034814522569956034,0.034815621989444025,0.03481672101386363,0.0348178196429393,0.03481891787708213,0.03482001571666686,0.0348211131618617,0.034822210212131104,0.03482330686904911,0.03482440313285136,0.0348254990036974,0.034826594482863224,0.03482768956808235,0.03482878426038902,0.034829878560468853,0.034830972468591764,0.034832065985037845,0.034833159110040035,0.03483425184369725,0.034835344186600024,0.03483643613877702,0.03483752770056176,0.03483861887275767,0.03483970965503179,0.03484080004769593,0.034841890050970305,0.03484297966513027,0.03484406889046678,0.03484515772704163,0.034846246175457736,0.03484733423534165,0.03484842190758228,0.03484950919248431,0.03485059608959643,0.034851682599993834,0.03485276872337723,0.0348538544609858,0.034854939811772886,0.03485602477729544,0.03485710935721108,0.03485819355137385,0.03485927736004564,0.034860360783511665,0.03486144382205537,0.03486252647599971,0.03486360874597361,0.03486469063187049,0.03486577213404831,0.03486685325273873,0.03486793398807614,0.03486901434045739,0.034870094310251724,0.034871173897656246,0.0348722531028072,0.034873331926001026,0.03487441036744566,0.03487548842768509,0.03487656610653067,0.034877643404446886,0.03487872032122958,0.03487979685799486,0.034880873014566695,0.03488194878990983,0.0348830241868366,0.03488409920441946,0.03488517384267537,0.03488624810201074,0.03488732198262293,0.03488839548382956,0.034889468607960245,0.03489054135404221,0.03489161372239332,0.03489268571365339,0.03489375732716949,0.03489482856387027,0.03489589942367691,0.03489696990715699,0.03489804001498332,0.03489910974600421,0.03490017910155044,0.03490124808159091,0.0349023166869764,0.034903384916566735,0.03490445277168038,0.034905520251884196,0.034906587358129466,0.03490765409047013,0.034908720448968034,0.0349097864339513,0.03491085204564577,0.03491191728426502,0.03491298215065467,0.03491404664385903,0.034915110764827846,0.034916174513460525,0.0349172378905131,0.0349183008959634,0.03491936353007794,0.03492042579302367,0.034921487685089396,0.03492254920704295,0.034923610358172055,0.03492467113970348,0.03492573155077345,0.034926791592152395,0.03492785126407912,0.03492891056685468,0.03492996950125218,0.034931028065855754,0.03493208626250481,0.034933144090981194,0.03493420155142774,0.03493525864411928,0.034936315369325684,0.0349373717271594,0.03493842771862112,0.0349394833426756,0.03494053859981491,0.034941593490951044,0.03494264801615706,0.034943702175071735,0.03494475596865333,0.034945809397317076,0.03494686246023148,0.034947915158358725,0.03494896749180212,0.03495001946079935,0.03495107106558151,0.03495212230641938,0.034953173183495646,0.03495422369698051,0.03495527384687516,0.034956323633670114,0.03495737305793662,0.03495842211979474,0.03495947081918194,0.034960519156513915,0.03496156713190195,0.03496261474579129,0.03496366199826898,0.034964708889569485,0.034965755419859246,0.03496680158952794,0.03496784739869612,0.034968892848213744,0.034969937937687094,0.03497098266737657,0.0349720270375066,0.03497307104829034,0.03497411469997772,0.03497515799218613,0.034976200926348795,0.03497724350151526,0.03497828571847219,0.03497932757733905,0.03498036907860421,0.0349814102223474,0.03498245100882575,0.03498349143829564,0.034984531511367885,0.034985571227557646,0.03498661058738652,0.03498764959095738,0.03498868823861728,0.03498972653275588,0.03499076446915815,0.03499180205027094,0.03499283927656481,0.03499387614808234,0.03499491266494233,0.03499594882748039,0.03499698463559111,0.034998020090058604,0.034999055190876906,0.03500008993854663,0.035001124332713976,0.035002158373684956,0.03500319206236278,0.03500422539847327,0.03500525838213581,0.03500629101393837,0.035007323293918716,0.03500835522251258,0.035009386799315305,0.03501041802484972,0.03501144889948463,0.035012479423272326,0.03501350959664341,0.03501453941967504,0.035015568892632395,0.0350165980157583,0.03501762678944552,0.03501865521351074,0.0350196832884139,0.03502071101424227,0.035021738391372306,0.035022765419935174,0.03502379210028569,0.03502481843242419,0.035025844417166885,0.03502687005387077,0.03502789534315056,0.03502892028559549,0.03502994488062552,0.035030969128856136,0.035031993030932275,0.03503301658663289,0.03503403979583487,0.03503506265946554,0.03503608517734827,0.03503710734976522,0.03503812917690159,0.03503915065898726,0.0350401717962779,0.03504119258888951,0.03504221303667507,0.03504323314028419,0.03504425289990482,0.03504527231578906,0.03504629138811437,0.0350473101171333,0.03504832850302334,0.03504934654601789,0.03505036424633136,0.035051381604177895,0.03505239861977178,0.03505341529332657,0.03505443162505608,0.03505544761517378,0.0350564632638929,0.03505747857142655,0.035058493537987484,0.03505950816391107,0.03506052244909575,0.03506153639394812,0.035062549998995406,0.03506356326338367,0.03506457618846316,0.03506558877412138,0.03506660102022491,0.03506761292699783,0.035068624495441944,0.03506963572541923,0.03507064661709746,0.03507165717013083,0.035072667384997515,0.03507367726199044,0.035074686801682825,0.03507569600398486,0.03507670486927771,0.03507771339768829,0.03507872158911701,0.03507972944386632,0.03508073696263903,0.03508174414510221,0.03508275099158882,0.03508375750238382,0.03508476367767535,0.03508576951871386,0.03508677502455128,0.03508778019456147,0.03508878503102788,0.0350897895331163,0.03509079370011354,0.03509179753283431,0.03509280103152546,0.03509380419658358,0.0350948070282575,0.03509580952710026,0.035096811692306176,0.035097813524721244,0.03509881502471535,0.03509981619228095,0.03510081702757648,0.03510181753109477,0.035102817702529515,0.035103817544247455,0.03510481705296441,0.035105816230340814,0.035106815076749356,0.035107813592626894,0.03510881177711342,0.03510980963165839,0.03511080715594301,0.035111804349926515,0.035112801214713135,0.035113797749665165,0.035114793955026945,0.03511578983141385,0.0351167853787114,0.035117780597246705,0.03511877548729741,0.035119770048982056,0.03512076428304732,0.03512175818866346,0.035122751767028795,0.035123745017848304,0.035124737940624796,0.03512573053609541,0.03512672280539573,0.035127714748308565,0.035128706363960246,0.03512969765361321,0.035130688617114526,0.035131679254664386,0.03513266956645919,0.035133659552703325,0.03513464921361044,0.03513563854926879,0.03513662755997085,0.03513761624591515,0.03513860460729889,0.035139592644385674,0.03514058035730718,0.035141567746202584,0.03514255481134443,0.035143541553151664,0.03514452797130516,0.03514551406632628,0.03514649983831848,0.035147485287519487,0.035148470414177,0.035149455218465096,0.03515043970055496,0.035151423860684254,0.03515240769878603,0.03515339121544551,0.03515437441066963,0.03515535728463909,0.03515633983765071,0.03515732206977669,0.0351583039812032,0.03515928557240537,0.03516026684320218,0.035161247793998984,0.03516222842501318,0.03516320873627452,0.03516418872810876,0.035165168400539466,0.03516614775489062,0.03516712678928538,0.03516810550492647,0.035169083902484743,0.03517006198136439,0.03517103974215827,0.035172017184237896,0.035172994309547394,0.035173971117180854,0.035174947607366225,0.03517592378037905,0.0351768996364102,0.03517787517564885,0.035178850398270206,0.03517982530448368,0.03518079989446775,0.03518177416842253,0.03518274812653836,0.0351837217689944,0.03518469509599041,0.03518566810776485,0.03518664080442201,0.03518761318620419,0.03518858525316925,0.0351895570057013,0.0351905284439206,0.0351914995680021,0.03519247037814497,0.03519344087453053,0.03519441105774586,0.03519538092717812,0.03519635048358112,0.035197319727208486,0.03519828865793515,0.03519925727574192,0.03520022558110264,0.03520119357418417,0.03520216125519126,0.03520312862431442,0.03520409568171842,0.035205062427663567,0.03520602886226268,0.03520699498572394,0.035207960798108354,0.0352089262990195,0.035209891489841466,0.03521085637063993,0.03521182094124,0.03521278520151643,0.0352137491522939,0.03521471279476126,0.03521567612627638,0.03521663914869232,0.035217601861807134,0.0352185642659742,0.03521952636131131,0.035220488148188435,0.03522144962670985,0.03522241079707149,0.03522337165939298,0.03522433221386846,0.03522529246072499,0.03522625240007591,0.03522721203283764,0.03522817135784773,0.035229130375964576,0.03523008908734557,0.03523104749219224,0.03523200559199787,0.03523296338445568,0.03523392087074425,0.035234878051202255,0.035235834926023044,0.035236791495388234,0.03523774775947619,0.035238703718363795,0.035239659371419575,0.035240614720584845,0.03524156976544698,0.035242524505885685,0.03524347894189769,0.03524443307407427,0.03524538690239783,0.03524634042695873,0.03524729364854921,0.035248246566424155,0.03524919918106644,0.03525015149285082,0.03525110350185726,0.03525205520828155,0.03525300661230117,0.03525395771409114,0.03525490851386645,0.03525585901179907,0.03525680920803236,0.03525775910275226,0.035258708696467495,0.035259657989002546,0.03526060698051201,0.035261555671246864,0.03526250406130287,0.0352634521505758,0.03526439993872471,0.03526534742759176,0.035266294616628335,0.03526724150587854,0.035268188095499094,0.035269134385711186,0.035270080376715966,0.03527102606781338,0.03527197146066823,0.03527291655479961,0.03527386135050329,0.03527480584738826,0.03527575004664567,0.0352766939479383,0.0352776375513986,0.03527858085716531,0.03527952386561047,0.035280466576623426,0.03528140899050159,0.03528235110751345,0.035283292927344286,0.035284234450857724,0.03528517567755607,0.03528611660846584,0.03528705724316564,0.035287997581790735,0.03528893762400579,0.03528987737145121,0.03529081682403192,0.03529175598144744,0.035292694843927414,0.035293633412460765,0.03529457168503944,0.035295509664453606,0.035296447347660936,0.035297384737698556,0.035298321832663286,0.035299258633763195,0.03530019514117009,0.03530113135512483,0.03530206727682416,0.03530300290516035,0.03530393823949519,0.03530487328098412,0.03530580802977102,0.03530674248615389,0.035307676650830844,0.035308610522556294,0.03530954410197458,0.03531047738946259,0.03531141038503491,0.03531234309004938,0.03531327550366087,0.03531420762597048,0.03531513945731461,0.03531607099791154,0.035317002247847624,0.035317933207338954,0.035318863876466815,0.03531979425546165,0.035320724344479935,0.03532165414364611,0.03532258365335252,0.035323512873801914,0.035324441804591995,0.035325370446414095,0.03532629879900404,0.035327226862880555,0.035328154638034924,0.03532908212434857,0.0353300093227476,0.03533093623332072,0.03533186285565371,0.03533278919019295,0.035333715237009226,0.03533464099638294,0.035335566468614694,0.035336491653627386,0.03533741655150845,0.03533834116256642,0.03533926548701417,0.035340189524923044,0.03534111327673842,0.0353420367421783,0.035342959921594135,0.03534388281522476,0.03534480542377757,0.03534572774623119,0.035346649783478144,0.03534757153555883,0.03534849300246611,0.035349414184463274,0.035350335081780086,0.03535125569447268,0.035352176022880405,0.03535309606726359,0.035354015827493576,0.03535493530385652,0.0353558544964594,0.03535677340546836,0.03535769203107031,0.03535861037347071,0.03535952843280113,0.03536044620920464,0.03536136370335644,0.035362280914425365,0.035363197843307034,0.03536411448970939,0.03536503085400278,0.03536594693635246,0.03536686273679366,0.03536777825527942,0.03536869349226656,0.035369608448544,0.03537052312365174,0.03537143751782412,0.03537235163108522,0.03537326546364159,0.03537417901577052,0.035375092287493186,0.03537600527939164,0.035376917990869915,0.03537783042249895,0.03537874257441971,0.03537965444723218,0.03538056604025139,0.035381477354240916,0.03538238838888623,0.03538329914464629,0.03538420962158469,0.03538511981992202,0.035386029739884466,0.03538693937963103,0.03538784874318849,0.03538875782877495,0.03538966663718617,0.03539057516730428,0.035391483419906236,0.035392391395056774,0.03539329909314144,0.03539420651418901,0.03539511365837062,0.03539602052580837,0.03539692711646783,0.03539783343099399,0.03539873946924853,0.03539964523161087,0.03540055071784535,0.03540145592829983,0.03540236086310701,0.035403265522442384,0.0354041699064648,0.03540507401533989,0.03540597784916902,0.03540688140816576,0.03540778469242659,0.035408687702494175,0.035409590437847444,0.035410492898979094,0.035411395086046155,0.035412296999214526,0.03541319863855293,0.03541410000429883,0.03541500109660208,0.0354159019160561,0.03541680246187067,0.035417702734685384,0.035418602734931054,0.035419502462135904,0.03542040191635202,0.0354213010986784,0.035422200008620223,0.03542309864657188,0.03542399701269943,0.03542489510695142,0.03542579292957094,0.03542669048062284,0.035427587760433366,0.03542848476908848,0.035429381506546766,0.035430277973234586,0.03543117416920879,0.03543207009465483,0.035432965749662516,0.03543386113436087,0.03543475624895628,0.03543565109419501,0.03543654566889649,0.035437439973509295,0.03543833400919274,0.035439227775623396,0.03544012127271918,0.035441014500684036,0.03544190745914698,0.03544280014965799,0.0354436925713821,0.03544458472449908,0.03544547660936987,0.03544636822596616,0.035447259574686946,0.0354481506554905,0.0354490414686245,0.03544993201486715,0.03545082229279105,0.03545171230356306,0.035452602047220276,0.03545349152401094,0.03545438073379605,0.035455269676861786,0.03545615835360997,0.035457046763767645,0.03545793490765304,0.03545882278547452,0.03545971039735038,0.035460597743373436,0.03546148482380043,0.035462371638829246,0.03546325818843858,0.03546414447289016,0.035465030492178806,0.03546591624645312,0.035466801736110116,0.0354676869611819,0.03546857192164459,0.03546945661645033,0.03547034104832324,0.035471225216158614,0.03547210912036412,0.03547299276068627,0.03547387613725103,0.03547475925042988,0.035475642100337386,0.03547652468704528,0.03547740701075969,0.035478289071577296,0.03547917086958643,0.03548005240501682,0.03548093367806435,0.035481814688816726,0.035482695438669457,0.035483575925215546,0.03548445614957305,0.035485336112102264,0.03548621581309639,0.03548709525305548,0.03548797443135074,0.03548885334846495,0.03548973200496248,0.03549061040058412,0.03549148853547854,0.035492366409791254,0.035493244023861836,0.03549412137732323,0.03549499847068397,0.03549587530384436,0.035496751876004234,0.0354976281897984,0.035498504243726296,0.03549938003851721,0.03550025557348741,0.03550113085193397,0.0355020058692254,0.035502880627691864,0.035503755127556574,0.03550462936872983,0.03550550335143031,0.03550637707640348,0.035507250543070905,0.035508123751054305,0.035508996701319434,0.03550986939384348,0.035510741828761135,0.03551161400621273,0.03551248592633878,0.035513357589279114,0.03551422899518386,0.03551510014417326,0.035515971036407336,0.03551684167200476,0.03551771205111449,0.03551858217387828,0.03551945204043254,0.035520321650917855,0.035521191005469924,0.03552206010419214,0.03552292894746506,0.03552379753510863,0.03552466586836862,0.035525533945395656,0.03552640176675145,0.03552726933327747,0.03552813664487393,0.03552900370234529,0.0355298705043325,0.035530737052458634,0.035531603347312035,0.03553246938836865,0.0355333351748918,0.03553420070592022,0.03553506598355624,0.03553593100842037,0.0355367957785465,0.035537660296751164,0.03553852456182589,0.0355393885746881,0.035540252333598234,0.035541115839986336,0.0355419790936286,0.03554284209490407,0.03554370484298515,0.0355445673396921,0.0355454295843208,0.035546291576843046,0.03554715331761778,0.03554801480753153,0.03554887604546696,0.03554973703172609,0.03555059776677538,0.03555145825013833,0.035552318482831656,0.03555317846485294,0.03555403819612386,0.03555489767672643,0.0355557569069659,0.035556615886903474,0.03555747461751227,0.03555833309722,0.03555919132710403,0.035560049307082967,0.035560907037725874,0.03556176451858386,0.03556262175007213,0.035563478732180694,0.03556433546531516,0.03556519194937968,0.03556604818469682,0.03556690417005309,0.03556775990806905,0.035568615397358755,0.035569470638350996,0.03557032563145916,0.03557118037665993,0.03557203487368161,0.035572889123016635,0.03557374312458045,0.035574596878794655,0.03557545038561694,0.03557630364503879,0.03557715665748363,0.03557800942295549,0.035578861941580796,0.03557971421348531,0.035580566238801056,0.035581418017650523,0.03558226955017377,0.03558312083653512,0.035583971876812455,0.03558482267181161,0.03558567322181573,0.03558652352473884,0.03558737358305269,0.035588223394647664,0.03558907296040131,0.035589922281842996,0.035590771358138484,0.03559162019070944,0.0355924687775428,0.035593317119754414,0.035594165217354146,0.03559501307058139,0.03559586067872156,0.03559670804372655,0.03559755516477172,0.03559840204182639,0.03559924867528734,0.035600095064971145,0.03560094121138594,0.035601787114498525,0.035602632774413716,0.03560347819120522,0.03560432336508007,0.0356051682960028,0.035606012983965214,0.03560685742978266,0.035607701633170535,0.035608545594024384,0.03560938931293339,0.03561023278980909,0.035611076024777054,0.0356119190178961,0.03561276176914519,0.03561360427879727,0.03561444654728512,0.03561528857598535,0.03561613036192713,0.03561697190706687,0.03561781321130236,0.03561865427476977,0.03561949509738095,0.03562033567957044,0.035621176021405875,0.035622016123131005,0.0356228559838948,0.03562369560621114,0.03562453498771618,0.03562537412957894,0.035626213031849555,0.035627051694557876,0.03562789011795234,0.035628728301913284,0.03562956624600732,0.03563040395203137,0.03563124141911024,0.035632078647505505,0.03563291563723728,0.035633752388521754,0.035634588901439765,0.03563542517613726,0.03563626121218894,0.035637097010696145,0.03563793257137999,0.0356387678943178,0.035639602979646454,0.03564043782732922,0.03564127243803125,0.03564210681157846,0.03564294094775705,0.03564377484682288,0.03564460850858111,0.03564544193404342,0.035646275122853975,0.03564710807519187,0.0356479407914573,0.03564877327102034,0.035649605514584626,0.035650437522233236,0.03565126929387151,0.0356521008313368,0.035652932133000866,0.0356537631977635,0.03565459402692618,0.035655424621288345,0.03565625498021968,0.03565708510408721,0.03565791499312625,0.03565874464784745,0.03565957406744283,0.03566040325073875,0.03566123219951436,0.03566206091520221,0.03566288939748717,0.035663717645698936,0.035664545660696295,0.03566537344225511,0.03566620099080255,0.03566702830397097,0.035667855383698814,0.03566868223044604,0.03566950884330172,0.03567033522274831,0.03567116136994006,0.0356719872826682,0.035672812962343696,0.03567363841142795,0.0356744636282008,0.0356752886124096,0.03567611336449557,0.03567693788440326,0.03567776217238327,0.0356785862287096,0.03567941005295369,0.035680233645699326,0.035681057006913236,0.035681880138337556,0.03568270303675043,0.03568352570378686,0.03568434814027508,0.03568517034570018,0.03568599232032909,0.03568681406428423,0.03568763557757199,0.03568845686044669,0.035689277913008986,0.035690098735643334,0.03569091932801662,0.035691739690469716,0.035692559823078784,0.03569337972656973,0.03569419940005867,0.035695018843762624,0.03569583805794044,0.035696657043013204,0.03569747580160622,0.03569829432917868,0.035699112627228635,0.03569993069653835,0.03570074853644266,0.035701566148551064,0.035702383532344284,0.03570320068568016,0.035704017612987304,0.035704834313103465,0.03570565078450507,0.0357064670280806,0.035707283044709714,0.03570809883274282,0.03570891439457159,0.03570972972872565,0.03571054483477186,0.03571135971368633,0.035712174365482394,0.03571298879046713,0.03571380298868722,0.03571461696024076,0.035715430705264437,0.03571624422389952,0.03571705751611324,0.03571787058196,0.03571868342192343,0.03571949603593422,0.035720308424073,0.03572112058647286,0.03572193252324929,0.03572274423451756,0.03572355572039322,0.035724366980974635,0.03572517801641049,0.035725988826751744,0.03572679941217097,0.0357276097727948,0.03572841990873447,0.035729229819532395,0.035730039506025636,0.03573084896875903,0.03573165820740991,0.03573246722157644,0.035733276011741796,0.035734084577992486,0.03573489291989475,0.03573570103936959,0.035736508935719696,0.03573731660742793,0.03573812405861414,0.03573893128380662,0.03573973828692469,0.03574054506603196,0.03574135162232638,0.03574215795575341,0.03574296406657279,0.03574376995489294,0.03574457562067347,0.03574538106427054,0.035746186285616564,0.035746991284881,0.03574779606120387,0.03574860061663814,0.03574940494923079,0.03575020905918837,0.03575101294951804,0.03575181661826344,0.03575262006583292,0.035753423292466356,0.03575422629804524,0.035755029082591205,0.03575583164605426,0.03575663398905986,0.03575743610997097,0.035758238011850366,0.03575903969335211,0.035759841154907795,0.03576064239584669,0.035761443416954766,0.03576224421853657,0.03576304479962586,0.03576384516042926,0.03576464530215347,0.035765445224201005,0.035766244927026535,0.03576704441060112,0.035767843674973175,0.035768642720200756,0.03576944154640443,0.03577024015386905,0.0357710385426003,0.035771836713281865,0.03577263466485506,0.03577343239825603,0.035774229912895715,0.035775027209514046,0.03577582428795337,0.035776621148576715,0.035777417791182875,0.03577821421620122,0.035779010423961095,0.035779806414152834,0.035780602186206746,0.035781397740867235,0.03578219307781393,0.0357829881983374,0.03578378310217272,0.035784577789108166,0.03578537225910285,0.03578616651258406,0.03578696054954026,0.035787754370016585,0.03578854797415973,0.03578934136292319,0.03579013453474046,0.035790927490546444,0.035791720230708673,0.03579251275484414,0.035793305063173526,0.03579409715604527,0.03579488903340685,0.03579568069544927,0.03579647214223836,0.03579726337357161,0.03579805439021692,0.0357988451916559,0.035799635778510024,0.035800426150645714,0.03580121630754894,0.035802006250531,0.035802795979304025,0.035803585493541144,0.03580437479370558,0.03580516388030394,0.03580595275251081,0.03580674141078354,0.0358075298552945,0.03580831808583268,0.035809106103150044,0.03580989390740999,0.035810681497968705,0.03581146887531349,0.035812256039398555,0.03581304299073011,0.03581382972890165,0.03581461625440928,0.035815402566934745,0.035816188667071425,0.03581697455508454,0.035817760230326484,0.035818545693439896,0.035819330944450306,0.03582011598322279,0.03582090080997767,0.03582168542503071,0.03582246982873963,0.03582325402069051,0.035824038000721134,0.0358248217694632,0.03582560532695004,0.03582638867367834,0.03582717180863633,0.03582795473247114,0.03582873744560103,0.03582951994795798,0.035830302239583,0.03583108432067421,0.03583186619127828,0.03583264785134423,0.03583342930118901,0.035834210540736273,0.03583499157042796,0.03583577239018243,0.035836553000070305,0.035837333400159356,0.03583811359156551,0.0358388935724907,0.0358396733441687,0.03584045290626982,0.035841232258825684,0.035842011402395645,0.035842790338263666,0.035843569063689844,0.035844347581117,0.035845125889310506,0.035845903989151315,0.03584668188020057,0.03584745956285156,0.03584823703755225,0.03584901430391326,0.03584979136160671,0.035850568211584714,0.03585134485338317,0.03585212128754494,0.035852897513913656,0.03585367353262857,0.03585444934276925,0.035855224946443456,0.03585600034323318,0.03585677553267134,0.03585755051588031,0.03585832529166641,0.03585909986059675,0.03585987422274723,0.035860648377956106,0.03586142232621481,0.0358621960679045,0.0358629696036048,0.03586374293371552,0.035864516056958555,0.03586528897448352,0.03586606168553356,0.0358668341905305,0.035867606489460434,0.035868378583182474,0.03586915047139248,0.03586992215420186,0.035870693631706474,0.035871464903742684,0.0358722359708004,0.0358730068328048,0.035873777489786075,0.03587454794189366,0.03587531818908694,0.03587608823162443,0.035876858069727915,0.03587762770335677,0.03587839713264853,0.035879166357611285,0.03587993537834968,0.03588070419538135,0.035881472808169064,0.035882241217095996,0.03588300942224315,0.0358837774235035,0.0358845452213471,0.0358853128157187,0.035886080206734595,0.03588684739445188,0.03588761437900589,0.035888381160511906,0.03588914773784999,0.03588991411342667,0.03589068028623797,0.03589144625637261,0.03589221202378408,0.035892977588676475,0.0358937429513539,0.0358945081116597,0.03589527306968442,0.03589603782576204,0.03589680237968812,0.03589756673194852,0.03589833088295065,0.03589909483218916,0.0358998585792423,0.03590062212462127,0.03590138546857939,0.035902148611288646,0.03590291155346653,0.03590367429375182,0.03590443683389727,0.03590519917233607,0.03590596131062233,0.035906723247497184,0.03590748498381064,0.03590824651944701,0.03590900785466248,0.03590976898959788,0.035910529924269186,0.03591129065886902,0.03591205119411949,0.03591281152865988,0.0359135716643471,0.035914331599403396,0.0359150913347413,0.03591585087044106,0.035916610206733784,0.0359173693433339,0.035918128280955815,0.03591888701933352,0.035919645558750164,0.03592040389876468,0.03592116204020224,0.03592191998286431,0.03592267772672002,0.03592343527197255,0.0359241926187214,0.03592494976714485,0.035925706718097715,0.035926463469944936,0.035927220023640946,0.03592797637929796,0.035928732536460325,0.03592948849631078,0.03593024425837876,0.03593099982160824,0.035931755188499975,0.03593251035791142,0.03593326533006445,0.03593402010471469,0.03593477468233673,0.035935529062852994,0.03593628324666507,0.0359370372331419,0.035937791023744635,0.035938544617091575,0.03593929801442038,0.035940051214368725,0.035940804218434416,0.03594155702450228,0.03594230963545634,0.03594306205048691,0.03594381426910207,0.035944566291887026,0.03594531812002016,0.03594606975147835,0.03594682118721718,0.03594757242694873,0.03594832347129309,0.03594907431984134,0.03594982497352828,0.03595057543163934,0.03595132569528126,0.03595207576361175,0.035952825637052904,0.03595357531678472,0.03595432480076525,0.03595507409028067,0.035955823184886236,0.03595657208496461,0.03595732079102113,0.0359580693024329,0.03595881761966026,0.0359595657422707,0.03596031367138366,0.03596106140752613,0.035961808949141964,0.035962556296768075,0.0359633034512144,0.03596405041227312,0.03596479717927675,0.03596554375264671,0.03596629013322155,0.03596703632109178,0.035967782315888076,0.03596852811715227,0.03596927372533651,0.03597001914092467,0.035970764364105935,0.03597150939413635,0.035972254232167475,0.035972998877376657,0.0359737433303384,0.03597448759069339,0.03597523165917793,0.03597597553601948,0.03597671922115014,0.03597746271365193,0.03597820601424184,0.03597894912297012,0.03597969204050213,0.03598043476607874,0.0359811773006586,0.03598191964393184,0.03598266179568441,0.03598340375644066,0.03598414552617679,0.035984887104553026,0.03598562849201307,0.03598636968922645,0.0359871106952808,0.035987851510743796,0.03598859213584005,0.03598933257025115,0.0359900728142985,0.03599081286808141,0.03599155273171303,0.03599229240527116,0.0359930318889339,0.03599377118232105,0.035994510286072465,0.03599524920028148,0.03599598792468074,0.035996726459221716,0.0359974648043426,0.03599820296050877,0.035998940927153035,0.03599967870459589,0.036000416293505345,0.0360011536930489,0.03600189090374088,0.036002627925369235,0.036003364758145064,0.03600410140223656,0.03600483785776481,0.03600557412461512,0.036006310203614326,0.03600704609408301,0.03600778179672036,0.036008517310806815,0.03600925263672176,0.036009987774649393,0.03601072272451002,0.03601145748685086,0.03601219206155474,0.036012926448846516,0.036013660648260046,0.036014394660256424,0.036015128484866994,0.036015862122099965,0.036016595572286224,0.036017328835583895,0.03601806191188323,0.03601879480132541,0.03601952750390041,0.03602026001968554,0.03602099234884335,0.03602172449059516,0.036022456446544705,0.03602318821618203,0.03602391979899138,0.03602465119603986,0.03602538240719272,0.03602611343214502,0.03602684427039435,0.03602757492361981,0.03602830539060057,0.03602903567246445,0.03602976576851512,0.036030495679177106,0.03603122540440868,0.03603195494408148,0.0360326842984799,0.03603341346821195,0.036034142452872564,0.03603487125199749,0.03603559986667591,0.036036328296227944,0.036037056540949394,0.036037784600540676,0.03603851247589918,0.03603924016657556,0.03603996767309549,0.03604069499546151,0.03604142213348804,0.036042149087335745,0.03604287585711375,0.03604360244283587,0.036044328844766146,0.036045055062703245,0.0360457810972011,0.03604650694808266,0.03604723261548593,0.03604795809942633,0.036048683399835024,0.03604940851672742,0.03605013345014458,0.03605085820043789,0.036051582767700555,0.036052307152225155,0.036053031354037736,0.03605375537296525,0.036054479208914976,0.03605520286285128,0.03605592633442382,0.03605664962165499,0.0360573727277443,0.03605809565145047,0.03605881839349114,0.03605954095403873,0.036060263332041466,0.03606098552800733,0.03606170754218285,0.03606242937389672,0.03606315102462252,0.03606387249321174,0.036064593780780654,0.03606531488626388,0.036066035810941206,0.03606675655445786,0.03606747711616975,0.03606819749740363,0.03606891769724741,0.036069637715885186,0.036070357554053384,0.03607107721184334,0.03607179668860106,0.036072515984587154,0.036073235099795556,0.03607395403482713,0.03607467278977126,0.03607539136418975,0.03607610975861645,0.036076827973099246,0.03607754600757984,0.036078263861981666,0.0360789815359733,0.036079699030521405,0.03608041634530915,0.03608113347889649,0.03608185043454076,0.03608256721099079,0.036083283808172585,0.03608400022557128,0.0360847164637463,0.036085432523333884,0.03608614840415966,0.036086864105248105,0.03608757962816493,0.03608829497200076,0.036089010137111265,0.03608972512304329,0.036090439930572434,0.03609115455984052,0.036091869010691266,0.036092583283262314,0.03609329737738706,0.03609401129396909,0.03609472503211652,0.03609543859195442,0.036096151973895985,0.03609686517901197,0.036097578205901065,0.03609829105465357,0.0360990037261488,0.036099716218862994,0.03610042853522714,0.036101140674280614,0.0361018526360116,0.03610256442007566,0.03610327602785171,0.03610398745823719,0.036104698712011614,0.03610540978957433,0.03610612068948339,0.03610683141295417,0.03610754195957619,0.036108252329955175,0.03610896252329233,0.03610967254054838,0.036110382381559655,0.0361110920477677,0.03611180153566596,0.03611251084827439,0.036113219985147584,0.036113928945989526,0.03611463773101367,0.036115346340296194,0.036116054774174726,0.03611676303233753,0.036117471114921605,0.0361181790220641,0.03611888675391453,0.03611959431077005,0.036120301692294694,0.03612100889857008,0.03612171593002946,0.0361224227873102,0.036123129469109616,0.036123835975230854,0.0361245423073331,0.03612524846555365,0.03612595444882419,0.03612666025767247,0.03612736589190107,0.03612807135186038,0.03612877663761292,0.03612948174953723,0.03613018668751289,0.03613089145100092,0.03613159604076877,0.036132300456804635,0.03613300469844746,0.03613370876676909,0.03613441266159143,0.03613511638327477,0.03613581993115924,0.036136523305861756,0.03613722650708398,0.03613792953558956,0.036138632390500997,0.036139335072242935,0.036140037581363096,0.036140739918226666,0.036141442081970135,0.036142144072474604,0.03614284589020624,0.036143547535448024,0.03614424900835729,0.03614495030887075,0.036145651437027,0.0361463523933798,0.03614705317677918,0.03614775378862937,0.03614845422758193,0.0361491544957708,0.03614985459132621,0.036150554515108436,0.03615125426701039,0.03615195384722618,0.036152653256353265,0.036153352493834195,0.03615405155985166,0.03615475045461449,0.03615544917717872,0.03615614773003808,0.03615684611079888,0.03615754432093522,0.03615824235982159,0.0361589402281243,0.03615963792601997,0.03616033545285065,0.03616103280883146,0.036161729994431166,0.03616242700963874,0.03616312385481126,0.03616382052910802,0.03616451703318938,0.03616521336598578,0.03616590952920996,0.03616660552262813,0.03616730134631959,0.036167997000177456,0.03616869248385351,0.03616938779817666,0.0361700829435188,0.036170777917836336,0.0361714727232581,0.03617216735905835,0.03617286182619128,0.036173556123079584,0.03617425025160913,0.03617494421039737,0.036175637999375,0.036176331620419035,0.03617702507239078,0.03617771835554023,0.03617841147024508,0.03617910441603296,0.036179797192978404,0.03618048980146245,0.03618118224147348,0.03618187451353161,0.036182566616631974,0.03618325855140953,0.036183950318348354,0.03618464191743248,0.03618533334788616,0.036186024609991076,0.03618671570527977,0.036187406632792206,0.03618809739265575,0.03618878798512704,0.036189478410160715,0.0361901686674679,0.03619085875716261,0.036191548679586544,0.036192238434463946,0.036192928022442915,0.03619361744349974,0.036194306697257185,0.03619499578381893,0.03619568470367729,0.0361963734567597,0.0361970620427946,0.03619775046245844,0.03619843871594281,0.03619912680282779,0.036199814722927576,0.0362005024763896,0.036201190063827916,0.03620187748537556,0.03620256474030647,0.03620325182923903,0.036203938752141195,0.036204625509117155,0.03620531210027213,0.03620599852567449,0.036206684784615466,0.03620737087858158,0.03620805680698128,0.03620874256987789,0.036209428167111465,0.03621011359921402,0.03621079886605616,0.036211483967685594,0.03621216890418434,0.03621285367536106,0.03621353828173285,0.03621422272373768,0.03621490700044186,0.03621559111235726,0.036216275058899246,0.03621695884155014,0.03621764245865716,0.0362183259127449,0.03621900920198248,0.03621969232623753,0.036220375286853936,0.0362210580829381,0.03622174071528878,0.03622242318314576,0.03622310548735352,0.036223787628554216,0.036224469605024165,0.036225151417728176,0.03622583306627324,0.03622651455139434,0.03622719587258986,0.03622787703072401,0.03622855802544095,0.03622923885681525,0.03622991952520704,0.03623060002970998,0.03623128037156556,0.03623196055034881,0.03623264056574367,0.0362333204187139,0.036234000109126946,0.03623467963662811,0.03623535900128309,0.03623603820371667,0.03623671724344452,0.03623739612069724,0.03623807483546772,0.03623875338837236,0.03623943177855891,0.036240110005703555,0.03624078807164354,0.03624146597546568,0.036242143717444886,0.03624282129784849,0.036243498716282824,0.03624417597263943,0.03624485306841229,0.036245530001496565,0.03624620677223552,0.036246883382306895,0.03624755983068103,0.036248236117463216,0.03624891224284887,0.03624958820697291,0.03625026401059511,0.03625093965301792,0.036251615134995224,0.03625229045561642,0.03625296561521282,0.03625364061402407,0.036254315452247644,0.03625499012986543,0.03625566464708863,0.036256339003763016,0.03625701319991909,0.036257687235745885,0.03625836111130633,0.03625903482669489,0.036259708381322954,0.03626038177629367,0.036261055011713055,0.036261728086727466,0.03626240100259293,0.036263073757925604,0.0362637463535415,0.03626441878957679,0.03626509106632744,0.036265763184269696,0.03626643514191917,0.036267106939649824,0.036267778578675434,0.036268450057886974,0.03626912137807142,0.036269792539101314,0.03627046354115806,0.03627113438419405,0.03627180506829687,0.03627247559376297,0.03627314596009381,0.03627381616806577,0.03627448621703555,0.036275156107722556,0.03627582583966607,0.03627649541314851,0.03627716482827463,0.03627783408527824,0.03627850318413508,0.036279172124754476,0.03627984090735415,0.03628050953230874,0.036281177998862484,0.036281846307531125,0.03628251445840022,0.03628318245147684,0.03628385028630216,0.03628451796407579,0.03628518548437466,0.03628585284697946,0.03628652005178307,0.0362871871009905,0.036287853991744536,0.0362885207253329,0.03628918730173892,0.0362898537210726,0.03629051998337924,0.03629118608859817,0.036291852036991715,0.03629251782868958,0.03629318346367462,0.03629384894224296,0.036294514263928476,0.036295179429076035,0.036295844437795745,0.03629650929026071,0.0362971739866037,0.036297838526326134,0.03629850290985444,0.036299167137252356,0.03629983120803477,0.03630049512335311,0.03630115888273887,0.03630182248628187,0.03630248593419109,0.036303149226281806,0.0363038123626367,0.03630447534325685,0.036305138168850545,0.036305800838586824,0.03630646335242028,0.03630712571144332,0.036307787915220685,0.036308449964108466,0.0363091118575584,0.03630977359594351,0.036310435179329185,0.03631109660778374,0.03631175788137077,0.03631241900012929,0.03631307996372704,0.03631374077236598,0.03631440142712112,0.03631506192716742,0.036315722272948596,0.03631638246443106,0.03631704250146967,0.03631770238420539,0.0363183621127283,0.036319021687132615,0.0363196811074573,0.03632034037379211,0.03632099948618244,0.03632165844467989,0.036322317249353746,0.03632297590030633,0.03632363439764488,0.03632429274130055,0.036324950931379135,0.03632560896799791,0.036326266851195506,0.03632692458103738,0.03632758215758677,0.03632823958072644,0.0363288968508938,0.036329553968268945,0.03633021093231131,0.03633086774345145,0.036331524401628436,0.03633218090696606,0.03633283725953643,0.03633349345937126,0.036334149506583716,0.036334805401233655,0.036335461143374145,0.036336116733067705,0.03633677217034904,0.03633742745532568,0.03633808258806368,0.03633873756861504,0.03633939239702505,0.03634004707323737,0.036340701597611026,0.036341355970035634,0.03634201019061275,0.03634266425938319,0.03634331817641726,0.03634397194174658,0.036344625555486496,0.03634527901771551,0.0363459323274913,0.03634658548676535,0.03634723849472115,0.03634789135138698,0.036348544056828774,0.03634919661110624,0.03634984901435239,0.03635050126649418,0.03635115336766675,0.03635180531793481,0.03635245711736162,0.03635310876600318,0.03635376026336493,0.03635441161063949,0.03635506280732978,0.036355713853490276,0.03635636474916706,0.036357015494453915,0.036357666089401754,0.03635831653409571,0.03635896682858311,0.03635961697290303,0.0363602669671587,0.03636091681139063,0.0363615665056545,0.036362216050041515,0.03636286544459653,0.03636351468938873,0.036364163784471736,0.036364812729973654,0.03636546152583788,0.03636611017217257,0.03636675866905003,0.03636740701655024,0.036368055214726566,0.03636870326364427,0.03636935116335747,0.0363699989139099,0.03637064651540878,0.036371293967891245,0.036371941271409546,0.03637258842605179,0.03637323543185152,0.03637388228890165,0.03637452899724876,0.03637517555695434,0.03637582196806394,0.036376468230673975,0.03637711434483253,0.03637776031058453,0.036378406128021686,0.03637905179717383,0.036379697318113705,0.03638034269091952,0.036380987915631734,0.0363816329923531,0.036382277921109055,0.03638292270196487,0.036383567334999464,0.03638421182025696,0.036384856157806754,0.03638550034769393,0.036386144389979475,0.03638678828476844,0.036387432032078566,0.03638807563200066,0.03638871908458163,0.036389362389876966,0.036390005547958695,0.03639064855887013,0.036391291422716514,0.03639193413948481,0.036392576709292725,0.03639321913219117,0.03639386140821918,0.036394503537469015,0.036395145519992435,0.03639578735584053,0.0363964290450907,0.03639707058779553,0.036397711984008214,0.03639835323379922,0.03639899433723106,0.03639963529426339,0.03640027610515068,0.03640091676985822,0.03640155728846123,0.03640219766099393,0.03640283788754107,0.03640347796841947,0.03640411790315413,0.03640475769206432,0.03640539733522679,0.03640603683265938,0.03640667618448141,0.036407315390720674,0.03640795445145673,0.03640859336672935,0.036409232136592425,0.03640987076114536,0.03641050924042496,0.036411147574496115,0.036411785763408144,0.03641242380735797,0.03641306170613022,0.03641369945995234,0.03641433706885299,0.03641497453289914,0.03641561185212875,0.03641624902665617,0.036416886056508765,0.03641752294157224,0.03641815968225926,0.03641879627833403,0.036419432730076584,0.03642006903743886,0.0364207052004952,0.03642134121928985,0.03642197709389328,0.036422612824355445,0.03642324841080479,0.03642388385318258,0.03642451915157779,0.03642515430601129,0.036425789316614214,0.03642642418366522,0.03642705890671446,0.03642769348622095,0.0364283279221216,0.036428962214488624,0.03642959636341393,0.03643023036886348,0.036430864230960674,0.03643149795002063,0.03643213152555141,0.036432764957878956,0.03643339824781774,0.036434031393945805,0.036434664397208945,0.036435297257531425,0.03643592997480374,0.036436562549256306,0.03643719498091556,0.036437827269877245,0.03643845941622807,0.03643909141990732,0.036439723281060134,0.036440354999703224,0.036440986575946806,0.036441618009871016,0.03644224930154657,0.03644288045100424,0.03644351145824944,0.036444142323350436,0.03644477304638169,0.03644540362654408,0.03644603406570695,0.03644666436292528,0.036447294518096106,0.03644792453147992,0.036448554402648894,0.036449184132170145,0.036449813720533485,0.03645044316750189,0.036451072472265866,0.036451701636478165,0.036452330658989424,0.03645295954022691,0.036453588280515925,0.03645421687954747,0.03645484533654659,0.03645547365331126,0.03645610182897744,0.03645672986350912,0.03645735775716167,0.03645798550922855,0.036458613121238756,0.036459240592494384,0.03645986792299559,0.03646049511310367,0.03646112215944739,0.03646174906918312,0.036462375836393175,0.03646300246380793,0.036463628951668395,0.036464255299021545,0.03646488150633169,0.036465507573116854,0.03646613350096649,0.036466759287659405,0.03646738493445721,0.03646801044169875,0.03646863580802569,0.03646926103538123,0.03646988612164514,0.036470511067501744,0.03647113587565554,0.036471760544939266,0.03647238507367997,0.036473009463107255,0.03647363371320683,0.036474257823919345,0.03647488179510004,0.03647550562758481,0.03647612932028477,0.03647675287328177,0.03647737628630845,0.03647799956172324,0.03647862269749854,0.03647924569490334,0.03647986855363838,0.03648049127345979,0.03648111385356177,0.03648173629682767,0.0364823586000095,0.036482980763274185,0.03648360278926422,0.03648422467757756,0.036484846425312245,0.03648546803665279,0.03648608950896983,0.036486710843754516,0.036487332040337925,0.036487953098004906,0.036488574017673525,0.03648919480000944,0.03648981544453827,0.036490435950279225,0.03649105631885655,0.03649167655046132,0.036492296643482906,0.036492916598978,0.036493536416793065,0.03649415609683979,0.03649477563885432,0.03649539504414108,0.03649601431180692,0.0364966334414894,0.03649725243441635,0.0364978712901695,0.036498490007655635,0.03649910858836188,0.03649972703263034,0.03650034533988834,0.03650096351023369,0.036501581543782205,0.03650219944023366,0.0365028172001564,0.0365034348230721,0.03650405230854299,0.03650466965820054,0.03650528687091256,0.03650590394777526,0.03650652088772293,0.036507137691370053,0.03650775435814375,0.03650837088907573,0.03650898728379573,0.03650960354234508,0.036510219664516855,0.036510835651652786,0.03651145150000333,0.03651206721401283,0.036512682792355894,0.03651329823466777,0.03651391354110909,0.036514528711909626,0.03651514374697157,0.0365157586462761,0.03651637341002141,0.03651698803868647,0.03651760253138307,0.03651821688932263,0.036518831111114564,0.036519445197680495,0.03652005914867113,0.03652067296632311,0.03652128664712159,0.03652190019393414,0.03652251360434677,0.03652312687936282,0.03652374002006249,0.03652435302609433,0.036524965898640405,0.03652557863413477,0.03652619123481492,0.03652680370156624,0.036527416033247995,0.036528028230412804,0.03652864029308782,0.036529252221590605,0.03652986401640534,0.03653047567538948,0.036531087200823646,0.0365316985919662,0.0365323098489857,0.03653292097119354,0.03653353196073098,0.03653414281544043,0.036534753536286026,0.036535364122993325,0.03653597457557238,0.036536584895369706,0.036537195080661757,0.03653780513215074,0.03653841505000937,0.03653902483429237,0.036539634485068063,0.036540244002109465,0.03654085338582399,0.03654146263556708,0.03654207175322118,0.036542680737051456,0.036543289587060636,0.03654389830428743,0.03654450688836173,0.036545115339147914,0.03654572365803063,0.03654633184425804,0.036546939896408684,0.036547547815380756,0.03654815560171357,0.0365487632552959,0.03654937077693953,0.03654997816492993,0.03655058542044778,0.03655119254356643,0.03655179953455716,0.0365524063926245,0.03655301311824723,0.03655361971161745,0.03655422617456202,0.03655483250305608,0.03655543869999764,0.03655604476469807,0.03655665069795964,0.03655725649874158,0.03655786216642041,0.03655846770283515,0.03655907310770152,0.036559678380411395,0.03656028352110689,0.03656088853029096,0.03656149340783263,0.03656209815374842,0.03656270276792511,0.03656330725077183,0.03656391160211519,0.0365645158224338,0.036565119911064224,0.03656572386955014,0.03656632769560878,0.03656693139079192,0.03656753495449617,0.036568138388442153,0.03656874169148264,0.0365693448635453,0.0365699479042162,0.036570550813182744,0.03657115359189465,0.036571756240205554,0.03657235875572733,0.03657296114232261,0.036573563398189846,0.0365741655241529,0.03657476751949949,0.03657536938369646,0.03657597111754293,0.03657657271963329,0.03657717419155455,0.036577775533819294,0.036578376746508226,0.036578977828374104,0.03657957878144063,0.036580179604563,0.03658078029673064,0.036581380859487415,0.036581981291977074,0.036582581594737186,0.03658318176727193,0.03658378181005474,0.03658438172312046,0.03658498150571212,0.03658558115856947,0.03658618068188085,0.03658678007537791,0.036587379339435934,0.03658797847423742,0.036588577479513704,0.03658917635589996,0.036589775102839034,0.03659037372037723,0.03659097220844134,0.036591570568114226,0.03659216879788545,0.03659276689971743,0.03659336487266369,0.03659396271666678,0.036594560431733994,0.03659515801804294,0.03659575547552801,0.03659635280425146,0.03659695000435383,0.036597547075824986,0.03659814401880441,0.036598740833224834,0.03659933751919495,0.036599934076765435,0.036600530505984746,0.036601126806905054,0.03660172297957554,0.03660231902404691,0.03660291494036754,0.03660351072858672,0.03660410638875834,0.03660470192092961,0.036605297325150346,0.036605892601470985,0.03660648774994042,0.03660708277061114,0.03660767766353029,0.03660827242873404,0.03660886706628667,0.03660946157623278,0.03661005595862212,0.036610650212877835,0.036611244340393374,0.03661183834273173,0.03661243221553005,0.03661302596034061,0.03661361957858274,0.036614213070817664,0.036614806434582294,0.036615399670673475,0.03661599278026556,0.03661658576285694,0.03661717861845649,0.03661777134714458,0.036618363948977994,0.03661895642402706,0.036619548772309336,0.03662014099385642,0.036620733088742856,0.036621325057026144,0.03662191689881135,0.03662250861410832,0.03662310020279396,0.03662369166510232,0.036624283001151635,0.03662487421077811,0.03662546529420374,0.03662605625140645,0.03662664708243712,0.0366272377873426,0.03662782836633083,0.03662841881913986,0.036629009145968915,0.03662959934666306,0.036630189421613085,0.03663077937081602,0.03663136919396279,0.03663195889165762,0.03663254846382401,0.03663313791012037,0.036633727231041156,0.03663431642620226,0.03663490549619485,0.03663549444047554,0.036636083259386706,0.03663667195292607,0.03663726052117183,0.036637848964162306,0.036638437282392314,0.03663902547502032,0.03663961354369033,0.036640201486201486,0.03664078930366826,0.03664137699637787,0.036641964563970855,0.03664255200670127,0.03664313932468733,0.036643726518215555,0.036644313587355114,0.03664490053110557,0.03664548735025516,0.03664607404526904,0.0366466606146355,0.03664724706009558,0.03664783338140289,0.03664841957805416,0.03664900565044931,0.036649591598496095,0.036650177422370506,0.036650763122019495,0.036651348696678236,0.036651934147983,0.03665251947513413,0.0366531046771565,0.036653689756912765,0.03665427471218879,0.036654859543613104,0.036655444251239976,0.036656028835091864,0.036656613295323444,0.03665719763234454,0.03665778184562877,0.03665836593517537,0.03665894990119779,0.03665953374649772,0.036660117465694794,0.03666070106141406,0.03666128453388242,0.03666186788292407,0.03666245110872615,0.036663034211320514,0.036663617190961326,0.03666420004749135,0.036664782780775035,0.03666536539100987,0.0366659478783431,0.03666653024273118,0.036667112483151576,0.03666769460137886,0.03666827659677688,0.03666885847004277,0.03666944021957278,0.0366700218462893,0.036670603351586034,0.03667118473377753,0.03667176599364287,0.036672347131437154,0.03667292814689965,0.03667350904009814,0.0366740898114429,0.036674670459959514,0.03667525098591489,0.036675831390050144,0.0366764116720793,0.03667699183182152,0.03667757186920667,0.03667815178631442,0.03667873157994652,0.036679311252111275,0.03667989080208415,0.036680470229946555,0.036681049536395685,0.03668162872158442,0.036682207783671,0.03668278672549302,0.03668336554575341,0.03668394424568763,0.03668452282330654,0.036685101279157986,0.036685679613625836,0.03668625782706403,0.03668683591888331,0.03668741388947106,0.03668799173874914,0.03668856946724681,0.036689147074420475,0.03668972456053752,0.03669030192644371,0.03669087916882502,0.036691456292303894,0.03669203329443474,0.03669261017619545,0.03669318693776947,0.03669376357743805,0.036694340096548095,0.0366949164952153,0.03669549277362542,0.036696068931204286,0.03669664496820571,0.03669722088484806,0.036697796680982046,0.03669837235649463,0.036698947912203066,0.03669952334825904,0.03670009866323243,0.036700673857985734,0.03670124893257417,0.03670182388490751,0.03670239871938658,0.0367029734337448,0.036703548028238386,0.036704122502757175,0.03670469685931222,0.03670527109413726,0.036705845209272586,0.036706419204589814,0.03670699308084859,0.03670756683681585,0.03670814047325505,0.03670871399033783,0.036709287387673074,0.03670986066560892,0.03671043382419849,0.03671100686410374,0.03671157978404108,0.03671215258426451,0.03671272526550083,0.03671329782768571,0.03671387027071627,0.036714442594620235,0.03671501479923715,0.036715586884805446,0.03671615885138566,0.03671673069694183,0.03671730242585653,0.036717874035930506,0.03671844552739336,0.036719016900058306,0.03671958815407925,0.03672015928941782,0.03672073030610092,0.036721301205523686,0.036721871984763337,0.03672244264593807,0.03672301318826771,0.036723583612211855,0.03672415391898433,0.0367247241076563,0.036725294177850504,0.03672586412988187,0.03672643396247754,0.036727003678319936,0.03672757327599048,0.03672814275549518,0.036728712116307814,0.036729281359321436,0.036729850484234106,0.036730419491998866,0.03673098838138042,0.03673155715333395,0.036732125807103604,0.03673269434308453,0.036733262761646734,0.03673383106135373,0.036734399244723256,0.03673496730993222,0.03673553525833522,0.03673610308936086,0.036736670802982825,0.03673723839927707,0.03673780587840319,0.03673837324028769,0.03673894048486006,0.03673950761229062,0.03674007462267614,0.03674064151591234,0.03674120829217723,0.03674177495143886,0.036742341494112374,0.03674290791960367,0.036743474228223806,0.03674404042006326,0.03674460649515564,0.036745172453446766,0.03674573829500405,0.03674630402036379,0.036746869628865066,0.03674743512081659,0.0367480004961965,0.03674856575527129,0.03674913089780099,0.036749695924142706,0.03675026083405002,0.03675082562758979,0.036751390304891114,0.03675195486601472,0.03675251931098985,0.036753083638440584,0.036753647851237733,0.036754211948020185,0.03675477592878781,0.03675533979361956,0.03675590354259944,0.036756467175413025,0.03675703069278081,0.03675759409407118,0.03675815738000234,0.036758720550215625,0.036759283604746486,0.036759846543603585,0.03676040936693209,0.03676097207485316,0.03676153466734974,0.03676209714466702,0.03676265950627575,0.036763221753181884,0.03676378388416787,0.036764345899826134,0.03676490780015515,0.0367654695855987,0.036766031256021764,0.03676659281116327,0.036767154251385874,0.036767715578622524,0.036768276788783236,0.036768837884123086,0.03676939886479763,0.0367699597313951,0.03677052048246933,0.036771081118650864,0.03677164163998325,0.03677220204660827,0.036772762338485705,0.03677332251615455,0.03677388257920366,0.03677444252765217,0.036775002361698735,0.036775562081384154,0.03677612168641747,0.03677668117752038,0.036777240554363363,0.03677779981687154,0.03677835896535147,0.03677891799964588,0.0367794769198186,0.03678003572592339,0.036780594417907965,0.036781152995859025,0.03678171146009539,0.036782269810242796,0.03678282804674355,0.03678338616917923,0.03678394417718081,0.036784502072209416,0.036785059853551724,0.036785617521236026,0.03678617507524913,0.03678673251577964,0.036787289842799116,0.03678784705642866,0.036788404156501,0.036788961143169874,0.03678951801685359,0.036790074776928076,0.0367906314239986,0.03679118795753898,0.036791744377892496,0.03679230068492113,0.0367928568788706,0.03679341295993752,0.036793968927833494,0.03679452478298975,0.036795080526149895,0.03679563615563716,0.036796191671979846,0.03679674707561846,0.03679730236669239,0.03679785754480061,0.036798412610229335,0.03679896756303898,0.03679952240470511,0.03680007713325411,0.03680063175008427,0.03680118625270955,0.03680174064338624,0.03680229492117879,0.03680284908690299,0.03680340314006062,0.036803957080996694,0.03680451090976332,0.03680506462615958,0.03680561823053526,0.03680617172272588,0.036806725102874645,0.036807278370996274,0.03680783152713631,0.03680838457133714,0.036808937503617946,0.0368094903240458,0.03681004303242401,0.03681059562952479,0.036811148114510604,0.036811700487886345,0.03681225274973003,0.03681280489980451,0.036813356938260856,0.03681390886549262,0.03681446068001944,0.03681501238433833,0.036815563976993614,0.03681611545646371,0.03681666682632472,0.036817218084948186,0.036817769232267594,0.03681832026824159,0.036818871193503785,0.0368194220073966,0.03681997271039693,0.03682052330203081,0.03682107378317671,0.03682162415285233,0.03682217441286375,0.03682272456084596,0.03682327459828036,0.036823824524511675,0.03682437433905659,0.036824924043884676,0.03682547363808404,0.03682602312145659,0.03682657249422539,0.03682712175647797,0.03682767090817105,0.03682821994938049,0.036828768880561934,0.03682931770103626,0.036829866411133165,0.03683041501087758,0.036830963500485835,0.03683151187974197,0.036832060148670256,0.036832608307450075,0.03683315635615193,0.03683370429477059,0.03683425212318065,0.036834799841722395,0.036835347451148644,0.03683589494941002,0.03683644233819622,0.03683698961714233,0.03683753678626087,0.036838083845418444,0.03683863079507217,0.03683917763433091,0.036839724364645374,0.03684027098544532,0.036840817496616794,0.03684136389823389,0.03684191019009136,0.03684245637249938,0.03684300244580698,0.03684354840943782,0.03684409426372719,0.036844640008728974,0.03684518564449631,0.03684573117104461,0.03684627658840722,0.03684682189664375,0.03684736709578302,0.03684791218586545,0.03684845716694279,0.0368490020390437,0.03684954680220026,0.03685009145646191,0.03685063600185618,0.0368511804384346,0.036851724766236126,0.0368522689853051,0.03685281309567868,0.0368533570973853,0.036853900990469396,0.03685444477497056,0.03685498845091584,0.03685553201836097,0.03685607547734309,0.0368566188278852,0.0368571620700561,0.036857705203860745,0.03685824822934037,0.0368587911465647,0.03685933395555893,0.03685987665637423,0.036860419249013766,0.036860961733529055,0.03686150410997153,0.0368620463783718,0.03686258853877761,0.03686313059120629,0.036863672535731105,0.03686421437237728,0.036864756101186544,0.0368652977221639,0.036865839235374724,0.03686638064087916,0.03686692193868798,0.03686746312884758,0.03686800421135989,0.036868545186312475,0.03686908605372588,0.03686962681362117,0.03687016746605491,0.03687070801110504,0.0368712484487681,0.036871788779032764,0.036872329002034784,0.03687286911776372,0.0368734091262421,0.03687394902752806,0.03687448882171502,0.03687502850876847,0.036875568088743906,0.0368761075616599,0.036876646927526305,0.03687718618636527,0.03687772533840066,0.036878264383569365,0.03687880332185218,0.036879342153354734,0.03687988087806879,0.03688041949596254,0.03688095800725352,0.03688149641187547,0.03688203470981012,0.03688257290119302,0.03688311098596707,0.03688364896424521,0.036884186836131705,0.036884724601569524,0.03688526226061655,0.036885799813317945,0.036886337259664004,0.036886874599679126,0.03688741183341274,0.036887948960912,0.03688848598229798,0.03688902289754308,0.03688955970670506,0.03689009640978573,0.03689063300679358,0.03689116949877089,0.036891705883916666,0.036892242164056996,0.03689277833834441,0.0368933144068265,0.036893850369695724,0.036894386225722386,0.03689492197713553,0.036895457622888254,0.03689599316300992,0.03689652859765863,0.03689706392495714,0.03689759914841699,0.03689813426652246,0.03689866927911648,0.036899204186313116,0.03689973898752478,0.036900273683438206,0.03690080827468851,0.0369013427606884,0.03690187714117479,0.03690241141680565,0.03690294558737187,0.03690347965287088,0.03690401361473671,0.0369045474692441,0.036905081219089086,0.036905614864162065,0.03690614840417903,0.036906681839600476,0.03690721516983079,0.03690774839524778,0.03690828151551948,0.03690881453108423,0.036909347441466,0.036909880246856486,0.036910412948391626,0.03691094554620919,0.03691147803790141,0.03691201042649472,0.03691254271057163,0.03691307488999214,0.03691360696426713,0.03691413893498076,0.03691467080140329,0.0369152025635615,0.03691573422150226,0.03691626577516731,0.03691679722452335,0.03691732856973727,0.03691785981094094,0.03691839094795531,0.03691892198108848,0.036919452910162194,0.036919983735356626,0.03692051445667734,0.03692104507408055,0.036921575588295924,0.03692210599818558,0.0369226363041724,0.03692316650641654,0.036923696604891976,0.03692422659983827,0.036924756491000355,0.03692528627864089,0.0369258159631283,0.03692634554365186,0.036926875020705616,0.03692740439431623,0.03692793366446394,0.03692846283156765,0.036928991895358684,0.036929520855588774,0.03693004971252268,0.036930578466091546,0.036931107116799325,0.03693163566410256,0.03693216410836007
8,0.0,0.0,0.0,0.0,0.0,0.0,0.0,0.0,0.0,0.0,0.0,0.0,0.0,0.0,0.0,0.0,0.0,0.0,0.0,0.0,0.0,0.0,0.0,0.0,0.0,0.0,0.0,0.0,0.0,0.0,0.0,0.0,0.0,0.0,0.0,0.0,0.0,0.0,0.0,0.0,0.0,0.0,0.0,0.0,0.0,0.0,0.0,0.0,0.0,0.0,0.0,0.0,0.0,0.0,0.0,0.0,0.0,0.0,0.0,0.0,0.0,0.0,0.0,0.0,0.0,0.0,0.0,0.0,0.0,0.0,0.0,0.0,0.0,0.0,0.0,0.0,0.0,0.0,0.0,0.0,0.0,0.0,0.0,0.0,0.0,0.0,0.0,0.0,0.0,0.0,0.0,0.0,0.0,0.0,0.0,0.0,0.0,0.0,0.0,0.0,0.0,0.0,0.0,0.0,0.0,0.0,0.0,0.0,0.0,0.0,0.0,0.0,0.0,0.0,0.0,0.0,0.0,0.0,0.0,0.0,0.0,0.0,0.0,0.0,0.0,0.0,0.0,0.0,0.0,0.0,0.0,0.0,0.0,0.0,0.0,0.0,0.0,0.0,0.0,0.0,0.0,0.0,0.0,0.0,0.0,0.0,0.0,0.0,0.0,0.0,0.0,0.0,0.0,0.0,0.0,0.0,0.0,0.0,0.0,0.0,0.0,0.0,0.0,0.0,0.0,0.0,0.0,0.0,0.0,0.0,0.0,0.0,0.0,0.0,0.0,0.0,0.0,0.0,0.0,0.0,0.0,0.0,0.0,0.0,0.0,0.0,0.0,0.0,0.0,0.0,0.0,0.0,0.0,0.0,0.0,0.0,0.0,0.0,0.0,0.0,0.0,0.0,0.0,0.0,0.0,0.0,0.0,0.0,0.0,0.0,0.0,0.0,0.0,0.0,0.0,0.0,0.0,0.0,0.0,0.0,0.0,0.0,0.0,0.0,0.0,0.0,0.0,0.0,0.0,0.0,0.0,0.0,0.0,0.0,0.0,0.0,0.0,0.0,0.0,0.0,0.0,0.0,0.0,0.0,0.0,0.0,0.0,0.0,0.0,0.0,0.0,0.0,0.0,0.0,0.0,0.0,0.0,0.0,0.0,0.0,0.0,0.0,0.0,0.0,0.0,0.0,0.0,0.0,0.0,0.0,0.0,0.0,0.0,0.0,0.0,0.0,0.0,0.0,0.0,0.0,0.0,0.0,0.0,0.0,0.0,0.0,0.0,0.0,0.0,0.0,0.0,0.0,0.0,0.0,0.0,0.0,0.0,0.0,0.0,0.0,0.0,0.0,0.0,0.0,0.0,0.0,0.0,0.0,0.0,0.0,0.0,0.0,0.0,0.0,0.0,0.0,0.0,0.0,0.0,0.0,0.0,0.0,0.0,0.0,0.0,0.0,0.0,0.0,0.0,0.0,0.0,0.0,0.0,0.0,0.0,0.0,0.0,0.0,0.0,0.0,0.0,0.0,0.0,0.0,0.0,0.0,0.0,0.0,0.0,0.0,0.0,0.0,0.0,0.0,0.0,0.0,0.0,0.0,0.0,0.0,0.0,0.0,0.0,0.0,0.0,0.0,0.0,0.0,0.0,0.0,0.0,0.0,0.0,0.0,0.0,0.0,0.0,0.0,0.0,0.0,0.0,0.0,0.0,0.0,0.0,0.0,0.0,0.0,0.0,0.0,0.0,0.0,0.0,0.0,0.0,0.0,0.0,0.0,0.0,0.0,0.0,0.0,0.0,0.0,0.0,0.0,0.0,0.0,0.0,0.0,0.0,0.0,0.0,0.0,0.0,0.0,0.0,0.0,0.0,0.0,0.0,0.0,0.0,0.0,0.0,0.0,0.0,0.0,0.0,0.0,0.0,0.0,0.0,0.0,0.0,0.0,0.0,0.0,0.0,0.0,0.0,0.0,0.0,0.0,0.0,0.0,0.0,0.0,0.0,0.0,0.0,0.0,0.0,0.0,0.0,0.0,0.0,0.0,0.0,0.0,0.0,0.0,0.0,0.0,0.0,0.0,0.0,0.0,0.0,0.0,0.0,0.0,0.0,0.0,0.0,0.0,0.0,0.0,0.0,0.0,0.0,0.0,0.0,0.0,0.0,0.0,0.0,0.0,0.0,0.0,0.0,0.0,0.0,0.0,0.0,0.0,0.0,0.0,0.0,0.0,0.0,0.0,0.0,0.0,0.0,0.0,0.0,0.0,0.0,0.0,0.0,0.0,0.0,0.0,0.0,0.0,0.0,0.0,0.0,0.0,0.0,0.0,0.0,0.0,0.0,0.0,0.0,0.0,0.0,0.0,0.0,0.0,0.0,0.0,0.0,0.0,0.0,0.0,0.0,0.0,0.0,0.0,0.0,0.0,0.0,0.0,0.0,0.0,0.0,0.0,0.0,0.0,0.0,0.0,0.0,0.0,0.0,0.0,0.0,0.0,0.0,0.0,0.0,0.0,0.0,0.0,0.0,0.0,0.0,0.0,0.0,0.0,0.0,0.0,0.0,0.0,0.0,0.0,0.0,0.0,0.0,0.0,0.0,0.0,0.0,0.0,0.0,0.0,0.0,0.0,0.0,0.0,0.0,0.0,0.0,0.0,0.0,0.0,0.0,0.0,0.0,0.0,0.0,0.0,0.0,0.0,0.0,0.0,0.0,0.0,0.0,0.0,0.0,0.0,0.0,0.0,0.0,0.0,0.0,0.0,0.0,0.0,0.0,0.0,0.0,0.0,0.0,0.0,0.0,0.0,0.0,0.0,0.0,0.0,0.0,0.0,0.0,0.0,0.0,0.0,0.0,0.0,0.0,0.0,0.0,0.0,0.0,0.0,0.0,0.0,0.0,0.0,0.0,0.0,0.0,0.0,0.0,0.0,0.0,0.0,0.0,0.0,0.0,0.0,0.0,0.0,0.0,0.0,0.0,0.0,0.0,0.0,0.0,0.0,0.0,0.0,0.0,0.0,0.0,0.0,0.0,0.0,0.0,0.0,0.0,0.0,0.0,0.0,0.0,0.0,0.0,0.0,0.0,0.0,0.0,0.0,0.0,0.0,0.0,0.0,0.0,0.0,0.0,0.0,0.0,0.0,0.0,0.0,0.0,0.0,0.0,0.0,0.0,0.0,0.0,0.0,0.0,0.0,0.0,0.0,0.0,0.0,0.0,4.439498907259007e-53,4.439498907259007e-53,4.439498907259007e-53,4.439498907259007e-53,4.439498907259007e-53,4.439498907259007e-53,4.439498907259007e-53,4.439498907259007e-53,4.439498907259007e-53,4.439498907259007e-53,4.439498907259007e-53,4.439498907259007e-53,4.439498907259007e-53,4.439498907259007e-53,4.439498907259007e-53,4.439498907259007e-53,4.439498907259007e-53,4.439498907259007e-53,4.439498907259007e-53,4.439498907259007e-53,4.439498907259007e-53,4.439498907259007e-53,4.439498907259007e-53,4.439498907259007e-53,4.439498907259007e-53,4.439498907259007e-53,4.439498907259007e-53,4.439498907259007e-53,4.439498907259007e-53,4.439498907259007e-53,9.25001457120432e-53,9.250014571204321e-53,9.250014571204321e-53,9.250014571204321e-53,9.250014571204321e-53,9.250014571204321e-53,9.250014571204321e-53,9.250014571204321e-53,9.250014571204321e-53,9.250014571204321e-53,9.250014571204321e-53,9.250014571204321e-53,9.250014571204321e-53,9.250014571204321e-53,9.250014571204321e-53,9.250014571204321e-53,9.250014571204321e-53,9.250014571204321e-53,9.250014571204321e-53,9.250014571204321e-53,9.250014571204321e-53,9.250014571204321e-53,9.250014571204321e-53,9.250014571204321e-53,9.250014571204321e-53,9.250014571204321e-53,9.250014571204321e-53,9.250014571204321e-53,1.1983403588492234e-48,1.1983403588492234e-48,1.1983403588492234e-48,1.1983403588492234e-48,1.1983335255050585e-48,1.1983335255050585e-48,1.1983335255050585e-48,1.1983335255050585e-48,1.1983335255050585e-48,1.1983335255050585e-48,1.1983335255050585e-48,1.1983335255050585e-48,2.6193770916226246e-49,-5.543814229804279e-49,-2.536484205286668e-64,7.792409682977655e-70,2.7182100338865954e-50,2.7182100338865954e-50,2.7182100338865954e-50,2.7182100338865954e-50,2.7182100338865954e-50,2.7182100338865954e-50,2.0253003505648084e-48,2.0253003505648087e-48,2.0253003505648087e-48,2.0253003505648087e-48,2.0253003505648087e-48,2.0253003505648087e-48,2.0253003505648087e-48,2.0253003505648087e-48,2.0253003505648087e-48,2.0253003505648087e-48,2.0253003505648087e-48,2.0253003505648087e-48,2.0253003505648087e-48,2.0253003505648087e-48,2.0253003505648087e-48,2.0253003505648087e-48,2.0253003505648087e-48,2.0253003505648087e-48,2.0253003505648087e-48,2.0253003505648087e-48,2.0253003505648087e-48,2.0253003505648087e-48,2.0253003505648087e-48,2.0253003505648087e-48,2.0253003505648087e-48,2.0253003505648087e-48,2.0253003505648087e-48,2.0253003505648087e-48,2.0253003505648087e-48,2.0253003505648087e-48,2.0253003505648087e-48,2.0253003505648087e-48,2.0253003505648087e-48,2.0253003505648087e-48,2.0253003505648087e-48,2.0253003505648087e-48,2.0253003505648087e-48,2.0253003505648087e-48,2.0253003505648087e-48,2.0253003505648087e-48,2.0253003505648087e-48,2.0253003505648087e-48,2.0253003505648087e-48,2.0253003505648087e-48,2.0253003505648087e-48,2.0253003505648087e-48,2.0253003505648087e-48,2.0253003505648087e-48,2.0253003505648087e-48,2.0253003505648087e-48,2.0253003505648087e-48,2.0253003505648087e-48,2.0253003505648087e-48,2.0253003505648087e-48,2.0253003505648087e-48,2.0253003505648087e-48,2.0253003505648087e-48,2.0253003505648087e-48,2.0253003505648087e-48,2.0253003505648087e-48,2.0253003505648087e-48,2.0253003505648087e-48,2.0253003505648087e-48,2.0253003505648087e-48,2.0253003505648087e-48,2.0253003505648087e-48,2.0253003505648087e-48,2.0253003505648087e-48,2.0253003505648087e-48,2.0253003505648087e-48,2.0253003505648087e-48,2.0253003505648087e-48,2.0253003505648087e-48,2.0253003505648087e-48,2.0253003505648087e-48,2.0253003505648087e-48,2.0253003505648087e-48,2.0253003505648087e-48,2.0253003505648087e-48,2.0253003505648087e-48,2.0253003505648087e-48,2.0253003505648087e-48,2.0253003505648087e-48,2.0253003505648087e-48,2.0253003505648087e-48,2.0253003505648087e-48,2.0253003505648087e-48,2.0253003505648087e-48,2.0253003505648087e-48,2.0253003505648087e-48,2.0253003505648087e-48,2.0253003505648087e-48,2.0253003505648087e-48,2.0253003505648087e-48,2.0253003505648087e-48,2.0253003505648087e-48,2.0253003505648087e-48,2.0253003505648087e-48,2.0253003505648087e-48,2.0253003505648087e-48,2.0253003505648087e-48,2.0253003505648087e-48,2.0253003505648087e-48,2.0253003505648087e-48,2.0253003505648087e-48,2.0253003505648087e-48,2.0253003505648087e-48,2.0253003505648087e-48,2.0253003505648087e-48,2.0253003505648087e-48,2.0253003505648087e-48,2.0253003505648087e-48,2.0253003505648087e-48,2.0253003505648087e-48,2.0253003505648087e-48,2.0253003505648087e-48,2.0253003505648087e-48,2.0253003505648087e-48,2.0253003505648087e-48,2.0253003505648087e-48,2.0253003505648087e-48,2.0253003505648087e-48,2.0253003505648087e-48,2.0253003505648087e-48,2.0253003505648087e-48,2.0253003505648087e-48,2.0253003505648087e-48,2.0253003505648087e-48,2.0253003505648087e-48,2.0253003505648087e-48,2.0253003505648087e-48,2.0253003505648087e-48,2.0253003505648087e-48,2.0253003505648087e-48,2.0253003505648087e-48,2.0253003505648087e-48,2.0253003505648087e-48,2.0253003505648087e-48,2.0253003505648087e-48,2.0253003505648087e-48,2.0253003505648087e-48,2.0253003505648087e-48,2.0253003505648087e-48,2.0253003505648087e-48,2.0253003505648087e-48,2.0253003505648087e-48,2.0253003505648087e-48,2.0253003505648087e-48,2.0253003505648087e-48,2.0253003505648087e-48,2.0253003505648087e-48,2.0253003505648087e-48,2.0253003505648087e-48,2.0253003505648087e-48,2.0253003505648087e-48,2.0253003505648087e-48,2.0253003505648087e-48,2.0253003505648087e-48,2.0253003505648087e-48,2.0253003505648087e-48,2.0253003505648087e-48,2.0253003505648087e-48,2.0253003505648087e-48,2.0253003505648087e-48,2.0253003505648087e-48,2.0253003505648087e-48,2.0253003505648087e-48,2.0253003505648087e-48,2.0253003505648087e-48,2.0253003505648087e-48,2.0253003505648087e-48,2.0253003505648087e-48,2.0253003505648087e-48,2.0253003505648087e-48,2.0253003505648087e-48,2.0253003505648087e-48,2.0253003505648087e-48,2.0253003505648087e-48,2.0253003505648087e-48,2.0253003505648087e-48,2.0253003505648087e-48,2.0253003505648087e-48,2.0253003505648087e-48,2.0253003505648087e-48,2.0253003505648087e-48,2.0253003505648087e-48,2.0253003505648087e-48,2.0253003505648087e-48,2.0253003505648087e-48,2.0253003505648087e-48,2.0253003505648087e-48,2.0253003505648087e-48,2.0253003505648087e-48,2.0253003505648087e-48,2.0253003505648087e-48,2.0253003505648087e-48,2.0253003505648087e-48,9.945446973041636e-10,1.6984748162338508e-09,2.2016059728228463e-09,2.566469116180862e-09,2.8365194234088137e-09,3.041902412427841e-09,3.203496209111081e-09,3.3357397355041654e-09,3.4486075291267534e-09,3.5489859362122803e-09,3.641630212364507e-09,3.729828817480299e-09,3.815863558420667e-09,3.901327689632705e-09,3.987345396290764e-09,4.0747229610763565e-09,4.164052711334951e-09,4.255784408555369e-09,4.350274243166281e-09,4.447818470631129e-09,4.548676544489412e-09,4.65308709515703e-09,4.761279055076497e-09,4.8734795115206745e-09,4.9899193761931715e-09,5.110837605601074e-09,5.236484493653012e-09,5.367124379225058e-09,5.503038014746908e-09,5.644524766846835e-09,5.791904769737046e-09,5.945521120942303e-09,6.1057421895077035e-09,6.272964092727569e-09,6.447613392200573e-09,6.630150054932261e-09,6.821070729716339e-09,7.020912383911674e-09,7.230256362087588e-09,7.449732921479766e-09,7.680026315715497e-09,7.921880507822387e-09,8.176105603549259e-09,8.443585112333037e-09,8.725284160895268e-09,9.022258807056747e-09,9.335666625301203e-09,9.666778768539757e-09,1.0016993747543553e-08,1.0387853213935683e-08,1.0781060088604098e-08,1.119849944884807e-08,1.1642262654370612e-08,1.2114675317797726e-08,1.2618329833213193e-08,1.3156123328442455e-08,1.3731302116500608e-08,1.4347513949024943e-08,1.5008869682299224e-08,1.572001636666713e-08,1.6486224231481387e-08,1.731349071039937e-08,1.8208665414243706e-08,1.9179601078221424e-08,2.023533682853953e-08,2.1386321981954202e-08,2.264469099194377e-08,2.402460340529544e-08,2.5542667077425385e-08,2.721846888165021e-08,2.9075245406718456e-08,3.114073763300871e-08,3.3448289816647797e-08,3.603827596298355e-08,3.895997078948395e-08,4.227403127243962e-08,4.60558281871047e-08,5.0399978213294775e-08,5.5426598770677475e-08,6.129007796627551e-08,6.819158694389242e-08,7.639727888229469e-08,8.626533220406769e-08,9.828711042841611e-08,1.1315151919890664e-07,1.3184875435459127e-07,1.558434829034424e-07,1.873757519947753e-07,2.3000874142992358e-07,2.8968171695133083e-07,3.7686895057942333e-07,5.113589472896839e-07,7.338467341354006e-07,1.1372202459132016e-06,1.9612996523668667e-06,3.905723961749142e-06,9.100287299867884e-06,1.7163141560464067e-05,1.7163141560593663e-05,1.7163141560653524e-05,1.716314156076786e-05,1.7163141569206327e-05,4.2596555209100324e-05,9.052738675410056e-05,0.00016375151599343893,0.0002614742732319126,0.0003898370793600561,0.0005802264472438475,0.0009230823720735066,0.0015522461721623525,0.002474196400629679,0.00359629536188337,0.004814514945936202,0.006047743405268237,0.0072436811832020335,0.008372214124549901,0.008372214098049013,0.008372214075485137,0.008372214060086682,0.008372214050276387,0.008372214044647627,0.008372214042217649,0.00837221404228286,0.0083722140443222,0.008372214047941095,0.008372214052836374,0.008372214058772514,0.008372214065564924,0.008372214073067725,0.00837221408116474,0.008372214089762776,0.008372214098786527,0.008372214108174713,0.008372214117877114,0.008372214127852304,0.008372214138065862,0.00837221414848901,0.008372214159097528,0.0083722141698709,0.008372214180791647,0.008372214191844774,0.008372214203017347,0.008372214214298162,0.008372214225677434,0.008372214237146597,0.008372214248698091,0.00837221426032524,0.008372214272022095,0.008372214283783345,0.008372214295604237,0.008372214307480488,0.008372214319408234,0.008372214331383961,0.008372214343404493,0.008372214355466916,0.008372214367568574,0.00837221437970703,0.00837221439188005,0.008372214404085575,0.008372214416321702,0.008372214428586659,0.008372214440878831,0.008372214453196691,0.008372214465538841,0.008372214477903966,0.00837221449029084,0.008372214502698325,0.00837221451512535,0.008372214527570915,0.008372214540034078,0.008372214552513968,0.008372214565009747,0.00837221457752064,0.008372214590045913,0.008372214602584879,0.008372214615136885,0.008372214627701309,0.008372214640277572,0.008372214652865128,0.008372214665463453,0.008372214678072051,0.008372214690690456,0.008372214703318224,0.008372214715954935,0.008372214728600186,0.008372214741253601,0.008372214753914812,0.008372214766583482,0.008372214779259273,0.008372214791941883,0.008372214804631005,0.008372214817326364,0.008372214830027681,0.008372214842734699,0.008372214855447169,0.008372214868164857,0.008372214880887543,0.008372214893614999,0.008372214906347021,0.008372214919083418,0.008372214931823994,0.008372214944568565,0.008372214957316963,0.00837221497006901,0.008372214982824559,0.008372214995583443,0.008372215008345524,0.00837221502111065,0.008372215033878696,0.00837221504664952,0.008372215059422997,0.008372215072199008,0.00837221508497744,0.008372215097758175,0.008372215110541108,0.008372215123326128,0.008372215136113139,0.008372215148902042,0.008372215161692748,0.008372215174485161,0.008372215187279207,0.00837221520007478,0.008372215212871818,0.008372215225670233,0.008372215238469951,0.008372215251270907,0.008372215264073017,0.008372215276876224,0.008372215289680456,0.008372215302485652,0.008372215315291752,0.008372215328098691,0.008372215340906418,0.008372215353714872,0.008372215366524001,0.008372215379333752,0.00837221539214408,0.008372215404954931,0.008372215417766256,0.008372215430578011,0.008372215443390153,0.008372215456202637,0.008372215469015423,0.008372215481828465,0.008372215494641736,0.00837221550745519,0.00837221552026879,0.008372215533082502,0.008372215545896289,0.008372215558710119,0.008372215571523955,0.008372215584337778,0.008372215597151546,0.008372215609965228,0.008372215622778796,0.008372215635592232,0.008372215648405497,0.008372215661218572,0.008372215674031428,0.008372215686844037,0.00837221569965638,0.008372215712468436,0.00837221572528017,0.008372215738091571,0.00837221575090261,0.00837221576371327,0.00837221577652353,0.008372215789333374,0.00837221580214278,0.008372215814951725,0.008372215827760194,0.008372215840568171,0.008372215853375635,0.00837221586618257,0.008372215878988966,0.008372215891794802,0.008372215904600062,0.008372215917404733,0.008372215930208798,0.008372215943012244,0.008372215955815058,0.008372215968617225,0.008372215981418744,0.008372215994219582,0.00837221600701974,0.008372216019819202,0.008372216032617955,0.008372216045415989,0.008372216058213299,0.008372216071009865,0.008372216083805681,0.008372216096600738,0.008372216109395026,0.008372216122188535,0.008372216134981252,0.008372216147773172,0.008372216160564291,0.00837221617335459,0.008372216186144065,0.008372216198932714,0.008372216211720521,0.00837221622450748,0.008372216237293586,0.008372216250078834,0.008372216262863216,0.008372216275646716,0.00837221628842934,0.008372216301211075,0.008372216313991918,0.008372216326771861,0.008372216339550901,0.00837221635232903,0.008372216365106242,0.008372216377882526,0.008372216390657893,0.008372216403432322,0.008372216416205818,0.008372216428978372,0.008372216441749986,0.008372216454520642,0.008372216467290349,0.008372216480059097,0.008372216492826884,0.0083722165055937,0.008372216518359553,0.008372216531124427,0.008372216543888332,0.008372216556651244,0.008372216569413183,0.008372216582174137,0.008372216594934097,0.00837221660769307,0.008372216620451048,0.008372216633208023,0.008372216645963996,0.008372216658718967,0.008372216671472938,0.008372216684225898,0.00837221669697785,0.008372216709728795,0.008372216722478721,0.00837221673522763,0.008372216747975527,0.008372216760722404,0.00837221677346826,0.008372216786213091,0.0083722167989569,0.008372216811699676,0.008372216824441432,0.008372216837182157,0.008372216849921855,0.008372216862660526,0.008372216875398157,0.008372216888134762,0.008372216900870333,0.008372216913604865,0.008372216926338364,0.008372216939070826,0.008372216951802252,0.008372216964532641,0.00837221697726199,0.008372216989990305,0.008372217002717576,0.00837221701544381,0.008372217028169005,0.008372217040893158,0.008372217053616269,0.008372217066338337,0.008372217079059363,0.008372217091779354,0.008372217104498302,0.008372217117216203,0.008372217129933067,0.008372217142648887,0.008372217155363671,0.008372217168077407,0.008372217180790101,0.008372217193501766,0.008372217206212383,0.008372217218921956,0.008372217231630492,0.008372217244337992,0.00837221725704445,0.008372217269749864,0.008372217282454245,0.008372217295157584,0.008372217307859886,0.00837221732056115,0.008372217333261385,0.008372217345960576,0.008372217358658736,0.008372217371355857,0.008372217384051946,0.008372217396747005,0.008372217409441027,0.008372217422134022,0.008372217434825982,0.008372217447516912,0.008372217460206817,0.008372217472895689,0.008372217485583542,0.008372217498270359,0.008372217510956155,0.008372217523640925,0.008372217536324673,0.008372217549007395,0.008372217561689098,0.008372217574369779,0.008372217587049443,0.008372217599728084,0.008372217612405716,0.008372217625082324,0.008372217637757924,0.008372217650432504,0.008372217663106076,0.008372217675778636,0.00837221768845019,0.008372217701120729,0.008372217713790263,0.00837221772645879,0.00837221773912631,0.00837221775179283,0.008372217764458349,0.008372217777122866,0.008372217789786382,0.008372217802448902,0.008372217815110421,0.008372217827770949,0.008372217840430482,0.008372217853089019,0.008372217865746566,0.008372217878403128,0.0083722178910587,0.00837221790371328,0.008372217916366885,0.008372217929019501,0.008372217941671135,0.00837221795432179,0.008372217966971462,0.008372217979620159,0.008372217992267878,0.008372218004914628,0.008372218017560398,0.008372218030205197,0.008372218042849027,0.00837221805549189,0.008372218068133791,0.008372218080774723,0.008372218093414697,0.008372218106053706,0.008372218118691753,0.008372218131328846,0.00837221814396498,0.008372218156600154,0.008372218169234384,0.008372218181867659,0.008372218194499981,0.008372218207131358,0.008372218219761786,0.00837221823239127,0.008372218245019812,0.008372218257647411,0.008372218270274071,0.008372218282899791,0.008372218295524581,0.008372218308148433,0.008372218320771353,0.008372218333393343,0.008372218346014402,0.008372218358634534,0.00837221837125374,0.008372218383872025,0.008372218396489389,0.008372218409105832,0.008372218421721351,0.008372218434335957,0.008372218446949652,0.008372218459562429,0.008372218472174297,0.008372218484785254,0.008372218497395301,0.008372218510004446,0.008372218522612688,0.008372218535220022,0.008372218547826462,0.008372218560431998,0.008372218573036638,0.008372218585640384,0.008372218598243235,0.008372218610845198,0.008372218623446271,0.008372218636046458,0.008372218648645754,0.008372218661244175,0.008372218673841709,0.008372218686438363,0.008372218699034139,0.00837221871162904,0.008372218724223068,0.00837221873681622,0.008372218749408498,0.00837221876199991,0.008372218774590458,0.008372218787180138,0.008372218799768955,0.008372218812356913,0.008372218824944004,0.008372218837530244,0.008372218850115626,0.008372218862700157,0.00837221887528383,0.00837221888786666,0.008372218900448637,0.00837221891302977,0.008372218925610056,0.008372218938189502,0.008372218950768106,0.008372218963345864,0.008372218975922791,0.008372218988498882,0.00837221900107414,0.008372219013648565,0.008372219026222162,0.008372219038794933,0.008372219051366871,0.008372219063937992,0.008372219076508291,0.008372219089077763,0.008372219101646424,0.008372219114214263,0.008372219126781285,0.0083722191393475,0.008372219151912903,0.008372219164477496,0.008372219177041283,0.008372219189604263,0.008372219202166438,0.008372219214727814,0.008372219227288388,0.008372219239848171,0.008372219252407154,0.008372219264965345,0.008372219277522745,0.008372219290079348,0.008372219302635165,0.008372219315190195,0.008372219327744441,0.008372219340297905,0.008372219352850587,0.00837221936540249,0.008372219377953617,0.008372219390503963,0.00837221940305354,0.008372219415602348,0.008372219428150382,0.008372219440697654,0.008372219453244152,0.008372219465789891,0.008372219478334863,0.008372219490879079,0.00837221950342253,0.008372219515965233,0.008372219528507176,0.008372219541048366,0.008372219553588803,0.008372219566128491,0.008372219578667434,0.008372219591205632,0.00837221960374308,0.00837221961627979,0.008372219628815758,0.008372219641350988,0.008372219653885482,0.008372219666419241,0.008372219678952268,0.008372219691484563,0.008372219704016127,0.008372219716546968,0.008372219729077078,0.00837221974160646,0.008372219754135133,0.008372219766663077,0.008372219779190306,0.008372219791716814,0.00837221980424261,0.008372219816767692,0.008372219829292064,0.008372219841815725,0.00837221985433868,0.008372219866860932,0.008372219879382475,0.008372219891903317,0.00837221990442346,0.008372219916942904,0.008372219929461648,0.0083722199419797,0.00837221995449706,0.008372219967013721,0.008372219979529699,0.008372219992044985,0.008372220004559583,0.008372220017073502,0.008372220029586739,0.008372220042099292,0.008372220054611168,0.008372220067122363,0.008372220079632883,0.00837222009214273,0.008372220104651907,0.008372220117160411,0.008372220129668246,0.008372220142175415,0.008372220154681921,0.008372220167187758,0.008372220179692939,0.008372220192197459,0.00837222020470132,0.008372220217204527,0.008372220229707076,0.008372220242208971,0.008372220254710216,0.008372220267210812,0.00837222027971076,0.00837222029221006,0.008372220304708716,0.008372220317206731,0.008372220329704104,0.008372220342200837,0.008372220354696933,0.008372220367192394,0.008372220379687219,0.008372220392181419,0.00837222040467498,0.008372220417167916,0.00837222042966022,0.008372220442151907,0.00837222045464296,0.008372220467133398,0.00837222047962321,0.008372220492112404,0.008372220504600984,0.00837222051708895,0.008372220529576296,0.008372220542063031,0.008372220554549158,0.008372220567034681,0.008372220579519588,0.00837222059200389,0.008372220604487595,0.008372220616970693,0.00837222062945319,0.008372220641935092,0.008372220654416392,0.008372220666897098,0.00837222067937721,0.00837222069185673,0.00837222070433566,0.008372220716814002,0.008372220729291755,0.008372220741768922,0.008372220754245504,0.008372220766721502,0.008372220779196924,0.008372220791671763,0.008372220804146025,0.008372220816619707,0.00837222082909282,0.008372220841565359,0.008372220854037328,0.008372220866508726,0.00837222087897955,0.008372220891449815,0.008372220903919512,0.008372220916388647,0.00837222092885722,0.008372220941325236,0.00837222095379269,0.008372220966259588,0.00837222097872593,0.00837222099119172,0.008372221003656954,0.008372221016121645,0.008372221028585779,0.00837222104104937,0.00837222105351241,0.008372221065974909,0.008372221078436867,0.008372221090898285,0.008372221103359162,0.008372221115819499,0.008372221128279301,0.008372221140738568,0.0083722211531973,0.008372221165655502,0.008372221178113174,0.008372221190570314,0.008372221203026928,0.008372221215483014,0.008372221227938579,0.00837222124039362,0.008372221252848139,0.008372221265302142,0.008372221277755625,0.008372221290208592,0.008372221302661045,0.008372221315112983,0.008372221327564409,0.008372221340015322,0.008372221352465726,0.00837222136491563,0.008372221377365015,0.008372221389813904,0.008372221402262289,0.00837222141471017,0.008372221427157553,0.008372221439604437,0.008372221452050825,0.008372221464496718,0.008372221476942113,0.008372221489387016,0.00837222150183143,0.008372221514275356,0.008372221526718793,0.008372221539161739,0.0083722215516042,0.008372221564046182,0.008372221576487681,0.008372221588928697,0.008372221601369233,0.00837222161380929,0.008372221626248871,0.00837222163868798,0.00837222165112661,0.00837222166356477,0.008372221676002458,0.008372221688439678,0.008372221700876432,0.008372221713312719,0.008372221725748542,0.008372221738183897,0.008372221750618792,0.008372221763053226,0.008372221775487203,0.008372221787920716,0.008372221800353777,0.008372221812786382,0.008372221825218533,0.008372221837650235,0.008372221850081484,0.008372221862512278,0.008372221874942631,0.008372221887372537,0.008372221899801996,0.008372221912231009,0.008372221924659579,0.00837222193708771,0.008372221949515405,0.008372221961942655,0.008372221974369473,0.008372221986795849,0.008372221999221795,0.00837222201164731,0.008372222024072389,0.008372222036497038,0.00837222204892126,0.008372222061345056,0.008372222073768422,0.008372222086191362,0.008372222098613883,0.008372222111035972,0.008372222123457652,0.008372222135878913,0.008372222148299755,0.008372222160720177,0.008372222173140185,0.008372222185559778,0.008372222197978958,0.00837222221039773,0.00837222222281609,0.008372222235234046,0.008372222247651589,0.008372222260068733,0.008372222272485463,0.008372222284901797,0.008372222297317728,0.008372222309733255,0.008372222322148386,0.00837222233456312,0.008372222346977458,0.008372222359391397,0.008372222371804943,0.008372222384218093,0.008372222396630859,0.008372222409043228,0.008372222421455211,0.008372222433866806,0.008372222446278013,0.008372222458688842,0.008372222471099283,0.00837222248350934,0.008372222495919018,0.008372222508328316,0.008372222520737231,0.008372222533145771,0.008372222545553934,0.008372222557961726,0.008372222570369145,0.008372222582776187,0.008372222595182858,0.008372222607589163,0.008372222619995102,0.00837222263240067,0.008372222644805874,0.00837222265721071,0.008372222669615187,0.008372222682019297,0.008372222694423052,0.008372222706826443,0.008372222719229473,0.008372222731632153,0.008372222744034477,0.008372222756436445,0.008372222768838054,0.008372222781239315,0.008372222793640222,0.008372222806040783,0.00837222281844099,0.008372222830840855,0.008372222843240374,0.008372222855639544,0.008372222868038374,0.008372222880436857,0.008372222892835002,0.008372222905232813,0.008372222917630278,0.008372222930027403,0.008372222942424191,0.008372222954820648,0.008372222967216769,0.008372222979612558,0.008372222992008016,0.008372223004403146,0.00837222301679794,0.008372223029192416,0.008372223041586559,0.008372223053980377,0.008372223066373871,0.008372223078767043,0.008372223091159894,0.008372223103552422,0.008372223115944629,0.008372223128336515,0.008372223140728089,0.008372223153119345,0.008372223165510286,0.008372223177900914,0.008372223190291225,0.008372223202681224,0.008372223215070916,0.008372223227460297,0.00837222323984937,0.008372223252238136,0.008372223264626598,0.008372223277014753,0.008372223289402608,0.00837222330179016,0.008372223314177413,0.008372223326564359,0.00837222333895101,0.008372223351337364,0.00837222336372342,0.00837222337610918,0.008372223388494646,0.008372223400879819,0.008372223413264704,0.008372223425649292,0.008372223438033592,0.008372223450417602,0.008372223462801328,0.008372223475184765,0.008372223487567913,0.00837222349995078,0.008372223512333363,0.008372223524715667,0.008372223537097687,0.008372223549479429,0.008372223561860891,0.008372223574242072,0.008372223586622984,0.008372223599003616,0.008372223611383975,0.008372223623764063,0.008372223636143874,0.008372223648523419,0.008372223660902688,0.00837222367328169,0.008372223685660428,0.008372223698038894,0.008372223710417098,0.008372223722795034,0.008372223735172707,0.00837222374755012,0.008372223759927267,0.00837222377230416,0.00837222378468079,0.008372223797057165,0.008372223809433282,0.008372223821809143,0.008372223834184749,0.008372223846560098,0.008372223858935197,0.008372223871310043,0.008372223883684643,0.008372223896058989,0.008372223908433089,0.00837222392080694,0.008372223933180536,0.008372223945553894,0.008372223957927012,0.008372223970299882,0.008372223982672511,0.008372223995044899,0.008372224007417045,0.008372224019788953,0.00837222403216062,0.00837222404453205,0.00837222405690325,0.008372224069274209,0.008372224081644938,0.008372224094015432,0.008372224106385693,0.008372224118755725,0.008372224131125528,0.008372224143495099,0.008372224155864444,0.00837222416823356,0.008372224180602454,0.00837222419297112,0.008372224205339559,0.008372224217707778,0.008372224230075777,0.00837222424244356,0.008372224254811114,0.008372224267178447,0.008372224279545568,0.008372224291912476,0.008372224304279164,0.008372224316645638,0.008372224329011904,0.008372224341377956,0.008372224353743792,0.008372224366109415,0.008372224378474827,0.008372224390840037,0.00837222440320503,0.00837222441556982,0.008372224427934404,0.008372224440298781,0.008372224452662957,0.008372224465026926,0.008372224477390697,0.008372224489754264,0.008372224502117635,0.008372224514480806,0.008372224526843776,0.008372224539206554,0.008372224551569128,0.00837222456393151,0.0083722245762937,0.008372224588655691,0.008372224601017494,0.008372224613379105,0.008372224625740525,0.008372224638101758,0.008372224650462804,0.008372224662823655,0.008372224675184326,0.008372224687544803,0.0083722246999051,0.008372224712265217,0.00837222472462515,0.0083722247369849,0.008372224749344468,0.008372224761703854,0.008372224774063065,0.008372224786422095,0.008372224798780945,0.008372224811139622,0.008372224823498121,0.008372224835856448,0.0083722248482146,0.00837222486057258,0.00837222487293039,0.008372224885288024,0.008372224897645497,0.008372224910002791,0.008372224922359924,0.008372224934716887,0.008372224947073681,0.008372224959430316,0.008372224959403386,0.008372224959376442,0.00837222495934952,0.008372224959322617,0.00837222495929574,0.00837222495926889,0.008372224959242065,0.008372224959215266,0.00837222495918849,0.008372224959161735,0.00837222495913501,0.00837222495910831,0.008372224959081636,0.00837222495905498,0.008372224959028354,0.008372224959001754,0.008372224958975178,0.008372224958948626,0.008372224958922099,0.008372224958895598,0.008372224958869119,0.008372224958842664,0.008372224958816236,0.008372224958789837,0.008372224958763459,0.0083722249587371,0.008372224958710768,0.008372224958684464,0.008372224958658182,0.008372224958631925,0.008372224958605692,0.008372224958579479,0.00837222495855329,0.00837222495852713,0.008372224958500993,0.00837222495847488,0.008372224958448785,0.008372224958422726,0.008372224958396684,0.008372224958370665,0.008372224958344675,0.008372224958318703,0.008372224958292755,0.008372224958266831,0.008372224958240932,0.008372224958215057,0.008372224958189204,0.008372224958163378,0.008372224958137574,0.00837222495811179,0.008372224958086033,0.0083722249580603,0.008372224958034588,0.008372224958008895,0.008372224957983228,0.008372224957957586,0.008372224957931962,0.008372224957906366,0.008372224957880793,0.008372224957855242,0.00837222495782971,0.008372224957804209,0.008372224957778727,0.008372224957753267,0.008372224957727827,0.008372224957702413,0.008372224957677022,0.008372224957651652,0.0083722249576263,0.008372224957600977,0.008372224957575678,0.008372224957550394,0.008372224957525144,0.008372224957499907,0.00837222495747469,0.0083722249574495,0.008372224957424334,0.008372224957399189,0.008372224957374066,0.00837222495734897,0.008372224957323884,0.008372224957298825,0.008372224957273789,0.008372224957248773,0.008372224957223784,0.008372224957198809,0.00837222495717386,0.008372224957148934,0.008372224957124034,0.008372224957099146,0.008372224957074285,0.008372224957049448,0.008372224957024626,0.00837222495699983,0.008372224956975056,0.0083722249569503,0.008372224956925566,0.008372224956900851,0.00837222495687616,0.008372224956851495,0.008372224956826844,0.008372224956802218,0.008372224956777606,0.00837222495675302,0.00837222495672846,0.008372224956703919,0.008372224956679398,0.008372224956654897,0.008372224956630418,0.008372224956605964,0.008372224956581525,0.008372224956557104,0.00837222495653271,0.00837222495650833,0.008372224956483976,0.008372224956459638,0.008372224956435319,0.00837222495641103,0.008372224956386756,0.008372224956362504,0.008372224956338275,0.008372224956314064,0.008372224956289873,0.008372224956265703,0.008372224956241557,0.008372224956217427,0.008372224956193318,0.00837222495616923,0.00837222495614516,0.008372224956121107,0.008372224956097083,0.008372224956073072,0.00837222495604909,0.008372224956025123,0.00837222495600117,0.008372224955977257,0.008372224955953342,0.008372224955929453,0.008372224955905583,0.00837222495588173,0.008372224955857911,0.008372224955834092,0.008372224955810316,0.008372224955786541,0.008372224955762793,0.008372224955739065,0.00837222495571535,0.008372224955691659,0.008372224955667988,0.008372224955644339,0.0083722249556207,0.008372224955597085,0.008372224955573493,0.008372224955549918,0.008372224955526359,0.008372224955502822,0.008372224955479308,0.008372224955455808,0.00837222495543233,0.00837222495540886,0.008372224955385423,0.008372224955361999,0.008372224955338594,0.008372224955315208,0.008372224955291841,0.008372224955268496,0.00837222495524517,0.008372224955221861,0.008372224955198569,0.008372224955175301,0.008372224955152049,0.008372224955128814,0.008372224955105602,0.008372224955082405,0.008372224955059227,0.008372224955036067,0.008372224955012927,0.008372224954989804,0.008372224954966699,0.00837222495494361,0.008372224954920538,0.008372224954897494,0.008372224954874457,0.008372224954851447,0.008372224954828455,0.00837222495480548,0.008372224954782527,0.008372224954759585,0.008372224954736664,0.008372224954713762,0.008372224954690881,0.008372224954668014,0.008372224954645168,0.008372224954622337,0.00837222495459952,0.008372224954576735,0.008372224954553954,0.008372224954531195,0.008372224954508458,0.008372224954485736,0.008372224954463034,0.008372224954440352,0.008372224954417683,0.008372224954395036,0.008372224954372403,0.008372224954349791,0.008372224954327195,0.008372224954304614,0.008372224954282059,0.00837222495425951,0.008372224954236984,0.008372224954214476,0.008372224954191983,0.00837222495416951,0.008372224954147054,0.008372224954124612,0.008372224954102187,0.008372224954079781,0.008372224954057395,0.008372224954035024,0.008372224954012674,0.008372224953990332,0.008372224953968012,0.00837222495394571,0.008372224953923433,0.008372224953901162,0.008372224953878911,0.008372224953856675,0.008372224953834455,0.008372224953812261,0.008372224953790083,0.008372224953767918,0.00837222495374577,0.00837222495372364,0.008372224953701525,0.008372224953679432,0.008372224953657352,0.008372224953635292,0.008372224953613247,0.008372224953591209,0.008372224953569199,0.008372224953547204,0.008372224953525222,0.008372224953503263,0.008372224953481314,0.008372224953459384,0.008372224953437469,0.008372224953415575,0.008372224953393691,0.00837222495337183,0.008372224953349982,0.008372224953328152,0.008372224953306341,0.008372224953284537,0.008372224953262758,0.008372224953240989,0.008372224953219239,0.00837222495319751,0.008372224953175788,0.008372224953154088,0.008372224953132402,0.008372224953110737,0.008372224953089088,0.00837222495306745,0.00837222495304583,0.008372224953024223,0.008372224953002638,0.008372224952981067,0.008372224952959507,0.008372224952937973,0.008372224952916448,0.00837222495289494,0.008372224952873444,0.008372224952851968,0.008372224952830505,0.00837222495280906,0.008372224952787631,0.008372224952766218,0.008372224952744822,0.00837222495272344,0.00837222495270207,0.008372224952680717,0.008372224952659385,0.008372224952638065,0.008372224952616766,0.008372224952595474,0.008372224952574206,0.008372224952552947,0.008372224952531704,0.008372224952510483,0.008372224952489267,0.008372224952468074,0.008372224952446895,0.008372224952425735,0.008372224952404582,0.008372224952383451,0.00837222495236233,0.008372224952341224,0.008372224952320137,0.008372224952299067,0.008372224952278011,0.008372224952256969,0.00837222495223594,0.00837222495221493,0.008372224952193932,0.00837222495217295,0.008372224952151987,0.008372224952131033,0.0083722249521101,0.008372224952089176,0.00837222495206827,0.008372224952047381,0.008372224952026502,0.008372224952005642,0.008372224951984798,0.008372224951963969,0.008372224951943149,0.00837222495192235,0.008372224951901559,0.00837222495188079,0.00837222495186003,0.00837222495183929,0.008372224951818564,0.00837222495179785,0.008372224951777151,0.008372224951756468,0.0083722249517358,0.008372224951715147,0.008372224951694507,0.008372224951673883,0.008372224951653271,0.008372224951632675,0.008372224951612094,0.008372224951591527,0.008372224951570976,0.008372224951550437,0.008372224951529911,0.008372224951509404,0.008372224951488908,0.008372224951468424,0.008372224951447961,0.008372224951427506,0.00837222495140707,0.008372224951386646,0.008372224951366239,0.00837222495134584,0.008372224951325462,0.008372224951305093,0.008372224951284741,0.008372224951264402,0.008372224951244078,0.008372224951223766,0.008372224951203468,0.008372224951183187,0.008372224951162917,0.008372224951142664,0.008372224951122423,0.008372224951102198,0.008372224951081985,0.008372224951061786,0.0083722249510416,0.008372224951021428,0.00837222495100127,0.00837222495098113,0.008372224950961,0.008372224950940886,0.008372224950920784,0.0083722249509007,0.008372224950880622,0.008372224950860563,0.008372224950840515,0.008372224950820482,0.008372224950800465,0.008372224950780459,0.008372224950760464,0.008372224950740493,0.00837222495072053,0.00837222495070058,0.008372224950680643,0.00837222495066072,0.008372224950640812,0.008372224950620915,0.00837222495060103,0.00837222495058116,0.008372224950561304,0.00837222495054146,0.008372224950521636,0.008372224950501822,0.008372224950482019,0.008372224950462234,0.008372224950442457,0.008372224950422695,0.008372224950402947,0.008372224950383212,0.00837222495036349,0.008372224950343784,0.008372224950324088,0.008372224950304406,0.008372224950284739,0.008372224950265083,0.008372224950245437,0.00837222495022581,0.008372224950206193,0.008372224950186588,0.008372224950166996,0.00837222495014742,0.008372224950127858,0.008372224950108306,0.008372224950088766,0.00837222495006924,0.008372224950049724,0.008372224950030226,0.008372224950010734,0.008372224949991265,0.0083722249499718,0.008372224949952352,0.008372224949932916,0.008372224949913491,0.008372224949894083,0.008372224949874689,0.008372224949855305,0.008372224949835937,0.008372224949816575,0.00837222494979724,0.008372224949777905,0.008372224949758587,0.008372224949739283,0.008372224949719986,0.008372224949700701,0.008372224949681433,0.008372224949662171,0.00837222494964293,0.008372224949623695,0.008372224949604478,0.008372224949585269,0.008372224949566078,0.0083722249495469,0.008372224949527732,0.008372224949508575,0.008372224949489427,0.008372224949470295,0.008372224949451173,0.008372224949432065,0.00837222494941297,0.008372224949393891,0.008372224949374821,0.008372224949355765,0.008372224949336718,0.008372224949317683,0.00837222494929866,0.008372224949279652,0.008372224949260659,0.008372224949241672,0.0083722249492227,0.008372224949203743,0.008372224949184798,0.00837222494916586,0.00837222494914694,0.008372224949128027,0.00837222494910913,0.008372224949090243,0.008372224949071371,0.008372224949052508,0.008372224949033657,0.008372224949014817,0.008372224948995992,0.008372224948977176,0.008372224948958373,0.008372224948939582,0.008372224948920806,0.008372224948902038,0.008372224948883285,0.008372224948864544,0.00837222494884581,0.00837222494882709,0.008372224948808389,0.008372224948789694,0.00837222494877101,0.008372224948752343,0.008372224948733681,0.008372224948715033,0.008372224948696395,0.008372224948677773,0.008372224948659157,0.008372224948640556,0.00837222494862197,0.008372224948603391,0.008372224948584825,0.00837222494856627,0.00837222494854773,0.008372224948529199,0.008372224948510679,0.008372224948492175,0.008372224948473672,0.008372224948455189,0.008372224948436717,0.008372224948418255,0.008372224948399804,0.008372224948381366,0.008372224948362938,0.008372224948344524,0.008372224948326118,0.008372224948307723,0.00837222494828934,0.008372224948270977,0.008372224948252618,0.008372224948234273,0.008372224948215944,0.008372224948197608,0.008372224948179298,0.008372224948160993,0.008372224948142704,0.008372224948124427,0.00837222494810616,0.008372224948087906,0.008372224948069665,0.00837222494805143,0.008372224948033205,0.008372224948014996,0.008372224947996797,0.008372224947978608,0.008372224947960428,0.008372224947942262,0.00837222494792411,0.008372224947905965,0.00837222494788783,0.008372224947869707,0.008372224947851599,0.0083722249478335,0.008372224947815412,0.008372224947797333,0.008372224947779268,0.00837222494776121,0.008372224947743168,0.008372224947725136,0.008372224947707115,0.008372224947689104,0.008372224947671106,0.008372224947653113,0.008372224947635133,0.008372224947617166,0.008372224947599208,0.008372224947581261,0.008372224947563326,0.008372224947545403,0.008372224947527492,0.008372224947509587,0.008372224947491696,0.008372224947473812,0.008372224947455945,0.008372224947438082,0.008372224947420235,0.008372224947402399,0.008372224947384573,0.008372224947366759,0.008372224947348952,0.008372224947331154,0.008372224947313373,0.008372224947295594,0.008372224947277835,0.00837222494726008,0.00837222494724234,0.008372224947224607,0.008372224947206887,0.008372224947189175,0.00837222494717148,0.008372224947153787,0.008372224947136108,0.008372224947118442,0.00837222494710078,0.008372224947083139,0.0083722249470655,0.008372224947047868,0.008372224947030257,0.008372224947012652,0.008372224946995058,0.008372224946977473,0.008372224946959904,0.008372224946942335,0.008372224946924784,0.008372224946907238,0.00837222494688971,0.008372224946872188,0.008372224946854674,0.008372224946837164,0.008372224946819672,0.008372224946802193,0.008372224946784723,0.008372224946767263,0.008372224946749818,0.008372224946732378,0.008372224946714945,0.008372224946697525,0.00837222494668012,0.008372224946662718,0.008372224946645333,0.008372224946627952,0.008372224946610584,0.00837222494659323,0.008372224946575883,0.008372224946558537,0.008372224946541221,0.008372224946523902,0.008372224946506596,0.008372224946489298,0.00837222494647201,0.008372224946454733,0.008372224946437462,0.008372224946420207,0.008372224946402955,0.008372224946385726,0.0083722249463685,0.008372224946351281,0.008372224946334075,0.008372224946316875,0.008372224946299685,0.008372224946282508,0.008372224946265341,0.008372224946248185,0.008372224946231039,0.008372224946213902,0.008372224946196771,0.008372224946179653,0.008372224946162547,0.008372224946145446,0.008372224946128356,0.008372224946111277,0.008372224946094207,0.008372224946077153,0.008372224946060105,0.008372224946043063,0.008372224946026033,0.008372224946009012,0.008372224945992001,0.008372224945975004,0.008372224945958013,0.008372224945941031,0.008372224945924059,0.0083722249459071,0.008372224945890148,0.008372224945873204,0.008372224945856275,0.00837222494583935,0.008372224945822432,0.008372224945805529,0.008372224945788634,0.008372224945771752,0.008372224945754875,0.008372224945738005,0.008372224945721147,0.008372224945704299,0.008372224945687463,0.008372224945670635,0.008372224945653817,0.008372224945637007,0.008372224945620212,0.00837222494560342,0.008372224945586636,0.008372224945569865,0.0083722249455531,0.008372224945536346,0.008372224945519603,0.008372224945502873,0.008372224945486149,0.008372224945469436,0.00837222494545273,0.008372224945436033,0.008372224945419346,0.00837222494540267,0.008372224945386001,0.008372224945369338,0.008372224945352691,0.008372224945336052,0.008372224945319421,0.008372224945302795,0.008372224945286185,0.008372224945269582,0.008372224945252986,0.008372224945236399,0.008372224945219825,0.008372224945203255,0.008372224945186699,0.008372224945170152,0.008372224945153613,0.008372224945137088,0.008372224945120566,0.008372224945104055,0.008372224945087547,0.00837222494507106,0.008372224945054572,0.008372224945038097,0.008372224945021635,0.008372224945005176,0.008372224944988729,0.008372224944972289,0.008372224944955863,0.008372224944939438,0.008372224944923031,0.008372224944906624,0.008372224944890235,0.008372224944873849,0.008372224944857473,0.008372224944841102,0.008372224944824749,0.0083722249448084,0.00837222494479206,0.008372224944775727,0.008372224944759402,0.00837222494474309,0.008372224944726787,0.008372224944710491,0.008372224944694206,0.008372224944677925,0.008372224944661657,0.008372224944645396,0.00837222494462915,0.008372224944612906,0.008372224944596674,0.008372224944580448,0.00837222494456423,0.008372224944548019,0.008372224944531825,0.008372224944515637,0.008372224944499457,0.008372224944483284,0.008372224944467122,0.00837222494445097,0.008372224944434823,0.008372224944418685,0.008372224944402562,0.00837222494438644,0.00837222494437033,0.008372224944354228,0.008372224944338133,0.008372224944322045,0.008372224944305971,0.008372224944289903,0.008372224944273846,0.008372224944257793,0.008372224944241754,0.00837222494422572,0.008372224944209696,0.008372224944193679,0.008372224944177668,0.00837222494416167,0.008372224944145685,0.0083722249441297,0.008372224944113727,0.008372224944097761,0.008372224944081809,0.008372224944065856,0.008372224944049919,0.008372224944033986,0.008372224944018063,0.008372224944002147,0.008372224943986241,0.008372224943970346,0.008372224943954456,0.00837222494393858,0.008372224943922705,0.008372224943906846,0.008372224943890989,0.00837222494387514,0.008372224943859304,0.008372224943843475,0.008372224943827652,0.008372224943811839,0.008372224943796032,0.008372224943780239,0.008372224943764446,0.008372224943748665,0.008372224943732895,0.008372224943717133,0.008372224943701377,0.008372224943685629,0.008372224943669895,0.008372224943654163,0.008372224943638441,0.008372224943622724,0.008372224943607022,0.008372224943591324,0.008372224943575632,0.008372224943559953,0.008372224943544277,0.008372224943528614,0.008372224943512955,0.008372224943497306,0.008372224943481665,0.008372224943466034,0.00837222494345041,0.008372224943434791,0.00837222494341919,0.008372224943403585,0.008372224943387995,0.00837222494337241,0.00837222494335684,0.00837222494334127,0.00837222494332571,0.008372224943310162,0.008372224943294619,0.008372224943279083,0.008372224943263557,0.008372224943248036,0.008372224943232524,0.008372224943217023,0.008372224943201527,0.008372224943186042,0.008372224943170564,0.008372224943155092,0.008372224943139632,0.008372224943124172,0.008372224943108726,0.008372224943093285,0.008372224943077855,0.00837222494306243,0.008372224943047013,0.008372224943031605,0.008372224943016206,0.00837222494300081,0.00837222494298543,0.008372224942970057,0.008372224942954684,0.008372224942939327,0.008372224942923976,0.008372224942908632,0.008372224942893292,0.008372224942877966,0.008372224942862648,0.008372224942847336,0.008372224942832032,0.008372224942816735,0.008372224942801442,0.008372224942786164,0.008372224942770894,0.008372224942755623,0.008372224942740364,0.008372224942725113,0.008372224942709868,0.008372224942694635,0.008372224942679406,0.008372224942664187,0.00837222494264897,0.00837222494263377,0.008372224942618568,0.008372224942603382,0.0083722249425882,0.008372224942573024,0.008372224942557856,0.008372224942542696,0.008372224942527543,0.0083722249425124,0.008372224942497267,0.008372224942482133,0.008372224942467012,0.0083722249424519,0.008372224942436796,0.0083722249424217,0.008372224942406612,0.00837222494239153,0.008372224942376452,0.00837222494236139,0.008372224942346325,0.008372224942331273,0.00837222494231623,0.008372224942301193,0.008372224942286162,0.008372224942271139,0.008372224942256127,0.008372224942241121,0.00837222494222612,0.008372224942211128,0.008372224942196143,0.008372224942181164,0.008372224942166195,0.008372224942151231,0.008372224942136276,0.00837222494212133,0.008372224942106387,0.008372224942091454,0.00837222494207653,0.00837222494206161,0.008372224942046697,0.008372224942031797,0.0083722249420169,0.008372224942002009,0.00837222494198713,0.008372224941972251,0.00837222494195739,0.00837222494194253,0.008372224941927678,0.008372224941912835,0.008372224941897993,0.008372224941883165,0.008372224941868341,0.008372224941853525,0.008372224941838717,0.008372224941823915,0.008372224941809125,0.008372224941794338,0.008372224941779558,0.008372224941764784,0.008372224941750023,0.008372224941735262,0.008372224941720508,0.008372224941705766,0.008372224941691033,0.008372224941676304,0.008372224941661581,0.008372224941646866,0.00837222494163216,0.00837222494161746,0.008372224941602767,0.008372224941588078,0.008372224941573397,0.008372224941558728,0.00837222494154406,0.008372224941529406,0.008372224941514753,0.00837222494150011,0.008372224941485476,0.008372224941470847,0.008372224941456223,0.00837222494144161,0.008372224941427,0.0083722249414124,0.008372224941397804,0.008372224941383219,0.008372224941368642,0.008372224941354065,0.008372224941339504,0.008372224941324944,0.008372224941310394,0.008372224941295848,0.008372224941281313,0.008372224941266783,0.00837222494125226,0.008372224941237742,0.008372224941223236,0.008372224941208734,0.00837222494119424,0.00837222494117975,0.00837222494116527,0.008372224941150795,0.008372224941136326,0.008372224941121865,0.00837222494110741,0.008372224941092963,0.008372224941078523,0.008372224941064089,0.008372224941049665,0.008372224941035247,0.008372224941020835,0.00837222494100643,0.00837222494099203,0.008372224940977637,0.00837222494096325,0.00837222494094887,0.0083722249409345,0.008372224940920133,0.008372224940905771,0.00837222494089142,0.008372224940877075,0.008372224940862736,0.008372224940848402,0.008372224940834082,0.008372224940819763,0.00837222494080545,0.008372224940791147,0.008372224940776852,0.00837222494076256,0.008372224940748277,0.008372224940734,0.00837222494071973,0.008372224940705464,0.00837222494069121,0.008372224940676961,0.008372224940662714,0.008372224940648479,0.00837222494063425,0.008372224940620024,0.008372224940605804,0.008372224940591595,0.008372224940577395,0.008372224940563201,0.008372224940549015,0.008372224940534832,0.008372224940520657,0.008372224940506484,0.008372224940492319,0.008372224940478167,0.008372224940464017,0.008372224940449875,0.008372224940435736,0.00837222494042161,0.008372224940407489,0.008372224940393374,0.008372224940379263,0.008372224940365162,0.008372224940351067,0.008372224940336974,0.008372224940322893,0.008372224940308814,0.008372224940294744,0.00837222494028068,0.008372224940266624,0.008372224940252571,0.008372224940238529,0.008372224940224493,0.008372224940210464,0.008372224940196439,0.008372224940182419,0.008372224940168402,0.008372224940154398,0.008372224940140399,0.008372224940126403,0.00837222494011242,0.00837222494009844,0.008372224940084468,0.0083722249400705,0.008372224940056539,0.008372224940042588,0.00837222494002864,0.008372224940014699,0.00837222494000076,0.008372224939986836,0.008372224939972911,0.008372224939958995,0.00837222493994509,0.008372224939931186,0.008372224939917294,0.008372224939903404,0.008372224939889518,0.008372224939875645,0.008372224939861775,0.008372224939847907,0.008372224939834047,0.008372224939820198,0.008372224939806355,0.008372224939792514,0.008372224939778681,0.008372224939764857,0.008372224939751031,0.008372224939737223,0.008372224939723413,0.008372224939709615,0.008372224939695819,0.008372224939682028,0.008372224939668242,0.00837222493965447,0.008372224939640696,0.008372224939626936,0.008372224939613178,0.008372224939599427,0.008372224939585681,0.008372224939571946,0.008372224939558212,0.008372224939544483,0.008372224939530765,0.008372224939517052,0.008372224939503346,0.008372224939489643,0.008372224939475951,0.008372224939462264,0.008372224939448582,0.008372224939434906,0.008372224939421235,0.00837222493940757,0.008372224939393916,0.00837222493938026,0.008372224939366617,0.008372224939352978,0.008372224939339342,0.008372224939325719,0.008372224939312094,0.008372224939298479,0.008372224939284868,0.008372224939271268,0.008372224939257673,0.008372224939244078,0.008372224939230491,0.008372224939216914,0.008372224939203338,0.008372224939189769,0.008372224939176208,0.008372224939162651,0.008372224939149103,0.008372224939135559,0.008372224939122019,0.008372224939108488,0.008372224939094964,0.008372224939081446,0.008372224939067937,0.008372224939054429,0.00837222493904093,0.008372224939027437,0.00837222493901395,0.008372224939000469,0.008372224938986992,0.00837222493897352,0.00837222493896006,0.008372224938946602,0.008372224938933148,0.008372224938919705,0.008372224938906266,0.008372224938892829,0.008372224938879399,0.008372224938865977,0.008372224938852564,0.008372224938839157,0.008372224938825754,0.00837222493881235,0.008372224938798961,0.008372224938785573,0.00837222493877219,0.008372224938758817,0.008372224938745447,0.008372224938732084,0.008372224938718722,0.008372224938705378,0.008372224938692028,0.008372224938678684,0.008372224938665353,0.008372224938652025,0.008372224938638699,0.008372224938625383,0.008372224938612071,0.008372224938598766,0.008372224938585466,0.00837222493857217,0.008372224938558883,0.008372224938545602,0.008372224938532324,0.008372224938519057,0.008372224938505791,0.008372224938492533,0.008372224938479278,0.00837222493846603,0.008372224938452789,0.008372224938439555,0.008372224938426324,0.008372224938413098,0.008372224938399881,0.008372224938386663,0.008372224938373458,0.008372224938360255,0.008372224938347056,0.008372224938333866,0.008372224938320684,0.008372224938307502,0.00837222493829433,0.008372224938281164,0.008372224938268003,0.008372224938254843,0.008372224938241697,0.008372224938228553,0.008372224938215413,0.00837222493820228,0.00837222493818915,0.008372224938176031,0.008372224938162913,0.008372224938149807,0.008372224938136706,0.008372224938123606,0.008372224938110514,0.008372224938097427,0.008372224938084344,0.008372224938071266,0.0083722249380582,0.008372224938045132,0.008372224938032073,0.008372224938019018,0.008372224938005966,0.008372224937992926,0.008372224937979884,0.008372224937966853,0.008372224937953823,0.008372224937940806,0.00837222493792779,0.00837222493791478,0.008372224937901778,0.008372224937888776,0.008372224937875782,0.008372224937862794,0.008372224937849814,0.008372224937836837,0.008372224937823865,0.008372224937810896,0.008372224937797936,0.008372224937784984,0.008372224937772031,0.008372224937759092,0.008372224937746154,0.008372224937733222,0.00837222493772029,0.008372224937707368,0.008372224937694454,0.008372224937681541,0.008372224937668638,0.008372224937655737,0.008372224937642845,0.008372224937629957,0.008372224937617074,0.008372224937604195,0.008372224937591323,0.008372224937578459,0.008372224937565594,0.008372224937552738,0.008372224937539889,0.008372224937527047,0.008372224937514206,0.008372224937501374,0.008372224937488544,0.00837222493747572,0.008372224937462905,0.00837222493745009,0.008372224937437287,0.008372224937424481,0.008372224937411687,0.008372224937398896,0.008372224937386109,0.008372224937373326,0.00837222493736055,0.008372224937347779,0.008372224937335018,0.008372224937322259,0.008372224937309505,0.008372224937296757,0.008372224937284014,0.008372224937271276,0.008372224937258541,0.008372224937245817,0.008372224937233094,0.008372224937220379,0.008372224937207665,0.008372224937194962,0.008372224937182263,0.008372224937169567,0.008372224937156874,0.008372224937144183,0.008372224937131504,0.00837222493711883,0.008372224937106163,0.008372224937093498,0.00837222493708084,0.008372224937068186,0.008372224937055537,0.008372224937042896,0.008372224937030256,0.008372224937017628,0.008372224937004997,0.008372224936992379,0.008372224936979762,0.00837222493696715,0.008372224936954546,0.008372224936941945,0.00837222493692935,0.008372224936916757,0.008372224936904172,0.008372224936891593,0.00837222493687902,0.008372224936866452,0.008372224936853885,0.008372224936841326,0.008372224936828774,0.008372224936816225,0.008372224936803677,0.008372224936791139,0.008372224936778607,0.008372224936766079,0.008372224936753554,0.008372224936741036,0.008372224936728522,0.008372224936716015,0.008372224936703514,0.008372224936691012,0.008372224936678522,0.00837222493666604,0.008372224936653556,0.008372224936641076,0.008372224936628606,0.008372224936616136,0.008372224936603676,0.008372224936591215,0.008372224936578763,0.00837222493656632,0.008372224936553877,0.008372224936541443,0.008372224936529012,0.008372224936516582,0.00837222493650416,0.008372224936491746,0.008372224936479336,0.00837222493646693,0.00837222493645453,0.008372224936442131,0.008372224936429739,0.008372224936417354,0.008372224936404975,0.008372224936392598,0.008372224936380226,0.008372224936367864,0.008372224936355505,0.008372224936343145,0.008372224936330795,0.008372224936318451,0.008372224936306107,0.00837222493629377,0.008372224936281446,0.00837222493626912,0.008372224936256804,0.008372224936244482,0.00837222493623217,0.008372224936219865,0.00837222493620756,0.008372224936195268,0.00837222493618298,0.008372224936170692,0.008372224936158409,0.008372224936146134,0.00837222493613386,0.008372224936121598,0.008372224936109337,0.00837222493609708,0.008372224936084829,0.00837222493607258,0.008372224936060338,0.008372224936048101,0.008372224936035868,0.00837222493602364,0.008372224936011419,0.008372224935999205,0.008372224935986994,0.008372224935974783,0.008372224935962583,0.008372224935950382,0.00837222493593819,0.008372224935925997,0.008372224935913813,0.008372224935901638,0.008372224935889464,0.008372224935877293,0.00837222493586513,0.008372224935852969,0.008372224935840817,0.008372224935828669,0.008372224935816524,0.008372224935804383,0.008372224935792245,0.008372224935780112,0.008372224935767988,0.008372224935755866,0.008372224935743746,0.008372224935731636,0.00837222493571953,0.00837222493570743,0.00837222493569533,0.008372224935683237,0.008372224935671151,0.008372224935659069,0.00837222493564699,0.008372224935634918,0.00837222493562285,0.00837222493561078,0.008372224935598723,0.00837222493558667,0.00837222493557462,0.00837222493556258,0.008372224935550537,0.008372224935538498,0.00837222493552647,0.008372224935514443,0.008372224935502421,0.008372224935490405,0.008372224935478392,0.008372224935466386,0.008372224935454383,0.008372224935442388,0.00837222493543039,0.008372224935418407,0.00837222493540642,0.00837222493539444,0.008372224935382474,0.008372224935370504,0.008372224935358538,0.008372224935346576,0.008372224935334618,0.008372224935322668,0.008372224935310726,0.008372224935298782,0.008372224935286849,0.008372224935274914,0.008372224935262981,0.008372224935251062,0.008372224935239146,0.008372224935227232,0.008372224935215321,0.008372224935203416,0.008372224935191514,0.008372224935179619,0.00837222493516773,0.008372224935155844,0.008372224935143965,0.008372224935132087,0.008372224935120215,0.008372224935108351,0.008372224935096484,0.008372224935084625,0.008372224935072774,0.008372224935060922,0.008372224935049083,0.008372224935037243,0.008372224935025409,0.008372224935013576,0.00837222493500175,0.008372224934989925,0.008372224934978113,0.008372224934966298,0.00837222493495449,0.008372224934942689,0.008372224934930889,0.008372224934919096,0.008372224934907305,0.008372224934895521,0.008372224934883743,0.008372224934871967,0.008372224934860195,0.008372224934848429,0.008372224934836667,0.008372224934824904,0.008372224934813155,0.008372224934801404,0.008372224934789665,0.008372224934777924,0.008372224934766184,0.008372224934754452,0.008372224934742725,0.008372224934731005,0.008372224934719287,0.008372224934707573,0.008372224934695867,0.008372224934684161,0.008372224934672464,0.008372224934660766,0.008372224934649076,0.008372224934637393,0.008372224934625711,0.008372224934614033,0.00837222493460236,0.008372224934590692,0.008372224934579026,0.008372224934567364,0.008372224934555706,0.00837222493454406,0.008372224934532414,0.008372224934520769,0.008372224934509129,0.008372224934497496,0.008372224934485868,0.008372224934474242,0.00837222493446262,0.008372224934451004,0.008372224934439391,0.008372224934427788,0.008372224934416181,0.008372224934404583,0.00837222493439299,0.0083722249343814,0.008372224934369815,0.008372224934358234,0.008372224934346657,0.00837222493433509,0.008372224934323522,0.008372224934311962,0.0083722249343004,0.008372224934288847,0.008372224934277297,0.008372224934265749,0.00837222493425421,0.008372224934242672,0.00837222493423114,0.008372224934219612,0.008372224934208087,0.008372224934196565,0.00837222493418505,0.008372224934173538,0.00837222493416203,0.008372224934150525,0.00837222493413903,0.008372224934127532,0.008372224934116044,0.008372224934104564,0.00837222493409308,0.008372224934081605,0.008372224934070133,0.008372224934058663,0.0083722249340472,0.008372224934035744,0.00837222493402429,0.008372224934012837,0.008372224934001393,0.008372224933989947,0.008372224933978508,0.008372224933967073,0.00837222493395565,0.008372224933944222,0.0083722249339328,0.008372224933921382,0.008372224933909973,0.008372224933898564,0.008372224933887158,0.008372224933875756,0.008372224933864358,0.008372224933852966,0.008372224933841578,0.008372224933830193,0.008372224933818813,0.008372224933807439,0.008372224933796071,0.008372224933784705,0.008372224933773341,0.00837222493376198,0.008372224933750628,0.008372224933739281,0.008372224933727933,0.008372224933716593,0.008372224933705258,0.008372224933693924,0.008372224933682594,0.008372224933671275,0.008372224933659956,0.008372224933648644,0.008372224933637321,0.008372224933626009,0.008372224933614707,0.008372224933603407,0.008372224933592113,0.008372224933580821,0.008372224933569533,0.008372224933558247,0.00837222493354697,0.008372224933535692,0.008372224933524419,0.008372224933513153,0.00837222493350189,0.008372224933490633,0.008372224933479376,0.008372224933468127,0.008372224933456884,0.008372224933445645,0.008372224933434407,0.008372224933423171,0.008372224933411943,0.008372224933400717,0.008372224933389495,0.008372224933378277,0.008372224933367065,0.008372224933355852,0.00837222493334465,0.00837222493333345,0.008372224933322254,0.008372224933311063,0.008372224933299869,0.008372224933288687,0.008372224933277507,0.008372224933266335,0.008372224933255158,0.00837222493324399,0.008372224933232824,0.008372224933221666,0.008372224933210506,0.008372224933199357,0.00837222493318821,0.008372224933177064,0.008372224933165926,0.00837222493315479,0.008372224933143659,0.00837222493313253,0.00837222493312141,0.008372224933110285,0.00837222493309917,0.008372224933088056,0.008372224933076952,0.008372224933065846,0.008372224933054746,0.00837222493304365,0.00837222493303256,0.008372224933021472,0.008372224933010387,0.008372224932999313,0.00837222493298823,0.008372224932977157,0.008372224932966093,0.008372224932955027,0.008372224932943968,0.008372224932932909,0.008372224932921862,0.00837222493291081,0.008372224932899767,0.008372224932888726,0.008372224932877693,0.008372224932866656,0.008372224932855632,0.008372224932844608,0.008372224932833591,0.008372224932822572,0.008372224932811558,0.008372224932800548,0.008372224932789543,0.008372224932778543,0.008372224932767545,0.008372224932756552,0.008372224932745564,0.00837222493273458,0.008372224932723596,0.00837222493271262,0.008372224932701651,0.00837222493269068,0.00837222493267972,0.008372224932668757,0.008372224932657801,0.008372224932646841,0.00837222493263589,0.008372224932624945,0.008372224932614004,0.008372224932603064,0.00837222493259213,0.0083722249325812,0.008372224932570279,0.008372224932559357,0.00837222493254844,0.008372224932537524,0.008372224932526614,0.008372224932515712,0.008372224932504807,0.008372224932493908,0.008372224932483012,0.008372224932472118,0.008372224932461229,0.008372224932450345,0.008372224932439465,0.008372224932428588,0.008372224932417712,0.008372224932406847,0.008372224932395977,0.008372224932385116,0.00837222493237426,0.008372224932363406,0.008372224932352559,0.008372224932341712,0.008372224932330868,0.008372224932320024,0.008372224932309193,0.008372224932298363,0.008372224932287535,0.008372224932276707,0.008372224932265884,0.00837222493225507,0.00837222493224426,0.008372224932233448,0.008372224932222647,0.008372224932211847,0.008372224932201053,0.008372224932190258,0.008372224932179468,0.008372224932168684,0.008372224932157902,0.008372224932147126,0.00837222493213635,0.00837222493212558,0.008372224932114815,0.008372224932104051,0.008372224932093292,0.008372224932082534,0.00837222493207178,0.008372224932061037,0.008372224932050294,0.008372224932039552,0.008372224932028818,0.008372224932018085,0.008372224932007356,0.008372224931996634,0.00837222493198591,0.008372224931975196,0.008372224931964482,0.00837222493195377,0.008372224931943065,0.008372224931932364,0.008372224931921668,0.008372224931910971,0.008372224931900278,0.008372224931889594,0.00837222493187891,0.00837222493186823,0.008372224931857554,0.008372224931846875,0.008372224931836203,0.00837222493182554,0.008372224931814875,0.008372224931804218,0.008372224931793562,0.008372224931782914,0.008372224931772266,0.008372224931761624,0.008372224931750986,0.008372224931740349,0.008372224931729717,0.008372224931719092,0.008372224931708468,0.008372224931697847,0.00837222493168723,0.008372224931676612,0.008372224931666004,0.008372224931655398,0.008372224931644797,0.008372224931634196,0.008372224931623602,0.008372224931613008,0.008372224931602423,0.00837222493159183,0.008372224931581256,0.008372224931570681,0.00837222493156011,0.008372224931549542,0.008372224931538974,0.008372224931528408,0.00837222493151785,0.008372224931507292,0.008372224931496738,0.008372224931486191,0.008372224931475646,0.008372224931465102,0.008372224931454562,0.008372224931444027,0.008372224931433492,0.008372224931422966,0.008372224931412441,0.008372224931401922,0.008372224931391403,0.008372224931380894,0.008372224931370383,0.008372224931359876,0.008372224931349372,0.00837222493133887,0.008372224931328371,0.008372224931317885,0.008372224931307395,0.008372224931296909,0.008372224931286431,0.008372224931275957,0.00837222493126548,0.00837222493125501,0.008372224931244546,0.00837222493123408,0.008372224931223622,0.008372224931213163,0.008372224931202711,0.008372224931192263,0.008372224931181822,0.008372224931171375,0.008372224931160936,0.0083722249311505,0.00837222493114007,0.008372224931129643,0.008372224931119217,0.008372224931108797,0.008372224931098378,0.008372224931087966,0.008372224931077558,0.008372224931067153,0.008372224931056747,0.008372224931046347,0.008372224931035952,0.008372224931025561,0.008372224931015172,0.008372224931004792,0.008372224930994413,0.008372224930984032,0.008372224930973659,0.008372224930963287,0.00837222493095292,0.008372224930942558,0.008372224930932193,0.008372224930921839,0.00837222493091148,0.008372224930901128,0.008372224930890782,0.008372224930880435,0.008372224930870096,0.008372224930859744,0.00837222493084941,0.008372224930839084,0.008372224930828755,0.008372224930818432,0.00837222493080811,0.008372224930797796,0.008372224930787485,0.008372224930777175,0.008372224930766867,0.008372224930756563,0.008372224930746266,0.008372224930735974,0.008372224930725678,0.008372224930715393,0.008372224930705104,0.008372224930694823,0.008372224930684543,0.008372224930674268,0.008372224930663998,0.008372224930653729,0.008372224930643464,0.008372224930633203,0.008372224930622946,0.00837222493061269,0.00837222493060244,0.008372224930592193,0.00837222493058195,0.008372224930571711,0.008372224930561471,0.008372224930551236,0.008372224930541006,0.00837222493053078,0.008372224930520554,0.008372224930510335,0.008372224930500114,0.008372224930489903,0.008372224930479689,0.008372224930469485,0.008372224930459277,0.008372224930449076,0.00837222493043888,0.008372224930428685,0.008372224930418493,0.008372224930408307,0.008372224930398124,0.008372224930387941,0.008372224930377762,0.008372224930367591,0.008372224930357419,0.008372224930347257,0.008372224930337093,0.00837222493032693,0.008372224930316774,0.008372224930306623,0.008372224930296468,0.008372224930286318,0.008372224930276171,0.008372224930266034,0.008372224930255896,0.008372224930245763,0.008372224930235633,0.008372224930225505,0.00837222493021538,0.00837222493020526,0.00837222493019514,0.00837222493018502,0.00837222493017491,0.008372224930164804,0.0083722249301547,0.008372224930144603,0.008372224930134503,0.00837222493012441,0.008372224930114322,0.008372224930104234,0.00837222493009415,0.008372224930084072,0.008372224930073988,0.008372224930063914,0.008372224930053846,0.008372224930043779,0.008372224930033713,0.008372224930023653,0.008372224930013593,0.00837222493000354,0.008372224929993486,0.00837222492998344,0.008372224929973393,0.008372224929963349,0.008372224929953317,0.008372224929943278,0.008372224929933246,0.008372224929923216,0.008372224929913193,0.00837222492990317,0.00837222492989315,0.008372224929883135,0.00837222492987312,0.008372224929863111,0.008372224929853109,0.008372224929843106,0.008372224929833109,0.008372224929823112,0.008372224929813118,0.00837222492980313,0.00837222492979314,0.008372224929783158,0.008372224929773176,0.008372224929763198,0.008372224929753227,0.008372224929743252,0.008372224929733288,0.008372224929723322,0.00837222492971336,0.0083722249297034,0.008372224929693448,0.008372224929683494,0.008372224929673542,0.008372224929663604,0.008372224929653662,0.008372224929643724,0.008372224929633784,0.008372224929623853,0.008372224929613925,0.008372224929603999,0.008372224929594076,0.008372224929584155,0.008372224929574238,0.008372224929564328,0.00837222492955442,0.008372224929544514,0.008372224929534607,0.008372224929524708,0.008372224929514813,0.00837222492950492,0.008372224929495025,0.008372224929485137,0.008372224929475256,0.008372224929465374,0.0083722249294555,0.008372224929445626,0.00837222492943575,0.008372224929425881,0.008372224929416017,0.008372224929406157,0.008372224929396294,0.008372224929386437,0.00837222492937658,0.008372224929366736,0.008372224929356888,0.008372224929347041,0.008372224929337202,0.008372224929327366,0.00837222492931753,0.0083722249293077,0.00837222492929787,0.008372224929288045,0.008372224929278227,0.0083722249292684,0.008372224929258586,0.008372224929248771,0.00837222492923896,0.008372224929229151,0.008372224929219348,0.008372224929209547,0.008372224929199748,0.008372224929189957,0.008372224929180164,0.008372224929170377,0.008372224929160597,0.008372224929150811,0.008372224929141036,0.008372224929131259,0.008372224929121489,0.008372224929111721,0.008372224929101953,0.008372224929092191,0.008372224929082435,0.008372224929072683,0.00837222492906293,0.008372224929053177,0.00837222492904343,0.008372224929033684,0.008372224929023942,0.008372224929014202,0.008372224929004466,0.008372224928994733,0.008372224928985005,0.008372224928975273,0.008372224928965553,0.008372224928955835,0.008372224928946117,0.008372224928936401,0.008372224928926688,0.008372224928916977,0.008372224928907272,0.008372224928897573,0.00837222492888787,0.008372224928878175,0.008372224928868483,0.008372224928858791,0.008372224928849106,0.008372224928839421,0.008372224928829742,0.008372224928820057,0.008372224928810387,0.008372224928800713,0.008372224928791047,0.008372224928781377,0.008372224928771713,0.008372224928762053,0.008372224928752397,0.008372224928742743,0.008372224928733091,0.008372224928723441,0.008372224928713798,0.008372224928704158,0.008372224928694515,0.008372224928684882,0.008372224928675252,0.008372224928665616,0.008372224928655992,0.008372224928646366,0.008372224928636743,0.00837222492862713,0.008372224928617517,0.008372224928607903,0.008372224928598295,0.00837222492858869,0.008372224928579086,0.008372224928569488,0.00837222492855989,0.008372224928550295,0.008372224928540702,0.008372224928531118,0.008372224928521528,0.008372224928511949,0.008372224928502372,0.008372224928492794,0.00837222492848322,0.008372224928473646,0.00837222492846408,0.008372224928454512,0.008372224928444949,0.008372224928435392,0.00837222492842583,0.008372224928416284,0.008372224928406733,0.00837222492839718,0.008372224928387639,0.008372224928378101,0.008372224928368567,0.008372224928359033,0.008372224928349499,0.008372224928339972,0.008372224928330445,0.008372224928320918,0.008372224928311398,0.008372224928301884,0.00837222492829237,0.008372224928282856,0.008372224928273346,0.008372224928263842,0.008372224928254336,0.008372224928244838,0.008372224928235344,0.008372224928225846,0.008372224928216349,0.008372224928206861,0.008372224928197378,0.008372224928187899,0.00837222492817842,0.008372224928168939,0.008372224928159465,0.008372224928149995,0.008372224928140526,0.008372224928131061,0.008372224928121603,0.00837222492811214,0.008372224928102683,0.008372224928093225,0.008372224928083774,0.008372224928074325,0.008372224928064883,0.008372224928055439,0.008372224928045997,0.008372224928036562,0.00837222492802713,0.0083722249280177,0.008372224928008272,0.008372224927998844,0.008372224927989422,0.008372224927980003,0.008372224927970583,0.00837222492796117,0.008372224927951755,0.008372224927942349,0.008372224927932942,0.008372224927923538,0.00837222492791414,0.00837222492790474,0.00837222492789535,0.008372224927885955,0.008372224927876568,0.008372224927867185,0.0083722249278578,0.00837222492784842,0.008372224927839041,0.008372224927829667,0.008372224927820299,0.00837222492781093,0.008372224927801564,0.008372224927792203,0.008372224927782841,0.008372224927773486,0.008372224927764132,0.008372224927754782,0.008372224927745434,0.00837222492773609,0.008372224927726745,0.008372224927717406,0.008372224927708068,0.008372224927698735,0.008372224927689404,0.008372224927680076,0.008372224927670749,0.008372224927661426,0.008372224927652102,0.008372224927642785,0.008372224927633475,0.008372224927624166,0.008372224927614854,0.008372224927605544,0.00837222492759624,0.008372224927586942,0.008372224927577639,0.008372224927568346,0.008372224927559055,0.008372224927549765,0.008372224927540476,0.00837222492753119,0.008372224927521911,0.00837222492751263,0.008372224927503353,0.008372224927494079,0.008372224927484805,0.00837222492747554,0.008372224927466273,0.00837222492745701,0.00837222492744775,0.008372224927438495,0.008372224927429242,0.008372224927419984,0.008372224927410741,0.008372224927401497,0.008372224927392256,0.008372224927383012,0.008372224927373778,0.008372224927364546,0.008372224927355312,0.008372224927346081,0.008372224927336858,0.008372224927327632,0.008372224927318412,0.008372224927309194,0.008372224927299976,0.008372224927290768,0.008372224927281555,0.008372224927272354,0.008372224927263148,0.008372224927253941,0.008372224927244746,0.008372224927235546,0.008372224927226356,0.008372224927217165,0.008372224927207978,0.008372224927198793,0.00837222492718961,0.00837222492718043,0.008372224927171254,0.008372224927162076,0.0083722249271529,0.008372224927143726,0.008372224927134554,0.008372224927125395,0.008372224927116236,0.008372224927107074,0.00837222492709792,0.00837222492708877,0.008372224927079622,0.008372224927070473,0.008372224927061323,0.008372224927052184,0.008372224927043046,0.008372224927033909,0.008372224927024772,0.008372224927015644,0.008372224927006513,0.008372224926997388,0.00837222492698826,0.00837222492697914,0.008372224926970019,0.008372224926960903,0.008372224926951792,0.00837222492694268,0.00837222492693357,0.008372224926924469,0.008372224926915365,0.008372224926906266,0.00837222492689717,0.008372224926888078,0.00837222492687899,0.0083722249268699,0.008372224926860811,0.00837222492685173,0.008372224926842645,0.008372224926833571,0.008372224926824483,0.008372224926815414,0.008372224926806346,0.008372224926797279,0.008372224926788215,0.00837222492677915,0.00837222492677009,0.008372224926761034,0.008372224926751977,0.008372224926742923,0.008372224926733876,0.008372224926724826,0.008372224926715782,0.00837222492670674,0.008372224926697707,0.008372224926688671,0.008372224926679635,0.008372224926670604,0.008372224926661577,0.008372224926652553,0.008372224926643529,0.00837222492663451,0.008372224926625493,0.008372224926616479,0.008372224926607465,0.008372224926598455,0.008372224926589447,0.008372224926580444,0.008372224926571442,0.008372224926562444,0.008372224926553446,0.008372224926544453,0.008372224926535457,0.00837222492652647,0.00837222492651748,0.008372224926508498,0.008372224926499517,0.008372224926490542,0.008372224926481563,0.00837222492647259,0.008372224926463617,0.008372224926454654,0.008372224926445685,0.008372224926436729,0.008372224926427769,0.008372224926418812,0.008372224926409853,0.008372224926400903,0.00837222492639195,0.008372224926383006,0.00837222492637406,0.00837222492636512,0.008372224926356182,0.008372224926347248,0.008372224926338311,0.008372224926329382,0.008372224926320448,0.008372224926311525,0.008372224926302598,0.008372224926293676,0.008372224926284758,0.00837222492627584,0.008372224926266925,0.00837222492625801,0.008372224926249106,0.008372224926240204,0.008372224926231294,0.008372224926222393,0.008372224926213496,0.008372224926204597,0.008372224926195706,0.008372224926186814,0.008372224926177927,0.008372224926169038,0.008372224926160151,0.008372224926151273,0.008372224926142391,0.008372224926133515,0.008372224926124643,0.00837222492611577,0.008372224926106904,0.008372224926098038,0.008372224926089177,0.008372224926080316,0.008372224926071455,0.0083722249260626,0.008372224926053747,0.008372224926044896,0.008372224926036047,0.008372224926027204,0.008372224926018362,0.008372224926009522,0.008372224926000683,0.00837222492599185,0.008372224925983017,0.008372224925974184,0.008372224925965358,0.008372224925956533,0.008372224925947703,0.00837222492593889,0.008372224925930068,0.008372224925921252,0.008372224925912441,0.008372224925903629,0.008372224925894822,0.008372224925886018,0.008372224925877214,0.00837222492586841,0.008372224925859612,0.008372224925850817,0.008372224925842022,0.00837222492583323,0.008372224925824442,0.008372224925815658,0.008372224925806877,0.008372224925798097,0.008372224925789314,0.008372224925780538,0.008372224925771764,0.008372224925762995,0.008372224925754226,0.008372224925745462,0.008372224925736698,0.008372224925727933,0.008372224925719172,0.008372224925710419,0.008372224925701664,0.00837222492569291,0.008372224925684162,0.008372224925675418,0.008372224925666671,0.008372224925657928,0.00837222492564919,0.008372224925640456,0.008372224925631716,0.008372224925622986,0.008372224925614258,0.008372224925605534,0.008372224925596809,0.008372224925588086,0.008372224925579366,0.008372224925570654,0.008372224925561939,0.008372224925553227,0.008372224925544515,0.008372224925535809,0.008372224925527104,0.008372224925518397,0.008372224925509698,0.008372224925501,0.00837222492549231,0.008372224925483614,0.008372224925474923,0.008372224925466232,0.008372224925457547,0.008372224925448864,0.008372224925440182,0.008372224925431505,0.008372224925422826,0.008372224925414154,0.00837222492540548,0.008372224925396812,0.008372224925388146,0.00837222492537948,0.008372224925370821,0.008372224925362161,0.008372224925353503,0.00837222492534485,0.008372224925336198,0.00837222492532755,0.008372224925318904,0.008372224925310258,0.008372224925301621,0.008372224925292979,0.008372224925284348,0.008372224925275706,0.008372224925267076,0.008372224925258446,0.00837222492524982,0.008372224925241195,0.00837222492523257,0.008372224925223942,0.00837222492521533,0.008372224925206714,0.008372224925198105,0.008372224925189492,0.008372224925180888,0.008372224925172278,0.008372224925163678,0.008372224925155072,0.008372224925146474,0.008372224925137875,0.008372224925129278,0.008372224925120688,0.008372224925112097,0.00837222492510351,0.008372224925094925,0.008372224925086342,0.008372224925077762,0.008372224925069182,0.008372224925060609,0.008372224925052033,0.008372224925043461,0.008372224925034895,0.008372224925026327,0.008372224925017763,0.008372224925009204,0.008372224925000645,0.008372224924992086,0.00837222492498353,0.008372224924974976,0.008372224924966426,0.008372224924957875,0.008372224924949335,0.00837222492494079,0.008372224924932241,0.008372224924923706,0.008372224924915172,0.008372224924906638,0.008372224924898105,0.008372224924889577,0.008372224924881055,0.008372224924872529,0.008372224924864008,0.008372224924855485,0.00837222492484697,0.008372224924838457,0.008372224924829945,0.008372224924821434,0.00837222492481293,0.008372224924804425,0.008372224924795918,0.008372224924787418,0.008372224924778921,0.008372224924770424,0.008372224924761931,0.008372224924753438,0.008372224924744954,0.008372224924736466,0.00837222492472798,0.008372224924719496,0.008372224924711017,0.008372224924702538,0.008372224924694058,0.008372224924685588,0.008372224924677115,0.008372224924668648,0.008372224924660185,0.008372224924651719,0.008372224924643252,0.008372224924634797,0.00837222492462634,0.008372224924617887,0.008372224924609433,0.008372224924600984,0.008372224924592537,0.008372224924584093,0.008372224924575641,0.008372224924567207,0.008372224924558767,0.008372224924550324,0.008372224924541892,0.008372224924533461,0.008372224924525027,0.008372224924516605,0.00837222492450817,0.008372224924499749,0.008372224924491332,0.008372224924482915,0.008372224924474496,0.008372224924466083,0.008372224924457671,0.008372224924449263,0.008372224924440853,0.008372224924432448,0.008372224924424045,0.008372224924415647,0.008372224924407244,0.00837222492439885,0.00837222492439046,0.008372224924382067,0.00837222492437368,0.008372224924365292,0.008372224924356906,0.00837222492434852,0.00837222492434014,0.008372224924331767,0.00837222492432339,0.008372224924315016,0.008372224924306643,0.008372224924298274,0.00837222492428991,0.008372224924281543,0.008372224924273178,0.00837222492426482,0.00837222492425646,0.00837222492424811,0.008372224924239752,0.0083722249242314,0.008372224924223055,0.008372224924214711,0.008372224924206367,0.008372224924198023,0.008372224924189686,0.008372224924181345,0.008372224924173013,0.008372224924164683,0.008372224924156348,0.008372224924148021,0.008372224924139698,0.00837222492413137,0.008372224924123052,0.008372224924114737,0.008372224924106417,0.0083722249240981,0.00837222492408979,0.008372224924081479,0.008372224924073173,0.008372224924064869,0.008372224924056561,0.008372224924048263,0.008372224924039958,0.008372224924031661,0.008372224924023362,0.008372224924015074,0.008372224924006782,0.008372224923998492,0.008372224923990203,0.008372224923981922,0.008372224923973636,0.008372224923965357,0.00837222492395708,0.008372224923948807,0.008372224923940533,0.008372224923932263,0.008372224923923996,0.008372224923915726,0.008372224923907465,0.008372224923899198,0.008372224923890942,0.008372224923882681,0.008372224923874428,0.008372224923866176,0.008372224923857923,0.008372224923849673,0.00837222492384143,0.008372224923833188,0.008372224923824946,0.008372224923816708,0.008372224923808472,0.008372224923800234,0.008372224923792002,0.00837222492378377,0.008372224923775538,0.008372224923767308,0.008372224923759084,0.008372224923750862,0.008372224923742642,0.008372224923734422,0.008372224923726204,0.008372224923717992,0.008372224923709782,0.008372224923701573,0.008372224923693362,0.008372224923685157,0.008372224923676955,0.008372224923668752,0.008372224923660554,0.008372224923652355,0.008372224923644162,0.008372224923635967,0.00837222492362778,0.008372224923619595,0.008372224923611407,0.008372224923603223,0.008372224923595038,0.008372224923586863,0.008372224923578685,0.008372224923570511,0.008372224923562337,0.008372224923554163,0.008372224923545992,0.008372224923537824,0.008372224923529658,0.008372224923521496,0.008372224923513335,0.008372224923505174,0.00837222492349702,0.008372224923488863,0.008372224923480713,0.008372224923472567,0.008372224923464415,0.008372224923456269,0.008372224923448123,0.008372224923439983,0.008372224923431844,0.008372224923423705,0.008372224923415569,0.008372224923407442,0.008372224923399313,0.008372224923391182,0.00837222492338306,0.008372224923374935,0.008372224923366811,0.008372224923358696,0.008372224923350578,0.008372224923342459,0.008372224923334342,0.00837222492332623,0.008372224923318117,0.008372224923310011,0.008372224923301905,0.0083722249232938,0.008372224923285699,0.008372224923277605,0.008372224923269507,0.008372224923261411,0.008372224923253317,0.00837222492324523,0.00837222492323714,0.008372224923229052,0.008372224923220966,0.008372224923212886,0.008372224923204804,0.008372224923196728,0.008372224923188652,0.008372224923180578,0.008372224923172503,0.008372224923164431,0.008372224923156365,0.008372224923148302,0.00837222492314024,0.008372224923132178,0.00837222492312412,0.00837222492311606,0.008372224923108008,0.008372224923099957,0.008372224923091903,0.008372224923083852,0.008372224923075803,0.008372224923067759,0.008372224923059716,0.008372224923051676,0.008372224923043637,0.0083722249230356,0.008372224923027565,0.008372224923019533,0.008372224923011505,0.008372224923003473,0.00837222492299545,0.008372224922987422,0.0083722249229794,0.008372224922971377,0.008372224922963361,0.008372224922955343,0.008372224922947336,0.008372224922939325,0.008372224922931317,0.00837222492292331,0.008372224922915303,0.008372224922907298,0.0083722249228993,0.008372224922891296,0.008372224922883302,0.008372224922875307,0.008372224922867311,0.008372224922859321,0.008372224922851333,0.008372224922843344,0.00837222492283536,0.008372224922827376,0.008372224922819395,0.008372224922811415,0.008372224922803437,0.008372224922795459,0.008372224922787486,0.008372224922779517,0.008372224922771548,0.008372224922763582,0.008372224922755616,0.00837222492274765,0.008372224922739688,0.008372224922731727,0.00837222492272377,0.008372224922715813,0.008372224922707864,0.008372224922699912,0.008372224922691969,0.008372224922684017,0.008372224922676072,0.008372224922668127,0.008372224922660192,0.008372224922652253,0.008372224922644316,0.00837222492263638,0.008372224922628449,0.008372224922620517,0.008372224922612592,0.00837222492260466,0.008372224922596736,0.008372224922588814,0.008372224922580893,0.008372224922572979,0.008372224922565062,0.00837222492255715,0.008372224922549238,0.008372224922541327,0.00837222492253342,0.008372224922525512,0.008372224922517607,0.008372224922509703,0.008372224922501803,0.008372224922493905,0.008372224922486014,0.008372224922478116,0.008372224922470226,0.008372224922462333,0.008372224922454444,0.008372224922446556,0.008372224922438672,0.008372224922430784,0.008372224922422908,0.008372224922415029,0.00837222492240715,0.008372224922399274,0.008372224922391402,0.00837222492238353,0.008372224922375661,0.008372224922367796,0.008372224922359933,0.008372224922352072,0.008372224922344209,0.008372224922336345,0.00837222492232849,0.008372224922320632,0.008372224922312781,0.008372224922304931,0.008372224922297085,0.008372224922289234,0.008372224922281391,0.008372224922273555,0.008372224922265713,0.008372224922257874,0.00837222492225004,0.008372224922242204,0.008372224922234368,0.00837222492222654,0.008372224922218712,0.008372224922210883,0.008372224922203072,0.008372224922195243,0.008372224922187426,0.008372224922179608,0.008372224922171784,0.00837222492216397,0.008372224922156155,0.008372224922148343,0.008372224922140535,0.008372224922132724,0.00837222492212492,0.008372224922117115,0.00837222492210931,0.008372224922101509,0.008372224922093715,0.008372224922085919,0.008372224922078127,0.00837222492207033,0.008372224922062537,0.00837222492205475,0.008372224922046964,0.00837222492203918,0.008372224922031397,0.008372224922023611,0.008372224922015833,0.008372224922008058,0.00837222492200028,0.008372224921992504,0.008372224921984734,0.008372224921976966,0.0083722249219692,0.008372224921961435,0.00837222492195367,0.008372224921945908,0.008372224921938154,0.0083722249219304,0.008372224921922642,0.00837222492191489,0.008372224921907135,0.008372224921899388,0.008372224921891639,0.008372224921883898,0.008372224921876151,0.008372224921868409,0.008372224921860669,0.008372224921852934,0.0083722249218452,0.008372224921837467,0.008372224921829732,0.008372224921822007,0.008372224921814279,0.00837222492180655,0.008372224921798822,0.008372224921791106,0.00837222492178338,0.00837222492177566,0.008372224921767948,0.008372224921760233,0.008372224921752519,0.008372224921744803,0.008372224921737096,0.008372224921729385,0.008372224921721681,0.008372224921713977,0.008372224921706275,0.008372224921698573,0.008372224921690872,0.008372224921683175,0.008372224921675485,0.008372224921667793,0.0083722249216601,0.008372224921652413,0.008372224921644725,0.008372224921637035,0.008372224921629354,0.008372224921621672,0.008372224921613998,0.008372224921606317,0.008372224921598644,0.00837222492159097,0.008372224921583297,0.008372224921575624,0.008372224921567955,0.00837222492156029,0.008372224921552622,0.008372224921544963,0.008372224921537302,0.008372224921529644,0.008372224921521988,0.008372224921514331,0.008372224921506681,0.008372224921499027,0.008372224921491382,0.008372224921483732,0.00837222492147609,0.008372224921468443,0.008372224921460803,0.008372224921453163,0.008372224921445527,0.00837222492143789,0.008372224921430256,0.008372224921422623,0.008372224921414989,0.00837222492140736,0.008372224921399735,0.00837222492139211,0.008372224921384484,0.008372224921376868,0.008372224921369246,0.008372224921361632,0.008372224921354015,0.0083722249213464,0.008372224921338788,0.008372224921331176,0.008372224921323567,0.008372224921315959,0.008372224921308354,0.008372224921300754,0.008372224921293152,0.008372224921285552,0.008372224921277954,0.00837222492127036,0.008372224921262767,0.008372224921255174,0.008372224921247584,0.008372224921239995,0.008372224921232407,0.00837222492122482,0.008372224921217237,0.008372224921209646,0.008372224921202069,0.008372224921194505,0.00837222492118693,0.008372224921179358,0.00837222492117178,0.008372224921164215,0.008372224921156647,0.008372224921149085,0.00837222492114152,0.008372224921133955,0.008372224921126393,0.008372224921118835,0.008372224921111277,0.008372224921103722,0.008372224921096167,0.00837222492108862,0.008372224921081074,0.008372224921073524,0.008372224921065976,0.008372224921058428,0.008372224921050888,0.008372224921043345,0.008372224921035808,0.00837222492102827,0.008372224921020733,0.008372224921013202,0.008372224921005669,0.008372224920998136,0.008372224920990613,0.00837222492098309,0.008372224920975562,0.008372224920968039,0.00837222492096052,0.008372224920953,0.008372224920945486,0.008372224920937973,0.008372224920930453,0.008372224920922941,0.008372224920915427,0.008372224920907922,0.008372224920900413,0.008372224920892908,0.0083722249208854,0.008372224920877904,0.008372224920870407,0.008372224920862906,0.008372224920855407,0.008372224920847913,0.008372224920840424,0.00837222492083293,0.008372224920825445,0.008372224920817958,0.008372224920810476,0.008372224920802994,0.008372224920795514,0.008372224920788034,0.008372224920780557,0.008372224920773077,0.008372224920765604,0.008372224920758132,0.008372224920750664,0.008372224920743195,0.008372224920735723,0.008372224920728259,0.0083722249207208,0.00837222492071334,0.008372224920705879,0.00837222492069842,0.00837222492069096,0.008372224920683508,0.008372224920676056,0.008372224920668603,0.008372224920661154,0.008372224920653707,0.008372224920646258,0.008372224920638816,0.008372224920631376,0.008372224920623937,0.008372224920616496,0.008372224920609059,0.008372224920601624,0.00837222492059419,0.008372224920586757,0.008372224920579327,0.008372224920571903,0.008372224920564475,0.008372224920557048,0.008372224920549625,0.008372224920542204,0.008372224920534785,0.008372224920527367,0.00837222492051995,0.008372224920512546,0.008372224920505135,0.008372224920497726,0.008372224920490312,0.00837222492048291,0.008372224920475506,0.0083722249204681,0.008372224920460703,0.008372224920453303,0.008372224920445903,0.008372224920438508,0.008372224920431116,0.008372224920423726,0.008372224920416333,0.008372224920408945,0.008372224920401558,0.008372224920394172,0.008372224920386785,0.008372224920379407,0.008372224920372026,0.008372224920364647,0.008372224920357269,0.008372224920349895,0.008372224920342519,0.00837222492033515,0.008372224920327779,0.008372224920320413,0.008372224920313049,0.008372224920305682,0.008372224920298316,0.008372224920290957,0.008372224920283597,0.00837222492027624,0.008372224920268886,0.008372224920261533,0.00837222492025418,0.00837222492024683,0.008372224920239476,0.008372224920232131,0.008372224920224788,0.008372224920217441,0.008372224920210102,0.00837222492020276,0.008372224920195424,0.008372224920188085,0.008372224920180745,0.008372224920173416,0.008372224920166082,0.008372224920158758,0.008372224920151423,0.0083722249201441,0.008372224920136775,0.00837222492012945,0.008372224920122127,0.008372224920114805,0.00837222492010749,0.00837222492010017,0.008372224920092857,0.008372224920085544,0.008372224920078233,0.008372224920070922,0.008372224920063613,0.008372224920056308,0.008372224920049005,0.008372224920041705,0.008372224920034404,0.008372224920027102,0.008372224920019804,0.008372224920012508,0.008372224920005214,0.008372224919997923,0.008372224919990626,0.008372224919983339,0.008372224919976055,0.008372224919968765,0.008372224919961481,0.008372224919954197,0.008372224919946917,0.008372224919939638,0.008372224919932362,0.008372224919925085,0.008372224919917813,0.008372224919910541,0.008372224919903271,0.008372224919895995,0.00837222491988873,0.008372224919881462,0.008372224919874199,0.008372224919866935,0.008372224919859676,0.008372224919852416,0.008372224919845156,0.008372224919837905,0.008372224919830652,0.008372224919823394,0.008372224919816146,0.008372224919808897,0.008372224919801649,0.008372224919794403,0.008372224919787162,0.008372224919779918,0.008372224919772676,0.008372224919765438,0.008372224919758208,0.008372224919750967,0.008372224919743739,0.0083722249197365,0.008372224919729273,0.008372224919722046,0.008372224919714817,0.00837222491970759,0.008372224919700369,0.008372224919693146,0.008372224919685927,0.008372224919678704,0.008372224919671488,0.008372224919664273,0.00837222491965706,0.008372224919649843,0.008372224919642637,0.00837222491963543,0.008372224919628224,0.00837222491962102,0.008372224919613813,0.008372224919606612,0.008372224919599408,0.008372224919592209,0.008372224919585015,0.00837222491957782,0.008372224919570622,0.008372224919563433,0.008372224919556241,0.008372224919549054,0.008372224919541859,0.008372224919534677,0.008372224919527495,0.008372224919520308,0.008372224919513125,0.00837222491950595,0.008372224919498766,0.008372224919491593,0.008372224919484417,0.008372224919477247,0.008372224919470076,0.00837222491946291,0.008372224919455742,0.008372224919448577,0.008372224919441415,0.008372224919434254,0.008372224919427093,0.008372224919419932,0.008372224919412778,0.00837222491940561,0.00837222491939846,0.008372224919391304,0.008372224919384155,0.008372224919377003,0.008372224919369856,0.008372224919362707,0.008372224919355563,0.008372224919348421,0.008372224919341276,0.008372224919334138,0.008372224919326997,0.00837222491931986,0.008372224919312724,0.008372224919305591,0.008372224919298461,0.008372224919291328,0.008372224919284205,0.008372224919277074,0.008372224919269951,0.008372224919262827,0.008372224919255706,0.00837222491924858,0.008372224919241463,0.008372224919234344,0.008372224919227227,0.008372224919220114,0.008372224919213002,0.00837222491920589,0.008372224919198782,0.008372224919191675,0.008372224919184566,0.008372224919177466,0.008372224919170362,0.008372224919163266,0.008372224919156169,0.008372224919149072,0.008372224919141968,0.008372224919134879,0.008372224919127784,0.008372224919120694,0.008372224919113604,0.00837222491910652,0.008372224919099431,0.00837222491909235,0.008372224919085266,0.008372224919078183,0.008372224919071102,0.008372224919064024,0.008372224919056955,0.008372224919049879,0.008372224919042808,0.008372224919035736,0.008372224919028672,0.0083722249190216,0.008372224919014525,0.008372224919007467,0.008372224919000401,0.008372224918993339,0.008372224918986279,0.008372224918979217,0.008372224918972163,0.008372224918965106,0.008372224918958046,0.008372224918950996,0.008372224918943948,0.008372224918936903,0.008372224918929852,0.008372224918922807,0.008372224918915759,0.008372224918908716,0.008372224918901675,0.008372224918894632,0.008372224918887592,0.008372224918880556,0.008372224918873522,0.008372224918866487,0.008372224918859458,0.008372224918852424,0.008372224918845404,0.008372224918838371,0.008372224918831344,0.00837222491882432,0.008372224918817298,0.008372224918810275,0.008372224918803255,0.008372224918796235,0.008372224918789221,0.0083722249187822,0.00837222491877519,0.008372224918768175,0.008372224918761165,0.008372224918754157,0.008372224918747147,0.008372224918740147,0.008372224918733141,0.008372224918726138,0.008372224918719137,0.008372224918712139,0.00837222491870514,0.008372224918698141,0.008372224918691147,0.008372224918684152,0.008372224918677163,0.008372224918670172,0.008372224918663185,0.008372224918656199,0.008372224918649212,0.008372224918642228,0.008372224918635244,0.008372224918628261,0.008372224918621279,0.008372224918614302,0.008372224918607325,0.008372224918600346,0.008372224918593374,0.008372224918586402,0.00837222491857943,0.008372224918572462,0.008372224918565499,0.008372224918558532,0.008372224918551566,0.008372224918544606,0.008372224918537646,0.008372224918530687,0.008372224918523723,0.008372224918516772,0.00837222491850982,0.008372224918502867,0.008372224918495914,0.008372224918488963,0.008372224918482015,0.008372224918475073,0.008372224918468122,0.008372224918461181,0.008372224918454236,0.008372224918447293,0.008372224918440354,0.008372224918433417,0.008372224918426482,0.008372224918419546,0.00837222491841261,0.00837222491840568,0.008372224918398747,0.00837222491839182,0.008372224918384892,0.00837222491837797,0.00837222491837105,0.008372224918364124,0.008372224918357202,0.008372224918350282,0.008372224918343362,0.008372224918336448,0.008372224918329533,0.008372224918322617,0.008372224918315707,0.0083722249183088,0.008372224918301889,0.008372224918294981,0.008372224918288073,0.008372224918281171,0.008372224918274279,0.008372224918267376,0.008372224918260479,0.008372224918253578,0.008372224918246681,0.008372224918239787,0.008372224918232894,0.008372224918226003,0.008372224918219118,0.008372224918212228,0.008372224918205341,0.008372224918198456,0.008372224918191572,0.00837222491818469,0.008372224918177813,0.00837222491817093,0.008372224918164053,0.008372224918157173,0.008372224918150298,0.008372224918143425,0.008372224918136552,0.008372224918129683,0.008372224918122811,0.008372224918115944,0.00837222491810908,0.008372224918102213,0.008372224918095344,0.008372224918088486,0.008372224918081626,0.008372224918074767,0.008372224918067911,0.008372224918061059,0.008372224918054207,0.008372224918047354,0.008372224918040504,0.008372224918033654,0.008372224918026807,0.008372224918019961,0.00837222491801312,0.008372224918006278,0.008372224917999434,0.008372224917992593,0.008372224917985754,0.008372224917978916,0.008372224917972085,0.008372224917965248,0.008372224917958413,0.008372224917951582,0.00837222491794475,0.008372224917937925,0.008372224917931093,0.00837222491792427,0.008372224917917448,0.008372224917910625,0.008372224917903806,0.008372224917896982,0.00837222491789017,0.008372224917883348,0.008372224917876538,0.008372224917869719,0.00837222491786291,0.0083722249178561,0.008372224917849289,0.00837222491784248,0.008372224917835673,0.008372224917828866,0.008372224917822071,0.008372224917815266,0.008372224917808464,0.008372224917801669,0.00837222491779487,0.008372224917788077,0.008372224917781283,0.008372224917774488,0.008372224917767694,0.008372224917760906,0.008372224917754115,0.008372224917747327,0.008372224917740546,0.00837222491773376,0.008372224917726979,0.008372224917720193,0.008372224917713415,0.008372224917706634,0.00837222491769986,0.00837222491769308,0.00837222491768631,0.008372224917679534,0.008372224917672763,0.008372224917665991,0.008372224917659222,0.008372224917652459,0.008372224917645693,0.00837222491763893,0.008372224917632167,0.008372224917625406,0.008372224917618649,0.008372224917611895,0.008372224917605135,0.008372224917598379,0.008372224917591629,0.008372224917584875,0.008372224917578126,0.008372224917571376,0.008372224917564624,0.00837222491755788,0.008372224917551133,0.008372224917544385,0.008372224917537644,0.008372224917530905,0.00837222491752416,0.008372224917517428,0.008372224917510692,0.008372224917503958,0.008372224917497225,0.00837222491749049,0.00837222491748376,0.008372224917477031,0.008372224917470304,0.008372224917463577,0.008372224917456853,0.008372224917450133,0.00837222491744341,0.008372224917436688,0.008372224917429973,0.008372224917423253,0.008372224917416536,0.00837222491740982,0.008372224917403102,0.008372224917396393,0.008372224917389684,0.008372224917382973,0.008372224917376263,0.008372224917369562,0.008372224917362857,0.00837222491735615,0.00837222491734945,0.00837222491734275,0.008372224917336048,0.00837222491732935,0.008372224917322658,0.008372224917315959,0.008372224917309268,0.008372224917302575,0.008372224917295886,0.008372224917289197,0.008372224917282506,0.008372224917275819,0.008372224917269135,0.008372224917262456,0.008372224917255772,0.008372224917249092,0.008372224917242413,0.008372224917235738,0.00837222491722906,0.008372224917222384,0.008372224917215712,0.00837222491720904,0.008372224917202367,0.008372224917195697,0.008372224917189032,0.008372224917182359,0.008372224917175703,0.00837222491716903,0.008372224917162371,0.008372224917155712,0.008372224917149056,0.0083722249171424,0.00837222491713574,0.008372224917129087,0.008372224917122438,0.008372224917115785,0.008372224917109134,0.008372224917102487,0.00837222491709584,0.008372224917089194,0.008372224917082548,0.008372224917075906,0.008372224917069258,0.008372224917062616,0.008372224917055974,0.008372224917049337,0.008372224917042703,0.008372224917036066,0.00837222491702943,0.0083722249170228,0.008372224917016169,0.008372224917009535,0.008372224917002914,0.008372224916996289,0.008372224916989664,0.00837222491698304,0.008372224916976418,0.008372224916969793,0.008372224916963177,0.008372224916956557,0.008372224916949939,0.008372224916943321,0.008372224916936705,0.00837222491693009,0.00837222491692348,0.00837222491691687,0.008372224916910262,0.008372224916903656,0.008372224916897045,0.008372224916890445,0.008372224916883844,0.00837222491687724,0.00837222491687064,0.008372224916864044,0.008372224916857447,0.00837222491685085,0.008372224916844263,0.008372224916837664,0.008372224916831077,0.008372224916824487,0.008372224916817906,0.008372224916811308,0.008372224916804722,0.008372224916798135,0.008372224916791557,0.008372224916784972,0.008372224916778396,0.008372224916771821,0.008372224916765241,0.008372224916758665,0.008372224916752085,0.008372224916745514,0.008372224916738941,0.00837222491673237,0.0083722249167258,0.008372224916719228,0.008372224916712662,0.008372224916706092,0.008372224916699525,0.008372224916692969,0.008372224916686408,0.008372224916679848,0.008372224916673289,0.008372224916666721,0.00837222491666017,0.008372224916653615,0.00837222491664707,0.008372224916640516,0.008372224916633964,0.008372224916627416,0.008372224916620867,0.008372224916614318,0.008372224916607777,0.008372224916601235,0.008372224916594694,0.008372224916588147,0.008372224916581612,0.008372224916575069,0.00837222491656853,0.008372224916561997,0.008372224916555463,0.008372224916548926,0.0083722249165424,0.008372224916535869,0.00837222491652934,0.008372224916522814,0.008372224916516291,0.008372224916509765,0.008372224916503244,0.008372224916496722,0.008372224916490199,0.00837222491648368,0.008372224916477164,0.008372224916470647,0.008372224916464131,0.00837222491645762,0.008372224916451109,0.008372224916444598,0.008372224916438084,0.008372224916431577,0.008372224916425072,0.008372224916418569,0.00837222491641206,0.008372224916405555,0.00837222491639905,0.008372224916392551,0.00837222491638605,0.008372224916379553,0.008372224916373058,0.008372224916366567,0.00837222491636007,0.008372224916353577,0.008372224916347083,0.008372224916340598,0.008372224916334107,0.008372224916327616,0.008372224916321131,0.00837222491631465,0.008372224916308162,0.008372224916301671,0.008372224916295195,0.008372224916288713,0.008372224916282235,0.00837222491627576,0.00837222491626928,0.008372224916262806,0.008372224916256334,0.008372224916249865,0.008372224916243393,0.008372224916236928,0.008372224916230462,0.008372224916223995,0.008372224916217532,0.008372224916211068,0.008372224916204606,0.008372224916198146,0.00837222491619169,0.008372224916185233,0.008372224916178774,0.008372224916172323,0.008372224916165872,0.008372224916159417,0.008372224916152969,0.008372224916146519,0.008372224916140066,0.00837222491613362,0.008372224916127177,0.008372224916120732,0.008372224916114284,0.008372224916107843,0.008372224916101406,0.008372224916094963,0.008372224916088522,0.008372224916082088,0.008372224916075654,0.00837222491606922,0.008372224916062784,0.008372224916056355,0.008372224916049926,0.0083722249160435,0.008372224916037077,0.008372224916030646,0.008372224916024225,0.0083722249160178,0.008372224916011377,0.008372224916004955,0.008372224915998542,0.008372224915992117,0.008372224915985703,0.008372224915979287,0.008372224915972873,0.008372224915966453,0.008372224915960038,0.00837222491595363,0.00837222491594722,0.008372224915940812,0.008372224915934413,0.008372224915928006,0.008372224915921603,0.008372224915915202,0.008372224915908801,0.008372224915902407,0.008372224915896006,0.008372224915889607,0.008372224915883212,0.008372224915876815,0.008372224915870424,0.008372224915864031,0.008372224915857637,0.008372224915851254,0.008372224915844861,0.00837222491583848,0.00837222491583209,0.008372224915825703,0.00837222491581932,0.008372224915812939,0.008372224915806562,0.008372224915800182,0.008372224915793805,0.008372224915787428,0.008372224915781053,0.00837222491577468,0.008372224915768308,0.008372224915761934,0.008372224915755564,0.008372224915749201,0.008372224915742833,0.008372224915736469,0.008372224915730099,0.008372224915723741,0.00837222491571738,0.008372224915711017,0.00837222491570467,0.00837222491569831,0.008372224915691949,0.008372224915685596,0.008372224915679244,0.008372224915672891,0.008372224915666538,0.008372224915660186,0.008372224915653839,0.00837222491564749,0.008372224915641144,0.008372224915634802,0.008372224915628456,0.008372224915622114,0.008372224915615773,0.008372224915609431,0.008372224915603093,0.008372224915596756,0.00837222491559042,0.008372224915584085,0.008372224915577755,0.008372224915571418,0.00837222491556508,0.008372224915558751,0.008372224915552423,0.008372224915546095,0.008372224915539767,0.008372224915533447,0.00837222491552712,0.008372224915520797,0.008372224915514478,0.008372224915508158,0.00837222491550184,0.008372224915495526,0.00837222491548921,0.008372224915482892,0.008372224915476583,0.008372224915470272,0.008372224915463963,0.008372224915457652,0.008372224915451344,0.008372224915445039,0.008372224915438736,0.00837222491543243,0.008372224915426127,0.008372224915419826,0.008372224915413524,0.008372224915407225,0.008372224915400924,0.00837222491539463,0.008372224915388336,0.008372224915382042,0.008372224915375742,0.008372224915369453,0.008372224915363163,0.008372224915356873,0.008372224915350585,0.0083722249153443,0.008372224915338015,0.008372224915331732,0.00837222491532545,0.008372224915319169,0.008372224915312887,0.008372224915306616,0.00837222491530033,0.008372224915294057,0.008372224915287784,0.008372224915281506,0.008372224915275233,0.00837222491526896,0.008372224915262691,0.008372224915256408,0.00837222491525014,0.008372224915243873,0.008372224915237609,0.008372224915231345,0.008372224915225079,0.00837222491521882,0.008372224915212561,0.008372224915206304,0.008372224915200047,0.008372224915193783,0.008372224915187534,0.008372224915181276,0.008372224915175027,0.008372224915168772,0.008372224915162525,0.008372224915156276,0.00837222491515003,0.008372224915143781,0.008372224915137534,0.008372224915131291,0.00837222491512505,0.00837222491511881,0.00837222491511257,0.008372224915106335,0.008372224915100096,0.008372224915093858,0.008372224915087621,0.008372224915081388,0.008372224915075156,0.008372224915068926,0.008372224915062693,0.008372224915056469,0.00837222491505024,0.008372224915044014,0.008372224915037786,0.008372224915031565,0.008372224915025338,0.00837222491501912,0.008372224915012898,0.008372224915006677,0.008372224915000462,0.008372224914994241,0.008372224914988024,0.008372224914981814,0.008372224914975598,0.008372224914969388,0.008372224914963174,0.008372224914956965,0.008372224914950755,0.00837222491494455,0.008372224914938345,0.008372224914932143,0.00837222491492594,0.008372224914919742,0.008372224914913537,0.00837222491490734,0.008372224914901142,0.008372224914894946,0.008372224914888747,0.008372224914882554,0.008372224914876358,0.008372224914870163,0.008372224914863976,0.008372224914857788,0.008372224914851595,0.008372224914845407,0.008372224914839223,0.00837222491483304,0.008372224914826858,0.008372224914820673,0.008372224914814494,0.008372224914808313,0.008372224914802136,0.008372224914795959,0.008372224914789787,0.008372224914783608,0.008372224914777432,0.008372224914771263,0.00837222491476509,0.00837222491475892,0.00837222491475275,0.008372224914746582,0.008372224914740415,0.008372224914734251,0.008372224914728084,0.00837222491472192,0.00837222491471576,0.008372224914709599,0.008372224914703442,0.008372224914697284,0.008372224914691128,0.00837222491468497,0.008372224914678818,0.008372224914672663,0.008372224914666512,0.008372224914660359,0.008372224914654213,0.008372224914648067,0.008372224914641915,0.008372224914635771,0.008372224914629628,0.00837222491462348,0.008372224914617341,0.0083722249146112,0.008372224914605061,0.008372224914598922,0.008372224914592788,0.008372224914586647,0.008372224914580513,0.008372224914574374,0.008372224914568245,0.008372224914562115,0.008372224914555984,0.008372224914549855,0.008372224914543726,0.008372224914537601,0.008372224914531472,0.008372224914525347,0.008372224914519227,0.008372224914513105,0.008372224914506983,0.008372224914500861,0.008372224914494743,0.008372224914488625,0.008372224914482512,0.008372224914476398,0.008372224914470285,0.008372224914464172,0.008372224914458062,0.008372224914451951,0.00837222491444584,0.008372224914439732,0.008372224914433629,0.008372224914427526,0.008372224914421418,0.008372224914415314,0.00837222491440921,0.00837222491440311,0.008372224914397012,0.008372224914390911,0.008372224914384812,0.008372224914378716,0.008372224914372626,0.008372224914366533,0.008372224914360437,0.008372224914354348,0.008372224914348256,0.008372224914342167,0.008372224914336082,0.008372224914329995,0.008372224914323908,0.008372224914317824,0.008372224914311744,0.008372224914305662,0.008372224914299578,0.0083722249142935,0.008372224914287421,0.008372224914281346,0.008372224914275268,0.008372224914269196,0.008372224914263125,0.008372224914257051,0.008372224914250982,0.00837222491424491,0.008372224914238842,0.008372224914232776,0.008372224914226711,0.008372224914220648,0.008372224914214585,0.008372224914208524,0.00837222491420246,0.0083722249141964,0.008372224914190344,0.008372224914184281,0.008372224914178225,0.008372224914172173,0.008372224914166117,0.008372224914160063,0.00837222491415401,0.008372224914147958,0.008372224914141904,0.008372224914135853,0.008372224914129806,0.00837222491412376,0.008372224914117715,0.008372224914111673,0.008372224914105627,0.008372224914099587,0.00837222491409355,0.008372224914087508,0.008372224914081468,0.008372224914075433,0.008372224914069398,0.008372224914063364,0.008372224914057329,0.008372224914051297,0.008372224914045266,0.008372224914039236,0.008372224914033206,0.008372224914027174,0.008372224914021151,0.008372224914015123,0.0083722249140091,0.008372224914003074,0.008372224913997054,0.008372224913991035,0.008372224913985015,0.008372224913978996,0.008372224913972978,0.00837222491396696,0.008372224913960948,0.00837222491395493,0.00837222491394892,0.008372224913942908,0.008372224913936898,0.008372224913930887,0.008372224913924876,0.008372224913918867,0.00837222491391286,0.00837222491390686,0.008372224913900854,0.008372224913894846,0.00837222491388885,0.008372224913882849,0.00837222491387685,0.00837222491387085,0.008372224913864855,0.008372224913858858,0.008372224913852862,0.008372224913846867,0.008372224913840874,0.008372224913834886,0.008372224913828896,0.008372224913822907,0.008372224913816917,0.00837222491381093,0.008372224913804948,0.008372224913798963,0.008372224913792982,0.008372224913787,0.008372224913781019,0.008372224913775038,0.008372224913769058,0.00837222491376308,0.008372224913757102,0.008372224913751124,0.00837222491374515,0.008372224913739179,0.00837222491373321,0.008372224913727239,0.008372224913721268,0.008372224913715302,0.00837222491370933,0.008372224913703366,0.0083722249136974,0.008372224913691436,0.008372224913685474,0.008372224913679512,0.008372224913673553,0.008372224913667597,0.008372224913661635,0.008372224913655682,0.00837222491364973,0.008372224913643773,0.00837222491363782,0.008372224913631867,0.008372224913625919,0.008372224913619967,0.00837222491361402,0.008372224913608072,0.008372224913602127,0.008372224913596179,0.008372224913590234,0.00837222491358429,0.008372224913578351,0.008372224913572406,0.008372224913566465,0.00837222491356053,0.008372224913554587,0.008372224913548653,0.008372224913542718,0.008372224913536785,0.008372224913530851,0.008372224913524918,0.008372224913518989,0.008372224913513054,0.008372224913507127,0.008372224913501201,0.008372224913495277,0.00837222491348935,0.008372224913483424,0.008372224913477501,0.008372224913471577,0.008372224913465658,0.008372224913459738,0.00837222491345382,0.008372224913447902,0.008372224913441988,0.008372224913436074,0.008372224913430157,0.008372224913424244,0.008372224913418332,0.008372224913412423,0.008372224913406508,0.008372224913400603,0.008372224913394694,0.008372224913388791,0.008372224913382886,0.00837222491337698,0.00837222491337108,0.008372224913365178,0.00837222491335928,0.008372224913353378,0.00837222491334748,0.008372224913341584,0.008372224913335686,0.008372224913329793,0.008372224913323904,0.008372224913318009,0.008372224913312118,0.008372224913306225,0.008372224913300336,0.008372224913294445,0.008372224913288559,0.008372224913282673,0.008372224913276785,0.0083722249132709,0.008372224913265018,0.008372224913259134,0.008372224913253252,0.008372224913247373,0.008372224913241496,0.008372224913235617,0.008372224913229745,0.008372224913223867,0.00837222491321799,0.00837222491321212,0.008372224913206248,0.00837222491320038,0.00837222491319451,0.00837222491318864,0.008372224913182777,0.00837222491317691,0.008372224913171047,0.00837222491316518,0.008372224913159318,0.008372224913153457,0.008372224913147593,0.008372224913141737,0.008372224913135879,0.00837222491313002,0.008372224913124162,0.00837222491311831,0.008372224913112456,0.008372224913106605,0.00837222491310075,0.0083722249130949,0.00837222491308905,0.008372224913083199,0.008372224913077353,0.008372224913071507,0.008372224913065657,0.008372224913059813,0.00837222491305397,0.008372224913048128,0.00837222491304229,0.008372224913036446,0.008372224913030612,0.008372224913024773,0.008372224913018936,0.0083722249130131,0.008372224913007266,0.008372224913001429,0.008372224912995599,0.008372224912989765,0.008372224912983933,0.008372224912978107,0.008372224912972277,0.008372224912966452,0.008372224912960623,0.0083722249129548,0.008372224912948976,0.008372224912943151,0.008372224912937333,0.008372224912931511,0.00837222491292569,0.008372224912919874,0.008372224912914054,0.008372224912908243,0.008372224912902427,0.008372224912896612,0.008372224912890795,0.008372224912884984,0.008372224912879176,0.008372224912873365,0.008372224912867555,0.008372224912861749,0.00837222491285594,0.008372224912850135,0.00837222491284433,0.008372224912838526,0.008372224912832722,0.00837222491282692,0.00837222491282112,0.008372224912815321,0.008372224912809525,0.008372224912803723,0.00837222491279793,0.008372224912792133,0.00837222491278634,0.00837222491278055,0.00837222491277476,0.008372224912768966,0.008372224912763179,0.00837222491275739,0.008372224912751601,0.008372224912745816,0.008372224912740032,0.008372224912734247,0.008372224912728463,0.00837222491272268,0.0083722249127169,0.00837222491271112,0.008372224912705341,0.008372224912699566,0.008372224912693791,0.008372224912688015,0.00837222491268224,0.008372224912676465,0.008372224912670699,0.008372224912664924,0.00837222491265915,0.008372224912653386,0.008372224912647615,0.008372224912641854,0.00837222491263608,0.008372224912630318,0.008372224912624552,0.008372224912618789,0.00837222491261303,0.008372224912607265,0.008372224912601506,0.008372224912595748,0.008372224912589986,0.00837222491258423,0.008372224912578474,0.008372224912572718,0.008372224912566971,0.008372224912561217,0.008372224912555468,0.008372224912549714,0.008372224912543969,0.008372224912538221,0.008372224912532469,0.008372224912526727,0.00837222491252098,0.008372224912515235,0.008372224912509491,0.008372224912503747,0.008372224912498004,0.008372224912492263,0.008372224912486523,0.008372224912480785,0.008372224912475048,0.008372224912469315,0.008372224912463578,0.008372224912457845,0.00837222491245211,0.008372224912446383,0.008372224912440654,0.00837222491243492,0.008372224912429194,0.008372224912423466,0.00837222491241774,0.008372224912412015,0.00837222491240629,0.008372224912400568,0.008372224912394846,0.008372224912389124,0.008372224912383404,0.008372224912377685,0.008372224912371967,0.008372224912366244,0.008372224912360534,0.008372224912354816,0.008372224912349104,0.008372224912343386,0.008372224912337679,0.008372224912331964,0.008372224912326257,0.00837222491232055,0.008372224912314844,0.00837222491230914,0.008372224912303432,0.00837222491229773,0.008372224912292024,0.008372224912286326,0.008372224912280622,0.008372224912274925,0.008372224912269223,0.008372224912263521,0.008372224912257826,0.00837222491225213,0.008372224912246432,0.008372224912240739,0.008372224912235049,0.008372224912229357,0.008372224912223662,0.008372224912217976,0.00837222491221229,0.008372224912206601,0.008372224912200915,0.008372224912195232,0.008372224912189545,0.008372224912183859,0.008372224912178183,0.008372224912172498,0.008372224912166817,0.008372224912161141,0.00837222491215546,0.008372224912149786,0.008372224912144104,0.008372224912138427,0.008372224912132758,0.008372224912127081,0.008372224912121409,0.008372224912115736,0.008372224912110069,0.008372224912104414,0.008372224912098745,0.00837222491209308,0.008372224912087417,0.008372224912081748,0.008372224912076086,0.008372224912070418,0.008372224912064753,0.00837222491205909,0.008372224912053429,0.008372224912047765,0.008372224912042108,0.008372224912036454,0.008372224912030799,0.008372224912025146,0.008372224912019494,0.008372224912013842,0.008372224912008189,0.008372224912002544,0.00837222491199689,0.008372224911991246,0.008372224911985596,0.008372224911979954,0.008372224911974304,0.008372224911968663,0.008372224911963017,0.008372224911957375,0.008372224911951734,0.008372224911946093,0.008372224911940456,0.008372224911934817,0.008372224911929179,0.008372224911923543,0.008372224911917907,0.008372224911912272,0.008372224911906642,0.008372224911901004,0.008372224911895376,0.008372224911889745,0.008372224911884116,0.008372224911878487,0.008372224911872861,0.008372224911867239,0.008372224911861613,0.008372224911855986,0.008372224911850364,0.008372224911844745,0.008372224911839124,0.008372224911833504,0.008372224911827887,0.008372224911822266,0.00837222491181665,0.008372224911811036,0.008372224911805417,0.008372224911799807,0.008372224911794185,0.008372224911788573,0.008372224911782966,0.008372224911777353,0.00837222491177174,0.00837222491176613,0.008372224911760522,0.008372224911754919,0.008372224911749312,0.008372224911743706,0.008372224911738104,0.008372224911732505,0.008372224911726903,0.008372224911721302,0.008372224911715702,0.008372224911710106,0.008372224911704508,0.00837222491169891,0.008372224911693317,0.008372224911687726,0.008372224911682134,0.008372224911676543,0.008372224911670948,0.008372224911665357,0.00837222491165977,0.008372224911654184,0.008372224911648594,0.008372224911643007,0.008372224911637421,0.008372224911631837,0.008372224911626253,0.008372224911620678,0.008372224911615097,0.008372224911609518,0.008372224911603932,0.008372224911598357,0.008372224911592775,0.0083722249115872,0.008372224911581625,0.008372224911576048,0.008372224911570478,0.008372224911564904,0.008372224911559334,0.00837222491155376,0.008372224911548192,0.008372224911542625,0.008372224911537059,0.00837222491153149,0.008372224911525929,0.008372224911520362,0.008372224911514795,0.00837222491150923,0.008372224911503677,0.008372224911498109,0.008372224911492554,0.008372224911486993,0.008372224911481442,0.008372224911475878,0.008372224911470324,0.00837222491146477,0.008372224911459215,0.008372224911453667,0.00837222491144811,0.008372224911442563,0.008372224911437012,0.008372224911431464,0.008372224911425915,0.008372224911420369,0.008372224911414821,0.008372224911409279,0.008372224911403735,0.008372224911398192,0.00837222491139265,0.00837222491138711,0.008372224911381567,0.00837222491137603,0.00837222491137049,0.008372224911364953,0.008372224911359418,0.00837222491135388,0.008372224911348349,0.008372224911342816,0.008372224911337283,0.008372224911331754,0.008372224911326219,0.008372224911320695,0.008372224911315163,0.008372224911309636,0.008372224911304111,0.008372224911298583,0.00837222491129306,0.008372224911287536,0.008372224911282014,0.008372224911276491,0.008372224911270973,0.008372224911265451,0.008372224911259942,0.008372224911254422,0.008372224911248904,0.008372224911243389,0.008372224911237873,0.008372224911232363,0.00837222491122685,0.008372224911221337,0.008372224911215831,0.008372224911210317,0.008372224911204807,0.008372224911199303,0.008372224911193795,0.008372224911188289,0.008372224911182783,0.008372224911177284,0.008372224911171778,0.008372224911166277,0.008372224911160776,0.008372224911155276,0.008372224911149776,0.008372224911144276,0.008372224911138778,0.008372224911133283,0.008372224911127792,0.008372224911122295,0.008372224911116796,0.008372224911111304,0.008372224911105815,0.008372224911100326,0.008372224911094836,0.008372224911089346,0.008372224911083864,0.008372224911078372,0.008372224911072878,0.008372224911067403,0.00837222491106192,0.008372224911056436,0.008372224911050953,0.00837222491104547,0.00837222491103999,0.008372224911034514,0.008372224911029036,0.00837222491102356,0.008372224911018083,0.008372224911012605,0.008372224911007132,0.008372224911001657,0.00837222491099619,0.008372224910990714,0.008372224910985247,0.008372224910979779,0.00837222491097431,0.008372224910968843,0.008372224910963379,0.00837222491095792,0.00837222491095245,0.008372224910946989,0.008372224910941526,0.008372224910936062,0.008372224910930603,0.008372224910925144,0.008372224910919686,0.008372224910914224,0.008372224910908771,0.008372224910903314,0.008372224910897858,0.0083722249108924,0.008372224910886948,0.008372224910881495,0.008372224910876039,0.00837222491087059,0.008372224910865141,0.008372224910859694,0.008372224910854245,0.0083722249108488,0.008372224910843355,0.008372224910837911,0.008372224910832464,0.00837222491082702,0.008372224910821582,0.008372224910816144,0.008372224910810699,0.00837222491080526,0.00837222491079982,0.008372224910794384,0.00837222491078895,0.008372224910783516,0.008372224910778082,0.008372224910772648,0.008372224910767216,0.008372224910761786,0.008372224910756355,0.008372224910750927,0.008372224910745494,0.008372224910740054,0.008372224910734631,0.008372224910729205,0.008372224910723779,0.008372224910718356,0.008372224910712931,0.00837222491070751,0.008372224910702084,0.008372224910696665,0.008372224910691244,0.008372224910685825,0.008372224910680409,0.008372224910674993,0.008372224910669575,0.008372224910664161,0.00837222491065875,0.008372224910653342,0.00837222491064793,0.008372224910642514,0.00837222491063711,0.008372224910631701,0.008372224910626292,0.00837222491062089,0.008372224910615482,0.008372224910610074,0.00837222491060467,0.00837222491059927,0.008372224910593865,0.008372224910588469,0.008372224910583067,0.00837222491057767,0.00837222491057227,0.00837222491056687,0.008372224910561473,0.008372224910556076,0.008372224910550683,0.00837222491054529,0.0083722249105399,0.008372224910534506,0.008372224910529111,0.008372224910523725,0.008372224910518337,0.008372224910512947,0.008372224910507561,0.008372224910502178,0.008372224910496792,0.008372224910491409,0.008372224910486024,0.008372224910480638,0.008372224910475262,0.00837222491046988,0.008372224910464496,0.00837222491045912,0.008372224910453743,0.008372224910448364,0.008372224910442984,0.008372224910437608,0.008372224910432236,0.008372224910426863,0.008372224910421479,0.00837222491041611,0.008372224910410737,0.008372224910405365,0.008372224910399994,0.008372224910394634,0.00837222491038927,0.008372224910383906,0.008372224910378543,0.008372224910373177,0.008372224910367813,0.00837222491036245,0.00837222491035709,0.00837222491035173,0.008372224910346369,0.008372224910341008,0.008372224910335648,0.008372224910330297,0.008372224910324938,0.008372224910319583,0.008372224910314228,0.008372224910308878,0.008372224910303525,0.008372224910298173,0.008372224910292823,0.008372224910287473,0.008372224910282128,0.008372224910276784,0.008372224910271437,0.008372224910266091,0.008372224910260746,0.008372224910255405,0.008372224910250066,0.008372224910244721,0.008372224910239376,0.008372224910234032,0.008372224910228696,0.008372224910223354,0.008372224910218017,0.008372224910212684,0.008372224910207343,0.008372224910202007,0.00837222491019668,0.008372224910191347,0.00837222491018601,0.008372224910180682,0.008372224910175355,0.008372224910170024,0.008372224910164698,0.008372224910159373,0.008372224910154049,0.008372224910148723,0.008372224910143397,0.008372224910138074,0.008372224910132751,0.00837222491012743,0.008372224910122142,0.008372224910116827,0.008372224910111506,0.008372224910106191,0.008372224910100872,0.008372224910095552,0.008372224910090239,0.008372224910084925,0.008372224910079606,0.008372224910074295,0.008372224910068981,0.008372224910063671,0.00837222491005836,0.008372224910053048,0.008372224910047741,0.008372224910042438,0.008372224910037128,0.008372224910031823,0.008372224910026519,0.00837222491002121,0.008372224910015907,0.008372224910010604,0.008372224910005303,0.008372224910000009,0.008372224909994702,0.008372224909989404,0.008372224909984115,0.008372224909978812,0.008372224909973516,0.00837222490996822,0.008372224909962927,0.008372224909957635,0.008372224909952338,0.008372224909947048,0.008372224909941755,0.008372224909936462,0.008372224909931177,0.008372224909925893,0.008372224909920605,0.00837222490991532,0.008372224909910034,0.008372224909904752,0.008372224909899471,0.008372224909894187,0.008372224909888903,0.008372224909883626,0.00837222490987835,0.008372224909873065,0.008372224909867786,0.00837222490986251,0.008372224909857229,0.008372224909851957,0.008372224909846678,0.008372224909841405,0.008372224909836136,0.008372224909830866,0.008372224909825593,0.008372224909820323,0.008372224909815054,0.008372224909809786,0.008372224909804521,0.008372224909799253,0.00837222490979399,0.008372224909788728,0.00837222490978346,0.008372224909778193,0.00837222490977293,0.00837222490976767,0.008372224909762412,0.008372224909757153,0.008372224909751895,0.008372224909746638,0.008372224909741377,0.008372224909736124,0.008372224909730865,0.008372224909725612,0.008372224909720359,0.008372224909715105,0.008372224909709854,0.008372224909704604,0.008372224909699352,0.008372224909694102,0.008372224909688853,0.00837222490968361,0.008372224909678367,0.008372224909673117,0.008372224909667875,0.008372224909662633,0.00837222490965739,0.00837222490965215,0.008372224909646911,0.008372224909641672,0.008372224909636431,0.00837222490963119,0.008372224909625949,0.008372224909620715,0.008372224909615481,0.008372224909610246,0.008372224909605014,0.008372224909599782,0.008372224909594552,0.008372224909589316,0.008372224909584083,0.008372224909578856,0.008372224909573624,0.008372224909568392,0.008372224909563164,0.008372224909557939,0.00837222490955271,0.008372224909547485,0.00837222490954226,0.008372224909537037,0.008372224909531817,0.008372224909526597,0.00837222490952138,0.00837222490951616,0.008372224909510936,0.008372224909505717,0.008372224909500504,0.008372224909495287,0.008372224909490073,0.00837222490948486,0.008372224909479647,0.008372224909474436,0.008372224909469221,0.008372224909464014,0.008372224909458804,0.008372224909453599,0.008372224909448391,0.008372224909443185,0.00837222490943798,0.008372224909432778,0.008372224909427569,0.008372224909422368,0.008372224909417164,0.00837222490941196,0.008372224909406756,0.008372224909401557,0.008372224909396356,0.008372224909391159,0.00837222490938596,0.008372224909380761,0.00837222490937557,0.008372224909370375,0.008372224909365183,0.008372224909359984,0.008372224909354792,0.0083722249093496,0.008372224909344412,0.008372224909339221,0.008372224909334033,0.008372224909328851,0.008372224909323663,0.008372224909318477,0.00837222490931329,0.008372224909308104,0.008372224909302915,0.00837222490929773,0.008372224909292547,0.008372224909287369,0.008372224909282192,0.008372224909277016,0.00837222490927183,0.008372224909266649,0.008372224909261474,0.008372224909256296,0.008372224909251122,0.008372224909245947,0.008372224909240776,0.008372224909235603,0.008372224909230428,0.00837222490922526,0.008372224909220087,0.008372224909214918,0.008372224909209752,0.008372224909204586,0.008372224909199416,0.008372224909194256,0.008372224909189091,0.008372224909183925,0.008372224909178763,0.0083722249091736,0.008372224909168443,0.00837222490916328,0.008372224909158123,0.008372224909152964,0.008372224909147805,0.008372224909142648,0.00837222490913749,0.008372224909132333,0.008372224909127177,0.008372224909122023,0.00837222490911687,0.008372224909111709,0.008372224909106557,0.008372224909101405,0.008372224909096254,0.008372224909091107,0.008372224909085959,0.008372224909080812,0.008372224909075666,0.00837222490907052,0.008372224909065378,0.008372224909060238,0.008372224909055098,0.008372224909049953,0.008372224909044811,0.008372224909039674,0.008372224909034533,0.008372224909029394,0.008372224909024256,0.008372224909019121,0.008372224909013988,0.008372224909008854,0.008372224909003717,0.008372224908998584,0.00837222490899345,0.008372224908988316,0.008372224908983188,0.008372224908978062,0.008372224908972934,0.008372224908967801,0.008372224908962674,0.008372224908957547,0.008372224908952421,0.008372224908947299,0.00837222490894217,0.008372224908937048,0.008372224908931924,0.008372224908926803,0.008372224908921682,0.008372224908916558,0.008372224908911442,0.008372224908906323,0.008372224908901209,0.008372224908896091,0.008372224908890974,0.008372224908885858,0.008372224908880748,0.008372224908875629,0.008372224908870522,0.00837222490886541,0.008372224908860297,0.008372224908855188,0.008372224908850078,0.008372224908844967,0.008372224908839866,0.008372224908834758,0.008372224908829655,0.008372224908824548,0.008372224908819444,0.008372224908814343,0.008372224908809239,0.008372224908804139,0.008372224908799037,0.008372224908793939,0.008372224908788837,0.008372224908783739,0.008372224908778642,0.00837222490877354,0.008372224908768445,0.008372224908763352,0.008372224908758255,0.008372224908753159,0.008372224908748067,0.008372224908742974,0.008372224908737881,0.008372224908732791,0.008372224908727697,0.008372224908722612,0.00837222490871752,0.008372224908712438,0.008372224908707357,0.008372224908702267,0.008372224908697181,0.008372224908692103,0.00837222490868702,0.008372224908681936,0.008372224908676855,0.00837222490867178,0.0083722249086667,0.008372224908661621,0.008372224908656549,0.008372224908651473,0.008372224908646394,0.008372224908641323,0.008372224908636244,0.00837222490863117,0.008372224908626097,0.008372224908621021,0.008372224908615953,0.00837222490861088,0.00837222490860581,0.008372224908600739,0.008372224908595672,0.008372224908590605,0.008372224908585543,0.008372224908580476,0.008372224908575412,0.00837222490857035,0.008372224908565287,0.008372224908560225,0.008372224908555166,0.0083722249085501,0.008372224908545042,0.00837222490853998,0.008372224908534922,0.008372224908529865,0.008372224908524808,0.00837222490851975,0.008372224908514697,0.008372224908509644,0.008372224908504594,0.008372224908499537,0.008372224908494489,0.008372224908489437,0.00837222490848439,0.008372224908479343,0.008372224908474293,0.008372224908469247,0.008372224908464202,0.008372224908459154,0.008372224908454106,0.008372224908449065,0.008372224908444026,0.008372224908438981,0.00837222490843394,0.008372224908428896,0.008372224908423858,0.008372224908418819,0.008372224908413776,0.008372224908408743,0.008372224908403702,0.008372224908398668,0.008372224908393634,0.008372224908388601,0.008372224908383569,0.008372224908378535,0.008372224908373506,0.008372224908368477,0.008372224908363443,0.008372224908358412,0.00837222490835338,0.008372224908348354,0.008372224908343325,0.008372224908338301,0.008372224908333278,0.008372224908328252,0.008372224908323225,0.008372224908318201,0.008372224908313184,0.00837222490830816,0.008372224908303146,0.008372224908298122,0.008372224908293103,0.008372224908288088,0.008372224908283071,0.008372224908278056,0.008372224908273041,0.008372224908268024,0.008372224908263011,0.008372224908257998,0.008372224908252984
9,1.0352484533610902e-44,2.9215881862589557e-44,5.78255798122715e-44,9.77218009023142e-44,1.5039416573268959e-43,2.1729243565955805e-43,2.9985032184551457e-43,3.994962851040749e-43,5.176600397181395e-43,6.55777059278361e-43,8.15289776135652e-43,9.976477499638946e-43,1.2043080826530412e-42,1.43673352622465e-42,1.6963929194244148e-42,1.984759709282628e-42,2.3033113590024397e-42,2.6535286675600614e-42,3.036895318303897e-42,3.4548967935503766e-42,3.9090208010322804e-42,4.40075649515803e-42,4.9315937577609765e-42,5.5030238159634955e-42,6.116538482261744e-42,6.773630136331464e-42,7.475791612645378e-42,8.224516092023792e-42,9.021297046693149e-42,9.867628148565927e-42,1.0765003243791129e-41,1.1714916310682683e-41,1.271886142737874e-41,1.3778332750695522e-41,1.4894824497985944e-41,1.6069830933546426e-41,1.7304846357827092e-41,1.8601365096402387e-41,1.9960881504736654e-41,2.1384889947499404e-41,2.2874884801184964e-41,2.4432360455689744e-41,2.6058811308651333e-41,2.7755731760486857e-41,2.9524616217336896e-41,3.136695908755351e-41,3.32842547846476e-41,3.5277997723988683e-41,3.734968231989594e-41,3.9500802984793704e-41,4.173285414049216e-41,4.404733020523748e-41,4.644572560050137e-41,4.89295347399737e-41,5.150025204864405e-41,5.415937194331923e-41,5.69083888451706e-41,5.97487971753628e-41,6.268209134456811e-41,6.57097657825206e-41,6.883331490782854e-41,7.205423313534201e-41,7.537401489361673e-41,7.879415459872516e-41,8.231614667081397e-41,8.594148553164708e-41,8.967166560012125e-41,9.350818129413234e-41,9.745252703779427e-41,1.01506197250165e-40,1.0567068635031186e-40,1.099474887597956e-40,1.143380989016439e-40,1.1884401119235713e-40,1.2346672005470256e-40,1.2820771990648115e-40,1.3306850516809091e-40,1.3805057026110714e-40,1.4315540960724043e-40,1.4838451762675831e-40,1.5373938873620472e-40,1.5922151735981432e-40,1.6483239791792942e-40,1.7057352482955958e-40,1.7644639251510302e-40,1.8245249539353466e-40,1.8859332788786143e-40,1.948703844157892e-40,2.012851593991084e-40,2.07839147256597e-40,2.1453384241268096e-40,2.213707392838737e-40,2.2835133229161857e-40,2.3547711585509234e-40,2.427495843984363e-40,2.5017023233947944e-40,2.577405540974599e-40,2.6546204409375565e-40,2.73336196748793e-40,2.813645064787713e-40,2.8954846771096604e-40,2.978895748630036e-40,3.063893223577573e-40,3.1504920461040826e-40,3.2387071604525943e-40,3.3285535107991396e-40,3.4200460413608938e-40,3.5131996963544924e-40,3.6080294199702716e-40,3.704550156397386e-40,3.802776849826477e-40,3.902724444488171e-40,4.004407884613191e-40,4.1078421143505124e-40,4.213042077930859e-40,4.320022719557707e-40,4.4287989834345324e-40,4.539385813764806e-40,4.651798154752009e-40,4.766050950599592e-40,4.8821591455531285e-40,5.000137683760287e-40,5.120001509409939e-40,5.241765566761135e-40,5.3654447999628566e-40,5.491054153273095e-40,5.618608570840786e-40,5.748122996896675e-40,5.8796123756715185e-40,6.013091651341467e-40,6.148575768082796e-40,6.286079670126221e-40,6.425618301702477e-40,6.567206606960516e-40,6.710859530131077e-40,6.856592015445128e-40,7.004419007078439e-40,7.1543554492074114e-40,7.3064162860627945e-40,7.46061646187533e-40,7.616970920821207e-40,7.775494607076694e-40,7.936202464872479e-40,8.099109438440432e-40,8.264230471954584e-40,8.431580509592193e-40,8.601174495611282e-40,8.773027374189166e-40,8.947154089528191e-40,9.123569585844645e-40,9.302288807288078e-40,9.48332669814427e-40,9.666698202562602e-40,9.852418264731203e-40,1.0040501828881818e-39,1.0230963839217919e-39,1.0423819239985089e-39,1.061908297533058e-39,1.0816769989472026e-39,1.1016895226626882e-39,1.1219473630942551e-39,1.1424520146705765e-39,1.1632049718065862e-39,1.184207728925215e-39,1.2054617804442017e-39,1.226968620782413e-39,1.2487297443657202e-39,1.2707466456090206e-39,1.2930208189381141e-39,1.315553758770618e-39,1.3383469595282755e-39,1.3614019156286505e-39,1.3847201214934764e-39,1.4083030715432078e-39,1.4321522601980679e-39,1.4562691818756216e-39,1.4806553309990237e-39,1.5053122019913464e-39,1.530241289270208e-39,1.555444087256057e-39,1.5809220903663143e-39,1.606676793024156e-39,1.6327096896526546e-39,1.659022274666704e-39,1.685616042489379e-39,1.7124924875438625e-39,1.7396531042448308e-39,1.7670993870154668e-39,1.7948328302761176e-39,1.8228549284471312e-39,1.851167175948855e-39,1.879771067201636e-39,1.9086680966258222e-39,1.9378597586417614e-39,1.9673475476726283e-39,1.9971329581331136e-39,2.027217484446394e-39,2.057602621032816e-39,2.0882898623127282e-39,2.119280702706478e-39,2.1505766366344128e-39,2.1821791585168795e-39,2.2140897627742263e-39,2.2463099438268008e-39,2.2788411960949494e-39,2.311685014001848e-39,2.344842891964992e-39,2.378316324401949e-39,2.4121068057358703e-39,2.446215830387104e-39,2.4806448927759977e-39,2.5153954873228976e-39,2.5504691084481516e-39,2.5858672505749448e-39,2.62159140811795e-39,2.6576430755044722e-39,2.6940237471466197e-39,2.730734917473064e-39,2.767778080898545e-39,2.80515473184201e-39,2.842866364729336e-39,2.8809144739796213e-39,2.919300554010331e-39,2.958026099243219e-39,2.997092604098664e-39,3.036501562998353e-39,3.0762544703598534e-39,3.1163528206021205e-39,3.156798108153676e-39,3.197591827424119e-39,3.238735472841971e-39,3.280230538824811e-39,3.322078519790122e-39,3.364280910166461e-39,3.4068392043662573e-39,3.4497548968095664e-39,3.4930294819222943e-39,3.536664454119337e-39,3.580661307823769e-39,3.625021537455938e-39,3.669746637436189e-39,3.7148381021848704e-39,3.7602974261223314e-39,3.806126103671752e-39,3.8523256292478105e-39,3.898897497277803e-39,3.945843202176654e-39,3.9931642383632174e-39,4.040862100260644e-39,4.0889382822892815e-39,4.137394278869477e-39,4.186231584421578e-39,4.235451693368682e-39,4.285056100125638e-39,4.335046299115539e-39,4.3854237847587363e-39,4.436190051475577e-39,4.487346593686409e-39,4.538894905811577e-39,4.590836482271432e-39,4.6431728174863206e-39,4.6959054058765886e-39,4.7490357418653146e-39,4.8025653198673865e-39,4.8564956343087136e-39,4.910828179603978e-39,4.965564450179089e-39,5.0207059404516894e-39,5.0762541448420784e-39,5.1322105577732755e-39,5.188576673657602e-39,5.2453539869249006e-39,5.302543991987286e-39,5.3601481832692194e-39,5.418168055191049e-39,5.476605102173125e-39,5.535460818635792e-39,5.5947366989994e-39,5.654434237688416e-39,5.714554929117745e-39,5.7751002677090617e-39,5.836071747879904e-39,5.897470864053422e-39,5.959299110654172e-39,6.021557982096822e-39,6.08424897280329e-39,6.147373577193824e-39,6.210933289685945e-39,6.274929604706942e-39,6.339364016671731e-39,6.404238020001927e-39,6.469553109115177e-39,6.535310778434578e-39,6.601512522383229e-39,6.668159835378727e-39,6.735254211838668e-39,6.80279714618615e-39,6.870790132841522e-39,6.93923466622513e-39,7.008132240757322e-39,7.077484350858447e-39,7.147292490948849e-39,7.217558155448878e-39,7.288282838778883e-39,7.359468035359212e-39,7.431115239610209e-39,7.50322594595222e-39,7.575801648808432e-39,7.648843842593517e-39,7.722354021733392e-39,7.796333680645671e-39,7.870784313747976e-39,7.945707415466214e-39,8.021104480215069e-39,8.096977002420522e-39,8.173326476497316e-39,8.2501543968686e-39,8.327462257957527e-39,8.405251554178833e-39,8.483523779958481e-39,8.562280429714038e-39,8.641522997862987e-39,8.721252978831239e-39,8.801471867033689e-39,8.882181156896138e-39,8.963382342833475e-39,9.045076919271584e-39,9.127266380625203e-39,9.209952221320208e-39,9.293135935771497e-39,9.376819018404865e-39,9.461002963637936e-39,9.545689265888333e-39,9.630879419583325e-39,9.716574919137695e-39,9.802777258974443e-39,9.889487933511319e-39,9.976708437167176e-39,1.0064440264369288e-38,1.0152684909532513e-38,1.0241443867078624e-38,1.0330718631425112e-38,1.0420510696995125e-38,1.0510821558209009e-38,1.0601652709487113e-38,1.0693005645249785e-38,1.0784881859917368e-38,1.0877282847910216e-38,1.0970210103648676e-38,1.1063665121555813e-38,1.1157649396049262e-38,1.1252164421549468e-38,1.1347211692473838e-38,1.1442792703249762e-38,1.1538908948289176e-38,1.163556192201938e-38,1.1732753118855226e-38,1.1830484033219808e-38,1.1928756159533472e-38,1.202757099221932e-38,1.2126930025695e-38,1.2226834754378008e-38,1.2327286672694316e-38,1.2428287275058623e-38,1.2529838055894096e-38,1.2631940509621087e-38,1.273459613065994e-38,1.2837806413433808e-38,1.2941572852360236e-38,1.30458969418596e-38,1.3150780176349385e-38,1.3256224050255606e-38,1.3362230057992943e-38,1.346879969398741e-38,1.3575934452656418e-38,1.3683635828420416e-38,1.3791905315699747e-38,1.3900744408912047e-38,1.4010154602480372e-38,1.4120137390825087e-38,1.4230694268369356e-38,1.4341826729527873e-38,1.4453536268726543e-38,1.4565824380383008e-38,1.4678692558917565e-38,1.4792142298750584e-38,1.4906175094302526e-38,1.5020792439993625e-38,1.5135995830241402e-38,1.5251786759469037e-38,1.5368166722099605e-38,1.5485137212547994e-38,1.5602699725237282e-38,1.5720855754587818e-38,1.5839606795019946e-38,1.5958954340956844e-38,1.60788998868132e-38,1.6199444927012192e-38,1.632059095597417e-38,1.6442339468119476e-38,1.6564691957871187e-38,1.668764991964703e-38,1.6811214847868532e-38,1.6935388236953366e-38,1.7060171581323265e-38,1.7185566375395852e-38,1.7311574113594208e-38,1.7438196290341392e-38,1.7565434400052316e-38,1.7693289937152763e-38,1.7821764396060442e-38,1.7950859271192822e-38,1.8080576056973048e-38,1.821091624782147e-38,1.8341881338158432e-38,1.8473472822404287e-38,1.8605692194979378e-38,1.8738540950306783e-38,1.887202058280139e-38,1.9006132586886287e-38,1.9140878456981803e-38,1.9276259687508296e-38,1.941227777288611e-38,1.95489342075356e-38,1.96862304858771e-38,1.982416810233096e-38,1.996274855131754e-38,2.0101973327257175e-38,2.0241843924573027e-38,2.0382361837682652e-38,2.0523528561006355e-38,2.0665345588961708e-38,2.080781441597185e-38,2.0950936536457145e-38,2.1094713444840733e-38,2.1239146635541477e-38,2.1384237602974285e-38,2.1529987841566437e-38,2.1676398845732664e-38,2.1823472109898856e-38,2.1971209128484004e-38,2.2119611395907164e-38,2.2268680406588507e-38,2.241841765494436e-38,2.2568824635402007e-38,2.2719902842380264e-38,2.28716537702968e-38,2.302407891357341e-38,2.317717976663177e-38,2.3330957823889466e-38,2.3485414579765384e-38,2.364055152868542e-38,2.379637016506721e-38,2.395287198332837e-38,2.411005847789469e-38,2.4267931143183806e-38,2.442649147361606e-38,2.45857409636119e-38,2.474568110759146e-38,2.4906313399972485e-38,2.506763933518075e-38,2.5229660407634e-38,2.539237811175247e-38,2.55557939419565e-38,2.5719909392663624e-38,2.5884725958297e-38,2.605024513327699e-38,2.621646841202395e-38,2.6383397288958206e-38,2.655103325850012e-38,2.671937781507004e-38,2.688843245309113e-38,2.705819866697809e-38,2.7228677951154097e-38,2.7399871800042216e-38,2.7571781708057354e-38,2.774440916962258e-38,2.791775567915823e-38,2.8091822731084664e-38,2.826661181982223e-38,2.844212443979126e-38,2.861836208541213e-38,2.8795326251105164e-38,2.8973018431290716e-38,2.915144012038913e-38,2.9330592812820755e-38,2.951047800300594e-38,2.969109718536504e-38,2.9872451854318386e-38,3.0054543504286334e-38,3.023737362968924e-38,3.0420943724947436e-38,3.0605255284481286e-38,3.079030980271113e-38,3.097610877406142e-38,3.116265369294704e-38,3.1349946053786936e-38,3.153798735100702e-38,3.172677907902203e-38,3.1916322732257914e-38,3.210661980512943e-38,3.2297671792062443e-38,3.248948018747185e-38,3.268204648578355e-38,3.2875372181412243e-38,3.306945876878392e-38,3.32643077423161e-38,3.345992059643045e-38,3.3656298825544705e-38,3.3853443924077686e-38,3.4051357386452555e-38,3.4250040707089687e-38,3.44494953804122e-38,3.46497229008376e-38,3.485072476278634e-38,3.5052502460678684e-38,3.525505748893225e-38,3.5458391341970155e-38,3.5662505514212737e-38,3.586740150008035e-38,3.6073080793993333e-38,3.6279544890372034e-38,3.64867952836368e-38,3.6694833468207993e-38,3.690366093850594e-38,3.7113279188951005e-38,3.732368971396353e-38,3.753489400796386e-38,3.7746893565372345e-38,3.7959689880609333e-38,3.8173284448095176e-38,3.8387678762250206e-38,3.8602874317494777e-38,3.881887260824924e-38,3.9035675128933945e-38,3.9253283373971985e-38,3.947169883778101e-38,3.969092301478131e-38,3.991095739939044e-38,4.013180348603155e-38,4.0353462769127784e-38,4.057593674309669e-38,4.079922690236002e-38,4.102333474133531e-38,4.124826175444431e-38,4.1474009436107397e-38,4.1700579280744883e-38,4.1927972782777145e-38,4.215619143662441e-38,4.2385236736704406e-38,4.261511017744019e-38,4.284581325325484e-38,4.3077347458563267e-38,4.330971428778853e-38,4.354291523535098e-38,4.377695179567097e-38,4.401182546317168e-38,4.424753773226778e-38,4.448409009738529e-38,4.472148405294171e-38,4.495972109335459e-38,4.5198802713047074e-38,4.543873040644234e-38,4.567950566795791e-38,4.592112999201411e-38,4.616360487302854e-38,4.6406931805428525e-38,4.665111228362884e-38,4.6896147802051133e-38,4.71420398551159e-38,4.738878993724342e-38,4.763639954285406e-38,4.788487016636805e-38,4.813420330220581e-38,4.838440044478772e-38,4.863546308853138e-38,4.888739272785987e-38,4.914019085719354e-38,4.939385897095275e-38,4.964839856356066e-38,4.990381112943196e-38,5.016009816298984e-38,5.041726115865463e-38,5.067530161084949e-38,5.093422101399195e-38,5.119402086249958e-38,5.145470265079825e-38,5.171626787330555e-38,5.197871802443914e-38,5.224205459862208e-38,5.250627909027471e-38,5.27713929938174e-38,5.303739780367048e-38,5.330429501425429e-38,5.357208611998917e-38,5.384077261529963e-38,5.411035599460185e-38,5.438083775231209e-38,5.465221938285763e-38,5.492450238065601e-38,5.519768824012755e-38,5.547177845568979e-38,5.57467745217659e-38,5.60226779327762e-38,5.629949018314108e-38,5.657721276728366e-38,5.685584717962283e-38,5.713539491457347e-38,5.741585746656287e-38,5.76972363300086e-38,5.797953299932814e-38,5.826274896894748e-38,5.854688573328414e-38,5.883194478675851e-38,5.911792762378813e-38,5.940483573879611e-38,5.969267062620563e-38,5.998143378043142e-38,6.027112669589663e-38,6.056175086702443e-38,6.085330778822953e-38,6.114579895393794e-38,6.143922585856434e-38,6.173358999653463e-38,6.202889286226783e-38,6.232513595017877e-38,6.262232075469466e-38,6.292044877023309e-38,6.321952149121452e-38,6.351954041205919e-38,6.382050702718462e-38,6.412242283101674e-38,6.442528931797041e-38,6.472910798247156e-38,6.503388031893896e-38,6.533960782179038e-38,6.564629198544754e-38,6.59539343043306e-38,6.626253627285733e-38,6.657209938545349e-38,6.688262513653673e-38,6.719411502052465e-38,6.750657053184032e-38,6.781999316490691e-38,6.813438441414328e-38,6.844974577396435e-38,6.87660787387974e-38,6.908338480305712e-38,6.940166546116669e-38,6.972092220754928e-38,7.004115653661963e-38,7.036236994280367e-38,7.068456392051887e-38,7.100773996418574e-38,7.133189956822172e-38,7.165704422705409e-38,7.198317543509919e-38,7.231029468677587e-38,7.26384034765059e-38,7.296750329870677e-38,7.329759564780164e-38,7.36286820182109e-38,7.39607639043576e-38,7.429384280065662e-38,7.462792020153383e-38,7.496299760140678e-38,7.529907649469587e-38,7.563615837581861e-38,7.597424473919815e-38,7.631333707925485e-38,7.665343689040902e-38,7.699454566708105e-38,7.733666490305204e-38,7.767979609402078e-38,7.802394073376842e-38,7.836910031671528e-38,7.871527633728171e-38,7.906247028988808e-38,7.941068366895473e-38,7.975991796890612e-38,8.011017468415438e-38,8.046145530912804e-38,8.081376133823924e-38,8.11670942659153e-38,8.152145558657371e-38,8.187684679463484e-38,8.223326938451893e-38,8.259072485064368e-38,8.294921468743217e-38,8.330874038930757e-38,8.366930345068744e-38,8.403090536598934e-38,8.439354762964043e-38,8.475723173605568e-38,8.512195917965679e-38,8.548773145486127e-38,8.585455005609501e-38,8.622241647777562e-38,8.659133221432345e-38,8.696129876015887e-38,8.733231760969944e-38,8.770439025736831e-38,8.807751819758579e-38,8.845170292477494e-38,8.882694593335341e-38,8.920324871773881e-38,8.958061277235419e-38,8.995903959162274e-38,9.033853066996329e-38,9.071908750179357e-38,9.110071158153658e-38,9.14834044036072e-38,9.186716746243411e-38,9.225200225242927e-38,9.263791026802003e-38,9.302489300362393e-38,9.341295195365847e-38,9.380208861254682e-38,9.419230447470936e-38,9.45836010345664e-38,9.497597978653835e-38,9.53694422250455e-38,9.576398984450821e-38,9.615962413934683e-38,9.655634660398168e-38,9.69541587328359e-38,9.73530620203285e-38,9.775305796087421e-38,9.815414804890042e-38,9.855633377882176e-38,9.895961664506145e-38,9.936399814204273e-38,9.97694797641829e-38,1.0017606300590255e-37,1.0058374936162184e-37,1.0099254032576121e-37,1.01402437392741e-37,1.0181344205697886e-37,1.0222555581290057e-37,1.0263878015492637e-37,1.0305311657747133e-37,1.034685665749585e-37,1.0388513164180543e-37,1.04302813272438e-37,1.0472161296127097e-37,1.0514153220273033e-37,1.0556257249123079e-37,1.0598473532119549e-37,1.0640802218704479e-37,1.0683243458319901e-37,1.0725797400408137e-37,1.0768464194411072e-37,1.08112439897706e-37,1.0854136935928346e-37,1.0897143182326763e-37,1.0940262878407885e-37,1.0983496173613737e-37,1.1026843217386367e-37,1.1070304159167794e-37,1.1113879148400075e-37,1.1157568334525235e-37,1.12013718669853e-37,1.1245289895222586e-37,1.1289322568678862e-37,1.1333470036796156e-37,1.1377732449016485e-37,1.1422109954781907e-37,1.146660270353417e-37,1.1511210844715587e-37,1.1555934527768468e-37,1.1600773902134578e-37,1.164572911725567e-37,1.1690800322574055e-37,1.1735987667531768e-37,1.1781291301571121e-37,1.1826711374133594e-37,1.1872248034661915e-37,1.1917901432597291e-37,1.196367171738245e-37,1.2009559038458861e-37,1.2055563545268848e-37,1.2101685387254437e-37,1.2147924713857948e-37,1.2194281674521128e-37,1.2240756418685747e-37,1.228734909579411e-37,1.2334059855288672e-37,1.238088884661063e-37,1.2427836219202437e-37,1.2474902122506403e-37,1.2522086705964014e-37,1.2569390119017857e-37,1.2616812511109685e-37,1.266435403168126e-37,1.2712014830174896e-37,1.2759795056032622e-37,1.280769485869648e-37,1.2855714387608494e-37,1.2903853792210709e-37,1.2952113221945156e-37,1.3000492826253862e-37,1.3048992754579157e-37,1.3097613156363048e-37,1.314635418104677e-37,1.319521597807317e-37,1.324419869688374e-37,1.3293302486921054e-37,1.3342527497627017e-37,1.3391873878443114e-37,1.344134177881179e-37,1.34909313481755e-37,1.354064273597544e-37,1.3590476091654342e-37,1.3640431564653955e-37,1.3690509304416047e-37,1.374070946038293e-37,1.3791032181996634e-37,1.3841477618699198e-37,1.3892045920259076e-37,1.3942737235465455e-37,1.3993551714087067e-37,1.4044489505565403e-37,1.4095550759342771e-37,1.4146735624861735e-37,1.419804425156327e-37,1.4249476788890213e-37,1.430103338628433e-37,1.4352714193187781e-37,1.4404519359042067e-37,1.445644903328962e-37,1.4508503365372487e-37,1.4560682504732697e-37,1.4612986600812286e-37,1.466541580305356e-37,1.471797026089828e-37,1.4770650123788213e-37,1.4823455541165933e-37,1.4876386662473347e-37,1.492944363715221e-37,1.4982626614644691e-37,1.503593574439297e-37,1.5089371175838798e-37,1.5142933058424355e-37,1.519662154159181e-37,1.525043677478292e-37,1.5304378907439864e-37,1.535844808900468e-37,1.541264446891911e-37,1.5466968196625757e-37,1.5521419421566095e-37,1.557599829318285e-37,1.5630704960917496e-37,1.568553957421223e-37,1.574050228250921e-37,1.5795593235249913e-37,1.5850812581877074e-37,1.5906160471832166e-37,1.5961637054557507e-37,1.6017242479495137e-37,1.6072976896087347e-37,1.612884045377564e-37,1.61848333020026e-37,1.6240955590209696e-37,1.6297207467839252e-37,1.6353589084333703e-37,1.6410100589134553e-37,1.6466742131683959e-37,1.6523513861423958e-37,1.658041592779659e-37,1.6637448480243874e-37,1.669461166820787e-37,1.6751905641130734e-37,1.6809330548453952e-37,1.686688653961997e-37,1.6924573764070827e-37,1.6982392371248966e-37,1.7040342510595605e-37,1.7098424331553593e-37,1.715663798356443e-37,1.7214983616070279e-37,1.727346137851316e-37,1.7332071420335125e-37,1.7390813890978219e-37,1.7449688939884457e-37,1.750869671649588e-37,1.756783737025424e-37,1.762711105060186e-37,1.7686517906980766e-37,1.7746058088832997e-37,1.7805731745600586e-37,1.786553902672557e-37,1.792548008164998e-37,1.798555505981614e-37,1.8045764110665787e-37,1.8106107383640693e-37,1.8166585028183165e-37,1.8227197193735508e-37,1.8287944029739492e-37,1.834882568563687e-37,1.8409842310870231e-37,1.8470994054881325e-37,1.8532281067112351e-37,1.8593703497004768e-37,1.8655261494001024e-37,1.871695520754316e-37,1.877878478707321e-37,1.8840750382033213e-37,1.890285214186547e-37,1.8965090216011747e-37,1.902746475391381e-37,1.9089975905013956e-37,1.915262381875422e-37,1.9215408644576653e-37,1.927833053192327e-37,1.9341389630236117e-37,1.9404586088957226e-37,1.9467920057528634e-37,1.953139168539237e-37,1.959500112199048e-37,1.9658748516765257e-37,1.97226340191582e-37,1.9786657778611893e-37,1.9850819944568226e-37,1.991512066646896e-37,1.9979560093756275e-37,2.0044138375872198e-37,2.010885566225877e-37,2.0173712102358014e-37,2.0238707845611976e-37,2.0303843041462676e-37,2.036911783935216e-37,2.043453238872219e-37,2.0500086839015486e-37,2.0565781339673253e-37,2.063161604013823e-37,2.0697591089852155e-37,2.0763706638257083e-37,2.0829962834795027e-37,2.0896359828908163e-37,2.0962897770038263e-37,2.102957680762749e-37,2.109639709111789e-37,2.116335876995149e-37,2.123046199357005e-37,2.12977069114163e-37,2.136509367293185e-37,2.1432622427558603e-37,2.150029332473873e-37,2.156810651391441e-37,2.1636062144527377e-37,2.170416036601983e-37,2.177240132783352e-37,2.184078517941076e-37,2.1909312070193586e-37,2.1977982149624025e-37,2.204679556714412e-37,2.2115752472195894e-37,2.2184853014221387e-37,2.2254097342662643e-37,2.232348560696169e-37,2.2393017956560555e-37,2.2462694540901293e-37,2.2532515509425918e-37,2.260248101157648e-37,2.2672591196794997e-37,2.2742846214523796e-37,2.2813246214204347e-37,2.288379134527925e-37,2.2954481757190255e-37,2.3025317599379397e-37,2.3096299021288866e-37,2.316742617236039e-37,2.323869920203616e-37,2.331011825975792e-37,2.338168349496854e-37,2.3453395057108965e-37,2.352525309562205e-37,2.3597257759949816e-37,2.366940919953377e-37,2.3741707563816213e-37,2.381415300223889e-37,2.388674566424466e-37,2.3959485699274908e-37,2.403237325677164e-37,2.4105408486177027e-37,2.417859153693324e-37,2.4251922558482053e-37,2.432540170026577e-37,2.4399029111726294e-37,2.447280494230564e-37,2.4546729341445716e-37,2.462080245858884e-37,2.4695024443176476e-37,2.4769395444651515e-37,2.484391561245556e-37,2.4918585096030492e-37,2.4993404044818232e-37,2.506837260826108e-37,2.5143490935801355e-37,2.521875917688053e-37,1.1429403588771053e-19,2.3094348553034755e-19,3.5002249738055974e-19,4.716083542800968e-19,5.957816479540181e-19,7.226264631999954e-19,8.522305730214251e-19,9.846856459334852e-19,1.1200874666458097e-18,1.2585361713973292e-18,1.400136499253863e-18,1.5449980607679245e-18,1.6932356255046623e-18,1.8449694300632457e-18,2.0003255083600605e-18,2.1594360461100574e-18,2.322439761618789e-18,2.489482315216541e-18,2.6607167498842754e-18,2.836303965895539e-18,3.0164132325805777e-18,3.2012227406570916e-18,3.390920198928045e-18,3.585703479561672e-18,3.785781316659554e-18,3.9913740632832744e-18,4.202714512771801e-18,4.4200487907911085e-18,4.643637325335224e-18,4.873755902752615e-18,5.110696818835477e-18,5.354770135111543e-18,5.606305051738818e-18,5.865651409832183e-18,6.133181337696457e-18,6.4092910573103195e-18,6.694402869583394e-18,6.988967339361199e-18,7.293465704065472e-18,7.608412533131732e-18,7.93435866926287e-18,8.271894486989265e-18,8.621653509220379e-18,8.984316428549398e-18,9.360615587186459e-18,9.751339977759925e-18,1.0157340837063318e-17,1.0579537916465428e-17,1.1018926526494486e-17,1.1476585469506002e-17,1.1953685993920234e-17,1.2451501927000019e-17,1.2971421171245165e-17,1.351495878359854e-17,1.408377189788016e-17,1.4679676801005887e-17,1.530466853498858e-17,1.596094347208323e-17,1.665092540349822e-17,1.7377295797734852e-17,1.8143029028677173e-17,1.8951433554809098e-17,1.980620025950229e-17,2.0711459453683955e-17,2.167184841502032e-17,2.2692591819708998e-17,2.3779598050742128e-17,2.4939575192134944e-17,2.6180171615716064e-17,2.7510147541749413e-17,2.893958596253147e-17,3.048015409164239e-17,3.214543039655227e-17,3.395131784578308e-17,3.591657215147125e-17,3.80634860051339e-17,4.0418789150779496e-17,4.301485418387302e-17,4.589134768293499e-17,4.909755207964201e-17,5.269573877225357e-17,5.676626790923067e-17,6.141568240982381e-17,6.679032365407254e-17,7.310084754177927e-17,8.066991465813282e-17,9.003325324931006e-17,1.0217481594152672e-16,1.1913297407489543e-16,1.4575334497624534e-16,1.95481128182673e-16,3.1286378405783017e-16,6.807460455363388e-16,2.2863741613126493e-15,1.2812098479801824e-14,1.2852184537270096e-13,2.3449744108529917e-12,9.940645995963654e-12,9.940645996147495e-12,9.940645996232434e-12,9.940645996394633e-12,9.940646008365495e-12,5.033017220515762e-10,8.228951804220557e-09,8.938563812826677e-08,7.190128697173002e-07,4.143958719610285e-06,1.613141354608423e-05,4.289544619884056e-05,8.223915129058491e-05,0.0001228375568132007,0.0001536348007311409,0.00017018325183565727,0.0001739709876034196,0.00016895582470399478,0.00015913849939605987,0.00032576160227901907,0.0004709846249960386,0.0005780508750337159,0.000654477905490355,0.0007081884291078372,0.0007452368815180836,0.0007700633631674242,0.0007859105492176346,0.0007951530936524517,0.0007995372377448889,0.0008003526135767148,0.0007985554310466741,0.0007948571627400744,0.0007897887283629149,0.0007837472080094748,0.0007770300288062369,0.0007698601177869156,0.0007624045020042744,0.0007547881286359325,0.0007471041793570077,0.0007394218002980614,0.0007317919174744744,0.0007242516273889875,0.0007168275226344224,0.0007095382181893552,0.0007023962755055848,0.0006954096712484325,0.0006885829205771474,0.0006819179375150747,0.0006754146946562629,0.0006690717293132383,0.0006628865318721567,0.0006568558435984387,0.0006509758847059324,0.0006452425286344781,0.0006396514347830727,0.0006341981491282101,0.0006288781800037224,0.0006236870546679033,0.0006186203610155719,0.0006136737778155229,0.000608843096099385,0.0006041242337438041,0.0005995132448351313,0.0005950063250538076,0.0005905998140418638,0.0005862901955034023,0.0005820740956213998,0.0005779482802438898,0.0005739096511907977,0.0005699552419530134,0.0005660822129928577,0.000562287846806305,0.0005585695428689736,0.0005549248125581062,0.0005513512741192699,0.0005478466477283315,0.0005444087506850001,0.000541035492763292,0.0005377248717356425,0.0005344749690809627,0.0005312839458817989,0.0005281500389120536,0.0005250715569138951,0.0005220468770603001,0.0005190744415982463,0.0005161527546665263,0.000513280379281354,0.0005104559344826259,0.0005076780926333676,0.0005049455768649178,0.0005022571586603741,0.000499611655569026,0.0004970079290446608,0.0004944448824008926,0.0004919214588769449,0.0004894366398075882,0.00048698944289124577,0.00048457892055059614,0.00048220415838030076,0.0004798642736767632,0.000477558414045137,0.00047528575607907705,0.0004730455041089619,0.0004708368890146387,0.00046865916709889414,0.00046651161901816146,0.00046439354876715434,0.00046230428271432306,0.00046024316868521206,0.0004582095750910255,0.00045620289009979634,0.00045422252084780266,0.00045226789268895223,0.0004503384484800211,0.0004484336478997819,0.0004465529668001464,0.00044469589658759144,0.000442861943633194,0.0004410506287097867,0.00043926148645472755,0.00043749406485697387,0.00043574792476714806,0.00043402263942941003,0.00043231779403398986,0.0004306329852893177,0.00042896782101277094,0.0004273219197390544,0.00042569491034534924,0.0004240864316923816,0.00042249613228062527,0.0004209236699208843,0.00041936871141855155,0.0004178309322708867,0.00041631001637666703,0.00041480565575763854,0.00041331755029117966,0.0004118454074536843,0.00041038894207411173,0.00040894787609728104,0.00040752193835641345,0.00040611086435453635,0.0004047143960543092,0.0004033322816759143,0.00040196427550263654,0.0004006101376938068,0.0003992696341047437,0.0003979425361134286,0.000396628620453589,0.00039532766905392343,0.00039403946888320765,0.00039276381180100665,0.00039150049441378273,0.0003902493179361491,0.00038901008805706497,0.00038778261481075584,0.0003865667124521696,0.0003853621993367798,0.0003841688978045475,0.00038298663406789854,0.00038181523810351675,0.0003806545435478286,0.00037950438759602365,0.0003783646109044567,0.0003772350574963274,0.0003761155746704667,0.0003750060129131568,0.0003739062258128178,0.00037281606997750013,0.0003717354049550284,0.0003706640931557337,0.00036960199977764506,0.00036854899273407383,0.0003675049425834847,0.0003664697224615698,0.00036544320801545405,0.0003644252773399427,0.0003634158109157407,0.00036241469154957447,0.00036142180431613535,0.0003604370365018012,0.00035946027755005155,0.00035849141900852737,0.00035753035447766456,0.00035657697956087403,0.00035563119181617186,0.0003546928907092556,0.00035376197756793124,0.0003528383555378849,0.00035192192953972513,0.000351012606227264,0.00035011029394698957,0.0003492149026987017,0.0003483263440972572,0.0003474445313353924,0.000346569379147593,0.00034570080377497144,0.0003448387229311113,0.0003439830557688731,0.00034313372284809103,0.00034229064610416743,0.0003414537488175207,0.0003406229555838494,0.00033979819228521167,0.00033897938606186926,0.0003381664652848906,0.00033735935952947484,0.0003365579995489822,0.0003357623172496475,0.00033497224566595704,0.00033418771893666335,0.00033340867228142735,0.0003326350419780484,0.0003318667653402997,0.0003311037806963123,0.00033034602736751973,0.0003295934456481266,0.00032884597678510514,0.00032810356295868184,0.00032736614726331894,0.0003266336736891646,0.00032590608710396954,0.00032518333323543354,0.00032446535865400034,0.0003237521107560627,0.00032304353774758243,0.00032233958862809754,0.0003216402131751262,0.0003209453619289312,0.0003202549861776602,0.0003195690379428322,0.00031888746996516575,0.00031821023569075264,0.0003175372892575349,0.0003168685854821224,0.0003162040798468977,0.0003155437284874278,0.00031488748818016526,0.00031423531633043375,0.0003135871709606829,0.00031294301069901333,0.00031230279476796447,0.0003116664829735515,0.000311034035694549,0.00031040541387202024,0.0003097805789990743,0.00030915949311084793,0.00030854211877471915,0.00030792841908072765,0.0003073183576322107,0.0003067118985366365,0.0003061090063966461,0.00030550964630128596,0.00030491378381742543,0.00030432138498136534,0.0003037324162906235,0.00030314684469589425,0.000302564637593182,0.00030198576281610076,0.0003014101886283308,0.00030083788371624393,0.0003002688171816683,0.00029970295853482443,0.0002991402776873887,0.0002985807449457095,0.0002980243310041645,0.0002974710069386506,0.00029692074420020536,0.00029637351460876565,0.0002958292903470476,0.0002952880439545513,0.00029474974832168366,0.00029421437668400706,0.0002936819026165956,0.0002931523000285074,0.0002926255431573619,0.0002921016065640388,0.0002915804651274584,0.00029106209403948537,0.0002905464687999186,0.0002900335652115929,0.00028952335937555907,0.0002890158276863666,0.0002885109468274403,0.0002880086937665398,0.00028750904575130956,0.0002870119803049088,0.0002865174752217341,0.00028602550856321083,0.00028553605865367634,0.0002850491040763323,0.00028456462366927525,0.000284082596521605,0.0002836030019695973,0.00028312581959295563,0.0002826510292111325,0.00028217861087970935,0.00028170854488685393,0.00028124081174983736,0.0002807753922116139,0.00028031226723746535,0.00027985141801170485,0.00027939282593444193,0.0002789364726184062,0.00027848233988582205,0.00027803040976534906,0.0002775806644890689,0.00027713308648953184,0.0002766876583968493,0.00027624436303584296,0.0002758031834232434,0.0002753641027649351,0.0002749271044532535,0.00027449217206432247,0.00027405928935544965,0.00027362844026255513,0.00027319960889765166,0.00027277277954636367,0.00027234793666549586,0.00027192506488063343,0.0002715041489837948,0.0002710851739311114,0.00027066812484055966,0.00027025298698972374,0.0002698397458135947,0.00026942838690241337,0.000269018895999541,0.0002686112589993756,0.0002682054619452937,0.00026780149102762917,0.0002673993325816898,0.0002669989730857987,0.00026660039915937756,0.00026620359756105073,0.00026580855518678785,0.0002654152590680762,0.000265023696370117,0.00026463385439005974,0.0002642457205552573,0.00026385928242155383,0.00026347452767159433,0.0002630914441131727,0.00026271001967759287,0.00026233024241806454,0.00026195210050812177,0.0002615755822400648,0.00026120067602343526,0.00026082737038349844,0.0002604556539597655,0.00026008551550453317,0.00025971694388144534,0.0002593499280640727,0.0002589844571345286,0.00025862052028208726,0.0002582581068018401,0.00025789720609336117,0.0002575378076594007,0.0002571799011045946,0.00025682347613419386,0.0002564685225528107,0.000256115030263196,0.00025576298926501695,0.00025541238965366784,0.00025506322161909025,0.0002547154754446148,0.00025436914150582247,0.00025402421026941575,0.0002536806722921121,0.0002533385182195519,0.00025299773878522584,0.0002526583248094116,0.0002523202671981327,0.0002519835569421269,0.0002516481851158377,0.0002513141428764097,0.0002509814214627091,0.00025065001219435294,0.0002503199064707499,0.00024999109577016147,0.0002496635716487732,0.0002493373257397797,0.0002490123497524815,0.000248688635471397,0.00024836617475538364,0.00024804495953677843,0.00024772498182054246,0.0002474062336834235,0.0002470887072731262,0.0002467723948074974,0.00024645728857372037,0.00024614338092752373,0.00024583066429239577,0.0002455191311588149,0.00024520877408349025,0.0002448995856886077,0.0002445915586610945,0.0002442846857518844,0.00024397895977520387,0.00024367437360785877,0.0002433709201885355,0.00024306859251711115,0.00024276738365396977,0.00024246728671933367,0.00024216829489259956,0.00024187040141168402,0.00024157359957238168,0.00024127788272772468,0.0002409832442873578,0.00024068967771691987,0.0002403971765374292,0.00024010573432468331,0.00023981534470866425,0.00023952600137295234,0.00023923769805414308,0.00023895042854128008,0.00023866418667528878,0.00023837896634841803,0.00023809476150369617,0.00023781156613438407,0.0002375293742834406,0.00023724818004299637,0.00023696797755383121,0.00023668876100485978,0.00023641052463262401,0.00023613326272078902,0.00023585696959965493,0.00023558163964566056,0.00023530726728090558,0.00023503384697267377,0.00023476137323296165,0.0002344898406180153,0.00023421924372787152,0.00023394957720590675,0.00023368083573838775,0.00023341301405403248,0.00023314610692357502,0.00023288010915933346,0.0002326150156147858,0.00023235082118415215,0.00023208752080197773,0.00023182510944272543,0.000231563582120372,0.00023130293388800804,0.00023104315983744442,0.00023078425509882292,0.00023052621484023137,0.00023026903426732415,0.0002300127086229465,0.00022975723318676648,0.0002295026032749059,0.00022924881423957898,0.00022899586146873588,0.00022874374038570975,0.00022849244644886996,0.0002282419751512729,0.0002279923220203262,0.00022774348261744878,0.00022749545253774334,0.00022724822740966254,0.00022700180289468846,0.00022675617468701105,0.00022651133851321102,0.00022626729013194692,0.00022602402533364535,0.0002257815399401963,0.00022553982980465278,0.00022529889081092643,0.00022505871887349902,0.00022481930993712798,0.00022458065997655772,0.00022434276499623537,0.0002241056210300295,0.0002238692241409514,0.0002236335704208806,0.00022339865599029177,0.00022316447699798826,0.00022293102962083378,0.00022269831006349044,0.0002224663145581614,0.00022223503936433104,0.00022200448076851222,0.00022177463508399713,0.0002215454986506056,0.00022131706783444437,0.00022108933902766092,0.00022086230864820565,0.00022063597313959468,0.0002204103289706736,0.00022018537263538906,0.00021996110065255608,0.00021973750956563447,0.00021951459594250305,0.00021929235637523805,0.00021907078747989577,0.0002188498858962917,0.00021862964828779023,0.00021841007134109185,0.00021819115176602172,0.00021797288629532522,0.00021775527168445922,0.00021753830471139365,0.00021732198217640607,0.00021710630090188696,0.00021689125773214192,0.0002166768495331973,0.0002164630731926088,0.0002162499256192719,0.00021603740374323183,0.0002158255045154999,0.00021561422490786817,0.0002154035619127287,0.00021519351254289346,0.00021498407383141433,0.00021477524283140839,0.00021456701661588448,0.00021435939227757025,0.00021415236692873946,0.00021394593770104395,0.00021374010174535037,0.00021353485623156932,0.0002133301983484933,0.00021312612530364117,0.00021292263432308732,0.00021271972265131105,0.00021251738755103612,0.0002123156263030773,0.00021211443620618574,0.00021191381457689738,0.00021171375874938362,0.0002115142660753,0.00021131533392364124,0.0002111169596805942,0.0002109191407493937,0.00021072187455017921,0.0002105251585198549,0.0002103289901119481,0.00021013336679647252,0.00020993828605978955,0.0002097437454044726,0.00020954974234917438,0.00020935627442849228,0.00020916333919283772,0.0002089709342083044,0.0002087790570565423,0.00020858770533462636,0.00020839687665493288,0.00020820656864501227,0.00020801677894746656,0.00020782750521982648,0.00020763874513443002,0.00020745049637830023,0.0002072627566530306,0.0002070755236746635,0.00020688879517357397,0.00020670256889435522,0.00020651684259570332,0.00020633161405030466,0.00020614688104472287,0.0002059626413792893,0.0002057788928679914,0.00020559563333836367,0.00020541286063138143,0.00020523057260135298,0.0002050487671158134,0.00020486744205542193,0.00020468659531385421,0.00020450622479770394,0.00020432632842637858,0.0002041469041319982,0.00020396794985929836,0.00020378946356552858,0.00020361144322035376,0.00020343388680576252,0.00020325679231596538,0.00020308015775730173,0.0002029039811481452,0.00020272826051881212,0.00020255299391146688,0.0002023781793800312,0.00020220381499009364,0.00020202989881881964,0.00020185642895486234,0.00020168340349827372,0.00020151082056041962,0.00020133867826389087,0.00020116697474241682,0.00020099570814078409,0.00020082487661474903,0.0002006544783309559,0.00020048451146685567,0.00020031497421061847,0.0002001458647610603,0.00019997718132755825,0.00019980892212997036,0.00019964108539855977,0.00019947366937391457,0.00019930667230686985,0.0001991400924584333,0.0001989739280997064,0.0001988081775118129,0.0001986428389858201,0.00019847791082266695,0.0001983133913330916,0.0001981492788375569,0.00019798557166617978,0.0001978222681586599,0.00019765936666420815,0.00019749686554147705,0.00019733476315849293,0.0001971730578925839,0.000197011748130315,0.00019685083226741784,0.00019669030870872649,0.00019653017586810897,0.0001963704321684024,0.00019621107604134847,0.0001960521059275266,0.00019589352027629225,0.0001957353175457132,0.0001955774962025054,0.0001954200547219715,0.0001952629915879391,0.00019510630529269928,0.00019494999433694666,0.0001947940572297175,0.0001946384924883325,0.00019448329863833502,0.00019432847421343454,0.000194174017755448,0.00019401992781424026,0.00019386620294767066,0.00019371284172153494,0.00019355984270950674,0.00019340720449308527,0.00019325492566153878,0.00019310300481184978,0.00019295144054866113,0.0001928002314842224,0.00019264937623833585,0.00019249887343830474,0.00019234872171888022,0.00019219891972220983,0.0001920494660977855,0.00019190035950239284,0.0001917515986000617,0.0001916031820620118,0.00019145510856660912,0.00019130737679931155,0.00019115998545262287,0.00019101293322604286,0.00019086621882601873,0.00019071984096589997,0.00019057379836588827,0.0001904280897529918,0.00019028271386097896,0.0001901376694303311,0.00018999295520819842,0.00018984856994835357,0.0001897045124111469,0.0001895607813634612,0.0001894173755786697,0.00018927429383658879,0.00018913153492343775,0.00018898909763179287,0.0001888469807605478,0.00018870518311486797,0.0001885637035061501,0.00018842254075198002,0.00018828169367609163,0.00018814116110832608,0.00018800094188459003,0.0001878610348468159,0.0001877214388429213,0.00018758215272677016,0.00018744317535813318,0.00018730450560264803,0.00018716614233178108,0.00018702808442278807,0.00018689033075867714,0.0001867528802281714,0.00018661573172566877,0.0001864788841512071,0.00018634233641042657,0.00018620608741453336,0.00018607013608026206,0.0001859344813298408,0.00018579912209095573,0.0001856640572967136,0.00018552928588560916,0.00018539480680148805,0.000185260618993514,0.0001851267214161318,0.00018499311302903597,0.0001848597927971356,0.00018472675969052058,0.00018459401268442846,0.00018446155075921254,0.0001843293729003066,0.00018419747809819524,0.00018406586534837872,0.0001839345336513435,0.00018380348201252976,0.00018367270944229868,0.00018354221495590103,0.00018341199757344922,0.00018328205631988173,0.00018315239022493685,0.00018302299832312043,0.00018289387965367512,0.0001827650332605525,0.0001826364581923815,0.0001825081535024393,0.00018238011824862357,0.0001822523514934215,0.00018212485230388375,0.00018199761975159289,0.00018187065291263676,0.00018174395086758047,0.00018161751270143772,0.000181491337503643,0.00018136542436802725,0.00018123977239278559,0.0001811143806804536,0.00018098924833788031,0.0001808643744762001,0.00018073975821080766,0.00018061539866133072,0.00018049129495160526,0.00018036744620964835,0.00018024385156763313,0.00018012051016186355,0.00017999742113274892,0.00017987458362477904,0.0001797519967864988,0.00017962965977048404,0.00017950757173331613,0.00017938573183555868,0.00017926413924173335,0.00017914279312029516,0.00017902169264360907,0.00017890083698792622,0.00017878022533336093,0.000178659856863867,0.00017853973076721464,0.00017841984623496803,0.00017830020246246064,0.0001781807986487762,0.00017806163399672318,0.00017794270771281324,0.00017782401900724037,0.0001777055670938578,0.00017758735119015497,0.00017746937051723872,0.0001773516242998108,0.0001772341117661455,0.00017711683214806883,0.00017699978468093867,0.00017688296860362315,0.00017676638315847903,0.00017665002759133344,0.0001765339011514609,0.00017641800309156527,0.00017630233266775752,0.00017618688913953768,0.00017607167176977395,0.00017595667982468267,0.00017584191257381018,0.0001757273692900128,0.00017561304924943605,0.00017549895173149757,0.00017538507601886784,0.00017527142139745074,0.00017515798715636422,0.00017504477258792288,0.00017493177698761907,0.00017481899965410435,0.00017470643988917189,0.00017459409699773754,0.0001744819702878228,0.00017437005907053587,0.00017425836266005444,0.00017414688037361,0.00017403561153146691,0.00017392455545690735,0.00017381371147621387,0.00017370307891865177,0.00017359265711645313,0.0001734824454047973,0.0001733724431217978,0.0001732626496084836,0.0001731530642087831,0.00017304368626950726,0.0001729345151403339,0.00017282555017379133,0.00017271679072524202,0.00017260823615286732,0.0001724998858176517,0.00017239173908336621,0.0001722837953165526,0.00017217605388650912,0.0001720685141652742,0.00017196117552761172,0.0001718540373509953,0.00017174709901559326,0.00017164035990425397,0.00017153381940249033,0.00017142747689846599,0.00017132133178298048,0.0001712153834494529,0.00017110963129391004,0.00017100407471496964,0.0001708987131138283,0.00017079354589424512,0.0001706885724625303,0.00017058379222752748,0.00017047920460060273,0.00017037480899563046,0.00017027060482897738,0.00017016659151949278,0.00017006276848849025,0.0001699591351597394,0.0001698556909594481,0.00016975243531625132,0.000169649367661198,0.00016954648742773703,0.00016944379405170465,0.00016934128697131197,0.0001692389656271312,0.0001691368294620844,0.00016903487792142895,0.00016893311045274658,0.00016883152650592955,0.00016873012553316957,0.00016862890698894392,0.00016852787033000448,0.00016842701501536508,0.00016832634050628913,0.000168225846266278,0.00016812553176105918,0.00016802539645857368,0.00016792543982896524,0.00016782566134456757,0.0001677260604798936,0.0001676266367116237,0.00016752738951859432,0.0001674283183817853,0.00016732942278431079,0.0001672307022114055,0.00016713215615041585,0.0001670337840907873,0.00016693558552405394,0.00016683755994382696,0.00016673970684578498,0.00016664202572766164,0.00016654451608923596,0.0001664471774323208,0.00016635000926075338,0.00016625301108038343,0.00016615618239906293,0.00016605952272663734,0.00016596303157493278,0.00016586670845774695,0.00016577055289083975,0.00016567456439192158,0.00016557874248064377,0.0001654830866785886,0.0001653875965092602,0.00016529227149807236,0.0001651971111723418,0.00016510211506127524,0.00016500728269596175,0.00016491261360936245,0.00016481810733630134,0.00016472376341345564,0.00016462958137934426,0.00016453556077432172,0.00016444170114056743,0.00016434800202207544,0.00016425446296464534,0.0001641610835158741,0.00016406786322514748,0.00016397480164362903,0.0001638818983242522,0.0001637891528217115,0.00016369656469245194,0.00016360413349466362,0.00016351185878826877,0.0001634197401349165,0.00016332777709797202,0.00016323596924250802,0.00016314431613529854,0.0001630528173448066,0.00016296147244117853,0.00016287028099623544,0.0001627792425834628,0.00016268835677800425,0.00016259762315665253,0.00016250704129784104,0.00016241661078163634,0.00016232633118972817,0.0001622362021054246,0.00016214622311364128,0.0001620563938008943,0.00016196671375529227,0.00016187718215256383,0.000161787798535314,0.0001616985628070445,0.00016160947470762207,0.0001615205338870104,0.00016143173995301782,0.00016134309252562672,0.00016125459119785412,0.00016116623556809695,0.00016107802523735574,0.0001609899598096079,0.00016090203888512094,0.0001608142620678457,0.00016072662896922358,0.00016063913919282493,0.0001605517923482935,0.000160464588046923,0.00016037752590159418,0.0001602906055268213,0.00016020382653868844,0.00016011718855486948,0.00016003069119114124,0.00015994433407148515,0.00015985811681742883,0.00015977203905170328,0.00015968610040159294,0.00015960030049370894,0.00015951463895028226,0.00015942911541735812,0.00015934372951617278,0.00015925848087936878,0.00015917336914102114,0.00015908839393662455,0.0001590035549030884,0.0001589188516787086,0.00015883428390318788,0.0001587498512176068,0.00015866555326440754,0.000158581389687407,0.00015849736013177194,0.00015841346424412534,0.00015832970167210534,0.00015824607206498065,0.0001581625750686158,0.00015807921037006858,0.00015799597756588202,0.00015791287633662747,0.0001578299063327962,0.00015774706721623463,0.0001576643586450149,0.0001575817802790653,0.00015749933177881147,0.00015741701280640378,0.00015733482302497008,0.00015725276210492805,0.0001571708297062833,0.00015708902550189786,0.0001570073491435869,0.0001569258003161337,0.00015684437868034674,0.00015676308391448027,0.00015668191569069456,0.0001566008736894716,0.0001565199575784316,0.00015643916703491045,0.00015635850173663357,0.00015627796135648674,0.00015619754561045908,0.00015611725412247984,0.0001560370866041767,0.00015595704273826917,0.0001558771222080978,0.0001557973246898478,0.00015571764988620593,0.0001556380974791761,0.000155558667153384,0.00015547935860838675,0.00015540017153032319,0.00015532110561024197,0.00015524216054464194,0.00015516333602801335,0.00015508463175069697,0.00015500604741323261,0.00015492758271383583,0.00015484923734809418,0.00015477101102061855,0.00015469290342840324,0.0001546149142738912,0.00015453704325853093,0.00015445929009015287,0.0001543816544736287,0.0001543041361228052,0.00015422673473723526,0.00015414945002517532,0.0001540722816934243,0.00015399522945653142,0.00015391829303498233,0.00015384147212261132,0.00015376476644679338,0.00015368817570640385,0.00015361169961503377,0.00015353533791125117,0.000153459090306688,0.00015338295651207864,0.0001533069362484056,0.00015323102922759567,0.00015315523517919928,0.00015307955382490125,0.0001530039848766185,0.00015292852808253295,0.00015285318317247187,0.0001527779498294788,0.00015270282780523858,0.00015262781682706293,0.00015255291662504307,0.00015247812692842637,0.0001524034474708043,0.00015232887797222877,0.00015225441817841228,0.00015218006782047718,0.00015210582663212287,0.00015203169434276407,0.00015195767069146456,0.0001518837554150215,0.00015180994825125907,0.00015173624893641686,0.00015166265721741287,0.00015158917283004594,0.00015151579551254816,0.0001514425250098617,0.00015136936106188056,0.00015129630341524422,0.00015122335179100748,0.0001511505059649546,0.0001510777656959407,0.0001510051307031355,0.00015093260075557045,0.00015086017559110316,0.00015078785496005324,0.00015071563861215474,0.00015064352630091363,0.00015057151777774912,0.0001504996127968455,0.0001504278111108966,0.00015035611247043263,0.00015028451663540412,0.0001502130233622739,0.00015014163240825316,0.0001500703435313682,0.00014999915649054733,0.0001499280710454584,0.0001498570869564706,0.00014978620399293144,0.00014971542190070762,0.0001496447404587383,0.00014957415940034297,0.00014950367851203022,0.00014943329755903427,0.00014936301630740897,0.0001492928345234508,0.00014922275199284415,0.00014915276844800014,0.00014908288367553634,0.00014901309746408891,0.00014894340956375803,0.000148873819747237,0.00014880432778656636,0.00014873493345443425,0.00014866563652414294,0.0001485964367699777,0.0001485273339668735,0.00014845832789038896,0.0001483894183168078,0.0001483206050231703,0.00014825188778736572,0.00014818326638784811,0.0001481147406038394,0.0001480463102151896,0.0001479779749771869,0.0001479097346970068,0.0001478415891562583,0.00014777353816110395,0.00014770558147182242,0.00014763771887248346,0.00014756995014783284,0.00014750227508338647,0.00014743469346546457,0.0001473672050807981,0.00014729980971691942,0.00014723250716213614,0.00014716529720523047,0.00014709817963585068,0.00014703115421904012,0.00014696422077127095,0.00014689737908376733,0.00014683062894926003,0.00014676397016076057,0.00014669740251115046,0.00014663092581962653,0.0001465645398562922,0.00014649824441447047,0.0001464320392931354,0.0001463659242902557,0.000146299899198144,0.00014623396381792936,0.00014616811794495175,0.00014610236138185638,0.0001460366939075026,0.00014597111534371185,0.00014590562549185194,0.00014584022415414658,0.00014577491113222104,0.0001457096862294817,0.00014564454924972117,0.00014557949999704546,0.00014551453827664078,0.00014544966389367937,0.00014538487665450932,0.00014532017636541898,0.00014525556283445353,0.00014519103586843542,0.00014512659527647441,0.00014506224086824834,0.00014499797245263465,0.00014493378983990358,0.00014486969284117842,0.00014480568126792737,0.0001447417549318131,0.000144677913645578,0.00014461415722288764,0.00014455048547679214,0.00014448689822168674,0.00014442339527294894,0.00014435997644549636,0.00014429664155541207,0.00014423339043386011,0.00014417022288111954,0.0001441071387101951,0.00014404413775645549,0.00014398121978153588,0.00014391838470044846,0.00014385563228374134,0.00014379296238009167,0.00014373037477088835,0.00014366786925636244,0.00014360544571676497,0.00014354310394849347,0.00014348084377821681,0.00014341866502461022,0.00014335656751398424,0.00014329455107236678,0.0001432326155244001,0.00014317076069624937,0.0001431089864081207,0.00014304729249270198,0.00014298567878655795,0.00014292414509948356,0.00014286269129673828,0.0001428013171679351,0.00014274002255427394,0.0001426788072862609,0.0001426176711932284,0.00014255661410754003,0.00014249563586037778,0.00014243473628320672,0.000142373915208599,0.0001423131724685044,0.00014225250789763779,0.0001421919213341705,0.00014213141260438177,0.00014207098155031523,0.00014201062800589938,0.00014195035179498253,0.0001418901527636857,0.00014183003074883814,0.00014176998559538943,0.00014171001713869053,0.00014165012520798108,0.0001415903096423371,0.0001415305702873052,0.00014147090697695416,0.0001414113195429045,0.00014135180783823544,0.00014129237170296664,0.00014123301098330318,0.00014117372551917013,0.0001411145151418269,0.00014105537970765422,0.0001409963190549897,0.00014093733301412652,0.00014087842146109838,0.00014081958422409088,0.0001407608211484097,0.00014070213207980787,0.00014064351685843973,0.0001405849753337314,0.0001405265073579032,0.00014046811278557925,0.00014040979145564644,0.00014035154321640872,0.00014029336791214473,0.00014023526540501313,0.0001401772355343973,0.0001401192781502326,0.00014006139310347867,0.0001400035802455752,0.00013994583943162853,0.0001398881705102665,0.00013983057333503875,0.00013977304775851355,0.00013971559363330348,0.00013965821081306855,0.00013960089915256212,0.0001395436585066705,0.00013948648873235772,0.00013942938967955509,0.00013937236120379893,0.000139315403165334,0.0001392585154109945,0.0001392016978139635,0.00013914495020388767,0.00013908827247221555,0.00013903166446592794,0.00013897512604179276,0.00013891865705677393,0.00013886225736984612,0.0001388059268415443,0.00013874966533572244,0.0001386934726977877,0.0001386373488057731,0.00013858129351429076,0.00013852530668203282,0.00013846938817613927,0.00013841353785844953,0.00013835775559420185,0.00013830204124316113,0.00013824639466896777,0.00013819081573551866,0.0001381353043052693,0.0001380798602460531,0.00013802448342185793,0.00013796917369778412,0.00013791393093988213,0.00013785875501493678,0.00013780364578912843,0.00013774860313224706,0.0001376936269097276,0.00013763871698889738,0.0001375838732482218,0.00013752909552990325,0.00013747438372057886,0.0001374197376866236,0.00013736515729238406,0.00013731064242224637,0.00013725619293731423,0.00013720180870715226,0.00013714748960453384,0.00013709323550225393,0.0001370390462669376,0.00013698492177596522,0.00013693086190196734,0.000136876866522619,0.00013682293550128916,0.00013676906870382826,0.00013671526601453682,0.00013666152730760993,0.00013660785245753654,0.0001365542413390795,0.00013650069382766225,0.0001364472097986328,0.00013639378912792087,0.00013634043169268554,0.0001362871373677462,0.00013623390603693792,0.00013618073758924133,0.0001361276318643258,0.0001360745887577586,0.00013602160817092029,0.00013596868994034767,0.0001359158339876668,0.00013586304015042577,0.00013581030834823794,0.00013575763842178245,0.0001357050302852226,0.0001356524837893651,0.0001355999988268527,0.00013554757528142533,0.00013549521303572422,0.00013544291197106176,0.00013539067198010943,0.00013533849292408844,0.0001352863747068004,0.00013523431719277972,0.00013518232027343575,0.00013513038383247434,0.00013507850774265224,0.00013502669189951747,0.00013497493618842284,0.00013492324049300082,0.00013487160471038997,0.00013482002871481683,0.0001347685123921675,0.00013471705560809372,0.00013466565829007573,0.00013461432030439317,0.0001345630415360736,0.00013451182187429375,0.00013446066120725348,0.0001344095594234585,0.00013435851641049025,0.00013430753205968086,0.00013425660625598503,0.00013420573888293103,0.0001341549298194559,0.0001341041789872843,0.00013405348626773967,0.00013400285154650945,0.00013395227471236533,0.00013390175565676494,0.00013385129427406352,0.00013380089044941968,0.00013375054407749595,0.0001337002550484988,0.00013365002325835303,0.00013359984859341668,0.00013354973095590296,0.00013349967022679928,0.00013344966631200533,0.0001333997191008333,0.00013334982846988436,0.00013329999435841394,0.00013325021662339697,0.00013320049516819728,0.00013315082988664395,0.00013310122064658713,0.00013305166742290053,0.00013300217004579319,0.0001329527284215019,0.0001329033424566595,0.00013285401204442667,0.00013280473707913182,0.00013275551747092134,0.0001327063530988924,0.00013265724386461402,0.0001326081896728095,0.00013255919042594102,0.00013251024601559723,0.00013246135630980317,0.00013241252125467635,0.00013236374074158074,0.00013231501465867736,0.00013226634290849004,0.00013221772539184605,0.00013216916199795876,0.00013212065264400872,0.00013207219723369517,0.00013202379565817646,0.00013197544782032528,0.00013192715362367877,0.00013187891296908563,0.0001318307257564729,0.00013178259188882852,0.0001317345112644938,0.00013168648379020682,0.00013163850937902,0.0001315905879261839,0.0001315427193399743,0.00013149490351550567,0.00013144714036244278,0.00013139942979789682,0.00013135177169749628,0.00013130416598028234,0.00013125661255333133,0.0001312091113230471,0.0001311616621910586,0.00013111426505991056,0.00013106691984988118,0.00013101962645595424,0.00013097238476126897,0.00013092519472225568,0.0001308780562217442,0.00013083096917654782,0.00013078393347788373,0.00013073694903277162,0.00013069001577954261,0.00013064313358907237,0.00013059630237680263,0.0001305495220614326,0.00013050279255250364,0.00013045611375430314,0.0001304094855829953,0.0001303629079364277,0.00013031638073077428,0.00013026990387778745,0.00013022347726583731,0.0001301771008447556,0.0001301307745041627,0.00013008449815611684,0.0001300382717397758,0.00012999209511206446,0.00012994596822183245,0.00012989989097082928,0.00012985386327045835,0.00012980788502120241,0.00012976195614813944,0.0001297160765631821,0.00012967024618114274,0.0001296244649028197,0.00012957873266057873,0.00012953304936567844,0.00012948741492313688,0.00012944182924905023,0.00012939629225344027,0.0001293508038504756,0.00012930536392572446,0.00012925997246407406,0.00012921462933863858,0.00012916933447556055,0.00012912408778492412,0.00012907888918157302,0.0001290337385825722,0.0001289886359023626,0.00012894358106202336,0.0001288985739702166,0.00012885361454419213,0.0001288087027087154,0.00012876383836716521,0.00012871902146901622,0.00012867425188916378,0.00012862952955851033,0.00012858485440718696,0.00012854022634902997,0.00012849564528991976,0.00012845111116797914,0.0001284066238924521,0.00012836218337576688,0.00012831778953882725,0.00012827344231140626,0.00012822914160098137,0.00012818488733737208,0.00012814067943655837,0.00012809651781696876,0.0001280524023995428,0.000128008333104742,0.0001279643098532701,0.00012792033256471148,0.00012787640116327902,0.00012783251558895118,0.000127788675719483,0.00012774488149931663,0.00012770113284993014,0.00012765742969132106,0.000127613771948605,0.00012757015954409086,0.00012752659238721712,0.00012748307042154122,0.0001274395935624572,0.000127396161728055,0.0001273527748502034,0.00012730943285681914,0.00012726613565363222,0.0001272228831663661,0.00012717967532487672,0.0001271365120520237,0.00012709339327322903,0.00012705031892010845,0.00012700728891915615,0.00012696430317085891,0.00012692136161337198,0.00012687846417479571,0.00012683561078164702,0.00012679280135798022,0.00012675003582816974,0.00012670731412249315,0.00012666463616109767,0.00012662200187374477,0.00012657941118419908,0.0001265368640236879,0.00012649436031513417,0.00012645189998625533,0.00012640948296184021,0.000126367109170838,0.00012632477853918996,0.0001262824909992383,0.0001262402464778823,0.00012619804489872853,0.0001261558861937475,0.00012611377029184687,0.0001260716971174709,0.00012602966659036054,0.00012598767865924408,0.00012594573324289468,0.00012590383027289594,0.00012586196967996694,0.00012582015138985512,0.00012577837533400658,0.00012573664144174048,0.0001256949496428806,0.0001256532998675676,0.00012561169204555528,0.0001255701261000913,0.00012552860196858538,0.00012548711957791783,0.00012544567887128676,0.00012540427977925225,0.00012536292222508076,0.00012532160613419968,0.00012528033145292424,0.000125239098104768,0.00012519790600241536,0.00012515675509985322,0.00012511564533816447,0.0001250745766384609,0.00012503354893748152,0.00012499256216177951,0.00012495161624253147,0.00012491071112302827,0.00012486984672710686,0.00012482902299096421,0.000124788239843866,0.00012474749722256833,0.00012470679506083838,0.00012466613329245265,0.00012462551185163622,0.0001245849306724013,0.00012454438968909057,0.00012450388883433964,0.00012446342804463018,0.00012442300725472598,0.0001243826263995506,0.00012434228541415926,0.00012430198423375545,0.00012426172279596324,0.00012422150103176796,0.0001241813188790764,0.00012414117627566364,0.00012410107315572336,0.0001240610094551434,0.00012402098511000206,0.0001239810000566977,0.00012394105423109073,0.0001239011475715025,0.00012386128001350401,0.00012382145149298453,0.00012378166194980413,0.00012374191131838772,0.00012370219953830342,0.00012366252654634604,0.00012362289228086553,0.00012358329667721827,0.00012354373967003236,0.00012350422120701332,0.0001234647412177605,0.00012342529964574488,0.0001233858964305325,0.00012334653150387233,0.00012330720481516346,0.00012326791629735292,0.0001232286658877855,0.00012318945352910032,0.000123150279157507,0.0001231111427099478,0.00012307204413458014,0.00012303298336176587,0.0001229939603402466,0.00012295497499493504,0.00012291602728216878,0.0001228771171339113,0.00012283824449549167,0.00012279940930583504,0.00012276061151191302,0.00012272185103834007,0.00012268312783903027,0.0001226444418503023,0.00012260579301058718,0.00012256718127495899,0.00012252860656541216,0.00012249006884190264,0.00012245156803729253,0.00012241310408621294,0.00012237467694077038,0.00012233628654334755,0.0001222979328245916,0.00012225961573592427,0.00012222133522526288,0.00012218309122534113,0.00012214488367997615,0.0001221067125396538,0.00012206857773919826,0.00012203047922674867,0.0001219924169375604,0.00012195439082489699,0.00012191640082857144,0.00012187844688956405,0.00012184052895234438,0.0001218026469590888,0.00012176480085991698,0.00012172699059097659,0.00012168921609370362,0.000121651477330728,0.00012161377423448622,0.00012157610675126567,0.00012153847481978069,0.00012150087839005367,0.00012146331741105222,0.00012142579182390234,0.00012138830156679504,0.00012135084659358794,0.00012131342685094648,0.00012127604228201415,0.00012123869283088024,0.00012120137843692224,0.00012116409906045466,0.00012112685463957395,0.00012108964512058332,0.00012105247045012571,0.00012101533056903768,0.00012097822543394681,0.00012094115497942943,0.00012090411915899713,0.00012086711791889945,0.00012083015121445156,0.0001207932189847791,0.00012075632117712006,0.00012071945773849417,0.00012068262861649837,0.00012064583375837168,0.00012060907311180049,0.00012057234660232567,0.00012053565419752387,0.00012049899586876909,0.00012046237154304678,0.00012042578117244747,0.00012038922469206464,0.00012035270206380675,0.00012031621321547932,0.00012027975813476489,0.00012024333674756707,0.00012020694899281297,0.00012017059482885511,0.00012013427421272106,0.0001200979870795409,0.00012006173338649929,0.00012002551308068276,0.00011998932611273955,0.00011995317242982035,0.00011991705199414415,0.00011988096473617338,0.00011984491061415874,0.00011980888958334464,0.00011977290160318751,0.00011973694659793898,0.00011970102452131663,0.00011966513535650082,0.00011962927900727498,0.00011959345543823283,0.00011955766461412068,0.00011952190648084973,0.0001194861809818156,0.00011945048808036755,0.00011941482771516287,0.00011937919984350943,0.00011934360442335265,0.00011930804139092601,0.00011927251071403959,0.00011923701233020677,0.00011920154619723268,0.0001191661122762088,0.00011913071050964532,0.00011909534084719868,0.00011906000324663079,0.00011902469766901146,0.00011898942403957932,0.00011895418233190406,0.00011891897249454285,0.00011888379447073609,0.0001188486482247788,0.00011881353370718431,0.00011877845086624731,0.00011874339966181306,0.0001187083800433716,0.00011867339196397767,0.00011863843537699509,0.00011860351023591491,0.00011856861649415318,0.0001185337541045569,0.00011849892302162336,0.00011846412319928475,0.00011842935459898147,0.00011839461715911407,0.00011835991084163062,0.00011832523560040015,0.00011829059138988358,0.00011825597817277066,0.00011822139590585761,0.00011818684451403293,0.00011815232397088898,0.00011811783423116017,0.00011808337524968528,0.00011804894698132919,0.00011801454938115859,0.0001179801824042295,0.00011794584600574647,0.00011791154014097203,0.00011787726476528264,0.00011784301983403398,0.0001178088053028508,0.00011777462112753787,0.00011774046726331244,0.00011770634366668494,0.00011767225029298554,0.00011763818709861221,0.00011760415403949189,0.00011757015107300491,0.00011753617814709966,0.00011750223523454793,0.0001174683222825044,0.00011743443923694567,0.00011740058608099189,0.00011736676274935272,0.00011733296920352628,0.00011729920540312381,0.00011726547130241583,0.00011723176684084487,0.0001171980919936364,0.00011716444674027076,0.00011713083099582221,0.00011709724474458775,0.00011706368792413797,0.00011703016053530281,0.00011699666248555492,0.00011696319377437899,0.00011692975432039287,0.00011689634411927821,0.0001168629630895107,0.00011682961123070036,0.00011679628846525004,0.00011676299477993082,0.00011672973011562214,0.00011669649443373745,0.00011666328769334666,0.00011663010985507562,0.00011659696087498153,0.00011656384071080212,0.00011653074932483524,0.00011649768667138207,0.00011646465270976181,0.00011643164740358717,0.00011639867071487868,0.00011636572259210146,0.00011633280300042754,0.00011629991187052195,0.00011626704922092778,0.00011623421497736901,0.00011620140911409717,0.00011616863156936247,0.00011613588230987834,0.00011610316128092058,0.00011607046848945217,0.00011603780385307406,0.00011600516735042478,0.00011597255894000003,0.00011593997857756717,0.00011590742622224208,0.0001158749018366232,0.0001158424053833932,0.00011580993679659853,0.00011577749605891904,0.0001157450831274429,0.0001157126979731166,0.00011568034058303616,0.000115648010880684,0.00011561570884830969,0.0001155834344235935,0.00011555118755757345,0.0001155189682439462,0.00011548677643938036,0.0001154546120961602,0.00011542247517683834,0.00011539036564661587,0.0001153582834624626,0.00011532622858505289,0.00011529420097847544,0.00011526220057925513,0.00011523022740010487,0.00011519828138164141,0.00011516636247802981,0.00011513447065762897,0.00011510260587830834,0.00011507076810457976,0.00011503895729885704,0.00011500717342437053,0.00011497541644216484,0.00011494368631562625,0.00011491198300743077,0.00011488030648029536,0.00011484865669719202,0.00011481703362095649,0.00011478543721037059,0.00011475386743698615,0.00011472232425956086,0.00011469080764086257,0.00011465931754519102,0.00011462785393536311,0.00011459641677479546,0.00011456500602697013,0.00011453362165543921,0.00011450226362382514,0.0001144709318958211,0.00011443962643518888,0.0001144083472057605,0.00011437709417143826,0.00011434586729619296,0.00011431466654406497,0.00011428349187916343,0.00011425234326566632,0.00011422122066782087,0.00011419012404994198,0.00011415905337643103,0.00011412800861170502,0.00011409698972030128,0.00011406599666683419,0.00011403502941590591,0.00011400408793226604,0.00011397317218070469,0.00011394228212607954,0.00011391141773331479,0.0001138805789674021,0.0001138497657933993,0.00011381897817643094,0.00011378821608168781,0.00011375747947442727,0.0001137267683199722,0.00011369608258371175,0.00011366542223110088,0.00011363478722765976,0.0001136041775389741,0.00011357359313069489,0.00011354303396853803,0.00011351250001828458,0.00011348199124578021,0.00011345150761693522,0.00011342104909772443,0.00011339061565418706,0.00011336020725242585,0.00011332982385860833,0.0001132994654385665,0.0001132691319584985,0.00011323882337672437,0.00011320853967547429,0.00011317828079931591,0.0001131480467465802,0.00011311783746694611,0.00011308765290894724,0.00011305749307480787,0.00011302735789593365,0.00011299724735719015,0.00011296716142543692,0.00011293710006737127,0.00011290706324987566,0.00011287705094071623,0.00011284706310644342,0.00011281709971488427,0.00011278716073230587,0.00011275724612695682,0.00011272735586617518,0.00011269748991711928,0.00011266764824745273,0.00011263783082474819,0.00011260803761651756,0.00011257826859091308,0.00011254852371564619,0.0001125188029579457,0.00011248910628607807,0.00011245943366846476,0.00011242978507280976,0.00011240016046687112,0.00011237055981863059,0.00011234098309609541,0.00011231143026875655,0.00011228190130461111,0.00011225239617135951,0.00011222291483812679,0.00011219345727317862,0.00011216402344510723,0.0001121346133215179,0.00011210522687176526,0.00011207586406471098,0.00011204652486910933,0.00011201720925390409,0.00011198791718800485,0.00011195864866689787,0.000111929403605731,0.00011190018200072961,0.00011187098383988262,0.00011184180905526582,0.00011181265763383474,0.00011178352954584126,0.00011175442475964524,0.00011172534324542571,0.00011169628498623732,0.00011166724995223893,0.00011163823807037383,0.00011160924936133301,0.00011158028376138283,0.0001115513412691048,0.00011152242183383844,0.00011149352542521074,0.000111464652018045,0.0001114358015822946,0.00011140697407346925,0.00011137816948561585,0.00011134938776532305,0.00011132062890590635,0.00011129189286597147,0.00011126317961647388,0.00011123448911139353,0.0001112058213472271,0.00011117717628958578,0.0001111485538979174,0.00011111995414826828,0.0001110913770113859,0.00011106282245012203,0.00011103429045062896,0.00011100578097589752,0.0001109772939893979,0.0001109488294721305,0.00011092038739691942,0.00011089196772715983,0.00011086357044405103,0.0001108351955074242,0.000110806842898298,0.000110778512563044,0.00011075020449764693,0.00011072191866678784,0.0001106936550337599,0.00011066541358254279,0.00011063719428792909,0.00011060899712552823,0.00011058082205463117,0.0001105526690440741,0.00011052453807353705,0.00011049642909465837,0.00011046834209657356,0.00011044027705281517,0.00011041223393655871,0.00011038421271791878,0.00011035621335906932,0.00011032823584980273,0.00011030028014482843,0.00011027234622270993,0.00011024443406253495,0.00011021654362258684,0.00011018867488260893,0.00011016082781450222,0.00011013300239034275,0.00011010519859071927,0.00011007741637254823,0.00011004965571579361,0.00011002191659321734,0.00010999419897463976,0.00010996650283814963,0.00010993882815387615,0.00010991117489408959,0.00010988354303215907,0.00010985593254057979,0.00010982834339233726,0.00010980077555883659,0.00010977322901624502,0.0001097457037355966,0.00010971819969300564,0.00010969071685820497,0.00010966325520320627,0.00010963581470287831,0.0001096083953131653,0.00010958099703746343,0.00010955361984154369,0.00010952626369384849,0.00010949892856885394,0.00010947161443696392,0.00010944432127553584,0.00010941704905347997,0.00010938979775566394,0.00010936256732547164,0.0001093353577726765,0.00010930816905667124,0.00010928100115098001,0.00010925385401514612,0.00010922672765557941,0.00010919962202797879,0.000109172537106984,0.00010914547286775575,0.00010911842928576154,0.00010909140633283523,0.00010906440398316598,0.00010903742221099245,0.00010901046099059525,0.00010898352029629839,0.0001089566001024705,0.00010892970038353185,0.00010890282111394329,0.00010887596226819861,0.00010884912382085879,0.00010882230574651316,0.00010879550802015675,0.0001087687306133454,0.00010874197350313594,0.00010871523666212152,0.00010868852006955632,0.00010866182371466274,0.00010863514753896551,0.00010860849153686969,0.00010858185568045788,0.00010855523994579627,0.00010852864430813819,0.0001085020687408067,0.00010847551322025362,0.00010844897772436167,0.00010842246225284772,0.0001083959667248799,0.00010836949115961128,0.00010834303550255362,0.00010831659974406916,0.00010829018385960592,0.00010826378782464258,0.00010823741161473344,0.00010821105520547073,0.00010818471857648474,0.00010815840169941366,0.00010813210454996947,0.00010810582710393608,0.00010807956933310198,0.00010805333122126059,0.00010802711275418099,0.00010800091389402585,0.00010797473460267382,0.00010794857488752709,0.0001079224347058537,0.00010789631401588178,0.00010787021281829994,0.0001078441310705526,0.00010781806876699148,0.00010779202588439634,0.00010776600244327384,0.00010773999832239821,0.00010771401355941405,0.00010768804810343754,0.00010766210198251706,0.00010763617511190237,0.00010761026749176097,0.00010758437909892312,0.00010755850989080697,0.00010753265986274211,0.00010750682899006061,0.00010748101725265758,0.00010745522462419792,0.00010742945108304044,0.00010740369660604694,0.0001073779611720237,0.00010735224475591595,0.00010732654733444308,0.00010730086888465648,0.00010727520938408278,0.00010724956880923855,0.00010722394713718323,0.00010719834434589124,0.00010717276040813084,0.00010714719530932325,0.00010712164902276353,0.00010709612152498332,0.00010707061279446863,0.00010704512280674936,0.0001070196515416272,0.00010699419897502458,0.0001069687650729843,0.0001069433498196094,0.00010691795321872656,0.00010689257522500307,0.00010686721581947165,0.00010684187496065737,0.0001068165526575867,0.00010679124887608793,0.00010676596359289123,0.00010674069678471658,0.00010671544843058554,0.00010669021850783444,0.00010666500699441047,0.00010663981386801537,0.00010661463910493483,0.00010658948268754654,0.00010656434459140453,0.00010653922479288316,0.00010651412327450907,0.00010648904000137589,0.00010646397497305027,0.0001064389281564424,0.00010641389953450262,0.0001063888890789015,0.00010636389677058436,0.00010633892258914797,0.000106313966513736,0.00010628902852189293,0.00010626410857644658,0.00010623920668774001,0.00010621432281227088,0.00010618945695405319,0.00010616460905637403,0.00010613977910291658,0.00010611496708613534,0.00010609017298309967,0.00010606539677094281,0.00010604063842872096,0.00010601589793527809,0.00010599117526954849,0.00010596647040846051,0.000105941783332793,0.00010591711402178856,0.00010589246245626386,0.00010586782861787066,0.00010584321247488303,0.00010581861401476213,0.00010579403324011145,0.00010576947008647177,0.00010574492454587274,0.00010572039660910054,0.00010569588624631651,0.00010567139343491273,0.00010564691816051608,0.00010562246041187408,0.00010559802014945253,0.00010557359737089323,0.00010554919204108596,0.00010552480413857081,0.00010550043364773888,0.0001054760805522419,0.00010545174483880292,0.00010542742646634126,0.00010540312543790024,0.00010537884172372522,0.0001053545752984709,0.00010533032612079435,0.00010530609420596659,0.00010528187952252711,0.00010525768205024213,0.00010523350179180631,0.00010520933867860576,0.00010518519272371426,0.00010516106389724008,0.00010513695217779602,0.00010511285753499337,0.00010508877997131127,0.0001050647194665583,0.00010504067599362056,0.00010501664953091398,0.0001049926400613894,0.00010496864756206407,0.00010494467201362071,0.00010492071342458488,0.00010489677172858877,0.00010487284692528116,0.00010484893899423299,0.00010482504792407782,0.00010480117368644571,0.00010477731626225463,0.00010475347563685453,0.00010472965179311222,0.0001047058447043421,0.00010468205435430193,0.0001046582807237138,0.00010463452381109022,0.00010461078356245682,0.0001045870599750259,0.00010456335303015575,0.00010453966270902361,0.00010451598899220985,0.00010449233186059646,0.00010446869129317585,0.00010444506727772372,0.00010442145978939954,0.00010439786880471527,0.00010437429431787453,0.0001043507362995596,0.00010432719473292047,0.00010430366960173103,0.00010428016089043665,0.00010425666856971326,0.0001042331926294681,0.0001042097330442444,0.00010418628980188553,0.00010416286287932443,0.00010413945227878567,0.00010411605794565473,0.00010409267987837942,0.0001040693180590644,0.00010404597246035702,0.00010402264307983457,0.00010399932989265274,0.00010397603287789901,0.00010395275201836525,0.00010392948729714351,0.000103906238693109,0.00010388300618935963,0.00010385978975984714,0.00010383658939443683,0.00010381340508993357,0.00010379023680510503,0.00010376708452648603,0.00010374394823419245,0.00010372082792327814,0.00010369772356234595,0.00010367463514319621,0.00010365156263494791,0.00010362850604285525,0.0001036054653267506,0.00010358244047583308,0.00010355943147147837,0.00010353643829732044,0.00010351346093468126,0.00010349049936586142,0.00010346755357758823,0.00010344462355479686,0.00010342170926068454,0.00010339881069867807,0.00010337592783200692,0.00010335306066808424,0.00010333020915695426,0.00010330737330081014,0.00010328455307944267,0.0001032617484728121,0.00010323895946853086,0.00010321618604651532,0.00010319342818931961,0.00010317068587959139,0.00010314795913236543,0.00010312524786545405,0.00010310255209386191,0.00010307987180036724,0.00010305720699751672,0.00010303455760820928,0.00010301192364284372,0.0001029893050889335,0.0001029667019466265,0.00010294411415746382,0.00010292154172788858,0.00010289898463884241,0.00010287644287104693,0.00010285391640919024,0.00010283140526153354,0.00010280890936263747,0.00010278642871809369,0.00010276396331145578,0.00010274151312823882,0.0001027190781513981,0.00010269665835997836,0.00010267425373817224,0.00010265186428964889,0.00010262948996284171,0.00010260713075344429,0.00010258478665523317,0.00010256245765596606,0.00010254014371716033,0.0001025178448339195,0.00010249556098956256,0.00010247329215801045,0.00010245103832937913,0.00010242879951225744,0.00010240657565835236,0.0001023843667513684,0.0001023621727916772,0.00010233999374617921,0.00010231782959648208,0.00010229568033588219,0.00010227354596924512,0.00010225142643634296,0.00010222932173974406,0.00010220723186685519,0.00010218515681183743,0.0001021630965456228,0.00010214105104733535,0.00010211902031755847,0.00010209700433245571,0.00010207500306121717,0.00010205301650260441,0.00010203104463919363,0.0001020090874518645,0.0001019871449284478,0.00010196521703957017,0.00010194330379058566,0.00010192140515780096,0.00010189952113335311,0.000101877651680683,0.00010185579681004655,0.00010183395646619056,0.0001018121306666378,0.0001017903193825104,0.00010176852260065679,0.00010174674030719755,0.00010172497248705794,0.00010170321911868878,0.00010168148018584586,0.00010165975568322743,0.00010163804558527953,0.00010161634987846067,0.00010159466857444342,0.00010157300161122123,0.00010155134899507099,0.00010152971070776186,0.0001015080867333617,0.0001014864770616536,0.00010146488168110192,0.0001014433005617694,0.00010142173369587163,0.00010140018106972831,0.00010137864267219155,0.00010135711847532874,0.0001013356084706359,0.00010131411264092201,0.000101292630962867,0.00010127116343973047,0.0001012497100464554,0.00010122827076969628,0.00010120684559469303,0.00010118543450379811,0.00010116403747892058,0.00010114265451041504,0.00010112128558226749,0.0001010999306788233,0.00010107858978876234,0.00010105726288885606,0.00010103594996916392,0.0001010146510121328,0.00010099336599316133,0.00010097209492159917,0.00010095083776953198,0.00010092959452246523,0.00010090836516488775,0.00010088714968101426,0.00010086594805852435,0.00010084476028613145,0.00010082358633979817,0.00010080242620848805,0.00010078127988876898,0.00010076014734521402,0.0001007390285758319,0.00010071792357046904,0.0001006968322970306,0.0001006757547500678,0.00010065469091709708,0.00010063364078363614,0.00010061260433878856,0.0001005915815581257,0.00010057057242721999,0.00010054957694084918,0.00010052859508168098,0.0001005076268330732,0.00010048667218202879,0.00010046573111134136,0.00010044480360917273,0.00010042388966082476,0.00010040298925287197,0.00010038210236897803,0.00010036122899703513,0.000100340369120912,0.00010031952272603914,0.00010029868980138585,0.00010027787032775461,0.00010025706429438576,0.00010023627169129206,0.00010021549249347893,0.00010019472669369849,0.00010017397427756084,0.00010015323523059561,0.00010013250953674039,0.00010011179718101488,0.00010009109815400932,0.00010007041243813269,0.00010004974002178584,0.00010002908088957972,0.00010000843502917257,9.99878024237198e-05,9.996718305992738e-05,9.994657692524539e-05,9.992598400749903e-05,9.990540428830395e-05,9.988483775884855e-05,9.986428440022079e-05,9.984374420230068e-05,9.98232171501852e-05,9.98027032323109e-05,9.978220242981086e-05,9.976171473133589e-05,9.974124012135263e-05,9.97207785915151e-05,9.97003301252862e-05,9.96798947100576e-05,9.965947233155043e-05,9.963906297356454e-05,9.961866662470564e-05,9.959828327280265e-05,9.957791289646238e-05,9.955755549302051e-05,9.953721103853709e-05,9.95168795346981e-05,9.949656095597683e-05,9.947625528261793e-05,9.945596251963527e-05,9.943568264378616e-05,9.94154156442221e-05,9.9395161501698e-05,9.937492020701995e-05,9.935469174671004e-05,9.933447611264696e-05,9.931427326117895e-05,9.929408322633765e-05,9.92739059728407e-05,9.925374148603264e-05,9.923358975541051e-05,9.921345076516533e-05,9.919332450473071e-05,9.917321095701014e-05,9.915311011342474e-05,9.913302195914699e-05,9.911294647379265e-05,9.909288365745338e-05,9.907283349084823e-05,9.905279596188976e-05,9.903277105432435e-05,9.901275875693583e-05,9.899275905956302e-05,9.897277194689702e-05,9.895279740054041e-05,9.893283540484446e-05,9.891288596519288e-05,9.889294906177748e-05,9.887302468161167e-05,9.88531128009046e-05,9.883321341983638e-05,9.881332651984865e-05,9.87934520727692e-05,9.877359009834799e-05,9.87537405659388e-05,9.873390346042642e-05,9.871407877789635e-05,9.869426649190763e-05,9.867446660667157e-05,9.865467910101466e-05,9.863490395704719e-05,9.86151411717851e-05,9.859539072697837e-05,9.857565261249329e-05,9.855592681663008e-05,9.853621332526504e-05,9.851651212143225e-05,9.84968232007817e-05,9.847714654834963e-05,9.845748214832217e-05,9.843782998987832e-05,9.841819005871951e-05,9.839856234571949e-05,9.837894683740904e-05,9.835934351844532e-05,9.833975238155987e-05,9.83201734117593e-05,9.830060659605787e-05,9.82810519210186e-05,9.826150937206487e-05,9.824197894377629e-05,9.8222460622009e-05,9.820295438921947e-05,9.818346024391242e-05,9.816397816481218e-05,9.814450814279305e-05,9.812505016257322e-05,9.810560421690974e-05,9.808617029371544e-05,9.806674837929155e-05,9.804733846005484e-05,9.802794052347714e-05,9.800855455420055e-05,9.798918054938081e-05,9.796981848728303e-05,9.795046835951631e-05,9.7931130160701e-05,9.791180387471226e-05,9.789248948512868e-05,9.787318698718548e-05,9.785389636122153e-05,9.783461760256135e-05,9.781535069342113e-05,9.779609562041875e-05,9.777685237207205e-05,9.775762094475578e-05,9.773840132145262e-05,9.771919348901964e-05,9.769999743691682e-05,9.76808131566504e-05,9.766164063156555e-05,9.76424798513144e-05,9.762333080435744e-05,9.760419347721211e-05,9.758506786322434e-05,9.756595394599337e-05,9.754685171624967e-05,9.752776116024962e-05,9.750868226542433e-05,9.748961502563586e-05,9.747055942324663e-05,9.745151545146055e-05,9.743248309460995e-05,9.741346234448591e-05,9.739445318741355e-05,9.73754556067551e-05,9.735646960251153e-05,9.733749515696902e-05,9.731853225902243e-05,9.729958089589634e-05,9.728064105750743e-05,9.726171272694115e-05,9.72427959023028e-05,9.722389056772926e-05,9.720499670934434e-05,9.718611431971648e-05,9.716724338891258e-05,9.714838390140761e-05,9.712953584576115e-05,9.711069921439507e-05,9.709187399160017e-05,9.707306016997996e-05,9.705425773693974e-05,9.703546668112992e-05,9.701668699088916e-05,9.699791865468163e-05,9.69791616612524e-05,9.696041600101983e-05,9.694168166039311e-05,9.692295862705282e-05,9.690424689410873e-05,9.688554644944539e-05,9.686685728083656e-05,9.684817937566165e-05,9.682951272615048e-05,9.68108573196025e-05,9.679221314465823e-05,9.677358019307984e-05,9.675495844651214e-05,9.673634790114382e-05,9.671774854278405e-05,9.669916036179511e-05,9.668058334614236e-05,9.666201748538023e-05,9.664346276258115e-05,9.662491917905058e-05,9.660638671505432e-05,9.658786536118991e-05,9.656935511117144e-05,9.655085594976815e-05,9.653236787008169e-05,9.651389085448082e-05,9.649542489642618e-05,9.647696998503452e-05,9.645852611120207e-05,9.644009325784542e-05,9.642167141973115e-05,9.640326058272274e-05,9.638486074025243e-05,9.636647187763158e-05,9.634809398711207e-05,9.632972705670811e-05,9.631137107604693e-05,9.629302603362427e-05,9.627469191025075e-05,9.62563687098733e-05,9.623805642866798e-05,9.621975505559023e-05,9.620146454865682e-05,9.61831849168479e-05,9.616491614935008e-05,9.614665823416669e-05,9.612841116427537e-05,9.611017492617038e-05,9.609194951161911e-05,9.607373490352309e-05,9.605553110287755e-05,9.603733809344483e-05,9.601915586535815e-05,9.600098441012757e-05,9.598282371127386e-05,9.596467376186246e-05,9.594653455148194e-05,9.592840606923621e-05,9.591028830508332e-05,9.589218124939815e-05,9.587408489123821e-05,9.585599921964157e-05,9.583792422120212e-05,9.581985989400362e-05,9.580180623389254e-05,9.578376320932144e-05,9.57657308198838e-05,9.574770905692817e-05,9.572969790845426e-05,9.57116973612112e-05,9.56937074127456e-05,9.567572805059694e-05,9.565775926226761e-05,9.563980103760278e-05,9.562185336761424e-05,9.560391624112407e-05,9.55859896498066e-05,9.556807358097335e-05,9.555016802713938e-05,9.553227297667651e-05,9.551438842055885e-05,9.549651434801494e-05,9.547865074908607e-05,9.546079761397661e-05,9.544295493384948e-05,9.542512269655698e-05,9.540730089235597e-05,9.538948951158288e-05,9.537168855072358e-05,9.535389798923342e-05,9.533611782278988e-05,9.531834803947826e-05,9.530058863174382e-05,9.528283958760232e-05,9.526510089326495e-05,9.524737254679354e-05,9.522965453494818e-05,9.521194684804307e-05,9.519424947423102e-05,9.517656239648721e-05,9.515888562878159e-05,9.514121913641167e-05,9.512356290308278e-05,9.510591695808297e-05,9.508828127095863e-05,9.507065582959741e-05,9.505304062525017e-05,9.503543563703415e-05,9.501784087631336e-05,9.50002563236455e-05,9.498268196951608e-05,9.496511780552695e-05,9.494756382022682e-05,9.493002000238854e-05,9.491248634650528e-05,9.489496283728675e-05,9.48774494715495e-05,9.48599462467709e-05,9.484245312986871e-05,9.482497012117431e-05,9.48074972185518e-05,9.479003440728802e-05,9.477258167530586e-05,9.475513902196089e-05,9.473770643265777e-05,9.472028389831054e-05,9.470287140929409e-05,9.468546895073101e-05,9.466807652394162e-05,9.465069411376704e-05,9.463332171114049e-05,9.461595930735038e-05,9.459860688879791e-05,9.458126445140444e-05,9.456393198349457e-05,9.454660947625768e-05,9.452929692175495e-05,9.451199431190391e-05,9.449470163099094e-05,9.447741887285851e-05,9.446014602902298e-05,9.444288307943155e-05,9.442563003599987e-05,9.440838687792565e-05,9.43911535917032e-05,9.437393016400986e-05,9.435671660893491e-05,9.433951291772054e-05,9.432231904817263e-05,9.43051350127301e-05,9.428796079905022e-05,9.427079639674448e-05,9.42536417989338e-05,9.423649699892148e-05,9.421936198027391e-05,9.420223673931735e-05,9.418512125210901e-05,9.416801553404745e-05,9.415091956716308e-05,9.413383333763614e-05,9.411675683932045e-05,9.409969006156077e-05,9.408263300561384e-05,9.406558565955572e-05,9.40485479933307e-05,9.403152001193058e-05,9.401450170420246e-05,9.399749306611974e-05,9.398049409776043e-05,9.396350478119057e-05,9.394652509667855e-05,9.392955504176232e-05,9.391259460843403e-05,9.38956437884851e-05,9.38787025706718e-05,9.386177094473188e-05,9.38448489145464e-05,9.382793646382351e-05,9.381103358098376e-05,9.379414025881084e-05,9.377725648879898e-05,9.376038226249597e-05,9.374351757141803e-05,9.372666241989998e-05,9.370981679319621e-05,9.369298064932787e-05,9.367615400571588e-05,9.365933685797847e-05,9.364252919151485e-05,9.362573099332665e-05,9.360894225938089e-05,9.35921629780322e-05,9.357539314751362e-05,9.355863275526337e-05,9.354188179214557e-05,9.352514025025619e-05,9.350840812032603e-05,9.349168539136091e-05,9.347497205724854e-05,9.345826811249538e-05,9.344157354558032e-05,9.342488834791498e-05,9.340821251093974e-05,9.339154602607501e-05,9.337488886447241e-05,9.335824105812537e-05,9.334160259542225e-05,9.332497343806792e-05,9.330835359327264e-05,9.329174304008505e-05,9.327514177987144e-05,9.325854980351852e-05,9.324196710429607e-05,9.322539367322965e-05,9.320882950106767e-05,9.319227457754698e-05,9.317572889568646e-05,9.315919244779364e-05,9.314266521991589e-05,9.312614721916782e-05,9.3109638412466e-05,9.309313881331768e-05,9.307664839135278e-05,9.30601671666629e-05,9.30436951225799e-05,9.302723224485922e-05,9.301077853123138e-05,9.299433399084132e-05,9.297789857167136e-05,9.296147226918626e-05,9.294505509269431e-05,9.292864703047301e-05,9.29122480695854e-05,9.289585822364273e-05,9.287947746373037e-05,9.286310578787883e-05,9.284674318705383e-05,9.283038965480322e-05,9.281404518542978e-05,9.27977097631159e-05,9.27813833823354e-05,9.276506603370406e-05,9.274875771398551e-05,9.273245841470669e-05,9.271616812934497e-05,9.26998868398791e-05,9.268361454428962e-05,9.266735123905193e-05,9.265109688990009e-05,9.263485152731092e-05,9.26186151263764e-05,9.260238767662097e-05,9.258616917347617e-05,9.256995959445088e-05,9.255375895697914e-05,9.253756724522526e-05,9.252138441654881e-05,9.25052105208916e-05,9.248904549748694e-05,9.247288938845986e-05,9.24567421595569e-05,9.244060380660555e-05,9.242447431542803e-05,9.240835368862183e-05,9.23922419101817e-05,9.237613897295071e-05,9.236004486735043e-05,9.23439595885677e-05,9.232788312539327e-05,9.231181547319055e-05,9.229575662108891e-05,9.227970656527389e-05,9.226366529593025e-05,9.224763280541533e-05,9.22316091116027e-05,9.221559416018475e-05,9.219958794911901e-05,9.21835904942949e-05,9.216760177882931e-05,9.215162179441653e-05,9.213565053323093e-05,9.211968802054837e-05,9.210373418571328e-05,9.208778905161192e-05,9.207185261283887e-05,9.205592487306007e-05,9.204000579484181e-05,9.202409538543124e-05,9.20081936069876e-05,9.199230051967589e-05,9.197641607473227e-05,9.196054026874412e-05,9.194467308460728e-05,9.192881453400347e-05,9.191296460468745e-05,9.189712326577005e-05,9.18812905375791e-05,9.186546642148375e-05,9.18496508775122e-05,9.183384390960604e-05,9.18180455122252e-05,9.18022556769056e-05,9.17864743954022e-05,9.177070166424011e-05,9.175493747321607e-05,9.173918181524492e-05,9.172343468216459e-05,9.170769606677298e-05,9.169196596473893e-05,9.167624436520112e-05,9.166053125816559e-05,9.164482663925444e-05,9.162913049849816e-05,9.161344283174407e-05,9.159776363022618e-05,9.158209288670017e-05,9.156643059359604e-05,9.155077674354854e-05,9.153513132901315e-05,9.151949434372979e-05,9.150386577450434e-05,9.148824562301549e-05,9.147263387249381e-05,9.145703052471283e-05,9.144143555724688e-05,9.142584899183079e-05,9.141027078654588e-05,9.139470095986299e-05,9.13791394949805e-05,9.136358638466775e-05,9.134804162435757e-05,9.133250520146672e-05,9.131697712227099e-05,9.13014573572907e-05,9.128594590171849e-05,9.127044277772686e-05,9.125494794971318e-05,9.12394614136172e-05,9.122398316569697e-05,9.120851320026367e-05,9.119305150874004e-05,9.11775980858694e-05,9.11621529217212e-05,9.114671601210857e-05,9.113128734771727e-05,9.111586692248162e-05,9.110045472847961e-05,9.108505075907278e-05,9.106965500888988e-05,9.105426746749623e-05,9.103888814441876e-05,9.102351700180547e-05,9.100815404700282e-05,9.099279926812326e-05,9.097745267136814e-05,9.09621142412585e-05,9.094678396937364e-05,9.09314618536005e-05,9.091614788154836e-05,9.090084204867485e-05,9.088554436164362e-05,9.087025478305508e-05,9.085497332910419e-05,9.083969998201283e-05,9.082443474361955e-05,9.080917759936489e-05,9.079392856203036e-05,9.077868758329701e-05,9.076345468795734e-05,9.074822985977845e-05,9.073301309366575e-05,9.071780438434369e-05,9.070260372188302e-05,9.068741110180963e-05,9.067222651525912e-05,9.065704995397959e-05,9.064188141591645e-05,9.062672089144116e-05,9.061156837282164e-05,9.05964238538085e-05,9.058128732836687e-05,9.056615878815996e-05,9.055103822715699e-05,9.053592563821765e-05,9.052082101397348e-05,9.050572434998459e-05,9.049063563681062e-05,9.047555486855302e-05,9.046048203840084e-05,9.044541713810954e-05,9.043036016364497e-05,9.04153111028523e-05,9.040026995599248e-05,9.038523671429257e-05,9.037021136899988e-05,9.035519391565573e-05,9.034018434401575e-05,9.032518265120822e-05,9.031018882745826e-05,9.029520286773262e-05,9.028022476482067e-05,9.02652545147347e-05,9.02502921058165e-05,9.023533753452521e-05,9.022039079212773e-05,9.020545187309628e-05,9.019052077854646e-05,9.017559748957246e-05,9.016068200234334e-05,9.014577431113798e-05,9.013087440977472e-05,9.011598229408247e-05,9.010109794901599e-05,9.008622137861248e-05,9.007135257146413e-05,9.005649152494124e-05,9.004163822531061e-05,9.002679267048397e-05,9.001195485183339e-05,8.999712476485872e-05,8.998230240214496e-05,8.996748775681828e-05,8.995268082256823e-05,8.993788159327695e-05,8.99230900792787e-05,8.990830623704514e-05,8.989353008194392e-05,8.987876160488472e-05,8.986400080381164e-05,8.984924766814053e-05,8.983450218681974e-05,8.981976435779634e-05,8.98050341765035e-05,8.979031163739946e-05,8.977559673166472e-05,8.97608894526385e-05,8.974618979157257e-05,8.973149774656815e-05,8.971681330381318e-05,8.970213646510209e-05,8.96874672182326e-05,8.967280556325542e-05,8.96581514922974e-05,8.964350499510092e-05,8.962886606568045e-05,8.961423470085506e-05,8.959961089192645e-05,8.958499463184248e-05,8.957038591511896e-05,8.955578473953204e-05,8.9541191093008e-05,8.952660496936278e-05,8.951202636418696e-05,8.949745527310973e-05,8.948289168636663e-05,8.946833559992956e-05,8.945378700523901e-05,8.943924589793385e-05,8.942471227067811e-05,8.941018611897968e-05,8.939566743462658e-05,8.938115621204718e-05,8.936665244507309e-05,8.935215612629148e-05,8.933766725289382e-05,8.932318581417256e-05,8.930871180792705e-05,8.929424522841895e-05,8.927978606484083e-05,8.926533431384971e-05,8.92508899682029e-05,8.92364530155095e-05,8.922202346101393e-05,8.920760129838358e-05,8.919318651071915e-05,8.917877910519557e-05,8.916437906298666e-05,8.914998640341233e-05,8.913560108161072e-05,8.91212231075436e-05,8.910685249065922e-05,8.909248919849784e-05,8.907813324156029e-05,8.906378461031803e-05,8.904944329947808e-05,8.903510929286807e-05,8.902078260526504e-05,8.90064632161349e-05,8.899215112471324e-05,8.89778463227057e-05,8.896354880451429e-05,8.894925855211387e-05,8.893497558308315e-05,8.892069987959586e-05,8.890643143564779e-05,8.889217024294291e-05,8.88779163000175e-05,8.886366959632184e-05,8.88494301294575e-05,8.883519789312466e-05,8.882097288036242e-05,8.8806755085205e-05,8.879254450173098e-05,8.877834112391283e-05,8.876414494572908e-05,8.874995596099881e-05,8.87357741645779e-05,8.872159955063976e-05,8.870743211581399e-05,8.869327184702671e-05,8.867911874147768e-05,8.866497279480626e-05,8.865083399729493e-05,8.863670235044988e-05,8.862257784370723e-05,8.860846047421884e-05,8.85943502290621e-05,8.858024711825471e-05,8.856615112265903e-05,8.855206223159628e-05,8.85379804464042e-05,8.852390575972951e-05,8.850983816523549e-05,8.849577766278913e-05,8.848172424049153e-05,8.846767789293125e-05,8.845363861794974e-05,8.843960640813117e-05,8.842558125718619e-05,8.84115631587704e-05,8.839755210842494e-05,8.838354809991665e-05,8.836955113697474e-05,8.835556119464513e-05,8.834157826881159e-05,8.832760236787257e-05,8.831363348125689e-05,8.829967162775759e-05,8.828571675190021e-05,8.82717688684059e-05,8.82578279850602e-05,8.824389407616459e-05,8.82299671478962e-05,8.821604719255634e-05,8.820213421530962e-05,8.818822818491502e-05,8.817432911356283e-05,8.816043699127934e-05,8.814655181253285e-05,8.813267357565377e-05,8.811880226825258e-05,8.8104937891502e-05,8.809108043792404e-05,8.80772299005028e-05,8.806338627482778e-05,8.804954956534252e-05,8.803571974996414e-05,8.80218968234201e-05,8.80080807814274e-05,8.799427160563764e-05,8.798046932232525e-05,8.796667391618958e-05,8.795288537632819e-05,8.793910369707606e-05,8.792532887264407e-05,8.791156089783914e-05,8.789779976915394e-05,8.788404547690909e-05,8.78702980184876e-05,8.785655738744221e-05,8.784282357141934e-05,8.782909657236301e-05,8.781537638411025e-05,8.780166300165031e-05,8.778795641928502e-05,8.777425663112032e-05,8.776056363414747e-05,8.774687741855797e-05,8.773319798681731e-05,8.771952532553121e-05,8.770585942864914e-05,8.769220029961984e-05,8.767854792272355e-05,8.766490229950121e-05,8.765126341218739e-05,8.763763127170643e-05,8.762400585631271e-05,8.761038716809989e-05,8.759677520669337e-05,8.758316996660369e-05,8.756957144205958e-05,8.755597962730805e-05,8.754239451610316e-05,8.752881609837186e-05,8.751524437326058e-05,8.750167933409652e-05,8.748812097579321e-05,8.747456929448433e-05,8.746102428301944e-05,8.744748593459771e-05,8.743395424457697e-05,8.742042920907876e-05,8.740691082222248e-05,8.73933990792378e-05,8.73798939711552e-05,8.73663954981662e-05,8.73529036523033e-05,8.733941843396177e-05,8.732593982702355e-05,8.731246783153993e-05,8.729900245831155e-05,8.728554367000939e-05,8.727209147609607e-05,8.725864587421664e-05,8.724520685715037e-05,8.723177442029199e-05,8.72183485700291e-05,8.720492927512687e-05,8.719151654560434e-05,8.717811037536392e-05,8.716471075428715e-05,8.715131768840727e-05,8.713793116400523e-05,8.712455117994468e-05,8.711117772702484e-05,8.709781079473503e-05,8.708445039533592e-05,8.707109651011097e-05,8.705774913734144e-05,8.704440826430966e-05,8.703107390313666e-05,8.701774603527567e-05,8.700442466403069e-05,8.699110977544402e-05,8.697780136675071e-05,8.696449943509055e-05,8.695120397428466e-05,8.69379149794328e-05,8.692463244578965e-05,8.691135636073651e-05,8.689808673410557e-05,8.688482355198646e-05,8.687156681355898e-05,8.6858316507332e-05,8.684507263151395e-05,8.683183518071968e-05,8.68186041508036e-05,8.680537953611215e-05,8.679216132502992e-05,8.67789495243595e-05,8.676574411678361e-05,8.675254511099279e-05,8.67393524953513e-05,8.672616626484142e-05,8.67129864136706e-05,8.669981293018548e-05,8.668664582994599e-05,8.667348508803863e-05,8.66603307051444e-05,8.664718267745099e-05,8.663404099951057e-05,8.662090566593945e-05,8.660777667331044e-05,8.659465400718638e-05,8.65815376783681e-05,8.65684276787323e-05,8.655532399494391e-05,8.654222662407516e-05,8.652913556859564e-05,8.651605081459588e-05,8.650297235491671e-05,8.648990019786324e-05,8.647683432949208e-05,8.64637747465171e-05,8.645072144398843e-05,8.64376744170407e-05,8.6424633660319e-05,8.641159916956144e-05,8.639857094066489e-05,8.638554897162133e-05,8.637253325436306e-05,8.63595237798259e-05,8.63465205445389e-05,8.633352354729264e-05,8.632053278095844e-05,8.630754824217959e-05,8.629456992346775e-05,8.628159782177046e-05,8.626863193221365e-05,8.625567220741584e-05,8.624271870739403e-05,8.622977141828384e-05,8.62168303217429e-05,8.620389541739233e-05,8.619096669821082e-05,8.617804415843769e-05,8.616512779290881e-05,8.615221759626464e-05,8.613931357110725e-05,8.612641569768051e-05,8.611352398573396e-05,8.610063842357727e-05,8.608775900778045e-05,8.607488573037055e-05,8.606201858842563e-05,8.604915757683804e-05,8.603630269051363e-05,8.602345391998575e-05,8.601061126931656e-05,8.599777473014474e-05,8.598494429928068e-05,8.597211997052395e-05,8.595930171248022e-05,8.594648957523317e-05,8.593368352668415e-05,8.592088355911985e-05,8.590808967010772e-05,8.589530185627476e-05,8.58825201115806e-05,8.586974443541861e-05,8.585697481622801e-05,8.58442112521822e-05,8.583145373521657e-05,8.581870226779506e-05,8.580595684425149e-05,8.579321745157659e-05,8.578048409125364e-05,8.576775675992578e-05,8.575503544846989e-05,8.57423201545393e-05,8.572961087088575e-05,8.571690760061447e-05,8.570421033541043e-05,8.569151906886099e-05,8.567883379844754e-05,8.566615451700384e-05,8.565348122171032e-05,8.564081390743807e-05,8.562815256933481e-05,8.561549720071251e-05,8.560284780195438e-05,8.559020436555077e-05,8.557756688857036e-05,8.556493536453172e-05,8.555230978996696e-05,8.553969015866647e-05,8.552707646877497e-05,8.551446870841982e-05,8.550186688365157e-05,8.548927098507735e-05,8.547668100361855e-05,8.546409694455748e-05,8.54515187984992e-05,8.543894655569086e-05,8.542638021701101e-05,8.541381978213854e-05,8.540126523786323e-05,8.53887165845245e-05,8.537617381683304e-05,8.536363693069336e-05,8.535110592146229e-05,8.533858078418362e-05,8.532606151561636e-05,8.531354811574419e-05,8.530104057478747e-05,8.528853888862939e-05,8.527604305236968e-05,8.526355306202311e-05,8.525106891268856e-05,8.523859060038508e-05,8.522611812045047e-05,8.521365146845667e-05,8.52011906399809e-05,8.518873563060186e-05,8.517628643590752e-05,8.516384305148703e-05,8.515140547293516e-05,8.513897369585137e-05,8.512654771583911e-05,8.511412752850857e-05,8.510171312797294e-05,8.508930451368977e-05,8.507690167890558e-05,8.506450461539644e-05,8.505211333181954e-05,8.503972780989503e-05,8.502734804922528e-05,8.501497404966655e-05,8.500260580670968e-05,8.499024330634774e-05,8.497788654850323e-05,8.496553552935962e-05,8.495319025137678e-05,8.494085070695423e-05,8.492851689075573e-05,8.491618879402533e-05,8.49038664161052e-05,8.489154975058992e-05,8.487923879417975e-05,8.486693354633787e-05,8.48546340016265e-05,8.484234014972666e-05,8.483005199295313e-05,8.481776952550271e-05,8.480549274215948e-05,8.479322163889123e-05,8.478095619872282e-05,8.476869643147286e-05,8.475644234303218e-05,8.474419390385283e-05,8.47319511223664e-05,8.471971400552857e-05,8.470748254168838e-05,8.469525672611323e-05,8.468303655225169e-05,8.467082201535235e-05,8.465861310696739e-05,8.46464098351785e-05,8.463421218797778e-05,8.462202015914949e-05,8.460983374707301e-05,8.459765294810994e-05,8.458547775455837e-05,8.457330816843504e-05,8.456114415924339e-05,8.454898576523969e-05,8.453683296451932e-05,8.452468575085002e-05,8.451254411722398e-05,8.450040807239789e-05,8.44882775970596e-05,8.447615269339289e-05,8.446403336019954e-05,8.445191958237919e-05,8.443981136598759e-05,8.442770870637327e-05,8.441561159437649e-05,8.440352002970941e-05,8.439143400671732e-05,8.437935352035275e-05,8.436727856749677e-05,8.435520913742132e-05,8.434314523851471e-05,8.433108685457063e-05,8.431903398749677e-05,8.430698664164953e-05,8.429494480642395e-05,8.428290846639249e-05,8.427087762252434e-05,8.425885228374524e-05,8.424683243309523e-05,8.42348180707699e-05,8.422280919268699e-05,8.42108057948122e-05,8.419880787301665e-05,8.41868154230612e-05,8.417482844222701e-05,8.41628469253244e-05,8.415087086830322e-05,8.41389002671321e-05,8.412693511697714e-05,8.411497541460392e-05,8.410302115668855e-05,8.409107233829462e-05,8.407912895271624e-05,8.406719100218516e-05,8.405525847875791e-05,8.404333137955382e-05,8.403140970006807e-05,8.401949343567764e-05,8.400758258265285e-05,8.399567713730045e-05,8.398377709512555e-05,8.397188245531494e-05,8.395999320917911e-05,8.394810935501611e-05,8.393623088902802e-05,8.392435780601449e-05,8.391249010349138e-05,8.390062777759936e-05,8.388877082099401e-05,8.387691923425076e-05,8.38650730108711e-05,8.385323214662763e-05,8.384139663955903e-05,8.38295664841336e-05,8.38177416784658e-05,8.380592220498499e-05,8.379410808474179e-05,8.378229930162918e-05,8.377049584596519e-05,8.375869772334426e-05,8.374690492502751e-05,8.373511745700923e-05,8.372333529425728e-05,8.371155844611105e-05,8.369978690824131e-05,8.368802067574762e-05,8.36762597447496e-05,8.366450411139097e-05,8.365275377198422e-05,8.364100872243373e-05,8.362926895901582e-05,8.361753447775034e-05,8.360580527477545e-05,8.359408134636633e-05,8.358236268855154e-05,8.357064929689768e-05,8.35589411685842e-05,8.354723829913533e-05,8.353554068629162e-05,8.352384832387793e-05,8.35121612088897e-05,8.350047933766714e-05,8.348880270626143e-05,8.347713131094047e-05,8.346546514310447e-05,8.345380420855437e-05,8.344214849669417e-05,8.343049800293261e-05,8.341885272722095e-05,8.340721266824214e-05,8.339557781876791e-05,8.338394817525436e-05,8.337232373370491e-05,8.336070449029495e-05,8.334909044151083e-05,8.333748158269514e-05,8.33258779109611e-05,8.331427942227942e-05,8.330268611438873e-05,8.329109799051331e-05,8.327951503252627e-05,8.326793723811925e-05,8.325636460786646e-05,8.324479714174254e-05,8.323323482834593e-05,8.322167765191122e-05,8.321012564258481e-05,8.319857877664182e-05,8.318703705498998e-05,8.317550047188106e-05,8.316396902439433e-05,8.315244270658621e-05,8.314092151570185e-05,8.312940544788865e-05,8.3117894500209e-05,8.310638866883496e-05,8.309488794954702e-05,8.308339233948748e-05,8.30719018261877e-05,8.306041642207058e-05,8.304893611536268e-05,8.3037460902687e-05,8.302599078014009e-05,8.301452572837814e-05,8.300306577348864e-05,8.299161089989272e-05,8.298016110205331e-05,8.29687163761747e-05,8.295727671860182e-05,8.294584212572022e-05,8.293441259513078e-05,8.292298813289471e-05,8.291156871434539e-05,8.29001543429374e-05,8.288874501863052e-05,8.287734073998935e-05,8.286594149848383e-05,8.285454729285276e-05,8.284315812054767e-05,8.283177397064402e-05,8.282039485057457e-05,8.28090207531081e-05,8.279765167230699e-05,8.278628760575714e-05,8.277492854966347e-05,8.27635745004508e-05,8.275222545457365e-05,8.274088140801359e-05,8.272954235726552e-05,8.27182082991669e-05,8.270687923004984e-05,8.269555514240772e-05,8.268423603687795e-05,8.267292191017092e-05,8.266161275785169e-05,8.265030857733396e-05,8.26390093684103e-05,8.26277151337086e-05,8.26164258498417e-05,8.260514152191089e-05,8.259386214795296e-05,8.258258772466618e-05,8.257131824798402e-05,8.256005371408064e-05,8.254879412985633e-05,8.253753947406366e-05,8.252628975100137e-05,8.251504495572333e-05,8.250380509145422e-05,8.24925701426064e-05,8.248134011176644e-05,8.247011499593817e-05,8.245889479205175e-05,8.24476794942652e-05,8.24364691024795e-05,8.242526361174258e-05,8.241406301745295e-05,8.240286732192732e-05,8.239167651350273e-05,8.238049059667467e-05,8.236930955784944e-05,8.235813340062156e-05,8.234696212197783e-05,8.233579572449642e-05,8.232463418729477e-05,8.231347751010676e-05,8.230232569509826e-05,8.22911787381458e-05,8.228003662612049e-05,8.226889938144636e-05,8.225776696963527e-05,8.224663942537057e-05,8.223551671124871e-05,8.222439884843632e-05,8.221328582122359e-05,8.22021776261855e-05,8.21910742590804e-05,8.217997570434452e-05,8.216888197372016e-05,8.2157793073382e-05,8.214670898825985e-05,8.213562971526931e-05,8.212455524950257e-05,8.211348558131632e-05,8.210242072408261e-05,8.209136066879585e-05,8.208030540961946e-05,8.206925494501305e-05,8.205820925753054e-05,8.204716835580684e-05,8.203613223727888e-05,8.202510089659907e-05,8.201407432982058e-05,8.200305253455796e-05,8.199203550689394e-05,8.198102324450432e-05,8.197001574330506e-05,8.195901300008813e-05,8.194801501202569e-05,8.193702177312325e-05,8.192603327962931e-05,8.191504953494858e-05,8.190407052955918e-05,8.189309626523016e-05,8.18821267344841e-05,8.187116193607672e-05,8.186020187006014e-05,8.18492465241541e-05,8.183829589597031e-05,8.182734998905215e-05,8.181640879679147e-05,8.180547231701182e-05,8.179454054506601e-05,8.178361347607026e-05,8.177269110959553e-05,8.176177344327772e-05,8.175086047214319e-05,8.173995219234878e-05,8.172904860172229e-05,8.171814969368367e-05,8.170725547022758e-05,8.169636592588418e-05,8.168548105651277e-05,8.167460085244772e-05,8.166372532441233e-05,8.165285446056343e-05,8.16419882591032e-05,8.163112671879555e-05,8.162026983522152e-05,8.160941760435871e-05,8.15985700242289e-05,8.158772708952391e-05,8.157688879586469e-05,8.156605514345583e-05,8.155522612761907e-05,8.154440174578551e-05,8.153358199469139e-05,8.152276687083125e-05,8.151195637048266e-05,8.150115049079382e-05,8.149034922877914e-05,8.147955257519931e-05,8.146876053852428e-05,8.145797310692683e-05,8.144719028254018e-05,8.143641205971569e-05,8.142563843521553e-05,8.141486940733069e-05,8.140410497531919e-05,8.139334513252308e-05,8.138258986838545e-05,8.137183918702044e-05,8.136109308438817e-05,8.135035155891964e-05,8.133961460690342e-05,8.13288822238e-05,8.131815440807828e-05,8.130743115162234e-05,8.129671246015237e-05,8.128599832568397e-05,8.127528874528637e-05,8.126458371064154e-05,8.125388322851584e-05,8.124318728867552e-05,8.123249589353431e-05,8.122180903643911e-05,8.121112671537313e-05,8.12004489264818e-05,8.118977566584526e-05,8.117910695376653e-05,8.116844274179724e-05,8.115778304955159e-05,8.114712786644431e-05,8.113647720431087e-05,8.112583105278663e-05,8.111518940985355e-05,8.110455226973839e-05,8.10939196308471e-05,8.108329148991959e-05,8.107266784427157e-05,8.106204869305163e-05,8.105143402745923e-05,8.104082384786189e-05,8.103021814856782e-05,8.101961693109054e-05,8.100902019010944e-05,8.099842792282608e-05,8.098784012594222e-05,8.097725679635689e-05,8.096667793089002e-05,8.095610352711454e-05,8.094553358129347e-05,8.093496809105846e-05,8.092440704883158e-05,8.091385045946421e-05,8.090329831596309e-05,8.089275061525837e-05,8.088220735417853e-05,8.087166853068946e-05,8.086113414078631e-05,8.085060418148909e-05,8.084007864464061e-05,8.082955753823983e-05,8.08190408535924e-05,8.080852858444493e-05,8.07980207350802e-05,8.078751730366452e-05,8.077701827615301e-05,8.076652365709989e-05,8.075603344068429e-05,8.074554762375064e-05,8.07350662056835e-05,8.072458918243053e-05,8.071411655202197e-05,8.070364830943865e-05,8.069318445246744e-05,8.068272498037891e-05,8.067226988699398e-05,8.066181917044086e-05,8.065137282735068e-05,8.064093085547136e-05,8.063049325209345e-05,8.06200600136085e-05,8.060963113011768e-05,8.059920661417826e-05,8.058878645935652e-05,8.05783706509566e-05,8.05679591915456e-05,8.05575520808817e-05,8.054714931539437e-05,8.053675089820309e-05,8.052635681007986e-05,8.051596705954824e-05,8.050558164332347e-05,8.049520055601611e-05,8.048482379676485e-05,8.047445135974155e-05,8.046408324424487e-05,8.045371944620851e-05,8.04433599554041e-05,8.043300478723347e-05,8.042265392695391e-05,8.041230737295214e-05,8.040196512116284e-05,8.03916271720216e-05,8.038129352102433e-05,8.037096416232739e-05,8.036063909792416e-05,8.035031832294362e-05,8.03400018337919e-05,8.032968962792242e-05,8.031938170308566e-05,8.030907805513102e-05,8.0298778680592e-05,8.028848357854743e-05,8.027819274479307e-05,8.026790617822184e-05,8.025762387594455e-05,8.024734583219154e-05,8.023707204542816e-05,8.02268025147687e-05,8.021653725119723e-05,8.020627622197467e-05,8.019601943874918e-05,8.018576689563833e-05,8.017551859442337e-05,8.016527453248866e-05,8.015503470437399e-05,8.014479910760021e-05,8.013456774018333e-05,8.012434059858434e-05,8.011411768053335e-05,8.010389898385776e-05,8.009368450475029e-05,8.008347423979572e-05,8.00732681868328e-05,8.006306632856029e-05,8.005286869170437e-05,8.004267526217364e-05,8.003248603465696e-05,8.002230100462155e-05,8.00121201651444e-05,8.000194352235986e-05,7.999177106954566e-05,7.998160279904078e-05,7.997143871270676e-05,7.996127880769091e-05,7.995112308117791e-05,7.994097152810884e-05,7.993082415159987e-05,7.992068094463872e-05,7.991054190725002e-05,7.990040704754639e-05,7.989027633396463e-05,7.988014978271528e-05,7.987002738424837e-05,7.985990914533654e-05,7.984979502678822e-05,7.983968508095928e-05,7.982957927982555e-05,7.98194776196859e-05,7.980938010046442e-05,7.979928671851204e-05,7.978919746411241e-05,7.977911234282707e-05,7.976903135790525e-05,7.975895449709172e-05,7.974888175953736e-05,7.973881314257708e-05,7.972874864348251e-05,7.971868825952419e-05,7.970863198798208e-05,7.969857982601842e-05,7.968853177114087e-05,7.967848782040028e-05,7.966844797132458e-05,7.965841222109465e-05,7.964838056697532e-05,7.963835300629343e-05,7.962832953633032e-05,7.961831015442398e-05,7.960829485828495e-05,7.959828364243522e-05,7.958827650785283e-05,7.957827343909876e-05,7.956827445637372e-05,7.955827955211254e-05,7.954828871553982e-05,7.953830194671287e-05,7.952831923528568e-05,7.951834059580531e-05,7.950836600851128e-05,7.949839546555095e-05,7.948842897186925e-05,7.947846653485491e-05,7.946850816447279e-05,7.945855383546621e-05,7.944860353961916e-05,7.943865729845385e-05,7.942871507851514e-05,7.941877689261619e-05,7.940884272913722e-05,7.939891260698151e-05,7.938898650866221e-05,7.937906443566415e-05,7.93691463825596e-05,7.935923235778294e-05,7.93493223393527e-05,7.933941633428731e-05,7.932951434184072e-05,7.931961635682551e-05,7.930972236799825e-05,7.929983238711333e-05,7.928994640963808e-05,7.928006442915612e-05,7.927018645007044e-05,7.926031245965442e-05,7.925044245687058e-05,7.924057644155879e-05,7.92307144117184e-05,7.922085636279066e-05,7.921100229301496e-05,7.920115219017264e-05,7.919130607124561e-05,7.918146392282026e-05,7.917162574477549e-05,7.916179152953814e-05,7.915196128119709e-05,7.914213499394462e-05,7.913231266684493e-05,7.912249429420235e-05,7.911267987606597e-05,7.910286940769456e-05,7.909306290193561e-05,7.908326032773703e-05,7.907346169992381e-05,7.906366701254193e-05,7.90538762598212e-05,7.904408944098337e-05,7.903430655810147e-05,7.902452760449695e-05,7.901475258009889e-05,7.9004981479046e-05,7.899521430078611e-05,7.898545104437769e-05,7.897569170394803e-05,7.896593627841465e-05,7.89561847652993e-05,7.894643716213126e-05,7.893669346637034e-05,7.892695367558529e-05,7.891721778714657e-05,7.890748579815094e-05,7.889775770667553e-05,7.888803350249668e-05,7.887831318134558e-05,7.886859676602665e-05,7.885888422728904e-05,7.88491755881943e-05,7.883947083769832e-05,7.88297699573237e-05,7.882007295557631e-05,7.881037981520599e-05,7.880069055816975e-05,7.879100517071599e-05,7.878132365171654e-05,7.877164599742345e-05,7.87619722149699e-05,7.875230228108084e-05,7.874263620415044e-05,7.873297398351445e-05,7.872331561363868e-05,7.871366109560324e-05,7.870401042260754e-05,7.869436359402344e-05,7.868472060764403e-05,7.867508146162517e-05,7.866544615260151e-05,7.865581467997265e-05,7.864618704282962e-05,7.863656323087749e-05,7.862694324635875e-05,7.861732708946163e-05,7.86077147524758e-05,7.859810623541015e-05,7.858850153583658e-05,7.857890065208682e-05,7.856930358340506e-05,7.855971032568757e-05,7.855012087301525e-05,7.85405352087328e-05,7.853095336564702e-05,7.852137532050755e-05,7.851180107348553e-05,7.850223062204186e-05,7.84926639661891e-05,7.848310109999716e-05,7.847354202170992e-05,7.846398672756959e-05,7.845443522625668e-05,7.844488748821834e-05,7.843534353934406e-05,7.842580336536086e-05,7.841626696471424e-05,7.84067343360841e-05,7.839720547566741e-05,7.838768038384637e-05,7.8378159064552e-05,7.836864149641207e-05,7.835912768838427e-05,7.834961763652285e-05,7.83401113396246e-05,7.833060879425946e-05,7.832110999853693e-05,7.831161494982785e-05,7.830212365198763e-05,7.829263609154358e-05,7.828315227069467e-05,7.827367218759321e-05,7.826419583971851e-05,7.82547232265184e-05,7.824525433948218e-05,7.823578917962325e-05,7.822632774839728e-05,7.821687004193925e-05,7.820741606149344e-05,7.819796579463086e-05,7.818851924442327e-05,7.81790764078809e-05,7.816963727951086e-05,7.816020186548804e-05,7.81507701568842e-05,7.814134215180101e-05,7.813191785035463e-05,7.812249723077485e-05,7.811308031055823e-05,7.810366710121102e-05,7.809425758703754e-05,7.808485175803355e-05,7.807544962038136e-05,7.806605116897744e-05,7.805665640020983e-05,7.804726530735141e-05,7.80378778985974e-05,7.802849418629317e-05,7.801911414934391e-05,7.800973777058885e-05,7.800036505266048e-05,7.799099600220065e-05,7.798163060855712e-05,7.79722688733243e-05,7.796291079073474e-05,7.79535563866092e-05,7.794420563809454e-05,7.79348585390568e-05,7.792551509884922e-05,7.791617531107852e-05,7.790683916177378e-05,7.789750667494259e-05,7.788817783371379e-05,7.787885260936371e-05,7.786953102038411e-05,7.786021306869419e-05,7.785089874838234e-05,7.784158805914346e-05,7.783228099721867e-05,7.782297755858844e-05,7.781367774715925e-05,7.780438155541854e-05,7.779508898281406e-05,7.778580000878609e-05,7.777651466871919e-05,7.77672329432601e-05,7.775795482214956e-05,7.774868031026876e-05,7.773940940368758e-05,7.773014210010473e-05,7.772087839852776e-05,7.771161829517202e-05,7.770236178798417e-05,7.769310887171515e-05,7.76838595491998e-05,7.76746138156838e-05,7.766537166939292e-05,7.76561331012406e-05,7.764689812026487e-05,7.763766672310763e-05,7.762843890594355e-05,7.761921466311796e-05,7.76099939641714e-05,7.760077685931069e-05,7.75915633307609e-05,7.758235336880923e-05,7.757314698003604e-05,7.756394414541748e-05,7.755474486989495e-05,7.754554917665584e-05,7.753635701498805e-05,7.752716839706266e-05,7.751798333911277e-05,7.750880183024356e-05,7.749962385966721e-05,7.74904494450227e-05,7.74812785585308e-05,7.747211121582048e-05,7.746294742086086e-05,7.745378716178334e-05,7.744463043754253e-05,7.743547724379305e-05,7.742632757911653e-05,7.741718144151667e-05,7.740803882856608e-05,7.739889973778603e-05,7.738976416865194e-05,7.738063211966283e-05,7.737150358449969e-05,7.73623785630514e-05,7.735325705352465e-05,7.734413905353825e-05,7.733502456090944e-05,7.73259135734586e-05,7.731680608900462e-05,7.730770210555861e-05,7.729860162057014e-05,7.728950463258355e-05,7.72804111387823e-05,7.72713211368639e-05,7.726223462470268e-05,7.725315160654989e-05,7.724407207213672e-05,7.72349960144822e-05,7.722592343632099e-05,7.72168543412868e-05,7.720778872308612e-05,7.71987265798742e-05,7.718966791563542e-05,7.71806127079765e-05,7.717156096383433e-05,7.716251269933876e-05,7.715346786746437e-05,7.714442652863548e-05,7.713538863807973e-05,7.712635421661674e-05,7.711732324996107e-05,7.71082957378554e-05,7.70992716765255e-05,7.709025106389248e-05,7.708123389954238e-05,7.707222017862668e-05,7.706320990103662e-05,7.705420306401432e-05,7.704519967631988e-05,7.703619971411979e-05,7.702720319840171e-05,7.701821012599653e-05,7.700922046240348e-05,7.700023422865958e-05,7.69912514193336e-05,7.698227203088995e-05,7.697329606379647e-05,7.696432351695695e-05,7.695535439007044e-05,7.694638867529897e-05,7.693742639007796e-05,7.692846749933447e-05,7.691951201725647e-05,7.691055993817218e-05,7.690161126872193e-05,7.689266599928046e-05,7.688372412559749e-05,7.687478565761402e-05,7.686585059216626e-05,7.685691891495121e-05,7.684799063178291e-05,7.683906573674733e-05,7.683014422932066e-05,7.682122610811867e-05,7.681231137164868e-05,7.680340001772764e-05,7.679449204233426e-05,7.678558744456443e-05,7.677668621595359e-05,7.676778836746952e-05,7.675889388783394e-05,7.67500027827752e-05,7.674111504320787e-05,7.673223067005304e-05,7.67233496584291e-05,7.671447200974127e-05,7.670559771837381e-05,7.669672677982239e-05,7.668785919670592e-05,7.667899497453369e-05,7.667013410418469e-05,7.666127658839222e-05,7.66524224119575e-05,7.664357157700344e-05,7.663472408505714e-05,7.662587993574338e-05,7.661703912348287e-05,7.660820164757609e-05,7.659936750669374e-05,7.659053669837892e-05,7.658170921119883e-05,7.657288506175918e-05,7.656406423883384e-05,7.655524673751445e-05,7.654643256123772e-05,7.653762170672804e-05,7.652881416929051e-05,7.652000994869026e-05,7.651120904198446e-05,7.650241144762325e-05,7.649361716703596e-05,7.648482619087882e-05,7.6476038524092e-05,7.646725415895636e-05,7.64584730961409e-05,7.644969534053652e-05,7.644092087677272e-05,7.643214970723027e-05,7.642338183472841e-05,7.641461725331086e-05,7.6405855956548e-05,7.6397097952785e-05,7.638834323613873e-05,7.637959180388755e-05,7.637084365756643e-05,7.636209878802008e-05,7.635335719263472e-05,7.634461887774233e-05,7.633588383713296e-05,7.63271520705095e-05,7.631842357145647e-05,7.630969834367491e-05,7.630097638086442e-05,7.629225768574983e-05,7.628354225095147e-05,7.627483007273042e-05,7.626612115746468e-05,7.625741549723322e-05,7.624871309095496e-05,7.624001393932588e-05,7.623131803910765e-05,7.622262538600512e-05,7.621393597526552e-05,7.620524981067363e-05,7.619656689322992e-05,7.618788721514789e-05,7.617921077526538e-05,7.617053756729153e-05,7.616186760163335e-05,7.615320087033934e-05,7.614453736798707e-05,7.613587709454007e-05,7.612722004875444e-05,7.611856622765249e-05,7.61099156299287e-05,7.610126825535881e-05,7.609262409965183e-05,7.608398316286523e-05,7.607534543932852e-05,7.606671092915985e-05,7.605807963079376e-05,7.604945154269793e-05,7.604082665175894e-05,7.603220497706242e-05,7.602358650419497e-05,7.601497123601878e-05,7.600635917140222e-05,7.599775030338713e-05,7.598914461701345e-05,7.598054214176888e-05,7.597194284989177e-05,7.596334675424446e-05,7.59547538443211e-05,7.594616412419071e-05,7.593757758873697e-05,7.592899423224045e-05,7.592041405822905e-05,7.591183706954451e-05,7.590326325490821e-05,7.589469261866926e-05,7.588612515406863e-05,7.587756086205971e-05,7.58689997403377e-05,7.586044179828629e-05,7.585188701188632e-05,7.584333538498421e-05,7.583478692196373e-05,7.582624160968644e-05,7.581769946054724e-05,7.580916046752516e-05,7.580062462902198e-05,7.579209194605448e-05,7.578356241795287e-05,7.577503603975293e-05,7.576651280431365e-05,7.575799270646583e-05,7.574947575953041e-05,7.574096195008764e-05,7.573245128570389e-05,7.572394376098349e-05,7.57154393753104e-05,7.570693811847567e-05,7.569843999307251e-05,7.568994499711687e-05,7.568145312879854e-05,7.567296438916231e-05,7.566447877206533e-05,7.565599627757496e-05,7.564751690460845e-05,7.563904065076826e-05,7.563056751574783e-05,7.56220974959527e-05,7.561363058819624e-05,7.560516679217413e-05,7.559670610562423e-05,7.55882485277092e-05,7.55797940565302e-05,7.557134268565662e-05,7.556289442023509e-05,7.555444925531366e-05,7.554600718925677e-05,7.55375682224918e-05,7.552913234911668e-05,7.552069956899137e-05,7.551226988009607e-05,7.550384328106005e-05,7.54954197696562e-05,7.548699934387706e-05,7.547858201527297e-05,7.547016775669111e-05,7.546175657841186e-05,7.545334847872199e-05,7.544494345739372e-05,7.54365415114495e-05,7.542814263681617e-05,7.541974683447465e-05,7.541135410269724e-05,7.540296443708527e-05,7.5394577839146e-05,7.5386194302818e-05,7.537781382290152e-05,7.536943640420451e-05,7.536106205061657e-05,7.535269075580015e-05,7.534432251625059e-05,7.533595732935126e-05,7.53275951865134e-05,7.531923610192028e-05,7.531088005564588e-05,7.530252706411482e-05,7.52941771095836e-05,7.528583020511034e-05,7.527748634066176e-05,7.526914551677707e-05,7.526080772992607e-05,7.525247297784502e-05,7.524414125963256e-05,7.52358125724586e-05,7.522748690770375e-05,7.521916427952454e-05,7.521084466689515e-05,7.520252808853063e-05,7.519421453373282e-05,7.518590400090349e-05,7.517759648679685e-05,7.516929199381445e-05,7.516099051342988e-05,7.515269204783232e-05,7.514439659321085e-05,7.513610415366825e-05,7.512781471947061e-05,7.51195282920726e-05,7.511124487109587e-05,7.510296445360823e-05,7.509468703780718e-05,7.508641262103424e-05,7.50781411932463e-05,7.506987277157843e-05,7.506160734489984e-05,7.505334491127539e-05,7.504508547496513e-05,7.503682902235436e-05,7.502857555786878e-05,7.502032509232312e-05,7.50120775977191e-05,7.500383308581903e-05,7.499559155349482e-05,7.49873530027074e-05,7.49791174275729e-05,7.497088482823345e-05,7.496265519960619e-05,7.495442854786754e-05,7.494620485638279e-05,7.49379841395148e-05,7.492976638306497e-05,7.492155160118882e-05,7.49133397768511e-05,7.490513093241172e-05,7.48969250357368e-05,7.488872209495134e-05,7.488052211471729e-05,7.487232508795987e-05,7.486413100114311e-05,7.485593987561755e-05,7.48477517002716e-05,7.483956647754165e-05,7.483138419998273e-05,7.482320487135076e-05,7.481502848077634e-05,7.4806855035346e-05,7.479868452231861e-05,7.479051695016729e-05,7.478235231360887e-05,7.47741905991108e-05,7.476603182820528e-05,7.475787598620755e-05,7.474972307726042e-05,7.474157309651537e-05,7.473342603778749e-05,7.472528190716306e-05,7.471714069894898e-05,7.470900241715841e-05,7.470086704893746e-05,7.469273458788047e-05,7.468460505020336e-05,7.467647842938766e-05,7.46683547159554e-05,7.466023391147879e-05,7.465211602252118e-05,7.464400104382376e-05,7.463588896559838e-05,7.462777978618413e-05,7.461967350890937e-05,7.461157013806186e-05,7.460346966805761e-05,7.45953720929627e-05,7.458727741005018e-05,7.457918562671122e-05,7.457109672977389e-05,7.456301072748305e-05,7.455492761293307e-05,7.454684738934554e-05,7.453877004805518e-05,7.453069558591931e-05,7.452262400300083e-05,7.451455530858953e-05,7.450648949423003e-05,7.449842655870386e-05,7.449036649412944e-05,7.44823093080587e-05,7.447425498943388e-05,7.446620354094208e-05,7.445815496422985e-05,7.445010925294983e-05,7.444206640669e-05,7.443402642845868e-05,7.442598931278411e-05,7.441795505175119e-05,7.44099236545673e-05,7.440189511442253e-05,7.439386942821997e-05,7.438584659873744e-05,7.437782662183318e-05,7.436980949576731e-05,7.436179521865251e-05,7.435378378898316e-05,7.434577520417042e-05,7.433776946766286e-05,7.432976657187782e-05,7.432176651514652e-05,7.431376929969695e-05,7.430577492539618e-05,7.42977833868428e-05,7.428979467834949e-05,7.428180880538667e-05,7.427382576383292e-05,7.426584554581397e-05,7.425786815966665e-05,7.424989359917869e-05,7.424192186598148e-05,7.423395295713999e-05,7.422598687018327e-05,7.421802360314865e-05,7.42100631566199e-05,7.420210552101707e-05,7.419415070302149e-05,7.418619869443319e-05,7.417824950236691e-05,7.417030312207548e-05,7.416235955092038e-05,7.415441878911094e-05,7.414648083009254e-05,7.413854567447986e-05,7.413061331919951e-05,7.412268376862808e-05,7.411475701714808e-05,7.41068330637722e-05,7.409891190776524e-05,7.409099354491183e-05,7.408307797286295e-05,7.407516519215675e-05,7.406725520062678e-05,7.405934799773474e-05,7.405144358200578e-05,7.404354195104231e-05,7.403564311260068e-05,7.402774704874172e-05,7.401985376432852e-05,7.401196326427655e-05,7.400407553644536e-05,7.399619058165276e-05,7.398830840253898e-05,7.39804290038833e-05,7.397255236695136e-05,7.396467850425888e-05,7.395680740302104e-05,7.39489390701047e-05,7.394107350030148e-05,7.393321069342249e-05,7.39253506502135e-05,7.391749336698024e-05,7.390963883654805e-05,7.390178706263937e-05,7.389393804961224e-05,7.388609178512135e-05,7.387824827584376e-05,7.387040751796681e-05,7.386256951408131e-05,7.38547342539031e-05,7.384690174163679e-05,7.383907197099871e-05,7.383124494133365e-05,7.38234206540067e-05,7.381559910666257e-05,7.38077802975005e-05,7.379996422574221e-05,7.37921508879278e-05,7.378434028559148e-05,7.377653241215675e-05,7.376872726890008e-05,7.376092485371518e-05,7.37531251658104e-05,7.374532820530073e-05,7.373753397139697e-05,7.372974246303631e-05,7.372195367582164e-05,7.371416760813002e-05,7.370638425620136e-05,7.369860361913254e-05,7.369082569816054e-05,7.368305049366214e-05,7.367527799466849e-05,7.366750820432203e-05,7.365974114322456e-05,7.365197677641816e-05,7.36442151166112e-05,7.363645615548788e-05,7.362869989058857e-05,7.362094633257112e-05,7.361319547537168e-05,7.360544731573439e-05,7.359770186024112e-05,7.35899590924801e-05,7.358221902414686e-05,7.357448164266611e-05,7.35667469588427e-05,7.355901495834812e-05,7.3551285644375e-05,7.354355902321141e-05,7.353583508003323e-05,7.352811382400124e-05,7.352039525253125e-05,7.351267935712441e-05,7.350496613619888e-05,7.349725559614736e-05,7.348954773357464e-05,7.348184254793603e-05,7.347414003219021e-05,7.346644018477649e-05,7.345874300977691e-05,7.345104850087453e-05,7.344335665694937e-05,7.343566747802621e-05,7.34279809643159e-05,7.342029711876072e-05,7.341261593041464e-05,7.340493740206585e-05,7.339726154851536e-05,7.338958833431871e-05,7.338191777226108e-05,7.337424986253318e-05,7.336658461003679e-05,7.33589220081921e-05,7.33512620496013e-05,7.334360473552947e-05,7.333595007579915e-05,7.332829805308276e-05,7.332064867650259e-05,7.331300194165951e-05,7.330535785279678e-05,7.329771640103376e-05,7.329007758425799e-05,7.328244140354512e-05,7.327480785683079e-05,7.326717694530025e-05,7.32595486587126e-05,7.325192300599375e-05,7.324429998521761e-05,7.32366795913798e-05,7.322906181246354e-05,7.322144666282688e-05,7.321383414091856e-05,7.32062242367637e-05,7.319861696603664e-05,7.319101230219748e-05,7.318341025491334e-05,7.317581082372213e-05,7.316821401170799e-05,7.316061980357616e-05,7.315302821050154e-05,7.314543922357988e-05,7.313785283797576e-05,7.313026906846626e-05,7.312268790151275e-05,7.311510934090655e-05,7.310753337960577e-05,7.3099960025539e-05,7.309238926788714e-05,7.308482110780842e-05,7.30772555293649e-05,7.306969256932958e-05,7.306213219494837e-05,7.305457441038464e-05,7.304701921821021e-05,7.303946661557317e-05,7.303191660108105e-05,7.302436917055816e-05,7.301682432674592e-05,7.300928206760715e-05,7.300174239110344e-05,7.299420529506496e-05,7.298667077575189e-05,7.297913883616363e-05,7.297160947484936e-05,7.29640826866334e-05,7.295655846415563e-05,7.294903682069938e-05,7.294151775778031e-05,7.293400125717862e-05,7.292648731685839e-05,7.291897594761373e-05,7.291146714325571e-05,7.290396090531086e-05,7.289645722948236e-05,7.288895611453424e-05,7.28814575558707e-05,7.287396155420006e-05,7.28664681146862e-05,7.285897722859954e-05,7.285148889549443e-05,7.284400312182658e-05,7.28365198956413e-05,7.282903921826528e-05,7.282156108529703e-05,7.281408550318239e-05,7.280661246480125e-05,7.279914197275608e-05,7.279167401837173e-05,7.278420861040251e-05,7.277674574377345e-05,7.276928541210542e-05,7.276182761096123e-05,7.275437234894237e-05,7.274691962674135e-05,7.273946943885154e-05,7.27320217817071e-05,7.272457665307782e-05,7.27171340530746e-05,7.27096939807256e-05,7.270225642959862e-05,7.269482141132854e-05,7.268738891046197e-05,7.267995894074566e-05,7.267253147898585e-05,7.266510654444995e-05,7.265768412746032e-05,7.265026422859529e-05,7.264284684523895e-05,7.263543197050257e-05,7.262801960973943e-05,7.262060976045703e-05,7.261320241988674e-05,7.260579759747982e-05,7.259839526625409e-05,7.259099545101386e-05,7.258359813559389e-05,7.257620332606447e-05,7.256881101481906e-05,7.256142119943491e-05,7.255403388632525e-05,7.254664907265964e-05,7.25392667529266e-05,7.25318869266923e-05,7.252450958962783e-05,7.251713475007783e-05,7.250976240050585e-05,7.250239255168435e-05,7.24950251849335e-05,7.248766030217936e-05,7.248029790203987e-05,7.247293798509825e-05,7.24655805544894e-05,7.245822560090122e-05,7.24508731198597e-05,7.24435231324158e-05,7.243617561552528e-05,7.242883057631338e-05,7.242148800415124e-05,7.241414791516615e-05,7.240681028887973e-05,7.239947513936012e-05,7.239214246678337e-05,7.238481225080054e-05,7.237748450288742e-05,7.237015921986246e-05,7.236283639719629e-05,7.235551603933519e-05,7.234819814495184e-05,7.234088270948179e-05,7.233356973250888e-05,7.232625920800338e-05,7.231895114603613e-05,7.23116455393641e-05,7.230434238233526e-05,7.22970416745858e-05,7.228974342376429e-05,7.22824476263571e-05,7.227515426566354e-05,7.226786335127633e-05,7.226057488131528e-05,7.225328885254085e-05,7.224600526489343e-05,7.223872412088928e-05,7.223144541878772e-05,7.222416915445549e-05,7.221689533026425e-05,7.220962393885006e-05,7.22023549799291e-05,7.219508845694886e-05,7.218782436828276e-05,7.218056270821418e-05,7.217330347697216e-05,7.216604667688938e-05,7.215879230031047e-05,7.215154034468613e-05,7.214429081391343e-05,7.213704370942065e-05,7.212979902912451e-05,7.212255676603071e-05,7.21153169182112e-05,7.21080794927847e-05,7.210084448271334e-05,7.209361188780814e-05,7.208638170644632e-05,7.207915393699427e-05,7.207192857820891e-05,7.20647056370255e-05,7.205748509727133e-05,7.205026696465035e-05,7.204305123797361e-05,7.203583791839921e-05,7.202862699980954e-05,7.202141848304293e-05,7.201421236707577e-05,7.200700865052385e-05,7.19998073348774e-05,7.199260841417898e-05,7.198541188330811e-05,7.197821775155403e-05,7.197102601301876e-05,7.19638366733239e-05,7.195664971637784e-05,7.19494651590325e-05,7.194228297423702e-05,7.193510318070974e-05,7.192792577932808e-05,7.192075075545313e-05,7.191357811795683e-05,7.190640785793545e-05,7.18992399828545e-05,7.189207448333292e-05,7.188491135211329e-05,7.187775060677947e-05,7.187059223668693e-05,7.186343624544833e-05,7.185628262483143e-05,7.184913137959267e-05,7.184198250014383e-05,7.183483598971055e-05,7.182769184699876e-05,7.182055006771878e-05,7.181341066086348e-05,7.180627361290543e-05,7.179913892778956e-05,7.179200660832304e-05,7.178487664388453e-05,7.177774903535714e-05,7.177062378595109e-05,7.176350089446943e-05,7.175638035385419e-05,7.17492621686765e-05,7.174214633601095e-05,7.173503285542451e-05,7.172792171995168e-05,7.172081293801775e-05,7.171370651251087e-05,7.170660242367043e-05,7.169950068056189e-05,7.169240127980237e-05,7.168530421808696e-05,7.167820949903486e-05,7.167111712327843e-05,7.16640270746722e-05,7.165693937475075e-05,7.164985401941838e-05,7.164277099060468e-05,7.163569029858876e-05,7.162861194176912e-05,7.162153591759788e-05,7.161446222416172e-05,7.160739085300893e-05,7.160032181094159e-05,7.159325508957311e-05,7.158619069793025e-05,7.157912863204786e-05,7.157206888892152e-05,7.156501146598788e-05,7.155795636293949e-05,7.155090357707051e-05,7.15438531094981e-05,7.153680495940566e-05,7.152975912432094e-05,7.152271560309091e-05,7.151567439423313e-05,7.150863550340392e-05,7.150159891857811e-05,7.14945646381571e-05,7.148753267056516e-05,7.148050300218735e-05,7.147347564698668e-05,7.146645059594636e-05,7.145942784715164e-05,7.145240739702003e-05,7.144538924008685e-05,7.143837339136429e-05,7.143135984644918e-05,7.142434859218292e-05,7.141733963965016e-05,7.141033298014887e-05,7.140332861451857e-05,7.139632654037802e-05,7.138932675773367e-05,7.138232926518395e-05,7.137533405914811e-05,7.136834114433918e-05,7.136135051217099e-05,7.135436216886625e-05,7.134737610643702e-05,7.134039232919985e-05,7.133341083372265e-05,7.132643161842901e-05,7.131945468039617e-05,7.13124800193924e-05,7.130550763587848e-05,7.129853752710087e-05,7.129156968867253e-05,7.128460412798438e-05,7.127764083917983e-05,7.127067982088432e-05,7.126372107254165e-05,7.125676459845006e-05,7.124981038562973e-05,7.12428584380084e-05,7.123590875738785e-05,7.1228961344405e-05,7.12220161756172e-05,7.121507328029656e-05,7.120813264455535e-05,7.12011942680877e-05,7.11942581492697e-05,7.118732428715131e-05,7.118039268188524e-05,7.117346333026511e-05,7.116653623046253e-05,7.115961138217969e-05,7.115268878185927e-05,7.114576843387363e-05,7.113885033415943e-05,7.113193448109593e-05,7.112502087240734e-05,7.111810950623922e-05,7.111120038730047e-05,7.110429351068249e-05,7.109738887524883e-05,7.109048648556975e-05,7.10835863292003e-05,7.107668841053944e-05,7.106979272818105e-05,7.106289927948266e-05,7.105600806589e-05,7.104911908607308e-05,7.104223233954774e-05,7.103534781848913e-05,7.102846553105607e-05,7.102158547725069e-05,7.10147076452552e-05,7.100783203912218e-05,7.100095865468811e-05,7.099408749717158e-05,7.098721856223365e-05,7.098035184872722e-05,7.097348735547569e-05,7.0966625081352e-05,7.095976502548302e-05,7.095290719084735e-05,7.094605157488894e-05,7.093919816598302e-05,7.093234697222513e-05,7.092549798854752e-05,7.091865121483472e-05,7.091180665212534e-05,7.0904964298494e-05,7.089812415254232e-05,7.089128621283004e-05,7.088445047848978e-05,7.0877616948128e-05,7.087078562081149e-05,7.086395649554283e-05,7.085712957114201e-05,7.085030484608711e-05,7.084348231880546e-05,7.083666198954979e-05,7.082984385676308e-05,7.08230279187692e-05,7.081621417470918e-05,7.080940262344437e-05,7.080259326386107e-05,7.079578609671301e-05,7.078898111701395e-05,7.07821783224413e-05,7.077537771813243e-05,7.076857929917292e-05,7.07617830657351e-05,7.07549890160812e-05,7.074819714900832e-05,7.074140746373133e-05,7.073461995862384e-05,7.072783463261053e-05,7.072105148468718e-05,7.071427051375166e-05,7.070749171899054e-05,7.070071509883704e-05,7.06939406521539e-05,7.06871683779497e-05,7.068039827530272e-05,7.067363034434102e-05,7.066686458090216e-05,7.066010098567415e-05,7.065333955715517e-05,7.064658029447126e-05,7.063982319644467e-05,7.063306826229694e-05,7.062631549038575e-05,7.061956487945011e-05,7.061281643876294e-05,7.06060701477351e-05,7.059932601434283e-05,7.059258403784466e-05,7.05858442171107e-05,7.057910655107598e-05,7.057237103791925e-05,7.056563767794587e-05,7.055890646931299e-05,7.0552177410906e-05,7.054545050162477e-05,7.053872574044432e-05,7.053200313202344e-05,7.052528266360603e-05,7.051856433987779e-05,7.051184815983115e-05,7.050513412254581e-05,7.04984222266093e-05,7.049171247105241e-05,7.048500485455285e-05,7.047829937617893e-05,7.047159603508396e-05,7.046489482976074e-05,7.04581957593484e-05,7.045149882283054e-05,7.044480401882524e-05,7.043811134642763e-05,7.043142080448364e-05,7.042473239199933e-05,7.041804610721396e-05,7.04113619502695e-05,7.040467991961152e-05,7.039800001405511e-05,7.039132223233677e-05,7.03846465734677e-05,7.037797303633653e-05,7.037130161994731e-05,7.036463232341103e-05,7.0357965145186e-05,7.035130008445183e-05,7.034463714023306e-05,7.033797631118572e-05,7.033131759652756e-05,7.032466099486584e-05,7.03180065052851e-05,7.031135412671654e-05,7.030470385825598e-05,7.029805569847579e-05,7.029140964644664e-05,7.028476570127157e-05,7.027812386157336e-05,7.027148412661025e-05,7.02648464952012e-05,7.02582109661078e-05,7.025157753848141e-05,7.02449462108329e-05,7.02383169824678e-05,7.023168985228338e-05,7.022506481903653e-05,7.021844188184195e-05,7.021182103955508e-05,7.020520229128199e-05,7.019858563596497e-05,7.01919710720946e-05,7.01853585990585e-05,7.017874821549434e-05,7.017213992049044e-05,7.016553371304811e-05,7.015892959199838e-05,7.015232755646836e-05,7.014572760494938e-05,7.013912973714629e-05,7.013253395142376e-05,7.012594024683174e-05,7.011934862254257e-05,7.011275907718289e-05,7.010617160979455e-05,7.009958621942746e-05,7.009300290486161e-05,7.008642166513199e-05,7.007984249926772e-05,7.007326540612095e-05,7.006669038462577e-05,7.006011743477043e-05,7.005354655352351e-05,7.00469777408163e-05,7.004041099545411e-05,7.003384631666287e-05,7.002728370315091e-05,7.002072315125142e-05,7.00141646654049e-05,7.000760824191989e-05,7.000105387958812e-05,6.999450157780516e-05,6.998795133492805e-05,6.998140315025072e-05,6.997485702253806e-05,6.996831295096234e-05,6.996177093455146e-05,6.9955230971868e-05,6.994869306211603e-05,6.994215720421185e-05,6.993562339723154e-05,6.992909163874247e-05,6.992256193052819e-05,6.991603426984437e-05,6.990950865597994e-05,6.990298508783244e-05,6.989646356459601e-05,6.988994408468438e-05,6.988342664740121e-05,6.987691125349797e-05,6.987039789834027e-05,6.986388658392221e-05,6.9857377306966e-05,6.985087006754806e-05,6.984436486449286e-05,6.98378616969343e-05,6.983136056373743e-05,6.982486146397789e-05,6.981836439592966e-05,6.981186935977925e-05,6.980537635420423e-05,6.979888537857834e-05,6.979239643114987e-05,6.978590950866189e-05,6.97794246152942e-05,6.977294174594884e-05,6.976646090085875e-05,6.975998207887515e-05,6.975350527864895e-05,6.974703050011762e-05,6.974055774161051e-05,6.97340869995033e-05,6.972761827840455e-05,6.97211515745788e-05,6.971468687931213e-05,6.970822420669523e-05,6.970176354667443e-05,6.969530489961393e-05,6.968884826622143e-05,6.968239364373977e-05,6.967594103149192e-05,6.966949042809474e-05,6.966304183225717e-05,6.965659524419135e-05,6.965015066201159e-05,6.964370808514138e-05,6.963726751205156e-05,6.963082894152001e-05,6.962439237242113e-05,6.961795780403721e-05,6.961152523590762e-05,6.96050946669322e-05,6.959866609594898e-05,6.959223953069397e-05,6.958581495172102e-05,6.957939236825471e-05,6.957297178094027e-05,6.956655318672217e-05,6.956013658955494e-05,6.95537219832605e-05,6.954730936244957e-05,6.95408987291355e-05,6.953449009115768e-05,6.952808343129104e-05,6.95216787608342e-05,6.951527607503801e-05,6.95088753701933e-05,6.950247664904396e-05,6.949607991907568e-05,6.948968516159467e-05,6.948329238499404e-05,6.94769015892408e-05,6.94705127713391e-05,6.946412593807724e-05,6.945774107350533e-05,6.945135818432551e-05,6.94449772701369e-05,6.943859832687182e-05,6.943222138840474e-05,6.942584638158334e-05,6.94194733661757e-05,6.941310231402533e-05,6.940673322229331e-05,6.940036610026823e-05,6.939400094283719e-05,6.93876377545017e-05,6.938127651871903e-05,6.937491725766298e-05,6.936855995812134e-05,6.936220461625938e-05,6.93558512454785e-05,6.934949982565079e-05,6.934315037791314e-05,6.933680289492229e-05,6.933045734882773e-05,6.932411375108558e-05,6.931777211829884e-05,6.93114324375878e-05,6.930509470870677e-05,6.929875893186688e-05,6.929242510814636e-05,6.928609322867332e-05,6.92797633041054e-05,6.927343533322011e-05,6.926710931834016e-05,6.926078523515268e-05,6.925446310383577e-05,6.92481429111291e-05,6.924182465968133e-05,6.923550835157679e-05,6.922919399459687e-05,6.922288155911905e-05,6.921657107768698e-05,6.921026254821819e-05,6.920395594353967e-05,6.919765126734227e-05,6.919134854864774e-05,6.918504774466526e-05,6.917874888165383e-05,6.917245194411907e-05,6.916615693845372e-05,6.915986387151643e-05,6.915357273362216e-05,6.914728351764485e-05,6.914099622800618e-05,6.913471087425344e-05,6.91284274395549e-05,6.912214592159388e-05,6.911586633629562e-05,6.910958867257838e-05,6.910331293161292e-05,6.909703911391128e-05,6.909076722175914e-05,6.908449724157686e-05,6.907822918201965e-05,6.907196304637307e-05,6.906569882183245e-05,6.905943651225003e-05,6.905317612830246e-05,6.904691765456653e-05,6.904066108720293e-05,6.903440643162452e-05,6.902815368646318e-05,6.902190285016831e-05,6.901565392539555e-05,6.900940690602182e-05,6.900316179650288e-05,6.899691860088508e-05,6.899067730230028e-05,6.898443791181269e-05,6.897820041796963e-05,6.897196483116214e-05,6.896573114480411e-05,6.895949936430464e-05,6.895326947886724e-05,6.894704149185532e-05,6.894081540247545e-05,6.893459121243921e-05,6.89283689078295e-05,6.892214852611903e-05,6.891593002207e-05,6.890971340868755e-05,6.890349868927789e-05,6.889728586184505e-05,6.889107492369853e-05,6.888486587544933e-05,6.887865871691507e-05,6.887245344572156e-05,6.886625005666475e-05,6.886004855833319e-05,6.885384893813305e-05,6.88476512097199e-05,6.884145536342489e-05,6.883526140239977e-05,6.882906930370594e-05,6.882287910244e-05,6.881669076930532e-05,6.881050432827e-05,6.880431976884064e-05,6.879813707976745e-05,6.879195626421973e-05,6.878577730992862e-05,6.877960025244138e-05,6.877342506884671e-05,6.876725174984946e-05,6.876108030657796e-05,6.875491073309832e-05,6.874874302876895e-05,6.874257719002479e-05,6.873641321162187e-05,6.873025111476618e-05,6.872409087612936e-05,6.871793250281054e-05,6.871177599274539e-05,6.870562135249729e-05,6.86994685601484e-05,6.86933176370544e-05,6.868716857314152e-05,6.868102137080641e-05,6.867487602958065e-05,6.866873253555217e-05,6.866259090570169e-05,6.865645113259402e-05,6.865031321413186e-05,6.86441771493991e-05,6.863804293734442e-05,6.863191057988699e-05,6.862578007256725e-05,6.861965142150043e-05,6.861352460739979e-05,6.860739964734689e-05,6.860127654094698e-05,6.859515527740133e-05,6.858903586006647e-05,6.858291828994386e-05,6.857680255275612e-05,6.85706886557002e-05,6.856457661269882e-05,6.855846641436541e-05,6.85523580549203e-05,6.854625153512108e-05,6.854014684645258e-05,6.853404400577911e-05,6.852794300087953e-05,6.852184383066369e-05,6.851574649204376e-05,6.850965099265344e-05,6.850355732732392e-05,6.849746549376935e-05,6.849137547328958e-05,6.84852873059372e-05,6.847920096226048e-05,6.84731164488144e-05,6.84670337571908e-05,6.846095289747869e-05,6.845487387557736e-05,6.844879667267727e-05,6.844272129127488e-05,6.8436647737116e-05,6.84305760084176e-05,6.842450609978275e-05,6.84184380121685e-05,6.841237174505495e-05,6.840630729922236e-05,6.840024467021513e-05,6.8394183859417e-05,6.838812486167735e-05,6.83820676832928e-05,6.837601230843876e-05,6.836995875964044e-05,6.836390702099257e-05,6.835785709819001e-05,6.835180897364157e-05,6.834576265849057e-05,6.833971815310998e-05,6.833367546129417e-05,6.832763458582078e-05,6.832159551181907e-05,6.831555824040582e-05,6.830952279514e-05,6.830348913699766e-05,6.829745728366676e-05,6.82914272265502e-05,6.828539897242912e-05,6.827937252628959e-05,6.827334787978337e-05,6.826732504662711e-05,6.826130401058926e-05,6.825528476619422e-05,6.824926731228677e-05,6.824325166099736e-05,6.823723779173437e-05,6.823122571560246e-05,6.8225215442362e-05,6.821920695622399e-05,6.821320026540504e-05,6.820719536418279e-05,6.820119225716812e-05,6.819519093928041e-05,6.818919140982581e-05,6.81831936760239e-05,6.817719773013449e-05,6.817120356992903e-05,6.816521119774477e-05,6.81592206094856e-05,6.815323180298482e-05,6.814724478058065e-05,6.814125953558502e-05,6.813527607321949e-05,6.812929439267708e-05,6.812331449434533e-05,6.811733636706617e-05,6.811136002558057e-05,6.810538544995102e-05,6.809941264928574e-05,6.809344162381593e-05,6.808747237312663e-05,6.808150489510285e-05,6.807553919005789e-05,6.806957525702854e-05,6.806361309427134e-05,6.805765270154609e-05,6.805169407712066e-05,6.804573722132526e-05,6.803978213273552e-05,6.803382881050547e-05,6.80278772538121e-05,6.802192746179555e-05,6.801597943362575e-05,6.801003316845791e-05,6.800408866547066e-05,6.799814592383397e-05,6.799220494267182e-05,6.798626572117522e-05,6.798032825851017e-05,6.797439255383525e-05,6.796845860632618e-05,6.796252641512214e-05,6.795659597941626e-05,6.795066729851146e-05,6.794474037143026e-05,6.793881519739188e-05,6.793289177556438e-05,6.792697011135887e-05,6.79210501905568e-05,6.791513199725909e-05,6.790921557458346e-05,6.790330090673303e-05,6.78973879792373e-05,6.789147678617635e-05,6.78855673517396e-05,6.787965966765831e-05,6.787375372190567e-05,6.786784951914319e-05,6.786194705894844e-05,6.785604634018856e-05,6.785014736196544e-05,6.784425012324579e-05,6.783835462352276e-05,6.783246086214923e-05,6.782656883805191e-05,6.78206785503262e-05,6.78147899975955e-05,6.780890317943029e-05,6.780301809672349e-05,6.779713474681633e-05,6.779125312820241e-05,6.778537324217954e-05,6.777949508620986e-05,6.777361866018331e-05,6.77677439632632e-05,6.77618709946546e-05,6.775599975196182e-05,6.77501302374578e-05,6.774426244883397e-05,6.773839638729982e-05,6.773253204864443e-05,6.772666943257005e-05,6.772080854181425e-05,6.771494937005754e-05,6.770909191772086e-05,6.770323618787309e-05,6.769738217527633e-05,6.76915298834186e-05,6.768567930610339e-05,6.767983044839661e-05,6.767398330657371e-05,6.76681378803309e-05,6.766229416856547e-05,6.765645217057208e-05,6.765061188111395e-05,6.764477330821673e-05,6.763893643524412e-05,6.763310128370596e-05,6.762726784221945e-05,6.762143610761088e-05,6.761560608312237e-05,6.760977776590903e-05,6.7603951154475e-05,6.759812624565351e-05,6.759230303844658e-05,6.758648154243195e-05,6.758066174948016e-05,6.75748436546563e-05,6.756902727262227e-05,6.75632125857981e-05,6.755739959630387e-05,6.755158830880497e-05,6.754577871901671e-05,6.75399708275316e-05,6.753416463228394e-05,6.752836013347814e-05,6.752255733836596e-05,6.751675623042333e-05,6.751095681724883e-05,6.750515910817345e-05,6.74993630745375e-05,6.749356873794248e-05,6.748777609184422e-05,6.748198513538584e-05,6.74761958680261e-05,6.747040828791409e-05,6.746462239067566e-05,6.745883818120186e-05,6.74530556591811e-05,6.744727482218315e-05,6.74414956421655e-05,6.7435718172054e-05,6.742994238555137e-05,6.74241682800959e-05,6.74183958571096e-05,6.741262511442393e-05,6.740685605140699e-05,6.740108866522806e-05,6.739532295712636e-05,6.738955892812583e-05,6.738379657595758e-05,6.737803589884963e-05,6.737227689691751e-05,6.736651957994835e-05,6.736076393008844e-05,6.735500995331197e-05,6.734925764241692e-05,6.734350701293135e-05,6.733775805543327e-05,6.733201075583112e-05,6.732626513046747e-05,6.732052117132853e-05,6.731477887558169e-05,6.73090382454904e-05,6.730329928007222e-05,6.729756197496045e-05,6.729182633946891e-05,6.7286092370647e-05,6.72803600608634e-05,6.727462941263046e-05,6.726890042742092e-05,6.726317310561557e-05,6.725744742637321e-05,6.725172342095562e-05,6.724600106922395e-05,6.724028037802195e-05,6.723456134623267e-05,6.722884396666566e-05,6.72231282375028e-05,6.721741417660746e-05,6.721170175567011e-05,6.720599098717995e-05,6.720028185864263e-05,6.719457438937e-05,6.718886857364514e-05,6.718316440737447e-05,6.717746188676133e-05,6.717176101730417e-05,6.716606179487656e-05,6.716036421994054e-05,6.715466828696961e-05,6.714897400101794e-05,6.714328135914016e-05,6.713759035268951e-05,6.713190101403152e-05,6.712621329729136e-05,6.712052722626953e-05,6.711484279102212e-05,6.710915998943699e-05,6.710347883814666e-05,6.70977993235655e-05,6.709212144425319e-05,6.708644519807413e-05,6.708077059037951e-05,6.707509761836278e-05,6.706942627956955e-05,6.706375657516485e-05,6.705808850595717e-05,6.705242206359742e-05,6.704675724629149e-05,6.704109406780515e-05,6.703543251934824e-05,6.702977260007429e-05,6.702411433022194e-05,6.701845766623376e-05,6.701280263008505e-05,6.700714921895364e-05,6.70014974336196e-05,6.699584725402308e-05,6.699019871686208e-05,6.698455180178789e-05,6.697890650976146e-05,6.697326283300957e-05,6.696762078335981e-05,6.696198035300129e-05,6.695634153993984e-05,6.695070434773243e-05,6.694506877264974e-05,6.6939434813869e-05,6.693380246458258e-05,6.692817173710995e-05,6.692254262865213e-05,6.691691513176657e-05,6.691128924678729e-05,6.690566497442548e-05,6.690004231410936e-05,6.68944212671155e-05,6.68888018308035e-05,6.688318400428024e-05,6.687756780723453e-05,6.687195319634204e-05,6.68663401928976e-05,6.686072879434941e-05,6.685511900223298e-05,6.684951081474076e-05,6.684390423195176e-05,6.68382992533039e-05,6.683269586481384e-05,6.682709409486074e-05,6.682149392236562e-05,6.681589535468497e-05,6.681029838701455e-05,6.680470300715365e-05,6.679910922391794e-05,6.679351704071148e-05,6.678792645415064e-05,6.678233747642015e-05,6.677675008092394e-05,6.677116428127733e-05,6.676558007712596e-05,6.675999747333257e-05,6.675441646084714e-05,6.674883704233818e-05,6.674325920817098e-05,6.673768297015735e-05,6.67321083186438e-05,6.672653526074225e-05,6.672096379228877e-05,6.671539390936463e-05,6.670982562573792e-05,6.670425891647915e-05,6.669869379913254e-05,6.669313026014718e-05,6.668756830482458e-05,6.668200793313063e-05,6.667644914403037e-05,6.667089193566989e-05,6.666533630847765e-05,6.665978226285305e-05,6.665422979683751e-05,6.664867890919335e-05,6.664312960065103e-05,6.663758186917744e-05,6.663203571479643e-05,6.662649113315548e-05,6.662094812977706e-05,6.661540670132924e-05,6.660986684663681e-05,6.660432856508166e-05,6.659879185690493e-05,6.659325672115804e-05,6.658772315230904e-05,6.658219115653175e-05,6.657666073051869e-05,6.657113187419582e-05,6.656560458467071e-05,6.65600788639999e-05,6.655455470840565e-05,6.654903212001032e-05,6.654351109787229e-05,6.653799164044266e-05,6.65324737468414e-05,6.652695741649638e-05,6.65214426625601e-05,6.651592945670417e-05,6.651041781193864e-05,6.650490772797869e-05,6.649939920376708e-05,6.649389223819819e-05,6.648838683405619e-05,6.648288298402167e-05,6.647738069397584e-05,6.647187995662281e-05,6.646638077517866e-05,6.646088314901313e-05,6.645538707775732e-05,6.644989255970967e-05,6.644439959340513e-05,6.643890817872504e-05,6.643341831299388e-05,6.642793000109288e-05,6.642244323292396e-05,6.641695802008246e-05,6.641147435650477e-05,6.640599224192525e-05,6.640051167173138e-05,6.639503264695639e-05,6.638955516986664e-05,6.638407923664401e-05,6.637860482815508e-05,6.637313198400433e-05,6.63676606819186e-05,6.636219092010053e-05,6.635672269253543e-05,6.635125601304021e-05,6.634579087518635e-05,6.63403272782698e-05,6.633486522062756e-05,6.632940470237095e-05,6.632394571796758e-05,6.631848827114538e-05,6.63130323614377e-05,6.630757798662881e-05,6.630212514604235e-05,6.629667384223393e-05,6.629122406789421e-05,6.628577582595482e-05,6.628032911686571e-05,6.627488393736442e-05,6.62694402887035e-05,6.626399816998362e-05,6.625855758040336e-05,6.625311852019407e-05,6.624768098823354e-05,6.624224498114237e-05,6.623681050228536e-05,6.623137754708322e-05,6.622594611932663e-05,6.622051622232629e-05,6.621508784159884e-05,6.620966098380395e-05,6.620423564839009e-05,6.619881183521092e-05,6.619338954215367e-05,6.618796876922103e-05,6.618254951495979e-05,6.617713178072143e-05,6.617171556473571e-05,6.616630086265965e-05,6.616088768028738e-05,6.615547601145851e-05,6.615006586101592e-05,6.614465722534731e-05,6.613925010551833e-05,6.61338444988692e-05,6.612844040321543e-05,6.612303782108427e-05,6.611763674801468e-05,6.611223717651303e-05,6.610683912258879e-05,6.610144258083642e-05,6.609604754670908e-05,6.609065401857897e-05,6.608526200006767e-05,6.607987148812396e-05,6.607448248188872e-05,6.606909496676052e-05,6.606370896163648e-05,6.605832445267059e-05,6.605294146372281e-05,6.604755997261953e-05,6.60421799881673e-05,6.60368015021797e-05,6.603142451922081e-05,6.602604903567184e-05,6.602067505075756e-05,6.60153025661545e-05,6.600993157820336e-05,6.600456208822772e-05,6.599919409456886e-05,6.599382759681462e-05,6.598846259425383e-05,6.598309908620706e-05,6.597773707221829e-05,6.597237655136906e-05,6.596701752529621e-05,6.596165998624881e-05,6.595630394207372e-05,6.595094938760976e-05,6.594559632183372e-05,6.594024474677521e-05,6.593489466070242e-05,6.592954605953658e-05,6.592419895735145e-05,6.591885332968553e-05,6.591350919037845e-05,6.590816655389956e-05,6.590282538534124e-05,6.589748570021442e-05,6.589214749889678e-05,6.588681078151926e-05,6.588147554168244e-05,6.587614178548959e-05,6.587080950805718e-05,6.58654787137058e-05,6.586014939366582e-05,6.58548215571845e-05,6.584949518651216e-05,6.584417030427868e-05,6.583884689588215e-05,6.583352496739316e-05,6.582820452322368e-05,6.582288554405704e-05,6.581756803844985e-05,6.581225200805508e-05,6.580693745045116e-05,6.580162436452834e-05,6.579631275044125e-05,6.579100260719337e-05,6.57856939301164e-05,6.57803867255141e-05,6.577508098993478e-05,6.576977672287539e-05,6.57644739219826e-05,6.575917258908104e-05,6.575387272367389e-05,6.57485743237666e-05,6.57432773884155e-05,6.573798191740937e-05,6.5732687911699e-05,6.57273953677343e-05,6.572210427798087e-05,6.57168146619778e-05,6.571152650314148e-05,6.570623980473537e-05,6.570095456637813e-05,6.569567078909652e-05,6.569038846821818e-05,6.568510761208909e-05,6.56798282064371e-05,6.567455025651195e-05,6.566927376315318e-05,6.566399872538546e-05,6.565872514493261e-05,6.56534530185408e-05,6.564818234258373e-05,6.564291312236298e-05,6.563764535438482e-05,6.563237903787116e-05,6.562711417205124e-05,6.562185075651802e-05,6.561658879069203e-05,6.561132827374073e-05,6.560606920512839e-05,6.560081158420733e-05,6.559555541022191e-05,6.559030068263856e-05,6.558504740089041e-05,6.557979556424441e-05,6.557454517217838e-05,6.556929622393925e-05,6.55640487188951e-05,6.555880265636245e-05,6.555355803572698e-05,6.554831485645901e-05,6.554307311787417e-05,6.553783281933592e-05,6.553259396032809e-05,6.552735654005858e-05,6.552212055791439e-05,6.551688601341882e-05,6.551165290565486e-05,6.550642123432018e-05,6.550119099876269e-05,6.549596219805732e-05,6.54907348317066e-05,6.54855088989644e-05,6.548028439954622e-05,6.547506133270242e-05,6.546983969768456e-05,6.546461949394428e-05,6.545940072076931e-05,6.545418337773929e-05,6.544896746389684e-05,6.544375297874582e-05,6.54385399216327e-05,6.54333282922565e-05,6.542811808973642e-05,6.5422909313241e-05,6.541770196241594e-05,6.541249603656176e-05,6.540729153540891e-05,6.540208845786372e-05,6.539688680347723e-05,6.539168657179564e-05,6.53864877620239e-05,6.53812903731622e-05,6.537609440499281e-05,6.537089985737371e-05,6.536570672875017e-05,6.536051501897202e-05,6.53553247275722e-05,6.535013585374271e-05,6.534494839633574e-05,6.533976235543339e-05,6.533457773025259e-05,6.532939452036559e-05,6.532421272542864e-05,6.531903234497939e-05,6.531385337661951e-05,6.53086758207062e-05,6.530349967717515e-05,6.529832494476348e-05,6.529315162330228e-05,6.528797971284813e-05,6.528280921106514e-05,6.527764011834165e-05,6.527247243460437e-05,6.526730615830586e-05,6.526214128974549e-05,6.52569778275929e-05,6.525181577060074e-05,6.52466551190682e-05,6.524149587219413e-05,6.523633802929846e-05,6.523118159022713e-05,6.52260265544998e-05,6.522087292139623e-05,6.521572069021771e-05,6.521056985955807e-05,6.520542042943536e-05,6.520027239905077e-05,6.519512576814106e-05,6.518998053637931e-05,6.518483669353139e-05,6.517969425661256e-05,6.51745532078785e-05,6.516941355520598e-05,6.516427529789412e-05,6.51591384338561e-05,6.515400297462535e-05,6.514886889860607e-05,6.514373621558247e-05,6.513860492502969e-05,6.513347502518989e-05,6.512834653380018e-05,6.51232194169807e-05,6.511809368900849e-05,6.511296935114446e-05,6.510784640205325e-05,6.510272484711832e-05,6.509760467951913e-05,6.509248589293588e-05,6.508736849274845e-05,6.508225248123177e-05,6.5077137851847e-05,6.507202460635386e-05,6.506691274453496e-05,6.506180225243073e-05,6.505669316543809e-05,6.505158545752053e-05,6.50464791294868e-05,6.504137418381192e-05,6.503627061585184e-05,6.503116843106138e-05,6.502606762558673e-05,6.502096820236222e-05,6.501587015695457e-05,6.501077349367588e-05,6.500567821045141e-05,6.500058429618103e-05,6.499549174930967e-05,6.499040059261522e-05,6.498531079692817e-05,6.498022237555832e-05,6.497513532960517e-05,6.497004966350318e-05,6.496496536187476e-05,6.495988243145497e-05,6.495480087175004e-05,6.494972068207344e-05,6.494464186274277e-05,6.493956441383911e-05,6.493448833352978e-05,6.492941362031657e-05,6.492434027567278e-05,6.49192682964175e-05,6.49141976840167e-05,6.490912843651189e-05,6.490406055361243e-05,6.489899403550128e-05,6.489392887497088e-05,6.488886508265482e-05,6.488380265427583e-05,6.48787415880685e-05,6.48736818840449e-05,6.486862353968365e-05,6.486356655718054e-05,6.485851093379655e-05,6.48534566657809e-05,6.484840376062881e-05,6.484335221339292e-05,6.48383020235852e-05,6.483325319115772e-05,6.482820571188224e-05,6.48231595880851e-05,6.481811482189723e-05,6.481307141056085e-05,6.480802935449695e-05,6.480298864866846e-05,6.479794929802086e-05,6.479291129890038e-05
10,0.0,0.0,0.0,0.0,0.0,0.0,0.0,0.0,0.0,0.0,0.0,0.0,0.0,0.0,0.0,0.0,0.0,0.0,0.0,0.0,0.0,0.0,0.0,0.0,0.0,0.0,0.0,0.0,0.0,0.0,0.0,0.0,0.0,0.0,0.0,0.0,0.0,0.0,0.0,0.0,0.0,0.0,0.0,0.0,0.0,0.0,0.0,0.0,0.0,0.0,0.0,0.0,0.0,0.0,0.0,0.0,0.0,0.0,0.0,0.0,0.0,0.0,0.0,0.0,0.0,0.0,0.0,0.0,0.0,0.0,0.0,0.0,0.0,0.0,0.0,0.0,0.0,0.0,0.0,0.0,0.0,0.0,0.0,0.0,0.0,0.0,0.0,0.0,0.0,0.0,0.0,0.0,0.0,0.0,0.0,0.0,0.0,0.0,0.0,0.0,0.0,0.0,0.0,0.0,0.0,0.0,0.0,0.0,0.0,0.0,0.0,0.0,0.0,0.0,0.0,0.0,0.0,0.0,0.0,0.0,0.0,0.0,0.0,0.0,0.0,0.0,0.0,0.0,0.0,0.0,0.0,0.0,0.0,0.0,0.0,0.0,0.0,0.0,0.0,0.0,0.0,0.0,0.0,0.0,0.0,0.0,0.0,0.0,0.0,0.0,0.0,0.0,0.0,0.0,0.0,0.0,0.0,0.0,0.0,0.0,0.0,0.0,0.0,0.0,0.0,0.0,0.0,0.0,0.0,0.0,0.0,0.0,0.0,0.0,0.0,0.0,0.0,0.0,0.0,0.0,0.0,0.0,0.0,0.0,0.0,0.0,0.0,0.0,0.0,0.0,0.0,0.0,0.0,0.0,0.0,0.0,0.0,0.0,0.0,0.0,0.0,0.0,0.0,0.0,0.0,0.0,0.0,0.0,0.0,0.0,0.0,0.0,0.0,0.0,0.0,0.0,0.0,0.0,0.0,0.0,0.0,0.0,0.0,0.0,0.0,0.0,0.0,0.0,0.0,0.0,0.0,0.0,0.0,0.0,0.0,0.0,0.0,0.0,0.0,0.0,0.0,0.0,0.0,0.0,0.0,0.0,0.0,0.0,0.0,0.0,0.0,0.0,0.0,0.0,0.0,0.0,0.0,0.0,0.0,0.0,0.0,0.0,0.0,0.0,0.0,0.0,0.0,0.0,0.0,0.0,0.0,0.0,0.0,0.0,0.0,0.0,0.0,0.0,0.0,0.0,0.0,0.0,0.0,0.0,0.0,0.0,0.0,0.0,0.0,0.0,0.0,0.0,0.0,0.0,0.0,0.0,0.0,0.0,0.0,0.0,0.0,0.0,0.0,0.0,0.0,0.0,0.0,0.0,0.0,0.0,0.0,0.0,0.0,0.0,0.0,0.0,0.0,0.0,0.0,0.0,0.0,0.0,0.0,0.0,0.0,0.0,0.0,0.0,0.0,0.0,0.0,0.0,0.0,0.0,0.0,0.0,0.0,0.0,0.0,0.0,0.0,0.0,0.0,0.0,0.0,0.0,0.0,0.0,0.0,0.0,0.0,0.0,0.0,0.0,0.0,0.0,0.0,0.0,0.0,0.0,0.0,0.0,0.0,0.0,0.0,0.0,0.0,0.0,0.0,0.0,0.0,0.0,0.0,0.0,0.0,0.0,0.0,0.0,0.0,0.0,0.0,0.0,0.0,0.0,0.0,0.0,0.0,0.0,0.0,0.0,0.0,0.0,0.0,0.0,0.0,0.0,0.0,0.0,0.0,0.0,0.0,0.0,0.0,0.0,0.0,0.0,0.0,0.0,0.0,0.0,0.0,0.0,0.0,0.0,0.0,0.0,0.0,0.0,0.0,0.0,0.0,0.0,0.0,0.0,0.0,0.0,0.0,0.0,0.0,0.0,0.0,0.0,0.0,0.0,0.0,0.0,0.0,0.0,0.0,0.0,0.0,0.0,0.0,0.0,0.0,0.0,0.0,0.0,0.0,0.0,0.0,0.0,0.0,0.0,0.0,0.0,0.0,0.0,0.0,0.0,0.0,0.0,0.0,0.0,0.0,0.0,0.0,0.0,0.0,0.0,0.0,0.0,0.0,0.0,0.0,0.0,0.0,0.0,0.0,0.0,0.0,0.0,0.0,0.0,0.0,0.0,0.0,0.0,0.0,0.0,0.0,0.0,0.0,0.0,0.0,0.0,0.0,0.0,0.0,0.0,0.0,0.0,0.0,0.0,0.0,0.0,0.0,0.0,0.0,0.0,0.0,0.0,0.0,0.0,0.0,0.0,0.0,0.0,0.0,0.0,0.0,0.0,0.0,0.0,0.0,0.0,0.0,0.0,0.0,0.0,0.0,0.0,0.0,0.0,0.0,0.0,0.0,0.0,0.0,0.0,0.0,0.0,0.0,0.0,0.0,0.0,0.0,0.0,0.0,0.0,0.0,0.0,0.0,0.0,0.0,0.0,0.0,0.0,0.0,0.0,0.0,0.0,0.0,0.0,0.0,0.0,0.0,0.0,0.0,0.0,0.0,0.0,0.0,0.0,0.0,0.0,0.0,0.0,0.0,0.0,0.0,0.0,0.0,0.0,0.0,0.0,0.0,0.0,0.0,0.0,0.0,0.0,0.0,0.0,0.0,0.0,0.0,0.0,0.0,0.0,0.0,0.0,0.0,0.0,0.0,0.0,0.0,0.0,0.0,0.0,0.0,0.0,0.0,0.0,0.0,0.0,0.0,0.0,0.0,0.0,0.0,0.0,0.0,0.0,0.0,0.0,0.0,0.0,0.0,0.0,0.0,0.0,0.0,0.0,0.0,0.0,0.0,0.0,0.0,0.0,0.0,0.0,0.0,0.0,0.0,0.0,0.0,0.0,0.0,0.0,0.0,0.0,0.0,0.0,0.0,0.0,0.0,0.0,0.0,0.0,0.0,0.0,0.0,0.0,0.0,0.0,0.0,0.0,0.0,0.0,0.0,0.0,0.0,0.0,0.0,0.0,0.0,0.0,0.0,0.0,0.0,0.0,0.0,0.0,0.0,0.0,0.0,0.0,0.0,0.0,0.0,0.0,0.0,0.0,0.0,0.0,0.0,0.0,0.0,0.0,0.0,0.0,0.0,0.0,0.0,0.0,0.0,0.0,0.0,0.0,0.0,0.0,0.0,0.0,0.0,0.0,0.0,0.0,0.0,0.0,0.0,0.0,0.0,-2.808318106215903e-53,2.6234473535075092e-68,2.6234473535075096e-68,2.62344735350751e-68,2.6234473535075105e-68,2.623447353507511e-68,2.6234473535075113e-68,2.6234473535075117e-68,2.623447353507512e-68,2.623447353507513e-68,2.623447353507513e-68,2.6234473535075138e-68,2.623447353507514e-68,2.6234473535075146e-68,2.623447353507515e-68,2.6234473535075154e-68,2.6234473535075162e-68,2.6234473535075166e-68,2.623447353507517e-68,2.623447353507517e-68,2.6234473535075175e-68,2.623447353507518e-68,2.6234473535075183e-68,2.623447353507519e-68,2.6234473535075195e-68,2.62344735350752e-68,2.6234473535075203e-68,2.6234473535075208e-68,2.623447353507521e-68,2.6234473535075216e-68,-4.913044220387915e-53,-1.0807889902182148e-69,1.0692739768721871e-83,2.1805967751950396e-83,3.3003219627487354e-83,4.4218267796577275e-83,5.543708522766551e-83,6.665670098993273e-83,7.787648583905885e-83,8.909630650084854e-83,1.0031613474777459e-82,1.1153596460123556e-82,1.2275579479496139e-82,1.3397562506075575e-82,1.451954553418143e-82,1.5641528562610603e-82,1.6763511591108248e-82,1.7885494619620408e-82,1.900747764813566e-82,2.012946067665156e-82,2.1251443705167615e-82,2.2373426733683696e-82,2.3495409762199801e-82,2.4617392790715907e-82,2.5739375819232053e-82,2.68613588477482e-82,2.798334187626437e-82,2.910532490478055e-82,-2.3740504849678366e-50,-2.4670488331301588e-64,-1.8161029963263305e-78,1.4397198519932562e-79,2.890261253133456e-79,4.3431633395472965e-79,5.796553965053681e-79,7.250048063332695e-79,8.703564077185798e-79,1.0157084732766163e-78,1.1610606371466182e-78,1.3064128218391358e-78,3.7482858542743796e-53,3.7482858542743796e-53,3.7482858542743796e-53,3.7482858542743796e-53,3.857683629678273e-50,3.857683629678273e-50,3.857683629678273e-50,3.857683629678273e-50,3.857683629678273e-50,3.857683629678273e-50,3.857683629678273e-50,3.857683629678273e-50,3.857683629678273e-50,3.857683629678273e-50,3.857683629678273e-50,3.857683629678273e-50,3.857683629678273e-50,3.857683629678273e-50,3.857683629678273e-50,3.857683629678273e-50,3.857683629678273e-50,3.857683629678273e-50,3.857683629678273e-50,3.857683629678273e-50,3.857683629678273e-50,3.857683629678273e-50,3.857683629678273e-50,3.857683629678273e-50,3.857683629678273e-50,3.857683629678273e-50,3.857683629678273e-50,3.857683629678273e-50,3.857683629678273e-50,3.857683629678273e-50,3.857683629678273e-50,3.857683629678273e-50,3.857683629678273e-50,3.857683629678273e-50,3.857683629678273e-50,3.857683629678273e-50,3.857683629678273e-50,3.857683629678273e-50,3.857683629678273e-50,3.857683629678273e-50,3.857683629678273e-50,3.857683629678273e-50,3.857683629678273e-50,3.857683629678273e-50,3.857683629678273e-50,3.857683629678273e-50,3.857683629678273e-50,3.857683629678273e-50,3.857683629678273e-50,3.857683629678273e-50,3.857683629678273e-50,3.857683629678273e-50,3.857683629678273e-50,3.857683629678273e-50,3.857683629678273e-50,3.857683629678273e-50,3.857683629678273e-50,3.857683629678273e-50,3.857683629678273e-50,3.857683629678273e-50,3.857683629678273e-50,3.857683629678273e-50,3.857683629678273e-50,3.857683629678273e-50,3.857683629678273e-50,3.857683629678273e-50,3.857683629678273e-50,3.857683629678273e-50,3.857683629678273e-50,3.857683629678273e-50,3.857683629678273e-50,3.857683629678273e-50,3.857683629678273e-50,3.857683629678273e-50,3.857683629678273e-50,3.857683629678273e-50,3.857683629678273e-50,3.857683629678273e-50,3.857683629678273e-50,3.857683629678273e-50,3.857683629678273e-50,3.857683629678273e-50,3.857683629678273e-50,3.857683629678273e-50,3.857683629678273e-50,3.857683629678273e-50,3.857683629678273e-50,3.857683629678273e-50,3.857683629678273e-50,3.857683629678273e-50,3.857683629678273e-50,3.857683629678273e-50,3.857683629678273e-50,3.857683629678273e-50,3.857683629678273e-50,3.857683629678273e-50,3.857683629678273e-50,3.857683629678273e-50,3.857683629678273e-50,3.857683629678273e-50,3.857683629678273e-50,3.857683629678273e-50,3.857683629678273e-50,3.857683629678273e-50,3.857683629678273e-50,3.857683629678273e-50,3.857683629678273e-50,3.857683629678273e-50,3.857683629678273e-50,3.857683629678273e-50,3.857683629678273e-50,3.857683629678273e-50,3.857683629678273e-50,3.857683629678273e-50,3.857683629678273e-50,3.857683629678273e-50,3.857683629678273e-50,3.857683629678273e-50,3.857683629678273e-50,3.857683629678273e-50,3.857683629678273e-50,5.204951990890453e-48,5.204951990890453e-48,5.204951990890453e-48,5.204951990890453e-48,5.204951990890453e-48,5.204951990890453e-48,5.204951990890453e-48,5.204951990890453e-48,5.204951990890453e-48,5.204951990890453e-48,5.204951990890453e-48,5.204951990890453e-48,5.204951990890453e-48,5.204951990890453e-48,5.204951990890453e-48,5.204951990890453e-48,5.204951990890453e-48,5.204951990890453e-48,5.204951990890453e-48,5.204951990890453e-48,5.204951990890453e-48,5.204951990890453e-48,5.204951990890453e-48,5.204951990890453e-48,5.204951990890453e-48,5.204951990890453e-48,5.204951990890453e-48,5.204951990890453e-48,5.204951990890453e-48,5.204951990890453e-48,5.204951990890453e-48,5.204951990890453e-48,5.204951990890453e-48,5.204951990890453e-48,5.204951990890453e-48,5.204951990890453e-48,5.204951990890453e-48,5.204951990890453e-48,5.204951990890453e-48,5.204951990890453e-48,5.204951990890453e-48,5.204951990890453e-48,5.204951990890453e-48,5.204951990890453e-48,5.204951990890453e-48,5.204951990890453e-48,5.204951990890453e-48,5.204951990890453e-48,5.204951990890453e-48,5.204951990890453e-48,5.204951990890453e-48,5.204951990890453e-48,5.204951990890453e-48,5.204951990890453e-48,5.204951990890453e-48,5.204951990890453e-48,5.204951990890453e-48,5.204951990890453e-48,5.204951990890453e-48,5.204951990890453e-48,5.204951990890453e-48,5.204951990890453e-48,5.204951990890453e-48,5.204951990890453e-48,5.204951990890453e-48,5.204951990890453e-48,5.204951990890453e-48,5.204951990890453e-48,5.204951990890453e-48,5.204951990890453e-48,5.204951990890453e-48,5.204951990890453e-48,5.204951990890453e-48,5.204951990890453e-48,5.204951990890453e-48,5.204951990890453e-48,5.204951990890453e-48,5.204951990890453e-48,5.204951990890453e-48,5.204951990890453e-48,5.204951990890453e-48,5.204951990890453e-48,6.470254614837883e-33,1.3335537688835437e-32,2.0624455247412603e-32,2.8368094599527646e-32,3.660025389279467e-32,4.5357699636608714e-32,5.468045507915789e-32,6.461212297279943e-32,7.52002465425864e-32,8.64967133349301e-32,9.855820709780411e-32,1.114467137272273e-31,1.2523008825061849e-31,1.3998269089676943e-31,1.557861014807976e-31,1.727299228196576e-31,1.909126894798527e-31,2.104428726496177e-31,2.3144005431699017e-31,2.540362178851983e-31,2.7837722731338237e-31,3.046245033123839e-31,3.3295692966883824e-31,3.6357301810654625e-31,3.966933893349101e-31,4.325635971790513e-31,4.714573673154479e-31,5.136803118394896e-31,5.595741989057533e-31,6.0952187058654306e-31,6.6395291924823735e-31,7.2335025364481995e-31,7.882577112647072e-31,8.592889039307203e-31,9.371375210047973e-31,1.022589359675863e-30,1.1165364078296168e-30,1.2199935516898433e-30,1.3341173078819387e-30,1.4602298612290032e-30,1.5998455072473014e-30,1.754703088249674e-30,1.9268043975994164e-30,2.118460058946312e-30,2.3323445173667955e-30,2.5715621805000356e-30,2.83972725633581e-30,3.1410604844754728e-30,3.480506791351889e-30,3.863878974452061e-30,4.29803391376849e-30,4.791089626277333e-30,5.352693851034674e-30,5.994357997501346e-30,6.729874443055648e-30,7.575840711219882e-30,8.552321528124684e-30,9.68368983755371e-30,1.0999701605983026e-29,1.2536878153436364e-29,1.4340295874287613e-29,1.6465919781699333e-29,1.8983668725233598e-29,2.1981473426818076e-29,2.557069359828322e-29,2.9893413200377916e-29,3.513235715291353e-29,4.1524506044965597e-29,4.937998680434553e-29,5.910858196594885e-29,7.125738323709472e-29,8.656497359088515e-29,1.0604049050156052e-28,1.3108074820192038e-28,1.6364659191580892e-28,2.065331800970291e-28,2.6379228093733613e-28,3.4140612352037874e-28,4.483877908022016e-28,5.986245170446507e-28,8.140538136618636e-28,1.1303108515524e-27,1.6071296962869753e-27,2.3482759187228842e-27,3.541507302049077e-27,5.542936128079031e-27,9.066102600264623e-27,1.5636422256682523e-26,2.877780331873681e-26,5.743540284624003e-26,1.2712630291085622e-25,3.2221787352531114e-25,9.804006464914823e-25,3.8427225304529056e-24,2.1506912703881787e-23,1.9484553725262579e-22,2.9956208051219973e-21,1.1999370533780158e-20,1.1999370533988163e-20,1.1999370534084261e-20,1.1999370534267768e-20,1.1999370547811837e-20,5.128666348119687e-19,9.708607278825787e-18,1.3782975648071362e-16,1.3072259873187118e-15,8.435858608492284e-15,4.117241983318094e-14,1.7434981959647214e-13,7.164347569098947e-13,2.555804299130617e-12,7.132623014991035e-12,1.587796051869416e-11,2.967740457692629e-11,4.871845285046348e-11,7.260804257740601e-11,9.008613789736469e-11,1.0547650446519307e-10,1.192695412810507e-10,1.3175608878187542e-10,1.4314120253070297e-10,1.5358068480954572e-10,1.6319801566976958e-10,1.72093795842939e-10,1.8035159541401943e-10,1.8804184567622998e-10,1.9522457088579064e-10,2.0195138575842425e-10,2.0826700318095427e-10,2.1421040096854663e-10,2.1981574286556374e-10,2.25113117294031e-10,2.30129137750416e-10,2.348874361323231e-10,2.3940907186412947e-10,2.4371287390786834e-10,2.4781572866312463e-10,2.517328238096804e-10,2.5547785597154435e-10,2.590632084488604e-10,2.6250010402065447e-10,2.6579873686123724e-10,2.6896838686301324e-10,2.7201751906646094e-10,2.7495387042654027e-10,2.7778452576615236e-10,2.805159844610313e-10,2.8315421915107325e-10,2.8570472756884983e-10,2.8817257840781506e-10,2.905624520134323e-10,2.9287867656462766e-10,2.951252603162031e-10,2.97305920391695e-10,2.994241085478269e-10,3.01483034273977e-10,3.0348568554111836e-10,3.054348474730605e-10,3.0733311917729087e-10,3.091829289423121e-10,3.109865479822968e-10,3.1274610288742843e-10,3.1446358691894344e-10,3.1614087027115844e-10,3.1777970940824193e-10,3.193817555709061e-10,3.20948562537211e-10,3.224815937121034e-10,3.239822286119498e-10,3.2545176880298246e-10,3.2689144334616054e-10,3.2830241379527327e-10,3.2968577879014785e-10,3.310425782824181e-10,3.323737974274278e-10,3.336803701724057e-10,3.3496318256799446e-10,3.3622307582751547e-10,3.3746084915593384e-10,3.386772623683458e-10,3.398730383159051e-10,3.410488651353779e-10,3.42205398337006e-10,3.433432627439779e-10,3.444630542955784e-10,3.455653417249951e-10,3.4665066812175606e-10,3.477195523878928e-10,3.487724905961089e-10,3.498099572575175e-10,3.5083240650585126e-10,3.518402732044574e-10,3.528339739818549e-10,3.538139082011463e-10,3.547804588681335e-10,3.557339934825901e-10,3.5667486483677775e-10,3.576034117649629e-10,3.585199598473942e-10,3.594248220719184e-10,3.6031829945616786e-10,3.612006816330289e-10,3.620722474018777e-10,3.6293326524789504e-10,3.637839938315882e-10,3.646246824504854e-10,3.654555714748351e-10,3.6627689275898794e-10,3.6708887003003653e-10,3.6789171925515676e-10,3.6868564898900326e-10,3.694708607024082e-10,3.7024754909354445e-10,3.7101590238263664e-10,3.717761025912258e-10,3.725283258069234e-10,3.732727424345273e-10,3.74009517434312e-10,3.7473881054825486e-10,3.7546077651490313e-10,3.761755652735434e-10,3.768833221582909e-10,3.775841880826787e-10,3.782782997152807e-10,3.789657896468797e-10,3.7964678654965125e-10,3.803214153288025e-10,3.8098979726709135e-10,3.816520501626014e-10,3.823082884601515e-10,3.829586233766735e-10,3.836031630208836e-10,3.842420125075518e-10,3.848752740666474e-10,3.8550304714763765e-10,3.861254285191797e-10,3.867425123644532e-10,3.8735439037234835e-10,3.879611518247249e-10,3.8856288367993677e-10,3.891596706528103e-10,3.8975159529125277e-10,3.9033873804965426e-10,3.9092117735924426e-10,3.914989896955481e-10,3.9207224964308094e-10,3.9264102995741885e-10,3.9320540162476347e-10,3.9376543391912543e-10,3.9432119445723287e-10,3.948727492512748e-10,3.954201627595806e-10,3.9596349793532304e-10,3.9650281627334555e-10,3.97038177855191e-10,3.975696413924172e-10,3.9809726426827207e-10,3.986211025778072e-10,3.991412111664918e-10,3.9965764366739916e-10,4.001704525370239e-10,4.006796890897906e-10,4.0118540353131016e-10,4.0168764499043876e-10,4.021864615501857e-10,4.026819002775267e-10,4.0317400725215935e-10,4.036628275942529e-10,4.041484054912288e-10,4.046307842236136e-10,4.0511000619000357e-10,4.0558611293117476e-10,4.0605914515337413e-10,4.065291427508259e-10,4.069961448274821e-10,4.074601897180486e-10,4.079213150083154e-10,4.08379557554818e-10,4.088349535038572e-10,4.092875383098983e-10,4.0973734675337943e-10,4.1018441295794645e-10,4.1062877040714053e-10,4.110704519605525e-10,4.115094898694759e-10,4.119459157920621e-10,4.123797608080102e-10,4.1281105543279857e-10,4.1323982963148135e-10,4.136661128320621e-10,4.1408993393846313e-10,4.145113213431005e-10,4.149303029390848e-10,4.1534690613205543e-10,4.1576115785166483e-10,4.1617308456272535e-10,4.1658271227602757e-10,4.1699006655884327e-10,4.173951725451265e-10,4.1779805494541757e-10,4.181987380564653e-10,4.185972457705751e-10,4.1899360158469424e-10,4.1938782860923496e-10,4.1977994957665693e-10,4.201699868498082e-10,4.2055796243003636e-10,4.2094389796507505e-10,4.213278147567141e-10,4.2170973376826245e-10,4.220896756318093e-10,4.22467660655286e-10,4.228437088293439e-10,4.2321783983404426e-10,4.2359007304537573e-10,4.2396042754159405e-10,4.2432892210940173e-10,4.2469557524996134e-10,4.250604051847573e-10,4.254234298613023e-10,4.2578466695870103e-10,4.261441338930688e-10,4.2650184782281363e-10,4.2685782565378633e-10,4.2721208404429884e-10,4.275646394100177e-10,4.2791550792873754e-10,4.282647055450332e-10,4.286122479748007e-10,4.2895815070968417e-10,4.2930242902139604e-10,4.296450979659333e-10,4.299861723876903e-10,4.30325666923473e-10,4.306635960064197e-10,4.309999738698244e-10,4.3133481455087463e-10,4.316681318942953e-10,4.319999395559127e-10,4.3233025100613346e-10,4.32659079533341e-10,4.329864382472159e-10,4.333123400819791e-10,4.336367977995604e-10,4.3395982399269555e-10,4.342814310879532e-10,4.346016313486934e-10,4.349204368779586e-10,4.3523785962130257e-10,4.355539113695543e-10,4.3586860376152064e-10,4.3618194828663147e-10,4.3649395628752384e-10,4.368046389625736e-10,4.371140073683683e-10,4.374220724221277e-10,4.377288449040741e-10,4.38034335459749e-10,4.3833855460228255e-10,4.386415127146127e-10,4.389432200516605e-10,4.392436867424561e-10,4.3954292279222213e-10,4.3984093808441354e-10,4.401377423827147e-10,4.4043334533299563e-10,4.407277564652263e-10,4.410209851953547e-10,4.413130408271435e-10,4.4160393255397167e-10,4.418936694605968e-10,4.421822605248857e-10,4.424697146195078e-10,4.4275604051359403e-10,4.4304124687436595e-10,4.4332534226872743e-10,4.43608335164831e-10,4.438902339336091e-10,4.44171046850276e-10,4.444507820958012e-10,4.4472944775835564e-10,4.450070518347266e-10,4.452836022317076e-10,4.455591067674617e-10,4.4583357317285807e-10,4.4610700909278247e-10,4.463794220874256e-10,4.466508196335429e-10,4.4692120912569533e-10,4.47190597877463e-10,4.474589931226384e-10,4.4772640201639725e-10,4.4799283163644714e-10,4.482582889841547e-10,4.4852278098565306e-10,4.4878631449292855e-10,4.4904889628488767e-10,4.493105330684042e-10,4.495712314793487e-10,4.498309980835975e-10,4.500898393780261e-10,4.503477617914816e-10,4.5060477168574226e-10,4.5086087535645467e-10,4.511160790340587e-10,4.5137038888469433e-10,4.516238110110934e-10,4.5187635145345376e-10,4.521280161903014e-10,4.523788111393342e-10,4.526287421582548e-10,4.5287781504558487e-10,4.5312603554147034e-10,4.533734093284672e-10,4.536199420323199e-10,4.538656392227212e-10,4.54110506414063e-10,4.543545490661719e-10,4.545977725850357e-10,4.548401823235131e-10,4.5508178358203586e-10,4.5532258160929694e-10,4.555625816029278e-10,4.558017887101644e-10,4.5604020802850317e-10,4.56277844606345e-10,4.5651470344362915e-10,4.5675078949245744e-10,4.5698610765770743e-10,4.572206627976359e-10,4.5745445972447355e-10,4.576875032050091e-10,4.5791979796116336e-10,4.5815134867055675e-10,4.583821599670659e-10,4.5861223644136993e-10,4.588415826414928e-10,4.590702030733325e-10,4.5929810220118347e-10,4.5952528444825264e-10,4.597517541971644e-10,4.5997751579046035e-10,4.60202573531089e-10,4.604269316828908e-10,4.6065059447107256e-10,4.608735660826771e-10,4.610958506670443e-10,4.6131745233626507e-10,4.6153837516563086e-10,4.617586231940714e-10,4.619782004245917e-10,4.621971108246984e-10,4.624153583268211e-10,4.6263294682872777e-10,4.6284988019393306e-10,4.6306616225210074e-10,4.6328179679944174e-10,4.634967875991038e-10,4.637111383815569e-10,4.639248528449736e-10,4.641379346556023e-10,4.6435038744813523e-10,4.645622148260733e-10,4.6477342036208293e-10,4.6498400759834826e-10,4.651939800469204e-10,4.654033411900591e-10,4.6561209448057094e-10,4.658202433421419e-10,4.660277911696661e-10,4.662347413295698e-10,4.664410971601293e-10,4.666468619717861e-10,4.668520390474577e-10,4.670566316428421e-10,4.672606429867209e-10,4.674640762812553e-10,4.676669347022795e-10,4.678692213995905e-10,4.680709394972328e-10,4.682720920937796e-10,4.684726822626107e-10,4.686727130521856e-10,4.688721874863131e-10,4.690711085644187e-10,4.692694792618052e-10,4.69467302529914e-10,4.696645812965788e-10,4.698613184662787e-10,4.700575169203869e-10,4.702531795174151e-10,4.704483090932571e-10,4.706429084614263e-10,4.708369804132929e-10,4.71030527718315e-10,4.712235531242692e-10,4.714160593574767e-10,4.716080491230273e-10,4.717995251049994e-10,4.719904899666777e-10,4.721809463507695e-10,4.723708968796147e-10,4.725603441553976e-10,4.727492907603509e-10,4.729377392569627e-10,4.731256921881752e-10,4.733131520775851e-10,4.7350012142964e-10,4.736866027298313e-10,4.738725984448861e-10,4.740581110229558e-10,4.742431428938036e-10,4.74427696468987e-10,4.746117741420413e-10,4.74795378288658e-10,4.749785112668631e-10,4.75161175417192e-10,4.753433730628613e-10,4.75525106509942e-10,4.757063780475257e-10,4.758871899478927e-10,4.760675444666761e-10,4.762474438430247e-10,4.764268902997633e-10,4.766058860435505e-10,4.767844332650379e-10,4.769625341390214e-10,4.771401908245968e-10,4.773174054653102e-10,4.77494180189306e-10,4.776705171094758e-10,4.778464183236038e-10,4.780218859145098e-10,4.781969219501929e-10,4.7837152848397e-10,4.785457075546173e-10,4.787194611865047e-10,4.788927913897332e-10,4.790657001602685e-10,4.792381894800725e-10,4.794102613172361e-10,4.795819176261061e-10,4.797531603474151e-10,4.799239914084059e-10,4.800944127229585e-10,4.802644261917117e-10,4.804340337021858e-10,4.806032371289034e-10,4.807720383335078e-10,4.809404391648815e-10,4.811084414592627e-10,4.812760470403599e-10,4.814432577194659e-10,4.816100752955708e-10,4.817765015554725e-10,4.819425382738869e-10,4.821081872135568e-10,4.822734501253606e-10,4.824383287484152e-10,4.826028248101853e-10,4.827669400265842e-10,4.829306761020786e-10,4.830940347297886e-10,4.832570175915892e-10,4.834196263582099e-10,4.835818626893322e-10,4.837437282336869e-10,4.839052246291515e-10,4.840663535028429e-10,4.842271164712139e-10,4.843875151401449e-10,4.845475511050358e-10,4.847072259508977e-10,4.848665412524422e-10,4.850254985741715e-10,4.851840994704645e-10,4.853423454856663e-10,4.855002381541724e-10,4.856577790005152e-10,4.858149695394478e-10,4.859718112760281e-10,4.861283057056994e-10,4.862844543143749e-10,4.864402585785159e-10,4.865957199652142e-10,4.867508399322684e-10,4.86905619928265e-10,4.870600613926534e-10,4.872141657558241e-10,4.873679344391845e-10,4.875213688552325e-10,4.876744704076323e-10,4.878272404912872e-10,4.879796804924123e-10,4.88131791788606e-10,4.882835757489229e-10,4.884350337339422e-10,4.885861670958383e-10,4.887369771784504e-10,4.888874653173498e-10,4.890376328399082e-10,4.891874810653644e-10,4.893370113048905e-10,4.894862248616574e-10,4.896351230309e-10,4.897837070999811e-10,4.899319783484554e-10,4.900799380481321e-10,4.902275874631373e-10,4.903749278499754e-10,4.905219604575912e-10,4.906686865274292e-10,4.908151072934933e-10,4.909612239824075e-10,4.911070378134738e-10,4.912525499987296e-10,4.913977617430059e-10,4.915426742439847e-10,4.916872886922541e-10,4.918316062713654e-10,4.919756281578877e-10,4.921193555214623e-10,4.922627895248579e-10,4.924059313240234e-10,4.925487820681417e-10,4.92691342899682e-10,4.928336149544509e-10,4.929755993616462e-10,4.931172972439067e-10,4.932587097173615e-10,4.933998378916837e-10,4.935406828701362e-10,4.936812457496231e-10,4.938215276207385e-10,4.939615295678127e-10,4.941012526689627e-10,4.94240697996137e-10,4.943798666151649e-10,4.945187595858003e-10,4.9465737796177e-10,4.947957227908183e-10,4.949337951147513e-10,4.950715959694827e-10,4.952091263850783e-10,4.953463873857987e-10,4.954833799901435e-10,4.95620105210894e-10,4.957565640551562e-10,4.958927575244036e-10,4.960286866145169e-10,4.961643523158278e-10,4.962997556131587e-10,4.964348974858641e-10,4.96569778907871e-10,4.967044008477174e-10,4.968387642685945e-10,4.969728701283829e-10,4.97106719379694e-10,4.97240312969907e-10,4.973736518412075e-10,4.975067369306258e-10,4.976395691700735e-10,4.977721494863809e-10,4.97904478801334e-10,4.980365580317115e-10,4.981683880893189e-10,4.982999698810272e-10,4.984313043088057e-10,4.985623922697589e-10,4.986932346561603e-10,4.988238323554879e-10,4.98954186250458e-10,4.990842972190582e-10,4.992141661345827e-10,4.993437938656643e-10,4.994731812763082e-10,4.996023292259239e-10,4.997312385693591e-10,4.998599101569301e-10,4.999883448344548e-10,5.001165434432841e-10,5.002445068203332e-10,5.003722357981117e-10,5.004997312047565e-10,5.0062699386406e-10,5.007540245955022e-10,5.008808242142795e-10,5.010073935313344e-10,5.011337333533861e-10,5.012598444829579e-10,5.013857277184083e-10,5.015113838539579e-10,5.016368136797189e-10,5.017620179817231e-10,5.018869975419488e-10,5.020117531383503e-10,5.021362855448842e-10,5.022605955315376e-10,5.023846838643539e-10,5.025085513054603e-10,5.026321986130945e-10,5.02755626541631e-10,5.028788358416066e-10,5.030018272597472e-10,5.03124601538993e-10,5.03247159418524e-10,5.033695016337849e-10,5.034916289165114e-10,5.036135419947536e-10,5.037352415929016e-10,5.038567284317081e-10,5.039780032283164e-10,5.040990666962801e-10,5.042199195455898e-10,5.043405624826957e-10,5.044609962105308e-10,5.045812214285348e-10,5.047012388326764e-10,5.048210491154767e-10,5.049406529660321e-10,5.050600510700359e-10,5.051792441098017e-10,5.052982327642839e-10,5.05417017709101e-10,5.055355996165577e-10,5.056539791556649e-10,5.057721569921621e-10,5.058901337885387e-10,5.060079102040546e-10,5.061254868947617e-10,5.062428645135237e-10,5.063600437100376e-10,5.064770251308531e-10,5.065938094193945e-10,5.067103972159782e-10,5.068267891578354e-10,5.069429858791294e-10,5.070589880109769e-10,5.071747961814664e-10,5.072904110156781e-10,5.074058331357028e-10,5.075210631606607e-10,5.076361017067205e-10,5.077509493871178e-10,5.078656068121737e-10,5.079800745893134e-10,5.080943533230841e-10,5.082084436151735e-10,5.083223460644268e-10,5.084360612668662e-10,5.085495898157071e-10,5.086629323013757e-10,5.087760893115272e-10,5.088890614310627e-10,5.090018492421458e-10,5.091144533242208e-10,5.092268742540283e-10,5.093391126056218e-10,5.094511689503865e-10,5.095630438570526e-10,5.096747378917146e-10,5.097862516178453e-10,5.098975855963129e-10,5.100087403853969e-10,5.101197165408042e-10,5.102305146156843e-10,5.103411351606447e-10,5.104515787237671e-10,5.105618458506229e-10,5.106719370842874e-10,5.107818529653565e-10,5.108915940319596e-10,5.110011608197762e-10,5.111105538620504e-10,5.112197736896052e-10,5.113288208308577e-10,5.114376958118324e-10,5.115463991561775e-10,5.116549313851762e-10,5.117632930177638e-10,5.118714845705405e-10,5.119795065577855e-10,5.120873594914696e-10,5.121950438812715e-10,5.123025602345893e-10,5.12409909056554e-10,5.125170908500452e-10,5.126241061157015e-10,5.12730955351936e-10,5.128376390549477e-10,5.129441577187355e-10,5.130505118351111e-10,5.131567018937124e-10,5.132627283820146e-10,5.133685917853442e-10,5.134742925868911e-10,5.135798312677216e-10,5.136852083067898e-10,5.137904241809505e-10,5.138954793649717e-10,5.140003743315461e-10,5.141051095513037e-10,5.142096854928227e-10,5.14314102622643e-10,5.144183614052766e-10,5.145224623032196e-10,5.146264057769644e-10,5.147301922850097e-10,5.148338222838743e-10,5.149372962281069e-10,5.150406145702968e-10,5.151437777610864e-10,5.15246786249182e-10,5.153496404813647e-10,5.154523409025007e-10,5.155548879555531e-10,5.156572820815928e-10,5.157595237198078e-10,5.158616133075161e-10,5.159635512801743e-10,5.160653380713888e-10,5.161669741129263e-10,5.162684598347241e-10,5.163697956649005e-10,5.164709820297647e-10,5.165720193538276e-10,5.166729080598102e-10,5.167736485686566e-10,5.168742412995408e-10,5.169746866698775e-10,5.170749850953333e-10,5.171751369898347e-10,5.172751427655789e-10,5.17375002833043e-10,5.174747176009919e-10,5.175742874764912e-10,5.176737128649135e-10,5.177729941699499e-10,5.178721317936167e-10,5.179711261362675e-10,5.180699775966004e-10,5.181686865716678e-10,5.182672534568849e-10,5.183656786460399e-10,5.184639625313005e-10,5.185621055032253e-10,5.186601079507714e-10,5.18757970261303e-10,5.188556928206001e-10,5.189532760128672e-10,5.19050720220742e-10,5.191480258253041e-10,5.192451932060823e-10,5.193422227410642e-10,5.194391148067036e-10,5.195358697779297e-10,5.19632488028154e-10,5.1972896992928e-10,5.198253158517099e-10,5.199215261643534e-10,5.200176012346354e-10,5.201135414285039e-10,5.202093471104383e-10,5.203050186434563e-10,5.204005563891229e-10,5.204959607075571e-10,5.205912319574397e-10,5.206863704960214e-10,5.207813766791303e-10,5.20876250861179e-10,5.20970993395172e-10,5.210656046327139e-10,5.21160084924016e-10,5.212544346179037e-10,5.213486540618242e-10,5.214427436018534e-10,5.215367035827028e-10,5.216305343477277e-10,5.217242362389328e-10,5.218178095969805e-10,5.219112547611966e-10,5.220045720695798e-10,5.220977618588044e-10,5.221908244642313e-10,5.222837602199123e-10,5.223765694585981e-10,5.224692525117442e-10,5.225618097095183e-10,5.226542413808062e-10,5.227465478532193e-10,5.228387294530998e-10,5.22930786505529e-10,5.23022719334332e-10,5.231145282620861e-10,5.232062136101239e-10,5.232977756985442e-10,5.233892148462142e-10,5.234805313707786e-10,5.235717255886638e-10,5.23662797815085e-10,5.23753748364053e-10,5.238445775483789e-10,5.239352856796808e-10,5.240258730683908e-10,5.241163400237595e-10,5.242066868538624e-10,5.242969138656063e-10,5.243870213647346e-10,5.244770096558334e-10,5.245668790423376e-10,5.246566298265364e-10,5.247462623095784e-10,5.248357767914789e-10,5.249251735711234e-10,5.250144529462755e-10,5.251036152135807e-10,5.251926606685725e-10,5.252815896056793e-10,5.253704023182273e-10,5.254590990984481e-10,5.255476802374826e-10,5.25636146025388e-10,5.257244967511423e-10,5.258127327026485e-10,5.259008541667422e-10,5.259888614291951e-10,5.260767547747214e-10,5.26164534486981e-10,5.26252200848588e-10,5.26339754141112e-10,5.264271946450863e-10,5.265145226400113e-10,5.266017384043603e-10,5.266888422155831e-10,5.267758343501138e-10,5.268627150833724e-10,5.269494846897727e-10,5.270361434427248e-10,5.271226916146414e-10,5.272091294769421e-10,5.272954573000584e-10,5.273816753534382e-10,5.274677839055506e-10,5.275537832238908e-10,5.276396735749855e-10,5.277254552243955e-10,5.278111284367222e-10,5.278966934756119e-10,5.279821506037595e-10,5.280675000829142e-10,5.28152742173882e-10,5.28237877136533e-10,5.283229052298045e-10,5.284078267117053e-10,5.284926418393191e-10,5.285773508688116e-10,5.286619540554326e-10,5.287464516535207e-10,5.288308439165082e-10,5.289151310969255e-10,5.289993134464048e-10,5.290833912156832e-10,5.291673646546103e-10,5.292512340121488e-10,5.293349995363809e-10,5.294186614745115e-10,5.295022200728721e-10,5.29585675576926e-10,5.296690282312712e-10,5.297522782796444e-10,5.298354259649268e-10,5.299184715291456e-10,5.300014152134796e-10,5.300842572582632e-10,5.301669979029891e-10,5.302496373863123e-10,5.303321759460565e-10,5.304146138192145e-10,5.304969512419547e-10,5.305791884496231e-10,5.306613256767478e-10,5.307433631570431e-10,5.308253011234125e-10,5.309071398079535e-10,5.309888794419602e-10,5.310705202559267e-10,5.311520624795531e-10,5.312335063417463e-10,5.313148520706255e-10,5.313960998935245e-10,5.314772500369968e-10,5.315583027268175e-10,5.31639258187988e-10,5.317201166447388e-10,5.318008783205344e-10,5.318815434380736e-10,5.319621122192974e-10,5.320425848853885e-10,5.321229616567773e-10,5.322032427531439e-10,5.322834277434537e-10,5.323635174665922e-10,5.32443512162615e-10,5.325234120472659e-10,5.326032173379481e-10,5.326829282580465e-10,5.327625450076166e-10,5.328420678066797e-10,5.329214968691718e-10,5.330008324067033e-10,5.330800746287118e-10,5.331592237487079e-10,5.332382799776513e-10,5.33317243520523e-10,5.333961145902239e-10,5.334748933949548e-10,5.335535801422083e-10,5.336321750388114e-10,5.33710678290874e-10,5.337890901038361e-10,5.338674106824369e-10,5.339456402338694e-10,5.340237789586067e-10,5.341018270600601e-10,5.341797847412542e-10,5.342576522017713e-10,5.343354296424943e-10,5.344131172689874e-10,5.344907152657701e-10,5.345682238406511e-10,5.346456431917035e-10,5.347229735163476e-10,5.348002150113576e-10,5.348773678728577e-10,5.34954432296342e-10,5.350314084766501e-10,5.351082966079873e-10,5.351850968839345e-10,5.352618094974283e-10,5.353384346407811e-10,5.35414972505576e-10,5.354914232830674e-10,5.355677871636122e-10,5.356440643412767e-10,5.357202549729538e-10,5.357963592990962e-10,5.358723774837056e-10,5.35948309718959e-10,5.360241561871383e-10,5.360999170745783e-10,5.361755925664695e-10,5.3625118284811e-10,5.363266881037643e-10,5.364021085173538e-10,5.364774442666117e-10,5.36552695539452e-10,5.366278625124848e-10,5.367029453822367e-10,5.36777944315373e-10,5.368528595012391e-10,5.369276911135956e-10,5.37002439332336e-10,5.370771043302272e-10,5.371516862924294e-10,5.372261853956458e-10,5.373006018167396e-10,5.37374935737575e-10,5.374491873006026e-10,5.375233567340532e-10,5.375974441854486e-10,5.376714498295768e-10,5.377453738411628e-10,5.378192164020952e-10,5.378929776701046e-10,5.379666578226738e-10,5.380402570353338e-10,5.381137754702187e-10,5.381872133024399e-10,5.382605707030342e-10,5.383338478384381e-10,5.384070448774415e-10,5.384801619932003e-10,5.385531993498306e-10,5.386261571140936e-10,5.386990354556832e-10,5.387718345363403e-10,5.388445545253926e-10,5.389171955875465e-10,5.389897578888989e-10,5.39062241590059e-10,5.391346468548575e-10,5.392069738391852e-10,5.392792227127665e-10,5.393513936376425e-10,5.394234867776781e-10,5.394955022899223e-10,5.395674403262899e-10,5.39639301064192e-10,5.397110846499725e-10,5.397827912571915e-10,5.398544210460398e-10,5.399259741536857e-10,5.399974507430084e-10,5.400688509782375e-10,5.401401750143802e-10,5.402114230153797e-10,5.402825951290297e-10,5.403536915109652e-10,5.404247123264473e-10,5.404956577070156e-10,5.405665278018901e-10,5.406373228048553e-10,5.407080428454281e-10,5.40778688076453e-10,5.408492586485963e-10,5.409197547137543e-10,5.409901764200984e-10,5.410605239290761e-10,5.411307973782402e-10,5.412009969193619e-10,5.412711227021771e-10,5.413411748808985e-10,5.414111536009964e-10,5.414810590104969e-10,5.415508912568534e-10,5.416206504894235e-10,5.416903368478356e-10,5.417599504826619e-10,5.418294915425672e-10,5.418989601702382e-10,5.419683565135631e-10,5.420376807143885e-10,5.42106932939391e-10,5.421761133033662e-10,5.422452219376485e-10,5.423142590119043e-10,5.42383224648506e-10,5.42452119000035e-10,5.425209422075342e-10,5.425896944129615e-10,5.426583757551098e-10,5.42726986375101e-10,5.427955264118099e-10,5.428639960058887e-10,5.429323953004438e-10,5.430007244299456e-10,5.430689835325664e-10,5.431371727461306e-10,5.432052922080489e-10,5.432733420552337e-10,5.433413224242509e-10,5.434092334513599e-10,5.434770752645686e-10,5.435448480147611e-10,5.436125518214604e-10,5.436801868483575e-10,5.437477532083856e-10,5.438152510352811e-10,5.438826804623461e-10,5.439500416229965e-10,5.440173346323204e-10,5.440845596570901e-10,5.441517168121902e-10,5.442188062108894e-10,5.442858280039773e-10,5.443527823207817e-10,5.444196692916109e-10,5.444864890464916e-10,5.445532417151971e-10,5.44619927426891e-10,5.446865463104455e-10,5.447530984944666e-10,5.448195841071969e-10,5.448860032764776e-10,5.449523561296623e-10,5.450186427938886e-10,5.450848633958817e-10,5.451510180620862e-10,5.452171069431047e-10,5.45283130139541e-10,5.453490877771149e-10,5.454149799580269e-10,5.454808068293415e-10,5.455465685153577e-10,5.456122651400369e-10,5.456778968269132e-10,5.457434636990545e-10,5.458089658794473e-10,5.458744034906141e-10,5.459397766546367e-10,5.460050854934493e-10,5.46070330128453e-10,5.461355107053618e-10,5.462006273200511e-10,5.462656800933144e-10,5.463306691447864e-10,5.4639559459413e-10,5.464604565614457e-10,5.465252551414009e-10,5.465899904769598e-10,5.466546626887064e-10,5.467192718919942e-10,5.467838182034575e-10,5.468483017455659e-10,5.469127226324534e-10,5.469770809842223e-10,5.470413769141172e-10,5.47105610559011e-10,5.471697820139227e-10,5.472338913942243e-10,5.472979388147385e-10,5.473619243911652e-10,5.474258482377444e-10,5.474897104686253e-10,5.475535111979351e-10,5.476172505390275e-10,5.476809286055515e-10,5.477445455102852e-10,5.478081013663482e-10,5.478715962854123e-10,5.479350303806352e-10,5.479984037631988e-10,5.480617165440057e-10,5.481249688350252e-10,5.481881607471289e-10,5.482512923906233e-10,5.483143638757501e-10,5.483773753128305e-10,5.484403268113933e-10,5.485032184803278e-10,5.485660504294001e-10,5.486288227673198e-10,5.486915356020912e-10,5.487541890424425e-10,5.488167831962152e-10,5.488793181565628e-10,5.489417940475272e-10,5.49004210980817e-10,5.490665690461674e-10,5.491288684068983e-10,5.491911090740375e-10,5.492532912025793e-10,5.49315414870098e-10,5.493774802212635e-10,5.494394873823013e-10,5.495014364001852e-10,5.495633274054491e-10,5.496251604988071e-10,5.496869357891908e-10,5.497486533781756e-10,5.498103133678702e-10,5.498719158620183e-10,5.499334609630932e-10,5.499949487797587e-10,5.5005637940849e-10,5.50117752942129e-10,5.50179069500481e-10,5.502403291482216e-10,5.50301532025811e-10,5.503626782224441e-10,5.504237678382337e-10,5.504848009747112e-10,5.505457777306168e-10,5.506066982061139e-10,5.506675625013242e-10,5.507283707155003e-10,5.5078912294876e-10,5.508498192986836e-10,5.509104598596228e-10,5.509710447380919e-10,5.510315740250293e-10,5.510920478197463e-10,5.511524662319162e-10,5.512128293490832e-10,5.512731372683494e-10,5.513333900788852e-10,5.513935878797337e-10,5.514537307763238e-10,5.515138188644244e-10,5.515738522335157e-10,5.516338309848606e-10,5.516937552224231e-10,5.517536250287749e-10,5.518134404998651e-10,5.518732017256254e-10,5.519329088025472e-10,5.519925618361079e-10,5.52052160906628e-10,5.521117061128774e-10,5.521711975619887e-10,5.522306353150603e-10,5.522900194817886e-10,5.523493501547797e-10,5.524086274264076e-10,5.524678513949366e-10,5.525270221494611e-10,5.525861397764442e-10,5.526452043601185e-10,5.527042160009053e-10,5.527631747898855e-10,5.528220808224493e-10,5.52880934176025e-10,5.529397349513822e-10,5.529984832388086e-10,5.530571791277403e-10,5.531158227073438e-10,5.531744140632653e-10,5.532329532879436e-10,5.532914404690196e-10,5.533498756953413e-10,5.534082590559164e-10,5.534665906388899e-10,5.535248705314968e-10,5.535830988210402e-10,5.536412755929165e-10,5.536994009398757e-10,5.53757474949173e-10,5.53815497703455e-10,5.538734692992551e-10,5.539313898064159e-10,5.539892593394266e-10,5.540470779498476e-10,5.54104845734865e-10,5.541625627818643e-10,5.542202291782261e-10,5.542778450094747e-10,5.543354103597287e-10,5.543929253099018e-10,5.544503899600112e-10,5.545078043768243e-10,5.545651686513066e-10,5.546224828704391e-10,5.546797471127244e-10,5.547369614622956e-10,5.547941259999808e-10,5.548512408124247e-10,5.549083059824802e-10,5.549653215929247e-10,5.550222877282072e-10,5.550792044674303e-10,5.551360718938421e-10,5.551928900897294e-10,5.552496591365862e-10,5.553063791153386e-10,5.553630501077179e-10,5.55419672191912e-10,5.554762454507776e-10,5.555327699654337e-10,5.555892458056565e-10,5.55645673078831e-10,5.557020518466777e-10,5.557583821919994e-10,5.558146641998777e-10,5.558708979348746e-10,5.559270834857773e-10,5.559832209328122e-10,5.560393103530678e-10,5.56095351823785e-10,5.561513454287636e-10,5.56207291240849e-10,5.562631893379738e-10,5.563190397930234e-10,5.563748426938778e-10,5.564305981260189e-10,5.564863061559839e-10,5.565419668609532e-10,5.565975803179723e-10,5.56653146603976e-10,5.567086657953802e-10,5.567641379688518e-10,5.568195632006217e-10,5.568749415658023e-10,5.569302731421263e-10,5.569855579981067e-10,5.570407961970431e-10,5.570959878537702e-10,5.571511330250813e-10,5.572062317618552e-10,5.57261284182721e-10,5.57316290317773e-10,5.573712502849436e-10,5.574261641167242e-10,5.574810319281385e-10,5.575358537576661e-10,5.575906297101067e-10,5.576453598467301e-10,5.577000442382633e-10,5.57754682956739e-10,5.578092760757388e-10,5.578638236571148e-10,5.579183257957969e-10,5.579727825423001e-10,5.580271939884203e-10,5.58081560197956e-10,5.581358812429357e-10,5.581901572070078e-10,5.582443881501209e-10,5.582985741430486e-10,5.583527152585138e-10,5.584068115552421e-10,5.584608631161229e-10,5.585148700119861e-10,5.585688323350895e-10,5.586227501128359e-10,5.58676623437123e-10,5.587304523802956e-10,5.587842370104835e-10,5.588379773969948e-10,5.588916736089652e-10,5.589453257166543e-10,5.589989337865145e-10,5.590524978918786e-10,5.59106018107737e-10,5.591594945140645e-10,5.592129271458501e-10,5.592663160808432e-10,5.593196613923435e-10,5.593729631505425e-10,5.594262214229438e-10,5.594794362741278e-10,5.595326077785549e-10,5.595857360007684e-10,5.596388210101754e-10,5.596918628702746e-10,5.597448616548501e-10,5.59797817421004e-10,5.598507302485106e-10,5.599036001908368e-10,5.599564273192114e-10,5.600092117184843e-10,5.600619534071657e-10,5.601146524912199e-10,5.601673090275116e-10,5.6021992308318e-10,5.602724947530767e-10,5.603250240185783e-10,5.603775110147527e-10,5.604299557961321e-10,5.604823584169378e-10,5.605347189458385e-10,5.605870374504047e-10,5.606393139814954e-10,5.606915486231983e-10,5.607437414357796e-10,5.607958924762837e-10,5.608480018043114e-10,5.609000694911482e-10,5.609520956333409e-10,5.610040802443866e-10,5.610560233962086e-10,5.611079251643105e-10,5.611597856090168e-10,5.612116047925806e-10,5.612633827897964e-10,5.613151196457167e-10,5.613668154199259e-10,5.61418470185529e-10,5.614700840032491e-10,5.615216569332323e-10,5.615731890386222e-10,5.616246803836816e-10,5.616761310295286e-10,5.617275410423758e-10,5.617789104795965e-10,5.618302393918852e-10,5.618815278491541e-10,5.619327759074789e-10,5.619839836371919e-10,5.620351510931273e-10,5.620862783222409e-10,5.621373654161743e-10,5.621884124200684e-10,5.622394193920338e-10,5.622903863910224e-10,5.623413134812537e-10,5.623922007260736e-10,5.624430481698934e-10,5.624938558844499e-10,5.625446239543427e-10,5.625953523854372e-10,5.62646041262908e-10,5.626966906354845e-10,5.627473005795597e-10,5.627978711546703e-10,5.628484023866787e-10,5.628988943743122e-10,5.6294934716837e-10,5.629997608162497e-10,5.630501353753183e-10,5.631004709087772e-10,5.631507674670781e-10,5.632010251206104e-10,5.632512439200627e-10,5.63301423921018e-10,5.633515652044883e-10,5.63401667785068e-10,5.634517317426477e-10,5.635017571329405e-10,5.635517439824301e-10,5.636016924067691e-10,5.636516024221646e-10,5.637014740959601e-10,5.63751307485154e-10,5.638011026587104e-10,5.638508596590217e-10,5.6390057854287e-10,5.639502593640084e-10,5.639999021915048e-10,5.640495070602982e-10,5.640990740283131e-10,5.641486031603821e-10,5.641980945094217e-10,5.642475481350611e-10,5.6429696409253e-10,5.643463424682175e-10,5.64395683240781e-10,5.644449865103525e-10,5.644942523195667e-10,5.645434807286433e-10,5.645926717927324e-10,5.646418255646659e-10,5.646909421002496e-10,5.647400214481509e-10,5.647890636707e-10,5.648380688209596e-10,5.648870369438942e-10,5.649359681079237e-10,5.649848623312082e-10,5.650337197135318e-10,5.650825402935742e-10,5.651313241109375e-10,5.651800712231568e-10,5.652287816965844e-10,5.652774555623802e-10,5.653260928834172e-10,5.653746937192191e-10,5.654232581200804e-10,5.654717861267359e-10,5.655202778044111e-10,5.655687331939661e-10,5.65617152351523e-10,5.656655353306324e-10,5.657138821821866e-10,5.657621929577049e-10,5.658104677085438e-10,5.658587064873873e-10,5.659069093419316e-10,5.659550763026306e-10,5.660032074684825e-10,5.66051302865235e-10,5.660993625439965e-10,5.661473865575935e-10,5.661953749533318e-10,5.662433277816934e-10,5.66291245107452e-10,5.663391269578661e-10,5.663869733913434e-10,5.664347844634128e-10,5.664825602145043e-10,5.665303006894981e-10,5.665780059578661e-10,5.666256760671079e-10,5.666733110602584e-10,5.667209109881736e-10,5.667684758989707e-10,5.668160058340096e-10,5.668635008404056e-10,5.66910960994149e-10,5.669583863296609e-10,5.67005776892558e-10,5.670531327303177e-10,5.671004538932329e-10,5.671477404313377e-10,5.671949923882138e-10,5.672422098187762e-10,5.672893927673657e-10,5.673365412850624e-10,5.673836554147617e-10,5.67430735208714e-10,5.674777807138451e-10,5.675247919804555e-10,5.675717690543653e-10,5.676187119848054e-10,5.676656208139676e-10,5.677124955902117e-10,5.677593363655969e-10,5.678061431830214e-10,5.678529160888576e-10,5.678996551345483e-10,5.679463603768406e-10,5.679930318403419e-10,5.680396695830576e-10,5.680862736488302e-10,5.681328440825545e-10,5.681793809347488e-10,5.682258842496719e-10,5.682723540740414e-10,5.683187904540995e-10,5.683651934358228e-10,5.68411563065705e-10,5.68457899397623e-10,5.685042024696385e-10,5.685504723317487e-10,5.685967090158025e-10,5.686429125677822e-10,5.686890830419608e-10,5.687352204902967e-10,5.687813249414192e-10,5.688273964495947e-10,5.688734350813425e-10,5.689194408569296e-10,5.689654138111351e-10,5.69011354001309e-10,5.690572614673077e-10,5.69103136260498e-10,5.691489784271649e-10,5.691947880000519e-10,5.692405650338406e-10,5.692863095694152e-10,5.693320216555307e-10,5.693777013326061e-10,5.694233486445012e-10,5.69468963635148e-10,5.695145463480551e-10,5.695600968270518e-10,5.696056151156771e-10,5.696511012594719e-10,5.696965552997318e-10,5.697419772797648e-10,5.697873672427788e-10,5.698327252319142e-10,5.698780512902239e-10,5.699233454581124e-10,5.699686077835468e-10,5.700138383067724e-10,5.700590370682576e-10,5.701042041125932e-10,5.701493394825352e-10,5.701944432207045e-10,5.702395153694386e-10,5.702845559717614e-10,5.703295650679943e-10,5.703745427016424e-10,5.704194889159318e-10,5.704644037496753e-10,5.705092872479089e-10,5.705541394499287e-10,5.705989603982423e-10,5.706437501336753e-10,5.706885087005205e-10,5.707332361439776e-10,5.70777932494495e-10,5.708225978031205e-10,5.708672321052553e-10,5.709118354408034e-10,5.709564078585979e-10,5.710009493875406e-10,5.71045460075263e-10,5.710899399644937e-10,5.711343890920091e-10,5.711788075019724e-10,5.712231952377829e-10,5.712675523301764e-10,5.713118788301847e-10,5.713561747680181e-10,5.714004402010554e-10,5.714446751510151e-10,5.714888796674059e-10,5.715330537846043e-10,5.715771975443481e-10,5.716213109792778e-10,5.71665394147577e-10,5.717094470741295e-10,5.717534698039276e-10,5.717974623796357e-10,5.718414248250115e-10,5.718853572016055e-10,5.719292595277423e-10,5.71973131852722e-10,5.720169742239075e-10,5.720607866687796e-10,5.721045692259856e-10,5.72148321947662e-10,5.721920448622626e-10,5.722357380023265e-10,5.722794014178174e-10,5.723230351460914e-10,5.723666392169479e-10,5.724102136781775e-10,5.724537585623937e-10,5.724972739170386e-10,5.725407597689945e-10,5.725842161606179e-10,5.726276431329975e-10,5.726710407232972e-10,5.727144089713722e-10,5.727577479080316e-10,5.728010575801927e-10,5.728443380287576e-10,5.728875892703843e-10,5.72930811356447e-10,5.729740043224812e-10,5.730171682127992e-10,5.730603030587846e-10,5.731034088930942e-10,5.731464857574629e-10,5.731895336970749e-10,5.732325527391636e-10,5.732755429192947e-10,5.733185042771427e-10,5.73361436851378e-10,5.734043406861504e-10,5.734472158015694e-10,5.734900622433923e-10,5.735328800479928e-10,5.735756692514172e-10,5.736184298964711e-10,5.736611620078123e-10,5.737038656356001e-10,5.737465408082123e-10,5.737891875624691e-10,5.738318059247845e-10,5.738743959403271e-10,5.739169576449647e-10,5.739594910748803e-10,5.740019962656553e-10,5.740444732533451e-10,5.740869220735472e-10,5.741293427875625e-10,5.741717354081045e-10,5.742140999435317e-10,5.742564364536553e-10,5.74298744969284e-10,5.743410255409844e-10,5.743832781883132e-10,5.74425502970417e-10,5.744676998770805e-10,5.745098689697711e-10,5.745520102949375e-10,5.745941238765545e-10,5.746362097401744e-10,5.746782679368416e-10,5.747202984920518e-10,5.747623014430875e-10,5.748042768231542e-10,5.748462246695825e-10,5.748881450022384e-10,5.749300378779791e-10,5.74971903321408e-10,5.750137413606758e-10,5.750555520190868e-10,5.750973353609855e-10,5.751390914164856e-10,5.751808201814259e-10,5.752225217441948e-10,5.75264196122412e-10,5.753058433335561e-10,5.753474634171178e-10,5.753890564155885e-10,5.754306223482332e-10,5.754721612631933e-10,5.755136731868997e-10,5.755551581450849e-10,5.75596616188909e-10,5.75638047332688e-10,5.756794516262179e-10,5.757208290956182e-10,5.757621797632195e-10,5.758035036731443e-10,5.75844800861214e-10,5.758860713538238e-10,5.759273151735532e-10,5.759685323849647e-10,5.760097229961132e-10,5.76050887044394e-10,5.760920245734915e-10,5.761331356024643e-10,5.761742201665834e-10,5.76215278303779e-10,5.762563100384907e-10,5.762973154073542e-10,5.763382944428814e-10,5.763792471772776e-10,5.764201736426517e-10,5.764610738712561e-10,5.765019478960663e-10,5.765427957481733e-10,5.765836174593856e-10,5.7662441305274e-10,5.76665182578408e-10,5.767059260589395e-10,5.767466435264338e-10,5.76787335012345e-10,5.768280005384973e-10,5.768686401336899e-10,5.769092538643666e-10,5.7694984173967e-10,5.769904037909992e-10,5.77030940049683e-10,5.770714505470712e-10,5.771119353143295e-10,5.77152394382688e-10,5.771928277832535e-10,5.772332355471172e-10,5.772736177052877e-10,5.773139742888493e-10,5.773543053286219e-10,5.773946108552622e-10,5.77434890900174e-10,5.774751454932853e-10,5.775153746659687e-10,5.775555784483854e-10,5.775957568713057e-10,5.776359099638299e-10,5.776760377662753e-10,5.777161402896225e-10,5.777562175752293e-10,5.777962696658873e-10,5.778362965605227e-10,5.778762983153251e-10,5.779162749548969e-10,5.779562265060917e-10,5.779961530021531e-10,5.780360544939415e-10,5.780759309899689e-10,5.78115782493728e-10,5.781556090851355e-10,5.78195410762074e-10,5.782351875778895e-10,5.782749395109227e-10,5.783146666503498e-10,5.783543689761786e-10,5.78394046564485e-10,5.784336993998633e-10,5.784733275586804e-10,5.785129310209367e-10,5.785525098584494e-10,5.785920640665555e-10,5.786315936952135e-10,5.786710987700077e-10,5.787105793193551e-10,5.787500353698729e-10,5.787894669536636e-10,5.788288741008759e-10,5.788682568362734e-10,5.789076151941967e-10,5.789469492030531e-10,5.789862588861748e-10,5.790255442688402e-10,5.790648053925438e-10,5.791040422788976e-10,5.791432549907648e-10,5.791824434861011e-10,5.792216078337599e-10,5.792607480446884e-10,5.792998641728719e-10,5.793389562383547e-10,5.793780242868418e-10,5.794170682903522e-10,5.794560883277579e-10,5.794950844050205e-10,5.795340565522179e-10,5.795730048027456e-10,5.796119291860422e-10,5.796508297274204e-10,5.796897064521359e-10,5.797285594197915e-10,5.797673886317883e-10,5.798061941202221e-10,5.798449759006238e-10,5.798837339691888e-10,5.799224683984342e-10,5.799611791904515e-10,5.799998664008394e-10,5.800385300692357e-10,5.800771701841228e-10,5.80115786778439e-10,5.801543798904572e-10,5.801929495461598e-10,5.80231495768385e-10,5.802700185899141e-10,5.803085180391186e-10,5.803469941403068e-10,5.803854469509892e-10,5.804238764370657e-10,5.80462282651197e-10,5.80500665629816e-10,5.805390253922927e-10,5.805773619706892e-10,5.806156753890953e-10,5.806539656741761e-10,5.806922328516523e-10,5.807304769499272e-10,5.807686979946188e-10,5.808068960122449e-10,5.808450710293161e-10,5.808832230720774e-10,5.809213521669803e-10,5.809594583454154e-10,5.809975416233883e-10,5.810356020324017e-10,5.810736395991583e-10,5.811116543485451e-10,5.81149646307288e-10,5.811876155014276e-10,5.812255619569665e-10,5.812634856998632e-10,5.813013867560328e-10,5.813392651513461e-10,5.813771209116308e-10,5.814149540626699e-10,5.814527646302033e-10,5.814905526399278e-10,5.815283181174964e-10,5.815660610885192e-10,5.816037815785628e-10,5.816414796131507e-10,5.816791552177634e-10,5.817168084178181e-10,5.817544392387513e-10,5.817920477058948e-10,5.81829633844525e-10,5.818671976799745e-10,5.819047392374352e-10,5.819422585420898e-10,5.819797556190781e-10,5.820172304934985e-10,5.820546831904071e-10,5.820921137348175e-10,5.821295221517025e-10,5.82166908465992e-10,5.822042727025752e-10,5.822416148862989e-10,5.822789350419692e-10,5.823162331943502e-10,5.823535093681654e-10,5.82390763588096e-10,5.824279958787832e-10,5.824652062648266e-10,5.825023947707849e-10,5.825395614211758e-10,5.825767062404769e-10,5.826138292531245e-10,5.826509304835145e-10,5.826880099560026e-10,5.827250676949036e-10,5.827621037249801e-10,5.827991180705849e-10,5.828361107657359e-10,5.828730818152712e-10,5.829100312701025e-10,5.829469591154293e-10,5.829838653959956e-10,5.830207501579996e-10,5.830576133819606e-10,5.830944551351249e-10,5.831312754193288e-10,5.831680742584855e-10,5.832048516767472e-10,5.832416076980737e-10,5.832783423453788e-10,5.833150556431026e-10,5.833517476141571e-10,5.833884182834029e-10,5.834250676733069e-10,5.834616958074888e-10,5.834983027098244e-10,5.835348884036073e-10,5.835714529122763e-10,5.836079962593832e-10,5.836445184677249e-10,5.836810195606789e-10,5.837174995622512e-10,5.837539584952069e-10,5.837903963821578e-10,5.838268132466289e-10,5.838632091121187e-10,5.838995840018846e-10,5.839359379391857e-10,5.839722709454928e-10,5.840085830441477e-10,5.840448742588954e-10,5.840811446117581e-10,5.841173941258548e-10,5.841536228239325e-10,5.841898307299936e-10,5.842260178659175e-10,5.842621842542246e-10,5.842983299176023e-10,5.843344548785388e-10,5.843705591595986e-10,5.844066427505631e-10,5.844427057404447e-10,5.844787481181886e-10,5.845147698829171e-10,5.84550771102878e-10,5.84586751778544e-10,5.846227119310587e-10,5.846586515839385e-10,5.846945707584833e-10,5.847304694600897e-10,5.847663477101497e-10,5.848022055835685e-10,5.848380430392552e-10,5.848738601406546e-10,5.849096568741042e-10,5.84945433286932e-10,5.849811894013886e-10,5.850169252333214e-10,5.850526408046382e-10,5.850883361551869e-10,5.851240112770757e-10,5.851596662212869e-10,5.851953009808821e-10,5.852309155920101e-10,5.85266510075535e-10,5.853020844734239e-10,5.853376387749012e-10,5.853731730075591e-10,5.854086872066761e-10,5.854441813869574e-10,5.854796555697167e-10,5.855151097861207e-10,5.855505440383885e-10,5.855859583575753e-10,5.856213527741781e-10,5.856567272969176e-10,5.85692081944709e-10,5.8572741674824e-10,5.857627317160702e-10,5.857980268833843e-10,5.858333022590272e-10,5.858685578950243e-10,5.859037937816393e-10,5.859390099481488e-10,5.859742064256047e-10,5.860093832193032e-10,5.860445403460186e-10,5.860796778215231e-10,5.861147956819888e-10,5.861498939517136e-10,5.861849726414955e-10,5.862200317971672e-10,5.862550714177794e-10,5.862900915218925e-10,5.863250921285268e-10,5.863600732605754e-10,5.863950349508857e-10,5.864299771978023e-10,5.864649000435638e-10,5.86499803500623e-10,5.865346875807971e-10,5.86569552321958e-10,5.866043977351614e-10,5.866392238413074e-10,5.866740306611044e-10,5.867088182046306e-10,5.867435865116364e-10,5.867783355930445e-10,5.868130654688229e-10,5.868477761626551e-10,5.868824676878967e-10,5.869171400679007e-10,5.86951793323371e-10,5.869864274736608e-10,5.870210425392506e-10,5.870556385400325e-10,5.870902154979182e-10,5.871247734288557e-10,5.871593123552812e-10,5.871938322932713e-10,5.872283332669525e-10,5.872628152976172e-10,5.872972784029953e-10,5.873317226246583e-10,5.873661479444925e-10,5.874005543917569e-10,5.87434941992379e-10,5.874693107647219e-10,5.875036607323106e-10,5.875379919099275e-10,5.875723043230379e-10,5.876065979770222e-10,5.876408729295745e-10,5.87675129154732e-10,5.877093666900763e-10,5.877435855553836e-10,5.877777857881188e-10,5.878119673666333e-10,5.878461303332884e-10,5.87880274706576e-10,5.879144005043563e-10,5.879485077441292e-10,5.879825964480149e-10,5.880166666351854e-10,5.880507183247772e-10,5.880847515359014e-10,5.881187662876417e-10,5.881527625990521e-10,5.881867404891506e-10,5.882206999769291e-10,5.882546410813652e-10,5.882885638213799e-10,5.883224682158846e-10,5.883563542832994e-10,5.883902220464403e-10,5.884240715211728e-10,5.884579027290554e-10,5.884917156832092e-10,5.885255103841558e-10,5.885592868929216e-10,5.885930452034995e-10,5.886267853382293e-10,5.886605073144174e-10,5.886942111504286e-10,5.887278968671001e-10,5.88761564481332e-10,5.887952140082288e-10,5.888288454351984e-10,5.888624588519386e-10,5.888960542212343e-10,5.889296315994089e-10,5.889631909858483e-10,5.889967323989052e-10,5.890302558569202e-10,5.890637613781631e-10,5.890972489808819e-10,5.891307186782135e-10,5.891641704934841e-10,5.891976044448664e-10,5.892310205504677e-10,5.892644188335057e-10,5.892977993019438e-10,5.893311619612448e-10,5.893645068469574e-10,5.893978339950341e-10,5.89431143383451e-10,5.894644350540809e-10,5.89497709047623e-10,5.895309653506669e-10,5.895642040049604e-10,5.895974250052096e-10,5.8963062836855e-10,5.896638140563294e-10,5.896969822108232e-10,5.897301327715628e-10,5.897632657911151e-10,5.897963812212488e-10,5.898294791578538e-10,5.898625595883712e-10,5.898956225300742e-10,5.899286680250847e-10,5.899616960670798e-10,5.899947066753345e-10,5.900276998632785e-10,5.90060675652379e-10,5.90093634058091e-10,5.901265750978196e-10,5.901594987864974e-10,5.901924051440371e-10,5.902252941881011e-10,5.902581659359475e-10,5.902910204042486e-10,5.903238576109987e-10,5.903566775735196e-10,5.903894803079797e-10,5.904222658372672e-10,5.904550341680222e-10,5.904877853225008e-10,5.905205193188235e-10,5.905532361726205e-10,5.905859359033482e-10,5.906186185249898e-10,5.906512840565455e-10,5.906839325297467e-10,5.90716563953106e-10,5.907491783098187e-10,5.907817756463045e-10,5.90814355975108e-10,5.908469193377559e-10,5.908794657108185e-10,5.90911995126466e-10,5.909445076028685e-10,5.909770031582357e-10,5.910094818078327e-10,5.910419435691209e-10,5.910743884587962e-10,5.911068164938952e-10,5.911392276933024e-10,5.911716220680722e-10,5.912039996380777e-10,5.912363604221589e-10,5.912687044312464e-10,5.913010316987721e-10,5.913333422137322e-10,5.913656360072637e-10,5.913979130898265e-10,5.91430173486477e-10,5.914624172103138e-10,5.914946442761986e-10,5.915268546995994e-10,5.915590484980737e-10,5.915912257082328e-10,5.916233863052632e-10,5.916555303340202e-10,5.916876577778998e-10,5.917197686988872e-10,5.917518631067543e-10,5.917839409999224e-10,5.918160023967306e-10,5.918480473154754e-10,5.918800757719799e-10,5.919120877823667e-10,5.919440833626592e-10,5.919760625315137e-10,5.920080253026042e-10,5.920399716916224e-10,5.920719017122348e-10,5.921038153770526e-10,5.921357127160724e-10,5.921675937343968e-10,5.921994584175098e-10,5.922313068379439e-10,5.922631389949558e-10,5.922949548894228e-10,5.923267545490159e-10,5.923585379920534e-10,5.923903052261738e-10,5.924220562549707e-10,5.924537911188147e-10,5.924855098097805e-10,5.925172123625401e-10,5.925488987940472e-10,5.925805691136637e-10,5.926122233317259e-10,5.926438614546115e-10,5.926754835248575e-10,5.927070895276536e-10,5.927386794907932e-10,5.927702534365506e-10,5.928018114078717e-10,5.928333533740662e-10,5.928648793653207e-10,5.928963893972176e-10,5.929278834554654e-10,5.929593616187612e-10,5.929908238593222e-10,5.930222702054032e-10,5.930537006742089e-10,5.930851152946864e-10,5.931165140529358e-10,5.93147896964644e-10,5.93179264054552e-10,5.932106153402107e-10,5.932419508332711e-10,5.932732705531525e-10,5.933045745145046e-10,5.933358626956322e-10,5.933671351726626e-10,5.93398391935557e-10,5.934296330004939e-10,5.93460858371827e-10,5.934920680761707e-10,5.935232621280088e-10,5.935544405360398e-10,5.935856033122289e-10,5.936167504810817e-10,5.936478820534382e-10,5.936789980441356e-10,5.93710098444704e-10,5.937411833155139e-10,5.937722526498373e-10,5.938033064617582e-10,5.938343447656163e-10,5.938653675765531e-10,5.938963749093328e-10,5.939273667812199e-10,5.939583431979743e-10,5.939893041819213e-10,5.940202497536455e-10,5.940511799105127e-10,5.940820946808058e-10,5.941129940764426e-10,5.941438781085521e-10,5.941747467873766e-10,5.942056001412873e-10,5.942364381733995e-10,5.942672609070468e-10,5.942980683480883e-10,5.943288605167475e-10,5.943596374000113e-10,5.943903990596416e-10,5.944211454876244e-10,5.944518766974609e-10,5.944825927151254e-10,5.945132935337734e-10,5.945439791761172e-10,5.945746496597027e-10,5.946053049972206e-10,5.946359452009829e-10,5.946665702888725e-10,5.946971802732312e-10,5.947277751784861e-10,5.947583550080806e-10,5.947889197563301e-10,5.948194694677308e-10,5.94850004150193e-10,5.948805238201033e-10,5.949110284741334e-10,5.949415181439137e-10,5.949719928304462e-10,5.950024525647286e-10,5.950328973300023e-10,5.95063327169583e-10,5.950937420879769e-10,5.951241421000539e-10,5.951545272177086e-10,5.951848974559189e-10,5.952152528283835e-10,5.952455933429615e-10,5.952759190098963e-10,5.953062298682237e-10,5.953365259037518e-10,5.953668071555194e-10,5.95397073604071e-10,5.954273253059599e-10,5.95457562248674e-10,5.954877844494002e-10,5.955179919251207e-10,5.955481846826824e-10,5.955783627391608e-10,5.95608526108149e-10,5.956386748031331e-10,5.956688087946401e-10,5.956989281822203e-10,5.957290329364841e-10,5.957591230708133e-10,5.957891985590755e-10,5.958192594942029e-10,5.958493058529606e-10,5.958793376425059e-10,5.95909354853221e-10,5.959393575534015e-10,5.959693457250983e-10,5.959993193842749e-10,5.960292785472071e-10,5.960592232249098e-10,5.960891533970429e-10,5.961190691413556e-10,5.961489704411046e-10,5.961788573088811e-10,5.96208729754678e-10,5.962385877919174e-10,5.962684314392508e-10,5.962982607084861e-10,5.963280755854843e-10,5.963578761297443e-10,5.963876623378018e-10,5.964174342087448e-10,5.964471917497283e-10,5.964769350028587e-10,5.965066639655275e-10,5.965363786508373e-10,5.965660790844511e-10,5.965957652704412e-10,5.966254371882412e-10,5.966550948931723e-10,5.966847383979431e-10,5.967143676929774e-10,5.967439828134336e-10,5.967735837748422e-10,5.968031705771211e-10,5.968327432047433e-10,5.968623017291907e-10,5.968918461380428e-10,5.969213764391561e-10,5.969508926313539e-10,5.969803947445255e-10,5.970098827977268e-10,5.970393567811971e-10,5.970688167179093e-10,5.970982626401804e-10,5.971276945408097e-10,5.971571124342165e-10,5.971865163371323e-10,5.972159062569881e-10,5.972452822243083e-10,5.972746442230496e-10,5.973039922761425e-10,5.973333263852982e-10,5.973626465907441e-10,5.973919528698916e-10,5.974212452881494e-10,5.974505238131964e-10,5.974797884750286e-10,5.975090392825473e-10,5.975382762456444e-10,5.975674993758338e-10,5.975967086933446e-10,5.976259042112987e-10,5.976550859281099e-10,5.976842538694518e-10,5.977134080448712e-10,5.977425484299757e-10,5.97771675099484e-10,5.978007880363429e-10,5.978298872564518e-10,5.97858972772629e-10,5.978880445900244e-10,5.979171027155712e-10,5.979461471809798e-10,5.979751779881717e-10,5.980041951470114e-10,5.980331986639639e-10,5.980621885681183e-10,5.980911648624219e-10,5.981201275615204e-10,5.981490766883699e-10,5.981780122300585e-10,5.982069342119026e-10,5.982358426434359e-10,5.982647375361109e-10,5.982936189052904e-10,5.983224867669556e-10,5.983513411256944e-10,5.983801819947188e-10,5.984090093867624e-10,5.984378233087239e-10,5.984666237835913e-10,5.984954108164294e-10,5.985241844226029e-10,5.985529446270099e-10,5.985816914086836e-10,5.986104247970309e-10,5.986391448033364e-10,5.986678514402758e-10,5.98696544720911e-10,5.987252246536264e-10,5.987538912454271e-10,5.987825445205804e-10,5.988111844857843e-10,5.988398111374248e-10,5.988684245152825e-10,5.988970246138265e-10,5.989256114386001e-10,5.98954185024895e-10,5.989827453719041e-10,5.990112924883974e-10,5.990398263858301e-10,5.990683470708269e-10,5.990968545683701e-10,5.991253488899087e-10,5.99153830034401e-10,5.991822980172532e-10,5.992107528529525e-10,5.992391945510504e-10,5.99267623126837e-10,5.992960385883126e-10,5.99324440947382e-10,5.993528302142335e-10,5.993812064030293e-10,5.994095695221914e-10,5.994379195856317e-10,5.994662566051509e-10,5.994945805877446e-10,5.995228915515443e-10,5.995511895032027e-10,5.995794744483438e-10,5.996077464130192e-10,5.996360053991489e-10,5.996642514183864e-10,5.996924844825048e-10,5.997207046054672e-10,5.99748911799777e-10,5.997771060703466e-10,5.998052874332664e-10,5.998334558964632e-10,5.998616114730509e-10,5.998897541719974e-10,5.999178840084293e-10,5.999460009926426e-10,5.999741051339284e-10,6.000021964410782e-10,6.0003027493138e-10,6.000583406090566e-10,6.000863934921475e-10,6.001144335866878e-10,6.001424609052651e-10,6.001704754559112e-10,6.001984772566644e-10,6.002264663152913e-10,6.00254442645291e-10,6.002824062503583e-10,6.003103571453909e-10,6.003382953399299e-10,6.003662208458144e-10,6.003941336775323e-10,6.004220338430001e-10,6.004499213512126e-10,6.004777962238048e-10,6.005056584567853e-10,6.005335080752987e-10,6.005613450694112e-10,6.005891694664828e-10,6.006169812859672e-10,6.006447805134149e-10,6.006725671730912e-10,6.007003412722873e-10,6.007281028298287e-10,6.007558518507728e-10,6.007835883460537e-10,6.008113123192642e-10,6.008390238227791e-10,6.008667228023997e-10,6.008944092990247e-10,6.009220833252769e-10,6.009497448880874e-10,6.009773940016876e-10,6.010050306731197e-10,6.010326549184144e-10,6.010602667418992e-10,6.010878661565131e-10,6.011154531828463e-10,6.011430278133488e-10,6.011705900671157e-10,6.011981399533668e-10,6.012256774870668e-10,6.0125320267626e-10,6.012807155275425e-10,6.013082160546213e-10,6.013357042754791e-10,6.013631802043013e-10,6.01390643826326e-10,6.014180951614996e-10,6.01445534220393e-10,6.014729610284722e-10,6.015003755781912e-10,6.015277778878301e-10,6.015551679889627e-10,6.01582545847042e-10,6.016099114970813e-10,6.016372649526603e-10,6.016646062119445e-10,6.016919353043329e-10,6.01719252216446e-10,6.017465569704636e-10,6.017738495838724e-10,6.018011300535746e-10,6.018283983975879e-10,6.018556546227203e-10,6.018828987379488e-10,6.019101307556237e-10,6.019373506920433e-10,6.019645585460514e-10,6.01991754331197e-10,6.020189380622181e-10,6.020461097469533e-10,6.020732693980717e-10,6.021004170210803e-10,6.021275526275249e-10,6.021546762315573e-10,6.021817878361425e-10,6.02208887454974e-10,6.022359750989714e-10,6.022630507796921e-10,6.022901145102876e-10,6.023171662912177e-10,6.02344206135058e-10,6.023712340591083e-10,6.023982500584163e-10,6.024252541554877e-10,6.024522463559809e-10,6.024792266741115e-10,6.02506195112938e-10,6.025331516822594e-10,6.025600963941309e-10,6.025870292604556e-10,6.026139502916826e-10,6.026408595022054e-10,6.026677568890368e-10,6.026946424754592e-10,6.027215162662183e-10,6.027483782618766e-10,6.02775228477953e-10,6.02802066930396e-10,6.028288936189443e-10,6.028557085640758e-10,6.028825117654213e-10,6.029093032408805e-10,6.029360830022274e-10,6.029628510586079e-10,6.029896074082302e-10,6.03016352067968e-10,6.030430850493103e-10,6.030698063601306e-10,6.030965160054645e-10,6.031232140017293e-10,6.031499003565657e-10,6.03176575079282e-10,6.032032381819137e-10,6.032298896669736e-10,6.032565295505922e-10,6.032831578389554e-10,6.033097745445069e-10,6.033363796780586e-10,6.033629732414608e-10,6.033895552526295e-10,6.034161257143437e-10,6.034426846417957e-10,6.034692320397617e-10,6.034957679206699e-10,6.035222923011017e-10,6.035488051743885e-10,6.035753065586366e-10,6.03601796462725e-10,6.036282748978822e-10,6.036547418715776e-10,6.036811974008567e-10,6.037076414817445e-10,6.037340741298373e-10,6.037604953579584e-10,6.037869051699127e-10,6.038133035730289e-10,6.038396905824721e-10,6.038660662076946e-10,6.038924304527557e-10,6.039187833331111e-10,6.039451248525768e-10,6.039714550222812e-10,6.039977738515969e-10,6.040240813503539e-10,6.04050377528217e-10,6.040766623944675e-10,6.041029359560467e-10,6.041291982255375e-10,6.041554492137433e-10,6.041816889238641e-10,6.042079173664366e-10,6.042341345521692e-10,6.042603404923366e-10,6.042865351914053e-10,6.043127186607826e-10,6.043388909100007e-10,6.043650519442161e-10,6.04391201782816e-10,6.044173404247474e-10,6.044434678835675e-10,6.044695841664431e-10,6.044956892839121e-10,6.045217832443033e-10,6.045478660650693e-10,6.045739377380006e-10,6.045999982845261e-10,6.046260477115415e-10,6.046520860215532e-10,6.046781132296855e-10,6.04704129339325e-10,6.047301343690003e-10,6.047561283216138e-10,6.047821112062042e-10,6.048080830293088e-10,6.048340438087283e-10,6.048599935455604e-10,6.048859322534749e-10,6.04911859935471e-10,6.049377766060166e-10,6.049636822697908e-10,6.049895769374661e-10,6.050154606174539e-10,6.05041333319765e-10,6.050671950652869e-10,6.050930458422335e-10,6.051188856497848e-10,6.051447144973022e-10,6.051705324379895e-10,6.051963394529522e-10,6.05222135551296e-10,6.052479207438177e-10,6.052736950342799e-10,6.05299458435628e-10,6.053252109533579e-10,6.053509526055272e-10,6.053766833845876e-10,6.054024033073942e-10,6.05428112381793e-10,6.054538106136913e-10,6.054794980203188e-10,6.055051746054004e-10,6.055308403775936e-10,6.05556495346248e-10,6.055821395195185e-10,6.056077729049801e-10,6.05633395512078e-10,6.056590073502957e-10,6.056846084326028e-10,6.057101987556698e-10,6.057357783193292e-10,6.057613471623513e-10,6.057869052792739e-10,6.058124526763669e-10,6.058379893646537e-10,6.058635153569439e-10,6.058890306507352e-10,6.059145352577462e-10,6.059400291897398e-10,6.059655124551732e-10,6.059909850608489e-10,6.06016447016698e-10,6.06041898328606e-10,6.060673390086642e-10,6.06092769061577e-10,6.061181884979521e-10,6.06143597324706e-10,6.06168995551239e-10,6.06194383185823e-10,6.062197602364924e-10,6.062451267099248e-10,6.062704826175265e-10,6.062958279672821e-10,6.063211627670799e-10,6.063464870160578e-10,6.063718007376249e-10,6.063971039320805e-10,6.064223966105579e-10,6.06447678777975e-10,6.064729504455863e-10,6.064982116272312e-10,6.065234623198426e-10,6.065487025364898e-10,6.065739322851807e-10,6.065991515770101e-10,6.066243604305076e-10,6.066495588199077e-10,6.066747467889918e-10,6.06699924355225e-10,6.067250914710489e-10,6.067502481741778e-10,6.067753944761518e-10,6.068005303837343e-10,6.068256559210017e-10,6.068507710660073e-10,6.068758758407977e-10,6.069009702532571e-10,6.06926054309666e-10,6.06951128020697e-10,6.069761913967103e-10,6.070012444398809e-10,6.070262871664074e-10,6.070513195751592e-10,6.070763416641139e-10,6.07101353474856e-10,6.071263550013045e-10,6.071513462408714e-10,6.0717632720897e-10,6.07201297917253e-10,6.072262583610212e-10,6.072512085555479e-10,6.072761485082325e-10,6.073010782272492e-10,6.073259977283107e-10,6.073509070039382e-10,6.073758060702598e-10,6.074006949346898e-10,6.074255736041389e-10,6.074504420925341e-10,6.074753004001663e-10,6.075001485382207e-10,6.075249865137862e-10,6.075498143327068e-10,6.075746320010395e-10,6.075994395358084e-10,6.07624236940329e-10,6.076490242212585e-10,6.076738014019095e-10,6.076985684596128e-10,6.077233254187651e-10,6.077480722932775e-10,6.077728090968275e-10,6.077975358036543e-10,6.078222524208701e-10,6.078469590036765e-10,6.078716555287194e-10,6.078963420082944e-10,6.079210184518917e-10,6.079456848639632e-10,6.079703412487026e-10,6.079949876243264e-10,6.080196239906949e-10,6.080442503769024e-10,6.080688667552783e-10,6.080934731463308e-10,6.081180695645556e-10,6.081426560134136e-10,6.081672325028674e-10,6.08191799025715e-10,6.082163555937513e-10,6.082409022449527e-10,6.082654389667516e-10,6.08289965769867e-10,6.083144826547554e-10,6.083389896159402e-10,6.083634866739635e-10,6.083879738519489e-10,6.084124511481348e-10,6.084369185687504e-10,6.084613761203281e-10,6.08485823813796e-10,6.085102616586588e-10,6.085346896440143e-10,6.085591077880992e-10,6.085835161023564e-10,6.086079145919308e-10,6.086323032638357e-10,6.086566821250203e-10,6.086810511824826e-10,6.087054104247032e-10,6.087297598677435e-10,6.087540995670538e-10,6.087784294922163e-10,6.088027496443303e-10,6.088270600392982e-10,6.088513606907145e-10,6.088756515991975e-10,6.088999327763989e-10,6.08924204219664e-10,6.089484659419875e-10,6.089727179514099e-10,6.089969602541917e-10,6.090211928585818e-10,6.090454157753408e-10,6.090696290081526e-10,6.090938325598107e-10,6.091180264418633e-10,6.091422106616102e-10,6.091663852263179e-10,6.091905501432883e-10,6.092147054492445e-10,6.092388510926345e-10,6.092629870851567e-10,6.092871134772986e-10,6.093112302534709e-10,6.093353374389963e-10,6.093594350267842e-10,6.093835230249739e-10,6.094076014382499e-10,6.094316702745609e-10,6.094557295422776e-10,6.09479779251241e-10,6.095038194065284e-10,6.095278500142594e-10,6.09551871089669e-10,6.095758826173504e-10,6.095998846403904e-10,6.096238771340877e-10,6.096478601376217e-10,6.09671833616687e-10,6.096957975905256e-10,6.09719752074858e-10,6.097436970679746e-10,6.097676325515338e-10,6.097915585963024e-10,6.098154752039023e-10,6.098393823557812e-10,6.09863280064036e-10,6.09887168342569e-10,6.099110471664967e-10,6.099349165730483e-10,6.099587765601237e-10,6.099826271359384e-10,6.100064683049448e-10,6.100303000705114e-10,6.100541224507732e-10,6.100779354488559e-10,6.101017390735278e-10,6.101255333245838e-10,6.101493182094714e-10,6.101730937327979e-10,6.101968599159743e-10,6.102206167570455e-10,6.102443642562632e-10,6.10268102458803e-10,6.102918313152365e-10,6.103155508570814e-10,6.10339261094777e-10,6.103629620301268e-10,6.103866536911523e-10,6.104103360474991e-10,6.104340091174725e-10,6.104576729585545e-10,6.10481327492929e-10,6.105049728046157e-10,6.105286088271499e-10,6.105522356058221e-10,6.105758531419143e-10,6.105994614513722e-10,6.106230605255694e-10,6.106466503831448e-10,6.10670231029781e-10,6.106938024747093e-10,6.107173647201925e-10,6.107409177778745e-10,6.107644616497669e-10,6.107879963470164e-10,6.10811521870474e-10,6.108350382297504e-10,6.108585454312951e-10,6.108820434440987e-10,6.109055323431288e-10,6.10929012126652e-10,6.109524827665734e-10,6.109759442829518e-10,6.109993966832531e-10,6.110228399742401e-10,6.110462741140467e-10,6.110696992017656e-10,6.110931151990628e-10,6.111165221091812e-10,6.111399199220043e-10,6.111633086878827e-10,6.111866883914697e-10,6.112100590837047e-10,6.112334206714746e-10,6.112567732217903e-10,6.112801167350032e-10,6.11303451231603e-10,6.11326776689764e-10,6.113500931228288e-10,6.113734005716342e-10,6.113966990015967e-10,6.114199884060591e-10,6.114432688392318e-10,6.114665402906967e-10,6.114898027639864e-10,6.11513056266951e-10,6.115363008071233e-10,6.115595363850155e-10,6.115827630110599e-10,6.116059806910991e-10,6.116291894325722e-10,6.11652389241509e-10,6.116755801197085e-10,6.116987620786107e-10,6.117219351283907e-10,6.117450992709308e-10,6.117682545163806e-10,6.117914008663076e-10,6.118145383290893e-10,6.118376669108831e-10,6.11860786618313e-10,6.1188389745771e-10,6.119069994356924e-10,6.119300925569693e-10,6.11953176836509e-10,6.11976252267313e-10,6.119993188696439e-10,6.120223766363743e-10,6.120454255961766e-10,6.12068465712355e-10,6.120914970424556e-10,6.121145195546128e-10,6.121375332692183e-10,6.121605381924872e-10,6.12183534326695e-10,6.122065216859966e-10,6.12229500256631e-10,6.122524700777708e-10,6.122754311521035e-10,6.122983834423055e-10,6.123213269966487e-10,6.12344261816726e-10,6.123671879036396e-10,6.123901052613816e-10,6.124130138982324e-10,6.124359138175548e-10,6.124588050296511e-10,6.12481687536313e-10,6.125045613469387e-10,6.12527426466117e-10,6.125502829011961e-10,6.125731306576258e-10,6.125959697389846e-10,6.126188001563602e-10,6.126416218912373e-10,6.126644349954127e-10,6.126872394536145e-10,6.127100352791268e-10,6.127328224583761e-10,6.127556010099823e-10,6.127783709421093e-10,6.128011322535412e-10,6.128238849583407e-10,6.128466290589192e-10,6.128693645410133e-10,6.128920914559242e-10,6.129148097752227e-10,6.129375195210324e-10,6.129602206862894e-10,6.129829132883453e-10,6.130055973038541e-10,6.130282728004341e-10,6.130509397368788e-10,6.130735981330554e-10,6.130962479922533e-10,6.131188893180378e-10,6.131415221209147e-10,6.131641464032648e-10,6.131867621740215e-10,6.132093694412067e-10,6.13231968203617e-10,6.132545584713406e-10,6.132771402516451e-10,6.13299713549595e-10,6.133222783699386e-10,6.13344834720866e-10,6.133673826071318e-10,6.133899220351526e-10,6.134124530116912e-10,6.134349755391444e-10,6.134574896273819e-10,6.13479995280989e-10,6.135024925059205e-10,6.135249813102795e-10,6.135474616958831e-10,6.135699336766911e-10,6.13592397248111e-10,6.136148524190593e-10,6.136372991984287e-10,6.136597375886972e-10,6.136821676010037e-10,6.137045892354623e-10,6.137270025025218e-10,6.137494074055409e-10,6.137718039511436e-10,6.137941921411389e-10,6.138165719888118e-10,6.138389434953126e-10,6.138613066695698e-10,6.138836615157167e-10,6.1390600802795e-10,6.139283462304339e-10,6.139506761247805e-10,6.139729977154395e-10,6.139953110075539e-10,6.140176160032572e-10,6.140399127209855e-10,6.140622011505748e-10,6.140844813050272e-10,6.141067531841817e-10,6.141290168045399e-10,6.14151272165143e-10,6.141735192748459e-10,6.141957581363165e-10,6.142179887566028e-10,6.142402111419466e-10,6.142624252977484e-10,6.142846312291256e-10,6.143068289165174e-10,6.143290184211901e-10,6.143511997160302e-10,6.143733728106458e-10,6.143955377040828e-10,6.144176944081983e-10,6.144398429355639e-10,6.144619832852305e-10,6.144841154600394e-10,6.145062394642963e-10,6.145283553072399e-10,6.145504629948706e-10,6.145725625363312e-10,6.145946539304727e-10,6.14616737194075e-10,6.146388123204395e-10,6.146608793239308e-10,6.146829382004836e-10,6.147049889579634e-10,6.147270316078194e-10,6.14749066155099e-10,6.147710926006078e-10,6.147931109534827e-10,6.148151212203835e-10,6.148371234056085e-10,6.148591175085418e-10,6.148811035434357e-10,6.149030815156584e-10,6.14925051427911e-10,6.14947013282839e-10,6.14968967091231e-10,6.149909128552255e-10,6.150128505838061e-10,6.15034780279626e-10,6.150567019498306e-10,6.150786155972803e-10,6.151005212304572e-10,6.151224188538599e-10,6.151443084728954e-10,6.151661900948567e-10,6.151880637200831e-10,6.152099293608567e-10,6.152317870166078e-10,6.152536366921169e-10,6.152754783998396e-10,6.152973121409445e-10,6.153191379225086e-10,6.153409557593978e-10,6.153627656398067e-10,6.153845675694496e-10,6.154063615700324e-10,6.154281476268375e-10,6.154499257645032e-10,6.154716959499341e-10,6.154934582471892e-10,6.155152126373534e-10,6.155369591022747e-10,6.15558697687285e-10,6.155804283726493e-10,6.156021511689722e-10,6.156238660804507e-10,6.15645573127777e-10,6.156672722847365e-10,6.156889635786403e-10,6.157106470068421e-10,6.157323225781129e-10,6.157539902971415e-10,6.157756501874863e-10,6.157973022186641e-10,6.158189464139399e-10,6.158405827786392e-10,6.158622113215702e-10,6.158838320411799e-10,6.159054449497084e-10,6.15927050047025e-10,6.159486473389341e-10,6.159702368322415e-10,6.159918185322504e-10,6.16013392444202e-10,6.160349585735024e-10,6.160565169255555e-10,6.160780675060109e-10,6.160996103189492e-10,6.161211453694914e-10,6.16142672659024e-10,6.161641922037088e-10,6.161857040040775e-10,6.162072080630449e-10,6.162287043916692e-10,6.162501929839541e-10,6.162716738522615e-10,6.16293146997221e-10,6.163146124347945e-10,6.163360701460481e-10,6.163575201564051e-10,6.163789624784429e-10,6.164003971064398e-10,6.164218240479159e-10,6.164432433088453e-10,6.164646548857529e-10,6.164860587930985e-10,6.165074550354625e-10,6.165288436124683e-10,6.165502245317595e-10,6.165715977992687e-10,6.165929634210185e-10,6.16614321400158e-10,6.166356717425468e-10,6.166570144388552e-10,6.166783495235099e-10,6.166996769991676e-10,6.167209968493764e-10,6.167423090866422e-10,6.167636136786858e-10,6.167849107064959e-10,6.168062001440332e-10,6.168274819757901e-10,6.168487562374113e-10,6.16870022915853e-10,6.168912820192755e-10,6.169125335361927e-10,6.169337775107453e-10,6.169550139207097e-10,6.169762427777511e-10,6.169974640867429e-10,6.170186778466485e-10,6.170398840728506e-10,6.170610827599707e-10,6.170822739158791e-10,6.171034575477454e-10,6.171246336587529e-10,6.171458022385058e-10,6.171669633173158e-10,6.17188116899668e-10,6.172092629885797e-10,6.172304016086117e-10,6.172515327159664e-10,6.172726563305397e-10,6.172937724655005e-10,6.173148811259954e-10,6.173359823173684e-10,6.173570760440524e-10,6.173781623078949e-10,6.173992411202304e-10,6.174203124815507e-10,6.174413763982303e-10,6.17462432885712e-10,6.174834819375099e-10,6.175045235595788e-10,6.17525557756108e-10,6.175465845323501e-10,6.17567603893858e-10,6.17588615841764e-10,6.176096203876418e-10,6.176306175242232e-10,6.176516072686016e-10,6.176725896265964e-10,6.176935645894368e-10,6.177145321778109e-10,6.177354923858827e-10,6.177564452375059e-10,6.177773907124201e-10,6.177983288406122e-10,6.178192596154132e-10,6.178401830339467e-10,6.17861099101206e-10,6.178820078226342e-10,6.17902909203641e-10,6.179238032503991e-10,6.179446899749853e-10,6.179655693752825e-10,6.179864414581387e-10,6.180073062279639e-10,6.180281636872916e-10,6.180490138437209e-10,6.180698567043174e-10,6.18090692272825e-10,6.181115205518129e-10,6.181323415469425e-10,6.181531552621664e-10,6.181739617079239e-10,6.181947608805134e-10,6.182155527888396e-10,6.182363374289029e-10,6.182571148221839e-10,6.182778849652253e-10,6.18298647837986e-10,6.183194034946861e-10,6.183401519173637e-10,6.18360893106286e-10,6.183816270692374e-10,6.184023538099675e-10,6.184230733152446e-10,6.184437856299754e-10,6.184644907353232e-10,6.184851886373641e-10,6.185058793483874e-10,6.18526562855731e-10,6.185472391772602e-10,6.185679083113935e-10,6.185885702690273e-10,6.186092250630887e-10,6.186298726712876e-10,6.186505131192519e-10,6.186711464063222e-10,6.186917725488606e-10,6.187123915247998e-10,6.187330033595304e-10,6.18753608044632e-10,6.187742055984079e-10,6.1879479602184e-10,6.188153793160632e-10,6.188359554873517e-10,6.188565245400061e-10,6.188770864780898e-10,6.188976413178669e-10,6.189181890408309e-10,6.189387296652555e-10,6.189592631891404e-10,6.189797896270201e-10,6.190003089784082e-10,6.190208212483908e-10,6.190413264401312e-10,6.190618245591461e-10,6.190823156201991e-10,6.191027996094809e-10,6.191232765506154e-10,6.191437464268692e-10,6.19164209253056e-10,6.191846650337272e-10,6.192051137746359e-10,6.192255554906481e-10,6.192459901543725e-10,6.192664178012598e-10,6.192868384270399e-10,6.19307252034412e-10,6.193276586286234e-10,6.193480582148252e-10,6.193684507951305e-10,6.193888363887994e-10,6.194092149757877e-10,6.194295865655367e-10,6.194499511755946e-10,6.194703088073142e-10,6.194906594536636e-10,6.195110031330844e-10,6.195313398535339e-10,6.195516695989036e-10,6.195719923877094e-10,6.195923082218885e-10,6.19612617105972e-10,6.196329190443632e-10,6.196532140422317e-10,6.196735021030474e-10,6.19693783230038e-10,6.197140574231683e-10,6.19734324691851e-10,6.197545850470574e-10,6.197748384910479e-10,6.19795085022557e-10,6.198153246495541e-10,6.198355573741287e-10,6.198557832048205e-10,6.198760021432522e-10,6.198962141938934e-10,6.199164193965756e-10,6.199366177222404e-10,6.199568091730553e-10,6.199769937652966e-10,6.199971714912611e-10,6.200173423558945e-10,6.200375063634579e-10,6.200576635180027e-10,6.200778138242922e-10,6.200979572748799e-10,6.201180938973806e-10,6.201382236733847e-10,6.201583466180244e-10,6.201784627335493e-10,6.201985720293323e-10,6.202186745068557e-10,6.202387701710281e-10,6.202588590267431e-10,6.202789410857379e-10,6.202990163385947e-10,6.203190847953284e-10,6.20339146457869e-10,6.20359201332861e-10,6.203792494663907e-10,6.20399290777013e-10,6.204193253119179e-10,6.204393530801356e-10,6.204593740824318e-10,6.204793883210447e-10,6.20499395802398e-10,6.20519396524401e-10,6.205393905021373e-10,6.205593777354368e-10,6.205793582339099e-10,6.205993319906688e-10,6.206192990115662e-10,6.206392593139877e-10,6.206592128925829e-10,6.206791597496009e-10,6.206990998963405e-10,6.207190333334748e-10,6.207389600693621e-10,6.207588800961323e-10,6.207787934238264e-10,6.207987000595102e-10,6.208186000041381e-10,6.208384932659698e-10,6.208583798464394e-10,6.208782597506123e-10,6.208981329831227e-10,6.209179995514997e-10,6.209378594521473e-10,6.209577126938924e-10,6.209775592783648e-10,6.209973992127793e-10,6.210172324996134e-10,6.210370591456635e-10,6.210568791508821e-10,6.210766925309754e-10,6.210964992734708e-10,6.211162993901848e-10,6.211360928924412e-10,6.211558797689836e-10,6.211756600316429e-10,6.211954336928187e-10,6.212152007481882e-10,6.21234961195318e-10,6.212547150520623e-10,6.212744623149552e-10,6.212942029893912e-10,6.213139370788909e-10,6.213336645878407e-10,6.21353385521123e-10,6.213730998809234e-10,6.21392807664347e-10,6.214125088838858e-10,6.214322035431145e-10,6.214518916468475e-10,6.214715731984578e-10,6.214912482027683e-10,6.215109166631523e-10,6.215305785840628e-10,6.215502339695866e-10,6.215698828238051e-10,6.215895251508023e-10,6.21609160954649e-10,6.216287902394198e-10,6.216484130091837e-10,6.216680292680043e-10,6.216876390199438e-10,6.217072422690571e-10,6.21726839021767e-10,6.217464292760579e-10,6.217660130397286e-10,6.217855903229084e-10,6.218051611090497e-10,6.218247254241779e-10,6.218442832660661e-10,6.218638346320831e-10,6.218833795265032e-10,6.219029179686223e-10,6.219224499557208e-10,6.219419754909853e-10,6.219614945676822e-10,6.219810071949935e-10,6.22000513378524e-10,6.220200131292921e-10,6.220395064455086e-10,6.220589933344824e-10,6.22078473798612e-10,6.22097947835919e-10,6.221174154521924e-10,6.221368766609539e-10,6.221563314557189e-10,6.221757798428652e-10,6.221952218278443e-10,6.222146574142359e-10,6.222340866261422e-10,6.222535094451949e-10,6.222729258592466e-10,6.222923359123519e-10,6.223117395883438e-10,6.22331136873392e-10,6.223505277831809e-10,6.223699123224251e-10,6.223892904987326e-10,6.224086623168571e-10,6.224280277874283e-10,6.224473868948296e-10,6.224667396553499e-10,6.224860860760817e-10,6.225054261568257e-10,6.225247599005898e-10,6.225440873168413e-10,6.225634083996098e-10,6.225827231945626e-10,6.226020316382041e-10,6.226213337625566e-10,6.226406295747675e-10,6.226599190832229e-10,6.226792022712558e-10,6.226984791668148e-10,6.22717749763688e-10,6.227370140610358e-10,6.227562720801373e-10,6.2277552380862e-10,6.227947692511517e-10,6.228140084195678e-10,6.228332413116043e-10,6.228524679335281e-10,6.228716882906503e-10,6.228909023852087e-10,6.229101102315761e-10,6.229293118136695e-10,6.229485071545875e-10,6.229676962485783e-10,6.229868790859834e-10,6.230060556809915e-10,6.230252260554904e-10,6.230443902052313e-10,6.230635481132826e-10,6.230826998039819e-10,6.231018452743232e-10,6.231209845281211e-10,6.231401175691181e-10,6.23159244401211e-10,6.231783650284755e-10,6.231974794525646e-10,6.232165876790767e-10,6.232356897117962e-10,6.232547855544803e-10,6.232738752121703e-10,6.232929586873583e-10,6.233120359826814e-10,6.233311071033536e-10,6.233501720574177e-10,6.233692308386555e-10,6.233882834570889e-10,6.234073299146648e-10,6.234263702159247e-10,6.234454043656026e-10,6.234644323670104e-10,6.234834542234038e-10,6.235024699393233e-10,6.235214795134236e-10,6.235404829569607e-10,6.235594802700171e-10,6.235784714560326e-10,6.235974565206907e-10,6.236164354653356e-10,6.236354082935122e-10,6.236543750143503e-10,6.236733356243006e-10,6.236922901311438e-10,6.237112385390296e-10,6.237301808484817e-10,6.237491170657428e-10,6.237680471912169e-10,6.237869712504371e-10,6.238058892070848e-10,6.238248010843489e-10,6.238437068951419e-10,6.238626066278996e-10,6.238815002940264e-10,6.239003878813276e-10,6.239192694273184e-10,6.239381449144424e-10,6.239570143470537e-10,6.239758777304261e-10,6.239947350681965e-10,6.240135863639697e-10,6.240324316210807e-10,6.240512708435245e-10,6.240701040347002e-10,6.240889311984236e-10,6.24107752338322e-10,6.241265674578063e-10,6.241453765606869e-10,6.241641796515205e-10,6.241829767322723e-10,6.242017678075733e-10,6.242205528784913e-10,6.24239331952399e-10,6.242581050315694e-10,6.242768721193327e-10,6.242956332194878e-10,6.243143883354877e-10,6.243331374786276e-10,6.24351880637014e-10,6.243706178251638e-10,6.24389349047928e-10,6.244080743028399e-10,6.244267935894767e-10,6.244455069169467e-10,6.244642142884238e-10,6.24482915707815e-10,6.245016111787513e-10,6.245203007043675e-10,6.245389842896433e-10,6.245576619367095e-10,6.245763336495394e-10,6.245949994292618e-10,6.246136592681639e-10,6.246323131929469e-10,6.246509612048297e-10,6.246696033003824e-10,6.246882394771337e-10,6.247068697509726e-10,6.247254941448269e-10,6.247441126075804e-10,6.247627251749988e-10,6.247813318431285e-10,6.247999326187496e-10,6.248185275040889e-10,6.248371165062468e-10,6.248556996271897e-10,6.248742768706545e-10,6.248928482389033e-10,6.249114137356388e-10,6.249299733652e-10,6.249485271297279e-10,6.249670750468858e-10,6.249856170941557e-10,6.250041532880797e-10,6.250226836316497e-10,6.250412081287119e-10,6.250597268080796e-10,6.250782396251174e-10,6.250967466025548e-10,6.251152477468895e-10,6.251337430618087e-10,6.251522325507742e-10,6.251707162171837e-10,6.251891940624739e-10,6.252076660743895e-10,6.252261322904058e-10,6.252445927024976e-10,6.252630473082908e-10,6.252814961076724e-10,6.252999391120231e-10,6.253183763209529e-10,6.253368077361598e-10,6.253552333729082e-10,6.253736532167465e-10,6.253920672769591e-10,6.254104755607414e-10,6.2542887806959e-10,6.254472748072406e-10,6.254656657770751e-10,6.254840509824277e-10,6.255024304274056e-10,6.255208041152839e-10,6.255391720487855e-10,6.255575342314552e-10,6.255758906730795e-10,6.255942413702155e-10,6.256125863258032e-10,6.25630925544646e-10,6.256492590285465e-10,6.256675867754404e-10,6.25685908778688e-10,6.257042250738527e-10,6.257225356502804e-10,6.25740840508775e-10,6.257591396523181e-10,6.257774330851368e-10,6.257957208110712e-10,6.25814002816539e-10,6.258322791336759e-10,6.25850549753137e-10,6.258688146805916e-10,6.258870739084318e-10,6.259053274596375e-10,6.259235753276414e-10,6.259418175149549e-10,6.259600540242125e-10,6.259782848625581e-10,6.259965100278051e-10,6.260147295256541e-10,6.260329433612485e-10,6.260511515284545e-10,6.260693540439216e-10,6.26087550897979e-10,6.26105742110425e-10,6.261239276730647e-10,6.261421075884648e-10,6.261602818500943e-10,6.261784504896198e-10,6.261966135051558e-10,6.262147708908446e-10,6.262329226510785e-10,6.262510688049299e-10,6.262692093135263e-10,6.262873442307663e-10,6.263054734977801e-10,6.26323597173241e-10,6.263417152203035e-10,6.263598276622784e-10,6.26377934502439e-10,6.263960357453957e-10,6.264141314142383e-10,6.264322214875017e-10,6.264503059527987e-10,6.264683848324225e-10,6.264864581291065e-10,6.265045258485657e-10,6.26522588004251e-10,6.265406445720304e-10,6.265586955643151e-10,6.265767409883448e-10,6.265947808443547e-10,6.26612815158552e-10,6.266308439145476e-10,6.266488671142495e-10,6.266668847641148e-10,6.266848968683171e-10,6.267029034284784e-10,6.2672090444873e-10,6.267388999305965e-10,6.267568898784869e-10,6.267748742953791e-10,6.267928531836326e-10,6.268108265507867e-10,6.268287944007143e-10,6.268467567255902e-10,6.268647135387353e-10,6.268826648349938e-10,6.269006106243494e-10,6.269185509065866e-10,6.269364856793655e-10,6.269544149605472e-10,6.269723387518004e-10,6.269902570450682e-10,6.270081698489359e-10,6.270260771647252e-10,6.270439789978116e-10,6.270618753539613e-10,6.270797662316367e-10,6.270976516324817e-10,6.271155315624155e-10,6.271334060255084e-10,6.271512750230938e-10,6.271691385637376e-10,6.271869966419393e-10,6.272048492644491e-10,6.272226964358394e-10,6.272405381697435e-10,6.272583744463626e-10,6.272762052829109e-10,6.272940306801229e-10,6.273118506378139e-10,6.273296651610294e-10,6.273474742541662e-10,6.273652779182639e-10,6.273830761598385e-10,6.274008689838784e-10,6.274186563878492e-10,6.274364383772386e-10,6.27454214954069e-10,6.274719861215079e-10,6.274897518831231e-10,6.275075122428423e-10,6.275252672031641e-10,6.27543016766809e-10,6.275607609467893e-10,6.275784997269842e-10,6.275962331246693e-10,6.276139611341495e-10,6.276316837625416e-10,6.276494010129959e-10,6.276671128861475e-10,6.276848193810422e-10,6.277025205064693e-10,6.277202162776415e-10,6.277379066856157e-10,6.277555917348785e-10,6.277732714258502e-10,6.277909457624795e-10,6.27808614750084e-10,6.278262783890269e-10,6.278439366905209e-10,6.278615896429927e-10,6.278792372574399e-10,6.278968795365431e-10,6.279145164918612e-10,6.279321481101001e-10,6.27949774405984e-10,6.279673953733826e-10,6.279850110211275e-10,6.28002621350404e-10,6.280202263654325e-10,6.28037826070543e-10,6.280554204300801e-10,6.280730095218864e-10,6.2809059331145e-10,6.281081718141182e-10,6.281257450082225e-10,6.28143312908746e-10,6.281608755168958e-10,6.28178432840084e-10,6.281959848788217e-10,6.282135316363744e-10,6.28231073115058e-10,6.282486093141619e-10,6.282661402461167e-10,6.28283665908202e-10,6.283011863077116e-10,6.283187014400425e-10,6.283362113118782e-10,6.283537159257402e-10,6.283712152849785e-10,6.283887093926206e-10,6.284061982518256e-10,6.284236818645093e-10,6.284411602347579e-10,6.28458633364393e-10,6.284761012638672e-10,6.284935639230557e-10,6.285110213514443e-10,6.285284735520263e-10,6.285459205279658e-10,6.285633622805478e-10,6.285807988143205e-10,6.28598230132139e-10,6.286156562454374e-10,6.286330771388845e-10,6.286504928248086e-10,6.286679033114998e-10,6.286853085897858e-10,6.287027086606298e-10,6.287201035452479e-10,6.287374932340229e-10,6.287548777345404e-10,6.287722570499682e-10,6.287896311792662e-10,6.288070001270926e-10,6.288243638946579e-10,6.288417224882286e-10,6.288590759094241e-10,6.288764241573987e-10,6.288937672403561e-10,6.289111051593516e-10,6.289284379179296e-10,6.289457655177823e-10,6.289630879613619e-10,6.289804052526172e-10,6.289977174059413e-10,6.290150243984505e-10,6.290323262387787e-10,6.290496229493109e-10,6.290669145237458e-10,6.290842009604514e-10,6.291014822633285e-10,6.29118758425156e-10,6.291360294758778e-10,6.291532953992958e-10,6.291705561988438e-10,6.291878118814609e-10,6.292050624465554e-10,6.292223079018035e-10,6.292395482463537e-10,6.292567834849544e-10,6.29274013632618e-10,6.292912386616834e-10,6.293084585946837e-10,6.293256734322918e-10,6.293428831792682e-10,6.293600878328791e-10,6.293772873986178e-10,6.293944818842157e-10,6.294116712843472e-10,6.294288556051263e-10,6.294460348505408e-10,6.294632090228361e-10,6.294803781237647e-10,6.294975421582501e-10,6.295147011300784e-10,6.295318550387933e-10,6.295490038894157e-10,6.29566147681802e-10,6.295832864187839e-10,6.296004201080002e-10,6.296175487500285e-10,6.296346723443636e-10,6.296517908706854e-10,6.296689043816627e-10,6.296860128558759e-10,6.297031163011706e-10,6.297202147125981e-10,6.297373080925526e-10,6.297543964481791e-10,6.297714797816515e-10,6.297885580943139e-10,6.298056313901128e-10,6.298226996708755e-10,6.298397629382676e-10,6.298568211966919e-10,6.29873874449896e-10,6.298909226995335e-10,6.299079659725666e-10,6.299250042223737e-10,6.299420374705475e-10,6.299590657240173e-10,6.299760889884137e-10,6.299931072733712e-10,6.300101205666774e-10,6.300271288776335e-10,6.300441322171172e-10,6.300611305800703e-10,6.300781239693262e-10,6.300951123876583e-10,6.301120958415952e-10,6.301290743239915e-10,6.301460478446441e-10,6.301630164015827e-10,6.301799799792777e-10,6.301969386286774e-10,6.302138923206998e-10,6.302308410694155e-10,6.302477848615493e-10,6.302647237608686e-10,6.302816576776956e-10,6.302985866570839e-10,6.303155107033109e-10,6.303324298145997e-10,6.303493439951368e-10,6.303662532593089e-10,6.303831575958785e-10,6.304000569974818e-10,6.304169514827675e-10,6.304338410512516e-10,6.304507257054988e-10,6.304676054481825e-10,6.304844802819796e-10,6.305013502095544e-10,6.305182152337703e-10,6.305350753569118e-10,6.305519305820339e-10,6.305687809113914e-10,6.305856263478249e-10,6.306024668940356e-10,6.306193025526219e-10,6.306361333262623e-10,6.306529592175414e-10,6.306697802284181e-10,6.306865963662158e-10,6.307034076274078e-10,6.307202140360639e-10,6.307370155563476e-10,6.307538121990883e-10,6.307706039805312e-10,6.307873908987024e-10,6.308041729691316e-10,6.308209501654705e-10,6.308377225190937e-10,6.308544900413469e-10,6.308712527220453e-10,6.308880105468875e-10,6.309047634972257e-10,6.309215116137108e-10,6.309382549083116e-10,6.309549933429291e-10,6.309717269720406e-10,6.309884557722129e-10,6.310051797611614e-10,6.310218989051735e-10,6.310386132318877e-10,6.310553227369308e-10,6.310720274275975e-10,6.310887272878274e-10,6.311054223528124e-10,6.311221126088827e-10,6.311387980554495e-10,6.311554786994208e-10,6.311721545579155e-10,6.311888256092628e-10,6.312054918592681e-10,6.312221533169196e-10,6.312388099729515e-10,6.312554618470043e-10,6.312721089389893e-10,6.312887512473496e-10,6.313053887736308e-10,6.313220215237014e-10,6.313386494987048e-10,6.313552727174378e-10,6.313718911494216e-10,6.313885048154712e-10,6.314051137139702e-10,6.314217178558933e-10,6.3143831723251e-10,6.314549118518166e-10,6.314715017135785e-10,6.314880868256065e-10,6.315046671860048e-10,6.315212428009763e-10,6.31537813646988e-10,6.315543797747308e-10,6.315709411573326e-10,6.315874978030538e-10,6.316040497198567e-10,6.316205969072491e-10,6.316371393599292e-10,6.316536770873907e-10,6.316702100879551e-10,6.316867383697439e-10,6.31703261931897e-10,6.317197807742083e-10,6.317362949048357e-10,6.317528043238159e-10,6.317693090335557e-10,6.317858090364492e-10,6.318023043350117e-10,6.318187949315743e-10,6.318352808288076e-10,6.318517620298522e-10,6.318682385361761e-10,6.318847103633405e-10,6.319011775167861e-10,6.319176399560857e-10,6.319340977290555e-10,6.319505507948093e-10,6.319669991702972e-10,6.319834428850894e-10,6.319998819229935e-10,6.32016316311495e-10,6.320327460115765e-10,6.320491710448032e-10,6.320655914113252e-10,6.320820071157374e-10,6.320984181441631e-10,6.321148245343554e-10,6.321312262703076e-10,6.32147623351384e-10,6.321640157852277e-10,6.321804035682472e-10,6.321967867102407e-10,6.322131652105262e-10,6.322295390710915e-10,6.322459082933238e-10,6.322622728811923e-10,6.322786328339696e-10,6.322949881514577e-10,6.323113388494031e-10,6.323276849222554e-10,6.323440263679523e-10,6.323603631978622e-10,6.323766954102319e-10,6.323930230074532e-10,6.324093459906246e-10,6.324256643592992e-10,6.324419781187219e-10,6.324582872772335e-10,6.324745918614505e-10,6.324908918138065e-10,6.325071871721446e-10,6.325234779344472e-10,6.325397641033101e-10,6.325560456769866e-10,6.325723226638519e-10,6.325885950651762e-10,6.326048628856393e-10,6.326211261087214e-10,6.326373847830639e-10,6.326536388628522e-10,6.326698883706841e-10,6.326861333074908e-10,6.327023736738109e-10,6.327186094744158e-10,6.327348407069488e-10,6.327510673629768e-10,6.327672894772589e-10,6.327835070328074e-10,6.327997200346478e-10,6.328159284831303e-10,6.328321323824026e-10,6.328483317339899e-10,6.328645265406802e-10,6.328807167941971e-10,6.328969025158295e-10,6.329130837001379e-10,6.329292603485801e-10,6.329454324637675e-10,6.329616000449499e-10,6.329777631049688e-10,6.329939216404147e-10,6.330100756471072e-10,6.33026225129962e-10,6.330423700851668e-10,6.330585105322751e-10,6.33074646464357e-10,6.33090777884841e-10,6.33106904801439e-10,6.331230272019125e-10,6.331391450998495e-10,6.331552584968195e-10,6.331713673909508e-10,6.331874718177881e-10,6.332035717457588e-10,6.332196671535161e-10,6.332357580662268e-10,6.332518444993348e-10,6.332679264405938e-10,6.33284003897073e-10,6.333000768732915e-10,6.333161453791008e-10,6.333322093988125e-10,6.333482689096581e-10,6.333643239460556e-10,6.333803745357121e-10,6.333964206724865e-10,6.334124623433568e-10,6.334284995649185e-10,6.334445323327912e-10,6.334605606552104e-10,6.334765844862791e-10,6.334926038635039e-10,6.335086187957552e-10,6.3352462926535e-10,6.335406352815948e-10,6.335566368668073e-10,6.335726339781676e-10,6.33588626642966e-10,6.3360461490884e-10,6.336205987424327e-10,6.336365781388116e-10,6.336525531064852e-10,6.336685236443407e-10,6.33684489757194e-10,6.337004514503139e-10,6.337164087153608e-10,6.337323615636041e-10,6.337483099943618e-10,6.337642540413415e-10,6.337801936420949e-10,6.33796128828255e-10,6.338120596158271e-10,6.338279859947986e-10,6.338439079703017e-10,6.3385982554467e-10,6.338757387179892e-10,6.33891647495147e-10,6.339075518780552e-10,6.339234518741232e-10,6.339393474768602e-10,6.339552386928308e-10,6.339711255234728e-10,6.339870079828096e-10,6.340028860536813e-10,6.340187597402538e-10,6.340346290475031e-10,6.340504939835487e-10,6.340663545992097e-10,6.340822108064843e-10,6.34098062634354e-10,6.341139100979356e-10,6.341297531843051e-10,6.341455919246042e-10,6.341614263087351e-10,6.341772562951615e-10,6.341930819696388e-10,6.342089033096138e-10,6.342247202855331e-10,6.342405329145707e-10,6.342563412137313e-10,6.342721451510186e-10,6.342879447727295e-10,6.343037400503405e-10,6.343195309754228e-10,6.343353175668492e-10,6.343510998248398e-10,6.343668777553063e-10,6.343826513591159e-10,6.343984206381313e-10,6.344141855949627e-10,6.344299462323097e-10,6.344457025494999e-10,6.344614545475503e-10,6.344772022357923e-10,6.344929456128464e-10,6.345086846802368e-10,6.345244194405047e-10,6.345401498958505e-10,6.345558760484698e-10,6.345715979005642e-10,6.345873154540017e-10,6.346030287116263e-10,6.346187376743872e-10,6.346344423455911e-10,6.346501427276544e-10,6.346658388226945e-10,6.346815306218095e-10,6.346972181411791e-10,6.347129013913227e-10,6.347285803659512e-10,6.347442550572422e-10,6.347599254745202e-10,6.347755916194243e-10,6.347912534835123e-10,6.348069111039686e-10,6.348225644672441e-10,6.34838213543908e-10,6.348538584137465e-10,6.348694989707059e-10,6.348851352906887e-10,6.349007673361377e-10,6.34916395130228e-10,6.349320186718662e-10,6.34947637966047e-10,6.349632530148352e-10,6.349788638174114e-10,6.349944703806392e-10,6.350100727031726e-10,6.350256707882581e-10,6.350412646191962e-10,6.350568542357283e-10,6.350724395999747e-10,6.350880207159021e-10,6.351035976417417e-10,6.35119170339549e-10,6.351347388172006e-10,6.351503030793075e-10,6.351658631235371e-10,6.351814189502718e-10,6.351969705585056e-10,6.352125179603221e-10,6.352280611239637e-10,6.352436001087421e-10,6.3525913488854e-10,6.352746654716841e-10,6.352901918451407e-10,6.353057140241039e-10,6.353212320144387e-10,6.353367457973848e-10,6.35352255376909e-10,6.353677607763595e-10,6.353832619841212e-10,6.353987590089687e-10,6.354142518503048e-10,6.354297405090313e-10,6.35445224986237e-10,6.354607052842219e-10,6.3547618140847e-10,6.35491653359055e-10,6.355071211491899e-10,6.355225847583219e-10,6.355380442045568e-10,6.355534994764427e-10,6.355689505882824e-10,6.355843975369848e-10,6.355998403295492e-10,6.356152789620399e-10,6.356307134427419e-10,6.356461437780016e-10,6.35661569961782e-10,6.356769919830062e-10,6.356924098560648e-10,6.357078235747126e-10,6.357232331639252e-10,6.357386386185324e-10,6.357540399343954e-10,6.35769437110685e-10,6.357848301556463e-10,6.358002190690203e-10,6.358156038516457e-10,6.358309845063295e-10,6.358463610515147e-10,6.358617334568071e-10,6.358771017402885e-10,6.35892465909047e-10,6.359078259556234e-10,6.359231818842589e-10,6.359385337016713e-10,6.359538814068063e-10,6.3596922500333e-10,6.359845644924834e-10,6.359998998703044e-10,6.360152311516421e-10,6.360305583264126e-10,6.360458814066256e-10,6.36061200389657e-10,6.360765152655073e-10,6.360918260595577e-10,6.361071327661923e-10,6.361224353790404e-10,6.361377339070448e-10,6.361530283599895e-10,6.361683187218398e-10,6.361836050014247e-10,6.361988872020506e-10,6.362141653195911e-10,6.362294393685865e-10,6.362447093521694e-10,6.362599752578229e-10,6.362752370949588e-10,6.362904948626536e-10,6.363057485706843e-10,6.363209982111358e-10,6.363362437935888e-10,6.363514853118396e-10,6.363667227773543e-10,6.363819561952385e-10,6.363971855529043e-10,6.364124108627735e-10,6.364276321253051e-10,6.36442849337849e-10,6.364580625046404e-10,6.364732716317649e-10,6.364884767261214e-10,6.365036777796517e-10,6.365188747891758e-10,6.365340677669038e-10,6.365492567134467e-10,6.365644416383976e-10,6.365796225221084e-10,6.365947993770892e-10,6.366099722114116e-10,6.366251410237229e-10,6.366403058147827e-10,6.366554665883972e-10,6.366706233454355e-10,6.366857760848747e-10,6.367009248128235e-10,6.36716069527768e-10,6.367312102382396e-10,6.367463469426215e-10,6.367614796422473e-10,6.367766083383966e-10,6.367917330526675e-10,6.368068537501679e-10,6.368219704547809e-10,6.368370831600801e-10,6.368521918666446e-10,6.368672965852824e-10,6.368823973408504e-10,6.368974940801975e-10,6.369125868506463e-10,6.369276756282272e-10,6.369427604299845e-10,6.36957841247375e-10,6.369729180879888e-10,6.369879909604757e-10,6.370030598572529e-10,6.370181247719284e-10,6.370331857229272e-10,6.370482427012157e-10,6.370632957172852e-10,6.370783447680693e-10,6.370933898562331e-10,6.371084309638977e-10,6.37123468131892e-10,6.371385013520786e-10,6.371535306153666e-10,6.371685559434826e-10,6.371835773132491e-10,6.371985947356269e-10,6.372136082120525e-10,6.372286177393561e-10,6.372436233173374e-10,6.372586249533513e-10,6.372736226586025e-10,6.372886164408076e-10,6.373036062751528e-10,6.373185921838933e-10,6.373335741523194e-10,6.373485521885749e-10,6.373635262923581e-10,6.373784964802903e-10,6.373934627464413e-10,6.374084250929368e-10,6.374233835216014e-10,6.374383380292284e-10,6.374532886252824e-10,6.374682353082782e-10,6.374831780787676e-10,6.374981169396144e-10,6.37513051889996e-10,6.375279829348918e-10,6.375429100785682e-10,6.375578333202027e-10,6.375727526624291e-10,6.375876681053697e-10,6.376025796510195e-10,6.376174873093827e-10,6.37632391070007e-10,6.37647290940289e-10,6.376621869217655e-10,6.376770790123272e-10,6.376919672210549e-10,6.377068515468437e-10,6.377217319919144e-10,6.377366085573409e-10,6.377514812457131e-10,6.377663500592332e-10,6.377812149761496e-10,6.377960760430952e-10,6.378109332405676e-10,6.378257865702535e-10,6.37840636031217e-10,6.378554816273826e-10,6.378703233646134e-10,6.378851612398381e-10,6.378999952547786e-10,6.379148254158783e-10,6.379296517191386e-10,6.379444741739485e-10,6.379592927881742e-10,6.37974107551983e-10,6.379889184571622e-10,6.380037255135919e-10,6.380185287261508e-10,6.380333280981407e-10,6.380481236434426e-10,6.380629153356249e-10,6.380777032086457e-10,6.380924872320851e-10,6.381072674360498e-10,6.381220437960926e-10,6.381368163286648e-10,6.381515850314888e-10,6.381663499095001e-10,6.381811109653964e-10,6.381958681994543e-10,6.38210621615376e-10,6.382253712271335e-10,6.382401170083025e-10,6.382548589948642e-10,6.382695971523056e-10,6.382843314982925e-10,6.382990620343476e-10,6.383137887649198e-10,6.383285116844377e-10,6.383432308067236e-10,6.383579461265849e-10,6.383726576494806e-10,6.383873653668226e-10,6.384020692945823e-10,6.384167694288759e-10,6.384314657690717e-10,6.384461583190772e-10,6.384608470807891e-10,6.384755320576322e-10,6.384902132661537e-10,6.385048906746065e-10,6.385195643014699e-10,6.385342341488875e-10,6.385489002079885e-10,6.385635625016803e-10,6.385782210208026e-10,6.385928757448402e-10,6.386075267222646e-10,6.386221739308824e-10,6.386368173749639e-10,6.386514570497363e-10,6.386660929643725e-10,6.386807251173346e-10,6.386953535163793e-10,6.387099781492335e-10,6.387245990442057e-10,6.387392161744631e-10,6.387538295639792e-10,6.387684391862967e-10,6.387830450704353e-10,6.387976471753343e-10,6.388122455569031e-10,6.388268401994031e-10,6.388414310932602e-10,6.388560182497925e-10,6.388706016918256e-10,6.388851813800834e-10,6.388997573330687e-10,6.389143295451645e-10,6.389288980283662e-10,6.389434627747088e-10,6.389580238022934e-10,6.389725810972266e-10,6.389871346809441e-10,6.390016845370746e-10,6.39016230673773e-10,6.390307731138983e-10,6.390453118178064e-10,6.390598468104152e-10,6.39074378083064e-10,6.390889056431441e-10,6.391034295004264e-10,6.391179496427945e-10,6.391324660791465e-10,6.391469788010593e-10,6.391614878302172e-10,6.391759931768116e-10,6.391904948106208e-10,6.392049927420295e-10,6.392194869867172e-10,6.392339775406202e-10,6.392484643907567e-10,6.392629475452705e-10,6.39277427020397e-10,6.392919028178607e-10,6.39306374930463e-10,6.393208433492839e-10,6.393353080830632e-10,6.393497691411558e-10,6.393642265272009e-10,6.393786802267313e-10,6.393931302620568e-10,6.394075766171855e-10,6.394220193032313e-10,6.394364583131905e-10,6.394508936613164e-10,6.394653253519898e-10,6.394797533838614e-10,6.394941777390898e-10,6.395085984315528e-10,6.395230154621936e-10,6.395374288438893e-10,6.395518385618794e-10,6.395662446347316e-10,6.395806470564022e-10,6.395950458227054e-10,6.396094409437841e-10,6.396238324191435e-10,6.396382202421597e-10,6.396526044214096e-10,6.396669849698524e-10,6.396813618697537e-10,6.396957351320958e-10,6.397101047612059e-10,6.397244707508723e-10,6.397388331073005e-10,6.397531918323858e-10,6.397675469282918e-10,6.397818983964962e-10,6.397962462404231e-10,6.398105904526637e-10,6.398249310456016e-10,6.398392680210166e-10,6.398536013736882e-10,6.39867931102644e-10,6.398822572163546e-10,6.398965797238188e-10,6.399108986139989e-10,6.399252138930822e-10,6.399395255739999e-10,6.39953833640566e-10,6.399681381027296e-10,6.399824389563432e-10,6.399967362054722e-10,6.400110298533489e-10,6.400253199022916e-10,6.40039606350043e-10,6.400538892126167e-10,6.400681684767963e-10,6.400824441561189e-10,6.400967162365895e-10,6.401109847255388e-10,6.401252496265099e-10,6.401395109379246e-10,6.401537686703703e-10,6.401680228215425e-10,6.401822733957738e-10,6.401965203839857e-10,6.402107637950957e-10,6.402250036296807e-10,6.402392398878681e-10,6.402534725760484e-10,6.402677016972587e-10,6.402819272493386e-10,6.402961492349954e-10,6.403103676540043e-10,6.403245825078348e-10,6.403387937996086e-10,6.403530015141847e-10,6.403672056826535e-10,6.403814062950883e-10,6.403956033414489e-10,6.404097968424129e-10,6.40423986795334e-10,6.40438173194264e-10,6.404523560294208e-10,6.404665353333603e-10,6.40480711082358e-10,6.404948832982709e-10,6.405090519675545e-10,6.405232170984166e-10,6.405373786900166e-10,6.405515367398319e-10,6.405656912533513e-10,6.405798422423441e-10,6.405939896989185e-10,6.406081336140317e-10,6.406222740087931e-10,6.406364108699753e-10,6.406505442032898e-10,6.406646740028904e-10,6.406788002861635e-10,6.406929230443571e-10,6.407070422876429e-10,6.407211580160394e-10,6.407352702259143e-10,6.407493789203549e-10,6.407634841014482e-10,6.407775857694319e-10,6.407916839293997e-10,6.408057785774138e-10,6.408198697241944e-10,6.408339573662748e-10,6.408480415063028e-10,6.408621221445463e-10,6.408761992796393e-10,6.408902729118505e-10,6.409043430419456e-10,6.409184096767146e-10,6.409324728179363e-10,6.409465324712584e-10,6.40960588637156e-10,6.409746413122399e-10,6.409886904946802e-10,6.410027362031641e-10,6.410167784308621e-10,6.41030817139357e-10,6.410448523907213e-10,6.410588841608315e-10,6.410729124635868e-10,6.410869373023035e-10,6.411009586565362e-10,6.411149765361146e-10,6.411289909457933e-10,6.411430018725118e-10,6.411570093448431e-10,6.411710133404626e-10,6.411850138810081e-10,6.411990109457698e-10,6.412130045595587e-10,6.412269947154587e-10,6.412409814009366e-10,6.412549646417157e-10,6.412689444200623e-10,6.41282920739518e-10,6.412968936143489e-10,6.413108630462976e-10,6.413248290226387e-10,6.413387915484008e-10,6.41352750623436e-10,6.413667062593785e-10,6.413806584579331e-10,6.413946072105633e-10,6.414085525276027e-10,6.414224944099498e-10,6.414364328564441e-10,6.414503678655684e-10,6.414642994308589e-10,6.414782275710515e-10,6.414921522799649e-10,6.415060735296149e-10,6.415199913832041e-10,6.415339058164153e-10,6.415478168277807e-10,6.415617244072762e-10,6.415756285657319e-10,6.415895293154694e-10,6.416034266530736e-10,6.416173205595764e-10,6.416312110653437e-10,6.416450981526917e-10,6.416589818284955e-10,6.416728620839274e-10,6.416867389340149e-10,6.417006123814816e-10,6.41714482423264e-10,6.417283490620039e-10,6.417422122944378e-10,6.417560721380784e-10,6.417699285755802e-10,6.417837816093414e-10,6.417976312473548e-10,6.418114775103798e-10,6.418253203711784e-10,6.418391598314758e-10,6.418529959083137e-10,6.418668285720797e-10,6.418806578699391e-10,6.418944837832139e-10,6.419083063116442e-10,6.419221254485136e-10,6.419359412205644e-10,6.419497536063607e-10,6.419635626210073e-10,6.419773682722287e-10,6.419911705319987e-10,6.420049694238846e-10,6.420187649398876e-10,6.420325570917391e-10,6.420463458638996e-10,6.420601312749938e-10,6.420739133218142e-10,6.420876920323209e-10,6.421014673384004e-10,6.421152392986589e-10,6.421290079044196e-10,6.421427731499054e-10,6.421565350392312e-10,6.421702935738471e-10,6.421840487602789e-10,6.42197800592445e-10,6.422115490729758e-10,6.422252942045052e-10,6.422390359899071e-10,6.422527744349218e-10,6.422665095329966e-10,6.422802412856871e-10,6.422939697013771e-10,6.423076947924129e-10,6.423214165334711e-10,6.42335134920699e-10,6.423488499862859e-10,6.42362561732868e-10,6.423762701396721e-10,6.423899752169171e-10,6.424036769607399e-10,6.424173753779158e-10,6.424310704696294e-10,6.424447622432021e-10,6.424584506962666e-10,6.424721358183281e-10,6.424858176242598e-10,6.424994961138036e-10,6.425131712740935e-10,6.425268431259146e-10,6.425405116657796e-10,6.425541769006551e-10,6.425678388176997e-10,6.425814974288626e-10,6.425951527283225e-10,6.426088047308795e-10,6.42622453419465e-10,6.426360988022955e-10,6.426497408899791e-10,6.426633796895788e-10,6.426770151842969e-10,6.426906473717945e-10,6.42704276261096e-10,6.427179018576682e-10,6.427315241645379e-10,6.427451431804471e-10,6.427587589061165e-10,6.427723713522716e-10,6.427859804965507e-10,6.427995863661958e-10,6.428131889349909e-10,6.4282678824435e-10,6.428403842579316e-10,6.42853976992414e-10,6.428675664456893e-10,6.428811526214983e-10,6.428947355314156e-10,6.429083151645863e-10,6.429218915245301e-10,6.42935464615274e-10,6.429490344184564e-10,6.429626009824799e-10,6.429761642608273e-10,6.429897242820992e-10,6.430032810341185e-10,6.430168345297978e-10,6.430303847725391e-10,6.430439317495346e-10,6.430574754649348e-10,6.430710159278146e-10,6.43084553137932e-10,6.430980871021932e-10,6.431116178042417e-10,6.431251452568745e-10,6.43138669439291e-10,6.431521903847263e-10,6.431657080886122e-10,6.431792225524606e-10,6.431927337741671e-10,6.4320624174694e-10,6.432197464868506e-10,6.432332480010942e-10,6.432467462499491e-10,6.43260241274736e-10,6.432737330613303e-10,6.432872216282372e-10,6.43300706944792e-10,6.433141890475959e-10,6.433276679097672e-10,6.433411435299302e-10,6.433546159445173e-10,6.433680851313818e-10,6.433815510953511e-10,6.433950138437336e-10,6.434084733673259e-10,6.43421929667547e-10,6.434353827517706e-10,6.434488326197427e-10,6.434622792815381e-10,6.434757227176098e-10,6.434891629402634e-10,6.435025999588736e-10,6.435160337731022e-10,6.435294643678528e-10,6.435428917485684e-10,6.435563159449905e-10,6.435697369384428e-10,6.435831547313713e-10,6.435965693287334e-10,6.436099807296191e-10,6.436233889283903e-10,6.436367939272329e-10,6.436501957327569e-10,6.436635943395776e-10,6.436769897602567e-10,6.436903819943053e-10,6.437037710343683e-10,6.43717156882431e-10,6.4373053954803e-10,6.437439190297274e-10,6.437572953222196e-10,6.437706684386201e-10,6.437840383826225e-10,6.437974051460418e-10,6.438107687252412e-10,6.438241291230561e-10,6.438374863513884e-10,6.438508404127942e-10,6.438641912931408e-10,6.43877539004414e-10,6.43890883545963e-10,6.439042249197848e-10,6.439175631278955e-10,6.439308981715957e-10,6.439442300370884e-10,6.439575587532245e-10,6.439708843084848e-10,6.439842067040711e-10,6.439975259368489e-10,6.440108420171266e-10,6.44024154942362e-10,6.440374647134549e-10,6.440507713319711e-10,6.440640747941658e-10,6.440773751100573e-10,6.440906722881273e-10,6.441039663102082e-10,6.441172571862174e-10,6.441305449047685e-10,6.441438294946333e-10,6.441571109236734e-10,6.441703892409104e-10,6.441836644107451e-10,6.441969364305787e-10,6.442102053264937e-10,6.442234710811013e-10,6.442367337098929e-10,6.44249993198071e-10,6.442632495620152e-10,6.44276502814175e-10,6.442897529210335e-10,6.443029999013089e-10,6.443162437473379e-10,6.443294844733727e-10,6.443427220696405e-10,6.443559565529048e-10,6.443691879162247e-10,6.443824161610222e-10,6.443956412942666e-10,6.44408863298321e-10,6.4442208219728e-10,6.444352979828596e-10,6.444485106488914e-10,6.444617202140739e-10,6.444749266758046e-10,6.444881300271644e-10,6.445013302694025e-10,6.445145274146318e-10,6.445277214534147e-10,6.44540912390204e-10,6.445541002248349e-10,6.445672849692576e-10,6.445804666068846e-10,6.445936451313975e-10,6.446068205784679e-10,6.446199929303245e-10,6.44633162192283e-10,6.446463283695104e-10,6.446594914543305e-10,6.446726514446085e-10,6.446858083693478e-10,6.446989621876214e-10,6.447121129060727e-10,6.447252605572749e-10,6.447384051211939e-10,6.447515465998485e-10,6.447646849970087e-10,6.447778203152699e-10,6.447909525693687e-10,6.448040817457238e-10,6.448172078589573e-10,6.448303308913482e-10,6.448434508493071e-10,6.448565677374642e-10,6.448696815596301e-10,6.448827923154264e-10,6.448959000089303e-10,6.449090046371178e-10,6.449221062005553e-10,6.44935204702889e-10,6.449483001453152e-10,6.449613925296427e-10,6.449744818444068e-10,6.449875681110178e-10,6.450006513315094e-10,6.450137314892663e-10,6.450268086086702e-10,6.450398826628018e-10,6.45052953667492e-10,6.450660216253612e-10,6.45079086542134e-10,6.45092148427039e-10,6.451052072512033e-10,6.451182630218663e-10,6.451313157625904e-10,6.451443654517962e-10,6.451574121047517e-10,6.451704557189528e-10,6.451834962978986e-10,6.451965338406375e-10,6.45209568348845e-10,6.452225998282559e-10,6.452356282691548e-10,6.452486536866041e-10,6.452616760680749e-10,6.452746954275222e-10,6.452877117559656e-10,6.453007250588672e-10,6.453137353382362e-10,6.453267425985913e-10,6.45339746839434e-10,6.45352748058976e-10,6.453657462614222e-10,6.453787414540276e-10,6.45391733622077e-10,6.454047227755678e-10,6.454177089161369e-10,6.454306920438951e-10,6.45443672149899e-10,6.454566492574365e-10,6.454696233582596e-10,6.454825944480795e-10,6.45495562524787e-10,6.455085276312142e-10,6.455214897118008e-10,6.455344487915493e-10,6.455474048701089e-10,6.455603579495918e-10,6.455733080308522e-10,6.455862551126849e-10,6.455991992001625e-10,6.456121402957793e-10,6.45625078399177e-10,6.456380135160843e-10,6.456509456374156e-10,6.456638747698475e-10,6.456768009154941e-10,6.456897240776945e-10,6.457026442590034e-10,6.45715561449703e-10,6.457284756580562e-10,6.45741386885276e-10,6.457542951219069e-10,6.457672003903037e-10,6.457801026813339e-10,6.457930019967177e-10,6.458058983404907e-10,6.458187917090368e-10,6.458316821039369e-10,6.458445695251855e-10,6.458574539865259e-10,6.458703354717789e-10,6.458832139800359e-10,6.458960895325056e-10,6.459089621207018e-10,6.459218317515206e-10,6.459346984142779e-10,6.459475621161993e-10,6.459604228585302e-10,6.459732806425724e-10,6.459861354695367e-10,6.459989873401554e-10,6.460118362479438e-10,6.460246821968024e-10,6.460375252076026e-10,6.460503652642805e-10,6.460632023754356e-10,6.460760365403901e-10,6.460888677562959e-10,6.461016960258679e-10,6.461145213508315e-10,6.461273437329923e-10,6.461401631730828e-10,6.461529796728213e-10,6.461657932330652e-10,6.46178603854792e-10,6.461914115393223e-10,6.462042162886207e-10,6.462170181047457e-10,6.462298169863333e-10,6.462426129354145e-10,6.462554059542438e-10,6.462681960435467e-10,6.462809832045699e-10,6.462937674385172e-10,6.463065487430845e-10,6.463193271267497e-10,6.463321025929887e-10,6.463448751312662e-10,6.463576447499276e-10,6.463704114477627e-10,6.463831752271531e-10,6.463959360894744e-10,6.464086940353182e-10,6.464214490668595e-10,6.464342011852363e-10,6.464469503914551e-10,6.464596966867056e-10,6.464724400716375e-10,6.464851805483158e-10,6.464979181179995e-10,6.465106527816742e-10,6.46523384540195e-10,6.465361133924408e-10,6.465488393453677e-10,6.465615623968032e-10,6.46574282548697e-10,6.465869998018175e-10,6.465997141575058e-10,6.466124256163519e-10,6.46625134180573e-10,6.4663783985167e-10,6.466505426112948e-10,6.466632424973675e-10,6.466759394939869e-10,6.466886336016769e-10,6.467013248216945e-10,6.467140131551749e-10,6.467266986046802e-10,6.467393811687642e-10,6.467520608500296e-10,6.467647376497095e-10,6.467774115690085e-10,6.467900826089906e-10,6.468027507600141e-10,6.468154160452437e-10,6.468280784549892e-10,6.46840737990284e-10,6.468533946519998e-10,6.468660484419347e-10,6.468786993610541e-10,6.468913474109876e-10,6.46903992592631e-10,6.469166349067187e-10,6.469292743552334e-10,6.469419109389374e-10,6.469545446588889e-10,6.469671755168359e-10,6.46979803513626e-10,6.469924286505795e-10,6.470050509287136e-10,6.470176703504951e-10,6.470302869147981e-10,6.470429006237009e-10,6.470555114785847e-10,6.470681194809798e-10,6.470807246318987e-10,6.470933269325861e-10,6.471059263840696e-10,6.471185229871741e-10,6.471311167439605e-10,6.471437076551259e-10,6.471562957216615e-10,6.471688809452558e-10,6.47181463326536e-10,6.471940428672851e-10,6.472066195683832e-10,6.47219193431002e-10,6.472317644560018e-10,6.472443326452332e-10,6.472568979996067e-10,6.472694605199712e-10,6.472820202080852e-10,6.472945770645044e-10,6.473071310906187e-10,6.473196822879242e-10,6.473322306571833e-10,6.473447762003695e-10,6.47357318917953e-10,6.473698588111783e-10,6.473823958815554e-10,6.473949301299182e-10,6.474074615575916e-10,6.474199901654274e-10,6.474325159545876e-10,6.474450389270902e-10,6.474575590832561e-10,6.474700764248265e-10,6.474825909526892e-10,6.474951026678987e-10,6.475076115718315e-10,6.475201176653054e-10,6.475326209503428e-10,6.475451214266655e-10,6.475576190965382e-10,6.475701139609272e-10,6.475826060205663e-10,6.475950952772256e-10,6.476075817318882e-10,6.476200653855225e-10,6.476325462396097e-10,6.476450242951481e-10,6.476574995531475e-10,6.476699720149548e-10,6.476824416817611e-10,6.47694908552757e-10,6.477073726328684e-10,6.477198339213949e-10,6.47732292419776e-10,6.477447481286523e-10,6.477572010496482e-10,6.477696511889018e-10,6.477820985371493e-10,6.477945431005768e-10,6.478069848806524e-10,6.478194238776994e-10,6.478318600940137e-10,6.478442935301123e-10,6.478567241875185e-10,6.478691520669809e-10,6.478815771695234e-10,6.478939994970566e-10,6.47906419050271e-10,6.479188358304052e-10,6.479312498383942e-10,6.479436610780442e-10,6.479560695451415e-10,6.479684752440866e-10,6.479808781754124e-10,6.479932783403977e-10,6.480056757397569e-10,6.480180703756896e-10,6.480304622487043e-10,6.480428513565536e-10,6.48055237707241e-10,6.480676212961553e-10,6.480800021287198e-10,6.480923802039755e-10,6.481047555233447e-10,6.481171280876639e-10,6.481294978982795e-10,6.481418649561401e-10,6.481542292637197e-10,6.481665908198518e-10,6.481789496262433e-10,6.481913056832759e-10,6.482036589934775e-10,6.482160095622443e-10,6.482283573808011e-10,6.48240702458054e-10,6.482530447927512e-10,6.482653843862738e-10,6.48277721240386e-10,6.482900553544015e-10,6.483023867306968e-10,6.48314715375379e-10,6.483270412788532e-10,6.483393644474371e-10,6.483516848969519e-10,6.483640025997099e-10,6.483763175740875e-10,6.483886298185875e-10,6.484009393310551e-10,6.484132461159501e-10,6.484255501737625e-10,6.484378515063308e-10,6.484501501153188e-10,6.484624459995216e-10,6.484747391617385e-10,6.48487029602271e-10,6.4849931732324e-10,6.485116023261811e-10,6.485238846124455e-10,6.485361641826085e-10,6.485484410367525e-10,6.485607151761807e-10,6.485729866023192e-10,6.485852552995958e-10,6.485975213043574e-10,6.486097845981934e-10,6.486220451790775e-10,6.486343030520538e-10,6.486465582087746e-10,6.486588106602506e-10,6.486710604159881e-10,6.486833074713521e-10,6.486955518105682e-10,6.487077934657712e-10,6.487200324145736e-10,6.487322686652657e-10,6.487445022241533e-10,6.487567330852004e-10,6.487689612333046e-10,6.48781186703427e-10,6.487934094787313e-10,6.488056295584939e-10,6.488178469476599e-10,6.488300616324577e-10,6.488422736426154e-10,6.488544829645299e-10,6.488666895981801e-10,6.488788935505733e-10,6.488910947560865e-10,6.489032933539493e-10,6.489154892289874e-10,6.489276824343076e-10,6.48939872974576e-10,6.489520608312245e-10,6.489642460132649e-10,6.489764285112947e-10,6.489886083562196e-10,6.490007855047947e-10,6.490129599815462e-10,6.490251317930441e-10,6.490373009128326e-10,6.490494673787023e-10,6.490616311493708e-10,6.490737922381321e-10,6.490859506975903e-10,6.490981065050077e-10,6.491102596278068e-10,6.491224100898922e-10,6.49134557890962e-10,6.491467030298379e-10,6.4915884550368e-10,6.491709853287314e-10,6.491831224837789e-10,6.491952569703918e-10,6.492073887833445e-10,6.492195179685095e-10,6.492316444864059e-10,6.492437683617051e-10,6.492558895885607e-10,6.492680081622041e-10,6.492801240669293e-10,6.492922373588271e-10,6.493043479746644e-10,6.493164559176671e-10,6.493285612392375e-10,6.493406639315288e-10,6.493527639380409e-10,6.493648613401884e-10,6.493769560867764e-10,6.493890482068022e-10,6.494011376872245e-10,6.494132245141018e-10,6.494253087052782e-10,6.494373902736864e-10,6.494494692100701e-10,6.494615454953185e-10,6.494736191610202e-10,6.494856902108704e-10,6.494977586135002e-10,6.495098243894522e-10,6.495218875357152e-10,6.495339480505471e-10,6.495460059287895e-10,6.495580611958082e-10,6.495701138341958e-10,6.495821638368758e-10,6.495942112277226e-10,6.496062559985723e-10,6.49618298128125e-10,6.496303376453013e-10,6.49642374556737e-10,6.496544088512636e-10,6.496664405307617e-10,6.496784695974626e-10,6.496904960454997e-10,6.497025198859135e-10,6.4971454110937e-10,6.497265597073256e-10,6.497385757115127e-10,6.497505890998715e-10,6.49762599893716e-10,6.497746080722805e-10,6.497866136475024e-10,6.497986166082077e-10,6.498106169744563e-10,6.498226147390183e-10,6.498346099026749e-10,6.498466024613758e-10,6.498585924412157e-10,6.498705797691863e-10,6.49882564531774e-10,6.498945467031578e-10,6.49906526276215e-10,6.499185032540495e-10,6.499304776411118e-10,6.499424494354743e-10,6.49954418636749e-10,6.499663852487707e-10,6.499783492808403e-10,6.499903107156457e-10,6.500022695767456e-10,6.500142258370485e-10,6.500261795144718e-10,6.500381306021937e-10,6.500500791437281e-10,6.500620250706366e-10,6.500739684387151e-10,6.500859092009494e-10,6.500978473768481e-10,6.501097829874162e-10,6.501217160257903e-10,6.501336465149597e-10,6.501455743854834e-10,6.501574996808955e-10,6.501694224184094e-10,6.501813425757961e-10,6.50193260163791e-10,6.502051751829004e-10,6.502170876392841e-10,6.50228997542345e-10,6.502409048503512e-10,6.50252809607678e-10,6.502647117998649e-10,6.502766114301716e-10,6.502885084851694e-10,6.503004030065218e-10,6.503122949522032e-10,6.50324184340961e-10,6.503360711674298e-10,6.503479554317825e-10,6.503598371602114e-10,6.503717163191395e-10,6.503835929222162e-10,6.503954669727804e-10,6.504073384718758e-10,6.504192074208103e-10,6.504310738151422e-10,6.504429376627814e-10,6.504547989511565e-10,6.504666577168951e-10,6.504785139261991e-10,6.504903675790994e-10,6.505022186957964e-10,6.505140672690623e-10,6.505259132962345e-10,6.505377568042491e-10,6.505495977784465e-10,6.505614361911289e-10,6.50573272059761e-10,6.505851053948216e-10,6.50596936194123e-10,6.506087644734479e-10,6.506205901993929e-10,6.506324133949232e-10,6.506442340614457e-10,6.506560522042196e-10,6.506678678077349e-10,6.506796808812917e-10,6.506914914286079e-10,6.507032994852311e-10,6.507151049727737e-10,6.507269079476393e-10,6.507387083963982e-10,6.507505063346478e-10,6.507623017421031e-10,6.507740946066015e-10,6.507858849639286e-10,6.507976728085273e-10,6.508094581285348e-10,6.508212409266959e-10,6.508330212127818e-10,6.508447989842207e-10,6.508565742413117e-10,6.508683469818289e-10,6.508801172137168e-10,6.50891884933577e-10,6.50903650150707e-10,6.509154128521665e-10,6.509271730679932e-10,6.509389307537134e-10,6.509506859395226e-10,6.509624386136491e-10,6.509741888095763e-10,6.509859365049426e-10,6.50997681698319e-10,6.510094243816207e-10,6.510211645487401e-10,6.510329022278852e-10,6.510446374161846e-10,6.510563700671118e-10,6.510681002558627e-10,6.510798279473332e-10,6.510915531575455e-10,6.511032758726071e-10,6.511149960821142e-10,6.511267138016068e-10,6.5113842900369e-10,6.511501417192472e-10,6.511618519582386e-10,6.511735597222141e-10,6.511852649868638e-10,6.511969677915752e-10,6.51208668114033e-10,6.512203659345345e-10,6.512320612831253e-10,6.51243754143108e-10,6.512554445249297e-10,6.512671324189119e-10,6.512788178342537e-10,6.512905007716121e-10,6.513021812162236e-10,6.513138591824727e-10,6.51325534674006e-10,6.513372076855757e-10,6.513488782244687e-10,6.513605462942173e-10,6.513722118895683e-10,6.513838750228697e-10,6.513955356832496e-10,6.514071938715881e-10,6.514188495864376e-10,6.514305028488667e-10,6.514421536294368e-10,6.514538019663456e-10,6.514654478411384e-10,6.514770912526751e-10,6.514887322010759e-10,6.515003706897788e-10,6.515120067174844e-10,6.515236402853838e-10,6.515352713961922e-10,6.515469000496916e-10,6.515585262485764e-10,6.515701499915155e-10,6.515817712806044e-10,6.51593390116809e-10,6.516050065010511e-10,6.516166204343254e-10,6.516282319175688e-10,6.51639840951747e-10,6.516514475377816e-10,6.516630516766108e-10,6.516746533692629e-10,6.516862526166361e-10,6.516978494196796e-10,6.517094437793543e-10,6.517210356965909e-10,6.517326251723909e-10,6.51744212207651e-10,6.517557968030546e-10,6.517673789598322e-10,6.517789586788314e-10,6.51790535961e-10,6.518021107950809e-10,6.518136832081941e-10,6.518252532307646e-10,6.518368207777877e-10,6.518483858794792e-10,6.518599485634634e-10,6.518715088406518e-10,6.518830666630456e-10,6.518946220461447e-10,6.519061750128031e-10,6.519177255532289e-10,6.519292736675736e-10,6.519408193573815e-10,6.519523626237379e-10,6.519639034679912e-10,6.519754418904629e-10,6.519869778917469e-10,6.519985114732742e-10,6.520100426361436e-10,6.520215713823813e-10,6.520330977121573e-10,6.520446216230533e-10,6.520561431196069e-10,6.520676622041003e-10,6.520791788733218e-10,6.520906931315757e-10,6.521022049784097e-10,6.521137144147944e-10,6.521252214416215e-10,6.521367260629206e-10,6.521482282735682e-10,6.521597280774236e-10,6.52171225471448e-10,6.521827204632333e-10,6.521942130527006e-10,6.522057032338068e-10,6.522171910183032e-10,6.522286764046793e-10,6.522401593862584e-10,6.522516399726523e-10,6.52263118156357e-10,6.522745939488689e-10,6.522860673395807e-10,6.522975383351415e-10,6.523090069354862e-10,6.523204731421172e-10,6.523319369557601e-10,6.523433983860345e-10,6.523548574165241e-10,6.523663140792377e-10,6.523777683312759e-10,6.523892201943308e-10,6.524006696739772e-10,6.524121167631908e-10,6.524235614669007e-10,6.524350037873893e-10,6.524464437302178e-10,6.524578812967135e-10,6.524693164673636e-10,6.524807492575044e-10,6.524921796761784e-10,6.525036076939118e-10,6.525150333446047e-10,6.525264566234358e-10,6.525378775205789e-10,6.525492960438055e-10,6.525607121912971e-10,6.525721259664625e-10,6.52583537368247e-10,6.525949463817282e-10,6.526063530387666e-10,6.526177573237609e-10,6.526291592176899e-10,6.526405587763109e-10,6.526519559564626e-10,6.526633507703703e-10,6.526747432190704e-10,6.526861333029803e-10,6.526975210250926e-10,6.527089063933725e-10,6.527202893975432e-10,6.527316700375689e-10,6.527430483175877e-10,6.527544242921703e-10,6.527657978564601e-10,6.527771690615853e-10,6.527885379119465e-10,6.527999044040975e-10,6.528112685416646e-10,6.528226303252471e-10,6.528339897597778e-10,6.528453468421717e-10,6.52856701569767e-10,6.52868053946392e-10,6.528794039748955e-10,6.528907516544081e-10,6.529020969649833e-10,6.529134399411811e-10,6.52924780570585e-10,6.529361188667586e-10,6.529474547984304e-10,6.529587883835545e-10,6.529701196492678e-10,6.529814485627068e-10,6.52992775139033e-10,6.530040993831965e-10,6.530154212900966e-10,6.530267408610335e-10,6.53038058103982e-10,6.530493729999335e-10,6.530606855540687e-10,6.530719957808091e-10,6.530833036745618e-10,6.530946092317823e-10,6.531059124510834e-10,6.531172133729727e-10,6.531285119351035e-10,6.531398081765927e-10,6.531511020833007e-10,6.531623936567938e-10,6.531736829106376e-10,6.531849698477919e-10,6.531962544323446e-10,6.532075367195731e-10,6.532188166841808e-10,6.532300943502244e-10,6.532413696789185e-10,6.532526426809202e-10,6.532639133636896e-10,6.532751817341041e-10,6.532864477806605e-10,6.53297711510887e-10,6.533089729232413e-10,6.533202320280178e-10,6.533314888146022e-10,6.533427432881853e-10,6.533539954652295e-10,6.53365245281129e-10,6.533764928259497e-10,6.53387738052009e-10,6.53398980978346e-10,6.534102216085148e-10,6.53421459908999e-10,6.53432695906028e-10,6.534439296018367e-10,6.534551610000257e-10,6.534663900893841e-10,6.534776168748391e-10,6.534888413606259e-10,6.535000635438155e-10,6.535112834221845e-10,6.535225010116412e-10,6.535337163151213e-10,6.535449293047327e-10,6.535561399972649e-10,6.535673483937742e-10,6.535785544534973e-10,6.535897582621958e-10,6.536009597756693e-10,6.536121589988917e-10,6.53623355929696e-10,6.536345506072608e-10,6.536457429581558e-10,6.536569330221294e-10,6.536681207966588e-10,6.536793062965306e-10,6.536904894976917e-10,6.537016704150026e-10,6.537128490517882e-10,6.537240254004065e-10,6.537351994676224e-10,6.537463712544518e-10,6.537575407737767e-10,6.537687080005595e-10,6.5377987293973e-10,6.537910356054351e-10,6.538021959964013e-10,6.538133541106035e-10,6.538245099485618e-10,6.538356635071293e-10,6.538468147909331e-10,6.538579638011345e-10,6.538691104980255e-10,6.538802549670163e-10,6.538913971652169e-10,6.539025370970835e-10,6.53913674758955e-10,6.53924810153812e-10,6.539359432808865e-10,6.539470741406836e-10,6.539582027603791e-10,6.539693290829784e-10,6.539804531497524e-10,6.539915749454738e-10,6.540026944790812e-10,6.540138117742182e-10,6.54024926812757e-10,6.540360395873249e-10,6.540471501040422e-10,6.540582583380738e-10,6.540693643416916e-10,6.540804680872233e-10,6.54091569574767e-10,6.541026687940426e-10,6.541137657624413e-10,6.541248604740566e-10,6.541359529474487e-10,6.541470431585163e-10,6.541581311258601e-10,6.541692168347259e-10,6.541803002927973e-10,6.541913815072678e-10,6.542024604501099e-10,6.54213537170395e-10,6.542246116325577e-10,6.542356838629877e-10,6.542467538505252e-10,6.542578215946381e-10,6.542688870967878e-10,6.542799503600662e-10,6.542910113830203e-10,6.543020701642564e-10,6.543131267070754e-10,6.54324181013345e-10,6.543352330810115e-10,6.543462829135268e-10,6.543573305102483e-10,6.543683758792501e-10,6.543794190089306e-10,6.543904599053339e-10,6.544014985702046e-10,6.544125350041798e-10,6.544235692061826e-10,6.54434601177508e-10,6.544456309285931e-10,6.544566584465323e-10,6.544676837373259e-10,6.544787068005271e-10,6.544897276413124e-10,6.545007462549849e-10,6.545117626484868e-10,6.545227768169949e-10,6.545337887617929e-10,6.545447984853786e-10,6.54555805988917e-10,6.545668112729586e-10,6.545778143106566e-10,6.545888151579665e-10,6.545998137883302e-10,6.546108102017256e-10,6.546218043996732e-10,6.546327963837913e-10,6.546437861479307e-10,6.546547737061193e-10,6.546657590460233e-10,6.54676742181627e-10,6.546877231059176e-10,6.546987018195676e-10,6.547096783227262e-10,6.54720652618205e-10,6.547316247083473e-10,6.54742594592801e-10,6.547535622763282e-10,6.547645277485896e-10,6.547754910291817e-10,6.547864520943436e-10,6.547974109556074e-10,6.548083676129253e-10,6.548193220749315e-10,6.548302743389733e-10,6.548412243999412e-10,6.548521722648875e-10,6.548631179714861e-10,6.548740614399627e-10,6.548850027142726e-10,6.548959417974295e-10,6.549068787008856e-10,6.549178133964205e-10,6.549287458963116e-10,6.549396762013887e-10,6.549506043143977e-10,6.549615302345345e-10,6.549724539722915e-10,6.549833755196316e-10,6.549942948769094e-10,6.550052120479796e-10,6.550161270336182e-10,6.550270398281334e-10,6.550379504455788e-10,6.5504885887951e-10,6.550597651284477e-10,6.550706691983515e-10,6.550815710861349e-10,6.55092470793024e-10,6.551033683200481e-10,6.551142636661685e-10,6.551251568330574e-10,6.55136047826913e-10,6.551469366404175e-10,6.551578232821782e-10,6.551687077440158e-10,6.551795900187146e-10,6.551904701347508e-10,6.552013480781941e-10,6.552122238495772e-10,6.552230974486246e-10,6.552339688789947e-10,6.552448381401147e-10,6.552557052343274e-10,6.552665701583517e-10,6.552774329151666e-10,6.552882935129116e-10,6.552991519393972e-10,6.553100082064083e-10,6.553208623036647e-10,6.553317142378419e-10,6.553425640062297e-10,6.553534116136011e-10,6.553642570637729e-10,6.553751003511008e-10,6.553859414839769e-10,6.553967804768858e-10,6.554076172971048e-10,6.554184519549186e-10,6.554292844589016e-10,6.554401148117525e-10,6.554509430056313e-10,6.554617690461011e-10,6.554725929343222e-10,6.554834146990552e-10,6.554942343017877e-10,6.555050517697745e-10,6.555158670545071e-10,6.555266801999754e-10,6.55537491187912e-10,6.555483000342106e-10,6.555591067291345e-10,6.555699112793951e-10,6.555807136859898e-10,6.555915139449809e-10,6.556023120631725e-10,6.556131080373379e-10,6.556239018702513e-10,6.556346935621815e-10,6.556454831139981e-10,6.556562705265091e-10,6.556670558000703e-10,6.556778389359713e-10,6.556886199303568e-10,6.556993987982712e-10,6.557101755233591e-10,6.557209501154498e-10,6.557317225760469e-10,6.557424929005061e-10,6.557532610917557e-10,6.557640271574538e-10,6.557747910687048e-10,6.557855528741987e-10,6.557963125455216e-10,6.558070700529739e-10,6.558178254662953e-10,6.558285787537008e-10,6.558393299138758e-10,6.558500789459934e-10,6.558608258623961e-10,6.558715706502377e-10,6.558823133188031e-10,6.558930538588269e-10,6.559037922874282e-10,6.559145285854264e-10,6.559252627880347e-10,6.559359948490999e-10,6.559467247975018e-10,6.559574526204386e-10,6.559681783084637e-10,6.559789018999808e-10,6.559896233771826e-10,6.560003427361858e-10,6.560110599813245e-10,6.560217751142872e-10,6.560324881342115e-10,6.560431990425586e-10,6.560539078481998e-10,6.56064614537867e-10,6.560753191179749e-10,6.560860215889904e-10,6.56096721955116e-10,6.561074202121207e-10,6.561181163604591e-10,6.561288104036126e-10,6.561395023429386e-10,6.561501921783167e-10,6.561608799072816e-10,6.561715655364543e-10,6.561822490805033e-10,6.561929304994281e-10,6.56203609826176e-10,6.56214287053609e-10,6.562249621819529e-10,6.562356352085872e-10,6.562463061424125e-10,6.562569749660238e-10,6.562676417077067e-10,6.562783063563173e-10,6.562889689096141e-10,6.562996293690254e-10,6.563102877305267e-10,6.563209440001525e-10,6.563315981846947e-10,6.563422502728897e-10,6.563529002712616e-10,6.563635481808433e-10,6.563741940026533e-10,6.563848377369746e-10,6.563954793844395e-10,6.564061189461924e-10,6.564167564227781e-10,6.56427391814967e-10,6.564380251237505e-10,6.5644865634967e-10,6.564592854933334e-10,6.564699125556866e-10,6.564805375372496e-10,6.564911604390092e-10,6.565017812617076e-10,6.565124000061916e-10,6.565230166731681e-10,6.565336312631744e-10,6.565442437770595e-10,6.565548542155775e-10,6.565654625792385e-10,6.565760688691115e-10,6.565866730859036e-10,6.565972752300454e-10,6.566078753028615e-10,6.566184733044303e-10,6.566290692355386e-10,6.56639663097529e-10,6.566502548908754e-10,6.566608446165579e-10,6.566714322746203e-10,6.566820178660497e-10,6.566926013918325e-10,6.567031828525475e-10,6.567137622491083e-10,6.567243395818355e-10,6.567349148521405e-10,6.567454880604982e-10,6.567560592077046e-10,6.567666282938394e-10,6.567771953201606e-10,6.56787760287824e-10,6.567983231970214e-10,6.568088840486411e-10,6.568194428427022e-10,6.56829999580896e-10,6.568405542636052e-10,6.568511068912231e-10,6.568616574648362e-10,6.568722059859469e-10,6.568827524544702e-10,6.568932968701671e-10,6.569038392356692e-10,6.569143795507546e-10,6.569249178158461e-10,6.569354540320594e-10,6.569459882012004e-10,6.569565203225774e-10,6.569670503972556e-10,6.569775784255802e-10,6.569881044077252e-10,6.569986283441053e-10,6.570091502390717e-10,6.570196700913749e-10,6.570301879006225e-10,6.570407036688581e-10,6.570512173959027e-10,6.570617290811186e-10,6.570722387287333e-10,6.570827463374358e-10,6.570932519068522e-10,6.571037554396095e-10,6.571142569345766e-10,6.571247563939392e-10,6.571352538197146e-10,6.571457492107724e-10,6.571562425682245e-10,6.571667338929349e-10,6.571772231846963e-10,6.571877104439674e-10,6.571981956716945e-10,6.572086788687812e-10,6.572191600375725e-10,6.572296391775128e-10,6.572401162897101e-10,6.572505913741837e-10,6.572610644310809e-10,6.572715354807282e-10,6.572820044879555e-10,6.57292471488387e-10,6.573029364654643e-10,6.573133994200986e-10,6.573238603560292e-10,6.573343192492359e-10,6.573447761432096e-10,6.573552310174987e-10,6.573656838726583e-10,6.57376134711757e-10,6.573865834981367e-10,6.573970303003189e-10,6.574074750887025e-10,6.574179178602036e-10,6.574283586170315e-10,6.57438797347699e-10,6.574492340655939e-10,6.574596687830947e-10,6.57470101488721e-10,6.574805321773204e-10,6.574909608617177e-10,6.575013875378145e-10,6.575118122055431e-10,6.575222348928783e-10,6.575326555270857e-10,6.575430741607743e-10,6.575534907917869e-10,6.575639054145624e-10,6.575743180380725e-10,6.575847286506735e-10,6.575951372597225e-10,6.576055438587219e-10,6.576159484562115e-10,6.576263510428807e-10,6.576367516224545e-10,6.576471502170895e-10,6.576575468294583e-10,6.576679414125419e-10,6.576783340254012e-10,6.576887246403483e-10,6.576991132546331e-10,6.577094998586902e-10,6.577198844834263e-10,6.577302671145795e-10,6.577406477526543e-10,6.577510263985498e-10,6.577614030511102e-10,6.57771777709669e-10,6.577821503774656e-10,6.577925210570582e-10,6.578028897449336e-10,6.578132564470896e-10,6.578236211600286e-10,6.578339838872509e-10,6.57844344628848e-10,6.578547033839476e-10,6.57865060166778e-10,6.578754149551069e-10,6.578857677571732e-10,6.578961185760868e-10,6.579064674113213e-10,6.57916814267537e-10,6.579271591397372e-10,6.579375020330329e-10,6.579478429545989e-10,6.579581818885905e-10,6.579685188446358e-10,6.579788538232383e-10,6.579891868239948e-10,6.579995178550671e-10,6.580098469111922e-10,6.580201739875055e-10,6.580304990891591e-10,6.58040822214792e-10,6.580511433742258e-10,6.580614625568328e-10,6.580717797696021e-10
11,7.562153906503758e-25,1.0208151747981371e-24,1.2571555237482957e-24,1.484578042179944e-24,1.705794230039767e-24,1.922403765212382e-24,2.1355829699639137e-24,2.346207391552394e-24,2.55492909071466e-24,2.7622337014517103e-24,2.9684829089125424e-24,3.173946084812772e-24,3.378823848889994e-24,3.5832656163792774e-24,3.787382667244324e-24,3.991257879251682e-24,4.1949529772036276e-24,4.39851393181087e-24,4.601974980610379e-24,4.805361622720627e-24,5.008692849002815e-24,5.2119828032946815e-24,5.415242019538048e-24,5.618478342999996e-24,5.82169761664086e-24,6.024904192106654e-24,6.2281013103663266e-24,6.431291385193039e-24,6.634476214290522e-24,6.837657136531085e-24,7.04083514906683e-24,7.244010994545015e-24,7.447185226066362e-24,7.650358255562163e-24,7.853530389827348e-24,8.056701857352427e-24,8.259872828310392e-24,8.4630434294404e-24,8.666213755133595e-24,8.86938387569214e-24,9.072553843469156e-24,9.27572369746237e-24,9.478893466711472e-24,9.682063172846281e-24,9.885232831976084e-24,1.0088402456096603e-23,1.0291572054143907e-23,1.0494741632773553e-23,1.0697911196940001e-23,1.09010807503362e-23,1.1104250295710283e-23,1.1307419835109687e-23,1.1510589370059914e-23,1.171375890169546e-23,1.1916928430862815e-23,1.2120097958192256e-23,1.2323267484153012e-23,1.2526437009095181e-23,1.2729606533275912e-23,1.2932776056891526e-23,1.3135945580087424e-23,1.3339115102967974e-23,1.354228462561525e-23,1.3745454148088707e-23,1.394862367043363e-23,1.4151793192680144e-23,1.4354962714856093e-23,1.4558132236977596e-23,1.4761301759060505e-23,1.4964471281112968e-23,1.516764080314242e-23,1.5370810325156563e-23,1.557397984715796e-23,1.5777149369150296e-23,1.5980318891135883e-23,1.618348841311708e-23,1.6386657935093294e-23,1.6589827457067443e-23,1.679299697904005e-23,1.699616650100979e-23,1.7199336022978796e-23,1.740250554494773e-23,1.7605675066914568e-23,1.7808844588881764e-23,1.8012014110848093e-23,1.821518363281561e-23,1.8418353154781345e-23,1.862152267674821e-23,1.8824692198713644e-23,1.9027861720679923e-23,1.9231031242645532e-23,1.9434200764611687e-23,1.9637370286578007e-23,1.9840539808543287e-23,2.0043709330509722e-23,2.024687885247531e-23,2.045004837444046e-23,2.0653217896406737e-23,2.0856387418372254e-23,2.105955694033797e-23,2.1262726462304034e-23,2.146589598426924e-23,2.166906550623507e-23,2.18722350282009e-23,2.2075404550166813e-23,2.2278574072132213e-23,2.2481743594097837e-23,2.268491311606406e-23,2.2888082638029625e-23,2.309125215999546e-23,2.3294421681960625e-23,2.3497591203926472e-23,2.370076072589243e-23,2.3903930247857772e-23,2.41070997698235e-23,2.431026929178929e-23,2.4513438813755037e-23,2.4716608335720772e-23,2.491977785768687e-23,2.5122947379652296e-23,2.5326116901617623e-23,2.5529286423583543e-23,2.5732455945549895e-23,2.5935625467515642e-23,2.613879498948133e-23,2.634196451144722e-23,2.6545134033412666e-23,2.6748303555378536e-23,2.69514730773444e-23,2.7154642599309966e-23,2.735781212127579e-23,2.756098164324146e-23,2.776415116520707e-23,2.796732068717301e-23,2.817049020913887e-23,2.837365973110464e-23,2.857682925307043e-23,2.8779998775036207e-23,2.898316829700143e-23,2.9186337818967583e-23,2.938950734093357e-23,2.9592676862898936e-23,2.9795846384864096e-23,2.9999015906829537e-23,3.020218542879625e-23,3.040535495076207e-23,3.0608524472727524e-23,3.081169399469279e-23,3.101486351665876e-23,3.121803303862511e-23,3.142120256059051e-23,3.162437208255608e-23,3.182754160452147e-23,3.203071112648738e-23,3.2233880648453125e-23,3.2437050170418595e-23,3.2640219692384096e-23,3.28433892143499e-23,3.304655873631572e-23,3.324972825828139e-23,3.3452897780247383e-23,3.365606730221328e-23,3.3859236824178654e-23,3.406240634614556e-23,3.4265575868110683e-23,3.4468745390076607e-23,3.467191491204261e-23,3.487508443400817e-23,3.507825395597402e-23,3.528142347793982e-23,3.548459299990562e-23,3.568776252187137e-23,3.589093204383677e-23,3.609410156580164e-23,3.629727108776792e-23,3.650044060973334e-23,3.6703610131699595e-23,3.690677965366559e-23,3.710994917563138e-23,3.731311869759616e-23,3.7516288219562424e-23,3.7719457741528306e-23,3.7922627263494194e-23,3.812579678545943e-23,3.8328966307425095e-23,3.853213582939087e-23,3.8735305351356736e-23,3.8938474873322483e-23,3.9141644395288236e-23,3.934481391725385e-23,3.9547983439219583e-23,3.975115296118531e-23,3.9954322483151054e-23,4.015749200511716e-23,4.036066152708228e-23,4.056383104904847e-23,4.076700057101421e-23,4.097017009297996e-23,4.1173339614945836e-23,4.1376509136911577e-23,4.15796786588773e-23,4.1782848180843153e-23,4.1986017702808894e-23,4.2189187224774635e-23,4.2392356746740306e-23,4.2595526268705565e-23,4.279869579067169e-23,4.300186531263693e-23,4.320503483460265e-23,4.340820435656846e-23,4.361137387853433e-23,4.381454340050006e-23,4.4017712922465577e-23,4.42208824444315e-23,4.442405196639742e-23,4.462722148836378e-23,4.483039101032907e-23,4.5033560532294365e-23,4.523673005425991e-23,4.543989957622578e-23,4.5643069098192035e-23,4.5846238620157165e-23,4.604940814212336e-23,4.6252577664088836e-23,4.6455747186054265e-23,4.6658916708020095e-23,4.686208622998582e-23,4.706525575195242e-23,4.726842527391775e-23,4.747159479588323e-23,4.7674764317848824e-23,4.7877933839814524e-23,4.808110336178077e-23,4.8284272883746576e-23,4.848744240571172e-23,4.8690611927678464e-23,4.8893781449644305e-23,4.909695097160927e-23,4.930012049357506e-23,4.950329001554091e-23,4.9706459537506535e-23,4.9909629059472394e-23,5.011279858143822e-23,5.031596810340354e-23,5.0519137625369776e-23,5.072230714733543e-23,5.092547666930136e-23,5.112864619126688e-23,5.1331815713232664e-23,5.153498523519833e-23,5.173815475716414e-23,5.1941324279129794e-23,5.2144493801095323e-23,5.2347663323060694e-23,5.2550832845026506e-23,5.2754002366992235e-23,5.295717188895797e-23,5.316034141092418e-23,5.336351093288934e-23,5.356668045485563e-23,5.376984997682152e-23,5.397301949878736e-23,5.417618902075305e-23,5.437935854271848e-23,5.458252806468405e-23,5.47856975866499e-23,5.498886710861684e-23,5.519203663058194e-23,5.53952061525475e-23,5.55983756745128e-23,5.580154519647826e-23,5.600471471844459e-23,5.62078842404102e-23,5.641105376237594e-23,5.661422328434163e-23,5.681739280630722e-23,5.702056232827308e-23,5.72237318502386e-23,5.742690137220449e-23,5.763007089416947e-23,5.783324041613588e-23,5.803640993810165e-23,5.823957946006793e-23,5.844274898203343e-23,5.864591850399964e-23,5.884908802596442e-23,5.905225754793008e-23,5.925542706989666e-23,5.945859659186237e-23,5.966176611382684e-23,5.9864935635793e-23,6.006810515775918e-23,6.027127467972486e-23,6.047444420169035e-23,6.067761372365658e-23,6.088078324562205e-23,6.108395276758719e-23,6.128712228955342e-23,6.149029181151918e-23,6.169346133348509e-23,6.18966308554509e-23,6.209980037741655e-23,6.230296989938199e-23,6.250613942134867e-23,6.270930894331443e-23,6.291247846528005e-23,6.311564798724531e-23,6.331881750921066e-23,6.352198703117692e-23,6.372515655314315e-23,6.392832607510856e-23,6.41314955970741e-23,6.433466511903937e-23,6.453783464100516e-23,6.474100416297142e-23,6.494417368493667e-23,6.514734320690219e-23,6.535051272886819e-23,6.55536822508336e-23,6.575685177279965e-23,6.596002129476572e-23,6.616319081673053e-23,6.636636033869725e-23,6.656952986066332e-23,6.677269938262917e-23,6.697586890459372e-23,6.717903842656022e-23,6.738220794852602e-23,6.758537747049196e-23,6.778854699245749e-23,6.799171651442347e-23,6.819488603638886e-23,6.839805555835444e-23,6.860122508031998e-23,6.880439460228576e-23,6.900756412425207e-23,6.921073364621751e-23,6.941390316818283e-23,6.961707269014868e-23,6.982024221211414e-23,7.002341173407995e-23,7.022658125604622e-23,7.042975077801204e-23,7.063292029997757e-23,7.083608982194303e-23,7.103925934390874e-23,7.124242886587448e-23,7.144559838784032e-23,7.164876790980633e-23,7.185193743177213e-23,7.205510695373826e-23,7.225827647570337e-23,7.246144599766833e-23,7.26646155196342e-23,7.286778504160012e-23,7.307095456356529e-23,7.327412408553215e-23,7.347729360749709e-23,7.368046312946316e-23,7.388363265142799e-23,7.40868021733946e-23,7.42899716953604e-23,7.449314121732551e-23,7.469631073929239e-23,7.489948026125826e-23,7.5102649783224e-23,7.530581930518962e-23,7.550898882715438e-23,7.571215834912079e-23,7.591532787108578e-23,7.611849739305227e-23,7.632166691501881e-23,7.652483643698429e-23,7.672800595895012e-23,7.693117548091591e-23,7.713434500288207e-23,7.733751452484702e-23,7.754068404681259e-23,7.774385356877831e-23,7.794702309074429e-23,7.815019261270963e-23,7.835336213467595e-23,7.855653165664204e-23,7.875970117860842e-23,7.896287070057378e-23,7.916604022253947e-23,7.936920974450377e-23,7.957237926646987e-23,7.977554878843554e-23,7.997871831040235e-23,8.01818878323685e-23,8.038505735433332e-23,8.058822687629886e-23,8.079139639826475e-23,8.099456592022986e-23,8.119773544219534e-23,8.140090496416095e-23,8.160407448612657e-23,8.180724400809389e-23,8.201041353005866e-23,8.221358305202496e-23,8.241675257399042e-23,8.261992209595693e-23,8.282309161792237e-23,8.302626113988854e-23,8.322943066185312e-23,8.343260018381965e-23,8.363576970578483e-23,8.38389392277511e-23,8.404210874971617e-23,8.424527827168126e-23,8.444844779364788e-23,8.465161731561342e-23,8.485478683757915e-23,8.505795635954494e-23,8.526112588151061e-23,8.546429540347614e-23,8.566746492544297e-23,8.587063444740801e-23,8.607380396937375e-23,8.627697349133949e-23,8.648014301330476e-23,8.668331253527046e-23,8.688648205723621e-23,8.708965157920157e-23,8.729282110116726e-23,8.7495990623133e-23,8.769916014509867e-23,8.790232966706619e-23,8.810549918902983e-23,8.830866871099631e-23,8.851183823296161e-23,8.871500775492733e-23,8.891817727689299e-23,8.912134679885893e-23,8.932451632082563e-23,8.952768584279012e-23,8.973085536475656e-23,8.993402488672297e-23,9.013719440868842e-23,9.034036393065406e-23,9.054353345261823e-23,9.074670297458482e-23,9.094987249655066e-23,9.115304201851651e-23,9.135621154048311e-23,9.155938106244782e-23,9.176255058441367e-23,9.196572010637903e-23,9.216888962834568e-23,9.237205915031163e-23,9.257522867227742e-23,9.277839819424278e-23,9.298156771620829e-23,9.31847372381756e-23,9.338790676014111e-23,9.3591076282106e-23,9.379424580407223e-23,9.39974153260369e-23,9.420058484800308e-23,9.440375436996958e-23,9.4606923891935e-23,9.481009341389934e-23,9.501326293586479e-23,9.52164324578317e-23,9.54196019797966e-23,9.562277150176218e-23,9.582594102372813e-23,9.602911054569387e-23,9.623228006766063e-23,9.643544958962576e-23,9.663861911159149e-23,9.684178863355663e-23,9.704495815552427e-23,9.724812767749026e-23,9.745129719945536e-23,9.765446672142115e-23,9.785763624338627e-23,9.806080576535234e-23,9.826397528731815e-23,9.846714480928374e-23,9.867031433124946e-23,9.887348385321519e-23,9.907665337518011e-23,9.927982289714584e-23,9.948299241911157e-23,9.96861619410776e-23,9.988933146304369e-23,1.0009250098500948e-22,1.0029567050697521e-22,1.0049884002894158e-22,1.007020095509056e-22,1.0090517907287274e-22,1.011083485948391e-22,1.0131151811680341e-22,1.0151468763876991e-22,1.0171785716073398e-22,1.0192102668270043e-22,1.0212419620466666e-22,1.0232736572663089e-22,1.0253053524859763e-22,1.0273370477056322e-22,1.0293687429252916e-22,1.0314004381449481e-22,1.033432133364606e-22,1.0354638285842705e-22,1.0374955238039163e-22,1.0395272190235847e-22,1.0415589142432365e-22,1.0435906094628928e-22,1.0456223046825459e-22,1.0476539999022091e-22,1.0496856951218665e-22,1.0517173903415242e-22,1.0537490855611729e-22,1.0557807807808376e-22,1.0578124760005011e-22,1.0598441712201588e-22,1.0618758664398154e-22,1.0639075616594733e-22,1.0659392568791301e-22,1.0679709520987858e-22,1.0700026473184434e-22,1.0720343425381005e-22,1.0740660377577603e-22,1.076097732977418e-22,1.0781294281970757e-22,1.080161123416733e-22,1.082192818636398e-22,1.0842245138560555e-22,1.086256209075713e-22,1.0882879042953643e-22,1.0903195995150214e-22,1.0923512947346788e-22,1.094382989954326e-22,1.0964146851739813e-22,1.0984463803936403e-22,1.100478075613296e-22,1.1025097708329496e-22,1.1045414660526215e-22,1.1065731612722755e-22,1.108604856491931e-22,1.110636551711577e-22,1.1126682469312382e-22,1.1146999421509085e-22,1.1167316373705522e-22,1.1187633325902213e-22,1.120795027809875e-22,1.122826723029526e-22,1.124858418249188e-22,1.126890113468854e-22,1.128921808688519e-22,1.1309535039081581e-22,1.1329851991278275e-22,1.1350168943474743e-22,1.137048589567146e-22,1.1390802847867906e-22,1.1411119800064604e-22,1.1431436752261098e-22,1.145175370445757e-22,1.1472070656654195e-22,1.1492387608850663e-22,1.1512704561047197e-22,1.1533021513243857e-22,1.1553338465440414e-22,1.1573655417636978e-22,1.159397236983365e-22,1.1614289322030168e-22,1.1634606274226732e-22,1.1654923226423336e-22,1.167524017861999e-22,1.1695557130816476e-22,1.1715874083013235e-22,1.1736191035209823e-22,1.175650798740636e-22,1.177682493960281e-22,1.1797141891799318e-22,1.1817458843996002e-22,1.18377757961925e-22,1.1858092748389088e-22,1.1878409700585558e-22,1.1898726652782127e-22,1.1919043604978696e-22,1.1939360557175455e-22,1.1959677509371913e-22,1.1979994461568642e-22,1.200031141376525e-22,1.2020628365961838e-22,1.2040945318158297e-22,1.2061262270354868e-22,1.2081579222551415e-22,1.210189617474809e-22,1.212221312694467e-22,1.2142530079141143e-22,1.216284703133768e-22,1.2183163983534191e-22,1.2203480935730793e-22,1.2223797887927397e-22,1.2244114840123978e-22,1.226443179232055e-22,1.2284748744517118e-22,1.2305065696713651e-22,1.2325382648910223e-22,1.2345699601106836e-22,1.2366016553303461e-22,1.238633350550011e-22,1.2406650457696585e-22,1.242696740989308e-22,1.2447284362089638e-22,1.246760131428627e-22,1.2487918266482848e-22,1.25082352186794e-22,1.2528552170876e-22,1.2548869123072571e-22,1.2569186075269258e-22,1.2589503027465775e-22,1.2609819979662294e-22,1.2630136931858931e-22,1.2650453884055373e-22,1.2670770836252057e-22,1.2691087788448523e-22,1.2711404740645322e-22,1.2731721692841928e-22,1.27520386450385e-22,1.2772355597235026e-22,1.279267254943165e-22,1.2812989501628168e-22,1.2833306453824812e-22,1.285362340602129e-22,1.2873940358217797e-22,1.2894257310414493e-22,1.2914574262610923e-22,1.2934891214807548e-22,1.2955208167004145e-22,1.2975525119200566e-22,1.2995842071397208e-22,1.3016159023593873e-22,1.3036475975790482e-22,1.3056792927987145e-22,1.3077109880183586e-22,1.3097426832380075e-22,1.311774378457664e-22,1.3138060736773232e-22,1.315837768896969e-22,1.3178694641166407e-22,1.319901159336308e-22,1.3219328545559444e-22,1.323964549775597e-22,1.3259962449952645e-22,1.328027940214927e-22,1.3300596354345907e-22,1.332091330654256e-22,1.334123025873911e-22,1.336154721093561e-22,1.3381864163132262e-22,1.3402181115328758e-22,1.3422498067525379e-22,1.344281501972191e-22,1.3463131971918432e-22,1.348344892411511e-22,1.350376587631159e-22,1.3524082828508195e-22,1.3544399780704533e-22,1.3564716732901017e-22,1.3585033685097652e-22,1.3605350637294395e-22,1.3625667589490938e-22,1.3645984541687603e-22,1.3666301493884042e-22,1.368661844608075e-22,1.3706935398277201e-22,1.372725235047386e-22,1.3747569302670494e-22,1.3767886254867068e-22,1.3788203207063636e-22,1.3808520159260137e-22,1.3828837111456713e-22,1.3849154063653287e-22,1.38694710158499e-22,1.3889787968046687e-22,1.3910104920243059e-22,1.3930421872439576e-22,1.395073882463615e-22,1.3971055776832895e-22,1.3991372729029339e-22,1.4011689681225964e-22,1.403200663342259e-22,1.4052323585619003e-22,1.4072640537815675e-22,1.4092957490012348e-22,1.4113274442208766e-22,1.4133591394405422e-22,1.4153908346601828e-22,1.4174225298798503e-22,1.4194542250995074e-22,1.4214859203191683e-22,1.423517615538844e-22,1.4255493107584929e-22,1.4275810059781624e-22,1.4296127011978102e-22,1.4316443964174527e-22,1.4336760916371235e-22,1.435707786856788e-22,1.43773948207644e-22,1.439771177296096e-22,1.4418028725157486e-22,1.4438345677354025e-22,1.4458662629550443e-22,1.4478979581746953e-22,1.4499296533943614e-22,1.4519613486140173e-22,1.4539930438336716e-22,1.4560247390533482e-22,1.4580564342730004e-22,1.460088129492649e-22,1.462119824712319e-22,1.4641515199319734e-22,1.4661832151516218e-22,1.4682149103712874e-22,1.4702466055909455e-22,1.472278300810603e-22,1.4743099960302602e-22,1.4763416912499173e-22,1.4783733864695605e-22,1.4804050816892216e-22,1.4824367769088896e-22,1.4844684721285436e-22,1.4865001673481923e-22,1.4885318625678734e-22,1.4905635577875086e-22,1.4925952530071636e-22,1.4946269482268358e-22,1.4966586434464934e-22,1.498690338666152e-22,1.5007220338858255e-22,1.502753729105472e-22,1.5047854243251266e-22,1.5068171195447936e-22,1.5088488147644403e-22,1.5108805099840996e-22,1.5129122052037602e-22,1.5149439004234178e-22,1.5169755956430716e-22,1.519007290862724e-22,1.5210389860823859e-22,1.5230706813020402e-22,1.5251023765217048e-22,1.5271340717413626e-22,1.5291657669610125e-22,1.531197462180666e-22,1.5332291574003297e-22,1.535260852619976e-22,1.5372925478396374e-22,1.5393242430592945e-22,1.541355938278952e-22,1.5433876334986095e-22,1.5454193287182546e-22,1.5474510239379202e-22,1.5494827191575966e-22,1.5515144143772546e-22,1.553546109596912e-22,1.5555778048165578e-22,1.55760950003623e-22,1.559641195255866e-22,1.5616728904755397e-22,1.5637045856951835e-22,1.5657362809148488e-22,1.5677679761344953e-22,1.5697996713541675e-22,1.5718313665738296e-22,1.5738630617934756e-22,1.5758947570131367e-22,1.5779264522327838e-22,1.5799581474524383e-22,1.5819898426720822e-22,1.5840215378917492e-22,1.586053233111431e-22,1.5880849283310856e-22,1.5901166235507246e-22,1.5921483187703826e-22,1.5941800139900562e-22,1.5962117092097267e-22,1.5982434044293697e-22,1.6002750996490229e-22,1.602306794868688e-22,1.6043384900883289e-22,1.6063701853079756e-22,1.6084018805276429e-22,1.6104335757472988e-22,1.612465270966976e-22,1.6144969661866363e-22,1.616528661406285e-22,1.6185603566259374e-22,1.6205920518455896e-22,1.6226237470652338e-22,1.6246554422848902e-22,1.6266871375045473e-22,1.6287188327242089e-22,1.6307505279438662e-22,1.632782223163524e-22,1.6348139183831682e-22,1.6368456136028446e-22,1.6388773088225119e-22,1.6409090040421706e-22,1.6429406992618179e-22,1.6449723944815004e-22,1.6470040897011535e-22,1.6490357849208123e-22,1.651067480140436e-22,1.653099175360093e-22,1.6551308705797674e-22,1.6571625657994238e-22,1.6591942610190795e-22,1.6612259562387524e-22,1.6632576514583893e-22,1.665289346678073e-22,1.6673210418977315e-22,1.6693527371173888e-22,1.6713844323370471e-22,1.6734161275566866e-22,1.6754478227763682e-22,1.677479517995996e-22,1.679511213215644e-22,1.6815429084353127e-22,1.6835746036549764e-22,1.685606298874651e-22,1.687637994094305e-22,1.6896696893139544e-22,1.6917013845336087e-22,1.6937330797532663e-22,1.6957647749729236e-22,1.6977964701925713e-22,1.6998281654122303e-22,1.701859860631894e-22,1.7038915558515591e-22,1.705923251071207e-22,1.7079549462908734e-22,1.709986641510526e-22,1.7120183367301815e-22,1.7140500319498464e-22,1.7160817271695063e-22,1.718113422389158e-22,1.7201451176088314e-22,1.7221768128284845e-22,1.7242085080481395e-22,1.7262402032677818e-22,1.7282718984874504e-22,1.7303035937070629e-22,1.7323352889267242e-22,1.7343669841463947e-22,1.7363986793660566e-22,1.7384303745857092e-22,1.7404620698053724e-22,1.7424937650250263e-22,1.74452546024469e-22,1.7465571554643403e-22,1.7485888506840251e-22,1.750620545903684e-22,1.7526522411233424e-22,1.7546839363429868e-22,1.7567156315626371e-22,1.7587473267822912e-22,1.7607790220019533e-22,1.7628107172216085e-22,1.7648424124412564e-22,1.766874107660919e-22,1.7689058028805514e-22,1.770937498100229e-22,1.772969193319879e-22,1.775000888539542e-22,1.7770325837591796e-22,1.7790642789788502e-22,1.7810959741985179e-22,1.783127669418165e-22,1.7851593646378274e-22,1.7871910598574815e-22,1.789222755077142e-22,1.7912544502968225e-22,1.7932861455164664e-22,1.795317840736117e-22,1.797349535955791e-22,1.7993812311754324e-22,1.8014129263950902e-22,1.8034446216147436e-22,1.8054763168344033e-22,1.8075080120540317e-22,1.8095397072736893e-22,1.8115714024933412e-22,1.8136030977130007e-22,1.8156347929326578e-22,1.817666488152315e-22,1.8196981833719664e-22,1.8217298785916355e-22,1.8237615738112757e-22,1.8257932690309016e-22,1.827824964250548e-22,1.8298566594701906e-22,1.8318883546898525e-22,1.833920049909482e-22,1.8359517451291493e-22,1.8379834403487918e-22,1.8400151355684595e-22,1.8420468307881113e-22,1.8440785260077653e-22,1.8461102212274215e-22,1.8481419164470786e-22,1.8501736116667327e-22,1.8522053068864e-22,1.854237002106029e-22,1.8562686973256946e-22,1.8583003925453517e-22,1.8603320877650084e-22,1.8623637829846587e-22,1.8643954782043156e-22,1.8664271734239717e-22,1.868458868643642e-22,1.8704905638633003e-22,1.8725222590829567e-22,1.8745539543025936e-22,1.8765856495222425e-22,1.8786173447418754e-22,1.8806490399615452e-22,1.8826807351812064e-22,1.8847124304008548e-22,1.8867441256205356e-22,1.8887758208401707e-22,1.8908075160598226e-22,1.8928392112794854e-22,1.8948709064991192e-22,1.8969026017187707e-22,1.8989342969384116e-22,1.90096599215809e-22,1.9029976873777503e-22,1.9050293825973818e-22,1.9070610778170393e-22,1.9090927730367106e-22,1.911124468256352e-22,1.913156163475977e-22,1.9151878586956422e-22,1.9172195539153045e-22,1.9192512491349505e-22,1.921282944354655e-22,1.9233146395742671e-22,1.9253463347939242e-22,1.9273780300135743e-22,1.9294097252332256e-22,1.9314414204528885e-22,1.9334731156725586e-22,1.935504810892185e-22,1.9375365061118587e-22,1.9395682013315252e-22,1.941599896551208e-22,1.9436315917708644e-22,1.945663286990521e-22,1.9476949822101664e-22,1.9497266774298228e-22,1.9517583726494795e-22,1.9537900678691016e-22,1.9558217630887563e-22,1.9578534583084125e-22,1.9598851535280708e-22,1.9619168487477535e-22,1.9639485439673843e-22,1.9659802391870454e-22,1.9680119344067103e-22,1.97004362962633e-22,1.9720753248459766e-22,1.9741070200656292e-22,1.9761387152852817e-22,1.9781704105049505e-22,1.9802021057246145e-22,1.9822338009442551e-22,1.9842654961639085e-22,1.9862971913835574e-22,1.9883288866032288e-22,1.9903605818228606e-22,1.992392277042541e-22,1.994423972262187e-22,1.996455667481858e-22,1.9984873627015036e-22,2.0005190579211605e-22,2.0025507531408113e-22,2.0045824483604514e-22,2.0066141435801128e-22,2.008645838799747e-22,2.0106775340194165e-22,2.0127092292390642e-22,2.0147409244587145e-22,2.016772619678372e-22,2.0188043148980362e-22,2.0208360101176962e-22,2.0228677053373592e-22,2.0248994005570064e-22,2.0269310957766612e-22,2.0289627909963472e-22,2.030994486215997e-22,2.0330261814356448e-22,2.0350578766553094e-22,2.0370895718749432e-22,2.0391212670946074e-22,6.824975195233257e-17,9.005259355939125e-17,1.077169667097969e-16,1.2621200733460682e-16,1.4605799771369792e-16,1.6739707673678008e-16,1.9035063190544445e-16,2.1504836905570494e-16,2.4163150257279546e-16,2.702541016053516e-16,3.010844264472204e-16,3.3430640718661693e-16,3.70121294229267e-16,4.087495039462009e-16,4.504326851936374e-16,4.954360362572486e-16,5.4405090597948655e-16,5.965977180606278e-16,6.534292631592142e-16,7.149344105479305e-16,7.815422988626602e-16,8.537270750793849e-16,9.320132616253396e-16,1.0169818446060086e-15,1.1092771916925686e-15,1.2096149251365245e-15,1.3187908983040426e-15,1.437691447705765e-15,1.5673051234904708e-15,1.7087361368059587e-15,1.8632198049231468e-15,2.0321403261068052e-15,2.2170512775133374e-15,2.4196993028581038e-15,2.642051545614449e-15,2.886327490669449e-15,3.1550360082867125e-15,3.4510185517706966e-15,3.777499655477592e-15,4.1381461149173545e-15,4.5371365229352205e-15,4.97924319453878e-15,5.469928955972993e-15,6.0154618246215706e-15,6.623051290983858e-15,7.301010771907523e-15,8.058951879226423e-15,8.90801750354193e-15,9.861162428631493e-15,1.0933492371692094e-14,1.2142675128441306e-14,1.350944107451828e-14,1.5058194870899537e-14,1.6817766191546986e-14,1.8822335050016635e-14,2.111257746398587e-14,2.3737090588265935e-14,2.6754174167617817e-14,3.023406878339966e-14,3.4261783060625625e-14,3.8940684754437154e-14,4.439708881865776e-14,5.078615515548579e-14,5.829951869706458e-14,6.717522727789086e-14,7.771077721537129e-14,9.028033991398455e-14,1.0535770614787309e-13,1.235470996107563e-13,1.4562492187414326e-13,1.7259683209062162e-13,2.0577656306160845e-13,2.468958892839842e-13,2.9825976787404633e-13,3.62967808599665e-13,4.452344506322827e-13,5.508581568703891e-13,6.879191008545922e-13,8.678331616148438e-13,1.1069718641513673e-12,1.4291996590514774e-12,1.869932015480094e-12,2.4827794977586355e-12,3.3507176206509545e-12,4.60544470259841e-12,6.46213765963992e-12,9.284512909923322e-12,1.3712834675139434e-11,2.0931315580913094e-11,3.3268593073247755e-11,5.5669617119784566e-11,9.970969792938842e-11,1.9607594650510107e-10,4.402393704663159e-10,1.196439969865217e-09,4.23345232091659e-09,2.00998098414631e-08,5.977591811856603e-08,5.977591811930624e-08,5.977591811964827e-08,5.977591812030128e-08,5.977591816850009e-08,3.544077424431629e-07,1.5420967718166192e-06,5.470410970897873e-06,1.6917326591233753e-05,4.585972801722084e-05,0.00010668410203755216,0.00020991501563989433,0.0003423687373992112,0.0004665729688629552,0.0005529685362621689,0.0005949571048057357,0.0006009956295988574,0.0005833959577744355,0.000552776038316611,0.0008195293986882073,0.0009230759361778893,0.0009744476001166217,0.0010004170590532625,0.0010115050766639274,0.0010132603073142047,0.0010089975079468803,0.001000819321160216,0.0009901078557264854,0.0009777930516493756,0.0009645103526490895,0.0009506981193160037,0.0009366601018123709,0.000922606674534475,0.000908682676850157,0.0008949865541946434,0.000881583711705534,0.0008685159412688134,0.0008558081406807786,0.0008434731397153398,0.0008315151874370538,0.0008199324835568671,0.0008087190215629716,0.0007978659329511033,0.000787362467713193,0.0007771967083747544,0.0007673560881165584,0.0007578277644393962,0.000748598886115504,0.0007396567812396179,0.0007309890869550763,0.0007225838361258788,0.0007144295123182556,0.000706515081563933,0.0006988300072297253,0.0006913642527171332,0.0006841082755192024,0.0006770530152648364,0.0006701898777078219,0.0006635107161113438,0.0006570078110979733,0.0006506738497480339,0.0006445019045136609,0.0006384854123533403,0.0006326181543700775,0.000626894236145074,0.0006213080688910919,0.0006158543514991299,0.0006105280535153273,0.0006053243990580055,0.0006002388516655451,0.0005952671000523652,0.0005904050447409592,0.0005856487855322533,0.0005809946097727334,0.0005764389813751929,0.000571978530549478,0.0005676100441999471,0.0005633304569475288,0.0005591368427358018,0.0005550264069822774,0.0005509964792381146,0.0005470445063215786,0.0005431680458925198,0.0005393647604374096,0.0005356324116363766,0.000531968855085561,0.0005283720353501165,0.0005248399813248143,0.0005213708018808864,0.000517962681779296,0.0005146138778321025,0.0005113227152948176,0.0005080875844740709,0.0005049069375359041,0.000501779285501182,0.0004987031954155904,0.0004956772876825617,0.000492700233548424,0.0004897707527296804,0.00048688761117329305,0.0004840496189412552,0.00048125562821154896,0.0004785045313881016,0.0004757952593127655,0.0004731267795730694,0.000470498094899689,0.00046790824164815695,0.00046535628835966264,0.0004628413343961609,0.0004603625086453037,0.00045791896829106476,0.00045550989764615244,0.00045313450704259763,0.0004507920317771643,0.00044848173110837185,0.0004462028873022498,0.00044395480472397397,0.0004417368089729012,0.0004395482460585083,0.0004373884816150357,0.00043525690015264716,0.0004331529043431671,0.0004310759143385317,0.00042902536712015587,0.0004270007158776466,0.00042500142941522754,0.00042302699158450104,0.0004210769007421607,0.0004191506692313482,0.00041724782288546006,0.0004153679005532886,0.00041351045364437837,0.00041167504569362924,0.0004098612519441872,0.0004080686589476873,0.00040629686418106303,0.00040454547567904576,0.00040281411168168157,0.00040110240029607143,0.0003994099791717164,0.000397736495188786,0.0003960816041587536,0.00039444497053677495,0.000392826267145305,0.0003912251749084008,0.00038964138259629073,0.0003880745865796697,0.00038652449059333057,0.0003849908055087195,0.00038347324911497903,0.00038197154590816285,0.0003804854268882266,0.0003790146293634625,0.0003775588967620612,0.00037611797845051953,0.0003746916295585586,0.00037327961081030914,0.0003718816883615037,0.00037049763364238554,0.00036912722320616147,0.00036777023858271853,0.00036642646613740124,0.00036509569693466163,0.00036377772660635676,0.0003624723552245449,0.0003611793871785528,0.00035989863105620544,0.00035862989952897465,0.00035737300924098354,0.00035612778070163347,0.000354894038181781,0.0003536716096132794,0.00035246032649178323,0.0003512600237826752,0.0003500705398300214,0.00034889171626841106,0.00034772339793758656,0.00034656543279977075,0.00034541767185958147,0.00034427996908642874,0.0003431521813393186,0.0003420341682939666,0.00034092579237216447,0.00033982691867325893,0.00033873741490774117,0.0003376571513328091,0.000336586000689878,0.0003355238381439392,0.00033447054122471827,0.00033342598976957537,0.0003323900658680722,0.0003313626538081505,0.00033034364002387936,0.0003293329130447108,0.000328330363446184,0.00032733588380203947,0.00032634936863771104,0.0003253707143850938,0.00032439981933862316,0.00032343658361256666,0.0003224809090994937,0.00032153269942991944,0.00032059185993304015,0.0003196582975985528,0.00031873192103951977,0.0003178126404562374,0.0003169003676010823,0.00031599501574430767,0.0003150964996407397,0.0003142047354973855,0.00031331964094186696,0.00031244113499172776,0.00031156913802450923,0.0003107035717486202,0.0003098443591749833,0.0003089914245893879,0.0003081446935255638,0.00030730409273895676,0.00030646955018115803,0.0003056409949749962,0.0003048183573902499,0.0003040015688199758,0.0003031905617574295,0.0003023852697735669,0.0003015856274950899,0.0003007915705830564,0.00030000303571199366,0.00029921996054955345,0.000298442283736627,0.0002976699448679674,0.0002969028844732863,0.00029614104399877254,0.00029538436578910044,0.00029463279306982647,0.00029388626993022903,0.0002931447413065423,0.00029240815296559865,0.0002916764514888274,0.00029094958425667026,0.00029022749943332136,0.0002895101459518295,0.00028879747349956376,0.0002880894325039974,0.00028738597411880756,0.000286687050210311,0.0002859926133442076,0.000285302616772602,0.0002846170144213396,0.00028393576087761517,0.00028325881137787064,0.00028258612179593855,0.0002819176486314724,0.00028125334899862175,0.0002805931806149597,0.00027993710179064336,0.00027928507141782163,0.0002786370489602742,0.0002779929944432563,0.00027735286844359316,0.0002767166320799514,0.0002760842470033619,0.0002754556753878908,0.0002748308799215559,0.00027420982379741443,0.0002735924707048368,0.0002729787848209652,0.0002723687308023612,0.00027176227377681273,0.00027115937933532117,0.0002705600135242418,0.00026996414283761135,0.0002693717342095981,0.0002687827550071348,0.00026819717302268984,0.0002676149564671846,0.00026703607396305856,0.00026646049453746826,0.0002658881876156261,0.0002653191230142833,0.00026475327093530924,0.0002641906019594429,0.00026363108704013645,0.00026307469749752883,0.00026252140501254324,0.0002619711816210857,0.00026142399970837993,0.000260879832003389,0.00026033865157336047,0.00025980043181846795,0.0002592651464665609,0.0002587327695680146,0.0002582032754906713,0.0002576766389148937,0.00025715283482869946,0.0002566318385229732,0.00025611362558681963,0.0002555981719029411,0.0002550854536431414,0.000254575447263906,0.00025406812950205793,0.00025356347737049925,0.0002530614681540292,0.0002525620794052353,0.00025206528894047327,0.0002515710748359034,0.00025107941542361394,0.0002505902892877999,0.0002501036752610304,0.00024961955242056277,0.0002491379000847353,0.0002486586978094266,0.0002481819253845628,0.000247707562830715,0.00024723559039572157,0.00024676598855139973,0.0002462987379902999,0.00024583381962252425,0.00024537121457259383,0.00024491090417638127,0.0002444528699780827,0.00024399709372725513,0.00024354355737589835,0.00024309224307558612,0.00024264313317465662,0.00024219621021543482,0.0002417514569315229,0.00024130885624510994,0.0002408683912643555,0.00024043004528080366,0.00023999380176683346,0.00023955964437317125,0.00023912755692642512,0.00023869752342667685,0.00023826952804510354,0.00023784355512164224,0.0002374195891626968,0.00023699761483887474,0.00023657761698276817,0.0002361595805867662,0.00023574349080091506,0.0002353293329307932,0.00023491709243543432,0.00023450675492528789,0.00023409830616020073,0.0002336917320474451,0.00023328701863975203,0.00023288415213341702,0.000232483118866405,0.0002320839053164883,0.00023168649809942812,0.0002312908839671743,0.00023089704980609648,0.00023050498263524593,0.00023011466960463746,0.0002297260979935653,0.00022933925520894584,0.00022895412878367512,0.00022857070637502592,0.00022818897576306886,0.0002278089248490987,0.000227430541654113,0.0002270538143172921,0.0002266787310945155,0.00022630528035689704,0.0002259334505893311,0.00022556323038908416,0.000225194608464393,0.0002248275736330775,0.00022446211482119157,0.00022409822106168233,0.0002237358814930744,0.00022337508535817316,0.00022301582200278205,0.00022265808087445054,0.00022230185152122872,0.00022194712359044664,0.00022159388682751124,0.00022124213107472043,0.0002208918462700922,0.0002205430224462173,0.00022019564972912084,0.00021984971833714407,0.0002195052185798511,0.00021916214085692488,0.00021882047565711664,0.00021848021355717754,0.00021814134522082747,0.0002178038613977282,0.0002174677529224701,0.00021713301071358114,0.0002167996257725417,0.0002164675891828229,0.00021613689210892367,0.00021580752579544358,0.0002154794815661414,0.0002151527508230355,0.00021482732504549292,0.00021450319578934316,0.00021418035468600394,0.00021385879344161537,0.00021353850383619508,0.00021321947772278736,0.00021290170702664097,0.00021258518374439353,0.00021226989994326014,0.00021195584776024617,0.00021164301940135893,0.00021133140714083137,0.0002110210033203692,0.00021071180034839057,0.000210403790699288,0.00021009696691269103,0.00020979132159275535,0.00020948684740743558,0.00020918353708779684,0.00020888138342731402,0.00020858037928118462,0.0002082805175656601,0.00020798179125737756,0.000207684193392704,0.0002073877170670849,0.00020709235543440625,0.0002067981017063615,0.00020650494915183497,0.000206212891096273,0.00020592192092109258,0.00020563203206307092,0.00020534321801376137,0.0002050554723189051,0.0002047687885778576,0.00020448316044301894,0.00020419858161927398,0.00020391504586343703,0.00020363254698370698,0.00020335107883912351,0.0002030706353390367,0.00020279121044258295,0.00020251279815816019,0.00020223539254291963,0.00020195898770225646,0.00020168357778931314,0.00020140915700447916,0.00020113571959491303,0.00020086325985405108,0.00020059177212114132,0.00020032125078076656,0.0002000516902623862,0.0001997830850398721,0.00019951542963106086,0.0001992487185973115,0.00019898294654305298,0.00019871810811536246,0.0001984541980035209,0.00019819121093859787,0.00019792914169303297,0.00019766798508021215,0.00019740773595406337,0.00019714838920865604,0.00019688993977779438,0.00019663238263462467,0.00019637571279124794,0.00019611992529833193,0.00019586501524472972,0.00019561097775711055,0.00019535780799957212,0.00019510550117329348,0.00019485405251616067,0.00019460345730240578,0.0001943537108422608,0.00019410480848160207,0.00019385674560160821,0.00019360951761841506,0.00019336311998277737,0.00019311754817974007,0.00019287279772830154,0.0001926288641810925,0.00019238574312405412,0.00019214343017611376,0.0001919019209888767,0.00019166121124631228,0.0001914212966644432,0.00019118217299105036,0.00019094383600536214,0.00019070628151776503,0.00019046950536950403,0.0001902335034323989,0.00018999827160855038,0.00018976380583006293,0.00018953010205875954,0.00018929715628590688,0.0001890649645319404,0.00018883352284619482,0.00018860282730663214,0.00018837287401958305,0.0001881436591194802,0.00018791517876859935,0.00018768742915680682,0.0001874604065013023,0.00018723410704637222,0.0001870085270631361,0.0001867836628493108,0.00018655951072896155,0.0001863360670522607,0.0001861133281952607,0.0001858912905596491,0.0001856699505725241,0.0001854493046861626,0.00018522934937779186,0.00018501008114937126,0.00018479149652736568,0.00018457359206252498,0.00018435636432967523,0.00018413980992749648,0.00018392392547831067,0.00018370870762787647,0.00018349415304517818,0.00018328025842222445,0.0001830670204738389,0.00018285443593746452,0.0001826425015729618,0.00018243121416241457,0.00018222057050993324,0.00018201056744146236,0.0001818012018045914,0.00018159247046836628,0.0001813843703231025,0.00018117689828020205,0.00018097005127196302,0.0001807638262514143,0.0001805582201921198,0.0001803532300880161,0.00018014885295322792,0.00017994508582189913,0.00017974192574802023,0.00017953936980525994,0.0001793374150867944,0.00017913605870514392,0.0001789352977920108,0.0001787351294981081,0.00017853555099301297,0.00017833655946498855,0.00017813815212084448,0.0001779403261857683,0.00017774307890317795,0.0001775464075345642,0.00017735030935934543,0.00017715478167471002,0.00017695982179547488,0.00017676542705393473,0.00017657159479971972,0.0001763783223996462,0.00017618560723758021,0.00017599344671429784,0.00017580183824733768,0.00017561077927086925,0.00017542026723555419,0.00017523029960841134,0.0001750408738726836,0.00017485198752770144,0.00017466363808875773,0.00017447582308697382,0.00017428854006917006,0.00017410178659773974,0.00017391556025052286,0.00017372985862068292,0.00017354467931657812,0.00017336001996164403,0.00017317587819427175,0.0001729922516676817,0.00017280913804981426,0.00017262653502320605,0.00017244444028487128,0.00017226285154619072,0.0001720817665327936,0.00017190118298445487,0.00017172109865496376,0.00017154151131202984,0.00017136241873716518,0.0001711838187255772,0.0001710057090860582,0.00017082808764088412,0.0001706509522257033,0.00017047430068943193,0.00017029813089415257,0.0001701224407150137,0.00016994722804012242,0.00016977249077044514,0.00016959822681970668,0.00016942443411429342,0.00016925111059315934,0.00016907825420771748,0.0001689058629217526,0.0001687339347113244,0.00016856246756467014,0.00016839145948211386,0.00016822090847597434,0.00016805081257046948,0.00016788116980163005,0.00016771197821720385,0.00016754323587657034,0.00016737494085065363,0.00016720709122183277,0.0001670396850838511,0.00016687272054173694,0.00016670619571171577,0.00016654010872112345,0.0001663744577083264,0.00016620924082263268,0.00016604445622422058,0.0001658801020840434,0.0001657161765837599,0.0001655526779156493,0.00016538960428253305,0.0001652269538976963,0.00016506472498481093,0.00016490291577785584,0.00016474152452104423,0.00016458054946874462,0.00016441998888540866,0.00016425984104549493,0.00016410010423339582,0.00016394077674336535,0.00016378185687944335,0.00016362334295538938,0.00016346523329460562,0.00016330752623007277,0.00016315022010427376,0.0001629933132691299,0.00016283680408592986,0.0001626806909252611,0.00016252497216694177,0.00016236964619995955,0.00016221471142239817,0.00016206016624137316,0.00016190600907297522,0.00016175223834219305,0.00016159885248285844,0.00016144584993757897,0.00016129322915767657,0.0001611409886031256,0.00016098912674248941,0.00016083764205286063,0.00016068653301980093,0.00016053579813727744,0.00016038543590761142,0.0001602354448414077,0.00016008582345750539,0.00015993657028291554,0.00015978768385276298,0.00015963916271023414,0.00015949100540651459,0.00015934321050073384,0.0001591957765599161,0.0001590487021589139,0.00015890198588036622,0.00015875562631463322,0.0001586096220597487,0.00015846397172136553,0.0001583186739127021,0.00015817372725448908,0.00015802913037492094,0.0001578848819095989,0.0001577409805014865,0.00015759742480085204,0.00015745421346522503,0.00015731134515934,0.0001571688185550931,0.00015702663233148765,0.0001568847851745884,0.00015674327577747506,0.00015660210284018888,0.00015646126506969175,0.00015632076117981205,0.0001561805898912124,0.00015604074993132348,0.00015590124003430944,0.00015576205894102368,0.00015562320539896037,0.00015548467816220717,0.00015534647599141024,0.0001552085976537178,0.00015507104192274748,0.00015493380757853616,0.0001547968934074994,0.00015466029820239012,0.0001545240207622524,0.00015438805989238571,0.00015425241440429716,0.00015411708311566323,0.00015398206485028767,0.00015384735843806542,0.00015371296271493465,0.00015357887652284332,0.00015344509870970802,0.00015331162812937167,0.0001531784636415682,0.0001530456041118829,0.00015291304841171302,0.00015278079541823205,0.00015264884401434932,0.00015251719308867294,0.00015238584153547338,0.00015225478825465,0.0001521240321516868,0.000151993572137624,0.00015186340712901726,0.00015173353604790266,0.0001516039578217647,0.00015147467138349423,0.00015134567567136206,0.00015121696962897758,0.00015108855220525864,0.00015096042235439644,0.00015083257903581828,0.00015070502121416015,0.0001505777478592294,0.00015045075794597028,0.00015032405045443972,0.00015019762436976325,0.00015007147868211035,0.00014994561238666011,0.0001498200244835707,0.0001496947139779453,0.00014956967987980502,0.00014944492120405197,0.00014932043697044492,0.00014919622620356425,0.00014907228793278478,0.00014894862119224333,0.00014882522502080944,0.00014870209846205645,0.00014857924056423062,0.00014845665038022335,0.00014833432696754488,0.0001482122693882864,0.0001480904767091041,0.00014796894800118076,0.00014784768234020338,0.000147726678806332,0.00014760593648417412,0.00014748545446275713,0.00014736523183549904,0.00014724526770018386,0.00014712556115893324,0.00014700611131818282,0.0001468869172886497,0.00014676797818531214,0.00014664929312738166,0.00014653086123827462,0.0001464126816455915,0.00014629475348108546,0.00014617707588064448,0.00014605964798425822,0.00014594246893600004,0.000145825537883996,0.0001457088539804068,0.00014559241638139873,0.00014547622424712091,0.00014536027674167938,0.00014524457303312035,0.00014512911229339664,0.0001450138936983505,0.00014489891642768926,0.0001447841796649618,0.00014466968259753562,0.00014455542441657192,0.00014444140431700756,0.0001443276214975282,0.00014421407516054978,0.0001441007645121928,0.0001439876887622606,0.0001438748471242217,0.00014376223881518456,0.00014364986305587593,0.0001435377190706204,0.0001434258060873203,0.00014331412333743197,0.00014320267005594765,0.00014309144548137255,0.00014298044885570677,0.00014286967942442083,0.0001427591364364378,0.00014264881914411763,0.0001425387268032266,0.00014242885867292684,0.00014231921401575034,0.00014220979209758692,0.0001421005921876559,0.00014199161355849346,0.00014188285548592854,0.0001417743172490662,0.0001416659981302709,0.0001415578974151442,0.00014145001439250782,0.00014134234835438386,0.00014123489859597707,0.00014112766441565813,0.00014102064511494164,0.00014091383999847345,0.00014080724837400686,0.00014070086955239082,0.00014059470284754716,0.00014048874757645698,0.00014038300305913872,0.00014027746861863872,0.00014017214358100322,0.0001400670272752706,0.00013996211903344972,0.00013985741819050527,0.0001397529240843404,0.00013964863605577825,0.00013954455344854867,0.00013944067560927014,0.00013933700188743396,0.00013923353163538797,0.00013913026420831837,0.0001390271989642405,0.0001389243352639734,0.0001388216724711337,0.00013871920995211346,0.0001386169470760654,0.0001385148832148915,0.0001384130177432237,0.00013831135003841065,0.00013820987948050202,0.0001381086054522343,0.00013800752733901522,0.00013790664452890763,0.00013780595641261915,0.0001377054623834824,0.00013760516183744352,0.00013750505417304735,0.00013740513879142416,0.0001373054150962723,0.0001372058824938477,0.00013710654039294763,0.00013700738820489846,0.00013690842534353937,0.00013680965122521134,0.0001367110652687425,0.00013661266689543396,0.0001365144555290458,0.00013641643059578788,0.00013631859152429997,0.00013622093774564494,0.0001361234686932897,0.0001360261838030996,0.0001359290825133181,0.00013583216426455832,0.00013573542849978877,0.0001356388746643217,0.00013554250220579588,0.00013544631057417646,0.0001353502992217239,0.0001352544676029993,0.0001351588151748408,0.00013506334139635782,0.00013496804572891486,0.00013487292763612145,0.00013477798658381986,0.0001346832220400749,0.0001345886334751565,0.0001344942203615338,0.00013439998217386334,0.00013430591838897504,0.00013421202848585992,0.00013411831194566157,0.00013402476825166254,0.00013393139688927562,0.00013383819734602884,0.0001337451691115589,0.00013365231167759636,0.00013355962453795423,0.00013346710718852448,0.00013337475912725668,0.00013328257985415325,0.0001331905688712567,0.00013309872568264278,0.00013300704979440537,0.00013291554071464789,0.00013282419795347273,0.0001327330210229707,0.00013264200943721033,0.0001325511627122296,0.0001324604803660223,0.00013236996191853234,0.00013227960689163863,0.00013218941480915052,0.00013209938519679362,0.0001320095175822018,0.00013191981149490462,0.0001318302664663239,0.0001317408820297598,0.00013165165772037685,0.00013156259307520404,0.00013147368763311902,0.00013138494093484018,0.0001312963525229157,0.0001312079219417176,0.0001311196487374292,0.0001310315324580374,0.00013094357265332334,0.00013085576887485534,0.0001307681191608563,0.0001306806250585187,0.00013059328626305997,0.00013050610200647514,0.00013041907169055177,0.00013033219480342172,0.00013024547089776048,0.00013015889952086349,0.00013007248023377265,0.00012998621260349946,0.00012990009620137446,0.00012981413059567963,0.00012972831535858922,0.00012964265006977795,0.00012955713430131262,0.0001294717676313097,0.00012938654963958878,0.00012930147990762242,0.00012921655801857688,0.0001291317835572555,0.00012904715611012664,0.000128962675261913,0.00012887834060548115,0.00012879415173141246,0.0001287101082315889,0.0001286262097024745,0.0001285424557399993,0.00012845884593593588,0.00012837537990550914,0.00012829205723978454,0.00012820887754113323,0.00012812584041346935,0.00012804294546223572,0.0001279601922944066,0.00012787758051845653,0.00012779510974438252,0.00012771277958367652,0.00012763058964931348,0.0001275485395557624,0.00012746662891896296,0.00012738485735643343,0.00012730322448683537,0.0001272217299305792,0.00012714037330490953,0.0001270591542674319,0.00012697807238756432,0.0001268971273168943,0.0001268163186777926,0.00012673564610391028,0.0001266551092253497,0.00012657470767418361,0.00012649444108312215,0.00012641430908672351,0.00012633431132065402,0.00012625444742786737,0.00012617471704128095,0.00012609511980650397,0.00012601565534882167,0.00012593632332581945,0.0001258571233718303,0.0001257780551383703,0.0001256991182711864,0.00012562031242426116,0.0001255416372392149,0.00012546309236728936,0.00012538467746025993,0.00012530639216534224,0.00012522823617188656,0.00012515020907975005,0.00012507231057433033,0.00012499454031304088,0.0001249168979540449,0.00012483938314867892,0.00012476199557428591,0.00012468473488815886,0.0001246076007503211,0.00012453059283548096,0.00012445371080542627,0.00012437695432687278,0.00012430032307199617,0.00012422381671116275,0.00012414743491083978,0.00012407117734757246,0.00012399504369578794,0.00012391903362750234,0.0001238431468236494,0.00012376738295790093,0.00012369174170937197,0.0001236162227563594,0.00012354082578349361,0.00012346555047267554,0.00012339039651466696,0.00012331536358648412,0.00012324045137373818,0.00012316565956076162,0.00012309098783955922,0.00012301643590804473,0.00012294200343835931,0.00012286769013537726,0.00012279349567643848,0.0001227194197533046,0.0001226454620821046,0.0001225716223529923,0.0001224979002553111,0.00012242429548851557,0.00012235080774345716,0.0001222774367281817,0.0001222041821432346,0.00012213104367982992,0.00012205802106445453,0.00012198511400594282,0.00012191232216791678,0.00012183964528061449,0.00012176708305086195,0.00012169463518828134,0.00012162230140176215,0.00012155008140461063,0.00012147797489700583,0.00012140598160422842,0.00012133410123751186,0.0001212623335107151,0.0001211906781336669,0.00012111913482567253,0.00012104770330396034,0.00012097638328687772,0.00012090517449136116,0.00012083407664479827,0.00012076308946394292,0.00012069221266802405,0.00012062144598288136,0.0001205507891295842,0.00012048024183586097,0.00012040980380475323,0.00012033947479247906,0.00012026925453895028,0.00012019914274572723,0.00012012913916281765,0.00012005924351012763,0.00011998945551975426,0.00011991977492335862,0.00011985020145632483,0.00011978073485216948,0.00011971137484716872,0.0001196421211762876,0.0001195729735725195,0.0001195039317780578,0.00011943499553183973,0.00011936616457364067,0.00011929743864413193,0.00011922881748496257,0.00011916030083861197,0.00011909188844833956,0.00011902358006617973,0.00011895537542161947,0.0001188872742761628,0.00011881927634736994,0.0001187513814043232,0.00011868358919561233,0.00011861589947073042,0.00011854831197951636,0.00011848082649065374,0.00011841344272141636,0.00011834616044161733,0.00011827897942308396,0.00011821189940049459,0.00011814492013049686,0.0001180780413691995,0.00011801126287343133,0.00011794458440071765,0.0001178780057096283,0.00011781152655946345,0.00011774514671022354,0.000117678865922703,0.0001176126839585289,0.00011754660058024494,0.00011748061555103578,0.00011741472863492429,0.00011734893959663523,0.00011728324817732934,0.00011721765416825909,0.00011715215733613442,0.00011708675747139875,0.0001170214543204076,0.00011695624765252615,0.00011689113723786832,0.0001168261228473762,0.00011676120425286533,0.00011669638122663832,0.00011663165354186169,0.00011656702097254187,0.000116502483293232,0.00011643804027941085,0.00011637369168298327,0.00011630943730541912,0.00011624527692398962,0.00011618121031749957,0.00011611723726511845,0.00011605335754597427,0.00011598957096460001,0.00011592587727839206,0.00011586227626717348,0.00011579876771628451,0.0001157353514101908,0.00011567202712801,0.00011560879465741955,0.00011554565378062533,0.00011548260428692629,0.00011541964594285796,0.00011535677855633268,0.00011529400191568389,0.00011523131581015047,0.00011516872002848161,0.00011510621436122485,0.00011504379859937802,0.00011498147253432729,0.00011491923595857245,0.00011485708866468816,0.00011479503044646473,0.00011473306109770596,0.00011467118041399135,0.00011460938818980254,0.00011454768422190296,0.0001144860683076794,0.00011442454024382965,0.00011436309982847044,0.00011430174686061098,0.00011424048113967714,0.00011417930246536026,0.00011411821063846206,0.00011405720546074832,0.00011399628673347789,0.00011393545425926815,0.00011387470784176521,0.00011381404728424479,0.00011375347239117942,0.00011369298298157061,0.00011363257884488758,0.00011357225978287792,0.00011351202561881465,0.00011345187610533422,0.0001133918111422532,0.0001133318304908777,0.00011327193398747392,0.00011321212140400196,0.00011315239253053843,0.00011309274723375855,0.00011303318530022715,0.00011297370654552046,0.0001129143107776357,0.00011285499781196019,0.00011279576746367686,0.00011273661954671326,0.00011267755387653115,0.00011261857026296516,0.00011255966852785289,0.0001125008484968059,0.00011244210996992259,0.00011238345280037656,0.000112324876769125,0.0001122663817064859,0.00011220796743263191,0.0001121496337666838,0.00011209138053072746,0.00011203320754578888,0.00011197511463323088,0.0001119171016155456,0.00011185916831469451,0.00011180131455535118,0.00011174354016555537,0.00011168584496206066,0.00011162822877673688,0.00011157069143377513,0.0001115132327478083,0.0001114558525547989,0.00011139855068190433,0.00011134132696409534,0.00011128418122725002,0.00011122711329148054,0.0001111701229863486,0.00011111321014765472,0.00011105637460031472,0.00011099961616697695,0.00011094293469081427,0.00011088633000261113,0.00011082980193911585,0.00011077335033114589,0.0001107169750013179,0.00011066067579627289,0.00011060445254550351,0.00011054830507089725,0.00011049223323801206,0.00011043623686685158,0.0001103803157937994,0.00011032446985572713,0.00011026869888422955,0.00011021300271980169,0.0001101573812056635,0.00011010183418738834,0.00011004636149560237,0.00010999096296997012,0.0001099356384463734,0.0001098803877778031,0.00010982521079560753,0.00010977010734123161,0.0001097150772571714,0.00010966012038643196,0.00010960523657556692,0.00010955042566501733,0.00010949568749997369,0.00010944102192474366,0.00010938642878373797,0.00010933190792242115,0.00010927745918735401,0.00010922308242528142,0.00010916877748497292,0.00010911454420858355,0.0001090603824436388,0.00010900629204220644,0.0001089522728436538,0.00010889832471245498,0.00010884444747175869,0.0001087906410035043,0.0001087369051474251,0.00010868323975260949,0.00010862964466838945,0.00010857611974605808,0.00010852266483845202,0.00010846927980160947,0.0001084159644740908,0.00010836271872551862,0.0001083095424033131,0.00010825643535882123,0.00010820339745147246,0.00010815042853570954,0.00010809752846925572,0.00010804469710468951,0.0001079919342983222,0.0001079392399067596,0.00010788661378529077,0.00010783405579436401,0.00010778156579082507,0.00010772914363262889,0.00010767678917868433,0.00010762450228864146,0.00010757228282163423,0.00010752013064027087,0.00010746804560308226,0.00010741602757042327,0.00010736407641328241,0.00010731219196830377,0.00010726037411431905,0.00010720862271099457,0.00010715693761612548,0.00010710531870654867,0.0001070537658370801,0.00010700227887060845,0.00010695085767310688,0.00010689950211061805,0.00010684821204339003,0.00010679698734190717,0.00010674582787220202,0.00010669473350512992,0.00010664370409803899,0.00010659273951069031,0.00010654183962035781,0.00010649100429479182,0.00010644023340206684,0.00010638952681056159,0.00010633888438933211,0.00010628830600740397,0.00010623779153440099,0.00010618734084116392,0.00010613695379634882,0.00010608663027719762,0.00010603637016587488,0.00010598617329790954,0.00010593603956178333,0.00010588596885152168,0.00010583596099984,0.00010578601592000172,0.00010573613344577175,0.00010568631348859725,0.00010563655588529651,0.00010558686054224323,0.00010553722730592666,0.00010548765606245366,0.00010543814668955142,0.00010538869906395084,0.00010533931306117016,0.00010528998856751013,0.00010524072543957522,0.00010519152357427564,0.00010514238283143283,0.00010509330309632677,0.00010504428424699246,0.00010499532615117491,0.00010494642869817221,0.00010489759176769028,0.00010484881523787455,0.00010480009899964458,0.0001047514429223472,0.00010470284688636524,0.00010465431075301095,0.00010460583444204345,0.00010455741781545344,0.00010450906075297767,0.00010446076313831349,0.00010441252485427528,0.00010436434578400782,0.00010431622580982273,0.00010426816481761416,0.00010422016268729043,0.0001041722192974516,0.00010412433452241553,0.00010407650827692275,0.00010402874043760824,0.00010398103088527263,0.00010393337950366681,0.00010388578617911425,0.00010383825080071119,0.00010379077324891075,0.00010374335341317854,0.00010369599117881078,0.00010364868643653514,0.0001036014390680892,0.00010355424897022172,0.00010350711601966701,0.00010346004011673845,0.00010341302114610014,0.00010336605898048286,0.00010331915355174061,0.0001032723047141608,0.00010322551236583276,0.00010317877639587849,0.00010313209666899277,0.00010308547315069944,0.00010303890567033212,0.00010299239412883868,0.00010294593842758431,0.00010289953845528861,0.0001028531941018006,0.00010280690527191417,0.00010276067184118656,0.00010271449370640133,0.000102668370767342,0.0001026223029216776,0.00010257629005691593,0.00010253033203842073,0.0001024844288050366,0.0001024385802441527,0.0001023927862401808,0.00010234704669106379,0.00010230136149319597,0.00010225573053207826,0.00010221015371956,0.00010216463095482392,0.00010211916212531045,0.00010207374712950575,0.00010202838586654915,0.00010198307823309272,0.00010193782412495287,0.00010189262344085797,0.00010184747607520629,0.00010180238193030269,0.00010175734091445133,0.00010171235291924173,0.00010166741784853287,0.00010162253559384804,0.00010157770606042414,0.00010153292916052485,0.00010148820476746794,0.00010144353279539007,0.0001013989131472238,0.0001013543457253029,0.00010130983042750075,0.00010126536715259584,0.00010122095581603759,0.0001011765963095576,0.00010113228851381747,0.00010108803237828701,0.00010104382778339813,0.00010099967464149527,0.00010095557284096399,0.0001009115222850099,0.0001008675229062801,0.00010082357457414425,0.0001007796771998172,0.00010073583069760882,0.00010069203497327324,0.00010064828992764475,0.00010060459547275203,0.00010056095150345826,0.00010051735793185068,0.00010047381466590106,0.00010043032159166855,0.00010038687865292883,0.00010034348573696401,0.00010030014275215532,0.00010025684963231041,0.00010021360623418084,0.00010017041250072318,0.0001001272683307674,0.0001000841736322225,0.00010004112830278947,9.999813226325665e-05,9.995518542209939e-05,9.991228769053802e-05,9.986943896669603e-05,9.982663917828654e-05,9.978388823329134e-05,9.974118603387161e-05,9.96985324925896e-05,9.96559275163503e-05,9.961337101596994e-05,9.957086287559981e-05,9.952840307212907e-05,9.94859914781546e-05,9.94436280158032e-05,9.940131259220319e-05,9.935904511896726e-05,9.931682550981945e-05,9.92746536760524e-05,9.923252953520208e-05,9.919045299320645e-05,9.91484239640709e-05,9.910644236886154e-05,9.906450810865965e-05,9.902262112770325e-05,9.898078130047838e-05,9.893898855389367e-05,9.889724281416848e-05,9.88555439923044e-05,9.881389199188723e-05,9.877228674668623e-05,9.87307281634905e-05,9.868921615207824e-05,9.864775063021474e-05,9.860633152393321e-05,9.856495873849303e-05,9.852363220004262e-05,9.848235182182738e-05,9.844111751940632e-05,9.839992921070878e-05,9.835878681324463e-05,9.831769024477414e-05,9.827663942203776e-05,9.82356342661324e-05,9.819467471290306e-05,9.815376064007616e-05,9.811289198772301e-05,9.807206867447783e-05,9.803129061762717e-05,9.79905577392454e-05,9.794986995882447e-05,9.790922718385337e-05,9.786862935371859e-05,9.782807638152023e-05,9.778756818290507e-05,9.77471046864104e-05,9.770668581690322e-05,9.766631147856489e-05,9.762598159426513e-05,9.758569609075727e-05,9.754545488828588e-05,9.750525790951544e-05,9.746510508291198e-05,9.74249963321819e-05,9.73849315567896e-05,9.734491069136669e-05,9.730493366120009e-05,9.726500039011265e-05,9.722511079965433e-05,9.718526481169766e-05,9.714546235364683e-05,9.710570334347458e-05,9.706598770814752e-05,9.702631536906604e-05,9.698668625461159e-05,9.6947100285412e-05,9.690755738666041e-05,9.686805748079933e-05,9.68286004941615e-05,9.678918635030899e-05,9.674981497880003e-05,9.671048630412989e-05,9.667120024776517e-05,9.66319567389762e-05,9.659275570420466e-05,9.655359706575179e-05,9.651448074157203e-05,9.647540667662621e-05,9.643637478800908e-05,9.639738500476373e-05,9.635843725514926e-05,9.63195314628208e-05,9.628066755676187e-05,9.624184546399228e-05,9.620306511202535e-05,9.61643264286924e-05,9.612562934148605e-05,9.608697377184381e-05,9.604835965446914e-05,9.600978691422204e-05,9.59712554911769e-05,9.593276531370742e-05,9.589431630338659e-05,9.585590838381841e-05,9.581754149809748e-05,9.57792155680875e-05,9.574093050557819e-05,9.570268626086214e-05,9.566448277230531e-05,9.562631995955624e-05,9.558819775690975e-05,9.555011608919776e-05,9.5512074885565e-05,9.547407408646778e-05,9.543611361425899e-05,9.539819340282694e-05,9.536031337962315e-05,9.532247347909436e-05,9.528467363292355e-05,9.524691377282182e-05,9.520919383093667e-05,9.51715137392405e-05,9.51338734300306e-05,9.509627283403756e-05,9.505871188558748e-05,9.502119051742751e-05,9.498370866247593e-05,9.49462662537895e-05,9.490886322458436e-05,9.487149951034539e-05,9.483417504040615e-05,9.479688975055298e-05,9.475964357646892e-05,9.472243645052625e-05,9.46852683066934e-05,9.464813907913222e-05,9.461104870232306e-05,9.45739971102646e-05,9.453698423925981e-05,9.450001002307737e-05,9.446307439579923e-05,9.442617729521327e-05,9.438931865408018e-05,9.435249840995288e-05,9.43157164978308e-05,9.427897285417352e-05,9.42422674126807e-05,9.420560010639182e-05,9.416897088051238e-05,9.413237966345103e-05,9.409582639651165e-05,9.405931101739013e-05,9.402283345655764e-05,9.398639366086488e-05,9.394999156192568e-05,9.391362709544573e-05,9.387730020206904e-05,9.384101081648472e-05,9.380475887408838e-05,9.376854432068544e-05,9.373236708560047e-05,9.369622711521836e-05,9.366012433385226e-05,9.362405869495757e-05,9.358803012941915e-05,9.355203858052718e-05,9.351608398565016e-05,9.348016628963636e-05,9.344428541662909e-05,9.340844131793834e-05,9.337263392859366e-05,9.333686318559389e-05,9.330112904137425e-05,9.326543141774377e-05,9.32297702716921e-05,9.319414553513085e-05,9.315855714162581e-05,9.312300504094578e-05,9.308748917387292e-05,9.30520094703302e-05,9.301656587951225e-05,9.298115834736625e-05,9.294578680580382e-05,9.29104511970202e-05,9.287515146939687e-05,9.283988755683098e-05,9.280465940556586e-05,9.276946694993189e-05,9.273431014094816e-05,9.269918891719503e-05,9.266410321835576e-05,9.26290529873538e-05,9.259403816501e-05,9.255905869951441e-05,9.252411452613476e-05,9.248920558506446e-05,9.245433183610195e-05,9.241949321113868e-05,9.238468965489755e-05,9.234992110510597e-05,9.231518750996932e-05,9.228048881673362e-05,9.224582496540905e-05,9.221119589330588e-05,9.217660155223476e-05,9.21420418873732e-05,9.210751684066559e-05,9.2073026354932e-05,9.203857036866461e-05,9.200414883971678e-05,9.196976170542599e-05,9.19354089107256e-05,9.190109040088055e-05,9.186680611580466e-05,9.183255601002057e-05,9.179834001768895e-05,9.176415809048155e-05,9.173001017337582e-05,9.169589621973744e-05,9.166181616799381e-05,9.16277699640797e-05,9.159375755374244e-05,9.155977888327805e-05,9.152583389866616e-05,9.149192254631699e-05,9.145804475220025e-05,9.14242004811238e-05,9.139038970141516e-05,9.135661234042564e-05,9.132286834870263e-05,9.128915766111498e-05,9.125548023730194e-05,9.122183600543708e-05,9.118822494897802e-05,9.115464699437416e-05,9.1121102080108e-05,9.1087590162603e-05,9.105411119707999e-05,9.102066511856121e-05,9.098725188243718e-05,9.095387143479318e-05,9.092052372501497e-05,9.088720869927501e-05,9.085392631766379e-05,9.082067651098594e-05,9.078745923569641e-05,9.075427444549017e-05,9.072112209795997e-05,9.068800211824136e-05,9.065491445866113e-05,9.062185909873247e-05,9.058883594476475e-05,9.055584495915266e-05,9.052288610444698e-05,9.048995932584577e-05,9.045706456623965e-05,9.042420178693326e-05,9.03913709264741e-05,9.035857194062204e-05,9.03258047857359e-05,9.029306939817124e-05,9.0260365743414e-05,9.022769375901646e-05,9.019505340126758e-05,9.016244462949206e-05,9.012986738589595e-05,9.00973216192945e-05,9.006480728597626e-05,9.003232434528844e-05,8.999987272359785e-05,8.996745239179196e-05,8.993506329773279e-05,8.990270538440136e-05,8.987037861418421e-05,8.98380829367841e-05,8.98058182998751e-05,8.977358466178093e-05,8.974138197130343e-05,8.970921018053863e-05,8.96770692418794e-05,8.964495910784897e-05,8.961287973091359e-05,8.958083106302887e-05,8.954881305768146e-05,8.951682566785042e-05,8.948486885343535e-05,8.945294255315053e-05,8.94210467273865e-05,8.938918132911343e-05,8.935734631186005e-05,8.932554163673395e-05,8.929376725943992e-05,8.926202310633293e-05,8.923030914858868e-05,8.919862534004752e-05,8.916697163465815e-05,8.913534798640493e-05,8.910375434946949e-05,8.907219067803662e-05,8.904065692643799e-05,8.90091530490717e-05,8.897767900045131e-05,8.894623473508478e-05,8.891482020773799e-05,8.888343537335546e-05,8.885208018635195e-05,8.882075460234337e-05,8.878945857587173e-05,8.875819206247341e-05,8.872695501726334e-05,8.869574739670266e-05,8.866456914859822e-05,8.863342024357781e-05,8.860230062874033e-05,8.857121025012569e-05,8.854014908786985e-05,8.850911707770863e-05,8.847811417995435e-05,8.844714035321285e-05,8.841619555118851e-05,8.838527971399748e-05,8.8354392814604e-05,8.832353482989013e-05,8.829270567763975e-05,8.826190533917124e-05,8.823113375294942e-05,8.820039091547319e-05,8.81696767376106e-05,8.813899121465478e-05,8.810833426771998e-05,8.807770588863353e-05,8.804710599840224e-05,8.801653459247484e-05,8.798599159548607e-05,8.795547699112568e-05,8.792499072100116e-05,8.789453274556512e-05,8.786410302313338e-05,8.783370151345542e-05,8.78033281721033e-05,8.777298295620169e-05,8.774266582706742e-05,8.771237673869451e-05,8.768211564969097e-05,8.765188252261154e-05,8.762167731856e-05,8.759149998622378e-05,8.756135048961756e-05,8.753122876112812e-05,8.750113481373208e-05,8.747106857530226e-05,8.744103001821151e-05,8.74110190818607e-05,8.738103573173483e-05,8.735107991369437e-05,8.732115163011241e-05,8.729125080152258e-05,8.726137740436984e-05,8.723153139666454e-05,8.720171273392943e-05,8.717192137475989e-05,8.714215728095432e-05,8.711242041439801e-05,8.7082710710765e-05,8.70530281502728e-05,8.7023372689714e-05,8.699374429857886e-05,8.696414296115118e-05,8.69345686034878e-05,8.690502120545479e-05,8.687550070613318e-05,8.684600705684194e-05,8.68165402479385e-05,8.678710023592252e-05,8.67576869732792e-05,8.672830042190206e-05,8.66989405461205e-05,8.666960730273674e-05,8.664030065195641e-05,8.661102055711902e-05,8.658176695635635e-05,8.655253985751048e-05,8.652333920247946e-05,8.649416494555373e-05,8.646501705403389e-05,8.64358954856183e-05,8.640680020410414e-05,8.63777311713746e-05,8.63486883500697e-05,8.631967170083689e-05,8.629068118647824e-05,8.626171676915414e-05,8.623277841107224e-05,8.620386607468178e-05,8.617497972231825e-05,8.614611931261748e-05,8.61172848159042e-05,8.608847619081221e-05,8.605969339964904e-05,8.603093640613692e-05,8.600220517264663e-05,8.597349966210965e-05,8.594481983752488e-05,8.591616566196507e-05,8.588753709857627e-05,8.585893411057672e-05,8.583035666125841e-05,8.580180471398738e-05,8.577327823219909e-05,8.574477717940396e-05,8.571630151918317e-05,8.568785121519076e-05,8.565942623115252e-05,8.563102653086509e-05,8.56026520781975e-05,8.557430283710518e-05,8.554597877156766e-05,8.551767984568219e-05,8.548940602362589e-05,8.546115726957323e-05,8.543293354784189e-05,8.54047348227963e-05,8.537656105886947e-05,8.534841222056549e-05,8.532028827245719e-05,8.529218917918756e-05,8.5264114905469e-05,8.5236065416083e-05,8.520804067587945e-05,8.518004064977759e-05,8.51520653027649e-05,8.51241145998976e-05,8.509618850629983e-05,8.506828698716458e-05,8.504041000775198e-05,8.501255753339125e-05,8.498472952947756e-05,8.495692596147428e-05,8.492914679491249e-05,8.490139199539021e-05,8.487366152857104e-05,8.484595536018756e-05,8.48182734560378e-05,8.479061578162146e-05,8.47629823027828e-05,8.473537297819051e-05,8.470778778831814e-05,8.46802266793133e-05,8.465268964635238e-05,8.462517664025366e-05,8.459768761080498e-05,8.457022255675247e-05,8.454278141228361e-05,8.451536416033385e-05,8.448797076743267e-05,8.446060119996237e-05,8.443325542448993e-05,8.440593340839049e-05,8.437863511794317e-05,8.435136052059529e-05,8.4324109582383e-05,8.42968822711525e-05,8.426967855393074e-05,8.424249839758951e-05,8.421534176946554e-05,8.41882086368243e-05,8.416109896687775e-05,8.413401272744025e-05,8.410694988591963e-05,8.407991040929847e-05,8.405289426551158e-05,8.402590142264072e-05,8.399893184812508e-05,8.397198550945681e-05,8.39450623743428e-05,8.391816241052258e-05,8.389128558708423e-05,8.386443187177494e-05,8.383760123207297e-05,8.381079363676327e-05,8.378400905385315e-05,8.375724745165952e-05,8.373050879760633e-05,8.370379306071181e-05,8.367710020956126e-05,8.365043021264649e-05,8.362378303863835e-05,8.359715865618341e-05,8.357055705811742e-05,8.354397816418883e-05,8.3517421967918e-05,8.34908884553418e-05,8.346437756163228e-05,8.343788927190247e-05,8.341142355606971e-05,8.338498038234157e-05,8.335855972058708e-05,8.333216155238987e-05,8.33057858476044e-05,8.327943253681101e-05,8.325310163583793e-05,8.322679308375388e-05,8.32005068762828e-05,8.317424296440349e-05,8.314800131753908e-05,8.312178190984177e-05,8.309558471104417e-05,8.306940967776398e-05,8.304325680164051e-05,8.30171260312001e-05,8.299101735743104e-05,8.296493073979287e-05,8.293886614897088e-05,8.291282354023985e-05,8.288680290749963e-05,8.28608042166017e-05,8.283482742780989e-05,8.280887251646793e-05,8.278293945311417e-05,8.27570282011235e-05,8.273113874503886e-05,8.270527104837609e-05,8.267942507509345e-05,8.265360080507225e-05,8.262779821077789e-05,8.260201725612394e-05,8.257625792118748e-05,8.255052016666212e-05,8.252480397247518e-05,8.249910928711917e-05,8.247343610411474e-05,8.244778438858653e-05,8.242215410440592e-05,8.239654523421715e-05,8.237095775233654e-05,8.234539163383104e-05,8.231984683896478e-05,8.229432333666968e-05,8.226882110572267e-05,8.224334009946934e-05,8.221788030527493e-05,8.219244169635727e-05,8.216702424562294e-05,8.214162792319892e-05,8.211625269202265e-05,8.20908985400859e-05,8.206556542357123e-05,8.204025332029605e-05,8.201496220855904e-05,8.19896920478066e-05,8.19644428169463e-05,8.193921448778031e-05,8.191400703227719e-05,8.188882043012695e-05,8.18636546395726e-05,8.183850963974905e-05,8.181338540327236e-05,8.178828190009982e-05,8.17631991076827e-05,8.173813699627203e-05,8.17130955380623e-05,8.168807470625028e-05,8.166307447324691e-05,8.163809481191371e-05,8.16131356936839e-05,8.158819709431925e-05,8.156327898492817e-05,8.153838134123155e-05,8.151350413317407e-05,8.148864733277251e-05,8.14638109146367e-05,8.143899483623661e-05,8.141419909804331e-05,8.138942366644202e-05,8.136466851024503e-05,8.133993360373645e-05,8.131521891751654e-05,8.12905244284946e-05,8.126585010593044e-05,8.124119593354177e-05,8.121656185749116e-05,8.11919478840575e-05,8.116735397390637e-05,8.114278010051379e-05,8.111822622469648e-05,8.10936923497057e-05,8.106917843289143e-05,8.104468444875781e-05,8.102021037228552e-05,8.09957561787388e-05,8.097132184009722e-05,8.09469073304791e-05,8.092251262405277e-05,8.089813769503111e-05,8.087378251767171e-05,8.084944706627868e-05,8.082513131520715e-05,8.080083523885621e-05,8.077655881166023e-05,8.075230200811935e-05,8.072806480276547e-05,8.070384717050401e-05,8.067964908313273e-05,8.065547051743206e-05,8.06313114461473e-05,8.060717184806452e-05,8.058305171097944e-05,8.055895097956008e-05,8.053486964630829e-05,8.051080768353498e-05,8.048676506716349e-05,8.046274177238732e-05,8.043873777266194e-05,8.041475304427362e-05,8.039078756480861e-05,8.036684133158679e-05,8.03429142691541e-05,8.031900639239929e-05,8.029511764968318e-05,8.027124802989342e-05,8.02473975084487e-05,8.022356606080238e-05,8.019975366247873e-05,8.017596028904363e-05,8.015218591971322e-05,8.01284305264934e-05,8.010469408507307e-05,8.008097657121079e-05,8.005727795706532e-05,8.003359822563745e-05,8.000993736171772e-05,7.998629532878908e-05,7.996267209008463e-05,7.993906764993545e-05,7.991548196742681e-05,7.98919150025118e-05,7.98683667534761e-05,7.984483717958239e-05,7.982132627340652e-05,7.979783401167071e-05,7.977436041056066e-05,7.975090535837006e-05,7.972746888675216e-05,7.97040509474879e-05,7.968065156358578e-05,7.965727065628216e-05,7.963390822343334e-05,7.961056424184805e-05,7.958723867082648e-05,7.956393150387643e-05,7.954064271646542e-05,7.951737228819789e-05,7.949412019304089e-05,7.947088640921733e-05,7.944767091359832e-05,7.942447368481749e-05,7.940129469802565e-05,7.937813392997936e-05,7.935499135774207e-05,7.933186695881049e-05,7.930876070977422e-05,7.928567258771768e-05,7.926260257055633e-05,7.923955063150821e-05,7.92165167552258e-05,7.91935009154126e-05,7.917050308870187e-05,7.914752325349333e-05,7.912456138552549e-05,7.910161746439839e-05,7.90786914662123e-05,7.905578335816664e-05,7.903289312376144e-05,7.901002076425886e-05,7.898716623662479e-05,7.896432952159007e-05,7.894151057961144e-05,7.891870941665692e-05,7.88959259997747e-05,7.887316030583976e-05,7.885041231172093e-05,7.88276819963685e-05,7.880496933721745e-05,7.87822743122585e-05,7.875959689926504e-05,7.87369370747412e-05,7.871429482068188e-05,7.869167011294072e-05,7.866906292811491e-05,7.864647324834815e-05,7.862390104009003e-05,7.860134630083351e-05,7.857880899867523e-05,7.855628911615315e-05,7.853378662565928e-05,7.851130150793924e-05,7.848883374252945e-05,7.846638330856131e-05,7.844395018373197e-05,7.842153433249565e-05,7.839913576208805e-05,7.837675443126581e-05,7.835439034157459e-05,7.833204343990327e-05,7.830971370949332e-05,7.828740114149309e-05,7.826510571321544e-05,7.824282740202633e-05,7.822056618702904e-05,7.819832204713984e-05,7.817609496136224e-05,7.815388490689237e-05,7.813169186440572e-05,7.810951581319301e-05,7.808735673397122e-05,7.806521460820663e-05,7.804308940533265e-05,7.802098111205963e-05,7.799888972870631e-05,7.79768151952939e-05,7.795475750264005e-05,7.793271664045232e-05,7.791069257989997e-05,7.788868529865417e-05,7.786669478179373e-05,7.784472101720924e-05,7.782276396736858e-05,7.780082362816648e-05,7.777889996605795e-05,7.77569929597722e-05,7.773510259330287e-05,7.771322884998498e-05,7.7691371715908e-05,7.766953115219883e-05,7.764770715961553e-05,7.762589970949503e-05,7.760410877704715e-05,7.758233432320964e-05,7.756057635974642e-05,7.753883485644402e-05,7.751710979318081e-05,7.749540117043421e-05,7.747370892463454e-05,7.745203306559009e-05,7.743037356452317e-05,7.740873040029145e-05,7.738710354368637e-05,7.736549299500829e-05,7.734389873420302e-05,7.732232073501196e-05,7.730075897614195e-05,7.72792134403746e-05,7.725768410516977e-05,7.723617095128368e-05,7.7214673984453e-05,7.719319314323749e-05,7.717172842540608e-05,7.715027981073747e-05,7.712884728714054e-05,7.710743082726695e-05,7.708603041211144e-05,7.706464602665031e-05,7.704327765363629e-05,7.702192526724622e-05,7.70005888510395e-05,7.697926838585405e-05,7.695796386849948e-05,7.693667524867693e-05,7.691540252203848e-05,7.689414567000832e-05,7.687290467385088e-05,7.685167951430023e-05,7.683047017236443e-05,7.680927662736066e-05,7.678809886648894e-05,7.676693686563627e-05,7.674579060190637e-05,7.67246600682768e-05,7.670354523662684e-05,7.668244609002841e-05,7.666136261211006e-05,7.664029478711446e-05,7.66192425869365e-05,7.659820600071912e-05,7.657718500383054e-05,7.655617958357256e-05,7.653518971746854e-05,7.651421540570481e-05,7.649325659754271e-05,7.647231328979592e-05,7.64513854646375e-05,7.643047309576742e-05,7.640957617923615e-05,7.638869469099626e-05,7.636782861053394e-05,7.634697792065369e-05,7.632614260443393e-05,7.630532264118355e-05,7.62845180139918e-05,7.626372869775716e-05,7.624295468164726e-05,7.622219596103882e-05,7.620145249724997e-05,7.618072427646349e-05,7.616001127912191e-05,7.613931349905482e-05,7.611863090639701e-05,7.6097963492069e-05,7.607731122667374e-05,7.605667411319419e-05,7.603605211392207e-05,7.601544521746081e-05,7.599485340540918e-05,7.597427666139615e-05,7.595371496697738e-05,7.593316830459156e-05,7.591263666064292e-05,7.589212001993672e-05,7.587161834782255e-05,7.585113164565948e-05,7.583065987883552e-05,7.581020305228666e-05,7.578976111960681e-05,7.5769334081067e-05,7.574892191688878e-05,7.572852460745098e-05,7.570814213998668e-05,7.568777449484121e-05,7.566742165472525e-05,7.564708360243684e-05,7.562676034975009e-05,7.560645182146889e-05,7.558615802934627e-05,7.556587895631104e-05,7.554561461191932e-05,7.552536492555327e-05,7.550512990484963e-05,7.548490953698875e-05,7.546470382044891e-05,7.544451270130028e-05,7.542433618365717e-05,7.540417424883307e-05,7.538402687794747e-05,7.536389405567046e-05,7.534377578775244e-05,7.532367201405168e-05,7.530358273793396e-05,7.528350794306915e-05,7.526344761488517e-05,7.524340173652032e-05,7.522337028762112e-05,7.520335325244061e-05,7.518335063264537e-05,7.516336238053237e-05,7.514338849064182e-05,7.512342895580747e-05,7.510348376347122e-05,7.508355287766228e-05,7.506363629239574e-05,7.504373399116856e-05,7.502384594908727e-05,7.500397215572761e-05,7.498411261716386e-05,7.496426728868622e-05,7.494443615413986e-05,7.492461921227708e-05,7.49048164319503e-05,7.488502779515402e-05,7.486525329432836e-05,7.484549293224219e-05,7.482574665354708e-05,7.480601445896838e-05,7.478629633569211e-05,7.476659227694569e-05,7.474690225522625e-05,7.472722625030899e-05,7.470756426117297e-05,7.468791626498474e-05,7.466828223269718e-05,7.464866216164291e-05,7.462905603472884e-05,7.460946383334659e-05,7.458988554509582e-05,7.457032114221574e-05,7.45507706279585e-05,7.453123397964372e-05,7.451171118872498e-05,7.449220222104479e-05,7.447270708424074e-05,7.445322572746829e-05,7.443375816484873e-05,7.441430436909846e-05,7.439486432696915e-05,7.437543802456492e-05,7.435602544692616e-05,7.433662657332122e-05,7.431724138775054e-05,7.429786988398911e-05,7.427851203773397e-05,7.425916783540174e-05,7.423983728591929e-05,7.422052033249832e-05,7.420121697923383e-05,7.418192720837861e-05,7.416265100424011e-05,7.41433883562204e-05,7.412413925255069e-05,7.410490366506158e-05,7.408568158533278e-05,7.406647299969198e-05,7.404727789672736e-05,7.402809625006954e-05,7.400892805066565e-05,7.398977328172892e-05,7.397063192100164e-05,7.395150396993979e-05,7.393238940474461e-05,7.391328821206513e-05,7.389420037729208e-05,7.387512588324627e-05,7.38560647123544e-05,7.383701685458068e-05,7.381798229420544e-05,7.379896101583635e-05,7.377995300794514e-05,7.3760958248401e-05,7.374197672691057e-05,7.372300842640031e-05,7.370405332352654e-05,7.368511142518472e-05,7.366618270508294e-05,7.364726714888626e-05,7.362836474135556e-05,7.360947546701102e-05,7.359059931346213e-05,7.357173626923925e-05,7.355288631152498e-05,7.353404942907733e-05,7.351522561743792e-05,7.349641484364037e-05,7.34776171045133e-05,7.345883238961274e-05,7.344006066896389e-05,7.342130193631964e-05,7.34025561791662e-05,7.338382338322025e-05,7.336510353738803e-05,7.334639661853749e-05,7.332770261243632e-05,7.330902151305214e-05,7.329035330357619e-05,7.32716979678154e-05,7.325305549282454e-05,7.32344258619113e-05,7.321580906316925e-05,7.319720508214676e-05,7.317861390552763e-05,7.316003551740598e-05,7.314146990564484e-05,7.31229170545272e-05,7.310437694972835e-05,7.308584958007846e-05,7.306733492713717e-05,7.3048832979981e-05,7.303034372836996e-05,7.301186714872289e-05,7.299340323324333e-05,7.297495196778505e-05,7.295651333813564e-05,7.293808732866395e-05,7.291967392470513e-05,7.290127311655827e-05,7.288288488724013e-05,7.286450922510456e-05,7.2846146115134e-05,7.282779554502475e-05,7.280945749847242e-05,7.279113196233012e-05,7.277281892411817e-05,7.275451837169133e-05,7.273623028738458e-05,7.27179546620502e-05,7.269969147755699e-05,7.268144072359926e-05,7.266320238561736e-05,7.264497645202638e-05,7.262676290474631e-05,7.26085617323866e-05,7.259037291984088e-05,7.257219645838852e-05,7.255403233203635e-05,7.253588052828224e-05,7.251774103314492e-05,7.249961383093336e-05,7.248149891023382e-05,7.24633962589432e-05,7.244530585676853e-05,7.242722770005539e-05,7.240916176625735e-05,7.239110805558785e-05,7.237306654409011e-05,7.23550372129455e-05,7.23370200653217e-05,7.23190150793077e-05,7.23010222439943e-05,7.228304154102148e-05,7.226507296095286e-05,7.224711649055597e-05,7.222917212136165e-05,7.22112398133457e-05,7.219331959545633e-05,7.217541143511236e-05,7.215751531804585e-05,7.213963123367603e-05,7.21217591667174e-05,7.210389910653658e-05,7.208605103670817e-05,7.206821494837353e-05,7.20503908271238e-05,7.20325786536229e-05,7.201477842670976e-05,7.199699012803358e-05,7.197921374562878e-05,7.196144926383329e-05,7.19436966714616e-05,7.192595595826765e-05,7.190822710943464e-05,7.189051010740245e-05,7.187280493707208e-05,7.185511160198736e-05,7.183743008336009e-05,7.18197603684438e-05,7.180210243491452e-05,7.17844562817117e-05,7.17668218911593e-05,7.174919923704718e-05,7.173158833569733e-05,7.17139891587069e-05,7.169640169146736e-05,7.167882592929416e-05,7.166126184746717e-05,7.164370944867246e-05,7.162616871283992e-05,7.160863962290916e-05,7.159112217504272e-05,7.157361635186103e-05,7.155612214318575e-05,7.153863953745548e-05,7.152116852095702e-05,7.150370907745586e-05,7.148626120191734e-05,7.146882487988846e-05,7.145140009616746e-05,7.143398683998133e-05,7.141658509747486e-05,7.139919485938688e-05,7.13818161126002e-05,7.136444884234003e-05,7.13470930409997e-05,7.132974869411783e-05,7.131241578901744e-05,7.129509431262395e-05,7.127778425085445e-05,7.126048559774759e-05,7.124319833960812e-05,7.122592245973059e-05,7.120865795563602e-05,7.119140480731515e-05,7.11741630055297e-05,7.115693253558615e-05,7.113971338992244e-05,7.112250555668237e-05,7.11053090225817e-05,7.108812377444196e-05,7.107094980002268e-05,7.105378708457799e-05,7.103663562445155e-05,7.101949539925205e-05,7.100236640041211e-05,7.098524862203551e-05,7.096814204870779e-05,7.095104666475292e-05,7.093396246482437e-05,7.091688943038204e-05,7.08998275561638e-05,7.088277682529188e-05,7.086573722479745e-05,7.084870874339397e-05,7.083169137675398e-05,7.081468510869297e-05,7.079768992645929e-05,7.078070581960973e-05,7.076373277951087e-05,7.074677079030848e-05,7.072981984173318e-05,7.071287992246513e-05,7.06959510194626e-05,7.067903312573704e-05,7.06621262256661e-05,7.064523030994573e-05,7.062834536531348e-05,7.061147137955108e-05,7.059460834612892e-05,7.057775624834444e-05,7.05609150790937e-05,7.054408482342099e-05,7.052726547297429e-05,7.051045701456602e-05,7.049365943238956e-05,7.047687272536289e-05,7.0460096876731e-05,7.044333187558923e-05,7.042657770955521e-05,7.04098343686324e-05,7.039310183678032e-05,7.03763801112531e-05,7.035966917694311e-05,7.03429690205054e-05,7.032627963430202e-05,7.030960100847558e-05,7.029293312822916e-05,7.027627598238132e-05,7.025962956316663e-05,7.024299385563239e-05,7.022636885218092e-05,7.020975454060941e-05,7.019315090982912e-05,7.01765579484737e-05,7.015997564528965e-05,7.01434039892735e-05,7.012684297090539e-05,7.011029257711895e-05,7.009375279597745e-05,7.00772236203423e-05,7.006070503846093e-05,7.004419703848238e-05,7.002769960820825e-05,7.001121273973343e-05,6.999473642079242e-05,6.997827064030892e-05,6.996181538996555e-05,6.994537065250948e-05,6.992893642354164e-05,6.991251268948961e-05,6.989609944080582e-05,6.987969666583169e-05,6.986330435430747e-05,6.98469224902518e-05,6.983055107380032e-05,6.981419008649267e-05,6.979783951900117e-05,6.978149936475474e-05,6.976516960928039e-05,6.974885024546946e-05,6.973254125673109e-05,6.971624263627814e-05,6.969995437348658e-05,6.968367645930521e-05,6.966740887763461e-05,6.965115162285122e-05,6.963490468146146e-05,6.961866804666185e-05,6.960244170447584e-05,6.958622564706384e-05,6.957001986284218e-05,6.955382434165127e-05,6.953763907233898e-05,6.952146403696315e-05,6.950529923801815e-05,6.948914467112978e-05,6.947300032555e-05,6.94568661632699e-05,6.944074219118771e-05,6.94246283987755e-05,6.940852477445937e-05,6.939243131105956e-05,6.937634799567273e-05,6.936027482005335e-05,6.934421176812821e-05,6.93281588398004e-05,6.931211601976106e-05,6.929608329832877e-05,6.928006066703677e-05,6.92640481103702e-05,6.92480456212394e-05,6.923205318948727e-05,6.921607080453304e-05,6.920009845654926e-05,6.918413613607682e-05,6.916818383249823e-05,6.915224153518182e-05,6.913630923133624e-05,6.912038691831351e-05,6.910447459148141e-05,6.908857222208142e-05,6.907267980877768e-05,6.905679734298543e-05,6.904092481316981e-05,6.902506220669562e-05,6.900920952044475e-05,6.899336674247727e-05,6.897753386082604e-05,6.896171086559189e-05,6.89458977479018e-05,6.893009449696083e-05,6.891430110447622e-05,6.889851755832555e-05,6.888274385097057e-05,6.886697997121961e-05,6.885122591017825e-05,6.883548165741626e-05,6.881974720321665e-05,6.8804022538012e-05,6.878830765308222e-05,6.877260253678826e-05,6.87569071796149e-05,6.874122157211809e-05,6.872554571027055e-05,6.870987957503872e-05,6.869422316169284e-05,6.867857645880777e-05,6.866293945880918e-05,6.864731215021279e-05,6.863169451994764e-05,6.861608656539019e-05,6.860048827396075e-05,6.858489963621061e-05,6.856932064079254e-05,6.855375127178372e-05,6.853819154059378e-05,6.852264141573133e-05,6.850710088194668e-05,6.849156996411862e-05,6.847604863452081e-05,6.846053688158164e-05,6.844503469668563e-05,6.842954206055026e-05,6.841405898227031e-05,6.839858544382831e-05,6.838312143594256e-05,6.836766695033096e-05,6.835222197600855e-05,6.833678650219032e-05,6.832136052313803e-05,6.830594402449405e-05,6.82905370025655e-05,6.827513945422186e-05,6.82597513494894e-05,6.824437268775535e-05,6.822900346624833e-05,6.821364367113482e-05,6.819829329090294e-05,6.818295232409737e-05,6.816762075699287e-05,6.815229858071105e-05,6.813698578590452e-05,6.812168235860439e-05,6.810638829908843e-05,6.809110359314568e-05,6.807582823192274e-05,6.806056220688086e-05,6.804530550518567e-05,6.803005812237368e-05,6.80148200473052e-05,6.799959127136002e-05,6.79843717866868e-05,6.796916158530824e-05,6.795396065253776e-05,6.793876898209516e-05,6.792358656565528e-05,6.790841338470783e-05,6.789324944889245e-05,6.787809473904752e-05,6.786294924243872e-05,6.78478129464872e-05,6.783268586273139e-05,6.781756798261137e-05,6.780245926817492e-05,6.778735972950764e-05,6.777226935490333e-05,6.7757188134379e-05,6.774211606103634e-05,6.772705312814126e-05,6.771199932040132e-05,6.769695463374087e-05,6.768191904625345e-05,6.766689257066373e-05,6.765187519031659e-05,6.763686689222726e-05,6.76218676701522e-05,6.76068775138868e-05,6.759189642369872e-05,6.757692438827746e-05,6.756196138036654e-05,6.754700740352034e-05,6.753206244711033e-05,6.751712650676249e-05,6.75021995817185e-05,6.748728165538567e-05,6.747237270960802e-05,6.745747274138644e-05,6.74425817428634e-05,6.742769970600287e-05,6.741282662010151e-05,6.739796247532799e-05,6.738310727426368e-05,6.736826100177981e-05,6.735342364688571e-05,6.73385952024247e-05,6.732377566011095e-05,6.730896501170352e-05,6.729416324893703e-05,6.727937037479635e-05,6.726458637552114e-05,6.724981121345534e-05,6.723504490307264e-05,6.722028743971787e-05,6.720553880976169e-05,6.719079900098293e-05,6.717606800903542e-05,6.716134582289022e-05,6.714663244019433e-05,6.713192784911571e-05,6.71172320408316e-05,6.710254500760354e-05,6.708786674049568e-05,6.707319722905745e-05,6.705853646712853e-05,6.704388444909159e-05,6.702924116403842e-05,6.701460660363721e-05,6.699998075958237e-05,6.698536362355295e-05,6.69707551694479e-05,6.695615542454043e-05,6.694156437785968e-05,6.692698199501383e-05,6.691240828154271e-05,6.689784321827639e-05,6.688328680563022e-05,6.68687390348264e-05,6.685419989917719e-05,6.683966939002819e-05,6.682514749848285e-05,6.681063421475812e-05,6.679612953195266e-05,6.678163344254146e-05,6.676714593351093e-05,6.675266701032496e-05,6.673819664319372e-05,6.672373484319076e-05,6.670928158290604e-05,6.669483687919388e-05,6.668040071666598e-05,6.666597308206173e-05,6.665155397262009e-05,6.663714339559136e-05,6.662274130460493e-05,6.660834769491731e-05,6.659396257392442e-05,6.657958593058777e-05,6.65652177527926e-05,6.65508580517355e-05,6.653650680129325e-05,6.65221639989824e-05,6.650782963612627e-05,6.649350370631429e-05,6.647918620379293e-05,6.646487711394615e-05,6.645057643117702e-05,6.643628414650691e-05,6.642200025634934e-05,6.640772475252701e-05,6.63934576285741e-05,6.637919886795109e-05,6.636494846813906e-05,6.635070642530133e-05,6.633647270867561e-05,6.632224734421158e-05,6.630803030934637e-05,6.629382159415875e-05,6.627962119390517e-05,6.626542908814552e-05,6.625124529140459e-05,6.623706978907172e-05,6.622290254308701e-05,6.620874359640885e-05,6.619459289510924e-05,6.618045047532912e-05,6.616631630634543e-05,6.615219038377001e-05,6.613807269445244e-05,6.612396323993754e-05,6.610986200547817e-05,6.60957689840768e-05,6.608168416662066e-05,6.606760754816571e-05,6.605353911817035e-05,6.603947887185028e-05,6.60254267989723e-05,6.601138289545441e-05,6.599734715199194e-05,6.59833195611717e-05,6.596930013792294e-05,6.595528883397929e-05,6.59412856468308e-05,6.592729058967956e-05,6.591330364702651e-05,6.589932481088401e-05,6.58853540736896e-05,6.58713914568503e-05,6.585743689781792e-05,6.584349041590735e-05,6.582955200567404e-05,6.581562166962052e-05,6.580169937428094e-05,6.5787785125285e-05,6.577387888882814e-05,6.575998071682458e-05,6.574609056591424e-05,6.573220843240525e-05,6.5718334300636e-05,6.570446818011171e-05,6.56906100594252e-05,6.567675991085326e-05,6.566291775147202e-05,6.564908358177913e-05,6.563525736612517e-05,6.562143910725217e-05,6.56076287996189e-05,6.559382643512698e-05,6.558003200587299e-05,6.556624550811914e-05,6.555246693225191e-05,6.553869627138405e-05,6.552493351768616e-05,6.551117866417081e-05,6.549743170636158e-05,6.54836926340721e-05,6.546996143787652e-05,6.545623811326132e-05,6.544252265082494e-05,6.54288150462513e-05,6.541511529119571e-05,6.540142337863612e-05,6.538773930127676e-05,6.537406305200015e-05,6.536039462352456e-05,6.53467340097038e-05,6.533308119832719e-05,6.53194361901809e-05,6.530579896993501e-05,6.52921695384598e-05,6.527854787547586e-05,6.526493399931607e-05,6.525132787266436e-05,6.523772951100321e-05,6.522413889897045e-05,6.5210556029577e-05,6.519698089816286e-05,6.518341349306367e-05,6.51698538190896e-05,6.515630184982679e-05,6.514275758040196e-05,6.512922102951612e-05,6.511569216541818e-05,6.510217098388719e-05,6.508865748099185e-05,6.50751516511008e-05,6.506165348606094e-05,6.504816298062142e-05,6.503468012544857e-05,6.502120491622548e-05,6.500773734416017e-05,6.499427740329861e-05,6.498082508606581e-05,6.496738038600917e-05,6.495394329778244e-05,6.494051381162537e-05,6.492709193519006e-05,6.491367763479071e-05,6.490027091618348e-05,6.48868717683398e-05,6.487348019602007e-05,6.486009618506759e-05,6.484671972748027e-05,6.48333508207657e-05,6.481998945346358e-05,6.480663562096156e-05,6.479328932843419e-05,6.477995054258863e-05,6.476661927691879e-05,6.475329551526659e-05,6.473997925859521e-05,6.472667049355697e-05,6.471336923066362e-05,6.470007542711689e-05,6.468678910390743e-05,6.46735102462343e-05,6.466023884901628e-05,6.464697490701437e-05,6.463371841092945e-05,6.462046935622432e-05,6.460722773453085e-05,6.45939935380195e-05,6.458076676426288e-05,6.456754740423172e-05,6.455433545055037e-05,6.454113089713804e-05,6.452793373810307e-05,6.451474396554454e-05,6.450156157357563e-05,6.44883865553424e-05,6.447521890379298e-05,6.446205861443075e-05,6.44489056783973e-05,6.44357600899267e-05,6.442262184245733e-05,6.440949092817749e-05,6.439636734294977e-05,6.438325107555347e-05,6.437014212559979e-05,6.435704048481947e-05,6.434394614496388e-05,6.433085910152942e-05,6.431777934496785e-05,6.430470687216064e-05,6.429164167397175e-05,6.427858374539992e-05,6.426553307954667e-05,6.425248967232258e-05,6.423945351295696e-05,6.42264245977514e-05,6.421340291848355e-05,6.420038846972731e-05,6.418738125184458e-05,6.41743812477546e-05,6.416138845351129e-05,6.414840286352136e-05,6.413542447179232e-05,6.412245327408566e-05,6.410948925668754e-05,6.40965324225154e-05,6.408358276102275e-05,6.407064026932114e-05,6.405770493484193e-05,6.404477675516643e-05,6.403185572217827e-05,6.401894183135882e-05,6.400603507565113e-05,6.399313544846975e-05,6.3980242943722e-05,6.396735755548424e-05,6.395447929215318e-05,6.39416081152396e-05,6.392874403752616e-05,6.391588705050153e-05,6.390303715178354e-05,6.389019433156476e-05,6.387735857962926e-05,6.38645298936026e-05,6.385170826891615e-05,6.38388937001577e-05,6.382608617905967e-05,6.381328569923586e-05,6.380049225248443e-05,6.378770583656647e-05,6.377492643887083e-05,6.376215406037636e-05,6.374938868987764e-05,6.373663032683615e-05,6.372387896381632e-05,6.371113459130989e-05,6.369839720352425e-05,6.36856667971137e-05,6.367294336392766e-05,6.366022689724703e-05,6.364751739172333e-05,6.363481484484638e-05,6.36221192455296e-05,6.36094305878169e-05,6.359674886729678e-05,6.358407407959303e-05,6.357140621563438e-05,6.355874527134502e-05,6.354609123870372e-05,6.353344411334552e-05,6.352080388831795e-05,6.350817055914358e-05,6.349554411810765e-05,6.348292455979611e-05,6.34703118782752e-05,6.345770606652876e-05,6.344510712154895e-05,6.343251503345487e-05,6.341992979976904e-05,6.340735141493622e-05,6.33947798689909e-05,6.338221515846427e-05,6.336965727649546e-05,6.335710621174561e-05,6.334456196821827e-05,6.33320245398442e-05,6.331949391136784e-05,6.330697008847174e-05,6.329445305422586e-05,6.328194282487344e-05,6.326943936085056e-05,6.325694267026224e-05,6.324445276077255e-05,6.32319696035984e-05,6.321949320731894e-05,6.320702356309824e-05,6.319456066578214e-05,6.318210450075816e-05,6.316965508032574e-05,6.315721238608304e-05,6.314477641681503e-05,6.31323471647645e-05,6.311992462451698e-05,6.310750877985222e-05,6.309509964551435e-05,6.308269720545792e-05,6.307030145391907e-05,6.305791238314376e-05,6.304552999131444e-05,6.303315426872147e-05,6.302078521273738e-05,6.300842281734436e-05,6.299606707595393e-05,6.298371798284184e-05,6.297137553232296e-05,6.295903971862034e-05,6.294671053596371e-05,6.293438797844487e-05,6.292207204105782e-05,6.290976271820324e-05,6.289746000642002e-05,6.288516389381122e-05,6.287287437741104e-05,6.286059145289553e-05,6.28483151112961e-05,6.283604535338414e-05,6.282378216945245e-05,6.281152555649542e-05,6.279927550276128e-05,6.278703201641385e-05,6.277479508030935e-05,6.276256468464338e-05,6.275034083005005e-05,6.27381235096146e-05,6.272591271730811e-05,6.271370845248935e-05,6.27015107043007e-05,6.268931946751776e-05,6.267713473974316e-05,6.26649565140144e-05,6.26527847843471e-05,6.264061954471091e-05,6.262846079071363e-05,6.261630851642203e-05,6.260416272455213e-05,6.259202339292491e-05,6.257989051744547e-05,6.256776410488662e-05,6.255564414555402e-05,6.254353065522434e-05,6.253142358527202e-05,6.2519322947933e-05,6.250722874944979e-05,6.249514096700397e-05,6.248305960544417e-05,6.247098465757507e-05,6.24589161273619e-05,6.244685398718846e-05,6.243479824712089e-05,6.242274889799014e-05,6.241070593448766e-05,6.239866935465751e-05,6.238663914723585e-05,6.237461531273557e-05,6.23625978441609e-05,6.235058673491612e-05,6.233858198066915e-05,6.232658358477818e-05,6.231459152755806e-05,6.230260580394401e-05,6.229062640971379e-05,6.227865332844884e-05,6.226668658243785e-05,6.225472615790708e-05,6.224277204489787e-05,6.223082423799573e-05,6.22188827316786e-05,6.220694752094317e-05,6.219501860225053e-05,6.218309596670268e-05,6.217117961153364e-05,6.2159269530656e-05,6.214736571286091e-05,6.213546815933748e-05,6.212357686424596e-05,6.211169182274586e-05,6.209981302940205e-05,6.208794047861166e-05,6.20760741672715e-05,6.206421408638533e-05,6.205236023759871e-05,6.204051260880769e-05,6.202867119427697e-05,6.201683599650467e-05,6.200500700137437e-05,6.199318420973381e-05,6.19813676056926e-05,6.196955719823519e-05,6.19577529680236e-05,6.194595491638646e-05,6.193416304251367e-05,6.192237734116384e-05,6.191059780684729e-05,6.18988244340946e-05,6.1887057217009e-05,6.187529614637747e-05,6.186354122097789e-05,6.185179243454565e-05,6.184004978219252e-05,6.182831326008682e-05,6.181658286155213e-05,6.180485858021642e-05,6.179314041157823e-05,6.178142835179884e-05,6.176972239530572e-05,6.175802253748815e-05,6.174632877009646e-05,6.173464109282599e-05,6.172295949829544e-05,6.171128398637198e-05,6.169961454261953e-05,6.168795116660804e-05,6.167629386721679e-05,6.16646426116458e-05,6.165299740761569e-05,6.164135825261452e-05,6.162972513991826e-05,6.161809806506749e-05,6.160647703312813e-05,6.159486201657254e-05,6.158325302361306e-05,6.157165004850023e-05,6.156005308200589e-05,6.154846212888514e-05,6.153687717679255e-05,6.152529822427876e-05,6.151372526291099e-05,6.15021582831241e-05,6.149059729506983e-05,6.147904228207915e-05,6.146749324220083e-05,6.145595016396288e-05,6.144441305739427e-05,6.143288190597929e-05,6.142135671211724e-05,6.140983746326373e-05,6.139832415656648e-05,6.13868167890898e-05,6.137531535502691e-05,6.136381984967856e-05,6.135233026847929e-05,6.134084660005211e-05,6.132936885244615e-05,6.131789701316907e-05,6.13064310810533e-05,6.129497104570333e-05,6.128351690511188e-05,6.127206865416501e-05,6.126062628882356e-05,6.124918980373972e-05,6.123775918841097e-05,6.122633444827281e-05,6.121491556789094e-05,6.120350255433378e-05,6.119209539708294e-05,6.118069409134686e-05,6.116929863166639e-05,6.115790900751149e-05,6.114652523189057e-05,6.113514728281167e-05,6.112377516041203e-05,6.111240886094894e-05,6.110104837926314e-05,6.108969371025272e-05,6.1078344850509e-05,6.10670017870909e-05,6.105566452891394e-05,6.104433306850261e-05,6.10330073938778e-05,6.102168750206704e-05,6.101037339476131e-05,6.0999065059495e-05,6.0987762489635596e-05,6.09764656919228e-05,6.096517465386094e-05,6.09538893721692e-05,6.0942609842129046e-05,6.093133605909514e-05,6.0920068018000106e-05,6.0908805714722636e-05,6.089754914527787e-05,6.0886298307493764e-05,6.087505319396047e-05,6.0863813796406825e-05,6.085258011139716e-05,6.0841352137452446e-05,6.083012986797652e-05,6.081891329963517e-05,6.08077024255229e-05,6.079649724256963e-05,6.078529774613052e-05,6.077410408864208e-05,6.076291604144764e-05,6.0751733628578834e-05,6.074055685558459e-05,6.0729385734073176e-05,6.0718220264496384e-05,6.07070604453422e-05,6.069590627390612e-05,6.0684757746350946e-05,6.067361486518284e-05,6.0662477613285845e-05,6.0651345998870165e-05,6.0640220011526727e-05,6.062909964793047e-05,6.061798490080195e-05,6.0606875767210164e-05,6.059577224232689e-05,6.058467432133082e-05,6.057358199562178e-05,6.056249526828408e-05,6.055141413167198e-05,6.054033858260678e-05,6.052926861530828e-05,6.0518204202241e-05,6.050714538623205e-05,6.049609213914135e-05,6.0485044453884836e-05,6.0474002327940694e-05,6.04629657579758e-05,6.045193473835267e-05,6.0440909268130154e-05,6.042988933690284e-05,6.04188749426774e-05,6.0407866078072804e-05,6.0396862744798504e-05,6.0385864937547615e-05,6.0374872644668963e-05,6.036388586703009e-05,6.035290460131827e-05,6.0341928839241805e-05,6.033095857835993e-05,6.031999381200643e-05,6.0309034542444224e-05,6.029808076208585e-05,6.028713246498415e-05,6.027618964855444e-05,6.026525230619951e-05,6.025432043507589e-05,6.024339403034688e-05,6.0232473087416466e-05,6.0221557600101805e-05,6.021064756832979e-05,6.019974298520953e-05,6.01888438478052e-05,6.017795015011601e-05,6.0167061888744694e-05,6.0156179057926924e-05,6.014530165565574e-05,6.01344296712835e-05,6.012356310962824e-05,6.011270196217906e-05,6.010184622070415e-05,6.0090995889354085e-05,6.008015095962187e-05,6.006931142269648e-05,6.00584772789314e-05,6.0047648527649e-05,6.003682515705451e-05,6.002600716703942e-05,6.001519455264431e-05,6.0004387309936845e-05,5.999358543451426e-05,5.998278892170422e-05,5.99719977683135e-05,5.9961211973930214e-05,5.995043152972456e-05,5.9939656431750573e-05,5.992888667538698e-05,5.9918122256801685e-05,5.990736317137435e-05,5.989660941527807e-05,5.988586098409872e-05,5.987511787362527e-05,5.986438007965182e-05,5.9853647597973725e-05,5.984292042439564e-05,5.983219855472333e-05,5.982148198476792e-05,5.981077071034532e-05,5.980006472727551e-05,5.978936403138478e-05,5.977866861720983e-05,5.9767978483893376e-05,5.975729362522648e-05,5.974661403373337e-05,5.9735939716486554e-05,5.9725270657346424e-05,5.971460685558255e-05,5.970394831068491e-05,5.9693295018380736e-05,5.968264696621682e-05,5.967200415373911e-05,5.9661366577276865e-05,5.965073423856394e-05,5.964010713066782e-05,5.962948524860756e-05,5.961886858445742e-05,5.960825713726833e-05,5.9597650901139234e-05,5.958704987284558e-05,5.9576454051544505e-05,5.956586343216988e-05,5.955527800545391e-05,5.954469777301023e-05,5.953412272946096e-05,5.952355286993436e-05,5.951298819057843e-05,5.950242867639514e-05,5.9491874335462345e-05,5.948132517247826e-05,5.947078116161614e-05,5.946024230976385e-05,5.944970862253439e-05,5.943918008951785e-05,5.942865670626513e-05,5.94181384667588e-05,5.940762536653399e-05,5.9397117397940436e-05,5.93866145675678e-05,5.9376116864699635e-05,5.936562428361331e-05,5.935513682254113e-05,5.934465447797914e-05,5.933417724292455e-05,5.9323705118743593e-05,5.93132380788206e-05,5.9302776155702916e-05,5.9292319330170814e-05,5.928186759649121e-05,5.927142094826423e-05,5.9260979392654953e-05,5.925054291267676e-05,5.924011150983977e-05,5.9229685182744836e-05,5.921926391803023e-05,5.9208847720542e-05,5.919843658590866e-05,5.918803050588516e-05,5.917762947985455e-05,5.916723350258734e-05,5.915684256937654e-05,5.914645667717608e-05,5.913607581638687e-05,5.912569999386635e-05,5.911532919530652e-05,5.910496342198737e-05,5.9094602677296754e-05,5.9084246951747434e-05,5.907389623170356e-05,5.906355051763954e-05,5.905320981687449e-05,5.904287411445844e-05,5.903254341019986e-05,5.9022217700228346e-05,5.901189698071463e-05,5.900158124774919e-05,5.8991270497327674e-05,5.898096472675368e-05,5.897066393120669e-05,5.8960368106846916e-05,5.895007724985062e-05,5.893979135570422e-05,5.8929510421270786e-05,5.891923444333678e-05,5.890896341730187e-05,5.889869733704744e-05,5.8888436204133865e-05,5.887818001138069e-05,5.8867928755956207e-05,5.8857682433634954e-05,5.884744104008991e-05,5.883720457176135e-05,5.882697302512293e-05,5.881674639595827e-05,5.880652468321853e-05,5.879630787908161e-05,5.8786095981734634e-05,5.877588898756222e-05,5.876568689174536e-05,5.87554896917996e-05,5.874529738405923e-05,5.873510996186192e-05,5.872492742535629e-05,5.871474976860935e-05,5.870457698763904e-05,5.8694409080414174e-05,5.868424604183301e-05,5.867408786993061e-05,5.866393454926287e-05,5.8653786097570856e-05,5.864364250066976e-05,5.863350374989642e-05,5.8623369849712255e-05,5.8613240792265185e-05,5.860311658235722e-05,5.859299719814733e-05,5.8582882647312616e-05,5.857277292579174e-05,5.856266802903191e-05,5.8552567953358495e-05,5.854247269511676e-05,5.853238225079875e-05,5.852229661654561e-05,5.851221578881827e-05,5.8502139763858036e-05,5.849206853800871e-05,5.848200210773146e-05,5.84719404692771e-05,5.846188361849878e-05,5.8451831552637024e-05,5.844178426751e-05,5.84317417608421e-05,5.842170402698894e-05,5.841167106303658e-05,5.840164286550554e-05,5.839161943066883e-05,5.8381600754986714e-05,5.837158683073582e-05,5.836157766257099e-05,5.835157324105354e-05,5.834157356190776e-05,5.8331578624759734e-05,5.832158842815065e-05,5.831160296553704e-05,5.830162223354387e-05,5.8291646228408135e-05,5.828167494651436e-05,5.827170838451543e-05,5.826174653808215e-05,5.825178940440536e-05,5.824183697969628e-05,5.823188926168414e-05,5.822194625280776e-05,5.8212007937178676e-05,5.820207431248406e-05,5.819214537888951e-05,5.8182221136048776e-05,5.8172301573844786e-05,5.816238667842085e-05,5.815247647532307e-05,5.814257094386559e-05,5.813267008449718e-05,5.81227738919619e-05,5.8112882363426616e-05,5.810299549346792e-05,5.8093113279395434e-05,5.808323571757906e-05,5.8073362805173956e-05,5.80634945385717e-05,5.8053630913828974e-05,5.8043771928171354e-05,5.803391757058067e-05,5.8024067851386346e-05,5.801422276016961e-05,5.800438229371166e-05,5.799454644834223e-05,5.798471520714383e-05,5.7974888592178975e-05,5.7965066589762944e-05,5.7955249194825585e-05,5.794543640379094e-05,5.79356282132042e-05,5.7925824619647094e-05,5.7916025620743095e-05,5.790623122137346e-05,5.789644140006279e-05,5.788665615945588e-05,5.787687549920291e-05,5.786709941775741e-05,5.785732790748483e-05,5.784756096698897e-05,5.783779859376911e-05,5.7828040778143404e-05,5.781828752616372e-05,5.7808538831319535e-05,5.779879468820661e-05,5.778905509443939e-05,5.777932004645036e-05,5.776958954086039e-05,5.77598635743167e-05,5.775014214306106e-05,5.77404252437763e-05,5.773071287344027e-05,5.7721005028595967e-05,5.7711301702493375e-05,5.770160289537216e-05,5.769190860410113e-05,5.768221882456902e-05,5.767253355424849e-05,5.7662852792656104e-05,5.765317654172777e-05,5.7643504781113884e-05,5.7633837514876e-05,5.7624174741022944e-05,5.761451645641774e-05,5.760486265726728e-05,5.75952133399846e-05,5.758556851017519e-05,5.757592814932728e-05,5.756629226081632e-05,5.755666084009931e-05,5.754703388963228e-05,5.753741139575242e-05,5.752779336037182e-05,5.751817978061855e-05,5.7508570653558315e-05,5.749896597388245e-05,5.74893657411999e-05,5.7479769950966384e-05,5.747017859893467e-05,5.746059168679159e-05,5.745100920423818e-05,5.744143115482709e-05,5.743185752660712e-05,5.742228832235843e-05,5.7412723539199046e-05,5.7403163179033605e-05,5.7393607223679485e-05,5.7384055672605196e-05,5.737450852736756e-05,5.7364965784134654e-05,5.735542743136354e-05,5.7345893487959645e-05,5.733636392408777e-05,5.7326838769152915e-05,5.7317317990825946e-05,5.730780160693626e-05,5.7298289603731945e-05,5.728878197798299e-05,5.7279278725760874e-05,5.726977983344035e-05,5.726028531078279e-05,5.725079516277743e-05,5.724130937622612e-05,5.7231827948192395e-05,5.722235087417952e-05,5.721287814563703e-05,5.720340977371909e-05,5.7193945750421885e-05,5.7184486070454706e-05,5.717503073220309e-05,5.716557972044304e-05,5.71561330422739e-05,5.714669069520769e-05,5.713725267437484e-05,5.712781897610582e-05,5.711838959806757e-05,5.7108964536615e-05,5.709954378946959e-05,5.7090127352844766e-05,5.708071522370418e-05,5.707130739933852e-05,5.70619038743271e-05,5.705250464517111e-05,5.704310971449492e-05,5.703371907386149e-05,5.702433272449605e-05,5.7014950659713026e-05,5.700557287815885e-05,5.699619937959087e-05,5.698683015321365e-05,5.6977465196697326e-05,5.696810451278833e-05,5.695874809554548e-05,5.6949395942821064e-05,5.694004805035312e-05,5.693070441367816e-05,5.692136503214549e-05,5.691202990344618e-05,5.6902699023041645e-05,5.689337238736006e-05,5.688404999425951e-05,5.6874731837827635e-05,5.686541791948837e-05,5.6856108234279204e-05,5.6846802778376e-05,5.683750154323346e-05,5.682820453773165e-05,5.681891175146487e-05,5.680962318261485e-05,5.6800338829843074e-05,5.679105868908897e-05,5.6781782756631604e-05,5.6772511030500277e-05,5.676324350587426e-05,5.6753980178730455e-05,5.674472104896337e-05,5.673546611229357e-05,5.6726215366245574e-05,5.6716968807750925e-05,5.6707726433533726e-05,5.669848824013316e-05,5.66892542248337e-05,5.668002438480522e-05,5.6670798711870816e-05,5.6661577212996596e-05,5.665235987779372e-05,5.664314670780997e-05,5.663393769794083e-05,5.6624732845142344e-05,5.6615532147678915e-05,5.6606335604641326e-05,5.6597143210063e-05,5.6587954954645686e-05,5.657877084163156e-05,5.6569590867294e-05,5.656041503001814e-05,5.655124332635888e-05,5.654207575216365e-05,5.653291230585106e-05,5.652375298021416e-05,5.651459777986542e-05,5.6505446697712554e-05,5.64962997309788e-05,5.6487156872287793e-05,5.647801812714427e-05,5.64688834865349e-05,5.645975295225441e-05,5.645062651834598e-05,5.6441504182816384e-05,5.643238594210264e-05,5.642327179258608e-05,5.64141617513478e-05,5.640505577671967e-05,5.6395953885193135e-05,5.638685606745776e-05,5.637776233335535e-05,5.636867267376495e-05,5.6359587086695346e-05,5.6350505566947655e-05,5.634142811289314e-05,5.6332354721480686e-05,5.6323285390150906e-05,5.631422011791122e-05,5.630515889697802e-05,5.629610172739981e-05,5.628704860405203e-05,5.627799952795913e-05,5.6268954494314076e-05,5.62599135004627e-05,5.625087654332408e-05,5.624184361998574e-05,5.623281472746849e-05,5.622378986343668e-05,5.6214769024436024e-05,5.6205752208182184e-05,5.619673940794173e-05,5.61877306275936e-05,5.6178725860905334e-05,5.616972510499439e-05,5.6160728356891914e-05,5.6151735614599255e-05,5.614274687443667e-05,5.613376213359924e-05,5.612478138486366e-05,5.611580463479666e-05,5.6106831875717766e-05,5.6097863102027256e-05,5.608889831712392e-05,5.6079937519183254e-05,5.6070980695957795e-05,5.606202785107416e-05,5.6053078979307794e-05,5.6044134077707244e-05,5.603519314548926e-05,5.6026256178938335e-05,5.601732317611444e-05,5.600839413247906e-05,5.599946904588625e-05,5.599054791545488e-05,5.598163073565828e-05,5.597271750464303e-05,5.596380821927811e-05,5.595490287738652e-05,5.594600147640139e-05,5.593710401298843e-05,5.59282104784526e-05,5.591932088324004e-05,5.591043522161687e-05,5.590155348079051e-05,5.589267566269694e-05,5.5883801766875764e-05,5.5874931790028085e-05,5.5866065734563677e-05,5.585720358382547e-05,5.584834534483143e-05,5.5839491014527816e-05,5.583064058806618e-05,5.582179406446069e-05,5.581295143848838e-05,5.580411270929965e-05,5.579527787317548e-05,5.5786446921140216e-05,5.577761986608337e-05,5.5768796695178706e-05,5.575997740680079e-05,5.575116199723303e-05,5.5742350466597565e-05,5.573354281080485e-05,5.572473902462223e-05,5.5715939109500936e-05,5.570714306103916e-05,5.5698350875924616e-05,5.5689562551737996e-05,5.5680778086313474e-05,5.5671997475864936e-05,5.56632207171898e-05,5.565444780925573e-05,5.5645678748231915e-05,5.5636913532928083e-05,5.562815216063516e-05,5.561939462618906e-05,5.5610640928034805e-05,5.560189106517301e-05,5.5593145046722166e-05,5.55844028445289e-05,5.557566446827751e-05,5.556692991270906e-05,5.55581991790983e-05,5.554947226497199e-05,5.554074916543336e-05,5.5532029878125476e-05,5.552331440111405e-05,5.5514602731140664e-05,5.55058948660277e-05,5.549719080368189e-05,5.548849054061582e-05,5.547979407367732e-05,5.5471101400782896e-05,5.546241250695257e-05,5.545372741471027e-05,5.544504611181213e-05,5.5436368593492326e-05,5.542769485564785e-05,5.5419024892140215e-05,5.5410358707955544e-05,5.540169629712673e-05,5.5393037652887505e-05,5.5384382776584325e-05,5.537573166554802e-05,5.536708431714164e-05,5.5358440726818214e-05,5.534980089699084e-05,5.534116482144995e-05,5.533253249997779e-05,5.532390393924968e-05,5.531527911214125e-05,5.5306658032221494e-05,5.5298040691120325e-05,5.528942709436937e-05,5.528081720835218e-05,5.527221107742366e-05,5.526360867748207e-05,5.52550100051403e-05,5.524641506009546e-05,5.523782383900627e-05,5.522923633336498e-05,5.5220652547670856e-05,5.521207248445619e-05,5.520349613305117e-05,5.5194923492499086e-05,5.5186354560296504e-05,5.517778933388683e-05,5.516922781071252e-05,5.516066998822428e-05,5.515211586377318e-05,5.514356543500506e-05,5.513501869917594e-05,5.512647565394923e-05,5.5117936296693125e-05,5.510940062484723e-05,5.51008686359043e-05,5.5092340327319054e-05,5.508381569659415e-05,5.5075294741549794e-05,5.506677745729332e-05,5.505826384442554e-05,5.504975388957852e-05,5.5041247609710266e-05,5.503274499815637e-05,5.5024246045514855e-05,5.5015750751605456e-05,5.5007259107394066e-05,5.4998771125031014e-05,5.499028678747235e-05,5.498180608780823e-05,5.4973329030017415e-05,5.4964855620157195e-05,5.495638586647988e-05,5.494791974726825e-05,5.493945725530567e-05,5.493099840867317e-05,5.49225431786838e-05,5.4914091576009406e-05,5.490564359054011e-05,5.4897199238135016e-05,5.488875850368128e-05,5.4880321388221886e-05,5.487188788691375e-05,5.486345800670446e-05,5.485503172867444e-05,5.4846609058567194e-05,5.4838189995522556e-05,5.482977453490234e-05,5.4821362666919854e-05,5.481295440135254e-05,5.4804549734119655e-05,5.479614865953931e-05,5.4787751181133066e-05,5.477935728785189e-05,5.477096697859455e-05,5.4762580253000415e-05,5.475419710914464e-05,5.4745817542927784e-05,5.4737441552632214e-05,5.472906912764975e-05,5.4720700282188e-05,5.4712335004628334e-05,5.470397329464493e-05,5.4695615145577675e-05,5.468726056068279e-05,5.467890953480143e-05,5.467056206691712e-05,5.466221815196761e-05,5.4653877789774807e-05,5.464554097608773e-05,5.463720772160787e-05,5.462887799972128e-05,5.462055182280978e-05,5.461222918559397e-05,5.4603910082947966e-05,5.45955945139935e-05,5.45872824802734e-05,5.457897397589414e-05,5.45706690005773e-05,5.45623675491241e-05,5.455406962084747e-05,5.454577521473141e-05,5.4537484325564615e-05,5.452919695221237e-05,5.452091309235152e-05,5.451263274366677e-05,5.4504355903783196e-05,5.449608257041879e-05,5.448781274112282e-05,5.447954641321164e-05,5.4471283584838576e-05,5.4463024247097375e-05,5.4454768396153276e-05,5.444651605116357e-05,5.443826718706035e-05,5.4430021823226087e-05,5.4421779950062224e-05,5.4413541551654034e-05,5.440530663501439e-05,5.4397075185279234e-05,5.4388847220885015e-05,5.438062272993805e-05,5.43724017112662e-05,5.436418416147369e-05,5.435597008640854e-05,5.4347759466086746e-05,5.433955230742557e-05,5.433134860965062e-05,5.4323148367848716e-05,5.431495158272585e-05,5.43067582482952e-05,5.4298568363810234e-05,5.4290381927191076e-05,5.428219893665822e-05,5.427401938914356e-05,5.426584328392709e-05,5.425767062002521e-05,5.424950138848794e-05,5.4241335591009244e-05,5.423317322753978e-05,5.422501429132355e-05,5.421685878215932e-05,5.420870669777591e-05,5.420055803654972e-05,5.419241279762861e-05,5.418427097732105e-05,5.417613257039381e-05,5.416799756250044e-05,5.415986598128338e-05,5.415173780679788e-05,5.414361303898229e-05,5.4135491675474365e-05,5.412737371607739e-05,5.4119259155551004e-05,5.4111147992198104e-05,5.410304022262241e-05,5.409493585398892e-05,5.4086834861006916e-05,5.407873726544116e-05,5.4070643054973795e-05,5.4062552228081465e-05,5.4054464783438415e-05,5.404638071761249e-05,5.403830003072144e-05,5.403022272590103e-05,5.4022148784808156e-05,5.4014078214839636e-05,5.4006011012442996e-05,5.3997947176393875e-05,5.398988670357882e-05,5.398182959219076e-05,5.397377583979509e-05,5.396572544945945e-05,5.395767840955332e-05,5.394963472173668e-05,5.394159438424031e-05,5.393355739472413e-05,5.39255237525178e-05,5.391749345020073e-05,5.390946648842854e-05,5.3901442868235985e-05,5.38934225861437e-05,5.3885405643005795e-05,5.387739202807809e-05,5.386938174376599e-05,5.386137478733336e-05,5.3853371153919814e-05,5.3845370848564595e-05,5.383737386349471e-05,5.3829380196900244e-05,5.382138984868007e-05,5.3813402800177335e-05,5.380541906602521e-05,5.379743865578013e-05,5.378946155593566e-05,5.378148775781037e-05,5.37735172664495e-05,5.376555007732681e-05,5.375758618718038e-05,5.3749625590110635e-05,5.374166829286569e-05,5.373371430570757e-05,5.3725763610560124e-05,5.371781619268499e-05,5.370987205411396e-05,5.370193120027981e-05,5.36939936219553e-05,5.368605932029543e-05,5.3678128290215084e-05,5.367020055340461e-05,5.366227609029822e-05,5.365435489549963e-05,5.364643697674259e-05,5.363852232841274e-05,5.363061093847212e-05,5.362270282707591e-05,5.361479797972993e-05,5.3606896371890445e-05,5.359899801903828e-05,5.3591102922605926e-05,5.3583211077389825e-05,5.357532248293716e-05,5.356743713586956e-05,5.35595550325871e-05,5.3551676176207775e-05,5.354380056017086e-05,5.353592818381625e-05,5.352805902952077e-05,5.352019312709539e-05,5.35123304599389e-05,5.350447101916364e-05,5.3496614808715e-05,5.348876182507119e-05,5.3480912066091695e-05,5.347306553074374e-05,5.34652222156296e-05,5.345738211881874e-05,5.344954523567322e-05,5.344171156840497e-05,5.343388111279483e-05,5.342605386715036e-05,5.3418229823582266e-05,5.341040898955844e-05,5.3402591362045685e-05,5.339477693761242e-05,5.338696571128035e-05,5.337915765706085e-05,5.3371352817288305e-05,5.336355117672061e-05,5.335575272694219e-05,5.334795747333506e-05,5.334016539960394e-05,5.3332376509743586e-05,5.332459082320377e-05,5.331680829684814e-05,5.330902894079632e-05,5.3301252768608084e-05,5.329347977087085e-05,5.328570993826082e-05,5.327794328553151e-05,5.3270179788970485e-05,5.326241946162578e-05,5.325466230667249e-05,5.324690831387498e-05,5.323915748216179e-05,5.323140980766789e-05,5.322366528900626e-05,5.3215923924301484e-05,5.3208185711313504e-05,5.320045064775845e-05,5.319271873300758e-05,5.3184989965605434e-05,5.317726434001711e-05,5.31695418559649e-05,5.3161822511746336e-05,5.315410630516151e-05,5.314639323417905e-05,5.313868329676988e-05,5.3130976490904976e-05,5.3123272814717566e-05,5.311557226586486e-05,5.310787484293323e-05,5.310018054335462e-05,5.30924893649979e-05,5.3084801305880714e-05,5.307711636941671e-05,5.306943454673757e-05,5.306175583175187e-05,5.305408022659513e-05,5.3046407734155534e-05,5.303873834892781e-05,5.3031072069169765e-05,5.302340889807145e-05,5.3015748816504226e-05,5.300809183015965e-05,5.300043795249798e-05,5.299278714356045e-05,5.29851394542797e-05,5.297749484660299e-05,5.2969853337958245e-05,5.2962214916083165e-05,5.2954579580580375e-05,5.294694732807754e-05,5.293931815663617e-05,5.293169206572656e-05,5.292406905106857e-05,5.291644911239112e-05,5.2908832247183294e-05,5.290121846267188e-05,5.289360773852685e-05,5.288600009231626e-05,5.287839552117722e-05,5.28707939957688e-05,5.286319553368966e-05,5.285560013017413e-05,5.2848007782053627e-05,5.2840418489546736e-05,5.2832832251549684e-05,5.282524906763257e-05,5.281766893098811e-05,5.281009185618238e-05,5.280251781338393e-05,5.2794946814413096e-05,5.2787378854298744e-05,5.2779813938478266e-05,5.277225205863754e-05,5.2764693211007834e-05,5.275713740381717e-05,5.27495846342206e-05,5.2742034889942576e-05,5.2734488175729326e-05,5.272694448640218e-05,5.271940382134557e-05,5.271186617921445e-05,5.2704331558573425e-05,5.269679995740142e-05,5.2689271372126196e-05,5.2681745801809774e-05,5.2674223239123365e-05,5.26667036931632e-05,5.2659187154224964e-05,5.265167362697541e-05,5.26441631035633e-05,5.263665558459304e-05,5.262915106576674e-05,5.262164954809957e-05,5.261415102667278e-05,5.260665549750777e-05,5.259916296264567e-05,5.259167342656926e-05,5.258418688140001e-05,5.257670332927545e-05,5.256922275718138e-05,5.2561745166739105e-05,5.2554270559068204e-05,5.254679893368191e-05,5.253933028569253e-05,5.253186461433981e-05,5.252440191833077e-05,5.251694219541822e-05,5.250948543577436e-05,5.2502031653254324e-05,5.249458083820764e-05,5.248713298631712e-05,5.2479688100316225e-05,5.247224617726859e-05,5.246480721303892e-05,5.245737120725902e-05,5.244993815727413e-05,5.244250806160617e-05,5.2435080921295776e-05,5.2427656728277836e-05,5.2420235486559393e-05,5.241281718945112e-05,5.240540183735093e-05,5.239798943422258e-05,5.239057996691358e-05,5.238317343726947e-05,5.2375769847502626e-05,5.236836919241627e-05,5.236097146641026e-05,5.235357667637086e-05,5.234618481716017e-05,5.233879588631292e-05,5.233140988495812e-05,5.232402680519939e-05,5.231664664466269e-05,5.230926940853004e-05,5.230189509139113e-05,5.229452369282981e-05,5.228715520726172e-05,5.227978963764917e-05,5.227242697850487e-05,5.226506723196459e-05,5.225771039163321e-05,5.2250356454189715e-05,5.224300542485186e-05,5.22356572967697e-05,5.2228312068866234e-05,5.222096974156473e-05,5.2213630311967025e-05,5.220629377628414e-05,5.2198960130337415e-05,5.21916293771615e-05,5.218430151743706e-05,5.217697654442713e-05,5.216965445698801e-05,5.216233524964733e-05,5.215501893102529e-05,5.2147705494247244e-05,5.2140394934574226e-05,5.213308725181354e-05,5.212578244475424e-05,5.2118480510718486e-05,5.211118144844404e-05,5.210388525757974e-05,5.209659193434257e-05,5.2089301478619035e-05,5.208201388546246e-05,5.207472915481165e-05,5.2067447285184586e-05,5.206016827512755e-05,5.2052892113414583e-05,5.204561881598873e-05,5.203834837052828e-05,5.2031080779287566e-05,5.202381604115212e-05,5.201655415009017e-05,5.2009295093321404e-05,5.20020388955616e-05,5.1994785533234025e-05,5.1987535017024114e-05,5.198028733791324e-05,5.197304249917567e-05,5.1965800496335344e-05,5.195856132440887e-05,5.195132498621194e-05,5.194409148398433e-05,5.1936860808053614e-05,5.192963296193006e-05,5.19224079397537e-05,5.191518574217078e-05,5.190796636707903e-05,5.190074982223261e-05,5.1893536087221136e-05,5.1886325165128145e-05,5.187911705949378e-05,5.18719117590798e-05,5.186470927418204e-05,5.185750959872587e-05,5.185031273120377e-05,5.1843118672317285e-05,5.183592742134555e-05,5.1828738973946866e-05,5.182155332393961e-05,5.181437046681123e-05,5.180719041363703e-05,5.180001315294336e-05,5.179283869096222e-05,5.178566702298081e-05,5.1778498148331915e-05,5.177133205824903e-05,5.1764168754761224e-05,5.175700823604268e-05,5.174985050041206e-05,5.174269554859607e-05,5.173554337526014e-05,5.1728393980308735e-05,5.1721247362672244e-05,5.171410352017691e-05,5.1706962452410876e-05,5.169982415619014e-05,5.169268862867308e-05,5.1685555869451154e-05,5.167842587646411e-05,5.167129864885246e-05,5.166417418486307e-05,5.1657052478918445e-05,5.164993353521105e-05,5.164281734941091e-05,5.1635703919987684e-05,5.16285932471499e-05,5.1621485325768044e-05,5.1614380155573474e-05,5.1607277734711954e-05,5.1600178061876855e-05,5.159308113503911e-05,5.1585986952355415e-05,5.1578895523410215e-05,5.1571806825166754e-05,5.1564720866138195e-05,5.155763764472996e-05,5.1550557160599036e-05,5.154347941108618e-05,5.15364043926085e-05,5.1529332105842576e-05,5.1522262549181424e-05,5.151519571876921e-05,5.150813161572529e-05,5.150107023479286e-05,5.149401157144248e-05,5.1486955629574254e-05,5.1479902412315907e-05,5.147285191417956e-05,5.1465804132062034e-05,5.1458759063610416e-05,5.14517167014395e-05,5.144467705734824e-05,5.143764011440238e-05,5.143060588629241e-05,5.142357435792164e-05,5.1416545540140775e-05,5.140951942434956e-05,5.1402496010855415e-05,5.13954752965362e-05,5.1388457279336375e-05,5.1381441958350865e-05,5.137442933104722e-05,5.136741939001656e-05,5.136041214704051e-05,5.13534075842569e-05,5.134640571728731e-05,5.133940653697233e-05,5.133241004181846e-05,5.132541622894606e-05,5.1318425100231375e-05,5.131143664834714e-05,5.130445087499147e-05,5.129746777680828e-05,5.129048735710737e-05,5.128350960754577e-05,5.127653452920293e-05,5.126956212161565e-05,5.126259238216814e-05,5.125562530919997e-05,5.124866090032437e-05,5.124169914693915e-05,5.1234740063331944e-05,5.122778363998408e-05,5.122082987512129e-05,5.121387877218832e-05,5.1206930319574345e-05,5.119998452086269e-05,5.119304138501272e-05,5.118610088831225e-05,5.1179163040517995e-05,5.1172227838853955e-05,5.1165295284826534e-05,5.1158365373340226e-05,5.115143810437128e-05,5.114451347349675e-05,5.113759148577392e-05,5.113067212705788e-05,5.1123755409295634e-05,5.1116841320395413e-05,5.110992987212531e-05,5.110302105000946e-05,5.109611487271867e-05,5.108921131306925e-05,5.10823103777573e-05,5.107541207056336e-05,5.106851638539305e-05,5.1061623310716095e-05,5.1054732864351354e-05,5.104784503681068e-05,5.104095983000443e-05,5.1034077237524996e-05,5.1027197262392935e-05,5.102031989531937e-05,5.101344514212571e-05,5.100657299195214e-05,5.099970345178932e-05,5.099283651704958e-05,5.09859721762093e-05,5.0979110447239815e-05,5.097225131764824e-05,5.096539479078201e-05,5.0958540862421015e-05,5.095168952722226e-05,5.0944840790166465e-05,5.093799464632434e-05,5.093115109893396e-05,5.092431013704157e-05,5.091747175511495e-05,5.0910635966665864e-05,5.090380276606893e-05,5.089697214520863e-05,5.0890144105271995e-05,5.088331865164436e-05,5.0876495779761224e-05,5.0869675481250426e-05,5.086285775457624e-05,5.0856042602401596e-05,5.084923002819678e-05,5.0842420027126346e-05,5.083561259406228e-05,5.082880772657077e-05,5.0822005430734606e-05,5.0815205695335914e-05,5.080840852717627e-05,5.080161392030661e-05,5.0794821877300797e-05,5.078803239073561e-05,5.078124545783278e-05,5.0774461078509187e-05,5.076767926043472e-05,5.0760899996367466e-05,5.075412328514565e-05,5.074734912000674e-05,5.0740577507166016e-05,5.073380843718771e-05,5.0727041912197e-05,5.072027793344437e-05,5.0713516495454235e-05,5.0706757597745814e-05,5.070000124271712e-05,5.069324742562985e-05,5.068649613969221e-05,5.067974739251549e-05,5.067300117823642e-05,5.066625749411702e-05,5.0659516342361524e-05,5.06527777193508e-05,5.064604162348926e-05,5.063930805305537e-05,5.0632577006650073e-05,5.0625848481963025e-05,5.061912248176091e-05,5.0612398999535054e-05,5.0605678033747773e-05,5.0598959586142804e-05,5.059224365647198e-05,5.058553024006435e-05,5.0578819332004426e-05,5.0572110936759504e-05,5.056540505073216e-05,5.055870166717008e-05,5.055200079294985e-05,5.054530242271504e-05,5.053860655771008e-05,5.0531913195333955e-05,5.05252223333764e-05,5.051853397005665e-05,5.0511848105733914e-05,5.050516473222383e-05,5.049848385501331e-05,5.0491805467076956e-05,5.0485129574266236e-05,5.0478456172458714e-05,5.047178525930663e-05,5.0465116834854466e-05,5.045845089346376e-05,5.045178743552015e-05,5.044512645830962e-05,5.043846796538318e-05,5.043181195188684e-05,5.042515841686197e-05,5.041850735956108e-05,5.0411858776312604e-05,5.04052126650117e-05,5.0398569025981906e-05,5.039192785727166e-05,5.038528915830346e-05,5.0378652927705166e-05,5.037201916333777e-05,5.0365387871581766e-05,5.035875903724441e-05,5.035213266427795e-05,5.034550875668359e-05,5.0338887304135675e-05,5.033226830718934e-05,5.032565176793716e-05,5.031903769026197e-05,5.0312426058303914e-05,5.0305816882445266e-05,5.029921015182069e-05,5.029260587206779e-05,5.028600403868459e-05,5.02794046513861e-05,5.0272807710671346e-05,5.026621321330848e-05,5.025962115314309e-05,5.0253031533177465e-05,5.024644435694533e-05,5.02398596139493e-05,5.023327730967164e-05,5.022669744078362e-05,5.0220120009333075e-05,5.021354500655854e-05,5.020697243586339e-05,5.020040229184467e-05,5.0193834573826394e-05,5.018726928282858e-05,5.0180706416748005e-05,5.017414597394655e-05,5.016758795364575e-05,5.016103235281274e-05,5.0154479172611543e-05,5.014792840739474e-05,5.014138005810883e-05,5.013483412285972e-05,5.012829060085927e-05,5.0121749492078064e-05,5.01152107957289e-05,5.0108674510793447e-05,5.010214063345637e-05,5.009560916223083e-05,5.0089080093838104e-05,5.008255342738989e-05,5.007602916380506e-05,5.00695073032742e-05,5.006298783646676e-05,5.00564707658969e-05,5.004995610872735e-05,5.004344383550321e-05,5.003693395676101e-05,5.0030426465399196e-05,5.002392135922667e-05,5.001741864706962e-05,5.001091832371519e-05,5.0004420386306465e-05,4.999792484024266e-05,4.999143167162926e-05,4.9984940890159866e-05,4.9978452485157336e-05,4.9971966465565794e-05,4.996548281924021e-05,4.995900154873654e-05,4.9952522659207864e-05,4.994604613809451e-05,4.9939571992961904e-05,4.9933100221515926e-05,4.992663081650883e-05,4.9920163776488895e-05,4.9913699106699155e-05,4.990723680416728e-05,4.990077686831524e-05,4.989431929311591e-05,4.988786407713752e-05,4.9881411223685e-05,4.987496072733611e-05,4.986851258703308e-05,4.986206680267197e-05,4.98556233743116e-05,4.984918230429798e-05,4.984274358333032e-05,4.9836307213625716e-05,4.982987320747489e-05,4.9823441535035734e-05,4.9817012206906914e-05,4.981058522313082e-05,4.9804160587696406e-05,4.979773829496592e-05,4.979131833861523e-05,4.978490071958472e-05,4.977848544599518e-05,4.977207250319462e-05,4.9765661898713135e-05,4.97592536287421e-05,4.975284769672129e-05,4.9746444095084106e-05,4.9740042821941774e-05,4.973364387807614e-05,4.972724726163752e-05,4.9720852973500444e-05,4.971446100495952e-05,4.970807136338241e-05,4.970168404703326e-05,4.969529905159874e-05,4.9688916366884686e-05,4.968253600481483e-05,4.967615796396698e-05,4.9669782235862105e-05,4.966340883351685e-05,4.965703773457505e-05,4.965066894701789e-05,4.964430247033928e-05,4.9637938307008174e-05,4.9631576444087965e-05,4.9625216890825565e-05,4.961885963964329e-05,4.9612504686368304e-05,4.960615204327156e-05,4.9599801698889516e-05,4.9593453656280806e-05,4.9587107909428265e-05,4.9580764464858755e-05,4.957442331338971e-05,4.9568084455875037e-05,4.956174787884195e-05,4.955541361298983e-05,4.95490816307566e-05,4.954275193551438e-05,4.953642452930206e-05,4.953009940961372e-05,4.952377657516682e-05,4.951745602234809e-05,4.951113775333776e-05,4.950482176631337e-05,4.949850805945183e-05,4.949219663082028e-05,4.9485887477170506e-05,4.9479580600899835e-05,4.947327600067983e-05,4.946697367205628e-05,4.9460673608750306e-05,4.945437582177437e-05,4.9448080312284124e-05,4.9441787064902134e-05,4.9435496077809646e-05,4.942920735993227e-05,4.9422920905972026e-05,4.9416636717094104e-05,4.941035478958538e-05,4.940407512229571e-05,4.939779771126379e-05,4.939152255696999e-05,4.9385249663620516e-05,4.937897902379418e-05,4.93727106370034e-05,4.936644450854153e-05,4.936018062828361e-05,4.9353918997229776e-05,4.9347659611575565e-05,4.9341402476608994e-05,4.933514758625572e-05,4.932889494258143e-05,4.932264453821072e-05,4.931639638035788e-05,4.931015046466193e-05,4.9303906785670246e-05,4.929766533955376e-05,4.929142613340254e-05,4.928518916768619e-05,4.9278954437679984e-05,4.927272194028726e-05,4.9266491673528686e-05,4.9260263637385156e-05,4.9254037830931347e-05,4.924781424867101e-05,4.924159290023179e-05,4.923537377256785e-05,4.922915687707121e-05,4.9222942194218896e-05,4.921672974002719e-05,4.9210519506284404e-05,4.920431149336269e-05,4.919810569896208e-05,4.919190211720737e-05,4.918570075246556e-05,4.9179501602541436e-05,4.917330466500674e-05,4.916710994765931e-05,4.916091742780914e-05,4.9154727126104354e-05,4.914853902890665e-05,4.9142353141185515e-05,4.913616945646501e-05,4.912998797260837e-05,4.912380869487258e-05,4.9117631620778965e-05,4.9111456745605684e-05,4.9105284068879806e-05,4.9099113586870146e-05,4.9092945306449367e-05,4.9086779221202615e-05,4.908061534002957e-05,4.9074453647198174e-05,4.906829414420936e-05,4.906213682979713e-05,4.905598170434082e-05,4.904982877035377e-05,4.9043678019936844e-05,4.903752944923733e-05,4.903138307576101e-05,4.902523888011923e-05,4.901909686816358e-05,4.901295703089462e-05,4.900681938169519e-05,4.900068390332719e-05,4.8994550607450535e-05,4.898841949410857e-05,4.898229054616449e-05,4.8976163773113465e-05,4.89700391721864e-05,4.896391673948697e-05,4.8957796478627103e-05,4.8951678388388575e-05,4.894556246484755e-05,4.8939448707548114e-05,4.8933337111341216e-05,4.892722768454029e-05,4.892112042098145e-05,4.891501531583328e-05,4.890891236868373e-05,4.890281158582078e-05,4.889671296420204e-05,4.8890616489755486e-05,4.888452217039447e-05,4.887843000444067e-05,4.887233998907872e-05,4.8866252124155906e-05,4.886016641166529e-05,4.885408285004866e-05,4.884800143574309e-05,4.884192217062601e-05,4.883584504843462e-05,4.882977006882794e-05,4.882369723457931e-05,4.881762654422489e-05,4.881155799287958e-05,4.8805491580630624e-05,4.879942730932238e-05,4.879336517245027e-05,4.8787305167779785e-05,4.878124729846146e-05,4.877519156558299e-05,4.8769137967300575e-05,4.8763086497663084e-05,4.8757037154954644e-05,4.8750989945019194e-05,4.874494486187005e-05,4.873890190524571e-05,4.873286107368513e-05,4.872682236571984e-05,4.872078578020544e-05,4.871475132283294e-05,4.870871897998477e-05,4.870268875632336e-05,4.8696660650750546e-05,4.869063466413093e-05,4.868461079124831e-05,4.86785890327001e-05,4.867256938752706e-05,4.866655185446962e-05,4.866053643466885e-05,4.865452312304427e-05,4.864851191521294e-05,4.86425028188357e-05,4.863649582888072e-05,4.8630490949942396e-05,4.8624488168472375e-05,4.861848749844657e-05,4.8612488917162474e-05,4.8606492440158734e-05,4.860049806806289e-05,4.85945057885446e-05,4.858851560891284e-05,4.858252752162702e-05,4.8576541532821485e-05,4.857055763455802e-05,4.8564575820673476e-05,4.855859610575146e-05,4.8552618480799675e-05,4.854664294873297e-05,4.85406695025756e-05,4.853469814619578e-05,4.852872887148708e-05,4.8522761681040885e-05,4.8516796573674895e-05,4.851083354570537e-05,4.850487260454237e-05,4.8498913738785585e-05,4.8492956951628944e-05,4.848700224531484e-05,4.848104961087411e-05,4.8475099048943634e-05,4.846915056210334e-05,4.8463204149252773e-05,4.8457259804398644e-05,4.845131753125575e-05,4.8445377327282044e-05,4.843943919201546e-05,4.8433503119540565e-05,4.8427569116790074e-05,4.842163718607563e-05,4.841570731079963e-05,4.840977949843092e-05,4.840385374604487e-05,4.839793005078431e-05,4.839200841556829e-05,4.8386088840826454e-05,4.8380171312982085e-05,4.837425584991084e-05,4.836834244809295e-05,4.8362431092348575e-05,4.835652179115667e-05,4.835061454308088e-05,4.834470934589567e-05,4.8338806197904744e-05,4.83329050919551e-05,4.8327006033625436e-05,4.832110901581874e-05,4.8315214045967786e-05,4.830932112066576e-05,4.8303430237306707e-05,4.8297541393652696e-05,4.8291654589348955e-05,4.828576982203915e-05,4.8279887092556506e-05,4.8274006400121995e-05,4.826812774257458e-05,4.826225111885414e-05,4.825637652762524e-05,4.825050397351065e-05,4.824463344637733e-05,4.8238764944795225e-05,4.8232898475694494e-05,4.8227034027619106e-05,4.822117161212043e-05,4.8215311221579024e-05,4.8209452854299326e-05,4.8203596507195376e-05,4.8197742175611935e-05,4.819188987197231e-05,4.8186039592511116e-05,4.8180191326152434e-05,4.817434508204591e-05,4.816850085283462e-05,4.816265863912352e-05,4.815681843882874e-05,4.8150980251859445e-05,4.814514407695024e-05,4.813930991101785e-05,4.81334777578968e-05,4.81276476103296e-05,4.812181947340981e-05,4.8115993340378366e-05,4.8110169214740193e-05,4.810434709353722e-05,4.809852697535849e-05,4.809270885767022e-05,4.8086892740183956e-05,4.8081078623187966e-05,4.807526650429054e-05,4.806945637973795e-05,4.8063648255597636e-05,4.805784212689086e-05,4.805203799237592e-05,4.8046235851494205e-05,4.804043570773344e-05,4.8034637550177156e-05,4.802884138200454e-05,4.802304720462344e-05,4.801725501846872e-05,4.801146480390252e-05,4.800567658523306e-05,4.799989035078872e-05,4.7994106100219215e-05,4.798832383207646e-05,4.7982543545474176e-05,4.797676524044538e-05,4.797098891422202e-05,4.796521456518662e-05,4.795944219299626e-05,4.7953671794591764e-05,4.7947903373524356e-05,4.794213692631249e-05,4.793637245151087e-05,4.793060994713005e-05,4.792484941152936e-05,4.791909084854028e-05,4.791333425397884e-05,4.7907579626803965e-05,4.7901826970731186e-05,4.789607627529572e-05,4.789032754407031e-05,4.788458077578953e-05,4.78788359681578e-05,4.7873093122287795e-05,4.7867352236977745e-05,4.786161331173263e-05,4.7855876339936315e-05,4.785014132829614e-05,4.784440827672154e-05,4.783867717527239e-05,4.783294802723258e-05,4.782722082903942e-05,4.7821495584951706e-05,4.7815772291260255e-05,4.7810050946917134e-05,4.7804331550849836e-05,4.7798614102026926e-05,4.779289859962969e-05,4.778718504604932e-05,4.778147343906239e-05,4.777576376888996e-05,4.777005604218709e-05,4.776435025463984e-05,4.7758646406060385e-05,4.775294449722364e-05,4.774724452643392e-05,4.7741546492434635e-05,4.7735850393934696e-05,4.773015623012016e-05,4.772446399973916e-05,4.7718773701923275e-05,4.7713085335751264e-05,4.770739890014909e-05,4.7701714393757776e-05,4.769603181517681e-05,4.7690351164526256e-05,4.7684672440418357e-05,4.767899564136681e-05,4.76733207665655e-05,4.7667647814976124e-05,4.766197678558034e-05,4.765630767891667e-05,4.765064049074072e-05,4.764497521902881e-05,4.763931186796862e-05,4.763365043337807e-05,4.762799091531151e-05,4.762233331223141e-05,4.76166776230462e-05,4.7611023847012996e-05,4.760537198268724e-05,4.759972202908381e-05,4.759407398527721e-05,4.758842785026036e-05,4.7582783623267044e-05,4.7577141302903015e-05,4.757150088813193e-05,4.756586237803938e-05,4.75602257717694e-05,4.755459106934003e-05,4.754895826719496e-05,4.754332736581935e-05,4.753769836387377e-05,4.753207126054219e-05,4.752644605475541e-05,4.7520822745776976e-05,4.7515201332151175e-05,4.75095818127397e-05,4.750396419518181e-05,4.7498348462233025e-05,4.74927346204532e-05,4.74871226691369e-05,4.748151260725578e-05,4.74759044338354e-05,4.747029814727167e-05,4.746469374773153e-05,4.7459091233592994e-05,4.7453490603840255e-05,4.744789185747047e-05,4.7442294993542564e-05,4.7436700015846996e-05,4.7431106913678716e-05,4.742551569085047e-05,4.7419926346436646e-05,4.741433887958447e-05,4.7408753289030814e-05,4.740316957388233e-05,4.7397587732950856e-05,4.739200776537427e-05,4.738642967036194e-05,4.73808534465721e-05,4.737527909320167e-05,4.7369706609318475e-05,4.736413599368538e-05,4.735856724546347e-05,4.7353000363605724e-05,4.734743534719855e-05,4.7341872194690745e-05,4.7336310906113994e-05,4.7330751480089394e-05,4.732519391554463e-05,4.7319638211341894e-05,4.7314084366572906e-05,4.730853238022688e-05,4.730298225138924e-05,4.729743397923514e-05,4.7291887562395275e-05,4.728634300010215e-05,4.728080029145864e-05,4.727525943526106e-05,4.726972043077335e-05,4.726418327675116e-05,4.725864797234783e-05,4.725311451658866e-05,4.724758290863728e-05,4.7242053147220036e-05,4.7236525231479125e-05,4.7230999160584084e-05,4.7225474933303374e-05,4.7219952548936236e-05,4.721443200641469e-05,4.7208913304624656e-05,4.7203396442775237e-05,4.71978814195428e-05,4.71923682342656e-05,4.71868568859424e-05,4.718134737345454e-05,4.717583969598145e-05,4.717033385248711e-05,4.716482984214417e-05,4.715932766398884e-05,4.715382731668088e-05,4.714832879962807e-05,4.714283211161304e-05,4.713733725179378e-05,4.713184421925633e-05,4.712635301294469e-05,4.712086363204967e-05,4.711537607523273e-05,4.710989034216586e-05,4.710440643140481e-05,4.7098924342076285e-05,4.7093444073409316e-05,4.7087965624178374e-05,4.7082488993503635e-05,4.707701418051206e-05,4.7071541184106125e-05,4.7066070003400584e-05,4.706060063750532e-05,4.7055133085383015e-05,4.704966734606472e-05,4.704420341945906e-05,4.703874130296113e-05,4.7033280996432416e-05,4.702782249879651e-05,4.702236580932769e-05,4.701691092686988e-05,4.701145784829043e-05,4.7006006577203134e-05,4.7000557110454385e-05,4.6995109446958136e-05,4.6989663586129995e-05,4.6984219526521374e-05,4.6978777267464004e-05,4.697333680784913e-05,4.696789814690697e-05,4.6962461283748376e-05,4.6957026217096004e-05,4.695159294620715e-05,4.694616147009915e-05,4.6940731787923154e-05,4.693530389757314e-05,4.692987780045555e-05,4.692445349420507e-05,4.691903097814959e-05,4.691361025129173e-05,4.6908191312881084e-05,4.690277416151776e-05,4.689735879654213e-05,4.689194521849919e-05,4.688653342345425e-05,4.688112341298583e-05,4.6875715184288034e-05,4.6870308737343806e-05,4.686490407109629e-05,4.6859501184745025e-05,4.685410007726643e-05,4.684870074781192e-05,4.6843303194867154e-05,4.683790741850695e-05,4.6832513417552425e-05,4.682712119140339e-05,4.68217307385238e-05,4.681634205612491e-05,4.6810955147604246e-05,4.6805570008643344e-05,4.6800186639356875e-05,4.679480503871078e-05,4.678942520550394e-05,4.6784047139605165e-05,4.6778670839546434e-05,4.677329630223555e-05,4.676792353142627e-05,4.676255252393337e-05,4.675718327243613e-05,4.675181578856526e-05,4.674645006388614e-05,4.674108609862332e-05,4.6735723893289684e-05,4.673036344551187e-05,4.672500475464903e-05,4.671964781947269e-05,4.671429263883251e-05,4.6708939212825806e-05,4.670358753980735e-05,4.669823761922022e-05,4.669288944971469e-05,4.668754303019765e-05,4.668219835965583e-05,4.66768554374133e-05,4.66715142630104e-05,4.666617483545721e-05,4.666083715370687e-05,4.6655501224109255e-05,4.665016703043521e-05,4.664483458026705e-05,4.663950387406242e-05,4.6634174909205996e-05,4.662884768890374e-05,4.662352220794766e-05,4.6618198461785275e-05,4.6612876452010354e-05,4.6607556185054646e-05,4.6602237646537694e-05,4.6596920845764115e-05,4.659160577871294e-05,4.658629244222628e-05,4.6580980838506e-05,4.657567097368928e-05,4.657036283217865e-05,4.656505642086557e-05,4.655975173964512e-05,4.655444878595311e-05,4.654914756534768e-05,4.654384806451158e-05,4.653855028893064e-05,4.6533254238196715e-05,4.652795990885444e-05,4.6522667328947756e-05,4.6517376437678936e-05,4.6512087284577255e-05,4.6506799846199146e-05,4.650151412010966e-05,4.649623011394315e-05,4.649094782337929e-05,4.6485667252078934e-05,4.648038838623555e-05,4.647511124417439e-05,4.6469835814855496e-05,4.646456209501965e-05,4.6459290095713866e-05,4.645401980015646e-05,4.644875122581427e-05,4.644348436651772e-05,4.643821919907627e-05,4.6432955732923695e-05,4.64276939817594e-05,4.6422433934820975e-05,4.641717559182882e-05,4.641191895288269e-05,4.6406664018801975e-05,4.640141078214917e-05,4.639615925169335e-05,4.639090942634488e-05,4.638566130795544e-05,4.6380414876275146e-05,4.6375170147972076e-05,4.636992711196928e-05,4.6364685770388296e-05,4.635944612488397e-05,4.635420818183756e-05,4.634897191659962e-05,4.6343737356091156e-05,4.633850449851138e-05,4.633327332124313e-05,4.6328043827272765e-05,4.632281604060238e-05,4.631758992565898e-05,4.631236550415148e-05,4.6307142763152e-05,4.6301921707889255e-05,4.6296702343978805e-05,4.629148466331248e-05,4.6286268659904785e-05,4.6281054337349256e-05,4.62758417034912e-05,4.6270630744295846e-05,4.626542145776812e-05,4.6260213857041594e-05,4.625500793285147e-05,4.624980368609561e-05,4.624460111712462e-05,4.623940022776161e-05,4.623420100666862e-05,4.622900346095122e-05,4.6223807593260435e-05,4.6218613392904324e-05,4.62134208630033e-05,4.6208230012338734e-05,4.620304082804655e-05,4.619785330687003e-05,4.619266745322421e-05,4.6187483265901496e-05,4.6182300743543255e-05,4.6177119888279516e-05,4.6171940694958265e-05,4.616676316720262e-05,4.61615873082944e-05,4.6156413104174386e-05,4.615124056394465e-05,4.61460696780349e-05,4.614090045498808e-05,4.613573288927214e-05,4.613056698529958e-05,4.612540273404558e-05,4.612024013822607e-05,4.6115079197111734e-05,4.6109919912051036e-05,4.610476227142839e-05,4.6099606306247105e-05,4.6094451978923204e-05,4.608929930016758e-05,4.608414827264968e-05,4.607899889464386e-05,4.6073851163845946e-05,4.606870508069224e-05,4.606356064495964e-05,4.6058417854608924e-05,4.605327670525376e-05,4.604813720394184e-05,4.604299934016281e-05,4.6037863125163864e-05,4.6032728550859374e-05,4.60275956197902e-05,4.602246431286709e-05,4.601733465912232e-05,4.601220663419274e-05,4.600708025787185e-05,4.600195552139628e-05,4.599683241536483e-05,4.5991710942336706e-05,4.598659109206181e-05,4.5981472893949144e-05,4.5976356328930685e-05,4.5971241389233815e-05,4.59661280840103e-05,4.5961016408270145e-05,4.595590636141118e-05,4.595079794040702e-05,4.594569114084306e-05,4.5940585980223936e-05,4.5935482439144155e-05,4.593038052341757e-05,4.5925280231263086e-05,4.592018156805089e-05,4.591508451554726e-05,4.590998909137623e-05,4.590489528712201e-05,4.5899803104701165e-05,4.589471254365593e-05,4.588962359238881e-05,4.58845362648972e-05,4.5879450554952985e-05,4.587436646074767e-05,4.586928398145316e-05,4.5864203116129215e-05,4.585912386629617e-05,4.5854046228188844e-05,4.584897020680618e-05,4.5843895786098064e-05,4.583882298014595e-05,4.583375178855642e-05,4.582868220231028e-05,4.5823614224120796e-05,4.5818547854747815e-05,4.581348308229689e-05,4.580841991266064e-05,4.5803358357301856e-05,4.579829840837478e-05,4.5793240061024655e-05,4.5788183315809644e-05,4.5783128165609234e-05,4.5778074624321135e-05,4.577302268175518e-05,4.576797233693793e-05,4.5762923587246104e-05,4.575787643893074e-05,4.5752830887643605e-05,4.5747786931423176e-05,4.5742744554717376e-05,4.573770379062047e-05,4.573266461467847e-05,4.5727627032251484e-05,4.5722591036307874e-05,4.5717556635133206e-05,4.571252383354424e-05,4.570749261589828e-05,4.570246298419461e-05,4.569743494312238e-05,4.569240849113823e-05,4.568738362370344e-05,4.5682360341543815e-05,4.567733864416102e-05,4.5672318532133286e-05,4.566730000170352e-05,4.566228305394966e-05,4.5657267684539967e-05,4.565225389862004e-05,4.564724168302108e-05,4.564223105632348e-05,4.5637222005293384e-05,4.56322145345771e-05,4.5627208629544354e-05,4.562220429935259e-05,4.5617201544243006e-05,4.561220036729119e-05,4.5607200770729407e-05,4.560220274218016e-05,4.55972062824998e-05,4.5592211411125314e-05,4.558721809568449e-05,4.5582226350752484e-05,4.557723616914621e-05,4.5572247556411876e-05,4.5567260516610054e-05,4.556227504276432e-05,4.555729114616211e-05,4.5552308813301604e-05,4.5547328039582703e-05,4.554234882398435e-05,4.553737117647862e-05,4.553239507995677e-05,4.55274205435443e-05,4.552244757525253e-05,4.551747616194743e-05,4.55125063103631e-05,4.5507538015699005e-05,4.5502571281703535e-05,4.549760610410694e-05,4.54926424822685e-05,4.548768042209734e-05,4.548271991712213e-05,4.5477760965432484e-05,4.547280356889659e-05,4.546784772405953e-05,4.546289342906194e-05,4.5457940685773134e-05,4.5452989488593666e-05,4.544803984177809e-05,4.5443091744593854e-05,4.543814519729627e-05,4.543320019058679e-05,4.542825673659701e-05,4.5423314818765114e-05,4.5418374444562594e-05,4.541343561411548e-05,4.5408498327015174e-05,4.540356258144709e-05,4.539862837760501e-05,4.539369571462732e-05,4.538876459100684e-05,4.538383500647966e-05,4.5378906959547955e-05,4.537398045042035e-05,4.536905547785387e-05,4.536413204108366e-05,4.53592101393643e-05,4.5354289771919865e-05,4.534937093799903e-05,4.534445363683884e-05,4.533953786769516e-05,4.533462362981691e-05,4.532971092241541e-05,4.53247997447569e-05,4.531989009608716e-05,4.5314981975646115e-05,4.5310075382688086e-05,4.530517031643668e-05,4.530026677616065e-05,4.5295364761219045e-05,4.529046427073957e-05,4.5285565304012596e-05,4.528066786028597e-05,4.527577194397002e-05,4.527087754324432e-05,4.526598464489866e-05,4.526109328452032e-05,4.525620344898489e-05,4.525131512626436e-05,4.524642831139899e-05,4.524154302432707e-05,4.523665925814759e-05,4.523177700285276e-05,4.5226896262233406e-05,4.522201703587687e-05,4.5217139322783105e-05,4.5212263122146386e-05,4.520738843304872e-05,4.520251525500831e-05,4.5197643587426734e-05,4.519277342935368e-05,4.51879047799778e-05,4.5183037638098304e-05,4.517817200329721e-05,4.517330787624957e-05,4.5168445254694685e-05,4.51635841373243e-05,4.515872452514825e-05,4.515386641600617e-05,4.514900980974434e-05,4.5144154705608425e-05,4.5139301102878805e-05,4.513444899951202e-05,4.512959839732525e-05,4.5124749294347465e-05,4.511990169151604e-05,4.511505558528769e-05,4.5110210975353886e-05,4.510536786391681e-05,4.510052624568666e-05,4.509568612095347e-05,4.509084749218979e-05,4.508601035500482e-05,4.508117471221854e-05,4.507634055864746e-05,4.507150789841796e-05,4.5066676728389484e-05,4.506184704824867e-05,4.50570188570226e-05,4.505219215406623e-05,4.5047366934990345e-05,4.504254320636592e-05,4.5037720954382595e-05,4.503290019675443e-05,4.502808092401374e-05,4.5023263133476636e-05,4.5018446827760015e-05,4.501363200445195e-05,4.500881866225444e-05,4.500400679849117e-05,4.499919641226775e-05,4.499438751144998e-05,4.4989580089253555e-05,4.498477414154023e-05,4.497996968036287e-05,4.4975166691135676e-05,4.4970365175548835e-05,4.4965565137396414e-05,4.496076657307688e-05,4.495596948301933e-05,4.4951173865455775e-05,4.4946379720494624e-05,4.494158705406884e-05,4.4936795852461676e-05,4.493200612189142e-05,4.492721787001089e-05,4.4922431073073756e-05,4.4917645748869826e-05,4.491286189193184e-05,4.49080795014921e-05,4.49032985770429e-05,4.489851911699509e-05,4.4893741117674925e-05,4.488896458306256e-05,4.488418951284083e-05,4.4879415904941544e-05,4.487464373614612e-05,4.486987305010063e-05,4.486510382503128e-05,4.486033605876085e-05,4.485556975240393e-05,4.48508049041093e-05,4.484604151329493e-05,4.484127957756368e-05,4.4836519097878874e-05,4.483176007502599e-05,4.482700250707167e-05,4.4822246392492684e-05,4.481749173132504e-05,4.4812738531594425e-05,4.480798677849499e-05,4.4803236476900146e-05,4.479848762080146e-05,4.4793740222966665e-05,4.4788994275548076e-05,4.4784249766857475e-05,4.4779506710327085e-05,4.477476509928312e-05,4.477002493132618e-05,4.476528620826606e-05,4.476054892923244e-05,4.475581309056282e-05,4.475107869988477e-05,4.4746345754703515e-05,4.474161424866167e-05,4.473688418377383e-05,4.473215556119656e-05,4.472742838118471e-05,4.4722702626476434e-05,4.471797832281694e-05,4.47132554535258e-05,4.470853402419139e-05,4.470381403383381e-05,4.4699095476460044e-05,4.469437835051027e-05,4.4689662670668405e-05,4.4684948413512894e-05,4.468023558929207e-05,4.467552418763569e-05,4.4670814224421214e-05,4.466610569487666e-05,4.4661398595563373e-05,4.465669292328807e-05,4.465198868253322e-05,4.4647285869833733e-05,4.464258448551228e-05,4.463788452495118e-05,4.4633185992261934e-05,4.462848888495641e-05,4.462379319584368e-05,4.4619098951567054e-05,4.4614406114219636e-05,4.46097147033799e-05,4.460502471078674e-05,4.460033613463939e-05,4.4595648988599436e-05,4.459096326140484e-05,4.458627895180826e-05,4.4581596057990304e-05,4.457691458430779e-05,4.45722345283878e-05,4.4567555888147954e-05,4.456287866449167e-05,4.4558202858028474e-05,4.455352846181271e-05,4.4548855474305125e-05,4.454418390680993e-05,4.4539513752015344e-05,4.453484500916592e-05,4.45301776949139e-05,4.452551177324357e-05,4.452084726223793e-05,4.451618415951153e-05,4.4511522465651195e-05,4.450686216404191e-05,4.4502203284920325e-05,4.449754581143347e-05,4.4492889744317956e-05,4.448823507710619e-05,4.448358181949478e-05,4.447892996498547e-05,4.447427951188054e-05,4.446963046304987e-05,4.446498281536384e-05,4.446033656808765e-05,4.445569171555127e-05,4.4451048267856595e-05,4.444640622263908e-05,4.444176557370475e-05,4.443712632127275e-05,4.443248846587329e-05,4.442785200697853e-05,4.442321694558489e-05,4.441858327945864e-05,4.44139510078071e-05,4.440932014681071e-05,4.440469066068682e-05,4.4400062566937933e-05,4.4395435863404476e-05,4.439081055129714e-05,4.438618662906906e-05,4.438156409672992e-05,4.43769429537607e-05,4.437232318857273e-05,4.4367704824515006e-05,4.4363087844148814e-05,4.435847225348477e-05,4.435385804850554e-05,4.434924521909566e-05,4.4344633772468006e-05,4.4340023711373426e-05,4.4335415032968484e-05,4.433080774724193e-05,4.4326201832212214e-05,4.4321597299047955e-05,4.4316994147400477e-05,4.431239238122723e-05,4.4307791993011674e-05,4.430319298489573e-05,4.429859534888207e-05,4.429399909465336e-05,4.428940421419636e-05,4.428481071331958e-05,4.428021858853512e-05,4.427562783655696e-05,4.4271038468708725e-05,4.426645046430684e-05,4.426186383782035e-05,4.4257278578014274e-05,4.4252694689204134e-05,4.424811217130702e-05,4.4243531023413734e-05,4.423895124394181e-05,4.4234372833188934e-05,4.422979579142984e-05,4.422522011699545e-05,4.4220645808811396e-05,4.421607286742467e-05,4.421150129110642e-05,4.420693107981954e-05,4.4202362229924313e-05,4.419779474591747e-05,4.419322862499801e-05,4.418866386614445e-05,4.418410046879248e-05,4.417953843308691e-05,4.417497775819182e-05,4.417041843949407e-05,4.4165860482027566e-05,4.416130388301256e-05,4.4156748642334223e-05,4.415219475755516e-05,4.41476422303161e-05,4.414309105745094e-05,4.4138541240653326e-05,4.413399277909426e-05,4.4129445671443804e-05,4.41248999169231e-05,4.4120355515006714e-05,4.4115812476480077e-05,4.4111270777945454e-05,4.410673043006988e-05,4.4102191432565464e-05,4.409765378450772e-05,4.4093117484932217e-05,4.4088582536079354e-05,4.4084048931865856e-05,4.407951667708374e-05,4.407498576566743e-05,4.407045620021483e-05,4.406592798015328e-05,4.406140110512543e-05,4.405687557367643e-05,4.405235138454562e-05,4.404782853758343e-05,4.4043307030532934e-05,4.4038786867361424e-05,4.4034268039697716e-05,4.402975055704039e-05,4.40252344143424e-05,4.402071961133068e-05,4.401620614415343e-05,4.401169401361148e-05,4.400718322151638e-05,4.4002673764670714e-05,4.399816562726484e-05,4.399365884186291e-05,4.3989153390069033e-05,4.39846492703503e-05,4.398014647770035e-05,4.397564502344625e-05,4.3971144902241345e-05,4.396664611345195e-05,4.39621486556575e-05,4.3957652528896815e-05,4.3953157728562623e-05,4.394866425767112e-05,4.3944172115786634e-05,4.39396813010321e-05,4.393519181279876e-05,4.3930703653137854e-05,4.3926216815979876e-05,4.392173130368626e-05,4.39172471165749e-05,4.391276425190818e-05,4.390828271066533e-05,4.3903802492054006e-05,4.389932359536259e-05,4.3894846020729415e-05,4.3890369767179246e-05,4.388589483187697e-05,4.388142121754182e-05,4.387694892035017e-05,4.387247794337481e-05,4.386800828929028e-05,4.386353994611652e-05,4.3859072919286706e-05,4.385460720829528e-05,4.3850142812969785e-05,4.3845679731520816e-05,4.384121796389811e-05,4.3836757508854625e-05,4.383229836745133e-05,4.382784053817953e-05,4.382338401741362e-05,4.381892880987118e-05,4.381447491043093e-05,4.381002232302663e-05,4.3805571044635275e-05,4.380112107608155e-05,4.3796672415126514e-05,4.379222505991996e-05,4.378777901249186e-05,4.3783334269118886e-05,4.377889082358114e-05,4.377444868900651e-05,4.377000786089746e-05,4.376556833545624e-05,4.376113011129435e-05,4.375669319134144e-05,4.375225757303568e-05,4.3747823255619715e-05,4.374339022702831e-05,4.373895850275965e-05,4.3734528071370464e-05,4.373009895244205e-05,4.3725671127678305e-05,4.3721244604277714e-05,4.371681937545185e-05,4.371239544490591e-05,4.3707972809612515e-05,4.370355146888269e-05,4.369913142404726e-05,4.36947126720423e-05,4.3690295213908044e-05,4.3685879048229586e-05,4.368146417461757e-05,4.367705059243668e-05,4.3672638301077864e-05,4.366822730011594e-05,4.366381758874495e-05,4.36594091682621e-05,4.365500203223915e-05,4.3650596187084154e-05,4.3646191628499515e-05,4.364178835559397e-05,4.3637386369987656e-05,4.3632985670206565e-05,4.362858625284367e-05,4.3624188129428066e-05,4.3619791279788875e-05,4.361539571525893e-05,4.361100144769104e-05,4.360660844832406e-05,4.360221672986383e-05,4.359782629257273e-05,4.359343713651089e-05,4.358904925636327e-05,4.3584662657099855e-05,4.358027733465347e-05,4.357589329253142e-05,4.3571510523471405e-05,4.3567129035028354e-05,4.356274881255673e-05,4.355836987461554e-05,4.355399220914664e-05,4.354961582109762e-05,4.354524071404623e-05,4.3540866872055394e-05,4.3536494302114815e-05,4.353212300553397e-05,4.3527752980272906e-05,4.352338422536998e-05,4.351901674090345e-05,4.351465052600482e-05,4.351028557678617e-05,4.350592189838266e-05,4.3501559487907395e-05,4.349719834489818e-05,4.3492838467370936e-05,4.348847985677748e-05,4.348412251266047e-05,4.347976643333118e-05,4.3475411617964146e-05,4.347105806633814e-05,4.346670577918636e-05,4.346235475354163e-05,4.3458004983160744e-05,4.345365648406066e-05,4.3449309242557245e-05,4.344496326128569e-05,4.344061853988405e-05,4.343627507914948e-05,4.343193287519068e-05,4.3427591934820085e-05,4.342325224625861e-05,4.3418913813772675e-05,4.341457663800538e-05,4.34102407181081e-05,4.3405906055445225e-05,4.340157264729676e-05,4.3397240490633834e-05,4.339290958976607e-05,4.3388579941773856e-05,4.3384251545969936e-05,4.337992440167281e-05,4.337559850849966e-05,4.337127386592688e-05,4.336695047322211e-05,4.336262832989768e-05,4.335830743537336e-05,4.335398778898033e-05,4.3349669390232454e-05,4.3345352238616075e-05,4.3341036333481556e-05,4.3336721674352174e-05,4.3332408260561206e-05,4.332809609154165e-05,4.332378516668479e-05,4.331947548543818e-05,4.331516704731927e-05,4.331085985171827e-05,4.3306553898064976e-05,4.330224918588803e-05,4.329794571448904e-05,4.329364348331704e-05,4.328934249193338e-05,4.3285042739536976e-05,4.328074422583239e-05,4.327644695023683e-05,4.327215091194316e-05,4.326785611049535e-05,4.326356254523373e-05,4.325927021587748e-05,4.325497912176341e-05,4.3250689262229975e-05,4.324640063677965e-05,4.3242113244780487e-05,4.323782708584031e-05,4.3233542159125826e-05,4.322925846418294e-05,4.3224976000427475e-05,4.322069476756572e-05,4.321641476482737e-05,4.321213599148304e-05,4.320785844719475e-05,4.3203582131341286e-05,4.3199307043655106e-05,4.319503318319098e-05,4.319076054953385e-05,4.3186489142264605e-05,4.3182218960683495e-05,4.317795000392297e-05,4.317368227175788e-05,4.316941576402518e-05,4.316515047940141e-05,4.316088641771739e-05,4.3156623578542865e-05,4.3152361961168106e-05,4.314810156460428e-05,4.31438423888729e-05,4.313958443328478e-05,4.313532769744254e-05,4.3131072181017197e-05,4.3126817883583817e-05,4.312256480312618e-05,4.3118312939892305e-05,4.3114062293782614e-05,4.310981286371503e-05,4.310556464950431e-05,4.310131765115141e-05,4.309707186669178e-05,4.3092827296399585e-05,4.308858394016831e-05,4.308434179668145e-05,4.3080100866139443e-05,4.307586114740421e-05,4.307162263940587e-05,4.306738534234457e-05,4.306314925551661e-05,4.30589143783184e-05,4.3054680710578025e-05,4.305044825185596e-05,4.3046217001515275e-05,4.304198695893623e-05,4.3037758122919424e-05,4.303353049343389e-05,4.3029304069778895e-05,4.302507885169319e-05,4.3020854838862394e-05,4.3016632022839456e-05,4.301241041755013e-05,4.3008190008379275e-05,4.300397080174976e-05,4.299975279704112e-05,4.299553599249329e-05,4.299132039753303e-05,4.298710599438321e-05,4.2982892791032566e-05,4.297868078700566e-05,4.2974469980814146e-05,4.297026038697399e-05,4.29660519776291e-05,4.2961844764453435e-05,4.295763874843753e-05,4.295343392844062e-05,4.294923030883681e-05,4.294502788398323e-05,4.2940826648648214e-05,4.293662660720246e-05,4.29324277614685e-05,4.29282301060349e-05,4.2924033642301345e-05,4.2919838370045993e-05,4.2915644277762825e-05,4.291145139446598e-05,4.2907259698738806e-05,4.290306919120055e-05,4.289887987383893e-05,4.2894691742796907e-05,4.2890504802507905e-05,4.288631904976446e-05,4.288213448693089e-05,4.287795111032389e-05,4.287376892343887e-05,4.286958792452829e-05,4.286540810443974e-05,4.2861229461851784e-05,4.2857052015412885e-05,4.285287574114215e-05,4.2848700649918374e-05,4.284452674259982e-05,4.2840354022780915e-05,4.2836182477799555e-05,4.283201211313855e-05,4.2827842928348535e-05,4.282367492282268e-05,4.281950809677811e-05,4.281534245023686e-05,4.2811177981651756e-05,4.280701468975083e-05,4.280285257569844e-05,4.2798691636840965e-05,4.2794531874337654e-05,4.279037328653814e-05,4.278621587316075e-05,4.278205963431202e-05,4.277790456403604e-05,4.277375067101184e-05,4.276959795168748e-05,4.2765446404575456e-05,4.2761296029635104e-05,4.2757146824753335e-05,4.2752998791696315e-05,4.274885192816649e-05,4.274470623104706e-05,4.274056170644523e-05,4.273641835026192e-05,4.273227616204416e-05,4.272813514171555e-05,4.272399528576299e-05,4.271985659605283e-05,4.27157190742911e-05,4.2711582718171484e-05,4.270744752799659e-05,4.270331349959114e-05,4.26991806369688e-05,4.2695048937089614e-05
12,2.0531060582228965e-84,8.945995809186436e-84,3.0737412381923425e-83,8.497491112710438e-83,1.989153101098212e-82,4.136090185227926e-82,7.865630840992653e-82,1.3955779294981372e-81,2.3426182663945075e-81,3.75789906850241e-81,5.804396846447028e-81,8.682662059120548e-81,1.263589544689654e-80,1.795548848347111e-80,2.4986718560046005e-80,3.413491737176643e-80,4.587190955258802e-80,6.0742793743767946e-80,7.937304339598352e-80,1.0247601288246247e-79,1.3086063379497918e-79,1.654395677003986e-79,2.0723768988097048e-79,2.5740077583850428e-79,3.1720465996806963e-79,3.880646558366362e-79,4.71545308614692e-79,5.69370484009751e-79,6.834337769630484e-79,8.158092574105696e-79,9.68762533468642e-79,1.144762144780304e-78,1.346491279906229e-78,1.5768598203106492e-78,1.8390167088754807e-78,2.1363626434775655e-78,2.4725630949913576e-78,2.8515616489249754e-78,3.2775936745769263e-78,3.755200312050031e-78,4.289242783429015e-78,4.884917036692619e-78,5.547768702077551e-78,6.2837083701485915e-78,7.099027201915558e-78,8.000412852015726e-78,8.994965724056213e-78,1.0090215537166387e-77,1.12941382124468e-77,1.2615173085492373e-77,1.4062240460559649e-77,1.5644759442893781e-77,1.7372666126334956e-77,1.9256432065050965e-77,2.1307083129454037e-77,2.3536218597178617e-77,2.595603063633833e-77,2.8579324067670116e-77,3.141953641562887e-77,3.44907584229989e-77,3.780775467669419e-77,4.138598467097842e-77,4.524162424330519e-77,4.9391587151056415e-77,5.385354713496114e-77,5.864596022492303e-77,6.3788087350106606e-77,6.930001729240243e-77,7.520268999436425e-77,8.151792007251102e-77,8.826842074090608e-77,9.547782803918478e-77,1.0317072535156084e-76,1.113726681910362e-76,1.2011020944373553e-76,1.2941092475615974e-76,1.3930343837257118e-76,1.498174492251988e-76,1.6098375733423316e-76,1.728342905166203e-76,1.854021313990631e-76,1.9872154487454845e-76,2.1282800565349474e-76,2.2775822626126774e-76,2.4355018534866163e-76,2.6024315626064977e-76,2.778777360025071e-76,2.964958743569819e-76,3.161409035177004e-76,3.368575678497586e-76,3.586920541464669e-76,3.8169202191563716e-76,4.0590663431858825e-76,4.313865891503289e-76,4.581841503393697e-76,4.8635317947457946e-76,5.1594916792618925e-76,5.47029269178293e-76,5.79652331399881e-76,6.138789303216737e-76,6.4977140273557e-76,6.873938796895008e-76,7.268123206003638e-76,7.680945471727513e-76,8.113102781893153e-76,8.56531163976962e-76,9.038308217029584e-76,9.53284870679697e-76,1.0049709679966652e-75,1.0589688445722386e-75,1.115360341460706e-75,1.174229446551778e-75,1.2356623313948178e-75,1.2997473882100952e-75,1.3665752678091907e-75,1.436238917152821e-75,1.5088336175455063e-75,1.5844570230669628e-75,1.6632091993066084e-75,1.745192662400901e-75,1.8305124184981066e-75,1.9192760029867692e-75,2.0115935208481804e-75,2.1075776870015655e-75,2.2073438662866415e-75,2.3110101150143277e-75,2.418697221400484e-75,2.5305287476545394e-75,2.646631071462759e-75,2.7671334278394646e-75,2.892167951667e-75,3.0218697205570053e-75,3.1563767976060615e-75,3.2958302743177245e-75,3.4403743147962477e-75,3.590156199281154e-75,3.745326368059097e-75,3.9060384661312773e-75,4.0724493881993007e-75,4.244719323478345e-75,4.423011800782371e-75,4.607493734399415e-75,4.798335470289384e-75,4.9957108320687765e-75,5.199797167251422e-75,5.410775394346675e-75,5.628830050398902e-75,5.854149337564258e-75,6.086925171375317e-75,6.32735322869014e-75,6.5756329955339e-75,6.831967816852811e-75,7.096564943847059e-75,7.369635584162661e-75,7.651394951398941e-75,7.942062314464806e-75,8.24186104807434e-75,8.551018682226041e-75,8.86976695391215e-75,9.19834185762882e-75,9.53698369613987e-75,9.885937133422044e-75,1.0245451244600695e-74,1.0615779569576887e-74,1.0997180164480803e-74,1.1389915654841577e-74,1.1794253289009526e-74,1.2210464990092154e-74,1.263882741118755e-74,1.3079621987775224e-74,1.3533134992825891e-74,1.3999657590578495e-74,1.4479485891950628e-74,1.4972921009111483e-74,1.5480269110890694e-74,1.6001841478148275e-74,1.6537954560385337e-74,1.708893003144462e-74,1.7655094845470859e-74,1.823678129440875e-74,1.88343270645173e-74,1.9448075294506383e-74,2.007837463262645e-74,2.07255792937517e-74,2.139004911919091e-74,2.207214963437046e-74,2.277225210671093e-74,2.3490733606408124e-74,2.422797706461138e-74,2.498437133333175e-74,2.576031124534664e-74,2.65561976743897e-74,2.737243759562544e-74,2.8209444146408665e-74,2.906763668765881e-74,2.994744086386542e-74,3.0849288666683867e-74,3.177361849550829e-74,3.2720875219981314e-74,3.3691510242456334e-74,3.468598156074274e-74,3.5704753831133975e-74,3.6748298431717994e-74,3.781709352597008e-74,3.891162412662766e-74,4.00323821602344e-74,4.117986653041987e-74,4.2354583183378894e-74,4.355704517366949e-74,4.478777272831714e-74,4.604729331276806e-74,4.7336141696731584e-74,4.865486002030303e-74,5.000399786079928e-74,5.138411229770848e-74,5.279576798290865e-74,5.4239537203543585e-74,5.571599995460744e-74,5.722574400183994e-74,5.8769364952717486e-74,6.034746632530501e-74,6.196065961458572e-74,6.360956436223718e-74,6.529480822682429e-74,6.701702705229788e-74,6.877686493822123e-74,7.057497430879291e-74,7.241201598413833e-74,7.428865925242335e-74,7.620558193538256e-74,7.816347046654854e-74,8.016301995701503e-74,8.220493426915672e-74,8.428992609078904e-74,8.64187170020137e-74,8.859203755244528e-74,9.081062733366428e-74,9.307523504879037e-74,9.53866185897981e-74,9.774554510883309e-74,1.0015279109265499e-73,1.0260914243678324e-73,1.0511539451991591e-73,1.0767235227925423e-73,1.1028083028293662e-73,1.129416528100291e-73,1.1565565392032632e-73,1.1842367753390307e-73,1.2124657750724813e-73,1.2412521770793953e-73,1.2706047209189294e-73,1.3005322478022872e-73,1.3310437013710229e-73,1.3621481284434503e-73,1.3938546798329524e-73,1.4261726110998076e-73,1.4591112833402965e-73,1.4926801639716027e-73,1.5268888275193953e-73,1.56174695640812e-73,1.597264341753965e-73,1.6334508841605276e-73,1.6703165945248758e-73,1.7078715948077303e-73,1.7461261188914785e-73,1.7850905133236196e-73,1.8247752381897532e-73,1.865190867869194e-73,1.9063480918812525e-73,1.9482577157025022e-73,1.9909306615462845e-73,2.034377969270669e-73,2.0786107970955746e-73,2.1236404225235863e-73,2.1694782431191553e-73,2.2161357773544704e-73,2.263624665445179e-73,2.311956670188767e-73,2.361143677819365e-73,2.411197698805658e-73,2.462130868751921e-73,2.5139554492101682e-73,2.566683828564864e-73,2.6203285228733508e-73,2.6749021766833098e-73,2.730417563951274e-73,2.786887588874639e-73,2.8443252867517863e-73,2.902743824895092e-73,2.962156503419895e-73,3.022576756187711e-73,3.0840181516411854e-73,3.1464943937180235e-73,3.210019322711079e-73,3.2746069161299236e-73,3.340271289607523e-73,3.407026697810605e-73,3.474887535298157e-73,3.5438683374257895e-73,3.613983781241911e-73,3.685248686386514e-73,3.757678015992554e-73,3.8312868775899274e-73,3.90609052401205e-73,3.9821043543050225e-73,4.059343914639385e-73,4.1378248992244665e-73,4.217563151237735e-73,4.298574663694689e-73,4.3808755804577847e-73,4.464482197074425e-73,4.549410961740959e-73,4.6356784762709965e-73,4.723301496938201e-73,4.8122969355148907e-73,4.902681860104989e-73,4.994473496176084e-73,5.0876892274630087e-73,5.182346596872157e-73,5.2784633075241915e-73,5.3760572236092044e-73,5.475146371379924e-73,5.5757489401498596e-73,5.677883283153458e-73,5.781567918618501e-73,5.886821530616676e-73,5.993662970143055e-73,6.102111255968868e-73,6.212185575729122e-73,6.323905286778436e-73,6.437289917284767e-73,6.55235916710417e-73,6.669132908805783e-73,6.787631188709447e-73,6.907874227748443e-73,7.029882422573817e-73,7.153676346468292e-73,7.27927675037752e-73,7.40670456394775e-73,7.535980896403544e-73,7.6671270376615e-73,7.800164459268462e-73,7.935114815466068e-73,8.071999944149472e-73,8.210841867895014e-73,8.351662794973874e-73,8.494485120368208e-73,8.639331426789805e-73,8.786224485701227e-73,8.935187258357034e-73,9.086242896777364e-73,9.239414744829263e-73,9.394726339221081e-73,9.552201410619709e-73,9.711863884520797e-73,9.873737882490204e-73,1.0037847723020129e-72,1.0204217922711643e-72,1.037287319724653e-72,1.0543838462473487e-72,1.0717138835401938e-72,1.0892799635292486e-72,1.1070846384773077e-72,1.125130481075888e-72,1.1434200845652144e-72,1.161956062832586e-72,1.1807410505209435e-72,1.1997777031377542e-72,1.2190686971559173e-72,1.238616730127236e-72,1.2584245207857837e-72,1.2784948091642234e-72,1.2988303566869668e-72,1.3194339462955738e-72,1.3403083825422014e-72,1.36145649170713e-72,1.382881121905507e-72,1.4045851431944787e-72,1.4265714476892654e-72,1.4488429496663695e-72,1.471402585678047e-72,1.494253314653394e-72,1.517398118024856e-72,1.5408399998229835e-72,1.564581986796463e-72,1.5886271285211289e-72,1.612978497511433e-72,1.6376391893320091e-72,1.6626123227073288e-72,1.6879010396411064e-72,1.713508505523892e-72,1.7394379092384622e-72,1.765692463287257e-72,1.7922754038958402e-72,1.8191899911287073e-72,1.8464395090054726e-72,1.8740272656045015e-72,1.9019565931923732e-72,1.9302308483279877e-72,1.9588534119797163e-72,1.9878276896428257e-72,2.0171571114468075e-72,2.0468451322795896e-72,2.0768952318954354e-72,2.1073109150385626e-72,2.1380957115511594e-72,2.1692531764990554e-72,2.2007868902828925e-72,2.232700458746594e-72,2.264997513313527e-72,2.2976817110845017e-72,2.3307567349632554e-72,2.3642262937800535e-72,2.398094122401033e-72,2.4323639818491976e-72,2.4670396594228057e-72,2.5021249688139956e-72,2.537623750230588e-72,2.573539870503434e-72,2.609877223223371e-72,2.6466397288490415e-72,2.6838313348296384e-72,2.721456015724939e-72,2.759517773325579e-72,2.7980206367735626e-72,2.836968662683003e-72,2.876365935261099e-72,2.91621656642934e-72,2.9565246959481684e-72,2.9972944915290566e-72,3.038530148965949e-72,3.0802358922510273e-72,3.1224159737068316e-72,3.1650746740991013e-72,3.2082163027662145e-72,3.2518451977338965e-72,3.295965725838573e-72,3.3405822828709455e-72,3.385699293669478e-72,3.4313212122732446e-72,3.4774525220240793e-72,3.524097735699469e-72,3.5712613956388397e-72,3.6189480738618086e-72,3.66716237221248e-72,3.715908922460154e-72,3.765192386433902e-72,3.8150174561554295e-72,3.865388853959808e-72,3.9163113326163387e-72,3.967789675462287e-72,4.0198286965371906e-72,4.072433240689533e-72,4.1256081837149197e-72,4.17935843249479e-72,4.2336889251017327e-72,4.288604630942296e-72,4.344110550881474e-72,4.4002117173707766e-72,4.456913194573386e-72,4.514220078508166e-72,4.57213749715564e-72,4.630670610602504e-72,4.689824611167494e-72,4.749604723526973e-72,4.810016204857041e-72,4.871064344951583e-72,4.932754466356705e-72,4.995091924501371e-72,5.058082107828255e-72,5.121730437924825e-72,5.186042369658899e-72,5.251023391293192e-72,5.316679024642549e-72,5.383014825193192e-72,5.450036382222189e-72,5.51774931895536e-72,5.586159292682951e-72,5.655271994896759e-72,5.725093151423234e-72,5.795628522556811e-72,5.866883903193461e-72,5.938865122964457e-72,6.011578046370383e-72,6.085028572915349e-72,6.15922263724143e-72,6.234166209263338e-72,6.309865294303307e-72,6.38632593322621e-72,6.463554202574874e-72,6.541556214705654e-72,6.620338117924197e-72,6.699906096621444e-72,6.780266371409839e-72,6.861425199266987e-72,6.943388873648314e-72,7.026163724647862e-72,7.109756119140482e-72,7.194172460887313e-72,7.279419190712723e-72,7.365502786602418e-72,7.452429763881228e-72,7.540206675311469e-72,7.628840111271336e-72,7.718336699853115e-72,7.808703107042986e-72,7.89994603682405e-72,7.992072231338775e-72,8.085088471013281e-72,8.179001574706865e-72,8.273818399857784e-72,8.369545842610081e-72,8.466190837964606e-72,8.563760359903491e-72,8.662261421547241e-72,8.761701075290066e-72,8.862086412936038e-72,8.963424565856678e-72,9.06572270511641e-72,9.168988041619898e-72,9.273227826254153e-72,9.378449350030876e-72,9.48465994422901e-72,9.591866980537515e-72,9.700077871198342e-72,9.809300069149646e-72,9.91954106816919e-72,1.0030808403017981e-71,1.014310964958412e-71,1.0256452425026847e-71,1.037084438792084e-71,1.048629323840067e-71,1.0602806718305536e-71,1.0720392611324158e-71,1.0839058743139925e-71,1.0958812981582266e-71,1.1079663236754182e-71,1.12016174611959e-71,1.1324683650018838e-71,1.1448869841070261e-71,1.1574184115067459e-71,1.1700634595731787e-71,1.182822944995736e-71,1.1956976887939219e-71,1.2086885163339575e-71,1.221796257342266e-71,1.2350217459205457e-71,1.2483658205605771e-71,1.2618293241590057e-71,1.2754131040315626e-71,1.2891180119298326e-71,1.3029449040548485e-71,1.3168946410700158e-71,1.3309680881199525e-71,1.3451661148428094e-71,1.3594895953858834e-71,1.373939408421278e-71,1.3885164371581695e-71,1.4032215693626196e-71,1.4180556973678142e-71,1.4330197180911757e-71,1.448114533050851e-71,1.46334104837943e-71,1.4787001748376622e-71,1.4941928278316962e-71,1.509819927426861e-71,1.525582398366019e-71,1.541481170079103e-71,1.55751717670332e-71,1.5736913570962862e-71,1.5900046548516165e-71,1.6064580183142484e-71,1.6230524005957174e-71,1.639788759589546e-71,1.6566680579865505e-71,1.6736912632894896e-71,1.690859347830673e-71,1.7081732887851683e-71,1.725634068186968e-71,1.7432426729452183e-71,1.7610000948566197e-71,1.7789073306255384e-71,1.7969653818764464e-71,1.8151752551710116e-71,1.833537962021319e-71,1.8520545189069975e-71,1.870725947293178e-71,1.8895532736414265e-71,1.90853752942771e-71,1.9276797511596454e-71,1.9469809803898224e-71,1.9664422637322895e-71,1.986064652878277e-71,2.0058492046119393e-71,2.0257969808261186e-71,2.0459090485393544e-71,2.0661864799080113e-71,2.086630352244535e-71,2.1072417480366284e-71,2.1280217549568846e-71,2.1489714658824286e-71,2.1700919789091236e-71,2.1913843973700604e-71,2.2128498298489458e-71,2.2344893901969147e-71,2.2563041975493867e-71,2.278295376339896e-71,2.300464056316144e-71,2.3228113725612168e-71,2.345338465502718e-71,2.368046480931867e-71,2.3909365700223123e-71,2.414009889340909e-71,2.437267600867423e-71,2.460710872008902e-71,2.484340875618573e-71,2.5081587900102533e-71,2.5321657989718266e-71,2.5563630917869664e-71,2.5807518632486735e-71,2.6053333136727728e-71,2.630108648920705e-71,2.6550790804084176e-71,2.6802458251301615e-71,2.705610105668815e-71,2.731173150213147e-71,2.7569361925798954e-71,2.7829004722226523e-71,2.809067234252571e-71,2.8354377294538277e-71,2.8620132142991823e-71,2.888794950970357e-71,2.9157842073677756e-71,2.942982257134857e-71,2.9703903796682283e-71,2.9980098601363207e-71,3.0258419894978693e-71,3.0538880645165722e-71,3.082149387777292e-71,3.110627267706633e-71,3.139323018583671e-71,3.1682379605596232e-71,3.1973734196765918e-71,3.2267307278823165e-71,3.2563112230453515e-71,3.2861162489718708e-71,3.3161471554286263e-71,3.3464052981504383e-71,3.3768920388648693e-71,3.407608745305944e-71,3.438556791227812e-71,3.469737556429106e-71,3.501152426762361e-71,3.5328027941552826e-71,3.5646900566254605e-71,3.5968156183022597e-71,3.629180889435727e-71,3.6617872864189215e-71,3.694636231805007e-71,3.727729154321555e-71,3.7610674888914726e-71,3.794652676646775e-71,3.828486164947894e-71,3.862569407396372e-71,3.8969038638597945e-71,3.931491000481112e-71,3.96633228970036e-71,4.001429210269522e-71,4.0367832472732244e-71,4.072395892142541e-71,4.108268642673388e-71,4.1444030030438035e-71,4.1808004838176115e-71,4.217462602016224e-71,4.254390881054299e-71,4.29158685081151e-71,4.3290520476363246e-71,4.366788014363389e-71,4.404796300330947e-71,4.443078461400057e-71,4.481636059964863e-71,4.52047066498264e-71,4.559583851976864e-71,4.598977203068587e-71,4.638652306983064e-71,4.67861075907275e-71,4.718854161333633e-71,4.759384122421653e-71,4.800202257673912e-71,4.841310189123889e-71,4.882709545516548e-71,4.924401962301618e-71,4.9663890817630964e-71,5.0086725528657955e-71,5.051254031389223e-71,5.094135179913394e-71,5.1373176678423894e-71,5.1808031714144096e-71,5.224593373724667e-71,5.268689964741927e-71,5.313094641325024e-71,5.357809107244595e-71,5.4028350731970536e-71,5.448174256825076e-71,5.4938283827315636e-71,5.5397991825001595e-71,5.586088394715846e-71,5.632697764980284e-71,5.679629045927715e-71,5.726883997244345e-71,5.774464385689645e-71,5.822371985107694e-71,5.870608576456063e-71,5.919175947808817e-71,5.9680758943904624e-71,6.0173102185815695e-71,6.0668807299417366e-71,6.11678924523055e-71,6.1670375884215295e-71,6.217627590721696e-71,6.268561090589769e-71,6.3198399337543754e-71,6.371465973232273e-71,6.4234410693465995e-71,6.475767089745133e-71,6.528445909420016e-71,6.5814794107224864e-71,6.634869483381066e-71,6.688618024528775e-71,6.7427269387082356e-71,6.797198137901111e-71,6.8520335415420795e-71,6.907235076534209e-71,6.962804677271974e-71,7.0187442856580165e-71,7.075055851121794e-71,7.131741330637966e-71,7.188802688743407e-71,7.246241897561737e-71,7.304060936814272e-71,7.36226179383884e-71,7.420846463615491e-71,7.479816948777778e-71,7.539175259638969e-71,7.598923414199842e-71,7.65906343817978e-71,7.719597365022913e-71,7.780527235927787e-71,7.84185509985976e-71,7.903583013571298e-71,7.965713041622326e-71,8.028247256394935e-71,8.091187738114552e-71,8.154536574867191e-71,8.218295862624588e-71,8.282467705255841e-71,8.34705421454865e-71,8.412057510228178e-71,8.477479719972165e-71,8.543322979444827e-71,8.609589432293266e-71,8.676281230181388e-71,8.743400532806754e-71,8.81094950791463e-71,8.8789303313218e-71,8.947345186934001e-71,9.016196266764977e-71,9.085485770953759e-71,9.155215907788771e-71,9.225388893723557e-71,9.296006953392483e-71,9.367072319633161e-71,9.438587233509051e-71,9.510553944323452e-71,9.582974709642121e-71,9.655851795305444e-71,9.729187475460735e-71,9.802984032563976e-71,9.8772437574183e-71,9.951968949175592e-71,1.0027161915369105e-70,1.0102824971925571e-70,1.0178960443188073e-70,1.0255570661930032e-70,1.033265796937805e-70,1.0410224715234857e-70,1.048827325769608e-70,1.0566805963460387e-70,1.0645825207765393e-70,1.0725333374397894e-70,1.080533285570876e-70,1.0885826052645168e-70,1.0966815374757243e-70,1.104830324022305e-70,1.1130292075871786e-70,1.1212784317197768e-70,1.1295782408381802e-70,1.1379288802310746e-70,1.1463305960597074e-70,1.154783635359847e-70,1.1632882460437415e-70,1.1718446769022757e-70,1.1804531776065348e-70,1.1891139987094337e-70,1.197827391649348e-70,1.2065936087500091e-70,1.2154129032241995e-70,1.2242855291744703e-70,1.2332117415953001e-70,1.2421917963760527e-70,1.251225950302278e-70,1.2603144610567821e-70,1.2694575872236096e-70,1.2786555882882193e-70,1.2879087246401822e-70,1.2972172575755545e-70,1.30658144929827e-70,1.3160015629223294e-70,1.3254778624745474e-70,1.3350106128935204e-70,1.3446000800363594e-70,1.3542465306768478e-70,1.3639502325094184e-70,1.3737114541507353e-70,1.3835304651403034e-70,1.393407535945072e-70,1.4033429379592219e-70,1.413336943507294e-70,1.423389825845364e-70,1.4335018591643074e-70,1.4436733185907648e-70,1.4539044801894657e-70,1.4641956209652458e-70,1.4745470188652734e-70,1.4849589527804298e-70,1.4954317025477514e-70,1.5059655489530967e-70,1.5165607737319902e-70,1.527217659572069e-70,1.5379364901155457e-70,1.548717549960916e-70,1.5595611246646495e-70,1.5704675007438863e-70,1.581436965678137e-70,1.5924698079109823e-70,1.6035663168527796e-70,1.6147267828822534e-70,1.625951497348411e-70,1.6372407525735018e-70,1.6485948418534682e-70,1.660014059461915e-70,1.6714987006501166e-70,1.6830490616506543e-70,1.6946654396788898e-70,1.7063481329344437e-70,1.718097440604867e-70,1.729913662865608e-70,1.7417971008838067e-70,1.7537480568194273e-70,1.765766833827776e-70,1.777853736060636e-70,1.790009068669957e-70,1.8022331378080417e-70,1.814526250631269e-70,1.8268887153015645e-70,1.839320840987525e-70,1.8518229378679005e-70,1.864395317132963e-70,1.877038290986703e-70,1.8897521726488883e-70,1.902537276357159e-70,1.9153939173692134e-70,1.928322411964156e-70,1.941323077446055e-70,1.9543962321447942e-70,1.9675421954188957e-70,1.9807612876561286e-70,1.9940538302781844e-70,2.0074201457400538e-70,2.0208605575339624e-70,2.0343753901907254e-70,2.0479649692819754e-70,2.0616296214222508e-70,2.0753696742710788e-70,2.0891854565350965e-70,2.103077297969883e-70,2.1170455293828312e-70,2.1310904826344857e-70,2.145212490640902e-70,2.159411887375752e-70,2.1736890078724354e-70,2.188044188226187e-70,2.2024777655964535e-70,2.2169900782082122e-70,2.231581465354621e-70,2.24625226739965e-70,2.2610028257796795e-70,2.2758334830050938e-70,2.2907445826629223e-70,2.3057364694197597e-70,2.3208094890223035e-70,2.3359639883006753e-70,2.351200315169461e-70,2.3665188186314725e-70,2.3819198487785243e-70,2.3974037567939704e-70,2.4129708949548367e-70,2.4286216166342258e-70,2.444356276302645e-70,2.4601752295306807e-70,2.476078832991685e-70,2.4920674444631e-70,2.508141422828875e-70,2.524301128081606e-70,2.540546921324688e-70,2.5568791647744574e-70,2.5732982217623417e-70,2.5898044567370112e-70,2.6063982352665316e-70,2.6230799240407962e-70,2.6398498908725572e-70,2.656708504701561e-70,2.673656135594855e-70,2.690693154749524e-70,2.7078199344954245e-70,2.725036848296765e-70,2.742344270754423e-70,2.7597425776081093e-70,2.777232145738528e-70,2.794813353169559e-70,2.8124865790704196e-70,2.8302522037575423e-70,2.8481106086980708e-70,2.8660621765093926e-70,2.884107290964554e-70,2.902246336991771e-70,2.9204797006779664e-70,2.93880776927062e-70,2.95723093118013e-70,2.975749575981383e-70,2.99436409441684e-70,3.013074878398134e-70,3.0318823210083945e-70,3.0507868165041445e-70,3.069788760318858e-70,3.088888549062863e-70,3.108086580527063e-70,3.1273832536851466e-70,3.146778968695469e-70,3.1662741269027775e-70,3.185869130841362e-70,3.205564384236317e-70,3.225360292006825e-70,3.245257260267441e-70,3.265255696330603e-70,3.2853560087088445e-70,3.3055586071170025e-70,3.3258639024744275e-70,3.346272306907199e-70,3.366784233750339e-70,3.3874000975500244e-70,3.408120314065809e-70,3.42894530027284e-70,3.4498754743640774e-70,3.470911255752521e-70,3.49205306507375e-70,3.513301324186849e-70,3.534656456178924e-70,3.556118885365032e-70,3.577689037291725e-70,3.59936733873912e-70,3.62115421772246e-70,3.6430501034953523e-70,3.665055426551001e-70,3.687170618626263e-70,3.709396112700285e-70,3.7317323430013103e-70,3.7541797450056256e-70,3.7767387554402054e-70,3.799409812286507e-70,3.822193354781116e-70,3.8450898234199875e-70,3.868099659957563e-70,3.891223307411573e-70,3.9144612100647385e-70,3.93781381346681e-70,3.9612815644363103e-70,3.984864911063997e-70,4.0085643027139004e-70,4.032380190026278e-70,4.056313024919546e-70,4.080363260593219e-70,4.1045313515285904e-70,4.1288177534938334e-70,4.1532229235428984e-70,4.1777473200197204e-70,4.202391402560162e-70,4.2271556320947786e-70,4.252040470850587e-70,4.2770463823522474e-70,3.063872225722525e-44,1.6150252099522585e-43,4.884739538699148e-43,1.1502150681318962e-42,2.3378625667600963e-42,4.306577431163947e-42,7.389721988684413e-42,1.2015916349689314e-41,1.8729472922427703e-41,2.821485832163561e-41,4.1325969507372503e-41,5.91211701194313e-41,8.290522460118418e-41,1.1427949980432994e-40,1.5520208543709413e-40,2.080598271571341e-40,2.7575468312497497e-40,3.6180732362794883e-40,4.704815152437927e-40,6.069335926287943e-40,7.773922555546036e-40,9.89375078020859e-40,1.251949532325027e-39,1.576048079796933e-39,1.9748490447824766e-39,2.4642376739052477e-39,3.063365123439001e-39,3.795327282234957e-39,4.6879905442998093e-39,5.774998171220908e-39,7.096999087220229e-39,8.703151289041266e-39,1.0652965124413117e-38,1.3018568268602183e-38,1.5887495314919096e-38,1.9366131806286417e-38,2.3583976997913086e-38,2.869893392576113e-38,3.4903892473401634e-38,4.2434945067052083e-38,5.158167071746687e-38,6.270004850333728e-38,7.622872586059894e-38,9.270958320517567e-38,1.128138221355107e-37,1.3737518388263162e-37,1.6743241095316222e-37,2.042837438551467e-37,2.4955716004304377e-37,3.0530130269845348e-37,3.7410373774421468e-37,4.592454955983411e-37,5.64904051738019e-37,6.964213391753115e-37,8.606595893189923e-37,1.0664765270286542e-36,1.3253638190401766e-36,1.652310346684418e-36,2.0669773138866188e-36,2.5953091306673483e-36,3.271758087694315e-36,4.142380749447662e-36,5.269183224819825e-36,6.736272183785885e-36,8.658642250256568e-36,1.111681840656647e-35,1.4443579252614662e-35,1.8908128682889861e-35,2.4948972467744986e-35,3.3195425627982746e-35,4.4561176713885984e-35,6.038939611937526e-35,8.268118911355766e-35,1.144611054858444e-34,1.6037215110629086e-34,2.276626694948773e-34,3.2785657804847167e-34,4.796427794737445e-34,7.1399442673740145e-34,1.0834788557338032e-33,1.6796819805232345e-33,2.666873016807229e-33,4.3493953117298605e-33,7.312079270877049e-33,1.272650902373088e-32,2.3055709951871041e-32,4.3782869962900105e-32,8.800489744945212e-32,1.8998848423883953e-31,4.514888170692052e-31,1.238135935085808e-30,4.3261919163395446e-30,2.3334245043316764e-29,2.485395751238008e-28,6.059913489816523e-27,3.619798914234919e-25,5.164947193070967e-23,3.5748413609832824e-22,3.5748413610751444e-22,3.574841361117587e-22,3.574841361198633e-22,3.5748413671803555e-22,3.774888266609263e-19,3.602532322656749e-17,1.8574010353430074e-15,6.148516333431823e-14,1.1745190863717648e-12,1.1502110781429061e-11,5.980377824584154e-11,1.8284418102425016e-10,3.769475369074865e-10,5.911061225948221e-10,7.722712737834415e-10,8.978603839225804e-10,9.717902912388472e-10,1.0092222211783117e-09,2.5605581288980666e-09,4.558154493943624e-09,6.608174937598877e-09,8.569277578544925e-09,1.039561036402557e-08,1.207992246830239e-08,1.3630629812337937e-08,1.5061711084383606e-08,1.6388185280109187e-08,1.7624178373842217e-08,1.8782208654209493e-08,1.9873036304036544e-08,2.090576027237752e-08,2.1888009363174747e-08,2.2826155242709815e-08,2.3725515064222168e-08,2.459053106893728e-08,2.5424923955184145e-08,2.6231821091323352e-08,2.701386236568902e-08,2.7773286936783425e-08,2.85120040422783e-08,2.923165068515493e-08,2.993363860634165e-08,3.061919255321631e-08,3.128938149494703e-08,3.1945144128719883e-08,3.258730976509588e-08,3.3216615470792657e-08,3.3833720176650985e-08,3.44392163208977e-08,3.5033639487046554e-08,3.561747640685309e-08,3.6191171627421896e-08,3.675513308431436e-08,3.730973677656567e-08,3.785533070259883e-08,3.839223818629616e-08,3.892076069857451e-08,3.94411802604404e-08,3.995376149790924e-08,4.045875340648756e-08,4.095639087263683e-08,4.144689599129839e-08,4.193047921171317e-08,4.240734033824931e-08,4.2877669408362054e-08,4.3341647466106774e-08,4.379944724655667e-08,4.4251233783943315e-08,4.469716495427831e-08,4.513739196147436e-08,4.557205977458369e-08,4.6001307522567214e-08,4.642526885204973e-08,4.68440722526686e-08,4.725784135397048e-08,4.7666695197215665e-08,4.807074848497387e-08,4.84701118109995e-08,4.886489187252245e-08,4.9255191666811896e-08,4.9641110673617466e-08,5.0022745024889354e-08,5.040018766301196e-08,5.077352848860539e-08,5.1142854498863465e-08,5.1508249917243545e-08,5.186979631525659e-08,5.222757272701522e-08,5.2581655757110804e-08,5.293211968236728e-08,5.32790365479101e-08,5.362247625800798e-08,5.3962506662027736e-08,5.429919363588399e-08,5.463260115927341e-08,5.496279138898166e-08,5.528982472852975e-08,5.561375989438859e-08,5.5934653978982935e-08,5.6252562510678507e-08,5.656753951094694e-08,5.6879637548864655e-08,5.7188907793111733e-08,5.749540006160309e-08,5.7799162868904e-08,5.810024347154119e-08,5.8398687911321565e-08,5.869454105678395e-08,5.898784664286352e-08,5.9278647308877275e-08,5.95669846349153e-08,5.985289917671086e-08,6.013643049908469e-08,6.041761720801278e-08,6.069649698140451e-08,6.097310659864415e-08,6.124748196896452e-08,6.151965815869375e-08,6.178966941744661e-08,6.205754920330059e-08,6.232333020700024e-08,6.258704437525097e-08,6.284872293311928e-08,6.31083964056067e-08,6.336609463841009e-08,6.362184681792889e-08,6.387568149052908e-08,6.412762658111246e-08,6.437770941101411e-08,6.46259567152645e-08,6.487239465923187e-08,6.511704885468257e-08,6.535994437527529e-08,6.560110577151843e-08,6.584055708521303e-08,6.607832186339751e-08,6.631442317181826e-08,6.654888360794696e-08,6.678172531355735e-08,6.701296998688736e-08,6.724263889439244e-08,6.747075288211538e-08,6.769733238668544e-08,6.792239744596061e-08,6.814596770931815e-08,6.836806244762697e-08,6.858870056289752e-08,6.880790059762536e-08,6.902568074383492e-08,6.924205885185884e-08,6.945705243882314e-08,6.967067869688122e-08,6.988295450119785e-08,7.00938964176844e-08,7.030352071049949e-08,7.051184334932614e-08,7.071888001643045e-08,7.092464611351026e-08,7.112915676834e-08,7.13324268412196e-08,7.153447093123847e-08,7.173530338235251e-08,7.193493828929113e-08,7.213338950328671e-08,7.233067063764822e-08,7.252679507317047e-08,7.27217759633956e-08,7.29156262397213e-08,7.31083586163729e-08,7.329998559522796e-08,7.349051947051962e-08,7.367997233339924e-08,7.386835607638117e-08,7.40556823976655e-08,7.424196280534161e-08,7.442720862148353e-08,7.461143098612694e-08,7.479464086114999e-08,7.49768490340491e-08,7.515806612160908e-08,7.533830257348435e-08,7.551756867568331e-08,7.569587455396636e-08,7.587323017714652e-08,7.604964536031702e-08,7.622512976799523e-08,7.639969291717376e-08,7.657334418030985e-08,7.6746092788233e-08,7.691794783297969e-08,7.708891827055886e-08,7.725901292364736e-08,7.74282404842211e-08,7.759660951612101e-08,7.776412845755422e-08,7.793080562353664e-08,7.809664920827681e-08,7.826166728750238e-08,7.842586782072782e-08,7.858925865347299e-08,7.875184751942454e-08,7.891364204254833e-08,7.907464973915562e-08,7.923487801991275e-08,7.939433419181721e-08,7.955302546010559e-08,7.97109589301425e-08,7.986814160925475e-08,8.00245804085203e-08,8.018028214452202e-08,8.033525354105904e-08,8.048950123082289e-08,8.064303175703015e-08,8.079585157502788e-08,8.094796705384938e-08,8.109938447775082e-08,8.125011004770477e-08,8.140014988286281e-08,8.154951002198407e-08,8.169819642483852e-08,8.184621497357967e-08,8.199357147407499e-08,8.214027165722342e-08,8.22863211802407e-08,8.243172562791021e-08,8.257649051381262e-08,8.272062128153388e-08,8.286412330583688e-08,8.300700189381962e-08,8.314926228604285e-08,8.329090965763514e-08,8.343194911937598e-08,8.357238571875835e-08,8.371222444102505e-08,8.385147021018845e-08,8.39901278900258e-08,8.412820228505573e-08,8.42656981415006e-08,8.440262014821679e-08,8.45389729376167e-08,8.467476108657147e-08,8.480998911729157e-08,8.494466149819301e-08,8.50787826447459e-08,8.521235692030665e-08,8.534538863693159e-08,8.547788205617922e-08,8.560984138988982e-08,8.574127080095885e-08,8.587217440409092e-08,8.600255626653636e-08,8.613242040881772e-08,8.626177080544388e-08,8.639061138560693e-08,8.651894603386565e-08,8.664677859081636e-08,8.677411285376109e-08,8.690095257734516e-08,8.702730147419608e-08,8.715316321554641e-08,8.727854143184891e-08,8.740343971337218e-08,8.752786161079235e-08,8.765181063577389e-08,8.777529026153591e-08,8.789830392340857e-08,8.802085501938666e-08,8.814294691066336e-08,8.826458292215768e-08,8.838576634303605e-08,8.850650042722174e-08,8.86267883938956e-08,8.874663342798636e-08,8.886603868065579e-08,8.898500726977201e-08,8.910354228037464e-08,8.922164676514056e-08,8.933932374482403e-08,8.945657620870528e-08,8.957340711502167e-08,8.968981939140024e-08,8.98058159352735e-08,8.992139961429415e-08,9.003657326673785e-08,9.015133970190845e-08,9.026570170052584e-08,9.037966201510968e-08,9.049322337036374e-08,9.060638846354543e-08,9.071915996483261e-08,9.083154051768628e-08,9.09435327392006e-08,9.105513922045599e-08,9.116636252686238e-08,9.12772051984882e-08,9.138766975040555e-08,9.149775867300696e-08,9.160747443232561e-08,9.171681947036048e-08,9.182579620537815e-08,9.193440703221973e-08,9.204265432260654e-08,9.215054042543322e-08,9.225806766705782e-08,9.236523835159e-08,9.247205476117317e-08,9.257851915626147e-08,9.268463377589404e-08,9.279040083796289e-08,9.289582253947995e-08,9.300090105683616e-08,9.31056385460569e-08,9.321003714305689e-08,9.331409896388872e-08,9.341782610498512e-08,9.352122064340404e-08,9.362428463706435e-08,9.372702012497922e-08,9.382942912748638e-08,9.393151364647584e-08,9.4033275665613e-08,9.41347171505584e-08,9.423584004918462e-08,9.433664629179044e-08,9.443713779130961e-08,9.453731644351707e-08,9.463718412723918e-08,9.47367427045452e-08,9.48359940209531e-08,9.493493990562309e-08,9.503358217154758e-08,9.513192261573962e-08,9.522996301942687e-08,9.5327705148227e-08,9.542515075233543e-08,9.552230156669742e-08,9.561915931119248e-08,9.571572569080065e-08,9.581200239577821e-08,9.590799110182221e-08,9.600369347024141e-08,9.609911114811995e-08,9.619424576847146e-08,9.62890989504075e-08,9.638367229929067e-08,9.64779674068887e-08,9.657198585152765e-08,9.666572919824437e-08,9.675919899893284e-08,9.685239679249e-08,9.694532410496346e-08,9.703798244968818e-08,9.713037332743168e-08,9.722249822653245e-08,9.731435862303242e-08,9.740595598081644e-08,9.749729175174212e-08,9.758836737577102e-08,9.767918428109838e-08,9.776974388428408e-08,9.786004759036885e-08,9.795009679301099e-08,9.803989287459721e-08,9.81294372063724e-08,9.821873114855365e-08,9.830777605044742e-08,9.839657325056944e-08,9.848512407675822e-08,9.857342984628315e-08,9.866149186596294e-08,9.874931143227172e-08,9.883688983144714e-08,9.892422833960022e-08,9.901132822281806e-08,9.909819073727131e-08,9.918481712931437e-08,9.927120863558986e-08,9.935736648312648e-08,9.944329188943896e-08,9.952898606262664e-08,9.961445020146904e-08,9.969968549552422e-08,9.978469312521488e-08,9.986947426193154e-08,9.995403006811908e-08,1.0003836169736498e-07,1.001224702944927e-07,1.0020635699564985e-07,1.0029002292839558e-07,1.0037346921178111e-07,1.0045669695644326e-07,1.0053970726468272e-07,1.0062250123054862e-07,1.0070507993991926e-07,1.0078744447058727e-07,1.0086959589233498e-07,1.0095153526701308e-07,1.0103326364862213e-07,1.0111478208338865e-07,1.0119609160983761e-07,1.0127719325887256e-07,1.0135808805384642e-07,1.014387770106353e-07,1.015192611377126e-07,1.0159954143621883e-07,1.0167961890003378e-07,1.017594945158441e-07,1.0183916926321583e-07,1.019186441146576e-07,1.0199792003569533e-07,1.0207699798493019e-07,1.021558789141091e-07,1.0223456376819163e-07,1.0231305348540988e-07,1.0239134899733427e-07,1.0246945122893711e-07,1.025473610986536e-07,1.026250795184383e-07,1.0270260739383666e-07,1.0277994562403338e-07,1.0285709510191985e-07,1.029340567141486e-07,1.03010831341191e-07,1.0308741985739763e-07,1.0316382313104886e-07,1.0324004202441828e-07,1.0331607739382022e-07,1.033919300896711e-07,1.0346760095653792e-07,1.0354309083319595e-07,1.0361840055267738e-07,1.0369353094232587e-07,1.0376848282384749e-07,1.0384325701336292e-07,1.0391785432145605e-07,1.0399227555322427e-07,1.0406652150832778e-07,1.0414059298103839e-07,1.0421449076028652e-07,1.0428821562971419e-07,1.0436176836771128e-07,1.0443514974747412e-07,1.0450836053704357e-07,1.045814014993553e-07,1.0465427339227805e-07,1.0472697696866652e-07,1.0479951297640246e-07,1.0487188215843375e-07,1.0494408525282469e-07,1.0501612299279237e-07,1.0508799610675238e-07,1.0515970531836128e-07,1.0523125134655498e-07,1.053026349055902e-07,1.0537385670508735e-07,1.0544491745006813e-07,1.0551581784099355e-07,1.0558655857380733e-07,1.0565714033997168e-07,1.057275638265066e-07,1.0579782971602499e-07,1.0586793868677477e-07,1.0593789141267422e-07,1.0600768856334355e-07,1.060773308041514e-07,1.0614681879624151e-07,1.0621615319657233e-07,1.0628533465795006e-07,1.0635436382906934e-07,1.0642324135453791e-07,1.064919678749189e-07,1.0656054402675994e-07,1.0662897044263089e-07,1.0669724775115245e-07,1.0676537657702925e-07,1.0683335754108487e-07,1.0690119126029218e-07,1.069688783478053e-07,1.0703641941299049e-07,1.0710381506145842e-07,1.0717106589509272e-07,1.0723817251208164e-07,1.0730513550695081e-07,1.0737195547058732e-07,1.0743863299027268e-07,1.0750516864971318e-07,1.0757156302906678e-07,1.0763781670497055e-07,1.0770393025057247e-07,1.0776990423555531e-07,1.078357392261686e-07,1.0790143578525359e-07,1.0796699447226967e-07,1.0803241584332496e-07,1.080977004511994e-07,1.0816284884537073e-07,1.0822786157204385e-07,1.0829273917417534e-07,1.0835748219149845e-07,1.0842209116054852e-07,1.0848656661468818e-07,1.0855090908413325e-07,1.0861511909597523e-07,1.0867919717420899e-07,1.0874314383975415e-07,1.0880695961047944e-07,1.0887064500122635e-07,1.0893420052383252e-07,1.0899762668715839e-07,1.09060923997105e-07,1.0912409295663908e-07,1.0918713406581494e-07,1.0925004782179968e-07,1.0931283471889253e-07,1.0937549524854511e-07,1.094380298993883e-07,1.0950043915724908e-07,1.0956272350517422e-07,1.0962488342345091e-07,1.0968691938962737e-07,1.0974883187853447e-07,1.0981062136230241e-07,1.0987228831038942e-07,1.0993383318959194e-07,1.0999525646407285e-07,1.1005655859537503e-07,1.1011774004244202e-07,1.1017880126164243e-07,1.102397427067844e-07,1.103005648291365e-07,1.1036126807744414e-07,1.1042185289795247e-07,1.1048231973441977e-07,1.1054266902814078e-07,1.106029012179619e-07,1.1066301674029878e-07,1.1072301602915617e-07,1.1078289951614496e-07,1.108426676304985e-07,1.1090232079909128e-07,1.1096185944645618e-07,1.1102128399479996e-07,1.1108059486402245e-07,1.1113979247173162e-07,1.1119887723325998e-07,1.1125784956168262e-07,1.1131670986783129e-07,1.1137545856031269e-07,1.1143409604552264e-07,1.1149262272766416e-07,1.1155103900876154e-07,1.1160934528867331e-07,1.1166754196511487e-07,1.1172562943366725e-07,1.1178360808779359e-07,1.1184147831885863e-07,1.1189924051613465e-07,1.1195689506682738e-07,1.1201444235608013e-07,1.1207188276699438e-07,1.1212921668064547e-07,1.1218644447608948e-07,1.1224356653038631e-07,1.1230058321860658e-07,1.1235749491384939e-07,1.1241430198725458e-07,1.1247100480801785e-07,1.1252760374340278e-07,1.1258409915875469e-07,1.1264049141751267e-07,1.1269678088122419e-07,1.1275296790956018e-07,1.1280905286032454e-07,1.1286503608946665e-07,1.1292091795109734e-07,1.1297669879749961e-07,1.130323789791414e-07,1.1308795884468691e-07,1.131434387410114e-07,1.1319881901320948e-07,1.1325410000461295e-07,1.1330928205679756e-07,1.1336436550959629e-07,1.1341935070111114e-07,1.1347423796772724e-07,1.1352902764412446e-07,1.1358372006328023e-07,1.13638315556493e-07,1.1369281445338481e-07,1.1374721708191961e-07,1.1380152376840854e-07,1.1385573483752103e-07,1.139098506123025e-07,1.1396387141417769e-07,1.140177975629618e-07,1.1407162937687755e-07,1.1412536717255856e-07,1.1417901126506487e-07,1.14232561967891e-07,1.1428601959297634e-07,1.1433938445071545e-07,1.1439265684996848e-07,1.1444583709807168e-07,1.1449892550084671e-07,1.1455192236261119e-07,1.1460482798618674e-07,1.1465764267291051e-07,1.1471036672264551e-07,1.1476300043378713e-07,1.1481554410327665e-07,1.1486799802660589e-07,1.1492036249783172e-07,1.1497263780957965e-07,1.1502482425306082e-07,1.1507692211807249e-07,1.1512893169301319e-07,1.1518085326488871e-07,1.1523268711932181e-07,1.1528443354056225e-07,1.1533609281149294e-07,1.1538766521363925e-07,1.1543915102718175e-07,1.1549055053095937e-07,1.1554186400248112e-07,1.1559309171793293e-07,1.1564423395218604e-07,1.1569529097880734e-07,1.1574626307006254e-07,1.1579715049693208e-07,1.1584795352911309e-07,1.1589867243502908e-07,1.1594930748183777e-07,1.1599985893544068e-07,1.16050327060489e-07,1.1610071212039122e-07,1.1615101437732421e-07,1.1620123409223548e-07,1.1625137152485517e-07,1.1630142693370086e-07,1.1635140057608815e-07,1.1640129270813587e-07,1.1645110358477216e-07,1.1650083345974555e-07,1.1655048258562775e-07,1.1660005121382583e-07,1.1664953959458491e-07,1.1669894797699868e-07,1.1674827660901283e-07,1.1679752573743624e-07,1.1684669560794361e-07,1.1689578646508694e-07,1.1694479855229754e-07,1.1699373211189627e-07,1.1704258738510018e-07,1.1709136461202758e-07,1.1714006403170363e-07,1.1718868588207115e-07,1.1723723039999219e-07,1.172856978212595e-07,1.1733408838059731e-07,1.1738240231167472e-07,1.1743063984710233e-07,1.1747880121845003e-07,1.175268866562446e-07,1.1757489638997941e-07,1.1762283064811953e-07,1.1767068965810846e-07,1.1771847364637457e-07,1.1776618283833689e-07,1.1781381745840875e-07,1.17861377730007e-07,1.1790886387556126e-07,1.1795627611649846e-07,1.1800361467328368e-07,1.1805087976540215e-07,1.1809807161136773e-07,1.1814519042873252e-07,1.1819223643409053e-07,1.1823920984308389e-07,1.182861108704095e-07,1.1833293972982197e-07,1.1837969663413982e-07,1.1842638179525397e-07,1.1847299542412979e-07,1.1851953773081229e-07,1.1856600892443287e-07,1.1861240921321543e-07,1.1865873880447945e-07,1.1870499790464758e-07,1.1875118671924675e-07,1.187973054529173e-07,1.1884335430941845e-07,1.1888933349162862e-07,1.1893524320155491e-07,1.1898108364033725e-07,1.1902685500825112e-07,1.1907255750471422e-07,1.1911819132829266e-07,1.1916375667670321e-07,1.1920925374681902e-07,1.1925468273467466e-07,1.1930004383547014e-07,1.1934533724357853e-07,1.1939056315254623e-07,1.1943572175509976e-07,1.1948081324315102e-07,1.195258378077996e-07,1.1957079563934185e-07,1.1961568692727013e-07,1.1966051186027983e-07,1.197052706262736e-07,1.1974996341236562e-07,1.197945904048863e-07,1.1983915178938599e-07,1.1988364775064222e-07,1.1992807847265855e-07,1.1997244413867246e-07,1.200167449311593e-07,1.200609810318354e-07,1.2010515262166387e-07,1.201492598808573e-07,1.201933029888795e-07,1.2023728212446168e-07,1.202811974655889e-07,1.2032504918951338e-07,1.2036883747276072e-07,1.2041256249112763e-07,1.204562244196926e-07,1.2049982343281212e-07,1.2054335970413423e-07,1.2058683340659138e-07,1.206302447124125e-07,1.2067359379312572e-07,1.2071688081955678e-07,1.207601059618407e-07,1.2080326938941736e-07,1.2084637127104288e-07,1.2088941177478818e-07,1.209323910680448e-07,1.2097530931752668e-07,1.2101816668927563e-07,1.210609633486649e-07,1.211036994604042e-07,1.211463751885362e-07,1.2118899069644953e-07,1.212315461468765e-07,1.212740417018969e-07,1.2131647752294468e-07,1.2135885377080797e-07,1.2140117060563284e-07,1.2144342818693e-07,1.2148562667357315e-07,1.215277662238071e-07,1.2156984699524698e-07,1.2161186914488556e-07,1.2165383282909262e-07,1.2169573820362154e-07,1.2173758542361087e-07,1.217793746435864e-07,1.2182110601746667e-07,1.2186277969856517e-07,1.2190439583959402e-07,1.2194595459266423e-07,1.219874561092942e-07,1.2202890054040762e-07,1.2207028803633996e-07,1.2211161874683945e-07,1.2215289282107038e-07,1.221941104076185e-07,1.222352716544909e-07,1.2227637670911956e-07,1.223174257183675e-07,1.2235841882852565e-07,1.223993561853223e-07,1.224402379339211e-07,1.2248106421892696e-07,1.2252183518438745e-07,1.2256255097379658e-07,1.2260321173009603e-07,1.2264381759567912e-07,1.2268436871239328e-07,1.227248652215443e-07,1.2276530726389764e-07,1.2280569497967965e-07,1.2284602850858427e-07,1.2288630798977e-07,1.229265335618685e-07,1.2296670536298425e-07,1.2300682353069944e-07,1.230468882020714e-07,1.230868995136428e-07,1.2312685760143508e-07,1.231667626009593e-07,1.232066146472162e-07,1.2324641387469594e-07,1.2328616041738436e-07,1.2332585440876362e-07,1.2336549598181404e-07,1.2340508526901986e-07,1.2344462240236573e-07,1.2348410751334563e-07,1.235235407329609e-07,1.2356292219172576e-07,1.236022520196682e-07,1.236415303463314e-07,1.2368075730077806e-07,1.237199330115907e-07,1.23759057606876e-07,1.2379813121426713e-07,1.238371539609235e-07,1.238761259735365e-07,1.2391504737832938e-07,1.2395391830106033e-07,1.2399273886702398e-07,1.2403150920105706e-07,1.240702294275336e-07,1.241088996703755e-07,1.2414752005304881e-07,1.2418609069856817e-07,1.2422461172949962e-07,1.2426308326796156e-07,1.2430150543562688e-07,1.2433987835372506e-07,1.2437820214304628e-07,1.2441647692394e-07,1.2445470281632135e-07,1.2449287993966957e-07,1.2453100841303073e-07,1.245690883550216e-07,1.2460711988383114e-07,1.246451031172208e-07,1.2468303817252903e-07,1.2472092516667042e-07,1.2475876421614195e-07,1.2479655543702133e-07,1.2483429894496847e-07,1.248719948552318e-07,1.2490964328264412e-07,1.2494724434163218e-07,1.24984798146211e-07,1.2502230480999075e-07,1.250597644461777e-07,1.2509717716757375e-07,1.2513454308658098e-07,1.2517186231520378e-07,1.252091349650472e-07,1.2524636114732361e-07,1.2528354097285085e-07,1.2532067455205684e-07,1.253577619949779e-07,1.2539480341126257e-07,1.2543179891017678e-07,1.254687486005999e-07,1.255056525910297e-07,1.255425109895832e-07,1.2557932390399752e-07,1.2561609144163378e-07,1.25652813709479e-07,1.256894908141452e-07,1.257261228618726e-07,1.2576270995853214e-07,1.2579925220962643e-07,1.2583574972029102e-07,1.2587220259529568e-07,1.2590861093904958e-07,1.2594497485559742e-07,1.259812944486255e-07,1.260175698214608e-07,1.2605380107707414e-07,1.2608998831808212e-07,1.261261316467473e-07,1.261622311649804e-07,1.2619828697434076e-07,1.2623429917604033e-07,1.2627026787094632e-07,1.2630619315957559e-07,1.2634207514210575e-07,1.2637791391836858e-07,1.2641370958785684e-07,1.2644946224972408e-07,1.264851720027866e-07,1.265208389455233e-07,1.2655646317607922e-07,1.265920447922663e-07,1.2662758389156436e-07,1.2666308057112422e-07,1.2669853492776542e-07,1.2673394705798438e-07,1.2676931705794727e-07,1.268046450235003e-07,1.268399310501643e-07,1.2687517523313807e-07,1.2691037766730193e-07,1.269455384472185e-07,1.2698065766713097e-07,1.270157354209693e-07,1.2705077180234763e-07,1.2708576690456634e-07,1.2712072082061627e-07,1.271556336431775e-07,1.2719050546462155e-07,1.2722533637701217e-07,1.2726011401390196e-07,1.272948525612761e-07,1.2732955260955054e-07,1.2736421389366233e-07,1.2739883613458118e-07,1.2743341911594291e-07,1.274679626744031e-07,1.275024667097703e-07,1.2753693116310162e-07,1.2757135600884863e-07,1.2760574124711715e-07,1.276400869002215e-07,1.276743930049973e-07,1.277086596076228e-07,1.2774288676686058e-07,1.2777707454640936e-07,1.2781122301499602e-07,1.278453322451506e-07,1.2787940231222355e-07,1.279134332936861e-07,1.2794742526855784e-07,1.2798137831835755e-07,1.2801529252278566e-07,1.2804916796368586e-07,1.280830047234029e-07,1.281168028833099e-07,1.2815056252576518e-07,1.2818428373550195e-07,1.2821796658832926e-07,1.282516111704405e-07,1.282852175639555e-07,1.2831878585085647e-07,1.2835231611296713e-07,1.283858084319284e-07,1.284192628891977e-07,1.2845267956602468e-07,1.2848605854345076e-07,1.285193999023069e-07,1.2855270372319854e-07,1.2858597008650883e-07,1.2861919907234982e-07,1.2865239076073426e-07,1.286855452313229e-07,1.2871866256542866e-07,1.2875174282821405e-07,1.287847861212622e-07,1.2881779251290004e-07,1.288507620837655e-07,1.2888369491018725e-07,1.2891659107030584e-07,1.289494506417842e-07,1.289822737023661e-07,1.2901506032936445e-07,1.290478105999743e-07,1.2908052458869545e-07,1.2911320237452154e-07,1.2914584403154184e-07,1.2917844964252394e-07,1.2921101927724478e-07,1.2924355301540569e-07,1.2927605092992602e-07,1.2930851309640505e-07,1.2934093958737898e-07,1.2937333048079264e-07,1.2940568585092325e-07,1.2943800577214053e-07,1.294702903210086e-07,1.2950253955693357e-07,1.2953475357671303e-07,1.2956693244200604e-07,1.2959907622635818e-07,1.2963118500330855e-07,1.2966325884954363e-07,1.2969529783120036e-07,1.297273020230812e-07,1.2975927149913785e-07,1.2979120632749182e-07,1.2982310658194626e-07,1.2985497233454286e-07,1.2988680365532372e-07,1.2991860061537348e-07,1.2995036328770087e-07,1.2998209174138135e-07,1.3001378604665794e-07,1.3004544627506717e-07,1.300770724946902e-07,1.301086647769332e-07,1.3014022319119536e-07,1.3017174780749307e-07,1.3020323869347094e-07,1.3023469591818624e-07,1.302661195472492e-07,1.3029750965230914e-07,1.3032886630168361e-07,1.3036018956449506e-07,1.3039147950690518e-07,1.3042273619283986e-07,1.3045395969738324e-07,1.304851500820563e-07,1.305163074202677e-07,1.305474317796045e-07,1.3057852321763727e-07,1.3060958180313183e-07,1.306406076055032e-07,1.306716006901351e-07,1.3070256112629507e-07,1.3073348897623568e-07,1.3076438430563912e-07,1.3079524718438777e-07,1.308260776676992e-07,1.3085687581848565e-07,1.3088764171909526e-07,1.3091837542391322e-07,1.30949076997437e-07,1.3097974650325894e-07,1.3101038400551627e-07,1.3104098956671277e-07,1.3107156325520097e-07,1.3110210512888804e-07,1.311326152518998e-07,1.3116309368747882e-07,1.3119354050083648e-07,1.3122395575337694e-07,1.3125433950762995e-07,1.3128469182588583e-07,1.3131501277127366e-07,1.3134530240269542e-07,1.3137556078382744e-07,1.314057879775247e-07,1.3143598404404802e-07,1.3146614904594056e-07,1.3149628304311058e-07,1.3152638610634078e-07,1.3155645828372587e-07,1.3158649963059124e-07,1.3161651021906586e-07,1.3164649010058065e-07,1.3167643933980148e-07,1.3170635799635334e-07,1.3173624613025403e-07,1.3176610380018897e-07,1.3179593106584412e-07,1.3182572798592467e-07,1.3185549461993924e-07,1.3188523102845598e-07,1.3191493726829913e-07,1.3194461339791462e-07,1.319742594756011e-07,1.3200387555948667e-07,1.32033461707492e-07,1.320630179773927e-07,1.3209254442684005e-07,1.3212204110990013e-07,1.3215150809060936e-07,1.3218094541935516e-07,1.3221035316579566e-07,1.322397313774272e-07,1.3226908011085436e-07,1.3229839942249975e-07,1.3232768936883957e-07,1.323569499983484e-07,1.3238618138210268e-07,1.324153835684981e-07,1.3244455660524315e-07,1.3247370055645723e-07,1.325028154768718e-07,1.32531901421661e-07,1.3256095844588862e-07,1.325899866045091e-07,1.3261898595222293e-07,1.3264795654361056e-07,1.3267689843314395e-07,1.327058116751447e-07,1.327346963237641e-07,1.3276355243295089e-07,1.3279238005656456e-07,1.3282117924829472e-07,1.3284995006171387e-07,1.328786925609483e-07,1.3290740678830326e-07,1.3293609279705547e-07,1.3296475063023748e-07,1.3299338035045237e-07,1.3302198201037785e-07,1.33050555662553e-07,1.3307910135933977e-07,1.3310761915290318e-07,1.3313610909537827e-07,1.33164571238707e-07,1.3319300563464112e-07,1.332214123348792e-07,1.3324979139089352e-07,1.3327814286477228e-07,1.333064667968633e-07,1.333347632383859e-07,1.333630322400735e-07,1.3339127385267476e-07,1.3341948812712798e-07,1.3344767510328064e-07,1.3347583484207026e-07,1.3350396739467605e-07,1.3353207280999786e-07,1.3356015113750085e-07,1.335882024292008e-07,1.336162267334832e-07,1.336442241013416e-07,1.3367219458078984e-07,1.337001382301575e-07,1.3372805508951463e-07,1.3375594520781758e-07,1.3378380863378896e-07,1.338116454165426e-07,1.3383945560455817e-07,1.3386723924628892e-07,1.3389499639017295e-07,1.339227270843318e-07,1.339504313770093e-07,1.3397810931607578e-07,1.340057609495703e-07,1.3403338632489089e-07,1.3406098549009763e-07,1.34088558492393e-07,1.341161053788596e-07,1.341436261970574e-07,1.341711209940666e-07,1.341985898167352e-07,1.3422603271187956e-07,1.3425344972636198e-07,1.3428084090670352e-07,1.3430820629915125e-07,1.343355459503407e-07,1.3436285990644976e-07,1.3439014821335665e-07,1.344174109172615e-07,1.3444464806398204e-07,1.3447185969292733e-07,1.3449904585700485e-07,1.3452620660373618e-07,1.3455334197104995e-07,1.345804520290665e-07,1.3460753678125205e-07,1.3463459629411338e-07,1.3466163060031504e-07,1.3468863976178097e-07,1.347156238323884e-07,1.3474258283148933e-07,1.3476951681484538e-07,1.3479642582523412e-07,1.3482330990902808e-07,1.34850169109388e-07,1.3487700346971466e-07,1.34903813034128e-07,1.3493059784619584e-07,1.349573579521919e-07,1.3498409339308068e-07,1.3501080420824746e-07,1.3503749044883879e-07,1.3506415214196433e-07,1.3509078934778604e-07,1.3511740210412058e-07,1.351439904535465e-07,1.3517055443926688e-07,1.35197094103271e-07,1.3522360948817394e-07,1.352501006365777e-07,1.3527656759070846e-07,1.3530301039317844e-07,1.3532942908549432e-07,1.3535582370775715e-07,1.3538219430538124e-07,1.354085409169908e-07,1.3543486358486537e-07,1.3546116235580874e-07,1.3548743726697922e-07,1.355136883597079e-07,1.3553991567186952e-07,1.3556611924564908e-07,1.3559229912602091e-07,1.356184553537508e-07,1.3564458796686935e-07,1.356706970085468e-07,1.3569678252313563e-07,1.357228445456657e-07,1.3574888311700376e-07,1.3577489827539242e-07,1.3580089006194544e-07,1.3582685852170335e-07,1.3585280368872526e-07,1.358787256051319e-07,1.3590462431669793e-07,1.3593049984910917e-07,1.3595635224926394e-07,1.3598218155660875e-07,1.3600798781049193e-07,1.3603377105284107e-07,1.360595313215814e-07,1.3608526865349125e-07,1.3611098308437656e-07,1.36136674657124e-07,1.3616234341054236e-07,1.361879893853323e-07,1.3621361261434254e-07,1.3623921314062024e-07,1.3626479100265274e-07,1.3629034623854681e-07,1.363158788862984e-07,1.3634138898237396e-07,1.3636687656620653e-07,1.3639234167513758e-07,1.3641778434704214e-07,1.3644320461986755e-07,1.3646860253118745e-07,1.364939781181818e-07,1.3651933141806356e-07,1.3654466246722576e-07,1.3656997130525719e-07,1.3659525796936776e-07,1.3662052249475248e-07,1.366457649226711e-07,1.3667098528274875e-07,1.3669618362407918e-07,1.3672135996831565e-07,1.3674651435701495e-07,1.3677164682746518e-07,1.367967574169529e-07,1.368218461619612e-07,1.3684691309835962e-07,1.3687195826062395e-07,1.368969816915779e-07,1.3692198341952642e-07,1.3694696348334425e-07,1.3697192192017066e-07,1.3699685876344502e-07,1.3702177404907134e-07,1.3704666781151061e-07,1.3707154008776955e-07,1.3709639091320198e-07,1.371212203231321e-07,1.3714602835361804e-07,1.3717081503838525e-07,1.3719558041297392e-07,1.37220324512508e-07,1.3724504737176728e-07,1.372697490252892e-07,1.3729442950796463e-07,1.3731908885313898e-07,1.3734372709619195e-07,1.3736834427177443e-07,1.3739294040956538e-07,1.374175155556646e-07,1.374420697362539e-07,1.3746660298670972e-07,1.374911153434085e-07,1.3751560683378172e-07,1.3754007749582925e-07,1.3756452736381683e-07,1.375889564706482e-07,1.3761336484929736e-07,1.3763775253559977e-07,1.3766211956061602e-07,1.3768646595762781e-07,1.3771079175771758e-07,1.3773509699852398e-07,1.377593817166218e-07,1.3778364594033666e-07,1.3780788970263816e-07,1.378321130364394e-07,1.378563159746091e-07,1.3788049854979042e-07,1.379046607947409e-07,1.3792880274203028e-07,1.3795292442373687e-07,1.3797702587309742e-07,1.3800110711932437e-07,1.3802516818934688e-07,1.3804920913260307e-07,1.3807322997319676e-07,1.38097230732651e-07,1.3812121146206113e-07,1.3814517217388711e-07,1.3816911291892882e-07,1.3819303371069266e-07,1.3821693459871846e-07,1.3824081559913106e-07,1.3826467675701216e-07,1.382885180984421e-07,1.3831233965363257e-07,1.3833614145336757e-07,1.3835992352910894e-07,1.3838368590720032e-07,1.3840742862843266e-07,1.384311517142032e-07,1.3845485520394394e-07,1.3847853912485626e-07,1.385022035077409e-07,1.3852584838846184e-07,1.3854947379256193e-07,1.3857307975031153e-07,1.3859666629282375e-07,1.386202334451033e-07,1.3864378124270007e-07,1.3866730971591094e-07,1.3869081890439495e-07,1.387143088194845e-07,1.387377795006828e-07,1.3876123097895771e-07,1.387846632834386e-07,1.38808076443772e-07,1.3883147048953088e-07,1.3885484545078138e-07,1.388782013559274e-07,1.3890153823638585e-07,1.3892485612430186e-07,1.3894815505398915e-07,1.3897143504011932e-07,1.389946961160469e-07,1.390179383131838e-07,1.390411616615847e-07,1.3906436619013503e-07,1.3908755192644276e-07,1.3911071890244104e-07,1.391338671457249e-07,1.3915699668601973e-07,1.391801075504698e-07,1.3920319977073139e-07,1.3922627337114487e-07,1.3924932838599218e-07,1.392723648380213e-07,1.3929538275778036e-07,1.3931838218176127e-07,1.393413631174624e-07,1.393643256106129e-07,1.3938726968547467e-07,1.3941019537081085e-07,1.394331027074758e-07,1.394559916868081e-07,1.394788623672083e-07,1.395017147719494e-07,1.3952454892416406e-07,1.3954736485328913e-07,1.3957016258828765e-07,1.395929421508172e-07,1.3961570357707776e-07,1.396384468928438e-07,1.396611721224895e-07,1.3968387929151852e-07,1.3970656843051648e-07,1.3972923958109447e-07,1.3975189274865528e-07,1.3977452796406802e-07,1.397971452597767e-07,1.3981974466161017e-07,1.3984232619623147e-07,1.3986488989578455e-07,1.3988743577942715e-07,1.399099638726735e-07,1.3993247420692958e-07,1.3995496680820395e-07,1.3997744170225897e-07,1.3999989891616093e-07,1.4002233847746966e-07,1.400447604123753e-07,1.4006716474928745e-07,1.4008955151277672e-07,1.4011192072447626e-07,1.401342724144182e-07,1.401566066066e-07,1.401789233312506e-07,1.4020122261182498e-07,1.4022350446834146e-07,1.4024576894033617e-07,1.402680160470429e-07,1.402902458133565e-07,1.403124582645396e-07,1.4033465342816447e-07,1.4035683133141026e-07,1.4037899199320715e-07,1.4040113544441137e-07,1.4042326172148208e-07,1.4044537082653944e-07,1.4046746279629807e-07,1.4048953765158446e-07,1.4051159542527274e-07,1.40533636142919e-07,1.4055565981535758e-07,1.4057766648523747e-07,1.405996561742939e-07,1.4062162890277563e-07,1.406435846952717e-07,1.4066552357894534e-07,1.406874455753709e-07,1.4070935071484458e-07,1.4073123901905733e-07,1.407531105118395e-07,1.4077496522813315e-07,1.4079680317385646e-07,1.408186243834681e-07,1.4084042888085976e-07,1.4086221667716946e-07,1.408839878224563e-07,1.4090574232337433e-07,1.4092748020889997e-07,1.409492015034971e-07,1.4097090623685815e-07,1.4099259442707029e-07,1.410142660985055e-07,1.410359212742168e-07,1.410575599839364e-07,1.4107918224252286e-07,1.411007880748472e-07,1.4112237750880102e-07,1.411439505670836e-07,1.411655072753216e-07,1.4118704765722286e-07,1.4120857175003715e-07,1.4123007954419484e-07,1.4125157108291622e-07,1.4127304638442424e-07,1.4129450547461376e-07,1.4131594837716973e-07,1.4133737511476314e-07,1.4135878571136752e-07,1.4138018018783792e-07,1.4140155857100105e-07,1.4142292088363547e-07,1.414442671449876e-07,1.4146559738454014e-07,1.4148691160983426e-07,1.4150820986405885e-07,1.4152949216372327e-07,1.4155075852573608e-07,1.415720089748376e-07,1.4159324353962357e-07,1.4161446223331914e-07,1.4163566508299683e-07,1.4165685211428695e-07,1.4167802334875751e-07,1.4169917880384455e-07,1.4172031850764513e-07,1.4174144247763663e-07,1.4176255073795327e-07,1.417836433116129e-07,1.4180472022047188e-07,1.4182578148666208e-07,1.4184682713224722e-07,1.418678571798713e-07,1.4188887164999634e-07,1.4190987055555786e-07,1.4193085393944024e-07,1.41951821812525e-07,1.4197277419677629e-07,1.4199371111490233e-07,1.420146325872141e-07,1.4203553863540055e-07,1.4205642928740167e-07,1.4207730455476306e-07,1.4209816446264693e-07,1.4211900903495407e-07,1.421398382889932e-07,1.4216065224401757e-07,1.4218145093002586e-07,1.4220223436741758e-07,1.4222300257464584e-07,1.4224375557358067e-07,1.4226449338489452e-07,1.4228521602630805e-07,1.423059235180616e-07,1.4232661589301086e-07,1.4234729316585752e-07,1.4236795535618166e-07,1.4238860248438726e-07,1.4240923457210878e-07,1.424298516408673e-07,1.4245045370936504e-07,1.4247104080126285e-07,1.4249161293559792e-07,1.4251217013435187e-07,1.425327124159308e-07,1.4255323980285887e-07,1.4257375231527767e-07,1.4259424997482975e-07,1.4261473280121957e-07,1.4263520081563433e-07,1.4265565403617706e-07,1.426760924836606e-07,1.4269651618049585e-07,1.4271692514510822e-07,1.4273731939743597e-07,1.4275769895963981e-07,1.427780638561839e-07,1.4279841409752163e-07,1.428187497086698e-07,1.4283907070847203e-07,1.4285937711623006e-07,1.428796689537009e-07,1.4289994623990925e-07,1.4292020899495727e-07,1.4294045723874068e-07,1.4296069099103968e-07,1.4298091027185948e-07,1.4300111510444948e-07,1.4302130550510058e-07,1.4304148149537233e-07,1.4306164308889673e-07,1.4308179030543647e-07,1.431019231684096e-07,1.4312204170023025e-07,1.431421459130901e-07,1.431622358304115e-07,1.4318231148098973e-07,1.4320237287337119e-07,1.4322242002239523e-07,1.43242452952882e-07,1.4326247168194526e-07,1.432824762317365e-07,1.433024666221978e-07,1.433224428673317e-07,1.4334240499075143e-07,1.4336235301003106e-07,1.4338228694619082e-07,1.4340220681660314e-07,1.4342211264014892e-07,1.4344200443573946e-07,1.434618822221037e-07,1.4348174601811046e-07,1.4350159584250402e-07,1.4352143171490328e-07,1.4354125365307394e-07,1.4356106167566228e-07,1.4358085580127045e-07,1.4360063604847394e-07,1.4362040243580932e-07,1.436401549806578e-07,1.4365989370370622e-07,1.436796186222676e-07,1.4369932975375379e-07,1.4371902711737908e-07,1.4373871073155644e-07,1.4375838061464243e-07,1.4377803678486851e-07,1.4379767926076918e-07,1.4381730805969666e-07,1.4383692320039747e-07,1.438565247014955e-07,1.438761125796887e-07,1.4389568685439348e-07,1.4391524754252116e-07,1.4393479466238497e-07,1.4395432823156578e-07,1.439738482691597e-07,1.4399335479466429e-07,1.440128478211212e-07,1.4403232737058496e-07,1.4405179345826999e-07,1.4407124610136013e-07,1.4409068532093656e-07,1.4411011112938136e-07,1.4412952354725504e-07,1.441489225929821e-07,1.4416830828237977e-07,1.441876806345004e-07,1.4420703966805586e-07,1.4422638539623418e-07,1.442457178410888e-07,1.442650370155764e-07,1.442843429445231e-07,1.4430363563717984e-07,1.4432291511493633e-07,1.443421813925741e-07,1.4436143448809044e-07,1.4438067441550776e-07,1.4439990120001e-07,1.4441911485223818e-07,1.4443831539160998e-07,1.4445750283653326e-07,1.4447667719715737e-07,1.444958385001395e-07,1.445149867532565e-07,1.445341219778159e-07,1.4455324419428204e-07,1.4457235341443328e-07,1.445914496549258e-07,1.4461053293831572e-07,1.4462960327679973e-07,1.4464866068437498e-07,1.4466770518264812e-07,1.446867367877113e-07,1.447057555123618e-07,1.4472476137725873e-07,1.447437543964287e-07,1.4476273459038053e-07,1.4478170197063658e-07,1.4480065655548637e-07,1.4481959836266096e-07,1.4483852740818406e-07,1.4485744370924885e-07,1.448763472790982e-07,1.448952381380207e-07,1.4491411630366506e-07,1.4493298178310073e-07,1.4495183459855876e-07,1.4497067476535162e-07,1.4498950230262952e-07,1.4500831722389377e-07,1.4502711954320154e-07,1.4504590927857535e-07,1.450646864495506e-07,1.4508345106781888e-07,1.4510220314871386e-07,1.451209427093551e-07,1.4513966976643936e-07,1.4515838433904736e-07,1.451770864357646e-07,1.4519577607637511e-07,1.4521445327657102e-07,1.4523311805189834e-07,1.45251770420858e-07,1.4527041039402362e-07,1.452890379931088e-07,1.4530765323031427e-07,1.4532625612152727e-07,1.4534484667809136e-07,1.4536342491954284e-07,1.4538199086135552e-07,1.454005445191426e-07,1.4541908590825665e-07,1.4543761504425513e-07,1.4545613194249642e-07,1.454746366295801e-07,1.4549312911085992e-07,1.4551160938979185e-07,1.4553007749231974e-07,1.4554853343171303e-07,1.4556697722987833e-07,1.455854088951697e-07,1.4560382845324407e-07,1.4562223589944455e-07,1.4564063126043874e-07,1.4565901455633883e-07,1.456773857974359e-07,1.4569574499470277e-07,1.4571409217026193e-07,1.4573242733506555e-07,1.4575075050522142e-07,1.4576906169505369e-07,1.457873609206926e-07,1.4580564819063193e-07,1.458239235295362e-07,1.4584218694797585e-07,1.458604384580675e-07,1.4587867806981214e-07,1.4589690581115128e-07,1.4591512169506582e-07,1.459333257195492e-07,1.4595151792305474e-07,1.459696983131062e-07,1.4598786689715918e-07,1.4600602369229387e-07,1.4602416871690514e-07,1.4604230197923082e-07,1.4606042350013902e-07,1.4607853329100205e-07,1.4609663136288638e-07,1.461147177379842e-07,1.4613279242236333e-07,1.4615085543762844e-07,1.4616890679501765e-07,1.4618694650410703e-07,1.4620497458401655e-07,1.4622299105022958e-07,1.4624099591410898e-07,1.4625898918535307e-07,1.4627697089201127e-07,1.4629494103743102e-07,1.4631289963778947e-07,1.4633084671201302e-07,1.4634878226825678e-07,1.4636670632177246e-07,1.4638461888897216e-07,1.464025199803703e-07,1.4642040961181286e-07,1.4643828779734378e-07,1.4645615455087357e-07,1.4647400988627333e-07,1.464918538174748e-07,1.46509686358728e-07,1.465275075234584e-07,1.465453173254065e-07,1.4656311577448e-07,1.465809028924436e-07,1.4659867868899547e-07,1.4661644317800486e-07,1.4663419637305934e-07,1.4665193828353903e-07,1.4666966892186809e-07,1.4668738831693622e-07,1.4670509647258096e-07,1.467227934023691e-07,1.467404791198371e-07,1.467581536385316e-07,1.4677581697191767e-07,1.4679346913349103e-07,1.4681111013669363e-07,1.4682873999496035e-07,1.4684635872169186e-07,1.4686396633032122e-07,1.46881562834167e-07,1.4689914824647645e-07,1.46916722580824e-07,1.4693428585014078e-07,1.4695183806798795e-07,1.4696937924739947e-07,1.4698690940167462e-07,1.470044285433821e-07,1.4702193669000028e-07,1.4703943384617454e-07,1.4705692002983787e-07,1.4707439525953986e-07,1.4709185953469034e-07,1.4710931287967415e-07,1.471267553051118e-07,1.4714418682259139e-07,1.4716160744650355e-07,1.471790171989236e-07,1.471964160834389e-07,1.4721380410143925e-07,1.472311812876964e-07,1.472485476411567e-07,1.4726590318498028e-07,1.4728324790958364e-07,1.4730058185378093e-07,1.4731790500870903e-07,1.4733521740746463e-07,1.4735251904319e-07,1.47369809949111e-07,1.4738709011636314e-07,1.4740435957618688e-07,1.4742161832641555e-07,1.4743886638874346e-07,1.474561037742165e-07,1.4747333049511987e-07,1.4749054656295316e-07,1.4750775199161252e-07,1.4752494679414117e-07,1.47542130981229e-07,1.4755930456775302e-07,1.475764675659946e-07,1.4759361998601905e-07,1.4761076183874538e-07,1.4762789314217608e-07,1.476450139056276e-07,1.4766212415644912e-07,1.4767922387612471e-07,1.4769631309462303e-07,1.4771339181660507e-07,1.477304600655277e-07,1.4774751785002816e-07,1.477645651899467e-07,1.4778160207294722e-07,1.4779862853335413e-07,1.4781564457365855e-07,1.4783265020687763e-07,1.4784964544747806e-07,1.478666303082045e-07,1.4788360479999466e-07,1.4790056893376387e-07,1.4791752273543008e-07,1.4793446620548943e-07,1.4795139935784743e-07,1.479683221991712e-07,1.4798523472768255e-07,1.480021369749436e-07,1.4801902894175126e-07,1.4803591065227644e-07,1.4805278212372005e-07,1.4806964335094598e-07,1.480864943482204e-07,1.4810333513215086e-07,1.4812016571397577e-07,1.4813698610355671e-07,1.4815379631510432e-07,1.481705963609014e-07,1.4818738625145436e-07,1.482041660117774e-07,1.4822093562686112e-07,1.48237695119595e-07,1.4825444450579267e-07,1.4827118379379888e-07,1.4828791299751892e-07,1.4830463212736357e-07,1.4832134119487201e-07,1.483380402111721e-07,1.4835472918856576e-07,1.4837140813813582e-07,1.4838807707135951e-07,1.484047359997109e-07,1.484213849345495e-07,1.4843802388732355e-07,1.484546528716432e-07,1.4847127189439054e-07,1.4848788096922522e-07,1.4850448010770748e-07,1.485210693206043e-07,1.485376486194884e-07,1.4855421801563095e-07,1.4857077752028776e-07,1.485873271446966e-07,1.4860386690007578e-07,1.4862039679762572e-07,1.4863691684852716e-07,1.4865342706394184e-07,1.4866992745501336e-07,1.4868641803286625e-07,1.4870289880860685e-07,1.4871936979332294e-07,1.48735830998084e-07,1.487522824339401e-07,1.4876872411192408e-07,1.487851560430397e-07,1.488015782383008e-07,1.4881799070867633e-07,1.488343934651104e-07,1.4885078651857205e-07,1.4886716987996994e-07,1.488835435602084e-07,1.4889990757017255e-07,1.489162619207312e-07,1.4893260662273505e-07,1.4894894168701544e-07,1.4896526712438578e-07,1.489815829456429e-07,1.4899788916156477e-07,1.4901418578291223e-07,1.4903047282042883e-07,1.49046750284838e-07,1.490630181868471e-07,1.4907927653714658e-07,1.4909552534640775e-07,1.4911176462528465e-07,1.4912799438441385e-07,1.4914421463441498e-07,1.4916042538588987e-07,1.4917662664942191e-07,1.4919281843557873e-07,1.4920900075490914e-07,1.4922517361794535e-07,1.49241337035416e-07,1.492574910178698e-07,1.492736355800791e-07,1.4928977072406875e-07,1.4930589647199706e-07,1.4932201281729445e-07,1.493381197794274e-07,1.4935421737849868e-07,1.4937030560589592e-07,1.4938638449092534e-07,1.4940245403429336e-07,1.4941851424635949e-07,1.494345651375882e-07,1.4945060671835994e-07,1.494666389986018e-07,1.4948266198890321e-07,1.4949867569918914e-07,1.495146801402341e-07,1.495306753217697e-07,1.4954666125403243e-07,1.4956263794736507e-07,1.4957860541186057e-07,1.4959456365767628e-07,1.496105126950161e-07,1.49626452533759e-07,1.4964238318403143e-07,1.4965830465624383e-07,1.4967421696025564e-07,1.4969012010586215e-07,1.49706014103262e-07,1.497218989626371e-07,1.4973777469406755e-07,1.4975364130763252e-07,1.497694988126367e-07,1.497853472191927e-07,1.4980118653759042e-07,1.4981701677737434e-07,1.4983283794856907e-07,1.4984865006103008e-07,1.498644531251626e-07,1.498802471504487e-07,1.4989603214664654e-07,1.499118081235899e-07,1.499275750910262e-07,1.4994333305873313e-07,1.499590820221638e-07,1.4997482202014497e-07,1.4999055304776456e-07,1.5000627510454662e-07,1.5002198822025173e-07,1.500376923950009e-07,1.5005338763795136e-07,1.5006907395931062e-07,1.5008475136830108e-07,1.5010041986719846e-07,1.5011607946528215e-07,1.5013173019521037e-07,1.501473720389405e-07,1.5016300502412534e-07,1.5017862914472023e-07,1.5019424442132714e-07,1.5020985086359478e-07,1.502254484783737e-07,1.5024103727516265e-07,1.502566172712975e-07,1.5027218846325744e-07,1.5028775087324583e-07,1.503033044981553e-07,1.5031884935370817e-07,1.503343854489481e-07,1.5034991280214022e-07,1.5036543140850322e-07,1.5038094128002263e-07,1.5039644243203888e-07,1.5041193487090655e-07,1.5042741860586764e-07,1.5044289365047133e-07,1.5045836000561235e-07,1.5047381768478998e-07,1.5048926670126033e-07,1.5050470705876366e-07,1.5052013876549348e-07,1.5053556183478862e-07,1.5055097627032154e-07,1.5056638208739382e-07,1.5058177928980347e-07,1.505971679002118e-07,1.5061254791430078e-07,1.506279193447893e-07,1.5064328220517737e-07,1.506586364977132e-07,1.5067398222965896e-07,1.5068931940783538e-07,1.507046480479801e-07,1.5071996816064287e-07,1.5073527975047727e-07,1.5075058283744148e-07,1.5076587742105724e-07,1.5078116350936833e-07,1.507964411106139e-07,1.508117102347355e-07,1.5082697089602107e-07,1.5084222309367857e-07,1.508574668460987e-07,1.5087270215865944e-07,1.508879290364613e-07,1.5090314749598537e-07,1.509183575419973e-07,1.5093355918356753e-07,1.509487524296804e-07,1.5096393728467683e-07,1.5097911376585853e-07,1.5099428187793752e-07,1.5100944162957538e-07,1.510245930310552e-07,1.5103973608815633e-07,1.5105487081101634e-07,1.5106999720861975e-07,1.5108511528936085e-07,1.5110022506212719e-07,1.5111532653554868e-07,1.5113041971914025e-07,1.5114550461980442e-07,1.5116058124728738e-07,1.5117564960855114e-07,1.511907097140786e-07,1.5120576157311315e-07,1.5122080519334057e-07,1.5123584059287652e-07,1.512508677637299e-07,1.5126588671862885e-07,1.512808974688452e-07,1.5129590002234382e-07,1.5131089438934784e-07,1.513258805762517e-07,1.513408585941291e-07,1.513558284452685e-07,1.513707901548295e-07,1.5138574371139886e-07,1.514006891313482e-07,1.51415626423254e-07,1.5143055560343435e-07,1.5144547666237036e-07,1.5146038961851467e-07,1.5147529447989126e-07,1.514901912542454e-07,1.5150507994916564e-07,1.515199605742639e-07,1.515348331378611e-07,1.515496976482639e-07,1.5156455411376586e-07,1.5157940254265117e-07,1.5159424294318893e-07,1.516090753236353e-07,1.516238996922324e-07,1.5163871605721866e-07,1.5165352442680686e-07,1.5166832480920532e-07,1.516831172124071e-07,1.5169790164632976e-07,1.5171267811785217e-07,1.5172744663634679e-07,1.5174220720748214e-07,1.5175695983143064e-07,1.5177170453481631e-07,1.5178644131495053e-07,1.5180117018154704e-07,1.5181589114211515e-07,1.5183060420462672e-07,1.5184530937813317e-07,1.5186000666996773e-07,1.5187469608667848e-07,1.5188937762271282e-07,1.519040513172057e-07,1.5191871715385046e-07,1.519333751572057e-07,1.5194802532695301e-07,1.5196266767105998e-07,1.5197730219748888e-07,1.5199192891417336e-07,1.5200654782903545e-07,1.5202115894776555e-07,1.5203576228050408e-07,1.5205035783514292e-07,1.5206494561954403e-07,1.5207952564380263e-07,1.520940979113505e-07,1.5210866242452417e-07,1.5212321919880627e-07,1.5213776824985504e-07,1.52152309568005e-07,1.5216684317149892e-07,1.5218136907807134e-07,1.5219588728181928e-07,1.5221039780093238e-07,1.5222490063305097e-07,1.5223939578561384e-07,1.5225388324168424e-07,1.5226836306337463e-07,1.522828352242256e-07,1.5229729974715747e-07,1.5231175661104913e-07,1.5232620585774565e-07,1.523406474817186e-07,1.5235508149046886e-07,1.5236950790235478e-07,1.5238392671456964e-07,1.523983379354949e-07,1.5241274157093728e-07,1.5242713763024554e-07,1.5244152612011969e-07,1.5245590704812098e-07,1.524702804207225e-07,1.5248464624658484e-07,1.5249900453338084e-07,1.525133552886056e-07,1.5252769851949914e-07,1.5254203423388047e-07,1.5255636243927446e-07,1.5257068314269833e-07,1.525849963541197e-07,1.525993020763784e-07,1.526136003191627e-07,1.5262789109034833e-07,1.5264217439672032e-07,1.52656450246739e-07,1.526707186464679e-07,1.5268497960416777e-07,1.5269923313366964e-07,1.527134792386348e-07,1.5272771791167686e-07,1.527419491730419e-07,1.5275617302817024e-07,1.5277038949516876e-07,1.527845985637512e-07,1.5279880024793235e-07,1.5281299455561093e-07,1.5282718149470357e-07,1.5284136107183715e-07,1.528555332946e-07,1.528696981702467e-07,1.5288385570618088e-07,1.5289800591061208e-07,1.529121487883299e-07,1.5292628434797702e-07,1.529404125977452e-07,1.5295453354236876e-07,1.529686471964207e-07,1.5298275355504409e-07,1.5299685263180714e-07,1.5301094443124187e-07,1.5302502896425644e-07,1.5303910623653462e-07,1.5305317625453064e-07,1.5306723902496351e-07,1.5308129455546462e-07,1.5309534286199846e-07,1.5310938393366865e-07,1.5312341779005274e-07,1.5313744442384406e-07,1.531514638620904e-07,1.5316547610903634e-07,1.5317948116394995e-07,1.5319347903479718e-07,1.532074697295364e-07,1.532214532550453e-07,1.532354296183293e-07,1.5324939882635146e-07,1.5326336088723114e-07,1.532773158069017e-07,1.5329126359218264e-07,1.5330520424900302e-07,1.5331913778283756e-07,1.533330642067667e-07,1.5334698352297148e-07,1.5336089572506881e-07,1.5337480084472584e-07,1.5338869888157946e-07,1.5340258983597578e-07,1.5341647371996707e-07,1.5343035054152414e-07,1.5344422030395008e-07,1.5345808300877559e-07,1.5347193867360719e-07,1.5348578729494314e-07,1.534996288878991e-07,1.5351346345984984e-07,1.5352729101485062e-07,1.5354111155737938e-07,1.535549250901948e-07,1.5356873163183734e-07,1.535825311758121e-07,1.5359632373418786e-07,1.5361010931673162e-07,1.5362388794213525e-07,1.5363765959695827e-07,1.536514242943563e-07,1.5366518204110446e-07,1.5367893283092333e-07,1.5369267669816734e-07,1.5370641363066074e-07,1.5372014364071414e-07,1.5373386673581854e-07,1.5374758292858173e-07,1.5376129221290078e-07,1.5377499459559933e-07,1.5378869008745056e-07,1.5380237869608925e-07,1.5381606042657607e-07,1.538297352873629e-07,1.5384340328481556e-07,1.5385706440943777e-07,1.5387071869442837e-07,1.5388436613539018e-07,1.5389800673935459e-07,1.5391164050819314e-07,1.5392526745350556e-07,1.5393888758158788e-07,1.539525008962056e-07,1.5396610740255337e-07,1.5397970711131363e-07,1.5399330002718817e-07,1.540068861566288e-07,1.5402046549589448e-07,1.5403403807135053e-07,1.5404760388001688e-07,1.5406116292801676e-07,1.5407471522158526e-07,1.5408826076730813e-07,1.5410179957160573e-07,1.5411533164199098e-07,1.541288569809491e-07,1.541423755982049e-07,1.5415588750272338e-07,1.5416939269331942e-07,1.541828911823269e-07,1.5419638297492113e-07,1.5420986807593883e-07,1.5422334648981724e-07,1.5423681822892856e-07,1.5425028329460088e-07,1.5426374169700343e-07,1.542771934386646e-07,1.5429063852839022e-07,1.5430407696047405e-07,1.5431750876186358e-07,1.5433093392903373e-07,1.543443524678545e-07,1.543577643896472e-07,1.5437116969138842e-07,1.543845683829771e-07,1.5439796047204833e-07,1.5441134596412056e-07,1.5442472486454762e-07,1.5443809718111007e-07,1.5445146291917535e-07,1.5446482208939222e-07,1.5447817469323292e-07,1.5449152072818685e-07,1.545048602136646e-07,1.5451819315310292e-07,1.5453151955362897e-07,1.545448394137597e-07,1.5455815274729198e-07,1.5457145955463237e-07,1.5458475984930636e-07,1.5459805362394993e-07,1.5461134089747436e-07,1.5462462167181912e-07,1.5463789595345578e-07,1.5465116374755095e-07,1.5466442506062527e-07,1.5467767989863793e-07,1.5469092826499743e-07,1.5470417016414944e-07,1.54717405613125e-07,1.5473063460569993e-07,1.5474385715890485e-07,1.5475707326421127e-07,1.5477028294630396e-07,1.5478348619969027e-07,1.5479668303185606e-07,1.548098734501971e-07,1.54823057457675e-07,1.5483623506172713e-07,1.5484940626826788e-07,1.5486257108316408e-07,1.5487572949351476e-07,1.5488888154278639e-07,1.5490202721811788e-07,1.5491516652533042e-07,1.549282994529826e-07,1.5494142604164903e-07,1.549545462811604e-07,1.5496766017461491e-07,1.5498076771778586e-07,1.5499386894049251e-07,1.550069638348661e-07,1.550200524078581e-07,1.55033134666557e-07,1.5504621061575014e-07,1.550592802465249e-07,1.5507234359282833e-07,1.5508540064732485e-07,1.5509845141549113e-07,1.551114959016665e-07,1.5512453411169372e-07,1.551375660536999e-07,1.5515059173282324e-07,1.5516361114285625e-07,1.5517662430977525e-07,1.551896312320467e-07,1.552026319092438e-07,1.5521562634448224e-07,1.5522861455611784e-07,1.552415965429962e-07,1.552545723108229e-07,1.5526754187078493e-07,1.552805052246405e-07,1.5529346236339026e-07,1.5530641331115956e-07,1.5531935807349368e-07,1.5533229664618446e-07,1.5534522904457366e-07,1.5535815527542704e-07,1.5537107533868443e-07,1.5538398922754515e-07,1.55396896973208e-07,1.554097985702265e-07,1.5542269402201727e-07,1.554355833280407e-07,1.5544846650131955e-07,1.5546134355019032e-07,1.554742144703531e-07,1.5548707927182192e-07,1.5549993796869927e-07,1.5551279055781239e-07,1.555256370454452e-07,1.5553847743888648e-07,1.5555131174135956e-07,1.5556413996618928e-07,1.555769621063324e-07,1.555897781717911e-07,1.55602588163289e-07,1.5561539209838754e-07,1.556281899671833e-07,1.556409817982555e-07,1.5565376757745442e-07,1.556665473178671e-07,1.556793210233608e-07,1.5569208869823643e-07,1.557048503475046e-07,1.5571760597998452e-07,1.557303556013921e-07,1.5574309921100645e-07,1.5575583682003366e-07,1.5576856843263345e-07,1.5578129403811068e-07,1.5579401366908638e-07,1.558067273181015e-07,1.5581943499208402e-07,1.5583213669661332e-07,1.5584483243392336e-07,1.5585752220702365e-07,1.5587020602974723e-07,1.55882883902916e-07,1.5589555583082133e-07,1.5590822181626938e-07,1.5592088187194707e-07,1.5593353599912712e-07,1.5594618420418745e-07,1.5595882649714826e-07,1.5597146287233564e-07,1.5598409334079851e-07,1.5599671790668455e-07,1.5600933657497817e-07,1.56021949352374e-07,1.5603455624583785e-07,1.5604715725735006e-07,1.560597523926696e-07,1.560723416573415e-07,1.5608492505436268e-07,1.560975025937575e-07,1.561100742777206e-07,1.561226401129495e-07,1.561352001102999e-07,1.5614775426059997e-07,1.561603025766781e-07,1.561728450634459e-07,1.5618538172642414e-07,1.5619791257130374e-07,1.5621043760172878e-07,1.5622295682074436e-07,1.5623547023893336e-07,1.5624797785920712e-07,1.5626047967996082e-07,1.562729757185734e-07,1.5628546597260436e-07,1.5629795044446e-07,1.5631042914954086e-07,1.56322902087472e-07,1.5633536926208194e-07,1.5634783067834965e-07,1.5636028633915558e-07,1.5637273625539556e-07,1.5638518043205835e-07,1.5639761886867097e-07,1.5641005157194662e-07,1.5642247854819979e-07,1.5643489980158589e-07,1.564473153387733e-07,1.564597251632389e-07,1.56472129280167e-07,1.5648452769399264e-07,1.5649692041088957e-07,1.5650930743451897e-07,1.5652168877094457e-07,1.5653406442530762e-07,1.5654643440064477e-07,1.565587987048671e-07,1.5657115734086262e-07,1.5658351031107533e-07,1.5659585762686917e-07,1.5660819928906823e-07,1.566205353027484e-07,1.5663286567303664e-07,1.5664519040602102e-07,1.5665750950715197e-07,1.5666982297855427e-07,1.566821308272467e-07,1.5669443305667452e-07,1.5670672967255477e-07,1.5671902067878932e-07,1.5673130608197315e-07,1.567435858865904e-07,1.56755860096684e-07,1.5676812871607928e-07,1.5678039175231737e-07,1.5679264920722425e-07,1.5680490108867296e-07,1.5681714739928148e-07,1.5682938814453602e-07,1.5684162332792857e-07,1.5685385295733133e-07,1.5686607703612075e-07,1.568782955701791e-07,1.5689050856110844e-07,1.5690271601540236e-07,1.5691491793721473e-07,1.569271143317029e-07,1.5693930520518579e-07,1.5695149056110746e-07,1.569636704033829e-07,1.569758447414506e-07,1.5698801357355457e-07,1.5700017691066372e-07,1.5701233474842436e-07,1.570244870987801e-07,1.570366339702112e-07,1.570487753563988e-07,1.5706091126792602e-07,1.570730417079655e-07,1.570851666847294e-07,1.57097286200418e-07,1.5710940025979049e-07,1.5712150886439629e-07,1.5713361203710894e-07,1.5714570975424253e-07,1.5715780203364852e-07,1.5716988888082894e-07,1.571819702987991e-07,1.5719404629376236e-07,1.5720611686878519e-07,1.5721818203085995e-07,1.5723024178185764e-07,1.5724229612742175e-07,1.572543450765367e-07,1.5726638862589091e-07,1.5727842678381385e-07,1.5729045955432115e-07,1.5730248694394098e-07,1.5731450895617343e-07,1.5732652559388382e-07,1.5733853686305115e-07,1.5735054277152832e-07,1.5736254332549236e-07,1.5737453851848261e-07,1.5738652835919418e-07,1.57398512852238e-07,1.5741049200872806e-07,1.5742246582535784e-07,1.5743443431010026e-07,1.5744639747674866e-07,1.5745835531017594e-07,1.5747030782567982e-07,1.5748225502917685e-07,1.574941969198589e-07,1.5750613351067515e-07,1.5751806479551623e-07,1.575299907842007e-07,1.5754191148435643e-07,1.5755382689461099e-07,1.57565737022829e-07,1.5757764187197294e-07,1.5758954144594718e-07,1.5760143575013886e-07,1.5761332479166477e-07,1.5762520856999663e-07,1.576370870910472e-07,1.576489603612451e-07,1.5766082838400377e-07,1.5767269116485085e-07,1.576845487061734e-07,1.576964010130087e-07,1.5770824809153414e-07,1.577200899430224e-07,1.577319265734509e-07,1.5774375798758028e-07,1.577555841904503e-07,1.5776740518779832e-07,1.5777922097980645e-07,1.5779103157196206e-07,1.578028369718142e-07,1.5781463717718147e-07,1.578264321978925e-07,1.5783822203640704e-07,1.5785000669893093e-07,1.578617861867793e-07,1.5787356050422378e-07,1.578853296565244e-07,1.578970936488721e-07,1.5790885248582129e-07,1.5792060617365264e-07,1.5793235471104467e-07,1.5794409810816543e-07,1.5795583636707663e-07,1.5796756948800768e-07,1.5797929747773064e-07,1.5799102034320853e-07,1.5800273808431024e-07,1.580144507099787e-07,1.5802615822003407e-07,1.5803786062229758e-07,1.5804955792190036e-07,1.5806125012282945e-07,1.5807293722428538e-07,1.5808461923363397e-07,1.5809629615588578e-07,1.5810796799446834e-07,1.5811963475157203e-07,1.581312964343628e-07,1.5814295304616978e-07,1.5815460459104609e-07,1.581662510742459e-07,1.581778924968484e-07,1.581895288658983e-07,1.5820116018408742e-07,1.5821278645684312e-07,1.582244076888793e-07,1.582360238809934e-07,1.582476350410089e-07,1.5825924117012306e-07,1.5827084227496914e-07,1.5828243835762198e-07,1.58294029423504e-07,1.5830561547985324e-07,1.583171965237404e-07,1.5832877256307022e-07,1.5834034360171227e-07,1.5835190964456558e-07,1.5836347069488236e-07,1.5837502676010455e-07,1.5838657783847985e-07,1.5839812393681837e-07,1.5840966506071326e-07,1.5842120121181322e-07,1.584327323933136e-07,1.584442586118342e-07,1.5845577987149342e-07,1.5846729617405614e-07,1.5847880752626733e-07,1.584903139297793e-07,1.585018153894557e-07,1.5851331190937725e-07,1.5852480349383122e-07,1.5853629014703203e-07,1.585477718730268e-07,1.585592486748356e-07,1.5857072055795258e-07,1.585821875270872e-07,1.5859364958362944e-07,1.5860510673217197e-07,1.586165589773872e-07,1.586280063241944e-07,1.5863944877453276e-07,1.5865088633338035e-07,1.586623190048934e-07,1.5867374679131717e-07,1.5868516970111633e-07,1.586965877338149e-07,1.5870800089533169e-07,1.5871940918879227e-07,1.5873081261878814e-07,1.587422111889558e-07,1.5875360490691718e-07,1.58764993769061e-07,1.5877637778475256e-07,1.5878775695699656e-07,1.587991312868752e-07,1.5881050078099158e-07,1.58821865440816e-07,1.588332252744458e-07,1.588445802831276e-07,1.5885593047080705e-07,1.5886727584033255e-07,1.5887861639947896e-07,1.5888995214870966e-07,1.5890128309399612e-07,1.589126092366367e-07,1.589239305829514e-07,1.5893524713497016e-07,1.5894655889734897e-07,1.5895786587375858e-07,1.5896916806856284e-07,1.5898046549089522e-07,1.5899175813557527e-07,1.5900304600224556e-07,1.59014329094981e-07,1.5902560743701997e-07,1.5903688102011525e-07,1.5904814984823456e-07,1.5905941392609046e-07,1.5907067325531231e-07,1.590819278415527e-07,1.5909317768720091e-07,1.591044228001491e-07,1.5911566317707957e-07,1.5912689882535485e-07,1.5913812974839493e-07,1.5914935594877217e-07,1.5916057743401278e-07,1.59171794205734e-07,1.5918300626771246e-07,1.5919421362402425e-07,1.592054162782247e-07,1.5921661423362078e-07,1.592278074943297e-07,1.592389960644873e-07,1.5925017994975836e-07,1.5926135914867357e-07,1.5927253366115572e-07,1.5928370350412997e-07,1.5929486867521332e-07,1.5930602917713943e-07,1.593171850147146e-07,1.5932833619353237e-07,1.593394827124845e-07,1.593506245766938e-07,1.5936176179129016e-07,1.5937289435996057e-07,1.5938402228567107e-07,1.593951455727533e-07,1.5940626422377496e-07,1.594173782440103e-07,1.5942848763550622e-07,1.594395924028926e-07,1.5945069254918515e-07,1.594617880784796e-07,1.594728789943933e-07,1.5948396530042846e-07,1.5949504699949212e-07,1.595061240965643e-07,1.59517196595124e-07,1.5952826449860814e-07,1.5953932780663753e-07,1.5955038652944524e-07,1.5956144066714476e-07,1.5957249022459825e-07,1.595835352039421e-07,1.595945756100921e-07,1.5960561144909684e-07,1.5961664271960033e-07,1.5962766942730662e-07,1.5963869157570874e-07,1.5964970916964575e-07,1.5966072221722977e-07,1.5967173070715655e-07,1.5968273465858779e-07,1.5969373407913177e-07,1.597047289479932e-07,1.5971571928165366e-07,1.597267050851475e-07,1.59737686361431e-07,1.597486631210132e-07,1.5975963535429953e-07,1.5977060307091627e-07,1.597815662743071e-07,1.5979252496719963e-07,1.598034791542562e-07,1.598144288400039e-07,1.5982537402537853e-07,1.5983631471746235e-07,1.5984725091574915e-07,1.5985818261936944e-07,1.5986910984645158e-07,1.5988003259434966e-07,1.5989095086192772e-07,1.599018646559145e-07,1.599127739813955e-07,1.599236788363125e-07,1.5993457922733318e-07,1.599454751576862e-07,1.5995636663093455e-07,1.599672536539387e-07,1.5997813622342815e-07,1.5998901434644327e-07,1.5999988802621852e-07,1.6001075726576753e-07,1.6002162207116997e-07,1.6003248244254897e-07,1.6004333838478452e-07,1.6005418990097035e-07,1.6006503699365226e-07,1.6007587966547175e-07,1.6008671792386432e-07,1.6009755177027286e-07,1.6010838120759983e-07,1.6011920624604972e-07,1.6013002687567013e-07,1.6014084310713311e-07,1.6015165494651287e-07,1.601624623997921e-07,1.601732654556887e-07,1.601840641173083e-07,1.6019485840878207e-07,1.602056483198867e-07,1.6021643385599574e-07,1.6022721502124929e-07,1.6023799181758828e-07,1.6024876424683804e-07,1.602595323169555e-07,1.6027029602787276e-07,1.602810553923339e-07,1.6029181039817308e-07,1.603025610543812e-07,1.603133073672859e-07,1.6032404933839683e-07,1.603347869720603e-07,1.6034552026512166e-07,1.6035624922272293e-07,1.6036697386147476e-07,1.6037769417587325e-07,1.603884101705928e-07,1.6039912184583148e-07,1.6040982919918017e-07,1.6042053223962192e-07,1.6043123097724981e-07,1.6044192541129865e-07,1.6045261554447976e-07,1.6046330137964348e-07,1.604739829215647e-07,1.604846601743855e-07,1.6049533313333532e-07,1.6050600180638034e-07,1.6051666619851862e-07,1.6052732631199205e-07,1.6053798214985886e-07,1.605486337151521e-07,1.6055928101092502e-07,1.6056992403214009e-07,1.6058056278581155e-07,1.6059119729616426e-07,1.6060182754990118e-07,1.6061245354749524e-07,1.6062307529589368e-07,1.6063369280103723e-07,1.6064430606318883e-07,1.6065491508743578e-07,1.6066551987260801e-07,1.6067612042438247e-07,1.6068671674626887e-07,1.6069730884099824e-07,1.6070789671217056e-07,1.6071848036448658e-07,1.6072905979954943e-07,1.6073963501857066e-07,1.6075020602659613e-07,1.6076077282681113e-07,1.6077133542238688e-07,1.607818938165095e-07,1.607924480252277e-07,1.6080299802600085e-07,1.6081354382392794e-07,1.6082408544108468e-07,1.6083462287064598e-07,1.6084515612368356e-07,1.6085568519708515e-07,1.6086621009440585e-07,1.608767308176873e-07,1.6088724737039642e-07,1.60897759756191e-07,1.6090826797936725e-07,1.6091877204213841e-07,1.6092927194717395e-07,1.6093976770112968e-07,1.6095025929726228e-07,1.6096074675440795e-07,1.6097123006175662e-07,1.6098170923644163e-07,1.609921842634462e-07,1.610026551511788e-07,1.6101312190650922e-07,1.6102358452868641e-07,1.6103404300968173e-07,1.610444973804303e-07,1.6105494764164024e-07,1.610653937851942e-07,1.6107583581637524e-07,1.610862737412669e-07,1.6109670754895633e-07,1.611071372557357e-07,1.611175628606761e-07,1.611279843673651e-07,1.6113840177774107e-07,1.6114881509327445e-07,1.6115922432188786e-07,1.6116962946494195e-07,1.611800305262674e-07,1.6119042750576522e-07,1.6120082040668818e-07,1.6121120923104448e-07,1.6122159398819058e-07,1.6123197467726683e-07,1.6124235129837973e-07,1.6125272387127092e-07,1.612630923743292e-07,1.6127345682132603e-07,1.612838172168215e-07,1.612941735615973e-07,1.6130452586789823e-07,1.6131487412245177e-07,1.6132521833325706e-07,1.6133555852541578e-07,1.61345894664945e-07,1.6135622678854705e-07,1.613665548671697e-07,1.6137687892060216e-07,1.6138719894939944e-07,1.6139751496053066e-07,1.614078269502148e-07,1.6141813492659905e-07,1.614284388921641e-07,1.6143873885093827e-07,1.6144903480390743e-07,1.6145932675615836e-07,1.614696147085653e-07,1.6147989866598467e-07,1.6149017862880754e-07,1.6150045460121807e-07,1.6151072658603198e-07,1.615209945696748e-07,1.6153125858493681e-07,1.6154151863106022e-07,1.615517746957377e-07,1.6156202678774156e-07,1.6157227491033355e-07,1.615825190664631e-07,1.6159275923781658e-07,1.6160299546772006e-07,1.6161322773940816e-07,1.6162345605429664e-07,1.6163368040794929e-07,1.6164390082238153e-07,1.6165411729088112e-07,1.616643298357034e-07,1.6167453841614953e-07,1.6168474306150494e-07,1.6169494377191883e-07,1.6170514055633975e-07,1.617153334052314e-07,1.6172552232441355e-07,1.6173570733174502e-07,1.6174588841209592e-07,1.617560655625526e-07,1.617662388068043e-07,1.6177640814029902e-07,1.6178657356457502e-07,1.6179673508306002e-07,1.6180689269904302e-07,1.618170464127442e-07,1.6182719622871963e-07,1.6183734214951896e-07,1.6184748417839116e-07,1.6185762231796703e-07,1.618677565690281e-07,1.6187788693657378e-07,1.61888013425049e-07,1.6189813603527027e-07,1.6190825477167202e-07,1.619183696349341e-07,1.6192848062871114e-07,1.6193858775570095e-07,1.6194869101879024e-07,1.6195879042073792e-07,1.61968885964443e-07,1.6197897765195347e-07,1.6198906548981015e-07,1.6199914947495044e-07,1.6200922961622768e-07,1.620193059105242e-07,1.6202937837038156e-07,1.6203944697973055e-07,1.62049511763747e-07,1.6205957270847243e-07,1.6206962982282977e-07,1.6207968310953215e-07,1.6208973256956848e-07,1.6209977820912705e-07,1.621098200221892e-07,1.6211985802587054e-07,1.6212989222135704e-07,1.6213992259231153e-07,1.6214994915982853e-07,1.621599719246132e-07,1.621699908871417e-07,1.6218000604915463e-07,1.6219001741426887e-07,1.6220002498394793e-07,1.622100287626947e-07,1.622200287512889e-07,1.6223002495383504e-07,1.6224001737233534e-07,1.6225000600999918e-07,1.6225999086920545e-07,1.622699719515156e-07,1.6227994926176955e-07,1.6228992279187677e-07,1.6229989256446805e-07,1.6230985857286854e-07,1.623198208228832e-07,1.6232977930857486e-07,1.6233973403807572e-07,1.6234968501495544e-07,1.6235963223867744e-07,1.6236957571538596e-07,1.6237951544613227e-07,1.6238945142467056e-07,1.6239938367343678e-07,1.6240931217999244e-07,1.6241923695400823e-07,1.6242915799238933e-07,1.6243907530272105e-07,1.6244898887479092e-07,1.6245889873816008e-07,1.624688048748091e-07,1.6247870729342098e-07,1.6248860599542914e-07,1.6249850098238774e-07,1.6250839225888848e-07,1.6251827982596682e-07,1.6252816368752642e-07,1.625380438470692e-07,1.6254792030406824e-07,1.6255779306292847e-07,1.6256766212682584e-07,1.625775274979699e-07,1.625873891784321e-07,1.6259724717179147e-07,1.6260710148012235e-07,1.626169521062274e-07,1.6262679905305929e-07,1.6263664232166224e-07,1.6264648191634908e-07,1.6265631783912042e-07,1.6266615009257599e-07,1.6267597868025644e-07,1.626858036029505e-07,1.6269562486676246e-07,1.6270544246967626e-07,1.6271525641558855e-07,1.6272506670838435e-07,1.6273487334914422e-07,1.6274467634273408e-07,1.6275447568920072e-07,1.627642713931092e-07,1.627740634559244e-07,1.6278385188053924e-07,1.62793636667743e-07,1.6280341782333716e-07,1.6281319534782324e-07,1.628229692451026e-07,1.628327395169785e-07,1.6284250616091228e-07,1.6285226918746073e-07,1.6286202859732717e-07,1.628717843924555e-07,1.6288153657509196e-07,1.6289128514616544e-07,1.629010301137345e-07,1.629107714733466e-07,1.6292050923068963e-07,1.629302433856842e-07,1.6293997394554572e-07,1.6294970090985173e-07,1.6295942428247021e-07,1.6296914406456424e-07,1.629788602592127e-07,1.62988572869141e-07,1.6299828189670773e-07,1.630079873441456e-07,1.6301768920290586e-07,1.6302738749976053e-07,1.630370822228573e-07,1.630467733763959e-07,1.6305646095995605e-07,1.6306614497871674e-07,1.6307582543817467e-07,1.6308550233790712e-07,1.6309517567915694e-07,1.6310484546380281e-07,1.6311451169588025e-07,1.6312417437801007e-07,1.6313383351418602e-07,1.6314348910390105e-07,1.6315314115449353e-07,1.6316278966303107e-07,1.631724346357896e-07,1.631820760709887e-07,1.6319171397206503e-07,1.6320134834401687e-07,1.6321097918905531e-07,1.6322060650752288e-07,1.6323023030341533e-07,1.632398505796435e-07,1.632494673380828e-07,1.6325908057845655e-07,1.6326869030699808e-07,1.632782965260512e-07,1.632878992367931e-07,1.6329749844037612e-07,1.6330709414151649e-07,1.6331668634114472e-07,1.633262750431881e-07,1.6333586024880232e-07,1.6334544196110904e-07,1.6335502018135432e-07,1.633645949132466e-07,1.6337416615874868e-07,1.6338373392022174e-07,1.6339329820085267e-07,1.6340285900078506e-07,1.634124163253881e-07,1.634219701744079e-07,1.6343152054993136e-07,1.6344106745740517e-07,1.6345061089733584e-07,1.6346015087281477e-07,1.63469687390342e-07,1.6347922044474723e-07,1.6348875003852844e-07,1.6349827618117653e-07,1.6350779886624884e-07,1.6351731810451967e-07,1.6352683388150902e-07,1.6353634622523064e-07,1.6354585512740996e-07,1.6355536058009972e-07,1.6356486260313084e-07,1.6357436118786631e-07,1.6358385633893883e-07,1.6359334805818168e-07,1.6360283635464452e-07,1.6361232121685168e-07,1.6362180265674835e-07,1.6363128067317422e-07,1.6364075526996066e-07,1.6365022644915564e-07,1.6365969422106954e-07,1.6366915857234776e-07,1.6367861951317037e-07,1.6368807704586458e-07,1.6369753117427836e-07,1.6370698189773084e-07,1.6371642922156993e-07,1.637258731457361e-07,1.637353136727671e-07,1.637447508056341e-07,1.6375418454665297e-07,1.6376361489811294e-07,1.6377304186237603e-07,1.637824654418015e-07,1.6379188563885845e-07,1.6380130245532696e-07,1.6381071589344494e-07,1.6382012595381055e-07,1.6382953264349586e-07,1.6383893596272935e-07,1.638483359127829e-07,1.6385773249848462e-07,1.638671257172127e-07,1.6387651557437076e-07,1.638859020702311e-07,1.6389528521176957e-07,1.6390466499070843e-07,1.639140414181553e-07,1.639234144996118e-07,1.639327842325715e-07,1.639421506203223e-07,1.6395151366547339e-07,1.6396087336650084e-07,1.6397022972972607e-07,1.6397958275715106e-07,1.6398893244860537e-07,1.6399827880742906e-07,1.6400762183621498e-07,1.6401696153759444e-07,1.640262979129406e-07,1.6403563096481413e-07,1.6404496068913158e-07,1.640542871009448e-07,1.64063610201417e-07,1.640729299833461e-07,1.6408224645220023e-07,1.6409155959387518e-07,1.6410086944374968e-07,1.6411017599045752e-07,1.641194792272115e-07,1.6412877916959965e-07,1.641380758119127e-07,1.6414736915771683e-07,1.641566592019897e-07,1.64165945964028e-07,1.6417522943410784e-07,1.6418450961733358e-07,1.6419378651583162e-07,1.642030601291425e-07,1.642123304639973e-07,1.6422159751803555e-07,1.6423086129469587e-07,1.6424012179711373e-07,1.6424937902667622e-07,1.6425863297882598e-07,1.642678836668367e-07,1.642771310926561e-07,1.642863752576058e-07,1.6429561617242614e-07,1.643048538179517e-07,1.6431408820288255e-07,1.6432331933297696e-07,1.6433254721048286e-07,1.6434177183773535e-07,1.6435099321666932e-07,1.6436021134808646e-07,1.6436942623694923e-07,1.643786378834675e-07,1.6438784629042526e-07,1.643970514645743e-07,1.6440625340307462e-07,1.6441545210852766e-07,1.6442464758276521e-07,1.6443383982808024e-07,1.6444302884689897e-07,1.6445221463971335e-07,1.6446139721158212e-07,1.6447057655932398e-07,1.6447975269041335e-07,1.6448892560739166e-07,1.644980953064198e-07,1.6450726179654557e-07,1.6451642507521035e-07,1.645255851528505e-07,1.6453474202059566e-07,1.6454389569156316e-07,1.645530461628326e-07,1.6456219343314163e-07,1.64571337504669e-07,1.645804783797956e-07,1.6458961606088314e-07,1.645987505506288e-07,1.6460788185431492e-07,1.646170099710102e-07,1.646261349037083e-07,1.6463525665433459e-07,1.6464437522399396e-07,1.6465349061600849e-07,1.6466260283346685e-07,1.6467171187800332e-07,1.6468081775073913e-07,1.6468992045414672e-07,1.6469901998995385e-07,1.6470811636272716e-07,1.6471720957083596e-07,1.6472629961817782e-07,1.6473538650299836e-07,1.647444702346938e-07,1.6475355081174736e-07,1.6476262822538888e-07,1.6477170249933415e-07,1.6478077362572417e-07,1.6478984160467185e-07,1.6479890643957944e-07,1.6480796813208517e-07,1.6481702667638863e-07,1.6482608209214843e-07,1.6483513437111308e-07,1.6484418351593848e-07,1.6485322953199634e-07,1.6486227241374594e-07,1.6487131216899998e-07,1.64880348797062e-07,1.6488938230269694e-07,1.6489841269156003e-07,1.6490743995389032e-07,1.6491646410090127e-07,1.6492548513230037e-07,1.6493450305524474e-07,1.6494351786007325e-07,1.6495252955789388e-07,1.649615381450162e-07,1.649705436294501e-07,1.6497954601161947e-07,1.649885452920181e-07,1.6499754147338788e-07,1.6500653455760742e-07,1.6501552454645078e-07,1.6502451144702887e-07,1.6503349525124748e-07,1.6504247596709516e-07,1.650514535936958e-07,1.6506042813740046e-07,1.6506939959799642e-07,1.65078367977706e-07,1.6508733327790663e-07,1.650962955010144e-07,1.6510525465348435e-07,1.6511421072927086e-07,1.6512316373870585e-07,1.651321136744654e-07,1.65141060543028e-07,1.6515000434638288e-07,1.6515894508704213e-07,1.65167882771511e-07,1.6517681738780193e-07,1.6518574895141363e-07,1.6519467746048307e-07,1.65203602916186e-07,1.6521252532081586e-07,1.6522144467662322e-07,1.6523036098452846e-07,1.652392742529675e-07,1.652481844731486e-07,1.652570916492032e-07,1.6526599578881285e-07,1.6527489689256504e-07,1.652837949573809e-07,1.6529268999132176e-07,1.6530158199786878e-07,1.6531047096997157e-07,1.6531935691572805e-07,1.6532823983598298e-07,1.6533711973271503e-07,1.6534599660784836e-07,1.6535487046364314e-07,1.6536374130161328e-07,1.6537260912316774e-07,1.6538147392828812e-07,1.6539033572108995e-07,1.653991945063714e-07,1.654080502851192e-07,1.6541690305677534e-07,1.6542575282482466e-07,1.654345995901784e-07,1.6544344335657085e-07,1.6545228412470846e-07,1.654611218965441e-07,1.6546995646138595e-07,1.6547878811688893e-07,1.6548761682893817e-07,1.6549644258561246e-07,1.655052653727116e-07,1.655140851861261e-07,1.6552290202402456e-07,1.6553171588595006e-07,1.655405267726017e-07,1.655493346798203e-07,1.6555813961908728e-07,1.655669415819093e-07,1.6557574057458772e-07,1.6558453659785483e-07,1.6559332965561236e-07,1.656021197483417e-07,1.6561090687804903e-07,1.656196910467578e-07,1.6562847225950154e-07,1.6563725051206876e-07,1.6564602580876454e-07,1.6565479815036557e-07,1.6566356753972152e-07,1.6567233399695065e-07,1.6568109748636803e-07,1.6568985802858216e-07,1.6569861562751286e-07,1.657073702834656e-07,1.6571612199739256e-07,1.6572487077208463e-07,1.657336166066051e-07,1.6574235950754151e-07,1.657510994748037e-07,1.6575983651258388e-07,1.6576857061785729e-07,1.657773017931733e-07,1.6578603004613725e-07,1.657947553743955e-07,1.6580347777892584e-07,1.6581219726467085e-07,1.6582091383192036e-07,1.6582962748432332e-07,1.6583833821843697e-07,1.6584704603864903e-07,1.6585575094805046e-07,1.6586445294705386e-07,1.6587315203927444e-07,1.6588184822533573e-07,1.6589054150745457e-07,1.6589923188765547e-07,1.6590791936923617e-07,1.6591660395061457e-07,1.659252856356554e-07,1.6593396442506962e-07,1.6594264032201507e-07,1.659513133275725e-07,1.6595998344471588e-07,1.6596865067342465e-07,1.6597731502056986e-07,1.6598597648069237e-07,1.6599463505895947e-07,1.660032907603288e-07,1.6601194357987203e-07,1.6602059352276675e-07,1.6602924059443457e-07,1.6603788479298353e-07,1.6604652611735015e-07,1.660551645753439e-07,1.6606380016544723e-07,1.660724328900213e-07,1.6608106275060135e-07,1.6608968974910912e-07,1.6609831388767839e-07,1.6610693516726224e-07,1.6611555358659466e-07,1.6612416915114008e-07,1.6613278186246048e-07,1.6614139172266114e-07,1.66149998733217e-07,1.6615860289623604e-07,1.6616720421319314e-07,1.6617580268603466e-07,1.6618439831654772e-07,1.6619299110651628e-07,1.6620158105772584e-07,1.66210168171956e-07,1.6621875245098725e-07,1.6622733389659844e-07,1.662359125105663e-07,1.6624448829466613e-07,1.6625306125067044e-07,1.6626163138138674e-07,1.662701986859326e-07,1.662787631677178e-07,1.662873248311736e-07,1.6629588366905583e-07,1.663044396927502e-07,1.6631299290128118e-07,1.663215432934952e-07,1.6633009087126104e-07,1.6633863564301796e-07,1.6634717760757735e-07,1.6635571676632816e-07,1.6636425311632294e-07,1.663727866615773e-07,1.6638131740454195e-07,1.6638984535003482e-07,1.6639837049727086e-07,1.664068928494468e-07,1.6641541240761018e-07,1.6642392917089357e-07,1.664324431418276e-07,1.664409543263256e-07,1.6644946272154758e-07,1.6645796833028261e-07,1.6646647115491345e-07,1.6647497119700458e-07,1.6648346846710198e-07,1.6649196295716608e-07,1.665004546618742e-07,1.665089436005072e-07,1.665174297659855e-07,1.6652591315225316e-07,1.665343937661723e-07,1.665428716098018e-07,1.6655134668646994e-07,1.6655981899825427e-07,1.665682885498063e-07,1.665767553342839e-07,1.6658521935881767e-07,1.6659368062650754e-07,1.6660213913726378e-07,1.666105948923997e-07,1.6661904789605713e-07,1.6662749814561905e-07,1.666359456610584e-07,1.666443904146051e-07,1.6665283242026154e-07,1.6666127168115162e-07,1.6666970820094175e-07,1.666781419723393e-07,1.66686573007568e-07,1.6669500130390902e-07,1.667034268609924e-07,1.6671184968812784e-07,1.6672026977989518e-07,1.6672868713833841e-07,1.6673710176863077e-07,1.6674551366978245e-07,1.667539228445343e-07,1.667623292952054e-07,1.6677073302276847e-07,1.667791340335202e-07,1.6678753232041257e-07,1.6679592789355587e-07,1.6680432075042782e-07,1.6681271088679498e-07,1.6682109830886738e-07,1.668294830262249e-07,1.6683786503700363e-07,1.6684624433378913e-07,1.668546209272306e-07,1.668629948160101e-07,1.6687136600179356e-07,1.6687973448621656e-07,1.6688810027098148e-07,1.668964633578694e-07,1.6690482374760117e-07,1.6691318144262445e-07,1.669215364445921e-07,1.669298887551458e-07,1.6693823837649e-07,1.6694658530971225e-07,1.669549295559637e-07,1.6696327111752316e-07,1.669716099979056e-07,1.6697994619439305e-07,1.669882797113645e-07,1.6699661054967074e-07,1.670049387112954e-07,1.6701326419830777e-07,1.6702158701215573e-07,1.670299071542601e-07,1.670382246266063e-07,1.6704653942860108e-07,1.6705485156516963e-07,1.6706316103634573e-07,1.6707146784363163e-07,1.6707977198951358e-07,1.6708807347457376e-07,1.6709637230036284e-07,1.6710466847087528e-07,1.671129619845515e-07,1.6712125284479503e-07,1.6712954105342104e-07,1.6713782661065522e-07,1.6714610951922752e-07,1.6715438977931075e-07,1.6716266740207421e-07,1.6717094237162722e-07,1.6717921469811283e-07,1.671874843871783e-07,1.6719575143376116e-07,1.6720401584284955e-07,1.672122776091088e-07,1.6722053674894486e-07,1.6722879325467627e-07,1.6723704712820507e-07,1.6724529837183797e-07,1.67253546987163e-07,1.6726179297575593e-07,1.6727003633907273e-07,1.6727827707885966e-07,1.6728651519660172e-07,1.6729475069396706e-07,1.6730298357253944e-07,1.6731121383381027e-07,1.673194414794434e-07,1.673276665114315e-07,1.673358889306309e-07,1.6734410873906667e-07,1.673523259371988e-07,1.6736054052825865e-07,1.6736875251323507e-07,1.6737696189358344e-07,1.67385168670964e-07,1.6739337284688487e-07,1.6740157442629262e-07,1.6740977340396794e-07,1.6741796978627156e-07,1.6742616357532216e-07,1.6743435477003548e-07,1.6744254337021701e-07,1.6745072937985683e-07,1.6745891280034112e-07,1.674670936333773e-07,1.6747527188055188e-07,1.6748344754323434e-07,1.674916206236014e-07,1.6749979112258403e-07,1.675079590419176e-07,1.675161243820932e-07,1.6752428713973163e-07,1.6753244732651577e-07,1.6754060494298227e-07,1.675487599876251e-07,1.6755691245935597e-07,1.6756506236513035e-07,1.6757320971498316e-07,1.6758135448653465e-07,1.6758949669543944e-07,1.675976363399592e-07,1.6760577342306188e-07,1.6761390794571913e-07,1.6762203991103473e-07,1.6763016931986815e-07,1.6763829617385303e-07,1.6764642047397587e-07,1.676545422218552e-07,1.676626614193871e-07,1.6767077806750483e-07,1.6767889217393603e-07,1.6768700372882838e-07,1.6769511273941493e-07,1.677032192070029e-07,1.6771132313327367e-07,1.6771942453084232e-07,1.6772752338015855e-07,1.677356196911714e-07,1.677437134667224e-07,1.6775180470842364e-07,1.6775989341778778e-07,1.677679795962992e-07,1.6777606324458357e-07,1.6778414435727123e-07,1.6779222295076876e-07,1.6780029902156017e-07,1.6780837256860127e-07,1.6781644359183822e-07,1.6782451209625342e-07,1.6783257808167202e-07,1.6784064154883375e-07,1.678487025044144e-07,1.6785676094209606e-07,1.6786481686593448e-07,1.6787287027907167e-07,1.6788092118216383e-07,1.678889695768432e-07,1.6789701546458755e-07,1.6790505884685445e-07,1.6791309972543948e-07,1.6792113810177202e-07,1.6792917397704116e-07,1.679372073527967e-07,1.6794523823332687e-07,1.6795326661711507e-07,1.679612925054443e-07,1.679693159004141e-07,1.6797733680281264e-07,1.6798535521172454e-07,1.6799337112425066e-07,1.6800138455595255e-07,1.680093955021655e-07,1.6801740396323903e-07,1.6802540994047426e-07,1.6803341343571906e-07,1.6804141445065325e-07,1.6804941297932796e-07,1.6805740903580515e-07,1.680654026159934e-07,1.680733937223708e-07,1.680813823516052e-07,1.680893685137548e-07,1.6809735220594122e-07,1.6810533342926052e-07,1.6811331218486334e-07,1.6812128847587302e-07,1.6812926230133333e-07,1.6813723366373374e-07,1.6814520256532672e-07,1.6815316900341504e-07,1.6816113298529527e-07,1.6816909450672285e-07,1.6817705357637044e-07,1.6818501019064287e-07,1.6819296435066188e-07,1.6820091605356774e-07,1.6820886531321495e-07,1.6821681212878107e-07,1.6822475649769681e-07,1.6823269842188288e-07,1.6824063790968605e-07,1.6824857494408495e-07,1.6825650954867566e-07,1.6826444169767752e-07,1.6827237141677926e-07,1.6828029868984006e-07,1.682882235270667e-07,1.6829614592988924e-07,1.683040659003231e-07,1.6831198344847848e-07,1.683198985649513e-07,1.683278112443149e-07,1.6833572149632692e-07,1.6834362932218152e-07,1.683515347243782e-07,1.6835943770880456e-07,1.6836733826488957e-07,1.6837523639806507e-07,1.683831321114978e-07,1.6839102540529113e-07,1.68398916290913e-07,1.6840680476118463e-07,1.6841469081693983e-07,1.684225744610028e-07,1.6843045569519813e-07,1.6843833452023298e-07,1.6844621093791484e-07,1.684540849489052e-07,1.6846195655513313e-07,1.684698257578994e-07,1.6847769255823455e-07,1.6848555695943628e-07,1.684934189631976e-07,1.685012785660909e-07,1.6850913577394494e-07,1.6851699058449833e-07,1.6852484300211887e-07,1.6853269302671115e-07,1.685405406572457e-07,1.685483859015427e-07,1.6855622876033033e-07,1.6856406923007412e-07,1.6857190731453313e-07,1.6857974301428176e-07,1.6858757633167176e-07,1.6859540726922606e-07,1.6860323582626494e-07,1.6861106200350813e-07,1.6861888580354383e-07,1.6862670722815167e-07,1.6863452627791223e-07,1.6864234295657454e-07,1.6865015726172477e-07,1.6865796919631685e-07,1.6866577876235017e-07,1.686735859657812e-07,1.686813907979597e-07,1.686891932664097e-07,1.686969933714479e-07,1.6870479111298976e-07,1.6871258649324297e-07,1.6872037951413043e-07,1.6872817017610255e-07,1.6873595848201176e-07,1.6874374443403807e-07,1.6875152803107018e-07,1.6875930927550757e-07,1.6876708816823286e-07,1.687748647106295e-07,1.6878263890425745e-07,1.6879041075083321e-07,1.6879818025144852e-07,1.6880594740729114e-07,1.6881371222405923e-07,1.6882147469468515e-07,1.688292348267346e-07,1.6883699261770904e-07,1.6884474807072223e-07,1.6885250118715082e-07,1.6886025196726925e-07,1.688680004106554e-07,1.688757465211578e-07,1.688834903054358e-07,1.6889123175956932e-07,1.6889897088552057e-07,1.6890670768347087e-07,1.6891444215514524e-07,1.6892217430286974e-07,1.6892990412680026e-07,1.6893763163184247e-07,1.6894535681292984e-07,1.6895307967487145e-07,1.6896080021883918e-07,1.6896851844988954e-07,1.689762343622033e-07,1.6898394796222325e-07,1.6899165924725915e-07,1.6899936822117748e-07,1.6900707488449364e-07,1.690147792390533e-07,1.6902248128675034e-07,1.6903018101196145e-07,1.6903787844878e-07,1.6904557358208893e-07,1.69053266418605e-07,1.6906095694883776e-07,1.6906864517934348e-07,1.690763311106472e-07,1.6908401474599354e-07,1.6909169608560295e-07,1.6909937513090225e-07,1.691070518829028e-07,1.691147263412886e-07,1.6912239851150322e-07,1.6913006839235203e-07,1.6913773598702323e-07,1.6914540129350205e-07,1.691530643147102e-07,1.6916072505174947e-07,1.6916838350608393e-07,1.6917603967903591e-07,1.6918369357198678e-07,1.6919134518577217e-07,1.6919899452217843e-07,1.6920664158199992e-07,1.692142863698117e-07,1.6922192888117733e-07,1.6922956912024722e-07,1.692372070883299e-07,1.6924484278680714e-07,1.692524762162393e-07,1.6926010737861508e-07,1.692677362751825e-07,1.6927536291094487e-07,1.692829872791871e-07,1.6929060938530347e-07,1.6929822923292379e-07,1.6930584681802553e-07,1.6931346214102613e-07,1.693210752112168e-07,1.69328686024384e-07,1.693362945838447e-07,1.693439008909841e-07,1.6935150494534305e-07,1.693591067489588e-07,1.6936670630235924e-07,1.6937430360828473e-07,1.6938189866744142e-07,1.6938949147945772e-07,1.6939708204792184e-07,1.694046703732932e-07,1.69412256457121e-07,1.6941984030014403e-07,1.6942742190343226e-07,1.6943500126871266e-07,1.694425784022838e-07,1.6945015329412774e-07,1.6945772594801554e-07,1.6946529637374967e-07,1.6947286456856825e-07,1.6948043053175286e-07,1.6948799426500982e-07,1.6949555576516954e-07,1.6950311504534853e-07,1.6951067209844917e-07,1.6951822692597152e-07,1.695257795309516e-07,1.6953332991312594e-07,1.6954087807585535e-07,1.695484240187626e-07,1.6955596774392553e-07,1.6956350925791967e-07,1.6957104854861873e-07,1.695785856258933e-07,1.6958612049003504e-07,1.6959365314312587e-07,1.6960118358396464e-07,1.6960871181495436e-07,1.6961623783947939e-07,1.696237616552036e-07,1.6963128326480229e-07,1.6963880267001786e-07,1.696463198718315e-07,1.6965383487100808e-07,1.6966134766970084e-07,1.6966885826956559e-07,1.696763666703984e-07,1.6968387287439538e-07,1.6969137688149149e-07,1.6969887869292324e-07,1.697063783120328e-07,1.6971387573907172e-07,1.697213709738146e-07,1.6972886400735098e-07,1.6973635486275943e-07,1.6974384353065076e-07,1.6975133001445883e-07,1.697588143120122e-07,1.6976629642435657e-07,1.6977377635461728e-07,1.6978125410374443e-07,1.6978872967232378e-07,1.6979620306208097e-07,1.6980367427381278e-07,1.698111433082453e-07,1.6981861016730426e-07,1.6982607485262922e-07,1.6983353736494113e-07,1.698409977160415e-07,1.698484558855175e-07,1.6985591188281694e-07,1.6986336571097046e-07,1.6987081737244385e-07,1.69878266871455e-07,1.698857142026499e-07,1.698931593700992e-07,1.6990060237856604e-07,1.699080432258313e-07,1.6991548191313314e-07,1.6992291844168305e-07,1.6993035281433615e-07,1.6993778502796255e-07,1.699452150868489e-07,1.6995264299012893e-07,1.6996006873099547e-07,1.6996749233176315e-07,1.699749137796918e-07,1.6998233308094221e-07,1.6998975022969508e-07,1.6999716525388394e-07,1.700045781142212e-07,1.7001198883044032e-07,1.700193974044035e-07,1.7002680383534304e-07,1.7003420812507425e-07,1.700416102799018e-07,1.700490102949017e-07,1.700564081668446e-07,1.700638039038976e-07,1.7007119750584473e-07,1.7007858897380584e-07,1.7008597830894953e-07,1.7009336551244523e-07,1.7010075058545722e-07,1.701081335292366e-07,1.701155143447803e-07,1.701228930334253e-07,1.7013026959615462e-07,1.7013764403420985e-07,1.701450163487713e-07,1.7015238654097487e-07,1.7015975461199059e-07,1.7016712056294644e-07,1.7017448439469783e-07,1.7018184611044974e-07,1.7018920570865555e-07,1.701965631998543e-07,1.7020391856834683e-07,1.702112718188696e-07,1.7021862295853904e-07,1.702259719864875e-07,1.7023331890951338e-07,1.7024066371607095e-07,1.70248006419904e-07,1.702553470259764e-07,1.702626855298272e-07,1.7027002192518936e-07,1.7027735620388864e-07,1.702846883837286e-07,1.7029201846994747e-07,1.7029934644585574e-07,1.7030667233531244e-07,1.7031399612805196e-07,1.7032131783182896e-07,1.7032863743186551e-07,1.7033595494028478e-07,1.7034327035515669e-07,1.7035058367967473e-07,1.703578949068019e-07,1.7036520405194697e-07,1.70372511109121e-07,1.7037981607806313e-07,1.7038711896179853e-07,1.7039441976782618e-07,1.704017184866394e-07,1.7040901512078237e-07,1.7041630967419076e-07,1.7042360214280304e-07,1.704308925352222e-07,1.7043818085139892e-07,1.7044546709065215e-07,1.7045275125365722e-07,1.7046003334298259e-07,1.7046731335912467e-07,1.7047459131030747e-07,1.7048186718319446e-07,1.7048914098688792e-07,1.704964127206787e-07,1.705036823893734e-07,1.7051094998914005e-07,1.7051821552348024e-07,1.7052547899228873e-07,1.7053274039898412e-07,1.7053999974273337e-07,1.705472570262506e-07,1.7055451223922409e-07,1.705617654038539e-07,1.7056901650836776e-07,1.7057626555637943e-07,1.7058351255137791e-07,1.705907574931417e-07,1.705980003793474e-07,1.7060524121414905e-07,1.7061247999680874e-07,1.7061971673088075e-07,1.7062695141598568e-07,1.7063418405202722e-07,1.7064141464258158e-07,1.706486431876595e-07,1.706558696883125e-07,1.7066309414558587e-07,1.7067031656057793e-07,1.706775369343073e-07,1.7068475526794146e-07,1.7069197156285716e-07,1.706991858196864e-07,1.707063980452541e-07,1.707136082419289e-07,1.707208163920013e-07,1.7072802251642012e-07,1.7073522659726254e-07,1.707424286419506e-07,1.7074962866344413e-07,1.7075682665464453e-07,1.7076402262758752e-07,1.7077121656517768e-07,1.7077840847685837e-07,1.7078559836269387e-07,1.7079278622469352e-07,1.707999720567715e-07,1.7080715587546862e-07,1.708143376737693e-07,1.708215174513896e-07,1.708286952116773e-07,1.708358709530549e-07,1.7084304467981296e-07,1.7085021639165275e-07,1.70857386089434e-07,1.7086455377376513e-07,1.708717194463824e-07,1.708788831069629e-07,1.7088604475541997e-07,1.7089320439864604e-07,1.7090036203420752e-07,1.7090751766119808e-07,1.7091467128459438e-07,1.7092182290362612e-07,1.7092897251933764e-07,1.7093612013220625e-07,1.709432657420357e-07,1.7095040935111896e-07,1.709575509631082e-07,1.7096469058966065e-07,1.7097182820555403e-07,1.7097896382736374e-07,1.7098609745420186e-07,1.7099322908720248e-07,1.7100035872559776e-07,1.710074863730547e-07,1.7101461203012657e-07,1.7102173569886084e-07,1.7102885737201327e-07,1.7103597707089064e-07,1.7104309477542698e-07,1.710502104955154e-07,1.7105732423155962e-07,1.7106443598379292e-07,1.7107154575430193e-07,1.710786535420543e-07,1.7108575934334504e-07,1.710928631734038e-07,1.7109996502478516e-07,1.7110706489968935e-07,1.7111416279826538e-07,1.71121258722328e-07,1.7112835267254154e-07,1.7113544465012497e-07,1.711425346514496e-07,1.7114962268583665e-07,1.7115670875090366e-07,1.7116379284728483e-07,1.7117087497612115e-07,1.7117795513708034e-07,1.711850333357845e-07,1.7119210957074008e-07,1.7119918384011144e-07,1.7120625614604755e-07,1.7121332648687584e-07,1.712203948711607e-07,1.7122746129586255e-07,1.7123452576248054e-07,1.7124158827439175e-07,1.712486488262282e-07,1.71255707423942e-07,1.7126276406821723e-07,1.7126981875823054e-07,1.7127687150954557e-07,1.712839223083364e-07,1.7129097114524966e-07,1.7129801803130384e-07,1.7130506297326187e-07,1.7131210596575333e-07,1.7131914701187255e-07,1.713261861135988e-07,1.7133322327524426e-07,1.7134025848993223e-07,1.7134729174769486e-07,1.7135432306360145e-07,1.713613524497763e-07,1.7136837990353214e-07,1.7137540541916158e-07,1.7138242900393358e-07,1.7138945065592724e-07,1.7139647037874673e-07,1.7140348815228253e-07,1.7141050399296092e-07,1.7141751790466782e-07,1.714245298796498e-07,1.7143153992198093e-07,1.7143854804143842e-07,1.714455542192538e-07,1.7145255846738392e-07,1.71459560806702e-07,1.714665612225873e-07,1.714735597128766e-07,1.7148055628129316e-07,1.714875509273473e-07,1.7149454365314514e-07,1.715015344609929e-07,1.715085233472321e-07,1.715155103168e-07,1.7152249536939317e-07,1.7152947851978986e-07,1.7153645974060032e-07,1.7154343904569194e-07,1.7155041644207975e-07,1.7155739192537033e-07,1.7156436549780983e-07,1.7157133716041623e-07,1.7157830691322564e-07,1.7158527475837565e-07,1.7159224069670174e-07,1.715992047314473e-07,1.7160616685976375e-07,1.7161312708452658e-07,1.7162008540636042e-07,1.7162704183141082e-07,1.716339963521526e-07,1.7164094897040718e-07,1.71647899688354e-07,1.7165484850954515e-07,1.7166179545624844e-07,1.716687404898989e-07,1.7167568362319303e-07,1.7168262486275007e-07,1.716895642029086e-07,1.7169650165730296e-07,1.7170343722150918e-07,1.7171037087731992e-07,1.717173026623156e-07,1.7172423256660938e-07,1.7173116057724844e-07,1.7173808670175385e-07,1.7174501094757604e-07,1.7175193330068538e-07,1.7175885378137153e-07,1.717657723771319e-07,1.7177268908426707e-07,1.7177960391104525e-07,1.7178651685755857e-07,1.7179342792639614e-07,1.7180033711793403e-07,1.7180724443298602e-07,1.7181414987269213e-07,1.7182105343823295e-07,1.7182795512930942e-07,1.7183485494636456e-07,1.7184175289348562e-07,1.7184864897006362e-07,1.7185554317676353e-07,1.7186243551469642e-07,1.7186932598482345e-07,1.7187621458810345e-07,1.7188310132549705e-07,1.7188998619782022e-07,1.7189686920631663e-07,1.71903750351398e-07,1.7191062963451123e-07,1.7191750705671188e-07,1.7192438261892568e-07,1.7193125631725188e-07,1.7193812815877024e-07,1.719449981480912e-07,1.7195186628244954e-07,1.7195873255842317e-07,1.719655969800912e-07,1.7197245954816902e-07,1.7197932025895415e-07,1.7198617912873665e-07,1.71993036151574e-07,1.7199989131457518e-07,1.720067446526868e-07,1.7201359611944802e-07,1.720204457481038e-07,1.7202729352220326e-07,1.7203413945189334e-07,1.720409835366918e-07,1.72047825778784e-07,1.7205466617907242e-07,1.7206150473719503e-07,1.7206834145615606e-07,1.7207517633536296e-07,1.7208200937623443e-07,1.720888405714556e-07,1.720956699384272e-07,1.7210249746055362e-07,1.7210932313957576e-07,1.7211614700098503e-07,1.721229690281748e-07,1.7212978922458435e-07,1.721366075922333e-07,1.7214342413009665e-07,1.7215023883833755e-07,1.7215705171651054e-07,1.7216386276991095e-07,1.7217067198461787e-07,1.721774793866194e-07,1.7218428496446705e-07,1.721910887218054e-07,1.7219789065292218e-07,1.722046907644717e-07,1.722114890590196e-07,1.7221828552834635e-07,1.722250801741764e-07,1.722318730067518e-07,1.7223866402097e-07,1.722454532206799e-07,1.7225224060561283e-07,1.7225902617616212e-07,1.7226580993279896e-07,1.7227259187653298e-07,1.72279372009761e-07,1.722861503325132e-07,1.7229292685057647e-07,1.7229970155494176e-07,1.7230647445353795e-07,1.7231324554134562e-07,1.723200148246277e-07,1.7232678230202832e-07,1.7233354797661145e-07,1.7234031184664814e-07,1.7234707391576737e-07,1.7235383418674648e-07,1.7236059265693606e-07,1.7236734932148116e-07,1.723741041866831e-07,1.723808572498009e-07,1.7238760852177635e-07,1.723943580003438e-07,1.7240110568368568e-07,1.7240785157143165e-07,1.7241459566719765e-07,1.724213379708651e-07,1.7242807848279703e-07,1.7243481720422117e-07,1.724415541432125e-07,1.724482892864593e-07,1.7245502264187439e-07,1.724617542125616e-07,1.724684839952503e-07,1.7247521199179497e-07,1.7248193820513662e-07,1.7248866263481056e-07,1.7249538528242038e-07,1.7250210614850603e-07,1.7250882523132475e-07,1.7251554253738837e-07,1.725222580622703e-07,1.7252897181123204e-07,1.725356837831194e-07,1.7254239397354407e-07,1.7254910239363293e-07,1.7255580904091764e-07,1.7256251391260443e-07,1.7256921701260873e-07,1.7257591834521766e-07,1.7258261790339684e-07,1.7258931569101423e-07,1.7259601170951562e-07,1.726027059570902e-07,1.7260939844010566e-07,1.726160891599343e-07,1.7262277811108396e-07,1.7262946529767837e-07,1.7263615071930787e-07,1.726428343802574e-07,1.7264951627705078e-07,1.7265619641388775e-07,1.726628747880445e-07,1.7266955140454316e-07,1.726762262656197e-07,1.7268289936575292e-07,1.7268957071038445e-07,1.726962402997113e-07,1.7270290813256888e-07,1.727095742108112e-07,1.727162385371e-07,1.7272290111446138e-07,1.7272956193935502e-07,1.7273622101038402e-07,1.7274287833289814e-07,1.7274953390716179e-07,1.72756187737376e-07,1.727628398149261e-07,1.7276949014528919e-07,1.7277613873200848e-07,1.7278278557448274e-07,1.7278943067303994e-07,1.7279607402934814e-07,1.7280271564378365e-07,1.7280935551589432e-07,1.728159936483556e-07,1.7282263004050026e-07,1.728292646960657e-07,1.7283589761433904e-07,1.728425287959018e-07,1.7284915824131077e-07,1.7285578596002977e-07,1.7286241193676318e-07,1.7286903618197538e-07,1.7287565869284645e-07,1.7288227946962554e-07,1.7288889851704832e-07,1.7289551584600534e-07,1.7290213143320065e-07,1.729087452993676e-07,1.7291535743400293e-07,1.7292196784457052e-07,1.7292857652732113e-07,1.729351834855799e-07,1.7294178872313494e-07,1.7294839223666065e-07,1.7295499402335099e-07,1.7296159409127788e-07,1.7296819243647936e-07,1.72974789063551e-07,1.7298138397114455e-07,1.7298797716042628e-07,1.729945686235581e-07,1.7300115837842753e-07,1.7300774642146895e-07,1.730143327486929e-07,1.730209173696217e-07,1.7302750027409265e-07,1.7303408146690324e-07,1.7304066094868297e-07,1.7304723871803715e-07,1.730538147748756e-07,1.7306038912241638e-07,1.730669617655733e-07,1.7307353270772313e-07,1.730801019379876e-07,1.730866694661216e-07,1.7309323528566375e-07,1.7309979940018913e-07,1.731063618095534e-07,1.7311292252104573e-07,1.7311948153206473e-07,1.7312603884353742e-07,1.731325944562603e-07,1.7313914836882258e-07,1.7314570058537346e-07,1.7315225110525517e-07,1.7315879992871004e-07,1.7316534705698792e-07,1.731718924897245e-07,1.7317843622909863e-07,1.7318497827698083e-07,1.7319151863300517e-07,1.7319805729832284e-07,1.7320459427298422e-07,1.732111295578597e-07,1.732176631573399e-07,1.7322419506682646e-07,1.73230725289565e-07,1.7323725382622463e-07,1.732437806758755e-07,1.7325030584250025e-07,1.7325682932560893e-07,1.7326335112617234e-07,1.7326987124465665e-07,1.732763896821942e-07,1.7328290643974796e-07,1.7328942150777447e-07,1.7329593490672007e-07,1.7330244662803036e-07,1.7330895667244107e-07,1.733154650395388e-07,1.7332197173104017e-07,1.7332847674951307e-07,1.7333498009360632e-07,1.73341481764073e-07,1.7334798176373402e-07,1.733544800908335e-07,1.733609767494849e-07,1.7336747174313258e-07,1.7337396506746263e-07,1.7338045671887005e-07,1.7338694670168154e-07,1.7339343501803586e-07,1.7339992166937632e-07,1.7340640666178827e-07,1.7341288998367743e-07,1.73419371649933e-07,1.7342585164720485e-07,1.7343232998869504e-07,1.7343880666368034e-07,1.7344528167937221e-07,1.7345175503476622e-07,1.7345822673202397e-07,1.7346469677232793e-07,1.7347116515579228e-07,1.7347763188403915e-07,1.734840969631974e-07,1.7349056038166327e-07,1.7349702215522594e-07,1.7350348226873337e-07,1.7350994072993458e-07,1.7351639753949414e-07,1.7352285269936017e-07,1.7352930620708425e-07,1.7353575806872666e-07,1.7354220828200495e-07,1.7354865684931142e-07,1.735551037668739e-07,1.7356154904169547e-07,1.7356799267206864e-07,1.7357443465771135e-07,1.735808750003361e-07,1.73587313700768e-07,1.7359375076050888e-07,1.7360018618681685e-07,1.736066199657541e-07,1.7361305210542623e-07,1.736194826067699e-07,1.7362591146588603e-07,1.7363233869282675e-07,1.736387642835674e-07,1.736451882291068e-07,1.7365161055069878e-07,1.736580312386084e-07,1.7366445029470352e-07,1.736708677168882e-07,1.7367728350918085e-07,1.7368369767090393e-07,1.7369011020545673e-07,1.7369652110745172e-07,1.737029303893029e-07,1.737093380392356e-07,1.737157440677589e-07,1.7372214846326972e-07,1.7372855123848672e-07,1.7373495237540339e-07,1.7374135189853607e-07,1.737477498009783e-07,1.7375414607852743e-07,1.737605407361428e-07,1.7376693378382946e-07,1.7377332520436779e-07,1.7377971500586066e-07,1.7378610318583998e-07,1.7379248974956603e-07,1.737988746935399e-07,1.7380525802570017e-07,1.738116397399498e-07,1.7381801984568724e-07,1.7382439833572307e-07,1.7383077521363512e-07,1.7383715048944355e-07,1.7384352414576103e-07,1.7384989619351212e-07,1.7385626662888835e-07,1.738626354551323e-07,1.7386900267652573e-07,1.7387536828774993e-07,1.738817322927054e-07,1.7388809468769067e-07,1.7389445548221746e-07,1.7390081468075922e-07,1.7390717227004298e-07,1.739135282546226e-07,1.739198826413802e-07,1.7392623542852336e-07,1.739325866103514e-07,1.7393893619043528e-07,1.73945284175896e-07,1.7395163056748884e-07,1.73957975362048e-07,1.739643185556539e-07,1.739706601521394e-07,1.7397700015560418e-07,1.739833385676466e-07,1.739896753819083e-07,1.7399601060817815e-07,1.7400234423943096e-07,1.740086762805441e-07,1.740150067284399e-07,1.7402133558936724e-07,1.7402766286524214e-07,1.740339885554689e-07,1.7404031265222438e-07,1.7404663516158667e-07,1.7405295608396783e-07,1.7405927542501316e-07,1.740655931782403e-07,1.7407190935179585e-07,1.7407822394302425e-07,1.7408453695007953e-07,1.74090848377415e-07,1.7409715822480801e-07,1.741034664893442e-07,1.74109773174785e-07,1.7411607828681903e-07,1.741223818176522e-07,1.7412868377210401e-07,1.7413498415207183e-07,1.7414128295481785e-07,1.7414758018306594e-07,1.741538758376442e-07,1.7416016991949892e-07,1.7416646242927421e-07,1.7417275336847088e-07,1.7417904273382724e-07,1.7418533053077904e-07,1.7419161676010594e-07,1.7419790141950518e-07,1.7420418450855003e-07,1.742104660309526e-07,1.7421674599066227e-07,1.74223024382825e-07,1.7422930121015544e-07,1.7423557647833147e-07,1.7424185018023325e-07,1.742481223202331e-07,1.742543928964988e-07,1.7426066191081123e-07,1.7426692936459068e-07,1.742731952588477e-07,1.7427945959258737e-07,1.7428572237283648e-07,1.7429198359378815e-07,1.7429824326138102e-07,1.743045013694661e-07,1.7431075792125918e-07,1.7431701291830971e-07,1.7432326635992138e-07,1.7432951825073853e-07,1.7433576858974482e-07,1.743420173788391e-07,1.743482646140274e-07,1.7435451029922566e-07,1.7436075443468036e-07,1.7436699702044375e-07,1.743732380593155e-07,1.7437947755263027e-07,1.7438571549943157e-07,1.743919519009067e-07,1.743981867569451e-07,1.7440442006819448e-07,1.7441065183601907e-07,1.744168820537712e-07,1.7442311073508778e-07,1.7442933787561304e-07,1.7443556347093268e-07,1.7444178753012022e-07,1.744480100520144e-07,1.7445423103399294e-07,1.744604504717635e-07,1.7446666837960688e-07,1.7447288474710723e-07,1.744790995838547e-07,1.7448531288390266e-07,1.7449152465085018e-07,1.7449773488432166e-07,1.7450394358320277e-07,1.7451015074990295e-07,1.7451635638958658e-07,1.7452256049878573e-07,1.745287630735187e-07,1.7453496412305543e-07,1.7454116364158085e-07,1.745473616315982e-07,1.7455355809053896e-07,1.745597530260302e-07,1.745659464342267e-07,1.7457213831959036e-07,1.7457832868212597e-07,1.745845175202325e-07,1.7459070483526214e-07,1.745968906281264e-07,1.746030748989235e-07,1.746092576498908e-07,1.7461543887929178e-07,1.7462161859182907e-07,1.7462779678597926e-07,1.746339734628986e-07,1.7464014862270028e-07,1.746463222647797e-07,1.746524943892501e-07,1.746586649964459e-07,1.74664834089343e-07,1.7467100166871784e-07,1.7467716773704444e-07,1.746833322945337e-07,1.7468949533968703e-07,1.746956568716987e-07,1.747018168987703e-07,1.7470797541789773e-07,1.7471413241221617e-07,1.7472028790895932e-07,1.747264418975413e-07,1.7473259438405892e-07,1.7473874536997294e-07,1.7474489484628884e-07,1.7475104281732273e-07,1.7475718928515952e-07,1.7476333424406072e-07,1.7476947770656665e-07,1.7477561966287056e-07,1.7478176012247073e-07,1.747878990762678e-07,1.7479403653515208e-07,1.7480017249608331e-07,1.748063069535548e-07,1.7481243991885718e-07,1.748185713841957e-07,1.7482470135112785e-07,1.7483082982590554e-07,1.7483695680929564e-07,1.7484308229570318e-07,1.748492062873359e-07,1.7485532878412345e-07,1.7486144979116806e-07,1.7486756930921565e-07,1.7487368733451225e-07,1.748798038715931e-07,1.7488591892084453e-07,1.7489203248175823e-07,1.748981445536627e-07,1.749042551337136e-07,1.7491036423013286e-07,1.7491647184020363e-07,1.7492257795163772e-07,1.749286825921739e-07,1.7493478575113602e-07,1.7494088742787456e-07,1.749469876179846e-07,1.7495308632621718e-07,1.7495918355797893e-07,1.7496527931176814e-07,1.74971373579246e-07,1.7497746637374486e-07,1.749835576874969e-07,1.749896475235149e-07,1.74995735877919e-07,1.7500182275730427e-07,1.750079081628603e-07,1.7501399209323927e-07,1.7502007454959682e-07,1.7502615553049663e-07,1.7503223504362517e-07,1.7503831308135786e-07,1.7504438964474774e-07,1.7505046473729868e-07,1.750565383681271e-07,1.750626105252575e-07,1.7506868120945004e-07,1.7507475042818195e-07,1.7508081816845556e-07,1.7508688445096004e-07,1.7509294926749795e-07,1.7509901261795274e-07,1.7510507449936966e-07,1.7511113492348553e-07,1.7511719388088777e-07,1.7512325137820033e-07,1.7512930741881722e-07,1.751353619904205e-07,1.7514141510335622e-07,1.7514746675411023e-07,1.7515351694782812e-07,1.751595656776839e-07,1.7516561295184974e-07,1.751716587689142e-07,1.7517770314114998e-07,1.751837460386474e-07,1.7518978748713174e-07,1.7519582748278963e-07,1.7520186602308062e-07,1.7520790310980883e-07,1.75213938743606e-07,1.7521997292733205e-07,1.7522600565831393e-07,1.7523203693770307e-07,1.7523806676665195e-07,1.7524409514641722e-07,1.752501220795156e-07,1.7525614756306576e-07,1.7526217159774396e-07,1.7526819418723276e-07,1.7527421533694655e-07,1.7528023503576308e-07,1.7528625328198496e-07,1.7529227008974156e-07,1.7529828546018581e-07,1.753042993841961e-07,1.7531031186625428e-07,1.75316322904659e-07,1.7532233250238043e-07,1.7532834065993627e-07,1.7533434738053423e-07,1.7534035266312998e-07,1.753463565031193e-07,1.7535235890702283e-07,1.7535835987472378e-07,1.7536435940056973e-07,1.7537035749368133e-07,1.7537635415252198e-07,1.753823493801518e-07,1.7538834317092517e-07,1.7539433553008403e-07,1.7540032645506815e-07,1.754063159523695e-07,1.7541230401449538e-07,1.7541829064504734e-07,1.7542427584867758e-07,1.7543025962848547e-07,1.754362419770927e-07,1.7544222289346253e-07,1.754482023815565e-07,1.7545418044377106e-07,1.754601570814305e-07,1.754661322939792e-07,1.7547210608172935e-07,1.7547807844938676e-07,1.754840493871285e-07,1.754900189069091e-07,1.7549598699722166e-07,1.755019536762382e-07,1.755079189280004e-07,1.7551388275982698e-07,1.7551984517078913e-07,1.7552580616252491e-07,1.7553176574010992e-07,1.755377238987784e-07,1.7554368064006953e-07,1.7554963596574827e-07,1.7555558986775376e-07,1.7556154236732394e-07,1.7556749344403517e-07,1.7557344311044034e-07,1.755793913611894e-07,1.7558533820194814e-07,1.7559128363420654e-07,1.7559722765233566e-07,1.7560317025815451e-07,1.756091114556439e-07,1.7561505124469485e-07,1.756209896283344e-07,1.756269265993769e-07,1.7563286216343665e-07,1.756387963113837e-07,1.7564472905779703e-07,1.7565066040066736e-07,1.75656590340657e-07,1.7566251887683826e-07,1.756684460062249e-07,1.7567437173586947e-07,1.7568029606892994e-07,1.7568621898795567e-07,1.7569214051108866e-07,1.7569806063212308e-07,1.7570397935918228e-07,1.7570989667879695e-07,1.7571581260703168e-07,1.757217271320802e-07,1.7572764025332507e-07,1.75733551986778e-07,1.7573946232270104e-07,1.7574537126321066e-07,1.757512788115131e-07,1.7575718496356158e-07,1.7576308971997604e-07,1.7576899308398884e-07,1.7577489505548575e-07,1.7578079563888585e-07,1.7578669482560371e-07,1.7579259262103957e-07,1.757984890293005e-07,1.7580438405023675e-07,1.7581027767721773e-07,1.7581616991262506e-07,1.7582206076951525e-07,1.7582795023968585e-07,1.7583383832420668e-07,1.7583972502525153e-07,1.7584561034241184e-07,1.7585149427321545e-07,1.7585737681861232e-07,1.7586325798150287e-07,1.7586913775951855e-07,1.7587501615817182e-07,1.7588089317724092e-07,1.7588676881349706e-07,1.7589264306780554e-07,1.758985159443513e-07,1.75904387442497e-07,1.7591025755991085e-07,1.7591612630234574e-07,1.7592199367141804e-07,1.7592785966353364e-07,1.7593372427709296e-07,1.7593958751333305e-07,1.759454493774765e-07,1.7595130987064123e-07,1.7595716898662058e-07,1.759630267306721e-07,1.759688831025057e-07,1.7597473810299448e-07,1.759805917330183e-07,1.7598644399314583e-07,1.7599229487731733e-07,1.7599814439819236e-07,1.7600399255071045e-07,1.7600983933539646e-07,1.7601568475086903e-07,1.7602152880165117e-07,1.7602737148662259e-07,1.7603321280617438e-07,1.760390527609899e-07,1.7604489134942157e-07,1.7605072857586428e-07,1.7605656444403993e-07,1.7606239894596422e-07,1.7606823208598833e-07,1.7607406385910807e-07,1.7607989427795493e-07,1.7608572332841485e-07,1.7609155103200874e-07,1.760973773730956e-07,1.7610320235053534e-07,1.7610902597577475e-07,1.7611484824117505e-07,1.7612066915353482e-07,1.7612648870635136e-07,1.761323069068148e-07,1.7613812376038426e-07,1.7614393925234372e-07,1.7614975339090666e-07,1.761555661727061e-07,1.7616137760399074e-07,1.7616718768047168e-07,1.7617299640949952e-07,1.7617880378802522e-07,1.7618460981666933e-07,1.761904144984886e-07,1.7619621782573202e-07,1.7620201980897962e-07,1.7620782044458914e-07,1.7621361972984905e-07,1.7621941767296426e-07,1.7622521427278787e-07,1.7623100952627718e-07,1.7623680343397793e-07,1.762425960012035e-07,1.7624838722380848e-07,1.76254177103743e-07,1.7625996564093043e-07,1.762657528406134e-07,1.7627153869550682e-07,1.762773232028319e-07,1.762831063782461e-07,1.7628888821394362e-07,1.7629466871225464e-07,1.763004478754418e-07,1.763062257001345e-07,1.763120021853895e-07,1.7631777734393669e-07,1.763235511578049e-07,1.763293236299079e-07,1.7633509477453814e-07,1.763408645828985e-07,1.7634663305587212e-07,1.763524001951097e-07,1.7635816600174774e-07,1.7636393048225335e-07,1.7636969363065913e-07,1.7637545545337838e-07,1.7638121594263023e-07,1.7638697510122358e-07,1.7639273293118818e-07,1.763984894341933e-07,1.7640424461006874e-07,1.764099984606004e-07,1.764157509844581e-07,1.7642150218188607e-07,1.764272520544807e-07,1.7643300060276355e-07,1.7643874782752633e-07,1.7644449372373055e-07,1.7645023830077236e-07,1.7645598155954053e-07,1.7646172349273803e-07,1.7646746411106357e-07,1.764732034026967e-07,1.7647894137458232e-07,1.7648467802786763e-07,1.7649041336506287e-07,1.7649614739021516e-07,1.7650188009064805e-07,1.7650761146952987e-07,1.7651334153720418e-07,1.7651907028419343e-07,1.765247977171972e-07,1.7653052383511149e-07,1.7653624863946955e-07,1.765419721298499e-07,1.7654769430698399e-07,1.7655341517338492e-07,1.7655913472478475e-07,1.7656485296779228e-07,1.7657056989690328e-07,1.7657628551824237e-07,1.765819998278611e-07,1.7658771282815315e-07,1.7659342451999726e-07,1.7659913490537482e-07,1.7660484398406244e-07,1.7661055175527136e-07,1.7661625822084408e-07,1.7662196338396165e-07,1.7662766723815996e-07,1.7663336978782416e-07,1.7663907103367e-07,1.76644770975741e-07,1.766504696101085e-07,1.7665616694699097e-07,1.7666186298276508e-07,1.7666755771554271e-07,1.766732511443967e-07,1.7667894328812476e-07,1.7668463412233373e-07,1.766903236579944e-07,1.7669601189494968e-07,1.767016988341233e-07,1.7670738447588626e-07,1.767130688197049e-07,1.7671875186780434e-07,1.7672443362127468e-07,1.7673011407995502e-07,1.767357932463572e-07,1.767414711164876e-07,1.7674714769327457e-07,1.767528229776431e-07,1.7675849697105376e-07,1.7676416967462605e-07,1.7676984108408972e-07,1.7677551120306788e-07,1.7678118003208957e-07,1.7678684756699997e-07,1.767925138176091e-07,1.7679817877990358e-07,1.7680384245463592e-07,1.768095048435754e-07,1.7681516594512783e-07,1.7682082575998514e-07,1.7682648428813878e-07,1.7683214153562355e-07,1.7683779749532977e-07,1.7684345216685375e-07,1.7684910555950466e-07,1.7685475766955323e-07,1.7686040850002542e-07,1.7686605804622173e-07,1.768717063113133e-07,1.7687735329584297e-07,1.768829990003787e-07,1.7688864342544807e-07,1.768942865713692e-07,1.768999284352889e-07,1.769055690189174e-07,1.7691120833141744e-07,1.7691684636573026e-07,1.7692248312562934e-07,1.7692811861081254e-07,1.7693375282002426e-07,1.7693938575445308e-07,1.769450174148531e-07,1.769506478020141e-07,1.7695627691625326e-07,1.7696190475832167e-07,1.7696753132859203e-07,1.769731566274892e-07,1.7697878065558898e-07,1.7698440341375143e-07,1.769900249028767e-07,1.769956451223607e-07,1.7700126407309306e-07,1.7700688175605895e-07,1.7701249817157317e-07,1.7701811332017958e-07,1.770237272024033e-07,1.77029339817227e-07,1.77034951168372e-07,1.770405612573603e-07,1.7704617007956174e-07,1.7705177763863754e-07,1.7705738393405085e-07,1.7706298896684466e-07,1.7706859273761938e-07,1.7707419524663054e-07,1.7707979649482958e-07,1.7708539648271262e-07,1.7709099521071818e-07,1.7709659267936443e-07,1.7710218888893295e-07,1.771077838403266e-07,1.7711337753409493e-07,1.7711896997066684e-07,1.771245611504135e-07,1.7713015107283776e-07,1.7713573974099333e-07,1.7714132715392058e-07,1.7714691331247257e-07,1.7715249821698258e-07,1.7715808186803596e-07,1.771636642658877e-07,1.7716924541150783e-07,1.7717482530555157e-07,1.7718040393994617e-07,1.7718598133136222e-07,1.771915574728029e-07,1.7719713236449466e-07,1.7720270600698547e-07,1.7720827840076997e-07,1.7721384954696938e-07,1.7721941944494421e-07,1.7722498809583398e-07,1.772305555001772e-07,1.7723612165849803e-07,1.7724168657126074e-07,1.7724725023422614e-07,1.7725281265756487e-07,1.77258373837017e-07,1.7726393377303275e-07,1.772694924659903e-07,1.7727504991667636e-07,1.7728060612550957e-07,1.7728616109320406e-07,1.7729171482014848e-07,1.7729726730666083e-07,1.7730281855360875e-07,1.773083685613229e-07,1.7731391733026433e-07,1.7731946486119753e-07,1.773250111544901e-07,1.7733055621071815e-07,1.7733610003032549e-07,1.7734164261439042e-07,1.7734718396241576e-07,1.7735272407530887e-07,1.7735826295367298e-07,1.7736380059817744e-07,1.7736933700926255e-07,1.7737487218747105e-07,1.7738040613325073e-07,1.7738593884695956e-07,1.7739147032949977e-07,1.7739700058117245e-07,1.7740252960241026e-07,1.7740805739395007e-07,1.7741358395606356e-07,1.774191092895308e-07,1.774246333947342e-07,1.7743015627218454e-07,1.7743567792225516e-07,1.7744119834575587e-07,1.774467175430826e-07,1.7745223551460346e-07,1.7745775226108832e-07,1.774632677827762e-07,1.7746878208027452e-07,1.774742951542362e-07,1.7747980700499221e-07,1.7748531763340599e-07,1.7749082703967989e-07,1.7749633522435675e-07,1.7750184218809638e-07,1.77507347931261e-07,1.7751285245442847e-07,1.7751835575796826e-07,1.775238578423875e-07,1.7752935870857027e-07,1.7753485835665182e-07,1.7754035678739368e-07,1.7754585400118243e-07,1.775513499984767e-07,1.7755684477987758e-07,1.7756233834573957e-07,1.7756783069694873e-07,1.775733218333773e-07,1.7757881175601754e-07,1.7758430046528927e-07,1.7758978796151118e-07,1.7759527424545669e-07,1.7760075931755432e-07,1.776062431782253e-07,1.776117258281165e-07,1.7761720726766205e-07,1.7762268749730247e-07,1.776281665176252e-07,1.7763364432914974e-07,1.7763912093151432e-07,1.776445963268835e-07,1.7765007051494264e-07,1.7765554349632136e-07,1.7766101527129747e-07,1.7766648584058002e-07,1.7767195520686548e-07,1.7767742336607214e-07,1.7768289032091814e-07,1.7768835607204425e-07,1.7769382061958825e-07,1.7769928396455554e-07,1.77704746107169e-07,1.7771020704809414e-07,1.7771566678765568e-07,1.7772112532629942e-07,1.7772658266486134e-07,1.777320388036402e-07,1.7773749374317722e-07,1.7774294748387824e-07,1.7774840002741447e-07,1.7775385137192598e-07,1.7775930151934428e-07,1.777647504698999e-07,1.7777019822415082e-07,1.77775644782406e-07,1.7778109014562895e-07,1.7778653431403903e-07,1.7779197728664313e-07,1.7779741906695663e-07,1.7780285965294732e-07,1.7780829904699527e-07,1.77813737248675e-07,1.7781917425860737e-07,1.7782461007715587e-07,1.7783004470490852e-07,1.7783547814227805e-07,1.778409103903472e-07,1.7784634144859967e-07,1.77851771317781e-07,1.7785719999805406e-07,1.7786262749052658e-07,1.778680537975701e-07,1.7787347891531776e-07,1.7787890284768282e-07,1.7788432559410996e-07,1.7788974715520245e-07,1.7789516753173183e-07,1.7790058672339169e-07,1.779060047312236e-07,1.7791142155791083e-07,1.7791683719922425e-07,1.7792225165794042e-07,1.779276649410158e-07,1.7793307703626455e-07,1.7793848795176718e-07,1.7794389768686054e-07,1.779493062405888e-07,1.779547136149115e-07,1.7796011981004066e-07,1.7796552482678003e-07,1.7797092866585615e-07,1.7797633132673535e-07,1.7798173281064395e-07,1.779871331177104e-07,1.7799253224886383e-07,1.7799793020477433e-07,1.7800332698603174e-07,1.7800872259288832e-07,1.7801411702536967e-07,1.7801951028404702e-07,1.7802490236954612e-07,1.7803029327501224e-07,1.7803568301642093e-07,1.7804107158567624e-07,1.7804645898188274e-07,1.7805184520725372e-07,1.7805723025811628e-07,1.780626141393049e-07,1.7806799685499364e-07,1.7807337840314293e-07,1.7807875877681303e-07,1.7808413799012655e-07,1.7808951603323804e-07,1.7809489290978693e-07,1.781002686225433e-07,1.781056431688484e-07,1.7811101654205898e-07,1.7811638875753874e-07,1.7812175980788315e-07,1.7812712969276983e-07,1.7813249841436879e-07,1.781378659666228e-07,1.7814323236259324e-07,1.7814859759629845e-07,1.7815396166772328e-07,1.7815932457994632e-07,1.7816468630411348e-07,1.7817004690142262e-07,1.7817540632124803e-07,1.78180764586925e-07,1.7818612170050426e-07,1.781914776538176e-07,1.781968324508224e-07,1.7820218608737988e-07,1.7820753857706996e-07,1.7821288990088606e-07,1.782182400696006e-07,1.7822358908609877e-07,1.7822893693874534e-07,1.782342836441494e-07,1.7823962918415798e-07,1.782449735646097e-07,1.7825031680862753e-07,1.7825565890620842e-07,1.7826099984303454e-07,1.7826633962960626e-07,1.7827167826578763e-07,1.7827701575105607e-07,1.782823520841588e-07,1.782876872722324e-07,1.7829302130594697e-07,1.7829835418598627e-07,1.783036859100507e-07,1.7830901649830283e-07,1.7831434593338245e-07,1.7831967422612956e-07,1.7832500137397188e-07,1.7833032737480867e-07,1.783356522217306e-07,1.7834097593938885e-07,1.7834629849998647e-07,1.7835161990493673e-07,1.7835694017682878e-07,1.783622593122126e-07,1.7836757728624356e-07,1.7837289413471007e-07,1.7837820983510252e-07,1.7838352440016344e-07,1.783888378241565e-07,1.783941501009477e-07,1.783994612383776e-07,1.784047712421281e-07,1.7841008010812674e-07,1.7841538782796645e-07,1.784206944155298e-07,1.784259998724375e-07,1.78431304184897e-07,1.7843660736193358e-07,1.7844190940221917e-07,1.784472103049841e-07,1.7845251006795384e-07,1.7845780870228064e-07,1.7846310620030475e-07,1.784684025589107e-07,1.7847369778859082e-07,1.7847899188575245e-07,1.7848428484102692e-07,1.7848957666712342e-07,1.784948673669569e-07,1.785001569356133e-07,1.785054453739153e-07,1.7851073268283964e-07,1.785160188598017e-07,1.785213039096534e-07,1.7852658782828544e-07,1.785318706119382e-07,1.7853715227455747e-07,1.7854243280644074e-07,1.7854771221695701e-07,1.7855299049697124e-07,1.7855826765172736e-07,1.7856354367630651e-07,1.7856881857952672e-07,1.7857409235820559e-07,1.7857936501268133e-07,1.785846365411651e-07,1.7858990695513695e-07,1.7859517622247285e-07,1.786004443812139e-07,1.7860571141999844e-07,1.7861097733568988e-07,1.7861624212964696e-07,1.7862150580382566e-07,1.7862676835737234e-07,1.7863202979011205e-07,1.786372901037261e-07,1.7864254930230172e-07,1.78647807378221e-07,1.7865306434183793e-07,1.7865832018123877e-07,1.7866357490429643e-07,1.78668828508008e-07,1.786740810115023e-07,1.7867933238467694e-07,1.7868458265207056e-07,1.786898317930024e-07,1.7869507981603956e-07,1.7870032673042695e-07,1.7870557253313664e-07,1.7871081723429057e-07,1.787160608033179e-07,1.7872130325937283e-07,1.7872654461001825e-07,1.7873178484547295e-07,1.7873702397045782e-07,1.7874226198519095e-07,1.7874749889237966e-07,1.7875273469615242e-07,1.7875796937814826e-07,1.787632029578856e-07,1.7876843542899693e-07,1.7877366679291288e-07,1.7877889704371777e-07,1.7878412619973818e-07,1.7878935424248736e-07,1.7879458118020403e-07,1.7879980701052277e-07,1.7880503173351478e-07,1.78810255360697e-07,1.7881547787730047e-07,1.7882069928931994e-07,1.7882591959822296e-07,1.7883113880446268e-07,1.7883635690860962e-07,1.788415739087057e-07,1.7884678980822697e-07,1.7885200460163555e-07,1.788572183050432e-07,1.788624309035805e-07,1.788676423972489e-07,1.788728527949394e-07,1.7887806209346382e-07,1.788832702916477e-07,1.788884774013314e-07,1.7889368341606473e-07,1.7889888832366123e-07,1.7890409213180011e-07,1.789092948450835e-07,1.7891449646254588e-07,1.7891969699112294e-07,1.789248964161202e-07,1.7893009474763374e-07,1.789352919862818e-07,1.7894048813436834e-07,1.7894568318507136e-07,1.7895087714247555e-07,1.789560700082114e-07,1.7896126179790668e-07,1.789664524770881e-07,1.7897164207055387e-07,1.7897683057239265e-07,1.7898201798945917e-07,1.789872043128345e-07,1.789923895371592e-07,1.78997573678169e-07,1.7900275673341528e-07,1.7900793869767748e-07,1.7901311957215567e-07,1.7901829936114859e-07,1.790234780635176e-07,1.7902865567939044e-07,1.7903383220778344e-07,1.7903900765218773e-07,1.790441820111049e-07,1.7904935528861909e-07,1.790545274790344e-07,1.7905969859555983e-07,1.7906486861862913e-07,1.7907003756151831e-07,1.7907520541904606e-07,1.7908037220593649e-07,1.7908553791235034e-07,1.7909070253765856e-07,1.7909586607829234e-07,1.7910102853156435e-07,1.791061899098784e-07,1.7911135021196845e-07,1.7911650941735793e-07,1.791216675591271e-07,1.7912682462182778e-07,1.791319806125053e-07,1.7913713552504267e-07,1.7914228935485976e-07,1.791474421087876e-07,1.7915259377477026e-07,1.7915774436638812e-07,1.7916289388802136e-07,1.7916804234034551e-07,1.7917318971266463e-07,1.7917833602229996e-07,1.7918348125943213e-07,1.7918862541538778e-07,1.7919376850338256e-07,1.7919891051606547e-07,1.7920405145802636e-07,1.7920919132500356e-07,1.79214330121042e-07,1.7921946784642355e-07,1.7922460449464936e-07,1.792297400720428e-07,1.7923487458020544e-07,1.792400080168238e-07,1.792451403850992e-07,1.792502716865815e-07,1.792554019189566e-07,1.792605310876518e-07,1.792656591878809e-07,1.792707862200258e-07,1.7927591218344433e-07,1.7928103708740375e-07,1.79286160918947e-07,1.7929128369487712e-07,1.7929640540706956e-07,1.7930152605501754e-07,1.7930664563877122e-07,1.793117641598372e-07,1.7931688161764058e-07,1.7932199801270138e-07,1.7932711334620935e-07,1.7933222761806423e-07,1.793373408294476e-07,1.7934245297976912e-07,1.793475640699466e-07,1.7935267410040118e-07,1.793577830715342e-07,1.7936289098377875e-07,1.793679978375431e-07,1.7937310363324755e-07,1.7937820837129352e-07,1.7938331205208914e-07,1.7938841467608313e-07,1.793935162436664e-07,1.7939861675525226e-07,1.7940371621125908e-07,1.794088146120925e-07,1.7941391195818843e-07,1.794190082499377e-07,1.7942410348763645e-07,1.7942919767182202e-07,1.794342908028631e-07,1.794393828811727e-07,1.794444739017951e-07,1.7944956387665442e-07,1.7945465281913226e-07,1.794597406918317e-07,1.7946482750803764e-07,1.7946991327989937e-07,1.7947499801221263e-07,1.794800816838588e-07,1.7948516430165115e-07,1.7949024587564e-07,1.7949532640151326e-07,1.7950040587933365e-07,1.795054843097764e-07,1.7951056169331451e-07,1.7951563803053762e-07,1.795207133215827e-07,1.7952578756670648e-07,1.7953086076653482e-07,1.7953593292154738e-07,1.795410040326308e-07,1.7954607409985583e-07,1.795511431221543e-07,1.7955621110151845e-07,1.7956127803894827e-07,1.795663439330265e-07,1.795714087856422e-07,1.795764725965931e-07,1.795815353663016e-07,1.7958659709515576e-07,1.7959165778492503e-07,1.7959671743334986e-07,1.7960177604212398e-07,1.7960683360990637e-07,1.7961189014003353e-07,1.7961694563246767e-07,1.7962200008454174e-07,1.7962705350142885e-07,1.7963210588245434e-07,1.7963715722467877e-07,1.7964220753232627e-07,1.7964725680209192e-07,1.796523050390315e-07,1.796573522384689e-07,1.7966239840332768e-07,1.7966744353357513e-07,1.7967248762986846e-07,1.796775306925223e-07,1.7968257272576633e-07,1.7968761372237128e-07,1.7969265369642168e-07,1.7969769262903072e-07,1.7970273052974156e-07,1.7970776740100312e-07,1.7971280323971984e-07,1.797178380480569e-07,1.7972287182701545e-07,1.7972790457903562e-07,1.7973293630471139e-07,1.797379669954304e-07,1.7974299665794685e-07,1.7974802529623494e-07,1.7975305289731988e-07,1.797580794761163e-07,1.7976310503049825e-07,1.7976812955613644e-07,1.7977315305644808e-07,1.797781755306274e-07,1.797831969801715e-07,1.7978821740461114e-07,1.7979323679736834e-07,1.7979825517247195e-07,1.7980327252304803e-07,1.7980828884071062e-07,1.7981330415001437e-07,1.7981831843194815e-07,1.7982333169188956e-07,1.7982834393029e-07,1.7983335514732974e-07,1.7983836534432032e-07,1.798433745247651e-07,1.7984838268413614e-07,1.7985338982241234e-07,1.7985839594141142e-07,1.7986340106514184e-07,1.7986840514746255e-07,1.7987340821086193e-07,1.798784102572739e-07,1.7988341128517752e-07,1.7988841129616474e-07,1.7989341029049518e-07,1.7989840827033542e-07,1.7990340523432378e-07,1.7990840118128503e-07,1.7991339611289902e-07,1.7991839003041655e-07,1.7992338293345034e-07,1.7992837481320928e-07,1.7993336568490708e-07,1.7993835554307565e-07,1.7994334439368357e-07,1.7994833222295318e-07,1.799533190387963e-07,1.7995830485314243e-07,1.7996328965152652e-07,1.7996827344061468e-07,1.7997325622258265e-07,1.7997823799518177e-07,1.799832187589801e-07,1.7998819851748063e-07,1.7999317726231702e-07,1.7999815499576455e-07,1.8000313172416386e-07,1.8000810744505032e-07,1.8001308215685932e-07,1.8001805585897702e-07,1.8002302856922667e-07,1.8002800026016585e-07,1.80032970949003e-07,1.800379406295145e-07,1.8004290930238336e-07,1.8004787697357549e-07,1.800528436443898e-07,1.800578092990199e-07,1.8006277396178372e-07,1.8006773762154726e-07,1.8007270028889387e-07,1.8007766194675384e-07,1.8008262259980475e-07,1.8008758225132927e-07,1.8009254090435254e-07,1.8009749855380299e-07,1.8010245520299175e-07,1.8010741085123676e-07,1.801123655030631e-07,1.8011731915379637e-07,1.8012227180571667e-07,1.801272234660612e-07,1.80132174106401e-07,1.8013712376636305e-07,1.8014207242496164e-07,1.801470200905693e-07,1.8015196676474737e-07,1.8015691243274579e-07,1.8016185710609604e-07,1.8016680078578044e-07,1.8017174347337905e-07,1.801766851639544e-07,1.8018162585967045e-07,1.8018656556238706e-07,1.8019150427081137e-07,1.801964419839601e-07,1.8020137870883214e-07,1.8020631444671768e-07,1.8021124918532893e-07,1.8021618293205534e-07,1.8022111568735726e-07,1.8022604743326855e-07,1.8023097820756928e-07,1.8023590799078532e-07,1.8024083678510202e-07,1.802457645895612e-07,1.8025069142142087e-07,1.8025561724832521e-07,1.8026054208777613e-07,1.8026546593866e-07,1.8027038880747973e-07,1.802753106836474e-07,1.80280231573698e-07,1.8028515147908593e-07,1.8029007039645316e-07,1.8029498832876922e-07,1.802999052764766e-07,1.8030482124524024e-07,1.8030973622403757e-07,1.8031465021503375e-07,1.8031956322445107e-07,1.8032447525172466e-07,1.8032938629595881e-07,1.80334296357379e-07,1.803392054345947e-07,1.8034411352963906e-07,1.803490206430189e-07,1.8035392675724952e-07,1.8035883190992374e-07,1.8036373608216099e-07,1.8036863927591736e-07,1.8037354148957644e-07,1.80378442724447e-07,1.80383342980186e-07,1.8038824225701035e-07,1.8039314056688598e-07,1.803980378847079e-07,1.8040293422864522e-07,1.8040782959198905e-07,1.8041272397867038e-07,1.804176173990967e-07,1.804225098452833e-07,1.8042740131397661e-07,1.804322918078679e-07,1.8043718131602104e-07,1.8044206986144247e-07,1.804469574319487e-07,1.8045184402757725e-07,1.8045672964379526e-07,1.8046161428825272e-07,1.8046649795835052e-07,1.80471380662254e-07,1.8047626238934918e-07,1.8048114314782083e-07,1.8048602293116618e-07,1.8049090174276542e-07,1.8049577958578178e-07,1.8050065644787881e-07,1.8050553235065955e-07,1.8051040727843883e-07,1.8051528124284457e-07,1.805201542389563e-07,1.8052502626653456e-07,1.8052989732622038e-07,1.8053476741937046e-07,1.8053963654534324e-07,1.805445047035187e-07,1.805493718953469e-07,1.8055423812164336e-07,1.8055910338150562e-07,1.8056396767644608e-07,1.8056883100617792e-07,1.80573693374252e-07,1.8057855477555524e-07,1.8058341521274524e-07,1.8058827468658536e-07,1.8059313319735194e-07,1.8059799074456653e-07,1.8060284732879463e-07,1.8060770295462943e-07,1.8061255761638335e-07,1.8061741131669346e-07,1.8062226405535907e-07,1.8062711583465426e-07,1.8063196665250914e-07,1.8063681651197403e-07,1.8064166541092243e-07,1.8064651334991447e-07,1.806513603300461e-07,1.8065620635182591e-07,1.8066105141549246e-07,1.8066589550921644e-07,1.8067073865763764e-07,1.806755808490562e-07,1.8068042208345778e-07,1.80685262361507e-07,1.8069010168391304e-07,1.8069494004796286e-07,1.8069977745983035e-07,1.8070461391407876e-07,1.8070944941686583e-07,1.8071428396509566e-07,1.8071911755906058e-07,1.8072395019882214e-07,1.8072878188561485e-07,1.8073361262046712e-07,1.807384424032175e-07,1.807432712359591e-07,1.807480991141354e-07,1.807529260463713e-07,1.8075775202220064e-07,1.8076257704669535e-07,1.807674011198324e-07,1.807722242454099e-07,1.8077704642225052e-07,1.8078186764810422e-07,1.807866879260723e-07,1.8079150727273802e-07,1.8079632565297186e-07,1.808011430861231e-07,1.8080595957351465e-07,1.8081077512018688e-07,1.8081558971370603e-07,1.8082040335947595e-07,1.8082521605785833e-07,1.8083002781005782e-07,1.8083483861571453e-07,1.80839648479445e-07,1.8084445739770708e-07,1.8084926537065218e-07,1.8085407239997302e-07,1.808588784860074e-07,1.8086368362624548e-07,1.8086848782687057e-07,1.808732910850412e-07,1.8087809340010235e-07,1.8088289477467344e-07,1.80887695207391e-07,1.8089249469879095e-07,1.8089729324932204e-07,1.8090209085852295e-07,1.8090688752712494e-07,1.8091168325785574e-07,1.8091647804748643e-07,1.8092127189980716e-07,1.80926064811205e-07,1.8093085677849512e-07,1.809356478142258e-07,1.8094043791225218e-07,1.809452270728053e-07,1.8095001529575928e-07,1.8095480258272102e-07,1.8095958893343453e-07,1.8096437434892706e-07,1.8096915882774908e-07,1.809739423712084e-07,1.8097872498288565e-07,1.809835066574082e-07,1.8098828739995981e-07,1.8099306720601354e-07,1.8099784607850152e-07,1.8100262401622757e-07,1.8100740102128824e-07,1.8101217709536107e-07,1.8101695223595495e-07,1.8102172644676385e-07,1.810264997341667e-07,1.8103127208373967e-07,1.8103604350000575e-07,1.8104081398674568e-07,1.8104558354514108e-07,1.8105035217173405e-07,1.8105511986897074e-07,1.8105988663735771e-07,1.810646524895565e-07,1.810694174086026e-07,1.8107418140649529e-07,1.81078944461868e-07,1.81083706594091e-07,1.8108846779510987e-07,1.8109322807192331e-07,1.8109798742023894e-07,1.81102745843007e-07,1.8110750334066427e-07,1.8111225991146828e-07,1.8111701555841748e-07,1.8112177028008376e-07,1.8112652407768454e-07,1.8113127695133426e-07,1.8113602890141242e-07,1.8114077992826935e-07,1.8114553003205836e-07,1.8115027921334352e-07,1.8115502747042095e-07,1.8115977480991582e-07,1.8116452122461723e-07,1.81169266718852e-07,1.81174011293278e-07,1.8117875494584492e-07,1.8118349767783673e-07,1.8118823949262704e-07,1.811929803774802e-07,1.8119772035383785e-07,1.8120245940918275e-07,1.8120719753042923e-07,1.8121193474828552e-07,1.8121667104875394e-07,1.812214064312472e-07,1.812261408953981e-07,1.8123087444663953e-07,1.8123560707931053e-07,1.8124033879749887e-07,1.8124506959711224e-07,1.8124979948568874e-07,1.81254528454778e-07,1.8125925651988447e-07,1.8126398366067693e-07,1.8126870988987477e-07,1.8127343520182572e-07,1.812781595923673e-07,1.8128288307841672e-07,1.8128760565212108e-07,1.8129232731176766e-07,1.8129704805926073e-07,1.8130176789534e-07,1.8130648681962133e-07,1.8131120483274443e-07,1.8131592193861443e-07,1.8132063813138002e-07,1.8132535341386308e-07,1.8133006778626535e-07,1.813347812504342e-07,1.8133949380450064e-07,1.8134420544866138e-07,1.8134891618444217e-07,1.8135362601244632e-07,1.8135833493261048e-07,1.8136304294384524e-07,1.813677500490623e-07,1.8137245625471928e-07,1.8137716154318987e-07,1.8138186592898647e-07,1.813865694089593e-07,1.8139127198320362e-07,1.8139597365055773e-07,1.8140067441494318e-07,1.8140537426868765e-07,1.814100732242459e-07,1.8141477127670568e-07,1.8141946842507358e-07,1.8142416466997417e-07,1.8142886000963296e-07,1.814335544467028e-07,1.8143824798417228e-07,1.8144294061707447e-07,1.8144763234827947e-07,1.8145232317823792e-07,1.8145701310739425e-07,1.8146170213586956e-07,1.8146639026393814e-07,1.814710774920997e-07,1.8147576382058968e-07,1.814804492497438e-07,1.8148513377999412e-07,1.8148981741157581e-07,1.8149450014475095e-07,1.8149918197993326e-07,1.815038629173485e-07,1.815085429574255e-07,1.815132221004879e-07,1.8151790034690463e-07,1.815225776969826e-07,1.815272541509547e-07,1.8153192970919035e-07,1.8153660437201792e-07,1.8154127813965657e-07,1.8154595101257443e-07,1.8155062299107846e-07,1.8155529407535416e-07,1.8155996426598224e-07,1.81564633562991e-07,1.8156930196672414e-07,1.8157396947776849e-07,1.8157863609632884e-07,1.815833018228323e-07,1.81587966657294e-07,1.8159263060014578e-07,1.815972936518175e-07,1.816019558125601e-07,1.8160661708277074e-07,1.816112774625874e-07,1.8161593695262713e-07,1.816205955530962e-07,1.8162525326434022e-07,1.8162991008639067e-07,1.8163456601979597e-07,1.8163922106506347e-07,1.8164387522227307e-07,1.816485284918108e-07,1.8165318087368194e-07,1.8165783236862617e-07,1.8166248297680888e-07,1.8166713269839943e-07,1.8167178153387165e-07,1.8167642948388323e-07,1.816810765483931e-07,1.816857227272917e-07,1.8169036802173385e-07,1.8169501243161803e-07,1.8169965595712615e-07,1.8170429859874516e-07,1.8170894035726735e-07,1.817135812323847e-07,1.8171822122456047e-07,1.817228603339422e-07,1.8172749856060429e-07,1.8173213590472393e-07,1.8173677236821462e-07,1.8174140795052137e-07,1.8174604265146846e-07,1.8175067647195118e-07,1.8175530941188558e-07,1.8175994147098812e-07,1.8176457265111615e-07,1.8176920295168758e-07,1.817738323725337e-07,1.8177846091480927e-07,1.817830885780105e-07,1.8178771536309633e-07,1.8179234127095195e-07,1.8179696630107525e-07,1.8180159045395195e-07,1.8180621372995694e-07,1.8181083612899552e-07,1.8181545765126516e-07,1.8182007829717882e-07,1.818246980671322e-07,1.818293169621539e-07,1.8183393498199326e-07,1.8183855212713714e-07,1.8184316839758757e-07,1.8184778379340415e-07,1.8185239832354548e-07,1.8185701197250306e-07,1.8186162475597537e-07,1.818662366666597e-07,1.8187084770495289e-07,1.8187545787250097e-07,1.818800671587083e-07,1.818846755827449e-07,1.818892831355894e-07,1.8189388981748237e-07,1.818984956297725e-07,1.8190310055629657e-07,1.8190770462725199e-07,1.8191230782958915e-07,1.819169101619443e-07,1.8192151162528687e-07,1.819261122145493e-07,1.8193071193562635e-07,1.819353107939722e-07,1.8193990878452134e-07,1.8194450590499952e-07,1.8194910216105517e-07,1.8195369755087683e-07,1.8195829207443132e-07,1.8196288574404913e-07,1.819674785276573e-07,1.8197207044844404e-07,1.8197666150545463e-07,1.8198125169623306e-07,1.8198584102473125e-07,1.8199042948581127e-07,1.819950170827121e-07,1.8199960381256496e-07,1.8200418967913036e-07,1.8200877467829935e-07,1.820133588117106e-07,1.8201794208912585e-07,1.8202252451172011e-07,1.8202710605876305e-07,1.8203168675628448e-07,1.820362665920745e-07,1.8204084556491634e-07,1.8204542367058978e-07,1.820500009227146e-07,1.8205457731499975e-07,1.8205915284766377e-07,1.820637275210983e-07,1.8206830133478942e-07,1.820728742884399e-07,1.8207744638347328e-07,1.8208201762101143e-07,1.8208658799950287e-07,1.8209115752158743e-07,1.8209572618571902e-07,1.8210029399343605e-07,1.82104860944775e-07,1.8210942703934658e-07,1.8211399228341842e-07,1.8211855666718622e-07,1.8212312019427797e-07,1.821276828660537e-07,1.8213224468228739e-07,1.8213680564503205e-07,1.821413657520686e-07,1.8214592500565698e-07,1.8215048340895042e-07,1.8215504095495732e-07,1.82159597647914e-07,1.8216415348805196e-07,1.8216870847518032e-07,1.82173262612896e-07,1.8217781589887324e-07,1.8218236833096007e-07,1.8218691991142602e-07,1.8219147063966595e-07,1.8219602052000802e-07,1.8220056954776112e-07,1.8220511772600312e-07
13,1.0467309040505193e-23,1.826303512703964e-23,2.4069049354697577e-23,2.839318809940666e-23,3.1613672094716085e-23,3.4012188367773585e-23,3.579852865891213e-23,3.712893932722581e-23,3.8119787797503234e-23,3.885774090811015e-23,3.940734542363065e-23,3.981667376559991e-23,4.0121528778891695e-23,4.0348575307016435e-23,4.0517672496691283e-23,4.0643610822158247e-23,4.073740576843691e-23,4.0807261326027084e-23,4.0859287571786916e-23,4.089803510085035e-23,4.092689305487696e-23,4.094838556113336e-23,4.0964392511061127e-23,4.097631398931641e-23,4.0985192735385446e-23,4.099180534920094e-23,4.0996730218221435e-23,4.1000398107432033e-23,4.10031298371907e-23,4.100516434451819e-23,4.100667958227239e-23,4.100780808420367e-23,4.100864855733116e-23,4.100927451556347e-23,4.100974070977851e-23,4.1010087916724455e-23,4.1010346505656254e-23,4.1010539094646595e-23,4.101068252893228e-23,4.101078935432952e-23,4.101086891455893e-23,4.101092816854232e-23,4.101097229906801e-23,4.1011005166107896e-23,4.10110296444567e-23,4.1011047875169196e-23,4.101106145283651e-23,4.101107156506282e-23,4.101107909633443e-23,4.101108470538924e-23,4.1011088882838845e-23,4.10110919940733e-23,4.101109431122416e-23,4.101109603696599e-23,4.101109732224341e-23,4.101109827947787e-23,4.1011098992397624e-23,4.101109952336082e-23,4.1011099918802965e-23,4.1011100213315904e-23,4.101110043266151e-23,4.101110059602166e-23,4.101110071768729e-23,4.101110080830157e-23,4.1011100875788256e-23,4.101110092604705e-23,4.101110096347993e-23,4.1011100991358746e-23,4.101110101212323e-23,4.101110102758805e-23,4.10111010391043e-23,4.1011101047681424e-23,4.101110105406977e-23,4.101110105882733e-23,4.1011101062369084e-23,4.1011101065009544e-23,4.1011101066974683e-23,4.101110106843838e-23,4.1011101069529867e-23,4.10111010703412e-23,4.1011101070945626e-23,4.1011101071396963e-23,4.101110107173067e-23,4.101110107198057e-23,4.101110107216633e-23,4.101110107230618e-23,4.101110107240778e-23,4.101110107248572e-23,4.101110107254369e-23,4.1011101072586035e-23,4.101110107261777e-23,4.1011101072641136e-23,4.101110107265964e-23,4.1011101072672287e-23,4.1011101072681943e-23,4.1011101072688867e-23,4.101110107269502e-23,4.101110107269849e-23,4.1011101072700857e-23,4.101110107270259e-23,4.1011101072703995e-23,4.1011101072704836e-23,4.101110107270457e-23,4.101110107270548e-23,4.1011101072706076e-23,4.101110107270653e-23,4.101110107270674e-23,4.101110107270689e-23,4.101110107270676e-23,4.101110107270713e-23,4.101110107270668e-23,4.1011101072706393e-23,4.1011101072706035e-23,4.1011101072705894e-23,4.1011101072705794e-23,4.101110107270583e-23,4.101110107270586e-23,4.101110107270588e-23,4.1011101072705635e-23,4.101110107270543e-23,4.1011101072705424e-23,4.10111010727054e-23,4.1011101072705435e-23,4.1011101072705606e-23,4.101110107270575e-23,4.101110107270593e-23,4.101110107270583e-23,4.1011101072705794e-23,4.101110107270571e-23,4.101110107270568e-23,4.1011101072705606e-23,4.1011101072705594e-23,4.101110107270545e-23,4.1011101072705424e-23,4.101110107270558e-23,4.101110107270561e-23,4.1011101072705665e-23,4.101110107270573e-23,4.1011101072705823e-23,4.1011101072705994e-23,4.101110107270616e-23,4.1011101072705847e-23,4.101110107270577e-23,4.1011101072705336e-23,4.101110107270539e-23,4.101110107270544e-23,4.101110107270551e-23,4.1011101072705024e-23,4.101110107270489e-23,4.101110107270509e-23,4.1011101072705124e-23,4.101110107270518e-23,4.101110107270548e-23,4.101110107270531e-23,4.101110107270519e-23,4.1011101072704936e-23,4.101110107270488e-23,4.101110107270505e-23,4.1011101072704965e-23,4.1011101072704995e-23,4.1011101072705095e-23,4.101110107270513e-23,4.101110107270547e-23,4.101110107270524e-23,4.1011101072705706e-23,4.101110107270568e-23,4.101110107270566e-23,4.101110107270562e-23,4.1011101072705794e-23,4.101110107270592e-23,4.101110107270577e-23,4.1011101072705835e-23,4.101110107270601e-23,4.101110107270597e-23,4.1011101072705864e-23,4.1011101072705747e-23,4.101110107270552e-23,4.1011101072705694e-23,4.101110107270563e-23,4.1011101072705694e-23,4.101110107270556e-23,4.1011101072705565e-23,4.10111010727055e-23,4.101110107270555e-23,4.1011101072705394e-23,4.1011101072704936e-23,4.1011101072705095e-23,4.101110107270521e-23,4.10111010727053e-23,4.101110107270522e-23,4.1011101072705153e-23,4.1011101072705106e-23,4.101110107270507e-23,4.1011101072704906e-23,4.1011101072705165e-23,4.1011101072705e-23,4.101110107270488e-23,4.1011101072704783e-23,4.101110107270469e-23,4.1011101072704624e-23,4.101110107270458e-23,4.101110107270455e-23,4.1011101072704524e-23,4.1011101072704507e-23,4.1011101072704654e-23,4.101110107270497e-23,4.101110107270527e-23,4.101110107270499e-23,4.101110107270478e-23,4.1011101072704883e-23,4.1011101072704936e-23,4.101110107270498e-23,4.1011101072705124e-23,4.1011101072704683e-23,4.1011101072704765e-23,4.1011101072704883e-23,4.101110107270488e-23,4.10111010727048e-23,4.101110107270519e-23,4.1011101072705024e-23,4.1011101072705e-23,4.101110107270506e-23,4.10111010727052e-23,4.101110107270539e-23,4.1011101072704965e-23,4.101110107270486e-23,4.101110107270509e-23,4.1011101072705236e-23,4.1011101072705253e-23,4.101110107270522e-23,4.101110107270554e-23,4.101110107270539e-23,4.101110107270549e-23,4.1011101072705553e-23,4.1011101072705306e-23,4.1011101072705565e-23,4.1011101072705676e-23,4.10111010727056e-23,4.10111010727056e-23,4.1011101072705676e-23,4.101110107270566e-23,4.101110107270572e-23,4.10111010727057e-23,4.101110107270528e-23,4.1011101072705153e-23,4.101110107270497e-23,4.101110107270521e-23,4.101110107270495e-23,4.1011101072705095e-23,4.1011101072704865e-23,4.101110107270503e-23,4.101110107270483e-23,4.101110107270469e-23,4.101110107270462e-23,4.1011101072704683e-23,4.101110107270473e-23,4.101110107270477e-23,4.101110107270479e-23,4.1011101072704795e-23,4.101110107270481e-23,4.1011101072704636e-23,4.101110107270503e-23,4.101110107270503e-23,4.101110107270528e-23,4.1011101072705206e-23,4.101110107270525e-23,4.101110107270547e-23,4.1011101072705477e-23,4.101110107270539e-23,4.1011101072704906e-23,4.101110107270487e-23,4.1011101072704965e-23,4.101110107270509e-23,4.101110107270517e-23,4.101110107270508e-23,4.101110107270498e-23,4.1011101072704936e-23,4.101110107270502e-23,4.101110107270484e-23,4.101110107270484e-23,4.101110107270487e-23,4.101110107270502e-23,4.101110107270478e-23,4.1011101072704906e-23,4.101110107270512e-23,4.1011101072705065e-23,4.101110107270495e-23,4.101110107270505e-23,4.1011101072704906e-23,4.10111010727046e-23,4.101110107270452e-23,4.101110107270476e-23,4.101110107270477e-23,4.1011101072704754e-23,4.1011101072704754e-23,4.1011101072704754e-23,4.101110107270476e-23,4.10111010727048e-23,4.101110107270483e-23,4.101110107270482e-23,4.101110107270466e-23,4.1011101072704695e-23,4.1011101072704695e-23,4.101110107270509e-23,4.1011101072705365e-23,4.1011101072705424e-23,4.1011101072705377e-23,4.1011101072705306e-23,4.1011101072705577e-23,4.10111010727057e-23,4.1011101072705676e-23,4.101110107270575e-23,4.101110107270541e-23,4.101110107270516e-23,4.10111010727053e-23,4.1011101072705194e-23,4.101110107270499e-23,4.101110107270522e-23,4.1011101072705e-23,4.101110107270523e-23,4.101110107270511e-23,4.101110107270524e-23,4.101110107270557e-23,4.1011101072705577e-23,4.101110107270558e-23,4.101110107270527e-23,4.1011101072705577e-23,4.1011101072705694e-23,4.1011101072705776e-23,4.1011101072705823e-23,4.1011101072706064e-23,4.1011101072705794e-23,4.1011101072705624e-23,4.101110107270578e-23,4.1011101072705835e-23,4.101110107270555e-23,4.1011101072705594e-23,4.1011101072705365e-23,4.101110107270505e-23,4.101110107270489e-23,4.101110107270522e-23,4.101110107270527e-23,4.1011101072705424e-23,4.1011101072705324e-23,4.1011101072705336e-23,4.101110107270535e-23,4.101110107270536e-23,4.1011101072705424e-23,4.101110107270525e-23,4.101110107270558e-23,4.101110107270557e-23,4.1011101072705365e-23,4.101110107270513e-23,4.1011101072705006e-23,4.101110107270482e-23,4.101110107270448e-23,4.10111010727044e-23,4.101110107270442e-23,4.1011101072704366e-23,4.1011101072704454e-23,4.1011101072704765e-23,4.101110107270489e-23,4.101110107270494e-23,4.101110107270507e-23,4.1011101072704924e-23,4.101110107270482e-23,4.1011101072704754e-23,4.101110107270483e-23,4.1011101072705365e-23,4.1011101072705236e-23,4.101110107270544e-23,4.101110107270525e-23,4.1011101072705136e-23,4.1011101072705277e-23,4.101110107270539e-23,4.1011101072705277e-23,4.1011101072705524e-23,4.1011101072705506e-23,4.101110107270549e-23,4.101110107270543e-23,4.101110107270542e-23,4.1011101072705435e-23,4.1011101072705794e-23,4.1011101072705947e-23,4.101110107270597e-23,4.101110107270593e-23,4.1011101072705864e-23,4.101110107270582e-23,4.1011101072705735e-23,4.101110107270588e-23,4.1011101072705935e-23,4.101110107270583e-23,4.10111010727059e-23,4.1011101072705794e-23,4.1011101072705477e-23,4.101110107270546e-23,4.101110107270523e-23,4.1011101072705236e-23,4.101110107270541e-23,4.1011101072705424e-23,4.101110107270569e-23,4.1011101072705306e-23,4.1011101072705306e-23,4.1011101072705424e-23,4.101110107270559e-23,4.1011101072705424e-23,4.1011101072705465e-23,4.1011101072705624e-23,4.101110107270561e-23,4.10111010727055e-23,4.101110107270551e-23,4.1011101072705453e-23,4.101110107270526e-23,4.101110107270512e-23,4.101110107270501e-23,4.101110107270516e-23,4.101110107270524e-23,4.1011101072705194e-23,4.101110107270532e-23,4.1011101072705406e-23,4.101110107270547e-23,4.1011101072705336e-23,4.101110107270524e-23,4.101110107270517e-23,4.101110107270511e-23,4.101110107270507e-23,4.1011101072705036e-23,4.101110107270488e-23,4.1011101072705077e-23,4.1011101072705095e-23,4.101110107270531e-23,4.1011101072705106e-23,4.1011101072704953e-23,4.101110107270504e-23,4.101110107270513e-23,4.101110107270514e-23,4.101110107270503e-23,4.101110107270514e-23,4.1011101072705365e-23,4.1011101072705365e-23,4.1011101072705265e-23,4.101110107270521e-23,4.1011101072705177e-23,4.1011101072705136e-23,4.101110107270512e-23,4.1011101072704865e-23,4.1011101072704654e-23,4.101110107270468e-23,4.101110107270491e-23,4.1011101072705065e-23,4.1011101072705136e-23,4.1011101072705336e-23,4.1011101072705577e-23,4.101110107270554e-23,4.1011101072705694e-23,4.101110107270555e-23,4.1011101072705665e-23,4.1011101072705506e-23,4.101110107270537e-23,4.1011101072705435e-23,4.101110107270593e-23,4.101110107270574e-23,4.1011101072705294e-23,4.1011101072705477e-23,4.101110107270536e-23,4.10111010727053e-23,4.101110107270529e-23,4.101110107270514e-23,4.101110107270503e-23,4.1011101072705065e-23,4.101110107270503e-23,4.101110107270522e-23,4.101110107270518e-23,4.1011101072705365e-23,4.101110107270554e-23,4.10111010727057e-23,4.1011101072705806e-23,4.101110107270559e-23,4.101110107270562e-23,4.101110107270564e-23,4.1011101072705494e-23,4.101110107270539e-23,4.1011101072705306e-23,4.101110107270522e-23,4.1011101072705153e-23,4.1011101072705106e-23,4.1011101072704953e-23,4.10111010727048e-23,4.1011101072704765e-23,4.1011101072704736e-23,4.101110107270484e-23,4.1011101072705065e-23,4.101110107270501e-23,4.1011101072705065e-23,4.101110107270483e-23,4.101110107270466e-23,4.101110107270463e-23,4.1011101072704924e-23,4.1011101072704683e-23,4.101110107270496e-23,4.101110107270477e-23,4.101110107270477e-23,4.101110107270483e-23,4.10111010727051e-23,4.1011101072705136e-23,4.101110107270513e-23,4.1011101072705124e-23,4.101110107270505e-23,4.101110107270494e-23,4.1011101072705077e-23,4.1011101072705095e-23,4.10111010727051e-23,4.101110107270497e-23,4.10111010727046e-23,4.101110107270447e-23,4.101110107270445e-23,4.101110107270464e-23,4.101110107270479e-23,4.101110107270478e-23,4.1011101072704765e-23,4.1011101072704754e-23,4.101110107270471e-23,4.1011101072704683e-23,4.101110107270466e-23,4.101110107270465e-23,4.101110107270463e-23,4.1011101072704624e-23,4.101110107270462e-23,4.1011101072704754e-23,4.1011101072704865e-23,4.1011101072704936e-23,4.101110107270503e-23,4.101110107270509e-23,4.1011101072705136e-23,4.101110107270489e-23,4.10111010727047e-23,4.101110107270457e-23,4.101110107270467e-23,4.101110107270463e-23,4.1011101072704607e-23,4.101110107270457e-23,4.10111010727046e-23,4.101110107270462e-23,4.10111010727046e-23,4.1011101072704683e-23,4.1011101072704765e-23,4.101110107270508e-23,4.1011101072705036e-23,4.10111010727048e-23,4.101110107270473e-23,4.1011101072704895e-23,4.101110107270518e-23,4.101110107270545e-23,4.1011101072705336e-23,4.101110107270515e-23,4.1011101072705e-23,4.1011101072705e-23,4.101110107270489e-23,4.101110107270507e-23,4.101110107270509e-23,4.1011101072704936e-23,4.101110107270469e-23,4.101110107270451e-23,4.101110107270433e-23,4.101110107270428e-23,4.1011101072704095e-23,4.101110107270417e-23,4.1011101072704266e-23,4.10111010727042e-23,4.10111010727044e-23,4.1011101072704854e-23,4.101110107270489e-23,4.1011101072705077e-23,4.101110107270541e-23,4.1011101072705353e-23,4.10111010727053e-23,4.101110107270499e-23,4.1011101072704995e-23,4.101110107270503e-23,4.1011101072705e-23,4.1011101072704854e-23,4.101110107270475e-23,4.101110107270455e-23,4.101110107270448e-23,4.101110107270474e-23,4.101110107270511e-23,4.101110107270528e-23,4.101110107270533e-23,4.101110107270534e-23,4.101110107270536e-23,4.101110107270541e-23,4.101110107270545e-23,4.101110107270547e-23,4.101110107270541e-23,4.101110107270518e-23,4.101110107270497e-23,4.101110107270476e-23,4.101110107270459e-23,4.101110107270461e-23,4.101110107270479e-23,4.101110107270494e-23,4.101110107270495e-23,4.101110107270495e-23,4.101110107270495e-23,4.101110107270469e-23,4.101110107270496e-23,4.101110107270489e-23,4.1011101072704783e-23,4.1011101072705065e-23,4.1011101072704936e-23,4.10111010727048e-23,4.101110107270484e-23,4.101110107270483e-23,4.10111010727051e-23,4.1011101072705194e-23,4.101110107270518e-23,4.1011101072705253e-23,4.101110107270524e-23,4.1011101072704936e-23,4.1011101072705095e-23,4.101110107270483e-23,4.101110107270522e-23,4.101110107270542e-23,4.1011101072705676e-23,4.101110107270582e-23,4.1011101072705864e-23,4.101110107270605e-23,4.1011101072705876e-23,4.101110107270552e-23,4.1011101072705365e-23,4.1011101072705424e-23,4.101110107270546e-23,4.1011101072705353e-23,4.1011101072705294e-23,4.10111010727051e-23,4.1011101072705124e-23,4.1011101072705306e-23,4.1011101072705377e-23,4.1011101072705377e-23,4.1011101072705477e-23,4.101110107270533e-23,4.1011101072705365e-23,4.1011101072705153e-23,4.101110107270507e-23,4.1011101072705177e-23,4.1011101072705236e-23,4.1011101072705165e-23,4.101110107270512e-23,4.101110107270503e-23,4.101110107270518e-23,4.1011101072705194e-23,4.101110107270547e-23,4.1011101072705506e-23,4.101110107270555e-23,4.101110107270536e-23,4.101110107270522e-23,4.1011101072705365e-23,4.101110107270526e-23,4.1011101072705253e-23,4.101110107270517e-23,4.101110107270512e-23,4.101110107270494e-23,4.101110107270473e-23,4.10111010727046e-23,4.101110107270438e-23,4.101110107270431e-23,4.1011101072704325e-23,4.1011101072704483e-23,4.1011101072704466e-23,4.1011101072704583e-23,4.101110107270471e-23,4.1011101072704683e-23,4.101110107270459e-23,4.101110107270452e-23,4.101110107270448e-23,4.1011101072704595e-23,4.1011101072704683e-23,4.1011101072704754e-23,4.1011101072704765e-23,4.101110107270488e-23,4.101110107270486e-23,4.101110107270472e-23,4.101110107270469e-23,4.1011101072704836e-23,4.101110107270518e-23,4.101110107270517e-23,4.101110107270526e-23,4.1011101072705136e-23,4.1011101072705136e-23,4.101110107270518e-23,4.1011101072705124e-23,4.1011101072705065e-23,4.1011101072704953e-23,4.101110107270513e-23,4.1011101072705095e-23,4.1011101072705165e-23,4.101110107270544e-23,4.10111010727057e-23,4.101110107270585e-23,4.1011101072705894e-23,4.1011101072705976e-23,4.101110107270588e-23,4.101110107270575e-23,4.1011101072705635e-23,4.1011101072705776e-23,4.1011101072705694e-23,4.1011101072705353e-23,4.101110107270528e-23,4.1011101072705e-23,4.101110107270509e-23,4.1011101072704936e-23,4.1011101072704965e-23,4.1011101072704906e-23,4.101110107270502e-23,4.1011101072704965e-23,4.101110107270491e-23,4.101110107270513e-23,4.101110107270511e-23,4.1011101072705277e-23,4.101110107270527e-23,4.101110107270527e-23,4.1011101072705265e-23,4.101110107270526e-23,4.101110107270496e-23,4.101110107270479e-23,4.1011101072704824e-23,4.101110107270481e-23,4.1011101072704995e-23,4.101110107270502e-23,4.101110107270488e-23,4.101110107270505e-23,4.1011101072705206e-23,4.1011101072705153e-23,4.101110107270521e-23,4.101110107270535e-23,4.101110107270564e-23,4.1011101072705594e-23,4.10111010727057e-23,4.101110107270576e-23,4.1011101072705377e-23,4.1011101072705394e-23,4.1011101072705506e-23,4.101110107270524e-23,4.1011101072705124e-23,4.1011101072704965e-23,4.101110107270529e-23,4.1011101072705324e-23,4.1011101072705353e-23,4.10111010727053e-23,4.101110107270518e-23,4.101110107270512e-23,4.101110107270507e-23,4.1011101072705e-23,4.1011101072705053e-23,4.101110107270509e-23,4.101110107270512e-23,4.101110107270484e-23,4.101110107270473e-23,4.101110107270477e-23,4.10111010727048e-23,4.101110107270483e-23,4.1011101072705006e-23,4.101110107270512e-23,4.101110107270508e-23,4.101110107270518e-23,4.1011101072705265e-23,4.1011101072705394e-23,4.1011101072705424e-23,4.1011101072705577e-23,4.101110107270567e-23,4.101110107270562e-23,4.1011101072705747e-23,4.101110107270562e-23,4.1011101072705336e-23,4.101110107270518e-23,4.101110107270506e-23,4.101110107270509e-23,4.10111010727053e-23,4.101110107270554e-23,4.101110107270551e-23,4.101110107270566e-23,4.101110107270601e-23,4.101110107270609e-23,4.1011101072705894e-23,4.1011101072705835e-23,4.101110107270557e-23,4.101110107270526e-23,4.1011101072705336e-23,4.101110107270552e-23,4.1011101072705723e-23,4.1011101072705635e-23,4.101110107270558e-23,4.1011101072705453e-23,4.101110107270507e-23,4.1011101072704936e-23,4.1011101072704836e-23,4.1011101072704754e-23,4.101110107270459e-23,4.101110107270447e-23,4.101110107270438e-23,4.101110107270429e-23,4.101110107270465e-23,4.101110107270501e-23,4.101110107270512e-23,4.1011101072705136e-23,4.101110107270542e-23,4.101110107270564e-23,4.101110107270564e-23,4.101110107270534e-23,4.101110107270523e-23,4.101110107270503e-23,4.101110107270501e-23,4.101110107270516e-23,4.1011101072705106e-23,4.1011101072705224e-23,4.101110107270517e-23,4.101110107270513e-23,4.1011101072705095e-23,4.101110107270534e-23,4.1011101072705394e-23,4.1011101072705494e-23,4.1011101072705365e-23,4.101110107270522e-23,4.1011101072705165e-23,4.10111010727054e-23,4.101110107270564e-23,4.101110107270592e-23,4.101110107270585e-23,4.101110107270592e-23,4.1011101072705964e-23,4.1011101072706006e-23,4.101110107270575e-23,4.101110107270582e-23,4.101110107270561e-23,4.1011101072705676e-23,4.10111010727058e-23,4.101110107270595e-23,4.101110107270583e-23,4.101110107270607e-23,4.101110107270616e-23,4.101110107270625e-23,4.1011101072706264e-23,4.101110107270628e-23,4.101110107270628e-23,4.101110107270622e-23,4.101110107270612e-23,4.101110107270587e-23,4.1011101072705394e-23,4.101110107270528e-23,4.101110107270511e-23,4.101110107270502e-23,4.1011101072704754e-23,4.101110107270473e-23,4.1011101072704795e-23,4.101110107270474e-23,4.1011101072704765e-23,4.1011101072704807e-23,4.101110107270484e-23,4.1011101072705153e-23,4.101110107270543e-23,4.1011101072705377e-23,4.1011101072705306e-23,4.101110107270524e-23,4.101110107270509e-23,4.1011101072704854e-23,4.101110107270472e-23,4.10111010727046e-23,4.101110107270443e-23,4.101110107270437e-23,4.1011101072704137e-23,4.1011101072704095e-23,4.1011101072704395e-23,4.101110107270445e-23,4.1011101072704636e-23,4.1011101072704624e-23,4.1011101072704483e-23,4.1011101072704507e-23,4.1011101072704495e-23,4.1011101072704754e-23,4.101110107270488e-23,4.101110107270512e-23,4.1011101072705077e-23,4.101110107270505e-23,4.101110107270494e-23,4.101110107270478e-23,4.101110107270438e-23,4.101110107270411e-23,4.101110107270358e-23,4.1011101072703214e-23,4.101110107270294e-23,4.101110107270274e-23,4.101110107270267e-23,4.101110107270255e-23,4.1011101072702226e-23,4.1011101072701615e-23,4.101110107270107e-23,4.1011101072700545e-23,4.1011101072700005e-23,4.101110107269934e-23,4.1011101072698806e-23,4.101110107269828e-23,4.1011101072698e-23,4.1011101072697936e-23,4.1011101072697724e-23,4.1011101072697566e-23,4.101110107269744e-23,4.101110107269738e-23,4.1011101072697166e-23,4.101110107269677e-23,4.1011101072696325e-23,4.1011101072695996e-23,4.101110107269575e-23,4.1011101072695673e-23,4.101110107269562e-23,4.1011101072695585e-23,4.1011101072695555e-23,4.101110107269554e-23,4.101110107269552e-23,4.101110107269544e-23,4.101110107269515e-23,4.101110107269492e-23,4.1011101072694903e-23,4.1011101072694574e-23,4.101110107269449e-23,4.101110107269451e-23,4.101110107269455e-23,4.101110107269431e-23,4.101110107269371e-23,4.101110107269326e-23,4.101110107269292e-23,4.10111010726927e-23,4.101110107269242e-23,4.101110107269252e-23,4.1011101072692434e-23,4.101110107269248e-23,4.101110107269237e-23,4.1011101072692405e-23,4.101110107269185e-23,4.101110107269162e-23,4.101110107269144e-23,4.101110107269109e-23,4.101110107269095e-23,4.10111010726908e-23,4.101110107269067e-23,4.101110107269051e-23,4.1011101072690324e-23,4.101110107269e-23,4.101110107269005e-23,4.10111010726903e-23,4.101110107269024e-23,4.1011101072690324e-23,4.1011101072690254e-23,4.101110107269019e-23,4.101110107269014e-23,4.101110107269005e-23,4.101110107268998e-23,4.101110107268992e-23,4.101110107268983e-23,4.101110107268976e-23,4.1011101072689713e-23,4.1011101072689866e-23,4.101110107269014e-23,4.101110107269019e-23,4.101110107269016e-23,4.101110107268995e-23,4.1011101072689596e-23,4.1011101072689e-23,4.101110107268879e-23,4.101110107268849e-23,4.1011101072688297e-23,4.101110107268803e-23,4.101110107268797e-23,4.1011101072687915e-23,4.101110107268791e-23,4.1011101072687844e-23,4.101110107268755e-23,4.101110107268757e-23,4.101110107268754e-23,4.101110107268769e-23,4.10111010726877e-23,4.1011101072687586e-23,4.1011101072687356e-23,4.101110107268707e-23,4.1011101072686804e-23,4.1011101072686804e-23,4.101110107268697e-23,4.1011101072686886e-23,4.101110107268658e-23,4.10111010726864e-23,4.101110107268631e-23,4.1011101072686234e-23,4.101110107268632e-23,4.10111010726865e-23,4.10111010726866e-23,4.101110107268654e-23,4.1011101072686804e-23,4.1011101072686704e-23,4.1011101072686516e-23,4.101110107268631e-23,4.101110107268594e-23,3.370068339674528e-21,5.5663040520207e-21,7.071018291533756e-21,8.158447072645948e-21,8.998861463452216e-21,9.698008801461142e-21,1.0321710500231692e-20,1.0911168637885297e-20,1.1492470551320416e-20,1.2082479196754042e-20,1.269247778703819e-20,1.3330422789370314e-20,1.4002337075838475e-20,1.4713173086757822e-20,1.546735403656164e-20,1.626911113486056e-20,1.7122707674738348e-20,1.8032587936399898e-20,1.9003485471156008e-20,2.004050819580919e-20,2.1149212077831355e-20,2.2335670749625156e-20,2.3606546073074505e-20,2.4969162341290448e-20,2.643158881704492e-20,2.8002729832281744e-20,2.9692427047197114e-20,3.151157489020966e-20,3.3472251735209416e-20,3.558786945299342e-20,3.787334435381867e-20,4.0345293044838005e-20,4.302225733752774e-20,4.5924963175093536e-20,4.907661914879286e-20,5.2503261831585084e-20,5.62341558996374e-20,6.030225899342931e-20,6.474476331531463e-20,6.9603731885695e-20,7.492681831765077e-20,8.076817212576485e-20,8.718943749004968e-20,9.426095504905741e-20,1.020632167008047e-19,1.1068855344487547e-19,1.202431650599515e-19,1.3084955606247733e-19,1.4264942411408356e-19,1.5580722000891847e-19,1.7051436347655524e-19,1.8699442457427527e-19,2.0550942173252156e-19,2.263675522084267e-19,2.4993270306842466e-19,2.7663621956078384e-19,3.0699153841811936e-19,3.4161248245054832e-19,3.812362561280007e-19,4.2675251731363964e-19,4.792403707481402e-19,5.400157450904367e-19,6.106924410017866e-19,6.932614534444103e-19,7.901947426938297e-19,9.045821367718913e-19,1.0403134922592254e-18,1.2023232947748611e-18,1.3969223194890519e-18,1.6322520265296065e-18,1.9189140680732495e-18,2.2708528664338897e-18,2.706608858010954e-18,3.2511229837616576e-18,3.9383737827015046e-18,4.81529421694359e-18,5.9476925649517564e-18,7.42937648083946e-18,9.396512648690774e-18,1.2050756815843764e-17,1.5697480160143613e-17,2.0810774649863867e-17,2.8147587649612705e-17,3.8955458176408364e-17,5.5366375167933455e-17,8.117922079763829e-17,1.2350033507483502e-16,1.9640692006346798e-16,3.2975979738079305e-16,5.923842101425221e-16,1.1600651207709329e-15,2.543974565498266e-15,6.5027633930285626e-15,2.0604275942253935e-14,8.896958199635906e-14,5.970207590682316e-13,6.870092574132086e-12,4.665246891343865e-11,4.6652468914235696e-11,4.665246891460393e-11,4.665246891530711e-11,4.665246896720629e-11,8.517381886297857e-10,1.0473689109165954e-08,7.908863821863821e-08,3.812506255328437e-07,1.2834130933670372e-06,3.2672985047326493e-06,6.633302929126547e-06,1.09821235310802e-05,1.518529857240373e-05,1.8498083336215998e-05,2.0823091523297835e-05,2.2313602128550878e-05,2.3153165389024267e-05,2.3490482061920096e-05,2.200178384998651e-05,2.142769647674414e-05,2.106742135959462e-05,2.077135485220758e-05,2.0501139637604186e-05,2.0244111737337635e-05,1.9995738251641257e-05,1.975448940110023e-05,1.951997187963415e-05,1.9292184545310593e-05,1.9071216633032267e-05,1.8857131516567438e-05,1.8649929750715528e-05,1.8449545272038268e-05,1.825585430317433e-05,1.806868792499492e-05,1.7887844482054418e-05,1.7713100369734145e-05,1.754421882564013e-05,1.738095680712216e-05,1.722307020821527e-05,1.707031770921862e-05,1.6922463535556637e-05,1.677927936524632e-05,1.6640545582640236e-05,1.6506052037257737e-05,1.6375598432983758e-05,1.624899444521369e-05,1.6126059641199163e-05,1.600662326116243e-05,1.5890523903890863e-05,1.5777609149746823e-05,1.5667735145708937e-05,1.556076617066116e-05,1.545657419424745e-05,1.5355038438883886e-05,1.5256044951678358e-05,1.5159486190881566e-05,1.5065260629879534e-05,1.497327238054768e-05,1.48834308369019e-05,1.479565033933973e-05,1.4709849859300666e-05,1.4625952703851388e-05,1.4543886239480803e-05,1.4463581634244349e-05,1.4384973617315674e-05,1.4308000254956344e-05,1.423260274190749e-05,1.4158725207214058e-05,1.4086314533521374e-05,1.4015320188919102e-05,1.3945694070451906e-05,1.3877390358464018e-05,1.3810365380992525e-05,1.3744577487477001e-05,1.3679986931099867e-05,1.3616555759119634e-05,1.3554247710605899e-05,1.349302812102886e-05,1.3432863833192466e-05,1.3373723114048636e-05,1.3315575576952257e-05,1.3258392108963296e-05,1.3202144802824142e-05,1.3146806893272414e-05,1.309235269737779e-05,1.303875755861204e-05,1.298599779438548e-05,1.293405064680578e-05,1.2882894236430423e-05,1.283250751880621e-05,1.2782870243598675e-05,1.2733962916138476e-05,1.2685766761215144e-05,1.2638263688969028e-05,1.259143626273917e-05,1.2545267668738442e-05,1.2499741687434222e-05,1.2454842666523448e-05,1.2410555495398405e-05,1.2366865581008653e-05,1.2323758825028797e-05,1.2281221602250012e-05,1.223924074011902e-05,1.2197803499353932e-05,1.215689755556882e-05,1.2116510981847713e-05,1.2076632232209476e-05,1.2037250125910068e-05,1.199835383253372e-05,1.1959932857824633e-05,1.1921977030218086e-05,1.1884476488029022e-05,1.1847421667261258e-05,1.1810803290001271e-05,1.1774612353364914e-05,1.1738840118963565e-05,1.1703478102865403e-05,1.1668518066019203e-05,1.1633952005119688e-05,1.1599772143888501e-05,1.1565970924749418e-05,1.153254100087538e-05,1.1499475228590806e-05,1.1466766660106502e-05,1.143440853657341e-05,1.1402394281437393e-05,1.137071749407848e-05,1.133937194372351e-05,1.1308351563613876e-05,1.1277650445420578e-05,1.1247262833890144e-05,1.1217183121712028e-05,1.118740584459765e-05,1.1157925676558478e-05,1.11287374253754e-05,1.1099836028249288e-05,1.1071216547625505e-05,1.104287416718155e-05,1.1014804187974472e-05,1.0987002024735587e-05,1.0959463202310253e-05,1.093218335223298e-05,1.0905158209433772e-05,1.0878383609068086e-05,1.0851855483466932e-05,1.0825569859199227e-05,1.0799522854244322e-05,1.0773710675267294e-05,1.0748129614993757e-05,1.072277604968151e-05,1.0697646436680307e-05,1.0672737312081864e-05,1.0648045288450928e-05,1.0623567052638064e-05,1.0599299363668323e-05,1.0575239050703431e-05,1.055138301107498e-05,1.0527728208384204e-05,1.0504271670668347e-05,1.0481010488627025e-05,1.0457941813910172e-05,1.043506285746285e-05,1.0412370887924427e-05,1.038986323008194e-05,1.036753726337317e-05,1.0345390420439307e-05,1.0323420185724315e-05,1.0301624094119738e-05,1.027999972965271e-05,1.0258544724215927e-05,1.0237256756337774e-05,1.0216133549991466e-05,1.0195172873441209e-05,1.0174372538124303e-05,1.0153730397567663e-05,1.0133244346338513e-05,1.0112912319026198e-05,1.0092732289255312e-05,1.0072702268728995e-05,1.0052820306300081e-05,1.0033084487071668e-05,1.0013492931522593e-05,9.994043794659417e-06,9.974735265194439e-06,9.955565564746101e-06,9.936532947063476e-06,9.917635697273018e-06,9.89887213114721e-06,9.88024059439366e-06,9.861739461965194e-06,9.843367137388095e-06,9.825122052111094e-06,9.80700266487103e-06,9.789007461076882e-06,9.771134952211014e-06,9.753383675246148e-06,9.735752192079305e-06,9.718239088980685e-06,9.700842976057156e-06,9.683562486730921e-06,9.666396277232073e-06,9.649343026103687e-06,9.632401433722184e-06,9.615570221827656e-06,9.598848133069084e-06,9.582233930559857e-06,9.565726397445606e-06,9.549324336482948e-06,9.533026569629158e-06,9.516831937642459e-06,9.50073929969253e-06,9.484747532980813e-06,9.468855532370516e-06,9.453062210025806e-06,9.437366495060462e-06,9.421767333194575e-06,9.406263686420466e-06,9.390854532676597e-06,9.375538865529474e-06,9.360315693863072e-06,9.34518404157664e-06,9.330142947288914e-06,9.315191464050038e-06,9.300328659060357e-06,9.285553613395559e-06,9.270865421739153e-06,9.256263192119998e-06,9.241746045657669e-06,9.227313116312585e-06,9.212963550642021e-06,9.198696507563053e-06,9.184511158119091e-06,9.17040668525356e-06,9.156382283587722e-06,9.142437159203788e-06,9.128570529433375e-06,9.114781622650368e-06,9.101069678068541e-06,9.087433945543922e-06,9.073873685381096e-06,9.060388168144523e-06,9.046976674473677e-06,9.033638494901973e-06,9.020372929680433e-06,9.007179288604442e-06,8.994056890844956e-06,8.981005064782704e-06,8.96802314784669e-06,8.955110486355884e-06,8.942266435363975e-06,8.929490358507802e-06,8.916781627859374e-06,8.904139623780045e-06,8.891563734778656e-06,8.879053357372636e-06,8.86660789595101e-06,8.854226762641991e-06,8.841909377181273e-06,8.829655166785183e-06,8.817463566024651e-06,8.805334016702593e-06,8.793265967734285e-06,8.781258875028982e-06,8.769312201375065e-06,8.757425416326714e-06,8.745597996093292e-06,8.733829423431317e-06,8.722119187537066e-06,8.71046678394389e-06,8.698871714418379e-06,8.687333486861888e-06,8.675851615211448e-06,8.664425619343594e-06,8.653055024980677e-06,8.641739363597557e-06,8.630478172331722e-06,8.619270993894129e-06,8.608117376481276e-06,8.59701687369097e-06,8.585969044437456e-06,8.574973452869697e-06,8.564029668290205e-06,8.553137265076083e-06,8.542295822601496e-06,8.531504925161188e-06,8.520764161895728e-06,8.510073126718219e-06,8.49943141824232e-06,8.488838639711033e-06,8.478294398928112e-06,8.467798308189365e-06,8.457349984216088e-06,8.44694904808911e-06,8.4365951251847e-06,8.426287845110954e-06,8.416026841646263e-06,8.405811752677434e-06,8.39564222014077e-06,8.385517889962098e-06,8.375438412000158e-06,8.365403439988997e-06,8.355412631482557e-06,8.345465647800126e-06,8.335562153971968e-06,8.32570181868705e-06,8.315884314240722e-06,8.30610931648393e-06,8.296376504772907e-06,8.286685561920265e-06,8.277036174145841e-06,8.267428031030098e-06,8.257860825466612e-06,8.248334253616354e-06,8.238848014862536e-06,8.22940181176629e-06,8.219995350022788e-06,8.210628338418437e-06,8.201300488788867e-06,8.192011515977002e-06,8.182761137792827e-06,8.173549074972624e-06,8.164375051140108e-06,8.15523879276728e-06,8.14614002913656e-06,8.137078492302823e-06,8.12805391705716e-06,8.11906604088983e-06,8.110114603954853e-06,8.101199349035207e-06,8.092320021507827e-06,8.083476369309783e-06,8.074668142904706e-06,8.06589509525021e-06,8.057156981764857e-06,8.048453560297072e-06,8.039784591093093e-06,8.031149836766714e-06,8.022549062268391e-06,8.01398203485551e-06,8.005448524062924e-06,7.996948301674504e-06,7.988481141693678e-06,7.980046820316045e-06,7.971645115901566e-06,7.963275808947336e-06,7.954938682060863e-06,7.946633519933558e-06,7.938360109315032e-06,7.930118238987212e-06,7.921907699739375e-06,7.91372828434309e-06,7.905579787528178e-06,7.897462005958673e-06,7.889374738208705e-06,7.881317784739288e-06,7.873290947875754e-06,7.86529403178474e-06,7.857326842452083e-06,7.849389187660539e-06,7.841480876968584e-06,7.833601721688763e-06,7.82575153486693e-06,7.817930131261264e-06,7.810137327322277e-06,7.802372941172201e-06,7.794636792585786e-06,7.786928702970527e-06,7.779248495346937e-06,7.771595994330628e-06,7.763971026112758e-06,7.756373418442103e-06,7.748803000606592e-06,7.741259603415876e-06,7.733743059183057e-06,7.726253201707995e-06,7.718789866259722e-06,7.711352889559748e-06,7.70394210976542e-06,7.69655736645336e-06,7.689198500603342e-06,7.681865354582662e-06,7.674557772129812e-06,7.667275598339605e-06,7.660018679647128e-06,7.652786863813616e-06,7.64557999991071e-06,7.638397938306124e-06,7.631240530649452e-06,7.624107629857423e-06,7.6169990901000845e-06,7.609914766786918e-06,7.602854516553128e-06,7.595818197246032e-06,7.588805667911898e-06,7.581816788782664e-06,7.5748514212631595e-06,7.567909427918055e-06,7.56099067245944e-06,7.554095019734346e-06,7.5472223357123655e-06,7.5403724874736605e-06,7.53354534319689e-06,7.526740772147523e-06,7.519958644666007e-06,7.5131988321565955e-06,7.506461207075405e-06,7.499745642920188e-06,7.493052014218276e-06,7.486380196516349e-06,7.479730066369462e-06,7.473101501330284e-06,7.466494379938805e-06,7.4599085817120295e-06,7.453343987133471e-06,7.446800477643597e-06,7.440277935629107e-06,7.433776244413801e-06,7.427295288248813e-06,7.4208349523025025e-06,7.414395122651304e-06,7.407975686270879e-06,7.401576531026126e-06,7.395197545662433e-06,7.3888386197967055e-06,7.382499643908433e-06,7.376180509331041e-06,7.369881108242893e-06,7.36360133365936e-06,7.357341079423684e-06,7.351100240199306e-06,7.344878711460945e-06,7.33867638948726e-06,7.332493171351972e-06,7.32632895491664e-06,7.320183638822435e-06,7.3140571224825006e-06,7.307949306074394e-06,7.3018600905325e-06,7.295789377540363e-06,7.289737069523766e-06,7.283703069642831e-06,7.277687281785476e-06,7.2716896105598545e-06,7.265709961287629e-06,7.2597482399968285e-06,7.2538043534150825e-06,7.2478782089627514e-06,7.241969714746606e-06,7.2360787795525664e-06,7.23020531283993e-06,7.2243492247342135e-06,7.2185104260212105e-06,7.212688828140694e-06,7.206884343179824e-06,7.20109688386743e-06,7.1953263635677556e-06,7.18957269627424e-06,7.183835796603902e-06,7.1781155797911675e-06,7.1724119616824e-06,7.16672485872989e-06,7.16105418798637e-06,7.155399867099082e-06,7.149761814304649e-06,7.14413994842346e-06,7.1385341888539645e-06,7.132944455567743e-06,7.1273706691039555e-06,7.1218127505642485e-06,7.116270621607397e-06,7.110744204444409e-06,7.105233421833315e-06,7.0997381970742724e-06,7.094258454004471e-06,7.088794116993397e-06,7.083345110937805e-06,7.077911361257419e-06,7.072492793889376e-06,7.067089335284448e-06,7.061700912401848e-06,7.056327452704539e-06,7.050968884155622e-06,7.045625135212621e-06,7.040296134824026e-06,7.034981812424347e-06,7.029682097930233e-06,7.0243969217358355e-06,7.019126214708674e-06,7.013869908185604e-06,7.008627933968451e-06,7.003400224320204e-06,6.998186711960508e-06,6.992987330062258e-06,6.987802012247037e-06,6.98263069258165e-06,6.977473305574081e-06,6.972329786169443e-06,6.967200069746716e-06,6.96208409211437e-06,6.956981789507075e-06,6.951893098581847e-06,6.946817956414555e-06,6.941756300495974e-06,6.9367080687288855e-06,6.931673199423683e-06,6.92665163129574e-06,6.921643303461261e-06,6.9166481554345e-06,6.911666127123726e-06,6.9066971588284375e-06,6.9017411912358355e-06,6.896798165417332e-06,6.891868022825925e-06,6.886950705292043e-06,6.882046155021463e-06,6.877154314591366e-06,6.872275126947598e-06,6.867408535401403e-06,6.862554483626615e-06,6.857712915656355e-06,6.852883775880249e-06,6.848067009041405e-06,6.843262560233757e-06,6.8384703748985446e-06,6.8336903988221586e-06,6.8289225781329235e-06,6.824166859298173e-06,6.819423189121937e-06,6.814691514741798e-06,6.8099717836260885e-06,6.8052639435717795e-06,6.800567942701154e-06,6.795883729459639e-06,6.791211252612815e-06,6.7865504612442175e-06,6.781901304752445e-06,6.777263732848748e-06,6.772637695554722e-06,6.768023143199233e-06,6.763420026416722e-06,6.758828296144286e-06,6.754247903619244e-06,6.749678800377066e-06,6.745120938248703e-06,6.740574269358261e-06,6.736038746121089e-06,6.73151432124084e-06,6.727000947707721e-06,6.7224985787959545e-06,6.718007168061695e-06,6.7135266693407176e-06,6.709057036746181e-06,6.704598224666834e-06,6.700150187764357e-06,6.695712880971446e-06,6.691286259489916e-06,6.686870278788109e-06,6.682464894599481e-06,6.67807006292008e-06,6.673685740006653e-06,6.6693118823746295e-06,6.6649484467962365e-06,6.660595390298218e-06,6.656252670160369e-06,6.65192024391332e-06,6.6475980693363485e-06,6.643286104456242e-06,6.638984307544506e-06,6.634692637116215e-06,6.630411051927853e-06,6.626139510975531e-06,6.621877973493115e-06,6.61762639895073e-06,6.613384747052431e-06,6.609152977735001e-06,6.6049310511659475e-06,6.600718927741748e-06,6.596516568086193e-06,6.592323933048853e-06,6.588140983702898e-06,6.5839676813442324e-06,6.579803987488975e-06,6.5756498638724375e-06,6.571505272447311e-06,6.567370175381965e-06,6.563244535059124e-06,6.559128314073811e-06,6.555021475232437e-06,6.550923981550627e-06,6.546835796252122e-06,6.542756882766968e-06,6.538687204730425e-06,6.534626725980853e-06,6.530575410558703e-06,6.52653322270503e-06,6.522500126859825e-06,6.5184760876607294e-06,6.514461069941536e-06,6.510455038730783e-06,6.506457959250423e-06,6.50246979691438e-06,6.498490517327051e-06,6.494520086282202e-06,6.490558469761488e-06,6.486605633933e-06,6.48266154515002e-06,6.4787261699499016e-06,6.474799475052375e-06,6.4708814273585455e-06,6.466971993949677e-06,6.463071142085387e-06,6.4591788392031735e-06,6.455295052916463e-06,6.451419751013774e-06,6.447552901457492e-06,6.443694472382442e-06,6.439844432094646e-06,6.4360027490703745e-06,6.43216939195501e-06,6.428344329561425e-06,6.42452753086924e-06,6.42071896502352e-06,6.416918601333591e-06,6.413126409271895e-06,6.409342358473017e-06,6.405566418732486e-06,6.401798560005493e-06,6.39803875240596e-06,6.3942869662055845e-06,6.390543171832444e-06,6.386807339870156e-06,6.383079441056856e-06,6.379359446283773e-06,6.375647326594561e-06,6.371943053184246e-06,6.368246597398064e-06,6.364557930730357e-06,6.360877024823965e-06,6.357203851468576e-06,6.353538382600336e-06,6.34988059030063e-06,6.346230446795006e-06,6.342587924452384e-06,6.338952995783973e-06,6.335325633442474e-06,6.331705810220811e-06,6.328093499051502e-06,6.324488673005923e-06,6.320891305292576e-06,6.31730136925708e-06,6.313718838380805e-06,6.3101436862798235e-06,6.306575886704694e-06,6.3030154135385964e-06,6.299462240797478e-06,6.2959163426282845e-06,6.292377693308764e-06,6.28884626724626e-06,6.285322038976926e-06,6.281804983164956e-06,6.278295074601679e-06,6.274792288204645e-06,6.2712965990171885e-06,6.267807982206911e-06,6.264326413065819e-06,6.260851867008477e-06,6.257384319572066e-06,6.25392374641514e-06,6.2504701233168884e-06,6.247023426176705e-06,6.243583631012638e-06,6.240150713961506e-06,6.236724651277956e-06,6.2333054193329224e-06,6.229892994613924e-06,6.226487353723617e-06,6.2230884733794095e-06,6.2196963304128125e-06,6.216310901768195e-06,6.212932164502594e-06,6.209560095784827e-06,6.2061946728946685e-06,6.202835873222373e-06,6.199483674267719e-06,6.196138053639742e-06,6.192798989055304e-06,6.189466458339176e-06,6.186140439423044e-06,6.182820910344807e-06,6.17950784924791e-06,6.176201234380859e-06,6.172901044096296e-06,6.1696072568504374e-06,6.1663198512027465e-06,6.1630388058148924e-06,6.159764099450228e-06,6.156495710973193e-06,6.153233619348717e-06,6.149977803641533e-06,6.1467282430155465e-06,6.143484916733452e-06,6.140247804155737e-06,6.137016884740414e-06,6.133792138042327e-06,6.130573543712387e-06,6.127361081497221e-06,6.124154731238449e-06,6.120954472872308e-06,6.117760286428667e-06,6.114572152030929e-06,6.111390049895099e-06,6.108213960329431e-06,6.1050438637338545e-06,6.101879740599265e-06,6.098721571507113e-06,6.095569337128826e-06,6.092423018225376e-06,6.089282595646589e-06,6.086148050330456e-06,6.083019363303016e-06,6.079896515677564e-06,6.0767794886541865e-06,6.0736682635191725e-06,6.0705628216447256e-06,6.0674631444881545e-06,6.064369213591453e-06,6.061281010580975e-06,6.0581985171667845e-06,6.055121715142192e-06,6.052050586383251e-06,6.048985112848222e-06,6.045925276577142e-06,6.042871059691422e-06,6.039822444393138e-06,6.036779412964897e-06,6.033741947769125e-06,6.030710031247361e-06,6.027683645920644e-06,6.024662774387962e-06,6.021647399326555e-06,6.01863750349115e-06,6.0156330697137625e-06,6.012634080902872e-06,6.009640520043184e-06,6.006652370195264e-06,6.003669614495098e-06,6.000692236153272e-06,5.99772021845519e-06,5.9947535447601195e-06,5.991792198500954e-06,5.98883616318375e-06,5.985885422387477e-06,5.982939959763417e-06,5.979999759034639e-06,5.977064803995803e-06,5.9741350785128595e-06,5.9712105665223145e-06,5.968291252031014e-06,5.965377119115802e-06,5.9624681519228156e-06,5.95956433466765e-06,5.956665651634236e-06,5.953772087175257e-06,5.950883625711096e-06,5.948000251729778e-06,5.94512194978641e-06,5.942248704503147e-06,5.93938050056839e-06,5.9365173227366076e-06,5.933659155828142e-06,5.93080598472852e-06,5.9279577943881594e-06,5.925114569822243e-06,5.922276296110161e-06,5.91944295839505e-06,5.9166145418837615e-06,5.913791031846172e-06,5.91097241361509e-06,5.908158672585739e-06,5.905349794215363e-06,5.902545764023194e-06,5.899746567589929e-06,5.896952190557151e-06,5.89416261862738e-06,5.8913778375634506e-06,5.888597833188423e-06,5.885822591385091e-06,5.883052098095651e-06,5.880286339321473e-06,5.877525301122707e-06,5.874768969618071e-06,5.8720173309841835e-06,5.8692703714558054e-06,5.866528077325113e-06,5.86379043494134e-06,5.86105743071082e-06,5.8583290510965405e-06,5.855605282617641e-06,5.852886111849231e-06,5.850171525422135e-06,5.847461510022619e-06,5.844756052392011e-06,5.842055139326382e-06,5.839358757676445e-06,5.836666894346851e-06,5.833979536296514e-06,5.831296670537705e-06,5.8286182841360015e-06,5.8259443642103886e-06,5.823274897932197e-06,5.820609872525438e-06,5.817949275266421e-06,5.815293093483353e-06,5.812641314555971e-06,5.80999392591553e-06,5.807350915044323e-06,5.804712269475553e-06,5.8020779767929605e-06,5.799448024630568e-06,5.796822400672581e-06,5.794201092652787e-06,5.7915840883546e-06,5.788971375610699e-06,5.786362942302837e-06,5.783758776361308e-06,5.781158865765077e-06,5.778563198541308e-06,5.775971762765152e-06,5.773384546559451e-06,5.770801538094579e-06,5.7682227255881876e-06,5.7656480973048325e-06,5.763077641555892e-06,5.760511346699229e-06,5.75794920113905e-06,5.7553911933254204e-06,5.752837311754493e-06,5.750287544967591e-06,5.747741881551767e-06,5.745200310138932e-06,5.742662819405817e-06,5.7401293980739e-06,5.737600034909075e-06,5.735074718721368e-06,5.73255343836477e-06,5.730036182736887e-06,5.727522940779014e-06,5.725013701475644e-06,5.722508453854308e-06,5.720007186985363e-06,5.717509889981978e-06,5.715016551999406e-06,5.7125271622353235e-06,5.710041709929371e-06,5.707560184362923e-06,5.705082574858913e-06,5.702608870781522e-06,5.700139061536387e-06,5.69767313656971e-06,5.695211085368657e-06,5.692752897460874e-06,5.69029856241428e-06,5.6878480698369666e-06,5.685401409376786e-06,5.682958570721606e-06,5.680519543598682e-06,5.678084317774424e-06,5.675652883054675e-06,5.673225229283991e-06,5.670801346345805e-06,5.668381224161941e-06,5.66596485269282e-06,5.6635522219367995e-06,5.66114332193039e-06,5.658738142747819e-06,5.656336674500893e-06,5.653938907338888e-06,5.651544831448426e-06,5.6491544370529275e-06,5.646767714412921e-06,5.644384653825537e-06,5.642005245624488e-06,5.639629480179789e-06,5.637257347897476e-06,5.634888839219764e-06,5.632523944624649e-06,5.630162654625531e-06,5.627804959771751e-06,5.625450850647454e-06,5.623100317872083e-06,5.620753352100098e-06,5.618409944020613e-06,5.616070084357484e-06,5.613733763868951e-06,5.611400973347434e-06,5.609071703619597e-06,5.606745945546103e-06,5.604423690021155e-06,5.6021049279728215e-06,5.599789650362513e-06,5.597477848185002e-06,5.595169512468119e-06,5.592862446075627e-06,5.590560857655698e-06,5.588262844190174e-06,5.585968277211592e-06,5.583677136585141e-06,5.581389410979263e-06,5.579105091249361e-06,5.5768241681654096e-06,5.5745466328662855e-06,5.5722724766429095e-06,5.570001690890358e-06,5.567734266912163e-06,5.565470196102363e-06,5.5632094700405485e-06,5.560952080093092e-06,5.5586980177735415e-06,5.556447274627882e-06,5.554199842233203e-06,5.55195571219911e-06,5.549714876165882e-06,5.5474773258054754e-06,5.5452430527314415e-06,5.54301204876034e-06,5.5407843056361045e-06,5.538559815124934e-06,5.536338569102105e-06,5.53412055941686e-06,5.5319057777962165e-06,5.529694216576443e-06,5.5274858674419535e-06,5.525280722364995e-06,5.523078773346624e-06,5.52088001241701e-06,5.518684431634841e-06,5.51649202308723e-06,5.514302778890152e-06,5.512116691187522e-06,5.509933752151322e-06,5.507753953981729e-06,5.50557728890655e-06,5.503403749184173e-06,5.501233327092242e-06,5.499066014943561e-06,5.496901804955549e-06,5.494740690408439e-06,5.4925826622248124e-06,5.490427713502626e-06,5.488275836551283e-06,5.486127023969773e-06,5.483981268251589e-06,5.481838561931981e-06,5.479698897552244e-06,5.477562267692496e-06,5.475428664951566e-06,5.4732980821118806e-06,5.4711705116778395e-06,5.469045946481839e-06,5.4669243788032424e-06,5.464805801773162e-06,5.46269020789164e-06,5.46057759010692e-06,5.458467941203442e-06,5.456361254174955e-06,5.454257521674938e-06,5.45215673660368e-06,5.450058891865722e-06,5.447963980233364e-06,5.445871995596721e-06,5.443782929440516e-06,5.4416967755290786e-06,5.43961352686781e-06,5.437533176472435e-06,5.435455717165736e-06,5.433381142457754e-06,5.431309445311553e-06,5.429240618753532e-06,5.427174656194265e-06,5.425111550688356e-06,5.423051295412987e-06,5.42099388368207e-06,5.418939308752125e-06,5.416887563764697e-06,5.414838642123274e-06,5.412792537164929e-06,5.410749242152392e-06,5.40870875057917e-06,5.406671055734136e-06,5.4046361510433e-06,5.402604029901714e-06,5.400574685865395e-06,5.398548112408179e-06,5.3965243032334945e-06,5.3945032516655585e-06,5.392484951251027e-06,5.390469395493289e-06,5.388456578093574e-06,5.3864464929036515e-06,5.38443913307162e-06,5.382434492619489e-06,5.380432564817879e-06,5.378433343317624e-06,5.376436822418457e-06,5.374442995710971e-06,5.372451856755058e-06,5.3704633993748404e-06,5.368477617153899e-06,5.3664945041315634e-06,5.3645140541363e-06,5.362536260735788e-06,5.3605611184432555e-06,5.358588621286593e-06,5.356618762061834e-06,5.354651535358968e-06,5.352686935126735e-06,5.350724955381122e-06,5.348765590110382e-06,5.346808833414484e-06,5.344854679028605e-06,5.342903121361333e-06,5.340954154432125e-06,5.339007772323705e-06,5.337063969001417e-06,5.335122738679883e-06,5.333184075509415e-06,5.331247973662873e-06,5.32931442726706e-06,5.3273834307247776e-06,5.325454978142439e-06,5.323529063685861e-06,5.321605681692746e-06,5.319684826363731e-06,5.317766492072509e-06,5.315850672514089e-06,5.313937362821879e-06,5.312026557678975e-06,5.310118250717082e-06,5.308212436879156e-06,5.306309110281323e-06,5.3044082653642405e-06,5.302509896548907e-06,5.3006139983511865e-06,5.298720565228273e-06,5.2968295917053575e-06,5.294941072264955e-06,5.2930550013280295e-06,5.29117137355974e-06,5.289290183529153e-06,5.287411425821133e-06,5.2855350950379144e-06,5.283661185801411e-06,5.281789692749202e-06,5.279920610533063e-06,5.278053934037809e-06,5.276189657524942e-06,5.274327776124273e-06,5.272468283757393e-06,5.27061117574699e-06,5.268756446849685e-06,5.266904091839732e-06,5.265054105493966e-06,5.263206483098277e-06,5.2613612185246665e-06,5.259518307076491e-06,5.257677744106485e-06,5.255839523942706e-06,5.254003641508523e-06,5.252170091705915e-06,5.250338869450098e-06,5.248509969668922e-06,5.246683387312278e-06,5.244859117343827e-06,5.243037154739621e-06,5.241217494491466e-06,5.239400131607623e-06,5.237585061114903e-06,5.235772278051595e-06,5.233961777472563e-06,5.2321535544457955e-06,5.230347603385481e-06,5.22854392007551e-06,5.226742499619914e-06,5.224943337769076e-06,5.22314642905512e-06,5.221351768636269e-06,5.219559351685425e-06,5.217769173392121e-06,5.215981228964002e-06,5.2141955136158464e-06,5.2124120225806445e-06,5.210630751108055e-06,5.208851694457235e-06,5.207074847906744e-06,5.205300206079177e-06,5.203527764957467e-06,5.201757519852135e-06,5.199989466109858e-06,5.19822359908186e-06,5.196459914112063e-06,5.194698407240193e-06,5.192939073199325e-06,5.19118190733528e-06,5.189426905140756e-06,5.1876740620785365e-06,5.185923373458019e-06,5.18417483481952e-06,5.1824284415465114e-06,5.180684189212883e-06,5.178942072757442e-06,5.177202088257522e-06,5.175464231243984e-06,5.1737284972670395e-06,5.171994881857878e-06,5.170263380592064e-06,5.168533989052107e-06,5.166806702825837e-06,5.165081517526638e-06,5.163358428764597e-06,5.1616374321779465e-06,5.15991852340025e-06,5.158201698108743e-06,5.156486951945027e-06,5.154774280608689e-06,5.153063679811436e-06,5.151355145240589e-06,5.149648672617481e-06,5.14794425768334e-06,5.14624189618552e-06,5.1445415838737986e-06,5.142843316523501e-06,5.141147089931708e-06,5.139452899876373e-06,5.137760742168115e-06,5.136070612641e-06,5.134382507113884e-06,5.132696421433835e-06,5.131012351847278e-06,5.129330293774037e-06,5.127650242970284e-06,5.125972195786499e-06,5.124296146601278e-06,5.122622093887606e-06,5.120950032255939e-06,5.119279958400261e-06,5.117611867216145e-06,5.115945754100423e-06,5.114281616580596e-06,5.11261944994536e-06,5.110959250287786e-06,5.109301013484816e-06,5.107644735614732e-06,5.105990412745493e-06,5.104338040905356e-06,5.102687616160612e-06,5.101039134415723e-06,5.099392591905954e-06,5.097747984967306e-06,5.096105309218225e-06,5.094464561756575e-06,5.092825737655987e-06,5.091188833365914e-06,5.089553845047663e-06,5.087920768828548e-06,5.086289600914326e-06,5.084660337476553e-06,5.083032974691901e-06,5.081407508763917e-06,5.079783935877183e-06,5.078162252287597e-06,5.076542454341114e-06,5.074924538063012e-06,5.073308499897745e-06,5.071694336070218e-06,5.07008204253289e-06,5.0684716158320454e-06,5.0668630522628995e-06,5.065256348335613e-06,5.063651500300973e-06,5.062048504243247e-06,5.060447356507894e-06,5.0588480536115945e-06,5.057250591760747e-06,5.0556549670937695e-06,5.054061176321891e-06,5.05246921580392e-06,5.0508790820623166e-06,5.0492907714486265e-06,5.0477042800793156e-06,5.0461196047428685e-06,5.044536741740968e-06,5.042955687157162e-06,5.04137643830054e-06,5.039798991193487e-06,5.03822334231547e-06,5.036649488155762e-06,5.0350774250508855e-06,5.0335071495841e-06,5.0319386584116626e-06,5.030371948252318e-06,5.028807015399238e-06,5.027243856396625e-06,5.02568246767799e-06,5.0241228461557e-06,5.022564988127491e-06,5.021008890172093e-06,5.019454548894149e-06,5.017901960908806e-06,5.016351122927371e-06,5.014802031485246e-06,5.013254683247548e-06,5.011709074851084e-06,5.010165202931625e-06,5.008623064151064e-06,5.007082655198399e-06,5.005543972764256e-06,5.004007013592733e-06,5.002471774237071e-06,5.000938251398815e-06,4.999406441904279e-06,4.997876342216631e-06,4.9963479495060904e-06,4.994821259769245e-06,4.993296270664028e-06,4.991772978649408e-06,4.990251380445578e-06,4.988731472776072e-06,4.987213252416398e-06,4.985696716182267e-06,4.984181860976663e-06,4.982668683203137e-06,4.981157180143157e-06,4.979647348444511e-06,4.978139184862971e-06,4.9766326863802535e-06,4.975127849832995e-06,4.973624672147699e-06,4.9721231501011016e-06,4.970623280572603e-06,4.969125060446506e-06,4.967628486566191e-06,4.966133555918431e-06,4.964640265384174e-06,4.963148611872385e-06,4.9616585923158484e-06,4.960170203665258e-06,4.958683442852949e-06,4.957198306907088e-06,4.955714792736349e-06,4.954232897298014e-06,4.952752617849084e-06,4.951273950664577e-06,4.949796893218324e-06,4.9483214424347915e-06,4.946847595181864e-06,4.945375348866949e-06,4.94390470026666e-06,4.9424356463841915e-06,4.940968184307583e-06,4.939502311123974e-06,4.938038023751579e-06,4.936575319397814e-06,4.935114195139705e-06,4.933654648189091e-06,4.932196675368664e-06,4.93074027356706e-06,4.929285440169535e-06,4.927832172286833e-06,4.926380467035515e-06,4.924930321537962e-06,4.9234817329325585e-06,4.9220346983539945e-06,4.92058921495098e-06,4.919145279903757e-06,4.9177028903273745e-06,4.916262043579321e-06,4.914822737155511e-06,4.9133849672129615e-06,4.911948731422083e-06,4.910514027609606e-06,4.909080851842334e-06,4.907649202492474e-06,4.906219075650604e-06,4.904790469631459e-06,4.903363380606792e-06,4.901937806740243e-06,4.900513744474847e-06,4.8990911913871425e-06,4.897670144810416e-06,4.8962506020466065e-06,4.894832560359783e-06,4.893416017321044e-06,4.8920009696456716e-06,4.890587415203625e-06,4.8891753507968745e-06,4.887764773955616e-06,4.886355681999343e-06,4.884948071948692e-06,4.883541941441101e-06,4.882137287835866e-06,4.880734108444162e-06,4.879332400941968e-06,4.8779321623823624e-06,4.876533390132635e-06,4.875136081008435e-06,4.873740233505343e-06,4.872345844452898e-06,4.870952911189203e-06,4.869561431163358e-06,4.868171401796564e-06,4.8667828205167355e-06,4.8653956847250094e-06,4.8640099919235055e-06,4.86262573943857e-06,4.861242924556506e-06,4.8598615444371335e-06,4.85848159740373e-06,4.857103080678061e-06,4.855725991599212e-06,4.854350327588746e-06,4.852976086139891e-06,4.851603264823292e-06,4.85023186095761e-06,4.848861872118818e-06,4.847493295760217e-06,4.846126129489443e-06,4.8447603706516044e-06,4.843396017023298e-06,4.842033065799937e-06,4.84067151485615e-06,4.839311361611542e-06,4.837952603137859e-06,4.836595238214937e-06,4.835239263376272e-06,4.833884676419518e-06,4.8325314748807605e-06,4.831179655586155e-06,4.829829218279232e-06,4.8284801587573565e-06,4.827132474889117e-06,4.825786164552917e-06,4.824441225258407e-06,4.823097654545476e-06,4.821755450384974e-06,4.820414609897414e-06,4.819075130816644e-06,4.817737010960923e-06,4.8164002480851575e-06,4.815064839646676e-06,4.813730782458054e-06,4.812398075461503e-06,4.811066716104444e-06,4.809736701744892e-06,4.808408030131353e-06,4.807080698965171e-06,4.8057547056287984e-06,4.8044300482677935e-06,4.803106724657799e-06,4.8017847322306755e-06,4.800464068736852e-06,4.799144731943822e-06,4.797826719544195e-06,4.796510029204017e-06,4.795194658671924e-06,4.793880605568072e-06,4.792567867740631e-06,4.7912564432101004e-06,4.7899463295084064e-06,4.788637524522205e-06,4.787330025776855e-06,4.7860238311948194e-06,4.784718938901238e-06,4.783415345883968e-06,4.782113050318495e-06,4.780812050051382e-06,4.779512342909554e-06,4.778213926587947e-06,4.776916798805419e-06,4.775620957765094e-06,4.774326400976151e-06,4.773033125622154e-06,4.771741130893001e-06,4.770450413961268e-06,4.769160972929305e-06,4.7678728051976476e-06,4.7665859085970705e-06,4.7653002818166935e-06,4.7640159216948365e-06,4.762732826290317e-06,4.761450993749982e-06,4.760170421969242e-06,4.758891108697218e-06,4.7576130520082945e-06,4.756336249472868e-06,4.755060699162989e-06,4.753786399028399e-06,4.752513346375542e-06,4.751241540197287e-06,4.749970977832476e-06,4.748701657234307e-06,4.7474335770990705e-06,4.74616673386455e-06,4.744901126490682e-06,4.743636752643389e-06,4.742373610252426e-06,4.741111696946227e-06,4.739851011028178e-06,4.738591550438608e-06,4.737333313196443e-06,4.736076296934788e-06,4.7348205001519935e-06,4.733565920766624e-06,4.73231255652401e-06,4.731060405472726e-06,4.72980946549338e-06,4.728559734579613e-06,4.727311209939697e-06,4.726063891503593e-06,4.724817776137133e-06,4.723572862158454e-06,4.7223291474431274e-06,4.721086629996828e-06,4.719845307885134e-06,4.718605179100448e-06,4.7173662418168716e-06,4.716128493865559e-06,4.714891933312979e-06,4.713656558431581e-06,4.71242236690401e-06,4.711189357680952e-06,4.709957527658419e-06,4.708726875273502e-06,4.70749739894131e-06,4.706269096627189e-06,4.705041966076028e-06,4.703816005920147e-06,4.702591213995207e-06,4.701367588223171e-06,4.7001451267594325e-06,4.698923828001324e-06,4.697703689732177e-06,4.69648471034926e-06,4.695266887867788e-06,4.694050220369357e-06,4.692834706003622e-06,4.691620342906232e-06,4.690407129218409e-06,4.689195063049578e-06,4.687984142635991e-06,4.686774366647896e-06,4.68556573203717e-06,4.684358237595405e-06,4.68315188147927e-06,4.6819466618038976e-06,4.680742576824111e-06,4.6795396247170214e-06,4.678337803302755e-06,4.677137111343219e-06,4.675937546821252e-06,4.674739107793217e-06,4.673541792695279e-06,4.6723455998534535e-06,4.671150526979623e-06,4.669956572337286e-06,4.66876373430314e-06,4.6675720110595695e-06,4.66638140085899e-06,4.665191902124196e-06,4.664003513135234e-06,4.662816231452439e-06,4.661630055676026e-06,4.660444984128065e-06,4.6592610150855894e-06,4.658078146756741e-06,4.656896377357398e-06,4.655715705266121e-06,4.654536128579961e-06,4.653357645661216e-06,4.652180254705468e-06,4.65100395411384e-06,4.6498287420560535e-06,4.648654616835309e-06,4.647481576671434e-06,4.646309619898953e-06,4.645138744767934e-06,4.64396894970537e-06,4.642800232985978e-06,4.641632592793114e-06,4.6404660275405506e-06,4.639300535556303e-06,4.638136115043949e-06,4.636972764075864e-06,4.635810481526687e-06,4.634649265440049e-06,4.633489114213975e-06,4.632330026221628e-06,4.631171999697348e-06,4.630015033032963e-06,4.62885912456008e-06,4.6277042726235645e-06,4.626550475576253e-06,4.625397731759373e-06,4.624246039332428e-06,4.623095396848551e-06,4.621945802565924e-06,4.620797255194953e-06,4.619649753095977e-06,4.6185032944249795e-06,4.6173578773969624e-06,4.616213500806733e-06,4.615070162814461e-06,4.613927861278213e-06,4.612786595203309e-06,4.611646363238475e-06,4.610507163471451e-06,4.60936899442625e-06,4.608231854342936e-06,4.60709574158867e-06,4.605960654867544e-06,4.6048265923408895e-06,4.60369355251359e-06,4.602561533696735e-06,4.601430534409019e-06,4.600300553085087e-06,4.599171588159153e-06,4.5980436380770605e-06,4.596916701278027e-06,4.59579077620953e-06,4.594665861271041e-06,4.5935419549679694e-06,4.592419055757326e-06,4.59129716209959e-06,4.590176272458429e-06,4.5890563853006775e-06,4.587937499159716e-06,4.586819612383645e-06,4.5857027235121075e-06,4.584586831080592e-06,4.583471933524096e-06,4.582358029323816e-06,4.581245116965763e-06,4.580133194943932e-06,4.579022261736681e-06,4.577912315890091e-06,4.576803355872988e-06,4.575695380162165e-06,4.574588387344345e-06,4.573482375854297e-06,4.572377344269027e-06,4.5712732910876835e-06,4.570170214852062e-06,4.569068114019771e-06,4.567966987027258e-06,4.5668668326750355e-06,4.56576764925788e-06,4.564669435456725e-06,4.56357218984272e-06,4.562475910768879e-06,4.561380597078892e-06,4.560286247157549e-06,4.559192859511197e-06,4.558100432793477e-06,4.557008965477698e-06,4.555918456056981e-06,4.554828903336673e-06,4.553740305624844e-06,4.552652661741788e-06,4.551565969842168e-06,4.550480228956641e-06,4.5493954374354e-06,4.548311594000532e-06,4.54722869719499e-06,4.546146745785675e-06,4.545065737914465e-06,4.543985672540565e-06,4.542906548131434e-06,4.541828363212553e-06,4.540751116773752e-06,4.539674806880235e-06,4.53859943265666e-06,4.537524992470473e-06,4.536451484737794e-06,4.535378908362025e-06,4.534307261974584e-06,4.533236543878121e-06,4.5321667529552855e-06,4.531097887989846e-06,4.5300299473408725e-06,4.528962929676311e-06,4.5278968338501595e-06,4.526831658277655e-06,4.5257674017458055e-06,4.524704062680654e-06,4.523641640011119e-06,4.5225801322893965e-06,4.521519538099733e-06,4.520459856123122e-06,4.519401084976023e-06,4.518343223496326e-06,4.517286270130335e-06,4.516230223471822e-06,4.5151750827069096e-06,4.514120846176117e-06,4.513067512607151e-06,4.5120150805148154e-06,4.510963548730028e-06,4.509912916053527e-06,4.508863181065908e-06,4.5078143422648985e-06,4.50676639858621e-06,4.505719348763753e-06,4.5046731914321e-06,4.503627925251684e-06,4.502583548750308e-06,4.501540061041585e-06,4.500497460616357e-06,4.49945574619458e-06,4.498414916505118e-06,4.497374970113569e-06,4.496335906027361e-06,4.495297722635509e-06,4.494260418856967e-06,4.49322399340655e-06,4.492188445252877e-06,4.491153772909837e-06,4.490119975118212e-06,4.489087050612088e-06,4.488054998141145e-06,4.487023816444444e-06,4.4859935042729674e-06,4.484964059755773e-06,4.483935482200537e-06,4.482907771021534e-06,4.4818809243865436e-06,4.480854941167329e-06,4.4798298197577994e-06,4.478805559304164e-06,4.477782157994623e-06,4.47675961569778e-06,4.475737930547624e-06,4.474717101042502e-06,4.47369712622611e-06,4.4726780051043605e-06,4.47165973606736e-06,4.470642318124437e-06,4.469625750000456e-06,4.468610030519913e-06,4.467595158408254e-06,4.466581132814167e-06,4.465567951993179e-06,4.464555614981036e-06,4.4635441207285666e-06,4.4625334683048005e-06,4.461523655788046e-06,4.460514682084499e-06,4.459506546928581e-06,4.458499247821352e-06,4.4574927839731475e-06,4.456487154598356e-06,4.455482358381109e-06,4.454478393934015e-06,4.453475260430895e-06,4.452472956349792e-06,4.4514714806932435e-06,4.450470832481338e-06,4.449471010122308e-06,4.448472012913067e-06,4.4474738392963945e-06,4.446476488286394e-06,4.4454799589893146e-06,4.444484249987109e-06,4.4434893600629695e-06,4.442495288227363e-06,4.441502033583505e-06,4.440509594225601e-06,4.439517969607544e-06,4.43852715847878e-06,4.437537159438426e-06,4.436547971678044e-06,4.4355595940005685e-06,4.434572025145816e-06,4.433585264178707e-06,4.432599309871635e-06,4.431614161097194e-06,4.430629816735971e-06,4.429646275671701e-06,4.428663536785513e-06,4.427681598941911e-06,4.4267004610515625e-06,4.425720122008614e-06,4.4247405809184365e-06,4.423761836236261e-06,4.422783887080752e-06,4.42180673234234e-06,4.420830370927512e-06,4.419854801974576e-06,4.4188800244554264e-06,4.4179060364402665e-06,4.416932837373633e-06,4.4159604261673085e-06,4.41498880173578e-06,4.4140179629935054e-06,4.4130479088603115e-06,4.412078638255196e-06,4.411110150100869e-06,4.410142443321098e-06,4.40917551684261e-06,4.408209369590913e-06,4.407244000498489e-06,4.406279408502833e-06,4.405315592524067e-06,4.4043525515183605e-06,4.403390284408252e-06,4.402428790145841e-06,4.401468067669411e-06,4.400508115958043e-06,4.399548933723622e-06,4.398590520379138e-06,4.397632874613181e-06,4.396675995080686e-06,4.395719881485228e-06,4.394764532162831e-06,4.393809946205396e-06,4.392856122651238e-06,4.391903060387285e-06,4.390950757880694e-06,4.389999214609851e-06,4.389048430173024e-06,4.3880984023471026e-06,4.387149130865565e-06,4.386200614140424e-06,4.385252852372157e-06,4.384305843120353e-06,4.3833595865467386e-06,4.382414080525208e-06,4.381469325109118e-06,4.380525318167109e-06,4.37958205986309e-06,4.3786395481759124e-06,4.377697782905282e-06,4.376756762551983e-06,4.375816486197304e-06,4.374876952855897e-06,4.373938161585926e-06,4.3730001113158564e-06,4.372062801021277e-06,4.371126229806329e-06,4.370190396548521e-06,4.369255300266901e-06,4.368320940101724e-06,4.367387315147744e-06,4.366454424115268e-06,4.3655222661874e-06,4.364590839568753e-06,4.3636601449549175e-06,4.362730180409477e-06,4.3618009453713035e-06,4.360872438258677e-06,4.359944658295784e-06,4.359017604099071e-06,4.358091276032964e-06,4.357165671928614e-06,4.356240791346736e-06,4.355316633276816e-06,4.354393196630493e-06,4.353470480413865e-06,4.352548483731419e-06,4.351627205689613e-06,4.350706644582358e-06,4.349786800082183e-06,4.348867671135782e-06,4.347949257082667e-06,4.347031557719973e-06,4.34611457103966e-06,4.3451982967006175e-06,4.344282733096655e-06,4.343367878999869e-06,4.342453734393068e-06,4.341540298207844e-06,4.340627569250644e-06,4.3397155466190155e-06,4.338804229485532e-06,4.337893616788416e-06,4.3369837075707075e-06,4.336074500972092e-06,4.3351659953488344e-06,4.334258191221019e-06,4.333351087060838e-06,4.3324446817241115e-06,4.331538974470136e-06,4.3306339642592595e-06,4.3297296502405955e-06,4.328826031503213e-06,4.327923107159044e-06,4.327020876257217e-06,4.326119337913323e-06,4.32521849122236e-06,4.324318335279883e-06,4.323418869188625e-06,4.322520092046787e-06,4.321622002837054e-06,4.320724600904948e-06,4.319827885231766e-06,4.318931854912296e-06,4.318036509084589e-06,4.317141846844324e-06,4.316247867303669e-06,4.315354569576339e-06,4.314461952777693e-06,4.3135700160247005e-06,4.31267875843601e-06,4.311788179131818e-06,4.310898277233877e-06,4.310009051865812e-06,4.3091205021525845e-06,4.308232627220931e-06,4.307345426199122e-06,4.3064588982169564e-06,4.305573042405979e-06,4.304687857899258e-06,4.303803343831855e-06,4.302919499339109e-06,4.302036323559297e-06,4.301153815632566e-06,4.30027197469841e-06,4.299390799899987e-06,4.2985102903814675e-06,4.2976304452885015e-06,4.2967512637683334e-06,4.295872744969711e-06,4.2949948880429484e-06,4.294117692139916e-06,4.293241156414009e-06,4.292365280020153e-06,4.2914900621148425e-06,4.290615501856161e-06,4.289741598403511e-06,4.288868350918098e-06,4.2879957585624124e-06,4.287123820500619e-06,4.286252535898245e-06,4.285381903922554e-06,4.284511923742084e-06,4.2836425945269825e-06,4.282773915448859e-06,4.281905885680951e-06,4.281038504397839e-06,4.280171770775581e-06,4.279305683980447e-06,4.2784402431887985e-06,4.2775754473515575e-06,4.276711296102249e-06,4.275847787998307e-06,4.274984923132743e-06,4.274122700208319e-06,4.273261117894535e-06,4.2724001763948645e-06,4.271539873888654e-06,4.270680210082755e-06,4.2698211841690686e-06,4.268962795334512e-06,4.268105042770942e-06,4.267247925695248e-06,4.266391443289115e-06,4.2655355947706655e-06,4.264680379312659e-06,4.263825796144713e-06,4.262971844469526e-06,4.26211852348486e-06,4.26126583240223e-06,4.260413770430318e-06,4.2595623367760054e-06,4.258711530663904e-06,4.257861351305587e-06,4.257011797898929e-06,4.2561628696707365e-06,4.255314565852198e-06,4.254466885653683e-06,4.253619828286431e-06,4.2527733929683274e-06,4.2519275789173974e-06,4.2510823853935796e-06,4.25023781161408e-06,4.249393856787128e-06,4.2485505201615024e-06,4.247707800961344e-06,4.246865698419249e-06,4.246024211739681e-06,4.245183340176641e-06,4.244343082969905e-06,4.2435034393558195e-06,4.242664408575884e-06,4.2418259898701035e-06,4.2409881832398185e-06,4.240150986384377e-06,4.239314399325656e-06,4.238478421849287e-06,4.237643052138351e-06,4.2368082899483835e-06,4.235974134555937e-06,4.2351405851829156e-06,4.234307641103412e-06,4.2334753019599444e-06,4.232643567025107e-06,4.231812434332378e-06,4.230981904602864e-06,4.230151976136429e-06,4.2293226490195e-06,4.2284939219265445e-06,4.22766579411311e-06,4.226838264983544e-06,4.22601133380239e-06,4.22518499941958e-06,4.224359261789912e-06,4.223534119506817e-06,4.222709572503858e-06,4.221885619718495e-06,4.2210622604422054e-06,4.220239493479101e-06,4.2194173188528564e-06,4.218595735700874e-06,4.21777474298326e-06,4.216954340136157e-06,4.216134526443349e-06,4.215315300961634e-06,4.2144966634165915e-06,4.21367861286854e-06,4.212861148391207e-06,4.212044269561205e-06,4.21122797572059e-06,4.210412265940027e-06,4.209597139801178e-06,4.208782596271938e-06,4.207968634928225e-06,4.207155254350709e-06,4.206342454544529e-06,4.2055302346159005e-06,4.2047185936305006e-06,4.203907531248146e-06,4.2030970468644125e-06,4.202287139898374e-06,4.201477809299559e-06,4.200669054291552e-06,4.199860874409452e-06,4.199053268381899e-06,4.198246236015208e-06,4.197439776666842e-06,4.19663388968405e-06,4.195828574325519e-06,4.195023829621339e-06,4.1942196553957264e-06,4.193416050463495e-06,4.1926130143254075e-06,4.191810546496876e-06,4.191008645894789e-06,4.190207312052954e-06,4.189406544279324e-06,4.188606341886778e-06,4.1878067044327234e-06,4.187007630793282e-06,4.186209120507371e-06,4.185411172906463e-06,4.184613787237124e-06,4.183816962983621e-06,4.183020699400915e-06,4.182224995805255e-06,4.181429851544342e-06,4.1806352659404545e-06,4.179841238329776e-06,4.179047768002556e-06,4.178254854386057e-06,4.17746249675952e-06,4.1766706945481455e-06,4.175879446993088e-06,4.175088753400894e-06,4.174298613160236e-06,4.173509025113757e-06,4.172719989472156e-06,4.171931505361014e-06,4.171143571982843e-06,4.170356188713584e-06,4.169569354811636e-06,4.168783069735827e-06,4.167997332700829e-06,4.167212143381474e-06,4.166427500256124e-06,4.1656434037170655e-06,4.1648598527036635e-06,4.164076846562851e-06,4.163294384237557e-06,4.162512466022631e-06,4.161731090749819e-06,4.160950257796994e-06,4.16016996655691e-06,4.159390216430842e-06,4.158611006714955e-06,4.157832336773164e-06,4.157054205970615e-06,4.156276613673391e-06,4.155499559248536e-06,4.154723042064277e-06,4.153947061489956e-06,4.153171616895963e-06,4.152396707653343e-06,4.15162233313486e-06,4.150848492713824e-06,4.150075185775138e-06,4.149302411604003e-06,4.1485301696442615e-06,4.147758459210628e-06,4.146987279810161e-06,4.146216631237764e-06,4.145446511909424e-06,4.144676921769603e-06,4.143907860116815e-06,4.143139326364905e-06,4.142371319903744e-06,4.1416038400673804e-06,4.1408368862799245e-06,4.140070458006699e-06,4.1393045553437954e-06,4.138539176059242e-06,4.1377743208103094e-06,4.137009988125783e-06,4.136246177830507e-06,4.135482889318081e-06,4.134720121982696e-06,4.133957875220592e-06,4.133196148428865e-06,4.132434941121064e-06,4.131674252579533e-06,4.1309140822041576e-06,4.130154429396721e-06,4.129395293443e-06,4.128636673976128e-06,4.127878570685993e-06,4.127120982579434e-06,4.126363908654836e-06,4.1256073492272795e-06,4.124851303161334e-06,4.124095769348951e-06,4.123340747910457e-06,4.122586237714683e-06,4.12183223869829e-06,4.121078750289285e-06,4.120325773181366e-06,4.119573303964962e-06,4.118821343829158e-06,4.1180698914002076e-06,4.117318947589346e-06,4.116568510041976e-06,4.115818578861364e-06,4.1150691534754235e-06,4.114320232749229e-06,4.113571816645801e-06,4.112823904548756e-06,4.112076495974022e-06,4.111329590256262e-06,4.110583186866408e-06,4.109837285231566e-06,4.109091884835114e-06,4.10834698504815e-06,4.107602585293113e-06,4.106858685001806e-06,4.106115283619603e-06,4.105372380562386e-06,4.104629975261673e-06,4.103888067175108e-06,4.103146655609111e-06,4.102405740237474e-06,4.101665320381324e-06,4.100925395455847e-06,4.100185964932614e-06,4.099447028197141e-06,4.098708584759021e-06,4.097970634014709e-06,4.097233175073692e-06,4.096496207570199e-06,4.095759731709421e-06,4.095023746270541e-06,4.0942882507974725e-06,4.093553244180615e-06,4.092818726775937e-06,4.092084697685545e-06,4.09135115632767e-06,4.090618102120078e-06,4.089885534547137e-06,4.089153453044076e-06,4.088421857063631e-06,4.087690746051267e-06,4.086960119411137e-06,4.086229976724131e-06,4.08550031737273e-06,4.084771140763053e-06,4.08404244647987e-06,4.083314233600977e-06,4.082586502205786e-06,4.081859251424772e-06,4.081132480853891e-06,4.080406189761549e-06,4.079680377685354e-06,4.0789550441235315e-06,4.07823018856086e-06,4.0775058104355935e-06,4.076781908757846e-06,4.076058483918958e-06,4.075335534744571e-06,4.0746130614417215e-06,4.073891062451841e-06,4.073169537389968e-06,4.072448486126625e-06,4.071727908084815e-06,4.071007802689022e-06,4.070288169419417e-06,4.0695690077499866e-06,4.068850317157041e-06,4.068132097058337e-06,4.067414346983431e-06,4.06669706641722e-06,4.065980254889985e-06,4.065263911956387e-06,4.064548036781183e-06,4.063832629087759e-06,4.063117689039737e-06,4.0624032148490585e-06,4.061689206371173e-06,4.0609756634253275e-06,4.060262585230384e-06,4.059549971215414e-06,4.058837821048885e-06,4.058126134490195e-06,4.057414910475065e-06,4.056704149021498e-06,4.05599384919347e-06,4.055284010452471e-06,4.054574632429982e-06,4.053865714735997e-06,4.053157257069513e-06,4.052449258320139e-06,4.051741718661776e-06,4.051034637314239e-06,4.050328013622571e-06,4.049621846468674e-06,4.048916136382138e-06,4.048210882531294e-06,4.047506084411391e-06,4.0468017421856016e-06,4.046097853938763e-06,4.045394420136301e-06,4.044691439991281e-06,4.043988912964106e-06,4.0432868382531525e-06,4.042585216014164e-06,4.041884045742362e-06,4.0411833267308575e-06,4.040483058433694e-06,4.0397832404370775e-06,4.039083872153808e-06,4.03838495310363e-06,4.0376864836176925e-06,4.03698846184404e-06,4.036290887854339e-06,4.035593761135227e-06,4.034897081437491e-06,4.0342008480156514e-06,4.033505060395044e-06,4.0328097182302384e-06,4.032114821103215e-06,4.0314203683168185e-06,4.030726359478603e-06,4.030032794107503e-06,4.02933967224152e-06,4.028646992386218e-06,4.027954754541202e-06,4.027262958243325e-06,4.026571603023859e-06,4.025880688396407e-06,4.025190213883438e-06,4.02450017895189e-06,4.023810583325101e-06,4.0231214263577665e-06,4.022432707444015e-06,4.021744426494424e-06,4.021056582732396e-06,4.0203691757454375e-06,4.019682205138984e-06,4.018995670538182e-06,4.018309571165473e-06,4.01762390680523e-06,4.016938676792538e-06,4.016253880851103e-06,4.015569518385737e-06,4.014885589539777e-06,4.014202092795977e-06,4.0135190281869755e-06,4.0128363952681485e-06,4.012154193317974e-06,4.011472422343779e-06,4.0107910816970445e-06,4.01011017084424e-06,4.009429689359824e-06,4.008749636826855e-06,4.008070012705206e-06,4.0073908165777405e-06,4.006712047759656e-06,4.006033706031791e-06,4.005355791377617e-06,4.004678302667869e-06,4.004001239585351e-06,4.003324601624672e-06,4.002648388717838e-06,4.0019726000224825e-06,4.0012972353749005e-06,4.000622293947342e-06,3.999947775969877e-06,3.999273680342709e-06,3.998600006825425e-06,3.9979267549484174e-06,3.997253924308306e-06,3.996581514433632e-06,3.995909524881473e-06,3.99523795533852e-06,3.9945668054386915e-06,3.993896074179417e-06,3.993225761735705e-06,3.992555867105473e-06,3.9918863905804994e-06,3.991217330772068e-06,3.990548687818767e-06,3.989880461202776e-06,3.9892126504113164e-06,3.988545255155367e-06,3.98787827492062e-06,3.9872117092695154e-06,3.986545557767413e-06,3.985879820927774e-06,3.985214496417736e-06,3.9845495847481825e-06,3.9838850854881935e-06,3.983220999078652e-06,3.982557323332901e-06,3.98189405862819e-06,3.98123120467141e-06,3.9805687615396465e-06,3.979906727591326e-06,3.979245103087903e-06,3.978583887542848e-06,3.977923080463005e-06,3.97726268147139e-06,3.976602690882477e-06,3.975943106848938e-06,3.97528392960615e-06,3.974625158743522e-06,3.973966793907766e-06,3.973308834670229e-06,3.972651280487442e-06,3.971994130966764e-06,3.971337386287174e-06,3.970681045006515e-06,3.970025107069137e-06,3.9693695723632685e-06,3.968714440600067e-06,3.9680597107212044e-06,3.967405382653131e-06,3.966751455976363e-06,3.966097929995834e-06,3.965444804491309e-06,3.964792079784802e-06,3.9641397545290135e-06,3.963487828314857e-06,3.962836301223087e-06,3.962185172351023e-06,3.961534441228181e-06,3.960884107726927e-06,3.960234172059534e-06,3.9595846325262755e-06,3.958935489271523e-06,3.958286741994312e-06,3.957638390592001e-06,3.9569904342796795e-06,3.956342872511885e-06,3.955695705374708e-06,3.955048932236138e-06,3.954402552259341e-06,3.953756565475718e-06,3.953110971441429e-06,3.952465769662627e-06,3.951820959849532e-06,3.951176541206371e-06,3.950532513958483e-06,3.949888877476965e-06,3.949245631598166e-06,3.948602775314612e-06,3.947960308995299e-06,3.947318231082428e-06,3.9466765421582584e-06,3.946035241440732e-06,3.945394328609882e-06,3.944753803324355e-06,3.944113665207415e-06,3.943473913691884e-06,3.94283454836618e-06,3.942195569141056e-06,3.941556975330712e-06,3.940918766602809e-06,3.9402809433672195e-06,3.939643503865693e-06,3.9390064483484605e-06,3.938369776344723e-06,3.937733487451384e-06,3.9370975814332484e-06,3.936462058016421e-06,3.93582691638496e-06,3.935192156375044e-06,3.934557777649246e-06,3.933923779944424e-06,3.9332901625031975e-06,3.93265692514007e-06,3.932024067413687e-06,3.93139158870184e-06,3.93075948916542e-06,3.930127768130922e-06,3.929496425269712e-06,3.928865460211395e-06,3.92823487250038e-06,3.9276046616678365e-06,3.9269748274938e-06,3.926345369570315e-06,3.925716287500065e-06,3.92508758101329e-06,3.9244592494891575e-06,3.923831292698365e-06,3.923203710187044e-06,3.922576501293629e-06,3.9219496663568694e-06,3.921323204617231e-06,3.920697115710676e-06,3.920071399242832e-06,3.919446054811415e-06,3.918821082115911e-06,3.918196480886403e-06,3.917572250476783e-06,3.916948390624103e-06,3.916324901289861e-06,3.915701781491313e-06,3.915079031232179e-06,3.9144566502751515e-06,3.9138346377356395e-06,3.9132129935149385e-06,3.912591717306707e-06,3.911970808745623e-06,3.911350267571939e-06,3.910730093126517e-06,3.910110285045168e-06,3.909490843235203e-06,3.908871767246633e-06,3.908253056649637e-06,3.90763471112181e-06,3.907016730216344e-06,3.9063991136449225e-06,3.905781861034554e-06,3.90516497204984e-06,3.904548446269221e-06,3.903932283395914e-06,3.903316483014131e-06,3.902701044754304e-06,3.902085968351093e-06,3.901471253297786e-06,3.900856899336942e-06,3.900242906233785e-06,3.899629273310044e-06,3.899016000411708e-06,3.898403087173481e-06,3.897790533227849e-06,3.897178338159909e-06,3.896566501586596e-06,3.895955023289536e-06,3.8953439028083684e-06,3.894733139859735e-06,3.894122734048152e-06,3.89351268506806e-06,3.892902992480802e-06,3.892293655952359e-06,3.891684675170776e-06,3.891076049835075e-06,3.89046777946051e-06,3.889859863845266e-06,3.889252302488838e-06,3.888645095150456e-06,3.888038241447934e-06,3.887431741097863e-06,3.886825593600288e-06,3.886219798677888e-06,3.885614355929361e-06,3.8850092651658034e-06,3.884404525956085e-06,3.883800137985045e-06,3.883196100888217e-06,3.882592414243794e-06,3.881989077772372e-06,3.88138609117136e-06,3.88078345386519e-06,3.880181165832296e-06,3.879579226421665e-06,3.878977635740357e-06,3.878376393089802e-06,3.8777754979425655e-06,3.877174950503762e-06,3.8765747501424154e-06,3.875974896594193e-06,3.875375389345914e-06,3.874776228182067e-06,3.874177412760147e-06,3.873578942896391e-06,3.8729808173543395e-06,3.872383037198022e-06,3.871785601438932e-06,3.871188509699174e-06,3.870591761723595e-06,3.86999535710017e-06,3.869399295571572e-06,3.868803576687233e-06,3.868208200248872e-06,3.867613165872818e-06,3.867018473010717e-06,3.86642412172067e-06,3.865830111486959e-06,3.865236442006641e-06,3.8646431128533145e-06,3.8640501237497195e-06,3.863457474450099e-06,3.862865164555479e-06,3.862273193575341e-06,3.861681561100868e-06,3.861090267346479e-06,3.860499311779801e-06,3.859908694070434e-06,3.859318413567467e-06,3.858728470330764e-06,3.858138863864412e-06,3.857549593387099e-06,3.856960659539203e-06,3.856372061465788e-06,3.855783798772795e-06,3.855195871397926e-06,3.854608278608958e-06,3.854021020589521e-06,3.853434096761945e-06,3.852847506649471e-06,3.8522612502174336e-06,3.851675326977897e-06,3.851089736683615e-06,3.8505044790410985e-06,3.849919553684367e-06,3.849334960163059e-06,3.84875069840161e-06,3.848166768008922e-06,3.847583168568514e-06,3.846999899812228e-06,3.846416961368402e-06,3.845834353019154e-06,3.845252074417242e-06,3.8446701251595875e-06,3.844088505083352e-06,3.843507213795742e-06,3.842926250963524e-06,3.842345616239999e-06,3.841765309244568e-06,3.841185329868614e-06,3.840605677744157e-06,3.840026352402109e-06,3.8394473538502925e-06,3.838868681508416e-06,3.838290335157264e-06,3.837712314394572e-06,3.837134619057073e-06,3.836557248837236e-06,3.835980203379556e-06,3.835403482331881e-06,3.8348270853732866e-06,3.834251012098669e-06,3.833675262474954e-06,3.8330998359071495e-06,3.832524732197109e-06,3.831949951236067e-06,3.831375492595734e-06,3.8308013558386505e-06,3.830227540874153e-06,3.82965404716849e-06,3.829080874633347e-06,3.828508022790549e-06,3.827935491292642e-06,3.82736327984867e-06,3.8267913884014284e-06,3.82621981649514e-06,3.825648563789159e-06,3.825077630020211e-06,3.82450701498579e-06,3.823936718240591e-06,3.823366739526687e-06,3.8227970785508025e-06,3.822227734961565e-06,3.821658708611055e-06,3.821089999060853e-06,3.820521606084822e-06,3.819953529323518e-06,3.81938576845243e-06,3.818818323338441e-06,3.818251193505889e-06,3.817684378801938e-06,3.817117878809353e-06,3.816551693333104e-06,3.815985822015147e-06,3.815420264409067e-06,3.814855020564102e-06,3.8142900900017075e-06,3.8137254724401167e-06,3.81316116754758e-06,3.812597175072638e-06,3.8120334945600483e-06,3.811470126002195e-06,3.810907068975125e-06,3.810344323113721e-06,3.8097818882453358e-06,3.8092197641222887e-06,3.8086579503302596e-06,3.808096446576658e-06,3.8075352526838655e-06,3.8069743682318722e-06,3.8064137930483817e-06,3.8058535268058142e-06,3.805293569213927e-06,3.80473391997294e-06,3.804174578786915e-06,3.8036155453678946e-06,3.8030568194780826e-06,3.802498400759749e-06,3.8019402888931937e-06,3.8013824837204018e-06,3.800824984927518e-06,3.8002677921973624e-06,3.799710905200823e-06,3.7991543237533816e-06,3.798598047523402e-06,3.7980420762191567e-06,3.7974864096419457e-06,3.796931047291186e-06,3.7963759891001665e-06,3.795821234692341e-06,3.795266783826957e-06,3.7947126361915984e-06,3.794158791521234e-06,3.7936052493572203e-06,3.7930520097853406e-06,3.7924990722629395e-06,3.7919464365558454e-06,3.7913941025228466e-06,3.7908420697555324e-06,3.7902903380942886e-06,3.789738907058815e-06,3.789187776500005e-06,3.7886369461391184e-06,3.788086415750347e-06,3.7875361848692774e-06,3.7869862533857747e-06,3.786436620923355e-06,3.7858872873316496e-06,3.785338252217554e-06,3.784789515395417e-06,3.7842410765527094e-06,3.7836929354251747e-06,3.7831450917144905e-06,3.7825975448926596e-06,3.7820502951230734e-06,3.7815033423367064e-06,3.7809566862480427e-06,3.7804103256504827e-06,3.779864260854892e-06,3.779318491583524e-06,3.7787730175228938e-06,3.7782278385080365e-06,3.777682954180233e-06,3.7771383643382042e-06,3.7765940685154005e-06,3.7760500667864833e-06,3.775506358710522e-06,3.774962944037104e-06,3.774419822556862e-06,3.7738769938215316e-06,3.773334457668023e-06,3.7727922138294457e-06,3.772250262024161e-06,3.7717086019959934e-06,3.7711672335012093e-06,3.7706261562566764e-06,3.7700853699785643e-06,3.769544874309556e-06,3.7690046692364574e-06,3.7684647546785774e-06,3.767925129736874e-06,3.7673857944419666e-06,3.7668467485787732e-06,3.7663079918318682e-06,3.7657695238483654e-06,3.7652313445982604e-06,3.7646934537520657e-06,3.764155850979244e-06,3.7636185360191457e-06,3.7630815086459446e-06,3.762544768568523e-06,3.7620083155803683e-06,3.761472149345037e-06,3.7609362696814473e-06,3.7604006762844764e-06,3.759865368926746e-06,3.7593303473286384e-06,3.7587956112347143e-06,3.7582611603943512e-06,3.757726994585738e-06,3.757193113487574e-06,3.7566595168507633e-06,3.7561262044284247e-06,3.7555931761577166e-06,3.7550604314654874e-06,3.754527970264805e-06,3.7539957922408813e-06,3.7534638972099087e-06,3.752932284854833e-06,3.7524009548045696e-06,3.751869907043074e-06,3.75133914121583e-06,3.7508086570745716e-06,3.750278454306303e-06,3.749748532442153e-06,3.7492188919432233e-06,3.7486895318106504e-06,3.748160451597834e-06,3.7476316522244916e-06,3.7471031328192228e-06,3.7465748930605533e-06,3.7460469327274236e-06,3.7455192512354354e-06,3.7449918489663704e-06,3.7444647253788217e-06,3.7439378802285448e-06,3.743411313305211e-06,3.7428850243065057e-06,3.742359012936476e-06,3.7418332790713354e-06,3.741307822293212e-06,3.7407826425477146e-06,3.740257739799635e-06,3.739733113098128e-06,3.739208762493652e-06,3.738684687962704e-06,3.738160889104544e-06,3.737637365597481e-06,3.7371141174626338e-06,3.736591144302644e-06,3.736068445885287e-06,3.73554602196211e-06,3.735023872127076e-06,3.734501996459869e-06,3.733980394545907e-06,3.7334590661532014e-06,3.7329380110604157e-06,3.7324172288994684e-06,3.731896719587827e-06,3.7313764828150176e-06,3.7308565183564397e-06,3.7303368260136322e-06,3.7298174055837804e-06,3.7292982566347496e-06,3.7287793790213063e-06,3.7282607725284875e-06,3.7277424365929642e-06,3.727224371613352e-06,3.726706577003864e-06,3.7261890523982767e-06,3.7256717974356314e-06,3.725154812578798e-06,3.724638097604051e-06,3.724121651282849e-06,3.723605474028131e-06,3.72308956550821e-06,3.7225739254500874e-06,3.7220585536861448e-06,3.7215434500541137e-06,3.7210286140991154e-06,3.7205140457496553e-06,3.71999974432442e-06,3.719485710326035e-06,3.7189719432528324e-06,3.7184584427279904e-06,3.717945208605451e-06,3.7174322406033986e-06,3.716919538798323e-06,3.716407102870576e-06,3.7158949319543103e-06,3.7153830262381498e-06,3.7148713854252237e-06,3.7143600094327225e-06,3.7138488983014434e-06,3.713338051530106e-06,3.712827468563638e-06,3.71231714936574e-06,3.7118070937337855e-06,3.7112973014588367e-06,3.7107877722405872e-06,3.710278505808417e-06,3.709769502316811e-06,3.7092607613136106e-06,3.7087522824880814e-06,3.7082440656608432e-06,3.7077361106136965e-06,3.7072284171298894e-06,3.7067209849916735e-06,3.7062138143670424e-06,3.70570690484982e-06,3.7052002552140747e-06,3.704693866021381e-06,3.7041877371772466e-06,3.7036818682793833e-06,3.7031762589737436e-06,3.7026709091760973e-06,3.7021658185729947e-06,3.701660987148481e-06,3.7011564145613278e-06,3.7006521005734276e-06,3.700148044983805e-06,3.699644247550238e-06,3.699140707978329e-06,3.6986374261210483e-06,3.698134401849663e-06,3.6976316348538953e-06,3.6971291249117356e-06,3.696626871802026e-06,3.69612487530283e-06,3.695623134581643e-06,3.695121650638774e-06,3.6946204231611275e-06,3.694119451031184e-06,3.693618734502462e-06,3.6931182729799016e-06,3.6926180665409793e-06,3.692118114947279e-06,3.691618418032306e-06,3.6911189755615575e-06,3.6906197872923773e-06,3.6901208529514013e-06,3.689622172364231e-06,3.6891237453348715e-06,3.6886255714786624e-06,3.6881276510459904e-06,3.687629983075235e-06,3.6871325680093523e-06,3.686635404968099e-06,3.686138494593514e-06,3.685641836418512e-06,3.685145430049181e-06,3.684649275452431e-06,3.684153372940007e-06,3.683657720978156e-06,3.6831623194651943e-06,3.682667168717459e-06,3.6821722684167024e-06,3.681677618207417e-06,3.6811832185366643e-06,3.680689068566538e-06,3.6801951682729316e-06,3.6797015174182284e-06,3.67920811584299e-06,3.678714963410315e-06,3.678222059677635e-06,3.677729404513362e-06,3.6772369976690412e-06,3.6767448390818666e-06,3.6762529285310047e-06,3.675761265854283e-06,3.675269850542403e-06,3.674778682569055e-06,3.6742877618625007e-06,3.67379708742272e-06,3.673306660204503e-06,3.672816479490374e-06,3.672326544998432e-06,3.6718368566252086e-06,3.6713474137257343e-06,3.670858216861061e-06,3.6703692655870233e-06,3.6698805586505613e-06,3.669392097593438e-06,3.6689038806147645e-06,3.668415909021049e-06,3.6679281818117868e-06,3.667440698895024e-06,3.666953459876354e-06,3.6664664648682866e-06,3.6659797134211174e-06,3.665493205352437e-06,3.665006940406719e-06,3.664520918472276e-06,3.6640351392440193e-06,3.6635496026156226e-06,3.6630643082924964e-06,3.662579256192382e-06,3.6620944460525004e-06,3.6616098776754312e-06,3.6611255516352735e-06,3.6606414663233633e-06,3.6601576217109038e-06,3.659674018312455e-06,3.6591906556506324e-06,3.6587075335075463e-06,3.658224651679871e-06,3.6577420109655353e-06,3.65725960926062e-06,3.65677744729029e-06,3.6562955249243255e-06,3.6558138423068176e-06,3.6553323983383507e-06,3.654851193271056e-06,3.6543702259930818e-06,3.6538894983577305e-06,3.6534090089224444e-06,3.6529287576167813e-06,3.6524487439561e-06,3.6519689683266015e-06,3.651489430390516e-06,3.651010129245267e-06,3.650531065539529e-06,3.650052239346698e-06,3.6495736494897695e-06,3.649095296120591e-06,3.6486171791039003e-06,3.6481392982158726e-06,3.647661653239367e-06,3.647184244101499e-06,3.646707070525704e-06,3.6462301323297304e-06,3.645753429298714e-06,3.6452769612467786e-06,3.6448007280749323e-06,3.644324729486483e-06,3.6438489652106836e-06,3.6433734351471178e-06,3.642898139025833e-06,3.6424230767530046e-06,3.641948248095089e-06,3.641473652864401e-06,3.6409992908636036e-06,3.640525161901379e-06,3.640051265780927e-06,3.6395776023443144e-06,3.6391041712235413e-06,3.638630972501017e-06,3.6381580057003635e-06,3.6376852709067387e-06,3.63721276747194e-06,3.6367404960867304e-06,3.6362684555115544e-06,3.635796646338249e-06,3.6353250680887174e-06,3.6348537205750748e-06,3.6343826036903306e-06,3.633911717084166e-06,3.633441060978039e-06,3.6329706345097548e-06,3.632500437564271e-06,3.6320304708451575e-06,3.631560733304348e-06,3.6310912248494243e-06,3.6306219453980118e-06,3.6301528948085387e-06,3.6296840728518805e-06,3.629215479399551e-06,3.628747114181151e-06,3.6282789771005334e-06,3.627811067905949e-06,3.62734338644423e-06,3.6268759325057476e-06,3.6264087059198234e-06,3.625941706554119e-06,3.625474934122764e-06,3.625008388945224e-06,3.6245420699037416e-06,3.6240759772516185e-06,3.623610110658504e-06,3.623144470343096e-06,3.6226790558660734e-06,3.6222138670021547e-06,3.6217489037175576e-06,3.6212841656665523e-06,3.6208196527413684e-06,3.620355365174812e-06,3.619891301861344e-06,3.6194274633229137e-06,3.6189638490498755e-06,3.6185004591281546e-06,3.61803729314574e-06,3.6175743515207352e-06,3.617111632815817e-06,3.6166491378138234e-06,3.6161868660516773e-06,3.615724817404459e-06,3.6152629917418705e-06,3.6148013887920275e-06,3.6143400084488675e-06,3.613878850472776e-06,3.613417914642865e-06,3.612957200926318e-06,3.6124967090601965e-06,3.6120364388391603e-06,3.6115763901029407e-06,3.6111165626976767e-06,3.6106569563994867e-06,3.6101975710546327e-06,3.6097384064754643e-06,3.6092794624674323e-06,3.6088207389249864e-06,3.608362235590464e-06,3.607903952313865e-06,3.6074458889174023e-06,3.6069880451796854e-06,3.606530421007164e-06,3.6060730160595257e-06,3.605615830373822e-06,3.6051588637123676e-06,3.604702115838097e-06,3.604245586644399e-06,3.603789275848764e-06,3.603333183392753e-06,3.602877309008019e-06,3.6024216525703596e-06,3.6019662138893665e-06,3.6015109928724518e-06,3.6010559891939176e-06,3.6006012027746318e-06,3.6001466333777163e-06,3.599692280863595e-06,3.599238145295014e-06,3.5987842261253112e-06,3.5983305232664162e-06,3.5978770365727967e-06,3.5974237658848845e-06,3.596970711104191e-06,3.596517871801325e-06,3.596065248127582e-06,3.5956128397641267e-06,3.5951606466592628e-06,3.5947086684232816e-06,3.5942569050208924e-06,3.5938053562177025e-06,3.5933540219048922e-06,3.592902901884919e-06,3.5924519959766734e-06,3.59200130401611e-06,3.5915508258450486e-06,3.591100561806179e-06,3.5906505106023396e-06,3.590200672729138e-06,3.5897510479377492e-06,3.5893016361934777e-06,3.5888524372018884e-06,3.588403450654255e-06,3.587954676515812e-06,3.587506114675227e-06,3.5870577649914856e-06,3.586609627223649e-06,3.5861617011965133e-06,3.585713986671158e-06,3.5852664836174526e-06,3.584819191641997e-06,3.584372110827043e-06,3.5839252408284226e-06,3.5834785816750766e-06,3.583032133154637e-06,3.5825858949818947e-06,3.5821398670017617e-06,3.58169404914479e-06,3.5812484411732017e-06,3.580803042899169e-06,3.580357854182859e-06,3.5799128749839102e-06,3.579468104961248e-06,3.5790235439535485e-06,3.5785791918535957e-06,3.5781350485552256e-06,3.5776911137878003e-06,3.577247387455579e-06,3.576803869324528e-06,3.576360559288624e-06,3.575917457151158e-06,3.575474562802065e-06,3.5750318760178204e-06,3.574589396655274e-06,3.5741471245531973e-06,3.5737050595122487e-06,3.5732632014735536e-06,3.5728215501372095e-06,3.5723801054627676e-06,3.571938867301917e-06,3.571497835351471e-06,3.5710570095361496e-06,3.5706163896614635e-06,3.570175975375943e-06,3.5697357668661207e-06,3.5692957639652324e-06,3.5688559661840086e-06,3.5684163737679963e-06,3.5679769861688566e-06,3.5675378040027237e-06,3.5670988259267353e-06,3.5666600522710993e-06,3.566221483350758e-06,3.565783118200765e-06,3.5653449571679665e-06,3.5649069999877294e-06,3.564469246524637e-06,3.5640316963108288e-06,3.563594349823917e-06,3.563157206462854e-06,3.562720266230331e-06,3.562283528899076e-06,3.5618469943241654e-06,3.56141066198069e-06,3.560974532432088e-06,3.5605386051594355e-06,3.560102880005272e-06,3.559667356741959e-06,3.5592320353507347e-06,3.558796915534947e-06,3.5583619972471653e-06,3.557927280320537e-06,3.5574927645681785e-06,3.5570584498334408e-06,3.5566243359610913e-06,3.5561904227924736e-06,3.555756710169152e-06,3.555323197927885e-06,3.5548898859368825e-06,3.5544567740435995e-06,3.5540238621705303e-06,3.553591149943437e-06,3.553158637302155e-06,3.552726324138597e-06,3.5522942101813326e-06,3.551862295501554e-06,3.551430579801622e-06,3.5509990630197613e-06,3.550567744786087e-06,3.5501366254319926e-06,3.5497057043976443e-06,3.54927498138162e-06,3.548844456449907e-06,3.5484141294026605e-06,3.54798400007121e-06,3.5475540684764628e-06,3.547124334279585e-06,3.546694797339917e-06,3.5462654576165076e-06,3.545836314907374e-06,3.5454073690450036e-06,3.544978619860144e-06,3.544550067241254e-06,3.544121711022462e-06,3.5436935513426694e-06,3.543265587463048e-06,3.5428378192823426e-06,3.5424102470822733e-06,3.541982870563999e-06,3.541555690326916e-06,3.5411287046990963e-06,3.5407019141546926e-06,3.5402753189566973e-06,3.5398489183429503e-06,3.5394227125271355e-06,3.5389967012981273e-06,3.5385708848383375e-06,3.538145262215844e-06,3.5377198338283676e-06,3.53729459939472e-06,3.53686955876999e-06,3.536444711927399e-06,3.53602005851178e-06,3.5355955985833253e-06,3.535171331937349e-06,3.534747258383129e-06,3.5343233778097844e-06,3.5338996903779373e-06,3.5334761954346637e-06,3.533052892842872e-06,3.532629782495372e-06,3.5322068638540488e-06,3.531784137747942e-06,3.531361603732346e-06,3.530939261497207e-06,3.530517110892877e-06,3.530095151765916e-06,3.5296733839810683e-06,3.529251807454842e-06,3.528830421914205e-06,3.528409227302918e-06,3.5279882234471213e-06,3.527567409991998e-06,3.5271467870208104e-06,3.526726354368383e-06,3.5263061119047763e-06,3.5258860594790144e-06,3.5254661969340018e-06,3.5250465242011304e-06,3.5246270410032376e-06,3.5242077474395588e-06,3.5237886431229015e-06,3.5233697278912273e-06,3.5229510018736997e-06,3.522532464611809e-06,3.5221141161762477e-06,3.5216959560454232e-06,3.521277984577912e-06,3.5208602011299636e-06,3.520442605789137e-06,3.5200251985672545e-06,3.5196079793193263e-06,3.5191909478914467e-06,3.518774104130424e-06,3.5183574478677924e-06,3.5179409788176875e-06,3.5175246969770237e-06,3.5171086021641705e-06,3.516692694246245e-06,3.51627697312757e-06,3.5158614386117723e-06,3.5154460905131965e-06,3.5150309287124193e-06,3.51461595311328e-06,3.51420116355823e-06,3.5137865599238124e-06,3.513372141957506e-06,3.5129579096881314e-06,3.5125438628939767e-06,3.5121300016100332e-06,3.5117163253641518e-06,3.511302834180696e-06,3.5108895284139995e-06,3.5104764069408248e-06,3.5100634700741348e-06,3.5096507177643904e-06,3.509238149812497e-06,3.5088257660996067e-06,3.508413566844732e-06,3.508001551110857e-06,3.507589719228256e-06,3.5071780710321735e-06,3.5067666062343527e-06,3.5063553250425817e-06,3.5059442270578585e-06,3.505533312267763e-06,3.5051225804119586e-06,3.5047120311897818e-06,3.504301665000556e-06,3.50389148129136e-06,3.503481480031678e-06,3.5030716608529847e-06,3.502662024150105e-06,3.502252569375204e-06,3.5018432966521214e-06,3.501434205573918e-06,3.5010252960778935e-06,3.5006165680982117e-06,3.5002080214670643e-06,3.499799656055866e-06,3.4993914717409226e-06,3.4989834681562357e-06,3.498575645626017e-06,3.4981680037447405e-06,3.497760542509146e-06,3.4973532615878747e-06,3.4969461609476597e-06,3.496539240444889e-06,3.496132499973918e-06,3.4957259393827357e-06,3.4953195583358204e-06,3.494913357064324e-06,3.494507335057382e-06,3.4941014926041306e-06,3.4936958293682706e-06,3.4932903452172e-06,3.4928850399944185e-06,3.4924799133630065e-06,3.492074965823361e-06,3.4916701966307967e-06,3.491265605827584e-06,3.4908611933181164e-06,3.490456958956244e-06,3.4900529025979226e-06,3.489649024159103e-06,3.4892453232165704e-06,3.4888418001250144e-06,3.4884384546555233e-06,3.4880352864189084e-06,3.4876322953465926e-06,3.4872294815357652e-06,3.4868268445798044e-06,3.4864243842795896e-06,3.4860221009120633e-06,3.4856199940692496e-06,3.4852180636711585e-06,3.4848163095866803e-06,3.4844147316872485e-06,3.48401332982907e-06,3.483612103902113e-06,3.4832110538011743e-06,3.4828101794856045e-06,3.4824094807279236e-06,3.482008957270058e-06,3.481608609026144e-06,3.4812084359800243e-06,3.480808437932996e-06,3.480408614802705e-06,3.4800089663794312e-06,3.4796094925900667e-06,3.4792101933054156e-06,3.478811080250564e-06,3.4784121340606655e-06,3.4780133599120926e-06,3.4776147585024857e-06,3.4772163304040594e-06,3.47681807572489e-06,3.47641999447747e-06,3.476022086618083e-06,3.4756243520555455e-06,3.475226790920381e-06,3.474829402640978e-06,3.4744321875476543e-06,3.474035145305907e-06,3.4736382758333895e-06,3.4732415789063124e-06,3.472845054456025e-06,3.4724487023459658e-06,3.472052522439632e-06,3.4716565144657196e-06,3.4712606785698948e-06,3.4708650145147563e-06,3.4704695222222448e-06,3.470074201521443e-06,3.469679051464334e-06,3.4692840736158617e-06,3.46888926700638e-06,3.4684946314181827e-06,3.4681001667963624e-06,3.46770587305714e-06,3.4673117500343348e-06,3.466917797729334e-06,3.4665240158056577e-06,3.466130404226995e-06,3.465736962764667e-06,3.465343691514703e-06,3.4649505903225294e-06,3.4645576588064666e-06,3.4641648970325323e-06,3.4637723049170378e-06,3.4633798821983885e-06,3.4629876288241492e-06,3.46259554459055e-06,3.4622036296133412e-06,3.4618118836558005e-06,3.461420306539891e-06,3.4610288982078013e-06,3.460637658458027e-06,3.4602465872234456e-06,3.459855684365432e-06,3.459464949754051e-06,3.459074383203019e-06,3.4586839847425023e-06,3.458293754161765e-06,3.4579036913895694e-06,3.457513796245525e-06,3.4571240686420704e-06,3.456734508407283e-06,3.4563451155032105e-06,3.455955889582989e-06,3.455566830853129e-06,3.455177939042955e-06,3.4547892138916852e-06,3.4544006555819094e-06,3.4540122638429905e-06,3.453624038393252e-06,3.45323597927922e-06,3.4528480865103657e-06,3.452460359698063e-06,3.452072798872149e-06,3.451685403888695e-06,3.451298174640437e-06,3.450911111003309e-06,3.4505242128435097e-06,3.4501374800801257e-06,3.4497509127320438e-06,3.449364510516263e-06,3.4489782733248937e-06,3.4485922010255722e-06,3.4482062935144973e-06,3.4478205506592835e-06,3.4474349723560766e-06,3.4470495584799303e-06,3.446664308913088e-06,3.4462792235379625e-06,3.4458943022369306e-06,3.4455095448926882e-06,3.445124951387965e-06,3.4447405216055186e-06,3.4443562554283948e-06,3.44397215273955e-06,3.4435882134222615e-06,3.4432044373134672e-06,3.4428208244153397e-06,3.442437374537958e-06,3.4420540874458185e-06,3.441670963425588e-06,3.4412880019307744e-06,3.4409052029679393e-06,3.440522566551439e-06,3.440140092560569e-06,3.43975778058086e-06,3.4393756306285607e-06,3.4389936426045435e-06,3.4386118166035144e-06,3.438230152409035e-06,3.437848649874735e-06,3.4374673087483736e-06,3.437086129028176e-06,3.436705110534651e-06,3.4363242531841753e-06,3.435943556978825e-06,3.435563021768842e-06,3.4351826472534793e-06,3.4348024335228717e-06,3.4344223804159397e-06,3.4340424877897364e-06,3.433662755537935e-06,3.4332831831534704e-06,3.4329037709587114e-06,3.43252451915447e-06,3.432145426844339e-06,3.431766494307898e-06,3.431387721778706e-06,3.43100910891445e-06,3.4306306555869876e-06,3.430252361611744e-06,3.429874226859826e-06,3.4294962510878682e-06,3.429118434564521e-06,3.428740776936076e-06,3.4283632780281974e-06,3.427985937808913e-06,3.4276087561837448e-06,3.4272317329322236e-06,3.426854868135016e-06,3.4264781608657313e-06,3.426101612327109e-06,3.4257252218589134e-06,3.4253489892861864e-06,3.4249729144098263e-06,3.4245969975191014e-06,3.4242212380337453e-06,3.423845636039401e-06,3.4234701915169576e-06,3.423094904016326e-06,3.4227197737432497e-06,3.4223448005713882e-06,3.4219699842349025e-06,3.4215953247425514e-06,3.421220821937064e-06,3.420846475679775e-06,3.4204722858920047e-06,3.4200982522587433e-06,3.419724375057928e-06,3.419350653804944e-06,3.418977088576665e-06,3.4186036795260414e-06,3.41823042634193e-06,3.417857328563537e-06,3.4174843862386738e-06,3.4171115996617903e-06,3.416738968324666e-06,3.4163664922509306e-06,3.415994171331637e-06,3.415622005459255e-06,3.4152499945232917e-06,3.41487813840985e-06,3.414506437052138e-06,3.414134890306749e-06,3.4137634980655025e-06,3.4133922602208415e-06,3.4130211766403047e-06,3.412650247240985e-06,3.412279471937158e-06,3.4119088505932225e-06,3.4115383830184067e-06,3.4111680692992967e-06,3.4107979092068856e-06,3.410427902669084e-06,3.4100580495634242e-06,3.409688349763832e-06,3.4093188031717743e-06,3.4089494096899148e-06,3.408580169196045e-06,3.4082110816821225e-06,3.407842146895705e-06,3.4074733648011305e-06,3.4071047352977536e-06,3.406736258241204e-06,3.406367933571668e-06,3.405999761186358e-06,3.4056317408744035e-06,3.405263872670816e-06,3.4048961563909496e-06,3.404528591920462e-06,3.404161179215669e-06,3.403793918121709e-06,3.403426808597107e-06,3.4030598501132364e-06,3.4026930433407066e-06,3.4023263877963653e-06,3.401959883196421e-06,3.40159352973163e-06,3.4012273271473476e-06,3.4008612756465815e-06,3.4004953744690134e-06,3.4001296239213557e-06,3.3997640238860355e-06,3.3993985742276385e-06,3.3990332748423897e-06,3.3986681256273135e-06,3.3983031264846407e-06,3.39793827730376e-06,3.39757357798586e-06,3.3972090284239133e-06,3.3968446285146097e-06,3.3964803781589396e-06,3.3961162772501018e-06,3.3957523256670155e-06,3.3953885233387193e-06,3.3950248701426013e-06,3.3946613660251994e-06,3.3942980108110574e-06,3.3939348044233143e-06,3.39357174676487e-06,3.393208837729438e-06,3.392846077217517e-06,3.3924834649782026e-06,3.3921210012085306e-06,3.3917586855953454e-06,3.391396518012397e-06,3.3910344984746483e-06,3.3906726269577567e-06,3.3903109032531665e-06,3.3899493272671417e-06,3.3895878988916543e-06,3.3892266180242322e-06,3.3888654845718883e-06,3.388504498406148e-06,3.388143659453505e-06,3.3877829676049015e-06,3.3874224228062858e-06,3.3870620251743464e-06,3.3867017741612916e-06,3.3863416697115707e-06,3.3859817118591825e-06,3.3856219006198046e-06,3.3852622356545925e-06,3.3849027164891633e-06,3.3845433440778386e-06,3.384184117698537e-06,3.3838250373956323e-06,3.383466103006263e-06,3.3831073144556494e-06,3.3827486715749425e-06,3.3823901742944597e-06,3.3820318225102946e-06,3.381673616146996e-06,3.381315555101531e-06,3.380957639258444e-06,3.380599868544848e-06,3.3802422425885773e-06,3.379884761792089e-06,3.3795274258050013e-06,3.3791702345380226e-06,3.3788131878855258e-06,3.378456285260833e-06,3.378099527492572e-06,3.3777429141113026e-06,3.3773864449604392e-06,3.3770301199375936e-06,3.3766739389448215e-06,3.376317901885224e-06,3.3759620086999086e-06,3.3756062595935074e-06,3.3752506538134427e-06,3.374895191482868e-06,3.374539872616387e-06,3.37418469718499e-06,3.3738296649386063e-06,3.373474775853557e-06,3.373120029866218e-06,3.372765426651692e-06,3.3724109664573307e-06,3.3720566490733095e-06,3.3717024743303802e-06,3.371348442168744e-06,3.3709945524858112e-06,3.370640805185604e-06,3.3702872001732736e-06,3.3699337373389542e-06,3.3695804165890013e-06,3.369227237840292e-06,3.3688742009940593e-06,3.368521305831472e-06,3.3681685523881347e-06,3.3678159405768925e-06,3.3674634702748023e-06,3.3671111414167173e-06,3.3667589540116497e-06,3.366406908156762e-06,3.3660550031383304e-06,3.3657032391306225e-06,3.3653516160878037e-06,3.3650001339221825e-06,3.3646487925222855e-06,3.3642975917840014e-06,3.3639465319378675e-06,3.3635956123364928e-06,3.36324483312918e-06,3.362894194176857e-06,3.3625436955953343e-06,3.362193336913474e-06,3.3618431182271743e-06,3.3614930394581675e-06,3.3611431005257842e-06,3.360793301262972e-06,3.3604436416816555e-06,3.3600941216424707e-06,3.3597447410169447e-06,3.359395499892549e-06,3.3590463979202285e-06,3.3586974352554967e-06,3.3583486114889675e-06,3.3579999267479405e-06,3.3576513809533105e-06,3.357302974200666e-06,3.3569547058531927e-06,3.356606575917418e-06,3.356258584475837e-06,3.3559107314148102e-06,3.3555630163392593e-06,3.355215439964158e-06,3.3548680012277614e-06,3.3545207012276937e-06,3.3541735388112017e-06,3.3538265146539457e-06,3.353479628280233e-06,3.3531328795979312e-06,3.352786268489359e-06,3.352439794483261e-06,3.3520934579611253e-06,3.351747259130494e-06,3.3514011975355444e-06,3.351055273094681e-06,3.3507094856692987e-06,3.35036383497288e-06,3.350018321437888e-06,3.3496729447976153e-06,3.349327704884375e-06,3.3489826016647497e-06,3.3486376346083733e-06,3.3482928039996035e-06,3.347948109772902e-06,3.347603551775874e-06,3.3472591298996858e-06,3.3469148440844057e-06,3.3465706942221586e-06,3.3462266802548845e-06,3.3458828020694183e-06,3.3455390595800942e-06,3.345195452712955e-06,3.3448519812951733e-06,3.344508645223862e-06,3.3441654446199833e-06,3.3438223792003733e-06,3.3434794490346912e-06,3.343136653903659e-06,3.3427939937827255e-06,3.342451468687943e-06,3.3421090782497623e-06,3.3417668224078083e-06,3.3414247012872746e-06,3.341082714695783e-06,3.3407408625796986e-06,3.3403991448079793e-06,3.3400575612421562e-06,3.339716111883137e-06,3.339374796671198e-06,3.339033615465051e-06,3.3386925681587577e-06,3.3383516546985665e-06,3.338010874892965e-06,3.3376702288183827e-06,3.337329716318018e-06,3.336989337276504e-06,3.336649091405633e-06,3.33630897905488e-06,3.3359689998678803e-06,3.3356291538026616e-06,3.335289440834551e-06,3.3349498608393923e-06,3.3346104137053775e-06,3.3342710993846714e-06,3.3339319177252648e-06,3.3335928686041027e-06,3.3332539520415992e-06,3.3329151679053693e-06,3.332576516128994e-06,3.3322379966243177e-06,3.3318996092955814e-06,3.3315613540402254e-06,3.3312232307829585e-06,3.3308852394441854e-06,3.330547379748618e-06,3.3302096519753113e-06,3.329872055767889e-06,3.329534591207031e-06,3.3291972581297166e-06,3.3288600564484616e-06,3.3285229861235547e-06,3.32818604714569e-06,3.327849239320093e-06,3.327512562330002e-06,3.3271760163179752e-06,3.326839601171271e-06,3.3265033168545453e-06,3.326167163265271e-06,3.3258311402750294e-06,3.3254952478495736e-06,3.325159485748468e-06,3.324823854164334e-06,3.324488352861024e-06,3.324152981760316e-06,3.323817740615268e-06,3.323482629651475e-06,3.32314764856192e-06,3.3228127974358835e-06,3.3224780760785607e-06,3.3221434844403044e-06,3.321809022413907e-06,3.3214746898901087e-06,3.3211404875190646e-06,3.320806413795324e-06,3.3204724693475048e-06,3.320138653857269e-06,3.3198049677090507e-06,3.3194714105915674e-06,3.3191379824550126e-06,3.3188046831318826e-06,3.3184715125857212e-06,3.3181384707276733e-06,3.3178055574870198e-06,3.3174727728505883e-06,3.3171401165558046e-06,3.3168075886275647e-06,3.3164751889007875e-06,3.3161429174363232e-06,3.3158107740806435e-06,3.3154787587593804e-06,3.3151468713824054e-06,3.3148151118657916e-06,3.314483480123143e-06,3.3141519760916327e-06,3.3138205996672716e-06,3.3134893507891254e-06,3.313158229232738e-06,3.312827235163491e-06,3.312496368375233e-06,3.312165628784909e-06,3.311835016306254e-06,3.311504530888625e-06,3.311174172419582e-06,3.3108439408187224e-06,3.310513835843397e-06,3.3101838577576115e-06,3.309854006301738e-06,3.3095242812925056e-06,3.3091946828777383e-06,3.308865211012809e-06,3.308535865270106e-06,3.3082066458054765e-06,3.307877552449459e-06,3.3075485851160546e-06,3.3072197437989177e-06,3.306891028383849e-06,3.306562438822061e-06,3.306233974968991e-06,3.305905636768243e-06,3.3055774242097055e-06,3.305249337112516e-06,3.304921375430845e-06,3.3045935390718793e-06,3.3042658279777438e-06,3.3039382420763044e-06,3.303610781267224e-06,3.303283445252471e-06,3.302956234439306e-06,3.30262914863851e-06,3.3023021874015005e-06,3.30197535082165e-06,3.301648638904316e-06,3.301322051550043e-06,3.300995588869847e-06,3.300669250272367e-06,3.3003430360380168e-06,3.3000169460765633e-06,3.2996909802314863e-06,3.2993651384884027e-06,3.29903942067698e-06,3.298713826787916e-06,3.2983883567061313e-06,3.298063010122939e-06,3.2977377875350162e-06,3.297412688491788e-06,3.2970877129552868e-06,3.296762860810351e-06,3.296438132083322e-06,3.2961135266452983e-06,3.295789044325219e-06,3.2954646851983672e-06,3.2951404491242437e-06,3.2948163360025387e-06,3.2944923457656937e-06,3.2941684783555725e-06,3.2938447336543436e-06,3.2935211115654562e-06,3.2931976120725224e-06,3.292874235055906e-06,3.292550980493329e-06,3.2922278483063856e-06,3.2919048383262264e-06,3.291581950517025e-06,3.2912591848634005e-06,3.2909365417232103e-06,3.2906140200794457e-06,3.2902916203107304e-06,3.2899693422444976e-06,3.289647185949172e-06,3.2893251513548863e-06,3.2890032383022763e-06,3.2886814467257126e-06,3.2883597765752577e-06,3.288038227751858e-06,3.2877168001964433e-06,3.287395493853034e-06,3.2870743086141415e-06,3.2867532443846066e-06,3.2864323011087766e-06,3.2861114782547804e-06,3.285790776675225e-06,3.285470195939362e-06,3.285149735892314e-06,3.2848293964037325e-06,3.284509177267958e-06,3.2841890786901695e-06,3.2838691004710797e-06,3.283549242381889e-06,3.2832295044931685e-06,3.282909886727356e-06,3.2825903890079984e-06,3.282271011188128e-06,3.281951753377808e-06,3.281632615368412e-06,3.2813135971729797e-06,3.2809946990590763e-06,3.28067592004495e-06,3.2803572606530543e-06,3.280038720594816e-06,3.2797203000954548e-06,3.2794019979331447e-06,3.2790838157681703e-06,3.2787657527305457e-06,3.2784478087154824e-06,3.278129983732705e-06,3.277812277679206e-06,3.277494690261049e-06,3.2771772216654104e-06,3.2768598720064493e-06,3.2765426409101665e-06,3.276225528361824e-06,3.2759085342894016e-06,3.2755916586188385e-06,3.275274901276055e-06,3.27495826218722e-06,3.2746417412749364e-06,3.2743253384724546e-06,3.2740090536987954e-06,3.2736928868878654e-06,3.2733768379626873e-06,3.2730609068489798e-06,3.2727450934743232e-06,3.2724293977647628e-06,3.2721138196482955e-06,3.2717983590645467e-06,3.271483015852711e-06,3.2711677900553053e-06,3.270852681197618e-06,3.2705376899278184e-06,3.2702228160194362e-06,3.2699080591444927e-06,3.269593419316526e-06,3.2692788962211542e-06,3.26896449032853e-06,3.2686502010275e-06,3.2683360280822384e-06,3.2680219716601187e-06,3.267708032005702e-06,3.267394209444891e-06,3.267080503193017e-06,3.2667669130028498e-06,3.266453439564375e-06,3.2661400818343503e-06,3.265826840228363e-06,3.265513714391652e-06,3.2652007049320138e-06,3.2648878113089428e-06,3.2645750335813526e-06,3.2642623715894576e-06,3.2639498256107213e-06,3.263637394963551e-06,3.2633250798807188e-06,3.2630128803501563e-06,3.262700796219632e-06,3.2623888271460146e-06,3.2620769735116904e-06,3.2617652351849933e-06,3.2614536119750255e-06,3.261142104032027e-06,3.260830710965967e-06,3.2605194327555023e-06,3.2602082694069696e-06,3.259897220868547e-06,3.25958628700788e-06,3.259275467780765e-06,3.258964762812822e-06,3.2586541726515445e-06,3.2583436968848368e-06,3.2580333355201992e-06,3.2577230883299664e-06,3.2574129554544857e-06,3.2571029367217836e-06,3.256793032113566e-06,3.2564832414613286e-06,3.2561735647779084e-06,3.255864001924906e-06,3.2555545533190273e-06,3.2552452179913993e-06,3.254935996421248e-06,3.254626888431733e-06,3.254317893851892e-06,3.2540090126683117e-06,3.2537002449576393e-06,3.2533915905202403e-06,3.2530830493649857e-06,3.2527746213179696e-06,3.252466306372905e-06,3.2521581045112293e-06,3.2518500155584736e-06,3.251542039491661e-06,3.251234176243625e-06,3.2509264257473686e-06,3.2506187879338487e-06,3.250311262737276e-06,3.250003850085625e-06,3.249696549898224e-06,3.2493893621254836e-06,3.2490822864553665e-06,3.2487753227640815e-06,3.2484684717830667e-06,3.248161732599264e-06,3.2478551059521933e-06,3.247548591504003e-06,3.2472421886818846e-06,3.246935897765377e-06,3.2466297182205864e-06,3.2463236507521045e-06,3.2460176949363424e-06,3.2457118507486337e-06,3.2454061180814035e-06,3.2451004971711448e-06,3.244794987292979e-06,3.244489588723163e-06,3.244184301451521e-06,3.243879125314057e-06,3.2435740603557666e-06,3.243269106372465e-06,3.2429642633551437e-06,3.242659531245e-06,3.2423549099944246e-06,3.2420503995079077e-06,3.2417459997772712e-06,3.241441710784474e-06,3.2411375322149464e-06,3.2408334641502363e-06,3.2405295066070645e-06,3.2402256593524804e-06,3.239921922397428e-06,3.2396182956758593e-06,3.239314779145817e-06,3.2390113727939604e-06,3.2387080765013225e-06,3.2384048900913457e-06,3.2381018130480353e-06,3.2377988464195896e-06,3.2374959894813316e-06,3.237193242249291e-06,3.23689060465388e-06,3.2365880767061053e-06,3.2362856582290183e-06,3.2359833491776754e-06,3.235681149443741e-06,3.235379059312573e-06,3.2350770778596435e-06,3.234775205914707e-06,3.234473443036688e-06,3.234171789187012e-06,3.233870244334446e-06,3.2335688083692083e-06,3.2332674813138445e-06,3.2329662633034702e-06,3.2326651536722296e-06,3.232364152714013e-06,3.2320632603143967e-06,3.231762476445814e-06,3.231461801010277e-06,3.231161233958282e-06,3.2308607752171657e-06,3.2305604249193446e-06,3.230260182648967e-06,3.22996004848589e-06,3.2296600223821e-06,3.229360104268199e-06,3.229060294137139e-06,3.228760591729884e-06,3.2284609970888427e-06,3.2281615102705065e-06,3.2278621311628984e-06,3.2275628598157565e-06,3.2272636958458515e-06,3.2269646393608504e-06,3.2266656902763536e-06,3.2263668484287386e-06,3.2260681140239017e-06,3.2257694867893824e-06,3.225470966675382e-06,3.2251725536958265e-06,3.2248742471715548e-06,3.224576047666902e-06,3.2242779555563913e-06,3.22397997035341e-06,3.2236820917511565e-06,3.2233843199558723e-06,3.2230866548160063e-06,3.2227890962273e-06,3.2224916439869873e-06,3.2221942983647016e-06,3.2218970597616944e-06,3.221599927519837e-06,3.2213029011059975e-06,3.22100598061343e-06,3.220709166262808e-06,3.2204124577266817e-06,3.2201158550656615e-06,3.219819358106969e-06,3.219522967679132e-06,3.219226683068067e-06,3.218930504089415e-06,3.218634431049742e-06,3.2183384637565318e-06,3.2180426017769564e-06,3.2177468458821803e-06,3.217451195547442e-06,3.2171556498722413e-06,3.2168602094526553e-06,3.216564874359691e-06,3.216269644415815e-06,3.2159745196215034e-06,3.215679499867512e-06,3.215384585036467e-06,3.2150897752621645e-06,3.2147950703163408e-06,3.2145004701915172e-06,3.214205974245348e-06,3.2139115836105363e-06,3.2136172976830283e-06,3.213323116147242e-06,3.2130290391679255e-06,3.212735066630487e-06,3.2124411984717305e-06,3.212147434670139e-06,3.2118537751155546e-06,3.211560219752745e-06,3.2112667684250536e-06,3.210973421232288e-06,3.210680178033453e-06,3.210387038782116e-06,3.2100940031998358e-06,3.209801071583229e-06,3.209508243835525e-06,3.2092155198452857e-06,3.208922899442762e-06,3.208630381671176e-06,3.208337968133735e-06,3.2080456582759623e-06,3.207753451799467e-06,3.207461348922786e-06,3.207169349052155e-06,3.206877452353988e-06,3.2065856595740856e-06,3.206293969112554e-06,3.206002381365245e-06,3.2057108968572903e-06,3.205419515252544e-06,3.205128236218199e-06,3.204837060323972e-06,3.204545986697598e-06,3.204255015845014e-06,3.203964147901785e-06,3.2036733825008253e-06,3.2033827196186536e-06,3.203092159126898e-06,3.2028017009901717e-06,3.2025113451546722e-06,3.2022210915529202e-06,3.2019309401158874e-06,3.201640890836451e-06,3.2013509436766052e-06,3.2010610984451898e-06,3.2007713551482395e-06,3.2004817137384287e-06,3.2001921741496373e-06,3.1999027363220964e-06,3.1996134001961743e-06,3.199324165712026e-06,3.1990350328160614e-06,3.1987460014367898e-06,3.198457071537497e-06,3.1981682430381472e-06,3.1978795158751123e-06,3.1975908899903035e-06,3.197302365528257e-06,3.1970139421722548e-06,3.196725619709929e-06,3.1964373982377388e-06,3.1961492778803918e-06,3.1958612584474024e-06,3.1955733398895886e-06,3.195285522343021e-06,3.194997805105493e-06,3.194710188406704e-06,3.194422672768916e-06,3.1941352567069774e-06,3.193847942149998e-06,3.1935607276850804e-06,3.193273613983205e-06,3.1929866005994836e-06,3.1926996875352238e-06,3.192412874679798e-06,3.1921261619764014e-06,3.1918395494212107e-06,3.191553036869379e-06,3.191266624326843e-06,3.190980311715089e-06,3.1906940993219e-06,3.190407986399108e-06,3.1901219736230534e-06,3.189836060902073e-06,3.189550247148973e-06,3.1892645330414734e-06,3.1889789184161556e-06,3.188693403169805e-06,3.1884079873265745e-06,3.1881226708607734e-06,3.187837453772173e-06,3.187552335820583e-06,3.18726731756962e-06,3.186982397913397e-06,3.186697577311875e-06,3.186412855593992e-06,3.1861282329801855e-06,3.185843709173318e-06,3.185559284047321e-06,3.1852749579277246e-06,3.1849907307231167e-06,3.1847066019872142e-06,3.184422571914431e-06,3.1841386403255212e-06,3.183854807213015e-06,3.1835710725418936e-06,3.1832874362738053e-06,3.1830038983483133e-06,3.1827204586466003e-06,3.182437117148967e-06,3.18215387359506e-06,3.1818707283427744e-06,3.1815876810425145e-06,3.1813047318855863e-06,3.181021880591757e-06,3.1807391271994386e-06,3.1804564715621754e-06,3.180173913733721e-06,3.179891453544388e-06,3.1796090908596874e-06,3.179326825772017e-06,3.179044658465695e-06,3.1787625886593916e-06,3.1784806164491466e-06,3.1781987413599177e-06,3.1779169634681957e-06,3.177635282831517e-06,3.177353699447007e-06,3.1770722131458247e-06,3.1767908239145572e-06,3.176509531719866e-06,3.176228336492452e-06,3.175947237876982e-06,3.175666236411223e-06,3.175385331746623e-06,3.175104523735607e-06,3.174823812496576e-06,3.1745431979340607e-06,3.1742626799073308e-06,3.1739822584177916e-06,3.1737019333804054e-06,3.1734217047547563e-06,3.1731415725951844e-06,3.1728615366127855e-06,3.1725815969737263e-06,3.172301753440916e-06,3.172022006044409e-06,3.1717423549490015e-06,3.1714627996735283e-06,3.171183340302629e-06,3.1709039769349084e-06,3.170624709389398e-06,3.1703455374697398e-06,3.170066461450912e-06,3.1697874811539617e-06,3.1695085965010028e-06,3.169229807549532e-06,3.1689511140166022e-06,3.1686725158274883e-06,3.1683940131927553e-06,3.1681156059231807e-06,3.1678372940179198e-06,3.167559077281179e-06,3.1672809558396263e-06,3.1670029295009804e-06,3.1667249983608313e-06,3.1664471621925438e-06,3.166169420885487e-06,3.1658917746516945e-06,3.1656142232472462e-06,3.1653367666462435e-06,3.165059404879555e-06,3.164782137852497e-06,3.1645049654366765e-06,3.1642278874890774e-06,3.1639509041390048e-06,3.16367401542704e-06,3.1633972211133136e-06,3.1631205211693533e-06,3.162843915403078e-06,3.1625674041549434e-06,3.1622909871798787e-06,3.16201466431342e-06,3.1617384355629355e-06,3.1614623008973706e-06,3.161186260230115e-06,3.160910313528016e-06,3.160634460792467e-06,3.1603587018951227e-06,3.160083036846183e-06,3.159807465473215e-06,3.1595319877885175e-06,3.1592566037505485e-06,3.1589813133189215e-06,3.158706116083437e-06,3.1584310126620036e-06,3.1581560026027075e-06,3.1578810860053974e-06,3.157606262842508e-06,3.157331532900259e-06,3.1570568957096068e-06,3.156782352220126e-06,3.1565079015541306e-06,3.156233544130481e-06,3.1559592796222513e-06,3.155685108167805e-06,3.1554110296120927e-06,3.15513704378089e-06,3.1548631507951933e-06,3.1545893507540274e-06,3.154315643305726e-06,3.154042028597445e-06,3.153768506421702e-06,3.1534950768172787e-06,3.1532217397188446e-06,3.1529484954342536e-06,3.1526753432051394e-06,3.1524022831623165e-06,3.1521293154541282e-06,3.1518564396692686e-06,3.1515836562117583e-06,3.1513109648658068e-06,3.1510383655885292e-06,3.150765858420692e-06,3.150493443349165e-06,3.1502211202236848e-06,3.1499488888241664e-06,3.1496767489938712e-06,3.149404701166292e-06,3.149132744921094e-06,3.1488608805083583e-06,3.148589107763756e-06,3.1483174266761228e-06,3.1480458369271064e-06,3.14777433860776e-06,3.147502931662907e-06,3.1472316160428836e-06,3.1469603917891697e-06,3.1466892587137147e-06,3.1464182168267656e-06,3.146147266101845e-06,3.1458764064703925e-06,3.145605637930948e-06,3.1453349603765857e-06,3.1450643737135795e-06,3.1447938779403528e-06,3.144523472992673e-06,3.1442531588518693e-06,3.1439829354653183e-06,3.143712802635428e-06,3.143442760534979e-06,3.143172809013723e-06,3.1429029480273517e-06,3.1426331775976857e-06,3.142363497543916e-06,3.142093907869706e-06,3.1418244085184707e-06,3.141554999454429e-06,3.1412856806143878e-06,3.1410164519421087e-06,3.140747313815256e-06,3.1404782653731393e-06,3.14020930695259e-06,3.139940438506897e-06,3.139671660036682e-06,3.1394029714547324e-06,3.139134372638688e-06,3.13886586362801e-06,3.1385974443752927e-06,3.1383291147477747e-06,3.1380608748016525e-06,3.1377927243509483e-06,3.1375246632372275e-06,3.137256691622301e-06,3.136988809638456e-06,3.1367210170909047e-06,3.136453313875393e-06,3.1361856999161013e-06,3.1359181749461044e-06,3.1356507394270427e-06,3.1353833927292187e-06,3.135116135386287e-06,3.13484896683814e-06,3.1345818875104886e-06,3.1343148970901937e-06,3.1340479956023803e-06,3.1337811829418554e-06,3.133514459043923e-06,3.1332478238876773e-06,3.13298127739034e-06,3.1327148192836486e-06,3.132448450028875e-06,3.132182168960475e-06,3.1319159766855994e-06,3.1316498728694445e-06,3.131383857468658e-06,3.131117930387095e-06,3.130852091709489e-06,3.1305863411705057e-06,3.1303206788480695e-06,3.130055104627868e-06,3.129789618649084e-06,3.1295242206077047e-06,3.12925891055809e-06,3.128993688495838e-06,3.1287285543348023e-06,3.1284635080250006e-06,3.1281985494889206e-06,3.1279336784124683e-06,3.1276688953524623e-06,3.1274041999599615e-06,3.127139592180617e-06,3.1268750721588495e-06,3.1266106394658533e-06,3.1263462942512114e-06,3.126082036868982e-06,3.12581786643004e-06,3.125553783318741e-06,3.1252897874424594e-06,3.1250258788717623e-06,3.1247620574257116e-06,3.1244983231165355e-06,3.124234675788903e-06,3.123971115648443e-06,3.1237076421696334e-06,3.123444255820395e-06,3.1231809561533608e-06,3.122917743629671e-06,3.1226546177111e-06,3.1223915791216145e-06,3.122128626839208e-06,3.121865761131635e-06,3.1216029821558557e-06,3.1213402896928e-06,3.1210776833160963e-06,3.120815163717582e-06,3.120552730548609e-06,3.120290383895007e-06,3.1200281235254665e-06,3.1197659495680896e-06,3.1195038616817216e-06,3.11924186010108e-06,3.1189799444252463e-06,3.1187181149334114e-06,3.118456371463636e-06,3.1181947135894335e-06,3.1179331420087778e-06,3.117671656258204e-06,3.1174102564780755e-06,3.117148942520371e-06,3.1168877141942144e-06,3.1166265717022037e-06,3.1163655148692324e-06,3.1161045438315316e-06,3.1158436581840794e-06,3.1155828577287107e-06,3.1153221429933987e-06,3.115061513776214e-06,3.1148009697805496e-06,3.1145405110642293e-06,3.11428013784533e-06,3.1140198499625425e-06,3.1137596471090784e-06,3.1134995292390003e-06,3.1132394964665985e-06,3.1129795489367664e-06,3.112719686477756e-06,3.1124599089064473e-06,3.112200216142654e-06,3.1119406084309968e-06,3.111681085356051e-06,3.1114216471898284e-06,3.111162293718004e-06,3.1109030250512946e-06,3.1106438409188733e-06,3.1103847412271695e-06,3.110125725985639e-06,3.109866795499491e-06,3.1096079495048153e-06,3.1093491879697717e-06,3.109090510648637e-06,3.108831917791177e-06,3.1085734090495635e-06,3.108314984517323e-06,3.1080566442547737e-06,3.107798388065111e-06,3.1075402159424463e-06,3.107282127990822e-06,3.107024124041538e-06,3.1067662038476364e-06,3.1065083677122588e-06,3.106250615423781e-06,3.105992946889877e-06,3.1057353622072646e-06,3.105477861249829e-06,3.105220443969111e-06,3.1049631103115956e-06,3.104705860236031e-06,3.104448693666528e-06,3.104191610721103e-06,3.103934611163254e-06,3.1036776949464994e-06,3.103420862149761e-06,3.1031641127757907e-06,3.102907446658286e-06,3.1026508636216164e-06,3.1023943638486585e-06,3.1021379472142545e-06,3.1018816134722607e-06,3.1016253628978994e-06,3.1013691952985493e-06,3.1011131107338657e-06,3.1008571091167055e-06,3.1006011903745955e-06,3.1003453544516216e-06,3.100089601373621e-06,3.099833930839746e-06,3.0995783430718913e-06,3.099322837813372e-06,3.0990674153003415e-06,3.0988120753870497e-06,3.098556817995746e-06,3.0983016431402434e-06,3.0980465506168224e-06,3.0977915404523576e-06,3.0975366125549233e-06,3.097281767072477e-06,3.097027003831266e-06,3.096772322806747e-06,3.0965177239821795e-06,3.0962632072290347e-06,3.0960087724787893e-06,3.095754419755719e-06,3.0955001489971293e-06,3.0952459601928185e-06,3.0949918533022773e-06,3.0947378282554908e-06,3.094483885308685e-06,3.094230023892114e-06,3.093976244168948e-06,3.0937225463043237e-06,3.093468929914694e-06,3.0932153950332252e-06,3.092961941751841e-06,3.092708570231218e-06,3.092455279875728e-06,3.092202071094873e-06,3.0919489434841862e-06,3.091695897271583e-06,3.0914429322962515e-06,3.0911900485592324e-06,3.0909372460913933e-06,3.090684524780624e-06,3.0904318844028723e-06,3.0901793250849527e-06,3.0899268469742044e-06,3.0896744496797793e-06,3.0894221334237915e-06,3.0891698980902995e-06,3.0889177437695035e-06,3.0886656701372693e-06,3.088413677335816e-06,3.0881617651696578e-06,3.087909933624552e-06,3.0876581827513434e-06,3.087406512480927e-06,3.0871549227622814e-06,3.086903413577158e-06,3.0866519848208464e-06,3.086400636549734e-06,3.0861493685587473e-06,3.08589818089582e-06,3.0856470734999033e-06,3.085396046352361e-06,3.0851450994636215e-06,3.084894232815139e-06,3.0846434463793487e-06,3.0843927400215028e-06,3.0841421136960684e-06,3.083891567288839e-06,3.083641100777138e-06,3.083390714207814e-06,3.0831404075996755e-06,3.0828901806061987e-06,3.082640033335256e-06,3.0823899664572256e-06,3.0821399788529025e-06,3.0818900709382112e-06,3.0816402424520695e-06,3.081390493321718e-06,3.0811408238973954e-06,3.0808912339904897e-06,3.0806417235027467e-06,3.0803922926528174e-06,3.080142940918667e-06,3.0798936686838815e-06,3.0796444755498398e-06,3.079395361871362e-06,3.079146327193524e-06,3.0788973716257157e-06,3.078648495377265e-06,3.078399697977034e-06,3.0781509797270797e-06,3.0779023405504704e-06,3.077653780180193e-06,3.077405298571682e-06,3.0771568959377425e-06,3.0769085721754835e-06,3.0766603272739397e-06,3.0764121610127485e-06,3.076164073348231e-06,3.07591606441858e-06,3.075668134026753e-06,3.075420282143251e-06,3.0751725087752334e-06,3.0749248139363027e-06,3.0746771977278352e-06,3.07442965980348e-06,3.0741822002596545e-06,3.0739348195801038e-06,3.0736875166287842e-06,3.073440291824234e-06,3.0731931451791408e-06,3.072946076858161e-06,3.072699086655672e-06,3.072452174339522e-06,3.0722053399569986e-06,3.071958583831549e-06,3.0717119054107814e-06,3.071465304995363e-06,3.0712187824500075e-06,3.0709723379179993e-06,3.0707259711193812e-06,3.0704796819925417e-06,3.070233470578666e-06,3.069987336817594e-06,3.069741280753969e-06,3.06949530206397e-06,3.069249401042014e-06,3.069003577632364e-06,3.068757831680049e-06,3.0685121628037553e-06,3.0682665714732296e-06,3.068021057644857e-06,3.067775621003216e-06,3.0675302620605338e-06,3.0672849799667328e-06,3.0670397750402997e-06,3.0667946472726813e-06,3.066549596769755e-06,3.066304623044437e-06,3.0660597264636324e-06,3.0658149067464093e-06,3.065570163743057e-06,3.0653254979370617e-06,3.065080908897647e-06,3.0648363967536113e-06,3.0645919612840184e-06,3.064347602751188e-06,3.064103320812128e-06,3.063859115510745e-06,3.0636149863387384e-06,3.06337093448964e-06,3.0631269589123325e-06,3.062883059747611e-06,3.0626392370848384e-06,3.0623954908382327e-06,3.062151820969113e-06,3.0619082273490235e-06,3.061664710072745e-06,3.0614212690808328e-06,3.0611779043137303e-06,3.0609346157076915e-06,3.0606914031482113e-06,3.060448266738458e-06,3.0602052064378847e-06,3.059962222085549e-06,3.0597193134500665e-06,3.059476480966617e-06,3.059233724690489e-06,3.0589910440395293e-06,3.0587484389541777e-06,3.058505909789247e-06,3.0582634563511278e-06,3.0580210786953537e-06,3.057778776689343e-06,3.05753655029943e-06,3.05729439938338e-06,3.0570523239703333e-06,3.0568103242331503e-06,3.0565683998961193e-06,3.056326550951067e-06,3.0560847776127233e-06,3.055843079501072e-06,3.0556014566652912e-06,3.055359908968983e-06,3.0551184366268346e-06,3.05487703941494e-06,3.0546357174235578e-06,3.054394470378608e-06,3.05415329856899e-06,3.053912201836904e-06,3.0536711799823493e-06,3.053430232868026e-06,3.053189360778087e-06,3.0529485637411256e-06,3.0527078415852726e-06,3.0524671942013886e-06,3.0522266215234656e-06,3.0519861235612016e-06,3.051745700289367e-06,3.0515053515060937e-06,3.0512650775935543e-06,3.0510248780583266e-06,3.050784753350949e-06,3.0505447027275895e-06,3.050304726817294e-06,3.0500648253133298e-06,3.0498249982403395e-06,3.049585245519946e-06,3.049345566935449e-06,3.0491059626659098e-06,3.0488664326368908e-06,3.048626976764828e-06,3.048387595361475e-06,3.0481482875602615e-06,3.047909054169369e-06,3.0476698946721222e-06,3.0474308092708025e-06,3.0471917977254964e-06,3.0469528599637774e-06,3.0467139961992064e-06,3.046475206346151e-06,3.0462364902323655e-06,3.0459978478498206e-06,3.0457592790644252e-06,3.0455207841521702e-06,3.045282362875254e-06,3.045044015588121e-06,3.0448057416925473e-06,3.0445675412567e-06,3.0443294142419367e-06,3.0440913606730035e-06,3.0438533806573624e-06,3.043615473899629e-06,3.0433776402609143e-06,3.0431398804285372e-06,3.0429021936625923e-06,3.042664580199665e-06,3.042427039701686e-06,3.042189572696448e-06,3.0419521785273447e-06,3.0417148576553803e-06,3.041477610092383e-06,3.0412404351855185e-06,3.0410033333121353e-06,3.0407663043751377e-06,3.040529348233845e-06,3.040292465038088e-06,3.040055654750759e-06,3.0398189172300753e-06,3.0395822524684013e-06,3.0393456602764282e-06,3.0391091409861233e-06,3.038872694368711e-06,3.03863632024714e-06,3.038400018615562e-06,3.038163789727394e-06,3.037927633474878e-06,3.0376915493229964e-06,3.037455537588161e-06,3.0372195982153743e-06,3.036983731105555e-06,3.0367479362626153e-06,3.0365122137738025e-06,3.036276563588704e-06,3.036040985579134e-06,3.035805479827838e-06,3.0355700461020355e-06,3.035334684398491e-06,3.0350993948344885e-06,3.0348641773632424e-06,3.034629031805334e-06,3.0343939581740153e-06,3.034158956550586e-06,3.0339240266928594e-06,3.0336891685241422e-06,3.033454382176283e-06,3.033219667701351e-06,3.0329850250376394e-06,3.0327504539644264e-06,3.032515954424874e-06,3.0322815266553675e-06,3.032047170433626e-06,3.03181288575934e-06,3.0315786725855793e-06,3.0313445308652442e-06,3.031110460563721e-06,3.0308764619115075e-06,3.03064253439014e-06,3.0304086781903196e-06,3.0301748932791157e-06,3.0299411796998186e-06,3.0297075372598914e-06,3.0294739659921537e-06,3.0292404658691073e-06,3.0290070368516766e-06,3.0287736789937494e-06,3.0285403921079136e-06,3.0283071760338797e-06,3.0280740310784808e-06,3.0278409570562204e-06,3.027607954154943e-06,3.027375021858631e-06,3.0271421607194247e-06,3.0269093698656204e-06,3.0266766499101277e-06,3.0264440008867455e-06,3.0262114223268557e-06,3.0259789145234044e-06,3.025746477193443e-06,3.0255141105846868e-06,3.0252818143986094e-06,3.0250495884054143e-06,3.0248174331809193e-06,3.0245853483855334e-06,3.0243533341421496e-06,3.024121390189246e-06,3.023889516686727e-06,3.023657713329306e-06,3.023425980227142e-06,3.0231943173438316e-06,3.0229627245458865e-06,3.022731202130498e-06,3.0224997496645504e-06,3.0222683672814356e-06,3.022037055077947e-06,3.021805812714844e-06,3.021574640226559e-06,3.0213435377227733e-06,3.021112505170109e-06,3.0208815423452323e-06,3.020650649401897e-06,3.0204198262507434e-06,3.020189072883351e-06,3.0199583890791514e-06,3.0197277751170317e-06,3.0194972310963228e-06,3.0192667563812594e-06,3.019036351271532e-06,3.018806015662864e-06,3.018575749453595e-06,3.01834555276654e-06,3.01811542562783e-06,3.01788536751892e-06,3.0176553791442073e-06,3.0174254603762623e-06,3.0171956106340876e-06,3.0169658302567895e-06,3.0167361191978234e-06,3.016506477380117e-06,3.0162769047467496e-06,3.016047401028984e-06,3.015817966453068e-06,3.015588600752305e-06,3.015359304224993e-06,3.0151300767480177e-06,3.014900918229153e-06,3.0146718285907246e-06,3.0144428078281495e-06,3.014213855858963e-06,3.013984972724891e-06,3.013756158404844e-06,3.013527412823924e-06,3.013298735950155e-06,3.0130701277408253e-06,3.012841588384958e-06,3.0126131174975177e-06,3.0123847150319326e-06,3.012156381267131e-06,3.0119281157664784e-06,3.011699918988764e-06,3.0114717906464816e-06,3.011243730682875e-06,3.0110157389869016e-06,3.0107878153865994e-06,3.010559960374651e-06,3.010332173813626e-06,3.0101044552814563e-06,3.0098768051435236e-06,3.0096492231224406e-06,3.0094217092509088e-06,3.0091942634569014e-06,3.008966885745931e-06,3.00873957607781e-06,3.008512334341539e-06,3.008285160695591e-06,3.008058054866305e-06,3.0078310170611325e-06,3.0076040470258897e-06,3.007377144906168e-06,3.007150310595685e-06,3.006923544048608e-06,3.0066968451752154e-06,3.00647021397329e-06,3.0062436504630533e-06,3.006017154560346e-06,3.0057907261278644e-06,3.005564365411043e-06,3.0053380722248892e-06,3.005111846530041e-06,3.0048856883135716e-06,3.004659597720529e-06,3.0044335743343184e-06,3.004207618287805e-06,3.003981729644793e-06,3.003755908431289e-06,3.003530153890437e-06,3.0033044669790473e-06,3.003078847250898e-06,3.0028532947012906e-06,3.002627809282661e-06,3.0024023909693973e-06,3.002177039771629e-06,3.001951755590312e-06,3.001726538371294e-06,3.001501388109989e-06,3.001276304696055e-06,3.0010512882767755e-06,3.0008263387253026e-06,3.000601455994037e-06,3.0003766400142607e-06,3.000151890730742e-06,2.999927208301856e-06,2.999702592573173e-06,2.999478043512926e-06,2.999253561274906e-06,2.9990291454595236e-06,2.998804796215113e-06,2.9985805135009276e-06,2.998356297236284e-06,2.9981321474733148e-06,2.9979080641738994e-06,2.997684047327592e-06,2.997460096684756e-06,2.997236212516073e-06,2.9970123948267725e-06,2.9967886432374808e-06,2.9965649578851766e-06,2.996341338639485e-06,2.996117785675392e-06,2.9958942988568067e-06,2.9956708781515422e-06,2.9954475235264194e-06,2.9952242349498667e-06,2.9950010123986188e-06,2.994777855974698e-06,2.994554765600074e-06,2.994331740901328e-06,2.9941087821471586e-06,2.9938858891776446e-06,2.9936630619941757e-06,2.9934403006356255e-06,2.9932176050444186e-06,2.992994975180075e-06,2.9927724110008326e-06,2.9925499124835054e-06,2.9923274795877193e-06,2.9921051122882525e-06,2.9918828105576473e-06,2.991660574362547e-06,2.9914384036584833e-06,2.991216298399259e-06,2.9909942585981255e-06,2.9907722842095056e-06,2.9905503751837976e-06,2.990328531498055e-06,2.9901067531202653e-06,2.989885040019207e-06,2.989663392224437e-06,2.989441809578534e-06,2.9892202920109365e-06,2.988998839693912e-06,2.9887774524724407e-06,2.988556130357169e-06,2.9883348732964798e-06,2.9881136812562133e-06,2.9878925542157568e-06,2.987671492127137e-06,2.98745049496034e-06,2.9872295626875996e-06,2.987008695277959e-06,2.9867878927100123e-06,2.986567154937585e-06,2.986346481928647e-06,2.9861258736558418e-06,2.985905330094102e-06,2.9856848512526283e-06,2.9854644370006655e-06,2.985244087365599e-06,2.985023802303464e-06,2.984803581790739e-06,2.984583425793913e-06,2.9843633342927206e-06,2.9841433072384275e-06,2.9839233445949317e-06,2.9837034466696294e-06,2.9834836127959596e-06,2.983263843238943e-06,2.983044137979372e-06,2.9828244969853487e-06,2.9826049202270414e-06,2.98238540765007e-06,2.982165959269261e-06,2.981946575029431e-06,2.981727254899153e-06,2.981507998847404e-06,2.981288806845788e-06,2.981069679051069e-06,2.9808506150520153e-06,2.9806316150065284e-06,2.98041267888658e-06,2.9801938066670097e-06,2.979974998306677e-06,2.97975625377876e-06,2.979537573045101e-06,2.9793189560800986e-06,2.9791004028610746e-06,2.9788819133436776e-06,2.9786634875047344e-06,2.978445125315936e-06,2.9782268267370138e-06,2.978008591743348e-06,2.9777904203020842e-06,2.9775723123857172e-06,2.9773542679415723e-06,2.9771362869791434e-06,2.97691836945256e-06,2.976700515328003e-06,2.9764827245690586e-06,2.9762649971482436e-06,2.9760473330341863e-06,2.9758297321991436e-06,2.975612194618965e-06,2.975394720248126e-06,2.975177309064651e-06,2.9749599610415836e-06,2.974742676139758e-06,2.974525454338522e-06,2.9743082955971724e-06,2.974091199890574e-06,2.973874167188738e-06,2.9736571974668956e-06,2.973440290683193e-06,2.9732234468121067e-06,2.973006665829066e-06,2.972789947693985e-06,2.9725732923873814e-06,2.972356699875494e-06,2.972140170122542e-06,2.971923703105697e-06,2.971707298781031e-06,2.971490957130634e-06,2.971274678123191e-06,2.9710584617229653e-06,2.9708423079057584e-06,2.9706262166389095e-06,2.9704101878979788e-06,2.970194221653142e-06,2.969978317859879e-06,2.9697624765028773e-06,2.969546697542373e-06,2.969330980953325e-06,2.9691153267078286e-06,2.968899734772396e-06,2.9686842051232656e-06,2.9684687377158106e-06,2.968253332545181e-06,2.968037989562584e-06,2.967822708741707e-06,2.967607490060233e-06,2.9673923334779733e-06,2.967177238968306e-06,2.9669622065048325e-06,2.966747236052489e-06,2.9665323275842668e-06,2.966317481073252e-06,2.966102696486607e-06,2.965887973794093e-06,2.9656733130000744e-06,2.9654587140100913e-06,2.965244176826577e-06,2.9650297014151614e-06,2.964815287755176e-06,2.9646009358090897e-06,2.964386645461626e-06,2.964172416862713e-06,2.963958249896248e-06,2.9637441445273688e-06,2.9635301007410425e-06,2.9633161184881263e-06,2.963102197750149e-06,2.9628883384913853e-06,2.962674540689428e-06,2.962460804317092e-06,2.9622471293319873e-06,2.9620335157127455e-06,2.9618199634285536e-06,2.9616064724537597e-06,2.961393042713365e-06,2.9611796742705282e-06,2.960966367039921e-06,2.9607531210029585e-06,2.9605399361281932e-06,2.9603268123938107e-06,2.9601137497525397e-06,2.959900748186196e-06,2.9596878077239994e-06,2.95947492821888e-06,2.9592621097406637e-06,2.959049352186676e-06,2.9588366555640647e-06,2.9586240198388522e-06,2.958411444987346e-06,2.958198930976937e-06,2.9579864777819735e-06,2.957774085350559e-06,2.957561753693278e-06,2.9573494827715028e-06,2.957137272569284e-06,2.9569251230337824e-06,2.9567130340629914e-06,2.956501005798251e-06,2.9562890380771916e-06,2.956077130912142e-06,2.955865284269897e-06,2.955653498110891e-06,2.9554417724376027e-06,2.9552301071998415e-06,2.9550185022834567e-06,2.954806957843913e-06,2.9545954737634728e-06,2.9543840497613535e-06,2.95417268630325e-06,2.953961383064514e-06,2.9537501400617203e-06,2.953538957322606e-06,2.9533278347612494e-06,2.953116772360029e-06,2.9529057700781524e-06,2.9526948278778155e-06,2.952483945770482e-06,2.952273123698874e-06,2.952062361648588e-06,2.9518516595740145e-06,2.951641017439656e-06,2.9514304352130934e-06,2.951219912875101e-06,2.95100945041545e-06,2.9507990478023022e-06,2.950588705001985e-06,2.950378422272451e-06,2.9501681989815432e-06,2.9499580354354813e-06,2.949747931659875e-06,2.949537887559079e-06,2.9493279032670305e-06,2.9491179785858428e-06,2.9489081133436315e-06,2.9486983076106524e-06,2.9484885616478537e-06,2.9482788748958674e-06,2.9480692477289156e-06,2.9478596799959457e-06,2.947650171579849e-06,2.9474407225748343e-06,2.947231333230509e-06,2.9470220029391235e-06,2.946812731979862e-06,2.9466035203560566e-06,2.9463943679739315e-06,2.9461852750601397e-06,2.9459762410968785e-06,2.9457672663078603e-06,2.945558350684368e-06,2.9453494940974805e-06,2.9451406976610238e-06,2.944931958983702e-06,2.944723280027116e-06,2.9445146598735305e-06,2.944306098434251e-06,2.9440975960178623e-06,2.9438891524612314e-06,2.9436807679162115e-06,2.9434724418450388e-06,2.9432641749788344e-06,2.9430559668887014e-06,2.942847817453476e-06,2.9426397271165685e-06,2.9424316952228547e-06,2.9422237224691307e-06,2.9420158086191943e-06,2.941807952764876e-06,2.9416001552857616e-06,2.941392416730145e-06,2.9411847366803343e-06,2.9409771151325136e-06,2.940769552097942e-06,2.940562047616265e-06,2.9403546014010098e-06,2.9401472138057736e-06,2.9399398847947412e-06,2.9397326144483984e-06,2.9395254019741757e-06,2.9393182480376465e-06,2.939111152208501e-06,2.9389041145777843e-06,2.9386971352180396e-06,2.9384902143886507e-06,2.9382833511229356e-06,2.938076546491891e-06,2.937869800431479e-06,2.9376631120552213e-06,2.9374564814883766e-06,2.937249909686455e-06,2.9370433952511613e-06,2.9368369390473934e-06,2.936630540571448e-06,2.9364242000371463e-06,2.936217917673622e-06,2.9360116931675726e-06,2.9358055262894945e-06,2.935599417188653e-06,2.9353933661822634e-06,2.9351873727227938e-06,2.934981436738452e-06,2.9347755587553136e-06,2.9345697384145332e-06,2.934363975758677e-06,2.9341582708086944e-06,2.9339526236437416e-06,2.9337470338227517e-06,2.933541501633695e-06,2.9333360271885164e-06,2.9331306100715067e-06,2.9329252504131444e-06,2.9327199485678274e-06,2.9325147040338003e-06,2.932309516689455e-06,2.9321043867163666e-06,2.9318993140738262e-06,2.9316942987151894e-06,2.931489340731732e-06,2.931284439926748e-06,2.931079596450579e-06,2.930874810440136e-06,2.9306700813462005e-06,2.9304654095359397e-06,2.9302607946376066e-06,2.9300562369963777e-06,2.929851736400274e-06,2.929647293031003e-06,2.929442906538359e-06,2.9292385770368505e-06,2.9290343045045807e-06,2.9288300890019753e-06,2.928625930076158e-06,2.928421828961365e-06,2.9282177841769853e-06,2.9280137961537808e-06,2.927809865004456e-06,2.9276059906676683e-06,2.927402173059109e-06,2.9271984122030667e-06,2.926994708097612e-06,2.9267910606689424e-06,2.9265874697503427e-06,2.9263839356278347e-06,2.9261804578920483e-06,2.925977036995357e-06,2.9257736726245295e-06,2.925570364886995e-06,2.92536711303338e-06,2.92516391822121e-06,2.924960779491824e-06,2.924757697636269e-06,2.924554672314342e-06,2.924351703160498e-06,2.924148790282964e-06,2.92394593328247e-06,2.9237431333312552e-06,2.923540389680511e-06,2.9233377020292123e-06,2.9231350707468437e-06,2.922932495642544e-06,2.922729976699232e-06,2.922527513803879e-06,2.9223251067883515e-06,2.9221227563531936e-06,2.9219204617362164e-06,2.9217182231745583e-06,2.92151604060452e-06,2.92131391424582e-06,2.921111843382334e-06,2.9209098287196645e-06,2.920707869930918e-06,2.920505967098861e-06,2.9203041202121592e-06,2.920102328817732e-06,2.919900593477439e-06,2.9196989139509744e-06,2.9194972901735997e-06,2.9192957221191056e-06,2.919094209757038e-06,2.918892753154389e-06,2.9186913521686553e-06,2.9184900070047785e-06,2.9182887170329857e-06,2.918087482818487e-06,2.917886304352419e-06,2.9176851812838026e-06,2.917484113726932e-06,2.917283101718781e-06,2.9170821447940887e-06,2.9168812431932694e-06,2.9166803973779765e-06,2.9164796070435627e-06,2.916278872004124e-06,2.9160781922884613e-06,2.91587756762072e-06,2.9156769985591735e-06,2.9154764847059436e-06,2.915276026029266e-06,2.915075622431557e-06,2.914875274167664e-06,2.9146749810716535e-06,2.914474743072311e-06,2.91427455955884e-06,2.9140744318517982e-06,2.9138743589869955e-06,2.913674341183869e-06,2.9134743781697638e-06,2.9132744702804107e-06,2.9130746177137975e-06,2.9128748198553393e-06,2.912675076790909e-06,2.9124753887134852e-06,2.9122757555683704e-06,2.9120761771818664e-06,2.911876653589465e-06,2.911677184777903e-06,2.91147777077679e-06,2.911278411443543e-06,2.911079106827456e-06,2.910879856763013e-06,2.9106806614612844e-06,2.910481520405512e-06,2.9102824343407935e-06,2.9100834027475744e-06,2.9098844258171602e-06,2.9096855029747977e-06,2.9094866345906855e-06,2.9092878206811747e-06,2.9090890613748932e-06,2.9088903567672687e-06,2.908691706372833e-06,2.9084931102321044e-06,2.908294569124245e-06,2.9080960817690337e-06,2.907897648752324e-06,2.907699269794983e-06,2.907500945124135e-06,2.9073026749076096e-06,2.9071044588746203e-06,2.906906297480446e-06,2.906708190194716e-06,2.9065101368411113e-06,2.906312137385335e-06,2.906114192230583e-06,2.90591630070287e-06,2.905718463171409e-06,2.9055206799614803e-06,2.9053229505570127e-06,2.90512527523255e-06,2.9049276538033326e-06,2.9047300864251423e-06,2.904532572934438e-06,2.9043351133122304e-06,2.9041377078000484e-06,2.9039403561468706e-06,2.903743058283119e-06,2.90354581428957e-06,2.9033486240351697e-06,2.9031514874523354e-06,2.902954404621861e-06,2.902757375327331e-06,2.9025603997444873e-06,2.902363477850505e-06,2.902166609662004e-06,2.901969794815273e-06,2.9017730337995557e-06,2.901576325962034e-06,2.9013796716064285e-06,2.9011830707440884e-06,2.900986523365222e-06,2.90079002940387e-06,2.9005935888741302e-06,2.9003972017480645e-06,2.9002008679719615e-06,2.9000045875417678e-06,2.8998083604041232e-06,2.8996121865736595e-06,2.8994160660072004e-06,2.8992199986806583e-06,2.899023984570648e-06,2.89882802365266e-06,2.8986321159029585e-06,2.8984362612975354e-06,2.8982404598130953e-06,2.8980447114259976e-06,2.89784901611108e-06,2.8976533738454384e-06,2.897457784605368e-06,2.897262248366812e-06,2.897066765106349e-06,2.89687133479934e-06,2.896675957422916e-06,2.896480632957849e-06,2.8962853613756183e-06,2.8960901426541675e-06,2.895894976769868e-06,2.895699863904714e-06,2.895504803593781e-06,2.8953097953169022e-06,2.895114840498613e-06,2.8949199386221094e-06,2.89472508921419e-06,2.8945302920833952e-06,2.8943355480306763e-06,2.894140856787184e-06,2.8939462179602493e-06,2.893751631707161e-06,2.893557098017663e-06,2.8933626168580796e-06,2.8931681882025047e-06,2.8929738120205896e-06,2.8927794882991748e-06,2.8925852170207185e-06,2.892390998153397e-06,2.8921968316711322e-06,2.8920027175321455e-06,2.8918086557259387e-06,2.891614646285617e-06,2.8914206891271845e-06,2.8912267842046357e-06,2.891032931564371e-06,2.890839131126363e-06,2.890645382890621e-06,2.8904516868332623e-06,2.8902580429315733e-06,2.890064451110328e-06,2.889870911448044e-06,2.8896774238722013e-06,2.8894839884264103e-06,2.8892906049753316e-06,2.8890972735128045e-06,2.8889039941328045e-06,2.8887107666304054e-06,2.8885175910231083e-06,2.8883244674158185e-06,2.8881313956393566e-06,2.887938375812382e-06,2.887745407734058e-06,2.8875524915751983e-06,2.887359627216482e-06,2.8871668146514926e-06,2.8869740538474927e-06,2.8867813447847702e-06,2.886588687294109e-06,2.88639608164396e-06,2.8862035272888253e-06,2.8860110249423277e-06,2.88581857423227e-06,2.8856261750575992e-06,2.885433827528801e-06,2.885241531555614e-06,2.88504928709225e-06,2.884857094037815e-06,2.8846649523625238e-06,2.8844728623867697e-06,2.8842808238454296e-06,2.8840888365792467e-06,2.8838969010757384e-06,2.883705016758214e-06,2.8835131837001867e-06,2.8833214020592075e-06,2.883129671697395e-06,2.882937992637898e-06,2.8827463648160476e-06,2.882554788242116e-06,2.8823632631592417e-06,2.882171789025204e-06,2.8819803660944758e-06,2.8817889946789322e-06,2.881597673835353e-06,2.8814064042806885e-06,2.881215185802503e-06,2.8810240183760417e-06,2.880832901986856e-06,2.8806418365774377e-06,2.8804508220068706e-06,2.880259858440129e-06,2.8800689458704636e-06,2.8798780842211674e-06,2.8796872725697437e-06,2.8794965126672923e-06,2.8793058036490865e-06,2.879115145433983e-06,2.878924538072473e-06,2.878733981496461e-06,2.8785434756885513e-06,2.8783530205587056e-06,2.878162616151361e-06,2.877972262503898e-06,2.8777819595447825e-06,2.8775917072190375e-06,2.8774015055339527e-06,2.8772113548163077e-06,2.877021254480066e-06,2.8768312047257207e-06,2.876641205318836e-06,2.876451256776029e-06,2.8762613587893294e-06,2.8760715108967937e-06,2.8758817136417265e-06,2.8756919667629282e-06,2.8755022701702445e-06,2.8753126239419053e-06,2.8751230280489148e-06,2.87493348235047e-06,2.8747439871577224e-06,2.8745545423766057e-06,2.8743651477585284e-06,2.8741758033898727e-06,2.8739865093228017e-06,2.873797265573287e-06,2.8736080714560667e-06,2.873418928007651e-06,2.8732298345660678e-06,2.8730407913607167e-06,2.872851798358328e-06,2.872662855324562e-06,2.8724739622028303e-06,2.872285119586929e-06,2.872096326544647e-06,2.8719075834921317e-06,2.8717188900198562e-06,2.8715302467693776e-06,2.871341653555462e-06,2.8711531102460746e-06,2.8709646167190667e-06,2.8707761731597068e-06,2.8705877794349386e-06,2.8703994355634423e-06,2.870211141365988e-06,2.870022897012952e-06,2.869834702410425e-06,2.869646557275913e-06,2.869458462683009e-06,2.8692704171180785e-06,2.869082421371566e-06,2.8688944751181765e-06,2.8687065782912833e-06,2.8685187314442802e-06,2.8683309341313455e-06,2.868143186308331e-06,2.867955487907844e-06,2.8677678391103563e-06,2.867580239826296e-06,2.8673926899779037e-06,2.867205189607092e-06,2.867017738744019e-06,2.8668303371158e-06,2.866642984666461e-06,2.866455681854757e-06,2.8662684283933572e-06,2.866081224257439e-06,2.8658940701204903e-06,2.8657069645440855e-06,2.8655199082588047e-06,2.865332901174641e-06,2.865145943320795e-06,2.8649590340381228e-06,2.864772174540265e-06,2.8645853641612784e-06,2.864398602935129e-06,2.8642118906079822e-06,2.8640252275742788e-06,2.863838613579059e-06,2.8636520485598366e-06,2.863465532637157e-06,2.8632790656912678e-06,2.8630926476981524e-06,2.8629062784359626e-06,2.8627199583155828e-06,2.8625336872477576e-06,2.862347464989517e-06,2.8621612915551913e-06,2.861975166971618e-06,2.8617890912232323e-06,2.861603064355575e-06,2.8614170862845533e-06,2.8612311569839077e-06,2.861045277108652e-06,2.860859445228132e-06,2.8606736620503306e-06,2.8604879274941716e-06,2.8603022416137545e-06,2.8601166043524233e-06,2.8599310157162764e-06,2.859745475689865e-06,2.859559983813437e-06,2.8593745410300243e-06,2.859189146645068e-06,2.859003800905243e-06,2.858818503654891e-06,2.8586332544932105e-06,2.8584480537152407e-06,2.8582629014372797e-06,2.8580777975502267e-06,2.857892742461122e-06,2.8577077352923017e-06,2.857522776498072e-06,2.857337866069776e-06,2.85715300417177e-06,2.856968190507796e-06,2.8567834251692933e-06,2.856598707840507e-06,2.8564140389157466e-06,2.856229418078648e-06,2.8560448455680116e-06,2.8558603212491903e-06,2.8556758449955878e-06,2.8554914172640584e-06,2.855307037239049e-06,2.8551227054981283e-06,2.8549384215977722e-06,2.8547541857170404e-06,2.8545699978580034e-06,2.854385857989682e-06,2.8542017660537764e-06,2.854017722067742e-06,2.853833726047944e-06,2.8536497779327515e-06,2.8534658776843553e-06,2.853282025330229e-06,2.8530982208062027e-06,2.8529144641161496e-06,2.8527307551192005e-06,2.8525470940014355e-06,2.8523634806558103e-06,2.8521799150465297e-06,2.8519963971562152e-06,2.8518129269961426e-06,2.8516295045381173e-06,2.851446129601846e-06,2.851262802395246e-06,2.8510795228119803e-06,2.850896290852569e-06,2.8507131064244456e-06,2.8505299695989694e-06,2.8503468802540945e-06,2.850163838463334e-06,2.849980844198714e-06,2.8497978974119965e-06,2.849614998077198e-06,2.8494321461785653e-06,2.849249342155346e-06,2.849066585071497e-06,2.848883875361426e-06,2.8487012130189625e-06,2.8485185980121658e-06,2.8483360303075784e-06,2.8481535100006753e-06,2.847971036851879e-06,2.8477886110594684e-06,2.8476062323844854e-06,2.8474239009368256e-06,2.847241616698787e-06,2.847059379661253e-06,2.846877189770932e-06,2.8466950469823264e-06,2.846512951294727e-06,2.8463309026225275e-06,2.8461489011307645e-06,2.845966946487661e-06,2.8457850390808476e-06,2.845603178712442e-06,2.8454213653767228e-06,2.8452395989238658e-06,2.8450578793912753e-06,2.8448762068572473e-06,2.844694581198234e-06,2.8445130017825793e-06,2.844331469927234e-06,2.8441499848965234e-06,2.8439685466339214e-06,2.8437871549429073e-06,2.843605810285073e-06,2.8434245124502206e-06,2.843243261418079e-06,2.843062057136672e-06,2.8428808996127044e-06,2.8426997886657696e-06,2.842518724422615e-06,2.842337706870994e-06,2.842156735940298e-06,2.8419758116111915e-06,2.8417949339717054e-06,2.841614102782306e-06,2.8414333181433607e-06,2.8412525800728704e-06,2.8410718884656626e-06,2.8408912433664267e-06,2.8407106447483966e-06,2.8405300925879836e-06,2.8403495868960777e-06,2.840169127638385e-06,2.839988714705835e-06,2.8398083482132157e-06,2.8396280280115073e-06,2.839447754229772e-06,2.839267526981075e-06,2.8390873457873165e-06,2.8389072108728574e-06,2.838727122222402e-06,2.8385470798342065e-06,2.8383670836411094e-06,2.8381871336463556e-06,2.838007229804644e-06,2.8378273721639927e-06,2.837647560668628e-06,2.8374677951774217e-06,2.837288075885771e-06,2.837108402592151e-06,2.8369287754605142e-06,2.8367491943738683e-06,2.8365696593706432e-06,2.836390170365648e-06,2.836210727289258e-06,2.836031330228465e-06,2.835851979038195e-06,2.835672673472457e-06,2.835493414066159e-06,2.8353142006427994e-06,2.8351350330542687e-06,2.8349559112495755e-06,2.834776835351977e-06,2.8345978052632548e-06,2.8344188209577956e-06,2.8342398819536677e-06,2.8340609888815682e-06,2.833882141284469e-06,2.833703339958166e-06,2.8335245841688923e-06,2.8333458742122967e-06,2.833167209819495e-06,2.832988591145056e-06,2.8328100180717135e-06,2.8326314905767844e-06,2.8324530087189673e-06,2.8322745723796203e-06,2.8320961816057255e-06,2.831917836345154e-06,2.8317395365872575e-06,2.8315612823113635e-06,2.83138307349784e-06,2.8312049101345752e-06,2.8310267921939967e-06,2.8308487197335245e-06,2.8306706924984474e-06,2.8304927107526687e-06,2.8303147743274683e-06,2.830136883191977e-06,2.829959037416508e-06,2.829781236946544e-06,2.829603481649461e-06,2.829425771995961e-06,2.8292481071761037e-06,2.829070487652681e-06,2.8288929139096708e-06,2.8287153847898765e-06,2.8285379008115884e-06,2.8283604619904466e-06,2.8281830683337707e-06,2.828005719631714e-06,2.827828416090052e-06,2.827651157549403e-06,2.827473944156451e-06,2.8272967756226195e-06,2.827119652258135e-06,2.8269425734759217e-06,2.8267655400312755e-06,2.82658855144153e-06,2.826411607911648e-06,2.8262347095912813e-06,2.826057855840966e-06,2.825881046948176e-06,2.8257042829708065e-06,2.8255275638312223e-06,2.8253508894955233e-06,2.8251742599717018e-06,2.8249976752295593e-06,2.8248211351168242e-06,2.8246446398459355e-06,2.8244681893050724e-06,2.8242917834804707e-06,2.8241154222967762e-06,2.8239391058174525e-06,2.823762834029013e-06,2.8235866068681112e-06,2.8234104243058285e-06,2.823234286338482e-06,2.8230581930004697e-06,2.822882144176624e-06,2.822706139619145e-06,2.8225301799808785e-06,2.8223542647132386e-06,2.8221783939275393e-06,2.8220025676139912e-06,2.821826785809712e-06,2.821651048362073e-06,2.8214753555516e-06,2.821299706906406e-06,2.821124102604009e-06,2.8209485426752175e-06,2.8207730270906235e-06,2.820597555910093e-06,2.8204221290284673e-06,2.8202467463279526e-06,2.820071407987811e-06,2.819896113894671e-06,2.8197208640254425e-06,2.819545658357456e-06,2.819370496879947e-06,2.8191953795765058e-06,2.819020306422294e-06,2.818845277402354e-06,2.818670292497997e-06,2.818495351686911e-06,2.818320454954127e-06,2.8181456022837355e-06,2.8179707936541354e-06,2.8177960290508222e-06,2.817621308451543e-06,2.817446631838113e-06,2.8172719991906373e-06,2.8170974104914996e-06,2.8169228657259423e-06,2.8167483648739883e-06,2.8165739079172674e-06,2.8163994948414966e-06,2.816225125623065e-06,2.816050800244434e-06,2.8158765186925877e-06,2.815702280939754e-06,2.8155280869787678e-06,2.815353936790697e-06,2.8151798303475512e-06,2.8150057676356207e-06,2.8148317486328582e-06,2.8146577733326687e-06,2.81448384171281e-06,2.814309953751219e-06,2.8141361094324936e-06,2.8139623087356025e-06,2.81378855164947e-06,2.8136148381450293e-06,2.8134411682085063e-06,2.8132675418209207e-06,2.813093958975126e-06,2.8129204196445267e-06,2.8127469238042635e-06,2.8125734714452894e-06,2.81240006254717e-06,2.8122266971036596e-06,2.8120533750811543e-06,2.8118800964675054e-06,2.8117068612503413e-06,2.8115336694059784e-06,2.8113605209039292e-06,2.8111874157397237e-06,2.811014353911366e-06,2.810841335369845e-06,2.8106683601129654e-06,2.810495428127982e-06,2.810322539390656e-06,2.810149693865629e-06,2.8099768915582798e-06,2.8098041324454346e-06,2.80963141651553e-06,2.8094587437598346e-06,2.8092861141657904e-06,2.8091135276562603e-06,2.808940984245824e-06,2.8087684839351394e-06,2.8085960266848726e-06,2.808423612492188e-06,2.808251241361717e-06,2.8080789132182917e-06,2.8079066280777226e-06,2.807734385940258e-06,2.8075621867570944e-06,2.8073900305409047e-06,2.8072179172501603e-06,2.807045846846001e-06,2.8068738193411838e-06,2.806701834711665e-06,2.806529892937574e-06,2.806357994016469e-06,2.8061861379351963e-06,2.806014324672378e-06,2.8058425542074022e-06,2.805670826496237e-06,2.805499141542207e-06,2.8053274993212897e-06,2.8051558998275695e-06,2.804984343052767e-06,2.8048128286584417e-06,2.804641357214712e-06,2.8044699281325397e-06,2.80429854167729e-06,2.8041271978282985e-06,2.803955896518724e-06,2.8037846381359387e-06,2.8036134219623616e-06,2.803442248327022e-06,2.803271117215224e-06,2.8031000285709603e-06,2.802928982988706e-06,2.802757979340921e-06,2.8025870181065934e-06,2.8024160993304514e-06,2.8022452229707277e-06,2.802074389209616e-06,2.8019035978223784e-06,2.801732848600855e-06,2.801562141727243e-06,2.8013914772800823e-06,2.801220855043949e-06,2.801050275080191e-06,2.8008797373842622e-06,2.800709241493008e-06,2.800538788590333e-06,2.800368377810151e-06,2.8001980091821004e-06,2.8000276827914334e-06,2.7998573984858982e-06,2.7996871564501998e-06,2.799516956558362e-06,2.7993467989110625e-06,2.7991766833629854e-06,2.7990066100606944e-06,2.7988365789377215e-06,2.798666589626189e-06,2.7984966420768766e-06,2.7983267370526734e-06,2.798156873582589e-06,2.7979870521136064e-06,2.7978172726851528e-06,2.79764753544783e-06,2.7974778398910584e-06,2.7973081862422452e-06,2.7971385744875448e-06,2.7969690046068024e-06,2.796799476613156e-06,2.796629990512037e-06,2.796460546244899e-06,2.796291143764359e-06,2.7961217831223066e-06,2.79595246421512e-06,2.7957831870943574e-06,2.7956139516973845e-06,2.7954447580170502e-06,2.795275606062128e-06,2.7951064955945965e-06,2.794937426972149e-06,2.7947684000545973e-06,2.794599414785872e-06,2.7944304711685854e-06,2.794261569121133e-06,2.794092708719867e-06,2.7939238898755794e-06,2.793755112465839e-06,2.793586376743684e-06,2.793417682546518e-06,2.7932490298602603e-06,2.793080418686302e-06,2.792911848885851e-06,2.7927433205393728e-06,2.792574833720603e-06,2.7924063883400456e-06,2.792237984414392e-06,2.7920696217779724e-06,2.7919013005985884e-06,2.7917330207567793e-06
14,7.507801288661818e-65,3.081860426110756e-64,8.001905714371987e-64,1.6720922904525902e-63,3.058756254575087e-63,5.110699946261916e-63,7.991665996275456e-63,1.1878824714572737e-62,1.6962589681151326e-62,2.3446621143697382e-62,3.1548047518904723e-62,4.14976843742029e-62,5.354027100652247e-62,6.793466602614968e-62,8.495404445398118e-62,1.0488604493330886e-61,1.2803289467493276e-61,1.5471150440913503e-61,1.852535414544828e-61,2.2000547384630725e-61,2.593286120138228e-61,3.035991267969004e-61,3.532080547546453e-61,4.08561306244584e-61,4.700796593206518e-61,5.381987522292729e-61,6.13369072614762e-61,6.960559449931613e-61,7.867395170666977e-61,8.859147454181062e-61,9.94091380901743e-61,1.1117939541674848e-60,1.2395617613066741e-60,1.3779488498576695e-60,1.527524005105198e-60,1.688870736808877e-60,1.8625872662789292e-60,2.0492865138082695e-60,2.249596086516021e-60,2.4641582663393127e-60,2.6936299984184667e-60,2.938682879658501e-60,3.2000031475433796e-60,3.478291669091681e-60,3.7742639299484125e-60,4.0886500236475565e-60,4.4221946409896204e-60,4.775657059485143e-60,5.149811132880184e-60,5.545445280709388e-60,5.963362478016284e-60,6.404380245034624e-60,6.869330636946394e-60,7.359060233574863e-60,7.874430129299066e-60,8.41631592278027e-60,8.985607706861988e-60,9.583210058440012e-60,1.0210042028256893e-59,1.0867037130935486e-59,1.1555143334811052e-59,1.2275323051837194e-59,1.3028553127601768e-59,1.3815824831173692e-59,1.4638143845111003e-59,1.549653025543117e-59,1.639201854149208e-59,1.7325657566048569e-59,1.8298510565241071e-59,1.9311655138576872e-59,2.0366183238913054e-59,2.146320116246972e-59,2.26038295388907e-59,2.378920332119053e-59,2.5020471775860454e-59,2.6298798472799373e-59,2.7625361275495777e-59,2.9001352330982714e-59,3.042797805994107e-59,3.190645914678386e-59,3.3438030529626814e-59,3.5023941390478504e-59,3.666545514533472e-59,3.8363849434141924e-59,4.01204161110322e-59,4.193646123434423e-59,4.381330505685218e-59,4.575228201569892e-59,4.775474072272783e-59,4.982204395450111e-59,5.195556864248806e-59,5.415670586317072e-59,5.642686082822717e-59,5.876745287472187e-59,6.117991545525136e-59,6.36656961281083e-59,6.622625654745385e-59,6.886307245358493e-59,7.157763366304232e-59,7.437144405882671e-59,7.724602158070899e-59,8.020289821535261e-59,8.324361998660768e-59,8.636974694560278e-59,8.958285316117173e-59,9.28845267099686e-59,9.627636966677937e-59,9.975999809478127e-59,1.0333704203578247e-58,1.0700914550048282e-58,1.107779664588076e-58,1.1464517683015765e-58,1.1861246247375553e-58,1.2268152317885214e-58,1.2685407265511599e-58,1.3113183852292156e-58,1.3551656230367047e-58,1.4000999941012028e-58,1.4461391913671953e-58,1.4933010464995018e-58,1.5416035297871889e-58,1.5910647500461314e-58,1.641702954523065e-58,1.69353652879998e-58,1.7465839966967708e-58,1.800864020176166e-58,1.8563953992465213e-58,1.9131970718666092e-58,1.9712881138496494e-58,2.0306877387668583e-58,2.091415297851614e-58,2.1534902799042342e-58,2.216932311196285e-58,2.281761155374121e-58,2.3479967133641412e-58,2.4156590232772975e-58,2.4847682603131053e-58,2.555344736664287e-58,2.6274089014220258e-58,2.7009813404807357e-58,2.7760827764423464e-58,2.8527340685212054e-58,2.9309562124496098e-58,3.0107703403830095e-58,3.0921977208038858e-58,3.1752597584279177e-58,3.259977994109403e-58,3.3463741047460616e-58,3.4344699031841785e-58,3.524287338124498e-58,3.615848494027388e-58,3.709175591019315e-58,3.804290984797061e-58,3.901217166534528e-58,3.999976762787923e-58,4.100592535401979e-58,4.203087381416136e-58,4.3074843329692975e-58,4.4138065572073346e-58,4.522077356188093e-58,4.6323201667875594e-58,4.744558560607356e-58,4.858816243879426e-58,4.975117057373977e-58,5.093484976304077e-58,5.213944110233747e-58,5.336518702983957e-58,5.4612331325388496e-58,5.588111910953391e-58,5.717179684259262e-58,5.84846123237214e-58,5.9819814689981265e-58,6.1177654415409726e-58,6.2558383310095344e-58,6.396225451924247e-58,6.538952252224402e-58,6.684044313175373e-58,6.831527349276436e-58,6.981427208167382e-58,7.13376987053603e-58,7.28858145002618e-58,7.445888193144575e-58,7.605716479169267e-58,7.768092820056252e-58,7.933043860348075e-58,8.10059637708184e-58,8.27077727969536e-58,8.443613609937234e-58,8.619132541773709e-58,8.797361381296946e-58,8.978327566633164e-58,9.162058667850818e-58,9.348582386868863e-58,9.537926557365069e-58,9.730119144684496e-58,9.925188245747904e-58,1.0123162088959885e-57,1.0324069034117996e-57,1.0527937572321181e-57,1.0734796325878476e-57,1.0944674048217797e-57,1.1157599623794766e-57,1.1373602068001609e-57,1.1592710527076125e-57,1.1814954278010722e-57,1.2040362728461544e-57,1.2268965416657756e-57,1.2500792011310289e-57,1.273587231152129e-57,1.2974236246693816e-57,1.3215913876441034e-57,1.3460935390495702e-57,1.370933110861969e-57,1.3961131480514141e-57,1.421636708572728e-57,1.4475068633566902e-57,1.4737266963007593e-57,1.500299304260264e-57,1.527227797039212e-57,1.554515297381441e-57,1.582164940961548e-57,1.6101798763759206e-57,1.6385632651336916e-57,1.6673182816478863e-57,1.6964481132264045e-57,1.7259559600629316e-57,1.7558450352281264e-57,1.7861185646606688e-57,1.816779787158286e-57,1.84783195436871e-57,1.879278330780909e-57,1.9111221937161314e-57,1.943366833318842e-57,1.9760155525480277e-57,2.0090716671681087e-57,2.042538505740034e-57,2.0764194096125878e-57,2.110717732913287e-57,2.1454368425396142e-57,2.1805801181501067e-57,2.216150952155493e-57,2.252152749709824e-57,2.2885889287016212e-57,2.3254629197450777e-57,2.3627781661710164e-57,2.400538124018355e-57,2.4387462620249933e-57,2.4774060616191764e-57,2.516521016910556e-57,2.556094634681448e-57,2.5961304343780067e-57,2.6366319481014164e-57,2.677602720599132e-57,2.7190463092559957e-57,2.7609662840855484e-57,2.803366227721222e-57,2.8462497354075677e-57,2.889620414991492e-57,2.933481886913497e-57,2.977837784198935e-57,3.0226917524492556e-57,3.068047449833272e-57,3.11390854707845e-57,3.160278727462099e-57,3.207161686802797e-57,3.2545611334514364e-57,3.302480788282816e-57,3.350924384686721e-57,3.399895668559299e-57,3.449398398294428e-57,3.4994363447747623e-57,3.5500132913634885e-57,3.601133033895283e-57,3.6527993806678393e-57,3.705016152433154e-57,3.757787182388875e-57,3.811116316169651e-57,3.8650074118384945e-57,3.919464339878188e-57,3.9744909831825487e-57,4.030091237047885e-57,4.086269009164328e-57,4.143028219607286e-57,4.200372800828853e-57,4.258306697649094e-57,4.3168338672475736e-57,4.3759582791546533e-57,4.4356839152429393e-57,4.496014769718886e-57,4.55695484911398e-57,4.6185081722763027e-57,4.680678770361918e-57,4.743470686826384e-57,4.806887977416205e-57,4.8709347101602353e-57,4.9356149653611427e-57,5.000932835586954e-57,5.066892425662486e-57,5.133497852660846e-57,5.20075324589491e-57,5.268662746908828e-57,5.337230509469529e-57,5.40646069955822e-57,5.476357495361915e-57,5.546925087264937e-57,5.618167677840464e-57,5.69008948184205e-57,5.762694726195236e-57,5.835987649988858e-57,5.909972504466932e-57,5.984653553019981e-57,6.060035071176628e-57,6.136121346595301e-57,6.212916679055531e-57,6.290425380449845e-57,6.368651774775209e-57,6.447600198124562e-57,6.527274998678509e-57,6.60768053669692e-57,6.688821184510454e-57,6.770701326512367e-57,6.853325359149754e-57,6.936697690915603e-57,7.02082274234025e-57,7.105704945982938e-57,7.191348746423618e-57,7.277758600254461e-57,7.364938976071632e-57,7.452894354466833e-57,7.541629228019116e-57,7.631148101286401e-57,7.721455490797336e-57,7.812555925042755e-57,7.904453944467568e-57,7.997154101462405e-57,8.090660960355331e-57,8.184979097403381e-57,8.28011310078456e-57,8.376067570589398e-57,8.472847118812673e-57,8.570456369345162e-57,8.668899957965468e-57,8.768182532331624e-57,8.868308751972936e-57,8.969283288281719e-57,9.071110824505058e-57,9.173796055736567e-57,9.277343688908164e-57,9.38175844278187e-57,9.487045047941552e-57,9.593208246784842e-57,9.70025279351474e-57,9.80818345413141e-57,9.917005006424292e-57,1.0026722239963554e-56,1.0137339956092172e-56,1.0248862967917573e-56,1.036129610030359e-56,1.0474644189862251e-56,1.0588912084945662e-56,1.0704104645637735e-56,1.0820226743746222e-56,1.0937283262794472e-56,1.1055279098013149e-56,1.1174219156332423e-56,1.129410835637364e-56,1.1414951628441243e-56,1.1536753914514663e-56,1.1659520168240266e-56,1.1783255354923234e-56,1.190796445151922e-56,1.2033652446626745e-56,1.2160324340478609e-56,1.2287985144934263e-56,1.2416639883471432e-56,1.2546293591178163e-56,1.2676951314744706e-56,1.2808618112455583e-56,1.294129905418138e-56,1.307499922137082e-56,1.3209723707042752e-56,1.3345477615777868e-56,1.348226606371102e-56,1.3620094178523087e-56,1.3758967099432776e-56,1.389888997718878e-56,1.4039867974061852e-56,1.4181906263836587e-56,1.432501003180355e-56,1.4469184474751323e-56,1.4614434800958502e-56,1.4760766230185647e-56,1.4908183993667408e-56,1.505669333410451e-56,1.5206299505655814e-56,1.5357007773930343e-56,1.5508823415979403e-56,1.5661751720288503e-56,1.5815797986769541e-56,1.5970967526752831e-56,1.612726566297916e-56,1.6284697729592036e-56,1.6443269072129388e-56,1.6602985047516022e-56,1.6763851024055593e-56,1.6925872381422632e-56,1.7089054510654808e-56,1.7253402814144925e-56,1.7418922705633152e-56,1.7585619610198956e-56,1.775349896425346e-56,1.7922566215531422e-56,1.80928268230834e-56,1.8264286257267943e-56,1.8436949999743728e-56,1.8610823543461724e-56,1.878591239265733e-56,1.8962222062842555e-56,1.9139758080798267e-56,1.9318525984566201e-56,1.949853132344129e-56,1.9679779657963816e-56,1.9862276559911598e-56,2.0046027612292206e-56,2.0231038409335164e-56,2.0417314556484145e-56,2.0604861670389234e-56,2.079368537889909e-56,2.098379132105322e-56,2.117518514707425e-56,2.136787251836008e-56,2.156185910747616e-56,2.1757150598147715e-56,2.195375268525209e-56,2.215167107481093e-56,2.2350911483982576e-56,2.2551479641054063e-56,2.2753381285433663e-56,2.2956622167643112e-56,2.3161208049309793e-56,2.3367144703159234e-56,2.357443791300715e-56,2.378309347375191e-56,2.399311719136677e-56,2.420451488289227e-56,2.4417292376428647e-56,2.4631455511127864e-56,2.4847010137186124e-56,2.506396211583636e-56,2.528231731934029e-56,2.550208163098078e-56,2.5723260945054464e-56,2.594586116686399e-56,2.6169888212710277e-56,2.63953480098849e-56,2.6622246496662675e-56,2.6850589622293735e-56,2.708038334699616e-56,2.731163364194813e-56,2.7544346489280596e-56,2.7778527882069506e-56,2.8014183824328414e-56,2.8251320331000496e-56,2.848994342795124e-56,2.8730059151961026e-56,2.897167355071721e-56,2.9214792682806774e-56,2.945942261770872e-56,2.9705569435786487e-56,2.995323922828043e-56,3.020243809730026e-56,3.0453172155817498e-56,3.070544752765803e-56,3.095927034749441e-56,3.1214646760838483e-56,3.1471582924033763e-56,3.173008500424799e-56,3.1990159179465625e-56,3.2251811638480325e-56,3.2515048580887435e-56,3.2779876217076514e-56,3.3046300768223854e-56,3.3314328466284985e-56,3.35839655539872e-56,3.3855218284822114e-56,3.412809292303812e-56,3.4402595743633054e-56,3.467873303234661e-56,3.495651108565298e-56,3.5235936210753383e-56,3.5517014725568605e-56,3.5799752958731614e-56,3.6084157249580067e-56,3.637023394814894e-56,3.665798941516314e-56,3.6947430022029965e-56,3.723856215083178e-56,3.7531392194318627e-56,3.7825926555900856e-56,3.8122171649641614e-56,3.842013390024962e-56,3.871981974307166e-56,3.902123562408516e-56,3.9324387999890956e-56,3.962928333770597e-56,3.9935928115355725e-56,4.0244328821266783e-56,4.055449195445999e-56,4.086642402454259e-56,4.118013155170089e-56,4.149562106669337e-56,4.181289911084298e-56,4.213197223602991e-56,4.2452847004684395e-56,4.277552998977913e-56,4.310002777482217e-56,4.342634695384956e-56,4.375449413141805e-56,4.408447592259783e-56,4.4416298952965175e-56,4.474996985859522e-56,4.508549528605463e-56,4.542288189239441e-56,4.576213634514254e-56,4.610326532229679e-56,4.644627551231736e-56,4.679117361411977e-56,4.713796633706748e-56,4.748666040096472e-56,4.783726253604926e-56,4.818977948298513e-56,4.854421799285543e-56,4.8900584827155095e-56,4.925888675778363e-56,4.9619130567038e-56,4.998132304760539e-56,5.0345471002555935e-56,5.0711581245335595e-56,5.107966059975886e-56,5.14497159000017e-56,5.182175399059432e-56,5.219578172641405e-56,5.257180597267811e-56,5.2949833604936315e-56,5.332987150906404e-56,5.371192658125526e-56,5.409600572801502e-56,5.448211586615257e-56,5.487026392277413e-56,5.526045683527564e-56,5.565270155133586e-56,5.604700502890908e-56,5.644337423621801e-56,5.6841816151746715e-56,5.724233776423351e-56,5.7644946072663845e-56,5.804964808626309e-56,5.8456450824489705e-56,5.886536131702782e-56,5.92763866037805e-56,5.968953373486214e-56,6.010480977059199e-56,6.052222178148679e-56,6.094177684825364e-56,6.13634820617831e-56,6.178734452314197e-56,6.221337134356648e-56,6.264156964445494e-56,6.30719465573609e-56,6.350450922398604e-56,6.393926479617325e-56,6.437622043589958e-56,6.481538331526884e-56,6.525676061650515e-56,6.57003595319456e-56,6.614618726403333e-56,6.659425102531049e-56,6.704455803841134e-56,6.74971155360551e-56,6.795193076103919e-56,6.840901096623188e-56,6.886836341456574e-56,6.9329995379030375e-56,6.979391414266563e-56,7.026012699855442e-56,7.072864124981601e-56,7.119946420959895e-56,7.167260320107402e-56,7.214806555742744e-56,7.262585862185394e-56,7.31059897475497e-56,7.358846629770559e-56,7.407329564550005e-56,7.456048517409232e-56,7.505004227661549e-56,7.554197435616959e-56,7.603628882581467e-56,7.653299310856384e-56,7.7032094637376565e-56,7.753360085515155e-56,7.803751921471993e-56,7.8543857178838395e-56,7.9052622220182465e-56,7.956382182133946e-56,8.007746347480158e-56,8.059355468295925e-56,8.111210295809418e-56,8.163311582237226e-56,8.215660080783706e-56,8.268256545640304e-56,8.321101731984812e-56,8.374196395980752e-56,8.427541294776675e-56,8.481137186505462e-56,8.534984830283652e-56,8.589084986210757e-56,8.643438415368581e-56,8.698045879820563e-56,8.752908142611056e-56,8.808025967764673e-56,8.863400120285622e-56,8.919031366156989e-56,8.974920472340096e-56,9.031068206773804e-56,9.087475338373836e-56,9.144142637032101e-56,9.201070873616038e-56,9.25826081996791e-56,9.315713248904163e-56,9.37342893421471e-56,9.431408650662273e-56,9.489653173981747e-56,9.548163280879472e-56,9.60693974903259e-56,9.665983357088374e-56,9.725294884663539e-56,9.784875112343593e-56,9.844724821682125e-56,9.904844795200188e-56,9.96523581638559e-56,1.002589866969226e-55,1.008683414053954e-55,1.0148043015311546e-55,1.020952608135647e-55,1.0271284126985963e-55,1.0333317941474405e-55,1.039562831505828e-55,1.045821603893551e-55,1.0521081905264771e-55,1.0584226707164841e-55,1.0647651238713906e-55,1.0711356294948965e-55,1.0775342671865074e-55,1.0839611166414751e-55,1.0904162576507312e-55,1.0968997701008162e-55,1.1034117339738171e-55,1.1099522293473e-55,1.1165213363942427e-55,1.1231191353829715e-55,1.1297457066770942e-55,1.1364011307354331e-55,1.143085488111961e-55,1.1497988594557314e-55,1.1565413255108186e-55,1.1633129671162466e-55,1.170113865205926e-55,1.1769441008085877e-55,1.1838037550477172e-55,1.1906929091414898e-55,1.1976116444027039e-55,1.2045600422387163e-55,1.2115381841502259e-55,1.2185461517357467e-55,1.2255840266848314e-55,1.2326518907824145e-55,1.2397498259076636e-55,1.2468779140339113e-55,1.2540362372285915e-55,1.2612248776531746e-55,1.2684439175631005e-55,1.2756934393077165e-55,1.2829735253302087e-55,1.2902842581675401e-55,1.2976257204503853e-55,1.3049979949030658e-55,1.3124011643434805e-55,1.3198353116830474e-55,1.3273005199266362e-55,1.3347968721725037e-55,1.3423244516122296e-55,1.349883341530755e-55,1.357473625305903e-55,1.3650953864089364e-55,1.3727487084040801e-55,1.3804336749485567e-55,1.3881503697925263e-55,1.3958988767790216e-55,1.4036792798438797e-55,1.4114916630156824e-55,1.419336110415689e-55,1.4272127062577748e-55,1.4351215348483648e-55,1.443062680586371e-55,1.4510362279631286e-55,1.4590422615623302e-55,1.4670808660599634e-55,1.4751521262242458e-55,1.4832561269155657e-55,1.4913929530864097e-55,1.4995626897813087e-55,1.5077654221367644e-55,1.516001235381196e-55,1.5242702148348668e-55,1.5325724459098288e-55,1.5409080141098538e-55,1.5492770050303704e-55,1.5576795043584042e-55,1.5661155978725121e-55,1.574585371442719e-55,1.5830889110304538e-55,1.5916263026884878e-55,1.6001976325608697e-55,1.6088029868828647e-55,1.6174424519808897e-55,1.6261161142724509e-55,1.6348240602660812e-55,1.6435663765612744e-55,1.6523431498484275e-55,1.661154466908772e-55,1.6700004146143153e-55,1.678881079927778e-55,1.687796549902526e-55,1.6967469116825166e-55,1.7057322525022256e-55,1.7147526596865936e-55,1.723808220650957e-55,1.7328990229009903e-55,1.7420251540326415e-55,1.7511867017320684e-55,1.760383753775577e-55,1.7696163980295597e-55,1.778884722450436e-55,1.7881888150845826e-55,1.7975287640682802e-55,1.806904657627643e-55,1.816316584078564e-55,1.8257646318266463e-55,1.8352488893671457e-55,1.844769445284907e-55,1.854326388254301e-55,1.8639198070391676e-55,1.8735497904927462e-55,1.8832164275576174e-55,1.8929198072656452e-55,1.9026600187379088e-55,1.9124371511846437e-55,1.922251293905182e-55,1.9321025362877324e-55,1.941990967809943e-55,1.9519166780379033e-55,1.9618797566267084e-55,1.9718802933202397e-55,1.9819183779511055e-55,1.9919941004405795e-55,2.002107550798534e-55,2.012258819123386e-55,2.022447995602035e-55,2.032675170509797e-55,2.0429404342103487e-55,2.0532438771556626e-55,2.0635855898859473e-55,2.0739656630295875e-55,2.0843841873030817e-55,2.094841253510981e-55,2.1053369525458313e-55,2.1158713753881094e-55,2.1264446131061613e-55,2.1370567568561448e-55,2.147707897881965e-55,2.1583981275152185e-55,2.1691275371751298e-55,2.1798962183684884e-55,2.1907042626895935e-55,2.201551761820189e-55,2.212438807529407e-55,2.2233654916737037e-55,2.2343319061968013e-55,2.2453381431296265e-55,2.2563842945902524e-55,2.2674704527838345e-55,2.2785967100025537e-55,2.2897631586255562e-55,2.3009698911188892e-55,2.3122170000354473e-55,2.3235045780149074e-55,2.3348327177836714e-55,2.3462015121548036e-55,2.357611054027974e-55,2.3690614363893975e-55,2.3805527523117714e-55,2.392085094954221e-55,2.4036585575622348e-55,2.4152732334676053e-55,2.426929216088372e-55,2.4386265989287623e-55,2.4503654755791267e-55,2.4621459397158855e-55,2.4739680851014653e-55,2.4858320055842413e-55,2.4977377950984782e-55,2.5096855476642677e-55,2.521675357387477e-55,2.533707318459676e-55,2.5457815251580922e-55,2.557898071845544e-55,2.5700570529703843e-55,2.5822585630664374e-55,2.5945026967533458e-55,2.6067895487352364e-55,2.619119213802073e-55,2.6314917868289882e-55,2.643907362776295e-55,2.6563660366894268e-55,2.6688679036988756e-55,2.6814130590201398e-55,2.6940015979536598e-55,2.7066336158847638e-55,2.719309208283604e-55,2.732028470705103e-55,2.7447914987888925e-55,2.7575983882592554e-55,2.770449234925066e-55,2.7833441346797377e-55,2.7962831835011526e-55,2.8092664774516158e-55,2.8222941126777907e-55,2.8353661854106384e-55,2.848482791965367e-55,2.861644028741367e-55,2.874849992222154e-55,2.888100778975315e-55,2.9013964856524446e-55,2.914737208989091e-55,2.928123045804695e-55,2.941554093002535e-55,2.9550304475696686e-55,2.9685522065768697e-55,2.9821194671785797e-55,2.9957323266128433e-55,3.0093908822012512e-55,3.023095231348886e-55,3.0368454715442584e-55,3.0506417003592587e-55,3.0644840154490857e-55,3.0783725145522032e-55,3.0923072954902762e-55,3.106288456168112e-55,3.120316094573606e-55,3.134390308777681e-55,3.148511196934233e-55,3.162678857280074e-55,3.176893388134869e-55,3.191154887901087e-55,3.20546345506394e-55,3.2198191881913234e-55,3.2342221859337644e-55,3.2486725470243603e-55,3.263170370278722e-55,3.27771575459492e-55,3.292308798953423e-55,3.306949602417048e-55,3.321638264130895e-55,3.3363748833222946e-55,3.351159559300754e-55,3.3659923914578935e-55,3.380873479267395e-55,3.395802922284944e-55,3.4107808201481714e-55,3.4258072725766016e-55,3.440882379371588e-55,3.456006240416264e-55,3.471178955675482e-55,3.48640062519576e-55,3.501671349105226e-55,3.516991227613553e-55,3.5323603610119155e-55,3.547778849672925e-55,3.563246794050575e-55,3.5787642946801864e-55,3.59433145217835e-55,3.609948367242872e-55,3.6256151406527155e-55,3.641331873267949e-55,3.657098666029681e-55,3.672915619960015e-55,3.688782836161991e-55,3.704700415819523e-55,3.720668460197349e-55,3.736687070640975e-55,3.752756348576619e-55,3.768876395511152e-55,3.785047313032044e-55,3.801269202807316e-55,3.817542166585468e-55,3.833866306195441e-55,3.850241723546551e-55,3.866668520628433e-55,3.883146799510994e-55,3.89967666234435e-55,3.916258211358771e-55,3.932891548864629e-55,3.949576777252343e-55,3.966313998992318e-55,3.983103316634901e-55,3.999944832810311e-55,4.016838650228596e-55,4.03378487167957e-55,4.050783600032767e-55,4.0678349382373784e-55,4.0849389893221954e-55,4.102095856395564e-55,4.119305642645324e-55,4.1365684513387554e-55,4.15388438582252e-55,4.171253549522615e-55,4.188676045944308e-55,4.206151978672091e-55,4.223681451369621e-55,4.2412645677796654e-55,4.25890143172405e-55,4.2765921471036015e-55,4.294336817898096e-55,4.312135548166206e-55,4.329988442045437e-55,4.347895603752083e-55,4.365857137581167e-55,4.383873147906386e-55,4.401943739180064e-55,4.420069015933089e-55,4.4382490827748614e-55,4.456484044393243e-55,4.474774005554499e-55,4.4931190711032446e-55,4.511519345962396e-55,4.5299749351331074e-55,4.548485943694727e-55,4.5670524768047334e-55,4.585674639698687e-55,4.604352537690178e-55,4.6230862761707666e-55,4.6418759606099324e-55,4.6607216965550254e-55,4.6796235896312045e-55,4.698581745541387e-55,4.717596270066196e-55,4.7366672690639075e-55,4.75579484847039e-55,4.7749791142990616e-55,4.794220172640827e-55,4.813518129664032e-55,4.832873091614405e-55,4.852285164815002e-55,4.8717544556661605e-55,4.891281070645439e-55,4.910865116307567e-55,4.9305066992843915e-55,4.950205926284827e-55,4.969962904094793e-55,4.989777739577174e-55,5.009650539671753e-55,5.029581411395168e-55,5.049570461840858e-55,5.0696177981790015e-55,5.0897235276564776e-55,5.109887757596798e-55,5.13011059540007e-55,5.1503921485429286e-55,5.170732524578494e-55,5.191131831136313e-55,5.211590175922311e-55,5.2321076667187365e-55,5.252684411384109e-55,5.2733205178531635e-55,5.294016094136806e-55,5.3147712483220554e-55,5.335586088571986e-55,5.356460723125686e-55,5.3773952602981986e-55,5.39838980848047e-55,5.419444476139297e-55,5.4405593718172776e-55,5.461734604132754e-55,5.482970281779766e-55,5.504266513527994e-55,5.525623408222706e-55,5.547041074784715e-55,5.568519622210317e-55,5.590059159571238e-55,5.611659796014591e-55,2.0586118401016352e-32,6.67808634048772e-32,1.3979419518928124e-31,2.4198960544033392e-31,3.7612194305446554e-31,5.452180424296121e-31,7.52584972307307e-31,1.0018358867663694e-30,1.2969203802286693e-30,1.642158332492939e-30,2.0422775209098065e-30,2.502455448498113e-30,3.0283659093508257e-30,3.626230884883671e-30,4.302878446263333e-30,5.065807433015271e-30,5.9232597862943275e-30,6.884301541678657e-30,7.958913631097308e-30,9.158093813107275e-30,1.0493971246026952e-29,1.1979935447239665e-29,1.3630781646814105e-29,1.5462874854165043e-29,1.7494335322221083e-29,1.9745248513247624e-29,2.2237903179233876e-29,2.4997061751551375e-29,2.8050267933291386e-29,3.14281972098389e-29,3.516505696676743e-29,3.9299044062138823e-29,4.3872869080395255e-29,4.8934358140871354e-29,5.453714510697196e-29,6.074146940676773e-29,6.76150975296653e-29,7.523438969452987e-29,8.368553736263514e-29,9.306600231221308e-29,1.0348619415892993e-28,1.150714307382258e-28,1.279642349961436e-28,1.4232703339928047e-28,1.5834533490711671e-28,1.7623148694828211e-28,1.962291264854861e-28,2.186184713032294e-28,2.437226305849896e-28,2.719151565990008e-28,3.0362911342848e-28,3.393680075242609e-28,3.797190127212792e-28,4.253690353965352e-28,4.771243112266611e-28,5.359344142723346e-28,6.029218064187042e-28,6.794183798919558e-28,7.670108748757724e-28,8.675976257338215e-28,9.834598546528865e-28,1.1173517653324146e-27,1.2726150944253645e-27,1.4533257065847008e-27,1.664482483656078e-27,1.883330150363441e-27,2.175591205195047e-27,2.5217035467997762e-27,2.9337099509888685e-27,3.426882039096526e-27,4.020743538961222e-27,4.7404721621747494e-27,5.618842037644679e-27,6.698948082296238e-27,8.038077564006325e-27,9.713290639946408e-27,1.1829589360928209e-26,1.4532078909969338e-26,1.8024409818617233e-26,2.259732184879788e-26,2.8673838398747315e-26,3.6882678844574047e-26,4.818104318275317e-26,6.406708084611587e-26,8.696280690186156e-26,1.209397701824531e-25,1.7318619740131347e-25,2.572425148802839e-25,4.0104921196885605e-25,6.705993568694472e-25,1.2567037393301055e-24,2.893056155981628e-24,9.610991752890288e-24,5.462447478437621e-23,5.707934004341095e-22,1.121761954309277e-20,4.0209887375655687e-19,2.5921364434353368e-18,2.5921364434902254e-18,2.592136443515584e-18,2.592136443564009e-18,2.59213644713806e-18,2.3624398847744786e-16,6.242988593404118e-15,1.0927033369515032e-13,1.4760927880217587e-12,1.4451555152163467e-11,9.207420835911846e-11,3.7350464552743276e-10,9.930229186944206e-10,1.8804160298696966e-09,2.8000215332797906e-09,3.5589545588332833e-09,4.098924615256276e-09,4.449960185131298e-09,4.668375916585487e-09,8.106056561506098e-09,1.1555233344702288e-08,1.4603824171803467e-08,1.7277816548958624e-08,1.9647357029791765e-08,2.1774030527275895e-08,2.3706356799074972e-08,2.5481689237358937e-08,2.7128671586235164e-08,2.8669333113234948e-08,3.0120721772430146e-08,3.149613764883548e-08,3.280605314842804e-08,3.4058796877149934e-08,3.526106215195721e-08,3.6418286220297534e-08,3.753493429721034e-08,3.8614713431747625e-08,3.9660734480184905e-08,4.067563554197414e-08,4.166167663773718e-08,4.262081281342982e-08,4.355475096993787e-08,4.446499434522316e-08,4.535287757372958e-08,4.6219594512505586e-08,4.7066220481795666e-08,4.789373016682068e-08,4.8703012129152646e-08,4.949488065300553e-08,5.027008548418785e-08,5.102931989283024e-08,5.177322739493317e-08,5.2502407394463465e-08,5.321741995152443e-08,5.391878983882988e-08,5.460701001517995e-08,5.528254461858246e-08,5.5945831561278044e-08,5.65972847929156e-08,5.723729628552721e-08,5.786623778396185e-08,5.8484462357426104e-08,5.909230578149821e-08,5.969008777479767e-08,6.02781131104445e-08,6.085667261902892e-08,6.142604409717651e-08,6.198649313351624e-08,6.253827386206732e-08,6.308162965156158e-08,6.361679373795426e-08,6.41439898063892e-08,6.46634325279601e-08,6.517532805596458e-08,6.567987448566002e-08,6.617726228108952e-08,6.666767467205437e-08,6.715128802397007e-08,6.7628272183033e-08,6.809879079879187e-08,6.856300162608716e-08,6.902105680799493e-08,6.947310314135305e-08,6.991928232619107e-08,7.035973120033223e-08,7.079458196024592e-08,7.122396236919794e-08,7.16479959535798e-08,7.206680218827375e-08,7.248049667180319e-08,7.288919129197012e-08,7.329299438260319e-08,7.369201087203714e-08,7.408634242380563e-08,7.447608757009545e-08,7.486134183838643e-08,7.524219787171602e-08,7.561874554294963e-08,7.599107206341751e-08,7.635926208626779e-08,7.672339780482481e-08,7.708355904626201e-08,7.743982336085727e-08,7.779226610705747e-08,7.8140960532627e-08,7.848597785206068e-08,7.882738732049434e-08,7.916525630427926e-08,7.949965034843231e-08,7.983063324107258e-08,8.015826707508858e-08,8.048261230708289e-08,8.080372781381175e-08,8.112167094622356e-08,8.143649758119153e-08,8.174826217109472e-08,8.205701779134064e-08,8.236281618593014e-08,8.266570781115038e-08,8.296574187751408e-08,8.326296638999462e-08,8.355742818667827e-08,8.384917297586422e-08,8.413824537172567e-08,8.442468892857698e-08,8.470854617380979e-08,8.498985863957553e-08,8.526866689326043e-08,8.554501056680233e-08,8.581892838490716e-08,8.60904581922318e-08,8.635963697954605e-08,8.662650090893001e-08,8.689108533807569e-08,8.715342484369084e-08,8.74135532440692e-08,8.767150362085404e-08,8.79273083400295e-08,8.818099907218437e-08,8.843260681205027e-08,8.868216189737969e-08,8.892969402715771e-08,8.917523227920597e-08,8.941880512717421e-08,8.966044045696678e-08,8.99001655826171e-08,9.013800726163333e-08,9.037399170982334e-08,9.060814461565772e-08,9.08404911541347e-08,9.107105600021729e-08,9.129986334182668e-08,9.152693689241124e-08,9.175229990313571e-08,9.197597517466548e-08,9.219798506858413e-08,9.241835151846118e-08,9.2637096040569e-08,9.285423974426821e-08,9.306980334207713e-08,9.32838071594319e-08,9.34962711441506e-08,9.370721487561131e-08,9.391665757365854e-08,9.412461810723345e-08,9.433111500276266e-08,9.453616645229136e-08,9.473979032137235e-08,9.494200415674067e-08,9.514282519374912e-08,9.534227036360133e-08,9.554035630037902e-08,9.573709934784789e-08,9.593251556609945e-08,9.612662073799126e-08,9.63194303753979e-08,9.651095972531149e-08,9.670122377574016e-08,9.689023726148543e-08,9.707801466971956e-08,9.726457024543713e-08,9.744991799675319e-08,9.76340717000465e-08,9.781704490498798e-08,9.799885093940622e-08,9.817950291405141e-08,9.835901372720912e-08,9.85373960692152e-08,9.871466242683426e-08,9.889082508752669e-08,9.906589614362207e-08,9.923988749636175e-08,9.9412810859852e-08,9.958467776491569e-08,9.9755499562836e-08,9.992528742902176e-08,1.000940523665643e-07,1.002618052097156e-07,1.0042855662727594e-07,1.0059431712589991e-07,1.0075909705331464e-07,1.0092290660147382e-07,1.0108575580960891e-07,1.0124765456724355e-07,1.014086126170848e-07,1.0156863955791837e-07,1.0172774484732396e-07,1.0188593780444794e-07,1.0204322761263384e-07,1.021996233220092e-07,1.0235513385200617e-07,1.0250976799384518e-07,1.0266353441293219e-07,1.028164416512185e-07,1.0296849812950107e-07,1.0311971214966343e-07,1.0327009189688532e-07,1.0341964544176939e-07,1.0356838074245189e-07,1.0371630564664517e-07,1.0386342789364806e-07,1.0400975511629946e-07,1.0415529484288859e-07,1.0430005449903164e-07,1.0444404140951312e-07,1.0458726280005387e-07,1.0472972579908121e-07,1.0487143743943324e-07,1.0501240466003533e-07,1.051526343075464e-07,1.0529213313795122e-07,1.0543090781813998e-07,1.0556896492744057e-07,1.0570631095911958e-07,1.0584295232185751e-07,1.0597889534119442e-07,1.0611414626092566e-07,1.0624871124449196e-07,1.0638259637633638e-07,1.0651580766321528e-07,1.0664835103550376e-07,1.0678023234846471e-07,1.0691145738348732e-07,1.070420318493079e-07,1.0717196138320954e-07,1.0730125155217806e-07,1.0742990785405895e-07,1.0755793571867743e-07,1.0768534050893236e-07,1.0781212752188286e-07,1.079383019897994e-07,1.0806386908120225e-07,1.0818883390186909e-07,1.0831320149584373e-07,1.0843697684640156e-07,1.0856016487701343e-07,1.0868277045226556e-07,1.0880479837881364e-07,1.0892625340624982e-07,1.0904714022800767e-07,1.0916746348222394e-07,1.0928722775259253e-07,1.0940643756919714e-07,1.0952509740932914e-07,1.0964321169829683e-07,1.0976078481020931e-07,1.0987782106875016e-07,1.0999432474794412e-07,1.10110300072894e-07,1.1022575122051797e-07,1.103406823202612e-07,1.1045509745480337e-07,1.1056900066076109e-07,1.1068239592934936e-07,1.1079528720706155e-07,1.1090767839631745e-07,1.1101957335610852e-07,1.1113097590263588e-07,1.1124188980991417e-07,1.113523188103967e-07,1.1146226659556351e-07,1.1157173681651572e-07,1.1168073308455002e-07,1.1178925897172139e-07,1.1189731801140376e-07,1.1200491369884087e-07,1.1211204949167728e-07,1.1221872881048991e-07,1.1232495503930638e-07,1.1243073152611687e-07,1.1253606158337241e-07,1.1264094848847857e-07,1.1274539548428365e-07,1.1284940577954942e-07,1.1295298254941665e-07,1.1305612893587665e-07,1.1315884804821552e-07,1.1326114296345494e-07,1.1336301672679561e-07,1.1346447235205066e-07,1.1356551282205331e-07,1.1366614108908986e-07,1.1376636007529932e-07,1.1386617267307944e-07,1.1396558174547129e-07,1.1406459012656351e-07,1.1416320062186782e-07,1.1426141600869193e-07,1.1435923903651574e-07,1.1445667242735188e-07,1.1455371887610168e-07,1.1465038105092034e-07,1.1474666159354589e-07,1.148425631196491e-07,1.149380882191776e-07,1.1503323945666609e-07,1.1512801937158367e-07,1.1522243047864065e-07,1.1531647526810499e-07,1.1541015620611697e-07,1.1550347573499194e-07,1.1559643627351948e-07,1.1568904021726126e-07,1.1578128993884019e-07,1.1587318778823157e-07,1.159647360930382e-07,1.1605593715877983e-07,1.1614679326915097e-07,1.1623730668630197e-07,1.1632747965110489e-07,1.1641731438340877e-07,1.1650681308230035e-07,1.165959779263533e-07,1.1668481107389084e-07,1.1677331466321225e-07,1.1686149081285081e-07,1.1694934162180292e-07,1.1703686916977606e-07,1.1712407551740277e-07,1.1721096270647749e-07,1.1729753276018808e-07,1.1738378768332399e-07,1.1746972946250733e-07,1.1755536006639586e-07,1.1764068144590632e-07,1.1772569553440964e-07,1.1781040424795258e-07,1.1789480948545177e-07,1.1797891312889246e-07,1.1806271704352256e-07,1.1814622307806415e-07,1.1822943306488327e-07,1.1831234882018065e-07,1.1839497214420428e-07,1.1847730482140225e-07,1.185593486206063e-07,1.1864110529523523e-07,1.187225765834426e-07,1.1880376420830122e-07,1.1888466987797579e-07,1.189652952858915e-07,1.1904564211089004e-07,1.1912571201740926e-07,1.1920550665562511e-07,1.1928502766163696e-07,1.1936427665759443e-07,1.1944325525187776e-07,1.195219650392372e-07,1.196004076009425e-07,1.196785845049396e-07,1.197564973059958e-07,1.198341475458332e-07,1.199115367532891e-07,1.1998866644444495e-07,1.2006553812275705e-07,1.2014215327922546e-07,1.2021851339248667e-07,1.2029461992897918e-07,1.2037047434306524e-07,1.2044607807714584e-07,1.2052143256182023e-07,1.2059653921598353e-07,1.2067139944696002e-07,1.207460146506366e-07,1.2082038621156878e-07,1.2089451550311358e-07,1.2096840388753534e-07,1.210420527161317e-07,1.2111546332934946e-07,1.2118863705688943e-07,1.2126157521782703e-07,1.213342791207182e-07,1.2140675006371878e-07,1.2147898933467048e-07,1.2155099821123572e-07,1.2162277796097872e-07,1.2169432984148097e-07,1.2176565510044998e-07,1.218367549758012e-07,1.219076306957806e-07,1.2197828347904335e-07,1.2204871453476608e-07,1.2211892506273375e-07,1.2218891625344274e-07,1.2225868928818633e-07,1.2232824533915157e-07,1.2239758556951347e-07,1.2246671113352187e-07,1.225356231765915e-07,1.2260432283538715e-07,1.2267281123792e-07,1.2274108950361956e-07,1.228091587434341e-07,1.2287702005989927e-07,1.2294467454723787e-07,1.2301212329142543e-07,1.230793673702839e-07,1.231464078535534e-07,1.2321324580296804e-07,1.2327988227235307e-07,1.2334631830767346e-07,1.234125549471379e-07,1.234785932212579e-07,1.2354443415292033e-07,1.2361007875746871e-07,1.2367552804277787e-07,1.2374078300931768e-07,1.2380584465022458e-07,1.238707139513778e-07,1.2393539189146662e-07,1.2399987944205105e-07,1.240641775676419e-07,1.241282872257612e-07,1.2419220936699782e-07,1.2425594493509841e-07,1.243194948670094e-07,1.2438286009294342e-07,1.2444604153645722e-07,1.2450904011449363e-07,1.2457185673745922e-07,1.2463449230927917e-07,1.2469694772745306e-07,1.2475922388312312e-07,1.248213216611249e-07,1.2488324194005227e-07,1.2494498559230622e-07,1.250065534841652e-07,1.2506794647582677e-07,1.2512916542147038e-07,1.2519021116931296e-07,1.2525108456166075e-07,1.253117864349629e-07,1.2537231761987232e-07,1.2543267894127656e-07,1.254928712183777e-07,1.2555289526472636e-07,1.2561275188827583e-07,1.2567244189143277e-07,1.257319660711077e-07,1.2579132521876095e-07,1.2585052012046123e-07,1.2590955155691033e-07,1.2596842030352843e-07,1.260271271304601e-07,1.2608567280264708e-07,1.2614405807986467e-07,1.262022837167709e-07,1.2626035046295072e-07,1.263182590629562e-07,1.2637601025635847e-07,1.2643360477778e-07,1.26491043356948e-07,1.2654832671873567e-07,1.2660545558319918e-07,1.266624306656199e-07,1.2671925267655129e-07,1.2677592232185368e-07,1.2683244030273957e-07,1.2688880731580542e-07,1.2694502405308603e-07,1.2700109120207726e-07,1.2705700944578365e-07,1.2711277946275252e-07,1.271684019271211e-07,1.2722387750864096e-07,1.2727920687271778e-07,1.2733439068046167e-07,1.2738942958870788e-07,1.2744432425005553e-07,1.2749907531290742e-07,1.27553683421508e-07,1.276081492159662e-07,1.2766247333230518e-07,1.27716656402479e-07,1.2777069905442558e-07,1.2782460191208537e-07,1.278783655954421e-07,1.2793199072054967e-07,1.2798547789956958e-07,1.2803882774080102e-07,1.2809204084871652e-07,1.281451178239849e-07,1.2819805926350573e-07,1.2825086576044772e-07,1.283035379042711e-07,1.2835607628075722e-07,1.284084814720441e-07,1.2846075405664666e-07,1.285128946095026e-07,1.2856490370198015e-07,1.2861678190192676e-07,1.2866852977367998e-07,1.287201478781097e-07,1.2877163677263787e-07,1.2882299701127078e-07,1.2887422914462397e-07,1.2892533371994263e-07,1.2897631128114415e-07,1.29027162368827e-07,1.2907788752031635e-07,1.2912848726966655e-07,1.2917896214770983e-07,1.2922931268205983e-07,1.2927953939716824e-07,1.2932964281430773e-07,1.2937962345163478e-07,1.2942948182419002e-07,1.2947921844392956e-07,1.2952883381975827e-07,1.2957832845754448e-07,1.2962770286013578e-07,1.2967695752739904e-07,1.2972609295623537e-07,1.2977510964060057e-07,1.2982400807153483e-07,1.2987278873717268e-07,1.2992145212278898e-07,1.2996999871078498e-07,1.3001842898074804e-07,1.3006674340945323e-07,1.3011494247087906e-07,1.3016302663624296e-07,1.3021099637401747e-07,1.3025885214995183e-07,1.3030659442708122e-07,1.303542236657707e-07,1.3040174032371192e-07,1.304491448559562e-07,1.3049643771492853e-07,1.3054361935045758e-07,1.305906902097771e-07,1.306376507375644e-07,1.3068450137594726e-07,1.3073124256452558e-07,1.307778747403942e-07,1.308243983381535e-07,1.3087081378993834e-07,1.309171215254275e-07,1.3096332197186645e-07,1.310094155540816e-07,1.3105540269450387e-07,1.3110128381317796e-07,1.311470593277916e-07,1.3119272965368502e-07,1.312382952038604e-07,1.3128375638901784e-07,1.3132911361755612e-07,1.3137436729559997e-07,1.3141951782700802e-07,1.3146456561339376e-07,1.3150951105414308e-07,1.3155435454642164e-07,1.3159909648520963e-07,1.3164373726329636e-07,1.3168827727130882e-07,1.317327168977225e-07,1.3177705652887702e-07,1.3182129654899407e-07,1.3186543734019077e-07,1.319094792824936e-07,1.3195342275385505e-07,1.319972681301658e-07,1.3204101578527415e-07,1.3208466609099864e-07,1.3212821941713133e-07,1.321716761314766e-07,1.3221503659984475e-07,1.3225830118606553e-07,1.3230147025201406e-07,1.3234454415762142e-07,1.3238752326088482e-07,1.3243040791787494e-07,1.324731984827616e-07,1.3251589530782901e-07,1.3255849874346966e-07,1.3260100913821494e-07,1.3264342683874144e-07,1.32685752189889e-07,1.3272798553466307e-07,1.3277012721426027e-07,1.3281217756806965e-07,1.3285413693369246e-07,1.32896005646945e-07,1.32937784041892e-07,1.3297947245082713e-07,1.330210712043156e-07,1.3306258063118448e-07,1.3310400105854366e-07,1.3314533281180477e-07,1.3318657621466841e-07,1.332277315891711e-07,1.3326879925565782e-07,1.3330977953282633e-07,1.3335067273771817e-07,1.3339147918574336e-07,1.3343219919067477e-07,1.3347283306467663e-07,1.3351338111830056e-07,1.335538436605108e-07,1.3359422099868115e-07,1.3363451343861563e-07,1.3367472128455233e-07,1.3371484483917629e-07,1.3375488440363124e-07,1.3379484027753137e-07,1.338347127589642e-07,1.338745021445041e-07,1.3391420872923124e-07,1.3395383280672255e-07,1.3399337466908237e-07,1.3403283460693317e-07,1.340722129094446e-07,1.341115098643282e-07,1.341507257578444e-07,1.3418986087482845e-07,1.342289154986909e-07,1.3426788991142023e-07,1.3430678439360525e-07,1.3434559922442565e-07,1.343843346816866e-07,1.344229910418039e-07,1.3446156857983013e-07,1.3450006756944733e-07,1.3453848828298824e-07,1.345768309914493e-07,1.3461509596448012e-07,1.3465328347040788e-07,1.3469139377623811e-07,1.3472942714767363e-07,1.3476738384910738e-07,1.3480526414364294e-07,1.348430682931003e-07,1.3488079655801022e-07,1.3491844919765808e-07,1.3495602647004404e-07,1.3499352863193047e-07,1.3503095593882435e-07,1.3506830864500504e-07,1.3510558700352032e-07,1.3514279126618788e-07,1.3517992168362026e-07,1.352169785052253e-07,1.352539619791987e-07,1.3529087235256018e-07,1.3532770987113914e-07,1.3536447477958545e-07,1.3540116732138196e-07,1.3543778773885085e-07,1.354743362731646e-07,1.3551081316433875e-07,1.355472186512513e-07,1.3558355297164345e-07,1.356198163621388e-07,1.35656009058241e-07,1.3569213129433063e-07,1.3572818330369274e-07,1.357641653185024e-07,1.3580007756985685e-07,1.358359202877555e-07,1.3587169370112587e-07,1.359073980378229e-07,1.3594303352463215e-07,1.359786003872765e-07,1.360140988504354e-07,1.3604952913773776e-07,1.3608489147177019e-07,1.3612018607408975e-07,1.3615541316521714e-07,1.361905729646593e-07,1.3622566569091225e-07,1.3626069156145046e-07,1.3629565079275247e-07,1.3633054360029986e-07,1.363653701985802e-07,1.3640013080109756e-07,1.364348256203819e-07,1.364694548679787e-07,1.365040187544706e-07,1.365385174894842e-07,1.3657295128168292e-07,1.3660732033877858e-07,1.3664162486754422e-07,1.3667586507381102e-07,1.3671004116247693e-07,1.3674415333750364e-07,1.3677820180194639e-07,1.3681218675792575e-07,1.3684610840666063e-07,1.3687996694846475e-07,1.3691376258274172e-07,1.3694749550800426e-07,1.3698116592187582e-07,1.3701477402109288e-07,1.3704832000150763e-07,1.370818040581045e-07,1.3711522638499047e-07,1.3714858717540985e-07,1.3718188662175006e-07,1.3721512491553637e-07,1.3724830224745188e-07,1.3728141880732924e-07,1.3731447478416074e-07,1.373474703661017e-07,1.3738040574048347e-07,1.3741328109380482e-07,1.37446096611746e-07,1.3747885247916567e-07,1.3751154888011884e-07,1.3754418599784638e-07,1.3757676401479005e-07,1.3760928311259261e-07,1.376417434721032e-07,1.37674145273378e-07,1.3770648869569802e-07,1.377387739175522e-07,1.3777100111666338e-07,1.3780317046998196e-07,1.3783528215367873e-07,1.3786733634318247e-07,1.3789933321314674e-07,1.3793127293747894e-07,1.3796315568933162e-07,1.3799498164111995e-07,1.380267509645079e-07,1.3805846383042537e-07,1.3809012040907477e-07,1.3812172086991977e-07,1.3815326538170308e-07,1.381847541124498e-07,1.382161872294651e-07,1.3824756489933804e-07,1.3827888728795547e-07,1.3831015456048628e-07,1.3834136688141376e-07,1.3837252441451538e-07,1.3840362732287644e-07,1.3843467576888603e-07,1.384656699142605e-07,1.3849660992002303e-07,1.3852749594652216e-07,1.3855832815343302e-07,1.3858910669975577e-07,1.3861983174382521e-07,1.3865050344331305e-07,1.3868112195523115e-07,1.3871168743593234e-07,1.3874220004111982e-07,1.3877265992584034e-07,1.3880306724450414e-07,1.388334221508743e-07,1.3886372479807306e-07,1.388939753385897e-07,1.3892417392428063e-07,1.389543207063766e-07,1.3898441583547727e-07,1.3901445946156255e-07,1.3904445173399794e-07,1.3907439280152643e-07,1.3910428281228304e-07,1.3913412191379505e-07,1.3916391025298516e-07,1.3919364797616604e-07,1.3922333522905685e-07,1.3925297215679076e-07,1.3928255890388707e-07,1.3931209561429074e-07,1.3934158243135494e-07,1.3937101949785108e-07,1.3940040695597164e-07,1.394297449473316e-07,1.394590336129677e-07,1.3948827309334906e-07,1.3951746352837264e-07,1.3954660505738042e-07,1.3957569781914141e-07,1.3960474195186953e-07,1.3963373759322169e-07,1.39662684880304e-07,1.396915839496701e-07,1.397204349373258e-07,1.3974923797873162e-07,1.3977799320880437e-07,1.3980670076192975e-07,1.3983536077194656e-07,1.3986397337216962e-07,1.3989253869537727e-07,1.399210568738183e-07,1.399495280392218e-07,1.399779523227917e-07,1.4000632985521229e-07,1.4003466076664887e-07,1.4006294518675064e-07,1.400911832446631e-07,1.4011937506901492e-07,1.4014752078793e-07,1.4017562052903086e-07,1.4020367441943193e-07,1.4023168258575567e-07,1.402596451541235e-07,1.4028756225016728e-07,1.4031543399902542e-07,1.403432605253389e-07,1.4037104195328349e-07,1.4039877840652926e-07,1.4042647000827474e-07,1.404541168812407e-07,1.4048171914766965e-07,1.405092769293256e-07,1.4053679034750465e-07,1.4056425952303332e-07,1.405916845762741e-07,1.4061906562711926e-07,1.4064640279499834e-07,1.406736961988844e-07,1.4070094595729628e-07,1.40728152188288e-07,1.4075531500946165e-07,1.407824345379794e-07,1.408095108905431e-07,1.4083654418341198e-07,1.4086353453240122e-07,1.408904820528823e-07,1.409173868597918e-07,1.409442490676213e-07,1.4097106879043202e-07,1.4099784614185144e-07,1.4102458123507213e-07,1.4105127418286377e-07,1.4107792509756137e-07,1.411045340910809e-07,1.4113110127491359e-07,1.4115762676012815e-07,1.4118411065737918e-07,1.4121055307690273e-07,1.4123695412851788e-07,1.4126331392162964e-07,1.41289632565242e-07,1.4131591016793515e-07,1.4134214683790105e-07,1.4136834268291152e-07,1.4139449781034155e-07,1.414206123271696e-07,1.4144668633996984e-07,1.4147271995491908e-07,1.4149871327780008e-07,1.415246664140106e-07,1.4155057946854499e-07,1.4157645254601633e-07,1.4160228575064862e-07,1.4162807918627776e-07,1.4165383295636032e-07,1.416795471639676e-07,1.417052219117938e-07,1.4173085730215293e-07,1.4175645343698185e-07,1.417820104178469e-07,1.418075283459377e-07,1.4183300732207302e-07,1.4185844744670769e-07,1.4188384881992133e-07,1.419092115414334e-07,1.419345357105974e-07,1.4195982142640472e-07,1.419850687874899e-07,1.420102778921229e-07,1.4203544883821449e-07,1.420605817233314e-07,1.4208567664467218e-07,1.4211073369910103e-07,1.421357529831167e-07,1.4216073459287064e-07,1.4218567862417355e-07,1.422105851724825e-07,1.4223545433292602e-07,1.4226028620027338e-07,1.4228508086896134e-07,1.4230983843307996e-07,1.4233455898639922e-07,1.4235924262233249e-07,1.4238388943397083e-07,1.424084995140714e-07,1.4243307295505557e-07,1.4245760984902371e-07,1.4248205437742208e-07,1.425065140289119e-07,1.4253094087982992e-07,1.425553319523586e-07,1.4257968704580905e-07,1.426040061922083e-07,1.426282894555263e-07,1.4265253691819363e-07,1.4267674866548212e-07,1.4270092478380553e-07,1.4272506535964315e-07,1.4274917048099005e-07,1.4277324023514093e-07,1.4279727470757455e-07,1.42821273986161e-07,1.428452381572971e-07,1.4286916730710382e-07,1.4289306152146008e-07,1.4291692088595846e-07,1.429407454859309e-07,1.4296453540643763e-07,1.429882907332132e-07,1.43012011549894e-07,1.43035697940938e-07,1.4305934999062015e-07,1.4308296778209572e-07,1.4310655139885728e-07,1.4313010092573716e-07,1.4315361644110744e-07,1.431770980303462e-07,1.4320054577580373e-07,1.4322395975955808e-07,1.4324734006341532e-07,1.432706867689095e-07,1.4329399995731265e-07,1.4331727970962622e-07,1.4334052610657553e-07,1.4336373922862972e-07,1.433869191559862e-07,1.4341006596857422e-07,1.4343317974602707e-07,1.434562605678057e-07,1.4347930851301828e-07,1.43502323661829e-07,1.435253060830669e-07,1.4354825587077238e-07,1.4357117309577981e-07,1.435940578373713e-07,1.436169101717504e-07,1.4363973017628697e-07,1.436625179279155e-07,1.4368527350352757e-07,1.4370799697964153e-07,1.4373068843257595e-07,1.4375334793672044e-07,1.4377597556945466e-07,1.437985714046704e-07,1.4382113552220266e-07,1.4384366799279322e-07,1.438661688939558e-07,1.4388863829842025e-07,1.4391107628069974e-07,1.4393348291308362e-07,1.439558582715214e-07,1.4397820242933814e-07,1.4400051545983635e-07,1.4402279743774377e-07,1.4404504842586485e-07,1.4406726851272618e-07,1.4408945776250706e-07,1.4411161624751705e-07,1.441337440399734e-07,1.4415584121416616e-07,1.4417790783707056e-07,1.4419994398151048e-07,1.4422194971965347e-07,1.442439251195741e-07,1.4426587025317344e-07,1.442877851910596e-07,1.4430967000238055e-07,1.4433152475693235e-07,1.4435334952574045e-07,1.4437514437704876e-07,1.443969093798329e-07,1.4441864460386635e-07,1.4444035011648287e-07,1.4446202598720507e-07,1.4448367228411686e-07,1.445052890756419e-07,1.4452687642848655e-07,1.44548434410271e-07,1.445699630861632e-07,1.4459146252539551e-07,1.4461293279484123e-07,1.4463437396185115e-07,1.446557860916703e-07,1.4467716924794271e-07,1.4469852350187124e-07,1.4471984891529824e-07,1.4474114555813172e-07,1.4476241349621612e-07,1.447836527884854e-07,1.4480486350146443e-07,1.4482604570200834e-07,1.4484719945414863e-07,1.4486832482455098e-07,1.448894218749736e-07,1.4491049066946342e-07,1.4493153127484322e-07,1.449525437478799e-07,1.4497352815051166e-07,1.449944845578537e-07,1.4501541302586306e-07,1.4503631361737733e-07,1.4505718639452173e-07,1.450780314197066e-07,1.4509884875422553e-07,1.45119638463138e-07,1.4514040060447337e-07,1.4516113524036413e-07,1.4518184243228723e-07,1.452025222429801e-07,1.452231747325295e-07,1.4524379996172037e-07,1.4526439799110537e-07,1.4528496888174244e-07,1.4530551269175259e-07,1.453260294824347e-07,1.4534651931445777e-07,1.4536698224667004e-07,1.4538741833940217e-07,1.4540782765112453e-07,1.4542821024760392e-07,1.4544856617920277e-07,1.454688955011161e-07,1.4548919827981815e-07,1.455094745677441e-07,1.455297244262009e-07,1.4554994791302576e-07,1.4557014508626276e-07,1.4559031600298434e-07,1.4561046072088295e-07,1.4563057929692472e-07,1.4565067178855468e-07,1.4567073825387405e-07,1.4569077874839624e-07,1.4571079332865574e-07,1.4573078205104138e-07,1.4575074497175904e-07,1.457706821468163e-07,1.4579059363206074e-07,1.4581047948319336e-07,1.4583033975344956e-07,1.4585017450271341e-07,1.4586998378161404e-07,1.4588976765367512e-07,1.4590952616749353e-07,1.459292593777186e-07,1.4594896733880309e-07,1.4596865010519114e-07,1.4598830772590708e-07,1.4600794026502447e-07,1.4602754777141433e-07,1.4604713029343263e-07,1.4606668789031181e-07,1.4608622061498918e-07,1.4610572852062114e-07,1.4612521166023957e-07,1.4614467008675307e-07,1.461641038528322e-07,1.4618351301101716e-07,1.4620289761371267e-07,1.4622225771317265e-07,1.4624159336148362e-07,1.4626090461054049e-07,1.4628019151211621e-07,1.4629945411782206e-07,1.4631869247913504e-07,1.4633790665453703e-07,1.4635709668783866e-07,1.4637626263017873e-07,1.4639540452576e-07,1.4641452243184844e-07,1.4643361639898358e-07,1.464526864775784e-07,1.4647173271787172e-07,1.4649075516991637e-07,1.4650975388369127e-07,1.4652872890899586e-07,1.465476802954549e-07,1.4656660809259653e-07,1.4658551234976004e-07,1.4660439312329176e-07,1.466232504549926e-07,1.466420843938818e-07,1.466608949885944e-07,1.466796822877172e-07,1.4669844633992863e-07,1.4671718718646323e-07,1.467359048825563e-07,1.4675459947687864e-07,1.467732710165369e-07,1.4679191954896865e-07,1.4681054512325533e-07,1.4682914778602267e-07,1.4684772758557837e-07,1.4686628456819456e-07,1.4688481878694722e-07,1.46903330282728e-07,1.4692181910230866e-07,1.469402852922418e-07,1.4695872889929586e-07,1.469771499697676e-07,1.4699554854988643e-07,1.470139246858323e-07,1.470322784235183e-07,1.4705060980888986e-07,1.4706891888761684e-07,1.4708720570541325e-07,1.471054703075282e-07,1.4712371273960778e-07,1.4714193304667573e-07,1.471601312736358e-07,1.4717830746566075e-07,1.471964616675589e-07,1.472145939239405e-07,1.472327042793516e-07,1.4725079277831723e-07,1.4726885946509622e-07,1.472869043837206e-07,1.4730492757843166e-07,1.473229290931315e-07,1.4734090897147003e-07,1.4735886725727348e-07,1.4737680399406422e-07,1.4739471922110375e-07,1.4741261298650533e-07,1.4743048533478575e-07,1.474483363040878e-07,1.4746616595368815e-07,1.4748397429905174e-07,1.4750176139697462e-07,1.4751952728199327e-07,1.47537272007808e-07,1.475549956228332e-07,1.475726981526981e-07,1.4759037964695994e-07,1.4760804014658344e-07,1.476256796948456e-07,1.476432983328812e-07,1.4766089610194582e-07,1.4767847304370992e-07,1.476960291994582e-07,1.4771356461219198e-07,1.4773107932140166e-07,1.4774857336549453e-07,1.4776604679055463e-07,1.477834996268657e-07,1.4780093192633667e-07,1.4781834372618655e-07,1.47835735066711e-07,1.4785310598858243e-07,1.4787045653163523e-07,1.4788778673607287e-07,1.4790509664205235e-07,1.4792238628944547e-07,1.4793965571833397e-07,1.479569049680394e-07,1.4797413407692473e-07,1.4799134308679006e-07,1.4800853203495163e-07,1.480257009610832e-07,1.480428499077679e-07,1.4805997891124897e-07,1.480770880104657e-07,1.4809417724206456e-07,1.481112466454608e-07,1.481282962618462e-07,1.4814532612963548e-07,1.481623362854209e-07,1.481793267691043e-07,1.4819629762132556e-07,1.4821324887660753e-07,1.482301805732456e-07,1.4824709274778364e-07,1.4826398543860248e-07,1.482808586865928e-07,1.4829771252547379e-07,1.4831454699416443e-07,1.4833136213392003e-07,1.4834815797291865e-07,1.48364934553072e-07,1.4838169191141682e-07,1.4839843008489912e-07,1.484151491120843e-07,1.4843184902891513e-07,1.4844852987056018e-07,1.4846519167151515e-07,1.4848183447083883e-07,1.4849845830490233e-07,1.485150632112652e-07,1.4853164922237896e-07,1.485482163772563e-07,1.4856476471192066e-07,1.48581294262113e-07,1.4859780506347604e-07,1.4861429715061736e-07,1.4863077056004825e-07,1.4864722532687008e-07,1.486636614865081e-07,1.4868007907439813e-07,1.486964781257046e-07,1.4871285867529112e-07,1.4872922075802983e-07,1.4874556440820017e-07,1.4876188966214626e-07,1.487781965546145e-07,1.487944851190303e-07,1.4881075539269933e-07,1.4882700740537757e-07,1.4884324119936657e-07,1.4885945679921533e-07,1.488756542422945e-07,1.4889183356318e-07,1.4890799479641656e-07,1.4892413797599396e-07,1.489402631354826e-07,1.4895637030751724e-07,1.4897245953006895e-07,1.489885308317486e-07,1.4900458424791853e-07,1.4902061981280984e-07,1.4903663755822946e-07,1.4905263751754286e-07,1.4906861972316157e-07,1.4908458420909018e-07,1.491005310082521e-07,1.491164601535121e-07,1.4913237167817742e-07,1.491482656140276e-07,1.4916414199397374e-07,1.4918000085063487e-07,1.4919584221637368e-07,1.4921166612336694e-07,1.4922747260399088e-07,1.492432616895958e-07,1.4925903341281573e-07,1.4927478780577534e-07,1.492905248973929e-07,1.4930624472707028e-07,1.49321947321415e-07,1.4933763271291116e-07,1.4935330093463966e-07,1.4936895201392928e-07,1.4938458598485213e-07,1.4940020287905473e-07,1.49415802727272e-07,1.4943138556026995e-07,1.4944695141060818e-07,1.4946250030777102e-07,1.494780322826273e-07,1.4949354736462238e-07,1.4950904558734185e-07,1.4952452698368285e-07,1.4953999158121982e-07,1.4955543941049837e-07,1.495708705019767e-07,1.495862848860723e-07,1.4960168259300404e-07,1.4961706365306608e-07,1.4963242809639403e-07,1.4964777595277254e-07,1.4966310725271143e-07,1.4967842202411277e-07,1.4969372029342413e-07,1.4970900210138033e-07,1.4972426747253923e-07,1.497395164298299e-07,1.4975474901494274e-07,1.4976996524497993e-07,1.4978516516138543e-07,1.4980034878187814e-07,1.498155161470409e-07,1.4983066727620635e-07,1.498458022070659e-07,1.4986092096523006e-07,1.4987602357888875e-07,1.4989111007658526e-07,1.4990618048725675e-07,1.499212348365733e-07,1.499362731593482e-07,1.4995129547805177e-07,1.4996630182657383e-07,1.499812922310254e-07,1.4999626671977255e-07,1.50011225324363e-07,1.5002616806977428e-07,1.500410949839525e-07,1.5005600609535502e-07,1.5007090142855482e-07,1.500857810147831e-07,1.501006448819029e-07,1.5011549306366348e-07,1.501303255758984e-07,1.501451424522211e-07,1.5015994372082056e-07,1.501747294086982e-07,1.5018949954316208e-07,1.5020425415144622e-07,1.5021899326106795e-07,1.502337168984814e-07,1.5024842509200934e-07,1.5026311787040055e-07,1.5027779526375726e-07,1.5029245728977902e-07,1.5030710397790878e-07,1.5032173535634738e-07,1.5033635145241142e-07,1.5035095229266199e-07,1.503655379028242e-07,1.5038010831133206e-07,1.5039466354385046e-07,1.5040920362737706e-07,1.5042372858725487e-07,1.5043823845162707e-07,1.5045273324404522e-07,1.5046721299424917e-07,1.5048167772475504e-07,1.504961274629104e-07,1.5051056223978596e-07,1.5052498206823067e-07,1.5053938698508346e-07,1.5055377701365472e-07,1.5056815218007716e-07,1.505825125180422e-07,1.5059685803015064e-07,1.506111887610561e-07,1.5062550473335484e-07,1.5063980596952554e-07,1.506540924959893e-07,1.506683643388357e-07,1.5068262151956204e-07,1.506968640687476e-07,1.5071109201042493e-07,1.5072530536771682e-07,1.5073950416443997e-07,1.5075368842757716e-07,1.5076785819098825e-07,1.5078201346581418e-07,1.5079615427916655e-07,1.5081028065909518e-07,1.5082439262947986e-07,1.5083849021471374e-07,1.50852573442588e-07,1.5086664233275636e-07,1.5088069690883263e-07,1.5089473719808355e-07,1.5090876322437906e-07,1.5092277501142053e-07,1.5093677258369855e-07,1.5095075596598512e-07,1.509647251821916e-07,1.5097868025757583e-07,1.5099262121498872e-07,1.510065480754258e-07,1.510204608651188e-07,1.5103435960648772e-07,1.510482443258231e-07,1.5106211504518198e-07,1.510759717844612e-07,1.5108981457568054e-07,1.5110364343820495e-07,1.5111745839490096e-07,1.5113125946884755e-07,1.5114504668453688e-07,1.5115882006619562e-07,1.511725796329095e-07,1.5118632541114768e-07,1.5120005743084508e-07,1.5121377570057277e-07,1.5122748025038757e-07,1.512411711004492e-07,1.5125484827840236e-07,1.5126851180727656e-07,1.5128216170099324e-07,1.5129579799317536e-07,1.5130942070444743e-07,1.5132302985449243e-07,1.5133662546568343e-07,1.5135020756195038e-07,1.5136377616376023e-07,1.513773312969436e-07,1.513908729819861e-07,1.5140440124069126e-07,1.5141791610169949e-07,1.514314175756949e-07,1.5144490569099465e-07,1.5145838046935465e-07,1.5147184192462543e-07,1.5148529009471224e-07,1.5149872499065345e-07,1.5151214663728029e-07,1.5152555505660608e-07,1.515389502738572e-07,1.5155233230707773e-07,1.5156570117817073e-07,1.5157905690820763e-07,1.5159239952237003e-07,1.5160572903662235e-07,1.5161904547312024e-07,1.5163234885584708e-07,1.516456392055573e-07,1.5165891654480723e-07,1.516721808949423e-07,1.5168543228569606e-07,1.5169867071770519e-07,1.5171189622442177e-07,1.5172510882373595e-07,1.5173830853824228e-07,1.5175149538916523e-07,1.5176466939709317e-07,1.5177783058338816e-07,1.5179097896748803e-07,1.5180411457248256e-07,1.5181723741894506e-07,1.5183034752527347e-07,1.5184344491613195e-07,1.5185652960268493e-07,1.5186960161799466e-07,1.518826609786886e-07,1.5189570770164217e-07,1.519087418085245e-07,1.5192176332334195e-07,1.5193477226066572e-07,1.5194776864353335e-07,1.5196075249408845e-07,1.5197372383196265e-07,1.5198668267422767e-07,1.5199962904449826e-07,1.5201256295983905e-07,1.5202548444139466e-07,1.520383935095977e-07,1.5205129018415924e-07,1.520641744849397e-07,1.5207704643174103e-07,1.5208990604470485e-07,1.5210275334261996e-07,1.5211558833965862e-07,1.521284110682923e-07,1.521412215413997e-07,1.5215401977861618e-07,1.5216680580004077e-07,1.521795796242515e-07,1.521923412706927e-07,1.5220509076258206e-07,1.5221782811312118e-07,1.5223055334380988e-07,1.522432664753643e-07,1.5225596752445487e-07,1.5226865650892508e-07,1.522813334531689e-07,1.522939983756783e-07,1.5230665129377556e-07,1.5231929222683042e-07,1.5233192119347947e-07,1.5234453821053927e-07,1.5235714329634364e-07,1.5236973647691645e-07,1.523823177671688e-07,1.5239488718499488e-07,1.5240744474877286e-07,1.5241999047760797e-07,1.5243252439052885e-07,1.5244504650482943e-07,1.5245755684080697e-07,1.524700554159229e-07,1.5248254224942813e-07,1.5249501735836918e-07,1.5250748076228852e-07,1.5251993247928617e-07,1.5253237252831415e-07,1.5254480092716481e-07,1.525572176945065e-07,1.52569622847128e-07,1.5258201640343485e-07,1.5259439838279056e-07,1.5260676880214496e-07,1.5261912767932374e-07,1.526314750335047e-07,1.5264381088523127e-07,1.5265613524655986e-07,1.5266844813833764e-07,1.5268074957766893e-07,1.5269303958192025e-07,1.527053181699258e-07,1.5271758535886238e-07,1.5272984116653229e-07,1.527420856106071e-07,1.5275431870866488e-07,1.5276654047840776e-07,1.527787509394871e-07,1.5279095010735043e-07,1.528031380005847e-07,1.528153146329741e-07,1.5282748002203788e-07,1.5283963418743977e-07,1.5285177714824017e-07,1.528639089173222e-07,1.5287602951432404e-07,1.5288813896210675e-07,1.5290023727126742e-07,1.5291232445633894e-07,1.5292440053766837e-07,1.5293646553102513e-07,1.529485194552121e-07,1.529605623276569e-07,1.5297259416223697e-07,1.529846149785534e-07,1.529966247925979e-07,1.5300862362240293e-07,1.5302061148379578e-07,1.530325883935027e-07,1.5304455436824668e-07,1.5305650942463536e-07,1.5306845357934894e-07,1.5308038684896594e-07,1.5309230925058936e-07,1.5310422080019567e-07,1.5311612151427165e-07,1.5312801140926078e-07,1.5313989050159328e-07,1.5315175880764503e-07,1.5316361634309452e-07,1.5317546312559474e-07,1.531872991707484e-07,1.5319912449422077e-07,1.532109391127323e-07,1.532227430425132e-07,1.5323453629975609e-07,1.5324631890054958e-07,1.5325809086117045e-07,1.532698521971514e-07,1.5328160292486802e-07,1.532933430606006e-07,1.5330507261946395e-07,1.5331679161818662e-07,1.5332850007199181e-07,1.5334019799692138e-07,1.533518854085691e-07,1.5336356232342796e-07,1.5337522875820483e-07,1.533868847257513e-07,1.5339853024428536e-07,1.534101653279212e-07,1.5342178999193965e-07,1.5343340425395144e-07,1.5344500812633487e-07,1.5345660162635824e-07,1.5346818476999796e-07,1.534797575716617e-07,1.5349132004767303e-07,1.5350287221413976e-07,1.5351441408386817e-07,1.5352594567493288e-07,1.5353746699997666e-07,1.5354897807871106e-07,1.535604789215367e-07,1.5357196954609687e-07,1.5358344996606391e-07,1.535949201970295e-07,1.5360638025220555e-07,1.5361783015143913e-07,1.536292699058917e-07,1.5364069953195918e-07,1.5365211904540672e-07,1.5366352845708563e-07,1.5367492778765406e-07,1.536863170465192e-07,1.53697696251136e-07,1.5370906541845187e-07,1.537204245602084e-07,1.5373177369106577e-07,1.537431128291714e-07,1.5375444198650436e-07,1.5376576117608508e-07,1.5377707041547011e-07,1.5378836971891965e-07,1.5379965909871666e-07,1.5381093857181412e-07,1.5382220815120697e-07,1.5383346785373425e-07,1.5384471769087913e-07,1.5385595767814106e-07,1.5386718783067298e-07,1.538784081625991e-07,1.5388961868873657e-07,1.5390081942153595e-07,1.5391201037762321e-07,1.5392319157204936e-07,1.5393436301357444e-07,1.5394552471994464e-07,1.5395667670479298e-07,1.5396781898400757e-07,1.5397895157012852e-07,1.5399007447600813e-07,1.5400118771683964e-07,1.5401229130870279e-07,1.5402338526301257e-07,1.5403446959334562e-07,1.5404554431431134e-07,1.540566094402695e-07,1.5406766498696708e-07,1.5407871096394697e-07,1.5408974738734518e-07,1.5410077427089055e-07,1.5411179162819508e-07,1.5412279947462135e-07,1.541337978208236e-07,1.5414478668403863e-07,1.5415576607586797e-07,1.541667360100775e-07,1.5417769649775328e-07,1.5418864755479922e-07,1.541995891947035e-07,1.542105214310374e-07,1.5422144427720277e-07,1.5423235774671314e-07,1.5424326185295896e-07,1.542541566159316e-07,1.5426504204309815e-07,1.542759181408095e-07,1.5428678492864867e-07,1.5429764241872433e-07,1.543084906282163e-07,1.5431932956630918e-07,1.5433015925237654e-07,1.543409796879308e-07,1.543517908929202e-07,1.5436259288341676e-07,1.543733856696955e-07,1.5438416926244717e-07,1.5439494367888648e-07,1.54405708929661e-07,1.5441646502843925e-07,1.5442721198782855e-07,1.5443794982149138e-07,1.544486785385918e-07,1.544593981577899e-07,1.5447010868944035e-07,1.5448081014481692e-07,1.544915025339365e-07,1.5450218587732814e-07,1.5451286018673712e-07,1.5452352546510665e-07,1.5453418173910464e-07,1.5454482901724122e-07,1.5455546730797877e-07,1.545660966254292e-07,1.5457671698444908e-07,1.545873283939436e-07,1.545979308701941e-07,1.5460852442392866e-07,1.5461910906567466e-07,1.5462968481246685e-07,1.5464025167189837e-07,1.5465080966063458e-07,1.5466135878927082e-07,1.5467189906743322e-07,1.5468243051030356e-07,1.5469295313092994e-07,1.5470346693995212e-07,1.5471397194702645e-07,1.5472446817250846e-07,1.54734955622333e-07,1.5474543430990687e-07,1.5475590425023278e-07,1.5476636545202583e-07,1.5477681792812797e-07,1.5478726169204854e-07,1.5479769675385124e-07,1.5480812312669124e-07,1.548185408226783e-07,1.5482894985382664e-07,1.5483935023212176e-07,1.5484974196957156e-07,1.5486012507836384e-07,1.5487049957019438e-07,1.548808654569387e-07,1.548912227482262e-07,1.549015714605901e-07,1.5491191160351754e-07,1.5492224318892291e-07,1.549325662285425e-07,1.5494288073166402e-07,1.5495318670934037e-07,1.5496348418218378e-07,1.5497377315621905e-07,1.5498405364313561e-07,1.5499432565459363e-07,1.5500458920225037e-07,1.5501484429770194e-07,1.550250909525628e-07,1.5503532917840066e-07,1.550455589867728e-07,1.5505578038921056e-07,1.5506599339725498e-07,1.5507619802236544e-07,1.5508639427595835e-07,1.550965821696343e-07,1.5510676171460527e-07,1.5511693292244563e-07,1.551270958044121e-07,1.5513725037190848e-07,1.5514739663590727e-07,1.5515753461021844e-07,1.5516766430120222e-07,1.5517778572291832e-07,1.5518789888977532e-07,1.5519800380507667e-07,1.5520810048658873e-07,1.5521818894410147e-07,1.552282691879524e-07,1.5523834123009856e-07,1.5524840508692625e-07,1.5525846076412362e-07,1.5526850826609582e-07,1.5527854761656134e-07,1.552885788184938e-07,1.5529860188886944e-07,1.5530861682572918e-07,1.5531862365508056e-07,1.5532862237536676e-07,1.553386130092702e-07,1.5534859555637572e-07,1.5535857003942034e-07,1.5536853645682637e-07,1.553784948301662e-07,1.55388445161706e-07,1.5539838746749493e-07,1.5540832175741928e-07,1.554182480420728e-07,1.5542816633158555e-07,1.5543807663746943e-07,1.554479789707331e-07,1.5545787334101534e-07,1.5546775976037263e-07,1.5547763823935179e-07,1.554875087872059e-07,1.5549737141369076e-07,1.5550722613263148e-07,1.5551707295281987e-07,1.5552691189343421e-07,1.5553674294727635e-07,1.5554656613500286e-07,1.555563814627166e-07,1.5556618894733231e-07,1.5557598859721344e-07,1.555857804271825e-07,1.5559556443352808e-07,1.5560534063938654e-07,1.5561510904956745e-07,1.5562486967492408e-07,1.5563462252714623e-07,1.5564436761691664e-07,1.5565410495387597e-07,1.5566383454764422e-07,1.5567355641645108e-07,1.5568327056390862e-07,1.5569297700133425e-07,1.557026757358936e-07,1.5571236676988293e-07,1.557220501247385e-07,1.557317258042185e-07,1.5574139382549725e-07,1.55751054201723e-07,1.5576070693324717e-07,1.5577035203153501e-07,1.557799895093891e-07,1.5578961937651876e-07,1.5579924164184332e-07,1.5580885631677174e-07,1.55818463411591e-07,1.5582806293556163e-07,1.5583765490625295e-07,1.5584723931830693e-07,1.5585681618807677e-07,1.558663855278296e-07,1.5587594734556068e-07,1.5588550165244038e-07,1.558950484576328e-07,1.559045877709416e-07,1.5591411960192735e-07,1.5592364396082205e-07,1.5593316085713683e-07,1.5594267030062155e-07,1.5595217230100362e-07,1.5596166686794602e-07,1.5597115401115062e-07,1.5598063374154637e-07,1.559901060662188e-07,1.5599957099611702e-07,1.560090285409792e-07,1.560184787100834e-07,1.5602792151317267e-07,1.5603735695979715e-07,1.5604678505949529e-07,1.5605620582179672e-07,1.56065619256207e-07,1.5607502537220844e-07,1.560844241792814e-07,1.5609381568687007e-07,1.5610319990441709e-07,1.5611257684134228e-07,1.5612194650704807e-07,1.5613130891091952e-07,1.5614066406232674e-07,1.5615001197061886e-07,1.5615935264513496e-07,1.561686860951812e-07,1.5617801233007458e-07,1.5618733135909316e-07,1.5619664319149438e-07,1.5620594783654812e-07,1.5621524530347265e-07,1.562245356014964e-07,1.5623381873981257e-07,1.5624309472760474e-07,1.5625236357404713e-07,1.562616252882826e-07,1.5627087987944934e-07,1.5628012735666763e-07,1.5628936772903357e-07,1.56298601005638e-07,1.5630782719554855e-07,1.5631704630781436e-07,1.563262583514783e-07,1.563354633355549e-07,1.5634466126905123e-07,1.563538521609515e-07,1.5636303602023194e-07,1.5637221285584777e-07,1.5638138267673524e-07,1.5639054549182121e-07,1.5639970131001657e-07,1.564088501402057e-07,1.5641799199127036e-07,1.564271268721906e-07,1.5643625479183658e-07,1.5644537576146897e-07,1.564544897851233e-07,1.5646359687821414e-07,1.5647269703992923e-07,1.5648179028414744e-07,1.564908766250942e-07,1.5649995606078634e-07,1.5650902861063866e-07,1.565180942779114e-07,1.5652715307131272e-07,1.5653620499960888e-07,1.5654525007149838e-07,1.5655428829542725e-07,1.565633196802093e-07,1.565723442342845e-07,1.5658136196654353e-07,1.5659037288531566e-07,1.5659937699917452e-07,1.566083743167766e-07,1.566173648466152e-07,1.566263485972155e-07,1.5663532557713952e-07,1.5664429579473678e-07,1.5665325925849805e-07,1.566622159770802e-07,1.5667116595881282e-07,1.5668010921198717e-07,1.5668904574510755e-07,1.566979755666802e-07,1.5670689868513647e-07,1.5671581510891145e-07,1.5672472484597675e-07,1.567336279047724e-07,1.567425242938293e-07,1.5675141402125136e-07,1.567602970954163e-07,1.5676917352458205e-07,1.5677804331732178e-07,1.56786906481684e-07,1.5679576302586466e-07,1.568046129580989e-07,1.5681345628657277e-07,1.5682229301946908e-07,1.5683112315693978e-07,1.5683994672346456e-07,1.5684876371897326e-07,1.5685757414589825e-07,1.5686637802359158e-07,1.568751753548054e-07,1.568839661473496e-07,1.568927504095984e-07,1.569015281493981e-07,1.5691029937068745e-07,1.569190640813044e-07,1.5692782230219862e-07,1.5693657402591658e-07,1.569453192705787e-07,1.5695405803543122e-07,1.5696279033464777e-07,1.569715161762574e-07,1.5698023556670925e-07,1.5698894851393939e-07,1.5699765503026717e-07,1.5700635511632e-07,1.5701504878712776e-07,1.570237360435519e-07,1.5703241689697652e-07,1.5704109135505995e-07,1.5704975943058636e-07,1.5705842112346582e-07,1.5706707644298272e-07,1.5707572540027914e-07,1.5708436800147436e-07,1.5709300425429266e-07,1.5710163416886538e-07,1.5711025774824436e-07,1.5711887500252105e-07,1.5712748594164606e-07,1.5713609057024113e-07,1.5714468889542714e-07,1.5715328092718364e-07,1.5716186667008375e-07,1.5717044613519263e-07,1.571790193271558e-07,1.5718758626111397e-07,1.5719614693718068e-07,1.5720470136495678e-07,1.572132495544616e-07,1.5722179150946256e-07,1.5723032723649915e-07,1.572388567418672e-07,1.5724738003682614e-07,1.572558971297276e-07,1.572644080256511e-07,1.5727291273817577e-07,1.5728141126951196e-07,1.572899036266014e-07,1.572983898164961e-07,1.5730686984718893e-07,1.5731534372908584e-07,1.5732381146420004e-07,1.5733227306520243e-07,1.573407285375332e-07,1.5734917788646063e-07,1.5735762112358772e-07,1.5736605825399162e-07,1.5737448928514034e-07,1.5738291422445484e-07,1.5739133307676157e-07,1.5739974585408889e-07,1.5740815256146508e-07,1.5741655320610562e-07,1.5742494779612446e-07,1.5743333633713053e-07,1.5744171883715122e-07,1.5745009530355e-07,1.5745846574338994e-07,1.5746683016397172e-07,1.5747518857247647e-07,1.5748354097654575e-07,1.5749188738238408e-07,1.5750022779776652e-07,1.5750856222891416e-07,1.5751689068399826e-07,1.5752521317049713e-07,1.57533529695023e-07,1.5754184026995316e-07,1.5755014489321604e-07,1.5755844357420274e-07,1.5756673632149294e-07,1.5757502314183449e-07,1.5758330404320914e-07,1.5759157903148454e-07,1.5759984811511272e-07,1.5760811129768163e-07,1.5761636859541168e-07,1.5762462000431794e-07,1.576328655357522e-07,1.576411051967707e-07,1.5764933899867325e-07,1.576575669385211e-07,1.5766578902879452e-07,1.576740052762184e-07,1.5768221568735719e-07,1.5769042026868787e-07,1.5769861902779127e-07,1.5770681197154308e-07,1.5771499910680207e-07,1.5772318044040851e-07,1.577313559792018e-07,1.577395257300019e-07,1.577476896996292e-07,1.5775584789487535e-07,1.5776400032253393e-07,1.5777214698939038e-07,1.5778028790220408e-07,1.5778842306761963e-07,1.5779655249334723e-07,1.5780467618539983e-07,1.5781279415117432e-07,1.5782090639601972e-07,1.5782901292225847e-07,1.5783711374676457e-07,1.5784520887026998e-07,1.578532983003384e-07,1.5786138204330508e-07,1.578694601057663e-07,1.578775324949059e-07,1.578855992169451e-07,1.5789366027769034e-07,1.5790171567628882e-07,1.5790976543642876e-07,1.5791780955133416e-07,1.5792584803668437e-07,1.5793388089447662e-07,1.579419081312665e-07,1.5794992975359588e-07,1.5795794576799326e-07,1.5796595618097356e-07,1.5797396099781923e-07,1.5798196022625773e-07,1.579899538727693e-07,1.5799794194382444e-07,1.5800592444710362e-07,1.5801390138663728e-07,1.5802187276585132e-07,1.5802983859537685e-07,1.5803779888592103e-07,1.5804575363432997e-07,1.5805370285271572e-07,1.5806164655292674e-07,1.5806958473385115e-07,1.5807751740756223e-07,1.580854445748816e-07,1.580933662420076e-07,1.581012824017794e-07,1.581091930902975e-07,1.5811709829517412e-07,1.5812499803105523e-07,1.5813289228847955e-07,1.5814078109244154e-07,1.5814866444198716e-07,1.5815654234331374e-07,1.581644148085282e-07,1.5817228183818633e-07,1.5818014343893067e-07,1.581879996160235e-07,1.5819585037663313e-07,1.5820369572649135e-07,1.5821153567178916e-07,1.582193702181262e-07,1.5822719937228084e-07,1.5823502314050603e-07,1.5824284152893364e-07,1.5825065454356563e-07,1.5825846219071547e-07,1.5826626447652827e-07,1.582740614068677e-07,1.5828185298920323e-07,1.5828963922712808e-07,1.5829742012793895e-07,1.5830519569795963e-07,1.5831296594291377e-07,1.583207308694245e-07,1.583284904828198e-07,1.583362447896074e-07,1.5834399379932388e-07,1.5835173751598297e-07,1.5835947593756232e-07,1.5836720907708643e-07,1.5837493693951562e-07,1.58382659536691e-07,1.5839037686501622e-07,1.5839808893410133e-07,1.5840579575022907e-07,1.5841349731969298e-07,1.584211936480695e-07,1.5842888474146487e-07,1.5843657060579509e-07,1.5844425124705643e-07,1.584519266716739e-07,1.5845959688421756e-07,1.584672618913481e-07,1.5847492169946194e-07,1.584825763131034e-07,1.5849022574212213e-07,1.5849786998583912e-07,1.5850550905357179e-07,1.5851314294971216e-07,1.585207716821263e-07,1.5852839525583868e-07,1.585360136762801e-07,1.5854362694903177e-07,1.5855123508015968e-07,1.58558838080245e-07,1.5856643594530577e-07,1.585740286878727e-07,1.5858161630591182e-07,1.5858919881599136e-07,1.5859677622231333e-07,1.5860434852639066e-07,1.5861191573445023e-07,1.5861947785270493e-07,1.5862703488677518e-07,1.5863458684234975e-07,1.5864213372510343e-07,1.5864967554130992e-07,1.586572122960702e-07,1.5866474399496851e-07,1.5867227064308267e-07,1.586797922452677e-07,1.586873088104631e-07,1.5869482034173477e-07,1.587023268374992e-07,1.5870982831674144e-07,1.5871732478113054e-07,1.5872481623271363e-07,1.587323026798664e-07,1.5873978412874762e-07,1.5874726058300158e-07,1.587547320453072e-07,1.5876219852701986e-07,1.5876966002809446e-07,1.5877711655853495e-07,1.5878456812416243e-07,1.5879201472899674e-07,1.5879945637729905e-07,1.5880689307238676e-07,1.5881432482608984e-07,1.5882175163673678e-07,1.5882917351266184e-07,1.5883659046094414e-07,1.5884400249347155e-07,1.5885140960482324e-07,1.5885881180390903e-07,1.5886620909618065e-07,1.5887360148008163e-07,1.5888098897590312e-07,1.5888837157889772e-07,1.5889574929749521e-07,1.5890312213751918e-07,1.5891049010755332e-07,1.5891785320609703e-07,1.5892521143862812e-07,1.5893256481272384e-07,1.5893991333427445e-07,1.589472570077868e-07,1.5895459583958099e-07,1.589619298348565e-07,1.589692589902917e-07,1.589765833254956e-07,1.5898390283987108e-07,1.5899121753896155e-07,1.5899852742553833e-07,1.5900583250759292e-07,1.5901313279026493e-07,1.590204282773357e-07,1.590277189733435e-07,1.590350048857769e-07,1.5904228601890144e-07,1.5904956237793267e-07,1.5905683396260085e-07,1.5906410078880358e-07,1.5907136285666255e-07,1.590786201712e-07,1.5908587273749974e-07,1.59093120560814e-07,1.5910036364631876e-07,1.5910760199976557e-07,1.5911483562420724e-07,1.5912206452657805e-07,1.5912928871338976e-07,1.5913650818572795e-07,1.5914372295191236e-07,1.5915093301642128e-07,1.5915813838355401e-07,1.591653390573962e-07,1.591725350462619e-07,1.5917972635256432e-07,1.591869129834462e-07,1.5919409494195565e-07,1.5920127223449663e-07,1.5920844485970157e-07,1.59215612833681e-07,1.5922277615621792e-07,1.5922993483214317e-07,1.5923708886918472e-07,1.59244238267406e-07,1.5925138303377045e-07,1.5925852317403335e-07,1.592656586928127e-07,1.592727895946343e-07,1.5927991588532155e-07,1.5928703756940352e-07,1.592941546542179e-07,1.5930126714221293e-07,1.5930837503371368e-07,1.5931547834072288e-07,1.5932257706672688e-07,1.5932967121717634e-07,1.5933676079292893e-07,1.593438458029856e-07,1.5935092624920496e-07,1.593580021404318e-07,1.593650734743887e-07,1.5937214026278439e-07,1.5937920250828444e-07,1.5938626021596364e-07,1.5939331339020836e-07,1.594003620361119e-07,1.5940740615847212e-07,1.594144457607246e-07,1.5942148084685716e-07,1.594285114275548e-07,1.594355375011113e-07,1.5944255907820266e-07,1.5944957615590138e-07,1.5945658874894588e-07,1.594635968560169e-07,1.5947060048269252e-07,1.594775996345172e-07,1.5948459431465367e-07,1.594915845286511e-07,1.5949857028125294e-07,1.5950555157716085e-07,1.595125284110991e-07,1.5951950080780664e-07,1.595264687619604e-07,1.595334322782601e-07,1.5954039135221568e-07,1.5954734600694657e-07,1.595542962386152e-07,1.595612420504456e-07,1.595681834417773e-07,1.595751204299847e-07,1.595820530124626e-07,1.5958898119446595e-07,1.5959590498130653e-07,1.5960282437709618e-07,1.5960973937865937e-07,1.5961665000555677e-07,1.5962355625543698e-07,1.5963045813275836e-07,1.5963735564137224e-07,1.596442487859118e-07,1.5965113757223587e-07,1.596580220046023e-07,1.5966490208126808e-07,1.5967177781752736e-07,1.5967864921409206e-07,1.5968551627227695e-07,1.5969237899526553e-07,1.5969923739429394e-07,1.5970609147027886e-07,1.5971294122776151e-07,1.5971978667418406e-07,1.5972662781199258e-07,1.59733464637953e-07,1.5974029716633852e-07,1.597471254015829e-07,1.597539493429846e-07,1.597607690001519e-07,1.597675843781662e-07,1.5977439547849396e-07,1.5978120229907297e-07,1.5978800485785405e-07,1.5979480315346536e-07,1.5980159718921208e-07,1.5980838696630196e-07,1.5981517249309845e-07,1.5982195377550348e-07,1.598287308127333e-07,1.5983550361155276e-07,1.598422721808704e-07,1.5984903652052071e-07,1.5985579663529125e-07,1.5986255253049096e-07,1.5986930420930285e-07,1.5987605168021856e-07,1.5988279494100723e-07,1.5988953399840333e-07,1.598962688542619e-07,1.5990299951930001e-07,1.5990972598974976e-07,1.5991644828215062e-07,1.5992316639049062e-07,1.5992988032312215e-07,1.5993659008353297e-07,1.599432956754441e-07,1.5994999710294128e-07,1.5995669437211866e-07,1.5996338748742843e-07,1.5997007644993242e-07,1.5997676126697402e-07,1.5998344194217587e-07,1.5999011847136687e-07,1.5999679087312583e-07,1.6000345914496305e-07,1.6001012329195803e-07,1.6001678331846422e-07,1.6002343922709854e-07,1.600300910208685e-07,1.6003673870845576e-07,1.6004338229171426e-07,1.600500217743305e-07,1.6005665715919687e-07,1.6006328845437696e-07,1.600699156619669e-07,1.6007653878672084e-07,1.600831578353058e-07,1.6008977280616307e-07,1.600963837064886e-07,1.601029905398699e-07,1.6010959331032458e-07,1.6011619202275973e-07,1.6012278668222818e-07,1.6012937729116494e-07,1.6013596385398997e-07,1.6014254637500166e-07,1.601491248571624e-07,1.6015569930711232e-07,1.6016226972738936e-07,1.6016883612288333e-07,1.601753985006666e-07,1.601819568573255e-07,1.6018851120094857e-07,1.6019506153549753e-07,1.6020160786522012e-07,1.6020815019448884e-07,1.6021468852657014e-07,1.6022122286443622e-07,1.6022775321498996e-07,1.6023427958111422e-07,1.6024080196335173e-07,1.6024732037213746e-07,1.6025383480756813e-07,1.602603452722541e-07,1.6026685177560145e-07,1.6027335431876993e-07,1.6027985290511923e-07,1.602863475385981e-07,1.6029283822207178e-07,1.6029932496256394e-07,1.603058077640399e-07,1.6031228662758997e-07,1.6031876155806173e-07,1.6032523256010024e-07,1.6033169963721066e-07,1.6033816279420765e-07,1.6034462203424316e-07,1.6035107736135425e-07,1.6035752877918793e-07,1.6036397629229406e-07,1.6037041990391064e-07,1.6037685961852694e-07,1.6038329544014696e-07,1.6038972737167897e-07,1.6039615541856497e-07,1.6040257958362907e-07,1.604089998694667e-07,1.6041541628331034e-07,1.6042182882690222e-07,1.6042823750419853e-07,1.6043464231918265e-07,1.604410432763343e-07,1.6044744037979432e-07,1.6045383363197456e-07,1.604602230378304e-07,1.604666086004568e-07,1.604729903241323e-07,1.6047936821218287e-07,1.604857422693361e-07,1.6049211249921627e-07,1.6049847890521908e-07,1.6050484149062493e-07,1.6051120026064523e-07,1.6051755521751616e-07,1.6052390636661652e-07,1.6053025371059165e-07,1.6053659725356606e-07,1.605429369986501e-07,1.6054927295119727e-07,1.6055560511425068e-07,1.6056193349212487e-07,1.605682580869409e-07,1.605745789033357e-07,1.6058089594473525e-07,1.6058720921508766e-07,1.6059351871893567e-07,1.6059982445933767e-07,1.6060612643957985e-07,1.6061242466582402e-07,1.6061871913841972e-07,1.6062500986431338e-07,1.6063129684250433e-07,1.6063758008044356e-07,1.606438595837726e-07,1.6065013535047456e-07,1.6065640738728006e-07,1.6066267569708728e-07,1.606689402853893e-07,1.606752011545767e-07,1.6068145830835523e-07,1.6068771174877945e-07,1.6069396148889827e-07,1.6070020751773003e-07,1.6070644984573571e-07,1.6071268847700038e-07,1.6071892341431122e-07,1.6072515466212135e-07,1.6073138222323505e-07,1.6073760610250625e-07,1.607438263021256e-07,1.6075004282623715e-07,1.6075625568071328e-07,1.6076246486505416e-07,1.6076867038480357e-07,1.6077487224324107e-07,1.6078107044496277e-07,1.6078726499298999e-07,1.6079345589002343e-07,1.60799643140359e-07,1.6080582674926252e-07,1.608120067211373e-07,1.6081818305384208e-07,1.6082435575308538e-07,1.6083052482245495e-07,1.6083669026887837e-07,1.6084285209186273e-07,1.6084901029671548e-07,1.608551648917383e-07,1.6086131587034285e-07,1.6086746324161156e-07,1.6087360700978177e-07,1.6087974717563676e-07,1.608858837469772e-07,1.6089201672199864e-07,1.6089814610683295e-07,1.6090427190660917e-07,1.6091039412180747e-07,1.6091651275766482e-07,1.6092262781689069e-07,1.6092873930267672e-07,1.6093484721897e-07,1.609409515706152e-07,1.6094705235851347e-07,1.6095314958688672e-07,1.609592432602091e-07,1.6096533338141134e-07,1.6097141995450026e-07,1.6097750298187852e-07,1.6098358246729847e-07,1.6098965841509855e-07,1.609957308271039e-07,1.6100179970754535e-07,1.6100786506002784e-07,1.6101392688829778e-07,1.6101998519646328e-07,1.6102603998577402e-07,1.6103209126020174e-07,1.61038139024776e-07,1.6104418327953154e-07,1.610502240306613e-07,1.610562612805721e-07,1.6106229503360537e-07,1.610683252915761e-07,1.6107435205781935e-07,1.610803753361781e-07,1.6108639513046117e-07,1.6109241144413427e-07,1.6109842428156146e-07,1.611044336431987e-07,1.6111043953539523e-07,1.611164419603397e-07,1.6112244091928818e-07,1.6112843641684154e-07,1.6113442845768955e-07,1.6114041704289756e-07,1.6114640217817265e-07,1.611523838645489e-07,1.6115836210715656e-07,1.6116433690973911e-07,1.6117030827545465e-07,1.611762762050237e-07,1.6118224070332702e-07,1.6118820177405027e-07,1.6119415942005944e-07,1.6120011364358212e-07,1.6120606444940904e-07,1.6121201184034543e-07,1.6121795581957344e-07,1.6122389639088554e-07,1.6122983355594287e-07,1.6123576731945374e-07,1.6124169768389945e-07,1.6124762465314e-07,1.6125354823069908e-07,1.612594684180798e-07,1.6126538522037886e-07,1.6127129863929924e-07,1.6127720867932268e-07,1.6128311534260997e-07,1.6128901863301546e-07,1.612949185553225e-07,1.6130081510912816e-07,1.6130670829955953e-07,1.613125981296719e-07,1.6131848460305148e-07,1.613243677224393e-07,1.613302474927155e-07,1.6133612391406537e-07,1.6134199699104758e-07,1.6134786672758027e-07,1.6135373312559385e-07,1.61359596187785e-07,1.6136545591860239e-07,1.6137131232121677e-07,1.6137716539760517e-07,1.6138301515226504e-07,1.6138886158711328e-07,1.6139470470569246e-07,1.6140054451114348e-07,1.614063810067189e-07,1.6141221419562403e-07,1.6141804408098283e-07,1.6142387066538793e-07,1.6142969395270344e-07,1.61435513946372e-07,1.6144133064816806e-07,1.6144714406147566e-07,1.6145295418973107e-07,1.6145876103648628e-07,1.6146456460377179e-07,1.614703648951793e-07,1.614761619138608e-07,1.614819556620111e-07,1.6148774614497827e-07,1.6149353336355864e-07,1.6149931732180536e-07,1.6150509802235166e-07,1.6151087546856755e-07,1.615166496633374e-07,1.615224206115631e-07,1.6152818831246313e-07,1.615339527718197e-07,1.6153971399218974e-07,1.6154547197516243e-07,1.6155122672511077e-07,1.6155697824381864e-07,1.6156272653641873e-07,1.615684716045659e-07,1.615742134512931e-07,1.6157995207907622e-07,1.6158568749286915e-07,1.615914196939342e-07,1.615971486863199e-07,1.6160287447170697e-07,1.6160859705431392e-07,1.6161431643618532e-07,1.6162003262069452e-07,1.6162574561072113e-07,1.61631455409485e-07,1.6163716202261804e-07,1.6164286544852197e-07,1.6164856568800974e-07,1.6165426274410055e-07,1.6165995662973912e-07,1.6166564734161694e-07,1.6167133488276383e-07,1.6167701925657027e-07,1.61682700464861e-07,1.6168837851150507e-07,1.6169405339871143e-07,1.6169972513145343e-07,1.6170539370907063e-07,1.617110591362722e-07,1.6171672141578834e-07,1.6172238054990255e-07,1.6172803654341529e-07,1.6173368939813486e-07,1.6173933911696122e-07,1.617449857029385e-07,1.617506291588457e-07,1.6175626948734377e-07,1.6176190669149665e-07,1.61767540774379e-07,1.6177317173981992e-07,1.6177879958807255e-07,1.6178442432003448e-07,1.617900459453272e-07,1.6179566446365043e-07,1.6180127987736423e-07,1.6180689218987537e-07,1.618125014049727e-07,1.6181810752307423e-07,1.618237105477378e-07,1.6182931048251536e-07,1.618349073302427e-07,1.618405010933709e-07,1.6184609177506232e-07,1.6185167937755246e-07,1.618572639044875e-07,1.6186284535785143e-07,1.618684237409412e-07,1.6187399905623455e-07,1.6187957130675615e-07,1.6188514049528076e-07,1.618907066245281e-07,1.618962696969248e-07,1.619018297159245e-07,1.6190738668423442e-07,1.6191294060453847e-07,1.6191849147759795e-07,1.6192403930949885e-07,1.6192958410125765e-07,1.6193512585626453e-07,1.6194066457654264e-07,1.6194620026550713e-07,1.6195173292714337e-07,1.6195726256169756e-07,1.619627891729966e-07,1.6196831276373976e-07,1.6197383333729045e-07,1.6197935089865227e-07,1.6198486544310008e-07,1.619903769811865e-07,1.6199588551765574e-07,1.6200139104302018e-07,1.6200689356647836e-07,1.6201239309149317e-07,1.6201788962047433e-07,1.6202338315962342e-07,1.6202887370505733e-07,1.6203436126253068e-07,1.6203984583469883e-07,1.620453274238626e-07,1.6205080603327194e-07,1.6205628166612224e-07,1.6206175432380523e-07,1.6206722401079042e-07,1.6207269072774586e-07,1.6207815447516053e-07,1.6208361526301568e-07,1.6208907309091365e-07,1.6209452795919472e-07,1.6209997987214901e-07,1.6210542883323036e-07,1.621108748423272e-07,1.621163179036849e-07,1.6212175801982557e-07,1.621271951934486e-07,1.621326294288822e-07,1.6213806072540735e-07,1.6214348908744974e-07,1.6214891451752473e-07,1.621543370180475e-07,1.6215975659296402e-07,1.6216517324322958e-07,1.621705869721818e-07,1.6217599778227222e-07,1.6218140567567138e-07,1.621868106545942e-07,1.6219221272364794e-07,1.6219761188444896e-07,1.6220300813934178e-07,1.6220840149430912e-07,1.622137919452813e-07,1.6221917949847406e-07,1.6222456415780871e-07,1.622299459271511e-07,1.6223532480176926e-07,1.6224070078410658e-07,1.6224607388707482e-07,1.6225144410645548e-07,1.622568114458149e-07,1.622621759081015e-07,1.6226753749516677e-07,1.6227289620879649e-07,1.622782520538346e-07,1.622836050311278e-07,1.622889551478983e-07,1.622943023989632e-07,1.62299646789682e-07,1.6230498832407648e-07,1.6231032700376974e-07,1.6231566283180147e-07,1.623209958074695e-07,1.6232632593420967e-07,1.6233165322115153e-07,1.6233697766641988e-07,1.6234229927320922e-07,1.6234761804248742e-07,1.6235293397391953e-07,1.623582470728408e-07,1.6236355734512822e-07,1.6236886479126641e-07,1.6237416941345544e-07,1.623794712139791e-07,1.6238477019606906e-07,1.6239006636263097e-07,1.6239535971216367e-07,1.6240065024947714e-07,1.6240593797790876e-07,1.6241122289942352e-07,1.6241650501639636e-07,1.6242178433118221e-07,1.6242706084614802e-07,1.624323345596473e-07,1.624376054760169e-07,1.6244287360810744e-07,1.624481389501736e-07,1.624534015032987e-07,1.624586612717705e-07,1.6246391825938228e-07,1.6246917246710282e-07,1.6247442389829914e-07,1.6247967255323114e-07,1.6248491843555367e-07,1.624901615478457e-07,1.6249540189229992e-07,1.6250063947153432e-07,1.625058742887082e-07,1.625111063454617e-07,1.6251633564321543e-07,1.6252156218531337e-07,1.6252678597416256e-07,1.6253200701216163e-07,1.6253722530171689e-07,1.625424408516011e-07,1.6254765365148273e-07,1.6255286370471846e-07,1.625580710230663e-07,1.625632756039655e-07,1.6256847745371528e-07,1.62573676571596e-07,1.6257887296019237e-07,1.6258406662133599e-07,1.6258925755755833e-07,1.6259444577149114e-07,1.625996312660735e-07,1.6260481404321518e-07,1.6260999410505504e-07,1.6261517145569366e-07,1.6262034609261267e-07,1.626255180259402e-07,1.6263068725113923e-07,1.6263585377749276e-07,1.6264101759837509e-07,1.6264617871876587e-07,1.6265133714287031e-07,1.6265649287111495e-07,1.6266164590035212e-07,1.6266679624666096e-07,1.6267194391117806e-07,1.6267708889070062e-07,1.626822311886457e-07,1.6268737080880844e-07,1.6269250774661544e-07,1.6269764201090194e-07,1.6270277360200495e-07,1.6270790252249235e-07,1.6271302877412017e-07,1.6271815235840932e-07,1.6272327328005557e-07,1.6272839154052665e-07,1.6273350714250728e-07,1.6273862008673203e-07,1.6274373037560518e-07,1.6274883801090305e-07,1.6275394299802287e-07,1.6275904533732975e-07,1.6276414502966276e-07,1.627692420855312e-07,1.6277433649507374e-07,1.6277942826586379e-07,1.6278451740092916e-07,1.6278960390143542e-07,1.627946877741875e-07,1.6279976901344475e-07,1.6280484762391336e-07,1.6280992361871304e-07,1.6281499698193325e-07,1.628200677323796e-07,1.628251358565573e-07,1.6283020136496542e-07,1.628352642586584e-07,1.6284032454183e-07,1.628453822133934e-07,1.6285043727813272e-07,1.6285548973803398e-07,1.6286053959584494e-07,1.628655868528209e-07,1.628706315122296e-07,1.6287567357526334e-07,1.628807130450884e-07,1.6288574992263899e-07,1.6289078421075237e-07,1.6289581591157392e-07,1.6290084501920232e-07,1.6290587155050476e-07,1.6291089550584263e-07,1.62915916879949e-07,1.6292093567789832e-07,1.62925951902041e-07,1.62930965554581e-07,1.6293597662730952e-07,1.629409851422148e-07,1.6294599109182782e-07,1.6295099447760706e-07,1.6295599529812264e-07,1.6296099356492762e-07,1.6296598927547784e-07,1.62970982441399e-07,1.6297597304356094e-07,1.6298096109702743e-07,1.629859466026231e-07,1.6299092956547275e-07,1.6299590998166928e-07,1.630008878547981e-07,1.6300586319433618e-07,1.6301083599365283e-07,1.6301580625204018e-07,1.630207739818385e-07,1.630257391815639e-07,1.6303070185270884e-07,1.6303566199769432e-07,1.6304061961886268e-07,1.6304557471706152e-07,1.6305052729525954e-07,1.6305547735544013e-07,1.6306042489992185e-07,1.630653699307316e-07,1.6307031244898078e-07,1.630752524578574e-07,1.630801899602491e-07,1.6308512495730052e-07,1.630900574518985e-07,1.6309498744511213e-07,1.6309991493945462e-07,1.6310483993696715e-07,1.6310976243979186e-07,1.6311468245e-07,1.6311959996973234e-07,1.631245150007147e-07,1.6312942754686524e-07,1.631343376074079e-07,1.6313924518738797e-07,1.6314415028600892e-07,1.6314905291010607e-07,1.6315395305256374e-07,1.6315885072637697e-07,1.6316374592545916e-07,1.6316863865487993e-07,1.6317352891667312e-07,1.6317841671204685e-07,1.6318330204473014e-07,1.6318818491250187e-07,1.6319306532441443e-07,1.631979432817624e-07,1.6320281877729356e-07,1.6320769182199617e-07,1.632125624169263e-07,1.6321743056301705e-07,1.632222962618395e-07,1.6322715951584947e-07,1.632320203264732e-07,1.6323687869660617e-07,1.632417346273386e-07,1.6324658812136602e-07,1.6325143918036798e-07,1.6325628780661327e-07,1.6326113400195975e-07,1.6326597776786612e-07,1.6327081910739233e-07,1.632756580173029e-07,1.6328049450929956e-07,1.632853285808309e-07,1.6329016023542283e-07,1.6329498947087744e-07,1.6329981629185492e-07,1.6330464070077342e-07,1.6330946269807943e-07,1.6331428228744624e-07,1.633190994700732e-07,1.6332391424362763e-07,1.633287266196904e-07,1.6333353659291415e-07,1.6333834416868117e-07,1.6334314934618334e-07,1.6334795212978575e-07,1.6335275251522697e-07,1.633575505175344e-07,1.6336234612864807e-07,1.6336713935346604e-07,1.6337193019337116e-07,1.6337671864980326e-07,1.6338150472566827e-07,1.6338628842214938e-07,1.6339106974182724e-07,1.633958486870724e-07,1.6340062525831848e-07,1.6340539945837174e-07,1.6341017128945156e-07,1.6341494075330817e-07,1.6341970785161996e-07,1.6342447258679985e-07,1.634292349605294e-07,1.6343399497483644e-07,1.63438752631824e-07,1.6344350793267677e-07,1.6344826088015314e-07,1.6345301147589041e-07,1.634577597218165e-07,1.6346250562032346e-07,1.6346724917245318e-07,1.6347199038183463e-07,1.6347672924815818e-07,1.634814657739772e-07,1.6348619996183433e-07,1.6349093181291897e-07,1.6349566133025562e-07,1.6350038851452257e-07,1.635051133685934e-07,1.6350983589383837e-07,1.6351455609232058e-07,1.6351927396508015e-07,1.6352398951558757e-07,1.6352870274473703e-07,1.635334136550732e-07,1.6353812224812722e-07,1.6354282852333733e-07,1.6354753248645197e-07,1.6355223413846785e-07,1.635569334809741e-07,1.6356163051571755e-07,1.6356632524379462e-07,1.635710176697577e-07,1.635757077920979e-07,1.6358039561421966e-07,1.6358508113673573e-07,1.635897643637781e-07,1.6359444529578798e-07,1.6359912393528632e-07,1.6360380028347734e-07,1.6360847434249718e-07,1.6361314611430273e-07,1.636178156006803e-07,1.6362248280334702e-07,1.6362714771884207e-07,1.6363181036070347e-07,1.6363647072385692e-07,1.636411288109672e-07,1.6364578462248247e-07,1.6365043816153277e-07,1.6365508943141087e-07,1.6365973843254804e-07,1.6366438516618013e-07,1.636690296338553e-07,1.6367367183815928e-07,1.6367831178098064e-07,1.6368294946488143e-07,1.636875848902606e-07,1.6369221806127e-07,1.6369684897713956e-07,1.6370147764152296e-07,1.6370610405419505e-07,1.6371072821744466e-07,1.6371535013430687e-07,1.637199698064708e-07,1.6372458723473493e-07,1.6372920242164928e-07,1.637338153692393e-07,1.6373842607903671e-07,1.6374303455153984e-07,1.6374764079036296e-07,1.6375224479725796e-07,1.637568465734222e-07,1.637614461200272e-07,1.6376604343997052e-07,1.6377063853431468e-07,1.6377523140557125e-07,1.6377982205491631e-07,1.6378441048446948e-07,1.6378899669544854e-07,1.6379358069025872e-07,1.637981624704512e-07,1.638027420377873e-07,1.63807319394405e-07,1.6381189454100007e-07,1.638164674807607e-07,1.6382103821417472e-07,1.6382560674286724e-07,1.6383017307005905e-07,1.638347371966128e-07,1.6383929912461545e-07,1.6384385885779774e-07,1.638484163942925e-07,1.638529717359152e-07,1.638575248878118e-07,1.6386207584752457e-07,1.638666246208046e-07,1.638711712013418e-07,1.6387571560314882e-07,1.638802578228699e-07,1.6388479785731473e-07,1.6388933571657597e-07,1.6389387139712746e-07,1.6389840490178747e-07,1.6390293623204202e-07,1.639074653928154e-07,1.6391199237923414e-07,1.6391651719760524e-07,1.63921039847982e-07,1.639255603327924e-07,1.6393007865362148e-07,1.6393459481598443e-07,1.6393910881411546e-07,1.639436206534649e-07,1.6394813033575288e-07,1.639526378634118e-07,1.6395714323670892e-07,1.6396164645880118e-07,1.6396614753024734e-07,1.6397064645285864e-07,1.639751432286518e-07,1.63979637859319e-07,1.639841303465552e-07,1.6398862069207168e-07,1.6399310889758967e-07,1.639975949648798e-07,1.6400207889537786e-07,1.6400656069074508e-07,1.6401104035185538e-07,1.6401551788266934e-07,1.640199932838857e-07,1.6402446655668973e-07,1.6402893770398153e-07,1.6403340672509378e-07,1.6403787362318484e-07,1.6404233839897196e-07,1.6404680105636563e-07,1.6405126159200222e-07,1.6405572001176054e-07,1.6406017631883774e-07,1.6406463051262478e-07,1.6406908259526833e-07,1.6407353256859076e-07,1.6407798043244524e-07,1.640824261904276e-07,1.6408686984406034e-07,1.6409131139384835e-07,1.6409575084195155e-07,1.6410018819018567e-07,1.6410462344037935e-07,1.641090565937572e-07,1.6411348765211664e-07,1.641179166140901e-07,1.6412234348740726e-07,1.64126768273197e-07,1.6413119096860145e-07,1.6413561157679574e-07,1.6414003009164845e-07,1.641444465305636e-07,1.6414886088868787e-07,1.6415327316336694e-07,1.641576833625731e-07,1.641620914841668e-07,1.6416649753041202e-07,1.6417090149949253e-07,1.6417530340113118e-07,1.641797032312816e-07,1.6418410099293265e-07,1.6418849668765974e-07,1.641928903158034e-07,1.6419728188112656e-07,1.6420167138307473e-07,1.6420605882383836e-07,1.6421044420547128e-07,1.642148275291847e-07,1.642192087933833e-07,1.6422358800493475e-07,1.6422796516530013e-07,1.6423234027567992e-07,1.6423671334170983e-07,1.6424108435487198e-07,1.642454533198468e-07,1.6424982023992334e-07,1.642541851167183e-07,1.6425854795189847e-07,1.642629087469306e-07,1.642672675027532e-07,1.6427162422226638e-07,1.6427597890612833e-07,1.6428033155620045e-07,1.6428468217623982e-07,1.6428903076544602e-07,1.642933773256076e-07,1.6429772185814327e-07,1.6430206436467906e-07,1.6430640484691981e-07,1.643107433056466e-07,1.643150797437954e-07,1.6431941416041787e-07,1.6432374655959117e-07,1.6432807694306504e-07,1.6433240530956588e-07,1.643367316639231e-07,1.64341056005469e-07,1.643453783396763e-07,1.6434969866290244e-07,1.643540169818848e-07,1.6435833329578318e-07,1.643626476045459e-07,1.6436695990974448e-07,1.6437127021304743e-07,1.6437557851610815e-07,1.6437988482074538e-07,1.6438418912998395e-07,1.6438849144392603e-07,1.6439279176452094e-07,1.643970900932193e-07,1.644013864310774e-07,1.6440568078019638e-07,1.644099731425721e-07,1.6441426351951186e-07,1.6441855191207978e-07,1.6442283832197055e-07,1.6442712275053786e-07,1.6443140520046685e-07,1.6443568567151642e-07,1.644399641660626e-07,1.6444424068381296e-07,1.6444851522971606e-07,1.644527878035949e-07,1.6445705840184564e-07,1.644613270361746e-07,1.644655937034028e-07,1.6446985840410891e-07,1.6447412114042664e-07,1.644783819136554e-07,1.6448264072158983e-07,1.6448689757401658e-07,1.6449115246757077e-07,1.6449540540402212e-07,1.644996563864304e-07,1.645039054127097e-07,1.6450815248706406e-07,1.6451239760968592e-07,1.6451664078333256e-07,1.6452088201118977e-07,1.6452512128919498e-07,1.645293586231377e-07,1.6453359401339495e-07,1.6453782746385729e-07,1.645420589705023e-07,1.6454628853906731e-07,1.6455051616833546e-07,1.645547418625936e-07,1.6455896562255012e-07,1.6456318744895815e-07,1.645674073436204e-07,1.6457162530793156e-07,1.6457584134324479e-07,1.6458005545341327e-07,1.6458426763514093e-07,1.645884778927044e-07,1.645926862261994e-07,1.6459689263912017e-07,1.6460109713188098e-07,1.6460529970602966e-07,1.6460950036272826e-07,1.6461369910361954e-07,1.6461789593223892e-07,1.6462209084625856e-07,1.646262838510357e-07,1.646304749436443e-07,1.6463466412763118e-07,1.6463885140443262e-07,1.6464303677573437e-07,1.6464722024508386e-07,1.6465140180738178e-07,1.646555814703964e-07,1.6465975923375065e-07,1.6466393509849453e-07,1.6466810906621725e-07,1.6467228113847133e-07,1.6467645131618856e-07,1.646806196038246e-07,1.6468478599775916e-07,1.646889505004349e-07,1.6469311311594123e-07,1.646972738450562e-07,1.6470143268683892e-07,1.6470558964555985e-07,1.6470974472334935e-07,1.6471389791740143e-07,1.6471804923200304e-07,1.6472219866804773e-07,1.647263462269571e-07,1.6473049191012338e-07,1.6473463571910498e-07,1.647387776551001e-07,1.6474291771926594e-07,1.647470559120847e-07,1.6475119223597438e-07,1.6475532669367066e-07,1.6475945928612304e-07,1.6476359001356799e-07,1.6476771887812043e-07,1.6477184588069876e-07,1.64775971023539e-07,1.6478009430745628e-07,1.6478421573385962e-07,1.647883350382726e-07,1.6479245296788444e-07,1.6479656894477815e-07,1.6480068302301538e-07,1.6480479522361643e-07,1.6480890555990585e-07,1.6481301403982834e-07,1.6481712066838348e-07,1.6482122544911544e-07,1.648253283821495e-07,1.6482942947425506e-07,1.648335287225359e-07,1.6483762613076588e-07,1.648417217000041e-07,1.6484581543271513e-07,1.6484990732971915e-07,1.6485399739251921e-07,1.6485808562260942e-07,1.6486217202286753e-07,1.6486625659185852e-07,1.6487033933210842e-07,1.6487442024449266e-07,1.6487849933084198e-07,1.648825766010339e-07,1.6488665203893884e-07,1.6489072565465776e-07,1.6489479745051043e-07,1.6489886742712718e-07,1.6490293558543914e-07,1.6490700192722972e-07,1.649110664525432e-07,1.6491512916493866e-07,1.6491919006484818e-07,1.6492324915469885e-07,1.6492730643356557e-07,1.6493136190310634e-07,1.649354155673355e-07,1.6493946742563352e-07,1.649435174789326e-07,1.6494756572999379e-07,1.6495161217943207e-07,1.64955656829407e-07,1.6495969967879578e-07,1.6496374073010336e-07,1.6496777998524074e-07,1.6497181744486057e-07,1.6497585311110913e-07,1.6497988698475362e-07,1.6498391906727876e-07,1.6498794936009403e-07,1.6499197786522141e-07,1.6499600458231942e-07,1.6500002951371636e-07,1.6500405266018173e-07,1.6500807402364595e-07,1.6501209360507334e-07,1.6501611140631152e-07,1.650201274277991e-07,1.6502414167319293e-07,1.6502815414042154e-07,1.6503216483234498e-07,1.6503617375171063e-07,1.6504018089670377e-07,1.6504418627018076e-07,1.6504818987511292e-07,1.6505219171108383e-07,1.6505619177805352e-07,1.6506019008010163e-07,1.6506418661697468e-07,1.650681813902298e-07,1.6507217440103458e-07,1.6507616565073238e-07,1.6508015514076097e-07,1.650841428720229e-07,1.6508812884438673e-07,1.6509211306083588e-07,1.650960955225426e-07,1.6510007623093707e-07,1.6510405518715586e-07,1.6510803239261815e-07,1.6511200784846727e-07,1.6511598155604917e-07,1.6511995351664597e-07,1.651239237315241e-07,1.6512789220196762e-07,1.6513185892924505e-07,1.6513582391463062e-07,1.65139787159388e-07,1.651437486647971e-07,1.6514770843211554e-07,1.651516664626176e-07,1.6515562275803764e-07,1.6515957731843016e-07,1.6516353014580153e-07,1.6516748124265015e-07,1.651714306060742e-07,1.6517537824177406e-07,1.6517932414974853e-07,1.6518326832990705e-07,1.6518721078355315e-07,1.6519115151502783e-07,1.6519509052421707e-07,1.651990278122143e-07,1.6520296337809518e-07,1.6520689722415438e-07,1.6521082935196408e-07,1.6521475976418986e-07,1.6521868846090308e-07,1.6522261544402256e-07,1.6522654071446634e-07,1.6523046427227217e-07,1.6523438611904885e-07,1.6523830625796315e-07,1.6524222468813246e-07,1.6524614141128792e-07,1.6525005642896252e-07,1.6525396974230876e-07,1.6525788135662676e-07,1.6526179126864478e-07,1.652656994763405e-07,1.6526960598903243e-07,1.6527351080389784e-07,1.652774139185788e-07,1.652813153366688e-07,1.652852150595476e-07,1.652891130891794e-07,1.652930094269569e-07,1.6529690407544459e-07,1.6530079703193006e-07,1.6530468830012227e-07,1.6530857788187746e-07,1.6531246577758388e-07,1.653163519882794e-07,1.6532023651629298e-07,1.6532411936085362e-07,1.6532800053156366e-07,1.6533188001608974e-07,1.6533575782130044e-07,1.6533963394905287e-07,1.6534350840146235e-07,1.6534738117559621e-07,1.6535125227750472e-07,1.653551217063594e-07,1.6535898946242068e-07,1.6536285555038372e-07,1.6536671996818583e-07,1.6537058271718798e-07,1.6537444380018657e-07,1.6537830321715892e-07,1.6538216096977688e-07,1.6538601705952824e-07,1.653898714872846e-07,1.6539372425635247e-07,1.6539757536391577e-07,1.6540142481504132e-07,1.6540527260898895e-07,1.6540911874423097e-07,1.6541296322404686e-07,1.654168060532337e-07,1.654206472313695e-07,1.6542448675546353e-07,1.6542832463081582e-07,1.6543216085724014e-07,1.6543599543591964e-07,1.6543982836801765e-07,1.6544365965473012e-07,1.6544748929728907e-07,1.6545131729644128e-07,1.654551436537218e-07,1.654589683703011e-07,1.6546279144734665e-07,1.6546661288628343e-07,1.6547043268801656e-07,1.6547425085348694e-07,1.654780673841584e-07,1.6548188228204203e-07,1.6548569554631148e-07,1.6548950717938085e-07,1.6549331718204625e-07,1.6549712555562915e-07,1.6550093230148683e-07,1.655047374206897e-07,1.655085409142967e-07,1.65512342783628e-07,1.6551614302881524e-07,1.655199416525229e-07,1.6552373865517246e-07,1.6552753403786102e-07,1.655313278021255e-07,1.6553511994864057e-07,1.6553891047852536e-07,1.655426993940055e-07,1.6554648669477754e-07,1.6555027238280167e-07,1.65554056459305e-07,1.6555783892480497e-07,1.6556161978094493e-07,1.6556539902820377e-07,1.6556917667209414e-07,1.655729527057573e-07,1.6557672713423084e-07,1.655804999604876e-07,1.65584271182626e-07,1.6558804080331736e-07,1.655918088205291e-07,1.655955752421538e-07,1.6559934006508158e-07,1.6560310329057556e-07,1.6560686492009647e-07,1.6561062495476222e-07,1.6561438339568692e-07,1.6561814024393895e-07,1.6562189550070353e-07,1.6562564916706484e-07,1.656294012441742e-07,1.656331517331488e-07,1.656369006350713e-07,1.6564064795109302e-07,1.6564439368251037e-07,1.6564813783011653e-07,1.656518803952291e-07,1.6565562137844433e-07,1.6565936078163803e-07,1.656630986056466e-07,1.6566683485152842e-07,1.6567056952043083e-07,1.6567430261343454e-07,1.656780341331825e-07,1.6568176407769074e-07,1.6568549245024105e-07,1.6568921925219802e-07,1.6569294448344862e-07,1.6569666814430352e-07,1.6570039023696646e-07,1.657041107624496e-07,1.657078297219249e-07,1.657115471165004e-07,1.657152629471911e-07,1.6571897721537147e-07,1.6572268992185594e-07,1.6572640106781447e-07,1.6573011065386297e-07,1.6573381867884574e-07,1.6573752514846587e-07,1.657412300633523e-07,1.6574493342319826e-07,1.657486352279041e-07,1.657523354810081e-07,1.6575603418745388e-07,1.6575973133745504e-07,1.6576342693851056e-07,1.6576712099021727e-07,1.6577081349430256e-07,1.6577450445158623e-07,1.6577819386386617e-07,1.6578188173191179e-07,1.657855680568471e-07,1.657892528394959e-07,1.657929360809813e-07,1.657966177825355e-07,1.658002979449657e-07,1.6580397657216137e-07,1.6580765366002367e-07,1.6581132921221498e-07,1.6581500322970815e-07,1.6581867571364987e-07,1.658223466701317e-07,1.6582601609066066e-07,1.6582968398013172e-07,1.6583335034020943e-07,1.6583701517200124e-07,1.658406784765723e-07,1.6584434025496743e-07,1.658480005078382e-07,1.6585165923313338e-07,1.6585531643866998e-07,1.6585897212321567e-07,1.6586262628667367e-07,1.658662789293976e-07,1.6586993005401264e-07,1.6587357966081434e-07,1.6587722775050735e-07,1.6588087432648802e-07,1.6588451938627295e-07,1.6588816293205908e-07,1.658918049656479e-07,1.6589544548770208e-07,1.6589908449933644e-07,1.6590272200158268e-07,1.6590635799547635e-07,1.659099924821934e-07,1.6591362546275218e-07,1.6591725693805873e-07,1.6592088690918333e-07,1.6592451537843e-07,1.6592814234548098e-07,1.6593176781128716e-07,1.659353917771613e-07,1.6593901424382313e-07,1.6594263521123127e-07,1.6594625467844278e-07,1.6594987265285108e-07,1.6595348913271561e-07,1.6595710411855408e-07,1.6596071761132355e-07,1.6596432961222405e-07,1.6596794012237224e-07,1.659715491394528e-07,1.6597515667017145e-07,1.6597876271305144e-07,1.6598236726956532e-07,1.6598597033857713e-07,1.6598957192498756e-07,1.659931720278586e-07,1.659967706480429e-07,1.6600036778642304e-07,1.6600396344476983e-07,1.6600755762300774e-07,1.6601115032262178e-07,1.6601474154499024e-07,1.660183312892553e-07,1.6602191955906162e-07,1.6602550635285629e-07,1.660290916749096e-07,1.660326755239537e-07,1.6603625790085628e-07,1.660398388046863e-07,1.660434182420438e-07,1.660469962129133e-07,1.6605057271648653e-07,1.6605414775399367e-07,1.660577213295485e-07,1.6606129343582968e-07,1.6606486408383435e-07,1.660684332622889e-07,1.6607200098312785e-07,1.6607556723943986e-07,1.6607913203617285e-07,1.6608269537431828e-07,1.6608625725514403e-07,1.660898176835487e-07,1.660933766556468e-07,1.6609693416935286e-07,1.6610049022940798e-07,1.6610404483670192e-07,1.6610759799271585e-07,1.661111497004385e-07,1.6611469995547264e-07,1.661182487606063e-07,1.6612179611762004e-07,1.661253420269027e-07,1.661288864939659e-07,1.6613242951592342e-07,1.6613597109350262e-07,1.66139511228321e-07,1.6614304992154556e-07,1.6614658717384146e-07,1.6615012298636373e-07,1.6615365735976358e-07,1.6615719029524831e-07,1.6616072179375367e-07,1.6616425185608486e-07,1.661677804840669e-07,1.6617130767881015e-07,1.6617483343911278e-07,1.6617835776794299e-07,1.6618188066462338e-07,1.6618540213146833e-07,1.6618892216876948e-07,1.6619244077641482e-07,1.6619595795825308e-07,1.6619947371495133e-07,1.6620298804526976e-07,1.6620650095123527e-07,1.662100124334457e-07,1.6621352249330388e-07,1.6621703113227e-07,1.6622053835039493e-07,1.662240441483302e-07,1.6622754852758233e-07,1.662310514892871e-07,1.6623455303404334e-07,1.6623805316387289e-07,1.662415518780289e-07,1.6624504917817445e-07,1.6624854506555078e-07,1.6625203954316436e-07,1.6625553260746085e-07,1.6625902426215936e-07,1.6626251450774405e-07,1.6626600334450368e-07,1.6626949077377468e-07,1.662729767967442e-07,1.6627646141395416e-07,1.662799446270188e-07,1.6628342643724626e-07,1.6628690684447013e-07,1.6629038585010835e-07,1.6629386345487993e-07,1.6629733965974622e-07,1.6630081446573293e-07,1.6630428787394743e-07,1.6630775988520614e-07,1.6631123050037328e-07,1.6631469972233528e-07,1.663181675482568e-07,1.6632163398185687e-07,1.6632509902234588e-07,1.6632856267145141e-07,1.6633202493011522e-07,1.6633548579879458e-07,1.6633894527763236e-07,1.663424033686779e-07,1.6634586007523656e-07,1.6634931539588465e-07,1.6635276933182745e-07,1.663562218834758e-07,1.6635967305192653e-07,1.6636312283854969e-07,1.6636657124373993e-07,1.6637001827001945e-07,1.6637346391544668e-07,1.6637690818250348e-07,1.6638035107203898e-07,1.6638379258662998e-07,1.6638723272401082e-07,1.6639067148738543e-07,1.66394108875869e-07,1.663975448915257e-07,1.6640097953489896e-07,1.6640441280714585e-07,1.6640784470942525e-07,1.6641127523510552e-07,1.6641470439970557e-07,1.6641813219681309e-07,1.6642155862974207e-07,1.664249836945861e-07,1.6642840739458837e-07,1.6643182973030816e-07,1.6643525070351312e-07,1.6643867031462278e-07,1.664420885645958e-07,1.6644550545420015e-07,1.6644892098361877e-07,1.6645233515560513e-07,1.6645574796993634e-07,1.6645915942835329e-07,1.6646256953028106e-07,1.6646597827734215e-07,1.6646938567034338e-07,1.6647279171025597e-07,1.664761963979907e-07,1.6647959973447412e-07,1.6648300172040565e-07,1.664864023568886e-07,1.664898016446015e-07,1.6649319958589202e-07,1.6649659617910499e-07,1.6649999142640508e-07,1.665033853286874e-07,1.6650677788688382e-07,1.665101691015621e-07,1.6651355897392003e-07,1.6651694750482568e-07,1.665203346968226e-07,1.665237205472389e-07,1.6652710505878541e-07,1.6653048823339105e-07,1.665338700695795e-07,1.665372505678502e-07,1.665406297326512e-07,1.6654400756241753e-07,1.6654738405893664e-07,1.665507592231362e-07,1.6655413305512364e-07,1.665575055561179e-07,1.6656087672666282e-07,1.6656424656828941e-07,1.6656761508161898e-07,1.6657098226680313e-07,1.6657434812573657e-07,1.6657771265893841e-07,1.665810758674088e-07,1.6658443775177914e-07,1.665877983128355e-07,1.665911575516585e-07,1.6659451547134366e-07,1.6659787206776598e-07,1.666012273428892e-07,1.6660458130138593e-07,1.6660793394233239e-07,1.6661128526571586e-07,1.6661463527260727e-07,1.666179839618974e-07,1.6662133133972043e-07,1.6662467740322288e-07,1.666280221533899e-07,1.6663136559185904e-07,1.666347077188286e-07,1.6663804853608586e-07,1.666413880437763e-07,1.6664472624312107e-07,1.6664806313733823e-07,1.6665139872135853e-07,1.6665473299985917e-07,1.666580659732782e-07,1.6666139764283278e-07,1.6666472800829794e-07,1.6666805707104377e-07,1.6667138483286377e-07,1.666747112930304e-07,1.666780364530316e-07,1.6668136031394013e-07,1.666846828764841e-07,1.6668800414131562e-07,1.666913241096777e-07,1.666946427826078e-07,1.6669796016031545e-07,1.6670127624407445e-07,1.6670459103415137e-07,1.6670790453139817e-07,1.667112167375891e-07,1.6671452765313572e-07,1.6671783727823766e-07,1.6672114560925221e-07,1.6672445265668307e-07,1.6672775841667388e-07,1.667310628910487e-07,1.667343660791314e-07,1.6673766798168943e-07,1.6674096860039973e-07,1.6674426793597441e-07,1.6674756598898039e-07,1.667508627604653e-07,1.6675415825108074e-07,1.6675745246144318e-07,1.6676074539269874e-07,1.6676403704586329e-07,1.6676732742155493e-07,1.6677061652528207e-07,1.6677390434830932e-07,1.6677719089511545e-07,1.6678047616733434e-07,1.6678376016634647e-07,1.6678704289430108e-07,1.6679032434913339e-07,1.6679360453293346e-07,1.6679688344808848e-07,1.6680016109391963e-07,1.6680343747125616e-07,1.668067125809291e-07,1.6680998642448969e-07,1.6681325900085276e-07,1.6681653031219161e-07,1.6681980035841661e-07,1.668230691368253e-07,1.6682633665753788e-07,1.6682960291523252e-07,1.668328679129052e-07,1.6683613164828876e-07,1.6683939413398494e-07,1.6684265535294804e-07,1.668459153141865e-07,1.6684917401879639e-07,1.6685243146674207e-07,1.6685568765909441e-07,1.6685894259892755e-07,1.6686219628435873e-07,1.6686544871425097e-07,1.6686869989248948e-07,1.6687194981926664e-07,1.668751984953597e-07,1.668784459215726e-07,1.6688169209870363e-07,1.6688493702754814e-07,1.668881807089452e-07,1.668914231436185e-07,1.6689466433244371e-07,1.6689790427613484e-07,1.6690114297551808e-07,1.6690438043139925e-07,1.6690761664457287e-07,1.669108516158237e-07,1.6691408534593535e-07,1.6691731783556811e-07,1.669205490864109e-07,1.6692377909807097e-07,1.6692700787546077e-07,1.6693023541196141e-07,1.6693346170994054e-07,1.669366867728055e-07,1.6693991060045404e-07,1.6694313319616165e-07,1.6694635455512838e-07,1.669495746836763e-07,1.669527935842678e-07,1.669560112552159e-07,1.6695922769405306e-07,1.6696244289747323e-07,1.6696565687356526e-07,1.6696886962492168e-07,1.6697208114448765e-07,1.6697529144301276e-07,1.669785005162716e-07,1.6698170836793947e-07,1.6698491499181866e-07,1.6698812039349334e-07,1.6699132457241078e-07,1.6699452753024239e-07,1.6699772926417753e-07,1.6700092978125632e-07,1.6700412907912304e-07,1.670073271579426e-07,1.6701052401931074e-07,1.670137196668009e-07,1.6701691409651586e-07,1.6702010730984617e-07,1.670232993087978e-07,1.6702649009185954e-07,1.6702967966308183e-07,1.670328680227132e-07,1.6703605517073066e-07,1.6703924110770465e-07,1.670424258350313e-07,1.6704560935320608e-07,1.6704879166609754e-07,1.6705197276814401e-07,1.6705515266360233e-07,1.6705833135243463e-07,1.6706150883701885e-07,1.6706468511594734e-07,1.6706786019103194e-07,1.670710340624895e-07,1.6707420673209278e-07,1.670773781997455e-07,1.6708054846691094e-07,1.6708371752934694e-07,1.6708688539703155e-07,1.6709005206509443e-07,1.6709321753537566e-07,1.6709638180967817e-07,1.6709954488817013e-07,1.6710270677010664e-07,1.6710586745757488e-07,1.6710902695051926e-07,1.6711218525075945e-07,1.671153423584071e-07,1.6711849827367987e-07,1.6712165299841138e-07,1.671248065328741e-07,1.671279588777965e-07,1.6713111003389748e-07,1.671342600019351e-07,1.671374087826113e-07,1.6714055637670565e-07,1.6714370278508202e-07,1.6714684800829167e-07,1.6714999204957235e-07,1.6715313491021906e-07,1.6715627658277546e-07,1.6715941707664565e-07,1.671625563842816e-07,1.6716569450918433e-07,1.6716883145727558e-07,1.6717196722571704e-07,1.6717510182002293e-07,1.6717823523299838e-07,1.6718136746903163e-07,1.6718449852841632e-07,1.6718762841228638e-07,1.6719075711825225e-07,1.6719388465379565e-07,1.6719701101611282e-07,1.6720013620534234e-07,1.6720326022320915e-07,1.6720638306928638e-07,1.6720950474570525e-07,1.6721262525259906e-07,1.6721574459060294e-07,1.672188627602416e-07,1.6722197976252944e-07,1.6722509559759534e-07,1.6722821026565766e-07,1.6723132376998035e-07,1.6723443610975643e-07,1.6723754728486113e-07,1.6724065729771435e-07,1.672437661482386e-07,1.6724687383715292e-07,1.6724998036492244e-07,1.6725308573172038e-07,1.6725618993879893e-07,1.6725929298801243e-07,1.6726239488468497e-07,1.6726549561810663e-07,1.672685951957363e-07,1.672716936174573e-07,1.6727479088401231e-07,1.6727788699532892e-07,1.6728098195325928e-07,1.6728407575829535e-07,1.67287168411589e-07,1.6729025991023264e-07,1.6729335026376983e-07,1.6729643946371776e-07,1.6729952751463313e-07,1.6730261441694575e-07,1.6730570017101783e-07,1.673087847780072e-07,1.6731186823771713e-07,1.6731495054879105e-07,1.6731803171811392e-07,1.6732111174269837e-07,1.673241906237436e-07,1.67327268361576e-07,1.6733034495723782e-07,1.673334204112627e-07,1.673364947244418e-07,1.6733956789545063e-07,1.6734263992858364e-07,1.6734571082306231e-07,1.6734878057941466e-07,1.6735184919838643e-07,1.6735491668008648e-07,1.6735798302720064e-07,1.6736104823933872e-07,1.673641123159483e-07,1.673671752582175e-07,1.6737023706567362e-07,1.6737329774227823e-07,1.673763572869632e-07,1.6737941570062487e-07,1.673824729849826e-07,1.673855291379585e-07,1.6738858416237827e-07,1.6739163805879142e-07,1.673946908270888e-07,1.6739774247425676e-07,1.674007929945587e-07,1.6740384238419158e-07,1.674068906481784e-07,1.6740993778969583e-07,1.6741298380666503e-07,1.6741602870067666e-07,1.6741907247282718e-07,1.6742211512523318e-07,1.6742515665517052e-07,1.6742819705858472e-07,1.6743123634222275e-07,1.674342745115779e-07,1.6743731156573003e-07,1.6744034750246358e-07,1.674433823251691e-07,1.674464160332622e-07,1.6744944862853878e-07,1.6745248010255716e-07,1.6745551046265833e-07,1.674585397107775e-07,1.6746156784380547e-07,1.674645948637391e-07,1.6746762077505367e-07,1.6747064556988648e-07,1.6747366925364632e-07,1.6747669183559872e-07,1.6747971330965945e-07,1.6748273367514535e-07,1.6748575293389945e-07,1.6748877108595782e-07,1.6749178813247556e-07,1.6749480407468878e-07,1.6749781891125968e-07,1.6750083264455688e-07,1.675038452747017e-07,1.6750685680830538e-07,1.6750986723379456e-07,1.6751287655739374e-07,1.6751588478237445e-07,1.6751889190706702e-07,1.6752189793270107e-07,1.6752490285993644e-07,1.6752790668904586e-07,1.6753090942118198e-07,1.675339110569522e-07,1.6753691159799006e-07,1.6753991104330675e-07,1.675429093943811e-07,1.6754590665172167e-07,1.6754890281821662e-07,1.6755189789086615e-07,1.6755489187068388e-07,1.675578847588547e-07,1.6756087655714572e-07,1.6756386727538428e-07,1.6756685689720376e-07,1.6756984542829896e-07,1.6757283287176728e-07,1.675758192254047e-07,1.6757880449532366e-07,1.6758178867985413e-07,1.6758477177138644e-07,1.675877537863516e-07,1.6759073472071653e-07,1.675937145691444e-07,1.6759669333510806e-07,1.6759967102205644e-07,1.6760264762416927e-07,1.676056231504274e-07,1.6760859759568743e-07,1.6761157095858055e-07,1.676145432429097e-07,1.676175144489461e-07,1.676204845780393e-07,1.6762345363058312e-07,1.676264216071584e-07,1.676293885084955e-07,1.6763235433532874e-07,1.6763531908777143e-07,1.6763828276623919e-07,1.6764124537272425e-07,1.6764420690719857e-07,1.6764716737018033e-07,1.6765012676237592e-07,1.6765308508443663e-07,1.6765604233700108e-07,1.6765899852071665e-07,1.6766195363616494e-07,1.6766490768410967e-07,1.6766786066495955e-07,1.6767081257956871e-07,1.6767376342862317e-07,1.6767671321274484e-07,1.676796619304947e-07,1.6768260958514226e-07,1.6768555617889006e-07,1.676885017107871e-07,1.6769144617959906e-07,1.676943895872909e-07,1.676973319344123e-07,1.6770027321960003e-07,1.6770321345007623e-07,1.677061526234979e-07,1.6770909073459612e-07,1.677120277985742e-07,1.6771496379571706e-07,1.6771789874053006e-07,1.6772083262619316e-07,1.6772376545726856e-07,1.6772669723378392e-07,1.6772962795690472e-07,1.6773255762724374e-07,1.67735486244871e-07,1.677384138113034e-07,1.677413403265095e-07,1.6774426579132495e-07,1.6774719020284433e-07,1.6775011356875178e-07,1.6775303588215808e-07,1.677559571440354e-07,1.677588773655275e-07,1.6776179653974876e-07,1.6776471466839723e-07,1.6776763175256168e-07,1.677705477920233e-07,1.67773462787082e-07,1.6777637673776945e-07,1.67779289646576e-07,1.677822015077663e-07,1.6778511233269826e-07,1.677880221166794e-07,1.6779093086150126e-07,1.677938385649314e-07,1.6779674523005593e-07,1.6779965085819132e-07,1.678025554460352e-07,1.678054589945607e-07,1.67808361508356e-07,1.6781126298547671e-07,1.678141634277817e-07,1.678170628353806e-07,1.6781996120865888e-07,1.678228585480446e-07,1.6782575485418581e-07,1.67828650128331e-07,1.6783154437071377e-07,1.678344375840324e-07,1.6783732976464067e-07,1.6784022091616159e-07,1.6784311103667447e-07,1.6784600012906697e-07,1.6784888819298235e-07,1.678517752299483e-07,1.6785466123944327e-07,1.678575462232409e-07,1.6786043018274216e-07,1.6786331311703322e-07,1.678661950242659e-07,1.6786907590734647e-07,1.6787195576532466e-07,1.678748346030923e-07,1.6787771241989475e-07,1.678805892151711e-07,1.6788346498898724e-07,1.6788633974310247e-07,1.6788921347767868e-07,1.678920861930916e-07,1.6789495789008404e-07,1.6789782857231724e-07,1.679006982343228e-07,1.679035668796962e-07,1.6790643450997838e-07,1.6790930112399e-07,1.6791216672273642e-07,1.6791503130769384e-07,1.6791789487887527e-07,1.6792075743717719e-07,1.6792361898304813e-07,1.67926479515955e-07,1.6792933903890412e-07,1.6793219755020092e-07,1.67935055052317e-07,1.6793791154496835e-07,1.679407670265043e-07,1.679436215018785e-07,1.6794647497024716e-07,1.6794932743063895e-07,1.6795217888493627e-07,1.6795502933517334e-07,1.679578787785744e-07,1.679607272169894e-07,1.6796357465125758e-07,1.6796642108081258e-07,1.6796926650858267e-07,1.6797211093536596e-07,1.6797495435902334e-07,1.6797779678153877e-07,1.6798063820294087e-07,1.6798347862526476e-07,1.679863180472442e-07,1.6798915647087993e-07,1.6799199389522075e-07,1.6799483032261606e-07,1.6799766575422574e-07,1.6800050018790972e-07,1.680033336261986e-07,1.6800616606937488e-07,1.6800899751717028e-07,1.6801182797057238e-07,1.680146574309258e-07,1.68017485899723e-07,1.6802031337566945e-07,1.6802313985838522e-07,1.680259653503477e-07,1.6802878985187832e-07,1.6803161336497305e-07,1.6803443588618148e-07,1.6803725741804005e-07,1.6804007796225302e-07,1.680428975187824e-07,1.6804571608797e-07,1.6804853367073516e-07,1.6805135026744666e-07,1.6805416587811288e-07,1.6805698050408756e-07,1.6805979414528341e-07,1.6806260680350134e-07,1.6806541847864243e-07,1.680682291711616e-07,1.6807103888149978e-07,1.6807384761386924e-07,1.6807665536201108e-07,1.6807946213055074e-07,1.680822679185002e-07,1.6808507272617837e-07,1.6808787655579326e-07,1.6809067941217141e-07,1.6809348128563205e-07,1.6809628218518858e-07,1.6809908210656853e-07,1.6810188105315743e-07,1.6810467902356772e-07,1.681074760194162e-07,1.6811027204250485e-07,1.681130670916348e-07,1.681158611658135e-07,1.6811865426867564e-07,1.6812144639873507e-07,1.6812423755814743e-07,1.6812702774654906e-07,1.6812981696463376e-07,1.6813260520927813e-07,1.6813539248827662e-07,1.6813817880030516e-07,1.6814096414387958e-07,1.6814374852323688e-07,1.6814653193427347e-07,1.6814931437922584e-07,1.6815209585855922e-07,1.681548763718927e-07,1.6815765591937722e-07,1.6816043450258817e-07,1.681632121237992e-07,1.6816598878464705e-07,1.6816876448070943e-07,1.68171539216333e-07,1.6817431298898172e-07,1.6817708580036035e-07,1.681798576506299e-07,1.6818262854305402e-07,1.6818539847673712e-07,1.681881674522666e-07,1.6819093547018556e-07,1.6819370253008792e-07,1.6819646863393532e-07,1.68199233781646e-07,1.6820199797351985e-07,1.6820476121028207e-07,1.6820752349198382e-07,1.682102848197408e-07,1.6821304519454005e-07,1.6821580461642487e-07,1.6821856308608307e-07,1.682213206037296e-07,1.6822407716993437e-07,1.6822683278674756e-07,1.6822958745241991e-07,1.682323411685249e-07,1.6823509393553541e-07,1.6823784575326944e-07,1.6824059662358774e-07,1.6824334654649315e-07,1.6824609552258691e-07,1.6824884355225844e-07,1.6825159063618854e-07,1.6825433677497545e-07,1.6825708196479422e-07,1.6825982621446186e-07,1.6826256952056167e-07,1.6826531188360478e-07,1.682680533036119e-07,1.6827079378149568e-07,1.6827353331853724e-07,1.682762719143663e-07,1.6827900956948969e-07,1.6828174628529208e-07,1.682844820612289e-07,1.682872168992267e-07,1.6828995080093054e-07,1.6829268376471826e-07,1.6829541578926314e-07,1.6829814687658123e-07,1.683008770277694e-07,1.68303606243634e-07,1.6830633452691756e-07,1.6830906187293705e-07,1.6831178828815905e-07,1.683145137671523e-07,1.6831723831566912e-07,1.6831996192937604e-07,1.6832268461151817e-07,1.6832540636185796e-07,1.6832812718149736e-07,1.683308470711215e-07,1.6833356603097556e-07,1.683362840619327e-07,1.6833900116675978e-07,1.6834171734077003e-07,1.6834443259079166e-07,1.6834714691064705e-07,1.68349860303785e-07,1.6835257277067661e-07,1.6835528431232757e-07,1.6835799492790258e-07,1.683607046201391e-07,1.683634133882671e-07,1.6836612123348254e-07,1.6836882815439084e-07,1.6837153415412185e-07,1.6837423923214904e-07,1.683769433885458e-07,1.6837964662421451e-07,1.6838234893969705e-07,1.6838505033581365e-07,1.6838775081579303e-07,1.6839045037397492e-07,1.683931490139576e-07,1.6839584673631554e-07,1.6839854353959861e-07,1.6840123942822436e-07,1.684039344006888e-07,1.684066284533897e-07,1.6840932159545499e-07,1.684120138229655e-07,1.6841470513690933e-07,1.6841739553658316e-07,1.6842008502386485e-07,1.6842277359865355e-07,1.6842546126256915e-07,1.6842814801353012e-07,1.6843083385693046e-07,1.6843351878802623e-07,1.6843620281140405e-07,1.6843888592238507e-07,1.684415681264896e-07,1.6844424941634647e-07,1.6844692980243865e-07,1.6844960928204647e-07,1.684522878535785e-07,1.6845496551932401e-07,1.6845764228363934e-07,1.684603181395035e-07,1.684629930904937e-07,1.684656671357665e-07,1.6846834027770384e-07,1.6847101251502898e-07,1.684736838512469e-07,1.6847635428399108e-07,1.6847902381738067e-07,1.6848169244858868e-07,1.6848436017929363e-07,1.684870270138832e-07,1.6848969294524834e-07,1.684923579781547e-07,1.6849502211118753e-07,1.684976853458901e-07,1.6850034768423737e-07,1.6850300912417933e-07,1.6850566966754124e-07,1.6850832931294796e-07,1.6851098806457086e-07,1.6851364592445412e-07,1.6851630288722888e-07,1.6851895895498325e-07,1.6852161413078168e-07,1.6852426841404755e-07,1.685269218025802e-07,1.6852957429806108e-07,1.6853222590364404e-07,1.6853487661982514e-07,1.6853752644546648e-07,1.6854017537909894e-07,1.685428234225142e-07,1.6854547057759933e-07,1.6854811684521548e-07,1.6855076222287588e-07,1.6855340671485478e-07,1.685560503183875e-07,1.6855869303570749e-07,1.685613348656967e-07,1.6856397581114836e-07,1.6856661587303944e-07,1.6856925505130492e-07,1.6857189334284854e-07,1.685745307503972e-07,1.6857716727429175e-07,1.6857980291708102e-07,1.685824376762302e-07,1.6858507155532194e-07,1.6858770455341272e-07,1.68590336669927e-07,1.6859296790689435e-07,1.6859559826439144e-07,1.6859822774139496e-07,1.6860085633964025e-07,1.6860348406168258e-07,1.6860611090444973e-07,1.6860873687012478e-07,1.68611361959677e-07,1.6861398617214685e-07,1.686166095088366e-07,1.686192319702777e-07,1.6862185355704032e-07,1.6862447426956338e-07,1.6862709410865367e-07,1.6862971307312527e-07,1.6863233116541996e-07,1.6863494838604e-07,1.6863756473419774e-07,1.6864018020989677e-07,1.6864279481485814e-07,1.6864540855090037e-07,1.6864802141617388e-07,1.6865063341198763e-07,1.6865324454088102e-07,1.6865585480006317e-07,1.6865846419153047e-07,1.6866107271468847e-07,1.6866368037046686e-07,1.6866628715961787e-07,1.686688930827448e-07,1.6867149813959717e-07,1.6867410233328445e-07,1.6867670566155837e-07,1.6867930812706318e-07,1.6868190972741587e-07,1.6868451046412742e-07,1.686871103380171e-07,1.686897093489624e-07,1.6869230749907477e-07,1.686949047881048e-07,1.686975012170076e-07,1.6870009678429854e-07,1.6870269149177914e-07,1.687052853397251e-07,1.6870787832833005e-07,1.6871047045892827e-07,1.6871306173224695e-07,1.6871565214806255e-07,1.6871824170703258e-07,1.6872083040929208e-07,1.6872341825527612e-07,1.6872600524572954e-07,1.6872859137805232e-07,1.6873117665808614e-07,1.6873376108419075e-07,1.6873634465470386e-07,1.6873892737356412e-07,1.6874150924046247e-07,1.6874409025447218e-07,1.6874667041398792e-07,1.687492497251135e-07,1.687518281836872e-07,1.6875440579385928e-07,1.687569825533349e-07,1.6875955846377523e-07,1.687621335252009e-07,1.6876470773731038e-07,1.687672811012734e-07,1.6876985361940107e-07,1.687724252904231e-07,1.687749961128694e-07,1.6877756609073686e-07,1.6878013522179065e-07,1.6878270350723707e-07,1.6878527094617724e-07,1.6878783754194524e-07,1.6879040329311297e-07,1.6879296820169764e-07,1.6879553226787046e-07,1.6879809549113048e-07,1.68800657872211e-07,1.6880321941165437e-07,1.6880578010967526e-07,1.6880833996735943e-07,1.6881089898416275e-07,1.6881345716219146e-07,1.688160145009869e-07,1.6881857100119128e-07,1.6882112666302677e-07,1.688236814863947e-07,1.688262354715234e-07,1.6882878861870956e-07,1.688313409293529e-07,1.6883389240394045e-07,1.6883644304367324e-07,1.6883899284878193e-07,1.688415418188255e-07,1.6884408995363107e-07,1.688466372567645e-07,1.688491837271436e-07,1.6885172935795406e-07,1.6885427416063792e-07,1.6885681813097082e-07,1.6885936127164548e-07,1.6886190358342614e-07,1.6886444506275667e-07,1.6886698571158624e-07,1.6886952553094548e-07,1.688720645186212e-07,1.6887460267996527e-07,1.6887714001109003e-07,1.688796765160818e-07,1.6888221219134092e-07,1.6888474704154046e-07,1.6888728106557876e-07,1.6888981426134594e-07,1.6889234663367214e-07,1.6889487817950318e-07,1.6889740889963764e-07,1.6889993879682197e-07,1.6890246787153987e-07,1.6890499612163912e-07,1.6890752354819664e-07,1.6891005015135123e-07,1.6891257593336256e-07,1.6891510089470395e-07,1.6891762503398973e-07,1.6892014835325206e-07,1.6892267085281107e-07,1.6892519253262138e-07,1.6892771339256283e-07,1.689302334316286e-07,1.6893275265336844e-07,1.6893527105682456e-07,1.6893778863708582e-07,1.6894030540576764e-07,1.6894282135861934e-07,1.689453364955257e-07,1.689478508148361e-07,1.6895036431867615e-07,1.6895287700942967e-07,1.6895538888663878e-07,1.6895789994702363e-07,1.6896041019624147e-07,1.6896291963124919e-07,1.6896542825345295e-07,1.6896793606141247e-07,1.6897044305800058e-07,1.6897294924387414e-07,1.689754546186315e-07,1.6897795918290758e-07,1.6898046293627168e-07,1.6898296588205263e-07,1.6898546801726023e-07,1.689879693424923e-07,1.689904698593522e-07,1.6899296957175415e-07,1.689954684749147e-07,1.6899796656931167e-07,1.6900046385818144e-07,1.6900296033633948e-07,1.6900545601244544e-07,1.6900795088329192e-07,1.6901044494898964e-07,1.690129382084759e-07,1.6901543066674085e-07,1.6901792232006677e-07,1.6902041317133343e-07,1.6902290322209896e-07,1.6902539246745677e-07,1.6902788091180628e-07,1.690303685538673e-07,1.690328553959138e-07,1.690353414352924e-07,1.6903782667552197e-07,1.6904031111617695e-07,1.6904279476246537e-07,1.6904527760223398e-07,1.6904775964622676e-07,1.6905024089302482e-07,1.6905272134173911e-07,1.690552009932758e-07,1.6905767984804182e-07,1.6906015790736945e-07,1.690626351703144e-07,1.6906511163750624e-07,1.6906758730957185e-07,1.6907006218718465e-07,1.6907253627153383e-07,1.6907500956158785e-07,1.690774820577789e-07,1.6907995376177568e-07,1.6908242467595903e-07,1.6908489479590593e-07,1.690873641210809e-07,1.6908983265744181e-07,1.6909230040561517e-07,1.6909476736200277e-07,1.6909723352860536e-07,1.6909969890487038e-07,1.6910216349217716e-07,1.6910462729088922e-07,1.6910709030247866e-07,1.6910955252666177e-07,1.6911201396171637e-07,1.6911447461046005e-07,1.691169344729956e-07,1.6911939354715977e-07,1.691218518368517e-07,1.6912430934160421e-07,1.6912676606279074e-07,1.6912922199826905e-07,1.691316771503402e-07,1.6913413151810354e-07,1.6913658510437494e-07,1.691390379062332e-07,1.6914148992531472e-07,1.6914394116366034e-07,1.6914639162270637e-07,1.6914884129957296e-07,1.6915129019398653e-07,1.6915373830772774e-07,1.6915618564192351e-07,1.691586321972711e-07,1.691610779736883e-07,1.691635229714605e-07,1.6916596719266353e-07,1.691684106334214e-07,1.6917085329877822e-07,1.6917329518418254e-07,1.6917573629721653e-07,1.69178176631492e-07,1.691806161901677e-07,1.6918305497300175e-07,1.691854929808232e-07,1.6918793021585934e-07,1.6919036667629943e-07,1.6919280236293246e-07,1.6919523727662504e-07,1.6919767141423516e-07,1.692001047845886e-07,1.692025373794826e-07,1.692049692042019e-07,1.6920740025670997e-07,1.6920983053947262e-07,1.6921226005324482e-07,1.692146887958732e-07,1.6921711676825322e-07,1.6921954397215841e-07,1.692219704076918e-07,1.6922439607624108e-07,1.6922682097500834e-07,1.6922924510644425e-07,1.692316684669733e-07,1.6923409106268624e-07,1.692365128929071e-07,1.6923893395806427e-07,1.6924135425792096e-07,1.692437737914124e-07,1.6924619256155766e-07,1.6924861056979062e-07,1.69251027809136e-07,1.6925344428715736e-07,1.692558600014522e-07,1.6925827495549473e-07,1.6926068914392507e-07,1.692631025734554e-07,1.692655152394062e-07,1.6926792714166682e-07,1.6927033828693415e-07,1.6927274867136816e-07,1.6927515829597777e-07,1.692775671622263e-07,1.6927997526859762e-07,1.6928238261549043e-07,1.692847892043772e-07,1.6928719503535036e-07,1.692896001103543e-07,1.6929200442604637e-07,1.692944079847643e-07,1.692968107883215e-07,1.692992128368066e-07,1.6930161412766173e-07,1.693040146620073e-07,1.6930641444530437e-07,1.6930881347435643e-07,1.6931121174973927e-07,1.6931360927249258e-07,1.6931600604258096e-07,1.6931840205914517e-07,1.6932079732271597e-07,1.6932319183462216e-07,1.693255855940438e-07,1.6932797860336387e-07,1.693303708626388e-07,1.6933276237069633e-07,1.6933515312803364e-07,1.6933754313649665e-07,1.6933993239596882e-07,1.6934232090564062e-07,1.6934470866799973e-07,1.693470956838511e-07,1.6934948195186321e-07,1.6935186747153756e-07,1.6935425224351195e-07,1.6935663627006494e-07,1.6935901955178497e-07,1.6936140208628948e-07,1.6936378387585895e-07,1.693661649205236e-07,1.693685452207735e-07,1.6937092477711078e-07,1.693733035899082e-07,1.6937568165684996e-07,1.693780589832103e-07,1.6938043556708227e-07,1.6938281140882048e-07,1.693851865080018e-07,1.6938756086660735e-07,1.6938993448432193e-07,1.6939230736144144e-07,1.693946794983954e-07,1.6939705089464317e-07,1.6939942155211845e-07,1.6940179147246808e-07,1.6940416065259171e-07,1.69406529094395e-07,1.694088967959887e-07,1.694112637626413e-07,1.6941362998877273e-07,1.694159954832387e-07,1.694183602398396e-07,1.6942072425824803e-07,1.6942308754326323e-07,1.6942545009191249e-07,1.6942781190709595e-07,1.6943017298631475e-07,1.6943253333262812e-07,1.694348929483865e-07,1.6943725182775733e-07,1.6943960997421484e-07,1.694419673865385e-07,1.6944432406738581e-07,1.694466800151686e-07,1.6944903523299957e-07,1.6945138971978306e-07,1.694537434759092e-07,1.6945609650275364e-07,1.6945844879731176e-07,1.6946080036402151e-07,1.694631512015337e-07,1.694655013088933e-07,1.6946785068954997e-07,1.6947019934318654e-07,1.694725472687079e-07,1.6947489446646905e-07,1.6947724093876135e-07,1.6947958668404707e-07,1.6948193170324145e-07,1.694842759964652e-07,1.6948661956596982e-07,1.694889624089415e-07,1.6949130452440337e-07,1.694936459188135e-07,1.6949598658915845e-07,1.6949832653651656e-07,1.6950066576194344e-07,1.6950300426419984e-07,1.695053420430498e-07,1.6950767910378108e-07,1.6951001543925275e-07,1.6951235105078713e-07,1.6951468594429392e-07,1.6951702011635876e-07,1.695193535674666e-07,1.6952168629843342e-07,1.6952401830983824e-07,1.6952634960443117e-07,1.6952868017994435e-07,1.69531010039111e-07,1.6953333917890162e-07,1.6953566760060163e-07,1.695379953051619e-07,1.6954032229339368e-07,1.6954264856536182e-07,1.695449741219188e-07,1.6954729896266644e-07,1.6954962308784167e-07,1.6955194649821268e-07,1.6955426919413247e-07,1.6955659117605668e-07,1.695589124420735e-07,1.6956123299612084e-07,1.6956355283869516e-07,1.695658719669679e-07,1.695681903854061e-07,1.6957050808936927e-07,1.6957282508178697e-07,1.6957514136326283e-07,1.6957745693494345e-07,1.69579771798595e-07,1.6958208594922973e-07,1.6958439938826228e-07,1.6958671212000086e-07,1.6958902414075428e-07,1.6959133545335657e-07,1.6959364605749187e-07,1.695959559539185e-07,1.6959826514259984e-07,1.6960057362395192e-07,1.6960288139913347e-07,1.6960518846654724e-07,1.696074948289925e-07,1.6960980048438287e-07,1.696121054353204e-07,1.6961440968034271e-07,1.6961671322054194e-07,1.6961901605641103e-07,1.696213181888806e-07,1.6962361961799217e-07,1.6962592034355568e-07,1.6962822036644355e-07,1.6963051968807622e-07,1.6963281830596765e-07,1.6963511622202506e-07,1.6963741343666805e-07,1.6963970995003864e-07,1.696420057606922e-07,1.6964430087287585e-07,1.6964659528524832e-07,1.6964888899719498e-07,1.6965118200846518e-07,1.696534743267564e-07,1.696557659423807e-07,1.696580568598822e-07,1.6966034707933262e-07,1.6966263660122823e-07,1.6966492542585013e-07,1.6966721355311928e-07,1.696695009840488e-07,1.6967178771921552e-07,1.6967407375868078e-07,1.6967635910358942e-07,1.6967864375245306e-07,1.696809277065942e-07,1.6968321096650162e-07,1.6968549353289687e-07,1.6968777540635708e-07,1.6969005658529736e-07,1.6969233707129231e-07,1.6969461686469909e-07,1.6969689596396884e-07,1.6969917437317128e-07,1.6970145209082712e-07,1.6970372911735932e-07,1.697060054536143e-07,1.69708281099077e-07,1.6971055605414667e-07,1.6971283031896127e-07,1.6971510389607037e-07,1.697173767827317e-07,1.6971964897892408e-07,1.697219204885081e-07,1.6972419131011983e-07,1.6972646144509797e-07,1.6972873089168185e-07,1.6973099965127206e-07,1.6973326772421348e-07,1.6973553511086328e-07,1.6973780181156016e-07,1.6974006782656012e-07,1.697423331548327e-07,1.6974459779721657e-07,1.6974686175749187e-07,1.6974912503296101e-07,1.6975138762526463e-07,1.6975364953440965e-07,1.697559107600119e-07,1.6975817130267745e-07,1.697604311628377e-07,1.6976269034093534e-07,1.6976494883722267e-07,1.6976720665212153e-07,1.6976946378591635e-07,1.6977172023889567e-07,1.6977397601141794e-07,1.6977623110395957e-07,1.6977848551699872e-07,1.697807392504181e-07,1.6978299230470798e-07,1.6978524468038064e-07,1.6978749637768874e-07,1.697897473969788e-07,1.6979199773858118e-07,1.6979424740221538e-07,1.6979649638949811e-07,1.6979874470117014e-07,1.6980099233548394e-07,1.6980323929404349e-07,1.6980548557675195e-07,1.6980773118415953e-07,1.6980997611662434e-07,1.6981222037437365e-07,1.698144639579137e-07,1.6981670686756347e-07,1.6981894910363212e-07,1.6982119066643962e-07,1.6982343155623118e-07,1.6982567177348333e-07,1.6982791131854431e-07,1.698301501917121e-07,1.6983238839324835e-07,1.698346259230884e-07,1.6983686278257672e-07,1.6983909897144316e-07,1.6984133449016072e-07,1.6984356933898237e-07,1.6984580351826367e-07,1.6984803702823066e-07,1.6985026986939927e-07,1.6985250204214187e-07,1.6985473354335964e-07,1.6985696437984953e-07,1.6985919454892643e-07,1.6986142405080415e-07,1.6986365288582613e-07,1.6986588105430449e-07,1.6986810855682042e-07,1.6987033539323205e-07,1.6987256156412262e-07,1.6987478706982617e-07,1.6987701191066994e-07,1.6987923608696875e-07,1.6988145959715456e-07,1.698836824453879e-07,1.6988590463011282e-07,1.6988812615162133e-07,1.6989034701018622e-07,1.698925672062433e-07,1.698947867400812e-07,1.698970056121075e-07,1.6989922382259175e-07,1.699014413717874e-07,1.6990365826015538e-07,1.6990587448795962e-07,1.6990809005549498e-07,1.6991030496319368e-07,1.6991251921131304e-07,1.699147328002108e-07,1.6991694573018902e-07,1.6991915800178548e-07,1.6992136961492842e-07,1.6992358057009928e-07,1.6992579086766046e-07,1.6992800050799836e-07,1.6993020949140334e-07,1.6993241781821484e-07,1.6993462548873402e-07,1.6993683250322023e-07,1.6993903886214923e-07,1.6994124456576542e-07,1.6994344961436204e-07,1.6994565400834128e-07,1.6994785774794567e-07,1.6995006083359426e-07,1.6995226326556313e-07,1.699544650441707e-07,1.6995666616968534e-07,1.6995886664255108e-07,1.699610664630452e-07,1.6996326563142625e-07,1.6996546414812638e-07,1.6996766201335874e-07,1.699698592274786e-07,1.699720557908622e-07,1.6997425170377153e-07,1.6997644696665927e-07,1.69978641579724e-07,1.699808355432985e-07,1.6998302885776776e-07,1.699852215233941e-07,1.6998741354052064e-07,1.699896049094131e-07,1.6999179563039567e-07,1.6999398570393407e-07,1.6999617513019564e-07,1.6999836390960367e-07,1.7000055204243146e-07,1.7000273952897745e-07,1.7000492636959514e-07,1.7000711256454537e-07,1.7000929811429483e-07,1.7001148301890967e-07,1.7001366727890544e-07,1.7001585089456038e-07,1.7001803386612342e-07,1.7002021619401173e-07,1.700223978785158e-07,1.7002457891991724e-07,1.7002675931859804e-07,1.7002893907483185e-07,1.7003111818892276e-07,1.700332966612137e-07,1.7003547449202982e-07,1.7003765168134143e-07,1.7003982823012315e-07,1.700420041383632e-07,1.7004417940643997e-07,1.7004635403456543e-07,1.7004852802314335e-07,1.7005070137335655e-07,1.7005287408370354e-07,1.7005504615537578e-07,1.700572175887414e-07,1.7005938838397695e-07,1.7006155854159008e-07,1.7006372806178605e-07,1.7006589694494413e-07,1.7006806519130788e-07,1.7007023280116877e-07,1.7007239977497075e-07,1.7007456611295016e-07,1.7007673181543875e-07,1.7007889688270187e-07,1.7008106131552666e-07,1.700832251132899e-07,1.700853882768636e-07,1.7008755080645966e-07,1.7008971270241205e-07,1.700918739649559e-07,1.700940345945851e-07,1.7009619459150635e-07,1.7009835395543588e-07,1.7010051268788363e-07,1.701026707881499e-07,1.701048282572996e-07,1.7010698509528022e-07,1.701091413024389e-07,1.7011129687904327e-07,1.7011345182543385e-07,1.7011560614189513e-07,1.7011775982895675e-07,1.7011991288653588e-07,1.701220653150389e-07,1.7012421711464397e-07,1.7012636828589782e-07,1.7012851882986438e-07,1.7013066874510737e-07,1.7013281803329907e-07,1.7013496669433256e-07,1.7013711472855623e-07,1.70139262136388e-07,1.701414089178233e-07,1.7014355507338192e-07,1.7014570060423746e-07,1.7014784550882777e-07,1.7014998978836486e-07,1.7015213344571833e-07,1.7015427647616836e-07,1.701564188830257e-07,1.701585606661419e-07,1.701607018252619e-07,1.7016284236125568e-07,1.701649822743256e-07,1.701671215648975e-07,1.701692602333703e-07,1.7017139827964847e-07,1.7017353570432355e-07,1.701756725075588e-07,1.7017780868983506e-07,1.7017994425152735e-07,1.7018207919297576e-07,1.7018421351438372e-07,1.7018634721589687e-07,1.7018848029782476e-07,1.7019061276053708e-07,1.7019274460143084e-07,1.7019487582694447e-07,1.701970064339728e-07,1.701991364222772e-07,1.7020126579284074e-07,1.702033945443229e-07,1.702055226787406e-07,1.7020765019786262e-07,1.7020977710098816e-07,1.70211903385476e-07,1.702140290570322e-07,1.702161541118614e-07,1.7021827855152374e-07,1.7022040237720953e-07,1.7022252558798502e-07,1.7022464818132826e-07,1.7022677016343185e-07,1.7022889153146805e-07,1.7023101228542205e-07,1.7023313242625987e-07,1.7023525195169337e-07,1.7023737086699824e-07,1.7023948916991758e-07,1.702416068605466e-07,1.7024372394021944e-07,1.702458403976427e-07,1.70247956257105e-07,1.702500714987093e-07,1.7025218613177905e-07,1.7025430015723765e-07,1.7025641357196384e-07,1.702585263776261e-07,1.7026063857270338e-07,1.702627501626537e-07,1.7026486114010692e-07,1.7026697150939704e-07,1.702690812717812e-07,1.7027119042276452e-07,1.7027329896902806e-07,1.7027540690349846e-07,1.7027751422859688e-07,1.7027962095355857e-07,1.7028172707452604e-07,1.7028383258597582e-07,1.7028593749214865e-07,1.7028804179309782e-07,1.7029014548872016e-07,1.7029224857863558e-07,1.7029435106576044e-07,1.7029645294652518e-07,1.7029855422130047e-07,1.703006548892956e-07,1.7030275495856063e-07,1.7030485442236058e-07,1.7030695328507638e-07,1.7030905154579422e-07,1.703111492037932e-07,1.7031324625645271e-07,1.7031534271360612e-07,1.7031743856439817e-07,1.7031953380948856e-07,1.7032162845788829e-07,1.7032372250834543e-07,1.7032581595116483e-07,1.70327908800573e-07,1.7033000104778922e-07,1.7033209269794581e-07,1.7033418374888777e-07,1.703362741983026e-07,1.703383640493832e-07,1.7034045330447846e-07,1.7034254196207734e-07,1.7034463001897977e-07,1.7034671748076731e-07,1.7034880434817386e-07,1.703508906158685e-07,1.703529762875128e-07,1.7035506136269403e-07,1.7035714584121051e-07,1.7035922972226667e-07,1.7036131301037252e-07,1.7036339570259872e-07,1.7036547779783017e-07,1.703675593003062e-07,1.703696402087107e-07,1.703717205194606e-07,1.7037380023766056e-07,1.703758793645697e-07,1.7037795789835004e-07,1.7038003583943018e-07,1.7038211318829655e-07,1.703841899440382e-07,1.7038626610866852e-07,1.7038834168067125e-07,1.7039041665867535e-07,1.703924910482664e-07,1.7039456484573203e-07,1.7039663805486095e-07,1.7039871067216445e-07,1.7040078269979665e-07,1.704028541359455e-07,1.7040492498416825e-07,1.7040699524331994e-07,1.704090649136358e-07,1.7041113399451214e-07,1.7041320249056805e-07,1.7041527038927356e-07,1.7041733770570493e-07,1.7041940443547726e-07,1.704214705774637e-07,1.7042353613230163e-07,1.7042560110085947e-07,1.704276654829075e-07,1.7042972927847475e-07,1.7043179248832962e-07,1.7043385511417512e-07,1.7043591715312463e-07,1.704379786093439e-07,1.704400394782526e-07,1.704420997630569e-07,1.7044415946265944e-07,1.7044621858465026e-07,1.7044827711739458e-07,1.7045033507057287e-07,1.7045239243616878e-07,1.704544492176567e-07,1.7045650541875708e-07,1.7045856103838068e-07,1.7046061608060298e-07,1.7046267053354534e-07,1.704647244048074e-07,1.7046677769746127e-07,1.7046883040776887e-07,1.7047088253768427e-07,1.7047293408739537e-07,1.7047498505806188e-07,1.7047703545140397e-07,1.7047908526032138e-07,1.704811344925738e-07,1.704831831457596e-07,1.7048523122054086e-07,1.7048727871470053e-07,1.704893256355166e-07,1.704913719758503e-07,1.7049341773902743e-07,1.704954629242214e-07,1.7049750753156075e-07,1.704995515656559e-07,1.7050159502082138e-07,1.7050363789950413e-07,1.7050568020238342e-07,1.7050772192973227e-07,1.7050976308187632e-07,1.7051180365814633e-07,1.7051384366000008e-07,1.7051588308537437e-07,1.705179219406774e-07,1.705199602201808e-07,1.7052199792398574e-07,1.7052403505567378e-07,1.705260716140982e-07,1.7052810759889223e-07,1.7053014301479194e-07,1.7053217785936854e-07,1.705342121279625e-07,1.705362458236668e-07,1.7053827894839123e-07,1.705403115018451e-07,1.7054234348684576e-07,1.705443748977425e-07,1.705464057385795e-07,1.705484360097035e-07,1.7055046571210785e-07,1.7055249484322656e-07,1.7055452340475792e-07,1.7055655139743235e-07,1.705585788274608e-07,1.7056060568145475e-07,1.7056263196921825e-07,1.7056465768853436e-07,1.7056668284218708e-07,1.7056870742676635e-07,1.7057073144030014e-07,1.7057275488901866e-07,1.7057477777207703e-07,1.7057680008752224e-07,1.7057882183592752e-07,1.705808430190666e-07,1.705828636365904e-07,1.7058488368864508e-07,1.7058690317494437e-07,1.7058892209695428e-07,1.7059094045418406e-07,1.7059295824831748e-07,1.7059497547723482e-07,1.7059699214618907e-07,1.7059900824763996e-07,1.7060102378686056e-07,1.7060303876193053e-07,1.7060505317869975e-07,1.7060706703340364e-07,1.7060908032591106e-07,1.7061109305491805e-07,1.7061310521947087e-07,1.706151168245228e-07,1.706171278696539e-07,1.7061913834698646e-07,1.70621148269517e-07,1.7062315763131665e-07,1.706251664352216e-07,1.7062717467895282e-07,1.7062918236081196e-07,1.7063118948356114e-07,1.7063319604259698e-07,1.7063520204330693e-07,1.70637207487506e-07,1.7063921237553854e-07,1.7064121670333708e-07,1.7064322047775541e-07,1.7064522369504055e-07,1.7064722635192353e-07,1.7064922845364492e-07,1.7065122999743523e-07,1.7065323098518354e-07,1.7065523141532056e-07,1.7065723128951473e-07,1.7065923060797606e-07,1.7066122936826394e-07,1.7066322757294182e-07,1.706652252227266e-07,1.7066722231681424e-07,1.7066921885653904e-07,1.7067121484260417e-07,1.7067321027420296e-07,1.706752051535412e-07,1.7067719947884826e-07,1.70679193250371e-07,1.7068118646795154e-07,1.706831791352923e-07,1.7068517124744324e-07,1.7068716281103733e-07,1.7068915382300977e-07,1.7069114428325263e-07,1.706931341918831e-07,1.7069512354957624e-07,1.7069711235621067e-07,1.7069910061207673e-07,1.707010883177313e-07,1.7070307547323e-07,1.707050620791279e-07,1.707070481352821e-07,1.7070903364214765e-07,1.7071101859998648e-07,1.7071300300903836e-07,1.7071498686957374e-07,1.707169701818386e-07,1.7071895294609013e-07,1.7072093516257655e-07,1.7072291683155572e-07,1.7072489795329496e-07,1.7072687852803017e-07,1.7072885855601898e-07,1.7073083803751918e-07,1.7073281697277903e-07,1.7073479536205796e-07,1.7073677320560965e-07,1.707387505036338e-07,1.7074072725643626e-07,1.707427034642466e-07,1.7074467912732222e-07,1.7074665424383146e-07,1.7074862881849116e-07,1.7075060285659609e-07,1.7075257634371037e-07,1.7075454928508985e-07,1.7075652168554565e-07,1.707584935470279e-07,1.7076046486142686e-07,1.7076243563148963e-07,1.7076440586119935e-07,1.7076637554897952e-07,1.7076834469494335e-07,1.7077031329944286e-07,1.7077228136276224e-07,1.7077424888521247e-07,1.7077621586693847e-07,1.7077818230813848e-07,1.7078014820913694e-07,1.7078211357022016e-07,1.7078407839181573e-07,1.7078604267404738e-07,1.7078800641658902e-07,1.7078996962030727e-07,1.7079193228567642e-07,1.7079389441224434e-07,1.7079585600082408e-07,1.7079781705144229e-07,1.7079977756434558e-07,1.708017375397667e-07,1.7080369697849824e-07,1.7080565587974586e-07,1.7080761424425384e-07,1.7080957207160336e-07,1.7081152936317013e-07,1.7081348611903147e-07,1.7081544233824138e-07,1.7081739802290385e-07,1.7081935317283535e-07,1.7082130778699517e-07,1.7082326186710322e-07,1.7082521541197817e-07,1.7082716842366126e-07,1.7082912090043198e-07,1.7083107284351514e-07,1.7083302425298708e-07,1.7083497512919486e-07,1.7083692547234184e-07,1.7083887528416212e-07,1.7084082456194486e-07,1.708427733112245e-07,1.7084472152479534e-07,1.7084666920642962e-07,1.7084861635716667e-07,1.7085056297589403e-07,1.7085250906354756e-07,1.70854454620598e-07,1.7085639964807557e-07,1.7085834414630743e-07,1.7086028811204382e-07,1.7086223154798545e-07,1.7086417445576094e-07,1.7086611683044726e-07,1.7086805867789451e-07,1.708699999973711e-07,1.7087194078729104e-07,1.7087388104906784e-07,1.7087582078247195e-07,1.7087775998817492e-07,1.708796986660818e-07,1.7088163681373758e-07,1.708835744366613e-07,1.708855115322781e-07,1.7088744809743192e-07,1.7088938414170655e-07,1.7089131965783965e-07,1.7089325464799825e-07,1.7089518911244354e-07,1.7089712305133226e-07,1.7089905646525867e-07,1.7090098935566666e-07,1.7090292172089443e-07,1.7090485356102076e-07,1.7090678487683842e-07,1.7090871567770385e-07,1.709106459458795e-07,1.709125756901441e-07,1.7091450491133285e-07,1.7091643360894626e-07,1.7091836178368654e-07,1.7092028943573706e-07,1.7092221656602396e-07,1.7092414317411055e-07,1.7092606925962686e-07,1.7092799482331212e-07,1.7092991986573073e-07,1.7093184438682327e-07,1.7093376838327843e-07,1.7093569186107848e-07,1.7093761481817175e-07,1.709395372569642e-07,1.7094145917221005e-07,1.7094338056707064e-07,1.709453014462141e-07,1.7094722180415954e-07,1.70949141643556e-07,1.709510609653341e-07,1.709529797687142e-07,1.7095489805399373e-07,1.7095681582261993e-07,1.709587330714433e-07,1.709606498014372e-07,1.7096256601512772e-07,1.7096448171164836e-07,1.709663968904825e-07,1.7096831155148382e-07,1.709702257016057e-07,1.7097213933035418e-07,1.7097405244444934e-07,1.7097596504157925e-07,1.709778771220973e-07,1.7097978868837612e-07,1.7098169974101064e-07,1.7098361027399777e-07,1.7098552029678849e-07,1.7098742980517643e-07,1.7098933880332227e-07,1.7099124728473528e-07,1.7099315525130973e-07,1.7099506270439367e-07,1.709969696452366e-07,1.709988760719643e-07,1.7100078198594316e-07,1.7100268738699902e-07,1.7100459227694747e-07,1.7100649665408357e-07,1.7100840051936732e-07,1.7101030387566103e-07,1.710122067121399e-07,1.7101410904409256e-07,1.7101601086355383e-07,1.7101791217382596e-07,1.710198129755865e-07,1.7102171326326782e-07,1.7102361304136044e-07,1.7102551231034677e-07,1.7102741107090856e-07,1.7102930932124203e-07,1.7103120706225253e-07,1.7103310429474343e-07,1.7103500101830547e-07,1.710368972326416e-07,1.7103879294052525e-07,1.710406881425383e-07,1.7104258283403732e-07,1.7104447701795119e-07,1.7104637069453332e-07,1.7104826385696244e-07,1.7105015651987234e-07,1.7105204867582467e-07,1.7105394032575912e-07,1.7105583146938798e-07,1.7105772211352845e-07,1.7105961224553004e-07,1.710615018724799e-07,1.7106339099395726e-07,1.710652796125427e-07,1.710671677242488e-07,1.7106905533166837e-07,1.7107094243544393e-07,1.7107282903436545e-07,1.7107471512966914e-07,1.7107660072158858e-07,1.7107848581239386e-07,1.7108037039793117e-07,1.7108225447912383e-07,1.7108413805843203e-07,1.7108602113572456e-07,1.710879037107381e-07,1.7108978578364928e-07,1.7109166735399991e-07,1.7109354842265397e-07,1.7109542898989114e-07,1.710973090490794e-07,1.7109918861473872e-07,1.711010676796948e-07,1.7110294624478417e-07,1.711048243094651e-07,1.7110670187432144e-07,1.7110857893930764e-07,1.711104555045926e-07,1.7111233157483233e-07,1.711142071404904e-07,1.7111608220862584e-07,1.7111795677673007e-07,1.7111983084640845e-07,1.7112170442173027e-07,1.7112357749969435e-07,1.7112545007916554e-07,1.7112732216123312e-07,1.711291937417995e-07,1.711310648297585e-07,1.711329354205294e-07,1.7113480551419946e-07,1.7113667510911057e-07,1.711385442082855e-07,1.7114041281080836e-07,1.7114228091988823e-07,1.7114414853153527e-07,1.711460156489712e-07,1.71147882269779e-07,1.7114974839534244e-07,1.711516140269516e-07,1.711534791598558e-07,1.7115534380274803e-07,1.7115720794932606e-07,1.711590716042678e-07,1.711609347657679e-07,1.711627974338175e-07,1.711646596087484e-07,1.7116652129115283e-07,1.7116838248086907e-07,1.7117024317773393e-07,1.7117210338238804e-07,1.7117396309521565e-07,1.7117582231596522e-07,1.7117768104528633e-07,1.711795392831457e-07,1.7118139703099025e-07,1.711832542869377e-07,1.7118511105208822e-07,1.711869673268159e-07,1.7118882311129855e-07,1.7119067840544236e-07,1.711925332095383e-07,1.7119438752542136e-07,1.7119624135099798e-07,1.7119809468736135e-07,1.7119994753450234e-07,1.712017998933809e-07,1.7120365176328374e-07,1.712055031454483e-07,1.7120735403914882e-07,1.7120920444468336e-07,1.7121105436253565e-07,1.7121290379299379e-07,1.71214752736219e-07,1.712166011877711e-07,1.7121844915715265e-07,1.712202966399625e-07,1.7122214363627615e-07,1.712239901464282e-07,1.7122583617076959e-07,1.7122768170834487e-07,1.7122952676157932e-07,1.7123137132848788e-07,1.7123321541149845e-07,1.712350590094999e-07,1.7123690212269283e-07,1.7123874475117345e-07,1.7124058689549324e-07,1.7124242855611822e-07,1.7124426973307355e-07,1.7124611042723114e-07,1.7124795063693442e-07,1.712497903655519e-07,1.7125162960915966e-07,1.7125346836978534e-07,1.7125530664748883e-07,1.712571444437976e-07,1.712589817583479e-07,1.7126081859035305e-07,1.7126265494107516e-07,1.7126449081691452e-07,1.7126632620455177e-07,1.712681611114506e-07,1.7126999553818997e-07,1.7127182948676296e-07,1.712736629525157e-07,1.712754959375862e-07,1.712773284421772e-07,1.7127916046684203e-07,1.71280992011511e-07,1.7128282307802595e-07,1.712846536651098e-07,1.7128648377290567e-07,1.7128831340212517e-07,1.7129014255297673e-07,1.7129197122459224e-07,1.7129379941939178e-07,1.7129562713637715e-07,1.7129745437537237e-07,1.7129928113745128e-07,1.713011074221734e-07,1.7130293322982365e-07,1.713047585606437e-07,1.7130658341453915e-07,1.7130840779186448e-07,1.7131023169373463e-07,1.7131205511899233e-07,1.713138780691661e-07,1.7131570054294692e-07,1.7131752253921592e-07,1.7131934406280684e-07,1.713211651114652e-07,1.7132298568535906e-07,1.7132480578451237e-07,1.7132662540961407e-07,1.713284445606436e-07,1.7133026323806392e-07,1.7133208144140498e-07,1.7133389917124232e-07,1.71335716429009e-07,1.713375332127355e-07,1.713393495244739e-07,1.7134116536257993e-07,1.7134298072824286e-07,1.7134479562107995e-07,1.713466100419753e-07,1.7134842399163236e-07,1.7135023746918142e-07,1.7135205047610307e-07,1.7135386301490306e-07,1.7135567508016386e-07,1.7135748667368591e-07,1.7135929779698287e-07,1.713611084505823e-07,1.7136291863323385e-07,1.7136472834595668e-07,1.7136653758900783e-07,1.7136834636727318e-07,1.7137015467438583e-07,1.71371962514986e-07,1.7137376988103027e-07,1.713755767799485e-07,1.7137738320875016e-07,1.713791891701805e-07,1.7138099466267718e-07,1.71382799687436e-07,1.7138460424469902e-07,1.713864083338791e-07,1.7138821195619207e-07,1.7139001511117017e-07,1.7139181779934333e-07,1.7139362002083895e-07,1.713954217758716e-07,1.7139722306464703e-07,1.7139902388730117e-07,1.7140082424411843e-07,1.7140262413453578e-07,1.7140442356112978e-07,1.7140622252124616e-07,1.7140802101659755e-07,1.7140981904751037e-07,1.7141161661327743e-07,1.7141341371446537e-07,1.7141521035242616e-07,1.714170065224017e-07,1.7141880223260107e-07,1.714205974783456e-07,1.7142239225474852e-07,1.714241865735418e-07,1.7142598042947288e-07,1.7142777382239775e-07,1.7142956675225825e-07,1.7143135922118211e-07,1.7143315122709842e-07,1.7143494277162812e-07,1.7143673385329587e-07,1.7143852447502783e-07,1.7144031463370215e-07,1.714421043352598e-07,1.7144389357207924e-07,1.7144568234904904e-07,1.714474706640957e-07,1.7144925851572525e-07,1.7145104591041803e-07,1.714528328452664e-07,1.7145461931970077e-07,1.7145640533451196e-07,1.71458190890053e-07,1.714599759862567e-07,1.714617606234288e-07,1.7146354480313472e-07,1.714653285232185e-07,1.714671117848279e-07,1.7146889458810903e-07,1.7147067693383787e-07,1.7147245882137373e-07,1.7147424025087222e-07,1.714760212229913e-07,1.714778017380004e-07,1.7147958179597032e-07,1.714813613965611e-07,1.7148314054094786e-07,1.714849192316379e-07,1.7148669746203643e-07,1.714884752377126e-07,1.7149025255754988e-07,1.7149202942164997e-07,1.7149380582964132e-07,1.7149558178308871e-07,1.714973572791631e-07,1.7149913232263657e-07,1.7150090691173268e-07,1.7150268104614292e-07,1.715044547261786e-07,1.7150622795123203e-07,1.715080007223899e-07,1.715097730408482e-07,1.7151154490479987e-07,1.7151331631541092e-07,1.7151508727290653e-07,1.715168577775426e-07,1.7151862782942894e-07,1.7152039742874068e-07,1.7152216657573863e-07,1.7152393527058465e-07,1.7152570351347948e-07,1.7152747130464793e-07,1.7152923864426214e-07,1.7153100553248543e-07,1.7153277196955096e-07,1.715345379556087e-07,1.7153630349089482e-07,1.71538068575605e-07,1.7153983320994333e-07,1.7154159739410054e-07,1.7154336112824013e-07,1.7154512441256444e-07,1.7154688724727267e-07,1.715486496325155e-07,1.7155041156854652e-07,1.7155217305554926e-07,1.7155393409366189e-07,1.7155569468317803e-07,1.7155745482417887e-07,1.7155921451686037e-07,1.7156097376152237e-07,1.7156273255830342e-07,1.7156449090744216e-07,1.7156624880901296e-07,1.715680062632468e-07,1.7156976327037809e-07,1.7157151983057742e-07,1.715732759440518e-07,1.7157503161093615e-07,1.715767868315296e-07,1.7157854160597415e-07,1.7158029593448027e-07,1.7158204981712186e-07,1.7158380325418269e-07,1.715855562459148e-07,1.7158730879242568e-07,1.7158906089393099e-07,1.715908125504966e-07,1.715925637624767e-07,1.7159431453000233e-07,1.7159606485320704e-07,1.715978147323387e-07,1.715995641677139e-07,1.7160131315938865e-07,1.716030617073916e-07,1.7160480981222368e-07,1.7160655747392154e-07,1.7160830469262009e-07,1.7161005146857152e-07,1.716117978021467e-07,1.716135436932927e-07,1.7161528914225898e-07,1.716170341491731e-07,1.716187787141233e-07,1.7162052283725375e-07,1.716222665193525e-07,1.7162400976027926e-07,1.7162575256003087e-07,1.7162749491901897e-07,1.716292368372822e-07,1.716309783147813e-07,1.7163271935228214e-07,1.7163445994964036e-07,1.716362001068539e-07,1.716379398244341e-07,1.716396791022514e-07,1.716414179407418e-07,1.7164315634030182e-07,1.7164489430081873e-07,1.716466318225353e-07,1.7164836890566593e-07,1.7165010555024302e-07,1.716518417564132e-07,1.716535775243952e-07,1.7165531285440524e-07,1.7165704774689618e-07,1.716587822018548e-07,1.716605162195177e-07,1.7166224979996398e-07,1.716639829432796e-07,1.716657156528995e-07,1.716674479230657e-07,1.716691797597485e-07,1.716709111602662e-07,1.7167264212483228e-07,1.7167437265414145e-07,1.7167610274427844e-07,1.7167783240251226e-07,1.716795616255186e-07,1.7168129041345757e-07,1.716830187669115e-07,1.7168474667986787e-07,1.7168647416373713e-07,1.716882012136908e-07,1.7168992782927895e-07,1.716916540109344e-07,1.7169337975682333e-07,1.7169510506922328e-07,1.716968299502573e-07,1.716985543980865e-07,1.7170027841192015e-07,1.7170200199395125e-07,1.7170372514356297e-07,1.7170544786081586e-07,1.7170717015040102e-07,1.717088920003444e-07,1.7171061341942453e-07,1.7171233440734483e-07,1.7171405496325252e-07,1.717157750886997e-07,1.7171749478182297e-07,1.7171921404390697e-07,1.7172093287393474e-07,1.7172265127339406e-07,1.7172436924080363e-07,1.7172608677685535e-07,1.7172780388526213e-07,1.7172952056653962e-07,1.7173123681298143e-07,1.7173295263440304e-07,1.7173466802630906e-07,1.7173638298830238e-07,1.7173809751887124e-07,1.7173981162317853e-07,1.7174152529893887e-07,1.7174323854630154e-07,1.717449513654772e-07,1.717466637563422e-07,1.7174837571884755e-07,1.7175008725359805e-07,1.7175179836107508e-07,1.7175350904077e-07,1.7175521929373082e-07,1.7175692911944718e-07,1.7175863851856488e-07,1.7176034749115498e-07,1.7176205603714543e-07,1.7176376415893996e-07,1.7176547185294737e-07,1.7176717912058614e-07,1.7176888596244856e-07,1.7177059237848472e-07,1.7177229836952655e-07,1.7177400393483532e-07,1.71775709075304e-07,1.717774137921856e-07,1.717791180829351e-07,1.7178082194920977e-07,1.7178252539112903e-07,1.717842284087158e-07,1.7178593100337356e-07,1.7178763317429494e-07,1.717893349207442e-07,1.717910362436337e-07,1.7179273714280296e-07,1.7179443761994117e-07,1.7179613767335123e-07,1.7179783730425186e-07
15,4.745400793444819e-62,2.2797669106460334e-61,6.422336814771898e-61,1.4007164669000145e-60,2.6182163290565486e-60,4.4108599036114483e-60,6.89486330082344e-60,1.0185777293896024e-59,1.4398179171603169e-59,1.9645664350141936e-59,2.604087477052339e-59,3.3695584617808323e-59,4.2720863927728535e-59,5.322710989072449e-59,6.532423513595381e-59,7.912171520056089e-59,9.47286799455088e-59,1.1225398098021257e-58,1.3180625764345444e-58,1.534939413945601e-58,1.7742535353591985e-58,2.037087046534344e-58,2.3245208748222365e-58,2.637635570268644e-58,2.9775110463760105e-58,3.345226794741393e-58,3.741861984318579e-58,4.168495526186001e-58,4.626206145848756e-58,5.116072405141413e-58,5.639172752862557e-58,6.1965855480008964e-58,6.789389078501872e-58,7.418661578220546e-58,8.085481239489355e-58,8.790926222651224e-58,9.536074663512492e-58,1.0322004676993132e-57,1.1149794369639194e-57,1.2020521831766988e-57,1.2935265144467035e-57,1.389510238520132e-57,1.490111162643027e-57,1.5954370934925646e-57,1.7055958375530795e-57,1.820695200994264e-57,1.9408429900051537e-57,2.0661470106583843e-57,2.196715068723628e-57,2.3326549696978343e-57,2.4740745196211822e-57,2.6210815241907543e-57,2.773783789266837e-57,2.9322891200972005e-57,3.0967053227037816e-57,3.2671402024850235e-57,3.4437015651352927e-57,3.626497216335439e-57,3.815634960986691e-57,4.0112226053546393e-57,4.213367954907676e-57,4.42217881482449e-57,4.637762991268035e-57,4.86022828950529e-57,5.089682515096219e-57,5.326233473707105e-57,5.569988970797419e-57,5.821056811749629e-57,6.079544802409171e-57,6.345560748242263e-57,6.619212454714964e-57,6.900607727488453e-57,7.189854372304128e-57,7.487060194454246e-57,7.792332999680311e-57,8.105780593352847e-57,8.427510781034858e-57,8.757631368387208e-57,9.09625016106038e-57,9.443474964614039e-57,9.799413584335195e-57,1.0164173826061488e-56,1.0537863495358781e-56,1.0920590397687172e-56,1.131246233861329e-56,1.1713587123602827e-56,1.2124072558408763e-56,1.254402644839805e-56,1.2973556599233512e-56,1.34127708163752e-56,1.386177690566422e-56,1.4320682672392877e-56,1.478959592220496e-56,1.5268624460569541e-56,1.5757876093331145e-56,1.6257458625860714e-56,1.6767479863639786e-56,1.728804761231306e-56,1.7819269677441583e-56,1.836125386428639e-56,1.8914107978912211e-56,1.9477939826676924e-56,2.0052857213329157e-56,2.0638967944056527e-56,2.123637982470414e-56,2.184520066063964e-56,2.2465538257521047e-56,2.3097500421007773e-56,2.3741194956563214e-56,2.4396729669643987e-56,2.5064212365720737e-56,2.574375085055027e-56,2.6435452929897426e-56,2.713942640891647e-56,2.7855779093372307e-56,2.8584618788826293e-56,2.932605330083976e-56,3.0080190434974048e-56,3.084713799679051e-56,3.1627003791850383e-56,3.241989562601758e-56,3.322592130445364e-56,3.4045188632612244e-56,3.4877805416463246e-56,3.5723879461160944e-56,3.658351857267388e-56,3.7456830556156033e-56,3.834392321737244e-56,3.9244904362088153e-56,4.015988179566064e-56,4.108896332344779e-56,4.203225675121459e-56,4.298986988472598e-56,4.3961910529136e-56,4.494848649020973e-56,4.594970557371309e-56,4.69656755850019e-56,4.799650432943461e-56,4.904229961277632e-56,5.010316924079199e-56,5.117922101883936e-56,5.2270562752276165e-56,5.337730224686723e-56,5.44995473083791e-56,5.563740574216685e-56,5.67909853535892e-56,5.796039394861491e-56,5.914573933260327e-56,6.034712931111404e-56,6.156467168979935e-56,6.279847427383387e-56,6.4048644869371065e-56,6.531529128157935e-56,6.659852131591717e-56,6.789844277814549e-56,6.92151634738256e-56,7.054879120882153e-56,7.189943378828802e-56,7.326719901789306e-56,7.465219470329632e-56,7.605452864965581e-56,7.747430866313152e-56,7.891164254889174e-56,8.036663811269118e-56,8.183940315989698e-56,8.333004549596943e-56,8.483867292687199e-56,8.6365393257759e-56,8.791031429459901e-56,8.947354384274949e-56,9.10551897078645e-56,9.265535969532035e-56,9.427416161076284e-56,9.5911703259765e-56,9.756809244788374e-56,9.92434369804825e-56,1.0093784466332131e-55,1.0265142330216528e-55,1.043842807023719e-55,1.0613652466949834e-55,1.0790826300891063e-55,1.0969960352636963e-55,1.1151065402764044e-55,1.13341522317877e-55,1.1519231620284427e-55,1.1706314348830873e-55,1.1895411197942156e-55,1.2086532948194917e-55,1.2279690380145289e-55,1.2474894274349412e-55,1.2672155411363413e-55,1.2871484571743434e-55,1.30728925360456e-55,1.3276390084826048e-55,1.3481987998660874e-55,1.3689697058066287e-55,1.3899528043618386e-55,1.4111491735873301e-55,1.4325598915387175e-55,1.4541860362716139e-55,1.4760286858416328e-55,1.4980889183043873e-55,1.5203678117154914e-55,1.5428664441305578e-55,1.5655858936052005e-55,1.5885272381970285e-55,1.6116915559596502e-55,1.6350799249467017e-55,1.6586934232157827e-55,1.6825331288225074e-55,1.7066001198224884e-55,1.7308954742713395e-55,1.755420270224674e-55,1.780175585740156e-55,1.8051624988692972e-55,1.8303820876727253e-55,1.8558354302001272e-55,1.8815236045131034e-55,1.907447688663207e-55,1.9336087607051006e-55,1.9600078986984143e-55,1.986646180697727e-55,2.0135246847566195e-55,2.0406444889317453e-55,2.0680066712787783e-55,2.0956123098542424e-55,2.12346248271174e-55,2.151558267905937e-55,2.179900743498275e-55,2.2084909875366817e-55,2.2373300780825994e-55,2.2664190931897186e-55,2.2957591109115416e-55,2.3253512093095733e-55,2.35519646643379e-55,2.38529596033955e-55,2.4156507690865526e-55,2.4462619707263368e-55,2.4771306433165535e-55,2.5082578649128157e-55,2.539644713570738e-55,2.571292267345932e-55,2.6032016042940124e-55,2.635373802472642e-55,2.6678099399333327e-55,2.700511094736741e-55,2.733478344934485e-55,2.766712768581196e-55,2.800215443734474e-55,2.8339874484499314e-55,2.8680298607831837e-55,2.9023437587898416e-55,2.9369302205275557e-55,2.971790324047868e-55,3.006925147408428e-55,3.042335768664849e-55,3.078023265872743e-55,3.113988717087726e-55,3.1502332003654075e-55,3.186757793761406e-55,3.2235635753313307e-55,3.2606516231307977e-55,3.2980230152174564e-55,3.335678829642845e-55,3.373620144466665e-55,3.411848037740431e-55,3.4503635875238434e-55,3.489167871870487e-55,3.528261968835956e-55,3.567646956477744e-55,3.6073239128456845e-55,3.6472939160022626e-55,3.687558043997167e-55,3.7281173748889736e-55,3.768972986733296e-55,3.810125957585748e-55,3.851577365501943e-55,3.8933282885374944e-55,3.935379804750975e-55,3.9777329921940894e-55,4.020388928923401e-55,4.063348692992509e-55,4.10661336245904e-55,4.150184015381631e-55,4.194061729811889e-55,4.238247583806419e-55,4.282742655420827e-55,4.327548022708675e-55,4.372664763730588e-55,4.418093956538268e-55,4.463836679188303e-55,4.509894009734247e-55,4.5562670262337464e-55,4.602956806744453e-55,4.6499644293199444e-55,4.697290972013797e-55,4.744937512883659e-55,4.792905129985148e-55,4.8411949013738735e-55,4.8898079051054515e-55,4.938745219235493e-55,4.988007921819612e-55,5.037597090913422e-55,5.08751380457254e-55,5.1377591408525764e-55,5.188334177809145e-55,5.239239993497856e-55,5.2904776659763765e-55,5.3420482732962206e-55,5.393952893517086e-55,5.446192604692551e-55,5.498768484876191e-55,5.5516816121277056e-55,5.604933064498608e-55,5.658523920048552e-55,5.7124552568291735e-55,5.766728152898075e-55,5.8213436863128556e-55,5.876302935125156e-55,5.9316069773945654e-55,5.98725689117477e-55,6.043253754519273e-55,6.0995986454876885e-55,6.156292642131724e-55,6.2133368225109016e-55,6.270732264676921e-55,6.3284800466893445e-55,6.3865812465998066e-55,6.4450369424678676e-55,6.5038482123452256e-55,6.563016134291408e-55,6.622541786360147e-55,6.682426246604947e-55,6.742670593086443e-55,6.803275903856267e-55,6.864243256971992e-55,6.925573730487287e-55,6.987268402456758e-55,7.049328350940961e-55,7.111754653991633e-55,7.174548389665254e-55,7.237710636015505e-55,7.301242471099986e-55,7.365144972974309e-55,7.429419219694085e-55,7.494066289314932e-55,7.55908725989246e-55,7.624483209482285e-55,7.690255216140018e-55,7.756404357923227e-55,7.822931712885654e-55,7.88983835908284e-55,7.957125374568342e-55,8.024793837402843e-55,8.09284482563591e-55,8.161279417328214e-55,8.2300986905313e-55,8.299303723302817e-55,8.368895593698374e-55,8.438875379775626e-55,8.509244159588099e-55,8.580003011189467e-55,8.651153012639383e-55,8.72269524198936e-55,8.794630777297063e-55,8.866960696618101e-55,8.93968607800809e-55,9.012807999524628e-55,9.086327539221345e-55,9.160245775153914e-55,9.234563785375838e-55,9.30928264794683e-55,9.384403440918402e-55,9.459927242350273e-55,9.535855130295988e-55,9.612188182811174e-55,9.688927477951366e-55,9.766074093770298e-55,9.843629108325541e-55,9.921593599672709e-55,9.999968645869466e-55,1.0078755324967328e-54,1.0157954715025912e-54,1.0237567894098964e-54,1.0317595940241998e-54,1.0398039931510555e-54,1.0478900945960426e-54,1.0560180061647123e-54,1.064187835662422e-54,1.0723996908949383e-54,1.080653679668025e-54,1.088949909786837e-54,1.0972884890571386e-54,1.1056695252844916e-54,1.1140931262744569e-54,1.1225593998327962e-54,1.1310684537646709e-54,1.139620395875842e-54,1.1482153339718722e-54,1.1568533758583207e-54,1.165534629340946e-54,1.1742592022251225e-54,1.1830272023164936e-54,1.1918387374204371e-54,1.2006939153426067e-54,1.2095928438883597e-54,1.2185356308634616e-54,1.2275223840736694e-54,1.236553211324153e-54,1.2456282204208647e-54,1.2547475191691738e-54,1.2639112153744396e-54,1.2731194168424223e-54,1.2823722313786833e-54,1.2916697667887834e-54,1.3010121308782845e-54,1.310399431452748e-54,1.3198317763179306e-54,1.329309273279002e-54,1.3388320301417206e-54,1.348400154711646e-54,1.35801375479434e-54,1.3676729381953646e-54,1.3773778127202806e-54,1.3871284861746498e-54,1.3969250663640332e-54,1.406767661093992e-54,1.4166563781700877e-54,1.42659132539808e-54,1.4365726105833333e-54,1.4466003415314067e-54,1.4566746260476635e-54,1.4667955719378636e-54,1.4769632870075695e-54,1.4871778790625397e-54,1.497439455908235e-54,1.5077481253498236e-54,1.5181039951933612e-54,1.5285071732440118e-54,1.5389577673077317e-54,1.5494558851899858e-54,1.560001634696242e-54,1.5705951236320493e-54,1.5812364598026787e-54,1.591925751014187e-54,1.6026631050720334e-54,1.6134486297815892e-54,1.6242824329485042e-54,1.635164622378448e-54,1.6460953058767812e-54,1.6570745912489568e-54,1.6681025863009374e-54,1.679179398838089e-54,1.6903051366657766e-54,1.701479907589953e-54,1.712703819415992e-54,1.7239769799494466e-54,1.7352994969958798e-54,1.7466714783608506e-54,1.7580930318497172e-54,1.769564265268441e-54,1.7810852864223965e-54,1.7926562031171354e-54,1.8042771231582146e-54,1.8159481543510007e-54,1.8276694045012544e-54,1.839440981414538e-54,1.851262992896412e-54,1.863135546752438e-54,1.8750587507881775e-54,1.8870327128091914e-54,1.899057540621241e-54,1.911133342029488e-54,1.9232602248396948e-54,1.9354382968576247e-54,1.9476676658884326e-54,1.959948439737883e-54,1.9722807262115373e-54,1.9846646331149568e-54,1.9971002682537036e-54,2.009587739433338e-54,2.022127154459422e-54,2.0347186211375168e-54,2.0473622472731836e-54,2.0600581406719836e-54,2.072806409139479e-54,2.08560716048123e-54,2.0984605025027987e-54,2.111366543009746e-54,2.1243253898076334e-54,2.1373371507020227e-54,2.1504019334984746e-54,2.163519846002551e-54,2.176690996019813e-54,2.1899154913561174e-54,2.2031934398166372e-54,2.2165249492068232e-54,2.2299101273326393e-54,2.2433490819992488e-54,2.2568419210126098e-54,2.2703887521778875e-54,2.283989683301044e-54,2.2976448221872356e-54,2.3113542766424263e-54,2.325118154471778e-54,2.3389365634812557e-54,2.3528096114762106e-54,2.3667374062623067e-54,2.380720055644918e-54,2.3947576674294908e-54,2.4088503494217926e-54,2.4229982094273833e-54,2.4372013552520238e-54,2.4514598947010813e-54,2.46577393558011e-54,2.480143585694677e-54,2.4945689528501362e-54,2.5090501448522533e-54,2.5235872695065895e-54,2.5381804346187058e-54,2.5528297479941644e-54,2.5675353174385267e-54,2.5822972507573525e-54,2.5971156557562045e-54,2.611990640240643e-54,2.62692231201623e-54,2.6419107788885276e-54,2.656956148663096e-54,2.672058529145497e-54,2.6872180281412913e-54,2.7024347534560414e-54,2.7177088128953086e-54,2.733040314264652e-54,2.7484293653696364e-54,2.76387607401582e-54,2.7793805480089694e-54,2.7949428951544397e-54,2.8105632232577947e-54,2.8262416401243946e-54,2.8419782535600017e-54,2.857773171370376e-54,2.87362650136088e-54,2.8895383513371796e-54,2.9055088291046293e-54,2.9215380424688917e-54,2.93762609923553e-54,2.9537731072101035e-54,2.969979174198177e-54,2.9862444080053126e-54,3.0025689164368664e-54,3.018952807298602e-54,3.035396188396286e-54,3.05189916753507e-54,3.06846185252072e-54,3.085084351158797e-54,3.1017667712548634e-54,3.118509220614679e-54,3.1353118070434077e-54,3.152174638347007e-54,3.1690978223308466e-54,3.1860814668002763e-54,3.203125679561063e-54,3.220230568418969e-54,3.2373962411793544e-54,3.254622805647782e-54,3.2719103696296094e-54,3.2892590409309017e-54,3.306668927356818e-54,3.324140136713023e-54,3.3416727768050713e-54,3.359266955438529e-54,3.376922780418963e-54,3.394640359551927e-54,3.412419800642984e-54,3.430261211497696e-54,3.44816469992142e-54,3.466130373719919e-54,3.484158340698758e-54,3.5022487086634964e-54,3.5204015854199e-54,3.5386170787731215e-54,3.5568952965289257e-54,3.575236346492875e-54,3.593640336470733e-54,3.6121073742678556e-54,3.630637567689609e-54,3.649231024541956e-54,3.6678878526302555e-54,3.686608159759864e-54,3.705392053736546e-54,3.7242396423658643e-54,3.7431510334533805e-54,3.762126334804655e-54,3.7811656542252484e-54,3.800269099520723e-54,3.8194367784969383e-54,3.8386687989591583e-54,3.857965268712644e-54,3.877326295563462e-54,3.8967519873169667e-54,3.916242451778721e-54,3.935797796754081e-54,3.955418130048814e-54,3.975103559468478e-54,3.994854192818637e-54,4.014670137905052e-54,4.03455150253318e-54,4.0544983945081914e-54,4.0745109216361414e-54,4.0945891917223986e-54,4.114733312572314e-54,4.134943391991851e-54,4.155219537786374e-54,4.175561857761444e-54,4.1959704597224225e-54,4.216445451475071e-54,4.2369869408251474e-54,4.2575950355778183e-54,4.2782698435388426e-54,4.29901147251398e-54,4.319820030308394e-54,4.340695624728044e-54,4.361638363578096e-54,4.3826483546645104e-54,4.403725705792739e-54,4.424870524767956e-54,4.4460829193962197e-54,4.467362997482889e-54,4.488710866833525e-54,4.510126635253689e-54,4.5316104105487375e-54,4.553162300524642e-54,4.5747824129865526e-54,4.596470855740439e-54,4.618227736591754e-54,4.6400531633458686e-54,4.661947243808448e-54,4.683910085785043e-54,4.705941797081017e-54,4.7280424855023255e-54,4.7502122588543375e-54,4.7724512249424197e-54,4.794759491572326e-54,4.817137166549817e-54,4.8395843576803557e-54,4.862101172769108e-54,4.8846877196221286e-54,4.9073441060445833e-54,4.93007043984223e-54,4.952866828820838e-54,4.975733380785557e-54,4.998670203542359e-54,5.021677404896602e-54,5.044755092653837e-54,5.0679033746194345e-54,5.091122358599451e-54,5.1144121523991584e-54,5.137772863824013e-54,5.1612046006796754e-54,5.184707470771501e-54,5.2082815819052584e-54,5.231927041886503e-54,5.255643958521006e-54,5.279432439613917e-54,5.303292592971205e-54,5.327224526398232e-54,5.351228347700556e-54,5.375304164683537e-54,5.399452085152937e-54,5.423672216914321e-54,5.447964667773247e-54,5.472329545535278e-54,5.496766958005974e-54,5.521277012990897e-54,5.54585981829561e-54,5.57051548172567e-54,5.595244111086643e-54,5.620045814184088e-54,5.644920698823566e-54,5.669868872810938e-54,5.694890443951169e-54,5.719985520050415e-54,5.745154208913644e-54,5.770396618346911e-54,5.79571285615558e-54,5.821103030145222e-54,5.846567248121385e-54,5.872105617889429e-54,5.89771824725512e-54,5.92340524402422e-54,5.949166716002091e-54,5.975002770994093e-54,6.000913516806282e-54,6.02689906124383e-54,6.052959512112399e-54,6.079094977217339e-54,6.105305564364613e-54,6.131591381359597e-54,6.15795253600784e-54,6.184389136114905e-54,6.21090128948615e-54,6.23748910392734e-54,6.264152687244036e-54,6.290892147241997e-54,6.317707591726592e-54,6.344599128503175e-54,6.371566865377507e-54,6.39861091015535e-54,6.425731370642164e-54,6.452928354643315e-54,6.480201969964566e-54,6.507552324411076e-54,6.534979525789008e-54,6.56248368190332e-54,6.590064900560076e-54,6.617723289564637e-54,6.645458956722358e-54,6.673272009839006e-54,6.701162556720139e-54,6.729130705171323e-54,6.757176562998118e-54,6.785300238006083e-54,6.813501838000781e-54,6.841781470787774e-54,6.870139244172621e-54,6.89857526596109e-54,6.927089643958635e-54,6.95568248597042e-54,6.98435389980251e-54,7.013103993260056e-54,7.041932874148826e-54,7.070840650274587e-54,7.099827429442693e-54,7.128893319458708e-54,7.158038428128188e-54,7.187262863256702e-54,7.216566732649806e-54,7.245950144112861e-54,7.275413205451833e-54,7.304956024472269e-54,7.334578708979351e-54,7.364281366778826e-54,7.394064105676067e-54,7.423927033477024e-54,7.453870257986867e-54,7.483893887011553e-54,7.513998028356244e-54,7.544182789826704e-54,7.574448279228489e-54,7.604794604367164e-54,7.635221873048488e-54,7.665730193077928e-54,7.696319672260934e-54,7.726990418402778e-54,7.757742539309321e-54,7.788576142786117e-54,7.819491336638733e-54,7.850488228672731e-54,7.881566926693669e-54,7.91272753850711e-54,7.943970171918614e-54,7.975294934733743e-54,8.006701934758257e-54,8.038191279797524e-54,8.069763077657103e-54,8.10141743614255e-54,8.133154463059422e-54,8.164974266213091e-54,8.196876953409317e-54,8.228862632453861e-54,8.260931411152083e-54,8.293083397309341e-54,8.325318698731397e-54,8.357637423223815e-54,8.390039678592352e-54,8.422525572642175e-54,8.455095213179343e-54,8.487748708008819e-54,8.520486164936668e-54,8.553307691768043e-54,8.586213396308709e-54,8.619203386364228e-54,8.652277769740363e-54,8.685436654242472e-54,8.718680147675912e-54,8.752008357846451e-54,8.785421392559951e-54,8.818919359621368e-54,8.852502366836568e-54,8.886170522011315e-54,8.919923932950762e-54,8.953762707460878e-54,8.987686953347022e-54,9.021696778414548e-54,9.055792290469224e-54,9.089973597316612e-54,9.124240806762272e-54,9.158594026611767e-54,9.193033364670652e-54,9.227558928744499e-54,9.26217082663886e-54,9.296869166159498e-54,9.331654055111968e-54,9.366525601301252e-54,9.401483912533502e-54,9.436529096613874e-54,9.47166126134833e-54,9.50688051454233e-54,9.542186964001041e-54,9.577580717530321e-54,9.613061882936034e-54,9.648630568023138e-54,9.684286880597702e-54,9.720030928465083e-54,9.75586281943063e-54,9.791782661300118e-54,9.827790561879106e-54,9.863886628973151e-54,9.900070970387821e-54,9.936343693928674e-54,9.972704907401467e-54,1.0009154718611372e-53,1.004569323536414e-53,1.0082320565465723e-53,1.0119036816720913e-53,1.0155842096935855e-53,1.0192736513915915e-53,1.0229720175466736e-53,1.0266793189393497e-53,1.0303955663502055e-53,1.0341207705597972e-53,1.0378549423486804e-53,1.0415980924974121e-53,1.0453502317865682e-53,1.0491113709966849e-53,1.052881520908297e-53,1.0566606923020026e-53,1.0604488959583458e-53,1.064246142657865e-53,1.068052443181125e-53,1.0718678083086915e-53,1.0756922488211022e-53,1.0795257754989219e-53,1.0833683991227166e-53,1.0872201304730235e-53,1.0910809803304085e-53,1.0949509594754274e-53,1.098830078688616e-53,1.1027183487505703e-53,1.1066157804418073e-53,1.110522384542933e-53,1.1144381718344627e-53,1.1183631530969638e-53,1.1222973391110017e-53,1.1262407406570923e-53,1.1301933685158418e-53,1.1341552334677673e-53,1.138126346293444e-53,1.1421067177734283e-53,1.1460963586882963e-53,1.1500952798185642e-53,1.1541034919448278e-53,1.1581210058476035e-53,1.162147832307467e-53,1.166183982105005e-53,1.1702294660207336e-53,1.1742842948352192e-53,1.1783484793290175e-53,1.1824220302826846e-53,1.1865049584767766e-53,1.19059727469185e-53,1.1946989897084704e-53,1.1988101143071546e-53,1.202930659268488e-53,1.2070606353730273e-53,1.2112000534013575e-53,1.2153489241339766e-53,1.219507258351499e-53,1.2236750668344422e-53,1.2278523603633722e-53,1.2320391497188442e-53,1.2362354456814152e-53,1.2404412590316402e-53,1.2446566005500768e-53,1.24888148101728e-53,1.2531159112137863e-53,1.2573599019201726e-53,1.2616134639169936e-53,1.2658766079848061e-53,1.2701493449041664e-53,1.2744316854556306e-53,1.2787236404197547e-53,1.2830252205771152e-53,1.2873364367082471e-53,1.291657299593688e-53,1.2959878200140132e-53,1.3003280087497991e-53,1.3046778765815817e-53,1.309037434289897e-53,1.3134066926553415e-53,1.3177856624584512e-53,1.3221743544797918e-53,1.3265727794998802e-53,1.3309809482993017e-53,1.3353988716586138e-53,1.339826560358371e-53,1.3442640251791302e-53,1.3487112769014674e-53,1.353168326305919e-53,1.357635184173021e-53,1.3621118612833498e-53,1.366598368417461e-53,1.371094716355911e-53,1.375600915879256e-53,1.3801169777680517e-53,1.384642912802855e-53,1.389178731764222e-53,1.393724445432708e-53,1.3982800645888696e-53,1.402845600013282e-53,1.4074210624864628e-53,1.4120064627890078e-53,1.416601811701463e-53,1.421207120004364e-53,1.4258223984782777e-53,1.4304476579037598e-53,1.4350829090613662e-53,1.4397281627316542e-53,1.4443834296951787e-53,1.4490487207324963e-53,1.4537240466241625e-53,1.4584094181507149e-53,1.4631048460927582e-53,1.467810341230789e-53,1.4725259143454143e-53,1.477251576217169e-53,1.4819873376266096e-53,1.4867332093542922e-53,1.4914892021807828e-53,1.4962553268866183e-53,1.5010315942523644e-53,1.505818015058577e-53,1.5106146000858121e-53,1.515421360114606e-53,1.5202383059255658e-53,1.5250654482992167e-53,1.5299027980161049e-53,1.5347503658567968e-53,1.5396081626018577e-53,1.544476199031825e-53,1.5493544859272641e-53,1.5542430340687108e-53,1.5591418542367417e-53,1.564050957211913e-53,1.5689703537747808e-53,1.573900054705901e-53,1.5788400707858298e-53,1.5837904127951237e-53,1.5887510915143383e-53,1.59372211772403e-53,1.598703502204755e-53,1.6036952557370695e-53,1.6086973891015296e-53,1.6137099130786908e-53,1.61873283844911e-53,1.6237661759933632e-53,1.628809936491966e-53,1.6338641307255152e-53,1.6389287694745463e-53,1.6440038635196157e-53,1.6490894236412906e-53,1.6541854606201054e-53,1.6592919852366272e-53,1.6644090082713923e-53,1.669536540505015e-53,1.6746745927179743e-53,1.6798231756908849e-53,1.6849823002043014e-53,1.6901519770387435e-53,1.6953322169747849e-53,1.7005230307929626e-53,1.7057244292738907e-53,1.7109364231980783e-53,1.7161590233460801e-53,1.7213922404984624e-53,1.7266360854357912e-53,1.731890568938603e-53,1.7371557017874737e-53,1.7424314947629497e-53,1.7477179586455858e-53,1.7530151042159293e-53,1.7583229422545567e-53,1.7636414835419837e-53,1.7689707388588268e-53,1.7743107189856113e-53,1.7796614347028829e-53,1.7850228967911898e-53,1.790395116031106e-53,1.7957781032032087e-53,1.8011718690880136e-53,1.5809196905981963e-15,3.1987817842536157e-15,4.854853155631975e-15,6.55045914254954e-15,8.286986656598413e-15,1.0065887574797149e-14,1.1888682414547633e-14,1.3756964301957727e-14,1.5672403244041562e-14,1.7636750726739913e-14,1.965184465909428e-14,2.1719614689491623e-14,2.384208792366084e-14,2.6021395078044812e-14,2.8259777105100342e-14,3.05595923326292e-14,3.2923324162242714e-14,3.535358937918903e-14,3.785314712853212e-14,4.042490862163689e-14,4.307194764158853e-14,4.579751192591171e-14,4.860503551128879e-14,5.149815213572743e-14,5.448070980855437e-14,5.755678666034518e-14,6.073070821377353e-14,6.40070662191579e-14,6.739073922356624e-14,7.08869150621008e-14,7.450111548219934e-14,7.823922313906065e-14,8.210751123195138e-14,8.611267608524564e-14,9.026187301987528e-14,9.456275590570242e-14,9.902352084298666e-14,1.0365295447695022e-13,1.0846048753176589e-13,1.1345625422411452e-13,1.186511583202515e-13,1.2405694671539005e-13,1.2968629154648547e-13,1.3555288200814164e-13,1.4167152722690252e-13,1.480582717699711e-13,1.5473052562289637e-13,1.6170721078186822e-13,1.6900892697532968e-13,1.7665813947049153e-13,1.8467939245180847e-13,1.9309955210449442e-13,2.0194808429257054e-13,2.1125737268844966e-13,2.2106308434563007e-13,2.3140459110717595e-13,2.4232545699598846e-13,2.5387400386344166e-13,2.6610397024014983e-13,2.790752816873965e-13,2.9285495509591315e-13,3.0751816472851094e-13,3.2314950446671594e-13,3.398444894247542e-13,3.577113511101446e-13,3.7687319477047003e-13,3.974706063707229e-13,4.1966482146161104e-13,4.436416011625509e-13,4.696160046782617e-13,4.97838307594667e-13,5.286013969653857e-13,5.622500872624699e-13,5.991929592981091e-13,6.399175479878958e-13,6.850100258907571e-13,7.351809967886736e-13,7.912997046157872e-13,8.544400022806416e-13,9.259430169343502e-13,1.007503936789811e-12,1.101294321819822e-12,1.2101378531587581e-12,1.3377683927413758e-12,1.4892182172294675e-12,1.671418332565572e-12,1.8941561247406493e-12,2.1716585721312597e-12,2.525319625852527e-12,2.9886284810941614e-12,3.6165845847517443e-12,4.504889158632361e-12,5.832085249451071e-12,7.959848823653974e-12,1.16891109541603e-11,1.8918546071412343e-11,3.420352854494406e-11,5.353954344151619e-11,5.3539543441837643e-11,5.353954344198614e-11,5.353954344226972e-11,5.3539543463201754e-11,2.203004104186482e-10,2.1585705416016457e-09,1.8966068684713632e-08,1.193351432568662e-07,5.456057231999342e-07,1.8168854096805055e-06,4.327951319433572e-06,7.1898508494466586e-06,9.141821242443168e-06,1.0049619153220325e-05,1.0239639354673887e-05,1.0003643125142262e-05,9.529678037797129e-06,8.93606287824344e-06,1.1193884325857538e-05,1.3951629240210692e-05,1.6589094577862536e-05,1.890710231565615e-05,2.0853759510817718e-05,2.2438616943290862e-05,2.369665508081663e-05,2.467133184398427e-05,2.540646463440358e-05,2.594252531821503e-05,2.6315191864094848e-05,2.6555045113442464e-05,2.6687822506640684e-05,2.6734915149281474e-05,2.6713942682605533e-05,2.6639321474445585e-05,2.652278615676679e-05,2.6373848752459824e-05,2.620019246800172e-05,2.6008003667545806e-05,2.5802248418175544e-05,2.5586900923441262e-05,2.536513106877321e-05,2.513945771440308e-05,2.4911873583577966e-05,2.4683946765988122e-05,2.4456903070413315e-05,2.4231692754158965e-05,2.400904454263476e-05,2.3789509329920618e-05,2.357349551329547e-05,2.336129755164026e-05,2.3153119038895372e-05,2.2949091339337346e-05,2.27492886322793e-05,2.255374005201028e-05,2.2362439477635395e-05,2.2175353421328367e-05,2.199242737767668e-05,2.1813590927443032e-05,2.1638761833041498e-05,2.14678493177705e-05,2.1300756684284376e-05,2.1137383398243378e-05,2.0977626739196944e-05,2.0821383101441005e-05,2.0668549011954465e-05,2.0519021919866683e-05,2.037270080164735e-05,2.0229486617897587e-05,2.0089282650873644e-05,1.9951994746398225e-05,1.9817531479364123e-05,1.968580425842111e-05,1.95567273824946e-05,1.9430218059391648e-05,1.9306196394804605e-05,1.9184585358434116e-05,1.906531073266468e-05,1.894830104817147e-05,1.8833487509982593e-05,1.8720803916821774e-05,1.861018657598887e-05,1.850157421557325e-05,1.8394907895419066e-05,1.82901309179558e-05,1.818718873975998e-05,1.8086028884513e-05,1.798660085785673e-05,1.7888856064519452e-05,1.7792747727976607e-05,1.7698230812829277e-05,1.7605261950013823e-05,1.751379936490351e-05,1.7423802808320807e-05,1.733523349044613e-05,1.7248054017583404e-05,1.7162228331723675e-05,1.707772165283337e-05,1.6994500423783622e-05,1.6912532257829814e-05,1.6831785888545672e-05,1.675223112211388e-05,1.6673838791873908e-05,1.6596580715027624e-05,1.652042965140562e-05,1.6445359264197194e-05,1.6371344082551547e-05,1.6298359465958643e-05,1.622638157032295e-05,1.6155387315645407e-05,1.608535435523327e-05,1.6016261046360496e-05,1.5948086422304826e-05,1.588081016569173e-05,1.5814412583078086e-05,1.5748874580712036e-05,1.5684177641409186e-05,1.5620303802487608e-05,1.555723563470703e-05,1.5494956222161925e-05,1.5433449143078946e-05,1.5372698451473088e-05,1.5312688659618932e-05,1.5253404721296005e-05,1.5194832015768706e-05,1.5136956332464766e-05,1.5079763856316736e-05,1.5023241153733825e-05,1.4967375159173166e-05,1.4912153162280109e-05,1.485756279557122e-05,1.4803592022632058e-05,1.4750229126805687e-05,1.4697462700348056e-05,1.4645281634028035e-05,1.4593675107150744e-05,1.4542632577984244e-05,1.449214377457082e-05,1.4442198685904492e-05,1.4392787553458223e-05,1.434390086304431e-05,1.429552933699272e-05,1.4247663926633156e-05,1.420029580506684e-05,1.4153416360214887e-05,1.4107017188131175e-05,1.4061090086567842e-05,1.401562704878219e-05,1.3970620257574326e-05,1.39260620795457e-05,1.3881945059568839e-05,1.3838261915459053e-05,1.3795005532839809e-05,1.3752168960193106e-05,1.3709745404087311e-05,1.3667728224575005e-05,1.3626110930753474e-05,1.3584887176481494e-05,1.3544050756245635e-05,1.3503595601170049e-05,1.3463515775163931e-05,1.3423805471201104e-05,1.3384459007726324e-05,1.3345470825183281e-05,1.3306835482659474e-05,1.3268547654643319e-05,1.323060212788894e-05,1.3192993798384824e-05,1.3155717668421888e-05,1.3118768843757313e-05,1.3082142530870447e-05,1.3045834034307238e-05,1.3009838754109954e-05,1.2974152183328839e-05,1.2938769905612578e-05,1.2903687592874822e-05,1.2868901003033944e-05,1.2834405977823065e-05,1.2800198440668008e-05,1.2766274394630758e-05,1.2732629920415816e-05,1.2699261174437337e-05,1.2666164386944934e-05,1.263333586020577e-05,1.2600771966741361e-05,1.2568469147616828e-05,1.2536423910780828e-05,1.2504632829454515e-05,1.247309254056776e-05,1.2441799743240861e-05,1.2410751197310485e-05,1.2379943721898037e-05,1.2349374194019162e-05,1.2319039547233039e-05,1.2288936770329898e-05,1.2259062906055789e-05,1.2229415049873122e-05,1.219999034875594e-05,1.2170786000018627e-05,1.214179925017721e-05,1.2113027393841838e-05,1.2084467772639855e-05,1.2056117774168045e-05,1.202797483097342e-05,1.2000036419561479e-05,1.1972300059431249e-05,1.1944763312135881e-05,1.1917423780368563e-05,1.189027910707235e-05,1.1863326974573676e-05,1.1836565103738462e-05,1.1809991253150273e-05,1.1783603218309903e-05,1.1757398830855597e-05,1.1731375957803145e-05,1.1705532500806013e-05,1.1679866395433583e-05,1.1654375610468413e-05,1.1629058147220656e-05,1.160391203886011e-05,1.1578935349764828e-05,1.1554126174885982e-05,1.1529482639128517e-05,1.1505002896747003e-05,1.1480685130756377e-05,1.1456527552357173e-05,1.1432528400374643e-05,1.1408685940711558e-05,1.1384998465814134e-05,1.136146429415091e-05,1.1338081769704025e-05,1.1314849261472618e-05,1.1291765162987938e-05,1.126882789184008e-05,1.1246035889215753e-05,1.1223387619446813e-05,1.1200881569569397e-05,1.1178516248893357e-05,1.1156290188581441e-05,1.1134201941238387e-05,1.1112250080509291e-05,1.1090433200687228e-05,1.1068749916329718e-05,1.1047198861883953e-05,1.102577869132041e-05,1.1004488077774716e-05,1.098332571319753e-05,1.0962290308012255e-05,1.0941380590780216e-05,1.0920595307873367e-05,1.0899933223154176e-05,1.0879393117662438e-05,1.0858973789309051e-05,1.0838674052576303e-05,1.0818492738224824e-05,1.079842869300666e-05,1.0778480779384707e-05,1.0758647875258007e-05,1.073892887369292e-05,1.0719322682660072e-05,1.0699828224776829e-05,1.068044443705516e-05,1.066117027065484e-05,1.064200469064179e-05,1.062294667575148e-05,1.0603995218157139e-05,1.0585149323242928e-05,1.0566408009381611e-05,1.0547770307716957e-05,1.052923526195039e-05,1.0510801928132151e-05,1.0492469374456629e-05,1.0474236681061827e-05,1.0456102939832849e-05,1.0438067254209401e-05,1.0420128738997044e-05,1.0402286520182268e-05,1.0384539734751268e-05,1.0366887530512154e-05,1.0349329065920876e-05,1.0331863509910389e-05,1.0314490041723222e-05,1.0297207850747356e-05,1.0280016136355207e-05,1.0262914107745775e-05,1.0245900983789845e-05,1.0228975992878133e-05,1.0212138372772326e-05,1.019538737045902e-05,1.0178722242006391e-05,1.0162142252423572e-05,1.0145646675522784e-05,1.0129234793783876e-05,1.0112905898221606e-05,1.0096659288255272e-05,1.0080494271580775e-05,1.0064410164045168e-05,1.0048406289523383e-05,1.0032481979797336e-05,1.001663657443722e-05,1.0000869420684908e-05,9.985179873339619e-06,9.969567294645518e-06,9.954031054181499e-06,9.938570528752804e-06,9.923185102284718e-06,9.907874165718133e-06,9.892637116906944e-06,9.877473360517335e-06,9.862382307928823e-06,9.847363377137034e-06,9.832415992658272e-06,9.817539585435667e-06,9.80273359274705e-06,9.787997458114405e-06,9.773330631214907e-06,9.75873256779349e-06,9.744202729576956e-06,9.729740584189542e-06,9.71534560506998e-06,9.701017271389945e-06,9.686755067973886e-06,9.672558485220293e-06,9.658427019024183e-06,9.644360170701062e-06,9.630357446911987e-06,9.616418359590097e-06,9.602542425868152e-06,9.588729168007496e-06,9.574978113328021e-06,9.56128879413948e-06,9.547660747673762e-06,9.534093516018424e-06,9.520586646051216e-06,9.50713968937581e-06,9.493752202258412e-06,9.48042374556553e-06,9.467153884702792e-06,9.453942189554594e-06,9.440788234424893e-06,9.42769159797885e-06,9.414651863185504e-06,9.401668617261234e-06,9.38874145161427e-06,9.375869961789982e-06,9.36305374741711e-06,9.350292412154815e-06,9.337585563640557e-06,9.324932813438825e-06,9.312333776990643e-06,9.299788073563903e-06,9.287295326204438e-06,9.274855161687885e-06,9.262467210472285e-06,9.250131106651427e-06,9.23784648790888e-06,9.22561299547279e-06,9.213430274071348e-06,9.201297971888893e-06,9.189215740522762e-06,9.177183234940762e-06,9.165200113439292e-06,9.153266037602064e-06,9.141380672259537e-06,9.129543685448886e-06,9.117754748374563e-06,9.106013535369557e-06,9.094319723857064e-06,9.082672994312895e-06,9.071073030228366e-06,9.059519518073718e-06,9.048012147262099e-06,9.036550610114107e-06,9.025134601822832e-06,9.013763820419376e-06,9.002437966738943e-06,8.991156744387385e-06,8.979919859708225e-06,8.968727021750212e-06,8.957577942235269e-06,8.946472335526952e-06,8.935409918599381e-06,8.924390411006562e-06,8.91341353485223e-06,8.902479014759985e-06,8.89158657784403e-06,8.880735953680169e-06,8.869926874277304e-06,8.85915907404933e-06,8.84843228978739e-06,8.837746260632566e-06,8.827100728048891e-06,8.816495435796809e-06,8.80593012990693e-06,8.795404558654263e-06,8.784918472532658e-06,8.774471624229725e-06,8.764063768602052e-06,8.753694662650753e-06,8.743364065497393e-06,8.73307173836017e-06,8.72281744453053e-06,8.712600949350003e-06,8.70242202018741e-06,8.692280426416359e-06,8.68217593939302e-06,8.672108332434284e-06,8.662077380796115e-06,8.652082861652272e-06,8.642124554073266e-06,8.632202239005622e-06,8.622315699251415e-06,8.612464719448075e-06,8.602649086048461e-06,8.592868587301215e-06,8.583123013231331e-06,8.57341215562103e-06,8.56373580799087e-06,8.554093765581113e-06,8.544485825333254e-06,8.53491178587195e-06,8.525371447487035e-06,8.515864612115875e-06,8.506391083325849e-06,8.496950666297177e-06,8.487543167805854e-06,8.47816839620689e-06,8.468826161417692e-06,8.45951627490177e-06,8.450238549652498e-06,8.440992800177203e-06,8.431778842481447e-06,8.422596494053395e-06,8.413445573848538e-06,8.404325902274529e-06,8.395237301176207e-06,8.386179593820791e-06,8.377152604883314e-06,8.368156160432228e-06,8.359190087915166e-06,8.350254216144871e-06,8.341348375285319e-06,8.332472396838053e-06,8.323626113628617e-06,8.314809359793187e-06,8.30602197076538e-06,8.297263783263196e-06,8.288534635276174e-06,8.27983436605264e-06,8.271162816087133e-06,8.262519827108023e-06,8.253905242065199e-06,8.245318905118e-06,8.236760661623235e-06,8.228230358123356e-06,8.21972784233477e-06,8.21125296313631e-06,8.202805570557811e-06,8.194385515768898e-06,8.185992651067798e-06,8.177626829870376e-06,8.169287906699242e-06,8.16097573717304e-06,8.152690177995819e-06,8.144431086946571e-06,8.136198322868827e-06,8.127991745660454e-06,8.119811216263532e-06,8.111656596654343e-06,8.103527749833477e-06,8.095424539816086e-06,8.08734683162222e-06,8.079294491267288e-06,8.071267385752604e-06,8.063265383056106e-06,8.0552883521231e-06,8.047336162857168e-06,8.039408686111188e-06,8.031505793678374e-06,8.023627358283521e-06,8.01577325357431e-06,8.007943354112682e-06,8.000137535366349e-06,7.992355673700414e-06,7.984597646368999e-06,7.9768633315071e-06,7.969152608122412e-06,7.96146535608732e-06,7.953801456130955e-06,7.94616078983135e-06,7.938543239607653e-06,7.930948688712473e-06,7.923377021224265e-06,7.91582812203983e-06,7.908301876866923e-06,7.90079817221686e-06,7.89331689539729e-06,7.885857934504994e-06,7.8784211784188e-06,7.871006516792565e-06,7.863613840048182e-06,7.856243039368794e-06,7.848894006691898e-06,7.841566634702695e-06,7.834260816827423e-06,7.826976447226777e-06,7.819713420789398e-06,7.812471633125448e-06,7.805250980560234e-06,7.79805136012794e-06,7.790872669565367e-06,7.783714807305755e-06,7.776577672472758e-06,7.769461164874339e-06,7.762365184996862e-06,7.75528963399911e-06,7.748234413706539e-06,7.741199426605446e-06,7.734184575837244e-06,7.727189765192842e-06,7.720214899107008e-06,7.713259882652882e-06,7.706324621536422e-06,7.69940902209106e-06,7.692512991272291e-06,7.685636436652362e-06,7.678779266415044e-06,7.671941389350396e-06,7.665122714849658e-06,7.658323152900134e-06,7.651542614080143e-06,7.644781009554072e-06,7.638038251067397e-06,7.631314250941821e-06,7.6246089220704306e-06,7.617922177912913e-06,7.611253932490812e-06,7.604604100382841e-06,7.597972596720264e-06,7.591359337182267e-06,7.584764237991438e-06,7.578187215909241e-06,7.571628188231605e-06,7.56508707278446e-06,7.558563787919409e-06,7.552058252509374e-06,7.54557038594436e-06,7.539100108127191e-06,7.532647339469304e-06,7.526212000886634e-06,7.519794013795472e-06,7.513393300108427e-06,7.5070097822303536e-06,7.500643383054413e-06,7.494294025958081e-06,7.487961634799256e-06,7.481646133912406e-06,7.4753474481047005e-06,7.469065502652236e-06,7.462800223296262e-06,7.4565515362394785e-06,7.450319368142335e-06,7.4441036461193955e-06,7.437904297735709e-06,7.431721251003223e-06,7.425554434377276e-06,7.419403776753051e-06,7.413269207462115e-06,7.40715065626897e-06,7.401048053367674e-06,7.3949613293783935e-06,7.388890415344156e-06,7.382835242727435e-06,7.376795743406962e-06,7.370771849674427e-06,7.364763494231251e-06,7.358770610185447e-06,7.3527931310484095e-06,7.346830990731825e-06,7.340884123544567e-06,7.334952464189608e-06,7.32903594776099e-06,7.3231345097408395e-06,7.3172480859963495e-06,7.311376612776845e-06,7.305520026710822e-06,7.299678264803132e-06,7.293851264432007e-06,7.288038963346292e-06,7.2822412996625715e-06,7.27645821186241e-06,7.270689638789585e-06,7.264935519647316e-06,7.259195793995593e-06,7.253470401748441e-06,7.247759283171292e-06,7.242062378878312e-06,7.23637962982979e-06,7.230710977329586e-06,7.225056363022493e-06,7.21941572889175e-06,7.213789017256483e-06,7.208176170769219e-06,7.202577132413398e-06,7.196991845500936e-06,7.191420253669788e-06,7.185862300881527e-06,7.180317931418959e-06,7.174787089883761e-06,7.169269721194137e-06,7.16376577058248e-06,7.1582751835930815e-06,7.152797906079844e-06,7.147333884204014e-06,7.14188306443195e-06,7.136445393532887e-06,7.131020818576737e-06,7.125609286931913e-06,7.1202107462631535e-06,7.1148251445293945e-06,7.109452429981629e-06,7.104092551160806e-06,7.098745456895722e-06,7.093411096301e-06,7.088089418774986e-06,7.082780373997741e-06,7.077483911929015e-06,7.072199982806271e-06,7.0669285371426595e-06,7.061669525725093e-06,7.056422899612311e-06,7.051188610132878e-06,7.045966608883363e-06,7.0407568477263895e-06,7.035559278788738e-06,7.030373854459538e-06,7.025200527388377e-06,7.020039250483498e-06,7.014889976909949e-06,7.009752660087821e-06,7.0046272536904245e-06,6.999513711642554e-06,6.994411988118701e-06,6.989322037541361e-06,6.984243814579241e-06,6.979177274145617e-06,6.974122371396586e-06,6.969079061729413e-06,6.964047300780866e-06,6.959027044425542e-06,6.954018248774245e-06,6.94902087017235e-06,6.944034865198204e-06,6.9390601906615175e-06,6.934096803601766e-06,6.929144661286663e-06,6.924203721210552e-06,6.919273941092887e-06,6.914355278876701e-06,6.909447692727071e-06,6.904551141029618e-06,6.899665582389028e-06,6.894790975627533e-06,6.889927279783498e-06,6.885074454109889e-06,6.880232458072888e-06,6.875401251350443e-06,6.870580793830829e-06,6.86577104561125e-06,6.860971966996437e-06,6.856183518497269e-06,6.851405660829383e-06,6.8466383549118655e-06,6.841881561865703e-06,6.837135243012739e-06,6.832399359874124e-06,6.827673874169072e-06,6.822958747813528e-06,6.818253942918878e-06,6.813559421790657e-06,6.808875146927274e-06,6.804201081018737e-06,6.799537186945396e-06,6.794883427776697e-06,6.790239766769946e-06,6.7856061673690666e-06,6.780982593203403e-06,6.7763690080864925e-06,6.771765376014872e-06,6.767171661166913e-06,6.762587827901577e-06,6.758013840757318e-06,6.753449664450869e-06,6.7488952638761185e-06,6.74435060410295e-06,6.739815650376124e-06,6.735290368114127e-06,6.730774722908086e-06,6.726268680520636e-06,6.72177220688484e-06,6.717285268103076e-06,6.712807830445979e-06,6.7083398603513425e-06,6.703881324423081e-06,6.6994321894301525e-06,6.694992422305507e-06,6.690561990145069e-06,6.686140860206685e-06,6.6817289999091075e-06,6.677326376830966e-06,6.672932958709782e-06,6.668548713440938e-06,6.664173609076714e-06,6.6598076138252826e-06,6.655450696049721e-06,6.651102824267079e-06,6.646763967147392e-06,6.642434093512711e-06,6.638113172336169e-06,6.633801172741049e-06,6.62949806399984e-06,6.625203815533299e-06,6.620918396909562e-06,6.6166417778431854e-06,6.612373928194286e-06,6.6081148179676125e-06,6.6038644173116696e-06,6.599622696517811e-06,6.595389626019388e-06,6.591165176390848e-06,6.5869493183469065e-06,6.582742022741647e-06,6.578543260567678e-06,6.574353002955332e-06,6.57017122117174e-06,6.5659978866200794e-06,6.561832970838693e-06,6.557676445500288e-06,6.553528282411135e-06,6.5493884535102195e-06,6.5452569308684765e-06,6.541133686687978e-06,6.537018693301126e-06,6.532911923169901e-06,6.5288133488850476e-06,6.5247229431653115e-06,6.520640678856695e-06,6.516566528931646e-06,6.512500466488358e-06,6.508442464749967e-06,6.50439249706382e-06,6.500350536900768e-06,6.496316557854378e-06,6.492290533640241e-06,6.48827243809523e-06,6.484262245176786e-06,6.480259928962192e-06,6.476265463647891e-06,6.472278823548755e-06,6.468299983097389e-06,6.464328916843447e-06,6.460365599452958e-06,6.4564100057076e-06,6.452462110504053e-06,6.448521888853321e-06,6.4445893158800575e-06,6.440664366821894e-06,6.436747017028794e-06,6.432837241962386e-06,6.428935017195327e-06,6.42504031841063e-06,6.421153121401072e-06,6.417273402068499e-06,6.4134011364232295e-06,6.409536300583419e-06,6.40567887077444e-06,6.401828823328247e-06,6.3979861346827936e-06,6.394150781381386e-06,6.3903227400720964e-06,6.386501987507161e-06,6.382688500542382e-06,6.378882256136536e-06,6.375083231350776e-06,6.37129140334806e-06,6.3675067493925475e-06,6.3637292468490524e-06,6.359958873182448e-06,6.356195605957115e-06,6.352439422836348e-06,6.348690301581831e-06,6.3449482200530565e-06,6.3412131562067855e-06,6.3374850880964745e-06,6.3337639938717675e-06,6.330049851777918e-06,6.326342640155276e-06,6.32264233743874e-06,6.318948922157233e-06,6.315262372933168e-06,6.311582668481935e-06,6.307909787611368e-06,6.304243709221238e-06,6.300584412302745e-06,6.296931875937995e-06,6.293286079299509e-06,6.2896470016497035e-06,6.286014622340402e-06,6.282388920812338e-06,6.278769876594667e-06,6.275157469304467e-06,6.2715516786462655e-06,6.267952484411542e-06,6.264359866478263e-06,6.260773804810401e-06,6.257194279457465e-06,6.253621270554021e-06,6.250054758319234e-06,6.246494723056396e-06,6.242941145152491e-06,6.239394005077708e-06,6.235853283384992e-06,6.23231896070961e-06,6.228791017768687e-06,6.225269435360771e-06,6.221754194365386e-06,6.218245275742588e-06,6.214742660532538e-06,6.211246329855064e-06,6.207756264909241e-06,6.204272446972935e-06,6.2007948574024206e-06,6.197323477631908e-06,6.19385828917317e-06,6.190399273615107e-06,6.186946412623324e-06,6.18349968793973e-06,6.180059081382136e-06,6.176624574843833e-06,6.173196150293208e-06,6.169773789773322e-06,6.166357475401523e-06,6.162947189369068e-06,6.159542913940695e-06,6.1561446314542596e-06,6.152752324320342e-06,6.149365975021846e-06,6.145985566113649e-06,6.142611080222195e-06,6.139242500045117e-06,6.135879808350879e-06,6.1325229879784135e-06,6.12917202183666e-06,6.125826892904345e-06,6.122487584229509e-06,6.1191540789291785e-06,6.115826360189002e-06,6.112504411262878e-06,6.10918821547263e-06,6.105877756207624e-06,6.1025730169244155e-06,6.099273981146429e-06,6.095980632463576e-06,6.092692954531933e-06,6.089410931073391e-06,6.086134545875318e-06,6.0828637827902054e-06,6.079598625735352e-06,6.076339058692527e-06,6.073085065707615e-06,6.069836630890313e-06,6.066593738413798e-06,6.063356372514378e-06,6.0601245174912e-06,6.0568981577059075e-06,6.053677277582323e-06,6.050461861606141e-06,6.04725189432459e-06,6.044047360346133e-06,6.040848244340177e-06,6.037654531036712e-06,6.0344662052260575e-06,6.031283251758516e-06,6.028105655544082e-06,6.02493340155215e-06,6.021766474811192e-06,6.018604860408479e-06,6.015448543489776e-06,6.012297509259043e-06,6.00915174297816e-06,6.006011229966604e-06,6.00287595560119e-06,5.999745905315761e-06,5.9966210646009196e-06,5.993501419003725e-06,5.990386954127427e-06,5.98727765563117e-06,5.984173509229753e-06,5.981074500693278e-06,5.9779806158469515e-06,5.9748918405707564e-06,5.971808160799213e-06,5.968729562521096e-06,5.965656265509991e-06,5.962588015559284e-06,5.959524796119777e-06,5.9564665945599085e-06,5.953413397722978e-06,5.950365192041209e-06,5.947321964768964e-06,5.944283702382909e-06,5.9412503915909e-06,5.938222019196587e-06,5.935198572096707e-06,5.93218003704599e-06,5.929166400909268e-06,5.926157650792055e-06,5.923153773513459e-06,5.920154756085784e-06,5.917160585563207e-06,5.9141712490404656e-06,5.911186733655057e-06,5.908207026585764e-06,5.90523211505397e-06,5.902261986204511e-06,5.899296627453222e-06,5.896336026121346e-06,5.8933801695616995e-06,5.890429045274242e-06,5.887482640726958e-06,5.884540943229113e-06,5.881603940899741e-06,5.8786716209983004e-06,5.875743971168807e-06,5.872820979097622e-06,5.869902632513337e-06,5.866988919186916e-06,5.864079826931014e-06,5.861175343600984e-06,5.858275457094085e-06,5.855380155349248e-06,5.852489426347727e-06,5.84960325811245e-06,5.846721638711936e-06,5.843844556245305e-06,5.840971998863611e-06,5.838103954597054e-06,5.8352404128875255e-06,5.83238136006314e-06,5.8295267853359925e-06,5.8266766768813625e-06,5.82383102326148e-06,5.82098981290595e-06,5.818153034305174e-06,5.815320675963942e-06,5.812492726443696e-06,5.809669174336959e-06,5.806850008484096e-06,5.804035217365618e-06,5.801224789901346e-06,5.798418714285883e-06,5.7956169798447645e-06,5.792819575077389e-06,5.79002648908091e-06,5.787237710741033e-06,5.784453229227844e-06,5.781673033267587e-06,5.778897111918758e-06,5.77612545425164e-06,5.773358049168643e-06,5.770594887052136e-06,5.767835955118802e-06,5.76508124359833e-06,5.7623307417253875e-06,5.7595844387546635e-06,5.756842323693559e-06,5.7541043864594655e-06,5.751370616257256e-06,5.748641002380938e-06,5.745915534636609e-06,5.743194202368066e-06,5.74047699508683e-06,5.73776390249068e-06,5.73505491420737e-06,5.732350019721003e-06,5.7296492088653856e-06,5.726952471393497e-06,5.724259796967048e-06,5.721571175557062e-06,5.7188865968718795e-06,5.716206050806307e-06,5.713529527220141e-06,5.710857016191799e-06,5.708188507697196e-06,5.705523992020056e-06,5.702863458951884e-06,5.700206898582716e-06,5.697554300951748e-06,5.694905656363965e-06,5.692260955327747e-06,5.689620187434546e-06,5.686983343428252e-06,5.684350413072289e-06,5.681721386635367e-06,5.679096255244515e-06,5.676475009099877e-06,5.673857638369975e-06,5.671244133575293e-06,5.66863448492454e-06,5.666028683231615e-06,5.663426719039425e-06,5.660828582554374e-06,5.658234265229589e-06,5.655643757886324e-06,5.653057049736349e-06,5.650474132351699e-06,5.64789499646564e-06,5.645319632906593e-06,5.64274803247315e-06,5.640180186113395e-06,5.6376160843080705e-06,5.635055718421261e-06,5.632499079314303e-06,5.62994615793667e-06,5.627396945090021e-06,5.624851431907448e-06,5.622309609443615e-06,5.619771468788085e-06,5.6172370009754395e-06,5.614706197407182e-06,5.612179049101881e-06,5.609655547161361e-06,5.6071356829178615e-06,5.604619447529589e-06,5.602106832386354e-06,5.599597827997323e-06,5.597092426754285e-06,5.594590620465984e-06,5.592092399575361e-06,5.589597756240587e-06,5.5871066815468456e-06,5.584619167007701e-06,5.582135204116563e-06,5.579654784495349e-06,5.577177899694455e-06,5.574704541358634e-06,5.572234701081465e-06,5.569768370381408e-06,5.56730554110083e-06,5.564846204961644e-06,5.562390353711142e-06,5.559937979124323e-06,5.557489073006808e-06,5.555043627189369e-06,5.552601633526493e-06,5.550163084181323e-06,5.547727970508582e-06,5.545296285000791e-06,5.542868018579949e-06,5.5404431639987835e-06,5.538021713277036e-06,5.535603658462341e-06,5.533188991610411e-06,5.530777705444141e-06,5.528369790851667e-06,5.5259652405875285e-06,5.523564047475199e-06,5.521166203010789e-06,5.518771699468244e-06,5.516380529098666e-06,5.513992684175075e-06,5.5116081569913185e-06,5.5092269398747454e-06,5.506849025174755e-06,5.504474405261895e-06,5.502103072531308e-06,5.4997350194039205e-06,5.497370238329533e-06,5.495008721777071e-06,5.492650462241601e-06,5.490295452239477e-06,5.487943683441128e-06,5.4855951493032096e-06,5.483249842401641e-06,5.4809077561574466e-06,5.47856888241151e-06,5.476233213823624e-06,5.473900743076552e-06,5.47157146287922e-06,5.469245365968015e-06,5.466922445093115e-06,5.464602693032026e-06,5.4622861025886235e-06,5.459972666582817e-06,5.45766237786407e-06,5.4553552284343095e-06,5.453051212066099e-06,5.450750321662326e-06,5.448452550177326e-06,5.4461578905749465e-06,5.4438663358141275e-06,5.4415778797598915e-06,5.4392925145861226e-06,5.437010233266213e-06,5.4347310289678225e-06,5.432454894823757e-06,5.4301818237717545e-06,5.427911809052848e-06,5.425644843708461e-06,5.423380921031264e-06,5.421120033494453e-06,5.418862175050764e-06,5.4166073389480375e-06,5.414355518463334e-06,5.412106706852822e-06,5.4098608974337745e-06,5.4076180835364685e-06,5.405378258501692e-06,5.403141415707148e-06,5.400907548529857e-06,5.398676650387008e-06,5.396448714693506e-06,5.394223734924431e-06,5.392001704512536e-06,5.3897826169690846e-06,5.387566465824625e-06,5.3853532445818925e-06,5.38314294679133e-06,5.38093556603247e-06,5.378731095896466e-06,5.3765295299809725e-06,5.374330861920539e-06,5.372135085381234e-06,5.369942194007697e-06,5.3677521814905944e-06,5.3655650415542235e-06,5.3633807679067915e-06,5.36119935429635e-06,5.359020794990315e-06,5.35684508319168e-06,5.354672212541753e-06,5.352502177452014e-06,5.35033496979333e-06,5.348170586721026e-06,5.346009020412174e-06,5.343850265735809e-06,5.341694315242381e-06,5.3395411621312294e-06,5.33739080235857e-06,5.335243228991266e-06,5.333098436138784e-06,5.330956417634939e-06,5.3288171675764794e-06,5.326680680050103e-06,5.324546949094518e-06,5.322415968800705e-06,5.320287733053988e-06,5.318162236169645e-06,5.31603947259631e-06,5.313919435859767e-06,5.311802121397093e-06,5.309687522038018e-06,5.307575632389946e-06,5.305466446691503e-06,5.30335995914062e-06,5.301256164039451e-06,5.299155055649202e-06,5.2970566282405754e-06,5.29496087612222e-06,5.292867793581078e-06,5.290777374999162e-06,5.288689614877404e-06,5.286604507306588e-06,5.28452204692064e-06,5.282442228073571e-06,5.280365044771584e-06,5.278290491788529e-06,5.276218563577666e-06,5.274149254871979e-06,5.27208256007331e-06,5.270018473372561e-06,5.267956989299546e-06,5.2658981026069245e-06,5.263841807651399e-06,5.261788098705063e-06,5.259736970779581e-06,5.25768841843616e-06,5.255642436449016e-06,5.253599019375633e-06,5.251558161474486e-06,5.249519857869986e-06,5.247484103064182e-06,5.245450891281585e-06,5.243420218323551e-06,5.241392078341432e-06,5.239366466076652e-06,5.237343376285841e-06,5.235322803532358e-06,5.233304742699074e-06,5.2312891887649745e-06,5.2292761367917334e-06,5.227265581298095e-06,5.225257517127341e-06,5.223251938983727e-06,5.221248842187914e-06,5.219248221274899e-06,5.217250071143314e-06,5.215254386727001e-06,5.213261162976079e-06,5.211270394966934e-06,5.209282077552279e-06,5.207296205754387e-06,5.205312774561462e-06,5.2033317789630406e-06,5.201353213984551e-06,5.199377074688926e-06,5.197403356143463e-06,5.195432053486928e-06,5.1934631616153466e-06,5.1914966756177954e-06,5.1895325907455956e-06,5.187570901787274e-06,5.185611604440017e-06,5.1836546928990674e-06,5.181700163491275e-06,5.179748011009327e-06,5.177798230583407e-06,5.175850817350218e-06,5.173905766515605e-06,5.171963073339072e-06,5.170022733194373e-06,5.168084740818683e-06,5.166149092074569e-06,5.16421578201639e-06,5.162284805839026e-06,5.160356159028634e-06,5.158429836888283e-06,5.156505834838092e-06,5.15458414810917e-06,5.152664772066147e-06,5.150747702082282e-06,5.14883293348091e-06,5.146920461770735e-06,5.145010282327567e-06,5.143102390565425e-06,5.141196781930901e-06,5.139293451895713e-06,5.137392395910569e-06,5.1354936095505166e-06,5.1335970882401e-06,5.1317028274690366e-06,5.129810823111113e-06,5.127921069788673e-06,5.126033563657188e-06,5.124148300172689e-06,5.122265274721042e-06,5.120384483379481e-06,5.118505921421566e-06,5.11662958441267e-06,5.1147554680286885e-06,5.112883567946087e-06,5.111013879628228e-06,5.109146398909471e-06,5.107281121460061e-06,5.105418043124259e-06,5.103557159251979e-06,5.101698465279117e-06,5.099841957277911e-06,5.0979876309716674e-06,5.096135482093659e-06,5.094285506386412e-06,5.092437699615104e-06,5.090592057542092e-06,5.088748575949647e-06,5.086907250662273e-06,5.085068077423543e-06,5.083231052288068e-06,5.081396171487925e-06,5.07956342955274e-06,5.077732822941601e-06,5.075904348314086e-06,5.074078000091162e-06,5.072253775630955e-06,5.070431669388925e-06,5.06861167865344e-06,5.06679379798766e-06,5.064978024491472e-06,5.0631643530772645e-06,5.061352780101643e-06,5.059543301613664e-06,5.057735913624273e-06,5.055930612098355e-06,5.054127393392823e-06,5.052326252778496e-06,5.050527186996266e-06,5.048730191430989e-06,5.0469352623953375e-06,5.0451423959358e-06,5.043351587720649e-06,5.0415628342049115e-06,5.039776131491394e-06,5.037991475623435e-06,5.036208863110461e-06,5.034428289670684e-06,5.0326497514246545e-06,5.030873243794055e-06,5.029098764335506e-06,5.027326308492018e-06,5.025555872353833e-06,5.023787452154342e-06,5.022021044093023e-06,5.020256644379778e-06,5.018494249192388e-06,5.016733854838043e-06,5.014975457403458e-06,5.01321905292597e-06,5.011464637284084e-06,5.009712207834184e-06,5.007961760536825e-06,5.006213291503248e-06,5.004466796951042e-06,5.002722273190423e-06,5.000979716631484e-06,4.999239123366571e-06,4.997500489816079e-06,4.995763812246339e-06,4.994029087121153e-06,4.992296310573444e-06,4.990565479283943e-06,4.98883658919987e-06,4.987109637128895e-06,4.9853846193054654e-06,4.983661531524774e-06,4.981940371746443e-06,4.98022113508719e-06,4.9785038182663766e-06,4.97678841767375e-06,4.975074928801356e-06,4.9733633508385185e-06,4.971653677976664e-06,4.969945907033494e-06,4.968240034840325e-06,4.966536057762909e-06,4.964833972207102e-06,4.963133775125226e-06,4.961435462396533e-06,4.959739030676666e-06,4.958044476730096e-06,4.956351797242917e-06,4.9546609885255735e-06,4.95297204607401e-06,4.9512849680823486e-06,4.949599750852687e-06,4.947916390576342e-06,4.9462348839406536e-06,4.944555227574283e-06,4.942877417704364e-06,4.9412014515244376e-06,4.939527325761855e-06,4.937855036710577e-06,4.936184581069168e-06,4.934515955559019e-06,4.932849156808479e-06,4.931184181413901e-06,4.9295210260772806e-06,4.927859687339813e-06,4.926200162032829e-06,4.924542447205813e-06,4.922886539292704e-06,4.92123243517746e-06,4.919580131289091e-06,4.917929624559327e-06,4.916280912177178e-06,4.914633989897642e-06,4.912988854976128e-06,4.911345504254373e-06,4.909703934550696e-06,4.9080641425182345e-06,4.906426124841649e-06,4.904789878818426e-06,4.9031554008715875e-06,4.901522687014542e-06,4.8998917357940736e-06,4.898262543212661e-06,4.896635106447325e-06,4.895009421790198e-06,4.8933854860793955e-06,4.891763297235567e-06,4.890142850847006e-06,4.888524144042681e-06,4.88690717406408e-06,4.8852919378358965e-06,4.883678432101067e-06,4.882066654013022e-06,4.88045660009175e-06,4.878848267490713e-06,4.877241653210396e-06,4.87563675344257e-06,4.874033566504382e-06,4.872432088630456e-06,4.870832316831322e-06,4.869234249054422e-06,4.867637880403542e-06,4.8660432091610566e-06,4.864450231980459e-06,4.86285894584895e-06,4.861269347375914e-06,4.859681434021252e-06,4.858095202789349e-06,4.856510650784797e-06,4.854927774627202e-06,4.853346572028265e-06,4.8517670399691245e-06,4.850189175215061e-06,4.848612974914393e-06,4.847038436005232e-06,4.845465555568951e-06,4.843894329698071e-06,4.8423247579185294e-06,4.840756835892257e-06,4.839190561114185e-06,4.837625930523758e-06,4.836062941224922e-06,4.834501590398352e-06,4.832941875133835e-06,4.831383792750637e-06,4.829827340138392e-06,4.828272514483665e-06,4.826719313232905e-06,4.825167733092568e-06,4.823617772363621e-06,4.822069426766928e-06,4.820522693960689e-06,4.81897757157637e-06,4.817434056681581e-06,4.815892146068564e-06,4.8143518376448865e-06,4.812813128318861e-06,4.811276015108909e-06,4.8097404953265294e-06,4.80820656658988e-06,4.806674225745751e-06,4.805143470413694e-06,4.8036142977343764e-06,4.802086704933037e-06,4.800560689321666e-06,4.799036248195605e-06,4.7975133788584555e-06,4.7959920785749615e-06,4.794472344769923e-06,4.792954175413448e-06,4.791437566322605e-06,4.78992251562178e-06,4.788409020640652e-06,4.786897078657586e-06,4.785386687127833e-06,4.7838778434095026e-06,4.782370544415152e-06,4.78086478823795e-06,4.779360571996321e-06,4.77785789290185e-06,4.776356748642865e-06,4.774857136770816e-06,4.7733590540691685e-06,4.771862498013213e-06,4.770367466221184e-06,4.768873956069036e-06,4.767381965021333e-06,4.765891490756841e-06,4.764402530776971e-06,4.762915081682862e-06,4.7614291413793e-06,4.759944707422955e-06,4.75846177731558e-06,4.756980348473573e-06,4.755500418324271e-06,4.754021984499265e-06,4.752545044279381e-06,4.751069595278096e-06,4.749595634901222e-06,4.748123160812761e-06,4.7466521703891665e-06,4.7451826611728875e-06,4.7437146306044655e-06,4.742248076268695e-06,4.740782995646078e-06,4.739319386438549e-06,4.737857246159596e-06,4.736396572208442e-06,4.734937362273902e-06,4.733479613938566e-06,4.7320233246304476e-06,4.730568491614563e-06,4.729115113159452e-06,4.727663186496423e-06,4.726212709300196e-06,4.724763679215464e-06,4.7233160937146705e-06,4.721869950467488e-06,4.720425247069794e-06,4.7189819811348474e-06,4.7175401502867845e-06,4.716099752136223e-06,4.714660784068442e-06,4.71322324395892e-06,4.711787129318452e-06,4.710352438222801e-06,4.70891916830998e-06,4.707487316965329e-06,4.706056881648948e-06,4.704627860544084e-06,4.703200251044315e-06,4.701774050167974e-06,4.700349256363901e-06,4.698925867634134e-06,4.69750388128824e-06,4.696083295177282e-06,4.694664106799488e-06,4.693246313813102e-06,4.69182991429583e-06,4.690414905651417e-06,4.68900128571172e-06,4.687589052068319e-06,4.686178202572206e-06,4.684768734970719e-06,4.683360647011415e-06,4.681953936457273e-06,4.6805486010638255e-06,4.679144638597934e-06,4.6777420467672335e-06,4.6763408234124915e-06,4.674940966314854e-06,4.673542473260913e-06,4.672145342041716e-06,4.6707495704533516e-06,4.6693551563756685e-06,4.667962097458415e-06,4.666570391591041e-06,4.665180036658341e-06,4.663791030420909e-06,4.662403370697959e-06,4.661017055315189e-06,4.659632082109302e-06,4.658248448898262e-06,4.656866153585195e-06,4.655485193977848e-06,4.654105567894895e-06,4.652727273292481e-06,4.6513503079383544e-06,4.6499746697783545e-06,4.6486003566621586e-06,4.647227366493215e-06,4.645855697071147e-06,4.6444853461702496e-06,4.6431163120178965e-06,4.64174859221392e-06,4.640382184838746e-06,4.639017087837407e-06,4.637653298883949e-06,4.636290816263956e-06,4.634929637692797e-06,4.63356976103815e-06,4.632211184351085e-06,4.630853905459718e-06,4.629497922217508e-06,4.6281432328664765e-06,4.626789835031824e-06,4.625437726975659e-06,4.624086906134139e-06,4.622737371032421e-06,4.621389119350851e-06,4.620042149232903e-06,4.61869645859999e-06,4.617352045652354e-06,4.616008907815205e-06,4.614667043529229e-06,4.613326450625143e-06,4.611987127006769e-06,4.610649071154764e-06,4.609312280403039e-06,4.607976753401284e-06,4.606642487859934e-06,4.605309481550662e-06,4.603977732850814e-06,4.60264723980058e-06,4.601318000033245e-06,4.599990011902175e-06,4.59866327363915e-06,4.5973377829495265e-06,4.596013537922757e-06,4.594690536879422e-06,4.593368777597076e-06,4.592048258314744e-06,4.590728976824753e-06,4.58941093154364e-06,4.588094120421515e-06,4.586778541448916e-06,4.585464192737255e-06,4.584151072318327e-06,4.582839178499282e-06,4.581528509102725e-06,4.580219062134533e-06,4.578910836335351e-06,4.57760382939885e-06,4.576298039498876e-06,4.574993464546575e-06,4.573690102845133e-06,4.572387952661094e-06,4.571087011988966e-06,4.56978727872142e-06,4.5684887512942905e-06,4.567191427893971e-06,4.565895306584589e-06,4.564600385463015e-06,4.563306662462603e-06,4.562014136242743e-06,4.560722804692208e-06,4.559432665984307e-06,4.558143718304039e-06,4.556855959634952e-06,4.5555693885081795e-06,4.5542840026899794e-06,4.552999800603259e-06,4.551716780418958e-06,4.55043494062239e-06,4.549154279137258e-06,4.5478747941685426e-06,4.5465964839135715e-06,4.545319346589644e-06,4.5440433804015345e-06,4.542768583569455e-06,4.541494953545424e-06,4.540222489239404e-06,4.538951189693062e-06,4.5376810524082225e-06,4.536412075757476e-06,4.535144257523719e-06,4.5338775964199856e-06,4.53261208997618e-06,4.531347737799293e-06,4.530084537353082e-06,4.528822486553022e-06,4.527561583988389e-06,4.526301828202461e-06,4.525043216978726e-06,4.523785748865742e-06,4.522529422061646e-06,4.52127423488807e-06,4.520020185545219e-06,4.518767272756032e-06,4.517515494141542e-06,4.516264848286854e-06,4.515015333672679e-06,4.513766948925845e-06,4.512519691451495e-06,4.511273559677166e-06,4.51002855305264e-06,4.508784668272612e-06,4.50754190414178e-06,4.506300259470051e-06,4.505059732413715e-06,4.503820321041658e-06,4.50258202411513e-06,4.5013448395384336e-06,4.500108765863023e-06,4.498873801662373e-06,4.497639944756447e-06,4.496407194060969e-06,4.495175547440091e-06,4.4939450034622015e-06,4.492715560809624e-06,4.4914872175197155e-06,4.490259971877835e-06,4.489033822450505e-06,4.4878087679190305e-06,4.486584805721055e-06,4.485361934971555e-06,4.484140153917335e-06,4.482919460620596e-06,4.4816998538742125e-06,4.480481331992662e-06,4.479263893213332e-06,4.478047536174476e-06,4.4768322591548184e-06,4.475618060556759e-06,4.47440493879335e-06,4.473192892281991e-06,4.471981919437406e-06,4.4707720186544934e-06,4.4695631883853655e-06,4.46835542706245e-06,4.467148733378757e-06,4.465943105227373e-06,4.4647385413187975e-06,4.463535040082981e-06,4.462332599970359e-06,4.461131219716971e-06,4.459930897854197e-06,4.45873163180553e-06,4.457533420685344e-06,4.456336262953218e-06,4.4551401570722915e-06,4.453945101506533e-06,4.452751094726847e-06,4.4515581352037065e-06,4.45036622141266e-06,4.449175351831209e-06,4.447985524940736e-06,4.446796739221849e-06,4.4456089931644076e-06,4.444422285264475e-06,4.443236613997628e-06,4.442051977884297e-06,4.440868375403851e-06,4.4396858050726645e-06,4.438504265390706e-06,4.437323754908324e-06,4.436144271848305e-06,4.434965815295342e-06,4.433788383444492e-06,4.432611974449902e-06,4.431436587755275e-06,4.430262221123494e-06,4.429088873247376e-06,4.427916542754242e-06,4.426745228085847e-06,4.425574927168938e-06,4.424405639172877e-06,4.423237363414786e-06,4.42207009697488e-06,4.420903839337389e-06,4.419738588363748e-06,4.418574344112238e-06,4.417411103398772e-06,4.416248866234898e-06,4.415087629823405e-06,4.413927394043686e-06,4.412768156093399e-06,4.4116099159883035e-06,4.410452671062311e-06,4.409296420885105e-06,4.408141163432269e-06,4.406986897392542e-06,4.405833621373228e-06,4.404681334035592e-06,4.403530033882146e-06,4.402379719473723e-06,4.40123038952948e-06,4.400082042490745e-06,4.398934676973093e-06,4.397788291741192e-06,4.396642885504353e-06,4.395498456500861e-06,4.394355003549383e-06,4.3932125242696e-06,4.3920710193344855e-06,4.3909304861918585e-06,4.389790923975582e-06,4.388652330568715e-06,4.387514704843079e-06,4.3863780449256525e-06,4.385242351086593e-06,4.3841076204912336e-06,4.382973852425508e-06,4.381841045475444e-06,4.380709198132234e-06,4.379578309003326e-06,4.378448376817126e-06,4.377319400304919e-06,4.376191377202843e-06,4.375064306936951e-06,4.3739381880439405e-06,4.3728130195419755e-06,4.371688801010443e-06,4.3705655298180466e-06,4.369443205375594e-06,4.368321825545061e-06,4.367201388652512e-06,4.366081894506359e-06,4.364963341628318e-06,4.363845728387557e-06,4.362729053510066e-06,4.361613315813829e-06,4.360498513830685e-06,4.359384646221185e-06,4.358271711764475e-06,4.357159708281622e-06,4.356048636241692e-06,4.354938493607828e-06,4.353829278814053e-06,4.352720990787649e-06,4.351613628091235e-06,4.3505071895182756e-06,4.349401673789252e-06,4.348297079652969e-06,4.347193405782184e-06,4.346090650931012e-06,4.344988813828815e-06,4.3438878932063195e-06,4.342787887803062e-06,4.341688796353787e-06,4.340590617452277e-06,4.339493350136116e-06,4.338396992998145e-06,4.337301544770504e-06,4.336207004238563e-06,4.33511337013606e-06,4.334020641217551e-06,4.332928816239795e-06,4.331837893961934e-06,4.330747873145509e-06,4.32965875255444e-06,4.328570530955006e-06,4.327483207115868e-06,4.32639677980805e-06,4.325311247804927e-06,4.324226609882234e-06,4.323142864818044e-06,4.32206001139276e-06,4.320978048389142e-06,4.319896974592258e-06,4.3188167887901136e-06,4.317737489771217e-06,4.316659076328193e-06,4.315581547256296e-06,4.314504901350314e-06,4.31342913741009e-06,4.312354254236838e-06,4.311280250634049e-06,4.310207125407502e-06,4.309134877365239e-06,4.308063505317568e-06,4.306993008077063e-06,4.305923384458541e-06,4.304854633279082e-06,4.303786753358002e-06,4.302719743516862e-06,4.301653602579446e-06,4.300588329371774e-06,4.299523922722088e-06,4.29846038146084e-06,4.297397704420696e-06,4.296335890436532e-06,4.29527493834542e-06,4.294214846986629e-06,4.293155615201621e-06,4.292097241834039e-06,4.291039725729697e-06,4.289983065736603e-06,4.28892726069103e-06,4.287872309441968e-06,4.286818210564271e-06,4.285764963464515e-06,4.284712566239026e-06,4.28366101885447e-06,4.2826103195848374e-06,4.281560466664251e-06,4.280511460194692e-06,4.279463297814246e-06,4.278415979020884e-06,4.277369502686133e-06,4.276323867675701e-06,4.2752790728617915e-06,4.2742351171472295e-06,4.2731919993925704e-06,4.272149718502662e-06,4.271108273328086e-06,4.2700676627882715e-06,4.269027885770926e-06,4.267988941157507e-06,4.266950827846911e-06,4.2659135447349105e-06,4.264877090715021e-06,4.2638414647031206e-06,4.262806665599572e-06,4.261772692287967e-06,4.26073954368793e-06,4.259707218724399e-06,4.258675716297391e-06,4.257645035308659e-06,4.256615174667752e-06,4.25558613328505e-06,4.254557910122475e-06,4.253530504089945e-06,4.25250391408702e-06,4.251478139062769e-06,4.2504531779363e-06,4.249429029638045e-06,4.2484056930640866e-06,4.247383167171248e-06,4.246361450899208e-06,4.245340543183866e-06,4.244320442967664e-06,4.243301149191786e-06,4.242282661722414e-06,4.2412649776293834e-06,4.2402480968045175e-06,4.239232018852969e-06,4.238216741433536e-06,4.2372022641153265e-06,4.236188585885917e-06,4.235175705666995e-06,4.234163622443539e-06,4.233152335648654e-06,4.232141844266454e-06,4.2311321457767394e-06,4.23012324092268e-06,4.2291151275084495e-06,4.228107805507421e-06,4.22710127317882e-06,4.2260955294880225e-06,4.225090573581248e-06,4.2240864044351455e-06,4.2230830205234995e-06,4.22208042166163e-06,4.2210786060126486e-06,4.220077573366353e-06,4.219077322304107e-06,4.218077851837173e-06,4.21707916038577e-06,4.216081247850292e-06,4.215084113055802e-06,4.214087754612746e-06,4.213092171709404e-06,4.212097363349529e-06,4.211103328261917e-06,4.2101100659866106e-06,4.20911757525716e-06,4.208125854823749e-06,4.2071349040469065e-06,4.206144722002436e-06,4.205155307437791e-06,4.204166659720277e-06,4.2031787774731605e-06,4.2021916600573975e-06,4.201205305627464e-06,4.200219714065366e-06,4.1992348841630575e-06,4.198250814664112e-06,4.197267505032392e-06,4.196284954411813e-06,4.195303161974726e-06,4.194322126325118e-06,4.193341846399333e-06,4.192362321511347e-06,4.191383549998486e-06,4.190405531503925e-06,4.189428265127401e-06,4.188451749956218e-06,4.187475984970968e-06,4.18650096887567e-06,4.185526701336226e-06,4.184553180796578e-06,4.183580406531438e-06,4.1826083778337335e-06,4.18163709327176e-06,4.1806665521612025e-06,4.179696753544557e-06,4.178727696470379e-06,4.177759380283697e-06,4.176791803504949e-06,4.175824965457311e-06,4.17485886521306e-06,4.173893501741974e-06,4.172928874301788e-06,4.171964981872969e-06,4.171001823510494e-06,4.170039398307591e-06,4.169077705327002e-06,4.168116743648503e-06,4.1671565122967736e-06,4.16619701046237e-06,4.165238237156949e-06,4.16428019156914e-06,4.16332287266519e-06,4.162366279490713e-06,4.161410411190812e-06,4.1604552662511685e-06,4.159500844810822e-06,4.158547145697757e-06,4.157594167833008e-06,4.156641910347798e-06,4.155690372231419e-06,4.154739552715432e-06,4.153789450737003e-06,4.15284006578929e-06,4.151891395919919e-06,4.1509434414898365e-06,4.149996201104395e-06,4.149049673861342e-06,4.148103858371176e-06,4.1471587548775684e-06,4.146214361856955e-06,4.145270678445793e-06,4.1443277037986586e-06,4.143385437080781e-06,4.14244387733072e-06,4.141503023669075e-06,4.140562875218132e-06,4.139623431101603e-06,4.138684690444677e-06,4.137746652374055e-06,4.136809316018197e-06,4.135872680506941e-06,4.134936744971244e-06,4.134001508544353e-06,4.133066970360469e-06,4.132133129567915e-06,4.131199985195045e-06,4.13026753646196e-06,4.1293357824331455e-06,4.128404722405228e-06,4.127474356022237e-06,4.126544681265535e-06,4.125615697959769e-06,4.124687405151402e-06,4.123759802025746e-06,4.1228328877397335e-06,4.121906661382972e-06,4.120981122154082e-06,4.120056269301544e-06,4.119132102834921e-06,4.118208619955872e-06,4.117285821351411e-06,4.116363705141415e-06,4.115442271009214e-06,4.114521518118194e-06,4.113601445632782e-06,4.112682052719976e-06,4.111763338548086e-06,4.1108453024261456e-06,4.109927943384541e-06,4.109011260595633e-06,4.1080952532342505e-06,4.107179920335904e-06,4.106265261354599e-06,4.10535127581319e-06,4.104437962411491e-06,4.103525319839323e-06,4.102613348373686e-06,4.1017020465436106e-06,4.100791412911506e-06,4.099881447520232e-06,4.0989721489048246e-06,4.098063516887138e-06,4.097155550676316e-06,4.096248251006185e-06,4.0953416136684094e-06,4.094435639994306e-06,4.093530328228224e-06,4.09262567936693e-06,4.0917216904737e-06,4.090818361572967e-06,4.0899156918753466e-06,4.0890136799144385e-06,4.088112325545911e-06,4.087211627928019e-06,4.086311586378139e-06,4.085412199996289e-06,4.084513468046195e-06,4.083615389739314e-06,4.082717964354887e-06,4.08182119103746e-06,4.080925068993425e-06,4.080029597440715e-06,4.079134775613809e-06,4.078240602711926e-06,4.077347077953173e-06,4.07645420058754e-06,4.075561969683402e-06,4.074670384750432e-06,4.073779444875294e-06,4.072889149257528e-06,4.071999497164792e-06,4.071110487761618e-06,4.070222120361513e-06,4.069334394142606e-06,4.068447307938345e-06,4.067560861212219e-06,4.066675054115702e-06,4.065789885085301e-06,4.064905353477248e-06,4.064021457862554e-06,4.0631381985740156e-06,4.062255574437357e-06,4.061373584658591e-06,4.060492228443337e-06,4.059611505077488e-06,4.05873141378811e-06,4.05785195382354e-06,4.056973124423522e-06,4.056094924778368e-06,4.055217354290907e-06,4.0543404121258445e-06,4.053464097476479e-06,4.052588409750711e-06,4.05171334774825e-06,4.0508389114714344e-06,4.049965099783263e-06,4.04909191210633e-06,4.048219347469589e-06,4.047347405225602e-06,4.046476084679852e-06,4.045605385121961e-06,4.044735305785734e-06,4.043865845391388e-06,4.0429970043171975e-06,4.042128781062419e-06,4.041261175784457e-06,4.040394186521391e-06,4.039527812721073e-06,4.0386620541374215e-06,4.0377969099873976e-06,4.036932379490154e-06,4.036068461931935e-06,4.035205156591529e-06,4.034342462750883e-06,4.033480379621838e-06,4.03261890655065e-06,4.031758042829884e-06,4.030897787807046e-06,4.030038140858737e-06,4.029179100894597e-06,4.028320667493957e-06,4.027462840764633e-06,4.026605618473651e-06,4.025749000359671e-06,4.024892986117958e-06,4.0240375747238575e-06,4.023182765405028e-06,4.022328557676579e-06,4.021474951162509e-06,4.020621944499544e-06,4.019769537622133e-06,4.018917729321348e-06,4.018066518864753e-06,4.017215905724134e-06,4.016365889345447e-06,4.015516469281771e-06,4.014667644115715e-06,4.013819413969977e-06,4.0129717778226595e-06,4.012124734804977e-06,4.011278283490441e-06,4.010432424428617e-06,4.009587156537609e-06,4.008742479127462e-06,4.007898392308673e-06,4.00705489370214e-06,4.006211983780673e-06,4.005369661517003e-06,4.004527926180718e-06,4.003686776727145e-06,4.002846213259127e-06,4.002006235087932e-06,4.001166841283128e-06,4.000328031107299e-06,3.999489803981355e-06,3.998652159118993e-06,3.997815095861854e-06,3.996978614523687e-06,3.9961427128034214e-06,3.995307390704709e-06,3.994472647530291e-06,3.993638482899311e-06,3.992804895837127e-06,3.9919718856934104e-06,3.991139451972563e-06,3.990307594092265e-06,3.9894763111365525e-06,3.988645602554144e-06,3.987815467687733e-06,3.9869859065013025e-06,3.986156917125679e-06,3.9853284994794096e-06,3.984500652927284e-06,3.983673376827726e-06,3.982846670518299e-06,3.982020533347078e-06,3.981194964596105e-06,3.98036996385416e-06,3.979545530269374e-06,3.978721663037049e-06,3.977898361970428e-06,3.9770756260611235e-06,3.976253454736242e-06,3.975431847444606e-06,3.9746108036585465e-06,3.973790322369363e-06,3.972970403240052e-06,3.9721510453969e-06,3.971332248430802e-06,3.970514011551509e-06,3.969696334852143e-06,3.968879216440401e-06,3.968062656277471e-06,3.9672466537536396e-06,3.966431207928764e-06,3.9656163187336185e-06,3.96480198531562e-06,3.963988206959545e-06,3.96317498307953e-06,3.962362313100177e-06,3.961550196298782e-06,3.96073863210008e-06,3.959927619609244e-06,3.959117158487464e-06,3.9583072486382706e-06,3.957497888636332e-06,3.956689078026322e-06,3.955880816128616e-06,3.955073102785579e-06,3.954265936915275e-06,3.953459318246314e-06,3.9526532457147145e-06,3.9518477195192e-06,3.951042738271218e-06,3.950238301608389e-06,3.949434408894925e-06,3.948631059573945e-06,3.947828253007715e-06,3.947025988592692e-06,3.946224265880004e-06,3.9454230843581194e-06,3.944622442755854e-06,3.943822341207802e-06,3.943022778443842e-06,3.9422237547378696e-06,3.941425268358897e-06,3.940627319398365e-06,3.939829907164764e-06,3.939033030972504e-06,3.9382366904034085e-06,3.937440884770288e-06,3.936645613478117e-06,3.9358508759351215e-06,3.935056672681429e-06,3.934263000859209e-06,3.933469861007474e-06,3.9326772525389126e-06,3.931885175906632e-06,3.931093628430416e-06,3.930302610488211e-06,3.9295121216581315e-06,3.92872216195985e-06,3.927932729364535e-06,3.927143824111846e-06,3.926355445550074e-06,3.92556759301978e-06,3.9247802660001595e-06,3.923993464794418e-06,3.923207187129413e-06,3.922421433214959e-06,3.921636202490497e-06,3.920851494464024e-06,3.9200673085539955e-06,3.919283644042141e-06,3.918500500390139e-06,3.917717877740551e-06,3.916935774304859e-06,3.9161541899467165e-06,3.915373124462789e-06,3.914592577439164e-06,3.913812547544807e-06,3.913033034622579e-06,3.912254038103447e-06,3.911475557089719e-06,3.910697591249925e-06,3.909920140898352e-06,3.909143204360809e-06,3.908366781081436e-06,3.907590871087253e-06,3.906815473234988e-06,3.906040586895513e-06,3.905266211848418e-06,3.904492348277785e-06,3.9037189940916766e-06,3.90294614939376e-06,3.902173813757612e-06,3.901401986992965e-06,3.900630668097386e-06,3.8998598563544034e-06,3.899089551798424e-06,3.898319753609739e-06,3.8975504607250314e-06,3.8967816731141856e-06,3.896013390181953e-06,3.895245611273451e-06,3.894478335976842e-06,3.8937115632786054e-06,3.892945293379691e-06,3.89217952546519e-06,3.891414259273798e-06,3.890649493540546e-06,3.889885228637853e-06,3.8891214626467155e-06,3.888358196193671e-06,3.887595428282311e-06,3.886833158466233e-06,3.886071386273545e-06,3.885310111190531e-06,3.88454933247701e-06,3.8837890495782876e-06,3.883029262322439e-06,3.882269969829077e-06,3.881511171637969e-06,3.880752868170887e-06,3.879995057272462e-06,3.879237739175517e-06,3.8784809132557336e-06,3.877724578969182e-06,3.876968735971804e-06,3.876213383873409e-06,3.8754585216401165e-06,3.874704149012887e-06,3.873950265526446e-06,3.873196870804086e-06,3.872443963881922e-06,3.871691544475652e-06,3.870939611997132e-06,3.870188165643681e-06,3.869437205542587e-06,3.868686730830383e-06,3.867936741053328e-06,3.867187235708161e-06,3.86643821419061e-06,3.865689675880828e-06,3.864941620454483e-06,3.86419404736433e-06,3.863446956075714e-06,3.862700346205595e-06,3.861954216954316e-06,3.861208567987067e-06,3.860463398702647e-06,3.85971870825329e-06,3.858974496979042e-06,3.8582307639161556e-06,3.85748750857039e-06,3.856744730411907e-06,3.856002428901259e-06,3.855260603620209e-06,3.854519254186674e-06,3.853778379772416e-06,3.853037980004038e-06,3.852298054774322e-06,3.851558602856241e-06,3.850819624192953e-06,3.850081118441921e-06,3.8493430844927425e-06,3.848605522167479e-06,3.847868431041969e-06,3.84713181062212e-06,3.8463956605392754e-06,3.845659979951222e-06,3.844924768365659e-06,3.844190025612487e-06,3.843455751097744e-06,3.842721944251602e-06,3.841988604631773e-06,3.841255731648624e-06,3.840523324900415e-06,3.83979138388526e-06,3.8390599081458125e-06,3.8383288971228006e-06,3.837598350404961e-06,3.836868267440162e-06,3.8361386477309205e-06,3.835409490903623e-06,3.834680796298723e-06,3.833952563552054e-06,3.833224792326432e-06,3.832497481759385e-06,3.831770631609582e-06,3.831044241385676e-06,3.830318310593513e-06,3.829592838683137e-06,3.828867825142477e-06,3.828143269654482e-06,3.8274191716156246e-06,3.8266955306321515e-06,3.8259723461776005e-06,3.825249617832165e-06,3.824527345018401e-06,3.823805527283109e-06,3.823084164199162e-06,3.8223632553525235e-06,3.821642800111733e-06,3.8209227981804875e-06,3.820203248908787e-06,3.819484151954483e-06,3.818765506807915e-06,3.818047313076356e-06,3.817329570111297e-06,3.816612277527473e-06,3.815895434793087e-06,3.815179041627955e-06,3.8144630974651125e-06,3.813747601875099e-06,3.8130325543699784e-06,3.8123179543944705e-06,3.8116038015615915e-06,3.8108900954571348e-06,3.8101768353439342e-06,3.8094640211406404e-06,3.8087516520208834e-06,3.8080397280556216e-06,3.807328248362833e-06,3.806617212262642e-06,3.8059066199424434e-06,3.8051964706001827e-06,3.804486763867802e-06,3.803777499083168e-06,3.8030686759361104e-06,3.802360293966434e-06,3.801652352901555e-06,3.8009448512244435e-06,3.800237790138682e-06,3.7995311684203958e-06,3.798824985568031e-06,3.7981192412254564e-06,3.7974139348506983e-06,3.796709066085364e-06,3.79600463434234e-06,3.7953006393328316e-06,3.7945970805491413e-06,3.7938939572889193e-06,3.7931912695670144e-06,3.792489016719696e-06,3.7917871983351817e-06,3.7910858138557156e-06,3.7903848629e-06,3.7896843451236865e-06,3.7889842600020533e-06,3.7882846069021596e-06,3.787585385287334e-06,3.7868865953577608e-06,3.78618823643104e-06,3.7854903080637142e-06,3.784792809433783e-06,3.78409574055904e-06,3.7833991008007817e-06,3.782702889183401e-06,3.7820071064104003e-06,3.7813117514194194e-06,3.780616823692362e-06,3.77992232310339e-06,3.7792282487372348e-06,3.778534600753643e-06,3.777841378421521e-06,3.7771485811254326e-06,3.7764562087721884e-06,3.7757642607336536e-06,3.7750727366660714e-06,3.77438163617079e-06,3.773690958764197e-06,3.77300070386305e-06,3.77231087132622e-06,3.771621460640589e-06,3.7709324712632484e-06,3.770243902826222e-06,3.7695557548396617e-06,3.7688680269949692e-06,3.7681807188313047e-06,3.767493829822161e-06,3.766807359724004e-06,3.766121308022533e-06,3.765435674273788e-06,3.764750458017983e-06,3.7640656587553707e-06,3.7633812763071004e-06,3.762697310188556e-06,3.762013759795944e-06,3.761330625087935e-06,3.7606479053298893e-06,3.7599656002130065e-06,3.759283709212686e-06,3.7586022320860936e-06,3.7579211684205783e-06,3.757240517746971e-06,3.756560279600132e-06,3.7558804535519026e-06,3.755201039074901e-06,3.754522036080389e-06,3.7538434438174153e-06,3.7531652620027676e-06,3.7524874904587905e-06,3.7518101286311307e-06,3.751133175955013e-06,3.7504566322742847e-06,3.749780496910573e-06,3.7491047697108072e-06,3.7484294500624025e-06,3.7477545375070395e-06,3.747080031652995e-06,3.7464059323839822e-06,3.7457322391141908e-06,3.7450589513936194e-06,3.744386068863516e-06,3.7437135912368322e-06,3.743041517940397e-06,3.742369848622138e-06,3.7416985828881867e-06,3.7410277202765165e-06,3.7403572605645633e-06,3.739687203187933e-06,3.7390175478322805e-06,3.7383482940263714e-06,3.7376794413401495e-06,3.7370109895690222e-06,3.7363429381051717e-06,3.7356752867208983e-06,3.7350080348774185e-06,3.7343411822974645e-06,3.733674728512093e-06,3.7330086729484357e-06,3.732343015617077e-06,3.7316777559073888e-06,3.7310128934404737e-06,3.730348427778832e-06,3.729684358579369e-06,3.7290206852593795e-06,3.728357407762942e-06,3.7276945255441973e-06,3.7270320381269275e-06,3.7263699452610206e-06,3.725708246608495e-06,3.7250469416353127e-06,3.724386029950634e-06,3.7237255112990805e-06,3.7230653851400896e-06,3.7224056512246225e-06,3.721746309121276e-06,3.7210873584423654e-06,3.720428798789208e-06,3.7197706297675237e-06,3.71911285099286e-06,3.7184554621394526e-06,3.71779846274089e-06,3.7171418523753365e-06,3.716485630811377e-06,3.7158297976342956e-06,3.715174352425485e-06,3.714519294752475e-06,3.713864624352941e-06,3.713210340791566e-06,3.712556443680085e-06,3.7119029327397025e-06,3.7112498073367334e-06,3.7105970673476182e-06,3.709944712284701e-06,3.709292741820026e-06,3.708641155541544e-06,3.707989953092917e-06,3.7073391338903918e-06,3.7066886979899194e-06,3.7060386447092306e-06,3.70538897372852e-06,3.7047396848373393e-06,3.7040907775113654e-06,3.7034422515186476e-06,3.702794106250657e-06,3.7021463414879117e-06,3.7014989568586073e-06,3.700851952053342e-06,3.7002053264826735e-06,3.6995590799729995e-06,3.698913212038253e-06,3.698267722457947e-06,3.6976226107266357e-06,3.696977876582372e-06,3.6963335196145163e-06,3.6956895394690092e-06,3.695045935752079e-06,3.6944027078002466e-06,3.6937598557618467e-06,3.693117379512648e-06,3.6924752786748897e-06,3.691833551785324e-06,3.6911921991687003e-06,3.6905512204554114e-06,3.6899106152342877e-06,3.6892703832687066e-06,3.6886305240945004e-06,3.6879910374325353e-06,3.6873519226925192e-06,3.686713179919149e-06,3.6860748085523072e-06,3.685436808255455e-06,3.6847991787403598e-06,3.6841619194383635e-06,3.6835250301157974e-06,3.6828885104169443e-06,3.6822523599690717e-06,3.681616578429396e-06,3.6809811654697528e-06,3.680346120715727e-06,3.679711443792225e-06,3.679077134238297e-06,3.6784431919963266e-06,3.677809616930132e-06,3.6771764079420342e-06,3.676543565027254e-06,3.6759110878917083e-06,3.6752789761237373e-06,3.674647229267834e-06,3.674015847247297e-06,3.673384829634344e-06,3.6727541759997764e-06,3.672123885996639e-06,3.6714939593189152e-06,3.6708643955837387e-06,3.6702351945082503e-06,3.6696063556565376e-06,3.6689778787752943e-06,3.6683497634657532e-06,3.6677220094204817e-06,3.667094616270748e-06,3.6664675836763734e-06,3.665840911302852e-06,3.6652145988493427e-06,3.664588645898739e-06,3.6639630521183544e-06,3.6633378171782793e-06,3.6627129409645067e-06,3.6620884227650306e-06,3.6614642624374563e-06,3.6608404595727523e-06,3.660217013915022e-06,3.659593925052758e-06,3.658971192511109e-06,3.658348816231285e-06,3.65772679575771e-06,3.6571051307595597e-06,3.656483820830131e-06,3.6558628653807933e-06,3.6552422649113877e-06,3.6546220182125233e-06,3.654002124721261e-06,3.6533825854752476e-06,3.6527633994142926e-06,3.6521445661222445e-06,3.651526085301007e-06,3.6509079562265048e-06,3.650290179306854e-06,3.64967275386848e-06,3.6490556795863516e-06,3.6484389561747594e-06,3.6478225832406204e-06,3.647206560398714e-06,3.6465908874647585e-06,3.6459755639108585e-06,3.6453605896342904e-06,3.644745964555366e-06,3.6441316875215964e-06,3.6435177585534985e-06,3.642904177585058e-06,3.6422909441085642e-06,3.6416780577088807e-06,3.641065518372331e-06,3.640453325595302e-06,3.63984147906764e-06,3.6392299784602742e-06,3.638618823259617e-06,3.6380080135209527e-06,3.637397548720804e-06,3.63678742854963e-06,3.636177652710358e-06,3.635568220734254e-06,3.6349591324869227e-06,3.6343503875671623e-06,3.633741985674367e-06,3.6331339265385427e-06,3.632526209884639e-06,3.6319188351695194e-06,3.6313118021857337e-06,3.630705110644096e-06,3.630098759848924e-06,3.6294927502277687e-06,3.628887081058594e-06,3.62828175187575e-06,3.627676762219945e-06,3.627072112594975e-06,3.626467802701937e-06,3.6258638310672117e-06,3.625260198136579e-06,3.6246569034851257e-06,3.6240539467566204e-06,3.623451327718088e-06,3.622849046142972e-06,3.6222471014626074e-06,3.6216454935566077e-06,3.621044221592384e-06,3.620443286119769e-06,3.6198426865159702e-06,3.619242422304106e-06,3.618642493276852e-06,3.6180428990684443e-06,3.617443639731696e-06,3.6168447148563012e-06,3.616246123394654e-06,3.615647865530806e-06,3.6150499408814797e-06,3.6144523493137547e-06,3.6138550908389774e-06,3.6132581648354795e-06,3.612661570618489e-06,3.612065308109977e-06,3.6114693770371054e-06,3.610873777119948e-06,3.6102785079718933e-06,3.609683569240839e-06,3.6090889610716484e-06,3.6084946829002946e-06,3.6079007343283105e-06,3.6073071151105694e-06,3.6067138249566215e-06,3.606120863577868e-06,3.6055282306845942e-06,3.604935926437549e-06,3.6043439503269246e-06,3.6037523008859222e-06,3.6031609787350927e-06,3.6025699837288635e-06,3.6019793153624382e-06,3.6013889731873362e-06,3.6007989570702028e-06,3.6002092666100655e-06,3.5996199017532117e-06,3.5990308620664448e-06,3.5984421472369793e-06,3.5978537569953318e-06,3.5972656910240125e-06,3.5966779489448693e-06,3.596090530551381e-06,3.595503435658735e-06,3.594916663870233e-06,3.594330214892254e-06,3.5937440884321734e-06,3.5931582841966637e-06,3.5925728011798823e-06,3.591987640514702e-06,3.591402801801229e-06,3.5908182837014334e-06,3.5902340864770076e-06,3.589650209399599e-06,3.5890666525254487e-06,3.588483415542374e-06,3.58790049822196e-06,3.587317900256849e-06,3.586735621329973e-06,3.5861536610886534e-06,3.5855720192956055e-06,3.584990695688515e-06,3.5844096897849643e-06,3.5838290018432268e-06,3.5832486307082147e-06,3.5826685768629664e-06,3.582088839247695e-06,3.581509418577042e-06,3.5809303142729783e-06,3.5803515258427278e-06,3.5797730532145517e-06,3.579194896718075e-06,3.5786170545322786e-06,3.578039526505704e-06,3.5774623129736916e-06,3.5768854135320755e-06,3.576308827733872e-06,3.5757325560659143e-06,3.5751565975193067e-06,3.574580952032798e-06,3.574005619296671e-06,3.5734305990920154e-06,3.5728558912264444e-06,3.572281495151653e-06,3.5717074106812657e-06,3.5711336374931916e-06,3.570560175481565e-06,3.5699870243563252e-06,3.569414183895997e-06,3.5688416534747097e-06,3.5682694330293274e-06,3.56769752244378e-06,3.56712592052081e-06,3.566554628340205e-06,3.5659836450337933e-06,3.5654129702409843e-06,3.564842603808958e-06,3.5642725449545115e-06,3.563702794298643e-06,3.5631333512921978e-06,3.562564214443422e-06,3.5619953855163086e-06,3.561426862381558e-06,3.5608586465285373e-06,3.5602907367602823e-06,3.559723132937803e-06,3.559155834570142e-06,3.5585888417564544e-06,3.5580221539414664e-06,3.5574557708811803e-06,3.556889692246415e-06,3.556323917875572e-06,3.5557584473820462e-06,3.5551932806104635e-06,3.554628417186156e-06,3.5540638569825313e-06,3.553499599662059e-06,3.552935644963553e-06,3.5523719935235456e-06,3.551808643439045e-06,3.5512455946458266e-06,3.5506828477106516e-06,3.550120402047156e-06,3.549558257370746e-06,3.5489964134137517e-06,3.548434871073107e-06,3.5478736278704925e-06,3.5473126846187336e-06,3.5467520411352115e-06,3.546191697556636e-06,3.545631652573355e-06,3.5450719064479696e-06,3.5445124578566704e-06,3.5439533089238367e-06,3.5433944579412962e-06,3.5428359047965036e-06,3.5422776488952077e-06,3.5417196906558732e-06,3.5411620296552222e-06,3.540604664813739e-06,3.5400475968543533e-06,3.5394908258326815e-06,3.5389343503497247e-06,3.5383781705516006e-06,3.537822286250838e-06,3.5372666971570444e-06,3.536711402987546e-06,3.536156403627486e-06,3.535601698725256e-06,3.5350472880389576e-06,3.5344931712887727e-06,3.5339393482286703e-06,3.5333858187136387e-06,3.5328325823688415e-06,3.5322796388499354e-06,3.531726988010253e-06,3.5311746295063063e-06,3.530622563199317e-06,3.5300707887881474e-06,3.5295193060251567e-06,3.5289681146512927e-06,3.5284172144146908e-06,3.5278666050570955e-06,3.5273162863655435e-06,3.5267662578829642e-06,3.5262165196757317e-06,3.525667071160934e-06,3.525117912408261e-06,3.524569042635584e-06,3.524020462615414e-06,3.5234721708793564e-06,3.5229241680850232e-06,3.5223764536481585e-06,3.521829027321493e-06,3.5212818889515107e-06,3.520735038102503e-06,3.520188475002605e-06,3.519642198621349e-06,3.5190962087966986e-06,3.518550506316326e-06,3.5180050899342695e-06,3.5174599595146957e-06,3.516915114933069e-06,3.516370555996303e-06,3.515826282409615e-06,3.5152822939951202e-06,3.514738590410364e-06,3.514195171515098e-06,3.513652036988549e-06,3.5131091866243102e-06,3.5125666201506055e-06,3.5120243373408343e-06,3.5114823380130014e-06,3.5109406218068815e-06,3.5103991890649084e-06,3.509858038461575e-06,3.5093171702625737e-06,3.508776584056428e-06,3.5082362800685555e-06,3.5076962577610385e-06,3.507156516844426e-06,3.506617057251361e-06,3.5060778785526164e-06,3.505538980595269e-06,3.5050003636210514e-06,3.5044620263199554e-06,3.503923969269326e-06,3.503386191850144e-06,3.502848694134165e-06,3.5023114756156868e-06,3.501774536751802e-06,3.5012378758479442e-06,3.50070149378416e-06,3.5001653899957703e-06,3.499629564310335e-06,3.4990940165490285e-06,3.4985587463691165e-06,3.4980237536199878e-06,3.497489037996386e-06,3.4969545992146423e-06,3.4964204372093065e-06,3.4958865516481978e-06,3.4953529422659038e-06,3.4948196088492297e-06,3.494286551192535e-06,3.493753769009075e-06,3.4932212620933283e-06,3.492689030200683e-06,3.492157073078479e-06,3.4916253905772057e-06,3.4910939823711956e-06,3.4905628482595436e-06,3.490031988009195e-06,3.4895014013365792e-06,3.4889710881064328e-06,3.4884410478974173e-06,3.4879112807255667e-06,3.4873817862886494e-06,3.4868525642851586e-06,3.4863236145648383e-06,3.485794936773591e-06,3.4852665308170503e-06,3.4847383963576493e-06,3.4842105332248504e-06,3.4836829411714103e-06,3.4831556200635934e-06,3.4826285694974757e-06,3.482101789355041e-06,3.4815752793353662e-06,3.481049039250446e-06,3.4805230691462852e-06,3.479997368363591e-06,3.479471936774087e-06,3.47894677418291e-06,3.4784218803789593e-06,3.4778972552219744e-06,3.477372898188562e-06,3.476848809427668e-06,3.4763249885439917e-06,3.475801435451583e-06,3.475278149673204e-06,3.4747551311419396e-06,3.4742323795604257e-06,3.4737098947767427e-06,3.4731876765362572e-06,3.4726657246033856e-06,3.4721440387624013e-06,3.4716226188043514e-06,3.471101465099923e-06,3.4705805761220457e-06,3.4700599524187426e-06,3.469539593676267e-06,3.469019499828757e-06,3.4684996705098323e-06,3.4679801053366022e-06,3.4674608042432958e-06,3.4669417670755174e-06,3.466422993644543e-06,3.4659044836460985e-06,3.465386236851991e-06,3.4648682529604707e-06,3.464350531911127e-06,3.4638330732237084e-06,3.4633158769679676e-06,3.4627989427203654e-06,3.462282270489192e-06,3.4617658600034697e-06,3.461249710908148e-06,3.4607338229987732e-06,3.4602181961696944e-06,3.4597028301208263e-06,3.459187724610044e-06,3.4586728794505207e-06,3.4581582945703427e-06,3.4576439695503617e-06,3.4571299041790543e-06,3.4566160983074342e-06,3.4561025517878722e-06,3.455589264282596e-06,3.4550762356560495e-06,3.454563465612905e-06,3.4540509540058423e-06,3.453538700582667e-06,3.453026705191425e-06,3.452514967549011e-06,3.4520034874654016e-06,3.451492264729524e-06,3.450981299086424e-06,3.4504705904434595e-06,3.4499601384295063e-06,3.4494499429733375e-06,3.4489400038789954e-06,3.448430320771806e-06,3.4479208935402494e-06,3.4474117219353106e-06,3.4469028055264567e-06,3.4463941445049054e-06,3.4458857386536926e-06,3.4453775873833097e-06,3.444869690953018e-06,3.4443620487053527e-06,3.443854661327751e-06,3.443347527244805e-06,3.4428406468139776e-06,3.442334020374689e-06,3.4418276467886664e-06,3.441321526432425e-06,3.440815658976243e-06,3.44031004423973e-06,3.43980468165886e-06,3.439299571760934e-06,3.438794713828116e-06,3.4382901078396544e-06,3.437785753509295e-06,3.437281650645842e-06,3.4367777986198456e-06,3.436274198057441e-06,3.4357708483361644e-06,3.4352677492504716e-06,3.4347649005139807e-06,3.4342623020812382e-06,3.4337599535863687e-06,3.4332578549509673e-06,3.4327560059589895e-06,3.4322544063711183e-06,3.431753055983096e-06,3.4312519545922324e-06,3.4307511019920744e-06,3.4302504979763803e-06,3.4297501423332807e-06,3.4292500348874645e-06,3.428750175439535e-06,3.428250563876737e-06,3.427751199744033e-06,3.427252082948755e-06,3.426753213343171e-06,3.426254590590653e-06,3.425756214750354e-06,3.42525808545575e-06,3.424760202612436e-06,3.424262565770686e-06,3.4237651752898336e-06,3.4232680305009537e-06,3.4227711310333884e-06,3.422274476940348e-06,3.4217780679684705e-06,3.4212819039002485e-06,3.4207859847370054e-06,3.420290310065031e-06,3.419794879699415e-06,3.4192996935700206e-06,3.4188047514212377e-06,3.418310053037178e-06,3.417815598200011e-06,3.417321386758412e-06,3.4168274184984596e-06,3.416333693557661e-06,3.415840211061678e-06,3.4153469708712035e-06,3.414853973288482e-06,3.4143612179465145e-06,3.413868705514073e-06,3.413376434040359e-06,3.4128844040503927e-06,3.4123926158247997e-06,3.411901068462783e-06,3.4114097621882134e-06,3.4109186967353617e-06,3.4104278722923148e-06,3.409937287762758e-06,3.4094469435826583e-06,3.408956839405971e-06,3.4084669750433975e-06,3.407977350441913e-06,3.4074879651701836e-06,3.4069988192754757e-06,3.4065099124997756e-06,3.406021244601354e-06,3.405532815430431e-06,3.4050446251497084e-06,3.4045566729856045e-06,3.404068958758003e-06,3.403581482321559e-06,3.4030942430346064e-06,3.402607241830136e-06,3.4021204781740233e-06,3.401633951687324e-06,3.4011476621759146e-06,3.40066160944128e-06,3.400175793305938e-06,3.399690213651889e-06,3.3992048701432977e-06,3.398719762693571e-06,3.3982348910809454e-06,3.3977502548751892e-06,3.3972658541506495e-06,3.396781688695558e-06,3.3962977583388074e-06,3.395814062885022e-06,3.3953306021319184e-06,3.3948473759790084e-06,3.394364384085828e-06,3.3938816265451062e-06,3.393399102889795e-06,3.3929168129120395e-06,3.3924347567392524e-06,3.391952933822271e-06,3.391471344221185e-06,3.3909899873145732e-06,3.390508863493751e-06,3.3900279719967707e-06,3.3895473129032078e-06,3.389066886205514e-06,3.38858669171558e-06,3.3881067292353036e-06,3.3876269985672595e-06,3.387147499496599e-06,3.3866682316733715e-06,3.3861891950730678e-06,3.3857103894657495e-06,3.385231814677481e-06,3.3847534705773747e-06,3.384275356918608e-06,3.3837974734666963e-06,3.3833198200633527e-06,3.382842396577245e-06,3.3823652028063497e-06,3.3818882385878337e-06,3.3814115036105975e-06,3.3809349978869933e-06,3.3804587211412764e-06,3.3799826733929665e-06,3.3795068540785476e-06,3.3790312632053756e-06,3.3785559011603223e-06,3.378080766630989e-06,3.3776058599569772e-06,3.377131181060662e-06,3.3766567296926263e-06,3.3761825056957752e-06,3.375708509301191e-06,3.375234739411453e-06,3.3747611963858588e-06,3.374287880014594e-06,3.3738147899458736e-06,3.3733419263982116e-06,3.372869288892659e-06,3.3723968773945735e-06,3.371924691584525e-06,3.3714527310968146e-06,3.370980996369886e-06,3.3705094867482508e-06,3.370038202176666e-06,3.3695671422114613e-06,3.3690963072861285e-06,3.368625696751147e-06,3.3681553107286204e-06,3.367685148731057e-06,3.367215210666236e-06,3.3667454964385604e-06,3.3662760058352295e-06,3.365806738688596e-06,3.365337694836468e-06,3.3648688738385866e-06,3.36440027604758e-06,3.363931900977566e-06,3.3634637486049457e-06,3.3629958185292754e-06,3.3625281106926274e-06,3.362060624910174e-06,3.3615933610408555e-06,3.361126318890345e-06,3.360659498053713e-06,3.3601928987766093e-06,3.3597265204527004e-06,3.3592603633943032e-06,3.3587944271957346e-06,3.3583287116850847e-06,3.357863216663077e-06,3.3573979417233855e-06,3.356932887420955e-06,3.3564680528810927e-06,3.356003438133123e-06,3.3555390430476928e-06,3.3550748674376393e-06,3.3546109111180793e-06,3.3541471739732304e-06,3.3536836554982513e-06,3.353220356080203e-06,3.3527572754373e-06,3.3522944131036637e-06,3.3518317689811575e-06,3.3513693431622556e-06,3.3509071351608466e-06,3.350445144729233e-06,3.3499833721660836e-06,3.3495218169840204e-06,3.3490604790721754e-06,3.3485993582608993e-06,3.348138454383518e-06,3.3476777672560624e-06,3.347217296733169e-06,3.3467570426750722e-06,3.346297005016042e-06,3.3458371834762236e-06,3.3453775777405457e-06,3.3449181876915553e-06,3.344459013291714e-06,3.344000054294316e-06,3.3435413105859337e-06,3.3430827819071404e-06,3.34262446815525e-06,3.3421663691631955e-06,3.3417084845868015e-06,3.341250814531912e-06,3.340793358820013e-06,3.3403361169840996e-06,3.3398790891147817e-06,3.339422275024369e-06,3.3389656745452393e-06,3.3385092875171456e-06,3.3380531137652e-06,3.337597153391608e-06,3.337141405705979e-06,3.336685871059326e-06,3.336230549044208e-06,3.3357754395446797e-06,3.3353205422840193e-06,3.3348658571638786e-06,3.3344113840086008e-06,3.333957122642958e-06,3.3335030727371767e-06,3.333049234439614e-06,3.3325956074595543e-06,3.3321421916890593e-06,3.331688986913771e-06,3.331235992028871e-06,3.3307832088093476e-06,3.3303306361255026e-06,3.3298782737095107e-06,3.3294261214802063e-06,3.328974179323186e-06,3.328522447029758e-06,3.328070924583328e-06,3.3276196115800357e-06,3.327168507960167e-06,3.326717613443492e-06,3.3262669281219305e-06,3.325816451800042e-06,3.3253661840227836e-06,3.3249161248474206e-06,3.324466274160142e-06,3.3240166316432742e-06,3.3235671972186943e-06,3.3231179706350318e-06,3.3226689520068783e-06,3.322220141045142e-06,3.3217715375279697e-06,3.32132314137116e-06,3.3208749523262064e-06,3.320426970298267e-06,3.3199791951108614e-06,3.3195316265972864e-06,3.319084264525926e-06,3.3186371089151804e-06,3.318190159504377e-06,3.3177434161947206e-06,3.3172968787618937e-06,3.316850547088107e-06,3.3164044209586525e-06,3.315958500312755e-06,3.3155127847354707e-06,3.3150672744455604e-06,3.314621969115733e-06,3.3141768684298386e-06,3.313731972579438e-06,3.313287281237156e-06,3.3128427940629874e-06,3.3123985110928086e-06,3.31195443232007e-06,3.311510557282459e-06,3.311066885996785e-06,3.310623418280836e-06,3.3101801539945907e-06,3.309737092978657e-06,3.3092942350625853e-06,3.308851580136536e-06,3.3084091282047364e-06,3.307966878926147e-06,3.3075248321599744e-06,3.307082987737712e-06,3.306641345523205e-06,3.30619990534791e-06,3.3057586670758195e-06,3.305317630546821e-06,3.3048767956090875e-06,3.304436162110973e-06,3.3039957299008747e-06,3.3035554988275145e-06,3.303115468739655e-06,3.302675639486245e-06,3.302236010916403e-06,3.3017965828793786e-06,3.301357355224656e-06,3.3009183277487675e-06,3.300479500437261e-06,3.300040873056009e-06,3.299602445318862e-06,3.29916421753675e-06,3.298726189067846e-06,3.2982883599027923e-06,3.2978507300412255e-06,3.2974132993283574e-06,3.296976067273463e-06,3.296539033878484e-06,3.296102199013142e-06,3.2956655627691354e-06,3.295229124882309e-06,3.294792885168595e-06,3.2943568433229563e-06,3.2939209993268014e-06,3.2934853529582163e-06,3.293049904105148e-06,3.292614652753282e-06,3.2921795987149186e-06,3.2917447416296887e-06,3.2913100815841357e-06,3.290875618377622e-06,3.2904413518302787e-06,3.2900072818041027e-06,3.2895734077031974e-06,3.289139729879563e-06,3.2887062485462585e-06,3.2882729626625313e-06,3.287839872531331e-06,3.2874069784033687e-06,3.286974279871058e-06,3.286541776771593e-06,3.2861094688777847e-06,3.2856773560261417e-06,3.2852454379223556e-06,3.284813714857015e-06,3.2843821864098265e-06,3.28395085236547e-06,3.2835197126711897e-06,3.283088767202845e-06,3.282658015692489e-06,3.2822274582160772e-06,3.2817970936991715e-06,3.281366923499839e-06,3.2809369468476498e-06,3.2805071635266605e-06,3.2800775732934597e-06,3.2796481764624382e-06,3.2792189723548014e-06,3.2787899610523646e-06,3.2783611425172734e-06,3.2779325162197112e-06,3.27750408237852e-06,3.2770758408336184e-06,3.2766477912654097e-06,3.2762199336682136e-06,3.275792267846445e-06,3.275364793625999e-06,3.2749375109010246e-06,3.274510419296339e-06,3.2740835191133344e-06,3.2736568097829537e-06,3.273230291377217e-06,3.272803964054817e-06,3.2723778274449082e-06,3.27195188100595e-06,3.2715261247767337e-06,3.271100559077659e-06,3.27067518331293e-06,3.2702499974939448e-06,3.269825001480684e-06,3.269400195134823e-06,3.268975578314685e-06,3.268551150874684e-06,3.268126912723036e-06,3.2677028636805037e-06,3.2672790036081783e-06,3.2668553323678035e-06,3.2664318497927123e-06,3.2660085557728527e-06,3.2655854501949976e-06,3.265162532888837e-06,3.2647398036214333e-06,3.2643172624761663e-06,3.2638949091762987e-06,3.2634727436242587e-06,3.2630507656649863e-06,3.2626289751392413e-06,3.2622073719193815e-06,3.261785955879066e-06,3.261364726863563e-06,3.2609436848484797e-06,3.2605228295305726e-06,3.260102160853973e-06,3.2596816786886e-06,3.259261382854723e-06,3.2588412732687717e-06,3.258421349798482e-06,3.2580016121881886e-06,3.257582060462631e-06,3.257162694396091e-06,3.2567435138432415e-06,3.256324518738996e-06,3.2559057088918397e-06,3.255487084239364e-06,3.2550686441638112e-06,3.2546503894147966e-06,3.2542323194263796e-06,3.2538144338600783e-06,3.2533967329182913e-06,3.252979216295917e-06,3.252561884209459e-06,3.2521447357770095e-06,3.2517277713334893e-06,3.2513109907299255e-06,3.2508943937970834e-06,3.250477980401862e-06,3.2500617504119943e-06,3.2496457037011964e-06,3.249229840128724e-06,3.248814159566998e-06,3.248398661879349e-06,3.2479833469332978e-06,3.2475682146012106e-06,3.2471532647467158e-06,3.246738497217072e-06,3.2463239119166614e-06,3.245909508691231e-06,3.2454952874650275e-06,3.245081248023584e-06,3.244667390264758e-06,3.2442537140631743e-06,3.243840219283221e-06,3.24342690579696e-06,3.243013773304016e-06,3.242600822014132e-06,3.242188051556204e-06,3.2417754617718455e-06,3.241363052663555e-06,3.2409508241889475e-06,3.24053877609617e-06,3.2401269082639095e-06,3.2397152205548123e-06,3.2393037128376097e-06,3.2388923849920487e-06,3.2384812368573546e-06,3.238070268335458e-06,3.2376594792878256e-06,3.237248869638539e-06,3.2368384395059983e-06,3.2364281882522776e-06,3.236018115799758e-06,3.2356082221729577e-06,3.2351985073751722e-06,3.2347889710066406e-06,3.2343796125130505e-06,3.2339704329664766e-06,3.233561431530643e-06,3.2331526082418235e-06,3.2327439629005472e-06,3.2323354954074792e-06,3.2319272055562095e-06,3.2315190932532667e-06,3.2311111583662934e-06,3.230703400795343e-06,3.2302958204089262e-06,3.2298884170616746e-06,3.2294811906564572e-06,3.22907414075567e-06,3.228667267803484e-06,3.2282605713869233e-06,3.227854051390443e-06,3.2274477076798385e-06,3.2270415395738354e-06,3.2266355480008372e-06,3.22622973241296e-06,3.225824092618103e-06,3.2254186284858516e-06,3.225013339890776e-06,3.2246082267088865e-06,3.2242032888592455e-06,3.2237985265606984e-06,3.22339393894327e-06,3.2229895261334244e-06,3.222585288133804e-06,3.2221812248976105e-06,3.221777336126612e-06,3.221373621780175e-06,3.220970081772039e-06,3.2205667157191227e-06,3.220163523888821e-06,3.219760506028956e-06,3.2193576619331437e-06,3.218954991519855e-06,3.2185524946586213e-06,3.2181501712267636e-06,3.2177480211026567e-06,3.2173460441479045e-06,3.216944240242296e-06,3.2165426092777704e-06,3.2161411511283372e-06,3.215739865531936e-06,3.215338752515188e-06,3.2149378119654883e-06,3.2145370437296423e-06,3.2141364477199865e-06,3.2137360239331658e-06,3.213335772466241e-06,3.21293569249437e-06,3.2125357842022807e-06,3.212136047524364e-06,3.211736482347565e-06,3.2113370885317126e-06,3.2109378659451537e-06,3.210538814836405e-06,3.2101399344563722e-06,3.2097412249613362e-06,3.2093426861799356e-06,3.2089443182304086e-06,3.2085461205641543e-06,3.2081480932768046e-06,3.2077502362660885e-06,3.207352549427123e-06,3.2069550325567555e-06,3.2065576856553804e-06,3.206160508551389e-06,3.205763501085571e-06,3.2053666633439967e-06,3.204969994917102e-06,3.2045734959681844e-06,3.204177166019213e-06,3.203781005201536e-06,3.203385013412236e-06,3.2029891907465893e-06,3.2025935364682096e-06,3.202198050571506e-06,3.2018027331371673e-06,3.2014075840228783e-06,3.201012602767051e-06,3.2006177901685886e-06,3.200223145008613e-06,3.1998286685206784e-06,3.199434359382521e-06,3.1990402183484844e-06,3.1986462448654197e-06,3.198252438815748e-06,3.1978588000529327e-06,3.1974653280289604e-06,3.197072023164052e-06,3.196678885680989e-06,3.1962859150492622e-06,3.1958931111633413e-06,3.195500473853039e-06,3.195108002780244e-06,3.1947156984229596e-06,3.194323560465678e-06,3.19393158870525e-06,3.1935397830908638e-06,3.1931481430077218e-06,3.19275666876583e-06,3.1923653602781007e-06,3.191974217358707e-06,3.191583239871498e-06,3.19119242773568e-06,3.1908017808161316e-06,3.190411299034235e-06,3.190020982248943e-06,3.189630830350276e-06,3.1892408432417342e-06,3.188851020714517e-06,3.188461362639356e-06,3.188071869140765e-06,3.187682539884834e-06,3.1872933749380694e-06,3.1869043740390545e-06,3.186515537147414e-06,3.186126864268766e-06,3.1857383549713145e-06,3.1853500091741134e-06,3.184961827006596e-06,3.1845738082381258e-06,3.1841859527952596e-06,3.1837982605169065e-06,3.183410731233581e-06,3.1830233649338143e-06,3.1826361615374738e-06,3.1822491208718795e-06,3.181862242804442e-06,3.181475527261835e-06,3.181088974014379e-06,3.1807025831365502e-06,3.180316354438035e-06,3.179930287775665e-06,3.179544382810307e-06,3.1791586399259993e-06,3.178773058706369e-06,3.178387639091344e-06,3.1780023810407698e-06,3.1776172844015807e-06,3.177232349034775e-06,3.1768475748738706e-06,3.176462961734236e-06,3.176078509464208e-06,3.175694218074723e-06,3.175310087403485e-06,3.174926117363035e-06,3.174542307841262e-06,3.1741586587174634e-06,3.1737751698632422e-06,3.173391841181089e-06,3.173008672568733e-06,3.1726256637020276e-06,3.1722428148851418e-06,3.1718601257020956e-06,3.1714775962322277e-06,3.1710952262787656e-06,3.1707130157304718e-06,3.1703309645303515e-06,3.1699490726557158e-06,3.1695673398739643e-06,3.169185765814133e-06,3.1688043506258324e-06,3.1684230941693402e-06,3.168041996392607e-06,3.1676610571675565e-06,3.1672802763367284e-06,3.166899653849407e-06,3.1665191894212267e-06,3.166138883258732e-06,3.1657587350822327e-06,3.1653787447913255e-06,3.1649989120944358e-06,3.1646192372352625e-06,3.164239719854237e-06,3.163860360040629e-06,3.16348115756191e-06,3.1631021123500913e-06,3.162723224271967e-06,3.1623444931920013e-06,3.1619659198343487e-06,3.1615875024831147e-06,3.1612092418379916e-06,3.160831137526881e-06,3.160453189973384e-06,3.1600753988132253e-06,3.1596977639783417e-06,3.159320285267393e-06,3.158942962627353e-06,3.1585657959460666e-06,3.1581887851318097e-06,3.15781193015791e-06,3.1574352307155494e-06,3.1570586868213086e-06,3.1566822982767068e-06,3.1563060651389876e-06,3.1559299872228397e-06,3.1555540644324613e-06,3.1551782966543053e-06,3.1548026837818186e-06,3.154427225705646e-06,3.1540519223431524e-06,3.1536767735652013e-06,3.153301779291239e-06,3.1529269392557768e-06,3.152552253634526e-06,3.1521777221827473e-06,3.151803344794968e-06,3.1514291213621024e-06,3.151055051815432e-06,3.150681136016286e-06,3.150307373862357e-06,3.1499337650675586e-06,3.1495603099193257e-06,3.1491870081125005e-06,3.148813859428539e-06,3.1484408640229823e-06,3.1480680218342088e-06,3.1476953323670515e-06,3.147322795786654e-06,3.146950411889837e-06,3.1465781805680314e-06,3.1462061018028416e-06,3.145834175453853e-06,3.145462401454576e-06,3.145090779630269e-06,3.144719309905802e-06,3.1443479922587022e-06,3.1439768264730445e-06,3.1436058124858053e-06,3.143234950180802e-06,3.142864239481506e-06,3.142493680295143e-06,3.1421232724970174e-06,3.141753015739093e-06,3.1413829104706057e-06,3.141012956466586e-06,3.1406431532086206e-06,3.1402735007912696e-06,3.139903999209356e-06,3.139534648339505e-06,3.139165448295905e-06,3.138796398399161e-06,3.1384274989553417e-06,3.1380587498512023e-06,3.1376901508987656e-06,3.1373217020708375e-06,3.1369534031638355e-06,3.136585254156242e-06,3.136217254907036e-06,3.135849405056346e-06,3.135481705154556e-06,3.1351141546814593e-06,3.134746753583139e-06,3.1343795017185894e-06,3.134012399106645e-06,3.133645445590719e-06,3.1332786409666287e-06,3.1329119853085337e-06,3.1325454784467947e-06,3.132179120257129e-06,3.131812910652444e-06,3.1314468495561934e-06,3.1310809368243073e-06,3.130715172337011e-06,3.1303495560649248e-06,3.129984087862066e-06,3.129618767692448e-06,3.129253595456787e-06,3.128888570953486e-06,3.1285236941313498e-06,3.1281589649622597e-06,3.127794383839706e-06,3.1274299496040827e-06,3.1270656626724606e-06,3.126701522839202e-06,3.126337530170899e-06,3.125973684577952e-06,3.125609985869712e-06,3.1252464339614183e-06,3.124883028785894e-06,3.124519770220728e-06,3.124156658188581e-06,3.1237936926155757e-06,3.123430873369746e-06,3.1230682003330593e-06,3.122705673432025e-06,3.1223432920553206e-06,3.121981057155636e-06,3.1216189682356773e-06,3.1212570251100443e-06,3.120895227620971e-06,3.12053357552578e-06,3.120172069045674e-06,3.1198107079450984e-06,3.1194494919551336e-06,3.1190884211451774e-06,3.1187274954171385e-06,3.1183667146742508e-06,3.118006078740039e-06,3.117645587728441e-06,3.1172852413935852e-06,3.11692503973959e-06,3.116564983057986e-06,3.1162050702304856e-06,3.1158453018363178e-06,3.115485677539403e-06,3.1151261975836215e-06,3.1147668605796127e-06,3.1144076683909697e-06,3.114048620025169e-06,3.113689715353882e-06,3.1133309543776612e-06,3.1129723369700244e-06,3.1126138627889504e-06,3.1122555320352653e-06,3.1118973448276553e-06,3.11153930073383e-06,3.111181399726827e-06,3.110823641715143e-06,3.1104660266050224e-06,3.11010855430267e-06,3.1097512247146154e-06,3.109394037743212e-06,3.109036993303078e-06,3.1086800912925947e-06,3.108323331627096e-06,3.1079667142095796e-06,3.1076102389460204e-06,3.107253905744599e-06,3.106897714511872e-06,3.1065416651564047e-06,3.106185757599999e-06,3.1058299916511397e-06,3.105474367347746e-06,3.1051188841442718e-06,3.1047635427618147e-06,3.1044083429346944e-06,3.104053284283068e-06,3.103698366812132e-06,3.103343590157301e-06,3.102988954838785e-06,3.1026344601573696e-06,3.102280105837087e-06,3.1019258920568323e-06,3.1015718190823634e-06,3.1012178872710415e-06,3.1008640957282604e-06,3.100510444165104e-06,3.100156933349724e-06,3.0998035620960463e-06,3.0994503308626448e-06,3.0990972392396078e-06,3.0987442879020582e-06,3.0983914762313936e-06,3.0980388042835735e-06,3.0976862718687656e-06,3.097333879289902e-06,3.096981625768702e-06,3.0966295115577595e-06,3.0962775366336456e-06,3.0959257008150447e-06,3.0955740037053547e-06,3.095222445725566e-06,3.0948710267176266e-06,3.094519746456512e-06,3.094168605101853e-06,3.0938176022042582e-06,3.0934667377299586e-06,3.0931160116763315e-06,3.092765423975316e-06,3.092414974467915e-06,3.0920646630946164e-06,3.0917144894240873e-06,3.0913644540631156e-06,3.091014556537914e-06,3.0906647968472287e-06,3.0903151747248583e-06,3.08996569031925e-06,3.089616343426965e-06,3.08926713401778e-06,3.0889180618922344e-06,3.0885691270551273e-06,3.0882203293409184e-06,3.0878716692094807e-06,3.0875231455597296e-06,3.087174758921849e-06,3.0868265090871624e-06,3.0864783958535095e-06,3.0861304191962634e-06,3.085782579192165e-06,3.08543487560677e-06,3.085087308440585e-06,3.0847398774882044e-06,3.0843925827330185e-06,3.084045424144572e-06,3.083698401517022e-06,3.0833515148149046e-06,3.0830047639531e-06,3.082658148846758e-06,3.0823116694085536e-06,3.081965325555032e-06,3.081619117195679e-06,3.081273044230247e-06,3.0809271065933575e-06,3.080581303924389e-06,3.080235636074547e-06,3.079890103857858e-06,3.079544706236985e-06,3.079199444035147e-06,3.07885431686253e-06,3.0785093240649215e-06,3.0781644659478173e-06,3.0778197419007064e-06,3.0774751527074947e-06,3.077130697882053e-06,3.076786377387219e-06,3.0764421910926626e-06,3.076098139255082e-06,3.07575422104957e-06,3.0754104367776495e-06,3.0750667864186676e-06,3.074723269778726e-06,3.0743798868992037e-06,3.0740366375411566e-06,3.073693521685188e-06,3.073350539255768e-06,3.0730076901902303e-06,3.0726649743718145e-06,3.0723223917821056e-06,3.0719799423917018e-06,3.071637625837342e-06,3.071295442201723e-06,3.0709533914944834e-06,3.070611473444263e-06,3.0702696880543183e-06,3.0699280352411877e-06,3.0695865149484632e-06,3.069245127152165e-06,3.0689038717092314e-06,3.0685627484120024e-06,3.0682217566708614e-06,3.067880897655877e-06,3.0675401705427915e-06,3.0671995753406075e-06,3.0668591119618985e-06,3.066518780410015e-06,3.0661785804768836e-06,3.0658385121029237e-06,3.065498575157331e-06,3.0651587699519064e-06,3.0648190954380035e-06,3.0644795525396426e-06,3.0641401407519102e-06,3.0638008600223934e-06,3.0634617103070048e-06,3.063122691473316e-06,3.062783803537796e-06,3.0624450466432574e-06,3.0621064200320406e-06,3.0617679240257767e-06,3.0614295584869367e-06,3.06109132337558e-06,3.0607532185725302e-06,3.0604152440133833e-06,3.060077399607441e-06,3.0597396854947625e-06,3.059402101198808e-06,3.0590646468006583e-06,3.058727322237423e-06,3.0583901274222642e-06,3.0580530623383848e-06,3.0577161266857814e-06,3.0573793205033363e-06,3.0570426438457153e-06,3.0567060965782194e-06,3.0563696787479754e-06,3.05603338991549e-06,3.0556972301929267e-06,3.0553611994767173e-06,3.055025297574198e-06,3.054689524707981e-06,3.0543538805631337e-06,3.0540183650749225e-06,3.053682978250299e-06,3.0533477193173282e-06,3.053012588901462e-06,3.0526775874150247e-06,3.052342714302242e-06,3.0520079692098793e-06,3.0516733523607855e-06,3.0513388635761213e-06,3.051004502730129e-06,3.0506702695861963e-06,3.050336164438781e-06,3.0500021877300043e-06,3.049668338711972e-06,3.0493346167767194e-06,3.0490010220206863e-06,3.048667554683046e-06,3.0483342143874116e-06,3.048001001193325e-06,3.0476679148982635e-06,3.047334956424126e-06,3.0470021249602307e-06,3.0466694202910024e-06,3.0463368427521635e-06,3.0460043921189357e-06,3.045672067896731e-06,3.0453398709429716e-06,3.0450078006598437e-06,3.044675856027545e-06,3.0443440377071427e-06,3.044012345769727e-06,3.043680780007608e-06,3.0433493404126846e-06,3.0430180268539e-06,3.042686839190904e-06,3.042355777565536e-06,3.0420248417130824e-06,3.0416940316166324e-06,3.041363346546878e-06,3.0410327877665286e-06,3.0407023545892036e-06,3.040372046652375e-06,3.040041864132573e-06,3.0397118068926073e-06,3.0393818748532834e-06,3.0390520679819976e-06,3.038722386146726e-06,3.0383928292770926e-06,3.038063397188925e-06,3.0377340899858956e-06,3.037404907501438e-06,3.0370758496751e-06,3.0367469161860457e-06,3.036418107358822e-06,3.0360894230765865e-06,3.0357608632058297e-06,3.0354324275479145e-06,3.0351041150209134e-06,3.034775927415337e-06,3.0344478641009685e-06,3.0341199247346395e-06,3.033792109553344e-06,3.0334644178824155e-06,3.0331368499004735e-06,3.0328094064359603e-06,3.0324820856856256e-06,3.0321548880855776e-06,3.031827814216609e-06,3.031500863693425e-06,3.0311740361345077e-06,3.030847332170759e-06,3.0305207508155137e-06,3.030194292628068e-06,3.029867957752468e-06,3.029541745768695e-06,3.0292156566421956e-06,3.0288896902208787e-06,3.0285638464568972e-06,3.0282381252818195e-06,3.0279125266118654e-06,3.0275870503614127e-06,3.0272616965144435e-06,3.0269364650201605e-06,3.0266113556561475e-06,3.026286368421111e-06,3.0259615032538305e-06,3.0256367600721446e-06,3.0253121388009597e-06,3.0249876393652868e-06,3.0246632616900914e-06,3.024339005707174e-06,3.0240148713283257e-06,3.0236908585043476e-06,3.0233669671375453e-06,3.023043197148542e-06,3.0227195484642482e-06,3.022396021238722e-06,3.0220726151088447e-06,3.021749329828546e-06,3.021426165497894e-06,3.0211031222489077e-06,3.020780199860042e-06,3.020457398268204e-06,3.020134717617954e-06,3.0198121571141744e-06,3.0194897170066254e-06,3.0191673978724643e-06,3.018845198039142e-06,3.018523119661748e-06,3.0182011611479708e-06,3.017879323242063e-06,3.017557605437733e-06,3.0172360077284195e-06,3.016914529982264e-06,3.0165931721277934e-06,3.0162719341528584e-06,3.015950815887312e-06,3.0156298173298736e-06,3.01530893838488e-06,3.014988179366988e-06,3.014667539429719e-06,3.0143470193233625e-06,3.0140266189375567e-06,3.013706337045789e-06,3.013386174400044e-06,3.0130661308094282e-06,3.012746206150521e-06,3.012426400442571e-06,3.0121067136490903e-06,3.011787145761943e-06,3.011467696504401e-06,3.011148366500279e-06,3.01082915450245e-06,3.0105100610190042e-06,3.0101910858504043e-06,3.0098722292358183e-06,3.0095534908348183e-06,3.0092348704985077e-06,3.008916368583676e-06,3.008597984980169e-06,3.0082797191807974e-06,3.0079615713953356e-06,3.0076435414155502e-06,3.0073256292253316e-06,3.007007834777892e-06,3.006690158022584e-06,3.006372598884137e-06,3.006055157221786e-06,3.0057378330058536e-06,3.0054206259372053e-06,3.005103536409234e-06,3.0047865640225514e-06,3.00446970898382e-06,3.0041529709717796e-06,3.0038363500217737e-06,3.003519845962347e-06,3.0032034588461062e-06,3.002887188475419e-06,3.0025710346922635e-06,3.002254997592494e-06,3.001939077374981e-06,3.001623273717155e-06,3.0013075867189575e-06,3.0009920158411656e-06,3.0006765611619408e-06,3.0003612227382136e-06,3.000046000559134e-06,2.999730894428314e-06,2.999415904323324e-06,2.99910103019929e-06,2.9987862719711227e-06,2.9984716292338028e-06,2.9981571025817024e-06,2.9978426916171853e-06,2.99752839616777e-06,2.9972142163584434e-06,2.996900152074933e-06,2.996586203152364e-06,2.9962723695848386e-06,2.995958651269931e-06,2.995645048154872e-06,2.9953315602931065e-06,2.9950181873539837e-06,2.994704929516107e-06,2.994391786506755e-06,2.9940787583522536e-06,2.993765845229441e-06,2.993453046592796e-06,2.993140362529677e-06,2.992827793143037e-06,2.992515338223004e-06,2.9922029975427733e-06,2.9918907714023777e-06,2.9915786595945024e-06,2.991266662024567e-06,2.990954778749734e-06,2.990643009446063e-06,2.9903313540227843e-06,2.9900198127081344e-06,2.9897083852831345e-06,2.9893970717396323e-06,2.989085871851313e-06,2.988774785752603e-06,2.988463813221273e-06,2.988152954356926e-06,2.9878422088988614e-06,2.9875315767162027e-06,2.9872210580387737e-06,2.9869106525865803e-06,2.986600360323502e-06,2.9862901812767832e-06,2.9859801153333713e-06,2.985670162342539e-06,2.9853603221372e-06,2.9850505948547678e-06,2.98474098053333e-06,2.984431478897628e-06,2.9841220899086367e-06,2.983812813344428e-06,2.9835036495785386e-06,2.9831945983298158e-06,2.9828856594072937e-06,2.9825768328120787e-06,2.9822681185022253e-06,2.9819595163739224e-06,2.981651026383023e-06,2.9813426485239257e-06,2.981034382646003e-06,2.9807262287536916e-06,2.980418186647147e-06,2.980110256332983e-06,2.9798024377577553e-06,2.979494730869206e-06,2.9791871352019807e-06,2.9788796514392463e-06,2.978572279069273e-06,2.978265018196534e-06,2.9779578687830584e-06,2.9776508305830336e-06,2.977343903065256e-06,2.9770370872838386e-06,2.9767303822509963e-06,2.9764237884278125e-06,2.9761173054419646e-06,2.9758109334409735e-06,2.9755046722446995e-06,2.9751985216515013e-06,2.97489248178956e-06,2.974586552762627e-06,2.974280734170745e-06,2.9739750261714124e-06,2.9736694285258707e-06,2.9733639412704925e-06,2.97305856432541e-06,2.9727532980277005e-06,2.9724481415229375e-06,2.972143094950645e-06,2.9718381584695534e-06,2.9715333316133054e-06,2.9712286148264105e-06,2.9709240078607843e-06,2.970619510661715e-06,2.9703151232678323e-06,2.9700108456575858e-06,2.969706677656207e-06,2.9694026190112424e-06,2.969098669540626e-06,2.9687948297219114e-06,2.9684910990786466e-06,2.968187477883169e-06,2.9678839659452428e-06,2.967580563245275e-06,2.967277269421315e-06,2.9669740845681873e-06,2.96667100861744e-06,2.9663680415068024e-06,2.9660651832758683e-06,2.965762433707767e-06,2.965459792807227e-06,2.9651572605379125e-06,2.964854836816598e-06,2.964552521634658e-06,2.9642503148661387e-06,2.9639482163996332e-06,2.963646226226596e-06,2.9633443442686094e-06,2.96304257049809e-06,2.9627409048495835e-06,2.9624393470958967e-06,2.9621378974230194e-06,2.9618365556565207e-06,2.961535321740332e-06,2.961234195691995e-06,2.9609331773031737e-06,2.960632266571162e-06,2.9603314634261695e-06,2.9600307678215685e-06,2.959730179680159e-06,2.9594296989325828e-06,2.959129325993345e-06,2.9588290598956734e-06,2.958528901008734e-06,2.958228849273665e-06,2.9579289046846067e-06,2.957629067137575e-06,2.9573293364894645e-06,2.9570297127775606e-06,2.9567301959424656e-06,2.956430785829454e-06,2.9561314824945864e-06,2.9558322857237844e-06,2.955533195333729e-06,2.9552342114982762e-06,2.954935334358521e-06,2.9546365636905214e-06,2.954337899371441e-06,2.9540393413101334e-06,2.953740889202282e-06,2.9534425435563903e-06,2.953144303663473e-06,2.9528461701120666e-06,2.9525481422710468e-06,2.9522502206087693e-06,2.951952404769335e-06,2.9516546947742396e-06,2.9513570904997094e-06,2.9510595918671666e-06,2.9507621988466828e-06,2.95046491133946e-06,2.9501677290400285e-06,2.949870652456014e-06,2.9495736808390225e-06,2.9492768148594223e-06,2.948980054137518e-06,2.9486833986184746e-06,2.948386848188647e-06,2.948090402936003e-06,2.9477940625583538e-06,2.947497827136084e-06,2.9472016965353538e-06,2.9469056709048626e-06,2.9466097498993114e-06,2.9463139335728447e-06,2.946018221914174e-06,2.9457226148208203e-06,2.94542711223065e-06,2.945131714050935e-06,2.944836419925298e-06,2.9445412304677725e-06,2.944246145283126e-06,2.9439511643044698e-06,2.9436562876861355e-06,2.9433615149441648e-06,2.9430668462387947e-06,2.9427722819583718e-06,2.942477821105386e-06,2.9421834641020125e-06,2.9418892108387564e-06,2.941595061387822e-06,2.941301015541308e-06,2.941007073306474e-06,2.940713234503994e-06,2.9404194993566233e-06,2.940125867272527e-06,2.939832338766777e-06,2.9395389133345462e-06,2.9392455914834746e-06,2.9389523726074477e-06,2.938659257507072e-06,2.938366245037028e-06,2.9380733354896395e-06,2.937780529033555e-06,2.937487825418303e-06,2.937195224162668e-06,2.9369027260312387e-06,2.9366103306293963e-06,2.9363180380463295e-06,2.9360258480183e-06,2.935733760681623e-06,2.935441775650245e-06,2.9351498931794152e-06,2.93485811281626e-06,2.934566434865561e-06,2.9342748591407684e-06,2.933983385160715e-06,2.9336920136965746e-06,2.933400744226021e-06,2.93310957689919e-06,2.9328185115450462e-06,2.9325275479448216e-06,2.932236686318051e-06,2.9319459264635275e-06,2.9316552685267518e-06,2.9313647120507202e-06,2.9310742568087293e-06,2.9307839033822195e-06,2.9304936515404567e-06,2.9302035009469993e-06,2.9299134516601502e-06,2.929623503916521e-06,2.9293336575303727e-06,2.9290439121541688e-06,2.9287542677307053e-06,2.9284647243810093e-06,2.9281752822603996e-06,2.927885941171507e-06,2.9275967009044758e-06,2.9273075613639808e-06,2.9270185228162206e-06,2.926729584792728e-06,2.926440747590206e-06,2.9261520109640288e-06,2.92586337503141e-06,2.9255748394848983e-06,2.9252864042143285e-06,2.924998069224065e-06,2.9247098348480524e-06,2.924421700786357e-06,2.924133666997553e-06,2.923845733202136e-06,2.9235578996720488e-06,2.9232701660142933e-06,2.922982532326984e-06,2.922694998671064e-06,2.92240756482182e-06,2.9221202307666184e-06,2.9218329966150844e-06,2.921545862173777e-06,2.921258827161943e-06,2.9209718919107195e-06,2.9206850561788343e-06,2.9203983198577237e-06,2.920111683048739e-06,2.9198251456059513e-06,2.9195387074692872e-06,2.9192523685733818e-06,2.9189661288665125e-06,2.9186799882582484e-06,2.918393946873915e-06,2.918108004444608e-06,2.9178221609127654e-06,2.9175364163601025e-06,2.9172507707839175e-06,2.9169652239932807e-06,2.9166797757869965e-06,2.916394426362641e-06,2.9161091755749836e-06,2.915824023144679e-06,2.915538969371744e-06,2.9152540140362154e-06,2.9149691571984834e-06,2.9146843987556976e-06,2.9143997386216046e-06,2.914115176728119e-06,2.9138307130981596e-06,2.913546347391386e-06,2.9132620798486566e-06,2.912977910178931e-06,2.912693838638584e-06,2.9124098650599834e-06,2.912125989350867e-06,2.9118422115207628e-06,2.9115585313374315e-06,2.9112749488248912e-06,2.910991463875321e-06,2.910708076647235e-06,2.910424786941844e-06,2.910141594725912e-06,2.9098584999751994e-06,2.9095755025410558e-06,2.9092926023415536e-06,2.9090097993979595e-06,2.9087270936348585e-06,2.9084444850350632e-06,2.9081619735478554e-06,2.907879559089598e-06,2.9075972419395166e-06,2.9073150214584463e-06,2.9070328978221976e-06,2.906750871208518e-06,2.9064689411854485e-06,2.906187107784208e-06,2.905905371101227e-06,2.9056237313093495e-06,2.9053421877409e-06,2.905060740845303e-06,2.904779390167522e-06,2.904498135955032e-06,2.9042169780236526e-06,2.90393591636864e-06,2.9036549510186762e-06,2.9033740818436807e-06,2.9030933085891187e-06,2.9028126313901185e-06,2.902532050404516e-06,2.9022515651928792e-06,2.901971175995984e-06,2.901690882679488e-06,2.9014106853380208e-06,2.9011305836058794e-06,2.900850577635384e-06,2.9005706672038603e-06,2.900290852289869e-06,2.900011132944216e-06,2.899731509084672e-06,2.8994519806488376e-06,2.8991725476108816e-06,2.8988932098490516e-06,2.8986139674202063e-06,2.8983348200911623e-06,2.8980557679095516e-06,2.897776810802029e-06,2.8974979487422693e-06,2.8972191817363698e-06,2.8969405097580827e-06,2.8966619327713617e-06,2.8963834506209546e-06,2.8961050632507996e-06,2.8958267705284094e-06,2.8955485724234416e-06,2.895270468982121e-06,2.8949924602198686e-06,2.8947145457464064e-06,2.8944367256760614e-06,2.8941590007475414e-06,2.8938813697127054e-06,2.8936038330279398e-06,2.893326390397824e-06,2.8930490417363215e-06,2.8927717874265805e-06,2.8924946272536927e-06,2.8922175611031594e-06,2.8919405892123185e-06,2.891663710996167e-06,2.8913869268749628e-06,2.8911102364008745e-06,2.890833639962298e-06,2.8905571370487135e-06,2.8902807277762406e-06,2.890004412371722e-06,2.8897281903068995e-06,2.889452061911362e-06,2.889176027094618e-06,2.88890008555465e-06,2.8886242372367854e-06,2.8883484823716245e-06,2.888072820839646e-06,2.887797252623299e-06,2.887521777472677e-06,2.887246395333863e-06,2.886971106354821e-06,2.8866959103115015e-06,2.8864208071657853e-06,2.886145796920454e-06,2.8858708795850077e-06,2.885596055266601e-06,2.885321323575614e-06,2.8850466846136905e-06,2.8847721389122137e-06,2.884497685205186e-06,2.8842233239518557e-06,2.8839490551609754e-06,2.883674879009814e-06,2.8834007952648954e-06,2.8831268036634706e-06,2.8828529042527015e-06,2.8825790973859366e-06,2.8823053824451643e-06,2.882031759758635e-06,2.8817582291708754e-06,2.8814847908356026e-06,2.881211444437005e-06,2.880938189901411e-06,2.880665027269198e-06,2.880391956468405e-06,2.8801189775433304e-06,2.8798460901294695e-06,2.879573294548092e-06,2.8793005907321545e-06,2.8790279785045114e-06,2.878755457437096e-06,2.8784830280455504e-06,2.878210690276225e-06,2.87793844377413e-06,2.8776662891019366e-06,2.8773942253120015e-06,2.8771222527520583e-06,2.8768503714074504e-06,2.876578581390418e-06,2.8763068821555827e-06,2.876035274104657e-06,2.8757637569209284e-06,2.875492330433214e-06,2.875220995172195e-06,2.8749497506552884e-06,2.8746785970200124e-06,2.8744075340162698e-06,2.8741365619296382e-06,2.8738656803748258e-06,2.8735948893951556e-06,2.8733241884221567e-06,2.8730535787736185e-06,2.8727830592792912e-06,2.8725126300900268e-06,2.8722422912997175e-06,2.871972042808163e-06,2.8717018845673884e-06,2.8714318164298255e-06,2.871161838495427e-06,2.8708919506931403e-06,2.8706221529518757e-06,2.870352445195834e-06,2.870082827293027e-06,2.869813299352644e-06,2.8695438613246385e-06,2.8692745130255698e-06,2.8690052541938966e-06,2.8687360853068687e-06,2.868467006420587e-06,2.8681980168847855e-06,2.8679291166284614e-06,2.8676603060397562e-06,2.8673915848990097e-06,2.867122953262702e-06,2.8668544109788813e-06,2.866585958005134e-06,2.866317594178814e-06,2.8660493195271154e-06,2.865781134236655e-06,2.865513037996839e-06,2.8652450307935426e-06,2.8649771128596703e-06,2.8647092837691336e-06,2.8644415435712455e-06,2.8641738921102877e-06,2.8639063296188078e-06,2.8636388558437723e-06,2.863371470880151e-06,2.8631041744192413e-06,2.862836966776205e-06,2.8625698477712005e-06,2.862302817177708e-06,2.862035874838686e-06,2.86176902106386e-06,2.8615022558798536e-06,2.861235579091332e-06,2.86096899057247e-06,2.8607024902452287e-06,2.8604360781153875e-06,2.8601697541499582e-06,2.859903518120481e-06,2.8596373704452725e-06,2.8593713105729327e-06,2.85910533899735e-06,2.8588394548900354e-06,2.8585736589425524e-06,2.8583079508102332e-06,2.858042330515569e-06,2.8577767979667153e-06,2.857511352918841e-06,2.8572459955653755e-06,2.856980725818887e-06,2.856715543582039e-06,2.8564504491949847e-06,2.856185441693501e-06,2.8559205219674466e-06,2.8556556894398254e-06,2.855390944329769e-06,2.8551262863667007e-06,2.85486171546566e-06,2.854597231858062e-06,2.8543328354443413e-06,2.85406852602893e-06,2.853804303598068e-06,2.8535401679985337e-06,2.8532761195308984e-06,2.853012157927081e-06,2.852748283574547e-06,2.852484495806265e-06,2.8522207946929554e-06,2.851957180186888e-06,2.8516936523107116e-06,2.8514302111784494e-06,2.851166856458412e-06,2.8509035879921404e-06,2.850640406535266e-06,2.8503773112643084e-06,2.850114302436185e-06,2.8498513796720367e-06,2.8495885435511405e-06,2.8493257933419356e-06,2.849063129549959e-06,2.848800552183294e-06,2.84853806051493e-06,2.8482756549576062e-06,2.8480133353991353e-06,2.847751101679051e-06,2.847488953958352e-06,2.847226892191242e-06,2.8469649162160123e-06,2.8467030260195e-06,2.8464412213875035e-06,2.8461795026824366e-06,2.8459178696466445e-06,2.8456563220794617e-06,2.8453948599695893e-06,2.845133483592691e-06,2.8448721928247005e-06,2.8446109870691657e-06,2.8443498666713976e-06,2.8440888315657954e-06,2.8438278816380543e-06,2.843567016887797e-06,2.843306237406851e-06,2.8430455431346307e-06,2.8427849339247978e-06,2.8425244098640425e-06,2.842263970690323e-06,2.8420036163952112e-06,2.841743347103896e-06,2.84148316275985e-06,2.841223063160017e-06,2.840963048314351e-06,2.8407031183081246e-06,2.84044327286882e-06,2.840183511906852e-06,2.8399238355635262e-06,2.8396642438917106e-06,2.8394047368185156e-06,2.839145314095104e-06,2.838885975654116e-06,2.8386267217522763e-06,2.8383675521391703e-06,2.8381084668097504e-06,2.8378494657075854e-06,2.837590548775871e-06,2.8373317159717686e-06,2.8370729675454276e-06,2.8368143029192003e-06,2.836555722299118e-06,2.8362972256442853e-06,2.836038812997895e-06,2.83578048414248e-06,2.8355222391097705e-06,2.8352640778647912e-06,2.8350060003596516e-06,2.8347480066494325e-06,2.8344900965223946e-06,2.8342322697967577e-06,2.833974526807058e-06,2.833716867343659e-06,2.833459291609684e-06,2.8332017990302477e-06,2.8329443902108226e-06,2.8326870641838986e-06,2.83242982162185e-06,2.8321726625577715e-06,2.8319155864688547e-06,2.8316585936746587e-06,2.8314016838578296e-06,2.8311448572875616e-06,2.8308881136293796e-06,2.8306314526249183e-06,2.8303748749059222e-06,2.8301183800926468e-06,2.829861968316215e-06,2.8296056392833382e-06,2.829349393166103e-06,2.8290932296226277e-06,2.82883714877016e-06,2.828581150563993e-06,2.828325234852079e-06,2.828069401958363e-06,2.827813651399718e-06,2.827557983319192e-06,2.827302397819039e-06,2.8270468945203152e-06,2.8267914734563264e-06,2.8265361347437766e-06,2.8262808783414236e-06,2.826025703997999e-06,2.825770611878964e-06,2.825515601881144e-06,2.8252606739906807e-06,2.8250058279595906e-06,2.8247510640914783e-06,2.824496382491497e-06,2.8242417824531217e-06,2.823987264302892e-06,2.82373282792121e-06,2.823478473191279e-06,2.8232242002444508e-06,2.822970009105049e-06,2.8227158991960393e-06,2.8224618712909003e-06,2.8222079252444686e-06,2.821954060410745e-06,2.8217002771597712e-06,2.821446575435783e-06,2.821192955149109e-06,2.8209394162327988e-06,2.8206859583855694e-06,2.8204325818528517e-06,2.8201792863356814e-06,2.8199260721592397e-06,2.8196729391830354e-06,2.8194198873010117e-06,2.8191669164229175e-06,2.818914026539357e-06,2.818661217554964e-06,2.818408489511411e-06,2.8181558423810603e-06,2.8179032760769137e-06,2.817650790559262e-06,2.8173983857765876e-06,2.8171460619332806e-06,2.8168938185998928e-06,2.816641655720734e-06,2.816389573599417e-06,2.816137571749485e-06,2.815885650673113e-06,2.8156338100486805e-06,2.8153820498091496e-06,2.815130369827706e-06,2.814878769910062e-06,2.8146272505959873e-06,2.814375811729293e-06,2.814124452839817e-06,2.81387317432658e-06,2.8136219758791895e-06,2.813370857529365e-06,2.8131198191933334e-06,2.812868860872937e-06,2.8126179825195317e-06,2.8123671840063345e-06,2.8121164655039288e-06,2.811865826706073e-06,2.811615267837473e-06,2.8113647886133235e-06,2.8111143891899985e-06,2.810864069446043e-06,2.810613829326526e-06,2.8103636687282465e-06,2.8101135876444903e-06,2.809863586093371e-06,2.8096136639777507e-06,2.8093638211419137e-06,2.8091140578524683e-06,2.8088643739010065e-06,2.808614769239828e-06,2.8083652438505794e-06,2.8081157978889635e-06,2.807866430891156e-06,2.8076171429995647e-06,2.8073679342803894e-06,2.8071188047580443e-06,2.806869753593482e-06,2.806620781837957e-06,2.806371888995045e-06,2.806123075055358e-06,2.8058743399622374e-06,2.805625683683193e-06,2.805377106225276e-06,2.8051286074750696e-06,2.8048801873685926e-06,2.8046318458967254e-06,2.804383582933468e-06,2.804135398637202e-06,2.8038872928637695e-06,2.8036392655566075e-06,2.8033913166356783e-06,2.8031434460360245e-06,2.8028956539281026e-06,2.802647940137438e-06,2.802400304624837e-06,2.8021527475557686e-06,2.801905268485469e-06,2.8016578675732604e-06,2.8014105447702677e-06,2.801163299983271e-06,2.800916133265691e-06,2.8006690445713767e-06,2.8004220338845346e-06,2.8001751009260334e-06,2.7999282459900815e-06,2.799681469078305e-06,2.7994347697683924e-06,2.7991881482072372e-06,2.7989416042470394e-06,2.7986951380765615e-06,2.7984487495417033e-06,2.7982024386028667e-06,2.7979562052193925e-06,2.7977100493523977e-06,2.797463970972114e-06,2.7972179701869553e-06,2.796972046906729e-06,2.7967262007159944e-06,2.7964804319066955e-06,2.7962347402985806e-06,2.7959891258890426e-06,2.795743588716891e-06,2.7954981287145893e-06,2.7952527458335047e-06,2.7950074400235088e-06,2.7947622112550142e-06,2.794517059479565e-06,2.7942719846652157e-06,2.794026986777719e-06,2.7937820657762704e-06,2.7935372216077985e-06,2.793292454217411e-06,2.7930477636157048e-06,2.7928031497483448e-06,2.7925586125567268e-06,2.7923141520115557e-06,2.7920697680735067e-06,2.791825460704144e-06,2.7915812299320442e-06,2.7913370755798125e-06,2.7910929975656403e-06,2.790848996075373e-06,2.790605070934206e-06,2.7903612221498475e-06,2.7901174496614568e-06,2.789873753427391e-06,2.789630133420999e-06,2.7893865895854318e-06,2.7891431218836186e-06,2.7888997302810427e-06,2.788656414739666e-06,2.7884131752318193e-06,2.7881700117027837e-06,2.7879269241132617e-06,2.7876839124291887e-06,2.787440976618999e-06,2.7871981166888035e-06,2.7869553324907183e-06,2.7867126240509494e-06,2.786469991317107e-06,2.7862274342593334e-06,2.785984952836864e-06,2.7857425470232673e-06,2.7855002167611076e-06,2.7852579620066293e-06,2.7850157830941776e-06,2.784773679286225e-06,2.7845316508705834e-06,2.7842896978221373e-06,2.7840478201018356e-06,2.783806017672949e-06,2.7835642904716103e-06,2.7833226385102745e-06,2.783081061724292e-06,2.7828395600751473e-06,2.7825981335248506e-06,2.7823567820381004e-06,2.7821155057835875e-06,2.7818743043049856e-06,2.7816331777719457e-06,2.7813921261497916e-06,2.7811511494069776e-06,2.780910247494289e-06,2.7806694203784212e-06,2.7804286680133906e-06,2.780187990367236e-06,2.779947387411058e-06,2.7797068590922265e-06,2.7794664053813226e-06,2.7792260262433434e-06,2.778985721630154e-06,2.778745491510757e-06,2.778505335845197e-06,2.77826525459927e-06,2.778025247711247e-06,2.7777853151876946e-06,2.77754545697429e-06,2.7773056730299682e-06,2.777065963310836e-06,2.77682632778287e-06,2.776586766407644e-06,2.7763472791508672e-06,2.776107865982097e-06,2.775868526847446e-06,2.7756292617189344e-06,2.775390070563005e-06,2.7751509533328716e-06,2.7749119100019165e-06,2.7746729405215965e-06,2.7744340448605036e-06,2.7741952229817297e-06,2.773956474854274e-06,2.773717800428335e-06,2.7734791996720057e-06,2.773240672554541e-06,2.7730022190279454e-06,2.7727638390670488e-06,2.772525532630895e-06,2.7722872996764773e-06,2.772049140174775e-06,2.7718110540737676e-06,2.7715730413499735e-06,2.7713351019652506e-06,2.771097235876411e-06,2.7708594430531144e-06,2.770621723455714e-06,2.770384077053554e-06,2.770146503810104e-06,2.769909003672603e-06,2.7696715766205124e-06,2.769434222606353e-06,2.769196941598828e-06,2.768959733563518e-06,2.768722598459887e-06,2.7684855362580336e-06,2.768248546905213e-06,2.768011630392276e-06,2.7677747866619234e-06,2.7675380156814746e-06,2.767301317422649e-06,2.767064691837558e-06,2.766828138893226e-06,2.766591658556967e-06,2.7663552507864006e-06,2.7661189155482994e-06,2.76588265280923e-06,2.7656464625293965e-06,2.765410344671945e-06,2.7651742992378937e-06,2.7649383261197797e-06,2.764702425316571e-06,2.7644665967867817e-06,2.7642308405040365e-06,2.7639951564233724e-06,2.7637595444144955e-06,2.7635240046383496e-06,2.763288536963752e-06,2.763053141348728e-06,2.7628178177729906e-06,2.76258256617894e-06,2.7623473865426376e-06,2.762112278821138e-06,2.761877242986126e-06,2.7616422790041044e-06,2.7614073868248503e-06,2.7611725664211924e-06,2.7609378177556156e-06,2.760703140796348e-06,2.7604685354573952e-06,2.7602340018042835e-06,2.759999539739815e-06,2.759765149239857e-06,2.759530830266216e-06,2.759296582791354e-06,2.759062406759691e-06,2.7588283021476193e-06,2.7585942689835494e-06,2.7583603071023837e-06,2.758126416577178e-06,2.7578925972915704e-06,2.7576588492497134e-06,2.7574251724107774e-06,2.7571915667450482e-06,2.75695803221315e-06,2.756724568783275e-06,2.756491176394812e-06,2.75625785505586e-06,2.7560246047203052e-06,2.755791425367045e-06,2.75555831693454e-06,2.7553252793071426e-06,2.7550923126364633e-06,2.7548594167407018e-06,2.754626591629631e-06,2.7543938372633678e-06,2.7541611535948245e-06,2.7539285406231462e-06,2.7536959982896926e-06,2.7534635264656166e-06,2.7532311253179227e-06,2.752998794713761e-06,2.752766534341414e-06,2.752534344708563e-06,2.7523022254553368e-06,2.752070176596212e-06,2.751838198158036e-06,2.7516062900430833e-06,2.7513744522284097e-06,2.751142684665689e-06,2.750910987309916e-06,2.7506793601700883e-06,2.7504478031798203e-06,2.750216316319777e-06,2.749984899536376e-06,2.749753552787078e-06,2.7495222760328073e-06,2.7492910692491316e-06,2.749059932420882e-06,2.748828865509914e-06,2.7485978684758095e-06,2.7483669415979664e-06,2.7481360841789235e-06,2.7479052965515384e-06,2.7476745787403643e-06,2.747443930636959e-06,2.747213352384804e-06,2.746982843763242e-06,2.7467524045799633e-06,2.746522034908677e-06,2.7462917350324757e-06,2.7460615043336822e-06,2.7458313432197126e-06,2.7456012515212454e-06,2.7453712291063252e-06,2.7451412760749294e-06,2.7449113926974554e-06,2.7446815783033933e-06,2.744451833195754e-06,2.744222157374704e-06,2.7439925507339195e-06,2.7437630135187347e-06,2.743533545157247e-06,2.7433041458916815e-06,2.7430748157089884e-06,2.742845554464299e-06,2.7426163633765243e-06,2.7423872398177177e-06,2.742158185937423e-06,2.7419292007249857e-06,2.7417002840796903e-06,2.741471436336755e-06,2.7412426573137403e-06,2.7410139471738056e-06,2.740785305323652e-06,2.740556732561659e-06,2.7403282284142577e-06,2.7400997927449396e-06,2.7398714260367825e-06,2.7396431275675907e-06,2.7394148980985138e-06,2.739186737366925e-06,2.738958644372995e-06,2.7387306195299033e-06,2.7385026634357605e-06,2.738274775628937e-06,2.7380469561019294e-06,2.7378192048636586e-06,2.7375915219542215e-06,2.737363907056e-06,2.737136360553477e-06,2.736908882404031e-06,2.7366814726925004e-06,2.7364541305461353e-06,2.736226856691688e-06,2.7359996506537616e-06,2.7357725125288932e-06,2.735545442393342e-06,2.7353184405282016e-06,2.7350915058697998e-06,2.734864639589454e-06,2.734637841613649e-06,2.7344111109667427e-06,2.734184447782741e-06,2.7339578531064194e-06,2.7337313254005833e-06,2.7335048656106717e-06,2.7332784731809037e-06,2.7330521483424425e-06,2.7328258913432185e-06,2.732599701836311e-06,2.7323735795668064e-06,2.7321475246949987e-06,2.7319215375654908e-06,2.731695617574385e-06,2.731469764639689e-06,2.7312439793353215e-06,2.731018261264131e-06,2.730792610469525e-06,2.730567026971222e-06,2.730341510852727e-06,2.730116061627027e-06,2.729890679606664e-06,2.7296653649110865e-06,2.7294401170811553e-06,2.7292149362566874e-06,2.7289898228229355e-06,2.7287647762265607e-06,2.728539796330804e-06,2.728314883331607e-06,2.7280900371810706e-06,2.7278652578247317e-06,2.727640545359397e-06,2.7274158995661485e-06,2.727191320606535e-06,2.7269668086273695e-06,2.726742363023312e-06,2.7265179841935713e-06,2.726293671727542e-06,2.726069426000221e-06,2.72584524677604e-06,2.7256211342508357e-06,2.72539708803759e-06,2.725173108258555e-06,2.7249491948864914e-06,2.7247253479842613e-06,2.72450156705255e-06,2.7242778534405168e-06,2.724054205522276e-06,2.723830623766898e-06,2.723607108294588e-06,2.7233836590348492e-06,2.723160275892167e-06,2.7229369588898223e-06,2.7227137080225315e-06,2.7224905232061854e-06,2.7222674042548626e-06,2.7220443514787765e-06,2.7218213644262023e-06,2.7215984435896127e-06,2.721375588622495e-06,2.721152799639494e-06,2.7209300758167867e-06,2.72070741841807e-06,2.720484826390772e-06,2.720262300598357e-06,2.720039840664667e-06,2.719817446186229e-06,2.719595117278348e-06,2.7193728535008386e-06,2.719150656133916e-06,2.7189285243545693e-06,2.718706457829698e-06,2.71848445696089e-06,2.7182625215359323e-06,2.71804065153301e-06,2.717818846825123e-06,2.717597107224883e-06,2.7173754334964906e-06,2.717153824801905e-06,2.7169322813978e-06,2.716710803211172e-06,2.7164893904794266e-06,2.716268042415262e-06,2.7160467597882482e-06,2.715825542237229e-06,2.7156043898496927e-06,2.715383302610047e-06,2.7151622800190047e-06,2.71494132268875e-06,2.7147204303530453e-06,2.714499602937681e-06,2.714278840410947e-06,2.7140581427362783e-06,2.7138375099839768e-06,2.7136169419948297e-06,2.713396438990132e-06,2.713176000277158e-06,2.7129556264717714e-06,2.7127353175610416e-06,2.7125150731576263e-06,2.712294893383563e-06,2.71207477827613e-06,2.711854727322834e-06,2.7116347407838797e-06,2.7114148191615153e-06,2.7111949621192035e-06,2.7109751694502213e-06,2.7107554411830692e-06,2.710535777012579e-06,2.710316177546838e-06,2.7100966423473237e-06,2.7098771713760165e-06,2.709657764523071e-06,2.7094384220643975e-06,2.7092191438152433e-06,2.708999929694586e-06,2.7087807790307164e-06,2.7085616932661996e-06,2.708342671342412e-06,2.708123713496486e-06,2.707904819427046e-06,2.7076859894984283e-06,2.7074672239241584e-06,2.7072485220285426e-06,2.707029883902654e-06,2.706811309754506e-06,2.706592799521169e-06,2.7063743530096164e-06,2.7061559702555293e-06,2.7059376512414223e-06,2.705719395996603e-06,2.7055012043619324e-06,2.705283076388437e-06,2.7050650118919545e-06,2.7048470111003453e-06,2.7046290734452473e-06,2.7044111997386453e-06,2.7041933894092807e-06,2.703975642663343e-06,2.7037579588688678e-06,2.7035403384281714e-06,2.703322781355885e-06,2.7031052877898284e-06,2.7028878578312026e-06,2.70267049094594e-06,2.7024531871754337e-06,2.702235947368977e-06,2.7020187701230203e-06,2.7018016560755e-06,2.701584604918146e-06,2.7013676168962734e-06,2.7011506921905934e-06,2.700933830501791e-06,2.7007170323248767e-06,2.7005002970767377e-06,2.7002836245614457e-06,2.7000670147386316e-06,2.699850468046192e-06,2.6996339837440258e-06,2.699417562233127e-06,2.6992012038660634e-06,2.698984908075633e-06,2.6987686751588414e-06,2.6985525049108835e-06,2.6983363974989683e-06,2.6981203527413798e-06,2.69790437061434e-06,2.6976884513789843e-06,2.6974725947578432e-06,2.697256800671875e-06,2.6970410692064316e-06,2.696825400215241e-06,2.696609793621475e-06,2.6963942495105257e-06,2.6961787676427827e-06,2.6959633482074444e-06,2.695747991176655e-06,2.695532696565569e-06,2.6953174639736023e-06,2.6951022939327323e-06,2.6948871857262543e-06,2.6946721396833274e-06,2.694457155813461e-06,2.69424223410291e-06,2.6940273744767063e-06,2.6938125769473172e-06,2.693597841481253e-06,2.6933831680169197e-06,2.693168556546854e-06,2.69295400700987e-06,2.6927395194190454e-06,2.6925250937242737e-06,2.6923107298962747e-06,2.692096427906594e-06,2.6918821877254527e-06,2.691668009324138e-06,2.691453892673412e-06,2.6912398377448784e-06,2.691025844509823e-06,2.690811912937881e-06,2.6905980430010964e-06,2.690384234670611e-06,2.690170487917301e-06,2.6899568027126633e-06,2.6897431790268665e-06,2.689529616832032e-06,2.6893161161042277e-06,2.689102676809423e-06,2.6888892989206754e-06,2.688675982409193e-06,2.688462727471027e-06,2.6882495335952765e-06,2.688036400210504e-06,2.687823328870746e-06,2.6876103190082655e-06,2.6873973701030728e-06,2.6871844819430935e-06,2.6869716554007415e-06,2.68675889017936e-06,2.686546185846948e-06,2.686333542572563e-06,2.686120960342153e-06,2.6859084391160785e-06,2.6856959788631558e-06,2.6854835795473262e-06,2.6852712411514987e-06,2.6850589636535243e-06,2.6848467470159064e-06,2.6846345912072176e-06,2.684422496179033e-06,2.6842104619170413e-06,2.683998488454564e-06,2.6837865756969876e-06,2.6835747235912048e-06,2.683362932185121e-06,2.683151201388473e-06,2.6829395311984515e-06,2.682727921586074e-06,2.6825163725238537e-06,2.6823048839266428e-06,2.682093455877477e-06,2.6818820882943447e-06,2.6816707812219682e-06,2.6814595345097982e-06,2.6812483481482603e-06,2.681037222237145e-06,2.6808261565499055e-06,2.6806151511028643e-06,2.680404206007731e-06,2.6801933210769504e-06,2.679982496437325e-06,2.679771731866759e-06,2.6795610275489226e-06,2.6793503833507676e-06,2.6791397992624874e-06,2.678929275245504e-06,2.67871881127554e-06,2.6785084071650613e-06,2.6782980632043743e-06,2.6780877787952036e-06,2.6778775547137044e-06,2.677667390550888e-06,2.6774572861935496e-06,2.6772472417596324e-06,2.6770372571477745e-06,2.6768273323052097e-06,2.6766174671189915e-06,2.676407661554215e-06,2.6761979159572354e-06,2.675988230036216e-06,2.675778603614471e-06,2.675569037221449e-06,2.67535953022482e-06,2.6751500827021054e-06,2.6749406948225537e-06,2.6747313664328936e-06,2.6745220975556087e-06,2.674312888117389e-06,2.674103738126734e-06,2.6738946478461085e-06,2.6736856166811524e-06,2.6734766449068245e-06,2.673267732860537e-06,2.6730588795105558e-06,2.672850085636493e-06,2.6726413510036374e-06,2.672432675582236e-06,2.6722240593539036e-06,2.6720155022530567e-06,2.6718070041231836e-06,2.671598565141671e-06,2.671390185298414e-06,2.6711818645069448e-06,2.6709736017577703e-06,2.6707653989593673e-06,2.670557255165165e-06,2.670349170283947e-06,2.6701411443680797e-06,2.6699331773405246e-06,2.66972526917962e-06,2.6695174197844603e-06,2.6693096292008214e-06,2.669101897466721e-06,2.6688942245014966e-06,2.6686866102423936e-06,2.668479054694692e-06,2.668271558212281e-06,2.6680641201527546e-06,2.6678567407325443e-06,2.667649419693152e-06,2.6674421575954316e-06,2.667234954100804e-06,2.66702780870252e-06,2.666820721990722e-06,2.6666136936776814e-06,2.666406723662392e-06,2.6661998120275406e-06,2.665992958738818e-06,2.6657861636399426e-06,2.665579427067716e-06,2.6653727489168913e-06,2.6651661289135016e-06,2.664959567149205e-06,2.6647530636781866e-06,2.6645466185152717e-06,2.6643402309102924e-06,2.6641339019912425e-06,2.663927631033285e-06,2.6637214182841935e-06,2.6635152637048225e-06,2.663309167037062e-06,2.6631031282164566e-06,2.66289714788805e-06,2.6626912250324267e-06,2.6624853601008907e-06,2.662279552644111e-06,2.6620738033593544e-06,2.6618681120416556e-06,2.6616624785445155e-06,2.6614569027321367e-06,2.6612513848038598e-06,2.661045924611997e-06,2.6608405221742946e-06,2.660635177292608e-06,2.6604298901502172e-06,2.6602246606420345e-06,2.6600194884574295e-06,2.6598143747642844e-06,2.6596093179098427e-06,2.6594043187532254e-06,2.6591993769370215e-06,2.6589944923861536e-06,2.6587896657013348e-06,2.6585848963938916e-06,2.658380184412952e-06,2.6581755296825953e-06,2.657970932396838e-06,2.657766392455569e-06,2.657561909771372e-06,2.6573574843873326e-06,2.657153116333677e-06,2.656948805310437e-06,2.6567445512539755e-06,2.6565403546617855e-06,2.6563362152179607e-06,2.65613213289305e-06,2.6559281084180567e-06,2.6557241402231328e-06,2.6555202291018987e-06,2.6553163749536563e-06,2.6551125778076108e-06,2.6549088369413294e-06,2.6547051536795107e-06,2.6545015272893065e-06,2.654297957806437e-06,2.6540944449516685e-06,2.6538909891525633e-06,2.6536875901285307e-06,2.653484247808775e-06,2.6532809623225284e-06,2.6530777335364205e-06,2.652874561421846e-06,2.6526714457343785e-06,2.6524683869193335e-06,2.652265384876848e-06,2.6520624393395867e-06,2.6518595503206524e-06,2.651656717846759e-06,2.651453941898343e-06,2.651251222522509e-06,2.651048559625094e-06,2.650845953174942e-06,2.6506434038832526e-06,2.6504409101884725e-06,2.650238472859702e-06,2.650036091805967e-06,2.64983376708371e-06,2.6496314986287917e-06,2.6494292864451206e-06,2.649227130513481e-06,2.6490250303305126e-06,2.6488229869209723e-06,2.6486209995255683e-06,2.6484190684107085e-06,2.6482171934041477e-06,2.648015374066847e-06,2.6478136107178413e-06,2.647611903480974e-06,2.6474102522352335e-06,2.647208657421219e-06,2.6470071180806045e-06,2.6468056347055582e-06,2.646604207284334e-06,2.6464028359934256e-06,2.64620152050742e-06,2.646000260923605e-06,2.645799056895471e-06,2.645597908850163e-06,2.645396816440483e-06,2.645195779924043e-06,2.644994799151673e-06,2.644793873983043e-06,2.6445930049160205e-06,2.6443921910518954e-06,2.6441914330249877e-06,2.6439907303474026e-06,2.6437900832114454e-06,2.6435894916169217e-06,2.6433889555275235e-06,2.6431884748774083e-06,2.6429880496830623e-06,2.642787679959936e-06,2.642587365638402e-06,2.6423871066748484e-06,2.642186903096656e-06,2.6419867548315266e-06,2.641786661881323e-06,2.641586624090062e-06,2.6413866416580264e-06,2.6411867144660258e-06,2.640986842472703e-06,2.6407870256567763e-06,2.640587264027988e-06,2.640387557553141e-06,2.640187906033656e-06,2.6399883096933324e-06,2.6397887684138608e-06,2.6395892821935944e-06,2.639389850929193e-06,2.6391904746958973e-06,2.6389911533584237e-06,2.638791886994366e-06,2.638592675570783e-06,2.6383935190328106e-06,2.638194417349715e-06,2.637995370501875e-06,2.637796378964951e-06,2.637597441717689e-06,2.6373985592305953e-06,2.6371997314944194e-06,2.637000958472028e-06,2.6368022401245477e-06,2.636603576553472e-06,2.6364049674956805e-06,2.636206413164436e-06,2.6360079132974543e-06,2.6358094680118244e-06,2.63561107728582e-06,2.635412741107143e-06,2.635214459415403e-06,2.6350162321587376e-06,2.6348180593338904e-06,2.634619940845315e-06,2.6344218768701903e-06,2.63422386704508e-06,2.634025911789487e-06,2.6338280108855855e-06,2.6336301643247904e-06,2.6334323719416515e-06,2.6332346337744814e-06,2.633036949906072e-06,2.632839320199635e-06,2.632641743965615e-06,2.632444222634417e-06,2.6322467554031765e-06,2.6320493422080296e-06,2.631851982832883e-06,2.6316546777774487e-06,2.631457426810712e-06,2.6312602299082524e-06,2.631063087011063e-06,2.630865998124161e-06,2.6306689630488724e-06,2.6304719819207417e-06,2.6302750547239374e-06,2.630078181379487e-06,2.6298813618639745e-06,2.629684596270644e-06,2.6294878843366686e-06,2.6292912261688612e-06,2.6290946217844633e-06,2.6288980710667083e-06,2.6287015740618096e-06,2.6285051307383007e-06,2.6283087410682524e-06,2.628112405061009e-06,2.627916122677065e-06,2.6277198937954117e-06,2.6275237185385187e-06,2.6273275967420538e-06,2.6271315285438894e-06,2.6269355140645457e-06,2.626739552782108e-06,2.62654364493801e-06,2.6263477905133347e-06,2.626151989503783e-06,2.6259562418340898e-06,2.625760547505332e-06,2.6255649064660374e-06,2.625369318765986e-06,2.625173784342256e-06,2.6249783030390516e-06,2.6247828750665354e-06,2.6245875002032953e-06,2.6243921786251446e-06,2.6241969102026685e-06,2.6240016949753273e-06,2.623806532848072e-06,2.6236114237430107e-06,2.6234163677523884e-06,2.623221364716109e-06,2.623026414364567e-06,2.6228315172768286e-06,2.6226366732587097e-06,2.622441882146983e-06,2.622247143883869e-06,2.6220524586011155e-06,2.62185782618953e-06,2.6216632466190724e-06,2.621468719363522e-06,2.621274245106143e-06,2.6210798233479645e-06,2.620885454951519e-06,2.62069113911712e-06,2.620496876163771e-06,2.620302665796822e-06,2.620108508182057e-06,2.6199144031897823e-06,2.6197203507929723e-06,2.619526351053152e-06,2.6193324038391377e-06,2.619138509199709e-06,2.6189446670759403e-06,2.618750877453917e-06,2.61855714030893e-06,2.618363455617412e-06,2.6181698233638672e-06,2.617976243516096e-06,2.617782716134185e-06,2.617589240939171e-06,2.6173958182154293e-06,2.617202447777518e-06,2.6170091295894554e-06,2.6168158637255105e-06,2.6166226501241084e-06,2.616429488638889e-06,2.616236379779127e-06,2.616043322662339e-06,2.6158503177893025e-06,2.6156573656835815e-06,2.615464465085401e-06,2.615271616555899e-06,2.61507882010969e-06,2.614886075752485e-06,2.6146933832540895e-06,2.614500742835899e-06,2.614308154322486e-06,2.6141156178708823e-06,2.613923133165302e-06,2.6137307005406836e-06,2.6135383193569048e-06,2.6133459904322636e-06,2.613153713240306e-06,2.6129614880013017e-06,2.6127693148755615e-06,2.6125771931662844e-06,2.6123851231835128e-06,2.6121931049879057e-06,2.6120011384929467e-06,2.6118092236595043e-06,2.6116173604941145e-06,2.611425548961735e-06,2.6112337888946818e-06,2.6110420805216197e-06,2.610850423718815e-06,2.610658818469051e-06,2.6104672646882618e-06,2.610275762443311e-06,2.6100843117172016e-06,2.6098929124388472e-06,2.6097015645750608e-06,2.6095102681191857e-06,2.6093190231065155e-06,2.6091278294097532e-06,2.608936686757662e-06,2.608745595857042e-06,2.608554556109742e-06,2.6083635676346034e-06,2.608172630418793e-06,2.6079817445003687e-06,2.6077909097114414e-06,2.6076001263544766e-06,2.607409393914819e-06,2.607218712583057e-06,2.607028082390469e-06,2.6068375033027774e-06,2.606646975383155e-06,2.606456498515008e-06,2.6062660725682546e-06,2.6060756977353857e-06,2.605885373891107e-06,2.605695101008245e-06,2.6055048790598894e-06,2.6053147080322676e-06,2.6051245879053797e-06,2.6049345186500773e-06,2.6047445002479438e-06,2.604554532676512e-06,2.6043646159094106e-06,2.604174749928293e-06,2.603984934713609e-06,2.603795170239807e-06,2.6036054564889534e-06,2.6034157934347608e-06,2.603226181055332e-06,2.603036619326899e-06,2.6028471082281954e-06,2.6026576477410127e-06,2.6024682378415496e-06,2.6022788785077284e-06,2.6020895697218315e-06,2.601900311456162e-06,2.6017111036894943e-06,2.6015219464055308e-06,2.60133283957206e-06,2.601143783179079e-06,2.6009547772039527e-06,2.6007658216141753e-06,2.6005769163926902e-06,2.6003880615134632e-06,2.600199256967135e-06,2.600010502727536e-06,2.599821798768541e-06,2.5996331450712553e-06,2.59944454161086e-06,2.5992559883730823e-06,2.5990674853242463e-06,2.5988790324473418e-06,2.5986906297196637e-06,2.5985022771312574e-06,2.5983139746512077e-06,2.598125722250387e-06,2.5979375199169013e-06,2.597749367626388e-06,2.597561265370031e-06,2.597373213109209e-06,2.5971852108286157e-06,2.5969972585127665e-06,2.5968093561338404e-06,2.5966215036566064e-06,2.5964337010741162e-06,2.5962459483821474e-06,2.596058245525421e-06,2.5958705924994166e-06,2.595682989288171e-06,2.5954954358633845e-06,2.5953079321844833e-06,2.595120478255346e-06,2.594933074048579e-06,2.594745719549629e-06,2.5945584147469783e-06,2.594371159624826e-06,2.5941839540973865e-06,2.593996798178479e-06,2.59380969186668e-06,2.593622635117255e-06,2.5934356279250013e-06,2.59324867029287e-06,2.593061762137324e-06,2.592874903473312e-06,2.5926880942990877e-06,2.592501334559614e-06,2.592314624266616e-06,2.5921279633729122e-06,2.5919413518343028e-06,2.5917547896625137e-06,2.5915682768294706e-06,2.5913818133115055e-06,2.5911953991039456e-06,2.591009034190321e-06,2.590822718545504e-06,2.590636452145124e-06,2.590450234939244e-06,2.590264066929415e-06,2.5900779480876607e-06,2.589891878405356e-06,2.589705857871582e-06,2.5895198861172017e-06,2.589333963758337e-06,2.5891480901542948e-06,2.5889622655907774e-06,2.5887764900433377e-06,2.588590763437404e-06,2.5884050861909247e-06,2.588219457523904e-06,2.5880338777910254e-06,2.587848346974208e-06,2.5876628650107786e-06,2.587477432542988e-06,2.58729204834668e-06,2.587106712938972e-06,2.586921426366351e-06,2.5867361885814226e-06,2.586550999779743e-06,2.5863658597155788e-06,2.586180768161283e-06,2.5859957253122866e-06,2.5858107312517377e-06,2.585625785744071e-06,2.5854408888538066e-06,2.5852560405739794e-06,2.585071240400632e-06,2.5848864896147393e-06,2.5847017872756226e-06,2.5845171334134103e-06,2.584332528118494e-06,2.5841479712238056e-06,2.583963462927502e-06,2.5837790030910936e-06,2.583594591821586e-06,2.5834102289595307e-06,2.5832259146617617e-06,2.583041648854133e-06,2.582857431136078e-06,2.582673261452227e-06,2.582489140627255e-06,2.5823050676070775e-06,2.5821210428739513e-06,2.5819370664685212e-06,2.5817531385520495e-06,2.5815692585692418e-06,2.5813854267645686e-06,2.581201643121042e-06,2.581017907614713e-06,2.5808342202579452e-06,2.580650581054543e-06,2.580466989939098e-06,2.5802834468583006e-06,2.5800999518663068e-06,2.5799165048489432e-06,2.5797331058601016e-06,2.579549754829818e-06,2.5793664517484567e-06,2.5791831966234995e-06,2.578999989195136e-06,2.578816829848823e-06,2.578633718430739e-06,2.5784506548779186e-06,2.5782676391916306e-06,2.578084671281529e-06,2.5779017512279637e-06,2.5777188789326764e-06,2.577536054260871e-06,2.5773532774845692e-06,2.5771705484256836e-06,2.5769878670673618e-06,2.5768052334087843e-06,2.576622647297838e-06,2.5764401088195605e-06,2.576257618051914e-06,2.5760751748959823e-06,2.575892779367867e-06,2.5757104312861993e-06,2.575528130830758e-06,2.5753458778702218e-06
16,0.0,0.0,0.0,0.0,0.0,0.0,0.0,0.0,0.0,0.0,0.0,0.0,0.0,0.0,0.0,0.0,0.0,0.0,0.0,0.0,0.0,0.0,0.0,0.0,0.0,0.0,0.0,0.0,0.0,0.0,0.0,0.0,0.0,0.0,0.0,0.0,0.0,0.0,0.0,0.0,0.0,0.0,0.0,0.0,0.0,0.0,0.0,0.0,0.0,0.0,0.0,0.0,0.0,0.0,0.0,0.0,0.0,0.0,0.0,0.0,0.0,0.0,0.0,0.0,0.0,0.0,0.0,0.0,0.0,0.0,0.0,0.0,0.0,0.0,0.0,0.0,0.0,0.0,0.0,0.0,0.0,0.0,0.0,0.0,0.0,0.0,0.0,0.0,0.0,0.0,0.0,0.0,0.0,0.0,0.0,0.0,0.0,0.0,0.0,0.0,0.0,0.0,0.0,0.0,0.0,0.0,0.0,0.0,0.0,0.0,0.0,0.0,0.0,0.0,0.0,0.0,0.0,0.0,0.0,0.0,0.0,0.0,0.0,0.0,0.0,0.0,0.0,0.0,0.0,0.0,0.0,0.0,0.0,0.0,0.0,0.0,0.0,0.0,0.0,0.0,0.0,0.0,0.0,0.0,0.0,0.0,0.0,0.0,0.0,0.0,0.0,0.0,0.0,0.0,0.0,0.0,0.0,0.0,0.0,0.0,0.0,0.0,0.0,0.0,0.0,0.0,0.0,0.0,0.0,0.0,0.0,0.0,0.0,0.0,0.0,0.0,0.0,0.0,0.0,0.0,0.0,0.0,0.0,0.0,0.0,0.0,0.0,0.0,0.0,0.0,0.0,0.0,0.0,0.0,0.0,0.0,0.0,0.0,0.0,0.0,0.0,0.0,0.0,0.0,0.0,0.0,0.0,0.0,0.0,0.0,0.0,0.0,0.0,0.0,0.0,0.0,0.0,0.0,0.0,0.0,0.0,0.0,0.0,0.0,0.0,0.0,0.0,0.0,0.0,0.0,0.0,0.0,0.0,0.0,0.0,0.0,0.0,0.0,0.0,0.0,0.0,0.0,0.0,0.0,0.0,0.0,0.0,0.0,0.0,0.0,0.0,0.0,0.0,0.0,0.0,0.0,0.0,0.0,0.0,0.0,0.0,0.0,0.0,0.0,0.0,0.0,0.0,0.0,0.0,0.0,0.0,0.0,0.0,0.0,0.0,0.0,0.0,0.0,0.0,0.0,0.0,0.0,0.0,0.0,0.0,0.0,0.0,0.0,0.0,0.0,0.0,0.0,0.0,0.0,0.0,0.0,0.0,0.0,0.0,0.0,0.0,0.0,0.0,0.0,0.0,0.0,0.0,0.0,0.0,0.0,0.0,0.0,0.0,0.0,0.0,0.0,0.0,0.0,0.0,0.0,0.0,0.0,0.0,0.0,0.0,0.0,0.0,0.0,0.0,0.0,0.0,0.0,0.0,0.0,0.0,0.0,0.0,0.0,0.0,0.0,0.0,0.0,0.0,0.0,0.0,0.0,0.0,0.0,0.0,0.0,0.0,0.0,0.0,0.0,0.0,0.0,0.0,0.0,0.0,0.0,0.0,0.0,0.0,0.0,0.0,0.0,0.0,0.0,0.0,0.0,0.0,0.0,0.0,0.0,0.0,0.0,0.0,0.0,0.0,0.0,0.0,0.0,0.0,0.0,0.0,0.0,0.0,0.0,0.0,0.0,0.0,0.0,0.0,0.0,0.0,0.0,0.0,0.0,0.0,0.0,0.0,0.0,0.0,0.0,0.0,0.0,0.0,0.0,0.0,0.0,0.0,0.0,0.0,0.0,0.0,0.0,0.0,0.0,0.0,0.0,0.0,0.0,0.0,0.0,0.0,0.0,0.0,0.0,0.0,0.0,0.0,0.0,0.0,0.0,0.0,0.0,0.0,0.0,0.0,0.0,0.0,0.0,0.0,0.0,0.0,0.0,0.0,0.0,0.0,0.0,0.0,0.0,0.0,0.0,0.0,0.0,0.0,0.0,0.0,0.0,0.0,0.0,0.0,0.0,0.0,0.0,0.0,0.0,0.0,0.0,0.0,0.0,0.0,0.0,0.0,0.0,0.0,0.0,0.0,0.0,0.0,0.0,0.0,0.0,0.0,0.0,0.0,0.0,0.0,0.0,0.0,0.0,0.0,0.0,0.0,0.0,0.0,0.0,0.0,0.0,0.0,0.0,0.0,0.0,0.0,0.0,0.0,0.0,0.0,0.0,0.0,0.0,0.0,0.0,0.0,0.0,0.0,0.0,0.0,0.0,0.0,0.0,0.0,0.0,0.0,0.0,0.0,0.0,0.0,0.0,0.0,0.0,0.0,0.0,0.0,0.0,0.0,0.0,0.0,0.0,0.0,0.0,0.0,0.0,0.0,0.0,0.0,0.0,0.0,0.0,0.0,0.0,0.0,0.0,0.0,0.0,0.0,0.0,0.0,0.0,0.0,0.0,0.0,0.0,0.0,0.0,0.0,0.0,0.0,0.0,0.0,0.0,0.0,0.0,0.0,0.0,0.0,0.0,0.0,0.0,0.0,0.0,0.0,0.0,0.0,0.0,0.0,0.0,0.0,0.0,0.0,0.0,0.0,0.0,0.0,0.0,0.0,0.0,0.0,0.0,0.0,0.0,0.0,0.0,0.0,0.0,0.0,0.0,0.0,0.0,0.0,0.0,0.0,0.0,0.0,0.0,0.0,0.0,0.0,0.0,0.0,0.0,0.0,0.0,0.0,0.0,0.0,0.0,0.0,0.0,0.0,0.0,0.0,0.0,0.0,0.0,0.0,0.0,0.0,0.0,0.0,0.0,0.0,0.0,0.0,0.0,0.0,0.0,0.0,0.0,0.0,0.0,0.0,0.0,0.0,0.0,0.0,0.0,0.0,0.0,0.0,0.0,0.0,0.0,0.0,0.0,0.0,0.0,0.0,0.0,0.0,0.0,0.0,0.0,0.0,0.0,0.0,0.0,0.0,0.0,0.0,0.0,0.0,0.0,0.0,0.0,0.0,0.0,0.0,0.0,0.0,0.0,0.0,0.0,0.0,0.0,0.0,0.0,0.0,0.0,0.0,0.0,0.0,0.0,0.0,0.0,0.0,0.0,0.0,0.0,0.0,0.0,0.0,0.0,0.0,0.0,0.0,0.0,0.0,0.0,0.0,0.0,0.0,-7.133959501799163e-72,4.719467711759671e-75,5.719052835703196e-75,5.930765359463491e-75,5.975606155553072e-75,5.985103453862264e-75,5.987114985392478e-75,5.987541028564499e-75,5.987631264676423e-75,5.987650376720592e-75,5.98765442465912e-75,5.987655282014102e-75,5.987655463602231e-75,5.987655502062624e-75,5.987655510208626e-75,5.987655511933933e-75,5.987655512299283e-75,5.987655512376684e-75,5.987655512393147e-75,5.987655512396571e-75,5.987655512397269e-75,5.987655512397413e-75,5.987655512397511e-75,5.987655512397512e-75,5.987655512397514e-75,5.98765551239748e-75,5.987655512397426e-75,5.987655512397471e-75,5.987655512397448e-75,5.987655512397481e-75,-1.2309799592325904e-71,9.833349667273097e-75,1.1916057007545273e-74,1.2357175244202757e-74,1.2450604260824048e-74,1.2470392563418326e-74,1.2474583733717705e-74,1.2475471425241258e-74,1.2475659438656285e-74,1.2475699259971894e-74,1.2475707694142308e-74,1.2475709480502793e-74,1.2475709858854746e-74,1.247570993899004e-74,1.2475709955962577e-74,1.2475709959557476e-74,1.2475709960318763e-74,1.2475709960480048e-74,1.247570996051417e-74,1.2475709960521365e-74,1.2475709960523003e-74,1.2475709960523244e-74,1.2475709960523242e-74,1.2475709960523213e-74,1.2475709960523305e-74,1.2475709960523215e-74,1.2475709960523386e-74,1.2475709960523229e-74,-1.8438764996470795e-70,1.2739114817614891e-70,1.5437264363765578e-70,1.6008733502526495e-70,1.612966335567223e-70,1.6155311239519305e-70,1.6160743471440365e-70,1.6161894020305293e-70,1.6162137707008976e-70,1.6162189319948938e-70,1.6162200251589993e-70,1.6162202566915908e-70,1.2922414803005728e-70,7.756810215837749e-71,1.7060317860398915e-71,4.244745266375693e-72,8.768228969496944e-70,8.383912950139784e-70,8.302514676613142e-70,8.285274501206694e-70,8.281623036303802e-70,8.280849665648789e-70,8.888140227993907e-70,1.0533436158008557e-69,1.0881910496391439e-69,1.0955717509846619e-69,1.0971349875478283e-69,1.0974660827741097e-69,1.0975362099789267e-69,1.0975510640538133e-69,1.0975542112579855e-69,1.0975548789423241e-69,1.0975550214633244e-69,1.0975550527545674e-69,1.0975550604872913e-69,1.0975550632303147e-69,1.0975550649165174e-69,1.0975550663788951e-69,1.0975550677938397e-69,1.0975550691987855e-69,1.0975550706015474e-69,1.0975550720039049e-69,1.0975550734061512e-69,1.0975550748083786e-69,1.0975550762106115e-69,1.0975550776128574e-69,1.0975550790150597e-69,1.097555080417262e-69,1.0975550818194784e-69,1.0975550832216987e-69,1.0975550846239129e-69,1.0975550860261521e-69,1.097555087428371e-69,1.097555088830578e-69,1.0975550902328087e-69,1.0975550916350208e-69,1.0975550930372518e-69,1.097555094439461e-69,1.0975550958416817e-69,1.0975550972439086e-69,1.0975550986461329e-69,1.097555100048366e-69,1.0975551014505884e-69,1.0975551028527962e-69,1.0975551042550038e-69,1.0975551056572342e-69,1.0975551070594437e-69,1.0975551084616441e-69,1.0975551098638681e-69,1.0975551112661086e-69,1.0975551126683086e-69,1.0975551140705304e-69,1.0975551154727499e-69,1.0975551168749805e-69,1.0975551182771964e-69,1.097555119679422e-69,1.0975551210816441e-69,1.097555122483875e-69,1.0975551238860888e-69,1.0975551252882996e-69,1.0975551266905398e-69,1.0975551280927425e-69,1.0975551294949578e-69,1.0975551308971637e-69,1.0975551322993837e-69,1.0975551337016156e-69,1.0975551351038309e-69,1.097555136506037e-69,1.0975551379082597e-69,1.0975551393104799e-69,1.0975551407127271e-69,1.0975551421149486e-69,1.0975551435171641e-69,1.0975551449193916e-69,1.0975551463215887e-69,1.0975551477238286e-69,1.0975551491260552e-69,1.0975551505282737e-69,1.097555151930496e-69,1.097555153332727e-69,1.0975551547349271e-69,1.0975551561371478e-69,1.0975551575393559e-69,1.0975551589415702e-69,1.0975551603437837e-69,1.0975551617460009e-69,1.0975551631482036e-69,1.0975551645504297e-69,1.0975551659526501e-69,1.0975551673548696e-69,1.0975551687570831e-69,1.0975551701593e-69,1.0975551715615207e-69,1.097555172963709e-69,1.0975551743659132e-69,1.0975551757681327e-69,1.0975551771703333e-69,1.0975551785725391e-69,1.0975551799747609e-69,1.0975551813769693e-69,1.0975551827792007e-69,1.0975551841814181e-69,1.0975551855836437e-69,1.0975551869858643e-69,1.0975551883880841e-69,1.0975551897902874e-69,1.0975551911925082e-69,1.0975551925946965e-69,1.0975551939969299e-69,1.0975551953991514e-69,1.0975551968013709e-69,1.0975551982035963e-69,1.0975551996058171e-69,1.0975552010080378e-69,1.0975552024102552e-69,1.0975552038124746e-69,1.097555205214695e-69,6.314808544429411e-68,1.0126259084670626e-67,1.0933525828281506e-67,1.1104505258096857e-67,1.1140718783724819e-67,1.1148388837657522e-67,1.1150013373019755e-67,1.1150357465162944e-67,1.1150430358926743e-67,1.115044581276684e-67,1.1150449100808623e-67,1.1150449812129251e-67,1.115044997769954e-67,1.1150450027679735e-67,1.1150450053177851e-67,1.115045007349049e-67,1.1150450092704979e-67,1.1150450111686798e-67,1.115045013061928e-67,1.1150450149541269e-67,1.115045016846126e-67,1.1150450187380713e-67,1.1150450206299945e-67,1.115045022521933e-67,1.1150450244138564e-67,1.1150450263057968e-67,1.1150450281977189e-67,1.11504503008965e-67,1.1150450319815855e-67,1.1150450338735508e-67,1.115045035765497e-67,1.1150450376574133e-67,1.1150450395493481e-67,1.1150450414412824e-67,1.1150450433332182e-67,1.115045045225154e-67,1.1150450471170868e-67,1.115045049009022e-67,1.1150450509009579e-67,1.1150450527928929e-67,1.1150450546848287e-67,1.1150450565767646e-67,1.1150450584687063e-67,1.1150450603606568e-67,1.1150450622525827e-67,1.115045064144516e-67,1.1150450660364508e-67,1.1150450679283647e-67,1.1150450698202904e-67,1.1150450717122336e-67,1.1150450736041465e-67,1.1150450754960951e-67,1.1150450773880204e-67,1.1150450792799577e-67,1.1150450811718958e-67,1.1150450830638368e-67,1.1150450849557632e-67,1.115045086847689e-67,1.1150450887396394e-67,1.1150450906315475e-67,1.1150450925235088e-67,1.1150450944154395e-67,1.1150450963073829e-67,1.1150450981992826e-67,1.1150451000912391e-67,1.1150451019831532e-67,1.1150451038750893e-67,1.1150451057670313e-67,1.1150451076589739e-67,1.1150451095508953e-67,1.1150451114428291e-67,1.1150451133347747e-67,1.1150451152267126e-67,1.1150451171186475e-67,1.1150451190105881e-67,1.1150451209025282e-67,1.1150451227944673e-67,1.1150451246864022e-67,1.1150451265783374e-67,1.1150451284702741e-67,1.1150451303621966e-67,1.115045132254121e-67,1.0442515186777228e-29,2.768350759192585e-29,4.606836156030614e-29,6.25867145796427e-29,7.657153078481349e-29,8.835490020457715e-29,9.853003411375619e-29,1.0766107747154116e-28,1.162023293226049e-28,1.2449706054736342e-28,1.3279966483792922e-28,1.4130009488854543e-28,1.5014419208223017e-28,1.5944896337841585e-28,1.693135996862028e-28,1.7982723946910462e-28,1.9364272680469048e-28,2.035618238360659e-28,2.1618397160561584e-28,2.3008832371885445e-28,2.4513824675878004e-28,2.6139921561326354e-28,2.7941731149579187e-28,2.9808730494551768e-28,3.18653116742922e-28,3.410239997612529e-28,3.6533621534898576e-28,3.91782232376058e-28,4.205842495759083e-28,4.519925963748807e-28,4.862887448428383e-28,5.237895995460812e-28,5.64852603933434e-28,6.098816990884137e-28,6.59334272603909e-28,7.137292818521745e-28,7.736567739962448e-28,8.373321920089254e-28,9.125532571235363e-28,9.938037252993262e-28,1.0836599572306434e-27,1.183500730830685e-27,1.294693532813321e-27,1.4187884967840194e-27,1.5575787260047643e-27,1.7131484527128174e-27,1.8879280439033697e-27,2.084760443726061e-27,2.3069815161392358e-27,2.5585193167560806e-27,2.84401474162404e-27,3.168971093905971e-27,3.5399390608145016e-27,3.964747045783191e-27,4.452789252229115e-27,5.01538789593073e-27,5.666251136674378e-27,6.4220552550124836e-27,7.303189521444604e-27,8.334714510874957e-27,9.547604195151342e-27,1.0980366574266419e-26,1.2681173122776238e-26,1.471068028707743e-26,1.7145797120971836e-26,2.0084760972561682e-26,2.3654039253274125e-26,2.801780525072233e-26,3.339108699468709e-26,4.0058215833511214e-26,4.839902284517223e-26,5.892651669511709e-26,7.234182428625722e-26,8.961550580656794e-26,1.121098476635948e-25,1.4176601469999132e-25,1.81395935159868e-25,2.3514703962043623e-25,3.0925919062773633e-25,4.133286811570756e-25,5.624781498620403e-25,7.811979909904784e-25,1.1103849851027342e-24,1.6207490685889181e-24,2.4394988484786288e-24,3.806202511617333e-24,6.196733116469733e-24,1.0617646904716877e-23,1.9364000478258263e-23,3.8168450363086085e-23,8.306169925327681e-23,2.057600197557521e-22,6.071493977525598e-22,2.2871699028549437e-21,1.2226327409852697e-20,1.07094611095893e-19,1.6983730856420999e-18,1.4394559891420313e-17,1.439455989168507e-17,1.4394559891807397e-17,1.439455989204098e-17,1.4394559909280906e-17,3.6771643364275657e-16,5.844271015333157e-15,5.355630319727112e-14,3.0168011605628073e-13,1.1863439963065106e-12,3.712552750408605e-12,1.0344008435056285e-11,2.5914649082103162e-11,5.3392048516901664e-11,9.082327321507412e-11,1.3384899343339377e-10,1.7818546396931868e-10,2.206104975322985e-10,2.5898830701645483e-10,2.4850440590190625e-10,2.45559607881486e-10,2.441334610306228e-10,2.429509477167377e-10,2.4173924884791836e-10,2.404414861674836e-10,2.390602990708558e-10,2.3761497085989145e-10,2.361272804438425e-10,2.3461676815339915e-10,2.3309945700551935e-10,2.3158786086554957e-10,2.3009143027933007e-10,2.2861709745780312e-10,2.2716979066115398e-10,2.2575287536082384e-10,2.2436851542083876e-10,2.2301796129491295e-10,2.2170177646073752e-10,2.2042001356388316e-10,2.1917235049398893e-10,2.1795819494999589e-10,2.1677676442270252e-10,2.1562714709808648e-10,2.1450834800328788e-10,2.1341932376587358e-10,2.123590086037712e-10,2.113263335734175e-10,2.103202406444255e-10,2.0933969281270531e-10,2.0838368118832326e-10,2.074512297810653e-10,2.0654139854180902e-10,2.0565328509032953e-10,2.0478602546155525e-10,2.039387941259687e-10,2.0311080348082255e-10,2.0230130296295079e-10,2.0150957789865907e-10,2.0073494817859414e-10,1.9997676682425218e-10,1.992344184963411e-10,1.985073179823855e-10,1.977949086912563e-10,1.9709666117453938e-10,1.964120716890426e-10,1.9574066081006736e-10,1.950819721018187e-10,1.9443557084865956e-10,1.9380104284902504e-10,1.9317799327234743e-10,1.9256604557829515e-10,1.9196484049687202e-10,1.9137403506736044e-10,1.9079330173381406e-10,1.9022232749449273e-10,1.8966081310253715e-10,1.8910847231521124e-10,1.885650311888953e-10,1.8803022741724244e-10,1.875038097098086e-10,1.8698553720875171e-10,1.8647517894111836e-10,1.8597251330449687e-10,1.8547732758390315e-10,1.8498941749780302e-10,1.8450858677144688e-10,1.8403464673567856e-10,1.835674159495424e-10,1.8310671984517084e-10,1.8265239039344487e-10,1.8220426578907548e-10,1.817621901538622e-10,1.813260132569131e-10,1.8089559025074757e-10,1.8047078142223944e-10,1.800514519574712e-10,1.796374717195934e-10,1.7922871503884856e-10,1.7882506051404473e-10,1.7842639082469038e-10,1.7803259255318898e-10,1.7764355601644242e-10,1.772591751062834e-10,1.7687934713818851e-10,1.765039727078419e-10,1.761329555549549e-10,1.7576620243403885e-10,1.7540362299161403e-10,1.7504512964956638e-10,1.74690637494213e-10,1.743400641708289e-10,1.739933297832336e-10,1.7365035679823197e-10,1.7331106995459195e-10,1.7297539617631744e-10,1.7264326448995087e-10,1.723146059457585e-10,1.71989353542491e-10,1.7166744215559926e-10,1.713488084686782e-10,1.710333909079938e-10,1.7072112957992395e-10,1.704119662111197e-10,1.7010584409134312e-10,1.6980270801871613e-10,1.6950250424736971e-10,1.6920518043730944e-10,1.6891068560639555e-10,1.6861897008434928e-10,1.6832998546866007e-10,1.6804368458234138e-10,1.6776002143337518e-10,1.674789511758413e-10,1.672004300726046e-10,1.6692441545948417e-10,1.6665086571086365e-10,1.6637974020664825e-10,1.6611099930051642e-10,1.6584460428939577e-10,1.655805173841494e-10,1.653187016813302e-10,1.6505912113605415e-10,1.6480174053588132e-10,1.645465254756691e-10,1.6429344233336926e-10,1.640424582467061e-10,1.6379354109073267e-10,1.6354665945618353e-10,1.6330178262859924e-10,1.6305888056824923e-10,1.6281792389070853e-10,1.6257888384816647e-10,1.623417323113779e-10,1.6210644175223498e-10,1.61872985226961e-10,1.6164133635987596e-10,1.6141146932771255e-10,1.611833588444776e-10,1.609569801468115e-10,1.6073230897984544e-10,1.6050932158354e-10,1.6028799467945537e-10,1.6006830545797746e-10,1.5985023156594434e-10,1.596337510946949e-10,1.5941884256848408e-10,1.5920548493328402e-10,1.589936575459354e-10,1.5878334016364425e-10,1.5857451293380783e-10,1.5836715638417246e-10,1.5816125141327526e-10,1.5795677928119573e-10,1.5775372160060064e-10,1.5755206032803687e-10,1.573517777555143e-10,1.571528565023332e-10,1.5695527950715156e-10,1.5675903002029866e-10,1.5656409159631775e-10,1.5637044808671208e-10,1.561780836329367e-10,1.5598698265954951e-10,1.5579712986760962e-10,1.5560851022823004e-10,1.5542110897633584e-10,1.552349116045884e-10,1.5504990385748838e-10,1.5486607172564705e-10,1.54683401440214e-10,1.545018794674642e-10,1.543214925035284e-10,1.5414222746927517e-10,1.5396407150534486e-10,1.537870119672866e-10,1.536110364208698e-10,1.5343613263748052e-10,1.5326228858968134e-10,1.5308949244685742e-10,1.5291773257100046e-10,1.5274699751258602e-10,1.5257727600658623e-10,1.524085569685506e-10,1.522408294908281e-10,1.520740828388381e-10,1.5190830644754257e-10,1.5174348991781224e-10,1.5157962301311596e-10,1.514166956561417e-10,1.5125469792554837e-10,1.5109362005280244e-10,1.5093345241909415e-10,1.507741855523204e-10,1.5061581012415148e-10,1.5045831694717004e-10,1.5030169697207085e-10,1.5014594128494642e-10,1.4999104110462565e-10,1.498369877800738e-10,1.4968377278786707e-10,1.4953138772972605e-10,1.4937982433009786e-10,1.4922907443380014e-10,1.4907913000373606e-10,1.4892998311863824e-10,1.4878162597088358e-10,1.4863405086435145e-10,1.4848725021233382e-10,1.4834121653549432e-10,1.4819594245987648e-10,1.4805142071494372e-10,1.4790764413169638e-10,1.4776460564078575e-10,1.4762229827071615e-10,1.4748071514605564e-10,1.473398494857019e-10,1.4719969460118087e-10,1.4706024389499321e-10,1.4692149085897848e-10,1.4678342907273646e-10,1.4664605220207226e-10,1.4650935399746957e-10,1.4637332829261358e-10,1.4623796900293038e-10,1.4610327012416788e-10,1.4596922573100337e-10,1.4583582997568127e-10,1.457030770866711e-10,1.4557096136738177e-10,1.4543947719486917e-10,1.453086190185881e-10,1.4517838135916978e-10,1.450487588072289e-10,1.4491974602217808e-10,1.447913377310902e-10,1.4466352872756567e-10,1.4453631387063454e-10,1.4440968808367492e-10,1.442836463533532e-10,1.441581837285934e-10,1.4403329531955565e-10,1.439089762966465e-10,1.4378522188954013e-10,1.436620273862254e-10,1.435393881320733e-10,1.43417299528911e-10,1.4329575703412638e-10,1.431747561597912e-10,1.4305429247178705e-10,1.429343615889657e-10,1.428149591823181e-10,1.4269608097415106e-10,1.4257772273730064e-10,1.424598802943302e-10,1.423425495167898e-10,1.4222572632443255e-10,1.4210940668448769e-10,1.419935866109466e-10,1.4187826216383126e-10,1.4176342944850213e-10,1.416490846149782e-10,1.4153522385726514e-10,1.4142184341268477e-10,1.4130893956123513e-10,1.4119650862495247e-10,1.4108454696729228e-10,1.4097305099250935e-10,1.4086201714505722e-10,1.4075144190900692e-10,1.406413218074527e-10,1.40531653401954e-10,1.4042243329197404e-10,1.403136581143281e-10,1.402053245426466e-10,1.4009742928684643e-10,1.3998996909260504e-10,1.3988294074086564e-10,1.3977634104731086e-10,1.3967016686189423e-10,1.3956441506833766e-10,1.3945908258367066e-10,1.39354166357741e-10,1.3924966337278696e-10,1.391455706429597e-10,1.3904188521388586e-10,1.3893860416224156e-10,1.388357245953092e-10,1.3873324365056795e-10,1.3863115849527176e-10,1.3852946632605325e-10,1.3842816436850564e-10,1.3832724987680898e-10,1.3822672013333029e-10,1.381265724482432e-10,1.380268041591691e-10,1.3792741263078668e-10,1.3782839525449133e-10,1.377297494480217e-10,1.376314726551295e-10,1.3753356234521087e-10,1.37436016012995e-10,1.37338831178187e-10,1.3724200538515695e-10,1.3714553620261398e-10,1.3704942122327893e-10,1.3695365806359202e-10,1.3685824436338595e-10,1.3676317778559924e-10,1.3666845601596745e-10,1.36574076762742e-10,1.364800377563934e-10,1.3638633674933062e-10,1.36292971515627e-10,1.3619993985074306e-10,1.361072395712477e-10,1.36014868514566e-10,1.3592282453871684e-10,1.3583110552204164e-10,1.3573970936296212e-10,1.3564863397973233e-10,1.3555787731018252e-10,1.3546743731148764e-10,1.3537731195992638e-10,1.352874992506348e-10,1.3519799719739276e-10,1.351088038323875e-10,1.3501991720599078e-10,1.3493133538653552e-10,1.348430564601006e-10,1.3475507853029815e-10,1.3466739971806377e-10,1.345800181614362e-10,1.3449293201536825e-10,1.3440613945151874e-10,1.3431963865805758e-10,1.3423342783945737e-10,1.341475052163119e-10,1.3406186902514868e-10,1.3397651751823091e-10,1.3389144896337877e-10,1.3380666164378762e-10,1.3372215385784813e-10,1.3363792391896818e-10,1.3355397015539771e-10,1.334702909100638e-10,1.3338688454039193e-10,1.3330374941814583e-10,1.3322088392926448e-10,1.331382864736881e-10,1.3305595546521506e-10,1.3297388933133034e-10,1.3289208651306283e-10,1.328105454648142e-10,1.3272926465423354e-10,1.326482425620356e-10,1.325674776818912e-10,1.324869685202515e-10,1.3240671359622152e-10,1.32326711441415e-10,1.322469605998105e-10,1.32167459627626e-10,1.3208820709317451e-10,1.320092015767354e-10,1.3193044167041933e-10,1.318519259780401e-10,1.317736531149906e-10,1.3169562170810532e-10,1.316178303955591e-10,1.315402778267094e-10,1.3146296266201422e-10,1.3138588357287679e-10,1.313090392415546e-10,1.3123242836103288e-10,1.311560496349021e-10,1.31079901777259e-10,1.3100398351258686e-10,1.3092829357564375e-10,1.3085283071135828e-10,1.3077759367472095e-10,1.3070258123067734e-10,1.3062779215401833e-10,1.3055322522929366e-10,1.3047887925068528e-10,1.304047530219312e-10,1.3033084535620826e-10,1.302571550760392e-10,1.3018368101320577e-10,1.3011042200863747e-10,1.3003737691232744e-10,1.299645445832368e-10,1.298919238892004e-10,1.2981951370684364e-10,1.297473129214809e-10,1.2967532042703613e-10,1.2960353512595624e-10,1.295319559291171e-10,1.2946058175574512e-10,1.293894115333289e-10,1.293184441975421e-10,1.2924767869215455e-10,1.2917711396895205e-10,1.2910674898766427e-10,1.290365827158778e-10,1.2896661412895711e-10,1.288968422099743e-10,1.2882726594962648e-10,1.287578843461664e-10,1.2868869640532211e-10,1.2861970114023365e-10,1.285508975713598e-10,1.2848228472643547e-10,1.2841386164037684e-10,1.2834562735522322e-10,1.282775809200629e-10,1.2820972139096852e-10,1.2814204783092977e-10,1.2807455930978452e-10,1.2800725490415226e-10,1.2794013369737387e-10,1.2787319477944018e-10,1.278064372469349e-10,1.2773986020296912e-10,1.276734627571197e-10,1.2760724402536963e-10,1.2754120313004069e-10,1.2747533919974477e-10,1.2740965136931475e-10,1.2734413877975247e-10,1.272788005781683e-10,1.2721363591772195e-10,1.2714864395756978e-10,1.270838238628096e-10,1.2701917480441817e-10,1.2695469595921008e-10,1.2689038650976591e-10,1.2682624564439734e-10,1.2676227255708154e-10,1.2669846644741687e-10,1.266348265205639e-10,1.2657135198720074e-10,1.265080420634699e-10,1.2644489597093506e-10,1.263819129365198e-10,1.2631909219246332e-10,1.2625643297628415e-10,1.261939345307157e-10,1.261315961036647e-10,1.2606941694817435e-10,1.2600739632236204e-10,1.2594553348938891e-10,1.258838277174034e-10,1.2582227827950448e-10,1.257608844536974e-10,1.2569964552284203e-10,1.2563856077461922e-10,1.2557762950148372e-10,1.255168510006223e-10,1.2545622457391592e-10,1.2539574952789108e-10,1.2533542517368595e-10,1.2527525082701023e-10,1.2521522580809434e-10,1.2515534944167098e-10,1.2509562105691213e-10,1.2503603998740646e-10,1.24976605571121e-10,1.2491731715035095e-10,1.248581740716955e-10,1.2479917568601753e-10,1.247403213484037e-10,1.2468161041812213e-10,1.2462304225861007e-10,1.2456461623741075e-10,1.24506331726157e-10,1.244481881005242e-10,1.2439018474021226e-10,1.243323210288859e-10,1.2427459635417278e-10,1.2421701010760726e-10,1.2415956168459953e-10,1.241022504844147e-10,1.2404507591013389e-10,1.239880373686186e-10,1.2393113427048297e-10,1.238743660300671e-10,1.2381773206539649e-10,1.2376123179816042e-10,1.2370486465367275e-10,1.2364863006085765e-10,1.2359252745219493e-10,1.2353655626371523e-10,1.2348071593496034e-10,1.2342500590894996e-10,1.2336942563216454e-10,1.2331397455450243e-10,1.2325865212927085e-10,1.232034578131437e-10,1.2314839106613422e-10,1.2309345135157727e-10,1.230386381360958e-10,1.2298395088957724e-10,1.2292938908514319e-10,1.2287495219912933e-10,1.228206397110569e-10,1.2276645110360078e-10,1.2271238586258044e-10,1.2265844347692107e-10,1.2260462343862799e-10,1.2255092524277249e-10,1.224973483874625e-10,1.224438923738108e-10,1.2239055670593086e-10,1.223373408908897e-10,1.2228424443870347e-10,1.2223126686230347e-10,1.221784076775172e-10,1.2212566640304715e-10,1.2207304256044352e-10,1.2202053567408687e-10,1.219681452711647e-10,1.2191587088164923e-10,1.218637120382762e-10,1.2181166827651857e-10,1.2175973913458075e-10,1.2170792415335469e-10,1.216562228764181e-10,1.2160463485000694e-10,1.2155315962299545e-10,1.2150179674687122e-10,1.2145054577572962e-10,1.2139940626623172e-10,1.213483777776094e-10,1.2129745987162474e-10,1.2124665211256473e-10,1.211959540672154e-10,1.2114536530484542e-10,1.2109488539718896e-10,1.2104451391841847e-10,1.209942504451445e-10,1.2094409455637364e-10,1.208940458335111e-10,1.2084410386033067e-10,1.2079426822296264e-10,1.2074453850987473e-10,1.2069491431185286e-10,1.2064539522199013e-10,1.2059598083566039e-10,1.2054667075051195e-10,1.2049746456643783e-10,1.2044836188557094e-10,1.203993623122677e-10,1.2035046545307973e-10,1.203016709167497e-10,1.2025297831419396e-10,1.2020438725847385e-10,1.201558973648014e-10,1.201075082505056e-10,1.200592195350272e-10,1.2001103083989737e-10,1.1996294178872843e-10,1.199149520071938e-10,1.1986706112301437e-10,1.1981926876594497e-10,1.19771574567761e-10,1.197239781622403e-10,1.1967647918515206e-10,1.1962907727423967e-10,1.1958177206920948e-10,1.1953456321171768e-10,1.1948745034534804e-10,1.1944043311560908e-10,1.1939351116991839e-10,1.1934668415757998e-10,1.1929995172978686e-10,1.1925331353958653e-10,1.1920676924189052e-10,1.1916031849344632e-10,1.1911396095282914e-10,1.1906769628042795e-10,1.190215241384376e-10,1.1897544419083736e-10,1.18929456103388e-10,1.1888355954361214e-10,1.188377541807847e-10,1.1879203968592143e-10,1.1874641573176924e-10,1.1870088199278656e-10,1.186554381451417e-10,1.1861008386668867e-10,1.1856481883696875e-10,1.1851964273719345e-10,1.1847455525022454e-10,1.184295560605796e-10,1.1838464485440615e-10,1.1833982131947922e-10,1.182950851451859e-10,1.1825043602251704e-10,1.1820587364405173e-10,1.1816139770395348e-10,1.1811700789795676e-10,1.1807270392335057e-10,1.1802848547897666e-10,1.179843522652168e-10,1.1794030398397718e-10,1.178963403386829e-10,1.1785246103426935e-10,1.1780866577716783e-10,1.1776495427529976e-10,1.1772132623805864e-10,1.1767778137631272e-10,1.1763431940238698e-10,1.1759094003005065e-10,1.1754764297452166e-10,1.1750442795243665e-10,1.1746129468185585e-10,1.1741824288225631e-10,1.1737527227450852e-10,1.173323825808801e-10,1.1728957352502037e-10,1.1724684483195254e-10,1.1720419622806692e-10,1.1716162744110577e-10,1.1711913820016425e-10,1.1707672823567293e-10,1.1703439727939148e-10,1.1699214506440223e-10,1.169499713251052e-10,1.169078757971934e-10,1.168658582176696e-10,1.168239183248103e-10,1.1678205585818046e-10,1.16740270558615e-10,1.1669856216820736e-10,1.1665693043031216e-10,1.1661537508952328e-10,1.1657389589168359e-10,1.1653249258385476e-10,1.1649116491432996e-10,1.1644991263261692e-10,1.1640873548942798e-10,1.1636763323667608e-10,1.1632660562746926e-10,1.162856524160979e-10,1.1624477335803127e-10,1.1620396820990597e-10,1.1616323672952449e-10,1.1612257867584094e-10,1.1608199380896552e-10,1.1604148189013799e-10,1.160010426817401e-10,1.159606759472779e-10,1.1592038145137562e-10,1.1588015895976687e-10,1.1584000823930678e-10,1.1579992905792997e-10,1.1575992118467454e-10,1.1571998438966048e-10,1.1568011844408374e-10,1.1564032312022164e-10,1.1560059819140587e-10,1.1556094343203432e-10,1.1552135861755455e-10,1.1548184352445738e-10,1.1544239793027994e-10,1.1540302161358547e-10,1.1536371435397199e-10,1.1532447593205022e-10,1.1528530612944822e-10,1.1524620472880323e-10,1.1520717151375575e-10,1.1516820626893735e-10,1.1512930877997373e-10,1.1509047883347628e-10,1.1505171621702906e-10,1.150130207191924e-10,1.1497439212949186e-10,1.1493583023841331e-10,1.1489733483739957e-10,1.1485890571883743e-10,1.1482054267606345e-10,1.1478224550334693e-10,1.1474401399589086e-10,1.1470584794982924e-10,1.1466774716220888e-10,1.1462971143099833e-10,1.1459174055507612e-10,1.1455383433422346e-10,1.145159925691204e-10,1.1447821506134405e-10,1.1444050161335935e-10,1.1440285202851432e-10,1.1436526611103582e-10,1.1432774366602376e-10,1.1429028449944772e-10,1.1425288841813885e-10,1.1421555522978676e-10,1.1417828474293086e-10,1.1414107676696805e-10,1.1410393111213016e-10,1.1406684758948994e-10,1.1402982601095012e-10,1.1399286618924926e-10,1.1395596793794327e-10,1.1391913107140968e-10,1.1388235540484033e-10,1.138456407542373e-10,1.1380898693640431e-10,1.1377239376894957e-10,1.1373586107027599e-10,1.1369938865957429e-10,1.13662976356827e-10,1.136266239827956e-10,1.1359033135901852e-10,1.1355409830780958e-10,1.1351792465225285e-10,1.1348181021619213e-10,1.1344575482423468e-10,1.1340975830174138e-10,1.1337382047483146e-10,1.1333794117035864e-10,1.1330212021593376e-10,1.1326635743989482e-10,1.1323065267132514e-10,1.1319500574002937e-10,1.1315941647654312e-10,1.1312388471212422e-10,1.1308841027874915e-10,1.1305299300910598e-10,1.1301763273659785e-10,1.1298232929533025e-10,1.1294708252011276e-10,1.1291189224645415e-10,1.128767583105559e-10,1.1284168054931442e-10,1.1280665880030577e-10,1.1277169290179832e-10,1.127367826927298e-10,1.1270192801272291e-10,1.1266712870207075e-10,1.1263238460172701e-10,1.125976955533167e-10,1.1256306139912617e-10,1.1252848198209542e-10,1.1249395714582241e-10,1.1245948673455022e-10,1.1242507059317344e-10,1.1239070856722497e-10,1.1235640050288288e-10,1.1232214624695342e-10,1.122879456468857e-10,1.122537985507483e-10,1.1221970480724323e-10,1.1218566426568845e-10,1.121516767760251e-10,1.1211774218881173e-10,1.120838603552101e-10,1.1205003112700154e-10,1.1201625435656904e-10,1.1198252989689928e-10,1.1194885760157379e-10,1.1191523732477345e-10,1.1188166892127555e-10,1.1184815224644179e-10,1.1181468715622316e-10,1.117812735071533e-10,1.1174791115634415e-10,1.1171459996148831e-10,1.1168133978085435e-10,1.1164813047327538e-10,1.116149718981574e-10,1.1158186391547135e-10,1.1154880638574886e-10,1.1151579917008104e-10,1.1148284213011684e-10,1.1144993512805694e-10,1.1141707802665329e-10,1.113842706892034e-10,1.1135151297955285e-10,1.1131880476208605e-10,1.1128614590172979e-10,1.1125353626394104e-10,1.1122097571471666e-10,1.1118846412058208e-10,1.1115600134858604e-10,1.11123587266311e-10,1.1109122174185657e-10,1.1105890464383891e-10,1.1102663584139804e-10,1.1099441520418171e-10,1.1096224260235755e-10,1.1093011790659346e-10,1.1089804098807026e-10,1.1086601171846526e-10,1.1083402996996552e-10,1.10802095615253e-10,1.1077020852750492e-10,1.107383685803909e-10,1.1070657564807656e-10,1.1067482960520815e-10,1.1064313032692706e-10,1.1061147768885355e-10,1.105798715670869e-10,1.1054831183820777e-10,1.1051679837927134e-10,1.1048533106781243e-10,1.104539097818275e-10,1.1042253439978879e-10,1.1039120480063503e-10,1.1035992086376684e-10,1.1032868246904902e-10,1.1029748949680143e-10,1.1026634182780785e-10,1.1023523934330173e-10,1.1020418192497312e-10,1.1017316945495752e-10,1.1014220181584456e-10,1.1011127889066632e-10,1.1008040056290086e-10,1.1004956671646351e-10,1.1001877723571525e-10,1.0998803200544874e-10,1.0995733091089453e-10,1.0992667383771286e-10,1.0989606067200059e-10,1.0986549130028009e-10,1.0983496560949477e-10,1.0980448348701982e-10,1.0977404482065197e-10,1.0974364949860478e-10,1.0971329740950911e-10,1.0968298844241796e-10,1.0965272248679363e-10,1.0962249943250934e-10,1.0959231916985214e-10,1.0956218158951373e-10,1.0953208658259539e-10,1.0950203404059881e-10,1.0947202385542583e-10,1.0944205591938792e-10,1.0941213012518544e-10,1.093822463659165e-10,1.0935240453507532e-10,1.0932260452654978e-10,1.0929284623461646e-10,1.092631295539364e-10,1.0923345437956516e-10,1.0920382060694004e-10,1.091742281318769e-10,1.0914467685057904e-10,1.091151666596268e-10,1.0908569745597698e-10,1.0905626913696107e-10,1.0902688160028957e-10,1.089975347440384e-10,1.0896822846665858e-10,1.0893896266696829e-10,1.089097372441518e-10,1.0888055209775738e-10,1.0885140712770054e-10,1.088223022342547e-10,1.087932373180541e-10,1.0876421228009289e-10,1.0873522702171932e-10,1.0870628144463624e-10,1.0867737545090398e-10,1.0864850894292616e-10,1.0861968182346501e-10,1.085908939956223e-10,1.085621453628576e-10,1.0853343582896524e-10,1.0850476529808404e-10,1.0847613367469684e-10,1.0844754086363097e-10,1.0841898677004165e-10,1.0839047129943125e-10,1.0836199435762996e-10,1.0833355585080647e-10,1.0830515568546052e-10,1.0827679376841997e-10,1.0824847000684533e-10,1.082201843082213e-10,1.0819193658036253e-10,1.0816372673140536e-10,1.0813551205738411e-10,1.0810737433460462e-10,1.0807927685094574e-10,1.080512171864962e-10,1.0802319503028325e-10,1.0799521024404718e-10,1.0796726272723162e-10,1.0793935238166259e-10,1.0791147911495094e-10,1.0788364283704408e-10,1.0785584345931699e-10,1.078280808920499e-10,1.0780035504660692e-10,1.0777266583657726e-10,1.0774501317288049e-10,1.0771739696818673e-10,1.0768981713549332e-10,1.0766227358811746e-10,1.0763476623970992e-10,1.0760729500423859e-10,1.0757985979598966e-10,1.0755246052847077e-10,1.0752509711761294e-10,1.0749776947839006e-10,1.0747047752598612e-10,1.0744322117685543e-10,1.0741600034707036e-10,1.0738881495113646e-10,1.073616649109673e-10,1.0733455014041527e-10,1.0730747055680094e-10,1.0728042607772921e-10,1.0725341662110102e-10,1.072264421050988e-10,1.0719950244819104e-10,1.0717259756913522e-10,1.0714572738696628e-10,1.0711889182100099e-10,1.0709209079083646e-10,1.0706532421634689e-10,1.0703859201771298e-10,1.0701189411529355e-10,1.0698523042981349e-10,1.0695860088076008e-10,1.0693200540063242e-10,1.0690544389286288e-10,1.0687891628758041e-10,1.068524225051504e-10,1.0682596246943798e-10,1.0679953610294608e-10,1.0677314332863267e-10,1.0674678406946531e-10,1.0672045824882949e-10,1.0669416579027723e-10,1.0666790661955894e-10,1.0664168065894613e-10,1.0661548783468352e-10,1.0658932806614095e-10,1.0656320128312381e-10,1.0653710740760301e-10,1.0651104636700648e-10,1.0648501808668794e-10,1.0645902249452388e-10,1.064330595141329e-10,1.0640712907211424e-10,1.063812310950679e-10,1.0635536550789558e-10,1.0632953224923878e-10,1.0630373122799655e-10,1.0627796238114022e-10,1.0625222563621677e-10,1.0622652092084459e-10,1.0620084816019789e-10,1.061752072878871e-10,1.0614959823070654e-10,1.0612402091617251e-10,1.0609847527649761e-10,1.0607296123943582e-10,1.0604747873420195e-10,1.0602202769164114e-10,1.0599660804183714e-10,1.0597121971339421e-10,1.0594586263810214e-10,1.059205367468707e-10,1.0589524196963823e-10,1.0586997823914423e-10,1.0584474548553921e-10,1.0581954364061753e-10,1.057943726357366e-10,1.0576923240419093e-10,1.0574412287820815e-10,1.0571904399280123e-10,1.0569399567823798e-10,1.056689778674864e-10,1.0564399049292577e-10,1.0561903348933097e-10,1.0559410679329398e-10,1.0556921033263903e-10,1.0554434404596045e-10,1.0551950786248871e-10,1.0549470171611972e-10,1.0546992554874204e-10,1.0544517929340088e-10,1.0542046288271027e-10,1.0539577625250779e-10,1.0537111933560377e-10,1.0534649207040315e-10,1.0532189439265009e-10,1.0529732623480193e-10,1.0527278754100606e-10,1.0524827824933124e-10,1.0522379828250468e-10,1.0519934758547457e-10,1.051749260951873e-10,1.0515053374937178e-10,1.0512617048536063e-10,1.0510183624183629e-10,1.050775309528786e-10,1.0505325456091309e-10,1.0502900700346846e-10,1.0500478821882059e-10,1.0498059814372919e-10,1.04956436718015e-10,1.0493230388064586e-10,1.0490819957082677e-10,1.0488412372714406e-10,1.0486007629156847e-10,1.0483605720234049e-10,1.0481206639839189e-10,1.0478810382074708e-10,1.047641694086843e-10,1.0474026310358286e-10,1.0471638483833125e-10,1.046925345636818e-10,1.046687122247363e-10,1.0464491775345914e-10,1.0462115109810177e-10,1.0459741219657311e-10,1.0457370099077863e-10,1.0455001742233605e-10,1.0452636143400368e-10,1.0450273296776134e-10,1.0447913196639496e-10,1.0445555837211852e-10,1.0443201212632932e-10,1.0440849317343234e-10,1.0438500145658717e-10,1.0436153691911466e-10,1.0433809950450129e-10,1.043146891564445e-10,1.0429130581879072e-10,1.0426794943552543e-10,1.0424461995350197e-10,1.042213173117448e-10,1.0419804146008755e-10,1.0417479233321822e-10,1.0415156988330045e-10,1.0412837405538125e-10,1.0410520479468623e-10,1.040820620464315e-10,1.0405894576216608e-10,1.0403585587569919e-10,1.0401279233872039e-10,1.0398975510349432e-10,1.0396674410941927e-10,1.039437593033068e-10,1.0392080063165844e-10,1.0389786804110767e-10,1.0387496147840163e-10,1.038520808905268e-10,1.0382922622460319e-10,1.0380639742786546e-10,1.037835944477081e-10,1.0376081723169581e-10,1.0373806572758391e-10,1.0371533988323331e-10,1.0369263964667854e-10,1.03669964966077e-10,1.036473157813581e-10,1.0362469204956859e-10,1.0360209371921194e-10,1.0357952074685005e-10,1.0355697307374542e-10,1.0353445064895819e-10,1.0351195342170204e-10,1.0348948134136634e-10,1.0346703435752598e-10,1.0344461241980898e-10,1.0342221547803739e-10,1.0339984348220776e-10,1.033774963823979e-10,1.0335517412889393e-10,1.0333287666371218e-10,1.0331060394590461e-10,1.03288355926053e-10,1.0326613255515959e-10,1.0324393378424655e-10,1.0322175956420885e-10,1.0319960985464512e-10,1.0317748459871607e-10,1.0315538374723256e-10,1.0313330725282118e-10,1.0311125506769739e-10,1.0308922714211471e-10,1.030672234291974e-10,1.0304524388005892e-10,1.0302328844817792e-10,1.0300135707901279e-10,1.0297944973229789e-10,1.0295756636087277e-10,1.0293570691778585e-10,1.029138713558089e-10,1.0289205962824186e-10,1.0287027168843926e-10,1.0284850748978761e-10,1.0282676698596503e-10,1.0280505013057151e-10,1.0278335687753786e-10,1.0276168718069355e-10,1.0274004099439115e-10,1.0271841827250195e-10,1.0269681896959628e-10,1.0267524304036243e-10,1.026536904391559e-10,1.0263216112072225e-10,1.026106550400297e-10,1.0258917215209227e-10,1.025677124119245e-10,1.0254627577482915e-10,1.0252486219635385e-10,1.0250347163177403e-10,1.0248210403674768e-10,1.0246075936719635e-10,1.0243943757881974e-10,1.0241813862764394e-10,1.0239686247470343e-10,1.0237560907057264e-10,1.0235437837003922e-10,1.0233317033535902e-10,1.0231198490386359e-10,1.0229082206456227e-10,1.022696817576508e-10,1.0224856394962254e-10,1.0222746858420275e-10,1.0220639561142855e-10,1.0218534500823576e-10,1.0216431672323493e-10,1.0214331071517375e-10,1.0212232694003787e-10,1.0210136535633332e-10,1.0208042592240167e-10,1.0205950859605758e-10,1.0203861333556985e-10,1.0201774009712358e-10,1.0199688884106909e-10,1.0197605952900123e-10,1.0195525211340601e-10,1.0193446656546887e-10,1.0191370283071807e-10,1.0189296087207588e-10,1.0187224064878745e-10,1.0185154211963684e-10,1.0183086524437836e-10,1.0181020998230566e-10,1.0178957629274525e-10,1.0176896413534487e-10,1.0174837346947627e-10,1.0172780425539163e-10,1.0170725645446093e-10,1.0168673002395748e-10,1.0166622492644416e-10,1.0164574112167493e-10,1.0162527856591859e-10,1.0160483722294895e-10,1.0158441705333284e-10,1.0156401802033629e-10,1.0154364008390897e-10,1.0152328320185763e-10,1.015029473352821e-10,1.014826324474259e-10,1.014623384975702e-10,1.0144206544410713e-10,1.0142181325267309e-10,1.014015818844082e-10,1.0138137130250454e-10,1.0136118146795485e-10,1.0134101233874934e-10,1.013208638813787e-10,1.0130073605613087e-10,1.0128062882049333e-10,1.0126054214750662e-10,1.0124047599383268e-10,1.0122043032191722e-10,1.012004050943069e-10,1.0118040027158015e-10,1.0116041581742958e-10,1.0114045169644979e-10,1.0112050787400939e-10,1.0110058431003699e-10,1.0108068096763567e-10,1.010607978084672e-10,1.0104093480027001e-10,1.0102109190293249e-10,1.0100126907989941e-10,1.0098146629491636e-10,1.0096168351184344e-10,1.0094192069573942e-10,1.0092217780940373e-10,1.0090245481725681e-10,1.0088275168334177e-10,1.0086306837166622e-10,1.0084340484653899e-10,1.0082376107259923e-10,1.0080413701448328e-10,1.0078453263748085e-10,1.0076494790443243e-10,1.0074538278004026e-10,1.0072583723057919e-10,1.0070631121766953e-10,1.0068680471192311e-10,1.006673176689654e-10,1.0064785006558695e-10,1.0062840186326604e-10,1.0060897302678659e-10,1.0058956352095681e-10,1.0057017331122372e-10,1.0055080236352498e-10,1.0053145064489005e-10,1.0051211811595542e-10,1.0049280474853749e-10,1.004735105063446e-10,1.0045423535444151e-10,1.0043497926075469e-10,1.0041574219134026e-10,1.0039652411337877e-10,1.0037732499211522e-10,1.0035814479408732e-10,1.0033898348587217e-10,1.0031984103350425e-10,1.00300717404828e-10,1.0028161256631617e-10,1.0026252648477774e-10,1.0024345912730432e-10,1.0022441046119952e-10,1.0020538045350521e-10,1.0018636907247764e-10,1.0016737628481507e-10,1.0014840205782042e-10,1.0012944636261637e-10,1.0011050915773083e-10,1.0009159041701567e-10,1.000726901072739e-10,1.0005380819456139e-10,1.0003494465182479e-10,1.0001609944391109e-10,9.999727253855174e-11,9.997846390453916e-11,9.995967351064157e-11,9.99409013234371e-11,9.992214731319512e-11,9.990341144848965e-11,9.988469369960849e-11,9.986599403182755e-11,9.98473124112517e-11,9.982864881032683e-11,9.981000319796452e-11,9.979137554313494e-11,9.977276581485823e-11,9.975417398234283e-11,9.973560001473201e-11,9.971704388133013e-11,9.96985055518238e-11,9.967998499504542e-11,9.966148218292331e-11,9.964299708914193e-11,9.962452967018315e-11,9.960607990193265e-11,9.95876477622635e-11,9.956923320644271e-11,9.955083621931284e-11,9.953245675640377e-11,9.951409480178999e-11,9.949575031199929e-11,9.947742326913116e-11,9.945911363316484e-11,9.94408213786209e-11,9.942254647687426e-11,9.940428889888637e-11,9.938604861510816e-11,9.936782559992617e-11,9.934961981669964e-11,9.933143124362061e-11,9.931325984512802e-11,9.929510559501024e-11,9.927696846432529e-11,9.925884842027077e-11,9.924074543796217e-11,9.922265948891875e-11,9.920459054402242e-11,9.918653857883664e-11,9.916850356088818e-11,9.91504854617318e-11,9.913248424580161e-11,9.911449989914008e-11,9.909653238632977e-11,9.907858167848174e-11,9.906064774811578e-11,9.904273056737838e-11,9.902483010848586e-11,9.900694634329297e-11,9.898907924493847e-11,9.897122878428067e-11,9.895339493164342e-11,9.893557765569871e-11,9.891777694011116e-11,9.889999275432036e-11,9.888222506926647e-11,9.886447385693413e-11,9.884673909021768e-11,9.882902074299167e-11,9.881131878586739e-11,9.879363319275684e-11,9.877596393597275e-11,9.875831098980379e-11,9.87406743251374e-11,9.872305391841126e-11,9.870544973854409e-11,9.868786176321181e-11,9.867028996419618e-11,9.865273430877166e-11,9.863519478625241e-11,9.861767135694083e-11,9.860016399742874e-11,9.858267268093093e-11,9.856519737146549e-11,9.854773807073292e-11,9.853029472942813e-11,9.851286732499629e-11,9.849545583499315e-11,9.847806023219279e-11,9.846068048974603e-11,9.844331658636013e-11,9.842596848973187e-11,9.840863617547648e-11,9.8391319620281e-11,9.837401880000265e-11,9.835673368663426e-11,9.833946424381054e-11,9.832221046269776e-11,9.830497231512198e-11,9.828774977172861e-11,9.827054280820198e-11,9.825335139960337e-11,9.823617551684757e-11,9.82190151407157e-11,9.820187024719101e-11,9.818474080778625e-11,9.816762679812094e-11,9.815052819402975e-11,9.813344497035745e-11,9.811637710159037e-11,9.809932456327286e-11,9.808228732926901e-11,9.806526537638528e-11,9.804825868364088e-11,9.80312672237219e-11,9.801429097388696e-11,9.799732990670156e-11,9.798038399986433e-11,9.79634532336883e-11,9.794653757372847e-11,9.792963700092018e-11,9.791275149192446e-11,9.78958810231341e-11,9.78790255692144e-11,9.786218510512545e-11,9.784535961210548e-11,9.782854906236378e-11,9.781175342387475e-11,9.779497269064059e-11,9.777820683046393e-11,9.77614558232069e-11,9.774471963960652e-11,9.772799825596335e-11,9.771129165972088e-11,9.769459981427287e-11,9.767792269884657e-11,9.766126029379915e-11,9.764461257621493e-11,9.762797952125951e-11,9.76113611083163e-11,9.759475731020334e-11,9.757816810624137e-11,9.756159347415593e-11,9.754503338329329e-11,9.752848782490924e-11,9.751195676874936e-11,9.749544019252691e-11,9.747893808361553e-11,9.746245039999298e-11,9.744597713243078e-11,9.742951825486231e-11,9.741307374463251e-11,9.739664357515968e-11,9.738022772862504e-11,9.736382618247917e-11,9.734743891518188e-11,9.733106590015635e-11,9.731470712207889e-11,9.729836255806735e-11,9.728203218296662e-11,9.726571597556594e-11,9.724941391244475e-11,9.723312597165037e-11,9.721685212098748e-11,9.720059236368105e-11,9.718434666306451e-11,9.716811500136449e-11,9.715189735502601e-11,9.713569370217137e-11,9.711950402170417e-11,9.710332829155401e-11,9.708716649201166e-11,9.707101859888344e-11,9.705488459103158e-11,9.703876444999312e-11,9.702265814960265e-11,9.70065656802165e-11,9.699048700539117e-11,9.697442210875814e-11,9.695837097366062e-11,9.694233357756197e-11,9.692630989503569e-11,9.691029991222364e-11,9.689430360486003e-11,9.687832094979886e-11,9.686235192691942e-11,9.684639651925567e-11,9.683045470181182e-11,9.681452645760026e-11,9.679861176462835e-11,9.678271060176286e-11,9.676682294874492e-11,9.67509487851277e-11,9.673508809051675e-11,9.671924084409946e-11,9.670340702670592e-11,9.66875866248293e-11,9.667177960249128e-11,9.665598594774632e-11,9.66402056403412e-11,9.662443865947095e-11,9.660868498614312e-11,9.659294460033899e-11,9.657721747735933e-11,9.656150360481518e-11,9.654580296011328e-11,9.653011552161431e-11,9.651444127263456e-11,9.64987801950412e-11,9.648313226265515e-11,9.646749745649774e-11,9.645187575907186e-11,9.64362671503159e-11,9.64206716110855e-11,9.640508912445051e-11,9.638951967159892e-11,9.637396322429472e-11,9.635841976789632e-11,9.634288928411339e-11,9.632737175405873e-11,9.631186715793176e-11,9.629637547601864e-11,9.628089669073204e-11,9.62654307807856e-11,9.624997772835459e-11,9.623453751342035e-11,9.621911011865157e-11,9.620369552367271e-11,9.618829370984442e-11,9.617290465742564e-11,9.615752834817029e-11,9.614216476271616e-11,9.612681388400854e-11,9.611147569298962e-11,9.609615016938645e-11,9.608083729594717e-11,9.606553705427807e-11,9.605024942434969e-11,9.603497438439237e-11,9.601971192316429e-11,9.600446201850335e-11,9.598922465288767e-11,9.597399980845918e-11,9.595878746553539e-11,9.594358760648173e-11,9.592840021286846e-11,9.591322526643218e-11,9.589806274900134e-11,9.588291264224064e-11,9.58677749254245e-11,9.58526495829823e-11,9.583753659546154e-11,9.582243594934462e-11,9.580734762650374e-11,9.579227160611524e-11,9.57772078681227e-11,9.576215640007815e-11,9.574711718118515e-11,9.573209018666836e-11,9.571707540681191e-11,9.570207282723271e-11,9.568708242613246e-11,9.567210418745224e-11,9.565713809139339e-11,9.564218411981106e-11,9.562724225899339e-11,9.561231248807096e-11,9.559739479068934e-11,9.558248914793461e-11,9.556759554361382e-11,9.555271396042248e-11,9.553784438104009e-11,9.552298678828926e-11,9.550814116489495e-11,9.549330749368792e-11,9.547848575685246e-11,9.546367593796264e-11,9.544887801994395e-11,9.543409198575915e-11,9.541931781840746e-11,9.54045555009173e-11,9.538980501718446e-11,9.537506634866122e-11,9.536033947930858e-11,9.534562439302738e-11,9.533092107238424e-11,9.531622950054717e-11,9.53015496607401e-11,9.528688153627938e-11,9.527222511027116e-11,9.525758036670677e-11,9.524294728854647e-11,9.52283258588476e-11,9.52137160621125e-11,9.519911788082621e-11,9.518453129934986e-11,9.516995630099597e-11,9.515539286964487e-11,9.514084098804968e-11,9.512630063867902e-11,9.511177180879693e-11,9.509725447898373e-11,9.508274863491217e-11,9.506825426079274e-11,9.505377133795271e-11,9.503929985418412e-11,9.502483979121937e-11,9.501039113237982e-11,9.499595386293e-11,9.498152796574117e-11,9.496711342393962e-11,9.495271022476924e-11,9.493831834889315e-11,9.492393778373701e-11,9.490956850792304e-11,9.489521051163939e-11,9.488086377607655e-11,9.48665282873284e-11,9.485220402911901e-11,9.483789098812176e-11,9.48235891427384e-11,9.48092984821708e-11,9.479501898910868e-11,9.47807506470045e-11,9.476649344544252e-11,9.475224736176834e-11,9.47380123873373e-11,9.472378850347976e-11,9.470957569215936e-11,9.469537394177949e-11,9.46811832371397e-11,9.466700355868077e-11,9.465283489451079e-11,9.46386772314227e-11,9.462453055057839e-11,9.46103948372237e-11,9.459627007905976e-11,9.458215625796841e-11,9.456805336074928e-11,9.455396136941432e-11,9.453988027262959e-11,9.452581005405701e-11,9.451175069778494e-11,9.449770218917136e-11,9.448366451271188e-11,9.446963765582963e-11,9.445562160074977e-11,9.444161633164707e-11,9.442762184054009e-11,9.44136381082284e-11,9.439966512064186e-11,9.438570286087648e-11,9.437175131621647e-11,9.435781047353058e-11,9.434388031677295e-11,9.432996082878211e-11,9.431605199820237e-11,9.430215381099337e-11,9.42882662517922e-11,9.4274389305568e-11,9.426052295552706e-11,9.424666719263926e-11,9.423282199960473e-11,9.421898736215659e-11,9.420516326613857e-11,9.419134969522348e-11,9.417754663893599e-11,9.416375407859141e-11,9.41499720025289e-11,9.413620039637073e-11,9.412243924910839e-11,9.410868854368134e-11,9.409494826603653e-11,9.408121840202966e-11,9.406749893771034e-11,9.405378985898621e-11,9.404009115191252e-11,9.402640279427409e-11,9.401272477950968e-11,9.399905710247394e-11,9.398539974144544e-11,9.397175268405539e-11,9.395811591157233e-11,9.394448941525805e-11,9.393087317363586e-11,9.391726718756409e-11,9.390367143482768e-11,9.389008589805128e-11,9.387651056710566e-11,9.386294543135171e-11,9.384939047195258e-11,9.3835845678305e-11,9.382231103601143e-11,9.380878653199529e-11,9.37952721518542e-11,9.378176788681553e-11,9.376827371620905e-11,9.375478962974416e-11,9.3741315615994e-11,9.372785166510036e-11,9.371439775400805e-11,9.370095387067673e-11,9.368752001408856e-11,9.367409615347975e-11,9.366068228083981e-11,9.36472783882121e-11,9.363388446056707e-11,9.36205004819156e-11,9.360712644374418e-11,9.359376232825444e-11,9.358040812464144e-11,9.356706382231724e-11,9.355372940253938e-11,9.354040485840506e-11,9.352709017161541e-11,9.351378533148462e-11,9.350049032854973e-11,9.348720514635242e-11,9.347392977110755e-11,9.346066419205702e-11,9.344740839967688e-11,9.34341623709729e-11,9.342092610108467e-11,9.340769957575117e-11,9.339448277869432e-11,9.338127570153817e-11,9.336807833071507e-11,9.335489065180969e-11,9.334171265473718e-11,9.33285443255052e-11,9.331538565145244e-11,9.330223662001575e-11,9.328909721867235e-11,9.327596743485648e-11,9.326284725577506e-11,9.324973666924366e-11,9.323663566285667e-11,9.32235442270173e-11,9.321046234344618e-11,9.319739000271349e-11,9.318432719233825e-11,9.317127390004759e-11,9.315823011666138e-11,9.314519583077149e-11,9.313217101891218e-11,9.311915567597578e-11,9.310614978973386e-11,9.309315334798641e-11,9.308016633852811e-11,9.306718874921954e-11,9.305422056790497e-11,9.304126178247255e-11,9.302831238081817e-11,9.301537235087371e-11,9.300244168054728e-11,9.298952035783654e-11,9.297660837079836e-11,9.296370570725281e-11,9.295081235549888e-11,9.293792830337837e-11,9.292505353912244e-11,9.291218805077144e-11,9.289933182690946e-11,9.288648485253688e-11,9.287364712203233e-11,9.28608186200743e-11,9.284799933088312e-11,9.283518925271833e-11,9.282238836551333e-11,9.280959665932849e-11,9.27968141234971e-11,9.2784040745316e-11,9.277127650645796e-11,9.275852140213193e-11,9.274577542915788e-11,9.273303855993904e-11,9.27203107930925e-11,9.270759210951936e-11,9.269488251409303e-11,9.268218197627543e-11,9.266949050041013e-11,9.265680806016175e-11,9.264413465841161e-11,9.263147026874229e-11,9.261881489550803e-11,9.260616851375874e-11,9.259353112295399e-11,9.258090270513599e-11,9.256828325011765e-11,9.255567274681774e-11,9.254307118473449e-11,9.253047855162097e-11,9.251789483585667e-11,9.25053200275385e-11,9.249275411372216e-11,9.2480197083351e-11,9.246764892699985e-11,9.245510963462003e-11,9.244257919099984e-11,9.24300575872684e-11,9.241754480141162e-11,9.240504084486213e-11,9.239254569370326e-11,9.238005934248043e-11,9.23675817720282e-11,9.23551129739983e-11,9.234265293187603e-11,9.233020165262409e-11,9.231775910917052e-11,9.23053252976672e-11,9.22929002065951e-11,9.228048382337618e-11,9.22680761367055e-11,9.225567713658616e-11,9.224328681305018e-11,9.223090514520062e-11,9.221853213066092e-11,9.220616775730064e-11,9.219381201826795e-11,9.2181464912857e-11,9.216912641608238e-11,9.215679652537187e-11,9.214447522113279e-11,9.213216248885136e-11,9.211985833030273e-11,9.210756273311065e-11,9.209527568321638e-11,9.208299717046805e-11,9.207072718571977e-11,9.20584657166697e-11,9.204621275241855e-11,9.203396828336505e-11,9.202173228935449e-11,9.200950477936096e-11,9.199728573478475e-11,9.198507514218624e-11,9.197287299354921e-11,9.196067927683181e-11,9.1948493982526e-11,9.193631710031455e-11,9.192414862018111e-11,9.191198853126173e-11,9.189983682357884e-11,9.188769348687712e-11,9.187555851090003e-11,9.186343188548893e-11,9.185131360041467e-11,9.18392036438915e-11,9.182710200901434e-11,9.181500868396743e-11,9.18029236584597e-11,9.17908469227817e-11,9.177877846664434e-11,9.176671827997766e-11,9.175466635272915e-11,9.174262267486485e-11,9.173058723636469e-11,9.171856002723098e-11,9.170654103748167e-11,9.16945302571473e-11,9.168252767628764e-11,9.16705332849655e-11,9.165854707327462e-11,9.164656903131625e-11,9.163459914921221e-11,9.162263741710521e-11,9.161068382515009e-11,9.159873836352495e-11,9.158680102241083e-11,9.157487179202332e-11,9.156295066259666e-11,9.155103762435198e-11,9.153913266755992e-11,9.152723578249557e-11,9.151534695945488e-11,9.150346618874781e-11,9.149159346069918e-11,9.147972876565439e-11,9.146787209397407e-11,9.145602343603546e-11,9.144418278223351e-11,9.14323501229781e-11,9.14205254486984e-11,9.140870874983598e-11,9.139690001685503e-11,9.138509924022845e-11,9.137330641045368e-11,9.13615215180383e-11,9.134974455351213e-11,9.13379755074134e-11,9.13262143703045e-11,9.131446113275975e-11,9.130271578537273e-11,9.129097831875074e-11,9.127924872351552e-11,9.126752699015634e-11,9.125581310929164e-11,9.124410706848598e-11,9.123240886453954e-11,9.1220718479681e-11,9.120903591692174e-11,9.119736116045307e-11,9.118569419400817e-11,9.117403502208447e-11,9.116238362177245e-11,9.11507399908364e-11,9.113910412006954e-11,9.112747600019047e-11,9.111585562198292e-11,9.110424297656444e-11,9.109263805457199e-11,9.108104084713184e-11,9.106945134475378e-11,9.10578695387142e-11,9.10462954199159e-11,9.103472897920118e-11,9.102317020758313e-11,9.101161909604052e-11,9.100007563552199e-11,9.098853981721293e-11,9.097701163211416e-11,9.09654910710467e-11,9.095397812520875e-11,9.09424727858623e-11,9.093097504398103e-11,9.091948489054276e-11,9.090800231662004e-11,9.089652731327683e-11,9.088505987214486e-11,9.087359998426961e-11,9.0862147640574e-11,9.08507028325267e-11,9.083926555126063e-11,9.082783578801464e-11,9.081641353364719e-11,9.080499877968306e-11,9.079359151744954e-11,9.078219173822549e-11,9.077079943335626e-11,9.0759414594163e-11,9.074803722229506e-11,9.07366672881558e-11,9.072530479366881e-11,9.071394973754578e-11,9.070260209674181e-11,9.069126186955425e-11,9.067992904777768e-11,9.06686036224547e-11,9.065728558534073e-11,9.064597493318923e-11,9.063467165772357e-11,9.062337573383387e-11,9.061208717291473e-11,9.060080595346701e-11,9.058953207825591e-11,9.057826553086556e-11,9.056700630276584e-11,9.055575438744967e-11,9.054450977650217e-11,9.053327245587649e-11,9.052204242653021e-11,9.051081967092248e-11,9.04996041897192e-11,9.048839597004621e-11,9.047719500383616e-11,9.046600127639356e-11,9.045481478959819e-11,9.044363553328158e-11,9.043246349485638e-11,9.042129866820596e-11,9.041014104514046e-11,9.039899061437569e-11,9.038784737372625e-11,9.037671131194747e-11,9.036558241798082e-11,9.035446068759812e-11,9.034334611338584e-11,9.03322386842273e-11,9.032113839595867e-11,9.031004523606194e-11,9.029895920028796e-11,9.028788027083604e-11,9.027680844929644e-11,9.026574372501802e-11,9.025468608679158e-11,9.02436355314998e-11,9.02325920524197e-11,9.022155564314969e-11,9.021052629088748e-11,9.01995039865571e-11,9.018848872532691e-11,9.017748049137337e-11,9.016647928355075e-11,9.015548509459909e-11,9.01444979171121e-11,9.01335177424773e-11,9.012254455896164e-11,9.011157836565081e-11,9.010061914787032e-11,9.008966690029412e-11,9.007872161778966e-11,9.006778328706418e-11,9.005685190323118e-11,9.00459274583242e-11,9.003500994443552e-11,9.002409935699569e-11,9.001319568213816e-11,9.000229891502948e-11,8.999140904800864e-11,8.998052607224886e-11,8.996964998216783e-11,8.995878076905132e-11,8.994791842501013e-11,8.993706294259465e-11,8.99262143139929e-11,8.99153725315891e-11,8.9904537587129e-11,8.989370947423275e-11,8.988288818449156e-11,8.987207371149233e-11,8.986126604630036e-11,8.985046518087203e-11,8.983967110828563e-11,8.982888381415412e-11,8.981810330277462e-11,8.980732956362068e-11,8.979656258721476e-11,8.978580236644475e-11,8.97750488925868e-11,8.976430215965813e-11,8.975356215833068e-11,8.974282888556481e-11,8.973210232196895e-11,8.972138247430037e-11,8.971066932946213e-11,8.969996287991723e-11,8.968926311261114e-11,8.967857003296281e-11,8.966788362638873e-11,8.965720388576623e-11,8.964653080417672e-11,8.963586437481437e-11,8.962520458942977e-11,8.961455144070152e-11,8.960390492132067e-11,8.959326502398715e-11,8.95826317414118e-11,8.95720050663182e-11,8.956138499144436e-11,8.95507715095373e-11,8.954016461335308e-11,8.952956429566587e-11,8.9518970549256e-11,8.950838336705826e-11,8.94978027406425e-11,8.948722866374488e-11,8.947666112833048e-11,8.94661001289984e-11,8.945554566428054e-11,8.94449977138344e-11,8.943445627823611e-11,8.942392134921542e-11,8.941339292007921e-11,8.940287098380677e-11,8.939235553260157e-11,8.938184655990961e-11,8.937134405972731e-11,8.936084803469892e-11,8.93503584555668e-11,8.933987533265342e-11,8.932939864711926e-11,8.931892839787908e-11,8.930846457793334e-11,8.929800718029285e-11,8.92875561979899e-11,8.927711162406686e-11,8.926667345316368e-11,8.92562416767398e-11,8.924581628787265e-11,8.923539727965716e-11,8.922498464359475e-11,8.921457837595124e-11,8.920417847376654e-11,8.919378492471113e-11,8.91833977163323e-11,8.917301685424127e-11,8.916264232414502e-11,8.915227411212771e-11,8.914191222111675e-11,8.913155663686749e-11,8.912120735979021e-11,8.911086438330985e-11,8.910052771821701e-11,8.909019731899384e-11,8.907987320322373e-11,8.906955535331817e-11,8.90592437830478e-11,8.904893846135321e-11,8.903863939091065e-11,8.902834656512502e-11,8.90180599696649e-11,8.900777960527861e-11,8.899750546475089e-11,8.898723754268494e-11,8.897697583119013e-11,8.896672032424765e-11,8.895647101523046e-11,8.894622789828225e-11,8.893599096600577e-11,8.892576021170294e-11,8.891553562880311e-11,8.890531721091853e-11,8.889510495125714e-11,8.888489884323401e-11,8.887469888062532e-11,8.886450505512408e-11,8.885431736347004e-11,8.884413579755344e-11,8.88339603505576e-11,8.882379101643437e-11,8.881362778795314e-11,8.880347065958665e-11,8.879331962424492e-11,8.878317467089565e-11,8.877303579571683e-11,8.87629030027352e-11,8.87527762763673e-11,8.874265561154536e-11,8.87325409942023e-11,8.87224324304365e-11,8.871232990909216e-11,8.870223342336254e-11,8.869214296642834e-11,8.86820585323879e-11,8.867198011465796e-11,8.866190770689388e-11,8.865184130265409e-11,8.864178089491741e-11,8.863172647910025e-11,8.862167804788095e-11,8.861163559426254e-11,8.860159911370648e-11,8.85915685946901e-11,8.858154403948088e-11,8.857152543727547e-11,8.856151278368134e-11,8.855150606978859e-11,8.854150529039789e-11,8.853151043975992e-11,8.85215215119401e-11,8.851153850036225e-11,8.850156139254667e-11,8.849159019504037e-11,8.848162489282262e-11,8.847166548989529e-11,8.846171196593663e-11,8.845176431679014e-11,8.844182254181801e-11,8.843188663421273e-11,8.842195658718771e-11,8.841203239472093e-11,8.840211405070048e-11,8.83922015490471e-11,8.838229488287025e-11,8.837239404681995e-11,8.83624990349258e-11,8.835260984184184e-11,8.834272646256064e-11,8.83328488866875e-11,8.832297711153731e-11,8.831311114049087e-11,8.83032509500091e-11,8.829339653921753e-11,8.828354790674201e-11,8.827370504292427e-11,8.826386794100318e-11,8.82540365975179e-11,8.8244211010262e-11,8.823439116566001e-11,8.82245770650714e-11,8.821476869668146e-11,8.820496605416672e-11,8.819516913354183e-11,8.818537793052702e-11,8.817559244206851e-11,8.816581265393524e-11,8.815603856962634e-11,8.814627017946332e-11,8.813650747549923e-11,8.812675044338099e-11,8.811699909151618e-11,8.810725340950852e-11,8.809751339147234e-11,8.808777904075114e-11,8.807805033196794e-11,8.806832727263914e-11,8.805860985297143e-11,8.804889806658938e-11,8.803919190349021e-11,8.80294913669044e-11,8.801979645093356e-11,8.801010714687887e-11,8.800042344826667e-11,8.799074535044638e-11,8.79810728463703e-11,8.797140593046276e-11,8.796174460837271e-11,8.795208885555405e-11,8.794243867406031e-11,8.793279405785086e-11,8.792315500453995e-11,8.791352150487489e-11,8.790389355334606e-11,8.789427114623e-11,8.788465427879491e-11,8.787504294245056e-11,8.786543713281295e-11,8.785583684427764e-11,8.784624207841475e-11,8.783665281559309e-11,8.782706905684581e-11,8.781749079680699e-11,8.780791803002887e-11,8.779835075081729e-11,8.778878895359883e-11,8.777923263203147e-11,8.776968178331872e-11,8.776013639955776e-11,8.77505964733901e-11,8.774106200460859e-11,8.773153298348521e-11,8.77220094053361e-11,8.771249126572038e-11,8.770297856046949e-11,8.769347127983491e-11,8.768396942185057e-11,8.767447297832315e-11,8.766498194644242e-11,8.765549631897738e-11,8.764601609892958e-11,8.7636541266289e-11,8.762707182251764e-11,8.761760776246182e-11,8.760814907713254e-11,8.759869576763522e-11,8.758924782598789e-11,8.757980524579833e-11,8.757036802217018e-11,8.756093615032186e-11,8.75515096237663e-11,8.754208843771743e-11,8.753267258367507e-11,8.752326205959334e-11,8.751385686623837e-11,8.750445698894033e-11,8.749506242429156e-11,8.74856731662667e-11,8.74762892149148e-11,8.746691055953305e-11,8.745753719883556e-11,8.744816912232293e-11,8.743880633416838e-11,8.742944882008978e-11,8.742009657773304e-11,8.741074960155716e-11,8.74014078869387e-11,8.739207142831015e-11,8.738274022049556e-11,8.737341426011953e-11,8.736409354306877e-11,8.735477805639494e-11,8.734546780349476e-11,8.733616277141953e-11,8.732686296518706e-11,8.731756836647582e-11,8.73082789781714e-11,8.729899479404091e-11,8.728971580792501e-11,8.728044201676564e-11,8.727117341437265e-11,8.726190999562509e-11,8.725265175543627e-11,8.724339870189017e-11,8.723415080353834e-11,8.722490806841254e-11,8.721567049147622e-11,8.720643807980611e-11,8.71972108039572e-11,8.718798867011363e-11,8.717877167514435e-11,8.716955982106547e-11,8.716035308599352e-11,8.715115147450075e-11,8.714195498076136e-11,8.713276359885493e-11,8.712357732447218e-11,8.711439616291797e-11,8.710522008944136e-11,8.709604910823776e-11,8.708688321452833e-11,8.707772240432556e-11,8.70685666725953e-11,8.705941601269997e-11,8.705027042010218e-11,8.704112989821452e-11,8.703199442789333e-11,8.702286400928133e-11,8.701373864174327e-11,8.700461832217814e-11,8.699550303676981e-11,8.698639278540965e-11,8.697728756317436e-11,8.696818736129727e-11,8.695909217762508e-11,8.695000201754981e-11,8.69409168632223e-11,8.693183670985228e-11,8.69227615594701e-11,8.69136914004098e-11,8.690462622702268e-11,8.689556603842867e-11,8.688651083849035e-11,8.687746060442804e-11,8.686841533914882e-11,8.685937503936085e-11,8.68503397045238e-11,8.684130932459809e-11,8.683228389288037e-11,8.682326341145929e-11,8.681424787241785e-11,8.680523726497962e-11,8.679623159047595e-11,8.678723084360257e-11,8.677823501836122e-11,8.676924411159862e-11,8.676025811310139e-11,8.675127702689327e-11,8.674230084508677e-11,8.67333295662782e-11,8.672436317729999e-11,8.671540168416834e-11,8.670644506604246e-11,8.669749333191223e-11,8.668854647174172e-11,8.667960448193981e-11,8.667066735861615e-11,8.666173509738421e-11,8.665280769119835e-11,8.664388513518416e-11,8.663496742896007e-11,8.662605456382123e-11,8.661714653599589e-11,8.66082433520614e-11,8.659934498834482e-11,8.659045144919496e-11,8.658156272889736e-11,8.657267882268601e-11,8.656379972812967e-11,8.65549254422626e-11,8.654605595454472e-11,8.653719126354029e-11,8.652833136539112e-11,8.651947625727068e-11,8.651062592945123e-11,8.65017803801894e-11,8.649293960416861e-11,8.648410359354248e-11,8.647527235140021e-11,8.646644586917807e-11,8.645762414312863e-11,8.644880716891403e-11,8.643999494101061e-11,8.643118745370319e-11,8.642238470475768e-11,8.641358668930593e-11,8.640479340263302e-11,8.639600484180064e-11,8.638722099896267e-11,8.637844187174796e-11,8.636966745464035e-11,8.63608977392186e-11,8.635213273104842e-11,8.634337242033535e-11,8.633461680281725e-11,8.632586587380144e-11,8.631711962848701e-11,8.630837806349291e-11,8.629964117586575e-11,8.629090895738702e-11,8.628218140519865e-11,8.627345851957854e-11,8.626474028759677e-11,8.625602671012052e-11,8.624731778464357e-11,8.623861349960044e-11,8.62299138544233e-11,8.622121884563552e-11,8.621252846893332e-11,8.620384272149233e-11,8.619516159489175e-11,8.618648508484505e-11,8.617781319085394e-11,8.616914590742715e-11,8.616048322934952e-11,8.615182515290937e-11,8.614317167265335e-11,8.613452278534014e-11,8.612587848654817e-11,8.611723877237719e-11,8.61086036377202e-11,8.60999730792168e-11,8.609134709183585e-11,8.608272567119654e-11,8.607410881437049e-11,8.606549651505451e-11,8.605688877042873e-11,8.604828557799279e-11,8.603968692903311e-11,8.603109282217666e-11,8.602250325308901e-11,8.60139182174066e-11,8.600533771009772e-11,8.59967617265765e-11,8.598819026456041e-11,8.597962331838109e-11,8.597106088483998e-11,8.596250295917633e-11,8.595394953788073e-11,8.594540061557944e-11,8.593685618836504e-11,8.592831625263574e-11,8.591978080494299e-11,8.591124983926296e-11,8.590272335353368e-11,8.589420134150629e-11,8.588568380057269e-11,8.58771707261381e-11,8.586866211499345e-11,8.586015796089203e-11,8.585165826070739e-11,8.584316300957006e-11,8.583467220559433e-11,8.582618584349107e-11,8.581770391959719e-11,8.580922642955737e-11,8.580075336821237e-11,8.579228473239455e-11,8.57838205186146e-11,8.577536071954819e-11,8.57669053356464e-11,8.575845435852248e-11,8.575000779043178e-11,8.57415656223186e-11,8.573312784752543e-11,8.572469446968196e-11,8.571626548067602e-11,8.57078408775438e-11,8.569942065382055e-11,8.569100480722775e-11,8.568259333369636e-11,8.56741862313889e-11,8.566578348367892e-11,8.56573851062522e-11,8.564899108596192e-11,8.564060141824049e-11,8.563221610023986e-11,8.562383512690632e-11,8.561545849535955e-11,8.560708620000267e-11,8.559871823878425e-11,8.559035460704392e-11,8.558199529780828e-11,8.55736403126188e-11,8.556528964496324e-11,8.555694329130835e-11,8.554860124638818e-11,8.554026350703267e-11,8.553193007050985e-11,8.55236009319358e-11,8.55152760851395e-11,8.550695552509514e-11,8.549863925553214e-11,8.549032726969065e-11,8.548201956364424e-11,8.547371612895647e-11,8.546541696718586e-11,8.545712207207637e-11,8.544883143335163e-11,8.544054506073151e-11,8.543226294290779e-11,8.542398507504753e-11,8.54157114569859e-11,8.540744207912964e-11,8.539917694478325e-11,8.539091604651453e-11,8.538265937832452e-11,8.537440694043309e-11,8.536615872668052e-11,8.535791473429109e-11,8.534967495983854e-11,8.534143939887392e-11,8.533320804576175e-11,8.532498090013762e-11,8.531675795719689e-11,8.530853921177614e-11,8.530032466079641e-11,8.529211429972426e-11,8.528390812618593e-11,8.52757061359877e-11,8.526750832414749e-11,8.525931468906728e-11,8.525112522590906e-11,8.524293993066651e-11,8.52347587991496e-11,8.522658182668875e-11,8.521840901243966e-11,8.521024035190695e-11,8.520207583917095e-11,8.519391547502614e-11,8.518575925198251e-11,8.517760716763757e-11,8.516945921700324e-11,8.516131539846313e-11,8.515317570836239e-11,8.514504014237411e-11,8.513690869621521e-11,8.512878136603989e-11,8.512065814681504e-11,8.511253903875369e-11,8.510442403414014e-11,8.509631313086125e-11,8.508820632805431e-11,8.508010362035613e-11,8.50720050022712e-11,8.506391047319067e-11,8.505582002626099e-11,8.504773366090443e-11,8.50396513710487e-11,8.503157315245917e-11,8.50234990016991e-11,8.501542891862949e-11,8.500736289748524e-11,8.49993009341248e-11,8.499124302550153e-11,8.49831891694156e-11,8.497513936025116e-11,8.496709359502714e-11,8.495905187026484e-11,8.495101418166717e-11,8.494298052780354e-11,8.493495090314548e-11,8.492692530515813e-11,8.491890372942234e-11,8.491088617201383e-11,8.490287263170592e-11,8.489486310243864e-11,8.488685758270836e-11,8.487885606727302e-11,8.48708585540307e-11,8.486286503857727e-11,8.485487551525477e-11,8.484688998540885e-11,8.483890844292976e-11,8.483093088448144e-11,8.482295730602729e-11,8.481498770465865e-11,8.480702207458951e-11,8.47990604163547e-11,8.479110272460915e-11,8.478314899483275e-11,8.477519922522973e-11,8.476725341294026e-11,8.475931155274871e-11,8.475137364115767e-11,8.474343967629498e-11,8.473550965286288e-11,8.472758356906022e-11,8.471966142089276e-11,8.471174320489162e-11,8.470382891745361e-11,8.469591855502569e-11,8.468801211417154e-11,8.468010959215721e-11,8.467221098455661e-11,8.466431628747746e-11,8.465642549931497e-11,8.464853861625683e-11,8.464065563444518e-11,8.463277654985394e-11,8.46249013604944e-11,8.461703006230179e-11,8.46091626517757e-11,8.460129912672468e-11,8.459343948069229e-11,8.458558371335244e-11,8.457773182000093e-11,8.456988379785039e-11,8.456203964309838e-11,8.455419935261247e-11,8.454636292052089e-11,8.453853034865349e-11,8.453070162994427e-11,8.452287676169557e-11,8.451505574252415e-11,8.450723856725798e-11,8.44994252342537e-11,8.449161573732429e-11,8.448381007496634e-11,8.44760082438447e-11,8.446821024137298e-11,8.446041606158359e-11,8.44526257035238e-11,8.444483916246958e-11,8.443705643689846e-11,8.442927752184761e-11,8.442150241529282e-11,8.441373111341056e-11,8.440596361306313e-11,8.439819991062489e-11,8.439043999921749e-11,8.438268388175763e-11,8.437493155786615e-11,8.43671830240857e-11,8.43594382639522e-11,8.435169728244307e-11,8.434396007622062e-11,8.433622664144058e-11,8.432849697636068e-11,8.432077107649287e-11,8.431304893957743e-11,8.430533055959276e-11,8.429761593819194e-11,8.428990506971481e-11,8.428219795120369e-11,8.427449458027934e-11,8.426679495117587e-11,8.425909906217131e-11,8.425140691006685e-11,8.424371849145607e-11,8.423603380329439e-11,8.42283528427094e-11,8.422067560627012e-11,8.421300209053684e-11,8.420533229102258e-11,8.419766620812624e-11,8.419000384127566e-11,8.418234517831627e-11,8.417469022025047e-11,8.416703896460861e-11,8.415939140749374e-11,8.415174754447738e-11,8.414410737570929e-11,8.413647089709522e-11,8.412883810451764e-11,8.412120899485392e-11,8.411358356547137e-11,8.410596181281638e-11,8.409834373452565e-11,8.409072932639944e-11,8.408311858643779e-11,8.407551151087918e-11,8.406790809706767e-11,8.40603083416025e-11,8.405271224142446e-11,8.404511979354312e-11,8.403753099537802e-11,8.402994584293183e-11,8.4022364333233e-11,8.401478646334092e-11,8.400721223292788e-11,8.399964163441632e-11,8.399207466713525e-11,8.398451132717586e-11,8.397695161248689e-11,8.396939551912757e-11,8.396184304238459e-11,8.395429418258823e-11,8.394674893526293e-11,8.393920729743972e-11,8.393166926522523e-11,8.392413483251386e-11,8.391660400641848e-11,8.390907677329247e-11,8.390155312734506e-11,8.389403308220453e-11,8.38865166260372e-11,8.387900375482518e-11,8.387149446597925e-11,8.386398875174138e-11,8.385648661809004e-11,8.384898805787777e-11,8.384149306818162e-11,8.383400164655856e-11,8.38265137892587e-11,8.381902949261887e-11,8.381154875542489e-11,8.380407157228263e-11,8.379659794295868e-11,8.378912786750542e-11,8.378166133293e-11,8.37741983404992e-11,8.376673889041833e-11,8.375928297753084e-11,8.375183059779923e-11,8.37443817520649e-11,8.373693643521276e-11,8.372949464448056e-11,8.372205637686776e-11,8.371462162713449e-11,8.37071903969525e-11,8.369976268095812e-11,8.369233847638333e-11,8.368491778061446e-11,8.367750058894667e-11,8.367008690073538e-11,8.366267671209794e-11,8.365527002036686e-11,8.364786682324873e-11,8.364046711838847e-11,8.363307090016157e-11,8.362567816702934e-11,8.361828891646198e-11,8.361090314096322e-11,8.360352084673922e-11,8.35961420259735e-11,8.358876667397404e-11,8.358139478612862e-11,8.357402636955436e-11,8.356666142159254e-11,8.355929992526219e-11,8.355194188696841e-11,8.354458730250995e-11,8.353723616851812e-11,8.35298884831264e-11,8.352254424454315e-11,8.351520344680682e-11,8.350786608941807e-11,8.350053216318515e-11,8.349320167578788e-11,8.348587462059645e-11,8.347855099275624e-11,8.34712307907009e-11,8.346391401092831e-11,8.345660065504542e-11,8.344929071900987e-11,8.34419841909905e-11,8.343468107418683e-11,8.342738136487969e-11,8.34200850624012e-11,8.341279216784367e-11,8.340550267457181e-11,8.33982165751757e-11,8.339093386964795e-11,8.338365455560789e-11,8.337637863058071e-11,8.336910609079307e-11,8.336183693288902e-11,8.335457115958056e-11,8.334730876492328e-11,8.334004974498683e-11,8.33327940977177e-11,8.33255418205049e-11,8.331829291076136e-11,8.331104736587922e-11,8.33038051887643e-11,8.3296566374119e-11,8.328933090493992e-11,8.328209878974706e-11,8.327487002769173e-11,8.326764461352898e-11,8.326042254270413e-11,8.325320381451456e-11,8.32459884249785e-11,8.323877637436542e-11,8.323156765830105e-11,8.322436227388045e-11,8.321716021872801e-11,8.320996148987964e-11,8.320276608362301e-11,8.319557399835253e-11,8.318838523272134e-11,8.318119978278984e-11,8.317401764587943e-11,8.316683881931922e-11,8.315966330043128e-11,8.31524910778073e-11,8.314532216623144e-11,8.313815656171928e-11,8.313099424879355e-11,8.312383523155809e-11,8.31166795019992e-11,8.31095270617078e-11,8.31023779077634e-11,8.309523203827193e-11,8.308808945036466e-11,8.308095014105888e-11,8.307381410692784e-11,8.306668134596394e-11,8.30595518558441e-11,8.305242563155201e-11,8.304530267714941e-11,8.303818297936508e-11,8.303106654501412e-11,8.302395336198833e-11,8.301684343994531e-11,8.30097367726871e-11,8.300263335505709e-11,8.299553318705913e-11,8.298843627363144e-11,8.298134259330859e-11,8.297425214510679e-11,8.296716493402941e-11,8.296008095599672e-11,8.295300020639647e-11,8.294592269209921e-11,8.293884840158556e-11,8.293177733498476e-11,8.292470948936828e-11,8.291764486292375e-11,8.291058345416306e-11,8.290352525722294e-11,8.289647027068817e-11,8.288941849146825e-11,8.288236991913711e-11,8.287532455099722e-11,8.286828238519746e-11,8.28612434149104e-11,8.285420764022532e-11,8.284717506058175e-11,8.28401456621225e-11,8.283311945898614e-11,8.282609644136187e-11,8.281907660567541e-11,8.281205995090763e-11,8.280504646828252e-11,8.279803616629945e-11,8.27910290390545e-11,8.278402506905496e-11,8.277702427885742e-11,8.277002664311237e-11,8.27630321810037e-11,8.27560408786526e-11,8.274905273520015e-11,8.274206774544855e-11,8.273508591147241e-11,8.272810722727977e-11,8.272113169071352e-11,8.271415929856447e-11,8.270719004969008e-11,8.270022394016996e-11,8.269326096893198e-11,8.26863011322064e-11,8.267934442926785e-11,8.267239085680201e-11,8.266544041242855e-11,8.265849310483129e-11,8.265154891139504e-11,8.264460783215435e-11,8.263766987493764e-11,8.263073503334874e-11,8.262380330470954e-11,8.261687468655414e-11,8.260994919077505e-11,8.26030267876408e-11,8.259610748799889e-11,8.258919129042592e-11,8.258227819743514e-11,8.257536819369987e-11,8.256846128328119e-11,8.25615574506611e-11,8.255465672288971e-11,8.254775907970226e-11,8.254086452053175e-11,8.253397303886106e-11,8.252708464068186e-11,8.25201993215802e-11,8.251331706904357e-11,8.25064378928261e-11,8.249956179441703e-11,8.24926887573571e-11,8.248581878426907e-11,8.247895187364524e-11,8.247208802270946e-11,8.246522722878236e-11,8.245836949125261e-11,8.24515148065849e-11,8.244466317259609e-11,8.243781458663604e-11,8.243096904647e-11,8.24241265511092e-11,8.241728709672599e-11,8.241045067986315e-11,8.240361729951195e-11,8.2396786952224e-11,8.238995963708322e-11,8.238313535116625e-11,8.237631409220478e-11,8.236949585779573e-11,8.236268064561781e-11,8.23558684532707e-11,8.234905927891503e-11,8.234225311768985e-11,8.233544997120549e-11,8.232864983304292e-11,8.23218527048519e-11,8.231505857774369e-11,8.230826746206836e-11,8.230147934043599e-11,8.229469422177519e-11,8.228791209963966e-11,8.22811329717504e-11,8.227435683699183e-11,8.226758369074969e-11,8.226081353663273e-11,8.225404636266047e-11,8.224728216760169e-11,8.22405209619937e-11,8.223376273118172e-11,8.222700747425884e-11,8.22202551904575e-11,8.221350587816141e-11,8.220675953449104e-11,8.220001615801642e-11,8.219327574526419e-11,8.218653829526894e-11,8.217980380482379e-11,8.21730722721408e-11,8.216634369461843e-11,8.215961807021597e-11,8.215289539744407e-11,8.214617567260124e-11,8.2139458900701e-11,8.213274506606612e-11,8.212603417275577e-11,8.211932621642688e-11,8.211262120063771e-11,8.210591911947649e-11,8.209921997011007e-11,8.209252375246339e-11,8.208583046196687e-11,8.20791400974793e-11,8.207245266276055e-11,8.206576814230144e-11,8.205908654402339e-11,8.205240786099632e-11,8.204573209486332e-11,8.203905924009649e-11,8.203238930312727e-11,8.202572226365481e-11,8.2019058133362e-11,8.201239690598094e-11,8.200573858011751e-11,8.199908315429734e-11,8.199243062500826e-11,8.198578099112393e-11,8.197913424959396e-11,8.197249039763654e-11,8.196584943518274e-11,8.195921135884213e-11,8.195257616605678e-11,8.194594385491694e-11,8.193931442360368e-11,8.19326878692916e-11,8.192606419016204e-11,8.19194433839078e-11,8.19128254481236e-11,8.190621038168233e-11,8.189959818126984e-11,8.189298884511866e-11,8.188638237105886e-11,8.187977875629764e-11,8.18731779998804e-11,8.186658009729274e-11,8.185998504946448e-11,8.185339285336038e-11,8.184680350595636e-11,8.184021700610673e-11,8.183363335013055e-11,8.18270525375756e-11,8.182047456496295e-11,8.181389943089178e-11,8.180732713300585e-11,8.180075767036044e-11,8.179419103864763e-11,8.178762723711138e-11,8.178106626272599e-11,8.17745081138639e-11,8.176795279182027e-11,8.176140028909407e-11,8.175485060480218e-11,8.174830373722584e-11,8.174175968445415e-11,8.17352184454498e-11,8.172868001440044e-11,8.172214439387378e-11,8.171561157965195e-11,8.170908157137479e-11,8.170255436379825e-11,8.16960299567983e-11,8.168950834736981e-11,8.168298953432801e-11,8.167647351519986e-11,8.166996028775439e-11,8.16634498500007e-11,8.165694220003701e-11,8.165043734319133e-11,8.164393526111532e-11,8.163743596133981e-11,8.163093944065067e-11,8.16244456989267e-11,8.161795473229396e-11,8.1611466536668e-11,8.160498111192583e-11,8.159849845683308e-11,8.159201856973307e-11,8.158554144751707e-11,8.157906708803194e-11,8.15725954881995e-11,8.156612664795928e-11,8.155966056200169e-11,8.15531972318865e-11,8.154673665301558e-11,8.154027882617868e-11,8.153382374868131e-11,8.152737141677236e-11,8.152092182858292e-11,8.151447498347883e-11,8.150803087839431e-11,8.150158951098568e-11,8.149515087959991e-11,8.148871498402397e-11,8.14822818196979e-11,8.147585138465503e-11,8.146942367771679e-11,8.146299869771172e-11,8.14565764410981e-11,8.145015690685668e-11,8.144374009197042e-11,8.143732599527295e-11,8.143091461428199e-11,8.142450594777668e-11,8.141809999288441e-11,8.141169674790304e-11,8.140529621086084e-11,8.139889837924103e-11,8.139250325255478e-11,8.138611082682553e-11,8.137972110183202e-11,8.137333407579142e-11,8.136694974467696e-11,8.136056810776228e-11,8.135418916259289e-11,8.13478129044445e-11,8.134143933637642e-11,8.133506845633602e-11,8.132870025759985e-11,8.132233474408315e-11,8.131597190820699e-11,8.130961175925115e-11,8.130325427813015e-11,8.129689946998462e-11,8.129054733972943e-11,8.128419787375223e-11,8.127785107743248e-11,8.127150694729101e-11,8.12651654817254e-11,8.125882667431612e-11,8.125249053233266e-11,8.124615704742785e-11,8.123982621999175e-11,8.123349804709022e-11,8.122717252697403e-11,8.122084965239644e-11,8.121452943186953e-11,8.120821185822838e-11,8.120189692954583e-11,8.119558464287318e-11,8.118927499829113e-11,8.118296799185162e-11,8.11766636232192e-11,8.11703618903245e-11,8.116406279080947e-11,8.115776632275424e-11,8.115147248425732e-11,8.11451812733683e-11,8.113889268813942e-11,8.113260672655094e-11,8.112632338704086e-11,8.112004266774619e-11,8.111376456788735e-11,8.110748908238729e-11,8.110121621072042e-11,8.109494595166315e-11,8.108867830162572e-11,8.10824132619853e-11,8.107615082877148e-11,8.106989100143249e-11,8.106363377494606e-11,8.105737915446548e-11,8.105112713221251e-11,8.104487770415567e-11,8.10386308715975e-11,8.103238663197905e-11,8.102614498319578e-11,8.101990592589213e-11,8.101366945549381e-11,8.100743557030046e-11,8.100120427005917e-11,8.099497555217499e-11,8.098874941456168e-11,8.098252585509932e-11,8.097630487250948e-11,8.097008646472218e-11,8.096387063409173e-11,8.09576573702339e-11,8.095144667201467e-11,8.094523854385968e-11,8.093903298176828e-11,8.093282999477954e-11,8.092662955895941e-11,8.092043168152218e-11,8.091423636662313e-11,8.090804360353169e-11,8.090185339568109e-11,8.089566574034686e-11,8.088948064050633e-11,8.088329808296106e-11,8.087711807381987e-11,8.087094060933244e-11,8.086476568772576e-11,8.085859330894108e-11,8.085242346815355e-11,8.084625616656809e-11,8.084009140154248e-11,8.08339291706369e-11,8.08277694725686e-11,8.082161231000317e-11,8.081545767378428e-11,8.080930556224994e-11,8.080315597416889e-11,8.079700890205131e-11,8.079086435827032e-11,8.078472233669294e-11,8.07785828331418e-11,8.077244584576788e-11,8.076631137266821e-11,8.07601794122031e-11,8.075404996348511e-11,8.07479230228714e-11,8.074179858986913e-11,8.073567666227545e-11,8.072955723525888e-11,8.072344031034951e-11,8.0717325885475e-11,8.071121395906666e-11,8.070510452925275e-11,8.069899759407225e-11,8.069289315284964e-11,8.068679120187723e-11,8.068069174292008e-11,8.067459477066928e-11,8.066850028308844e-11,8.066240828237656e-11,8.065631876218512e-11,8.065023172386483e-11,8.064414716014501e-11,8.063806507656227e-11,8.063198546407186e-11,8.062590832426241e-11,8.061983365762944e-11,8.061376146237695e-11,8.060769173658754e-11,8.060162447834674e-11,8.059555968552286e-11,8.058949735427099e-11,8.058343748486306e-11,8.057738007497183e-11,8.057132512297815e-11,8.056527262780728e-11,8.055922258691346e-11,8.055317499791116e-11,8.054712985937572e-11,8.054108717022099e-11,8.053504692846696e-11,8.052900913263088e-11,8.05229737793498e-11,8.051694086935238e-11,8.051091039972548e-11,8.050488237129314e-11,8.049885677748822e-11,8.04928336189789e-11,8.04868129012359e-11,8.048079460821269e-11,8.047477874477754e-11,8.046876531051735e-11,8.046275430284296e-11,8.045674572033443e-11,8.04507395664879e-11,8.044473582796697e-11,8.04387345098884e-11,8.043273561015972e-11,8.042673912489066e-11,8.042074505741584e-11,8.041475340222944e-11,8.040876415945684e-11,8.040277732561038e-11,8.03967928966156e-11,8.039081087859784e-11,8.038483126380564e-11,8.037885405209836e-11,8.037287923841061e-11,8.036690682880174e-11,8.03609368155903e-11,8.035496920088668e-11,8.034900397906267e-11,8.034304114950515e-11,8.033708071155901e-11,8.033112266308314e-11,8.032516700250023e-11,8.031921372831303e-11,8.031326283548473e-11,8.030731432904492e-11,8.030136820338078e-11,8.029542445874738e-11,8.028948309061171e-11,8.028354409879035e-11,8.027760748148549e-11,8.027167323745918e-11,8.026574136479261e-11,8.025981185889012e-11,8.025388472342171e-11,8.02479599512347e-11,8.024203754684474e-11,8.023611750564355e-11,8.023019982599366e-11,8.022428450591058e-11,8.021837154077214e-11,8.021246093817901e-11,8.020655268756093e-11,8.020064678982987e-11,8.019474324388534e-11,8.018884204789022e-11,8.018294320003938e-11,8.017704669939826e-11,8.017115254008557e-11,8.0165260727572e-11,8.015937125880911e-11,8.015348412841149e-11,8.014759933566888e-11,8.014171688229518e-11,8.013583676264501e-11,8.01299589741053e-11,8.012408352100774e-11,8.011821039769164e-11,8.011233960327842e-11,8.010647113614199e-11,8.01006049947016e-11,8.009474117714231e-11,8.008887968215083e-11,8.008302050847889e-11,8.00771636558221e-11,8.007130912115039e-11,8.006545690098031e-11,8.005960699434513e-11,8.005375940129945e-11,8.004791411922872e-11,8.004207114721657e-11,8.003623048248761e-11,8.003039212425967e-11,8.002455607093196e-11,8.001872378268572e-11,8.00128924383302e-11,8.000706334540872e-11,8.000123652400364e-11,7.999541198669407e-11,7.998958973744614e-11,7.998376977789854e-11,7.997795210835306e-11,7.997213672813127e-11,7.996632363963358e-11,7.996051283490212e-11,7.995470431911721e-11,7.994889808770713e-11,7.994309413977293e-11,7.99372924723386e-11,7.993149308468929e-11,7.992569597511414e-11,7.991990114189992e-11,7.99141085813639e-11,7.990831829591935e-11,7.990253028237511e-11,7.989674453987085e-11,7.98909610661893e-11,7.988517984774255e-11,7.987940090770095e-11,7.987362423216335e-11,7.986784981822523e-11,7.98620776653615e-11,7.985630777262398e-11,7.985054013786196e-11,7.984477476137374e-11,7.98390116385165e-11,7.983325076903442e-11,7.982749214985946e-11,7.982173578267438e-11,7.981598166549318e-11,7.981022979300853e-11,7.980448016646254e-11,7.979873278490529e-11,7.979298764478542e-11,7.978724474560981e-11,7.978150408467147e-11,7.977576566393953e-11,7.977002948022353e-11,7.97642955311921e-11,7.975856381627241e-11,7.975283433278779e-11,7.974710708003041e-11,7.974138205624363e-11,7.973565925979703e-11,7.972993868823905e-11,7.972422034227307e-11,7.971850421909638e-11,7.971279031793468e-11,7.97070786364168e-11,7.97013691735319e-11,7.96956619270337e-11,7.968995689663518e-11,7.968425407752606e-11,7.967855347300414e-11,7.967285507937171e-11,7.96671588930796e-11,7.966146491707013e-11,7.965577314764965e-11,7.965008358095898e-11,7.964439621794843e-11,7.963871105902568e-11,7.963302809876215e-11,7.962734733786581e-11,7.96216687744926e-11,7.961599240733798e-11,7.96103182348503e-11,7.960464625533745e-11,7.95989764678772e-11,7.959330887301398e-11,7.958764346686583e-11,7.958198024811738e-11,7.957631921509115e-11,7.957066036653195e-11,7.956500370076449e-11,7.955934921652782e-11,7.955369691225822e-11,7.954804678649043e-11,7.95423988377648e-11,7.953675306461948e-11,7.953110946559833e-11,7.952546803924497e-11,7.951982878410003e-11,7.951419169871225e-11,7.950855678162899e-11,7.950292403139676e-11,7.949729344588837e-11,7.949166502539492e-11,7.948603876739288e-11,7.948041466868684e-11,7.947479273374449e-11,7.946917295480804e-11,7.946355533223405e-11,7.945793986649334e-11,7.945232655607308e-11,7.944671539515102e-11,7.944110638422638e-11,7.94354995221018e-11,7.942989481042362e-11,7.942429224627839e-11,7.941869182777257e-11,7.941309355146309e-11,7.940749741758043e-11,7.940190342374806e-11,7.939631156899451e-11,7.93907218536077e-11,7.938513427564567e-11,7.937954883094958e-11,7.937396552109782e-11,7.936838434398196e-11,7.936280529775847e-11,7.93572283811206e-11,7.935165358687877e-11,7.934608092002038e-11,7.934051038374865e-11,7.933494196515336e-11,7.932937566859514e-11,7.932381149775809e-11,7.931824944786777e-11,7.931268951729583e-11,7.930713170358256e-11,7.930157600508962e-11,7.929602241849411e-11,7.929047094799166e-11,7.928492158864196e-11,7.927937433813358e-11,7.927382919624894e-11,7.926828616185043e-11,7.926274523194948e-11,7.925720640798291e-11,7.925166967658606e-11,7.924613505568445e-11,7.924060253582811e-11,7.923507211469436e-11,7.922954378960413e-11,7.922401756506094e-11,7.921849343278435e-11,7.92129713942803e-11,7.920745144952003e-11,7.92019335921316e-11,7.919641782539032e-11,7.919090414768512e-11,7.918539255535632e-11,7.917988304877979e-11,7.917437562588963e-11,7.916887028489363e-11,7.916336702488291e-11,7.915786584147047e-11,7.915236673898909e-11,7.914686971055864e-11,7.914137475755569e-11,7.913588188247353e-11,7.913039108098208e-11,7.912490234654991e-11,7.911941568012332e-11,7.911393108627885e-11,7.910844855778267e-11,7.910296809522954e-11,7.909748969725649e-11,7.909201336252896e-11,7.90865390896618e-11,7.908106687722375e-11,7.90755967244734e-11,7.907012862954403e-11,7.906466259108666e-11,7.905919860776109e-11,7.905373667785699e-11,7.90482768003985e-11,7.904281897436387e-11,7.903736319799916e-11,7.903190946873779e-11,7.90264577880935e-11,7.902100815293648e-11,7.901556056244728e-11,7.901011501505957e-11,7.900467150916106e-11,7.899923004353827e-11,7.899379061699638e-11,7.898835322797752e-11,7.898291787660244e-11,7.897748455938971e-11,7.897205327605323e-11,7.896662402535282e-11,7.896119680539589e-11,7.895577161554167e-11,7.895034845451183e-11,7.894492731943909e-11,7.893950821107611e-11,7.893409112694075e-11,7.892867606558174e-11,7.892326302659656e-11,7.891785200793777e-11,7.891244300922899e-11,7.890703602291972e-11,7.89016310591232e-11,7.88962281109606e-11,7.889082717447995e-11,7.888542825273e-11,7.888003134219289e-11,7.887463644609369e-11,7.886924355346235e-11,7.886385266905347e-11,7.885846379136565e-11,7.885307691863726e-11,7.884769204957373e-11,7.88423091828874e-11,7.88369283173736e-11,7.883154945162943e-11,7.882617258443341e-11,7.882079771444026e-11,7.881542484035822e-11,7.881005396095961e-11,7.880468507489886e-11,7.879931818062339e-11,7.879395327731889e-11,7.87885903634066e-11,7.878322943832935e-11,7.877787049973027e-11,7.877251354670502e-11,7.876715857805207e-11,7.876180559243332e-11,7.875645458861048e-11,7.875110556311319e-11,7.874575851907387e-11,7.87404134521051e-11,7.873507036057098e-11,7.872972924491983e-11,7.872439010502198e-11,7.871905293802894e-11,7.871371774278425e-11,7.870838451792339e-11,7.870305326215826e-11,7.86977239743473e-11,7.869239665281934e-11,7.868707129671792e-11,7.86817479046587e-11,7.867642647607018e-11,7.867110701289972e-11,7.866578950729124e-11,7.866047395864776e-11,7.865516036769696e-11,7.864984873489538e-11,7.86445390554662e-11,7.863923132263213e-11,7.8633925550701e-11,7.86286217292412e-11,7.862331985913112e-11,7.861801993818968e-11,7.861272196553682e-11,7.860742593890352e-11,7.860213185748176e-11,7.859683971996305e-11,7.859154952545363e-11,7.858626127265513e-11,7.858097496008483e-11,7.857569058688832e-11,7.85704081477904e-11,7.856512764895836e-11,7.855984908543638e-11,7.855457245612712e-11,7.854929775969303e-11,7.854402498768882e-11,7.853875415257147e-11,7.853348524763081e-11,7.852821827077145e-11,7.85229532207014e-11,7.851769009619331e-11,7.851242889603614e-11,7.850716961957787e-11,7.850191227006014e-11,7.849665683658512e-11,7.849140332118828e-11,7.848615172430447e-11,7.848090204572153e-11,7.847565428196362e-11,7.847040843289958e-11,7.84651644978044e-11,7.845992247209626e-11,7.845468235964583e-11,7.844944415756745e-11,7.844420786357998e-11,7.843897347701253e-11,7.843374099656688e-11,7.842851042103995e-11,7.842328174924523e-11,7.841805497977451e-11,7.841283011145779e-11,7.840760714328335e-11,7.840238607400259e-11,7.839716690059876e-11,7.839194962380971e-11,7.83867342425624e-11,7.838152075525311e-11,7.837630916113111e-11,7.837109946054505e-11,7.836589165514612e-11,7.836068573458969e-11,7.835548170166872e-11,7.83502795559177e-11,7.834507929625139e-11,7.833988092123435e-11,7.83346844295382e-11,7.832948982478697e-11,7.832429709761331e-11,7.831910625044118e-11,7.831391728142105e-11,7.830873019247887e-11,7.830354497685672e-11,7.8298361636183e-11,7.829318016951038e-11,7.828800057585535e-11,7.828282285295641e-11,7.827764700120212e-11,7.827247301873813e-11,7.826730090387203e-11,7.82621306581109e-11,7.825696227649643e-11,7.825179576154004e-11,7.824663110738949e-11,7.824146831613958e-11,7.823630738682741e-11,7.823114832107694e-11,7.822599110967058e-11,7.822083575290897e-11,7.821568225222308e-11,7.821053060613862e-11,7.820538080901183e-11,7.820023287163697e-11,7.819508677850167e-11,7.818994254606082e-11,7.818480015745601e-11,7.817965962289784e-11,7.817452093554966e-11,7.816938409425103e-11,7.816424909746649e-11,7.815911593842034e-11,7.815398462296834e-11,7.814885515439057e-11,7.814372752614154e-11,7.813860173721649e-11,7.81334777857673e-11,7.812835566775364e-11,7.812323538978498e-11,7.811811694811812e-11,7.811300034047155e-11,7.810788556655153e-11,7.810277261870621e-11,7.809766150134969e-11,7.809255221371687e-11,7.808744475375e-11,7.808233912003976e-11,7.807723531190027e-11,7.807213332793625e-11,7.806703316748993e-11,7.806193482908508e-11,7.80568383116532e-11,7.805174361430236e-11,7.804665073466838e-11,7.80415596714331e-11,7.803647042658416e-11,7.803138299612917e-11,7.802629738129925e-11,7.802121357904707e-11,7.801613158920662e-11,7.801105141221821e-11,7.800597304279967e-11,7.800089648025663e-11,7.799582172664473e-11,7.799074877931256e-11,7.798567763766283e-11,7.798060829995248e-11,7.797554076432463e-11,7.797047503099114e-11,7.796541109926861e-11,7.796034896725698e-11,7.795528863358296e-11,7.795023009764862e-11,7.794517335680869e-11,7.794011841239832e-11,7.793506526228583e-11,7.793001390495711e-11,7.792496433633443e-11,7.791991656179847e-11,7.791487057625924e-11,7.790982637929124e-11,7.790478397072338e-11,7.789974334891225e-11,7.789470451239045e-11,7.78896674606487e-11,7.788463219162296e-11,7.787959870368454e-11,7.787456699733041e-11,7.78695370707916e-11,7.78645089232777e-11,7.785948255367322e-11,7.785445796075424e-11,7.784943514318933e-11,7.784441410005753e-11,7.783939483036988e-11,7.783437733023431e-11,7.782936160398626e-11,7.782434764653105e-11,7.781933545925509e-11,7.781432503993414e-11,7.780931638746302e-11,7.780430950144293e-11,7.779930438192982e-11,7.779430102622251e-11,7.778929942980931e-11,7.778429959500051e-11,7.777930152031163e-11,7.777430520541144e-11,7.776931064896818e-11,7.776431784926358e-11,7.775932680598355e-11,7.775433751574703e-11,7.774934998160217e-11,7.774436420023709e-11,7.773938017067689e-11,7.773439788944381e-11,7.772941736008053e-11,7.772443857821644e-11,7.771946154536439e-11,7.771448625882258e-11,7.770951271804125e-11,7.770454092161727e-11,7.769957086811622e-11,7.769460256739182e-11,7.768963599725396e-11,7.768467116723694e-11,7.767970807279728e-11,7.767474671983807e-11,7.766978710391882e-11,7.766482922448862e-11,7.765987307924613e-11,7.765491866783341e-11,7.764996598912138e-11,7.764501504224227e-11,7.764006582718849e-11,7.763511834024579e-11,7.763017258196786e-11,7.76252285500883e-11,7.762028624569594e-11,7.761534566669784e-11,7.761040681217093e-11,7.76054696809632e-11,7.760053427201023e-11,7.759560058421483e-11,7.7590668616827e-11,7.758573836848669e-11,7.758080983846884e-11,7.757588302362301e-11,7.757095792659442e-11,7.756603454449892e-11,7.75611128762869e-11,7.755619292085858e-11,7.755127467764362e-11,7.754635814515593e-11,7.754144332238192e-11,7.75365302058933e-11,7.753161879980329e-11,7.752670910043006e-11,7.752180110523285e-11,7.751689481659201e-11,7.75119902340268e-11,7.750708735135642e-11,7.750218617108287e-11,7.749728669086489e-11,7.74923889096065e-11,7.748749282739462e-11,7.748259844270937e-11,7.747770575500883e-11,7.747281476232163e-11,7.746792546398962e-11,7.746303786004332e-11,7.745815194797065e-11,7.745326772727045e-11,7.744838519674282e-11,7.744350435570377e-11,7.74386252032611e-11,7.743374773810256e-11,7.742887195596732e-11,7.742399786310272e-11,7.741912545686865e-11,7.741425473076473e-11,7.740938568636142e-11,7.7404518323917e-11,7.739965264213016e-11,7.73947886428312e-11,7.738992631739427e-11,7.738506567017264e-11,7.738020670000038e-11,7.737534940472272e-11,7.737049378430808e-11,7.736563983639217e-11,7.736078756101659e-11,7.735593695664384e-11,7.735108801885273e-11,7.734624075521873e-11,7.73413951592083e-11,7.733655123043104e-11,7.733170896734759e-11,7.732686837052873e-11,7.73220294382282e-11,7.731719216807359e-11,7.731235656136442e-11,7.730752261617983e-11,7.730269033120389e-11,7.729785970560303e-11,7.729303073868908e-11,7.728820342887755e-11,7.728337777490491e-11,7.727855377670497e-11,7.727373143266771e-11,7.726891074263359e-11,7.726409170561106e-11,7.725927431925687e-11,7.725445858320945e-11,7.724964449741524e-11,7.724483206738533e-11,7.724002127812475e-11,7.723521213545771e-11,7.723040463698156e-11,7.722559878389169e-11,7.722079457531767e-11,7.721599200905524e-11,7.721119108430067e-11,7.720639180048156e-11,7.720159415629077e-11,7.719679815102425e-11,7.71920037840154e-11,7.71872110538333e-11,7.718241995923255e-11,7.717763049955305e-11,7.71728426670315e-11,7.716805647456036e-11,7.716327191588275e-11,7.715848898886401e-11,7.715370769172521e-11,7.71489280215723e-11,7.714414998163483e-11,7.713937356911127e-11,7.713459878075747e-11,7.712982561779604e-11,7.712505407923987e-11,7.712028416411912e-11,7.711551587040957e-11,7.711074919992363e-11,7.710598414971761e-11,7.710122072015412e-11,7.709645891539748e-11,7.709169872096213e-11,7.708694014481633e-11,7.708218318281951e-11,7.707742783850434e-11,7.707267409379873e-11,7.706792197365213e-11,7.706317146525192e-11,7.705842256719583e-11,7.705367527980342e-11,7.704892960169855e-11,7.704418552866158e-11,7.703944306365505e-11,7.703470220855202e-11,7.702996295793253e-11,7.702522531174673e-11,7.702048926908317e-11,7.701575482900217e-11,7.701102199056687e-11,7.700629075283892e-11,7.700156111482803e-11,7.699683307570462e-11,7.699210663442368e-11,7.698738179016516e-11,7.698265854194276e-11,7.697793688881516e-11,7.697321682986441e-11,7.696849836414984e-11,7.696378149076247e-11,7.695906620896497e-11,7.69543525165184e-11,7.694964041422279e-11,7.694492989515105e-11,7.694022096914976e-11,7.693551363300317e-11,7.693080788197127e-11,7.692610371642292e-11,7.692140113182084e-11,7.6916700135357e-11,7.691200071805928e-11,7.690730287656727e-11,7.690260661354336e-11,7.68979119328078e-11,7.68932188393984e-11,7.688852732174413e-11,7.688383737631511e-11,7.68791490135869e-11,7.687446221812514e-11,7.68697769963058e-11,7.686509334298431e-11,7.68604112674136e-11,7.685573076167138e-11,7.685105182680278e-11,7.68463744605795e-11,7.684169866731015e-11,7.683702443696561e-11,7.68323517731856e-11,7.682768067595182e-11,7.682301114314876e-11,7.68183431698043e-11,7.681367676179795e-11,7.680901191732246e-11,7.680434863368021e-11,7.67996869132813e-11,7.679502675045079e-11,7.679036814502643e-11,7.6785711097267e-11,7.678105560655407e-11,7.677640167106719e-11,7.677174929030464e-11,7.676709845882216e-11,7.676244918497409e-11,7.675780146275059e-11,7.675315529242513e-11,7.674851067074679e-11,7.674386759997574e-11,7.673922607769663e-11,7.673458610379446e-11,7.672994767590327e-11,7.67253107943751e-11,7.672067545729767e-11,7.671604167106323e-11,7.671140942132793e-11,7.67067787154212e-11,7.670214955085683e-11,7.66975219252277e-11,7.669289583849262e-11,7.668827129195634e-11,7.668364828278544e-11,7.667902681126997e-11,7.667440687496299e-11,7.666978847392584e-11,7.666517160803743e-11,7.666055627484153e-11,7.665594247414778e-11,7.665133020510886e-11,7.664671946687612e-11,7.664211025857039e-11,7.66375025793629e-11,7.663289642833014e-11,7.662829180441783e-11,7.662368870703957e-11,7.661908713167383e-11,7.661448707662116e-11,7.660988855299487e-11,7.660529154727007e-11,7.660069607068233e-11,7.659610211832431e-11,7.659150968176531e-11,7.65869187653502e-11,7.658232936123058e-11,7.65777414801185e-11,7.65731551158213e-11,7.656857026812292e-11,7.656398693556488e-11,7.655940512184243e-11,7.655482481624737e-11,7.655024602307275e-11,7.654566874231669e-11,7.654109297167582e-11,7.65365187119779e-11,7.653194596031127e-11,7.652737471669671e-11,7.652280498040202e-11,7.651823675086755e-11,7.651367002681362e-11,7.650910480826708e-11,7.650454109511219e-11,7.64999788827812e-11,7.649541817265061e-11,7.649085896512005e-11,7.648630125684983e-11,7.648174504815445e-11,7.647719033819248e-11,7.647263712648815e-11,7.646808541299067e-11,7.646353519606623e-11,7.645898647321857e-11,7.645443923685545e-11,7.644989350285208e-11,7.644534926048745e-11,7.644080651015155e-11,7.643626525095196e-11,7.643172548320169e-11,7.642718720439632e-11,7.642265041401201e-11,7.641811511057101e-11,7.641358129850388e-11,7.640904896408917e-11,7.640451811992517e-11,7.63999887595421e-11,7.639546088251117e-11,7.639093448851041e-11,7.63864095760412e-11,7.638188614559112e-11,7.637736419933344e-11,7.637284372742828e-11,7.636832473442901e-11,7.636380721876849e-11,7.635929118017989e-11,7.635477661733956e-11,7.635026352965229e-11,7.634575191617468e-11,7.634124177904132e-11,7.633673311215637e-11,7.633222591686611e-11,7.632772019259609e-11,7.632321593845202e-11,7.631871315447293e-11,7.631421183691674e-11,7.630971198656568e-11,7.63052136044137e-11,7.630071668892762e-11,7.629622124099861e-11,7.629172725501824e-11,7.628723473274918e-11,7.628274367306852e-11,7.627825407366548e-11,7.627376593777458e-11,7.626927926145198e-11,7.626479404409377e-11,7.626031028605455e-11,7.625582797727466e-11,7.625134712637653e-11,7.62468677391342e-11,7.624238980838075e-11,7.623791332965005e-11,7.623343830618503e-11,7.622896473585469e-11,7.622449261723498e-11,7.622002194742146e-11,7.621555273061167e-11,7.621108497298344e-11,7.620661866478442e-11,7.620215379814656e-11,7.619769037461222e-11,7.619322839764582e-11,7.61887678624649e-11,7.618430877012495e-11,7.617985111817198e-11,7.617539491920108e-11,7.617094016262197e-11,7.61664868458077e-11,7.616203497350753e-11,7.615758454296956e-11,7.615313554782993e-11,7.614868799982262e-11,7.614424189120202e-11,7.613979720857169e-11,7.613535396103187e-11,7.613091214979347e-11,7.612647177232646e-11,7.612203282878224e-11,7.611759531765742e-11,7.611315923732747e-11,7.610872458994499e-11,7.61042913722217e-11,7.609985958418151e-11,7.609542921630454e-11,7.609100028577051e-11,7.608657278363134e-11,7.60821467052828e-11,7.607772205333997e-11,7.607329882622286e-11,7.606887702311695e-11,7.606445664383994e-11,7.606003768687599e-11,7.605562015153036e-11,7.605120403558801e-11,7.60467893406878e-11,7.604237606484998e-11,7.603796420751231e-11,7.603355376462417e-11,7.602914474079007e-11,7.602473713469098e-11,7.602033094478923e-11,7.60159261686675e-11,7.601152279206356e-11,7.600712083924729e-11,7.600272030200965e-11,7.599832117599836e-11,7.599392346464114e-11,7.598952715913871e-11,7.598513226213142e-11,7.598073878498652e-11,7.597634670375648e-11,7.597195602453493e-11,7.596756675536753e-11,7.596317889132906e-11,7.595879242754777e-11,7.595440737273433e-11,7.595002371389613e-11,7.594564145878454e-11,7.59412606095807e-11,7.593688116089185e-11,7.593250311250054e-11,7.59281264626102e-11,7.592375121082388e-11,7.591937735646747e-11,7.591500489866049e-11,7.591063383649817e-11,7.59062641700109e-11,7.590189589875953e-11,7.589752902000068e-11,7.589316353396237e-11,7.588879944006418e-11,7.588443673744655e-11,7.588007542534384e-11,7.587571550299309e-11,7.587135696962614e-11,7.586699982457152e-11,7.586264406688594e-11,7.585828969615038e-11,7.585393671129347e-11,7.584958511149158e-11,7.584523489600204e-11,7.584088606713884e-11,7.583653862026102e-11,7.583219255230163e-11,7.582784786484911e-11,7.582350455991749e-11,7.581916263476694e-11,7.581482208879046e-11,7.581048292417144e-11,7.58061451304617e-11,7.580180871125042e-11,7.579747367454883e-11,7.579313999809886e-11,7.578880771111321e-11,7.578447679242659e-11,7.578014725229021e-11,7.577581908412279e-11,7.577149228808062e-11,7.576716686262661e-11,7.576284280703775e-11,7.57585201213865e-11,7.575419880361919e-11,7.574987885396016e-11,7.574556027135586e-11,7.574124306027769e-11,7.573692720957376e-11,7.57326127295748e-11,7.572829961903361e-11,7.572398786167669e-11,7.571967746786147e-11,7.571536843525352e-11,7.571106076242625e-11,7.570675444987435e-11,7.570244949734001e-11,7.569814590495105e-11,7.569384366921373e-11,7.56895427987621e-11,7.568524327704436e-11,7.568094511112524e-11,7.567664829855376e-11,7.567235284278811e-11,7.566805873947332e-11,7.56637659868376e-11,7.565947458992119e-11,7.565518454747534e-11,7.565089585289484e-11,7.564660850924043e-11,7.564232251393915e-11,7.563803786700522e-11,7.563375456803968e-11,7.562947261659168e-11,7.562519201187825e-11,7.56209127522344e-11,7.561663483749062e-11,7.56123582638458e-11,7.560808303682901e-11,7.560380915129154e-11,7.559953661025162e-11,7.559526540960388e-11,7.559099555005796e-11,7.558672702953013e-11,7.558245984895774e-11,7.557819400590764e-11,7.557392949847644e-11,7.556966632818548e-11,7.556540449794553e-11,7.556114400363649e-11,7.555688484683447e-11,7.555262702049419e-11,7.554837052589634e-11,7.554411536403553e-11,7.553986153499561e-11,7.553560903635355e-11,7.55313578680316e-11,7.55271080296537e-11,7.552285952029789e-11,7.551861233472405e-11,7.551436648118022e-11,7.551012195452684e-11,7.55058787526625e-11,7.550163687749881e-11,7.54973963277209e-11,7.549315710132675e-11,7.548891919846364e-11,7.548468261797148e-11,7.548044735936435e-11,7.547621342358925e-11,7.547198080640648e-11,7.546774951044972e-11,7.546351953226123e-11,7.545929087241941e-11,7.545506353354026e-11,7.545083750847555e-11,7.544661279863017e-11,7.544238940561693e-11,7.543816732682544e-11,7.543394655941069e-11,7.542972710765481e-11,7.542550896897596e-11,7.542129214231837e-11,7.541707662867783e-11,7.541286242389999e-11,7.540864952697605e-11,7.540443794121319e-11,7.540022766387664e-11,7.539601869507434e-11,7.539181103197018e-11,7.53876046766002e-11,7.538339962618202e-11,7.53791958822845e-11,7.53749934416006e-11,7.537079230258161e-11,7.536659246855433e-11,7.536239393595407e-11,7.53581967045104e-11,7.53540007748131e-11,7.534980614555137e-11,7.534561281490613e-11,7.534142078083598e-11,7.533723004541684e-11,7.533304060938456e-11,7.532885246923403e-11,7.532466562465395e-11,7.532048007286038e-11,7.531629581912688e-11,7.531211285986487e-11,7.530793119270798e-11,7.530375081788802e-11,7.529957173505705e-11,7.529539394302462e-11,7.529121744140847e-11,7.528704223035309e-11,7.528286830803498e-11,7.527869567472818e-11,7.527452432794526e-11,7.527035426799173e-11,7.526618549435895e-11,7.526201800655587e-11,7.525785179849168e-11,7.525368687964269e-11,7.524952324328488e-11,7.52453608910505e-11,7.524119982264274e-11,7.523704003494435e-11,7.5232881520973e-11,7.522872429522338e-11,7.522456834452963e-11,7.522041367534948e-11,7.521626028285189e-11,7.521210816925295e-11,7.520795733232381e-11,7.520380776954239e-11,7.519965948286128e-11,7.519551247389855e-11,7.519136673744688e-11,7.518722227585371e-11,7.518307908609399e-11,7.51789371688744e-11,7.517479652332393e-11,7.517065715422048e-11,7.516651905020035e-11,7.516238221335795e-11,7.515824664605844e-11,7.515411234219105e-11,7.514997930799093e-11,7.514584754030888e-11,7.514171703861159e-11,7.513758780363215e-11,7.513345983529194e-11,7.512933313142998e-11,7.512520768882833e-11,7.512108350523122e-11,7.511696058731877e-11,7.511283892884276e-11,7.510871853370675e-11,7.510459939953793e-11,7.510048152628576e-11,7.509636490923966e-11,7.509224954989511e-11,7.5088135447535e-11,7.508402260151933e-11,7.507991101259425e-11,7.507580067802463e-11,7.50716915980825e-11,7.506758377248071e-11,7.506347720029715e-11,7.50593718816238e-11,7.505526781495584e-11,7.505116499898887e-11,7.504706343381065e-11,7.504296311856568e-11,7.503886405308387e-11,7.503476623668473e-11,7.503066966648592e-11,7.502657434522118e-11,7.50224802707267e-11,7.501838744244617e-11,7.501429586082613e-11,7.501020552323603e-11,7.50061164298477e-11,7.500202857991739e-11,7.499794197301544e-11,7.499385660829872e-11,7.498977248502678e-11,7.498568960904245e-11,7.498160796740727e-11,7.497752756533943e-11,7.497344840224594e-11,7.496937047824963e-11,7.496529379214127e-11,7.496121834217791e-11,7.495714412907051e-11,7.495307115221432e-11,7.494899940970742e-11,7.4944928902514e-11,7.494085962792875e-11,7.493679158365645e-11,7.493272477226798e-11,7.492865919588075e-11,7.492459485165373e-11,7.492053173811557e-11,7.49164698542295e-11,7.491240919605639e-11,7.490834977071491e-11,7.490429156875928e-11,7.4900234598401e-11,7.489617885125175e-11,7.489212433388318e-11,7.488807104165551e-11,7.488401897506269e-11,7.487996813261671e-11,7.487591851344876e-11,7.487187011735248e-11,7.486782294318271e-11,7.486377698697875e-11,7.485973225585288e-11,7.485568873981217e-11,7.485164644818591e-11,7.484760537600087e-11,7.484356552271325e-11,7.483952688696802e-11,7.483548947016645e-11,7.483145326839027e-11,7.482741828293044e-11,7.482338451216328e-11,7.481935195831295e-11,7.481532061687167e-11,7.481129048877524e-11,7.48072615740665e-11,7.480323387154743e-11,7.47992073805682e-11,7.479518210006258e-11,7.479115802536746e-11,7.478713516505112e-11,7.478311351392211e-11,7.477909307126648e-11,7.477507383938263e-11,7.477105581187047e-11,7.476703899111048e-11,7.47630233825884e-11,7.47590089729092e-11,7.475499576801597e-11,7.475098376661447e-11,7.474697296988241e-11,7.474296337518071e-11,7.473895498280278e-11,7.473494779049848e-11,7.47309418014984e-11,7.472693700792714e-11,7.472293341700091e-11,7.471893102203124e-11,7.471492983013422e-11,7.471092983323811e-11,7.470693104245035e-11,7.470293344235271e-11,7.469893703711725e-11,7.469494182923701e-11,7.469094781549223e-11,7.468695498950544e-11,7.468296336190398e-11,7.467897292749439e-11,7.46749836876875e-11,7.467099563907507e-11,7.466700878371181e-11,7.466302311651707e-11,7.465903864116695e-11,7.465505535167197e-11,7.465107325238417e-11,7.464709234094803e-11,7.464311261098464e-11,7.463913407321191e-11,7.4635156720692e-11,7.463118055566222e-11,7.462720557598071e-11,7.462323177885043e-11,7.461925916745716e-11,7.461528773924366e-11,7.461131749638976e-11,7.460734843283909e-11,7.460338054568452e-11,7.459941384306062e-11,7.459544832200198e-11,7.459148397810337e-11,7.458752081234755e-11,7.458355882815896e-11,7.457959802318924e-11,7.457563839287573e-11,7.457167993662405e-11,7.456772265627841e-11,7.456376655414569e-11,7.455981162772181e-11,7.455585787432164e-11,7.455190529283216e-11,7.45479538870794e-11,7.454400365084565e-11,7.454005458837579e-11,7.453610669651184e-11,7.453215997704337e-11,7.45282144259512e-11,7.452427004191823e-11,7.45203268251888e-11,7.451638478051496e-11,7.451244390398195e-11,7.450850419520998e-11,7.450456565056388e-11,7.450062827394623e-11,7.449669206016729e-11,7.449275701075389e-11,7.44888231267281e-11,7.448489040519639e-11,7.448095884617207e-11,7.447702845134252e-11,7.447309921824393e-11,7.446917114321608e-11,7.446524423098062e-11,7.446131847841496e-11,7.445739388421899e-11,7.445347044996662e-11,7.444954817384003e-11,7.444562705520301e-11,7.444170709334541e-11,7.443778828773816e-11,7.443387063732968e-11,7.442995414401971e-11,7.442603880430778e-11,7.442212461758823e-11,7.441821158516359e-11,7.441429970718012e-11,7.441038898120412e-11,7.440647940466326e-11,7.440257098044555e-11,7.439866370674524e-11,7.439475757991371e-11,7.439085260424392e-11,7.438694877690464e-11,7.438304609890553e-11,7.437914456901987e-11,7.437524418624371e-11,7.437134494982795e-11,7.436744686026508e-11,7.436354991307465e-11,7.43596541117361e-11,7.435575945243889e-11,7.435186593888393e-11,7.434797356894777e-11,7.43440823415493e-11,7.434019225699756e-11,7.433630331228787e-11,7.433241550793205e-11,7.432852884262681e-11,7.432464331872828e-11,7.432075893368779e-11,7.43168756872322e-11,7.431299357920443e-11,7.430911260774741e-11,7.430523277191456e-11,7.43013540721754e-11,7.429747650767433e-11,7.42936000783547e-11,7.428972478369965e-11,7.428585062273968e-11,7.428197759948188e-11,7.427810570533848e-11,7.427423494289444e-11,7.427036531476791e-11,7.426649681521044e-11,7.426262944482569e-11,7.425876320511306e-11,7.425489809862443e-11,7.425103411637363e-11,7.424717126470309e-11,7.424330953754256e-11,7.423944893846905e-11,7.423558946512596e-11,7.423173111762936e-11,7.422787389654641e-11,7.42240178002663e-11,7.422016282546872e-11,7.421630897418557e-11,7.421245624876493e-11,7.420860464333868e-11,7.420475416139544e-11,7.420090480126414e-11,7.419705656441738e-11,7.41932094460079e-11,7.418936344830411e-11,7.418551856841961e-11,7.418167480623367e-11,7.417783216262064e-11,7.417399063662213e-11,7.417015022755797e-11,7.416631093524697e-11,7.416247275818562e-11,7.41586356973341e-11,7.415479974965742e-11,7.415096491598598e-11,7.414713119548226e-11,7.414329858796052e-11,7.41394670936734e-11,7.413563671243902e-11,7.413180744392932e-11,7.412797928618637e-11,7.412415223860964e-11,7.412032629955258e-11,7.411650146876284e-11,7.411267774705456e-11,7.410885513480906e-11,7.410503362683276e-11,7.410121322486675e-11,7.409739393924511e-11,7.409357575297363e-11,7.408975867249794e-11,7.408594269392776e-11,7.408212781624658e-11,7.407831404489651e-11,7.407450137709505e-11,7.407068981143703e-11,7.406687935135644e-11,7.40630699889736e-11,7.405926173024521e-11,7.405545456917608e-11,7.405164851128074e-11,7.404784354970745e-11,7.404403968621737e-11,7.404023692410797e-11,7.403643525627221e-11,7.403263468742268e-11,7.402883521647684e-11,7.402503683944842e-11,7.402123955575213e-11,7.401744336873455e-11,7.401364827691714e-11,7.400985428022729e-11,7.400606137538938e-11,7.400226956183335e-11,7.399847884176192e-11,7.399468921226038e-11,7.399090067296944e-11,7.398711322409423e-11,7.398332686593464e-11,7.397954160013458e-11,7.397575742149318e-11,7.397197433157909e-11,7.3968192337878e-11,7.396441142312263e-11,7.396063159379808e-11,7.39568528501948e-11,7.395307519492219e-11,7.394929862492912e-11,7.394552313676131e-11,7.394174873123413e-11,7.393797541338279e-11,7.39342031748574e-11,7.393043202034677e-11,7.392666194787504e-11,7.39228929597268e-11,7.391912505171297e-11,7.391535822298276e-11,7.391159247425955e-11,7.390782780471514e-11,7.390406421512554e-11,7.390030170062985e-11,7.389654026582341e-11,7.389277990994501e-11,7.388902063071761e-11,7.388526242240073e-11,7.388150529226781e-11,7.387774923974892e-11,7.387399426010584e-11,7.387024036127035e-11,7.38664875303278e-11,7.386273577224163e-11,7.385898508697378e-11,7.385523547623316e-11,7.385148693266306e-11,7.384773946196352e-11,7.384399305993031e-11,7.384024772436237e-11,7.383650346274929e-11,7.38327602685903e-11,7.382901814394726e-11,7.382527708553066e-11,7.382153709744388e-11,7.38177981745318e-11,7.381406031755451e-11,7.381032351882486e-11,7.380658779669831e-11,7.380285313517777e-11,7.3799119536511e-11,7.379538700215396e-11,7.379165553088537e-11,7.378792512220283e-11,7.378419577422903e-11,7.378046748850658e-11,7.377674026421258e-11,7.377301410052907e-11,7.37692889965672e-11,7.376556495066607e-11,7.376184196449253e-11,7.375812003751595e-11,7.375439916736342e-11,7.375067935057932e-11,7.374696059391788e-11,7.374324289831434e-11,7.373952625494517e-11,7.373581066298715e-11,7.373209612796159e-11,7.372838264699388e-11,7.372467022102217e-11,7.372095884810666e-11,7.371724852782e-11,7.371353925807327e-11,7.370983103939872e-11,7.370612387453642e-11,7.37024177593516e-11,7.36987126938041e-11,7.369500868127447e-11,7.369130571603136e-11,7.368760379891708e-11,7.368390292792431e-11,7.368020310643534e-11,7.367650433110653e-11,7.367280660340942e-11,7.366910991923204e-11,7.366541428309112e-11,7.366171969265381e-11,7.365802614494673e-11,7.365433363795113e-11,7.365064217611047e-11,7.364695175994847e-11,7.364326238692189e-11,7.363957405544405e-11,7.363588676459169e-11,7.363220051460112e-11,7.362851530517175e-11,7.362483113329898e-11,7.362114800492566e-11,7.361746591257706e-11,7.361378486324631e-11,7.361010484561835e-11,7.360642586942279e-11,7.36027479300449e-11,7.35990710279485e-11,7.359539516201978e-11,7.359172032902321e-11,7.358804653179226e-11,7.35843737692694e-11,7.358070204026092e-11,7.357703134963572e-11,7.357336168419102e-11,7.35696930564045e-11,7.356602545844104e-11,7.356235889348848e-11,7.355869335795461e-11,7.35550288508147e-11,7.355136537542921e-11,7.354770293057258e-11,7.354404151368738e-11,7.354038112473799e-11,7.353672176175189e-11,7.353306342904863e-11,7.352940612306653e-11,7.352574984933052e-11,7.352209459874556e-11,7.351844037244467e-11,7.351478716992154e-11,7.351113499163986e-11,7.350748383933492e-11,7.35038337085593e-11,7.350018459726797e-11,7.34965365160892e-11,7.349288945376001e-11,7.348924341399146e-11,7.348559839168375e-11,7.348195439501901e-11,7.347831141400783e-11,7.347466945580877e-11,7.347102852068524e-11,7.34673885987099e-11,7.34637496957526e-11,7.346011181041186e-11,7.345647494061042e-11,7.345283908873248e-11,7.344920425429527e-11,7.344557043520338e-11,7.344193763142541e-11,7.343830584014118e-11,7.34346750665295e-11,7.343104530716204e-11,7.342741655940558e-11,7.342378882325459e-11,7.342016210268139e-11,7.341653639611844e-11,7.341291169543504e-11,7.340928800557074e-11,7.340566532576741e-11,7.340204365458661e-11,7.339842299216996e-11,7.33948033399418e-11,7.339118469721117e-11,7.338756706209495e-11,7.338395043594415e-11,7.338033481527019e-11,7.337672020010416e-11,7.337310659233234e-11,7.336949399131805e-11,7.336588239439011e-11,7.336227180183226e-11,7.335866221497964e-11,7.335505363019203e-11,7.335144604637695e-11,7.334783946564018e-11,7.334423388886488e-11,7.334062931518515e-11,7.333702574129463e-11,7.333342316640147e-11,7.332982159421979e-11,7.332622102141669e-11,7.332262144807123e-11,7.331902287354108e-11,7.33154252971893e-11,7.331182871856327e-11,7.33082331412882e-11,7.330463855747937e-11,7.330104497014675e-11,7.329745237886858e-11,7.329386078439205e-11,7.329027018384006e-11,7.328668057779641e-11,7.328309196592438e-11,7.327950434770038e-11,7.327591772403801e-11,7.327233209213524e-11,7.326874744961275e-11,7.326516380126523e-11,7.326158114432455e-11,7.325799948175851e-11,7.325441880571694e-11,7.325083912477055e-11,7.324726042559595e-11,7.324368271769958e-11,7.32401060016775e-11,7.323653027041461e-11,7.323295552848701e-11,7.322938177162918e-11,7.322580900373056e-11,7.322223722028131e-11,7.321866641782932e-11,7.32150966053076e-11,7.321152777757588e-11,7.320795993660389e-11,7.320439307845166e-11,7.32008272056571e-11,7.3197262313607e-11,7.319369840407625e-11,7.319013547658156e-11,7.318657352915305e-11,7.318301256644079e-11,7.317945258186519e-11,7.317589357755466e-11,7.317233555508201e-11,7.316877850930442e-11,7.316522244083263e-11,7.316166735143489e-11,7.315811324067615e-11,7.31545601052007e-11,7.315100794745371e-11,7.314745676614029e-11,7.314390656120826e-11,7.314035732934679e-11,7.313680907492314e-11,7.31332617995463e-11,7.312971549351272e-11,7.312617016151402e-11,7.312262580202311e-11,7.311908241355681e-11,7.311553999808016e-11,7.311199855607701e-11,7.310845807964777e-11,7.310491857970784e-11,7.310138005437715e-11,7.309784249479312e-11,7.309430590625241e-11,7.309077028811737e-11,7.308723563928209e-11,7.308370195894572e-11,7.308016924305257e-11,7.307663749516289e-11,7.307310671125024e-11,7.30695768959825e-11,7.306604804754508e-11,7.3062520164596e-11,7.305899324601593e-11,7.30554672918146e-11,7.305194230079904e-11,7.304841827369037e-11,7.304489521024145e-11,7.304137310937684e-11,7.303785197068034e-11,7.303433179357488e-11,7.303081258104652e-11,7.302729432724508e-11,7.302377703153059e-11,7.302026069827561e-11,7.301674532083486e-11,7.301323090634785e-11,7.300971745046666e-11,7.300620495239594e-11,7.300269341049928e-11,7.29991828222069e-11,7.299567319518475e-11,7.299216452739197e-11,7.298865681240467e-11,7.298515005592836e-11,7.298164425376784e-11,7.297813940650244e-11,7.297463551309963e-11,7.297113257372278e-11,7.296763058782643e-11,7.296412955377976e-11,7.296062947409892e-11,7.295713034464591e-11,7.295363216869169e-11,7.295013494239851e-11,7.294663866808474e-11,7.294314334418823e-11,7.293964897007984e-11,7.293615554445437e-11,7.293266306735117e-11,7.292917153915977e-11,7.292568095865912e-11,7.292219132380958e-11,7.291870263846754e-11,7.291521489985875e-11,7.291172810745403e-11,7.29082422611277e-11,7.290475736319252e-11,7.290127340730361e-11,7.289779039558294e-11,7.289430832909019e-11,7.289082720830239e-11,7.28873470216255e-11,7.288386778388654e-11,7.288038948828153e-11,7.28769121348147e-11,7.287343572282612e-11,7.286996025199679e-11,7.286648572255937e-11,7.286301213305927e-11,7.285953948273836e-11,7.285606777160089e-11,7.285259699801992e-11,7.284912716434119e-11,7.284565826868333e-11,7.284219031038863e-11,7.283872328847038e-11,7.283525720215205e-11,7.283179205394967e-11,7.282832784155796e-11,7.282486456456097e-11,7.2821402225406e-11,7.281794081800197e-11,7.28144803447124e-11,7.281102080498453e-11,7.280756219764579e-11,7.280410452357543e-11,7.28006477822598e-11,7.279719197361177e-11,7.279373709385454e-11,7.279028314723656e-11,7.27868301339145e-11,7.278337804810708e-11,7.277992689200483e-11,7.277647666366707e-11,7.27730273658688e-11,7.276957899658225e-11,7.276613155538607e-11,7.276268504184295e-11,7.275923945553582e-11,7.27557947961817e-11,7.275235106542695e-11,7.274890826214365e-11,7.274546638063959e-11,7.274202542513594e-11,7.273858539323805e-11,7.273514628503901e-11,7.273170810121379e-11,7.272827084094571e-11,7.272483450368269e-11,7.272139908885464e-11,7.27179645961756e-11,7.271453102509444e-11,7.271109837529583e-11,7.270766664642899e-11,7.270423583805052e-11,7.270080594954783e-11,7.269737698027962e-11,7.269394893052216e-11,7.269052179964574e-11,7.268709558695706e-11,7.268367029217304e-11,7.268024591487342e-11,7.267682245464712e-11,7.26733999120234e-11,7.266997828464308e-11,7.266655757149036e-11,7.2663137775295e-11,7.265971889373767e-11,7.265630092705278e-11,7.265288387451593e-11,7.264946773567346e-11,7.264605251027466e-11,7.264263819765339e-11,7.2639224797418e-11,7.263581230921222e-11,7.263240073262612e-11,7.262899006740275e-11,7.262558031290105e-11,7.262217146869688e-11,7.261876353444e-11,7.261535650981241e-11,7.261195039502992e-11,7.260854518814347e-11,7.260514088964709e-11,7.260173749893237e-11,7.259833501570824e-11,7.259493343952658e-11,7.25915327701461e-11,7.258813300688597e-11,7.258473414925743e-11,7.258133620208016e-11,7.257793915513015e-11,7.257454301257033e-11,7.257114777417532e-11,7.256775343952156e-11,7.256436000822005e-11,7.256096747950055e-11,7.255757585366238e-11,7.25541851299248e-11,7.255079530787104e-11,7.254740638709263e-11,7.254401836722043e-11,7.254063125075062e-11,7.253724503139142e-11,7.253385971166014e-11,7.253047529118955e-11,7.252709176966311e-11,7.252370914651464e-11,7.252032742139726e-11,7.251694659379405e-11,7.251356666337845e-11,7.251018762986773e-11,7.250680949264837e-11,7.250343225143225e-11,7.250005590585018e-11,7.249668045534839e-11,7.249330589961796e-11,7.248993223821945e-11,7.248655947079715e-11,7.248318759660682e-11,7.247981661586396e-11,7.247644652792773e-11,7.247307733234656e-11,7.246970902862592e-11,7.246634161640957e-11,7.246297509528156e-11,7.245960946488422e-11,7.245624472490938e-11,7.24528808747243e-11,7.2449517914058e-11,7.24461558425624e-11,7.24427946597013e-11,7.243943436522234e-11,7.243607495856683e-11,7.243271643941331e-11,7.242935880736756e-11,7.24260020621146e-11,7.242264620307547e-11,7.241929122992512e-11,7.241593714234993e-11,7.241258393980169e-11,7.240923162204329e-11,7.240588018862402e-11,7.240252963905592e-11,7.239917997305654e-11,7.23958311900132e-11,7.239248328971877e-11,7.238913627175398e-11,7.238579013563537e-11,7.238244488105812e-11,7.237910050758317e-11,7.237575701490018e-11,7.237241440261568e-11,7.236907267010957e-11,7.236573181721119e-11,7.236239184337523e-11,7.235905274827967e-11,7.235571453156057e-11,7.235237719276948e-11,7.234904073160395e-11,7.234570514744223e-11,7.234237044027495e-11,7.233903660941631e-11,7.233570365452487e-11,7.233237157532384e-11,7.232904037125848e-11,7.232571004198237e-11,7.232238058715519e-11,7.231905200630227e-11,7.231572429907106e-11,7.231239746511266e-11,7.23090715039861e-11,7.230574641528999e-11,7.230242219915768e-11,7.229909885419475e-11,7.229577638050545e-11,7.229245477762541e-11,7.228913404529973e-11,7.228581418301594e-11,7.228249518905277e-11,7.227917706580084e-11,7.227585981152855e-11,7.227254342576129e-11,7.226922790833437e-11,7.226591325855292e-11,7.226259947619649e-11,7.225928656077895e-11,7.225597451201878e-11,7.225266332956213e-11,7.224935301281845e-11,7.224604356152265e-11,7.224273497526396e-11,7.223942725370822e-11,7.2236120395765e-11,7.223281440247535e-11,7.222950927258376e-11,7.222620500586868e-11,7.222290160190841e-11,7.221959906043233e-11,7.221629738077111e-11,7.221299656271174e-11,7.220969660677077e-11,7.220639751073558e-11,7.220309927575241e-11,7.219980190029965e-11,7.219650538454949e-11,7.219320972804277e-11,7.218991493047902e-11,7.218662099141489e-11,7.218332791052192e-11,7.218003568705781e-11,7.217674432125498e-11,7.217345381257818e-11,7.217016416084528e-11,7.216687536530372e-11,7.216358742443671e-11,7.216030034050053e-11,7.215701411104195e-11,7.215372873631793e-11,7.215044421588047e-11,7.214716054917782e-11,7.214387773631594e-11,7.214059577658092e-11,7.213731466826722e-11,7.213403441384938e-11,7.213075501156726e-11,7.212747645713305e-11,7.212419875783135e-11,7.212092190869064e-11,7.21176459100357e-11,7.211437076235975e-11,7.211109646439594e-11,7.210782301593319e-11,7.210455041640483e-11,7.210127866528877e-11,7.209800776282698e-11,7.209473770819457e-11,7.20914685012339e-11,7.208820014130053e-11,7.208493262790873e-11,7.208166596061836e-11,7.207840013919552e-11,7.207513516354876e-11,7.207187103324315e-11,7.206860774782313e-11,7.206534531135304e-11,7.206208371409167e-11,7.20588229608519e-11,7.205556305209488e-11,7.205230398639977e-11,7.204904576591026e-11,7.20457883876181e-11,7.204253184892042e-11,7.20392761509701e-11,7.203602129788154e-11,7.203276728103669e-11,7.202951410630632e-11,7.202626177140884e-11,7.20230102745932e-11,7.201975961738012e-11,7.201650980370923e-11,7.20132608242136e-11,7.201001268328497e-11,7.200676538104249e-11,7.200351891609083e-11,7.200027329201018e-11,7.199702850082969e-11,7.199378454608293e-11,7.199054142769753e-11,7.198729914373534e-11,7.198405771154696e-11,7.198081709407982e-11,7.197757732184349e-11,7.197433838065329e-11,7.197110026919852e-11,7.196786299232973e-11,7.196462654757684e-11,7.196139093735934e-11,7.195815615339157e-11,7.195492220708843e-11,7.195168909185076e-11,7.194845680586065e-11,7.194522535606537e-11,7.194199473235583e-11,7.193876494561076e-11,7.193553599222852e-11,7.193230785816766e-11,7.192908054938258e-11,7.192585407445313e-11,7.192262842695071e-11,7.191940360688147e-11,7.191617961448077e-11,7.191295645042593e-11,7.190973411032986e-11,7.190651259974648e-11,7.190329191817991e-11,7.190007206694437e-11,7.189685303379091e-11,7.189363482911759e-11,7.189041744630388e-11,7.188720088682321e-11,7.188398515186437e-11,7.188077024551945e-11,7.187755615283196e-11,7.187434289050172e-11,7.187113045759537e-11,7.186791884040253e-11,7.18647080409303e-11,7.186149807408326e-11,7.185828891819927e-11,7.185508058677755e-11,7.185187307205264e-11,7.184866637740743e-11,7.184546050646205e-11,7.184225545441251e-11,7.18390512177506e-11,7.183584779885843e-11,7.183264520272356e-11,7.182944342090066e-11,7.182624245233582e-11,7.182304230526116e-11,7.181984297416399e-11,7.181664445976534e-11,7.181344676245089e-11,7.181024988351187e-11,7.180705381615547e-11,7.180385856491618e-11,7.180066413159314e-11,7.179747050978832e-11,7.17942777015877e-11,7.179108571256113e-11,7.178789453497008e-11,7.178470416698334e-11,7.17815146114849e-11,7.177832586790029e-11,7.177513793556569e-11,7.177195081595988e-11,7.176876450608529e-11,7.176557900833725e-11,7.176239432490759e-11,7.175921044731413e-11,7.175602738132757e-11,7.175284512122679e-11,7.174966367243852e-11,7.174648303172538e-11,7.174330320197533e-11,7.174012417779987e-11,7.173694596104116e-11,7.173376855141604e-11,7.173059194992477e-11,7.17274161495836e-11,7.172424116964704e-11,7.172106698715199e-11,7.171789360885034e-11,7.171472103655707e-11,7.171154926937858e-11,7.170837830606176e-11,7.170520814704331e-11,7.170203879235265e-11,7.169887024090117e-11,7.169570249015437e-11,7.169253554462031e-11,7.168936939799059e-11,7.168620405736194e-11,7.168303951791856e-11,7.167987578139197e-11,7.16767128361761e-11,7.167355070035488e-11,7.167038935905988e-11,7.16672288246585e-11,7.166406909191723e-11,7.166091015520859e-11,7.165775201627328e-11,7.165459466895746e-11,7.165143813156222e-11,7.164828239249243e-11,7.164512744712164e-11,7.164197330125885e-11,7.163881995199335e-11,7.163566739911535e-11,7.163251564092665e-11,7.16293646748663e-11,7.162621451189845e-11,7.162306514021769e-11,7.161991656357141e-11,7.161676878102797e-11,7.161362179606549e-11,7.161047559759309e-11,7.160733019665575e-11,7.16041855882202e-11,7.16010417736331e-11,7.159789875277725e-11,7.159475651865478e-11,7.159161508007394e-11,7.158847443334907e-11,7.158533457753036e-11,7.15821955122687e-11,7.157905723714497e-11,7.157591975326254e-11,7.15727830584604e-11,7.156964715598552e-11,7.156651203608924e-11,7.156337770763153e-11,7.156024417053164e-11,7.155711141938064e-11,7.155397945601764e-11,7.155084828107287e-11,7.154771788735851e-11,7.154458827867695e-11,7.154145946227709e-11,7.153833143347007e-11,7.153520418941662e-11,7.153207773062262e-11,7.152895205284985e-11,7.152582716484953e-11,7.152270306048319e-11,7.151957973931093e-11,7.15164571998706e-11,7.151333544618977e-11,7.151021447574077e-11,7.150709428746891e-11,7.150397487191522e-11,7.150085624971179e-11,7.149773840589356e-11,7.149462134393528e-11,7.149150505964647e-11,7.148838955831143e-11,7.148527484307599e-11,7.148216090441984e-11,7.147904774373539e-11,7.147593536408836e-11,7.147282376468289e-11,7.146971294286662e-11,7.146660289925108e-11,7.146349363368351e-11,7.146038514668505e-11,7.145727743608688e-11,7.145417050271624e-11,7.145106434404657e-11,7.144795896342549e-11,7.144485435285476e-11,7.144175052400315e-11,7.143864746882947e-11,7.143554519037198e-11,7.14324436797275e-11,7.142934294271846e-11,7.142624297966078e-11,7.14231437926133e-11,7.142004538311991e-11,7.141694774367018e-11,7.141385087494758e-11,7.141075478915915e-11,7.140765946640025e-11,7.140456491585886e-11,7.140147113323826e-11,7.139837812213812e-11,7.139528588522685e-11,7.13921944183419e-11,7.138910372863633e-11,7.138601380789498e-11,7.138292465342477e-11,7.137983626474522e-11,7.137674864820023e-11,7.13736617933337e-11,7.137057570595759e-11,7.136749039120064e-11,7.136440584107164e-11,7.136132205990569e-11,7.135823904487634e-11,7.135515679846914e-11,7.135207531818763e-11,7.134899460379189e-11,7.13459146591039e-11,7.134283548026162e-11,7.133975706623855e-11,7.133667941834703e-11,7.133360253459681e-11,7.133052641398969e-11,7.132745105784126e-11,7.132437646282875e-11,7.132130263174983e-11,7.131822956430345e-11,7.131515726080039e-11,7.131208571562265e-11,7.130901493645987e-11,7.130594491317923e-11,7.130287565057299e-11,7.129980714887457e-11,7.129673940798448e-11,7.129367242692724e-11,7.129060620598e-11,7.12875407447578e-11,7.12844760424794e-11,7.128141209913407e-11,7.127834891394491e-11,7.12752864871925e-11,7.127222481825838e-11,7.126916390682022e-11,7.126610375256791e-11,7.126304435517196e-11,7.125998571431662e-11,7.125692782967981e-11,7.125387070095443e-11,7.12508143278231e-11,7.124775870994744e-11,7.124470384702453e-11,7.124164973873857e-11,7.123859638476497e-11,7.123554378479463e-11,7.123249193849517e-11,7.122944084556484e-11,7.122639050575478e-11,7.122334091867526e-11,7.12202920840341e-11,7.121724400151673e-11,7.121419667401965e-11,7.121115009433273e-11,7.120810425439084e-11,7.120505917648895e-11,7.120201485261353e-11,7.119897127542545e-11,7.119592844198951e-11,7.119288636486759e-11,7.118984503991403e-11,7.118680446104874e-11,7.118376463078308e-11,7.118072554900792e-11,7.117768721525131e-11,7.117464962916218e-11,7.117161279031957e-11,7.116857669856993e-11,7.116554135369364e-11,7.116250675524514e-11,7.11594729028708e-11,7.115643979596939e-11,7.11534074344323e-11,7.115037581882718e-11,7.114734494789562e-11,7.114431482097148e-11,7.114128543883385e-11,7.113825680028261e-11,7.113522890537085e-11,7.113220175377993e-11,7.112917534520597e-11,7.112614967852665e-11,7.112312475502029e-11,7.112010057360729e-11,7.111707713502233e-11,7.11140544372018e-11,7.111103248010214e-11,7.110801126524319e-11,7.110499078947616e-11,7.110197105312627e-11,7.10989520578849e-11,7.109593380116093e-11,7.109291628485964e-11,7.108989950589686e-11,7.10868834669922e-11,7.108386816633255e-11,7.108085360387164e-11,7.107783977914829e-11,7.10748266919068e-11,7.107181433955292e-11,7.106880272633635e-11,7.106579184378155e-11,7.106278170309486e-11,7.105977229851128e-11,7.105676362850143e-11,7.105375569484493e-11,7.10507484961824e-11,7.104774203184931e-11,7.104473630031981e-11,7.104173130118082e-11,7.10387270394926e-11,7.103572351116091e-11,7.103272071374621e-11,7.102971865492611e-11,7.102671732573253e-11,7.102371672736597e-11,7.1020716862343e-11,7.101771772855788e-11,7.101471932642378e-11,7.101172165498128e-11,7.100872471444213e-11,7.100572850865821e-11,7.100273302920467e-11,7.099973828010824e-11,7.099674426630067e-11,7.099375097308113e-11,7.099075841171173e-11,7.098776657892273e-11,7.098477547437686e-11,7.098178509789931e-11,7.097879544864134e-11,7.097580652444793e-11,7.097281832795372e-11,7.096983085910286e-11,7.096684411674504e-11,7.096385808649866e-11,7.096087279581079e-11,7.095788823120443e-11,7.09549043914606e-11,7.095192127741925e-11,7.094893888806574e-11,7.094595722317811e-11,7.094297628139944e-11,7.093999606347454e-11,7.093701657003793e-11,7.093403780002176e-11,7.093105975261574e-11,7.092808242798552e-11,7.092510583129389e-11,7.092212995342217e-11,7.091915479755686e-11,7.091618036007842e-11,7.091320664912238e-11,7.091023365992356e-11,7.090726138529588e-11,7.090428983379553e-11,7.090131900138497e-11,7.08983488867017e-11,7.089537949102096e-11,7.089241081393786e-11,7.088944285329865e-11,7.08864756140267e-11,7.088350909469625e-11,7.088054329146721e-11,7.087757820574115e-11,7.087461383838431e-11,7.087165018969758e-11,7.086868724900011e-11,7.08657250325722e-11,7.086276353009739e-11,7.085980274521793e-11,7.08568426774638e-11,7.085388332321338e-11,7.085092468163034e-11,7.084796676206286e-11,7.084500954996358e-11,7.084205305189667e-11,7.083909726149865e-11,7.08361421888673e-11,7.08331878311503e-11,7.08302341863296e-11,7.082728125254126e-11,7.08243290327357e-11,7.082137752487946e-11,7.08184267293151e-11,7.081547664328189e-11,7.081252726949881e-11,7.080957860654463e-11,7.080663065004198e-11,7.080368341686336e-11,7.080073688333888e-11,7.079779106190348e-11,7.079484594750936e-11,7.079190153916045e-11,7.078895784558125e-11,7.078601485982914e-11,7.07830725812665e-11,7.078013100888137e-11,7.077719014555455e-11,7.077424998992926e-11,7.077131054083708e-11,7.076837179898284e-11,7.076543376488649e-11,7.076249643432283e-11,7.075955980646258e-11,7.075662388854334e-11,7.075368867610928e-11,7.07507541688227e-11,7.074782037728314e-11,7.074488727900269e-11,7.074195488547519e-11,7.073902319533776e-11,7.073609220909855e-11,7.073316191649044e-11,7.073023233653652e-11,7.072730345888892e-11,7.072437528411987e-11,7.072144780829568e-11,7.071852103764906e-11,7.071559496823028e-11,7.071266959910757e-11,7.070974493221998e-11,7.070682096573927e-11,7.070389769933528e-11,7.070097512957718e-11,7.069805326295691e-11,7.069513209812354e-11,7.069221163131295e-11,7.06892918628002e-11,7.068637279305206e-11,7.06834544218731e-11,7.068053675002651e-11,7.067761977624024e-11,7.067470350014989e-11,7.067178793207604e-11,7.066887304963235e-11,7.066595886396595e-11,7.06630453738549e-11,7.066013258019476e-11,7.065722048214444e-11,7.065430907984768e-11,7.065139837310896e-11,7.064848835476545e-11,7.064557903965478e-11,7.064267041693277e-11,7.063976249051365e-11,7.063685525800408e-11,7.063394871316592e-11,7.063104286067042e-11,7.062813770239293e-11,7.062523323666898e-11,7.062232946992944e-11,7.061942638845357e-11,7.06165239994169e-11,7.061362230272953e-11,7.061072130101724e-11,7.060782098968044e-11,7.06049213702001e-11,7.060202243766892e-11,7.059912419832064e-11,7.05962266472403e-11,7.059332978821927e-11,7.05904336191922e-11,7.058753813822107e-11,7.058464335250995e-11,7.058174924934914e-11,7.05788558377967e-11,7.057596311096145e-11,7.057307107169879e-11,7.05701797200905e-11,7.056728905569622e-11,7.056439907764632e-11,7.056150978626207e-11,7.055862118184822e-11,7.05557332634802e-11,7.055284603061546e-11,7.054995948373052e-11,7.054707362186309e-11,7.054418844512121e-11,7.0541303951341e-11,7.053842014348858e-11,7.053553701993084e-11,7.053265458015183e-11,7.052977282392544e-11,7.052689175147518e-11,7.052401136240416e-11,7.052113165392732e-11,7.05182526293572e-11,7.051537428706902e-11,7.051249662711683e-11,7.050961964809563e-11,7.050674335117005e-11,7.050386773446828e-11,7.050099279919344e-11,7.049811854495188e-11,7.049524497103258e-11,7.049237207707142e-11,7.04894998628694e-11,7.048662833536929e-11,7.048375747991722e-11,7.04808873033804e-11,7.047801780570819e-11,7.047514898644532e-11,7.047228084511278e-11,7.04694133832539e-11,7.046654659715146e-11,7.046368048996754e-11,7.046081505799326e-11,7.045795030300021e-11,7.045508622475698e-11,7.045222282316415e-11,7.044936009743242e-11,7.044649804689032e-11,7.044363667157424e-11,7.044077597018342e-11,7.043791594535617e-11,7.043505659192579e-11,7.043219791602847e-11,7.042933991459968e-11,7.042648258759517e-11,7.042362593270612e-11,7.042076995056445e-11,7.041791464244709e-11,7.041506000645835e-11,7.041220603271588e-11,7.040935274196001e-11,7.040650012267701e-11,7.040364817402236e-11,7.040079689295224e-11,7.039794628676707e-11,7.039509635220816e-11,7.039224708900209e-11,7.038939849637661e-11,7.038655057448173e-11,7.038370332052792e-11,7.038085673655188e-11,7.037801082240582e-11,7.037516557702437e-11,7.037232100014829e-11,7.036947709320913e-11,7.036663385248191e-11,7.036379127959156e-11,7.036094937486573e-11,7.035810813669422e-11,7.035526756582587e-11,7.035242766188376e-11,7.034958842454248e-11,7.034674985401745e-11,7.034391194981288e-11,7.034107471026065e-11,7.033823813720903e-11,7.033540222835853e-11,7.033256698578342e-11,7.032973241130724e-11,7.032689849745587e-11,7.032406524780008e-11,7.032123266214544e-11,7.031840074050991e-11,7.031556948187853e-11,7.031273888634865e-11,7.030990895325155e-11,7.030707968338661e-11,7.030425107592146e-11,7.03014231286797e-11,7.029859584477931e-11,7.029576922109328e-11,7.029294326024732e-11,7.029011796044275e-11,7.028729332232917e-11,7.028446934461178e-11,7.028164602623667e-11,7.027882336861783e-11,7.027600136951677e-11,7.02731800251087e-11,7.027035934384853e-11,7.026753932300766e-11,7.026471996029823e-11,7.026190125496249e-11,7.02590832089819e-11,7.025626582085645e-11,7.025344909022673e-11,7.025063300955081e-11,7.024781758879837e-11,7.024500282082152e-11,7.024218871818716e-11,7.023937526939245e-11,7.023656247913125e-11,7.023375034321739e-11,7.0230938864127e-11,7.022812804005713e-11,7.022531787069469e-11,7.022250835700674e-11,7.021969949717031e-11,7.021689129196795e-11,7.02140837406214e-11,7.021127684300833e-11,7.020847059884505e-11,7.020566500786644e-11,7.020286006992438e-11,7.020005578463018e-11,7.019725215292843e-11,7.019444917085357e-11,7.01916468426034e-11,7.018884516556541e-11,7.018604413929677e-11,7.018324376494552e-11,7.018044404169918e-11,7.01776449675103e-11,7.017484654983554e-11,7.017204877596316e-11,7.016925165322389e-11,7.016645518928085e-11,7.016365936595677e-11,7.016086419145518e-11,7.015806966606377e-11,7.015527578994186e-11,7.01524825598278e-11,7.014968997900492e-11,7.014689804500666e-11,7.014410676018297e-11,7.014131612003465e-11,7.013852612948858e-11,7.013573677934172e-11,7.013294808153235e-11,7.01301600285019e-11,7.012737262352095e-11,7.012458586898791e-11,7.012179975487503e-11,7.011901428575174e-11,7.011622946257293e-11,7.011344528415772e-11,7.011066175001407e-11,7.010787886031095e-11,7.010509661461505e-11,7.010231501056968e-11,7.009953405156469e-11,7.009675373587882e-11,7.009397406333927e-11,7.009119503280104e-11,7.008841664530427e-11,7.008563890068036e-11,7.008286179797537e-11,7.008008533677101e-11,7.007730951705376e-11,7.00745343394099e-11,7.007175980206303e-11,7.006898590115234e-11,7.006621264700648e-11,7.006344003102467e-11,7.006066805500132e-11,7.005789671882475e-11,7.005512602312088e-11,7.005235596552843e-11,7.00495865505081e-11,7.004681777066472e-11,7.00440496288401e-11,7.004128212555936e-11,7.003851526040195e-11,7.00357490343525e-11,7.003298344579547e-11,7.003021849291543e-11,7.002745417857993e-11,7.0024690501045e-11,7.002192745998604e-11,7.001916505508927e-11,7.001640328622524e-11,7.001364215317673e-11,7.001088165559446e-11,7.000812179328442e-11,7.000536256599285e-11,7.000260397340876e-11,6.999984601533864e-11,6.99970886915713e-11,6.999433200181014e-11,6.999157594586726e-11,6.998882052343119e-11,6.998606573425829e-11,6.998331157807534e-11,6.998055805464655e-11,6.997780516377903e-11,6.997505290520033e-11,6.997230127866077e-11,6.99695502839775e-11,6.99667999208194e-11,6.996405018894869e-11,6.99613010882038e-11,6.99585526181871e-11,6.995580477882587e-11,6.995305756986349e-11,6.995031099089789e-11,6.994756504175533e-11,6.994481972212903e-11,6.99420750319553e-11,6.993933097092287e-11,6.993658753872808e-11,6.993384473516488e-11,6.993110255994488e-11,6.992836101293346e-11,6.992562009371376e-11,6.992287980210704e-11,6.992014013785565e-11,6.991740110088882e-11,6.991466269082516e-11,6.991192490731528e-11,6.990918775025479e-11,6.990645121936551e-11,6.990371531458629e-11,6.990098003542797e-11,6.989824538174097e-11,6.989551135336887e-11,6.989277794997843e-11,6.98900451711309e-11,6.988731301679431e-11,6.988458148697921e-11,6.988185058094972e-11,6.987912029871428e-11,6.987639064011224e-11,6.987366160479927e-11,6.987093319225846e-11,6.986820540261547e-11,6.986547823554464e-11,6.98627516909026e-11,6.986002576859343e-11,6.985730046845934e-11,6.985457578932034e-11,6.98518517314498e-11,6.984912829489485e-11,6.984640547907783e-11,6.984368328399182e-11,6.98409617097528e-11,6.983824075521097e-11,6.983552042065651e-11,6.983280070613473e-11,6.983008161091451e-11,6.982736313523571e-11,6.982464527848256e-11,6.982192804008138e-11,6.981921142027235e-11,6.981649541871734e-11,6.981378003514263e-11,6.98110652695469e-11,6.980835112176561e-11,6.980563759149898e-11,6.980292467846105e-11,6.980021238199645e-11,6.979750070219789e-11,6.979478963872532e-11,6.979207919152513e-11,6.978936936050597e-11,6.97866601403616e-11,6.978395154013713e-11,6.978124355056753e-11,6.977853617588403e-11,6.977582941579909e-11,6.977312326929823e-11,6.977041774253785e-11,6.976771282422305e-11,6.976500851959027e-11,6.976230482844713e-11,6.975960174994894e-11,6.975689929352566e-11,6.975419744140425e-11,6.97514962011895e-11,6.974879557362957e-11,6.974609555810247e-11,6.974339615752546e-11,6.974069736838819e-11,6.973799918744059e-11,6.97353016176009e-11,6.973260466014796e-11,6.972990831171761e-11,6.972721257331858e-11,6.972451744491704e-11,6.972182291923594e-11,6.971912901501867e-11,6.971643571862064e-11,6.971374303054863e-11,6.971105095218882e-11,6.970835948117379e-11,6.970566862046287e-11,6.970297836810229e-11,6.970028872572268e-11,6.969759969106615e-11,6.96949112664883e-11,6.96922234509772e-11,6.968953623875719e-11,6.968684962908875e-11,6.968416363406956e-11,6.968147823838807e-11,6.967879344915165e-11,6.967610926701898e-11,6.967342569441252e-11,6.967074272329665e-11,6.966806035730681e-11,6.966537859626177e-11,6.966269743988113e-11,6.966001688841278e-11,6.965733694197894e-11,6.965465759969434e-11,6.965197886084732e-11,6.964930072629539e-11,6.964662319444137e-11,6.964394626613716e-11,6.964126994043095e-11,6.963859421724835e-11,6.963591909676597e-11,6.963324457525666e-11,6.963057065841808e-11,6.962789734407087e-11,6.962522463136788e-11,6.962255252038464e-11,6.961988100987004e-11,6.961721010107043e-11,6.961453979261404e-11,6.961187008260153e-11,6.960920097507332e-11,6.960653246749778e-11,6.960386455968499e-11,6.960119725170006e-11,6.959853054138388e-11,6.959586443004762e-11,6.959319891889347e-11,6.95905340065467e-11,6.95878696933072e-11,6.958520597659379e-11,6.958254285909771e-11,6.9579880338967e-11
17,0.0,0.0,0.0,0.0,0.0,0.0,0.0,0.0,0.0,0.0,0.0,0.0,0.0,0.0,0.0,0.0,0.0,0.0,0.0,0.0,0.0,0.0,0.0,0.0,0.0,0.0,0.0,0.0,0.0,0.0,0.0,0.0,0.0,0.0,0.0,0.0,0.0,0.0,0.0,0.0,0.0,0.0,0.0,0.0,0.0,0.0,0.0,0.0,0.0,0.0,0.0,0.0,0.0,0.0,0.0,0.0,0.0,0.0,0.0,0.0,0.0,0.0,0.0,0.0,0.0,0.0,0.0,0.0,0.0,0.0,0.0,0.0,0.0,0.0,0.0,0.0,0.0,0.0,0.0,0.0,0.0,0.0,0.0,0.0,0.0,0.0,0.0,0.0,0.0,0.0,0.0,0.0,0.0,0.0,0.0,0.0,0.0,0.0,0.0,0.0,0.0,0.0,0.0,0.0,0.0,0.0,0.0,0.0,0.0,0.0,0.0,0.0,0.0,0.0,0.0,0.0,0.0,0.0,0.0,0.0,0.0,0.0,0.0,0.0,0.0,0.0,0.0,0.0,0.0,0.0,0.0,0.0,0.0,0.0,0.0,0.0,0.0,0.0,0.0,0.0,0.0,0.0,0.0,0.0,0.0,0.0,0.0,0.0,0.0,0.0,0.0,0.0,0.0,0.0,0.0,0.0,0.0,0.0,0.0,0.0,0.0,0.0,0.0,0.0,0.0,0.0,0.0,0.0,0.0,0.0,0.0,0.0,0.0,0.0,0.0,0.0,0.0,0.0,0.0,0.0,0.0,0.0,0.0,0.0,0.0,0.0,0.0,0.0,0.0,0.0,0.0,0.0,0.0,0.0,0.0,0.0,0.0,0.0,0.0,0.0,0.0,0.0,0.0,0.0,0.0,0.0,0.0,0.0,0.0,0.0,0.0,0.0,0.0,0.0,0.0,0.0,0.0,0.0,0.0,0.0,0.0,0.0,0.0,0.0,0.0,0.0,0.0,0.0,0.0,0.0,0.0,0.0,0.0,0.0,0.0,0.0,0.0,0.0,0.0,0.0,0.0,0.0,0.0,0.0,0.0,0.0,0.0,0.0,0.0,0.0,0.0,0.0,0.0,0.0,0.0,0.0,0.0,0.0,0.0,0.0,0.0,0.0,0.0,0.0,0.0,0.0,0.0,0.0,0.0,0.0,0.0,0.0,0.0,0.0,0.0,0.0,0.0,0.0,0.0,0.0,0.0,0.0,0.0,0.0,0.0,0.0,0.0,0.0,0.0,0.0,0.0,0.0,0.0,0.0,0.0,0.0,0.0,0.0,0.0,0.0,0.0,0.0,0.0,0.0,0.0,0.0,0.0,0.0,0.0,0.0,0.0,0.0,0.0,0.0,0.0,0.0,0.0,0.0,0.0,0.0,0.0,0.0,0.0,0.0,0.0,0.0,0.0,0.0,0.0,0.0,0.0,0.0,0.0,0.0,0.0,0.0,0.0,0.0,0.0,0.0,0.0,0.0,0.0,0.0,0.0,0.0,0.0,0.0,0.0,0.0,0.0,0.0,0.0,0.0,0.0,0.0,0.0,0.0,0.0,0.0,0.0,0.0,0.0,0.0,0.0,0.0,0.0,0.0,0.0,0.0,0.0,0.0,0.0,0.0,0.0,0.0,0.0,0.0,0.0,0.0,0.0,0.0,0.0,0.0,0.0,0.0,0.0,0.0,0.0,0.0,0.0,0.0,0.0,0.0,0.0,0.0,0.0,0.0,0.0,0.0,0.0,0.0,0.0,0.0,0.0,0.0,0.0,0.0,0.0,0.0,0.0,0.0,0.0,0.0,0.0,0.0,0.0,0.0,0.0,0.0,0.0,0.0,0.0,0.0,0.0,0.0,0.0,0.0,0.0,0.0,0.0,0.0,0.0,0.0,0.0,0.0,0.0,0.0,0.0,0.0,0.0,0.0,0.0,0.0,0.0,0.0,0.0,0.0,0.0,0.0,0.0,0.0,0.0,0.0,0.0,0.0,0.0,0.0,0.0,0.0,0.0,0.0,0.0,0.0,0.0,0.0,0.0,0.0,0.0,0.0,0.0,0.0,0.0,0.0,0.0,0.0,0.0,0.0,0.0,0.0,0.0,0.0,0.0,0.0,0.0,0.0,0.0,0.0,0.0,0.0,0.0,0.0,0.0,0.0,0.0,0.0,0.0,0.0,0.0,0.0,0.0,0.0,0.0,0.0,0.0,0.0,0.0,0.0,0.0,0.0,0.0,0.0,0.0,0.0,0.0,0.0,0.0,0.0,0.0,0.0,0.0,0.0,0.0,0.0,0.0,0.0,0.0,0.0,0.0,0.0,0.0,0.0,0.0,0.0,0.0,0.0,0.0,0.0,0.0,0.0,0.0,0.0,0.0,0.0,0.0,0.0,0.0,0.0,0.0,0.0,0.0,0.0,0.0,0.0,0.0,0.0,0.0,0.0,0.0,0.0,0.0,0.0,0.0,0.0,0.0,0.0,0.0,0.0,0.0,0.0,0.0,0.0,0.0,0.0,0.0,0.0,0.0,0.0,0.0,0.0,0.0,0.0,0.0,0.0,0.0,0.0,0.0,0.0,0.0,0.0,0.0,0.0,0.0,0.0,0.0,0.0,0.0,0.0,0.0,0.0,0.0,0.0,0.0,0.0,0.0,0.0,0.0,0.0,0.0,0.0,0.0,0.0,0.0,0.0,0.0,0.0,0.0,0.0,0.0,0.0,0.0,0.0,0.0,0.0,0.0,0.0,0.0,0.0,0.0,0.0,0.0,0.0,0.0,0.0,0.0,0.0,0.0,0.0,0.0,0.0,0.0,0.0,0.0,0.0,0.0,0.0,0.0,0.0,0.0,0.0,0.0,0.0,0.0,0.0,0.0,0.0,0.0,0.0,0.0,0.0,0.0,0.0,0.0,0.0,0.0,0.0,0.0,0.0,0.0,0.0,0.0,0.0,0.0,0.0,0.0,0.0,0.0,0.0,0.0,0.0,0.0,0.0,0.0,0.0,0.0,0.0,0.0,0.0,0.0,0.0,0.0,0.0,0.0,0.0,0.0,0.0,0.0,0.0,0.0,0.0,0.0,0.0,0.0,0.0,0.0,0.0,0.0,0.0,0.0,0.0,0.0,0.0,0.0,0.0,0.0,0.0,0.0,0.0,0.0,0.0,0.0,0.0,0.0,-8.370232301231588e-77,1.401961935592474e-77,2.803923871184931e-77,4.2058858067773666e-77,5.607847742369859e-77,7.00980967796233e-77,8.411771613554793e-77,9.81373354914728e-77,1.1215695484739758e-76,1.2617657420332222e-76,1.4019619355924722e-76,1.542158129151721e-76,1.682354322710968e-76,1.8225505162702164e-76,1.9627467098294674e-76,2.1029429033887132e-76,2.2431390969479584e-76,2.3833352905072045e-76,2.5235314840664522e-76,2.6637276776256977e-76,2.8039238711849426e-76,2.944120064744188e-76,3.084316258303435e-76,3.2245124518626797e-76,3.364708645421926e-76,3.50490483898117e-76,3.6451010325404156e-76,3.785297226099658e-76,3.925493419658899e-76,4.0656896132181416e-76,3.470239572297709e-76,3.762348402672683e-76,4.0544572330476574e-76,4.346566063422627e-76,4.638674893797605e-76,4.93078372417258e-76,5.2228925545475553e-76,5.51500138492253e-76,5.807110215297508e-76,6.099219045672481e-76,6.391327876047454e-76,6.68343670642243e-76,6.975545536797402e-76,7.267654367172372e-76,7.559763197547346e-76,7.851872027922325e-76,8.143980858297302e-76,8.436089688672276e-76,8.728198519047252e-76,9.020307349422224e-76,9.312416179797193e-76,9.604525010172157e-76,9.896633840547125e-76,1.0188742670922095e-75,1.0480851501297069e-75,1.0772960331672039e-75,1.1065069162047008e-75,1.135717799242198e-75,-1.190047407014967e-72,3.78427296432892e-73,7.568545928657968e-73,1.1352818892986993e-72,1.513870179826324e-72,1.8922953183381063e-72,2.2707204568498984e-72,2.649145595361696e-72,3.0275707338734907e-72,3.4059958723852873e-72,3.7844210108970795e-72,4.1628461494088666e-72,5.010770283588898e-72,5.466570953875258e-72,5.466570953875259e-72,5.466570953875253e-72,5.477422709617532e-72,5.486006622081664e-72,5.494590534545799e-72,5.503174447009932e-72,5.511758359474065e-72,5.520342271938199e-72,4.912107499015043e-72,5.551682833742858e-72,6.191258168470697e-72,6.830833503198528e-72,7.470408837926341e-72,8.109984172654158e-72,8.749559507381962e-72,9.38913484210977e-72,1.0028710176837586e-71,1.0668285511565404e-71,1.1307860846293222e-71,1.1947436181021034e-71,1.258701151574885e-71,1.3226586850476663e-71,1.3866162185204477e-71,1.4505737519932297e-71,1.5145312854660111e-71,1.5784888189387929e-71,1.6424463524115733e-71,1.706403885884354e-71,1.7703614193571338e-71,1.834318952829916e-71,1.8982764863026972e-71,1.9622340197754792e-71,2.02619155324826e-71,2.0901490867210408e-71,2.1541066201938224e-71,2.218064153666604e-71,2.2820216871393835e-71,2.3459792206121643e-71,2.4099367540849455e-71,2.473894287557726e-71,2.5378518210305067e-71,2.6018093545032874e-71,2.6657668879760674e-71,2.7297244214488478e-71,2.793681954921628e-71,2.857639488394408e-71,2.921597021867188e-71,2.9855545553399685e-71,3.0495120888127497e-71,3.1134696222855305e-71,3.17742715575831e-71,3.2413846892310884e-71,3.305342222703867e-71,3.369299756176644e-71,3.433257289649423e-71,3.4972148231221995e-71,3.5611723565949767e-71,3.625129890067754e-71,3.689087423540532e-71,3.75304495701331e-71,3.817002490486087e-71,3.880960023958866e-71,3.944917557431645e-71,4.0088750909044245e-71,4.072832624377203e-71,4.136790157849982e-71,4.20074769132276e-71,4.264705224795538e-71,4.328662758268316e-71,4.3926202917410915e-71,4.456577825213868e-71,4.520535358686643e-71,4.58449289215942e-71,4.648450425632196e-71,4.712407959104972e-71,4.776365492577747e-71,4.8403230260505236e-71,4.9042805595233e-71,4.968238092996077e-71,5.032195626468855e-71,5.096153159941629e-71,5.160110693414406e-71,5.224068226887182e-71,5.288025760359959e-71,5.351983293832736e-71,5.4159408273055124e-71,5.4798983607782896e-71,5.543855894251065e-71,5.6078134277238415e-71,5.6717709611966154e-71,5.735728494669389e-71,5.799686028142164e-71,5.8636435616149365e-71,5.927601095087709e-71,5.991558628560481e-71,6.055516162033254e-71,6.119473695506027e-71,6.1834312289788006e-71,6.247388762451571e-71,6.311346295924339e-71,6.3753038293971055e-71,6.439261362869872e-71,6.503218896342638e-71,6.567176429815404e-71,6.631133963288168e-71,6.695091496760933e-71,6.759049030233695e-71,6.82300656370646e-71,6.886964097179224e-71,6.950921630651987e-71,7.014879164124751e-71,7.078836697597515e-71,7.1427942310702755e-71,7.206751764543038e-71,7.270709298015798e-71,7.33466683148856e-71,7.398624364961322e-71,7.462581898434083e-71,7.526539431906844e-71,7.590496965379605e-71,7.654454498852366e-71,7.718412032325128e-71,7.78236956579789e-71,7.846327099267777e-71,7.910284632740559e-71,7.974242166213344e-71,8.038199699686128e-71,8.10215723315891e-71,8.166114766631698e-71,8.23007230010448e-71,8.294029833577265e-71,8.357987367050049e-71,8.42194490052283e-71,8.485902433995613e-71,8.549859967468395e-71,8.613817500941175e-71,8.677775034413957e-71,8.74173256788674e-71,8.805690101359523e-71,8.869647634832305e-71,8.933605168305087e-71,8.997562701777867e-71,9.061520235250646e-71,9.125477768723421e-71,9.189435302196203e-71,9.253392835668982e-71,9.317350369141763e-71,9.381307902614541e-71,9.445265436087318e-71,9.509222969560097e-71,9.573180503032876e-71,9.637138036505652e-71,9.70109556997843e-71,9.76505310345121e-71,9.829010636923985e-71,9.892968170396765e-71,9.956925703869544e-71,1.0020883237342324e-70,1.0084840770815103e-70,1.0148798304287882e-70,1.021275583776066e-70,1.0276713371233441e-70,1.0340670904706218e-70,1.0404628438178998e-70,1.0468585971651776e-70,1.0532543505124556e-70,1.0596501038597333e-70,1.0660458572070112e-70,1.072441610554289e-70,1.0788373639015666e-70,1.085233117248844e-70,1.0916288705961216e-70,1.098024623943399e-70,1.1044203772906762e-70,1.1108161306379534e-70,1.1172118839852308e-70,1.123607637332508e-70,1.1300033906797853e-70,1.1363991440270625e-70,1.1427948973743401e-70,1.1491906507216173e-70,1.1555864040688949e-70,1.161982157416172e-70,1.1683779107634492e-70,1.1747736641107266e-70,1.1811694174580037e-70,1.1875651708052809e-70,1.193960924152558e-70,1.200356677499835e-70,1.2067524308471121e-70,1.213148184194389e-70,1.2195439375416661e-70,1.2259396908889432e-70,1.23233544423622e-70,1.2387311975834971e-70,1.2451269509307739e-70,1.2515227042780511e-70,1.2579184576253282e-70,1.2643142109726056e-70,1.2707099643198827e-70,1.2771057176671594e-70,1.2835014710144368e-70,1.2898972243617139e-70,1.2962929777089911e-70,1.3026887310562682e-70,1.5023805394450015e-32,3.101800840833779e-32,4.7978228104416e-32,6.591802491574773e-32,8.486536173560409e-32,1.048601238438856e-31,1.259524311748431e-31,1.4820154731447334e-31,1.7167524214350657e-31,1.9644950480904408e-31,2.2260853282396274e-31,2.5024494525349067e-31,2.794601845923446e-31,3.1036508462137783e-31,3.4308059126867583e-31,3.777386313363833e-31,4.144831301858158e-31,4.534711849606297e-31,4.948744046641074e-31,5.388804329828981e-31,5.856946742645643e-31,6.355422478741635e-31,6.886702011306181e-31,7.4535001678378475e-31,8.05880458018836e-31,8.7059080044259e-31,9.398445108672954e-31,1.0140434419675452e-30,1.0936326249877614e-30,1.1791057575052799e-30,1.271011500982739e-30,1.3699607243540124e-30,1.4766348559163288e-30,1.5917955371037907e-30,1.716295810062806e-30,1.8510931173534716e-30,1.9972644496220793e-30,2.1560240455325613e-30,2.3287441423572367e-30,2.5169793625163663e-30,2.722495486782701e-30,2.9473034999503702e-30,3.19370002167395e-30,3.464315491849583e-30,3.762171813024131e-30,4.090751575003103e-30,4.4540815263154275e-30,4.856833650660743e-30,5.3044481014939315e-30,5.803283409765622e-30,6.360800897491847e-30,6.9857922250621e-30,7.688661632259058e-30,8.481777947176962e-30,9.379916135907608e-30,1.040081450942912e-29,1.1565882338684699e-29,1.293446165705372e-29,1.4471562931983938e-29,1.624951844923666e-29,1.831652694045053e-29,2.073261094056145e-29,2.3573072143455442e-29,2.6933125239290217e-29,3.093417226612725e-29,4.38969002675833e-29,4.9695085215659797e-29,5.675929981947778e-29,6.544235096314188e-29,7.621753725845126e-29,8.972774285897279e-29,1.0685796077879855e-28,1.2884417501816122e-28,1.5743970558348802e-28,1.9517417849788495e-28,2.4576502100953036e-28,3.147860141706425e-28,4.1078017553031245e-28,5.47162249556151e-28,7.455677930717292e-28,1.0419432241285705e-27,1.498027312177853e-27,2.2238903940224525e-27,3.424245454442637e-27,5.498664988441284e-27,9.27172954975874e-27,1.6559235309538885e-26,3.1678229381612705e-26,6.587936377889925e-26,1.5195332114955495e-25,3.9972899277470854e-25,1.2482802992006594e-24,4.9097182379604924e-24,2.659099635703219e-23,2.2624655117063123e-22,3.566821752504133e-21,1.1212511282715914e-19,7.965180001404436e-19,7.96518000157598e-19,7.96518000165523e-19,7.965180001806574e-19,7.965180012976571e-19,6.986186052653794e-17,1.7876631144209104e-15,2.3640551616278097e-14,1.7394188146385432e-13,7.853906988980011e-13,2.4587157050373843e-12,6.249076391071181e-12,1.409499481197625e-11,2.7137002536029617e-11,4.428208698557935e-11,6.323068039882577e-11,8.183171225616586e-11,9.867384956784119e-11,1.1310314247536267e-10,1.4659600084535804e-10,1.6963841166834303e-10,1.851843936551227e-10,1.9601697509599837e-10,2.037139253119062e-10,2.0921315280821094e-10,2.1312188307998843e-10,2.1585790907685826e-10,2.1771957496701627e-10,2.18924813722679e-10,2.196351671328965e-10,2.1997159870781627e-10,2.200253689509255e-10,2.198657306309749e-10,2.1954548009042318e-10,2.1910501790442643e-10,2.185753507310543e-10,2.179803292937013e-10,2.1733832867698562e-10,2.166635175651157e-10,2.1596682208748913e-10,2.1525666122720653e-10,2.1453951033404252e-10,2.1382033459778618e-10,2.131029236708343e-10,2.1239015081683499e-10,2.1168417419969025e-10,2.1098659364969844e-10,2.1029857304990542e-10,2.0962093608866378e-10,2.0895424131695074e-10,2.0829884107947853e-10,2.0765492784710453e-10,2.0702257068252481e-10,2.0640174396152525e-10,2.0579235000312568e-10,2.0519423690007547e-10,2.046072125609399e-10,2.0403105575766504e-10,2.0346552480304979e-10,2.0291036435042713e-10,2.0236531070441733e-10,2.0183009595042794e-10,2.0130445114672737e-10,2.0078810877270473e-10,2.0028080458714663e-10,1.9978227901896946e-10,1.992922781879451e-10,1.9881055463315915e-10,1.9833686781123005e-10,1.9787098441381495e-10,1.9741267854387867e-10,1.9696173178228046e-10,1.9651793316982326e-10,1.9608107912483354e-10,1.956509733122137e-10,1.952274264766831e-10,1.94810256250257e-10,1.9439928694192228e-10,1.9399434931578317e-10,1.9359528036257945e-10,1.93201923068443e-10,1.9281412618379498e-10,1.9243174399468125e-10,1.9205463609826708e-10,1.9168266718370534e-10,1.91315706819323e-10,1.9095362924677e-10,1.9059631318248005e-10,1.9024364162675564e-10,1.8989550168051525e-10,1.8955178436973684e-10,1.8921238447750068e-10,1.8887720038347784e-10,1.8854613391070287e-10,1.8821909017936794e-10,1.8789597746743714e-10,1.875767070777957e-10,1.8726119321167962e-10,1.8694935284810963e-10,1.8664110562907414e-10,1.8633637375016978e-10,1.8603508185647884e-10,1.8573715694338228e-10,1.8544252826210566e-10,1.8515112722974338e-10,1.848628873435277e-10,1.8457774409914578e-10,1.8429563491287474e-10,1.8401649904736452e-10,1.8374027754084377e-10,1.8346691313961975e-10,1.831963502336518e-10,1.8292853479507923e-10,1.826634143195202e-10,1.8240093777003337e-10,1.8214105552356293e-10,1.8188371931977366e-10,1.8162888221214806e-10,1.8137649852121328e-10,1.8112652378981447e-10,1.8087891474030052e-10,1.806336292335657e-10,1.803906262298203e-10,1.8014986575102438e-10,1.7991130884489092e-10,1.796749175503883e-10,1.7944065486467124e-10,1.7920848471136972e-10,1.7897837191015563e-10,1.7875028214754542e-10,1.7852418194888602e-10,1.7830003865143392e-10,1.7807782037851172e-10,1.778574960146768e-10,1.7763903518184742e-10,1.7742240821636515e-10,1.77207586146929e-10,1.7699454067336732e-10,1.7678324414622022e-10,1.7657366954708501e-10,1.763657904696926e-10,1.7615958110168304e-10,1.759550162070571e-10,1.757520711092609e-10,1.7555072167488875e-10,1.7535094429796937e-10,1.751527158848154e-10,1.749560138394104e-10,1.7476081604930685e-10,1.7456710087202084e-10,1.7437484712190523e-10,1.7418403405746535e-10,1.7399464136912136e-10,1.7380664916737228e-10,1.7362003797137906e-10,1.7343478869791453e-10,1.7325088265069568e-10,1.7306830151006448e-10,1.7288702732300757e-10,1.7270704249350144e-10,1.7252832977318137e-10,1.7235087225230145e-10,1.721746533509891e-10,1.7199965681078272e-10,1.7182586668643197e-10,1.716532673379623e-10,1.7148184342298157e-10,1.7131157988923212e-10,1.7114246196736998e-10,1.7097447516397386e-10,1.708076052547568e-10,1.706418382779902e-10,1.7047716052812696e-10,1.7031355854961747e-10,1.7015101913090583e-10,1.6998952929860518e-10,1.6982907631185715e-10,1.6966964765683474e-10,1.6951123104142253e-10,1.6935381439004787e-10,1.6919738583865705e-10,1.6904193372984605e-10,1.6888744660811094e-10,1.6873391321524971e-10,1.6858132248589566e-10,1.6842966354315995e-10,1.6827892569441092e-10,1.6812909842716382e-10,1.679801714050856e-10,1.678321344641058e-10,1.6768497760864188e-10,1.6753869100791979e-10,1.6739326499239428e-10,1.6724869005027195e-10,1.6710495682411815e-10,1.6696205610756632e-10,1.6681997884209222e-10,1.6667871611390421e-10,1.6653825915088952e-10,1.663985993196509e-10,1.6625972812261696e-10,1.6612163719522975e-10,1.659843183032024e-10,1.658477633398493e-10,1.6571196432347388e-10,1.655769133948511e-10,1.65442602814727e-10,1.653090249614212e-10,1.651761723284731e-10,1.650440375223475e-10,1.6491261326019667e-10,1.6478189236767887e-10,1.6465186777682637e-10,1.6452253252397268e-10,1.6439387974771995e-10,1.6426590268696574e-10,1.6413859467896793e-10,1.640119491574626e-10,1.6388595965082448e-10,1.6376061978026625e-10,1.6363592325809216e-10,1.6351186388597372e-10,1.6338843555328614e-10,1.6326563223546648e-10,1.6314344799242278e-10,1.6302187696697056e-10,1.6290091338330736e-10,1.6278055154553026e-10,1.6266078583616898e-10,1.625416107147722e-10,1.6242302071651099e-10,1.6230501045082404e-10,1.621875746000797e-10,1.6207070791828516e-10,1.6195440522981233e-10,1.618386614281488e-10,1.6172347147469158e-10,1.6160883039754771e-10,1.6149473329037469e-10,1.6138117531124687e-10,1.6126815168153086e-10,1.6115565768480508e-10,1.6104368866578488e-10,1.6093224002928473e-10,1.6082130723919213e-10,1.607108858174676e-10,1.6060097134316582e-10,1.6049155945147617e-10,1.603826458327833e-10,1.602742262317479e-10,1.6016629644640777e-10,1.6005885232728985e-10,1.5995188977655276e-10,1.5984540474713595e-10,1.5973939324193178e-10,1.5963385131297542e-10,1.5952877506064476e-10,1.5942416063288194e-10,1.5932000422442992e-10,1.59216302076083e-10,1.591130504739498e-10,1.59010245748736e-10,1.589078842750392e-10,1.5880596247065421e-10,1.587044767958962e-10,1.58603423752937e-10,1.585027998851495e-10,1.5840260177647288e-10,1.5830282605077987e-10,1.5820346937126504e-10,1.581045284398424e-10,1.5800599999654595e-10,1.5790788081895812e-10,1.5781016772163689e-10,1.5771285755555123e-10,1.576159472075414e-10,1.5751943359977216e-10,1.5742331368921224e-10,1.5732758446710756e-10,1.5723224295847868e-10,1.5713728622161948e-10,1.5704271134760487e-10,1.5694851545981185e-10,1.568546957134432e-10,1.567612492950682e-10,1.566681734221617e-10,1.565754653426621e-10,1.5648312233452623e-10,1.5639114170530203e-10,1.5629952079170227e-10,1.5620825695918773e-10,1.561173476015623e-10,1.5602679014056505e-10,1.5593658202548136e-10,1.558467207327478e-10,1.5575720376557965e-10,1.556680286535899e-10,1.5557919295242526e-10,1.5549069424340133e-10,1.5540253013315054e-10,1.5531469825327122e-10,1.552271962599814e-10,1.5514002183378795e-10,1.550531726791496e-10,1.5496664652415313e-10,1.5488044112019172e-10,1.5479455424164972e-10,1.5470898368559352e-10,1.546237272714672e-10,1.545387828407933e-10,1.5445414825687415e-10,1.543698214045086e-10,1.5428580018970154e-10,1.5420208253938521e-10,1.5411866640114343e-10,1.5403554974294354e-10,1.5395273055286545e-10,1.5387020683883922e-10,1.5378797662839098e-10,1.5370603796838286e-10,1.5362438892476873e-10,1.5354302758234385e-10,1.534619520445081e-10,1.5338116043302116e-10,1.5330065088777374e-10,1.5322042156655282e-10,1.5314047064481776e-10,1.5306079631547506e-10,1.529813967886579e-10,1.5290227029151209e-10,1.528234150679819e-10,1.5274482937859904e-10,1.52666511500275e-10,1.5258845972610163e-10,1.5251067236514875e-10,1.5243314774226613e-10,1.5235588419788942e-10,1.522788800878525e-10,1.5220213378319328e-10,1.5212564366997108e-10,1.5204940814908811e-10,1.5197342563610168e-10,1.5189769456105486e-10,1.5182221336829444e-10,1.517469805163049e-10,1.5167199447753665e-10,1.515972537382397e-10,1.5152275679829867e-10,1.5144850217107184e-10,1.5137448838323107e-10,1.513007139746048e-10,1.5122717749802262e-10,1.5115387751916202e-10,1.51080812616401e-10,1.5100798138066753e-10,1.5093538241529172e-10,1.508630143358663e-10,1.5079087577010062e-10,1.5071896535768353e-10,1.5064728175014486e-10,1.505758236107183e-10,1.5050458961420924e-10,1.5043357844685956e-10,1.5036278880622192e-10,1.502922194010292e-10,1.502218689510665e-10,1.5015173618704936e-10,1.500818198504973e-10,1.5001211869361778e-10,1.4994263147918025e-10,1.498733569804017e-10,1.4980429398083112e-10,1.4973544127423252e-10,1.496667976644727e-10,1.4959836196541015e-10,1.495301330007862e-10,1.4946210960411186e-10,1.493942906185662e-10,1.4932667489688846e-10,1.4925926130127266e-10,1.4919204870326652e-10,1.4912503598366963e-10,1.4905822203243357e-10,1.4899160574856235e-10,1.489251860400169e-10,1.4885896182361746e-10,1.4879293202494722e-10,1.4872709557826423e-10,1.4866145142640287e-10,1.4859599852068873e-10,1.4853073582084288e-10,1.4846566229489518e-10,1.4840077691910112e-10,1.4833607867784848e-10,1.4827156656357837e-10,1.482072395766957e-10,1.4814309672548948e-10,1.4807913702604991e-10,1.480153595021885e-10,1.479517631853557e-10,1.4788834711456397e-10,1.4782511033631132e-10,1.4776205190449867e-10,1.4769917088036204e-10,1.4763646633239212e-10,1.475739373362621e-10,1.4751158297475138e-10,1.4744940233768188e-10,1.47387394521837e-10,1.4732555863089707e-10,1.472638937753695e-10,1.4720239907251902e-10,1.471410736462984e-10,1.4707991662728665e-10,1.4701892715261695e-10,1.4695810436591567e-10,1.4689744741723653e-10,1.4683695546299756e-10,1.4677662766591594e-10,1.467164631949503e-10,1.4665646122523508e-10,1.46596620938023e-10,1.465369415206234e-10,1.4647742216634283e-10,1.4641806207443005e-10,1.4635886045001364e-10,1.462998165040486e-10,1.4624092945325707e-10,1.461821985200787e-10,1.4612362293260728e-10,1.4606520192454172e-10,1.4600693473513205e-10,1.4594882060912548e-10,1.458908587967116e-10,1.4583304855347756e-10,1.4577538914035038e-10,1.457178798235481e-10,1.456605198745302e-10,1.4560330856995033e-10,1.455462451916033e-10,1.454893290263797e-10,1.4543255936621885e-10,1.4537593550805902e-10,1.453194567537926e-10,1.452631224102201e-10,1.4520693178900295e-10,1.4515088420662277e-10,1.450949789843312e-10,1.4503921544811059e-10,1.4498359292862804e-10,1.4492811076119248e-10,1.4487276828571496e-10,1.4481756484666218e-10,1.4476249979301927e-10,1.4470757247824626e-10,1.4465278226023614e-10,1.445981285012806e-10,1.445436105680247e-10,1.4448922783142804e-10,1.4443497966673022e-10,1.4438086545340651e-10,1.4432688457513604e-10,1.4427303641976007e-10,1.4421932037924506e-10,1.4416573584964837e-10,1.4411228223108182e-10,1.4405895892767207e-10,1.4400576534753074e-10,1.4395270090271361e-10,1.438997650091902e-10,1.438469570868075e-10,1.4379427655925634e-10,1.437417228540389e-10,1.4368929540243395e-10,1.4363699363946327e-10,1.4358481700386158e-10,1.43532764938043e-10,1.4348083688807049e-10,1.4342903230362205e-10,1.4337735063796057e-10,1.4332579134790466e-10,1.432743538937956e-10,1.4322303773946947e-10,1.431718423522253e-10,1.431207672027975e-10,1.43069811765325e-10,1.4301897551732395e-10,1.4296825793965737e-10,1.4291765851650793e-10,1.4286717673535138e-10,1.4281681208692378e-10,1.427665640652006e-10,1.427164321673655e-10,1.4266641589378513e-10,1.4261651474798095e-10,1.425667282366054e-10,1.4251705586941222e-10,1.4246749715923565e-10,1.4241805162196078e-10,1.4236871877650033e-10,1.423194981447689e-10,1.4227038925165838e-10,1.4222139162501367e-10,1.4217250479560853e-10,1.4212372829712222e-10,1.4207506166611428e-10,1.4202650444200318e-10,1.4197805616703928e-10,1.4192971638628692e-10,1.4188148464759757e-10,1.418333605015895e-10,1.4178534350162475e-10,1.4173743320378608e-10,1.4168962916685814e-10,1.4164193095230135e-10,1.415943381242345e-10,1.4154685024941144e-10,1.4149946689720134e-10,1.4145218763956446e-10,1.414050120510368e-10,1.4135793970870586e-10,1.4131097019219268e-10,1.4126410308362952e-10,1.4121733796764204e-10,1.4117067443132788e-10,1.4112411206424047e-10,1.4107765045836559e-10,1.410312892081069e-10,1.409850279102606e-10,1.4093886616400496e-10,1.4089280357087546e-10,1.408468397347488e-10,1.408009742618255e-10,1.4075520676061015e-10,1.4070953684189477e-10,1.40663964118741e-10,1.406184882064623e-10,1.4057310872260694e-10,1.4052782528694085e-10,1.4048263752143277e-10,1.4043754505023207e-10,1.4039254749965684e-10,1.4034764449817712e-10,1.4030283567639645e-10,1.4025812066703562e-10,1.4021349910491975e-10,1.4016897062695878e-10,1.4012453487213428e-10,1.4008019148148315e-10,1.4003594009808092e-10,1.3999178036702895e-10,1.3994771193543658e-10,1.399037344524081e-10,1.3985984756902728e-10,1.398160509383429e-10,1.3977234421535278e-10,1.397287270569922e-10,1.396851991221154e-10,1.3964176007148604e-10,1.395984095677596e-10,1.3955514727547012e-10,1.3951197286101883e-10,1.394688859926569e-10,1.394258863404752e-10,1.3938297357638826e-10,1.3934014737412239e-10,1.3929740740920168e-10,1.392547533589359e-10,1.3921218490240653e-10,1.3916970172045446e-10,1.3912730349566758e-10,1.3908498991236696e-10,1.390427606565969e-10,1.3900061541610908e-10,1.3895855388035387e-10,1.3891657574046367e-10,1.3887468068924584e-10,1.3883286842116739e-10,1.3879113863234534e-10,1.387494910205328e-10,1.3870792528510842e-10,1.38666441127065e-10,1.3862503824899864e-10,1.3858371635509533e-10,1.3854247515112262e-10,1.3850131434441537e-10,1.3846023364386754e-10,1.38419232759919e-10,1.383783114045468e-10,1.3833746929125222e-10,1.3829670613505213e-10,1.3825602165246734e-10,1.3821541556151105e-10,1.3817488758168236e-10,1.3813443743395078e-10,1.3809406484074917e-10,1.3805376952596437e-10,1.3801355121492475e-10,1.3797340963439153e-10,1.3793334451254926e-10,1.3789335557899454e-10,1.3785344256472833e-10,1.3781360520214533e-10,1.3777384322502395e-10,1.3773415636851746e-10,1.3769454436914491e-10,1.3765500696478112e-10,1.3761554389464914e-10,1.3757615489930843e-10,1.3753683972064853e-10,1.374975981018776e-10,1.3745842978751464e-10,1.37419334523382e-10,1.3738031205659414e-10,1.3734136213555067e-10,1.3730248450992724e-10,1.3726367893066708e-10,1.3722494514997306e-10,1.3718628292129775e-10,1.371476919993368e-10,1.3710917214001908e-10,1.370707231004997e-10,1.3703234463915256e-10,1.3699403651555995e-10,1.369557984905066e-10,1.3691763032597096e-10,1.3687953178511697e-10,1.3684150263228822e-10,1.368035426329964e-10,1.3676565155391818e-10,1.3672782916288384e-10,1.3669007522887174e-10,1.3665238952200242e-10,1.366147718135264e-10,1.365772218758194e-10,1.365397394823765e-10,1.3650232440780487e-10,1.3646497642781281e-10,1.364276953192066e-10,1.363904808598817e-10,1.3635333282881567e-10,1.3631625100606183e-10,1.362792351727427e-10,1.362422851110414e-10,1.3620540060419582e-10,1.3616858143649368e-10,1.3613182739326387e-10,1.3609513826086828e-10,1.3605851382669866e-10,1.3602195387916894e-10,1.3598545820770708e-10,1.3594902660275098e-10,1.3591265885574065e-10,1.3587635475911246e-10,1.3584011410629136e-10,1.358039366916889e-10,1.3576782231069148e-10,1.3573177075965838e-10,1.3569578183591313e-10,1.35659855337739e-10,1.3562399106437244e-10,1.3558818881599735e-10,1.355524483937393e-10,1.3551676959965937e-10,1.3548115223674866e-10,1.3544559610892076e-10,1.35410101021009e-10,1.3537466677876083e-10,1.3533929318882744e-10,1.3530398005876406e-10,1.3526872719701967e-10,1.3523353441293582e-10,1.3519840151673816e-10,1.3516332831952902e-10,1.3512831463329002e-10,1.350933602708686e-10,1.3505846504597634e-10,1.3502362877318243e-10,1.3498885126790967e-10,1.349541323464288e-10,1.349194718258543e-10,1.3488486952413657e-10,1.3485032526005833e-10,1.3481583885323051e-10,1.3478141012408777e-10,1.3474703889388242e-10,1.3471272498467675e-10,1.3467846821934352e-10,1.3464426842155688e-10,1.3461012541579157e-10,1.3457603902731333e-10,1.3454200908217726e-10,1.3450803540722403e-10,1.344741178300707e-10,1.3444025617911117e-10,1.3440645028350965e-10,1.3437269997319478e-10,1.3433900507885785e-10,1.3430536543194486e-10,1.342717808646543e-10,1.3423825120993394e-10,1.3420477630147324e-10,1.3417135597370147e-10,1.3413799006178132e-10,1.341046784016076e-10,1.3407142082980037e-10,1.3403821718370036e-10,1.340050673013669e-10,1.3397197102157404e-10,1.3393892818380205e-10,1.3390593862823897e-10,1.3387300219577345e-10,1.3384011872798972e-10,1.338072880671668e-10,1.3377451005627248e-10,1.3374178453895802e-10,1.3370911135955727e-10,1.336764903630816e-10,1.3364392139521394e-10,1.336114043023085e-10,1.3357893893138362e-10,1.3354652513012034e-10,1.335141627468568e-10,1.3348185163058706e-10,1.3344959163095532e-10,1.3341738259825123e-10,1.3338522438340835e-10,1.333531168380009e-10,1.333210598142373e-10,1.3328905316495918e-10,1.3325709674363759e-10,1.3322519040436783e-10,1.331933340018668e-10,1.3316152739147102e-10,1.3312977042913026e-10,1.3309806297140582e-10,1.3306640487546798e-10,1.3303479599909003e-10,1.330032362006479e-10,1.3297172533911315e-10,1.329402632740548e-10,1.3290884986563025e-10,1.3287748497458668e-10,1.3284616846225455e-10,1.3281490019054495e-10,1.3278368002195028e-10,1.327525078195357e-10,1.3272138344693723e-10,1.3269030676836186e-10,1.3265927764858084e-10,1.3262829595292687e-10,1.3259736154729408e-10,1.3256647429813185e-10,1.3253563407244214e-10,1.3250484073777842e-10,1.3247409416224045e-10,1.3244339421447148e-10,1.324127407636576e-10,1.3238213367952375e-10,1.3235157283232711e-10,1.323210580928605e-10,1.3229058933244527e-10,1.3226016642292858e-10,1.322297892366829e-10,1.3219945764660058e-10,1.3216917152609358e-10,1.3213893074908885e-10,1.3210873519002473e-10,1.3207858472385129e-10,1.3204847922602556e-10,1.320184185725082e-10,1.3198840263976258e-10,1.3195843130475066e-10,1.3192850444493078e-10,1.3189862193825634e-10,1.3186878366317045e-10,1.3183898949860515e-10,1.3180923932398016e-10,1.317795330191964e-10,1.317498704646369e-10,1.3172025154116214e-10,1.3169067613010958e-10,1.3166114411328913e-10,1.3163165537298325e-10,1.3160220979194028e-10,1.3157280725337632e-10,1.315434476409697e-10,1.3151413083886083e-10,1.3148485673164795e-10,1.314556252043861e-10,1.3142643614258504e-10,1.3139728943220343e-10,1.3136818495965156e-10,1.3133912261178535e-10,1.313101022759052e-10,1.3128112383975468e-10,1.312521871915161e-10,1.312232922198105e-10,1.311944388136931e-10,1.3116562686265407e-10,1.3113685625661215e-10,1.3110812688591637e-10,1.3107943864134203e-10,1.3105079141408858e-10,1.310221850957771e-10,1.3099361957844935e-10,1.3096509475456554e-10,1.3093661051700015e-10,1.3090816675904107e-10,1.3087976337438985e-10,1.3085140025715453e-10,1.3082307730185336e-10,1.3079479440340726e-10,1.3076655145714094e-10,1.307383483587825e-10,1.307101850044572e-10,1.3068206129068593e-10,1.306539771143882e-10,1.3062593237287267e-10,1.305979269638432e-10,1.3056996078539062e-10,1.3054203373599336e-10,1.3051414571451443e-10,1.3048629662020065e-10,1.3045848635268153e-10,1.3043071481196325e-10,1.304029818984325e-10,1.303752875128507e-10,1.3034763155635227e-10,1.3032001393044563e-10,1.3029243453700715e-10,1.3026489327828343e-10,1.3023739005688602e-10,1.3020992477579221e-10,1.3018249733834194e-10,1.301551076482363e-10,1.3012775560953582e-10,1.301004411266586e-10,1.3007316410437816e-10,1.300459244478221e-10,1.300187220624711e-10,1.2999155685415596e-10,1.2996442872905645e-10,1.2993733759369932e-10,1.2991028335495756e-10,1.2988326592004718e-10,1.2985628519652578e-10,1.2982934109229302e-10,1.298024335155867e-10,1.2977556237498088e-10,1.297487275793866e-10,1.2972192903804913e-10,1.2969516666054308e-10,1.2966844035677694e-10,1.2964175003698756e-10,1.2961509561173822e-10,1.2958847699192037e-10,1.295618940887462e-10,1.2953534681375435e-10,1.2950883507880294e-10,1.2948235879607036e-10,1.2945591787805266e-10,1.2942951223756355e-10,1.294031417877307e-10,1.2937680644199592e-10,1.29350506114114e-10,1.293242407181495e-10,1.292980101684772e-10,1.292718143797782e-10,1.292456532670406e-10,1.2921952674555765e-10,1.2919343473092587e-10,1.2916737713904336e-10,1.291413538861089e-10,1.2911536488862062e-10,1.2908941006337514e-10,1.2906348932746417e-10,1.2903760259827448e-10,1.2901174979348636e-10,1.289859308310737e-10,1.2896014562929896e-10,1.2893439410671605e-10,1.2890867618216578e-10,1.2888299177477608e-10,1.2885734080396046e-10,1.2883172318941632e-10,1.2880613885112405e-10,1.2878058770934434e-10,1.2875506968462027e-10,1.2872958469777198e-10,1.2870413266989756e-10,1.286787135223716e-10,1.2865332717684377e-10,1.2862797355523698e-10,1.2860265257974753e-10,1.2857736417284222e-10,1.2855210825725791e-10,1.2852688475600043e-10,1.2850169359234288e-10,1.2847653468982467e-10,1.2845140797225067e-10,1.28426313363689e-10,1.2840125078847045e-10,1.2837621087784757e-10,1.283512038103519e-10,1.2832622996992508e-10,1.283012890990218e-10,1.282763809038625e-10,1.2825150511382233e-10,1.2822666149823685e-10,1.2820184985080495e-10,1.2817706999307142e-10,1.2815232176854848e-10,1.2812760503850656e-10,1.2810291967658947e-10,1.2807826556806405e-10,1.2805364260864485e-10,1.2802905069840573e-10,1.280044897442882e-10,1.2797995965774824e-10,1.2795546035385702e-10,1.2793099175062422e-10,1.2790655376842956e-10,1.278821463295965e-10,1.2785776935706503e-10,1.2783342277696926e-10,1.278091065154195e-10,1.2778482049936468e-10,1.2776056465740194e-10,1.2773633891819823e-10,1.2771214320936114e-10,1.2768797746532292e-10,1.2766384161357483e-10,1.276397355848422e-10,1.2761565931023655e-10,1.275916127212274e-10,1.2756759574961896e-10,1.2754360832752676e-10,1.275196503873715e-10,1.2749572186185897e-10,1.2747182268396895e-10,1.2744795278695243e-10,1.2742411210432004e-10,1.2740030056986738e-10,1.2737651811754857e-10,1.2735276468164733e-10,1.2732904019534623e-10,1.2730534460339581e-10,1.2728167782469016e-10,1.272580398018642e-10,1.2723443046886946e-10,1.2721084976273925e-10,1.2718729761929954e-10,1.2716377397476747e-10,1.2714027876535965e-10,1.2711681192764865e-10,1.270933733983475e-10,1.2706996311610255e-10,1.2704658101646544e-10,1.270232270385147e-10,1.269999011151811e-10,1.2697660318866614e-10,1.2695333319419726e-10,1.269300910718434e-10,1.2690687675979536e-10,1.2688369019849435e-10,1.2686053132456602e-10,1.2683740007727896e-10,1.2681429639588112e-10,1.2679122021810004e-10,1.2676817149387628e-10,1.2674515014664447e-10,1.2672215612483593e-10,1.266991893684638e-10,1.2667624981759046e-10,1.26653337410096e-10,1.2663045209132486e-10,1.2660759380056803e-10,1.2658476247773523e-10,1.2656195806689534e-10,1.2653918050813576e-10,1.2651642974282824e-10,1.2649370571378098e-10,1.264710083630991e-10,1.2644833763156967e-10,1.264256934627861e-10,1.2640307579954861e-10,1.2638048458377582e-10,1.2635791975986304e-10,1.2633538126988555e-10,1.263128690573653e-10,1.2629038306541391e-10,1.2626792323886501e-10,1.262454895215752e-10,1.2622308185987226e-10,1.2620070019583525e-10,1.261783444739359e-10,1.26156014638105e-10,1.2613371063439443e-10,1.2611143241045298e-10,1.2608917990610938e-10,1.260669530707708e-10,1.2604475184547733e-10,1.2602257617541157e-10,1.260004260128818e-10,1.2597830130226693e-10,1.2595620198758595e-10,1.259341280157091e-10,1.2591207933074912e-10,1.2589005588182792e-10,1.2586805761567183e-10,1.2584608447605213e-10,1.2582413641717466e-10,1.2580221338779457e-10,1.2578031532294443e-10,1.257584421775249e-10,1.2573659389921084e-10,1.257147704363893e-10,1.2569297173709371e-10,1.2567119775050074e-10,1.2564944842175478e-10,1.2562772370335335e-10,1.2560602354343846e-10,1.2558434789079375e-10,1.2556269669284546e-10,1.255410698997279e-10,1.2551946746080635e-10,1.254978893256414e-10,1.2547633544322253e-10,1.2545480576555818e-10,1.2543330024129933e-10,1.254118188197019e-10,1.253903614518829e-10,1.2536892808737845e-10,1.2534751867759383e-10,1.2532613316634344e-10,1.2530477151335673e-10,1.252834336733115e-10,1.252621195891605e-10,1.252408292183583e-10,1.2521956250912881e-10,1.2519831941324642e-10,1.2517709988221158e-10,1.2515590386853794e-10,1.2513473132402077e-10,1.251135822011717e-10,1.2509245645196743e-10,1.2507135402764436e-10,1.2505027488211692e-10,1.2502921896817474e-10,1.250081862387306e-10,1.249871766468407e-10,1.249661901457297e-10,1.249452266887455e-10,1.2492428622934637e-10,1.24903368723546e-10,1.248824741203319e-10,1.2486160237835976e-10,1.2484075344272906e-10,1.248199272741309e-10,1.2479912382689564e-10,1.247783430555013e-10,1.24757584914406e-10,1.2473684936370181e-10,1.2471613634765522e-10,1.2469544582644486e-10,1.2467477776077112e-10,1.246541320998485e-10,1.2463350879947606e-10,1.2461290781517194e-10,1.245923291025571e-10,1.245717726173432e-10,1.245512383154469e-10,1.2453072615288748e-10,1.2451023608578052e-10,1.244897680703697e-10,1.2446932206303524e-10,1.2444889802032162e-10,1.244284958988544e-10,1.2440811565540096e-10,1.243877572468282e-10,1.2436742062261263e-10,1.2434710574757316e-10,1.243268125788428e-10,1.2430654108077995e-10,1.242862912040015e-10,1.2426606290611659e-10,1.242458561448555e-10,1.2422567087809328e-10,1.2420550706386096e-10,1.2418536466022959e-10,1.2416524362542495e-10,1.241451439178223e-10,1.2412506549585748e-10,1.2410500831814171e-10,1.2408497233585094e-10,1.2406495751544968e-10,1.2404496381577464e-10,1.2402499119603146e-10,1.2400503961543678e-10,1.2398510903307825e-10,1.2396519941584824e-10,1.2394531071586443e-10,1.2392544289211372e-10,1.2390559590519707e-10,1.2388576971533554e-10,1.238659642809767e-10,1.2384617956313106e-10,1.2382641552099617e-10,1.2380667211588496e-10,1.2378694930189426e-10,1.237672470459339e-10,1.2374756530870489e-10,1.2372790405108417e-10,1.2370826323369803e-10,1.2368864281762975e-10,1.2366904276400433e-10,1.2364946303396346e-10,1.2362990358889999e-10,1.2361036439013095e-10,1.2359084539924937e-10,1.2357134657776075e-10,1.235518678876203e-10,1.2353240929034438e-10,1.2351297074806623e-10,1.234935522230141e-10,1.2347415367710958e-10,1.2345477507261213e-10,1.2343541637197349e-10,1.2341607753767536e-10,1.2339675853218617e-10,1.233774593182318e-10,1.2335817985874256e-10,1.2333892011639337e-10,1.2331968005419508e-10,1.233004596353855e-10,1.2328125882299257e-10,1.2326207758032758e-10,1.2324291587519888e-10,1.2322377366599701e-10,1.2320465091489387e-10,1.231855475907621e-10,1.2316646364007632e-10,1.2314739905569812e-10,1.2312835378666713e-10,1.231093278056392e-10,1.230903210647753e-10,1.2307133352187888e-10,1.2305236515900228e-10,1.2303341593265245e-10,1.2301448580846805e-10,1.2299557474959382e-10,1.2297668272142716e-10,1.229578096892143e-10,1.2293895561771534e-10,1.2292012047208743e-10,1.2290130421560635e-10,1.2288250681528648e-10,1.2286372823925986e-10,1.228449684474341e-10,1.2282622741656366e-10,1.2280750510027015e-10,1.2278880146784508e-10,1.227701164852547e-10,1.2275145011804254e-10,1.2273280233261455e-10,1.2271417309495416e-10,1.2269556237106623e-10,1.2267697012723375e-10,1.2265839632948578e-10,1.2263984094463508e-10,1.226213039404903e-10,1.2260278528116018e-10,1.2258428493551563e-10,1.2256580286988357e-10,1.2254733904744096e-10,1.2252889343812546e-10,1.225104660089694e-10,1.224920567294344e-10,1.2247366556597934e-10,1.224552924831279e-10,1.224369374483607e-10,1.2241860043108416e-10,1.2240028139712503e-10,1.2238198031149363e-10,1.2236369714573473e-10,1.2234543186732294e-10,1.2232718444557431e-10,1.2230895484782018e-10,1.2229074303866676e-10,1.2227254899038617e-10,1.2225437266964485e-10,1.222362140405762e-10,1.2221807308133203e-10,1.22199949755282e-10,1.22181844031008e-10,1.221637558771736e-10,1.2214568526066056e-10,1.2212763215115213e-10,1.2210959651913334e-10,1.2209157833577899e-10,1.2207357756735583e-10,1.220555941829782e-10,1.220376281504639e-10,1.220196794430925e-10,1.2200174802705782e-10,1.219838338717593e-10,1.2196593694685578e-10,1.2194805722210044e-10,1.2193019466832733e-10,1.2191234925431316e-10,1.2189452095030226e-10,1.2187670972618305e-10,1.2185891555180325e-10,1.218411383972819e-10,1.2182337823302345e-10,1.218056350294211e-10,1.2178790875746155e-10,1.2177019938589408e-10,1.2175250688515657e-10,1.217348312270939e-10,1.2171717237933905e-10,1.2169953031765072e-10,1.2168190500421725e-10,1.2166429642037168e-10,1.2164670453358203e-10,1.2162912931430729e-10,1.2161157073301457e-10,1.2159402876074675e-10,1.2157650336897868e-10,1.215589945301696e-10,1.215415022109888e-10,1.215240263882073e-10,1.2150656703125698e-10,1.2148912411078985e-10,1.214716976000394e-10,1.21454287470539e-10,1.2143689369483224e-10,1.2141951624370743e-10,1.2140215508911188e-10,1.2138481020302445e-10,1.2136748155692523e-10,1.213501691239247e-10,1.2133287287588432e-10,1.2131559278496528e-10,1.2129832882357664e-10,1.2128108096431048e-10,1.2126384917952125e-10,1.2124663344264524e-10,1.212294337257071e-10,1.2121225000128263e-10,1.211950822453822e-10,1.211779304226161e-10,1.2116079451146237e-10,1.2114367448400553e-10,1.2112657031164846e-10,1.2110948197202856e-10,1.210924094354407e-10,1.210753526747841e-10,1.210583116639194e-10,1.210412863766693e-10,1.2102427678487348e-10,1.2100728286370234e-10,1.2099030458679103e-10,1.2097334192931574e-10,1.2095639486190833e-10,1.2093946335593942e-10,1.2092254738853005e-10,1.2090564693358337e-10,1.208887619650496e-10,1.2087189245692128e-10,1.2085503838335448e-10,1.208381997184387e-10,1.208213764364019e-10,1.208045685118138e-10,1.207877759184682e-10,1.2077099863295476e-10,1.2075423663344252e-10,1.2073748988251197e-10,1.2072075836032247e-10,1.2070404204882964e-10,1.2068734090948561e-10,1.2067065493055328e-10,1.2065398407371463e-10,1.206373283265179e-10,1.2062068765154195e-10,1.206040620345364e-10,1.205874514411901e-10,1.2057085585037069e-10,1.2055427523809182e-10,1.2053770957997786e-10,1.2052115885119237e-10,1.2050462303045272e-10,1.2048810208648154e-10,1.2047159600143936e-10,1.204551047450133e-10,1.2043862829535932e-10,1.2042216662815393e-10,1.2040571971556018e-10,1.2038928753692662e-10,1.2037287006833694e-10,1.2035646728528107e-10,1.2034007916749849e-10,1.2032370568741588e-10,1.203073468211227e-10,1.2029100253824224e-10,1.202746728279934e-10,1.202583576601196e-10,1.2024205701027985e-10,1.2022577085541211e-10,1.2020949917210593e-10,1.2019324193700872e-10,1.2017699912643554e-10,1.2016077071785628e-10,1.2014455668667422e-10,1.201283570078002e-10,1.2011217165463857e-10,1.2009600061418664e-10,1.200798438605397e-10,1.2006370136914267e-10,1.200475731163842e-10,1.2003145907947235e-10,1.2001535923650232e-10,1.1999927356259838e-10,1.1998320203587948e-10,1.1996714463300517e-10,1.1995110133242338e-10,1.199350721094941e-10,1.199190569445971e-10,1.1990305581130444e-10,1.198870686910992e-10,1.1987109556013857e-10,1.1985513639047495e-10,1.1983919117415882e-10,1.1982325987689492e-10,1.1980734247918397e-10,1.1979143895844285e-10,1.1977554928373076e-10,1.1975967345835202e-10,1.1974381143924e-10,1.1972796320764123e-10,1.197121287448993e-10,1.1969630802800247e-10,1.1968050103427916e-10,1.1966470774609573e-10,1.1964892813582732e-10,1.1963316218301922e-10,1.1961740986819633e-10,1.1960167117112895e-10,1.195859460680529e-10,1.1957023452759257e-10,1.1955453654344872e-10,1.1953885209168337e-10,1.19523181147293e-10,1.1950752368986194e-10,1.194918796983921e-10,1.194762491481151e-10,1.1946063202322958e-10,1.194450283035643e-10,1.194294379648755e-10,1.1941386098665696e-10,1.1939829734858607e-10,1.193827470294392e-10,1.1936721000766246e-10,1.193516862626567e-10,1.1933617577228823e-10,1.1932067851710707e-10,1.193051944796595e-10,1.1928972363671825e-10,1.1927426596922944e-10,1.1925882145385725e-10,1.192433900719312e-10,1.1922797180715755e-10,1.192125666298018e-10,1.1919717452413087e-10,1.1918179547051168e-10,1.1916642944906197e-10,1.191510764383248e-10,1.1913573641710508e-10,1.1912040936991822e-10,1.1910509527306213e-10,1.1908979409895892e-10,1.1907450584374634e-10,1.190592304796867e-10,1.1904396799002513e-10,1.1902871834967075e-10,1.1901348153863326e-10,1.1899825754704393e-10,1.1898304634312258e-10,1.18967847909517e-10,1.1895266222990083e-10,1.1893748928494524e-10,1.1892232905358978e-10,1.1890718151859582e-10,1.1889204665674764e-10,1.1887692445075268e-10,1.1886181488185225e-10,1.1884671792365603e-10,1.1883163356972483e-10,1.1881656179401665e-10,1.1880150257775375e-10,1.1878645591095187e-10,1.1877142175682803e-10,1.1875640010849557e-10,1.1874139094370413e-10,1.1872639424331775e-10,1.1871140998461214e-10,1.1869643815284934e-10,1.1868147872897161e-10,1.1866653169483935e-10,1.1865159702770823e-10,1.186366747151158e-10,1.1862176473767495e-10,1.1860686707393454e-10,1.185919817060323e-10,1.1857710861409426e-10,1.1856224777957119e-10,1.1854739917452407e-10,1.1853256280349483e-10,1.1851773863441071e-10,1.185029266525296e-10,1.1848812683782856e-10,1.1847333917181384e-10,1.1845856363669022e-10,1.184438002137764e-10,1.184290488865367e-10,1.184143096343435e-10,1.1839958243935187e-10,1.1838486728615373e-10,1.1837016415230517e-10,1.1835547303044447e-10,1.1834079388873483e-10,1.183261267136734e-10,1.183114714914799e-10,1.1829682820300222e-10,1.182821968264507e-10,1.1826757735059087e-10,1.18252969754682e-10,1.1823837401900561e-10,1.1822379012659106e-10,1.182092180633671e-10,1.181946578079025e-10,1.1818010934608506e-10,1.181655726592283e-10,1.1815104772942404e-10,1.1813653453956404e-10,1.1812203307235737e-10,1.1810754331056652e-10,1.1809306523656095e-10,1.1807859883420599e-10,1.1806414409253772e-10,1.1804970098007167e-10,1.1803526948726143e-10,1.180208495969734e-10,1.180064412915577e-10,1.1799204455503063e-10,1.17977659370455e-10,1.1796328571662438e-10,1.1794892358356188e-10,1.1793457295197614e-10,1.1792023380343905e-10,1.1790590612404614e-10,1.1789158989856674e-10,1.1787728510441448e-10,1.17862991725583e-10,1.1784870974740722e-10,1.1783443915288588e-10,1.1782017992584027e-10,1.1780593205211696e-10,1.1779169551584574e-10,1.1777747029252514e-10,1.1776325637009581e-10,1.1774905373314346e-10,1.1773486236570965e-10,1.1772068225099578e-10,1.1770651337228514e-10,1.176923557147933e-10,1.1767820926035651e-10,1.1766407399397287e-10,1.176499498986284e-10,1.1763583695976e-10,1.1762173516003593e-10,1.176076444836768e-10,1.1759356491391005e-10,1.1757949643533134e-10,1.175654390315092e-10,1.175513926881141e-10,1.1753735738898973e-10,1.1752333311685527e-10,1.175093198571933e-10,1.174953175944422e-10,1.1748132631153687e-10,1.174673459898206e-10,1.174533766202594e-10,1.1743941818383073e-10,1.1742547066575302e-10,1.1741153405093437e-10,1.1739760832260436e-10,1.1738369346586793e-10,1.1736978946510045e-10,1.1735589630482307e-10,1.1734201396964055e-10,1.1732814244400553e-10,1.1731428171018516e-10,1.1730043175513106e-10,1.1728659256227696e-10,1.17272764120479e-10,1.172589464143449e-10,1.1724513942603462e-10,1.172313431384074e-10,1.172175575412664e-10,1.1720378261678903e-10,1.1719001834351227e-10,1.1717626471374938e-10,1.171625217154584e-10,1.1714878932993957e-10,1.1713506754367766e-10,1.171213563397311e-10,1.171076557026858e-10,1.170939656211535e-10,1.17080286077223e-10,1.1706661705709456e-10,1.1705295854462907e-10,1.1703931052617227e-10,1.1702567298705024e-10,1.1701204591257153e-10,1.1699842928817347e-10,1.1698482309920242e-10,1.1697122733109432e-10,1.1695764196869266e-10,1.1694406699811032e-10,1.1693050240486375e-10,1.169169481745024e-10,1.169034042926007e-10,1.1688987074476218e-10,1.168763475173829e-10,1.1686283459460996e-10,1.168493319628944e-10,1.168358396086235e-10,1.168223575169622e-10,1.1680888567362402e-10,1.167954240643672e-10,1.1678197267503745e-10,1.1676853149127987e-10,1.167551004995485e-10,1.167416796853519e-10,1.1672826903428648e-10,1.1671486853326516e-10,1.167014781673522e-10,1.1668809792332523e-10,1.1667472778700682e-10,1.166613677447257e-10,1.1664801778178183e-10,1.1663467788321118e-10,1.1662134803843702e-10,1.1660802823076105e-10,1.1659471844814376e-10,1.1658141867721032e-10,1.1656812890192594e-10,1.1655484911219896e-10,1.1654157929236237e-10,1.1652831942821584e-10,1.1651506950732783e-10,1.1650182951507704e-10,1.164885994370691e-10,1.1647537926268433e-10,1.1646216897526739e-10,1.1644896856435932e-10,1.1643577801142212e-10,1.1642259730853244e-10,1.1640942643950048e-10,1.1639626539264131e-10,1.1638311415408554e-10,1.163699727126697e-10,1.1635684104963915e-10,1.1634371915614803e-10,1.1633060701736794e-10,1.1631750461917042e-10,1.1630441195305285e-10,1.1629132899927511e-10,1.1627825575095631e-10,1.1626519219200592e-10,1.1625213830691586e-10,1.1623909408609041e-10,1.1622605951661581e-10,1.162130345815775e-10,1.1620001927109526e-10,1.1618701357408526e-10,1.161740174742864e-10,1.1616103095918352e-10,1.1614805401851345e-10,1.1613508663667226e-10,1.1612212880256356e-10,1.161091805006943e-10,1.1609624172167798e-10,1.1608331245153674e-10,1.1607039267667151e-10,1.1605748238465495e-10,1.1604458156225998e-10,1.1603169019894814e-10,1.160188082794072e-10,1.1600593579010514e-10,1.1599307272471999e-10,1.1598021906662092e-10,1.1596737480388189e-10,1.159545399219776e-10,1.159417144102224e-10,1.1592889825755499e-10,1.159160914502218e-10,1.1590329397345101e-10,1.1589050581780177e-10,1.1587772697136279e-10,1.1586495742100041e-10,1.1585219715389187e-10,1.1583944615558447e-10,1.1582670441876636e-10,1.1581397192851478e-10,1.1580124867269692e-10,1.1578853463927929e-10,1.157758298142265e-10,1.1576313418888864e-10,1.1575044774705503e-10,1.1573777047897925e-10,1.1572510237241239e-10,1.1571244341819582e-10,1.1569979360160982e-10,1.1568715291069765e-10,1.1567452133341163e-10,1.1566189885788688e-10,1.1564928547211953e-10,1.1563668116424245e-10,1.1562408591478052e-10,1.1561149971865579e-10,1.1559892257208055e-10,1.1558635445602523e-10,1.1557379536005845e-10,1.1556124526789879e-10,1.1554870417245351e-10,1.1553617205490504e-10,1.1552364891698563e-10,1.1551113473919202e-10,1.1549862950647847e-10,1.1548613321046014e-10,1.1547364584228076e-10,1.1546116738554222e-10,1.1544869783141361e-10,1.1543623716757646e-10,1.1542378538292348e-10,1.1541134246512786e-10,1.1539890840703441e-10,1.1538648319054221e-10,1.1537406680710168e-10,1.1536165924711348e-10,1.1534926050241696e-10,1.15336870552706e-10,1.1532448938781254e-10,1.15312117007708e-10,1.1529975338498234e-10,1.1528739851317255e-10,1.1527505238585627e-10,1.1526271499010037e-10,1.1525038631208973e-10,1.1523806634487847e-10,1.1522575507298695e-10,1.1521345248735657e-10,1.1520115857913573e-10,1.151888733319622e-10,1.1517659674036246e-10,1.1516432878838705e-10,1.1515206946708026e-10,1.1513981876860777e-10,1.1512757667870236e-10,1.1511534318554977e-10,1.1510311828012566e-10,1.1509090195453703e-10,1.1507869418848099e-10,1.1506649497836032e-10,1.1505430431191184e-10,1.1504212217501598e-10,1.150299485608276e-10,1.1501778345771827e-10,1.1500562685327614e-10,1.149934787390775e-10,1.1498133910309654e-10,1.1496920793452896e-10,1.149570852226642e-10,1.1494497095682265e-10,1.1493286512628466e-10,1.1492076772011958e-10,1.1490867872795607e-10,1.1489659813921288e-10,1.1488452594590293e-10,1.1487246213202557e-10,1.1486040668974318e-10,1.1484835960839933e-10,1.1483632087752981e-10,1.148242904895179e-10,1.1481226843468489e-10,1.1480025469224717e-10,1.1478824925833896e-10,1.1477625212252548e-10,1.1476426327439439e-10,1.1475228270353041e-10,1.1474031039957498e-10,1.1472834635215286e-10,1.1471639055092752e-10,1.1470444298556999e-10,1.1469250364577768e-10,1.1468057252122824e-10,1.1466864960168002e-10,1.1465673487694118e-10,1.1464482833660232e-10,1.1463292997069275e-10,1.1462103976881696e-10,1.146091577209391e-10,1.1459728381684623e-10,1.1458541804682043e-10,1.1457356039783967e-10,1.14561710865532e-10,1.1454986943657319e-10,1.1453803609721256e-10,1.1452621084666013e-10,1.1451439366720402e-10,1.1450258455047727e-10,1.1449078348744138e-10,1.1447899046718003e-10,1.1446720547357786e-10,1.1445542850301867e-10,1.1444365955336716e-10,1.1443189859994373e-10,1.144201456422756e-10,1.1440840066352377e-10,1.1439666366898558e-10,1.1438493463125909e-10,1.1437321355514972e-10,1.1436150041712974e-10,1.143497952206508e-10,1.1433809794210642e-10,1.1432640858630919e-10,1.1431472713099912e-10,1.1430305357646784e-10,1.1429138790690705e-10,1.1427973011369497e-10,1.1426808018737625e-10,1.142564381190303e-10,1.1424480389812208e-10,1.1423317751469378e-10,1.142215589603766e-10,1.142099482239829e-10,1.1419834529607428e-10,1.1418675016870937e-10,1.1417516283337758e-10,1.1416358327679208e-10,1.1415201149152555e-10,1.1414044745800967e-10,1.1412889118755582e-10,1.1411734265883614e-10,1.1410580186757363e-10,1.1409426879681444e-10,1.140827434396067e-10,1.1407122578144157e-10,1.1405971582951712e-10,1.1404821355955729e-10,1.1403671896876821e-10,1.1402523204725045e-10,1.1401375278413184e-10,1.1400228116970891e-10,1.139908171954938e-10,1.1397936085301736e-10,1.139679121237017e-10,1.1395647100610522e-10,1.1394503748975392e-10,1.1393361156904713e-10,1.1392219324408052e-10,1.1391078249248618e-10,1.1389937931262585e-10,1.1388798368711602e-10,1.1387659560327584e-10,1.1386521506348333e-10,1.1385384205702484e-10,1.1384247657162769e-10,1.1383111859863629e-10,1.1381976813031987e-10,1.138084251560283e-10,1.1379708966640906e-10,1.1378576165330659e-10,1.1377444109880181e-10,1.1376312801192321e-10,1.1375182237617797e-10,1.1374052417985788e-10,1.1372923341626544e-10,1.1371795007498192e-10,1.1370667414792739e-10,1.136954056262692e-10,1.13684144501454e-10,1.1367289076414345e-10,1.1366164440581788e-10,1.1365040541769673e-10,1.1363917379100245e-10,1.1362794951703741e-10,1.1361673258704634e-10,1.1360552299082567e-10,1.135943207226894e-10,1.1358312577240512e-10,1.1357193813115178e-10,1.1356075779064151e-10,1.1354958474205043e-10,1.1353841897675757e-10,1.1352726048615411e-10,1.1351610926164654e-10,1.1350496529465656e-10,1.1349382857662039e-10,1.1348269909898897e-10,1.1347157685322778e-10,1.1346046183081779e-10,1.134493540232537e-10,1.134382534220453e-10,1.1342716001871727e-10,1.1341607380480776e-10,1.1340499477187107e-10,1.133939229114752e-10,1.133828582152084e-10,1.1337180067465569e-10,1.1336075028143448e-10,1.1334970702717988e-10,1.1333867090351311e-10,1.1332764190209826e-10,1.1331662001460375e-10,1.1330560523271267e-10,1.1329459754812223e-10,1.13283596952544e-10,1.1327260343770341e-10,1.1326161699534003e-10,1.1325063761720739e-10,1.132396652950737e-10,1.1322870002072047e-10,1.1321774178594397e-10,1.1320679058255367e-10,1.1319584640237353e-10,1.1318490923724097e-10,1.1317397907900804e-10,1.1316305591953958e-10,1.1315213975071542e-10,1.1314123056442798e-10,1.1313032835258399e-10,1.1311943310710392e-10,1.1310854481992244e-10,1.1309766348298702e-10,1.1308678908825886e-10,1.1307592162757034e-10,1.1306506109287544e-10,1.1305420747329692e-10,1.1304336076651307e-10,1.1303252095670113e-10,1.1302168804728986e-10,1.1301086202426998e-10,1.1300004287320829e-10,1.1298923059890828e-10,1.1297842518077688e-10,1.1296762661737886e-10,1.1295683490081342e-10,1.1294605002311391e-10,1.1293527197636986e-10,1.1292450075297925e-10,1.1291373634489473e-10,1.1290297874451846e-10,1.128922279436839e-10,1.1288148393492812e-10,1.1287074671044952e-10,1.128600162623761e-10,1.1284929258300555e-10,1.1283857566459871e-10,1.1282786549938045e-10,1.1281716207980032e-10,1.1280646539813971e-10,1.1279577544650003e-10,1.1278509221734195e-10,1.1277441570317772e-10,1.1276374589625031e-10,1.1275308278881645e-10,1.1274242637320096e-10,1.1273177664173087e-10,1.1272113358726082e-10,1.1271049720209721e-10,1.1269986747842841e-10,1.1268924440895223e-10,1.1267862798604774e-10,1.1266801820219992e-10,1.1265741504953093e-10,1.1264681852078624e-10,1.1263622860852415e-10,1.1262564530525462e-10,1.126150686035504e-10,1.1260449849596267e-10,1.125939349846251e-10,1.1258337804266787e-10,1.1257282767247671e-10,1.1256228387345696e-10,1.1255174662481814e-10,1.1254121592557624e-10,1.125306917687075e-10,1.1252017414650008e-10,1.1250966305188633e-10,1.1249915848244868e-10,1.124886604311007e-10,1.1247816887511867e-10,1.124676838256704e-10,1.1245720526338483e-10,1.1244673319142464e-10,1.1243626759512823e-10,1.124258084671652e-10,1.1241535580207852e-10,1.1240490959264105e-10,1.123944698263862e-10,1.1238403650479622e-10,1.1237360961215543e-10,1.1236318914966834e-10,1.1235277510595563e-10,1.1234236747410482e-10,1.123319662410408e-10,1.1232157140909533e-10,1.1231118296939506e-10,1.123008009108224e-10,1.1229042522827176e-10,1.1228005591470815e-10,1.1226969296022291e-10,1.1225933636335661e-10,1.1224898611423493e-10,1.1223864220314904e-10,1.1222830462674802e-10,1.1221797337870512e-10,1.1220764844925918e-10,1.1219732983511158e-10,1.1218701752519055e-10,1.1217671151611659e-10,1.1216641179190763e-10,1.1215611835461063e-10,1.1214583119488411e-10,1.1213555030287226e-10,1.1212527567623868e-10,1.1211500730929678e-10,1.1210474519665125e-10,1.1209448932695884e-10,1.1208423969234283e-10,1.1207399628886667e-10,1.1206375910237444e-10,1.1205352813235872e-10,1.1204330337262364e-10,1.1203308481683474e-10,1.1202287245753606e-10,1.1201266628436811e-10,1.1200246629703313e-10,1.1199227248243462e-10,1.1198208483616664e-10,1.1197190335400807e-10,1.1196172802414104e-10,1.1195155884256863e-10,1.1194139580242602e-10,1.1193123889690489e-10,1.1192108812229844e-10,1.1191094346624793e-10,1.1190080492480374e-10,1.1189067249137897e-10,1.1188054615830407e-10,1.1187042592092591e-10,1.1186031177167312e-10,1.1185020370375045e-10,1.1184010171075724e-10,1.118300057859663e-10,1.118199159228227e-10,1.1180983211418636e-10,1.1179975435465063e-10,1.1178968263692607e-10,1.1177961695557451e-10,1.1176955730281493e-10,1.1175950367169335e-10,1.1174945605629459e-10,1.1173941444376604e-10,1.1172937883862625e-10,1.1171934923160758e-10,1.1170932561441372e-10,1.1169930798095153e-10,1.1168929632362883e-10,1.1167929063739442e-10,1.1166929091409418e-10,1.1165929715141787e-10,1.1164930933183427e-10,1.1163932746215671e-10,1.1162935153071182e-10,1.1161938153100091e-10,1.1160941745138872e-10,1.1159945929743614e-10,1.1158950705608268e-10,1.1157956072121347e-10,1.1156962028689813e-10,1.1155968574731327e-10,1.1154975709529324e-10,1.1153983432453159e-10,1.1152991742873301e-10,1.115200064016103e-10,1.115101012368867e-10,1.1150020192829395e-10,1.1149030846957722e-10,1.1148042085448918e-10,1.1147053907678865e-10,1.1146066313025217e-10,1.1145079300866022e-10,1.1144092870593659e-10,1.1143107021473059e-10,1.1142121752971222e-10,1.1141137064390069e-10,1.1140152955276181e-10,1.1139169425542828e-10,1.1138186473345206e-10,1.113720409878623e-10,1.113622230114575e-10,1.1135241079849764e-10,1.1134260434293648e-10,1.1133280363800902e-10,1.1132300867809824e-10,1.1131321945810885e-10,1.1130343598099764e-10,1.1129365821998869e-10,1.1128388618519942e-10,1.1127411985956046e-10,1.1126435924255165e-10,1.1125460432814102e-10,1.1124485511030225e-10,1.1123511158302953e-10,1.1122537374032641e-10,1.1121564157768155e-10,1.1120591508762355e-10,1.1119619426418099e-10,1.1118647910140219e-10,1.11176769591852e-10,1.1116706573252875e-10,1.11157367521157e-10,1.1114767494672324e-10,1.1113798799809763e-10,1.1112830668099435e-10,1.1111863098256596e-10,1.1110896089031097e-10,1.1109929640744345e-10,1.1108963752115742e-10,1.1107998423231071e-10,1.110703365352474e-10,1.1106069444051073e-10,1.1105105790611217e-10,1.1104142694893613e-10,1.1103180155304696e-10,1.1102218173176826e-10,1.1101256745659106e-10,1.1100295873049056e-10,1.1099335554778109e-10,1.1098375789556771e-10,1.1097416577501622e-10,1.1096457917986791e-10,1.1095499810554914e-10,1.1094542254517111e-10,1.1093585249357893e-10,1.1092628794505839e-10,1.1091672889460902e-10,1.1090717533579261e-10,1.1089762726282375e-10,1.1088808467003373e-10,1.1087854755192526e-10,1.1086901590262001e-10,1.1085948971643486e-10,1.1084996898802122e-10,1.1084045371008978e-10,1.1083094388004923e-10,1.1082143949079408e-10,1.108119405364162e-10,1.1080244701172922e-10,1.1079295891044137e-10,1.107834762278438e-10,1.1077399895777907e-10,1.1076452709040492e-10,1.1075506062259423e-10,1.1074559955857037e-10,1.1073614388423295e-10,1.1072669359530029e-10,1.1071724867909517e-10,1.107078091417583e-10,1.1069837497332317e-10,1.10688946167882e-10,1.1067952271951712e-10,1.1067010462316331e-10,1.1066069187312137e-10,1.1065128446391435e-10,1.1064188238996841e-10,1.1063248564517528e-10,1.1062309422569546e-10,1.1061370812513632e-10,1.1060432733740601e-10,1.1059495185870426e-10,1.1058558167871584e-10,1.1057621679999298e-10,1.1056685721288801e-10,1.1055750291374059e-10,1.1054815389466575e-10,1.1053881015124133e-10,1.105294716785357e-10,1.105201384714431e-10,1.1051081052425376e-10,1.1050148782574653e-10,1.104921703824708e-10,1.1048285818082799e-10,1.1047355122499302e-10,1.1046424949640462e-10,1.1045495299162001e-10,1.1044566171047361e-10,1.1043637564703359e-10,1.104270947953876e-10,1.1041781915033875e-10,1.1040854870660446e-10,1.1039928345893107e-10,1.1039002340130838e-10,1.103807685291637e-10,1.1037151883734276e-10,1.1036227432127628e-10,1.1035303497670449e-10,1.1034380079434498e-10,1.1033457177210419e-10,1.1032534791357111e-10,1.1031612919715968e-10,1.1030691562247867e-10,1.102977071886666e-10,1.1028850388711346e-10,1.1027930571191809e-10,1.1027011266026819e-10,1.1026092473051897e-10,1.102517419103948e-10,1.1024256420158384e-10,1.1023339159346093e-10,1.102242240805258e-10,1.1021506165947213e-10,1.1020590432671128e-10,1.1019675207980594e-10,1.1018760490585599e-10,1.1017846280855273e-10,1.1016932577924368e-10,1.101601938109352e-10,1.1015106689059971e-10,1.1014194502651666e-10,1.101328282093704e-10,1.101237164340667e-10,1.1011460970414232e-10,1.101055079962707e-10,1.1009641131788881e-10,1.1008731966024317e-10,1.1007823301778068e-10,1.1006915138154729e-10,1.1006007475497587e-10,1.1005100313295043e-10,1.1004193650773761e-10,1.1003287487368408e-10,1.1002381822684308e-10,1.1001476656102357e-10,1.1000571987141254e-10,1.0999667816370358e-10,1.099876414153128e-10,1.0997860962857425e-10,1.099695827982352e-10,1.0996056092246147e-10,1.0995154399299359e-10,1.0994253200507439e-10,1.0993352495561535e-10,1.0992452284058639e-10,1.0991552565234388e-10,1.0990653338718434e-10,1.0989754604025311e-10,1.0988856361341695e-10,1.098795860886931e-10,1.0987061346744787e-10,1.0986164574504773e-10,1.0985268291678662e-10,1.098437249777276e-10,1.098347719230439e-10,1.098258237471882e-10,1.0981688044793294e-10,1.0980794201827151e-10,1.0979900845170256e-10,1.0979007974842067e-10,1.0978115589970787e-10,1.0977223690156344e-10,1.0976332275021864e-10,1.0975441344215545e-10,1.0974550896863256e-10,1.0973660932819225e-10,1.0972771451354866e-10,1.097188245224538e-10,1.0970993934851814e-10,1.0970105899494417e-10,1.096921834433618e-10,1.0968331269553114e-10,1.0967444674700576e-10,1.0966558558974514e-10,1.0965672922516782e-10,1.0964787764617678e-10,1.0963903084716243e-10,1.0963018882391739e-10,1.0962135157234443e-10,1.0961251908673894e-10,1.0960369136299708e-10,1.0959486839353461e-10,1.095860501768098e-10,1.0957723671391714e-10,1.0956842799148517e-10,1.0955962400669474e-10,1.0955082475428064e-10,1.0954203023465653e-10,1.0953324043816972e-10,1.0952445536398759e-10,1.0951567500264423e-10,1.0950689935841973e-10,1.0949812841830332e-10,1.0948936218045754e-10,1.0948060064006214e-10,1.0947184379315185e-10,1.0946309163487782e-10,1.0945434416075926e-10,1.0944560136799816e-10,1.0943686325310913e-10,1.0942812980431734e-10,1.0941940102517849e-10,1.0941067690391917e-10,1.0940195744560908e-10,1.0939324263343469e-10,1.093845324704683e-10,1.093758269512337e-10,1.0936712607031408e-10,1.0935842982520844e-10,1.0934973821047536e-10,1.0934105122167533e-10,1.0933236885440046e-10,1.0932369111660849e-10,1.0931501797912131e-10,1.0930634944987648e-10,1.0929768552449945e-10,1.0928902620998733e-10,1.0928037147907444e-10,1.0927172133792921e-10,1.0926307578396993e-10,1.0925443481944315e-10,1.0924579842418225e-10,1.0923716660283251e-10,1.0922853935028352e-10,1.0921991666133714e-10,1.0921129853230756e-10,1.0920268496852761e-10,1.0919407594712041e-10,1.0918547147238915e-10,1.0917687154019827e-10,1.0916827614715874e-10,1.0915968528889885e-10,1.0915109895954454e-10,1.0914251715518973e-10,1.091339398793851e-10,1.0912536711451591e-10,1.0911679886107022e-10,1.0910823511879889e-10,1.0909967588514384e-10,1.0909112114748185e-10,1.0908257090606106e-10,1.0907402515661067e-10,1.0906548389124721e-10,1.0905694710829729e-10,1.0904841481317137e-10,1.090398869894537e-10,1.0903136363299706e-10,1.0902284474605018e-10,1.0901433031801115e-10,1.0900582034391654e-10,1.0899731482328857e-10,1.0898881376009218e-10,1.0898031713328354e-10,1.0897182494593488e-10,1.0896333719529441e-10,1.0895485388120028e-10,1.0894637499456182e-10,1.0893790052942804e-10,1.0892943048809804e-10,1.0892096486347894e-10,1.0891250364579499e-10,1.0890404683662114e-10,1.0889559443132449e-10,1.0888714642460766e-10,1.0887870281384392e-10,1.0887026358978294e-10,1.0886182875653428e-10,1.0885339830702533e-10,1.088449722402745e-10,1.0883655054424615e-10,1.0882813322492959e-10,1.0881972026307547e-10,1.0881131166746974e-10,1.0880290742901562e-10,1.0879450754467267e-10,1.0878611201111632e-10,1.0877772082455804e-10,1.0876933397870893e-10,1.0876095146932194e-10,1.0875257329636489e-10,1.0874419945199377e-10,1.0873582993299368e-10,1.0872746474587211e-10,1.0871910386870638e-10,1.0871074730591737e-10,1.0870239505246551e-10,1.0869404710419417e-10,1.0868570345914959e-10,1.0867736411486698e-10,1.0866902906177054e-10,1.0866069829883567e-10,1.086523718227577e-10,1.0864404963120807e-10,1.0863573171536753e-10,1.0862741807392063e-10,1.0861910870219211e-10,1.0861080359313338e-10,1.0860250274996633e-10,1.0859420616496443e-10,1.0858591383492466e-10,1.0857762575609282e-10,1.0856934192359556e-10,1.0856106233238373e-10,1.0855278698066971e-10,1.0854451586420189e-10,1.0853624897886279e-10,1.0852798632220953e-10,1.0851972788718517e-10,1.0851147367187413e-10,1.0850322367140891e-10,1.0849497787818804e-10,1.0848673629775954e-10,1.084784989212321e-10,1.0847026574490956e-10,1.0846203676469815e-10,1.0845381197639426e-10,1.0844559137713426e-10,1.0843737496445188e-10,1.0842916273093431e-10,1.0842095467420502e-10,1.084127507948357e-10,1.0840455108098136e-10,1.083963555337665e-10,1.0838816415114649e-10,1.0837997692255497e-10,1.0837179384776543e-10,1.0836361492381885e-10,1.0835544014697537e-10,1.0834726951488587e-10,1.0833910301994055e-10,1.0833094065841104e-10,1.0832278243014251e-10,1.0831462833027153e-10,1.083064783541993e-10,1.0829833249874038e-10,1.0829019075906992e-10,1.0828205313244621e-10,1.0827391961501247e-10,1.0826579020340376e-10,1.082576648931198e-10,1.0824954368130132e-10,1.0824142656352085e-10,1.0823331353595523e-10,1.0822520459615476e-10,1.0821709973848868e-10,1.0820899896060655e-10,1.0820090226045616e-10,1.0819280963013893e-10,1.0818472106866244e-10,1.081766365722507e-10,1.0816855613709235e-10,1.0816047975875287e-10,1.0815240743321669e-10,1.0814433915863418e-10,1.0813627492996557e-10,1.0812821474450265e-10,1.0812015859805697e-10,1.0811210648762494e-10,1.0810405840844324e-10,1.080960143571307e-10,1.0808797433059305e-10,1.0807993832587935e-10,1.080719063376123e-10,1.080638783641473e-10,1.0805585439989453e-10,1.080478344426927e-10,1.0803981848851038e-10,1.0803180653461653e-10,1.0802379857542543e-10,1.0801579460828387e-10,1.080077946289004e-10,1.0799979863578997e-10,1.0799180662426316e-10,1.0798381859116293e-10,1.0797583453267572e-10,1.0796785444423434e-10,1.0795987832314699e-10,1.079519061664153e-10,1.0794393796743039e-10,1.0793597372690668e-10,1.0792801343723173e-10,1.0792005710081833e-10,1.0791210470942631e-10,1.0790415625706944e-10,1.0789621174745661e-10,1.0788827117322957e-10,1.0788033453188274e-10,1.0787240181761616e-10,1.078644730285655e-10,1.0785654816118368e-10,1.0784862721401945e-10,1.0784071017169649e-10,1.078327970492776e-10,1.0782488783466014e-10,1.0781698252382073e-10,1.0780908111436194e-10,1.0780118360180145e-10,1.0779328998371166e-10,1.0778540025509908e-10,1.0777751441430896e-10,1.0776963245723246e-10,1.0776175437757652e-10,1.0775388017708147e-10,1.0774600984988103e-10,1.077381433929301e-10,1.0773028080154455e-10,1.0772242207301449e-10,1.0771456720504209e-10,1.0770671619330504e-10,1.0769886903226582e-10,1.0769102571745836e-10,1.0768318625268527e-10,1.0767535063184186e-10,1.076675188515044e-10,1.0765969090399636e-10,1.0765186679106539e-10,1.0764404650708625e-10,1.0763623004264891e-10,1.0762841740719071e-10,1.0762060859032299e-10,1.0761280358776281e-10,1.076050023996309e-10,1.0759720501719365e-10,1.0758941144374182e-10,1.0758162167260973e-10,1.0757383569840664e-10,1.0756605352160792e-10,1.0755827513667559e-10,1.0755050054126549e-10,1.075427297324121e-10,1.0753496270619414e-10,1.0752719945756711e-10,1.0751943998645416e-10,1.0751168428859436e-10,1.0750393235938759e-10,1.0749618419619954e-10,1.0748843979502225e-10,1.0748069915388318e-10,1.0747296226909596e-10,1.074652291362319e-10,1.0745749975404343e-10,1.0744977411823479e-10,1.0744205222529792e-10,1.0743433407154463e-10,1.0742661965283348e-10,1.0741890896863456e-10,1.0741120201497202e-10,1.0740349878652466e-10,1.0739579928430594e-10,1.0738810350151475e-10,1.0738041143614572e-10,1.0737272308375938e-10,1.0736503844308943e-10,1.0735735751095263e-10,1.0734968028352637e-10,1.0734200675703096e-10,1.0733433692810084e-10,1.073266707922487e-10,1.0731900834993318e-10,1.073113495941386e-10,1.0730369452312561e-10,1.0729604313634284e-10,1.0728839542898561e-10,1.0728075139612933e-10,1.0727311103745876e-10,1.0726547434676048e-10,1.0725784132375013e-10,1.072502119629536e-10,1.072425862606331e-10,1.0723496421380189e-10,1.0722734582258291e-10,1.0721973108179232e-10,1.0721211998777775e-10,1.0720451253791482e-10,1.071969087303897e-10,1.0718930856014954e-10,1.0718171202463932e-10,1.0717411912082889e-10,1.0716652984491534e-10,1.071589441958e-10,1.0715136216851796e-10,1.0714378376092918e-10,1.0713620896911568e-10,1.0712863778962322e-10,1.0712107022154803e-10,1.0711350625941912e-10,1.0710594590206566e-10,1.070983891447931e-10,1.0709083598586545e-10,1.0708328642137387e-10,1.0707574044622921e-10,1.0706819806195015e-10,1.0706065926301522e-10,1.0705312404652569e-10,1.0704559240891672e-10,1.0703806434769107e-10,1.07030539857633e-10,1.0702301893949481e-10,1.0701550158847473e-10,1.0700798780055554e-10,1.0700047757428318e-10,1.0699297090720547e-10,1.0698546779464316e-10,1.0697796823353864e-10,1.069704722223693e-10,1.0696297975637429e-10,1.0695549083409757e-10,1.0694800545201446e-10,1.0694052360709172e-10,1.0693304529616861e-10,1.0692557051613294e-10,1.0691809926398169e-10,1.0691063153737527e-10,1.0690316733237558e-10,1.0689570664554725e-10,1.068882494756176e-10,1.068807958192276e-10,1.0687334567297258e-10,1.0686589903328799e-10,1.0685845589854036e-10,1.0685101626512753e-10,1.0684358012998107e-10,1.0683614749127454e-10,1.068287183431428e-10,1.0682129268551932e-10,1.0681387051419601e-10,1.068064518267792e-10,1.0679903661991448e-10,1.0679162489088137e-10,1.0678421663436752e-10,1.067768118523384e-10,1.0676941053835624e-10,1.067620126901065e-10,1.0675461830651802e-10,1.0674722738294296e-10,1.0673983991806111e-10,1.0673245590626154e-10,1.0672507534636106e-10,1.0671769823543985e-10,1.0671032457128747e-10,1.0670295434850036e-10,1.0669558756640917e-10,1.0668822422078451e-10,1.0668086431042043e-10,1.0667350783086156e-10,1.0666615478042411e-10,1.0665880515572869e-10,1.0665145895403859e-10,1.0664411617216125e-10,1.0663677680382685e-10,1.0662944085202057e-10,1.066221083166256e-10,1.0661477919463073e-10,1.0660745347060092e-10,1.0660013114955161e-10,1.065928122285499e-10,1.065854967041873e-10,1.0657818457504573e-10,1.0657087583710782e-10,1.065635704884666e-10,1.065562685236591e-10,1.0654896994447419e-10,1.0654167474578928e-10,1.0653438292503368e-10,1.0652709448018725e-10,1.065198094060223e-10,1.0651252770113777e-10,1.0650524936273552e-10,1.064979743878214e-10,1.0649070277374012e-10,1.0648343451800354e-10,1.0647616961759114e-10,1.0646890806947305e-10,1.0646164986963388e-10,1.0645439501867278e-10,1.0644714351629414e-10,1.0643989535117364e-10,1.0643265052451989e-10,1.0642540903421816e-10,1.0641817087680416e-10,1.0641093604831033e-10,1.0640370454910426e-10,1.0639647637553103e-10,1.0638925152391928e-10,1.0638202999153534e-10,1.0637481177611513e-10,1.0636759687450907e-10,1.0636038528471365e-10,1.0635317700296805e-10,1.0634597202760242e-10,1.0633877035527867e-10,1.0633157198370313e-10,1.0632437690987606e-10,1.0631718513112715e-10,1.0630999664484535e-10,1.0630281144880429e-10,1.0629562953944288e-10,1.0628845091416571e-10,1.062812755704074e-10,1.0627410350807876e-10,1.062669347202267e-10,1.0625976920643116e-10,1.0625260696321151e-10,1.0624544798884157e-10,1.0623829227980862e-10,1.0623113983186928e-10,1.0622399064555624e-10,1.0621684471684304e-10,1.0620970204313434e-10,1.0620256262096036e-10,1.0619542644476124e-10,1.0618829352148013e-10,1.0618116383841853e-10,1.0617403739030077e-10,1.0616691419025258e-10,1.0615979422728039e-10,1.061526774977922e-10,1.0614556399955294e-10,1.061384537254231e-10,1.0613134668128778e-10,1.0612424286058543e-10,1.0611714226076326e-10,1.0611004487971634e-10,1.0610295071410503e-10,1.0609585976067889e-10,1.0608877201849555e-10,1.060816874826575e-10,1.0607460615315898e-10,1.0606752803026089e-10,1.0606045310186179e-10,1.0605338136937099e-10,1.0604631283320045e-10,1.0603924748867097e-10,1.0603218533216777e-10,1.0602512636470087e-10,1.0601807058163248e-10,1.0601101798055324e-10,1.0600396855883132e-10,1.0599692231170782e-10,1.0598987924098055e-10,1.0598283934177232e-10,1.0597580261167067e-10,1.0596876904840535e-10,1.0596173864772309e-10,1.059547114092273e-10,1.0594768732944044e-10,1.0594066640604385e-10,1.0593364863707055e-10,1.0592663402049412e-10,1.0591962255119074e-10,1.0591261422790985e-10,1.0590560904845624e-10,1.0589860700593954e-10,1.0589160810643582e-10,1.0588461234274477e-10,1.0587761971062492e-10,1.0587063020590862e-10,1.0586364383554846e-10,1.0585666059722662e-10,1.058496804750469e-10,1.0584270347528967e-10,1.0583572959417383e-10,1.0582875882871004e-10,1.0582179117733001e-10,1.0581482663853977e-10,1.0580786520688742e-10,1.0580090688210277e-10,1.0579395165568176e-10,1.0578699953509317e-10,1.0578005051425635e-10,1.0577310458877065e-10,1.0576616175735215e-10,1.0575922201688282e-10,1.0575228536908696e-10,1.0574535181032586e-10,1.057384213295837e-10,1.057314939300993e-10,1.0572456960854043e-10,1.0571764836447529e-10,1.0571073019913886e-10,1.0570381510643555e-10,1.0569690307953335e-10,1.0568999411863004e-10,1.0568308822166253e-10,1.0567618538648492e-10,1.0566928560971367e-10,1.056623888883616e-10,1.0565549522520214e-10,1.0564860461478978e-10,1.0564171705359564e-10,1.0563483253986731e-10,1.0562795107132467e-10,1.0562107264570818e-10,1.0561419726074348e-10,1.0560732491938221e-10,1.0560045561679216e-10,1.0559358933703478e-10,1.055867260883913e-10,1.0557986587025136e-10,1.055730086778346e-10,1.0556615450701187e-10,1.0555930335730983e-10,1.05552455225147e-10,1.0554561011097178e-10,1.0553876801082536e-10,1.0553192892214546e-10,1.055250928428707e-10,1.0551825977038016e-10,1.0551142970134708e-10,1.0550460263443608e-10,1.0549777856856361e-10,1.0549095750018175e-10,1.0548413942693898e-10,1.0547732434649376e-10,1.0547051225649444e-10,1.0546370314630094e-10,1.0545689703014573e-10,1.0545009390443379e-10,1.0544329375465491e-10,1.0543649658490629e-10,1.0542970238776557e-10,1.0542291116493558e-10,1.0541612291383346e-10,1.0540933763284792e-10,1.0540255531944774e-10,1.0539577597098741e-10,1.0538899958440471e-10,1.053822261579796e-10,1.0537545568969841e-10,1.0536868817498295e-10,1.0536192361788048e-10,1.0535516200597311e-10,1.0534840334592459e-10,1.0534164762642208e-10,1.0533489485682697e-10,1.0532814503143606e-10,1.0532139814553762e-10,1.0531465419932736e-10,1.053079131976783e-10,1.0530117512038536e-10,1.0529443996670923e-10,1.052877077415851e-10,1.0528097844132293e-10,1.052742520617332e-10,1.0526752860951373e-10,1.0526080807391684e-10,1.0525409045524694e-10,1.0524737575090763e-10,1.0524066395936126e-10,1.0523395507937898e-10,1.0522724910557374e-10,1.0522054603678361e-10,1.0521384587025963e-10,1.0520714860577667e-10,1.0520045424095744e-10,1.0519376277422403e-10,1.0518707419927315e-10,1.051803885163729e-10,1.05173705725173e-10,1.0516702581268543e-10,1.05160348792533e-10,1.0515367465557006e-10,1.0514700339858238e-10,1.0514033502078236e-10,1.0513366951401027e-10,1.0512700688652543e-10,1.0512034713290222e-10,1.051136902366845e-10,1.0510703621950214e-10,1.0510038505743695e-10,1.0509373676890617e-10,1.050870913408948e-10,1.050804487727652e-10,1.0507380905975966e-10,1.0506717220402477e-10,1.0506053820004679e-10,1.0505390704595365e-10,1.050472787388735e-10,1.050406532778965e-10,1.0503403065947558e-10,1.0502741088277067e-10,1.0502079394436857e-10,1.0501417984376933e-10,1.0500756857799146e-10,1.0500096014495004e-10,1.0499435455307772e-10,1.0498775178104773e-10,1.0498115182907795e-10,1.0497455470477917e-10,1.0496796040224802e-10,1.0496136891911598e-10,1.0495478025321167e-10,1.0494819441601936e-10,1.049416113794391e-10,1.0493503115396694e-10,1.0492845373842302e-10,1.049218791353743e-10,1.0491530733041238e-10,1.0490873832757899e-10,1.0490217211229473e-10,1.0489560871044811e-10,1.0488904810294673e-10,1.0488249028942423e-10,1.0487593526385696e-10,1.0486938303211007e-10,1.048628335901651e-10,1.0485628692629138e-10,1.0484974304993554e-10,1.048432019626966e-10,1.0483666364908449e-10,1.048301281117627e-10,1.0482359534947227e-10,1.0481706535974423e-10,1.0481053814019866e-10,1.0480401369042735e-10,1.0479749200723725e-10,1.047909730887235e-10,1.0478445693253406e-10,1.047779435367129e-10,1.0477143290049063e-10,1.0476492502039405e-10,1.0475841989330588e-10,1.0475191751843372e-10,1.0474541789266749e-10,1.0473892101530498e-10,1.0473242688373071e-10,1.0472593549596095e-10,1.0471944684987279e-10,1.0471296094342598e-10,1.0470647777450884e-10,1.0469999734153552e-10,1.0469351964004763e-10,1.0468704467174871e-10,1.0468057243069393e-10,1.0467410291862423e-10,1.0466763612724498e-10,1.0466117206657534e-10,1.0465471072023042e-10,1.0464825209687392e-10,1.046417961905357e-10,1.04635342999215e-10,1.0462889252201471e-10,1.046224447547103e-10,1.0461599970090327e-10,1.0460955734935042e-10,1.0460311769904915e-10,1.0459668076019837e-10,1.0459024651900619e-10,1.0458381497477602e-10,1.045773861269426e-10,1.0457095997413108e-10,1.0456453651376473e-10,1.0455811574464541e-10,1.0455169766363128e-10,1.0454528226996645e-10,1.0453886956076177e-10,1.0453245953447759e-10,1.0452605218880083e-10,1.0451964752195023e-10,1.0451324553267088e-10,1.0450684621760017e-10,1.0450044958167865e-10,1.0449405561013439e-10,1.0448766430699727e-10,1.0448127566829372e-10,1.0447488969757533e-10,1.0446850638937164e-10,1.0446212574114716e-10,1.0445574775299055e-10,1.0444937242071131e-10,1.0444299974338394e-10,1.0443662972474973e-10,1.0443026235019626e-10,1.044238976274321e-10,1.0441753555001371e-10,1.0441117611966805e-10,1.0440481933128889e-10,1.0439846519116167e-10,1.0439211368010686e-10,1.0438576480941449e-10,1.0437941857327346e-10,1.0437307497051425e-10,1.0436673399989054e-10,1.0436039565821495e-10,1.0435405994457264e-10,1.0434772685621704e-10,1.0434139639065454e-10,1.0433506854797715e-10,1.0432874332511456e-10,1.0432242071978619e-10,1.0431610073032947e-10,1.0430978335516929e-10,1.043034685917693e-10,1.0429715643855338e-10,1.042908468934816e-10,1.0428453995441662e-10,1.0427823562044341e-10,1.0427193388855703e-10,1.0426563475723024e-10,1.0425933822455344e-10,1.0425304428801695e-10,1.0424675294686857e-10,1.0424046419696153e-10,1.0423417803933628e-10,1.0422789447125681e-10,1.0422161348999356e-10,1.0421533509461117e-10,1.0420905928175338e-10,1.0420278605114591e-10,1.041965153996264e-10,1.0419024732601371e-10,1.041839818282152e-10,1.0417771890548472e-10,1.0417145855386601e-10,1.041652007727976e-10,1.0415894555954394e-10,1.0415269291270974e-10,1.0414644283367947e-10,1.0414019531545574e-10,1.0413395035734851e-10,1.0412770795787686e-10,1.0412146811536513e-10,1.041152308289786e-10,1.0410899609332627e-10,1.0410276391100945e-10,1.0409653427815868e-10,1.0409030719457957e-10,1.0408408265542506e-10,1.0407786066072598e-10,1.0407164120777114e-10,1.0406542429557839e-10,1.0405920992194218e-10,1.0405299808488277e-10,1.0404678878265533e-10,1.0404058201359426e-10,1.0403437778293506e-10,1.040281760733154e-10,1.0402197689208006e-10,1.0401578023631115e-10,1.040095861060417e-10,1.0400339449772416e-10,1.0399720540761385e-10,1.0399101883574056e-10,1.0398483478107917e-10,1.0397865324219341e-10,1.039724742162697e-10,1.0396629770139955e-10,1.0396012369479641e-10,1.0395395219654894e-10,1.0394778320174124e-10,1.0394161671201167e-10,1.0393545272311667e-10,1.0392929123596054e-10,1.0392313224811648e-10,1.0391697575615352e-10,1.039108217584362e-10,1.0390467025450544e-10,1.0389852124158237e-10,1.0389237471757912e-10,1.0388623068106501e-10,1.0388008913198027e-10,1.0387395006611998e-10,1.0386781348175583e-10,1.0386167937790536e-10,1.0385554775360048e-10,1.0384941860560282e-10,1.038432919330862e-10,1.0383716773331672e-10,1.0383104600532597e-10,1.0382492674689169e-10,1.038188099569887e-10,1.0381269563302343e-10,1.0380658377351343e-10,1.0380047437672333e-10,1.0379436744039282e-10,1.0378826296419948e-10,1.0378216094449213e-10,1.0377606138120276e-10,1.0376996427277171e-10,1.0376386961550092e-10,1.0375777740883797e-10,1.037516876505849e-10,1.0374560033637169e-10,1.0373951546926361e-10,1.0373343304744327e-10,1.0372735306463494e-10,1.0372127552471649e-10,1.037152004205957e-10,1.0370912776127448e-10,1.0370305752867036e-10,1.0369698972783419e-10,1.0369092436360077e-10,1.0368486142311408e-10,1.0367880091165169e-10,1.0367274282603424e-10,1.0366668716486997e-10,1.0366063392217143e-10,1.0365458310501982e-10,1.0364853470558278e-10,1.0364248872437672e-10,1.0363644515873606e-10,1.0363040400713305e-10,1.0362436526278717e-10,1.0361832893396285e-10,1.0361229501396097e-10,1.0360626350107783e-10,1.0360023439263899e-10,1.0359420768885795e-10,1.0358818338610452e-10,1.0358216148419584e-10,1.0357614198129684e-10,1.035701248752915e-10,1.0356411016448437e-10,1.03558097847197e-10,1.0355208792170486e-10,1.0354608038628494e-10,1.0354007523914595e-10,1.0353407247893384e-10,1.035280721040048e-10,1.0352207411375345e-10,1.0351607850346523e-10,1.0351008527277444e-10,1.035040944206538e-10,1.0349810594380434e-10,1.034921198436818e-10,1.034861361166279e-10,1.0348015476225156e-10,1.0347417577589187e-10,1.034681991626091e-10,1.034622249151042e-10,1.0345625302966326e-10,1.0345028350766431e-10,1.0344431634680045e-10,1.034383515451943e-10,1.0343238910359783e-10,1.0342642901777345e-10,1.0342047128623243e-10,1.0341451590886556e-10,1.0340856288333177e-10,1.0340261220776729e-10,1.033966638802839e-10,1.0339071789979168e-10,1.0338477426444738e-10,1.0337883297663534e-10,1.0337289402656314e-10,1.0336695741328117e-10,1.033610231411542e-10,1.0335509120649139e-10,1.0334916161807544e-10,1.0334323435313281e-10,1.0333730941871519e-10,1.0333138681892574e-10,1.0332546654363754e-10,1.0331954859626811e-10,1.0331363297433817e-10,1.0330771968083449e-10,1.033018087032671e-10,1.0329590004760708e-10,1.0328999371040316e-10,1.0328408969009055e-10,1.0327818798674609e-10,1.0327228859588711e-10,1.0326639151879734e-10,1.0326049675308006e-10,1.032546042965346e-10,1.0324871414806713e-10,1.0324282631035169e-10,1.0323694077477042e-10,1.0323105753986024e-10,1.032251766045775e-10,1.0321929796188835e-10,1.0321342162375748e-10,1.0320754758444777e-10,1.0320167584009284e-10,1.0319580638905596e-10,1.0318993922964588e-10,1.031840743604242e-10,1.0317821178066944e-10,1.0317235148703126e-10,1.0316649347916521e-10,1.0316063775509457e-10,1.0315478431032381e-10,1.0314893314644986e-10,1.0314308426161391e-10,1.0313723765444689e-10,1.031313933232861e-10,1.0312555126638405e-10,1.0311971148322279e-10,1.031138739703833e-10,1.0310803872968043e-10,1.0310220575616329e-10,1.0309637504801193e-10,1.0309054660745935e-10,1.0308472042855723e-10,1.0307889651272342e-10,1.0307307485313328e-10,1.030672554552076e-10,1.0306143831041976e-10,1.0305562342041958e-10,1.0304981078580256e-10,1.030440004049799e-10,1.0303819227624037e-10,1.0303238639788044e-10,1.0302658276798435e-10,1.0302078138300011e-10,1.0301498224331396e-10,1.0300918534682463e-10,1.0300339069210742e-10,1.0299759827825879e-10,1.0299180810296984e-10,1.0298602016408015e-10,1.0298023446035124e-10,1.0297445099087019e-10,1.0296866975386674e-10,1.0296289074804495e-10,1.0295711397031161e-10,1.0295133942148989e-10,1.0294556709891353e-10,1.0293979700349311e-10,1.029340291290709e-10,1.029282634764086e-10,1.029225000508685e-10,1.0291673883720904e-10,1.0291097984021795e-10,1.029052230596232e-10,1.028994684930684e-10,1.0289371613931649e-10,1.0288796600183647e-10,1.0288221806798516e-10,1.0287647234278594e-10,1.0287072882435807e-10,1.0286498750909684e-10,1.028592484003182e-10,1.028535114928724e-10,1.0284777678700142e-10,1.0284204427948946e-10,1.0283631396655742e-10,1.0283058585418914e-10,1.028248599350854e-10,1.0281913620923423e-10,1.0281341467190525e-10,1.0280769532902166e-10,1.0280197817335048e-10,1.027962632070314e-10,1.0279055042479753e-10,1.0278483982618289e-10,1.0277913141068012e-10,1.0277342517635676e-10,1.0276772112182749e-10,1.0276201924577336e-10,1.0275631954349365e-10,1.0275062201992651e-10,1.0274492666981428e-10,1.0273923349352005e-10,1.0273354248682228e-10,1.0272785364966499e-10,1.0272216698044725e-10,1.0271648247809947e-10,1.027108001409048e-10,1.02705119964582e-10,1.0269944195276361e-10,1.0269376609871568e-10,1.0268809240688229e-10,1.0268242087296959e-10,1.026767514955268e-10,1.0267108427276956e-10,1.0266541920039219e-10,1.0265975628579131e-10,1.0265409551895487e-10,1.0264843690087967e-10,1.026427804306278e-10,1.026371261065573e-10,1.0263147392705312e-10,1.0262582389134075e-10,1.026201759939063e-10,1.0261453024009773e-10,1.0260888662711707e-10,1.0260324514992033e-10,1.0259760580794421e-10,1.025919686029488e-10,1.0258633352963887e-10,1.0258070058562542e-10,1.0257506977518055e-10,1.025694410929916e-10,1.025638145383349e-10,1.0255819010976964e-10,1.0255256780589101e-10,1.02546947625082e-10,1.0254132956619528e-10,1.0253571362815159e-10,1.0253009981077414e-10,1.0252448811127305e-10,1.0251887852642667e-10,1.0251327105542436e-10,1.0250766569843082e-10,1.0250206245305615e-10,1.0249646131853694e-10,1.0249086229232641e-10,1.0248526537379054e-10,1.0247967056150868e-10,1.0247407797211981e-10,1.024684874990927e-10,1.0246289912863867e-10,1.0245731284992781e-10,1.0245172866211514e-10,1.0244614656263631e-10,1.0244056655005484e-10,1.024349886234648e-10,1.0242941278198411e-10,1.024238390281878e-10,1.0241826735496566e-10,1.0241269776790374e-10,1.0240713026326921e-10,1.0240156484083919e-10,1.0239600149836925e-10,1.0239044023574445e-10,1.0238488105185644e-10,1.023793239455566e-10,1.0237376891376547e-10,1.0236821595921615e-10,1.0236266507923698e-10,1.0235711627336241e-10,1.0235156953979874e-10,1.0234602486582885e-10,1.023404822739608e-10,1.023349417511315e-10,1.0232940329480997e-10,1.0232386690473365e-10,1.0231833258021914e-10,1.0231280031941612e-10,1.0230727012281496e-10,1.0230174198615312e-10,1.0229621590937299e-10,1.0229069188970763e-10,1.0228516992894153e-10,1.0227965002533119e-10,1.022741321739481e-10,1.022686163761324e-10,1.0226310263112416e-10,1.0225759093566102e-10,1.0225208128941134e-10,1.0224657368991489e-10,1.0224106813919622e-10,1.022355646343265e-10,1.022300631731984e-10,1.0222456375538928e-10,1.0221906637845947e-10,1.0221357104185117e-10,1.0220807774400305e-10,1.0220258648347126e-10,1.0219709725801374e-10,1.0219161006845478e-10,1.021861249121915e-10,1.0218064178860676e-10,1.0217516069554098e-10,1.0216968163214056e-10,1.0216420459636142e-10,1.0215872958804714e-10,1.0215325660269166e-10,1.021477856435684e-10,1.0214231670724634e-10,1.0213684979042724e-10,1.0213138489604876e-10,1.0212592202067379e-10,1.0212046116070939e-10,1.0211500231717768e-10,1.021095454905805e-10,1.0210409067581703e-10,1.0209863787367434e-10,1.0209318708249162e-10,1.020877383011257e-10,1.0208229152819547e-10,1.0207684676218365e-10,1.0207140400231405e-10,1.0206596324921593e-10,1.0206052449927054e-10,1.0205508775132075e-10,1.0204965300386765e-10,1.0204422025580949e-10,1.0203878950564536e-10,1.0203336075227358e-10,1.0202793399429565e-10,1.0202250923041347e-10,1.0201708645933105e-10,1.020116656797517e-10,1.0200624689038205e-10,1.0200083008992876e-10,1.0199541527709946e-10,1.0199000245060349e-10,1.0198459160915108e-10,1.0197918275145432e-10,1.019737758755727e-10,1.0196837098189262e-10,1.0196296806809428e-10,1.0195756713121601e-10,1.0195216817565097e-10,1.0194677119405414e-10,1.0194137618687178e-10,1.019359831546601e-10,1.0193059209607227e-10,1.0192520300562021e-10,1.0191981588388693e-10,1.0191443072982449e-10,1.0190904754512159e-10,1.0190366632707953e-10,1.0189828707398573e-10,1.0189290978263494e-10,1.0188753445335323e-10,1.0188216108395944e-10,1.0187678967362602e-10,1.018714202227303e-10,1.0186605272951046e-10,1.0186068719007343e-10,1.0185532360603928e-10,1.0184996197548413e-10,1.0184460229673961e-10,1.0183924456865327e-10,1.0183388878442022e-10,1.0182853494893434e-10,1.0182318306537466e-10,1.0181783312144104e-10,1.0181248512142152e-10,1.0180713906895921e-10,1.018017949595688e-10,1.017964527917856e-10,1.0179111256334972e-10,1.0178577427278666e-10,1.0178043791700579e-10,1.0177510350014038e-10,1.0176977101754224e-10,1.0176444046709339e-10,1.0175911184868439e-10,1.0175378516132313e-10,1.0174846040223895e-10,1.0174313757291196e-10,1.0173781666059856e-10,1.0173249768262902e-10,1.0172718063001804e-10,1.0172186550063418e-10,1.0171655229200482e-10,1.0171124100855748e-10,1.0170593164243269e-10,1.0170062419517915e-10,1.0169531866686583e-10,1.0169001505147212e-10,1.0168471335224116e-10,1.0167941356772718e-10,1.0167411569450833e-10,1.0166881973304903e-10,1.0166352568146091e-10,1.0165823353812096e-10,1.0165294330225035e-10,1.0164765496973649e-10,1.0164236854484158e-10,1.0163708402104895e-10,1.0163180139978039e-10,1.0162652068353055e-10,1.0162124186823565e-10,1.0161596494771589e-10,1.0161068992297874e-10,1.0160541679852112e-10,1.0160014556748753e-10,1.0159487623054579e-10,1.015896087864859e-10,1.0158434323411878e-10,1.0157907957221331e-10,1.0157381779948872e-10,1.0156855791533117e-10,1.0156329991804145e-10,1.0155804380641972e-10,1.0155278957927389e-10,1.0154753723505856e-10,1.0154228677293002e-10,1.0153703819200465e-10,1.0153179149068972e-10,1.0152654666661478e-10,1.0152130372133411e-10,1.0151606265193197e-10,1.0151082345771621e-10,1.0150558613727977e-10,1.0150035068916352e-10,1.014951171122998e-10,1.0148988540563617e-10,1.0148465556776761e-10,1.01479427598906e-10,1.014742014958009e-10,1.0146897725827263e-10,1.0146375488521974e-10,1.0145853437492323e-10,1.0145331572685673e-10,1.0144809893988976e-10,1.0144288401135814e-10,1.0143767094208003e-10,1.0143245972976105e-10,1.0142725037310632e-10,1.0142204287181583e-10,1.0141683722401916e-10,1.0141163342944887e-10,1.0140643148093385e-10,1.0140123138830028e-10,1.0139603314502035e-10,1.0139083674739141e-10,1.0138564219843669e-10,1.0138044949486787e-10,1.013752586398841e-10,1.0137006962301901e-10,1.0136488244894368e-10,1.013596971163085e-10,1.0135451362351125e-10,1.0134933196939849e-10,1.0134415215282701e-10,1.0133897417272705e-10,1.0133379802784796e-10,1.0132862371710302e-10,1.0132345123929137e-10,1.0131828059326368e-10,1.0131311177793064e-10,1.0130794479209306e-10,1.0130277963434728e-10,1.0129761630400071e-10,1.0129245479962976e-10,1.0128729512078728e-10,1.0128213726529994e-10,1.012769812323906e-10,1.0127182702099285e-10,1.0126667462991226e-10,1.0126152405804933e-10,1.012563753021546e-10,1.0125122836533604e-10,1.012460832434619e-10,1.0124093993505092e-10,1.0123579844062507e-10,1.0123065876014769e-10,1.0122552089097108e-10,1.0122038483207334e-10,1.0121525058223222e-10,1.0121011814030037e-10,1.0120498750526773e-10,1.0119985867561779e-10,1.0119473165061587e-10,1.0118960642902169e-10,1.011844830103757e-10,1.0117936139664245e-10,1.0117424158034862e-10,1.0116912356101216e-10,1.0116400733942423e-10,1.0115889291611072e-10,1.0115378028656675e-10,1.0114866944435598e-10,1.0114356040334704e-10,1.0113845315358166e-10,1.0113334769599675e-10,1.0112824402858337e-10,1.0112314215058306e-10,1.0111804205989916e-10,1.0111294375584538e-10,1.0110784723724903e-10,1.011027525033418e-10,1.010976595529606e-10,1.0109256838476803e-10,1.0108747899802929e-10,1.0108239138775289e-10,1.010773055599697e-10,1.0107222150999463e-10,1.0106713923686021e-10,1.0106205873936541e-10,1.0105698000946879e-10,1.0105190305925319e-10,1.0104682788234337e-10,1.0104175447681195e-10,1.0103668284150233e-10,1.0103161297531968e-10,1.0102654487718632e-10,1.0102147854656276e-10,1.0101641398665969e-10,1.0101135118706464e-10,1.0100629014983119e-10,1.0100123087546329e-10,1.009961733638455e-10,1.0099111761171641e-10,1.0098606361903656e-10,1.0098101138519557e-10,1.0097596090586545e-10,1.0097091218486513e-10,1.0096586521950366e-10,1.0096082000766369e-10,1.0095577654879188e-10,1.0095073484172092e-10,1.009456948853807e-10,1.0094065667871312e-10,1.0093562022045032e-10,1.009305855095508e-10,1.00925552545125e-10,1.0092052132605845e-10,1.0091549184953134e-10,1.0091046411633932e-10,1.00905438125534e-10,1.0090041387565776e-10,1.0089539136607318e-10,1.0089037059719913e-10,1.0088535157071498e-10,1.0088033427673889e-10,1.0087531871804683e-10,1.0087030489427589e-10,1.0086529280446722e-10,1.0086028244732159e-10,1.0085527382164629e-10,1.0085026693101687e-10,1.0084526176649358e-10,1.0084025833049372e-10,1.0083525662132325e-10,1.0083025664092297e-10,1.0082525838286355e-10,1.0082026184880047e-10,1.0081526703790493e-10,1.0081027394931478e-10,1.0080528258093317e-10,1.0080029293321988e-10,1.0079530500447284e-10,1.0079031879314581e-10,1.0078533430077147e-10,1.0078035152265911e-10,1.0077537046131072e-10,1.0077039111117321e-10,1.0076541347434692e-10,1.00760437549989e-10,1.0075546333974798e-10,1.0075049083481858e-10,1.007455200355796e-10,1.0074055094349357e-10,1.0073558355721963e-10,1.0073061787140263e-10,1.0072565389653433e-10,1.007206916177366e-10,1.0071573105096662e-10,1.0071077218004345e-10,1.0070581501489957e-10,1.0070085954902444e-10,1.0069590578138417e-10,1.0069095371058024e-10,1.0068600333016238e-10,1.0068105464585877e-10,1.0067610766091882e-10,1.0067116236910957e-10,1.0066621876954559e-10,1.0066127686052732e-10,1.0065633663824038e-10,1.0065139810914315e-10,1.0064646126970525e-10,1.0064152611780974e-10,1.0063659265325763e-10,1.0063166086874676e-10,1.0062673076861963e-10,1.0062180235221876e-10,1.0061687561764228e-10,1.0061195056361332e-10,1.0060702718955141e-10,1.006021054941919e-10,1.0059718547698096e-10,1.0059226713657804e-10,1.0058735047203335e-10,1.0058243548256636e-10,1.0057752216598138e-10,1.0057261052108275e-10,1.0056770054987486e-10,1.0056279224858272e-10,1.0055788561847825e-10,1.0055298065669871e-10,1.005480773631682e-10,1.0054317573838996e-10,1.0053827577735101e-10,1.005333774794615e-10,1.0052848084678503e-10,1.0052358587684328e-10,1.0051869256914038e-10,1.0051380092207421e-10,1.0050891093393554e-10,1.005040226050088e-10,1.0049913593471187e-10,1.0049425092129411e-10,1.0048936756350999e-10,1.004844858608618e-10,1.0047960581087743e-10,1.004747274149236e-10,1.0046985067102457e-10,1.0046497557779851e-10,1.0046010213138872e-10,1.0045523033707014e-10,1.0045036019000914e-10,1.0044549168987153e-10,1.0044062483657412e-10,1.0043575962860759e-10,1.00430896064639e-10,1.0042603414425147e-10,1.0042117386553499e-10,1.0041631522699453e-10,1.0041145822919079e-10,1.0040660287049363e-10,1.0040174915021885e-10,1.0039689706736984e-10,1.0039204662084107e-10,1.003871978094291e-10,1.003823506323207e-10,1.0037750508864174e-10,1.0037266117471172e-10,1.0036781889479552e-10,1.0036297824405038e-10,1.0035813922389715e-10,1.0035330183226403e-10,1.0034846606816069e-10,1.0034363193128239e-10,1.0033879942175822e-10,1.003339685370612e-10,1.0032913927291177e-10,1.0032431163161843e-10,1.0031948561182693e-10,1.0031466121329259e-10,1.0030983843480808e-10,1.0030501727479325e-10,1.0030019773301906e-10,1.0029537980629724e-10,1.002905634976561e-10,1.0028574880396523e-10,1.0028093572436464e-10,1.0027612425557014e-10,1.0027131440108401e-10,1.0026650615675971e-10,1.0026169952413721e-10,1.0025689450068099e-10,1.0025209108593856e-10,1.0024728927863113e-10,1.002424890774496e-10,1.0023769049197872e-10,1.0023289350088153e-10,1.0022809811343213e-10,1.0022330432532009e-10,1.002185121423226e-10,1.0021372156022728e-10,1.0020893257857727e-10,1.0020414519522483e-10,1.0019935940990295e-10,1.0019457522159392e-10,1.0018979262953876e-10,1.0018501163380317e-10,1.0018023223087353e-10,1.0017545442136342e-10,1.0017067820315713e-10,1.0016590357738421e-10,1.0016113054209518e-10,1.0015635909647615e-10,1.001515892394878e-10,1.0014682097017853e-10,1.0014205428756122e-10,1.0013728919098721e-10,1.001325256792172e-10,1.00127763751628e-10,1.0012300340524742e-10,1.0011824464270669e-10,1.0011348746129603e-10,1.0010873186007407e-10,1.0010397783805289e-10,1.0009922539475757e-10,1.0009447452882343e-10,1.0008972523934789e-10,1.0008497752309169e-10,1.0008023138410419e-10,1.0007548681890264e-10,1.000707438251057e-10,1.0006600240508498e-10,1.000612625584521e-10,1.0005652427930723e-10,1.0005178757014357e-10,1.000470524287717e-10,1.0004231885420425e-10,1.0003758684660049e-10,1.0003285640456707e-10,1.0002812752765107e-10,1.000234002140215e-10,1.0001867446311448e-10,1.0001395027503583e-10,1.0000922764742876e-10,1.0000450657988204e-10,9.999978707130743e-11,9.999506912112118e-11,9.99903527285319e-11,9.998563789234205e-11,9.99809246085097e-11,9.997621288314313e-11,9.997150271376542e-11,9.996679409416456e-11,9.996208702593196e-11,9.995738150938875e-11,9.995267754335061e-11,9.994797512965781e-11,9.994327426004405e-11,9.993857493879358e-11,9.9933877164849e-11,9.992918093620042e-11,9.9924486252886e-11,9.991979311269642e-11,9.991510151574123e-11,9.991041146060718e-11,9.990572294309074e-11,9.990103597058965e-11,9.98963505368564e-11,9.989166664158578e-11,9.988698428336216e-11,9.98823034628071e-11,9.987762417830559e-11,9.987294642763481e-11,9.98682702121212e-11,9.986359552998146e-11,9.985892238001042e-11,9.98542507614766e-11,9.984958067378307e-11,9.984491211547075e-11,9.98402450853898e-11,9.983557958354372e-11,9.983091560844755e-11,9.982625316001966e-11,9.982159223737024e-11,9.981693283830293e-11,9.981227496254125e-11,9.980761861010199e-11,9.980296378638488e-11,9.979831047696126e-11,9.979365868753075e-11,9.978900841584247e-11,9.978435966312136e-11,9.977971242859735e-11,9.977506671020888e-11,9.977042250724744e-11,9.976577981922783e-11,9.976113864495899e-11,9.975649898382571e-11,9.975186083525596e-11,9.974722419793551e-11,9.974258907072793e-11,9.973795545306489e-11,9.97333233375026e-11,9.972869273659094e-11,9.972406364434314e-11,9.97194360587583e-11,9.971480997818949e-11,9.971018539990346e-11,9.970556232709728e-11,9.970094075712775e-11,9.969632068692346e-11,9.969170211774031e-11,9.968708504869095e-11,9.968246947890486e-11,9.967785540649149e-11,9.967324283327507e-11,9.966863175647661e-11,9.966402217651523e-11,9.965941409748478e-11,9.965480750544374e-11,9.965020240816841e-11,9.964559880172173e-11,9.964099668958983e-11,9.963639605435076e-11,9.963179692022589e-11,9.962719927487196e-11,9.962260311700778e-11,9.961800844700734e-11,9.961341526360741e-11,9.960882356279193e-11,9.96042333474954e-11,9.959964461960005e-11,9.959505737392952e-11,9.959047161049897e-11,9.958588732849707e-11,9.958130452708244e-11,9.957672320541347e-11,9.957214336265198e-11,9.956756499790586e-11,9.956298811043963e-11,9.955841269930958e-11,9.955383876378877e-11,9.954926630299168e-11,9.954469531607082e-11,9.954012580220617e-11,9.953555776055675e-11,9.953099119030674e-11,9.952642609080999e-11,9.952186245996604e-11,9.951730029861754e-11,9.951273960012063e-11,9.950818037408279e-11,9.950362261744999e-11,9.949906632570382e-11,9.949451149926551e-11,9.948995813381011e-11,9.948540623636803e-11,9.948085579831831e-11,9.94763068164711e-11,9.947175929347586e-11,9.94672132330968e-11,9.946266864027484e-11,9.945812550387579e-11,9.945358382054061e-11,9.944904360048658e-11,9.944450482883073e-11,9.943996751181397e-11,9.943543164452025e-11,9.943089723597208e-11,9.942636427857425e-11,9.94218327733941e-11,9.941730271834181e-11,9.941277411766003e-11,9.940824696169426e-11,9.940372125403947e-11,9.939919699474312e-11,9.939467418182228e-11,9.93901528105254e-11,9.938563288661122e-11,9.938111440839479e-11,9.937659737332998e-11,9.937208178381568e-11,9.936756763441939e-11,9.936305492505106e-11,9.935854365602293e-11,9.935403382680495e-11,9.934952543569648e-11,9.934501848227607e-11,9.934051296133707e-11,9.933600888103364e-11,9.933150623561039e-11,9.932700502539553e-11,9.93225052473056e-11,9.93180069035939e-11,9.93135099919844e-11,9.930901451243028e-11,9.93045204627057e-11,9.930002784321376e-11,9.92955366521645e-11,9.929104689582087e-11,9.928655856034386e-11,9.928207165290169e-11,9.927758617114692e-11,9.92731021128155e-11,9.926861947792947e-11,9.926413826781606e-11,9.925965847979423e-11,9.925518011420916e-11,9.925070316875223e-11,9.924622764354735e-11,9.924175353853942e-11,9.923728085141382e-11,9.923280958205013e-11,9.922833972968792e-11,9.922387129356994e-11,9.921940427290643e-11,9.921493866695763e-11,9.921047447489239e-11,9.920601169575426e-11,9.920155032903313e-11,9.919709037041414e-11,9.919263181831155e-11,9.918817468355966e-11,9.918371895311171e-11,9.917926463792063e-11,9.917481173329145e-11,9.917036023111763e-11,9.916591013567317e-11,9.916146143941138e-11,9.91570141527815e-11,9.91525682698415e-11,9.914812379044333e-11,9.914368071323646e-11,9.913923904186525e-11,9.913479876601182e-11,9.913035988989917e-11,9.912592241359096e-11,9.912148633491339e-11,9.911705165473072e-11,9.911261837028601e-11,9.910818648165866e-11,9.910375598820034e-11,9.909932688943099e-11,9.909489918417026e-11,9.909047287250851e-11,9.908604795439417e-11,9.908162442546043e-11,9.907720228710282e-11,9.9072781539773e-11,9.906836218029036e-11,9.90639442090233e-11,9.905952762521903e-11,9.905511242847407e-11,9.905069861880435e-11,9.90462861946857e-11,9.904187515375745e-11,9.903746548871929e-11,9.90330572150271e-11,9.902865032234542e-11,9.90242448111143e-11,9.901984068052659e-11,9.901543793094908e-11,9.901103656001315e-11,9.900663656727051e-11,9.90022379513515e-11,9.89978407166133e-11,9.899344484980674e-11,9.89890503632113e-11,9.898465725061466e-11,9.898026551165906e-11,9.897587514609485e-11,9.897148615252829e-11,9.896709853149331e-11,9.896271228515922e-11,9.895832740403439e-11,9.895394389260367e-11,9.894956174940553e-11,9.89451809742415e-11,9.894080156588656e-11,9.893642352382476e-11,9.893204684719958e-11,9.892767153814338e-11,9.892329759079973e-11,9.891892500653677e-11,9.891455378485637e-11,9.891018392495016e-11,9.890581542691699e-11,9.890144828718462e-11,9.889708250657302e-11,9.889271808610672e-11,9.888835502435492e-11,9.888399332224401e-11,9.887963297439106e-11,9.887527398256485e-11,9.887091634573667e-11,9.886656006172247e-11,9.886220513372267e-11,9.885785155796658e-11,9.885349933392777e-11,9.884914846200975e-11,9.884479893251013e-11,9.88404507538561e-11,9.883610393170914e-11,9.8831758459171e-11,9.882741433196984e-11,9.882307155330911e-11,9.881873012117891e-11,9.881439003425854e-11,9.88100512897864e-11,9.880571389189615e-11,9.880137784663784e-11,9.87970431446147e-11,9.879270977824073e-11,9.878837774907641e-11,9.878404706053606e-11,9.877971770804015e-11,9.877538969267054e-11,9.877106301210514e-11,9.876673767862687e-11,9.876241368201314e-11,9.875809101977107e-11,9.875376969656968e-11,9.874944970979676e-11,9.87451310533317e-11,9.87408137386237e-11,9.873649775821086e-11,9.87321830991447e-11,9.872786977032225e-11,9.872355777297349e-11,9.87192471047036e-11,9.871493776571242e-11,9.871062975460068e-11,9.870632306984745e-11,9.870201771360197e-11,9.869771368272596e-11,9.869341097730312e-11,9.868910958814993e-11,9.868480953199509e-11,9.868051080021324e-11,9.867621338839151e-11,9.867191729912885e-11,9.866762253094258e-11,9.866332908310393e-11,9.865903695549049e-11,9.865474614668585e-11,9.865045665607533e-11,9.864616848156258e-11,9.864188162479789e-11,9.863759608391368e-11,9.863331185842276e-11,9.862902894444814e-11,9.862474734651525e-11,9.862046706340224e-11,9.861618809367026e-11,9.861191043503106e-11,9.860763407369099e-11,9.860335903327052e-11,9.859908530585946e-11,9.859481288728529e-11,9.859054178093403e-11,9.858627197831329e-11,9.858200348204701e-11,9.857773630322901e-11,9.857347041865568e-11,9.856920583430665e-11,9.856494255804812e-11,9.856068058515391e-11,9.855641991094687e-11,9.855216054394658e-11,9.854790247158492e-11,9.854364570144918e-11,9.853939023571275e-11,9.853513606919332e-11,9.85308832017348e-11,9.852663163164766e-11,9.852238135860202e-11,9.851813238199876e-11,9.851388470103835e-11,9.850963831489693e-11,9.850539322365856e-11,9.850114942695305e-11,9.849690692217085e-11,9.849266570958703e-11,9.848842578869478e-11,9.848418715871352e-11,9.847994981895437e-11,9.847571376872985e-11,9.847147900735155e-11,9.846724553421939e-11,9.846301334847302e-11,9.84587824497596e-11,9.845455283709365e-11,9.845032450972878e-11,9.844609746700005e-11,9.844187171120917e-11,9.843764723790225e-11,9.843342404415347e-11,9.842920213155786e-11,9.842498150212941e-11,9.842076215326166e-11,9.841654408441801e-11,9.841232729777529e-11,9.840811178323039e-11,9.840389754433322e-11,9.839968458891483e-11,9.839547289539956e-11,9.839126249224444e-11,9.83870533589204e-11,9.83828455054449e-11,9.837863892548378e-11,9.837443361923698e-11,9.837022958526532e-11,9.836602682291978e-11,9.836182533232605e-11,9.83576251115434e-11,9.835342616083948e-11,9.834922847924701e-11,9.834503207116703e-11,9.834083692580847e-11,9.833664305327176e-11,9.833245045239782e-11,9.832825910741691e-11,9.832406902845528e-11,9.831988021329496e-11,9.831569266060311e-11,9.83115063709143e-11,9.830732134403223e-11,9.830313758013201e-11,9.82989550758725e-11,9.829477383970367e-11,9.829059385557526e-11,9.82864151304212e-11,9.828223766190844e-11,9.827806145344989e-11,9.827388650086697e-11,9.826971280248832e-11,9.82655403632684e-11,9.826136918204221e-11,9.825719925244607e-11,9.825303057750577e-11,9.824886315477253e-11,9.824469698431299e-11,9.824053206579239e-11,9.823636839882507e-11,9.823220598270191e-11,9.822804481585545e-11,9.822388489817399e-11,9.821972622601371e-11,9.821556880480725e-11,9.821141262959565e-11,9.820725770336527e-11,9.820310402217955e-11,9.819895158677852e-11,9.819480039518855e-11,9.819065044837567e-11,9.818650174402234e-11,9.818235428033095e-11,9.817820805883351e-11,9.817406308241425e-11,9.816991934711513e-11,9.816577685452249e-11,9.816163559783372e-11,9.815749557834851e-11,9.815335679708723e-11,9.814921925418071e-11,9.814508294732503e-11,9.814094787649784e-11,9.813681404138262e-11,9.813268144113495e-11,9.812855007070832e-11,9.812441993818045e-11,9.812029103860073e-11,9.81161633699757e-11,9.811203693421807e-11,9.81079117300984e-11,9.810378775572182e-11,9.80996650112813e-11,9.80955434957023e-11,9.809142320856148e-11,9.808730415083093e-11,9.808318631843627e-11,9.807906971399356e-11,9.807495433418852e-11,9.807084017963616e-11,9.806672725292944e-11,9.806261554716741e-11,9.8058505063766e-11,9.80543958043472e-11,9.80502877664197e-11,9.804618094726986e-11,9.80420753511092e-11,9.803797097547984e-11,9.803386781940508e-11,9.802976588390361e-11,9.80256651649823e-11,9.802156566171264e-11,9.801746737736412e-11,9.80133703093217e-11,9.800927445774419e-11,9.800517981991998e-11,9.800108639788258e-11,9.799699418897384e-11,9.799290319476945e-11,9.79888134121031e-11,9.798472483951713e-11,9.798063748030107e-11,9.797655133103294e-11,9.797246639150134e-11,9.796838266232897e-11,9.796430014229092e-11,9.79602188296661e-11,9.795613872251754e-11,9.795205982291723e-11,9.794798213162958e-11,9.794390564529228e-11,9.793983036365335e-11,9.793575628405162e-11,9.79316834116693e-11,9.792761174306324e-11,9.792354127598229e-11,9.79194720107004e-11,9.791540394692563e-11,9.79113370835515e-11,9.79072714202562e-11,9.79032069572269e-11,9.789914369273835e-11,9.789508162710914e-11,9.789102075796477e-11,9.78869610856518e-11,9.788290260972506e-11,9.787884532975478e-11,9.787478923986318e-11,9.787073434931826e-11,9.786668065163013e-11,9.786262814843504e-11,9.785857683949077e-11,9.785452672181258e-11,9.785047778865121e-11,9.784643005416942e-11,9.784238350559295e-11,9.783833814926322e-11,9.783429398052382e-11,9.783025100157805e-11,9.782620921030549e-11,9.782216860430156e-11,9.781812918551347e-11,9.781409095556705e-11,9.781005390943881e-11,9.780601804946341e-11,9.780198337274383e-11,9.77979498800159e-11,9.779391757047998e-11,9.778988644884241e-11,9.778585650407394e-11,9.778182773827152e-11,9.777780015378516e-11,9.777377374470935e-11,9.776974851716845e-11,9.776572446813925e-11,9.776170159715231e-11,9.775767990497107e-11,9.775365939156425e-11,9.774964005487433e-11,9.774562189181895e-11,9.774160490024422e-11,9.773758908671253e-11,9.773357444517966e-11,9.772956097949553e-11,9.772554868739736e-11,9.7721537568879e-11,9.771752761940579e-11,9.771351884048247e-11,9.770951123145423e-11,9.770550479174826e-11,9.770149952213823e-11,9.769749542000649e-11,9.769349248566506e-11,9.768949071888358e-11,9.76854901188103e-11,9.768149068558055e-11,9.76774924177772e-11,9.767349531417536e-11,9.766949937491055e-11,9.766550459919358e-11,9.766151098690781e-11,9.765751853743515e-11,9.765352724801785e-11,9.764953712136349e-11,9.764554815541154e-11,9.764156034966697e-11,9.763757370460905e-11,9.763358821772751e-11,9.762960388923282e-11,9.762562071844729e-11,9.76216387050001e-11,9.761765784811506e-11,9.761367814711962e-11,9.760969960774878e-11,9.760572221744519e-11,9.760174598134301e-11,9.759777089890771e-11,9.759379697030676e-11,9.75898241944073e-11,9.758585256955784e-11,9.758188209649672e-11,9.757791277468147e-11,9.757394460230543e-11,9.756997758035549e-11,9.756601170623808e-11,9.75620469777664e-11,9.755808339748817e-11,9.755412096751713e-11,9.755015968512755e-11,9.75461995489339e-11,9.754224055796987e-11,9.753828270844289e-11,9.753432600733793e-11,9.753037044549472e-11,9.752641603095993e-11,9.75224627556046e-11,9.751851062588285e-11,9.751455963731492e-11,9.75106097904271e-11,9.750666108381795e-11,9.75027135166861e-11,9.749876708887433e-11,9.749482179931227e-11,9.749087764418638e-11,9.748693463047212e-11,9.74829927484776e-11,9.747905200733913e-11,9.747511240225664e-11,9.747117393274178e-11,9.746723659752444e-11,9.746330039801162e-11,9.745936533042953e-11,9.745543139608385e-11,9.74514985934356e-11,9.744756692469783e-11,9.744363638552228e-11,9.743970697686572e-11,9.743577869881541e-11,9.743185155024815e-11,9.742792553057463e-11,9.742400063880069e-11,9.742007687042804e-11,9.741615423385097e-11,9.741223272405476e-11,9.740831234038708e-11,9.740439308513418e-11,9.740047495210088e-11,9.739655794365205e-11,9.739264206518694e-11,9.738872730367847e-11,9.738481366497494e-11,9.738090114785555e-11,9.737698975351479e-11,9.737307947942297e-11,9.736917032591073e-11,9.736526229082767e-11,9.736135537737042e-11,9.735744957790058e-11,9.73535448995029e-11,9.734964133569533e-11,9.734573889346505e-11,9.734183756498083e-11,9.733793736112878e-11,9.733403826690216e-11,9.73301402864231e-11,9.73262434221685e-11,9.732234767103694e-11,9.731845302685478e-11,9.731455950003206e-11,9.731066708554729e-11,9.730677578481897e-11,9.730288559456792e-11,9.729899651683996e-11,9.729510854672628e-11,9.729122168785659e-11,9.728733593443103e-11,9.728345129073772e-11,9.727956775452308e-11,9.727568531960766e-11,9.727180399649426e-11,9.726792377845465e-11,9.726404466771817e-11,9.726016666223599e-11,9.725628975932257e-11,9.725241396213202e-11,9.724853926821236e-11,9.724466567973113e-11,9.724079319082671e-11,9.72369217987056e-11,9.723305151134547e-11,9.722918232589899e-11,9.722531423810939e-11,9.722144724898013e-11,9.721758136189483e-11,9.721371657460411e-11,9.720985288270101e-11,9.720599028564907e-11,9.720212878528974e-11,9.719826838392077e-11,9.719440907913612e-11,9.71905508683628e-11,9.718669375055593e-11,9.71828377294916e-11,9.717898279914626e-11,9.717512896370398e-11,9.717127622012629e-11,9.716742457020254e-11,9.716357401005506e-11,9.715972453843851e-11,9.715587615563461e-11,9.715202886632669e-11,9.714818266673479e-11,9.714433755653122e-11,9.714049353220755e-11,9.713665059761818e-11,9.713280874774037e-11,9.712896798410758e-11,9.712512830775628e-11,9.712128971590994e-11,9.711745220862255e-11,9.711361578757978e-11,9.710978045042204e-11,9.710594619362172e-11,9.71021130218233e-11,9.70982809320263e-11,9.709444992300295e-11,9.709061999632831e-11,9.708679115027465e-11,9.708296338426043e-11,9.707913669763399e-11,9.707531108992494e-11,9.707148656014538e-11,9.706766311019178e-11,9.706384073669026e-11,9.706001943909181e-11,9.705619921870855e-11,9.705238007572515e-11,9.704856200780838e-11,9.704474501248862e-11,9.704092909262626e-11,9.703711424649922e-11,9.703330047059075e-11,9.702948776913273e-11,9.702567613940283e-11,9.702186558242556e-11,9.701805609704424e-11,9.701424768232459e-11,9.701044033757381e-11,9.700663406331616e-11,9.700282885521581e-11,9.699902471671398e-11,9.699522164413303e-11,9.699141964112158e-11,9.698761870565332e-11,9.698381883671032e-11,9.69800200346375e-11,9.697622229654263e-11,9.697242562296427e-11,9.696863001267458e-11,9.696483546801282e-11,9.69610419865333e-11,9.695724956800716e-11,9.695345821232531e-11,9.694966791771247e-11,9.694587868328759e-11,9.694209050955046e-11,9.693830339570685e-11,9.693451734173948e-11,9.693073234718454e-11,9.692694841113657e-11,9.69231655375513e-11,9.691938371807924e-11,9.691560295529002e-11,9.69118232517795e-11,9.690804460197274e-11,9.690426700650279e-11,9.690049046687423e-11,9.68967149856174e-11,9.689294055399692e-11,9.688916717824918e-11,9.688539485248715e-11,9.68816235802409e-11,9.687785335925457e-11,9.687408418967519e-11,9.687031607210089e-11,9.686654900499931e-11,9.686278298516834e-11,9.685901801463232e-11,9.685525409571934e-11,9.685149122274566e-11,9.684772939915462e-11,9.684396862335385e-11,9.684020889682431e-11,9.683645021487017e-11,9.683269257974571e-11,9.682893598867371e-11,9.682518044157655e-11,9.682142593934613e-11,9.681767248108865e-11,9.681392006617645e-11,9.681016869447252e-11,9.680641836455239e-11,9.680266907738849e-11,9.679892083005954e-11,9.679517362341385e-11,9.679142745667582e-11,9.678768232970056e-11,9.678393824277804e-11,9.678019519576461e-11,9.677645318838458e-11,9.677271221876106e-11,9.676897228634897e-11,9.676523338957488e-11,9.676149552824241e-11,9.675775870317746e-11,9.675402291479483e-11,9.67502881580579e-11,9.674655443470951e-11,9.67428217548845e-11,9.673909010201503e-11,9.673535948244187e-11,9.673162989240033e-11,9.67279013309405e-11,9.672417380341782e-11,9.672044730714958e-11,9.671672184080221e-11,9.671299740777364e-11,9.67092740004026e-11,9.670555162454511e-11,9.670183027438463e-11,9.66981099553493e-11,9.669439066077808e-11,9.669067239243743e-11,9.668695515358328e-11,9.668323893731407e-11,9.667952374826666e-11,9.667580958543064e-11,9.667209644494457e-11,9.66683843262768e-11,9.666467323273365e-11,9.666096316291064e-11,9.665725411677515e-11,9.665354609116695e-11,9.66498390855633e-11,9.66461331021584e-11,9.664242813813961e-11,9.663872419319548e-11,9.663502126756707e-11,9.663131936158372e-11,9.662761847689067e-11,9.662391860844374e-11,9.662021975781361e-11,9.661652193235929e-11,9.661282511523077e-11,9.660912931281512e-11,9.660543452543073e-11,9.66017407556676e-11,9.659804800058132e-11,9.659435625683296e-11,9.659066552525835e-11,9.658697581081834e-11,9.658328710538663e-11,9.657959941358598e-11,9.657591273352168e-11,9.657222706746556e-11,9.656854241136128e-11,9.65648587644149e-11,9.656117612737032e-11,9.655749449945677e-11,9.65538138814709e-11,9.655013426869748e-11,9.654645566566617e-11,9.654277807167265e-11,9.653910148452693e-11,9.653542589865478e-11,9.653175132120748e-11,9.652807775166031e-11,9.652440518542341e-11,9.65207336302853e-11,9.651706307365944e-11,9.651339352043445e-11,9.650972497061044e-11,9.650605742589876e-11,9.650239087913804e-11,9.649872533594564e-11,9.649506079224445e-11,9.649139724592102e-11,9.648773470433376e-11,9.648407316116569e-11,9.648041261846969e-11,9.647675307306568e-11,9.647309452900529e-11,9.646943698128232e-11,9.646578043067749e-11,9.646212486971087e-11,9.645847031637124e-11,9.64548167550518e-11,9.64511641879848e-11,9.64475126166331e-11,9.644386203983822e-11,9.644021245714717e-11,9.64365638667608e-11,9.643291627022378e-11,9.642926966677065e-11,9.642562405563513e-11,9.6421979435987e-11,9.64183358062366e-11,9.641469316805293e-11,9.641105152095335e-11,9.640741086265195e-11,9.640377118980708e-11,9.640013250906242e-11,9.639649482136954e-11,9.639285811813151e-11,9.638922239858081e-11,9.63855876681571e-11,9.638195392408317e-11,9.637832116731482e-11,9.637468939598974e-11,9.637105860972643e-11,9.636742880651676e-11,9.636379998691995e-11,9.636017215365239e-11,9.6356545302704e-11,9.635291943407553e-11,9.634929455110849e-11,9.634567064822977e-11,9.63420477262951e-11,9.633842578339312e-11,9.633480482285788e-11,9.633118484145597e-11,9.632756584066302e-11,9.632394781649095e-11,9.632033077339586e-11,9.631671470913355e-11,9.631309962082745e-11,9.630948550654126e-11,9.630587237065693e-11,9.630226021372455e-11,9.629864903328904e-11,9.629503882783566e-11,9.62914295964966e-11,9.628782133953898e-11,9.628421405670448e-11,9.62806077450872e-11,9.627700241054201e-11,9.6273398045788e-11,9.626979465770272e-11,9.6266192235253e-11,9.626259078799432e-11,9.625899031144452e-11,9.62553908060964e-11,9.62517922708928e-11,9.624819470270264e-11,9.624459810433535e-11,9.624100247479232e-11,9.623740781294148e-11,9.623381412358013e-11,9.623022139382557e-11,9.622662963592622e-11,9.622303884224622e-11,9.621944901594299e-11,9.621586015353372e-11,9.621227225405211e-11,9.620868532082184e-11,9.620509935267881e-11,9.620151434715626e-11,9.619793030425317e-11,9.61943472220763e-11,9.619076510488773e-11,9.618718394923597e-11,9.618360376056281e-11,9.618002453000412e-11,9.61764462587034e-11,9.617286894619737e-11,9.616929259297719e-11,9.616571720077472e-11,9.616214276527289e-11,9.615856928450506e-11,9.615499676890998e-11,9.615142520749485e-11,9.614785460393069e-11,9.614428495325768e-11,9.614071626352272e-11,9.613714852497807e-11,9.613358174466995e-11,9.613001592289104e-11,9.612645104995257e-11,9.612288713164138e-11,9.611932416661665e-11,9.611576215288116e-11,9.611220109280399e-11,9.61086409859453e-11,9.61050818302903e-11,9.610152362584213e-11,9.609796636987208e-11,9.609441006748556e-11,9.609085471536438e-11,9.60873003109626e-11,9.608374685430765e-11,9.608019434932711e-11,9.607664279451584e-11,9.60730921819469e-11,9.606954251649528e-11,9.606599379744981e-11,9.606244602343671e-11,9.605889919463029e-11,9.605535331246046e-11,9.605180837628285e-11,9.604826438428759e-11,9.604472133783337e-11,9.604117923353661e-11,9.603763807146168e-11,9.60340978534909e-11,9.603055857903482e-11,9.60270202455103e-11,9.602348285323228e-11,9.601994640353935e-11,9.60164108929027e-11,9.601287632028155e-11,9.600934268777718e-11,9.600580999628782e-11,9.60022782449995e-11,9.59987474307038e-11,9.59952175526622e-11,9.599168861454673e-11,9.598816061312666e-11,9.598463354851076e-11,9.598110742010835e-11,9.597758222732322e-11,9.597405796974959e-11,9.597053465097031e-11,9.596701226329806e-11,9.596349080971413e-11,9.595997028983856e-11,9.595645070443593e-11,9.595293205072144e-11,9.59494143293029e-11,9.594589753988053e-11,9.594238168197782e-11,9.593886675652145e-11,9.59353527608025e-11,9.593183969252004e-11,9.592832755640716e-11,9.592481634978311e-11,9.592130607559126e-11,9.591779672617324e-11,9.591428830995406e-11,9.591078081392527e-11,9.590727424742355e-11,9.590376861107489e-11,9.590026389792856e-11,9.589676011251423e-11,9.589325725068002e-11,9.588975531627041e-11,9.58862543048986e-11,9.588275421321509e-11,9.587925505000901e-11,9.587575681027552e-11,9.587225949597616e-11,9.586876310328519e-11,9.586526763472307e-11,9.586177308579952e-11,9.585827945828664e-11,9.58547867517476e-11,9.58512949642808e-11,9.584780410047883e-11,9.584431415392246e-11,9.584082512673616e-11,9.583733702048706e-11,9.583384983017745e-11,9.583036355643295e-11,9.582687820101797e-11,9.582339376354177e-11,9.581991024074616e-11,9.581642763506135e-11,9.581294594525045e-11,9.580946517129552e-11,9.580598530998195e-11,9.580250636562674e-11,9.579902833983586e-11,9.579555122313431e-11,9.579207502015074e-11,9.578859972942247e-11,9.57851253495241e-11,9.578165188242132e-11,9.577817932861587e-11,9.577470768039485e-11,9.577123694849567e-11,9.57677671311056e-11,9.576429821956813e-11,9.576083021910882e-11,9.57573631291352e-11,9.575389694859195e-11,9.575043167673284e-11,9.574696730961115e-11,9.574350385074876e-11,9.574004129622775e-11,9.573657965066296e-11,9.57331189123021e-11,9.572965907986416e-11,9.572620015228366e-11,9.57227421296004e-11,9.571928501067846e-11,9.571582879625617e-11,9.57123734861235e-11,9.570891907925864e-11,9.570546557528594e-11,9.570201297366887e-11,9.569856127736986e-11,9.569511048068396e-11,9.569166058301464e-11,9.568821158868367e-11,9.568476349120182e-11,9.568131629760752e-11,9.567787000366688e-11,9.567442460862909e-11,9.567098011092533e-11,9.566753650806294e-11,9.566409380759621e-11,9.566065200755341e-11,9.565721110166483e-11,9.56537710955594e-11,9.565033198515402e-11,9.564689377104824e-11,9.56434564522609e-11,9.564002002898311e-11,9.563658450071397e-11,9.563314986588266e-11,9.562971612699054e-11,9.562628328000873e-11,9.562285132817978e-11,9.561942026776805e-11,9.561599010107978e-11,9.561256082661615e-11,9.560913244378904e-11,9.560570495134917e-11,9.560227834936871e-11,9.559885263826e-11,9.559542781685606e-11,9.559200388318675e-11,9.558858084106995e-11,9.558515868781306e-11,9.558173742292591e-11,9.557831704632041e-11,9.557489756029447e-11,9.557147895865362e-11,9.556806124351268e-11,9.556464441594235e-11,9.556122847644062e-11,9.555781341366518e-11,9.555439924219397e-11,9.555098595538205e-11,9.554757355326341e-11,9.554416203522346e-11,9.554075140097857e-11,9.553734165078783e-11,9.553393278325757e-11,9.553052479767205e-11,9.552711769406796e-11,9.552371147087806e-11,9.552030613043704e-11,9.551690167092857e-11,9.551349809173798e-11,9.551009539192784e-11,9.550669357076791e-11,9.550329263075883e-11,9.549989256966666e-11,9.549649338711437e-11,9.54930950855339e-11,9.548969765898092e-11,9.548630110980249e-11,9.548290543748839e-11,9.547951064091849e-11,9.547611672098658e-11,9.547272367721906e-11,9.546933150955861e-11,9.546594021433196e-11,9.546254979573986e-11,9.545916025396375e-11,9.545577158336314e-11,9.545238378611473e-11,9.544899686034732e-11,9.544561080881297e-11,9.544222562955388e-11,9.543884132218494e-11,9.543545788630637e-11,9.543207532154249e-11,9.542869362764267e-11,9.542531280625548e-11,9.542193285629892e-11,9.541855377222416e-11,9.54151755582002e-11,9.54117982119076e-11,9.540842173346824e-11,9.540504612357341e-11,9.540167138145212e-11,9.539829750659359e-11,9.53949244984661e-11,9.539155235682026e-11,9.538818108114702e-11,9.538481067116417e-11,9.538144112655773e-11,9.537807244692342e-11,9.537470463168843e-11,9.537133768025407e-11,9.536797159292292e-11,9.536460636910394e-11,9.536124200814747e-11,9.535787850980672e-11,9.535451587369668e-11,9.535115409944473e-11,9.534779318759977e-11,9.534443313587708e-11,9.534107394330604e-11,9.533771561260038e-11,9.533435814150964e-11,9.533100153029514e-11,9.532764577827484e-11,9.532429088503079e-11,9.532093685035095e-11,9.531758367360808e-11,9.53142313544465e-11,9.5310879892546e-11,9.530752928753723e-11,9.530417953919358e-11,9.530083064691627e-11,9.529748261031842e-11,9.529413542908519e-11,9.529078910293576e-11,9.528744363210844e-11,9.52840990147203e-11,9.528075525128603e-11,9.527741234123762e-11,9.527407028431724e-11,9.52707290801167e-11,9.526738872842542e-11,9.526404922860491e-11,9.526071058020574e-11,9.52573727879866e-11,9.525403584194046e-11,9.525069974618453e-11,9.524736450052556e-11,9.524403010457768e-11,9.524069655798717e-11,9.523736386002595e-11,9.523403201101815e-11,9.523070101022456e-11,9.522737085726653e-11,9.52240415517721e-11,9.522071309340646e-11,9.5217385484647e-11,9.52140587193543e-11,9.521073280001862e-11,9.520740772631289e-11,9.520408349795337e-11,9.520076011441265e-11,9.519743757538237e-11,9.519411588037969e-11,9.519079502911435e-11,9.518747502133842e-11,9.518415585647661e-11,9.518083753427372e-11,9.517752005439715e-11,9.517420341633335e-11,9.517088761980459e-11,9.516757266441003e-11,9.516425854982764e-11,9.516094527535525e-11,9.515763284123366e-11,9.515432124686256e-11,9.515101049182482e-11,9.514770057566442e-11,9.514439149806091e-11,9.514108325863324e-11,9.513777585705733e-11,9.513446929306166e-11,9.513116356605181e-11,9.512785867578986e-11,9.51245546219615e-11,9.512125140406934e-11,9.511794902189422e-11,9.511464747491455e-11,9.511134676284488e-11,9.510804688532369e-11,9.51047478420708e-11,9.510144963254649e-11,9.509815225645827e-11,9.509485571352867e-11,9.50915600032431e-11,9.508826512540097e-11,9.508497107958429e-11,9.50816778653461e-11,9.507838548243279e-11,9.507509393027292e-11,9.50718032086891e-11,9.50685133173011e-11,9.506522425565902e-11,9.506193602349053e-11,9.505864862039429e-11,9.505536204609298e-11,9.505207630022839e-11,9.504879138221762e-11,9.504550729192295e-11,9.504222402883428e-11,9.503894159266499e-11,9.503565998308517e-11,9.503237919968029e-11,9.502909924218248e-11,9.50258201100082e-11,9.502254180317644e-11,9.501926432104052e-11,9.501598766329387e-11,9.501271182969029e-11,9.500943681971283e-11,9.500616263305023e-11,9.500288926939558e-11,9.499961672830738e-11,9.499634500947075e-11,9.499307411256782e-11,9.498980403719258e-11,9.498653478297965e-11,9.498326635008737e-11,9.497999873717327e-11,9.49767319443668e-11,9.497346597123824e-11,9.497020081756666e-11,9.496693648287336e-11,9.496367296549825e-11,9.49604102678134e-11,9.495714838814637e-11,9.495388732605937e-11,9.495062708141508e-11,9.494736765355944e-11,9.49441090423041e-11,9.494085124719757e-11,9.493759426799055e-11,9.493433810436218e-11,9.493108275575998e-11,9.492782822195011e-11,9.492457450255584e-11,9.492132159727932e-11,9.491806950507234e-11,9.491481822698375e-11,9.491156776181014e-11,9.490831810935922e-11,9.490506926924396e-11,9.490182124122461e-11,9.489857402467278e-11,9.489532761940345e-11,9.489208202595209e-11,9.488883724217172e-11,9.48855932692167e-11,9.488235010561499e-11,9.487910775156611e-11,9.487586620664487e-11,9.487262547058065e-11,9.486938554296849e-11,9.48661464235085e-11,9.486290811150062e-11,9.485967060719836e-11,9.485643391010265e-11,9.485319802006179e-11,9.484996293636224e-11,9.484672865754107e-11,9.484349518584092e-11,9.484026251888012e-11,9.483703065693438e-11,9.483379959959058e-11,9.483056934633513e-11,9.482733989729625e-11,9.482411125179992e-11,9.482088340819788e-11,9.481765636894701e-11,9.481443013234322e-11,9.481120469419805e-11,9.480798006170023e-11,9.480475622999288e-11,9.480153319941541e-11,9.47983109704785e-11,9.479508954196573e-11,9.479186891369719e-11,9.478864908514068e-11,9.478543005580958e-11,9.478221182596763e-11,9.477899439483145e-11,9.477577776227085e-11,9.477256192768e-11,9.476934689060601e-11,9.476613265064418e-11,9.476291920759384e-11,9.475970656138139e-11,9.475649471161438e-11,9.475328365787001e-11,9.475007340416931e-11,9.474686394095451e-11,9.474365527299072e-11,9.474044740075726e-11,9.473724032288367e-11,9.47340340415025e-11,9.473082855368313e-11,9.472762385688813e-11,9.472441995227946e-11,9.472121684393203e-11,9.471801452339124e-11,9.471481299646075e-11,9.471161226092209e-11,9.470841231507674e-11,9.470521316045139e-11,9.470201480094501e-11,9.469881722736535e-11,9.469562044406423e-11,9.469242445118026e-11,9.468922924737025e-11,9.468603483618457e-11,9.468284120979978e-11,9.467964837172315e-11,9.467645632190854e-11,9.467326505847536e-11,9.467007459852777e-11,9.466688490561613e-11,9.466369600980289e-11,9.46605078971521e-11,9.46573205663967e-11,9.46541340223387e-11,9.465094826257288e-11,9.464776328950612e-11,9.464457909501022e-11,9.464139569034043e-11,9.463821306903506e-11,9.463503122932723e-11,9.463185017808063e-11,9.462866990536996e-11,9.462549042193224e-11,9.462231172424426e-11,9.461913379851008e-11,9.461595665062037e-11,9.461278028904136e-11,9.46096047074755e-11,9.460642990595237e-11,9.460325588472979e-11,9.460008264450037e-11,9.459691018097061e-11,9.459373849963297e-11,9.459056760002695e-11,9.458739748346902e-11,9.458422813792587e-11,9.458105957366203e-11,9.457789178418277e-11,9.457472477096686e-11,9.457155853521045e-11,9.456839308096605e-11,9.456522839353282e-11,9.456206448937927e-11,9.455890136761274e-11,9.455573901475805e-11,9.455257743281632e-11,9.454941663649353e-11,9.454625660447867e-11,9.454309735009293e-11,9.45399388657143e-11,9.453678115469959e-11,9.453362422064032e-11,9.453046805882728e-11,9.452731266583513e-11,9.452415804403222e-11,9.452100419835898e-11,9.451785112051863e-11,9.451469880949796e-11,9.451154727343865e-11,9.450839650692829e-11,9.450524651070386e-11,9.450209728517161e-11,9.449894883162832e-11,9.449580114340533e-11,9.449265422499714e-11,9.448950807820245e-11,9.448636269674026e-11,9.448321808269357e-11,9.448007424157305e-11,9.447693116578113e-11,9.447378885353783e-11,9.447064730770995e-11,9.446750652775841e-11,9.446436651305222e-11,9.44612272650733e-11,9.445808878089347e-11,9.445495106289907e-11,9.445181411327163e-11,9.444867792368192e-11,9.444554249983763e-11,9.44424078361304e-11,9.44392739379302e-11,9.44361408020734e-11,9.443300843142622e-11,9.442987682070894e-11,9.442674597175894e-11,9.442361588432403e-11,9.442048655941155e-11,9.441735799017009e-11,9.441423019558979e-11,9.441110315306824e-11,9.440797686929223e-11,9.440485134607047e-11,9.440172658254534e-11,9.43986025775096e-11,9.439547933141666e-11,9.439235684432061e-11,9.438923511517261e-11,9.438611414150019e-11,9.438299392777013e-11,9.437987446779096e-11,9.437675576857986e-11,9.437363782541663e-11,9.437052064003264e-11,9.436740420103367e-11,9.436428852621594e-11,9.436117360098598e-11,9.435805943755455e-11,9.435494603078315e-11,9.435183337515304e-11,9.434872147240486e-11,9.434561031650555e-11,9.434249992549628e-11,9.433939028798706e-11,9.433628139944177e-11,9.433317326560763e-11,9.433006588364039e-11,9.432695925336078e-11,9.432385337311694e-11,9.432074824041005e-11,9.431764386606783e-11,9.431454023848058e-11,9.431143736136854e-11,9.430833523383493e-11,9.430523385933036e-11,9.430213322695302e-11,9.429903334760831e-11,9.429593421636229e-11,9.42928358345658e-11,9.42897382021257e-11,9.42866413121715e-11,9.428354517340654e-11,9.428044978222533e-11,9.427735513771236e-11,9.427426123954823e-11,9.42711680873452e-11,9.426807568221326e-11,9.426498402204582e-11,9.426189311006901e-11,9.425880293669717e-11,9.425571351068762e-11,9.425262483198333e-11,9.424953689527888e-11,9.424644970240902e-11,9.424336325402061e-11,9.424027754305064e-11,9.423719257327138e-11,9.423410835185039e-11,9.423102487419247e-11,9.422794213752182e-11,9.422486014236178e-11,9.422177888455482e-11,9.42186983727544e-11,9.421561860093315e-11,9.421253956867976e-11,9.42094612745767e-11,9.420638372261811e-11,9.420330691033504e-11,9.42002308367134e-11,9.419715549244945e-11,9.419408089791079e-11,9.419100703836305e-11,9.418793391725659e-11,9.418486153048461e-11,9.418178988328298e-11,9.417871897877172e-11,9.417564880758817e-11,9.417257937113298e-11,9.416951067244832e-11,9.4166442710773e-11,9.416337548351913e-11,9.416030899130934e-11,9.415724323401987e-11,9.415417821218429e-11,9.415111392368917e-11,9.414805036937293e-11,9.414498754677025e-11,9.414192545920318e-11,9.413886409880965e-11,9.413580347711635e-11,9.413274358621987e-11,9.412968442913811e-11,9.412662599711343e-11,9.412356829591802e-11,9.412051132588069e-11,9.411745508905625e-11,9.411439958698853e-11,9.411134481229303e-11,9.41082907656725e-11,9.410523745918288e-11,9.410218487321903e-11,9.409913301686721e-11,9.409608188591373e-11,9.409303148392737e-11,9.408998181356949e-11,9.408693287075192e-11,9.408388466255455e-11,9.40808371808987e-11,9.407779042314938e-11,9.407474438885767e-11,9.407169908430225e-11,9.406865449919391e-11,9.406561063929127e-11,9.406256750967206e-11,9.405952510247885e-11,9.405648342200781e-11,9.405344246549717e-11,9.405040223541855e-11,9.404736272933458e-11,9.404432394703007e-11,9.404128589229784e-11,9.403824856135279e-11,9.403521195320176e-11,9.403217606916491e-11,9.402914090730216e-11,9.402610646665057e-11,9.402307274853113e-11,9.402003974968914e-11,9.40170074729061e-11,9.401397591790826e-11,9.401094508502727e-11,9.400791496874154e-11,9.400488557665881e-11,9.400185689880631e-11,9.3998828939936e-11,9.399580170029945e-11,9.399277517982089e-11,9.398974937756211e-11,9.398672429381641e-11,9.398369992822953e-11,9.39806762800513e-11,9.397765334929403e-11,9.39746311352131e-11,9.397160963810971e-11,9.396858885739517e-11,9.396556879277411e-11,9.39625494439626e-11,9.395953081065789e-11,9.395651289257216e-11,9.395349568941008e-11,9.395047920088837e-11,9.394746342671879e-11,9.394444836658981e-11,9.394143402022402e-11,9.39384203873311e-11,9.39354074676166e-11,9.393239526079499e-11,9.392938376656198e-11,9.392637298464056e-11,9.392336291480924e-11,9.392035355670433e-11,9.391734491006159e-11,9.391433697459094e-11,9.391132975317284e-11,9.390832323871813e-11,9.390531742328212e-11,9.390231232889873e-11,9.389930794767582e-11,9.389630427239445e-11,9.389330130017733e-11,9.389029904344761e-11,9.388729749813496e-11,9.388429665826045e-11,9.388129652632382e-11,9.387829710224146e-11,9.387529838556909e-11,9.387230037598138e-11,9.386930307308426e-11,9.386630647675094e-11,9.386331058678343e-11,9.386031540276718e-11,9.385732092437292e-11,9.385432715103134e-11,9.385133408265456e-11,9.384834171982722e-11,9.384535006132781e-11,9.384235910652047e-11,9.38393688561958e-11,9.383637930919276e-11,9.383339046558579e-11,9.383040232507924e-11,9.382741488739868e-11,9.382442815145531e-11,9.382144211853499e-11,9.381845678759305e-11,9.381547215937467e-11,9.381248823186669e-11,9.380950500504717e-11,9.380652248043862e-11,9.380354065495379e-11,9.380055952893653e-11,9.379757910407789e-11,9.379459937784061e-11,9.37916203521294e-11,9.37886420239186e-11,9.378566439591612e-11,9.378268746635437e-11,9.377971123520751e-11,9.377673570204241e-11,9.377376086662869e-11,9.377078672642767e-11,9.376781328565484e-11,9.376484053596503e-11,9.376186848844306e-11,9.375889713741889e-11,9.375592648140385e-11,9.375295652217742e-11,9.374998725841824e-11,9.374701868949204e-11,9.374405081391269e-11,9.37410836313001e-11,9.373811714666126e-11,9.373515135598156e-11,9.373218625687318e-11,9.372922185693637e-11,9.372625814733801e-11,9.372329512928593e-11,9.372033280528509e-11,9.371737117327861e-11,9.37144102336954e-11,9.371144998560904e-11,9.370849042925073e-11,9.37055315684444e-11,9.370257339489175e-11,9.369961591259364e-11,9.369665912643448e-11,9.369370302192584e-11,9.369074761021043e-11,9.368779288807675e-11,9.368483885521373e-11,9.368188551147122e-11,9.367893285603109e-11,9.367598088678717e-11,9.3673029606361e-11,9.367007901471921e-11,9.36671291107477e-11,9.36641798802597e-11,9.366123135039297e-11,9.365828350785113e-11,9.365533635145232e-11,9.365238988204759e-11,9.364944409865549e-11,9.364649900107863e-11,9.364355458799677e-11,9.364061086016754e-11,9.363766781823905e-11,9.363472546117741e-11,9.36317837882027e-11,9.362884279949861e-11,9.36259025001883e-11,9.36229628812776e-11,9.362002394594332e-11,9.361708569063048e-11,9.361414812339519e-11,9.361121123954991e-11,9.360827503201891e-11,9.360533950927564e-11,9.360240466734984e-11,9.359947050491769e-11,9.359653702325955e-11,9.359360422199698e-11,9.359067209902198e-11,9.35877406592186e-11,9.358480990120268e-11,9.358187982119664e-11,9.357895042060812e-11,9.357602170031362e-11,9.357309366063126e-11,9.35701662910282e-11,9.356723960761181e-11,9.356431360020785e-11,9.356138827243869e-11,9.355846362385672e-11,9.355553965090712e-11,9.355261635278258e-11,9.354969373874313e-11,9.354677179443051e-11,9.354385052635567e-11,9.354092992824887e-11,9.353801001011277e-11,9.353509076914416e-11,9.353217220337148e-11,9.352925431097445e-11,9.352633709488798e-11,9.352342055312283e-11,9.352050468603789e-11,9.35175894909263e-11,9.351467497049611e-11,9.3511761123362e-11,9.350884794521937e-11,9.350593545275773e-11,9.350302362261536e-11,9.35001124670971e-11,9.349720198123329e-11,9.349429216406342e-11,9.349138302422496e-11,9.348847455488383e-11,9.348556675542245e-11,9.348265962486776e-11,9.347975316608173e-11,9.347684737774766e-11,9.347394225872904e-11,9.347103780974351e-11,9.346813403132583e-11,9.346523091931905e-11,9.346232847292398e-11,9.345942669931498e-11,9.345652559410811e-11,9.345362515698986e-11,9.34507253984554e-11,9.344782629629551e-11,9.344492786189653e-11,9.344203009393188e-11,9.343913299292122e-11,9.343623654869921e-11,9.343334078020273e-11,9.343044567711648e-11,9.342755124005302e-11,9.342465746514622e-11,9.342176435858044e-11,9.341887191646994e-11,9.341598013791152e-11,9.341308902484783e-11,9.341019857548616e-11,9.340730878952335e-11,9.34044196635865e-11,9.340153120411367e-11,9.339864340978841e-11,9.339575627691173e-11,9.339286980577324e-11,9.33899839968567e-11,9.338709884998712e-11,9.338421436593853e-11,9.338133054347438e-11,9.337844738225475e-11,9.337556489250545e-11,9.33726830521036e-11,9.336980187209983e-11,9.336692135130203e-11,9.336404149061649e-11,9.336116228923333e-11,9.335828374731093e-11,9.335540586467836e-11,9.335252863427297e-11,9.334965207078523e-11,9.334677616350881e-11,9.334390091633926e-11,9.334102632692608e-11,9.33381523891202e-11,9.333527910756691e-11,9.333240648413171e-11,9.332953451719388e-11,9.332666321313121e-11,9.332379255839583e-11,9.332092256010002e-11,9.3318053218179e-11,9.331518453524766e-11,9.331231650677253e-11,9.33094491342424e-11,9.330658241282155e-11,9.330371634869787e-11,9.330085093702577e-11,9.329798618157768e-11,9.329512208032913e-11,9.329225863138228e-11,9.328939584192641e-11,9.328653369927615e-11,9.328367221255682e-11,9.328081137491647e-11,9.32779511891975e-11,9.327509165549849e-11,9.327223277340335e-11,9.326937454207421e-11,9.326651696184711e-11,9.326366003304355e-11,9.326080375477121e-11,9.325794812650891e-11,9.325509314874814e-11,9.325223882055833e-11,9.324938514206654e-11,9.324653211114822e-11,9.324367973076077e-11,9.324082799930419e-11,9.323797691628864e-11,9.323512648151103e-11,9.32322766952106e-11,9.32294275570138e-11,9.322657906418752e-11,9.322373122002476e-11,9.322088402293733e-11,9.321803747300144e-11,9.321519156884231e-11,9.321234631163358e-11,9.320950169954366e-11,9.320665773378027e-11,9.320381441397262e-11,9.320097173943706e-11,9.319812970983455e-11,9.319528832498413e-11,9.319244759177535e-11,9.318960749572853e-11,9.318676804365977e-11,9.318392923553595e-11,9.318109107092577e-11,9.317825354937338e-11,9.317541667242694e-11,9.317258043642812e-11,9.316974484452104e-11,9.316690989305908e-11,9.316407558381274e-11,9.316124191657039e-11,9.3158408891255e-11,9.315557650710254e-11,9.315274476347082e-11,9.314991366041121e-11,9.314708319665688e-11,9.31442533748379e-11,9.314142418985916e-11,9.313859564781377e-11,9.313576774568679e-11,9.313294048345394e-11,9.313011385884913e-11,9.312728787251656e-11,9.312446252573816e-11,9.312163781665712e-11,9.311881373551386e-11,9.311599030285203e-11,9.311316750729355e-11,9.311034534802293e-11,9.310752382204864e-11,9.310470293661135e-11,9.310188268850623e-11,9.309906307748196e-11,9.309624410279163e-11,9.30934257646045e-11,9.309060806017642e-11,9.308779099154316e-11,9.308497455857507e-11,9.308215876023994e-11,9.307934359629945e-11,9.307652906818455e-11,9.307371517223229e-11,9.307090191006728e-11,9.306808928203339e-11,9.306527728655596e-11,9.306246592439285e-11,9.305965519519044e-11,9.30568450986457e-11,9.305403563498869e-11,9.305122680375032e-11,9.304841860329541e-11,9.304561103547284e-11,9.30428040980273e-11,9.303999779302714e-11,9.303719212229301e-11,9.303438707845261e-11,9.303158266505666e-11,9.302877888193017e-11,9.302597572910738e-11,9.302317320560658e-11,9.302037131153888e-11,9.301757004626285e-11,9.301476941058679e-11,9.301196940370532e-11,9.300917002348305e-11,9.300637127302484e-11,9.300357314925483e-11,9.300077565478691e-11,9.29979787878622e-11,9.299518254914201e-11,9.299238693735907e-11,9.298959195149301e-11,9.298679759296029e-11,9.298400385956232e-11,9.298121074753164e-11,9.297841826525874e-11,9.297562641005569e-11,9.297283517968004e-11,9.297004457339791e-11,9.296725459319176e-11,9.296446523759135e-11,9.296167650626062e-11,9.295888839175232e-11,9.29561009039528e-11,9.295331403580371e-11,9.29505277997646e-11,9.294774218446632e-11,9.294495719457585e-11,9.294217282596336e-11,9.293938908109984e-11,9.293660595821952e-11,9.293382345702891e-11,9.293104157850352e-11,9.292826032085743e-11,9.29254796848833e-11,9.292269966982964e-11,9.29199202755906e-11,9.291714150190552e-11,9.291436334852959e-11,9.291158581533418e-11,9.290880890195098e-11,9.290603260933527e-11,9.29032569335783e-11,9.290048187885297e-11,9.289770744259226e-11,9.289493362437292e-11,9.289216042535357e-11,9.28893878447436e-11,9.288661588053606e-11,9.288384454013248e-11,9.288107381096057e-11,9.287830370030043e-11,9.287553421576021e-11,9.287276533934937e-11,9.286999707921586e-11,9.28672294356612e-11,9.286446240886066e-11,9.286169599560167e-11,9.285893019915534e-11,9.285616501709594e-11,9.285340045176944e-11,9.285063649873396e-11,9.284787316289117e-11,9.284511043514044e-11,9.284234832732633e-11,9.283958683198002e-11,9.283682595235669e-11,9.283406569085112e-11,9.283130603754725e-11,9.282854699698962e-11,9.282578857014162e-11,9.28230307558521e-11,9.282027355365038e-11,9.281751696372219e-11,9.281476098565553e-11,9.281200561713268e-11,9.280925086153039e-11,9.280649671716197e-11,9.280374318387165e-11,9.280099026054258e-11,9.279823794822675e-11,9.279548624677123e-11,9.279273515524414e-11,9.278998467326264e-11,9.278723480082001e-11,9.278448553851492e-11,9.278173688460807e-11,9.277898883529057e-11,9.277624140081502e-11,9.277349457267263e-11,9.277074835266261e-11,9.276800274069118e-11,9.276525773739601e-11,9.276251334045321e-11,9.275976955430351e-11,9.275702637163559e-11,9.275428379528066e-11,9.275154182577886e-11,9.274880046272584e-11,9.274605970712408e-11,9.274331955738458e-11,9.274058001172599e-11,9.273784107300794e-11,9.273510273951783e-11,9.273236501095464e-11,9.272962788702076e-11,9.272689136760787e-11,9.272415545251836e-11,9.272142014142241e-11,9.271868543414421e-11,9.271595133045033e-11,9.271321783005063e-11,9.271048493277105e-11,9.270775263841919e-11,9.270502094671669e-11,9.2702289857495e-11,9.269955937046482e-11,9.269682948540004e-11,9.269410020204782e-11,9.269137152019104e-11,9.268864343965668e-11,9.268591596019107e-11,9.26831890815649e-11,9.268046280361228e-11,9.26777371260232e-11,9.267501204858081e-11,9.267228757113905e-11,9.266956369332296e-11,9.26668404150769e-11,9.266411773616354e-11,9.266139565620313e-11,9.265867417503861e-11,9.265595329238313e-11,9.265323300819043e-11,9.265051332217185e-11,9.264779423403927e-11,9.264507574360845e-11,9.264235785061013e-11,9.263964055492678e-11,9.263692385616103e-11,9.26342077541559e-11,9.26314922486722e-11,9.262877733965429e-11,9.262606302674438e-11,9.262334930961077e-11,9.262063618816952e-11,9.261792366215734e-11,9.26152117315348e-11,9.261250039583255e-11,9.260978965491726e-11,9.260707950865359e-11,9.260436995672794e-11,9.260166099871932e-11,9.25989526346152e-11,9.259624486444193e-11,9.25935376874896e-11,9.259083110377982e-11,9.25881251131703e-11,9.25854197153394e-11,9.258271490978899e-11,9.258001069666197e-11,9.257730707565038e-11,9.257460404663086e-11,9.257190160952474e-11,9.256919976419021e-11,9.256649850947666e-11,9.256379784566986e-11,9.25610977728363e-11,9.255839829041689e-11,9.25556993984229e-11,9.255300109698381e-11,9.255030338498013e-11,9.254760626271411e-11,9.254490973024688e-11,9.254221378687055e-11,9.25395184328401e-11,9.253682366756117e-11,9.25341294904818e-11,9.253143590185687e-11,9.252874290136759e-11,9.252605048875821e-11,9.252335866404712e-11,9.252066742708194e-11,9.251797677758652e-11,9.25152867152943e-11,9.25125972395699e-11,9.25099083505219e-11,9.250722004783094e-11,9.25045323314587e-11,9.250184520133243e-11,9.249915865220537e-11,9.249647269306383e-11,9.249378731473688e-11,9.249110252143736e-11,9.248841831289736e-11,9.24857346881252e-11,9.248305165324504e-11,9.24803691970708e-11,9.247768732481285e-11,9.247500603629485e-11,9.24723253306961e-11,9.2469645217384e-11,9.246696567875078e-11,9.246428672235499e-11,9.246160834895355e-11,9.245893055794605e-11,9.245625335224451e-11,9.245357672838127e-11,9.24509006831485e-11,9.244822521945731e-11,9.244555033859434e-11,9.244287603723764e-11,9.244020231640447e-11,9.243752917607836e-11,9.243485660905589e-11,9.24321846339465e-11,9.24295132372303e-11,9.242684241942708e-11,9.242417218192831e-11,9.242150252240152e-11,9.241883344379705e-11,9.241616494419576e-11,9.241349702522965e-11,9.241082968467595e-11,9.240816292488744e-11,9.240549674487593e-11,9.240283113892855e-11,9.240016610632769e-11,9.239750165909087e-11,9.239483778204749e-11,9.239217448225972e-11,9.238951176039944e-11,9.238684961888479e-11,9.238418804976122e-11,9.238152705665076e-11,9.237886663939079e-11,9.237620679771779e-11,9.237354753189397e-11,9.237088884205774e-11,9.236823072734515e-11,9.236557318706716e-11,9.236291622209096e-11,9.236025983084666e-11,9.235760401419746e-11,9.235494877121284e-11,9.235229410183613e-11,9.234964000625834e-11,9.23469864807998e-11,9.234433353112467e-11,9.234168115508839e-11,9.233902935185949e-11,9.233637812154249e-11,9.233372746291165e-11,9.23310773772097e-11,9.232842786309863e-11,9.23257789187059e-11,9.23231305480552e-11,9.232048274864687e-11,9.231783552032316e-11,9.231518886315175e-11,9.231254277501046e-11,9.230989725721365e-11,9.230725231097295e-11,9.230460793493694e-11,9.23019641294209e-11,9.229932089187811e-11,9.229667822499613e-11,9.229403612695327e-11
18,1.45282977814992e-42,4.0941393413265536e-42,7.62839242568528e-42,1.1828253668798468e-41,1.6523881043293902e-41,2.1588742676094775e-41,2.692859872057421e-41,3.2473262062991544e-41,3.8170459509696186e-41,4.3981259611308574e-41,4.98766674355484e-41,5.583508845911956e-41,6.184043975279168e-41,6.788074325151352e-41,7.394707806495195e-41,8.003280019166958e-41,8.613296138606412e-41,9.224387634881603e-41,9.836280038406478e-41,1.0448768932606518e-40,1.106170207461251e-40,1.1674966078585082e-40,1.228847649811704e-40,1.2902170440408668e-40,1.3516001064712031e-40,1.4129933485518656e-40,1.47439417212006e-40,1.5358006421435157e-40,1.5972113174716087e-40,1.6586251247797575e-40,1.7200412646889064e-40,1.7814591418470727e-40,1.8428783128537888e-40,1.904298447479258e-40,1.9657192997775225e-40,2.0271406865762805e-40,2.088562471454215e-40,2.149984552809409e-40,2.211406854971474e-40,2.2728293215839407e-40,2.3342519106734683e-40,2.3956745909801385e-40,2.4570973392231833e-40,2.5185201380623844e-40,2.5799429745841107e-40,2.6413658391707523e-40,2.7027887246596353e-40,2.764211625715265e-40,2.8256345383650114e-40,2.887057459649154e-40,2.9484803873643475e-40,3.009903319869079e-40,3.071326255941087e-40,3.132749194669369e-40,3.194172135376277e-40,3.255595077557008e-40,3.317018020835355e-40,3.3784409649309938e-40,3.4398639096349635e-40,3.5012868547927624e-40,3.5627098002881687e-40,3.6241327460347446e-40,3.685555691968933e-40,3.746978638042624e-40,3.808401584220146e-40,3.869824530474559e-40,3.9312474767872875e-40,3.992670423142741e-40,4.0540933695301085e-40,4.115516315941353e-40,4.176939262370172e-40,4.238362208812061e-40,4.299785155264412e-40,4.361208101723614e-40,4.422631048187887e-40,4.4840539946570816e-40,4.545476941128792e-40,4.606899887602627e-40,4.6683228340786574e-40,4.729745780555432e-40,4.791168727033269e-40,4.852591673512137e-40,4.914014619990905e-40,4.975437566470646e-40,5.036860512950389e-40,5.0982834594306874e-40,5.1597064059103364e-40,5.221129352391038e-40,5.282552298871401e-40,5.343975245351593e-40,5.405398191832567e-40,5.466821138312906e-40,5.528244084793491e-40,5.589667031273885e-40,5.651089977754507e-40,5.7125129242352044e-40,5.773935870715811e-40,5.835358817196215e-40,5.896781763676763e-40,5.958204710157343e-40,6.019627656637827e-40,6.081050603118487e-40,6.14247354959931e-40,6.203896496079883e-40,6.265319442560617e-40,6.326742389041123e-40,6.3881653355215874e-40,6.449588282002278e-40,6.511011228482843e-40,6.572434174963576e-40,6.633857121444017e-40,6.695280067924712e-40,6.756703014405055e-40,6.818125960885911e-40,6.879548907366554e-40,6.940971853847205e-40,7.002394800327831e-40,7.063817746808456e-40,7.125240693289014e-40,7.186663639769427e-40,7.248086586250293e-40,7.3095095327307214e-40,7.370932479211562e-40,7.43235542569183e-40,7.493778372172798e-40,7.555201318653298e-40,7.61662426513401e-40,7.67804721161464e-40,7.739470158094973e-40,7.800893104575517e-40,7.86231605105642e-40,7.923738997537037e-40,7.985161944017485e-40,8.046584890498296e-40,8.108007836979016e-40,8.16943078345931e-40,8.230853729939908e-40,8.292276676420768e-40,8.35369962290149e-40,8.415122569381842e-40,8.476545515862499e-40,8.537968462343198e-40,8.599391408824002e-40,8.660814355304551e-40,8.72223730178487e-40,8.783660248265753e-40,8.845083194746189e-40,8.906506141226778e-40,8.967929087707647e-40,9.029352034188509e-40,9.090774980668788e-40,9.152197927149755e-40,9.213620873630114e-40,9.27504382011053e-40,9.336466766591136e-40,9.397889713071672e-40,9.459312659552457e-40,9.520735606033107e-40,9.582158552513652e-40,9.643581498994366e-40,9.705004445474981e-40,9.766427391955946e-40,9.827850338436366e-40,9.889273284916993e-40,9.950696231397803e-40,1.0012119177878198e-39,1.0073542124358624e-39,1.0134965070839467e-39,1.0196388017319939e-39,1.0257810963800686e-39,1.0319233910281428e-39,1.0380656856761643e-39,1.0442079803242667e-39,1.0503502749723185e-39,1.056492569620381e-39,1.0626348642684527e-39,1.0687771589165124e-39,1.0749194535645484e-39,1.0810617482125856e-39,1.0872040428606883e-39,1.0933463375087521e-39,1.0994886321568293e-39,1.1056309268048544e-39,1.1117732214529507e-39,1.1179155161010109e-39,1.1240578107490469e-39,1.130200105397133e-39,1.1363424000451972e-39,1.1424846946932591e-39,1.148626989341329e-39,1.1547692839893918e-39,1.1609115786374537e-39,1.1670538732855161e-39,1.1731961679335488e-39,1.1793384625816333e-39,1.1854807572296657e-39,1.1916230518777258e-39,1.1977653465257875e-39,1.203907641173856e-39,1.2100499358219181e-39,1.2161922304699806e-39,1.2223345251180453e-39,1.2284768197661072e-39,1.2346191144141694e-39,1.2407614090622326e-39,1.246903703710304e-39,1.2530459983583772e-39,1.2591882930064125e-39,1.2653305876544725e-39,1.2714728823025458e-39,1.2776151769506275e-39,1.2837574715986912e-39,1.28989976624676e-39,1.29604206089478e-39,1.3021843555428712e-39,1.3083266501909363e-39,1.3144689448389853e-39,1.320611239487051e-39,1.326753534135119e-39,1.3328958287831592e-39,1.3390381234312043e-39,1.3451804180792921e-39,1.3513227127273832e-39,1.3574650073754553e-39,1.3636073020234706e-39,1.3697495966715253e-39,1.3758918913196208e-39,1.3820341859676947e-39,1.3881764806157654e-39,1.3943187752637937e-39,1.4004610699118752e-39,1.4066033645598945e-39,1.412745659208013e-39,1.4188879538560725e-39,1.4250302485040998e-39,1.4311725431522126e-39,1.4373148378002052e-39,1.4434571324483155e-39,1.4495994270963728e-39,1.455741721744455e-39,1.4618840163924989e-39,1.4680263110405805e-39,1.474168605688615e-39,1.4803109003366328e-39,1.486453194984702e-39,1.4925954896327638e-39,1.4987377842808467e-39,1.5048800789289006e-39,1.5110223735769868e-39,1.517164668225026e-39,1.523306962873111e-39,1.5294492575211452e-39,1.5355915521691723e-39,1.5417338468172846e-39,1.547876141465348e-39,1.5540184361134103e-39,1.5601607307614724e-39,1.5663030254095426e-39,1.5724453200575795e-39,1.5785876147056654e-39,1.584729909353701e-39,1.5908722040018162e-39,1.597014498649822e-39,1.6031567932979034e-39,1.6092990879459795e-39,1.6154413825940513e-39,1.621583677242087e-39,1.6277259718901428e-39,1.633868266538219e-39,1.6400105611862496e-39,1.646152855834327e-39,1.652295150482414e-39,1.6584374451304645e-39,1.664579739778526e-39,1.6707220344265885e-39,1.6768643290746535e-39,1.683006623722713e-39,1.689148918370784e-39,1.695291213018834e-39,1.701433507666886e-39,1.707575802314982e-39,1.7137180969630242e-39,1.719860391611063e-39,1.7260026862591607e-39,1.7321449809072015e-39,1.7382872755552593e-39,1.7444295702033406e-39,1.7505718648514085e-39,1.7567141594994595e-39,1.762856454147489e-39,1.768998748795544e-39,1.775141043443656e-39,1.7812833380916884e-39,1.7874256327397322e-39,1.793567927387794e-39,1.7997102220358964e-39,1.805852516683936e-39,1.8119948113320182e-39,1.8181371059800812e-39,1.8242794006281505e-39,1.8304216952761828e-39,1.8365639899242733e-39,1.8427062845722935e-39,1.8488485792204293e-39,1.8549908738684757e-39,1.8611331685165518e-39,1.8672754631645695e-39,1.8734177578126442e-39,1.8795600524607285e-39,1.8857023471087664e-39,1.8918446417567896e-39,1.8979869364048914e-39,1.904129231052921e-39,1.9102715257010116e-39,1.916413820349085e-39,1.9225561149971367e-39,1.9286984096451906e-39,1.9348407042932467e-39,1.9409829989413156e-39,1.947125293589418e-39,1.953267588237471e-39,1.9594098828855572e-39,1.9655521775335876e-39,1.9716944721816702e-39,1.9778367668296987e-39,1.9839790614777555e-39,1.9901213561258404e-39,1.996263650773911e-39,2.0024059454219828e-39,2.008548240070037e-39,2.0146905347181183e-39,2.0208328293661118e-39,2.0269751240142006e-39,2.033117418662249e-39,2.0392597133103453e-39,2.045402007958411e-39,2.0515443026064635e-39,2.0576865972544782e-39,2.0638288919025517e-39,2.0699711865506075e-39,2.0761134811987123e-39,2.082255775846764e-39,2.0883980704948726e-39,2.0945403651429115e-39,2.1006826597909824e-39,2.1068249544390454e-39,2.1129672490871078e-39,2.119109543735157e-39,2.1252518383832136e-39,2.1313941330312828e-39,2.1375364276793034e-39,2.143678722327362e-39,2.1498210169754468e-39,2.1559633116235065e-39,2.162105606271533e-39,2.1682479009195552e-39,2.1743901955676564e-39,2.1805324902157687e-39,2.186674784863796e-39,2.1928170795118706e-39,2.198959374159915e-39,2.205101668808028e-39,2.2112439634560953e-39,2.2173862581041208e-39,2.223528552752207e-39,2.2296708474002713e-39,2.2358131420483222e-39,2.241955436696355e-39,2.2480977313444715e-39,2.2542400259925045e-39,2.2603823206405567e-39,2.2665246152885995e-39,2.2726669099366746e-39,2.278809204584762e-39,2.2849514992328105e-39,2.2910937938808428e-39,2.2972360885289688e-39,2.3033783831769757e-39,2.3095206778250332e-39,2.315662972473103e-39,2.3218052671212317e-39,2.3279475617692663e-39,2.3340898564173897e-39,2.340232151065415e-39,2.3463744457134068e-39,2.3525167403615386e-39,2.3586590350095606e-39,2.3648013296576102e-39,2.3709436243056866e-39,2.377085918953818e-39,2.3832282136018146e-39,2.3893705082498773e-39,2.3955128028979377e-39,2.4016550975460024e-39,2.4077973921940367e-39,2.4139396868421327e-39,2.420081981490191e-39,2.4262242761382362e-39,2.432366570786344e-39,2.438508865434375e-39,2.4446511600824638e-39,2.450793454730462e-39,2.4569357493785866e-39,2.4630780440266206e-39,2.469220338674652e-39,2.4753626333227355e-39,2.4815049279708423e-39,2.4876472226188942e-39,2.4937895172669703e-39,2.4999318119149772e-39,2.506074106563067e-39,2.512216401211131e-39,2.5183586958591725e-39,2.5245009905072316e-39,2.5306432851552952e-39,2.536785579803417e-39,2.5429278744514363e-39,2.549070169099489e-39,2.555212463747554e-39,2.5613547583956162e-39,2.567497053043679e-39,2.5736393476917354e-39,2.5797816423397972e-39,2.585923936987859e-39,2.592066231635926e-39,2.5982085262839885e-39,2.6043508209320506e-39,2.6104931155800865e-39,2.6166354102281724e-39,2.6227777048762178e-39,2.628919999524302e-39,2.635062294172369e-39,2.64120458882043e-39,2.6473468834684764e-39,2.653489178116549e-39,2.6596314727645888e-39,2.6657737674126648e-39,2.6719160620607396e-39,2.678058356708827e-39,2.6842006513568787e-39,2.690342946004891e-39,2.6964852406530015e-39,2.702627535301076e-39,2.708769829949094e-39,2.7149121245971684e-39,2.7210544192452063e-39,2.7271967138932165e-39,2.7333390085413046e-39,2.7394813031894557e-39,2.7456235978374995e-39,2.7517658924855093e-39,2.7579081871335818e-39,2.7640504817817143e-39,2.7701927764297333e-39,2.7763350710778228e-39,2.7824773657258303e-39,2.7886196603739237e-39,2.7947619550219844e-39,2.8009042496700184e-39,2.8070465443181e-39,2.8131888389661983e-39,2.8193311336142405e-39,2.825473428262253e-39,2.831615722910358e-39,2.837758017558413e-39,2.8439003122064854e-39,2.8500426068545282e-39,2.856184901502572e-39,2.8623271961506337e-39,2.8684694907987306e-39,2.874611785446735e-39,2.8807540800948404e-39,2.886896374742913e-39,2.8930386693910294e-39,2.899180964039044e-39,2.9053232586871215e-39,2.9114655533351852e-39,2.917607847983219e-39,2.923750142631288e-39,2.9298924372793514e-39,2.93603473192741e-39,2.942177026575473e-39,2.948319321223535e-39,2.954461615871599e-39,2.960603910519661e-39,2.966746205167724e-39,2.972888499815775e-39,2.979030794463851e-39,2.98517308911187e-39,2.991315383759929e-39,2.997457678408032e-39,3.003599973056147e-39,3.009742267704118e-39,3.0158845623522005e-39,3.0220268570002426e-39,3.028169151648248e-39,3.034311446296348e-39,3.040453740944426e-39,3.0465960355924745e-39,3.0527383302406315e-39,3.058880624888626e-39,3.065022919536653e-39,3.071165214184719e-39,3.077307508832852e-39,3.08344980348094e-39,3.089592098128912e-39,3.09573439277705e-39,3.101876687425153e-39,3.1080189820731465e-39,3.114161276721201e-39,3.120303571369283e-39,3.126445866017315e-39,3.132588160665364e-39,3.1387304553133644e-39,3.144872749961463e-39,3.151015044609507e-39,3.15715733925766e-39,3.163299633905729e-39,3.169441928553767e-39,3.175584223201827e-39,3.181726517849889e-39,3.1878688124979156e-39,3.194011107145974e-39,3.200153401794035e-39,3.206295696442118e-39,3.2124379910901814e-39,3.218580285738244e-39,3.2247225803863055e-39,3.2308648750343705e-39,3.237007169682433e-39,3.243149464330494e-39,3.249291758978562e-39,3.255434053626625e-39,3.2615763482746876e-39,3.267718642922729e-39,3.273860937570707e-39,3.280003232218866e-39,3.2861455268669305e-39,3.292287821515018e-39,3.298430116163092e-39,3.3045724108110994e-39,3.31071470545917e-39,3.3168570001072456e-39,3.3229992947552715e-39,3.329141589403365e-39,3.335283884051407e-39,3.341426178699492e-39,3.347568473347548e-39,3.353710767995592e-39,3.359853062643664e-39,3.3659953572918e-39,3.372137651939859e-39,3.378279946587975e-39,3.3844222412359526e-39,3.3905645358839745e-39,3.39670683053205e-39,3.402849125180105e-39,3.408991419828175e-39,3.41513371447623e-39,3.421276009124304e-39,3.427418303772367e-39,3.433560598420393e-39,3.439702893068471e-39,3.445845187716482e-39,3.451987482364529e-39,3.458129777012635e-39,3.4642720716606923e-39,3.470414366308728e-39,3.4765566609568053e-39,3.4826989556049284e-39,3.488841250253024e-39,3.494983544901095e-39,3.501125839549145e-39,3.507268134197183e-39,3.5134104288452363e-39,3.519552723493295e-39,3.525695018141326e-39,3.53183731278946e-39,3.5379796074375126e-39,3.54412190208549e-39,3.5502641967335995e-39,3.556406491381665e-39,3.562548786029696e-39,3.568691080677771e-39,3.574833375325876e-39,3.580975669973989e-39,3.587117964622022e-39,3.5932602592700446e-39,3.5994025539180874e-39,3.60554484856615e-39,3.6116871432142624e-39,3.6178294378623456e-39,3.62397173251041e-39,3.630114027158439e-39,3.636256321806441e-39,3.6423986164544796e-39,3.648540911102614e-39,3.654683205750665e-39,3.660825500398718e-39,3.666967795046835e-39,3.6731100896948926e-39,3.679252384342942e-39,3.6853946789910037e-39,3.691536973639061e-39,3.6976792682870605e-39,3.7038215629351986e-39,3.7099638575832316e-39,3.716106152231217e-39,3.722248446879448e-39,3.7283907415273926e-39,3.7345330361753976e-39,3.7406753308235076e-39,3.7468176254715837e-39,3.7529599201197635e-39,3.759102214767779e-39,3.765244509415821e-39,3.7713868040638514e-39,3.777529098711927e-39,3.783671393359937e-39,3.789813688008011e-39,3.7959559826560565e-39,3.8020982773042514e-39,3.808240571952305e-39,3.8143828666003513e-39,3.8205251612484104e-39,3.826667455896492e-39,3.832809750544547e-39,3.838952045192529e-39,3.8450943398405914e-39,3.851236634488684e-39,3.857378929136781e-39,3.8635212237848425e-39,3.869663518432872e-39,3.875805813080921e-39,3.881948107728945e-39,3.8880904023771174e-39,3.89423269702513e-39,3.90037499167312e-39,3.906517286321214e-39,3.912659580969269e-39,3.918801875617345e-39,3.924944170265419e-39,3.93108646491347e-39,3.937228759561519e-39,3.9433710542097e-39,3.9495133488577013e-39,3.955655643505767e-39,3.961797938153795e-39,3.967940232801853e-39,3.974082527450014e-39,3.980224822098013e-39,3.986367116746107e-39,3.992509411394084e-39,3.998651706042165e-39,4.0047940006901824e-39,4.0109362953382546e-39,4.017078589986398e-39,4.0232208846344576e-39,4.0293631792824704e-39,4.035505473930507e-39,4.041647768578634e-39,4.047790063226634e-39,4.0539323578746155e-39,4.0600746525227666e-39,4.066216947170769e-39,4.0723592418188405e-39,4.078501536466925e-39,4.0846438311150396e-39,4.09078612576306e-39,4.0969284204111643e-39,4.103070715059161e-39,4.1092130097072506e-39,4.1153553043553025e-39,4.121497599003365e-39,4.1276398936514266e-39,4.1337821882994616e-39,4.139924482947522e-39,4.1460667775955844e-39,4.15220907224366e-39,4.158351366891776e-39,4.16449366153979e-39,4.1706359561878795e-39,4.176778250835956e-39,4.182920545483998e-39,4.189062840132118e-39,4.195205134780184e-39,4.20134742942819e-39,4.20748972407623e-39,4.213632018724336e-39,4.2197743133723746e-39,4.225916608020472e-39,4.2320589026685307e-39,4.238201197316553e-39,4.244343491964675e-39,4.2504857866126656e-39,4.256628081260765e-39,4.262770375908919e-39,4.2689126705570295e-39,4.275054965204994e-39,4.281197259853003e-39,4.2873395545012225e-39,4.293481849149239e-39,4.299624143797206e-39,4.305766438445342e-39,4.311908733093385e-39,4.31805102774144e-39,4.324193322389437e-39,4.330335617037525e-39,4.336477911685518e-39,4.342620206333553e-39,4.348762500981727e-39,4.354904795629706e-39,4.3610470902778216e-39,4.3671893849259055e-39,4.373331679573967e-39,4.379473974222034e-39,4.385616268870053e-39,4.3917585635181354e-39,4.397900858166175e-39,4.404043152814257e-39,4.410185447462319e-39,4.416327742110381e-39,4.4224700367584446e-39,4.428612331406462e-39,4.43475462605452e-39,4.440896920702501e-39,4.4470392153506426e-39,4.453181509998862e-39,4.45932380464686e-39,4.465466099294869e-39,4.471608393943053e-39,4.4777506885910726e-39,4.483892983239066e-39,4.490035277887209e-39,4.4961775725352055e-39,4.502319867183311e-39,4.508462161831344e-39,4.514604456479469e-39,4.5207467511274576e-39,4.5268890457755474e-39,4.533031340423584e-39,4.539173635071696e-39,4.5453159297196595e-39,4.551458224367801e-39,4.557600519015783e-39,4.5637428136639144e-39,4.5698851083119886e-39,4.576027402960052e-39,4.5821696976080507e-39,4.588311992256125e-39,4.594454286904244e-39,4.60059658155219e-39,4.606738876200279e-39,4.612881170848363e-39,4.619023465496429e-39,4.6251657601444905e-39,4.6313080547925105e-39,4.637450349440627e-39,4.643592644088694e-39,4.649734938736756e-39,4.6558772333848174e-39,4.662019528032851e-39,4.668161822681025e-39,4.674304117329006e-39,4.680446411977085e-39,4.68658870662513e-39,4.6927310012732295e-39,4.698873295921281e-39,4.7050155905694234e-39,4.711157885217444e-39,4.717300179865465e-39,4.723442474513554e-39,4.7295847691616e-39,4.7357270638096074e-39,4.741869358457661e-39,4.748011653105662e-39,4.7541539477538434e-39,4.760296242401827e-39,4.766438537049989e-39,4.772580831698006e-39,4.7787231263461405e-39,4.784865420994281e-39,4.791007715642233e-39,4.7971500102902605e-39,4.803292304938352e-39,4.809434599586352e-39,4.8155768942344e-39,4.821719188882604e-39,4.827861483530693e-39,4.834003778178771e-39,4.840146072826795e-39,4.846288367474737e-39,4.852430662122778e-39,4.858572956770864e-39,4.864715251418936e-39,4.8708575460669985e-39,4.87699984071506e-39,4.883142135363122e-39,4.889284430011184e-39,4.895426724659246e-39,4.901569019307305e-39,4.907711313955376e-39,4.913853608603505e-39,4.9199959032515497e-39,4.9261381978995514e-39,4.9322804925477305e-39,4.938422787195761e-39,4.944565081843782e-39,4.950707376491841e-39,4.9568496711398254e-39,4.962991965787959e-39,4.9691342604359906e-39,4.975276555084102e-39,4.981418849732165e-39,4.987561144380193e-39,4.9937034390282316e-39,4.999845733676292e-39,5.005988028324355e-39,5.012130322972481e-39,5.018272617620462e-39,5.0244149122685865e-39,5.0305572069166156e-39,5.0366995015646303e-39,5.0428417962128487e-39,5.048984090860951e-39,5.055126385508909e-39,5.06126868015703e-39,5.067410974805118e-39,5.073553269453113e-39,5.07969556410117e-39,5.085837858749231e-39,5.0919801533972524e-39,5.098122448045332e-39,5.104264742693421e-39,5.110407037341501e-39,5.116549331989533e-39,5.1226916266376256e-39,5.1288339212857075e-39,5.13497621593377e-39,5.1411185105818225e-39,5.147260805229938e-39,5.153403099877954e-39,5.1595453945259685e-39,5.165687689174084e-39,5.171829983822126e-39,5.177972278470173e-39,5.184114573118175e-39,5.19025686776618e-39,5.196399162414247e-39,5.202541457062345e-39,5.20868375171036e-39,5.214826046358433e-39,5.220968341006522e-39,5.2271106356546285e-39,5.233252930302695e-39,5.2393952249507474e-39,5.24553751959878e-39,5.2516798142468414e-39,5.257822108894972e-39,5.2639644035430034e-39,5.270106698191055e-39,5.276248992839091e-39,5.2823912874871964e-39,5.2885335821352255e-39,5.294675876783269e-39,5.300818171431387e-39,5.306960466079365e-39,5.313102760727373e-39,5.319245055375394e-39,5.3253873500235286e-39,5.3315296446716484e-39,5.33767193931975e-39,5.3438142339677477e-39,5.349956528615824e-39,5.3560988232638626e-39,5.362241117911892e-39,5.3683834125599834e-39,5.374525707208026e-39,5.380668001856228e-39,5.386810296504241e-39,5.3929525911523386e-39,5.3990948858003305e-39,5.405237180448357e-39,5.411379475096408e-39,5.417521769744433e-39,5.4236640643924495e-39,5.429806359040477e-39,5.43594865368844e-39,5.442090948336466e-39,5.448233242984524e-39,5.454375537632586e-39,5.4605178322807846e-39,5.46666012692881e-39,5.472802421576746e-39,5.478944716224729e-39,5.485087010872716e-39,5.491229305520766e-39,5.497371600168735e-39,5.503513894816798e-39,5.5096561894648816e-39,5.515798484112876e-39,5.521940778760784e-39,5.5280830734089506e-39,5.5342253680569425e-39,5.540367662704996e-39,5.546509957353056e-39,5.552652252001074e-39,5.558794546649119e-39,5.5649368412971905e-39,5.571079135945243e-39,5.5772214305932995e-39,5.583363725241361e-39,5.589506019889385e-39,5.595648314537442e-39,5.601790609185502e-39,5.607932903833569e-39,5.61407519848163e-39,5.620217493129687e-39,5.626359787777745e-39,5.632502082425681e-39,5.638644377073736e-39,5.644786671721857e-39,5.650928966369785e-39,5.6570712610179675e-39,5.6632135556659046e-39,5.669355850314049e-39,5.6754981449620456e-39,5.681640439609883e-39,5.687782734257964e-39,5.693925028906024e-39,5.700067323554193e-39,5.7062096182021715e-39,5.712351912850241e-39,5.7184942074982623e-39,5.7246365021464944e-39,5.7307787967944014e-39,5.736921091442413e-39,5.7430633860904727e-39,5.7492056807383974e-39,5.7553479753865915e-39,5.761490270034528e-39,5.767632564682553e-39,5.773774859330716e-39,5.779917153978613e-39,5.7860594486267794e-39,5.792201743274826e-39,5.798344037922922e-39,5.804486332570942e-39,5.8106286272191405e-39,5.8167709218671246e-39,5.822913216515164e-39,5.829055511163093e-39,5.8351978058111414e-39,5.8413401004592e-39,5.847482395107264e-39,5.853624689755321e-39,5.859766984403381e-39,5.8659092790514643e-39,5.872051573699522e-39,5.878193868347581e-39,5.884336162995666e-39,5.890478457643737e-39,5.896620752291785e-39,5.902763046939768e-39,5.908905341587837e-39,5.915047636235757e-39,5.921189930883732e-39,5.927332225531827e-39,5.933474520179808e-39,5.939616814827952e-39,5.945759109475918e-39,5.951901404124133e-39,5.958043698772058e-39,5.96418599342018e-39,5.970328288068226e-39,5.976470582716246e-39,5.982612877364341e-39,5.988755172012328e-39,5.994897466660461e-39,6.001039761308472e-39,6.007182055956536e-39,6.013324350604575e-39,6.019466645252555e-39,6.025608939900546e-39,6.03175123454863e-39,6.037893529196738e-39,6.044035823844784e-39,6.050178118492726e-39,6.056320413140826e-39,6.062462707789048e-39,6.068605002436964e-39,6.074747297085056e-39,6.080889591733231e-39,6.087031886381243e-39,6.093174181029288e-39,6.099316475677345e-39,6.105458770325496e-39,6.111601064973441e-39,6.117743359621391e-39,6.123885654269426e-39,1.251680466426764e-16,1.3896324726736184e-16,1.4487738261888144e-16,1.5046097657391295e-16,1.562779365975725e-16,1.623851527079814e-16,1.6880387145953097e-16,1.7555403252231914e-16,1.8265687156916665e-16,1.9013523296618688e-16,1.9801372877473205e-16,2.0631890043151034e-16,2.1507939609028051e-16,2.2432616644787007e-16,2.340926812702415e-16,2.44415169260861e-16,2.5533288400465897e-16,2.6688839941376993e-16,2.79127938129359e-16,2.9210173732041363e-16,3.058644564971572e-16,3.204756330083159e-16,3.3600019130522667e-16,3.5250901326497825e-16,3.7007957830176654e-16,3.8879668177298163e-16,4.087532441671073e-16,4.3005122262721943e-16,4.528026402403036e-16,4.771307502853188e-16,5.031713553447495e-16,5.310743046967663e-16,5.610051974499357e-16,5.931473233594648e-16,6.277038791480938e-16,6.6490050449989e-16,7.04988190611363e-16,7.482466225792172e-16,7.949880305843808e-16,8.455616364429187e-16,9.003588010163671e-16,9.598189982350046e-16,1.024436766472343e-15,1.0947698194241e-15,1.1714485366963513e-15,1.2551871016610911e-15,1.3467966120942584e-15,1.4472005622343056e-15,1.557453185441531e-15,1.6787612603003555e-15,1.812510126746528e-15,1.9602948416071724e-15,2.12395762970762e-15,2.3056330902397745e-15,2.5078029919276093e-15,2.7333629825796325e-15,2.9857041837648608e-15,3.268813472154071e-15,3.587397353397101e-15,3.947035801214013e-15,4.354374371399645e-15,4.817365545760271e-15,5.345573789428931e-15,5.95056370189197e-15,6.6463973009421766e-15,7.450275829313967e-15,8.38337454224902e-15,9.471937507034755e-15,1.0748726072087685e-14,1.2254953296661677e-14,1.4042893378681694e-14,1.6179439547217055e-14,1.8751011330158238e-14,2.1870407312135336e-14,2.5686503451669197e-14,3.039817859102016e-14,3.6274626259896624e-14,4.368549309675687e-14,5.314644305336898e-14,6.538947385648609e-14,8.147392174392342e-14,1.0296616138172282e-13,1.3223878267943803e-13,1.7298458771282352e-13,2.3113155905976486e-13,3.165386939795792e-13,4.4628808961629087e-13,6.514278315923451e-13,9.916773792345556e-13,1.5899730162819538e-12,2.7211943910753385e-12,5.06619286872531e-12,1.054330331293231e-11,2.552212112146243e-11,7.602879321433387e-11,2.97424336532042e-10,1.5448962054207972e-09,5.371427844699479e-09,5.371427844765562e-09,5.371427844796092e-09,5.371427844854395e-09,5.371427849157444e-09,2.871724567413168e-08,1.1369379495628797e-07,3.248356495358766e-07,7.101606700072401e-07,1.2694409387606323e-06,1.9351186465975343e-06,2.4979412094960823e-06,2.5726041676882716e-06,2.3285120975044233e-06,2.1061712389240273e-06,1.938652377447083e-06,1.7959978290899516e-06,1.6611156637012419e-06,1.5287135646941123e-06,1.7293978744012503e-06,1.797346554914605e-06,1.8270579019597e-06,1.8368720150329472e-06,1.8340881150617202e-06,1.8228647176228449e-06,1.8059062837679785e-06,1.7850732342991426e-06,1.7616828867161623e-06,1.7366828767578386e-06,1.710760326509579e-06,1.6844146054643126e-06,1.658007755905914e-06,1.6318004030078794e-06,1.6059778234244553e-06,1.5806691294569195e-06,1.5559615250596236e-06,1.5319109733539768e-06,1.5085502177561548e-06,1.4858948328444418e-06,1.4639477978055505e-06,1.442702956013542e-06,1.4221476314027364e-06,1.4022646045909137e-06,1.3830336017942208e-06,1.364432412451895e-06,1.346437723668863e-06,1.329025738634887e-06,1.3121726303235123e-06,1.2958548697294892e-06,1.280049458724858e-06,1.2647340906012913e-06,1.2498872559968887e-06,1.23548830778724e-06,1.2215174953565677e-06,1.2079559762309362e-06,1.194785811182765e-06,1.1819899474718384e-06,1.1695521937759314e-06,1.1574571895071783e-06,1.1456903705490655e-06,1.1342379329408044e-06,1.123086795643347e-06,1.1122245632223645e-06,1.10163948905091e-06,1.0913204394602245e-06,1.0812568591315235e-06,1.0714387379211924e-06,1.061856579233948e-06,1.0525013700024437e-06,1.0433645522890002e-06,1.0344379964944176e-06,1.0257139761368664e-06,1.0171851441487655e-06,1.0088445106293252e-06,1.0006854219838488e-06,9.927015413782163e-07,9.848868304351346e-07,9.772355320991483e-07,9.69742154599428e-07,9.62401456440729e-07,9.552084323566583e-07,9.481583001618084e-07,9.412464884428939e-07,9.344686250326147e-07,9.278205262129446e-07,9.212981865984825e-07,9.148977696529149e-07,9.086155987956421e-07,9.024481490580645e-07,8.963920392515675e-07,8.904440246128136e-07,8.84600989893488e-07,8.788599428644203e-07,8.732180082061253e-07,8.676724217597547e-07,8.62220525114264e-07,8.568597605078626e-07,8.515876660222097e-07,8.464018710510207e-07,8.413000920243286e-07,8.362801283726471e-07,8.313398587149273e-07,8.264772372564901e-07,8.2169029038327e-07,8.169771134404737e-07,8.123358676834953e-07,8.077647773911822e-07,8.032621271307314e-07,7.98826259165634e-07,7.944555709974891e-07,7.901485130339718e-07,7.859035863754172e-07,7.81719340712732e-07,7.775943723306079e-07,7.735273222094521e-07,7.695168742205937e-07,7.655617534094806e-07,7.616607243615572e-07,7.578125896465722e-07,7.540161883367578e-07,7.502703945946517e-07,7.465741163270319e-07,7.429262939010675e-07,7.393258989196188e-07,7.3577193305222e-07,7.32263426918941e-07,7.287994390244097e-07,7.253790547391439e-07,7.220013853259666e-07,7.186655670089275e-07,7.153707600829204e-07,7.121161480614825e-07,7.089009368611834e-07,7.057243540206416e-07,7.02585647952514e-07,6.994840872267166e-07,6.964189598833845e-07,6.933895727743362e-07,6.903952509312516e-07,6.874353369597634e-07,6.845091904577341e-07,6.81616187457066e-07,6.787557198875543e-07,6.75927195061987e-07,6.731300351813374e-07,6.703636768593432e-07,6.676275706653908e-07,6.649211806849222e-07,6.622439840966908e-07,6.595954707659943e-07,6.56975142853082e-07,6.543825144364591e-07,6.518171111499533e-07,6.492784698331595e-07,6.46766138194865e-07,6.442796744885747e-07,6.418186471997701e-07,6.393826347444815e-07,6.369712251785628e-07,6.345840159172765e-07,6.322206134647743e-07,6.298806331530007e-07,6.275636988898523e-07,6.252694429157399e-07,6.229975055688363e-07,6.207475350581275e-07,6.185191872442677e-07,6.163121254278018e-07,6.141260201444846e-07,6.119605489674081e-07,6.098153963157599e-07,6.076902532697662e-07,6.055848173917784e-07,6.034987925532e-07,6.014318887669415e-07,5.993838220252633e-07,5.973543141429735e-07,5.953430926053157e-07,5.933498904210076e-07,5.913744459796075e-07,5.894165029135334e-07,5.874758099642928e-07,5.855521208528633e-07,5.836451941540547e-07,5.81754793174714e-07,5.798806858356828e-07,5.780226445572457e-07,5.761804461480625e-07,5.743538716974613e-07,5.725427064708701e-07,5.707467398083805e-07,5.689657650263488e-07,5.671995793217218e-07,5.654479836794019e-07,5.637107827820044e-07,5.61987784922459e-07,5.602788019190239e-07,5.585836490326898e-07,5.569021448869872e-07,5.552341113900601e-07,5.53579373658837e-07,5.519377599455367e-07,5.503091015659361e-07,5.486932328298707e-07,5.470899909734553e-07,5.45499216093367e-07,5.439207510827115e-07,5.423544415688144e-07,5.408001358525258e-07,5.392576848493128e-07,5.377269420318065e-07,5.362077633739642e-07,5.34700007296657e-07,5.332035346147119e-07,5.317182084853555e-07,5.302438943579861e-07,5.287804599252546e-07,5.273277750754599e-07,5.258857118460526e-07,5.24454144378477e-07,5.230329488740633e-07,5.216220035510906e-07,5.202211886028854e-07,5.188303861570905e-07,5.17449480235769e-07,5.160783567166914e-07,5.147169032954685e-07,5.133650094486511e-07,5.120225663977765e-07,5.106894670742413e-07,5.093656060850263e-07,5.080508796793515e-07,5.067451857159873e-07,5.054484236315141e-07,5.04160494409207e-07,5.028813005487433e-07,5.016107460365983e-07,5.00348736317179e-07,4.99095178264587e-07,4.978499801550519e-07,4.966130516400971e-07,4.953843037201734e-07,4.941636487190515e-07,4.929510002587209e-07,4.917462732349108e-07,4.905493837931072e-07,4.8936024930524e-07,4.881787883467263e-07,4.870049206742063e-07,4.858385672036588e-07,4.846796499890852e-07,4.835280922016034e-07,4.823838181090561e-07,4.812467530560662e-07,4.801168234444978e-07,4.78993956714401e-07,4.778780813253246e-07,4.767691267380613e-07,4.7566702339678657e-07,4.745717027115786e-07,4.734830970413475e-07,4.7240113967705225e-07,4.7132576482539286e-07,4.702569075927312e-07,4.6919450396942493e-07,4.681384908144974e-07,4.670888058405826e-07,4.660453875992228e-07,4.650081754664858e-07,4.6397710962882153e-07,4.629521310692939e-07,4.619331815540121e-07,4.609202036189239e-07,4.5991314055681066e-07,4.5891193640461097e-07,4.579165359309325e-07,4.56926884623895e-07,4.559429286791548e-07,4.549646149881984e-07,4.5399189112688144e-07,4.5302470534417536e-07,4.5206300655116395e-07,4.5110674431020217e-07,4.5015586882438143e-07,4.4921033092711755e-07,4.4827008207200363e-07,4.473350743227939e-07,4.4640526034368986e-07,4.4548059338967896e-07,4.4456102729718953e-07,4.436465164748343e-07,4.4273701589438995e-07,4.418324810819183e-07,4.409328681090592e-07,4.400381335845044e-07,4.3914823464562245e-07,4.382631289502472e-07,4.3738277466862517e-07,4.3650713047548756e-07,4.356361555423273e-07,4.347698095297401e-07,4.33908052579992e-07,4.330508453096631e-07,4.321981488024592e-07,4.313499246021417e-07,4.3050613470558163e-07,4.2966674155598675e-07,4.2883170803618653e-07,4.280009974620611e-07,4.2717457357612746e-07,4.26352400541193e-07,4.2553444293417013e-07,4.247206657399159e-07,4.239110343453021e-07,4.23105514533296e-07,4.2230407247718725e-07,4.2150667473490503e-07,4.2071328824346213e-07,4.199238803134292e-07,4.191384186236023e-07,4.1835687121570067e-07,4.1757920648913314e-07,4.1680539319593693e-07,4.1603540043572974e-07,4.152691976507961e-07,4.1450675462123773e-07,4.137480414602351e-07,4.129930286092787e-07,4.1224168683367743e-07,4.114939872179662e-07,4.1074990116148435e-07,4.100094003740038e-07,4.0927245687142413e-07,4.0853904297154504e-07,4.078091312899299e-07,4.070826947358097e-07,4.063597065080455e-07,4.056401400912258e-07,4.049239692517387e-07,4.0421116803397893e-07,4.0350171075655605e-07,4.0279557200867035e-07,4.020927266463645e-07,4.013931497890605e-07,4.006968168159813e-07,4.000037033626983e-07,3.993137853177338e-07,3.986270388192105e-07,3.979434402515632e-07,3.9726296624225133e-07,3.9658559365866805e-07,3.9591129960486755e-07,3.9524006141857715e-07,3.9457185666812945e-07,3.9390666314944057e-07,3.9324445888310095e-07,3.9258522211146025e-07,3.919289312957587e-07,3.91275565113353e-07,3.906251024549009e-07,3.899775224217186e-07,3.8933280432299755e-07,3.886909276732464e-07,3.880518721896591e-07,3.874156177895588e-07,3.867821445878772e-07,3.861514328946922e-07,3.855234632127735e-07,3.848982162351435e-07,3.842756728427866e-07,3.8365581410222723e-07,3.8303862126331067e-07,3.824240757568748e-07,3.818121591925693e-07,3.812028533566173e-07,3.8059614020970946e-07,3.7999200188479395e-07,3.793904206850589e-07,3.78791379081796e-07,3.7819485971241757e-07,3.7760084537840545e-07,3.7700931904336277e-07,3.764202638310355e-07,3.7583366302345053e-07,3.752495000589284e-07,3.7466775853030247e-07,3.740884221830511e-07,3.735114749134523e-07,3.729369007668769e-07,3.723646839359337e-07,3.7179480875882574e-07,3.7122725971757204e-07,3.706620214363545e-07,3.7009907867984283e-07,3.695384163515805e-07,3.6898001949233936e-07,3.6842387327854226e-07,3.6786996302069973e-07,3.6731827416185007e-07,3.6676879227604534e-07,3.6622150306683895e-07,3.656763923658038e-07,3.651334461310816e-07,3.645926504459205e-07,3.640539915172619e-07,3.6351745567434267e-07,3.6298302936730076e-07,3.6245069916583043e-07,3.6192045175781184e-07,3.613922739480073e-07,3.6086615265672666e-07,3.603420749185641e-07,3.598200278811069e-07,3.592999988036714e-07,3.5878197505608904e-07,3.582659441174766e-07,3.5775189357499023e-07,3.572398111226946e-07,3.567296845603703e-07,3.562215017923137e-07,3.557152508262636e-07,3.5521091977219585e-07,3.547084968412971e-07,3.542079703447866e-07,3.5370932869288397e-07,3.5321256039371504e-07,3.527176540522605e-07,3.5222459836933275e-07,3.5173338214052364e-07,3.5124399425518265e-07,3.5075642369546206e-07,3.5027065953528716e-07,3.497866909393769e-07,3.493045071623141e-07,3.4882409754757727e-07,3.483454515265968e-07,3.4786855861781616e-07,3.473934084258205e-07,3.469199906404092e-07,3.464482950356864e-07,3.4597831146919706e-07,3.4551002988107867e-07,3.4504344029317484e-07,3.445785328081898e-07,3.4411529760886753e-07,3.4365372495717136e-07,3.431938051934275e-07,3.427355287355739e-07,3.4227888607832773e-07,3.4182386779241163e-07,3.413704645237851e-07,3.4091866699286406e-07,3.4046846599376687e-07,3.400198523936054e-07,3.3957281713166605e-07,3.3912735121877386e-07,3.3868344573649866e-07,3.3824109183648313e-07,3.378002807397394e-07,3.373610037359408e-07,3.369232521827343e-07,3.364870175050828e-07,3.3605229119458697e-07,3.356190648088134e-07,3.351873299706533e-07,3.347570783676867e-07,3.343283017515148e-07,3.3390099193716804e-07,3.334751408024625e-07,3.3305074028737347e-07,3.3262778239345716e-07,3.3220625918324014e-07,3.3178616277961085e-07,3.3136748536525195e-07,3.309502191820623e-07,3.305343565305618e-07,3.3011988976934876e-07,3.2970681131454455e-07,3.2929511363921037e-07,3.2888478927283013e-07,3.2847583080075964e-07,3.280682308637109e-07,3.2766198215719804e-07,3.2725707743102814e-07,3.268535094887746e-07,3.2645127118731183e-07,3.26050355436246e-07,3.2565075519747514e-07,3.2525246348465713e-07,3.248554733627618e-07,3.2445977794754825e-07,3.240653704051278e-07,3.236722439514561e-07,3.232803918519088e-07,3.2288980742080834e-07,3.22500484020943e-07,3.2211241506316784e-07,3.2172559400589796e-07,3.2134001435475126e-07,3.2095566966202745e-07,3.205725535263379e-07,3.201906595921859e-07,3.198099815494809e-07,3.1943051313319604e-07,3.190522481229376e-07,3.1867518034251077e-07,3.1829930365954956e-07,3.1792461198511867e-07,3.175510992732975e-07,3.1717875952082286e-07,3.168075867666724e-07,3.164375750917085e-07,3.1606871861831304e-07,3.157010115099814e-07,3.153344479709741e-07,3.149690222459609e-07,3.146047286196512e-07,3.142415614164304e-07,3.138795150000339e-07,3.135185837731773e-07,3.131587621772122e-07,3.1280004469180727e-07,3.124424258345734e-07,3.120859001607837e-07,3.1173046226298666e-07,3.113761067707213e-07,3.1102282835017907e-07,3.106706217038844e-07,3.1031948157037193e-07,3.0996940272389947e-07,3.0962037997410143e-07,3.0927240816572355e-07,3.0892548217829035e-07,3.0857959692580044e-07,3.0823474735648087e-07,3.0789092845241106e-07,3.075481352293167e-07,3.0720636273622933e-07,3.0686560605521563e-07,3.0652586030110115e-07,3.061871206211873e-07,3.058493821949764e-07,3.055126402339077e-07,3.0517688998106916e-07,3.0484212671094525e-07,3.0450834572913644e-07,3.041755423721383e-07,3.03843712007018e-07,3.0351285003121884e-07,3.031829518722761e-07,3.0285401298755114e-07,3.0252602886403437e-07,3.021989950180398e-07,3.0187290699500076e-07,3.015477603692162e-07,3.012235507436077e-07,3.0090027374950545e-07,3.005779250463668e-07,3.002565003215975e-07,2.9993599529028804e-07,2.9961640569501776e-07,2.992977273055835e-07,2.9897995591882e-07,2.9866308735835246e-07,2.9834711747440366e-07,2.980320421435647e-07,2.9771785726855815e-07,2.974045587780919e-07,2.970921426265474e-07,2.9678060479388243e-07,2.964699412853471e-07,2.961601481313204e-07,2.958512213870801e-07,2.9554315713263835e-07,2.952359514725109e-07,2.9492960053554154e-07,2.9462410047469534e-07,2.9431944746688425e-07,2.940156377127534e-07,2.9371266743651355e-07,2.9341053288574394e-07,2.9310923033120817e-07,2.9280875606667973e-07,2.9250910640874555e-07,2.922102776966537e-07,2.919122662920853e-07,2.9161506857905445e-07,2.9131868096365474e-07,2.9102309987393237e-07,2.9072832175971275e-07,2.904343430924134e-07,2.9014116036489947e-07,2.8984877009130084e-07,2.895571688068367e-07,2.8926635306767433e-07,2.8897631945077815e-07,2.8868706455370625e-07,2.8839858499449875e-07,2.881108774114779e-07,2.8782393846313256e-07,2.8753776482794176e-07,2.8725235320421757e-07,2.869677003099711e-07,2.866838028827447e-07,2.8640065767947715e-07,2.861182614763663e-07,2.8583661106867654e-07,2.855557032706587e-07,2.852755349153537e-07,2.8499610285448786e-07,2.8471740395829806e-07,2.844394351154323e-07,2.8416219323277713e-07,2.838856752353367e-07,2.8360987806609823e-07,2.8333479868589544e-07,2.8306043407326346e-07,2.827867812243339e-07,2.825138371526803e-07,2.8224159888921026e-07,2.819700634820005e-07,2.8169922799621984e-07,2.8142908951394786e-07,2.8115964513410707e-07,2.808908919723001e-07,2.8062282716069636e-07,2.803554478479164e-07,2.800887511989079e-07,2.7982273439482577e-07,2.795573946329074e-07,2.7929272912637155e-07,2.790287351043e-07,2.787654098115024e-07,2.7850275050841473e-07,2.7824075447098517e-07,2.779794189905865e-07,2.7771874137384806e-07,2.774587189426147e-07,2.771993490337711e-07,2.7694062899918144e-07,2.7668255620555803e-07,2.7642512803437276e-07,2.761683418817352e-07,2.75912195158298e-07,2.7565668528913693e-07,2.754018097136735e-07,2.7514756588555524e-07,2.7489395127256084e-07,2.746409633565099e-07,2.7438859963312887e-07,2.741368576119935e-07,2.738857348164181e-07,2.7363522878334063e-07,2.7338533706325913e-07,2.7313605722009644e-07,2.7288738683115436e-07,2.726393234869765e-07,2.723918647912777e-07,2.7214500836086024e-07,2.7189875182548545e-07,2.7165309282783327e-07,2.714080290233787e-07,2.711635580803057e-07,2.709196776794422e-07,2.706763855141358e-07,2.7043367929020394e-07,2.7019155672583396e-07,2.6995001555148114e-07,2.697090535098084e-07,2.694686683555997e-07,2.6922885785566487e-07,2.6898961978874593e-07,2.687509519454843e-07,2.685128521282984e-07,2.6827531815130367e-07,2.680383478402385e-07,2.6780193903241515e-07,2.6756608957659127e-07,2.67330797332926e-07,2.670960601728969e-07,2.66861875979212e-07,2.666282426457578e-07,2.663951580774852e-07,2.6616262019039064e-07,2.659306269113743e-07,2.6569917617822715e-07,2.65468265939539e-07,2.6523789415458997e-07,2.6500805879334595e-07,2.647787578363346e-07,2.645499892745823e-07,2.643217511095855e-07,2.6409404135317274e-07,2.638668580275072e-07,2.6364019916496457e-07,2.634140628080834e-07,2.631884470095243e-07,2.62963349831951e-07,2.6273876934801526e-07,2.6251470364026416e-07,2.622911508010634e-07,2.6206810893257616e-07,2.6184557614665303e-07,2.616235505648001e-07,2.614020303180974e-07,2.6118101354715124e-07,2.6096049840201595e-07,2.6074048304214984e-07,2.605209656363373e-07,2.60301944362643e-07,2.6008341740834637e-07,2.598653829698749e-07,2.5964783925276434e-07,2.5943078447157127e-07,2.5921421684983244e-07,2.5899813462003694e-07,2.5878253602349085e-07,2.58567419310349e-07,2.5835278273948693e-07,2.5813862457849544e-07,2.5792494310359965e-07,2.577117365996042e-07,2.574990033598507e-07,2.5728674168615104e-07,2.5707494988874595e-07,2.568636262862418e-07,2.5665276920556537e-07,2.564423769818935e-07,2.562324479586366e-07,2.560229804873454e-07,2.558139729276996e-07,2.556054236474102e-07,2.55397331022219e-07,2.5518969343581745e-07,2.549825092797889e-07,2.54775776953604e-07,2.545694948645142e-07,2.543636614275552e-07,2.541582750654634e-07,2.5395333420862797e-07,2.5374883729507994e-07,2.5354478277040237e-07,2.5334116908770483e-07,2.5313799470756943e-07,2.52935258098018e-07,2.527329577344463e-07,2.525310920995983e-07,2.523296596835006e-07,2.5212865898345636e-07,2.5192808850392463e-07,2.517279467565603e-07,2.515282322601428e-07,2.5132894354049865e-07,2.5113007913050064e-07,2.5093163756999716e-07,2.507336174057983e-07,2.505360171915999e-07,2.503388354879713e-07,2.5014207086229456e-07,2.4994572188873537e-07,2.4974978714817994e-07,2.49554265228247e-07,2.4935915472317053e-07,2.4916445423382434e-07,2.4897016236765925e-07,2.4877627773865193e-07,2.485827989672817e-07,2.483897246804952e-07,2.4819705351164053e-07,2.480047841004727e-07,2.4781291509306354e-07,2.476214451418198e-07,2.47430372905399e-07,2.4723969704868713e-07,2.4704941624277434e-07,2.468595291649092e-07,2.466700344984528e-07,2.4648093093286704e-07,2.462922171636484e-07,2.461038918923095e-07,2.459159538263434e-07,2.45728401679198e-07,2.4554123417020777e-07,2.453544500246025e-07,2.4516804797343676e-07,2.4498202675357017e-07,2.4479638510764834e-07,2.446111217840382e-07,2.444262355368178e-07,2.4424172512574064e-07,2.440575893161905e-07,2.4387382687916184e-07,2.436904365912162e-07,2.435074172344658e-07,2.4332476759652763e-07,2.431424864704887e-07,2.429605726548817e-07,2.427790249536676e-07,2.425978421761822e-07,2.42417023137103e-07,2.422365666564435e-07,2.420564715594969e-07,2.418767366768264e-07,2.416973608442193e-07,2.415183429026677e-07,2.413396816983301e-07,2.411613760825067e-07,2.409834249116119e-07,2.4080582704714813e-07,2.406285813556644e-07,2.4045168670873125e-07,2.402751419829313e-07,2.400989460598017e-07,2.3992309782583595e-07,2.397475961724213e-07,2.39572439995848e-07,2.393976281972578e-07,2.392231596826167e-07,2.390490333627014e-07,2.3887524815306775e-07,2.3870180297401093e-07,2.3852869675055726e-07,2.3835592841243005e-07,2.3818349689401946e-07,2.3801140113436653e-07,2.3783964007712898e-07,2.3766821267055176e-07,2.3749711786745208e-07,2.373263546251898e-07,2.3715592190564814e-07,2.3698581867519016e-07,2.368160439046557e-07,2.3664659656931893e-07,2.3647747564888498e-07,2.3630868012744053e-07,2.3614020899344943e-07,2.3597206123971856e-07,2.358042358633787e-07,2.356367318658571e-07,2.3546954825286666e-07,2.3530268403434805e-07,2.3513613822449046e-07,2.349699098416849e-07,2.3480399790849316e-07,2.3463840145165436e-07,2.344731195020367e-07,2.34308151094613e-07,2.341434952684684e-07,2.3397915106674125e-07,2.3381511753662465e-07,2.336513937293401e-07,2.334879787001131e-07,2.333248715081405e-07,2.3316207121660176e-07,2.329995768925915e-07,2.328373876071551e-07,2.326755024351992e-07,2.3251392045554122e-07,2.3235264075083513e-07,2.3219166240758043e-07,2.3203098451607654e-07,2.3187060617044325e-07,2.317105264685526e-07,2.315507445120431e-07,2.3139125940628205e-07,2.3123207026035755e-07,2.3107317618705036e-07,2.3091457630281218e-07,2.3075626972776356e-07,2.3059825558565336e-07,2.304405330038408e-07,2.3028310111330148e-07,2.3012595904857606e-07,2.299691059477774e-07,2.298125409525495e-07,2.2965626320807023e-07,2.295002718630142e-07,2.2934456606954409e-07,2.291891449833029e-07,2.2903400776336916e-07,2.2887915357225905e-07,2.2872458157591016e-07,2.2857029094364892e-07,2.28416280848186e-07,2.282625504655853e-07,2.281090989752712e-07,2.2795592555997073e-07,2.2780302940573875e-07,2.2765040970193308e-07,2.274980656411625e-07,2.273459964192947e-07,2.27194201235468e-07,2.2704267929201996e-07,2.2689142979450109e-07,2.2674045195166253e-07,2.2658974497542114e-07,2.2643930808085775e-07,2.262891404862111e-07,2.2613924141281846e-07,2.2598961008515353e-07,2.2584024573076182e-07,2.2569114758029445e-07,2.2554231486745517e-07,2.2539402515854347e-07,2.25245725475792e-07,2.2509768444223629e-07,2.2494990619801525e-07,2.2480238978510736e-07,2.246551343419084e-07,2.245081391120561e-07,2.243614033261137e-07,2.2421492623614315e-07,2.2406870710361332e-07,2.2392274519700257e-07,2.2377703977951255e-07,2.236315901208936e-07,2.2348639550360455e-07,2.2334145519720496e-07,2.2319676848150418e-07,2.2305233463920624e-07,2.2290815295582445e-07,2.2276422271975755e-07,2.2262054322218199e-07,2.224771137571044e-07,2.22333933615588e-07,2.2219100210251522e-07,2.220483185189056e-07,2.2190588216799474e-07,2.2176369236081006e-07,2.2162174840746884e-07,2.214800496110789e-07,2.2133859531450744e-07,2.2119738481968353e-07,2.2105641744773245e-07,2.2091569252239766e-07,2.2077520937004215e-07,2.206349673196451e-07,2.2049496570273424e-07,2.203552038534607e-07,2.202156811085129e-07,2.2007639680711263e-07,2.199373502910598e-07,2.1979854090463637e-07,2.1965996799483454e-07,2.1952163091061913e-07,2.1938352900391818e-07,2.1924566162133153e-07,2.1910802817789526e-07,2.1897062793917404e-07,2.188334603100459e-07,2.186965246458873e-07,2.1855982032122417e-07,2.1842334670457644e-07,2.1828710316782074e-07,2.181510890839604e-07,2.1801530382914422e-07,2.1787974678142076e-07,2.177444173312075e-07,2.1760931485194333e-07,2.174744387385988e-07,2.1733978835172473e-07,2.1720536310662465e-07,2.1707116237924037e-07,2.169371855746355e-07,2.1680343208814018e-07,2.166699013290463e-07,2.165365926857293e-07,2.1640350556290023e-07,2.162706393661669e-07,2.1613799349347576e-07,2.1600556741417002e-07,2.1587336044595493e-07,2.1574137205154624e-07,2.1560960164623684e-07,2.1547804864661998e-07,2.1534671245773506e-07,2.1521559252873082e-07,2.1508468827479173e-07,2.1495399911574637e-07,2.1482352449634501e-07,2.1469326383945362e-07,2.145632165763172e-07,2.1443338214744563e-07,2.143037599903231e-07,2.1417434953582867e-07,2.140451502319455e-07,2.139161615231106e-07,2.137873828496646e-07,2.1365881366710235e-07,2.1353045341862982e-07,2.134023015566934e-07,2.1327435753238277e-07,2.1314662080752775e-07,2.1301909083937113e-07,2.1289176710017618e-07,2.1276464903894518e-07,2.1263773611926004e-07,2.1251102780255216e-07,2.1238452356329215e-07,2.122582228859641e-07,2.1213212521140678e-07,2.1200623003595211e-07,2.1188053680928567e-07,2.1175504500555676e-07,2.116297541402255e-07,2.1150466368474753e-07,2.1137977310923615e-07,2.112550819009571e-07,2.111305895326115e-07,2.1100629550605328e-07,2.1088219931045076e-07,2.107583004191863e-07,2.1063459836541738e-07,2.1051109265241213e-07,2.1038778270685892e-07,2.1026466806832186e-07,2.1014174823672945e-07,2.1001902271676118e-07,2.0989649101187887e-07,2.0977415263302997e-07,2.0965200706896225e-07,2.0953005385095485e-07,2.094082924865072e-07,2.0928672248758389e-07,2.0916534335934418e-07,2.0904415462302114e-07,2.0892315579634997e-07,2.0880234639896015e-07,2.0868172594813443e-07,2.0856129397885556e-07,2.0844105000813319e-07,2.0832099355716404e-07,2.0820112415837152e-07,2.0808144133612333e-07,2.0796194462607355e-07,2.0784263352206424e-07,2.0772350760805814e-07,2.076045664404154e-07,2.0748580951051502e-07,2.07367236391846e-07,2.0724884660690906e-07,2.0713063969888428e-07,2.0701261521021868e-07,2.0689477268970007e-07,2.0677711168294655e-07,2.0665963174027359e-07,2.0654233240981136e-07,2.06425213236339e-07,2.0630827378024846e-07,2.0619151359643002e-07,2.0607493224121104e-07,2.0595852927245078e-07,2.0584230424968124e-07,2.0572625673385278e-07,2.0561038628725452e-07,2.0549469248705561e-07,2.0537917487225385e-07,2.052638330360794e-07,2.0514866649736532e-07,2.0503367486220144e-07,2.0491885770199123e-07,2.0480421458970592e-07,2.0468974509890035e-07,2.0457544883504553e-07,2.044613253165892e-07,2.043473741509367e-07,2.0423359494896435e-07,2.0411998725861007e-07,2.0400655066505262e-07,2.0389328475256242e-07,2.0378018910665276e-07,2.0366726331402348e-07,2.0355450696315535e-07,2.03441919643792e-07,2.0332950094686522e-07,2.0321725046467187e-07,2.0310516779093445e-07,2.029932525209288e-07,2.0288150425104053e-07,2.0276992257909593e-07,2.0265850710410326e-07,2.0254725738518762e-07,2.0243617306633294e-07,2.023252537499517e-07,2.022144990786833e-07,2.0210390862048827e-07,2.0199348198232936e-07,2.0188321877244665e-07,2.017731186004903e-07,2.0166318107761314e-07,2.0155340581578965e-07,2.014437924284856e-07,2.013343405305874e-07,2.0122504973793394e-07,2.0111591966793732e-07,2.0100694989808507e-07,2.0089814008984921e-07,2.0078948986370916e-07,2.0068099884276153e-07,2.0057266665072828e-07,2.0046449291127092e-07,2.0035647729109707e-07,2.0024861937709507e-07,2.0014091879413067e-07,2.0003337517644452e-07,1.9992598815680874e-07,1.9981875735893047e-07,1.9971168242103815e-07,1.9960476297210427e-07,1.994979986531321e-07,1.9939138906656347e-07,1.9928493388495466e-07,1.991786327476951e-07,1.9907248529572518e-07,1.9896649116915935e-07,1.9886065001118237e-07,1.9875496146573905e-07,1.9864942517745682e-07,1.9854404079284435e-07,1.984388079585608e-07,1.98333726323326e-07,1.9822879553589624e-07,1.9812401524805144e-07,1.9801938510971704e-07,1.9791490477468472e-07,1.9781057389783884e-07,1.9770639213287372e-07,1.9760235913591507e-07,1.974984745646169e-07,1.9739473807733602e-07,1.9729114933289816e-07,1.971877079920076e-07,1.970844137170227e-07,1.9698126616944785e-07,1.9687826501310252e-07,1.967754099135541e-07,1.9667270053575324e-07,1.9657013654668873e-07,1.9646771763795842e-07,1.963654434511661e-07,1.9626331364871483e-07,1.9616132792946635e-07,1.9605948587267754e-07,1.9595778730685365e-07,1.9585623182594735e-07,1.957548191508728e-07,1.956535488936175e-07,1.955524206969197e-07,1.9545143433319701e-07,1.9535058943922484e-07,1.9524988570091112e-07,1.9514932279135236e-07,1.9504890039615874e-07,1.9494861820060358e-07,1.9484847588785028e-07,1.9474847314366008e-07,1.9464860964427327e-07,1.9454888508628374e-07,1.94449299172658e-07,1.9434985156318194e-07,1.9425054200753273e-07,1.9415137013308864e-07,1.9405233565083994e-07,1.93953438254598e-07,1.9385467763640243e-07,1.9375605349331936e-07,1.9365756552063127e-07,1.9355921341421046e-07,1.9346099687182285e-07,1.9336291559036827e-07,1.932649692713409e-07,1.9316715762193525e-07,1.9306948033025647e-07,1.9297193711000216e-07,1.9287452766188617e-07,1.9277725167043258e-07,1.9268010885629996e-07,1.9258309892524777e-07,1.9248622159626032e-07,1.923894765729511e-07,1.922928635491657e-07,1.9219638223475764e-07,1.9210003235016606e-07,1.9200381359738866e-07,1.9190772567459944e-07,1.9181176831474458e-07,1.9171594122977928e-07,1.9162024414178106e-07,1.9152467676278647e-07,1.9142923879095262e-07,1.913339299651345e-07,1.9123874999513758e-07,1.9114369857791072e-07,1.9104877548435264e-07,1.9095398040823622e-07,1.9085931307107538e-07,1.907647731952178e-07,1.906703604940763e-07,1.9057607469615693e-07,1.9048191553457574e-07,1.9038788274644542e-07,1.902939760435605e-07,1.9020019515305972e-07,1.9010653979564978e-07,1.9001300972102573e-07,1.899196046422547e-07,1.898263242894984e-07,1.8973316839469985e-07,1.8964013669067843e-07,1.895472289162626e-07,1.8945444479994503e-07,1.8936178407825797e-07,1.8926924648625275e-07,1.891768317591643e-07,1.8908453963400432e-07,1.8899236984965956e-07,1.8890032214533117e-07,1.8880839626365837e-07,1.8871659193608105e-07,1.8862490890314604e-07,1.8853334691309167e-07,1.8844190569266142e-07,1.8835058501110558e-07,1.8825938456772914e-07,1.8816830416137464e-07,1.8807734351942021e-07,1.879865023851019e-07,1.8789578050207423e-07,1.8780517761731273e-07,1.8771469348041912e-07,1.876243278464102e-07,1.8753408044072952e-07,1.8744395104141758e-07,1.8735393938892252e-07,1.8726404523035033e-07,1.8717426832649017e-07,1.870846084297086e-07,1.8699506529792485e-07,1.8690563868034915e-07,1.8681632833252517e-07,1.8672713401049496e-07,1.8663805546807924e-07,1.865490924678398e-07,1.864602447662474e-07,1.8637151212165092e-07,1.8628289429402318e-07,1.861943910445993e-07,1.861060021337439e-07,1.860177273277014e-07,1.859295663858433e-07,1.8584151907059703e-07,1.8575358516242888e-07,1.8566576438365966e-07,1.855780565280297e-07,1.8549046135684572e-07,1.8540297862825282e-07,1.8531560813262807e-07,1.8522834962308362e-07,1.8514120286640302e-07,1.850541676345944e-07,1.8496724369978805e-07,1.8488043082431496e-07,1.847937287878275e-07,1.8470713736246126e-07,1.8462065632851397e-07,1.8453428544342572e-07,1.8444802446872722e-07,1.8436187319559593e-07,1.8427583139909352e-07,1.841898988548403e-07,1.8410407533897883e-07,1.8401836062878838e-07,1.8393275450151552e-07,1.8384725673542158e-07,1.837618671108287e-07,1.8367658540437185e-07,1.8359141140722046e-07,1.8350634491888567e-07,1.8342138565993137e-07,1.8333653344057087e-07,1.8325178808041718e-07,1.8316714929527608e-07,1.8308261693733008e-07,1.829981907241849e-07,1.8291387050495263e-07,1.8282965600242122e-07,1.827455470571218e-07,1.8266154340821864e-07,1.8257764486194649e-07,1.8249385121036188e-07,1.824101622438358e-07,1.8232657775068744e-07,1.8224309753750626e-07,1.8215972136060027e-07,1.82076449044524e-07,1.8199328035104554e-07,1.8191021508503745e-07,1.8182725303910703e-07,1.8174439398845874e-07,1.8166163774477096e-07,1.8157898410350463e-07,1.8149643285746766e-07,1.8141398382109373e-07,1.8133163677233274e-07,1.812493915077907e-07,1.8116724779180994e-07,1.810852054876691e-07,1.8100326436085838e-07,1.8092142420691658e-07,1.8083968482809706e-07,1.8075804602515256e-07,1.806765075994067e-07,1.8059506935077132e-07,1.805137310852343e-07,1.8043249259863833e-07,1.8035135368463506e-07,1.8027031412963001e-07,1.8018937378843508e-07,1.8010853245139268e-07,1.800277899158834e-07,1.7994714598429084e-07,1.7986660046335443e-07,1.7978615316451706e-07,1.797058038845868e-07,1.7962555243563912e-07,1.7954539862268865e-07,1.7946534225995682e-07,1.7938538314644014e-07,1.7930552110655914e-07,1.7922575593084961e-07,1.7914608744977138e-07,1.7906651546729417e-07,1.7898703976719088e-07,1.7890766023332607e-07,1.788283766182612e-07,1.7874918874869737e-07,1.786700964361841e-07,1.785910994509054e-07,1.7851219773372117e-07,1.7843339099499256e-07,1.7835467906627558e-07,1.782760617798496e-07,1.7819753894659263e-07,1.7811911037929136e-07,1.7804077591604795e-07,1.7796253534545609e-07,1.7788438849206284e-07,1.778063351854852e-07,1.7772837525177594e-07,1.7765050849977715e-07,1.7757273470086652e-07,1.7749505375079687e-07,1.7741746545822066e-07,1.7733996962676136e-07,1.7726256608295256e-07,1.7718525465070048e-07,1.7710803513548874e-07,1.770309073873996e-07,1.7695387123505418e-07,1.7687692648723873e-07,1.768000729714156e-07,1.7672331051617235e-07,1.7664663894586802e-07,1.7657005808347274e-07,1.7649356775687273e-07,1.764171677866351e-07,1.763408580067127e-07,1.7626463826121255e-07,1.7618850836595797e-07,1.7611246815753986e-07,1.7603651745168024e-07,1.7596065608730098e-07,1.7588488391523298e-07,1.7580920072038487e-07,1.7573360635676594e-07,1.7565810065941792e-07,1.755826834623629e-07,1.7550735459209588e-07,1.7543211387664076e-07,1.7535696117223083e-07,1.7528189629495984e-07,1.7520691904221e-07,1.7513202932780022e-07,1.7505722694871542e-07,1.7498251175595136e-07,1.7490788355997032e-07,1.7483334219629931e-07,1.7475888755031217e-07,1.7468451940028263e-07,1.74610237595325e-07,1.7453604198976458e-07,1.744619324234776e-07,1.7438790872800592e-07,1.7431397075383135e-07,1.742401183224056e-07,1.74166351284316e-07,1.7409266948320078e-07,1.7401907272562045e-07,1.73945560915775e-07,1.7387213386232426e-07,1.7379879140958833e-07,1.7372553344493892e-07,1.7365235972534947e-07,1.7357927015367218e-07,1.7350626455809868e-07,1.734333427821704e-07,1.7336050465216835e-07,1.7328775003344965e-07,1.732150787705291e-07,1.7314249071257394e-07,1.730699856865967e-07,1.7299756356965854e-07,1.7292522420546953e-07,1.728529674278684e-07,1.727807930883096e-07,1.7270870102867205e-07,1.726366910974556e-07,1.7256476309802654e-07,1.724929169907339e-07,1.7242115255938562e-07,1.7234946967163557e-07,1.7227786816975758e-07,1.7220634790361386e-07,1.7213490872664938e-07,1.7206355048818048e-07,1.7199227304811354e-07,1.7192107624670955e-07,1.7184995993790108e-07,1.7177892398756196e-07,1.71707968227752e-07,1.7163709256356422e-07,1.7156629678205192e-07,1.7149558075899528e-07,1.7142494436899788e-07,1.7135438746092403e-07,1.7128390987108424e-07,1.712135114868651e-07,1.7114319215001324e-07,1.7107295170731719e-07,1.7100279001909998e-07,1.7093270695967595e-07,1.7086270236819695e-07,1.7079277611916705e-07,1.707229280652763e-07,1.7065315806311126e-07,1.705834659732823e-07,1.705138516556898e-07,1.704443149706635e-07,1.7037485577679805e-07,1.7030547394008112e-07,1.7023616935144238e-07,1.7016694180346627e-07,1.7009779119425695e-07,1.7002871738562583e-07,1.699597202371198e-07,1.6989079961637712e-07,1.6982195538668125e-07,1.6975318739099034e-07,1.696844955262588e-07,1.696158796449528e-07,1.6954733960384517e-07,1.69478875281534e-07,1.6941048655041222e-07,1.6934217324784385e-07,1.6927393524285283e-07,1.6920577241102584e-07,1.6913768461691983e-07,1.6906967172921727e-07,1.6900173362640085e-07,1.6893387017891046e-07,1.6886608121615325e-07,1.687983666270593e-07,1.6873072628475047e-07,1.6866316005985866e-07,1.6859566781919433e-07,1.685282494300898e-07,1.6846090476925776e-07,1.6839363369744564e-07,1.6832643609062613e-07,1.682593118153536e-07,1.68192260749992e-07,1.6812528275980276e-07,1.6805837771775047e-07,1.6799154549216402e-07,1.6792478595795234e-07,1.6785809898534022e-07,1.6779148445470614e-07,1.6772494223784807e-07,1.6765847220144664e-07,1.6759207422539757e-07,1.6752574818480657e-07,1.6745949394777267e-07,1.6739331137504103e-07,1.6732720037306715e-07,1.6726116080113943e-07,1.6719519253877616e-07,1.671292954641748e-07,1.6706346944772825e-07,1.6699771436886733e-07,1.6693203010368777e-07,1.6686641652912802e-07,1.6680087352266526e-07,1.667354009612026e-07,1.6666999871140456e-07,1.666046666623826e-07,1.6653940468658766e-07,1.6647421268222854e-07,1.664090905277045e-07,1.6634403808991782e-07,1.6627905523920797e-07,1.6621414187889355e-07,1.6614929787636915e-07,1.6608452308197898e-07,1.6601981741125366e-07,1.659551807594975e-07,1.6589061299036866e-07,1.6582611399230773e-07,1.6576168363774467e-07,1.656973218064064e-07,1.6563302839716923e-07,1.655688032782683e-07,1.6550464633746037e-07,1.6544055745162083e-07,1.6537653650945725e-07,1.6531258339500152e-07,1.65248697992337e-07,1.651848801862893e-07,1.6512112986137814e-07,1.6505744690268896e-07,1.649938311926529e-07,1.6493028261977967e-07,1.6486680106992176e-07,1.6480338642920916e-07,1.6474003858401856e-07,1.6467675742099044e-07,1.6461354283060975e-07,1.6455039469295286e-07,1.6448731289901692e-07,1.6442429733962787e-07,1.6436134790000627e-07,1.6429846446807977e-07,1.642356469320986e-07,1.6417289518086233e-07,1.6411020910234662e-07,1.6404758858844176e-07,1.6398503352673674e-07,1.6392254380535648e-07,1.6386011931870374e-07,1.63797759952674e-07,1.637354656012674e-07,1.636732361541686e-07,1.6361107150353445e-07,1.6354897153685634e-07,1.6348693614050513e-07,1.6342496522144046e-07,1.6336305865820538e-07,1.6330121635115548e-07,1.6323943819455304e-07,1.631777240704279e-07,1.6311607388853358e-07,1.6305448753283787e-07,1.6299296489423903e-07,1.6293150587198998e-07,1.6287011035526804e-07,1.6280877823444342e-07,1.6274750941751563e-07,1.6268630378457794e-07,1.6262516124461498e-07,1.625640816692462e-07,1.625030649794186e-07,1.62442111057881e-07,1.6238121980836857e-07,1.6232039112461276e-07,1.622596249129935e-07,1.6219892104485485e-07,1.621382794375166e-07,1.6207769998075814e-07,1.6201718256766956e-07,1.6195672711748846e-07,1.6189633349761544e-07,1.6183600163498553e-07,1.6177573141409321e-07,1.6171552272225385e-07,1.6165537547418091e-07,1.6159528956938442e-07,1.6153526488901825e-07,1.6147530134682377e-07,1.6141539885106512e-07,1.6135555728625032e-07,1.6129577655429502e-07,1.6123605656757565e-07,1.6117639721396854e-07,1.611167984022415e-07,1.610572600210001e-07,1.609977819870944e-07,1.6093836419632856e-07,1.6087900654637274e-07,1.6081970894037972e-07,1.6076047127795201e-07,1.6070129347115086e-07,1.606421754101864e-07,1.6058311699358987e-07,1.6052411815308338e-07,1.6046517877315485e-07,1.6040629876001856e-07,1.6034747800803664e-07,1.6028871642931684e-07,1.602300139343401e-07,1.6017137042133796e-07,1.60112785783988e-07,1.600542599404906e-07,1.5999579279783138e-07,1.599373842575235e-07,1.5987903422257222e-07,1.598207425886488e-07,1.5976250928418698e-07,1.597043342029089e-07,1.596462172514014e-07,1.5958815833679624e-07,1.59530157357184e-07,1.5947221423536607e-07,1.594143288597041e-07,1.5935650114817773e-07,1.5929873100744474e-07,1.592410183583622e-07,1.5918336309650595e-07,1.5912576513015578e-07,1.590682243672789e-07,1.5901074071677059e-07,1.5895331408699524e-07,1.5889594438703217e-07,1.5883863149139682e-07,1.58781375340308e-07,1.5872417587994622e-07,1.5866703298715092e-07,1.5860994657802045e-07,1.5855291654212405e-07,1.5849594281094224e-07,1.5843902526271713e-07,1.583821638692351e-07,1.5832535850581886e-07,1.58268609068152e-07,1.5821191548228968e-07,1.5815527767223865e-07,1.5809869552783054e-07,1.5804216897337117e-07,1.5798569791741128e-07,1.5792928227409663e-07,1.5787292195213029e-07,1.5781661688376988e-07,1.577603669517209e-07,1.5770417208209055e-07,1.5764803219631491e-07,1.575919472224251e-07,1.5753591703354476e-07,1.5747994154879437e-07,1.5742402073330375e-07,1.573681544283325e-07,1.5731234257005193e-07,1.5725658509488478e-07,1.5720088190990209e-07,1.5714523291826592e-07,1.5708963805430143e-07,1.5703409721382657e-07,1.5697861032177734e-07,1.5692317730412029e-07,1.5686779805296286e-07,1.5681247250971042e-07,1.5675720056849674e-07,1.5670198215516668e-07,1.5664681720069687e-07,1.5659170560710482e-07,1.5653664728759348e-07,1.564816421680034e-07,1.5642669017935008e-07,1.5637179119687095e-07,1.563169451710926e-07,1.5626215201361594e-07,1.5620741162777942e-07,1.56152723949742e-07,1.5609808889421218e-07,1.5604350637246712e-07,1.5598897631380668e-07,1.5593449863141346e-07,1.558800732440448e-07,1.5582570007097237e-07,1.5577137903167157e-07,1.5571711004553863e-07,1.5566289303109462e-07,1.5560872790946027e-07,1.555546146008944e-07,1.555005530373671e-07,1.5544654311500234e-07,1.5539258476660187e-07,1.5533867791241378e-07,1.5528482247363043e-07,1.5523101838427082e-07,1.5517726556921222e-07,1.551235639036704e-07,1.5506991333870137e-07,1.550163137960264e-07,1.5496276519756268e-07,1.5490926746527222e-07,1.5485582052146276e-07,1.5480242428843795e-07,1.5474907868876894e-07,1.546957836451172e-07,1.5464253908036023e-07,1.5458934491735498e-07,1.5453620107939657e-07,1.5448310749008552e-07,1.5443006407213156e-07,1.5437707075026411e-07,1.5432412744741422e-07,1.5427123408817927e-07,1.542183905964527e-07,1.5416559689840782e-07,1.5411285290557551e-07,1.5406015856808698e-07,1.540075137962828e-07,1.5395491849870722e-07,1.5390237264158018e-07,1.5384987611601815e-07,1.5379742885471313e-07,1.5374503078746796e-07,1.5369268183579947e-07,1.536403818982239e-07,1.5358813092884818e-07,1.53535928888399e-07,1.5348377563761898e-07,1.5343167114474175e-07,1.533796153055045e-07,1.5332760811382393e-07,1.5327564941874747e-07,1.532237392121598e-07,1.5317187736043978e-07,1.5312006384960515e-07,1.5306829854585966e-07,1.530165814413456e-07,1.529649124084126e-07,1.529132914193104e-07,1.5286171837509644e-07,1.5281019320871206e-07,1.5275871584948725e-07,1.5270728622917448e-07,1.5265590427245665e-07,1.52604569906652e-07,1.5255328306616187e-07,1.5250204367301053e-07,1.5245085165702364e-07,1.523997069547031e-07,1.523486095000943e-07,1.5229755920624116e-07,1.5224655601212618e-07,1.521955998032114e-07,1.5214469060130393e-07,1.520938282842391e-07,1.520430128051354e-07,1.519922440613283e-07,1.5194152199428354e-07,1.5189084651226717e-07,1.5184021761915605e-07,1.5178963518036578e-07,1.517390991559137e-07,1.516886094746143e-07,1.5163816606108613e-07,1.5158776884514674e-07,1.5153741776202982e-07,1.514871127471136e-07,1.514368536914397e-07,1.5138664056140766e-07,1.513364732837766e-07,1.5128635180680415e-07,1.512362761037649e-07,1.511862460494332e-07,1.5113626160960938e-07,1.5108632268110182e-07,1.5103642918142122e-07,1.509865810941278e-07,1.5093677834549573e-07,1.5088702085500905e-07,1.5083730855807176e-07,1.507876413942086e-07,1.50738019290211e-07,1.5068844217862646e-07,1.5063890999731098e-07,1.5058942264146384e-07,1.5053998012422866e-07,1.5049058234718958e-07,1.504412292328901e-07,1.503919207258806e-07,1.5034265675447766e-07,1.502934372573041e-07,1.5024426216976084e-07,1.501951314285152e-07,1.5014604496687713e-07,1.5009700272178674e-07,1.5004800462910996e-07,1.4999905062479026e-07,1.499501406451865e-07,1.4990127462645162e-07,1.4985245249849184e-07,1.4980367421098603e-07,1.4975493969383327e-07,1.4970624888315404e-07,1.496576017174493e-07,1.4960899813294962e-07,1.4956043806682777e-07,1.4951192145637301e-07,1.494634482389936e-07,1.4941501835222793e-07,1.4936663173374115e-07,1.4931828832131414e-07,1.4926998805285578e-07,1.4922173086640222e-07,1.4917351670010685e-07,1.491253454922487e-07,1.4907721718122339e-07,1.4902913170555552e-07,1.489810890038905e-07,1.489330890149902e-07,1.4888513167776937e-07,1.4883721693117968e-07,1.48789344714378e-07,1.487415149666472e-07,1.4869372762728082e-07,1.4864598263579694e-07,1.485982799318075e-07,1.485506194550371e-07,1.4850300114532914e-07,1.4845542494264432e-07,1.4840789078706626e-07,1.4836039861878602e-07,1.48312948378126e-07,1.4826554000551057e-07,1.482181734414984e-07,1.4817084862674878e-07,1.4812356550204404e-07,1.4807632400828485e-07,1.4802912408648482e-07,1.479819656777682e-07,1.4793484872338468e-07,1.4788777316469413e-07,1.478407389431667e-07,1.4779374600039047e-07,1.477467942780669e-07,1.4769988371801416e-07,1.4765301426216096e-07,1.4760618585255022e-07,1.4755939843071768e-07,1.4751265193878603e-07,1.4746594630673487e-07,1.4741928150144283e-07,1.4737265743170115e-07,1.4732607408925904e-07,1.4727953139081857e-07,1.4723302925134435e-07,1.4718656766861702e-07,1.4714014653120873e-07,1.470937658101582e-07,1.4704742544874274e-07,1.470011253900135e-07,1.4695486557730647e-07,1.46908645955343e-07,1.468624664669814e-07,1.4681632705707075e-07,1.467702276680525e-07,1.4672416824544843e-07,1.4667814873338076e-07,1.466321690757296e-07,1.4658622921713753e-07,1.4654032910214248e-07,1.464944686751932e-07,1.464486478817414e-07,1.4640286666657796e-07,1.4635712497374594e-07,1.4631142274892378e-07,1.4626575993802535e-07,1.4622013648588143e-07,1.4617455233741111e-07,1.461290074379048e-07,1.4608350173269477e-07,1.460380351694138e-07,1.4599260769340373e-07,1.4594721924956548e-07,1.459018697850107e-07,1.4585655924554526e-07,1.4581128757747053e-07,1.4576605472560807e-07,1.4572086063745887e-07,1.4567570525979332e-07,1.4563058853923666e-07,1.4558551042270712e-07,1.4554047085707826e-07,1.4549546983014968e-07,1.454505072060868e-07,1.4540558297384367e-07,1.4536069710972413e-07,1.4531584950397736e-07,1.4527104013134095e-07,1.4522626894084682e-07,1.4518153587862825e-07,1.4513684089364976e-07,1.450921839546677e-07,1.4504756501061192e-07,1.4500298394397019e-07,1.4495844078143792e-07,1.4491393541986658e-07,1.448694678519489e-07,1.4482503799468165e-07,1.447806457962605e-07,1.4473629121288329e-07,1.4469197419327812e-07,1.4464769466397622e-07,1.4460345261076543e-07,1.4455924794649014e-07,1.4451508065583945e-07,1.4447095067015278e-07,1.4442685793977105e-07,1.443828023889598e-07,1.4433878400732953e-07,1.4429480273703945e-07,1.4425085851079726e-07,1.442069512868216e-07,1.4416308101520275e-07,1.4411924763391503e-07,1.4407545111673776e-07,1.4403169140188383e-07,1.4398796842831203e-07,1.4394428216191916e-07,1.4390063255605866e-07,1.4385701954961674e-07,1.4381344310881825e-07,1.4376990316710723e-07,1.437263996904614e-07,1.436829325916687e-07,1.4363950185970885e-07,1.4359610743552026e-07,1.4355274925791508e-07,1.4350942729747136e-07,1.434661415106701e-07,1.4342289185527453e-07,1.4337967826399812e-07,1.43336500684212e-07,1.4329335907995807e-07,1.4325025337224388e-07,1.4320718353963227e-07,1.4316414953675444e-07,1.43121151317713e-07,1.430781888319124e-07,1.430352620165896e-07,1.4299237085137524e-07,1.4294951526206954e-07,1.4290669521109798e-07,1.4286391066168493e-07,1.4282116154516365e-07,1.4277844782578885e-07,1.4273576945580587e-07,1.426931263877277e-07,1.426505185871466e-07,1.4260794598335106e-07,1.4256540854099622e-07,1.42522906213694e-07,1.4248043895056027e-07,1.4243800671339705e-07,1.4239560945181662e-07,1.4235324711872525e-07,1.4231091966872513e-07,1.4226862705508325e-07,1.4222636923183568e-07,1.4218414615060026e-07,1.421419577703171e-07,1.4209980404205432e-07,1.4205768492468213e-07,1.4201560036730556e-07,1.4197355032252723e-07,1.4193153474734461e-07,1.4188955356974422e-07,1.418476067904834e-07,1.4180569435263688e-07,1.4176381620339293e-07,1.4172197229918848e-07,1.4168016259024166e-07,1.4163838703743887e-07,1.4159664558871575e-07,1.4155493821648162e-07,1.415132648296103e-07,1.414716254386695e-07,1.414300199770629e-07,1.4138844839987547e-07,1.413469106407661e-07,1.4130540670518293e-07,1.4126393652092936e-07,1.4122250004482097e-07,1.4118109723448334e-07,1.411397280480238e-07,1.4109839243798626e-07,1.4105709036054182e-07,1.4101582177194206e-07,1.4097458662851482e-07,1.4093338488665617e-07,1.4089221650285713e-07,1.4085108143368367e-07,1.4080997963578018e-07,1.407689110658474e-07,1.4072787568070343e-07,1.4068687343721473e-07,1.4064590429288472e-07,1.4060496819995335e-07,1.4056406511909501e-07,1.4052319500416196e-07,1.4048235781921456e-07,1.4044155354356995e-07,1.4040078208356696e-07,1.4036004342648225e-07,1.4031933752542823e-07,1.4027866433963116e-07,1.4023802382708052e-07,1.401974159428279e-07,1.4015684064671022e-07,1.4011629790077113e-07,1.400757877004366e-07,1.400353099180045e-07,1.3999486457862715e-07,1.3995445159490425e-07,1.3991407094799314e-07,1.3987372259627257e-07,1.3983340649816845e-07,1.3979312261223478e-07,1.3975287089709683e-07,1.397126513175506e-07,1.3967246382620152e-07,1.3963230838187297e-07,1.395921849435287e-07,1.395520934640135e-07,1.3951203391454303e-07,1.3947200626934395e-07,1.3943201046659523e-07,1.3939204644406104e-07,1.393521142090303e-07,1.3931221369224774e-07,1.392723448259261e-07,1.392325076071285e-07,1.391927019668977e-07,1.391529278926368e-07,1.3911318534493148e-07,1.3907347435113295e-07,1.3903379472220686e-07,1.3899414651168054e-07,1.3895452963793747e-07,1.389149441398747e-07,1.3887538988420082e-07,1.3883586686724924e-07,1.3879637504976303e-07,1.38756914362841e-07,1.3871748479546748e-07,1.3867808630611076e-07,1.386387188602287e-07,1.3859938241374523e-07,1.3856007692978248e-07,1.385208023691854e-07,1.3848155869576948e-07,1.3844234586745475e-07,1.384031638449024e-07,1.3836401258925843e-07,1.3832489206243096e-07,1.3828580222478144e-07,1.3824674303750215e-07,1.3820771446320644e-07,1.3816871645655367e-07,1.3812974899154494e-07,1.380908120236604e-07,1.3805190551333524e-07,1.3801302942400355e-07,1.3797418371458142e-07,1.379353683505334e-07,1.3789658329138887e-07,1.3785782848162497e-07,1.3781910389330707e-07,1.377804095285355e-07,1.3774174531447328e-07,1.3770311121849636e-07,1.376645071736707e-07,1.376259331900688e-07,1.375873892119151e-07,1.3754887520005214e-07,1.3751039111532383e-07,1.374719369220913e-07,1.3743351258214779e-07,1.373951180582287e-07,1.3735675331270702e-07,1.373184183058038e-07,1.3728011300703223e-07,1.3724183737550916e-07,1.372035913716201e-07,1.3716537496513306e-07,1.3712718809924534e-07,1.3708903076970609e-07,1.3705090292251048e-07,1.3701280452808083e-07,1.3697473553969158e-07,1.3693669592474264e-07,1.3689868564858635e-07,1.3686070467589244e-07,1.3682275296890432e-07,1.367848304674558e-07,1.3674693718376825e-07,1.367090730480422e-07,1.3667123806286529e-07,1.366334321383603e-07,1.3659565524614868e-07,1.3655790737123268e-07,1.3652018847520902e-07,1.364824985197558e-07,1.364448374694986e-07,1.3640720528874688e-07,1.3636960194195226e-07,1.3633202739051474e-07,1.3629448160171348e-07,1.362569645404948e-07,1.3621947617420883e-07,1.3618201647148112e-07,1.3614458538057138e-07,1.3610718287897836e-07,1.3606980896722165e-07,1.360324635437948e-07,1.3599514659315589e-07,1.3595785809785977e-07,1.359205980091114e-07,1.358833662891173e-07,1.3584616291261025e-07,1.3580898785907797e-07,1.35771841065008e-07,1.357347225234374e-07,1.3569763217758227e-07,1.3566056999144527e-07,1.3562353593792327e-07,1.35586529988802e-07,1.3554955212053092e-07,1.3551260226731435e-07,1.3547568043042767e-07,1.3543878656135604e-07,1.354019206181302e-07,1.3536508253465387e-07,1.353282723308056e-07,1.3529148995545265e-07,1.3525473537453493e-07,1.3521800858884467e-07,1.3518130949080255e-07,1.351446380969959e-07,1.3510799435871843e-07,1.3507137824018014e-07,1.3503478969194457e-07,1.3499822871450655e-07,1.34961695273923e-07,1.3492518932574486e-07,1.3488871083393162e-07,1.3485225976934206e-07,1.3481583609381871e-07,1.3477943977478625e-07,1.3474307082194232e-07,1.347067291313114e-07,1.3467041469911296e-07,1.3463412749111446e-07,1.3459786748684187e-07,1.3456163464001612e-07,1.3452542891846163e-07,1.3448925029674858e-07,1.3445309874568218e-07,1.3441697422155792e-07,1.3438087669654083e-07,1.3434480613820342e-07,1.3430876254113136e-07,1.3427274582020805e-07,1.3423675596806474e-07,1.3420079295325902e-07,1.341648567440808e-07,1.341289473079187e-07,1.3409306461262876e-07,1.3405720862320664e-07,1.3402137931797856e-07,1.3398557665613485e-07,1.3394980059892362e-07,1.3391405113445792e-07,1.3387832821513912e-07,1.3384263181232114e-07,1.3380696189828886e-07,1.3377131844637104e-07,1.337357014090025e-07,1.337001107678068e-07,1.3366454648109546e-07,1.336290085273695e-07,1.3359349686859568e-07,1.335580115050756e-07,1.335225523509445e-07,1.3348711940080844e-07,1.3345171262449443e-07,1.3341633197749234e-07,1.3338097745310976e-07,1.3334564901065036e-07,1.333103466153952e-07,1.3327507023824167e-07,1.3323981985054758e-07,1.332045954172972e-07,1.331693969098674e-07,1.3313422428577716e-07,1.3309907752669084e-07,1.3306395662478112e-07,1.3302886151458503e-07,1.329937921727176e-07,1.3295874856607702e-07,1.3292373068421993e-07,1.3288873847660336e-07,1.328537719278588e-07,1.3281883098823595e-07,1.3278391566277963e-07,1.3274902588767296e-07,1.3271416164363266e-07,1.3267932289951434e-07,1.3264450962760814e-07,1.326097217967014e-07,1.325749593770723e-07,1.3254022234571576e-07,1.325055106769094e-07,1.3247082431201604e-07,1.3243616325333738e-07,1.324015274422936e-07,1.323669168872397e-07,1.3233233150964215e-07,1.322977713099584e-07,1.3226323625471242e-07,1.3222872631070518e-07,1.3219424145632648e-07,1.3215978165831227e-07,1.3212534688740798e-07,1.3209093711449797e-07,1.3205655235948408e-07,1.3202219249517866e-07,1.3198785754141593e-07,1.319535474693145e-07,1.3191926229505644e-07,1.3188500189911875e-07,1.318507662944443e-07,1.318165554593296e-07,1.317823693911962e-07,1.3174820799878894e-07,1.3171407128906434e-07,1.3167995923040316e-07,1.3164587179085028e-07,1.3161180894446576e-07,1.31577770700977e-07,1.3154375695861463e-07,1.3150976772307192e-07,1.314758029667166e-07,1.3144186266488626e-07,1.3140794678904727e-07,1.3137405530475704e-07,1.3134018818536927e-07,1.3130634543370372e-07,1.3127252696903326e-07,1.31238732782123e-07,1.3120496286084576e-07,1.3117121718394548e-07,1.3113749569055874e-07,1.311037983705554e-07,1.310701251960103e-07,1.3103647612479894e-07,1.3100285113928153e-07,1.3096925024973186e-07,1.3093567338049997e-07,1.309021205042497e-07,1.308685916188656e-07,1.3083508667164081e-07,1.3080160563210922e-07,1.307681484874781e-07,1.3073471524243453e-07,1.307013058033186e-07,1.306679201713572e-07,1.306345583248716e-07,1.3060122025239924e-07,1.305679059074008e-07,1.3053461525565273e-07,1.305013482954294e-07,1.3046810498809308e-07,1.3043488528449584e-07,1.3040168918011956e-07,1.3036851664604228e-07,1.3033536765077914e-07,1.3030224217334723e-07,1.3026914016677178e-07,1.3023606163655456e-07,1.30203006544325e-07,1.3016997487561252e-07,1.3013696657262713e-07,1.3010398164829233e-07,1.300710200165689e-07,1.3003808170135905e-07,1.3000516665649265e-07,1.2997227485955533e-07,1.299394062870347e-07,1.2990656091361754e-07,1.298737387042254e-07,1.298409396317871e-07,1.2980816368576947e-07,1.2977541082505002e-07,1.2974268102664967e-07,1.2970997430566806e-07,1.2967729056602121e-07,1.2964462981464023e-07,1.2961199202149053e-07,1.2957937716002564e-07,1.2954678521231405e-07,1.2951421615844243e-07,1.294816699507469e-07,1.2944914657498e-07,1.2941664600801334e-07,1.2938416823053126e-07,1.293517131979226e-07,1.293192808948706e-07,1.292868712929728e-07,1.292544843545677e-07,1.2922212008211998e-07,1.2918977843536498e-07,1.2915745939171128e-07,1.2912516292644133e-07,1.290928890104925e-07,1.2906063761412777e-07,1.290284087203681e-07,1.2899620230261718e-07,1.2896401833483766e-07,1.2893185679751676e-07,1.288997176532169e-07,1.288676008845196e-07,1.28835506462539e-07,1.2880343434778067e-07,1.2877138455191243e-07,1.2873935703044964e-07,1.2870735175913937e-07,1.2867536871219742e-07,1.2864340786343597e-07,1.2861146919189314e-07,1.285795526781634e-07,1.2854765828364124e-07,1.285157859893044e-07,1.2848393578761849e-07,1.2845210762279816e-07,1.2842030148948847e-07,1.2838851737001297e-07,1.2835675521366012e-07,1.2832501500986087e-07,1.2829329673744516e-07,1.2826160037225033e-07,1.2822992589550816e-07,1.2819827326807773e-07,1.2816664246588385e-07,1.2813503347872234e-07,1.2810344627815519e-07,1.2807188083678663e-07,1.2804033713271575e-07,1.280088151377029e-07,1.2797731483160637e-07,1.2794583618997217e-07,1.2791437919028012e-07,1.2788294380561413e-07,1.278515300154451e-07,1.2782013779318215e-07,1.2778876711459253e-07,1.277574179607783e-07,1.277260903005417e-07,1.27694784115406e-07,1.276634993880484e-07,1.2763223607856887e-07,1.2760099417378544e-07,1.275697736497621e-07,1.2753857448245716e-07,1.2750739664542776e-07,1.2747624011386176e-07,1.2744510487134906e-07,1.274139908891621e-07,1.273828981475951e-07,1.2735182662124474e-07,1.2732077628929453e-07,1.272897471241685e-07,1.272587391036198e-07,1.2722775220653618e-07,1.2719678641237803e-07,1.271658416912583e-07,1.2713491802769906e-07,1.2710401539103236e-07,1.2707313376382244e-07,1.270422731214403e-07,1.27011433444289e-07,1.2698061470177812e-07,1.2694981687464252e-07,1.2691903993733082e-07,1.2688828387508486e-07,1.2685754866085258e-07,1.26826834273485e-07,1.267961406893332e-07,1.2676546788184982e-07,1.2673481583172692e-07,1.2670418451849163e-07,1.2667357390781751e-07,1.2664298399352205e-07,1.2661241473746105e-07,1.2658186614000727e-07,1.2655133816062253e-07,1.265208307674756e-07,1.2649034396592955e-07,1.2645987771891732e-07,1.2642943200799038e-07,1.263990068020813e-07,1.2636860208523388e-07,1.263382178350664e-07,1.2630785403724875e-07,1.262775106240629e-07,1.2624718764450758e-07,1.2621688504345287e-07,1.2618660279676382e-07,1.261563408865433e-07,1.261260992869354e-07,1.2609587797995502e-07,1.2606567693781225e-07,1.2603549614552683e-07,1.2600533557872477e-07,1.2597519520469563e-07,1.2594507502148133e-07,1.25914974998038e-07,1.258848951141256e-07,1.2585483534324826e-07,1.2582479566648944e-07,1.2579477606652025e-07,1.257647765182721e-07,1.257347969920405e-07,1.257048374622833e-07,1.256748979350105e-07,1.2564497837843763e-07,1.256150787709973e-07,1.2558519907492912e-07,1.2555533928844312e-07,1.2552549938163717e-07,1.2549567931016608e-07,1.2546587910166476e-07,1.2543609870807708e-07,1.2540633810468667e-07,1.2537659728358027e-07,1.2534687620294575e-07,1.2531717486732193e-07,1.2528749324275548e-07,1.252578313003909e-07,1.2522818903374665e-07,1.2519856641341645e-07,1.2516896342219259e-07,1.2513938004051742e-07,1.2510981624519257e-07,1.2508027200875942e-07,1.250507473227076e-07,1.2502124216258853e-07,1.249917565026848e-07,1.2496229032478e-07,1.2493284360543415e-07,1.2490341632899177e-07,1.248740084732617e-07,1.2484462001324654e-07,1.2481525093609206e-07,1.2478590121733537e-07,1.2475657083553295e-07,1.247272597685672e-07,1.2469796799262243e-07,1.2466869549761878e-07,1.24639442260388e-07,1.246102082526722e-07,1.2458099347029154e-07,1.2455179787939084e-07,1.2452262146435168e-07,1.244934642003117e-07,1.2446432607449508e-07,1.244352070668459e-07,1.24406107154891e-07,1.243770263163434e-07,1.2434796453049702e-07,1.2431892177241003e-07,1.2428989803591093e-07,1.2426089328649173e-07,1.2423190750967985e-07,1.2420294069549908e-07,1.2417399281787911e-07,1.2414506385030048e-07,1.241161537837262e-07,1.2408726258679903e-07,1.2405839025061685e-07,1.2402953674663688e-07,1.2400070205291757e-07,1.2397188615037342e-07,1.239430890316953e-07,1.2391431066950106e-07,1.238855510422268e-07,1.2385681013221157e-07,1.23828087924853e-07,1.2379938439333478e-07,1.2377069952029128e-07,1.2374203328657754e-07,1.2371338567013248e-07,1.2368475665914452e-07,1.2365614622718777e-07,1.2362755435852752e-07,1.235989810307362e-07,1.2357042622313847e-07,1.2354188992470913e-07,1.235133721071853e-07,1.234848727585628e-07,1.234563918535422e-07,1.2342792937800038e-07,1.233994853096336e-07,1.2337105962170416e-07,1.2334265231239364e-07,1.233142633533616e-07,1.2328589272616247e-07,1.2325754040985503e-07,1.2322920638753955e-07,1.2320089063207554e-07,1.2317259313883198e-07,1.2314431388225666e-07,1.2311605283977534e-07,1.2308780999847814e-07,1.2305958534168962e-07,1.2303137884438365e-07,1.2300319048765718e-07,1.229750202583765e-07,1.229468681312466e-07,1.2291873409342679e-07,1.228906181242794e-07,1.2286252020504898e-07,1.228344403165117e-07,1.2280637843963955e-07,1.2277833455582245e-07,1.2275030864896267e-07,1.2272230069696177e-07,1.2269431067962788e-07,1.2266633858489825e-07,1.2263838439289394e-07,1.2261044808357147e-07,1.2258252963630403e-07,1.225546290377226e-07,1.225267462670868e-07,1.224988813056628e-07,1.2247103413938886e-07,1.2244320473907765e-07,1.2241539309730317e-07,1.2238759919110688e-07,1.223598230043448e-07,1.2233206451729772e-07,1.2230432371261966e-07,1.2227660056327544e-07,1.2224889506951116e-07,1.222212072000958e-07,1.221935369392592e-07,1.2216588427589273e-07,1.2213824918551825e-07,1.221106316561172e-07,1.2208303165962924e-07,1.220554491845759e-07,1.2202788421299571e-07,1.2200033672958562e-07,1.2197280670710878e-07,1.2194529413606632e-07,1.2191779899363572e-07,1.218903212683146e-07,1.2186286093646277e-07,1.2183541798482963e-07,1.218079923938245e-07,1.2178058414626718e-07,1.2175319322329748e-07,1.2172581959456384e-07,1.2169846326430265e-07,1.2167112422513189e-07,1.2164380245886665e-07,1.2161649790119938e-07,1.2158921056381648e-07,1.2156194042891682e-07,1.2153468747692845e-07,1.2150745169571162e-07,1.2148023306344602e-07,1.2145303156618856e-07,1.2142584717675385e-07,1.2139867989499191e-07,1.2137152969501157e-07,1.2134439656043462e-07,1.2131728047695262e-07,1.212901814183211e-07,1.2126309937255773e-07,1.2123603432248369e-07,1.2120898625021092e-07,1.211819551391177e-07,1.211549409732127e-07,1.2112794373454046e-07,1.21100963405125e-07,1.2107399996332762e-07,1.210470534046869e-07,1.210201237213824e-07,1.2099321086474536e-07,1.2096631483253182e-07,1.2093943561023344e-07,1.209125731783432e-07,1.2088572751548798e-07,1.208588986164096e-07,1.2083208646090938e-07,1.2080529102875783e-07,1.207785123032097e-07,1.2075175026926528e-07,1.2072500490866813e-07,1.2069827620740222e-07,1.206715641449648e-07,1.206448687086101e-07,1.206181898794152e-07,1.205915276423429e-07,1.2056488197974905e-07,1.2053825287521387e-07,1.2051164031255117e-07,1.204850442770239e-07,1.204584647489437e-07,1.2043190171222558e-07,1.204053551509018e-07,1.2037882505817033e-07,1.2035231140183493e-07,1.2032581417390336e-07,1.20299333355055e-07,1.202728689324891e-07,1.2024642088678202e-07,1.2021998919583083e-07,1.2019357385520264e-07,1.2016717484362736e-07,1.201407921451318e-07,1.2011442574052283e-07,1.2008807560286584e-07,1.200617417514938e-07,1.200354241331171e-07,1.2000912272194282e-07,1.199828375600964e-07,1.199565686006662e-07,1.1993031582408415e-07,1.1990407921578258e-07,1.198778587431426e-07,1.1985165442157054e-07,1.1982546622059456e-07,1.197992941245169e-07,1.1977313811933225e-07,1.197469981864763e-07,1.197208743076993e-07,1.1969476647331125e-07,1.1966867465902336e-07,1.1964259885861134e-07,1.1961653906678045e-07,1.1959049523282251e-07,1.1956446735571694e-07,1.195384554307917e-07,1.1951245943464433e-07,1.1948647934781016e-07,1.1946051516783775e-07,1.1943456687151733e-07,1.194086344438378e-07,1.193827178689963e-07,1.1935681712336497e-07,1.1933093220742833e-07,1.19305063097152e-07,1.1927920977756546e-07,1.1925337223423983e-07,1.192275504454618e-07,1.192017444036962e-07,1.1917595409010621e-07,1.1915017949011681e-07,1.1912442059045332e-07,1.1909867737763628e-07,1.1907294982681729e-07,1.1904723792738836e-07,1.1902154166527501e-07,1.1899586100915955e-07,1.1897019597538315e-07,1.18944546531526e-07,1.1891891265604827e-07,1.1889329432767698e-07,1.1886769156596658e-07,1.1884210435643442e-07,1.1881653263486653e-07,1.1879097641834935e-07,1.1876543568708242e-07,1.1873991042419121e-07,1.187144006180164e-07,1.1868890625717282e-07,1.186634273157995e-07,1.186379637870056e-07,1.1861251563374537e-07,1.1858708287754871e-07,1.1856166549026732e-07,1.1853626344992582e-07,1.1851087674598024e-07,1.1848550536117139e-07,1.1846014929597244e-07,1.1843480853125634e-07,1.1840948302090172e-07,1.1838417277094584e-07,1.1835887776341311e-07,1.1833359799091886e-07,1.1830833345219923e-07,1.1828308411918141e-07,1.1825784996115639e-07,1.1823263097306182e-07,1.1820742714161754e-07,1.181822384532334e-07,1.1815706488981589e-07,1.1813190643474128e-07,1.1810676309239339e-07,1.1808163483718474e-07,1.18056521650526e-07,1.1803142352032775e-07,1.1800634043257558e-07,1.1798127237334184e-07,1.1795621932865033e-07,1.179311813035762e-07,1.1790615827483939e-07,1.1788115017872374e-07,1.1785615703974434e-07,1.1783117885003886e-07,1.1780621558655332e-07,1.1778126722862101e-07,1.1775633376890675e-07,1.1773141518875372e-07,1.177065114841995e-07,1.1768162263523277e-07,1.1765674862693876e-07,1.1763188944623544e-07,1.176070450780184e-07,1.1758221550461128e-07,1.1755740071560596e-07,1.1753260070151437e-07,1.1750781544388682e-07,1.1748304492863811e-07,1.174582891417305e-07,1.174335480690955e-07,1.1740882166657025e-07,1.1738410998033428e-07,1.1735941299183936e-07,1.173347306428895e-07,1.1731006294287574e-07,1.1728540985936979e-07,1.172607713930912e-07,1.1723614752920123e-07,1.1721153825639753e-07,1.1718694356004902e-07,1.1716236342510962e-07,1.1713779783504484e-07,1.1711324677818598e-07,1.1708871024181523e-07,1.1706418820392165e-07,1.1703968067377176e-07,1.1701518760096026e-07,1.1699070900424755e-07,1.1696624483724907e-07,1.1694179512852391e-07,1.1691735985203546e-07,1.1689293898535634e-07,1.1686853252382977e-07,1.1684414047974768e-07,1.1681976277463715e-07,1.1679539940047858e-07,1.1677105036982208e-07,1.1674671566399223e-07,1.1672239526250023e-07,1.166980891843237e-07,1.1667379738525406e-07,1.1664951986110683e-07,1.1662525659721797e-07,1.1660100758274605e-07,1.1657677280797978e-07,1.1655255224818771e-07,1.1652834589391575e-07,1.1650415372998925e-07,1.164799757503501e-07,1.1645581194117482e-07,1.1643166229153846e-07,1.1640752677345971e-07,1.1638340538269449e-07,1.1635929811276535e-07,1.1633520491161828e-07,1.1631112582319991e-07,1.1628706080933342e-07,1.1626300985324282e-07,1.162389729469161e-07,1.1621495005577103e-07,1.1619094120441778e-07,1.1616694636813616e-07,1.1614296548251813e-07,1.1611899862030522e-07,1.1609504569022599e-07,1.1607110675347723e-07,1.1604718175806847e-07,1.1602327069659223e-07,1.1599937354680532e-07,1.1597549031134032e-07,1.1595162096525277e-07,1.1592776549671717e-07,1.1590392389032181e-07,1.1588009613772165e-07,1.1585628222108777e-07,1.1583248213233618e-07,1.1580869585416897e-07,1.1578492337969394e-07,1.1576116469317289e-07,1.1573741978208247e-07,1.1571368867170756e-07,1.1568997128036605e-07,1.1566626760382027e-07,1.1564257766444741e-07,1.1561890143602265e-07,1.155952389050446e-07,1.1557159005872991e-07,1.1554795493333682e-07,1.1552433342299798e-07,1.1550072556043114e-07,1.154771313364366e-07,1.1545355075527039e-07,1.1542998376030138e-07,1.1540643036107373e-07,1.153828905003815e-07,1.1535936426613291e-07,1.1533585158493583e-07,1.1531235245056267e-07,1.152888668365189e-07,1.1526539475891879e-07,1.1524193619846374e-07,1.1521849110824045e-07,1.1519505951718622e-07,1.151716414261537e-07,1.1514823677481136e-07,1.1512484556782222e-07,1.1510146779582592e-07,1.1507810344512775e-07,1.150547525023725e-07,1.1503141496124697e-07,1.1500809080549919e-07,1.1498478002348599e-07,1.1496148260197188e-07,1.1493819852914921e-07,1.1491492779745663e-07,1.1489167038967202e-07,1.1486842628985195e-07,1.1484519549038256e-07,1.1482197797535937e-07,1.1479877373749849e-07,1.1477558276268807e-07,1.1475240503906645e-07,1.1472924055429696e-07,1.1470608929634837e-07,1.1468295125291721e-07,1.1465982641361326e-07,1.146367147577862e-07,1.1461361628678513e-07,1.1459053097467683e-07,1.1456745882295583e-07,1.1454439979730656e-07,1.1452135392878775e-07,1.144983211542369e-07,1.1447530149989569e-07,1.144522949397688e-07,1.1442930146204463e-07,1.1440632105885524e-07,1.143833537104687e-07,1.1436039942504946e-07,1.1433745815790352e-07,1.1431452990079401e-07,1.1429161468540312e-07,1.1426871245799577e-07,1.1424582321144688e-07,1.1422294693911725e-07,1.1420008363149722e-07,1.1417723327480003e-07,1.1415439586015616e-07,1.1413157137178065e-07,1.1410875980238718e-07,1.1408596113711005e-07,1.1406317536588886e-07,1.1404040247591677e-07,1.1401764245629155e-07,1.139948952979846e-07,1.139721609844781e-07,1.1394943952875997e-07,1.1392673087381517e-07,1.1390403502940747e-07,1.1388135197688843e-07,1.1385868172432949e-07,1.1383602424778868e-07,1.138133795337395e-07,1.1379074757797674e-07,1.1376812836111801e-07,1.1374552187537486e-07,1.137229281295294e-07,1.1370034706723211e-07,1.1367777871134982e-07,1.1365522303454716e-07,1.1363268003847389e-07,1.1361014970055107e-07,1.1358763203859438e-07,1.1356512698016361e-07,1.1354263456081518e-07,1.1352015475551735e-07,1.1349768755567935e-07,1.1347523295245612e-07,1.1345279093011821e-07,1.1343036148100422e-07,1.1340794459096909e-07,1.133855402467757e-07,1.13363148444335e-07,1.1334076916837613e-07,1.1331840240643192e-07,1.1329604814822856e-07,1.1327370638381146e-07,1.1325137709981958e-07,1.1322906028630986e-07,1.1320675593169701e-07,1.1318446402405894e-07,1.1316218455580254e-07,1.1313991751195114e-07,1.1311766288276467e-07,1.1309542065714496e-07,1.1307319082189539e-07,1.1305097337002416e-07,1.1302876828255582e-07,1.1300657555885255e-07,1.1298439518493014e-07,1.1296222714684681e-07,1.129400714369937e-07,1.1291792803922637e-07,1.1289579694828297e-07,1.1287367814871685e-07,1.1285157163207937e-07,1.128294773867076e-07,1.1280739540570352e-07,1.1278532567084468e-07,1.1276326817588838e-07,1.1274122290693937e-07,1.1271918985482548e-07,1.1269716902018032e-07,1.1267516037410713e-07,1.1265316390993824e-07,1.1263117961822713e-07,1.1260920748884455e-07,1.1258724751463522e-07,1.1256529967240296e-07,1.125433639671026e-07,1.1252144038089943e-07,1.1249952890892268e-07,1.1247762952990868e-07,1.1245574223978631e-07,1.1243386702483203e-07,1.1241200387741129e-07,1.1239015278559847e-07,1.1236831373826415e-07,1.1234648672510931e-07,1.1232467173612436e-07,1.1230286878554859e-07,1.1228107780823545e-07,1.1225929882584145e-07,1.1223753182397788e-07,1.1221577679863019e-07,1.121940337332129e-07,1.1217230261045076e-07,1.1215058342634143e-07,1.1212887617316972e-07,1.1210718084179111e-07,1.1208549741822713e-07,1.1206382589168335e-07,1.1204216624829073e-07,1.1202051848428364e-07,1.1199888257832498e-07,1.1197725853209348e-07,1.1195564632663507e-07,1.1193404596105813e-07,1.119124574227944e-07,1.1189088069575924e-07,1.1186931577016754e-07,1.1184776264037551e-07,1.1182622129260276e-07,1.1180469171548815e-07,1.1178317389999646e-07,1.1176166784190009e-07,1.117401735224444e-07,1.117186909315647e-07,1.1169722006181385e-07,1.1167576090579855e-07,1.1165431344817801e-07,1.1163287768207505e-07,1.1161145359392352e-07,1.1159004117635218e-07,1.1156864041761475e-07,1.115472513101424e-07,1.1152587384089911e-07,1.1150450800072973e-07,1.1148315377961059e-07,1.1146181116568351e-07,1.1144048015387373e-07,1.1141916072746984e-07,1.1139785288229375e-07,1.1137655660896463e-07,1.1135527189062272e-07,1.1133399872142029e-07,1.1131273708975242e-07,1.1129148697644755e-07,1.1127024838829731e-07,1.1124902131504856e-07,1.1122780573088714e-07,1.1120660164545959e-07,1.111854090301138e-07,1.1116422791237335e-07,1.1114305822527085e-07,1.1112189998254604e-07,1.1110075319719836e-07,1.1107961782050763e-07,1.1105849386702148e-07,1.110373813217979e-07,1.1101628017613079e-07,1.1099519040529371e-07,1.1097411203013457e-07,1.1095304501951594e-07,1.1093198937139679e-07,1.1091094507266143e-07,1.1088991211416615e-07,1.1086889046845767e-07,1.1084788016052827e-07,1.1082688116322485e-07,1.108058934668094e-07,1.1078491705816795e-07,1.107639519342498e-07,1.107429980786242e-07,1.1072205548686906e-07,1.1070112414880882e-07,1.1068020405331337e-07,1.1065929519070158e-07,1.1063839755137108e-07,1.1061751112556107e-07,1.1059663590351754e-07,1.1057577187525753e-07,1.1055491903232185e-07,1.1053407736525187e-07,1.1051324686820288e-07,1.1049242752104969e-07,1.1047161931879383e-07,1.1045082225412862e-07,1.1043003631189327e-07,1.1040926149340432e-07,1.103884977822517e-07,1.1036774517336389e-07,1.1034700364685632e-07,1.103262732165795e-07,1.1030555385351769e-07,1.1028484554109426e-07,1.102641482803948e-07,1.1024346205973878e-07,1.1022278686892895e-07,1.1020212270690206e-07,1.101814695552959e-07,1.101608274052778e-07,1.1014019625281018e-07,1.1011957608612306e-07,1.1009896689510401e-07,1.1007836866955685e-07,1.1005778140206378e-07,1.1003720508260307e-07,1.1001663971578818e-07,1.0999608526408459e-07,1.0997554172057537e-07,1.0995500909675062e-07,1.0993448737621511e-07,1.0991397658569998e-07,1.0989347664289136e-07,1.0987298756851967e-07,1.098525093731824e-07,1.0983204201825325e-07,1.0981158551196676e-07,1.0979113984215762e-07,1.097707050155576e-07,1.0975028098542345e-07,1.0972986776881971e-07,1.0970946535024178e-07,1.0968907372071734e-07,1.0966869287695277e-07,1.0964832279989789e-07,1.0962796349043634e-07,1.0960761493674275e-07,1.0958727712766801e-07,1.0956695005589517e-07,1.0954663372712875e-07,1.0952632810805805e-07,1.0950603319012174e-07,1.0948574896618909e-07,1.0946547540848407e-07,1.0944521255476014e-07,1.0942496038171717e-07,1.0940471887250954e-07,1.0938448801798765e-07,1.0936426780881989e-07,1.093440582365523e-07,1.0932385929521539e-07,1.0930367096975533e-07,1.0928349325551141e-07,1.0926332614219265e-07,1.0924316961083791e-07,1.0922302366347944e-07,1.0920288829024923e-07,1.091827634829696e-07,1.0916264923245466e-07,1.0914254552923764e-07,1.0912245236808005e-07,1.0910236973376844e-07,1.0908229762911019e-07,1.0906223603362383e-07,1.0904218493762074e-07,1.0902214434534799e-07,1.0900211423292026e-07,1.089820946017948e-07,1.0896208542507784e-07,1.0894208671800478e-07,1.0892209844784867e-07,1.0890212061687648e-07,1.088821532237374e-07,1.088621962595767e-07,1.0884224971511125e-07,1.0882231358110499e-07,1.088023878475861e-07,1.0878247249897724e-07,1.0876256753322135e-07,1.0874267293973411e-07,1.0872278871025534e-07,1.0870291483831262e-07,1.0868305131262515e-07,1.0866319812241749e-07,1.0864335526008813e-07,1.0862352271915251e-07,1.0860370049019456e-07,1.0858388856542691e-07,1.0856408693089556e-07,1.0854429558610656e-07,1.0852451451857649e-07,1.0850474372810186e-07,1.0848498319025375e-07,1.0846523290432371e-07,1.084454928853644e-07,1.0842576307785451e-07,1.0840604349488471e-07,1.083863341322197e-07,1.0836663497849536e-07,1.0834694602617485e-07,1.0832726728385678e-07,1.0830759870494811e-07,1.0828794030337125e-07,1.0826829206940374e-07,1.0824865398744388e-07,1.0822902606556372e-07,1.0820940828287102e-07,1.0818980063693395e-07,1.0817020311349012e-07,1.0815061569635745e-07,1.0813103840275184e-07,1.0811147120445993e-07,1.0809191409819512e-07,1.0807236706455047e-07,1.0805283012053336e-07,1.0803330323818638e-07,1.0801378642159785e-07,1.0799427964953708e-07,1.0797478291719653e-07,1.0795529621962253e-07,1.0793581954700182e-07,1.0791635289139178e-07,1.0789689624508281e-07,1.0787744958882515e-07,1.0785801293626959e-07,1.0783858626627963e-07,1.0781916957689876e-07,1.0779976285053626e-07,1.0778036608381482e-07,1.0776097926809323e-07,1.0774160239655001e-07,1.0772223546014568e-07,1.0770287844111378e-07,1.0768353134867887e-07,1.0766419415672528e-07,1.0764486687723412e-07,1.0762554949241677e-07,1.0760624199417282e-07,1.0758694437328435e-07,1.0756765661192834e-07,1.0754837873215847e-07,1.0752911069674936e-07,1.0750985250595142e-07,1.0749060415344579e-07,1.0747136563051068e-07,1.0745213692853064e-07,1.0743291804174611e-07,1.0741370894825914e-07,1.0739450966319518e-07,1.0737532017390497e-07,1.0735614046012574e-07,1.0733697051683818e-07,1.0731781034692558e-07,1.0729865992929706e-07,1.0727951925273812e-07,1.072603883286815e-07,1.072412671359846e-07,1.0722215566910842e-07,1.0720305392008138e-07,1.0718396188105592e-07,1.0716487954346667e-07,1.071458069003556e-07,1.0712674394498884e-07,1.0710769067371404e-07,1.0708864707399052e-07,1.070696131318379e-07,1.0705058884145061e-07,1.0703157420034721e-07,1.070125691973703e-07,1.0699357382689408e-07,1.0697458807724499e-07,1.0695561194323866e-07,1.0693664541702873e-07,1.0691768901093236e-07,1.0689874182879279e-07,1.0687980415890364e-07,1.0686087602063135e-07,1.0684195743291044e-07,1.0682304839569982e-07,1.0680414890595236e-07,1.067852589588173e-07,1.0676637854767087e-07,1.0674750767667193e-07,1.0672864631680895e-07,1.067097944819771e-07,1.0669095215454603e-07,1.0667211932889631e-07,1.0665329599271087e-07,1.066344821410413e-07,1.0661567776572931e-07,1.0659688285862226e-07,1.0657809740517597e-07,1.0655932141063116e-07,1.0654055486205714e-07,1.0652179775408851e-07,1.0650305007695169e-07,1.0648431178403091e-07,1.0646558294788064e-07,1.0644686352085774e-07,1.064281534909845e-07,1.0640945285400277e-07,1.063907616042897e-07,1.0637207973231854e-07,1.0635340723650589e-07,1.0633474409925367e-07,1.0631609031720001e-07,1.0629744587786464e-07,1.062788107841607e-07,1.0626018502711944e-07,1.0624156858702259e-07,1.0622296146536107e-07,1.0620436365653943e-07,1.061857751465372e-07,1.0616719593123315e-07,1.0614862599935869e-07,1.0613006535476462e-07,1.0611151398461808e-07,1.0609297187886393e-07,1.0607443903314455e-07,1.0605591543630559e-07,1.0603740108354529e-07,1.0601889596669342e-07,1.06000400077983e-07,1.059819134069565e-07,1.059634359535212e-07,1.0594496770601052e-07,1.0592650865947497e-07,1.0590805880377295e-07,1.0588961813316265e-07,1.0587118663790563e-07,1.0585276431461511e-07,1.0583435114528102e-07,1.058159471380737e-07,1.0579755227860665e-07,1.0577916655295068e-07,1.057607899681509e-07,1.0574242250982408e-07,1.0572406416305773e-07,1.0570571492847818e-07,1.0568737480494647e-07,1.056690437725078e-07,1.0565072183099714e-07,1.0563240897203259e-07,1.0561410518897426e-07,1.055958104743754e-07,1.055775248203516e-07,1.0555924822150409e-07,1.0554098067715598e-07,1.0552272217237252e-07,1.0550447270048453e-07,1.0548623225368691e-07,1.0546800082550386e-07,1.0544977840812998e-07,1.0543156499510327e-07,1.0541336057896179e-07,1.0539516515259357e-07,1.053769787088924e-07,1.0535880124075424e-07,1.05340632741092e-07,1.0532247320282097e-07,1.0530432261886463e-07,1.052861809821523e-07,1.0526804828562418e-07,1.0524992452222502e-07,1.0523180968272376e-07,1.0521370376568556e-07,1.0519560676061188e-07,1.051775186548583e-07,1.0515943946042075e-07,1.0514136914998247e-07,1.0512330772232516e-07,1.051052551766021e-07,1.0508721150559258e-07,1.0506917668822329e-07,1.050511507237429e-07,1.0503313360595292e-07,1.0501512533780625e-07,1.0499712590758387e-07,1.049791353068604e-07,1.0496115352223341e-07,1.0494318055210909e-07,1.0492521638651721e-07,1.0490726102001026e-07,1.0488931445117801e-07,1.0487137667145493e-07,1.0485344766516885e-07,1.048355274350659e-07,1.0481761597205611e-07,1.0479971326790558e-07,1.0478181931610737e-07,1.0476393409127321e-07,1.0474605760710941e-07,1.0472818987158709e-07,1.0471033084097989e-07,1.0469248052697427e-07,1.0467463893909283e-07,1.0465680605972238e-07,1.0463898188134502e-07,1.0462116639378546e-07,1.0460335958949624e-07,1.0458556145554441e-07,1.0456777200310405e-07,1.045499912140433e-07,1.045322190786863e-07,1.0451445559405506e-07,1.0449670075423343e-07,1.0447895454737875e-07,1.0446121697582432e-07,1.0444348799450481e-07,1.0442576765856061e-07,1.0440805593546524e-07,1.0439035281552097e-07,1.043726582879029e-07,1.0435497236477021e-07,1.0433729501736377e-07,1.0431962624826167e-07,1.0430196605511138e-07,1.0428431441529672e-07,1.0426667133704655e-07,1.0424903681296942e-07,1.0423141082912382e-07,1.0421379338447688e-07,1.0419618447019056e-07,1.0417858407830913e-07,1.0416099220369227e-07,1.0414340883009605e-07,1.0412583396915155e-07,1.0410826759664549e-07,1.0409070971476049e-07,1.0407316032925823e-07,1.0405561942407758e-07,1.0403808697614454e-07,1.0402056298628116e-07,1.0400304746689662e-07,1.039855403926932e-07,1.0396804176335907e-07,1.0395055157235718e-07,1.0393306981321822e-07,1.0391559647933872e-07,1.0389813156395102e-07,1.0388067506250743e-07,1.0386322696686061e-07,1.0384578727052317e-07,1.0382835596703506e-07,1.0381093304876874e-07,1.0379351851042959e-07,1.037761123465859e-07,1.037587145494734e-07,1.037413251087369e-07,1.0372394402703829e-07,1.0370657129223324e-07,1.0368920689954534e-07,1.0367185084182764e-07,1.0365450311177581e-07,1.036371637033707e-07,1.0361983261066154e-07,1.0360250982652104e-07,1.03585195349194e-07,1.0356788916543972e-07,1.0355059127221385e-07,1.0353330166340377e-07,1.0351602033086496e-07,1.0349874727041011e-07,1.0348148247584245e-07,1.034642259358961e-07,1.0344697765083887e-07,1.0342973761063974e-07,1.0341250580856859e-07,1.0339528224120614e-07,1.0337806689992547e-07,1.03360859781413e-07,1.0334366085952932e-07,1.0332647016433955e-07,1.0330928767183743e-07,1.0329211336736091e-07,1.0327494725849075e-07,1.0325778933193682e-07,1.032406395958519e-07,1.0322349801325939e-07,1.032063645971776e-07,1.0318923934074623e-07,1.0317212223626974e-07,1.0315501327754213e-07,1.0313791245838732e-07,1.0312081977288025e-07,1.031037352145032e-07,1.0308665877727706e-07,1.0306959045485408e-07,1.0305253024105408e-07,1.0303547812990609e-07,1.030184341150688e-07,1.0300139818953884e-07,1.0298437034865882e-07,1.029673505853621e-07,1.0295033889581178e-07,1.0293333527046025e-07,1.0291633970439053e-07,1.028993521917275e-07,1.0288237272617092e-07,1.0286540130174609e-07,1.0284843790538259e-07,1.0283148254498591e-07,1.0281453520458238e-07,1.0279759587694566e-07,1.0278066456146315e-07,1.0276374125568013e-07,1.0274682594852322e-07,1.027299186342991e-07,1.0271301930664479e-07,1.026961279594566e-07,1.0267924458708076e-07,1.0266236918219925e-07,1.0264550174007214e-07,1.0262864225429917e-07,1.0261179072104767e-07,1.0259494714446875e-07,1.0257811149765974e-07,1.0256128377672391e-07,1.0254446398195866e-07,1.0252765211279447e-07,1.0251084815210954e-07,1.0249405207644259e-07,1.0247726392909036e-07,1.0246048367502481e-07,1.0244371131503511e-07,1.0242694684022112e-07,1.0241019024580515e-07,1.0239344152261316e-07,1.0237670066610867e-07,1.0235996767015685e-07,1.023432425299567e-07,1.0232652523941283e-07,1.0230981579186057e-07,1.0229311418261856e-07,1.0227642039303542e-07,1.0225973444062887e-07,1.0224305630776469e-07,1.0222638598900915e-07,1.0220972347815905e-07,1.0219306874656776e-07,1.0217642183163855e-07,1.0215978271019818e-07,1.0214315137367664e-07,1.0212652781603112e-07,1.0210991203142753e-07,1.020933040140889e-07,1.0207670376000867e-07,1.0206011127747396e-07,1.0204352653011825e-07,1.0202694952243696e-07,1.0201038025386278e-07,1.0199381872178136e-07,1.0197726491328271e-07,1.0196071882601644e-07,1.0194418045576418e-07,1.0192764978613642e-07,1.0191112682740932e-07,1.0189461156856678e-07,1.018781040004687e-07,1.0186160411909174e-07,1.0184511191841203e-07,1.0182862739271586e-07,1.0181215053634407e-07,1.0179568134294556e-07,1.0177921980691579e-07,1.0176276592315482e-07,1.017463196858187e-07,1.017298810834914e-07,1.0171345011659404e-07,1.0169702677984374e-07,1.0168061106628549e-07,1.0166420297165789e-07,1.0164780249515854e-07,1.016314096400806e-07,1.0161502437197335e-07,1.015986466977253e-07,1.0158227661398614e-07,1.0156591411545225e-07,1.0154955919571892e-07,1.0153321184872501e-07,1.0151687208398384e-07,1.0150053987014849e-07,1.0148421521295664e-07,1.014678981047253e-07,1.0145158854963515e-07,1.0143528652455452e-07,1.0141899203273651e-07,1.0140270506933723e-07,1.0138642562940026e-07,1.0137015370394572e-07,1.0135388929232996e-07,1.0133763238687046e-07,1.0132138298039005e-07,1.0130514107576102e-07,1.0128890665554975e-07,1.01272679725795e-07,1.0125646026626414e-07,1.0124024828168353e-07,1.0122404376718955e-07,1.0120784672602186e-07,1.0119165712739644e-07,1.0117547497042436e-07,1.0115930025776213e-07,1.0114313298293556e-07,1.0112697312639881e-07,1.0111082072020574e-07,1.0109467571382044e-07,1.0107853815708286e-07,1.0106240799523584e-07,1.0104628525850079e-07,1.0103016992359406e-07,1.0101406198506136e-07,1.0099796143626426e-07,1.0098186825412972e-07,1.0096578245522629e-07,1.0094970404800639e-07,1.0093363301013397e-07,1.00917569336649e-07,1.0090151301994881e-07,1.0088546404556735e-07,1.0086942243241127e-07,1.0085338816694486e-07,1.0083736124021092e-07,1.0082134164950024e-07,1.0080532936903094e-07,1.0078932441084862e-07,1.0077332677075516e-07,1.0075733644051352e-07,1.0074135341392691e-07,1.007253776870543e-07,1.0070940925374242e-07,1.0069344811014137e-07,1.0067749424985335e-07,1.0066154766775366e-07,1.006456083592628e-07,1.0062967631522066e-07,1.0061375152970553e-07,1.0059783400718728e-07,1.0058192373338505e-07,1.0056602071039279e-07,1.0055012492689893e-07,1.0053423638062368e-07,1.0051835507117547e-07,1.0050248098027682e-07,1.0048661410399997e-07,1.0047075444701296e-07,1.0045490199926352e-07,1.0043905675713076e-07,1.0042321871341269e-07,1.0040738786055922e-07,1.003915641974878e-07,1.0037574772029692e-07,1.0035993842131822e-07,1.0034413629451278e-07,1.0032834133626693e-07,1.0031255353658666e-07,1.0029677289789006e-07,1.0028099941179342e-07,1.0026523307183025e-07,1.0024947386353236e-07,1.002337218019782e-07,1.0021797686953935e-07,1.0020223906315308e-07,1.0018650838057145e-07,1.0017078481492634e-07,1.001550683599327e-07,1.0013935901226361e-07,1.0012365676377216e-07,1.001079616076568e-07,1.000922735437495e-07,1.000765925648227e-07,1.00060918666691e-07,1.0004525184418013e-07,1.0002959209174975e-07,1.0001393940355149e-07,9.999829377500269e-08,9.998265520132222e-08,9.996702366867452e-08,9.995139918887457e-08,9.993578174433816e-08,9.992017133770518e-08,9.990456796033817e-08,9.988897160710233e-08,9.987338227506697e-08,9.985779996271087e-08,9.984222465993746e-08,9.982665635101079e-08,9.981109504143789e-08,9.979554072492117e-08,9.977999339873926e-08,9.976445305707337e-08,9.974891969290143e-08,9.973339330356057e-08,9.97178738768568e-08,9.970236142061478e-08,9.968685592284097e-08,9.967135737884354e-08,9.965586577613392e-08,9.964038112407049e-08,9.962490340738408e-08,9.960943262913427e-08,9.959396877924289e-08,9.95785118543508e-08,9.956306184843598e-08,9.954761875538085e-08,9.953218260415134e-08,9.951675332414678e-08,9.950133094333356e-08,9.948591544595025e-08,9.947050684869067e-08,9.94551051361171e-08,9.943971030486876e-08,9.942432234615091e-08,9.940894125722425e-08,9.939356703293022e-08,9.93781996689497e-08,9.93628391636152e-08,9.934748550375685e-08,9.933213868946948e-08,9.931679871208355e-08,9.930146557335475e-08,9.928613926515248e-08,9.927081978299427e-08,9.925550712167698e-08,9.924020127627669e-08,9.922490224176755e-08,9.92096100142024e-08,9.919432458774628e-08,9.917904595854434e-08,9.916377411519798e-08,9.914850906430247e-08,9.913325079530971e-08,9.911799930334735e-08,9.91027545834066e-08,9.908751663211217e-08,9.907228544324716e-08,9.905706101207115e-08,9.904184332636185e-08,9.902663239726251e-08,9.901142821177228e-08,9.899623076041717e-08,9.898104004897771e-08,9.896585607437371e-08,9.89506788158671e-08,9.893550827961743e-08,9.892034445679161e-08,9.890518734240268e-08,9.889003693513452e-08,9.887489322871093e-08,9.885975621985974e-08,9.884462590090472e-08,9.8829502268227e-08,9.88143853203441e-08,9.879927504791331e-08,9.878417144780322e-08,9.87690745147294e-08,9.875398424501439e-08,9.873890063432371e-08,9.872382367702408e-08,9.870875335838949e-08,9.869368969615492e-08,9.86786326806084e-08,9.866358229008538e-08,9.864853852788276e-08,9.86335013932374e-08,9.861847088057814e-08,9.860344699399945e-08,9.858842970529042e-08,9.857341902635681e-08,9.855841495204441e-08,9.854341747415144e-08,9.852842659102243e-08,9.851344229381731e-08,9.849846458111873e-08,9.84834934466363e-08,9.84685288751759e-08,9.845357088859336e-08,9.84386194651731e-08,9.842367460217247e-08,9.840873629331148e-08,9.839380453880916e-08,9.837887933175314e-08,9.836396066329011e-08,9.834904853589521e-08,9.833414294212493e-08,9.83192438763818e-08,9.830435133458047e-08,9.82894653130667e-08,9.827458580543904e-08,9.825971280628593e-08,9.824484631387087e-08,9.822998632172143e-08,9.821513282783424e-08,9.820028582763357e-08,9.818544531238333e-08,9.817061127946312e-08,9.8155783727197e-08,9.814096267105063e-08,9.812614806332876e-08,9.811133992045728e-08,9.809653823354392e-08,9.808174300475998e-08,9.806695422993005e-08,9.805217190077288e-08,9.80373960133082e-08,9.802262656427304e-08,9.800786354815964e-08,9.799310696129561e-08,9.797835680014764e-08,9.796361305881945e-08,9.794887573198391e-08,9.793414481612887e-08,9.791942028588432e-08,9.790470217942751e-08,9.788999047603171e-08,9.787528516763344e-08,9.786058624729413e-08,9.784589370462778e-08,9.783120754809533e-08,9.781652776760353e-08,9.780185435170187e-08,9.778718730268302e-08,9.777252661604162e-08,9.775787228732101e-08,9.774322430883239e-08,9.772858268468374e-08,9.771394740435942e-08,9.769931846750938e-08,9.768469588546742e-08,9.767007961226881e-08,9.765546967092813e-08,9.764086604727999e-08,9.762626875071127e-08,9.761167772426191e-08,9.759709304312287e-08,9.75825146664624e-08,9.756794258855244e-08,9.755337680889557e-08,9.753881732184542e-08,9.752426411299561e-08,9.750971718999033e-08,9.749517655713439e-08,9.748064219636108e-08,9.746611410606025e-08,9.745159228200872e-08,9.743707671988462e-08,9.742256741537306e-08,9.740806436416314e-08,9.739356756178388e-08,9.737907700425985e-08,9.736459268695673e-08,9.7350114605928e-08,9.73356427567265e-08,9.732117713502875e-08,9.730671773660547e-08,9.729226455715249e-08,9.727781759245349e-08,9.726337683882787e-08,9.72489422880022e-08,9.723451394100541e-08,9.722009177519667e-08,9.720567581933555e-08,9.719126606213884e-08,9.717686248768746e-08,9.716246509568964e-08,9.714807387085075e-08,9.713368883377604e-08,9.711930995559504e-08,9.710493722461455e-08,9.709057064758707e-08,9.707621023479805e-08,9.706185600024835e-08,9.704750790714115e-08,9.703316594326539e-08,9.701883013928174e-08,9.700450044657628e-08,9.69901768832564e-08,9.697585943220535e-08,9.696154812031658e-08,9.694724292197882e-08,9.693294383898841e-08,9.69186508631461e-08,9.690436400624417e-08,9.689008323623004e-08,9.687580856284968e-08,9.686153998466625e-08,9.684727749382616e-08,9.683302107376245e-08,9.68187707410605e-08,9.680452648881754e-08,9.679028830741844e-08,9.677605620284485e-08,9.676183015639081e-08,9.674761016619751e-08,9.673339623166976e-08,9.671918834955812e-08,9.670498651293684e-08,9.669079071890137e-08,9.667660094948646e-08,9.666241722879652e-08,9.66482395371494e-08,9.663406787400471e-08,9.661990222808762e-08,9.660574260493342e-08,9.659158899581662e-08,9.657744139902338e-08,9.656329980599084e-08,9.65491642164331e-08,9.65350346231569e-08,9.652091104431589e-08,9.65067934348176e-08,9.64926818156635e-08,9.647857617791391e-08,9.646447651290202e-08,9.645038281915205e-08,9.643629509928927e-08,9.642221334334604e-08,9.640813755086198e-08,9.63940677130379e-08,9.638000382872478e-08,9.636594589621641e-08,9.635189390669454e-08,9.633784785824823e-08,9.632380774695455e-08,9.63097735689064e-08,9.62957453200919e-08,9.628172299665446e-08,9.626770659445648e-08,9.625369610896525e-08,9.623969153706366e-08,9.622569286367402e-08,9.621170008230317e-08,9.619771322544324e-08,9.618373225061862e-08,9.6169757190692e-08,9.615578802941231e-08,9.61418247398183e-08,9.61278673338085e-08,9.611391578620715e-08,9.609997012827822e-08,9.608603033987118e-08,9.607209641901885e-08,9.605816835997507e-08,9.604424617267227e-08,9.603032982324618e-08,9.601641932344066e-08,9.600251467195067e-08,9.598861586046946e-08,9.597472289020724e-08,9.596083575102794e-08,9.59469544416821e-08,9.59330789586591e-08,9.591920929895467e-08,9.590534545738342e-08,9.589148743274176e-08,9.587763522337065e-08,9.586378881412283e-08,9.58499482078764e-08,9.583611340456497e-08,9.582228439275064e-08,9.580846117210729e-08,9.579464373879756e-08,9.578083209008493e-08,9.576702622453863e-08,9.575322613591419e-08,9.573943181535902e-08,9.572564323856705e-08,9.57118604524089e-08,9.569808342309023e-08,9.568431215052033e-08,9.56705466307092e-08,9.565678686333865e-08,9.5643032839541e-08,9.56292845564521e-08,9.561554200832948e-08,9.560180520733252e-08,9.558807411060194e-08,9.557434875505178e-08,9.556062911981364e-08,9.554691520231617e-08,9.553320700033142e-08,9.551950450805289e-08,9.550580772569349e-08,9.549211665858596e-08,9.547843127564699e-08,9.546475158943306e-08,9.545107759393271e-08,9.543740928708466e-08,9.54237466636304e-08,9.541008972051556e-08,9.539643845362708e-08,9.538279286818312e-08,9.536915294448077e-08,9.53555186853462e-08,9.534189008779665e-08,9.532826714788056e-08,9.531464986447011e-08,9.530103822500455e-08,9.528743223061137e-08,9.527383188305237e-08,9.526023717644938e-08,9.524664811226197e-08,9.523306467228855e-08,9.521948686062664e-08,9.52059146726465e-08,9.51923481001256e-08,9.517878715162e-08,9.516523181396639e-08,9.515168208411176e-08,9.513813796189874e-08,9.512459941571276e-08,9.511106647037791e-08,9.509753914210021e-08,9.508401740800424e-08,9.507050125338592e-08,9.505699068681089e-08,9.504348570062264e-08,9.502998628929902e-08,9.501649244286479e-08,9.500300417276028e-08,9.498952149640252e-08,9.497604438315566e-08,9.49625728080635e-08,9.494910677457105e-08,9.493564629190781e-08,9.492219134444481e-08,9.490874193415645e-08,9.489529805242736e-08,9.488185973604995e-08,9.486842695186579e-08,9.48549996907417e-08,9.484157796580282e-08,9.482816176754269e-08,9.481475107557052e-08,9.48013459240684e-08,9.478794628847617e-08,9.477455212720156e-08,9.476116346650471e-08,9.474778030882458e-08,9.473440264535368e-08,9.472103047533887e-08,9.47076637930677e-08,9.469430259244985e-08,9.468094687878472e-08,9.466759664096655e-08,9.46542518778856e-08,9.464091255968714e-08,9.462757873691276e-08,9.461425038143843e-08,9.460092747821032e-08,9.458761003392732e-08,9.457429804263915e-08,9.456099150072512e-08,9.454769040644714e-08,9.453439475406465e-08,9.452110454031658e-08,9.450781975735293e-08,9.449454040893694e-08,9.448126648792934e-08,9.4467997991474e-08,9.445473490621385e-08,9.444147724481819e-08,9.442822500215771e-08,9.441497817243413e-08,9.440173674721636e-08,9.438850068246049e-08,9.43752700499574e-08,9.436204482387214e-08,9.434882498994947e-08,9.433561055733168e-08,9.432240149840395e-08,9.430919781995503e-08,9.429599955497458e-08,9.428280663033694e-08,9.426961906322162e-08,9.425643687662668e-08,9.424326005460625e-08,9.423008858136929e-08,9.421692248193866e-08,9.420376171612997e-08,9.419060630607948e-08,9.417745625718079e-08,9.416431155209073e-08,9.415117218901353e-08,9.413803816140509e-08,9.412490946692997e-08,9.411178610242095e-08,9.40986680640947e-08,9.408555534809237e-08,9.407244795336041e-08,9.40593458774463e-08,9.404624911097848e-08,9.403315765350114e-08,9.402007150214001e-08,9.400699065317902e-08,9.399391510318948e-08,9.398084484874249e-08,9.396777988641269e-08,9.395472021304615e-08,9.394166582468795e-08,9.392861671895471e-08,9.391557289150137e-08,9.390253433873289e-08,9.388950105730026e-08,9.387647305300443e-08,9.386345031082132e-08,9.385043282044006e-08,9.383742058549555e-08,9.382441361089306e-08,9.38114118873148e-08,9.379841541181988e-08,9.378542418983229e-08,9.377243818893224e-08,9.375945741877931e-08,9.374648190221894e-08,9.373351157151118e-08,9.372054651300954e-08,9.370758666222762e-08,9.36946320487216e-08,9.368168265171193e-08,9.366873847054221e-08,9.365579949950776e-08,9.364286573533293e-08,9.362993717713597e-08,9.361701381766762e-08,9.360409565648824e-08,9.359118268935015e-08,9.357827492852094e-08,9.356537233954449e-08,9.355247495222143e-08,9.353958276170491e-08,9.352669571826853e-08,9.351381385176278e-08,9.350093715411818e-08,9.348806561997724e-08,9.347519924972437e-08,9.346233804149736e-08,9.344948199458387e-08,9.343663109745711e-08,9.342378537482054e-08,9.341094477611875e-08,9.33981093213963e-08,9.3385279002239e-08,9.337245382788591e-08,9.335963378424736e-08,9.33468188649425e-08,9.333400908395083e-08,9.332120443644941e-08,9.330840490163698e-08,9.329561048757968e-08,9.328282118550743e-08,9.327003699439201e-08,9.325725791196198e-08,9.324448393579745e-08,9.32317150624864e-08,9.321895128598502e-08,9.320619260471891e-08,9.319343900627065e-08,9.318069050607433e-08,9.316794708769143e-08,9.31552087590505e-08,9.314247550685089e-08,9.312974733212819e-08,9.31170242276102e-08,9.310430619503054e-08,9.309159322606174e-08,9.30788853139722e-08,9.306618246223393e-08,9.305348467846183e-08,9.30407919493115e-08,9.302810427841975e-08,9.301542164373185e-08,9.300274404801041e-08,9.299007149316518e-08,9.297740397838782e-08,9.296474149540011e-08,9.295208404292662e-08,9.293943161878732e-08,9.292678421918746e-08,9.291414182747213e-08,9.290150446715329e-08,9.288887212187643e-08,9.287624478433298e-08,9.286362245917288e-08,9.285100514142961e-08,9.28383928241023e-08,9.282578550658267e-08,9.281318318437923e-08,9.280058585500142e-08,9.278799352022479e-08,9.277540616638877e-08,9.276282380029656e-08,9.275024641062471e-08,9.273767399805181e-08,9.272510656932265e-08,9.271254410214118e-08,9.269998659965126e-08,9.268743406561672e-08,9.267488649123771e-08,9.266234386703466e-08,9.26498062046942e-08,9.26372734955162e-08,9.262474573533708e-08,9.26122229260788e-08,9.259970505437057e-08,9.258719211619621e-08,9.257468412035414e-08,9.256218105768623e-08,9.254968292749489e-08,9.253718972033023e-08,9.252470144122498e-08,9.251221808088392e-08,9.24997396429438e-08,9.248726611657626e-08,9.247479749615902e-08,9.246233379055453e-08,9.24498749881613e-08,9.243742108716059e-08,9.2424972088288e-08,9.241252798664006e-08,9.240008877580157e-08,9.238765444870691e-08,9.237522501050727e-08,9.236280046237281e-08,9.235038079289231e-08,9.23379660001368e-08,9.232555607484273e-08,9.23131510316378e-08,9.230075085887905e-08,9.228835554854046e-08,9.227596510030905e-08,9.22635795121492e-08,9.225119877952229e-08,9.223882290030879e-08,9.222645187392115e-08,9.22140856939602e-08,9.220172436024664e-08,9.218936786439992e-08,9.217701620633581e-08,9.21646693835497e-08,9.215232739358631e-08,9.213999021742503e-08,9.212765788211807e-08,9.211533036677587e-08,9.210300767523689e-08,9.209068980562479e-08,9.207837674772264e-08,9.206606847987073e-08,9.20537650439932e-08,9.204146640012066e-08,9.202917256638896e-08,9.201688352751727e-08,9.200459928906758e-08,9.199231984346396e-08,9.198004518226685e-08,9.196777531026545e-08,9.195551023126625e-08,9.194324992888461e-08,9.193099440908143e-08,9.191874366193384e-08,9.190649768855244e-08,9.189425648538048e-08,9.18820200655797e-08,9.186978839455663e-08,9.185756147754868e-08,9.18453393205694e-08,9.18331219045807e-08,9.182090924704695e-08,9.18087013376806e-08,9.179649817394057e-08,9.178429975702743e-08,9.177210608573203e-08,9.175991715270126e-08,9.174773294746767e-08,9.17355534623893e-08,9.172337871625899e-08,9.171120868963504e-08,9.169904339309528e-08,9.16868828186656e-08,9.167472696522037e-08,9.166257581790786e-08,9.16504293801804e-08,9.163828764895679e-08,9.16261506213963e-08,9.161401829874061e-08,9.160189067196062e-08,9.158976774090294e-08,9.157764950376801e-08,9.156553595688018e-08,9.155342709955463e-08,9.154132292640462e-08,9.152922343262042e-08,9.15171286175247e-08,9.150503847763501e-08,9.149295301150463e-08,9.148087221617315e-08,9.146879608219424e-08,9.145672461668837e-08,9.144465781233093e-08,9.143259566653275e-08,9.142053817966024e-08,9.14084853430279e-08,9.139643715619436e-08,9.138439361602294e-08,9.137235472031279e-08,9.136032046563502e-08,9.13482908488739e-08,9.133626588629883e-08,9.132424553885169e-08,9.131222982097946e-08,9.130021872999479e-08,9.128821226532682e-08,9.127621042247703e-08,9.126421319538143e-08,9.125222058520001e-08,9.124023258922065e-08,9.122824920091423e-08,9.121627042219162e-08,9.120429624414982e-08,9.119232665912055e-08,9.118036167373093e-08,9.116840129329459e-08,9.115644550851627e-08,9.114449431414786e-08,9.113254770621034e-08,9.112060567219322e-08,9.110866823211138e-08,9.109673535726418e-08,9.108480707088056e-08,9.107288334737107e-08,9.106096420514354e-08,9.104904962962953e-08,9.103713962136149e-08,9.102523417505748e-08,9.101333328724093e-08,9.100143695638996e-08,9.098954517822257e-08,9.097765794018603e-08,9.096577526227183e-08,9.095389711419925e-08,9.094202352247388e-08,9.093015447157212e-08,9.091828995897346e-08,9.090642997980722e-08,9.089457453726815e-08,9.088272361893825e-08,9.087087722771055e-08,9.085903535791087e-08,9.084719801515528e-08,9.083536518531162e-08,9.082353687022195e-08,9.081171306911e-08,9.079989377755581e-08,9.078807899275124e-08,9.077626871066167e-08,9.076446291670919e-08,9.075266163513872e-08,9.074086484981487e-08,9.072907255774358e-08,9.071728476478095e-08,9.070550145124225e-08,9.069372262322057e-08,9.068194829591525e-08,9.067017842913273e-08,9.06584130394272e-08,9.064665212210176e-08,9.063489567972436e-08,9.06231437036621e-08,9.061139619389033e-08,9.059965314291715e-08,9.058791455933284e-08,9.057618041915789e-08,9.056445074266568e-08,9.055272550936345e-08,9.05410047392185e-08,9.052928840769146e-08,9.051757654645914e-08,9.050586910943493e-08,9.049416610798113e-08,9.048246754852406e-08,9.047077342073667e-08,9.045908370508008e-08,9.044739843178241e-08,9.043571758476442e-08,9.042404116727877e-08,9.041236916846684e-08,9.040070159346612e-08,9.038903842653532e-08,9.037737967755464e-08,9.036572532812064e-08,9.035407539009843e-08,9.034242985572381e-08,9.033078870545789e-08,9.031915196979704e-08,9.030751962756292e-08,9.029589168444209e-08,9.028426813329109e-08,9.027264896505788e-08,9.026103418820524e-08,9.024942379437979e-08,9.023781778908844e-08,9.022621615376219e-08,9.021461887903195e-08,9.020302598782381e-08,9.019143747060603e-08,9.017985331363178e-08,9.016827351892346e-08,9.015669809562277e-08,9.014512703600312e-08,9.013356032587598e-08,9.012199796264966e-08,9.011043995084951e-08,9.00988862963725e-08,9.00873369910288e-08,9.007579202613641e-08,9.006425139757375e-08,9.005271511566931e-08,9.004118316141376e-08,9.002965554634722e-08,9.001813226039627e-08,9.000661330793635e-08,8.999509867638805e-08,8.998358836104792e-08,8.997208236179232e-08,8.996058069163763e-08,8.994908333831128e-08,8.993759029985612e-08,8.992610156481526e-08,8.991461714373795e-08,8.990313702063399e-08,8.989166119911697e-08,8.98801896813224e-08,8.986872245797268e-08,8.985725952826158e-08,8.984580089627367e-08,8.983434655397587e-08,8.982289648986498e-08,8.981145071686079e-08,8.980000922503052e-08,8.978857200973891e-08,8.977713907473913e-08,8.976571041390129e-08,8.975428602453159e-08,8.974286590372266e-08,8.973145004910777e-08,8.97200384567858e-08,8.97086311314584e-08,8.96972280620937e-08,8.968582924610066e-08,8.967443468644389e-08,8.966304438271548e-08,8.965165832700437e-08,8.964027651098224e-08,8.962889894224046e-08,8.961752561468734e-08,8.960615651687996e-08,8.95947916604927e-08,8.958343103645442e-08,8.957207464688152e-08,8.956072248738051e-08,8.954937455420798e-08,8.953803084436082e-08,8.952669135844946e-08,8.951535608261458e-08,8.950402502616502e-08,8.949269817719892e-08,8.948137554565554e-08,8.947005712454955e-08,8.945874290990993e-08,8.94474329018243e-08,8.943612709073977e-08,8.942482547732298e-08,8.94135280569795e-08,8.940223483574439e-08,8.93909458053948e-08,8.937966096431606e-08,8.936838031125368e-08,8.935710383998587e-08,8.934583154696018e-08,8.933456343273062e-08,8.932329949399991e-08,8.931203972979933e-08,8.930078413781382e-08,8.928953271442529e-08,8.927828547047082e-08,8.926704238018046e-08,8.925580345028164e-08,8.924456868756596e-08,8.923333807453098e-08,8.922211161213001e-08,8.921088930392131e-08,8.919967115650403e-08,8.918845714298565e-08,8.917724728099161e-08,8.916604155209913e-08,8.915483996588204e-08,8.914364251471608e-08,8.913244919812848e-08,8.912126001697683e-08,8.911007496579008e-08,8.909889403413664e-08,8.90877172271228e-08,8.907654455075834e-08,8.906537598723745e-08,8.905421154587911e-08,8.904305122104461e-08,8.903189501621875e-08,8.902074291655011e-08,8.900959492782274e-08,8.899845104088434e-08,8.898731125459655e-08,8.89761755707031e-08,8.896504398564359e-08,8.895391649665289e-08,8.894279310242228e-08,8.893167379781459e-08,8.892055858482052e-08,8.890944745386642e-08,8.889834040657128e-08,8.888723743973027e-08,8.887613855201944e-08,8.886504374339949e-08,8.885395301254391e-08,8.884286635773844e-08,8.883178377252142e-08,8.882070525438324e-08,8.880963079776732e-08,8.879856040118404e-08,8.878749406620111e-08,8.877643179314968e-08,8.876537356621581e-08,8.875431938967263e-08,8.87432692926483e-08,8.873222322518579e-08,8.872118120516868e-08,8.871014322056343e-08,8.869910926766256e-08,8.868807936144881e-08,8.867705349308979e-08,8.866603165775139e-08,8.865501386460269e-08,8.864400009008186e-08,8.863299035064771e-08,8.862198462819682e-08,8.86109829379114e-08,8.859998525920318e-08,8.85889915964134e-08,8.857800195829896e-08,8.856701632356032e-08,8.855603470504558e-08,8.854505709887189e-08,8.853408349275631e-08,8.8523113884246e-08,8.851214828224583e-08,8.850118668172636e-08,8.849022908171396e-08,8.84792754719968e-08,8.84683258501561e-08,8.845738022181013e-08,8.844643857777006e-08,8.84355009162543e-08,8.84245672370942e-08,8.841363754040138e-08,8.840271183016648e-08,8.839179009062139e-08,8.83808723255382e-08,8.836995855577632e-08,8.83590487307268e-08,8.834814286837688e-08,8.833724096880606e-08,8.832634303879581e-08,8.831544906879028e-08,8.8304559048073e-08,8.82936729782499e-08,8.828279087310674e-08,8.827191270779941e-08,8.826103849511083e-08,8.825016822859367e-08,8.823930191409026e-08,8.822843953877515e-08,8.821758109945695e-08,8.82067265974728e-08,8.819587602969368e-08,8.818502939761277e-08,8.817418668647503e-08,8.816334790878733e-08,8.815251306161571e-08,8.814168213765487e-08,8.813085511962006e-08,8.812003202774947e-08,8.810921285964213e-08,8.809839760092472e-08,8.808758627368952e-08,8.807677884001622e-08,8.806597531345956e-08,8.805517569317378e-08,8.804437998335122e-08,8.803358816206044e-08,8.802280024499779e-08,8.801201621931614e-08,8.80012360779503e-08,8.79904598417284e-08,8.797968749121045e-08,8.796891903159574e-08,8.795815445268792e-08,8.79473937655688e-08,8.79366369546695e-08,8.792588402145323e-08,8.791513494307529e-08,8.790438977162103e-08,8.789364846034291e-08,8.78829110149746e-08,8.787217743898567e-08,8.786144772813238e-08,8.785072188025148e-08,8.783999988922155e-08,8.782928175875431e-08,8.781856748576587e-08,8.780785706717502e-08,8.779715049971068e-08,8.778644777787587e-08,8.777574890574729e-08,8.776505388107887e-08,8.775436269632621e-08,8.774367534084927e-08,8.773299183333637e-08,8.772231217576195e-08,8.771163634204656e-08,8.770096432911696e-08,8.769029615212186e-08,8.767963180208804e-08,8.766897128100028e-08,8.765831458256641e-08,8.764766170485003e-08,8.763701264114053e-08,8.762636739226158e-08,8.76157259653569e-08,8.760508834784894e-08,8.759445453892225e-08,8.758382454756495e-08,8.757319835661034e-08,8.756257596776576e-08,8.75519573745879e-08,8.754134258605613e-08,8.753073159187707e-08,8.752012439556238e-08,8.750952098461339e-08,8.749892137127642e-08,8.748832554816573e-08,8.747773350603924e-08,8.746714523840941e-08,8.745656075731819e-08,8.744598006356967e-08,8.743540314916037e-08,8.742483000884528e-08,8.741426063927613e-08,8.74036950404306e-08,8.739313321074966e-08,8.738257514091911e-08,8.737202084728154e-08,8.736147030771446e-08,8.735092354155488e-08,8.734038051569432e-08,8.732984125730923e-08,8.731930575248226e-08,8.730877400185114e-08,8.729824600152906e-08,8.728772174155359e-08,8.727720122934622e-08,8.72666844611934e-08,8.725617143298212e-08,8.724566215795301e-08,8.723515659762409e-08,8.722465478703035e-08,8.721415670304873e-08,8.720366235411877e-08,8.719317172926169e-08,8.718268482486369e-08,8.71722016498539e-08,8.716172220003707e-08,8.715124646741175e-08,8.714077445118229e-08,8.713030614503352e-08,8.711984156063056e-08,8.71093806871048e-08,8.709892353956274e-08,8.708847009132442e-08,8.707802034494126e-08,8.706757429828179e-08,8.705713195199582e-08,8.704669331036041e-08,8.703625835998018e-08,8.702582709433089e-08,8.701539954312316e-08,8.700497567346567e-08,8.699455549530363e-08,8.698413899337612e-08,8.697372619039442e-08,8.69633170571325e-08,8.695291161337214e-08,8.694250985919809e-08,8.693211176554853e-08,8.692171734854329e-08,8.691132660349202e-08,8.690093952379274e-08,8.689055611558623e-08,8.688017637681415e-08,8.686980030082847e-08,8.68594278868666e-08,8.68490591262011e-08,8.683869403294898e-08,8.68283325966592e-08,8.6817974809144e-08,8.680762066971636e-08,8.679727018905265e-08,8.67869233620037e-08,8.677658016469871e-08,8.676624061057616e-08,8.675590469680224e-08,8.674557241860454e-08,8.673524377573266e-08,8.672491877158454e-08,8.671459740352084e-08,8.670427966550653e-08,8.669396556073901e-08,8.668365507859923e-08,8.667334821851926e-08,8.666304498521531e-08,8.665274537621202e-08,8.664244938323216e-08,8.663215700643245e-08,8.662186824895203e-08,8.66115830997623e-08,8.660130155508571e-08,8.659102362027382e-08,8.658074929718413e-08,8.657047858269556e-08,8.656021146672258e-08,8.654994794636257e-08,8.653968803154078e-08,8.652943171210861e-08,8.651917898763328e-08,8.65089298556424e-08,8.649868431365742e-08,8.648844235974436e-08,8.64782040035692e-08,8.646796922203568e-08,8.645773802306617e-08,8.644751040480623e-08,8.643728636872975e-08,8.642706590599931e-08,8.641684901763543e-08,8.640663570202336e-08,8.639642595703104e-08,8.638621978460738e-08,8.637601717614183e-08,8.636581812420454e-08,8.635562264180715e-08,8.634543072041818e-08,8.633524236784341e-08,8.63250575611051e-08,8.631487632392655e-08,8.630469861779539e-08,8.6294524469088e-08,8.628435387887565e-08,8.627418682625209e-08,8.62640233236229e-08,8.62538633582029e-08,8.624370694041348e-08,8.623355405679302e-08,8.622340469689309e-08,8.621325888547005e-08,8.620311660727095e-08,8.619297786725809e-08,8.618284265359873e-08,8.617271097286696e-08,8.616258281131846e-08,8.61524581733623e-08,8.614233705699561e-08,8.613221945598102e-08,8.612210538290269e-08,8.611199481842329e-08,8.610188776797346e-08,8.609178423536846e-08,8.608168420539146e-08,8.607158767913998e-08,8.606149466100205e-08,8.605140514911242e-08,8.604131913331814e-08,8.60312366199277e-08,8.602115760463879e-08,8.601108208667668e-08,8.600101005601331e-08,8.599094152442031e-08,8.598087649583124e-08,8.59708149420925e-08,8.596075687588379e-08,8.595070229225276e-08,8.594065118636247e-08,8.593060356317539e-08,8.592055942342881e-08,8.591051874409132e-08,8.590048155551273e-08,8.589044785172247e-08,8.58804176069745e-08,8.587039083566508e-08,8.586036753536717e-08,8.58503477023126e-08,8.584033133363191e-08,8.583031841719787e-08,8.582030896248584e-08,8.581030295746238e-08,8.580030041474868e-08,8.579030132857365e-08,8.578030569452492e-08,8.577031350881293e-08,8.576032477084529e-08,8.57503394766343e-08,8.574035762760276e-08,8.573037922243666e-08,8.572040425747679e-08,8.571043273093825e-08,8.570046464055957e-08,8.569049999419568e-08,8.56805387746628e-08,8.56705809795422e-08,8.566062662060114e-08,8.565067567841266e-08,8.564072817258671e-08,8.563078409019877e-08,8.56208434283832e-08,8.561090618191564e-08,8.560097234290348e-08,8.559104193243693e-08,8.558111494413367e-08,8.55711913592113e-08,8.556127119320571e-08,8.555135443363718e-08,8.554144108154523e-08,8.553153113340336e-08,8.552162458906275e-08,8.551172144638901e-08,8.550182170015764e-08,8.549192535688627e-08,8.548203240426422e-08,8.547214285094732e-08,8.546225668547503e-08,8.54523739138047e-08,8.544249453092268e-08,8.543261853444661e-08,8.542274592008525e-08,8.541287668735787e-08,8.540301083676271e-08,8.539314836424815e-08,8.538328926345828e-08,8.537343354469437e-08,8.536358119951705e-08,8.535373222582979e-08,8.53438866226939e-08,8.533404439603492e-08,8.532420552733964e-08,8.53143700220082e-08,8.530453788244298e-08,8.529470910938881e-08,8.528488366952937e-08,8.527506160412462e-08,8.52652428933774e-08,8.525542753670206e-08,8.524561553165025e-08,8.523580687672683e-08,8.522600157199803e-08,8.521619961277072e-08,8.520640099631657e-08,8.519660572205577e-08,8.518681378481213e-08,8.517702519061633e-08,8.516723993356986e-08,8.515745801123113e-08,8.514767942023185e-08,8.513790415779372e-08,8.512813223043233e-08,8.511836363105334e-08,8.510859835790195e-08,8.509883641729015e-08,8.508907779146829e-08,8.50793224865098e-08,8.506957050027343e-08,8.505982182887377e-08,8.505007647420807e-08,8.504033443424397e-08,8.503059570815578e-08,8.502086028471762e-08,8.501112817532594e-08,8.500139937983369e-08,8.499167388138069e-08,8.498195168555131e-08,8.49722327863052e-08,8.496251719088049e-08,8.495280489299013e-08,8.4943095890865e-08,8.493339018269428e-08,8.49236877667372e-08,8.491398864161265e-08,8.490429281138673e-08,8.489460027229544e-08,8.48849110077518e-08,8.48752250290593e-08,8.486554232890446e-08,8.485586290697958e-08,8.484618676460676e-08,8.48365138989167e-08,8.48268443077876e-08,8.4817177989036e-08,8.480751494128875e-08,8.479785516243097e-08,8.478819865099732e-08,8.477854540543457e-08,8.476889542392675e-08,8.475924870417758e-08,8.474960524381871e-08,8.473996504306179e-08,8.473032809956165e-08,8.472069441080671e-08,8.471106397543023e-08,8.470143679168603e-08,8.469181285785332e-08,8.468219217485281e-08,8.467257473549109e-08,8.466296053634216e-08,8.465334958452124e-08,8.4643741872943e-08,8.463413740170369e-08,8.462453616820443e-08,8.46149381706042e-08,8.46053434076452e-08,8.459575187688927e-08,8.458616357667171e-08,8.457657850543027e-08,8.456699666146499e-08,8.455741804348399e-08,8.454784264912748e-08,8.453827047664938e-08,8.452870152450409e-08,8.451913579124804e-08,8.450957327692137e-08,8.450001397549585e-08,8.449045788780191e-08,8.448090501158036e-08,8.44713553454493e-08,8.446180888760521e-08,8.445226563680575e-08,8.444272559059156e-08,8.443318874703762e-08,8.442365511911729e-08,8.441412467757349e-08,8.440459743354664e-08,8.439507338584762e-08,8.438555253274429e-08,8.437603487258321e-08,8.436652040265977e-08,8.435700912325875e-08,8.434750103163997e-08,8.43379961260868e-08,8.432849440490603e-08,8.431899586650744e-08,8.43095005173371e-08,8.430000833922688e-08,8.429051933866296e-08,8.428103351408386e-08,8.427155086404682e-08,8.426207138641935e-08,8.425259507969149e-08,8.424312194185703e-08,8.423365197146026e-08,8.422418516716825e-08,8.421472152671039e-08,8.420526104873616e-08,8.419580373166954e-08,8.418634957341951e-08,8.417689857257131e-08,8.416745072735481e-08,8.41580060362289e-08,8.414856449657047e-08,8.413912610844088e-08,8.412969086950692e-08,8.412025877796213e-08,8.411082983187697e-08,8.410140402972122e-08,8.409198136978865e-08,8.408256185053582e-08,8.407314547056939e-08,8.406373222757472e-08,8.405432212025856e-08,8.404491514710676e-08,8.403551130608177e-08,8.402611059594781e-08,8.401671301459432e-08,8.400731856059775e-08,8.399792723231241e-08,8.398853902832733e-08,8.397915394648618e-08,8.396977198534152e-08,8.396039314349409e-08,8.395101741886386e-08,8.394164481026782e-08,8.393227531590143e-08,8.392290893388245e-08,8.391354566287659e-08,8.390418550064509e-08,8.389482844607403e-08,8.388547449747309e-08,8.387612365294989e-08,8.386677591112367e-08,8.385743127024026e-08,8.384808972890612e-08,8.383875128549386e-08,8.382941593773706e-08,8.382008368463576e-08,8.381075452413674e-08,8.380142845481692e-08,8.379210547513172e-08,8.378278558330007e-08,8.377346877795614e-08,8.37641550568343e-08,8.375484441938866e-08,8.37455368631736e-08,8.373623238671771e-08,8.372693098871958e-08,8.371763266710884e-08,8.370833742039865e-08,8.36990452471158e-08,8.368975614540749e-08,8.368047011377437e-08,8.367118715071862e-08,8.366190725448796e-08,8.365263042344257e-08,8.364335665743958e-08,8.363408595206192e-08,8.362481830708496e-08,8.361555372069137e-08,8.360629219165313e-08,8.359703371802119e-08,8.358777829448347e-08,8.357852592718422e-08,8.356927661077616e-08,8.356003034342526e-08,8.355078712414946e-08,8.354154695049755e-08,8.353230982134238e-08,8.352307573481027e-08,8.351384468960348e-08,8.350461668421974e-08,8.349539171650028e-08,8.348616978519252e-08,8.347695088863724e-08,8.346773502540065e-08,8.345852219191699e-08,8.344931239058029e-08,8.344010561738663e-08,8.343090187120128e-08,8.342170115034058e-08,8.341250345353822e-08,8.340330877842471e-08,8.339411712389106e-08,8.338492849086838e-08,8.337574287268941e-08,8.33665602720411e-08,8.335738068416324e-08,8.334820410904228e-08,8.33390305448844e-08,8.332985999034851e-08,8.33206924436993e-08,8.331152790350482e-08,8.330236636720619e-08,8.329320783493341e-08,8.328405230469637e-08,8.327489977548535e-08,8.326575024470078e-08,8.325660370761386e-08,8.324746017000224e-08,8.323831962454294e-08,8.32291820714421e-08,8.322004750894876e-08,8.321091593503185e-08,8.320178734947948e-08,8.319266174980571e-08,8.318353913076896e-08,8.317441949875068e-08,8.316530284835477e-08,8.31561891671565e-08,8.314707847491295e-08,8.313797075730948e-08,8.312886601473907e-08,8.311976424807889e-08,8.311066545330794e-08,8.310156962934597e-08,8.309247677411725e-08,8.308338688567696e-08,8.307429996419823e-08,8.306521600689567e-08,8.305613501282974e-08,8.304705697972174e-08,8.303798190572077e-08,8.30289097891175e-08,8.301984062876659e-08,8.301077442390757e-08,8.300171117285734e-08,8.299265087384776e-08,8.298359353767043e-08,8.297453913678343e-08,8.296548768406378e-08,8.295643918029601e-08,8.29473936210497e-08,8.29383510117774e-08,8.292931134363819e-08,8.292027460892136e-08,8.291124081033715e-08,8.290220995880903e-08,8.289318202993817e-08,8.288415703952259e-08,8.287513498074802e-08,8.286611584826039e-08,8.28570996458041e-08,8.284808638380914e-08,8.283907603580316e-08,8.283006861349154e-08,8.282106411670837e-08,8.281206254110269e-08,8.280306389612284e-08,8.279406815916836e-08,8.278507533955982e-08,8.277608543661089e-08,8.276709844446288e-08,8.275811441073527e-08,8.274913323221848e-08,8.274015499301365e-08,8.273117965331956e-08,8.272220720901506e-08,8.271323767306698e-08,8.270427103814867e-08,8.269530731048512e-08,8.26863464666385e-08,8.267738853774167e-08,8.26684335050475e-08,8.26594813630334e-08,8.265053213046402e-08,8.26415857788533e-08,8.263264233786705e-08,8.26237017970331e-08,8.26147641169963e-08,8.260582931377567e-08,8.259689741063793e-08,8.258796838932226e-08,8.257904224935605e-08,8.257011899091967e-08,8.25611986154126e-08,8.255228111021446e-08,8.254336649022264e-08,8.253445475359188e-08,8.252554590347446e-08,8.251663990550289e-08,8.250773678798295e-08,8.249883653211203e-08,8.248993914150375e-08,8.248104461897174e-08,8.24721529753626e-08,8.24632641688297e-08,8.245437824509283e-08,8.244549520110108e-08,8.243661499845642e-08,8.242773764224692e-08,8.241886317321966e-08,8.240999153099957e-08,8.240112275244216e-08,8.239225681561286e-08,8.238339372939221e-08,8.23745335033247e-08,8.236567612365105e-08,8.235682158021584e-08,8.234796987913069e-08,8.23391210337206e-08,8.233027502016897e-08,8.232143183509432e-08,8.231259150079688e-08,8.230375400156283e-08,8.229491933892222e-08,8.228608751347512e-08,8.22772585283277e-08,8.226843236423657e-08,8.225960903327538e-08,8.22507885399508e-08,8.224197086611722e-08,8.22331560170837e-08,8.222434400776179e-08,8.221553481632045e-08,8.220672843724302e-08,8.219792487802968e-08,8.218912413663368e-08,8.218032621076192e-08,8.217153110403672e-08,8.216273880771858e-08,8.215394932796528e-08,8.214516267035792e-08,8.21363788110361e-08,8.212759776545481e-08,8.211881951738038e-08,8.21100440813209e-08,8.210127144789385e-08,8.209250162459537e-08,8.208373459611287e-08,8.207497036706584e-08,8.206620893622094e-08,8.205745030587904e-08,8.204869445632428e-08,8.203994144020041e-08,8.203119119370832e-08,8.202244373503872e-08,8.201369906873085e-08,8.200495719186494e-08,8.199621810053178e-08,8.198748179548448e-08,8.197874827635184e-08,8.197001753967632e-08,8.196128957802105e-08,8.195256440335749e-08,8.194384199784841e-08,8.193512238059679e-08,8.1926405537886e-08,8.191769147403025e-08,8.190898015663241e-08,8.19002716349941e-08,8.189156586775387e-08,8.18828628885276e-08,8.187416268244044e-08,8.186546523354128e-08,8.185677054618489e-08,8.184807860297176e-08,8.183938945384162e-08,8.183070306642734e-08,8.182201942754425e-08,8.181333855273232e-08,8.180466043353144e-08,8.179598506892476e-08,8.178731245377985e-08,8.17786425806134e-08,8.176997547914715e-08,8.176131111644611e-08,8.175264950238551e-08,8.174399063395142e-08,8.173533452026703e-08,8.17266811303814e-08,8.171803049422874e-08,8.170938259752305e-08,8.170073744352907e-08,8.169209503147532e-08,8.168345534167742e-08,8.167481839791031e-08,8.16661841896055e-08,8.165755271370274e-08,8.16489239688003e-08,8.1640297953312e-08,8.163167466982396e-08,8.162305411195319e-08,8.161443628819244e-08,8.160582117129966e-08,8.159720878518958e-08,8.158859912920202e-08,8.157999218803131e-08,8.15713879662912e-08,8.156278646527952e-08,8.155418766481233e-08,8.154559157489417e-08,8.153699821499961e-08,8.152840757181351e-08,8.15198196370997e-08,8.151123441181492e-08,8.150265188387583e-08,8.149407207688879e-08,8.148549497355411e-08,8.147692057223273e-08,8.14683488684729e-08,8.145977987289938e-08,8.14512135781332e-08,8.14426499808544e-08,8.143408905466161e-08,8.142553085575427e-08,8.141697534261891e-08,8.140842252436618e-08,8.139987238905694e-08,8.13913249507763e-08,8.13827802177067e-08,8.137423816329427e-08,8.136569879093781e-08,8.135716210861273e-08,8.134862811370309e-08,8.134009679850741e-08,8.133156816426768e-08,8.132304221014621e-08,8.131451893712883e-08,8.130599833884783e-08,8.129748041713777e-08,8.128896516464992e-08,8.12804525901306e-08,8.127194267122406e-08,8.126343543949515e-08,8.125493087246938e-08,8.124642897804952e-08,8.12379297314012e-08,8.122943314807552e-08,8.122093922849599e-08,8.121244797788773e-08,8.120395940004914e-08,8.119547347397252e-08,8.118699020111624e-08,8.117850961449434e-08,8.11700316591444e-08,8.116155635982445e-08,8.1153083704341e-08,8.114461370212212e-08,8.113614636006923e-08,8.112768166634269e-08,8.111921964011609e-08,8.111076025846741e-08,8.110230351360058e-08,8.109384940378223e-08,8.108539794595548e-08,8.107694911107686e-08,8.106850291464354e-08,8.106005937027393e-08,8.105161845566748e-08,8.104318018227016e-08,8.103474454193382e-08,8.102631154103366e-08,8.10178811723239e-08,8.100945343472761e-08,8.100102833828178e-08,8.099260587200847e-08,8.098418603266821e-08,8.09757688234412e-08,8.096735423846827e-08,8.095894227460033e-08,8.0950532935015e-08,8.094212621021746e-08,8.093372210743573e-08,8.09253206254301e-08,8.09169217646472e-08,8.090852550930002e-08,8.090013187999893e-08,8.089174084862744e-08,8.088335242788032e-08,8.087496661797463e-08,8.086658341822702e-08,8.085820282556428e-08,8.084982484032029e-08,8.084144946103888e-08,8.083307668516887e-08,8.082470651227008e-08,8.081633893980477e-08,8.080797396813637e-08,8.079961159515939e-08,8.079125181958017e-08,8.078289464014311e-08,8.077454005553855e-08,8.07661880644946e-08,8.075783866572395e-08,8.074949185797257e-08,8.07411476399685e-08,8.073280601038056e-08,8.07244669679697e-08,8.071613051146473e-08,8.070779663957867e-08,8.069946535105318e-08,8.069113664457697e-08,8.06828105189174e-08,8.06744869729905e-08,8.066616600532259e-08,8.0657847614716e-08,8.064953179990193e-08,8.064121856837418e-08,8.063290790006774e-08,8.06245997725598e-08,8.061629424628519e-08,8.060799129896744e-08,8.059969091018462e-08,8.059139307152402e-08,8.058309781684985e-08,8.057480513444983e-08,8.056651500733743e-08,8.055822744195645e-08,8.054994243761348e-08,8.054165999261716e-08,8.053338010560463e-08,8.052510277502677e-08,8.051682800006982e-08,8.05085557797272e-08,8.050028611238874e-08,8.049201899668708e-08,8.048375443058704e-08,8.047549241338633e-08,8.046723294623997e-08,8.045897602531396e-08,8.045072164839848e-08,8.044246981720726e-08,8.043422052808429e-08,8.042597378077337e-08,8.04177295740023e-08,8.04094879065518e-08,8.040124877496382e-08,8.039301218232746e-08,8.038477812530607e-08,8.037654660549314e-08,8.036831761688211e-08,8.036009115895535e-08,8.035186723545979e-08,8.034364583742058e-08,8.033542696533206e-08,8.03272106234031e-08,8.031899680418696e-08,8.031078551247444e-08,8.030257673947372e-08,8.029437049219837e-08,8.028616676531858e-08,8.027796555831193e-08,8.026976686953464e-08,8.026157069789433e-08,8.02533770359448e-08,8.024518589485646e-08,8.023699725117499e-08,8.022881113499832e-08,8.022062753024992e-08,8.021244643237962e-08,8.02042678458383e-08,8.019609176653668e-08,8.018791819227699e-08,8.017974711852428e-08,8.017157854376019e-08,8.016341248135493e-08,8.015524891979369e-08,8.014708785205254e-08,8.013892929861018e-08,8.01307732346998e-08,8.012261966320068e-08,8.011446859056338e-08,8.010632001067639e-08,8.009817392427633e-08,8.009003032836893e-08,8.008188922314373e-08,8.007375061868164e-08,8.006561449169814e-08,8.0057480852758e-08,8.004934971486644e-08,8.004122103769764e-08,8.003309485147387e-08,8.002497114691779e-08,8.001684992273303e-08,8.000873117806075e-08,8.000061491021135e-08,7.999250111295286e-08,7.998438979304984e-08,7.997628094997044e-08,7.996817458020915e-08,7.996007064434544e-08,7.995196921650271e-08,7.99438702597107e-08,7.993577377028086e-08,7.99276797501128e-08,7.991958819607068e-08,7.991149910716811e-08,7.99034124793438e-08,7.989532831423964e-08,7.988724661319676e-08,7.987916737294041e-08,7.987109059088653e-08,7.986301626710605e-08,7.985494441523191e-08,7.984687501013314e-08,7.983880806008478e-08,7.983074355489269e-08,7.98226815162497e-08,7.981462193082845e-08,7.980656477879137e-08,7.979851008295569e-08,7.979045783199296e-08,7.978240802183387e-08,7.977436065556137e-08,7.976631573170216e-08,7.975827324404426e-08,7.975023320554645e-08,7.974219561197772e-08,7.9734160452553e-08,7.972612773069324e-08,7.971809744837393e-08,7.971006960603332e-08,7.970204417436392e-08,7.969402119709155e-08,7.968600064589742e-08,7.96779825302758e-08,7.966996684857385e-08,7.966195359061673e-08,7.96539427537636e-08,7.964593436295827e-08,7.96379283784289e-08,7.962992481758873e-08,7.962192366283094e-08,7.961392494112914e-08,7.960592864438325e-08,7.959793476676114e-08,7.958994330284635e-08,7.95819542602559e-08,7.957396763311518e-08,7.956598342197371e-08,7.955800161900214e-08,7.955002223118457e-08,7.954204525430296e-08,7.953407067615066e-08,7.95260985419935e-08,7.951812878743903e-08,7.951016144575877e-08,7.9502196502928e-08,7.949423395589096e-08,7.948627382786051e-08,7.947831609971273e-08,7.947036076933911e-08,7.946240783365163e-08,7.945445730006199e-08,7.944650916454187e-08,7.943856342356284e-08,7.9430620078667e-08,7.942267913089196e-08,7.941474056845164e-08,7.940680438873698e-08,7.939887061095396e-08,7.939093922269126e-08,7.93830102226691e-08,7.937508363917925e-08,7.936715941106098e-08,7.93592375690273e-08,7.935131810903704e-08,7.934340103209124e-08,7.933548631002926e-08,7.932757399406338e-08,7.931966405571874e-08,7.931175649620959e-08,7.930385130455858e-08,7.92959484972395e-08,7.928804806322126e-08,7.928014999963107e-08,7.927225431133945e-08,7.926436099304505e-08,7.925647004350514e-08,7.924858145309669e-08,7.924069523898237e-08,7.92328113971534e-08,7.922492991709394e-08,7.921705079918634e-08,7.920917404433255e-08,7.920129965164738e-08,7.919342762282436e-08,7.91855579540826e-08,7.917769064407768e-08,7.91698257202984e-08,7.91619631219757e-08,7.915410287884398e-08,7.914624498724327e-08,7.913838944923476e-08,7.91305362621927e-08,7.912268542614866e-08,7.911483694022206e-08,7.910699078473762e-08,7.909914699935765e-08,7.9091305554473e-08,7.908346646029718e-08,7.907562971001101e-08,7.906779528644255e-08,7.905996320184571e-08,7.905213346090333e-08,7.904430605879203e-08,7.903648101248094e-08,7.90286582846396e-08,7.902083789425041e-08,7.901301984072468e-08,7.900520413078502e-08,7.89973907516797e-08,7.898957970704833e-08,7.898177098331456e-08,7.897396459693135e-08,7.89661605342915e-08,7.895835880527029e-08,7.895055940394999e-08,7.89427623247547e-08,7.89349675867657e-08,7.892717515530083e-08,7.891938505454044e-08,7.891159726551578e-08,7.890381179557262e-08,7.889602864457445e-08,7.888824781098726e-08,7.888046929212464e-08,7.88726930885034e-08,7.886491920059182e-08,7.885714762556438e-08,7.884937836160058e-08,7.884161140963992e-08,7.883384676674823e-08,7.882608443286648e-08,7.881832440182384e-08,7.881056668125951e-08,7.880281126642886e-08,7.879505815559949e-08,7.878730734781483e-08,7.877955884333364e-08,7.877181264074135e-08,7.876406873220282e-08,7.875632712628129e-08,7.87485878182611e-08,7.8740850807947e-08,7.873311609121086e-08,7.872538367084529e-08,7.871765354147532e-08,7.870992570598703e-08,7.87022001629802e-08,7.869447691019767e-08,7.868675594632398e-08,7.867903727047526e-08,7.867132090097443e-08,7.866360679808783e-08,7.86558949799365e-08,7.864818544604202e-08,7.864047819483565e-08,7.863277322468962e-08,7.862507053941307e-08,7.861737012867995e-08,7.860967200063665e-08,7.860197614498537e-08,7.859428256614455e-08,7.85865912631517e-08,7.857890223539948e-08,7.857121548042837e-08,7.856353099609929e-08,7.855584878216744e-08,7.854816883480327e-08,7.854049116075324e-08,7.853281574580249e-08,7.852514260609167e-08,7.851747173305659e-08,7.8509803126237e-08,7.850213677909704e-08,7.849447269300218e-08,7.848681087103693e-08,7.847915130777713e-08,7.84714939763721e-08,7.846383893214037e-08,7.845618614384479e-08,7.844853560888659e-08,7.844088731876483e-08,7.843324129273112e-08,7.842559752170493e-08,7.841795600461892e-08,7.841031673906532e-08,7.840267972511548e-08,7.839504495494838e-08,7.838741243369811e-08,7.837978216062575e-08,7.837215413255085e-08,7.836452834844506e-08,7.835690481179876e-08,7.834928351230783e-08,7.834166445398981e-08,7.83340476373923e-08,7.832643305786849e-08,7.83188207170905e-08,7.831121061371662e-08,7.830360274654318e-08,7.829599711581414e-08,7.828839371987614e-08,7.828079255392119e-08,7.827319362257402e-08,7.826559691934441e-08,7.825800244945884e-08,7.825041021746913e-08,7.824282020302344e-08,7.823523241536487e-08,7.82276468536375e-08,7.822006351755509e-08,7.821248240408305e-08,7.820490351314255e-08,7.819732684262004e-08,7.818975239432662e-08,7.818218016570288e-08,7.817461015059941e-08,7.816704235703114e-08,7.815947677630687e-08,7.815191341511483e-08,7.814435226832623e-08,7.813679333734872e-08,7.812923661838239e-08,7.812168210829216e-08,7.811412981053164e-08,7.810657971878199e-08,7.809903182248326e-08,7.809148614394454e-08,7.808394267552772e-08,7.807640141078977e-08,7.8068862347376e-08,7.806132549027156e-08,7.805379083512824e-08,7.804625838066715e-08,7.803872810639776e-08,7.803120003865385e-08,7.802367415800078e-08,7.801615049771053e-08,7.800862902670699e-08,7.800110975722424e-08,7.799359267773684e-08,7.798607779454725e-08,7.797856510251535e-08,7.797105460047742e-08,7.796354629069986e-08,7.795604016798404e-08,7.794853623410428e-08,7.794103448666192e-08,7.793353492500006e-08,7.792603754804769e-08,7.791854235477487e-08,7.791104934446479e-08,7.790355851575542e-08,7.789606987085646e-08,7.788858339884993e-08,7.788109911063399e-08,7.787361699890778e-08,7.786613706216675e-08,7.785865930316718e-08,7.785118371941183e-08,7.784371030512077e-08,7.783623907988151e-08,7.782877000943552e-08,7.782130311304055e-08,7.781383841083986e-08,7.780637585397622e-08,7.779891546404446e-08,7.779145724149442e-08,7.778400118643144e-08,7.777654728983566e-08,7.776909556015182e-08,7.77616459904811e-08,7.775419858678558e-08,7.774675333673625e-08,7.773931025316767e-08,7.77318693112092e-08,7.772443054239685e-08,7.771699392624708e-08,7.77095594711756e-08,7.770212718326288e-08,7.7694697035441e-08,7.768726903959282e-08,7.76798431979461e-08,7.767241950703954e-08,7.766499796525e-08,7.765757857271116e-08,7.765016132795714e-08,7.7642746224387e-08,7.763533327073157e-08,7.762792246209082e-08,7.762051379768536e-08,7.761310727415299e-08,7.760570289396096e-08,7.759830065634257e-08,7.759090055843297e-08,7.758350259883346e-08,7.757610677717886e-08,7.756871309471564e-08,7.756132154641282e-08,7.755393212166781e-08,7.754654484769305e-08,7.753915970125704e-08,7.753177668683319e-08,7.75243958038168e-08,7.751701705356752e-08,7.7509640429475e-08,7.750226594312621e-08,7.749489357451078e-08,7.748752333088506e-08,7.74801552133444e-08,7.747278922045872e-08,7.746542535454076e-08,7.745806361098572e-08,7.745070398464934e-08,7.744334648286e-08,7.743599110066314e-08,7.742863783689525e-08,7.742128669040599e-08,7.741393766055143e-08,7.740659074644479e-08,7.739924594684966e-08,7.739190326094454e-08,7.738456268774726e-08,7.737722422612812e-08,7.736988787526365e-08,7.736255363429223e-08,7.735522150211371e-08,7.734789147792299e-08,7.73405635605928e-08,7.733323774916665e-08,7.732591404261564e-08,7.731859244000649e-08,7.731127294052683e-08,7.730395554314481e-08,7.729664024689556e-08,7.728932705098805e-08,7.728201595423837e-08,7.72747069557185e-08,7.726740005468608e-08,7.726009524978695e-08,7.725279254052502e-08,7.724549192591552e-08,7.723819340459367e-08,7.723089697578927e-08,7.722360263838703e-08,7.721631039191797e-08,7.72090202352591e-08,7.720173216729e-08,7.71944461871751e-08,7.718716229384197e-08,7.717988048663372e-08,7.717260076413831e-08,7.716532312559232e-08,7.715804757000418e-08,7.715077409688487e-08,7.714350270492951e-08,7.713623339290513e-08,7.712896616024128e-08,7.712170100589017e-08,7.711443792940242e-08,7.710717692917608e-08,7.709991800451449e-08,7.709266115470992e-08,7.708540637857773e-08,7.707815367465005e-08,7.707090304255272e-08,7.70636544820095e-08,7.705640799078094e-08,7.704916356858276e-08,7.704192121469429e-08,7.703468092790869e-08,7.702744270655615e-08,7.702020655067642e-08,7.701297245910661e-08,7.700574043117415e-08,7.699851046632749e-08,7.699128256384957e-08,7.698405672032108e-08,7.697683293616822e-08,7.696961121122679e-08,7.69623915436649e-08,7.6955173933173e-08,7.694795837975977e-08,7.694074488008943e-08,7.693353343463601e-08,7.6926324043224e-08,7.691911670362153e-08,7.691191141617345e-08,7.69047081789537e-08,7.689750699014937e-08,7.689030785010632e-08,7.688311075763201e-08,7.68759157117103e-08,7.686872271205122e-08,7.686153175791612e-08,7.685434284822682e-08,7.684715598193601e-08,7.683997115701068e-08,7.683278837340808e-08,7.682560762993588e-08,7.681842892615906e-08,7.681125226155115e-08,7.680407762176273e-08,7.679690503046229e-08,7.678973446282137e-08,7.678256592975987e-08,7.677539943022567e-08,7.676823496123952e-08,7.676107253881704e-08,7.675391213276302e-08,7.674675375665545e-08,7.673959740969366e-08,7.673244308935138e-08,7.672529082030183e-08,7.671814055521417e-08,7.671099231393463e-08,7.670384609814816e-08,7.669670190592519e-08,7.668955974470133e-08,7.668241960489395e-08,7.667528147761966e-08,7.666814537031155e-08,7.666101128606927e-08,7.665387921570498e-08,7.66467491616035e-08,7.663962112339022e-08,7.663249508152297e-08,7.662537108530396e-08,7.661824909835172e-08,7.661112912172165e-08,7.660401115879573e-08,7.659689520302931e-08,7.658978126195746e-08,7.658266933013694e-08,7.657555941159135e-08,7.656845150006662e-08,7.656134560150694e-08,7.655424171294812e-08,7.654713981884663e-08,7.654003991695988e-08,7.653294203898297e-08,7.652584614416673e-08,7.651875225100941e-08,7.651166036097188e-08,7.650457048016658e-08,7.649748258708531e-08,7.64903966910465e-08,7.648331279129518e-08,7.647623088680615e-08,7.646915097795046e-08,7.646207306477205e-08,7.645499714464981e-08,7.644792321542378e-08,7.644085127908149e-08,7.643378133111638e-08,7.642671337350487e-08,7.64196474034484e-08,7.641258342047406e-08,7.640552142476599e-08,7.639846140621029e-08,7.639140337956299e-08,7.638434733878964e-08,7.637729328136596e-08,7.637024120723641e-08,7.63631911128094e-08,7.635614300109225e-08,7.634909686818669e-08,7.634205270880454e-08,7.633501053332543e-08,7.632797033478917e-08,7.632093211243185e-08,7.631389586613217e-08,7.630686158992194e-08,7.629982928697962e-08,7.629279896020977e-08,7.628577060569795e-08,7.627874422396146e-08,7.62717198079138e-08,7.626469736438236e-08,7.625767688820217e-08
19,4.3551345506706585e-68,2.2232425010986984e-67,6.865003415167018e-67,1.6564495331892382e-66,3.4307766442536766e-66,6.395397277291299e-66,1.1031211972290117e-65,1.7921894234681947e-65,2.7761572630518233e-65,4.13625153483364e-65,5.966294267305138e-65,8.373496659849604e-65,1.1479266790569437e-64,1.5420028620089614e-64,2.0348052488182166e-64,2.643229410591722e-64,3.3859240814751614e-64,4.28337633498094e-64,5.357997184356677e-64,6.634207438022668e-64,8.13852379858715e-64,9.899645064723683e-64,1.1948538363939307e-63,1.4318525433641888e-63,1.7045368865197424e-63,2.016735830526038e-63,2.372539659433728e-63,2.7763085832671053e-63,3.2326813366763374e-63,3.7465837692879697e-63,4.323237427583741e-63,4.968168128381392e-63,5.687214523988036e-63,6.486536659236935e-63,7.372624520575709e-63,8.352306577456726e-63,9.432758316229907e-63,1.0621510766745563e-62,1.192645902190537e-62,1.3355870750246917e-62,1.4918394701791474e-62,1.662306920725655e-62,1.8479330670779893e-62,2.0497022056235484e-62,2.268640136722389e-62,2.5058150120832574e-62,2.7623381815235656e-62,3.0393650391168317e-62,3.338095868732647e-62,3.6597766889705774e-62,4.0057000974978385e-62,4.377206114788264e-62,4.775683027267307e-62,5.202568229858983e-62,5.659349067947985e-62,6.147563678745695e-62,6.668801832070314e-62,7.2247057705394175e-62,7.816971049170615e-62,8.447347374403815e-62,9.117639442533905e-62,9.829707777557748e-62,1.0585469568442117e-61,1.1386899505802714e-61,1.2236030618003285e-61,1.3134955106673295e-61,1.408582518163831e-61,1.5090853895273914e-61,1.6152315976278533e-61,1.7272548662865378e-61,1.8453952535373032e-61,1.9698992348297025e-61,2.101019786174476e-61,2.239016467230697e-61,2.384155504335565e-61,2.53670987347578e-61,2.696959383201962e-61,2.8651907574847842e-61,3.0416977185137343e-61,3.226781069438304e-61,3.420748777051043e-61,3.623916054413721e-61,3.8366054434259566e-61,4.059146897335675e-61,4.291877863192961e-61,4.5351433642460026e-61,4.7892960822802165e-61,5.054696439899183e-61,5.3317126827494074e-61,5.620720961687166e-61,5.922105414888475e-61,6.236258249901583e-61,6.563579825642629e-61,6.904478734334333e-61,7.259371883387539e-61,7.62868457722568e-61,8.012850599052277e-61,8.412312292561921e-61,8.827520643593946e-61,9.258935361729287e-61,9.707024961831151e-61,1.0172266845528393e-60,1.0655147382642631e-60,1.1156161992557744e-60,1.1675815225534071e-60,1.2214620843964956e-60,1.277310190357747e-60,1.3351790834576308e-60,1.395122952273119e-60,1.4571969390407795e-60,1.5214571477542623e-60,1.5879606522561198e-60,1.6567655043240406e-60,1.7279307417513977e-60,1.8015163964222121e-60,1.8775835023804965e-60,1.9561941038939797e-60,2.037411263512217e-60,2.1212990701190997e-60,2.2079226469797552e-60,2.2973481597818876e-60,2.3896428246714482e-60,2.4848749162827522e-60,2.5831137757630407e-60,2.684429818791411e-60,2.7888945435922136e-60,2.8965805389428186e-60,3.0075614921758645e-60,3.1219121971759313e-60,3.239708562370619e-60,3.3610276187160774e-60,3.4859475276769956e-60,3.6145475892010575e-60,3.746908249687797e-60,3.8831111099519415e-60,4.0232389331812325e-60,4.16737565288869e-60,4.315606380859315e-60,4.468017415091307e-60,4.624696247731774e-60,4.7857315730068746e-60,4.9512132951464446e-60,5.121232536303145e-60,5.295881644466098e-60,5.475254201369005e-60,5.659445030392726e-60,5.848550204462446e-60,6.042667053939298e-60,6.241894174506499e-60,6.446331435049977e-60,6.656079985533547e-60,6.871242264868651e-60,7.091922008778534e-60,7.318224257657006e-60,7.550255364421727e-60,7.788123002362031e-60,8.031936172981322e-60,8.281805213833937e-60,8.537841806356638e-60,8.800158983694613e-60,9.068871138522008e-60,9.344094030857125e-60,9.625944795872063e-60,9.914541951697023e-60,1.0210005407219098e-59,1.0512456469875712e-59,1.082201785344259e-59,1.1138813685816374e-59,1.1462969516791732e-59,1.1794612325833174e-59,1.213387052984135e-59,1.248087399091403e-59,1.2835754024101608e-59,1.3198643405157306e-59,1.3569676378281943e-59,1.3948988663863275e-59,1.4336717466210015e-59,1.4733001481280464e-59,1.5137980904405754e-59,1.5551797438007707e-59,1.5974594299311392e-59,1.6406516228052186e-59,1.684770949417764e-59,1.7298321905543869e-59,1.7758502815606638e-59,1.8228403131107103e-59,1.870817531975219e-59,1.919797341788962e-59,1.9697953038177644e-59,2.020827137724941e-59,2.0729087223372015e-59,2.126056096410022e-59,2.180285459392484e-59,2.235613172191584e-59,2.292055757936012e-59,2.3496299027393917e-59,2.408352456463002e-59,2.468240433477952e-59,2.529311013426847e-59,2.5915815419849033e-59,2.6550695316205517e-59,2.719792662355499e-59,2.785768782524271e-59,2.8530159095332223e-59,2.9215522306190152e-59,2.991396103606578e-59,3.062566057666537e-59,3.135080794072112e-59,3.2089591869554945e-59,3.2842202840636976e-59,3.3608833075138784e-59,3.4389676545481404e-59,3.518492898287806e-59,3.5994787884871676e-59,3.681945252286717e-59,3.7659123949658385e-59,3.851400500694995e-59,3.9384300332873833e-59,4.027021636950069e-59,4.117196137034593e-59,4.208974540787061e-59,4.302378038097727e-59,4.397428002250017e-59,4.494145990669074e-59,4.592553745669751e-59,4.692673195204113e-59,4.794526453608386e-59,4.898135822349414e-59,5.003523790770587e-59,5.110713036837246e-59,5.219726427881581e-59,5.330587021347006e-59,5.443318065532009e-59,5.557943000333496e-59,5.674485457989613e-59,5.792969263822052e-59,5.913418436977837e-59,6.03585719117061e-59,6.160309935421384e-59,6.286801274798786e-59,6.415356011158789e-59,6.545999143883932e-59,6.67875587062202e-59,6.8136515880243084e-59,6.950711892483194e-59,7.089962580869358e-59,7.2314296512684365e-59,7.375139303717135e-59,7.521117940938885e-59,7.669392169078932e-59,7.819988798438965e-59,7.972934844211187e-59,8.128257527211931e-59,8.2859842746147e-59,8.446142720682759e-59,8.608760707501175e-59,8.773866285708367e-59,8.941487715227145e-59,9.111653465995259e-59,9.284392218695387e-59,9.459732865484685e-59,9.637704510723779e-59,9.81833647170526e-59,1.0001658279381703e-58,1.0187699679093137e-58,1.0376490631294034e-58,1.0568061312279797e-58,1.076244211491272e-58,1.0959663649347478e-58,1.1159756743756074e-58,1.1362752445052312e-58,1.1568682019615747e-58,1.1777576954015152e-58,1.1989468955731462e-58,1.2204389953880224e-58,1.2422372099933563e-58,1.2643447768441592e-58,1.2867649557753413e-58,1.3095010290737504e-58,1.3325563015501707e-58,1.3559341006112653e-58,1.37963777633147e-58,1.4036707015248389e-58,1.4280362718168385e-58,1.452737905716094e-58,1.47777904468608e-58,1.5031631532167706e-58,1.5288937188962314e-58,1.5549742524821636e-58,1.581408287973405e-58,1.6081993826813717e-58,1.635351117301456e-58,1.662867095984373e-58,1.690750946407457e-58,1.7190063198459126e-58,1.7476368912440095e-58,1.7766463592862324e-58,1.80603844646838e-58,1.8358168991686167e-58,1.8659854877184693e-58,1.8965480064737846e-58,1.9275082738856255e-58,1.9588701325711275e-58,1.9906374493843e-58,2.0228141154867812e-58,2.0554040464185438e-58,2.08841118216855e-58,2.1218394872453613e-58,2.155692950747694e-58,2.1899755864349268e-58,2.2246914327975637e-58,2.2598445531276455e-58,2.2954390355891083e-58,2.3314789932881e-58,2.3679685643432424e-58,2.404911911955849e-58,2.442313224480089e-58,2.480176715493108e-58,2.518506623865098e-58,2.5573072138293142e-58,2.596582775052051e-58,2.6363376227025647e-58,2.6765760975229444e-58,2.7173025658979446e-58,2.758521419924758e-58,2.8002370774827476e-58,2.842453982303128e-58,2.8851766040385973e-58,2.9284094383329193e-58,2.9721570068904632e-58,3.0164238575456876e-58,3.0612145643325824e-58,3.1065337275540577e-58,3.1523859738512898e-58,3.198775956273013e-58,3.245708354344769e-58,3.293187874138102e-58,3.3412192483397114e-58,3.389807236320554e-58,3.4389566242049e-58,3.4886722249393375e-58,3.53895887836173e-58,3.58982145127013e-58,3.641264837491638e-58,3.693293957951223e-58,3.745913760740487e-58,3.799129221186383e-58,3.852945341919889e-58,3.90736715294463e-58,3.962399711705457e-58,4.018048103156974e-58,4.074317439832021e-58,4.131212861910107e-58,4.188739537285794e-58,4.246902661637036e-58,4.3057074584934745e-58,4.3651591793046836e-58,4.425263103508354e-58,4.486024538598452e-58,4.547448820193324e-58,4.609541312103742e-58,4.67230740640092e-58,4.7357525234844665e-58,4.799882112150302e-58,4.864701649658523e-58,4.9302166418012165e-58,4.99643262297024e-58,5.0633551562249405e-58,5.130989833359835e-58,5.199342274972237e-58,5.268418130529837e-58,5.338223078438251e-58,5.408762826108503e-58,5.48004311002446e-58,5.5520696958102444e-58,5.624848378297569e-58,5.69838498159305e-58,5.7726853591454505e-58,5.8477553938129044e-58,5.923600997930065e-58,6.000228113375231e-58,6.07764271163741e-58,6.1558507938833435e-58,6.2348583910244786e-58,6.314671563783903e-58,6.395296402763231e-58,6.476739028509425e-58,6.55900559158161e-58,6.642102272617788e-58,6.726035282401564e-58,6.810810861928777e-58,6.896435282474115e-58,6.98291484565767e-58,7.070255883511457e-58,7.15846475854587e-58,7.247547863816111e-58,7.337511622988556e-58,7.428362490407098e-58,7.520106951159408e-58,7.612751521143185e-58,7.70630274713235e-58,7.800767206843175e-58,7.896151509000398e-58,7.992462293403258e-58,8.089706230991522e-58,8.187890023911427e-58,8.287020405581601e-58,8.387104140758938e-58,8.488148025604416e-58,8.590158887748868e-58,8.693143586358739e-58,8.797109012201745e-58,8.902062087712524e-58,9.008009767058236e-58,9.114959036204108e-58,9.222916912978939e-58,9.331890447140556e-58,9.441886720441231e-58,9.55291284669306e-58,9.664975971833261e-58,9.77808327398947e-58,9.89224196354497e-58,1.0007459283203879e-57,1.0123742508056277e-57,1.024109894564333e-57,1.0359535936022311e-57,1.047906085183163e-57,1.0599681098355775e-57,1.0721404113590254e-57,1.0844237368306437e-57,1.0968188366116409e-57,1.1093264643537723e-57,1.1219473770058155e-57,1.1346823348200397e-57,1.1475321013586684e-57,1.1604974435003416e-57,1.1735791314465708e-57,1.1867779387281889e-57,1.2000946422117989e-57,1.2135300221062151e-57,1.2270848619689005e-57,1.2407599487124015e-57,1.2545560726107742e-57,1.268474027306012e-57,1.2825146098144623e-57,1.2966786205332434e-57,1.310966863246657e-57,1.3253801451325927e-57,1.3399192767689303e-57,1.354585072139938e-57,1.3693783486426657e-57,1.3842999270933328e-57,1.3993506317337155e-57,1.4145312902375214e-57,1.4298427337167705e-57,1.4452857967281628e-57,1.4608613172794467e-57,1.476570136835781e-57,1.4924131003260914e-57,1.5083910561494255e-57,1.5245048561813007e-57,1.5407553557800502e-57,1.5571434137931618e-57,1.5736698925636144e-57,1.5903356579362093e-57,1.6071415792638967e-57,1.6240885294140996e-57,1.64117738477503e-57,1.6584090252620064e-57,1.6757843343237577e-57,1.693304198948734e-57,1.7109695096714045e-57,1.7287811605785532e-57,1.7467400493155733e-57,1.764847077092753e-57,1.7831031486915581e-57,1.8015091724709137e-57,1.8200660603734764e-57,1.8387747279319055e-57,1.8576360942751283e-57,1.876651082134602e-57,1.895820617850571e-57,1.9151456313783195e-57,1.9346270562944205e-57,1.9542658298029787e-57,1.9740628927418708e-57,1.9940191895889826e-57,2.0141356684684387e-57,2.0344132811568283e-57,2.0548529830894315e-57,2.075455733366433e-57,2.0962224947591382e-57,2.1171542337161836e-57,2.1382519203697402e-57,2.1595165285417166e-57,2.1809490357499544e-57,2.2025504232144208e-57,2.224321675863396e-57,2.2462637823396584e-57,2.2683777350066632e-57,2.2906645299547178e-57,2.313125167007153e-57,2.33576064972649e-57,2.3585719854206012e-57,2.3815601851488714e-57,2.4047262637283468e-57,2.4280712397398915e-57,2.4515961355343257e-57,2.4753019772385708e-57,2.4991897947617867e-57,2.5232606218015013e-57,2.547515495849741e-57,2.5719554581991535e-57,2.5965815539491315e-57,2.6213948320119224e-57,2.646396345118743e-57,2.671587149825887e-57,2.696968306520826e-57,2.7225408794283085e-57,2.748305936616456e-57,2.774264550002852e-57,2.800417795360626e-57,2.826766752324541e-57,2.853312504397062e-57,2.880056138954439e-57,2.90699874725277e-57,2.934141424434069e-57,2.96148526953232e-57,2.989031385479545e-57,3.0167808791118477e-57,3.044734861175462e-57,3.072894446332801e-57,3.1012607531684906e-57,3.1298349041954095e-57,3.158618025860717e-57,3.1876112485518856e-57,3.216815706602718e-57,3.2462325382993683e-57,3.275862885886357e-57,3.305707895572582e-57,3.3357687175373227e-57,3.366046505936244e-57,3.396542418907395e-57,3.4272576185772004e-57,3.4581932710664507e-57,3.48935054649629e-57,3.520730618994195e-57,3.552334666699952e-57,3.5841638717716334e-57,3.616219420391561e-57,3.648502502772277e-57,3.6810143131624997e-57,3.713756049853083e-57,3.7467289151829657e-57,3.779934115545124e-57,3.813372861392514e-57,3.8470463672440075e-57,3.8809558516903384e-57,3.91510253740002e-57,3.9494876511252876e-57,3.9841124237080094e-57,4.0189780900856133e-57,4.0540858892970026e-57,4.0894370644884634e-57,4.125032862919574e-57,4.160874535969108e-57,4.196963339140932e-57,4.233300532069902e-57,4.269887378527753e-57,4.306725146428989e-57,4.34381510783676e-57,4.3811585389687457e-57,4.418756720203028e-57,4.4566109360839586e-57,4.494722475328032e-57,4.533092630829742e-57,4.5717226996674437e-57,4.6106139831092044e-57,4.649767786618657e-57,4.689185419860842e-57,4.7288681967080537e-57,4.768817435245679e-57,4.8090344577780225e-57,4.849520590834149e-57,4.8902771651737017e-57,4.931305515792722e-57,4.972606981929475e-57,5.014182907070259e-57,5.0560346389552083e-57,5.098163529584119e-57,5.140570935222224e-57,5.183258216406013e-57,5.226226737949015e-57,5.26947786894759e-57,5.313012982786715e-57,5.356833457145765e-57,5.400940674004292e-57,5.445336019647801e-57,5.49002088467351e-57,5.534996663996127e-57,5.580264756853608e-57,5.62582656681291e-57,5.671683501775748e-57,5.717836973984344e-57,5.764288400027179e-57,5.81103920084472e-57,5.85809080173518e-57,5.905444632360225e-57,5.953102126750725e-57,6.001064723312471e-57,6.049333864831898e-57,6.0979109984818e-57,6.146797575827051e-57,6.195995052830311e-57,6.245504889857727e-57,6.295328551684647e-57,6.345467507501302e-57,6.395923230918517e-57,6.446697199973387e-57,6.497790897134978e-57,6.549205809309993e-57,6.600943427848463e-57,6.653005248549418e-57,6.705392771666552e-57,6.758107501913893e-57,6.811150948471473e-57,6.86452462499098e-57,6.918230049601407e-57,6.972268744914713e-57,7.026642238031467e-57,7.081352060546493e-57,7.1363997485545e-57,7.191786842655732e-57,7.247514887961585e-57,7.303585434100243e-57,7.360000035222301e-57,7.41676025000638e-57,7.473867641664748e-57,7.53132377794893e-57,7.589130231155319e-57,7.647288578130767e-57,7.705800400278213e-57,7.764667283562245e-57,7.823890818514716e-57,7.883472600240328e-57,7.943414228422211e-57,8.003717307327511e-57,8.064383445812962e-57,8.125414257330463e-57,8.18681135993264e-57,8.248576376278426e-57,8.310710933638605e-57,8.373216663901381e-57,8.436095203577931e-57,8.499348193807957e-57,8.562977280365218e-57,8.62698411366309e-57,8.691370348760095e-57,8.756137645365443e-57,8.82128766784455e-57,8.886822085224586e-57,8.952742571199969e-57,9.019050804137916e-57,9.085748467083934e-57,9.152837247767343e-57,9.220318838606783e-57,9.288194936715726e-57,9.356467243907951e-57,9.425137466703072e-57,9.49420731633201e-57,9.563678508742489e-57,9.633552764604518e-57,9.703831809315808e-57,9.774517373007453e-57,9.845611190549194e-57,9.917115001554968e-57,9.989030550388365e-57,1.0061359586168097e-56,1.0134103862773446e-56,1.0207265138849734e-56,1.0280845177813764e-56,1.0354845747859263e-56,1.0429268621962341e-56,1.0504115577886916e-56,1.0579388398190157e-56,1.0655088870227916e-56,1.0731218786160145e-56,1.080777994295635e-56,1.0884774142400978e-56,1.0962203191098856e-56,1.1040068900480593e-56,1.1118373086807996e-56,1.1197117571179478e-56,1.1276304179535452e-56,1.1355934742663732e-56,1.1436011096204936e-56,1.1516535080657866e-56,1.15975085413849e-56,1.167893332861738e-56,1.1760811297460992e-56,1.1843144307901118e-56,1.1925934224808247e-56,1.2009182917943322e-56,1.20928922619631e-56,1.2177064136425521e-56,1.2261700425795079e-56,1.2346803019448143e-56,1.2432373811678342e-56,1.251841470170189e-56,1.2604927593662926e-56,1.2691914396638882e-56,1.2779377024645785e-56,1.2867317396643599e-56,1.2955737436541562e-56,1.30446390732035e-56,1.3134024240453156e-56,1.32238948770795e-56,1.3314252926842043e-56,1.3405100338476148e-56,1.349643906569834e-56,1.3588271067211605e-56,1.368059830671068e-56,1.3773422752887361e-56,1.3866746379435794e-56,1.3960571165057742e-56,1.4054899093467903e-56,1.4149732153399166e-56,1.4245072338607891e-56,1.434092164787918e-56,1.4437282085032155e-56,1.4534155658925226e-56,1.4631544383461338e-56,1.4729450277593236e-56,1.4827875365328726e-56,1.4926821675735919e-56,1.502629124294848e-56,1.5126286106170887e-56,1.5226808309683631e-56,1.5327859902848503e-56,1.5429442940113784e-56,1.553155948101951e-56,1.563421159020267e-56,1.5737401337402437e-56,1.5841130797465395e-56,1.5945402050350744e-56,1.6050217181135518e-56,1.6155578280019787e-56,1.6261487442331863e-56,1.6367946768533494e-56,1.6474958364225078e-56,1.658252434015085e-56,1.6690646812204044e-56,1.6799327901432136e-56,1.6908569734041965e-56,1.7018374441404964e-56,1.712874416006229e-56,1.7239681031730028e-56,1.735118720330435e-56,1.7463264826866675e-56,1.757591605968883e-56,1.7689143064238226e-56,1.7802948008182977e-56,1.7917333064397094e-56,1.8032300410965582e-56,1.8147852231189633e-56,1.8263990713591716e-56,1.8380718051920762e-56,1.849803644515727e-56,1.861594809751843e-56,1.8734455218463256e-56,1.8853560022697732e-56,1.8973264730179895e-56,1.909357156612496e-56,1.9214482761010432e-56,1.9336000550581231e-56,1.9458127175854776e-56,1.958086488312608e-56,1.970421592397288e-56,1.98281825552607e-56,1.995276703914794e-56,2.007797164309099e-56,2.020379863984929e-56,2.0330250307490414e-56,2.0457328929395143e-56,2.0585036794262575e-56,2.0713376196115107e-56,2.0842349434303614e-56,2.097195881351242e-56,2.1102206643764385e-56,2.1233095240425986e-56,2.1364626924212327e-56,2.149680402119223e-56,2.1629628862793225e-56,2.176310378580665e-56,2.189723113239266e-56,2.2032013250085253e-56,2.2167452491797306e-56,2.230355121582562e-56,2.244031178585592e-56,2.257773657096791e-56,2.271582794564022e-56,2.285458828975551e-56,2.299401998860541e-56,2.3134125432895572e-56,2.327490701875062e-56,2.3416367147719214e-56,2.3558508226778986e-56,2.370133266834158e-56,2.384484289025762e-56,2.398904131582169e-56,2.4133930373777333e-56,2.4279512498322e-56,2.442579012911206e-56,2.4572765711267773e-56,2.472044169537822e-56,2.4868820537506295e-56,2.5017904699193663e-56,2.5167696647465725e-56,2.5318198854836585e-56,2.5469413799313958e-56,2.562134396440414e-56,2.577399183911694e-56,2.5927359917970687e-56,2.6081450700997057e-56,2.623626669374609e-56,2.6391810407291114e-56,2.6548084358233633e-56,2.6705091068708276e-56,2.686283306638773e-56,2.702131288448763e-56,2.7180533061771483e-56,2.73404961425556e-56,2.7501204676713958e-56,2.7662661219683146e-56,2.7824868332467262e-56,2.7987828581642763e-56,2.8151544539363427e-56,2.8316018783365177e-56,2.848125389697102e-56,2.8647252469095906e-56,2.8814017094251615e-56,2.898155037255162e-56,2.9149854909715976e-56,2.931893331707619e-56,2.948878821158008e-56,2.9659422215796635e-56,2.983083795792088e-56,3.000303807177875e-56,3.0176025196831894e-56,3.034980197818259e-56,3.0524371066578523e-56,3.069973511841769e-56,3.087589679575322e-56,3.1052858766298164e-56,3.1230623703430415e-56,3.1409194286197456e-56,3.1588573199321228e-56,3.176876313320294e-56,3.1949766783927917e-56,3.2131586853270363e-56,3.2314226048698237e-56,3.2497687083377995e-56,3.268197267617946e-56,3.286708555168058e-56,3.305302844017225e-56,3.3239804077663103e-56,3.342741520588431e-56,3.361586457229434e-56,3.380515493008379e-56,3.399528903818014e-56,3.4186269661252546e-56,3.4378099569716616e-56,3.457078153973914e-56,3.476431835324297e-56,3.495871279791163e-56,3.5153967667194235e-56,3.5350085760310147e-56,3.5547069882253762e-56,3.574492284379929e-56,3.594364746150546e-56,3.614324655772029e-56,3.6343722960585863e-56,3.6545079504042984e-56,3.674731902783601e-56,3.695044437751751e-56,3.7154458404453057e-56,3.735936396582591e-56,3.756516392464174e-56,3.7771861149733407e-56,3.7979458515765587e-56,3.8187958903239564e-56,3.8397365198497907e-56,3.860768029372916e-56,3.8818907086972605e-56,3.903104848212291e-56,3.924410738893484e-56,3.945808672302797e-56,3.967298940589133e-56,3.9888818364888184e-56,4.0105576533260624e-56,4.0323266850134258e-56,4.054189226052297e-56,4.0761455715333515e-56,4.09819601713702e-56,4.1203408591339625e-56,4.142580394385523e-56,4.164914920344206e-56,4.187344735054137e-56,4.209870137151533e-56,4.232491425865158e-56,4.2552089010168025e-56,4.278022863021737e-56,4.300933612889176e-56,4.32394145222275e-56,4.347046683220962e-56,4.370249608677656e-56,4.393550531982475e-56,4.416949757121328e-56,4.44044758867685e-56,4.464044331828864e-56,4.487740292354846e-56,4.511535776630384e-56,4.535431091629636e-56,4.559426544925796e-56,4.583522444691554e-56,4.607719099699552e-56,4.632016819322849e-56,4.656415913535376e-56,4.6809166929123965e-56,4.7055194686309695e-56,4.730224552470405e-56,4.755032256812719e-56,4.779942894643095e-56,4.804956779550342e-56,4.830074225727351e-56,4.855295547971552e-56,4.880621061685374e-56,4.90605108287669e-56,4.931585928159289e-56,4.957225914753323e-56,4.98297136048576e-56,5.008822583790843e-56,5.034779903710546e-56,5.060843639895028e-56,5.087014112603082e-56,5.113291642702599e-56,5.139676551671008e-56,5.166169161595741e-56,5.1927697951746835e-56,5.219478775716621e-56,5.246296427141698e-56,5.273223073981868e-56,5.300259041381341e-56,5.3274046550970425e-56,5.354660241499062e-56,5.382026127571098e-56,5.409502640910913e-56,5.437090109730789e-56,5.464788862857966e-56,5.4925992297351e-56,5.52052154042071e-56,5.548556125589627e-56,5.576703316533436e-56,5.604963445160935e-56,5.633336843998582e-56,5.661823846190934e-56,5.690424785501098e-56,5.719139996311183e-56,5.747969813622742e-56,5.776914573057217e-56,5.80597461085639e-56,5.835150263882827e-56,5.864441869620319e-56,5.893849766174337e-56,5.923374292272466e-56,5.953015787264854e-56,5.982774591124661e-56,6.012651044448493e-56,6.0426454884568605e-56,6.072758264994602e-56,6.102989716531346e-56,6.133340186161937e-56,6.163810017606898e-56,6.194399555212849e-56,6.225109143952971e-56,6.25593912942743e-56,6.28688985786383e-56,6.317961676117647e-56,6.349154931672674e-56,6.3804699726414585e-56,6.411907147765743e-56,6.443466806416905e-56,6.475149298596399e-56,6.5069549749361905e-56,6.538884186699198e-56,6.570937285779732e-56,6.60311462470393e-56,6.6354165566301975e-56,6.667843435349645e-56,6.700395615286525e-56,1.2206998562747823e-35,5.269585929937657e-35,1.3937753847360158e-34,2.928736300128623e-34,5.369927651454187e-34,8.991760817131762e-34,1.4109921022477668e-33,2.108698452429242e-33,3.033881165143375e-33,4.234182995429671e-33,5.764133860105972e-33,7.686098574325985e-33,1.0071359472600682e-32,1.3001354331660664e-32,1.6569093332357256e-32,2.0880782699636213e-32,2.605768725232345e-32,3.2238269511524817e-32,3.9580649414948474e-32,4.826543625938297e-32,5.849899347528433e-32,7.051720751124855e-32,8.458984481275496e-32,1.0102559604030893e-31,1.2017792480428216e-31,1.4245185990746365e-31,1.683118961844838e-31,1.9829120042491317e-31,2.330023567643199e-31,2.731499317695616e-31,3.195451950364927e-31,3.73123398714124e-31,4.3496410178542965e-31,5.063151256943502e-31,5.886208514574539e-31,6.835557203282154e-31,7.9306398751234e-31,9.194070103363921e-31,1.0652196402421456e-30,1.2335776466486729e-30,1.4280785491321482e-30,1.6529387969660255e-30,1.9131109435468493e-30,2.2144253589656886e-30,2.5637621609596488e-30,2.969260493837378e-30,3.440574140431333e-30,3.989184838347408e-30,4.628787754941387e-30,5.375767578570582e-30,6.24978890773781e-30,7.274531473483601e-30,8.478609771033458e-30,9.896728672589115e-30,1.1571142604472226e-29,1.3553507377637593e-29,1.5907242838273393e-29,1.8370522008534611e-29,2.1720351237236357e-29,2.573739716737652e-29,3.0572793620999174e-29,3.641683533575715e-29,4.351055701211153e-29,5.216119875591375e-29,6.276303026077555e-29,1.2257118073013487e-28,1.385474483790092e-28,1.5850499840314536e-28,1.8359642900205386e-28,2.1536291548645905e-28,2.5588591310468185e-28,3.0800698660212105e-28,3.7565074335225302e-28,4.643062705902164e-28,5.817564085925751e-28,7.39201717331353e-28,9.530256870850345e-28,1.2476246975761543e-27,1.660048654696027e-27,2.247802881971055e-27,3.1023324776284634e-27,4.3730588010145315e-27,6.311741598487405e-27,9.357658840056899e-27,1.4308799813024528e-26,2.268489771791343e-26,3.7548820177740953e-26,6.552225992084985e-26,1.2229055460314075e-25,2.5005296323458866e-25,5.86255122020023e-25,1.7345148135356093e-24,7.825362822264942e-24,6.897507576527097e-23,1.3691613723422431e-21,6.437327642921869e-20,6.969615850611804e-18,4.688305603414932e-17,4.688305603529152e-17,4.6883056035819224e-17,4.688305603682693e-17,4.68830561112022e-17,3.2652886756296906e-14,2.4782874674785982e-12,1.0076329961850743e-10,2.620060856401432e-09,4.2560676720383975e-08,4.025085813058247e-07,2.2287008556194998e-06,7.635951994548885e-06,1.8069709564334233e-05,3.307694435338886e-05,5.0904738317819364e-05,6.965502956962137e-05,8.792610363963538e-05,0.00010493060671183852,0.00014062913334597985,0.00019038554700813277,0.0002503424457302724,0.0003171384237945612,0.00038826011960763036,0.0004618887110553206,0.0005367244854225283,0.0006118471443083647,0.0006866116247157595,0.0007605718964793232,0.0008334256086705721,0.0009049739733664237,0.0009750926990220134,0.0010437109145023608,0.001110795870295291,0.0011763418212754452,0.0012403619417075224,0.0013028824439206678,0.0013639383021965615,0.0014235701485574253,0.0014818220258464509,0.0015387397690190471,0.0015943698473563617,0.0016487585450949984,0.0017019513905251304,0.0017539927673565546,0.0018049256595277184,0.001854791493385627,0.0019036300505516563,0.0019514794317171498,0.0019983760567397254,0.002044354690213698,0.002089448484513563,0.002133689034412494,0.002177106438944886,0.002219729367350826,0.0022615851268120452,0.002302699730339085,0.0023430979636535226,0.0023828034502692166,0.0024218387142431073,0.0024602252402630663,0.0024979835308845603,0.00253513316083269,0.0025716928283617047,0.0026076804037170596,0.0026431129747820615,0.0026780068900151984,0.002712377798799928,0.0027462406893369474,0.002779609924212958,0.0028124992737799874,0.002844921947477162,0.002876890623222828,0.0029084174749998107,0.002939514198750802,0.002970192036694742,0.003000461800168597,0.003030333891092628,0.0030598183221511185,0.003088924735774344,0.0031176624220019054,0.0031460403353020683,0.0031740671104164542,0.0032017510772947197,0.003229100275179192,0.0032561224658951946,0.0032828251463988376,0.0033092155606303767,0.0033353007107177497,0.00336108736757187,0.003386582080912111,0.0034117911887578847,0.0034367208264195442,0.0034613769350197053,0.0034857652695735905,0.003509891406655443,0.003533760751675781,0.0035573785457929255,0.003580749872480319,0.0036038796637700076,0.00362677270619102,0.00364943364642041,0.0036718669966631736,0.003694077139776717,0.0037160683341540108,0.0037378447183789515,0.0037594103156665592,0.003780769038099788,0.0038019246906739025,0.0038228809751589547,0.0038436414937898784,0.0038642097527934855,0.003884589165760852,0.0039047830568730902,0.003924794663988222,0.003944627141596096,0.00396428356364813,0.003983766926268214,0.0040030801503506295,0.004022226084050579,0.004041207505172721,0.004060027123462498,0.004078687582805141,0.004097191463336618,0.00411554128347083,0.00413373950184696,0.004151788519200723,0.004169690680163035,0.004187448274989516,0.004205063541223892,0.004222538665298405,0.004239875784073978,0.004257076986322917,0.00427414431415663,0.004291079764400844,0.004307885289920578,0.004324562800897097,0.004341114166058873,0.004357541213868565,0.004373845733667872,0.004390029476782034,0.004406094157585686,0.004422041454531681,0.004437873011144372,0.004453590436978892,0.004469195308547723,0.004484689170215982,0.004500073535066602,0.004515349885736637,0.004530519675225897,0.00454558432767887,0.004560545239141156,0.0045754037782912505,0.004590161287148717,0.00460481908175964,0.004619378452860194,0.004633840666519249,0.004648206964760671,0.004662478566166206,0.0046766566664595876,0.004690742439072602,0.004704737035693783,0.004718641586800309,0.004732457202173817,0.004746184971400639,0.0047598259643570045,0.004773381231679843,0.004786851805223585,0.004800238698503539,0.004813542907126284,0.0048267654092075,0.0048399071657777544,0.004852969121176553,0.004865952203435176,0.004878857324648574,0.004891685381336743,0.0049044372547959745,0.004917113811440234,0.004929715903133043,0.004942244367510217,0.004954700028293675,0.004967083695596686,0.0049793961662208015,0.004991638223944745,0.005003810639805528,0.005015914172372025,0.005027949568011278,0.005039917561147701,0.005051818874515515,0.00506365421940451,0.005075424295899402,0.005087129793113014,0.005098771389413368,0.005110349752645028,0.005121865540344695,0.00513331939995139,0.005144711969011276,0.005156043875377356,0.005167315737404135,0.005178528164137438,0.005189681755499549,0.005200777102469737,0.005211814787260379,0.005222795383488749,0.005233719456344654,0.005244587562754033,0.005255400251538528,0.005266158063571328,0.0052768615319292176,0.005287511182041078,0.005298107531832833,0.005308651091868991,0.005319142365490882,0.005329581848951685,0.00533997003154827,0.005350307395750069,0.0053605944173249105,0.005370831565462047,0.0053810193028923006,0.005391158086005551,0.005401248364965525,0.005411290583822033,0.005421285180620682,0.005431232587510166,0.0054411332308471035,0.005450987531298665,0.005460795903942874,0.005470558758366721,0.005480276498762157,0.005489949524019985,0.005499578227821742,0.005509162998729585,0.005518704220274258,0.005528202271041182,0.005537657524754719,0.005547070350360654,0.005556441112106927,0.005565770169622681,0.00557505787799566,0.005584304587848005,0.005593510645410438,0.00560267639259496,0.005611802167066057,0.005620888302310395,0.005629935127705161,0.005638942968584968,0.005647912146307428,0.005656842978317393,0.0056657357782099295,0.005674590855792008,0.00568340851714297,0.005692189064673809,0.0057009327971853,0.0057096400099248944,0.005718310994642621,0.005726946039645813,0.005735545429852822,0.005744109446845622,0.005752638368921493,0.005761132471143628,0.005769592025390817,0.005778017300406171,0.0057864085618449,0.005794766072321257,0.005803090091454481,0.005811380875913972,0.005819638679463598,0.005827863753005151,0.005836056344621016,0.0058442166996160415,0.005852345060558653,0.005860441667321178,0.005868506757119477,0.005876540564551808,0.005884543321637011,0.005892515257851999,0.005900456600168552,0.005908367573089488,0.00591624839868412,0.005924099296623183,0.005931920484213024,0.0059397121764292495,0.005947474585949777,0.005955207923187317,0.0059629123963212205,0.005970588211328839,0.005978235572016296,0.005985854680048757,0.0059934457349801505,0.0060010089342823775,0.006008544473374024,0.006016052545648599,0.006023533342502254,0.006030987053361068,0.006038413865707829,0.006045813965108419,0.006053187535237689,0.006060534757904954,0.006067855813079024,0.0060751508789128545,0.00608242013176774,0.006089663746237152,0.006096881895170147,0.006104074749694424,0.006111242479238963,0.006118385251556347,0.00612550323274465,0.006132596587269037,0.006139665477982971,0.006146710066149106,0.0061537305114598,0.006160726972057373,0.006167699604553943,0.006174648564051049,0.006181574004158871,0.006188476077015221,0.006195354933304171,0.00620221072227444,0.006209043591757435,0.006215853688185094,0.006222641156607353,0.006229406140709413,0.006236148782828712,0.006242869223971628,0.006249567603829947,0.006256244060797056,0.006262898731983891,0.006269531753234672,0.006276143259142352,0.006282733383063857,0.0062893022571351015,0.006295850012285756,0.0063023767782538175,0.0063088826835999345,0.006315367855721546,0.006321832420866784,0.0063282765041481745,0.006334700229556176,0.006341103719972437,0.00634748709718294,0.006353850481890905,0.006360193993729512,0.006366517751274442,0.006372821872056252,0.00637910647257253,0.00638537166829991,0.006391617573705909,0.006397844302260563,0.006404051966447934,0.006410240677777453,0.006416410546795036,0.006422561683094145,0.006428694195326608,0.006434808191213311,0.0064409037775547615,0.006446981060241482,0.006453040144264244,0.0064590811337242055,0.006465104131842844,0.006471109240971801,0.006477096562602577,0.006483066197376083,0.00648901824509207,0.00649495280471841,0.006500869974400278,0.006506769851469192,0.006512652532451931,0.006518518113079323,0.006524366688294932,0.00653019835226362,0.0065360131983799785,0.0065418113192766735,0.006547592806832654,0.006553357752181271,0.006559106245718271,0.00656483837710967,0.006570554235299582,0.006576253908517866,0.006581937484287739,0.006587605049433249,0.006593256690086626,0.006598892491695636,0.006604512539030723,0.006610116916192116,0.006615705706616855,0.006621278993085678,0.00662683685772987,0.006632379382037982,0.006637906646862502,0.00664341873242639,0.006648915718329596,0.006654397683555415,0.006659864706476845,0.006665316864862793,0.006670754235884247,0.006676176896120337,0.006681584921564369,0.006686978387629706,0.006692357369155657,0.006697721940413242,0.006703072175110893,0.006708408146400103,0.006713729926880962,0.0067190375886076875,0.006724331203094029,0.006729610841318635,0.006734876573730342,0.006740128470253417,0.006745366600292706,0.006750591032738743,0.006755801835972785,0.006760999077871812,0.006766182825813411,0.006771353146680648,0.0067765101068668785,0.006781653772280474,0.006786784208349511,0.0067919014800264,0.0067970056517924655,0.0068020967876624375,0.006807174951188951,0.006812240205466937,0.006817292613137975,0.006822332236394612,0.006827359136984627,0.006832373376215209,0.0068373750149571455,0.0068423641136489,0.00684734073230071,0.006852304930498551,0.00685725676740814,0.006862196301778848,0.006867123591947551,0.006872038695842496,0.006876941670987064,0.006881832574503505,0.00688671146311666,0.006891578393157583,0.006896433420567206,0.006901276600899858,0.006906107989326835,0.006910927640639868,0.006915735609254601,0.0069205319492139815,0.006925316714191641,0.006930089957495246,0.006934851732069782,0.0069396020905008226,0.006944341085017761,0.006949068767496992,0.006953785189465053,0.006958490402101789,0.006963184456243388,0.0069678674023854565,0.006972539290686042,0.006977200170968595,0.006981850092724939,0.006986489105118188,0.006991117256985629,0.0069957345968415605,0.007000341172880161,0.007004937032978234,0.007009522224698013,0.007014096795289845,0.007018660791694966,0.0070232142605480994,0.007027757248180144,0.007032289800620803,0.0070368119636011325,0.007041323782556135,0.0070458253026272925,0.0070503165686650535,0.00705479762523134,0.007059268516601969,0.007063729286769127,0.007068179979443726,0.007072620638057822,0.007077051305766934,0.00708147202545239,0.007085882839723636,0.007090283790920493,0.007094674921115436,0.007099056272115809,0.007103427885466069,0.007107789802449912,0.007112142064092493,0.007116484711162533,0.007120817784174455,0.0071251413233904895,0.007129455368822725,0.007133759960235178,0.007138055137145827,0.007142340938828628,0.007146617404315504,0.007150884572398305,0.007155142481630787,0.007159391170330522,0.007163630676580815,0.007167861038232624,0.007172082292906384,0.007176294477993905,0.007180497630660211,0.007184691787845323,0.007188876986266092,0.007193053262417975,0.0071972206525767884,0.007201379192800475,0.007205528918930822,0.007209669866595172,0.007213802071208131,0.0072179255679732405,0.007222040391884641,0.007226146577728725,0.007230244160085758,0.00723433317333151,0.007238413651638827,0.007242485628979248,0.007246549139124554,0.007250604215648322,0.007254650891927466,0.007258689201143764,0.007262719176285366,0.007266740850148273,0.007270754255337846,0.0072747594242702435,0.007278756389173895,0.007282745182090916,0.007286725834878557,0.007290698379210603,0.0072946628465787545,0.007298619268294044,0.007302567675488187,0.007306508099114942,0.007310440569951445,0.007314365118599575,0.007318281775487234,0.007322190570869686,0.007326091534830837,0.007329984697284523,0.007333870087975773,0.00733774773648209,0.007341617672214668,0.007345479924419665,0.007349334522179388,0.007353181494413547,0.007357020869880412,0.007360852677178052,0.007364676944745493,0.007368493700863879,0.007372302973657634,0.007376104791095629,0.007379899180992321,0.007383686171008822,0.007387465788654109,0.007391238061286063,0.007395003016112582,0.007398760680192689,0.007402511080437576,0.007406254243611708,0.00740999019633385,0.007413718965078133,0.007417440576175088,0.007421155055812678,0.007424862430037321,0.00742856272475489,0.0074322559657317416,0.00743594217859567,0.00743962138883694,0.007443293621809212,0.007446958902730567,0.007450617256684407,0.007454268708620449,0.007457913283355649,0.007461551005575138,0.007465181899833157,0.007468805990553958,0.007472423302032725,0.007476033858436482,0.007479637683804981,0.007483234802051572,0.007486825236964117,0.0074904090122058205,0.0074939861513161335,0.007497556677711578,0.007501120614686622,0.0075046779854144674,0.00750822881294798,0.007511773120220421,0.007515310930046326,0.007518842265122289,0.007522367148027781,0.007525885601225949,0.007529397647064401,0.007532903307776004,0.007536402605479649,0.007539895562181047,0.007543382199773465,0.00754686254003849,0.007550336604646822,0.007553804415158965,0.0075572659930260066,0.007560721359590338,0.007564170536086382,0.007567613543641317,0.0075710504032758036,0.007574481135904669,0.007577905762337634,0.0075813243032800195,0.007584736779333402,0.007588143210996347,0.007591543618665043,0.007594938022634025,0.007598326443096813,0.007601708900146573,0.007605085413776815,0.007608456003882,0.007611820690258219,0.0076151794926038255,0.007618532430520075,0.007621879523511758,0.007625220790987823,0.00762855625226202,0.007631885926553488,0.007635209832987387,0.007638527990595503,0.007641840418316852,0.007645147134998262,0.007648448159394998,0.007651743510171321,0.007655033205901082,0.007658317265068309,0.00766159570606777,0.007664868547205551,0.0076681358066996155,0.007671397502680375,0.007674653653191226,0.00767790427618913,0.0076811493895451305,0.007684389011044933,0.007687623158389403,0.007690851849195139,0.007694075100994964,0.007697292931238494,0.007700505357292638,0.007703712396442109,0.007706914065889956,0.007710110382758067,0.007713301364087668,0.007716487026839838,0.007719667387896005,0.0077228424640584355,0.007726012272050719,0.007729176828518276,0.007732336150028829,0.0077354902530728745,0.007738639154064176,0.007741782869340215,0.007744921415162685,0.007748054807717942,0.007751183063117461,0.007754306197398296,0.00775742422652356,0.007760537166382838,0.007763645032792659,0.007766747841496934,0.007769845608167389,0.007772938348404023,0.007776026077735525,0.007779108811619695,0.00778218656544391,0.007785259354525513,0.007788327194112246,0.007791390099382668,0.007794448085446582,0.007797501167345421,0.007800549360052677,0.007803592678474306,0.007806631137449122,0.007809664751749214,0.007812693536080306,0.007815717505082202,0.007818736673329139,0.007821751055330188,0.007824760665529633,0.007827765518307373,0.00783076562797927,0.007833761008797556,0.007836751674951202,0.007839737640566261,0.007842718919706277,0.007845695526372622,0.00784866747450488,0.007851634777981184,0.007854597450618594,0.00785755550617345,0.007860508958341717,0.007863457820759338,0.007866402107002589,0.007869341830588412,0.00787227700497477,0.007875207643560976,0.007878133759688053,0.007881055366639024,0.007883972477639303,0.007886885105856984,0.007889793264403188,0.007892696966332385,0.007895596224642707,0.007898491052276293,0.007901381462119586,0.00790426746700366,0.007907149079704533,0.007910026312943477,0.007912899179387341,0.00791576769164883,0.007918631862286854,0.007921491703806786,0.0079243472286608,0.007927198449248142,0.007930045377915456,0.007932888026957043,0.007935726408615203,0.007938560535080486,0.007941390418491987,0.007944216070937643,0.007947037504454517,0.00794985473102909,0.007952667762597513,0.007955476611045922,0.007958281288210682,0.007961081805878697,0.00796387817578766,0.007966670409626305,0.007969458519034751,0.007972242515604673,0.007975022410879645,0.00797779821635537,0.007980569943479936,0.007983337603654099,0.007986101208231535,0.007988860768519087,0.007991616295777026,0.007994367801219314,0.00799711529601384,0.007999858791282679,0.008002598298102343,0.008005333827504027,0.008008065390473839,0.008010792997953079,0.008013516660838433,0.00801623638998226,0.008018952196192796,0.008021664090234408,0.008024372082827826,0.008027076184650385,0.00802977640633624,0.008032472758476608,0.008035165251619998,0.008037853896272438,0.008040538702897696,0.008043219681917511,0.008045896843711818,0.008048570198618949,0.008051239756935896,0.008053905528918482,0.008056567524781618,0.008059225754699481,0.008061880228805772,0.008064530957193889,0.008067177949917168,0.008069821216989067,0.008072460768383407,0.00807509661403456,0.008077728763837635,0.008080357227648736,0.008082982015285126,0.008085603136525427,0.00808822060110985,0.008090834418740365,0.008093444599080915,0.008096051151757615,0.008098654086358938,0.00810125341243592,0.008103849139502337,0.008106441277034929,0.008109029834473548,0.008111614821221386,0.008114196246645134,0.008116774120075198,0.008119348450805851,0.008121919248095459,0.008124486521166624,0.008127050279206396,0.008129610531366434,0.008132167286763203,0.00813472055447814,0.008137270343557844,0.008139816663014237,0.008142359521824759,0.008144898928932531,0.00814743489324652,0.00814996742364174,0.008152496528959387,0.008155022218007043,0.008157544499558815,0.008160063382355521,0.008162578875104859,0.008165090986481573,0.008167599725127594,0.008170105099652243,0.008172607118632356,0.008175105790612478,0.008177601124104998,0.00818009312759033,0.008182581809517059,0.008185067178302101,0.008187549242330859,0.008190028009957395,0.008192503489504548,0.00819497568926413,0.008197444617497064,0.008199910282433524,0.008202372692273082,0.0082048318551849,0.008207287779307832,0.008209740472750601,0.00821218994359193,0.0082146361998807,0.00821707924963609,0.008219519100847734,0.008221955761475833,0.00822438923945135,0.008226819542676091,0.0082292466790229,0.00823167065633577,0.008234091482429994,0.008236509165092292,0.008238923712080968,0.008241335131126024,0.008243743429929328,0.008246148616164711,0.008248550697478135,0.0082509496814878,0.008253345575784311,0.008255738387930775,0.008258128125462947,0.008260514795889365,0.008262898406691482,0.008265278965323785,0.008267656479213929,0.008270030955762859,0.00827240240234494,0.008274770826308125,0.00827713623497398,0.008279498635637903,0.008281858035569216,0.00828421444201128,0.008286567862181618,0.00828891830327206,0.008291265772448835,0.00829361027685271,0.008295951823599101,0.008298290419778196,0.00830062607245507,0.008302958788669802,0.008305288575437603,0.008307615439748919,0.008309939388569545,0.008312260428840769,0.008314578567479431,0.008316893811378102,0.008319206167405136,0.008321515642404824,0.008323822243197497,0.008326125976579628,0.008328426849323934,0.008330724868179519,0.008333020039871951,0.008335312371103375,0.008337601868552648,0.008339888538875394,0.008342172388704182,0.008344453424648563,0.008346731653295218,0.008349007081208037,0.008351279714928252,0.008353549560974513,0.008355816625843013,0.008358080916007558,0.008360342437919714,0.00836260119800888,0.008364857202682385,0.008367110458325604,0.008369360971302049,0.008371608747953467,0.008373853794599944,0.00837609611753999,0.008378335723050669,0.008380572617387639,0.008382806806785317,0.008385038297456916,0.008387267095594567,0.008389493207369425,0.00839171663776555,0.008393937394072813,0.008396155482448549,0.008398370908912546,0.00840058367956151,0.008402793800663595,0.00840500127784198,0.008407206117273953,0.008409408324968174,0.008411607906868736,0.008413804868859337,0.008415999216936379,0.008418190957025354,0.008420380094885813,0.008422566636496664,0.00842475058770632,0.008426931954343365,0.008429110742217735,0.008431286957119314,0.008433460604819195,0.008435631691068868,0.00843780022168766,0.008439966202308425,0.008442129638645277,0.00844429053640142,0.008446448901184471,0.008448604738637896,0.008450758054534706,0.008452908854064516,0.00845505714306218,0.008457202927092546,0.008459346211702188,0.008461487002419596,0.008463625304755045,0.008465761124201181,0.008467894466232318,0.008470025336305018,0.00847215373985834,0.008474279682313304,0.008476403169073476,0.008478524205522005,0.008480642797032764,0.008482758948954552,0.008484872666738785,0.008486983954806666,0.008489092819894567,0.00849119926662028,0.008493303300382124,0.008495404926304101,0.00849750414962228,0.00849960097554088,0.008501695409266912,0.008503787455978561,0.008505877120844328,0.008507964408861115,0.00851004932530766,0.008512131875149374,0.00851421206390323,0.008516289896258791,0.00851836537753372,0.008520438512613778,0.008522509306554443,0.008524577764213594,0.00852664389079223,0.00852870769125692,0.00853076917057847,0.008532828333866036,0.008534885185136887,0.008536939730784135,0.008538991974965115,0.008541041922592306,0.0085430895785762,0.00854513494802553,0.008547178035379799,0.00854921884562535,0.008551257383694305,0.008553293654147568,0.008555327661905292,0.008557359411774596,0.008559388908435018,0.008561416156631111,0.008563441161228137,0.00856546392684085,0.008567484458157089,0.008569502759945707,0.008571518836755183,0.00857353269334387,0.008575544334342006,0.008577553764418147,0.008579560988088717,0.008581566009959163,0.00858356883441493,0.008585569466224317,0.008587567909942705,0.008589564170175795,0.008591558251340399,0.008593550157711037,0.00859553989426791,0.008597527465130943,0.008599512875173389,0.008601496128898186,0.008603477230170705,0.00860545618356798,0.00860743299370423,0.00860940766493822,0.00861138020187587,0.008613350608675914,0.008615318889713942,0.008617285049631888,0.008619249092137972,0.008621211021429749,0.008623170842938194,0.00862512856031502,0.00862708417785762,0.008629037699802864,0.008630989130421499,0.008632938473881049,0.008634885734716274,0.008636830916800432,0.008638774024400128,0.0086407150617255,0.008642654033110393,0.008644590942646546,0.008646525794496243,0.008648458592805773,0.008650389341773944,0.00865231804533014,0.008654244707706454,0.008656169333082038,0.008658091925470407,0.00866001248902887,0.00866193102774738,0.008663847546302787,0.008665762047936202,0.008667674536346275,0.008669585016292017,0.008671493491223772,0.008673399965427528,0.008675304442869855,0.008677206927542484,0.008679107423349437,0.008681005934258967,0.008682902464176977,0.008684797017058444,0.008686689596926048,0.008688580207563383,0.008690468852856304,0.008692355536680872,0.00869424026290155,0.008696123035368847,0.008698003857923544,0.008699882734397755,0.008701759668395174,0.008703634664152216,0.008705507725037519,0.008707378855641419,0.008709248059149965,0.008711115339324556,0.008712980699914363,0.008714844144671635,0.008716705676841404,0.008718565301098255,0.008720423020681297,0.008722278838784847,0.008724132759640874,0.008725984786887563,0.008727834924190058,0.008729683175205564,0.00873152954358412,0.008733374032958745,0.008735216646954246,0.008737057389187914,0.008738896263266831,0.008740733272786832,0.008742568421330102,0.00874440171247272,0.008746233149779176,0.008748062736806074,0.008749890477777907,0.008751716375536362,0.008753540433617521,0.008755362654906965,0.008757183043530745,0.008759001602985208,0.00876081833675722,0.008762633248321676,0.008764446341140444,0.008766257618672977,0.008768067084365748,0.00876987474165291,0.008771680593964376,0.008773484644715173,0.008775286897992384,0.008777087356504969,0.008778886023650716,0.008780682902795224,0.008782477997304729,0.008784271310557413,0.008786062845228175,0.008787852605327016,0.008789640594245043,0.008791426815228612,0.008793211271559345,0.00879499396668003,0.008796774903802896,0.008798554086304984,0.008800331517373645,0.008802107200849214,0.008803881139414957,0.008805653336316572,0.008807423794784452,0.008809192518073114,0.008810959509396542,0.008812724771966093,0.00881448830899237,0.008816250123664441,0.008818010219179424,0.00881976859871018,0.008821525265438914,0.008823280222507628,0.008825033473099302,0.008826785020342143,0.008828534867356488,0.008830283017292032,0.008832029473267998,0.008833774238387842,0.008835517315753074,0.008837258708467298,0.008838998419612056,0.008840736452251079,0.008842472809472233,0.008844207494333988,0.008845940509875229,0.008847671859154681,0.008849401545206463,0.008851129570658683,0.008852855938992835,0.008854580653349414,0.008856303716261718,0.008858025132295961,0.008859744901810624,0.008861463029141611,0.00886317951648569,0.008864894367893271,0.008866607586905,0.008868319174871828,0.00887002913545317,0.00887173747148447,0.008873444186028041,0.008875149281942843,0.008876852762102436,0.00887855462942543,0.008880254886795183,0.008881953537265968,0.008883650583555171,0.00888534602827973,0.008887039874801278,0.008888732124958429,0.008890422782683092,0.00889211185049093,0.008893799331199081,0.008895485227663716,0.008897169542663792,0.00889885227901744,0.008900533439541525,0.008902213027028755,0.008903891044295632,0.008905567494088431,0.008907242379064132,0.008908915702215504,0.00891058746610501,0.008912257673526231,0.008913926327558786,0.008915593430671017,0.008917258985595117,0.008918922994844083,0.008920585461203485,0.008922246387635072,0.008923905776833703,0.008925563631320476,0.008927219953941704,0.008928874747618195,0.008930528014679867,0.008932179757825948,0.008933829979589384,0.008935478682684145,0.008937125870072145,0.008938771544020594,0.008940415707305988,0.008942058362935568,0.008943699512645476,0.0089453391595135,0.008946977306145482,0.008948613955140688,0.008950249109260915,0.008951882771014637,0.00895351494283762,0.008955145627103908,0.008956774826634343,0.008958402543991793,0.008960028781857967,0.008961653542418612,0.008963276828503694,0.00896489864265369,0.008966518987385484,0.008968137865208375,0.008969755278534384,0.008971371229962903,0.008972985721960775,0.008974598757028048,0.008976210337669058,0.008977820466364205,0.008979429145568688,0.00898103637773943,0.008982642165280622,0.008984246510799324,0.008985849416750803,0.008987450885463006,0.008989050919647051,0.008990649521277283,0.00899224669356014,0.008993842437965206,0.008995436757221123,0.008997029653785984,0.008998621130117582,0.009000211188622405,0.009001799831668019,0.009003387061533434,0.009004972881024729,0.009006557292030311,0.00900814029710626,0.009009721898698555,0.009011302099019116,0.009012880900435151,0.009014458305222527,0.009016034315817531,0.009017608934551663,0.009019182163754278,0.009020754005800716,0.009022324462918707,0.009023893537450227,0.009025461231710654,0.009027027547993357,0.00902859248857594,0.009030156055758095,0.009031718251741695,0.009033279078857252,0.009034838539387269,0.009036396635301204,0.009037953369605941,0.009039508744048505,0.009041062760957385,0.009042615422723856,0.009044166731173026,0.009045716688798167,0.009047265297856289,0.009048812560517734,0.009050358478956945,0.00905190305552918,0.009053446292287421,0.009054988191424895,0.009056528754995437,0.009058067985466517,0.009059605885239193,0.009061142456191964,0.00906267770049676,0.009064211620321708,0.009065744217831758,0.009067275495177456,0.009068805454516167,0.009070334097993132,0.009071861427722656,0.009073387445891168,0.009074912154430756,0.009076435555129665,0.009077957651197182,0.00907947844424191,0.009080997935709257,0.009082516128912824,0.009084033024724674,0.009085548626438974,0.009087062934993716,0.009088575953602619,0.009090087683368626,0.009091598127223318,0.009093107286897868,0.009094615164384116,0.009096121761709845,0.009097627080945405,0.009099131123837674,0.009100633893045435,0.009102135390002776,0.009103635617281853,0.009105134576682824,0.009106632270232637,0.009108128700278537,0.00910962386851421,0.00911111777693173,0.00911261042757683,0.009114101822109224,0.009115591962854724,0.009117080851806557,0.009118568491548571,0.00912005488287667,0.009121540028364579,0.009123023930046912,0.00912450658984199,0.009125988009700535,0.009127468191568417,0.009128947137422386,0.009130424849134176,0.009131901328765051,0.00913337657842187,0.009134850600348784,0.009136323395549944,0.00913779496620797,0.009139265314382763,0.009140734442048442,0.009142202351104956,0.009143669043371614,0.009145134520939886,0.009146598785627888,0.009148061839387654,0.009149523684008318,0.009150984321562323,0.009152443753662358,0.009153901982545773,0.009155359009724914,0.009156814837201457,0.009158269467352338,0.009159722900726351,0.009161175140282075,0.009162626187625027,0.009164076044643733,0.009165524713990266,0.009166972195189829,0.00916841849200243,0.009169863605968881,0.009171307538621332,0.009172750291889934,0.009174191867674486,0.009175632267414257,0.009177071493463956,0.00917850954752185,0.009179946431197386,0.009181382146170328,0.009182816694442321,0.009184250078710836,0.009185682299385198,0.009187113358484367,0.009188543258125808,0.009189972000008706,0.00919139958588533,0.009192826017853322,0.009194251297190916,0.009195675425576606,0.009197098405061242,0.009198520237354504,0.009199940924150087,0.009201360467224164,0.009202778868383681,0.00920419612934884,0.00920561225198011,0.009207027237894391,0.009208441088524545,0.009209853805832694,0.009211265391399753,0.009212675847199231,0.009214085174777677,0.009215493375464609,0.009216900451820147,0.009218306405123645,0.009219711237011574,0.009221114949143502,0.009222517543323984,0.009223919021333427,0.0092253193844307,0.009226718634627132,0.009228116774288182,0.00922951380361098,0.009230909724976675,0.009232304539762651,0.009233698250108068,0.00923509085768776,0.009236482363249214,0.009237872769546317,0.009239262078013063,0.00924065028998972,0.009242037407091015,0.009243423431092215,0.00924480836341748,0.009246192206039824,0.009247574960389773,0.009248956628032514,0.00925033721123328,0.009251716710428615,0.009253095127852717,0.00925447246507405,0.009255848722856291,0.009257223904417968,0.009258598010239654,0.009259971042209714,0.009261343001931606,0.009262713891338134,0.009264083711630495,0.009265452464405981,0.009266820151178391,0.009268186773883086,0.009269552333515781,0.009270916831704909,0.009272280270268987,0.009273642650698423,0.009275003974668317,0.009276364243732614,0.009277723460302905,0.009279081623825127,0.009280438737089043,0.009281794801301592,0.009283149818153699,0.009284503789196645,0.009285856715917855,0.009287208599886519,0.009288559442475277,0.009289909245432744,0.009291258010252379,0.00929260573820471,0.009293952431205708,0.009295298089788087,0.009296642716730823,0.009297986313131163,0.009299328880111741,0.009300670419288585,0.009302010932520293,0.009303350420696938,0.009304688885581242,0.009306026328843647,0.009307362751900595,0.009308698155905364,0.00931003254268509,0.00931136591339639,0.009312698269615755,0.009314029612848851,0.009315359944528125,0.009316689266103195,0.009318017579019146,0.009319344884757514,0.009320671184662526,0.00932199647960397,0.009323320772337404,0.009324644063602968,0.0093259663548385,0.009327287647529029,0.009328607943007623,0.00932992724269468,0.009331245548403685,0.009332562860916006,0.009333879181869856,0.009335194512824187,0.009336508854922529,0.009337822209430753,0.009339134578291164,0.009340445962841545,0.009341756364296815,0.009343065784086953,0.00934437422356654,0.009345681683904226,0.009346988166426925,0.00934829367325568,0.009349598205368065,0.009350901764049582,0.00935220435063679,0.009353505966543652,0.009354806613176954,0.009356106291765923,0.009357405003851436,0.009358702750683472,0.009359999533697318,0.009361295354103075,0.009362590213368023,0.009363884112813024,0.009365177053851675,0.009366469037774217,0.009367760065964667,0.009369050139613401,0.00937033926008031,0.009371627428827061,0.009372914647063227,0.009374200916093903,0.009375486237363517,0.009376770612462334,0.009378054042096705,0.00937933652789136,0.009380618071081504,0.009381898672931186,0.009383178334859058,0.009384457058111573,0.009385734844002723,0.009387011693833379,0.009388287608897032,0.009389562590501348,0.009390836640156858,0.009392109758939341,0.00939338194825255,0.00939465320900121,0.009395923542478642,0.009397192950205994,0.0093984614336407,0.009399728993598812,0.009400995631601086,0.00940226134950504,0.00940352614789664,0.009404790027760828,0.009406052990702827,0.009407315037846975,0.009408576170633955,0.009409836390364657,0.009411095697967721,0.009412354094974757,0.009413611582538025,0.009414868162026085,0.009416123834578323,0.009417378601428616,0.009418632463812774,0.009419885422954926,0.009421137480087922,0.009422388636436607,0.009423638893280769,0.00942488825178346,0.009426136713162983,0.00942738427863483,0.009428630949412571,0.009429876726707339,0.009431121611657392,0.009432365605608782,0.00943360870969529,0.009434850925056783,0.009436092252946317,0.009437332694566515,0.009438572251116207,0.009439810923786377,0.00944104871378682,0.009442285622252999,0.009443521650407823,0.00944475679946645,0.009445991070522729,0.00944722446484145,0.009448456983529623,0.009449688627782454,0.009450919398748862,0.009452149297672982,0.009453378325823813,0.009454606484064976,0.009455833773826043,0.009457060196106615,0.009458285752029953,0.009459510442964595,0.009460734269731418,0.009461957233665838,0.009463179335968477,0.009464400577676413,0.009465620960029588,0.00946684048424691,0.009468059151199316,0.00946927696231529,0.009470493918451232,0.009471710021209861,0.009472925271214194,0.009474139669850628,0.009475353218089809,0.009476565917104553,0.009477777767817717,0.009478988771853773,0.009480198929922386,0.00948140824328555,0.009482616713141266,0.00948382434016813,0.009485031126082786,0.009486237071414503,0.009487442177543323,0.00948864644579601,0.009489849876953187,0.009491052472102126,0.00949225423270053,0.009493455159555613,0.009494655253586719,0.009495854516191704,0.00949705294842214,0.00949825055112197,0.009499447325629188,0.009500643272864975,0.009501838394157632,0.009503032690270816,0.009504226162393091,0.009505418811678133,0.0095066106391718,0.009507801645993795,0.009508991833015363,0.009510181201550033,0.009511369752746114,0.00951255748708609,0.009513744406005727,0.009514930510505816,0.009516115801828082,0.00951730028085919,0.009518483948520732,0.009519666805983516,0.009520848854512992,0.009522030094881681,0.009523210528090839,0.009524390155254504,0.009525568977459063,0.009526746995941323,0.009527924211277973,0.009529100624749832,0.009530276237380056,0.00953145105018274,0.009532625064357517,0.009533798280605734,0.009534970700328797,0.009536142324330086,0.009537313153644696,0.009538483189022012,0.009539652431726229,0.009540820882766159,0.00954198854315922,0.009543155413906256,0.009544321496021085,0.00954548679050491,0.009546651299064417,0.00954781502207254,0.009548977959782635,0.009550140113860376,0.009551301485175266,0.009552462075139092,0.009553621884312415,0.009554780914342415,0.009555939164972405,0.009557096637913183,0.009558253334463227,0.009559409255304161,0.00956056440116086,0.009561718773457793,0.009562872372918193,0.009564025200588739,0.009565177257404153,0.009566328544412351,0.009567479062181888,0.009568628812296448,0.00956977779545451,0.00957092601245186,0.00957207346395124,0.00957322015174161,0.009574366076672476,0.009575511238652752,0.009576655640131026,0.009577799281613812,0.009578942163603736,0.009580084287207411,0.00958122565361372,0.009582366263374201,0.009583506117832676,0.009584645217737218,0.009585783563816699,0.009586921157497605,0.009588057999195486,0.009589194090299314,0.009590329431548405,0.009591464023578071,0.009592597867621481,0.009593730964683992,0.009594863315512325,0.009595994920748462,0.009597125782186135,0.009598255900068789,0.009599385275444716,0.00960051390953472,0.009601641802884009,0.009602768956482469,0.009603895371392918,0.009605021048308028,0.009606145988255014,0.009607270192147922,0.009608393660892316,0.009609516395391118,0.009610638396551102,0.009611759665298852,0.009612880202509206,0.009614000009076654,0.009615119085655025,0.009616237433642422,0.009617355053679227,0.00961847194666773,0.009619588113492483,0.009620703554773853,0.009621818271323499,0.009622932264985532,0.009624045536032369,0.009625158085346839,0.009626269913809792,0.009627381022302635,0.00962849141170165,0.009629601082884864,0.009630710036726888,0.00963181827410184,0.009632925795881554,0.009634032602939888,0.009635138696143393,0.009636244076354135,0.009637348744454603,0.009638452701286776,0.009639555947732211,0.00964065848463921,0.009641760312872725,0.009642861433251887,0.009643961846903342,0.009645061554149294,0.009646160556144853,0.00964725885408441,0.009648356447959451,0.009649453339331702,0.009650549528896648,0.0096516450174115,0.009652739805808613,0.009653833895503337,0.009654927286749838,0.009656019979664648,0.009657111976459654,0.009658203277097498,0.009659293883061443,0.00966038379377829,0.009661473011713584,0.009662561536339782,0.009663649369763131,0.009664736511581801,0.009665822963909915,0.009666908726219628,0.009667993800500235,0.009669078186644286,0.009670161886041738,0.009671244899414283,0.009672327227561249,0.009673408871232579,0.009674489831328537,0.009675570108695804,0.00967664970403339,0.009677728618302813,0.009678806852302872,0.009679884406693262,0.009680961282186937,0.009682037479941357,0.009683113000568917,0.009684187845812644,0.009685262014540138,0.00968633550865853,0.009687408328487784,0.009688480475527434,0.009689551950346719,0.00969062275421811,0.009691692886394508,0.00969276234905736,0.009693831142389779,0.00969489926723582,0.009695966724530398,0.00969703351509996,0.00969809963965784,0.009699165098915762,0.009700229894526713,0.009701294026548608,0.009702357495880515,0.009703420302967504,0.009704482447724793,0.009705543932159047,0.009706604756346965,0.009707664921831508,0.009708724429718155,0.009709783279710607,0.00971084147273074,0.009711899009846547,0.009712955891789206,0.00971401211920372,0.009715067693007486,0.00971612261399704,0.009717176882857542,0.009718230501183847,0.009719283468060698,0.009720335784949994,0.009721387452868975,0.009722438472367326,0.009723488844342435,0.009724538569473253,0.009725587648509225,0.009726636082173917,0.009727683871264327,0.009728731016501124,0.009729777518629596,0.009730823378394787,0.009731868596534443,0.00973291317379191,0.009733957111045834,0.009735000408753344,0.009736043067796072,0.009737085088924109,0.009738126472837805,0.009739167220287826,0.009740207332006024,0.009741246808723193,0.009742285651168879,0.009743323860071401,0.009744361436157834,0.00974539838015403,0.009746434692784607,0.009747470374772946,0.00974850542684121,0.009749539849710345,0.00975057364410008,0.009751606810728916,0.009752639350314144,0.00975367126357185,0.009754702551216334,0.009755733213962408,0.009756763252521972,0.009757792667605398,0.009758821459924532,0.009759849630187355,0.009760877179101547,0.0097619041073736,0.00976293041570883,0.009763956104811348,0.009764981175384083,0.009766005628128816,0.009767029463746114,0.009768052682935393,0.009769075286394887,0.009770097274821669,0.009771118648911645,0.009772139409359556,0.009773159556858976,0.00977417909210233,0.009775198015780886,0.00977621632858475,0.009777234031202887,0.009778251124323116,0.009779267608632096,0.009780283484815359,0.00978129875355729,0.009782313415541137,0.009783327471462365,0.009784340922005186,0.009785353768118411,0.009786366009951891,0.00978737764891688,0.009788388684625558,0.00978939911832022,0.009790408951282963,0.009791418182997773,0.009792426815322875,0.009793434848325781,0.009794442282678346,0.00979544911905896,0.009796455358140686,0.009797461000567963,0.009798466047026933,0.009799470498161893,0.009800474354670472,0.009801477617184735,0.009802480286368268,0.009803482362891608,0.009804483847409385,0.009805484740580106,0.009806485043065387,0.009807484755506133,0.009808483878559123,0.009809482412898298,0.009810480359163595,0.009811477717990735,0.009812474490040413,0.009813470675972557,0.009814466276440456,0.009815461292097443,0.00981645572354785,0.009817449571447213,0.009818442836462035,0.009819435519211687,0.009820427620345478,0.00982141914050256,0.00982241008035635,0.009823400440522193,0.009824390221632905,0.009825379424325867,0.009826368049232969,0.009827356096988161,0.009828343567328266,0.009829330462705513,0.009830316782833769,0.009831302527705409,0.009832287699204297,0.009833272297359702,0.009834256322766483,0.009835239776084397,0.009836222657912544,0.009837204968414833,0.009838186708192824,0.009839167879312227,0.009840148480664937,0.00984112851400303,0.009842107978968796,0.009843086876873297,0.009844065208341395,0.009845042973822738,0.009846020173932768,0.009846996809777709,0.009847972881157636,0.00984894838948336,0.009849923334580998,0.00985089771745546,0.009851871538693453,0.009852844799458988,0.009853817499473127,0.00985478963950657,0.009855761220540245,0.009856732242992234,0.009857702707461384,0.009858672614816036,0.009859641965132641,0.009860610759276443,0.00986157899809737,0.00986254668184965,0.009863513811066357,0.009864480386602557,0.009865446408708,0.009866411878360706,0.009867376795818172,0.009868341162518996,0.009869304978212376,0.00987026824371461,0.009871230959890504,0.009872193126900393,0.009873154745218495,0.009874115815291665,0.009875076338124632,0.009876036314397343,0.009876995744420473,0.009877954629462886,0.009878912969513931,0.009879870765096522,0.009880828016746127,0.009881784725104113,0.009882740891084032,0.009883696514655831,0.009884651596989856,0.009885606138441824,0.009886560139350053,0.009887513600765374,0.009888466523005237,0.00988941890665627,0.009890370752299852,0.009891322060226627,0.009892272831538635,0.00989322306654956,0.00989417276582043,0.00989512193001383,0.009896070559509907,0.009897018654962172,0.00989796621695166,0.009898913246022448,0.00989985974274941,0.009900805707691309,0.009901751141462098,0.009902696044512665,0.009903640417471238,0.00990458426079217,0.00990552757514986,0.009906470361141204,0.009907412619265659,0.009908354350674503,0.00990929555488719,0.009910236232718327,0.009911176384891404,0.009912116011923077,0.00991305511447109,0.00991399369295416,0.009914931748083031,0.009915869280019349,0.009916806290354834,0.009917742778394262,0.00991867874517948,0.009919614191265597,0.009920549117691193,0.009921483523878933,0.009922417411001212,0.009923350779577912,0.00992428363011163,0.009925215963095086,0.009926147779147266,0.00992707907880653,0.009928009862610276,0.009928940131095163,0.009929869884797072,0.009930799124251068,0.009931727849991174,0.009932656062550707,0.009933583762462566,0.009934510950258062,0.009935437626468232,0.009936363791610664,0.009937289446323043,0.009938214591053087,0.009939139226404074,0.00994006335274868,0.00994098697011523,0.009941910080185532,0.009942832682809453,0.009943754778611487,0.009944676368078572,0.009945597451726544,0.009946518030138778,0.009947438103791029,0.009948357673109974,0.00994927673776539,0.00995019530022232,0.00995111335947762,0.00995203091708423,0.00995294797303918,0.009953864527857766,0.009954780582054911,0.009955696136143605,0.009956611190636202,0.009957525745905386,0.009958439802602241,0.009959353361236996,0.009960266422318075,0.009961178986493523,0.009962091053994543,0.009963002624984018,0.00996391370044684,0.009964824281378883,0.009965734367191958,0.009966643959043679,0.00996755305805949,0.009968461663886517,0.00996936977767883,0.009970277399305269,0.009971184529247449,0.009972091166462855,0.009972997314851824,0.00997390297277578,0.009974808141684185,0.00997571282027281,0.009976617011174574,0.009977520714059713,0.009978423929413418,0.009979326658399644,0.009980228900858944,0.009981130657331094,0.009982031928196248,0.009982932714054017,0.009983833015339796,0.009984732832542224,0.009985632166082378,0.009986531016517352,0.00998742938434273,0.009988327270043049,0.009989224674086826,0.009990121596978659,0.009991018039204737,0.009991914001219761,0.009992809483661911,0.009993704486725602,0.009994599011031733,0.009995493057088196,0.009996386625334877,0.009997279716316127,0.009998172330426807,0.009999064468198761,0.009999956130511509,0.010000847317610417,0.010001738029049486,0.010002628266109296,0.010003518029145293,0.010004407319304335,0.010005296135959445,0.010006184480001946,0.010007072351940833,0.010007959752286147,0.010008846681467507,0.010009733139974471,0.010010619128275711,0.01001150464684914,0.010012389696223117,0.010013274276712192,0.010014158388871673,0.010015042033228647,0.01001592521009421,0.010016807920393838,0.010017690163839682,0.010018571941294494,0.010019453253056488,0.010020334099822321,0.010021214481962179,0.01002209439989435,0.010022973854053685,0.01002385284493203,0.010024731373541422,0.010025609439216892,0.010026487043195495,0.01002736418503638,0.010028240866444212,0.010029117087698158,0.010029992848767499,0.01003086815016529,0.010031742992403355,0.010032617375926034,0.010033491301185764,0.010034364768632278,0.010035237778787169,0.010036110332035986,0.010036982428819357,0.0100378540695226,0.0100387252545022,0.010039595984589202,0.010040466259935099,0.010041336080155854,0.010042205447243513,0.010043074361189936,0.010043942822031214,0.010044810830534774,0.01004567838721272,0.010046545492285645,0.010047412145863717,0.01004827834906091,0.010049144101672944,0.010050009404658217,0.010050874258491441,0.010051738663440155,0.010052602619798467,0.010053466127752394,0.010054329188474884,0.010055191801573642,0.010056053967819226,0.010056915687831333,0.01005777696279397,0.010058637791881452,0.010059498175929455,0.010060358115375099,0.010061217609840228,0.010062076661484296,0.01006293526956094,0.010063793434853028,0.010064651157841815,0.010065508439329024,0.010066365278947078,0.0100672216771358,0.01006807763458206,0.010068933151776496,0.010069788229048726,0.010070642866940335,0.010071497065862734,0.010072350825235592,0.010073204147147822,0.010074057031337093,0.010074909478256467,0.01007576148803634,0.010076613061414469,0.010077464198797608,0.01007831490043466,0.010079165166663625,0.01008001499816465,0.010080864395244997,0.010081713358320973,0.010082561887173014,0.010083409983459636,0.010084257647008755,0.010085104878216055,0.010085951677484174,0.010086798045237625,0.010087643981890593,0.01008848948792547,0.010089334563510752,0.010090179209266867,0.010091023425766711,0.010091867212949763,0.010092710571598879,0.01009355350205049,0.010094396004619458,0.010095238079596485,0.010096079727766764,0.01009692094922651,0.01009776174462347,0.010098602114128687,0.010099442058305028,0.010100281576808713,0.01010112067133562,0.010101959341678315,0.010102797588216205,0.010103635411668928,0.010104472811860919,0.010105309789422773,0.010106146344844176,0.010106982478482351,0.010107818190684185,0.010108653481948483,0.010109488352622913,0.010110322803384711,0.010111156834338822,0.010111990445341223,0.010112823637616473,0.010113656411391269,0.010114488767123479,0.010115320704733304,0.010116152225094297,0.010116983328244736,0.01011781401504085,0.010118644285036569,0.010119474139424005,0.010120303578336928,0.01012113260219171,0.010121961211323562,0.010122789406151777,0.010123617187060733,0.010124444554275552,0.010125271508086361,0.01012609804956841,0.010126924178345474,0.010127749895492822,0.0101285752004907,0.010129400094891914,0.010130224578366005,0.010131048651392315,0.010131872314444585,0.010132695567720196,0.010133518411695398,0.010134340846751477,0.010135162873266795,0.010135984490448412,0.01013680570102117,0.010137626504194367,0.010138446900343451,0.01013926688876654,0.010140086472007889,0.010140905649444585,0.010141724421282297,0.010142542787269362,0.01014336074927822,0.010144178306830034,0.0101449954603705,0.010145812210353815,0.010146628557090726,0.010147444500037222,0.010148260041323251,0.010149075180502808,0.010149889917929556,0.010150704253886318,0.01015151818874938,0.010152331723037544,0.010153144857083069,0.010153957590510918,0.010154769924953296,0.010155581860326097,0.0101563933966148,0.010157204534024728,0.010158015273713945,0.010158825615621613,0.010159635560115163,0.010160445107904327,0.01016125425911035,0.010162063013182916,0.01016287137164013,0.010163679334838562,0.010164486902527409,0.010165294075675119,0.01016610085471513,0.010166907239655392,0.010167713230082845,0.010168518827955863,0.010169324032946037,0.010170128845277604,0.010170933264928609,0.010171737292723762,0.010172540929192387,0.010173344174078607,0.010174147028018539,0.010174949491902941,0.010175751565545588,0.010176553249349468,0.010177354543780551,0.010178155449051342,0.010178955966003605,0.010179756094210169,0.010180555834305856,0.010181355186347257,0.010182154151440493,0.010182952728979983,0.010183750920757935,0.010184548725903558,0.010185346145244092,0.010186143179031971,0.010186939827546608,0.010187736091111592,0.010188531970287946,0.010189327465443048,0.01019012257654352,0.01019091730429868,0.010191711648978441,0.010192505609928036,0.010193299189193015,0.010194092386318509,0.010194885201747455,0.010195677635838835,0.010196469688742696,0.010197261360657645,0.01019805265245735,0.010198843564203834,0.010199634096175542,0.010200424248558278,0.01020121402215421,0.010202003417053266,0.010202792433664084,0.010203581072621648,0.010204369333583879,0.010205157217250042,0.010205944723889441,0.010206731853823658,0.01020751860748076,0.010208304985305661,0.010209090987432895,0.010209876614231903,0.010210661866059081,0.010211446743111877,0.010212231246025986,0.01021301537494886,0.010213799130308513,0.010214582512792605,0.010215365521839508,0.010216148158259674,0.01021693042236991,0.010217712314524926,0.010218493835089897,0.010219274984302617,0.010220055762363286,0.010220836169942253,0.010221616207231323,0.010222395874141465,0.01022317517176546,0.010223954099962029,0.010224732658891483,0.010225510849524333,0.01022628867184791,0.010227066126110343,0.010227843212632913,0.010228619931605317,0.010229396283717211,0.010230172269289626,0.010230947888303464,0.01023172314118751,0.010232498028345536,0.01023327255004687,0.010234046706717086,0.010234820498583267,0.010235593925978786,0.010236366989190254,0.010237139688612496,0.010237912024484017,0.010238683997192778,0.010239455607069266,0.01024022685431309,0.010240997739427082,0.010241768262601503,0.01024253842399859,0.010243308224336783,0.010244077663677431,0.01024484674234691,0.010245615460674835,0.010246383819050435,0.010247151817823166,0.010247919457135829,0.010248686737435517,0.010249453658947055,0.010250220222036496,0.010250986426956982,0.010251752274129304,0.01025251776384276,0.010253282896359255,0.01025404767192708,0.010254812091025836,0.01025557615377941,0.010256339860687823,0.010257103211924284,0.010257866207840373,0.010258628848663628,0.010259391134893978,0.010260153066751706,0.01026091464461317,0.01026167586858778,0.010262436739089924,0.010263197256388162,0.010263957420813576,0.010264717232769357,0.010265476692479797,0.01026623580019853,0.010266994556523228,0.01026775296135403,0.010268511015384106,0.01026926871835184,0.010270026071010662,0.010270783073898834,0.010271539726631765,0.01027229602987863,0.010273051983846584,0.010273807589056707,0.010274562845655323,0.010275317753948712,0.01027607231404333,0.010276826527373283,0.010277580392472108,0.010278333910461573,0.010279087081693832,0.010279839906366136,0.010280592384874401,0.010281344517418883,0.010282096304444446,0.010282847746077427,0.010283598842678529,0.010284349594816642,0.010285100002294855,0.010285850065641356,0.010286599785115565,0.010287349161133242,0.0102880981939218,0.010288846883669253,0.01028959523075708,0.010290343235683088,0.010291090898841775,0.010291838219839916,0.010292585199228732,0.01029333183730431,0.010294078134768032,0.010294824091422992,0.010295569707775008,0.010296314984691574,0.010297059921241141,0.010297804518384754,0.010298548776500294,0.010299292695546207,0.010300036276330504,0.010300779518498022,0.010301522422660307,0.010302264989301462,0.010303007218345556,0.010303749110291081,0.01030449066533159,0.010305231883719618,0.010305972765799459,0.010306713312022799,0.010307453522366453,0.010308193397207309,0.010308932936954554,0.010309672141829682,0.01031041101218559,0.010311149548180326,0.010311887750136195,0.010312625618446388,0.010313363153199775,0.01031410035477704,0.010314837223483423,0.010315573759641483,0.01031630996361714,0.01031704583543106,0.010317781375433464,0.01031851658410308,0.01031925146131333,0.010319986007684514,0.01032072022337866,0.010321454108790536,0.010322187664011441,0.010322920889315995,0.01032365378504017,0.010324386351515794,0.010325118589035127,0.010325850497997717,0.010326582078330355,0.01032731333067432,0.010328044255166712,0.010328774851830853,0.010329505121096826,0.01033023506340638,0.010330964678760414,0.010331693967723831,0.010332422930294584,0.010333151566967421,0.010333879878070513,0.010334607863860526,0.010335335524296689,0.010336062859845807,0.010336789870828252,0.010337516557466057,0.010338242919904058,0.010338968958596612,0.010339694673759394,0.0103404200656534,0.010341145134613795,0.010341869880716779,0.010342594304408825,0.010343318405866005,0.01034404218543452,0.010344765643416208,0.010345488779869202,0.010346211595288464,0.01034693408975738,0.010347656263696832,0.010348378117244482,0.010349099650746032,0.010349820864660098,0.010350541758813142,0.010351262333705218,0.010351982589585482,0.010352702526766974,0.010353422145460504,0.010354141446137222,0.010354860428696797,0.010355579093570943,0.01035629744111601,0.01035701547144313,0.010357733184759226,0.010358450581484269,0.01035916766188291,0.010359884426073147,0.01036060087448282,0.010361317007223314,0.010362032824604784,0.010362748326889661,0.010363463514352798,0.010364178387264538,0.01036489294588478,0.010365607190409817,0.010366321121189282,0.01036703473852444,0.010367748042509835,0.010368461033439458,0.01036917371161195,0.010369886077341326,0.01037059813075654,0.010371309872175187,0.010372021301863906,0.01037273241997036,0.010373443227029024,0.010374153723018788,0.01037486390831563,0.010375573783121822,0.01037628334773128,0.010376992602377821,0.010377701547543267,0.010378410183011952,0.01037911850937374,0.010379826526823474,0.01038053423543671,0.010381241635631925,0.010381948727508564,0.01038265551157759,0.010383361987925312,0.01038406815680474,0.010384774018400933,0.010385479573205023,0.010386184821254212,0.010386889762927357,0.010387594398313299,0.010388298727812566,0.010389002751559656,0.010389706469851925,0.010390409882925262,0.010391112991059027,0.010391815794828107,0.010392518293919534,0.01039322048831833,0.010393922378286223,0.010394623965276108,0.010395325248781877,0.010396026229058204,0.010396726906405711,0.010397427280933898,0.010398127353001756,0.010398827122765832,0.010399526590724007,0.010400225756678394,0.010400924621094182,0.010401623184191737,0.01040232144613877,0.010403019407410603,0.010403717068115605,0.010404414428496168,0.010405111488813488,0.010405808249296279,0.010406504710157482,0.010407200871660863,0.010407896734071198,0.010408592297747961,0.010409287562607837,0.010409982528653407,0.010410677196945009,0.010411371567341371,0.010412065640019912,0.010412759415287182,0.010413452893498243,0.010414146074592186,0.010414838958894402,0.010415531546731506,0.010416223838340276,0.010416915833912549,0.010417607533725113,0.010418298937944881,0.010418990046907321,0.010419680860747235,0.01042037137975975,0.01042106160413976,0.010421751534149584,0.010422441170020882,0.010423130511978873,0.010423819560211905,0.010424508315036746,0.010425196776677241,0.010425884945354569,0.010426572821052275,0.010427260404413089,0.010427947695452076,0.01042863469447853,0.01042932140163294,0.010430007817227872,0.01043069394164609,0.0104313797748112,0.010432065317085019,0.010432750568691912,0.010433435529940084,0.010434120201339572,0.010434804582197555,0.010435488673709845,0.010436172476357643,0.010436855988856152,0.010437539212236434,0.01043822214681873,0.010438904792793484,0.010439587150821366,0.01044026922031315,0.010440951001874338,0.010441632495725814,0.01044231370204491,0.01044299462112821,0.0104436752532638,0.010444355598517517,0.010445035657335953,0.010445715429695142,0.010446394915546865,0.010447074116027152,0.010447753030977523,0.010448431660334401,0.010449110004523032,0.010449788063866523,0.010450465838243942,0.010451143328076706,0.010451820533572395,0.010452497454959632,0.010453174092671706,0.010453850446512205,0.010454526516925675,0.010455202304120077,0.010455877808289675,0.010456553029819236,0.010457227968723252,0.01045790262531204,0.01045857699978466,0.010459251092306384,0.010459924903048251,0.010460598432479045,0.010461271680695347,0.010461944647884474,0.010462617334685875,0.010463289740490702,0.010463961865967838,0.010464633711501487,0.010465305277469451,0.010465976563178976,0.010466647568829646,0.010467318295926559,0.01046798874384222,0.010468658912916918,0.010469328803414791,0.01046999841546317,0.010470667749182384,0.010471336805073414,0.010472005583138945,0.010472674084175123,0.010473342307437435,0.010474010253488954,0.010474677922729618,0.010475345315259796,0.010476012431356362,0.01047667927083024,0.010477345834008016,0.01047801212192691,0.010478678134252191,0.010479343871281212,0.010480009333032739,0.010480674519364535,0.010481339430840531,0.01048200406809472,0.010482668431085654,0.010483332519988751,0.010483996334987665,0.010484659876385352,0.010485323144446099,0.010485986138880372,0.010486648860189431,0.010487311308690175,0.010487973484528535,0.010488635387901176,0.010489297019002987,0.010489958378030184,0.01049061946467642,0.010491280279383914,0.010491940823663753,0.010492601096696716,0.010493261098518896,0.010493920829568112,0.010494580290219529,0.010495239480496167,0.010495898400720452,0.010496557050826591,0.010497215431173438,0.010497873541985404,0.010498531383438585,0.010499188955763029,0.010499846259256922,0.010500503294026436,0.010501160060153569,0.010501816557957849,0.010502472787643538,0.010503128749413974,0.010503784443473461,0.010504439870824563,0.010505095030074676,0.01050574992154738,0.010506404546618674,0.010507058904871719,0.010507712996999695,0.010508366822816364,0.010509020382548659,0.010509673676329781,0.010510326704381533,0.010510979466937083,0.010511631964269536,0.01051228419652273,0.010512936163868777,0.010513587866727066,0.010514239304685709,0.01051489047891967,0.010515541388764893,0.010516192035290308,0.010516842417571321,0.010517492536135983,0.010518142391416796,0.010518791983373424,0.010519441311514326,0.010520090377765266,0.010520739182176221,0.010521387724249924,0.010522036004320516,0.010522684022771091,0.010523331778932712,0.010523979273821196,0.010524626507385544,0.0105252734798546,0.010525920191355093,0.010526566641984344,0.010527212832240234,0.010527858762213477,0.010528504432147857,0.010529149842043726,0.01052979499210905,0.010530439882474698,0.010531084513727333,0.010531728885819847,0.010532372998764958,0.010533016853793856,0.010533660449571807,0.010534303786959544,0.010534946866246066,0.010535589687486179,0.010536232251445735,0.01053687455730734,0.010537516605573323,0.01053815839780855,0.010538799931908316,0.01053944121015721,0.010540082230758483,0.01054072299494627,0.01054136350276118,0.010542003754641446,0.010542643750358967,0.010543283490425005,0.010543922974999469,0.010544562204338498,0.010545201178509236,0.01054583989783324,0.010546478362370834,0.010547116572430086,0.010547754528039788,0.010548392229466347,0.010549029676890403,0.010549666869476884,0.010550303809264337,0.010550940496211499,0.010551576929562302,0.01055221310986636,0.01055284903733186,0.010553484712147879,0.010554120133184965,0.010554755303135675,0.010555390220966302,0.010556024886770453,0.010556659300279563,0.010557293462864473,0.010557927374114776,0.010558561035417253,0.010559194444252984,0.010559827602444522,0.010560460510007046,0.010561093167501725,0.010561725574342451,0.010562357730896631,0.010562989638277055,0.010563621295551703,0.010564252702545756,0.01056488386073453,0.010565514769841178,0.010566145429967096,0.010566775841330686,0.01056740600414177,0.010568035918419824,0.010568665584453239,0.010569295002405993,0.010569924172485343,0.0105705530948603,0.010571181769585209,0.010571810196975751,0.010572438377313288,0.010573066310654418,0.010573693997279797,0.01057432143723746,0.010574948630760054,0.010575575578019969,0.010576202279202312,0.010576828734484215,0.010577454944050576,0.010578080908034538,0.010578706626847343,0.010579332100304772,0.01057995732896156,0.010580582312629988,0.010581207052092666,0.010581831546360502,0.010582455796998675,0.010583079803149,0.010583703565369607,0.010584327083834413,0.010584950358610536,0.010585573390087049,0.010586196177896447,0.01058681872310583,0.010587441025793455,0.010588063084953222,0.010588684901898819,0.0105893064766788,0.010589927809328459,0.01059054889996137,0.01059116974880735,0.010591790355962928,0.010592410721712684,0.01059303084611055,0.010593650729416601,0.010594270371760566,0.010594889773346945,0.010595508934328784,0.010596127854808412,0.010596746535091657,0.010597364974682113,0.010597983174988744,0.010598601135603037,0.010599218856890294,0.010599836338488013,0.010600453580906102,0.01060107058437107,0.010601687348855283,0.010602303874745115,0.0106029201621112,0.01060353621057237,0.01060415202152393,0.0106047675942009,0.010605382929207983,0.010605998026359071,0.010606612886129562,0.010607227507892203,0.010607841893484323,0.010608456041794697,0.010609069953366867,0.010609683628295214,0.010610297066681575,0.010610910268815813,0.010611523234767679,0.010612135964784422,0.010612748459088597,0.010613360717652832,0.010613972740755635,0.01061458452859912,0.010615196081325686,0.010615807399069171,0.010616418482056654,0.010617029330422122,0.010617639944344589,0.010618250324012458,0.010618860469495816,0.010619470381067201,0.010620080058856002,0.010620689503028687,0.010621298713809913,0.010621907691254057,0.010622516435744427,0.010623124947161732,0.010623733225752665,0.010624341271763245,0.010624949085265713,0.01062555666656691,0.010626164015675062,0.010626771132878294,0.010627378018272692,0.010627984672042783,0.010628591094242662,0.010629197285237259,0.010629803245062835,0.010630408973966294,0.010631014472064665,0.010631619739205829,0.010632224776049375,0.010632829582644016,0.010633434159115343,0.01063403850560768,0.010634642622183863,0.01063524650934828,0.010635850166830671,0.010636453594988219,0.010637056793821606,0.010637659763782765,0.01063826250485075,0.010638865017270386,0.01063946730111895,0.010640069356592318,0.01064067118386453,0.010641272783086854,0.010641874154402856,0.010642475297287768,0.010643076213405791,0.010643676902027617,0.010644277363418424,0.010644877597557318,0.01064547760477037,0.01064607738540299,0.010646676939434427,0.010647276266946561,0.010647875368060956,0.010648474243032717,0.010649072892029265,0.010649671315303116,0.010650269512828076,0.010650867485063439,0.01065146523183273,0.010652062753529855,0.010652660050049613,0.010653257121609892,0.010653853968525633,0.01065445059093837,0.01065504698887482,0.010655643162587266,0.0106562391122609,0.010656834838016986,0.010657430339843744,0.0106580256181319,0.010658620673031681,0.010659215504621072,0.010659810112976559,0.010660404498395086,0.010660998660939414,0.010661592600857599,0.010662186318226298,0.010662779813243822,0.010663373085992418,0.010663966136706565,0.010664558965512867,0.010665151572562523,0.01066574395805778,0.010666336122012636,0.010666928064764391,0.010667519786302431,0.010668111286760974,0.010668702566481978,0.01066929362550188,0.01066988446401702,0.01067047508243461,0.01067106548043985,0.010671655658192216,0.010672245616284012,0.010672835354321637,0.010673424872976763,0.010674014171358315,0.010674603251205006,0.010675192112009579,0.010675780753285433,0.010676369176264359,0.010676957380416883,0.010677545366034791,0.0106781331332364,0.010678720682586493,0.010679308013380252,0.010679895126361609,0.010680482021463636,0.010681068698928427,0.010681655158887597,0.010682241401983435,0.010682827427395616,0.0106834132357585,0.01068399882722089,0.010684584202025867,0.01068516936013606,0.010685754301887394,0.010686339027281022,0.010686923536478675,0.010687507829669204,0.01068809190700078,0.010688675768619885,0.010689259414677488,0.010689842845324454,0.010690426060718315,0.010691009060974123,0.010691591846235105,0.010692174416543389,0.010692756772340961,0.010693338913646825,0.010693920840544456,0.010694502553337705,0.010695084051868918,0.010695665336477197,0.010696246407184194,0.010696827264426417,0.010697407907696086,0.010697988337685758,0.010698568554740318,0.010699148558709523,0.010699728349801426,0.010700307928182232,0.01070088729376248,0.010701466446937962,0.010702045387837188,0.0107026241164545,0.010703202633001266,0.01070378093764255,0.010704359030545825,0.010704936911800831,0.010705514581570652,0.010706092039607366,0.010706669286846956,0.010707246323365812,0.010707823148723317,0.010708399763262343,0.010708976166114015,0.010709552359474118,0.010710128342642572,0.010710704115204311,0.010711279678128174,0.01071185503106576,0.01071243017424232,0.010713005107351552,0.010713579831592124,0.010714154346367267,0.010714728651997026,0.010715302748617676,0.010715876636205657,0.010716450315181543,0.010717023785404288,0.010717597047091236,0.01071817010044078,0.010718742945543465,0.010719315582122519,0.010719888011002316,0.010720460232308604,0.010721032246127407,0.010721604053127508,0.010722175652128614,0.010722747043673316,0.010723318228122218,0.010723889205618948,0.010724459976312438,0.010725030540326997,0.010725600897716982,0.010726171048793351,0.010726740993573798,0.010727310732235117,0.010727880265199349,0.01072844959229545,0.01072901871368885,0.010729587629497219,0.010730156339866957,0.010730724844952634,0.01073129314478921,0.010731861239694059,0.010732429129474955,0.010732996814598533,0.01073356429522651,0.010734131571126022,0.0107346986428609,0.010735265510277633,0.01073583217402564,0.010736398633561326,0.01073696488969995,0.010737530942265476,0.010738096791184419,0.01073866243659611,0.010739227878652051,0.010739793117502828,0.010740358153319668,0.010740922986433433,0.010741487616791154,0.010742052044582305,0.010742616269930401,0.010743180292908232,0.010743744113725551,0.010744307732577686,0.010744871149570116,0.010745434364776594,0.010745997378354442,0.0107465601904148,0.010747122801244176,0.01074768521074674,0.010748247419167491,0.010748809426402526,0.010749371233036892,0.010749932838981329,0.010750494243698188,0.010751055448657707,0.010751616453378424,0.010752177257871795,0.010752737862352488,0.010753298266926099,0.010753858471239094,0.010754418476509776,0.010754978282233076,0.010755537888577455,0.010756097295879351,0.010756656503800626,0.01075721551282845,0.010757774322924251,0.01075833293438678,0.01075889134756969,0.01075944956187455,0.010760007577998354,0.010760565395927428,0.010761123016108263,0.010761680437948446,0.010762237662138532,0.01076279468845502,0.010763351517396876,0.010763908148994757,0.010764464583283471,0.010765020820436767,0.010765576860575023,0.0107661327038122,0.010766688350592074,0.01076724380041848,0.010767799053789506,0.01076835411065519,0.01076890897141252,0.010769463636052452,0.010770018104716556,0.010770572377494443,0.010771126454539303,0.01077168033625428,0.010772234022270217,0.010772787513229704,0.010773340808684537,0.010773893909039215,0.010774446814420798,0.010774999524988867,0.010775552041149262,0.01077610436216573,0.010776656489000488,0.010777208421542171,0.010777760159867773,0.010778311704123158,0.010778863054451594,0.010779414210914225,0.010779965174035604,0.01078051594327806,0.010781066518900796,0.010781616901382067,0.01078216709076245,0.010782717086855943,0.010783266890164933,0.010783816500908486,0.010784365918655264,0.010784915143909663,0.010785464176728049,0.010786013017236853,0.010786561665559058,0.010787110121838368,0.010787658386172525,0.01078820645865274,0.01078875433928206,0.010789302028318803,0.010789849526063409,0.010790396832580942,0.010790943947841167,0.010791490872063386,0.010792037605308032,0.010792584147809797,0.010793130499616495,0.010793676660852843,0.010794222630709305,0.010794768411180254,0.010795314001442513,0.010795859401941364,0.010796404612473451,0.010796949633176811,0.01079749446417079,0.010798039105568891,0.010798583557503821,0.010799127819778334,0.010799671893142468,0.010800215777102752,0.010800759472071916,0.010801302978114635,0.010801846295488053,0.010802389424236081,0.010802932364495222,0.010803475116401565,0.010804017680276091,0.010804560055868216,0.010805102243452382,0.010805644243084594,0.010806186054948224,0.010806727680292177,0.010807269116920011,0.010807810366110442,0.01080835142811128,0.01080889230294704,0.010809432990682044,0.010809973491493652,0.010810513805329212,0.010811053932600055,0.010811593873305375,0.010812133627708624,0.010812673195627556,0.0108132125772241,0.010813751772971704,0.010814290782729637,0.010814829606562474,0.01081536824477921,0.010815906697401833,0.010816444964659932,0.010816983046344701,0.010817520942731156,0.010818058654013953,0.010818596180222646,0.010819133521584121,0.010819670678140896,0.010820207650033565,0.010820744437391068,0.010821281040420532,0.01082181745902861,0.010822353693457467,0.010822889743754885,0.010823425610119487,0.01082396129262195,0.010824496791449575,0.010825032106604831,0.010825567238515651,0.010826102186848935,0.010826636951927525,0.01082717153406103,0.010827705932949142,0.010828240148915116,0.01082877418229757,0.010829308032983471,0.010829841700910794,0.01083037518656548,0.010830908489857616,0.010831441610936597,0.010831974549901223,0.010832507306873632,0.010833039881989383,0.010833572275311195,0.010834104486764593,0.010834636516690624,0.010835168365189501,0.010835700032394913,0.010836231518401632,0.010836762823343574,0.010837293947315505,0.010837824890441357,0.01083835565283514,0.01083888623461075,0.010839416635882117,0.01083994685676283,0.01084047689736657,0.010841006757806861,0.010841536438197087,0.010842065938650577,0.010842595259280467,0.01084312440026383,0.01084365336154988,0.010844182143352832,0.010844710745949811,0.010845239168897665,0.010845767412902708,0.010846295477908436,0.010846823363847444,0.010847351070838758,0.01084787859940695,0.01084840594948221,0.010848933121154187,0.0108494601142447,0.010849986929005252,0.010850513565590756,0.010851040024302294,0.010851566305095152,0.010852092408170253,0.010852618333595921,0.010853144081322355,0.01085366965150942,0.010854195044525726,0.010854720260199794,0.010855245298707392,0.010855770160199247,0.010856294844775573,0.01085681935309057,0.010857343684651953,0.010857867839135357,0.010858391817733591,0.010858915620013794,0.010859439245606173,0.010859962694937678,0.010860485968139117,0.010861009065419409,0.010861531986910412,0.010862054732902601,0.010862577302977953,0.010863099697579702,0.01086362191690282,0.010864143960945455,0.01086466582979232,0.010865187523702484,0.0108657090425183,0.01086623038747595,0.010866751556865048,0.010867272551553467,0.010867793371737619,0.010868314017647363,0.01086883448883635,0.010869354786062432,0.01086987490916143,0.010870394858114188,0.010870914633498504,0.01087143423498394,0.01087195366269995,0.010872472916969472,0.01087299199773486,0.010873510905168731,0.010874029639417894,0.010874548200546213,0.010875066588945048,0.010875584804183821,0.010876102846889365,0.01087662071690991,0.010877138413988262,0.010877655938510809,0.010878173291071642,0.010878690471559562,0.010879207479521091,0.010879724315616459,0.01088024097976797,0.01088075747208201,0.010881273792663012,0.01088178994161955,0.01088230591906504,0.010882821725047518,0.010883337359721482,0.010883852823192455,0.010884368115565243,0.010884883236979318,0.010885398187505321,0.010885912967217823,0.010886427576260915,0.010886942014855018,0.010887456282835767,0.010887970380476956,0.010888484307834524,0.010888998065034404,0.010889511652207723,0.010890025069447223,0.010890538316844132,0.010891051394524346,0.010891564302454942,0.010892077040943,0.01089258960999413,0.010893102009704487,0.010893614240230803,0.010894126301612692,0.010894638193949176,0.010895149917489928,0.01089566147214254,0.010896172858120301,0.010896684075538506,0.010897195124414623,0.010897706004920437,0.0108982167170702,0.010898727261556072,0.010899237637401577,0.010899747845235667,0.010900257885410014,0.010900767757615967,0.010901277462164531,0.010901786998730026,0.010902296368327853,0.010902805570487716,0.010903314605330379,0.010903823473001407,0.010904332173602248,0.010904840707233446,0.010905349073988265,0.010905857273977785,0.010906365307296991,0.010906873174052116,0.010907380874344303,0.010907888408268854,0.010908395775931843,0.010908902977459467,0.01090941001290803,0.010909916882405725,0.010910423585984643,0.010910930123846916,0.010911436496057133,0.01091194270270839,0.010912448743906431,0.01091295461974765,0.010913460330539967,0.010913965875965865,0.010914471256420144,0.010914976472036894,0.01091548152275285,0.010915986408559864,0.010916491129706843,0.01091699568628264,0.010917500078395865,0.010918004306147698,0.010918508369625915,0.010919012268968064,0.010919516004234839,0.01092001957553663,0.010920522982907112,0.010921026226141524,0.01092152930596318,0.01092203222240816,0.01092253497538718,0.01092303756483684,0.010923539991188821,0.01092404225506463,0.010924544355089027,0.010925046292229722,0.010925548066383286,0.010926049677735777,0.010926551126350428,0.010927052412421942,0.010927553536006504,0.010928054497208082,0.010928555296090875,0.010929055932757918,0.010929556407329398,0.01093005671986621,0.010930556870847848,0.010931056859670272,0.010931556686782713,0.01093205635226903,0.010932555856236096,0.010933055199463996,0.010933554380752341,0.010934053400717174,0.010934552259536866,0.010935050957313975,0.010935549494145004,0.01093604787012472,0.010936546085295009,0.010937044139328592,0.010937542033239019,0.01093803976681306,0.010938537339989842,0.010939034752769456,0.010939532005461867,0.010940029098059705,0.010940526030611873,0.010941022803533042,0.010941519416436693,0.010942015869576285,0.01094251216314891,0.010943008297198053,0.010943504271827524,0.010944000087131613,0.010944495743203324,0.010944991240156481,0.010945486578082482,0.010945981757057834,0.010946476777181219,0.01094697163871953,0.010947466341583062,0.010947960885854173,0.010948455271665427,0.010948949499068505,0.01094944356801087,0.010949937478316614,0.010950431230947487,0.010950924825619364,0.010951418262357003,0.010951911541243838,0.010952404662396886,0.010952897625922732,0.010953390431458333,0.01095388307987299,0.010954375570917852,0.010954867904748797,0.010955360081163832,0.0109558521007854,0.010956343963439542,0.010956835669197003,0.010957327218131837,0.010957818610439651,0.010958309846064542,0.01095880092516321,0.010959291847877304,0.010959782614044573,0.010960273224116772,0.01096076367783629,0.010961253975739759,0.010961744117609333,0.010962234103517219,0.010962723933290421,0.010963213607785424,0.010963703126954404,0.010964192490642524,0.010964681698971161,0.010965170752457313,0.010965659650056393,0.01096614839322396,0.010966636980376502,0.010967125413098217,0.010967613690399189,0.010968101812910594,0.010968589780723655,0.010969077593965577,0.010969565253261628,0.010970052758036308,0.010970540107958816,0.010971027303632879,0.010971514345135153,0.010972001232622612,0.010972487966460692,0.010972974546002079,0.010973460971584208,0.010973947243405141,0.010974433361474155,0.01097491932650042,0.010975405138045267,0.010975890796163072,0.010976376301030781,0.010976861652763806,0.010977346851408812,0.010977831897080074,0.010978316789821606,0.010978801529755165,0.010979286116963931,0.010979770551514416,0.010980254833612698,0.01098073896336609,0.01098122294056666,0.010981706765576246,0.010982190438258889,0.0109826739588865,0.0109831573274562,0.010983640543907873,0.010984123608725669,0.010984606521957437,0.010985089283389055,0.010985571893254732,0.010986054351592991,0.010986536658551562,0.010987018814288705,0.010987500818765896,0.010987982672030336,0.010988464374244397,0.010988945925520632,0.010989427325897843,0.010989908575609709,0.010990389674510936,0.010990870622786269,0.010991351420561759,0.01099183206820757,0.010992312565193226,0.010992792911985337,0.010993273108606566,0.010993753155054832,0.010994233051468915,0.01099471279797014,0.010995192394589366,0.010995671841505001,0.010996151138854287,0.010996630286571808,0.010997109284808243,0.01099758813362095,0.01099806683309809,0.010998545383338639,0.010999023784451238,0.010999502036506044,0.010999980139579184,0.011000458094023991,0.011000935899409097,0.01100141355620266,0.01100189106425414,0.011002368423758055,0.011002845634802094,0.011003322697406196,0.011003799611547502,0.011004276377465573,0.01100475299557295,0.01100522946563161,0.011005705787765208,0.011006181961987884,0.01100665798840881,0.011007133867174014,0.011007609598296109,0.011008085182079871,0.011008560618216433,0.011009035907004784,0.011009511048519929,0.011009986043075957,0.011010460890317656,0.011010935590644358,0.011011410143893773,0.011011884550306541,0.011012358809917376,0.011012832922842717,0.01101330688920197,0.011013780708037737,0.011014254381449071,0.011014727908509379,0.011015201289634702,0.011015674524244325,0.011016147612744507,0.011016620555170525,0.011017093351724749,0.011017566002423707,0.01101803850735811,0.01101851086659309,0.011018983080112264,0.011019455148253131,0.011019927070945193,0.011020398848387626,0.011020870480459204,0.01102134196734267,0.01102181330910867,0.011022284505850155,0.0110227555576514,0.011023226464600197,0.011023697226750891,0.011024167844216242,0.011024638317048035,0.011025108645530437,0.011025578829393584,0.011026048868895612,0.011026518764119846,0.011026988515154207,0.011027458122036014,0.011027927584890452,0.01102839690379711,0.011028866079066564,0.01102933511028876,0.011029803997798333,0.011030272741821195,0.011030741342113109,0.011031209798702734,0.011031678112163957,0.011032146282240578,0.011032614309139505,0.011033082192948726,0.011033549933642943,0.011034017531350276,0.011034484986105991,0.011034952298081505,0.011035419467323072,0.011035886493810654,0.011036353377767759,0.011036820119225497,0.011037286718281959,0.011037753174985392,0.011038219489404486,0.011038685661648211,0.011039151692106706,0.011039617580166637,0.011040083326063092,0.01104054893040131,0.011041014393014342,0.011041479713860922,0.01104194489304873,0.011042409930386042,0.011042874826681544,0.01104333958150187,0.011043804194942114,0.011044268667191713,0.0110447329982374,0.01104519718828843,0.011045661237324532,0.011046125145476177,0.011046588913150062,0.011047052539604335,0.011047516025448113,0.011047979370702165,0.01104844257549724,0.011048905639762402,0.011049368563648134,0.011049831347365157,0.011050293990772763,0.01105075649403814,0.011051218857271235,0.011051681080535114,0.011052143163879563,0.011052605107439701,0.011053066911320042,0.011053528575510936,0.011053990100150108,0.01105445148523632,0.011054912730848382,0.011055373837194479,0.011055834804292774,0.011056295632132257,0.011056756320168731,0.011057216869822143,0.011057677280518676,0.011058137552472057,0.01105859768555171,0.011059057679824657,0.011059517535485773,0.011059977252596139,0.011060436831194512,0.01106089627138968,0.011061355573233397,0.011061814736773083,0.01106227376212977,0.011062732649406885,0.011063191398651518,0.011063650010591721,0.011064108483975585,0.0110645668193867,0.011065025017014094,0.01106548307701184,0.01106594099964173,0.011066398784577741,0.011066856432072695,0.011067313942421837,0.01106777131549161,0.011068228551360837,0.011068685650106673,0.011069142611907338,0.011069599436573112,0.011070056124370177,0.011070512675248022,0.01107096908879145,0.011071425366373676,0.011071881507214817,0.011072337511695986,0.011072793379462584,0.011073249112232687,0.011073704707596195,0.011074160166767716,0.011074615489864905,0.011075070676842439,0.011075525727815533,0.011075980643173717,0.011076435422617202,0.011076890065950407,0.011077344573677544,0.011077798945788116,0.011078253182353625,0.011078707283448515,0.011079161249147311,0.011079615079524194,0.011080068774658693,0.011080522334614781,0.011080975759477144,0.011081429049308943,0.011081882204189085,0.011082335224192738,0.011082788109392302,0.01108324085986232,0.011083693475674802,0.011084145956884945,0.011084598303692232,0.011085050516004282,0.011085502594471029,0.011085954538131002,0.011086406347277998,0.01108685802235146,0.011087309563300776,0.01108776097054613,0.011088212243381313,0.011088663382652693,0.011089114388667888,0.011089565261155428,0.011090015999733123,0.01109046660390189,0.011090917074757548,0.011091367412624502,0.011091817616480494,0.011092267687793185,0.011092717625934783,0.011093167431384216,0.01109361710323722,0.011094066642239572,0.011094516048276121,0.01109496532154553,0.011095414461618281,0.011095863469443303,0.011096312344655388,0.011096761087241155,0.01109720969738881,0.011097658175561175,0.011098106521177915,0.011098554734397581,0.011099002815464318,0.011099450764131389,0.011099898580929402,0.011100346265858405,0.011100793818878943,0.011101241240035026,0.011101688529486873,0.011102135687267653,0.011102582713885305,0.011103029608522552,0.011103476371741595,0.011103923003501376,0.011104369504099428,0.01110481587330339,0.0111052621113307,0.011105708218177461,0.011106154194056108,0.01110660003891806,0.011107045752932523,0.011107491335469113,0.011107936787893274,0.011108382109484817,0.011108827300468272,0.011109272361060104,0.011109717291249486,0.011110162090896252,0.011110606760258046,0.011111051299292128,0.011111495708219265,0.011111939987018699,0.011112384135687289,0.011112828154446735,0.011113272043300412,0.011113715802315403,0.011114159431558465,0.011114602931099582,0.011115046301003817,0.01111548954134534,0.011115932652210947,0.011116375633642473,0.011116818486060628,0.01111726120961407,0.011117703803218292,0.01111814626816114,0.011118588603345823,0.011119030809230374,0.011119472886612107,0.011119914835058054,0.011120356655309468,0.011120798346319809,0.011121239908671154,0.011121681342369882,0.01112212264754187,0.011122563823816423,0.011123004872210773,0.01112344579229696,0.011123886584060242,0.011124327247708413,0.011124767783147266,0.011125208190642517,0.011125648470178159,0.011126088621809967,0.011126528645577565,0.011126968541589975,0.011127408309829955,0.011127847950294525,0.011128287463409265,0.011128726849027309,0.011129166107095523,0.011129605237921824,0.011130044241461393,0.011130483117780832,0.011130921866911989,0.011131360488845153,0.01113179898372362,0.011132237351773882,0.011132675593713623,0.011133113707997902,0.011133551695646164,0.01113398955660646,0.011134427290950877,0.011134864898634765,0.011135302379885522,0.011135739734739577,0.01113617696332501,0.011136614065200124,0.011137051041674501,0.011137487891519094,0.011137924615343527,0.01113836121317513,0.011138797685030654,0.011139234031040616,0.011139670251143945,0.011140106345116337,0.011140542313894152,0.011140978157023133,0.01114141387464064,0.01114184946675833,0.011142284933489953,0.011142720274878762,0.011143155491001946,0.011143590581639362,0.011144025547365372,0.011144460388036062,0.011144895103692874,0.011145329694408233,0.011145764160164247,0.01114619850130825,0.011146632717750854,0.011147066809382006,0.011147500776336042,0.01114793461851277,0.011148368336439873,0.011148801929933377,0.01114923539908765,0.01114966874411216,0.011150101964680307,0.011150535061159431,0.011150968033593956,0.011151400881935825,0.01115183360714236,0.011152266208367423,0.011152698685039665,0.011153131037837551,0.011153563267178281,0.011153995372735032,0.01115442735469998,0.011154859213196764,0.011155290948492281,0.011155722560167279,0.011156154047612181,0.01115658541175399,0.011157016653339371,0.01115744777220551,0.011157878768004751,0.011158309641185167,0.011158740391631278,0.011159171019566544,0.011159601523760105,0.011160031905221827,0.011160462164192222,0.011160892300198441,0.011161322313492714,0.011161752204676802,0.011162181972602563,0.011162611618005351,0.01116304114216711,0.011163470544193917,0.011163899823955456,0.01116432898168249,0.011164758017347315,0.011165186931081499,0.011165615723028752,0.011166044392967249,0.0111664729412019,0.011166901367716555,0.011167329673418843,0.01116775785663349,0.01116818591821239,0.011168613858587651,0.0111690416774925,0.011169469375066963,0.011169896951375888,0.011170324406423768,0.011170751740344044,0.011171178953190244,0.011171606045163556,0.011172033016091805,0.011172459866153475,0.01117288659538934,0.01117331320417823,0.011173739692061403,0.011174166059152904,0.011174592305588543,0.011175018431588574,0.011175444438520078,0.011175870324021566,0.011176296088873624,0.011176721733484404,0.011177147257508943,0.011177572661785795,0.011177997946045909,0.011178423109175849,0.01117884815348094,0.011179273078357595,0.01117969788301421,0.011180122567914187,0.011180547133516336,0.011180971578963497,0.011181395905501159,0.011181820112365426,0.011182244199332048,0.01118266816691002,0.011183092015107372,0.011183515744085003,0.011183939353868305,0.011184362844509441,0.011184786216080617,0.011185209468656457,0.011185632602221019,0.011186055616803728,0.011186478512657293,0.011186901289746769,0.011187323948115219,0.011187746487832988,0.011188168908961255,0.01118859121156111,0.011189013395693764,0.011189435461411493,0.011189857408792758,0.011190279237865162,0.011190700948719594,0.011191122541423043,0.01119154401603445,0.01119196537231688,0.011192386610706904,0.011192807731489047,0.011193228734496555,0.011193649619521464,0.011194070386816227,0.011194491036426949,0.011194911568129054,0.011195331982923018,0.01119575228044715,0.011196172459913275,0.011196592523465774,0.011197012468259146,0.011197432296333461,0.011197852006682395,0.011198271599930266,0.011198691076049793,0.011199110435177155,0.011199529677369846,0.011199948802607952,0.011200367811077803,0.011200786702745335,0.011201205477699764,0.01120162413549481,0.011202042677199514,0.011202461101798967,0.01120287940940171,0.011203297601573164,0.011203715677296663,0.011204133636785718,0.011204551480166185,0.011204969207377485,0.011205386818431924,0.011205804313304576,0.011206221692321857,0.011206638954633266,0.011207056101833108,0.011207473133222286,0.011207890049026377,0.011208306848897533,0.011208723533245668,0.011209140102230272,0.011209556555349763,0.011209972892712685,0.01121038911494781,0.011210805221745382,0.01121122121334297,0.011211637089726577,0.011212052850922445,0.011212468496961824,0.011212884027908468,0.011213299443911612,0.01121371474497526,0.011214129931456101,0.01121454500280447,0.011214959959508369,0.011215374801262452,0.011215789528452638,0.011216204140997965,0.011216618639088318,0.011217033022620077,0.011217447291817619,0.011217861446853307,0.01121827548756709,0.011218689413663694,0.011219103225531357,0.011219516923004472,0.011219930506755375,0.011220343976647298,0.011220757332571153,0.011221170574506691,0.011221583702677207,0.011221996717077725,0.011222409617732762,0.011222822404719642,0.011223235078535364,0.011223647638366136,0.01122406008469926,0.011224472417726943,0.011224884637250993,0.011225296743387216,0.01122570873631788,0.01122612061601668,0.011226532382583984,0.01122694403605507,0.011227355576325608,0.011227767003796036,0.01122817831819774,0.011228589519854977,0.011229000608699297,0.011229411584464359,0.011229822447833201,0.01123023319865712,0.011230643836767112,0.011231054362405126,0.011231464775835663,0.01123187507663043,0.011232285265028303,0.011232695341119954,0.011233105304796636,0.011233515156450461,0.011233924896167428,0.01123433452361367,0.011234744039043662,0.011235153442434585,0.011235562734050726,0.011235971913681664,0.011236380981586419,0.01123678993760048,0.011237198782033457,0.011237607515024279,0.011238016136237147,0.011238424646007278,0.011238833044348941,0.011239241331192976,0.011239649506654964,0.011240057570900108,0.011240465524115452,0.011240873366086725,0.011241281096730548,0.011241688716376453,0.011242096225042747,0.011242503622988752,0.011242910909689255,0.01124331808548181,0.011243725150584909,0.011244132104964173,0.011244538948641919,0.011244945681722168,0.011245352304230167,0.011245758816140398,0.011246165217618658,0.011246571508626256,0.011246977689393985,0.011247383759880374,0.011247789720123122,0.011248195570158463,0.011248601310567706,0.011249006940416752,0.011249412460348187,0.011249817870191534,0.011250223169964239,0.01125062835995814,0.011251033440841923,0.011251438411191708,0.011251843272278822,0.01125224802346219,0.011252652665200917,0.011253057197267737,0.011253461619868153,0.011253865933236077,0.011254270137169994,0.011254674231500365,0.011255078216723282,0.011255482092598348,0.011255885859408846,0.011256289517074424,0.01125669306566845,0.011257096504713248,0.011257499835305858,0.01125790305722987,0.011258306170243338,0.01125870917493088,0.011259112070672723,0.011259514857764724,0.011259917536247305,0.011260320106037315,0.011260722567131261,0.0112611249197283,0.011261527164130784,0.011261929300547565,0.01126233132831499,0.011262733248031804,0.0112631350593054,0.011263536762356056,0.011263938357177514,0.011264339844217439,0.011264741223318633,0.01126514249453997,0.011265543657932243,0.011265944713411307,0.011266345661232852,0.011266746501358916,0.01126714723380613,0.01126754785865315,0.01126794837587979,0.011268348785621426,0.011268749087994316,0.011269149282978256,0.01126954937064572,0.011269949351001842,0.011270349224101967,0.011270748990216203,0.01127114864906612,0.011271548200851899,0.011271947645616592,0.011272346983305485,0.011272746214163912,0.011273145338164082,0.011273544355367385,0.011273943265804451,0.011274342069546568,0.011274740766654615,0.011275139356547177,0.011275537840476503,0.011275936217921473,0.011276334488929151,0.01127673265347627,0.011277130711669879,0.011277528663669012,0.01127792650939315,0.011278324248890284,0.011278721882334981,0.011279119409621867,0.01127951683100449,0.011279914146695573,0.011280311356433302,0.011280708459999303,0.01128110545766029,0.01128150234954888,0.011281899135755408,0.011282295816653843,0.011282692391537348,0.011283088861318135,0.011283485225182504,0.011283881483939386,0.01128427763693517,0.011284673684612704,0.01128506962691275,0.011285465463969411,0.01128586119585682,0.011286256822584185,0.011286652344252556,0.011287047761238277,0.01128744307283479,0.011287838280008438,0.011288233381835832,0.011288628378792326,0.011289023270920543,0.011289418058341529,0.011289812740907724,0.01129020731899144,0.011290601792455276,0.011290996161447343,0.01129139042573923,0.011291784585760833,0.011292178641409842,0.011292572592671095,0.011292966439651114,0.01129336018240252,0.011293753821018904,0.011294147355945553,0.011294540786333315,0.011294934112679275,0.011295327335042668,0.011295720453187486,0.011296113467729525,0.011296506378425013,0.011296899184725848,0.011297291887932994,0.011297684487453358,0.011298076983403167,0.011298469375656256,0.011298861664460251,0.01129925384977569,0.011299645931812232,0.011300037910242691,0.011300429785827551,0.011300821557849403,0.01130121322695253,0.011301604792429585,0.01130199625506011,0.011302387613745373,0.011302778869985554,0.011303170023360596,0.011303561073615657,0.011303952021055816,0.011304342866294555,0.011304733608280994,0.011305124247512776,0.01130551478384111,0.011305905217589207,0.011306295548545363,0.011306685777196407,0.011307075903171745,0.011307465927047563,0.011307855848386877,0.011308245667409974,0.011308635384731149,0.01130902499928975,0.01130941451175525,0.011309803921897331,0.011310193229915768,0.011310582436074128,0.011310971540049461,0.011311360542081933,0.011311749441947566,0.011312138240229145,0.011312526937201452,0.011312915532056435,0.01131330402507408,0.011313692416676227,0.011314080706755715,0.011314468894966423,0.011314856981528273,0.011315244966878024,0.01131563285106357,0.011316020633893751,0.01131640831513131,0.011316795895012105,0.011317183373788517,0.01131757075155974,0.011317958027939883,0.0113183452035284,0.011318732277898523,0.011319119251349733,0.011319506123696092,0.011319892895321187,0.011320279566344101,0.011320666136730375,0.011321052606003685,0.011321438974537565,0.011321825242358984,0.011322211409814627,0.011322597476510756,0.011322983442946504,0.011323369308961636,0.011323755074445736,0.011324140739672205,0.01132452630462949,0.011324911769141839,0.011325297133440696,0.011325682397874934,0.01132606756197114,0.011326452626025212,0.011326837590154744,0.01132722245419504,0.01132760721831402,0.011327991882564123,0.011328376447004998,0.011328760911677912,0.011329145276676255,0.01132952954180325,0.011329913707392308,0.011330297773492778,0.011330681739966495,0.011331065606789079,0.01133144937418911,0.011331833042409305,0.011332216611155677,0.011332600080595638,0.011332983451077205,0.011333366722168513,0.011333749894137716,0.0113341329668754,0.01133451594049211,0.011334898815076095,0.011335281590691094,0.011335664267278339,0.011336046845268377,0.0113364293243089,0.011336811704764123,0.011337193986260884,0.011337576168997185,0.011337958253069571,0.01133834023843743,0.011338722125385975,0.01133910391385515,0.011339485603962616,0.01133986719546692,0.011340248688608523,0.01134063008340452,0.011341011379859982,0.0113413925781477,0.011341773678350656,0.011342154680412638,0.011342535584407799,0.011342916390331756,0.011343297098225503,0.011343677708174295,0.01134405821977426,0.011344438633859704,0.011344818950166386,0.011345199168427073,0.011345579289197154,0.011345959312407373,0.01134633923790009,0.011346719065414972,0.011347098795825485,0.011347478428497931,0.011347857964019265,0.011348237402028382,0.011348616742746714,0.011348995986153373,0.011349375132182439,0.011349754180982509,0.011350133132870359,0.01135051198763628,0.011350890745039787,0.011351269405647724,0.011351647969107533,0.011352026435573757,0.011352404804891482,0.011352783077527876,0.011353161253250199,0.011353539332332435,0.011353917314776677,0.01135429520048729,0.011354672989548547,0.011355050682017942,0.011355428277903453,0.011355805777343058,0.011356183180232942,0.01135656048686174,0.01135693769713824,0.011357314811134925,0.011357691828860598,0.011358068750280267,0.011358445575402734,0.011358822304250104,0.011359198937005774,0.01135957547371896,0.011359951914542468,0.01136032825949062,0.01136070450847427,0.011361080661446015,0.011361456718907764,0.011361832680678252,0.011362208545730553,0.011362584315728107,0.011362959990026643,0.011363335568999863,0.01136371105273812,0.011364086440695647,0.011364461733137208,0.011364836930191646,0.011365212031510917,0.011365587037861509,0.011365961948647396,0.01136633676444939,0.011366711484714659,0.011367086110108997,0.011367460640448806,0.01136783507540018,0.011368209415653287,0.01136858366073497,0.01136895781074163,0.011369331866056723,0.011369705826728457,0.01137007969241777,0.011370453463260837,0.011370827139255269,0.011371200720714058,0.01137157420768441,0.011371947599939385,0.01137232089775715,0.011372694101163337,0.011373067210128414,0.01137344022461335,0.011373813144446696,0.011374185970131508,0.011374558701503905,0.011374931337816384,0.011375303880762237,0.011375676329692105,0.011376048684568279,0.011376420945124005,0.011376793111650707,0.011377165184479728,0.011377537163521224,0.011377909048269047,0.011378280839537512,0.011378652536854834,0.011379024140406584,0.01137939564995805,0.011379767065912974,0.011380138388345798,0.011380509617176073,0.011380880752476048,0.011381251794159912,0.011381622742697906,0.011381993597627359,0.011382364359013998,0.011382735027073262,0.011383105602362248,0.011383476084153571,0.01138384647249493,0.011384216767843914,0.011384586969409553,0.011384957078455687,0.011385327094483933,0.011385697017488889,0.011386066847292332,0.011386436584611458,0.011386806228874127,0.011387175780486114,0.011387545239655615,0.011387914605634191,0.011388283879054033,0.011388653059702618,0.011389022147895394,0.01138939114321806,0.011389760046170507,0.011390128856668444,0.011390497575461558,0.011390866200728718,0.0113912347340397,0.011391603175163821,0.011391971523948018,0.01139233978050391,0.011392707944871811,0.011393076017227863,0.01139344399741084,0.01139381188549262,0.011394179681545213,0.011394547385647016,0.011394914997953127,0.01139528251828973,0.011395649946699964,0.011396017283409629,0.011396384528750582,0.011396751682046761,0.011397118743196608,0.011397485713062865,0.011397852591717578,0.01139821937860642,0.01139858607400432,0.011398952677809422,0.011399319190204477,0.01139968561122269,0.011400051941061435,0.011400418179658879,0.011400784326735714,0.01140115038269137,0.011401516347520431,0.011401882220880167,0.01140224800332815,0.011402613694772561,0.011402979295401298,0.011403344804872267,0.011403710223506662,0.011404075551150205,0.01140444078820034,0.011404805934201907,0.011405170989376207,0.011405535954008512,0.011405900828289255,0.011406265611770529,0.011406630304391258,0.011406994906394345,0.011407359417927507,0.011407723839073186,0.0114080881697992,0.011408452410126316,0.011408816560342911,0.011409180619852273,0.011409544589384616,0.011409908468240106,0.01141027225752806,0.01141063595627781,0.011410999564936972,0.011411363083450615,0.011411726511920278,0.011412089850657043,0.011412453099372008,0.011412816258160784,0.011413179327132554,0.011413542305797617,0.011413905195452158,0.01141426799485338,0.011414630704767743,0.011414993324870998,0.011415355855509967,0.011415718296777119,0.011416080648331328,0.011416442910285072,0.011416805082882524,0.011417167166118666,0.011417529160179664,0.011417891064629496,0.011418252879811895,0.011418614605171937,0.011418976241600029,0.011419337788975433,0.011419699247340011,0.011420060616638932,0.011420421896691998,0.011420783087930477,0.011421144190548243,0.011421505203484422,0.011421866127845529,0.011422226963255264,0.01142258771020998,0.011422948367890996,0.011423308937278642,0.011423669417655418,0.01142402980898604,0.011424390112246155,0.011424750326844983,0.011425110452913046,0.011425470490647223,0.011425830439802833,0.011426190300419256,0.011426550072695116,0.011426909756625038,0.011427269352479879,0.011427628859738342,0.011427988278730924,0.011428347609709776,0.01142870685266725,0.011429066007201082,0.011429425073458253,0.011429784052235504,0.011430142943034823,0.011430501745923052,0.011430860461034155,0.01143121908834524,0.011431577627706942,0.011431936079179146,0.011432294442940015,0.011432652718846983,0.011433010907237359,0.011433369008099485,0.011433727021238101,0.011434084946707716,0.011434442784764721,0.0114348005353721,0.011435158198389443,0.011435515774168794,0.01143587326281033,0.011436230664096592,0.011436587977931753,0.011436945204393036,0.011437302343800075,0.011437659396222611,0.011438016361284184,0.011438373239306668,0.011438730030274059,0.01143908673424115,0.011439443351263243,0.011439799881376512,0.011440156324213475,0.011440512680546909,0.011440868950070217,0.011441225132816934,0.011441581228704653,0.011441937238010354,0.011442293160667477,0.011442648996701468,0.011443004746155578,0.011443360408931095,0.011443715985297235,0.011444071475482123,0.011444426879001478,0.011444782196121805,0.011445137426540117,0.011445492571026948,0.011445847628724515,0.011446202600944722,0.011446557486737275,0.011446912286034075,0.011447266999533778,0.011447621626772906,0.01144797616816696,0.011448330623321757,0.01144868499267653,0.011449039276565463,0.011449393474093957,0.011449747585763765,0.011450101611371402,0.01145045555129925,0.011450809405287426,0.011451163173785426,0.011451516856609072,0.011451870453797744,0.011452223965539113,0.011452577391363112,0.011452930731915162,0.011453283986975198,0.011453637156379702,0.011453990240629854,0.011454343239657449,0.011454696153278912,0.011455048981529008,0.01145540172473285,0.01145575438263955,0.011456106955369494,0.011456459442919632,0.011456811845610742,0.01145716416300082,0.011457516394922335,0.011457868542330107,0.0114582206047505,0.011458572582326923,0.011458924475198844,0.011459276283162465,0.011459628006162067,0.011459979644974158,0.011460331198506285,0.011460682666937326,0.011461034051139225,0.01146138535057788,0.0114617365653086,0.011462087695433493,0.011462438741023283,0.011462789702473141,0.011463140579421448,0.011463491372260333,0.011463842080517539,0.011464192704365748,0.011464543243930033,0.01146489369931358,0.011465244070507611,0.011465594357622427,0.011465944560578558,0.011466294679392475,0.011466644714162963,0.011466994664923328,0.011467344531723243,0.01146769431425767,0.011468044013100101,0.01146839362830621,0.01146874315943332,0.01146909260713431,0.011469441970691168,0.01146979125052826,0.011470140446716941,0.011470489559411504,0.01147083858885989,0.011471187534291882,0.011471536395902288,0.011471885174322037,0.011472233868975829,0.011472582480272959,0.011472931008147851,0.011473279452695322,0.011473627813891272,0.011473976091781796,0.011474324286521436,0.01147467239785193,0.011475020426177061,0.011475368371163383,0.011475716233185074,0.011476064012003507,0.011476411707765956,0.011476759320527413,0.01147710685040992,0.011477454297401478,0.011477801661455619,0.011478148942686001,0.011478496141287771,0.0114788432568691,0.011479190289698392,0.011479537239820698,0.011479884107240284,0.011480230891719522,0.01148057759388191,0.011480924213508381,0.011481270750485661,0.01148161720475872,0.011481963577473157,0.011482309867145928,0.0114826560744463,0.011483002199366214,0.011483348241963398,0.01148369420226197,0.01148404008023104,0.011484385876007419,0.011484731589659045,0.011485077221177632,0.011485422770717535,0.011485768238037323,0.011486113623316654,0.011486458926613314,0.011486804148017778,0.011487149287599592,0.011487494345100454,0.011487839320742392,0.0114881842145591,0.011488529026299269,0.011488873756561374,0.011489218405102737,0.0114895629719706,0.011489907457274053,0.011490251860917785,0.011490596182945314,0.011490940423357797,0.011491284582523598,0.011491628660011839,0.011491972655799538,0.011492316570454495,0.011492660403751312,0.011493004155875458,0.011493347826542853,0.011493691415947773,0.011494034924124758,0.01149437835110987,0.011494721696936699,0.01149506496162611,0.011495408145006174,0.011495751247182325,0.01149609426871333,0.011496437209171392,0.011496780068787483,0.01149712284754475,0.011497465545368412,0.011497808162332248,0.011498150698483608,0.011498493153871994,0.011498835528518228,0.011499177822469484,0.011499520035749916,0.011499862168386903,0.011500204220416988,0.01150054619189389,0.011500888082873867,0.011501229893321743,0.011501571623293034,0.01150191327284921,0.011502254842010897,0.011502596330812671,0.011502937739287929,0.0115032790673764,0.011503620315305748,0.011503961483170056,0.011504302570689242,0.01150464357808742,0.011504984505333543,0.011505325352492445,0.011505666119602138,0.011506006806679665,0.011506347413784361,0.011506687940947873,0.011507028388198321,0.01150736875556874,0.011507709043077713,0.01150804925078165,0.011508389378715412,0.011508729426906571,0.011509069395379198,0.01150940928410462,0.01150974909326982,0.011510088822818038,0.01151042847280257,0.011510768043245183,0.011511107534182937,0.011511446945632827,0.011511786277655292,0.011512125530291661,0.011512464703053286,0.011512803796953863,0.011513142811570067,0.011513481746917135,0.011513820603029863,0.011514159379939812,0.011514498077716605,0.01151483669632288,0.011515175235829362,0.01151551369627021,0.01151585207767882,0.011516190380084841,0.011516528603232067,0.01151686674774022,0.011517204813351802,0.011517542800095646,0.01151788070799624,0.011518218537102833,0.011518556287442411,0.011518893959059731,0.011519231551979925,0.011519569066223829,0.0115199065018456,0.01152024385886682,0.011520581137316957,0.011520918337243908,0.011521255458671519,0.011521592501636261,0.01152192946616652,0.011522266352329358,0.011522603160095951,0.011522939889523,0.011523276540648586,0.01152361311351479,0.01152394960814986,0.011524286024588238,0.01152462236285857,0.011524958622984098,0.011525294805021047,0.011525630908989238,0.011525966934916355,0.011526302882848675,0.011526638752804163,0.011526974544831614,0.011527310258955743,0.011527645895209028,0.01152798145361565,0.01152831693422622,0.011528652337066247,0.011528987662159592,0.011529322909554409,0.011529658079266734,0.011529993171334872,0.011530328185799976,0.011530663122683577,0.011530997982039578,0.011531332763881718,0.011531667468244427,0.011532002095169207,0.011532336644679514,0.011532671116811914,0.011533005511590338,0.011533339829047006,0.011533674069236983,0.011534008232170025,0.01153434231789379,0.011534676326433194,0.01153501025781756,0.01153534411208484,0.011535677889258031,0.011536011589392318,0.011536345212481466,0.01153667875858712,0.011537012227736246,0.01153734561994963,0.011537678935275705,0.01153801217374189,0.01153834533537522,0.011538678420216424,0.011539011428293324,0.011539344359634066,0.01153967721427577,0.011540009992251417,0.011540342693540597,0.011540675318275937,0.011541007866439941,0.011541340338072201,0.011541672733191012,0.011542005051840885,0.011542337294186807,0.011542669459982757,0.011543001549394985,0.01154333356246386,0.011543665499199177,0.011543997359663388,0.01154432914387147,0.011544660851865236,0.011544992483665853,0.011545324039301818,0.011545655518825282,0.011545986922255844,0.011546318249627735,0.01154664950096708,0.011546980676376611,0.011547311775745066,0.011547642799191031,0.011547973746729898,0.01154830461839696,0.011548635414212445,0.011548966134236229,0.011549296778483036,0.01154962734689407,0.011549957839684046,0.0115502882567311,0.01155061859818111,0.011550948864009628,0.011551279054255785,0.011551609168943053,0.011551939208108541,0.011552269171778698,0.0115525990600207,0.011552928872804591,0.01155325861017707,0.011553588272149487,0.01155391785879043,0.011554247370245043,0.011554576806280357,0.011554906167135144,0.011555235452777157,0.01155556466324441,0.011555893798585121,0.011556222858782125,0.011556551843900002,0.011556880754102812,0.011557209589135736,0.011557538349168485,0.01155786703462425,0.011558195644765587,0.011558524180083863,0.011558852640540284,0.011559181026078521,0.011559509336818694,0.011559837572775029,0.011560165733997717,0.011560493820532284,0.011560821832347737,0.011561149769519899,0.011561477632057957,0.011561805420019633,0.011562133133447032,0.011562460772377343,0.011562788336827062,0.011563115826799515,0.011563443242330615,0.01156377058345954,0.011564097849772055,0.01156442504223883,0.011564752160369915,0.0115650792041124,0.011565406173601966,0.011565733068617088,0.011566059889452605,0.011566386636363219,0.011566713309226427,0.011567039907622608,0.011567366432410034,0.0115676928829927,0.011568019259592862,0.011568345562379834,0.011568671791193766,0.011568997945632969,0.011569324026631064,0.011569650033740124,0.011569975966941978,0.011570301826369643,0.011570627611656939,0.0115709533235979,0.011571278961830809,0.01157160452635626,0.01157193001736225,0.011572255433099726,0.011572580777283103,0.011572906046841773,0.011573231243193252,0.011573556366463074,0.011573881416157167,0.011574206392516983,0.01157453129529289,0.011574856125310246,0.011575180881416855,0.011575505564267924,0.011575830174039793,0.011576154710028042,0.011576479173241599,0.011576803562580664,0.011577127878400867,0.011577452122106192,0.01157777629309138,0.011578100390488745,0.011578424414936892,0.01157874836642889,0.011579072244934431,0.011579396050378884,0.011579719783196522,0.011580043442822768,0.011580367029300593,0.01158069054249175,0.011581013983620598,0.011581337351635431,0.011581660647195265,0.011581983870145285,0.011582307020359442,0.01158263009742005,0.011582953102823878,0.01158327603488592,0.01158359889369329,0.011583921680617745,0.01158424439545114,0.011584567036688049,0.011584889606500415,0.01158521210352428,0.011585534528533925,0.011585856881182707,0.011586179161100014,0.011586501368762726,0.011586823504516761,0.011587145568116422,0.01158746755905325,0.011587789478170579,0.01158811132556803,0.011588433100410326,0.011588754803246275,0.011589076433996686,0.011589397992616206,0.011589719478968401,0.011590040893730643,0.011590362236439928,0.011590683506908677,0.011591004705774503,0.011591325832820834,0.011591646887480888,0.011591967870526805,0.011592288782136587,0.01159260962201355,0.011592930390208924,0.011593251086783274,0.011593571711581301,0.011593892264898403,0.011594212746486844,0.011594533156119944,0.011594853494644735,0.011595173761474214,0.011595493957177665,0.011595814081202582,0.011596134133868286,0.011596454114877981,0.011596774024767501,0.011597093863345186,0.011597413630632948,0.011597733326523887,0.011598052951714696,0.011598372504260265,0.011598691986467154,0.01159901139764811,0.01159933073761436,0.0115996500064497,0.01159996920427384,0.011600288331036488,0.011600607386728353,0.011600926371452746,0.011601245285458648,0.01160156412828567,0.011601882900562861,0.011602201601569143,0.011602520231783186,0.01160283879102423,0.011603157280453235,0.011603475698246966,0.011603794045893762,0.011604112322141555,0.011604430527511422,0.011604748662564274,0.011605066727118234,0.011605384721787095,0.011605702644721116,0.011606020497081667,0.011606338279328643,0.011606655990870612,0.01160697363199477,0.011607291202715662,0.011607608703198529,0.011607926133695028,0.011608243493093992,0.011608560782579162,0.011608878001766193,0.011609195150743037,0.011609512229152845,0.01160982923810707,0.011610146176486714,0.011610463044792484,0.011610779842882437,0.01161109657076226,0.011611413229131024,0.011611729817094945,0.011612046335018833,0.011612362782992734,0.011612679161045511,0.011612995469213063,0.011613311707378081,0.011613627875752411,0.01161394397400209,0.011614260003104242,0.011614575962159243,0.011614891851168962,0.01161520767067276,0.011615523420479074,0.011615839100518,0.011616154711508364,0.011616470253060574,0.011616785724437589,0.011617101126105863,0.01161741645834565,0.01161773172109971,0.011618046914789655,0.011618362038526415,0.011618677092922995,0.011618992078017906,0.011619306993952338,0.011619621840314046,0.01161993661735188,0.011620251325165946,0.011620565964704501,0.011620880533879847,0.011621195034195947,0.011621509465295995,0.011621823827596656,0.011622138120558415,0.011622452343858263,0.011622766498450735,0.011623080584188804,0.01162339460075742,0.011623708548230749,0.01162402242687017,0.011624336236608196,0.011624649977453824,0.01162496364934878,0.011625277252505757,0.011625590786835251,0.011625904252586002,0.01162621764941426,0.011626530978121333,0.011626844237523378,0.011627157428425891,0.011627470550516284,0.01162778360468762,0.011628096590345197,0.011628409507451932,0.0116287223557935,0.011629035135208195,0.01162934784644854,0.01162966048943905,0.011629973062941263,0.01163028556895946,0.011630598006559469,0.01163091037616914,0.011631222677419412,0.011631534910034125,0.011631847074428292,0.01163215916987314,0.011632471197192424,0.011632783156652487,0.011633095048295631,0.011633406871475271,0.01163371862724167,0.011634030315001388,0.011634341934230588,0.011634653485730652,0.011634964969057795,0.011635276384491331,0.011635587731774465,0.011635899011153254,0.011636210222646201,0.01163652136586106,0.01163683244118202,0.011637143448707225,0.01163745438829788,0.011637765260149126,0.011638076064356045,0.011638386800779724,0.011638697469750065,0.011639008070978497,0.011639318604489465,0.011639629070245417,0.01163993946880855,0.011640249799395739,0.011640560063025409,0.011640870259207004,0.01164118038791117,0.011641490449142113,0.011641800442992394,0.011642110369428414,0.0116424202284829,0.011642730020229173,0.01164303974466242,0.011643349401855414,0.011643658991773696,0.011643968514474069,0.011644277969983257,0.011644587358326823,0.011644896679532248,0.011645205933625483,0.01164551512063325,0.011645824240581071,0.011646133293494943,0.011646442279403244,0.011646751198330894,0.011647060050304152,0.011647368835349616,0.011647677553493059,0.011647986204762146,0.01164829478918174,0.011648603306771041,0.011648911757563812,0.011649220141583615,0.011649528458856676,0.011649836709084198,0.011650144892989397,0.01165045301138346,0.011650761062003717,0.011651069045655788,0.011651376963076304,0.01165168481455682,0.011651992598820108,0.01165230031627993,0.011652607967545862,0.011652915552358124,0.011653223070721743,0.011653530522678826,0.01165383790825924,0.0116541452274999,0.01165445248041032,0.011654759667007315,0.011655066787329957,0.011655373841408499,0.011655680829297854,0.011655987751003549,0.01165629460646215,0.011656601395795475,0.01165690811906526,0.011657214776186971,0.011657521367276186,0.011657827892321837,0.011658134351350758,0.011658440744387656,0.011658747071540793,0.011659053332674727,0.011659359527893197,0.011659665657116259,0.01165997172054703,0.011660277718184371,0.01166058364986839,0.01166088951591288,0.011661195316278619,0.011661501050788814,0.011661806719700355,0.011662112322814411,0.011662417860438022,0.011662723332289767,0.011663028738547625,0.011663334079210838,0.01166363935432037,0.0116639445638965,0.011664249708196307,0.011664554786783698,0.01166485980051179,0.011665164748239464,0.011665469630545182,0.011665774447578329,0.011666079199152855,0.011666383885400946,0.01166668850638433,0.011666993062252011,0.011667297553040275,0.01166760197823065,0.011667906338232356,0.011668210633287062,0.011668514862611121,0.011668819027107936,0.011669123126650123,0.011669427160977056,0.011669731130296573,0.011670035034561215,0.011670338873862691,0.01167064264817388,0.011670946357098505,0.011671250001485629,0.01167155358092091,0.011671857094898994,0.011672160544905013,0.011672463929791018,0.011672767249883382,0.011673070505210653,0.011673373695784884,0.011673676821686692,0.011673979883129036,0.011674282879839314,0.011674585811817531,0.011674888679174782,0.011675191483364546,0.011675494221596746,0.01167579689523324,0.011676099504392107,0.011676402048982562,0.01167670452910207,0.011677006944767539,0.011677309296111204,0.01167761158305189,0.011677913805519708,0.01167821596361748,0.011678518057421976,0.011678820086910999,0.011679122051554617,0.01167942395227361,0.011679725788738424,0.011680027561311,0.011680329269159993,0.011680630912764191,0.011680932492846774,0.011681234008534026,0.011681535460230406,0.011681836848068589,0.01168213817191376,0.011682439431801457,0.011682740627944855,0.011683041759839004,0.011683342827622718,0.011683643831680735,0.011683944771865141,0.01168424564808255,0.011684546460296971,0.011684847209587358,0.01168514789429542,0.0116854485154631,0.011685749072715043,0.01168604956609386,0.011686349995961489,0.011686650362397624,0.011686950664447512,0.01168725090358311,0.011687551079132164,0.011687851191735757,0.011688151240362715,0.011688451225297552,0.011688751146739722,0.011689051004873155,0.011689350799392673,0.011689650530499541,0.011689950198153632,0.011690249802629808,0.011690549343646543,0.011690848821342893,0.011691148236157847,0.01169144758637317,0.011691746874386408,0.01169204609892969,0.011692345260510516,0.01169264435922441,0.011692943394180423,0.011693242366077447,0.01169354127497584,0.01169384012097235,0.01169413890376956,0.01169443762349952,0.011694736280275826,0.01169503487402146,0.011695333404678177,0.01169563187267017,0.011695930278076463,0.01169622862015585,0.01169652689935597,0.011696825115705837,0.011697123268121907,0.011697421358886682,0.011697719386825182,0.011698017352070638,0.011698315254566312,0.01169861309535541,0.011698910872485332,0.011699208587014448,0.01169950623887655,0.011699803828465959,0.011700101355143617,0.011700398819305818,0.011700696221041933,0.011700993560149541,0.011701290836809534,0.011701588051049844,0.011701885203214099,0.011702182292637083,0.01170247931945087,0.011702776284032731,0.011703073186349677,0.011703370026348739,0.011703666804044674,0.011703963519354649,0.011704260172402682,0.011704556763220544,0.011704853290752848,0.011705149757272569,0.011705446161639651,0.011705742503973524,0.011706038784177709,0.01170633500233239,0.01170663115841803,0.011706927252448977,0.011707223285149043,0.011707519255002971,0.011707815163109536,0.011708111009064569,0.011708406793106751,0.011708702515865872,0.011708998176860651,0.011709293775895854,0.01170958931313517,0.011709884787918911,0.011710180201638384,0.01171047555355837,0.011710770843682406,0.011711066071737957,0.011711361238188481,0.011711656342877777,0.01171195138630039,0.011712246367816174,0.011712541287920762,0.011712836146222615,0.011713130942926975,0.011713425678226082,0.011713720351375242,0.011714014963680738,0.011714309514197425,0.011714604003628051,0.0117148984316767,0.011715192798330097,0.011715487103627999,0.011715781347653522,0.011716075530368911,0.011716369651737984,0.011716663711849418,0.011716957710753761,0.01171725164839729,0.011717545524872697,0.011717839340163756,0.011718133094486091,0.01171842678753204,0.011718720419463223,0.01171901399032692,0.011719307500140953,0.01171960094887756,0.01171989433657207,0.011720187663502909,0.011720480929327762,0.011720774134207064,0.01172106727812983,0.011721360361234586,0.011721653383397307,0.011721946344803488,0.011722239245325727,0.011722532084999045,0.01172282486389075,0.011723117582032686,0.011723410239440374,0.011723702835400784,0.011723995371402741,0.011724287846740896,0.011724580261415526,0.011724872615467948,0.011725164908942058,0.011725457141675215,0.01172574931404131,0.011726041425713239,0.011726333477063736,0.011726625467907186,0.011726917398262347,0.011727209268134049,0.011727501077597931,0.011727792826717163,0.011728084515483248,0.011728376144023682,0.011728667712064399,0.011728959220127344,0.011729250667581584,0.01172954205473463,0.011729833381586062,0.011730124648366315,0.011730415855005736,0.011730707001369325,0.011730998087645444,0.011731289114836663,0.011731580080822774,0.011731870986773328,0.011732161832769324,0.011732452619116096,0.0117327433450642,0.011733034010940927,0.011733324616769191,0.011733615162622859,0.01173390564848143,0.0117341960746247,0.011734486440839857,0.01173477674713718,0.011735066993620013,0.011735357180309854,0.011735647307056219,0.01173593737423361,0.011736227381671531,0.011736517329331534,0.011736807217372894,0.01173709704571442,0.011737386814389553,0.011737676523426515,0.011737966172798544,0.011738255762550949,0.01173854529284936,0.011738834763500098,0.011739124174732817,0.01173941352633094,0.011739702818103492,0.01173999205080834,0.011740281224075997,0.01174057033792149,0.011740859392338326,0.01174114838742463,0.011741437323166003,0.011741726199625574,0.011742015016716975,0.011742303774520244,0.011742592473252588,0.011742881112590833,0.011743169692849094,0.011743458213754943,0.011743746675486671,0.011744035077973098,0.011744323421341924,0.011744611705695455,0.011744899930884506,0.011745188097132974,0.01174547620482672,0.011745764253096801,0.011746052242217432,0.011746340172417357,0.011746628043769155,0.011746915856065281,0.011747203609454443,0.011747491303968316,0.011747778940372192,0.011748066517643247,0.011748354036506732,0.011748641495674186,0.011748928896315656,0.011749216237946454,0.011749503520989857,0.011749790745187906,0.011750077910719817,0.011750365017612929,0.011750652065763438,0.011750939055353002,0.0117512259862967,0.011751512858669103,0.011751799672478185,0.011752086427747895,0.011752373124500528,0.01175265976274639,0.011752946342520576,0.011753232863721466,0.011753519326749697,0.01175380573117145,0.011754092077248788,0.011754378365022487,0.01175466459436996,0.011754950765369839,0.011755236878226492,0.011755522932172835,0.01175580892850364,0.011756094866464622,0.011756380745267374,0.011756666566766013,0.011756952330116699,0.01175723803528529,0.011757523682250703,0.011757809271341721,0.011758094802217782,0.011758380275126462,0.01175866568982237,0.011758951046761237,0.011759236345434191,0.011759521586777785,0.011759806769566396,0.011760091894568283,0.011760376961444082,0.011760661969943615,0.011760946921088165,0.011761231814405377,0.011761516649792888,0.011761801427366669,0.011762086147172411,0.011762370809188025,0.011762655413453156,0.011762939960204324,0.011763224449089818,0.011763508880280901,0.011763793253790794,0.011764077569731968,0.011764361827992832,0.011764646028586281,0.011764930171605598,0.011765214257087712,0.011765498285030226,0.01176578225536844,0.011766066168279096,0.011766350024152761,0.011766633821927415,0.011766917562479266,0.011767201245619493,0.01176748487135491,0.011767768439616693,0.01176805195064213,0.01176833540396962,0.01176861880035147,0.011768902139492405,0.011769185421333697,0.01176946864591411,0.011769751813127508,0.011770034923135036,0.011770317976117928,0.011770600971777774,0.011770883910288691,0.011771166791678939,0.011771449615976372,0.011771732383189322,0.011772015093335388,0.011772297746445785,0.01177258034253579,0.011772862881626671,0.01177314536374557,0.011773427788907671,0.011773710157129929,0.011773992468438285,0.011774274722847335,0.011774556920384111,0.01177483906106913,0.011775121144925689,0.011775403171973372,0.01177568514222724,0.011775967055710657,0.011776248912444453,0.011776530712442971,0.01177681245573542,0.011777094142341371,0.01177737577227307,0.01177765734556649,0.011777938862224521,0.011778220322268863,0.011778501725735966,0.011778783072639227,0.011779064363005465,0.011779345596836648,0.011779626774159791,0.01177990789500188,0.0117801889593791,0.0117804699673165,0.011780750918823397,0.011781031813938065,0.01178131265267392,0.011781593435052891,0.0117818741610779,0.011782154830783136,0.011782435444200108,0.011782716001334676,0.011782996502211257,0.011783276946831131,0.011783557335240008,0.01178383766744885,0.011784117943468888,0.01178439816332977,0.011784678327072192,0.011784958434694681,0.011785238486191686,0.011785518481633877,0.011785798421016154,0.011786078304350526,0.011786358131667406,0.011786637903015556,0.011786917618377388,0.011787197277781986,0.011787476881239286,0.011787756428754705,0.011788035920340036,0.01178831535611162,0.011788594736037068,0.01178887406010673,0.011789153328375672,0.011789432540839919,0.01178971169748332,0.011789990798418921,0.011790269843612679,0.011790548833055461,0.011790827766817806,0.011791106644870455,0.011791385467272235,0.011791664234077496,0.011791942945257011,0.011792221600841068,0.011792500200853383,0.01179277874528924,0.011793057234161602,0.011793335667496383,0.011793614045318345,0.011793892367690536,0.011794170634598963,0.011794448846073858,0.011794727002116487,0.011795005102731553,0.011795283148459536,0.011795561138367352,0.011795839073401706,0.011796116953123695,0.011796394777558292,0.011796672546805541,0.011796950260228452,0.01179722791898255,0.011797505522525582,0.011797783070873065,0.011798060564107243,0.011798338001255529,0.011798615384138105,0.011798892711969747,0.011799169984669362,0.011799447202296361,0.011799724364546528,0.011800001471776091,0.011800278524314487,0.01180055552185765,0.011800832464269554,0.011801109351891487,0.011801386184615377,0.011801662962440207,0.011801939686109451,0.011802216353692817,0.011802492966587825,0.011802769524737964,0.011803046027996358,0.01180332247660195,0.011803598870246389,0.011803875209125757,0.011804151493068314,0.01180442772230154,0.011804703896579035,0.011804980016000452,0.011805256081154765,0.011805532092113675,0.011805808047629696,0.011806083949271531,0.011806359796304889,0.011806635588657508,0.01180691132607623,0.011807187009382292,0.011807462638197838,0.011807738212537031,0.011808013732424483,0.011808289197830283,0.011808564608737483,0.011808839965232847,0.01180911526738503,0.011809390515101546,0.011809665708542348,0.011809940847615358,0.011810215932414256,0.011810490962942212,0.011810765939176826,0.011811040861496572,0.011811315729311999,0.01181159054284259,0.011811865302171641,0.011812140007285947,0.011812414658309947,0.01181268925511178,0.01181296379782785,0.011813238286649356,0.01181351272115648,0.011813787101605536,0.011814061428010648,0.01181433570036185,0.011814609918876534,0.011814884083415753,0.011815158193851143,0.011815432250320205,0.011815706252787566,0.01181598020151465,0.01181625409622014,0.011816527937090267
20,1.688535403155211e-23,3.693390662408003e-23,5.9000430508777e-23,8.255774770877892e-23,1.0722492599407092e-22,1.3271867864904873e-22,1.5882803761636715e-22,1.853958809913867e-22,2.123051892864472e-22,2.394688100293132e-22,2.6682183477034417e-22,2.943159217156827e-22,3.219150674020463e-22,3.4959245756962744e-22,3.773281217922952e-22,4.051071867180282e-22,4.329185751370048e-22,4.607540370880158e-22,4.886074282564205e-22,5.164741725484538e-22,5.443508618313431e-22,5.7223495783377465e-22,6.001245701308109e-22,6.280182907923011e-22,6.559150712357916e-22,6.838141305097161e-22,7.117148869856427e-22,7.396169074848118e-22,7.675198693891608e-22,7.954235324227988e-22,8.2332771763571315e-22,8.512322917515031e-22,8.791371555100593e-22,9.07042234985531e-22,9.3494747512025e-22,9.628528349089795e-22,9.907582838122939e-22,1.0186637990853778e-21,1.0465693637885977e-21,1.0744749653058519e-21,1.1023805942410481e-21,1.1302862435962746e-21,1.1581919081597091e-21,1.1860975840497368e-21,1.2140032683754611e-21,1.2419089589838305e-21,1.2698146542713188e-21,1.2977203530436712e-21,1.3256260544114413e-21,1.3535317577121942e-21,1.3814374624525746e-21,1.4093431682651449e-21,1.4372488748762486e-21,1.4651545820820751e-21,1.4930602897308313e-21,1.5209659977094687e-21,1.5488717059337905e-21,1.5767774143410966e-21,1.6046831228846779e-21,1.6325888315297522e-21,1.6604945402504179e-21,1.6884002490273804e-21,1.7163059578462713e-21,1.744211666696391e-21,1.7721173755697667e-21,1.8000230844604603e-21,1.8279287933640554e-21,1.8558345022772576e-21,1.8837402111976166e-21,1.9116459201233064e-21,1.939551629052963e-21,1.9674573379855745e-21,1.995363046920388e-21,2.0232687558568425e-21,2.0511744647945138e-21,2.079080173733099e-21,2.1069858826723608e-21,2.134891591612125e-21,2.1627973005522684e-21,2.1907030094926905e-21,2.218608718433321e-21,2.246514427374106e-21,2.2744201363150048e-21,2.3023258452559904e-21,2.330231554197039e-21,2.3581372631381388e-21,2.386042972079271e-21,2.413948681020431e-21,2.441854389961613e-21,2.4697600989028076e-21,2.4976658078440147e-21,2.525571516785227e-21,2.5534772257264475e-21,2.581382934667673e-21,2.6092886436089e-21,2.637194352550131e-21,2.6651000614913645e-21,2.6930057704325976e-21,2.7209114793738315e-21,2.748817188315066e-21,2.7767228972563004e-21,2.804628606197536e-21,2.832534315138769e-21,2.8604400240800042e-21,2.888345733021239e-21,2.916251441962475e-21,2.9441571509037107e-21,2.9720628598449453e-21,2.9999685687861807e-21,3.027874277727417e-21,3.0557799866686522e-21,3.083685695609887e-21,3.1115914045511207e-21,3.139497113492356e-21,3.1674028224335914e-21,3.1953085313748257e-21,3.223214240316061e-21,3.2511199492572957e-21,3.2790256581985295e-21,3.3069313671397645e-21,3.3348370760809984e-21,3.362742785022233e-21,3.390648493963467e-21,3.418554202904702e-21,3.4464599118459365e-21,3.474365620787172e-21,3.502271329728407e-21,3.530177038669643e-21,3.558082747610877e-21,3.585988456552112e-21,3.613894165493346e-21,3.641799874434581e-21,3.669705583375816e-21,3.69761129231705e-21,3.725517001258285e-21,3.75342271019952e-21,3.7813284191407534e-21,3.809234128081989e-21,3.837139837023225e-21,3.86504554596446e-21,3.892951254905695e-21,3.920856963846931e-21,3.948762672788166e-21,3.9766683817294e-21,4.0045740906706334e-21,4.032479799611868e-21,4.0603855085531034e-21,4.088291217494338e-21,4.116196926435572e-21,4.144102635376805e-21,4.17200834431804e-21,4.199914053259274e-21,4.2278197622005096e-21,4.255725471141744e-21,4.283631180082978e-21,4.3115368890242116e-21,4.339442597965446e-21,4.36734830690668e-21,4.3952540158479136e-21,4.4231597247891485e-21,4.4510654337303835e-21,4.478971142671617e-21,4.506876851612851e-21,4.534782560554083e-21,4.56268826949532e-21,4.590593978436554e-21,4.61849968737779e-21,4.646405396319024e-21,4.6743111052602605e-21,4.702216814201496e-21,4.7301225231427305e-21,4.758028232083965e-21,4.785933941025201e-21,4.813839649966437e-21,4.841745358907671e-21,4.8696510678489055e-21,4.8975567767901405e-21,4.9254624857313755e-21,4.9533681946726105e-21,4.981273903613847e-21,5.009179612555082e-21,5.037085321496316e-21,5.064991030437551e-21,5.0928967393787854e-21,5.12080244832002e-21,5.148708157261254e-21,5.17661386620249e-21,5.204519575143725e-21,5.232425284084959e-21,5.260330993026193e-21,5.2882367019674274e-21,5.3161424109086624e-21,5.344048119849896e-21,5.371953828791131e-21,5.399859537732366e-21,5.4277652466736e-21,5.455670955614834e-21,5.4835766645560686e-21,5.511482373497303e-21,5.539388082438538e-21,5.567293791379772e-21,5.595199500321005e-21,5.623105209262239e-21,5.6510109182034726e-21,5.678916627144707e-21,5.706822336085941e-21,5.734728045027177e-21,5.76263375396841e-21,5.790539462909645e-21,5.8184451718508795e-21,5.846350880792113e-21,5.8742565897333465e-21,5.90216229867458e-21,5.930068007615815e-21,5.9579737165570485e-21,5.985879425498283e-21,6.013785134439519e-21,6.041690843380752e-21,6.069596552321987e-21,6.097502261263222e-21,6.125407970204454e-21,6.15331367914569e-21,6.181219388086923e-21,6.209125097028159e-21,6.2370308059693924e-21,6.264936514910625e-21,6.292842223851861e-21,6.3207479327930944e-21,6.34865364173433e-21,6.376559350675565e-21,6.4044650596167994e-21,6.432370768558033e-21,6.460276477499268e-21,6.4881821864405036e-21,6.516087895381737e-21,6.543993604322973e-21,6.571899313264206e-21,6.599805022205443e-21,6.627710731146677e-21,6.6556164400879106e-21,6.683522149029146e-21,6.711427857970381e-21,6.739333566911616e-21,6.767239275852849e-21,6.795144984794083e-21,6.823050693735318e-21,6.850956402676552e-21,6.878862111617788e-21,6.906767820559022e-21,6.934673529500256e-21,6.96257923844149e-21,6.990484947382725e-21,7.018390656323959e-21,7.046296365265193e-21,7.074202074206426e-21,7.102107783147661e-21,7.130013492088896e-21,7.15791920103013e-21,7.185824909971364e-21,7.213730618912597e-21,7.241636327853831e-21,7.269542036795067e-21,7.2974477457363e-21,7.325353454677535e-21,7.353259163618771e-21,7.381164872560004e-21,7.409070581501238e-21,7.436976290442474e-21,7.464881999383708e-21,7.492787708324942e-21,7.520693417266178e-21,7.548599126207411e-21,7.576504835148645e-21,7.604410544089881e-21,7.632316253031114e-21,7.660221961972348e-21,7.688127670913584e-21,7.716033379854818e-21,7.74393908879605e-21,7.771844797737285e-21,7.799750506678518e-21,7.827656215619755e-21,7.855561924560988e-21,7.883467633502222e-21,7.911373342443456e-21,7.939279051384692e-21,7.967184760325923e-21,7.995090469267157e-21,8.022996178208392e-21,8.050901887149627e-21,8.078807596090862e-21,8.106713305032094e-21,8.13461901397333e-21,8.162524722914564e-21,8.190430431855795e-21,8.218336140797033e-21,8.246241849738267e-21,8.274147558679501e-21,8.302053267620735e-21,8.32995897656197e-21,8.357864685503205e-21,8.38577039444444e-21,8.413676103385674e-21,8.441581812326907e-21,8.469487521268142e-21,8.497393230209377e-21,8.525298939150611e-21,8.553204648091845e-21,8.581110357033078e-21,8.609016065974312e-21,8.636921774915545e-21,8.66482748385678e-21,8.692733192798016e-21,8.720638901739252e-21,8.748544610680483e-21,8.77645031962172e-21,8.804356028562956e-21,8.83226173750419e-21,8.860167446445425e-21,8.888073155386659e-21,8.91597886432789e-21,8.943884573269129e-21,8.971790282210363e-21,8.999695991151598e-21,9.02760170009283e-21,9.055507409034066e-21,9.083413117975299e-21,9.111318826916533e-21,9.139224535857767e-21,9.167130244799002e-21,9.195035953740236e-21,9.22294166268147e-21,9.250847371622704e-21,9.278753080563941e-21,9.306658789505174e-21,9.334564498446407e-21,9.362470207387643e-21,9.390375916328877e-21,9.418281625270111e-21,9.446187334211345e-21,9.474093043152583e-21,9.501998752093815e-21,9.529904461035051e-21,9.557810169976287e-21,9.58571587891752e-21,9.613621587858757e-21,9.641527296799991e-21,9.669433005741225e-21,9.697338714682458e-21,9.725244423623695e-21,9.753150132564928e-21,9.781055841506161e-21,9.808961550447398e-21,9.836867259388632e-21,9.864772968329867e-21,9.8926786772711e-21,9.92058438621233e-21,9.948490095153566e-21,9.976395804094798e-21,1.0004301513036035e-20,1.0032207221977269e-20,1.0060112930918502e-20,1.0088018639859739e-20,1.011592434880097e-20,1.0143830057742206e-20,1.0171735766683442e-20,1.0199641475624676e-20,1.0227547184565912e-20,1.0255452893507145e-20,1.0283358602448382e-20,1.0311264311389616e-20,1.0339170020330849e-20,1.0367075729272085e-20,1.0394981438213322e-20,1.0422887147154558e-20,1.045079285609579e-20,1.0478698565037026e-20,1.0506604273978262e-20,1.0534509982919497e-20,1.0562415691860729e-20,1.0590321400801966e-20,1.0618227109743199e-20,1.0646132818684433e-20,1.0674038527625669e-20,1.0701944236566901e-20,1.0729849945508139e-20,1.0757755654449373e-20,1.0785661363390609e-20,1.0813567072331843e-20,1.0841472781273076e-20,1.0869378490214313e-20,1.0897284199155547e-20,1.0925189908096781e-20,1.0953095617038016e-20,1.098100132597925e-20,1.1008907034920484e-20,1.1036812743861718e-20,1.1064718452802953e-20,1.1092624161744185e-20,1.1120529870685421e-20,1.1148435579626655e-20,1.117634128856789e-20,1.1204246997509124e-20,1.1232152706450357e-20,1.1260058415391592e-20,1.1287964124332825e-20,1.131586983327406e-20,1.1343775542215295e-20,1.1371681251156528e-20,1.1399586960097764e-20,1.1427492669038998e-20,1.1455398377980229e-20,1.1483304086921465e-20,1.1511209795862699e-20,1.1539115504803933e-20,1.156702121374517e-20,1.1594926922686403e-20,1.1622832631627637e-20,1.1650738340568873e-20,1.167864404951011e-20,1.1706549758451345e-20,1.1734455467392576e-20,1.1762361176333812e-20,1.1790266885275043e-20,1.181817259421628e-20,1.1846078303157516e-20,1.1873984012098747e-20,1.1901889721039983e-20,1.1929795429981217e-20,1.1957701138922454e-20,1.1985606847863687e-20,1.2013512556804921e-20,1.2041418265746153e-20,1.2069323974687388e-20,1.2097229683628623e-20,1.2125135392569855e-20,1.215304110151109e-20,1.2180946810452324e-20,1.220885251939356e-20,1.2236758228334797e-20,1.2264663937276028e-20,1.2292569646217265e-20,1.2320475355158495e-20,1.234838106409973e-20,1.2376286773040965e-20,1.2404192481982195e-20,1.2432098190923429e-20,1.2460003899864663e-20,1.2487909608805896e-20,1.251581531774713e-20,1.2543721026688363e-20,1.2571626735629597e-20,1.2599532444570835e-20,1.2627438153512069e-20,1.2655343862453301e-20,1.2683249571394534e-20,1.2711155280335768e-20,1.2739060989277003e-20,1.276696669821824e-20,1.2794872407159476e-20,1.2822778116100707e-20,1.2850683825041941e-20,1.2878589533983178e-20,1.2906495242924414e-20,1.2934400951865644e-20,1.2962306660806881e-20,1.2990212369748115e-20,1.301811807868935e-20,1.3046023787630582e-20,1.3073929496571815e-20,1.3101835205513052e-20,1.3129740914454287e-20,1.3157646623395521e-20,1.3185552332336754e-20,1.3213458041277985e-20,1.3241363750219225e-20,1.326926945916046e-20,1.3297175168101697e-20,1.3325080877042932e-20,1.3352986585984167e-20,1.3380892294925401e-20,1.3408798003866637e-20,1.3436703712807871e-20,1.3464609421749102e-20,1.349251513069034e-20,1.3520420839631575e-20,1.354832654857281e-20,1.357623225751404e-20,1.360413796645527e-20,1.363204367539651e-20,1.3659949384337742e-20,1.3687855093278978e-20,1.3715760802220207e-20,1.374366651116144e-20,1.3771572220102676e-20,1.3799477929043908e-20,1.3827383637985144e-20,1.385528934692638e-20,1.388319505586761e-20,1.3911100764808845e-20,1.393900647375008e-20,1.3966912182691314e-20,1.399481789163255e-20,1.4022723600573782e-20,1.4050629309515018e-20,1.407853501845625e-20,1.4106440727397487e-20,1.413434643633872e-20,1.416225214527995e-20,1.4190157854221185e-20,1.421806356316242e-20,1.424596927210365e-20,1.4273874981044886e-20,1.430178068998612e-20,1.4329686398927352e-20,1.4357592107868584e-20,1.4385497816809817e-20,1.4413403525751053e-20,1.4441309234692286e-20,1.4469214943633518e-20,1.449712065257475e-20,1.452502636151599e-20,1.4552932070457223e-20,1.4580837779398455e-20,1.460874348833969e-20,1.4636649197280924e-20,1.4664554906222156e-20,1.4692460615163392e-20,1.4720366324104625e-20,1.4748272033045858e-20,1.4776177741987093e-20,1.480408345092833e-20,1.4831989159869562e-20,1.4859894868810798e-20,1.4887800577752033e-20,1.491570628669327e-20,1.4943611995634505e-20,1.4971517704575735e-20,1.4999423413516967e-20,1.5027329122458203e-20,1.5055234831399436e-20,1.508314054034067e-20,1.51110462492819e-20,1.5138951958223137e-20,1.5166857667164373e-20,1.5194763376105612e-20,1.5222669085046847e-20,1.5250574793988077e-20,1.5278480502929313e-20,1.530638621187055e-20,1.533429192081178e-20,1.5362197629753014e-20,1.5390103338694253e-20,1.5418009047635486e-20,1.5445914756576727e-20,1.547382046551796e-20,1.5501726174459193e-20,1.552963188340043e-20,1.5557537592341664e-20,1.55854433012829e-20,1.5613349010224133e-20,1.5641254719165366e-20,1.56691604281066e-20,1.5697066137047834e-20,1.5724971845989067e-20,1.5752877554930303e-20,1.5780783263871532e-20,1.5808688972812768e-20,1.5836594681754e-20,1.5864500390695236e-20,1.589240609963647e-20,1.5920311808577702e-20,1.5948217517518938e-20,1.5976123226460173e-20,1.600402893540141e-20,1.6031934644342648e-20,1.605984035328388e-20,1.6087746062225116e-20,1.6115651771166352e-20,1.6143557480107585e-20,1.6171463189048818e-20,1.6199368897990053e-20,1.6227274606931286e-20,1.625518031587252e-20,1.6283086024813755e-20,1.6310991733754987e-20,1.633889744269622e-20,1.6366803151637456e-20,1.6394708860578692e-20,1.6422614569519924e-20,1.6450520278461157e-20,1.6478425987402393e-20,1.6506331696343626e-20,1.6534237405284864e-20,1.6562143114226097e-20,1.659004882316733e-20,1.6617954532108566e-20,1.66458602410498e-20,1.6673765949991034e-20,1.6701671658932267e-20,1.6729577367873503e-20,1.6757483076814735e-20,1.678538878575597e-20,1.681329449469721e-20,1.684120020363844e-20,1.6869105912579675e-20,1.689701162152091e-20,1.692491733046214e-20,1.695282303940338e-20,1.6980728748344612e-20,1.7008634457285848e-20,1.703654016622708e-20,1.7064445875168316e-20,1.7092351584109546e-20,1.712025729305078e-20,1.7148163001992018e-20,1.7176068710933253e-20,1.7203974419874483e-20,1.723188012881572e-20,1.7259785837756955e-20,1.7287691546698187e-20,1.7315597255639423e-20,1.734350296458066e-20,1.737140867352189e-20,1.7399314382463124e-20,1.742722009140436e-20,1.74551258003456e-20,1.748303150928683e-20,1.7510937218228067e-20,1.7538842927169303e-20,1.756674863611054e-20,1.7594654345051772e-20,1.7622560053993004e-20,1.765046576293424e-20,1.7678371471875473e-20,1.770627718081671e-20,1.7734182889757944e-20,1.7762088598699174e-20,1.778999430764041e-20,1.7817900016581652e-20,1.784580572552288e-20,1.787371143446411e-20,1.7901617143405344e-20,1.792952285234658e-20,1.7957428561287812e-20,1.7985334270229048e-20,1.8013239979170287e-20,1.804114568811152e-20,1.8069051397052755e-20,1.809695710599399e-20,1.812486281493522e-20,1.8152768523876453e-20,1.8180674232817692e-20,1.8208579941758925e-20,1.823648565070016e-20,1.8264391359641396e-20,1.829229706858263e-20,1.8320202777523865e-20,1.83481084864651e-20,1.8376014195406333e-20,1.8403919904347575e-20,1.8431825613288802e-20,1.845973132223004e-20,1.848763703117128e-20,1.8515542740112512e-20,1.8543448449053745e-20,1.8571354157994978e-20,1.859925986693621e-20,1.8627165575877443e-20,1.865507128481868e-20,1.8682976993759915e-20,1.8710882702701144e-20,1.8738788411642383e-20,1.876669412058362e-20,1.879459982952485e-20,1.8822505538466084e-20,1.8850411247407323e-20,1.887831695634856e-20,1.890622266528979e-20,1.8934128374231024e-20,1.8962034083172254e-20,1.8989939792113487e-20,1.901784550105473e-20,1.9045751209995958e-20,1.907365691893719e-20,1.910156262787843e-20,1.9129468336819663e-20,1.9157374045760898e-20,1.9185279754702128e-20,1.9213185463643364e-20,1.92410911725846e-20,1.9268996881525835e-20,1.929690259046707e-20,1.9324808299408307e-20,1.935271400834954e-20,1.9380619717290772e-20,1.9408525426232008e-20,1.9436431135173247e-20,1.9464336844114482e-20,1.9492242553055715e-20,1.952014826199695e-20,1.9548053970938187e-20,1.957595967987942e-20,1.9603865388820655e-20,1.9631771097761894e-20,1.965967680670313e-20,1.9687582515644362e-20,1.97154882245856e-20,1.9743393933526837e-20,1.9771299642468073e-20,1.9799205351409302e-20,1.9827111060350535e-20,1.9855016769291768e-20,1.9882922478233e-20,1.9910828187174236e-20,1.9938733896115472e-20,1.9966639605056708e-20,1.999454531399794e-20,2.0022451022939176e-20,2.0050356731880412e-20,2.0078262440821642e-20,2.0106168149762875e-20,2.013407385870411e-20,2.0161979567645343e-20,2.0189885276586576e-20,2.0217790985527812e-20,2.0245696694469044e-20,2.027360240341028e-20,2.030150811235151e-20,2.0329413821292745e-20,2.035731953023398e-20,2.0385225239175214e-20,2.041313094811645e-20,2.0441036657057682e-20,2.0468942365998915e-20,2.049684807494015e-20,2.0524753783881384e-20,2.055265949282262e-20,2.0580565201763858e-20,2.060847091070509e-20,2.0636376619646327e-20,2.0664282328587562e-20,2.0692188037528795e-20,2.0720093746470028e-20,2.0747999455411264e-20,2.07759051643525e-20,2.0803810873293735e-20,2.0831716582234965e-20,2.0859622291176204e-20,2.088752800011744e-20,2.091543370905867e-20,2.0943339417999905e-20,2.0971245126941135e-20,2.099915083588237e-20,2.1027056544823606e-20,2.105496225376484e-20,2.1082867962706072e-20,2.1110773671647307e-20,2.1138679380588543e-20,2.116658508952978e-20,2.1194490798471015e-20,2.1222396507412244e-20,2.125030221635348e-20,2.1278207925294716e-20,2.1306113634235952e-20,2.133401934317719e-20,2.1361925052118423e-20,2.1389830761059656e-20,2.1417736470000895e-20,2.144564217894213e-20,2.1473547887883363e-20,2.15014535968246e-20,2.1529359305765835e-20,2.155726501470707e-20,2.1585170723648303e-20,2.1613076432589536e-20,2.1640982141530768e-20,2.1668887850472004e-20,2.1696793559413243e-20,2.1724699268354482e-20,2.175260497729571e-20,2.1780510686236947e-20,2.1808416395178186e-20,2.183632210411942e-20,2.186422781306065e-20,2.1892133522001887e-20,2.1920039230943126e-20,2.1947944939884362e-20,2.1975850648825594e-20,2.2003756357766824e-20,2.203166206670806e-20,2.2059567775649296e-20,2.208747348459053e-20,2.2115379193531767e-20,2.2143284902472997e-20,2.2171190611414233e-20,2.219909632035547e-20,2.2227002029296707e-20,2.225490773823794e-20,2.2282813447179164e-20,2.2310719156120405e-20,2.2338624865061638e-20,2.2366530574002865e-20,2.2394436282944104e-20,2.2422341991885333e-20,2.2450247700826566e-20,2.2478153409767802e-20,2.250605911870904e-20,2.253396482765027e-20,2.2561870536591512e-20,2.258977624553274e-20,2.2617681954473975e-20,2.2645587663415213e-20,2.267349337235645e-20,2.270139908129768e-20,2.272930479023891e-20,2.2757210499180147e-20,2.278511620812138e-20,2.2813021917062616e-20,2.2840927626003854e-20,2.2868833334945084e-20,2.2896739043886323e-20,2.2924644752827556e-20,2.295255046176879e-20,2.2980456170710024e-20,2.300836187965125e-20,2.303626758859249e-20,2.3064173297533725e-20,2.3092079006474964e-20,2.31199847154162e-20,2.3147890424357433e-20,2.3175796133298668e-20,2.32037018422399e-20,2.3231607551181134e-20,2.3259513260122373e-20,2.32874189690636e-20,2.3315324678004835e-20,2.3343230386946068e-20,2.3371136095887304e-20,2.3399041804828542e-20,2.3426947513769778e-20,2.3454853222711017e-20,2.3482758931652253e-20,2.3510664640593485e-20,2.3538570349534712e-20,2.356647605847595e-20,2.3594381767417178e-20,2.362228747635842e-20,2.3650193185299658e-20,2.3678098894240888e-20,2.3706004603182127e-20,2.373391031212336e-20,2.3761816021064595e-20,2.3789721730005828e-20,2.381762743894706e-20,2.3845533147888293e-20,2.3873438856829523e-20,2.3901344565770762e-20,2.3929250274711997e-20,2.3957155983653236e-20,2.3985061692594472e-20,2.4012967401535705e-20,2.4040873110476937e-20,2.406877881941817e-20,2.4096684528359403e-20,2.412459023730064e-20,2.415249594624187e-20,2.4180401655183107e-20,2.420830736412434e-20,2.423621307306558e-20,2.426411878200681e-20,2.4292024490948047e-20,2.431993019988928e-20,2.4347835908830513e-20,2.4375741617771745e-20,2.440364732671298e-20,2.4431553035654214e-20,2.445945874459544e-20,2.4487364453536676e-20,2.451527016247791e-20,2.4543175871419148e-20,2.4571081580360384e-20,2.4598987289301616e-20,2.462689299824285e-20,2.4654798707184085e-20,2.4682704416125324e-20,2.4710610125066556e-20,2.4738515834007786e-20,2.476642154294902e-20,2.4794327251890252e-20,2.4822232960831484e-20,2.4850138669772717e-20,2.487804437871395e-20,2.4905950087655176e-20,2.4933855796596412e-20,2.4961761505537645e-20,2.498966721447888e-20,2.501757292342011e-20,2.504547863236134e-20,2.507338434130257e-20,2.51012900502438e-20,2.512919575918503e-20,2.515710146812626e-20,2.5185007177067486e-20,2.5212912886008716e-20,2.5240818594949942e-20,2.526872430389117e-20,2.5296630012832396e-20,2.5324535721773628e-20,2.5352441430714855e-20,2.5380347139656082e-20,2.540825284859731e-20,2.5436158557538535e-20,2.5464064266479768e-20,2.5491969975420992e-20,2.5519875684362218e-20,2.554778139330345e-20,2.5575687102244678e-20,2.56035928111859e-20,2.563149852012713e-20,2.5659404229068352e-20,2.5687309938009582e-20,2.571521564695081e-20,2.5743121355892035e-20,2.5771027064833256e-20,2.5798932773774483e-20,2.5826838482715712e-20,2.5854744191656933e-20,2.588264990059816e-20,2.5910555609539387e-20,2.593846131848061e-20,2.5966367027421837e-20,2.5994272736363058e-20,2.602217844530429e-20,2.6050084154245508e-20,2.607798986318673e-20,2.6105895572127953e-20,2.6133801281069185e-20,2.6161706990010412e-20,2.6189612698951633e-20,2.6217518407892856e-20,2.6245424116834077e-20,2.627332982577531e-20,2.630123553471653e-20,2.6329141243657754e-20,2.635704695259898e-20,2.6384952661540205e-20,2.6412858370481425e-20,2.6440764079422646e-20,2.646866978836387e-20,2.649657549730509e-20,2.6524481206246314e-20,2.6552386915187535e-20,2.658029262412876e-20,2.6608198333069985e-20,2.6636104042011206e-20,2.666400975095243e-20,2.6691915459893656e-20,2.6719821168834883e-20,2.6747726877776104e-20,2.6775632586717328e-20,2.6803538295658554e-20,2.6831444004599778e-20,2.6859349713541005e-20,2.6887255422482225e-20,2.691516113142345e-20,2.6943066840364676e-20,2.6970972549305897e-20,2.699887825824712e-20,2.702678396718834e-20,2.705468967612956e-20,2.708259538507078e-20,2.7110501094012e-20,2.713840680295322e-20,2.7166312511894444e-20,2.7194218220835665e-20,2.7222123929776886e-20,2.7250029638718107e-20,2.727793534765933e-20,2.7305841056600554e-20,2.7333746765541775e-20,2.7361652474482995e-20,2.7389558183424216e-20,2.7417463892365437e-20,2.7445369601306664e-20,2.747327531024788e-20,2.75011810191891e-20,2.752908672813032e-20,2.755699243707154e-20,2.758489814601276e-20,2.761280385495399e-20,2.76407095638952e-20,2.7668615272836423e-20,2.769652098177765e-20,2.7724426690718865e-20,2.7752332399660085e-20,2.77802381086013e-20,2.7808143817542527e-20,2.783604952648374e-20,2.786395523542496e-20,1.5182920279790787e-15,3.2590709521018684e-15,5.080799428547233e-15,6.974507396684422e-15,8.942806485969089e-15,1.0989420018416593e-14,1.3118376348231726e-14,1.5333964567126767e-14,1.764074915539563e-14,2.0043590576909536e-14,2.2547668049724218e-14,2.515850438933716e-14,2.7881993110840812e-14,3.072442802054291e-14,3.369253555546603e-14,3.679351016159748e-14,4.0035053034974117e-14,4.342541459144802e-14,4.6973441072531904e-14,5.0688625748459455e-14,5.458116523484969e-14,5.8662021507327e-14,6.294299027060268e-14,6.743677642497522e-14,7.215707747688935e-14,7.711867583836697e-14,8.233754110815274e-14,8.783094355982422e-14,9.361758024112581e-14,9.971771528637134e-14,1.0615333627063431e-13,1.129483286999865e-13,1.201286710415817e-13,1.2772265305425013e-13,1.3576112060033094e-13,1.4427775060523525e-13,1.533093604097947e-13,1.6289625642153204e-13,1.7308262777805237e-13,1.8391699165160156e-13,1.9545269793394518e-13,2.0774850234837057e-13,2.2086921858366985e-13,2.34886461893536e-13,2.498794988116701e-13,2.659362202767555e-13,2.831542586309036e-13,3.016422727789028e-13,3.2152143040950795e-13,3.429271217671302e-13,3.660109462543809e-13,3.9094302144002853e-13,4.1791467412487927e-13,4.4714158559880327e-13,4.788674784858934e-13,5.133684514392645e-13,5.509580914155342e-13,5.919935223628262e-13,6.368825855358662e-13,6.860923923285485e-13,7.401595477798595e-13,7.99702415556885e-13,8.654358869119117e-13,9.381892333754178e-13,1.018927772183297e-12,1.1087792653863262e-12,1.2090662204898781e-12,1.3213455797069114e-12,1.447457699005403e-12,1.5895870571861088e-12,1.7503378392777535e-12,1.932828460652901e-12,2.1408103096949783e-12,2.378817581777824e-12,2.6523571822874166e-12,2.968150460755023e-12,3.334442231040959e-12,3.761397451480599e-12,4.261612539671799e-12,4.8507772774554114e-12,5.548535791360403e-12,6.3796133352077606e-12,7.375303925439445e-12,8.575461724466867e-12,1.0031227510183604e-11,1.1808898350795764e-11,1.3995721666502385e-11,1.6709205991475054e-11,2.011332659303107e-11,2.444895894341734e-11,3.0094741307181585e-11,3.769516357118834e-11,4.844365306614163e-11,6.474376960871673e-11,9.182910564813097e-11,1.4156505357247554e-10,2.379969817150855e-10,3.13536416222916e-10,3.1353641622442463e-10,3.1353641622512163e-10,3.1353641622645267e-10,3.135364163246964e-10,5.835181069752945e-10,9.085967507992172e-10,1.3734787889820038e-09,2.1158923575293385e-09,3.2299586380225354e-09,4.6446246397171895e-09,6.092276942837361e-09,7.137713325312171e-09,7.4909718944348e-09,7.191602008335041e-09,6.477456776159793e-09,5.593023435706618e-09,4.704118258502208e-09,3.8998304654260994e-09,6.035966577582164e-09,6.976748095827638e-09,7.512534319518205e-09,7.841650558522594e-09,8.0439038679396e-09,8.162624825229604e-09,8.224489297017478e-09,8.246928429009295e-09,8.241748100560113e-09,8.21714316035864e-09,8.178903939058233e-09,8.1311757462551e-09,8.076954888942214e-09,8.018421961915139e-09,7.957170903267472e-09,7.894369306009783e-09,7.830872303262521e-09,7.767304479221513e-09,7.704119396467428e-09,7.641643236152068e-09,7.58010702905912e-09,7.519670610490997e-09,7.460440519161081e-09,7.402483431037208e-09,7.345836279295673e-09,7.290513900465776e-09,7.2365148244745486e-09,7.183825665835596e-09,7.132424456479913e-09,7.0822831751409365e-09,7.033369665060659e-09,6.985649084892439e-09,6.939085002681588e-09,6.893640216554464e-09,6.849277365955964e-09,6.805959382314435e-09,6.763649816635242e-09,6.722313072861028e-09,6.6819145692156694e-09,6.642420844657954e-09,6.603799623679431e-09,6.566019849657093e-09,6.529051694662449e-09,6.4928665518165625e-09,6.4574370149000266e-09,6.422736848839549e-09,6.3887409538545304e-09,6.3554253253989045e-09,6.322767011520035e-09,6.290744068868955e-09,6.259335518286321e-09,6.228521300650741e-09,6.198282233493409e-09,6.168599968739236e-09,6.139456951825503e-09,6.110836382362857e-09,6.082722176442203e-09,6.055098930637148e-09,6.02795188772039e-09,6.001266904080175e-09,5.975030418805122e-09,5.949229424392711e-09,5.9238514390226586e-09,5.898884480333926e-09,5.874317040639171e-09,5.850138063505361e-09,5.826336921635249e-09,5.802903395976825e-09,5.77982765599686e-09,5.7571002410527384e-09,5.7347120427975405e-09,5.7126542885629064e-09,5.69091852565708e-09,5.669496606528888e-09,5.648380674741534e-09,5.627563151711788e-09,5.607036724165512e-09,5.586794332268813e-09,5.566829158392047e-09,5.547134616471417e-09,5.527704341929662e-09,5.508532182124254e-09,5.489612187291462e-09,5.470938601956294e-09,5.4525058567813645e-09,5.4343085608289986e-09,5.416341494212157e-09,5.398599601112284e-09,5.38107798314176e-09,5.363771893032674e-09,5.346676728632101e-09,5.329788027187695e-09,5.313101459905807e-09,5.2966128267689436e-09,5.280318051596536e-09,5.264213177336338e-09,5.248294361573964e-09,5.232557872248088e-09,5.217000083561725e-09,5.201617472077373e-09,5.186406612987602e-09,5.1713641765506835e-09,5.156486924684573e-09,5.141771707708307e-09,5.127215461226466e-09,5.1128152031458934e-09,5.098568030821429e-09,5.084471118321833e-09,5.0705217138101006e-09,5.056717137034365e-09,5.043054776921466e-09,5.029532089270164e-09,5.016146594537742e-09,5.002895875716494e-09,4.9897775762957166e-09,4.976789398304163e-09,4.963929100430965e-09,4.951194496219425e-09,4.938583452331406e-09,4.9260938868798855e-09,4.913723767823223e-09,4.901471111424151e-09,4.889333980763515e-09,4.8773104843121765e-09,4.8653987745557984e-09,4.8535970466702305e-09,4.841903537245799e-09,4.830316523058449e-09,4.8188343198855825e-09,4.8074552813639285e-09,4.7961777978892386e-09,4.785000295554824e-09,4.7739212351271825e-09,4.762939111058061e-09,4.7520524505310345e-09,4.7412598125407556e-09,4.730559787004381e-09,4.7199509939026585e-09,4.709432082451493e-09,4.69900173029953e-09,4.688658642755065e-09,4.678401552036733e-09,4.668229216549913e-09,4.658140420186944e-09,4.64813397165027e-09,4.638208703797279e-09,4.628363473006523e-09,4.618597158564467e-09,4.6089086620717654e-09,4.599296906867824e-09,4.5897608374747145e-09,4.580299419057084e-09,4.5709116369003145e-09,4.561596495903664e-09,4.552353020090076e-09,4.54318025213011e-09,4.5340772528806235e-09,4.525043100938382e-09,4.516076892205633e-09,4.507177739469385e-09,4.4983447719937985e-09,4.4895771351233205e-09,4.4808739898989e-09,4.4722345126842685e-09,4.463657894804019e-09,4.45514334219192e-09,4.44669007504881e-09,4.438297327510996e-09,4.429964347327816e-09,4.421690395548283e-09,4.413474746216816e-09,4.405316686077276e-09,4.397215514285041e-09,4.389170542128131e-09,4.3811810927541215e-09,4.373246500907082e-09,4.365366112669091e-09,4.357539285210472e-09,4.349765386546737e-09,4.342043795301174e-09,4.33437390047421e-09,4.326755101219651e-09,4.319186806625275e-09,4.311668435500889e-09,4.304199416170854e-09,4.29677918627219e-09,4.289407192559335e-09,4.282082890710272e-09,4.274805745142539e-09,4.2675752288303496e-09,4.260390823127612e-09,4.253252017595717e-09,4.246158309834875e-09,4.2391092053205945e-09,4.23210421724338e-09,4.225142866353075e-09,4.21822468080703e-09,4.211349196021055e-09,4.204515954525667e-09,4.197724505824607e-09,4.19097440625675e-09,4.184265218862772e-09,4.177596513252826e-09,4.170967865479683e-09,4.1643788579127445e-09,4.157829079117214e-09,4.151318123734226e-09,4.144845592364816e-09,4.138411091456901e-09,4.1320142331935046e-09,4.125654635385211e-09,4.119331921363945e-09,4.113045719880096e-09,4.106795665001007e-09,4.1005813960126465e-09,4.0944025573232486e-09,4.088258798368727e-09,4.082149773520992e-09,4.076075141997808e-09,4.070034567774181e-09,4.064027719497479e-09,4.05805427040226e-09,4.0521138982282275e-09,4.046206285140113e-09,4.040331117648554e-09,4.034488086533228e-09,4.028676886767705e-09,4.0228972174453915e-09,4.017148781707788e-09,4.011431286673742e-09,4.0057444433702095e-09,4.000087966665316e-09,3.99446157520145e-09,3.9888649913307875e-09,3.983297941052452e-09,3.977760153949432e-09,3.9722513631286325e-09,3.966771305161299e-09,3.961319720024194e-09,3.9558963510430665e-09,3.950500944836631e-09,3.945133251261965e-09,3.939793023360341e-09,3.9344800173054694e-09,3.929193992351183e-09,3.923934710781824e-09,3.918701937862219e-09,3.9134954417895235e-09,3.908314993645823e-09,3.903160367350946e-09,3.898031339618097e-09,3.892927689908084e-09,3.887849200385758e-09,3.882795655877153e-09,3.877766843827482e-09,3.872762554259712e-09,3.867782579733745e-09,3.8628267153070084e-09,3.857894758495811e-09,3.852986509236171e-09,3.848101769847241e-09,3.843240344994103e-09,3.838402041651656e-09,3.83358666906944e-09,3.82879403873677e-09,3.824023964348497e-09,3.819276261771863e-09,3.814550749013406e-09,3.809847246187047e-09,3.805165575482063e-09,3.800505561132313e-09,3.7958670293858794e-09,3.791249808474817e-09,3.786653728585915e-09,3.7820786218321714e-09,3.77752432222389e-09,3.772990665641425e-09,3.768477489807559e-09,3.763984634260907e-09,3.75951194032928e-09,3.755059251104227e-09,3.750626411415154e-09,3.7462132678048065e-09,3.741819668504602e-09,3.73744546341034e-09,3.733090504058829e-09,3.728754643604408e-09,3.7244377367962595e-09,3.7201396399561098e-09,3.7158602109554163e-09,3.7115993091949083e-09,3.7073567955821133e-09,3.7031325325109433e-09,3.6989263838411213e-09,3.6947382148781323e-09,3.6905678923525963e-09,3.68641528440151e-09,3.6822802605486777e-09,3.6781626916855553e-09,3.6740624500531095e-09,3.6699794092234472e-09,3.6659134440814914e-09,3.661864430807763e-09,3.6578322468605558e-09,3.6538167709593603e-09,3.6498178830674725e-09,3.6458354643758338e-09,3.6418693972866447e-09,3.6379195653973327e-09,3.6339858534847565e-09,3.630068147490008e-09,3.626166334502684e-09,3.6222803027464e-09,3.618409941563366e-09,3.6145551414006553e-09,3.6107157937954824e-09,3.606891791361022e-09,3.6030830277727674e-09,3.5992893977550443e-09,3.595510797067135e-09,3.5917471224905868e-09,3.587998271816044e-09,3.584264143830186e-09,3.5805446383036814e-09,3.5768396559781634e-09,3.5731490985544414e-09,3.569472868680623e-09,3.5658108699397094e-09,3.5621630068385364e-09,3.5585291847958693e-09,3.5549093101315954e-09,3.551303290054906e-09,3.547711032653948e-09,3.5441324468848976e-09,3.5405674425610575e-09,3.537015930342722e-09,3.5334778217266612e-09,3.5299530290362286e-09,3.5264414654108096e-09,3.522943044796616e-09,3.5194576819366e-09,3.515985292360985e-09,3.51252579237767e-09,3.509079099063311e-09,3.5056451302539054e-09,3.502223804535645e-09,3.498815041236474e-09,3.4954187604169038e-09,3.492034882861492e-09,3.4886633300706697e-09,3.4853040242517953e-09,3.481956888311376e-09,3.478621845846531e-09,3.475298821137443e-09,3.4719877391388495e-09,3.4686885254728023e-09,3.465401106420698e-09,3.462125408915698e-09,3.4588613605352653e-09,3.455608889493871e-09,3.4523679246357278e-09,3.4491383954275324e-09,3.4459202319514477e-09,3.4427133648982667e-09,3.4395177255601827e-09,3.4363332458245756e-09,3.4331598581667903e-09,3.4299974956437778e-09,3.426846091887777e-09,3.4237055810996544e-09,3.4205758980426344e-09,3.41745697803607e-09,3.414348756949285e-09,3.4112511711957866e-09,3.4081641577267045e-09,3.4050876540255546e-09,3.4020215981017474e-09,3.398965928485505e-09,3.395920584221668e-09,3.392885504864364e-09,3.389860630471531e-09,3.3868459015991147e-09,3.3838412592963687e-09,3.3808466450997355e-09,3.377862001028349e-09,3.3748872695782878e-09,3.3719223937180604e-09,3.3689673168829492e-09,3.3660219829705434e-09,3.3630863363356396e-09,3.3601603217854564e-09,3.3572438845747536e-09,3.3543369704013213e-09,3.3514395254011404e-09,3.34855149614408e-09,3.3456728296287664e-09,3.3428034732789928e-09,3.339943374938435e-09,3.3370924828671114e-09,3.3342507457361838e-09,3.3314181126244395e-09,3.3285945330138802e-09,3.3257799567855764e-09,3.322974334215292e-09,3.3201776159700763e-09,3.31738975310368e-09,3.3146106970527863e-09,3.3118403996333556e-09,3.309078813036637e-09,3.3063258898252227e-09,3.3035815829295494e-09,3.3008458456440046e-09,3.298118631623522e-09,3.2953998948795613e-09,3.292689589777076e-09,3.2899876710305755e-09,3.28729409370085e-09,3.2846088131914557e-09,3.2819317852454283e-09,3.2792629659416185e-09,3.276602311691925e-09,3.273949779237728e-09,3.271305325646229e-09,3.2686689083082584e-09,3.2660404849341225e-09,3.2634200135510576e-09,3.260807452500096e-09,3.258202760432799e-09,3.2556058963085936e-09,3.2530168193912504e-09,3.250435489246668e-09,3.2478618657395e-09,3.245295909030272e-09,3.242737579572759e-09,3.2401868381111857e-09,3.2376436456772587e-09,3.2351079635876006e-09,3.2325797534410775e-09,3.2300589771159164e-09,3.2275455967673334e-09,3.2250395748248322e-09,3.2225408739893377e-09,3.22004945723116e-09,3.217565287787238e-09,3.215088329158452e-09,3.2126185451073648e-09,3.210155899655948e-09,3.2077003570828714e-09,3.205251881921224e-09,3.2028104389562787e-09,3.2003759932230098e-09,3.1979485100038053e-09,3.1955279548264663e-09,3.1931142934615985e-09,3.190707491920451e-09,3.188307516453061e-09,3.185914333545669e-09,3.183527909918702e-09,3.181148212524857e-09,3.1787752085465663e-09,3.176408865394502e-09,3.1740491507051317e-09,3.1716960323383114e-09,3.1693494783764564e-09,3.167009457121298e-09,3.164675937092657e-09,3.1623488870262768e-09,3.160028275871894e-09,3.157714072791294e-09,3.1554062471566597e-09,3.1531047685485385e-09,3.1508096067537168e-09,3.148520731764182e-09,3.1462381137745283e-09,3.143961723180484e-09,3.141691530577264e-09,3.1394275067577953e-09,3.1371696227106827e-09,3.13491784961907e-09,3.132672158858338e-09,3.130432521994892e-09,3.128198910784261e-09,3.1259712971696044e-09,3.123749653279996e-09,3.121533951428976e-09,3.1193241641126004e-09,3.11712026400857e-09,3.114922223973831e-09,3.112730017043684e-09,3.1105436164300315e-09,3.1083629955198094e-09,3.1061881278737287e-09,3.1040189872245477e-09,3.1018555474757e-09,3.09969778269997e-09,3.0975456671380753e-09,3.0953991751969203e-09,3.0932582814486943e-09,3.0911229606290766e-09,3.0889931876362144e-09,3.0868689375289046e-09,3.084750185526017e-09,3.0826369070043188e-09,3.080529077497489e-09,3.078426672695339e-09,3.0763296684414873e-09,3.0742380407331557e-09,3.072151765719164e-09,3.070070819698963e-09,3.0679951791214178e-09,3.0659248205835028e-09,3.0638597208292533e-09,3.061799856748403e-09,3.05974520537513e-09,3.0576957438871475e-09,3.055651449604343e-09,3.0536122999878004e-09,3.0515782726382403e-09,3.04954934529555e-09,3.047525495837164e-09,3.0455067022770234e-09,3.0434929427647495e-09,3.041484195584257e-09,3.039480439152817e-09,3.037481652020129e-09,3.0354878128667977e-09,3.0334989005040412e-09,3.0315148938718886e-09,3.0295357720387047e-09,3.0275615141997955e-09,3.0255920996768275e-09,3.0236275079165435e-09,3.021667718489634e-09,3.0197127110901657e-09,3.0177624655343746e-09,3.0158169617598563e-09,3.0138761798242215e-09,3.0119400999048013e-09,3.010008702297192e-09,3.0080819674145813e-09,3.0061598757867896e-09,3.0042424080592967e-09,3.002329544992509e-09,3.000421267460701e-09,2.998517556451312e-09,2.9966183930638662e-09,2.9947237585093767e-09,2.9928336341091877e-09,2.9909480012945063e-09,2.989066841605145e-09,2.9871901366890976e-09,2.9853178683013805e-09,2.983450018303457e-09,2.981586568662277e-09,2.9797275014495757e-09,2.9778727988411827e-09,2.9760224431159446e-09,2.974176416655212e-09,2.972334701941905e-09,2.970497281559941e-09,2.9686641381932413e-09,2.966835254625295e-09,2.9650106137379484e-09,2.9631901985113343e-09,2.9613739920223866e-09,2.9595619774447843e-09,2.957754138047816e-09,2.9559504571959507e-09,2.9541509183478094e-09,2.95235550505579e-09,2.9505642009652204e-09,2.9487769898138065e-09,2.9469938554306706e-09,2.9452147817360877e-09,2.943439752740386e-09,2.9416687525436865e-09,2.9399017653349697e-09,2.9381387753915955e-09,2.9363797670786365e-09,2.9346247248480285e-09,2.932873633238285e-09,2.93112647687378e-09,2.9293832404639652e-09,2.9276439088026952e-09,2.925908466768131e-09,2.924176899321416e-09,2.9224491915067917e-09,2.920725328450397e-09,2.9190052953601686e-09,2.9172890775249445e-09,2.9155766603139047e-09,2.9138680291762713e-09,2.912163169640408e-09,2.9104620673134938e-09,2.9087647078808285e-09,2.9070710771054442e-09,2.9053811608273336e-09,2.903694944963065e-09,2.902012415505139e-09,2.900333558521764e-09,2.898658360155782e-09,2.8969868066246097e-09,2.895318884219634e-09,2.8936545793054677e-09,2.8919938783197414e-09,2.890336767772297e-09,2.888683234245077e-09,2.887033264391172e-09,2.885386844934766e-09,2.8837439626701213e-09,2.882104604461787e-09,2.8804687572434842e-09,2.8788364080179312e-09,2.877207543856509e-09,2.8755821518982256e-09,2.873960219350132e-09,2.8723417334859195e-09,2.870726681646239e-09,2.8691150512376717e-09,2.867506829732759e-09,2.8659020046691347e-09,2.8643005636493705e-09,2.862702494340479e-09,2.8611077844734e-09,2.8595164218425695e-09,2.857928394305567e-09,2.8563436897827466e-09,2.8547622962566393e-09,2.853184201771716e-09,2.8516093944337156e-09,2.850037862409683e-09,2.8484695939270497e-09,2.8469045772736217e-09,2.8453428007968877e-09,2.8437842529039466e-09,2.8422289220607635e-09,2.840676796792059e-09,2.839127865680767e-09,2.837582117367729e-09,2.8360395405511518e-09,2.8345001239866377e-09,2.832963856486211e-09,2.831430726918441e-09,2.8299007242079135e-09,2.828373837334805e-09,2.8268500553344725e-09,2.8253293672974306e-09,2.823811762368524e-09,2.8222972297468715e-09,2.820785758685483e-09,2.8192773384908945e-09,2.8177719585227215e-09,2.816269608193387e-09,2.814770276967784e-09,2.8132739543631885e-09,2.811780629948344e-09,2.810290293343631e-09,2.8088029342205775e-09,2.807318542301498e-09,2.805837107359146e-09,2.804358619216539e-09,2.80288306774649e-09,2.8014104428713876e-09,2.7999407345627666e-09,2.7984739328411905e-09,2.797010027775664e-09,2.795549009483663e-09,2.7940908681304334e-09,2.79263559392917e-09,2.791183177140126e-09,2.7897336080710295e-09,2.7882868770760367e-09,2.786842974556046e-09,2.7854018909580644e-09,2.7839636167749716e-09,2.7825281425453955e-09,2.7810954588532624e-09,2.779665556327516e-09,2.77823842564199e-09,2.7768140575148876e-09,2.775392442708848e-09,2.773973572030256e-09,2.7725574363293297e-09,2.7711440264996305e-09,2.7697333334779068e-09,2.7683253482438197e-09,2.766920061819547e-09,2.7655174652697642e-09,2.7641175497012544e-09,2.7627203062623824e-09,2.761325726143475e-09,2.759933800576022e-09,2.758544520832523e-09,2.7571578782264777e-09,2.7557738641117996e-09,2.754392469882841e-09,2.7530136869741405e-09,2.751637506859974e-09,2.750263921054165e-09,2.748892921110052e-09,2.747524498620053e-09,2.746158645215539e-09,2.7447953525665537e-09,2.7434346123813487e-09,2.7420764164068336e-09,2.7407207564274612e-09,2.7393676242657046e-09,2.7380170117814465e-09,2.7366689108718386e-09,2.7353233134712433e-09,2.7339802115508578e-09,2.732639597118414e-09,2.7313014622182475e-09,2.7299657989306823e-09,2.7286325993722935e-09,2.7273018556952267e-09,2.7259735600872808e-09,2.724647704771727e-09,2.723324282006777e-09,2.722003284085776e-09,2.7206847033368044e-09,2.719368532122393e-09,2.7180547628394917e-09,2.716743387919042e-09,2.715434399826222e-09,2.714127791059627e-09,2.712823554151667e-09,2.7115216816679814e-09,2.710222166207398e-09,2.7089250004016344e-09,2.707630176915344e-09,2.7063376884456505e-09,2.7050475277220834e-09,2.7037596875064693e-09,2.702474160592603e-09,2.7011909398061534e-09,2.6999100180044273e-09,2.6986313880762136e-09,2.6973550429416694e-09,2.6960809755519486e-09,2.6948091788893237e-09,2.6935396459666385e-09,2.692272369827522e-09,2.691007343545943e-09,2.6897445602260258e-09,2.688484013002186e-09,2.687225695038539e-09,2.6859695995290855e-09,2.6847157196973038e-09,2.683464048796116e-09,2.682214580107688e-09,2.680967306943149e-09,2.6797222226428035e-09,2.6784793205754393e-09,2.6772385941386277e-09,2.676000036758162e-09,2.6747636418882416e-09,2.6735294030111945e-09,2.6722973136372457e-09,2.671067367304488e-09,2.6698395575784946e-09,2.668613878052563e-09,2.667390322347114e-09,2.6661688841098904e-09,2.664949557015665e-09,2.663732334766118e-09,2.6625172110895017e-09,2.661304179740833e-09,2.6600932345015175e-09,2.65888436917933e-09,2.657677577608051e-09,2.656472853647657e-09,2.655270191183793e-09,2.6540695841280423e-09,2.652871026417409e-09,2.65167451201453e-09,2.6504800349071105e-09,2.6492875891081925e-09,2.6480971686559035e-09,2.646908767613119e-09,2.6457223800676126e-09,2.6445380001316183e-09,2.6433556219421342e-09,2.642175239660196e-09,2.6409968474714897e-09,2.63982043958537e-09,2.6386460102354727e-09,2.637473553679082e-09,2.6363030641973606e-09,2.635134536094977e-09,2.633967963700172e-09,2.632803341364212e-09,2.6316406634620464e-09,2.6304799243913723e-09,2.6293211185729246e-09,2.628164240450404e-09,2.627009284490089e-09,2.6258562451808663e-09,2.6247051170343055e-09,2.6235558945841147e-09,2.6224085723863663e-09,2.6212631450192034e-09,2.620119607082883e-09,2.618977953199411e-09,2.6178381780126265e-09,2.616700276188174e-09,2.6155642424130404e-09,2.6144300713958496e-09,2.613297757866344e-09,2.612167296575729e-09,2.611038682296125e-09,2.609911909820697e-09,2.6087869739634876e-09,2.607663869559443e-09,2.606542591463932e-09,2.6054231345531764e-09,2.604305493723609e-09,2.6031896638921963e-09,2.602075639996e-09,2.600963416992351e-09,2.5998529898584443e-09,2.5987443535917078e-09,2.597637503209e-09,2.5965324337472847e-09,2.5954291402629565e-09,2.5943276178319636e-09,2.5932278615496035e-09,2.5921298665307117e-09,2.591033627909145e-09,2.589939140838056e-09,2.5888464004894443e-09,2.587755402054433e-09,2.5866661407427783e-09,2.585578611783302e-09,2.5844928104231235e-09,2.583408731928084e-09,2.5823263715824894e-09,2.5812457246890267e-09,2.580166786568531e-09,2.5790895525602e-09,2.578014018021162e-09,2.576940178326634e-09,2.575868028869791e-09,2.5747975650615088e-09,2.5737287823303062e-09,2.572661676122646e-09,2.571596241902428e-09,2.5705324751507894e-09,2.5694703713664565e-09,2.56840992606552e-09,2.5673511347810002e-09,2.5662939930633224e-09,2.565238496479746e-09,2.5641846406146363e-09,2.563132421069028e-09,2.5620818334609394e-09,2.561032873424984e-09,2.559985536612362e-09,2.558939818690862e-09,2.557895715344742e-09,2.5568532222745575e-09,2.5558123351972473e-09,2.554773049845883e-09,2.5537353619697374e-09,2.5526992673340713e-09,2.551664761720064e-09,2.5506318409249747e-09,2.549600500761695e-09,2.548570737058955e-09,2.547542545661198e-09,2.5465159224283327e-09,2.545490863235796e-09,2.5444673639745067e-09,2.543445420550759e-09,2.542425028886123e-09,2.5414061849173135e-09,2.540388884596189e-09,2.5393731238898552e-09,2.5383588987801977e-09,2.5373462052641354e-09,2.5363350393533704e-09,2.5353253970743382e-09,2.5343172744683958e-09,2.533310667591376e-09,2.532305538291792e-09,2.5313019267851227e-09,2.5302998314224844e-09,2.5292992418428363e-09,2.528300151063325e-09,2.52730255384207e-09,2.5263064459860397e-09,2.52531182336157e-09,2.524318682038156e-09,2.5233270181691633e-09,2.522336827960355e-09,2.5213481075811012e-09,2.520360853241703e-09,2.519375061234196e-09,2.518390727758567e-09,2.5174078490793646e-09,2.516426421475894e-09,2.515446441241392e-09,2.5144679046839343e-09,2.5134908081251115e-09,2.5125151479011227e-09,2.5115409203227966e-09,2.5105681217900526e-09,2.509596748671481e-09,2.5086267973457136e-09,2.507658264239451e-09,2.506691145768162e-09,2.5057254382946085e-09,2.504761138447131e-09,2.5037982425706987e-09,2.5028367471356516e-09,2.5018766486253816e-09,2.500917943536257e-09,2.4999606283772423e-09,2.499004699670133e-09,2.4980501539493587e-09,2.4970969877619326e-09,2.496145197667417e-09,2.49519478023765e-09,2.4942457320569223e-09,2.4932980497231313e-09,2.4923517298426926e-09,2.491406769037614e-09,2.49046316388849e-09,2.4895209114392107e-09,2.4885800077068282e-09,2.4876404496561584e-09,2.4867022339087956e-09,2.4857653572125202e-09,2.484829816269643e-09,2.483895607800598e-09,2.4829627285287524e-09,2.4820311751945755e-09,2.4811009445467836e-09,2.4801720334142863e-09,2.4792444385051706e-09,2.4783181566703716e-09,2.47739318452024e-09,2.476469519036289e-09,2.4755471569252513e-09,2.474626095089343e-09,2.473706330359484e-09,2.4727878596579853e-09,2.4718706797591848e-09,2.4709547875448825e-09,2.470040179899025e-09,2.469126853648105e-09,2.46821480610557e-09,2.4673040335374076e-09,2.4663945332026054e-09,2.4654863020297093e-09,2.4645793369519517e-09,2.463673634818633e-09,2.462769192778684e-09,2.4618660077426925e-09,2.4609640766490944e-09,2.460063396603857e-09,2.4591639645579284e-09,2.458265777515821e-09,2.457368832541858e-09,2.4564731266751438e-09,2.4555786569052983e-09,2.454685420335846e-09,2.453793414041535e-09,2.4529026350650035e-09,2.452013080549398e-09,2.4511247475489443e-09,2.450237633177745e-09,2.4493517345363144e-09,2.4484670487958345e-09,2.4475835730913513e-09,2.446701304658331e-09,2.445820240567072e-09,2.4449403779849658e-09,2.4440617140605638e-09,2.443184246028758e-09,2.4423079711900874e-09,2.4414328865388825e-09,2.440558989450061e-09,2.439686276971331e-09,2.4388147463162227e-09,2.4379443949810818e-09,2.437075220153461e-09,2.4362072190074675e-09,2.4353403888325717e-09,2.4344747268136068e-09,2.433610230333975e-09,2.432746896685327e-09,2.431884723045835e-09,2.431023707005645e-09,2.4301638459436165e-09,2.4293051367021906e-09,2.4284475769051255e-09,2.427591163897241e-09,2.4267358950526834e-09,2.425881767733358e-09,2.4250287793502895e-09,2.4241769271554007e-09,2.423326208694385e-09,2.422476621343203e-09,2.421628162505706e-09,2.420780829534611e-09,2.419934619891289e-09,2.419089531009313e-09,2.4182455603321172e-09,2.4174027052830487e-09,2.416560963405998e-09,2.415720332115723e-09,2.4148808088528704e-09,2.4140423911332087e-09,2.41320507641283e-09,2.412368862223329e-09,2.411533745800757e-09,2.410699725007701e-09,2.4098667975107946e-09,2.4090349605188235e-09,2.408204211811804e-09,2.407374548809636e-09,2.40654596907366e-09,2.4057184701570024e-09,2.4048920496536857e-09,2.404066705132852e-09,2.4032424341928552e-09,2.402419234413637e-09,2.4015971033488676e-09,2.4007760386581184e-09,2.3999560379594627e-09,2.399137098877907e-09,2.3983192190461304e-09,2.3975023961053396e-09,2.396686627703805e-09,2.3958719114960194e-09,2.3950582452379515e-09,2.3942456264143125e-09,2.3934340528880822e-09,2.392623521995707e-09,2.3918140316847587e-09,2.3910055796557756e-09,2.3901981636169336e-09,2.389391781278037e-09,2.3885864305705974e-09,2.3877821088098417e-09,2.386978813935305e-09,2.3861765439078225e-09,2.385375296241658e-09,2.3845750687108128e-09,2.383775859079964e-09,2.382977665119651e-09,2.382180484605866e-09,2.381384315324462e-09,2.3805891550671733e-09,2.379795001631485e-09,2.379001852821567e-09,2.3782097064488346e-09,2.3774185603330594e-09,2.376628412298823e-09,2.3758392601782917e-09,2.3750511018091816e-09,2.3742639347446265e-09,2.3734777571342136e-09,2.3726925668318777e-09,2.371908361972878e-09,2.371125140162071e-09,2.370342899276891e-09,2.369561637201406e-09,2.3687813518268807e-09,2.368002041052617e-09,2.367223702781042e-09,2.3664463349225533e-09,2.365669935395091e-09,2.364894502120521e-09,2.3641200330293457e-09,2.363346525766558e-09,2.3625739785693402e-09,2.3618023893824716e-09,2.3610317561664873e-09,2.360262076883723e-09,2.3594933494937033e-09,2.3587255722588074e-09,2.3579587428726185e-09,2.357192859295478e-09,2.3564279195518382e-09,2.3556639216531335e-09,2.3549008635441615e-09,2.354138743270242e-09,2.3533775588084834e-09,2.3526173082190556e-09,2.3518579892854766e-09,2.3510996002872316e-09,2.3503421392659454e-09,2.349585604271663e-09,2.3488299933462374e-09,2.3480753045508977e-09,2.347321535949876e-09,2.346568685610009e-09,2.345816751609054e-09,2.34506573202344e-09,2.3443156249421746e-09,2.3435664284519584e-09,2.3428181406587736e-09,2.3420707596531194e-09,2.341324283550736e-09,2.340578710472707e-09,2.33983403852964e-09,2.3390902658468885e-09,2.3383473905586435e-09,2.3376054108017553e-09,2.336864324714244e-09,2.336124130445248e-09,2.335384826153465e-09,2.3346464099892714e-09,2.333908880117369e-09,2.3331722347128656e-09,2.3324364719439684e-09,2.331701589991535e-09,2.3309675872103053e-09,2.330234461595123e-09,2.329502211287156e-09,2.328770834686708e-09,2.3280403293349627e-09,2.3273106945571447e-09,2.3265819279954003e-09,2.3258540281997983e-09,2.3251269929375374e-09,2.324400820193319e-09,2.323675508880478e-09,2.3229510569372975e-09,2.3222274626523174e-09,2.321504724220058e-09,2.3207828399226625e-09,2.3200618080379056e-09,2.319341626826488e-09,2.3186222945654303e-09,2.3179038094614875e-09,2.317186169865492e-09,2.3164693741723187e-09,2.3157534204641996e-09,2.315038307467828e-09,2.3143240330283085e-09,2.3136105955901012e-09,2.3128979934720374e-09,2.3121862249783553e-09,2.3114752884473914e-09,2.310765182202714e-09,2.3100559045701015e-09,2.30934745388729e-09,2.308639828483365e-09,2.3079330267189488e-09,2.30722704699373e-09,2.3065218875677668e-09,2.3058175468838653e-09,2.305114023289164e-09,2.3044113150120293e-09,2.3037094205398574e-09,2.303008338250456e-09,2.302308066615404e-09,2.301608603993291e-09,2.300909948670412e-09,2.30021209904659e-09,2.2995150535964097e-09,2.2988188106594354e-09,2.2981233685453932e-09,2.297428725813912e-09,2.2967348808708744e-09,2.296041832193651e-09,2.2953495781850732e-09,2.294658117145759e-09,2.293967447668996e-09,2.293277568136108e-09,2.2925884768334113e-09,2.291900172581031e-09,2.291212653638864e-09,2.290525918465778e-09,2.289839965525025e-09,2.289154793213262e-09,2.288470400034816e-09,2.287786784525693e-09,2.28710394524916e-09,2.286421880583333e-09,2.2857405890155946e-09,2.2850600689851173e-09,2.284380319139705e-09,2.2837013378595747e-09,2.2830231236472106e-09,2.2823456750165795e-09,2.2816689904861492e-09,2.2809930686163752e-09,2.2803179078910905e-09,2.2796435068508e-09,2.278969864023438e-09,2.278296977936799e-09,2.2776248471299436e-09,2.276953470153848e-09,2.276282845560173e-09,2.275612971923866e-09,2.274943847736949e-09,2.274275471555895e-09,2.2736078419916767e-09,2.2729409574970192e-09,2.2722748168328462e-09,2.2716094182486796e-09,2.270944760717799e-09,2.270280842691412e-09,2.2696176627344207e-09,2.2689552194131685e-09,2.26829351131675e-09,2.2676325370518626e-09,2.2669722952630543e-09,2.266312784377623e-09,2.2656540032050668e-09,2.2649959502789926e-09,2.264338624180178e-09,2.263682023587624e-09,2.26302614711738e-09,2.2623709934246807e-09,2.2617165610993176e-09,2.261062848776073e-09,2.2604098550917582e-09,2.2597575786655067e-09,2.2591060181788148e-09,2.258455172267231e-09,2.25780503957845e-09,2.2571556187706537e-09,2.2565069085097413e-09,2.255858907453854e-09,2.255211614302581e-09,2.2545650277038144e-09,2.253919146326447e-09,2.2532739689701652e-09,2.2526294940066986e-09,2.2519857203300324e-09,2.251342646595078e-09,2.2507002714319177e-09,2.2500585937058636e-09,2.249417612007321e-09,2.248777325025477e-09,2.2481377314866446e-09,2.2474988301164496e-09,2.2468606195672784e-09,2.246223098617375e-09,2.2455862659883064e-09,2.244950120460285e-09,2.2443146606441183e-09,2.2436798851792104e-09,2.2430457929215793e-09,2.242412382607428e-09,2.2417796529757773e-09,2.241147602768037e-09,2.240516230732673e-09,2.2398855356165025e-09,2.239255516172631e-09,2.238626171167796e-09,2.2379974993403784e-09,2.2373694995343767e-09,2.236742170654147e-09,2.23611551102099e-09,2.235489519615177e-09,2.234864195485222e-09,2.2342395369132043e-09,2.2336155431851747e-09,2.232992212593662e-09,2.2323695443996556e-09,2.2317475369311534e-09,2.2311261893834623e-09,2.230505500202624e-09,2.2298854683283117e-09,2.2292660925943662e-09,2.228647371821028e-09,2.2280293048120186e-09,2.2274118905047942e-09,2.22679512746415e-09,2.226179014757705e-09,2.2255635509881014e-09,2.224948735075007e-09,2.224334565846477e-09,2.2237210420003725e-09,2.2231081625032622e-09,2.2224959262004505e-09,2.221884331916506e-09,2.2212733786349356e-09,2.2206630650677117e-09,2.2200533900639353e-09,2.219444352232254e-09,2.2188359509131657e-09,2.2182281847216117e-09,2.2176210524938705e-09,2.2170145531147174e-09,2.216408685456788e-09,2.215803448395599e-09,2.215198840795119e-09,2.2145948615632055e-09,2.2139915095314154e-09,2.2133887835135815e-09,2.2127866822685584e-09,2.21218520506224e-09,2.211584350680395e-09,2.210984117960111e-09,2.210384505774398e-09,2.209785513027461e-09,2.2091871386573225e-09,2.2085893814921187e-09,2.207992240472326e-09,2.207395714484848e-09,2.206799802483801e-09,2.206204503308981e-09,2.20560981598834e-09,2.205015739296372e-09,2.2044222723038553e-09,2.203829413882994e-09,2.2032371627547473e-09,2.202645518383988e-09,2.2020544792571645e-09,2.2014640444114053e-09,2.2008742127699892e-09,2.200284982946749e-09,2.199696354826796e-09,2.19910832657571e-09,2.1985208972617198e-09,2.1979340659572294e-09,2.197347831574116e-09,2.196762193037341e-09,2.196177149459567e-09,2.1955926995833453e-09,2.1950088424181604e-09,2.194425577010339e-09,2.1938429023786154e-09,2.1932608174121488e-09,2.1926793207192557e-09,2.1920984118359138e-09,2.191518089647077e-09,2.1909383529987264e-09,2.1903592009069047e-09,2.1897806323671845e-09,2.1892026462361606e-09,2.188625241703035e-09,2.1880484177957503e-09,2.1874721733925717e-09,2.186896507510476e-09,2.1863214191739866e-09,2.1857469073749505e-09,2.1851729710937024e-09,2.184599609346545e-09,2.184026821093904e-09,2.18345460539537e-09,2.1828829613858855e-09,2.1823118879873658e-09,2.1817413842763615e-09,2.1811714491720128e-09,2.180602081766453e-09,2.1800332812401353e-09,2.1794650462782814e-09,2.1788973760831144e-09,2.178330269713875e-09,2.177763726221216e-09,2.1771977445982554e-09,2.176632323848521e-09,2.17606746318665e-09,2.1755031615248965e-09,2.174939417633602e-09,2.1743762311573515e-09,2.1738136008617976e-09,2.1732515259177343e-09,2.172690005190048e-09,2.1721290377312515e-09,2.171568622967779e-09,2.171008759519788e-09,2.170449446539043e-09,2.1698906832158147e-09,2.1693324686307386e-09,2.1687748018008272e-09,2.1682176818848454e-09,2.1676611078218574e-09,2.1671050787695825e-09,2.1665495938324305e-09,2.1659946518344853e-09,2.165440252335065e-09,2.164886394172097e-09,2.164333076451785e-09,2.1637802986038956e-09,2.163228059073995e-09,2.1626763574070276e-09,2.1621251925836913e-09,2.161574563699941e-09,2.16102446972038e-09,2.1604749099035882e-09,2.159925883350173e-09,2.1593773891948226e-09,2.1588294264040873e-09,2.1582819943220006e-09,2.157735092039382e-09,2.1571887185719254e-09,2.1566428730673217e-09,2.1560975546001967e-09,2.1555527622942975e-09,2.1550084949315744e-09,2.15446475247902e-09,2.153921533569404e-09,2.1533788374681243e-09,2.152836663247619e-09,2.152295010036911e-09,2.1517538769914234e-09,2.1512132632344053e-09,2.1506731679685232e-09,2.1501335902469642e-09,2.1495945292254127e-09,2.149055984149318e-09,2.1485179540071215e-09,2.147980438339944e-09,2.1474434357935465e-09,2.1469069456851578e-09,2.1463709673224597e-09,2.145835499817196e-09,2.1453005421850517e-09,2.1447660938284148e-09,2.1442321538025315e-09,2.1436987212003078e-09,2.1431657952162045e-09,2.142633375150414e-09,2.1421014600354134e-09,2.141570049171208e-09,2.1410391416913806e-09,2.1405087367583853e-09,2.1399788335644195e-09,2.1394494312955516e-09,2.1389205291403256e-09,2.1383921262733415e-09,2.137864221924611e-09,2.137336815513219e-09,2.1368099057094683e-09,2.1362834919852877e-09,2.135757573535937e-09,2.1352321495387303e-09,2.1347072192317366e-09,2.1341827818192056e-09,2.1336588363499e-09,2.1331353822827956e-09,2.1326124187375964e-09,2.1320899448659917e-09,2.1315679599851243e-09,2.131046463364241e-09,2.130525454004921e-09,2.1300049311491653e-09,2.129484894088236e-09,2.1289653420288162e-09,2.128446274208077e-09,2.1279276899374142e-09,2.127409588466079e-09,2.126891968729749e-09,2.126374830117223e-09,2.1258581718960025e-09,2.1253419933140743e-09,2.124826293589383e-09,2.124311071943263e-09,2.123796327668001e-09,2.1232820599331065e-09,2.122768268023783e-09,2.1222549511525473e-09,2.1217421086215323e-09,2.1212297396318358e-09,2.1207178434431463e-09,2.120206419278608e-09,2.119695466411174e-09,2.119184984077245e-09,2.11867497159022e-09,2.1181654281972683e-09,2.117656353105541e-09,2.1171477456228555e-09,2.1166396050194988e-09,2.1161319305115594e-09,2.1156247212580525e-09,2.115117976767468e-09,2.114611696186414e-09,2.1141058788156628e-09,2.113600523945228e-09,2.113095630804794e-09,2.112591198692527e-09,2.112087226880398e-09,2.1115837146462065e-09,2.1110806612712142e-09,2.1105780660315765e-09,2.110075928124277e-09,2.1095742469179154e-09,2.109073021652505e-09,2.1085722517652483e-09,2.1080719365406307e-09,2.1075720751741883e-09,2.1070726668871973e-09,2.106573711153483e-09,2.1060752071705834e-09,2.105577154004267e-09,2.105079551219772e-09,2.104582398227821e-09,2.104085694194196e-09,2.1035894384747647e-09,2.1030936303018132e-09,2.1025982689629754e-09,2.102103353892657e-09,2.1016088842888472e-09,2.1011148594992415e-09,2.1006212787870174e-09,2.100128141505861e-09,2.099635446972873e-09,2.099143194505014e-09,2.098651383424173e-09,2.098160013049464e-09,2.097669082703667e-09,2.097178591688496e-09,2.09668853935188e-09,2.0961989250207866e-09,2.0957097480235763e-09,2.095221007690022e-09,2.094732703351362e-09,2.094244834367695e-09,2.0937574000185574e-09,2.0932703996668545e-09,2.0927838326737168e-09,2.092297698356435e-09,2.0918119960525633e-09,2.0913267251016996e-09,2.0908418848468333e-09,2.090357474624317e-09,2.0898734937998646e-09,2.089389941705624e-09,2.0889068176772035e-09,2.0884241210981603e-09,2.087941851285684e-09,2.0874600076191926e-09,2.0869785894440046e-09,2.086497596124119e-09,2.0860170269867866e-09,2.0855368813499976e-09,2.0850571586906165e-09,2.0845778582649186e-09,2.0840989794975435e-09,2.083620521765336e-09,2.08314248434993e-09,2.0826648667469777e-09,2.0821876682520735e-09,2.0817108882137666e-09,2.081234526044826e-09,2.0807585810794757e-09,2.0802830526606106e-09,2.0798079402670122e-09,2.079333243160939e-09,2.07885896082783e-09,2.07838509246306e-09,2.0779116376436815e-09,2.077438595650304e-09,2.076965965925672e-09,2.0764937478342642e-09,2.0760219408383575e-09,2.075550544127697e-09,2.075079557248377e-09,2.074608979532059e-09,2.0741388103358245e-09,2.0736690492189823e-09,2.073199695338025e-09,2.072730748311067e-09,2.072262207426299e-09,2.071794071993075e-09,2.0713263415331296e-09,2.0708590154497297e-09,2.0703920930027325e-09,2.0699255737049325e-09,2.069459457025999e-09,2.0689937422503374e-09,2.068528428797251e-09,2.0680635161668946e-09,2.0675990036684346e-09,2.0671348907728325e-09,2.066671176793816e-09,2.0662078612644254e-09,2.0657449435533723e-09,2.065282423043386e-09,2.0648202991592578e-09,2.0643585712979164e-09,2.0638972389525594e-09,2.0634363014457472e-09,2.0629757581645656e-09,2.062515608753916e-09,2.062055852490394e-09,2.0615964888192525e-09,2.061137517093068e-09,2.060678936802074e-09,2.0602207474233076e-09,2.059762948338162e-09,2.0593055388915693e-09,2.0588485186195793e-09,2.0583918869700845e-09,2.057935643348019e-09,2.0574797871692112e-09,2.0570243177919623e-09,2.0565692348297944e-09,2.0561145376248106e-09,2.055660225618979e-09,2.0552062982582017e-09,2.0547527549170546e-09,2.054299595162911e-09,2.053846818293516e-09,2.05339442383761e-09,2.052942411234907e-09,2.0524907800357677e-09,2.0520395295924527e-09,2.0515886593560223e-09,2.051138168774698e-09,2.0506880573033107e-09,2.0502383243923763e-09,2.0497889694973256e-09,2.04933999180265e-09,2.0488913910066033e-09,2.0484431668537895e-09,2.0479953185456984e-09,2.047547845590427e-09,2.0471007472880072e-09,2.0466540232661788e-09,2.0462076727352773e-09,2.045761695638081e-09,2.045316091161163e-09,2.0448708586501234e-09,2.0444259976879604e-09,2.043981507841528e-09,2.0435373884090797e-09,2.043093638958871e-09,2.0426502589351515e-09,2.042207247825499e-09,2.0417646050744768e-09,2.0413223303110737e-09,2.0408804227748786e-09,2.0404388820457025e-09,2.039997707666327e-09,2.0395568992309927e-09,2.039116455902088e-09,2.0386763772029556e-09,2.0382366630179376e-09,2.0377973122577687e-09,2.0373583245784406e-09,2.0369196996375497e-09,2.0364814368616546e-09,2.036043535646068e-09,2.0356059956307705e-09,2.035168816152469e-09,2.0347319967765428e-09,2.034295537076009e-09,2.033859436357011e-09,2.03342369431326e-09,2.0329883102660926e-09,2.0325532837860025e-09,2.0321186144834467e-09,2.0316843017405405e-09,2.0312503450268236e-09,2.0308167439113522e-09,2.0303834980033647e-09,2.029950606472012e-09,2.029518069079656e-09,2.0290858852813633e-09,2.028654054466438e-09,2.028222576282889e-09,2.027791450209073e-09,2.0273606756957562e-09,2.0269302523355244e-09,2.0265001795935507e-09,2.026070456978412e-09,2.0256410840025565e-09,2.025212060179447e-09,2.024783385021599e-09,2.0243550580343225e-09,2.0239270787429335e-09,2.023499446665567e-09,2.0230721614125484e-09,2.0226452223105992e-09,2.0222186289759247e-09,2.021792380924902e-09,2.021366477681186e-09,2.020940918869453e-09,2.0205157040416738e-09,2.0200908323569353e-09,2.0196663035732817e-09,2.0192421172167028e-09,2.01881827281418e-09,2.0183947698928065e-09,2.0179716079819582e-09,2.017548786610648e-09,2.017126305309562e-09,2.0167041636098673e-09,2.0162823610439385e-09,2.015860897143651e-09,2.0154397714440194e-09,2.0150189834819816e-09,2.0145985327872743e-09,2.01417841890507e-09,2.0137586413659693e-09,2.0133391997134673e-09,2.012920093485111e-09,2.0125013222361293e-09,2.0120828854051777e-09,2.0116647827368655e-09,2.011247013659774e-09,2.010829577587843e-09,2.01041247439219e-09,2.0099957033477837e-09,2.0095792640590386e-09,2.009163156107062e-09,2.0087473790070094e-09,2.008331932090842e-09,2.007916815131645e-09,2.007502027954734e-09,2.0070875695911454e-09,2.0066734399251167e-09,2.0062596382646893e-09,2.00584616469783e-09,2.0054330181607837e-09,2.005020198724632e-09,2.004607705462591e-09,2.0041955383986612e-09,2.0037836966037364e-09,2.0033721801499377e-09,2.0029609881563124e-09,2.0025501205360478e-09,2.0021395766358954e-09,2.001729356055722e-09,2.001319458366398e-09,2.0009098831576985e-09,2.000500629962973e-09,2.0000916983359107e-09,1.9996830878864036e-09,1.999274798125553e-09,1.9988668286260397e-09,1.9984591790135307e-09,1.998051848893765e-09,1.9976448377048904e-09,1.9972381450912946e-09,1.996831770270363e-09,1.9964257135462416e-09,1.996019974074986e-09,1.995614551612377e-09,1.9952094454692712e-09,1.994804655307823e-09,1.994400180525243e-09,1.9939960212811183e-09,1.9935921766301114e-09,1.9931886463813456e-09,1.9927854300945664e-09,1.9923825272958465e-09,1.9919799375522594e-09,1.9915776604738655e-09,1.991175695671649e-09,1.9907740424019228e-09,1.9903727005227455e-09,1.989971669575262e-09,1.989570949271943e-09,1.98917053952516e-09,1.988770439459583e-09,1.9883706489271976e-09,1.987971167227997e-09,1.9875719938272174e-09,1.9871731287178092e-09,1.9867745714345525e-09,1.9863763214576036e-09,1.9859783783939048e-09,1.9855807418832372e-09,1.985183411463214e-09,1.984786386717158e-09,1.98438966727036e-09,1.9839932524065406e-09,1.9835971423534162e-09,1.983201336445099e-09,1.9828058341833236e-09,1.9824106352455974e-09,1.9820157391792815e-09,1.9816211456138467e-09,1.981226854152666e-09,1.980832864409053e-09,1.9804391759690226e-09,1.980045788447397e-09,1.97965270145025e-09,1.9792599145837335e-09,1.9788674274571845e-09,1.978475239677958e-09,1.9780833508030365e-09,1.9776917605476267e-09,1.977300468468131e-09,1.9769094741704336e-09,1.976518777279207e-09,1.9761283774007943e-09,1.975738274148597e-09,1.9753484671368117e-09,1.9749589559801846e-09,1.9745697402943748e-09,1.9741808196956197e-09,1.9737921938009012e-09,1.9734038622278448e-09,1.973015824594927e-09,1.972628080521177e-09,1.972240629626426e-09,1.9718534715311414e-09,1.971466605856574e-09,1.9710800322245237e-09,1.9706937502576075e-09,1.9703077595793257e-09,1.9699220598132535e-09,1.9695366505842165e-09,1.969151531517903e-09,1.96876670223967e-09,1.968382162376587e-09,1.967997911556063e-09,1.967613949406153e-09,1.9672302755556682e-09,1.9668468896340103e-09,1.966463791271312e-09,1.9660809800983697e-09,1.965698455746669e-09,1.96531621784827e-09,1.9649342660360785e-09,1.9645525999435786e-09,1.9641712192048514e-09,1.963790123454751e-09,1.963409312328735e-09,1.9630287854629497e-09,1.9626485424941875e-09,1.9622685830599735e-09,1.9618889067983317e-09,1.9615095133481205e-09,1.9611304023487487e-09,1.9607515734402616e-09,1.9603730262633948e-09,1.959994760459592e-09,1.9596167756659066e-09,1.9592390715237694e-09,1.958861647576418e-09,1.9584845036647003e-09,1.9581076391601067e-09,1.9577310541041504e-09,1.9573547479316352e-09,1.956978720062864e-09,1.956602970587572e-09,1.9562274987121906e-09,1.9558523043096705e-09,1.955477387028291e-09,1.955102746514166e-09,1.9547283824155826e-09,1.9543542943917122e-09,1.9539804820863526e-09,1.9536069451592225e-09,1.953233683250339e-09,1.952860696024341e-09,1.9524879831342728e-09,1.952115544230949e-09,1.951743378971245e-09,1.951371487010791e-09,1.950999868004281e-09,1.9506285216143843e-09,1.9502574474980056e-09,1.9498866453059274e-09,1.949516114701722e-09,1.9491458553508e-09,1.9487758669094878e-09,1.948406149034603e-09,1.9480367013856595e-09,1.9476675236223834e-09,1.9472986154227553e-09,1.946929976446133e-09,1.946561606347934e-09,1.9461935048012505e-09,1.945825671468322e-09,1.945458106015349e-09,1.9450908080960937e-09,1.944723777385839e-09,1.9443570135538605e-09,1.9439905162677634e-09,1.9436242851975526e-09,1.943258320012501e-09,1.9428926207141486e-09,1.9425271862993834e-09,1.94216201677865e-09,1.9417971120594827e-09,1.941432471349798e-09,1.941068094543909e-09,1.9407039813269843e-09,1.940340131360528e-09,1.9399765443285824e-09,1.9396132200762184e-09,1.9392501582868206e-09,1.9388873581031486e-09,1.938524819840884e-09,1.9381625427591387e-09,1.9378005268962746e-09,1.937438771675051e-09,1.9370772767714135e-09,1.9367160419264127e-09,1.9363550668199967e-09,1.9359943509512583e-09,1.9356338943013785e-09,1.935273696257486e-09,1.934913756791556e-09,1.9345540754408395e-09,1.934194651897045e-09,1.9338354856392576e-09,1.9334765766787473e-09,1.933117924640044e-09,1.9327595290702664e-09,1.932401389724276e-09,1.9320435062904796e-09,1.9316858783582332e-09,1.931328505808673e-09,1.930971388232689e-09,1.930614525227052e-09,1.9302579166078818e-09,1.929901562089007e-09,1.929545461265782e-09,1.9291896139566925e-09,1.928834019712138e-09,1.9284786783481363e-09,1.928123589246101e-09,1.9277687524093532e-09,1.9274141674486816e-09,1.9270598339572983e-09,1.9267057517877207e-09,1.926351920677155e-09,1.925998340373028e-09,1.925645010417851e-09,1.925291930473732e-09,1.924939100338725e-09,1.924586519458979e-09,1.92423418775087e-09,1.9238821049349604e-09,1.9235302707273888e-09,1.9231786848054788e-09,1.922827346747013e-09,1.9224762564762053e-09,1.9221254134768046e-09,1.9217748175317787e-09,1.9214244684307003e-09,1.9210743657018274e-09,1.9207245091425963e-09,1.920374898452073e-09,1.9200255333312153e-09,1.9196764135878645e-09,1.9193275387325418e-09,1.9189789085649312e-09,1.918630522794193e-09,1.9182823810925943e-09,1.9179344832358676e-09,1.9175868288999767e-09,1.9172394177873152e-09,1.9168922496142694e-09,1.9165453240860177e-09,1.9161986409137585e-09,1.9158521997887695e-09,1.9155060004620305e-09,1.9151600426199325e-09,1.9148143260126176e-09,1.9144688503097758e-09,1.9141236152097388e-09,1.913778620446739e-09,1.913433865516682e-09,1.9130893505122914e-09,1.912745075053053e-09,1.9124010387918256e-09,1.912057241457271e-09,1.911713682726654e-09,1.9113703623647122e-09,1.9110272800297885e-09,1.9106844355807654e-09,1.910341828354591e-09,1.909999458523476e-09,1.909657325625449e-09,1.909315429376425e-09,1.9089737693160204e-09,1.9086323455739805e-09,1.9082911576413243e-09,1.907950205247465e-09,1.907609488128435e-09,1.9072690060238533e-09,1.9069287586274315e-09,1.90658874566261e-09,1.9062489668532472e-09,1.905909421923656e-09,1.9055701105985276e-09,1.905231032603067e-09,1.9048921876630527e-09,1.9045535755046314e-09,1.9042151958542353e-09,1.90387704843911e-09,1.9035391329867638e-09,1.903201449229571e-09,1.9028639968566188e-09,1.902526775626137e-09,1.902189785239969e-09,1.9018530254839715e-09,1.901516496269503e-09,1.901180196906364e-09,1.9008441273710986e-09,1.900508287358639e-09,1.900172676613985e-09,1.899837294871968e-09,1.8995021418428305e-09,1.899167217276137e-09,1.898832520939588e-09,1.898498052876084e-09,1.8981638121123862e-09,1.8978297989363448e-09,1.897496012706756e-09,1.897162453348179e-09,1.8968291205968904e-09,1.8964960141894932e-09,1.8961631338634007e-09,1.895830479356471e-09,1.895498050457354e-09,1.895165846853731e-09,1.894833868284739e-09,1.8945021144901143e-09,1.894170585159242e-09,1.893839280132816e-09,1.893508199276595e-09,1.893177342158044e-09,1.892846708340849e-09,1.8925162979635724e-09,1.8921861105316564e-09,1.8918561455623085e-09,1.8915264031090316e-09,1.891196882679093e-09,1.890867584245846e-09,1.8905385075606578e-09,1.8902096529272587e-09,1.8898810188584578e-09,1.8895526058741325e-09,1.8892244133755903e-09,1.8888964417618126e-09,1.8885686900056877e-09,1.8882411581534825e-09,1.8879138459563424e-09,1.887586752919863e-09,1.8872598790288732e-09,1.8869332240153792e-09,1.8866067876690546e-09,1.8862805697004027e-09,1.885954569879477e-09,1.88562878795726e-09,1.885303223709165e-09,1.8849778768616415e-09,1.884652747163614e-09,1.884327834367957e-09,1.8840031382336506e-09,1.8836786585066748e-09,1.883354394939821e-09,1.8830303472973457e-09,1.8827065152774913e-09,1.8823828987388423e-09,1.8820594973859966e-09,1.881736310964731e-09,1.8814133392453085e-09,1.8810905819604684e-09,1.880768038897148e-09,1.8804457097928378e-09,1.8801235942598813e-09,1.879801692139306e-09,1.8794800035220732e-09,1.879158527876062e-09,1.8788372650031886e-09,1.8785162144199533e-09,1.87819537628288e-09,1.8778747502009488e-09,1.8775543359211425e-09,1.8772341331903042e-09,1.876914141784377e-09,1.8765943614577123e-09,1.876274791972439e-09,1.875955433087529e-09,1.8756362845437254e-09,1.8753173461591676e-09,1.8749986176651594e-09,1.874680098803519e-09,1.87436178939389e-09,1.874043689034743e-09,1.8737257977617078e-09,1.8734081151961593e-09,1.8730906411627936e-09,1.872773375343169e-09,1.8724563175363506e-09,1.8721394675243626e-09,1.8718228250832424e-09,1.871506389968676e-09,1.8711901617495535e-09,1.8708741405977633e-09,1.870558326001542e-09,1.8702427180523607e-09,1.8699273160706485e-09,1.869612119889408e-09,1.869297129453101e-09,1.8689823445107734e-09,1.868667764812173e-09,1.868353390131471e-09,1.8680392202398397e-09,1.867725254909779e-09,1.8674114938879686e-09,1.8670979369701084e-09,1.8667845839322443e-09,1.866471434570313e-09,1.8661584886909244e-09,1.865845745930315e-09,1.86553320616879e-09,1.8652208694788347e-09,1.8649087350807107e-09,1.864596802912306e-09,1.864285072895685e-09,1.8639735446908356e-09,1.86366221804941e-09,1.863351092827707e-09,1.8630401689217415e-09,1.8627294458677523e-09,1.8624189236746095e-09,1.862108601934704e-09,1.86179848041377e-09,1.8614885589520037e-09,1.8611788373801178e-09,1.8608693155677358e-09,1.8605599930309587e-09,1.8602508698467158e-09,1.8599419456753441e-09,1.859633220232042e-09,1.8593246930292948e-09,1.8590163642995899e-09,1.8587082336807455e-09,1.8584003009533503e-09,1.8580925661897362e-09,1.8577850285545755e-09,1.8574776882521187e-09,1.8571705449397326e-09,1.8568635983827863e-09,1.856556848232248e-09,1.8562502945572427e-09,1.855943937138348e-09,1.855637775667834e-09,1.8553318099083443e-09,1.8550260396801947e-09,1.8547204647279836e-09,1.8544150848429736e-09,1.8541099001709103e-09,1.8538049099040077e-09,1.8535001140745117e-09,1.8531955124593068e-09,1.8528911049505893e-09,1.8525868912238438e-09,1.8522828710728027e-09,1.8519790443476194e-09,1.8516754108667825e-09,1.8513719703268686e-09,1.8510687225574944e-09,1.8507656673495727e-09,1.8504628047208274e-09,1.8501601340195385e-09,1.8498576552465547e-09,1.8495553682006264e-09,1.8492532726781169e-09,1.8489513684676568e-09,1.8486496553616384e-09,1.8483481331282915e-09,1.848046801647865e-09,1.8477456606395929e-09,1.8474447098397572e-09,1.8471439492104585e-09,1.846843378413491e-09,1.8465429972697484e-09,1.846242805607945e-09,1.845942803265382e-09,1.845642989903485e-09,1.8453433654290763e-09,1.8450439295528044e-09,1.8447446821550577e-09,1.8444456229768136e-09,1.844146752081846e-09,1.8438480688084148e-09,1.8435495731718425e-09,1.8432512649788798e-09,1.8429531439154713e-09,1.8426552099859113e-09,1.8423574629078987e-09,1.8420599024494569e-09,1.8417625284257408e-09,1.8414653406556587e-09,1.841168338904326e-09,1.840871522990594e-09,1.8405748926163287e-09,1.8402784476869506e-09,1.8399821881961186e-09,1.8396861136517622e-09,1.8393902239162555e-09,1.8390945187698821e-09,1.8387989981840945e-09,1.8385036617917975e-09,1.838208509522662e-09,1.8379135410160786e-09,1.8376187563736524e-09,1.8373241551159085e-09,1.83702973713894e-09,1.8367355022386248e-09,1.836441450239768e-09,1.836147580937545e-09,1.835853894139441e-09,1.8355603897095915e-09,1.8352670674892496e-09,1.834973927041445e-09,1.8346809684435566e-09,1.834388191258977e-09,1.8340955956161807e-09,1.833803180909592e-09,1.833510947200711e-09,1.8332188942644153e-09,1.8329270218776979e-09,1.832635329915449e-09,1.8323438181538644e-09,1.8320524864029803e-09,1.8317613344738618e-09,1.831470362592368e-09,1.8311795697391765e-09,1.8308889561395528e-09,1.8305985216059723e-09,1.8303082663321846e-09,1.830018189363807e-09,1.8297282908667452e-09,1.8294385707139374e-09,1.829149028940169e-09,1.8288596648293461e-09,1.8285704784965985e-09,1.8282814697304325e-09,1.8279926383165321e-09,1.8277039840911972e-09,1.8274155071928382e-09,1.8271272068154157e-09,1.8268390830628024e-09,1.8265511357566368e-09,1.8262633647436512e-09,1.8259757698375472e-09,1.8256883508019698e-09,1.825401107466396e-09,1.8251140399100717e-09,1.8248271475039803e-09,1.8245404302247694e-09,1.8242538880247115e-09,1.823967520778669e-09,1.8236813280251631e-09,1.8233953097331889e-09,1.8231094657204587e-09,1.8228237956843122e-09,1.8225382995296259e-09,1.8222529773981477e-09,1.8219678287022168e-09,1.8216828532640598e-09,1.8213980511200335e-09,1.8211134218768247e-09,1.820828965329799e-09,1.8205446814242658e-09,1.8202605702541119e-09,1.819976631077548e-09,1.8196928639587614e-09,1.8194092687672534e-09,1.8191258454592394e-09,1.8188425936927378e-09,1.8185595132306338e-09,1.818276604111388e-09,1.8179938660599906e-09,1.8177112987116607e-09,1.8174289020813387e-09,1.8171466759760814e-09,1.8168646201810018e-09,1.816582734570729e-09,1.816301018798327e-09,1.8160194729634885e-09,1.8157380967923503e-09,1.8154568902145463e-09,1.815175852790683e-09,1.8148949846831903e-09,1.8146142852123108e-09,1.8143337546335484e-09,1.8140533926061983e-09,1.8137731989914437e-09,1.813493173641176e-09,1.8132133163918182e-09,1.8129336269964908e-09,1.8126541052764273e-09,1.8123747511936494e-09,1.812095564449441e-09,1.8118165448996893e-09,1.811537692724594e-09,1.8112590071567397e-09,1.8109804883064778e-09,1.810702135969119e-09,1.8104239499696018e-09,1.8101459302060977e-09,1.809868076559991e-09,1.8095903886758077e-09,1.8093128664828485e-09,1.8090355098348383e-09,1.808758318617616e-09,1.8084812925014675e-09,1.8082044314061333e-09,1.8079277351398348e-09,1.8076512034317282e-09,1.8073748363531273e-09,1.8070986336107377e-09,1.8068225950619702e-09,1.8065467205459663e-09,1.8062710098646112e-09,1.8059954628140569e-09,1.8057200792992738e-09,1.8054448591429322e-09,1.8051698021724782e-09,1.804894908270935e-09,1.8046201771681067e-09,1.8043456087647097e-09,1.8040712028634703e-09,1.8037969591762338e-09,1.8035228778520862e-09,1.803248958560223e-09,1.802975201142399e-09,1.8027016054273856e-09,1.8024281712403442e-09,1.8021548984509862e-09,1.8018817869423096e-09,1.8016088364329537e-09,1.8013360468090818e-09,1.8010634180548903e-09,1.800790949741797e-09,1.8005186418724762e-09,1.8002464943443416e-09,1.7999745067716377e-09,1.7997026791123813e-09,1.7994310112335517e-09,1.7991595029765468e-09,1.7988881542289123e-09,1.7986169647035231e-09,1.7983459342422296e-09,1.7980750628055673e-09,1.7978043501978513e-09,1.7975337962322195e-09,1.7972634007688163e-09,1.7969931636133212e-09,1.7967230846407565e-09,1.7964531636890946e-09,1.7961834006127474e-09,1.7959137952285112e-09,1.795644347407635e-09,1.7953750569694156e-09,1.7951059237533002e-09,1.794836947644352e-09,1.7945681284221183e-09,1.794299465975106e-09,1.7940309602015794e-09,1.7937626108062443e-09,1.7934944177226854e-09,1.793226380792309e-09,1.7929584998553626e-09,1.7926907747316593e-09,1.7924232052546457e-09,1.7921557913299437e-09,1.7918885327572914e-09,1.7916214294138942e-09,1.7913544811278522e-09,1.7910876877665905e-09,1.7908210491393806e-09,1.7905545651012742e-09,1.790288235516826e-09,1.7900220602555426e-09,1.789756039106549e-09,1.7894901719825992e-09,1.7892244586658778e-09,1.7889588990522328e-09,1.7886934929755293e-09,1.7884282403129268e-09,1.7881631408468554e-09,1.7878981944571333e-09,1.78763340096926e-09,1.787368760301706e-09,1.787104272267054e-09,1.7868399367284808e-09,1.7865757535276699e-09,1.7863117224812453e-09,1.7860478434680481e-09,1.7857841163568217e-09,1.7855205408969311e-09,1.7852571170799913e-09,1.784993844622335e-09,1.7847307235718209e-09,1.7844677536240952e-09,1.7842049345495146e-09,1.783942266438798e-09,1.78367974901705e-09,1.7834173821697513e-09,1.7831551656735564e-09,1.78289309943521e-09,1.782631183306038e-09,1.782369417206621e-09,1.782107800597347e-09,1.781846333944576e-09,1.781585016817075e-09,1.7813238490505788e-09,1.78106283053462e-09,1.7808019610899159e-09,1.7805412406051447e-09,1.78028066888417e-09,1.7800202458413949e-09,1.7797599713100092e-09,1.7794998450512566e-09,1.7792398670915945e-09,1.7789800372065256e-09,1.778720355264589e-09,1.7784608210803508e-09,1.7782014345335766e-09,1.777942195517861e-09,1.777683103859664e-09,1.7774241593456064e-09,1.777165361797971e-09,1.7769067113113289e-09,1.7766482076540036e-09,1.7763898506825541e-09,1.776131640113351e-09,1.7758735759735435e-09,1.775615658047317e-09,1.7753578859940245e-09,1.7751002600946505e-09,1.7748427799764837e-09,1.7745854454680395e-09,1.7743282565432094e-09,1.7740712128824292e-09,1.7738143145676319e-09,1.773557561346961e-09,1.7733009530128997e-09,1.7730444895512633e-09,1.7727881707496409e-09,1.7725319965010021e-09,1.7722759666779606e-09,1.7720200811214712e-09,1.7717643396356722e-09,1.7715087421883965e-09,1.7712532886096227e-09,1.770997978718295e-09,1.7707428123981235e-09,1.770487789487583e-09,1.770232909892283e-09,1.7699781734614752e-09,1.7697235800198622e-09,1.7694691294972625e-09,1.7692148217228291e-09,1.7689606565517728e-09,1.7687066338336373e-09,1.7684527534028377e-09,1.7681990152129393e-09,1.7679454191039479e-09,1.7676919648716955e-09,1.7674386525206634e-09,1.7671854817980966e-09,1.7669324526090176e-09,1.7666795647785453e-09,1.7664268182362276e-09,1.7661742128486184e-09,1.7659217484611595e-09,1.765669424920886e-09,1.7654172420884118e-09,1.765165199787581e-09,1.764913298004875e-09,1.7646615364810666e-09,1.764409915130488e-09,1.764158433906585e-09,1.7639070926229997e-09,1.7636558910893561e-09,1.763404829267101e-09,1.7631539069236763e-09,1.7629031240214782e-09,1.7626524803523413e-09,1.762401975765327e-09,1.7621516101340412e-09,1.7619013834345972e-09,1.7616512954685371e-09,1.7614013460878962e-09,1.7611515351784698e-09,1.7609018626527316e-09,1.7606523283168346e-09,1.7604029320589924e-09,1.7601536737518662e-09,1.7599045532427942e-09,1.7596555704680087e-09,1.7594067252367863e-09,1.7591580174511513e-09,1.7589094469548747e-09,1.7586610136069804e-09,1.7584127173502647e-09,1.7581645579776206e-09,1.757916535423117e-09,1.7576686495053695e-09,1.7574209001399736e-09,1.75717328717123e-09,1.7569258104049212e-09,1.7566784698636041e-09,1.7564312653388486e-09,1.7561841967083236e-09,1.7559372638280585e-09,1.755690466588899e-09,1.7554438047927038e-09,1.7551972784372054e-09,1.7549508873378268e-09,1.754704631335853e-09,1.7544585103567803e-09,1.754212524293194e-09,1.7539666729648516e-09,1.75372095624472e-09,1.7534753740560455e-09,1.753229926216081e-09,1.7529846126504473e-09,1.752739433216836e-09,1.7524943877892313e-09,1.7522494762374689e-09,1.7520046984329696e-09,1.751760054250849e-09,1.7515155435880433e-09,1.7512711662889627e-09,1.7510269222147296e-09,1.7507828112971922e-09,1.7505388334000862e-09,1.7502949883855383e-09,1.7500512761105836e-09,1.7498076964954137e-09,1.7495642493959342e-09,1.7493209346855444e-09,1.749077752278203e-09,1.7488347019559131e-09,1.748591783690473e-09,1.7483489973180653e-09,1.7481063427343308e-09,1.7478638198036024e-09,1.7476214284108456e-09,1.7473791683563988e-09,1.7471370396787426e-09,1.7468950421414193e-09,1.7466531756429246e-09,1.7464114401224668e-09,1.7461698354023321e-09,1.7459283614136903e-09,1.7456870179472561e-09,1.7454458049388422e-09,1.745204722267425e-09,1.7449637698351228e-09,1.744722947439817e-09,1.7444822550341406e-09,1.7442416924544168e-09,1.7440012596357506e-09,1.7437609564072148e-09,1.7435207826884294e-09,1.7432807383437174e-09,1.7430408232582995e-09,1.7428010373026603e-09,1.7425613802466818e-09,1.7423218521629652e-09,1.742082453022062e-09,1.7418431827000908e-09,1.7416040406700788e-09,1.7413650270690362e-09,1.7411261417763426e-09,1.740887384655763e-09,1.7406487556360561e-09,1.7404102545612528e-09,1.7401718813442002e-09,1.739933635781718e-09,1.7396955179074717e-09,1.739457527529403e-09,1.7392196645389283e-09,1.738981928845413e-09,1.738744320253587e-09,1.7385068386931014e-09,1.7382694840480424e-09,1.7380322561961921e-09,1.7377951550263986e-09,1.737558180432903e-09,1.7373213322927973e-09,1.7370846104827827e-09,1.7368480148475326e-09,1.736611545382161e-09,1.7363752020521134e-09,1.7361389844653517e-09,1.7359028926359618e-09,1.7356669264707636e-09,1.7354310858326942e-09,1.7351953705682332e-09,1.7349597806652751e-09,1.7347243159805365e-09,1.734488976370252e-09,1.7342537617214324e-09,1.7340186719360833e-09,1.7337837068877693e-09,1.7335488664870692e-09,1.7333141505877248e-09,1.7330795591113542e-09,1.7328450919254179e-09,1.732610748931352e-09,1.732376530007704e-09,1.7321424350436588e-09,1.7319084639304432e-09,1.731674616571862e-09,1.7314408928283505e-09,1.7312072925918352e-09,1.730973815755068e-09,1.7307404622916327e-09,1.7305072319515156e-09,1.7302741246976638e-09,1.7300411403932707e-09,1.729808278958766e-09,1.7295755402563322e-09,1.7293429241244776e-09,1.72911043055717e-09,1.728878059400172e-09,1.7286458105457586e-09,1.7284136838578536e-09,1.7281816791320588e-09,1.72794979657139e-09,1.7277180357393962e-09,1.7274863964416213e-09,1.7272548790814772e-09,1.727023483278587e-09,1.7267922088931222e-09,1.7265610558292075e-09,1.7263300238320698e-09,1.7260991130697438e-09,1.7258683233061335e-09,1.725637654435265e-09,1.7254071063660366e-09,1.7251766789670542e-09,1.7249463721097073e-09,1.7247161857406928e-09,1.7244861196780849e-09,1.7242561738989484e-09,1.7240263483888966e-09,1.7237966427325892e-09,1.7235670569529932e-09,1.7233375910407694e-09,1.723108244821453e-09,1.7228790181551078e-09,1.7226499110520282e-09,1.7224209233390795e-09,1.7221920549155885e-09,1.721963305673706e-09,1.7217346754365727e-09,1.7215061642400838e-09,1.7212777719036334e-09,1.721049498326553e-09,1.7208213434129412e-09,1.7205933070025452e-09,1.720365389060174e-09,1.7201375894508235e-09,1.7199099080770964e-09,1.7196823448530512e-09,1.7194548996908156e-09,1.7192275724021166e-09,1.7190003629243468e-09,1.7187732711642626e-09,1.7185462968762753e-09,1.7183194402356068e-09,1.7180927009868319e-09,1.717866078970591e-09,1.717639574029679e-09,1.7174131863677497e-09,1.7171869158877341e-09,1.7169607620527576e-09,1.716734725044415e-09,1.7165088047185105e-09,1.7162830009564019e-09,1.7160573136855024e-09,1.7158317428358526e-09,1.7156062882091946e-09,1.7153809497750423e-09,1.7151557272361246e-09,1.714930620813371e-09,1.7147056302880114e-09,1.7144807554960811e-09,1.7142559963744384e-09,1.7140313528006738e-09,1.7138068248091737e-09,1.7135824122608345e-09,1.7133581147775707e-09,1.7131339324428378e-09,1.7129098651276172e-09,1.7126859127964216e-09,1.712462075468168e-09,1.7122383529241781e-09,1.7120147449223496e-09,1.7117912514477792e-09,1.7115678724125694e-09,1.7113446077261645e-09,1.7111214572579828e-09,1.7108984208904142e-09,1.7106754986920338e-09,1.7104526904657316e-09,1.7102299960763947e-09,1.710007415446369e-09,1.7097849484810348e-09,1.7095625950863448e-09,1.7093403551678937e-09,1.7091182288001319e-09,1.7088962158060978e-09,1.7086743156499038e-09,1.7084525285783304e-09,1.7082308545509133e-09,1.7080092933923667e-09,1.7077878449486097e-09,1.7075665091836218e-09,1.707345285961055e-09,1.707124175274791e-09,1.706903176976371e-09,1.7066822909624195e-09,1.706461517145733e-09,1.7062408554212122e-09,1.7060203056608944e-09,1.705799867801164e-09,1.7055795417866076e-09,1.7053593274822542e-09,1.7051392247917944e-09,1.7049192336192279e-09,1.7046993538682788e-09,1.7044795851752353e-09,1.7042599279790993e-09,1.7040403821436796e-09,1.7038209471803743e-09,1.7036016232012257e-09,1.7033824099464193e-09,1.7031633074508262e-09,1.7029443156109227e-09,1.7027254343546376e-09,1.7025066635802533e-09,1.7022880031823225e-09,1.7020694530420123e-09,1.7018510130838793e-09,1.7016326832230069e-09,1.701414463291681e-09,1.7011963534006193e-09,1.7009783531293882e-09,1.7007604626729661e-09,1.7005426816468373e-09,1.7003250103328519e-09,1.7001074485274428e-09,1.6998899960589346e-09,1.699672652913824e-09,1.6994554192293765e-09,1.699238294334885e-09,1.6990212781866688e-09,1.6988043709240863e-09,1.6985875724086508e-09,1.6983708824856347e-09,1.6981543013515177e-09,1.6979378286403474e-09,1.697721464342398e-09,1.6975052083545436e-09,1.697289060607755e-09,1.6970730210429493e-09,1.6968570894672462e-09,1.6966412658237857e-09,1.6964255500046336e-09,1.6962099419832485e-09,1.6959944416636457e-09,1.6957790489758191e-09,1.6955637636974523e-09,1.6953485858179817e-09,1.6951335153067553e-09,1.6949185517267477e-09,1.694703695496978e-09,1.6944889463040037e-09,1.6942743040252982e-09,1.6940597686163872e-09,1.6938453397956626e-09,1.6936310178096727e-09,1.6934168024647926e-09,1.693202693212968e-09,1.6929886907304527e-09,1.692774794229299e-09,1.6925610042826214e-09,1.6923473204530337e-09,1.6921337427011316e-09,1.6919202708550012e-09,1.691706904964846e-09,1.6914936448344788e-09,1.691280490384894e-09,1.6910674415050235e-09,1.6908544981468197e-09,1.6906416601775177e-09,1.6904289275513335e-09,1.6902163001400967e-09,1.6900037779087e-09,1.6897913607428161e-09,1.689579048556886e-09,1.6893668416032226e-09,1.6891547391780374e-09,1.6889427412695824e-09,1.6887308481040827e-09,1.6885190594732615e-09,1.688307375282571e-09,1.6880957954437137e-09,1.6878843203071388e-09,1.6876729489520938e-09,1.6874616816971162e-09,1.6872505184859156e-09,1.6870394593825135e-09,1.6868285039061708e-09,1.6866176521681715e-09,1.6864069036822568e-09,1.6861962592611742e-09,1.6859857182738902e-09,1.685775280690323e-09,1.6855649462990585e-09,1.685354715270089e-09,1.685144587456321e-09,1.6849345624633533e-09,1.6847246405757423e-09,1.6845148218268798e-09,1.6843051057019984e-09,1.6840954922683199e-09,1.6838859814674318e-09,1.6836765732021619e-09,1.683467267378322e-09,1.6832580639646108e-09,1.6830489628408486e-09,1.6828399639280235e-09,1.682631067132845e-09,1.6824222723747047e-09,1.682213579611091e-09,1.6820049887128187e-09,1.6817964995621676e-09,1.6815881121159343e-09,1.6813798262567018e-09,1.6811716419442224e-09,1.6809635590770003e-09,1.6807555775736676e-09,1.6805476973485396e-09,1.68033991831878e-09,1.6801322403987843e-09,1.6799246635202828e-09,1.6797171875229828e-09,1.6795098124437135e-09,1.6793025380746095e-09,1.6790953644538592e-09,1.6788882912982482e-09,1.6786813189112102e-09,1.6784744467506347e-09,1.6782676750764928e-09,1.6780610036802424e-09,1.6778544324803882e-09,1.677647961430834e-09,1.6774415903789583e-09,1.6772353194226514e-09,1.6770291481848908e-09,1.6768230766161756e-09,1.6766171050255208e-09,1.676411232954582e-09,1.6762054603636716e-09,1.6759997872175695e-09,1.6757942134550724e-09,1.6755887389765147e-09,1.675383363726504e-09,1.6751780875873557e-09,1.6749729105177782e-09,1.6747678324083277e-09,1.6745628531926512e-09,1.6743579727797651e-09,1.6741531910956034e-09,1.6739485080830736e-09,1.6737439236178055e-09,1.6735394378404632e-09,1.6733350502621726e-09,1.6731307609947081e-09,1.6729265698941802e-09,1.6727224770571392e-09,1.6725184822919566e-09,1.672314585500769e-09,1.672110786669538e-09,1.671907085647591e-09,1.6717034823885702e-09,1.6714999769952203e-09,1.6712965689839718e-09,1.6710932585843738e-09,1.6708900455738116e-09,1.6706869299908575e-09,1.6704839116556945e-09,1.6702809907524134e-09,1.670078166652014e-09,1.669875439698216e-09,1.6696728096889755e-09,1.669470276570368e-09,1.6692678402861256e-09,1.6690655007178883e-09,1.6688632578199339e-09,1.6686611114881896e-09,1.6684590616265251e-09,1.6682571082214526e-09,1.6680552511585536e-09,1.6678534903486322e-09,1.667651825722233e-09,1.6674502572127653e-09,1.6672487847229105e-09,1.667047408186044e-09,1.6668461275208123e-09,1.6666449426427594e-09,1.6664438535063978e-09,1.6662428599996043e-09,1.6660419620574265e-09,1.665841159602823e-09,1.6656404525394792e-09,1.6654398408273199e-09,1.6652393243178452e-09,1.6650389030282209e-09,1.6648385768550054e-09,1.6646383456951046e-09,1.6644382095026643e-09,1.664238168154558e-09,1.6640382216260538e-09,1.6638383698003321e-09,1.6636386126237644e-09,1.6634389500136244e-09,1.6632393819301363e-09,1.663039908231413e-09,1.6628405288835658e-09,1.662641243783502e-09,1.662442052870919e-09,1.662242956174024e-09,1.6620439534540823e-09,1.6618450446733093e-09,1.6616462297686631e-09,1.661447508671001e-09,1.6612488813379332e-09,1.6610503475821023e-09,1.6608519074705124e-09,1.660653560864254e-09,1.660455307741561e-09,1.6602571479322775e-09,1.6600590814217386e-09,1.6598611081080596e-09,1.6596632279442648e-09,1.6594654408446255e-09,1.6592677467304678e-09,1.6590701455307642e-09,1.6588726371768967e-09,1.658675221819715e-09,1.6584778988917664e-09,1.658280668610843e-09,1.65808353086875e-09,1.6578864856510347e-09,1.6576895328293852e-09,1.6574926722692574e-09,1.6572959039562704e-09,1.6570992278423127e-09,1.6569026438664055e-09,1.6567061519237123e-09,1.6565097519381915e-09,1.6563134438059524e-09,1.6561172275144876e-09,1.6559211028922132e-09,1.655725069975877e-09,1.6555291286154082e-09,1.655333278824298e-09,1.655137520510253e-09,1.6549418535489624e-09,1.6547462778732796e-09,1.6545507934534853e-09,1.65435540018612e-09,1.6541600979896635e-09,1.653964886803607e-09,1.6537697666109556e-09,1.653574737262997e-09,1.6533797986898446e-09,1.653184950845183e-09,1.6529901936832582e-09,1.6527955270862404e-09,1.6526009510129308e-09,1.6524064653614543e-09,1.6522120700861216e-09,1.6520177651014834e-09,1.6518235503600726e-09,1.6516294257646154e-09,1.6514353912531908e-09,1.651241446755805e-09,1.6510475921858587e-09,1.6508538275183465e-09,1.6506601526225127e-09,1.650466567481442e-09,1.6502730720308491e-09,1.6500796661385848e-09,1.6498863497723684e-09,1.6496931228477605e-09,1.6494999852113734e-09,1.6493069369458399e-09,1.6491139779787503e-09,1.648921108096374e-09,1.6487283274071103e-09,1.6485356356713432e-09,1.6483430331599627e-09,1.6481505192849441e-09,1.647958094191834e-09,1.6477657580194603e-09,1.6475735103455802e-09,1.6473813513229383e-09,1.6471892808363473e-09,1.6469972988271325e-09,1.6468054050909919e-09,1.6466135998379976e-09,1.6464218828054264e-09,1.6462302539952274e-09,1.6460387133084903e-09,1.6458472606824309e-09,1.6456558958876511e-09,1.6454646191719586e-09,1.6452734303085574e-09,1.645082329229241e-09,1.6448913158348635e-09,1.6447003901179555e-09,1.6445095519492644e-09,1.6443188013086862e-09,1.6441281381238336e-09,1.643937562313491e-09,1.6437470738097962e-09,1.6435566725453108e-09,1.6433663584513262e-09,1.6431761314591268e-09,1.6429859914977677e-09,1.6427959385103059e-09,1.6426059724305571e-09,1.6424160932253581e-09,1.6422263007312455e-09,1.6420365949226362e-09,1.6418469757529458e-09,1.6416574431037817e-09,1.641467997007193e-09,1.6412786373333452e-09,1.6410893640559536e-09,1.640900177013554e-09,1.6407110763521877e-09,1.6405220618271852e-09,1.6403331333069688e-09,1.6401442908213219e-09,1.6399555342833126e-09,1.6397668636196903e-09,1.6395782788404527e-09,1.6393897797976879e-09,1.639201366430445e-09,1.6390130387215582e-09,1.6388247965831487e-09,1.6386366399425227e-09,1.6384485687262168e-09,1.638260582885989e-09,1.6380726823499054e-09,1.6378848671795421e-09,1.6376971370516989e-09,1.6375094919226788e-09,1.6373219319167533e-09,1.6371344569036464e-09,1.636947067146845e-09,1.6367597619140428e-09,1.63657254141377e-09,1.6363854057622e-09,1.6361983546257508e-09,1.6360113880988445e-09,1.6358245060896632e-09,1.635637708678952e-09,1.6354509954587514e-09,1.635264366604127e-09,1.6350778219926038e-09,1.634891361561282e-09,1.6347049852991434e-09,1.6345186930511605e-09,1.6343324848445137e-09,1.6341463605901066e-09,1.6339603202050653e-09,1.6337743636414203e-09,1.6335884909704066e-09,1.633402701906369e-09,1.633216996389923e-09,1.6330313743747486e-09,1.6328458356255925e-09,1.6326603805067274e-09,1.632475008823908e-09,1.6322897204418614e-09,1.632104515295642e-09,1.631919393318715e-09,1.6317343544524442e-09,1.6315493986609307e-09,1.6313645258251873e-09,1.6311797359212247e-09,1.630995028873563e-09,1.630810404527217e-09,1.630625862919472e-09,1.6304414039786037e-09,1.630257027648324e-09,1.6300727338631025e-09,1.6298885225548241e-09,1.6297043936941036e-09,1.6295203471600274e-09,1.6293363829968812e-09,1.6291525010355256e-09,1.6289687012056377e-09,1.6287849835645985e-09,1.6286013479119585e-09,1.6284177942794472e-09,1.6282343224390075e-09,1.6280509325486508e-09,1.6278676243267037e-09,1.6276843978122645e-09,1.627501253011257e-09,1.627318189860772e-09,1.6271352082940409e-09,1.6269523082445594e-09,1.6267694896391437e-09,1.62658675235312e-09,1.6264040963858756e-09,1.6262215216583546e-09,1.6260390281130665e-09,1.625856615708716e-09,1.6256742843598908e-09,1.625492033985795e-09,1.625309864534797e-09,1.625127775965441e-09,1.6249457682092768e-09,1.624763841212901e-09,1.6245819948661554e-09,1.6244002291825498e-09,1.6242185440653788e-09,1.624036939530731e-09,1.623855415372251e-09,1.623673971601252e-09,1.6234926083739908e-09,1.6233113251982415e-09,1.6231301222121602e-09,1.622948999394636e-09,1.6227679566590748e-09,1.6225869939539983e-09,1.6224061113762125e-09,1.6222253085152986e-09,1.6220445855169405e-09,1.6218639423094893e-09,1.621683378767237e-09,1.6215028949820066e-09,1.621322490779464e-09,1.6211421661547893e-09,1.6209619209946055e-09,1.6207817551676107e-09,1.6206016688496542e-09,1.6204216617989394e-09,1.6202417340027822e-09,1.6200618853000969e-09,1.6198821158648912e-09,1.6197024254574483e-09,1.6195228141328916e-09,1.6193432817132956e-09,1.6191638281718375e-09,1.618984453480388e-09,1.6188051575659374e-09,1.6186259403728452e-09,1.6184468018474599e-09,1.6182677418299472e-09,1.618088760463261e-09,1.6179098575701005e-09,1.617731033149706e-09,1.6175522870574867e-09,1.6173736192794768e-09,1.6171950297533541e-09,1.6170165184334755e-09,1.6168380852537995e-09,1.616659730067848e-09,1.616481452977689e-09,1.6163032537598143e-09,1.616125132541871e-09,1.6159470891769663e-09,1.615769123607565e-09,1.615591235765755e-09,1.6154134255042877e-09,1.6152356930435241e-09,1.6150580380572927e-09,1.6148804605648952e-09,1.6147029605250355e-09,1.614525537874265e-09,1.6143481925500457e-09,1.6141709245162361e-09,1.6139937335878225e-09,1.6138166199210232e-09,1.6136395834161184e-09,1.6134626239030435e-09,1.6132857413523652e-09,1.6131089358074285e-09,1.6129322070905052e-09,1.612755555114839e-09,1.612578980002622e-09,1.612402481575553e-09,1.6122260597992428e-09,1.6120497146167626e-09,1.6118734459724638e-09,1.6116972538038238e-09,1.611521138063292e-09,1.611345098705346e-09,1.6111691357128164e-09,1.6109932489866537e-09,1.610817438414177e-09,1.610641703958415e-09,1.6104660456129419e-09,1.6102904632912681e-09,1.6101149569578867e-09,1.6099395265214368e-09,1.6097641719505469e-09,1.609588893189155e-09,1.6094136875981231e-09,1.6092385626970575e-09,1.6090635124127871e-09,1.608888537033617e-09,1.6087136368629692e-09,1.6085388119835861e-09,1.608364062421426e-09,1.608189388169308e-09,1.6080147891941097e-09,1.6078402655573993e-09,1.6076658170108882e-09,1.6074914437014207e-09,1.6073171454835015e-09,1.6071429223219542e-09,1.6069687741194854e-09,1.6067947008467377e-09,1.6066207024445263e-09,1.606446778853683e-09,1.606272929955752e-09,1.6060991558154226e-09,1.605925456329118e-09,1.605751831463348e-09,1.6055782811437138e-09,1.6054048049548606e-09,1.6052314035842028e-09,1.6050580766068751e-09,1.604884823928069e-09,1.6047116455243177e-09,1.6045385413594865e-09,1.604365511361333e-09,1.6041925555311704e-09,1.6040196737219368e-09,1.6038468659183694e-09,1.603674132020756e-09,1.603501472071908e-09,1.6033288860046276e-09,1.6031563736521495e-09,1.602983935043973e-09,1.602811570144156e-09,1.6026392788384315e-09,1.602467061104506e-09,1.6022949168536e-09,1.6021228461371612e-09,1.6019508488519797e-09,1.6017789249205184e-09,1.6016070743180788e-09,1.6014352969568699e-09,1.6012635928081195e-09,1.6010919618116003e-09,1.6009204039109346e-09,1.600748919024783e-09,1.6005775071677358e-09,1.600406168247262e-09,1.6002349022330035e-09,1.6000637090463372e-09,1.5998925886496038e-09,1.5997215409678883e-09,1.5995505659852454e-09,1.5993796635500113e-09,1.5992088337535625e-09,1.599038076477671e-09,1.5988673916085224e-09,1.5986967792269203e-09,1.5985262392147894e-09,1.598355771448988e-09,1.5981853759506746e-09,1.5980150527246774e-09,1.5978448016010147e-09,1.5976746225934094e-09,1.5975045156393644e-09,1.5973344806923998e-09,1.5971645176986948e-09,1.5969946266002058e-09,1.5968248073620596e-09,1.5966550599931574e-09,1.5964853843699148e-09,1.5963157804456026e-09,1.5961462481628064e-09,1.5959767874765498e-09,1.5958073983293395e-09,1.5956380806762568e-09,1.595468834463113e-09,1.595299659638823e-09,1.595130556152411e-09,1.5949615239528895e-09,1.5947925629893797e-09,1.5946236732110308e-09,1.594454854567069e-09,1.5942861070067025e-09,1.5941174304792643e-09,1.5939488249340753e-09,1.5937802903002394e-09,1.5936118265793527e-09,1.5934434336886062e-09,1.5932751115252748e-09,1.5931068602158989e-09,1.5929386795211336e-09,1.5927705694444948e-09,1.59260252999293e-09,1.5924345611140676e-09,1.5922666626266454e-09,1.5920988345383495e-09,1.5919310768062562e-09,1.5917633894726623e-09,1.5915957724431277e-09,1.5914282256540652e-09,1.5912607489952863e-09,1.591093342466695e-09,1.590926005990107e-09,1.5907587395294386e-09,1.5905915430861805e-09,1.59042441659532e-09,1.5902573599253708e-09,1.5900903731164491e-09,1.589923456098607e-09,1.5897566088096462e-09,1.5895898312034994e-09,1.5894231230581177e-09,1.5892564845157202e-09,1.589089915665116e-09,1.5889234161133027e-09,1.588756985983664e-09,1.588590625379447e-09,1.5884243341509011e-09,1.5882581122423945e-09,1.5880919595735041e-09,1.587925876088281e-09,1.587759861680465e-09,1.5875939164686725e-09,1.587428040298163e-09,1.587262233093043e-09,1.5870964948398918e-09,1.5869308254978468e-09,1.5867652249706665e-09,1.5865996932944651e-09,1.5864342300629547e-09,1.5862688358050596e-09,1.5861035102314185e-09,1.5859382532657916e-09,1.5857730648213655e-09,1.5856079450258617e-09,1.5854428936249953e-09,1.5852779106570225e-09,1.585112996114177e-09,1.584948149799395e-09,1.584783371803687e-09,1.5846186620721665e-09,1.5844540204886542e-09,1.5842894470577404e-09,1.58412494171087e-09,1.5839605043878384e-09,1.5837961350545977e-09,1.583631833573541e-09,1.5834676000673188e-09,1.5833034343236487e-09,1.5831393363769755e-09,1.582975306295019e-09,1.5828113439417797e-09,1.582647449115598e-09,1.5824836218379086e-09,1.5823198622388021e-09,1.5821561700955432e-09,1.5819925454192283e-09,1.581828988162583e-09,1.5816654982789885e-09,1.581502075720561e-09,1.5813387204378306e-09,1.581175432402129e-09,1.5810122115510239e-09,1.5808490578376741e-09,1.580685971215415e-09,1.5805229516266705e-09,1.5803599990356504e-09,1.5801971134053286e-09,1.5800342946767477e-09,1.5798715427667066e-09,1.5797088577138405e-09,1.5795462394181665e-09,1.5793836878486654e-09,1.5792212029521005e-09,1.5790587846737875e-09,1.578896432970934e-09,1.5787341478014988e-09,1.5785719291123384e-09,1.5784097769006032e-09,1.5782476910559335e-09,1.5780856715633226e-09,1.5779237183791312e-09,1.5777618314405868e-09,1.5776000107219666e-09,1.5774382561787661e-09,1.5772765677189312e-09,1.5771149453585058e-09,1.5769533890169128e-09,1.5767918986445275e-09,1.5766304742228153e-09,1.576469115684329e-09,1.5763078230114305e-09,1.5761465959725433e-09,1.575985434862872e-09,1.57582433947067e-09,1.5756633096719945e-09,1.5755023455511587e-09,1.5753414469969348e-09,1.5751806140991067e-09,1.5750198465242499e-09,1.5748591444077766e-09,1.5746985076984958e-09,1.5745379363376123e-09,1.5743774302801121e-09,1.5742169894813726e-09,1.5740566138990091e-09,1.5738963034850515e-09,1.5737360581966433e-09,1.573575877987427e-09,1.5734157628126027e-09,1.5732557126291995e-09,1.5730957273909624e-09,1.5729358070452588e-09,1.572775951561489e-09,1.572616160886434e-09,1.5724564349971867e-09,1.5722967738172356e-09,1.5721371773134162e-09,1.5719776454436572e-09,1.571818178161855e-09,1.5716587754249077e-09,1.5714994371231413e-09,1.5713401633437142e-09,1.5711809539496942e-09,1.5710218088861265e-09,1.570862728160154e-09,1.5707037117617834e-09,1.5705447595999078e-09,1.570385871633903e-09,1.5702270478169427e-09,1.5700682881045849e-09,1.5699095924565697e-09,1.569750960816993e-09,1.5695923931541952e-09,1.5694338894208387e-09,1.56927544959377e-09,1.5691170737247757e-09,1.5689587615738747e-09,1.5688005131171811e-09,1.5686423283701381e-09,1.5684842073403485e-09,1.568326149879437e-09,1.5681681557796216e-09,1.568010225460731e-09,1.5678523586060887e-09,1.5676945552357396e-09,1.5675368152788049e-09,1.5673791387029487e-09,1.5672215254345827e-09,1.567063975443623e-09,1.5669064886850862e-09,1.5667490651262938e-09,1.5665917047226336e-09,1.5664344074239165e-09,1.5662771731987156e-09,1.566120001884028e-09,1.565962893657323e-09,1.5658058483652278e-09,1.5656488659690329e-09,1.565491946422933e-09,1.5653350894697815e-09,1.5651782954741154e-09,1.565021564230326e-09,1.5648648956701614e-09,1.564708289749218e-09,1.5645517464250272e-09,1.5643952656556078e-09,1.5642388474155873e-09,1.5640824917955316e-09,1.563926198465286e-09,1.563769967479531e-09,1.563613798845291e-09,1.5634576925503558e-09,1.5633016484853658e-09,1.5631456666406045e-09,1.5629897469886117e-09,1.5628338893872277e-09,1.5626780939456203e-09,1.5625223605722008e-09,1.5623666891932005e-09,1.562211079782942e-09,1.5620555322967743e-09,1.5619000466932663e-09,1.5617446229311634e-09,1.5615892609628283e-09,1.561433960747653e-09,1.561278722249677e-09,1.5611235454260212e-09,1.5609684301811836e-09,1.5608133765313216e-09,1.5606583844386647e-09,1.5605034538497666e-09,1.5603485847365948e-09,1.5601937771036993e-09,1.560039030994263e-09,1.5598843460952845e-09,1.5597297224837915e-09,1.5595751601403147e-09,1.5594206590268152e-09,1.559266219094869e-09,1.5591118402993349e-09,1.5589575227420825e-09,1.5588032661391048e-09,1.5586490705565943e-09,1.5584949359339823e-09,1.5583408623227638e-09,1.5581868495164676e-09,1.5580328975577213e-09,1.5578790064127079e-09,1.5577251760465883e-09,1.5575714063864355e-09,1.5574176974380941e-09,1.5572640491408204e-09,1.5571104614387463e-09,1.5569569343708312e-09,1.5568034677843028e-09,1.5566500617479923e-09,1.5564967160825535e-09,1.5563434308444854e-09,1.5561902059996403e-09,1.556037041590456e-09,1.555883937337704e-09,1.555730893244759e-09,1.555577909348461e-09,1.5554249855993531e-09,1.5552721218244385e-09,1.555119318338471e-09,1.554966574675315e-09,1.554813891317975e-09,1.5546612677603013e-09,1.554508704299892e-09,1.5543562007282112e-09,1.5542037570052671e-09,1.5540513730799271e-09,1.553899048745556e-09,1.553746784170401e-09,1.553594579446269e-09,1.5534424343733345e-09,1.5532903489162667e-09,1.5531383230147504e-09,1.552986356543305e-09,1.5528344496926332e-09,1.552682602345991e-09,1.5525308144303385e-09,1.5523790859313983e-09,1.5522274166166696e-09,1.5520758066116426e-09,1.5519242558880807e-09,1.551772764379522e-09,1.551621332038729e-09,1.5514699588398207e-09,1.5513186447359623e-09,1.5511673897021927e-09,1.551016193689322e-09,1.5508650566601859e-09,1.55071397858284e-09,1.550562959381846e-09,1.5504119990125948e-09,1.550261097528721e-09,1.5501102548062567e-09,1.549959470876447e-09,1.5498087456434364e-09,1.54965807909692e-09,1.5495074712445777e-09,1.5493569219244368e-09,1.549206431110404e-09,1.5490559988582676e-09,1.5489056250838588e-09,1.5487553097641335e-09,1.548605052842069e-09,1.5484548542573146e-09,1.5483047140108189e-09,1.548154632076815e-09,1.5480046083938277e-09,1.5478546429157362e-09,1.547704735619487e-09,1.5475548864213813e-09,1.5474050953556044e-09,1.5472553623537483e-09,1.5471056873655986e-09,1.5469560702650879e-09,1.5468065112062226e-09,1.5466570100329795e-09,1.5465075667273941e-09,1.5463581812792065e-09,1.5462088536343138e-09,1.5460595837441922e-09,1.545910371588213e-09,1.5457612171001495e-09,1.5456121202264321e-09,1.545463080976539e-09,1.545314099292814e-09,1.5451651751465897e-09,1.5450163084996627e-09,1.5448674993104282e-09,1.5447187475343684e-09,1.5445700531388247e-09,1.5444214160894572e-09,1.544272836265609e-09,1.5441243137906584e-09,1.543975848508331e-09,1.5438274404546772e-09,1.543679089558544e-09,1.5435307957819939e-09,1.5433825591080854e-09,1.5432343795332318e-09,1.5430862569724112e-09,1.542938191286752e-09,1.5427901825395907e-09,1.5426422306818286e-09,1.542494335698401e-09,1.5423464975448106e-09,1.5421987161651024e-09,1.5420509915447742e-09,1.5419033235785894e-09,1.5417557123517886e-09,1.541608157761005e-09,1.5414606597724236e-09,1.5413132182780337e-09,1.5411658333774132e-09,1.541018504936209e-09,1.5408712329941957e-09,1.5407240174661582e-09,1.5405768583308673e-09,1.5404297555416634e-09,1.5402827090510583e-09,1.5401357191452993e-09,1.5399887851632516e-09,1.5398419073815934e-09,1.5396950856609544e-09,1.539548320170867e-09,1.5394016107749806e-09,1.5392549574518933e-09,1.5391083601285302e-09,1.5389618187893278e-09,1.5388153333957006e-09,1.5386689039171896e-09,1.5385225303484021e-09,1.5383762125744209e-09,1.538229950606734e-09,1.538083744373268e-09,1.5379375939012315e-09,1.5377914991236838e-09,1.5376454600084494e-09,1.5374994765164025e-09,1.5373535486111333e-09,1.5372076762551386e-09,1.5370618594213651e-09,1.536916098064541e-09,1.5367703921584061e-09,1.536624741604744e-09,1.5364791464768488e-09,1.5363336066845525e-09,1.5361881221918197e-09,1.5360426929612487e-09,1.5358973189710724e-09,1.5357520001723377e-09,1.535606736530253e-09,1.535461527938567e-09,1.5353163745138659e-09,1.535171276142486e-09,1.5350262327444984e-09,1.5348812443852336e-09,1.5347363110455982e-09,1.534591432538133e-09,1.5344466089318762e-09,1.5343018401527109e-09,1.5341571261633746e-09,1.5340124669615454e-09,1.5338678624976272e-09,1.5337233127505745e-09,1.533578817657345e-09,1.533434377193602e-09,1.533289991355482e-09,1.5331456600638483e-09,1.5330013832991132e-09,1.5328571610209131e-09,1.5327129932043745e-09,1.5325688798182219e-09,1.532424820818829e-09,1.5322808160757678e-09,1.5321368657683751e-09,1.5319929698141091e-09,1.5318491280161435e-09,1.5317053404161116e-09,1.5315616070167942e-09,1.5314179277749747e-09,1.5312743027399236e-09,1.531130731652152e-09,1.5309872146354983e-09,1.5308437516507181e-09,1.5307003426294107e-09,1.5305569875658657e-09,1.5304136863855942e-09,1.530270439085043e-09,1.5301272456140354e-09,1.529984105837335e-09,1.5298410199739477e-09,1.529697987826153e-09,1.5295550093776489e-09,1.5294120845784368e-09,1.5292692134405449e-09,1.5291263959077373e-09,1.528983631905313e-09,1.5288409214668103e-09,1.5286982645310382e-09,1.5285556610542399e-09,1.5284131110073173e-09,1.5282706143651226e-09,1.5281281710763316e-09,1.527985781098961e-09,1.5278434444263264e-09,1.5277011610062754e-09,1.5275589308295135e-09,1.5274167538620177e-09,1.5272746300300204e-09,1.5271325593182815e-09,1.5269905417204979e-09,1.5268485773946113e-09,1.526706665893737e-09,1.526564807384878e-09,1.5264230017926525e-09,1.5262812491476243e-09,1.526139549419575e-09,1.5259979025388829e-09,1.5258563084771947e-09,1.5257147672129732e-09,1.5255732787031535e-09,1.5254318429222776e-09,1.5252904598461934e-09,1.5251491294280608e-09,1.52500785162657e-09,1.5248666264177016e-09,1.5247254535679135e-09,1.5245843334528684e-09,1.5244432658835045e-09,1.5243022507922228e-09,1.5241612881220665e-09,1.5240203777831193e-09,1.5238795198661444e-09,1.5237387142839295e-09,1.5235979609362421e-09,1.5234572598547134e-09,1.523316611005656e-09,1.523176014355949e-09,1.5230354698413892e-09,1.5228949775108987e-09,1.5227545372731887e-09,1.5226141491344563e-09,1.5224738132128454e-09,1.5223335290770874e-09,1.5221932969573585e-09,1.5220531167272905e-09,1.5219129884864082e-09,1.521772911697651e-09,1.5216328870918889e-09,1.5214929142868464e-09,1.521352993237025e-09,1.5212131239471421e-09,1.5210733063722628e-09,1.5209335403836756e-09,1.520793826064072e-09,1.5206541634642542e-09,1.5205145524201726e-09,1.520374992925738e-09,1.5202354849497812e-09,1.5200960284602211e-09,1.5199566234249017e-09,1.5198172698118932e-09,1.5196779675875035e-09,1.5195387167229067e-09,1.5193995171829408e-09,1.5192603689390389e-09,1.5191212719577511e-09,1.5189822262069162e-09,1.5188432316550995e-09,1.518704288270259e-09,1.5185653960212208e-09,1.5184265548818564e-09,1.5182877647818605e-09,1.5181490257404713e-09,1.5180103375492703e-09,1.5178717004939079e-09,1.5177331144752027e-09,1.5175945793493599e-09,1.5174560951228178e-09,1.5173176616577035e-09,1.5171792791613044e-09,1.5170409473652571e-09,1.5169026661662082e-09,1.5167644356383275e-09,1.51662625588963e-09,1.5164881270640315e-09,1.5163500488167484e-09,1.5162120210393884e-09,1.516074044036119e-09,1.5159361173483521e-09,1.5157982411593936e-09,1.5156604153135302e-09,1.5155226400787457e-09,1.515384915217798e-09,1.5152472407569232e-09,1.5151096166263194e-09,1.5149720429485206e-09,1.514834519424107e-09,1.5146970461559505e-09,1.5145596231392403e-09,1.5144222503073978e-09,1.5142849275099207e-09,1.5141476549155916e-09,1.5140104324668659e-09,1.5138732600802205e-09,1.5137361378222572e-09,1.5135990655217695e-09,1.513462043169888e-09,1.5133250707698346e-09,1.5131881482993095e-09,1.5130512757004167e-09,1.5129144529542612e-09,1.5127776798967133e-09,1.5126409567687019e-09,1.5125042833896643e-09,1.5123676597633973e-09,1.512231085790055e-09,1.512094561531909e-09,1.511958086913746e-09,1.5118216619279953e-09,1.5116852865009014e-09,1.5115489606386146e-09,1.5114126842806603e-09,1.5112764576109408e-09,1.5111402802034743e-09,1.5110041522696125e-09,1.5108680737320467e-09,1.510732044515958e-09,1.5105960646159015e-09,1.5104601340660718e-09,1.5103242527790623e-09,1.5101884207592266e-09,1.5100526379304834e-09,1.5099169042905829e-09,1.5097812198317217e-09,1.5096455844776583e-09,1.5095099982187064e-09,1.5093744610256667e-09,1.5092389728696554e-09,1.509103533720681e-09,1.5089681435502249e-09,1.5088328023270844e-09,1.5086975100161973e-09,1.5085622665961228e-09,1.5084270719300468e-09,1.508291925963922e-09,1.5081568290201717e-09,1.5080217806972297e-09,1.5078867813212537e-09,1.5077518307439379e-09,1.5076169287135368e-09,1.5074820753535867e-09,1.5073472704294974e-09,1.5072125142518935e-09,1.5070778066348147e-09,1.5069431475678253e-09,1.5068085370040316e-09,1.5066739750478885e-09,1.506539461380964e-09,1.506404996125192e-09,1.5062705792765715e-09,1.5061362107633612e-09,1.5060018906058098e-09,1.5058676187144679e-09,1.5057333950858674e-09,1.5055992196945231e-09,1.505465092520014e-09,1.5053310135206579e-09,1.505196982693318e-09,1.5050630000305332e-09,1.5049290653942861e-09,1.5047951788208673e-09,1.5046613403181705e-09,1.5045275497840345e-09,1.5043938072237079e-09,1.5042601126086371e-09,1.5041264659207394e-09,1.5039928671545943e-09,1.5038593162583516e-09,1.5037258131546608e-09,1.5035923576167633e-09,1.5034589501066178e-09,1.5033255903056823e-09,1.503192278221439e-09,1.50305901382364e-09,1.5029257971176215e-09,1.502792628025918e-09,1.502659506529182e-09,1.5025264325802175e-09,1.5023934063050124e-09,1.5022604272971485e-09,1.5021274959221523e-09,1.5019946119864182e-09,1.501861775473372e-09,1.5017289863696865e-09,1.501596244627499e-09,1.501463550257206e-09,1.5013309033186665e-09,1.5011983035192255e-09,1.5010657509886988e-09,1.5009332456771455e-09,1.5008007875728776e-09,1.500668376633195e-09,1.5005360128367467e-09,1.5004036961520057e-09,1.5002714266376347e-09,1.5001392041110195e-09,1.500007028607822e-09,1.499874900107274e-09,1.4997428185792827e-09,1.4996107840211656e-09,1.4994787963193185e-09,1.499346855492903e-09,1.4992149615671357e-09,1.4990831144932153e-09,1.4989513142935074e-09,1.4988195607996797e-09,1.4986878540595277e-09,1.498556194036366e-09,1.4984245806586184e-09,1.4982930140173461e-09,1.4981614939930218e-09,1.498030020564155e-09,1.4978985937373264e-09,1.4977672132139047e-09,1.4976358792427536e-09,1.4975045919893981e-09,1.4973733512398277e-09,1.4972421568594996e-09,1.4971110089395883e-09,1.4969799074138731e-09,1.4968488522368141e-09,1.4967178433195435e-09,1.496586880781296e-09,1.4964559647991683e-09,1.4963250950838551e-09,1.4961942714009025e-09,1.4960634937918436e-09,1.4959327623543183e-09,1.4958020769444894e-09,1.4956714375895424e-09,1.4955408442138752e-09,1.4954102971826321e-09,1.4952797961819177e-09,1.4951493411308753e-09,1.495018932165054e-09,1.4948885692000723e-09,1.494758252045707e-09,1.4946279810419905e-09,1.494497755958337e-09,1.4943675763985245e-09,1.4942374426255494e-09,1.4941073546710737e-09,1.4939773124573611e-09,1.4938473159850297e-09,1.493717365206445e-09,1.4935874600702705e-09,1.4934576006358996e-09,1.4933277868032573e-09,1.4931980185694522e-09,1.493068295651934e-09,1.4929386185501564e-09,1.492808986998378e-09,1.4926794008581828e-09,1.4925498602024307e-09,1.4924203649810871e-09,1.4922909151668056e-09,1.4921615107505242e-09,1.4920321516841055e-09,1.4919028379436602e-09,1.4917735694606647e-09,1.491644346279441e-09,1.4915151683383784e-09,1.4913860356174134e-09,1.4912569479943527e-09,1.4911279056002056e-09,1.4909989083929157e-09,1.4908699563236502e-09,1.4907410493181956e-09,1.4906121869556138e-09,1.4904833699421663e-09,1.4903545980343138e-09,1.490225871101028e-09,1.4900971892389886e-09,1.4899685521870088e-09,1.489839960018896e-09,1.4897114130634833e-09,1.4895829106165811e-09,1.4894544528529499e-09,1.4893260400042753e-09,1.48919767192293e-09,1.489069348462741e-09,1.4889410698750854e-09,1.4888128357761929e-09,1.488684646389264e-09,1.488556501774543e-09,1.4884284017707086e-09,1.4883003463677865e-09,1.4881723355096828e-09,1.4880443691812504e-09,1.4879164473591856e-09,1.4877885700142252e-09,1.4876607371163195e-09,1.487532948662775e-09,1.4874052046372844e-09,1.4872775049560205e-09,1.4871498496221165e-09,1.4870222386150713e-09,1.4868946719062534e-09,1.486767149469696e-09,1.4866396712795433e-09,1.4865122373098942e-09,1.4863848475375206e-09,1.486257501931347e-09,1.4861302004756412e-09,1.486002943135513e-09,1.4858757298834395e-09,1.4857485606941412e-09,1.4856214356317647e-09,1.4854943545572241e-09,1.4853673173773075e-09,1.4852403241349308e-09,1.4851133748855144e-09,1.484986469545477e-09,1.4848596080936015e-09,1.4847327905902843e-09,1.4846060167265133e-09,1.484479286603977e-09,1.4843526004529622e-09,1.484225957619745e-09,1.4840993589548328e-09,1.483972803835893e-09,1.4838462925589788e-09,1.4837198249285387e-09,1.483593400945572e-09,1.483467020561732e-09,1.4833406837524605e-09,1.4832143905163836e-09,1.4830881407901575e-09,1.4829619345767847e-09,1.4828357718420963e-09,1.48270965271336e-09,1.482583576861208e-09,1.4824575445841457e-09,1.4823315558421774e-09,1.4822056101566898e-09,1.4820797078266922e-09,1.4819538487805915e-09,1.4818280329733631e-09,1.4817022604159832e-09,1.4815765310975897e-09,1.481450845018447e-09,1.481325202073173e-09,1.4811996025105902e-09,1.4810740458435826e-09,1.4809485322754645e-09,1.4808230617312233e-09,1.480697634308259e-09,1.4805722498762282e-09,1.480446908379975e-09,1.480321609963171e-09,1.4801963545860953e-09,1.4800711420524743e-09,1.4799459724483478e-09,1.4798208456952154e-09,1.4796957617900992e-09,1.4795707207180287e-09,1.4794457224624847e-09,1.4793207669972836e-09,1.4791958542703813e-09,1.4790709842735837e-09,1.4789461568925283e-09,1.4788213722853747e-09,1.4786966302984165e-09,1.4785719310163718e-09,1.4784472743161782e-09,1.4783226602151228e-09,1.4781980886491058e-09,1.4780735596422653e-09,1.4779490731201071e-09,1.4778246290238548e-09,1.4777002273945947e-09,1.4775758683139813e-09,1.4774515516584204e-09,1.4773272774705522e-09,1.4772030455415968e-09,1.4770788559055698e-09,1.476954708588277e-09,1.4768306035887863e-09,1.4767065408331324e-09,1.4765825203157594e-09,1.4764585420224442e-09,1.4763346059229995e-09,1.4762107118612892e-09,1.4760868600745996e-09,1.4759630504097332e-09,1.4758392828021108e-09,1.4757155573043141e-09,1.4755918738746535e-09,1.4754682324514873e-09,1.4753446330358572e-09,1.4752210755906625e-09,1.4750975600984743e-09,1.4749740865836834e-09,1.4748506549193235e-09,1.4747272651790617e-09,1.4746039172587627e-09,1.4744806111720718e-09,1.4743573469920382e-09,1.4742341245069458e-09,1.4741109437545571e-09,1.4739878047787325e-09,1.4738647074999928e-09,1.4737416518323383e-09,1.4736186378972304e-09,1.4734956656162853e-09,1.4733727349555e-09,1.4732498459406651e-09,1.4731269984474187e-09,1.4730041924432327e-09,1.472881428021322e-09,1.4727587050986701e-09,1.4726360236752981e-09,1.4725133836652818e-09,1.4723907851248956e-09,1.4722682279697285e-09,1.4721457122423417e-09,1.4720232378432192e-09,1.4719008047240338e-09,1.471778412978504e-09,1.4716560624995966e-09,1.4715337532763e-09,1.471411485322584e-09,1.471289258597078e-09,1.4711670730436466e-09,1.4710449285996055e-09,1.470922825322347e-09,1.4708007632301095e-09,1.4706787422176087e-09,1.4705567622726113e-09,1.470434823310901e-09,1.4703129254829254e-09,1.4701910686810443e-09,1.4700692528331226e-09,1.4699474779428389e-09,1.4698257439968506e-09,1.469704050957364e-09,1.4695823988102202e-09,1.4694607875563648e-09,1.469339217139616e-09,1.4692176875648624e-09,1.4690961987564976e-09,1.4689747507202855e-09,1.4688533434383151e-09,1.468731976893158e-09,1.4686106509044878e-09,1.4684893657448244e-09,1.4683681212155765e-09,1.4682469173610656e-09,1.4681257541695239e-09,1.468004631547078e-09,1.4678835492873721e-09,1.4677625078093572e-09,1.4676415067266038e-09,1.4675205462239797e-09,1.4673996261578301e-09,1.4672787465895384e-09,1.46715790745114e-09,1.4670371086662216e-09,1.466916350288465e-09,1.4667956323619223e-09,1.4666749547319566e-09,1.4665543174638257e-09,1.4664337204664086e-09,1.4663131637572108e-09,1.4661926473078134e-09,1.466072171254349e-09,1.4659517352627771e-09,1.465831339391242e-09,1.4657109837054667e-09,1.4655906680244985e-09,1.465470392526844e-09,1.4653501571177783e-09,1.4652299617787487e-09,1.465109806528069e-09,1.4649896913603616e-09,1.4648696162097812e-09,1.4647495809796816e-09,1.464629585601313e-09,1.4645096302661858e-09,1.4643897147893388e-09,1.4642698392814063e-09,1.4641500036702624e-09,1.4640302079514035e-09,1.4639104519849548e-09,1.4637907358113253e-09,1.463671059406577e-09,1.4635514227491996e-09,1.4634318258578501e-09,1.4633122686500075e-09,1.4631927511305593e-09,1.4630732732881845e-09,1.4629538350930982e-09,1.4628344365449025e-09,1.46271507759696e-09,1.4625957582082553e-09,1.4624764783784873e-09,1.462357238079686e-09,1.462238037303977e-09,1.4621188760286266e-09,1.4619997541667946e-09,1.4618806717950798e-09,1.4617616288475601e-09,1.4616426253050904e-09,1.4615236611776683e-09,1.4614047363859664e-09,1.4612858509319192e-09,1.4611670047910155e-09,1.4610481979478e-09,1.460929430374808e-09,1.4608107020475775e-09,1.460692013133019e-09,1.4605733632520198e-09,1.4604547525534664e-09,1.4603361810171181e-09,1.4602176486436083e-09,1.4600991553948772e-09,1.45998070121733e-09,1.4598622861286984e-09,1.4597439101085218e-09,1.459625573098566e-09,1.459507275124e-09,1.4593890161032016e-09,1.4592707959666364e-09,1.4591526147860409e-09,1.4590344726201127e-09,1.4589163693833275e-09,1.4587983050300903e-09,1.4586802795273444e-09,1.4585622927577387e-09,1.4584443449251943e-09,1.458326435752419e-09,1.4582085654750798e-09,1.4580907338465677e-09,1.4579729410550165e-09,1.4578551869626327e-09,1.4577374715808752e-09,1.4576197948637729e-09,1.4575021567831298e-09,1.457384557330124e-09,1.457266996468501e-09,1.4571494740804623e-09,1.4570319903696958e-09,1.4569145450430706e-09,1.456797138368791e-09,1.4566797701994756e-09,1.456562440516457e-09,1.4564451492775965e-09,1.4563278965206664e-09,1.4562106821290746e-09,1.4560935061374886e-09,1.4559763684958092e-09,1.4558592692658894e-09,1.455742208313981e-09,1.4556251856643594e-09,1.45550820131551e-09,1.4553912552297804e-09,1.4552743473854329e-09,1.4551574777487884e-09,1.4550406461815417e-09,1.4549238529296985e-09,1.4548070978396964e-09,1.4546903808879611e-09,1.4545737021384559e-09,1.4544570614025417e-09,1.454340458746505e-09,1.4542238943268856e-09,1.4541073677518386e-09,1.4539908791912348e-09,1.4538744286046594e-09,1.4537580160234911e-09,1.4536416413684225e-09,1.4535253046450724e-09,1.4534090057853526e-09,1.4532927448802902e-09,1.4531765216984782e-09,1.4530603364466482e-09,1.4529441889278724e-09,1.4528280793458114e-09,1.452712007463519e-09,1.4525959736006328e-09,1.4524799773067417e-09,1.4523640187002764e-09,1.4522480978508893e-09,1.4521322146622523e-09,1.4520163689466536e-09,1.451900561009626e-09,1.4517847906977345e-09,1.45166905804919e-09,1.4515533629623584e-09,1.451437705494012e-09,1.4513220854941215e-09,1.4512065030665408e-09,1.4510909580347853e-09,1.4509754505223295e-09,1.4508599804580844e-09,1.450744547654381e-09,1.450629152419288e-09,1.450513794548839e-09,1.450398474105255e-09,1.4502831910236511e-09,1.4501679452201589e-09,1.450052736784432e-09,1.4499375656397087e-09,1.449822431846265e-09,1.4497073352259704e-09,1.449592275691662e-09,1.4494772534765959e-09,1.449362268492077e-09,1.4492473206075664e-09,1.4491324098489745e-09,1.449017536312837e-09,1.4489026999283187e-09,1.4487879005604952e-09,1.448673138189395e-09,1.4485584128658127e-09,1.4484437246539994e-09,1.4483290734785107e-09,1.4482144592590152e-09,1.448099881960385e-09,1.4479853416909598e-09,1.4478708382677278e-09,1.4477563718111714e-09,1.4476419422269614e-09,1.447527549564347e-09,1.4474131937041795e-09,1.447298874605602e-09,1.4471845922729936e-09,1.4470703468414834e-09,1.446956138194905e-09,1.4468419663195794e-09,1.446727831107467e-09,1.446613732669104e-09,1.4464996708513536e-09,1.4463856456958714e-09,1.4462716572294962e-09,1.446157705365948e-09,1.4460437901028426e-09,1.4459299114863848e-09,1.4458160694426266e-09,1.4457022638628787e-09,1.4455884948812266e-09,1.4454747624046693e-09,1.44536106639281e-09,1.4452474068886606e-09,1.445133783836942e-09,1.4450201972165646e-09,1.44490664700431e-09,1.4447931331823293e-09,1.4446796557174843e-09,1.4445662146621285e-09,1.4444528099123342e-09,1.444339441447884e-09,1.4442261093039733e-09,1.444112813482124e-09,1.4439995539093282e-09,1.4438863305084266e-09,1.4437731433604928e-09,1.4436599924105481e-09,1.443546877550416e-09,1.4434337989019027e-09,1.4433207563802376e-09,1.4432077500122087e-09,1.4430947797595961e-09,1.4429818455908315e-09,1.4428689474815918e-09,1.4427560854435604e-09,1.4426432593443698e-09,1.4425304692822967e-09,1.4424177151444143e-09,1.4423049970351748e-09,1.4421923148906738e-09,1.442079668676945e-09,1.4419670584004228e-09,1.4418544839715343e-09,1.441741945402499e-09,1.4416294426530661e-09,1.4415169757889345e-09,1.4414045447336996e-09,1.441292149476851e-09,1.4411797900113945e-09,1.4410674662809327e-09,1.44095517825555e-09,1.440842925946335e-09,1.4407307093259296e-09,1.4406185283901889e-09,1.4405063831215032e-09,1.440394273489406e-09,1.440282199607271e-09,1.440170161224003e-09,1.4400581584119466e-09,1.4399461912443203e-09,1.439834259552182e-09,1.4397223633505317e-09,1.4396105026802473e-09,1.4394986776126159e-09,1.4393868878850406e-09,1.4392751336786091e-09,1.4391634148152248e-09,1.439051731395674e-09,1.4389400833494679e-09,1.4388284706773067e-09,1.4387168933931178e-09,1.4386053514478728e-09,1.4384938447429416e-09,1.438382373334683e-09,1.438270937288351e-09,1.4381595364319357e-09,1.4380481708636245e-09,1.4379368405326746e-09,1.4378255454792706e-09,1.4377142855606402e-09,1.4376030608398713e-09,1.4374918712310394e-09,1.4373807167282254e-09,1.4372695973541158e-09,1.437158513078618e-09,1.4370474638795275e-09,1.4369364497490873e-09,1.436825470641446e-09,1.4367145265818256e-09,1.4366036174800455e-09,1.4364927433575634e-09,1.4363819041878107e-09,1.4362710999628707e-09,1.4361603306876538e-09,1.4360495963543267e-09,1.4359388969510428e-09,1.4358282324186833e-09,1.4357176027374915e-09,1.4356070078573194e-09,1.4354964477685436e-09,1.435385922492137e-09,1.4352754320367643e-09,1.4351649762497983e-09,1.435054555179166e-09,1.4349441691210498e-09,1.4348338175818774e-09,1.4347235007455222e-09,1.4346132184970275e-09,1.4345029708046329e-09,1.4343927578232737e-09,1.434282579470002e-09,1.434172435701752e-09,1.4340623266154476e-09,1.4339522519808936e-09,1.433842211967845e-09,1.433732206400519e-09,1.4336222354360036e-09,1.4335122988737105e-09,1.4334023967623385e-09,1.4332925291945577e-09,1.433182695962783e-09,1.4330728972006004e-09,1.432963132874425e-09,1.4328534028666723e-09,1.4327437071580632e-09,1.432634045842784e-09,1.4325244188757771e-09,1.432414826252531e-09,1.4323052678761162e-09,1.432195743727537e-09,1.432086253868115e-09,1.4319767982112197e-09,1.4318673767441055e-09,1.4317579894703612e-09,1.4316486363961753e-09,1.4315393175667226e-09,1.431430032829413e-09,1.431320782227123e-09,1.4312115659737056e-09,1.4311023835679675e-09,1.430993235194999e-09,1.4308841208608275e-09,1.4307750406383013e-09,1.4306659944370587e-09,1.4305569821549497e-09,1.4304480038131258e-09,1.4303390595546941e-09,1.4302301491361695e-09,1.4301212726905392e-09,1.4300124301584065e-09,1.4299036216033856e-09,1.4297948469021984e-09,1.4296861060279448e-09,1.4295773989991488e-09,1.4294687257895288e-09,1.4293600864191931e-09,1.4292514807453588e-09,1.4291429088984976e-09,1.4290343708541982e-09,1.4289258665444277e-09,1.4288173958010898e-09,1.4287089588319677e-09,1.4286005556180856e-09,1.4284921860205027e-09,1.4283838502656135e-09,1.4282755479786208e-09,1.428167279300288e-09,1.428059044227179e-09,1.4279508428064235e-09,1.4278426748232236e-09,1.4277345404399022e-09,1.4276264395327815e-09,1.427518372036066e-09,1.4274103381634285e-09,1.4273023377250907e-09,1.4271943707782938e-09,1.427086437225689e-09,1.426978537183427e-09,1.4268706705004639e-09,1.4267628371964607e-09,1.4266550370472743e-09,1.4265472705801421e-09,1.4264395373314547e-09,1.4263318373635799e-09,1.4262241707162508e-09,1.4261165373519733e-09,1.4260089372540048e-09,1.4259013703658542e-09,1.4257938367297667e-09,1.4256863363197505e-09,1.4255788691098427e-09,1.425471435072205e-09,1.4253640341566315e-09,1.425256666408918e-09,1.4251493318114975e-09,1.4250420302936467e-09,1.4249347617535241e-09,1.4248275263835094e-09,1.4247203242083974e-09,1.4246131549714368e-09,1.4245060186466164e-09,1.4243989153909462e-09,1.424291845119256e-09,1.424184807856326e-09,1.4240778035439877e-09,1.4239708321676307e-09,1.4238638936648002e-09,1.4237569880486122e-09,1.423650115395777e-09,1.423543275584846e-09,1.4234364686124428e-09,1.4233296945737922e-09,1.4232229533013627e-09,1.4231162448172072e-09,1.4230095690613315e-09,1.422902926128884e-09,1.422796315921329e-09,1.422689738478823e-09,1.4225831936806071e-09,1.4224766816545599e-09,1.4223702023313564e-09,1.4222637556229726e-09,1.4221573414690762e-09,1.4220509599954336e-09,1.4219446112150003e-09,1.4218382950521782e-09,1.4217320114590489e-09,1.4216257604068185e-09,1.4215195419000956e-09,1.4214133559279923e-09,1.4213072024016782e-09,1.4212010814902356e-09,1.4210949929761251e-09,1.420988937058459e-09,1.4208829134092122e-09,1.4207769223064526e-09,1.4206709636149778e-09,1.4205650373460142e-09,1.420459143465231e-09,1.4203532818772391e-09,1.420247452661457e-09,1.4201416557852614e-09,1.420035891212077e-09,1.4199301590799065e-09,1.4198244590063102e-09,1.419718791348539e-09,1.419613155878708e-09,1.4195075526864786e-09,1.419401981666131e-09,1.4192964427860364e-09,1.4191909361407555e-09,1.4190854616928683e-09,1.418980019366537e-09,1.4188746091585387e-09,1.4187692310099831e-09,1.418663885043014e-09,1.4185585711529048e-09,1.4184532894965454e-09,1.4183480398099978e-09,1.4182428221236475e-09,1.418137636420785e-09,1.418032482712591e-09,1.4179273610468627e-09,1.4178222712934077e-09,1.4177172133911964e-09,1.4176121876440635e-09,1.417507193725609e-09,1.4174022317405717e-09,1.4172973015399049e-09,1.4171924033570948e-09,1.417087536902297e-09,1.4169827023795598e-09,1.416877899794383e-09,1.416773128858653e-09,1.4166683897394196e-09,1.4165636823940695e-09,1.4164590067607107e-09,1.4163543629058956e-09,1.4162497508134977e-09,1.4161451704211868e-09,1.4160406217258977e-09,1.4159361046442816e-09,1.4158316193232697e-09,1.4157271656621952e-09,1.4156227435830887e-09,1.415518353083598e-09,1.4154139942760692e-09,1.4153096671130988e-09,1.415205371358742e-09,1.4151011071530466e-09,1.4149968744719986e-09,1.414892673272087e-09,1.4147885035554354e-09,1.4146843653607976e-09,1.4145802586661727e-09,1.4144761834153194e-09,1.4143721396450483e-09,1.4142681272528594e-09,1.4141641462375161e-09,1.414060196651233e-09,1.4139562784735812e-09,1.413852391625666e-09,1.4137485361134997e-09,1.4136447119734463e-09,1.4135409190987427e-09,1.4134371574557829e-09,1.4133334271031352e-09,1.4132297280640524e-09,1.4131260603116373e-09,1.413022423748606e-09,1.4129188183501875e-09,1.4128152442211262e-09,1.4127117012634602e-09,1.4126081894773682e-09,1.4125047088424454e-09,1.4124012593381337e-09,1.4122978409494125e-09,1.4121944537784546e-09,1.4120910975965082e-09,1.4119877724880883e-09,1.4118844784389398e-09,1.4117812154685167e-09,1.411677983491976e-09,1.4115747825241382e-09,1.4114716125532e-09,1.4113684735621066e-09,1.4112653655750388e-09,1.4111622885094294e-09,1.4110592422947866e-09,1.4109562270669265e-09,1.4108532427441708e-09,1.4107502894098858e-09,1.4106473668363377e-09,1.4105444752676988e-09,1.410441614319257e-09,1.410338784261981e-09,1.410235985111152e-09,1.4101332166599072e-09,1.4100304790381312e-09,1.4099277721210097e-09,1.4098250960182687e-09,1.4097224505983358e-09,1.4096198357599518e-09,1.4095172517578221e-09,1.4094146984422051e-09,1.4093121758676306e-09,1.409209683918942e-09,1.409107222667007e-09,1.4090047919772587e-09,1.4089023918985888e-09,1.4088000224152715e-09,1.408697683468581e-09,1.4085953751900953e-09,1.4084930973887882e-09,1.4083908501238961e-09,1.4082886334383404e-09,1.4081864471827306e-09,1.4080842913723735e-09,1.4079821660560954e-09,1.4078800712194303e-09,1.4077780067639945e-09,1.407675972757995e-09,1.4075739691622458e-09,1.407471995973266e-09,1.4073700530939604e-09,1.407268140647731e-09,1.4071662586788605e-09,1.4070644069066594e-09,1.406962585463867e-09,1.4068607943046883e-09,1.4067590333844383e-09,1.4066573027577039e-09,1.4065556024363077e-09,1.4064539321914082e-09,1.4063522923345552e-09,1.4062506828096872e-09,1.4061491033603735e-09,1.4060475541367999e-09,1.4059460351186265e-09,1.4058445462720202e-09,1.4057430875722225e-09,1.4056416589007095e-09,1.4055402603577875e-09,1.4054388918257813e-09,1.4053375534368898e-09,1.4052362451369382e-09,1.4051349668854976e-09,1.4050337186484804e-09,1.4049325004241704e-09,1.404831312176361e-09,1.4047301539238473e-09,1.4046290256575516e-09,1.404527927344646e-09,1.4044268589713113e-09,1.4043258205189016e-09,1.4042248120712715e-09,1.4041238334585422e-09,1.4040228846604113e-09,1.4039219658004075e-09,1.4038210766859003e-09,1.4037202175198188e-09,1.4036193881754802e-09,1.4035185886280666e-09,1.4034178188287746e-09,1.4033170787018547e-09,1.4032163684653575e-09,1.403115688058797e-09,1.4030150372959882e-09,1.4029144163385633e-09,1.402813825064364e-09,1.402713263488012e-09,1.4026127315779855e-09,1.4025122293369955e-09,1.4024117567475762e-09,1.4023113137609604e-09,1.4022109004474048e-09,1.4021105166862837e-09,1.4020101625695432e-09,1.4019098379851575e-09,1.4018095429976917e-09,1.4017092775604835e-09,1.4016090416535454e-09,1.401508835237521e-09,1.4014086583116826e-09,1.4013085108852625e-09,1.4012083929212947e-09,1.4011083043593992e-09,1.4010082453083637e-09,1.4009082156866746e-09,1.4008082154771844e-09,1.400708244674477e-09,1.400608303342929e-09,1.4005083912986961e-09,1.4004085086007596e-09,1.4003086552776556e-09,1.4002088313410598e-09,1.400109036456822e-09,1.400009271047997e-09,1.3999095349177366e-09,1.3998098280642133e-09,1.3997101504666783e-09,1.399610502114066e-09,1.3995108830111188e-09,1.3994112931143786e-09,1.3993117324001128e-09,1.3992122008666343e-09,1.399112698465421e-09,1.3990132252618402e-09,1.398913781200097e-09,1.3988143662594199e-09,1.3987149804097066e-09,1.3986156236268669e-09,1.3985162959811096e-09,1.3984169974044684e-09,1.3983177278831764e-09,1.3982184874854901e-09,1.3981192760350316e-09,1.3980200935976255e-09,1.397920940155582e-09,1.397821815673484e-09,1.3977227201747005e-09,1.3976236536425303e-09,1.3975246160727241e-09,1.397425607355188e-09,1.3973266276098218e-09,1.397227676839174e-09,1.3971287548758944e-09,1.3970298617807754e-09,1.396930997496419e-09,1.3968321621005155e-09,1.3967333555331373e-09,1.396634577780287e-09,1.3965358288276012e-09,1.3964371086614155e-09,1.3963384172716764e-09,1.3962397547037603e-09,1.3961411209234662e-09,1.3960425157659471e-09,1.395943939350309e-09,1.39584539160608e-09,1.3957468725341807e-09,1.3956483821520206e-09,1.3955499204344275e-09,1.3954514873638072e-09,1.3953530829219088e-09,1.3952547070987856e-09,1.3951563598768734e-09,1.3950580412452442e-09,1.3949597511920651e-09,1.3948614897028063e-09,1.3947632567581258e-09,1.3946650523378667e-09,1.394566876448127e-09,1.3944687290690026e-09,1.39437061017891e-09,1.3942725197678868e-09,1.3941744578220998e-09,1.3940764243279736e-09,1.3939784192988744e-09,1.3938804426654458e-09,1.393782494396804e-09,1.3936845745693296e-09,1.3935866831147335e-09,1.3934888200380352e-09,1.3933909853166477e-09,1.3932931789357413e-09,1.3931954008864922e-09,1.3930976511479e-09,1.3929999297070233e-09,1.392902236551796e-09,1.392804571668862e-09,1.3927069350489134e-09,1.3926093266719132e-09,1.3925117465238969e-09,1.3924141945930546e-09,1.3923166708685616e-09,1.3922191753547324e-09,1.3921217079940294e-09,1.3920242687988625e-09,1.3919268577500098e-09,1.391829474837315e-09,1.3917321200463346e-09,1.3916347933681863e-09,1.3915374947817393e-09,1.391440224271244e-09,1.3913429819728428e-09,1.391245767592132e-09,1.3911485812465233e-09,1.3910514229278326e-09,1.390954292622173e-09,1.3908571903166023e-09,1.3907601159873557e-09,1.390663069641245e-09,1.3905660512541606e-09,1.3904690608124148e-09,1.3903720983026042e-09,1.3902751637123624e-09,1.3901782571113097e-09,1.3900813783179342e-09,1.3899845274022096e-09,1.3898877043520534e-09,1.3897909091565832e-09,1.3896941417978804e-09,1.3895974022643257e-09,1.3895006905393366e-09,1.389404006611839e-09,1.389307350472055e-09,1.3892107221006298e-09,1.3891141214875858e-09,1.389017548620664e-09,1.3889210034822866e-09,1.3888244860618571e-09,1.3887279963451275e-09,1.388631534320131e-09,1.388535099963906e-09,1.3884386932808398e-09,1.3883423142509204e-09,1.3882459628594776e-09,1.3881496390906275e-09,1.3880533429325457e-09,1.387957074371528e-09,1.3878608333956448e-09,1.3877646199943903e-09,1.3876684341479864e-09,1.38757227584688e-09,1.3874761450794258e-09,1.3873800418286089e-09,1.3872839660854988e-09,1.3871879178324029e-09,1.3870918970584324e-09,1.386995903750555e-09,1.3868999378980989e-09,1.386803999482835e-09,1.3867080884937025e-09,1.3866122049201029e-09,1.3865163487445716e-09,1.3864205199586984e-09,1.3863247185478445e-09,1.3862289444964414e-09,1.3861331977946331e-09,1.3860374784232701e-09,1.3859417863746804e-09,1.385846121635285e-09,1.3857504841894884e-09,1.3856548740268704e-09,1.3855592911332267e-09,1.385463735498005e-09,1.385368207108319e-09,1.3852727059446327e-09,1.3851772320005097e-09,1.3850817852585896e-09,1.384986365708053e-09,1.3848909733368048e-09,1.3847956081302818e-09,1.384700270078249e-09,1.3846049591611985e-09,1.3845096753772718e-09,1.3844144187050897e-09,1.3843191891333053e-09,1.3842239866523008e-09,1.3841288112445095e-09,1.3840336628984611e-09,1.3839385416027317e-09,1.3838434473420279e-09,1.3837483801046662e-09,1.383653339879036e-09,1.3835583266507676e-09,1.3834633404068489e-09,1.38336838114937e-09,1.3832734488368775e-09,1.3831785434706417e-09,1.3830836650357438e-09,1.3829888135232915e-09,1.3828939889168936e-09,1.3827991911658847e-09,1.3827044203367792e-09,1.382609676378476e-09,1.3825149592758133e-09,1.382420269022384e-09,1.3823256055966812e-09,1.3822309689908139e-09,1.3821363591892384e-09,1.3820417761822626e-09,1.3819472199581296e-09,1.3818526904983678e-09,1.3817581877937044e-09,1.381663711830788e-09,1.381569262598552e-09,1.3814748400640406e-09,1.3813804442554498e-09,1.3812860751352631e-09,1.3811917326955235e-09,1.381097416922551e-09,1.3810031278069492e-09,1.380908865328095e-09,1.38081462947816e-09,1.3807204202702887e-09,1.3806262376397311e-09,1.3805320816175547e-09,1.380437952158661e-09,1.3803438492664252e-09,1.3802497729260493e-09,1.380155723127321e-09,1.380061699856034e-09,1.379967703101114e-09,1.379873732839852e-09,1.3797797890771343e-09,1.3796858717961898e-09,1.3795919809901366e-09,1.3794981166358746e-09,1.3794042786885592e-09,1.3793104672109057e-09,1.3792166821313684e-09,1.3791229234556236e-09,1.3790291911692298e-09,1.378935485254948e-09,1.3788418057140838e-09,1.3787481525247302e-09,1.3786545256365972e-09,1.378560925118715e-09,1.3784673509191872e-09,1.3783738029141567e-09,1.3782802813097807e-09,1.3781867859627791e-09,1.378093316880622e-09,1.377999874075884e-09,1.377906457510808e-09,1.3778130671777928e-09,1.3777197030590628e-09,1.3776263651381222e-09,1.3775330534203116e-09,1.377439767880538e-09,1.3773465085126231e-09,1.3772532752966973e-09,1.3771600682172381e-09,1.3770668872601446e-09,1.3769737324172874e-09,1.3768806036841492e-09,1.3767875010470851e-09,1.3766944244914091e-09,1.3766013741313233e-09,1.3765083496875438e-09,1.3764153512957936e-09,1.376322378967591e-09,1.3762294326608548e-09,1.3761365124351274e-09,1.3760436182030737e-09,1.3759507498889018e-09,1.375857907523883e-09,1.3757650912237878e-09,1.3756723007413447e-09,1.375579536242323e-09,1.3754867976601761e-09,1.3753940849433072e-09,1.375301398133682e-09,1.3752087373418835e-09,1.375116102299342e-09,1.3750234931297943e-09,1.3749309098349415e-09,1.374838352373539e-09,1.374745820846124e-09,1.3746533150238172e-09,1.3745608350058312e-09,1.3744683807885758e-09,1.3743759523152253e-09,1.3742835500788113e-09,1.374191173021665e-09,1.3740988220117315e-09,1.3740064966433302e-09,1.3739141968774618e-09,1.3738219228508385e-09,1.3737296744915605e-09,1.3736374518669887e-09,1.3735452547395747e-09,1.3734530834327856e-09,1.3733609377572945e-09,1.373268817659697e-09,1.3731767233364054e-09,1.3730846544977834e-09,1.3729926114523328e-09,1.3729005940959035e-09,1.3728086020267696e-09,1.3727166354131569e-09,1.3726246944978882e-09,1.3725327790964228e-09,1.3724408892073226e-09,1.3723490248357393e-09,1.3722571859995044e-09,1.3721653725720516e-09,1.3720735847100965e-09,1.3719818223980602e-09,1.3718900856717513e-09,1.3717983741807058e-09,1.3717066882196622e-09,1.371615027598471e-09,1.3715233923576447e-09,1.3714317825294875e-09,1.3713401982290431e-09,1.3712486390288312e-09,1.3711571054028507e-09,1.3710655973231068e-09,1.370974114397626e-09,1.3708826566819724e-09,1.3707912245992392e-09,1.3706998175308806e-09,1.3706084358598537e-09,1.3705170793635411e-09,1.3704257481367197e-09,1.3703344422810456e-09,1.3702431616581419e-09,1.3701519061666816e-09,1.3700606758729054e-09,1.3699694709174466e-09,1.3698782910582259e-09,1.3697871362636406e-09,1.3696960067669105e-09,1.369604902409365e-09,1.3695138232100156e-09,1.3694227691784282e-09,1.3693317403498676e-09,1.3692407365293428e-09,1.3691497578445277e-09,1.3690588043452476e-09,1.3689678758476788e-09,1.3688769724098535e-09,1.368786094188829e-09,1.3686952409628148e-09,1.3686044126781238e-09,1.368513609415446e-09,1.3684228311569582e-09,1.3683320778822337e-09,1.3682413496319367e-09,1.3681506463191744e-09,1.368059968010777e-09,1.3679693147675372e-09,1.3678786863466687e-09,1.3677880829107725e-09,1.3676975042957133e-09,1.367606950654396e-09,1.3675164218931915e-09,1.3674259180928488e-09,1.3673354390985302e-09,1.3672449849611896e-09,1.3671545556713688e-09,1.367064151255955e-09,1.3669737715148104e-09,1.3668834169944162e-09,1.3667930870397184e-09,1.3667027818415791e-09,1.3666125014500768e-09,1.3665222458383446e-09,1.366432014969283e-09,1.3663418088538042e-09,1.3662516274913526e-09,1.3661614708494557e-09,1.3660713388545873e-09,1.3659812316334865e-09,1.3658911490053106e-09,1.365801091170415e-09,1.3657110579904443e-09,1.3656210495131364e-09,1.365531065407093e-09,1.3654411061847632e-09,1.3653511714221661e-09,1.365261261469633e-09,1.3651713761767713e-09,1.3650815153821078e-09,1.3649916791336095e-09,1.3649018672549078e-09,1.364812080265049e-09,1.3647223178328282e-09,1.3646325798252194e-09,1.3645428664059775e-09,1.364453177490855e-09,1.3643635130725503e-09,1.3642738731012122e-09,1.3641842575026142e-09,1.3640946665871609e-09,1.3640051000176413e-09,1.3639155578992612e-09,1.3638260402040588e-09,1.3637365470294896e-09,1.3636470780588147e-09,1.3635576336045427e-09,1.363468213522271e-09,1.3633788178487985e-09,1.36328944657941e-09,1.3632000995136662e-09,1.3631107769005648e-09,1.3630214786340137e-09,1.362932204685476e-09,1.3628429550435782e-09,1.3627537296950807e-09,1.3626645286698802e-09,1.3625753519051058e-09,1.3624861994917816e-09,1.3623970711511713e-09,1.3623079671338263e-09,1.3622188874360663e-09,1.362129831902644e-09,1.3620408005844947e-09,1.361951793498075e-09,1.3618628104376799e-09,1.3617738515099975e-09,1.361684916919664e-09,1.3615960065319766e-09,1.3615071202648874e-09,1.3614182581313158e-09,1.361329420009412e-09,1.3612406061465133e-09,1.3611518163667585e-09,1.3610630506562396e-09,1.3609743089719657e-09,1.3608855914270345e-09,1.3607968979482206e-09,1.3607082285041623e-09,1.3606195828246779e-09,1.3605309614946415e-09,1.360442364087373e-09,1.3603537907002598e-09,1.360265241212957e-09,1.3601767157740548e-09,1.360088214471571e-09,1.359999737033653e-09,1.35991128349849e-09,1.3598228539517371e-09,1.3597344483694444e-09,1.3596460666748886e-09,1.359557708883989e-09,1.3594693749911658e-09,1.3593810650096813e-09,1.3592927788766252e-09,1.359204516614075e-09,1.3591162781489374e-09,1.3590280635749165e-09,1.3589398726634536e-09,1.3588517057445481e-09,1.3587635625884584e-09,1.3586754432801476e-09,1.3585873475652565e-09,1.3584992756080296e-09,1.3584112274158466e-09,1.3583232030458981e-09,1.3582352025406188e-09,1.3581472256853316e-09,1.3580592724981713e-09,1.357971343324348e-09,1.3578834375972387e-09,1.3577955555764243e-09,1.3577076971385717e-09,1.3576198623844316e-09,1.357532051388566e-09,1.3574442640312597e-09,1.3573565005143584e-09,1.3572687606032002e-09,1.3571810442199834e-09,1.3570933513496812e-09,1.3570056821710119e-09,1.3569180363858337e-09,1.3568304141578506e-09,1.3567428156312443e-09,1.3566552405777898e-09,1.3565676891191648e-09,1.3564801611739148e-09,1.3563926568110992e-09,1.3563051759585875e-09,1.3562177186081837e-09,1.356130284867033e-09,1.356042874624223e-09,1.3559554878492075e-09,1.3558681245778335e-09,1.3557807847523909e-09,1.3556934683431323e-09,1.3556061753860816e-09,1.355518905785549e-09,1.3554316596196343e-09,1.3553444368784333e-09,1.3552572375694824e-09,1.355170061531975e-09,1.355082908982781e-09,1.3549957796329853e-09,1.354908673617305e-09,1.3548215909410267e-09,1.354734531599981e-09,1.3546474955651788e-09,1.3545604828431079e-09,1.3544734934215693e-09,1.3543865272770293e-09,1.3542995844078674e-09,1.3542126647906807e-09,1.3541257684321703e-09,1.3540388953134145e-09,1.3539520454239788e-09,1.3538652187537091e-09,1.353778415291963e-09,1.3536916350284396e-09,1.3536048779527125e-09,1.353518144054673e-09,1.3534314333240713e-09,1.353344745749994e-09,1.3532580813224633e-09,1.3531714400312654e-09,1.3530848218658928e-09,1.3529982268162128e-09,1.3529116548714918e-09,1.3528251060218944e-09,1.352738580259027e-09,1.3526520775704885e-09,1.3525655979467442e-09,1.3524791413775576e-09,1.3523927079437057e-09,1.3523062974395037e-09,1.3522199096347457e-09,1.352133545160581e-09,1.3520472037883838e-09,1.3519608853087456e-09,1.3518745896370524e-09,1.3517883171283117e-09,1.3517020676636417e-09,1.351615841069316e-09,1.3515296374152136e-09,1.3514434566969877e-09,1.3513572988999841e-09,1.3512711640128747e-09,1.3511850520224593e-09,1.3510989629231493e-09,1.3510128967073004e-09,1.3509268533611358e-09,1.3508408328732222e-09,1.3507548352252943e-09,1.3506688604129074e-09,1.350582908450971e-09,1.3504969793024547e-09,1.3504110729471698e-09,1.3503251894058996e-09,1.350239328643415e-09,1.3501534906599282e-09,1.3500676754450293e-09,1.3499818829889278e-09,1.3498961132584312e-09,1.3498103662886204e-09,1.349724642047515e-09,1.3496389405546783e-09,1.3495532617503262e-09,1.3494676056319716e-09,1.3493819722414556e-09,1.3492963614881337e-09,1.349210773380082e-09,1.3491252079639016e-09,1.349039665164885e-09,1.3489541450357668e-09,1.3488686474878588e-09,1.3487831725969476e-09,1.3486977203104513e-09,1.3486122906257067e-09,1.3485268835284035e-09,1.348441499010026e-09,1.3483561369958246e-09,1.3482707976049597e-09,1.348185480596006e-09,1.3481001862851583e-09,1.3480149145078659e-09,1.3479296652195136e-09,1.3478444384692906e-09,1.34775923421739e-09,1.3476740524437757e-09,1.3475888931038936e-09,1.347503756184869e-09,1.3474186418286598e-09,1.3473335499181383e-09,1.347248480382928e-09,1.3471634334392182e-09,1.347078408831747e-09,1.3469934065932436e-09,1.3469084267937676e-09,1.3468234693724187e-09,1.346738534339625e-09,1.346653621666955e-09,1.3465687313591836e-09,1.3464838635241899e-09,1.3463990179220266e-09,1.3463141946655786e-09,1.3462293938932012e-09,1.3461446151873345e-09,1.3460598588658018e-09,1.3459751248345745e-09,1.3458904130829583e-09,1.3458057236047378e-09,1.3457210563746278e-09,1.3456364113304024e-09,1.3455517885453835e-09,1.3454671880167588e-09,1.3453826097107858e-09,1.3452980532189139e-09,1.3452135193171154e-09,1.3451290076225855e-09,1.3450445180995437e-09,1.3449600507705348e-09,1.344875605605614e-09,1.3447911825972716e-09,1.344706781705823e-09,1.344622402951152e-09,1.3445380463499967e-09,1.3444537118709231e-09,1.34436939948972e-09,1.3442851092098157e-09,1.3442008411762752e-09,1.344116595129512e-09,1.3440323711586697e-09,1.3439481691600628e-09,1.3438639893627861e-09,1.3437798316305746e-09,1.3436956957589496e-09,1.3436115819888407e-09,1.343527490204709e-09,1.3434434203668145e-09,1.3433593725100213e-09,1.343275346621664e-09,1.3431913426395778e-09,1.3431073607018054e-09,1.3430234007669584e-09,1.3429394627249515e-09,1.3428555466143492e-09,1.3427716524584379e-09,1.3426877802645045e-09,1.3426039297291077e-09,1.3425201013116852e-09,1.3424362947191355e-09,1.342352510053381e-09,1.3422687472998e-09,1.342185006354791e-09,1.3421012871934117e-09,1.3420175900790449e-09,1.3419339145987766e-09,1.3418502609372492e-09,1.3417666289130928e-09,1.3416830188109348e-09,1.3415994305488122e-09,1.3415158640684162e-09,1.3414323193158315e-09,1.3413487963733604e-09,1.3412652951822238e-09,1.3411818157509078e-09,1.3410983580001455e-09,1.34101492200575e-09,1.3409315077261514e-09,1.3408481150364983e-09,1.3407647444126058e-09,1.3406813951840383e-09,1.3405980677012874e-09,1.3405147618202288e-09,1.3404314775116927e-09,1.340348215021089e-09,1.340264974151017e-09,1.3401817548820718e-09,1.3400985571846399e-09,1.3400153811388432e-09,1.3399322267052602e-09,1.3398490938495736e-09,1.3397659825905854e-09,1.339682892941814e-09,1.3395998247825584e-09,1.3395167780881998e-09,1.339433753062254e-09,1.3393507495775022e-09,1.3392677676232556e-09,1.3391848074980533e-09,1.339101868564784e-09,1.3390189511472948e-09,1.3389360552059438e-09,1.3388531807538435e-09,1.3387703274984101e-09,1.3386874959796817e-09,1.3386046859007771e-09,1.3385218972775158e-09,1.3384391299976482e-09,1.338356384236204e-09,1.338273659880351e-09,1.3381909569025273e-09,1.3381082753565e-09,1.3380256151893338e-09,1.3379429763905205e-09,1.337860358861945e-09,1.3377777627859708e-09,1.3376951881231722e-09,1.3376126347660789e-09,1.337530102721253e-09,1.3374475920007727e-09,1.3373651025979059e-09,1.3372826345330483e-09,1.3372001877691265e-09,1.337117762294713e-09,1.3370353584002993e-09,1.33695297545198e-09,1.3368706137637293e-09,1.3367882732997974e-09,1.3367059540843912e-09,1.3366236560925856e-09,1.3365413793272401e-09,1.3364591237817403e-09,1.336376889252475e-09,1.336294676157659e-09,1.3362124841895449e-09,1.3361303134577485e-09,1.336048163893418e-09,1.3359660353191508e-09,1.3358839278659008e-09,1.3358018415853063e-09,1.3357197764293629e-09,1.3356377325785445e-09,1.3355557096440905e-09,1.3354737078275157e-09,1.335391727125177e-09,1.3353097676102277e-09,1.335227829151416e-09,1.3351459117895034e-09,1.3350640153846799e-09,1.334982140112041e-09,1.3349002858314203e-09,1.334818452648903e-09,1.3347366405049876e-09,1.3346548493437447e-09,1.3345730793702475e-09,1.3344913302169769e-09,1.3344096021452522e-09,1.3343278949575782e-09,1.3342462087333428e-09,1.3341645434736606e-09,1.3340828991649691e-09,1.3340012757816027e-09,1.3339196733314882e-09,1.3338380918221068e-09,1.3337565312263066e-09,1.3336749915275153e-09,1.3335934727380978e-09,1.3335119748297907e-09,1.3334304978045148e-09,1.3333490415999998e-09,1.3332676062989838e-09,1.3331861918540606e-09,1.3331047982496608e-09,1.3330234254782567e-09,1.3329420735450282e-09,1.3328607424376761e-09,1.3327794320764082e-09,1.3326981425536661e-09,1.3326168738224124e-09,1.3325356258831519e-09,1.3324543986949665e-09,1.3323731922897298e-09,1.3322920066135085e-09,1.3322108416990448e-09,1.3321296975341493e-09,1.3320485740976445e-09,1.3319674713781942e-09,1.3318863893690044e-09,1.3318053282649827e-09,1.3317242876512768e-09,1.3316432677207918e-09,1.3315622684708916e-09,1.331481289887606e-09,1.3314003319563214e-09,1.3313193947195074e-09,1.3312384780711977e-09,1.331157582099405e-09,1.3310767066984779e-09,1.3309958519172435e-09,1.3309150177480472e-09,1.3308342041870587e-09,1.3307534112108064e-09,1.3306726387993861e-09,1.3305918869525758e-09,1.3305111556326456e-09,1.3304304449129245e-09,1.3303497546465502e-09,1.3302690850055392e-09,1.3301884359023621e-09,1.3301078073346372e-09,1.3300271992361334e-09,1.3299466116236266e-09,1.329866044532014e-09,1.3297854979066605e-09,1.3297049714677853e-09,1.3296244657994332e-09,1.3295439805755704e-09,1.3294635157713667e-09,1.3293830712998412e-09,1.3293026473658946e-09,1.3292222438764433e-09,1.3291418608227128e-09,1.3290614981818713e-09,1.3289811559570184e-09,1.3289008340684055e-09,1.3288205325723965e-09,1.3287402514636626e-09,1.3286599907112157e-09,1.3285797503066225e-09,1.3284995302890778e-09,1.3284193305525138e-09,1.328339151141691e-09,1.3282589920647398e-09,1.3281788532752222e-09,1.328098734793143e-09,1.3280186366067708e-09,1.327938558705905e-09,1.3278585010954667e-09,1.3277784637604879e-09,1.3276984466528256e-09,1.327618449823482e-09,1.327538473206616e-09,1.3274585168596108e-09,1.3273785808327495e-09,1.327298664914347e-09,1.3272187692039447e-09,1.3271388936949704e-09,1.3270590383868582e-09,1.3269792032500063e-09,1.3268993882860123e-09,1.326819593474981e-09,1.326739818838386e-09,1.3266600643516714e-09,1.326580329952452e-09,1.326500615727538e-09,1.3264209215877819e-09,1.3263412476060036e-09,1.3262615937305725e-09,1.3261819599786878e-09,1.3261023463127505e-09,1.3260227527020566e-09,1.325943179185401e-09,1.325863625698545e-09,1.3257840921327125e-09,1.3257045787251522e-09,1.3256250853978394e-09,1.3255456120853144e-09,1.3254661587650843e-09,1.3253867254920545e-09,1.325307312222763e-09,1.3252279189461196e-09,1.3251485454484764e-09,1.3250691920097622e-09,1.3249898584275584e-09,1.3249105450547947e-09,1.3248312515663927e-09,1.3247519780936057e-09,1.3246727245173333e-09,1.3245934909063076e-09,1.32451427720872e-09,1.324435083414712e-09,1.3243559095504356e-09,1.3242767555635036e-09,1.3241976214749176e-09,1.3241185072617565e-09,1.3240394129194444e-09,1.3239603384389846e-09,1.3238812838118502e-09,1.3238022490329103e-09,1.3237232340900493e-09,1.3236442390089388e-09,1.3235652636767808e-09,1.3234863082107923e-09,1.3234073725363783e-09,1.3233284566399464e-09,1.3232495605529037e-09,1.323170684251239e-09,1.3230918276762901e-09,1.3230129910370436e-09,1.3229341739743854e-09,1.3228553766938472e-09,1.3227765994101933e-09,1.3226978416103654e-09,1.3226191035244278e-09,1.3225403851593903e-09,1.322461686518882e-09,1.322383007509885e-09,1.3223043482238476e-09,1.322225708590298e-09,1.3221470886744434e-09,1.3220684883483789e-09,1.321989907750035e-09,1.3219113466191024e-09,1.3218328052907845e-09,1.3217542835512042e-09,1.3216757814914012e-09,1.3215972991779808e-09,1.3215188363274295e-09,1.3214403930674324e-09,1.3213619694238972e-09,1.3212835653625492e-09,1.3212051808684727e-09,1.3211268159454568e-09,1.3210484705802652e-09,1.3209701447054957e-09,1.3208918384155842e-09,1.3208135516611354e-09,1.3207352844361543e-09,1.3206570367074137e-09,1.3205788085032738e-09,1.3205005998179e-09,1.3204224106233708e-09,1.3203442409071012e-09,1.3202660906675217e-09,1.3201879599200978e-09,1.3201098486139316e-09,1.320031756639259e-09,1.3199536842859295e-09,1.3198756313106513e-09,1.3197975977630377e-09,1.3197195836389272e-09,1.319641588954943e-09,1.319563613643543e-09,1.3194856578294144e-09,1.319407721303302e-09,1.3193298041441825e-09,1.3192519063658932e-09,1.319174027955518e-09,1.3190961689398808e-09,1.319018329272438e-09,1.3189405089010976e-09,1.3188627079056128e-09,1.3187849262358235e-09,1.3187071638816816e-09,1.3186294208332465e-09,1.3185516970859803e-09,1.318473992632776e-09,1.3183963074627602e-09,1.3183186415694499e-09,1.3182409949447737e-09,1.3181633675789741e-09,1.31808575946562e-09,1.3180081705977916e-09,1.3179306009661114e-09,1.3178530505642624e-09,1.3177755193825887e-09,1.3176980074131816e-09,1.3176205146474368e-09,1.3175430410775947e-09,1.3174655866973675e-09,1.3173881514980392e-09,1.3173107354716755e-09,1.3172333386120625e-09,1.3171559609088933e-09,1.3170786023545942e-09,1.3170012629434981e-09,1.316923942663569e-09,1.3168466415116843e-09,1.3167693594796461e-09,1.3166920965552779e-09,1.3166148527325845e-09,1.3165376280019809e-09,1.3164604223607295e-09,1.3163832357991193e-09,1.3163060683075517e-09,1.3162289198793094e-09,1.316151790505295e-09,1.316074680180754e-09,1.3159975888929203e-09,1.3159205166358637e-09,1.315843463401388e-09,1.3157664291864099e-09,1.3156894139793884e-09,1.3156124177694068e-09,1.3155354405526273e-09,1.3154584823201583e-09,1.3153815430693913e-09,1.3153046227856092e-09,1.315227721463558e-09,1.3151508390979647e-09,1.315073975678469e-09,1.3149971311916791e-09,1.3149203056358178e-09,1.314843499010169e-09,1.3147667112931633e-09,1.3146899424839658e-09,1.3146131925771182e-09,1.3145364615619979e-09,1.3144597494231116e-09,1.314383056163014e-09,1.3143063817716008e-09,1.3142297262439022e-09,1.3141530895761737e-09,1.314076471763114e-09,1.3139998727705288e-09,1.3139232926051722e-09,1.313846731267445e-09,1.3137701887400785e-09,1.3136936650219775e-09,1.313617160115344e-09,1.3135406739870479e-09,1.3134642066442346e-09,1.3133877580871898e-09,1.3133113282944045e-09,1.3132349172716835e-09,1.3131585250008032e-09,1.3130821514646383e-09,1.3130057966690259e-09,1.312929460603483e-09,1.3128531432593408e-09,1.3127768446357063e-09,1.3127005647268775e-09,1.3126243035235531e-09,1.3125480610167942e-09,1.3124718371871866e-09,1.312395632036319e-09,1.3123194455538131e-09,1.3122432777371037e-09,1.3121671285827847e-09,1.3120909979407126e-09,1.3120148860641377e-09,1.3119387926917912e-09,1.311862717941608e-09,1.3117866618046385e-09,1.3117106242512706e-09,1.3116346054537508e-09,1.3115586050936572e-09,1.3114826233172147e-09,1.3114066601180576e-09,1.3113307154715335e-09,1.3112547896415248e-09,1.3111788821279602e-09,1.3111029931434539e-09,1.3110271227081206e-09,1.3109512708035303e-09,1.310875437510692e-09,1.3107996227300524e-09,1.3107238263694215e-09,1.310648048509773e-09,1.3105722891861438e-09,1.310496548303125e-09,1.3104208258880693e-09,1.3103451219391526e-09,1.310269436250985e-09,1.3101937693491212e-09,1.3101181208494052e-09,1.3100424907651316e-09,1.3099668791342766e-09,1.3098912858894511e-09,1.3098157111128088e-09,1.3097401547486126e-09,1.3096646168416916e-09,1.3095890973276809e-09,1.3095135962718683e-09,1.3094381136448622e-09,1.309362649283565e-09,1.3092872031662779e-09,1.3092117756317863e-09,1.3091363662492987e-09,1.3090609752173805e-09,1.308985602553611e-09,1.3089102483251035e-09,1.3088349123052776e-09,1.3087595945953648e-09,1.3086842951893148e-09,1.3086090140783307e-09,1.308533751268461e-09,1.3084585067622393e-09,1.3083832805338627e-09,1.3083080725624321e-09,1.3082328828711683e-09,1.3081577114142577e-09,1.308082558214728e-09,1.3080074232448922e-09,1.3079323065017934e-09,1.3078572079894956e-09,1.3077821276024962e-09,1.3077070654997394e-09,1.3076320216191511e-09,1.3075569959360187e-09,1.3074819884516385e-09,1.3074069991299274e-09,1.3073320280050126e-09,1.3072570750373989e-09,1.3071821401729153e-09,1.30710722352402e-09,1.3070323250187905e-09,1.3069574446510823e-09,1.3068825824216257e-09,1.3068077382690553e-09,1.3067329122291635e-09,1.3066581043349146e-09,1.3065833145467485e-09,1.3065085428721905e-09,1.306433789237894e-09,1.3063590537184603e-09,1.3062843362610775e-09
21,1.686676793720241e-83,8.611356207759333e-83,2.6592614345571534e-82,6.41687624045824e-82,1.3290976957727918e-81,2.477689572375117e-81,4.273804323113097e-81,6.943608958557985e-81,1.075607351935457e-80,1.6025949093932227e-80,2.311679537490343e-80,3.2444057486186382e-80,4.447819608004153e-80,5.974786121558464e-80,7.884311077551523e-80,1.0241866181299321e-79,1.3119717006339366e-79,1.6597253079100308e-79,2.076131960717249e-79,2.5706550196481172e-79,3.15357005124269e-79,3.835998233999951e-79,4.629939776378392e-79,5.5483073535098e-79,6.604959529591363e-79,7.814734163721699e-79,9.193481791415631e-79,1.0758098977961381e-78,1.2526561641014959e-78,1.4517958341033581e-78,1.6752523538869856e-78,1.9251670820829932e-78,2.2038026091448935e-78,2.513546073482325e-78,2.856912474513238e-78,3.2365479827324548e-78,3.6552332468757176e-78,4.115886698257671e-78,4.621567852377847e-78,5.175480607825517e-78,5.78097654257458e-78,6.441558207708722e-78,7.16088241862834e-78,7.942763543776328e-78,8.791176790914721e-78,9.710261490981098e-78,1.0704324379563216e-77,1.1777842875997567e-77,1.293546836011307e-77,1.4182029446626315e-77,1.5522535257229262e-77,1.6962178690350793e-77,1.8506339688622288e-77,2.0160588504022185e-77,2.1930688960755557e-77,2.382260171582303e-77,2.5842487517318744e-77,2.7996710460451037e-77,3.029184124127331e-77,3.2734660408166203e-77,3.533216161104244e-77,3.809155484827438e-77,4.102026971138729e-77,4.4125958627460194e-77,4.741650009928315e-77,5.090000194326601e-77,5.458480452506357e-77,5.8479483992977424e-77,6.259285550908543e-77,6.693397647814729e-77,7.151214977423526e-77,7.633692696513111e-77,8.141811153448972e-77,8.676576210172915e-77,9.239019563972227e-77,9.830199069018913e-77,1.0451199057692284e-76,1.110313066167285e-76,1.1787132132813641e-76,1.2504369163789863e-76,1.3256035208525336e-76,1.4043351802392152e-76,1.4867568882193133e-76,1.5729965105916554e-76,1.6631848172272518e-76,1.7574555140003035e-76,1.8559452746974108e-76,1.9587937729040206e-76,2.066143713869393e-76,2.178140866348789e-76,2.2949340944237616e-76,2.4166753893003217e-76,2.5435199010847927e-76,2.675625970538021e-76,2.813155160806738e-76,2.9562722891333354e-76,3.105145458543766e-76,3.2599460895130877e-76,3.420848951608559e-76,3.588032195111731e-76,3.7616773826174794e-76,3.9419695206118115e-76,4.1290970910278615e-76,4.3232520827785376e-76,4.524630023268896e-76,4.73343000988569e-76,4.94985474146524e-76,5.1741105497393107e-76,5.4064074307590485e-76,5.64695907629776e-76,5.895982905229968e-76,6.153700094891586e-76,6.420335612415185e-76,6.69611824604574e-76,6.981280636433548e-76,7.276059307905327e-76,7.580694699713826e-76,7.895431197265972e-76,8.220517163328545e-76,8.556204969213247e-76,8.902751025938701e-76,9.260415815371618e-76,9.629463921346092e-76,1.0010164060762031e-75,1.0402789114660205e-75,1.080761615927717e-75,1.1224926497078188e-75,1.165500568776811e-75,1.2098143579281387e-75,1.2554634338750952e-75,1.3024776483452398e-75,1.3508872911732328e-75,1.4007230933908264e-75,1.4520162303154158e-75,1.504798324635895e-75,1.5591014494965637e-75,1.6149581315789245e-75,1.6724013541814038e-75,1.7314645602966075e-75,1.7921816556869252e-75,1.8545870119575087e-75,1.9187154696273721e-75,1.9846023411985e-75,2.052283414222342e-75,2.1217949543646956e-75,2.1931737084680953e-75,2.266456907612275e-75,2.3416822701725337e-75,2.4188880048756354e-75,2.4981128138538885e-75,2.579395895697251e-75,2.6627769485029003e-75,2.7482961729227644e-75,2.835994275209338e-75,2.92591247025889e-75,3.018092484652778e-75,3.1125765596966587e-75,3.2094074544575436e-75,3.3086284487988256e-75,3.41028334641287e-75,3.5144164778519226e-75,3.6210727035567734e-75,3.730297416883106e-75,3.8421365471262363e-75,3.956636562542857e-75,4.073844473371685e-75,4.193807834851477e-75,4.3165747502369226e-75,4.442193873812853e-75,4.5707144139055e-75,4.702186135892694e-75,4.836659365211231e-75,4.974184990362462e-75,5.114814465916143e-75,5.258599815510982e-75,5.405593634854554e-75,5.555849094720014e-75,5.709419943941506e-75,5.866360512407245e-75,6.026725714050231e-75,6.190571049837365e-75,6.357952610755418e-75,6.528927080797076e-75,6.703551739942052e-75,6.881884467139154e-75,7.063983743283502e-75,7.249908654193493e-75,7.439718893585226e-75,7.633474766044451e-75,7.831237189996929e-75,8.033067700676636e-75,8.23902845309166e-75,8.449182224988314e-75,8.6635924198130455e-75,8.882323069672204e-75,9.105438838290637e-75,9.333005023965823e-75,9.565087562523243e-75,9.801753030267019e-75,1.0043068646930468e-74,1.028910227862249e-74,1.0539922440774135e-74,1.0795598301080789e-74,1.105619968244519e-74,1.1321797065915596e-74,1.1592461593623944e-74,1.186826507172013e-74,1.2149279973306338e-74,1.243557944136735e-74,1.2727237291700349e-74,1.3024328015841711e-74,1.3326926783991817e-74,1.3635109447938943e-74,1.3948952543979738e-74,1.4268533295838407e-74,1.4593929617582906e-74,1.4925220116541915e-74,1.5262484096214793e-74,1.560580155918507e-74,1.5955253210027858e-74,1.6310920458217655e-74,1.6672885421032397e-74,1.7041230926456184e-74,1.7416040516081372e-74,1.779739844800435e-74,1.8185389699726466e-74,1.8580099971045687e-74,1.8981615686950896e-74,1.9390024000509966e-74,1.980541279576327e-74,2.0227870690606125e-74,2.0657487039675025e-74,2.109435193722951e-74,2.1538556220035154e-74,2.1990191470239802e-74,2.2449350018251784e-74,2.2916124945611554e-74,2.3390610087870326e-74,2.3872900037454604e-74,2.4363090146538987e-74,2.486127652991018e-74,2.536755606783369e-74,2.5882026408915e-74,2.640478597296165e-74,2.6935933953840867e-74,2.7475570322338223e-74,2.8023795829008207e-74,2.8580712007030877e-74,2.9146421175064443e-74,2.9721026440085617e-74,3.0304631700248052e-74,3.0897341647715507e-74,3.1499261771514193e-74,3.211049836036928e-74,3.2731158505542445e-74,3.3361350103673168e-74,3.4001181859609976e-74,3.4650763289245155e-74,3.531020472234579e-74,3.597961730538114e-74,3.665911300435336e-74,3.734880460761965e-74,3.804880572871251e-74,3.87592308091723e-74,3.9480195121351526e-74,4.0211814771243535e-74,4.095420670129292e-74,4.170748869320827e-74,4.2471779370777356e-74,4.324719820267358e-74,4.403386550526357e-74,4.4831902445414814e-74,4.564143104329735e-74,4.646257417518548e-74,4.72954555762586e-74,4.814019984339908e-74,4.899693243798537e-74,4.9865779688691196e-74,5.074686879427073e-74,5.164032782635652e-74,5.254628573224163e-74,5.346487233766331e-74,5.439621834959676e-74,5.534045535903047e-74,5.629771584374655e-74,5.726813317110148e-74,5.825184160080365e-74,5.924897628768325e-74,6.025967328446882e-74,6.128406954455828e-74,6.23223029247839e-74,6.337451218818319e-74,6.4440837006758284e-74,6.5521417964246725e-74,6.661639655888149e-74,6.772591520614002e-74,6.885011724151133e-74,6.998914692325019e-74,7.114314943512917e-74,7.231227088918846e-74,7.349665832848846e-74,7.469645972985383e-74,7.591182400662458e-74,7.714290101139715e-74,7.83898415387584e-74,7.965279732804388e-74,8.09319210660578e-74,8.222736638982086e-74,8.353928788930344e-74,8.486784111014646e-74,8.621318255640663e-74,8.757546969328008e-74,8.895486094982613e-74,9.035151572169206e-74,9.176559437384671e-74,9.319725824328583e-74,9.464666964175604e-74,9.611399185848312e-74,9.7599389162873e-74,9.910302680723459e-74,1.0062507102948935e-73,1.0216568905587055e-73,1.0372504910365113e-73,1.053033203838383e-73,1.069006731038686e-73,1.0851727847033065e-73,1.1015330869165204e-73,1.118089369807989e-73,1.1348433755797157e-73,1.1517968565330791e-73,1.1689515750956611e-73,1.1863093038481892e-73,1.2038718255515186e-73,1.2216409331733344e-73,1.2396184299151054e-73,1.2578061292389681e-73,1.276205854894397e-73,1.294819440945164e-73,1.3136487317959747e-73,1.3326955822193927e-73,1.3519618573824413e-73,1.3714494328733093e-73,1.39116019472818e-73,1.4110960394578592e-73,1.4312588740744687e-73,1.451650616117987e-73,1.4722731936830276e-73,1.4931285454453518e-73,1.514218620688563e-73,1.535545379330514e-73,1.5571107919500758e-73,1.5789168398134205e-73,1.600965514900842e-73,1.6232588199330603e-73,1.6457987683976735e-73,1.6685873845757864e-73,1.6916267035683743e-73,1.7149187713226554e-73,1.738465644658505e-73,1.76226939129501e-73,1.786332089876674e-73,1.8106558299997876e-73,1.835242712238829e-73,1.860094848172778e-73,1.885214360411338e-73,1.910603382621405e-73,1.936264059553071e-73,1.9621985470659812e-73,1.9884090121557346e-73,2.0148976329797313e-73,2.0416665988837265e-73,2.0687181104277654e-73,2.0960543794123986e-73,2.123677628904988e-73,2.1515900932654607e-73,2.1797940181727717e-73,2.2082916606507883e-73,2.2370852890944254e-73,2.2661771832956335e-73,2.295569634469495e-73,2.3252649452801388e-73,2.3552654298668752e-73,2.385573413870005e-73,2.4161912344569874e-73,2.447121240347986e-73,2.4783657918423025e-73,2.509927260844053e-73,2.541808030887781e-73,2.574010497164775e-73,2.6065370665486215e-73,2.639390157620982e-73,2.6725722006977935e-73,2.706085637854704e-73,2.7399329229529638e-73,2.774116521665076e-73,2.808638911500825e-73,2.843502581832634e-73,2.8787100339214933e-73,2.9142637809427734e-73,2.950166348011325e-73,2.986420272207858e-73,3.023028102604179e-73,3.059992400288802e-73,3.097315738392627e-73,3.135000702114421e-73,3.173049888746631e-73,3.211465907700745e-73,3.250251380532588e-73,3.2894089409684633e-73,3.328941234929769e-73,3.3688509205595254e-73,3.409140668246797e-73,3.449813160652861e-73,3.4908710927361866e-73,3.532317171778131e-73,3.574154117408182e-73,3.616384661629369e-73,3.6590115488435266e-73,3.7020375358767097e-73,3.745465392004626e-73,3.7892978989776513e-73,3.83353785104634e-73,3.8781880549865146e-73,3.9232513301246916e-73,3.968730508363181e-73,4.014628434205361e-73,4.060947964780812e-73,4.1076919698704577e-73,4.1548633319321295e-73,4.2024649461246947e-73,4.250499720334528e-73,4.298970575199633e-73,4.3478804441349566e-73,4.3972322733576183e-73,4.4470290219119885e-73,4.497273661694505e-73,4.5479691774786675e-73,4.599118566940548e-73,4.65072484068299e-73,4.7027910222610067e-73,4.7553201482071044e-73,4.808315268055467e-73,4.8617794443672066e-73,4.915715752755535e-73,4.970127281910001e-73,5.025017133622013e-73,5.0803884228092476e-73,5.1362442775408304e-73,5.192587839061782e-73,5.249422261817841e-73,5.306750713480537e-73,5.364576374971832e-73,5.422902440488664e-73,5.48173211752806e-73,5.54106862691125e-73,5.600915202809147e-73,5.661275092766048e-73,5.722151557725305e-73,5.783547872053315e-73,5.845467323564154e-73,5.907913213544655e-73,5.970888856778458e-73,6.03439758157048e-73,6.098442729772578e-73,6.163027656806905e-73,6.228155731690469e-73,6.293830337060412e-73,6.360054869198075e-73,6.426832738053285e-73,6.494167367269093e-73,6.562062194205992e-73,6.630520669966336e-73,6.699546259419266e-73,6.769142441224556e-73,6.839312707856421e-73,6.910060565629315e-73,6.981389534721396e-73,7.053303149198685e-73,7.125804957039696e-73,7.19889852015976e-73,7.272587414435091e-73,7.346875229726966e-73,7.421765569906299e-73,7.497262052877577e-73,7.573368310603224e-73,7.650087989127609e-73,7.727424748601206e-73,7.805382263305373e-73,7.883964221675065e-73,7.963174326324565e-73,8.043016294070469e-73,8.123493855956563e-73,8.204610757276735e-73,8.286370757600502e-73,8.36877763079568e-73,8.451835165053907e-73,8.535547162912671e-73,8.619917441281027e-73,8.704949831462786e-73,8.790648179180615e-73,8.877016344599506e-73,8.964058202351815e-73,9.051777641560181e-73,9.140178565861341e-73,9.229264893430961e-73,9.319040557006032e-73,9.409509503910385e-73,9.500675696077435e-73,9.592543110073705e-73,9.685115737123635e-73,9.778397583132668e-73,9.872392668711193e-73,9.967105029198253e-73,1.0062538714684853e-72,1.0158697790038673e-72,1.0255586334926805e-72,1.0353208443839586e-72,1.0451568226114601e-72,1.0550669805960244e-72,1.0650517322478811e-72,1.0751114929690874e-72,1.085246679655831e-72,1.0954577107008226e-72,1.1057450059956178e-72,1.1161089869329721e-72,1.1265500764092668e-72,1.1370686988267424e-72,1.1476652800959223e-72,1.1583402476379729e-72,1.1690940303869346e-72,1.1799270587922322e-72,1.190839764820898e-72,1.201832581959981e-72,1.2129059452188219e-72,1.2240602911314188e-72,1.2352960577588002e-72,1.246613684691327e-72,1.258013613050952e-72,1.2694962854937113e-72,1.2810621462118962e-72,1.2927116409365197e-72,1.304445216939506e-72,1.31626332303609e-72,1.328166409587218e-72,1.3401549285016185e-72,1.352229333238449e-72,1.3643900788093439e-72,1.3766376217808458e-72,1.3889724202768087e-72,1.4013949339805643e-72,1.413905624137208e-72,1.426504953556016e-72,1.4391933866127922e-72,1.4519713892520224e-72,1.4648394289893083e-72,1.4777979749136691e-72,1.4908474976896474e-72,1.50398846955999e-72,1.5172213643474444e-72,1.5305466574575862e-72,1.5439648258806164e-72,1.5574763481941368e-72,1.5710817045650552e-72,1.5847813767520358e-72,1.5985758481077938e-72,1.6124656035813773e-72,1.6264511297204698e-72,1.6405329146735802e-72,1.654711448192344e-72,1.6689872216340593e-72,1.6833607279635518e-72,1.6978324617557472e-72,1.7124029191978186e-72,1.7270725980916182e-72,1.741841997855648e-72,1.7567116195276507e-72,1.7716819657668037e-72,1.7867535408558145e-72,1.8019268507033365e-72,1.817202402846243e-72,1.832580706451764e-72,1.8480622723199598e-72,1.8636476128857512e-72,1.8793372422214344e-72,1.8951316760386013e-72,1.9110314316907173e-72,1.9270370281751793e-72,1.943148986135616e-72,1.9593678278643407e-72,1.975694077304166e-72,1.9921282600510467e-72,2.0086709033561756e-72,2.025322536128189e-72,2.0420836889354533e-72,2.058954894008424e-72,2.075936685241645e-72,2.0930295981962352e-72,2.1102341701018912e-72,2.1275509398592333e-72,2.144980448042218e-72,2.1625232368999955e-72,2.1801798503594515e-72,2.197950834027331e-72,2.2158367351924231e-72,2.2338381028278673e-72,2.2519554875933584e-72,2.2701894418372947e-72,2.2885405195990615e-72,2.3070092766113776e-72,2.325596270302188e-72,2.3443020597971097e-72,2.3631272059218354e-72,2.3820722712038697e-72,2.4011378198751713e-72,2.420324417874115e-72,2.439632632847683e-72,2.4590630341540156e-72,2.478616192864272e-72,2.498292681764669e-72,2.5180930753594456e-72,2.5380179498721555e-72,2.5580678832485874e-72,2.5782434551583676e-72,2.598545246997614e-72,2.618973841890944e-72,2.639529824693811e-72,2.660213781994336e-72,2.6810263021159175e-72,2.7019679751192117e-72,2.7230393928043754e-72,2.744241148713147e-72,2.7655738381312155e-72,2.787038058090269e-72,2.8086344073701623e-72,2.8303634865013216e-72,2.8522258977665864e-72,2.8742222452035076e-72,2.8963531346066986e-72,2.9186191735299386e-72,2.9410209712880767e-72,2.96355913895953e-72,2.9862342893885107e-72,3.0090470371866593e-72,3.031997998735921e-72,3.055087792190243e-72,3.078317037477679e-72,3.10168635630301e-72,3.1251963721494546e-72,3.14884771028116e-72,3.1726409977450613e-72,3.1965768633731926e-72,3.220655937785013e-72,3.2448788533890135e-72,3.269246244385599e-72,3.293758746768858e-72,3.318416998328434e-72,3.343221638652228e-72,3.3681733091281996e-72,3.39327265294664e-72,3.4185203151021146e-72,3.4439169423961147e-72,3.469463183438305e-72,3.4951596886498256e-72,3.521007110264389e-72,3.547006102330874e-72,3.573157320715701e-72,3.599461423104282e-72,3.6259190690039044e-72,3.652530919745199e-72,3.6792976384849616e-72,3.706219890207541e-72,3.733298341727534e-72,3.760533661691575e-72,3.787926520580708e-72,3.815477590712325e-72,3.843187546242331e-72,3.871057063167317e-72,3.8990868193266005e-72,3.927277494404421e-72,3.955629769931915e-72,3.9841443292893957e-72,4.012821857708364e-72,4.041663042273721e-72,4.0706685719257795e-72,4.099839137462145e-72,4.1291754315404927e-72,4.158678148679961e-72,4.1883479852635444e-72,4.2181856395401966e-72,4.248191811627232e-72,4.278367203511547e-72,4.3087125190527623e-72,4.339228463984654e-72,4.3699157459174126e-72,4.400775074339882e-72,4.431807160621291e-72,4.463012718013671e-72,4.49439246165401e-72,4.5259471085659817e-72,4.557677377662303e-72,4.58958398974677e-72,4.621667667516191e-72,4.653929135562688e-72,4.686369120375633e-72,4.718988350343808e-72,4.751787555757341e-72,4.784767468809871e-72,4.817928823600905e-72,4.851272356137327e-72,4.884798804335786e-72,4.91850890802488e-72,4.952403408946797e-72,4.986483050759927e-72,5.02074857904076e-72,5.055200741285301e-72,5.089840286912316e-72,5.124667967264423e-72,5.159684535610564e-72,5.194890747147891e-72,5.23028735900406e-72,5.265875130239106e-72,5.301654821847478e-72,5.337627196760165e-72,5.373793019846732e-72,5.410153057917353e-72,5.446708079724954e-72,5.483458855967019e-72,5.520406159287982e-72,5.557550764280735e-72,5.59489344748941e-72,5.632434987411018e-72,5.670176164497104e-72,5.708117761156375e-72,5.746260561756795e-72,5.784605352626954e-72,5.823152922058684e-72,5.861904060308972e-72,5.900859559602016e-72,5.940020214130642e-72,5.979386820059834e-72,6.018960175526676e-72,6.058741080644488e-72,6.098730337502898e-72,6.138928750171847e-72,6.179337124701572e-72,6.219956269126548e-72,6.260786993465728e-72,6.301830109726139e-72,6.343086431903856e-72,6.38455677598619e-72,6.426241959954287e-72,6.468142803784462e-72,6.510260129450363e-72,6.552594760925029e-72,6.595147524183297e-72,6.637919247203138e-72,6.680910759968048e-72,6.724122894469003e-72,6.767556484706503e-72,6.811212366692172e-72,6.855091378451443e-72,6.89919436002505e-72,6.943522153471147e-72,6.988075602867514e-72,7.032855554313279e-72,7.077862855930754e-72,7.123098357867865e-72,7.168562912299967e-72,7.214257373431878e-72,7.260182597499339e-72,7.306339442772123e-72,7.352728769554945e-72,7.399351440189812e-72,7.446208319058332e-72,7.493300272582967e-72,7.540628169230189e-72,7.588192879510635e-72,7.635995275983226e-72,7.684036233255199e-72,7.732316627985558e-72,7.780837338886335e-72,7.829599246724486e-72,7.878603234323646e-72,7.927850186567827e-72,7.977340990400635e-72,8.027076534829216e-72,8.077057710925935e-72,8.127285411829718e-72,8.177760532748341e-72,8.228483970960234e-72,8.27945662581708e-72,8.330679398744728e-72,8.382153193246183e-72,8.433878914903047e-72,8.485857471377248e-72,8.538089772413443e-72,8.590576729840699e-72,8.643319257574453e-72,8.696318271618817e-72,8.749574690067948e-72,8.803089433108431e-72,8.856863423020991e-72,8.910897584182582e-72,8.96519284306785e-72,9.019750128252208e-72,9.074570370413071e-72,9.129654502330365e-72,9.185003458891571e-72,9.240618177090935e-72,9.296499596033145e-72,9.352648656934052e-72,9.409066303122845e-72,9.465753480044764e-72,9.522711135262182e-72,9.579940218456773e-72,9.637441681431738e-72,9.695216478113307e-72,9.753265564552862e-72,9.81158989892883e-72,9.870190441548578e-72,9.929068154850638e-72,9.98822400340547e-72,1.0047658953919566e-71,1.0107373975234743e-71,1.0167370038332604e-71,1.022764811633365e-71,1.0288209184502329e-71,1.0349054220246224e-71,1.0410184203119573e-71,1.0471600114824868e-71,1.0533302939214186e-71,1.0595293662291647e-71,1.0657573272215203e-71,1.0720142759298437e-71,1.0783003116012354e-71,1.0846155336987509e-71,1.0909600419016552e-71,1.0973339361054162e-71,1.1037373164220975e-71,1.110170283180474e-71,1.1166329369261714e-71,1.1231253784219238e-71,1.12964770864774e-71,1.1362000288011065e-71,1.1427824402971138e-71,1.149395044768707e-71,1.1560379440669058e-71,1.1627112402608875e-71,1.1694150356382923e-71,1.1761494327052556e-71,1.1829145341868191e-71,1.1897104430268142e-71,1.196537262388477e-71,1.203395095654141e-71,1.2102840464258038e-71,1.2172042185251402e-71,1.2241557159937442e-71,1.2311386430932741e-71,1.2381531043056896e-71,1.2451992043334102e-71,1.2522770480994906e-71,1.2593867407478802e-71,1.2665283876434084e-71,1.2737020943722752e-71,1.2809079667420207e-71,1.2881461107817235e-71,1.2954166327422981e-71,1.3027196390965197e-71,1.310055236539418e-71,1.3174235319882414e-71,1.3248246325827814e-71,1.3322586456855577e-71,1.339725678881903e-71,1.3472258399802833e-71,1.3547592370123393e-71,1.3623259782332224e-71,1.3699261721216818e-71,1.3775599273802374e-71,1.3852273529353745e-71,1.3929285579377853e-71,1.4006636517625158e-71,1.4084327440091576e-71,1.4162359445019903e-71,1.4240733632902271e-71,1.4319451106481987e-71,1.4398512970753775e-71,1.4477920332969157e-71,1.4557674302633584e-71,1.4637775991512283e-71,1.4718226513630112e-71,1.4799026985273649e-71,1.4880178524993346e-71,1.4961682253604904e-71,1.504353929419085e-71,1.512575077210507e-71,1.520831781497001e-71,1.5291241552682118e-71,1.5374523117412191e-71,1.5458163643607173e-71,1.554216426799295e-71,1.5626526129574332e-71,1.5711250369639243e-71,1.5796338131758647e-71,1.5881790561789306e-71,1.5967608807874871e-71,1.6053794020448427e-71,1.6140347352233772e-71,1.6227269958247874e-71,1.6314562995801369e-71,1.6402227624502506e-71,1.6490265006256536e-71,1.657867630526914e-71,1.6667462688047585e-71,1.6756625323402928e-71,1.6846165382451309e-71,1.6936084038615769e-71,1.702638246762919e-71,1.7117061847534266e-71,1.7208123358686605e-71,1.7299568183755691e-71,1.7391397507727326e-71,1.748361251790621e-71,1.7576214403914568e-71,1.7669204357698208e-71,1.7762583573524949e-71,1.7856353247987983e-71,1.7950514580007036e-71,1.8045068770829984e-71,1.8140017024037404e-71,1.823536054553888e-71,1.833110054358067e-71,1.8427238228742073e-71,1.8523774813941866e-71,1.8620711514437027e-71,1.8718049547826495e-71,1.8815790134050573e-71,1.891393449539592e-71,1.9012483856493385e-71,1.911143944432393e-71,1.9210802488218238e-71,1.9310574219856453e-71,1.9410755873274297e-71,1.951134868486169e-71,1.961235389336548e-71,1.971377273989155e-71,1.9815606467906328e-71,1.9917856323237438e-71,2.0020523554078344e-71,2.012360941098625e-71,2.0227115146885842e-71,2.033104201707303e-71,2.0435391279212045e-71,2.054016419334234e-71,2.0645362021876236e-71,2.0750986029603027e-71,2.0857037483688847e-71,2.0963517653680667e-71,2.1070427811506085e-71,2.1177769231477174e-71,2.1285543190289622e-71,2.139375096702615e-71,2.1502393843158875e-71,2.1611473102546938e-71,2.1720990031445594e-71,2.183094591850103e-71,2.1941342054754886e-71,2.2052179733647783e-71,2.2163460251017353e-71,2.2275184905101866e-71,2.2387354996542524e-71,2.2499971828384267e-71,2.261303670607723e-71,2.2726550937480566e-71,2.2840515832860686e-71,2.295493270489671e-71,2.3069802868678533e-71,2.3185127641712056e-71,2.33009083439191e-71,2.3417146297637527e-71,2.353384282762693e-71,2.365099926106656e-71,2.376861692755965e-71,2.3886697159133845e-71,2.4005241290241916e-71,2.4124250657767353e-71,2.4243726601021274e-71,2.4363670461746194e-71,2.4484083584119556e-71,2.4604967314752157e-71,2.4726323002692923e-71,2.4848151999426552e-71,2.4970455658880786e-71,2.5093235337423344e-71,2.521649239386646e-71,2.5340228189465897e-71,2.5464444087924987e-71,2.558914145539663e-71,2.5714321660483285e-71,2.5839986074238423e-71,2.596613607017133e-71,2.8556430227529607e-49,3.273252665349136e-49,3.935056270868266e-49,4.9727402682887326e-49,6.5547650360145986e-49,8.897489201131693e-49,1.227679945326745e-48,1.7042420631201325e-48,2.3635530801825804e-48,3.261044797406658e-48,4.466133694850454e-48,6.065511195076934e-48,8.167199443884791e-48,1.090555405129691e-47,1.4447439742706992e-47,1.8999860775249508e-47,2.4819398334804225e-47,3.2223895875865154e-47,4.1606945535720133e-47,5.345587086498662e-47,6.837408156074691e-47,8.710890558204648e-47,1.1058629711298437e-46,1.3995419380166706e-46,1.7663677773304408e-46,2.2240251320802336e-46,2.7944963262168075e-46,3.505137741962533e-46,4.3900381534710294e-46,5.491736898675002e-46,6.8634025537713134e-46,8.571602630575114e-46,1.0699834078521264e-45,1.3353036188556227e-45,1.666337613706477e-45,2.0797688685771326e-45,2.5967073426264436e-45,3.2439316338779e-45,4.0555022432062766e-45,5.074864373484042e-45,6.357599112790689e-45,7.975037032028373e-45,1.0019023931087618e-44,1.260823286290275e-44,1.589656129423138e-44,2.0084354027062435e-44,2.54334754051067e-44,3.228765338347537e-44,4.110008445874296e-44,5.247109767955185e-44,6.719983993231394e-44,8.635563083319767e-44,1.113770961129641e-43,1.4421080700761774e-43,1.8750651776930637e-43,2.4489411386343345e-43,3.2137948115170806e-43,4.162253912937975e-43,5.5356841919631326e-43,7.402638153310664e-43,9.957816060742422e-43,1.3480711244724844e-42,1.8376119116782995e-42,2.523613877835372e-42,3.493599815780013e-42,7.884688736602318e-42,1.0352009966959215e-41,1.3828691894123358e-41,1.8808359652583875e-41,2.6062854432852815e-41,3.6819436781932534e-41,5.306513999335924e-41,7.80799208960583e-41,1.1739138522842097e-40,1.8052555451457863e-40,2.843011929230391e-40,4.592048150753965e-40,7.621110626059995e-40,1.3025324026080138e-39,2.2988350857603826e-39,4.20368714381596e-39,7.997152704546262e-39,1.5907727149897465e-38,3.329289527795073e-38,7.388299485573696e-38,1.7558044838234906e-37,4.526005574953723e-37,1.2874697510995895e-36,4.1410637198496355e-36,1.5632534033070558e-35,7.38280238792559e-35,4.927083966544723e-34,5.8318107179499744e-33,1.6596700039610836e-31,1.4220336693973268e-29,4.278798902578134e-27,4.603512796222689e-24,1.856271726371318e-22,1.8562717264313164e-22,1.856271726459037e-22,1.8562717265119709e-22,1.856271730418855e-22,1.549617196707499e-18,9.965557825923992e-16,2.229000938976395e-13,2.1848011572122265e-11,9.959791656341882e-10,2.106769092782337e-08,2.1609856918867506e-07,1.13854116503385e-06,3.4930100307797396e-06,7.332005740574381e-06,1.1961519462463061e-05,1.6532959740702394e-05,2.046641564556719e-05,2.3507652535391315e-05,2.8336240557378844e-05,3.599222819639464e-05,4.5063872010118036e-05,5.4790949069791346e-05,6.471480412043054e-05,7.455090286731688e-05,8.412429967249164e-05,9.333116775112014e-05,0.00010211429696117549,0.00011044704365216062,0.00011832266777058423,0.00012574719344194394,0.00013273461005769546,0.00013930364455851913,0.0001454755964875803,0.00015127289579886722,0.00015671815392066758,0.0001618335520104027,0.00016664045963086022,0.00017115921044929665,0.00017540898431822182,0.0001794077607147004,0.00018317231929154232,0.00018671827076418462,0.00019006010655494088,0.00019321125924311373,0.0001961841684049348,0.00019899034820072543,0.00020164045430661417,0.0002041443486528698,0.00020651116103161118,0.0002087493470509337,0.00021086674219529495,0.00021287061194211597,0.00021476769800939452,0.00021656426088809613,0.0002182661188603281,0.00021987868372934046,0.00022140699349752348,0.0002228557422284513,0.0002242293073225515,0.00022553177442526342,0.00022676696017343766,0.00022793843297169627,0.00022904953197563788,0.00023010338444466464,0.00023110292161295334,0.00023205089321440357,0.00023294988078460607,0.0002338023098518991,0.00023461046111880647,0.0002353764807257415,0.00023610238968001688,0.00023679009252531528,0.00023744138531959995,0.000238057962982891,0.0002386414260704911,0.00023919328702196076,0.00023971497593140335,0.0002402078458801814,0.00024067317786950854,0.00024111218538671808,0.00024152601863590618,0.0002419157684608909,0.00024228246998576555,0.00024262710599606504,0.00024295061008153664,0.00024325386955955676,0.0002435377281965754,0.00024380298874348877,0.00024405041529930086,0.0002442807355164296,0.000244494642659618,0.0002446927975296245,0.00024487583026164045,0.0002450443420079598,0.00024519890651314235,0.0002453400715897206,0.00024546836050141896,0.0002455842732606704,0.0002456882878463275,0.00024578086134729977,0.00024586243103712874,0.0002459334153844472,0.00024599421500343094,0.0002460452135485387,0.00024608677855715805,0.00024611926224363826,0.00024614300224787576,0.00024615832234152577,0.00024616553309442593,0.00024616493250393957,0.0002461568065894707,0.00024614142995436314,0.0002461190663173237,0.00024608996901507766,0.00024605438147821273,0.000246012537681739,0.0002459646625719015,0.0002459109724707143,0.0002458516754595546,0.0002457869717429393,0.00024571705399383285,0.00024564210768135896,0.0002455623113821189,0.00024547783707591197,0.0002453888504268332,0.00024529551105052875,0.00024519797276842284,0.00024509638384958096,0.0002449908872409688,0.0002448816207866853,0.0002447687174367947,0.0002446523054463073,0.00024453250856485315,0.00024440944621753364,0.0002442832336774302,0.000244153982230171,0.00024402179933102555,0.00024388678875489084,0.0002437490507395024,0.0002436086821222695,0.00024346577647103482,0.00024332042420904297,0.00024317271273447032,0.0002430227265346992,0.0002428705472956934,0.0002427162540066302,0.0002425599230600686,0.00024240162834788503,0.0002422414413530982,0.00024207943123792018,0.00024191566492804003,0.00024175020719347724,0.00024158312072607456,0.00024141446621381296,0.000241244302412097,0.00024107268621213144,0.00024089967270658581,0.00024072531525257373,0.00024054966553214952,0.0002403727736104139,0.00024019468799128617,0.00024001545567115193,0.00023983512219036198,0.00023965373168274327,0.0002394713269232379,0.0002392879493736611,0.00023910363922674332,0.00023891843544849377,0.00023873237581894388,0.0002385454969714019,0.00023835783443017507,0.0002381694226469634,0.00023798029503582611,0.0002377904840069198,0.0002376000209989881,0.00023740893651062912,0.00023721726013046935,0.0002370250205662387,0.00023683224567277005,0.0002366389624790456,0.00023644519721423814,0.00023625097533284367,0.00023605632153893884,0.00023586125980955394,0.00023566581341727473,0.00023547000495200768,0.00023527385634204668,0.00023507738887434477,0.00023488062321415043,0.00023468357942395013,0.00023448627698174662,0.00023428873479875762,0.00023409097123647512,0.00023389300412318963,0.00023369485076993213,0.0002334965279859079,0.0002332980520933872,0.00023309943894214206,0.00023290070392339638,0.00023270186198328229,0.00023250292763591878,0.0002323039149760168,0.00023210483769110378,0.00023190570907334997,0.00023170654203097217,0.00023150734909936448,0.00023130814245177862,0.00023110893390973215,0.00023090973495305304,0.00023071055672960745,0.0002305114100647496,0.00023031230547045656,0.00023011325315416213,0.00022991426302736918,0.00022971534471392902,0.00022951650755813314,0.0002293177606324911,0.00022911911274531982,0.00022892057244808681,0.00022872214804252398,0.0002285238475875388,0.0002283256789058968,0.00022812764959071445,0.00022792976701178853,0.00022773203832167685,0.0002275344704616356,0.00022733707016739483,0.0002271398439747116,0.00022694279822482657,0.00022674593906968994,0.00022654927247710524,0.00022635280423566667,0.0002261565399595783,0.00022596048509333742,0.00022576464491627312,0.00022556902454695156,0.0002253736289474723,0.00022517846292762557,0.00022498353114893058,0.0002247888381285656,0.00022459438824320866,0.000224400185732707,0.00022420623470372048,0.00022401253913319674,0.00022381910287180777,0.0002236259296472326,0.0002234330230674032,0.00022324038662360977,0.0002230480236935652,0.0002228559375443543,0.0002226641313353229,0.00022247260812084923,0.00022228137085311122,0.0002220904223847079,0.000221899765471234,0.00022170940277379506,0.00022151933686146273,0.0002213295702136085,0.00022114010522225613,0.00022095094419430619,0.00022076208935372656,0.00022057354284369535,0.00022038530672863598,0.00022019738299629345,0.0002200097735596539,0.0002198224802588726,0.00021963550486313357,0.00021944884907246405,0.00021926251451950124,0.00021907650277120974,0.0002188908153305592,0.00021870545363815775,0.00021852041907382432,0.00021833571295815855,0.00021815133655403963,0.0002179672910680898,0.00021778357765211146,0.00021760019740448388,0.00021741715137150525,0.00021723444054874268,0.00021705206588230435,0.0002168700282701038,0.00021668832856307032,0.00021650696756636868,0.0002163259460405398,0.00021614526470266145,0.00021596492422742538,0.0002157849252482275,0.00021560526835822684,0.00021542595411136705,0.00021524698302336704,0.0002150683555727021,0.00021489007220155373,0.0002147121333167408,0.0002145345392906077,0.0002143572904619299,0.00021418038713674927,0.00021400382958922904,0.00021382761806245835,0.00021365175276926444,0.00021347623389297559,0.0002133010615881946,0.00021312623598152924,0.00021295175717231274,0.000212777625233316,0.00021260384021143727,0.00021243040212835934,0.00021225731098121773,0.00021208456674323115,0.00021191216936433427,0.00021174011877176966,0.00021156841487069797,0.0002113970575447668,0.00021122604665668618,0.00021105538204876603,0.00021088506354345946,0.0002107150909439022,0.00021054546403441332,0.00021037618258098952,0.00021020724633180471,0.00021003865501768748,0.00020987040835258213,0.00020970250603400239,0.00020953494774348554,0.00020936773314700775,0.00020920086189542853,0.00020903433362488762,0.0002088681479572131,0.00020870230450031776,0.00020853680284858218,0.00020837164258323258,0.00020820682327269896,0.00020804234447298572,0.0002078782057280104,0.0002077144065699482,0.00020755094651957472,0.00020738782508657552,0.00020722504176987348,0.00020706259605793778,0.00020690048742908753,0.0002067387153517862,0.00020657727928493917,0.00020641617867815833,0.00020625541297205642,0.00020609498159850578,0.00020593488398090086,0.00020577511953442915,0.0002056156876663074,0.00020545658777602077,0.0002052978192555909,0.00020513938148978018,0.00020498127385632845,0.0002048234957261938,0.0002046660464637485,0.00020450892542699337,0.00020435213196778702,0.00020419566543202137,0.00020403952515983295,0.00020388371048580512,0.0002037282207391492,0.00020357305524387902,0.0002034182133190053,0.0002032636942787153,0.0002031094974325296,0.000202955622085482,0.00020280206753828012,0.00020264883308747088,0.00020249591802558789,0.0002023433216413118,0.00020219104321962198,0.00020203908204193417,0.00020188743738625098,0.00020173610852729476,0.0002015850947366475,0.00020143439528289087,0.0002012840094317202,0.0002011339364460873,0.0002009841755863126,0.00020083472611020681,0.00020068558727320983,0.0002005367583284708,0.0002003882385269843,0.00020024002711770301,0.00020009212334763012,0.00019994452646193933,0.00019979723570405844,0.00019965025031579858,0.00019950356953741093,0.00019935719260773076,0.00019921111876422401,0.0001990653472431189,0.00019891987727946024,0.00019877470810721694,0.00019862983895935996,0.00019848526906795166,0.00019834099766421229,0.00019819702397861594,0.0001980533472409561,0.00019790996668041586,0.00019776688152566246,0.00019762409100489083,0.0001974815943459183,0.00019733939077623514,0.00019719747952308135,0.0001970558598135055,0.00019691453087443398,0.0001967734919327189,0.00019663274221522008,0.00019649228094884314,0.00019635210736061883,0.00019621222067771877,0.00019607262012756458,0.00019593330493783832,0.00019579427433655575,0.0001956555275521024,0.00019551706381329818,0.00019537888234943206,0.0001952409823903131,0.00019510336316632827,0.00019496602390845725,0.00019482896384835486,0.00019469218221836114,0.00019455567825155842,0.0001944194511818027,0.0001942835002437747,0.0001941478246730048,0.00019401242370591454,0.00019387729657985853,0.00019374244253315268,0.0001936078608051083,0.000193473550636075,0.0001933395112674622,0.00019320574194176996,0.00019307224190262808,0.0001929390103948238,0.00019280604666432492,0.0001926733499583168,0.00019254091952521877,0.00019240875461472114,0.0001922768544778091,0.00019214521836678452,0.00019201384553528813,0.00019188273523833014,0.0001917518867323189,0.00019162129927505979,0.00019149097212580127,0.00019136090454524866,0.0001912310957955718,0.0001911015451404501,0.00019097225184508027,0.0001908432151761725,0.00019071443440200797,0.00019058590879243354,0.0001904576376188732,0.0001903296201543674,0.00019020185567357432,0.00019007434345277667,0.00018994708276991396,0.00018982007290459604,0.00018969331313810177,0.00018956680275340643,0.00018944054103518638,0.00018931452726984803,0.00018918876074551023,0.00018906324075204376,0.00018893796658108034,0.00018881293752599687,0.00018868815288196268,0.0001885636119459238,0.00018843931401661668,0.0001883152583945913,0.00018819144438220648,0.0001880678712836483,0.00018794453840492308,0.00018782144505388534,0.00018769859054022342,0.0001875759741754941,0.00018745359527310337,0.0001873314531483242,0.00018720954711830994,0.000187087876502089,0.00018696644062057724,0.000186845238796574,0.00018672427035478338,0.00018660353462180405,0.0001864830309261431,0.0001863627585982215,0.00018624271697036026,0.00018612290537681328,0.0001860033231537493,0.0001858839696392645,0.00018576484417338012,0.00018564594609804422,0.00018552727475715407,0.00018540882949652794,0.0001852906096639305,0.00018517261460906573,0.00018505484368356993,0.00018493729624104405,0.00018481997163701864,0.0001847028692289743,0.00018458598837634227,0.00018446932844050484,0.000184352888784786,0.00018423666877447292,0.00018412066777678595,0.00018400488516091086,0.0001838893202979811,0.0001837739725610788,0.00018365884132523635,0.00018354392596743913,0.00018342922586661774,0.0001833147404036568,0.00018320046896138858,0.0001830864109245921,0.00018297256567998774,0.00018285893261624987,0.00018274551112398748,0.00018263230059575863,0.00018251930042605802,0.00018240651001132045,0.00018229392874991756,0.00018218155604215908,0.00018206939129028317,0.0001819574338984609,0.00018184568327279525,0.0001817341388213103,0.00018162279995395287,0.00018151166608260154,0.00018140073662103985,0.0001812900109849792,0.0001811794885920299,0.00018106916886173057,0.00018095905121551389,0.00018084913507672331,0.00018073941987060174,0.00018062990502428088,0.0001805205899668015,0.0001804114741290902,0.0001803025569439535,0.00018019383784609363,0.00018008531627208176,0.0001799769916603817,0.00017986886345131082,0.00017976093108707075,0.00017965319401172522,0.00017954565167118932,0.0001794383035132499,0.00017933114898754503,0.00017922418754555446,0.00017911741864060497,0.0001790108417278762,0.00017890445626437027,0.00017879826170892754,0.0001786922575222182,0.00017858644316673186,0.00017848081810678692,0.00017837538180850654,0.00017827013373983007,0.00017816507337050456,0.00017806020017207405,0.00017795551361788104,0.0001778510131830626,0.00017774669834454105,0.00017764256858102457,0.00017753862337299237,0.0001774348622027074,0.00017733128455419631,0.00017722788991324595,0.00017712467776740692,0.00017702164760598552,0.00017691879892002774,0.00017681613120233475,0.0001767136439474454,0.00017661133665162215,0.00017650920881287472,0.00017640725993092214,0.00017630548950720343,0.00017620389704488317,0.00017610248204882054,0.00017600124402559336,0.00017590018248346786,0.00017579929693240567,0.00017569858688405729,0.0001755980518517682,0.00017549769135054085,0.00017539750489706764,0.000175297492009698,0.00017519765220845633,0.0001750979850150123,0.00017499848995269308,0.00017489916654647323,0.00017480001432297113,0.00017470103281044024,0.0001746022215387585,0.00017450358003943682,0.00017440510784561106,0.00017430680449201944,0.00017420866951502233,0.00017411070245258346,0.00017401290284425682,0.0001739152702312018,0.00017381780415616052,0.00017372050416345644,0.00017362336979900216,0.0001735264006102748,0.00017342959614631746,0.00017333295595774303,0.0001732364795967135,0.00017314016661695115,0.00017304401657371895,0.00017294802902382474,0.00017285220352560658,0.00017275653963893918,0.00017266103692522197,0.00017256569494737085,0.00017247051326981777,0.00017237549145850576,0.00017228062908088206,0.00017218592570589236,0.00017209138090397243,0.00017199699424705217,0.00017190276530854097,0.00017180869366333046,0.00017171477888777557,0.00017162102055970875,0.00017152741825841923,0.00017143397156465316,0.00017134068006061318,0.00017124754332994063,0.00017115456095772514,0.00017106173253048518,0.00017096905763617798,0.00017087653586417991,0.000170784166805293,0.00017069195005173116,0.0001705998851971222,0.00017050797183649076,0.00017041620956627222,0.00017032459798428505,0.00017023313668975017,0.00017014182528326134,0.00017005066336679895,0.00016995965054371538,0.00016986878641873362,0.00016977807059793477,0.00016968750268876785,0.00016959708230003133,0.0001695068090418704,0.0001694166825257798,0.00016932670236459059,0.00016923686817246455,0.00016914717956490152,0.00016905763615871318,0.000168968237572039,0.00016887898342433154,0.00016878987333634766,0.0001687009069301547,0.0001686120838291139,0.00016852340365788892,0.00016843486604242432,0.0001683464706099477,0.00016825821698897663,0.00016817010480929979,0.0001680821337019702,0.00016799430329931156,0.00016790661323490435,0.0001678190631435967,0.0001677316526614711,0.00016764438142586187,0.00016755724907534838,0.00016747025524974508,0.00016738339959009927,0.0001672966817386802,0.00016721010133898898,0.00016712365803573217,0.000167037351474842,0.0001669511813034451,0.0001668651471698933,0.0001667792487237171,0.00016669348561564824,0.00016660785749760782,0.00016652236402271069,0.0001664370048452441,0.00016635177962067256,0.00016626668800563452,0.00016618172965793295,0.00016609690423653614,0.00016601221140157387,0.00016592765081431974,0.0001658432221372026,0.00016575892503380062,0.00016567475916882924,0.00016559072420813153,0.00016550681981869776,0.0001654230456686318,0.0001653394014271664,0.00016525588676465354,0.00016517250135255964,0.0001650892448634608,0.00016500611697102714,0.00016492311735005188,0.00016484024567641153,0.0001647575016270732,0.00016467488488010096,0.00016459239511463147,0.00016451003201089958,0.00016442779525019713,0.00016434568451489798,0.00016426369948844145,0.0001641818398553252,0.00016410010530111863,0.00016401849551243183,0.00016393701017693524,0.00016385564898334005,0.00016377441162140303,0.0001636932977819232,0.00016361230715672415,0.00016353143943867234,0.00016345069432165425,0.00016337007150057394,0.000163289570671361,0.00016320919153095783,0.00016312893377732165,0.00016304879710940767,0.00016296878122717628,0.00016288888583159414,0.00016280911062461137,0.00016272945530917943,0.00016264991958923192,0.00016257050316968068,0.0001624912057564288,0.00016241202705634283,0.00016233296677726694,0.00016225402462801888,0.00016217520031836953,0.00016209649355905276,0.0001620179040617706,0.00016193943153915721,0.00016186107570481756,0.00016178283627328694,0.00016170471296004572,0.00016162670548151912,0.00016154881355505865,0.00016147103689895224,0.0001613933752324112,0.00016131582827556883,0.00016123839574948092,0.00016116107737612672,0.0001610838728783844,0.00016100678198005061,0.0001609298044058235,0.0001608529398813073,0.0001607761881329975,0.00016069954888829423,0.0001606230218754805,0.00016054660682373413,0.00016047030346311254,0.00016039411152455807,0.00016031803073988298,0.0001602420608417846,0.00016016620156383019,0.00016009045264044118,0.00016001481380691957,0.00015993928479941422,0.0001598638653549435,0.0001597885552113691,0.00015971335410741174,0.00015963826178263626,0.00015956327797744894,0.0001594884024330995,0.00015941363489167378,0.00015933897509610127,0.00015926442279012333,0.0001591899777183248,0.0001591156396261103,0.0001590414082597028,0.0001589672833661475,0.00015889326469330188,0.00015881935198983977,0.00015874554500523686,0.00015867184348977785,0.0001585982471945512,0.00015852475587144256,0.00015845136927313227,0.00015837808715309654,0.0001583049092655996,0.000158231835365695,0.00015815886520922128,0.00015808599855278766,0.00015801323515379306,0.00015794057477040528,0.00015786801716156535,0.00015779556208698453,0.00015772320930713499,0.00015765095858325922,0.00015757880967735166,0.00015750676235216975,0.00015743481637121759,0.00015736297149876523,0.00015729122749981125,0.00015721958414011196,0.00015714804118616322,0.00015707659840520391,0.00015700525556520113,0.00015693401243486863,0.00015686286878363267,0.00015679182438167,0.00015672087899986373,0.00015665003240983245,0.00015657928438390147,0.00015650863469512954,0.00015643808311727989,0.00015636762942482536,0.00015629727339295442,0.00015622701479755833,0.0001561568534152272,0.00015608678902326325,0.00015601682139965343,0.00015594695032308852,0.00015587717557294804,0.00015580749692931011,0.0001557379141729256,0.0001556684270852424,0.00015559903544838378,0.0001555297390451561,0.00015546053765904346,0.00015539143107419644,0.000155322419075447,0.00015525350144829375,0.00015518467797889533,0.00015511594845408228,0.00015504731266134623,0.00015497877038883596,0.00015491032142535234,0.0001548419655603549,0.00015477370258395779,0.00015470553228691638,0.0001546374544606413,0.00015456946889718106,0.00015450157538922387,0.00015443377373010968,0.00015436606371379755,0.0001542984451348927,0.00015423091778863046,0.00015416348147087214,0.0001540961359781135,0.00015402888110746727,0.00015396171665667266,0.0001538946424240896,0.00015382765820869422,0.00015376076381007348,0.00015369395902843741,0.00015362724366459776,0.00015356061751997918,0.00015349408039661596,0.00015342763209713633,0.00015336127242478095,0.00015329500118338224,0.00015322881817737098,0.00015316272321177831,0.00015309671609222122,0.00015303079662491018,0.0001529649646166409,0.00015289921987480265,0.0001528335622073596,0.00015276799142286364,0.0001527025073304401,0.00015263710973979514,0.00015257179846120988,0.0001525065733055426,0.00015244143408421694,0.0001523763806092214,0.0001523114126931193,0.0001522465301490347,0.00015218173279065087,0.00015211702043221894,0.0001520523928885398,0.00015198784997497533,0.00015192339150744098,0.0001518590173024021,0.00015179472717687602,0.00015173052094842384,0.00015166639843516014,0.00015160235945573458,0.00015153840382934092,0.0001514745313757137,0.00015141074191513202,0.0001513470352683975,0.00015128341125685387,0.00015121986970237535,0.00015115641042736066,0.00015109303325474584,0.000151029738007985,0.00015096652451105974,0.0001509033925884705,0.0001508403420652413,0.00015077737276691583,0.0001507144845195449,0.00015065167714970368,0.00015058895048447604,0.00015052630435145363,0.0001504637393445145,0.00015040125442668858,0.00015033884949139514,0.00015027652438951081,0.00015021427895766813,0.0001501521130232622,0.00015009002643004177,0.00015002801900540632,0.00014996609058115046,0.00014990424099068866,0.00014984247006901685,0.00014978077764786935,0.0001497191635608781,0.00014965762764627508,0.00014959616973604387,0.00014953478966575794,0.00014947348727148142,0.00014941226238972976,0.00014935111485750945,0.00014929004451228546,0.00014922905119201443,0.0001491681347326608,0.00014910729497537574,0.00014904653175896256,0.00014898584492245538,0.0001489252343075177,0.00014886469975474215,0.00014880424110101688,0.00014874385819955448,0.00014868355088537954,0.00014862331900104776,0.0001485631623895668,0.00014850308089439136,0.000148443074359432,0.00014838314262903148,0.0001483232855479986,0.0001482635029615762,0.0001482037947154445,0.00014814416065574458,0.0001480846006290425,0.00014802511448242788,0.0001479657020631956,0.00014790636321930034,0.0001478470977957598,0.00014778790566642936,0.0001477287866401946,0.00014766974058530948,0.00014761076734807875,0.00014755186678245587,0.00014749303873920553,0.00014743428306994148,0.00014737559962613473,0.00014731698826004426,0.00014725844882413705,0.0001471999811756454,0.00014714158516386468,0.00014708326064681815,0.0001470250074670494,0.0001469668254902191,0.0001469087145643617,0.0001468506745495643,0.00014679270530112545,0.00014673480667982307,0.00014667697853679732,0.00014661922072970813,0.00014656153311606043,0.00014650391554944312,0.00014644636791397305,0.00014638889002722573,0.0001463314817693261,0.00014627414299921276,0.00014621687357585647,0.00014615967335263795,0.00014610254220162215,0.0001460454799795534,0.00014598848654464564,0.00014593156176546614,0.00014587470550049913,0.00014581791761135608,0.0001457611979631854,0.00014570454641928344,0.00014564796283953675,0.00014559144709080896,0.00014553499903788153,0.00014547861854325247,0.00014542230547553132,0.00014536605969744752,0.0001453098810752713,0.00014525376947418175,0.00014519772476356425,0.0001451417468103012,0.0001450858354873868,0.0001450299906570925,0.00014497421218761066,0.0001449184999456987,0.00014486285380336644,0.0001448072736365646,0.0001447517593015203,0.00014469631067843473,0.00014464092762648905,0.00014458561001514986,0.00014453035773165162,0.0001444751706433503,0.00014442004861654257,0.00014436499152462143,0.0001443099992340779,0.00014425507162383182,0.00014420020856674784,0.00014414540992823262,0.00014409067559970927,0.00014403600545892582,0.00014398139934923454,0.0001439268571635696,0.00014387237877683503,0.00014381796406560582,0.0001437636129054879,0.0001437093251749488,0.00014365510074220746,0.00014360093949388207,0.0001435468413056258,0.00014349280605462957,0.00014343883361463716,0.00014338492386610784,0.00014333107668752242,0.00014327729195778684,0.000143223569554325,0.000143169909362046,0.0001431163112574202,0.00014306277511836756,0.0001430093008274101,0.00014295588826304537,0.00014290253730841676,0.00014284924782754393,0.00014279601972436216,0.00014274285289005566,0.00014268974718633493,0.0001426367025112475,0.00014258371873962196,0.00014253079575514318,0.00014247793344076922,0.0001424251316819196,0.00014237239036218085,0.00014231970936688036,0.00014226708857995282,0.00014221452788345656,0.00014216202716606127,0.0001421095863135882,0.00014205720521213007,0.00014200488374807745,0.0001419526218082083,0.00014190041927954634,0.0001418482760493547,0.00014179619201122343,0.00014174416704116992,0.00014169220103928728,0.0001416402938717499,0.00014158844544370715,0.00014153665564430683,0.00014148492436304584,0.00014143325148932104,0.00014138163692658823,0.00014133008053864867,0.00014127858222910046,0.00014122714190277404,0.00014117575943572432,0.00014112443472045797,0.00014107316764872525,0.00014102195811249452,0.00014097080600392596,0.00014091971121563417,0.00014086867364046163,0.0001408176931714531,0.00014076676970192556,0.00014071590312550472,0.00014066509333618424,0.00014061434022812544,0.00014056364369579655,0.00014051300363388918,0.00014046241991859154,0.00014041189246437807,0.0001403614211664848,0.0001403110059381416,0.00014026064665824154,0.00014021034322311368,0.00014016009552933858,0.00014010990347382114,0.00014005976695382485,0.0001400096858666753,0.00013995966011005607,0.00013990968958198032,0.00013985977418057855,0.00013980991380439445,0.00013976010833338803,0.0001397103576856109,0.0001396606617600669,0.00013961102045665106,0.00013956143367523365,0.00013951190131535225,0.00013946242329597762,0.0001394129994991854,0.0001393636298241508,0.00013931431417404488,0.00013926505245106575,0.00013921584455295572,0.00013916669038382853,0.00013911758984323826,0.00013906854283597642,0.00013901954924881057,0.00013897060900045172,0.00013892172199407994,0.00013887288813328914,0.00013882410732100783,0.00013877537946129612,0.00013872670445827046,0.00013867808221607918,0.00013862951263946062,0.00013858099563292598,0.00013853253110166674,0.0001384841189505993,0.00013843575908576604,0.00013838745141207028,0.0001383391958359336,0.00013829099226399003,0.00013824284060205572,0.00013819474075680495,0.00013814669263533723,0.00013809869614481428,0.00013805075119233224,0.00013800285768560298,0.00013795501553282293,0.00013790722464153489,0.00013785948492009192,0.00013781179627737954,0.00013776415862174664,0.00013771657186221486,0.00013766903591898161,0.00013762155068876682,0.0001375741160776778,0.00013752673200853426,0.00013747939834823746,0.0001374321150794,0.0001373848820752665,0.00013733769926790765,0.0001372905665384297,0.00013724348378196338,0.00013719645095383725,0.00013714946794592285,0.00013710253467273564,0.0001370556510425746,0.00013700881696932196,0.00013696203236646513,0.00013691529714625317,0.00013686861122191228,0.00013682197450197675,0.00013677538690423684,0.00013672884834924382,0.00013668235873710489,0.0001366359180097451,0.00013658952605162972,0.00013654318278610655,0.00013649688812824434,0.00013645064199205732,0.00013640444429367665,0.00013635829494816357,0.00013631219387061767,0.00013626614097680996,0.00013622013618186244,0.000136174179402827,0.0001361282705592067,0.0001360824095613091,0.00013603659633124165,0.0001359908307847742,0.0001359451128298544,0.00013589944239118294,0.00013585381938623255,0.00013580824373849457,0.0001357627153639899,0.0001357172341739196,0.0001356718000868072,0.00013562641302593677,0.00013558107290570148,0.0001355357796384436,0.00013549053315271207,0.00013544533336693385,0.00013540018020409704,0.0001353550735822434,0.00013531001341263507,0.0001352649996255534,0.00013522003213734763,0.00013517511085806244,0.00013513023573252675,0.00013508540666886255,0.0001350406235881156,0.00013499588641152098,0.00013495119505587246,0.00013490654944490075,0.00013486194950432665,0.00013481739516156663,0.00013477288633183124,0.00013472842293739393,0.0001346840048972726,0.00013463963214406516,0.00013459530459276035,0.00013455102216627205,0.00013450678478815978,0.0001344625923822025,0.00013441844487483597,0.0001343743421873965,0.00013433028424484023,0.00013428627097122962,0.00013424230229051295,0.00013419837812730112,0.00013415449840690195,0.00013411066305457685,0.00013406687199704707,0.00013402312515549232,0.00013397942245526082,0.00013393576382515968,0.00013389214918357038,0.00013384857846896695,0.00013380505158623742,0.00013376156848762927,0.00013371812909107844,0.00013367473332189596,0.0001336313811054214,0.0001335880723683937,0.0001335448070386192,0.00013350158504633113,0.00013345840630740635,0.00013341527076274074,0.00013337217833503466,0.00013332912895000883,0.000133286122539765,0.00013324315903217467,0.00013320023835761933,0.00013315736044210673,0.00013311452521452613,0.00013307173260381186,0.00013302898253767182,0.00013298627494783718,0.0001329436097629297,0.0001329009869123138,0.00013285840632596064,0.0001328158679342744,0.00013277337166707083,0.0001327309174568334,0.0001326885052325592,0.00013264613492455584,0.00013260380647164775,0.00013256151978448583,0.00013251927480795468,0.00013247707147115507,0.00013243490970149324,0.00013239278944175047,0.00013235071061658616,0.000132308673157077,0.00013226667699666155,0.00013222472206868185,0.0001321828083015784,0.00013214093563200651,0.00013209910399282365,0.00013205731332068045,0.00013201556354100892,0.00013197385458106395,0.0001319321863822789,0.00013189055887813972,0.0001318489720022412,0.00013180742568827782,0.00013176591987034352,0.00013172445448235675,0.00013168302945857775,0.00013164164473410215,0.00013160030024210117,0.00013155899592263425,0.00013151773171967101,0.00013147650753869076,0.00013143532332854382,0.00013139417904252463,0.00013135307458331637,0.0001313120099197563,0.00013127098495508031,0.0001312299996563539,0.00013118905392902255,0.0001311481477356934,0.00013110728098948197,0.00013106645363601162,0.00013102566561384795,0.00013098491686060638,0.0001309442073127523,0.00013090353691551205,0.0001308629055894596,0.0001308223132883019,0.00013078175993497677,0.00013074124547331466,0.00013070076984101662,0.00013066033296713593,0.0001306199347984131,0.00013057957527352448,0.0001305392543297108,0.000130498971914651,0.0001304587279580309,0.0001304185223985449,0.0001303783551589363,0.000130338226210255,0.0001302981354755396,0.00013025808289240397,0.00013021806840161714,0.00013017809194307465,0.00013013815345682073,0.00013009825288207047,0.00013005839016089763,0.00013001856523023935,0.00012997877802585153,0.00012993902847978808,0.00012989931655754526,0.00012985964219286076,0.00012982000532277786,0.0001297804058866746,0.00012974084382594362,0.00012970131908414788,0.0001296618315975426,0.00012962238130973994,0.00012958296816077526,0.00012954359209506856,0.00012950425304943344,0.0001294649509730621,0.00012942568579834594,0.00012938645747720079,0.000129347265948385,0.0001293081111405623,0.0001292689930316314,0.0001292299115346136,0.00012919086659897373,0.0001291518581665742,0.0001291128861587361,0.00012907395058091759,0.00012903505132467734,0.00012899618834126062,0.00012895736158216427,0.00012891857098820138,0.00012887981650099205,0.00012884109807458085,0.00012880241563837,0.00012876376913944942,0.00012872515852730397,0.00012868658374953445,0.00012864804474510067,0.00012860954143428466,0.0001285710737988635,0.00012853264177735697,0.00012849424530566317,0.0001284558843309325,0.00012841755879889084,0.00012837926864601106,0.00012834101383076853,0.0001283027943009085,0.00012826460999418416,0.0001282264608575272,0.00012818834683830482,0.00012815026788168496,0.0001281122239320145,0.00012807421493598898,0.00012803624083654693,0.00012799830158316582,0.00012796039713027735,0.00012792252741812747,0.00012788469239719615,0.00012784689200744535,0.00012780912620029942,0.00012777139493300619,0.000127733698129847,0.00012769603574943478,0.00012765840774082892,0.0001276208140524708,0.00012758325462894005,0.00012754572941547066,0.00012750823837127422,0.0001274707814354192,0.00012743335853751078,0.0001273959696652183,0.00012735861474774782,0.00012732129374118777,0.0001272840065812473,0.00012724675321607913,0.00012720953361865597,0.00012717234770827764,0.0001271351954395758,0.00012709807676969398,0.00012706099164844345,0.00012702394002135482,0.00012698692184336224,0.00012694993705473245,0.0001269129856102436,0.00012687606746109644,0.0001268391825397826,0.0001268023308276792,0.00012676551225813485,0.00012672872678229938,0.0001266919743728222,0.00012665525493680996,0.00012661856845450336,0.0001265819148685423,0.00012654529412920308,0.0001265087061779732,0.0001264721509758871,0.0001264356284734106,0.0001263991386232546,0.00012636268136688596,0.00012632625667086496,0.00012628986448486704,0.000126253504753514,0.0001262171774301904,0.00012618088246337718,0.00012614461980478333,0.0001261083893832491,0.0001260721912067599,0.00012603602519408645,0.00012599989130624207,0.0001259637894913408,0.0001259277197012371,0.0001258916818894949,0.0001258556760075086,0.00012581970201192596,0.00012578375984938166,0.0001257478494733312,0.00012571197084316931,0.00012567612390110874,0.00012564030862621247,0.00012560452493774488,0.00012556877279976515,0.00012553305217565013,0.00012549736301566486,0.00012546170526363086,0.0001254260788891461,0.0001253904838386056,0.00012535492006087207,0.00012531938751157568,0.00012528388615335164,0.00012524841593093312,0.00012521297680688528,0.0001251775687326213,0.00012514219166145942,0.0001251068455486674,0.0001250715303490643,0.0001250362460176073,0.000125000992508292,0.0001249657697787708,0.00012493057779931264,0.00012489541649010665,0.00012486028582488798,0.00012482518575887024,0.0001247901162460235,0.00012475507724436018,0.00012472006870959247,0.0001246850905870063,0.00012465014284928738,0.00012461522544640095,0.0001245803383304204,0.00012454548146445334,0.0001245106548083685,0.00012447585830411225,0.00012444109190966698,0.0001244063555862905,0.00012437164928954988,0.00012433697297701483,0.00012430232661119966,0.0001242677101504285,0.00012423312353199593,0.00012419856672351133,0.0001241640396844281,0.00012412954237286367,0.00012409507474489355,0.0001240606367567951,0.00012402622836955456,0.00012399184953592308,0.00012395750021635898,0.000123923180366432,0.00012388888994767556,0.00012385462891483678,0.00012382039722654036,0.00012378619483895806,0.0001237520217115587,0.00012371787780133148,0.00012368376307039593,0.000123649677476401,0.00012361562097430717,0.00012358159352576464,0.00012354759508990075,0.00012351362562217506,0.00012347968507420064,0.00012344577342095813,0.00012341189061317387,0.0001233780366118761,0.0001233442113773489,0.00012331041486578507,0.00012327664703795383,0.00012324290785284146,0.0001232091972697985,0.00012317551524837757,0.00012314186174776042,0.00012310823672180308,0.0001230746401358265,0.0001230410719465184,0.00012300753212374625,0.00012297402062712678,0.00012294053741027783,0.00012290708242851433,0.00012287365565407627,0.0001228402570406252,0.0001228068865329527,0.00012277354410941978,0.00012274022973782513,0.00012270694336965904,0.00012267368496908935,0.00012264045449195915,0.0001226072518978035,0.00012257407715597973,0.00012254093021996527,0.00012250781105324464,0.00012247471961362194,0.00012244165586493288,0.00012240861976854918,0.0001223756112857915,0.0001223426303783016,0.00012230967700750789,0.00012227675113505318,0.0001222438527211439,0.00012221098172907586,0.00012217813812069397,0.00012214532185793187,0.0001221125329027849,0.00012207977121731568,0.00012204703676552097,0.00012201432950594061,0.00012198164940270637,0.00012194899641980084,0.00012191637051824199,0.00012188377166037893,0.00012185119980867801,0.00012181865492581541,0.00012178613697399031,0.00012175364591735684,0.00012172118171778735,0.00012168874433736864,0.00012165633374138174,0.00012162394989062683,0.00012159159275006124,0.0001215592622823343,0.00012152695845132208,0.0001214946812184114,0.00012146243054434472,0.00012143020640051706,0.00012139800874347879,0.00012136583754106854,0.00012133369275790188,0.00012130157435216084,0.0001212694822964048,0.00012123741654970565,0.00012120537707468895,0.00012117336383827129,0.00012114137680205871,0.00012110941592822221,0.00012107748118806706,0.00012104557253828819,0.00012101368995059511,0.00012098183337713484,0.00012095000279574738,0.00012091819816427673,0.00012088641945146627,0.0001208546666207768,0.00012082293964222528,0.00012079123846745962,0.00012075956307210401,0.00012072791341731626,0.00012069628946595466,0.00012066469119447212,0.00012063311855216291,0.00012060157151940697,0.00012057005005433532,0.00012053855411647993,0.00012050708367966909,0.00012047563870972382,0.00012044421916278091,0.00012041282501200122,0.00012038145622762374,0.00012035011276738421,0.00012031879459807944,0.00012028750169194548,0.00012025623400832533,0.00012022499151744145,0.00012019377417890803,0.00012016258196709153,0.00012013141484527358,0.00012010027277765218,0.00012006915573125505,0.00012003806367118615,0.00012000699656905147,0.0001199759543849186,0.00011994493708317305,0.00011991394464559665,0.0001198829770290964,0.00011985203420193855,0.00011982111612611194,0.00011979022277288608,0.00011975935411262447,0.00011972851010919569,0.0001196976907240091,0.0001196668959313467,0.00011963612569953466,0.00011960537999395265,0.00011957465878073197,0.00011954396202207351,0.00011951328969741394,0.00011948264176782906,0.00011945201820112653,0.00011942141896535863,0.00011939084402375568,0.00011936029335253693,0.0001193297669096942,0.00011929926466880864,0.00011926878659742814,0.00011923833267056328,0.00011920790284981233,0.00011917749710344184,0.00011914711539949957,0.00011911675770648152,0.00011908642399254717,0.00011905611422619855,0.00011902582835759333,0.00011899556637159967,0.00011896532825619402,0.00011893511396262644,0.00011890492346286806,0.00011887475671480388,0.00011884461369845318,0.00011881449436559885,0.00011878439871751633,0.00011875432670435836,0.00011872427828700257,0.00011869425344236077,0.00011866425214623664,0.00011863427435626228,0.00011860432004829392,0.00011857438918980234,0.00011854448175117062,0.00011851459769984945,0.00011848473701574805,0.00011845489965242794,0.00011842508558644286,0.00011839529479182301,0.00011836552724606615,0.00011833578289744734,0.00011830606171863773,0.00011827636370671064,0.00011824668879287052,0.00011821703695870881,0.00011818740818591763,0.00011815780244054258,0.00011812821968650682,0.00011809865990425459,0.00011806912305371149,0.00011803960911024594,0.00011801011804974201,0.00011798064983000858,0.00011795120443506383,0.00011792178182369911,0.00011789238197156275,0.00011786300485699537,0.00011783365044286367,0.0001178043186979528,0.00011777500959773523,0.00011774572312040571,0.00011771645921438403,0.00011768721786817863,0.00011765799904951062,0.00011762880272164651,0.00011759962886531714,0.00011757047744976999,0.00011754134844238426,0.00011751224182011323,0.00011748315755126695,0.00011745409560708997,0.00011742505595905901,0.00011739603857872165,0.00011736704343753909,0.00011733807050646705,0.00011730911975781088,0.00011728019116337173,0.00011725128470118075,0.00011722240033004693,0.00011719353802836261,0.00011716469776776462,0.00011713587952035835,0.00011710708326507051,0.00011707830897591482,0.0001170495566002285,0.00011702082612596125,0.00011699211752530143,0.0001169634307705017,0.00011693476583380538,0.00011690612268759384,0.00011687750130421866,0.00011684890165611916,0.00011682032371576715,0.00011679176745568997,0.00011676323284837665,0.00011673471986651817,0.00011670622848292009,0.00011667775866987498,0.00011664931040072837,0.00011662088364781266,0.00011659247838432546,0.00011656409458304547,0.00011653573221793381,0.00011650739125505224,0.00011647907168117591,0.0001164507734616415,0.00011642249656078489,0.00011639424097392561,0.00011636600665596387,0.00011633779358409749,0.00011630960173395845,0.00011628143107667085,0.00011625328157093928,0.00011622515320536515,0.0001161970459720842,0.00011616895980933808,0.00011614089471324077,0.00011611285064080405,0.0001160848276019245,0.00011605682552836907,0.00011602884442888067,0.00011600088424448749,0.00011597294498070171,0.00011594502657837785,0.00011591712904627754,0.0001158892523284805,0.00011586139642296387,0.00011583356128922098,0.00011580574690394115,0.00011577795324181231,0.00011575018027880623,0.00011572242798703974,0.00011569469634001432,0.00011566698531503529,0.0001156392948826693,0.00011561162501767504,0.00011558397569838283,0.0001155563469017667,0.00011552873859340715,0.0001155011507528677,0.00011547358333073452,0.00011544603635133204,0.00011541850976104869,0.00011539100354698284,0.00011536351766599064,0.00011533605209879476,0.00011530860680809504,0.00011528118180836906,0.0001152537770390349,0.00011522639249073685,0.00011519902813718607,0.00011517168394977721,0.00011514435990269126,0.00011511705597301655,0.00011508977213788549,0.00011506250835033854,0.00011503526460427312,0.00011500804087204722,0.00011498083713766206,0.00011495365339866877,0.0001149264895990998,0.0001148993457323992,0.0001148722217544794,0.00011484511763248205,0.00011481803336940388,0.00011479096893708746,0.000114763924303638,0.00011473689944579812,0.00011470989434250644,0.00011468290896575614,0.0001146559432906314,0.00011462899729507497,0.00011460207093378627,0.00011457516422562815,0.00011454827712871546,0.00011452140961252052,0.00011449456165849476,0.00011446773323919268,0.00011444092433277065,0.00011441413491558763,0.00011438736496466693,0.00011436061445517489,0.00011433388336421952,0.00011430717166829835,0.00011428047934392158,0.00011425380636778837,0.00011422715271646618,0.00011420051836307229,0.00011417390329149836,0.0001141473074748004,0.00011412073088940427,0.00011409417351300905,0.00011406763532203835,0.00011404111629340346,0.00011401461640404934,0.000113988135630963,0.00011396167395116728,0.00011393523134172463,0.00011390880777973453,0.00011388240324233806,0.00011385601770671076,0.00011382965115007457,0.00011380330354968053,0.00011377697488282165,0.00011375066512683459,0.0001137243742590837,0.00011369810225697961,0.0001136718490979831,0.00011364561475954613,0.00011361939921920789,0.00011359320245454816,0.00011356702444311954,0.00011354086516257762,0.00011351472459059904,0.00011348860270488978,0.00011346249948319403,0.00011343641490329925,0.00011341034894302824,0.00011338430158023496,0.00011335827279281914,0.00011333226255870872,0.00011330627085587404,0.00011328029766232433,0.00011325434295609703,0.00011322840671527419,0.00011320248891797015,0.00011317658954233737,0.00011315070856656367,0.00011312484596887683,0.00011309900172753434,0.00011307317582083302,0.00011304736822710995,0.00011302157892473233,0.0001129958078921042,0.00011297005510766695,0.00011294432054955947,0.0001129186041962097,0.00011289290601934354,0.00011286722601096172,0.00011284156413107908,0.00011281592038533688,0.00011279029473804779,0.00011276468715252426,0.0001127390976376751,0.00011271352614222484,0.00011268797266029866,0.00011266243717071194,0.00011263691965211614,0.00011261142008330692,0.00011258593844381348,0.00011256047471211309,0.00011253502886775087,0.0001125096008889278,0.0001124841907555092,0.00011245879844657345,0.00011243342394102738,0.00011240806721818986,0.00011238272825728166,0.00011235740703745785,0.00011233210353840278,0.00011230681773940601,0.00011228154961932869,0.00011225629915790131,0.00011223106633496243,0.00011220585112972921,0.00011218065352144865,0.00011215547348953534,0.00011213031101341217,0.0001121051660737482,0.0001120800386499219,0.00011205492872104623,0.0001120298362674274,0.00011200476126862373,0.00011197970370445878,0.00011195466355388708,0.00011192964079735166,0.00011190463541485053,0.0001118796473862757,0.00011185467669166439,0.00011182972331100945,0.0001118047872469598,0.00011177986843360944,0.0001117549668742002,0.00011173008256494342,0.00011170521545431617,0.00011168036553761316,0.00011165553279585736,0.00011163071720844102,0.00011160591875629203,0.00011158113743132316,0.0001115563732144135,0.00011153162604952221,0.00011150689596065343,0.00011148218289969445,0.0001114574868717474,0.00011143280783981817,0.00011140814578424888,0.00011138350068978892,0.00011135887253701886,0.00011133426129415603,0.00011130966696234692,0.00011128508950214132,0.00011126052891404197,0.00011123598516884016,0.00011121145824788139,0.00011118694811797298,0.0001111624547822763,0.0001111379782175139,0.0001111135183951298,0.00011108907530073796,0.0001110646489154169,0.00011104023921346031,0.0001110158461891088,0.00011099146981674483,0.00011096711007115077,0.00011094276694210372,0.0001109184404123701,0.00011089413045662276,0.00011086983706476302,0.00011084556020838184,0.00011082129987720262,0.00011079705603125136,0.00011077282867303987,0.00011074861777825538,0.00011072442332137545,0.00011070024529458967,0.00011067608368220073,0.00011065193846920108,0.0001106278096265773,0.0001106036971334853,0.00011057960097836298,0.00011055552112557916,0.0001105314575716577,0.0001105074102997186,0.00011048337929257197,0.00011045936453037615,0.00011043536598646728,0.00011041138365787299,0.00011038741751148534,0.00011036346753466548,0.00011033953371521017,0.00011031561602303325,0.00011029171444647056,0.00011026782896710367,0.00011024395956665195,0.0001102201062341326,0.00011019626893821691,0.00011017244766735996,0.00011014864240381378,0.000110124853127289,0.00011010107982459199,0.00011007732247567124,0.0001100535810623037,0.00011002985556719481,0.00011000614597229166,0.0001099824522599405,0.00010995877441111853,0.0001099351124108889,0.00010991146623988237,0.00010988783588308456,0.00010986422131998497,0.00010984062253201502,0.00010981703950304922,0.00010979347220065138,0.00010976992063324936,0.00010974638477684156,0.00010972286460972002,0.0001096993601153604,0.00010967587127371142,0.00010965239807071008,0.0001096289404849933,0.00010960549850893489,0.00010958207209916246,0.00010955866126947143,0.00010953526599025494,0.00010951188624406539,0.00010948852200139253,0.0001094651732730991,0.00010944184002633399,0.00010941852224455929,0.00010939521991167344,0.00010937193301182448,0.00010934866152601681,0.00010932540543727349,0.00010930216472864226,0.00010927893938319807,0.0001092557293840467,0.00010923253471430738,0.00010920935535714321,0.00010918619129573305,0.00010916304251327289,0.00010913990899300746,0.0001091167907181903,0.00010909368767241494,0.00010907059983628965,0.0001090475271951651,0.00010902446973051271,0.00010900142742956673,0.00010897840028814868,0.00010895538826085774,0.00010893239134797422,0.00010890940953047622,0.00010888644279276991,0.0001088634911185517,0.00010884055448983432,0.00010881763289132383,0.00010879472630895095,0.00010877183474750597,0.00010874895814214994,0.00010872609651445218,0.00010870324982231115,0.00010868041806238551,0.00010865760121843132,0.00010863479927422148,0.00010861201221357699,0.00010858924002034781,0.00010856648268185251,0.00010854374017850091,0.00010852101249420414,0.00010849829961292617,0.0001084756015151654,0.00010845291819179095,0.00010843024963537856,0.00010840759581805937,0.0001083849567117019,0.00010836233232757581,0.00010833972263353318,0.0001083171275982487,0.00010829454722714195,0.0001082719814881879,0.00010824943038130297,0.00010822689389117751,0.000108204372040386,0.00010818186472867708,0.00010815937199344372,0.00010813689379535928,0.000108114430163493,0.00010809198102914628,0.00010806954639719664,0.00010804712625229032,0.00010802472056223109,0.0001080023293276837,0.00010797995253194876,0.00010795759016230586,0.00010793524220058451,0.00010791290863269772,0.00010789058944324008,0.00010786828461849402,0.00010784599414136582,0.00010782371799629335,0.0001078014561679975,0.00010777920864159848,0.00010775697540132979,0.0001077347564318819,0.00010771255171873324,0.00010769036124281998,0.00010766818499608353,0.00010764602295989728,0.000107623875118442,0.00010760174145758923,0.0001075796219606244,0.00010755751661454138,0.00010753542540295113,0.0001075133483008575,0.00010749128529898121,0.00010746923640513956,0.00010744720158442715,0.00010742518082484338,0.00010740317409481215,0.00010738118140664919,0.00010735920273511273,0.00010733723806441588,0.00010731528737875911,0.00010729335066433614,0.00010727142790586021,0.00010724951908856693,0.00010722762419746814,0.00010720574321633952,0.00010718387613423711,0.00010716202293427721,0.00010714018360027575,0.0001071183581214037,0.00010709654647162704,0.00010707474865493047,0.00010705296464684895,0.00010703119443686843,0.00010700943800465748,0.00010698769533794183,0.0001069659664232677,0.00010694425124677136,0.00010692254979319174,0.00010690086203442985,0.00010687918798379012,0.0001068575276076248,0.0001068358809137155,0.0001068142478568866,0.00010679262842715386,0.00010677102262218737,0.00010674943042623898,0.00010672785182360042,0.00010670628680022,0.00010668473534186571,0.00010666319743437365,0.00010664167306180479,0.00010662016221158903,0.00010659866486979844,0.00010657718102387339,0.00010655571066197003,0.00010653425376054898,0.00010651281031283158,0.00010649138032523212,0.00010646996374561978,0.00010644856057115764,0.000106427170797926,0.00010640579440398803,0.00010638443137370247,0.00010636308169861429,0.00010634174537298452,0.00010632042236636898,0.00010629911268078389,0.00010627781628961732,0.00010625653317818753,0.00010623526333690235,0.00010621400675552341,0.00010619276342647587,0.00010617153331790653,0.00010615031643647407,0.00010612911276024069,0.00010610792227097254,0.00010608674493657965,0.00010606558077438641,0.00010604442976087309,0.00010602329188232247,0.000106002167145061,0.00010598105549304374,0.0001059599569416602,0.0001059388714687127,0.00010591779905942289,0.00010589673969114552,0.00010587569336996588,0.00010585466008213466,0.00010583363980784016,0.00010581263253209583,0.00010579163824387647,0.00010577065692695172,0.00010574968856829366,0.00010572873317922722,0.00010570779070555227,0.00010568686115079808,0.0001056659445009328,0.0001056450407498423,0.00010562414987652054,0.0001056032718680865,0.00010558240671553501,0.00010556155440767664,0.0001055407149249379,0.00010551988825689232,0.0001054990743904483,0.00010547827332810124,0.00010545748502631345,0.00010543670948642519,0.000105415946695868,0.00010539519664190304,0.00010537445931125801,0.00010535373469092464,0.0001053330227662216,0.00010531232353016751,0.00010529163696470596,0.00010527096305295412,0.00010525030179354995,0.00010522965316447638,0.00010520901715465799,0.00010518839375354622,0.00010516778295119404,0.00010514718472554426,0.00010512659907141853,0.00010510602597013795,0.00010508546541469622,0.0001050649173885051,0.00010504438189715946,0.00010502385889635318,0.00010500334838835947,0.00010498285036109494,0.00010496236479415689,0.00010494189168903951,0.00010492143102752932,0.00010490098279485875,0.00010488054697951099,0.00010486012357021834,0.00010483971255200494,0.00010481931391359645,0.00010479892763566726,0.00010477855371288276,0.00010475819214599137,0.00010473784290230442,0.0001047175059735265,0.00010469718134571708,0.00010467686901806186,0.00010465656896647706,0.00010463628118727627,0.00010461600565680935,0.0001045957423832182,0.00010457549133466163,0.00010455525250513966,0.0001045350258817546,0.00010451481145359243,0.00010449460920769367,0.00010447441913195416,0.0001044542412181608,0.00010443407545651705,0.00010441392181807308,0.00010439378030929832,0.00010437365090126047,0.00010435353360392406,0.00010433342837672207,0.0001043133352250163,0.00010429325413442342,0.00010427318509070398,0.00010425312808635038,0.00010423308310707156,0.00010421305014089068,0.00010419302917590637,0.00010417302022874727,0.00010415302323037076,0.0001041330381973634,0.0001041130651179102,0.00010409310400642936,0.00010407315479830887,0.00010405321750605883,0.0001040332921220082,0.00010401337864962737,0.00010399347704069001,0.00010397358730420481,0.0001039537094266799,0.00010393384339441688,0.00010391398919721769,0.00010389414684567046,0.0001038743162853337,0.00010385449752443159,0.00010383469055172856,0.00010381489535772269,0.00010379511193064077,0.00010377534025525246,0.00010375558032086433,0.00010373583213397147,0.00010371609565229322,0.00010369637087527295,0.00010367665780065131,0.00010365695642083662,0.00010363726670509724,0.00010361758865231592,0.00010359792225096581,0.00010357826748122993,0.00010355862433757308,0.00010353899283076607,0.00010351937292136704,0.00010349976459814731,0.00010348016786461613,0.00010346058269469028,0.00010344100907528938,0.00010342144700364426,0.00010340189648721836,0.00010338235747593158,0.00010336282997519592,0.00010334331397701445,0.00010332380947936624,0.00010330431645969883,0.0001032848349026283,0.00010326536481181081,0.00010324590616928309,0.00010322645895091422,0.00010320702315868207,0.00010318759878028569,0.00010316818580189732,0.00010314878421584424,0.00010312939399920427,0.00010311001515980696,0.00010309064767975074,0.0001030712915551408,0.00010305194675668114,0.00010303261329652447,0.00010301329112876118,0.00010299398027197471,0.00010297468070362882,0.00010295539241511563,0.0001029361153971722,0.00010291684963947691,0.0001028975951259589,0.00010287835184523875,0.00010285911979563688,0.00010283989895751429,0.0001028206893218562,0.00010280149090201817,0.00010278230364605404,0.00010276312756249284,0.00010274396263815501,0.00010272480886189557,0.00010270566622761931,0.00010268653472806754,0.00010266741433965556,0.00010264830505843386,0.00010262920687522181,0.00010261011978307674,0.00010259104376016442,0.00010257197880187331,0.00010255292489588761,0.00010253388202443235,0.00010251485019333038,0.00010249582938325844,0.00010247681958528585,0.0001024578207892139,0.00010243883298228513,0.00010241985615133607,0.00010240089029069567,0.00010238193538903208,0.00010236299143532652,0.00010234405842240342,0.00010232513633251272,0.0001023062251596917,0.00010228732489120785,0.00010226843550807796,0.00010224955702144296,0.0001022306894093609,0.00010221183266179974,0.0001021929867678118,0.00010217415171620953,0.00010215532749887017,0.0001021365141085873,0.00010211771152681914,0.00010209891974656622,0.00010208013876759743,0.00010206136856120923,0.00010204260912843988,0.00010202386046305173,0.00010200512253930558,0.00010198639535513488,0.00010196767890222355,0.00010194897317046727,0.0001019302781529473,0.00010191159383069914,0.00010189292019365233,0.00010187425723991708,0.0001018556049568288,0.0001018369633323271,0.00010181833235759004,0.00010179971202004536,0.0001017811023118945,0.00010176250322278302,0.00010174391474348917,0.00010172533686219079,0.00010170676957082335,0.0001016882128577428,0.00010166966671267887,0.0001016511311285207,0.00010163260609086183,0.00010161409159281792,0.00010159558762818245,0.00010157709417738073,0.00010155861123663594,0.00010154013879580381,0.00010152167684466948,0.00010150322537158341,0.00010148478436585991,0.00010146635382177492,0.00010144793372630247,0.00010142952407176086,0.00010141112484707405,0.0001013927360438834,0.00010137435764981194,0.00010135598965563531,0.00010133763205279462,0.00010131928483305881,0.00010130094798264901,0.0001012826214963308,0.00010126430535983919,0.00010124599956675884,0.00010122770410639634,0.00010120941897104385,0.00010119114414644646,0.00010117287962508008,0.00010115462539566444,0.00010113638145333595,0.00010111814778591151,0.00010109992438470981,0.00010108171123956338,0.0001010635083385661,0.00010104531567411047,0.00010102713323788499,0.00010100896101334462,0.0001009907990006521,0.00010097264718098133,0.00010095450555837104,0.00010093637411255933,0.00010091825282843906,0.00010090014171299876,0.00010088204074801301,0.0001008639499263072,0.00010084586923319966,0.00010082779866298083,0.00010080973820612027,0.00010079168785786847,0.0001007736475817174,0.00010075561741055056,0.0001007375973153382,0.00010071958728546442,0.0001007015873140234,0.0001006835973893585,0.00010066561750449621,0.00010064764764661811,0.00010062968781052242,0.00010061173798541036,0.00010059379815550902,0.00010057586832334977,0.00010055794847413955,0.00010054003859951322,0.0001005221386873658,0.00010050424873010464,0.0001004863687210756,0.00010046849864900746,0.00010045063849985474,0.00010043278826203054,0.00010041494794279755,0.00010039711752683057,0.00010037929700491096,0.00010036148635815295,0.00010034368558911442,0.00010032589468358007,0.00010030811361871441,0.00010029034241460352,0.00010027258104618285,0.00010025482950231038,0.00010023708778184632,0.00010021935586344922,0.00010020163375334125,0.00010018392143488567,0.00010016621889441063,0.00010014852613161144,0.00010013084313248731,0.00010011316989031135,0.0001000955063969518,0.00010007785264209443,0.0001000602086128671,0.00010004257430771959,0.00010002494971556929,0.00010000733482456587,9.998972962733726e-05,9.997213411338107e-05,9.995454827684166e-05,9.993697210794986e-05,9.99194055952556e-05,9.990184873455528e-05,9.988430151470336e-05,9.986676392635023e-05,9.984923595973635e-05,9.983171760407668e-05,9.981420885680729e-05,9.979670970751974e-05,9.977922014274619e-05,9.976174016343688e-05,9.974426975276295e-05,9.972680890481227e-05,9.970935760812721e-05,9.969191585847858e-05,9.96744836472812e-05,9.965706096448521e-05,9.96396478001519e-05,9.962224414527813e-05,9.960484998832153e-05,9.958746532897496e-05,9.957009014995061e-05,9.955272444594923e-05,9.953536821437855e-05,9.951802144298003e-05,9.950068411922199e-05,9.948335624105117e-05,9.946603779301568e-05,9.944872877313564e-05,9.94314291676326e-05,9.941413896669447e-05,9.93968581622001e-05,9.937958675309927e-05,9.936232472629021e-05,9.934507207215333e-05,9.932782878340472e-05,9.931059485459143e-05,9.929337027292467e-05,9.927615503127757e-05,9.925894912145286e-05,9.924175253349893e-05,9.922456526360002e-05,9.920738729917256e-05,9.919021863404197e-05,9.917305925800135e-05,9.915590916190426e-05,9.913876834237903e-05,9.912163678570728e-05,9.910451448791697e-05,9.908740143705514e-05,9.907029762787132e-05,9.90532030501982e-05,9.903611769118746e-05,9.901904155297266e-05,9.900197462173603e-05,9.898491688960149e-05,9.896786834718779e-05,9.895082898752895e-05,9.893379879751001e-05,9.891677777753164e-05,9.889976591541786e-05,9.888276320077148e-05,9.886576962900492e-05,9.884878519325857e-05,9.88318098816444e-05,9.881484368594796e-05,9.879788660142865e-05,9.878093861601205e-05,9.876399972512346e-05,9.874706991947742e-05,9.873014919092312e-05,9.871323753102561e-05,9.869633493145137e-05,9.867944138412135e-05,9.866255688245992e-05,9.864568141627168e-05,9.862881497650332e-05,9.861195755899569e-05,9.859510915487221e-05,9.857826975515321e-05,9.856143935049806e-05,9.854461793593778e-05,9.85278055020564e-05,9.851100204063305e-05,9.849420754627374e-05,9.847742200443907e-05,9.846064541372086e-05,9.844387776333469e-05,9.842711904659653e-05,9.841036925466499e-05,9.839362838012019e-05,9.837689640968882e-05,9.836017334656288e-05,9.834345917492938e-05,9.832675388829303e-05,9.83100574829801e-05,9.829336994723169e-05,9.827669127681009e-05,9.82600214577733e-05,9.82433604862096e-05,9.822670835426862e-05,9.821006505570506e-05,9.819343057706043e-05,9.817680491558306e-05,9.81601880604687e-05,9.814358000775255e-05,9.812698074611865e-05,9.811039027053452e-05,9.809380857212267e-05,9.80772356434625e-05,9.806067147610964e-05,9.804411605466154e-05,9.802756938463382e-05,9.801103146452251e-05,9.799450228629938e-05,9.797798181390111e-05,9.796147005739564e-05,9.794496700894259e-05,9.792847265961727e-05,9.791198700499194e-05,9.789551003477706e-05,9.787904174344589e-05,9.786258211744491e-05,9.784613115959027e-05,9.782968885710213e-05,9.781325520296501e-05,9.779683019139565e-05,9.778041380938925e-05,9.776400605256533e-05,9.77476069134012e-05,9.773121638392876e-05,9.77148344569467e-05,9.769846112563239e-05,9.768209638196247e-05,9.766574021789908e-05,9.7649392623179e-05,9.763305359794606e-05,9.761672314032961e-05,9.760040122360217e-05,9.758408784927596e-05,9.756778301138159e-05,9.755148670091212e-05,9.753519890772932e-05,9.751891963145596e-05,9.750264886266561e-05,9.74863865918823e-05,9.747013281175321e-05,9.745388751598971e-05,9.743765069629773e-05,9.742142234697262e-05,9.740520245835254e-05,9.738899102549037e-05,9.73727880396787e-05,9.735659349455944e-05,9.734040738219822e-05,9.73242296953908e-05,9.730806042707129e-05,9.72918995710502e-05,9.727574711812806e-05,9.725960306128111e-05,9.724346739355413e-05,9.722734011357093e-05,9.721122120449728e-05,9.719511066421787e-05,9.717900848372093e-05,9.716291465795024e-05,9.714682917782878e-05,9.713075203263114e-05,9.711468322239089e-05,9.709862273687975e-05,9.708257056909478e-05,9.706652671006088e-05,9.705049114610033e-05,9.703446389167362e-05,9.701844491705243e-05,9.700243420921155e-05,9.698643179650874e-05,9.697043765306123e-05,9.695445176963343e-05,9.693847414003671e-05,9.692250474707183e-05,9.690654360280597e-05,9.689059069133303e-05,9.687464600576302e-05,9.685870954021922e-05,9.684278128603698e-05,9.682686123475994e-05,9.681094938312609e-05,9.679504571897248e-05,9.677915024114619e-05,9.676326294905879e-05,9.674738381442847e-05,9.673151283925696e-05,9.671565002332457e-05,9.669979535497786e-05,9.66839488249604e-05,9.666811043439834e-05,9.66522801717373e-05,9.663645803042472e-05,9.662064400342442e-05,9.660483807891608e-05,9.658904025979064e-05,9.65732505339738e-05,9.655746889491354e-05,9.654169533638311e-05,9.652592984771174e-05,9.65101724268754e-05,9.649442306493955e-05,9.647868175557922e-05,9.646294849325095e-05,9.644722327228616e-05,9.643150608006053e-05,9.64157969126486e-05,9.640009576400435e-05,9.638440261752694e-05,9.636871748576608e-05,9.635304035144054e-05,9.633737120392235e-05,9.632171003273819e-05,9.630605685237147e-05,9.629041165650617e-05,9.627477440838454e-05,9.625914512098115e-05,9.624352378470617e-05,9.6227910391743e-05,9.621230493747198e-05,9.619670741743625e-05,9.618111781830887e-05,9.616553613837673e-05,9.614996235744927e-05,9.613439649121986e-05,9.611883852493006e-05,9.610328844761749e-05,9.608774625530462e-05,9.607221193990597e-05,9.605668550418554e-05,9.604116693890714e-05,9.60256562182734e-05,9.601015334845638e-05,9.599465832090012e-05,9.597917113354277e-05,9.596369178806451e-05,9.594822026971479e-05,9.593275656211392e-05,9.591730066460263e-05,9.59018525714826e-05,9.588641227686187e-05,9.587097977207897e-05,9.585555504936653e-05,9.584013811384645e-05,9.582472895224822e-05,9.58093275555898e-05,9.579393391887004e-05,9.577854803591093e-05,9.576316990057017e-05,9.574779950668395e-05,9.573243685977138e-05,9.571708194794668e-05,9.570173473449885e-05,9.56863952368661e-05,9.567106345261453e-05,9.565573936997829e-05,9.564042297864955e-05,9.562511427649576e-05,9.560981325444881e-05,9.559451991244191e-05,9.557923424055764e-05,9.556395623199764e-05,9.554868588108987e-05,9.55334231809127e-05,9.55181681229603e-05,9.550292070319625e-05,9.548768091813579e-05,9.547244875878734e-05,9.545722421883879e-05,9.544200729199688e-05,9.542679797195347e-05,9.541159623388082e-05,9.539640210851561e-05,9.538121558678447e-05,9.536603663520496e-05,9.535086526188544e-05,9.533570144919054e-05,9.532054519987644e-05,9.53053965071296e-05,9.529025536630462e-05,9.527512177069441e-05,9.525999571335312e-05,9.524487718639223e-05,9.52297661849298e-05,9.52146627034294e-05,9.519956673062809e-05,9.518447827451861e-05,9.516939730634064e-05,9.515432383993214e-05,9.513925784899535e-05,9.512419935340486e-05,9.510914833939272e-05,9.509410479540408e-05,9.507906872084002e-05,9.506404012554175e-05,9.504901896339672e-05,9.50340052317195e-05,9.501899894049905e-05,9.500400008046973e-05,9.498900864124253e-05,9.497402463676987e-05,9.495904804202951e-05,9.494407885667837e-05,9.492911707390143e-05,9.491416268925059e-05,9.489921569895697e-05,9.488427608999135e-05,9.486934385874416e-05,9.485441899806497e-05,9.483950150643706e-05,9.482459137753945e-05,9.480968860684268e-05,9.479479317927644e-05,9.477990509442882e-05,9.476502435049985e-05,9.47501509175441e-05,9.47352848248957e-05,9.472042605117329e-05,9.470557458820228e-05,9.469073043322022e-05,9.467589356704223e-05,9.466106400705827e-05,9.464624174017299e-05,9.463142672876715e-05,9.461661901994358e-05,9.46018185594736e-05,9.458702538735012e-05,9.457223947359874e-05,9.455746081579838e-05,9.45426894023561e-05,9.452792523705379e-05,9.451316830661763e-05,9.449841860588169e-05,9.448367612745972e-05,9.446894086833237e-05,9.445421281960565e-05,9.443949197842204e-05,9.442477833620998e-05,9.441007189083148e-05,9.439537263468016e-05,9.438068056212892e-05,9.436599569095524e-05,9.435131797270914e-05,9.433664740688338e-05,9.432198400944673e-05,9.430732776627757e-05,9.429267867111692e-05,9.427803671815656e-05,9.426340193196459e-05,9.424877424904917e-05,9.423415369178107e-05,9.421954025655564e-05,9.420493394810879e-05,9.41903347334221e-05,9.417574262050528e-05,9.416115757598841e-05,9.414657965642323e-05,9.413200881840412e-05,9.41174450601457e-05,9.410288836729551e-05,9.408833875190673e-05,9.407379620408166e-05,9.405926069679297e-05,9.404473225004543e-05,9.403021086642718e-05,9.401569651057304e-05,9.400118918742371e-05,9.398668889322059e-05,9.397219562151856e-05,9.395770936606404e-05,9.394323012498853e-05,9.39287578902411e-05,9.39142926566322e-05,9.389983441797654e-05,9.388538316897643e-05,9.387093890696224e-05,9.385650162327244e-05,9.38420713100209e-05,9.382764796449976e-05,9.38132315788509e-05,9.379882215056396e-05,9.378441967288062e-05,9.377002414044524e-05,9.375563554759738e-05,9.374125388885967e-05,9.372687915859501e-05,9.371251135234076e-05,9.36981504592594e-05,9.368379648217828e-05,9.366944940696877e-05,9.365510923654847e-05,9.364077595155836e-05,9.362644957330933e-05,9.361213006448832e-05,9.359781744340023e-05,9.35835116958496e-05,9.356921281646075e-05,9.355492080230702e-05,9.354063564308366e-05,9.352635734583036e-05,9.351208588469909e-05,9.3497821256517e-05,9.348356348297247e-05,9.346931253256684e-05,9.345506840281338e-05,9.344083109152725e-05,9.342660059473468e-05,9.341237690579407e-05,9.339816002112697e-05,9.338394993283653e-05,9.336974663832414e-05,9.33555501302632e-05,9.334136040431541e-05,9.332717745443088e-05,9.331300127574728e-05,9.329883186455554e-05,9.328466921249096e-05,9.327051332956154e-05,9.325636418215046e-05,9.324222177825306e-05,9.322808610815372e-05,9.321395717880184e-05,9.31998349771674e-05,9.318571949671713e-05,9.317161073673799e-05,9.315750868703413e-05,9.314341334464487e-05,9.312932471694446e-05,9.311524277067049e-05,9.310116752197385e-05,9.30870989556894e-05,9.307303707472847e-05,9.305898186688196e-05,9.304493334514771e-05,9.30308914661889e-05,9.301685625407465e-05,9.300282769504365e-05,9.298880578560813e-05,9.297479052210606e-05,9.29607818965845e-05,9.294677990611965e-05,9.293278454373293e-05,9.291879580301773e-05,9.290481368327004e-05,9.289083817680461e-05,9.287686927768157e-05,9.286290698133064e-05,9.284895128337263e-05,9.283500217730193e-05,9.282105965874425e-05,9.280712372229469e-05,9.279319436233836e-05,9.277927157596259e-05,9.276535535563142e-05,9.275144569708176e-05,9.273754259520397e-05,9.272364604356531e-05,9.270975603961432e-05,9.269587257330236e-05,9.268199564604426e-05,9.266812525091042e-05,9.265426138098311e-05,9.264040403331842e-05,9.262655319961511e-05,9.261270887838802e-05,9.25988710617696e-05,9.258503974627464e-05,9.257121492640002e-05,9.255739659962149e-05,9.254358475632318e-05,9.252977939439079e-05,9.2515980506906e-05,9.250218808991409e-05,9.248840214560292e-05,9.247462265763933e-05,9.246084962363721e-05,9.244708303945116e-05,9.243332290051374e-05,9.241956920411442e-05,9.240582193748164e-05,9.23920811054921e-05,9.237834669873804e-05,9.236461871592326e-05,9.235089714548241e-05,9.233718198662177e-05,9.232347323249588e-05,9.230977088007294e-05,9.229607492362411e-05,9.228238535792247e-05,9.226870217825503e-05,9.225502538009033e-05,9.224135497411625e-05,9.222769092117685e-05,9.221403323661559e-05,9.220038191314166e-05,9.218673694996754e-05,9.217309833841825e-05,9.215946606938184e-05,9.214584014207221e-05,9.213222055337383e-05,9.211860729926863e-05,9.210500037270164e-05,9.209139976861492e-05,9.207780548001876e-05,9.206421750625998e-05,9.205063583565068e-05,9.203706047095883e-05,9.20234914019827e-05,9.200992862987011e-05,9.199637214842838e-05,9.198282194925404e-05,9.196927802789812e-05,9.195574038251e-05,9.194220900612875e-05,9.192868389330157e-05,9.191516504004312e-05,9.190165244538136e-05,9.188814609921797e-05,9.18746459969045e-05,9.186115213544008e-05,9.184766451186149e-05,9.183418311819582e-05,9.182070795179052e-05,9.180723900579192e-05,9.179377627723357e-05,9.178031976039178e-05,9.176686945217638e-05,9.175342534604857e-05,9.173998743791153e-05,9.172655572311913e-05,9.171313019586483e-05,9.169971085461446e-05,9.168629769050123e-05,9.167289070254877e-05,9.165948988650006e-05,9.1646095233393e-05,9.163270674118804e-05,9.161932440422453e-05,9.160594821206978e-05,9.15925781706407e-05,9.157921427511448e-05,9.156585651087295e-05,9.155250488561873e-05,9.153915938294116e-05,9.152582002180568e-05,9.151248676164935e-05,9.149915961275224e-05,9.148583858493074e-05,9.14725236490983e-05,9.14592148160454e-05,9.144591207796655e-05,9.14326154309935e-05,9.141932486114464e-05,9.140604038318056e-05,9.139276197907533e-05,9.137948964914743e-05,9.136622338673444e-05,9.135296318766659e-05,9.133970903623215e-05,9.132646094979309e-05,9.131321891281797e-05,9.129998292075871e-05,9.128675296693417e-05,9.12735290510047e-05,9.126031116419977e-05,9.124709930530869e-05,9.123389346949747e-05,9.122069365131992e-05,9.120749984624977e-05,9.119431204980393e-05,9.118113025739095e-05,9.116795446443341e-05,9.115478466619723e-05,9.11416208589105e-05,9.112846303817087e-05,9.111531120185674e-05,9.110216533881651e-05,9.10890254474537e-05,9.107589152471646e-05,9.106276356258667e-05,9.10496415634524e-05,9.103652551849562e-05,9.10234154260648e-05,9.101031127515275e-05,9.099721307605513e-05,9.098412081197964e-05,9.097103447399745e-05,9.095795406433658e-05,9.094487957714937e-05,9.093181100753274e-05,9.091874835634938e-05,9.090569161352278e-05,9.089264077499994e-05,9.087959583976098e-05,9.08665568018904e-05,9.085352365651749e-05,9.084049639872294e-05,9.082747502533411e-05,9.08144595315304e-05,9.080144992175819e-05,9.07884461737774e-05,9.077544828472989e-05,9.07624562634003e-05,9.074947010092366e-05,9.073648981575117e-05,9.072351535724626e-05,9.071054674006485e-05,9.06975839724154e-05,9.068462703134605e-05,9.067167592357013e-05,9.065873064288068e-05,9.064579119504626e-05,9.063285755194765e-05,9.061992972589315e-05,9.060700770854975e-05,9.05940914957236e-05,9.05811810868187e-05,9.056827647124418e-05,9.05553776510548e-05,9.054248462023214e-05,9.052959737319083e-05,9.051671590677681e-05,9.05038402260872e-05,9.049097031146964e-05,9.047810615897602e-05,9.046524776555992e-05,9.045239511506403e-05,9.04395482329137e-05,9.042670710579238e-05,9.041387172448209e-05,9.040104208464191e-05,9.038821818181732e-05,9.037540001209918e-05,9.036258757315915e-05,9.034978085690383e-05,9.033697986182794e-05,9.032418458285343e-05,9.03113950093974e-05,9.02986111441975e-05,9.028583298243617e-05,9.02730605203687e-05,9.026029375360778e-05,9.024753267758224e-05,9.023477729040784e-05,9.022202758385906e-05,9.020928356115855e-05,9.019654521073527e-05,9.018381252786281e-05,9.017108551667511e-05,9.015836416342744e-05,9.014564847047149e-05,9.013293842214553e-05,9.012023402955729e-05,9.010753527332802e-05,9.009484215632267e-05,9.008215467909777e-05,9.006947283744775e-05,9.005679662688502e-05,9.004412604295492e-05,9.003146108072774e-05,9.001880173170856e-05,9.000614799600234e-05,8.999349986828353e-05,8.998085734470303e-05,8.996822042254983e-05,8.995558909604762e-05,8.994296335974706e-05,8.993034321020727e-05,8.991772864470542e-05,8.990511965863843e-05,8.989251624844804e-05,8.987991840664428e-05,8.986732613430439e-05,8.985473942487431e-05,8.98421582796081e-05,8.982958268434329e-05,8.981701264000852e-05,8.980444815757428e-05,8.979188920306744e-05,8.977933578620095e-05,8.976678790565625e-05,8.975424555556936e-05,8.974170873251353e-05,8.972917744334595e-05,8.971665165974249e-05,8.970413139194728e-05,8.969161663513494e-05,8.967910738072845e-05,8.966660363523169e-05,8.96541053866987e-05,8.964161263493912e-05,8.962912537221693e-05,8.961664358958105e-05,8.960416729935497e-05,8.959169648490964e-05,8.95792311455018e-05,8.956677127011107e-05,8.955431687092573e-05,8.954186793146657e-05,8.952942445568934e-05,8.951698643139466e-05,8.950455385685852e-05,8.949212673026535e-05,8.947970504668995e-05,8.946728880240575e-05,8.945487799382685e-05,8.944247261000364e-05,8.943007266098518e-05,8.941767813461414e-05,8.940528903096691e-05,8.939290534014418e-05,8.938052706132084e-05,8.936815419030111e-05,8.935578672405492e-05,8.934342465813456e-05,8.933106798251139e-05,8.931871670439868e-05,8.930637080843179e-05,8.929403030358416e-05,8.928169517979954e-05,8.926936543322122e-05,8.925704105926725e-05,8.924472204786929e-05,8.923240841441724e-05,8.922010013643386e-05,8.920779721538484e-05,8.91954996485316e-05,8.918320743160887e-05,8.917092056040044e-05,8.915863903253007e-05,8.914636283528913e-05,8.913409197965008e-05,8.912182645882143e-05,8.910956626113087e-05,8.909731138466555e-05,8.9085061832553e-05,8.907281759259809e-05,8.906057865891257e-05,8.904834504009185e-05,8.903611672389472e-05,8.90238937080601e-05,8.901167598876848e-05,8.899946356227513e-05,8.898725642437921e-05,8.897505457190035e-05,8.896285800180752e-05,8.895066671303029e-05,8.893848069881884e-05,8.892629995148846e-05,8.891412446859095e-05,8.890195424980654e-05,8.888978928925369e-05,8.887762958459661e-05,8.886547512961916e-05,8.885332592226349e-05,8.884118195876218e-05,8.88290441208063e-05,8.881691063076154e-05,8.880478237471464e-05,8.879265934127796e-05,8.87805415336979e-05,8.87684289477552e-05,8.875632157972058e-05,8.874421942603281e-05,8.873212248272979e-05,8.872003075319009e-05,8.870794421976125e-05,8.869586289241359e-05,8.868378676099777e-05,8.86717158230904e-05,8.865965007199865e-05,8.864758950577119e-05,8.863553412039405e-05,8.862348391186932e-05,8.86114388720905e-05,8.859939900564953e-05,8.858736430547764e-05,8.85753347693565e-05,8.856331039224049e-05,8.855129114543668e-05,8.853927707673258e-05,8.852726815677157e-05,8.851526437908056e-05,8.850326574215131e-05,8.849127224358665e-05,8.847928387848401e-05,8.846730064704852e-05,8.845532253918466e-05,8.844334955395043e-05,8.843138168453861e-05,8.841941893402812e-05,8.840746129786641e-05,8.839550876459217e-05,8.838356133636664e-05,8.837161901080165e-05,8.835968178008597e-05,8.83477496427786e-05,8.833582259282784e-05,8.832390063390945e-05,8.831198375897382e-05,8.830007196275314e-05,8.828816524363955e-05,8.827626359565215e-05,8.82643670168973e-05,8.825247550331195e-05,8.82405890510872e-05,8.82287076546893e-05,8.821683131523622e-05,8.820496002641642e-05,8.819309378622802e-05,8.818123258932592e-05,8.81693764331987e-05,8.81575253127566e-05,8.814567922700362e-05,8.813383816552564e-05,8.812200213475013e-05,8.811017112659614e-05,8.809834513327035e-05,8.808652416047893e-05,8.807470820012731e-05,8.80628972437954e-05,8.805109129304115e-05,8.803929034829924e-05,8.802749439789135e-05,8.801570344286642e-05,8.800391747899275e-05,8.799213650315286e-05,8.798036051171097e-05,8.796858950074257e-05,8.795682346792683e-05,8.794506241398255e-05,8.793330633044205e-05,8.792155521416352e-05,8.79098090612635e-05,8.789806786872524e-05,8.788633163266122e-05,8.787460035005636e-05,8.786287401724449e-05,8.78511526307906e-05,8.783943618725058e-05,8.78277246831904e-05,8.781601811518043e-05,8.780431647979089e-05,8.77926197735943e-05,8.778092799317124e-05,8.776924113510175e-05,8.775755919597267e-05,8.774588217095797e-05,8.773421006026517e-05,8.772254285825195e-05,8.77108805578879e-05,8.769922316804144e-05,8.768757067221509e-05,8.767592307074452e-05,8.766428036420797e-05,8.765264254906321e-05,8.764100961283948e-05,8.762938155616684e-05,8.761775837616383e-05,8.760614007584808e-05,8.759452664877216e-05,8.758291809061295e-05,8.757131439383047e-05,8.755971555850734e-05,8.75481215793151e-05,8.753653245384174e-05,8.752494818228786e-05,8.751336876022739e-05,8.750179417864045e-05,8.749022444040841e-05,8.747865954075842e-05,8.746709947547437e-05,8.745554424145353e-05,8.744399382339245e-05,8.743244823123936e-05,8.742090747124034e-05,8.740937151624063e-05,8.739784037487902e-05,8.738631405440015e-05,8.737479254451798e-05,8.736327584146243e-05,8.735176393974268e-05,8.734025683557105e-05,8.732875452166142e-05,8.731725700633523e-05,8.730576427894885e-05,8.729427633432425e-05,8.728279317162015e-05,8.727131478809037e-05,8.725984117715224e-05,8.724837234138899e-05,8.723690825273665e-05,8.722544894792775e-05,8.721399440699538e-05,8.720254462473962e-05,8.719109959523088e-05,8.717965932740136e-05,8.716822380371538e-05,8.715679302690825e-05,8.714536699652175e-05,8.713394569898214e-05,8.712252914068056e-05,8.711111731789985e-05,8.709971022266655e-05,8.708830785537798e-05,8.707691021136962e-05,8.706551728654763e-05,8.705412907864608e-05,8.704274557818973e-05,8.70313667937721e-05,8.701999271076323e-05,8.700862333162651e-05,8.699725866114396e-05,8.698589868996853e-05,8.697454340418817e-05,8.696319280538859e-05,8.695184690265743e-05,8.694050568063975e-05,8.692916914018491e-05,8.691783727809456e-05,8.690651009121757e-05,8.689518757631245e-05,8.68838697300346e-05,8.687255655047027e-05,8.686124803337628e-05,8.684994417557935e-05,8.683864497392762e-05,8.68273504245062e-05,8.681606052491211e-05,8.680477527265876e-05,8.6793494663734e-05,8.678221869245402e-05,8.67709473615687e-05,8.675968066423046e-05,8.674841859836069e-05,8.673716116035244e-05,8.672590834648148e-05,8.671466015386978e-05,8.670341657967364e-05,8.669217762028728e-05,8.668094327558594e-05,8.666971353800098e-05,8.665848840656092e-05,8.664726787832053e-05,8.663605194900448e-05,8.662484061690302e-05,8.661363387900959e-05,8.660243172901435e-05,8.659123416810167e-05,8.658004119076511e-05,8.656885279364442e-05,8.655766897551796e-05,8.654648973178659e-05,8.653531506130487e-05,8.652414494809113e-05,8.651297941268287e-05,8.650181844047731e-05,8.649066202295136e-05,8.64795101660236e-05,8.646836286206029e-05,8.645722011735516e-05,8.644608190886476e-05,8.643494824604575e-05,8.64238191254334e-05,8.641269454301777e-05,8.640157449574858e-05,8.639045898060307e-05,8.637934799471484e-05,8.636824153483525e-05,8.635713959805789e-05,8.634604218124088e-05,8.633494928134929e-05,8.632386089547906e-05,8.631277702049207e-05,8.630169765280644e-05,8.629062279037384e-05,8.627955242957546e-05,8.626848656889219e-05,8.625742520308331e-05,8.624636832992941e-05,8.623531594657693e-05,8.622426804989927e-05,8.621322463698022e-05,8.620218570027882e-05,8.619115124591536e-05,8.618012126445779e-05,8.616909575216798e-05,8.615807470961294e-05,8.614705813615689e-05,8.613604602556044e-05,8.61250383750726e-05,8.611403518151346e-05,8.610303644187061e-05,8.609204215341757e-05,8.608105231235323e-05,8.607006691653853e-05,8.60590859627626e-05,8.604810944948722e-05,8.603713738037393e-05,8.602616973884184e-05,8.601520652330377e-05,8.600424773490525e-05,8.599329337422713e-05,8.598234343105804e-05,8.597139789105179e-05,8.596045678338187e-05,8.594952008615811e-05,8.59385878008362e-05,8.592765992256412e-05,8.591673644916846e-05,8.59058173756074e-05,8.589490269986267e-05,8.588399241887569e-05,8.587308653045168e-05,8.586218503155461e-05,8.585128791877126e-05,8.58403951899875e-05,8.582950683396844e-05,8.581862286307574e-05,8.580774326673779e-05,8.57968680423376e-05,8.578599718676368e-05,8.577513068224382e-05,8.576426855412166e-05,8.575341078820245e-05,8.574255737981382e-05,8.573170832594291e-05,8.572086362369922e-05,8.571002327024058e-05,8.569918726386977e-05,8.568835561092396e-05,8.567752828857432e-05,8.566670530067452e-05,8.565588664777162e-05,8.564507232908223e-05,8.563426233708368e-05,8.562345667116207e-05,8.56126553294719e-05,8.560185830221792e-05,8.559106559703247e-05,8.558027720762514e-05,8.556949312893793e-05,8.555871335924836e-05,8.554793789552798e-05,8.553716673495246e-05,8.55263998747299e-05,8.551563731161015e-05,8.550487904284058e-05,8.549412506598753e-05,8.548337537813345e-05,8.547262997271773e-05,8.54618888509125e-05,8.545115201016497e-05,8.544041944682642e-05,8.542969115900889e-05,8.541896714708365e-05,8.540824741410181e-05,8.539753193842253e-05,8.538682072544834e-05,8.537611377387697e-05,8.536541108113499e-05,8.53547126439204e-05,8.53440184591553e-05,8.533332853395643e-05,8.53226428487008e-05,8.53119614080287e-05,8.530128420779696e-05,8.529061125163251e-05,8.52799425252684e-05,8.526927803172561e-05,8.525861776871031e-05,8.524796173386285e-05,8.52373099221834e-05,8.522666233412896e-05,8.521601896554691e-05,8.520537981261624e-05,8.519474487809468e-05,8.518411415144144e-05,8.517348763748458e-05,8.516286532384424e-05,8.515224721449222e-05,8.514163330711182e-05,8.513102360470059e-05,8.512041808795313e-05,8.510981675716119e-05,8.509921961492985e-05,8.508862665788187e-05,8.507803787407706e-05,8.506745328538633e-05,8.505687285954836e-05,8.504629663010703e-05,8.50357245620251e-05,8.502515667597129e-05,8.501459295754904e-05,8.500403340403652e-05,8.499347801194455e-05,8.498292676699592e-05,8.497237968091183e-05,8.496183676010195e-05,8.495129799076456e-05,8.494076337050377e-05,8.493023289518426e-05,8.491970655616621e-05,8.490918436671331e-05,8.48986663187876e-05,8.488815240736775e-05,8.487764263152496e-05,8.486713697518484e-05,8.485663544710111e-05,8.484613804536447e-05,8.483564476541799e-05,8.482515560403256e-05,8.481467055946893e-05,8.4804189628526e-05,8.479371280952297e-05,8.478324009909747e-05,8.477277149472324e-05,8.476230699423762e-05,8.47518465924585e-05,8.474139028633353e-05,8.473093807963875e-05,8.472048996383075e-05,8.471004594111354e-05,8.469960600489469e-05,8.468917015451155e-05,8.467873839052886e-05,8.466831070178373e-05,8.465788708651613e-05,8.46474675486254e-05,8.463705208233406e-05,8.462664068609097e-05,8.461623335598649e-05,8.460583008788467e-05,8.459543088189936e-05,8.45850357362936e-05,8.457464464684523e-05,8.456425761040752e-05,8.45538746254293e-05,8.454349568615413e-05,8.453312079499575e-05,8.4522749947257e-05,8.451238313950843e-05,8.450202036304289e-05,8.449166162860116e-05,8.448130692540154e-05,8.447095625224672e-05,8.44606096084663e-05,8.445026699035914e-05,8.443992839459595e-05,8.442959381980755e-05,8.441926326143772e-05,8.440893671581864e-05,8.439861418365545e-05,8.438829566099184e-05,8.437798114588347e-05,8.436767063572823e-05,8.435736412768522e-05,8.434706161871246e-05,8.433676310659201e-05,8.432646858897968e-05,8.431617805756615e-05,8.430589152093527e-05,8.42956089683066e-05,8.428533040221498e-05,8.427505581777598e-05,8.426478521239739e-05,8.425451858495423e-05,8.424425593523823e-05,8.423399725739102e-05,8.422374254184013e-05,8.421349179300411e-05,8.420324500753132e-05,8.4193002184419e-05,8.418276332062194e-05,8.417252841230482e-05,8.416229745849911e-05,8.41520704519555e-05,8.414184739862645e-05,8.413162829138586e-05,8.41214131279297e-05,8.411120190081182e-05,8.410099461697629e-05,8.409079126714933e-05,8.408059185412781e-05,8.407039637205108e-05,8.406020481948032e-05,8.405001719322617e-05,8.40398334900356e-05,8.402965372979423e-05,8.401947786670265e-05,8.400930591999133e-05,8.399913788003468e-05,8.398897375862607e-05,8.39788135463499e-05,8.396865724176453e-05,8.395850483984256e-05,8.39483563395429e-05,8.393821173823607e-05,8.392807103383928e-05,8.391793422602837e-05,8.390780130686946e-05,8.389767227719942e-05,8.388754713206108e-05,8.387742587338159e-05,8.386730849655423e-05,8.38571949993869e-05,8.384708537920976e-05,8.383697963353139e-05,8.3826877759795e-05,8.381677975616061e-05,8.380668561952809e-05,8.379659534811828e-05,8.378650893515876e-05,8.377642638576015e-05,8.376634769371701e-05,8.375627285656672e-05,8.374620187175397e-05,8.373613473780641e-05,8.372607145136985e-05,8.371601201006396e-05,8.370595640656317e-05,8.369590464898988e-05,8.368585672949955e-05,8.36758126425757e-05,8.366577239279697e-05,8.365573597887582e-05,8.364570338784778e-05,8.363567462453028e-05,8.362564968383525e-05,8.361562856320983e-05,8.36056112625292e-05,8.359559777838388e-05,8.358558810935547e-05,8.357558225111038e-05,8.356558020199798e-05,8.355558196177452e-05,8.354558752500604e-05,8.35355968903607e-05,8.352561005507899e-05,8.351562701746651e-05,8.350564777539232e-05,8.349567232586815e-05,8.348570065987892e-05,8.347573278990335e-05,8.346576871024905e-05,8.345580840730595e-05,8.344585188399279e-05,8.343589914053388e-05,8.34259501739723e-05,8.341600498775943e-05,8.340606356393154e-05,8.339612591111207e-05,8.3386192026613e-05,8.337626190573113e-05,8.336633554809671e-05,8.335641294858511e-05,8.334649410697941e-05,8.333657901983779e-05,8.332666767781977e-05,8.331676009613019e-05,8.33068562611023e-05,8.329695617164154e-05,8.328705982430849e-05,8.327716721996941e-05,8.326727835476548e-05,8.325739322354412e-05,8.324751182866739e-05,8.323763416591905e-05,8.322776023230348e-05,8.321789002583014e-05,8.3208023544792e-05,8.319816078566165e-05,8.318830174556327e-05,8.317844642406146e-05,8.316859481757272e-05,8.315874692548275e-05,8.314890274546848e-05,8.313906227244686e-05,8.312922550538702e-05,8.311939244388814e-05,8.310956309892317e-05,8.309973743954905e-05,8.308991547737864e-05,8.308009720721348e-05,8.307028263119846e-05,8.306047174727335e-05,8.305066455064257e-05,8.304086103936751e-05,8.303106121198822e-05,8.302126506554985e-05,8.301147259831516e-05,8.300168380863866e-05,8.299189869330903e-05,8.298211724948677e-05,8.297233947553597e-05,8.296256535531172e-05,8.295279491486217e-05,8.294302814112053e-05,8.293326502942348e-05,8.292350557586269e-05,8.291374977423263e-05,8.29039976308488e-05,8.289424913969535e-05,8.288450429386047e-05,8.287476309555955e-05,8.286502554248572e-05,8.285529163237372e-05,8.284556136079984e-05,8.28358347311816e-05,8.282611173722337e-05,8.281639237937682e-05,8.280667666586933e-05,8.279696456682206e-05,8.278725609822573e-05,8.277755125134688e-05,8.276785003310893e-05,8.275815240632084e-05,8.274845842167162e-05,8.273876805268576e-05,8.272908129623515e-05,8.271939815266449e-05,8.270971861890696e-05,8.270004268605786e-05,8.269037035987699e-05,8.268070164390727e-05,8.267103652681072e-05,8.266137500819034e-05,8.265171708590962e-05,8.264206275777294e-05,8.263241202157928e-05,8.262276487513947e-05,8.261312131614771e-05,8.260348134262962e-05,8.259384495217537e-05,8.258421214282693e-05,8.257458291229642e-05,8.256495725837718e-05,8.255533517891903e-05,8.2545716671727e-05,8.253610173466325e-05,8.25264903659418e-05,8.251688256072e-05,8.250727832035022e-05,8.249767763042112e-05,8.24880805107452e-05,8.247848695447818e-05,8.24688969516772e-05,8.245931050280975e-05,8.244972759835087e-05,8.244014825268816e-05,8.24305724472476e-05,8.242100017489901e-05,8.241143144079818e-05,8.240186625246151e-05,8.239230461987003e-05,8.2382746519168e-05,8.237319194286622e-05,8.236364091205975e-05,8.235409339500307e-05,8.234454940441811e-05,8.233500892954611e-05,8.232547198897114e-05,8.23159385662734e-05,8.230640866329844e-05,8.229688227522983e-05,8.228735941058417e-05,8.227784004863848e-05,8.226832419653997e-05,8.225881185397914e-05,8.224930301636605e-05,8.223979767329894e-05,8.223029583648436e-05,8.222079750196676e-05,8.221130266397662e-05,8.220181132715011e-05,8.219232347965086e-05,8.218283912088022e-05,8.217335825108803e-05,8.216388086874372e-05,8.215440696987097e-05,8.214493655317432e-05,8.213546960728706e-05,8.212600614896108e-05,8.211654616568783e-05,8.210708965774315e-05,8.209763661823904e-05,8.208818705150973e-05,8.207874095236315e-05,8.206929832029257e-05,8.205985915021878e-05,8.205042344258156e-05,8.204099119321397e-05,8.20315624148748e-05,8.202213707807272e-05,8.201271519747724e-05,8.200329676774389e-05,8.199388178371469e-05,8.198447024503236e-05,8.197506215408243e-05,8.196565750483327e-05,8.195625629760509e-05,8.19468585271478e-05,8.193746419332135e-05,8.192807329561175e-05,8.191868582874918e-05,8.190930179208532e-05,8.189992118362344e-05,8.189054400137299e-05,8.188117024327606e-05,8.187179990737566e-05,8.186243299153282e-05,8.185306949333417e-05,8.184370941132178e-05,8.183435273602786e-05,8.182499946373728e-05,8.181564961679042e-05,8.180630316740693e-05,8.179696013817493e-05,8.178762051884653e-05,8.177828429200942e-05,8.17689514662362e-05,8.175962202530252e-05,8.175029599073237e-05,8.174097334966531e-05,8.17316541013952e-05,8.17223382426918e-05,8.171302578081659e-05,8.170371669372031e-05,8.169441098986797e-05,8.168510866900072e-05,8.167580972616896e-05,8.16665141627904e-05,8.165722197269434e-05,8.164793315564816e-05,8.163864770990948e-05,8.162936563407608e-05,8.162008692528188e-05,8.161081158332681e-05,8.1601539607706e-05,8.15922709888809e-05,8.158300572938375e-05,8.157374382977558e-05,8.156448528299508e-05,8.15552300894266e-05,8.154597824710311e-05,8.153672975479277e-05,8.152748461213762e-05,8.151824281555485e-05,8.150900435971185e-05,8.14997692289238e-05,8.149053745519064e-05,8.148130901646948e-05,8.147208391329575e-05,8.146286214359057e-05,8.145364370773946e-05,8.1444428600391e-05,8.143521682022299e-05,8.142600836397758e-05,8.141680324040931e-05,8.140760142136097e-05,8.139840293218745e-05,8.138920775948711e-05,8.138001590212456e-05,8.137082735919891e-05,8.13616421274035e-05,8.135246020747237e-05,8.134328160357525e-05,8.133410629544652e-05,8.132493429210092e-05,8.131576559009058e-05,8.130660018862384e-05,8.129743808475419e-05,8.128827927702198e-05,8.127912376324988e-05,8.126997154752514e-05,8.126082261721411e-05,8.125167697479256e-05,8.124253461884266e-05,8.123339554729464e-05,8.12242597599747e-05,8.121512724903401e-05,8.120599801580598e-05,8.11968720620568e-05,8.118774938441724e-05,8.117862998444716e-05,8.116951385050913e-05,8.11604009859257e-05,8.115129138817082e-05,8.114218505229676e-05,8.113308198462483e-05,8.112398217689395e-05,8.111488562762694e-05,8.110579233729047e-05,8.109670228523233e-05,8.108761548868781e-05,8.10785319591207e-05,8.10694516817349e-05,8.106037464722664e-05,8.10513008619239e-05,8.104223032124542e-05,8.103316302206036e-05,8.102409895823438e-05,8.101503813801451e-05,8.100598057367261e-05,8.09969262451999e-05,8.098787513639265e-05,8.097882725013254e-05,8.096978259318115e-05,8.096074115560336e-05,8.095170293928385e-05,8.094266793900083e-05,8.09336361800488e-05,8.092460764070217e-05,8.091558231538343e-05,8.09065602134763e-05,8.089754132915486e-05,8.088852564926622e-05,8.087951319736112e-05,8.087050395748022e-05,8.086149790221263e-05,8.085249504977291e-05,8.08434954023661e-05,8.083449895462251e-05,8.082550570659212e-05,8.081651565499e-05,8.08075287962785e-05,8.079854513457174e-05,8.078956466295392e-05,8.078058738123632e-05,8.077161326988675e-05,8.076264236345695e-05,8.075367464358297e-05,8.074471010068493e-05,8.0735748739825e-05,8.072679055754412e-05,8.071783555196261e-05,8.070888372245966e-05,8.06999350657177e-05,8.069098958009041e-05,8.068204726084439e-05,8.06731081110582e-05,8.066417212647636e-05,8.065523930572227e-05,8.064630964034273e-05,8.063738313942263e-05,8.062845980004992e-05,8.061953961886262e-05,8.061062259073187e-05,8.060170868652493e-05,8.059279795515287e-05,8.058389037975115e-05,8.057498595126419e-05,8.056608467638572e-05,8.055718653706106e-05,8.05482915383998e-05,8.053939970317206e-05,8.053051098264602e-05,8.052162538892912e-05,8.05127429380636e-05,8.05038636198423e-05,8.049498742415583e-05,8.048611436841218e-05,8.047724442605514e-05,8.046837761254757e-05,8.045951393206015e-05,8.045065337343934e-05,8.04417959360022e-05,8.04329416158779e-05,8.04240904120205e-05,8.041524232282935e-05,8.040639734628718e-05,8.039755548031978e-05,8.038871672475422e-05,8.037988107846229e-05,8.037104853565657e-05,8.03622190965591e-05,8.035339275976045e-05,8.034456952328045e-05,8.033574938533984e-05,8.03269323441486e-05,8.031811839792604e-05,8.030930754507089e-05,8.030049978344109e-05,8.029169511195433e-05,8.028289352820294e-05,8.027409503028683e-05,8.026529961646985e-05,8.02565072911895e-05,8.024771804483498e-05,8.023893187096471e-05,8.023014877255514e-05,8.022136875343977e-05,8.021259180784971e-05,8.020381793432166e-05,8.019504713703699e-05,8.018627939462576e-05,8.01775147141313e-05,8.016875311149726e-05,8.015999454149354e-05,8.015123906296507e-05,8.014248663286766e-05,8.013373727168809e-05,8.012499096590808e-05,8.011624771559544e-05,8.010750751741508e-05,8.009877036967024e-05,8.009003627227681e-05,8.00813052208584e-05,8.007257721562305e-05,8.006385225421991e-05,8.005513034544684e-05,8.004641146653937e-05,8.00376956381411e-05,8.00289828574944e-05,8.002027309150099e-05,8.0011566360843e-05,8.000286266057477e-05,7.999416198758481e-05,7.99854643426409e-05,7.997676972499733e-05,7.996807813467933e-05,7.99593895643969e-05,7.995070403136473e-05,7.994202150190125e-05,7.993334199006917e-05,7.992466549068005e-05,7.991599201049672e-05,7.990732154048225e-05,7.989865407683081e-05,7.988998962949747e-05,7.988132819573424e-05,7.987266976196248e-05,7.986401433414435e-05,7.985536190684875e-05,7.984671247987942e-05,7.983806605220027e-05,7.98294226226776e-05,7.9820782189501e-05,7.98121447490793e-05,7.980351030084561e-05,7.979487883688815e-05,7.978625036816678e-05,7.977762488404549e-05,7.976900239038115e-05,7.976038287867497e-05,7.975176635011945e-05,7.974315280029157e-05,7.973454223085544e-05,7.972593463667277e-05,7.971733001367342e-05,7.970872836470796e-05,7.970012969542705e-05,7.96915339972828e-05,7.968294127323684e-05,7.967435150883544e-05,7.966576470644617e-05,7.965718086785333e-05,7.96485999929992e-05,7.96400220767665e-05,7.963144711878356e-05,7.962287511805962e-05,7.9614306072512e-05,7.960573997134198e-05,7.959717683097588e-05,7.958861664081478e-05,7.958005939639681e-05,7.957150510135358e-05,7.956295375281008e-05,7.955440534650794e-05,7.954585988251445e-05,7.953731735827565e-05,7.952877777258435e-05,7.952024112712908e-05,7.951170741313249e-05,7.95031766356897e-05,7.949464878760477e-05,7.948612386982415e-05,7.947760188739704e-05,7.946908282569076e-05,7.946056668731246e-05,7.94520534753004e-05,7.944354318416574e-05,7.94350358079508e-05,7.94265313550692e-05,7.941802982009675e-05,7.940953120068596e-05,7.940103549861786e-05,7.939254270530093e-05,7.938405281848283e-05,7.937556584461631e-05,7.936708177795733e-05,7.935860061851328e-05,7.935012236033831e-05,7.934164700732957e-05,7.933317455365114e-05,7.932470500224544e-05,7.931623834623268e-05,7.930777458226757e-05,7.929931371684983e-05,7.929085574256747e-05,7.928240065865845e-05,7.92739484660929e-05,7.92654991620119e-05,7.925705274253368e-05,7.9248609203323e-05,7.924016854835226e-05,7.923173077888702e-05,7.922329588764209e-05,7.921486387377845e-05,7.920643473146789e-05,7.919800847111777e-05,7.91895850852827e-05,7.918116456897966e-05,7.917274692246245e-05,7.916433214480911e-05,7.915592023340701e-05,7.914751118727748e-05,7.913910500648651e-05,7.913070168714899e-05,7.912230122960579e-05,7.911390362862733e-05,7.910550888461374e-05,7.909711699633087e-05,7.90887279625706e-05,7.908034177085953e-05,7.907195844005015e-05,7.90635779564086e-05,7.905520032299804e-05,7.904682553900534e-05,7.903845359793907e-05,7.903008448553508e-05,7.902171823075833e-05,7.901335480688274e-05,7.900499422670792e-05,7.899663648029357e-05,7.898828157188072e-05,7.897992949676905e-05,7.897158024967722e-05,7.896323383431744e-05,7.895489025373553e-05,7.894654949724024e-05,7.893821156934197e-05,7.892987646373929e-05,7.892154418164495e-05,7.891321472108998e-05,7.890488809148856e-05,7.889656426974348e-05,7.888824325987547e-05,7.887992506642881e-05,7.88716096768942e-05,7.886329710361117e-05,7.885498734002655e-05,7.884668038485891e-05,7.883837623937774e-05,7.883007490321106e-05,7.88217763717965e-05,7.881348063845459e-05,7.88051876984286e-05,7.879689756497369e-05,7.878861022528516e-05,7.878032568701974e-05,7.87720439451954e-05,7.87637649994835e-05,7.875548884021732e-05,7.8747215470193e-05,7.87389448877562e-05,7.873067709141684e-05,7.87224120824659e-05,7.871414985519148e-05,7.870589040993465e-05,7.869763374591108e-05,7.868937986105916e-05,7.868112875535298e-05,7.867288042556151e-05,7.866463486885283e-05,7.865639208520146e-05,7.864815207267515e-05,7.863991483072789e-05,7.863168035778141e-05,7.862344864783334e-05,7.86152197061801e-05,7.860699352826366e-05,7.859877011275896e-05,7.85905494603531e-05,7.858233156555805e-05,7.85741164285115e-05,7.85659040475097e-05,7.855769442148882e-05,7.854948754854594e-05,7.854128342698976e-05,7.853308206836006e-05,7.85248834464342e-05,7.851668757151321e-05,7.850849444219094e-05,7.850030405851503e-05,7.849211641784653e-05,7.848393151648327e-05,7.847574935564735e-05,7.846756993391734e-05,7.845939324727246e-05,7.84512192974468e-05,7.844304807879367e-05,7.843487958651192e-05,7.842671382555145e-05,7.841855079996879e-05,7.841039050385294e-05,7.840223293404434e-05,7.839407808825917e-05,7.838592595837725e-05,7.837777655849871e-05,7.836962986945174e-05,7.836148590752292e-05,7.835334465566416e-05,7.834520612687609e-05,7.83370703116331e-05,7.83289372107224e-05,7.832080682096237e-05,7.831267914040437e-05,7.830455416843162e-05,7.82964319025433e-05,7.828831233458557e-05,7.828019547864091e-05,7.827208131444349e-05,7.826396986052439e-05,7.825586110669906e-05,7.824775505166676e-05,7.823965169252231e-05,7.823155103186746e-05,7.822345306163648e-05,7.821535778422927e-05,7.820726519617988e-05,7.81991753017542e-05,7.819108809170739e-05,7.818300356771578e-05,7.817492172967333e-05,7.816684257496607e-05,7.815876610210231e-05,7.815069230873102e-05,7.814262118530744e-05,7.813455274881954e-05,7.812648698865813e-05,7.811842390318317e-05,7.811036349682479e-05,7.810230575652437e-05,7.809425068686795e-05,7.808619829866705e-05,7.807814856484227e-05,7.80701014971275e-05,7.80620570927273e-05,7.80540153538075e-05,7.804597627487503e-05,7.803793985632386e-05,7.802990609344037e-05,7.802187499251553e-05,7.801384653754853e-05,7.800582074282286e-05,7.799779759472326e-05,7.798977710732634e-05,7.79817592642499e-05,7.797374408758078e-05,7.796573154617748e-05,7.795772164823366e-05,7.79497143985503e-05,7.794170979047195e-05,7.79337078110227e-05,7.792570848130479e-05,7.791771179071885e-05,7.790971774189771e-05,7.790172632781109e-05,7.789373755238517e-05,7.788575140523762e-05,7.787776789354706e-05,7.786978700511152e-05,7.78618087484592e-05,7.785383311867542e-05,7.784586010278123e-05,7.783788972206934e-05,7.782992196243632e-05,7.782195682817688e-05,7.781399431480028e-05,7.780603441650608e-05,7.779807713948942e-05,7.77901224784362e-05,7.778217043751627e-05,7.777422100439983e-05,7.776627417306962e-05,7.775832995963666e-05,7.775038835797058e-05,7.774244935904273e-05,7.7734512964639e-05,7.772657918142367e-05,7.771864800450375e-05,7.771071942453938e-05,7.770279344015446e-05,7.769487005484641e-05,7.768694927306054e-05,7.767903108957366e-05,7.767111549882769e-05,7.766320249838796e-05,7.765529209574305e-05,7.764738427823502e-05,7.763947905418593e-05,7.763157641707496e-05,7.762367637029522e-05,7.761577890561496e-05,7.7607884020197e-05,7.75999917143467e-05,7.759210199739191e-05,7.758421486130297e-05,7.75763303051298e-05,7.75684483213942e-05,7.756056891773169e-05,7.755269208356052e-05,7.754481782174784e-05,7.75369461341512e-05,7.752907701479098e-05,7.752121046350416e-05,7.751334648347773e-05,7.750548506959564e-05,7.749762621433795e-05,7.7489769926973e-05,7.74819162010595e-05,7.747406503380764e-05,7.746621642817869e-05,7.745837038035241e-05,7.745052688886214e-05,7.744268595209812e-05,7.743484756882173e-05,7.742701173673511e-05,7.741917845945499e-05,7.741134772978982e-05,7.740351954633776e-05,7.739569391152676e-05,7.738787082545451e-05,7.738005028307273e-05,7.737223227904022e-05,7.73644168189531e-05,7.735660389901196e-05,7.734879351173525e-05,7.734098566552191e-05,7.733318035452278e-05,7.732537758057576e-05,7.731757734103618e-05,7.730977963371454e-05,7.730198445692453e-05,7.729419181147116e-05,7.7286401688197e-05,7.727861409388676e-05,7.727082902073445e-05,7.726304647595222e-05,7.725526645511559e-05,7.724748895586949e-05,7.723971397865427e-05,7.723194151727527e-05,7.722417157256807e-05,7.72164041417513e-05,7.72086392293486e-05,7.720087683008112e-05,7.719311694321572e-05,7.718535956826066e-05,7.717760470131262e-05,7.716985234030156e-05,7.716210248598358e-05,7.715435513646226e-05,7.714661029144585e-05,7.713886794971327e-05,7.713112810914668e-05,7.71233907775748e-05,7.711565593764464e-05,7.710792359434923e-05,7.710019375273618e-05,7.709246640112975e-05,7.708474154055698e-05,7.707701917384001e-05,7.706929930588714e-05,7.706158191856314e-05,7.705386702436315e-05,7.704615461097763e-05,7.703844468536572e-05,7.7030737242644e-05,7.70230322828599e-05,7.701532980696767e-05,7.700762981156866e-05,7.699993228984805e-05,7.699223724568703e-05,7.698454468358989e-05,7.697685459166474e-05,7.696916697669303e-05,7.696148183515496e-05,7.695379916981857e-05,7.694611897081919e-05,7.693844124250338e-05,7.693076597893482e-05,7.692309317969009e-05,7.691542284633215e-05,7.69077549767759e-05,7.690008956947635e-05,7.689242662389526e-05,7.688476613685832e-05,7.68771081100907e-05,7.6869452537364e-05,7.686179942015377e-05,7.685414875661277e-05,7.684650054618885e-05,7.683885478921459e-05,7.683121148513653e-05,7.682357063313442e-05,7.681593222911144e-05,7.68082962716982e-05,7.680066275742131e-05,7.679303168561566e-05,7.678540305772034e-05,7.677777687431832e-05,7.677015312486774e-05,7.676253181266555e-05,7.675491295816445e-05,7.67472965272603e-05,7.673968253265022e-05,7.673207096638699e-05,7.672446182626975e-05,7.671685512299039e-05,7.67092508508107e-05,7.67016490067511e-05,7.669404959749096e-05,7.668645260713155e-05,7.667885804737995e-05,7.667126590610151e-05,7.666367619412326e-05,7.665608889759377e-05,7.664850401986151e-05,7.664092156731978e-05,7.663334152562521e-05,7.662576390399119e-05,7.661818870009893e-05,7.661061590581607e-05,7.660304551980075e-05,7.659547754855175e-05,7.65879119889452e-05,7.658034884066221e-05,7.657278809700259e-05,7.656522975664303e-05,7.655767382381554e-05,7.65501202925223e-05,7.654256916188158e-05,7.653502043212536e-05,7.652747410368147e-05,7.651993017964967e-05,7.651238864949135e-05,7.650484951615815e-05,7.649731279440656e-05,7.648977844962154e-05,7.64822464945782e-05,7.64747169296742e-05,7.646718975994189e-05,7.645966497912837e-05,7.645214258016755e-05,7.644462256451782e-05,7.643710494205141e-05,7.642958969593936e-05,7.642207683536604e-05,7.641456635621696e-05,7.640705826287272e-05,7.639955254681268e-05,7.639204920617609e-05,7.63845482422261e-05,7.637704965314496e-05,7.636955344030616e-05,7.636205959385192e-05,7.635456812276677e-05,7.634707902536892e-05,7.633959229694503e-05,7.633210792588669e-05,7.632462592652565e-05,7.631714629754177e-05,7.630966902933724e-05,7.630219413752869e-05,7.629472159623349e-05,7.628725141516379e-05,7.627978359406856e-05,7.627231813619246e-05,7.62648550266988e-05,7.625739427678391e-05,7.624993587790002e-05,7.624247982549323e-05,7.623502613431336e-05,7.622757479124555e-05,7.622012580022307e-05,7.621267915452893e-05,7.620523486216538e-05,7.619779291269643e-05,7.619035330746563e-05,7.618291603099857e-05,7.617548111968686e-05,7.61680485414994e-05,7.616061830074231e-05,7.615319040015169e-05,7.61457648371221e-05,7.613834161049118e-05,7.613092071635332e-05,7.61235021576087e-05,7.61160859324582e-05,7.610867203909778e-05,7.610126047559802e-05,7.609385123848255e-05,7.608644433090316e-05,7.607903975163856e-05,7.607163749579392e-05,7.606423755632881e-05,7.605683994651956e-05,7.604944466806453e-05,7.604205170322502e-05,7.603466105020599e-05,7.602727271982732e-05,7.601988670620124e-05,7.601250301103218e-05,7.60051216302925e-05,7.599774256296458e-05,7.599036580472724e-05,7.598299135648004e-05,7.597561922349993e-05,7.596824939739485e-05,7.596088187793054e-05,7.595351667166202e-05,7.5946153767018e-05,7.593879316549837e-05,7.593143486298009e-05,7.592407886600002e-05,7.591672516775193e-05,7.590937377099475e-05,7.590202466738701e-05,7.589467786574155e-05,7.588733336126624e-05,7.587999114787158e-05,7.587265122138686e-05,7.586531359048249e-05,7.585797825604159e-05,7.585064521283249e-05,7.584331445754433e-05,7.583598598817569e-05,7.582865980503214e-05,7.582133590735487e-05,7.581401428900397e-05,7.580669496163492e-05,7.579937791022352e-05,7.579206314850649e-05,7.578475065383235e-05,7.577744044537957e-05,7.577013251380772e-05,7.576282685988267e-05,7.575552348122338e-05,7.574822237123366e-05,7.574092353538858e-05,7.573362697142325e-05,7.57263326768054e-05,7.571904066103625e-05,7.571175089773254e-05,7.570446341152738e-05,7.569717818668374e-05,7.568989522937696e-05,7.568261453230682e-05,7.567533609327827e-05,7.566805991880559e-05,7.566078600628803e-05,7.565351435049086e-05,7.564624495117711e-05,7.563897780427422e-05,7.563171291819743e-05,7.562445028571267e-05,7.561718991762441e-05,7.560993179572161e-05,7.560267592209295e-05,7.559542229556512e-05,7.558817091690469e-05,7.558092178939104e-05,7.557367490403902e-05,7.556643025661999e-05,7.555918786809509e-05,7.555194771592163e-05,7.554470980731715e-05,7.55374741319958e-05,7.553024070604614e-05,7.552300950946897e-05,7.551578055632452e-05,7.550855384698352e-05,7.550132936155709e-05,7.549410711155555e-05,7.548688709402857e-05,7.547966930470203e-05,7.547245374814943e-05,7.546524042324664e-05,7.545802932568491e-05,7.545082045524085e-05,7.54436138061588e-05,7.543640938855104e-05,7.542920719546972e-05,7.542200722152252e-05,7.541480946654182e-05,7.540761393825975e-05,7.54004206334023e-05,7.539322953567117e-05,7.538604065471973e-05,7.537885398887843e-05,7.537166953514398e-05,7.536448729363932e-05,7.535730726703422e-05,7.535012945379807e-05,7.534295385003667e-05,7.533578045827868e-05,7.532860927144262e-05,7.532144028943721e-05,7.531427351584268e-05,7.530710894924264e-05,7.529994658418008e-05,7.529278642106955e-05,7.528562846239597e-05,7.52784727007876e-05,7.527131913391347e-05,7.526416776580421e-05,7.525701859805327e-05,7.524987162878858e-05,7.524272685129155e-05,7.523558426384438e-05,7.52284438736537e-05,7.522130567395542e-05,7.52141696647492e-05,7.520703584461429e-05,7.5199904212122e-05,7.51927747662271e-05,7.518564751395739e-05,7.517852243953237e-05,7.517139954876522e-05,7.516427884066092e-05,7.515716031654763e-05,7.515004397056697e-05,7.514292980372764e-05,7.513581781519793e-05,7.512870800379806e-05,7.512160037117557e-05,7.511449491163125e-05,7.510739162028537e-05,7.510029050649769e-05,7.509319156462337e-05,7.508609480039615e-05,7.507900019809785e-05,7.507190777455527e-05,7.506481750323093e-05,7.505772940279664e-05,7.505064347429481e-05,7.504355970344678e-05,7.503647809919464e-05,7.502939865292392e-05,7.502232137218649e-05,7.501524624789705e-05,7.500817327306367e-05,7.500110246523308e-05,7.49940338140692e-05,7.498696732332126e-05,7.497990298503389e-05,7.497284080408002e-05,7.496578077117315e-05,7.495872288967334e-05,7.495166715848028e-05,7.49446135735339e-05,7.493756214389796e-05,7.493051285637772e-05,7.492346571505009e-05,7.491642072286575e-05,7.490937786950824e-05,7.490233715602589e-05,7.489529858576781e-05,7.488826215772579e-05,7.488122786510321e-05,7.48741957125923e-05,7.486716569747573e-05,7.486013781950292e-05,7.485311207196363e-05,7.48460884633622e-05,7.483906699672641e-05,7.48320476527044e-05,7.482503044042674e-05,7.481801535672406e-05,7.48110023985072e-05,7.480399156952561e-05,7.479698287058075e-05,7.478997628588676e-05,7.478297183690189e-05,7.477596951975219e-05,7.47689693167507e-05,7.476197123823117e-05,7.475497528278145e-05,7.474798144805956e-05,7.474098973234543e-05,7.473400012745494e-05,7.472701264028665e-05,7.472002726272115e-05,7.471304400385782e-05,7.470606285994505e-05,7.469908382818628e-05,7.469210690621821e-05,7.468513209390914e-05,7.467815938875575e-05,7.467118879203156e-05,7.466422030310282e-05,7.465725391969339e-05,7.46502896408376e-05,7.46433274652391e-05,7.463636739866169e-05,7.46294094293868e-05,7.46224535559978e-05,7.461549978700268e-05,7.460854810910238e-05,7.460159853628056e-05,7.459465105978567e-05,7.458770567789253e-05,7.458076238722923e-05,7.457382118256031e-05,7.456688207889993e-05,7.455994507207091e-05,7.455301014922051e-05,7.454607732148629e-05,7.453914658042515e-05,7.453221792703515e-05,7.452529135913068e-05,7.451836687688745e-05,7.451144447908579e-05,7.450452416235285e-05,7.44976059315177e-05,7.449068977825331e-05,7.448377570888445e-05,7.447686371567268e-05,7.446995380306009e-05,7.44630459678169e-05,7.445614020854922e-05,7.444923652253415e-05,7.444233490970746e-05,7.443543537068971e-05,7.442853790292526e-05,7.4421642502238e-05,7.441474917611039e-05,7.440785791890946e-05,7.440096872944392e-05,7.439408160732788e-05,7.438719655698037e-05,7.438031356572257e-05,7.437343263760346e-05,7.436655377457601e-05,7.435967697743227e-05,7.435280222313166e-05,7.434592954081884e-05,7.433905891690961e-05,7.43321903512641e-05,7.432532384243967e-05,7.431845938966306e-05,7.431159699324954e-05,7.430473665018192e-05,7.429787835882186e-05,7.429102211903494e-05,7.428416792746095e-05,7.427731578859713e-05,7.427046569858327e-05,7.426361765597109e-05,7.425677165867641e-05,7.424992770502153e-05,7.424308579983604e-05,7.423624593842072e-05,7.4229408119814e-05,7.422257234870289e-05,7.421573861292865e-05,7.420890691700409e-05,7.420207725970257e-05,7.419524963856641e-05,7.418842405518901e-05,7.418160050841762e-05,7.417477899793507e-05,7.416795951614518e-05,7.416114207129997e-05,7.41543266635577e-05,7.414751328137258e-05,7.414070192891971e-05,7.413389260223483e-05,7.412708530665297e-05,7.41202800380327e-05,7.41134767953977e-05,7.410667557774267e-05,7.409987638411369e-05,7.409307921380385e-05,7.40862840699286e-05,7.407949095011012e-05,7.407269984298625e-05,7.406591075674014e-05,7.405912368651118e-05,7.40523386323426e-05,7.404555559542527e-05,7.403877457400861e-05,7.403199556686931e-05,7.40252185727327e-05,7.401844359090052e-05,7.401167062014708e-05,7.40048996597099e-05,7.399813070875792e-05,7.399136376628058e-05,7.398459883092217e-05,7.39778359012864e-05,7.397107497777838e-05,7.396431605901639e-05,7.395755914349263e-05,7.395080423051435e-05,7.394405131910959e-05,7.393730040833256e-05,7.393055149908782e-05,7.392380458658417e-05,7.391705966867624e-05,7.391031675061901e-05,7.390357582769537e-05,7.389683690022867e-05,7.389009996665474e-05,7.388336502593604e-05,7.387663207745247e-05,7.386990111974418e-05,7.386317215189878e-05,7.385644517307915e-05,7.384972018234688e-05,7.384299717905419e-05,7.383627616179523e-05,7.382955712959982e-05,7.382284008164093e-05,7.381612501716102e-05,7.38094119364398e-05,7.380270083550085e-05,7.37959917151834e-05,7.378928457415055e-05,7.37825794116916e-05,7.3775876226791e-05,7.376917501883239e-05,7.37624757863392e-05,7.375577852821114e-05,7.374908325382312e-05,7.374238994286581e-05,7.373569860342275e-05,7.372900923491029e-05,7.372232183636443e-05,7.371563640687607e-05,7.370895294479579e-05,7.370227145057599e-05,7.369559192254489e-05,7.368891435974476e-05,7.36822387612365e-05,7.367556512615647e-05,7.366889345928132e-05,7.366222374810246e-05,7.365555599742075e-05,7.364889020638874e-05,7.364222637424629e-05,7.363556449974204e-05,7.362890458206617e-05,7.362224662005532e-05,7.361559061293527e-05,7.360893656002246e-05,7.360228445996323e-05,7.359563431206174e-05,7.35889861154556e-05,7.358233986892387e-05,7.357569557171805e-05,7.356905322284452e-05,7.356241282146608e-05,7.35557743659835e-05,7.354913785668917e-05,7.354250329219012e-05,7.353587067146077e-05,7.352923999339178e-05,7.352261125715311e-05,7.351598446179007e-05,7.350935960646395e-05,7.350273669044294e-05,7.349611571233887e-05,7.348949667149197e-05,7.3482879567081e-05,7.34762643979179e-05,7.346965116337776e-05,7.346303986222074e-05,7.345643049369096e-05,7.344982305687131e-05,7.34432175510149e-05,7.343661397484885e-05,7.343001232759971e-05,7.342341260852661e-05,7.341681481640223e-05,7.341021895064703e-05,7.34036250102265e-05,7.339703299406027e-05,7.339044290145543e-05,7.33838547310746e-05,7.33772684823769e-05,7.337068415441507e-05,7.336410174609823e-05,7.335752125669624e-05,7.335094268521582e-05,7.334436603091704e-05,7.333779129289475e-05,7.333121846979364e-05,7.332464756115316e-05,7.331807856576296e-05,7.331151148286414e-05,7.330494631161109e-05,7.329838305098687e-05,7.329182170027005e-05,7.328526225810484e-05,7.327870472434743e-05,7.327214909751203e-05,7.326559537680085e-05,7.325904356153861e-05,7.32524936505025e-05,7.324594564288589e-05,7.323939953788975e-05,7.32328553344441e-05,7.322631303173331e-05,7.321977262893878e-05,7.321323412506063e-05,7.320669751918776e-05,7.320016281144903e-05,7.319362999897365e-05,7.318709908183753e-05,7.318057005899831e-05,7.317404292982545e-05,7.31675176931822e-05,7.316099434555873e-05,7.315447289152589e-05,7.314795332754911e-05,7.314143565256941e-05,7.313491986613016e-05,7.312840596673937e-05,7.312189395383466e-05,7.311538382633411e-05,7.310887558355583e-05,7.310236922467513e-05,7.309586474840264e-05,7.308936215409017e-05,7.308286144080202e-05,7.307636260775959e-05,7.30698656526833e-05,7.306337057749637e-05,7.305687737960304e-05,7.305038605844158e-05,7.304389661305321e-05,7.303740904278041e-05,7.303092334618241e-05,7.302443952270973e-05,7.301795757325415e-05,7.301147749333806e-05,7.300499928509335e-05,7.29985229453923e-05,7.29920484744556e-05,7.298557587125223e-05,7.297910513506287e-05,7.297263626489475e-05,7.296616925997043e-05,7.295970411871035e-05,7.29532408414422e-05,7.294677942698894e-05,7.294031987486798e-05,7.293386218347284e-05,7.292740634969746e-05,7.292095237785015e-05,7.29145002629892e-05,7.290805000548964e-05,7.290160160434512e-05,7.289515505834916e-05,7.288871036758225e-05,7.288226753051656e-05,7.287582654368047e-05,7.286938741180741e-05,7.286295013131504e-05,7.28565146936584e-05,7.28500811130131e-05,7.284364937950318e-05,7.283721949362909e-05,7.283079145624069e-05,7.282436526472193e-05,7.281794091853881e-05,7.281151841645093e-05,7.280509775731028e-05,7.27986789414664e-05,7.279226196717856e-05,7.278584683400854e-05,7.277943354056798e-05,7.277302208578142e-05,7.276661246865991e-05,7.276020468862513e-05,7.275379874535791e-05,7.274739463789978e-05,7.274099236522606e-05,7.273459193518514e-05,7.272819332853669e-05,7.272179655460708e-05,7.271540161417319e-05,7.270900850432882e-05,7.270261722915251e-05,7.269622778262057e-05,7.26898401594975e-05,7.26834543619306e-05,7.267707039786121e-05,7.267068825026241e-05,7.266430793052974e-05,7.265792943406458e-05,7.265155275730234e-05,7.264517790311597e-05,7.263880487910217e-05,7.263243366676215e-05,7.262606427459506e-05,7.26196967027034e-05,7.261333094823724e-05,7.260696701809745e-05,7.260060489651472e-05,7.259424459030881e-05,7.258788609921191e-05,7.258152941930252e-05,7.25751745844914e-05,7.256882152197562e-05,7.256247029147726e-05,7.255612086505753e-05,7.254977324001909e-05,7.254342742575764e-05,7.253708341730777e-05,7.253074121929346e-05,7.25244008153505e-05,7.251806222772182e-05,7.251172544336686e-05,7.25053904585911e-05,7.249905728689685e-05,7.249272590833976e-05,7.248639634413542e-05,7.248006858709424e-05,7.247374260956456e-05,7.246741842311309e-05,7.246109604442202e-05,7.245477546078266e-05,7.244845667207797e-05,7.244213967865301e-05,7.243582448171624e-05,7.242951107254482e-05,7.242319946190864e-05,7.241688964871488e-05,7.241058163541504e-05,7.240427539788133e-05,7.239797095637924e-05,7.239166829780762e-05,7.238536742494e-05,7.23790683399875e-05,7.237277105084502e-05,7.236647552808745e-05,7.236018180431327e-05,7.235388987758083e-05,7.23475997209013e-05,7.234131133808711e-05,7.233502475823366e-05,7.232873993876577e-05,7.232245690602013e-05,7.231617564466092e-05,7.230989616120005e-05,7.23036184626118e-05,7.229734253935939e-05,7.229106838446091e-05,7.228479600245354e-05,7.227852540300256e-05,7.227225656943466e-05,7.226598949956509e-05,7.225972420941931e-05,7.225346068806346e-05,7.224719893679655e-05,7.22409389562589e-05,7.223468074885979e-05,7.222842430117003e-05,7.222216962195862e-05,7.221591671463764e-05,7.220966556654883e-05,7.220341618166606e-05,7.219716857077698e-05,7.21909227186107e-05,7.21846786214614e-05,7.217843628486164e-05,7.217219570757101e-05,7.216595688817006e-05,7.215971982944045e-05,7.215348452539111e-05,7.214725098059941e-05,7.214101919923569e-05,7.21347891645784e-05,7.212856088780648e-05,7.21223343576067e-05,7.211610958448421e-05,7.210988656198983e-05,7.210366529565175e-05,7.209744577480703e-05,7.209122800294896e-05,7.208501197940928e-05,7.207879770602569e-05,7.207258516901395e-05,7.206637440595273e-05,7.206016537175357e-05,7.205395807954007e-05,7.204775253274423e-05,7.204154872949869e-05,7.20353466672365e-05,7.202914634669854e-05,7.202294776782511e-05,7.201675092837366e-05,7.201055582326407e-05,7.200436246120504e-05,7.19981708297369e-05,7.199198094262794e-05,7.198579279034685e-05,7.197960637616209e-05,7.197342167728057e-05,7.196723872889429e-05,7.196105750185171e-05,7.195487802023002e-05,7.194870027367226e-05,7.194252425105169e-05,7.193634995566286e-05,7.19301773753489e-05,7.192400654579383e-05,7.191783744420964e-05,7.191167006142919e-05,7.19055044087003e-05,7.189934048021206e-05,7.18931782754477e-05,7.188701779096267e-05,7.188085902164411e-05,7.187470198881194e-05,7.186854666926549e-05,7.18623930702268e-05,7.185624118975237e-05,7.18500910345324e-05,7.184394258277208e-05,7.183779585594382e-05,7.183165084410158e-05,7.182550754976079e-05,7.181936597257814e-05,7.181322609876662e-05,7.180708794542025e-05,7.180095150523137e-05,7.179481677622213e-05,7.178868375760392e-05,7.178255244844375e-05,7.177642285078245e-05,7.177029496027909e-05,7.176416878317672e-05,7.17580443003035e-05,7.175192152886323e-05,7.174580046858715e-05,7.173968110878905e-05,7.173356345295064e-05,7.172744750219463e-05,7.172133324236591e-05,7.171522068077757e-05,7.170910983147473e-05,7.17030006851886e-05,7.169689323626302e-05,7.169078748557474e-05,7.168468342472595e-05,7.16785810707063e-05,7.16724804114094e-05,7.166638144586577e-05,7.166028417110676e-05,7.165418859488494e-05,7.164809471215262e-05,7.164200252074162e-05,7.163591200206126e-05,7.162982319630449e-05,7.162373607412402e-05,7.161765064219934e-05,7.161156689222204e-05,7.16054848344305e-05,7.15994044748318e-05,7.159332579472422e-05,7.158724879672823e-05,7.158117348670927e-05,7.157509986300325e-05,7.156902792032632e-05,7.156295765975574e-05,7.155688908088935e-05,7.155082218462426e-05,7.154475696662293e-05,7.15386934283854e-05,7.153263156487386e-05,7.152657138251013e-05,7.1520512865572e-05,7.151445603672373e-05,7.150840088016475e-05,7.150234740170904e-05,7.14962955838661e-05,7.149024543790708e-05,7.148419696432179e-05,7.147815016702895e-05,7.147210504893083e-05,7.146606159524832e-05,7.146001980721739e-05,7.145397970855146e-05,7.144794126028253e-05,7.144190448024538e-05,7.143586935994514e-05,7.142983590628665e-05,7.1423804124384e-05,7.141777400599338e-05,7.141174556496527e-05,7.140571878516317e-05,7.139969366121722e-05,7.139367019208566e-05,7.138764839003512e-05,7.13816282345532e-05,7.137560973688262e-05,7.136959290691467e-05,7.136357772894823e-05,7.135756421133183e-05,7.135155234844753e-05,7.134554214503063e-05,7.133953359610604e-05,7.13335267010926e-05,7.132752146734224e-05,7.132151788721397e-05,7.13155159585872e-05,7.130951568392451e-05,7.130351705923112e-05,7.129752008245265e-05,7.129152475604646e-05,7.128553107342663e-05,7.127953903993857e-05,7.127354865488877e-05,7.126755991878067e-05,7.126157282054656e-05,7.125558737507037e-05,7.124960356248792e-05,7.124362139204281e-05,7.123764086407747e-05,7.123166197829042e-05,7.122568473267691e-05,7.121970912766301e-05,7.121373516240011e-05,7.120776283524988e-05,7.120179214608837e-05,7.11958230932914e-05,7.118985567730206e-05,7.118388989680892e-05,7.117792575107573e-05,7.11719632393886e-05,7.116600236100025e-05,7.11600431151908e-05,7.115408550122518e-05,7.114812951839392e-05,7.114217516597767e-05,7.113622244321132e-05,7.113027134939397e-05,7.11243218838024e-05,7.111837404570488e-05,7.111242783438843e-05,7.110648324910173e-05,7.110054028914922e-05,7.109459895393892e-05,7.108865924260793e-05,7.108272115448118e-05,7.107678468883767e-05,7.107084985121275e-05,7.106491662746545e-05,7.105898500176125e-05,7.10530550174475e-05,7.104712665879428e-05,7.104119991140366e-05,7.103527476944906e-05,7.102935125729917e-05,7.102342936677212e-05,7.101750908591747e-05,7.101159041952229e-05,7.100567336727397e-05,7.099975792814245e-05,7.099384410134363e-05,7.098793188594699e-05,7.09820212815553e-05,7.097611228763119e-05,7.097020490320476e-05,7.096429912748238e-05,7.095839495919287e-05,7.095249239801128e-05,7.094659144494819e-05,7.09406920974426e-05,7.093479435409439e-05,7.092889821631535e-05,7.092300368166642e-05,7.091711075015042e-05,7.091121942103481e-05,7.09053296936311e-05,7.089944156564618e-05,7.089355503946834e-05,7.088767011288986e-05,7.08817867872353e-05,7.08759050583876e-05,7.087002492615573e-05,7.086414639339759e-05,7.085826945387606e-05,7.085239410812547e-05,7.084652035933226e-05,7.084064820235135e-05,7.083477764078669e-05,7.082890866852701e-05,7.082304129077128e-05,7.081717550388642e-05,7.08113113076745e-05,7.080544870113838e-05,7.079958768367441e-05,7.079372825013943e-05,7.078787040869214e-05,7.078201414273864e-05,7.077615947398555e-05,7.077030639111039e-05,7.076445489103519e-05,7.075860497712005e-05,7.075275664661865e-05,7.074690989813194e-05,7.074106472859449e-05,7.073522113708951e-05,7.072937913337394e-05,7.072353870937779e-05,7.07176998602509e-05,7.071186260082334e-05,7.070602691355054e-05,7.070019280066378e-05,7.069436026695764e-05,7.068852930823576e-05,7.068269992519923e-05,7.06768721158784e-05,7.06710458805858e-05,7.06652212267194e-05,7.065939813777302e-05,7.065357662149203e-05,7.06477566873672e-05,7.064193830669214e-05,7.063612150127625e-05,7.063030626466358e-05,7.06244925960942e-05,7.061868049512913e-05,7.061286996001563e-05,7.060706098646367e-05,7.060125357949294e-05,7.059544773889472e-05,7.058964346233443e-05,7.058384072174432e-05,7.05780395703975e-05,7.057223998198187e-05,7.056644195402798e-05,7.056064548807106e-05,7.055485058203519e-05,7.054905723538953e-05,7.054326544539618e-05,7.053747521340336e-05,7.053168654054484e-05,7.052589942464497e-05,7.052011386402825e-05,7.051432985891486e-05,7.050854741924825e-05,7.050276652718435e-05,7.04969871888321e-05,7.049120939705688e-05,7.048543316757282e-05,7.047965849099979e-05,7.047388535329629e-05,7.046811377098194e-05,7.046234373610977e-05,7.045657524593557e-05,7.045080830283863e-05,7.044504290593165e-05,7.043927905093317e-05,7.043351674730007e-05,7.042775599217325e-05,7.042199677798899e-05,7.041623910737107e-05,7.041048298190387e-05,7.040472840207248e-05,7.039897534703033e-05,7.039322384830316e-05,7.038747388575268e-05,7.03817254663572e-05,7.037597858909588e-05,7.03702332468462e-05,7.036448943788128e-05,7.035874718025966e-05,7.035300644562634e-05,7.034726724663636e-05,7.03415295708323e-05,7.033579343772155e-05,7.033005884167227e-05,7.032432577866494e-05,7.031859424497984e-05,7.031286424625223e-05,7.030713577843301e-05,7.030140884208703e-05,7.029568343176052e-05,7.028995955263485e-05,7.028423720184834e-05,7.027851637081296e-05,7.027279709216433e-05,7.02670793198827e-05,7.026136307799413e-05,7.025564835661079e-05,7.02499351536987e-05,7.024422348608124e-05,7.023851334020796e-05,7.023280471472946e-05,7.022709760759467e-05,7.022139202428744e-05,7.021568796208178e-05,7.020998541861198e-05,7.020428439515056e-05,7.019858489260824e-05,7.019288690268822e-05,7.018719042368111e-05,7.018149546954171e-05,7.01758020315246e-05,7.017011010887623e-05,7.016441972208852e-05,7.015873082737997e-05,7.01530434469861e-05,7.01473575781688e-05,7.014167322181429e-05,7.013599035780925e-05,7.013030902322809e-05,7.012462919767371e-05,7.011895088220911e-05,7.011327406911577e-05,7.01075987703879e-05,7.010192497826655e-05,7.009625269085397e-05,7.009058191180985e-05,7.008491263748708e-05,7.007924486715874e-05,7.007357859407615e-05,7.0067913830725e-05,7.006225057439315e-05,7.00565888176889e-05,7.005092856104477e-05,7.004526980527607e-05,7.003961254990476e-05,7.003395679631432e-05,7.002830254194319e-05,7.002264978599194e-05,7.001699854838283e-05,7.001134878559102e-05,7.000570051915628e-05,7.000005374660728e-05,6.999440846958501e-05,6.998876468636995e-05,6.998312239713598e-05,6.997748160141846e-05,6.997184228522996e-05,6.996620447724781e-05,6.996056815634313e-05,6.995493333002062e-05,6.994929999353767e-05,6.994366813470487e-05,6.993803776249974e-05,6.993240888044005e-05,6.992678148522272e-05,6.992115558921416e-05,6.991553116572323e-05,6.99099082285601e-05,6.990428677746403e-05,6.989866681743206e-05,6.989304833944527e-05,6.98874313462837e-05,6.988181582833974e-05,6.987620179760837e-05,6.987058924446192e-05,6.986497817616128e-05,6.985936858860835e-05,6.985376047794912e-05,6.98481538581e-05,6.98425487041387e-05,6.983694503379644e-05,6.983134283350642e-05,6.982574210871e-05,6.982014285946673e-05,6.981454508483117e-05,6.980894878302952e-05,6.980335395458984e-05,6.979776060000782e-05,6.97921687174073e-05,6.978657830563247e-05,6.978098936551939e-05,6.977540189510983e-05,6.976981589452608e-05,6.976423135947289e-05,6.975864829561426e-05,6.97530666996856e-05,6.974748657059817e-05,6.974190790782185e-05,6.973633071169601e-05,6.97307549813566e-05,6.972518071132404e-05,6.971960790791639e-05,6.971403656789376e-05,6.970846669127316e-05,6.970289827523483e-05,6.96973313219473e-05,6.969176582769593e-05,6.968620179471329e-05,6.968063922214364e-05,6.967507810851805e-05,6.966951845304578e-05,6.966396025524305e-05,6.965840352846397e-05,6.965284824424159e-05,6.964729441578563e-05,6.964174204290132e-05,6.9636191124617e-05,6.963064165991167e-05,6.962509365168516e-05,6.96195470926527e-05,6.961400198883671e-05,6.960845833296886e-05,6.960291612838851e-05,6.959737537455298e-05,6.959183607118378e-05,6.958629821665803e-05,6.958076180958554e-05,6.95752268499465e-05,6.956969333513392e-05,6.95641612701606e-05,6.95586306449351e-05,6.955310147124638e-05,6.954757374306765e-05,6.954204746022568e-05,6.953652261815938e-05,6.953099921800868e-05,6.95254772621436e-05,6.951995674681122e-05,6.951443765279871e-05,6.950892002014693e-05,6.95034038264813e-05,6.949788907008417e-05,6.949237574497477e-05,6.948686386518596e-05,6.948135342432338e-05,6.94758444217662e-05,6.94703368559316e-05,6.946483072701972e-05,6.945932602954512e-05,6.945382276735819e-05,6.944832094007695e-05,6.94428205455589e-05,6.943732158321255e-05,6.943182405570592e-05,6.942632795575744e-05,6.942083328641618e-05,6.941534004822136e-05,6.940984823797838e-05,6.9404357857039e-05,6.93988689045869e-05,6.939338137990206e-05,6.938789528331038e-05,6.938241061376888e-05,6.93769273679583e-05,6.937144554936254e-05,6.936596515345084e-05,6.936048618414247e-05,6.935500864487074e-05,6.934953252109827e-05,6.934405781964156e-05,6.933858454003547e-05,6.93331126822193e-05,6.932764224415283e-05,6.932217322592678e-05,6.931670562616309e-05,6.931123944631804e-05,6.930577468469359e-05,6.930031133699659e-05,6.929484940916115e-05,6.928938889506209e-05,6.928392979967483e-05,6.92784721194399e-05,6.92730158555271e-05,6.926756100533768e-05,6.926210756675576e-05,6.925665554241996e-05,6.9251204927921e-05,6.924575571577021e-05,6.924030792223192e-05,6.923486154193859e-05,6.922941657037613e-05,6.922397300599744e-05,6.92185308525441e-05,6.92130901070268e-05,6.92076507686639e-05,6.920221282280664e-05,6.919677628861701e-05,6.91913411522034e-05,6.918590743774214e-05,6.918047512293635e-05,6.917504421676977e-05,6.916961471105986e-05,6.916418661050433e-05,6.915875991153737e-05,6.915333461346167e-05,6.914791071806144e-05,6.914248822172357e-05,6.91370671258745e-05,6.913164742892846e-05,6.912622913055508e-05,6.912081223012337e-05,6.911539672703546e-05,6.91099826209165e-05,6.910456991092627e-05,6.909915859880486e-05,6.909374867680921e-05,6.908834015295797e-05,6.908293302211648e-05,6.90775272833442e-05,6.907212293877527e-05,6.906671998674906e-05,6.906131842322795e-05,6.905591826252077e-05,6.905051948000114e-05,6.904512208973657e-05,6.903972610642884e-05,6.903433149490357e-05,6.902893827091339e-05,6.902354643493053e-05,6.901815598716757e-05,6.901276692124431e-05,6.900737924341732e-05,6.900199294883017e-05,6.899660804194552e-05,6.899122451398946e-05,6.89858423743819e-05,6.898046160527772e-05,6.89750822296292e-05,6.896970423276189e-05,6.896432762090501e-05,6.895895239859961e-05,6.895357854640859e-05,6.894820607306515e-05,6.894283498032596e-05,6.893746526582693e-05,6.893209692853532e-05,6.892672996868952e-05,6.89213643853685e-05,6.891600017393946e-05,6.891063734085701e-05,6.890527588271906e-05,6.889991579910233e-05,6.889455708771264e-05,6.88891997504774e-05,6.888384378698073e-05,6.887848919528575e-05,6.887313597453364e-05,6.88677841245875e-05,6.886243364649478e-05,6.885708453675255e-05,6.885173678782663e-05,6.884639041955648e-05,6.884104541525813e-05,6.883570177831768e-05,6.88303595084331e-05,6.882501860672683e-05,6.881967906855743e-05,6.881434090244417e-05,6.880900409404636e-05,6.880366864875435e-05,6.879833456750214e-05,6.879300184938548e-05,6.878767049622803e-05,6.878234050482562e-05,6.877701187159638e-05,6.8771684601984e-05,6.876635869253757e-05,6.876103414255494e-05,6.875571095134191e-05,6.875038911856582e-05,6.874506864372763e-05,6.873974952606566e-05,6.873443176512224e-05,6.872911536032759e-05,6.872380031099667e-05,6.87184866166753e-05,6.871317427687144e-05,6.870786329092841e-05,6.870255365839957e-05,6.869724537860529e-05,6.869193845099058e-05,6.868663287494371e-05,6.86813286499292e-05,6.867602577549234e-05,6.867072425102312e-05,6.866542407595973e-05,6.86601252498634e-05,6.865482777201479e-05,6.864953164187622e-05,6.864423685904484e-05,6.863894342267843e-05,6.863365133255196e-05,6.862836058808631e-05,6.86230711884286e-05,6.861778313315724e-05,6.861249642159987e-05,6.860721105354973e-05,6.860192702832799e-05,6.859664434526247e-05,6.859136300387714e-05,6.858608300353528e-05,6.858080434389197e-05,6.857552702405878e-05,6.857025104361479e-05,6.856497640198234e-05,6.855970309893575e-05,6.855443113366584e-05,6.854916050541111e-05,6.854389121389688e-05,6.853862325849358e-05,6.853335663900862e-05,6.852809135442033e-05,6.852282740435062e-05,6.851756478842506e-05,6.851230350591566e-05,6.850704355589378e-05,6.850178493821825e-05,6.849652765282638e-05,6.849127169822489e-05,6.848601707434283e-05,6.848076378078612e-05,6.847551181682106e-05,6.847026118136146e-05,6.846501187457377e-05,6.84597638957433e-05,6.845451724451964e-05,6.84492719206306e-05,6.844402792369417e-05,6.843878525135802e-05,6.843354390406445e-05,6.84283038818288e-05,6.842306518345209e-05,6.841782780884099e-05,6.841259175813575e-05,6.840735702904887e-05,6.840212362205611e-05,6.839689153715785e-05,6.839166077287107e-05,6.838643132957624e-05,6.838120320600451e-05,6.837597640097436e-05,6.837075091486897e-05,6.836552674695268e-05,6.836030389661844e-05,6.835508236378928e-05,6.834986214805757e-05,6.834464324877107e-05,6.833942566530428e-05,6.83342093963099e-05,6.832899444188523e-05,6.832378080129976e-05,6.831856847436805e-05,6.831335746083259e-05,6.830814775041052e-05,6.830293936041501e-05,6.829773227294885e-05,6.829252649606994e-05,6.828732202914561e-05,6.828211887013933e-05,6.827691703081724e-05,6.82717164893765e-05,6.826651725580996e-05,6.826131932965928e-05,6.825612270922888e-05,6.825092741256683e-05,6.824573340541675e-05,6.824054070232956e-05,6.82353493046554e-05,6.823015921112344e-05,6.822497042726555e-05,6.821978294625036e-05,6.8214596761745e-05,6.820941187928241e-05,6.820422830124964e-05,6.819904602109094e-05,6.819386504067005e-05,6.81886853598463e-05,6.818350696453674e-05,6.817832989071576e-05,6.817315411205982e-05,6.816797962946777e-05,6.816280644552404e-05,6.81576345556003e-05,6.815246396530116e-05,6.814729467079998e-05,6.814212667514544e-05,6.813695997392408e-05,6.813179457158016e-05,6.812663046608787e-05,6.812146764627498e-05,6.811630611063983e-05,6.811114588234802e-05,6.810598693190497e-05,6.810082927288456e-05,6.809567290647657e-05,6.809051783725152e-05,6.80853640496984e-05,6.808021155072034e-05,6.807506033989291e-05,6.80699104165964e-05,6.806476178122846e-05,6.805961443394869e-05,6.80544683729748e-05,6.804932359686473e-05,6.804418010718596e-05,6.803903790079118e-05,6.803389697924364e-05,6.802875734062802e-05,6.802361898473324e-05,6.80184819118147e-05,6.801334611464317e-05,6.800821160407324e-05,6.800307837584586e-05,6.799794642824324e-05,6.799281576135611e-05,6.798768637270478e-05,6.79825582645889e-05,6.797743143430613e-05,6.797230587812218e-05,6.796718160372577e-05,6.796205860616785e-05,6.79569368850287e-05,6.795181644033632e-05,6.79466972678736e-05,6.794157937007658e-05,6.793646274918884e-05,6.793134740247923e-05,6.79262333304546e-05,6.792112052807495e-05,6.791600900043838e-05,6.791089874390833e-05
