,0,1,2,3,4,5,6,7,8,9,10,11,12,13,14,15,16,17,18,19,20,21,22,23,24,25,26,27,28,29,30,31,32,33,34,35,36,37,38,39,40,41,42,43,44,45,46,47,48,49,50,51,52,53,54,55,56,57,58,59,60,61,62,63,64,65,66,67,68,69,70,71,72,73,74,75,76,77,78,79,80,81,82,83,84,85,86,87,88,89,90,91,92,93,94,95,96,97,98,99,100,101,102,103,104,105,106,107,108,109,110,111,112,113,114,115,116,117,118,119,120,121,122,123,124,125,126,127,128,129,130,131,132,133,134,135,136,137,138,139,140,141,142,143,144,145,146,147,148,149,150,151,152,153,154,155,156,157,158,159,160,161,162,163,164,165,166,167,168,169,170,171,172,173,174,175,176,177,178,179,180,181,182,183,184,185,186,187,188,189,190,191,192,193,194,195,196,197,198,199,200,201,202,203,204,205,206,207,208,209,210,211,212,213,214,215,216,217,218,219,220,221,222,223,224,225,226,227,228,229,230,231,232,233,234,235,236,237,238,239,240,241,242,243,244,245,246,247,248,249,250,251,252,253,254,255,256,257,258,259,260,261,262,263,264,265,266,267,268,269,270,271,272,273,274,275,276,277,278,279,280,281,282,283,284,285,286,287,288,289,290,291,292,293,294,295,296,297,298,299,300,301,302,303,304,305,306,307,308,309,310,311,312,313,314,315,316,317,318,319,320,321,322,323,324,325,326,327,328,329,330,331,332,333,334,335,336,337,338,339,340,341,342,343,344,345,346,347,348,349,350,351,352,353,354,355,356,357,358,359,360,361,362,363,364,365,366,367,368,369,370,371,372,373,374,375,376,377,378,379,380,381,382,383,384,385,386,387,388,389,390,391,392,393,394,395,396,397,398,399,400,401,402,403,404,405,406,407,408,409,410,411,412,413,414,415,416,417,418,419,420,421,422,423,424,425,426,427,428,429,430,431,432,433,434,435,436,437,438,439,440,441,442,443,444,445,446,447,448,449,450,451,452,453,454,455,456,457,458,459,460,461,462,463,464,465,466,467,468,469,470,471,472,473,474,475,476,477,478,479,480,481,482,483,484,485,486,487,488,489,490,491,492,493,494,495,496,497,498,499,500,501,502,503,504,505,506,507,508,509,510,511,512,513,514,515,516,517,518,519,520,521,522,523,524,525,526,527,528,529,530,531,532,533,534,535,536,537,538,539,540,541,542,543,544,545,546,547,548,549,550,551,552,553,554,555,556,557,558,559,560,561,562,563,564,565,566,567,568,569,570,571,572,573,574,575,576,577,578,579,580,581,582,583,584,585,586,587,588,589,590,591,592,593,594,595,596,597,598,599,600,601,602,603,604,605,606,607,608,609,610,611,612,613,614,615,616,617,618,619,620,621,622,623,624,625,626,627,628,629,630,631,632,633,634,635,636,637,638,639,640,641,642,643,644,645,646,647,648,649,650,651,652,653,654,655,656,657,658,659,660,661,662,663,664,665,666,667,668,669,670,671,672,673,674,675,676,677,678,679,680,681,682,683,684,685,686,687,688,689,690,691,692,693,694,695,696,697,698,699,700,701,702,703,704,705,706,707,708,709,710,711,712,713,714,715,716,717,718,719,720,721,722,723,724,725,726,727,728,729,730,731,732,733,734,735,736,737,738,739,740,741,742,743,744,745,746,747,748,749,750,751,752,753,754,755,756,757,758,759,760,761,762,763,764,765,766,767,768,769,770,771,772,773,774,775,776,777,778,779,780,781,782,783,784,785,786,787,788,789,790,791,792,793,794,795,796,797,798,799,800,801,802,803,804,805,806,807,808,809,810,811,812,813,814,815,816,817,818,819,820,821,822,823,824,825,826,827,828,829,830,831,832,833,834,835,836,837,838,839,840,841,842,843,844,845,846,847,848,849,850,851,852,853,854,855,856,857,858,859,860,861,862,863,864,865,866,867,868,869,870,871,872,873,874,875,876,877,878,879,880,881,882,883,884,885,886,887,888,889,890,891,892,893,894,895,896,897,898,899,900,901,902,903,904,905,906,907,908,909,910,911,912,913,914,915,916,917,918,919,920,921,922,923,924,925,926,927,928,929,930,931,932,933,934,935,936,937,938,939,940,941,942,943,944,945,946,947,948,949,950,951,952,953,954,955,956,957,958,959,960,961,962,963,964,965,966,967,968,969,970,971,972,973,974,975,976,977,978,979,980,981,982,983,984,985,986,987,988,989,990,991,992,993,994,995,996,997,998,999,1000,1001,1002,1003,1004,1005,1006,1007,1008,1009,1010,1011,1012,1013,1014,1015,1016,1017,1018,1019,1020,1021,1022,1023,1024,1025,1026,1027,1028,1029,1030,1031,1032,1033,1034,1035,1036,1037,1038,1039,1040,1041,1042,1043,1044,1045,1046,1047,1048,1049,1050,1051,1052,1053,1054,1055,1056,1057,1058,1059,1060,1061,1062,1063,1064,1065,1066,1067,1068,1069,1070,1071,1072,1073,1074,1075,1076,1077,1078,1079,1080,1081,1082,1083,1084,1085,1086,1087,1088,1089,1090,1091,1092,1093,1094,1095,1096,1097,1098,1099,1100,1101,1102,1103,1104,1105,1106,1107,1108,1109,1110,1111,1112,1113,1114,1115,1116,1117,1118,1119,1120,1121,1122,1123,1124,1125,1126,1127,1128,1129,1130,1131,1132,1133,1134,1135,1136,1137,1138,1139,1140,1141,1142,1143,1144,1145,1146,1147,1148,1149,1150,1151,1152,1153,1154,1155,1156,1157,1158,1159,1160,1161,1162,1163,1164,1165,1166,1167,1168,1169,1170,1171,1172,1173,1174,1175,1176,1177,1178,1179,1180,1181,1182,1183,1184,1185,1186,1187,1188,1189,1190,1191,1192,1193,1194,1195,1196,1197,1198,1199,1200,1201,1202,1203,1204,1205,1206,1207,1208,1209,1210,1211,1212,1213,1214,1215,1216,1217,1218,1219,1220,1221,1222,1223,1224,1225,1226,1227,1228,1229,1230,1231,1232,1233,1234,1235,1236,1237,1238,1239,1240,1241,1242,1243,1244,1245,1246,1247,1248,1249,1250,1251,1252,1253,1254,1255,1256,1257,1258,1259,1260,1261,1262,1263,1264,1265,1266,1267,1268,1269,1270,1271,1272,1273,1274,1275,1276,1277,1278,1279,1280,1281,1282,1283,1284,1285,1286,1287,1288,1289,1290,1291,1292,1293,1294,1295,1296,1297,1298,1299,1300,1301,1302,1303,1304,1305,1306,1307,1308,1309,1310,1311,1312,1313,1314,1315,1316,1317,1318,1319,1320,1321,1322,1323,1324,1325,1326,1327,1328,1329,1330,1331,1332,1333,1334,1335,1336,1337,1338,1339,1340,1341,1342,1343,1344,1345,1346,1347,1348,1349,1350,1351,1352,1353,1354,1355,1356,1357,1358,1359,1360,1361,1362,1363,1364,1365,1366,1367,1368,1369,1370,1371,1372,1373,1374,1375,1376,1377,1378,1379,1380,1381,1382,1383,1384,1385,1386,1387,1388,1389,1390,1391,1392,1393,1394,1395,1396,1397,1398,1399,1400,1401,1402,1403,1404,1405,1406,1407,1408,1409,1410,1411,1412,1413,1414,1415,1416,1417,1418,1419,1420,1421,1422,1423,1424,1425,1426,1427,1428,1429,1430,1431,1432,1433,1434,1435,1436,1437,1438,1439,1440,1441,1442,1443,1444,1445,1446,1447,1448,1449,1450,1451,1452,1453,1454,1455,1456,1457,1458,1459,1460,1461,1462,1463,1464,1465,1466,1467,1468,1469,1470,1471,1472,1473,1474,1475,1476,1477,1478,1479,1480,1481,1482,1483,1484,1485,1486,1487,1488,1489,1490,1491,1492,1493,1494,1495,1496,1497,1498,1499,1500,1501,1502,1503,1504,1505,1506,1507,1508,1509,1510,1511,1512,1513,1514,1515,1516,1517,1518,1519,1520,1521,1522,1523,1524,1525,1526,1527,1528,1529,1530,1531,1532,1533,1534,1535,1536,1537,1538,1539,1540,1541,1542,1543,1544,1545,1546,1547,1548,1549,1550,1551,1552,1553,1554,1555,1556,1557,1558,1559,1560,1561,1562,1563,1564,1565,1566,1567,1568,1569,1570,1571,1572,1573,1574,1575,1576,1577,1578,1579,1580,1581,1582,1583,1584,1585,1586,1587,1588,1589,1590,1591,1592,1593,1594,1595,1596,1597,1598,1599,1600,1601,1602,1603,1604,1605,1606,1607,1608,1609,1610,1611,1612,1613,1614,1615,1616,1617,1618,1619,1620,1621,1622,1623,1624,1625,1626,1627,1628,1629,1630,1631,1632,1633,1634,1635,1636,1637,1638,1639,1640,1641,1642,1643,1644,1645,1646,1647,1648,1649,1650,1651,1652,1653,1654,1655,1656,1657,1658,1659,1660,1661,1662,1663,1664,1665,1666,1667,1668,1669,1670,1671,1672,1673,1674,1675,1676,1677,1678,1679,1680,1681,1682,1683,1684,1685,1686,1687,1688,1689,1690,1691,1692,1693,1694,1695,1696,1697,1698,1699,1700,1701,1702,1703,1704,1705,1706,1707,1708,1709,1710,1711,1712,1713,1714,1715,1716,1717,1718,1719,1720,1721,1722,1723,1724,1725,1726,1727,1728,1729,1730,1731,1732,1733,1734,1735,1736,1737,1738,1739,1740,1741,1742,1743,1744,1745,1746,1747,1748,1749,1750,1751,1752,1753,1754,1755,1756,1757,1758,1759,1760,1761,1762,1763,1764,1765,1766,1767,1768,1769,1770,1771,1772,1773,1774,1775,1776,1777,1778,1779,1780,1781,1782,1783,1784,1785,1786,1787,1788,1789,1790,1791,1792,1793,1794,1795,1796,1797,1798,1799,1800,1801,1802,1803,1804,1805,1806,1807,1808,1809,1810,1811,1812,1813,1814,1815,1816,1817,1818,1819,1820,1821,1822,1823,1824,1825,1826,1827,1828,1829,1830,1831,1832,1833,1834,1835,1836,1837,1838,1839,1840,1841,1842,1843,1844,1845,1846,1847,1848,1849,1850,1851,1852,1853,1854,1855,1856,1857,1858,1859,1860,1861,1862,1863,1864,1865,1866,1867,1868,1869,1870,1871,1872,1873,1874,1875,1876,1877,1878,1879,1880,1881,1882,1883,1884,1885,1886,1887,1888,1889,1890,1891,1892,1893,1894,1895,1896,1897,1898,1899,1900,1901,1902,1903,1904,1905,1906,1907,1908,1909,1910,1911,1912,1913,1914,1915,1916,1917,1918,1919,1920,1921,1922,1923,1924,1925,1926,1927,1928,1929,1930,1931,1932,1933,1934,1935,1936,1937,1938,1939,1940,1941,1942,1943,1944,1945,1946,1947,1948,1949,1950,1951,1952,1953,1954,1955,1956,1957,1958,1959,1960,1961,1962,1963,1964,1965,1966,1967,1968,1969,1970,1971,1972,1973,1974,1975,1976,1977,1978,1979,1980,1981,1982,1983,1984,1985,1986,1987,1988,1989,1990,1991,1992,1993,1994,1995,1996,1997,1998,1999,2000,2001,2002,2003,2004,2005,2006,2007,2008,2009,2010,2011,2012,2013,2014,2015,2016,2017,2018,2019,2020,2021,2022,2023,2024,2025,2026,2027,2028,2029,2030,2031,2032,2033,2034,2035,2036,2037,2038,2039,2040,2041,2042,2043,2044,2045,2046,2047,2048,2049,2050,2051,2052,2053,2054,2055,2056,2057,2058,2059,2060,2061,2062,2063,2064,2065,2066,2067,2068,2069,2070,2071,2072,2073,2074,2075,2076,2077,2078,2079,2080,2081,2082,2083,2084,2085,2086,2087,2088,2089,2090,2091,2092,2093,2094,2095,2096,2097,2098,2099,2100,2101,2102,2103,2104,2105,2106,2107,2108,2109,2110,2111,2112,2113,2114,2115,2116,2117,2118,2119,2120,2121,2122,2123,2124,2125,2126,2127,2128,2129,2130,2131,2132,2133,2134,2135,2136,2137,2138,2139,2140,2141,2142,2143,2144,2145,2146,2147,2148,2149,2150,2151,2152,2153,2154,2155,2156,2157,2158,2159,2160,2161,2162,2163,2164,2165,2166,2167,2168,2169,2170,2171,2172,2173,2174,2175,2176,2177,2178,2179,2180,2181,2182,2183,2184,2185,2186,2187,2188,2189,2190,2191,2192,2193,2194,2195,2196,2197,2198,2199,2200,2201,2202,2203,2204,2205,2206,2207,2208,2209,2210,2211,2212,2213,2214,2215,2216,2217,2218,2219,2220,2221,2222,2223,2224,2225,2226,2227,2228,2229,2230,2231,2232,2233,2234,2235,2236,2237,2238,2239,2240,2241,2242,2243,2244,2245,2246,2247,2248,2249,2250,2251,2252,2253,2254,2255,2256,2257,2258,2259,2260,2261,2262,2263,2264,2265,2266,2267,2268,2269,2270,2271,2272,2273,2274,2275,2276,2277,2278,2279,2280,2281,2282,2283,2284,2285,2286,2287,2288,2289,2290,2291,2292,2293,2294,2295,2296,2297,2298,2299,2300,2301,2302,2303,2304,2305,2306,2307,2308,2309,2310,2311,2312,2313,2314,2315,2316,2317,2318,2319,2320,2321,2322,2323,2324,2325,2326,2327,2328,2329,2330,2331,2332,2333,2334,2335,2336,2337,2338,2339,2340,2341,2342,2343,2344,2345,2346,2347,2348,2349,2350,2351,2352,2353,2354,2355,2356,2357,2358,2359,2360,2361,2362,2363,2364,2365,2366,2367,2368,2369,2370,2371,2372,2373,2374,2375,2376,2377,2378,2379,2380,2381,2382,2383,2384,2385,2386,2387,2388,2389,2390,2391,2392,2393,2394,2395,2396,2397,2398,2399,2400,2401,2402,2403,2404,2405,2406,2407,2408,2409,2410,2411,2412,2413,2414,2415,2416,2417,2418,2419,2420,2421,2422,2423,2424,2425,2426,2427,2428,2429,2430,2431,2432,2433,2434,2435,2436,2437,2438,2439,2440,2441,2442,2443,2444,2445,2446,2447,2448,2449,2450,2451,2452,2453,2454,2455,2456,2457,2458,2459,2460,2461,2462,2463,2464,2465,2466,2467,2468,2469,2470,2471,2472,2473,2474,2475,2476,2477,2478,2479,2480,2481,2482,2483,2484,2485,2486,2487,2488,2489,2490,2491,2492,2493,2494,2495,2496,2497,2498,2499,2500,2501,2502,2503,2504,2505,2506,2507,2508,2509,2510,2511,2512,2513,2514,2515,2516,2517,2518,2519,2520,2521,2522,2523,2524,2525,2526,2527,2528,2529,2530,2531,2532,2533,2534,2535,2536,2537,2538,2539,2540,2541,2542,2543,2544,2545,2546,2547,2548,2549,2550,2551,2552,2553,2554,2555,2556,2557,2558,2559,2560,2561,2562,2563,2564,2565,2566,2567,2568,2569,2570,2571,2572,2573,2574,2575,2576,2577,2578,2579,2580,2581,2582,2583,2584,2585,2586,2587,2588,2589,2590,2591,2592,2593,2594,2595,2596,2597,2598,2599,2600,2601,2602,2603,2604,2605,2606,2607,2608,2609,2610,2611,2612,2613,2614,2615,2616,2617,2618,2619,2620,2621,2622,2623,2624,2625,2626,2627,2628,2629,2630,2631,2632,2633,2634,2635,2636,2637,2638,2639,2640,2641,2642,2643,2644,2645,2646,2647,2648,2649,2650,2651,2652,2653,2654,2655,2656,2657,2658,2659,2660,2661,2662,2663,2664,2665,2666,2667,2668,2669,2670,2671,2672,2673,2674,2675,2676,2677,2678,2679,2680,2681,2682,2683,2684,2685,2686,2687,2688,2689,2690,2691,2692,2693,2694,2695,2696,2697,2698,2699,2700,2701,2702,2703,2704,2705,2706,2707,2708,2709,2710,2711,2712,2713,2714,2715,2716,2717,2718,2719,2720,2721,2722,2723,2724,2725,2726,2727,2728,2729,2730,2731,2732,2733,2734,2735,2736,2737,2738,2739,2740,2741,2742,2743,2744,2745,2746,2747,2748,2749,2750,2751,2752,2753,2754,2755,2756,2757,2758,2759,2760,2761,2762,2763,2764,2765,2766,2767,2768,2769,2770,2771,2772,2773,2774,2775,2776,2777,2778,2779,2780,2781,2782,2783,2784,2785,2786,2787,2788,2789,2790,2791,2792,2793,2794,2795,2796,2797,2798,2799,2800,2801,2802,2803,2804,2805,2806,2807,2808,2809,2810,2811,2812,2813,2814,2815,2816,2817,2818,2819,2820,2821,2822,2823,2824,2825,2826,2827,2828,2829,2830,2831,2832,2833,2834,2835,2836,2837,2838,2839,2840,2841,2842,2843,2844,2845,2846,2847,2848,2849,2850,2851,2852,2853,2854,2855,2856,2857,2858,2859,2860,2861,2862,2863,2864,2865,2866,2867,2868,2869,2870,2871,2872,2873,2874,2875,2876,2877,2878,2879,2880,2881,2882,2883,2884,2885,2886,2887,2888,2889,2890,2891,2892,2893,2894,2895,2896,2897,2898,2899,2900,2901,2902,2903,2904,2905,2906,2907,2908,2909,2910,2911,2912,2913,2914,2915,2916,2917,2918,2919,2920,2921,2922,2923,2924,2925,2926,2927,2928,2929,2930,2931,2932,2933,2934,2935,2936,2937,2938,2939,2940,2941,2942,2943,2944,2945,2946,2947,2948,2949,2950,2951,2952,2953,2954,2955,2956,2957,2958,2959,2960,2961,2962,2963,2964,2965,2966,2967,2968,2969,2970,2971,2972,2973,2974,2975,2976,2977,2978,2979,2980,2981,2982,2983,2984,2985,2986,2987,2988,2989,2990,2991,2992,2993,2994,2995,2996,2997,2998,2999,3000,3001,3002,3003,3004,3005,3006,3007,3008,3009,3010,3011,3012,3013,3014,3015,3016,3017,3018,3019,3020,3021,3022,3023,3024,3025,3026,3027,3028,3029,3030,3031,3032,3033,3034,3035,3036,3037,3038,3039,3040,3041,3042,3043,3044,3045,3046,3047,3048,3049,3050,3051,3052,3053,3054,3055,3056,3057,3058,3059,3060,3061,3062,3063,3064,3065,3066,3067,3068,3069,3070,3071,3072,3073,3074,3075,3076,3077,3078,3079,3080,3081,3082,3083,3084,3085,3086,3087,3088,3089,3090,3091,3092,3093,3094,3095,3096,3097,3098,3099,3100,3101,3102,3103,3104,3105,3106,3107,3108,3109,3110,3111,3112,3113,3114,3115,3116,3117,3118,3119,3120,3121,3122,3123,3124,3125,3126,3127,3128,3129,3130,3131,3132,3133,3134,3135,3136,3137,3138,3139,3140,3141,3142,3143,3144,3145,3146,3147,3148,3149,3150,3151,3152,3153,3154,3155,3156,3157,3158,3159,3160,3161,3162,3163,3164,3165,3166,3167,3168,3169,3170,3171,3172,3173,3174,3175,3176,3177,3178,3179,3180,3181,3182,3183,3184,3185,3186,3187,3188,3189,3190,3191,3192,3193,3194,3195,3196,3197,3198,3199,3200,3201,3202,3203,3204,3205,3206,3207,3208,3209,3210,3211,3212,3213,3214,3215,3216,3217,3218,3219,3220,3221,3222,3223,3224,3225,3226,3227,3228,3229,3230,3231,3232,3233,3234,3235,3236,3237,3238,3239,3240,3241,3242,3243,3244,3245,3246,3247,3248,3249,3250,3251,3252,3253,3254,3255,3256,3257,3258,3259,3260,3261,3262,3263,3264,3265,3266,3267,3268,3269,3270,3271,3272,3273,3274,3275,3276,3277,3278,3279,3280,3281,3282,3283,3284,3285,3286,3287,3288,3289,3290,3291,3292,3293,3294,3295,3296,3297,3298,3299,3300,3301,3302,3303,3304,3305,3306,3307,3308,3309,3310,3311,3312,3313,3314,3315,3316,3317,3318,3319,3320,3321,3322,3323,3324,3325,3326,3327,3328,3329,3330,3331,3332,3333,3334,3335,3336,3337,3338,3339,3340,3341,3342,3343,3344,3345,3346,3347,3348,3349,3350,3351,3352,3353,3354,3355,3356,3357,3358,3359,3360,3361,3362,3363,3364,3365,3366,3367,3368,3369,3370,3371,3372,3373,3374,3375,3376,3377,3378,3379,3380,3381,3382,3383,3384,3385,3386,3387,3388,3389,3390,3391,3392,3393,3394,3395,3396,3397,3398,3399,3400,3401,3402,3403,3404,3405,3406,3407,3408,3409,3410,3411,3412,3413,3414,3415,3416,3417,3418,3419,3420,3421,3422,3423,3424,3425,3426,3427,3428,3429,3430,3431,3432,3433,3434,3435,3436,3437,3438,3439,3440,3441,3442,3443,3444,3445,3446,3447,3448,3449,3450,3451,3452,3453,3454,3455,3456,3457,3458,3459,3460,3461,3462,3463,3464,3465,3466,3467,3468,3469,3470,3471,3472,3473,3474,3475,3476,3477,3478,3479,3480,3481,3482,3483,3484,3485,3486,3487,3488,3489,3490,3491,3492,3493,3494,3495,3496,3497,3498,3499,3500,3501,3502,3503,3504,3505,3506,3507,3508,3509,3510,3511,3512,3513,3514,3515,3516,3517,3518,3519,3520,3521,3522,3523,3524,3525,3526,3527,3528,3529,3530,3531,3532,3533,3534,3535,3536,3537,3538,3539,3540,3541,3542,3543,3544,3545,3546,3547,3548,3549,3550,3551,3552,3553,3554,3555,3556,3557,3558,3559,3560,3561,3562,3563,3564,3565,3566,3567,3568,3569,3570,3571,3572,3573,3574,3575,3576,3577,3578,3579,3580,3581,3582,3583,3584,3585,3586,3587,3588,3589,3590,3591,3592,3593,3594,3595,3596,3597,3598,3599,3600,3601,3602,3603,3604,3605,3606,3607,3608,3609,3610,3611,3612,3613,3614,3615,3616,3617,3618,3619,3620,3621,3622,3623,3624,3625,3626,3627,3628,3629,3630,3631,3632,3633,3634,3635,3636,3637,3638,3639,3640,3641,3642,3643,3644,3645,3646,3647,3648,3649,3650,3651,3652,3653,3654,3655,3656,3657,3658,3659,3660,3661,3662,3663,3664,3665,3666,3667,3668,3669,3670,3671,3672,3673,3674,3675,3676,3677,3678,3679,3680,3681,3682,3683,3684,3685,3686,3687,3688,3689,3690,3691,3692,3693,3694,3695,3696,3697,3698,3699,3700,3701,3702,3703,3704,3705,3706,3707,3708,3709,3710,3711,3712,3713,3714,3715,3716,3717,3718,3719,3720,3721,3722,3723,3724,3725,3726,3727,3728,3729,3730,3731,3732,3733,3734,3735,3736,3737,3738,3739,3740,3741,3742,3743,3744,3745,3746,3747,3748,3749,3750,3751,3752,3753,3754,3755,3756,3757,3758,3759,3760,3761,3762,3763,3764,3765,3766,3767,3768,3769,3770,3771,3772,3773,3774,3775,3776,3777,3778,3779,3780,3781,3782,3783,3784,3785,3786,3787,3788,3789,3790,3791,3792,3793,3794,3795,3796,3797,3798,3799,3800,3801,3802,3803,3804,3805,3806,3807,3808,3809,3810,3811,3812,3813,3814,3815,3816,3817,3818,3819,3820,3821,3822,3823,3824,3825,3826,3827,3828,3829,3830,3831,3832,3833,3834,3835,3836,3837,3838,3839,3840,3841,3842,3843,3844,3845,3846,3847,3848,3849,3850,3851,3852,3853,3854,3855,3856,3857,3858,3859,3860,3861,3862,3863,3864,3865,3866,3867,3868,3869,3870,3871,3872,3873,3874,3875,3876,3877,3878,3879,3880,3881,3882,3883,3884,3885,3886,3887,3888,3889,3890,3891,3892,3893,3894,3895,3896,3897,3898,3899,3900,3901,3902,3903,3904,3905,3906,3907,3908,3909,3910,3911,3912,3913,3914,3915,3916,3917,3918,3919,3920,3921,3922,3923,3924,3925,3926,3927,3928,3929,3930,3931,3932,3933,3934,3935,3936,3937,3938,3939,3940,3941,3942,3943,3944,3945,3946,3947,3948,3949,3950,3951,3952,3953,3954,3955,3956,3957,3958,3959,3960,3961,3962,3963,3964,3965,3966,3967,3968,3969,3970,3971,3972,3973,3974,3975,3976,3977,3978,3979,3980,3981,3982,3983,3984,3985,3986,3987,3988,3989,3990,3991,3992,3993,3994,3995,3996,3997,3998,3999,4000,4001,4002,4003,4004,4005,4006,4007,4008,4009,4010,4011,4012,4013,4014,4015,4016,4017,4018,4019,4020,4021,4022,4023,4024,4025,4026,4027,4028,4029,4030,4031,4032,4033,4034,4035,4036,4037,4038,4039,4040,4041,4042,4043,4044,4045,4046,4047,4048,4049,4050,4051,4052,4053,4054,4055,4056,4057,4058,4059,4060,4061,4062,4063,4064,4065,4066,4067,4068,4069,4070,4071,4072,4073,4074,4075,4076,4077,4078,4079,4080,4081,4082,4083,4084,4085,4086,4087,4088,4089,4090,4091,4092,4093,4094,4095,4096,4097,4098,4099,4100,4101,4102,4103,4104,4105,4106,4107,4108,4109,4110,4111,4112,4113,4114,4115,4116,4117,4118,4119,4120,4121,4122,4123,4124,4125,4126,4127,4128,4129,4130,4131,4132,4133,4134,4135,4136,4137,4138,4139,4140,4141,4142,4143,4144,4145,4146,4147,4148,4149,4150,4151,4152,4153,4154,4155,4156,4157,4158,4159,4160,4161,4162,4163,4164,4165,4166,4167,4168,4169,4170,4171,4172,4173,4174,4175,4176,4177,4178,4179,4180,4181,4182,4183,4184,4185,4186,4187,4188,4189,4190,4191,4192,4193,4194,4195,4196,4197,4198,4199,4200,4201,4202,4203,4204,4205,4206,4207,4208,4209,4210,4211,4212,4213,4214,4215,4216,4217,4218,4219,4220,4221,4222,4223,4224,4225,4226,4227,4228,4229,4230,4231,4232,4233,4234,4235,4236,4237,4238,4239,4240,4241,4242,4243,4244,4245,4246,4247,4248,4249,4250,4251,4252,4253,4254,4255,4256,4257,4258,4259,4260,4261,4262,4263,4264,4265,4266,4267,4268,4269,4270,4271,4272,4273,4274,4275,4276,4277,4278,4279,4280,4281,4282,4283,4284,4285,4286,4287,4288,4289,4290,4291,4292,4293,4294,4295,4296,4297,4298,4299,4300,4301,4302,4303,4304,4305,4306,4307,4308,4309,4310,4311,4312,4313,4314,4315,4316,4317,4318,4319,4320,4321,4322,4323,4324,4325,4326,4327,4328,4329,4330,4331,4332,4333,4334,4335,4336,4337,4338,4339,4340,4341,4342,4343,4344,4345,4346,4347,4348,4349,4350,4351,4352,4353,4354,4355,4356,4357,4358,4359,4360,4361,4362,4363,4364,4365,4366,4367,4368,4369,4370,4371,4372,4373,4374,4375,4376,4377,4378,4379,4380,4381,4382,4383,4384,4385,4386,4387,4388,4389,4390,4391,4392,4393,4394,4395,4396,4397,4398,4399,4400,4401,4402,4403,4404,4405,4406,4407,4408,4409,4410,4411,4412,4413,4414,4415,4416,4417,4418,4419,4420,4421,4422,4423,4424,4425,4426,4427,4428,4429,4430,4431,4432,4433,4434,4435,4436,4437,4438,4439,4440,4441,4442,4443,4444,4445,4446,4447,4448,4449,4450,4451,4452,4453,4454,4455,4456,4457,4458,4459,4460,4461,4462,4463,4464,4465,4466,4467,4468,4469,4470,4471,4472,4473,4474,4475,4476,4477,4478,4479,4480,4481,4482,4483,4484,4485,4486,4487,4488,4489,4490,4491,4492,4493,4494,4495,4496,4497,4498,4499,4500,4501,4502,4503,4504,4505,4506,4507,4508,4509,4510,4511,4512,4513,4514,4515,4516,4517,4518,4519,4520,4521,4522,4523,4524,4525,4526,4527,4528,4529,4530,4531,4532,4533,4534,4535,4536,4537,4538,4539,4540,4541,4542,4543,4544,4545,4546,4547,4548,4549,4550,4551,4552,4553,4554,4555,4556,4557,4558,4559,4560,4561,4562,4563,4564,4565,4566,4567,4568,4569,4570,4571,4572,4573,4574,4575,4576,4577,4578,4579,4580,4581,4582,4583,4584,4585,4586,4587,4588,4589,4590,4591,4592,4593,4594,4595,4596,4597,4598,4599,4600,4601,4602,4603,4604,4605,4606,4607,4608,4609,4610,4611,4612,4613,4614,4615,4616,4617,4618,4619,4620,4621,4622,4623,4624,4625,4626,4627,4628,4629,4630,4631,4632,4633,4634,4635,4636,4637,4638,4639,4640,4641,4642,4643,4644,4645,4646,4647,4648,4649,4650,4651,4652,4653,4654,4655,4656,4657,4658,4659,4660,4661,4662,4663,4664,4665,4666,4667,4668,4669,4670,4671,4672,4673,4674,4675,4676,4677,4678,4679,4680,4681,4682,4683,4684,4685,4686,4687,4688,4689,4690,4691,4692,4693,4694,4695,4696,4697,4698,4699,4700,4701,4702,4703,4704,4705,4706,4707,4708,4709,4710,4711,4712,4713,4714,4715,4716,4717,4718,4719,4720,4721,4722,4723,4724,4725,4726,4727,4728,4729,4730,4731,4732,4733,4734,4735,4736,4737,4738,4739,4740,4741,4742,4743,4744,4745,4746,4747,4748,4749,4750,4751,4752,4753,4754,4755,4756,4757,4758,4759,4760,4761,4762,4763,4764,4765,4766,4767,4768,4769,4770,4771,4772,4773,4774,4775,4776,4777,4778,4779,4780,4781,4782,4783,4784,4785,4786,4787,4788,4789,4790,4791,4792,4793,4794,4795,4796,4797,4798,4799,4800,4801,4802,4803,4804,4805,4806,4807,4808,4809,4810,4811,4812,4813,4814,4815,4816,4817,4818,4819,4820,4821,4822,4823,4824,4825,4826,4827,4828,4829,4830,4831,4832,4833,4834,4835,4836,4837,4838,4839,4840,4841,4842,4843,4844,4845,4846,4847,4848,4849,4850,4851,4852,4853,4854,4855,4856,4857,4858,4859,4860,4861,4862,4863,4864,4865,4866,4867,4868,4869,4870,4871,4872,4873,4874,4875,4876,4877,4878,4879,4880,4881,4882,4883,4884,4885,4886,4887,4888,4889,4890,4891,4892,4893,4894,4895,4896,4897,4898,4899,4900,4901,4902,4903,4904,4905,4906,4907,4908,4909,4910,4911,4912,4913,4914,4915,4916,4917,4918,4919,4920,4921,4922,4923,4924,4925,4926,4927,4928,4929,4930,4931,4932,4933,4934,4935,4936,4937,4938,4939,4940,4941,4942,4943,4944,4945,4946,4947,4948,4949,4950,4951,4952,4953,4954,4955,4956,4957,4958,4959,4960,4961,4962,4963,4964,4965,4966,4967,4968,4969,4970,4971,4972,4973,4974,4975,4976,4977,4978,4979,4980,4981,4982,4983,4984,4985,4986,4987,4988,4989,4990,4991,4992,4993,4994,4995,4996,4997,4998,4999,5000,5001,5002,5003,5004,5005,5006,5007,5008,5009,5010,5011,5012,5013,5014,5015,5016,5017,5018,5019,5020,5021,5022,5023,5024,5025,5026,5027,5028,5029,5030,5031,5032,5033,5034,5035,5036,5037,5038,5039,5040,5041,5042,5043,5044,5045,5046,5047,5048,5049,5050,5051,5052,5053,5054,5055,5056,5057,5058,5059,5060,5061,5062,5063,5064,5065,5066,5067,5068,5069,5070,5071,5072,5073,5074,5075,5076,5077,5078,5079,5080,5081,5082,5083,5084,5085,5086,5087,5088,5089,5090,5091,5092,5093,5094,5095,5096,5097,5098,5099,5100,5101,5102,5103,5104,5105,5106,5107,5108,5109,5110,5111,5112,5113,5114,5115,5116,5117,5118,5119,5120,5121,5122,5123,5124,5125,5126,5127,5128,5129,5130,5131,5132,5133,5134,5135,5136,5137,5138,5139,5140,5141,5142,5143,5144,5145,5146,5147,5148,5149,5150,5151,5152,5153,5154,5155,5156,5157,5158,5159,5160,5161,5162,5163,5164,5165,5166,5167,5168,5169,5170,5171,5172,5173,5174,5175,5176,5177,5178,5179,5180,5181,5182,5183,5184,5185,5186,5187,5188,5189,5190,5191,5192,5193,5194,5195,5196,5197,5198,5199,5200,5201,5202,5203,5204,5205,5206,5207,5208,5209,5210,5211,5212,5213,5214,5215,5216,5217,5218,5219,5220,5221,5222,5223,5224,5225,5226,5227,5228,5229,5230,5231,5232,5233,5234,5235,5236,5237,5238,5239,5240,5241,5242,5243,5244,5245,5246,5247,5248,5249,5250,5251,5252,5253,5254,5255,5256,5257,5258,5259,5260,5261,5262,5263,5264,5265,5266,5267,5268,5269,5270,5271,5272,5273,5274,5275,5276,5277,5278,5279,5280,5281,5282,5283,5284,5285,5286,5287,5288,5289,5290,5291,5292,5293,5294,5295,5296,5297,5298,5299,5300,5301,5302,5303,5304,5305,5306,5307,5308,5309,5310,5311,5312,5313,5314,5315,5316,5317,5318,5319,5320,5321,5322,5323,5324,5325,5326,5327,5328,5329,5330,5331,5332,5333,5334,5335,5336,5337,5338,5339,5340,5341,5342,5343,5344,5345,5346,5347,5348,5349,5350,5351,5352,5353,5354,5355,5356,5357,5358,5359,5360,5361,5362,5363,5364,5365,5366,5367,5368,5369,5370,5371,5372,5373,5374,5375,5376,5377,5378,5379,5380,5381,5382,5383,5384,5385,5386,5387,5388,5389,5390,5391,5392,5393,5394,5395,5396,5397,5398,5399,5400,5401,5402,5403,5404,5405,5406,5407,5408,5409,5410,5411,5412,5413,5414,5415,5416,5417,5418,5419,5420,5421,5422,5423,5424,5425,5426,5427,5428,5429,5430,5431,5432,5433,5434,5435,5436,5437,5438,5439,5440,5441,5442,5443,5444,5445,5446,5447,5448,5449,5450,5451,5452,5453,5454,5455,5456,5457,5458,5459,5460,5461,5462,5463,5464,5465,5466,5467,5468,5469,5470,5471,5472,5473,5474,5475,5476,5477,5478,5479,5480,5481,5482,5483,5484,5485,5486,5487,5488,5489,5490,5491,5492,5493,5494,5495,5496,5497,5498,5499,5500,5501,5502,5503,5504,5505,5506,5507,5508,5509,5510,5511,5512,5513,5514,5515,5516,5517,5518,5519,5520,5521,5522,5523,5524,5525,5526,5527,5528,5529,5530,5531,5532,5533,5534,5535,5536,5537,5538,5539,5540,5541,5542,5543,5544,5545,5546,5547,5548,5549,5550,5551,5552,5553,5554,5555,5556,5557,5558,5559,5560,5561,5562,5563,5564,5565,5566,5567,5568,5569,5570,5571,5572,5573,5574,5575,5576,5577,5578,5579,5580,5581,5582,5583,5584,5585,5586,5587,5588,5589,5590,5591,5592,5593,5594,5595,5596,5597,5598,5599,5600,5601,5602,5603,5604,5605,5606,5607,5608,5609,5610,5611,5612,5613,5614,5615,5616,5617,5618,5619,5620,5621,5622,5623,5624,5625,5626,5627,5628,5629,5630,5631,5632,5633,5634,5635,5636,5637,5638,5639,5640,5641,5642,5643,5644,5645,5646,5647,5648,5649,5650,5651,5652,5653,5654,5655,5656,5657,5658,5659,5660,5661,5662,5663,5664,5665,5666,5667,5668,5669,5670,5671,5672,5673,5674,5675,5676,5677,5678,5679,5680,5681,5682,5683,5684,5685,5686,5687,5688,5689,5690,5691,5692,5693,5694,5695,5696,5697,5698,5699,5700,5701,5702,5703,5704,5705,5706,5707,5708,5709,5710,5711,5712,5713,5714,5715,5716,5717,5718,5719,5720,5721,5722,5723,5724,5725,5726,5727,5728,5729,5730,5731,5732,5733,5734,5735,5736,5737,5738,5739,5740,5741,5742,5743,5744,5745,5746,5747,5748,5749,5750,5751,5752,5753,5754,5755,5756,5757,5758,5759,5760,5761,5762,5763,5764,5765,5766,5767,5768,5769,5770,5771,5772,5773,5774,5775,5776,5777,5778,5779,5780,5781,5782,5783,5784,5785,5786,5787,5788,5789,5790,5791,5792,5793,5794,5795,5796,5797,5798,5799,5800,5801,5802,5803,5804,5805,5806,5807,5808,5809,5810,5811,5812,5813,5814,5815,5816,5817,5818,5819,5820,5821,5822,5823,5824,5825,5826,5827,5828,5829,5830,5831,5832,5833,5834,5835,5836,5837,5838,5839,5840,5841,5842,5843,5844,5845,5846,5847,5848,5849,5850,5851,5852,5853,5854,5855,5856,5857,5858,5859,5860,5861,5862,5863,5864,5865,5866,5867,5868,5869,5870,5871,5872,5873,5874,5875,5876,5877,5878,5879,5880,5881,5882,5883,5884,5885,5886,5887,5888,5889,5890,5891,5892,5893,5894,5895,5896,5897,5898,5899,5900,5901,5902,5903,5904,5905,5906,5907,5908,5909,5910,5911,5912,5913,5914,5915,5916,5917,5918,5919,5920,5921,5922,5923,5924,5925,5926,5927,5928,5929,5930,5931,5932,5933,5934,5935,5936,5937,5938,5939,5940,5941,5942,5943,5944,5945,5946,5947,5948,5949,5950,5951,5952,5953,5954,5955,5956,5957,5958,5959,5960,5961,5962,5963,5964,5965,5966,5967,5968,5969,5970,5971,5972,5973,5974,5975,5976,5977,5978,5979,5980,5981,5982,5983,5984,5985,5986,5987,5988,5989,5990,5991,5992,5993,5994,5995,5996,5997,5998,5999,6000,6001,6002,6003,6004,6005,6006,6007,6008,6009,6010,6011,6012,6013,6014,6015,6016,6017,6018,6019,6020,6021,6022,6023,6024,6025,6026,6027,6028,6029,6030,6031,6032,6033,6034,6035,6036,6037,6038,6039,6040,6041,6042,6043,6044,6045,6046,6047,6048,6049,6050,6051,6052,6053,6054,6055,6056,6057,6058,6059,6060,6061,6062,6063,6064,6065,6066,6067,6068,6069,6070,6071,6072,6073,6074,6075,6076,6077,6078,6079,6080,6081,6082,6083,6084,6085,6086,6087,6088,6089,6090,6091,6092,6093,6094,6095,6096,6097,6098,6099,6100,6101,6102,6103,6104,6105,6106,6107,6108,6109,6110,6111,6112,6113,6114,6115,6116,6117,6118,6119,6120,6121,6122,6123,6124,6125,6126,6127,6128,6129,6130,6131,6132,6133,6134,6135,6136,6137,6138,6139,6140,6141,6142,6143,6144,6145,6146,6147,6148,6149,6150,6151,6152,6153,6154,6155,6156,6157,6158,6159,6160,6161,6162,6163,6164,6165,6166,6167,6168,6169,6170,6171,6172,6173,6174,6175,6176,6177,6178,6179,6180,6181,6182,6183,6184,6185,6186,6187,6188,6189,6190,6191,6192,6193,6194,6195,6196,6197,6198,6199,6200,6201,6202,6203,6204,6205,6206,6207,6208,6209,6210,6211,6212,6213,6214,6215,6216,6217,6218,6219,6220,6221,6222,6223,6224,6225,6226,6227,6228,6229,6230,6231,6232,6233,6234,6235,6236,6237,6238,6239,6240,6241,6242,6243,6244,6245,6246,6247,6248,6249,6250,6251,6252,6253,6254,6255,6256,6257,6258,6259,6260,6261,6262,6263,6264,6265,6266,6267,6268,6269,6270,6271,6272,6273,6274,6275,6276,6277,6278,6279,6280,6281,6282,6283,6284,6285,6286,6287,6288,6289,6290,6291,6292,6293,6294,6295,6296,6297,6298,6299,6300,6301,6302,6303,6304,6305,6306,6307,6308,6309,6310,6311,6312,6313,6314,6315,6316,6317,6318,6319,6320,6321,6322,6323,6324,6325,6326,6327,6328,6329,6330,6331,6332,6333,6334,6335,6336,6337,6338,6339,6340,6341,6342,6343,6344,6345,6346,6347,6348,6349,6350,6351,6352,6353,6354,6355,6356,6357,6358,6359,6360,6361,6362,6363,6364,6365,6366,6367,6368,6369,6370,6371,6372,6373,6374,6375,6376,6377,6378,6379,6380,6381,6382,6383,6384,6385,6386,6387,6388,6389,6390,6391,6392,6393,6394,6395,6396,6397,6398,6399,6400,6401,6402,6403,6404,6405,6406,6407,6408,6409,6410,6411,6412,6413,6414,6415,6416,6417,6418,6419,6420,6421,6422,6423,6424,6425,6426,6427,6428,6429,6430,6431,6432,6433,6434,6435,6436,6437,6438,6439,6440,6441,6442,6443,6444,6445,6446,6447,6448,6449,6450,6451,6452,6453,6454,6455,6456,6457,6458,6459,6460,6461,6462,6463,6464,6465,6466,6467,6468,6469,6470,6471,6472,6473,6474,6475,6476,6477,6478,6479,6480,6481,6482,6483,6484,6485,6486,6487,6488,6489,6490,6491,6492,6493,6494,6495,6496,6497,6498,6499,6500,6501,6502,6503,6504,6505,6506,6507,6508,6509,6510,6511,6512,6513,6514,6515,6516,6517,6518,6519,6520,6521,6522,6523,6524,6525,6526,6527,6528,6529,6530,6531,6532,6533,6534,6535,6536,6537,6538,6539,6540,6541,6542,6543,6544,6545,6546,6547,6548,6549,6550,6551,6552,6553,6554,6555,6556,6557,6558,6559,6560,6561,6562,6563,6564,6565,6566,6567,6568,6569,6570,6571,6572,6573,6574,6575,6576,6577,6578,6579,6580,6581,6582,6583,6584,6585,6586,6587,6588,6589,6590,6591,6592,6593,6594,6595,6596,6597,6598,6599,6600,6601,6602,6603,6604,6605,6606,6607,6608,6609,6610,6611,6612,6613,6614,6615,6616,6617,6618,6619,6620,6621,6622,6623,6624,6625,6626,6627,6628,6629,6630,6631,6632,6633,6634,6635,6636,6637,6638,6639,6640,6641,6642,6643,6644,6645,6646,6647,6648,6649,6650,6651,6652,6653,6654,6655,6656,6657,6658,6659,6660,6661,6662,6663,6664,6665,6666,6667,6668,6669,6670,6671,6672,6673,6674,6675,6676,6677,6678,6679,6680,6681,6682,6683,6684,6685,6686,6687,6688,6689,6690,6691,6692,6693,6694,6695,6696,6697,6698,6699,6700,6701,6702,6703,6704,6705,6706,6707,6708,6709,6710,6711,6712,6713,6714,6715,6716,6717,6718,6719,6720,6721,6722,6723,6724,6725,6726,6727,6728,6729,6730,6731,6732,6733,6734,6735,6736,6737,6738,6739,6740,6741,6742,6743,6744,6745,6746,6747,6748,6749,6750,6751,6752,6753,6754,6755,6756,6757,6758,6759,6760,6761,6762,6763,6764,6765,6766,6767,6768,6769,6770,6771,6772,6773,6774,6775,6776,6777,6778,6779,6780,6781,6782,6783,6784,6785,6786,6787,6788,6789,6790,6791,6792,6793,6794,6795,6796,6797,6798,6799,6800,6801,6802,6803,6804,6805,6806,6807,6808,6809,6810,6811,6812,6813,6814,6815,6816,6817,6818,6819,6820,6821,6822,6823,6824,6825,6826,6827,6828,6829,6830,6831,6832,6833,6834,6835,6836,6837,6838,6839,6840,6841,6842,6843,6844,6845,6846,6847,6848,6849,6850,6851,6852,6853,6854,6855,6856,6857,6858,6859,6860,6861,6862,6863,6864,6865,6866,6867,6868,6869,6870,6871,6872,6873,6874,6875,6876,6877,6878,6879,6880,6881,6882,6883,6884,6885,6886,6887,6888,6889,6890,6891,6892,6893,6894,6895,6896,6897,6898,6899,6900,6901,6902,6903,6904,6905,6906,6907,6908,6909,6910,6911,6912,6913,6914,6915,6916,6917,6918,6919,6920,6921,6922,6923,6924,6925,6926,6927,6928,6929,6930,6931,6932,6933,6934,6935,6936,6937,6938,6939,6940,6941,6942,6943,6944,6945,6946,6947,6948,6949,6950,6951,6952,6953,6954,6955,6956,6957,6958,6959,6960,6961,6962,6963,6964,6965,6966,6967,6968,6969,6970,6971,6972,6973,6974,6975,6976,6977,6978,6979,6980,6981,6982,6983,6984,6985,6986,6987,6988,6989,6990,6991,6992,6993,6994,6995,6996,6997,6998,6999,7000
0,0.10431714695093766,0.10431714695093766,0.10431714695093766,0.10431714695093766,0.10431714695093766,0.10431714695093766,0.10431714695093766,0.10431714695093766,0.10431714695093766,0.10431714695093766,0.10431714695093766,0.10431714695093766,0.10431714695093766,0.10431714695093766,0.10431714695093766,0.10431714695093766,0.10431714695093766,0.10431714695093766,0.10431714695093766,0.10431714695093766,0.10431714695093766,0.10431714695093766,0.10431714695093766,0.10431714695093766,0.10431714695093766,0.10431714695093766,0.10431714695093766,0.10431714695093766,0.10431714695093766,0.10431714695093766,0.10431714695093766,0.10431714695093766,0.10431714695093766,0.10431714695093766,0.10431714695093766,0.10431714695093766,0.10431714695093766,0.10431714695093766,0.10431714695093766,0.10431714695093766,0.10431714695093766,0.10431714695093766,0.10431714695093766,0.10431714695093766,0.10431714695093766,0.10431714695093766,0.10431714695093766,0.10431714695093766,0.10431714695093766,0.10431714695093766,0.10431714695093766,0.10431714695093766,0.10431714695093766,0.10431714695093766,0.10431714695093766,0.10431714695093766,0.10431714695093766,0.10431714695093766,0.10431714695093766,0.10431714695093766,0.10431714695093766,0.10431714695093766,0.10431714695093766,0.10431714695093766,0.10431714695093766,0.10431714695093766,0.10431714695093766,0.10431714695093766,0.10431714695093766,0.10431714695093766,0.10431714695093766,0.10431714695093766,0.10431714695093766,0.10431714695093766,0.10431714695093766,0.10431714695093766,0.10431714695093766,0.10431714695093766,0.10431714695093766,0.10431714695093766,0.10431714695093766,0.10431714695093766,0.10431714695093766,0.10431714695093766,0.10431714695093766,0.10431714695093766,0.10431714695093766,0.10431714695093766,0.10431714695093766,0.10431714695093766,0.10431714695093766,0.10431714695093766,0.10431714695093766,0.10431714695093766,0.10431714695093766,0.10431714695093766,0.10431714695093766,0.10431714695093766,0.10431714695093766,0.10431714695093766,0.10431714695093766,0.10431714695093766,0.10431714695093766,0.10431714695093766,0.10431714695093766,0.10431714695093766,0.10431714695093766,0.10431714695093766,0.10431714695093766,0.10431714695093766,0.10431714695093766,0.10431714695093766,0.10431714695093766,0.10431714695093766,0.10431714695093766,0.10431714695093766,0.10431714695093766,0.10431714695093766,0.10431714695093766,0.10431714695093766,0.10431714695093766,0.10431714695093766,0.10431714695093766,0.10431714695093766,0.10431714695093766,0.10431714695093766,0.10431714695093766,0.10431714695093766,0.10431714695093766,0.10431714695093766,0.10431714695093766,0.10431714695093766,0.10431714695093766,0.10431714695093766,0.10431714695093766,0.10431714695093766,0.10431714695093766,0.10431714695093766,0.10431714695093766,0.10431714695093766,0.10431714695093766,0.10431714695093766,0.10431714695093766,0.10431714695093766,0.10431714695093766,0.10431714695093766,0.10431714695093766,0.10431714695093766,0.10431714695093766,0.10431714695093766,0.10431714695093766,0.10431714695093766,0.10431714695093766,0.10431714695093766,0.10431714695093766,0.10431714695093766,0.10431714695093766,0.10431714695093766,0.10431714695093766,0.10431714695093766,0.10431714695093766,0.10431714695093766,0.10431714695093766,0.10431714695093766,0.10431714695093766,0.10431714695093766,0.10431714695093766,0.10431714695093766,0.10431714695093766,0.10431714695093766,0.10431714695093766,0.10431714695093766,0.10431714695093766,0.10431714695093766,0.10431714695093766,0.10431714695093766,0.10431714695093766,0.10431714695093766,0.10431714695093766,0.10431714695093766,0.10431714695093766,0.10431714695093766,0.10431714695093766,0.10431714695093766,0.10431714695093766,0.10431714695093766,0.10431714695093766,0.10431714695093766,0.10431714695093766,0.10431714695093766,0.10431714695093766,0.10431714695093766,0.10431714695093766,0.10431714695093766,0.10431714695093766,0.10431714695093766,0.10431714695093766,0.10431714695093766,0.10431714695093766,0.10431714695093766,0.10431714695093766,0.10431714695093766,0.10431714695093766,0.10431714695093766,0.10431714695093766,0.10431714695093766,0.10431714695093766,0.10431714695093766,0.10431714695093766,0.10431714695093766,0.10431714695093766,0.10431714695093766,0.10431714695093766,0.10431714695093766,0.10431714695093766,0.10431714695093766,0.10431714695093766,0.10431714695093766,0.10431714695093766,0.10431714695093766,0.10431714695093766,0.10431714695093766,0.10431714695093766,0.10431714695093766,0.10431714695093766,0.10431714695093766,0.10431714695093766,0.10431714695093766,0.10431714695093766,0.10431714695093766,0.10431714695093766,0.10431714695093766,0.10431714695093766,0.10431714695093766,0.10431714695093766,0.10431714695093766,0.10431714695093766,0.10431714695093766,0.10431714695093766,0.10431714695093766,0.10431714695093766,0.10431714695093766,0.10431714695093766,0.10431714695093766,0.10431714695093766,0.10431714695093766,0.10431714695093766,0.10431714695093766,0.10431714695093766,0.10431714695093766,0.10431714695093766,0.10431714695093766,0.10431714695093766,0.10431714695093766,0.10431714695093766,0.10431714695093766,0.10431714695093766,0.10431714695093766,0.10431714695093766,0.10431714695093766,0.10431714695093766,0.10431714695093766,0.10431714695093766,0.10431714695093766,0.10431714695093766,0.10431714695093766,0.10431714695093766,0.10431714695093766,0.10431714695093766,0.10431714695093766,0.10431714695093766,0.10431714695093766,0.10431714695093766,0.10431714695093766,0.10431714695093766,0.10431714695093766,0.10431714695093766,0.10431714695093766,0.10431714695093766,0.10431714695093766,0.10431714695093766,0.10431714695093766,0.10431714695093766,0.10431714695093766,0.10431714695093766,0.10431714695093766,0.10431714695093766,0.10431714695093766,0.10431714695093766,0.10431714695093766,0.10431714695093766,0.10431714695093766,0.10431714695093766,0.10431714695093766,0.10431714695093766,0.10431714695093766,0.10431714695093766,0.10431714695093766,0.10431714695093766,0.10431714695093766,0.10431714695093766,0.10431714695093766,0.10431714695093766,0.10431714695093766,0.10431714695093766,0.10431714695093766,0.10431714695093766,0.10431714695093766,0.10431714695093766,0.10431714695093766,0.10431714695093766,0.10431714695093766,0.10431714695093766,0.10431714695093766,0.10431714695093766,0.10431714695093766,0.10431714695093766,0.10431714695093766,0.10431714695093766,0.10431714695093766,0.10431714695093766,0.10431714695093766,0.10431714695093766,0.10431714695093766,0.10431714695093766,0.10431714695093766,0.10431714695093766,0.10431714695093766,0.10431714695093766,0.10431714695093766,0.10431714695093766,0.10431714695093766,0.10431714695093766,0.10431714695093766,0.10431714695093766,0.10431714695093766,0.10431714695093766,0.10431714695093766,0.10431714695093766,0.10431714695093766,0.10431714695093766,0.10431714695093766,0.10431714695093766,0.10431714695093766,0.10431714695093766,0.10431714695093766,0.10431714695093766,0.10431714695093766,0.10431714695093766,0.10431714695093766,0.10431714695093766,0.10431714695093766,0.10431714695093766,0.10431714695093766,0.10431714695093766,0.10431714695093766,0.10431714695093766,0.10431714695093766,0.10431714695093766,0.10431714695093766,0.10431714695093766,0.10431714695093766,0.10431714695093766,0.10431714695093766,0.10431714695093766,0.10431714695093766,0.10431714695093766,0.10431714695093766,0.10431714695093766,0.10431714695093766,0.10431714695093766,0.10431714695093766,0.10431714695093766,0.10431714695093766,0.10431714695093766,0.10431714695093766,0.10431714695093766,0.10431714695093766,0.10431714695093766,0.10431714695093766,0.10431714695093766,0.10431714695093766,0.10431714695093766,0.10431714695093766,0.10431714695093766,0.10431714695093766,0.10431714695093766,0.10431714695093766,0.10431714695093766,0.10431714695093766,0.10431714695093766,0.10431714695093766,0.10431714695093766,0.10431714695093766,0.10431714695093766,0.10431714695093766,0.10431714695093766,0.10431714695093766,0.10431714695093766,0.10431714695093766,0.10431714695093766,0.10431714695093766,0.10431714695093766,0.10431714695093766,0.10431714695093766,0.10431714695093766,0.10431714695093766,0.10431714695093766,0.10431714695093766,0.10431714695093766,0.10431714695093766,0.10431714695093766,0.10431714695093766,0.10431714695093766,0.10431714695093766,0.10431714695093766,0.10431714695093766,0.10431714695093766,0.10431714695093766,0.10431714695093766,0.10431714695093766,0.10431714695093766,0.10431714695093766,0.10431714695093766,0.10431714695093766,0.10431714695093766,0.10431714695093766,0.10431714695093766,0.10431714695093766,0.10431714695093766,0.10431714695093766,0.10431714695093766,0.10431714695093766,0.10431714695093766,0.10431714695093766,0.10431714695093766,0.10431714695093766,0.10431714695093766,0.10431714695093766,0.10431714695093766,0.10431714695093766,0.10431714695093766,0.10431714695093766,0.10431714695093766,0.10431714695093766,0.10431714695093766,0.10431714695093766,0.10431714695093766,0.10431714695093766,0.10431714695093766,0.10431714695093766,0.10431714695093766,0.10431714695093766,0.10431714695093766,0.10431714695093766,0.10431714695093766,0.10431714695093766,0.10431714695093766,0.10431714695093766,0.10431714695093766,0.10431714695093766,0.10431714695093766,0.10431714695093766,0.10431714695093766,0.10431714695093766,0.10431714695093766,0.10431714695093766,0.10431714695093766,0.10431714695093766,0.10431714695093766,0.10431714695093766,0.10431714695093766,0.10431714695093766,0.10431714695093766,0.10431714695093766,0.10431714695093766,0.10431714695093766,0.10431714695093766,0.10431714695093766,0.10431714695093766,0.10431714695093766,0.10431714695093766,0.10431714695093766,0.10431714695093766,0.10431714695093766,0.10431714695093766,0.10431714695093766,0.10431714695093766,0.10431714695093766,0.10431714695093766,0.10431714695093766,0.10431714695093766,0.10431714695093766,0.10431714695093766,0.10431714695093766,0.10431714695093766,0.10431714695093766,0.10431714695093766,0.10431714695093766,0.10431714695093766,0.10431714695093766,0.10431714695093766,0.10431714695093766,0.10431714695093766,0.10431714695093766,0.10431714695093766,0.10431714695093766,0.10431714695093766,0.10431714695093766,0.10431714695093766,0.10431714695093766,0.10431714695093766,0.10431714695093766,0.10431714695093766,0.10431714695093766,0.10431714695093766,0.10431714695093766,0.10431714695093766,0.10431714695093766,0.10431714695093766,0.10431714695093766,0.10431714695093766,0.10431714695093766,0.10431714695093766,0.10431714695093766,0.10431714695093766,0.10431714695093766,0.10431714695093766,0.10431714695093766,0.10431714695093766,0.10431714695093766,0.10431714695093766,0.10431714695093766,0.10431714695093766,0.10431714695093766,0.10431714695093766,0.10431714695093766,0.10431714695093766,0.10431714695093766,0.10431714695093766,0.10431714695093766,0.10431714695093766,0.10431714695093766,0.10431714695093766,0.10431714695093766,0.10431714695093766,0.10431714695093766,0.10431714695093766,0.10431714695093766,0.10431714695093766,0.10431714695093766,0.10431714695093766,0.10431714695093766,0.10431714695093766,0.10431714695093766,0.10431714695093766,0.10431714695093766,0.10431714695093766,0.10431714695093766,0.10431714695093766,0.10431714695093766,0.10431714695093766,0.10431714695093766,0.10431714695093766,0.10431714695093766,0.10431714695093766,0.10431714695093766,0.10431714695093766,0.10431714695093766,0.10431714695093766,0.10431714695093766,0.10431714695093766,0.10431714695093766,0.10431714695093766,0.10431714695093766,0.10431714695093766,0.10431714695093766,0.10431714695093766,0.10431714695093766,0.10431714695093766,0.10431714695093766,0.10431714695093766,0.10431714695093766,0.10431714695093766,0.10431714695093766,0.10431714695093766,0.10431714695093766,0.10431714695093766,0.10431714695093766,0.10431714695093766,0.10431714695093766,0.10431714695093766,0.10431714695093766,0.10431714695093766,0.10431714695093766,0.10431714695093766,0.10431714695093766,0.10431714695093766,0.10431714695093766,0.10431714695093766,0.10431714695093766,0.10431714695093766,0.10431714695093766,0.10431714695093766,0.10431714695093766,0.10431714695093766,0.10431714695093766,0.10431714695093766,0.10431714695093766,0.10431714695093766,0.10431714695093766,0.10431714695093766,0.10431714695093766,0.10431714695093766,0.10431714695093766,0.10431714695093766,0.10431714695093766,0.10431714695093766,0.10431714695093766,0.10431714695093766,0.10431714695093766,0.10431714695093766,0.10431714695093766,0.10431714695093766,0.10431714695093766,0.10431714695093766,0.10431714695093766,0.10431714695093766,0.10431714695093766,0.10431714695093766,0.10431714695093766,0.10431714695093766,0.10431714695093766,0.10431714695093766,0.10431714695093766,0.10431714695093766,0.10431714695093766,0.10431714695093766,0.10431714695093766,0.10431714695093766,0.10431714695093766,0.10431714695093766,0.10431714695093766,0.10431714695093766,0.10431714695093766,0.10431714695093766,0.10431714695093766,0.10431714695093766,0.10431714695093766,0.10431714695093766,0.10431714695093766,0.10431714695093766,0.10431714695093766,0.10431714695093766,0.10431714695093766,0.10431714695093766,0.10431714695093766,0.10431714695093766,0.10431714695093766,0.10431714695093766,0.10431714695093766,0.10431714695093766,0.10431714695093766,0.10431714695093766,0.10431714695093766,0.10431714695093766,0.10431714695093766,0.10431714695093766,0.10431714695093766,0.10431714695093766,0.10431714695093766,0.10431714695093766,0.10431714695093766,0.10431714695093766,0.10431714695093766,0.10431714695093766,0.10431714695093766,0.10431714695093766,0.10431714695093766,0.10431714695093766,0.10431714695093766,0.10431714695093766,0.10431714695093766,0.10431714695093766,0.10431714695093766,0.10431714695093766,0.10431714695093766,0.10431714695093766,0.10431714695093766,0.10431714695093766,0.10431714695093766,0.10431714695093766,0.10431714695093766,0.10431714695093766,0.10431714695093766,0.10431714695093766,0.10431714695093766,0.10431714695093766,0.10431714695093766,0.10431714695093766,0.10431714695093766,0.10431714695093766,0.10431714695093766,0.10431714695093766,0.10431714695093766,0.10431714695093766,0.10431714695093766,0.10431714695093766,0.10431714695093766,0.10431714695093766,0.10431714695093766,0.10431714695093766,0.10431714695093766,0.10431714695093766,0.10431714695093766,0.10431714695093766,0.10431714695093766,0.10431714695093766,0.10431714695093766,0.10431714695093766,0.10431714695093766,0.10431714695093766,0.10431714695093766,0.10431714695093766,0.10431714695093766,0.10431714695093766,0.10431714695093766,0.10431714695093766,0.10431714695093766,0.10431714695093766,0.10431714695093766,0.10431714695093766,0.10431714695093766,0.10431714695093766,0.10431714695093766,0.10431714695093766,0.10431714695093766,0.10431714695093766,0.10431714695093766,0.10431714695093766,0.10431714695093766,0.10431714695093766,0.10431714695093766,0.10431714695093766,0.10431714695093766,0.10431714695093766,0.10431714695093766,0.10431714695093766,0.10431714695093766,0.10431714695093766,0.10431714695093766,0.10431714695093766,0.10431714695093766,0.10431714695093766,0.10431714695093766,0.10431714695093766,0.10431714695093766,0.10431714695093766,0.10431714695093766,0.10431714695093766,0.10431714695093766,0.10431714695093766,0.10431714695093766,0.10431714695093766,0.10431714695093766,0.10431714695093766,0.10431714695093766,0.10431714695093766,0.10431714695093766,0.10431714695093766,0.10431714695093766,0.10431714695093766,0.10431714695093766,0.10431714695093766,0.10431714695093766,0.10431714695093766,0.10431714695093766,0.10431714695093766,0.10431714695093766,0.10431714695093766,0.10431714695093766,0.10431714695093766,0.10431714695093766,0.10431714695093766,0.10431714695093766,0.10431714695093766,0.10431714695093766,0.10431714695093766,0.10431714695093766,0.10431714695093766,0.10431714695093766,0.10431714695093766,0.10431714695093766,0.10431714695093766,0.10431714695093766,0.10431714695093766,0.10431714695093766,0.10431714695093766,0.10431714695093766,0.10431714695093766,0.10431714695093766,0.10431714695093766,0.10431714695093766,0.10431714695093766,0.10431714695093766,0.10431714695093766,0.10431714695093766,0.10431714695093766,0.10431714695093766,0.10431714695093766,0.10431714695093766,0.10431714695093766,0.10431714695093766,0.10431714695093766,0.10431714695093766,0.10431714695093766,0.10431714695093766,0.10431714695093766,0.10431714695093766,0.10431714695093766,0.10431714695093766,0.10431714695093766,0.10431714695093766,0.10431714695093766,0.10431714695093766,0.10431714695093766,0.10431714695093766,0.10431714695093766,0.10431714695093766,0.10431714695093766,0.10431714695093766,0.10431714695093766,0.10431714695093766,0.10431714695093766,0.10431714695093766,0.10431714695093766,0.10431714695093766,0.10431714695093766,0.10431714695093766,0.10431714695093766,0.10431714695093766,0.10431714695093766,0.10431714695093766,0.10431714695093766,0.10431714695093766,0.10431714695093766,0.10431714695093766,0.10431714695093766,0.10431714695093766,0.10431714695093766,0.10431714695093766,0.10431714695093766,0.10431714695093766,0.10431714695093766,0.10431714695093766,0.10431714695093766,0.10431714695093766,0.10431714695093766,0.10431714695093766,0.10431714695093766,0.10431714695093766,0.10431714695093766,0.10431714695093766,0.10431714695093766,0.10431714695093766,0.10431714695093766,0.10431714695093766,0.10431714695093766,0.10431714695093766,0.10431714695093766,0.10431714695093766,0.10431714695093766,0.10431714695093766,0.10431714695093766,0.10431714695093766,0.10431714695093766,0.10431714695093766,0.10431714695093766,0.10431714695093766,0.10431714695093766,0.10431714695093766,0.10431714695093766,0.10431714695093766,0.10431714695093766,0.10431714695093766,0.10431714695093766,0.10431714695093766,0.10431714695093766,0.10431714695093766,0.10431714695093766,0.10431714695093766,0.10431714695093766,0.10431714695093766,0.10431714695093766,0.10431714695093766,0.10431714695093766,0.10431714695093766,0.10431714695093766,0.10431714695093766,0.10431714695093766,0.10431714695093766,0.10431714695093766,0.10431714695093766,0.10431714695093766,0.10431714695093766,0.10431714695093766,0.10431714695093766,0.10431714695093766,0.10431714695093766,0.10431714695093766,0.10431714695093766,0.10431714695093766,0.10431714695093766,0.10431714695093766,0.10431714695093766,0.10431714695093766,0.10431714695093766,0.10431714695093766,0.10431714695093766,0.10431714695093766,0.10431714695093766,0.10431714695093766,0.10431714695093766,0.10431714695093766,0.10431714695093766,0.10431714695093766,0.10431714695093766,0.10431714695093766,0.10431714695093766,0.10431714695093766,0.10431714695093766,0.10431714695093766,0.10431714695093766,0.10431714695093766,0.10431714695093766,0.10431714695093766,0.10431714695093766,0.10431714695093766,0.10431714695093766,0.10431714695093766,0.10431714695093766,0.10431714695093766,0.10431714695093766,0.10431714695093766,0.10431714695093766,0.10431714695093766,0.10431714695093766,0.10431714695093766,0.10431714695093766,0.10431714695093766,0.10431714695093766,0.10431714695093766,0.10431714695093766,0.10431714695093766,0.10431714695093766,0.10431714695093766,0.10431714695093766,0.10431714695093766,0.10431714695093766,0.10431714695093766,0.10431714695093766,0.10431714695093766,0.10431714695093766,0.10431714695093766,0.10431714695093766,0.10431714695093766,0.10431714695093766,0.10431714695093766,0.10431714695093766,0.10431714695093766,0.10431714695093766,0.10431714695093766,0.10431714695093766,0.10431714695093766,0.10431714695093766,0.10431714695093766,0.10431714695093766,0.10431714695093766,0.10431714695093766,0.10431714695093766,0.10431714695093766,0.10431714695093766,0.10431714695093766,0.10431714695093766,0.10431714695093766,0.10431714695093766,0.10431714695093766,0.10431714695093766,0.10431714695093766,0.10431714695093766,0.10431714695093766,0.10431714695093766,0.10431714695093766,0.10431714695093766,0.10431714695093766,0.10431714695093766,0.10431714695093766,0.10431714695093766,0.10431714695093766,0.10431714695093766,0.10431714695093768,0.10431714695093765,0.10431714695093766,0.10431714695093769,0.10431714695093768,0.10431714695093768,0.10431714695093765,0.10431714695093768,0.10431714695093769,0.10431714695093768,0.10431714695093766,0.10431714695093772,0.10431714695093773,0.10431714695093773,0.10431714695093769,0.10431714695093773,0.10431714695093773,0.10431714695093772,0.10431714695093774,0.10431714695093779,0.10431714695093773,0.10431714695093773,0.10431714695093773,0.10431714695093779,0.10431714695093773,0.10431714695093773,0.10431714695093774,0.10431714695093783,0.10431714695093781,0.10431714695093783,0.10431714695093784,0.10431714695093781,0.10431714695093774,0.10431714695093777,0.1043171469509378,0.1043171469509377,0.10431714695093766,0.10431714695093772,0.10431714695093758,0.10431714695093758,0.10431714695093758,0.10431714695093759,0.10431714695093758,0.10431714695093752,0.10431714695093756,0.1043171469509376,0.10431714695093756,0.1043171469509376,0.10431714695093765,0.10431714695093766,0.10431714695093776,0.1043171469509377,0.10431714695093772,0.10431714695093769,0.10431714695093772,0.10431714695093772,0.10431714695093768,0.10431714695093783,0.10431714695093773,0.10431714695093795,0.10431714695093808,0.10431496001203507,0.10431496001203507,0.10431496001203508,0.10431496001203519,0.10431496001203383,0.10431496001203394,0.10431496001203366,0.10431496001203369,0.10431496001203369,0.1043149600120338,0.1043149600120339,0.10431496001203351,0.10424378946228616,0.10424378946228614,0.10424378946228603,0.1042437894622859,0.10424378946228575,0.10424378946228562,0.10424378946228548,0.10424378946228534,0.1042437894622852,0.10424378946228506,0.10424378946228435,0.10424378946228366,0.10424378946228247,0.10424378946228248,0.10424378946228247,0.10424378946228245,0.10424378946228256,0.10424378946228254,0.10424378946228283,0.1042437894622832,0.10424378946228355,0.10424378946228359,0.10424378946228358,0.1042437894622836,0.10424378946228201,0.104243789462282,0.10424378946228197,0.10424378946228181,0.10424378946228201,0.10424378946228198,0.104243789462282,0.10424378946229299,0.10424378946229301,0.10424378946229303,0.104243789462293,0.104243789462293,0.10424378946229304,0.10424378946229303,0.10424378946229304,0.10424378946229304,0.10424378946229303,0.10424378946229299,0.104243789462293,0.104243789462293,0.10424378946229299,0.10424378946229299,0.104243789462293,0.10424378946229299,0.104243789462293,0.10424378946229299,0.104243789462293,0.10424378946229301,0.10424378946229301,0.104243789462293,0.10424378946229299,0.10424378946229299,0.10424378946229299,0.104243789462293,0.10424378946229301,0.10424378946229301,0.104243789462293,0.10424378946229301,0.10424378946229301,0.10424378946229301,0.10424378946229299,0.104243789462293,0.104243789462293,0.10424378946229301,0.10424378946229299,0.10424378946229299,0.104243789462293,0.104243789462293,0.10424378946229299,0.10424378946229299,0.10424378946229299,0.10424378946229301,0.10424378946229299,0.10424378946229294,0.10424378946229297,0.10424378946229299,0.104243789462293,0.104243789462293,0.10424378946229294,0.10424378946229301,0.10424378946229296,0.10424378946229297,0.10424378946229297,0.10424378946229299,0.10424378946229294,0.10424378946229303,0.10424378946229294,0.10424378946229299,0.10424378946229299,0.10424378946229299,0.10424378946229301,0.10424378946229301,0.10424378946229297,0.104243789462293,0.104243789462293,0.10424378946229299,0.10424378946229301,0.10424378946229301,0.10424378946229305,0.10424378946229301,0.10424378946229299,0.10424378946229301,0.10424378946229301,0.104243789462293,0.10424378946229301,0.10424378946229303,0.10424378946229304,0.10424378946229301,0.10424378946229301,0.10424378946229304,0.10424378946229304,0.10424378946229305,0.10424378946229301,0.10424378946229304,0.10424378946229307,0.10424378946229301,0.10424378946229299,0.104243789462293,0.104243789462293,0.10424378946229301,0.10424378946229301,0.104243789462293,0.10424378946229303,0.10424378946229301,0.10424378946229303,0.10424378946229299,0.104243789462293,0.104243789462293,0.10424378946229299,0.10424378946229303,0.104243789462293,0.10424378946229301,0.10424378946229303,0.10424378946229303,0.104243789462293,0.10424378946229299,0.10424378946229301,0.10424378946229301,0.10424378946229301,0.10424378946229301,0.10424378946229303,0.10424378946229305,0.10424378946229305,0.10424378946229305,0.10424378946229305,0.10424378946229305,0.10424378946229304,0.10424378946229304,0.10424378946229305,0.10424378946229303,0.10424378946229305,0.10424378946229303,0.10424378946229303,0.10424378946229308,0.104243789462293,0.104243789462293,0.10424378946229301,0.10424378946229303,0.10424378946229301,0.10424378946229304,0.10424378946229303,0.104243789462293,0.10424378946229303,0.10424378946229304,0.10424378946229305,0.10424378946229304,0.10424378946229304,0.10424378946229304,0.104243789462293,0.10424378946229301,0.10424378946229303,0.10424378946229301,0.10424378946229304,0.10424378946229304,0.10424378946229299,0.10424378946229305,0.10424378946229305,0.10424378946229304,0.10424378946229303,0.10424378946229301,0.10424378946229303,0.10424378946229299,0.10424378946229301,0.104243789462293,0.10424378946229299,0.104243789462293,0.10424378946229301,0.10424378946229299,0.10424378946229301,0.10424378946229299,0.104243789462293,0.10424378946229303,0.10424378946229303,0.104243789462293,0.10424378946229299,0.104243789462293,0.10424378946229299,0.10424378946229301,0.104243789462293,0.104243789462293,0.10424378946229299,0.104243789462293,0.10424378946229301,0.10424378946229299,0.104243789462293,0.10424378946229299,0.104243789462293,0.104243789462293,0.104243789462293,0.104243789462293,0.104243789462293,0.10424378946229304,0.10424378946229296,0.10424378946229299,0.10424378946229301,0.10424378946229294,0.10424378946229301,0.10424378946229299,0.10424378946229299,0.10424378946229301,0.104243789462293,0.10424378946229299,0.10424378946229299,0.10424378946229299,0.10424378946229296,0.104243789462293,0.104243789462293,0.10424378946229299,0.10424378946229297,0.10424378946229303,0.10424378946229301,0.10424378946229301,0.104243789462293,0.104243789462293,0.104243789462293,0.10424378946229299,0.10424378946229303,0.10424378946229297,0.10424378946229301,0.10424378946229304,0.104243789462293,0.104243789462293,0.104243789462293,0.10424378946229299,0.10424378946229301,0.10424378946229301,0.10424378946229301,0.10424378946229299,0.104243789462293,0.104243789462293,0.10424378946229303,0.10424378946229305,0.10424378946229303,0.10424378946229305,0.10424378946229305,0.10424378946229305,0.10424378946229304,0.104243789462293,0.104243789462293,0.104243789462293,0.10424378946229303,0.10424378946229296,0.10424378946229304,0.10424378946229299,0.10424378946229299,0.10424378946229305,0.104243789462293,0.104243789462293,0.104243789462293,0.10424378946229307,0.104243789462293,0.104243789462293,0.10424378946229301,0.10424378946229304,0.10424378946229304,0.10424378946229301,0.10424378946229305,0.10424378946229305,0.10424378946229301,0.10424378946229301,0.10424378946229301,0.10424378946229307,0.10424378946229305,0.10424378946229301,0.10424378946229307,0.10424378946229299,0.10424378946229301,0.10424378946229305,0.10424378946229307,0.10424378946229301,0.104243789462293,0.10424378946229301,0.10424378946229303,0.10424378946229303,0.10424378946229305,0.10424378946229299,0.10424378946229303,0.10424378946229301,0.10424378946229303,0.10424378946229304,0.10424378946229304,0.10424378946229299,0.104243789462293,0.10424378946229303,0.10424378946229304,0.10424378946229305,0.104243789462293,0.10424378946229301,0.10424378946229304,0.10424378946229303,0.10424378946229299,0.10424378946229301,0.10424378946229303,0.10424378946229299,0.10424378946229299,0.10424378946229303,0.104243789462293,0.10424378946229305,0.10424378946229301,0.10424378946229301,0.10424378946229296,0.10424378946229297,0.10424378946229299,0.10424378946229304,0.104243789462293,0.10424378946229303,0.10424378946229299,0.104243789462293,0.104243789462293,0.10424378946229297,0.104243789462293,0.10424378946229301,0.10424378946229299,0.10424378946229301,0.10424378946229301,0.10424378946229299,0.10424378946229299,0.10424378946229299,0.10424378946229301,0.104243789462293,0.10424378946229299,0.10424378946229303,0.10424378946229299,0.10424378946229299,0.10424378946229301,0.10424378946229301,0.10424378946229304,0.10424378946229304,0.104243789462293,0.10424378946229301,0.10424378946229304,0.10424378946229301,0.10424378946229304,0.104243789462293,0.10424378946229299,0.10424378946229303,0.10424378946229299,0.10424378946229305,0.104243789462293,0.10424378946229304,0.10424378946229299,0.10424378946229301,0.104243789462293,0.10424378946229301,0.10424378946229299,0.104243789462293,0.10424378946229299,0.10424378946229299,0.104243789462293,0.10424378946229299,0.10424378946229301,0.10424378946229299,0.10424378946229299,0.10424378946229299,0.104243789462293,0.10424378946229301,0.104243789462293,0.10424378946229301,0.10424378946229301,0.10424378946229301,0.104243789462293,0.104243789462293,0.104243789462293,0.10424378946229299,0.104243789462293,0.104243789462293,0.10424378946229301,0.104243789462293,0.10424378946229299,0.10424378946229299,0.104243789462293,0.10424378946229296,0.10424378946229301,0.10424378946229297,0.10424378946229299,0.10424378946229296,0.10424378946229301,0.10424378946229299,0.10424378946229299,0.10424378946229297,0.104243789462293,0.10424378946229296,0.10424378946229299,0.10424378946229299,0.10424378946229303,0.10424378946229301,0.10424378946229303,0.104243789462293,0.10424378946229299,0.10424378946229299,0.104243789462293,0.10424378946229299,0.10424378946229301,0.10424378946229301,0.10424378946229299,0.10424378946229301,0.10424378946229301,0.10424378946229303,0.10424378946229299,0.10424378946229301,0.104243789462293,0.10424378946229304,0.104243789462293,0.104243789462293,0.10424378946229301,0.10424378946229301,0.10424378946229304,0.10424378946229305,0.10424378946229301,0.10424378946229301,0.10424378946229303,0.10424378946229301,0.104243789462293,0.10424378946229303,0.104243789462293,0.10424378946229301,0.10424378946229304,0.10424378946229299,0.104243789462293,0.10424378946229301,0.10424378946229301,0.10424378946229305,0.10424378946229305,0.104243789462293,0.10424378946229304,0.10424378946229304,0.10424378946229301,0.10424378946229299,0.10424378946229299,0.10424378946229301,0.10424378946229301,0.10424378946229299,0.10424378946229301,0.10424378946229301,0.10424378946229303,0.10424378946229303,0.104243789462293,0.10424378946229299,0.104243789462293,0.10424378946229301,0.104243789462293,0.10424378946229299,0.10424378946229299,0.10424378946229301,0.10424378946229303,0.104243789462293,0.10424378946229299,0.104243789462293,0.104243789462293,0.10424378946229299,0.104243789462293,0.10424378946229301,0.10424378946229299,0.10424378946229301,0.10424378946229299,0.10424378946229301,0.104243789462293,0.10424378946229301,0.104243789462293,0.10424378946229301,0.10424378946229301,0.10424378946229299,0.10424378946229303,0.10424378946229303,0.10424378946229303,0.10424378946229301,0.10424378946229303,0.10424378946229304,0.10424378946229304,0.10424378946229303,0.10424378946229301,0.10424378946229301,0.10424378946229301,0.10424378946229299,0.10424378946229305,0.10424378946229303,0.10424378946229301,0.10424378946229299,0.10424378946229305,0.10424378946229304,0.10424378946229303,0.10424378946229301,0.10424378946229301,0.10424378946229303,0.10424378946229299,0.10424378946229301,0.10424378946229305,0.10424378946229301,0.10424378946229301,0.104243789462293,0.10424378946229301,0.10424378946229299,0.10424378946229301,0.10424378946229303,0.104243789462293,0.10424378946229304,0.10424378946229301,0.104243789462293,0.10424378946229304,0.104243789462293,0.10424378946229297,0.104243789462293,0.10424378946229301,0.10424378946229304,0.10424378946229299,0.10424378946229301,0.104243789462293,0.10424378946229301,0.10424378946229299,0.10424378946229299,0.10424378946229297,0.10424378946229299,0.104243789462293,0.10424378946229297,0.10424378946229301,0.10424378946229301,0.104243789462293,0.10424378946229301,0.10424378946229297,0.10424378946229299,0.10424378946229299,0.10424378946229299,0.10424378946229301,0.10424378946229301,0.10424378946229303,0.104243789462293,0.104243789462293,0.104243789462293,0.10424378946229301,0.10424378946229299,0.10424378946229299,0.10424378946229299,0.104243789462293,0.10424378946229299,0.10424378946229299,0.10424378946229299,0.10424378946229299,0.10424378946229299,0.10424378946229303,0.10424378946229301,0.104243789462293,0.104243789462293,0.10424378946229301,0.104243789462293,0.10424378946229301,0.104243789462293,0.10424378946229301,0.10424378946229301,0.10424378946229301,0.10424378946229304,0.10424378946229304,0.10424378946229303,0.104243789462293,0.10424378946229299,0.104243789462293,0.10424378946229301,0.10424378946229301,0.10424378946229299,0.104243789462293,0.10424378946229299,0.10424378946229301,0.10424378946229301,0.10424378946229301,0.10424378946229299,0.10424378946229301,0.10424378946229304,0.10424378946229301,0.104243789462293,0.10424378946229299,0.104243789462293,0.10424378946229299,0.104243789462293,0.10424378946229297,0.104243789462293,0.10424378946229297,0.104243789462293,0.10424378946229297,0.10424378946229299,0.104243789462293,0.10424378946229299,0.10424378946229296,0.10424378946229299,0.104243789462293,0.104243789462293,0.10424378946229303,0.10424378946229301,0.10424378946229299,0.10424378946229299,0.10424378946229301,0.10424378946229301,0.10424378946229299,0.10424378946229301,0.10424378946229299,0.10424378946229301,0.10424378946229304,0.10424378946229303,0.104243789462293,0.10424378946229299,0.104243789462293,0.10424378946229299,0.10424378946229299,0.10424378946229301,0.10424378946229301,0.104243789462293,0.10424378946229303,0.104243789462293,0.10424378946229301,0.10424378946229297,0.10424378946229301,0.10424378946229301,0.10424378946229299,0.10424378946229301,0.10424378946229301,0.10424378946229299,0.10424378946229299,0.104243789462293,0.10424378946229299,0.104243789462293,0.104243789462293,0.10424378946229304,0.104243789462293,0.10424378946229301,0.10424378946229296,0.104243789462293,0.10424378946229299,0.10424378946229299,0.10424378946229299,0.10424378946229301,0.10424378946229299,0.10424378946229301,0.10424378946229299,0.10424378946229301,0.10424378946229301,0.10424378946229301,0.10424378946229301,0.10424378946229307,0.10424378946229301,0.10424378946229299,0.10424378946229304,0.10424378946229305,0.10424378946229301,0.10424378946229304,0.10424378946229299,0.10424378946229299,0.10424378946229299,0.104243789462293,0.10424378946229299,0.10424378946229301,0.10424378946229297,0.104243789462293,0.10424378946229305,0.104243789462293,0.104243789462293,0.10424378946229301,0.10424378946229301,0.10424378946229299,0.10424378946229307,0.10424378946229301,0.10424378946229299,0.10424378946229301,0.104243789462293,0.104243789462293,0.104243789462293,0.10424378946229301,0.104243789462293,0.10424378946229301,0.104243789462293,0.10424378946229305,0.10424378946229304,0.10424378946229303,0.10424378946229303,0.10424378946229305,0.10424378946229305,0.10424378946229303,0.10424378946229301,0.10424378946229301,0.10424378946229301,0.10424378946229301,0.10424378946229303,0.10424378946229304,0.10424378946229305,0.10424378946229301,0.10424378946229301,0.10424378946229308,0.10424378946229301,0.10424378946229301,0.10424378946229301,0.10424378946229305,0.10424378946229301,0.104243789462293,0.10424378946229299,0.10424378946229301,0.104243789462293,0.104243789462293,0.104243789462293,0.10424378946229299,0.104243789462293,0.10424378946229296,0.104243789462293,0.104243789462293,0.10424378946229299,0.104243789462293,0.104243789462293,0.10424378946229301,0.104243789462293,0.10424378946229301,0.10424378946229301,0.10424378946229301,0.10424378946229303,0.10424378946229304,0.10424378946229304,0.10424378946229299,0.10424378946229303,0.10424378946229301,0.10424378946229301,0.10424378946229299,0.10424378946229301,0.10424378946229301,0.10424378946229301,0.10424378946229304,0.104243789462293,0.10424378946229303,0.10424378946229301,0.10424378946229304,0.104243789462293,0.10424378946229299,0.10424378946229303,0.10424378946229299,0.104243789462293,0.10424378946229299,0.10424378946229299,0.10424378946229301,0.10424378946229304,0.10424378946229301,0.10424378946229301,0.10424378946229303,0.104243789462293,0.10424378946229299,0.104243789462293,0.10424378946229299,0.10424378946229299,0.104243789462293,0.104243789462293,0.10424378946229301,0.10424378946229299,0.10424378946229299,0.104243789462293,0.10424378946229301,0.10424378946229304,0.10424378946229299,0.10424378946229304,0.10424378946229299,0.10424378946229299,0.104243789462293,0.104243789462293,0.104243789462293,0.10424378946229299,0.10424378946229301,0.10424378946229299,0.10424378946229299,0.10424378946229301,0.104243789462293,0.10424378946229303,0.10424378946229304,0.104243789462293,0.10424378946229304,0.10424378946229299,0.10424378946229299,0.104243789462293,0.10424378946229301,0.10424378946229301,0.10424378946229299,0.10424378946229303,0.10424378946229304,0.10424378946229296,0.10424378946229297,0.10424378946229303,0.10424378946229297,0.10424378946229301,0.10424378946229299,0.104243789462293,0.10424378946229303,0.104243789462293,0.10424378946229305,0.10424378946229299,0.104243789462293,0.10424378946229299,0.104243789462293,0.104243789462293,0.10424378946229301,0.104243789462293,0.10424378946229303,0.10424378946229299,0.10424378946229307,0.10424378946229301,0.10424378946229301,0.10424378946229305,0.10424378946229299,0.10424378946229305,0.10424378946229301,0.104243789462293,0.10424378946229299,0.10424378946229301,0.10424378946229301,0.10424378946229299,0.10424378946229303,0.104243789462293,0.10424378946229299,0.10424378946229301,0.104243789462293,0.10424378946229299,0.10424378946229299,0.10424378946229303,0.10424378946229301,0.10424378946229301,0.10424378946229301,0.10424378946229304,0.10424378946229303,0.10424378946229301,0.10424378946229299,0.10424378946229305,0.10424378946229303,0.10424378946229301,0.10424378946229305,0.10424378946229299,0.10424378946229303,0.104243789462293,0.10424378946229303,0.104243789462293,0.104243789462293,0.10424378946229301,0.10424378946229301,0.10424378946229301,0.10424378946229299,0.104243789462293,0.10424378946229301,0.10424378946229301,0.10424378946229299,0.10424378946229299,0.104243789462293,0.10424378946229299,0.104243789462293,0.10424378946229303,0.104243789462293,0.10424378946229304,0.104243789462293,0.10424378946229301,0.10424378946229297,0.10424378946229301,0.104243789462293,0.104243789462293,0.10424378946229299,0.10424378946229301,0.10424378946229301,0.10424378946229301,0.104243789462293,0.10424378946229301,0.10424378946229299,0.10424378946229299,0.10424378946229294,0.10424378946229299,0.10424378946229299,0.10424378946229301,0.10424378946229301,0.10424378946229301,0.10424378946229297,0.10424378946229301,0.104243789462293,0.104243789462293,0.10424378946229301,0.10424378946229304,0.10424378946229301,0.10424378946229301,0.10424378946229301,0.10424378946229299,0.104243789462293,0.10424378946229299,0.104243789462293,0.10424378946229299,0.10424378946229301,0.10424378946229303,0.10424378946229299,0.10424378946229299,0.10424378946229301,0.10424378946229301,0.10424378946229301,0.10424378946229301,0.10424378946229301,0.10424378946229301,0.104243789462293,0.10424378946229301,0.10424378946229303,0.10424378946229299,0.104243789462293,0.104243789462293,0.10424378946229301,0.10424378946229299,0.10424378946229301,0.10424378946229297,0.104243789462293,0.10424378946229299,0.104243789462293,0.10424378946229301,0.10424378946229301,0.104243789462293,0.10424378946229301,0.10424378946229301,0.10424378946229301,0.104243789462293,0.10424378946229301,0.10424378946229301,0.10424378946229301,0.10424378946229301,0.10424378946229301,0.10424378946229304,0.104243789462293,0.10424378946229308,0.10424378946229299,0.10424378946229304,0.10424378946229297,0.10424378946229299,0.10424378946229301,0.10424378946229301,0.10424378946229303,0.104243789462293,0.10424378946229301,0.10424378946229304,0.10424378946229304,0.104243789462293,0.104243789462293,0.10424378946229299,0.104243789462293,0.104243789462293,0.104243789462293,0.10424378946229299,0.10424378946229297,0.10424378946229299,0.10424378946229294,0.10424378946229301,0.10424378946229303,0.10424378946229301,0.10424378946229303,0.10424378946229301,0.10424378946229301,0.10424378946229301,0.10424378946229301,0.10424378946229301,0.10424378946229301,0.10424378946229301,0.10424378946229303,0.10424378946229304,0.10424378946229303,0.10424378946229303,0.10424378946229305,0.10424378946229301,0.10424378946229299,0.10424378946229299,0.104243789462293,0.104243789462293,0.104243789462293,0.10424378946229303,0.10424378946229307,0.10424378946229299,0.104243789462293,0.10424378946229299,0.104243789462293,0.10424378946229299,0.10424378946229299,0.104243789462293,0.10424378946229299,0.10424378946229304,0.104243789462293,0.10424378946229301,0.10424378946229301,0.10424378946229303,0.10424378946229303,0.10424378946229301,0.104243789462293,0.10424378946229303,0.104243789462293,0.10424378946229305,0.10424378946229303,0.10424378946229303,0.10424378946229303,0.10424378946229299,0.10424378946229299,0.10424378946229299,0.104243789462293,0.10424378946229299,0.10424378946229305,0.10424378946229299,0.10424378946229296,0.10424378946229296,0.104243789462293,0.104243789462293,0.10424378946229301,0.104243789462293,0.10424378946229301,0.10424378946229301,0.10424378946229301,0.10424378946229301,0.10424378946229301,0.10424378946229303,0.104243789462293,0.10424378946229301,0.10424378946229301,0.10424378946229301,0.10424378946229304,0.104243789462293,0.10424378946229307,0.10424378946229301,0.10424378946229307,0.10424378946229304,0.10424378946229304,0.10424378946229301,0.10424378946229307,0.10424378946229303,0.10424378946229301,0.10424378946229304,0.10424378946229303,0.10424378946229303,0.10424378946229304,0.10424378946229307,0.10424378946229301,0.10424378946229308,0.10424378946229304,0.10424378946229303,0.10424378946229308,0.104243789462293,0.10424378946229305,0.10424378946229303,0.10424378946229304,0.10424378946229299,0.10424378946229305,0.104243789462293,0.10424378946229305,0.10424378946229303,0.104243789462293,0.10424378946229301,0.10424378946229304,0.10424378946229299,0.104243789462293,0.10424378946229299,0.10424378946229299,0.104243789462293,0.104243789462293,0.10424378946229301,0.104243789462293,0.104243789462293,0.10424378946229299,0.104243789462293,0.10424378946229299,0.104243789462293,0.10424378946229299,0.104243789462293,0.10424378946229299,0.10424378946229299,0.10424378946229299,0.10424378946229299,0.10424378946229299,0.104243789462293,0.104243789462293,0.104243789462293,0.10424378946229301,0.104243789462293,0.104243789462293,0.10424378946229299,0.10424378946229294,0.10424378946229297,0.104243789462293,0.10424378946229301,0.10424378946229303,0.10424378946229296,0.10424378946229299,0.104243789462293,0.10424378946229297,0.10424378946229299,0.104243789462293,0.104243789462293,0.10424378946229301,0.10424378946229301,0.10424378946229301,0.104243789462293,0.104243789462293,0.10424378946229301,0.10424378946229301,0.10424378946229304,0.10424378946229303,0.10424378946229301,0.10424378946229301,0.10424378946229301,0.10424378946229301,0.10424378946229303,0.104243789462293,0.10424378946229301,0.10424378946229301,0.104243789462293,0.10424378946229303,0.104243789462293,0.104243789462293,0.10424378946229299,0.10424378946229299,0.104243789462293,0.10424378946229299,0.10424378946229304,0.10424378946229299,0.10424378946229299,0.10424378946229299,0.10424378946229299,0.104243789462293,0.10424378946229299,0.104243789462293,0.10424378946229301,0.10424378946229297,0.104243789462293,0.104243789462293,0.10424378946229299,0.10424378946229299,0.104243789462293,0.10424378946229299,0.104243789462293,0.10424378946229301,0.10424378946229299,0.10424378946229296,0.104243789462293,0.104243789462293,0.10424378946229299,0.10424378946229304,0.10424378946229299,0.10424378946229299,0.104243789462293,0.104243789462293,0.104243789462293,0.104243789462293,0.10424378946229299,0.10424378946229299,0.10424378946229299,0.10424378946229299,0.10424378946229299,0.104243789462293,0.10424378946229308,0.10424378946229299,0.10424378946229299,0.10424378946229305,0.10424378946229303,0.10424378946229301,0.104243789462293,0.104243789462293,0.10424378946229301,0.10424378946229301,0.10424378946229301,0.104243789462293,0.10424378946229303,0.10424378946229301,0.10424378946229301,0.10424378946229304,0.104243789462293,0.10424378946229297,0.10424378946229304,0.10424378946229299,0.10424378946229299,0.10424378946229299,0.104243789462293,0.10424378946229305,0.10424378946229301,0.10424378946229301,0.10424378946229303,0.10424378946229301,0.10424378946229301,0.104243789462293,0.10424378946229301,0.10424378946229301,0.10424378946229301,0.10424378946229304,0.104243789462293,0.10424378946229303,0.10424378946229299,0.10424378946229301,0.10424378946229301,0.10424378946229301,0.10424378946229301,0.10424378946229304,0.10424378946229305,0.10424378946229305,0.10424378946229301,0.10424378946229301,0.10424378946229305,0.10424378946229303,0.104243789462293,0.10424378946229301,0.10424378946229304,0.104243789462293,0.10424378946229301,0.10424378946229303,0.10424378946229304,0.10424378946229303,0.104243789462293,0.10424378946229299,0.104243789462293,0.104243789462293,0.10424378946229299,0.104243789462293,0.10424378946229299,0.104243789462293,0.10424378946229301,0.10424378946229301,0.10424378946229301,0.10424378946229304,0.10424378946229299,0.104243789462293,0.10424378946229299,0.104243789462293,0.10424378946229297,0.10424378946229294,0.10424378946229293,0.10424378946229299,0.10424378946229293,0.10424378946229299,0.104243789462293,0.10424378946229297,0.10424378946229297,0.104243789462293,0.10424378946229294,0.10424378946229297,0.10424378946229297,0.10424378946229299,0.10424378946229296,0.10424378946229297,0.10424378946229294,0.10424378946229294,0.10424378946229297,0.10424378946229294,0.10424378946229294,0.10424378946229296,0.104243789462293,0.10424378946229294,0.10424378946229299,0.10424378946229292,0.10424378946229299,0.10424378946229293,0.104243789462293,0.10424378946229299,0.10424378946229299,0.10424378946229296,0.10424378946229297,0.10424378946229294,0.10424378946229296,0.10424378946229294,0.10424378946229296,0.10424378946229297,0.10424378946229293,0.10424378946229292,0.10424378946229294,0.10424378946229294,0.10424378946229297,0.10424378946229292,0.10424378946229297,0.10424378946229297,0.10424378946229294,0.10424378946229294,0.10424378946229299,0.10424378946229297,0.104243789462293,0.1042437894622929,0.10424378946229297,0.10424378946229297,0.10424378946229297,0.10424378946229296,0.104243789462293,0.10424378946229299,0.10424378946229297,0.10424378946229294,0.104243789462293,0.104243789462293,0.10424378946229299,0.10424378946229299,0.10424378946229294,0.10424378946229297,0.10424378946229296,0.10424378946229299,0.104243789462293,0.104243789462293,0.10424378946229297,0.10424378946229299,0.10424378946229299,0.104243789462293,0.10424378946229299,0.10424378946229299,0.10424378946229299,0.104243789462293,0.10424378946229301,0.10424378946229297,0.104243789462293,0.10424378946229301,0.10424378946229297,0.10424378946229305,0.10424378946229299,0.10424378946229299,0.10424378946229303,0.10424378946229303,0.104243789462293,0.10424378946229299,0.10424378946229299,0.104243789462293,0.10424378946229297,0.10424378946229299,0.10424378946229299,0.104243789462293,0.104243789462293,0.104243789462293,0.10424378946229299,0.104243789462293,0.104243789462293,0.10424378946229305,0.10424378946229301,0.10424378946229301,0.10424378946229301,0.10424378946229301,0.10424378946229301,0.10424378946229301,0.10424378946229301,0.10424378946229296,0.104243789462293,0.10424378946229303,0.10424378946229299,0.10424378946229304,0.104243789462293,0.10424378946229299,0.10424378946229299,0.104243789462293,0.10424378946229299,0.10424378946229299,0.104243789462293,0.10424378946229303,0.104243789462293,0.10424378946229303,0.104243789462293,0.10424378946229299,0.10424378946229303,0.10424378946229305,0.10424378946229304,0.10424378946229303,0.104243789462293,0.10424378946229299,0.10424378946229299,0.10424378946229299,0.104243789462293,0.10424378946229303,0.10424378946229304,0.10424378946229303,0.10424378946229304,0.10424378946229308,0.10424378946229304,0.10424378946229301,0.10424378946229301,0.10424378946229308,0.10424378946229308,0.10424378946229299,0.10424378946229307,0.10424378946229305,0.10424378946229305,0.10424378946229303,0.10424378946229304,0.10424378946229301,0.10424378946229301,0.10424378946229301,0.10424378946229303,0.10424378946229299,0.10424378946229299,0.10424378946229299,0.10424378946229299,0.10424378946229299,0.104243789462293,0.104243789462293,0.104243789462293,0.10424378946229303,0.10424378946229304,0.10424378946229305,0.10424378946229299,0.104243789462293,0.10424378946229299,0.10424378946229301,0.10424378946229301,0.10424378946229297,0.10424378946229299,0.10424378946229299,0.10424378946229299,0.104243789462293,0.10424378946229299,0.104243789462293,0.10424378946229299,0.10424378946229297,0.10424378946229301,0.10424378946229301,0.10424378946229299,0.10424378946229301,0.10424378946229303,0.104243789462293,0.10424378946229301,0.10424378946229301,0.10424378946229301,0.10424378946229301,0.10424378946229301,0.10424378946229303,0.10424378946229301,0.10424378946229301,0.10424378946229301,0.10424378946229303,0.104243789462293,0.10424378946229301,0.10424378946229303,0.10424378946229301,0.10424378946229303,0.10424378946229297,0.10424378946229301,0.10424378946229301,0.10424378946229301,0.10424378946229301,0.10424378946229304,0.10424378946229299,0.10424378946229305,0.10424378946229304,0.10424378946229301,0.10424378946229301,0.10424378946229303,0.10424378946229304,0.10424378946229301,0.10424378946229301,0.10424378946229303,0.10424378946229303,0.10424378946229305,0.10424378946229301,0.10424378946229301,0.10424378946229301,0.10424378946229303,0.10424378946229308,0.104243789462293,0.104243789462293,0.104243789462293,0.104243789462293,0.104243789462293,0.104243789462293,0.10424378946229299,0.10424378946229299,0.104243789462293,0.10424378946229299,0.10424378946229299,0.104243789462293,0.10424378946229292,0.10424378946229301,0.10424378946229299,0.10424378946229299,0.10424378946229297,0.10424378946229299,0.10424378946229297,0.10424378946229299,0.10424378946229297,0.104243789462293,0.10424378946229299,0.10424378946229294,0.10424378946229294,0.10424378946229296,0.10424378946229296,0.10424378946229297,0.10424378946229297,0.10424378946229297,0.10424378946229297,0.104243789462293,0.10424378946229299,0.10424378946229296,0.10424378946229299,0.10424378946229293,0.10424378946229294,0.10424378946229297,0.10424378946229294,0.10424378946229297,0.10424378946229294,0.10424378946229296,0.10424378946229294,0.10424378946229296,0.10424378946229299,0.104243789462293,0.10424378946229296,0.104243789462293,0.10424378946229296,0.10424378946229301,0.10424378946229301,0.10424378946229296,0.10424378946229299,0.10424378946229299,0.10424378946229297,0.10424378946229297,0.10424378946229299,0.10424378946229296,0.104243789462293,0.104243789462293,0.104243789462293,0.10424378946229301,0.10424378946229301,0.10424378946229303,0.10424378946229301,0.10424378946229301,0.10424378946229296,0.10424378946229301,0.10424378946229301,0.10424378946229301,0.104243789462293,0.10424378946229301,0.10424378946229301,0.10424378946229303,0.10424378946229301,0.10424378946229301,0.10424378946229301,0.10424378946229303,0.10424378946229301,0.10424378946229304,0.10424378946229299,0.10424378946229305,0.10424378946229299,0.104243789462293,0.104243789462293,0.10424378946229299,0.10424378946229299,0.10424378946229299,0.104243789462293,0.10424378946229299,0.10424378946229303,0.10424378946229301,0.10424378946229301,0.10424378946229301,0.10424378946229301,0.10424378946229304,0.10424378946229303,0.10424378946229299,0.10424378946229301,0.10424378946229301,0.10424378946229301,0.104243789462293,0.10424378946229301,0.10424378946229301,0.10424378946229301,0.10424378946229305,0.10424378946229299,0.10424378946229299,0.104243789462293,0.104243789462293,0.10424378946229299,0.10424378946229294,0.10424378946229304,0.10424378946229301,0.10424378946229301,0.10424378946229301,0.104243789462293,0.104243789462293,0.10424378946229301,0.10424378946229303,0.104243789462293,0.10424378946229304,0.10424378946229303,0.104243789462293,0.104243789462293,0.10424378946229299,0.10424378946229299,0.10424378946229299,0.10424378946229299,0.10424378946229294,0.10424378946229301,0.10424378946229297,0.10424378946229297,0.10424378946229297,0.104243789462293,0.10424378946229299,0.10424378946229297,0.10424378946229299,0.10424378946229301,0.10424378946229296,0.10424378946229296,0.104243789462293,0.10424378946229299,0.10424378946229299,0.104243789462293,0.10424378946229297,0.10424378946229299,0.10424378946229294,0.10424378946229299,0.10424378946229299,0.10424378946229299,0.10424378946229299,0.10424378946229299,0.10424378946229297,0.10424378946229299,0.10424378946229299,0.104243789462293,0.10424378946229299,0.104243789462293,0.104243789462293,0.10424378946229299,0.10424378946229301,0.10424378946229297,0.10424378946229297,0.104243789462293,0.104243789462293,0.10424378946229299,0.10424378946229296,0.10424378946229301,0.10424378946229301,0.104243789462293,0.104243789462293,0.10424378946229301,0.10424378946229305,0.10424378946229303,0.104243789462293,0.10424378946229301,0.10424378946229303,0.10424378946229297,0.10424378946229305,0.10424378946229303,0.10424378946229303,0.104243789462293,0.10424378946229304,0.104243789462293,0.10424378946229301,0.10424378946229303,0.10424378946229308,0.104243789462293,0.10424378946229301,0.10424378946229301,0.10424378946229301,0.10424378946229301,0.10424378946229304,0.10424378946229299,0.10424378946229299,0.10424378946229299,0.104243789462293,0.104243789462293,0.10424378946229301,0.10424378946229301,0.10424378946229303,0.10424378946229299,0.104243789462293,0.10424378946229296,0.10424378946229303,0.10424378946229301,0.10424378946229303,0.104243789462293,0.10424378946229303,0.10424378946229301,0.10424378946229301,0.10424378946229301,0.10424378946229301,0.104243789462293,0.10424378946229301,0.10424378946229301,0.10424378946229301,0.10424378946229301,0.10424378946229303,0.104243789462293,0.104243789462293,0.10424378946229299,0.104243789462293,0.104243789462293,0.104243789462293,0.10424378946229299,0.10424378946229301,0.10424378946229297,0.10424378946229301,0.10424378946229301,0.10424378946229301,0.10424378946229301,0.10424378946229304,0.10424378946229301,0.10424378946229301,0.104243789462293,0.10424378946229301,0.10424378946229301,0.10424378946229301,0.10424378946229301,0.10424378946229308,0.10424378946229307,0.10424378946229307,0.10424378946229307,0.10424378946229308,0.10424378946229307,0.104243789462293,0.10424378946229307,0.10424378946229303,0.10424378946229304,0.10424378946229304,0.10424378946229305,0.10424378946229299,0.10424378946229307,0.10424378946229301,0.10424378946229308,0.10424378946229301,0.10424378946229304,0.10424378946229304,0.10424378946229301,0.10424378946229303,0.10424378946229305,0.10424378946229304,0.10424378946229307,0.10424378946229304,0.10424378946229304,0.10424378946229304,0.10424378946229301,0.10424378946229303,0.10424378946229303,0.1042437894622931,0.10424378946229305,0.104243789462293,0.10424378946229304,0.10424378946229299,0.10424378946229307,0.10424378946229304,0.10424378946229308,0.10424378946229305,0.10424378946229308,0.10424378946229305,0.10424378946229305,0.10424378946229307,0.1042437894622931,0.10424378946229303,0.10424378946229303,0.10424378946229307,0.10424378946229304,0.10424378946229308,0.10424378946229299,0.10424378946229301,0.10424378946229301,0.10424378946229301,0.10424378946229303,0.10424378946229301,0.10424378946229301,0.10424378946229301,0.10424378946229301,0.10424378946229307,0.10424378946229301,0.10424378946229301,0.104243789462293,0.10424378946229301,0.10424378946229301,0.10424378946229301,0.10424378946229301,0.10424378946229301,0.10424378946229304,0.10424378946229301,0.10424378946229301,0.104243789462293,0.10424378946229303,0.10424378946229301,0.10424378946229301,0.10424378946229301,0.104243789462293,0.10424378946229303,0.104243789462293,0.104243789462293,0.10424378946229299,0.104243789462293,0.10424378946229299,0.10424378946229299,0.10424378946229299,0.10424378946229299,0.104243789462293,0.104243789462293,0.104243789462293,0.104243789462293,0.104243789462293,0.10424378946229299,0.10424378946229301,0.10424378946229303,0.10424378946229301,0.10424378946229296,0.10424378946229297,0.10424378946229299,0.104243789462293,0.104243789462293,0.10424378946229301,0.10424378946229301,0.10424378946229301,0.10424378946229303,0.104243789462293,0.104243789462293,0.10424378946229301,0.10424378946229301,0.10424378946229301,0.10424378946229301,0.10424378946229301,0.10424378946229301,0.10424378946229304,0.10424378946229305,0.10424378946229294,0.10424378946229301,0.104243789462293,0.10424378946229301,0.10424378946229304,0.10424378946229297,0.104243789462293,0.104243789462293,0.10424378946229299,0.10424378946229299,0.10424378946229299,0.10424378946229299,0.104243789462293,0.104243789462293,0.10424378946229299,0.10424378946229301,0.104243789462293,0.104243789462293,0.10424378946229301,0.10424378946229305,0.104243789462293,0.104243789462293,0.10424378946229299,0.10424378946229299,0.10424378946229299,0.10424378946229299,0.10424378946229299,0.104243789462293,0.10424378946229299,0.10424378946229299,0.104243789462293,0.10424378946229292,0.10424378946229296,0.104243789462293,0.10424378946229299,0.104243789462293,0.10424378946229299,0.10424378946229297,0.10424378946229297,0.10424378946229297,0.104243789462293,0.10424378946229297,0.10424378946229297,0.10424378946229299,0.104243789462293,0.10424378946229301,0.10424378946229303,0.10424378946229301,0.10424378946229303,0.10424378946229307,0.10424378946229299,0.104243789462293,0.10424378946229299,0.10424378946229299,0.104243789462293,0.104243789462293,0.10424378946229299,0.10424378946229299,0.104243789462293,0.10424378946229299,0.10424378946229299,0.104243789462293,0.104243789462293,0.10424378946229301,0.10424378946229301,0.10424378946229303,0.10424378946229303,0.10424378946229303,0.10424378946229301,0.10424378946229301,0.104243789462293,0.10424378946229301,0.10424378946229307,0.10424378946229305,0.10424378946229303,0.10424378946229292,0.10424378946229303,0.10424378946229303,0.10424378946229301,0.104243789462293,0.10424378946229301,0.10424378946229301,0.10424378946229301,0.10424378946229303,0.10424378946229303,0.10424378946229299,0.10424378946229301,0.10424378946229303,0.10424378946229301,0.10424378946229293,0.10424378946229299,0.104243789462293,0.10424378946229301,0.104243789462293,0.10424378946229301,0.10424378946229301,0.10424378946229301,0.104243789462293,0.10424378946229301,0.104243789462293,0.10424378946229301,0.10424378946229301,0.10424378946229303,0.10424378946229304,0.104243789462293,0.104243789462293,0.10424378946229299,0.104243789462293,0.10424378946229299,0.104243789462293,0.10424378946229299,0.104243789462293,0.10424378946229301,0.10424378946229301,0.10424378946229301,0.10424378946229301,0.10424378946229303,0.10424378946229304,0.10424378946229299,0.10424378946229299,0.104243789462293,0.10424378946229299,0.10424378946229301,0.10424378946229301,0.10424378946229301,0.10424378946229301,0.104243789462293,0.10424378946229303,0.10424378946229304,0.104243789462293,0.10424378946229299,0.104243789462293,0.10424378946229305,0.10424378946229299,0.10424378946229299,0.10424378946229299,0.104243789462293,0.10424378946229297,0.104243789462293,0.10424378946229299,0.104243789462293,0.10424378946229299,0.10424378946229304,0.10424378946229303,0.10424378946229301,0.10424378946229301,0.10424378946229301,0.10424378946229303,0.104243789462293,0.10424378946229299,0.104243789462293,0.10424378946229299,0.104243789462293,0.10424378946229299,0.10424378946229304,0.10424378946229299,0.10424378946229299,0.104243789462293,0.10424378946229299,0.10424378946229301,0.10424378946229301,0.104243789462293,0.104243789462293,0.10424378946229301,0.10424378946229304,0.10424378946229305,0.10424378946229304,0.10424378946229301,0.10424378946229308,0.10424378946229308,0.10424378946229304,0.10424378946229305,0.10424378946229301,0.10424378946229304,0.10424378946229304,0.10424378946229303,0.10424378946229305,0.10424378946229303,0.104243789462293,0.10424378946229304,0.10424378946229303,0.10424378946229299,0.104243789462293,0.10424378946229299,0.10424378946229299,0.104243789462293,0.104243789462293,0.10424378946229301,0.10424378946229301,0.10424378946229301,0.104243789462293,0.10424378946229303,0.10424378946229303,0.104243789462293,0.104243789462293,0.10424378946229305,0.10424378946229301,0.104243789462293,0.10424378946229301,0.104243789462293,0.10424378946229301,0.10424378946229297,0.104243789462293,0.10424378946229299,0.104243789462293,0.10424378946229299,0.10424378946229299,0.10424378946229299,0.10424378946229299,0.10424378946229299,0.104243789462293,0.10424378946229299,0.104243789462293,0.10424378946229304,0.10424378946229299,0.10424378946229299,0.10424378946229299,0.10424378946229299,0.10424378946229297,0.10424378946229303,0.10424378946229303,0.10424378946229297,0.10424378946229299,0.10424378946229299,0.104243789462293,0.10424378946229299,0.10424378946229299,0.10424378946229299,0.10424378946229299,0.10424378946229299,0.10424378946229299,0.10424378946229296,0.10424378946229301,0.10424378946229301,0.10424378946229301,0.104243789462293,0.10424378946229301,0.10424378946229301,0.10424378946229303,0.10424378946229303,0.10424378946229299,0.10424378946229303,0.10424378946229299,0.104243789462293,0.10424378946229299,0.10424378946229299,0.104243789462293,0.104243789462293,0.10424378946229299,0.10424378946229299,0.10424378946229304,0.10424378946229299,0.10424378946229301,0.10424378946229301,0.10424378946229301,0.10424378946229297,0.104243789462293,0.10424378946229299,0.104243789462293,0.104243789462293,0.104243789462293,0.104243789462293,0.10424378946229299,0.10424378946229299,0.10424378946229304,0.10424378946229299,0.10424378946229301,0.10424378946229301,0.10424378946229303,0.10424378946229301,0.10424378946229301,0.10424378946229301,0.10424378946229301,0.10424378946229303,0.10424378946229299,0.104243789462293,0.10424378946229297,0.10424378946229299,0.10424378946229299,0.10424378946229299,0.104243789462293,0.104243789462293,0.10424378946229303,0.104243789462293,0.10424378946229299,0.10424378946229299,0.10424378946229299,0.104243789462293,0.10424378946229301,0.10424378946229301,0.10424378946229301,0.10424378946229296,0.104243789462293,0.104243789462293,0.10424378946229299,0.104243789462293,0.10424378946229299,0.10424378946229299,0.104243789462293,0.104243789462293,0.104243789462293,0.10424378946229299,0.10424378946229294,0.10424378946229301,0.10424378946229301,0.10424378946229303,0.10424378946229301,0.10424378946229301,0.10424378946229304,0.10424378946229296,0.104243789462293,0.10424378946229303,0.10424378946229301,0.10424378946229307,0.10424378946229301,0.10424378946229301,0.10424378946229301,0.10424378946229301,0.10424378946229301,0.10424378946229303,0.10424378946229301,0.10424378946229301,0.10424378946229301,0.10424378946229301,0.10424378946229303,0.10424378946229303,0.10424378946229301,0.10424378946229303,0.10424378946229304,0.10424378946229299,0.104243789462293,0.10424378946229305,0.10424378946229299,0.104243789462293,0.10424378946229305,0.10424378946229304,0.10424378946229301,0.10424378946229301,0.10424378946229301,0.10424378946229301,0.10424378946229301,0.10424378946229301,0.10424378946229301,0.10424378946229301,0.104243789462293,0.10424378946229301,0.10424378946229301,0.104243789462293,0.10424378946229305,0.10424378946229299,0.10424378946229305,0.10424378946229305,0.10424378946229299,0.10424378946229305,0.10424378946229304,0.10424378946229303,0.10424378946229308,0.10424378946229308,0.10424378946229304,0.10424378946229304,0.10424378946229303,0.10424378946229304,0.10424378946229303,0.10424378946229303,0.10424378946229304,0.10424378946229304,0.10424378946229304,0.10424378946229301,0.10424378946229301,0.10424378946229303,0.10424378946229301,0.10424378946229303,0.10424378946229305,0.10424378946229305,0.10424378946229301,0.10424378946229301,0.10424378946229303,0.10424378946229304,0.10424378946229305,0.10424378946229301,0.10424378946229304,0.10424378946229304,0.10424378946229303,0.10424378946229304,0.10424378946229304,0.10424378946229304,0.104243789462293,0.10424378946229297,0.10424378946229299,0.104243789462293,0.104243789462293,0.104243789462293,0.10424378946229307,0.104243789462293,0.10424378946229297,0.104243789462293,0.10424378946229299,0.10424378946229299,0.10424378946229305,0.10424378946229299,0.10424378946229299,0.10424378946229299,0.104243789462293,0.104243789462293,0.10424378946229299,0.10424378946229299,0.104243789462293,0.10424378946229299,0.10424378946229299,0.10424378946229299,0.10424378946229296,0.10424378946229297,0.10424378946229297,0.10424378946229294,0.10424378946229297,0.104243789462293,0.10424378946229299,0.104243789462293,0.104243789462293,0.104243789462293,0.10424378946229297,0.104243789462293,0.104243789462293,0.10424378946229299,0.10424378946229303,0.10424378946229296,0.104243789462293,0.104243789462293,0.10424378946229301,0.10424378946229297,0.104243789462293,0.10424378946229299,0.104243789462293,0.104243789462293,0.104243789462293,0.104243789462293,0.10424378946229299,0.10424378946229297,0.10424378946229297,0.10424378946229297,0.104243789462293,0.10424378946229299,0.104243789462293,0.10424378946229299,0.104243789462293,0.10424378946229299,0.10424378946229299,0.10424378946229296,0.10424378946229299,0.10424378946229301,0.10424378946229311,0.10424378946229301,0.10424378946229301,0.10424378946229303,0.104243789462293,0.10424378946229303,0.10424378946229304,0.10424378946229305,0.10424378946229304,0.10424378946229303,0.10424378946229303,0.10424378946229299,0.10424378946229299,0.10424378946229299,0.10424378946229299,0.10424378946229299,0.10424378946229297,0.10424378946229299,0.104243789462293,0.104243789462293,0.10424378946229303,0.104243789462293,0.10424378946229299,0.10424378946229299,0.10424378946229299,0.10424378946229299,0.104243789462293,0.104243789462293,0.104243789462293,0.104243789462293,0.10424378946229301,0.10424378946229303,0.10424378946229301,0.10424378946229303,0.10424378946229301,0.10424378946229304,0.10424378946229304,0.10424378946229303,0.10424378946229304,0.104243789462293,0.10424378946229303,0.10424378946229305,0.10424378946229303,0.10424378946229303,0.1042437894622931,0.10424378946229297,0.10424378946229307,0.10424378946229299,0.10424378946229304,0.104243789462293,0.10424378946229299,0.104243789462293,0.104243789462293,0.104243789462293,0.10424378946229299,0.104243789462293,0.104243789462293,0.10424378946229301,0.10424378946229299,0.10424378946229301,0.10424378946229301,0.10424378946229303,0.10424378946229301,0.10424378946229301,0.104243789462293,0.10424378946229304,0.10424378946229299,0.104243789462293,0.104243789462293,0.10424378946229299,0.104243789462293,0.10424378946229299,0.10424378946229299,0.104243789462293,0.104243789462293,0.10424378946229301,0.10424378946229301,0.10424378946229301,0.10424378946229301,0.104243789462293,0.10424378946229301,0.10424378946229303,0.10424378946229303,0.10424378946229303,0.10424378946229304,0.10424378946229299,0.10424378946229299,0.10424378946229305,0.10424378946229304,0.10424378946229304,0.10424378946229301,0.10424378946229303,0.10424378946229301,0.104243789462293,0.10424378946229303,0.104243789462293,0.10424378946229301,0.104243789462293,0.10424378946229304,0.10424378946229301,0.10424378946229308,0.10424378946229301,0.10424378946229308,0.104243789462293,0.10424378946229308,0.104243789462293,0.10424378946229308,0.10424378946229301,0.10424378946229304,0.10424378946229301,0.10424378946229301,0.10424378946229307,0.10424378946229305,0.10424378946229305,0.10424378946229305,0.10424378946229303,0.10424378946229303,0.10424378946229304,0.10424378946229304,0.10424378946229305,0.10424378946229303,0.10424378946229305,0.10424378946229305,0.10424378946229307,0.10424378946229305,0.104243789462293,0.10424378946229304,0.10424378946229304,0.10424378946229303,0.10424378946229307,0.10424378946229305,0.10424378946229301,0.10424378946229303,0.10424378946229303,0.10424378946229303,0.10424378946229304,0.10424378946229305,0.10424378946229299,0.10424378946229299,0.10424378946229299,0.10424378946229299,0.10424378946229299,0.104243789462293,0.104243789462293,0.104243789462293,0.10424378946229299,0.104243789462293,0.104243789462293,0.10424378946229297,0.10424378946229299,0.10424378946229299,0.104243789462293,0.10424378946229299,0.10424378946229293,0.10424378946229299,0.104243789462293,0.104243789462293,0.104243789462293,0.10424378946229299,0.10424378946229299,0.104243789462293,0.10424378946229297,0.10424378946229299,0.104243789462293,0.104243789462293,0.10424378946229297,0.10424378946229297,0.10424378946229299,0.104243789462293,0.10424378946229297,0.10424378946229299,0.10424378946229297,0.10424378946229297,0.10424378946229299,0.104243789462293,0.10424378946229294,0.10424378946229297,0.10424378946229297,0.10424378946229299,0.10424378946229297,0.10424378946229297,0.10424378946229296,0.10424378946229296,0.10424378946229296,0.10424378946229297,0.10424378946229297,0.10424378946229296,0.10424378946229294,0.10424378946229297,0.10424378946229294,0.10424378946229297,0.10424378946229297,0.10424378946229297,0.10424378946229294,0.10424378946229297,0.10424378946229296,0.10424378946229296,0.10424378946229299,0.10424378946229297,0.10424378946229294,0.10424378946229297,0.10424378946229297,0.10424378946229293,0.104243789462293,0.104243789462293,0.104243789462293,0.104243789462293,0.104243789462293,0.104243789462293,0.10424378946229299,0.10424378946229296,0.10424378946229297,0.10424378946229294,0.10424378946229299,0.10424378946229299,0.104243789462293,0.10424378946229294,0.10424378946229294,0.10424378946229297,0.10424378946229297,0.104243789462293,0.104243789462293,0.10424378946229299,0.10424378946229299,0.10424378946229294,0.10424378946229297,0.104243789462293,0.10424378946229299,0.10424378946229293,0.104243789462293,0.10424378946229299,0.10424378946229293,0.104243789462293,0.104243789462293,0.10424378946229297,0.104243789462293,0.10424378946229299,0.10424378946229297,0.10424378946229299,0.104243789462293,0.10424378946229303,0.10424378946229303,0.10424378946229297,0.104243789462293,0.104243789462293,0.10424378946229297,0.10424378946229297,0.10424378946229299,0.10424378946229297,0.10424378946229299,0.10424378946229307,0.10424378946229301,0.104243789462293,0.104243789462293,0.10424378946229303,0.10424378946229301,0.10424378946229301,0.10424378946229299,0.10424378946229304,0.10424378946229299,0.10424378946229299,0.104243789462293,0.10424378946229299,0.10424378946229299,0.104243789462293,0.10424378946229299,0.104243789462293,0.10424378946229299,0.10424378946229299,0.10424378946229297,0.10424378946229297,0.10424378946229299,0.104243789462293,0.10424378946229299,0.10424378946229299,0.10424378946229299,0.10424378946229299,0.104243789462293,0.10424378946229297,0.104243789462293,0.10424378946229301,0.10424378946229301,0.10424378946229303,0.104243789462293,0.10424378946229299,0.104243789462293,0.10424378946229299,0.104243789462293,0.104243789462293,0.10424378946229301,0.10424378946229301,0.10424378946229301,0.10424378946229301,0.10424378946229304,0.10424378946229301,0.10424378946229301,0.10424378946229301,0.10424378946229303,0.10424378946229297,0.104243789462293,0.10424378946229299,0.10424378946229299,0.104243789462293,0.10424378946229312,0.10424378946229303,0.10424378946229305,0.10424378946229304,0.10424378946229299,0.10424378946229304,0.10424378946229303,0.10424378946229299,0.10424378946229303,0.104243789462293,0.10424378946229299,0.10424378946229299,0.10424378946229299,0.10424378946229299,0.10424378946229299,0.10424378946229299,0.104243789462293,0.104243789462293,0.104243789462293,0.104243789462293,0.104243789462293,0.104243789462293,0.104243789462293,0.10424378946229299,0.10424378946229297,0.10424378946229297,0.10424378946229297,0.10424378946229297,0.104243789462293,0.10424378946229292,0.10424378946229299,0.104243789462293,0.10424378946229303,0.10424378946229301,0.10424378946229303,0.10424378946229299,0.104243789462293,0.10424378946229299,0.10424378946229299,0.10424378946229299,0.104243789462293,0.104243789462293,0.10424378946229299,0.104243789462293,0.104243789462293,0.10424378946229299,0.10424378946229299,0.10424378946229299,0.10424378946229299,0.10424378946229299,0.10424378946229299,0.10424378946229299,0.10424378946229299,0.10424378946229299,0.104243789462293,0.10424378946229299,0.10424378946229299,0.10424378946229299,0.104243789462293,0.10424378946229303,0.10424378946229297,0.10424378946229299,0.10424378946229299,0.104243789462293,0.10424378946229299,0.10424378946229299,0.104243789462293,0.10424378946229301,0.104243789462293,0.10424378946229297,0.104243789462293,0.10424378946229299,0.10424378946229299,0.10424378946229296,0.10424378946229303,0.10424378946229297,0.10424378946229305,0.10424378946229299,0.104243789462293,0.104243789462293,0.10424378946229299,0.10424378946229299,0.10424378946229299,0.10424378946229303,0.10424378946229301,0.10424378946229301,0.10424378946229301,0.10424378946229301,0.10424378946229303,0.104243789462293,0.10424378946229299,0.104243789462293,0.10424378946229299,0.104243789462293,0.10424378946229299,0.10424378946229301,0.104243789462293,0.10424378946229296,0.104243789462293,0.10424378946229299,0.10424378946229299,0.104243789462293,0.10424378946229299,0.104243789462293,0.10424378946229294,0.10424378946229299,0.10424378946229299,0.104243789462293,0.10424378946229301,0.104243789462293,0.10424378946229303,0.10424378946229304,0.10424378946229304,0.104243789462293,0.10424378946229299,0.104243789462293,0.104243789462293,0.104243789462293,0.104243789462293,0.10424378946229299,0.104243789462293,0.104243789462293,0.10424378946229308,0.10424378946229299,0.10424378946229299,0.10424378946229299,0.10424378946229299,0.10424378946229299,0.10424378946229299,0.104243789462293,0.10424378946229299,0.10424378946229299,0.10424378946229299,0.10424378946229305,0.10424378946229301,0.10424378946229301,0.10424378946229301,0.10424378946229301,0.10424378946229301,0.10424378946229301,0.10424378946229301,0.10424378946229301,0.10424378946229301,0.10424378946229301,0.10424378946229301,0.10424378946229301,0.10424378946229301,0.104243789462293,0.10424378946229303,0.10424378946229304,0.10424378946229301,0.10424378946229304,0.104243789462293,0.10424378946229301,0.10424378946229301,0.10424378946229301,0.10424378946229304,0.10424378946229303,0.10424378946229304,0.10424378946229304,0.10424378946229301,0.10424378946229304,0.10424378946229307,0.10424378946229303,0.104243789462293,0.10424378946229299,0.10424378946229304,0.10424378946229297,0.10424378946229301,0.10424378946229301,0.10424378946229299,0.10424378946229299,0.10424378946229299,0.104243789462293,0.10424378946229299,0.10424378946229299,0.104243789462293,0.104243789462293,0.10424378946229299,0.10424378946229299,0.10424378946229299,0.10424378946229299,0.104243789462293,0.10424378946229299,0.10424378946229299,0.10424378946229299,0.104243789462293,0.10424378946229299,0.10424378946229299,0.10424378946229299,0.10424378946229297,0.10424378946229299,0.10424378946229301,0.10424378946229301,0.10424378946229301,0.10424378946229301,0.104243789462293,0.10424378946229301,0.10424378946229297,0.10424378946229303,0.10424378946229303,0.104243789462293,0.104243789462293,0.10424378946229303,0.10424378946229301,0.10424378946229307,0.104243789462293,0.10424378946229303,0.10424378946229299,0.10424378946229304,0.10424378946229304,0.10424378946229293,0.10424378946229301,0.10424378946229301,0.10424378946229301,0.10424378946229301,0.10424378946229301,0.10424378946229303,0.104243789462293,0.104243789462293,0.10424378946229299,0.10424378946229299,0.104243789462293,0.10424378946229299,0.104243789462293,0.104243789462293,0.10424378946229303,0.104243789462293,0.10424378946229305,0.10424378946229299,0.104243789462293,0.104243789462293,0.104243789462293,0.10424378946229297,0.10424378946229299,0.104243789462293,0.104243789462293,0.10424378946229299,0.10424378946229296,0.104243789462293,0.10424378946229297,0.10424378946229299,0.10424378946229293,0.104243789462293,0.104243789462293,0.10424378946229292,0.10424378946229294,0.10424378946229296,0.10424378946229299,0.10424378946229294,0.10424378946229297,0.10424378946229294,0.10424378946229296,0.10424378946229297,0.10424378946229297,0.10424378946229296,0.10424378946229296,0.10424378946229283,0.10424378946229293,0.10424378946229285,0.10424378946229292,0.10424378946229292,0.1042437894622929,0.10424378946229292,0.1042437894622929,0.1042437894622929,0.1042437894622929,0.1042437894622929,0.1042437894622929,0.1042437894622929,0.1042437894622929,0.10424378946229289,0.1042437894622929,0.1042437894622929,0.10424378946229289,0.10424378946229287,0.10424378946229294,0.10424378946229287,0.10424378946229293,0.10424378946229292,0.1042437894622929,0.10424378946229294,0.1042437894622929,0.10424378946229292,0.1042437894622929,0.1042437894622929,0.10424378946229293,0.10424378946229293,0.1042437894622929,0.1042437894622929,0.10424378946229292,0.10424378946229289,0.1042437894622929,0.10424378946229292,0.10424378946229286,0.10424378946229292,0.1042437894622929,0.10424378946229292,0.1042437894622929,0.10424378946229289,0.10424378946229287,0.10424378946229283,0.1042437894622929,0.10424378946229289,0.1042437894622929,0.1042437894622929,0.1042437894622929,0.10424378946229294,0.10424378946229297,0.10424378946229296,0.10424378946229294,0.1042437894622929,0.1042437894622929,0.10424378946229297,0.1042437894622929,0.10424378946229299,0.10424378946229292,0.10424378946229294,0.10424378946229294,0.10424378946229294,0.10424378946229297,0.1042437894622929,0.1042437894622929,0.10424378946229297,0.10424378946229297,0.10424378946229296,0.104243789462293,0.10424378946229296,0.10424378946229297,0.10424378946229293,0.10424378946229296,0.10424378946229294,0.10424378946229289,0.10424378946229293,0.10424378946229293,0.1042437894622929,0.10424378946229293,0.10424378946229292,0.10424378946229293,0.1042437894622929,0.10424378946229297,0.10424378946229294,0.10424378946229293,0.10424378946229296,0.10424378946229293,0.10424378946229292,0.10424378946229296,0.10424378946229294,0.10424378946229294,0.10424378946229293,0.10424378946229293,0.10424378946229293,0.10424378946229293,0.10424378946229294,0.10424378946229294,0.10424378946229293,0.10424378946229299,0.10424378946229297,0.10424378946229299,0.10424378946229293,0.10424378946229299,0.10424378946229293,0.10424378946229292,0.104243789462293,0.10424378946229293,0.10424378946229299,0.10424378946229297,0.10424378946229299,0.10424378946229297,0.10424378946229297,0.10424378946229299,0.10424378946229296,0.10424378946229293,0.104243789462293,0.10424378946229296,0.10424378946229299,0.10424378946229294,0.10424378946229293,0.10424378946229297,0.10424378946229292,0.10424378946229293,0.10424378946229294,0.10424378946229293,0.104243789462293,0.10424378946229297,0.10424378946229297,0.10424378946229297,0.10424378946229297,0.10424378946229294,0.10424378946229297,0.10424378946229299,0.10424378946229297,0.10424378946229296,0.10424378946229296,0.10424378946229294,0.10424378946229297,0.10424378946229299,0.10424378946229296,0.10424378946229297,0.10424378946229299,0.10424378946229293,0.10424378946229294,0.10424378946229294,0.10424378946229293,0.10424378946229296,0.10424378946229294,0.10424378946229289,0.1042437894622929,0.10424378946229297,0.10424378946229296,0.10424378946229292,0.10424378946229293,0.1042437894622929,0.1042437894622929,0.1042437894622929,0.10424378946229297,0.10424378946229297,0.10424378946229286,0.1042437894622929,0.10424378946229297,0.1042437894622929,0.10424378946229293,0.10424378946229292,0.1042437894622929,0.1042437894622929,0.1042437894622929,0.10424378946229287,0.10424378946229292,0.10424378946229287,0.10424378946229289,0.10424378946229289,0.10424378946229287,0.10424378946229289,0.10424378946229287,0.10424378946229289,0.10424378946229287,0.10424378946229292,0.10424378946229292,0.10424378946229292,0.1042437894622929,0.10424378946229292,0.10424378946229296,0.10424378946229287,0.10424378946229287,0.10424378946229287,0.10424378946229289,0.10424378946229293,0.1042437894622929,0.10424378946229292,0.10424378946229292,0.10424378946229289,0.10424378946229293,0.1042437894622929,0.1042437894622929,0.1042437894622929,0.10424378946229292,0.1042437894622929,0.1042437894622929,0.10424378946229289,0.10424378946229289,0.10424378946229289,0.10424378946229287,0.10424378946229287,0.1042437894622929,0.1042437894622929,0.10424378946229292,0.1042437894622929,0.1042437894622929,0.1042437894622929,0.10424378946229294,0.1042437894622929,0.1042437894622929,0.1042437894622929,0.1042437894622929,0.10424378946229292,0.1042437894622929,0.10424378946229293,0.10424378946229287,0.10424378946229287,0.10424378946229293,0.10424378946229293,0.10424378946229292,0.1042437894622929,0.1042437894622929,0.1042437894622929,0.10424378946229286,0.10424378946229287,0.10424378946229289,0.10424378946229289,0.10424378946229289,0.10424378946229289,0.10424378946229289,0.10424378946229286,0.10424378946229282,0.10424378946229283,0.10424378946229286,0.10424378946229283,0.10424378946229292,0.10424378946229285,0.10424378946229286,0.10424378946229287,0.10424378946229289,0.10424378946229286,0.10424378946229286,0.1042437894622929,0.1042437894622929,0.10424378946229286,0.1042437894622929,0.10424378946229286,0.10424378946229292,0.1042437894622929,0.1042437894622929,0.1042437894622929,0.1042437894622929,0.10424378946229292,0.1042437894622929,0.1042437894622929,0.1042437894622929,0.1042437894622929,0.1042437894622929,0.10424378946229285,0.10424378946229287,0.10424378946229289,0.10424378946229289,0.10424378946229289,0.10424378946229287,0.10424378946229287,0.10424378946229289,0.10424378946229286,0.10424378946229287,0.10424378946229289,0.10424378946229289,0.10424378946229287,0.10424378946229286,0.10424378946229286,0.10424378946229286,0.10424378946229287,0.10424378946229287,0.10424378946229286,0.10424378946229285,0.10424378946229287,0.10424378946229285,0.10424378946229287,0.10424378946229289,0.10424378946229289,0.10424378946229289,0.10424378946229286,0.10424378946229287,0.10424378946229289,0.1042437894622929,0.10424378946229289,0.10424378946229287,0.10424378946229287,0.10424378946229282,0.10424378946229287,0.10424378946229292,0.1042437894622929,0.1042437894622929,0.10424378946229292,0.1042437894622929,0.1042437894622929,0.1042437894622929,0.10424378946229283,0.10424378946229286,0.10424378946229292,0.10424378946229293,0.1042437894622929,0.10424378946229292,0.1042437894622929,0.10424378946229289,0.10424378946229289,0.10424378946229286,0.1042437894622929,0.10424378946229286,0.10424378946229287,0.10424378946229286,0.10424378946229289,0.1042437894622929,0.10424378946229292,0.1042437894622929,0.1042437894622929,0.10424378946229292,0.10424378946229292,0.10424378946229287,0.10424378946229287,0.10424378946229289,0.10424378946229286,0.1042437894622929,0.1042437894622929,0.1042437894622929,0.1042437894622929,0.1042437894622929,0.1042437894622929,0.10424378946229289,0.10424378946229289,0.10424378946229293,0.1042437894622929,0.1042437894622929,0.1042437894622929,0.10424378946229287,0.10424378946229294,0.1042437894622929,0.10424378946229292,0.10424378946229293,0.10424378946229289,0.10424378946229289,0.10424378946229289,0.1042437894622929,0.1042437894622929,0.10424378946229292,0.10424378946229292,0.10424378946229283,0.10424378946229287,0.10424378946229296,0.10424378946229286,0.10424378946229301,0.10424378946229287,0.10424378946229289,0.10424378946229287,0.10424378946229286,0.10424378946229289,0.10424378946229289,0.10424378946229286,0.1042437894622929,0.10424378946229285,0.1042437894622929,0.1042437894622929,0.10424378946229289,0.1042437894622929,0.1042437894622929,0.1042437894622929,0.10424378946229287,0.10424378946229286,0.10424378946229286,0.10424378946229286,0.10424378946229286,0.10424378946229289,0.10424378946229285,0.1042437894622929,0.1042437894622929,0.1042437894622929,0.1042437894622929,0.10424378946229292,0.10424378946229292,0.1042437894622929,0.10424378946229292,0.1042437894622929,0.1042437894622929,0.1042437894622929,0.10424378946229289,0.1042437894622929,0.10424378946229289,0.10424378946229287,0.10424378946229289,0.10424378946229286,0.10424378946229285,0.1042437894622929,0.10424378946229292,0.1042437894622929,0.10424378946229292,0.10424378946229292,0.10424378946229292,0.10424378946229289,0.1042437894622929,0.10424378946229285,0.1042437894622929,0.10424378946229289,0.10424378946229293,0.10424378946229293,0.10424378946229289,0.10424378946229289,0.10424378946229289,0.10424378946229289,0.10424378946229287,0.10424378946229286,0.10424378946229289,0.10424378946229283,0.10424378946229292,0.1042437894622929,0.10424378946229292,0.10424378946229283,0.10424378946229286,0.10424378946229287,0.10424378946229287,0.1042437894622929,0.10424378946229289,0.10424378946229289,0.10424378946229287,0.1042437894622929,0.1042437894622928,0.10424378946229292,0.1042437894622929,0.10424378946229289,0.10424378946229292,0.10424378946229292,0.1042437894622929,0.1042437894622929,0.1042437894622929,0.1042437894622929,0.1042437894622929,0.10424378946229289,0.10424378946229293,0.10424378946229292,0.1042437894622929,0.1042437894622929,0.1042437894622929,0.10424378946229292,0.10424378946229296,0.10424378946229299,0.10424378946229296,0.10424378946229292,0.10424378946229293,0.10424378946229293,0.10424378946229293,0.1042437894622929,0.10424378946229292,0.10424378946229286,0.10424378946229289,0.10424378946229287,0.10424378946229294,0.10424378946229272,0.10424378946229285,0.10424378946229286,0.10424378946229287,0.10424378946229287,0.10424378946229282,0.10424378946229287,0.1042437894622928,0.10424378946229283,0.10424378946229283,0.10424378946229282,0.10424378946229283,0.10424378946229283,0.10424378946229282,0.10424378946229282,0.10424378946229283,0.10424378946229282,0.10424378946229286,0.10424378946229283,0.10424378946229282,0.10424378946229285,0.10424378946229285,0.10424378946229282,0.10424378946229283,0.10424378946229282,0.10424378946229282,0.10424378946229286,0.10424378946229286,0.10424378946229287,0.10424378946229287,0.10424378946229289,0.10424378946229285,0.10424378946229285,0.10424378946229293,0.10424378946229283,0.10424378946229287,0.10424378946229289,0.10424378946229287,0.10424378946229286,0.1042437894622929,0.1042437894622929,0.10424378946229292,0.10424378946229292,0.1042437894622929,0.10424378946229292,0.10424378946229286,0.10424378946229292,0.10424378946229292,0.1042437894622929,0.10424378946229292,0.1042437894622929,0.10424378946229287,0.10424378946229287,0.1042437894622929,0.1042437894622929,0.10424378946229289,0.10424378946229287,0.10424378946229289,0.10424378946229287,0.10424378946229286,0.10424378946229285,0.10424378946229289,0.10424378946229287,0.10424378946229287,0.10424378946229283,0.10424378946229286,0.10424378946229285,0.10424378946229285,0.10424378946229279,0.10424378946229282,0.10424378946229282,0.10424378946229282,0.10424378946229282,0.10424378946229282,0.10424378946229285,0.10424378946229283,0.10424378946229282,0.10424378946229283,0.10424378946229286,0.10424378946229283,0.10424378946229287,0.1042437894622928,0.10424378946229282,0.10424378946229283,0.10424378946229283,0.1042437894622928,0.1042437894622928,0.10424378946229282,0.10424378946229282,0.10424378946229282,0.10424378946229282,0.10424378946229282,0.10424378946229282,0.10424378946229282,0.10424378946229282,0.10424378946229282,0.10424378946229283,0.10424378946229282,0.10424378946229282,0.10424378946229282,0.10424378946229282,0.10424378946229282,0.10424378946229282,0.10424378946229286,0.10424378946229279,0.10424378946229285,0.10424378946229278,0.10424378946229282,0.10424378946229282,0.1042437894622928,0.1042437894622928,0.10424378946229283,0.10424378946229282,0.1042437894622928,0.10424378946229282,0.10424378946229283,0.1042437894622928,0.10424378946229286,0.10424378946229282,0.1042437894622928,0.10424378946229282,0.1042437894622928,0.1042437894622928,0.10424378946229282,0.10424378946229283,0.10424378946229283,0.10424378946229282,0.10424378946229283,0.10424378946229283,0.10424378946229283,0.10424378946229283,0.10424378946229283,0.10424378946229282,0.10424378946229286,0.10424378946229285,0.10424378946229285,0.10424378946229285,0.10424378946229287,0.10424378946229287,0.1042437894622928,0.10424378946229282,0.10424378946229285,0.10424378946229283,0.1042437894622929,0.10424378946229282,0.10424378946229287,0.10424378946229286,0.10424378946229286,0.1042437894622929,0.10424378946229283,0.10424378946229285,0.10424378946229285,0.10424378946229287,0.10424378946229286,0.1042437894622929,0.10424378946229287,0.10424378946229286,0.10424378946229285,0.10424378946229283,0.10424378946229287,0.10424378946229287,0.10424378946229287,0.10424378946229286,0.1042437894622929,0.1042437894622929,0.10424378946229292,0.10424378946229289,0.1042437894622929,0.10424378946229289,0.1042437894622929,0.1042437894622929,0.1042437894622929,0.1042437894622929,0.1042437894622929,0.10424378946229292,0.10424378946229292,0.10424378946229287,0.10424378946229289,0.10424378946229289,0.10424378946229287,0.10424378946229274,0.10424378946229286,0.1042437894622928,0.10424378946229282,0.10424378946229283,0.10424378946229282,0.1042437894622928,0.1042437894622928,0.1042437894622928,0.10424378946229282,0.1042437894622928,0.1042437894622928,0.10424378946229285,0.10424378946229283,0.1042437894622928,0.10424378946229282,0.10424378946229283,0.10424378946229282,0.10424378946229282,0.10424378946229282,0.10424378946229282,0.10424378946229283,0.10424378946229283,0.10424378946229283,0.10424378946229282,0.10424378946229282,0.10424378946229282,0.10424378946229282,0.10424378946229279,0.1042437894622928,0.10424378946229279,0.10424378946229282,0.1042437894622928,0.10424378946229279,0.10424378946229278,0.1042437894622928,0.10424378946229282,0.1042437894622928,0.1042437894622928,0.10424378946229276,0.10424378946229282,0.10424378946229278,0.1042437894622928,0.1042437894622928,0.10424378946229282,0.10424378946229283,0.10424378946229279,0.10424378946229279,0.10424378946229282,0.10424378946229279,0.1042437894622928,0.10424378946229283,0.10424378946229282,0.10424378946229282,0.1042437894622928,0.10424378946229283,0.1042437894622928,0.10424378946229282,0.10424378946229283,0.1042437894622928,0.10424378946229275,0.10424378946229279,0.10424378946229285,0.10424378946229282,0.1042437894622928,0.1042437894622928,0.1042437894622928,0.1042437894622928,0.10424378946229282,0.10424378946229282,0.10424378946229282,0.10424378946229282,0.1042437894622928,0.1042437894622928,0.10424378946229282,0.10424378946229285,0.10424378946229283,0.10424378946229279,0.10424378946229283,0.10424378946229283,0.10424378946229279,0.10424378946229285,0.10424378946229278,0.1042437894622928,0.1042437894622928,0.1042437894622928,0.10424378946229283,0.10424378946229282,0.1042437894622928,0.10424378946229282,0.10424378946229282,0.10424378946229282,0.1042437894622928,0.10424378946229282,0.1042437894622928,0.1042437894622928,0.10424378946229282,0.10424378946229282,0.10424378946229282,0.10424378946229283,0.10424378946229282,0.10424378946229279,0.10424378946229279,0.1042437894622928,0.10424378946229282,0.10424378946229282,0.10424378946229279,0.10424378946229283,0.10424378946229276,0.1042437894622928,0.10424378946229278,0.10424378946229279,0.1042437894622928,0.10424378946229283,0.10424378946229278,0.10424378946229279,0.10424378946229276,0.10424378946229282,0.1042437894622928,0.10424378946229279,0.1042437894622928,0.10424378946229283,0.10424378946229279,0.10424378946229279,0.10424378946229282,0.10424378946229278,0.10424378946229283,0.10424378946229279,0.1042437894622928,0.1042437894622928,0.10424378946229283,0.10424378946229278,0.10424378946229279,0.1042437894622928,0.10424378946229282,0.10424378946229283,0.10424378946229279,0.10424378946229279,0.10424378946229283,0.10424378946229279,0.10424378946229282,0.10424378946229275,0.1042437894622928,0.1042437894622928,0.10424378946229279,0.1042437894622928,0.10424378946229282,0.1042437894622928,0.10424378946229282,0.10424378946229276,0.10424378946229274,0.10424378946229272,0.10424378946229278,0.10424378946229278,0.10424378946229279,0.10424378946229276,0.10424378946229279,0.1042437894622928,0.1042437894622928,0.10424378946229279,0.10424378946229276,0.10424378946229276,0.10424378946229276,0.10424378946229278,0.10424378946229279,0.1042437894622928,0.1042437894622928,0.10424378946229275,0.10424378946229274,0.10424378946229276,0.10424378946229274,0.10424378946229275,0.10424378946229275,0.10424378946229275,0.10424378946229274,0.10424378946229282,0.10424378946229275,0.10424378946229278,0.10424378946229282,0.10424378946229276,0.10424378946229278,0.10424378946229276,0.1042437894622928,0.10424378946229279,0.10424378946229275,0.10424378946229275,0.10424378946229275,0.10424378946229275,0.10424378946229274,0.10424378946229276,0.10424378946229275,0.10424378946229275,0.10424378946229274,0.10424378946229272,0.10424378946229271,0.10424378946229275,0.10424378946229274,0.10424378946229275,0.10424378946229275,0.10424378946229275,0.10424378946229274,0.10424378946229274,0.10424378946229276,0.10424378946229276,0.10424378946229274,0.10424378946229274,0.10424378946229271,0.10424378946229276,0.10424378946229278,0.10424378946229278,0.10424378946229278,0.10424378946229278,0.1042437894622928,0.10424378946229278,0.10424378946229278,0.10424378946229279,0.10424378946229279,0.1042437894622928,0.10424378946229279,0.10424378946229285,0.1042437894622928,0.10424378946229282,0.1042437894622928,0.10424378946229282,0.1042437894622928,0.10424378946229276,0.10424378946229279,0.10424378946229275,0.10424378946229283,0.10424378946229279,0.10424378946229282,0.10424378946229279,0.10424378946229278,0.10424378946229282,0.1042437894622928,0.10424378946229282,0.10424378946229304,0.10424378946229289,0.10424378946229287,0.10424378946229287,0.10424378946229289,0.10424378946229289,0.10424378946229292,0.10424378946229289,0.10424378946229289,0.10424378946229289,0.10424378946229286,0.10424378946229287,0.1042437894622929,0.1042437894622929,0.1042437894622929,0.10424378946229292,0.1042437894622929,0.10424378946229289,0.10424378946229289,0.10424378946229292,0.1042437894622929,0.1042437894622929,0.1042437894622929,0.1042437894622929,0.1042437894622929,0.10424378946229292,0.1042437894622929,0.1042437894622929,0.1042437894622929,0.1042437894622929,0.10424378946229286,0.1042437894622929,0.1042437894622929,0.1042437894622929,0.10424378946229286,0.10424378946229287,0.10424378946229289,0.10424378946229289,0.10424378946229286,0.10424378946229286,0.10424378946229287,0.10424378946229287,0.10424378946229289,0.10424378946229289,0.10424378946229286,0.10424378946229285,0.10424378946229287,0.10424378946229286,0.10424378946229283,0.10424378946229286,0.1042437894622929,0.10424378946229293,0.10424378946229287,0.10424378946229289,0.10424378946229289,0.10424378946229287,0.10424378946229289,0.10424378946229282,0.10424378946229292,0.10424378946229292,0.1042437894622929,0.10424378946229286,0.1042437894622929,0.10424378946229289,0.10424378946229292,0.1042437894622929,0.10424378946229292,0.1042437894622929,0.10424378946229296,0.10424378946229287,0.1042437894622929,0.10424378946229289,0.10424378946229289,0.10424378946229289,0.10424378946229286,0.10424378946229285,0.10424378946229286,0.1042437894622929,0.10424378946229285,0.10424378946229287,0.10424378946229286,0.10424378946229287,0.10424378946229289,0.10424378946229289,0.1042437894622928,0.10424378946229287,0.10424378946229289,0.10424378946229289,0.10424378946229287,0.10424378946229287,0.10424378946229287,0.10424378946229282,0.10424378946229286,0.10424378946229286,0.10424378946229286,0.10424378946229286,0.10424378946229278,0.10424378946229283,0.1042437894622928,0.1042437894622928,0.10424378946229283,0.10424378946229279,0.10424378946229282,0.10424378946229286,0.1042437894622928,0.1042437894622928,0.10424378946229282,0.10424378946229282,0.1042437894622928,0.10424378946229283,0.10424378946229282,0.10424378946229282,0.1042437894622928,0.10424378946229285,0.10424378946229283,0.10424378946229282,0.10424378946229282,0.10424378946229282,0.10424378946229283,0.10424378946229283,0.10424378946229283,0.10424378946229282,0.10424378946229283,0.10424378946229282,0.10424378946229282,0.10424378946229283,0.10424378946229286,0.10424378946229285,0.10424378946229285,0.10424378946229285,0.10424378946229283,0.10424378946229289,0.10424378946229283,0.10424378946229285,0.10424378946229283,0.10424378946229286,0.10424378946229287,0.10424378946229286,0.10424378946229285,0.10424378946229286,0.10424378946229287,0.10424378946229286,0.10424378946229286,0.10424378946229292,0.10424378946229287,0.10424378946229285,0.10424378946229292,0.10424378946229282,0.10424378946229283,0.10424378946229286,0.10424378946229283,0.10424378946229286,0.10424378946229286,0.10424378946229285,0.10424378946229286,0.1042437894622929,0.1042437894622929,0.10424378946229289,0.1042437894622929,0.10424378946229289,0.10424378946229292,0.10424378946229287,0.10424378946229289,0.10424378946229287,0.1042437894622929,0.10424378946229293,0.1042437894622929,0.1042437894622929,0.1042437894622929,0.1042437894622929,0.10424378946229285,0.10424378946229287,0.10424378946229289,0.10424378946229287,0.10424378946229286,0.10424378946229292,0.10424378946229282,0.10424378946229289,0.10424378946229289,0.10424378946229287,0.10424378946229289,0.10424378946229286,0.10424378946229287,0.10424378946229289,0.10424378946229287,0.10424378946229286,0.10424378946229287,0.10424378946229289,0.10424378946229287,0.10424378946229285,0.10424378946229283,0.1042437894622929,0.1042437894622929,0.10424378946229289,0.1042437894622929,0.1042437894622929,0.10424378946229292,0.10424378946229296,0.10424378946229287,0.10424378946229293,0.10424378946229292,0.10424378946229286,0.10424378946229287,0.10424378946229287,0.10424378946229293,0.10424378946229292,0.10424378946229289,0.10424378946229285,0.10424378946229286,0.10424378946229287,0.10424378946229286,0.10424378946229292,0.1042437894622929,0.1042437894622929,0.10424378946229292,0.1042437894622929,0.10424378946229289,0.10424378946229287,0.10424378946229287,0.10424378946229287,0.10424378946229289,0.10424378946229285,0.10424378946229286,0.10424378946229285,0.10424378946229285,0.10424378946229289,0.1042437894622929,0.10424378946229289,0.10424378946229292,0.10424378946229287,0.10424378946229286,0.10424378946229292,0.10424378946229289,0.10424378946229292,0.1042437894622929,0.10424378946229289,0.10424378946229292,0.1042437894622929,0.1042437894622929,0.1042437894622929,0.10424378946229285,0.1042437894622929,0.10424378946229292,0.10424378946229292,0.10424378946229286,0.10424378946229292,0.10424378946229289,0.10424378946229289,0.10424378946229289,0.10424378946229289,0.10424378946229287,0.1042437894622929,0.10424378946229289,0.1042437894622929,0.1042437894622929,0.10424378946229289,0.10424378946229292,0.10424378946229292,0.1042437894622929,0.10424378946229287,0.10424378946229292,0.1042437894622929,0.1042437894622929,0.1042437894622929,0.10424378946229294,0.1042437894622929,0.10424378946229287,0.10424378946229287,0.10424378946229289,0.10424378946229289,0.10424378946229287,0.10424378946229287,0.10424378946229287,0.10424378946229282,0.10424378946229285,0.10424378946229282,0.10424378946229282,0.10424378946229283,0.10424378946229283,0.10424378946229282,0.10424378946229283,0.10424378946229283,0.10424378946229286,0.10424378946229283,0.10424378946229283,0.10424378946229282,0.10424378946229287,0.10424378946229287,0.10424378946229294,0.10424378946229285,0.10424378946229283,0.10424378946229287,0.10424378946229282,0.1042437894622928,0.10424378946229283,0.10424378946229283,0.10424378946229279,0.10424378946229285,0.10424378946229282,0.10424378946229289,0.10424378946229285,0.10424378946229285,0.10424378946229282,0.10424378946229283,0.10424378946229286,0.10424378946229285,0.10424378946229286,0.10424378946229282,0.10424378946229289,0.10424378946229287,0.10424378946229286,0.10424378946229285,0.10424378946229292,0.1042437894622929,0.10424378946229289,0.1042437894622929,0.10424378946229289,0.10424378946229292,0.10424378946229292,0.10424378946229289,0.10424378946229292,0.10424378946229289,0.1042437894622929,0.10424378946229287,0.10424378946229287,0.10424378946229289,0.1042437894622929,0.1042437894622929,0.10424378946229292,0.10424378946229292,0.1042437894622929,0.10424378946229287,0.10424378946229287,0.10424378946229285,0.10424378946229286,0.10424378946229285,0.10424378946229287,0.1042437894622929,0.10424378946229289,0.1042437894622929,0.10424378946229289,0.1042437894622929,0.1042437894622929,0.10424378946229292,0.10424378946229292,0.1042437894622929,0.1042437894622929,0.1042437894622929,0.10424378946229289,0.1042437894622929,0.1042437894622929,0.10424378946229292,0.10424378946229292,0.1042437894622929,0.10424378946229292,0.10424378946229289,0.1042437894622929,0.10424378946229289,0.10424378946229296,0.10424378946229292,0.1042437894622929,0.1042437894622929,0.10424378946229292,0.10424378946229292,0.1042437894622929,0.10424378946229292,0.10424378946229293,0.10424378946229292,0.10424378946229294,0.10424378946229287,0.10424378946229289,0.10424378946229287,0.10424378946229287,0.10424378946229287,0.10424378946229287,0.10424378946229287,0.1042437894622929,0.10424378946229283,0.10424378946229289,0.10424378946229285,0.10424378946229283,0.10424378946229282,0.10424378946229282,0.1042437894622928,0.10424378946229292,0.1042437894622929,0.10424378946229285,0.10424378946229282,0.1042437894622929,0.10424378946229292,0.10424378946229289,0.10424378946229286,0.1042437894622929,0.1042437894622929,0.1042437894622929,0.10424378946229289,0.10424378946229292,0.10424378946229292,0.1042437894622929,0.1042437894622929,0.1042437894622929,0.1042437894622929,0.10424378946229292,0.10424378946229289,0.1042437894622929,0.10424378946229289,0.10424378946229292,0.10424378946229286,0.1042437894622929,0.1042437894622929,0.10424378946229292,0.10424378946229292,0.10424378946229289,0.10424378946229289,0.10424378946229289,0.10424378946229287,0.10424378946229287,0.10424378946229286,0.10424378946229286,0.10424378946229287,0.10424378946229289,0.10424378946229287,0.10424378946229287,0.10424378946229289,0.10424378946229286,0.10424378946229289,0.10424378946229285,0.10424378946229297,0.10424378946229289,0.10424378946229289,0.10424378946229286,0.10424378946229286,0.1042437894622929,0.10424378946229294,0.10424378946229292,0.10424378946229292,0.1042437894622929,0.1042437894622929,0.1042437894622929,0.10424378946229292,0.1042437894622929,0.1042437894622929,0.10424378946229289,0.10424378946229287,0.10424378946229293,0.10424378946229289,0.10424378946229289,0.10424378946229289,0.10424378946229285,0.10424378946229292,0.10424378946229286,0.10424378946229289,0.10424378946229289,0.10424378946229282,0.10424378946229289,0.1042437894622928,0.10424378946229292,0.10424378946229289,0.10424378946229286,0.10424378946229286,0.1042437894622929,0.1042437894622929,0.10424378946229292,0.10424378946229292,0.1042437894622929,0.10424378946229292,0.10424378946229292,0.1042437894622929,0.10424378946229293,0.1042437894622929,0.1042437894622929,0.10424378946229289,0.1042437894622929,0.1042437894622929,0.1042437894622929,0.1042437894622929,0.1042437894622929,0.10424378946229289,0.10424378946229289,0.1042437894622929,0.10424378946229292,0.1042437894622929,0.1042437894622929,0.1042437894622929,0.10424378946229287,0.1042437894622929,0.10424378946229292,0.10424378946229289,0.10424378946229292,0.10424378946229289,0.10424378946229292,0.1042437894622929,0.1042437894622929,0.10424378946229289,0.10424378946229292,0.10424378946229289,0.10424378946229292,0.10424378946229289,0.10424378946229282,0.10424378946229286,0.10424378946229292,0.10424378946229287,0.10424378946229287,0.10424378946229289,0.10424378946229294,0.10424378946229289,0.10424378946229286,0.10424378946229285,0.10424378946229292,0.10424378946229289,0.1042437894622929,0.1042437894622929,0.1042437894622929,0.1042437894622929,0.1042437894622929,0.10424378946229289,0.1042437894622929,0.1042437894622929,0.10424378946229289,0.10424378946229287,0.10424378946229287,0.10424378946229287,0.10424378946229289,0.10424378946229285,0.1042437894622929,0.10424378946229285,0.10424378946229292,0.10424378946229283,0.10424378946229285,0.10424378946229286,0.1042437894622928,0.1042437894622928,0.10424378946229285,0.10424378946229286,0.10424378946229285,0.10424378946229285,0.10424378946229283,0.10424378946229285,0.10424378946229289,0.1042437894622928,0.10424378946229286,0.10424378946229283,0.10424378946229283,0.10424378946229287,0.10424378946229286,0.10424378946229283,0.10424378946229285,0.10424378946229286,0.10424378946229287,0.10424378946229283,0.10424378946229282,0.1042437894622928,0.10424378946229285,0.10424378946229283,0.10424378946229283,0.10424378946229286,0.10424378946229286,0.10424378946229285,0.1042437894622928,0.10424378946229283,0.1042437894622928,0.10424378946229287,0.10424378946229286,0.10424378946229286,0.10424378946229285,0.10424378946229285,0.10424378946229283,0.10424378946229285,0.10424378946229289,0.10424378946229289,0.10424378946229286,0.10424378946229287,0.10424378946229286,0.10424378946229283,0.10424378946229287,0.10424378946229287,0.1042437894622929,0.1042437894622929,0.1042437894622929,0.10424378946229292,0.1042437894622929,0.1042437894622929,0.10424378946229289,0.1042437894622929,0.1042437894622929,0.1042437894622929,0.1042437894622929,0.1042437894622929,0.10424378946229292,0.1042437894622929,0.10424378946229289,0.1042437894622929,0.10424378946229292,0.10424378946229292,0.10424378946229292,0.1042437894622929,0.10424378946229294,0.1042437894622929,0.1042437894622929,0.10424378946229294,0.10424378946229287,0.10424378946229293,0.10424378946229286,0.10424378946229293,0.10424378946229294,0.10424378946229293,0.10424378946229289,0.10424378946229296,0.10424378946229293,0.10424378946229289,0.10424378946229294,0.10424378946229299,0.10424378946229289,0.10424378946229287,0.10424378946229289,0.10424378946229287,0.10424378946229289,0.10424378946229286,0.10424378946229289,0.10424378946229286,0.10424378946229289,0.1042437894622929,0.10424378946229283,0.10424378946229286,0.10424378946229286,0.10424378946229286,0.1042437894622929,0.10424378946229292,0.10424378946229292,0.10424378946229282,0.10424378946229287,0.10424378946229287,0.10424378946229289,0.10424378946229287,0.10424378946229286,0.10424378946229289,0.10424378946229289,0.1042437894622929,0.10424378946229285,0.1042437894622929,0.10424378946229286,0.1042437894622929,0.10424378946229282,0.10424378946229292,0.10424378946229289,0.10424378946229292,0.1042437894622929,0.1042437894622929,0.10424378946229292,0.10424378946229292,0.10424378946229293,0.10424378946229287,0.10424378946229287,0.10424378946229287,0.10424378946229287,0.1042437894622929,0.10424378946229287,0.10424378946229289,0.10424378946229289,0.10424378946229289,0.10424378946229289,0.10424378946229287,0.10424378946229286,0.10424378946229285,0.10424378946229287,0.10424378946229285,0.10424378946229286,0.10424378946229285,0.10424378946229292,0.10424378946229292,0.1042437894622929,0.10424378946229283,0.1042437894622929,0.1042437894622929,0.1042437894622929,0.10424378946229292,0.10424378946229289,0.10424378946229292,0.1042437894622929,0.10424378946229292,0.10424378946229292,0.10424378946229299,0.10424378946229294,0.10424378946229293,0.10424378946229292,0.10424378946229294,0.10424378946229296,0.10424378946229296,0.10424378946229297,0.10424378946229294,0.10424378946229294,0.10424378946229296,0.10424378946229292,0.10424378946229293,0.10424378946229292,0.10424378946229289,0.1042437894622929,0.1042437894622929,0.10424378946229292,0.10424378946229289,0.1042437894622929,0.1042437894622929,0.1042437894622929,0.10424378946229287,0.1042437894622929,0.10424378946229287,0.10424378946229292,0.10424378946229294,0.10424378946229293,0.10424378946229292,0.10424378946229289,0.10424378946229292,0.10424378946229292,0.10424378946229292,0.10424378946229292,0.1042437894622929,0.1042437894622929,0.1042437894622929,0.1042437894622929,0.10424378946229292,0.1042437894622929,0.1042437894622929,0.10424378946229292,0.1042437894622929,0.1042437894622929,0.10424378946229289,0.1042437894622929,0.10424378946229292,0.10424378946229289,0.1042437894622929,0.1042437894622929,0.1042437894622929,0.10424378946229289,0.10424378946229293,0.1042437894622929,0.10424378946229292,0.1042437894622929,0.10424378946229292,0.1042437894622929,0.10424378946229289,0.10424378946229287,0.10424378946229287,0.10424378946229292,0.10424378946229289,0.10424378946229289,0.10424378946229289,0.10424378946229287,0.10424378946229287,0.10424378946229287,0.10424378946229287,0.10424378946229289,0.10424378946229289,0.10424378946229285,0.10424378946229292,0.10424378946229285,0.10424378946229289,0.10424378946229293,0.10424378946229289,0.10424378946229293,0.10424378946229289,0.10424378946229287,0.10424378946229289,0.1042437894622929,0.10424378946229287,0.10424378946229286,0.10424378946229286,0.10424378946229289,0.10424378946229289,0.1042437894622928,0.10424378946229282,0.10424378946229283,0.1042437894622929,0.10424378946229289,0.10424378946229289,0.1042437894622929,0.10424378946229289,0.1042437894622929,0.1042437894622929,0.1042437894622929,0.10424378946229289,0.10424378946229292,0.1042437894622929,0.10424378946229287,0.10424378946229289,0.10424378946229287,0.10424378946229289,0.10424378946229289,0.10424378946229289,0.10424378946229289,0.10424378946229287,0.10424378946229285,0.10424378946229286,0.1042437894622929,0.10424378946229287,0.10424378946229289,0.10424378946229285,0.10424378946229289,0.10424378946229292,0.10424378946229292,0.10424378946229292,0.10424378946229289,0.1042437894622929,0.1042437894622929,0.1042437894622929,0.10424378946229289,0.10424378946229289,0.10424378946229289,0.10424378946229285,0.10424378946229289,0.10424378946229292,0.10424378946229289,0.10424378946229292,0.10424378946229292,0.10424378946229292,0.10424378946229289,0.10424378946229292,0.10424378946229289,0.10424378946229293,0.10424378946229289,0.1042437894622929,0.10424378946229287,0.10424378946229293,0.10424378946229292,0.10424378946229292,0.1042437894622929,0.1042437894622929,0.1042437894622929,0.10424378946229294,0.10424378946229289,0.1042437894622929,0.1042437894622929,0.10424378946229287,0.10424378946229292,0.10424378946229289,0.1042437894622929,0.1042437894622929,0.10424378946229289,0.10424378946229287,0.10424378946229287,0.1042437894622929,0.10424378946229289,0.10424378946229292,0.1042437894622929,0.10424378946229287,0.10424378946229289,0.10424378946229287,0.10424378946229287,0.10424378946229293,0.10424378946229303,0.1042437894622929,0.10424378946229294,0.10424378946229293,0.10424378946229296,0.10424378946229293,0.10424378946229296,0.10424378946229294,0.10424378946229296,0.10424378946229293,0.10424378946229293,0.10424378946229292,0.10424378946229293,0.10424378946229293,0.10424378946229293,0.10424378946229293,0.10424378946229294,0.10424378946229293,0.10424378946229297,0.10424378946229299,0.10424378946229297,0.10424378946229297,0.10424378946229303,0.10424378946229293,0.10424378946229296,0.10424378946229292,0.10424378946229296,0.10424378946229296,0.10424378946229301,0.10424378946229299,0.10424378946229293,0.1042437894622929,0.10424378946229299,0.10424378946229303,0.10424378946229296,0.10424378946229296,0.10424378946229303,0.10424378946229296,0.10424378946229297,0.10424378946229297,0.10424378946229299,0.10424378946229296,0.10424378946229296,0.10424378946229299,0.10424378946229299,0.10424378946229296,0.10424378946229303,0.10424378946229301,0.104243789462293,0.10424378946229299,0.10424378946229299,0.10424378946229299,0.10424378946229299,0.10424378946229296,0.10424378946229301,0.10424378946229301,0.10424378946229303,0.10424378946229296,0.10424378946229308,0.104243789462293,0.10424378946229299,0.104243789462293,0.10424378946229301,0.10424378946229301,0.104243789462293,0.10424378946229301,0.10424378946229301,0.104243789462293,0.10424378946229301,0.10424378946229303,0.10424378946229303,0.10424378946229304,0.10424378946229305,0.104243789462293,0.10424378946229301,0.10424378946229301,0.10424378946229301,0.104243789462293,0.10424378946229303,0.10424378946229304,0.10424378946229294,0.104243789462293,0.10424378946229301,0.10424378946229301,0.104243789462293,0.10424378946229304,0.10424378946229303,0.10424378946229303,0.10424378946229304,0.10424378946229299,0.10424378946229299,0.104243789462293,0.10424378946229304,0.104243789462293,0.10424378946229297,0.104243789462293,0.10424378946229303,0.104243789462293,0.104243789462293,0.10424378946229301,0.104243789462293,0.10424378946229301,0.10424378946229301,0.104243789462293,0.104243789462293,0.10424378946229305,0.10424378946229301,0.104243789462293,0.10424378946229299,0.104243789462293,0.104243789462293,0.104243789462293,0.104243789462293,0.10424378946229299,0.104243789462293,0.10424378946229296,0.10424378946229297,0.104243789462293,0.104243789462293,0.10424378946229299,0.10424378946229299,0.104243789462293,0.10424378946229299,0.10424378946229299,0.10424378946229299,0.10424378946229299,0.10424378946229299,0.104243789462293,0.10424378946229301,0.104243789462293,0.10424378946229301,0.10424378946229292,0.10424378946229299,0.10424378946229299,0.10424378946229296,0.104243789462293,0.10424378946229294,0.10424378946229294,0.104243789462293,0.10424378946229289,0.10424378946229296,0.10424378946229282,0.10424378946229292,0.10424378946229289,0.1042437894622929,0.10424378946229289,0.10424378946229292,0.1042437894622929,0.1042437894622929,0.10424378946229287,0.1042437894622929,0.10424378946229289,0.10424378946229289,0.10424378946229289,0.10424378946229287,0.10424378946229292,0.10424378946229286,0.10424378946229287,0.10424378946229289,0.10424378946229289,0.10424378946229289,0.10424378946229287,0.10424378946229282,0.10424378946229283,0.10424378946229285,0.10424378946229282,0.1042437894622928,0.10424378946229282,0.10424378946229285,0.10424378946229283,0.10424378946229283,0.10424378946229286,0.10424378946229287,0.10424378946229287,0.10424378946229282,0.10424378946229283,0.10424378946229283,0.10424378946229283,0.10424378946229289,0.1042437894622928,0.10424378946229286,0.10424378946229282,0.10424378946229282,0.1042437894622928,0.10424378946229287,0.1042437894622928,0.1042437894622928,0.10424378946229279,0.10424378946229282,0.10424378946229283,0.10424378946229282,0.10424378946229286,0.10424378946229279,0.10424378946229283,0.10424378946229283,0.1042437894622928,0.10424378946229283,0.1042437894622928,0.1042437894622928,0.10424378946229282,0.10424378946229282,0.1042437894622928,0.10424378946229282,0.1042437894622928,0.10424378946229286,0.1042437894622928,0.10424378946229282,0.1042437894622928,0.10424378946229282,0.10424378946229282,0.10424378946229282,0.10424378946229283,0.10424378946229282,0.10424378946229282,0.1042437894622928,0.10424378946229274,0.10424378946229274,0.10424378946229274,0.10424378946229275,0.10424378946229275,0.10424378946229276,0.10424378946229276,0.10424378946229275,0.10424378946229276,0.10424378946229275,0.10424378946229272,0.10424378946229272,0.10424378946229276,0.10424378946229275,0.10424378946229274,0.10424378946229274,0.10424378946229276,0.10424378946229275,0.10424378946229272,0.10424378946229276,0.10424378946229278,0.10424378946229275,0.10424378946229278,0.10424378946229278,0.10424378946229278,0.10424378946229279,0.1042437894622928,0.10424378946229282,0.1042437894622928,0.10424378946229272,0.10424378946229279,0.10424378946229276,0.10424378946229278,0.10424378946229282,0.1042437894622928,0.1042437894622928,0.10424378946229275,0.10424378946229275,0.10424378946229276,0.10424378946229274,0.10424378946229274,0.10424378946229275,0.10424378946229274,0.10424378946229275,0.10424378946229275,0.10424378946229275,0.10424378946229274,0.10424378946229275,0.10424378946229274,0.10424378946229274,0.10424378946229272,0.10424378946229276,0.10424378946229275,0.10424378946229274,0.10424378946229274,0.10424378946229268,0.10424378946229278,0.10424378946229278,0.10424378946229275,0.10424378946229278,0.10424378946229278,0.10424378946229278,0.10424378946229278,0.10424378946229272,0.10424378946229278,0.10424378946229278,0.10424378946229278,0.10424378946229276,0.10424378946229278,0.10424378946229276,0.10424378946229278,0.10424378946229278,0.10424378946229278,0.10424378946229276,0.10424378946229278,0.10424378946229276,0.10424378946229278,0.10424378946229278,0.10424378946229278,0.10424378946229276,0.10424378946229279,0.10424378946229282,0.10424378946229279,0.10424378946229278,0.10424378946229279,0.10424378946229278,0.10424378946229278,0.1042437894622928,0.1042437894622928,0.1042437894622928,0.10424378946229279,0.10424378946229278,0.10424378946229276,0.10424378946229278,0.10424378946229278,0.10424378946229276,0.10424378946229279,0.10424378946229275,0.10424378946229274,0.10424378946229275,0.10424378946229274,0.10424378946229275,0.10424378946229275,0.10424378946229283,0.10424378946229276,0.10424378946229276,0.10424378946229276,0.10424378946229276,0.10424378946229276,0.10424378946229279,0.10424378946229276,0.10424378946229276,0.10424378946229278,0.10424378946229272,0.10424378946229274,0.10424378946229275,0.10424378946229275,0.10424378946229275,0.10424378946229274,0.10424378946229276,0.10424378946229274,0.10424378946229276,0.10424378946229276,0.10424378946229275,0.10424378946229274,0.10424378946229275,0.10424378946229275,0.10424378946229275,0.1042437894622927,0.10424378946229274,0.10424378946229272,0.10424378946229274,0.10424378946229276,0.10424378946229278,0.10424378946229278,0.10424378946229278,0.10424378946229278,0.10424378946229276,0.10424378946229278,0.10424378946229278,0.10424378946229278,0.10424378946229278,0.10424378946229278,0.10424378946229278,0.10424378946229274,0.10424378946229275,0.10424378946229285,0.10424378946229282,0.10424378946229283,0.10424378946229276,0.10424378946229279,0.10424378946229276,0.10424378946229283,0.10424378946229276,0.10424378946229275,0.10424378946229275,0.10424378946229275,0.10424378946229274,0.10424378946229279,0.10424378946229276,0.10424378946229276,0.10424378946229276,0.10424378946229278,0.10424378946229278,0.10424378946229276,0.10424378946229279,0.10424378946229278,0.10424378946229278,0.10424378946229278,0.10424378946229278,0.10424378946229276,0.10424378946229276,0.10424378946229279,0.1042437894622928,0.10424378946229275,0.10424378946229275,0.10424378946229274,0.10424378946229275,0.10424378946229275,0.10424378946229274,0.10424378946229275,0.10424378946229276,0.10424378946229276,0.10424378946229276,0.10424378946229278,0.10424378946229272,0.10424378946229274,0.1042437894622928,0.1042437894622928,0.10424378946229276,0.10424378946229276,0.10424378946229278,0.10424378946229278,0.10424378946229276,0.10424378946229278,0.10424378946229279,0.10424378946229278,0.10424378946229279,0.10424378946229278,0.10424378946229278,0.10424378946229278,0.1042437894622928,0.10424378946229278,0.10424378946229276,0.10424378946229276,0.10424378946229276,0.1042437894622928,0.10424378946229279,0.1042437894622928,0.10424378946229275,0.10424378946229275,0.10424378946229276,0.10424378946229274,0.10424378946229275,0.10424378946229272,0.10424378946229276,0.10424378946229278,0.10424378946229278,0.10424378946229276,0.10424378946229279,0.10424378946229276,0.10424378946229276,0.10424378946229278,0.10424378946229276,0.10424378946229276,0.10424378946229276,0.1042437894622928,0.10424378946229275,0.10424378946229276,0.10424378946229274,0.10424378946229275,0.10424378946229275,0.10424378946229275,0.1042437894622928,0.10424378946229275,0.10424378946229274,0.10424378946229275,0.10424378946229274,0.10424378946229275,0.10424378946229276,0.10424378946229274,0.10424378946229275,0.10424378946229272,0.10424378946229275,0.10424378946229275,0.10424378946229272,0.10424378946229272,0.10424378946229275,0.10424378946229275,0.10424378946229275,0.10424378946229275,0.10424378946229272,0.10424378946229275,0.10424378946229274,0.10424378946229272,0.10424378946229272,0.10424378946229274,0.10424378946229274,0.10424378946229276,0.10424378946229275,0.10424378946229272,0.10424378946229275,0.10424378946229275,0.10424378946229274,0.10424378946229272,0.10424378946229275,0.10424378946229271,0.10424378946229279,0.10424378946229274,0.10424378946229278,0.10424378946229276,0.10424378946229278,0.10424378946229274,0.10424378946229274,0.10424378946229275,0.10424378946229276,0.10424378946229276,0.10424378946229276,0.10424378946229275,0.10424378946229275,0.10424378946229272,0.10424378946229272,0.10424378946229272,0.10424378946229278,0.10424378946229276,0.10424378946229278,0.10424378946229278,0.10424378946229276,0.10424378946229278,0.10424378946229278,0.10424378946229278,0.10424378946229279,0.10424378946229276,0.1042437894622928,0.10424378946229276,0.10424378946229282,0.1042437894622928,0.1042437894622928,0.10424378946229279,0.10424378946229279,0.10424378946229282,0.10424378946229279,0.10424378946229275,0.10424378946229278,0.10424378946229285,0.1042437894622928,0.1042437894622928,0.10424378946229274,0.10424378946229274,0.10424378946229275,0.10424378946229275,0.10424378946229275,0.10424378946229276,0.10424378946229282,0.10424378946229276,0.10424378946229278,0.10424378946229276,0.1042437894622928,0.10424378946229278,0.10424378946229279,0.10424378946229278,0.10424378946229279,0.10424378946229278,0.10424378946229279,0.10424378946229282,0.10424378946229274,0.10424378946229276,0.10424378946229275,0.10424378946229276,0.10424378946229275,0.10424378946229276,0.10424378946229275,0.10424378946229274,0.10424378946229275,0.10424378946229276,0.10424378946229274,0.10424378946229274,0.10424378946229274,0.10424378946229274,0.10424378946229272,0.10424378946229274,0.10424378946229271,0.10424378946229274,0.10424378946229261,0.10424378946229268,0.10424378946229265,0.10424378946229268,0.10424378946229268,0.10424378946229268,0.10424378946229264,0.10424378946229271,0.1042437894622927,0.1042437894622927,0.10424378946229268,0.10424378946229271,0.10424378946229272,0.10424378946229271,0.10424378946229271,0.10424378946229268,0.1042437894622927,0.1042437894622927,0.10424378946229274,0.10424378946229271,0.1042437894622927,0.10424378946229268,0.10424378946229268,0.10424378946229271,0.10424378946229268,0.10424378946229268,0.1042437894622927,0.10424378946229275,0.10424378946229274,0.10424378946229264,0.10424378946229271,0.10424378946229268,0.10424378946229271,0.10424378946229272,0.10424378946229272,0.10424378946229274,0.1042437894622927,0.1042437894622927,0.10424378946229268,0.1042437894622927,0.10424378946229268,0.10424378946229268,0.1042437894622927,0.10424378946229275,0.10424378946229271,0.10424378946229271,0.10424378946229271,0.10424378946229265,0.10424378946229268,0.10424378946229268,0.10424378946229271,0.1042437894622927,0.10424378946229272,0.10424378946229272,0.10424378946229271,0.1042437894622927,0.10424378946229272,0.10424378946229272,0.10424378946229271,0.10424378946229271,0.10424378946229272,0.1042437894622927,0.1042437894622927,0.10424378946229272,0.1042437894622927,0.1042437894622927,0.10424378946229271,0.10424378946229267,0.10424378946229268,0.1042437894622927,0.10424378946229271,0.10424378946229264,0.10424378946229271,0.1042437894622927,0.10424378946229272,0.10424378946229265,0.10424378946229268,0.10424378946229268,0.10424378946229268,0.10424378946229265,0.10424378946229268,0.10424378946229265,0.10424378946229274,0.10424378946229271,0.10424378946229264,0.10424378946229267,0.10424378946229268,0.10424378946229264,0.10424378946229264,0.10424378946229264,0.10424378946229267,0.10424378946229264,0.10424378946229267,0.10424378946229265,0.10424378946229264,0.10424378946229265,0.10424378946229267,0.10424378946229264,0.10424378946229264,0.10424378946229265,0.10424378946229264,0.10424378946229265,0.10424378946229261,0.1042437894622927,0.10424378946229262,0.10424378946229262,0.10424378946229261,0.1042437894622926,0.10424378946229262,0.1042437894622926,0.10424378946229258,0.10424378946229262,0.10424378946229264,0.10424378946229264,0.10424378946229258,0.10424378946229265,0.10424378946229261,0.10424378946229268,0.1042437894622926,0.10424378946229262,0.10424378946229264,0.10424378946229262,0.10424378946229261,0.10424378946229262,0.10424378946229262,0.1042437894622926,0.10424378946229261,0.10424378946229261,0.10424378946229258,0.10424378946229265,0.1042437894622926,0.1042437894622926,0.10424378946229262,0.1042437894622926,0.10424378946229265,0.10424378946229265,0.10424378946229265,0.10424378946229264,0.10424378946229264,0.10424378946229265,0.10424378946229264,0.10424378946229264,0.10424378946229264,0.10424378946229258,0.10424378946229262,0.10424378946229262,0.10424378946229261,0.10424378946229262,0.1042437894622926,0.10424378946229261,0.10424378946229258,0.10424378946229257,0.1042437894622926,0.10424378946229258,0.10424378946229261,0.1042437894622926,0.10424378946229257,0.10424378946229262,0.10424378946229261,0.1042437894622926,0.10424378946229264,0.10424378946229262,0.10424378946229257,0.10424378946229257,0.10424378946229264,0.1042437894622926,0.10424378946229254,0.10424378946229257,0.10424378946229257,0.10424378946229255,0.1042437894622926,0.1042437894622926,0.10424378946229258,0.10424378946229258,0.10424378946229253,0.10424378946229258,0.10424378946229258,0.10424378946229255,0.10424378946229262,0.10424378946229257,0.10424378946229265,0.10424378946229265,0.10424378946229265,0.10424378946229262,0.10424378946229264,0.10424378946229265,0.10424378946229265,0.10424378946229264,0.10424378946229262,0.10424378946229264,0.10424378946229264,0.10424378946229264,0.10424378946229267,0.10424378946229264,0.10424378946229264,0.10424378946229262,0.10424378946229261,0.10424378946229262,0.10424378946229261,0.10424378946229261,0.10424378946229261,0.10424378946229264,0.10424378946229262,0.10424378946229261,0.10424378946229261,0.10424378946229257,0.1042437894622926,0.1042437894622926,0.10424378946229257,0.10424378946229262,0.10424378946229262,0.10424378946229261,0.10424378946229261,0.1042437894622926,0.10424378946229264,0.10424378946229264,0.10424378946229265,0.10424378946229264,0.10424378946229264,0.10424378946229264,0.10424378946229261,0.10424378946229262,0.10424378946229262,0.10424378946229264,0.10424378946229262,0.10424378946229261,0.10424378946229262,0.10424378946229258,0.1042437894622926,0.10424378946229264,0.10424378946229264,0.10424378946229255,0.10424378946229258,0.10424378946229264,0.10424378946229265,0.10424378946229265,0.10424378946229264,0.10424378946229262,0.10424378946229265,0.10424378946229265,0.10424378946229264,0.10424378946229265,0.10424378946229264,0.10424378946229264,0.10424378946229265,0.10424378946229264,0.10424378946229264,0.10424378946229265,0.10424378946229264,0.10424378946229262,0.10424378946229265,0.10424378946229264,0.10424378946229264,0.10424378946229262,0.10424378946229262,0.10424378946229264,0.10424378946229267,0.10424378946229265,0.10424378946229264,0.10424378946229264,0.10424378946229262,0.10424378946229264,0.10424378946229264,0.10424378946229261,0.10424378946229262,0.10424378946229261,0.10424378946229262,0.10424378946229268,0.10424378946229264,0.10424378946229262,0.10424378946229261,0.10424378946229262,0.10424378946229261,0.10424378946229261,0.10424378946229262,0.10424378946229261,0.10424378946229261,0.10424378946229262,0.10424378946229261,0.1042437894622926,0.10424378946229258,0.10424378946229262,0.10424378946229264,0.10424378946229264,0.10424378946229265,0.10424378946229265,0.10424378946229264,0.1042437894622926,0.10424378946229261,0.10424378946229261,0.1042437894622926,0.10424378946229267,0.10424378946229264,0.10424378946229264,0.10424378946229265,0.10424378946229265,0.10424378946229265,0.10424378946229264,0.10424378946229265,0.10424378946229264,0.10424378946229265,0.10424378946229264,0.10424378946229265,0.10424378946229265,0.10424378946229264,0.10424378946229264,0.10424378946229264,0.10424378946229264,0.10424378946229264,0.10424378946229265,0.10424378946229262,0.10424378946229265,0.10424378946229264,0.10424378946229264,0.10424378946229264,0.10424378946229268,0.10424378946229265,0.10424378946229264,0.10424378946229265,0.10424378946229265,0.10424378946229265,0.10424378946229267,0.10424378946229267,0.10424378946229267,0.10424378946229267,0.10424378946229267,0.10424378946229265,0.10424378946229264,0.10424378946229265,0.10424378946229262,0.10424378946229267,0.10424378946229265,0.1042437894622927,0.10424378946229264,0.10424378946229271,0.10424378946229268,0.10424378946229265,0.10424378946229264,0.10424378946229267,0.1042437894622927,0.10424378946229271,0.10424378946229272,0.10424378946229268,0.10424378946229267,0.10424378946229267,0.10424378946229265,0.10424378946229272,0.10424378946229271,0.10424378946229267,0.1042437894622927,0.10424378946229271,0.10424378946229271,0.10424378946229265,0.10424378946229267,0.10424378946229265,0.10424378946229265,0.10424378946229265,0.10424378946229265,0.10424378946229265,0.10424378946229265,0.1042437894622927,0.10424378946229268,0.1042437894622927,0.10424378946229265,0.10424378946229265,0.10424378946229268,0.10424378946229267,0.10424378946229264,0.10424378946229264,0.10424378946229267,0.10424378946229268,0.1042437894622927,0.10424378946229265,0.10424378946229265,0.10424378946229265,0.10424378946229264,0.10424378946229265,0.10424378946229264,0.10424378946229254,0.10424378946229265,0.1042437894622926,0.10424378946229261,0.10424378946229261,0.10424378946229258,0.10424378946229257,0.10424378946229258,0.10424378946229257,0.10424378946229261,0.10424378946229257,0.10424378946229258,0.10424378946229258,0.10424378946229255,0.10424378946229258,0.10424378946229257,0.10424378946229262,0.1042437894622926,0.10424378946229258,0.1042437894622926,0.10424378946229261,0.10424378946229258,0.10424378946229261,0.10424378946229261,0.10424378946229262,0.10424378946229258,0.1042437894622926,0.1042437894622926,0.10424378946229247,0.10424378946229255,0.10424378946229257,0.10424378946229254,0.10424378946229255,0.10424378946229258,0.10424378946229254,0.10424378946229255,0.10424378946229254,0.10424378946229257,0.10424378946229257,0.10424378946229258,0.10424378946229278,0.10424378946229264,0.10424378946229272,0.10424378946229268,0.10424378946229268,0.10424378946229268,0.10424378946229264,0.10424378946229267,0.10424378946229267,0.10424378946229255,0.10424378946229262,0.10424378946229261,0.10424378946229262,0.10424378946229262,0.10424378946229261,0.10424378946229257,0.10424378946229258,0.10424378946229261,0.10424378946229257,0.10424378946229261,0.1042437894622926,0.1042437894622926,0.1042437894622926,0.10424378946229254,0.10424378946229255,0.10424378946229254,0.10424378946229255,0.10424378946229255,0.10424378946229254,0.1042437894622926,0.10424378946229258,0.10424378946229257,0.10424378946229258,0.10424378946229251,0.10424378946229261,0.10424378946229257,0.1042437894622926,0.10424378946229261,0.10424378946229254,0.10424378946229255,0.10424378946229254,0.10424378946229257,0.10424378946229257,0.1042437894622924,0.10424378946229254,0.1042437894622925,0.1042437894622925,0.10424378946229258,0.10424378946229255,0.10424378946229253,0.10424378946229247,0.10424378946229261,0.10424378946229255,0.10424378946229255,0.10424378946229254,0.10424378946229251,0.10424378946229249,0.10424378946229255,0.10424378946229255,0.10424378946229255,0.10424378946229255,0.10424378946229257,0.10424378946229254,0.10424378946229255,0.10424378946229251,0.10424378946229255,0.10424378946229254,0.10424378946229253,0.10424378946229257,0.1042437894622926,0.10424378946229255,0.1042437894622926,0.10424378946229251,0.10424378946229258,0.10424378946229247,0.10424378946229253,0.10424378946229253,0.10424378946229253,0.10424378946229249,0.10424378946229249,0.10424378946229249,0.1042437894622925,0.10424378946229247,0.1042437894622925,0.10424378946229249,0.10424378946229249,0.10424378946229247,0.10424378946229244,0.10424378946229254,0.10424378946229247,0.1042437894622925,0.1042437894622925,0.10424378946229246,0.10424378946229249,0.10424378946229246,0.10424378946229253,0.10424378946229243,0.10424378946229249,0.10424378946229249,0.10424378946229244,0.1042437894622925,0.10424378946229247,0.10424378946229246,0.10424378946229253,0.10424378946229243,0.10424378946229247,0.1042437894622925,0.10424378946229247,0.10424378946229247,0.10424378946229247,0.10424378946229246,0.10424378946229249,0.10424378946229246,0.10424378946229251,0.10424378946229251,0.10424378946229251,0.10424378946229251,0.10424378946229251,0.10424378946229251,0.10424378946229249,0.10424378946229251,0.10424378946229247,0.10424378946229247,0.10424378946229249,0.10424378946229249,0.1042437894622925,0.1042437894622925,0.10424378946229246,0.10424378946229249,0.10424378946229249,0.10424378946229249,0.1042437894622925,0.10424378946229249,0.10424378946229246,0.10424378946229249,0.1042437894622925,0.10424378946229249,0.10424378946229249,0.10424378946229247,0.10424378946229251,0.10424378946229251,0.10424378946229251,0.1042437894622925,0.10424378946229251,0.10424378946229253,0.1042437894622925,0.10424378946229247,0.10424378946229246,0.10424378946229247,0.10424378946229246,0.1042437894622925,0.1042437894622925,0.10424378946229254,0.10424378946229249,0.1042437894622925,0.1042437894622925,0.10424378946229249,0.10424378946229247,0.10424378946229249,0.10424378946229249,0.10424378946229249,0.10424378946229247,0.1042437894622925,0.10424378946229249,0.10424378946229249,0.10424378946229249,0.10424378946229246,0.10424378946229251,0.10424378946229251,0.10424378946229251,0.10424378946229251,0.10424378946229251,0.10424378946229253,0.10424378946229251,0.10424378946229253,0.10424378946229253,0.10424378946229251,0.10424378946229251,0.10424378946229251,0.1042437894622925,0.10424378946229251,0.10424378946229253,0.10424378946229253,0.10424378946229253,0.10424378946229247,0.10424378946229255,0.1042437894622925,0.10424378946229251,0.10424378946229251,0.10424378946229255,0.1042437894622925,0.10424378946229244,0.10424378946229253,0.10424378946229253,0.1042437894622925,0.10424378946229249,0.10424378946229247,0.1042437894622925,0.10424378946229247,0.1042437894622925,0.10424378946229247,0.1042437894622925,0.10424378946229249,0.1042437894622925,0.10424378946229249,0.1042437894622925,0.10424378946229247,0.10424378946229246,0.10424378946229249,0.10424378946229251,0.10424378946229247,0.10424378946229247,0.10424378946229251,0.10424378946229251,0.10424378946229247,0.10424378946229254,0.1042437894622925,0.10424378946229247,0.10424378946229247,0.10424378946229247,0.10424378946229246,0.1042437894622925,0.10424378946229247,0.10424378946229249,0.10424378946229247,0.10424378946229254,0.10424378946229246,0.1042437894622925,0.10424378946229247,0.10424378946229249,0.10424378946229246,0.10424378946229251,0.10424378946229253,0.1042437894622925,0.1042437894622925,0.1042437894622925,0.10424378946229251,0.10424378946229251,0.10424378946229251,0.1042437894622925,0.1042437894622925,0.10424378946229251,0.10424378946229251,0.10424378946229253,0.10424378946229251,0.1042437894622925,0.10424378946229251,0.10424378946229251,0.10424378946229251,0.10424378946229253,0.1042437894622925,0.10424378946229251,0.10424378946229254,0.1042437894622925,0.1042437894622925,0.10424378946229249,0.10424378946229247,0.10424378946229253,0.10424378946229247,0.10424378946229251,0.10424378946229251,0.10424378946229253,0.10424378946229246,0.1042437894622925,0.1042437894622925,0.1042437894622925,0.10424378946229249,0.10424378946229249,0.10424378946229249,0.10424378946229253,0.10424378946229254,0.10424378946229249,0.1042437894622925,0.10424378946229247,0.10424378946229247,0.10424378946229251,0.10424378946229247,0.10424378946229246,0.1042437894622925,0.10424378946229251,0.10424378946229251,0.10424378946229251,0.10424378946229253,0.1042437894622925,0.10424378946229251,0.10424378946229249,0.1042437894622925,0.1042437894622925,0.1042437894622925,0.10424378946229247,0.10424378946229247,0.10424378946229242,0.10424378946229251,0.10424378946229251,0.1042437894622925,0.10424378946229251,0.10424378946229251,0.10424378946229251,0.10424378946229246,0.1042437894622925,0.10424378946229247,0.10424378946229249,0.10424378946229249,0.1042437894622925,0.10424378946229244,0.10424378946229253,0.10424378946229246,0.10424378946229251,0.10424378946229251,0.10424378946229253,0.10424378946229253,0.10424378946229251,0.10424378946229249,0.1042437894622925,0.10424378946229249,0.10424378946229255,0.10424378946229249,0.10424378946229249,0.1042437894622925,0.10424378946229247,0.10424378946229249,0.10424378946229249,0.10424378946229249,0.10424378946229247,0.10424378946229253,0.10424378946229251,0.10424378946229247,0.10424378946229249,0.10424378946229249,0.10424378946229249,0.10424378946229247,0.1042437894622925,0.10424378946229247,0.10424378946229247,0.10424378946229247,0.10424378946229253,0.10424378946229246,0.10424378946229247,0.10424378946229249,0.10424378946229246,0.10424378946229247,0.10424378946229246,0.10424378946229246,0.10424378946229246,0.10424378946229246,0.10424378946229246,0.10424378946229251,0.10424378946229251,0.10424378946229247,0.10424378946229247,0.1042437894622925,0.1042437894622925,0.1042437894622925,0.10424378946229251,0.1042437894622925,0.10424378946229244,0.10424378946229254,0.10424378946229249,0.10424378946229247,0.10424378946229246,0.10424378946229251,0.10424378946229251,0.10424378946229254,0.10424378946229254,0.10424378946229246,0.10424378946229253,0.10424378946229246,0.10424378946229249,0.10424378946229246,0.10424378946229247,0.1042437894622925,0.10424378946229251,0.10424378946229253,0.1042437894622925,0.10424378946229246,0.10424378946229246,0.10424378946229247,0.10424378946229244,0.1042437894622925,0.10424378946229251,0.10424378946229251,0.10424378946229251,0.10424378946229251,0.1042437894622925,0.10424378946229251,0.10424378946229255,0.10424378946229249,0.10424378946229253,0.10424378946229247,0.10424378946229253,0.10424378946229247,0.1042437894622925,0.10424378946229247,0.1042437894622925,0.10424378946229249,0.1042437894622925,0.10424378946229247,0.10424378946229254,0.10424378946229254,0.10424378946229254,0.1042437894622925
1,0.0,0.0,0.0,0.0,0.0,0.0,0.0,0.0,0.0,0.0,0.0,0.0,0.0,0.0,0.0,0.0,0.0,0.0,0.0,0.0,0.0,0.0,0.0,0.0,0.0,0.0,0.0,0.0,0.0,0.0,0.0,0.0,0.0,0.0,0.0,0.0,0.0,0.0,0.0,0.0,0.0,0.0,0.0,0.0,0.0,0.0,0.0,0.0,0.0,0.0,0.0,0.0,0.0,0.0,0.0,0.0,0.0,0.0,0.0,0.0,0.0,0.0,0.0,0.0,0.0,0.0,0.0,0.0,0.0,0.0,0.0,0.0,0.0,0.0,0.0,0.0,0.0,0.0,0.0,0.0,0.0,0.0,0.0,0.0,0.0,0.0,0.0,0.0,0.0,0.0,0.0,0.0,0.0,0.0,0.0,0.0,0.0,0.0,0.0,0.0,0.0,0.0,0.0,0.0,0.0,0.0,0.0,0.0,0.0,0.0,0.0,0.0,0.0,0.0,0.0,0.0,0.0,0.0,0.0,0.0,0.0,0.0,0.0,0.0,0.0,0.0,0.0,0.0,0.0,0.0,0.0,0.0,0.0,0.0,0.0,0.0,0.0,0.0,0.0,0.0,0.0,0.0,0.0,0.0,0.0,0.0,0.0,0.0,0.0,0.0,0.0,0.0,0.0,0.0,0.0,0.0,0.0,0.0,0.0,0.0,0.0,0.0,0.0,0.0,0.0,0.0,0.0,0.0,0.0,0.0,0.0,0.0,0.0,0.0,0.0,0.0,0.0,0.0,0.0,0.0,0.0,0.0,0.0,0.0,0.0,0.0,0.0,0.0,0.0,0.0,0.0,0.0,0.0,0.0,0.0,0.0,0.0,0.0,0.0,0.0,0.0,0.0,0.0,0.0,0.0,0.0,0.0,0.0,0.0,0.0,0.0,0.0,0.0,0.0,0.0,0.0,0.0,0.0,0.0,0.0,0.0,0.0,0.0,0.0,0.0,0.0,0.0,0.0,0.0,0.0,0.0,0.0,0.0,0.0,0.0,0.0,0.0,0.0,0.0,0.0,0.0,0.0,0.0,0.0,0.0,0.0,0.0,0.0,0.0,0.0,0.0,0.0,0.0,0.0,0.0,0.0,0.0,0.0,0.0,0.0,0.0,0.0,0.0,0.0,0.0,0.0,0.0,0.0,0.0,0.0,0.0,0.0,0.0,0.0,0.0,0.0,0.0,0.0,0.0,0.0,0.0,0.0,0.0,0.0,0.0,0.0,0.0,0.0,0.0,0.0,0.0,0.0,0.0,0.0,0.0,0.0,0.0,0.0,0.0,0.0,0.0,0.0,0.0,0.0,0.0,0.0,0.0,0.0,0.0,0.0,0.0,0.0,0.0,0.0,0.0,0.0,0.0,0.0,0.0,0.0,0.0,0.0,0.0,0.0,0.0,0.0,0.0,0.0,0.0,0.0,0.0,0.0,0.0,0.0,0.0,0.0,0.0,0.0,0.0,0.0,0.0,0.0,0.0,0.0,0.0,0.0,0.0,0.0,0.0,0.0,0.0,0.0,0.0,0.0,0.0,0.0,0.0,0.0,0.0,0.0,0.0,0.0,0.0,0.0,0.0,0.0,0.0,0.0,0.0,0.0,0.0,0.0,0.0,0.0,0.0,0.0,0.0,0.0,0.0,0.0,0.0,0.0,0.0,0.0,0.0,0.0,0.0,0.0,0.0,0.0,0.0,0.0,0.0,0.0,0.0,0.0,0.0,0.0,0.0,0.0,0.0,0.0,0.0,0.0,0.0,0.0,0.0,0.0,0.0,0.0,0.0,0.0,0.0,0.0,0.0,0.0,0.0,0.0,0.0,0.0,0.0,0.0,0.0,0.0,0.0,0.0,0.0,0.0,0.0,0.0,0.0,0.0,0.0,0.0,0.0,0.0,0.0,0.0,0.0,0.0,0.0,0.0,0.0,0.0,0.0,0.0,0.0,0.0,0.0,0.0,0.0,0.0,0.0,0.0,0.0,0.0,0.0,0.0,0.0,0.0,0.0,0.0,0.0,0.0,0.0,0.0,0.0,0.0,0.0,0.0,0.0,0.0,0.0,0.0,0.0,0.0,0.0,0.0,0.0,0.0,0.0,0.0,0.0,0.0,0.0,0.0,0.0,0.0,0.0,0.0,0.0,0.0,0.0,0.0,0.0,0.0,0.0,0.0,0.0,0.0,0.0,0.0,0.0,0.0,0.0,0.0,0.0,0.0,0.0,0.0,0.0,0.0,0.0,0.0,0.0,0.0,0.0,0.0,0.0,0.0,0.0,0.0,0.0,0.0,0.0,0.0,0.0,0.0,0.0,0.0,0.0,0.0,0.0,0.0,0.0,0.0,0.0,0.0,0.0,0.0,0.0,0.0,0.0,0.0,0.0,0.0,0.0,0.0,0.0,0.0,0.0,0.0,0.0,0.0,0.0,0.0,0.0,0.0,0.0,0.0,0.0,0.0,0.0,0.0,0.0,0.0,0.0,0.0,0.0,0.0,0.0,0.0,0.0,0.0,0.0,0.0,0.0,0.0,0.0,0.0,0.0,0.0,0.0,0.0,0.0,0.0,0.0,0.0,0.0,0.0,0.0,0.0,0.0,0.0,0.0,0.0,0.0,0.0,0.0,0.0,0.0,0.0,0.0,0.0,0.0,0.0,0.0,0.0,0.0,0.0,0.0,0.0,0.0,0.0,0.0,0.0,0.0,0.0,0.0,0.0,0.0,0.0,0.0,0.0,0.0,0.0,0.0,0.0,0.0,0.0,0.0,0.0,0.0,0.0,0.0,0.0,0.0,0.0,0.0,0.0,0.0,0.0,0.0,0.0,0.0,0.0,0.0,0.0,0.0,0.0,0.0,0.0,0.0,0.0,0.0,0.0,0.0,0.0,0.0,0.0,0.0,0.0,0.0,0.0,0.0,0.0,0.0,0.0,0.0,0.0,0.0,0.0,0.0,0.0,0.0,0.0,0.0,0.0,0.0,0.0,0.0,0.0,0.0,0.0,0.0,0.0,0.0,0.0,0.0,0.0,0.0,0.0,0.0,0.0,0.0,0.0,0.0,0.0,0.0,0.0,0.0,0.0,0.0,0.0,0.0,0.0,0.0,0.0,0.0,0.0,0.0,0.0,0.0,0.0,0.0,0.0,0.0,0.0,0.0,0.0,0.0,0.0,0.0,0.0,0.0,0.0,0.0,0.0,0.0,0.0,0.0,0.0,0.0,0.0,0.0,0.0,0.0,0.0,0.0,0.0,0.0,0.0,0.0,0.0,0.0,0.0,0.0,0.0,0.0,0.0,0.0,0.0,0.0,0.0,0.0,0.0,0.0,0.0,0.0,0.0,0.0,0.0,0.0,0.0,0.0,0.0,0.0,0.0,0.0,0.0,0.0,0.0,0.0,0.0,0.0,0.0,0.0,0.0,0.0,0.0,0.0,0.0,0.0,0.0,0.0,0.0,0.0,0.0,0.0,0.0,0.0,0.0,0.0,0.0,0.0,0.0,0.0,0.0,0.0,0.0,0.0,0.0,0.0,0.0,0.0,0.0,0.0,0.0,0.0,0.0,0.0,0.0,0.0,0.0,0.0,0.0,0.0,0.0,0.0,0.0,0.0,0.0,0.0,0.0,0.0,0.0,0.0,0.0,0.0,0.0,0.0,0.0,0.0,0.0,0.0,0.0,0.0,0.0,0.0,0.0,0.0,0.0,0.0,0.0,0.0,0.0,0.0,0.0,0.0,0.0,0.0,0.0,0.0,0.0,0.0,0.0,0.0,0.0,0.0,0.0,0.0,0.0,0.0,0.0,0.0,0.0,0.0,0.0,0.0,0.0,0.0,0.0,0.0,0.0,0.0,0.0,0.0,0.0,0.0,0.0,0.0,0.0,0.0,0.0,0.0,0.0,0.0,0.0,0.0,0.0,0.0,0.0,0.0,0.0,0.0,0.0,0.0,0.0,0.0,0.0,0.0,0.0,0.0,0.0,0.0,0.0,0.0,0.0,0.0,0.0,0.0,0.0,0.0,0.0,0.0,0.0,0.0,0.0,0.0,0.0,0.0,0.0,0.0,0.0,0.0,0.0,0.0,0.0,0.0,0.0,0.0,0.0,0.0,0.0,0.0,0.0,0.0,0.0,0.0,0.0,0.0,0.0,0.0,0.0,0.0,0.0,0.0,0.0,0.0,0.0,0.0,0.0,0.0,0.0,0.0,0.0,0.0,0.0,0.0,0.0,0.0,0.0,0.0,0.0,0.0,0.0,0.0,0.0,0.0,0.0,0.0,0.0,0.0,0.0,0.0,0.0,0.0,0.0,0.0,0.0,0.0,0.0,0.0,0.0,0.0,0.0,0.0,0.0,0.0,0.0,0.0,0.0,0.0,0.0,0.0,0.0,0.0,0.0,0.0,0.0,0.0,0.0,0.0,0.0,0.0,0.0,9.020143900795573e-45,9.020143900795574e-45,7.703879641694605e-36,7.703879641694604e-36,7.703879726802477e-36,7.703879726802479e-36,7.703879744291069e-36,-5.432244936635577e-34,4.805672984550535e-34,4.805672984550537e-34,2.9361334803881376e-34,2.907300186629315e-34,2.9073001866293147e-34,2.907300186629317e-34,2.907300186629315e-34,2.907300186597173e-34,2.9073001309813263e-34,2.907300130981327e-34,2.908433821087833e-34,6.010756823650328e-33,-1.227729725104716e-31,2.35787234983463e-51,-1.7487061350406063e-37,6.052807696346058e-35,-3.568639329396774e-35,-1.0394928261192583e-46,4.6288682589259176e-32,4.628868286862539e-32,4.6288687305613736e-32,4.6414071360785045e-32,4.6414071360839887e-32,4.605659976416156e-32,4.789368281034846e-32,-9.430739999453461e-31,-1.422270704963308e-35,-2.8163609210557897e-41,5.8819453951817696e-30,5.8819374427048835e-30,5.897067374354174e-30,5.896979582144588e-30,5.896892072441443e-30,6.187509399450447e-30,-3.812745606226315e-29,-3.457061832012975e-31,-1.0710773365569825e-36,-1.1061703175627509e-33,7.509010011610865e-31,-1.875548629710436e-30,2.6625611182287504e-30,2.6955078439694973e-30,3.658174173489694e-30,3.6594734477794276e-30,3.659473336981735e-30,4.2518844561646704e-29,4.1994340032467374e-29,4.1993457937330687e-29,4.1993457937330687e-29,4.199345793733069e-29,4.1777888885647993e-29,3.826982952406088e-29,3.826953994521302e-29,3.780347736832174e-29,3.781563295171717e-29,3.7814505292579775e-29,3.781626861651727e-29,3.781628410429458e-29,3.781628391677429e-29,3.678604930843135e-29,3.678604930843135e-29,3.678604930843135e-29,3.678604930843129e-29,3.6786049308431235e-29,3.6786049308431185e-29,3.6786049308431123e-29,3.678604930843107e-29,3.6786049308431017e-29,3.6786049308430955e-29,3.678604930843075e-29,3.6786049308430535e-29,3.6786049308430154e-29,3.678606273923378e-29,3.6786062992755286e-29,3.678606299262738e-29,3.6786063058323135e-29,3.678606305824764e-29,3.6786067211800084e-29,3.6786066425858365e-29,3.678606637516839e-29,3.678606205915654e-29,3.678605869333069e-29,3.678605872404827e-29,3.6786071158554927e-29,3.678607099481152e-29,3.678607069992738e-29,3.6786068887336536e-29,3.6785971881051533e-29,3.67859718850996e-29,3.67859578202369e-29,3.678866937327673e-29,3.678867135817219e-29,3.678867159971142e-29,3.678867260309212e-29,3.6788669383436357e-29,3.6788842838977525e-29,3.678882073578074e-29,3.678882069930667e-29,3.678882013182312e-29,3.6779147747656614e-29,3.6779145985729304e-29,3.677914439221642e-29,3.6779130354164993e-29,3.67791277074173e-29,3.677912382523207e-29,3.6778974053392156e-29,3.6778971999515387e-29,3.67789733958834e-29,3.677895560382162e-29,3.677832792037119e-29,3.678403703459561e-29,3.6784037031059207e-29,3.678403473319758e-29,3.6784034977288925e-29,3.6784025437365764e-29,3.6784024102957015e-29,3.6784022008489725e-29,3.678402361242633e-29,3.678402207766133e-29,3.678402587061159e-29,3.691717018563865e-29,3.691716807446659e-29,3.6917166764711947e-29,3.691714048120382e-29,3.6917139282477775e-29,3.6917132556805896e-29,3.691713220132078e-29,3.690204320405679e-29,3.690205550974621e-29,3.6902060163107174e-29,3.6902065465009726e-29,3.6902055621394236e-29,3.6902054872233155e-29,3.690200731800221e-29,3.6902031694220413e-29,3.6902047951776114e-29,3.6901869485057023e-29,3.690171930503001e-29,3.6901717616267215e-29,3.690171755256199e-29,3.690169916188291e-29,3.690171489003624e-29,3.6901716209241464e-29,3.6898367764063804e-29,3.6898368359339506e-29,3.6898372118961556e-29,3.689836972463393e-29,3.689836809848858e-29,3.689836923924022e-29,3.689832434301376e-29,3.689894272213731e-29,3.6898904615496774e-29,3.689886210339214e-29,3.6898845308165243e-29,3.689884599572811e-29,3.6898841208440225e-29,3.6898851842140165e-29,3.6899122885837077e-29,3.689912686554007e-29,3.6899137795305994e-29,3.689913689926469e-29,3.689911401489712e-29,3.689870338779661e-29,3.6899518132031785e-29,3.69005392954242e-29,3.6900539515707856e-29,3.690048221635293e-29,3.690048454098968e-29,3.690048552909338e-29,3.6900485585441405e-29,3.690048469874467e-29,3.6900532768909816e-29,3.6899892793242705e-29,3.689987563854719e-29,3.6899877852464346e-29,3.6899878004447205e-29,3.689951006720988e-29,3.6899235315384814e-29,3.6899235441145113e-29,3.6899200608164535e-29,3.689921214547097e-29,3.689921251100138e-29,3.68992244880317e-29,3.689922051545929e-29,3.6899220453478444e-29,3.689923099330993e-29,3.68992315455531e-29,3.6863859185456296e-29,3.686385921985986e-29,3.686385952701408e-29,3.686635462397629e-29,3.6866301521103227e-29,3.686630139027026e-29,3.6866304919906477e-29,3.686630521264369e-29,3.5371843353885465e-29,3.5371845054092837e-29,3.537184505079985e-29,3.537184505079792e-29,3.5386176239754076e-29,3.5386180002630877e-29,3.5413197510499737e-29,3.541320072889431e-29,3.5413196382574424e-29,3.5413196548745446e-29,3.541364406496993e-29,3.5413643663495996e-29,3.5413643553918654e-29,3.5413655192575465e-29,3.5413656110318407e-29,3.541365609084963e-29,3.541338838251303e-29,3.5413349667551123e-29,3.541485941550073e-29,3.541485990611741e-29,3.5414860101142636e-29,3.541485963115159e-29,3.541485463938179e-29,3.541485472094239e-29,3.5414866441538556e-29,3.541506686053999e-29,3.54143858495652e-29,3.5414385882192216e-29,3.5414360823720957e-29,3.5414365639502376e-29,3.5414437992956096e-29,3.541441661986282e-29,3.541439361818294e-29,3.5414400059794935e-29,3.541440005874551e-29,3.541440152293948e-29,3.5414387188496585e-29,3.5414474676180304e-29,3.541447467617354e-29,3.541449531003764e-29,3.541449368777687e-29,3.541449395365934e-29,3.541449453148221e-29,3.541449453148224e-29,3.5414492022714346e-29,3.541447608431913e-29,3.5414476084319453e-29,3.5414399526137174e-29,3.5414334839573584e-29,3.541433240661175e-29,3.541434211765357e-29,3.541433718014334e-29,3.5414337197803933e-29,3.541432569074297e-29,3.5414293500427945e-29,3.541429901122957e-29,3.541429886012491e-29,3.541430046972119e-29,3.5414298703687666e-29,3.541431229655665e-29,3.5414129104426063e-29,3.5414129587387026e-29,3.5414482656219397e-29,3.5414337600291447e-29,3.5957149872603455e-29,3.5957149609117467e-29,3.595707115954735e-29,3.5957106273525124e-29,3.5957097575951443e-29,3.595709814335785e-29,3.595709814068481e-29,3.595709605558964e-29,3.595709609508788e-29,3.595696700665382e-29,3.595697023415117e-29,3.595697789679295e-29,3.595703882196371e-29,3.595701077435483e-29,3.5957010924159926e-29,3.5957011367753695e-29,3.5956995872863253e-29,3.595693044908927e-29,3.595693169872985e-29,3.5956926787562054e-29,3.5956936518168546e-29,3.5956934782409184e-29,3.5955857864957253e-29,3.59558519553439e-29,3.5955848944300556e-29,3.595584998364235e-29,3.59558439048714e-29,3.595583774329205e-29,3.6483438947018474e-29,3.6483437591232514e-29,3.648338441576867e-29,3.648338299885848e-29,3.6483256766523565e-29,3.6483228544307355e-29,3.648315915943378e-29,3.648316030233139e-29,3.648314485216292e-29,3.648314456245626e-29,3.648308805605675e-29,3.6483120110653996e-29,3.648338203254704e-29,3.648337138332979e-29,3.6483371191519284e-29,3.648338688713018e-29,3.648338033679596e-29,3.6483313015435583e-29,3.6483314130703976e-29,3.648333873905701e-29,3.648335931053588e-29,3.6483357940648007e-29,3.648444856753348e-29,3.648444845983147e-29,3.648444917459655e-29,3.648444966237158e-29,3.648447578982596e-29,3.6484475710476676e-29,3.6484475710476244e-29,3.648447474651014e-29,3.648445491569771e-29,3.6484501437883614e-29,3.648450303869929e-29,3.648450155947648e-29,3.694992361801814e-29,3.694993511003542e-29,3.6949980401798454e-29,3.694999222551284e-29,3.6949991593840924e-29,3.695004480788839e-29,3.695006039959529e-29,3.6950054089817873e-29,3.6950153232618386e-29,3.695015261828369e-29,3.694987439472304e-29,3.6949897957613904e-29,3.695291417623475e-29,3.695949851481759e-29,3.6775132574086533e-29,3.677511525797215e-29,3.677517659519617e-29,3.677513286204439e-29,3.6775132862044394e-29,3.677499206143061e-29,3.6775351495947413e-29,3.677540362217936e-29,3.6775392924878483e-29,3.6775388638838666e-29,3.6766890290385113e-29,3.676689010896737e-29,3.6766767903660294e-29,3.6766770759617357e-29,3.676680538805387e-29,3.6766796538109275e-29,3.676679525095114e-29,3.6766790056212495e-29,3.676678329319775e-29,3.6766786430663644e-29,3.6766786293588174e-29,3.676678621132378e-29,3.676678617365506e-29,3.676678630215446e-29,3.676675068239367e-29,3.676672188622936e-29,3.6766817335578675e-29,3.676715675275032e-29,3.6767155737988794e-29,3.6767053562179025e-29,3.6767052461150235e-29,3.6777260588727284e-29,3.6777560621701953e-29,3.677756054907178e-29,3.6777557684681904e-29,3.677755036301705e-29,3.677754246288772e-29,3.677753464836864e-29,3.9360486691287816e-29,3.936048662304405e-29,3.9360487180219577e-29,3.936048726894942e-29,3.936048752023644e-29,3.9360334844380174e-29,3.935985553221286e-29,3.935985600114458e-29,3.936001165128051e-29,3.9360014174277776e-29,3.936001587091853e-29,3.936024374986128e-29,3.9360240749337875e-29,3.93602588288971e-29,3.9360263433535466e-29,3.936029168184492e-29,3.9360319301119275e-29,3.935193601915417e-29,3.9351937370256587e-29,3.9352299630724845e-29,3.9352303824232805e-29,3.935230116651553e-29,3.9352302124738106e-29,3.9353261408300507e-29,3.9353261081003406e-29,3.9353261131770286e-29,3.9353459043154024e-29,3.935224447295316e-29,3.93522408422465e-29,3.9352241268963986e-29,3.9352239586284925e-29,3.935223986216155e-29,3.9352241605737065e-29,3.9352246460478624e-29,3.935224345745698e-29,3.935224336088049e-29,3.9352243362003236e-29,3.9352243764561185e-29,3.935224540614261e-29,3.935215625778114e-29,3.9352154943209836e-29,3.9352152198359627e-29,3.9352155945465985e-29,3.9352155397480435e-29,3.935240269945205e-29,3.935237789106392e-29,3.9352382078638536e-29,3.9352382358293866e-29,3.93523722191767e-29,3.935237528824395e-29,3.935236262265148e-29,3.935235471590711e-29,3.935235558732597e-29,3.935237114462784e-29,3.9352372343194745e-29,3.935237691972371e-29,3.9352376823133705e-29,3.93523953542913e-29,3.935239463743253e-29,3.935209903887776e-29,3.93520909539782e-29,3.9352089869224776e-29,3.935212851725314e-29,3.9352131073608125e-29,3.935213019050656e-29,3.935223909101172e-29,3.935224064554726e-29,3.9352243834089714e-29,3.9352248082460033e-29,3.932212334086794e-29,3.9322123326196035e-29,3.932212517805643e-29,3.932212536758997e-29,3.932210378345525e-29,3.9322113741696707e-29,3.932213965703392e-29,3.932232488212849e-29,3.932243974143799e-29,3.964954172678267e-29,3.9649551041779486e-29,3.9649547243085497e-29,3.9649547243155175e-29,3.964954718025628e-29,3.789978648142284e-29,3.7899833668737896e-29,3.789983545333417e-29,3.7899617914947353e-29,3.789962030466007e-29,3.789970922500118e-29,3.789970261471999e-29,3.7899723896004716e-29,3.7899720083828414e-29,3.7899718496086e-29,3.789972811915689e-29,3.78997282773056e-29,3.789974799974712e-29,3.7899786992106264e-29,3.7899790125260593e-29,3.7899790618649336e-29,3.789979050897218e-29,3.7899790364011987e-29,3.78997554830782e-29,3.789978581400815e-29,3.789978052214646e-29,3.789977859386818e-29,3.789574498166655e-29,3.7895743754885857e-29,3.7895758209244983e-29,3.789575716733361e-29,3.7895754355058156e-29,3.7895705469896464e-29,3.789570610672024e-29,3.7895605981182416e-29,3.7895815761146705e-29,3.7895408596374574e-29,3.7895410396850994e-29,3.789352832676677e-29,3.789348346905015e-29,3.788891110022176e-29,3.788894421701727e-29,3.788894518017681e-29,3.7621990179398047e-29,3.762206440792187e-29,3.762213405434665e-29,3.762218216808004e-29,3.7622195000211335e-29,3.762219530915211e-29,3.763154429635301e-29,3.781639764464265e-29,3.7816423143358123e-29,3.7816447925520746e-29,3.781349345100585e-29,3.781313018300142e-29,3.781307969614129e-29,3.7813069782396836e-29,3.7813211347244956e-29,3.781321134131468e-29,3.781321355165776e-29,3.7813212755825907e-29,3.695821095506404e-29,3.7243615167437164e-29,3.724361491216147e-29,3.724525279493504e-29,3.724523811771969e-29,3.7245238117503845e-29,3.7245173796581305e-29,3.7245174571554915e-29,3.7245142468714864e-29,3.724514254983815e-29,3.72451410732354e-29,3.724520976500742e-29,3.7244851659876285e-29,3.724482450657973e-29,3.724482352177542e-29,3.724482509866032e-29,3.724481809267016e-29,3.7307971243109254e-29,3.730790590216743e-29,3.7294695965686164e-29,3.729469807937971e-29,3.729549983617048e-29,3.7295422679747403e-29,3.729542978283601e-29,3.7295401783486674e-29,3.729540178159133e-29,3.729543819873897e-29,3.729543742201738e-29,3.727469448797497e-29,3.727470558216888e-29,3.7274700606706876e-29,3.727467656818068e-29,3.728819243806956e-29,3.7288185402833754e-29,3.7288229521365264e-29,3.7288213209094653e-29,3.728824080198193e-29,3.728823879370802e-29,3.728825338631743e-29,3.7288237171230896e-29,3.728827822796134e-29,3.728827076138989e-29,3.85557045088198e-29,3.8555704962621366e-29,3.855570460444625e-29,3.8555692118719483e-29,3.855560821614425e-29,3.855560817742038e-29,3.8555846449063003e-29,3.855585490468453e-29,3.855585889103136e-29,3.855565065894743e-29,3.855564957079432e-29,3.855565192420235e-29,3.8555645671796016e-29,3.8555401533818376e-29,3.8555359325496205e-29,3.855531838332748e-29,3.8555315680411614e-29,3.8557648300960475e-29,3.8558473253246944e-29,3.855847700106495e-29,3.855848033592688e-29,3.8558492493419764e-29,3.8558479050765815e-29,3.855848981847565e-29,3.855849938587102e-29,3.855766141366964e-29,3.855764273874848e-29,3.85619345324536e-29,3.8561928339833937e-29,3.856183087767046e-29,3.856179279200672e-29,3.8566564532333406e-29,3.856657082466971e-29,3.8566584967427287e-29,3.8566709796213465e-29,3.8566702100765926e-29,3.8566524475145824e-29,3.8566643763724314e-29,3.856655696927114e-29,3.856655200322848e-29,3.85665393001117e-29,3.8309582941828e-29,3.8309671482809517e-29,3.830966091133682e-29,3.8309725655253195e-29,3.830969900427648e-29,3.836931019071084e-29,3.836931169425645e-29,3.836928778345318e-29,3.805305730125285e-29,3.805078579925874e-29,3.8050588222897666e-29,3.8054178605293756e-29,3.8893148377346576e-29,3.889314393584734e-29,3.8893343361370144e-29,3.8893343411954995e-29,3.889334583622954e-29,3.889334580866212e-29,3.8893255021120117e-29,3.889326748991513e-29,3.8893319057862714e-29,3.88932740680883e-29,3.889321451487555e-29,3.8893215123780176e-29,3.8893215493027276e-29,3.8892954195139313e-29,3.889426342051623e-29,3.8894247823480465e-29,3.885430625811646e-29,3.8854345841061336e-29,3.885435890540639e-29,3.8854221215732395e-29,3.960445451882897e-29,3.960451593171805e-29,3.960451248050139e-29,3.9604513157829305e-29,3.9604523923487895e-29,3.9604519515143426e-29,3.960451803752424e-29,3.9604641445236845e-29,3.960462052677478e-29,3.9604620297584517e-29,3.9604615923165663e-29,3.960464603707727e-29,3.9604646144216395e-29,3.960461793452777e-29,3.960449584764304e-29,3.960450591519408e-29,3.9604545423450373e-29,3.960507061629496e-29,3.960506951578485e-29,3.960502536365271e-29,3.9605020550264407e-29,3.960503114055695e-29,3.8719759554584096e-29,3.871975740708357e-29,3.8719736503188933e-29,3.8689773926344757e-29,3.866980126987094e-29,3.8669837498350876e-29,3.866985719871647e-29,3.866985874351307e-29,3.8669884292452344e-29,3.8669927998097876e-29,3.8669907686531644e-29,3.86703040382602e-29,3.867065934505331e-29,3.867043313653573e-29,3.2153057702749125e-29,3.2153077559529126e-29,3.2153083539493413e-29,3.215263416065012e-29,3.215266887079212e-29,3.2152684691785766e-29,3.2152830681201883e-29,3.215283097107929e-29,3.2152958269242514e-29,3.215292333463931e-29,3.2153199487027727e-29,3.2153199079416696e-29,3.2153116357683147e-29,3.2153598311655545e-29,3.2153649479335855e-29,3.215363302749117e-29,3.2153632908570217e-29,3.2153633302323057e-29,3.215363212750608e-29,3.2153631669329734e-29,3.215363440644262e-29,3.2153664276308325e-29,3.2153653768646926e-29,3.215369229264163e-29,3.215367326382063e-29,3.2153684818796173e-29,3.2155413138972837e-29,3.2175218000933794e-29,3.2175160459678683e-29,3.2190542338413933e-29,3.220104481373768e-29,3.2200995089963906e-29,3.2200944060048196e-29,3.220765323389069e-29,3.212304674233729e-29,3.2123042184058696e-29,3.2122993795200117e-29,3.212301385741394e-29,3.212305643332517e-29,3.207547454167908e-29,3.207560682812667e-29,3.207563028204505e-29,3.207563029157871e-29,3.207563551316801e-29,3.2075636323123165e-29,3.207562569059412e-29,3.20760773384513e-29,3.2076078774485806e-29,3.2076102371064124e-29,3.207610264797719e-29,3.2076103926787316e-29,3.207610395236122e-29,3.2076053244728905e-29,3.22432412732181e-29,3.224324523078389e-29,3.2243232794086045e-29,3.2243185609550836e-29,3.2243195951168715e-29,3.224341392347964e-29,3.2243521151917746e-29,3.224534696978876e-29,3.224505013126184e-29,3.2244663180256957e-29,3.224466331889831e-29,3.224469755254079e-29,3.224503948764382e-29,3.2217888759262694e-29,3.221788857899892e-29,3.2218020017438427e-29,3.221803323578377e-29,3.221812180301514e-29,3.221798512870674e-29,3.2218038285581274e-29,3.221804639068163e-29,3.2218046836924387e-29,3.2218036555969e-29,3.221796622158322e-29,3.221795542299407e-29,3.2218006916663093e-29,3.2217990721880596e-29,3.221799974400582e-29,3.221799636615319e-29,3.2218002128117047e-29,3.2217988530645026e-29,3.2218007776047716e-29,3.2218015049801925e-29,3.22180522271554e-29,3.2218077440635296e-29,3.2218021991460796e-29,3.221802202572741e-29,3.221802187505178e-29,3.221813989763103e-29,3.221814450354353e-29,3.22188792751283e-29,3.2218820956301685e-29,3.2218819490387835e-29,3.221834775116985e-29,3.221835067320962e-29,3.2218331025097e-29,3.2218168521739035e-29,3.22181251712401e-29,3.2218156708720763e-29,3.2218118566060813e-29,3.2218117981026927e-29,3.222428272638363e-29,3.222472191453142e-29,3.2223935166936943e-29,3.2223930754080304e-29,3.2224038441313516e-29,3.2224037824912007e-29,3.2224003542316535e-29,3.222394177904522e-29,3.2431716909194285e-29,3.243171635882111e-29,3.2415527173386733e-29,3.2415534762792087e-29,3.2415535135664094e-29,3.2412981952781594e-29,3.241326422388995e-29,3.471008099035789e-29,3.47104189190461e-29,3.4710418822491095e-29,3.4709596784424993e-29,3.4709589845096963e-29,3.470941766122384e-29,3.471057116623413e-29,3.471042375793776e-29,3.471068323047238e-29,3.4710966619310876e-29,3.6260584036897395e-29,3.626029000392635e-29,3.626029493585251e-29,3.6260292135001946e-29,3.6260299340710576e-29,3.6260264786606436e-29,3.62605480498687e-29,3.628536535938404e-29,3.6285389483438945e-29,3.6285393282975793e-29,3.628538976555097e-29,3.6285427705061504e-29,3.628544352604068e-29,3.628560590298936e-29,3.62856858680331e-29,3.628569084605164e-29,3.8419480740801885e-29,3.8426412012823046e-29,3.842591891158825e-29,3.8480833090503853e-29,3.848049478804835e-29,3.8480495268451196e-29,3.848005077565762e-29,3.848005222741902e-29,3.847646835406829e-29,3.847646158576482e-29,3.8476442880371113e-29,3.8476859341356136e-29,3.8474939708301937e-29,3.8474232564408084e-29,3.8474358103503026e-29,3.8474296355035554e-29,3.847431010746629e-29,3.8474308824774335e-29,3.847435590311104e-29,3.8474393484745193e-29,3.847439325181965e-29,3.848420313193698e-29,3.848437136145537e-29,3.848431022137783e-29,3.848405935029923e-29,3.848405365798021e-29,3.848413888102435e-29,3.848414141916472e-29,3.8484141984171103e-29,3.848434830927677e-29,3.8484448553177397e-29,3.8484615173097574e-29,3.852928832951348e-29,3.852929452872124e-29,3.8529266828982004e-29,3.8529282175462904e-29,3.8530966155021056e-29,3.853110618279687e-29,3.853190614636049e-29,3.8531819997894645e-29,3.853170328639092e-29,3.853177180282972e-29,3.731528885969185e-29,3.731529698132695e-29,3.7316020548748946e-29,3.7315360669461444e-29,3.731537023090774e-29,3.732051942419742e-29,3.732053958034104e-29,3.732055636384024e-29,3.732023234143455e-29,3.732020903713587e-29,3.732025447633989e-29,3.7320929110744223e-29,3.732086391823889e-29,3.73202993255417e-29,3.7319581630591633e-29,4.008885004717571e-29,4.008894489697789e-29,4.013579359618177e-29,4.0135794406068905e-29,4.01357931683785e-29,4.0135807950887943e-29,4.013573615924977e-29,4.013494251780582e-29,4.013494124101045e-29,4.013461914392343e-29,4.013379961496531e-29,4.013647104570148e-29,4.013612798197736e-29,4.0136091668465794e-29,4.0136230779604604e-29,4.0136228860308287e-29,4.0136254781843587e-29,4.013636805082985e-29,4.013636741078294e-29,4.0136221618238395e-29,4.0136224331008146e-29,4.013619909455964e-29,4.0136116113014536e-29,4.013622304735516e-29,4.013619617854728e-29,4.0135893641068926e-29,4.0135865937407087e-29,4.0130440247581025e-29,4.0130319861459234e-29,4.013030196528653e-29,4.0130480654348287e-29,4.0130428276728196e-29,4.013123868935784e-29,4.01311844034996e-29,4.013118389900222e-29,4.013116273741939e-29,4.013102697385925e-29,4.013069005627522e-29,4.013071047564933e-29,4.013071513294021e-29,4.013070745245366e-29,4.0130665841673267e-29,4.0130499884801953e-29,4.0130492123419515e-29,4.014083761899328e-29,4.014108656701768e-29,4.014114844344831e-29,4.0141721438862526e-29,4.0141721654955613e-29,4.014171994698515e-29,4.0133163333040536e-29,4.013322383947893e-29,4.013310793693543e-29,4.013310621536399e-29,4.013357827307928e-29,4.013382612195016e-29,4.0133872614111256e-29,4.013370185780197e-29,4.0097393346713154e-29,4.0097400398041326e-29,4.0097864590010713e-29,4.009778706325676e-29,4.0097748192046306e-29,4.009761375688113e-29,3.9260402657473486e-29,3.9263737542067775e-29,3.9263711682224113e-29,3.9263715987260823e-29,3.92635902787526e-29,3.9263594855023915e-29,3.926359824783487e-29,3.9541494960132733e-29,3.9541594304331246e-29,3.954080274804376e-29,3.9704862038512155e-29,3.970508420584851e-29,3.9705175985068113e-29,3.9705159650306707e-29,3.970516176546697e-29,3.970519689882716e-29,3.9705114910984977e-29,5.764426288817167e-29,5.76442471662978e-29,5.764421426462226e-29,5.764422591050593e-29,5.765217311939577e-29,5.765207433702954e-29,5.765207373396353e-29,5.770586767748931e-29,5.770527118007885e-29,5.77053470298659e-29,5.770532237434595e-29,5.770669669749015e-29,5.770598180357491e-29,5.770595337813706e-29,5.770613543506731e-29,5.770625475533926e-29,5.77544250139664e-29,5.775455576863525e-29,5.77544346316087e-29,5.77543182001522e-29,5.775431480604207e-29,5.775437548415355e-29,5.775347816984584e-29,5.775342591957053e-29,5.775342578586022e-29,5.77534318777011e-29,5.775398964992225e-29,5.775427880481541e-29,5.775427512449788e-29,5.775422687561488e-29,5.77578301034622e-29,5.77577993753359e-29,5.775777997520901e-29,5.775794815737175e-29,5.776969021482051e-29,5.757768984330072e-29,5.757768825500387e-29,5.757791236894056e-29,5.757790471237623e-29,5.756959168948224e-29,5.756959168066728e-29,5.756959168066726e-29,5.756959168068261e-29,5.756959168068239e-29,5.756959168066694e-29,5.756959168066701e-29,5.756959168066735e-29,5.75695916806653e-29,5.756959168066867e-29,5.756959168063844e-29,5.756959168071944e-29,5.756959168073197e-29,5.75695916803498e-29,5.756959168022268e-29,5.756959168023992e-29,5.756959168024137e-29,5.756959168024365e-29,5.756959168024367e-29,5.75695916802449e-29,5.756959168003341e-29,5.756959168003875e-29,5.756959168012084e-29,5.756959168012253e-29,5.75695916801211e-29,5.756959168010444e-29,5.756959168010433e-29,5.75695916800856e-29,5.756959168023422e-29,5.756959168023505e-29,5.756959168024175e-29,5.756959168024591e-29,5.756959168026439e-29,5.756959168026658e-29,5.756959168026251e-29,5.756959168014671e-29,5.7569591680137e-29,5.756959168014968e-29,5.756959168014893e-29,5.756959167764452e-29,5.756959167761499e-29,5.756959167763953e-29,5.756959167764923e-29,5.756959167764956e-29,5.756959167764939e-29,5.7569591677283e-29,5.756959167728457e-29,5.756959167728462e-29,5.756959167728459e-29,5.756959167781345e-29,5.756959167781224e-29,5.756959167779532e-29,5.756959167779436e-29,5.756959167779419e-29,5.756959167779567e-29,5.756959167780735e-29,5.756959167780983e-29,5.756959167781368e-29,5.756959167781247e-29,5.756959167780783e-29,5.756959167780632e-29,5.756959167781131e-29,5.756959167785415e-29,5.756959167785232e-29,5.756959167785959e-29,5.756959167785465e-29,5.756959167786009e-29,5.756959167779595e-29,5.756959167779597e-29,5.756959167780542e-29,5.756959167781271e-29,5.756959167779661e-29,5.756959167779e-29,5.756959167779049e-29,5.756959167778914e-29,5.756959167780178e-29,5.756959167780189e-29,5.756959167783383e-29,5.756959167783307e-29,5.756959167785008e-29,5.756959167796941e-29,5.756959167796904e-29,5.756959167789839e-29,5.756959167779303e-29,5.75695915659444e-29,5.756959156610905e-29,5.756959156610905e-29,5.75695915661046e-29,5.756959156716256e-29,5.756959156713739e-29,5.756959156713787e-29,5.756959156712298e-29,5.756959156706495e-29,5.756959156707548e-29,5.756959156736645e-29,5.75695915670468e-29,5.75695915672718e-29,5.756959156725482e-29,5.756959156725479e-29,5.756959156725487e-29,5.756959156725867e-29,5.756959156726067e-29,5.75695915672608e-29,5.756959156733984e-29,5.756959156733982e-29,5.756959156733991e-29,5.756959156733645e-29,5.756959156734779e-29,5.756959156734679e-29,5.756959156734638e-29,5.756959156734277e-29,5.756959156734267e-29,5.756959156734128e-29,5.756959156733628e-29,5.756959156734445e-29,5.756959156734492e-29,5.756959156734497e-29,5.756959156734001e-29,5.756959156740669e-29,5.756959156740463e-29,5.756959156740156e-29,5.756959156740253e-29,5.756959156740488e-29,5.756959156740484e-29,5.756959156745433e-29,5.75695915674561e-29,5.756959156745606e-29,5.756959156745339e-29,5.75695915674373e-29,5.756959156743822e-29,5.75695915674382e-29,5.756959156744118e-29,5.756959156743008e-29,5.756959156754701e-29,5.756959156754652e-29,5.756959156755038e-29,5.756959156755017e-29,5.756959156750445e-29,5.756959156747216e-29,5.756959156747426e-29,5.756959156744632e-29,5.756959156744614e-29,5.756959156744569e-29,5.756959156744035e-29,5.756959156743265e-29,5.756959156756006e-29,5.756959156783504e-29,5.756959156783488e-29,5.756959156782294e-29,5.756959156782627e-29,5.75695915678102e-29,5.756959156780931e-29,5.756959156782251e-29,5.75695915678172e-29,5.75695915678142e-29,5.75695915678125e-29,5.756959156781978e-29,5.756959156781702e-29,5.75695915678844e-29,5.756959156783648e-29,5.756959156783216e-29,5.756959156784498e-29,5.756959156784442e-29,5.756959156784794e-29,5.756959156784721e-29,5.7569591567844e-29,5.756959156784773e-29,5.756959156778731e-29,5.756959156778724e-29,5.756959156778715e-29,5.756959156776646e-29,5.756959156777686e-29,5.756959156782509e-29,5.756959156782499e-29,5.756959156483103e-29,5.756959156482666e-29,5.756959156511289e-29,5.756959156506984e-29,5.756959156506942e-29,5.756959156512318e-29,5.756959156502658e-29,5.756959156502724e-29,5.756959156502747e-29,5.756959156501751e-29,5.756959156501717e-29,5.7569591565013e-29,5.756959156488938e-29,5.756959156488906e-29,5.756959156489492e-29,5.756959156489445e-29,5.756959156484615e-29,5.756959156484316e-29,5.756959156478962e-29,5.756959156481792e-29,5.756959156483102e-29,5.756959156482903e-29,5.756959156478248e-29,5.756959156478645e-29,5.756959156478717e-29,5.756959156479376e-29,5.756959156524972e-29,5.756959156526671e-29,5.756959156538893e-29,5.756959156535226e-29,5.756959156532066e-29,5.756959156523691e-29,5.756959156524448e-29,5.756959156521962e-29,5.75695915652202e-29,5.756959156520456e-29,5.756959156520585e-29,5.756959156528559e-29,5.756959156534485e-29,5.756959156530797e-29,5.75695915652895e-29,5.756959156529592e-29,5.756959156529477e-29,5.756959156552081e-29,5.756959156558694e-29,5.756959156558697e-29,5.756959156555474e-29,5.756959156553616e-29,5.756959156549922e-29,5.75695915654988e-29,5.756959156549886e-29,5.756959156549905e-29,5.756959156549423e-29,5.756959156549413e-29,5.756959156548981e-29,5.756959156553159e-29,5.756959156550838e-29,5.75695915654907e-29,5.756959156549256e-29,5.756959156548994e-29,5.756959156527306e-29,5.756959156527187e-29,5.756959156527186e-29,5.756959156527056e-29,5.756959156565796e-29,5.756959156565777e-29,5.75695915656689e-29,5.756959156570418e-29,5.756959156570339e-29,5.756959156572107e-29,5.75695915656712e-29,5.75695915656638e-29,5.756959156566869e-29,5.756959156566415e-29,5.756959156568473e-29,5.756959156568302e-29,5.756959156568282e-29,5.756959156568282e-29,5.756959156567607e-29,5.756959156567608e-29,5.756959156567805e-29,5.756959156570058e-29,5.756959156570373e-29,5.756959156570367e-29,5.756959156570234e-29,5.756959156570398e-29,5.756959156570477e-29,5.756959156570308e-29,5.756959156570171e-29,5.756959156569799e-29,5.756959156565773e-29,5.756959156564779e-29,5.756959156564721e-29,5.756959156543738e-29,5.756959156543774e-29,5.756959156545404e-29,5.756959156545415e-29,5.756959156545403e-29,5.756959156545241e-29,5.75695915654524e-29,5.756959156545265e-29,5.756959156544939e-29,5.756959156544974e-29,5.756959156545052e-29,5.756959156967455e-29,5.756959156967618e-29,5.756959156955979e-29,5.756959156955452e-29,5.756959156957806e-29,5.756959156957806e-29,5.756959156987097e-29,5.756959156987057e-29,5.756959156987376e-29,5.756959156986926e-29,5.756959156986367e-29,5.756959156986383e-29,5.75695915698503e-29,5.756959156984992e-29,5.756959156982617e-29,5.756959156982854e-29,5.756959156982852e-29,5.756959156982842e-29,5.756959156982914e-29,5.756959156982796e-29,5.756959156982805e-29,5.756959156983384e-29,5.756959156983049e-29,5.756959156982579e-29,5.756959156979506e-29,5.75695915697949e-29,5.756959156978331e-29,5.756959156975285e-29,5.756959156968862e-29,5.756959156966938e-29,5.756959156966962e-29,5.756959156963739e-29,5.756959156932875e-29,5.756959156934694e-29,5.756959156950137e-29,5.756959157024756e-29,5.75695915707474e-29,5.756959157074806e-29,5.756959157083073e-29,5.756959157081022e-29,5.756959157081062e-29,5.756959157082268e-29,5.756959157082239e-29,5.756959157082382e-29,5.756959156911981e-29,5.756959156912002e-29,5.756959156912026e-29,5.756959156913632e-29,5.756959156913396e-29,5.756959156913425e-29,5.756959156913287e-29,5.756959156913286e-29,5.756959156912937e-29,5.756959156912952e-29,5.756959156913169e-29,5.756959156913477e-29,5.756959156943775e-29,5.756959156943674e-29,5.756959156943622e-29,5.756959156941924e-29,5.756959156941995e-29,5.756959156941852e-29,5.75695915694158e-29,5.756959156941557e-29,5.756959156941382e-29,5.756959156941322e-29,5.756959156940876e-29,5.756959156940827e-29,5.756959156940845e-29,5.756959156940867e-29,5.75695915694565e-29,5.756959156945643e-29,5.756959156946304e-29,5.756959156946066e-29,5.756959156945992e-29,5.756959156945879e-29,5.756959156946137e-29,5.756959156946533e-29,5.756959156945995e-29,5.756959156946069e-29,5.756959156946072e-29,5.756959156946061e-29,5.756959156946046e-29,5.756959156944946e-29,5.756959156945279e-29,5.756959156951235e-29,5.756959156951431e-29,5.75695915695246e-29,5.756959156952462e-29,5.756959156952469e-29,5.756959156952538e-29,5.756959156955695e-29,5.756959156962229e-29,5.756959156962628e-29,5.756959156964166e-29,5.756959156962164e-29,5.756959156961489e-29,5.756959156961436e-29,5.756959156960558e-29,5.756959156960266e-29,5.756959156958952e-29,5.756959156958662e-29,5.756959156958895e-29,5.756959156958007e-29,5.756959156967391e-29,5.756959156967391e-29,5.756959156967318e-29,5.756959156966013e-29,5.756959156972061e-29,5.756959156971911e-29,5.756959157013719e-29,5.756959157013995e-29,5.751480411248019e-29,5.751480411253602e-29,5.751480411255173e-29,5.751480411256667e-29,5.751480411256086e-29,5.75148041125605e-29,5.751480411256035e-29,5.751480411255998e-29,5.751480411254362e-29,5.751480411252916e-29,5.751480411252508e-29,5.751480411252605e-29,5.75148041125312e-29,5.751480411255322e-29,5.751480411255212e-29,5.751480411251683e-29,5.751480411252103e-29,5.751480411251053e-29,5.751480411252925e-29,5.751480411252908e-29,5.751480411252206e-29,5.751480411252201e-29,5.751480411250517e-29,5.751480411251135e-29,5.751480411245341e-29,5.751480411245346e-29,5.751480411244603e-29,5.751480411422204e-29,5.751480411418742e-29,5.751480411418944e-29,5.75148041141956e-29,5.751480411419519e-29,5.751480411306725e-29,5.751480411307148e-29,5.751480411305228e-29,5.751480411306298e-29,5.751480411317852e-29,5.751480411322202e-29,5.751480408595302e-29,5.75148040858882e-29,5.751480408588774e-29,5.751480408588115e-29,5.751480408585577e-29,5.751480408585542e-29,5.751480408586056e-29,5.751480408586008e-29,5.751480408586641e-29,5.751480408586062e-29,5.751480408586568e-29,5.751480408587005e-29,5.751480408587785e-29,5.751480408587834e-29,5.751480408588031e-29,5.751480408587128e-29,5.751480408586451e-29,5.751480408586094e-29,5.751480408581213e-29,5.751480408581213e-29,5.751480408582705e-29,5.751480408583113e-29,5.751480408583074e-29,5.751480408582433e-29,5.751480408583576e-29,5.751480408582474e-29,5.751480408581787e-29,5.751480408581666e-29,5.75148040858165e-29,5.751480408580727e-29,5.75148040858082e-29,5.751480408582033e-29,5.751480408575726e-29,5.751480408576697e-29,5.751480408576783e-29,5.751480408575786e-29,5.751480408575882e-29,5.751480408582338e-29,5.75148040858235e-29,5.751480408583464e-29,5.751480408583227e-29,5.751480408583333e-29,5.751480408583696e-29,5.75148040858359e-29,5.751480408582856e-29,5.751480408303303e-29,5.751480408303407e-29,5.751480408303406e-29,5.751480408303608e-29,5.751480408372623e-29,5.751480408372259e-29,5.751480408372109e-29,5.751480408373563e-29,5.751480408374518e-29,5.751480408374618e-29,5.75148040837579e-29,5.751480408374323e-29,5.751480408374337e-29,5.751480408373495e-29,5.751480408372064e-29,5.75148040837231e-29,5.751480408369362e-29,5.751480408369324e-29,5.75148040836907e-29,5.751480408368984e-29,5.751480408390527e-29,5.751480408391516e-29,5.751480408391558e-29,5.7514804083916e-29,5.751480408391672e-29,5.751480408391773e-29,5.751480408390587e-29,5.751480408383442e-29,5.751480408385579e-29,5.751480408385619e-29,5.751480408385496e-29,5.751480408385353e-29,5.751480408385318e-29,5.751480408385151e-29,5.751480408384428e-29,5.751480408384294e-29,5.751480408385223e-29,5.751480408383858e-29,5.751480408385511e-29,5.751480408385682e-29,5.751480408385978e-29,5.751480408387404e-29,5.751480408387706e-29,5.751480408343213e-29,5.751480408350013e-29,5.751480408351126e-29,5.75148040835112e-29,5.751480408349105e-29,5.751480408349106e-29,5.751480408346205e-29,5.751480408169565e-29,5.751480408171721e-29,5.751480408172097e-29,5.751480408172013e-29,5.751480408172017e-29,5.75148040817249e-29,5.751480408172684e-29,5.751480408172718e-29,5.751480408208796e-29,5.751480408206407e-29,5.751480408206365e-29,5.751480408210394e-29,5.7514688133321e-29,5.75146881332855e-29,5.751468813330212e-29,5.751468813329442e-29,5.751468813437797e-29,5.75146881348068e-29,5.751468813480681e-29,5.751468813489226e-29,5.751468813486849e-29,5.751468813480605e-29,5.751468813469144e-29,5.751468813471095e-29,5.751468813471009e-29,5.751468813470324e-29,5.751468813470308e-29,5.751468813470361e-29,5.751468813692582e-29,5.751468813693693e-29,5.751468813693357e-29,5.751468813693356e-29,5.751468813692943e-29,5.751468813694548e-29,5.75146881369456e-29,5.751468813694585e-29,5.7514688136946e-29,5.751468813694596e-29,5.751468813692088e-29,5.751468813692166e-29,5.75146881369214e-29,5.751468813685284e-29,5.751468813685034e-29,5.751468813685321e-29,5.751468813685312e-29,5.751468813685312e-29,5.751468813683077e-29,5.75146881368532e-29,5.751468813685117e-29,5.751468813685125e-29,5.75146881368459e-29,5.751468813683444e-29,5.751468813683365e-29,5.751468813682614e-29,5.751468813711736e-29,5.751468813710556e-29,5.75146881371042e-29,5.751468813710427e-29,5.751468813710462e-29,5.751468813712235e-29,5.751468813712076e-29,5.751468813709936e-29,5.751468813709933e-29,5.751468813709976e-29,5.751468813708512e-29,5.751468813708373e-29,5.751468813708396e-29,5.751468813705736e-29,5.751468813693552e-29,5.75146881369356e-29,5.751468813692942e-29,5.751468813692938e-29,5.75146881369297e-29,5.751468813692362e-29,5.751468813693685e-29,5.751468813693313e-29,5.75146881369348e-29,5.751468813693905e-29,5.751468813695221e-29,5.75146881369458e-29,5.751468813680827e-29,5.751468813680533e-29,5.751468813680391e-29,5.751468813680365e-29,5.751468813680211e-29,5.751468813675031e-29,5.75146881367386e-29,5.751468813674602e-29,5.751468813676464e-29,5.751468813699096e-29,5.7514688136991e-29,5.751468813699601e-29,5.751468813702234e-29,5.751468813702265e-29,5.751468813702377e-29,5.751468813702511e-29,5.751468813714613e-29,5.751468813714499e-29,5.751468813715774e-29,5.751468813716513e-29,5.751468813716425e-29,5.751468813717256e-29,5.751468813717125e-29,5.751468813719819e-29,5.751468813719847e-29,5.751468813717539e-29,5.751468813722902e-29,5.751468813722738e-29,5.751468813724894e-29,5.751468813732899e-29,5.75146881373244e-29,5.751468813731498e-29,5.751468813731064e-29,5.751468813730978e-29,5.751468813730969e-29,5.751468813731507e-29,5.751468813731024e-29,5.751468813735292e-29,5.7514688137352e-29,5.751468813733191e-29,5.751468813732009e-29,5.751468813718796e-29,5.751468813718737e-29,5.751468813719262e-29,5.751468813718812e-29,5.751468813716782e-29,5.751468813716543e-29,5.75146881371657e-29,5.75146881371911e-29,5.75146881371971e-29,5.751468813719726e-29,5.751468813724174e-29,5.751468813724171e-29,5.751468813722226e-29,5.751468813722613e-29,5.751468813722982e-29,5.751468816797955e-29,5.751468816693952e-29,5.751468816693809e-29,5.751468816650684e-29,5.751468816650374e-29,5.751468816650379e-29,5.75146881665038e-29,5.751468816650356e-29,5.751468816648948e-29,5.751468816646293e-29,5.751468816646324e-29,5.751468816646315e-29,5.751468816646349e-29,5.751468816646166e-29,5.751468816646163e-29,5.751468816646203e-29,5.751468816646013e-29,5.75146881664601e-29,5.751468816646036e-29,5.751468816646045e-29,5.751468816646345e-29,5.751468816646339e-29,5.751468816646341e-29,5.751468816646344e-29,5.751468816645752e-29,5.751468816653793e-29,5.751468816653794e-29,5.751468816656081e-29,5.751468816656177e-29,5.751468816656966e-29,5.751468816656869e-29,5.751468816660425e-29,5.751468816675188e-29,5.751468816674061e-29,5.751468816673993e-29,5.751468816674112e-29,5.751468816674336e-29,5.751468816669737e-29,5.751468816672094e-29,5.751468816670464e-29,5.751468816674253e-29,5.751468816674646e-29,5.751468816674559e-29,5.751468816677442e-29,5.751468816677646e-29,5.751468816677645e-29,5.751468816676624e-29,5.751468816671319e-29,5.751468816665239e-29,5.751468816665113e-29,5.751468816664646e-29,5.751468816665409e-29,5.751468816664494e-29,5.751468816602529e-29,5.751468816597676e-29,5.751468816597442e-29,5.75146881659739e-29,5.751468816597357e-29,5.751468816597834e-29,5.751468816589025e-29,5.751468816587816e-29,5.751468816586755e-29,5.751468816587566e-29,5.751468816587566e-29,5.751468816585001e-29,5.751468816584201e-29,5.751468816584458e-29,5.751468816584455e-29,5.751468816584407e-29,5.751468816584406e-29,5.751468816584166e-29,5.751468816584135e-29,5.751468816585127e-29,5.751468816584748e-29,5.751468816584744e-29,5.751468816583505e-29,5.751468816580922e-29,5.751468816581573e-29,5.751468816582519e-29,5.751468816582431e-29,5.751468816582431e-29,5.751468816582359e-29,5.751468816583407e-29,5.751468816583295e-29,5.751468816583327e-29,5.751468816583334e-29,5.751468816591129e-29,5.751468816582719e-29,5.75146881658246e-29,5.751468816582453e-29,5.751468816582447e-29,5.751468816582477e-29,5.751468816582577e-29,5.751468816580357e-29,5.751468816580385e-29,5.751468816581156e-29,5.751468816560266e-29,5.751468816560485e-29,5.751468816497368e-29,5.751468816497796e-29,5.7514688164978e-29,5.751468816497803e-29,5.751468816497776e-29,5.751468816497546e-29,5.751468816497967e-29,5.751468816497968e-29,5.751468816497862e-29,5.751468816497736e-29,5.751468816498909e-29,5.751468816499829e-29,5.751468816498287e-29,5.75146881649823e-29,5.751468816498215e-29,5.751468816498189e-29,5.751468816499198e-29,5.75146881649862e-29,5.751468816499406e-29,5.751468816499381e-29,5.75146881649924e-29,5.751468816495804e-29,5.751468816493323e-29,5.751468816493683e-29,5.751468816494294e-29,5.751468816492141e-29,5.751468816492141e-29,5.751468816492149e-29,5.751468816504172e-29,5.751468816504173e-29,5.751468816504154e-29,5.751468816504155e-29,5.75146881650265e-29,5.751468816503098e-29,5.751468816503227e-29,5.751468816503241e-29,5.751468816504086e-29,5.751468816504094e-29,5.751468816504268e-29,5.75146881649807e-29,5.751468816498864e-29,5.751468816500873e-29,5.751468816500904e-29,5.751468816500747e-29,5.751468816501196e-29,5.751468816502536e-29,5.751468816502824e-29,5.751468816502826e-29,5.751468816499122e-29,5.751468816499148e-29,5.751468816499407e-29,5.751468816498067e-29,5.751468816498344e-29,5.751468816498458e-29,5.751468816497687e-29,5.751468816497675e-29,5.751468816491943e-29,5.751468816490242e-29,5.751468816489943e-29,5.751468816489935e-29,5.75146881651443e-29,5.751468816473139e-29,5.751468816474683e-29,5.751468816470201e-29,5.75146881646971e-29,5.751468816469669e-29,5.751468816466468e-29,5.751468817398157e-29,5.751468817412904e-29,5.751468817421359e-29,5.751468817423237e-29,5.751468817423568e-29,5.751468817423735e-29,5.751468817421334e-29,5.751468817402643e-29,5.751468817411382e-29,5.751468817414531e-29,5.751468817378355e-29,5.75146881737835e-29,5.751468817384638e-29,5.751468817377431e-29,5.751468817377299e-29,5.751468817369745e-29,5.751468817369789e-29,5.75146881736044e-29,5.751468817363225e-29,5.751468817362728e-29,5.751468817364205e-29,5.751468817364095e-29,5.751468817333247e-29,5.751468817337657e-29,5.751468817337689e-29,5.751468817337551e-29,5.751468817337676e-29,5.751468817337676e-29,5.751468817338779e-29,5.751468817338566e-29,5.751468817338809e-29,5.751468817338417e-29,5.751468817337487e-29,5.751468817337447e-29,5.751468817337578e-29,5.751468817338079e-29,5.751468817337907e-29,5.751468817337906e-29,5.751468817337844e-29,5.748357132504811e-29,5.748357132504671e-29,5.748357132504014e-29,5.748357132505801e-29,5.748357132505622e-29,5.748357132516136e-29,5.748357132515981e-29,5.748357132515974e-29,5.748357132515973e-29,5.7483571325159e-29,5.748357132516385e-29,5.748357132516288e-29,5.748357132515947e-29,5.748357132514614e-29,5.74835713251748e-29,5.748357132517753e-29,5.748357132517753e-29,5.7483571325177e-29,5.748357132517799e-29,5.748357132517831e-29,5.748357132517536e-29,5.74835713251317e-29,5.748357132513206e-29,5.748357132513175e-29,5.748357132791915e-29,5.748357132793011e-29,5.748357132793283e-29,5.748357132793272e-29,5.748357132795902e-29,5.7483571327959e-29,5.748357132796704e-29,5.748357132795899e-29,5.748357132795891e-29,5.748357132795339e-29,5.748357132795332e-29,5.748357132795324e-29,5.748357132793999e-29,5.748357132784515e-29,5.748357132784645e-29,5.748357132784678e-29,5.748357132785112e-29,5.748357132787235e-29,5.748357132788212e-29,5.748357132790792e-29,5.748357132790717e-29,5.74835713281327e-29,5.748357132813272e-29,5.748357132814153e-29,5.748357132814155e-29,5.748357132812333e-29,5.748357132811112e-29,5.74835713281432e-29,5.748357132815774e-29,5.748357132817103e-29,5.748357132821179e-29,5.748357132820692e-29,5.748357132821242e-29,5.748357132819085e-29,5.748357132819063e-29,5.748357132818988e-29,5.748357132818924e-29,5.74835713281893e-29,5.748357132812684e-29,5.748357132811274e-29,5.748357132810688e-29,5.74835713281069e-29,5.748357132809933e-29,5.748357132806311e-29,5.748357132815785e-29,5.74835713282017e-29,5.748357132808774e-29,5.748357132808397e-29,5.748357132808921e-29,5.748357132808966e-29,5.748357132808969e-29,5.748357132808958e-29,5.748357132806298e-29,5.748357132806347e-29,5.748357132802836e-29,5.748357132802836e-29,5.748357132802914e-29,5.748357132800966e-29,5.748357132800904e-29,5.748357132754229e-29,5.74835713275609e-29,5.748357132759452e-29,5.748357132760478e-29,5.748357132760468e-29,5.748357132760576e-29,5.748357132755979e-29,5.748357132756559e-29,5.748357132756447e-29,5.748357132756309e-29,5.748357132756087e-29,5.748357132756665e-29,5.748357132743703e-29,5.748357132739375e-29,5.748357132737149e-29,5.748357132737192e-29,5.748357132737626e-29,5.748357132820631e-29,5.748357132820381e-29,5.748357132820793e-29,5.748357132820929e-29,5.748357132818255e-29,5.748357132818276e-29,5.748357132818096e-29,5.748357132823301e-29,5.748357132823114e-29,5.748357132823301e-29,5.748357132821852e-29,5.748357132821836e-29,5.748357132762929e-29,5.748357132763455e-29,5.748357132762193e-29,5.748357132762066e-29,5.748357132762121e-29,5.748357132769863e-29,5.748357132770432e-29,5.748357132741765e-29,5.748357132741093e-29,5.748357132741043e-29,5.748357132739462e-29,5.748357132739465e-29,5.748357132739822e-29,5.748357132736098e-29,5.748357132743905e-29,5.748357132750514e-29,5.748357132750523e-29,5.748357132748347e-29,5.748357132748171e-29,5.748357132748043e-29,5.748357132748319e-29,5.748357132748137e-29,5.748357132748297e-29,5.748357132749085e-29,5.748357132749319e-29,5.748357132749333e-29,5.748357132749239e-29,5.748357132749255e-29,5.748357132749255e-29,5.748357132749243e-29,5.748357132749399e-29,5.748357132749413e-29,5.748357132749395e-29,5.748357132749943e-29,5.748357132749928e-29,5.748357132749984e-29,5.748357132749987e-29,5.748357132749971e-29,5.748357132749971e-29,5.748357132700302e-29,5.748357132701121e-29,5.748357132701195e-29,5.748357132701192e-29,5.748357132701201e-29,5.748357132698318e-29,5.748357132698349e-29,5.748357132698174e-29,5.748357132697493e-29,5.748357132697052e-29,5.748357132697126e-29,5.748357132697125e-29,5.748357132995872e-29,5.748357132995645e-29,5.748357132995593e-29,5.748357132995755e-29,5.748357132994491e-29,5.748357132994537e-29,5.748357134386811e-29,5.748357134390451e-29,5.748357134393617e-29,5.74835713439231e-29,5.748357134395872e-29,5.748357134395977e-29,5.748357134395135e-29,5.748357134395362e-29,5.748357134395362e-29,5.748357134392545e-29,5.748357134395225e-29,5.748357134396604e-29,5.748357134404096e-29,5.748357134404344e-29,5.748357134403888e-29,5.74835713440354e-29,5.748357134394148e-29,5.748357134394729e-29,5.748357134394481e-29,5.748357134396019e-29,5.748357134389633e-29,5.748357134392434e-29,5.74835713439076e-29,5.748357134386145e-29,5.748357134382437e-29,5.748357134383017e-29,5.748357134387143e-29,5.748357134387097e-29,5.748357134383673e-29,5.748357134407738e-29,5.748357134407266e-29,5.74835713440734e-29,5.748357134406659e-29,5.748357134406645e-29,5.748357134406643e-29,5.748357134406671e-29,5.748357134401864e-29,5.748357134401183e-29,5.74835713440117e-29,5.748357134401121e-29,5.74835713440074e-29,5.748357134400764e-29,5.748357134401875e-29,5.748357134400538e-29,5.748357134400506e-29,5.74835713440314e-29,5.74835713440278e-29,5.748357134432936e-29,5.748357134369196e-29,5.748357134369186e-29,5.748357134369172e-29,5.748357134370055e-29,5.748357134370616e-29,5.748357134370657e-29,5.748357134387545e-29,5.748357134388071e-29,5.748357134387952e-29,5.748357134383611e-29,5.748357134390219e-29,5.748357134365214e-29,5.748357134365193e-29,5.748357134269073e-29,5.748357134268832e-29,5.74835713426715e-29,5.748357134268202e-29,5.748357134268146e-29,5.748357134285017e-29,5.748357134284717e-29,5.748357134284879e-29,5.748357134284984e-29,5.748357134286152e-29,5.748357134286181e-29,5.748357134278973e-29,5.748357134281285e-29,5.748357135233752e-29,5.748357135233669e-29,5.748357135262204e-29,5.748357135263589e-29,5.748357135264745e-29,5.748357135264694e-29,5.748357135264691e-29,5.748357135264862e-29,5.748357135263958e-29,5.74835713529783e-29,5.748357135297879e-29,5.748357135297752e-29,5.748357135297821e-29,5.748357135297935e-29,5.748357135296302e-29,5.748357135296097e-29,5.748357135299705e-29,5.748357135299713e-29,5.748357135300252e-29,5.748357135300381e-29,5.748357135299404e-29,5.748357135299067e-29,5.748357135299385e-29,5.748357135299669e-29,5.748357135299663e-29,5.748357135299746e-29,5.748357135303675e-29,5.748357135311926e-29,5.748357135310597e-29,5.748357135307399e-29,5.748357135308048e-29,5.748357140848692e-29,5.748357140877991e-29,5.748357140878014e-29,5.748357140877813e-29,5.748357140892094e-29,5.748357140892099e-29,5.748357140891338e-29,5.748357140891337e-29,5.748357140892091e-29,5.748357140894784e-29,5.748357140895068e-29,5.748357140895019e-29,5.74835714089417e-29,5.748357140894241e-29,5.748357140894102e-29,5.74835714089413e-29,5.74835714088177e-29,5.748357140885841e-29,5.748357140885866e-29,5.748357140885872e-29,5.748357140885585e-29,5.748357140887456e-29,5.748357140887256e-29,5.748357140887374e-29,5.74835714088786e-29,5.7483571408886e-29,5.748357140888152e-29,5.748357140888492e-29,5.748357140888144e-29,5.748357140887256e-29,5.748357140890153e-29,5.748357140889965e-29,5.748357140889777e-29,5.748357140888535e-29,5.748357140887839e-29,5.748357141023906e-29,5.748357141022465e-29,5.748357141022016e-29,5.748357141023309e-29,5.74835714102342e-29,5.748357141023316e-29,5.748357141020476e-29,5.748357140921236e-29,5.748357140921174e-29,5.748357140920966e-29,5.748357140920696e-29,5.748357140920456e-29,5.748357140920822e-29,5.748357140920765e-29,5.748357140920917e-29,5.748357140920971e-29,5.74835714092084e-29,5.748357140926699e-29,5.748357140927321e-29,5.74835714092692e-29,5.74835714092771e-29,5.748357140925767e-29,5.748357140925079e-29,5.748357140921924e-29,5.748357140921604e-29,5.748357140921544e-29,5.748357140920939e-29,5.748357140920589e-29,5.748357140926969e-29,5.748357140927967e-29,5.748357140927257e-29,5.748357140927624e-29,5.748357140929167e-29,5.748357140929083e-29,5.74835714092906e-29,5.748357140929161e-29,5.748357140930262e-29,5.748357140930157e-29,5.748357140929321e-29,5.748357140929325e-29,5.748357140930004e-29,5.748357140930019e-29,5.748357140931813e-29,5.748357140933542e-29,5.748357140933493e-29,5.748357140933514e-29,5.748357140933513e-29,5.748357140935954e-29,5.748357140936085e-29,5.748357140936099e-29,5.748357140936116e-29,5.748357140936333e-29,5.748357140936459e-29,5.748357139434715e-29,5.748357139434421e-29,5.748357139434407e-29,5.748357139433852e-29,5.748357139434496e-29,5.748357139434498e-29,5.748357139430132e-29,5.748357139428576e-29,5.74835713942857e-29,5.748357139428322e-29,5.748357139429748e-29,5.748357139429978e-29,5.748357139430034e-29,5.748357139367157e-29,5.748357139366884e-29,5.748357139367146e-29,5.748357139439801e-29,5.74835713943996e-29,5.74835713936036e-29,5.748357139360366e-29,5.748357139360395e-29,5.748357139360406e-29,5.748357139360478e-29,5.748357139360354e-29,5.748357139360168e-29,5.748357139360182e-29,5.748357139363285e-29,5.748357139364121e-29,5.748357139364585e-29,5.748357139329519e-29,5.748357139330008e-29,5.748357139327453e-29,5.748357139327917e-29,5.748357139306678e-29,5.748357139327084e-29,5.748357139327333e-29,5.748357139319868e-29,5.748357139319695e-29,5.7483571393196e-29,5.748357139320564e-29,5.748357139324149e-29,5.748357139324389e-29,5.748357139353574e-29,5.748357139346464e-29,5.748357139345909e-29,5.748357139345906e-29,5.748357139346559e-29,5.748357139346561e-29,5.748357139348618e-29,5.748357139348347e-29,5.748357139345135e-29,5.748357139345208e-29,5.748357139331878e-29,5.74835713933313e-29,5.748357139331838e-29,5.748357139332605e-29,5.748357139331214e-29,5.748357139331212e-29,5.748357139339523e-29,5.748356644678335e-29,5.748356644689705e-29,5.748356644689765e-29,5.748356644689736e-29,5.748356644689787e-29,5.748356644690617e-29,5.74835664469099e-29,5.748356644691123e-29,5.74835664469201e-29,5.748356644691905e-29,5.748356644692268e-29,5.74835664469121e-29,5.748356644691354e-29,5.74835664469154e-29,5.748356644691667e-29,5.748356644692094e-29,5.748356644692166e-29,5.748356644692398e-29,5.748356644692462e-29,5.748356644690814e-29,5.748356644693641e-29,5.748356644693734e-29,5.748356644701864e-29,5.748356644701826e-29,5.748356644701813e-29,5.748356644701764e-29,5.748356644701809e-29,5.74835664470144e-29,5.748356644701974e-29,5.748356644701965e-29,5.748356644702054e-29,5.748356644701984e-29,5.748356644702531e-29,5.748356644702519e-29,5.748356644703243e-29,5.748356644703089e-29,5.748356644701411e-29,5.748356644699474e-29,5.74835664469959e-29,5.748356644839105e-29,5.748356644839134e-29,5.7483566448505e-29,5.748356644850617e-29,5.748356644850609e-29,5.748356644850564e-29,5.748356644850593e-29,5.748356644850672e-29,5.748356644851184e-29,5.748356644850146e-29,5.748356644851593e-29,5.748356644851573e-29,5.748356644851706e-29,5.748356644851281e-29,5.748356644851389e-29,5.748356645113646e-29,5.748356645112813e-29,5.748356645110815e-29,5.748356645111952e-29,5.748356645111997e-29,5.748356645199995e-29,5.748356645199983e-29,5.748356645199962e-29,5.748356645199638e-29,5.748356645199929e-29,5.748356645199929e-29,5.748356645200293e-29,5.748356645200763e-29,5.748356645207006e-29,5.74835664520703e-29,5.748356645207029e-29,5.748356645171792e-29,5.748356645172244e-29,5.748356645171341e-29,5.748356645171743e-29,5.748356645171745e-29,5.74835664516758e-29,5.748356645169072e-29,5.748356645169221e-29,5.748356645169503e-29,5.748356645166715e-29,5.748356645167521e-29,5.748356645153104e-29,5.748356645152758e-29,5.748356645152766e-29,5.748356645152669e-29,5.748356645152669e-29,5.748356645152554e-29,5.748356645148799e-29,5.748356645148797e-29,5.748356645146874e-29,5.748356645146821e-29,5.74835664514404e-29,5.748356645144186e-29,5.748356645141086e-29,5.748356645141e-29,5.748356645141029e-29,5.748356645186268e-29,5.748356645186356e-29,5.748356645185775e-29,5.748356645184909e-29,5.748356645186384e-29,5.748356645187073e-29,5.748332797887438e-29,5.748332797887352e-29,5.748332797894241e-29,5.748332797880605e-29,5.748332797883207e-29,5.74833279788316e-29,5.74833279788229e-29,5.74833279788237e-29,5.748332797882055e-29,5.748332797882017e-29,5.748332797890144e-29,5.748332797889571e-29,5.748332797889572e-29,5.748332797889006e-29,5.748332797889004e-29,5.748332797879397e-29,5.748332797879872e-29,5.748332797879555e-29,5.748332797879637e-29,5.748332797879271e-29,5.748332797879263e-29,5.748332797879877e-29,5.748332797881403e-29,5.748332797883374e-29,5.748332797862748e-29,5.748332797864586e-29,5.748332797884324e-29,5.748332797879955e-29,5.748332797479814e-29,5.748332797480434e-29,5.748332797480428e-29,5.748332797480456e-29,5.748332797480437e-29,5.748332797480414e-29,5.748332797296674e-29,5.748332797296678e-29,5.748332797296619e-29,5.748332797298172e-29,5.748332797301169e-29,5.748332797301172e-29,5.748332797301138e-29,5.748332797300758e-29,5.748332797300789e-29,5.748332797300325e-29,5.748332797300273e-29,5.748332797309964e-29,5.748332797309854e-29,5.748332797310087e-29,5.748332797312165e-29,5.748332797312448e-29,5.748332797312273e-29,5.74833279726144e-29,5.748332797261245e-29,5.748332797254851e-29,5.7483327972521e-29,5.748332797251879e-29,5.74833279724904e-29,5.74833279724939e-29,5.74833279724307e-29,5.748332797243487e-29,5.748332797245837e-29,5.748332797245859e-29,5.748332797239767e-29,5.748332797239641e-29,5.748332797239557e-29,5.748332797239788e-29,5.748332797247665e-29,5.748332797247919e-29,5.748332797246621e-29,5.748332797247119e-29,5.748332797247318e-29,5.748332797247277e-29,5.748332797248477e-29,5.748332797248536e-29,5.748332797247754e-29,5.748332797239607e-29,5.748332797239553e-29,5.748332797239746e-29,5.748332797239824e-29,5.748332797239803e-29,5.748332797240215e-29,5.74833279724215e-29,5.748332797242451e-29,5.748332797242214e-29,5.74833279724982e-29,5.748332797249284e-29,5.748332797250335e-29,5.748332797244716e-29,5.74833279724431e-29,5.748332797244477e-29,5.748332797244341e-29,5.748332797244351e-29,5.748332797244551e-29,5.74833279724425e-29,5.748332797243879e-29,5.748332797246328e-29,5.748332797246284e-29,5.74833279724623e-29,5.748332797246173e-29,5.748332797246184e-29,5.748332797246079e-29,5.748332797246005e-29,5.748332797246786e-29,5.748332797244116e-29,5.74833279724409e-29,5.748332797243722e-29,5.748332797242493e-29,5.748332797242473e-29,5.748332797242391e-29,5.74833279726177e-29,5.74833279726246e-29,5.748332797259419e-29,5.748332797259271e-29,5.74833277792309e-29,5.748332777920142e-29,5.748332777920108e-29,5.748332777916479e-29,5.74833277791632e-29,5.748332777918914e-29,5.7483327779174e-29,5.748332777917394e-29,5.748332777917338e-29,5.748332777917343e-29,5.74833277791671e-29,5.748332777918062e-29,5.748332777918215e-29,5.748332777927564e-29,5.74833277792766e-29,5.74833277792773e-29,5.748332777926862e-29,5.748332777926968e-29,5.748332777923562e-29,5.748332777938304e-29,5.748332777938111e-29,5.7483327779368e-29,5.748332777937009e-29,5.748332777932514e-29,5.748332777930819e-29,5.748332777929913e-29,5.748332777930888e-29,5.748332777935689e-29,5.748332777935767e-29,5.748332777930149e-29,5.748332777930311e-29,5.748332777930332e-29,5.748332777930224e-29,5.748332777930422e-29,5.748332777930757e-29,5.748332777932224e-29,5.748332777932023e-29,5.748332777931799e-29,5.74833277792738e-29,5.748332777925714e-29,5.748332777926232e-29,5.74833277792749e-29,5.748332777926544e-29,5.748332777933183e-29,5.748332777929293e-29,5.748332777923342e-29,5.748332777925805e-29,5.748332777926126e-29,5.748332777926464e-29,5.748332777926524e-29,5.748332777926794e-29,5.748332777926235e-29,5.748332777926377e-29,5.748332777926815e-29,5.748332777912829e-29,5.74833277791319e-29,5.748332777914911e-29,5.748332777913088e-29,5.748332777913166e-29,5.74833277791373e-29,5.748332777913734e-29,5.748332777914694e-29,5.748332777914834e-29,5.748332777878615e-29,5.748332777878647e-29,5.748332777878649e-29,5.748332777878659e-29,5.748332777277586e-29,5.748332777297729e-29,5.748332777297684e-29,5.748332777297354e-29,5.748332777296485e-29,5.748332777296515e-29,5.748332777305125e-29,5.748332777305439e-29,5.748332777305467e-29,5.748332777304845e-29,5.748332777203602e-29,5.748332777202921e-29,5.748332777202638e-29,5.748332777202057e-29,5.748332777199652e-29,5.748332777200396e-29,5.748332777209938e-29,5.748332777434948e-29,5.748332777434401e-29,5.748332777434378e-29,5.748332777429398e-29,5.748332777429054e-29,5.748332777427692e-29,5.748332777427586e-29,5.748332777422532e-29,5.748332777420878e-29,5.748332777418905e-29,5.74833277741891e-29,5.748332777419128e-29,5.748332777646736e-29,5.748332777646484e-29,5.74833277764587e-29,5.748332777646188e-29,5.74833277764391e-29,5.74833277764391e-29,5.748332777566298e-29,5.748332777566498e-29,5.748332774605977e-29,5.748332774601851e-29,5.74833277461209e-29,5.748332774602536e-29,5.748332774627859e-29,5.748332774627336e-29,5.748332774625985e-29,5.748332774625386e-29,5.748332774625388e-29,5.748332774613463e-29,5.748332774611675e-29,5.748332774611676e-29,5.74833277460354e-29,5.74833277460417e-29,5.748332774604488e-29,5.748332774604856e-29,5.748332774604787e-29,5.748332774602179e-29,5.748332774602264e-29,5.74833277460023e-29,5.748332774600176e-29,5.748332774600141e-29,5.748332776056735e-29,5.748332776056749e-29,5.748332776056748e-29,5.748332776057971e-29,5.748332776058e-29,5.748332776057641e-29,5.748332776056138e-29,5.748332776056139e-29,5.748332776056078e-29,5.748332776056379e-29,5.74833277605648e-29,5.74833277605634e-29,5.748332776056318e-29,5.748332776067904e-29,5.7483327760989e-29,5.74833277609845e-29,5.748332776101555e-29,5.748332776101368e-29,5.748332776046345e-29,5.748332775909263e-29,5.748332775909264e-29,5.748332775909625e-29,5.748332775923891e-29,5.748332775917321e-29,5.748332775917323e-29,5.748332775913806e-29,5.748332775914267e-29,5.748332775914268e-29,5.748332775913871e-29,5.74833277591249e-29,5.748332775912497e-29,5.748332775912115e-29,5.748332775919026e-29,5.748332775929109e-29,5.748332776218878e-29,5.748332776201516e-29,5.748332776201507e-29,5.74833277620168e-29,5.748332776200699e-29,5.74833277619449e-29,5.74833277619231e-29,5.74833277619198e-29,5.748332776192306e-29,5.748332776192677e-29,5.748332776192619e-29,5.748332776219361e-29,5.748332776219839e-29,5.748332776219841e-29,5.748332776222475e-29,5.748332776222752e-29,5.748332776213426e-29,5.748332776212135e-29,5.748332776072293e-29,5.748332776074752e-29,5.748332776111466e-29,5.748332776111357e-29,5.748332776110886e-29,5.748332776117978e-29,5.748332776232671e-29,5.748332776230494e-29,5.748888225248817e-29,5.748888225248848e-29,5.748888225248847e-29,5.748888225248169e-29,5.74888822522342e-29,5.748888225223634e-29,5.748888225216687e-29,5.748888225216595e-29,5.748888225138046e-29,5.748888225139669e-29,5.74888822510098e-29,5.748888225096781e-29,5.748888225142664e-29,5.74888822518762e-29,5.748888225187465e-29,5.748888225198817e-29,5.748888225193827e-29,5.748888225194752e-29,5.748888225194719e-29,5.74888822519643e-29,5.748888225197659e-29,5.748888225197967e-29,5.748888225237146e-29,5.748888225237231e-29,5.748888225237887e-29,5.748888225237985e-29,5.748888225238008e-29,5.748888225235464e-29,5.748888225240944e-29,5.748888225240869e-29,5.748888225241077e-29,5.748888225240063e-29,5.748888225044209e-29,5.748888225044187e-29,5.748888225045747e-29,5.748888225035717e-29,5.748888225078284e-29,5.748888225078689e-29,5.748888225069696e-29,5.748888225069693e-29,5.748888225070608e-29,5.74888822505561e-29,5.748888225111823e-29,5.748888225117089e-29,5.748888225117147e-29,5.748888225116138e-29,5.748888225117052e-29,5.748888225117355e-29,5.748888225105641e-29,5.748888225105956e-29,5.748888225108296e-29,5.748888225108414e-29,5.748888225104178e-29,5.748888225038023e-29,5.748888225038542e-29,5.748888224925283e-29,5.748888224935162e-29,5.748888224918491e-29,5.748888224917582e-29,5.748888224916138e-29,5.748888224920119e-29,5.748888224920326e-29,5.748888224952235e-29,5.748888224952489e-29,5.748888224956123e-29,5.74888822495479e-29,5.748888224954801e-29,5.748888224955235e-29,5.748888224951057e-29,5.748888224950802e-29,5.748888224950816e-29,5.748888224950145e-29,5.748888224949887e-29,5.748888224950084e-29,5.748888224942285e-29,5.748888224949241e-29,5.748888224944969e-29,5.748888224942717e-29,5.748888224940999e-29,5.748888224904975e-29,5.748888224904976e-29,5.748888224910433e-29,5.748888224855561e-29,5.748888224855153e-29,5.748888224951148e-29,5.74888822495322e-29,5.748888224955208e-29,5.748888224955266e-29,5.748888224995576e-29,5.748888225000512e-29,5.748888225003876e-29,5.748888225004098e-29,5.748888225029087e-29,5.748888225030781e-29,5.748888224946345e-29,5.748888224945843e-29,5.748888224944747e-29,5.748888224944747e-29,5.748888224944805e-29,5.748888224944496e-29,5.748888224944085e-29,5.748888224947039e-29,5.748888224969349e-29,5.748888224957876e-29,5.748888224891035e-29,5.748888224893215e-29,5.748888224897544e-29,5.748888224889206e-29,5.748888224889124e-29,5.748888224890883e-29,5.748888224890165e-29,5.748888224889888e-29,5.748888224888792e-29,5.748888224899765e-29,5.748888224906711e-29,5.748888224916734e-29,5.748888224870851e-29,5.748888224870701e-29,5.748888224870805e-29,5.748888224870366e-29,5.748888224870282e-29,5.74888822487028e-29,5.748888224870271e-29,5.748888224879265e-29,5.748888224882025e-29,5.748888224882392e-29,5.748888224882128e-29,5.748888224906847e-29,5.748888224867253e-29,5.748888224866585e-29,5.748888224869394e-29,5.748888224871753e-29,5.748888224869812e-29,5.748888224869671e-29,5.74888822486981e-29,5.748888224872942e-29,5.748888224873781e-29,5.74888822487372e-29,5.748888224874492e-29,5.748888224864682e-29,5.74888822486704e-29,5.748888224866912e-29,5.748888224841034e-29,5.748888224830503e-29,5.748888224830365e-29,5.748888224836331e-29,5.748888224824751e-29,5.748888224824651e-29,5.748888224824589e-29,5.748888224826801e-29,5.748888224832791e-29,5.748888224834166e-29,5.748888224834487e-29,5.748888224840295e-29,5.748888224840012e-29,5.748888224840167e-29,5.748888224847267e-29,5.748888224848312e-29,5.748888224847292e-29,5.748888224847668e-29,5.748888224866014e-29,5.748888224953827e-29,5.748888224954767e-29,5.748888224955666e-29,5.748888224955711e-29,5.748888224955917e-29,5.748888224864014e-29,5.748888224852976e-29,5.748888225132742e-29,5.748888225134397e-29,5.748888225133828e-29,5.748888225129263e-29,5.748888225122679e-29,5.74888822512268e-29,5.748888225122666e-29,5.748888225167038e-29,5.74888822516752e-29,5.748888225167786e-29,5.748888225167661e-29,5.7488882251409e-29,5.748888225150955e-29,5.748888225150556e-29,5.748888225150554e-29,5.748888225150475e-29,5.74888822515142e-29,5.74888822515006e-29,5.748888225149395e-29,5.748888225149432e-29,5.748888225153942e-29,5.748888225157824e-29,5.748888225157833e-29,5.748888225157647e-29,5.748888225157572e-29,5.748888225155349e-29,5.748888225155064e-29,5.748888225151255e-29,5.748888225151249e-29,5.748888225151299e-29,5.74888822515201e-29,5.748888225152026e-29,5.74888822515251e-29,5.748888225150716e-29,5.748888225141165e-29,5.748888225141438e-29,5.74888822514144e-29,5.748888225147727e-29,5.748888225147553e-29,5.748888225147861e-29,5.748888225147477e-29,5.748888225146435e-29,5.748888225145968e-29,5.748888225140209e-29,5.748888225140032e-29,5.748888225126714e-29,5.748888225123903e-29,5.748888225124445e-29,5.748888225124258e-29,5.748888225124029e-29,5.748888225124026e-29,5.74888822511172e-29,5.74888822511213e-29,5.748888225118614e-29,5.748888225110999e-29,5.748888225110826e-29,5.748888225111011e-29,5.748888225094966e-29,5.748888225095796e-29,5.748888225094644e-29,5.748888225095138e-29,5.748888225615967e-29,5.748888225626708e-29,5.748888225626796e-29,5.748888225626853e-29,5.748888225615777e-29,5.748888225618292e-29,5.748888225621406e-29,5.748888225621416e-29,5.748888225620759e-29,5.748888225731556e-29,5.74888822572189e-29,5.748888225715949e-29,5.748888225716159e-29,5.748888225721201e-29,5.748888225709764e-29,5.748888225710037e-29,5.748888225710404e-29,5.748888225712241e-29,5.74888822571196e-29,5.748888225712105e-29,5.748888225714084e-29,5.748888225730484e-29,5.748888225730489e-29,5.748888225730437e-29,5.74888822573054e-29,5.74888822572741e-29,5.748888225726991e-29,5.748888225728e-29,5.74888822572817e-29,5.748888225728268e-29,5.748888225728307e-29,5.748888225847167e-29,5.748888225847538e-29,5.748888225847458e-29,5.748888225846218e-29,5.748888225846184e-29,5.748888225849032e-29,5.748888225848995e-29,5.748888226032741e-29,5.748888226032726e-29,5.748888226033472e-29,5.74888822603643e-29,5.748888226038508e-29,5.748888226040464e-29,5.748888226043745e-29,5.748888226042987e-29,5.748888226043e-29,5.748888226042502e-29,5.748888226043598e-29,5.748888226043512e-29,5.748888226042882e-29,5.748888226044277e-29,5.748888226025509e-29,5.748888226015721e-29,5.748888226017977e-29,5.748888226004033e-29,5.748888226004398e-29,5.748888226001363e-29,5.748888226007851e-29,5.74888822591769e-29,5.748888225955352e-29,5.748888225955577e-29,5.748888225955825e-29,5.748888225956405e-29,5.748888225938507e-29,5.748888225944357e-29,5.748888225944356e-29,5.748888225943387e-29,5.748888225943736e-29,5.748888225934883e-29,5.748888225932144e-29,5.748888225932264e-29,5.748888225928885e-29,5.748888225928929e-29,5.748888225928955e-29,5.748888225928955e-29,5.748888225928804e-29,5.748888225922451e-29,5.748888225922026e-29,5.748888225913319e-29,5.748888225913376e-29,5.748888225913378e-29,5.748888225913509e-29,5.748888225886493e-29,5.74888822589808e-29,5.748888225897887e-29,5.748888225902186e-29,5.748888225902521e-29,5.74888822590245e-29,5.748888225901432e-29,5.748888225869516e-29,5.748888225863981e-29,5.748888225867401e-29,5.74888822586739e-29,5.74888822586737e-29,5.748888225865605e-29,5.748888225874409e-29,5.748888225871804e-29,5.748888225871781e-29,5.748888225871782e-29,5.748888225872228e-29,5.748888225872716e-29,5.748888225868876e-29,5.748888225868937e-29,5.748888225880983e-29,5.748888225880547e-29,5.748888225891454e-29,5.748888225894944e-29,5.748888225891891e-29,5.74888822589217e-29,5.748888225892743e-29,5.748888225891703e-29,5.748888225888844e-29,5.748888225888846e-29,5.748888225888244e-29,5.748888225888441e-29,5.748888225889053e-29,5.748888225887897e-29,5.748888225894788e-29,5.74888822589452e-29,5.748888225889173e-29,5.74888822589055e-29,5.748888225891539e-29,5.74888822576679e-29,5.748888225766754e-29,5.748888225766938e-29,5.748888225729863e-29,5.748888225729898e-29,5.74888822572843e-29,5.748888225732172e-29,5.748888225723034e-29,5.748888225723248e-29,5.748888225724185e-29,5.748888225724108e-29,5.748888225724202e-29,5.748888225723228e-29,5.748888225723453e-29,5.748888225724277e-29,5.748888225724502e-29,5.748888225692676e-29,5.748888225559426e-29,5.748888225559372e-29,5.748888225558693e-29,5.748888225559551e-29,5.748888225559991e-29,5.74888822556201e-29,5.748888225552276e-29,5.748888225551808e-29,5.748888225551017e-29,5.748888225538054e-29,5.748888225537677e-29,5.748888225537674e-29,5.748888225535767e-29,5.748888225535452e-29,5.748888225558156e-29,5.74888822555816e-29,5.748888225557841e-29,5.748888225556409e-29,5.74888822549455e-29,5.748888225487124e-29,5.748888225486223e-29,5.748888225486822e-29,5.748888225524584e-29,5.748888225526169e-29,5.748888225525288e-29,5.748888225524165e-29,5.74888822552498e-29,5.748888225524076e-29,5.748888225501533e-29,5.748888225501624e-29,5.748888225501661e-29,5.748888225501617e-29,5.748888225501437e-29,5.74888822549282e-29,5.748888225492473e-29,5.748888225523925e-29,5.748888225526745e-29,5.748888225526863e-29,5.748888225526901e-29,5.748888225526952e-29,5.748888224836089e-29,5.748888224836262e-29,5.748888224835796e-29,5.748888224835716e-29,5.748888224837438e-29,5.748888224837624e-29,5.748888224837811e-29,5.748888224840188e-29,5.748888224839484e-29,5.748888225947881e-29,5.748888225877504e-29,5.748888225884273e-29,5.748888225884277e-29,5.748888225884196e-29,5.748888225894298e-29,5.748888225897014e-29,5.748888225941373e-29,5.74888822594675e-29,5.748888225913616e-29,5.748888225913402e-29,5.748888225913731e-29,5.748888225914404e-29,5.748888225888927e-29,5.748888225888894e-29,5.748888225888979e-29,5.748888225903811e-29,5.748888225903501e-29,5.748888225902467e-29,5.748888225899936e-29,5.748888225900393e-29,5.748888225898816e-29,5.748888225900301e-29,5.748888225900241e-29,5.748888225899966e-29,5.748888225900045e-29,5.748888225894736e-29,5.748888225894467e-29,5.748888225889099e-29,5.748888225889203e-29,5.748888225889186e-29,5.748888225719455e-29,5.748888225719342e-29,5.748888225719104e-29,5.748888225719366e-29,5.748888225728152e-29,5.748888225727574e-29,5.748888225727733e-29,5.748888225727672e-29,5.74888822573137e-29,5.748888225732537e-29,5.748888225738786e-29,5.748888225742225e-29,5.748888225742558e-29,5.748888225742554e-29,5.748888225742496e-29,5.748888225742614e-29,5.748888225752131e-29,5.748888225752538e-29,5.74888822575256e-29,5.748888225751719e-29,5.748888225751638e-29,5.748888225757599e-29,5.748888225757503e-29,5.748888225747233e-29,5.74888822574001e-29,5.748888225737422e-29,5.748888225737419e-29,5.748888225737909e-29,5.74888822573629e-29,5.748888225736291e-29,5.748888225736438e-29,5.748888225736436e-29,5.748888225737755e-29,5.748888225741229e-29,5.748888225742515e-29,5.748888225742411e-29,5.748888225742263e-29,5.748888225742268e-29,5.74888822574218e-29,5.748888225736662e-29,5.748888225736708e-29,5.748888225736698e-29,5.748888225736735e-29,5.748888225736739e-29,5.748888225739899e-29,5.74888822574003e-29,5.748888225740052e-29,5.748888225740082e-29,5.748888225663358e-29,5.748888225660242e-29,5.748888225649954e-29,5.74888822565044e-29,5.748888225707633e-29,5.748888225707865e-29,5.748888225707791e-29,5.748888225706436e-29,5.748888225757868e-29,5.748888225751249e-29,5.748888225751278e-29,5.748888226135801e-29,5.748888226161295e-29,5.748888226161247e-29,5.748888226161092e-29,5.748888226161726e-29,5.748888226122486e-29,5.748888226099233e-29,5.748888226099939e-29,5.748888226102154e-29,5.748888226101389e-29,5.748888226119967e-29,5.748888226097816e-29,5.748888226097556e-29,5.748888226116655e-29,5.748888226139758e-29,5.748888226139414e-29,5.748888226139412e-29,5.748888226139403e-29,5.748888226159446e-29,5.74888822615849e-29,5.748888226158494e-29,5.748888226157993e-29,5.74888822615765e-29,5.748888226158127e-29,5.748888226159623e-29,5.748888226157771e-29,5.748888226157428e-29,5.748888226158328e-29,5.748888226158401e-29,5.748888226158798e-29,5.748888226160108e-29,5.748888226159457e-29,5.748888226163885e-29,5.748888226162373e-29,5.748888226160871e-29,5.748888226161358e-29,5.748888226161577e-29,5.748888226161705e-29,5.748888226161229e-29,5.748888226149948e-29,5.748888226149971e-29,5.74888822616059e-29,5.748888226160747e-29,5.748888226160706e-29,5.748888226157085e-29,5.748888226157498e-29,5.748888226157222e-29,5.748888226157308e-29,5.74888822615731e-29,5.748888226157307e-29,5.748888226156489e-29,5.748888226156713e-29,5.748888226156723e-29,5.748888226131634e-29,5.748888226142622e-29,5.748888226142993e-29,5.748888226141924e-29,5.748888224758176e-29,5.748888224751231e-29,5.748888224756938e-29,5.748888224757428e-29,5.748888225783418e-29,5.748888225783371e-29,5.748888225787954e-29,5.748888225787916e-29,5.748888225760362e-29,5.748888225760363e-29,5.748888225758835e-29,5.748888225775532e-29,5.748888225779351e-29,5.748888225777993e-29,5.748888225790958e-29,5.74888822579052e-29,5.748888225792632e-29,5.748888225792277e-29,5.748888225792295e-29,5.748888225792304e-29,5.748888225792616e-29,5.748888225788682e-29,5.748888225788626e-29,5.748888225788205e-29,5.748888225788211e-29,5.748888226064758e-29,5.748888226091195e-29,5.748888226103623e-29,5.748888226103538e-29,5.748888226103533e-29,5.748888226103068e-29,5.748888226094492e-29,5.748888226094455e-29,5.748888226094455e-29,5.748888226093021e-29,5.748888226075591e-29,5.748888226075608e-29,5.748888226059326e-29,5.74888822605792e-29,5.748888226067061e-29,5.748888226067025e-29,5.748888226069094e-29,5.748888226069189e-29,5.748888226074924e-29,5.748888226078654e-29,5.74888822608196e-29,5.74888822609241e-29,5.748888226092413e-29,5.748888226092605e-29,5.748888226092488e-29,5.748888226097845e-29,5.748888226097753e-29,5.748888226097789e-29,5.748888226072721e-29,5.748888226085066e-29,5.748888226083013e-29,5.74888822608315e-29,5.748888226083149e-29,5.748888226081256e-29,5.748888226081256e-29,5.748888226083657e-29,5.74888822611253e-29,5.748888226112376e-29,5.748888226085474e-29,5.74888822606509e-29,5.748888226065132e-29,5.748888226065199e-29,5.74888822605701e-29,5.74888822605767e-29,5.74888822605724e-29,5.748888226056981e-29,5.748888226057705e-29,5.748888226061284e-29,5.74888822605079e-29,5.748888226048818e-29,5.748888226052916e-29,5.748888225956846e-29,5.748888225955468e-29,5.748888225955469e-29,5.748888225955473e-29,5.748888225963252e-29,5.748888225963262e-29,5.748888225963254e-29,5.748888225971176e-29,5.748888225970412e-29,5.748888225964056e-29,5.748888225963361e-29,5.748888229709765e-29,5.748888226088151e-29,5.748888226139784e-29,5.748888226270729e-29,5.74888822627238e-29,5.748888226267253e-29,5.748888226269818e-29,5.74888822621573e-29,5.748888226167158e-29,5.748888226174982e-29,5.748888226151351e-29,5.74888822615123e-29,5.748888226152536e-29,5.748888226161512e-29,5.748888226161511e-29,5.748888226157343e-29,5.748888226147574e-29,5.748888226147574e-29,5.748888226163073e-29,5.748888226111225e-29,5.74888822610959e-29,5.748888225864417e-29,5.748888225981333e-29,5.74888822596538e-29,5.748888226076603e-29,5.748888226075912e-29,5.748888226939018e-29,5.74888822693871e-29,5.748888227062084e-29,5.748888227062084e-29,5.748888227061e-29,5.748888227060139e-29,5.748888227060193e-29,5.748888227063124e-29,5.748888227064917e-29,5.748888227117221e-29,5.748888227116867e-29,5.748888227093951e-29,5.74888822709412e-29,5.748888227082907e-29,5.74888822708715e-29,5.748888227081212e-29,5.748888227080738e-29,5.748888227074051e-29,5.748888227075497e-29,5.74888822707482e-29,5.748888227074948e-29,5.748888227074741e-29,5.748888227074761e-29,5.748888227084456e-29,5.74888822708847e-29,5.748888227239417e-29,5.748888227239468e-29,5.74888824794742e-29,5.748888247950172e-29,5.748888247950318e-29,5.748888247950169e-29,5.748888247943458e-29,5.748888247956675e-29,5.748888247956786e-29,5.748888247956784e-29,5.748888247956324e-29,5.748888247956105e-29,5.748888247956182e-29,5.748888247955425e-29,5.748888247954304e-29,5.748888247953043e-29,5.748888247950754e-29,5.748888247951821e-29,5.748888247952621e-29,5.748888247952582e-29,5.748888247884832e-29,5.748888248044215e-29,5.748888248043207e-29,5.748888248049633e-29,5.748888248047505e-29,5.748888248048002e-29,5.748888248046158e-29,5.748888248046281e-29,5.748888248049977e-29,5.748888248051166e-29,5.74888824797094e-29,5.748888247970894e-29,5.748888247970416e-29,5.748888247970598e-29,5.748888247970324e-29,5.748888247995415e-29,5.74888824800091e-29,5.748888248002641e-29,5.74888824799965e-29,5.748888247987892e-29,5.74888824798371e-29,5.748888247981948e-29,5.748888247981385e-29,5.748888247981492e-29,5.748888247991859e-29,5.748888247993081e-29,5.748888247995623e-29,5.748888247975821e-29,5.748888247975192e-29,5.748888247973576e-29,5.748888247967391e-29,5.748888248104342e-29,5.748888248106046e-29,5.748888248106489e-29,5.748888248096395e-29,5.748888248095852e-29,5.748888248098234e-29,5.748888248098145e-29,5.748888248096002e-29,5.748888200767713e-29,5.748888200768224e-29,5.748888200906749e-29,5.748888200906897e-29,5.748888200893723e-29,5.74888820089393e-29,5.748888201294578e-29,5.748888201294314e-29,5.748888201290153e-29,5.748888201289915e-29,5.748888201289933e-29,5.748888201291245e-29,5.748888201287988e-29,5.748888201288123e-29,5.748888201288236e-29,5.748888201251302e-29,5.748888201241256e-29,5.748888201259304e-29,5.748888201259492e-29,5.748888201261774e-29,5.748888201261593e-29,5.748888201261562e-29,5.748888201261562e-29,5.748888201260981e-29,5.74888820126098e-29,5.74888820126037e-29,5.748888201260701e-29,5.74888820126069e-29,5.748888201260082e-29,5.748888201260081e-29,5.748888201260065e-29,5.74888820126003e-29,5.748888201260178e-29,5.748888201292468e-29,5.748888201292251e-29,5.748888201291565e-29,5.748888201278921e-29,5.748888201278952e-29,5.748888201279368e-29,5.748888201279679e-29,5.748888201313336e-29,5.748888201313067e-29,5.748888201313038e-29,5.748888200767646e-29,5.748888200976618e-29,5.74888820097416e-29,5.748888201016795e-29,5.748888201000911e-29,5.748888201000767e-29,5.748888201002139e-29,5.748888200999916e-29,5.748888200999844e-29,5.748888201000229e-29,5.748888201001158e-29,5.748888201001103e-29,5.748888201000189e-29,5.748888201000755e-29,5.748888200986888e-29,5.748888200984007e-29,5.748888200983913e-29,5.748888200985685e-29,5.748888200985797e-29,5.748888200983703e-29,5.748888200960324e-29,5.748888200962999e-29,5.748888200952198e-29,5.748888200952476e-29,5.748888200953038e-29,5.748888200952597e-29,5.748888200919007e-29,5.748888200920904e-29,5.748888200920948e-29,5.748888200920983e-29,5.748888200920968e-29,5.748888200920967e-29,5.748888200920953e-29,5.748888200943299e-29,5.748888200943096e-29,5.748888200942993e-29,5.748888200942996e-29,5.748888200942997e-29,5.748888200943006e-29,5.748888200943158e-29,5.748888200943152e-29,5.748888200943165e-29,5.74888820094569e-29,5.748888200945624e-29,5.748888200945647e-29,5.748888200955323e-29,5.74888820094918e-29,5.748888200949438e-29,5.748888200947862e-29,5.748888200947415e-29,5.748888200930513e-29,5.748888200855605e-29,5.748888200890173e-29,5.748888200890629e-29,5.748888200894232e-29,5.748888200891965e-29,5.748888200892069e-29,5.748888200707812e-29,5.748888200936139e-29,5.748888200936264e-29,5.748888200936278e-29,5.748888200938244e-29,5.748888200938235e-29,5.748888200938218e-29,5.748888200938212e-29,5.748888200938413e-29,5.748888200938e-29,5.748888200937857e-29,5.748888200937871e-29,5.748888200937958e-29,5.748888200939643e-29,5.748888200923721e-29,5.748888200917145e-29,5.748888200917181e-29,5.748888200923606e-29,5.748888200922513e-29,5.748888201085098e-29,5.748888201085864e-29,5.74888820109354e-29,5.74888820109361e-29,5.748888201090772e-29,5.748888201093463e-29,5.748888201093651e-29,5.748888201098359e-29,5.74888820109843e-29,5.748888201096491e-29,5.74888820109654e-29,5.748888201095854e-29,5.748888201097859e-29,5.748888201107569e-29,5.74888820110598e-29,5.748888201106055e-29,5.748888201105471e-29,5.748888201063679e-29,5.748888201063658e-29,5.748888201068443e-29,5.748888201069623e-29,5.748888201068035e-29,5.748888201061707e-29,5.748888201060289e-29,5.748888201060218e-29,5.748888201060438e-29,5.748888201059264e-29,5.748888201057589e-29,5.748888201053302e-29,5.748888201051938e-29,5.748888201050939e-29,5.748888201050721e-29,5.748888201045124e-29,5.748888201059757e-29,5.748888201059278e-29,5.748888201057592e-29,5.748888201062063e-29,5.748888201044965e-29,5.748888200971917e-29,5.748888200968514e-29,5.748888200967018e-29,5.748888200967323e-29,5.748888200971474e-29,5.748888200964813e-29,5.748888200962768e-29,5.74888820096275e-29,5.748888200962823e-29,5.748888200962721e-29,5.748888200962684e-29,5.748888200962947e-29,5.748888200965754e-29,5.748888200965345e-29,5.748888200965111e-29,5.74888820096433e-29,5.748888200965574e-29,5.748888200965293e-29,5.748888200961139e-29,5.748888200949256e-29,5.748888200949301e-29,5.748888200949308e-29,5.748888200956343e-29,5.748888200955921e-29,5.748888200957087e-29,5.748888200956653e-29,5.748888200957715e-29,5.748888200956471e-29,5.748888200958025e-29,5.748888200958084e-29,5.748888200958064e-29,5.748888200967463e-29,5.748888200973548e-29,5.748888200914238e-29,5.74888820091835e-29,5.748888200912949e-29,5.748888200910881e-29,5.748888200915268e-29,5.748888200918914e-29,5.7488882009233e-29,5.748888200923301e-29,5.748888200923255e-29,5.748888200923181e-29,5.748888200921585e-29,5.74888820091319e-29,5.748888200794937e-29,5.748888200793535e-29,5.74888820079282e-29,5.748888200792167e-29,5.748888200792462e-29,5.748888200793651e-29,5.748888200766361e-29,5.748888200781941e-29,5.748888200782648e-29,5.748888200784524e-29,5.748888200778653e-29,5.748888200778571e-29,5.748888200758333e-29,5.748888200758477e-29,5.748888200761816e-29,5.74888820076499e-29,5.748888200763187e-29,5.74888820076324e-29,5.748888200761481e-29,5.748888200761478e-29,5.748888200764123e-29,5.748888200763285e-29,5.74888820076892e-29,5.748888200768097e-29,5.748888200760648e-29,5.748888200757682e-29,5.748888200759196e-29,5.748888201105576e-29,5.748888201104893e-29,5.748888201101587e-29,5.74888820112075e-29,5.748888201119847e-29,5.7488882011219e-29,5.748888201144387e-29,5.748888201142559e-29,5.748888201146921e-29,5.748888201172721e-29,5.7488882011692e-29,5.748888201168799e-29,5.74888820116944e-29,5.748888201169563e-29,5.748888201169804e-29,5.748888201169986e-29,5.748888201170842e-29,5.748888201172216e-29,5.74888820129834e-29,5.748888201298237e-29,5.74888820129826e-29,5.748888201294533e-29,5.748888201291227e-29,5.748888201288916e-29,5.748888201281738e-29,5.748888201281586e-29,5.748888201246089e-29,5.748888201249622e-29,5.748888201248089e-29,5.748888201250568e-29,5.748888201249689e-29,5.748888201256626e-29,5.748888201268278e-29,5.748888201268627e-29,5.748888201267661e-29,5.748888201267372e-29,5.748888201328468e-29,5.748888201328517e-29,5.748888201328511e-29,5.748888201329066e-29,5.748888201330724e-29,5.748888201330675e-29,5.74888820132874e-29,5.748888201378893e-29,5.748888201377977e-29,5.748888201366975e-29,5.748888201366706e-29,5.748888201367837e-29,5.748888201478005e-29,5.748888201478334e-29,5.748888201468842e-29,5.748888201471088e-29,5.748888201454237e-29,5.748888201451338e-29,5.748888201451974e-29,5.748888201459962e-29,5.748888201460004e-29,5.748888201458359e-29,5.748888201458824e-29,5.748888201456831e-29,5.74888820145681e-29,5.748888201456884e-29,5.748888201403601e-29,5.748888201438996e-29,5.748888201439008e-29,5.7488882014562e-29,5.748888201455847e-29,5.748888201421535e-29,5.748888201422303e-29,5.748888201420728e-29,5.748888201420349e-29,5.74888820141803e-29,5.748888201417014e-29,5.748888201415892e-29,5.748888201415542e-29,5.748888201430969e-29,5.748888201397238e-29,5.748888201396158e-29,5.748888201018879e-29,5.748888201003634e-29,5.748888201010785e-29,5.748888200108443e-29,5.748888200108439e-29,5.748888200118379e-29,5.748888200120417e-29,5.748888200120465e-29,5.74888820012048e-29,5.748888200120537e-29,5.748888200120403e-29,5.748888200121126e-29,5.748888200065958e-29,5.748888200065279e-29,5.748888200112635e-29,5.748888200112917e-29,5.748888200112932e-29,5.748888200270254e-29,5.748888200270485e-29,5.74888820026382e-29,5.748888200332249e-29,5.748888200332259e-29,5.748888200534413e-29,5.748888199881588e-29,5.748888199903401e-29,5.748888199903439e-29,5.748888199904604e-29,5.748888199920597e-29,5.748888199918626e-29,5.748888199919682e-29,5.748888199919592e-29,5.748888199919351e-29,5.748888199918969e-29,5.74888819991875e-29,5.7488881999191e-29,5.748888199913728e-29,5.748888199939455e-29,5.748888199872756e-29,5.748888199872137e-29,5.748888199849245e-29,5.748888199846746e-29,5.748888199841796e-29,5.748888199853021e-29,5.748888199853048e-29,5.748888199873153e-29,5.748888199873126e-29,5.748888199882309e-29,5.748888199882708e-29,5.748888199882857e-29,5.748888199852824e-29,5.748888199853065e-29,5.748888199874175e-29,5.748888199871934e-29,5.748888199871121e-29,5.748888199848686e-29,5.748888199848701e-29,5.748888199849119e-29,5.748888199847888e-29,5.748888199904422e-29,5.748888199904508e-29,5.748888199874206e-29,5.748888199874712e-29,5.748888199874702e-29,5.748888772417701e-29,5.748888772417417e-29,5.748888772418321e-29,5.748888772421353e-29,5.748888772420841e-29,5.748888772433638e-29,5.748888772433606e-29,5.748888772371862e-29,5.748888772371817e-29,5.748888772395612e-29,5.74888877232032e-29,5.748888772216095e-29,5.748888772217148e-29,5.748888772224001e-29,5.748888772211204e-29,5.748888772211468e-29,5.748888782032996e-29,5.74888878197889e-29,5.7488887820599e-29,5.748888782061264e-29,5.748888782061213e-29,5.748888780621338e-29,5.748888780591854e-29,5.748888780591897e-29,5.748888780579637e-29,5.74888878057938e-29,5.748888780579059e-29,5.7488887805793e-29,5.748888780577657e-29,5.748888780575163e-29,5.74888878057634e-29,5.748888780589586e-29,5.748888780592529e-29,5.748888780593234e-29,5.748888780593503e-29,5.748888780594284e-29,5.748888780229722e-29,5.748888780233495e-29,5.748888779515813e-29,5.748888779515547e-29,5.748888779514998e-29,5.748888779514711e-29,5.748888779513225e-29,5.748888779991933e-29,5.748888779985264e-29,5.748888779985297e-29,5.7488887799851e-29,5.748888779984936e-29,5.748888780013551e-29,5.748888780014348e-29,5.748888780014347e-29,5.748888780001432e-29,5.748888780000225e-29,5.748888779999718e-29,5.74888877999959e-29,5.74888877999725e-29,5.74888877999664e-29,5.748888780007897e-29,5.748888846361759e-29,5.748888846390501e-29,5.7488888463913e-29,5.748888846392372e-29,5.748888846392053e-29,5.748888846400387e-29,5.748888846383104e-29,5.748888846383657e-29,5.748888846377302e-29,5.748888846377575e-29,5.748888846379265e-29,5.748888847220039e-29,5.748888847217308e-29,5.748888847213468e-29,5.748888847209345e-29,5.748888847252651e-29,5.748888847252215e-29,5.748888847250992e-29,5.74888884725217e-29,5.748888847252159e-29,5.748888847077003e-29,5.748888847076788e-29,5.748888847040652e-29,5.748888847040576e-29,5.748888847040353e-29,5.748888847040388e-29,5.748888847059097e-29,5.748888847061146e-29,5.7488888470651e-29,5.748888847064388e-29,5.748888847063761e-29,5.748888847062094e-29,5.748888847062375e-29,5.748888847061354e-29,5.748888841573872e-29,5.74888884156954e-29,5.748888841568766e-29,5.748888841506484e-29,5.74888884150542e-29,5.748888841504556e-29,5.748888841504518e-29,5.748888841502748e-29,5.748888841504128e-29,5.748888841582644e-29,5.748888841580187e-29,5.74888884158078e-29,5.748888841581888e-29,5.74888884158193e-29,5.748888841799993e-29,5.74888884179965e-29,5.748888841798789e-29,5.748888841798878e-29,5.748888841800118e-29,5.748888841799982e-29,5.748888841799953e-29,5.748888841840864e-29,5.748888841865965e-29,5.748888841866613e-29,5.748888841866357e-29,5.748888841840383e-29,5.748888841838009e-29,5.748888841847295e-29,5.748888841845558e-29,5.748888841844911e-29,5.748888841844404e-29,5.748888841841716e-29,5.748888841847201e-29,5.74888884184645e-29,5.748888841834682e-29,5.748888841884802e-29,5.748888841890877e-29,5.748888841895402e-29,5.748888841887138e-29,5.748888841883853e-29,5.748888841885952e-29,5.748888841884995e-29,5.748888841887664e-29,5.748888841887333e-29,5.748888841889519e-29,5.748888841889436e-29,5.748888841890444e-29,5.748888841891099e-29,5.74888884189144e-29,5.748888841889451e-29,5.748888841873346e-29,5.7488888418733e-29,5.748888841840917e-29,5.748888841840857e-29,5.748888841840828e-29,5.748888841835206e-29,5.748888841835316e-29,5.748888841788367e-29,5.74888884177733e-29,5.748888841777292e-29,5.748888841760273e-29,5.748888841750188e-29,5.748888841752002e-29,5.74888884175027e-29,5.74888884175191e-29,5.748888841751887e-29,5.748888841751866e-29,5.74888884176044e-29,5.74888884176115e-29,5.748888841766336e-29,5.748888841763416e-29,5.748888841762359e-29,5.748888843978289e-29,5.748888843978002e-29,5.748888843849886e-29,5.748888843829328e-29,5.748888843830502e-29,5.748888843844099e-29,5.748888843855922e-29,5.748888843856162e-29,5.748888843855967e-29,5.748888843855806e-29,5.748888843859076e-29,5.748888843859207e-29,5.748888843860778e-29,5.748888843851053e-29,5.74888884384839e-29,5.748888843848457e-29,5.748888843848338e-29,5.748888843848623e-29,5.748888843847789e-29,5.748888844090457e-29,5.748888844089385e-29,5.748888844089116e-29,5.748888844089123e-29,5.748888844087205e-29,5.748888844054582e-29,5.748888844056102e-29,5.74888884422189e-29,5.748888844221746e-29,5.748888844222672e-29,5.748888844222667e-29,5.748888844222009e-29,5.748888844221801e-29,5.748888844224917e-29,5.748888844224863e-29,5.748888844225147e-29,5.748888844225872e-29,5.74888884422264e-29,5.74888884422301e-29,5.748888844207216e-29,5.748888844207374e-29,5.748888844209203e-29,5.748888844211217e-29,5.748888844213435e-29,5.748888844212352e-29,5.748888844212542e-29,5.748888844250643e-29,5.748888844250237e-29,5.748888844247688e-29,5.748888844287777e-29,5.748888844312294e-29,5.748888844314422e-29,5.748888844314287e-29,5.748888844317335e-29,5.748888844316896e-29,5.748888844316762e-29,5.748888844314814e-29,5.748888844315111e-29,5.748888844317527e-29,5.748888844403659e-29,5.748888844404012e-29,5.74888884432395e-29,5.748888844314576e-29,5.748888844315188e-29,5.748888844314917e-29,5.748888844306291e-29,5.74888884430652e-29,5.748888844307119e-29,5.748888844205735e-29,5.748888844205504e-29,5.748888844205861e-29,5.748888844205705e-29,5.74888884420584e-29,5.748888844249766e-29,5.748888844315926e-29,5.748888844320523e-29,5.748888844328803e-29,5.748888844473385e-29,5.748888844435307e-29,5.748888844436097e-29,5.748888844435886e-29,5.748888844433187e-29,5.748888844433439e-29,5.748888844433857e-29,5.748888844433524e-29,5.748888846389067e-29,5.748888846389041e-29,5.748888846344347e-29,5.748888846344572e-29,5.748888846386598e-29,5.748888846389193e-29,5.74888884638165e-29,5.74888884638198e-29,5.748888846384003e-29,5.748888846384903e-29,5.748888846384417e-29,5.748888846387183e-29,5.748888846383556e-29,5.74888884638524e-29,5.748888846384466e-29,5.748888846377054e-29,5.748888846376068e-29,5.748888846375308e-29,5.748888846317987e-29,5.748888846317875e-29,5.748888846317879e-29,5.748888846318394e-29,5.748888846322069e-29,5.748888846321951e-29,5.748888846320996e-29,5.748888846377626e-29,5.748888846687609e-29,5.74888884680524e-29,5.748888846804286e-29,5.748888846804282e-29,5.748888846804686e-29,5.748888846803991e-29,5.748888846806321e-29,5.748888846723554e-29,5.748888846722364e-29,5.748888846711016e-29,5.748888846710961e-29,5.74888884671042e-29,5.74888884670936e-29,5.748888846709646e-29,5.748888846709783e-29,5.748888846711964e-29,5.748888846753527e-29,5.748888846754508e-29,5.748888846754968e-29,5.748888846755299e-29,5.74888884676374e-29,5.748888846765539e-29,5.748888846765678e-29,5.748888846104335e-29,5.748888846108419e-29,5.748888846106672e-29,5.748888846107322e-29,5.748888846134218e-29,5.748888846130649e-29,5.74888884613568e-29,5.748888846136964e-29,5.748888846134705e-29,5.748888846134473e-29,5.748888846110837e-29,5.748888846129916e-29,5.74888884616731e-29,5.748888846167657e-29,5.748888846168705e-29,5.74888884617008e-29,5.748888846155743e-29,5.748888846097494e-29,5.748888846058405e-29,5.748888846423756e-29,5.748888846417319e-29,5.748888846389593e-29,5.74888884639058e-29,5.748888846390316e-29,5.748888846390384e-29,5.748888846387985e-29,5.74888884638841e-29,5.748888846387906e-29,5.748888846387831e-29,5.748888846388113e-29,5.748888846387535e-29,5.748888846387788e-29,5.748888846390866e-29,5.748888846408618e-29,5.748888846407882e-29,5.748888846408494e-29,5.748888846411806e-29,5.748888846345946e-29,5.748888846345652e-29,5.748888846344057e-29,5.74888884634343e-29,5.748888846347021e-29,5.748888846344765e-29,5.74888884634464e-29,5.748888846345762e-29,5.748888846345634e-29,5.748888846348923e-29,5.748888846390202e-29,5.748888846390301e-29,5.748888846341552e-29,5.748888846341657e-29,5.74888884634642e-29,5.748888846231298e-29,5.748888846231523e-29,5.748888846223583e-29,5.748888846222737e-29,5.7488888462241e-29,5.748888846224072e-29,5.748888846224073e-29,5.748888846224523e-29,5.748888846224482e-29,5.748888845922729e-29,5.748888845923262e-29,5.748888845921871e-29,5.748888845922526e-29,5.748888845922223e-29,5.748888845920338e-29,5.748888845918533e-29,5.748888845927825e-29,5.74888884594966e-29,5.748888845951405e-29,5.748888845950881e-29,5.74888884594435e-29,5.748888845944353e-29,5.748888845944443e-29,5.748888845944293e-29,5.748888845953098e-29,5.74888884597155e-29,5.748888845970654e-29,5.7488888459708e-29,5.748888845970937e-29,5.748888845973126e-29,5.748888845979704e-29,5.748888845981666e-29,5.74888884597985e-29,5.748888845961531e-29,5.748888845961006e-29,5.748888845968209e-29,5.748888845971111e-29,5.748888845974523e-29,5.748888845975707e-29,5.748888845976075e-29,5.748888845976078e-29,5.748888845976658e-29,5.748888845976631e-29,5.748888845982732e-29,5.748888845990647e-29,5.748888845990655e-29,5.748888845990685e-29,5.748888845990278e-29,5.748888845989438e-29,5.748888845988909e-29,5.748888845988887e-29,5.748888845990742e-29,5.74888884598545e-29,5.748888845985316e-29,5.748888845985437e-29,5.74888884598372e-29,5.748888845985009e-29,5.748888845986962e-29,5.748888845986961e-29,5.748888845987119e-29,5.748888845985101e-29,5.748888845979672e-29,5.748888845979437e-29,5.74888884597975e-29,5.748888845979395e-29,5.748888845979358e-29,5.748888845979239e-29,5.748888845979879e-29,5.748888845975941e-29,5.748888845980551e-29,5.748888846023313e-29,5.748888846018578e-29,5.748888846018577e-29,5.748888846018906e-29,5.74888884601891e-29,5.748888846018852e-29,5.748888846009262e-29,5.748888846009853e-29,5.748888846019474e-29,5.748888846019606e-29,5.748888846017791e-29,5.748888846017439e-29,5.74888884600725e-29,5.748888845989324e-29,5.748888845989486e-29,5.748888845989089e-29,5.748888845993142e-29,5.748888845993139e-29,5.748888845993409e-29,5.748888845993465e-29,5.748888846050564e-29,5.748888846051043e-29,5.748888846067522e-29,5.748888846067813e-29,5.748888846068416e-29,5.748888846072966e-29,5.748888846070103e-29,5.748888846070104e-29,5.748888846070159e-29,5.74888884607022e-29,5.748888846070316e-29,5.748888846073996e-29,5.748888846074772e-29,5.748888846118535e-29,5.74888884612528e-29,5.748888846123098e-29,5.74888884612306e-29,5.748888846126334e-29,5.748888846124456e-29,5.748888846112248e-29,5.748888846112145e-29,5.748888846098032e-29,5.748888846097989e-29,5.748888846089279e-29,5.748888846089331e-29,5.74888884902851e-29,5.748888849016852e-29,5.748888849010316e-29,5.748888849010105e-29,5.748888849010182e-29,5.748888849010139e-29,5.748888848997818e-29,5.748888848997648e-29,5.74888884899758e-29,5.74888884899824e-29,5.748889002703515e-29,5.748889002704345e-29,5.74888900270476e-29,5.748889002710841e-29,5.748889002752545e-29,5.748889002748694e-29,5.74888900274867e-29,5.748889002753433e-29,5.748889002796216e-29,5.748889002796215e-29,5.74888900279619e-29,5.748889002786966e-29,5.748889002784338e-29,5.748889002790751e-29,5.74888900279071e-29,5.748889002769058e-29,5.748889002689585e-29,5.748889002708401e-29,5.748889002710395e-29,5.748889002710927e-29,5.748889002710772e-29,5.748889002711941e-29,5.748889002710778e-29,5.748889002706071e-29,5.748889002701922e-29,5.748889002701926e-29,5.748889002701856e-29,5.748889002702345e-29,5.748889006077363e-29,5.748889006117648e-29,5.748889006114384e-29,5.748889006113488e-29,5.74888900611356e-29,5.748889006112903e-29,5.748889006120619e-29,5.748889006120794e-29,5.748889006090422e-29,5.748889005729743e-29,5.748889005732337e-29,5.748889005718619e-29,5.748889005718291e-29,5.748889005735727e-29,5.748889005735727e-29,5.748889005750307e-29,5.748889005750187e-29,5.748889005727366e-29,5.748889005727744e-29,5.74888900572891e-29,5.748889005722764e-29,5.748889005728673e-29,5.748889005731136e-29,5.748889005730792e-29,5.748889005730797e-29,5.748889005730782e-29,5.748889005742847e-29,5.748889005750128e-29,5.748889005748852e-29,5.748889005702608e-29,5.748889005706305e-29,5.748889005706307e-29,5.748889005707857e-29,5.748889005712186e-29,5.748889005723522e-29,5.748889005723521e-29,5.748889005721799e-29,5.748889005721804e-29,5.748889005729766e-29,5.748889005723582e-29,5.748889005723582e-29,5.748889005719424e-29,5.748889005705058e-29,5.748889005705243e-29,5.748889005705254e-29,5.748889005705814e-29,5.748889005736421e-29,5.748889005736422e-29,5.748889005749849e-29,5.748889005750113e-29,5.748889005749243e-29,5.748889005781696e-29,5.748889005781696e-29,5.748889006253434e-29,5.748889006254531e-29,5.748889006254251e-29,5.74888900633599e-29,5.748889006336001e-29,5.748889006336001e-29,5.748889006336003e-29,5.748889006328749e-29,5.748889006329631e-29,5.748889006268877e-29,5.748889006264945e-29,5.748889006265875e-29,5.748889006264864e-29,5.748889006266676e-29,5.748889006249713e-29,5.748889006246307e-29,5.748889006240741e-29,5.748889006234065e-29,5.748889005835503e-29,5.74888900583561e-29,5.748889007749082e-29,5.748889007749055e-29,5.74888900864963e-29,5.748889008649567e-29,5.748889008649573e-29,5.748889008649795e-29,5.748889008655654e-29,5.748889008655609e-29,5.748889008649651e-29,5.748889008647313e-29,5.748889008647317e-29,5.748889008647463e-29,5.748889008647485e-29,5.748889008018887e-29,5.748889031570095e-29,5.748889031569785e-29,5.748889031571923e-29,5.748889031571934e-29,5.748889031566446e-29,5.748889031578061e-29,5.74888903156722e-29,5.748889031605086e-29,5.748889031605081e-29,5.74888903160509e-29,5.748889031605093e-29,5.748889031605098e-29,5.748889031605126e-29,5.748889031614399e-29,5.748889031614386e-29,5.74888903158589e-29,5.748889031578872e-29,5.748889031589607e-29,5.748889031589095e-29,5.748889031577527e-29,5.748889031577486e-29,5.748889031569602e-29,5.748889031453652e-29,5.748889031454112e-29,5.748889031454133e-29,5.748889031459835e-29,5.748889031459993e-29,5.748889031484054e-29,5.748889031484251e-29,5.748889031497181e-29,5.748889031508871e-29,5.748889031509798e-29,5.748889031514161e-29,5.748889031513863e-29,5.748889031513832e-29,5.748889031513834e-29,5.748889031513816e-29,5.748889031522917e-29,5.74888903152273e-29,5.748889031522733e-29,5.748889031522751e-29,5.748889031519372e-29,5.748889031519385e-29,5.74888903151954e-29,5.748889031287065e-29,5.748889031287068e-29,5.748889031287241e-29,5.748889031269553e-29,5.748889031274713e-29,5.748889031275034e-29,5.748889031274659e-29,5.748889031274884e-29,5.748889031394446e-29,5.74888903139829e-29,5.74888903139829e-29,5.748889031398276e-29,5.748889031398279e-29,5.748889031398271e-29,5.748889031398909e-29,5.74888903139891e-29,5.748889031396084e-29,5.748889031396077e-29,5.748889031396077e-29,5.748889031389641e-29,5.748889031389615e-29,5.748889031389543e-29,5.748889031377459e-29,5.748889031359756e-29,5.748889027414168e-29,5.748889027379335e-29,5.748889027379128e-29,5.74888902737927e-29,5.748889027377868e-29,5.748889027377823e-29,5.748889027379216e-29,5.748889027381295e-29,5.748889027381294e-29,5.748889027409069e-29,5.748889027445605e-29,5.748889027443169e-29,5.748889027443387e-29,5.74888902744309e-29,5.748889027441617e-29,5.748889027441388e-29,5.748889027441392e-29,5.748889027446917e-29,5.748889027447111e-29,5.748889027452678e-29,5.748889027366726e-29,5.748889027366726e-29,5.748889027366719e-29,5.748889027384343e-29,5.748889027384046e-29,5.748889027387822e-29,5.748889027393078e-29,5.748889027392307e-29,5.748889027392025e-29,5.748889027390631e-29,5.748889027390634e-29,5.748889027390683e-29,5.748889027390204e-29,5.748889027390196e-29,5.748889027390444e-29,5.748889027388668e-29,5.748889027386533e-29,5.748889027386515e-29,5.748889027386507e-29,5.748889027385988e-29,5.748889027258369e-29,5.748889027271425e-29,5.748889027273402e-29,5.74888902727326e-29,5.748889027276526e-29,5.748889027276405e-29,5.74888902726999e-29,5.748889027265641e-29,5.748889027265663e-29,5.7488890272658e-29,5.748889027265799e-29,5.748889027266373e-29,5.748889027266761e-29,5.748889027266309e-29,5.748889027266311e-29,5.748889027266672e-29,5.748889027266386e-29,5.748889027282037e-29,5.748889027282038e-29,5.748889027290369e-29,5.748889027292396e-29,5.748889027292398e-29,5.748889027292396e-29,5.748889027292412e-29,5.748889027293305e-29,5.7488890272939e-29,5.748889027296928e-29,5.748889027297191e-29,5.748889027246098e-29,5.748889027260558e-29,5.748889027260533e-29,5.748889027277435e-29,5.74888902727679e-29,5.748889027276796e-29,5.748889027274067e-29,5.748889027274143e-29,5.748889027273506e-29,5.748889027317894e-29,5.748889027322497e-29,5.74888902732246e-29,5.748889027327686e-29,5.748889027327986e-29,5.748889027328078e-29,5.748889027323151e-29,5.748889027326343e-29,5.748889027330681e-29,5.748889027331984e-29,5.74888902726233e-29,5.748889027267114e-29,5.748889027288053e-29,5.748889027340791e-29,5.748889027335676e-29,5.748889027348884e-29,5.748889027355085e-29,5.748889027355689e-29,5.748889027357137e-29,5.748889027357133e-29,5.748889027356976e-29,5.748889027362996e-29,5.748889027362993e-29,5.748889027260952e-29,5.748889027263529e-29,5.748889027308254e-29,5.748889027279948e-29,5.748889027278235e-29,5.748889027278979e-29,5.748889027278948e-29,5.748889027245081e-29,5.748889027254555e-29,5.748889027228047e-29,5.748889027218907e-29,5.748889027225311e-29,5.74888902722531e-29,5.748889027226844e-29,5.748889027227359e-29,5.748889027227445e-29,5.748889027227183e-29,5.748889027227105e-29,5.748889027227304e-29,5.748889027265024e-29,5.748889027277357e-29,5.748889027277393e-29,5.748889027277395e-29,5.748889027276075e-29,5.748889027275043e-29,5.748889027274943e-29,5.748889027273916e-29,5.748889027287029e-29,5.748889027287332e-29,5.748889027273646e-29,5.748889027304924e-29,5.748889027270971e-29,5.748889027228284e-29,5.748889027231386e-29,5.748889027233115e-29,5.748889027233185e-29,5.748889027233176e-29,5.748889027232348e-29,5.748889027232349e-29,5.748889027218771e-29,5.748889027218874e-29,5.748889027219913e-29,5.74888902721961e-29,5.748889027237189e-29,5.748889027237189e-29,5.748889027244508e-29,5.748889027259612e-29,5.748889027260476e-29,5.748889027260959e-29,5.74888902725899e-29,5.748889027259472e-29,5.748889027202024e-29,5.748889027228167e-29,5.748889027229485e-29,5.748889027229403e-29,5.748889027230336e-29,5.748889027230972e-29,5.74888902723081e-29,5.74888902723763e-29,5.748889027237214e-29,5.748889027236386e-29,5.748889027232813e-29,5.748889027402812e-29,5.748889027406235e-29,5.748889027417147e-29,5.748889027466959e-29,5.748889027232596e-29,5.748889027334687e-29,5.748889027337431e-29,5.7488890273261e-29,5.748889027187723e-29,5.748889027187774e-29,5.748889027183162e-29,5.748889027190145e-29,5.748889027235221e-29,5.748889027301081e-29,5.748889027305125e-29,5.748889027284015e-29,5.748889027089553e-29,5.748889027009994e-29,5.748889027010016e-29,5.748889027007387e-29,5.748889026966639e-29,5.748889026974947e-29,5.748889026968221e-29,5.748889026973595e-29,5.748889026969523e-29,5.748889026978548e-29,5.748889026979806e-29,5.748889026994284e-29,5.748889026954833e-29,5.748889026958892e-29,5.748889026948178e-29,5.748889026942214e-29,5.748889026932154e-29,5.748889026935134e-29,5.748889026936393e-29,5.748889026936136e-29,5.748889026932428e-29,5.748889026902458e-29,5.748889026853232e-29,5.748889026902252e-29,5.748889026915946e-29,5.748889026921153e-29,5.748889026975904e-29,5.748889026954621e-29,5.748889026938225e-29,5.748889026945354e-29,5.748889026945572e-29,5.748889026942093e-29,5.748889026990318e-29,5.748889026908405e-29,5.748889026920367e-29,5.748889026920769e-29,5.74888902109378e-29,5.7488890210967e-29,5.748889021015235e-29,5.748889021013258e-29,5.748889021013797e-29,5.74888902101733e-29,5.748889023076604e-29,5.748889023076403e-29,5.74888902309951e-29,5.748889023097996e-29,5.748889023092029e-29,5.748889023100148e-29,5.748889023142717e-29,5.748889023140513e-29,5.748889023191582e-29,5.748889023193997e-29,5.748889024267129e-29,5.748889024411342e-29,5.748889024411108e-29,5.748889024432016e-29,5.748889024431861e-29,5.74888902444569e-29,5.748889024529337e-29,5.74888902457974e-29,5.74888902457457e-29,5.748889024808658e-29,5.748889024813049e-29,5.748889024816392e-29,5.748889024838259e-29,5.748889024717089e-29,5.748889024686455e-29,5.748889024691715e-29,5.748889024707239e-29,5.748889024707266e-29,5.74888902479007e-29,5.748889024771547e-29,5.748889024770292e-29,5.748889024765887e-29,5.748889024793306e-29,5.748889024786642e-29,5.748889024790301e-29,5.74888902493302e-29,5.748889024825763e-29,5.748889022253883e-29,5.748889022253194e-29,5.74888902225608e-29,5.748889022288132e-29,5.748889022291651e-29,5.748889022293427e-29,5.748889022321052e-29,5.748889022334856e-29,5.748889022335441e-29,5.748889022326958e-29,5.748889022332204e-29,5.748889022337838e-29,5.748889022305582e-29,5.748889022304843e-29,5.748889022275122e-29,5.748889022273247e-29,5.748889022250786e-29,5.748889022279236e-29,5.748889022279294e-29,5.748889022278837e-29,5.748889022280325e-29,5.748889022223252e-29,5.748889022217243e-29,5.748889022180166e-29,5.748889022038897e-29,5.74888902177622e-29,5.748889021770402e-29,5.748889021727395e-29,5.748889021726177e-29,5.748889021731982e-29,5.748889021723319e-29,5.748889021599589e-29,5.748889021598816e-29,5.748889021606722e-29,5.748889021598311e-29,5.748889021582074e-29,5.748889021536887e-29,5.74888902153679e-29,5.748889021352504e-29,5.748889021359603e-29,5.74888902135954e-29,5.748889021358921e-29,5.74888902136334e-29,5.748889021363734e-29,5.748889021359059e-29,5.748889021443533e-29,5.748889021461236e-29,5.748889021465757e-29,5.748889021464329e-29,5.748889021464144e-29,5.74888902147853e-29,5.748889021488327e-29,5.748889021494157e-29,5.748889021676282e-29,5.748889021694655e-29,5.748889021692925e-29,5.748889021689002e-29,5.748889021690523e-29,5.748889023481361e-29,5.748889029528236e-29,5.748889029533682e-29,5.74888902953702e-29,5.748889029523987e-29,5.74888903053445e-29,5.748889030507043e-29,5.748889030506528e-29,5.748889030509225e-29,5.748889030452254e-29,5.748889030450722e-29,5.748889030447616e-29,5.748889030447291e-29,5.748889030447078e-29,5.748889030659821e-29,5.748889030659774e-29,5.748889030660809e-29,5.748889030660836e-29,5.748889030651673e-29,5.748889030645347e-29,5.748889030644832e-29,5.748889030615985e-29,5.7488890306245e-29,5.748889030622365e-29,5.748889030626337e-29,5.748889030626254e-29,5.748889030624469e-29,5.748889030619727e-29,5.748889030626313e-29,5.748889030627268e-29,5.748889030629164e-29,5.74888903063569e-29,5.748889030637481e-29,5.748889030643237e-29,5.74888903065272e-29,5.748889029963861e-29,5.748889029966209e-29,5.748889029942677e-29,5.748889029942637e-29,5.748889029942054e-29,5.748889029946372e-29,5.748889029946369e-29,5.748889029947626e-29,5.748889029896359e-29,5.748889029896175e-29,5.748889029896321e-29,5.7488890298972e-29,5.748889029891578e-29,5.74888902989167e-29,5.74888902989244e-29,5.74888902988184e-29,5.748889029836316e-29,5.748889029836339e-29,5.748889029836694e-29,5.748889029836519e-29,5.748889029829098e-29,5.748889029824158e-29,5.748889029823533e-29,5.74888903005015e-29,5.748889030050148e-29,5.748889030052968e-29,5.748889030060843e-29,5.748889030059768e-29,5.748889030034621e-29,5.748889030050409e-29,5.748889030051762e-29,5.748889030050095e-29,5.748889030038762e-29,5.748889030112712e-29,5.748889030112069e-29,5.748889030116428e-29,5.74888903019488e-29,5.748889030192231e-29,5.748889030238876e-29,5.748889030257475e-29,5.748889029163912e-29,5.748889029180067e-29,5.748889029180843e-29,5.748889029178217e-29,5.748889029178058e-29,5.748889029178548e-29,5.748889029178241e-29,5.748889029181052e-29,5.74888902918107e-29,5.748889029180809e-29,5.748889029192129e-29,5.748889029194758e-29,5.748889029196199e-29,5.748889029193287e-29,5.748889029202968e-29,5.748889029200913e-29,5.748889029199694e-29,5.748889029188524e-29,5.74888902917073e-29,5.748889029136177e-29,5.748889029164153e-29,5.748889029156714e-29,5.748889029158365e-29,5.748889029158776e-29,5.748889029159555e-29,5.748889029159072e-29,5.748889029158784e-29,5.748889029158749e-29,5.748889029187497e-29,5.748889029188053e-29,5.748889029187255e-29,5.74888902918733e-29,5.748889029182412e-29,5.748889029187737e-29,5.74888902918726e-29,5.74888902918916e-29,5.748889029244142e-29,5.74888902924384e-29,5.74888902924391e-29,5.748889029242123e-29,5.748889029249646e-29,5.748889029249624e-29,5.748889029235593e-29,5.748889029233262e-29,5.748889029236745e-29,5.748889029403293e-29,5.74888902947876e-29,5.748889029478742e-29,5.748889029484053e-29,5.748889029475864e-29,5.748889029475843e-29,5.748889029452191e-29,5.748889029451134e-29,5.748889029444574e-29,5.748889029443511e-29,5.748889029450188e-29,5.748889029452282e-29,5.748889029445668e-29,5.74888902944514e-29,5.748889029403993e-29,5.748889029405101e-29,5.748889029393518e-29,5.748889029392829e-29,5.748889029395516e-29,5.748889029395558e-29,5.748889029424303e-29,5.7488890294129e-29,5.748889029412842e-29,5.74888902941268e-29,5.748889029426344e-29,5.748889029426136e-29,5.74888902942533e-29,5.748889029425296e-29,5.748889029440967e-29,5.748889029440913e-29,5.74888902945283e-29,5.748889029431286e-29,5.74888902943046e-29,5.748889029428352e-29,5.748889029409781e-29,5.748889029407903e-29,5.748889029409064e-29,5.748889029407515e-29,5.748889029405963e-29,5.748889029408045e-29,5.748889029406409e-29,5.748889029396026e-29,5.748889029395083e-29,5.748889029393119e-29,5.748889029351943e-29,5.74888902935662e-29,5.7488890293592e-29,5.748889029357973e-29,5.748889029352108e-29,5.748889029351675e-29,5.748889029351944e-29,5.748889029353087e-29,5.748889029350158e-29,5.748889029350191e-29,5.748889029366268e-29,5.748889029366099e-29,5.74888902936585e-29,5.748889029359917e-29,5.748889029355766e-29,5.748889029355887e-29,5.748889029356583e-29,5.748889029356466e-29,5.748889029626982e-29,5.748889029631695e-29,5.748889029612148e-29,5.748889029613142e-29,5.748889029615331e-29,5.748889029628842e-29,5.748889029696752e-29,5.748889029741411e-29,5.748889029754462e-29,5.748889029970353e-29,5.748889030035825e-29,5.748889030038233e-29,5.748889030046304e-29,5.748889029747993e-29,5.748889029756461e-29,5.748889029757803e-29,5.748889029770325e-29,5.748889029770332e-29,5.74888902976656e-29,5.74888902979284e-29,5.748889029797683e-29,5.748889029797473e-29,5.748889029831674e-29,5.748889029860524e-29,5.748889029842255e-29,5.748889029842758e-29,5.748889029842763e-29,5.748889029843441e-29,5.748889029831064e-29,5.748889029834173e-29,5.748889029834251e-29,5.748889029831958e-29,5.748889029874887e-29,5.748889029742021e-29,5.748889029740967e-29,5.74888902975464e-29,5.748889029754689e-29,5.74888902975333e-29,5.748889032759615e-29,5.748889032760264e-29,5.748889032752248e-29,5.74888903345041e-29,5.748889033278134e-29,5.74888864278699e-29,5.748888642788215e-29,5.748888642788599e-29,5.748888642770921e-29,5.74888864277417e-29,5.748888642792892e-29,5.748888642707841e-29,5.748888642697613e-29,5.748888642775342e-29,5.748888642830958e-29,5.748888642786705e-29,5.748888642797143e-29,5.748888642793754e-29,5.748888642795797e-29,5.748888642795782e-29,5.748888642788999e-29,5.748888642773904e-29,5.748888642773163e-29,5.748888642760749e-29,5.748888642723792e-29,5.748888642728569e-29,5.748888642602192e-29,5.748888642602275e-29,5.74888864260213e-29,5.7488886426127e-29,5.748888642609651e-29,5.74888864260729e-29,5.748888642605709e-29,5.748888642606965e-29,5.748888642606949e-29,5.748888642607021e-29,5.748888642611706e-29,5.748888642611596e-29,5.748888642612459e-29,5.748888642603414e-29,5.748888642604821e-29,5.748888642605028e-29,5.748887722189979e-29,5.748887722147733e-29,5.748887722146511e-29,5.748887722146315e-29,5.748887722147144e-29,5.748887722148844e-29,5.748887722146845e-29,5.748887722146081e-29,5.748887722141201e-29,5.748887722145326e-29,5.748887722150483e-29,5.748887722137516e-29,5.7488877221409e-29,5.748887722131043e-29,5.748887722131378e-29,5.748887722135545e-29,5.7488877221377e-29,5.748887722137703e-29,5.74888772213734e-29,5.74888772213676e-29,5.748887722207727e-29,5.748887722208177e-29,5.748887722085258e-29,5.748887722086351e-29,5.748887722075796e-29,5.748887722064589e-29,5.748887722050986e-29,5.748887722398524e-29,5.748887722405001e-29,5.748887722404844e-29,5.748887722468387e-29,5.748887722497296e-29,5.74888772247704e-29,5.748887722460302e-29,5.748887722460607e-29,5.74888772244677e-29,5.748887722448872e-29,5.748887722445994e-29,5.748887722453564e-29,5.748887722481585e-29,5.748887722227825e-29,5.748887722232447e-29,5.748887722233942e-29,5.74888772223358e-29,5.748887722232546e-29,5.748887722231983e-29,5.748887722225166e-29,5.748887722225534e-29,5.748887722206494e-29,5.748887722206448e-29,5.748887722206449e-29,5.748887722257575e-29,5.748887722257644e-29,5.748887722270921e-29,5.74888772227355e-29,5.748887722273468e-29,5.748887721977072e-29,5.74888772161693e-29,5.74888772161765e-29,5.74888772147416e-29,5.748887720950687e-29,5.748887720950199e-29,5.748887720943743e-29,5.748887720943589e-29,5.748887720958242e-29,5.748887720958259e-29,5.748887720948943e-29,5.748887720950629e-29,5.748887720954358e-29,5.748887720954355e-29,5.748887720954341e-29,5.748887720954387e-29,5.748887720954361e-29,5.748887720950731e-29,5.748887720951615e-29,5.748887720950894e-29,5.748887720950106e-29,5.748887783166862e-29,5.748887783166642e-29,5.74888778316728e-29,5.748887783159962e-29,5.748887783160017e-29,5.748887783125836e-29,5.748887783125789e-29,5.748887783124947e-29,5.748887783114094e-29,5.748887783116333e-29,5.748887783116258e-29,5.748887783116947e-29,5.748887783131596e-29,5.748887783131782e-29,5.748887783131594e-29,5.748887783139624e-29,5.748887783140423e-29,5.748887783130033e-29,5.748887783130299e-29,5.748887783130781e-29,5.748887783131986e-29,5.748887783137336e-29,5.748887783146969e-29,5.748887783146942e-29,5.748887783147566e-29,5.748887783147566e-29,5.748887780420613e-29,5.748887780427647e-29,5.748887780419616e-29,5.748887780398825e-29,5.748887780398557e-29,5.748887780398594e-29,5.748887780397534e-29,5.748887780397653e-29,5.748887780399606e-29,5.748887780005097e-29,5.748887779980819e-29,5.748887778816793e-29,5.74888777881908e-29,5.748887778850985e-29,5.748887778850541e-29,5.748887778849262e-29,5.748887778849275e-29,5.748887778849777e-29,5.748887778859973e-29,5.748887778859897e-29,5.748887778859887e-29,5.748887778857608e-29,5.74888777885751e-29,5.748887778866763e-29,5.748887778866713e-29,5.748887778864653e-29,5.748887778868435e-29,5.748887778870097e-29,5.748887778897247e-29,5.748887778957851e-29,5.748887778958665e-29,5.748887778662383e-29,5.748887778662844e-29,5.748887778707724e-29,5.748887778724617e-29,5.748887778701682e-29,5.748887778681406e-29,5.748887778681404e-29,5.748887778679722e-29,5.748887778691427e-29,5.748887778691601e-29,5.748887778691645e-29,5.748887778678265e-29,5.748887778670222e-29,5.748887778677443e-29,5.748887778662745e-29,5.748887778662656e-29,5.74888777862265e-29,5.748887778617313e-29,5.748887778491491e-29,5.748887778491038e-29,5.748887778450142e-29,5.748887778450476e-29,5.748887778439803e-29,5.748887778439773e-29,5.748887778432167e-29,5.748887778432162e-29,5.748887778432464e-29,5.748887778433169e-29,5.748887778433172e-29,5.748887778433171e-29,5.748887778431752e-29,5.748887778431878e-29,5.748887778431882e-29,5.748887778443332e-29,5.748887778445468e-29,5.748887778445469e-29,5.748887778443226e-29,5.748887778443226e-29,5.748887778441665e-29,5.748887778460178e-29,5.748887778460179e-29,5.748887778503615e-29,5.748887778508683e-29,5.748887778489811e-29,5.748887778489812e-29,5.748887778489831e-29,5.748887778489832e-29,5.748887778489831e-29,5.748887778489839e-29,5.748887778489839e-29,5.748887778489703e-29,5.748887778489703e-29,5.748887778489702e-29,5.748887778489701e-29,5.748887778489702e-29,5.748887778489715e-29,5.748887778489713e-29,5.748887778489713e-29,5.748887778489714e-29,5.748887778489758e-29,5.748887778489757e-29,5.74888777848976e-29,5.748887778489758e-29,5.748887778489758e-29,5.748887778489758e-29,5.748887778501939e-29,5.748887778501939e-29,5.748887778501926e-29,5.74888777850182e-29,5.748887778501818e-29,5.74888777850182e-29,5.74888777850182e-29,5.748887778501823e-29,5.748887778501818e-29,5.748887778504643e-29,5.748887778504643e-29,5.748887778504643e-29,5.748887778504642e-29,5.748887778504644e-29,5.748887778509948e-29,5.74888777850995e-29,5.748887778509949e-29,5.748887778647604e-29,5.748887778647606e-29,5.748887778649124e-29,5.748887778649173e-29,5.748887778649174e-29,5.748887778649263e-29,5.748887778649266e-29,5.74888777864926e-29,5.748887778649266e-29,5.748887778649268e-29,5.748887778649256e-29,5.748887778649269e-29,5.748887778649272e-29,5.748887778649268e-29,5.748887778649268e-29,5.74888777864927e-29,5.748887778649269e-29,5.74888777864927e-29,5.748887778649269e-29,5.748887778683923e-29,5.748887778683758e-29,5.748887778683747e-29,5.748887778683718e-29,5.748887778683703e-29,5.748887778683705e-29,5.748887778683703e-29,5.748887778683717e-29,5.748887778683655e-29,5.748887778683653e-29,5.748887778683329e-29,5.748887778683325e-29,5.748887778683334e-29,5.748887778683087e-29,5.748887778683117e-29,5.748887778682652e-29,5.74888777868273e-29,5.748887778682719e-29,5.748887778682717e-29,5.74888777868274e-29,5.748887778682743e-29,5.748887778682725e-29,5.748887778682717e-29,5.748887778684074e-29,5.748887778684073e-29,5.748887778643513e-29,5.748887778643515e-29,5.748887778642529e-29,5.748887778642312e-29,5.748887778642458e-29,5.748887778642461e-29,5.748887778642169e-29,5.74888777864112e-29,5.748887778641056e-29,5.748887778641063e-29,5.748887778641063e-29,5.748887778641114e-29,5.748887778641078e-29,5.748887778641144e-29,5.748887778641144e-29,5.748887778641142e-29,5.748887778641179e-29,5.748887778640472e-29,5.748887778662405e-29,5.748887778664269e-29,5.7488877786644e-29,5.748887778672064e-29,5.748887778672062e-29,5.748887778672065e-29,5.748887778672038e-29,5.748887778672042e-29,5.748887778672176e-29,5.748887778672164e-29,5.748887778672241e-29,5.748887778671979e-29,5.748887778672141e-29,5.74888777867213e-29,5.74888777867213e-29,5.748887778672126e-29,5.748887778672022e-29,5.748887778671998e-29,5.748887778671481e-29,5.748887778671459e-29,5.748887778670881e-29,5.74888777867091e-29,5.748887778670907e-29,5.748887778670905e-29,5.748887778670893e-29,5.748887778670891e-29,5.748887778670883e-29,5.748887778670854e-29,5.748887778725945e-29,5.748887778725954e-29,5.748887778725957e-29,5.748887778729688e-29,5.748887778729692e-29,5.748887778736397e-29,5.748887778716383e-29,5.748887778700226e-29,5.748887778701602e-29,5.748887778699416e-29,5.748887778699421e-29,5.748887778699419e-29,5.748887778697378e-29,5.748887778697297e-29,5.748887778700659e-29,5.748887778700641e-29,5.748887778700681e-29,5.74888777880556e-29,5.74888777880536e-29,5.748887778805335e-29,5.748887778809181e-29,5.748887778809214e-29,5.748887778810989e-29,5.748887778810992e-29,5.74888777881229e-29,5.748887778825942e-29,5.748887778826674e-29,5.748887778826073e-29,5.748887778827669e-29,5.748887778923607e-29,5.748887778923511e-29,5.748887778924891e-29,5.748887778928009e-29,5.748887778928082e-29,5.748887778927796e-29,5.748887778927723e-29,5.748887778927723e-29,5.748887778927305e-29,5.748887778857474e-29,5.748887778857591e-29,5.748887778857126e-29,5.748887778857366e-29,5.748887778856923e-29,5.748887778856919e-29,5.748887778857014e-29,5.748887778856931e-29,5.748887778857051e-29,5.748887778811049e-29,5.748887778811814e-29,5.748887778800649e-29,5.748887778800357e-29,5.748887778800494e-29,5.748887778800315e-29,5.748887778800466e-29,5.748887778647198e-29,5.748887778517581e-29,5.74888777851391e-29,5.748887778475933e-29,5.748887778476618e-29,5.748887778476816e-29,5.748887778472057e-29,5.748887778473921e-29,5.748887778473724e-29,5.748887778477166e-29,5.748887778476868e-29,5.7488877784537e-29,5.748887777530071e-29,5.748887777673728e-29,5.748887777673733e-29,5.748887777673896e-29,5.748887777673946e-29,5.748887777673946e-29,5.748887777674191e-29,5.748887777677095e-29,5.748887777677077e-29,5.748887777677459e-29,5.748887777678533e-29,5.748887777657943e-29,5.748887777676716e-29,5.748887777679871e-29,5.748887777680757e-29,5.748887777683058e-29,5.74888777768378e-29,5.748887777683779e-29,5.748887777706622e-29,5.748887777704942e-29,5.748887777705006e-29,5.748887777705006e-29,5.74888777770502e-29,5.74888777770519e-29,5.748887777705128e-29,5.748887777704531e-29,5.74888777770453e-29,5.748887777704533e-29,5.748887777701809e-29,5.74888777769834e-29,5.748887777698344e-29,5.748887777698346e-29,5.748887777697983e-29,5.748887777697916e-29,5.748887777698033e-29,5.748887777697624e-29,5.74888777769537e-29,5.748887777701281e-29,5.748887777701467e-29,5.748887777701465e-29,5.748887777701517e-29,5.748887777701519e-29,5.748887777701826e-29,5.748887777701804e-29,5.748887777701752e-29,5.748887777701237e-29,5.748887777716034e-29,5.748887777716209e-29,5.748887777716164e-29,5.748887777716045e-29,5.748887777716312e-29,5.748887777719186e-29,5.748887777466176e-29,5.748887777468771e-29,5.748887777469866e-29,5.748887777470219e-29,5.748887777424762e-29,5.748887777422696e-29,5.748887777423804e-29,5.748887777423681e-29,5.748887777423702e-29,5.748887777423843e-29,5.748887777423712e-29,5.748887777421415e-29,5.748887777359149e-29,5.748887777358619e-29,5.748887777358695e-29,5.748887777377094e-29,5.748887777377444e-29,5.748887777377452e-29,5.748887777421452e-29,5.748887777397422e-29,5.74888777739866e-29,5.74888777748834e-29,5.748887777488786e-29,5.74888777748859e-29,5.748887777484993e-29,5.7488877774923e-29,5.748887777492713e-29,5.748887777493645e-29,5.748887777507125e-29,5.748887777508677e-29,5.748887777510726e-29,5.748887777531742e-29,5.748887777531492e-29,5.748887777495926e-29,5.748887777472951e-29,5.748887777067311e-29,5.748887777067766e-29,5.748887777102046e-29,5.748887777097173e-29,5.748887775798014e-29,5.748887775798756e-29,5.748887775787209e-29,5.748887775764234e-29,5.748887775764413e-29,5.748887775763528e-29,5.748887775751169e-29,5.748887775751111e-29,5.748887775756298e-29,5.74888777575831e-29,5.748887775755005e-29,5.748887775754085e-29,5.74888777576269e-29,5.748887775761785e-29,5.748887775764764e-29,5.748887775764786e-29,5.748887775766921e-29,5.748887775860619e-29,5.748887775849504e-29,5.748887775870808e-29,5.748887775871304e-29,5.748887775862892e-29,5.74888777586151e-29,5.748887775847958e-29,5.748887775845844e-29,5.748887775845488e-29,5.748887775857089e-29,5.748887775839853e-29,5.74888777583731e-29,5.748887775837532e-29,5.748887775837532e-29,5.748887775830925e-29,5.748887775830081e-29,5.748887775836323e-29,5.748887775838966e-29,5.748887775816471e-29,5.748887775815911e-29,5.748887775816187e-29,5.748887775805759e-29,5.748887775810031e-29,5.748887775798082e-29,5.748887775332278e-29,5.748887775351381e-29,5.748887775350632e-29,5.748887775350569e-29,5.748887775349865e-29,5.748887775361893e-29,5.748887775353337e-29,5.748887775354341e-29,5.74888777534961e-29,5.748887775538613e-29,5.748887775538767e-29,5.748887775533265e-29,5.748887775523773e-29,5.748887775523553e-29,5.748887775540164e-29,5.748887775540022e-29,5.748887775540205e-29,5.748887775730991e-29,5.748887775732402e-29,5.748887775772952e-29,5.748887775771181e-29,5.74888777577276e-29,5.748887775830026e-29,5.748887775819679e-29,5.748887775856002e-29,5.748887775806305e-29,5.748887775794716e-29,5.748887775783179e-29,5.748887775782931e-29,5.748887775782418e-29,5.74888777576727e-29,5.748887775767245e-29,5.748887775767212e-29,5.748887775765987e-29,5.748887775811217e-29,5.748887775809834e-29,5.748887775811192e-29,5.748887775818929e-29,5.748887775771026e-29,5.748887775760258e-29,5.74888777577912e-29,5.748887775777216e-29,5.74888777578305e-29,5.748887775781194e-29,5.748887775781162e-29,5.748887775783974e-29,5.748887775817131e-29,5.748887775815922e-29,5.74888777580826e-29,5.748887775806244e-29,5.748887775840926e-29,5.748887775845486e-29,5.748887775820586e-29,5.748887775819325e-29,5.748887775819346e-29,5.748887775924576e-29,5.748887775926182e-29,5.74888777671573e-29,5.748887776710169e-29,5.74888777671318e-29,5.748887776707692e-29,5.748887776666532e-29,5.748887776666193e-29,5.748887776665902e-29,5.748887776337198e-29,5.748887776337174e-29,5.748888899600534e-29,5.74888889959866e-29,5.748888899590772e-29,5.748888899549097e-29,5.748888899568959e-29,5.748888899585215e-29,5.748888899585767e-29,5.748888899586443e-29,5.74888889958698e-29,5.74888889960164e-29,5.74888889960098e-29,5.748888899597325e-29,5.748888899602826e-29,5.748888899601195e-29,5.748888899600281e-29,5.748888899603381e-29,5.748888899606676e-29,5.748888899607486e-29,5.748888899609931e-29,5.748888899614977e-29,5.74888889961852e-29,5.748888899618785e-29,5.748888899618786e-29,5.748888899606221e-29,5.748888899598788e-29,5.748888899598723e-29,5.748888899598807e-29,5.748888899599038e-29,5.748888901100469e-29,5.748888901103783e-29,5.748888900712472e-29,5.748888900725346e-29,5.748888900721113e-29,5.748888900666145e-29,5.748888900665643e-29,5.748888900665755e-29,5.748888900686781e-29,5.74888890068679e-29,5.748888900686769e-29,5.748888900686919e-29,5.748888901175201e-29,5.74888890117071e-29,5.748888901171766e-29,5.748888901170486e-29,5.748888901159973e-29,5.748888901168553e-29,5.748888901181679e-29,5.748888901182547e-29,5.748888901182029e-29,5.748888901196941e-29,5.748888901194485e-29,5.74888890105647e-29,5.748888901062458e-29,5.74888890106247e-29,5.748888901063531e-29,5.748888901064327e-29,5.748888901062093e-29,5.748888901059484e-29,5.748888901063155e-29,5.74888890106262e-29,5.748888901062623e-29,5.748888901039518e-29,5.74888890091487e-29,5.748888900893257e-29,5.748888900895515e-29,5.748888900897995e-29,5.7488889008976e-29,5.748888900822068e-29,5.748888900824211e-29,5.74888890082329e-29,5.748888900836718e-29,5.748888900826862e-29,5.748888905914307e-29,5.748888905907566e-29,5.748888905906097e-29,5.748888905907533e-29,5.748888905847176e-29,5.748888905887488e-29,5.748888905887539e-29,5.748888905869666e-29,5.748888905823656e-29,5.748888905742966e-29,5.748888904318534e-29,5.748888904386772e-29,5.74888890444314e-29,5.74888890439307e-29,5.748888904411464e-29,5.748888904400646e-29,5.748888904402447e-29,5.748888899826148e-29,5.748888899823681e-29,5.748888899814425e-29,5.748888899813104e-29,5.748888899812606e-29,5.748888898174899e-29,5.748888898195978e-29,5.748888898200982e-29,5.748888898206074e-29,5.748888898206085e-29,5.7488888982068e-29,5.74888889820667e-29,5.748888898205805e-29,5.748888896236536e-29,5.748888896236711e-29,5.748888896112153e-29,5.74888889611203e-29,5.748888896111891e-29,5.748888896112093e-29,5.748888896112109e-29,5.748888896112641e-29,5.748888896110585e-29,5.74888889610271e-29,5.748888896220144e-29,5.74888889622119e-29,5.748888896227973e-29,5.748888896305476e-29,5.748888896296299e-29,5.748888896293185e-29,5.748888896307342e-29,5.748888896307213e-29,5.74888889630704e-29,5.748888896307024e-29,5.748888896312755e-29,5.74888889631292e-29,5.748888896312901e-29,5.748888896312842e-29,5.74888889632215e-29,5.748888896323435e-29,5.748888896322367e-29,5.748888896322768e-29,5.748888896324305e-29,5.748888896313617e-29,5.748888896261081e-29,5.748888896261185e-29,5.748888896262377e-29,5.748888896198105e-29,5.748888896197571e-29,5.748888896197998e-29,5.74888889619859e-29,5.748888896198569e-29,5.748888896418275e-29,5.748888896423947e-29,5.748888896423801e-29,5.748888896292336e-29,5.748888896287715e-29,5.748888896287649e-29,5.748888896400123e-29,5.748888896400124e-29,5.748888896085916e-29,5.748888896087474e-29,5.748888896087214e-29,5.748888896087097e-29,5.748888896087447e-29,5.748888896085176e-29,5.748888896085178e-29,5.748888896085177e-29,5.748888896086345e-29,5.74888889611052e-29,5.748888896120251e-29,5.748888896120252e-29,5.748888896120253e-29,5.74888889612018e-29,5.748888896122556e-29,5.748888896122555e-29,5.748888896122552e-29,5.748888896122556e-29,5.748888896122555e-29,5.748888896123363e-29,5.748888896123363e-29,5.748888896123364e-29,5.74888889612336e-29,5.748888896107823e-29,5.748888896081648e-29,5.748888896081648e-29,5.748888896081645e-29,5.748888896081646e-29,5.748888896081649e-29,5.748888896081647e-29,5.748888896069117e-29,5.74888889591123e-29,5.748888895911229e-29,5.748888895911229e-29,5.748888895911229e-29,5.748888895914372e-29,5.748888895914374e-29,5.748888895914377e-29,5.748888895914466e-29,5.748888895917981e-29,5.74888889591796e-29,5.748888895917961e-29,5.748888895917956e-29,5.748888895918965e-29,5.748888895918763e-29,5.748888895918765e-29,5.748888895924757e-29,5.74888889592547e-29,5.748888895984934e-29,5.74888889598493e-29,5.748888898277077e-29,5.748888898277077e-29,5.748888898276978e-29,5.748888898277088e-29,5.748888898277081e-29,5.748888898252559e-29,5.748888898252557e-29,5.748888898252191e-29,5.748888898194753e-29,5.748888898196037e-29,5.748888898195062e-29,5.74888889819499e-29,5.748888898195259e-29,5.748888898195254e-29,5.748888898408892e-29,5.748888898408891e-29,5.748888898416382e-29,5.748888898416411e-29,5.748888898416494e-29,5.748888898418227e-29,5.748888898419081e-29,5.748888898417808e-29,5.748888898337009e-29,5.74888889834388e-29,5.748888898343832e-29,5.748888898346619e-29,5.748888898568336e-29,5.748888898568337e-29,5.748888898568444e-29,5.748888898596954e-29,5.748888898596469e-29,5.748888898595792e-29,5.748888898281653e-29,5.748888898281489e-29,5.748888898278821e-29,5.748888898272707e-29,5.748888898270885e-29,5.7488888982709e-29,5.748888898270407e-29,5.748888898270409e-29,5.748888898270407e-29,5.748888898778155e-29,5.74888889877888e-29,5.748888898777643e-29,5.748888898779014e-29,5.748888898787693e-29,5.748888898787694e-29,5.748888898751378e-29,5.748888898751833e-29,5.748888898743516e-29,5.748888898743416e-29,5.74888889874146e-29,5.748888898760195e-29,5.748888898760602e-29,5.748888898735551e-29,5.748888898734482e-29,5.748888898735273e-29,5.748888898735229e-29,5.748888898693778e-29,5.748888898713914e-29,5.74888889871437e-29,5.748888898713908e-29,5.748888898710386e-29,5.748888898709586e-29,5.748888898705133e-29,5.748888898754524e-29,5.74888889875458e-29,5.748888898754603e-29,5.748888898754586e-29,5.748888897596361e-29,5.748888897596092e-29,5.748888897596612e-29,5.748888897618424e-29,5.74888889761787e-29,5.74888889761807e-29,5.748888897618825e-29,5.748888897618298e-29,5.748888897610642e-29,5.748888897607123e-29,5.748888897610601e-29,5.74888889761065e-29,5.74888889761579e-29,5.748888897618017e-29,5.748888897617018e-29,5.748888897622058e-29,5.748888897625969e-29,5.748888897626796e-29,5.748888897626708e-29,5.748888897626805e-29,5.748888897626581e-29,5.748888897624033e-29,5.748888897624038e-29,5.748888897623696e-29,5.748888897623663e-29,5.74888889762462e-29,5.748888897056285e-29,5.748888896905851e-29,5.748888896906189e-29,5.748888896909664e-29,5.748888897009588e-29,5.748888897004487e-29,5.748888897004474e-29,5.748888896984114e-29,5.748888896985195e-29,5.748888896985086e-29,5.748888896985076e-29,5.748888896984998e-29,5.748888896984824e-29,5.748888896984923e-29,5.748888896985196e-29,5.748888896985176e-29,5.748888896986179e-29,5.748888896874598e-29,5.748888896874629e-29,5.748888896880129e-29,5.748888896872126e-29,5.748888896867692e-29,5.748888896867054e-29,5.748888896866976e-29,5.748888896869497e-29,5.748888896869203e-29,5.748888896869756e-29,5.748888896869342e-29,5.74888889687054e-29,5.748888896855946e-29,5.748888896855956e-29,5.748888896799274e-29,5.748888896799363e-29,5.74888889679937e-29,5.74888889680121e-29,5.748888896801199e-29,5.748888896772496e-29,5.74888889677176e-29,5.748888896771079e-29,5.748888896772122e-29,5.748888896771915e-29,5.748888896771912e-29,5.748888896774943e-29,5.74888889677448e-29,5.748888896774192e-29,5.748888896775089e-29,5.748888896774823e-29,5.748888896774392e-29,5.748888896774795e-29,5.748888896774258e-29,5.748888896643259e-29,5.748888896644165e-29,5.748888896641171e-29,5.748888896641451e-29,5.748888896641009e-29,5.748888896640454e-29,5.748888896640775e-29,5.748888896641091e-29,5.74888889664197e-29,5.74888889664168e-29,5.748888896642295e-29,5.74888889663316e-29,5.748888896634977e-29,5.748888896635003e-29,5.748888896635644e-29,5.748888896637076e-29,5.748888896639627e-29,5.7488888966395e-29,5.74888889663378e-29,5.748888896634291e-29,5.748888896633192e-29,5.748888896634927e-29,5.748888896644551e-29,5.748888896644186e-29,5.748888896972493e-29,5.748888896973091e-29,5.748888896972562e-29,5.748888896963025e-29,5.748888896963175e-29,5.748888896963719e-29,5.748888896963809e-29,5.748888896961907e-29,5.748888896960705e-29,5.748888896960793e-29,5.748888896960165e-29,5.748888896959566e-29,5.748888896959927e-29,5.748888896959639e-29
2,0.0,0.0,0.0,0.0,0.0,0.0,0.0,0.0,0.0,0.0,0.0,0.0,0.0,0.0,0.0,0.0,0.0,0.0,0.0,0.0,0.0,0.0,0.0,0.0,0.0,0.0,0.0,0.0,0.0,0.0,0.0,0.0,0.0,0.0,0.0,0.0,0.0,0.0,0.0,0.0,0.0,0.0,0.0,0.0,0.0,0.0,0.0,0.0,0.0,0.0,0.0,0.0,0.0,0.0,0.0,0.0,0.0,0.0,0.0,0.0,0.0,0.0,0.0,0.0,0.0,0.0,0.0,0.0,0.0,0.0,0.0,0.0,0.0,0.0,0.0,0.0,0.0,0.0,0.0,0.0,0.0,0.0,0.0,0.0,0.0,0.0,0.0,0.0,0.0,0.0,0.0,0.0,0.0,0.0,0.0,0.0,0.0,0.0,0.0,0.0,0.0,0.0,0.0,0.0,0.0,0.0,0.0,0.0,0.0,0.0,0.0,0.0,0.0,0.0,0.0,0.0,0.0,0.0,0.0,0.0,0.0,0.0,0.0,0.0,0.0,0.0,0.0,0.0,0.0,0.0,0.0,0.0,0.0,0.0,0.0,0.0,0.0,0.0,0.0,0.0,0.0,0.0,0.0,0.0,0.0,0.0,0.0,0.0,0.0,0.0,0.0,0.0,0.0,0.0,0.0,0.0,0.0,0.0,0.0,0.0,0.0,0.0,0.0,0.0,0.0,0.0,0.0,0.0,0.0,0.0,0.0,0.0,0.0,0.0,0.0,0.0,0.0,0.0,0.0,0.0,0.0,0.0,0.0,0.0,0.0,0.0,0.0,0.0,0.0,0.0,0.0,0.0,0.0,0.0,0.0,0.0,0.0,0.0,0.0,0.0,0.0,0.0,0.0,0.0,0.0,0.0,0.0,0.0,0.0,0.0,0.0,0.0,0.0,0.0,0.0,0.0,0.0,0.0,0.0,0.0,0.0,0.0,0.0,0.0,0.0,0.0,0.0,0.0,0.0,0.0,0.0,0.0,0.0,0.0,0.0,0.0,0.0,0.0,0.0,0.0,0.0,0.0,0.0,0.0,0.0,0.0,0.0,0.0,0.0,0.0,0.0,0.0,0.0,0.0,0.0,0.0,0.0,0.0,0.0,0.0,0.0,0.0,0.0,0.0,0.0,0.0,0.0,0.0,0.0,0.0,0.0,0.0,0.0,0.0,0.0,0.0,0.0,0.0,0.0,0.0,0.0,0.0,0.0,0.0,0.0,0.0,0.0,0.0,0.0,0.0,0.0,0.0,0.0,0.0,0.0,0.0,0.0,0.0,0.0,0.0,0.0,0.0,0.0,0.0,0.0,0.0,0.0,0.0,0.0,0.0,0.0,0.0,0.0,0.0,0.0,0.0,0.0,0.0,0.0,0.0,0.0,0.0,0.0,0.0,0.0,0.0,0.0,0.0,0.0,0.0,0.0,0.0,0.0,0.0,0.0,0.0,0.0,0.0,0.0,0.0,0.0,0.0,0.0,0.0,0.0,0.0,0.0,0.0,0.0,0.0,0.0,0.0,0.0,0.0,0.0,0.0,0.0,0.0,0.0,0.0,0.0,0.0,0.0,0.0,0.0,0.0,0.0,0.0,0.0,0.0,0.0,0.0,0.0,0.0,0.0,0.0,0.0,0.0,0.0,0.0,0.0,0.0,0.0,0.0,0.0,0.0,0.0,0.0,0.0,0.0,0.0,0.0,0.0,0.0,0.0,0.0,0.0,0.0,0.0,0.0,0.0,0.0,0.0,0.0,0.0,0.0,0.0,0.0,0.0,0.0,0.0,0.0,0.0,0.0,0.0,0.0,0.0,0.0,0.0,0.0,0.0,0.0,0.0,0.0,0.0,0.0,0.0,0.0,0.0,0.0,0.0,0.0,0.0,0.0,0.0,0.0,0.0,0.0,0.0,0.0,0.0,0.0,0.0,0.0,0.0,0.0,0.0,0.0,0.0,0.0,0.0,0.0,0.0,0.0,0.0,0.0,0.0,0.0,0.0,0.0,0.0,0.0,0.0,0.0,0.0,0.0,0.0,0.0,0.0,0.0,0.0,0.0,0.0,0.0,0.0,0.0,0.0,0.0,0.0,0.0,0.0,0.0,0.0,0.0,0.0,0.0,0.0,0.0,0.0,0.0,0.0,0.0,0.0,0.0,0.0,0.0,0.0,0.0,0.0,0.0,0.0,0.0,0.0,0.0,0.0,0.0,0.0,0.0,0.0,0.0,0.0,0.0,0.0,0.0,0.0,0.0,0.0,0.0,0.0,0.0,0.0,0.0,0.0,0.0,0.0,0.0,0.0,0.0,0.0,0.0,0.0,0.0,0.0,0.0,0.0,0.0,0.0,0.0,0.0,0.0,0.0,0.0,0.0,0.0,0.0,0.0,0.0,0.0,0.0,0.0,0.0,0.0,0.0,0.0,0.0,0.0,0.0,0.0,0.0,0.0,0.0,0.0,0.0,0.0,0.0,0.0,0.0,0.0,0.0,0.0,0.0,0.0,0.0,0.0,0.0,0.0,0.0,0.0,0.0,0.0,0.0,0.0,0.0,0.0,0.0,0.0,0.0,0.0,0.0,0.0,0.0,0.0,0.0,0.0,0.0,0.0,0.0,0.0,0.0,0.0,0.0,0.0,0.0,0.0,0.0,0.0,0.0,0.0,0.0,0.0,0.0,0.0,0.0,0.0,0.0,0.0,0.0,0.0,0.0,0.0,0.0,0.0,0.0,0.0,0.0,0.0,0.0,0.0,0.0,0.0,0.0,0.0,0.0,0.0,0.0,0.0,0.0,0.0,0.0,0.0,0.0,0.0,0.0,0.0,0.0,0.0,0.0,0.0,0.0,0.0,0.0,0.0,0.0,0.0,0.0,0.0,0.0,0.0,0.0,0.0,0.0,0.0,0.0,0.0,0.0,0.0,0.0,0.0,0.0,0.0,0.0,0.0,0.0,0.0,0.0,0.0,0.0,0.0,0.0,0.0,0.0,0.0,0.0,0.0,0.0,0.0,0.0,0.0,0.0,0.0,0.0,0.0,0.0,0.0,0.0,0.0,0.0,0.0,0.0,0.0,0.0,0.0,0.0,0.0,0.0,0.0,0.0,0.0,0.0,0.0,0.0,0.0,0.0,0.0,0.0,0.0,0.0,0.0,0.0,0.0,0.0,0.0,0.0,0.0,0.0,0.0,0.0,0.0,0.0,0.0,0.0,0.0,0.0,0.0,0.0,0.0,0.0,0.0,0.0,0.0,0.0,0.0,0.0,0.0,0.0,0.0,0.0,0.0,0.0,0.0,0.0,0.0,0.0,0.0,0.0,0.0,0.0,0.0,0.0,0.0,0.0,0.0,0.0,0.0,0.0,0.0,0.0,0.0,0.0,0.0,0.0,0.0,0.0,0.0,0.0,0.0,0.0,0.0,0.0,0.0,0.0,0.0,0.0,0.0,0.0,0.0,0.0,0.0,0.0,0.0,0.0,0.0,0.0,0.0,0.0,0.0,0.0,0.0,0.0,0.0,0.0,0.0,0.0,0.0,0.0,0.0,0.0,0.0,0.0,0.0,0.0,0.0,0.0,0.0,0.0,0.0,0.0,0.0,0.0,0.0,0.0,0.0,0.0,0.0,0.0,0.0,0.0,0.0,0.0,0.0,0.0,0.0,0.0,0.0,0.0,0.0,0.0,0.0,0.0,0.0,0.0,0.0,0.0,0.0,0.0,0.0,0.0,0.0,0.0,0.0,0.0,0.0,0.0,0.0,0.0,0.0,0.0,0.0,0.0,0.0,0.0,0.0,0.0,0.0,0.0,0.0,0.0,0.0,0.0,0.0,0.0,0.0,0.0,0.0,0.0,0.0,0.0,0.0,0.0,0.0,0.0,0.0,0.0,0.0,0.0,0.0,0.0,0.0,0.0,0.0,0.0,0.0,0.0,0.0,0.0,0.0,0.0,0.0,0.0,0.0,0.0,0.0,0.0,0.0,0.0,0.0,0.0,0.0,0.0,0.0,0.0,0.0,0.0,0.0,0.0,0.0,0.0,0.0,0.0,0.0,0.0,0.0,0.0,0.0,0.0,0.0,0.0,0.0,0.0,0.0,0.0,0.0,0.0,0.0,0.0,0.0,0.0,0.0,0.0,0.0,0.0,0.0,0.0,0.0,0.0,0.0,0.0,0.0,0.0,0.0,0.0,0.0,0.0,0.0,0.0,0.0,0.0,0.0,0.0,0.0,0.0,0.0,0.0,0.0,0.0,0.0,0.0,0.0,0.0,0.0,0.0,0.0,0.0,0.0,0.0,0.0,0.0,0.0,0.0,0.0,0.0,0.0,0.0,0.0,0.0,0.0,0.0,0.0,0.0,0.0,0.0,0.0,0.0,0.0,0.0,0.0,0.0,0.0,0.0,0.0,0.0,0.0,0.0,0.0,0.0,0.0,0.0,0.0,7.609498329144726e-35,7.609498329144723e-35,7.609498329144723e-35,7.609498329144724e-35,7.609498329144723e-35,1.2033660406053559e-34,1.2033660406053557e-34,1.2033660406053563e-34,1.2033722946039488e-34,1.203372294603949e-34,1.2033722946039493e-34,1.2033722946039499e-34,1.203372294603949e-34,1.2033722946039493e-34,1.2033723258669809e-34,1.2033723258669817e-34,1.2113448980324187e-34,1.2113448980324187e-34,1.2113449736681463e-34,1.2113449736681476e-34,1.2120979993129573e-34,1.2835837892987211e-34,-2.168876097891545e-34,-4.509742479969401e-59,-4.002015571475201e-37,1.8483806098814978e-60,-3.1334506637626638e-40,-9.827741426842467e-64,-1.7995688637595072e-86,-5.531731107397759e-39,-2.331431168071364e-33,-9.791437265975128e-56,-2.3159335881174316e-36,-2.59832789323951e-60,-3.699574223435141e-44,-3.377234771358803e-29,-4.735380233909496e-35,-1.2589034203311723e-28,-1.7476909866496136e-29,8.183464658509392e-29,8.183464658509399e-29,8.183464658509402e-29,8.183464658509408e-29,8.183464658509405e-29,8.183464658509402e-29,8.183464660103846e-29,8.183464660103848e-29,8.183464660103846e-29,8.183464660103843e-29,8.183464660103854e-29,8.182153952113638e-29,8.182153952113654e-29,8.182153952113664e-29,8.181982418753027e-29,8.181982418753027e-29,8.181982418753027e-29,8.181982418753036e-29,8.181982418752934e-29,8.181982418752943e-29,8.181982418752923e-29,8.181982418752926e-29,8.181982418758507e-29,8.181982418758517e-29,8.181982418758526e-29,8.181982418758443e-29,8.176400130401153e-29,8.176400130401144e-29,8.176400130401134e-29,8.176400130401123e-29,8.176400130401113e-29,8.176400130401105e-29,8.176400130401095e-29,8.176400130401082e-29,8.176400130401075e-29,8.176400130401054e-29,8.176400130401005e-29,8.176400130400954e-29,8.176400130400864e-29,8.176400130400866e-29,8.176400130400864e-29,8.176400130400862e-29,8.17640013040087e-29,8.17640013040087e-29,8.176400130400897e-29,8.176400130400928e-29,8.176400130400954e-29,8.176400130400959e-29,8.176400130400956e-29,8.176400130400955e-29,8.176400130400832e-29,8.17640013040083e-29,8.176400130400827e-29,8.176400130400813e-29,8.17640013040083e-29,8.17640013040083e-29,8.176400130400828e-29,8.176400130401691e-29,8.176400130401692e-29,8.176400130401691e-29,8.176400130401692e-29,8.176400130401691e-29,8.176400130401693e-29,8.176400130401692e-29,8.176400130401695e-29,8.176400130401693e-29,8.176400130401692e-29,8.176400130401692e-29,8.176400130401691e-29,8.176400130401692e-29,8.176400130401691e-29,8.176400130401691e-29,8.17640013040169e-29,8.176400130401691e-29,8.17640013040169e-29,8.17640013040169e-29,8.176400130401692e-29,8.176400130401692e-29,8.17640013040169e-29,8.17640013040169e-29,8.176400130401691e-29,8.176400130401691e-29,8.17640013040169e-29,8.176400130401692e-29,8.176400130401693e-29,8.176400130401692e-29,8.176400130401692e-29,8.176400130401691e-29,8.17640013040169e-29,8.17640013040169e-29,8.17640013040169e-29,8.176400130401691e-29,8.176400130401692e-29,8.176400130401691e-29,8.176400130401691e-29,8.176400130401691e-29,8.176400130401695e-29,8.176400130401698e-29,8.176400130401697e-29,8.176400130401699e-29,8.176400130401699e-29,8.176400130401703e-29,8.176400130401697e-29,8.176400130401696e-29,8.176400130401697e-29,8.176400130401698e-29,8.176400130401698e-29,8.176400130401696e-29,8.176400130401696e-29,8.176400130401699e-29,8.176400130401692e-29,8.176400130401693e-29,8.176400130401693e-29,8.176400130401699e-29,8.176400130401696e-29,8.176400130401701e-29,8.176400130401695e-29,8.176400130401696e-29,8.176400130401698e-29,8.176400130401699e-29,8.176400130401697e-29,8.176400130401696e-29,8.176400130401691e-29,8.176400130401696e-29,8.176400130401696e-29,8.176400130401693e-29,8.176400130401693e-29,8.176400130401693e-29,8.17640013040169e-29,8.176400130401684e-29,8.176400130401684e-29,8.176400130401684e-29,8.176400130401686e-29,8.176400130401686e-29,8.176400130401687e-29,8.176400130401687e-29,8.176400130401688e-29,8.176400130401687e-29,8.176400130401684e-29,8.176400130401688e-29,8.176400130401687e-29,8.176400130401689e-29,8.176400130401684e-29,8.176400130401687e-29,8.17640013040169e-29,8.176400130401687e-29,8.176400130401684e-29,8.176400130401688e-29,8.176400130401688e-29,8.176400130401688e-29,8.176400130401689e-29,8.176400130401687e-29,8.176400130401691e-29,8.17640013040169e-29,8.176400130401688e-29,8.176400130401686e-29,8.176400130401686e-29,8.176400130401686e-29,8.176400130401683e-29,8.176400130401688e-29,8.176400130401684e-29,8.176400130401687e-29,8.176400130401688e-29,8.176400130401688e-29,8.176400130401686e-29,8.176400130401687e-29,8.176400130401687e-29,8.176400130401684e-29,8.176400130401686e-29,8.176400130401682e-29,8.176400130401682e-29,8.176400130401682e-29,8.176400130401681e-29,8.176400130401682e-29,8.176400130401682e-29,8.176400130401683e-29,8.17640013040168e-29,8.17640013040168e-29,8.176400130401682e-29,8.176400130401679e-29,8.176400130401682e-29,8.17640013040168e-29,8.176400130401683e-29,8.176400130401684e-29,8.176400130401681e-29,8.176400130401681e-29,8.176400130401683e-29,8.176400130401684e-29,8.176400130401682e-29,8.176400130401686e-29,8.176400130401684e-29,8.17640013040168e-29,8.176400130401682e-29,8.176400130401683e-29,8.176400130401684e-29,8.176400130401686e-29,8.176400130401684e-29,8.176400130401684e-29,8.176400130401683e-29,8.176400130401684e-29,8.176400130401684e-29,8.176400130401686e-29,8.176400130401687e-29,8.176400130401687e-29,8.176400130401684e-29,8.176400128187133e-29,8.176400128187133e-29,8.176400128187133e-29,8.176400128187132e-29,8.17640012818713e-29,8.176400128187131e-29,8.17640012818713e-29,8.176400128187132e-29,8.176400128187132e-29,8.176400128187133e-29,8.176400128187136e-29,8.176400128187136e-29,8.176400128187137e-29,8.176400128187136e-29,8.176400128187135e-29,8.176400128187135e-29,8.176400128187136e-29,8.176400128187298e-29,8.176400128187298e-29,8.1764001281873e-29,8.1764001281873e-29,8.176400128187295e-29,8.176400128187299e-29,8.176400128187298e-29,8.176400128187298e-29,8.176400128187297e-29,8.176400128187295e-29,8.176400128187298e-29,8.176400128187295e-29,8.176400128187298e-29,8.176400128187299e-29,8.176400128187299e-29,8.176400128187295e-29,8.1764001281873e-29,8.176400128187298e-29,8.176400128187299e-29,8.176400128187302e-29,8.176400128187294e-29,8.176400128187299e-29,8.1764001281873e-29,8.176400128187297e-29,8.1764001281873e-29,8.176400128187299e-29,8.176400128187299e-29,8.1764001281873e-29,8.176400128187299e-29,8.176400128187298e-29,8.176400128187297e-29,8.176400128187298e-29,8.176400128187295e-29,8.176400128187298e-29,8.176400128187299e-29,8.176400128187298e-29,8.176400128187295e-29,8.176400128187298e-29,8.176400128187297e-29,8.176400128187293e-29,8.176400128187291e-29,8.176400128187292e-29,8.176400128187294e-29,8.176400128187294e-29,8.176400128187298e-29,8.176400128187294e-29,8.176400128187295e-29,8.176400128187298e-29,8.176400128187295e-29,8.176400128187294e-29,8.176400128187292e-29,8.176400128187295e-29,8.176400128187297e-29,8.176400128187297e-29,8.176400128187298e-29,8.176400128187298e-29,8.176400128187298e-29,8.176400128187297e-29,8.1764001281873e-29,8.176400128187301e-29,8.176400128187298e-29,8.176400128187299e-29,8.176400128187297e-29,8.176400128187298e-29,8.176400128187297e-29,8.176400128187293e-29,8.176400128187294e-29,8.176400128187298e-29,8.1764001281873e-29,8.176400128187295e-29,8.176400128187302e-29,8.176400128187297e-29,8.176400128187295e-29,8.176400128187299e-29,8.176400128187295e-29,8.176400128187298e-29,8.176400128187299e-29,8.176400128187301e-29,8.176400128187299e-29,8.176400128187299e-29,8.176400128187308e-29,8.176400128187311e-29,8.176400128187312e-29,8.176400128187309e-29,8.17640012818731e-29,8.176400128187311e-29,8.17640012818731e-29,8.176400128187309e-29,8.176400128187306e-29,8.176400128187312e-29,8.17640012818731e-29,8.176400128187308e-29,8.176400128187311e-29,8.176400128187308e-29,8.17640012818731e-29,8.176400128187313e-29,8.176400128187312e-29,8.176400128187309e-29,8.17640012818731e-29,8.176400128187313e-29,8.176400128187311e-29,8.176400128187311e-29,8.176400128187313e-29,8.17640012818731e-29,8.176400128187312e-29,8.176400128187312e-29,8.176400128187313e-29,8.176400128187313e-29,8.176400128187313e-29,8.176400128187311e-29,8.17640012818731e-29,8.176400128187312e-29,8.176400128187312e-29,8.176400128187313e-29,8.176400128187311e-29,8.176400128187311e-29,8.176400128187312e-29,8.176400128187312e-29,8.176400128187308e-29,8.176400128187311e-29,8.176400128187313e-29,8.176400128187313e-29,8.176400128187312e-29,8.176400128187317e-29,8.176400128187316e-29,8.176400128187319e-29,8.176400128187317e-29,8.176400128187313e-29,8.176400128187309e-29,8.176400128187311e-29,8.176400128187313e-29,8.176400128187318e-29,8.176400128187314e-29,8.176400128187318e-29,8.176400128187312e-29,8.176400128187314e-29,8.176400128187313e-29,8.176400128187317e-29,8.176400128187318e-29,8.176400128187317e-29,8.176400128187314e-29,8.176400128187316e-29,8.176400128187313e-29,8.176400128187311e-29,8.176400128187313e-29,8.176400128187313e-29,8.176400128187314e-29,8.176400128187313e-29,8.176400128187309e-29,8.176400128187312e-29,8.17640012818731e-29,8.176400128187309e-29,8.176400128187312e-29,8.176400128187311e-29,8.17640012818731e-29,8.176400128187309e-29,8.176400128187308e-29,8.176400128187309e-29,8.176400128187312e-29,8.17640012818731e-29,8.176400128187311e-29,8.17640012818731e-29,8.176400128187311e-29,8.176400128187313e-29,8.176400128187312e-29,8.176400128187318e-29,8.176400128187312e-29,8.176400128187317e-29,8.176400128187311e-29,8.176400128187312e-29,8.17640012818731e-29,8.176400128187311e-29,8.176400128187309e-29,8.176400128187312e-29,8.176400128187313e-29,8.176400128187312e-29,8.176400128187311e-29,8.17640012818731e-29,8.176400128187311e-29,8.17640012818731e-29,8.17640012818731e-29,8.17640012818731e-29,8.176400128187312e-29,8.176400128187311e-29,8.176400128187311e-29,8.176400128187312e-29,8.176400128187312e-29,8.17640012818731e-29,8.176400128187311e-29,8.176400128187312e-29,8.176400128187311e-29,8.176400128187309e-29,8.176400128187312e-29,8.176400128187313e-29,8.176400128187316e-29,8.176400128187314e-29,8.176400128187311e-29,8.176400128187316e-29,8.176400128187314e-29,8.176400089775095e-29,8.176400089775101e-29,8.176400089775098e-29,8.176400089775098e-29,8.176400089775094e-29,8.176400089775098e-29,8.176400089775096e-29,8.176400089775097e-29,8.176400089775095e-29,8.176400089775098e-29,8.176400089775092e-29,8.176400089775097e-29,8.176400089775094e-29,8.176400089775099e-29,8.176400089775099e-29,8.176400089775097e-29,8.176400089775094e-29,8.176400089775091e-29,8.176400089775094e-29,8.176400089775096e-29,8.176400089775091e-29,8.176400089775094e-29,8.176400089775094e-29,8.176400089775092e-29,8.176400089775095e-29,8.176400089775094e-29,8.176400089775096e-29,8.176400089775091e-29,8.176400089775091e-29,8.17640008977509e-29,8.176400089775092e-29,8.176400089775094e-29,8.176400089775092e-29,8.176400089775094e-29,8.176400089775094e-29,8.176400089775097e-29,8.176400089775097e-29,8.176400089775091e-29,8.176400089775091e-29,8.176400089775092e-29,8.176400089775092e-29,8.176400089775092e-29,8.176400089775095e-29,8.176400089775096e-29,8.176400089775097e-29,8.176400089775098e-29,8.176400089775095e-29,8.176400089775097e-29,8.176400089775097e-29,8.176400089775095e-29,8.176400089775098e-29,8.176400089775098e-29,8.176400089775095e-29,8.176400089775097e-29,8.176400089775097e-29,8.176400089775098e-29,8.176400089775097e-29,8.176400089775096e-29,8.176400089775097e-29,8.176400089775099e-29,8.176400089775098e-29,8.1764000897751e-29,8.1764000897751e-29,8.176400089775101e-29,8.176400089775099e-29,8.1764000897751e-29,8.1764000897751e-29,8.176400089775103e-29,8.176400089775103e-29,8.176400089775098e-29,8.1764000897751e-29,8.1764000897751e-29,8.176400089775099e-29,8.176400089775101e-29,8.176400089775101e-29,8.176400089775101e-29,8.176400089775099e-29,8.176400089775099e-29,8.176400089775101e-29,8.176400089775099e-29,8.176400089775103e-29,8.176400089775101e-29,8.176400089775105e-29,8.176400089775101e-29,8.176400089775104e-29,8.176400089775103e-29,8.176400089775104e-29,8.176400089775103e-29,8.176400089775101e-29,8.176400089775099e-29,8.176400089775096e-29,8.176400089775097e-29,8.1764000897751e-29,8.176400089775099e-29,8.176400089775101e-29,8.176400089775099e-29,8.176400089775101e-29,8.176400089775101e-29,8.1764000897751e-29,8.176400089775099e-29,8.176400089775097e-29,8.176400089775097e-29,8.176400089775097e-29,8.176400089775101e-29,8.176400089775098e-29,8.176400089775097e-29,8.176400089775097e-29,8.176400089775101e-29,8.176400089775099e-29,8.176400089775098e-29,8.176400089775097e-29,8.176400089775098e-29,8.1764000897751e-29,8.176400089775098e-29,8.1764000897751e-29,8.176400089775104e-29,8.176400089775103e-29,8.176400089775103e-29,8.1764000897751e-29,8.176400089775099e-29,8.1764000897751e-29,8.176400089775098e-29,8.1764000897751e-29,8.176400089775099e-29,8.176400089775103e-29,8.176400089775103e-29,8.1764000897751e-29,8.176400089775103e-29,8.1764000897751e-29,8.176400089775098e-29,8.176400089775098e-29,8.176400089775098e-29,8.1764000897751e-29,8.176400089775099e-29,8.176400089775103e-29,8.176400089775099e-29,8.1764000897751e-29,8.176400089775099e-29,8.1764000897751e-29,8.176400089775098e-29,8.1764000897751e-29,8.176400090063868e-29,8.176400090063865e-29,8.176400090063869e-29,8.176400090063868e-29,8.176400090063868e-29,8.176400090063871e-29,8.176400090063865e-29,8.176400090063869e-29,8.176400090063869e-29,8.17640009006387e-29,8.176400090063872e-29,8.176400090063871e-29,8.176400090063872e-29,8.17640009006387e-29,8.176400090063871e-29,8.176400090063871e-29,8.176400090063871e-29,8.176400090063871e-29,8.176400090063873e-29,8.176400090063871e-29,8.176400090063873e-29,8.176400090063873e-29,8.176400090063871e-29,8.176400090063873e-29,8.176400090063872e-29,8.17640009006387e-29,8.176400090063872e-29,8.176400090063871e-29,8.176400090063869e-29,8.176400090063868e-29,8.17640009006387e-29,8.176400090063868e-29,8.176400090063871e-29,8.17640009006387e-29,8.176400090063871e-29,8.176400090063869e-29,8.176400090063871e-29,8.176400090063873e-29,8.176400090063873e-29,8.176400090063871e-29,8.176400090063868e-29,8.176400090063871e-29,8.17640009006387e-29,8.176400090063869e-29,8.176400090063869e-29,8.176400090063866e-29,8.176400090063872e-29,8.176400090063872e-29,8.176400090063871e-29,8.176400090063871e-29,8.176400090063871e-29,8.176400090063869e-29,8.176400090063871e-29,8.176400090063872e-29,8.176400090063871e-29,8.176400090063871e-29,8.176400090063872e-29,8.176400090063868e-29,8.176400090063866e-29,8.176400090063872e-29,8.176400090063869e-29,8.176400090063871e-29,8.176400090063869e-29,8.176400090063871e-29,8.17640009006387e-29,8.17640009006387e-29,8.176400090063871e-29,8.176400090063872e-29,8.176400090063869e-29,8.176400090063872e-29,8.17640009006387e-29,8.17640009006387e-29,8.176400090063871e-29,8.176400090063871e-29,8.17640009006387e-29,8.176400090063869e-29,8.176400090063871e-29,8.176400090063869e-29,8.176400090063866e-29,8.17640009006387e-29,8.176400090063866e-29,8.176400090063868e-29,8.176400090063871e-29,8.176400090063869e-29,8.176400090063868e-29,8.176400090063868e-29,8.176400090063866e-29,8.176400090063869e-29,8.176400090063869e-29,8.17640009006387e-29,8.176400090063866e-29,8.176400090063866e-29,8.176400090063869e-29,8.176400090063868e-29,8.176400090063871e-29,8.176400090063866e-29,8.176400090063869e-29,8.176400090063871e-29,8.176400090063869e-29,8.176400090063871e-29,8.176400090063873e-29,8.176400090063872e-29,8.176400090063871e-29,8.176400090063872e-29,8.17640009006387e-29,8.176400090063871e-29,8.176400090063872e-29,8.176400090063874e-29,8.176400090063873e-29,8.176400090063874e-29,8.17640009006387e-29,8.176400090063872e-29,8.176400090063872e-29,8.176400090063871e-29,8.17640009006387e-29,8.176400090063873e-29,8.17640009006387e-29,8.176400090063871e-29,8.176400090063869e-29,8.176400090063871e-29,8.176400090063871e-29,8.176400090063868e-29,8.176400090063865e-29,8.176400090063871e-29,8.176400090063865e-29,8.176400090063864e-29,8.176400090063869e-29,8.176400090063869e-29,8.176400090063868e-29,8.176400090063871e-29,8.176400090063866e-29,8.176400090063866e-29,8.17640009006387e-29,8.176400090063868e-29,8.17640009006387e-29,8.176400090063873e-29,8.176400090063872e-29,8.176400090063872e-29,8.176400090063875e-29,8.17640009006387e-29,8.176400090063872e-29,8.176400090063872e-29,8.176400090063871e-29,8.176400090063871e-29,8.176400090063874e-29,8.176400090063869e-29,8.176400090063866e-29,8.17640009006387e-29,8.176400090063871e-29,8.176400090063872e-29,8.176400090063873e-29,8.176400090063873e-29,8.176400090063872e-29,8.176400090063871e-29,8.176400090063866e-29,8.176400090063872e-29,8.176400090063871e-29,8.176400090063869e-29,8.176400090063871e-29,8.176400090063869e-29,8.176400090063871e-29,8.176400090063866e-29,8.176400090063869e-29,8.176400090063869e-29,8.176400090063869e-29,8.176400090063871e-29,8.176400090063872e-29,8.176400090063872e-29,8.176400090063877e-29,8.176400090063874e-29,8.176400090063874e-29,8.176400090063878e-29,8.176400090063872e-29,8.176400090063877e-29,8.176400090063875e-29,8.176400090063879e-29,8.176400090063878e-29,8.176400090063877e-29,8.176400090063878e-29,8.176400090063879e-29,8.176400090063878e-29,8.176400090063879e-29,8.17640009006388e-29,8.176400090063881e-29,8.176400090063881e-29,8.176400090063879e-29,8.176400090063881e-29,8.176400090063879e-29,8.176400090063879e-29,8.176400090063879e-29,8.176400090063877e-29,8.176400090063878e-29,8.176400090063878e-29,8.176400090063878e-29,8.176400090063874e-29,8.176400090063873e-29,8.176400090063874e-29,8.176400090063874e-29,8.176400090063877e-29,8.176400090063874e-29,8.176400090063874e-29,8.176400090063874e-29,8.176400090063872e-29,8.17640009006387e-29,8.176400090063871e-29,8.17640009006387e-29,8.176400090063872e-29,8.176400090063874e-29,8.176400090063872e-29,8.176400090063877e-29,8.176400090063874e-29,8.176400090063877e-29,8.176400090063874e-29,8.176400090063872e-29,8.176400090063874e-29,8.176400090063874e-29,8.176400090063873e-29,8.176400090063874e-29,8.176400090063878e-29,8.176400090063877e-29,8.176400090063878e-29,8.176400090063875e-29,8.176400090063878e-29,8.176400090063879e-29,8.176400090063878e-29,8.176400090063877e-29,8.176400090063874e-29,8.176400090063877e-29,8.176400090063879e-29,8.176400090063878e-29,8.176400090063877e-29,8.176400090063878e-29,8.176400090063878e-29,8.176400090063875e-29,8.176400090063878e-29,8.176400090063874e-29,8.176400090063875e-29,8.176400090063871e-29,8.176400090063874e-29,8.176400090063873e-29,8.176400090063873e-29,8.176400090063873e-29,8.176400090063872e-29,8.176400090063872e-29,8.176400090063874e-29,8.176400090063878e-29,8.176400090063878e-29,8.176400090063874e-29,8.176400090063874e-29,8.176400090063874e-29,8.176400090063877e-29,8.176400090063879e-29,8.176400090063874e-29,8.176400090063877e-29,8.176400090063874e-29,8.176400090063878e-29,8.176400090063874e-29,8.176400090063877e-29,8.176400090063874e-29,8.176400090063872e-29,8.176400090063878e-29,8.176400090074587e-29,8.176400090074582e-29,8.176400090074586e-29,8.176400090074589e-29,8.176400090074582e-29,8.176400090074587e-29,8.176400090074588e-29,8.176400090074589e-29,8.176400090074591e-29,8.176400090074589e-29,8.176400090074594e-29,8.176400090074588e-29,8.176400090074588e-29,8.176400090074589e-29,8.176400090074588e-29,8.176400090074589e-29,8.176400090074587e-29,8.176400090074587e-29,8.176400090074589e-29,8.176400090074586e-29,8.17640009007459e-29,8.176400090074587e-29,8.176400090074582e-29,8.176400090074587e-29,8.176400090074582e-29,8.176400090074588e-29,8.176400090074587e-29,8.176400090074587e-29,8.176400090074588e-29,8.17640009007459e-29,8.176400090074588e-29,8.176400090074587e-29,8.176400090074589e-29,8.176400090074587e-29,8.176400090074587e-29,8.176400090074588e-29,8.176400090074587e-29,8.176400090074587e-29,8.176400090074587e-29,8.176400090074589e-29,8.176400090074586e-29,8.176400090074582e-29,8.176400090074587e-29,8.176400090074588e-29,8.176400090074585e-29,8.176400090074585e-29,8.176400090074584e-29,8.176400090074588e-29,8.176400090074587e-29,8.176400090074586e-29,8.176400090074587e-29,8.176400090074581e-29,8.176400090074586e-29,8.176400090074581e-29,8.176400090074586e-29,8.176400090074586e-29,8.176400090074587e-29,8.176400090074589e-29,8.176400090074588e-29,8.17640009007459e-29,8.176400090074588e-29,8.17640009007459e-29,8.17640009007459e-29,8.17640009007459e-29,8.176400090074587e-29,8.176400090074586e-29,8.176400090074584e-29,8.176400090074586e-29,8.176400090074586e-29,8.176400090074588e-29,8.176400090074585e-29,8.176400090074588e-29,8.176400090074586e-29,8.176400090074589e-29,8.176400090074584e-29,8.176400090074587e-29,8.176400090074588e-29,8.176400090074587e-29,8.176400090074586e-29,8.176400090074588e-29,8.176400090074588e-29,8.176400090074591e-29,8.176400090074589e-29,8.17640009007459e-29,8.17640009007459e-29,8.176400090074589e-29,8.176400090074587e-29,8.17640009007459e-29,8.176400090074591e-29,8.176400090074591e-29,8.176400090074591e-29,8.176400090074591e-29,8.176400090074588e-29,8.176400090074591e-29,8.176400090074589e-29,8.176400090074588e-29,8.176400090074588e-29,8.17640009007459e-29,8.176400090074587e-29,8.176400090074588e-29,8.176400090074588e-29,8.176400090074587e-29,8.176400090074588e-29,8.176400090074589e-29,8.176400090074589e-29,8.176400090074589e-29,8.176400090074589e-29,8.176400090074589e-29,8.176400090074586e-29,8.176400090074588e-29,8.176400090074587e-29,8.176400090074588e-29,8.176400090074587e-29,8.176400090074584e-29,8.17640009007458e-29,8.176400090074582e-29,8.176400090074584e-29,8.176400090074584e-29,8.176400090074586e-29,8.17640009007458e-29,8.176400090074581e-29,8.176400090074582e-29,8.176400090074581e-29,8.17640009007458e-29,8.176400090074584e-29,8.176400090074579e-29,8.176400090074584e-29,8.176400090074582e-29,8.176400090074585e-29,8.176400090074587e-29,8.176400090074582e-29,8.176400090074582e-29,8.176400090074584e-29,8.176400090074915e-29,8.176400090074918e-29,8.176400090088945e-29,8.176400090088945e-29,8.17640009008909e-29,8.176400090095461e-29,8.176400090095461e-29,8.176400090101537e-29,8.176400090101538e-29,8.176400090101519e-29,8.176400090101522e-29,8.176400090101443e-29,8.176400090101448e-29,8.176400090101443e-29,8.176400090101385e-29,8.176400090100482e-29,8.176400090088166e-29,8.176400090088167e-29,8.176400090088166e-29,8.176400090081935e-29,8.176400090081938e-29,8.176400090081937e-29,8.176400090081725e-29,8.176400090081724e-29,8.176400090081724e-29,8.17640009008172e-29,8.17640009008206e-29,8.176400090082061e-29,8.17640009008206e-29,8.176400090082062e-29,8.176400090082064e-29,8.176400090082063e-29,8.176400090082067e-29,8.176400090084629e-29,8.176400090084628e-29,8.176400090297641e-29,8.176400090300056e-29,8.176400090300057e-29,8.176400090300056e-29,8.176400090301047e-29,8.176400090300786e-29,8.176400090300786e-29,8.176400090300783e-29,8.176400090300937e-29,8.17640009030116e-29,8.17640009030116e-29,8.176400090301162e-29,8.176400090301162e-29,8.176400090300986e-29,8.176400090300986e-29,8.176400090300987e-29,8.176400090300987e-29,8.176400090300987e-29,8.176400090300986e-29,8.176400090300991e-29,8.176400090300987e-29,8.176400090300798e-29,8.1764000903006e-29,8.176400090300574e-29,8.176400090300574e-29,8.176400090300574e-29,8.176400090300574e-29,8.176400090300577e-29,8.176400090300574e-29,8.17640009030058e-29,8.176400090300574e-29,8.176400090300575e-29,8.17640009030057e-29,8.176400090300574e-29,8.176400090301002e-29,8.176400090301001e-29,8.176400090301066e-29,8.176400090301522e-29,8.176400090301575e-29,8.176400090300365e-29,8.176400090300364e-29,8.176400090300362e-29,8.176400090295613e-29,8.176400090304676e-29,8.176400090304679e-29,8.176400090304681e-29,8.176400090305182e-29,8.176400090304993e-29,8.176400090301725e-29,8.17640009027639e-29,8.17640009027639e-29,8.176400090264692e-29,8.176400090264694e-29,8.176400090264794e-29,8.176400090264795e-29,8.176400090264794e-29,8.176400090264793e-29,8.176400090270937e-29,8.176400090271153e-29,8.176400090270556e-29,8.176400090270556e-29,8.176400090270555e-29,8.176400090270554e-29,8.17640009027058e-29,8.17640009027058e-29,8.176400090270575e-29,8.176400090270577e-29,8.176400090270576e-29,8.176400090270578e-29,8.176400090270575e-29,8.176400090270578e-29,8.176400090270577e-29,8.176400090270577e-29,8.176400090270575e-29,8.176400090270578e-29,8.176400090270575e-29,8.176400090270571e-29,8.176400090270575e-29,8.176400090270575e-29,8.176400090270575e-29,8.176400090270576e-29,8.176400090270578e-29,8.176400090270575e-29,8.176400090270579e-29,8.176400090270577e-29,8.176400096898287e-29,8.176400096898277e-29,8.176400096898272e-29,8.176400096898276e-29,8.176400096898273e-29,8.176400096898276e-29,8.176400096898285e-29,8.176400096898292e-29,8.176400096898293e-29,8.176400096898295e-29,8.176400096898294e-29,8.176400096898289e-29,8.176400096899173e-29,8.176400096899176e-29,8.176400096898377e-29,8.176400096898378e-29,8.176400096897963e-29,8.176400096897828e-29,8.176400096897471e-29,8.17640009689739e-29,8.176400096897391e-29,8.17640009689739e-29,8.176400096897393e-29,8.176400096897391e-29,8.176400096897395e-29,8.176400096897391e-29,8.176400096897394e-29,8.176400096919687e-29,8.176400096919687e-29,8.176400096919687e-29,8.176400096919921e-29,8.176400096919922e-29,8.176400096919924e-29,8.176400096919925e-29,8.176400096919919e-29,8.176400096919917e-29,8.176400096919917e-29,8.17640009691996e-29,8.176400096919956e-29,8.176400096919956e-29,8.176400096919941e-29,8.176400096920021e-29,8.176400096920012e-29,8.176400096920014e-29,8.176400096920248e-29,8.176400096920545e-29,8.176400096920533e-29,8.176400096920534e-29,8.176400096920534e-29,8.17640009691976e-29,8.176400096919763e-29,8.176400096919479e-29,8.176400096919477e-29,8.176400096919478e-29,8.176400096920155e-29,8.176400096920154e-29,8.176400096920154e-29,8.176400096920153e-29,8.176400096920021e-29,8.176400096920021e-29,8.176400096920017e-29,8.176400096920016e-29,8.176400096947553e-29,8.176400096951946e-29,8.176400096949301e-29,8.176400096949301e-29,8.176400096949302e-29,8.176400096949301e-29,8.176400096949302e-29,8.176400096916997e-29,8.176400096916274e-29,8.176400096916275e-29,8.176400096916081e-29,8.176400096917181e-29,8.176400096916893e-29,8.176400096914439e-29,8.176400096914439e-29,8.176400096914436e-29,8.17640009691444e-29,8.176400096914436e-29,8.176400096914438e-29,8.176400096915031e-29,8.176400096917538e-29,8.176400096917537e-29,8.176400096917537e-29,8.176400096917538e-29,8.176400096919627e-29,8.176400096919622e-29,8.176400096919624e-29,8.176400096919625e-29,8.176400096919661e-29,8.176400096916208e-29,8.176400096916226e-29,8.176400096916226e-29,8.176400096916297e-29,8.176400096916297e-29,8.176400096916291e-29,8.176400096916292e-29,8.176400096920403e-29,8.176400096920402e-29,8.176400096920831e-29,8.176400096920826e-29,8.176400096920846e-29,8.176400096920847e-29,8.176400096920849e-29,8.17640009692085e-29,8.176400096920848e-29,8.176400096920849e-29,8.176400096920865e-29,8.176400096920863e-29,8.176400096920865e-29,8.176400096920865e-29,8.176400096920887e-29,8.176400096921231e-29,8.176400096921233e-29,8.176400096921228e-29,8.176400096921228e-29,8.176400096921234e-29,8.17640009692123e-29,8.17640009692123e-29,8.176400096921231e-29,8.176400096921228e-29,8.176400096921179e-29,8.176400096922809e-29,8.176400096922854e-29,8.176400096922854e-29,8.176400096922859e-29,8.1764000969243e-29,8.176400096924301e-29,8.176400096924321e-29,8.17640009692405e-29,8.176400096924049e-29,8.176400096924053e-29,8.176400096924049e-29,8.176400096923799e-29,8.176400096922006e-29,8.176400096922007e-29,8.176400096922011e-29,8.176400096921708e-29,8.176400096921706e-29,8.176400096921706e-29,8.176400096921707e-29,8.176400096921706e-29,8.176400096921705e-29,8.176400096921705e-29,8.176400096922863e-29,8.176400096922861e-29,8.176400096922864e-29,8.176400096922747e-29,8.176400096922753e-29,8.176400096922747e-29,8.176400096922749e-29,8.17640009692275e-29,8.17640009692275e-29,8.17640009692275e-29,8.176400096922755e-29,8.176400096922757e-29,8.17640009692327e-29,8.176400096923267e-29,8.176400096923267e-29,8.176400096923275e-29,8.176400096923271e-29,8.176400096923271e-29,8.17640009692327e-29,8.176400096923272e-29,8.176400096921956e-29,8.176400096921956e-29,8.176400096921973e-29,8.176400096921973e-29,8.176400096921973e-29,8.176400096921971e-29,8.176400096921974e-29,8.176400096921976e-29,8.176400096922071e-29,8.176400096922054e-29,8.176400096922054e-29,8.176400096922055e-29,8.176400096922053e-29,8.176400096922057e-29,8.176400096930498e-29,8.176400096930498e-29,8.1764000969305e-29,8.176400096930499e-29,8.1764000969305e-29,8.1764000969305e-29,8.176400096930502e-29,8.176400096930936e-29,8.176400096930941e-29,8.176400096983505e-29,8.176400096983507e-29,8.176400096983505e-29,8.176400096983507e-29,8.176400096983509e-29,8.176400096983501e-29,8.176400096983501e-29,8.176400096983503e-29,8.1764000969835e-29,8.1764000969835e-29,8.1764000969835e-29,8.1764000969835e-29,8.176400096983498e-29,8.176400096983495e-29,8.176400096983494e-29,8.176400096982743e-29,8.176400096982745e-29,8.176400096982736e-29,8.176400096982735e-29,8.176400096982738e-29,8.176400096982743e-29,8.176400096982737e-29,8.17640009698274e-29,8.176400096982679e-29,8.176400096982686e-29,8.176400096982678e-29,8.176400096982696e-29,8.176400096982695e-29,8.176400096982697e-29,8.176400096982912e-29,8.176400096982912e-29,8.176400096982911e-29,8.176400096982078e-29,8.176400096981914e-29,8.176400096981227e-29,8.176400096981228e-29,8.176400096981226e-29,8.176400096981226e-29,8.176400096981228e-29,8.176400096981279e-29,8.176400096981281e-29,8.176400096981277e-29,8.176400096981366e-29,8.176400096981365e-29,8.176400096981366e-29,8.176400096977841e-29,8.176400096977912e-29,8.176400096977774e-29,8.176400096977777e-29,8.176400096977773e-29,8.176400096977778e-29,8.176400096977777e-29,8.17640009697794e-29,8.17640009697794e-29,8.176400096977946e-29,8.176400096977946e-29,8.176400096977944e-29,8.17640009697794e-29,8.176400096977944e-29,8.176400096977946e-29,8.176400096977946e-29,8.176400096977946e-29,8.176400096977944e-29,8.176400096978833e-29,8.176400096978832e-29,8.176400096980191e-29,8.176400096980189e-29,8.17640009698019e-29,8.176400096980188e-29,8.17640009698019e-29,8.176400096980189e-29,8.176400096979691e-29,8.176400096979691e-29,8.17640009697969e-29,8.17640009697969e-29,8.176400096979695e-29,8.176400096979688e-29,8.176400096979685e-29,8.176400096979687e-29,8.176400096979689e-29,8.176400096979687e-29,8.176400096980723e-29,8.176400096980718e-29,8.176400096981695e-29,8.176400096982774e-29,8.176400096982777e-29,8.176400096982773e-29,8.176400096978035e-29,8.176400096978038e-29,8.176400096978038e-29,8.176400096977948e-29,8.176400096977946e-29,8.176400096977944e-29,8.176400096977946e-29,8.176400096977945e-29,8.176400096977943e-29,8.176400096977946e-29,8.176400096977946e-29,8.176400096977948e-29,8.176400096977845e-29,8.176400096978916e-29,8.176400096978915e-29,8.176400096978913e-29,8.17640009697896e-29,8.17640009697896e-29,8.17640009697896e-29,8.176400096978962e-29,8.176400096978958e-29,8.176400096978962e-29,8.176400096978966e-29,8.176400096978963e-29,8.176400096978966e-29,8.176400096979884e-29,8.176400096979886e-29,8.176400096979884e-29,8.176400096977805e-29,8.176400096977808e-29,8.176400096977808e-29,8.17640009697782e-29,8.176400096977824e-29,8.176400096977818e-29,8.176400096977827e-29,8.176400096977823e-29,8.176400096977818e-29,8.176400096977843e-29,8.176400096978457e-29,8.176400096978455e-29,8.176400096978453e-29,8.17640009697845e-29,8.176400096978561e-29,8.176400096978561e-29,8.176400096978564e-29,8.176400096978753e-29,8.176400096978758e-29,8.176400096978756e-29,8.176400096979113e-29,8.176400096979113e-29,8.176400096979115e-29,8.176400096979114e-29,8.176400096978609e-29,8.176400096978607e-29,8.176400096978612e-29,8.176400096978611e-29,8.176400096978605e-29,8.176400096978749e-29,8.176400096978749e-29,8.176400096978748e-29,8.176400096978746e-29,8.176400096978748e-29,8.176400096978518e-29,8.176400096978518e-29,8.176400096978518e-29,8.176400096978519e-29,8.176400096978518e-29,8.176400096978635e-29,8.176400096978637e-29,8.176400096978602e-29,8.176400096978604e-29,8.176400096978606e-29,8.176400096978611e-29,8.176400096978606e-29,8.176400096978611e-29,8.17640009697881e-29,8.176400096978685e-29,8.176400096978682e-29,8.176400096978387e-29,8.176400096978387e-29,8.176400096978385e-29,8.176400096978388e-29,8.176400096978384e-29,8.176400096978921e-29,8.176400096978921e-29,8.176400096978922e-29,8.176400096979311e-29,8.17640009697931e-29,8.176400096979311e-29,8.176400096979309e-29,8.176400096979307e-29,8.17640009697931e-29,8.17640009697931e-29,8.176400096979307e-29,8.176400096979309e-29,8.176400096978383e-29,8.1764000969785e-29,8.176400096978499e-29,8.176400096981604e-29,8.176400096981605e-29,8.176400096981746e-29,8.176400096981745e-29,8.176400096981743e-29,8.176400096981775e-29,8.176400096981778e-29,8.176400096981774e-29,8.176400096981773e-29,8.176400096981765e-29,8.176400096981625e-29,8.17640009698163e-29,8.176400096981705e-29,8.176400096981706e-29,8.176400096981703e-29,8.176400096981707e-29,8.176400096981703e-29,8.176400096981701e-29,8.176400096981703e-29,8.176400096981135e-29,8.176400096981133e-29,8.176400096981139e-29,8.17640009698108e-29,8.176400096981062e-29,8.176400096980949e-29,8.176400096986039e-29,8.176400096986039e-29,8.176400096988015e-29,8.176400096988016e-29,8.176400096988016e-29,8.176400096988015e-29,8.176400096988017e-29,8.176400096988025e-29,8.176400096988025e-29,8.176400096988025e-29,8.176400096988027e-29,8.176400096994897e-29,8.176400096805819e-29,8.176400096805823e-29,8.176400096805733e-29,8.176400096805733e-29,8.176400096805732e-29,8.176400096805732e-29,8.176400096805734e-29,8.176400096805724e-29,8.176400096805724e-29,8.176400096805722e-29,8.176400096805722e-29,8.17640009680572e-29,8.176400096805715e-29,8.176400096805995e-29,8.17640009680599e-29,8.176400096809555e-29,8.176400096809554e-29,8.176400096783317e-29,8.176400096783316e-29,8.176400096783316e-29,8.176400096783316e-29,8.176400096783318e-29,8.176400096783313e-29,8.176400096783578e-29,8.176400096783791e-29,8.176400096783793e-29,8.176400096783793e-29,8.176400096783797e-29,8.176400096783796e-29,8.176400096783797e-29,8.176400096783796e-29,8.176400096783959e-29,8.176400096784014e-29,8.176400096784012e-29,8.176400096784336e-29,8.176400096784331e-29,8.176400096784331e-29,8.176400096784335e-29,8.176400096784348e-29,8.17640009678435e-29,8.176400096788276e-29,8.176400096788279e-29,8.176400096788277e-29,8.176400096788277e-29,8.17640009678854e-29,8.176400096800112e-29,8.176400096800047e-29,8.176400096799949e-29,8.176400096799943e-29,8.17640009680019e-29,8.176400096800185e-29,8.176400096800175e-29,8.176400096800177e-29,8.176400096800178e-29,8.176400096800177e-29,8.176400096800183e-29,8.176400096800185e-29,8.176400096800182e-29,8.176400096800185e-29,8.176400096800185e-29,8.176400096800398e-29,8.176400096800223e-29,8.176400096800219e-29,8.176400096800216e-29,8.176400096800215e-29,8.176400096800214e-29,8.176400096800211e-29,8.176400096800213e-29,8.176400096800148e-29,8.176400096800151e-29,8.176400096800147e-29,8.176400096800364e-29,8.176400096800259e-29,8.176400096799695e-29,8.176400096799693e-29,8.176400096799694e-29,8.176400096799692e-29,8.176400096794998e-29,8.176400096794998e-29,8.176400096794999e-29,8.176400096794997e-29,8.176400096795e-29,8.176400096795144e-29,8.176400096795146e-29,8.176400096795146e-29,8.176400096798058e-29,8.176400096798058e-29,8.176400096798061e-29,8.176400096798063e-29,8.17640009679806e-29,8.176400096798064e-29,8.176400096798063e-29,8.176400096798058e-29,8.176400096798056e-29,8.176400096798055e-29,8.176400096798057e-29,8.176400096798057e-29,8.176400096798055e-29,8.176400096798058e-29,8.176400096798057e-29,8.176400096798058e-29,8.176400096798058e-29,8.176400096798058e-29,8.176400096798081e-29,8.176400096798079e-29,8.176400096798993e-29,8.17640009679899e-29,8.176400096798989e-29,8.176400096798991e-29,8.176400096798991e-29,8.17640009679899e-29,8.176400096768907e-29,8.176400096769111e-29,8.176400096769068e-29,8.176400096769068e-29,8.176400096769066e-29,8.17640009676909e-29,8.17640009676909e-29,8.176400096769091e-29,8.176400096769092e-29,8.176400096769091e-29,8.176400096769093e-29,8.176400096769093e-29,8.17640009676909e-29,8.176400096769092e-29,8.176400096769093e-29,8.176400096769109e-29,8.176400096645115e-29,8.176400096645129e-29,8.176400096645125e-29,8.176400096645027e-29,8.176400096645037e-29,8.176400096636985e-29,8.176400096636985e-29,8.176400096636988e-29,8.176400096636987e-29,8.176400096636985e-29,8.176400096636987e-29,8.176400096636989e-29,8.176400096636985e-29,8.176400096636982e-29,8.176400096636985e-29,8.176400096636983e-29,8.176400096636983e-29,8.176400096636984e-29,8.17640009663698e-29,8.176400096636985e-29,8.176400096636982e-29,8.176400096636988e-29,8.176400096636987e-29,8.176400096636984e-29,8.176400096636989e-29,8.176400096636987e-29,8.176400096636956e-29,8.176400096634484e-29,8.176400096635346e-29,8.176400096635348e-29,8.176400096635344e-29,8.176400096635345e-29,8.176400096635346e-29,8.176400096635344e-29,8.176400096635348e-29,8.176400096635342e-29,8.176400096634014e-29,8.17640009663507e-29,8.176400096635066e-29,8.17640009663507e-29,8.176400096635065e-29,8.17640009663507e-29,8.176400096635066e-29,8.176400096635065e-29,8.176400096635062e-29,8.176400096635062e-29,8.176400096635064e-29,8.176400096635063e-29,8.176400096635061e-29,8.176400096635063e-29,8.176400096635063e-29,8.176400096635058e-29,8.176400096635063e-29,8.176400096628251e-29,8.176400096628255e-29,8.176400096628248e-29,8.176400096628441e-29,8.176400096616195e-29,8.176400096616195e-29,8.176400096616192e-29,8.176400096616161e-29,8.176400096616156e-29,8.176400096616159e-29,8.176400096659571e-29,8.176400096659572e-29,8.176400096659571e-29,8.176400096659573e-29,8.17640009665957e-29,8.176400096659618e-29,8.176400096659619e-29,8.176400096659616e-29,8.176400096659618e-29,8.176400096659617e-29,8.176400096659615e-29,8.176400096659617e-29,8.176400096659614e-29,8.176400096659618e-29,8.176400096659614e-29,8.176400096659611e-29,8.176400096659611e-29,8.176400096659611e-29,8.17640009665961e-29,8.176400096659608e-29,8.176400096659987e-29,8.176400096659987e-29,8.176400096659986e-29,8.176400096659985e-29,8.176400096660071e-29,8.176400096660072e-29,8.176400096660072e-29,8.176400096660072e-29,8.176400096660072e-29,8.176400096660074e-29,8.176400096660071e-29,8.176400096660073e-29,8.176400096660073e-29,8.176400096660079e-29,8.176400096660079e-29,8.176400096660081e-29,8.176400096660078e-29,8.176400096660081e-29,8.176400096659914e-29,8.176400096659917e-29,8.176400096659921e-29,8.17640009665992e-29,8.176400096659917e-29,8.176400096659918e-29,8.176400096660607e-29,8.176400096660607e-29,8.176400096660608e-29,8.176400096660614e-29,8.176400096660614e-29,8.176400096660614e-29,8.17640009666061e-29,8.176400096658332e-29,8.17640009665833e-29,8.17640009665833e-29,8.176400096658331e-29,8.176400096658329e-29,8.176400096658111e-29,8.176400096657729e-29,8.176400096657993e-29,8.176400096657991e-29,8.176400096658061e-29,8.176400096658064e-29,8.176400096658067e-29,8.176400096657988e-29,8.176400096645775e-29,8.176400096645773e-29,8.176400096645777e-29,8.176400096645772e-29,8.176400096645752e-29,8.176400096645753e-29,8.176400096645749e-29,8.17640009664575e-29,8.176400096645752e-29,8.176400096645751e-29,8.176400096645752e-29,8.176400096645335e-29,8.176400096645336e-29,8.176400096645336e-29,8.176400096645334e-29,8.176400096645335e-29,8.176400096645247e-29,8.17640009664525e-29,8.176400096661764e-29,8.176400096661758e-29,8.17640009666176e-29,8.17640009666176e-29,8.176400096661728e-29,8.176400096661724e-29,8.176400096661665e-29,8.176400096661661e-29,8.176400096661663e-29,8.176400096661661e-29,8.176400096661454e-29,8.176400096661457e-29,8.176400096661453e-29,8.176400096658352e-29,8.17640009665288e-29,8.176400096655341e-29,8.176400096655502e-29,8.176400096656698e-29,8.176400096656694e-29,8.176400096656699e-29,8.176400096656699e-29,8.176400096656699e-29,8.1764000966567e-29,8.176400096656702e-29,8.176400096656701e-29,8.176400096660885e-29,8.176400096660886e-29,8.176400096660888e-29,8.176400096660883e-29,8.176400096663821e-29,8.176400096663815e-29,8.176400096663815e-29,8.176400096663821e-29,8.17640009666382e-29,8.176400096663817e-29,8.176400096663817e-29,8.176400096663854e-29,8.176400096663853e-29,8.176400096663851e-29,8.176400096663851e-29,8.176400096663853e-29,8.176400096663852e-29,8.176400096663853e-29,8.176400096663852e-29,8.176400096664056e-29,8.17640009666395e-29,8.176400096663949e-29,8.17640009666395e-29,8.176400096663951e-29,8.17640009666395e-29,8.17640009666395e-29,8.176400096663951e-29,8.176400096663951e-29,8.176400096663953e-29,8.176400096663955e-29,8.176400096663374e-29,8.176400096665259e-29,8.176400096665258e-29,8.176400096665259e-29,8.176400096665259e-29,8.176400096665261e-29,8.176400096665144e-29,8.176400096665144e-29,8.17640009666514e-29,8.176400096665143e-29,8.176400096665145e-29,8.176400096665185e-29,8.176400096665184e-29,8.176400096665185e-29,8.176400096665183e-29,8.176400096665181e-29,8.17640009666518e-29,8.176400096665176e-29,8.176400096665175e-29,8.176400096665174e-29,8.176400096665176e-29,8.17640009666522e-29,8.176400096664807e-29,8.176400096664807e-29,8.176400096664829e-29,8.176400096664571e-29,8.176400096664567e-29,8.176400096664565e-29,8.176400096664524e-29,8.17640009666452e-29,8.176400096645775e-29,8.176400096645793e-29,8.176400096645788e-29,8.176400096645793e-29,8.176400096645793e-29,8.176400096645793e-29,8.176400096645764e-29,8.176400096645764e-29,8.176400096645764e-29,8.176400096645768e-29,8.176400096645632e-29,8.176400096645632e-29,8.176400096645635e-29,8.176400096645635e-29,8.176400096645632e-29,8.176400096645632e-29,8.176400096645631e-29,8.176400096645631e-29,8.176400096645632e-29,8.176400096645632e-29,8.176400096645634e-29,8.176400096645635e-29,8.176400096645638e-29,8.17640009664655e-29,8.176400096646553e-29,8.176400096646553e-29,8.176400096646557e-29,8.176400096646553e-29,8.17640009664655e-29,8.176400096646552e-29,8.176400096646512e-29,8.176400096646511e-29,8.176400096646512e-29,8.176400096646511e-29,8.17640009664651e-29,8.176400096646507e-29,8.176400096646779e-29,8.176400096646781e-29,8.17640009664678e-29,8.176400096646781e-29,8.176400096646783e-29,8.176400096647975e-29,8.176400096647974e-29,8.176400096648e-29,8.176400096647995e-29,8.176400096647996e-29,8.176400096647945e-29,8.176400096647941e-29,8.176400096647942e-29,8.176400096648005e-29,8.176400096648006e-29,8.176400096648007e-29,8.176400096647887e-29,8.176400096647886e-29,8.176400096647891e-29,8.176400096647885e-29,8.176400096647887e-29,8.176400096647885e-29,8.176400096647883e-29,8.176400096647884e-29,8.176400096647884e-29,8.176400096647883e-29,8.176400096647884e-29,8.176400096647913e-29,8.176400096647916e-29,8.176400096648195e-29,8.176400096648194e-29,8.17640009664791e-29,8.176400096647911e-29,8.176400096648022e-29,8.17640009664802e-29,8.176400096648018e-29,8.176400096648024e-29,8.176400096648032e-29,8.176400096648028e-29,8.176400096648027e-29,8.176400096648025e-29,8.176400096648027e-29,8.176400096648025e-29,8.176400096648027e-29,8.176400096648028e-29,8.176400096646306e-29,8.176400096646305e-29,8.176400096646307e-29,8.17640009664631e-29,8.176400096646308e-29,8.176400096646312e-29,8.176400096646318e-29,8.176400096646432e-29,8.176400096646429e-29,8.176400096647837e-29,8.176400096647835e-29,8.176400096647835e-29,8.176400096647834e-29,8.176400096647833e-29,8.176400096647861e-29,8.176400096647861e-29,8.176400096644654e-29,8.176400096644649e-29,8.176400096644649e-29,8.176400096644293e-29,8.176400096644292e-29,8.176400096644421e-29,8.17640009664442e-29,8.176400096644425e-29,8.176400096644427e-29,8.176400096644429e-29,8.176400096644426e-29,8.176400096644428e-29,8.176400096644404e-29,8.176400096644404e-29,8.176400096644403e-29,8.176400096644401e-29,8.176400096645383e-29,8.176400096645385e-29,8.176400096645384e-29,8.176400096645389e-29,8.17640009664539e-29,8.176400096645389e-29,8.176400096644435e-29,8.176400096644421e-29,8.176400096644421e-29,8.17640009664442e-29,8.17640009664442e-29,8.176400096612024e-29,8.176400096612023e-29,8.176400096612022e-29,8.176400096612023e-29,8.176400096612022e-29,8.176400096611055e-29,8.176400096611049e-29,8.176400096611713e-29,8.176400096611715e-29,8.176400096611717e-29,8.176400096611715e-29,8.176400096614449e-29,8.176400096614451e-29,8.176400096614453e-29,8.17640009661447e-29,8.176400096614474e-29,8.176400096614459e-29,8.176400096614457e-29,8.176400096614455e-29,8.176400096614455e-29,8.176400096614457e-29,8.176400096614454e-29,8.176400096614458e-29,8.176400096614457e-29,8.176400096614459e-29,8.176400096614409e-29,8.176400096614409e-29,8.176400096614414e-29,8.176400096614412e-29,8.176400096614412e-29,8.176400096614413e-29,8.176400096614412e-29,8.176400096614417e-29,8.176400096614414e-29,8.176400096614414e-29,8.176400096614411e-29,8.176400096614413e-29,8.176400096614414e-29,8.176400096614414e-29,8.176400096614413e-29,8.176400096614412e-29,8.176400096614416e-29,8.176400096614412e-29,8.176400096614409e-29,8.17640009661441e-29,8.176400096614407e-29,8.176400096614409e-29,8.176400096616267e-29,8.176400096616265e-29,8.17640009661627e-29,8.176400096616267e-29,8.176400096616264e-29,8.176400096616105e-29,8.176400096616371e-29,8.17640009661637e-29,8.176400096616371e-29,8.17640009661637e-29,8.176400096616348e-29,8.176400096619883e-29,8.17640009661988e-29,8.176400096619883e-29,8.17640009661988e-29,8.176400096619878e-29,8.176400096619877e-29,8.176400096619876e-29,8.177555709106291e-29,8.17755570910629e-29,8.177555709106291e-29,8.177555709106293e-29,8.177555709106291e-29,8.177555709107105e-29,8.177555709107105e-29,8.177555709107105e-29,8.177555709107105e-29,8.177555709107133e-29,8.177555709107137e-29,8.177555709107137e-29,8.17755570910714e-29,8.17755570910714e-29,8.177555709107138e-29,8.177555709108485e-29,8.177555709108485e-29,8.177555709108153e-29,8.177555709108156e-29,8.177555709108154e-29,8.177555709108154e-29,8.177555709108158e-29,8.177555709105376e-29,8.177555709105379e-29,8.177555709105382e-29,8.177555709105382e-29,8.177555709105377e-29,8.177555709058028e-29,8.177555709058167e-29,8.177555709058161e-29,8.177555709057178e-29,8.177555709058505e-29,8.177555709058523e-29,8.177555709058524e-29,8.177555709058524e-29,8.177555709058523e-29,8.177555709058433e-29,8.177555709058417e-29,8.177555709058417e-29,8.177555709058412e-29,8.177555709058417e-29,8.177555709058326e-29,8.177555709058336e-29,8.177555709058335e-29,8.177555709058335e-29,8.177555709058334e-29,8.177555709058335e-29,8.177555709058334e-29,8.17755570905833e-29,8.177555709058335e-29,8.177555709058325e-29,8.177555709058326e-29,8.177555709055058e-29,8.177555709053137e-29,8.177555709053138e-29,8.17755570905314e-29,8.177555709053141e-29,8.177555709053142e-29,8.17755570905314e-29,8.17755570905105e-29,8.177555709051055e-29,8.177555701785699e-29,8.177555701786094e-29,8.17755570178609e-29,8.17755570178584e-29,8.177555701785841e-29,8.177555701783824e-29,8.177555701783827e-29,8.177555701783826e-29,8.177555701783157e-29,8.177555701783395e-29,8.177555701783515e-29,8.177555701783504e-29,8.177555701783521e-29,8.17755570178371e-29,8.177555701783533e-29,8.177555701783534e-29,8.177555701783534e-29,8.177555701783533e-29,8.177555701783532e-29,8.177555701783477e-29,8.177555701785901e-29,8.177555701785944e-29,8.177555701785946e-29,8.177555701786091e-29,8.177555701786094e-29,8.177555701786091e-29,8.177555701786094e-29,8.177555701786094e-29,8.177555701786195e-29,8.177555701786193e-29,8.177555701786193e-29,8.177555701786193e-29,8.17755570178609e-29,8.17755570178609e-29,8.177555701786094e-29,8.17755570178609e-29,8.177555701786724e-29,8.177555701786724e-29,8.177555701786718e-29,8.177555701786997e-29,8.177555701786997e-29,8.177555701786996e-29,8.177555701787e-29,8.177555701787464e-29,8.177555701787464e-29,8.177555701787464e-29,8.177555701787463e-29,8.177555701787464e-29,8.177555701787465e-29,8.177555701787463e-29,8.177555701787467e-29,8.177555701787464e-29,8.177555701787465e-29,8.177555701787463e-29,8.177555701787463e-29,8.177555701787464e-29,8.177555701787436e-29,8.177555701787439e-29,8.177555701787441e-29,8.177555701787439e-29,8.177555701787442e-29,8.17755570178744e-29,8.177555701787441e-29,8.17755570178744e-29,8.177555701787441e-29,8.177555701787441e-29,8.177555701787441e-29,8.177555701787441e-29,8.177555701787365e-29,8.177555701787364e-29,8.177555701787364e-29,8.177555701787365e-29,8.177555701787371e-29,8.177555701787368e-29,8.17755570178737e-29,8.177555701787633e-29,8.177555701787604e-29,8.177555701787605e-29,8.177555701787606e-29,8.177555701787604e-29,8.177555701787605e-29,8.177555701787609e-29,8.177555701787605e-29,8.177555701787605e-29,8.177555701787605e-29,8.177555701787605e-29,8.177555701787604e-29,8.177555701787602e-29,8.177555701787602e-29,8.177555701787602e-29,8.177555701787597e-29,8.177555701787377e-29,8.177555701787375e-29,8.177555701864248e-29,8.177555701864248e-29,8.177555701864379e-29,8.177555701864376e-29,8.177555701864385e-29,8.177555701864213e-29,8.177555701863978e-29,8.177555701863981e-29,8.177555701863982e-29,8.177555701863982e-29,8.177555701863992e-29,8.177555701863839e-29,8.177555701863838e-29,8.177555701863839e-29,8.177555701864971e-29,8.177555701864971e-29,8.177555701864955e-29,8.177555701862524e-29,8.177555701862524e-29,8.177555701862524e-29,8.177555701862658e-29,8.177555701862656e-29,8.177555701862657e-29,8.177555701861607e-29,8.177555701861606e-29,8.177555701861607e-29,8.177555701861608e-29,8.177555701861609e-29,8.177555701861608e-29,8.177555701861588e-29,8.177555701861589e-29,8.177555701854704e-29,8.177555701854706e-29,8.177555701854704e-29,8.177555701854705e-29,8.177555701851169e-29,8.177555701851168e-29,8.177555701851169e-29,8.177555701851169e-29,8.177555701851169e-29,8.177555701851329e-29,8.177555701851331e-29,8.177555701851334e-29,8.177555701851336e-29,8.177555701851336e-29,8.177555701851334e-29,8.177555701851336e-29,8.177555701851333e-29,8.177555701851331e-29,8.177555701851335e-29,8.177555701851335e-29,8.177555701851336e-29,8.17755570185134e-29,8.177555701851339e-29,8.17755570185134e-29,8.17755570185136e-29,8.177555701851363e-29,8.177555701851435e-29,8.17755570184567e-29,8.17755570184567e-29,8.177555701845671e-29,8.177555701846144e-29,8.177555701846141e-29,8.177555701846141e-29,8.177555701846141e-29,8.177555701846141e-29,8.177555701846446e-29,8.177555701846444e-29,8.177555701848392e-29,8.177555701848395e-29,8.177555701831822e-29,8.177555701832131e-29,8.177555701832218e-29,8.177555701832194e-29,8.177555701832192e-29,8.177555701828138e-29,8.177555701828139e-29,8.177555701828136e-29,8.177555701828139e-29,8.177555701828135e-29,8.177555701828219e-29,8.177555701828614e-29,8.177555701828616e-29,8.177555701828614e-29,8.177555701828616e-29,8.177555701828616e-29,8.177555701828616e-29,8.177555701828618e-29,8.177555701828618e-29,8.177555701828617e-29,8.17755570182862e-29,8.177555701828989e-29,8.177555701828989e-29,8.177555701828986e-29,8.177555701828987e-29,8.177555701828712e-29,8.177555701828712e-29,8.177555701828712e-29,8.177555701828709e-29,8.177555701828709e-29,8.177555701828708e-29,8.177555701828707e-29,8.177555701828706e-29,8.177555701828707e-29,8.177555701828709e-29,8.177555701828702e-29,8.177555701828701e-29,8.177555701828708e-29,8.177555701828601e-29,8.177555701828605e-29,8.177555701828553e-29,8.177555701828543e-29,8.17755570182854e-29,8.177555701828538e-29,8.177555701828573e-29,8.177555701828568e-29,8.17755570182857e-29,8.177555701828568e-29,8.177555701828373e-29,8.177555701828389e-29,8.177555701828389e-29,8.177555701828389e-29,8.177555701828389e-29,8.177555701827708e-29,8.177555701827801e-29,8.1775557018278e-29,8.177555701827801e-29,8.177555701827791e-29,8.177555701827791e-29,8.17755570182779e-29,8.177555701827791e-29,8.177555701827791e-29,8.177555701827791e-29,8.177555701827792e-29,8.177555701827792e-29,8.177555701827792e-29,8.177555701827789e-29,8.17755570182779e-29,8.177555701827787e-29,8.177555701827845e-29,8.177555701827534e-29,8.177555701827532e-29,8.177555701827533e-29,8.17755570182753e-29,8.177555701827695e-29,8.177555701827698e-29,8.177555701827695e-29,8.177555701827697e-29,8.177555701827701e-29,8.177555701827694e-29,8.177555701827701e-29,8.177555701827697e-29,8.177555701827699e-29,8.177555701827693e-29,8.177555701827693e-29,8.177555701827698e-29,8.177555701827698e-29,8.177555701827697e-29,8.177555701827699e-29,8.177555701827697e-29,8.177555701827699e-29,8.177555701827699e-29,8.177555701827695e-29,8.177555701827369e-29,8.17755570182749e-29,8.177555701824673e-29,8.177555701824653e-29,8.177555701824654e-29,8.177555701825657e-29,8.17755570182566e-29,8.177555701825655e-29,8.177555701825659e-29,8.177555701825669e-29,8.177555701825623e-29,8.177555701825642e-29,8.177555701828064e-29,8.177555701828064e-29,8.177555701828063e-29,8.177555701828061e-29,8.177555701828061e-29,8.177555701828062e-29,8.177555701828107e-29,8.177555701828105e-29,8.177555701828102e-29,8.17755570182799e-29,8.177555701827731e-29,8.177555701815298e-29,8.177555701815298e-29,8.177555701815301e-29,8.177555701815297e-29,8.177555701815298e-29,8.177555701815305e-29,8.177555701815299e-29,8.177555701815855e-29,8.177555701815496e-29,8.177555701815497e-29,8.177555701815309e-29,8.177555701814878e-29,8.177555701814879e-29,8.177555701814878e-29,8.177555701807638e-29,8.177555701807638e-29,8.177555701807646e-29,8.177555701807641e-29,8.177555701807805e-29,8.177555701807802e-29,8.177555701817871e-29,8.177555701817866e-29,8.177555701817871e-29,8.177555701817867e-29,8.177555701817874e-29,8.17755570181787e-29,8.177555701817871e-29,8.17755570181787e-29,8.177555701817865e-29,8.177555701817297e-29,8.177555701817296e-29,8.177555701817296e-29,8.177555701817296e-29,8.177555701817293e-29,8.177555701817293e-29,8.177555701817292e-29,8.177555701817292e-29,8.177555701817296e-29,8.177555701817292e-29,8.177555701817296e-29,8.177555701817296e-29,8.177555701817296e-29,8.177555701817296e-29,8.177555701817293e-29,8.177555701817296e-29,8.177555701817226e-29,8.17755570181657e-29,8.177555701816714e-29,8.177555701816713e-29,8.17755570181671e-29,8.177555701815522e-29,8.177555701815522e-29,8.177555701815522e-29,8.177555701815522e-29,8.177555701815523e-29,8.177555701815521e-29,8.177555701815522e-29,8.177555701815523e-29,8.177555701815527e-29,8.177555701815528e-29,8.17755570181553e-29,8.177555701815532e-29,8.177555701815533e-29,8.177555701815475e-29,8.177555701815593e-29,8.177555701815589e-29,8.17755570181559e-29,8.177555701815588e-29,8.177555701815588e-29,8.17755570181559e-29,8.177555701815592e-29,8.177555701815296e-29,8.177555701816002e-29,8.177555701816002e-29,8.177555701816003e-29,8.177555701816003e-29,8.177555701816004e-29,8.177555701816004e-29,8.177555701816003e-29,8.177555701816002e-29,8.177555701816003e-29,8.177555701816092e-29,8.177555701816093e-29,8.17755570181609e-29,8.177555701816092e-29,8.177555701816093e-29,8.177555701816421e-29,8.177555701816419e-29,8.177555701816422e-29,8.177555701816422e-29,8.177555701816421e-29,8.177555701816423e-29,8.177555701816422e-29,8.17755570181642e-29,8.177555701816732e-29,8.177555701816733e-29,8.177555701816736e-29,8.177555701816733e-29,8.177555701816732e-29,8.177555701813493e-29,8.177555701813495e-29,8.177555701813496e-29,8.177555701813496e-29,8.177555701809503e-29,8.177555701809503e-29,8.177555701809501e-29,8.177555701809506e-29,8.177555701803593e-29,8.177555702759356e-29,8.177555702759356e-29,8.177555702759357e-29,8.177555702759355e-29,8.177555702758983e-29,8.17755570275898e-29,8.177555702758982e-29,8.177555702758909e-29,8.177555702758909e-29,8.177555702760198e-29,8.1775557027602e-29,8.177555702759773e-29,8.17755570276075e-29,8.177555702760753e-29,8.177555702760753e-29,8.177555702760752e-29,8.177555702760747e-29,8.177555702760746e-29,8.177555702760745e-29,8.177555702760766e-29,8.177555702760764e-29,8.177555702760765e-29,8.177555702760762e-29,8.177555702760804e-29,8.177555702760804e-29,8.177555702760807e-29,8.177555702760751e-29,8.177555702760754e-29,8.177555702761659e-29,8.177555702761659e-29,8.177555702761661e-29,8.177555702761659e-29,8.17755570276166e-29,8.177555702761659e-29,8.177555702761656e-29,8.177555702761704e-29,8.177555702761705e-29,8.177555702761705e-29,8.177555702761701e-29,8.177555702761707e-29,8.177555702761702e-29,8.177555702761699e-29,8.177555702761608e-29,8.177555702761607e-29,8.177555702761594e-29,8.177555702761595e-29,8.177555702761614e-29,8.177555702761612e-29,8.177555702761579e-29,8.177555702761579e-29,8.177555702761581e-29,8.177555702761578e-29,8.177555702761587e-29,8.177555702761588e-29,8.177555702761589e-29,8.177555702761585e-29,8.177555702761586e-29,8.177555702761586e-29,8.177555702761589e-29,8.177555702761591e-29,8.177555702761594e-29,8.177555702761584e-29,8.177555702761934e-29,8.177555702810091e-29,8.177555702810091e-29,8.177555702810093e-29,8.17755570281009e-29,8.177555702813247e-29,8.177555702813252e-29,8.17755570281325e-29,8.177555702812007e-29,8.177555702812022e-29,8.177555702812021e-29,8.177555702812021e-29,8.177555702816653e-29,8.177555702816657e-29,8.177555702816653e-29,8.177555702816652e-29,8.177555702816688e-29,8.177555702816685e-29,8.177555702816685e-29,8.177555702816688e-29,8.177555702816687e-29,8.177555702816686e-29,8.177555702816688e-29,8.177555702816687e-29,8.177555702816687e-29,8.177555702816687e-29,8.177555702816685e-29,8.177555702816686e-29,8.177555702816685e-29,8.177555702816688e-29,8.17755570281669e-29,8.177555702816688e-29,8.177555702816803e-29,8.177555702816805e-29,8.177555702816803e-29,8.177555702816803e-29,8.177555702816734e-29,8.177555702816733e-29,8.17755570281673e-29,8.17755570281673e-29,8.177555702816727e-29,8.177555702816702e-29,8.177555702816698e-29,8.17755570281667e-29,8.177555702816584e-29,8.177555702816585e-29,8.177555702816581e-29,8.177555702816586e-29,8.177555702816587e-29,8.177555702816586e-29,8.177555702816585e-29,8.177555702816587e-29,8.177555702816582e-29,8.177555702816584e-29,8.177555702816582e-29,8.177555702816581e-29,8.177555702816584e-29,8.177555702816584e-29,8.17755570281658e-29,8.177555702816586e-29,8.177555702816582e-29,8.177555702816581e-29,8.177555702816576e-29,8.177555702816581e-29,8.17755570281658e-29,8.177555702816578e-29,8.177555702816581e-29,8.177555702816581e-29,8.177555702816241e-29,8.177555702816244e-29,8.177555702682903e-29,8.177555702682903e-29,8.177555702682633e-29,8.177555702682633e-29,8.177555702682628e-29,8.177555702682625e-29,8.177555702682627e-29,8.177555702682627e-29,8.177555702682627e-29,8.177555702682639e-29,8.177429239928026e-29,8.177429239927943e-29,8.177429239927944e-29,8.177429239927921e-29,8.177429239927917e-29,8.177429239927886e-29,8.177429239927881e-29,8.177429239927885e-29,8.177429239927885e-29,8.177429239927959e-29,8.177429239927959e-29,8.177429239927959e-29,8.177429239927961e-29,8.177429239928434e-29,8.177429239928431e-29,8.177429239928429e-29,8.177429239928427e-29,8.177429239928429e-29,8.177429239930054e-29,8.177429239930054e-29,8.177429239930053e-29,8.177429239930053e-29,8.177429239930056e-29,8.1774292399301e-29,8.1774292399301e-29,8.177429239930097e-29,8.177429239929868e-29,8.17742923992989e-29,8.177429239930677e-29,8.177429239930676e-29,8.177429239930678e-29,8.177429239930671e-29,8.177429239930676e-29,8.177429239930672e-29,8.177429239930547e-29,8.177429239930656e-29,8.177429239930655e-29,8.177429239930655e-29,8.177429239930656e-29,8.177429239930363e-29,8.17742923993036e-29,8.17742923993036e-29,8.177429239930362e-29,8.177429239930363e-29,8.17742923993036e-29,8.177429239930363e-29,8.177429239930333e-29,8.177429239930333e-29,8.177429239930238e-29,8.177429239930238e-29,8.177429239930222e-29,8.177429239930223e-29,8.177429239930319e-29,8.177429239930315e-29,8.177429239930007e-29,8.177429239930004e-29,8.177429239930001e-29,8.177429239929998e-29,8.177429239929915e-29,8.177429239929871e-29,8.177429239929868e-29,8.177429239930067e-29,8.177429239930157e-29,8.177429239930158e-29,8.17742923993183e-29,8.177429239931825e-29,8.177429239920502e-29,8.177429239920502e-29,8.177429239920498e-29,8.177429239951169e-29,8.17742923995117e-29,8.177429239951146e-29,8.177429239951147e-29,8.17742923995114e-29,8.177429239951141e-29,8.177429239950684e-29,8.177429239950687e-29,8.177429239950686e-29,8.177429239950672e-29,8.177429239950673e-29,8.177429239950672e-29,8.177429239950672e-29,8.177429239950615e-29,8.177429239950556e-29,8.177429239950552e-29,8.177429239950552e-29,8.177429239950543e-29,8.177429239950545e-29,8.177429239950542e-29,8.177429239950544e-29,8.177429239950545e-29,8.177429239950545e-29,8.177429239950548e-29,8.177429239950107e-29,8.177429239950102e-29,8.177429239950105e-29,8.177429239950106e-29,8.177429239950107e-29,8.177429239950105e-29,8.177429239950105e-29,8.177429239950106e-29,8.177429239950107e-29,8.177429239950107e-29,8.177429239950107e-29,8.17742923995011e-29,8.177429239950107e-29,8.177429239950107e-29,8.177429239950108e-29,8.177429239950105e-29,8.177429239950105e-29,8.177429239950105e-29,8.177429239950107e-29,8.177429239950106e-29,8.177429239950106e-29,8.177429239950105e-29,8.177429239950105e-29,8.177429239950106e-29,8.177429239950106e-29,8.177429239950105e-29,8.177429239950106e-29,8.177429239950108e-29,8.177429239950105e-29,8.177429239950086e-29,8.177429239950093e-29,8.177429239950098e-29,8.177429239950095e-29,8.177429239950056e-29,8.177429239950059e-29,8.177429239950056e-29,8.177429239950057e-29,8.177429239950051e-29,8.177429239950109e-29,8.177429239950112e-29,8.177429239950114e-29,8.177429239950112e-29,8.177429239949924e-29,8.177429239949705e-29,8.177429239949707e-29,8.177429239949701e-29,8.177429239949705e-29,8.177429239949705e-29,8.177429239949801e-29,8.177429239949804e-29,8.177429239949807e-29,8.177429239949806e-29,8.177429239949789e-29,8.177429239949793e-29,8.177429239949793e-29,8.177429239949792e-29,8.17742923994979e-29,8.17742923994979e-29,8.177429239949794e-29,8.177429239949792e-29,8.177429239949794e-29,8.177429239951289e-29,8.177429239951284e-29,8.177429239951586e-29,8.17742923995134e-29,8.17742923995134e-29,8.17742923995134e-29,8.177429239951345e-29,8.177429239951345e-29,8.177429239951345e-29,8.17742923995134e-29,8.177429239951339e-29,8.177429239951339e-29,8.177429239951336e-29,8.177429239951414e-29,8.177429239951413e-29,8.17742923995141e-29,8.177429239951417e-29,8.177429239951412e-29,8.17742923995141e-29,8.177429239951411e-29,8.177429239951413e-29,8.177429239951386e-29,8.177429239952252e-29,8.177429239952248e-29,8.177429239952251e-29,8.177429239952242e-29,8.177429239952246e-29,8.17742923995227e-29,8.177429239952275e-29,8.177429239952277e-29,8.177429239952275e-29,8.177429239952269e-29,8.177429239952267e-29,8.177429239931851e-29,8.177429239931853e-29,8.17742923993185e-29,8.177429239931851e-29,8.17742923993185e-29,8.177429239931852e-29,8.177429239931853e-29,8.177429239938768e-29,8.177429239938766e-29,8.177429239938767e-29,8.17742923993877e-29,8.177429239938767e-29,8.177429239934877e-29,8.177429239934871e-29,8.177429239934874e-29,8.177429239934198e-29,8.17742923993417e-29,8.177429239934168e-29,8.17742923993417e-29,8.177429239934173e-29,8.177429239935374e-29,8.177429239935373e-29,8.17742923993534e-29,8.177429239935344e-29,8.177429239948178e-29,8.177429239948179e-29,8.177429239948177e-29,8.17742923994822e-29,8.177429239948216e-29,8.177429239948213e-29,8.177429239948214e-29,8.177429239948216e-29,8.17742923994813e-29,8.177429239948129e-29,8.177429239948125e-29,8.177429239948122e-29,8.177429239948122e-29,8.177429239948123e-29,8.177429239948122e-29,8.177429239948122e-29,8.177429239948122e-29,8.177429239948116e-29,8.177429239948123e-29,8.177429239948116e-29,8.177429239948121e-29,8.177429239948121e-29,8.177429239948121e-29,8.177429239948123e-29,8.17742923994812e-29,8.177429239948022e-29,8.177429239948084e-29,8.177429239947819e-29,8.17742923994782e-29,8.177429239947819e-29,8.177429239947817e-29,8.177429239947817e-29,8.177429239947817e-29,8.177429239947817e-29,8.177429239947814e-29,8.177429239947816e-29,8.177429239947819e-29,8.177429239947814e-29,8.177429239947819e-29,8.177429239947818e-29,8.177429239947815e-29,8.177429239947819e-29,8.17742923994761e-29,8.177429239946095e-29,8.177429239951036e-29,8.177429239951036e-29,8.177429239951038e-29,8.177429239951039e-29,8.177429239951036e-29,8.177429239951035e-29,8.177429239951094e-29,8.177429239951093e-29,8.177429239950982e-29,8.177429239950982e-29,8.177429239950978e-29,8.177429239950985e-29,8.177429239950985e-29,8.177429239950985e-29,8.177429239950985e-29,8.177429239950984e-29,8.177429239952391e-29,8.17742923995239e-29,8.177429239952395e-29,8.177429239952179e-29,8.177429239952177e-29,8.177429239952062e-29,8.17742923995206e-29,8.177429239952063e-29,8.177429239952059e-29,8.17742923995206e-29,8.17742923995206e-29,8.17742923995206e-29,8.177429239952058e-29,8.177429239952062e-29,8.177429239952059e-29,8.177429239952063e-29,8.17742923995206e-29,8.177429239952063e-29,8.177429239952062e-29,8.177429239952062e-29,8.177429239952064e-29,8.177429239952008e-29,8.177429239952014e-29,8.177429239952017e-29,8.177429239952016e-29,8.177429239952016e-29,8.177429239952016e-29,8.177429239952012e-29,8.177429239952013e-29,8.17742923995201e-29,8.177429239952077e-29,8.177429239952076e-29,8.177429239952072e-29,8.177429239952075e-29,8.177429239952075e-29,8.177429239952073e-29,8.17742923995207e-29,8.17742923995207e-29,8.177429239952071e-29,8.177429239952048e-29,8.177429239952097e-29,8.177429239952094e-29,8.177429239952094e-29,8.177429239952098e-29,8.177429239952091e-29,8.177429239952091e-29,8.177429239953419e-29,8.17742923995342e-29,8.177429239953423e-29,8.177429239953422e-29,8.177429239953422e-29,8.177429239953425e-29,8.177429239953424e-29,8.177429239953427e-29,8.177429239953427e-29,8.177429239953425e-29,8.177429239953429e-29,8.177429239953335e-29,8.177429239947103e-29,8.177429239947096e-29,8.17742923994711e-29,8.177429239947103e-29,8.177429239947103e-29,8.177429239947111e-29,8.177429239947106e-29,8.177429239947111e-29,8.177429239947107e-29,8.177429239947105e-29,8.177429239947104e-29,8.177429239947104e-29,8.177429239947107e-29,8.177429239947105e-29,8.177429239947236e-29,8.177429239947241e-29,8.177429239947237e-29,8.17742923994724e-29,8.177429239946253e-29,8.177429239946252e-29,8.177429239946255e-29,8.177429239946252e-29,8.177429239946247e-29,8.177429239946253e-29,8.177429239946408e-29,8.17742923994641e-29,8.177429239946409e-29,8.17742923995096e-29,8.177429239950586e-29,8.177429239950586e-29,8.177429239950584e-29,8.177429239950586e-29,8.17742923995059e-29,8.177429239950587e-29,8.177429239950587e-29,8.177429239950587e-29,8.177429239950604e-29,8.17742923995061e-29,8.177429239950618e-29,8.177429239950617e-29,8.177429239950616e-29,8.177429239949772e-29,8.1774292399494e-29,8.177429239949403e-29,8.177429239949407e-29,8.177429239949401e-29,8.177429239949402e-29,8.177429239949401e-29,8.177429239949399e-29,8.177429239949401e-29,8.177429239949409e-29,8.177429239949431e-29,8.177429239949429e-29,8.177429239949429e-29,8.177429239949529e-29,8.177429239949528e-29,8.177429239949529e-29,8.177429239949534e-29,8.177429239951047e-29,8.177429239951041e-29,8.177429239951044e-29,8.17742923995105e-29,8.177429239951044e-29,8.177429239946033e-29,8.177429239946034e-29,8.177429239946032e-29,8.177429239946032e-29,8.177429239946033e-29,8.177429239946032e-29,8.177429239946039e-29,8.177429239946034e-29,8.177429239946039e-29,8.17742923994604e-29,8.17742923994604e-29,8.177429239946034e-29,8.177429239946032e-29,8.177429239946034e-29,8.177429239946034e-29,8.177429239946031e-29,8.177429239946032e-29,8.17742923994587e-29,8.177429239945864e-29,8.177429239945863e-29,8.177429239945863e-29,8.17742923994586e-29,8.177429239945861e-29,8.177429239945861e-29,8.177429239945832e-29,8.177429239945836e-29,8.177429239945833e-29,8.177429239945379e-29,8.177429239945377e-29,8.177429239945356e-29,8.17742923994536e-29,8.177429239945357e-29,8.177429239945357e-29,8.177429239945354e-29,8.177429239945355e-29,8.177429239945355e-29,8.177429239945356e-29,8.177429239952618e-29,8.177429239952619e-29,8.177429239952622e-29,8.177429239952623e-29,8.177429239952623e-29,8.17742923995263e-29,8.177429239952631e-29,8.177429239952632e-29,8.17742923995263e-29,8.177429239952631e-29,8.177429239952631e-29,8.177429239952636e-29,8.177429239952781e-29,8.177429239952781e-29,8.17742923995278e-29,8.177429239952781e-29,8.177429239952785e-29,8.177429239952784e-29,8.177429239952785e-29,8.17742923995278e-29,8.177429239952781e-29,8.177429239952714e-29,8.177429239952714e-29,8.177429239952711e-29,8.177429239952709e-29,8.177429239952708e-29,8.177429239934372e-29,8.17742923993441e-29,8.177429239934469e-29,8.177429239931653e-29,8.177429239931653e-29,8.177429239931653e-29,8.177429239931645e-29,8.177429239931645e-29,8.177429239931645e-29,8.177429239931641e-29,8.177429239931645e-29,8.177429239931647e-29,8.177429239931647e-29,8.177429239931648e-29,8.177429239931643e-29,8.177429239931645e-29,8.177429239931625e-29,8.17742923993178e-29,8.17742923993178e-29,8.177429239931779e-29,8.177429239931785e-29,8.177429239931783e-29,8.177429239931779e-29,8.177429239931783e-29,8.177429239931779e-29,8.17742923993178e-29,8.177429239931779e-29,8.177429239931783e-29,8.177429239931593e-29,8.177429239931592e-29,8.177429239932085e-29,8.177429239932065e-29,8.177429239932064e-29,8.177429239932062e-29,8.177429239932044e-29,8.177429239932046e-29,8.177429239932042e-29,8.177429239931949e-29,8.17742923993195e-29,8.17742923993208e-29,8.17742923993208e-29,8.177429239932079e-29,8.177429239932079e-29,8.177429239932082e-29,8.177429239932083e-29,8.177429239932089e-29,8.177429239932089e-29,8.177429239932149e-29,8.177429239932147e-29,8.177429239932147e-29,8.177429239932148e-29,8.177429239932532e-29,8.177429239932533e-29,8.177429239932534e-29,8.177429239932532e-29,8.177429239932532e-29,8.177429239932533e-29,8.177429239932533e-29,8.177429239932534e-29,8.177429239932536e-29,8.177429239932536e-29,8.177429239932535e-29,8.177429239932534e-29,8.177429239932535e-29,8.177429239932555e-29,8.177429239932555e-29,8.177429239932555e-29,8.177429239932556e-29,8.177429239932554e-29,8.177429239932555e-29,8.177429239947649e-29,8.177429239947281e-29,8.177429239947279e-29,8.177429239947275e-29,8.177429239969679e-29,8.177429239969676e-29,8.177429239969679e-29,8.177429239969678e-29,8.177429239969674e-29,8.177429239969537e-29,8.177429239969539e-29,8.17742923996954e-29,8.177429239969538e-29,8.177429239969545e-29,8.177429239969543e-29,8.177429239969248e-29,8.177429239969248e-29,8.177429239969248e-29,8.17742923996925e-29,8.177429239969248e-29,8.17742923996925e-29,8.177429239969241e-29,8.177429239969241e-29,8.177429239969242e-29,8.177429239969242e-29,8.177429239969242e-29,8.17742923996924e-29,8.177429239969216e-29,8.17742923996922e-29,8.177429239969219e-29,8.177429239969219e-29,8.17742923996922e-29,8.177429239969217e-29,8.177429239969219e-29,8.177429239969217e-29,8.177429239969216e-29,8.17742923996923e-29,8.177429239969226e-29,8.177429239968383e-29,8.177429239968382e-29,8.177429239968385e-29,8.17742923996839e-29,8.177429239968386e-29,8.177429239992304e-29,8.177429239992303e-29,8.177429239992299e-29,8.177429239993442e-29,8.177429239993438e-29,8.177429239828574e-29,8.177429239828575e-29,8.177429239828573e-29,8.177429239828572e-29,8.177429239828574e-29,8.177429239828571e-29,8.177429239828571e-29,8.177429239828622e-29,8.177429239828624e-29,8.177429239828472e-29,8.17742923982858e-29,8.177429239828976e-29,8.177429239828968e-29,8.177429239828971e-29,8.177429239828963e-29,8.177429239828962e-29,8.177429239828962e-29,8.177429239828967e-29,8.177429239828971e-29,8.177429239828973e-29,8.177429239828971e-29,8.177429239828971e-29,8.177429239828969e-29,8.177429239828963e-29,8.177429239828961e-29,8.177429239828959e-29,8.17742923982896e-29,8.177429239828983e-29,8.177429239828985e-29,8.177429239829037e-29,8.177429239829037e-29,8.177429239829038e-29,8.177429239829037e-29,8.177429239829037e-29,8.177429239829214e-29,8.177429239829211e-29,8.177429239829199e-29,8.177429239835622e-29,8.177429239835621e-29,8.177429239835623e-29,8.177429239835624e-29,8.177429239835623e-29,8.17742923983562e-29,8.177429239835621e-29,8.177429239835619e-29,8.177429239835619e-29,8.177429239835763e-29,8.177429239835765e-29,8.177429239835765e-29,8.177429239835763e-29,8.177429239835765e-29,8.177429239835767e-29,8.177429239835763e-29,8.177429239835765e-29,8.177429239835769e-29,8.17742923983577e-29,8.17742923983577e-29,8.177429239835769e-29,8.177429239835769e-29,8.177429239835769e-29,8.177429239835766e-29,8.177429239835762e-29,8.17742923983576e-29,8.177429239835719e-29,8.177429239835719e-29,8.177429239835721e-29,8.177429239835722e-29,8.17742923983572e-29,8.177429239835722e-29,8.177429239835717e-29,8.177429239835706e-29,8.177429239835707e-29,8.177429239835706e-29,8.177429239835707e-29,8.177429239838627e-29,8.177429239838622e-29,8.177429239838615e-29,8.177429239838613e-29,8.177429239838609e-29,8.177429239838612e-29,8.177429239838612e-29,8.177429239838612e-29,8.177429239838637e-29,8.177429239838636e-29,8.177429239838875e-29,8.177429239838875e-29,8.177429239838875e-29,8.177429239838906e-29,8.177429239838912e-29,8.177429239838908e-29,8.177429239838908e-29,8.17742923983891e-29,8.177429239838909e-29,8.177429239838911e-29,8.177429239838599e-29,8.1774292398386e-29,8.177429239838548e-29,8.177429239826725e-29,8.17742923982676e-29,8.177429239860219e-29,8.177429239860214e-29,8.177429239859932e-29,8.177429239859902e-29,8.177429239859853e-29,8.177429239859853e-29,8.177429239859859e-29,8.177429239859852e-29,8.177429239859846e-29,8.177429239859843e-29,8.177429239859849e-29,8.177429239859849e-29,8.177429239859849e-29,8.177429239859847e-29,8.177429239859792e-29,8.177429239859787e-29,8.17742923985979e-29,8.17742923985979e-29,8.177429239859704e-29,8.177429239859711e-29,8.17742923985972e-29,8.17742923985981e-29,8.177429239859809e-29,8.17742923985981e-29,8.177429239859803e-29,8.177429239859806e-29,8.177429239859802e-29,8.177429239858488e-29,8.177429239858489e-29,8.177429239858424e-29,8.177429239858426e-29,8.177429239858426e-29,8.177429239858408e-29,8.177429239858408e-29,8.177429239858345e-29,8.177429239858342e-29,8.177429239858288e-29,8.177429239858291e-29,8.177429239858292e-29,8.177429239858293e-29,8.177429239858291e-29,8.177429239860756e-29,8.177429239860754e-29,8.177429239860398e-29,8.177429239860404e-29,8.1774292398599e-29,8.1774292398599e-29,8.177429239859897e-29,8.177429239859897e-29,8.17742923985985e-29,8.177429239859844e-29,8.177429239859847e-29,8.177429239859853e-29,8.177429239859846e-29,8.177429239859855e-29,8.177429239859856e-29,8.177429239859857e-29,8.177429239859856e-29,8.177429239859843e-29,8.177429239859839e-29,8.177429239859864e-29,8.177429239859859e-29,8.177429239859829e-29,8.177429239860943e-29,8.177429239860943e-29,8.177429239860945e-29,8.17742923986095e-29,8.17742923986095e-29,8.177429239860952e-29,8.17742923986095e-29,8.17742923986095e-29,8.17742923986095e-29,8.17742923986448e-29,8.177429239864478e-29,8.177429239864479e-29,8.177429239864478e-29,8.17742923986448e-29,8.177429239864481e-29,8.17742923986448e-29,8.177429239864479e-29,8.177429239864482e-29,8.177429239864481e-29,8.177429239864441e-29,8.177429239863971e-29,8.177429239863974e-29,8.177429239863974e-29,8.177429239863977e-29,8.177429239864296e-29,8.177429239864292e-29,8.177429239864292e-29,8.177429239864292e-29,8.177429239864349e-29,8.177429239864349e-29,8.177429239864351e-29,8.177429239864356e-29,8.177429239864322e-29,8.177429239864323e-29,8.17742923986426e-29,8.177429239864259e-29,8.177429239864271e-29,8.177429239864266e-29,8.177429239864268e-29,8.177429239862233e-29,8.177429239862232e-29,8.177429239862229e-29,8.177429239862231e-29,8.177429239862233e-29,8.17742923986215e-29,8.177429239862152e-29,8.177429239862196e-29,8.177429239862204e-29,8.177429239862207e-29,8.177429239862176e-29,8.177429239862189e-29,8.177429239862126e-29,8.177429239862108e-29,8.177429239862093e-29,8.177429239862093e-29,8.177429239862098e-29,8.177429239862087e-29,8.177429239862088e-29,8.177429239862087e-29,8.177429239281245e-29,8.177429239281104e-29,8.177429239281108e-29,8.177429239281104e-29,8.177429239281105e-29,8.177429239281104e-29,8.177429239281104e-29,8.177429239281104e-29,8.177429239281105e-29,8.177429239281103e-29,8.177429239281101e-29,8.177429239281105e-29,8.177429239281105e-29,8.177429239281125e-29,8.17742923928113e-29,8.177429239281124e-29,8.177429239281122e-29,8.177429239281122e-29,8.177429239281122e-29,8.177429239281125e-29,8.177429239281125e-29,8.17742923928111e-29,8.17742923928111e-29,8.177429239281108e-29,8.177429239281108e-29,8.177429239281112e-29,8.177429239281107e-29,8.177429218411367e-29,8.177429218411367e-29,8.177429218411363e-29,8.177429218411365e-29,8.177429218411356e-29,8.177429218411356e-29,8.177429218410716e-29,8.177429218410798e-29,8.177429218410798e-29,8.177429218410791e-29,8.177429218410661e-29,8.177429218410663e-29,8.177429218410661e-29,8.177429218410629e-29,8.177429218410623e-29,8.17742921841063e-29,8.177429218410629e-29,8.177429218410629e-29,8.177429218410631e-29,8.177429218410624e-29,8.177429218410626e-29,8.177429218410622e-29,8.177429218410658e-29,8.177429218410658e-29,8.177429218410657e-29,8.177429218410657e-29,8.177429218409682e-29,8.17742921840968e-29,8.177429218409698e-29,8.177429218409699e-29,8.1774292184097e-29,8.1774292184097e-29,8.177429218409639e-29,8.177429218409641e-29,8.177429218409639e-29,8.177429218409636e-29,8.177429218409636e-29,8.177429218409635e-29,8.177429218409643e-29,8.177429218409642e-29,8.177429218409641e-29,8.177429218409642e-29,8.177429218409649e-29,8.177429218409645e-29,8.177429218409672e-29,8.177429218409675e-29,8.177429218409672e-29,8.177429218409672e-29,8.177429218409673e-29,8.17742921840967e-29,8.177429218409672e-29,8.177429218409689e-29,8.177429218409679e-29,8.177429218409679e-29,8.17742921840968e-29,8.177429218409679e-29,8.177429218409678e-29,8.177429218409678e-29,8.177429218409679e-29,8.177429218409679e-29,8.177429218409678e-29,8.177429218409679e-29,8.17742921840968e-29,8.177429218409682e-29,8.17742921840968e-29,8.177429218409678e-29,8.177429218409681e-29,8.177429218409678e-29,8.177429218409678e-29,8.177429218409681e-29,8.177429218409685e-29,8.177429218409686e-29,8.177429218409681e-29,8.177429218409711e-29,8.17742921840971e-29,8.17742921840971e-29,8.177429218409708e-29,8.177429218409709e-29,8.177429218409719e-29,8.177429218409722e-29,8.17742921840972e-29,8.177429218409724e-29,8.177429218409722e-29,8.177429218409722e-29,8.177429218409718e-29,8.177429218409723e-29,8.177429218409723e-29,8.177429218409726e-29,8.177429218409726e-29,8.177429218409722e-29,8.177429218409727e-29,8.17742921840972e-29,8.177429218409709e-29,8.177429218409708e-29,8.17742921840971e-29,8.177429218409736e-29,8.177429218409733e-29,8.177429218409734e-29,8.177429218409736e-29,8.177429218409732e-29,8.177429218409818e-29,8.177429218409815e-29,8.177429218409812e-29,8.177429218409814e-29,8.177429218409815e-29,8.177429218409837e-29,8.177429218409907e-29,8.177429218409908e-29,8.17742921840991e-29,8.177429218409907e-29,8.177429218409902e-29,8.177429218409905e-29,8.177429218409837e-29,8.177429218409835e-29,8.177429218409834e-29,8.177429218409835e-29,8.177429218409834e-29,8.177429218409835e-29,8.177429218409752e-29,8.177429218409751e-29,8.177429218409746e-29,8.177429218409748e-29,8.177429218409745e-29,8.177429218409123e-29,8.177429218409142e-29,8.177429218409146e-29,8.177429218409143e-29,8.177429218409153e-29,8.177429218409158e-29,8.177429218409134e-29,8.177429218409132e-29,8.177429218409135e-29,8.177429218409149e-29,8.177429218409152e-29,8.177429218409151e-29,8.177429218409152e-29,8.177429218409154e-29,8.177429218409154e-29,8.177429218414255e-29,8.177429218414256e-29,8.177429218414256e-29,8.177429218414256e-29,8.177429218414253e-29,8.177429218414256e-29,8.177429218414255e-29,8.177429218414257e-29,8.177429218414812e-29,8.177429218414813e-29,8.177429218414834e-29,8.177429218414832e-29,8.177429218414844e-29,8.177429218414841e-29,8.177429218414842e-29,8.177429218414845e-29,8.177429218414846e-29,8.177429218414838e-29,8.177429218414836e-29,8.177429218414807e-29,8.1774292184148e-29,8.177429218414804e-29,8.177429218414802e-29,8.177429218413284e-29,8.177429218413297e-29,8.177429218413642e-29,8.17742921841364e-29,8.177429218413606e-29,8.177429218413605e-29,8.177429218413608e-29,8.177429218413606e-29,8.177429218413607e-29,8.177429218413607e-29,8.177429218413608e-29,8.177429218413604e-29,8.177429218413604e-29,8.177429218413596e-29,8.177429218413593e-29,8.177429218413598e-29,8.177429218413958e-29,8.177429218413958e-29,8.177429218413958e-29,8.177429218413959e-29,8.177429218413957e-29,8.177429218413948e-29,8.177429218413949e-29,8.177429218413998e-29,8.17742921841393e-29,8.177429218413925e-29,8.177429218413924e-29,8.177429218413912e-29,8.17742921841391e-29,8.177429218413912e-29,8.177429218413909e-29,8.177429218413911e-29,8.177429218413876e-29,8.177429218413858e-29,8.177429218413856e-29,8.177429218413857e-29,8.177429218355352e-29,8.177429218355369e-29,8.177429218355369e-29,8.177429218355374e-29,8.177429218355373e-29,8.177429218353629e-29,8.177429218353625e-29,8.17742921835218e-29,8.177429218352164e-29,8.177429218352187e-29,8.177429218352183e-29,8.177429218352183e-29,8.177429218352181e-29,8.177429218352176e-29,8.177429218352179e-29,8.177429218352176e-29,8.177429218352172e-29,8.177429218352172e-29,8.177429218352173e-29,8.177429218352199e-29,8.177429218352195e-29,8.177429218352198e-29,8.177429218352198e-29,8.177429218352201e-29,8.177429218352202e-29,8.177429218352195e-29,8.177429218352194e-29,8.177429218352192e-29,8.177429218352199e-29,8.177429218352192e-29,8.177429218352194e-29,8.177429218352079e-29,8.177429218352073e-29,8.177429218350598e-29,8.17742921835124e-29,8.177429218351244e-29,8.177429218351212e-29,8.177429218351211e-29,8.177429218351204e-29,8.177429218351183e-29,8.177429218351152e-29,8.177429218357115e-29,8.177429218357261e-29,8.177429218357259e-29,8.17742921835726e-29,8.177429218357261e-29,8.177429218357261e-29,8.177429218357259e-29,8.177429218357257e-29,8.177429218357256e-29,8.177429218357259e-29,8.177429218357181e-29,8.177429218357171e-29,8.17742921835717e-29,8.177429218357178e-29,8.177429218357181e-29,8.177429218357176e-29,8.177429218357175e-29,8.177429218357175e-29,8.177429218357173e-29,8.17742921835718e-29,8.17742921835718e-29,8.177429218357165e-29,8.177429218357163e-29,8.177429218349529e-29,8.177429218349532e-29,8.177429218349545e-29,8.177429218349545e-29,8.177429218349544e-29,8.177429218349545e-29,8.177429218349706e-29,8.177429218349793e-29,8.177429218349771e-29,8.177429218349766e-29,8.177429218349764e-29,8.177429218349763e-29,8.177429218361015e-29,8.17742921836101e-29,8.177429218361007e-29,8.17742921836099e-29,8.177429218360988e-29,8.177429218361e-29,8.177429218361192e-29,8.177429218361149e-29,8.177429218361089e-29,8.177429218360945e-29,8.177429218360949e-29,8.177429218360943e-29,8.177429218360944e-29,8.177429218360944e-29,8.17742921836093e-29,8.177429218360934e-29,8.177429218360937e-29,8.177429218360937e-29,8.177429218360937e-29,8.177429218360972e-29,8.177429218360966e-29,8.177429218360965e-29,8.177429218360964e-29,8.177429218305401e-29,8.177429218305403e-29,8.177429218305403e-29,8.177429218305404e-29,8.177429218305403e-29,8.177429218305404e-29,8.177429218306283e-29,8.177429218306283e-29,8.177429218306283e-29,8.177429218306274e-29,8.17742921830627e-29,8.177429218306269e-29,8.177429218306485e-29,8.177429218306484e-29,8.177429218306483e-29,8.177429218306484e-29,8.177429218306482e-29,8.177429218306472e-29,8.177429218306472e-29,8.177429218306473e-29,8.177429218306467e-29,8.17742921830647e-29,8.177429218306469e-29,8.177429218300168e-29,8.177429218300164e-29,8.177429218300167e-29,8.177429218300168e-29,8.177429218300168e-29,8.177429247461451e-29,8.177429247461451e-29,8.177429247461453e-29,8.17742924746145e-29,8.177429247460797e-29,8.177429247460742e-29,8.17742924746074e-29,8.17742924746073e-29,8.177429247460733e-29,8.177429247460734e-29,8.177429247460734e-29,8.177429247460735e-29,8.177429247462661e-29,8.177429247462652e-29,8.177429247462645e-29,8.177429247463321e-29,8.177429247463255e-29,8.177429247463257e-29,8.17742924746326e-29,8.177429247463257e-29,8.177429238100981e-29,8.17742923810098e-29,8.177429238100978e-29,8.177429238100972e-29,8.177429238100973e-29,8.177429238102408e-29,8.177429238102399e-29,8.177429238102396e-29,8.177429238102399e-29,8.17742923810213e-29,8.177429238102136e-29,8.177429238102151e-29,8.17742923810216e-29,8.177429238102158e-29,8.177429238102159e-29,8.177429238102162e-29,8.177429238102162e-29,8.177429238102164e-29,8.177429238102163e-29,8.177429238102164e-29,8.177429238102164e-29,8.177429238102163e-29,8.177429238102164e-29,8.177429238102163e-29,8.177429238102176e-29,8.177429238102561e-29,8.177429238102555e-29,8.177429238102553e-29,8.177429238102555e-29,8.177429238102555e-29,8.177429238102552e-29,8.177429238102553e-29,8.177429238102794e-29,8.177429238102792e-29,8.177429238102796e-29,8.177429238102797e-29,8.177429238102787e-29,8.177429238102806e-29,8.177429238085497e-29,8.1774292380855e-29,8.177429238085498e-29,8.177429238085498e-29,8.1774292380855e-29,8.177429238085502e-29,8.177429238085502e-29,8.177429238085594e-29,8.177429238085591e-29,8.17742923808559e-29,8.177429238085593e-29,8.177429238085595e-29,8.177429238085594e-29,8.177429238085593e-29,8.177429238085593e-29,8.177429238085593e-29,8.177429238085589e-29,8.177429238085603e-29,8.177429238085603e-29,8.177429238085601e-29,8.177429238085598e-29,8.177429238085748e-29,8.177429238085748e-29,8.177429238085748e-29,8.177429238085749e-29,8.177429238085749e-29,8.177429238085749e-29,8.177429238085747e-29,8.177429238085496e-29,8.177429238085497e-29,8.177429238085499e-29,8.177429238085498e-29,8.177429238085402e-29,8.177429238085404e-29,8.177429238085403e-29,8.177429238085405e-29,8.177429238085398e-29,8.177429238085399e-29,8.177429238085398e-29,8.177429238085461e-29,8.177429238085461e-29,8.17742923808546e-29,8.177429238086655e-29,8.17742923808666e-29,8.177429238086662e-29,8.17742923808666e-29,8.177429238086417e-29,8.177429238086417e-29,8.177429238086414e-29,8.177429238086282e-29,8.17742923808628e-29,8.177429238086273e-29,8.177429238086274e-29,8.177429238086028e-29,8.177429238086027e-29,8.177429238047601e-29,8.17742923804733e-29,8.177429238047366e-29,8.177429238047061e-29,8.177429238047102e-29,8.1774292380471e-29,8.177429238047098e-29,8.177429238047096e-29,8.177429238047066e-29,8.177429238047053e-29,8.177429238047051e-29,8.177429238047053e-29,8.177429238047052e-29,8.177429238047032e-29,8.177429238049826e-29,8.177429238049826e-29,8.177429238049825e-29,8.177429238050092e-29,8.177429238050091e-29,8.177429238050087e-29,8.177429238051976e-29,8.177429238051978e-29,8.177429238051976e-29,8.177429238051976e-29,8.177429238051978e-29,8.177429238051955e-29,8.177429238051946e-29,8.177429238051946e-29,8.177429238051947e-29,8.177429238051947e-29,8.177429238051945e-29,8.177429238051952e-29,8.177429238052013e-29,8.177429238052011e-29,8.17742923805201e-29,8.177429238052045e-29,8.177429238052046e-29,8.177429238051992e-29,8.177429238051991e-29,8.177429238051819e-29,8.17742923805272e-29,8.17742923805272e-29,8.177429238052718e-29,8.177429238052719e-29,8.177429238052715e-29,8.177429238052729e-29,8.17742923805348e-29,8.177429238053269e-29,8.177429238053394e-29,8.177429238053419e-29,8.177429238053524e-29,8.177429238045876e-29,8.177429238046121e-29,8.177429238046128e-29,8.177429238046123e-29,8.177429238046056e-29,8.17742923804605e-29,8.177429238054561e-29,8.177429238054424e-29,8.177429238054422e-29,8.177429238054451e-29,8.177429238054447e-29,8.17742923805425e-29,8.177429238054249e-29,8.177429238054251e-29,8.17742923805425e-29,8.177429238054249e-29,8.177429238054249e-29,8.177429238054255e-29,8.177429238054156e-29,8.177429238054153e-29,8.177429238054154e-29,8.177429238054154e-29,8.177429238054154e-29,8.177429238054208e-29,8.177429238054802e-29,8.177429238054803e-29,8.177429238054806e-29,8.177429238054803e-29,8.177429238054802e-29,8.177429238054822e-29,8.177429238051615e-29,8.177429238051613e-29,8.177429238051616e-29,8.177429238051613e-29,8.177429238077793e-29,8.177429238077791e-29,8.177429238077791e-29,8.177429238077794e-29,8.177429238076503e-29,8.177429238076505e-29,8.177429238140773e-29,8.177429238140776e-29,8.177429238140772e-29,8.177429238140774e-29,8.177429238140808e-29,8.177429238140697e-29,8.177429238140709e-29,8.177429238140716e-29,8.177429238140703e-29,8.177429238140737e-29,8.177429238140849e-29,8.177429238140845e-29,8.177429238140844e-29,8.177429238140844e-29,8.177429238139493e-29,8.177429238139494e-29,8.177429238139493e-29,8.17742923813949e-29,8.177429238125889e-29,8.177429238125888e-29,8.17742923812618e-29,8.17742923812618e-29,8.17742923812618e-29,8.177429238126178e-29,8.177429238126175e-29,8.177429238126178e-29,8.17742923812615e-29,8.177429238126143e-29,8.177429238126143e-29,8.177429238126142e-29,8.177429238126146e-29,8.177429238126143e-29,8.177429238126146e-29,8.177429238126143e-29,8.177429238126152e-29,8.17742923812598e-29,8.17742923812596e-29,8.17742923812596e-29,8.177429238125962e-29,8.177429238125962e-29,8.177429238125966e-29,8.177429238125963e-29,8.177429238125962e-29,8.177429238125966e-29,8.177429238125951e-29,8.177429238128039e-29,8.17742923812804e-29,8.177429238147068e-29,8.17742923814707e-29,8.177429238147071e-29,8.177429238147068e-29,8.177429238147067e-29,8.177429238147065e-29,8.177429238147082e-29,8.177429238147078e-29,8.177429238147084e-29,8.177429238147081e-29,8.177429238147095e-29,8.17742923814709e-29,8.177429238147089e-29,8.177429238147087e-29,8.177429238163727e-29,8.17742923816373e-29,8.17742923816373e-29,8.177429238163727e-29,8.177429238163726e-29,8.177429238163799e-29,8.177429238163797e-29,8.177429238163795e-29,8.177429238163794e-29,8.177429238163808e-29,8.177429238162809e-29,8.177429238162807e-29,8.177429238162806e-29,8.177429238164199e-29,8.1774292381642e-29,8.1774292381642e-29,8.177429238164196e-29,8.177429238164198e-29,8.177429238164198e-29,8.177429238164196e-29,8.177429238163865e-29,8.17742923816387e-29,8.177429238163873e-29,8.177429238163873e-29,8.177429238163873e-29,8.177429238163873e-29,8.177429238163861e-29,8.177429238163861e-29,8.177429238163964e-29,8.177429238163986e-29,8.177429238163985e-29,8.177429238163986e-29,8.177429238163984e-29,8.177429238163985e-29,8.177429238164105e-29,8.177429238164103e-29,8.177429238164119e-29,8.177429238164116e-29,8.177429238164114e-29,8.1774292381641e-29,8.1774292381641e-29,8.177429238164098e-29,8.177429238164095e-29,8.177429238164102e-29,8.177429238164072e-29,8.177429238164051e-29,8.177429238164052e-29,8.177429238164052e-29,8.177429238164051e-29,8.177429238164054e-29,8.177429238164052e-29,8.177429238164052e-29,8.177429238164051e-29,8.177429238164051e-29,8.17742923816405e-29,8.177429238164055e-29,8.177429238159828e-29,8.177429238159827e-29,8.177429238159826e-29,8.177429238159795e-29,8.17742923816012e-29,8.177429238160118e-29,8.177429238160113e-29,8.177429238160113e-29,8.177429238160112e-29,8.177429238160123e-29,8.17742923816012e-29,8.17742923816012e-29,8.17742923816012e-29,8.177429238160121e-29,8.17742923816013e-29,8.177429238160132e-29,8.177429238160157e-29,8.177429238160157e-29,8.177429238136528e-29,8.17742923813653e-29,8.177429238136528e-29,8.177429238136825e-29,8.177429238136824e-29,8.177429238136822e-29,8.177429238136824e-29,8.177429238136827e-29,8.17742923813678e-29,8.177429238136775e-29,8.177429238136773e-29,8.177429238136775e-29,8.177429238136772e-29,8.177429238136772e-29,8.177429238136768e-29,8.177429238136773e-29,8.17742923810115e-29,8.177429238101147e-29,8.177429238100731e-29,8.177429238100731e-29,8.177429238100732e-29,8.17742923810073e-29,8.177429238100726e-29,8.177429238117918e-29,8.177429238117916e-29,8.177429238117916e-29,8.177429238117895e-29,8.177429238117913e-29,8.177429238117912e-29,8.177429238052394e-29,8.177429238055715e-29,8.177429238055719e-29,8.177429238055716e-29,8.177429238055718e-29,8.177429238055718e-29,8.177429238055718e-29,8.177429238055719e-29,8.177429238055722e-29,8.177429238055724e-29,8.177429238055723e-29,8.177429238055788e-29,8.177429238055788e-29,8.177429238055792e-29,8.17742923805579e-29,8.177429238055792e-29,8.177429238055793e-29,8.177429238055793e-29,8.177429238055792e-29,8.177429238055794e-29,8.17742923805579e-29,8.17742923805579e-29,8.177429238055731e-29,8.177429238055734e-29,8.177429238055732e-29,8.177429238055733e-29,8.17742923802698e-29,8.177429238026975e-29,8.177429238026972e-29,8.177429238026935e-29,8.177429238026934e-29,8.177429238027055e-29,8.177429238027051e-29,8.17742923802667e-29,8.177429238026739e-29,8.17742923802674e-29,8.177429238026735e-29,8.177429238027652e-29,8.177429238027634e-29,8.177429238025439e-29,8.177429238025443e-29,8.177429238025443e-29,8.177429238025438e-29,8.177429238025451e-29,8.177429237988586e-29,8.177429237988589e-29,8.177429237988591e-29,8.177429237988585e-29,8.177429237988591e-29,8.177429237988552e-29,8.17742923798856e-29,8.177429237988557e-29,8.177429237988565e-29,8.177429237988566e-29,8.177429237991786e-29,8.177429237991782e-29,8.177429237991781e-29,8.177429237991781e-29,8.177429237991787e-29,8.177429237991787e-29,8.177429237991786e-29,8.177429237991793e-29,8.177429237991794e-29,8.177429237991791e-29,8.177429237991791e-29,8.177429237991791e-29,8.177429237991791e-29,8.177429237998276e-29,8.177429237998279e-29,8.177429237998278e-29,8.177429237952761e-29,8.17742923795255e-29,8.177429237956147e-29,8.17742923795615e-29,8.177429237956151e-29,8.177429237956149e-29,8.177429237956258e-29,8.177429237956257e-29,8.177429237956257e-29,8.177429237956335e-29,8.177429237956335e-29,8.177429237956326e-29,8.17742923795633e-29,8.177429237956417e-29,8.177429237956416e-29,8.177429237956415e-29,8.177429237973362e-29,8.177429237973362e-29,8.177429237973362e-29,8.17742923797336e-29,8.17742923797287e-29,8.177429237972869e-29,8.177429237972826e-29,8.177429237972828e-29,8.177429237972831e-29,8.177429237972827e-29,8.177429237972828e-29,8.177429237972758e-29,8.17742923797275e-29,8.177429237972745e-29,8.177429237971463e-29,8.177429237971458e-29,8.177429237971464e-29,8.177429237971459e-29,8.177429237971458e-29,8.177429237971457e-29,8.177429237971456e-29,8.177429237971456e-29,8.177429237971456e-29,8.177429237971457e-29,8.177429237971456e-29,8.177429237971458e-29,8.177429237971459e-29,8.177429237971459e-29,8.177429237971461e-29,8.177429237971463e-29,8.177429237971466e-29,8.177429237971463e-29,8.177429237971465e-29,8.177429237971464e-29,8.177429237971501e-29,8.177429237971496e-29,8.177429237971497e-29,8.177429237971501e-29,8.177429237971497e-29,8.177429237971497e-29,8.177429237971476e-29,8.177429237971478e-29,8.177429237971476e-29,8.177429237971004e-29,8.177429237971004e-29,8.177429237971005e-29,8.177429237971026e-29,8.177429237971026e-29,8.177429237971029e-29,8.177429237971028e-29,8.177429237971015e-29,8.177429237971017e-29,8.177429237970848e-29,8.177429237970743e-29,8.177429237970936e-29,8.177429237970939e-29,8.177429237970947e-29,8.177429237970988e-29,8.177429237970988e-29,8.177429237970989e-29,8.177429237970976e-29,8.177429237970976e-29,8.177429237970975e-29,8.177429237970976e-29,8.177429237970976e-29,8.177429237970975e-29,8.177429237970971e-29,8.177429237970974e-29,8.177429237970969e-29,8.177429237970973e-29,8.177429237970973e-29,8.177429237970973e-29,8.17742923797097e-29,8.177429237970969e-29,8.177429237970968e-29,8.177429237970969e-29,8.177429235371583e-29,8.177429235371539e-29,8.17742923537178e-29,8.17742923537178e-29,8.177429235315212e-29,8.17742923531521e-29,8.177429233793879e-29,8.177429233792553e-29,8.177429233792627e-29,8.177429233792625e-29,8.177429233792622e-29,8.177429233792622e-29,8.1774292337778e-29,8.1774292337778e-29,8.177429233777799e-29,8.177429233777717e-29,8.177429233777719e-29,8.177429233777718e-29,8.177429233777716e-29,8.177429233777816e-29,8.177429233777813e-29,8.177429233777813e-29,8.177429233777794e-29,8.177429233777794e-29,8.177429233777792e-29,8.177429233810663e-29,8.177429233810661e-29,8.177429233810661e-29,8.17742923376939e-29,8.177429233769393e-29,8.177429233769365e-29,8.177429233769379e-29,8.17742923376937e-29,8.177429233769378e-29,8.177429233769374e-29,8.177429233769371e-29,8.177429233769366e-29,8.177429233769365e-29,8.177429233769362e-29,8.177429233769365e-29,8.177429233769364e-29,8.17742923376936e-29,8.177429233769372e-29,8.17742923378165e-29,8.177429233781645e-29,8.17742923378165e-29,8.177429233781651e-29,8.177429233781652e-29,8.177429233781655e-29,8.177429233781654e-29,8.177429233781657e-29,8.177429233781011e-29,8.177429233781014e-29,8.177429233782429e-29,8.177429233782426e-29,8.177429233782422e-29,8.177429233782422e-29,8.177429233782422e-29,8.177429233782423e-29,8.177429233782391e-29,8.177429233782372e-29,8.177429233782366e-29,8.17742923378237e-29,8.177429233782372e-29,8.177429233782373e-29,8.177429233782373e-29,8.177429233782372e-29,8.177429233782372e-29,8.177429233783267e-29,8.177429233783267e-29,8.177429233783262e-29,8.177429233783266e-29,8.177429233783265e-29,8.177429233783267e-29,8.177429233783266e-29,8.177429233783273e-29,8.17742923378327e-29,8.177429233783274e-29,8.177429233783272e-29,8.177429233783273e-29,8.177429233783268e-29,8.177429233783272e-29,8.177429233783274e-29,8.177429233783118e-29,8.177429233783119e-29,8.177429233783347e-29,8.177429233783346e-29,8.177429233783346e-29,8.177429233783346e-29,8.177429233783349e-29,8.177429233795955e-29,8.177429233795955e-29,8.177429233795621e-29,8.177429233795633e-29,8.177429233795635e-29,8.177429233795629e-29,8.177429233795631e-29,8.177429233795629e-29,8.177429233780643e-29,8.17742923378064e-29,8.177429233780643e-29,8.177429233780641e-29,8.177429233780641e-29,8.177429233780636e-29,8.17742923378064e-29,8.177429233780633e-29,8.177429233780634e-29,8.177429233780634e-29,8.177429233780655e-29,8.177429233780655e-29,8.177429233666004e-29,8.177429233666009e-29,8.177429233666008e-29,8.177429233666007e-29,8.177429233665964e-29,8.177429233665964e-29,8.177429233665962e-29,8.177429233665964e-29,8.177429233666025e-29,8.177429233666025e-29,8.177429233666026e-29,8.177429233666026e-29,8.177429233666025e-29,8.177429233666025e-29,8.17742923366569e-29,8.177429233665694e-29,8.177429233665692e-29,8.17742923366566e-29,8.177429233665664e-29,8.177429233665661e-29,8.177429233665662e-29,8.177429233665662e-29,8.177429233665666e-29,8.177429233665666e-29,8.177429233665666e-29,8.177429233665692e-29,8.177429233665694e-29,8.177429233665692e-29,8.177429233665716e-29,8.177429233665713e-29,8.177429233665712e-29,8.177429233665708e-29,8.177429233665694e-29,8.177429233665698e-29,8.177429233665665e-29,8.177429233665665e-29,8.177429233665666e-29,8.177429233665665e-29,8.177429233665664e-29,8.177429233665664e-29,8.177429233665662e-29,8.177429233665665e-29,8.177429233665667e-29,8.177429233665655e-29,8.177429233665655e-29,8.177429233665675e-29,8.177429233665697e-29,8.177429233665695e-29,8.1774292336657e-29,8.177429233665702e-29,8.1774292336657e-29,8.177429233665631e-29,8.177429233664161e-29,8.177429233664164e-29,8.177429233664157e-29,8.177429233664133e-29,8.177429233664132e-29,8.177429233663859e-29,8.177429233663858e-29,8.177429233663858e-29,8.177429233663858e-29,8.177429233663856e-29,8.177429233663855e-29,8.177429233663856e-29,8.177429233663861e-29,8.177429233663897e-29,8.177429233663901e-29,8.177429233663897e-29,8.177429233663889e-29,8.177429233663889e-29,8.177429233663891e-29,8.177429233663892e-29,8.177429233663893e-29,8.177429233663899e-29,8.17742923366291e-29,8.177429233662915e-29,8.17742923366291e-29,8.177429233662914e-29,8.177429233662917e-29,8.177429233662914e-29,8.177429233662917e-29,8.177429233662914e-29,8.177429233662913e-29,8.177429233662915e-29,8.177429233662916e-29,8.177429233662915e-29,8.177429233662914e-29,8.177429233676526e-29,8.17742923367614e-29,8.177429233676144e-29,8.17742923367614e-29,8.177429233676141e-29,8.17742923367614e-29,8.177429233676143e-29,8.177429233676104e-29,8.177429233676186e-29,8.177429233676186e-29,8.177429233676187e-29,8.177429233676186e-29,8.177429233676187e-29,8.177429233676053e-29,8.177429233676053e-29,8.177429233676056e-29,8.177429233676057e-29,8.177429233676047e-29,8.177429233676051e-29,8.177429233676049e-29,8.177429233676051e-29,8.177429233676105e-29,8.177429233676105e-29,8.177429233676108e-29,8.177429233676109e-29,8.17742923367614e-29,8.17742923367614e-29,8.177429233676145e-29,8.177429233676141e-29,8.177429233676197e-29,8.177429233676195e-29,8.177429233676198e-29,8.177429233676154e-29,8.177429233676172e-29,8.177429233676172e-29,8.17742923367617e-29,8.177429233676172e-29,8.177429233676173e-29,8.177429233676173e-29,8.177429233676172e-29,8.177429233676504e-29,8.177429233676491e-29,8.17742923367649e-29,8.177429233676468e-29,8.177429233676466e-29,8.177429233671731e-29,8.17742923367173e-29,8.177429233671728e-29,8.177429233671728e-29,8.177429233671727e-29,8.177429233671726e-29,8.177429233671693e-29,8.177429233671697e-29,8.177429233681722e-29,8.177429233681725e-29,8.177429233681229e-29,8.177429233681234e-29,8.177429233681233e-29,8.177429233681231e-29,8.17742923368123e-29,8.177429233681233e-29,8.17742923368123e-29,8.177429233698849e-29,8.177429233698842e-29,8.177429233698843e-29,8.177429233698843e-29,8.177429233698841e-29,8.17742923369885e-29,8.177429233694499e-29,8.177429233694498e-29,8.177429233694496e-29,8.177429233694492e-29,8.177429233694493e-29,8.177429233694498e-29,8.177429233694499e-29,8.177429233694496e-29,8.177429233694494e-29,8.177429233694498e-29,8.177429233694496e-29,8.177429233694498e-29,8.177429233694499e-29,8.177429233694497e-29,8.1774292336945e-29,8.177429233694498e-29,8.177429233694484e-29,8.177429233694487e-29,8.177429233694497e-29,8.1774292336945e-29,8.177429233694498e-29,8.1774292336945e-29,8.177429233694565e-29,8.177429233694565e-29,8.177429233694563e-29,8.177429233694566e-29,8.177429233694382e-29,8.177429233702677e-29,8.177429233702033e-29,8.177429233702033e-29,8.177429233702032e-29,8.177429233702044e-29,8.177429233702041e-29,8.177429233702011e-29,8.177429233702009e-29,8.177429233702008e-29,8.177429233702009e-29,8.177429233702012e-29,8.177429233701992e-29,8.17742923370194e-29,8.177429233703608e-29,8.177429233703919e-29,8.177429233703919e-29,8.177429233703917e-29,8.177429233703916e-29,8.177429233703913e-29,8.177429233703918e-29,8.177429233703918e-29,8.177429233703912e-29,8.177429233703908e-29,8.177429233704037e-29,8.17742923370404e-29,8.177429233704034e-29,8.177429233704038e-29,8.177429233704039e-29,8.177429233704038e-29,8.177429233713618e-29,8.177429233713616e-29,8.177429233713498e-29,8.177429233713498e-29,8.177429233713495e-29,8.177429233726703e-29,8.177429233726703e-29,8.1774292337267e-29,8.177429233726695e-29,8.177429233726699e-29,8.177429233726699e-29,8.1774292337267e-29,8.1774292337267e-29,8.177429233726839e-29,8.177429233726577e-29,8.177429233726576e-29,8.177429233748005e-29,8.17742923374791e-29,8.177429233747904e-29,8.177429233747909e-29,8.177429233747999e-29,8.177429233748e-29,8.177429233747999e-29,8.177429233747997e-29,8.177429233747998e-29,8.177429233748002e-29,8.177429233748002e-29,8.177429233747999e-29,8.177429233748002e-29,8.177429233748024e-29,8.177429233748025e-29,8.177429233748026e-29,8.177429233737216e-29,8.177429233737214e-29,8.177429233737215e-29,8.17742923373721e-29,8.177429233737215e-29,8.177429233737218e-29,8.177429233737315e-29,8.177429233737314e-29,8.17742923373732e-29,8.177429233737272e-29,8.177429233737218e-29,8.177429233737217e-29,8.177429233709207e-29,8.177429233709208e-29,8.177429233709207e-29,8.177429233713431e-29,8.177429233713874e-29,8.177429233713874e-29,8.177429233713877e-29,8.177429233717013e-29,8.177429233720644e-29,8.177429233722414e-29,8.177429233722418e-29,8.177429233722312e-29,8.177429233722311e-29,8.177429233722309e-29,8.177429233722307e-29,8.177429233722307e-29,8.177429233721577e-29,8.177429233721577e-29,8.177429233721536e-29,8.177429233721398e-29,8.177429233718658e-29,8.177429233718433e-29,8.177429233718433e-29,8.177429233718434e-29,8.177429233718708e-29,8.177429233718709e-29,8.177429233718708e-29,8.17742923371871e-29,8.17742923371871e-29,8.177429233718709e-29,8.177429233718707e-29,8.177429233718722e-29,8.177429233718723e-29,8.177429233718725e-29,8.177429233718722e-29,8.177429233718722e-29,8.177429233718707e-29,8.177429233718708e-29,8.177429233718709e-29,8.17742923370473e-29,8.177429233704727e-29,8.177429233704728e-29,8.177429233704727e-29,8.17742923370473e-29,8.177429233704726e-29,8.177429233749082e-29,8.177429233749079e-29,8.177429233749082e-29,8.177429233749082e-29,8.177429233749132e-29,8.177429233749169e-29,8.177429233749163e-29,8.177429233749163e-29,8.177429233749166e-29,8.17742923374916e-29,8.177429233749163e-29,8.177429233749169e-29,8.177429233748651e-29,8.17742923374866e-29,8.177429233748661e-29,8.177429233752587e-29,8.177429233752589e-29,8.177429233752588e-29,8.177429233752611e-29,8.177429233752609e-29,8.177429233752612e-29,8.177429233752614e-29,8.177429233752616e-29,8.177429233752618e-29,8.177429233752616e-29,8.177429233752619e-29,8.177429233755635e-29,8.177429233755618e-29,8.177429233755621e-29,8.177429233755621e-29,8.177429233755452e-29,8.177429233755543e-29,8.177429233755538e-29,8.177429233755393e-29,8.177429233755394e-29,8.177429233753981e-29,8.177429233753979e-29,8.17742923375398e-29,8.17742923375403e-29,8.177429233754045e-29,8.177429233754694e-29,8.177429233754661e-29,8.177429233754704e-29,8.177429233754701e-29,8.177429233754746e-29,8.177429233754767e-29,8.177429233754766e-29,8.177429233754768e-29,8.177429233752143e-29,8.177429233752137e-29,8.177429233752139e-29,8.177429233752136e-29,8.177429233752138e-29,8.177429233752136e-29,8.177429233752139e-29,8.177429233748018e-29,8.177429233748023e-29,8.177429233748023e-29,8.177429233748027e-29,8.177429233748025e-29,8.177429233748025e-29,8.177429233747987e-29,8.177429233747749e-29,8.177429233747754e-29,8.177429233747754e-29,8.177429233747761e-29,8.177429233747763e-29,8.177429233747763e-29,8.17742923374777e-29,8.177429233747774e-29,8.177429233746799e-29,8.177429233746798e-29,8.177429233746798e-29,8.177429233746795e-29,8.17742923374684e-29,8.177429233747118e-29,8.177429233747123e-29,8.177429233747123e-29,8.177429233743793e-29,8.17742923374378e-29,8.177429233743751e-29,8.177429233743483e-29,8.177429233743484e-29,8.177429233743484e-29,8.177429233743483e-29,8.177429233743488e-29,8.177429233743488e-29,8.177429233743491e-29,8.177429233743492e-29,8.177429233743469e-29,8.177429233743474e-29,8.177429233740364e-29,8.177429233740099e-29,8.177429233740154e-29,8.17742923374023e-29,8.177429233983807e-29,8.177429233976122e-29,8.177429233976125e-29,8.177429233976125e-29,8.177429233976123e-29,8.177429233976159e-29,8.177429233976161e-29,8.177429233976161e-29,8.177429233976159e-29,8.177429233976159e-29,8.17742923397616e-29,8.1774292339753e-29,8.177429233975302e-29,8.177429233975302e-29,8.1774292339753e-29,8.177429233975301e-29,8.177429233975301e-29,8.177429233975303e-29,8.177429233974029e-29,8.177429233974024e-29,8.177429233974025e-29,8.177429233974023e-29,8.177429233975073e-29,8.177429233976734e-29,8.177429233976732e-29,8.177429233976733e-29,8.17742923397673e-29,8.177429233976729e-29,8.17742923397673e-29,8.17742923397673e-29,8.17742923397673e-29,8.177429233976734e-29,8.177429233999999e-29,8.177429234000004e-29,8.177429234000053e-29,8.177429234000053e-29,8.177429234000049e-29,8.177429234000053e-29,8.177429234000064e-29,8.177429234000063e-29,8.177429234000063e-29,8.177429234015692e-29,8.177429234038774e-29,8.177429234038774e-29,8.177429234038774e-29,8.177429234038771e-29,8.177429234038776e-29,8.177429234038743e-29,8.17742923403874e-29,8.177429234038708e-29,8.177429234038705e-29,8.177429234038707e-29,8.177429234038708e-29,8.177429234038704e-29,8.177429234038708e-29,8.177429234039493e-29,8.177429234040344e-29,8.177429234040344e-29,8.177429234040348e-29,8.177429234040344e-29,8.177429234040264e-29,8.177429234040058e-29,8.177429234040057e-29,8.177429234040052e-29,8.17742923404005e-29,8.177429234040071e-29,8.177429234040071e-29,8.177429234040073e-29,8.177429234040071e-29,8.177429234040069e-29,8.177429234040071e-29,8.177429234040074e-29,8.177429234041166e-29,8.177429234041162e-29,8.177429234041164e-29,8.177429234041162e-29,8.177429234041163e-29,8.177429234041164e-29,8.17742923405479e-29,8.177429234054786e-29,8.177429234054784e-29,8.17742923405484e-29,8.17742923405484e-29,8.177429234054841e-29,8.177429234054838e-29,8.177429234054843e-29,8.17742923405225e-29,8.17742923405223e-29,8.17742923405222e-29,8.17742923405222e-29,8.177429234052224e-29,8.177429234052226e-29,8.177429234052227e-29,8.177429234052211e-29,8.177429234050851e-29,8.177429234050842e-29,8.177429234050842e-29,8.177429234050842e-29,8.177429234050842e-29,8.177429234050845e-29,8.177429234050977e-29,8.177429234050977e-29,8.177429234050978e-29,8.177429234051179e-29,8.17742923405118e-29,8.17742923405118e-29,8.177429234050271e-29,8.177429234053243e-29,8.17742923405324e-29,8.177429234053243e-29,8.177429234061039e-29,8.17742923406104e-29,8.17742923406104e-29,8.17742923406104e-29,8.17742923406104e-29,8.177429234061051e-29,8.177429234061051e-29,8.17742923406105e-29,8.177429234061046e-29,8.177429234061704e-29,8.177429234060919e-29,8.177429234060919e-29,8.177429234060923e-29,8.177429234060922e-29,8.177429234060919e-29,8.177429234060885e-29,8.177429234060885e-29,8.177429234060884e-29,8.177429234060971e-29,8.177429234060973e-29,8.177429234060972e-29,8.177429234060973e-29,8.177429234060971e-29,8.177429234060972e-29,8.177429234060967e-29,8.177429234060971e-29,8.177429234062281e-29,8.177429234062278e-29,8.177429234062176e-29,8.177429234062173e-29,8.177429234065095e-29,8.177429234065095e-29,8.177429234065091e-29,8.177426929983279e-29,8.177426929983282e-29,8.177426929983285e-29,8.177426929983317e-29,8.177426929983102e-29,8.177426929983104e-29,8.177426929979618e-29,8.177426929979618e-29,8.177426929979618e-29,8.177426929979618e-29,8.177426929979617e-29,8.177426929979616e-29,8.177426929979616e-29,8.177426929979187e-29,8.177426929977418e-29,8.177426929977419e-29,8.17742692997742e-29,8.177426929977416e-29,8.177426929977415e-29,8.177426929977415e-29,8.177426929977074e-29,8.177426929970638e-29,8.177426929970527e-29,8.177426929872105e-29,8.177426929872106e-29,8.177426929872103e-29,8.177426929871904e-29,8.17742692987191e-29,8.177426929871912e-29,8.177426929871913e-29,8.177426929871912e-29,8.177426929871912e-29,8.177426929871908e-29,8.17742692987191e-29,8.177426929871698e-29,8.177426929871698e-29,8.177426929871695e-29,8.177426929871694e-29,8.177426929871696e-29,8.177426929871695e-29,8.177426929871695e-29,8.177426929871695e-29,8.177426929871698e-29,8.177426929874382e-29,8.177426929874384e-29,8.177426929874384e-29,8.177426929874384e-29,8.177426929874439e-29,8.177426929875782e-29,8.1774269298758e-29,8.177426929887842e-29,8.177426929889698e-29,8.177426929889698e-29,8.17742692991129e-29,8.177426929911284e-29,8.177426929911283e-29,8.17742692991128e-29,8.177426929911239e-29,8.17742692991124e-29,8.17742692991124e-29,8.177426929911242e-29,8.177426929911241e-29,8.177426929913383e-29,8.177426929913383e-29,8.177426929913383e-29,8.177426929913381e-29,8.177426929913318e-29,8.177426929913303e-29,8.177426929913306e-29,8.177426929913306e-29,8.177426929913304e-29,8.177426929913303e-29,8.177426929956367e-29,8.17742692995637e-29,8.177426929956367e-29,8.177426929953305e-29,8.177426929953304e-29,8.177426929953306e-29,8.177426929953306e-29,8.177426929953306e-29,8.177426929953305e-29,8.177426929953302e-29,8.177426929953304e-29,8.177426929953306e-29,8.177426929953305e-29,8.177426929952757e-29,8.17742692995276e-29,8.177426929952916e-29,8.177426929952922e-29,8.177426929952936e-29,8.177426929952938e-29,8.177426929952898e-29,8.177426929952896e-29,8.177426929950609e-29,8.177426929141079e-29,8.177426929141079e-29,8.177426929141079e-29,8.177426929141079e-29,8.177426929141128e-29,8.177426929141129e-29,8.177426929296574e-29,8.177426929296571e-29,8.177426929296571e-29,8.177426929296573e-29,8.17742692929657e-29,8.177426929296572e-29,8.177426929296572e-29,8.177426929296541e-29,8.177426929296545e-29,8.177426929296545e-29,8.177426929288603e-29,8.177426929288602e-29,8.177426929288603e-29,8.177426929290272e-29,8.177426929290278e-29,8.177426929290275e-29,8.177426929290275e-29,8.177426929290273e-29,8.177426929290272e-29,8.177426929290265e-29,8.177426929289507e-29,8.177426929289507e-29,8.177426929289976e-29,8.177426929289984e-29,8.177426929304517e-29,8.177426929038213e-29,8.177426929034344e-29,8.177426929035958e-29,8.177426929037149e-29,8.177426929036038e-29,8.17742692903632e-29,8.177426929036317e-29,8.177426929035713e-29,8.177426929035713e-29,8.177426929035691e-29,8.177426942357256e-29,8.177426942357253e-29,8.177426942357255e-29,8.177426942357279e-29,8.17742694236096e-29,8.177426942360817e-29,8.177426942360816e-29,8.177426942362071e-29,8.177426942362085e-29,8.177426942362085e-29,8.177426942362084e-29,8.177426942362084e-29,8.177426942362043e-29,8.177426942357607e-29,8.177426942359493e-29,8.177426942359135e-29,8.17742694235914e-29,8.177426942359135e-29,8.177426942366829e-29,8.177426942366826e-29,8.177426942366828e-29,8.177426942366829e-29,8.177426942366828e-29,8.177426942367231e-29,8.177426942367234e-29,8.17742694236724e-29,8.177426942367234e-29,8.177426942364915e-29,8.177426942364915e-29,8.177426942364644e-29,8.177426942364646e-29,8.177426942364618e-29,8.177426942364618e-29,8.177426942364291e-29,8.177426942360111e-29,8.177426942360137e-29,8.17742694236014e-29,8.177426942360135e-29,8.177426942360053e-29,8.17742694236013e-29,8.177426942360132e-29,8.177426942356183e-29,8.177426942349461e-29,8.177426942333731e-29,8.177426942333397e-29,8.177426942333401e-29,8.177426942333401e-29,8.177426942333399e-29,8.177426942333397e-29,8.1774269423334e-29,8.177426942323135e-29,8.177426942323139e-29,8.17742694232379e-29,8.177426942323784e-29,8.177426942323756e-29,8.177426942226769e-29,8.177426942226837e-29,8.177426942226836e-29,8.177426942226841e-29,8.177426942226842e-29,8.177426942226841e-29,8.177426942226851e-29,8.177426942253881e-29,8.17742694225388e-29,8.177426942253877e-29,8.177426942253877e-29,8.17742694225388e-29,8.17742694225388e-29,8.177426942253414e-29,8.177426942253414e-29,8.17742694225261e-29,8.177426942252611e-29,8.177426942254155e-29,8.177426942298022e-29,8.177426942298547e-29,8.177426942297988e-29,8.177426942297989e-29,8.177426942297996e-29,8.177426942298001e-29,8.177426942298e-29,8.177426942297999e-29,8.177426942298e-29,8.177426942298003e-29,8.177426942297965e-29,8.177426942298014e-29,8.177426942298019e-29,8.177426942298016e-29,8.177426942298019e-29,8.177426942277161e-29,8.177426942277161e-29,8.177426942277162e-29,8.17742694227716e-29,8.17742694227716e-29,8.177426942277117e-29,8.177426942277118e-29,8.177426942277116e-29,8.177426942277175e-29,8.177426942277175e-29,8.177426942277818e-29,8.177426942277813e-29,8.177426942277816e-29,8.177426942277816e-29,8.177426942277583e-29,8.177426942277585e-29,8.177426942277586e-29,8.177426942277588e-29,8.177426942277586e-29,8.177426942277587e-29,8.177426942277587e-29,8.177426942277586e-29,8.177426942277585e-29,8.177426942277587e-29,8.177426942277604e-29,8.177426942277601e-29,8.177426942277601e-29,8.177426942277603e-29,8.177426942277721e-29,8.177426942277722e-29,8.177426942277725e-29,8.177426942277722e-29,8.177426942277722e-29,8.177426942277724e-29,8.177426942277348e-29,8.177426942277349e-29,8.177426942277345e-29,8.177426942277331e-29,8.17742694227733e-29,8.177426942277331e-29,8.17742694227733e-29,8.177426942277333e-29,8.177426942277331e-29,8.177426942277342e-29,8.177426942277344e-29,8.177426942277344e-29,8.177426942277341e-29,8.177426942277345e-29,8.17742694227734e-29,8.177426942277345e-29,8.177426942277342e-29,8.177426942277339e-29,8.177426942277341e-29,8.177426942277341e-29,8.177426942277339e-29,8.17742694227734e-29,8.17742694227734e-29,8.177426942277342e-29,8.177426942277338e-29,8.177426942277342e-29,8.177426942277341e-29,8.177426942277339e-29,8.177426942277592e-29,8.177426942277592e-29,8.177426942277592e-29,8.177426942277592e-29,8.177426942277595e-29,8.177426942277592e-29,8.177426942277595e-29,8.177426942277592e-29,8.177426941968253e-29,8.177426941968249e-29,8.177426941968252e-29,8.177426941968253e-29,8.177426941968251e-29,8.177426941968253e-29,8.17742694196825e-29,8.177426941968251e-29,8.177426941968227e-29,8.177426941968225e-29,8.17742694196821e-29,8.177426941968205e-29,8.177426941968173e-29,8.177426941968171e-29,8.177426941968177e-29,8.177426941968167e-29,8.177426941968172e-29,8.177426941968172e-29,8.177426941968169e-29,8.177426941968172e-29,8.177426941968175e-29,8.177426941968175e-29,8.177426941968175e-29,8.177426941968176e-29,8.177426941968208e-29,8.177426941968207e-29,8.177426941968212e-29,8.177426941968206e-29,8.177426941968206e-29,8.177426941968207e-29,8.177426941968206e-29,8.177426941968208e-29,8.177426941968209e-29,8.177426941968208e-29,8.177426941968205e-29,8.177426941968206e-29,8.177426941968209e-29,8.177426941968207e-29,8.177426941968207e-29,8.177426941968208e-29,8.177426941968205e-29,8.177426941968205e-29,8.177426941970815e-29,8.177426941970817e-29,8.177426941970819e-29,8.177426941970818e-29,8.177426941840305e-29,8.177426941840336e-29,8.177426941840323e-29,8.177426941840326e-29,8.177426941840327e-29,8.177426941840329e-29,8.177426941840328e-29,8.177426941840325e-29,8.177426941840321e-29,8.177426941840321e-29,8.177426941840341e-29,8.177426941840345e-29,8.177426941839568e-29,8.177426941839564e-29,8.177426941839489e-29,8.17742694183949e-29,8.177426941839489e-29,8.177426941841353e-29,8.177426941841073e-29,8.177426941841075e-29,8.177426941841073e-29,8.177426941841077e-29,8.177426941841078e-29,8.177426941841078e-29,8.177426941841076e-29,8.177426941841075e-29,8.177426941841078e-29,8.177426941841079e-29,8.177426941841077e-29,8.177426941841079e-29,8.177426941841077e-29,8.177426941841077e-29,8.177426941841077e-29,8.17742694184113e-29,8.177426941841128e-29,8.177426941841132e-29,8.177426941841128e-29,8.177426941841126e-29,8.177426941841126e-29,8.177426941841124e-29,8.177426941841182e-29,8.177426941841181e-29,8.177426941298894e-29,8.177426941292453e-29,8.177426941292453e-29,8.177426941292452e-29,8.177426941291868e-29,8.17742694129187e-29,8.177426941291871e-29,8.177426941291836e-29,8.177426941292207e-29,8.177426941292205e-29,8.177426941292208e-29,8.177426941292207e-29,8.177426941293483e-29,8.177426941285901e-29,8.177426941285899e-29,8.177426941285901e-29,8.177426941285904e-29,8.177426941285904e-29,8.177426941285906e-29,8.177426941285905e-29,8.177426941285902e-29,8.177426941289472e-29,8.177426941289481e-29,8.177426941289482e-29,8.177426941289481e-29,8.177426941289437e-29,8.177426941289433e-29,8.177426941289434e-29,8.177426941289435e-29,8.177426941289432e-29,8.177426941266669e-29,8.177426941266668e-29,8.177426941266669e-29,8.177426941266668e-29,8.177426941266695e-29,8.177426941266698e-29,8.177426941266693e-29,8.177426941266695e-29,8.177426941266699e-29,8.1774269412667e-29,8.177426941266162e-29,8.177426941266167e-29,8.17742694126617e-29,8.1774269412713e-29,8.177426941271301e-29,8.1774269412713e-29,8.177426941269246e-29,8.177426941269243e-29,8.177426941269243e-29,8.177426941269246e-29,8.177426941269243e-29,8.17742694126924e-29,8.177426941269163e-29,8.177426941269162e-29,8.177426941269163e-29,8.177426941271428e-29,8.177426941271425e-29,8.177426941273043e-29,8.177426941273039e-29,8.177426941270054e-29,8.177426941270048e-29,8.177426941270161e-29,8.177426941270159e-29,8.177426941269957e-29,8.177426941269961e-29,8.177426941275755e-29,8.177426941275753e-29,8.17742694127575e-29,8.177426941275763e-29,8.177426941275763e-29,8.177426941275764e-29,8.177426941275784e-29,8.177426941275782e-29,8.177426941275805e-29,8.177426941276958e-29,8.177426941276959e-29,8.177426941276963e-29,8.17742694127696e-29,8.177426941277176e-29,8.177426941277152e-29,8.177426941277128e-29,8.177426941277127e-29,8.177426941277126e-29,8.177426941277128e-29,8.177426941277128e-29,8.177426941277129e-29,8.177426941277225e-29,8.177426941277229e-29,8.177426941277227e-29,8.177426941277226e-29,8.177426941277228e-29,8.177426941277205e-29,8.177426941277204e-29,8.177426941277201e-29,8.1774269412772e-29,8.1774269412772e-29,8.17742694127704e-29,8.177426941276938e-29,8.177426941276939e-29,8.17742694127694e-29,8.177426941276875e-29,8.177426941276871e-29,8.177426941276877e-29,8.177426941276877e-29,8.177426941276877e-29,8.177426941276838e-29,8.177426941276836e-29,8.177426941276959e-29,8.177426941276958e-29,8.177426941276959e-29,8.177426941276955e-29,8.177426941276954e-29,8.177426941276955e-29,8.177426941276955e-29,8.177426941276958e-29,8.177426941275962e-29,8.177426941275962e-29,8.177426941275898e-29,8.177426941275889e-29,8.177426941275888e-29,8.177426941275927e-29,8.177426941275922e-29,8.177426941275923e-29,8.177426941275922e-29,8.177426941275927e-29,8.177426941276821e-29,8.177426941276822e-29,8.177426941276821e-29,8.177426941276823e-29,8.177426941276824e-29,8.177426941276821e-29,8.177426941276821e-29,8.177426941276821e-29,8.177426941276821e-29,8.177426941276821e-29,8.177426941276821e-29,8.177426941276818e-29,8.177426941267254e-29,8.177426941252623e-29,8.177426941252627e-29,8.177426941252808e-29,8.17742694125281e-29,8.177426941252808e-29,8.177426941205062e-29,8.177426941205061e-29,8.177426941205378e-29,8.177426941205377e-29,8.177426941205514e-29,8.177426941205516e-29,8.177426941205905e-29,8.177426941205906e-29,8.177426941205902e-29,8.177426941206012e-29,8.177426941206006e-29,8.177426941206076e-29,8.17742694120627e-29,8.177426941206267e-29,8.17742694120627e-29,8.177426941229991e-29,8.177426941229993e-29,8.177426941231256e-29,8.177426941231254e-29,8.177426941231255e-29,8.177426941231255e-29,8.177426941231254e-29,8.177426941231255e-29,8.177426941231253e-29,8.177426941231253e-29,8.177426941231259e-29,8.177426941231478e-29,8.177426941231511e-29,8.177426941231512e-29,8.17742694123151e-29,8.177426941230447e-29,8.177426941230449e-29,8.177426941228469e-29,8.177426941228469e-29,8.177426941228469e-29,8.177426941228472e-29,8.177426941228345e-29,8.177426941228312e-29,8.177426941228307e-29,8.177426941228558e-29,8.177426941228475e-29,8.177426941228648e-29,8.177426941228666e-29,8.177426941228662e-29,8.177426941228662e-29,8.177426941228667e-29,8.177426941228664e-29,8.177426941229296e-29,8.177426941231376e-29,8.177426941231376e-29,8.177426941231376e-29,8.177426941231382e-29,8.177426941231382e-29,8.177426941231384e-29,8.177426941232775e-29,8.177426941232776e-29,8.177426941232775e-29,8.177426941232774e-29,8.177426941232778e-29,8.177426941232776e-29,8.177426941232779e-29,8.177426941232776e-29,8.177426941232775e-29,8.177426941232779e-29,8.177426941232785e-29,8.177426941232756e-29,8.177426941232757e-29,8.177426941232736e-29,8.177426941232737e-29,8.177426941232735e-29,8.177426941232735e-29,8.177426941210681e-29,8.177426941210615e-29,8.177426941210642e-29,8.177426941210643e-29,8.177426941210639e-29,8.177426941210643e-29,8.177426941210646e-29,8.177426941210643e-29,8.177426941210645e-29,8.177426941210644e-29,8.177426941210646e-29,8.177426941208762e-29,8.177426941208763e-29,8.17742694120876e-29,8.177426941208785e-29,8.17742694120879e-29,8.177426941208785e-29,8.177426941219536e-29,8.177426941219533e-29,8.177426941219531e-29,8.177426941219501e-29,8.177426941219501e-29,8.17742694120181e-29,8.177426941201827e-29,8.177426941201827e-29,8.177426941201827e-29,8.177426941201827e-29,8.177426941201825e-29,8.177426941201823e-29,8.177426941201823e-29,8.177426941201826e-29,8.177426941191716e-29,8.17742694119172e-29,8.17742694119172e-29,8.177426941191721e-29,8.177426941191591e-29,8.177426941191584e-29,8.177426941191829e-29,8.177426941191829e-29,8.177426941191829e-29,8.177426941191049e-29,8.177426941191048e-29,8.177426941191088e-29,8.177426941193855e-29,8.177426941193854e-29,8.17742694119386e-29,8.177426941185574e-29,8.177426941185578e-29,8.17742694118561e-29,8.177426941185008e-29,8.177426941185009e-29,8.177426941185006e-29,8.17742694118501e-29,8.17742694118492e-29,8.177426941186467e-29,8.177426941189948e-29,8.177426941189945e-29,8.177426941189955e-29,8.177426941189128e-29,8.177426941189215e-29,8.177426941186364e-29,8.177426941186363e-29,8.177426941186362e-29,8.17742694118645e-29,8.177426941186102e-29,8.177426941186114e-29,8.177426941186113e-29,8.177426941186113e-29,8.177426941186111e-29,8.177426941186112e-29,8.177426941185887e-29,8.177426941169201e-29,8.177426941169197e-29,8.177426941169196e-29,8.177426941169193e-29,8.177426941169189e-29,8.17742694116919e-29,8.177426941169184e-29,8.177426941169191e-29,8.177426941169191e-29,8.17742694116919e-29,8.177426941163485e-29,8.17742694105926e-29,8.177426941059254e-29,8.177426941059473e-29,8.177426941059468e-29,8.177426941056124e-29,8.17742694103205e-29,8.177426941032054e-29,8.177426941032056e-29,8.177426941032054e-29,8.177426941031984e-29,8.177426941042013e-29,8.177426941041795e-29,8.177426941041795e-29,8.177426941041794e-29,8.177426941041797e-29,8.177426941041814e-29,8.177426941041815e-29,8.177426941041814e-29,8.177426941041813e-29,8.177426941041727e-29,8.177426941041722e-29,8.177426941041725e-29,8.177426941041684e-29,8.1774269410417e-29,8.177426941041701e-29,8.177426941041698e-29,8.17742694104031e-29,8.177426941027787e-29,8.177426941027791e-29,8.177426941027791e-29,8.177426941027788e-29,8.177426941028327e-29,8.177426941028323e-29,8.177426941325547e-29,8.177426941325551e-29,8.177426941325685e-29,8.177426941323674e-29,8.177426941323778e-29,8.177426941323758e-29,8.177426941323759e-29,8.177426954292247e-29,8.177426954293832e-29,8.177426954293837e-29,8.177426954294007e-29,8.177426954294009e-29,8.177426954294008e-29,8.177426954294007e-29,8.177426954294007e-29,8.177426954365081e-29,8.177426954365079e-29,8.177426954365074e-29,8.177426954365079e-29,8.177426954365073e-29,8.177426954365076e-29,8.177426954364881e-29,8.177426954364858e-29,8.177426954373777e-29,8.17742695437532e-29,8.177426954375317e-29,8.177426954375299e-29,8.1774269543753e-29,8.177426954535102e-29,8.177426954535103e-29,8.177426954535101e-29,8.177426954535097e-29,8.177426954535099e-29,8.177426954205823e-29,8.177426954205822e-29,8.177426954205823e-29,8.177426954205769e-29,8.177426954205791e-29,8.177426954205463e-29,8.177426954206074e-29,8.177426954206074e-29,8.177426954205859e-29,8.177426954205861e-29,8.17742695432752e-29,8.177426954327587e-29,8.177426954327588e-29,8.177426954327602e-29,8.17742695436896e-29,8.177426954368961e-29,8.177426954368961e-29,8.17742695436902e-29,8.177426954369017e-29,8.177426954369018e-29,8.177426954369247e-29,8.17742695436925e-29,8.177426954369346e-29,8.17742695436934e-29,8.177426954369341e-29,8.177426954369341e-29,8.177426954369341e-29,8.177426954369342e-29,8.177426954369341e-29,8.177426954369339e-29,8.177426954366684e-29,8.177426954366686e-29,8.177426954366687e-29,8.177426954366685e-29,8.177426954366686e-29,8.177426954366684e-29,8.177426954366682e-29,8.17742695436686e-29,8.177426954366859e-29,8.177426954366862e-29,8.177426954366858e-29,8.177426954366858e-29,8.177426954366861e-29,8.177426954366701e-29,8.177426954366704e-29,8.177426954366705e-29,8.177426954367019e-29,8.177426954367053e-29,8.177426954367053e-29,8.177426954367048e-29,8.177426954367053e-29,8.177426954367048e-29,8.17742695436705e-29,8.17742695436705e-29,8.177426954367054e-29,8.177426954367048e-29,8.177426954367044e-29,8.177426954367047e-29,8.177426954367047e-29,8.177426954367046e-29,8.177426954367047e-29,8.17742695436705e-29,8.177426954367051e-29,8.177426954367048e-29,8.1774269543671e-29,8.1774269543671e-29,8.177426954367101e-29,8.177426954367103e-29,8.177426954367104e-29,8.177426954367105e-29,8.177426954367109e-29,8.177426954367103e-29,8.177426954367102e-29,8.177426954372344e-29,8.177426954372346e-29,8.177426954372343e-29,8.177426954371166e-29,8.177426954371166e-29,8.177426954371168e-29,8.177426954371166e-29,8.177426954367786e-29,8.177426954367784e-29,8.17742695436778e-29,8.177426954386932e-29,8.177426954386932e-29,8.17742695438693e-29,8.177426954353756e-29,8.177426954354377e-29,8.177426954354378e-29,8.17742695435438e-29,8.177426954356551e-29,8.177426954356545e-29,8.17742695199234e-29,8.177426951992337e-29,8.17742695199233e-29,8.177426951992355e-29,8.177426951992359e-29,8.177426951992356e-29,8.177426951992341e-29,8.177426951992342e-29,8.17742695199239e-29,8.177426951992389e-29,8.177426951992104e-29,8.177426951991432e-29,8.177426951991429e-29,8.177426951991317e-29,8.177426951991319e-29,8.177426951991319e-29,8.177426951991319e-29,8.177426951991317e-29,8.177426951991316e-29,8.177426951991317e-29,8.177426951991315e-29,8.177426951991315e-29,8.177426951984364e-29,8.177426951984362e-29,8.177426951984364e-29,8.177426951984345e-29,8.177426951984344e-29,8.177426951984345e-29,8.17742695198435e-29,8.177426951984351e-29,8.177426951984357e-29,8.177426951984351e-29,8.177426951982628e-29,8.177426951954556e-29,8.177426951954505e-29,8.177426951954499e-29,8.177426951954535e-29,8.177426951954536e-29,8.177426951954537e-29,8.177426951954536e-29,8.177426951954537e-29,8.177426951946582e-29,8.177426951946587e-29,8.177426951946587e-29,8.177426951946585e-29,8.177426951946588e-29,8.177426951946588e-29,8.177426951946587e-29,8.177426951946589e-29,8.177426951946587e-29,8.1774269519467e-29,8.177426951946653e-29,8.17742695194665e-29,8.177426951946648e-29,8.177426951946645e-29,8.177426951946645e-29,8.177426951946643e-29,8.177426951946869e-29,8.17742695194902e-29,8.177426951949036e-29,8.17742695194904e-29,8.17742695194904e-29,8.177426951949041e-29,8.177426951949041e-29,8.177426951949042e-29,8.177426951948284e-29,8.177426951948284e-29,8.177426951948283e-29,8.177426951948282e-29,8.17742695194829e-29,8.17742695194829e-29,8.177426951948226e-29,8.177426951948231e-29,8.177426952268948e-29,8.177426952268948e-29,8.177426951573371e-29,8.177426951573374e-29,8.177426951573085e-29,8.177426951573448e-29,8.177426951573444e-29,8.177426951572372e-29,8.177426951572369e-29,8.17742695157582e-29,8.177426951575819e-29,8.17742695156797e-29,8.177426951567971e-29,8.177426951567975e-29,8.177426951567973e-29,8.177426951567977e-29,8.177426951568026e-29,8.177426951568025e-29,8.177426951568026e-29,8.177426951568153e-29,8.177426951585481e-29,8.177426951585483e-29,8.177426951585479e-29,8.177426951584489e-29,8.177426951584497e-29,8.177426951584494e-29,8.177426951584489e-29,8.177426951584494e-29,8.177426951584493e-29,8.177426951582007e-29,8.17742695158201e-29,8.177426951582011e-29,8.17742695158201e-29,8.177426951582074e-29,8.177426951582074e-29,8.177426951582961e-29,8.177426951582971e-29,8.177426951582974e-29,8.177426951582975e-29,8.177426951582971e-29,8.177426951582973e-29,8.177426951582975e-29,8.177426951582977e-29,8.177426951582966e-29,8.177426951582941e-29,8.17742695158294e-29,8.177426951582913e-29,8.17742695158291e-29,8.177426951583001e-29,8.177426951583002e-29,8.17742695158432e-29,8.177426951584318e-29,8.177426951584316e-29,8.177426951584314e-29,8.177426951584312e-29,8.177426951584304e-29,8.177426951584193e-29,8.177426951584191e-29,8.177426951584191e-29,8.17742695158419e-29,8.177426951584194e-29,8.177426951584192e-29,8.177426951584212e-29,8.177426942837742e-29,8.177426942837736e-29,8.177426942837742e-29,8.177426942837736e-29,8.177426942837742e-29,8.17742694283935e-29,8.17742694283935e-29,8.17742694283935e-29,8.177426942839352e-29,8.17742694283938e-29,8.177426942839375e-29,8.177426942839371e-29,8.177426942839377e-29,8.177426942839376e-29,8.177426942839372e-29,8.177426942839373e-29,8.177426942839397e-29,8.177426942839178e-29,8.177426942839176e-29,8.177426942839171e-29,8.177426942839171e-29,8.177426942834053e-29,8.177426942837254e-29,8.177426942837222e-29,8.177426942837227e-29,8.177426942837223e-29,8.177426942837227e-29,8.177426942837203e-29,8.177426942837205e-29,8.177426942837142e-29,8.177426942836926e-29,8.177426942837079e-29,8.177426942836715e-29,8.177426942838156e-29,8.177426942838022e-29,8.177426942835056e-29,8.177426942835055e-29,8.177426942835057e-29
3,0.07764364861664726,0.07764364861664726,0.07764364861664726,0.07764364861664726,0.07764364861664726,0.07764364861664726,0.07764364861664726,0.07764364861664726,0.07764364861664726,0.07764364861664726,0.07764364861664726,0.07764364861664726,0.07764364861664726,0.07764364861664726,0.07764364861664726,0.07764364861664726,0.07764364861664726,0.07764364861664726,0.07764364861664726,0.07764364861664726,0.07764364861664726,0.07764364861664726,0.07764364861664726,0.07764364861664726,0.07764364861664726,0.07764364861664726,0.07764364861664726,0.07764364861664726,0.07764364861664726,0.07764364861664726,0.07764364861664726,0.07764364861664726,0.07764364861664726,0.07764364861664726,0.07764364861664726,0.07764364861664726,0.07764364861664726,0.07764364861664726,0.07764364861664726,0.07764364861664726,0.07764364861664726,0.07764364861664726,0.07764364861664726,0.07764364861664726,0.07764364861664726,0.07764364861664726,0.07764364861664726,0.07764364861664726,0.07764364861664726,0.07764364861664726,0.07764364861664726,0.07764364861664726,0.07764364861664726,0.07764364861664726,0.07764364861664726,0.07764364861664726,0.07764364861664726,0.07764364861664726,0.07764364861664726,0.07764364861664726,0.07764364861664726,0.07764364861664726,0.07764364861664726,0.07764364861664726,0.07764364861664726,0.07764364861664726,0.07764364861664726,0.07764364861664726,0.07764364861664726,0.07764364861664726,0.07764364861664726,0.07764364861664726,0.07764364861664726,0.07764364861664726,0.07764364861664726,0.07764364861664726,0.07764364861664726,0.07764364861664726,0.07764364861664726,0.07764364861664726,0.07764364861664726,0.07764364861664726,0.07764364861664726,0.07764364861664726,0.07764364861664726,0.07764364861664726,0.07764364861664726,0.07764364861664726,0.07764364861664726,0.07764364861664726,0.07764364861664726,0.07764364861664726,0.07764364861664726,0.07764364861664726,0.07764364861664726,0.07764364861664726,0.07764364861664726,0.07764364861664726,0.07764364861664726,0.07764364861664726,0.07764364861664726,0.07764364861664726,0.07764364861664726,0.07764364861664726,0.07764364861664726,0.07764364861664726,0.07764364861664726,0.07764364861664726,0.07764364861664726,0.07764364861664726,0.07764364861664726,0.07764364861664726,0.07764364861664726,0.07764364861664726,0.07764364861664726,0.07764364861664726,0.07764364861664726,0.07764364861664726,0.07764364861664726,0.07764364861664726,0.07764364861664726,0.07764364861664726,0.07764364861664726,0.07764364861664726,0.07764364861664726,0.07764364861664726,0.07764364861664726,0.07764364861664726,0.07764364861664726,0.07764364861664726,0.07764364861664726,0.07764364861664726,0.07764364861664726,0.07764364861664726,0.07764364861664726,0.07764364861664726,0.07764364861664726,0.07764364861664726,0.07764364861664726,0.07764364861664726,0.07764364861664726,0.07764364861664726,0.07764364861664726,0.07764364861664726,0.07764364861664726,0.07764364861664726,0.07764364861664726,0.07764364861664726,0.07764364861664726,0.07764364861664726,0.07764364861664726,0.07764364861664726,0.07764364861664726,0.07764364861664726,0.07764364861664726,0.07764364861664726,0.07764364861664726,0.07764364861664726,0.07764364861664726,0.07764364861664726,0.07764364861664726,0.07764364861664726,0.07764364861664726,0.07764364861664726,0.07764364861664726,0.07764364861664726,0.07764364861664726,0.07764364861664726,0.07764364861664726,0.07764364861664726,0.07764364861664726,0.07764364861664726,0.07764364861664726,0.07764364861664726,0.07764364861664726,0.07764364861664726,0.07764364861664726,0.07764364861664726,0.07764364861664726,0.07764364861664726,0.07764364861664726,0.07764364861664726,0.07764364861664726,0.07764364861664726,0.07764364861664726,0.07764364861664726,0.07764364861664726,0.07764364861664726,0.07764364861664726,0.07764364861664726,0.07764364861664726,0.07764364861664726,0.07764364861664726,0.07764364861664726,0.07764364861664726,0.07764364861664726,0.07764364861664726,0.07764364861664726,0.07764364861664726,0.07764364861664726,0.07764364861664726,0.07764364861664726,0.07764364861664726,0.07764364861664726,0.07764364861664726,0.07764364861664726,0.07764364861664726,0.07764364861664726,0.07764364861664726,0.07764364861664726,0.07764364861664726,0.07764364861664726,0.07764364861664726,0.07764364861664726,0.07764364861664726,0.07764364861664726,0.07764364861664726,0.07764364861664726,0.07764364861664726,0.07764364861664726,0.07764364861664726,0.07764364861664726,0.07764364861664726,0.07764364861664726,0.07764364861664726,0.07764364861664726,0.07764364861664726,0.07764364861664726,0.07764364861664726,0.07764364861664726,0.07764364861664726,0.07764364861664726,0.07764364861664726,0.07764364861664726,0.07764364861664726,0.07764364861664726,0.07764364861664726,0.07764364861664726,0.07764364861664726,0.07764364861664726,0.07764364861664726,0.07764364861664726,0.07764364861664726,0.07764364861664726,0.07764364861664726,0.07764364861664726,0.07764364861664726,0.07764364861664726,0.07764364861664726,0.07764364861664726,0.07764364861664726,0.07764364861664726,0.07764364861664726,0.07764364861664726,0.07764364861664726,0.07764364861664726,0.07764364861664726,0.07764364861664726,0.07764364861664726,0.07764364861664726,0.07764364861664726,0.07764364861664726,0.07764364861664726,0.07764364861664726,0.07764364861664726,0.07764364861664726,0.07764364861664726,0.07764364861664726,0.07764364861664726,0.07764364861664726,0.07764364861664726,0.07764364861664726,0.07764364861664726,0.07764364861664726,0.07764364861664726,0.07764364861664726,0.07764364861664726,0.07764364861664726,0.07764364861664726,0.07764364861664726,0.07764364861664726,0.07764364861664726,0.07764364861664726,0.07764364861664726,0.07764364861664726,0.07764364861664726,0.07764364861664726,0.07764364861664726,0.07764364861664726,0.07764364861664726,0.07764364861664726,0.07764364861664726,0.07764364861664726,0.07764364861664726,0.07764364861664726,0.07764364861664726,0.07764364861664726,0.07764364861664726,0.07764364861664726,0.07764364861664726,0.07764364861664726,0.07764364861664726,0.07764364861664726,0.07764364861664726,0.07764364861664726,0.07764364861664726,0.07764364861664726,0.07764364861664726,0.07764364861664726,0.07764364861664726,0.07764364861664726,0.07764364861664726,0.07764364861664726,0.07764364861664726,0.07764364861664726,0.07764364861664726,0.07764364861664726,0.07764364861664726,0.07764364861664726,0.07764364861664726,0.07764364861664726,0.07764364861664726,0.07764364861664726,0.07764364861664726,0.07764364861664726,0.07764364861664726,0.07764364861664726,0.07764364861664726,0.07764364861664726,0.07764364861664726,0.07764364861664726,0.07764364861664726,0.07764364861664726,0.07764364861664726,0.07764364861664726,0.07764364861664726,0.07764364861664726,0.07764364861664726,0.07764364861664726,0.07764364861664726,0.07764364861664726,0.07764364861664726,0.07764364861664726,0.07764364861664726,0.07764364861664726,0.07764364861664726,0.07764364861664726,0.07764364861664726,0.07764364861664726,0.07764364861664726,0.07764364861664726,0.07764364861664726,0.07764364861664726,0.07764364861664726,0.07764364861664726,0.07764364861664726,0.07764364861664726,0.07764364861664726,0.07764364861664726,0.07764364861664726,0.07764364861664726,0.07764364861664726,0.07764364861664726,0.07764364861664726,0.07764364861664726,0.07764364861664726,0.07764364861664726,0.07764364861664726,0.07764364861664726,0.07764364861664726,0.07764364861664726,0.07764364861664726,0.07764364861664726,0.07764364861664726,0.07764364861664726,0.07764364861664726,0.07764364861664726,0.07764364861664726,0.07764364861664726,0.07764364861664726,0.07764364861664726,0.07764364861664726,0.07764364861664726,0.07764364861664726,0.07764364861664726,0.07764364861664726,0.07764364861664726,0.07764364861664726,0.07764364861664726,0.07764364861664726,0.07764364861664726,0.07764364861664726,0.07764364861664726,0.07764364861664726,0.07764364861664726,0.07764364861664726,0.07764364861664726,0.07764364861664726,0.07764364861664726,0.07764364861664726,0.07764364861664726,0.07764364861664726,0.07764364861664726,0.07764364861664726,0.07764364861664726,0.07764364861664726,0.07764364861664726,0.07764364861664726,0.07764364861664726,0.07764364861664726,0.07764364861664726,0.07764364861664726,0.07764364861664726,0.07764364861664726,0.07764364861664726,0.07764364861664726,0.07764364861664726,0.07764364861664726,0.07764364861664726,0.07764364861664726,0.07764364861664726,0.07764364861664726,0.07764364861664726,0.07764364861664726,0.07764364861664726,0.07764364861664726,0.07764364861664726,0.07764364861664726,0.07764364861664726,0.07764364861664726,0.07764364861664726,0.07764364861664726,0.07764364861664726,0.07764364861664726,0.07764364861664726,0.07764364861664726,0.07764364861664726,0.07764364861664726,0.07764364861664726,0.07764364861664726,0.07764364861664726,0.07764364861664726,0.07764364861664726,0.07764364861664726,0.07764364861664726,0.07764364861664726,0.07764364861664726,0.07764364861664726,0.07764364861664726,0.07764364861664726,0.07764364861664726,0.07764364861664726,0.07764364861664726,0.07764364861664726,0.07764364861664726,0.07764364861664726,0.07764364861664726,0.07764364861664726,0.07764364861664726,0.07764364861664726,0.07764364861664726,0.07764364861664726,0.07764364861664726,0.07764364861664726,0.07764364861664726,0.07764364861664726,0.07764364861664726,0.07764364861664726,0.07764364861664726,0.07764364861664726,0.07764364861664726,0.07764364861664726,0.07764364861664726,0.07764364861664726,0.07764364861664726,0.07764364861664726,0.07764364861664726,0.07764364861664726,0.07764364861664726,0.07764364861664726,0.07764364861664726,0.07764364861664726,0.07764364861664726,0.07764364861664726,0.07764364861664726,0.07764364861664726,0.07764364861664726,0.07764364861664726,0.07764364861664726,0.07764364861664726,0.07764364861664726,0.07764364861664726,0.07764364861664726,0.07764364861664726,0.07764364861664726,0.07764364861664726,0.07764364861664726,0.07764364861664726,0.07764364861664726,0.07764364861664726,0.07764364861664726,0.07764364861664726,0.07764364861664726,0.07764364861664726,0.07764364861664726,0.07764364861664726,0.07764364861664726,0.07764364861664726,0.07764364861664726,0.07764364861664726,0.07764364861664726,0.07764364861664726,0.07764364861664726,0.07764364861664726,0.07764364861664726,0.07764364861664726,0.07764364861664726,0.07764364861664726,0.07764364861664726,0.07764364861664726,0.07764364861664726,0.07764364861664726,0.07764364861664726,0.07764364861664726,0.07764364861664726,0.07764364861664726,0.07764364861664726,0.07764364861664726,0.07764364861664726,0.07764364861664726,0.07764364861664726,0.07764364861664726,0.07764364861664726,0.07764364861664726,0.07764364861664726,0.07764364861664726,0.07764364861664726,0.07764364861664726,0.07764364861664726,0.07764364861664726,0.07764364861664726,0.07764364861664726,0.07764364861664726,0.07764364861664726,0.07764364861664726,0.07764364861664726,0.07764364861664726,0.07764364861664726,0.07764364861664726,0.07764364861664726,0.07764364861664726,0.07764364861664726,0.07764364861664726,0.07764364861664726,0.07764364861664726,0.07764364861664726,0.07764364861664726,0.07764364861664726,0.07764364861664726,0.07764364861664726,0.07764364861664726,0.07764364861664726,0.07764364861664726,0.07764364861664726,0.07764364861664726,0.07764364861664726,0.07764364861664726,0.07764364861664726,0.07764364861664726,0.07764364861664726,0.07764364861664726,0.07764364861664726,0.07764364861664726,0.07764364861664726,0.07764364861664726,0.07764364861664726,0.07764364861664726,0.07764364861664726,0.07764364861664726,0.07764364861664726,0.07764364861664726,0.07764364861664726,0.07764364861664726,0.07764364861664726,0.07764364861664726,0.07764364861664726,0.07764364861664726,0.07764364861664726,0.07764364861664726,0.07764364861664726,0.07764364861664726,0.07764364861664726,0.07764364861664726,0.07764364861664726,0.07764364861664726,0.07764364861664726,0.07764364861664726,0.07764364861664726,0.07764364861664726,0.07764364861664726,0.07764364861664726,0.07764364861664726,0.07764364861664726,0.07764364861664726,0.07764364861664726,0.07764364861664726,0.07764364861664726,0.07764364861664726,0.07764364861664726,0.07764364861664726,0.07764364861664726,0.07764364861664726,0.07764364861664726,0.07764364861664726,0.07764364861664726,0.07764364861664726,0.07764364861664726,0.07764364861664726,0.07764364861664726,0.07764364861664726,0.07764364861664726,0.07764364861664726,0.07764364861664726,0.07764364861664726,0.07764364861664726,0.07764364861664726,0.07764364861664726,0.07764364861664726,0.07764364861664726,0.07764364861664726,0.07764364861664726,0.07764364861664726,0.07764364861664726,0.07764364861664726,0.07764364861664726,0.07764364861664726,0.07764364861664726,0.07764364861664726,0.07764364861664726,0.07764364861664726,0.07764364861664726,0.07764364861664726,0.07764364861664726,0.07764364861664726,0.07764364861664726,0.07764364861664726,0.07764364861664726,0.07764364861664726,0.07764364861664726,0.07764364861664726,0.07764364861664726,0.07764364861664726,0.07764364861664726,0.07764364861664726,0.07764364861664726,0.07764364861664726,0.07764364861664726,0.07764364861664726,0.07764364861664726,0.07764364861664726,0.07764364861664726,0.07764364861664726,0.07764364861664726,0.07764364861664726,0.07764364861664726,0.07764364861664726,0.07764364861664726,0.07764364861664726,0.07764364861664726,0.07764364861664726,0.07764364861664726,0.07764364861664726,0.07764364861664726,0.07764364861664726,0.07764364861664726,0.07764364861664726,0.07764364861664726,0.07764364861664726,0.07764364861664726,0.07764364861664726,0.07764364861664726,0.07764364861664726,0.07764364861664726,0.07764364861664726,0.07764364861664726,0.07764364861664726,0.07764364861664726,0.07764364861664726,0.07764364861664726,0.07764364861664726,0.07764364861664726,0.07764364861664726,0.07764364861664726,0.07764364861664726,0.07764364861664726,0.07764364861664726,0.07764364861664726,0.07764364861664726,0.07764364861664726,0.07764364861664726,0.07764364861664726,0.07764364861664726,0.07764364861664726,0.07764364861664726,0.07764364861664726,0.07764364861664726,0.07764364861664726,0.07764364861664726,0.07764364861664726,0.07764364861664726,0.07764364861664726,0.07764364861664726,0.07764364861664726,0.07764364861664726,0.07764364861664726,0.07764364861664726,0.07764364861664726,0.07764364861664726,0.07764364861664726,0.07764364861664726,0.07764364861664726,0.07764364861664726,0.07764364861664726,0.07764364861664726,0.07764364861664726,0.07764364861664726,0.07764364861664726,0.07764364861664726,0.07764364861664726,0.07764364861664726,0.07764364861664726,0.07764364861664726,0.07764364861664726,0.07764364861664726,0.07764364861664726,0.07764364861664726,0.07764364861664726,0.07764364861664726,0.07764364861664726,0.07764364861664726,0.07764364861664726,0.07764364861664726,0.07764364861664726,0.07764364861664726,0.07764364861664726,0.07764364861664726,0.07764364861664726,0.07764364861664726,0.07764364861664726,0.07764364861664726,0.07764364861664726,0.07764364861664726,0.07764364861664726,0.07764364861664726,0.07764364861664726,0.07764364861664726,0.07764364861664726,0.07764364861664726,0.07764364861664726,0.07764364861664726,0.07764364861664726,0.07764364861664726,0.07764364861664726,0.07764364861664726,0.07764364861664726,0.07764364861664726,0.07764364861664726,0.07764364861664726,0.07764364861664726,0.07764364861664726,0.07764364861664726,0.07764364861664726,0.07764364861664726,0.07764364861664726,0.07764364861664726,0.07764364861664726,0.07764364861664726,0.07764364861664726,0.07764364861664726,0.07764364861664726,0.07764364861664726,0.07764364861664726,0.07764364861664726,0.07764364861664726,0.07764364861664726,0.07764364861664726,0.07764364861664726,0.07764364861664726,0.07764364861664726,0.07764364861664726,0.07764364861664726,0.07764364861664726,0.07764364861664726,0.07764364861664726,0.07764364861664726,0.07764364861664726,0.07764364861664726,0.07764364861664726,0.07764364861664726,0.07764364861664726,0.07764364861664726,0.07764364861664726,0.07764364861664726,0.07764364861664726,0.07764364861664726,0.07764364861664726,0.07764364861664726,0.07764364861664726,0.07764364861664726,0.07764364861664726,0.07764364861664726,0.07764364861664726,0.07764364861664726,0.07764364861664726,0.07764364861664726,0.07764364861664726,0.07764364861664726,0.07764364861664726,0.07764364861664726,0.07764364861664726,0.07764364861664726,0.07764364861664726,0.07764364861664726,0.07764364861664726,0.07764364861664726,0.07764364861664726,0.07764364861664726,0.07764364861664726,0.07764364861664726,0.07764364861664726,0.07764364861664726,0.07764364861664726,0.07764364861664726,0.07764364861664726,0.07764364861664726,0.07764364861664726,0.07764364861664726,0.07764364861664726,0.07764364861664726,0.07764364861664726,0.07764364861664726,0.07764364861664726,0.07764364861664726,0.07764364861664726,0.07764364861664726,0.07764364861664726,0.07764364861664726,0.07764364861664726,0.07764364861664726,0.07764364861664726,0.07764364861664726,0.07764364861664726,0.07764364861664726,0.07764364861664726,0.07764364861664726,0.07764364861664726,0.07764364861664726,0.07764364861664726,0.07764364861664726,0.07764364861664726,0.07764364861664726,0.07764364861664726,0.07764364861664726,0.07764364861664726,0.07764364861664726,0.07764364861664726,0.07764364861664726,0.07764364861664726,0.07764364861664726,0.07764364861664726,0.07764364861664726,0.07764364861664726,0.07764364861664726,0.07764364861664726,0.07764364861664726,0.07764364861664726,0.07764364861664726,0.07764364861664726,0.07764364861664726,0.07764364861664726,0.07764364861664726,0.07764364861664726,0.07764364861664726,0.07764364861664726,0.07764364861664726,0.07764364861664726,0.07764364861664726,0.07764364861664726,0.07764364861664726,0.07764364861664726,0.07764364861664726,0.07764364861664726,0.07764364861664726,0.07764364861664726,0.07764364861664726,0.07764364861664726,0.07764364861664726,0.07764364861664726,0.07764364861664726,0.07764364861664726,0.07764364861664726,0.07764364861664726,0.07764364861664726,0.07764364861664726,0.07764364861664726,0.07764364861664726,0.07764364861664726,0.07764364861664726,0.07764364861664726,0.07764364861664726,0.07764364861664726,0.07764364861664726,0.07764364861664726,0.07764364861664726,0.07764364861664726,0.07764364861664726,0.07764364861664726,0.07764364861664726,0.07764364861664726,0.07764364861664726,0.07764364861664726,0.07764364861664726,0.07764364861664726,0.07764364861664726,0.07764364861664726,0.07764364861664726,0.07764364861664726,0.07764364861664726,0.07764364861664726,0.07764364861664726,0.07764364861664726,0.07764364861664726,0.07764364861664726,0.07764364861664726,0.07764364861664726,0.07764364861664726,0.07764364861664726,0.07764364861664726,0.07764364861664726,0.07764364861664726,0.07764364861664726,0.07764364861664726,0.07764364861664726,0.07764364861664726,0.07764364861664726,0.07764364861664726,0.07764364861664726,0.07764364861664726,0.07764364861664726,0.07764364861664726,0.07764364861664726,0.07764364861664726,0.07764364861664726,0.07764364861664726,0.07764364861664726,0.07764364861664726,0.07764364861664726,0.07764364861664726,0.07764364861664726,0.07764364861664726,0.07764364861664726,0.07764364861664726,0.07764364861664726,0.07764364861664726,0.07764364861664726,0.07764364861664726,0.07764364861664726,0.07764364861664726,0.07764364861664726,0.07764364861664726,0.07764364861664726,0.07764364861664726,0.07764364861664726,0.07764364861664726,0.07764364861664726,0.07764364861664726,0.07764364861664726,0.07764364861664726,0.07764364861664726,0.07764364861664726,0.07764364861664726,0.07764364861664726,0.07764364861664726,0.07764364861664726,0.07764364861664726,0.07764364861664726,0.07764364861664726,0.07764364861664726,0.07764364861664726,0.07764364861664726,0.07764364861664726,0.07764364861664726,0.07764364861664726,0.07764364861664726,0.07764364861664726,0.07764364861664726,0.07764364861664726,0.07764364861664726,0.07764364861664726,0.07764364861664726,0.0776360723349568,0.07762836016618646,0.07762050761034953,0.07761250993334778,0.07760436215645003,0.07759605904318775,0.07758759508402627,0.07757896447899777,0.07757016111835649,0.07756117856122842,0.07755201001215951,0.0775426482954136,0.07753308582682271,0.07752331458295166,0.07751332606729085,0.07750311127315179,0.07749266064288382,0.07748196402297973,0.07747101061457083,0.07745978891874136,0.07744828667600595,0.07743649079919625,0.07742438729888437,0.07741196120033848,0.07739919645084012,0.07738607581600648,0.07737258076352968,0.07735869133247708,0.07734438598597096,0.07732964144467139,0.077314432498019,0.07729873178961502,0.0772825095724184,0.07726573342857916,0.07724836794767423,0.07723037435579552,0.07721171008631633,0.07719232828111423,0.077172177208456,0.07715119958048043,0.0771293317490409,0.07710650275329473,0.07708263318545382,0.07705763383199227,0.07703140403556999,0.07700382970690083,0.0769747808942156,0.07694410878862747,0.07691164200332046,0.0768771819082168,0.0768404967223169,0.07680131395205551,0.07675931059829473,0.07671410030918872,0.07666521628596391,0.07661208817867636,0.07655401031157276,0.07649009712957329,0.0764192193568363,0.07633991025927876,0.07625022417305317,0.0761895350981677,0.0761895350981676,0.07618953509816721,0.07607747215721557,0.07594577752233872,0.07578767951807955,0.07559274041631925,0.07534412776409388,0.07501361053862922,0.07455394073671,0.07389822826997004,0.07300639446701422,0.07229740430693354,0.07229740430693299,0.07229740430693221,0.07229740430693134,0.07229740430693035,0.07229740430692928,0.07229740430692813,0.0722974043069268,0.0722974043069253,0.07229740430692352,0.07229740430691753,0.07229740430691153,0.07229740430690086,0.07120312657245233,0.07015076129913436,0.0692017160801325,0.06836880369689259,0.06764025227427066,0.06699288571188634,0.06639773173019659,0.06582157658968003,0.06522590823935255,0.06457702752267876,0.06387032394924474,0.06312748471446292,0.0623772145422707,0.06164342759973318,0.06094199861762765,0.060281669685590386,0.059666130788725805,0.05909627709160332,0.05866686725482799,0.058300660546529555,0.057978012087424466,0.05768953292929188,0.05742910053502538,0.05719217992583292,0.05697523235303386,0.05677541940208059,0.056590422865176376,0.056418324105495486,0.05625751872025156,0.056106653856767344,0.055964580840210186,0.055830318566335656,0.055703024705685056,0.05558197272456934,0.055466533330867776,0.05535615934573945,0.05525037326711403,0.05514875697432239,0.055050943153628906,0.0549566081191631,0.054865465773918355,0.05477726250834421,0.05469177287446844,0.054608795904774084,0.05452815196955763,0.05444968008586569,0.05437323560655675,0.05429868823044519,0.054225920284524325,0.05415482523743272,0.054085306410007604,0.0540172758542595,0.05395065337663333,0.05388536568517584,0.053821345643351746,0.053758531615857225,0.05369686689396011,0.05363629918972828,0.053576780190048225,0.05351826516263912,0.05346071260736669,0.05340408394709719,0.053348343253124694,0.05329345700088157,0.05323939385222041,0.05318612446104814,0.053133621299518194,0.053081858502349165,0.053030811727151565,0.05298045802891394,0.052930775747032185,0.052881744403467254,0.05283334461079106,0.05278555798903054,0.05273836709035281,0.052691755330747284,0.05264570692796132,0.05260020684503138,0.052555240738830486,0.0525107949131154,0.05246685627561909,0.052423412298782474,0.05238045098376571,0.05233796082741846,0.05229593079192346,0.05225435027685828,0.05221320909344796,0.05217249744080437,0.052132205883969614,0.05209232533360033,0.05205284702714565,0.052013762511386605,0.051975063626218294,0.0519367424895677,0.0518987914833505,0.05186120324037961,0.05182397063214659,0.051787086757404587,0.05175054493148805,0.0517143386763106,0.051678461710987805,0.05164290794303603,0.05160767146010419,0.05157274652219695,0.05153812755435415,0.051503809139751576,0.051469786013193776,0.051436053054970135,0.05140260528504895,0.05136943785758569,0.05133654605572448,0.051303925286672325,0.05127157107702826,0.051239479068350684,0.05120764501294702,0.051176064769872125,0.051144734301121535,0.05111364966800801,0.05108280702770975,0.051052202629980066,0.051021832814008725,0.050991694005426,0.05096178271344144,0.05093209552810906,0.050902629117712254,0.050873380226261526,0.05084434567109889,0.0508155223406029,0.05078690719198925,0.050758497249201645,0.05073028960088809,0.05070228139845855,0.050674469854219355,0.050646852239580806,0.05061942588333421,0.05059218816999488,0.050565136538208016,0.050538268479214145,0.05051158153537175,0.0504850732987338,0.050458741409676246,0.05043258355557585,0.0504065974695348,0.05038078092915062,0.05035513175532882,0.050329647811136656,0.050304327000696356,0.05027916726811553,0.0502541665964539,0.05022932300672427,0.0502046345569267,0.05018009934111406,0.050155715488488184,0.050131481162525034,0.050107394560127715,0.050083453910806354,0.05005965747588392,0.050036003547726526,0.05001249044899772,0.049989116531935586,0.04996588017765187,0.04994277979545219,0.049919813822176834,0.04989698072156098,0.049874278983613886,0.049851707124016376,0.049829263683535824,0.049806947227457904,0.04978475634503498,0.049762689648949913,0.04974074577479531,0.049718923380567284,0.049697221146173344,0.04967563777295413,0.04965417198321814,0.04963282251978936,0.04961158814556711,0.049590467643097914,0.04956945981415878,0.04954856347935174,0.04952777747770907,0.04950710066630894,0.04948653191990122,0.04946607013054303,0.04944571420724374,0.04942546307561909,0.04940531567755425,0.049385270970875424,0.04936532792902987,0.04934548554077376,0.04932574280986822,0.04930609875478266,0.04928655240840556,0.04926710281776244,0.04924774904374062,0.04922849016082095,0.04920932525681561,0.049190253432612824,0.04917127380192717,0.04915238549105622,0.049133587638642784,0.04911487939544281,0.04909625992409883,0.04907772839891853,0.04905928400565881,0.04904092594131439,0.04902265341391165,0.04900446564230727,0.048986361855990916,0.04896834129489314,0.048950403209197114,0.0489325468591548,0.04891477151490722,0.04889707645630876,0.048879460972755265,0.04886192436301605,0.04884446593506966,0.04882708500594294,0.04880978090155399,0.04879255295655826,0.04877540051419812,0.04875832292615547,0.04874131955240783,0.04872438976108715,0.04870753292834187,0.048690748438201745,0.04867403568244555,0.048657394060471676,0.04864082297917118,0.04862432185280378,0.04860789010287609,0.04859152715802257,0.04857523245388899,0.04855900543301796,0.048542845544737125,0.04852675224504937,0.04851072499652542,0.04849476326819852,0.0484788665354612,0.048463034279964144,0.04844726598951699,0.048431561157991236,0.04841591928522487,0.04840033987692899,0.04838482244459629,0.048369366505411154,0.04835397158216167,0.048338637203153186,0.048323362902123655,0.048308148218160596,0.048292992695619465,0.04827789588404382,0.04826285733808678,0.04824787661743425,0.04823295328672909,0.04821808691549735,0.04820327707807536,0.048188523353538265,0.048173825325630276,0.048159182582695574,0.04814459471761108,0.04813006132771995,0.04811558201476673,0.04810115638483334,0.0480867840482764,0.048072464619665634,0.048058197717723385,0.04804398296526522,0.04802981998914155,0.04801570842018036,0.0480016478931309,0.04798763804660839,0.04797367852303972,0.04795976896860994,0.04794590903320999,0.04793209837038512,0.047918336637284065,0.047904623494609624,0.04789095860656943,0.047877341640828006,0.04786377226845953,0.04785025016390142,0.04783677500490857,0.04782334647250852,0.047809964250957376,0.04779662802769637,0.04778333749330911,0.04777009234147992,0.047756892268952224,0.047743736975488234,0.047730626163828976,0.04771755953965503,0.047704536811547925,0.04769155769095228,0.047678621892138326,0.047665729132165234,0.04765287913084497,0.04764007161070668,0.04762730629696184,0.04761458291746969,0.047601901202703405,0.047589260885716723,0.04757666170211131,0.04756410339000423,0.04755158568999628,0.04753910834514078,0.047526671100912736,0.047514273705178425,0.047501915908165784,0.04748959746243481,0.04747731812284883,0.04746507764654594,0.04745287579291106,0.04744071232354819,0.047428587002253365,0.047416499594987796,0.0474044498698517,0.04739243759705806,0.047380462548907376,0.047368524499762206,0.04735662322602258,0.04734475850610147,0.047332930120400706,0.04732113785128734,0.047309381483070345,0.04729766080197741,0.04728597559613251,0.04727432565553342,0.04726271077202972,0.047251130739301206,0.0472395853528364,0.0472280744099116,0.047216597709570124,0.04720515505260174,0.0471937462415227,0.047182371080555674,0.04717102937561028,0.04715972093426383,0.0471484455657422,0.04713720308090114,0.04712599329220774,0.04711481601372224,0.04710367106108005,0.04709255825147403,0.04708147740363698,0.04707042833782451,0.04705941087579797,0.047048424840807714,0.047037470057576636,0.047026546352283746,0.04701565355254835,0.047004791487413884,0.04699395998733262,0.046983158884149986,0.046972388011089515,0.04696164720273777,0.04695093629502966,0.04694025512523366,0.04692960353193757,0.04691898135503435,0.046908388435707916,0.04689782461641951,0.046887289740893914,0.046876783654106094,0.04686630620226787,0.04685585723281486,0.04684543659439343,0.04683504413684807,0.04682467971120876,0.04681434316967852,0.046804034365621104,0.04679375315354902,0.04678349938911147,0.04677327292908257,0.04676307363134974,0.04675290135490223,0.04674275595981973,0.04673263730726116,0.04672254525945368,0.046712479679681736,0.04670244043227631,0.04669242738260422,0.04668244039705769,0.04667247934304401,0.04666254408897508,0.04665263450425763,0.04664275045928293,0.046632891825417196,0.046623058474991534,0.046613250281292706,0.04660346711855332,0.04659370886194265,0.04658397538755718,0.04657426657241175,0.04656458229443016,0.04655492243243658,0.04654528686614643,0.04653567547615796,0.046526088143943455,0.04651652475184079,0.04650698518304509,0.04649746932160032,0.04648797705239116,0.046478508261135004,0.04646906283437375,0.04645964065946608,0.046450241624579634,0.04644086561868312,0.04643151253153896,0.046422182253695495,0.0464128746764798,0.0464035896919901,0.04639432719308866,0.046385087073394435,0.0463758692272762,0.04636667354984533,0.04635749993694897,0.04634834828516317,0.046339218491786044,0.046330110454831146,0.0463210240730209,0.046311959245779896,0.04630291587322859,0.04629389385617677,0.04628489309611737,0.046275913495220124,0.046266954956325435,0.04625801738293824,0.04624910067922199,0.046240204749992755,0.046231329500713174,0.046222474837486704,0.04621364066705192,0.04620482689677665,0.04619603343465243,0.04618726018928903,0.046178507069908684,0.046169773986340874,0.0461610608490168,0.04615236756896412,0.04614369405780165,0.04613504022773411,0.04612640599154704,0.04611779126260163,0.0461091959548297,0.04610061998272872,0.04609206326135686,0.046083525706328135,0.0460750072338075,0.046066507760506185,0.04605802720367684,0.04604956548110894,0.0460411225111242,0.046032698212571874,0.04602429250482433,0.04601590530777256,0.04600753654182169,0.0459991861278867,0.045990853987387954,0.04598254004224703,0.045974244214882415,0.045965966428205315,0.045957706605615524,0.04594946467099721,0.04594124054871506,0.04593303416360995,0.04592484544099533,0.045916674306652853,0.045908520686828914,0.045900384508230405,0.045892265698021184,0.04588416418381809,0.04587607989368733,0.04586801275614073,0.04585996270013207,0.045851929655053365,0.045843913550731474,0.04583591431742437,0.04582793188581771,0.045819966187021305,0.04581201715256569,0.04580408471439873,0.045796168804882215,0.045788269356788557,0.04578038630329739,0.045772519577992436,0.045764669114858054,0.045756834848276286,0.04574901671302346,0.04574121464426719,0.04573342857756309,0.045725658448851896,0.04571790419445625,0.045710165751077794,0.045702443055794045,0.04569473604605552,0.04568704465968281,0.04567936883486363,0.045671708510149865,0.045664063624454965,0.04565643411705083,0.04564881992756522,0.04564122099597887,0.045633637262622824,0.045626068668175666,0.04561851515366085,0.045610976660444086,0.045603453130230565,0.045595944505062526,0.04558845072731657,0.045580971739701055,0.04557350748525365,0.04556605790733883,0.04555862294964526,0.04555120255618345,0.045543796671283235,0.04553640523959152,0.04552902820606957,0.04552166551599099,0.04551431711493907,0.0455069829488047,0.0454996629637839,0.045492357106375614,0.045485065323379356,0.045477787561893114,0.04547052376931105,0.04546327389332116,0.04545603788190336,0.04544881568332714,0.04544160724614943,0.04543441251921261,0.04542723145164223,0.04542006399284505,0.04541291009250694,0.04540576970059078,0.04539864276733461,0.045391529243249344,0.045384429079117085,0.04537734222598888,0.045370268635182974,0.04536320825828276,0.04535616104713487,0.04534912695384732,0.045342105930787614,0.04533509793058083,0.04532810290610782,0.045321120810503386,0.04531415159715436,0.04530719521969795,0.04530025163201987,0.04529332078825257,0.0452864026427735,0.04527949715020335,0.045272604265404415,0.04526572394347871,0.04525885613976649,0.04525200080984439,0.04524515790952389,0.04523832739484958,0.04523150922209761,0.04522470334777398,0.045217909728613,0.04521112832157566,0.04520435908384808,0.04519760197283997,0.04519085694618299,0.045184123961729265,0.04517740297754992,0.045170693951933454,0.04516399684338439,0.045157311610621566,0.04515063821257691,0.04514397660839382,0.04513732675742581,0.04513068861923497,0.045124062153590654,0.04511744732046802,0.04511084408004658,0.04510425239270894,0.04509767221903933,0.0450911035198222,0.04508454625604102,0.04507800038887682,0.045071465879706826,0.04506494269010333,0.04505843078183215,0.04505193011685154,0.04504544065731069,0.045038962365548704,0.04503249520409313,0.04502603913565876,0.04501959412314644,0.04501316012964184,0.04500673711841411,0.04500032505291483,0.0449939238967767,0.04498753361381236,0.04498115416801326,0.04497478552354843,0.04496842764476338,0.044962080496178815,0.04495574404248967,0.044949418248563876,0.044943103079441174,0.044936798500332144,0.044930504476617,0.04492422097384446,0.04491794795773076,0.04491168539415853,0.04490543324917568,0.04489919148899439,0.044892960079990024,0.044886738988700076,0.04488052818182315,0.044874327626217965,0.04486813728890228,0.04486195713705185,0.04485578713799952,0.0448496272592341,0.04484347746839958,0.04483733773329389,0.044831208021868074,0.04482508830222537,0.04481897854262011,0.04481287871145684,0.04480678877728941,0.04480070870882001,0.044794638474898174,0.04478857804452001,0.04478252738682711,0.04477648647110575,0.04477045526678597,0.044764433743440676,0.04475842187078473,0.044752419618674155,0.044746426957105116,0.04474044385621318,0.0447344702862724,0.044728506217694516,0.04472255162102799,0.044716606466957305,0.04471067072630204,0.04470474437001609,0.04469882736918679,0.04469291969503418,0.04468702131891013,0.0446811322122976,0.04467525234680971,0.044669381694189166,0.04466352022630729,0.04465766791516328,0.0446518247328835,0.044645990651720695,0.044640165644053174,0.04463434968238411,0.0446285427393408,0.04462274478767383,0.04461695580025645,0.0446111757500838,0.044605404610272105,0.044599642354058125,0.04459388895479828,0.04458814438596794,0.044582408621160904,0.04457668163408849,0.0445709633985789,0.04456525388857658,0.044559553078141544,0.04455386094144854,0.04454817745278658,0.04454250258655819,0.044536836317278644,0.044531178619575486,0.04452552946818769,0.04451988883796515,0.04451425670386796,0.04450863304096583,0.04450301782443738,0.04449741102956956,0.04449181263175696,0.044486222606501286,0.04448064092941065,0.044475067576199,0.0444695025226855,0.04446394574479392,0.04445839721855206,0.04445285692009113,0.04444732482564512,0.04444180091155031,0.04443628515424458,0.0444307775302669,0.04442527801625674,0.04441978658895346,0.044414303225195816,0.04440882790192135,0.04440336059616576,0.044397901285062547,0.04439244994584221,0.04438700655583192,0.04438157109245477,0.044376143533229453,0.04437072385576957,0.04436531203778313,0.04435990805707201,0.04435451189153153,0.04434912351914982,0.04434374291800731,0.044338370066276264,0.04433300494222024,0.04432764752419363,0.044322297790641056,0.04431695572009697,0.044311621291185106,0.04430629448261796,0.044300975273196465,0.04429566364180923,0.04429035956743228,0.04428506302912847,0.04427977400604708,0.04427449247742327,0.04426921842257765,0.04426395182091578,0.04425869265192776,0.04425344089518774,0.04424819653035342,0.044242959537165685,0.04423772989544809,0.044232507585106454,0.0442272925861283,0.044222084878582625,0.044216884442619245,0.04421169125846844,0.04420650530644062,0.04420132656692573,0.04419615502039295,0.04419099064739016,0.04418583342854362,0.04418068334455754,0.044175540376213525,0.044170404504370375,0.04416527570996351,0.04416015397400464,0.04415503927758132,0.044149931601856596,0.04414483092806854,0.04413973723752993,0.04413465051162778,0.044129570731822984,0.044124497879649935,0.044119431936716136,0.0441143728847018,0.04410932070535946,0.0441042753805136,0.04409923689206031,0.04409420522196688,0.044089180352271405,0.044084162265082494,0.044079150942578804,0.04407414636700872,0.04406914852069004,0.04406415738600951,0.044059172945422616,0.044054195181453024,0.04404922407669243,0.0440442596138001,0.04403930177550251,0.044034350544593086,0.044029405903931756,0.04402446783644471,0.04401953632512395,0.044014611353027026,0.044009692903276734,0.0440047809590607,0.043999875503631054,0.04399497652030418,0.04399008399246029,0.04398519790354322,0.043980318237059966,0.04397544497658047,0.04397057810573724,0.04396571760822509,0.04396086346780075,0.043956015668282625,0.043951174193550505,0.04394633902754507,0.04394151015426782,0.04393668755778071,0.04393187122220568,0.04392706113172456,0.043922257270578725,0.043917459623068665,0.043912668173553875,0.04390788290645243,0.04390310380624071,0.04389833085745327,0.043893564044682205,0.0438888033525773,0.043884048765845396,0.04387930026925023,0.04387455784761222,0.04386982148580807,0.0438650911687706,0.04386036688148835,0.04385564860900541,0.043850936336421155,0.04384623004888979,0.04384152973162036,0.04383683536987631,0.04383214694897515,0.04382746445428847,0.04382278787124131,0.0438181171853122,0.04381345238203276,0.04380879344698747,0.04380414036581338,0.04379949312419994,0.04379485170788868,0.043790216102672905,0.043785586294397626,0.043780962268959125,0.04377634401230477,0.043771731510432836,0.04376712474939212,0.04376252371528187,0.043757928394251376,0.04375333877249985,0.043748754836276216,0.04374417657187865,0.04373960396565458,0.04373503700400038,0.0437304756733611,0.0437259199602303,0.043721369851149695,0.04371682533270911,0.04371228639154611,0.043707753014345756,0.043703225187840596,0.043698702898810095,0.0436941861340808,0.04368967488052575,0.043685169125064524,0.04368066885466293,0.043676174056332756,0.043671684717131606,0.04366720082416264,0.04366272236457443,0.04365824932556065,0.04365378169435996,0.043649319458255724,0.04364486260457588,0.043640411120692627,0.04363596499402234,0.04363152421202523,0.04362708876220531,0.043622658632109956,0.04361823380933003,0.04361381428149932,0.043609400036294634,0.04360499106143542,0.04360058734468372,0.04359618887384377,0.04359179563676201,0.04358740762132679,0.04358302481546819,0.04357864720715784,0.0435742747844087,0.04356990753527488,0.04356554544785155,0.043561188510274594,0.04355683671072051,0.043552490037406216,0.043548148478588955,0.043543812022565874,0.043539480657674066,0.04353515437229034,0.04353083315483097,0.04352651699375159,0.04352220587754702,0.043517899794750986,0.04351359873393607,0.04350930268371349,0.0435050116327329,0.0435007255696822,0.04349644448328751,0.04349216836231279,0.04348789719555981,0.04348363097186795,0.04347936968011402,0.0434751133092121,0.043470861848113385,0.04346661528580597,0.04346237361131479,0.043458136813701295,0.04345390488206351,0.043449677805535644,0.04344545557328806,0.04344123817452711,0.04343702559849494,0.043432817834469346,0.043428614871763666,0.04342441669972649,0.043420223307741646,0.04341603468522799,0.04341185082163921,0.0434076717064638,0.04340349732922473,0.04339932767947946,0.043395162746819683,0.04339100252087125,0.0433868469912939,0.04338269614778135,0.0433785499800608,0.04337440847789313,0.043370271631072536,0.04336613944780049,0.04336201189973426,0.043357888976144905,0.043353770667047584,0.04334965696249606,0.04334554785246433,0.04334144332711393,0.04333734337645518,0.04333324799049191,0.043329157159538376,0.04332507087352722,0.0433209891227718,0.04331691189760204,0.043312839188037945,0.04330877098464679,0.04330470727751995,0.04330064805696379,0.043296593313561685,0.04329254303759766,0.04328849721943568,0.04328445584969949,0.043280418918916465,0.04327638641740234,0.04327235833593376,0.04326833466493717,0.043264315394999996,0.0432603005168432,0.04325629002113765,0.04325228389859533,0.043248282140001926,0.043244284736015166,0.04324029167766164,0.043236302955461665,0.04323231856032573,0.043228338483390215,0.043224362715181215,0.0432203912468689,0.04321642406931594,0.04321246117351183,0.04320850255081752,0.043204548191862736,0.043200598087771484,0.043196652229721084,0.04319271060887354,0.04318877321642446,0.04318484004347024,0.04318091108126644,0.04317698632106282,0.04317306575410672,0.043169149371709244,0.04316523716519096,0.04316132912590388,0.043157425245249834,0.0431535255145782,0.04314962992529176,0.043145738468966764,0.043141851137016345,0.043137967920948296,0.043134088812342444,0.04313021380273535,0.04312634288381617,0.04312247604688547,0.04311861328375138,0.0431147545860828,0.043110899945527276,0.04310704935389206,0.043103202802907956,0.0430993602842571,0.04309552178979467,0.043091687311286854,0.04308785684058412,0.04308403036954804,0.04308020789005753,0.04307638939408424,0.04307257487349594,0.043068764320271576,0.04306495772638723,0.04306115508390458,0.04305735638477615,0.04305356162098637,0.04304977078482652,0.043045983868291976,0.04304220086351406,0.0430384217626686,0.04303464655797077,0.0430308752415329,0.043027107805371834,0.043023344241921495,0.043019584543745916,0.043015828702895026,0.04301207671171369,0.043008328562432946,0.04300458424751316,0.04300084375924546,0.04299710709014405,0.04299337423257413,0.04298964517897647,0.04298591992173537,0.042982198453469886,0.0429784807666817,0.04297476685387858,0.0429710567076268,0.04296735032054462,0.042963647685162254,0.0429599487941408,0.04295625364011767,0.04295256221577101,0.042948874513796385,0.042945190526892406,0.04294151024778594,0.04293783366924265,0.04293416078402912,0.042930491584920176,0.04292682606476828,0.04292316421640002,0.042919506032666865,0.04291585150644067,0.042912200630630226,0.04290855339815311,0.042904909801965846,0.04290126983499304,0.04289763349021014,0.04289400076064854,0.04289037163925084,0.042886746119194144,0.042883124193466016,0.042879505855160115,0.04287589109735314,0.04287227991319319,0.04286867229579232,0.04286506823831984,0.04286146773396788,0.04285787077594092,0.04285427735741852,0.042850687471641086,0.04284710111188829,0.04284351827143767,0.042839938943576884,0.042836363121619515,0.042832790798885766,0.042829221968744016,0.042825656624549194,0.04282209475970669,0.042818536367618516,0.04281498144174647,0.042811429975463104,0.0428078819622595,0.0428043373956092,0.0428007962690352,0.04279725857608366,0.042793724310255715,0.042790193465062396,0.04278666603412279,0.04278314201102376,0.042779621389282936,0.042776104162626144,0.04277259032469336,0.042769079869185586,0.04276557278968455,0.042762069079935044,0.04275856873368848,0.0427550717446249,0.04275157810650082,0.04274808781309613,0.042744600858198395,0.042741117235588294,0.042737636939094166,0.04273415996255693,0.04273068629983055,0.04272721594479084,0.04272374889131956,0.04272028513331776,0.042716824664692926,0.04271336747938817,0.042709913571350414,0.042706462934546725,0.04270301556295171,0.04269957145060609,0.04269613059164491,0.042692692979839464,0.042689258609374295,0.042685827474307825,0.04268239956873747,0.042678974886751146,0.0426755534224625,0.042672135170182764,0.04266872012372576,0.042665308277418455,0.042661899625432625,0.04265849416197364,0.04265509188124503,0.04265169277746849,0.04264829684477759,0.04264490407767512,0.04264151447031133,0.04263812801699943,0.04263474471199006,0.042631364549614296,0.04262798752422193,0.042624613630110976,0.0426212428617425,0.04261787521349362,0.04261451067967396,0.042611149254736476,0.04260779093295596,0.04260443570911268,0.042601083577431656,0.042597734532428884,0.04259438856856843,0.042591045680318726,0.04258770586229328,0.04258436910887254,0.042581035414773205,0.04257770477448468,0.042574377182544455,0.04257105263357908,0.042567731122036885,0.04256441264282592,0.04256109719037953,0.04255778475935805,0.04255447534447457,0.0425511689403776,0.04254786554168599,0.042544565143160566,0.04254126773960105,0.04253797332547003,0.04253468189573729,0.0425313934450877,0.04252810796824587,0.04252482546008719,0.04252154591536113,0.04251826932888638,0.04251499569547544,0.04251172500996698,0.04250845726721586,0.04250519246207577,0.04250193058944327,0.04249867164396069,0.042495415620977244,0.04249216251519185,0.04248891232154098,0.04248566503495525,0.04248242065040272,0.042479179162798836,0.04247594056720416,0.04247270485852541,0.042469472031900435,0.04246624208225725,0.04246301500464902,0.042459790794117054,0.04245656944571639,0.04245335095457611,0.04245013531567625,0.042446922524174674,0.042443712575169094,0.042440505463770845,0.04243730118512149,0.04243409973441456,0.04243090110672802,0.042427705297253725,0.042424512301196635,0.042421322113736885,0.04241813473008573,0.04241495014548341,0.042411768355130344,0.042408589354301,0.04240541313833819,0.04240223970231221,0.04239906904174001,0.04239590115163315,0.04239273602744464,0.042389573664509544,0.04238641405809524,0.04238325720356796,0.0423801030962944,0.042376951731628934,0.04237380310493614,0.042370657211551255,0.04236751404700808,0.04236437360662277,0.042361235885815425,0.04235810087997503,0.04235496858469931,0.042351838995260134,0.042348712107305564,0.04234558791621785,0.04234246641750761,0.04233934760665132,0.04233623147917168,0.042333118030634526,0.04233000725646761,0.042326899152271766,0.04232379371374525,0.0423206909361736,0.04231759081527495,0.04231449334663729,0.04231139852586708,0.04230830634856371,0.0423052168103163,0.042302129906792,0.04229904563365433,0.04229596398653724,0.04229288496139299,0.04228980855334243,0.0422867347583719,0.042283663572130537,0.042280594990330246,0.042277529008688974,0.042274465622950265,0.042271404828769656,0.042268346622032,0.04226529099843935,0.04226223795365376,0.04225918748365078,0.04225613958413375,0.04225309425090872,0.042250051479757564,0.04224701126651888,0.04224397360698395,0.04224093849707038,0.04223790593257633,0.042234875909415874,0.0422318484233979,0.04222882347041411,0.04222580104642379,0.042222781147153866,0.04221976376871183,0.04221674890692245,0.04221373655773328,0.04221072671709378,0.042207719380931735,0.04220471454522102,0.042201712205933176,0.04219871235900396,0.04219571500048679,0.0421927201263605,0.04218972773262388,0.04218673781526652,0.04218375037038516,0.04218076539396743,0.0421777828820734,0.042174802830638757,0.042171825235955654,0.042168850093986104,0.042165877400820125,0.04216290715254084,0.04215993934524878,0.042156973974955964,0.0421540110379918,0.04215105053037959,0.042148092448264174,0.04214513678778461,0.042142183545104406,0.0421392327163699,0.04213628429777443,0.042133338285528635,0.0421303946756998,0.04212745346467695,0.04212451464857862,0.042121578223620774,0.04211864418607286,0.04211571253213094,0.04211278325799717,0.0421098563600146,0.04210693183441507,0.04210400967748665,0.042101089885495234,0.04209817245473497,0.042095257381588445,0.04209234466220262,0.04208943429295317,0.04208652627017757,0.042083620590201994,0.04208071724931587,0.04207781624395392,0.04207491757049492,0.042072021225270366,0.0420691272046651,0.04206623550501226,0.042063346122745836,0.04206045905426019,0.042057574295966495,0.04205469184427553,0.04205181169563338,0.04204893384644308,0.042046058293193245,0.04204318503222821,0.0420403140600234,0.042037445373153105,0.04203457896810091,0.04203171484117144,0.04202885298897838,0.042025993408123394,0.04202313609501783,0.04202028104607304,0.042017428257920944,0.042014577727198694,0.042011729450201866,0.04200888342367492,0.04200603964402498,0.04200319810797214,0.042000358812005374,0.04199752175269605,0.04199468692663443,0.04199185433043311,0.04198902396068749,0.041986195813961555,0.041983369886800584,0.04198054617603745,0.04197772467819555,0.041974905389907315,0.04197208830784466,0.041969273428649555,0.04196646074886659,0.04196365026538611,0.04196084197478285,0.041958035873757314,0.04195523195888914,0.04195243022701058,0.0419496306748058,0.041946833299032295,0.041944038096247194,0.041941245063390004,0.041938454197056205,0.04193566549407425,0.04193287895111604,0.04193009456500694,0.041927312332520894,0.041924532250365465,0.04192175431535346,0.0419189785242896,0.041916204873945755,0.04191343336109561,0.04191066398260383,0.04190789673525868,0.041905131615883294,0.04190236862130809,0.04189960774836923,0.04189684899391188,0.04189409235478561,0.04189133782782478,0.04188858540994362,0.04188583509798948,0.04188308688881743,0.04188034077936141,0.041877596766490145,0.04187485484710158,0.04187211501810307,0.04186937727640651,0.04186664161893274,0.04186390804260842,0.041861176544367044,0.041858447121148404,0.041855719769900004,0.04185299448757475,0.04185027127113237,0.04184755011754007,0.04184483102377084,0.04184211398680504,0.04183939900362985,0.04183668607123729,0.04183397518659995,0.04183126634675127,0.041828559548705534,0.04182585478948076,0.04182315206613195,0.04182045137562786,0.04181775271504844,0.04181505608143207,0.04181236147183171,0.041809668883302245,0.04180697831290988,0.04180428975762013,0.04180160321462762,0.04179891868109496,0.04179623615401532,0.04179355563045397,0.04179087710758122,0.04178820058247949,0.04178552605222448,0.04178285351397095,0.04178018296485241,0.041777514402043955,0.04177484782256813,0.041772183223659436,0.0417695206023478,0.041766859955983525,0.041764201281640385,0.04176154457639252,0.04175888983760035,0.041756237062372914,0.041753586247877034,0.04175093739127451,0.04174829048979496,0.04174564554064855,0.041743002541027974,0.04174036148807833,0.04173772237921523,0.04173508521155837,0.04173244998234337,0.041729816688748186,0.04172718532819885,0.04172455589780159,0.0417219283948589,0.04171930281663795,0.04171667916040372,0.04171405742337345,0.04171143760291602,0.04170881969623263,0.04170620370070726,0.041703589613563685,0.04170097743219481,0.04169836715386866,0.0416957587758835,0.04169315229556242,0.041690547710157067,0.041687945017109,0.04168534421378776,0.04168274529749887,0.04168014826557148,0.0416775531153631,0.0416749598441486,0.04167236844946155,0.041669778928573764,0.04166719127889518,0.04166460549779619,0.04166202158265556,0.041659439530871104,0.041656859339839494,0.04165428100696883,0.04165170452971853,0.04164912990541243,0.04164655713150723,0.04164398620546768,0.0416414171247394,0.04163884988660926,0.04163628448864575,0.041633720928236334,0.0416311592028948,0.04162859931004227,0.04162604124712816,0.041623485011476266,0.04162093060091141,0.04161837801267656,0.04161582724432425,0.04161327829333909,0.041610731157171246,0.04160818583332596,0.04160564231943766,0.04160310061282795,0.041600560711364185,0.04159802261205942,0.04159548631260626,0.04159295181060926,0.04159041910358463,0.041587888189056545,0.04158535906459933,0.04158283172776351,0.041580306176088315,0.041577782407153256,0.04157526041856067,0.04157274020775848,0.04157022177239776,0.041567705110036775,0.04156519021824718,0.04156267709455816,0.0415601657367689,0.041557656142351365,0.04155514830892338,0.041552642234093676,0.04155013791546755,0.04154763535066338,0.0415451345373109,0.04154263547311605,0.041540138155518005,0.04153764258228965,0.041535148751036775,0.04153265665942301,0.04153016630509217,0.04152767768571481,0.04152519079893956,0.04152270564243977,0.041520222213883115,0.04151774051102009,0.04151526053136476,0.04151278227269014,0.04151030573269133,0.04150783090904614,0.04150535779946151,0.0415028864016722,0.04150041671331528,0.041497948732147655,0.04149548245587321,0.041493017882211644,0.041490555008895987,0.04148809383366638,0.04148563435428879,0.04148317656847096,0.041480720473904505,0.04147826606838199,0.041475813349645195,0.04147336231548215,0.04147091296367835,0.04146846529188819,0.04146601929795767,0.0414635749796687,0.04146113233484047,0.04145869136111909,0.04145625205647131,0.04145381441847583,0.04145137844509009,0.04144894413408898,0.04144651148321781,0.04144408049031217,0.041441651153206985,0.04143922346972125,0.041436797437677655,0.04143437305489298,0.04143195031933671,0.04142952922856096,0.0414271097805512,0.041424691973165326,0.041422275804248974,0.041419861271648234,0.04141744837321546,0.041415037106836354,0.0414126274703077,0.0414102194615544,0.04140781307846716,0.04140540831882951,0.041403005180562065,0.04140060366164759,0.04139820375965356,0.041395805472976145,0.04139340879921052,0.041391013736338286,0.04138862028219955,0.04138622843472451,0.04138383819189014,0.04138144955157097,0.04137906251166363,0.04137667707014597,0.04137429322489956,0.04137191097387596,0.04136953031499756,0.04136715124622131,0.04136477376543666,0.04136239787065974,0.04136002355985178,0.041357650830935525,0.04135527968188427,0.0413529101106889,0.041350542115273975,0.04134817569355105,0.04134581084366729,0.04134344756345699,0.0413410858510213,0.04133872570430063,0.04133636712129008,0.04133401010003418,0.041331654638348765,0.041329300734438204,0.04132694838622024,0.041324597591719414,0.041322248348957785,0.04131990065598271,0.04131755451074505,0.04131520991134273,0.041312866855748934,0.041310525342026436,0.041308185368216024,0.04130584693235452,0.041303510032480395,0.041301174666648933,0.04129884083290989,0.0412965085293263,0.04129417775395148,0.041291848504859285,0.04128952078010669,0.0412871945777804,0.04128486989593048,0.04128254673264776,0.041280225085993015,0.04127790495397692,0.04127558633490104,0.041273269226651685,0.04127095362751809,0.041268639535346555,0.04126632694856289,0.041264015864979346,0.04126170628282347,0.04125939820020966,0.04125709161535586,0.041254786526313536,0.041252482931153515,0.04125018082798313,0.04124788021498828,0.04124558109028678,0.041243283452138645,0.04124098729852916,0.04123869262765307,0.041236399437657466,0.04123410772668924,0.041231817492903604,0.041229528734434105,0.041227241449560116,0.04122495563622799,0.04122267129284827,0.04122038841745291,0.04121810700818967,0.04121582706336249,0.0412135485810387,0.04121127155958388,0.041208995996929246,0.0412067218914604,0.04120444924130955,0.04120217804465102,0.04119990829971618,0.041197640004740195,0.04119537315789761,0.04119310775743559,0.041190843801521146,0.04118858128839462,0.041186320216280964,0.041184060583404396,0.041181802387988964,0.04117954562829784,0.04117729030251335,0.04117503640890022,0.041172783945702195,0.04117053291117139,0.041168283303540755,0.04116603512107294,0.041163788362013475,0.04116154302470075,0.04115929910721595,0.0411570566079579,0.04115481552516872,0.041152575857117804,0.0411503376020785,0.04114810075824627,0.04114586532406364,0.04114363129772564,0.041141398677524865,0.041139167461732816,0.04113693764862729,0.04113470923658849,0.04113248222386465,0.04113025660875203,0.0411280323895607,0.04112580956459498,0.04112358813217073,0.04112136809059238,0.041119149438165435,0.04111693217325352,0.041114716294147445,0.04111250179906244,0.04111028868656336,0.041108076954865055,0.041105866602301075,0.04110365762721049,0.04110145002795167,0.04109924380283139,0.04109703895021833,0.04109483546846362,0.04109263335590966,0.041090432610949724,0.0410882332318715,0.04108603521712429,0.04108383856499496,0.041081643273882675,0.041079449342158764,0.04107725676824521,0.04107506555034506,0.041072875686946106,0.04107068717652957,0.041068500017393955,0.04106631420797221,0.041064129746562206,0.04106194663159911,0.041059764861405154,0.04105758443457785,0.041055405349389125,0.041053227604257926,0.04105105119753071,0.0410488761277407,0.04104670239323967,0.04104452999242597,0.041042358923784356,0.04104018918565877,0.04103802077650389,0.041035853694749644,0.04103368793882012,0.041031523507153604,0.0410293603981977,0.04102719861035664,0.041025038142084164,0.04102287899188058,0.041020721158103554,0.04101856463923437,0.04101640943374435,0.04101425554008742,0.04101210295669324,0.04100995168203853,0.041007801714546564,0.04100565305271446,0.04100350569506516,0.04100135964001256,0.040999214886055166,0.04099707143172965,0.040994929275358194,0.04099278841550355,0.04099064885085538,0.04098851057959126,0.040986373600163495,0.04098423791124578,0.04098210351133296,0.040979970398861185,0.04097783857230714,0.04097570803026419,0.04097357877118725,0.04097145079356209,0.040969324095938314,0.040967198676712266,0.04096507453460128,0.04096295166803863,0.040960830075511614,0.040958709755541514,0.04095659070667266,0.040954472927453744,0.04095235641639158,0.04095024117203304,0.040948127192802324,0.040946014477356345,0.0409439030242401,0.040941792832032066,0.04093968389919645,0.040937576224352464,0.04093546980598596,0.040933364642640004,0.04093126073291812,0.040929158075366255,0.04092705666852049,0.04092495651096742,0.04092285760127456,0.040920759937974865,0.04091866351968778,0.040916568344943935,0.04091447441234168,0.04091238172046075,0.040910290267869166,0.04090820005315666,0.040906111074908616,0.040904023331710795,0.04090193682216417,0.04089985154484336,0.04089776749835257,0.04089568468130325,0.04089360309238322,0.04089152272994322,0.04088944359276197,0.040887365679426135,0.04088528898853589,0.04088321351870347,0.040881139268529015,0.04087906623663633,0.040876994421676464,0.04087492382215938,0.040872854436853734,0.04087078626432626,0.04086871930320095,0.04086665355212766,0.04086458900970783,0.04086252567457497,0.040860463545377146,0.04085840262085768,0.04085634289961535,0.04085428438007897,0.04085222706103379,0.040850170941128104,0.04084811601904725,0.0408460622934207,0.0408440097629157,0.040841958426161735,0.04083990828183474,0.04083785932860319,0.040835811565115364,0.0408337649901031,0.04083171960213079,0.04082967539991466,0.04082763238204013,0.04082559054735722,0.040823549894387794,0.04082151042194506,0.04081947212865293,0.040817435013178284,0.04081539907422724,0.040813364310479126,0.040811330720622235,0.04080929830324903,0.04080726705726562,0.040805236981253885,0.04080320807393386,0.040801180333961455,0.040799153759997646,0.04079712835096325,0.04079510410528751,0.04079308102180933,0.04079105909932391,0.0407890383365044,0.04078701873199366,0.04078500028457311,0.04078298299282142,0.04078096685567573,0.040778951871793145,0.04077693803974223,0.04077492535847032,0.04077291382659712,0.04077090344291423,0.040768894206166084,0.040766886114948796,0.040764879168010165,0.04076287336427202,0.040760868702363146,0.040758865181059215,0.04075686279909164,0.0407548615552022,0.040752861448146334,0.04075086247668664,0.040748864639416654,0.04074686793541916,0.04074487236314442,0.0407428779213939,0.040740884609269716,0.04073889242529924,0.0407369013680963,0.040734911436735216,0.040732922629838776,0.040730934946050484,0.040728948384388584,0.04072696294334038,0.0407249786220568,0.04072299541912622,0.040721013333347364,0.04071903236346789,0.04071705250817912,0.040715073766531246,0.04071309613715527,0.040711119618833815,0.04070914421041837,0.04070716991067857,0.04070519671842406,0.04070322463240637,0.04070125365149456,0.04069928377446597,0.04069731500012747,0.040695347327262175,0.04069338075470548,0.04069141528124638,0.040689450905749644,0.04068748762705064,0.0406855254438934,0.04068356435499819,0.04068160435947211,0.04067964545594456,0.04067768764332047,0.04067573092037762,0.04067377528591159,0.04067182073885291,0.040669867277865354,0.04066791490200719,0.04066596361010912,0.040664013400777126,0.040662064272992515,0.040660116225418735,0.04065816925727015,0.04065622336723771,0.040654278554068765,0.04065233481665087,0.04065039215373407,0.04064845056445446,0.04064651004747714,0.04064457060170704,0.04064263222598099,0.04064069491919233,0.04063875868013663,0.04063682350771584,0.04063488940081549,0.0406329563583031,0.040631024378979974,0.040629093461789126,0.04062716360553742,0.04062523480917922,0.04062330707156436,0.04062138039156683,0.040619454768069836,0.0406175301999505,0.04061560668610237,0.04061368422537907,0.04061176281670436,0.040609842458914705,0.04060792315098308,0.04060600489176124,0.04060408768014368,0.04060217151501982,0.04060025639530065,0.04059834231988069,0.040596429287665554,0.040594517297546734,0.040592606348441584,0.04059069643924604,0.040588787568875684,0.04058687973623555,0.04058497294024714,0.04058306717988583,0.04058116245392574,0.04057925876135086,0.04057735610108451,0.040575454472180965,0.040573553873298245,0.04057165430349341,0.04056975576188535,0.04056785824699037,0.04056596175799909,0.04056406629375006,0.04056217185331038,0.04056027843541139,0.04055838603912216,0.04055649466334162,0.04055460430712232,0.04055271496921091,0.04055082664861765,0.04054893934435238,0.04054705305531638,0.040545167780414275,0.04054328351856645,0.04054140026886615,0.040539518030214876,0.040537636801572734,0.04053575658184974,0.04053387736997949,0.04053199916498387,0.04053012196570818,0.040528245771258624,0.04052637058059016,0.04052449639263258,0.040522623206312496,0.04052075102059282,0.04051887983450389,0.0405170096469869,0.0405151404568493,0.040513272263395024,0.0405114050652762,0.040509538861782414,0.040507673651737276,0.04050580943403893,0.04050394620783075,0.0405020839720174,0.040500222725587405,0.04049836246747212,0.04049650319678967,0.04049464491245996,0.04049278761342203,0.04049093129872221,0.04048907596734421,0.04048722161826689,0.04048536825051697,0.040483515863145955,0.04048166445500251,0.04047981402515566,0.04047796457264102,0.040476116096443915,0.040474268595576915,0.04047242206905902,0.04047057651585474,0.040468731935068454,0.04046688832558573,0.040465045686490335,0.0404632040166949,0.04046136331539783,0.04045952358153948,0.040457684814130944,0.04045584701219334,0.040454010174775845,0.04045217430084351,0.04045033938936408,0.04044850543955695,0.04044667245033198,0.0404448404207457,0.040443009349799844,0.04044117923655122,0.040439350080035935,0.040437521879284205,0.040435694633335996,0.040433868341255515,0.04043204300202492,0.04043021861470806,0.04042839517820755,0.040426572691871845,0.040424751154564925,0.04042293056536835,0.040421110923229496,0.04041929222738254,0.040417474476785856,0.040415657670538875,0.040413841807599,0.040412026887199866,0.040410212908177305,0.04040839986966377,0.04040658777073926,0.04040477661045397,0.04040296638789003,0.04040115710210198,0.04039934875215662,0.040397541337155625,0.040395734856124875,0.040393929308111864,0.04039212469222207,0.04039032100751253,0.04038851825308849,0.040386716427988446,0.04038491553133215,0.04038311556215543,0.04038131651956404,0.040379518402603565,0.04037772121037827,0.04037592494197564,0.04037412959647393,0.04037233517294014,0.04037054167050576,0.04036874908824599,0.0403669574250235,0.04036516668047311,0.040363376853256305,0.04036158794256816,0.0403597999475312,0.040358012867196674,0.040356226700540634,0.04035444144698901,0.04035265710538439,0.04035087367493455,0.04034909115472249,0.04034730954384717,0.0403455288414291,0.04034374904654503,0.0403419701582986,0.04034019217584417,0.04033841509825628,0.04033663892457847,0.0403348636540969,0.04033308928582123,0.04033131581888389,0.040329543252422745,0.04032777158552598,0.04032600081718698,0.04032423094678049,0.04032246197330586,0.040320693895805726,0.04031892671358273,0.040317160425670115,0.04031539503121876,0.040313630529336605,0.04031186691915324,0.04031010419980101,0.04030834237041215,0.040306581430121016,0.04030482137806349,0.04030306221337677,0.04030130393519752,0.040299546542613224,0.040297790034846855,0.04029603441103062,0.04029427967028652,0.04029252581175834,0.04029077283457039,0.04028902073787506,0.040287269520872374,0.04028551918267435,0.040283769722430994,0.040282021139294945,0.04028027343238016,0.040278526600889195,0.04027678064399375,0.04027503556082276,0.0402732913505346,0.040271548012247825,0.04026980554519135,0.04026806394842573,0.04026632322123631,0.04026458336276433,0.04026284437209456,0.040261106248433653,0.04025936899097278,0.04025763259886554,0.04025589707128978,0.040254162407423744,0.04025242860641565,0.04025069566742588,0.04024896358967738,0.04024723237233845,0.040245502014602565,0.04024377251561699,0.04024204387449529,0.04024031609050865,0.040238589162776194,0.040236863090508154,0.040235137872890424,0.04023341350906354,0.04023168999830297,0.040229967339752544,0.04022824553259665,0.040226524576030605,0.040224804469237596,0.04022308521146204,0.04022136680179649,0.04021964923952472,0.04021793252376287,0.040216216653749276,0.0402145016286784,0.040212787447751426,0.04021107411016526,0.0402093616151228,0.04020764996183856,0.04020593914948345,0.04020422917718736,0.04020252004434789,0.04020081175006874,0.04019910429355559,0.040197397674015055,0.04019569189067617,0.04019398694265021,0.04019228282929295,0.04019057954979247,0.04018887710323491,0.040187175489088546,0.04018547470634872,0.04018377475429293,0.0401820756320207,0.04018037733899841,0.04017867987431763,0.04017698323708732,0.04017528742677659,0.04017359244248467,0.0401718982834373,0.040170204948855766,0.040168512437970115,0.040166820750012044,0.040165129884260756,0.040163439839846014,0.040161750616038897,0.04016006221190386,0.040158374627016116,0.04015668786044352,0.04015500191142369,0.040153316779199845,0.04015163246313134,0.04014994896218272,0.040148266275939724,0.04014658440343596,0.04014490334372247,0.04014322309640052,0.04014154366041097,0.04013986503514759,0.04013818721982004,0.04013651021370598,0.04013483401608118,0.04013315862622338,0.040131484043280694,0.04012981026667332,0.0401281372954169,0.040126465128885715,0.0401247937663251,0.040123123206941336,0.04012145345006331,0.04011978449492795,0.04011811634084103,0.04011644898718496,0.04011478243288698,0.04011311667737,0.04011145171988649,0.0401097875597344,0.04010812419615217,0.04010646162850466,0.040104799855879905,0.04010313887766837,0.04010147869308914,0.040099819301419225,0.04009816070193701,0.040096502893908086,0.040094845876619,0.04009318964934273,0.04009153421136383,0.04008987956192867,0.04008822570035556,0.04008657262589528,0.04008492033781369,0.04008326883538737,0.04008161811793766,0.040079968184724486,0.040078319035052296,0.04007667066814051,0.04007502308337704,0.040073376279957856,0.040071730257194745,0.04007008501432785,0.04006844055073228,0.04006679686562184,0.04006515395832511,0.040063511828174136,0.04006187047438025,0.04006022989627219,0.04005859009315864,0.04005695106431825,0.04005531280906774,0.04005367532662096,0.04005203861640124,0.04005040267765168,0.040048767509668216,0.04004713311176066,0.040045499483218436,0.04004386662336901,0.04004223453148447,0.040040603206898985,0.0400389726488939,0.04003734285678678,0.04003571382989206,0.04003408556750192,0.04003245806892279,0.04003083133348634,0.04002920536049311,0.04002758014926932,0.04002595569910151,0.04002433200935056,0.04002270907926395,0.04002108690818418,0.04001946549544375,0.04001784484035411,0.040016224942084865,0.04001460580024542,0.040012987413992875,0.04001136978262669,0.04000975290559071,0.04000813678210613,0.04000652141151997,0.04000490679315323,0.0400032929263402,0.04000167981037315,0.04000006744463782,0.03999845582843178,0.03999684496111934,0.0399952348419265,0.03999362547029394,0.03999201684551662,0.039990408966982215,0.03998880183391768,0.039987195445703144,0.03998558980168497,0.03998398490119147,0.03998238074357313,0.03998077732815353,0.039979174654277964,0.03997757272128652,0.03997597152860709,0.03997437107540662,0.03997277136101144,0.03997117238495533,0.039969574146503255,0.03996797664498881,0.03996637987976551,0.03996478385017783,0.039963188555541984,0.03996159399526689,0.039960000168640014,0.03995840707494551,0.03995681471375714,0.039955223084292,0.03995363218585278,0.03995204201793272,0.03995045257981796,0.0399488638707747,0.039947275890322057,0.03994568863758801,0.039944102112156175,0.03994251631327163,0.03994093124043062,0.03993934689292502,0.03993776326998838,0.03993618037106779,0.03993459819554369,0.039933016742770874,0.03993143601217156,0.039929856003086614,0.03992827671488699,0.039926698146849536,0.03992512029839205,0.03992354316896327,0.03992196675773521,0.03992039106424821,0.03991881608768014,0.0399172418277007,0.039915668283318155,0.03991409545429791,0.039912523339848134,0.0399109519393644,0.039909381252182234,0.039907811277687374,0.03990624201522121,0.03990467346424582,0.03990310562416471,0.03990153849423234,0.039899972073946494,0.0398984063625386,0.03989684135949596,0.03989527706412832,0.03989371347593251,0.039892150594250865,0.03989058841845052,0.03988902694793302,0.03988746618207079,0.03988590612031717,0.039884346761966616,0.039882788106408676,0.039881230153077644,0.03987967290139891,0.03987811635069882,0.039876560500388736,0.039875005349879734,0.039873450898561265,0.039871897145803435,0.039870344091044944,0.03986879173365808,0.03986724007302413,0.03986568910857391,0.03986413883970229,0.039862589265798776,0.03986104038628413,0.0398594922006075,0.03985794470803,0.03985639790803027,0.03985485180001295,0.03985330638335127,0.03985176165756564,0.039850217621923104,0.039848674275835,0.039847131618809206,0.03984558965017662,0.03984404836937929,0.039842507775821025,0.039840967868935255,0.039839428648097565,0.03983789011273375,0.039836352262256645,0.039834815096092734,0.03983327861362165,0.0398317428142693,0.03983020769749029,0.03982867326267306,0.039827139509203364,0.03982560643653336,0.03982407404409564,0.03982254233127757,0.0398210112975482,0.039819480942290104,0.03981795126493824,0.03981642226490835,0.03981489394162415,0.03981336629449167,0.03981183932294683,0.039810313026414516,0.03980878740432497,0.03980726245613558,0.039805738181220275,0.03980421457906997,0.03980269164905573,0.03980116939064694,0.03979964780325696,0.0397981268863186,0.03979660663926155,0.039795087061521815,0.039793568152499986,0.03979204991166015,0.03979053233845874,0.03978901543230763,0.03978749919264068,0.039785983618901684,0.039784468710511625,0.03978295446693348,0.03978144088758503,0.03977992797192946,0.03977841571939447,0.03977690412936781,0.03977539320129611,0.03977388293476466,0.03977237332912076,0.03977086438373552,0.03976935609819626,0.039767848471948385,0.039766341504311846,0.03976483519479321,0.03976332954284274,0.039761824547901066,0.03976032020945546,0.03975881652687798,0.0397573134996605,0.039755811127258005,0.039754309409117554,0.039752808344685406,0.039751307933425926,0.03974980817478231,0.03974830906818254,0.03974681061314912,0.03974531280907646,0.03974381565547009,0.03974231915174446,0.03974082329739079,0.0397393280918537,0.03973783353457371,0.039736339625060506,0.03973484636280766,0.03973335374716263,0.039731861777613224,0.03973037045368032,0.0397288797748204,0.03972738974043014,0.039725900349965704,0.03972441160297007,0.039722923498876184,0.03972143603715052,0.03971994921725238,0.039718463038674504,0.039716977500820205,0.03971549260324298,0.03971400834536134,0.03971252472666564,0.03971104174662206,0.03970955940469433,0.0397080777003565,0.03970659663309239,0.039705116202370674,0.03970363640766657,0.03970215724841835,0.039700678724195325,0.03969920083439099,0.039697723578502764,0.03969624695600084,0.03969477096636584,0.03969329560907873,0.039691820883631074,0.03969034678948803,0.03968887332617054,0.03968740049312266,0.039685928289760905,0.0396844567156175,0.0396829857703044,0.03968151545319287,0.039680045763663824,0.039678576701314056,0.03967710826562948,0.03967564045611667,0.03967417327223667,0.039672706713471506,0.03967124077926408,0.03966977546921737,0.039668310782746546,0.039666846719352764,0.03966538327852003,0.039663920459745476,0.0396624582625278,0.03966099668635444,0.039659535730711216,0.03965807539509959,0.03965661567900666,0.03965515658192989,0.039653698103373936,0.0396522402427815,0.03965078299974805,0.03964932637371731,0.03964787036417738,0.0396464149706469,0.039644960192593434,0.03964350602955831,0.039642052481070486,0.039640599546438074,0.03963914722541925,0.03963769551740576,0.03963624442185666,0.03963479393835896,0.03963334406642348,0.0396318948054595,0.03963044615503499,0.03962899811463443,0.039627550683788954,0.039626103861963344,0.03962465764871567,0.039623212043463196,0.039621767045818185,0.039620322655274626,0.03961887887132493,0.03961743569348017,0.039615993121213076,0.03961455115406011,0.039613109791547085,0.039611669033166694,0.03961022887849145,0.03960878932688205,0.03960735037806498,0.039605912031329744,0.039604474286417155,0.03960303714274183,0.039601600599847374,0.039600164657200086,0.039598729314298135,0.039597294570768694,0.03959586042604727,0.03959442687967782,0.039592993931157366,0.039591561580033865,0.039590129825812635,0.039588698668016224,0.03958726810616059,0.03958583813982921,0.03958440876843541,0.03958297999162165,0.03958155180886859,0.039580124219920215,0.03957869722383962,0.03957727082039272,0.03957584500908731,0.039574419789485824,0.039572995161095026,0.03957157112345512,0.03957014767607967,0.039568724818505256,0.039567302550256284,0.039565880870883086,0.03956445977990088,0.03956303927684579,0.03956161936127506,0.039560200032728435,0.039558781290654946,0.039557363134592814,0.03955594556417776,0.039554528579025576,0.03955311217844376,0.03955169636203606,0.039550281129399525,0.039548866480039434,0.03954745241345676,0.03954603892924791,0.03954462602688134,0.0395432137060261,0.039541801966127846,0.03954039080669788,0.039538980227314745,0.0395375702275963,0.03953616080703817,0.039534751965310644,0.0395333437015479,0.039531936015664404,0.03953052890714408,0.039529122375448804,0.03952771642018692,0.039526311040776155,0.039524906237005324,0.03952350200824041,0.039522098354066545,0.039520695274041076,0.039519292767716076,0.03951789083464324,0.0395164894742715,0.03951508868633276,0.039513688470297674,0.03951228882570593,0.03951088975211766,0.03950949124908023,0.0395080933162587,0.03950669595303732,0.03950529915892065,0.03950390293375372,0.03950250727681011,0.03950111218774771,0.039499717666204706,0.039498323711524716,0.03949693032344772,0.03949553750148711,0.03949414524518861,0.03949275355411322,0.03949136242781501,0.03948997186577195,0.039488581867742956,0.03948719243314845,0.03948580356161936,0.03948441525262474,0.039483027505840956,0.03948164032070803,0.03948025369696979,0.039478867634028754,0.03947748213163159,0.03947609718908352,0.0394747128061393,0.03947332898224688,0.03947194571699661,0.03947056300997362,0.03946918086077748,0.039467799268919676,0.03946641823402994,0.03946503775562038,0.0394636578333237,0.039462278466668846,0.03946089965523863,0.03945952139860279,0.03945814369633212,0.039456766547983815,0.03945538995310733,0.03945401391132274,0.03945263842221797,0.03945126348542368,0.039449889100359,0.039448515266686114,0.03944714198394826,0.039445769251881535,0.039444397069803204,0.039443025437394794,0.03944165435424134,0.03944028381984831,0.039438913833936065,0.03943754439612659,0.039436175505722766,0.03943480716253263,0.03943343936607544,0.03943207211595396,0.03943070541180694,0.03942933925307483,0.0394279736393384,0.039426608570269056,0.039425244045423115,0.03942388006438732,0.03942251662673493,0.039421153732030485,0.03941979137992759,0.03941842956988995,0.039417068301620034,0.03941570757469413,0.03941434738868081,0.039412987743118584,0.03941162863767045,0.03941027007189167,0.03940891204538562,0.039407554557711805,0.03940619760847084,0.03940484119726542,0.03940348532368578,0.03940212998728575,0.039400775187697246,0.03939942092451386,0.03939806719732849,0.03939671400570558,0.039395361349252644,0.039394009227650385,0.039392657640278446,0.03939130658698268,0.039389956067142476,0.039388606080424084,0.039387256626433505,0.03938590770481004,0.03938455931513001,0.03938321145691787,0.039381864129881816,0.03938051733358496,0.03937917106761321,0.039377825331556364,0.03937648012502733,0.03937513544771242,0.039373791299073424,0.03937244767865256,0.03937110458622694,0.03936976202126292,0.03936841998348731,0.03936707847237902,0.03936573748767431,0.039364397028939534,0.03936305709573196,0.0393617176876916,0.03936037880434492,0.039359040445429386,0.03935770261049484,0.03935636529912004,0.039355028510967435,0.039353692245533464,0.03935235650249529,0.0393510212814765,0.039349686582067646,0.03934835240385523,0.03934701874647919,0.0393456856095511,0.03934435299267206,0.03934302089548764,0.03934168931748779,0.03934035825832496,0.03933902771779964,0.03933769769533067,0.03933636819059182,0.03933503920318262,0.03933371073272122,0.03933238277882648,0.03933105534111622,0.039329728419197504,0.03932840201261841,0.039327076121125924,0.03932575074426216,0.03932442588185147,0.03932310153311514,0.03932177769780391,0.03932045437568234,0.03931913156629823,0.03931780926926437,0.03931648748418457,0.03931516621068643,0.039313845448410246,0.03931252519696197,0.03931120545594828,0.03930988622500423,0.039308567503749364,0.039307249291906536,0.03930593158889751,0.0393046143944339,0.039303297708085105,0.03930198152961579,0.0393006658586012,0.039299350694642514,0.0392980360373232,0.03929672188632374,0.03929540824124413,0.03929409510174421,0.03929278246745768,0.03929147033783459,0.03929015871275531,0.03928884759175054,0.039287536974430416,0.03928622686043602,0.03928491724956245,0.039283608141129314,0.03928229953506881,0.039280991430689645,0.03927968382786898,0.03927837672617279,0.03927707012511752,0.03927576402442576,0.03927445842374479,0.039273153322688784,0.03927184872092219,0.03927054461788437,0.039269241013456566,0.03926793790729569,0.03926663529892201,0.03926533318809609,0.039264031574035824,0.03926273045689884,0.039261429836110216,0.03926012971116813,0.03925883008200973,0.03925753094808388,0.03925623230906965,0.03925493416438039,0.03925363651403791,0.03925233935755484,0.039251042694518054,0.039249746524563214,0.039248450847418015,0.039247155662596483,0.039245860969722796,0.03924456676857385,0.0392432730587323,0.039241979839798276,0.03924068711147113,0.03923939487337301,0.03923810312510925,0.03923681186642833,0.0392355210968388,0.03923423081615799,0.039232941023862364,0.039231651719636176,0.03923036290319828,0.03922907457413987,0.039227786732087766,0.03922649937672426,0.03922521250767688,0.039223926124622645,0.03922264022719511,0.0392213548150029,0.03922006988776642,0.039218785445108116,0.039217501486664745,0.0392162180119793,0.039214935020931034,0.03921365251304327,0.03921237048797683,0.03921108894527437,0.03920980788469407,0.03920852730601329,0.039207247208765963,0.039205967592598805,0.03920468845716445,0.03920340980212206,0.0392021316271583,0.03920085393187427,0.039199576715896155,0.03919829997893979,0.03919702372068389,0.03919574794082353,0.039194472638828776,0.0391931978144594,0.039191923467409066,0.039190649597376226,0.03918937620391489,0.03918810328667514,0.03918683084536869,0.039185558879597564,0.03918428738909031,0.03918301637346001,0.0391817458324426,0.03918047576559785,0.039179206172770924,0.03917793705347108,0.0391766684072552,0.039175400233922485,0.03917413253318908,0.03917286530451863,0.03917159854780206,0.039170332262556416,0.03916906644849152,0.03916780110525169,0.03916653623253578,0.03916527183002218,0.039164007897415136,0.03916274443421066,0.03916148144017366,0.039160218914969104,0.039158956858271504,0.03915769526974603,0.03915643414904255,0.03915517349584396,0.03915391330986462,0.03915265359066672,0.03915139433802124,0.03915013555153114,0.03914887723084619,0.03914761937569351,0.03914636198572046,0.039145105060606304,0.03914384860001333,0.03914259260354022,0.03914133707100374,0.039140082002011016,0.03913882739622823,0.03913757325329033,0.039136319572945444,0.03913506635485314,0.03913381359867542,0.03913256130402937,0.03913130947063223,0.03913005809812707,0.03912880718625125,0.03912755673464855,0.039126306742994325,0.039125057210962155,0.03912380813825146,0.03912255952448016,0.03912131136939864,0.039120063672629886,0.039118816433885935,0.03911756965282944,0.03911632332913611,0.0391150774624463,0.039113832052496945,0.03911258709896657,0.039111342601499524,0.03911009855977169,0.039108854973520166,0.039107611842370535,0.03910636916602402,0.03910512694415962,0.039103885176476984,0.03910264386260544,0.039101403002277525,0.039100162595178393,0.03909892264095325,0.03909768313930395,0.039096444089911926,0.039095205492465056,0.039093967346625826,0.039092729652117846,0.039091492408606286,0.0390902556157744,0.039089019273309406,0.03908778338089894,0.03908654793824614,0.039085312945018096,0.03908407840090096,0.03908284430556513,0.039081610658715606,0.039080377460037855,0.03907914470922377,0.03907791240596058,0.03907668054993416,0.03907544914085826,0.03907421817839639,0.03907298766222438,0.03907175759204924,0.0390705279675829,0.039069298788472644,0.03906807005443102,0.03906684176516909,0.03906561392033878,0.03906438651965121,0.03906315956279966,0.03906193304949483,0.039060706979410394,0.03905948135222154,0.03905825616766113,0.039057031425368,0.03905580712507047,0.03905458326647446,0.03905335984926329,0.03905213687313147,0.03905091433779251,0.03904969224290523,0.03904847058817096,0.03904724937331252,0.03904602859801329,0.03904480826196028,0.03904358836485718,0.03904236890643792,0.039041149886342746,0.03903993130429003,0.03903871315999157,0.03903749545312596,0.039036278183415006,0.039035061350547844,0.03903384495420792,0.03903262899411756,0.039031413469975074,0.03903019838146414,0.0390289837282957,0.039027769510173976,0.03902655572679309,0.03902534237787616,0.03902412946310927,0.0390229169821822,0.0390217049348215,0.039020493320718906,0.03901928213958164,0.03901807139113737,0.039016861075046136,0.03901565119101816,0.03901444173876627,0.039013232717996456,0.03901202412838951,0.03901081596970211,0.03900960824160942,0.03900840094382906,0.039007194076062644,0.03900598763798308,0.039004781629360954,0.03900357604987219,0.039002370899220054,0.039001166177119385,0.03899996188327231,0.03899875801739274,0.03899755457918662,0.03899635156834902,0.0389951489845993,0.038993946827650866,0.03899274509723214,0.038991543793047694,0.03899034291474643,0.03898914246208823,0.03898794243479411,0.03898674283257014,0.03898554365518717,0.0389843449022616,0.038983146573416075,0.03898194866860546,0.03898075118739914,0.038979554129540725,0.03897835749472485,0.03897716128266812,0.03897596549312133,0.0389747701257644,0.03897357518025241,0.038972380656425776,0.038971186553936436,0.038969992872489784,0.03896879961176582,0.03896760677157592,0.03896641435160448,0.03896522235154314,0.03896403077113899,0.03896283961007703,0.038961648868067425,0.03896045854486868,0.038959268640160645,0.0389580791536978,0.038956890085155155,0.03895570143428534,0.0389545132007872,0.038953325384389635,0.03895213798479957,0.038950951001735665,0.03894976443493536,0.03894857828413519,0.03894739254893215,0.03894620722925867,0.03894502232472935,0.03894383783505615,0.03894265376009105,0.03894147009932158,0.038940286852586756,0.038939104019493416,0.038937921599974105,0.038936739593663644,0.038935558000325256,0.03893437681963942,0.03893319605128195,0.038932015695048026,0.03893083575060114,0.03892965621770279,0.03892847709607251,0.03892729838543959,0.03892612008554655,0.03892494219600878,0.0389237647167176,0.03892258764732765,0.03892141098760976,0.03892023473720392,0.0389190588958803,0.038917883463364306,0.03891670843930744,0.03891553382359022,0.03891435961587281,0.03891318581587855,0.038912012423320944,0.03891083943796498,0.03890966685958092,0.03890849468776274,0.03890732292232019,0.03890615156298105,0.038904980609476544,0.03890381006153324,0.03890263991880948,0.03890147018118412,0.03890030084831227,0.038899131919936256,0.03889796339577228,0.03889679527556763,0.03889562755904729,0.03889446024594383,0.03889329333599699,0.038892126828945474,0.03889096072449586,0.03888979502240614,0.03888862972239645,0.03888746482420855,0.03888630032757459,0.03888513623223477,0.0388839725379215,0.03888280924436867,0.03888164635125581,0.03888048385843651,0.038879321765588754,0.03887816007245084,0.03887699877875461,0.03887583788424818,0.03887467738865429,0.03887351729171673,0.03887235759317512,0.03887119829276186,0.03887003939022164,0.038868880885290925,0.0388677227777082,0.038866565067210715,0.038865407753479866,0.038864250836322604,0.03886309431554631,0.038861938190838045,0.038860782461798145,0.03885962712836145,0.03885847219018518,0.03885731764706624,0.03885616349870969,0.038855009744869544,0.03885385638519115,0.03885270341971886,0.03885155084774315,0.038850398669370255,0.03884924688405649,0.038848095491694455,0.03884694449195298,0.038845793884768186,0.03884464366970612,0.03884349384655671,0.03884234441509691,0.03884119537499474,0.038840046726079686,0.03883889846808752,0.03883775060074532,0.038836603123798254,0.038835456036994745,0.03883430934007183,0.03883316303278547,0.03883201711498016,0.038830871586208834,0.03882972644630369,0.03882858169503708,0.03882743733211167,0.03882629335731226,0.03882514977038235,0.03882400657103922,0.03882286375908429,0.03882172133424004,0.03882057929624314,0.03881943764484885,0.03881829637981251,0.038817155500901965,0.03881601500785173,0.03881487490040783,0.03881373517828987,0.03881259584131543,0.03881145688918397,0.03881031832166838,0.03880918013851683,0.038808042339501005,0.038806904924179486,0.0388057678926451,0.0388046312444683,0.038803494979415376,0.03880235909722691,0.03880122359752441,0.038800088480378955,0.038798953745376175,0.038797819392223105,0.03879668542074197,0.03879555183068018,0.0387944186217866,0.03879328579376765,0.0387921533465021,0.03879102127967016,0.038789889592950884,0.03878875828615517,0.038787627359202194,0.03878649681147092,0.03878536664291169,0.038784236853374975,0.03878310744247795,0.03878197841011922,0.03878084975596271,0.03877972147983275,0.038778593581340365,0.03877746606044792,0.03877633891684558,0.03877521215020285,0.03877408576046827,0.03877295974720581,0.038771834110298456,0.03877070884935667,0.038769583964220984,0.03876845945465384,0.038767335320421814,0.03876621156129054,0.03876508817701369,0.03876396516738973,0.038762842532116745,0.03876172027107564,0.03876059838383391,0.038759476870483894,0.03875835573028798,0.03875723496335058,0.03875611456932983,0.03875499454804854,0.03875387489922127,0.03875275562260454,0.03875163671800217,0.03875051818516842,0.03874940002387003,0.03874828223379912,0.03874716481483817,0.03874604776667567,0.038744931089068665,0.03874381478182039,0.03874269884471972,0.038741583277498236,0.03874046807993534,0.03873935325177116,0.03873823879280567,0.038737124702764525,0.03873601098135512,0.03873489762851307,0.038733784643945515,0.03873267202738521,0.03873155977858028,0.038730447897311615,0.038729336383365585,0.038728225236506424,0.03872711445648111,0.03872600404307404,0.03872489399605774,0.038723784315196394,0.03872267500024285,0.03872156605099911,0.0387204574671403,0.03871934924860328,0.03871824139506184,0.03871713390628782,0.03871602678206983,0.03871492002215239,0.0387138136263257,0.038712707594344,0.038711601925990706,0.038710496621061186,0.03870939167927903,0.03870828710043505,0.038707182884317216,0.03870607903068345,0.038704975539296305,0.03870387240997088,0.038702769642277236,0.038701667236413426,0.038700565191788654,0.03869946350828741,0.03869836218570602,0.03869726122377332,0.03869616062228564,0.03869506038102358,0.03869396049974826,0.03869286097824337,0.03869176181628149,0.038690663013711976,0.038689564570104154,0.038688466485436224,0.038687368759276614,0.0386862713916768,0.038685174382334125,0.038684077730921335,0.038682981437146366,0.03868188550093323,0.0386807899221083,0.038679694700367154,0.03867859983546303,0.03867750532720007,0.03867641117535454,0.038675317379698246,0.03867422394001182,0.03867313085607396,0.03867203812767072,0.03867094575456966,0.03866985373656627,0.03866876207342493,0.03866767076493487,0.038666579810808496,0.03866548921088619,0.03866439896499109,0.038663309072882346,0.03866221953432118,0.03866113034908877,0.038660041516906336,0.038658953037674255,0.03865786491111358,0.03865677713700441,0.038655689715131586,0.03865460264527439,0.038653515927216484,0.03865242956074135,0.03865134354563018,0.03865025788163785,0.038649172568603646,0.038648087606265966,0.038647002994417035,0.03864591873285775,0.03864483482140333,0.03864375125975977,0.03864266804776225,0.03864158518516857,0.038640502671783074,0.0386394205073653,0.038638338691723895,0.038637257224651514,0.038636176105907284,0.038635095335301115,0.03863401491259586,0.038632934837595834,0.03863185511007485,0.038630775729826886,0.038629696696643734,0.03862861801029574,0.038627539670581634,0.038626461677292064,0.038625384030203526,0.03862430672910369,0.038623229773789056,0.038622153164039254,0.038621076899644946,0.03862000098040176,0.03861892540608772,0.03861785017649153,0.038616775291412275,0.038615700750631664,0.03861462655394093,0.038613552701133015,0.0386124791919893,0.03861140602630764,0.03861033320386567,0.03860926072446343,0.03860818858790109,0.038607116793950444,0.03860604534241717,0.038604974233015205,0.03860390346568096,0.03860283304011337,0.0386017629560456,0.03860069321339998,0.03859962381193895,0.03859855475143359,0.038597486031612366,0.038596417652416136,0.03859534961349492,0.03859428191471291,0.038593214556046224,0.03859214753693973,0.038591080857281475,0.038590014516955505,0.03858894851568016,0.038587882853296424,0.03858681752962722,0.03858575254441759,0.03858468789746252,0.03858362358854855,0.038582559617505105,0.03858149598409512,0.03858043268814501,0.038579369729394214,0.03857830710770646,0.03857724482280938,0.03857618287457993,0.03857512126279531,0.03857405998719275,0.038572999047607144,0.03857193844377935,0.0385708781756059,0.03856981824285303,0.03856875864530568,0.038567699382770874,0.03856664045503594,0.03856558186188803,0.038564523603145204,0.03856346567859628,0.038562408088040116,0.03856135083125985,0.038560293908037516,0.038559237318222965,0.03855818106161541,0.03855712513799112,0.03855606954713949,0.0385550142888557,0.03855395936297639,0.03855290476928945,0.03855185050761328,0.03855079657771033,0.038549742979391816,0.03854868971246063,0.03854763677669235,0.03854658417193885,0.038545531897989406,0.03854447995462001,0.03854342834164607,0.038542377058867906,0.03854132610608416,0.0385402754831008,0.03853922518973025,0.03853817522575352,0.03853712559098375,0.038536076285220155,0.03853502730828506,0.03853397865994453,0.03853293034002441,0.03853188234833829,0.03853083468466968,0.03852978734881814,0.03852874034062522,0.03852769365986683,0.03852664730631215,0.038525601279818016,0.038524555580229825,0.03852351020724648,0.03852246516077535,0.03852142044055083,0.03852037604638895,0.038519331978109514,0.03851828823554764,0.038517244818461256,0.03851620172667421,0.03851515895997301,0.03851411651818915,0.038513074401107086,0.03851203260856231,0.03851099114032793,0.03850994999624845,0.038508909176122506,0.03850786867974748,0.03850682850693437,0.03850578865753315,0.03850474913123616,0.038503709927827645,0.03850267104733565,0.03850163248943599,0.038500594253930126,0.03849955634070063,0.03849851874945268,0.03849748148003745,0.038496444532269504,0.038495407905955376,0.038494371600906456,0.03849333561693254,0.03849229995391161,0.038491264611517466,0.03849022958962869,0.03848919488805602,0.0384881605066102,0.038487126445101875,0.03848609270334265,0.038485059281142986,0.038484026178314625,0.03848299339466654,0.0384819609300148,0.03848092878416933,0.038479896956946286,0.03847886544815573,0.03847783425760177,0.0384768033851031,0.03847577283047691,0.038474742593440116,0.03847371267381107,0.03847268307165562,0.03847165378662948,0.038470624818590295,0.038469596167255954,0.038468567832443866,0.038467539814053056,0.038466512111815857,0.03846548472560161,0.03846445765520432,0.03846343090047832,0.038462404461162225,0.0384613783371094,0.038460352528133006,0.038459327034043624,0.03845830185466843,0.03845727698981141,0.03845625243930204,0.03845522820294568,0.03845420428056382,0.03845318067189539,0.03845215737690389,0.03845113439533104,0.03845011172699886,0.03844908937172553,0.038448067329315945,0.038447045599611276,0.03844602418230351,0.03844500307742227,0.03844398228467521,0.03844296180391375,0.038441941634907724,0.03844092177747979,0.03843990223147264,0.038438882996704414,0.03843786407299313,0.038436845460144975,0.03843582715798866,0.03843480916631708,0.03843379148499369,0.03843277411382008,0.03843175705261355,0.03843074030118936,0.03842972385937692,0.038428707726984646,0.03842769190384403,0.03842667638976456,0.038425661184552456,0.03842464628806311,0.03842363170011141,0.038422617420508454,0.03842160344907139,0.03842058978562748,0.038419576429978605,0.03841856338198502,0.038417550641443386,0.03841653820818213,0.03841552608201959,0.038414514262781196,0.03841350275029167,0.038412491544363776,0.038411480644830145,0.038410470051504046,0.038409459764219396,0.038408449782788096,0.03840744010704453,0.03840643073680677,0.038405421671897096,0.03840441291211683,0.03840340445733705,0.038402396307356555,0.03840138846200359,0.038400380921100014,0.038399373684470176,0.038398366751938105,0.038397360123329775,0.03839635379846931,0.038395347777180164,0.038394342059292166,0.038393336644627005,0.03839233153301164,0.0383913267242669,0.03839032221823321,0.03838931801472059,0.03838831411356071,0.03838731051458034,0.03838630721760433,0.0383853042224619,0.0383843015289739,0.03838329913695835,0.03838229704627082,0.03838129525672332,0.038380293768145245,0.03837929258036212,0.0383782916931989,0.03837729110648839,0.03837629082003116,0.03837529083370475,0.03837429114730848,0.03837329176067842,0.03837229267363965,0.038371293885988526,0.03837029539761721,0.038369297208320476,0.03836829931790825,0.03836730172626614,0.03836630443317947,0.03836530743848754,0.038364310742025086,0.03836331434361048,0.038362318243079736,0.03836132244026298,0.03836032693498879,0.038359331727090024,0.038358336816396714,0.038357342202739377,0.03835634788594806,0.038355353865854154,0.03835436014228843,0.03835336671508179,0.0383523735840349,0.03835138074904103,0.03835038820990089,0.03834939596644875,0.03834840401851282,0.03834741236592612,0.03834642100852419,0.03834542994613328,0.038344439178593086,0.038343448705738865,0.038342458527389996,0.03834146864338806,0.03834047905357049,0.03833948975775842,0.03833850075579141,0.038337512047467596,0.03833652363269157,0.038335535511260434,0.03833454768301002,0.03833356014777371,0.03833257290538616,0.0383315859557506,0.03833059929856146,0.038329612933723355,0.038328626861050555,0.03832764108041959,0.03832665559164531,0.03832567039456272,0.03832468548900698,0.03832370087481371,0.03832271655177507,0.03832173251981508,0.03832074877872219,0.038319765328334386,0.038318782168486366,0.03831779929901777,0.03831681671979817,0.038315834430599334,0.03831485243127557,0.03831387072168267,0.03831288930164954,0.03831190817102287,0.03831092732960842,0.038309946777282104,0.03830896651385053,0.038307986539168275,0.0383070068530891,0.038306027455469537,0.03830504834607515,0.03830406952478537,0.03830309099143018,0.03830211274587952,0.03830113478791488,0.03830015711740281,0.03829917973418144,0.03829820263808302,0.03829722582896662,0.03829624930666798,0.03829527307092565,0.03829429712175551,0.03829332145877163,0.03829234608210016,0.03829137099143584,0.03829039618662116,0.03828942166751052,0.03828844743393055,0.03828747348569664,0.03828649982267953,0.038285526444711095,0.038284553351686505,0.038283580543350584,0.038282608019576614,0.038281635780225795,0.0382806638251219,0.03827969215411814,0.03827872076705532,0.038277749663776284,0.03827677884412043,0.038275808308046284,0.03827483805515954,0.03827386808542379,0.03827289839869728,0.0382719289948056,0.03827095987356099,0.03826999103484983,0.03826902247849652,0.038268054204367984,0.03826708621229038,0.038266118502088435,0.03826515107362821,0.03826418392674832,0.038263217061449264,0.038262250477239294,0.03826128417417226,0.03826031815204398,0.03825935241063259,0.03825838694999931,0.03825742176979799,0.03825645686993138,0.03825549225022057,0.03825452791055219,0.03825356385075053,0.03825260007066053,0.038251636570032284,0.03825067334891052,0.038249710406996956,0.03824874774421596,0.038247785360365515,0.03824682325531315,0.03824586142889142,0.0382448998809487,0.03824393861132996,0.038242977619808306,0.03824201690630518,0.03824105647073699,0.03824009631277814,0.038239136432332975,0.03823817682943106,0.03823721750378937,0.03823625845526706,0.038235299683672064,0.038234341188876204,0.03823338297072188,0.03823242502905198,0.03823146736372,0.03823050997457791,0.03822955286133888,0.038228596024111265,0.03822763946260551,0.03822668317663556,0.03822572716606166,0.03822477143084784,0.0382238159706626,0.03822286078555009,0.038221905875178645,0.03822095123956275,0.03821999687845825,0.038219042791652134,0.03821808897914741,0.03821713544071395,0.0382161821762032,0.03821522918545305,0.038214276468290835,0.038213324024644175,0.03821237185431825,0.038211419957159015,0.038210468333013774,0.03820951698167141,0.03820856590313529,0.038207615097179994,0.03820666456363908,0.03820571430237225,0.038204764313244606,0.03820381459601808,0.03820286515070439,0.038201915977074785,0.03820096707498009,0.03820001844427196,0.03819907008479511,0.03819812199641642,0.038197174178987485,0.03819622663236176,0.03819527935637668,0.03819433235079404,0.03819338561565701,0.038192439150729694,0.03819149295573681,0.03819054703064849,0.03818960137545327,0.03818865598980775,0.038187710873820606,0.038186766027046334,0.038185821449441236,0.03818487714074315,0.03818393310095615,0.0381829893300352,0.03818204582771891,0.038181102593773726,0.038180159628213556,0.03817921693081565,0.03817827450128913,0.038177332339776694,0.03817639044598223,0.03817544881977093,0.038174507460947985,0.038173566369456215,0.03817262554510619,0.03817168498774291,0.03817074469725463,0.03816980467347431,0.03816886491625983,0.03816792542548483,0.0381669862009863,0.03816604724262403,0.03816510855021294,0.03816417012369375,0.03816323196287965,0.03816229406762892,0.03816135643778205,0.03816041907308506,0.03815948197362206,0.03815854513918433,0.038157608569594735,0.038156672264698446,0.03815573622435518,0.03815480044845412,0.03815386493682564,0.03815292968934354,0.03815199470584093,0.03815105998618385,0.038150125530243606,0.0381491913378598,0.038148257408970994,0.038147323743307246,0.03814639034079538,0.03814545720126392,0.03814452432460844,0.038143591710656836,0.03814265935929404,0.03814172727038163,0.038140795443760624,0.03813986387929602,0.0381389325768378,0.038138001536243436,0.03813707075740187,0.03813614023998464,0.03813520998418324,0.03813427998968594,0.03813335025638005,0.03813242078410584,0.03813149157271626,0.03813056262209484,0.038129633932074504,0.03812870550254735,0.03812777733330234,0.03812684942429421,0.038125921775350395,0.03812499438633396,0.038124067257133486,0.038123140387541964,0.03812221377740339,0.03812128742666201,0.03812036133516353,0.038119435502754394,0.038118509929297384,0.03811758461461411,0.03811665955870778,0.038115734761283736,0.038114810222381515,0.0381138859416497,0.03811296191902125,0.03811203815447228,0.0381111146476958,0.0381101913986292,0.03810926840711864,0.038108345673046655,0.03810742319628071,0.03810650097670721,0.03810557901412918,0.03810465730846786,0.03810373585957727,0.03810281466729706,0.03810189373159557,0.03810097305215954,0.038100052628945585,0.03809913246179787,0.0380982125505705,0.03809729289515909,0.038096373495411964,0.03809545435120806,0.03809453546235766,0.03809361682880564,0.03809269845039066,0.03809178032691737,0.03809086245834591,0.0380899448445206,0.03808902748528481,0.038088110380485804,0.03808719352999629,0.03808627693371951,0.03808536059152317,0.038084444503171604,0.03808352866867413,0.03808261308783195,0.0380816977605063,0.03808078268645976,0.038079867865762666,0.038078953298199714,0.03807803898358843,0.038077124921821574,0.03807621111277326,0.03807529755629957,0.03807438425227677,0.03807347120058725,0.038072558401078205,0.038071645853612175,0.03807073355805725,0.038069821514303395,0.038068909722205085,0.038067998181624395,0.038067086892403,0.0380661758544685,0.03806526506766516,0.03806435453186516,0.038063444246918925,0.038062534212690124,0.03806162442909411,0.038060714895952585,0.03805980561310849,0.03805889658051938,0.038057987797978275,0.03805707926537755,0.038056170982590835,0.03805526294950706,0.038054355165971505,0.038053447631928715,0.03805254034708945,0.03805163331138982,0.03805072652470441,0.03804981998698226,0.03804891369797189,0.03804800765765071,0.03804710186583757,0.0380461963224657,0.03804529102728495,0.0380443859802037,0.03804348118102767,0.0380425766298197,0.03804167232633479,0.03804076827048783,0.038039864462103556,0.038038960901029574,0.038038057587194966,0.0380371545203588,0.03803625170056913,0.03803534912760953,0.03803444680133043,0.03803354472164129,0.03803264288839931,0.038031741301439145,0.038030839960715664,0.03802993886604471,0.03802903801731321,0.03802813741436617,0.0380272370571177,0.0380263369453969,0.03802543707907577,0.0380245374580891,0.0380236380823526,0.038022738951571745,0.038021840065708225,0.03802094142462982,0.03802004302821426,0.038019144876329576,0.03801824696884816,0.038017349305646465,0.038016451886518754,0.038015554711493635,0.03801465778032056,0.03801376109297641,0.0380128646492894,0.038011968449115495,0.03801107249232422,0.03801017677882339,0.03800928130846071,0.03800838608103412,0.038007491096583426,0.03800659635488798,0.03800570185577665,0.03800480759918135,0.03800391358503662,0.0380030198131703,0.038002126283453286,0.038001232995742734,0.038000339949931725,0.03799944714588848,0.03799855458340928,0.03799766226251462,0.037996770182937845,0.037995878344721117,0.03799498674757401,0.03799409539152519,0.0379932042763674,0.03799231340199046,0.03799142276824825,0.037990532375047646,0.03798964222224297,0.03798875230963809,0.03798786263727514,0.03798697320493837,0.037986084012513646,0.03798519505987529,0.037984306346823045,0.037983417873390816,0.03798252963936293,0.03798164164473084,0.037980753889110166,0.03797986637268642,0.037978979095105475,0.037978092056335545,0.03797720525623747,0.037976318694701694,0.03797543237160352,0.037974546286820704,0.03797366044014464,0.03797277483154861,0.037971889461080204,0.037971004328340364,0.03797011943330618,0.037969234775859236,0.03796835035593982,0.037967466173298214,0.037966582227877625,0.03796569851955721,0.03796481504821426,0.03796393181373035,0.037963048815984446,0.03796216605485512,0.037961283530221344,0.03796040124203449,0.03795951919003038,0.037958637374159415,0.03795775579422588,0.03795687445026322,0.037955993342080656,0.03795511246962634,0.037954231832620595,0.03795335143103654,0.037952471264746226,0.03795159133355227,0.0379507116373226,0.037949832176275,0.03794895294996763,0.03794807395836233,0.037947195201328686,0.037946316678754324,0.037945438390519455,0.03794456033657468,0.03794368251666281,0.037942804930777736,0.0379419275787135,0.03794105046042974,0.037940173575739346,0.03793929692455699,0.03793842050676621,0.03793754432224593,0.03793666837097805,0.03793579265264732,0.037934917167238166,0.03793404191462973,0.037933166894738274,0.03793229210737792,0.03793141755246462,0.03793054322962686,0.03792966913925631,0.03792879528098056,0.03792792165468301,0.037927048260246565,0.03792617509759231,0.03792530216655956,0.03792442946700466,0.03792355699884173,0.037922684761955344,0.037921812756265265,0.037920940981565565,0.03792006943780836,0.03791919812486403,0.03791832704261415,0.03791745619094141,0.0379165855697722,0.0379157151789462,0.03791484501837544,0.03791397508783904,0.037913105387315765,0.037912235916729924,0.0379113666758562,0.037910497664631976,0.03790962888294568,0.03790876033068178,0.03790789200772307,0.037907023913954195,0.03790615604926031,0.03790528841352685,0.03790442100663923,0.037903553828483816,0.03790268687894168,0.03790182015788587,0.03790095366523238,0.03790008740085155,0.03789922136462766,0.0378983555562542,0.03789748997600471,0.03789662462357016,0.03789575949868275,0.037894894601539546,0.037894029931866094,0.03789316548956803,0.037892301274502535,0.0378914372865682,0.0378905735256554,0.03788970999164674,0.03788884668442772,0.03788798360388768,0.03788712074991929,0.037886258122397945,0.037885395720945535,0.037884533546006044,0.037883671597183914,0.037882809874345225,0.03788194837720396,0.03788108710602589,0.0378802260605103,0.03787936524054904,0.03787850464602972,0.03787764427669804,0.03787678413272271,0.03787592421384327,0.037875064519946766,0.037874205050933155,0.03787334580668316,0.03787248678709088,0.037871627992021956,0.037870769421260025,0.03786991107495593,0.03786905295286212,0.03786819505485775,0.037867337380847625,0.03786647993071127,0.03786562270433509,0.037864765701612506,0.03786390892247127,0.03786305236672513,0.03786219603429004,0.037861339925066795,0.03786048403894328,0.03785962837580553,0.03785877293553616,0.03785791771807444,0.0378570627232295,0.037856207950935444,0.03785535340101818,0.03785449907348428,0.03785364496816594,0.037852791084809066,0.03785193742360052,0.03785108398427103,0.03785023076672057,0.03784937777083352,0.03784852499648881,0.037847672443530114,0.03784682011198773,0.037845968001673926,0.037845116112477255,0.037844264444302333,0.03784341299703277,0.037842561770549676,0.03784171076473582,0.037840859979517937,0.03784000941476808,0.03783915907035905,0.037838308946207294,0.0378374590422277,0.0378366093582603,0.037835759894208086,0.0378349106499754,0.037834061625443664,0.03783321282051695,0.03783236423507826,0.03783151586903026,0.037830667722250653,0.037829819794645725,0.03782897208610879,0.03782812459652061,0.03782727732575293,0.03782643027375729,0.03782558344037232,0.037824736825523786,0.03782389042908947,0.0378230442509674,0.037822198291045314,0.03782135254922528,0.037820507025360606,0.0378196617194073,0.03781881663121585,0.03781797176070292,0.037817127107754214,0.037816282672272515,0.03781543845415773,0.03781459445325252,0.037813750669495605,0.037812907102766594,0.037812063753020805,0.037811220620029846,0.037810377703753985,0.037809535004052264,0.03780869252088339,0.03780785025411417,0.037807008203624745,0.037806166369317225,0.03780532475113232,0.03780448334888399,0.03780364216254455,0.037802801191917576,0.037801960436944886,0.03780111989752941,0.03780027957354965,0.037799439464876725,0.03779859957161585,0.03779775989345234,0.03779692043022284,0.037796081181915915,0.037795242148437595,0.0377944033296811,0.0377935647254945,0.03779272633589521,0.03779188816063135,0.037791050199661114,0.03779021245288453,0.037789374920217576,0.037788537601514065,0.03778770049657294,0.03778686360552235,0.0377860269280724,0.03778519046427089,0.037784354213935605,0.03778351817696594,0.03778268235325054,0.03778184674268671,0.03778101134517514,0.0377801761606066,0.03777934118896359,0.0377785064299973,0.0377776718836703,0.03777683754996113,0.03777600342863241,0.03777516951969009,0.03777433582288355,0.037773502338227745,0.03777266906563769,0.03777183600490008,0.03777100315598048,0.03777017051868342,0.0377693380930846,0.03776850587906543,0.037767673876394355,0.03776684208502737,0.03776601050491036,0.037765179135836234,0.03776434797779427,0.03776351703071142,0.037762686294362066,0.03776185576866136,0.037761025453602076,0.03776019534904495,0.037759365454870165,0.03775853577098094,0.03775770629727644,0.03775687703366888,0.037756047980047794,0.03775521913633902,0.03775439050228827,0.03775356207805291,0.03775273386336685,0.03775190585814513,0.0377510780623891,0.037750250475851656,0.03774942309832998,0.037748595930037245,0.03774776897078338,0.03774694222035458,0.037746115678720736,0.03774528934582451,0.03774446322144329,0.03774363730553151,0.037742811598007846,0.037741986098661376,0.03774116080760453,0.037740335724615326,0.037739510849624625,0.03773868618257927,0.037737861723064564,0.03773703747140225,0.03773621342732397,0.037735389590727225,0.03773456596152981,0.03773374253959786,0.03773291932485182,0.03773209631704481,0.03773127351634947,0.03773045092256976,0.03772962853566152,0.03772880635537362,0.0377279843816946,0.03772716261448115,0.037726341053721524,0.037725519699199885,0.03772469855086476,0.03772387760865381,0.03772305687243186,0.037722236342174385,0.037721416017712325,0.03772059589890296,0.0377197759857064,0.03771895627802034,0.03771813677577918,0.037717317478823266,0.03771649838700623,0.03771567950038753,0.03771486081884357,0.0377140423422558,0.0377132240704146,0.03771240600334382,0.03771158814079643,0.03771077048286328,0.037709953029372904,0.03770913578021239,0.037708318735296655,0.037707501894528817,0.03770668525772394,0.03770586882505217,0.037705052596255326,0.03770423657119394,0.037703420749718886,0.037702605131809244,0.03770178971735658,0.037700974506349884,0.03770015949855969,0.037699344694067306,0.037698530092621044,0.037697715694069815,0.03769690149843188,0.03769608750558017,0.03769527371544263,0.0376944601279362,0.03769364674291112,0.03769283356030064,0.0376920205800119,0.03769120780193744,0.03769039522599958,0.03768958285205199,0.037688770680177515,0.037687958710050935,0.03768714694167012,0.03768633537494154,0.03768552400983931,0.03768471284612679,0.037683901883780825,0.03768309112267809,0.03768228056277924,0.03768147020388404,0.037680660046105,0.03767985008917729,0.03767904033297535,0.037678230777535834,0.037677421422704666,0.03767661226838752,0.03767580331448997,0.037674994560916886,0.03767418600754802,0.03767337765434416,0.037672569501085676,0.03767176154783865,0.037670953794482494,0.037670146240904354,0.03766933888690932,0.03766853173255634,0.03766772477761924,0.03766691802214995,0.03766611146595558,0.03766530510895829,0.03766449895102011,0.03766369299214346,0.03766288723211539,0.03766208167098441,0.037661276308518496,0.037660471144762245,0.03765966617950046,0.037658861412664016,0.0376580568442662,0.037657252474138016,0.03765644830218465,0.03765564432831409,0.03765484055238586,0.03765403697440364,0.037653233594225885,0.03765243041175955,0.0376516274268459,0.03765082463952894,0.03765002204965133,0.03764921965706933,0.03764841746178299,0.03764761546364438,0.03764681366263763,0.03764601205861498,0.03764521065140699,0.037644409441009066,0.03764360842729916,0.0376428076100948,0.037642006989463656,0.03764120656530506,0.03764040633748039,0.03763960630589786,0.03763880647046692,0.03763800683108223,0.03763720738767874,0.037636408140141575,0.03763560908840249,0.03763481023235757,0.03763401157180413,0.03763321310687671,0.037632414837371946,0.03763161676320406,0.03763081888426802,0.03763002120049201,0.03762922371175797,0.037628426418001765,0.03762762931912522,0.03762683241502608,0.03762603570563765,0.03762523919085727,0.03762444287060314,0.037623646744766114,0.03762285081325552,0.03762205507593834,0.037621259532838534,0.037620464183806004,0.037619669028748734,0.037618874067579335,0.03761807930016787,0.037617284726511775,0.03761649034642135,0.03761569615991124,0.037614902166827335,0.037614108367141144,0.0376133147606807,0.03761252134739157,0.037611728127185766,0.03761093509997238,0.0376101422656819,0.03760934962427201,0.037608557175506,0.037607764919369464,0.03760697285578079,0.037606180984655395,0.0376053893059031,0.03760459781942568,0.037603806525088296,0.03760301542291162,0.03760222451269189,0.0376014337944206,0.037600643268024064,0.03759985293337837,0.03759906279039551,0.03759827283901221,0.03759748307910348,0.03759669351058448,0.03759590413337612,0.0375951149473846,0.037594325952532766,0.03759353714876191,0.03759274853592284,0.03759196011394984,0.03759117188276243,0.037590383842264416,0.03758959599237785,0.0375888083329969,0.037588020864064604,0.037587233585475804,0.03758644649714824,0.037585659598984425,0.03758487289090498,0.037584086372826335,0.037583300044606124,0.03758251390626157,0.03758172795765195,0.03758094219869172,0.03758015662929383,0.03757937124937377,0.037578586058841144,0.03757780105760516,0.03757701624558979,0.037576231622751276,0.03757544718891769,0.037574662944033194,0.03757387888802714,0.03757309502078947,0.03757231134223918,0.037571527852352946,0.0375707445509571,0.0375699614380037,0.03756917851344635,0.037568395777099826,0.03756761322893887,0.03756683086885555,0.0375660486967994,0.0375652667126686,0.03756448491638799,0.03756370330785452,0.037562921887004254,0.03756214065370625,0.03756135960793816,0.0375605787495624,0.037559798078496506,0.037559017594709185,0.03755823729803756,0.0375574571884734,0.037556677265939156,0.03755589753022462,0.037555117981332674,0.037554338619164185,0.037553559443630015,0.0375527804546629,0.03755200165217561,0.037551223036051705,0.03755044460625656,0.03754966636268881,0.03754888830530357,0.03754811043393348,0.0375473327485273,0.03754655524900043,0.037545777935321725,0.03754500080726829,0.037544223864874396,0.03754344710805311,0.037542670536728454,0.037541894150736305,0.03754111795006249,0.03754034193456543,0.03753956610420627,0.03753879045887882,0.037538014998525736,0.037537239723043035,0.03753646463237955,0.03753568972638283,0.03753491500502789,0.037534140468219165,0.037533366115876314,0.037532591947909366,0.03753181796422793,0.03753104416476549,0.03753027054945776,0.03752949711814849,0.0375287238708251,0.03752795080737874,0.037527177927744994,0.037526405231793326,0.03752563271947105,0.03752486039068364,0.037524088245363234,0.03752331628342235,0.037522544504775615,0.03752177290934135,0.03752100149704937,0.037520230267804364,0.03751945922153896,0.037518688358139186,0.03751791767747158,0.037517147179596505,0.03751637686438468,0.037515606731732445,0.037514836781531974,0.03751406701372257,0.03751329742821624,0.03751252802499378,0.03751175880377901,0.037510989764769194,0.03751022090769455,0.0375094522325132,0.03750868373916302,0.03750791542754903,0.037507147297587126,0.03750637934914059,0.03750561158224541,0.03750484399676659,0.0375040765926559,0.037503309369778394,0.03750254232805677,0.037501775467379296,0.037501008787766854,0.03750024228903794,0.037499475971226194,0.037498709834138284,0.03749794387764616,0.03749717810185809,0.037496412506571174,0.03749564709172157,0.0374948818572511,0.037494116803027264,0.03749335192898136,0.037492587235012545,0.037491822721045516,0.037491058387178054,0.03749029423318134,0.03748953025896423,0.0374887664644686,0.03748800284963621,0.03748723941435282,0.037486476158453366,0.037485713082025245,0.03748495018487079,0.03748418746698636,0.03748342492826961,0.03748266256863719,0.037481900388016014,0.037481138386260486,0.03748037656337452,0.0374796149192491,0.03747885345373141,0.03747809216688208,0.03747733105855675,0.037476570128603795,0.037475809377074995,0.037475048803765225,0.03747428840875421,0.03747352819184093,0.0374727681529324,0.03747200829204105,0.037471248608962386,0.037470489103688255,0.037469729776164216,0.03746897062637109,0.037468211654041045,0.03746745285926306,0.037466694241958566,0.03746593580193048,0.03746517753918419,0.037464419453601946,0.03746366154514364,0.03746290381374197,0.03746214625925095,0.037461388881557554,0.037460631680725026,0.037459874656566215,0.037459117809037885,0.03745836113807242,0.037457604643626144,0.037456848325519446,0.03745609218375894,0.03745533621822945,0.03745458042884088,0.03745382481555871,0.03745306937824002,0.03745231411689671,0.03745155903143554,0.03745080412172528,0.03745004938768537,0.03744929482931436,0.037448540446434725,0.037447786239013674,0.037447032206910924,0.037446278350225085,0.03744552466878066,0.03744477116241844,0.037444017831175576,0.037443264674966975,0.037442511693675413,0.03744175888716779,0.037441006255385094,0.03744025379834881,0.03743950151592069,0.037438749408057775,0.03743799747470168,0.037437245715543306,0.03743649413082116,0.03743574272029834,0.03743499148395766,0.0374342404216879,0.03743348953343903,0.03743273881915087,0.037431988278678684,0.03743123791201279,0.03743048771900157,0.03742973769966055,0.03742898785378777,0.037428238181421776,0.03742748868246598,0.0374267393568412,0.037425990204451434,0.0374252412251953,0.037424492419038335,0.03742374378583005,0.037422995325670096,0.03742224703829867,0.03742149892379309,0.03742075098195955,0.03742000321272906,0.037419255616132414,0.037418508191989545,0.03741776094024734,0.03741701386082115,0.03741626695358204,0.03741552021864574,0.037414773655782566,0.03741402726492318,0.03741328104608649,0.03741253499906711,0.037411789123845685,0.03741104342040596,0.037410297888579185,0.0374095525284012,0.03740880733972066,0.037408062322464665,0.03740731747647268,0.03740657280184503,0.03740582829845997,0.037405083966094745,0.037404339804841695,0.03740359581458726,0.03740285199522922,0.03740210834669429,0.03740136486894761,0.03740062156189313,0.03739987842548577,0.03739913545957461,0.037398392664134826,0.03739765003910935,0.0373969075844131,0.03739616529991205,0.03739542318562135,0.03739468124139701,0.03739393946716992,0.037393197862914646,0.03739245642850946,0.03739171516386586,0.037390974069010784,0.03739023314383179,0.03738949238821413,0.03738875180211735,0.03738801138546322,0.03738727113811465,0.037386531060074536,0.03738579115127138,0.03738505141160368,0.03738431184099601,0.0373835724392998,0.03738283320656359,0.03738209414268467,0.037381355247567194,0.03738061652119105,0.037379877963446384,0.03737913957425214,0.03737840135353777,0.037377663301203734,0.037376925417221894,0.03737618770149414,0.037375450153964485,0.037374712774603656,0.03737397556323221,0.03737323851983732,0.037372501644326935,0.03737176493667976,0.03737102839676775,0.037370292024559014,0.03736955581994116,0.037368819782859074,0.03736808391325934,0.037367348211058214,0.0373666126761758,0.03736587730854231,0.03736514210804513,0.03736440707469356,0.03736367220837275,0.03736293750900075,0.03736220297657356,0.0373614686109049,0.037360734411977,0.0373600003797198,0.03735926651408476,0.037358532815005153,0.037357799282413756,0.037357065916156854,0.037356332716215135,0.03735559968249204,0.03735486681497429,0.03735413411356489,0.037353401578178375,0.03735266920877339,0.03735193700525857,0.037351204967562605,0.03735047309559179,0.0373497413892956,0.0373490098486192,0.03734827847345393,0.03734754726378074,0.037346816219488994,0.03734608534049758,0.0373453546268143,0.03734462407826572,0.03734389369482142,0.037343163476434175,0.037342433422990526,0.03734170353445003,0.03734097381075444,0.03734024425180706,0.03733951485754958,0.037338785627862484,0.037338056562717735,0.03733732766208633,0.03733659892584936,0.037335870353927963,0.037335141946261495,0.03733441370283796,0.03733368562350885,0.03733295770822518,0.03733222995691253,0.03733150236951392,0.037330774945958524,0.037330047686225304,0.0373293205901902,0.03732859365774701,0.0373278668888927,0.03732714028352776,0.0373264138415951,0.037325687563006985,0.03732496144774669,0.03732423549566937,0.03732350970675503,0.03732278408089389,0.03732205861806227,0.03732133331815921,0.03732060818114115,0.03731988320678488,0.03731915839531267,0.03731843374634785,0.0373177092600824,0.03731698493638851,0.03731626077509306,0.037315536776229,0.037314812939660845,0.037314089265340744,0.03731336575315528,0.037312642402931216,0.03731191921495504,0.03731119618895477,0.03731047332485524,0.037309750622553886,0.03730902808206136,0.03730830570324972,0.037307583486043884,0.03730686143049689,0.03730613953637185,0.03730541780366738,0.037304696232331826,0.03730397482224882,0.037303253573401994,0.03730253248576931,0.03730181155914035,0.03730109079356668,0.03730037018892483,0.03729964974517136,0.0372989294622041,0.0372982093399945,0.03729748937846305,0.03729676957755316,0.03729604993716986,0.037295330457268135,0.03729461113774906,0.0372938919785881,0.03729317297965843,0.0372924541409677,0.03729173546238506,0.03729101694389549,0.037290298585422675,0.037289580386860754,0.03728886234813095,0.03728814446922836,0.03728742675004556,0.037286709190521315,0.03728599179059739,0.037285274550207685,0.037284557469265504,0.03728384054772916,0.03728312378550639,0.03728240718252916,0.037281690738750574,0.03728097445409204,0.0372802583285086,0.03727954236192553,0.037278826554230086,0.0372781109054286,0.037277395415418996,0.037276680084118864,0.03727596491145398,0.037275249897396195,0.03727453504187503,0.03727382034481362,0.03727310580615121,0.03727239142581656,0.037271677203730015,0.03727096313982845,0.03727024923406741,0.03726953548635868,0.037268821896612354,0.037268108464823674,0.03726739519089887,0.037266682074751714,0.03726596911633674,0.03726525631558906,0.037264543672457046,0.03726383118689814,0.03726311885875683,0.03726240668800845,0.03726169467456879,0.03726098281843428,0.03726027111949994,0.03725955957767844,0.037258848192952075,0.03725813696522259,0.03725742589443491,0.03725671498052547,0.037256004223400405,0.037255293623032384,0.03725458317935302,0.03725387289228931,0.037253162761771645,0.037252452787694214,0.0372517429700751,0.03725103330879285,0.03725032380381187,0.03724961445503066,0.03724890526233627,0.03724819622579528,0.03724748734524811,0.037246778620716,0.037246070052071846,0.03724536163917402,0.03724465338209058,0.03724394528074594,0.03724323733501444,0.037242529544863456,0.03724182191021291,0.037241114431039044,0.037240407107193854,0.03723969993863405,0.03723899292540202,0.037238286067353576,0.03723757936440591,0.037236872816494064,0.037236166423576855,0.03723546018560878,0.037234754102517455,0.03723404817422387,0.03723334240066358,0.03723263678169386,0.03723193131739966,0.03723122600774439,0.037230520852384104,0.03722981585149131,0.03722911100496289,0.03722840631270978,0.037227701774718965,0.03722699739087935,0.03722629316105256,0.037225589085345206,0.03722488516358425,0.03722418139568868,0.03722347778162684,0.03722277432137283,0.03722207101485405,0.03722136786206404,0.037220664862781264,0.03721996201712551,0.03721925932478781,0.03721855678587974,0.03721785440024755,0.03721715216792732,0.03721645008881898,0.03721574816285299,0.03721504638994561,0.037214344770072995,0.03721364330316438,0.03721294198911355,0.037212240827919726,0.03721153981949108,0.037210838963759256,0.037210138260661815,0.03720943771013056,0.03720873731215586,0.037208037066603895,0.037207336973425924,0.037206637032569954,0.037205937243984154,0.037205237607590265,0.037204538123335004,0.037203838791114316,0.037203139610937616,0.037202440582616056,0.037201741706230716,0.03720104298170576,0.037200344408952396,0.03719964598800376,0.037198947718579775,0.03719824960073618,0.03719755163439393,0.03719685381950975,0.03719615615598906,0.03719545864381445,0.037194761282901515,0.03719406407316635,0.03719336701459306,0.037192670107103226,0.03719197335063163,0.03719127674509447,0.03719058029048871,0.03718988398668084,0.03718918783364616,0.03718849183131708,0.037187795979639185,0.03718710027852387,0.03718640472793033,0.03718570932771983,0.037185014077976114,0.03718431897852651,0.037183624029403985,0.0371829292304987,0.0371822345817471,0.037181540083077474,0.03718084573438825,0.037180151535701644,0.03717945748693629,0.037178763587944356,0.03717806983871616,0.03717737623928807,0.03717668278947164,0.03717598948932967,0.037175296338729645,0.03717460333762285,0.03717391048591193,0.03717321778350954,0.037172525230360506,0.03717183282652551,0.03717114057190811,0.037170448466386674,0.03716975650991227,0.03716906470243783,0.03716837304388136,0.037167681534189825,0.03716699017331622,0.037166298961201966,0.03716560789778237,0.037164916982982306,0.03716422621679414,0.03716353559900815,0.03716284512955685,0.03716215480867129,0.03716146463612268,0.03716077461194209,0.03716008473587455,0.03715939500793054,0.03715870542811095,0.03715801599618523,0.037157326712325016,0.03715663757637415,0.03715594858826584,0.03715525974797673,0.037154571055380205,0.03715388251042412,0.03715319411303462,0.037152505863271276,0.037151817760986285,0.03715112980608977,0.037150441998599015,0.037149754338413075,0.03714906682568893,0.03714837945992999,0.037147692241309746,0.03714700516978022,0.03714631824520071,0.03714563146763085,0.037144944836915085,0.03714425835300442,0.03714357201591552,0.03714288582553837,0.0371421997818062,0.037141513884693986,0.0371408281341057,0.0371401425300035,0.03713945707230015,0.037138771760975194,0.03713808659592894,0.037137401577085206,0.03713671670446473,0.03713603197797371,0.0371353473975355,0.03713466296304428,0.037133978674568933,0.0371332945319502,0.037132610535190624,0.03713192668418976,0.03713124297887502,0.037130559419245146,0.037129876005184144,0.03712919273666342,0.037128509613597545,0.037127826635956616,0.03712714380373354,0.037126461116879644,0.0371257785751455,0.03712509617859754,0.03712441392717854,0.03712373182084333,0.03712304985951544,0.03712236804304603,0.037121686371523924,0.037121004844827506,0.03712032346290735,0.03711964222570896,0.037118961133201706,0.037118280185228135,0.03711759938183219,0.037116918722973145,0.037116238208492705,0.0371155578383997,0.03711487761261579,0.03711419753107839,0.037113517593742464,0.037112837800414175,0.037112158151280945,0.037111478646178635,0.03711079928503073,0.03711012006779292,0.03710944099446396,0.037108762064784695,0.037108083278935576,0.03710740463673593,0.03710672613817264,0.0371060477831298,0.03710536957164831,0.03710469150359867,0.03710401357893115,0.0371033357976166,0.03710265815957181,0.037101980664782694,0.037101303313120955,0.0371006261045622,0.03709994903917537,0.03709927211663857,0.03709859533703662,0.03709791870037039,0.03709724220645575,0.03709656585524776,0.03709588964677209,0.03709521358099166,0.03709453765778791,0.03709386187714293,0.0370931862389264,0.037092510743150856,0.03709183538975678,0.03709116017862617,0.03709048510978815,0.03708981018313229,0.03708913539862037,0.03708846075619362,0.03708778625579083,0.03708711189734042,0.037086437680800825,0.03708576360613121,0.03708508967320291,0.037084415882061794,0.037083742232617845,0.037083068724809244,0.03708239535856757,0.03708172213382664,0.03708104905054469,0.03708037610868481,0.03707970330820504,0.037079030648985954,0.03707835813105211,0.037077685754248996,0.03707701351857013,0.03707634142395932,0.03707566947036077,0.03707499765771858,0.03707432598597686,0.037073654455079916,0.03707298306497175,0.0370723118155967,0.03707164070689903,0.03707096973882306,0.037070298911313096,0.037069628224313526,0.03706895767776876,0.03706828727162323,0.03706761700582149,0.03706694688030786,0.03706627689502695,0.03706560704992333,0.0370649373449416,0.03706426778002641,0.0370635983551115,0.03706292907016337,0.03706225992511597,0.037061590919914365,0.03706092205450237,0.03706025332882538,0.03705958474282823,0.03705891629645583,0.037058247989653056,0.03705757982236484,0.0370569117945363,0.03705624390611238,0.037055576157038105,0.03705490854725862,0.037054241076719105,0.0370535737453645,0.03705290655314006,0.037052239500027895,0.03705157258589952,0.03705090581073707,0.03705023917448514,0.03704957267709051,0.03704890631849822,0.03704824009865289,0.037047574017500313,0.03704690807498603,0.03704624227105548,0.03704557660565413,0.03704491107872874,0.03704424569022277,0.03704358044008286,0.03704291532825468,0.03704225035468394,0.037041585519316314,0.037040920822097596,0.03704025626297354,0.037039591841890124,0.03703892755879305,0.03703826341362808,0.03703759940634133,0.03703693553687869,0.03703627180518598,0.037035608211209325,0.03703494475489476,0.03703428143618854,0.0370336182550364,0.037032955211383965,0.03703229230517879,0.0370316295363698,0.03703096690489648,0.03703030441070831,0.03702964205374823,0.03702897983396935,0.03702831775131482,0.03702765580573076,0.03702699399716381,0.037026332325560206,0.03702567079086648,0.03702500939302927,0.037024348131994865,0.037023687007710124,0.037023026020121086,0.03702236516917516,0.03702170445481916,0.03702104387699889,0.037020383435661164,0.03701972313075306,0.03701906296222149,0.03701840293001309,0.03701774303407426,0.037017083274352706,0.03701642365079499,0.03701576416334815,0.03701510481195903,0.03701444559657461,0.03701378651714184,0.03701312757360788,0.037012468765919945,0.03701181009404487,0.03701115155789013,0.03701049315742277,0.03700983489258998,0.037009176763308095,0.037008518769586246,0.037007860911340666,0.037007203188518994,0.03700654560106841,0.03700588814893638,0.037005230832069844,0.03700457365041711,0.03700391660392531,0.03700325969254189,0.0370026029162144,0.037001946274890396,0.037001289768441546,0.03700063339696754,0.03699997716034001,0.03699932105850664,0.036998665091414966,0.036998009258958214,0.036997353561193796,0.03699669799801463,0.0369960425693685,0.03699538727520345,0.03699473211546729,0.036994077090107935,0.036993422199072944,0.036992767442250565,0.036992112819709724,0.03699145833133776,0.0369908039770666,0.03699014975687676,0.03698949567066274,0.036988841718379455,0.03698818790006332,0.036987534215614896,0.03698688066496126,0.03698622724807421,0.036985573964889926,0.03698492081535105,0.03698426779941751,0.036983614917063534,0.03698296216817434,0.036982309552730006,0.036981657070624036,0.03698100472189652,0.036980352506478006,0.036979700424318494,0.036979048475326695,0.03697839665944781,0.036977744976677426,0.036977093426939354,0.036976442010178426,0.03697579072635551,0.03697513957544359,0.03697448855735828,0.036973837672006515,0.036973186919375275,0.03697253629943515,0.03697188581215686,0.03697123545742077,0.03697058523520718,0.03696993514546511,0.03696928518814353,0.036968635363191685,0.03696798567050326,0.03696733611013813,0.03696668668199015,0.036966037386007816,0.03696538822214172,0.03696473919033971,0.03696409029055258,0.036963441522728895,0.036962792886819584,0.03696214438276469,0.0369614960105261,0.03696084777000441,0.03696019966123936,0.03695955168413384,0.036958903838637855,0.036958256124696415,0.036957608542140696,0.036956961091169166,0.036956313771605784,0.036955666583439406,0.036955019526573145,0.03695437260093304,0.03695372580649823,0.03695307914325233,0.03695243261108189,0.036951786209965774,0.03695113993985015,0.03695049380069681,0.03694984779244916,0.036949201915088895,0.03694855616850433,0.036947910552702815,0.03694726506758005,0.03694661971311318,0.03694597448928284,0.03694532939597566,0.03694468443317594,0.03694403960081373,0.03694339489890583,0.03694275032735844,0.03694210588607922,0.03694146157506419,0.036940817394286486,0.03694017334366969,0.036939529423145864,0.03693888563266631,0.03693824197222674,0.036937598441746586,0.03693695504114675,0.036936311770407786,0.03693566862948043,0.036935025618315,0.036934382736867236,0.03693373998510448,0.036933097362928845,0.036932454870317835,0.036931812507249244,0.03693117027361817,0.036930528169398555,0.036929886194553514,0.03692924434903303,0.03692860263277576,0.03692796104574648,0.03692731958790773,0.036926678259170106,0.03692603705952591,0.03692539598888523,0.03692475504721337,0.0369241142344735,0.0369234735506049,0.0369228329955715,0.036922192569318196,0.03692155227181499,0.03692091210297311,0.036920272062643034,0.036919632151038856,0.0369189923679429,0.03691835271332684,0.03691771318716187,0.03691707378933856,0.03691643451990493,0.036915795378762335,0.0369151563658532,0.03691451748114244,0.03691387872461003,0.036913240096150046,0.03691260159574026,0.036911963223332095,0.0369113249788771,0.03691068686232536,0.03691004887362447,0.036909411012548035,0.036908773279452044,0.03690813567403556,0.036907498196282314,0.03690686084614335,0.03690622362356728,0.03690558652851249,0.03690494956073132,0.03690431272057007,0.036903676007783194,0.03690303942235115,0.03690240296416808,0.03690176663321511,0.036901130429326634,0.036900494352666895,0.036899858403116347,0.03689922258059808,0.03689858688493551,0.036897951316449115,0.03689731587475454,0.03689668055973922,0.03689604537169691,0.03689541031044212,0.03689477537588675,0.03689414056798982,0.036893505886671264,0.03689287133193507,0.03689223690351507,0.03689160260176758,0.03689096842640215,0.036890334377325466,0.03688970045459793,0.03688906665820648,0.03688843298804377,0.03688779944405377,0.036887166026204905,0.03688653273445922,0.03688589956873398,0.03688526652891472,0.03688463361512732,0.03688400082722449,0.03688336816518374,0.036882735628870476,0.03688210321838473,0.036881470933575564,0.0368808387744058,0.036880206740923745,0.036879574832997,0.036878943050579115,0.03687831139361798,0.03687767986209704,0.03687704845591188,0.036876417175100824,0.03687578601957679,0.03687515498931589,0.036874524084227575,0.036873893304273535,0.03687326264942449,0.03687263211962314,0.036872001714829614,0.03687137143499328,0.0368707412800701,0.036870111250008046,0.036869481344790636,0.03686885156431304,0.03686822190856305,0.0368675923774991,0.036866962971008437,0.03686633368917907,0.036865704531866536,0.03686507549904802,0.036864446590635626,0.03686381780664933,0.03686318914701893,0.03686256061170403,0.036861932200588955,0.03686130391373369,0.0368606757510631,0.03686004771245107,0.036859419797963734,0.03685879200753367,0.03685816434107753,0.036857536798531924,0.036856909379880065,0.03685628208506705,0.036855654914057685,0.03685502786678554,0.036854400943237386,0.03685377414330989,0.036853147467024346,0.03685252091431383,0.03685189448514117,0.036851268179415295,0.03685064199709464,0.03685001593822217,0.036849390002625305,0.03684876419032118,0.03684813850129066,0.03684751293548083,0.03684688749280597,0.0368462621732556,0.036845636976761756,0.036845011903258916,0.036844386952788494,0.03684376212520398,0.03684313742049994,0.036842512838618335,0.03684188837954682,0.036841264043241846,0.03684063982963137,0.03684001573865519,0.036839391770304514,0.036838767924499444,0.03683814420121419,0.03683752060039562,0.03683689712195643,0.03683627376595389,0.03683565053225076,0.03683502742086441,0.03683440443169933,0.036833781564766986,0.036833158819989165,0.0368325361973304,0.03683191369672383,0.036831291318090716,0.03683066906148211,0.036830046926761506,0.036829424913971925,0.03682880302298507,0.036828181253769986,0.03682755960632693,0.036826938080618314,0.03682631667657079,0.03682569539414352,0.036825074233281435,0.03682445319394993,0.03682383227611183,0.036823211479726004,0.03682259080464588,0.03682197025096976,0.03682134981859331,0.03682072950746748,0.036820109317575116,0.036819489248837045,0.036818869301222204,0.03681824947469969,0.03681762976919698,0.036817010184706685,0.036816390721043146,0.03681577137834409,0.03681515215651981,0.03681453305551848,0.0368139140752357,0.03681329521572426,0.036812676476856175,0.03681205785865689,0.03681143936104241,0.036810820983977435,0.036810202727380816,0.036809584591274314,0.03680896657557826,0.03680834868024756,0.036807730905233066,0.0368071132504331,0.036806495715970354,0.036805878301719996,0.03680526100760555,0.0368046438335563,0.03680402677950643,0.03680340984553776,0.03680279303153806,0.036802176337464874,0.03680155976327536,0.036800943308942805,0.03680032697438897,0.0367997107595488,0.03679909466446731,0.036798478689042916,0.03679786283323827,0.03679724709700111,0.036796631480305465,0.03679601598309374,0.03679540060532998,0.03679478534692837,0.03679417020784966,0.036793555188160784,0.03679294028780665,0.03679232550659921,0.036791710844619935,0.036791096301702186,0.03679048187793325,0.03678986757322612,0.036789253387528004,0.03678863932079783,0.03678802537299093,0.03678741154405477,0.036786797833963616,0.036786184242703836,0.036785570770144854,0.03678495741629228,0.03678434418111096,0.03678373106453859,0.03678311806644692,0.03678250518702036,0.03678189242603236,0.03678127978350788,0.03678066725940114,0.03678005485371125,0.036779442566280206,0.036778830397122,0.03677821834618225,0.03677760641348571,0.036776994598895885,0.03677638290239949,0.036775771323996294,0.03677515986361788,0.03677454852122469,0.03677393729672378,0.036773326190142376,0.03677271520141311,0.03677210433052601,0.036771493577348095,0.036770882941853995,0.03677027242402674,0.036769662023883924,0.03676905174128237,0.0367684415762613,0.03676783152870421,0.03676722159863462,0.03676661178587615,0.036766002090620316,0.036765392512687775,0.03676478305201441,0.03676417370858517,0.03676356448238052,0.036762955373319174,0.03676234638137646,0.03676173750652356,0.036761128748694666,0.03676052010792308,0.036759911584104334,0.03675930317713244,0.03675869488701942,0.0367580867137349,0.036757478657236435,0.03675687071747001,0.03675626289441087,0.03675565518805868,0.03675504759826458,0.036754440125023984,0.03675383276830643,0.03675322552811751,0.03675261840433152,0.036752011396995084,0.03675140450599966,0.03675079773131934,0.03675019107291999,0.03674958453074869,0.03674897810477487,0.036748371794946,0.03674776560123359,0.03674715952365658,0.03674655356202678,0.03674594771639397,0.036745341986737345,0.03674473637293573,0.03674413087494648,0.03674352549285216,0.0367429202265068,0.03674231507588889,0.03674171004100664,0.036741105121729505,0.03674050031806124,0.03673989562995882,0.036739291057380705,0.036738686600288645,0.03673808225863524,0.036737478032408746,0.036736873921571975,0.03673626992601317,0.03673566604573726,0.03673506228069687,0.03673445863082577,0.036733855096104065,0.03673325167649434,0.03673264837195338,0.03673204518243865,0.03673144210790752,0.03673083914831454,0.03673023630363663,0.036729633573821203,0.03672903095882867,0.0367284284586276,0.03672782607326665,0.03672722380248936,0.036726621646368765,0.03672601960486193,0.0367254176779398,0.03672481586554274,0.036724214167638096,0.0367236125841849,0.03672301111514208,0.036722409760467055,0.03672180852012223,0.03672120739406503,0.036720606382254474,0.0367200054847091,0.036719404701310375,0.03671880403199469,0.036718203476762315,0.03671760303557244,0.036717002708384315,0.036716402495157174,0.03671580239584542,0.03671520241046585,0.03671460253887737,0.036714002781087114,0.03671340313705441,0.03671280360673314,0.036712204190093724,0.0367116048870901,0.036711005697677046,0.036710406621819576,0.03670980765947659,0.0367092088106107,0.03670861007517799,0.036708011453133446,0.036707412944441194,0.03670681454906553,0.036706216266960294,0.03670561809812716,0.03670502004245614,0.03670442209992456,0.03670382427037825,0.036703226554026865,0.03670262895069952,0.036702031460365075,0.036701434082980953,0.0367008368185041,0.03670023966689915,0.036699642628127374,0.03669904570213176,0.036698448888891684,0.036697852188356445,0.0366972556004927,0.03669665912525744,0.0366960627626077,0.036695466512668744,0.0366948703750761,0.03669427434998879,0.03669367843729634,0.0366930826369886,0.03669248694903209,0.036691891373386895,0.036691295910005695,0.03669070055889424,0.036690105319930895,0.0366895101931207,0.03668891517839348,0.0366883202756527,0.036687725485052294,0.036687130806440094,0.036686536239795765,0.036685941785016524,0.036685347442159136,0.036684753211098,0.03668415909184453,0.036683565084347086,0.03668297118855581,0.03668237740444244,0.036681783731960946,0.036681190171074934,0.036680596721745645,0.036680003383931944,0.03667941015759097,0.03667881704269165,0.036678224039184026,0.036677631147007984,0.036677038366184675,0.03667644569663731,0.03667585313818216,0.03667526069107554,0.03667466835513618,0.03667407613032032,0.036673484016600096,0.03667289201386761,0.03667230012217636,0.03667170834139306,0.036671116671599856,0.03667052511268495,0.03666993366462752,0.036669342327361264,0.03666875110093069,0.03666815998517544,0.03666756898010983,0.03666697808569521,0.03666638730184293,0.03666579662861754,0.036665206065929434,0.03666461561373633,0.03666402527198165,0.03666343504067015,0.03666284491973521,0.03666225490914104,0.036661665008851874,0.036661075218675725,0.03666048553886978,0.03665989596925484,0.03665930650978755,0.03665871716043551,0.03665812792115174,0.03665753879184752,0.036656949772590645,0.03665636086328375,0.036655772063890736,0.03665518337437463,0.036654594794697314,0.036654006324812465,0.03665341796467248,0.0366528297142787,0.036652241573567744,0.036651653542503576,0.03665106562104664,0.03665047780913907,0.0366498901067796,0.036649302513903845,0.03664871503047,0.036648127656470436,0.03664754039189523,0.036646953236621774,0.036646366190648656,0.03664577925393802,0.03664519242642139,0.03664460570811767,0.036644019098962054,0.036643432598938805,0.0366428462079607,0.036642259926015046,0.03664167375305883,0.03664108768906535,0.036640501733990395,0.03663991588782845,0.036639330150477864,0.03663874452193015,0.03663815900214956,0.03663757359113268,0.03663698828877012,0.036636403095041924,0.03663581800998328,0.036635233033468294,0.03663464816548198,0.03663406340600284,0.03663347875493327,0.03663289421234568,0.036632309778139194,0.03663172545228401,0.03663114123473568,0.03663055712547523,0.036629973124441106,0.036629389231618424,0.03662880544694404,0.03662822177038985,0.036627638201919915,0.03662705474149674,0.03662647138908203,0.03662588814464168,0.036625305008136703,0.036624721979528874,0.036624139058783395,0.03662355624586178,0.03662297354072227,0.03662239094333007,0.036621808453646806,0.03662122607163604,0.03662064379725818,0.036620061630479386,0.03661947957126016,0.03661889761956374,0.03661831577551401,0.036617734038752445,0.03661715240940161,0.036616570887424336,0.03661598947278323,0.03661540816543977,0.0366148269653589,0.036614245872500485,0.036613664886831286,0.03661308400831057,0.03661250323690355,0.03661192257257082,0.036611342015278,0.03661076156498692,0.03661018122166055,0.03660960098525926,0.03660902085574892,0.03660844083309354,0.03660786091725547,0.03660728110819493,0.036606701405875706,0.036606121810261925,0.03660554232131767,0.03660496293900426,0.036604383663283696,0.036603804494123725,0.036603225431480514,0.03660264647532389,0.03660206762561348,0.03660148888231419,0.03660091024539121,0.03660033171480272,0.03659975329051463,0.03659917497249096,0.036598596760693325,0.036598018655084226,0.036597440655627596,0.036596862762289455
4,0.027729874505945457,0.027729874505945457,0.027729874505945457,0.027729874505945457,0.027729874505945457,0.027729874505945457,0.027729874505945457,0.027729874505945457,0.027729874505945457,0.027729874505945457,0.027729874505945457,0.027729874505945457,0.027729874505945457,0.027729874505945457,0.027729874505945457,0.027729874505945457,0.027729874505945457,0.027729874505945457,0.027729874505945457,0.027729874505945457,0.027729874505945457,0.027729874505945457,0.027729874505945457,0.027729874505945457,0.027729874505945457,0.027729874505945457,0.027729874505945457,0.027729874505945457,0.027729874505945457,0.027729874505945457,0.027729874505945457,0.027729874505945457,0.027729874505945457,0.027729874505945457,0.027729874505945457,0.027729874505945457,0.027729874505945457,0.027729874505945457,0.027729874505945457,0.027729874505945457,0.027729874505945457,0.027729874505945457,0.027729874505945457,0.027729874505945457,0.027729874505945457,0.027729874505945457,0.027729874505945457,0.027729874505945457,0.027729874505945457,0.027729874505945457,0.027729874505945457,0.027729874505945457,0.027729874505945457,0.027729874505945457,0.027729874505945457,0.027729874505945457,0.027729874505945457,0.027729874505945457,0.027729874505945457,0.027729874505945457,0.027729874505945457,0.027729874505945457,0.027729874505945457,0.027729874505945457,0.027729874505945457,0.027729874505945457,0.027729874505945457,0.027729874505945457,0.027729874505945457,0.027729874505945457,0.027729874505945457,0.027729874505945457,0.027729874505945457,0.027729874505945457,0.027729874505945457,0.027729874505945457,0.027729874505945457,0.027729874505945457,0.027729874505945457,0.027729874505945457,0.027729874505945457,0.027729874505945457,0.027729874505945457,0.027729874505945457,0.027729874505945457,0.027729874505945457,0.027729874505945457,0.027729874505945457,0.027729874505945457,0.027729874505945457,0.027729874505945457,0.027729874505945457,0.027729874505945457,0.027729874505945457,0.027729874505945457,0.027729874505945457,0.027729874505945457,0.027729874505945457,0.027729874505945457,0.027729874505945457,0.027729874505945457,0.027729874505945457,0.027729874505945457,0.027729874505945457,0.027729874505945457,0.027729874505945457,0.027729874505945457,0.027729874505945457,0.027729874505945457,0.027729874505945457,0.027729874505945457,0.027729874505945457,0.027729874505945457,0.027729874505945457,0.027729874505945457,0.027729874505945457,0.027729874505945457,0.027729874505945457,0.027729874505945457,0.027729874505945457,0.027729874505945457,0.027729874505945457,0.027729874505945457,0.027729874505945457,0.027729874505945457,0.027729874505945457,0.027729874505945457,0.027729874505945457,0.027729874505945457,0.027729874505945457,0.027729874505945457,0.027729874505945457,0.027729874505945457,0.027729874505945457,0.027729874505945457,0.027729874505945457,0.027729874505945457,0.027729874505945457,0.027729874505945457,0.027729874505945457,0.027729874505945457,0.027729874505945457,0.027729874505945457,0.027729874505945457,0.027729874505945457,0.027729874505945457,0.027729874505945457,0.027729874505945457,0.027729874505945457,0.027729874505945457,0.027729874505945457,0.027729874505945457,0.027729874505945457,0.027729874505945457,0.027729874505945457,0.027729874505945457,0.027729874505945457,0.027729874505945457,0.027729874505945457,0.027729874505945457,0.027729874505945457,0.027729874505945457,0.027729874505945457,0.027729874505945457,0.027729874505945457,0.027729874505945457,0.027729874505945457,0.027729874505945457,0.027729874505945457,0.027729874505945457,0.027729874505945457,0.027729874505945457,0.027729874505945457,0.027729874505945457,0.027729874505945457,0.027729874505945457,0.027729874505945457,0.027729874505945457,0.027729874505945457,0.027729874505945457,0.027729874505945457,0.027729874505945457,0.027729874505945457,0.027729874505945457,0.027729874505945457,0.027729874505945457,0.027729874505945457,0.027729874505945457,0.027729874505945457,0.027729874505945457,0.027729874505945457,0.027729874505945457,0.027729874505945457,0.027729874505945457,0.027729874505945457,0.027729874505945457,0.027729874505945457,0.027729874505945457,0.027729874505945457,0.027729874505945457,0.027729874505945457,0.027729874505945457,0.027729874505945457,0.027729874505945457,0.027729874505945457,0.027729874505945457,0.027729874505945457,0.027729874505945457,0.027729874505945457,0.027729874505945457,0.027729874505945457,0.027729874505945457,0.027729874505945457,0.027729874505945457,0.027729874505945457,0.027729874505945457,0.027729874505945457,0.027729874505945457,0.027729874505945457,0.027729874505945457,0.027729874505945457,0.027729874505945457,0.027729874505945457,0.027729874505945457,0.027729874505945457,0.027729874505945457,0.027729874505945457,0.027729874505945457,0.027729874505945457,0.027729874505945457,0.027729874505945457,0.027729874505945457,0.027729874505945457,0.027729874505945457,0.027729874505945457,0.027729874505945457,0.027729874505945457,0.027729874505945457,0.027729874505945457,0.027729874505945457,0.027729874505945457,0.027729874505945457,0.027729874505945457,0.027729874505945457,0.027729874505945457,0.027729874505945457,0.027729874505945457,0.027729874505945457,0.027729874505945457,0.027729874505945457,0.027729874505945457,0.027729874505945457,0.027729874505945457,0.027729874505945457,0.027729874505945457,0.027729874505945457,0.027729874505945457,0.027729874505945457,0.027729874505945457,0.027729874505945457,0.027729874505945457,0.027729874505945457,0.027729874505945457,0.027729874505945457,0.027729874505945457,0.027729874505945457,0.027729874505945457,0.027729874505945457,0.027729874505945457,0.027729874505945457,0.027729874505945457,0.027729874505945457,0.027729874505945457,0.027729874505945457,0.027729874505945457,0.027729874505945457,0.027729874505945457,0.027729874505945457,0.027729874505945457,0.027729874505945457,0.027729874505945457,0.027729874505945457,0.027729874505945457,0.027729874505945457,0.027729874505945457,0.027729874505945457,0.027729874505945457,0.027729874505945457,0.027729874505945457,0.027729874505945457,0.027729874505945457,0.027729874505945457,0.027729874505945457,0.027729874505945457,0.027729874505945457,0.027729874505945457,0.027729874505945457,0.027729874505945457,0.027729874505945457,0.027729874505945457,0.027729874505945457,0.027729874505945457,0.027729874505945457,0.027729874505945457,0.027729874505945457,0.027729874505945457,0.027729874505945457,0.027729874505945457,0.027729874505945457,0.027729874505945457,0.027729874505945457,0.027729874505945457,0.027729874505945457,0.027729874505945457,0.027729874505945457,0.027729874505945457,0.027729874505945457,0.027729874505945457,0.027729874505945457,0.027729874505945457,0.027729874505945457,0.027729874505945457,0.027729874505945457,0.027729874505945457,0.027729874505945457,0.027729874505945457,0.027729874505945457,0.027729874505945457,0.027729874505945457,0.027729874505945457,0.027729874505945457,0.027729874505945457,0.027729874505945457,0.027729874505945457,0.027729874505945457,0.027729874505945457,0.027729874505945457,0.027729874505945457,0.027729874505945457,0.027729874505945457,0.027729874505945457,0.027729874505945457,0.027729874505945457,0.027729874505945457,0.027729874505945457,0.027729874505945457,0.027729874505945457,0.027729874505945457,0.027729874505945457,0.027729874505945457,0.027729874505945457,0.027729874505945457,0.027729874505945457,0.027729874505945457,0.027729874505945457,0.027729874505945457,0.027729874505945457,0.027729874505945457,0.027729874505945457,0.027729874505945457,0.027729874505945457,0.027729874505945457,0.027729874505945457,0.027729874505945457,0.027729874505945457,0.027729874505945457,0.027729874505945457,0.027729874505945457,0.027729874505945457,0.027729874505945457,0.027729874505945457,0.027729874505945457,0.027729874505945457,0.027729874505945457,0.027729874505945457,0.027729874505945457,0.027729874505945457,0.027729874505945457,0.027729874505945457,0.027729874505945457,0.027729874505945457,0.027729874505945457,0.027729874505945457,0.027729874505945457,0.027729874505945457,0.027729874505945457,0.027729874505945457,0.027729874505945457,0.027729874505945457,0.027729874505945457,0.027729874505945457,0.027729874505945457,0.027729874505945457,0.027729874505945457,0.027729874505945457,0.027729874505945457,0.027729874505945457,0.027729874505945457,0.027729874505945457,0.027729874505945457,0.027729874505945457,0.027729874505945457,0.027729874505945457,0.027729874505945457,0.027729874505945457,0.027729874505945457,0.027729874505945457,0.027729874505945457,0.027729874505945457,0.027729874505945457,0.027729874505945457,0.027729874505945457,0.027729874505945457,0.027729874505945457,0.027729874505945457,0.027729874505945457,0.027729874505945457,0.027729874505945457,0.027729874505945457,0.027729874505945457,0.027729874505945457,0.027729874505945457,0.027729874505945457,0.027729874505945457,0.027729874505945457,0.027729874505945457,0.027729874505945457,0.027729874505945457,0.027729874505945457,0.027729874505945457,0.027729874505945457,0.027729874505945457,0.027729874505945457,0.027729874505945457,0.027729874505945457,0.027729874505945457,0.027729874505945457,0.027729874505945457,0.027729874505945457,0.027729874505945457,0.027729874505945457,0.027729874505945457,0.027729874505945457,0.027729874505945457,0.027729874505945457,0.027729874505945457,0.027729874505945457,0.027729874505945457,0.027729874505945457,0.027729874505945457,0.027729874505945457,0.027729874505945457,0.027729874505945457,0.027729874505945457,0.027729874505945457,0.027729874505945457,0.027729874505945457,0.027729874505945457,0.027729874505945457,0.027729874505945457,0.027729874505945457,0.027729874505945457,0.027729874505945457,0.027729874505945457,0.027729874505945457,0.027729874505945457,0.027729874505945457,0.027729874505945457,0.027729874505945457,0.027729874505945457,0.027729874505945457,0.027729874505945457,0.027729874505945457,0.027729874505945457,0.027729874505945457,0.027729874505945457,0.027729874505945457,0.027729874505945457,0.027729874505945457,0.027729874505945457,0.027729874505945457,0.027729874505945457,0.027729874505945457,0.027729874505945457,0.027729874505945457,0.027729874505945457,0.027729874505945457,0.027729874505945457,0.027729874505945457,0.027729874505945457,0.027729874505945457,0.027729874505945457,0.027729874505945457,0.027729874505945457,0.027729874505945457,0.027729874505945457,0.027729874505945457,0.027729874505945457,0.027729874505945457,0.027729874505945457,0.027729874505945457,0.027729874505945457,0.027729874505945457,0.027729874505945457,0.027729874505945457,0.027729874505945457,0.027729874505945457,0.027729874505945457,0.027729874505945457,0.027729874505945457,0.027729874505945457,0.027729874505945457,0.027729874505945457,0.027729874505945457,0.027729874505945457,0.027729874505945457,0.027729874505945457,0.027729874505945457,0.027729874505945457,0.027729874505945457,0.027729874505945457,0.027729874505945457,0.027729874505945457,0.027729874505945457,0.027729874505945457,0.027729874505945457,0.027729874505945457,0.027729874505945457,0.027729874505945457,0.027729874505945457,0.027729874505945457,0.027729874505945457,0.027729874505945457,0.027729874505945457,0.027729874505945457,0.027729874505945457,0.027729874505945457,0.027729874505945457,0.027729874505945457,0.027729874505945457,0.027729874505945457,0.027729874505945457,0.027729874505945457,0.027729874505945457,0.027729874505945457,0.027729874505945457,0.027729874505945457,0.027729874505945457,0.027729874505945457,0.027729874505945457,0.027729874505945457,0.027729874505945457,0.027729874505945457,0.027729874505945457,0.027729874505945457,0.027729874505945457,0.027729874505945457,0.027729874505945457,0.027729874505945457,0.027729874505945457,0.027729874505945457,0.027729874505945457,0.027729874505945457,0.027729874505945457,0.027729874505945457,0.027729874505945457,0.027729874505945457,0.027729874505945457,0.027729874505945457,0.027729874505945457,0.027729874505945457,0.027729874505945457,0.027729874505945457,0.027729874505945457,0.027729874505945457,0.027729874505945457,0.027729874505945457,0.027729874505945457,0.027729874505945457,0.027729874505945457,0.027729874505945457,0.027729874505945457,0.027729874505945457,0.027729874505945457,0.027729874505945457,0.027729874505945457,0.027729874505945457,0.027729874505945457,0.027729874505945457,0.027729874505945457,0.027729874505945457,0.027729874505945457,0.027729874505945457,0.027729874505945457,0.027729874505945457,0.027729874505945457,0.027729874505945457,0.027729874505945457,0.027729874505945457,0.027729874505945457,0.027729874505945457,0.027729874505945457,0.027729874505945457,0.027729874505945457,0.027729874505945457,0.027729874505945457,0.027729874505945457,0.027729874505945457,0.027729874505945457,0.027729874505945457,0.027729874505945457,0.027729874505945457,0.027729874505945457,0.027729874505945457,0.027729874505945457,0.027729874505945457,0.027729874505945457,0.027729874505945457,0.027729874505945457,0.027729874505945457,0.027729874505945457,0.027729874505945457,0.027729874505945457,0.027729874505945457,0.027729874505945457,0.027729874505945457,0.027729874505945457,0.027729874505945457,0.027729874505945457,0.027729874505945457,0.027729874505945457,0.027729874505945457,0.027729874505945457,0.027729874505945457,0.027729874505945457,0.027729874505945457,0.027729874505945457,0.027729874505945457,0.027729874505945457,0.027729874505945457,0.027729874505945457,0.027729874505945457,0.027729874505945457,0.027729874505945457,0.027729874505945457,0.027729874505945457,0.027729874505945457,0.027729874505945457,0.027729874505945457,0.027729874505945457,0.027729874505945457,0.027729874505945457,0.027729874505945457,0.027729874505945457,0.027729874505945457,0.027729874505945457,0.027729874505945457,0.027729874505945457,0.027729874505945457,0.027729874505945457,0.027729874505945457,0.027729874505945457,0.027729874505945457,0.027729874505945457,0.027729874505945457,0.027729874505945457,0.027729874505945457,0.027729874505945457,0.027729874505945457,0.027729874505945457,0.027729874505945457,0.027729874505945457,0.027729874505945457,0.027729874505945457,0.027729874505945457,0.027729874505945457,0.027729874505945457,0.027729874505945457,0.027729874505945457,0.027729874505945457,0.027729874505945457,0.027729874505945457,0.027729874505945457,0.027729874505945457,0.027729874505945457,0.027729874505945457,0.027729874505945457,0.027729874505945457,0.027729874505945457,0.027729874505945457,0.027729874505945457,0.027729874505945457,0.027729874505945457,0.027729874505945457,0.027729874505945457,0.027729874505945457,0.027729874505945457,0.027729874505945457,0.027729874505945457,0.027729874505945457,0.027729874505945457,0.027729874505945457,0.027729874505945457,0.027729874505945457,0.027729874505945457,0.027729874505945457,0.027729874505945457,0.027729874505945457,0.027729874505945457,0.027729874505945457,0.027729874505945457,0.027729874505945457,0.027729874505945457,0.027729874505945457,0.027729874505945457,0.027729874505945457,0.027729874505945457,0.027729874505945457,0.027729874505945457,0.027729874505945457,0.027729874505945457,0.027729874505945457,0.027729874505945457,0.027729874505945457,0.027729874505945457,0.027729874505945457,0.027729874505945457,0.027729874505945457,0.027729874505945457,0.027729874505945457,0.027729874505945457,0.027729874505945457,0.027729874505945457,0.027729874505945457,0.027729874505945457,0.027729874505945457,0.027729874505945457,0.027729874505945457,0.027729874505945457,0.027729874505945457,0.027729874505945457,0.027729874505945457,0.027729874505945457,0.027729874505945457,0.027729874505945457,0.027729874505945457,0.027729874505945457,0.027729874505945457,0.027729874505945457,0.027729874505945457,0.027729874505945457,0.027729874505945457,0.027729874505945457,0.027729874505945457,0.027729874505945457,0.027729874505945457,0.027729874505945457,0.027729874505945457,0.027729874505945457,0.027729874505945457,0.027729874505945457,0.027729874505945457,0.027729874505945457,0.027729874505945457,0.027729874505945457,0.027729874505945457,0.027729874505945457,0.027729874505945457,0.027729874505945457,0.027729874505945457,0.027729874505945457,0.027729874505945457,0.027729874505945457,0.027729874505945457,0.027729874505945457,0.027729874505945457,0.027729874505945457,0.027729874505945457,0.027729874505945457,0.027729874505945457,0.027729874505945457,0.027729874505945457,0.027729874505945457,0.027729874505945457,0.027729874505945457,0.027729874505945457,0.027729874505945457,0.027729874505945457,0.027729874505945457,0.027729874505945457,0.027729874505945457,0.027729874505945457,0.027729874505945457,0.027729874505945457,0.027729874505945457,0.027729874505945457,0.027729874505945457,0.027729874505945457,0.027729874505945457,0.027729874505945457,0.027729874505945457,0.027729874505945457,0.027729874505945457,0.027729874505945457,0.027729874505945457,0.027729874505945457,0.027729874505945457,0.027729874505945457,0.027729874505945457,0.027729874505945457,0.027729874505945457,0.027729874505945457,0.027729874505945457,0.027729874505945457,0.027729874505945457,0.027729874505945457,0.027729874505945457,0.027729874505945457,0.027729874505945457,0.027729874505945457,0.027729874505945457,0.027729874505945457,0.027729874505945457,0.027729874505945457,0.027729874505945457,0.027729874505945457,0.027729874505945457,0.027729874505945457,0.027729874505945457,0.027729874505945457,0.027729874505945457,0.027729874505945457,0.027729874505945457,0.027729874505945457,0.027729874505945457,0.027729874505945457,0.027729874505945457,0.027729874505945457,0.027729874505945457,0.027729874505945457,0.027729874505945457,0.027729874505945457,0.027729874505945457,0.027729874505945457,0.027729874505945457,0.027729874505945457,0.027729874505945457,0.027729874505945457,0.027729874505945457,0.027729874505945457,0.027729874505945457,0.027729874505945457,0.027729874505945457,0.027729874505945457,0.027729874505945457,0.027729874505945457,0.027729874505945457,0.027729874505945457,0.027729874505945457,0.027729874505945457,0.027729874505945457,0.027729874505945457,0.027729874505945457,0.027729874505945457,0.027729874505945457,0.027729874505945457,0.027729874505945457,0.027729874505945457,0.027729874505945457,0.027729874505945457,0.027729874505945457,0.027729874505945457,0.027729874505945457,0.027729874505945457,0.027729874505945457,0.027729874505945457,0.027729874505945457,0.027729874505945457,0.027729874505945457,0.027729874505945457,0.027729874505945457,0.027729874505945457,0.027729874505945457,0.027729874505945457,0.027729874505945457,0.027729874505945457,0.027729874505945457,0.027729874505945457,0.027729874505945457,0.027729874505945457,0.027729874505945457,0.027729874505945457,0.027729874505945457,0.027729874505945457,0.027729874505945457,0.027729874505945457,0.027729874505945457,0.027729874505945457,0.027729874505945457,0.027729874505945457,0.027729874505945457,0.027729874505945457,0.027729874505945457,0.027729874505945457,0.027729874505945457,0.027729874505945457,0.027729874505945457,0.027729874505945457,0.027729874505945457,0.027729874505945457,0.027729874505945457,0.027729874505945457,0.027729874505945457,0.027729874505945457,0.027729874505945457,0.027729874505945457,0.027729874505945457,0.027729874505945457,0.027729874505945457,0.027729874505945457,0.027729874505945457,0.027729874505945457,0.027729874505945457,0.027729874505945457,0.027729874505945457,0.027729874505945457,0.027729874505945457,0.027729874505945457,0.027729874505945457,0.027729874505945457,0.027729874505945457,0.027729874505945457,0.027729874505945457,0.027729874505945457,0.027729874505945457,0.027729874505945457,0.027729874505945457,0.027729874505945457,0.027729874505945457,0.027729874505945457,0.027729874505945457,0.027729874505945457,0.027729874505945457,0.027729874505945457,0.027729874505945457,0.027729874505945457,0.027729874505945457,0.027729874505945457,0.027729874505945457,0.027729874505945457,0.027729874505945457,0.027729874505945457,0.027729874505945457,0.027729874505945457,0.027729874505945457,0.027729874505945457,0.027729874505945457,0.027729874505945457,0.027729874505945457,0.027729874505945457,0.027729874505945457,0.027729874505945457,0.027729874505945457,0.027729874505945457,0.027729874505945457,0.027729874505945457,0.027729874505945457,0.027729874505945457,0.027729874505945457,0.027729874505945457,0.027729874505945457,0.027729874505945457,0.027729874505945457,0.027729874505945457,0.027729874505945457,0.027729874505945457,0.027729874505945457,0.027729874505945457,0.027729874505945457,0.027729874505945457,0.027729874505945457,0.027729874505945457,0.027729874505945457,0.027729874505945457,0.027729874505945457,0.027729874505945457,0.027729874505945457,0.027729874505945457,0.027729874505945457,0.027729874505945457,0.027729874505945457,0.027729874505945457,0.027729874505945457,0.027729874505945457,0.027729874505945457,0.027729874505945457,0.027729874505945457,0.027729874505945457,0.027729874505945457,0.027729874505945457,0.027714722627556462,0.02769929874452229,0.027683593940195927,0.02766759880020916,0.027651303401775833,0.02763469729424375,0.02761776947283802,0.02760050834678371,0.02758290170246563,0.027564936661919857,0.027546599636696426,0.027527876276946917,0.027508751415439466,0.027489209006089116,0.027469232056469593,0.027448802553686886,0.027427901382865508,0.027406508237392813,0.027384601519932623,0.02736215823306876,0.027339153858272326,0.02731556222168338,0.027291355344966687,0.027266503279229866,0.02724097391966695,0.027214732798210746,0.02718774285102147,0.02715996415709776,0.027131353643651844,0.0271018647530856,0.02707144706549644,0.027040045869457765,0.027007601672437386,0.02697404964049137,0.026939318954774843,0.026903332069756248,0.026866003854800622,0.026827240596678667,0.026786938835410768,0.026744983999322573,0.02670124879684679,0.02665559131184175,0.026607852735270717,0.02655785464784195,0.02650539574414084,0.02645024785673738,0.026392151095588585,0.026330807859397308,0.02626587539482376,0.026196956466939925,0.026123587545433823,0.02604522368343049,0.025961218934433306,0.025870800662281288,0.02577303535886401,0.025666782444800355,0.025550630734136055,0.025422809349213926,0.025281060073220406,0.025122449934537935,0.02494308836719383,0.02482816265686292,0.02482816265686278,0.024828162656862024,0.024604053928459706,0.024340689716694407,0.024024531751664177,0.02363471502046293,0.02313759781335907,0.022476776082753922,0.021557919816092792,0.020247772711758642,0.018467715492960224,0.017302498141436584,0.017302498141435627,0.017302498141434326,0.01730249814143289,0.01730249814143132,0.0173024981414296,0.01730249814142768,0.017302498141425524,0.01730249814142308,0.017302498141420222,0.017302498141410633,0.017302498141401043,0.017302498141383894,0.01512873009252398,0.013049804582970451,0.011190407057193494,0.009578822954247761,0.008199132469939476,0.007021196686840374,0.00601405304799367,0.00515137839874376,0.004413131915352547,0.0037833591224837267,0.0032467683794962497,0.00278903044660376,0.0023978026861593816,0.002062821373083394,0.0017756133314240435,0.001529184375723746,0.0013178190012469212,0.001137516603897397,0.0011375145690899146,0.0011375129687694802,0.0011375115135327715,0.0011375101312314393,0.0011375087981473572,0.0011375075026444725,0.0011375062373745457,0.001137504997155385,0.0011375037781364947,0.0011375025773644601,0.0011375013925211174,0.0011375002217535834,0.001137499063558646,0.0011374979167013619,0.0011374967801561426,0.0011374956530631301,0.0011374945346952741,0.0011374934244330723,0.001137492321744921,0.0011374912261716396,0.0011374901373141513,0.0011374890548235875,0.0011374879783932717,0.0011374869077521717,0.0011374858426595237,0.001137484782900387,0.0011374837282819468,0.0011374826786304283,0.0011374816337885014,0.0011374805936130983,0.0011374795579735628,0.0011374785267500766,0.001137477499832322,0.0011374764771183337,0.0011374754585135138,0.0011374744439297854,0.0011374734332848615,0.00113747242650161,0.0011374714235075055,0.001137470424234152,0.0011374694286168591,0.0011374684365942852,0.0011374674481081112,0.001137466463102761,0.0011374654815251542,0.0011374645033244855,0.001137463528452033,0.0011374625568609858,0.0011374615885062895,0.0011374606233445126,0.0011374596613337236,0.0011374587024333839,0.0011374577466042493,0.0011374567938082806,0.0011374558440085697,0.0011374548971692638,0.0011374539532555041,0.0011374530122333637,0.0011374520740698015,0.0011374511387326049,0.0011374502061903542,0.0011374492764123776,0.0011374483493687146,0.0011374474250300847,0.001137446503367853,0.0011374455843540037,0.001137444667961115,0.0011374437541623282,0.0011374428429313324,0.0011374419342423394,0.0011374410280700646,0.0011374401243897077,0.001137439223176936,0.00113743832440787,0.0011374374280590659,0.0011374365341075016,0.0011374356425305637,0.0011374347533060355,0.0011374338664120835,0.0011374329818272474,0.0011374320995304278,0.0011374312195008775,0.0011374303417181909,0.0011374294661622949,0.0011374285928134396,0.00113742772165219,0.0011374268526594194,0.0011374259858162998,0.0011374251211042935,0.00113742425850515,0.0011374233980008953,0.001137422539573826,0.0011374216832065055,0.0011374208288817546,0.0011374199765826468,0.0011374191262925049,0.0011374182779948915,0.001137417431673607,0.001137416587312682,0.0011374157448963745,0.0011374149044091647,0.0011374140658357485,0.0011374132291610355,0.0011374123943701424,0.0011374115614483904,0.0011374107303813003,0.0011374099011545896,0.0011374090737541669,0.0011374082481661301,0.0011374074243767599,0.0011374066023725198,0.0011374057821400504,0.001137404963666165,0.0011374041469378504,0.0011374033319422583,0.001137402518666708,0.0011374017070986775,0.0011374008972258047,0.001137400089035884,0.0011373992825168603,0.0011373984776568314,0.001137397674444041,0.0011373968728668772,0.0011373960729138721,0.0011373952745736963,0.0011373944778351583,0.0011373936826872015,0.0011373928891189003,0.0011373920971194632,0.0011373913066782234,0.0011373905177846418,0.0011373897304283028,0.001137388944598913,0.0011373881602862973,0.0011373873774803997,0.001137386596171281,0.0011373858163491143,0.001137385038004185,0.0011373842611268892,0.0011373834857077313,0.0011373827117373229,0.0011373819392063794,0.0011373811681057214,0.00113738039842627,0.001137379630159047,0.0011373788632951724,0.0011373780978258632,0.0011373773337424319,0.0011373765710362865,0.0011373758096989246,0.001137375049721938,0.0011373742910970063,0.0011373735338158987,0.0011373727778704714,0.0011373720232526652,0.0011373712699545074,0.0011373705179681065,0.0011373697672856541,0.0011373690178994233,0.0011373682698017653,0.00113736752298511,0.001137366777441966,0.0011373660331649162,0.0011373652901466203,0.0011373645483798108,0.0011373638078572932,0.0011373630685719458,0.0011373623305167171,0.0011373615936846257,0.0011373608580687586,0.0011373601236622723,0.0011373593904583877,0.0011373586584503938,0.0011373579276316437,0.0011373571979955558,0.0011373564695356115,0.001137355742245353,0.0011373550161183866,0.0011373542911483781,0.0011373535673290531,0.0011373528446541972,0.0011373521231176538,0.001137351402713324,0.0011373506834351655,0.001137349965277193,0.001137349248233474,0.0011373485322981355,0.001137347817465353,0.0011373471037293575,0.0011373463910844344,0.0011373456795249171,0.0011373449690451932,0.0011373442596396993,0.001137343551302922,0.0011373428440293975,0.0011373421378137107,0.001137341432650494,0.0011373407285344274,0.0011373400254602378,0.0011373393234226973,0.0011373386224166249,0.0011373379224368842,0.0011373372234783834,0.0011373365255360742,0.0011373358286049517,0.0011373351326800546,0.001137334437756463,0.0011373337438293002,0.0011373330508937286,0.0011373323589449534,0.0011373316679782184,0.0011373309779888104,0.0011373302889720522,0.0011373296009233055,0.0011373289138379738,0.0011373282277114957,0.001137327542539348,0.0011373268583170447,0.0011373261750401366,0.0011373254927042106,0.0011373248113048893,0.0011373241308378313,0.001137323451298729,0.0011373227726833106,0.0011373220949873377,0.0011373214182066056,0.0011373207423369446,0.0011373200673742158,0.001137319393314315,0.001137318720153169,0.0011373180478867367,0.0011373173765110087,0.0011373167060220073,0.001137316036415785,0.0011373153676884247,0.0011373146998360417,0.0011373140328547764,0.0011373133667408042,0.001137312701490327,0.0011373120370995744,0.0011373113735648076,0.0011373107108823138,0.0011373100490484097,0.0011373093880594374,0.0011373087279117693,0.0011373080686018027,0.001137307410125963,0.001137306752480701,0.0011373060956624947,0.0011373054396678472,0.0011373047844932883,0.001137304130135372,0.0011373034765906785,0.0011373028238558125,0.0011373021719274041,0.0011373015208021053,0.0011373008704765948,0.001137300220947575,0.0011372995722117693,0.0011372989242659282,0.001137298277106823,0.0011372976307312483,0.0011372969851360208,0.0011372963403179818,0.0011372956962739926,0.0011372950530009372,0.0011372944104957221,0.0011372937687552742,0.0011372931277765423,0.0011372924875564976,0.0011372918480921292,0.0011372912093804497,0.001137290571418491,0.0011372899342033057,0.0011372892977319657,0.0011372886620015644,0.001137288027009214,0.0011372873927520462,0.0011372867592272119,0.0011372861264318807,0.0011372854943632426,0.001137284863018506,0.0011372842323948969,0.00113728360248966,0.0011372829733000606,0.0011372823448233787,0.0011372817170569138,0.001137281089997983,0.0011372804636439217,0.0011372798379920813,0.001137279213039832,0.0011372785887845595,0.0011372779652236678,0.0011372773423545762,0.0011372767201747237,0.0011372760986815625,0.0011372754778725628,0.0011372748577452084,0.0011372742382970038,0.0011372736195254648,0.0011372730014281268,0.0011372723840025372,0.0011372717672462618,0.00113727115115688,0.0011372705357319869,0.001137269920969192,0.0011372693068661215,0.0011372686934204143,0.001137268080629725,0.001137267468491723,0.0011372668570040912,0.0011372662461645278,0.0011372656359707439,0.0011372650264204654,0.001137264417511432,0.0011372638092413969,0.0011372632016081274,0.001137262594609405,0.0011372619882430218,0.0011372613825067857,0.0011372607773985181,0.0011372601729160517,0.0011372595690572335,0.0011372589658199227,0.001137258363201991,0.0011372577612013234,0.0011372571598158173,0.0011372565590433818,0.0011372559588819393,0.0011372553593294238,0.0011372547603837823,0.0011372541620429714,0.001137253564304963,0.0011372529671677377,0.0011372523706292903,0.0011372517746876256,0.0011372511793407607,0.0011372505845867232,0.0011372499904235538,0.0011372493968493022,0.0011372488038620303,0.0011372482114598117,0.0011372476196407297,0.00113724702840288,0.0011372464377443676,0.0011372458476633087,0.0011372452581578307,0.0011372446692260708,0.0011372440808661763,0.001137243493076306,0.0011372429058546286,0.0011372423191993223,0.0011372417331085756,0.0011372411475805886,0.0011372405626135689,0.0011372399782057356,0.0011372393943553164,0.0011372388110605508,0.001137238228319686,0.0011372376461309794,0.001137237064492697,0.0011372364834031162,0.0011372359028605221,0.0011372353228632096,0.0011372347434094828,0.0011372341644976562,0.0011372335861260493,0.0011372330082929957,0.0011372324309968347,0.0011372318542359169,0.0011372312780085973,0.0011372307023132444,0.0011372301271482333,0.001137229552511947,0.0011372289784027784,0.0011372284048191288,0.0011372278317594063,0.0011372272592220297,0.0011372266872054233,0.0011372261157080218,0.0011372255447282674,0.0011372249742646102,0.0011372244043155086,0.0011372238348794288,0.0011372232659548444,0.001137222697540239,0.0011372221296340997,0.0011372215622349265,0.0011372209953412235,0.0011372204289515036,0.0011372198630642874,0.0011372192976781016,0.0011372187327914833,0.0011372181684029745,0.0011372176045111259,0.0011372170411144942,0.001137216478211644,0.0011372159158011474,0.0011372153538815831,0.001137214792451538,0.0011372142315096046,0.0011372136710543824,0.00113721311108448,0.00113721255159851,0.001137211992595094,0.0011372114340728592,0.00113721087603044,0.0011372103184664774,0.0011372097613796194,0.0011372092047685202,0.0011372086486318397,0.001137208092968247,0.0011372075377764147,0.0011372069830550234,0.0011372064288027598,0.0011372058750183172,0.0011372053217003934,0.0011372047688476962,0.0011372042164589358,0.0011372036645328303,0.0011372031130681042,0.001137202562063487,0.0011372020115177157,0.0011372014614295313,0.0011372009117976828,0.001137200362620924,0.0011371998138980145,0.00113719926562772,0.0011371987178088122,0.0011371981704400688,0.0011371976235202727,0.0011371970770482122,0.0011371965310226816,0.0011371959854424812,0.0011371954403064167,0.0011371948956132984,0.0011371943513619432,0.0011371938075511736,0.0011371932641798161,0.0011371927212467047,0.0011371921787506763,0.0011371916366905753,0.0011371910950652504,0.0011371905538735553,0.0011371900131143494,0.001137189472786497,0.001137188932888868,0.0011371883934203362,0.0011371878543797829,0.0011371873157660912,0.0011371867775781526,0.0011371862398148606,0.0011371857024751156,0.0011371851655578222,0.0011371846290618897,0.0011371840929862331,0.0011371835573297717,0.0011371830220914293,0.0011371824872701342,0.0011371819528648206,0.0011371814188744268,0.0011371808852978953,0.0011371803521341743,0.0011371798193822154,0.0011371792870409755,0.0011371787551094168,0.0011371782235865043,0.001137177692471209,0.0011371771617625047,0.001137176631459372,0.0011371761015607938,0.0011371755720657596,0.00113717504297326,0.0011371745142822927,0.0011371739859918591,0.0011371734581009647,0.001137172930608619,0.0011371724035138353,0.0011371718768156329,0.0011371713505130337,0.0011371708246050633,0.0011371702990907535,0.0011371697739691385,0.0011371692492392574,0.0011371687249001527,0.0011371682009508719,0.0011371676773904655,0.0011371671542179881,0.0011371666314324996,0.0011371661090330612,0.0011371655870187406,0.0011371650653886085,0.0011371645441417386,0.0011371640232772098,0.0011371635027941046,0.0011371629826915082,0.0011371624629685111,0.0011371619436242053,0.00113716142465769,0.0011371609060680645,0.001137160387854434,0.0011371598700159068,0.0011371593525515947,0.0011371588354606131,0.0011371583187420814,0.0011371578023951219,0.0011371572864188615,0.00113715677081243,0.00113715625557496,0.0011371557407055886,0.0011371552262034565,0.0011371547120677067,0.0011371541982974874,0.0011371536848919488,0.001137153171850245,0.0011371526591715338,0.001137152146854975,0.0011371516348997336,0.0011371511233049761,0.0011371506120698744,0.0011371501011936019,0.0011371495906753362,0.0011371490805142579,0.0011371485707095505,0.0011371480612604008,0.0011371475521659996,0.0011371470434255397,0.0011371465350382178,0.001137146027003234,0.0011371455193197907,0.0011371450119870936,0.0011371445050043522,0.0011371439983707788,0.0011371434920855875,0.0011371429861479973,0.0011371424805572295,0.0011371419753125076,0.0011371414704130591,0.0011371409658581142,0.0011371404616469058,0.0011371399577786707,0.001137139454252647,0.001137138951068077,0.0011371384482242051,0.001137137945720279,0.00113713744355555,0.0011371369417292705,0.0011371364402406972,0.0011371359390890887,0.0011371354382737073,0.001137134937793817,0.0011371344376486859,0.0011371339378375837,0.0011371334383597827,0.0011371329392145595,0.001137132440401192,0.0011371319419189601,0.0011371314437671493,0.001137130945945045,0.0011371304484519356,0.0011371299512871135,0.001137129454449873,0.0011371289579395103,0.0011371284617553257,0.0011371279658966209,0.0011371274703626997,0.0011371269751528704,0.0011371264802664419,0.0011371259857027275,0.0011371254914610404,0.001137124997540699,0.0011371245039410228,0.001137124010661334,0.0011371235177009566,0.0011371230250592195,0.0011371225327354505,0.001137122040728982,0.0011371215490391493,0.0011371210576652882,0.0011371205666067382,0.001137120075862841,0.0011371195854329409,0.0011371190953163833,0.001137118605512517,0.0011371181160206945,0.0011371176268402672,0.001137117137970592,0.0011371166494110263,0.00113711616116093,0.0011371156732196653,0.001137115185586598,0.0011371146982610935,0.0011371142112425227,0.001137113724530256,0.0011371132381236672,0.001137112752022132,0.0011371122662250288,0.0011371117807317376,0.0011371112955416405,0.0011371108106541226,0.00113711032606857,0.0011371098417843717,0.001137109357800919,0.0011371088741176042,0.0011371083907338235,0.0011371079076489738,0.0011371074248624536,0.0011371069423736651,0.0011371064601820118,0.0011371059782868986,0.001137105496687734,0.0011371050153839272,0.0011371045343748897,0.0011371040536600349,0.001137103573238779,0.0011371030931105388,0.0011371026132747355,0.0011371021337307895,0.0011371016544781249,0.0011371011755161664,0.0011371006968443431,0.0011371002184620827,0.0011370997403688174,0.0011370992625639807,0.0011370987850470075,0.001137098307817334,0.0011370978308744006,0.0011370973542176473,0.0011370968778465175,0.0011370964017604547,0.0011370959259589062,0.0011370954504413208,0.0011370949752071474,0.0011370945002558384,0.001137094025586848,0.001137093551199631,0.0011370930770936457,0.0011370926032683508,0.0011370921297232074,0.001137091656457678,0.0011370911834712274,0.0011370907107633216,0.0011370902383334293,0.0011370897661810199,0.0011370892943055638,0.001137088822706536,0.0011370883513834107,0.0011370878803356646,0.001137087409562776,0.0011370869390642262,0.0011370864688394946,0.0011370859988880661,0.0011370855292094269,0.0011370850598030617,0.0011370845906684601,0.001137084121805112,0.0011370836532125094,0.0011370831848901447,0.0011370827168375138,0.0011370822490541135,0.0011370817815394417,0.001137081314292998,0.0011370808473142838,0.0011370803806028027,0.001137079914158059,0.001137079447979559,0.00113707898206681,0.0011370785164193222,0.0011370780510366056,0.0011370775859181734,0.001137077121063539,0.0011370766564722183,0.001137076192143728,0.0011370757280775867,0.0011370752642733148,0.0011370748007304339,0.0011370743374484666,0.001137073874426937,0.0011370734116653727,0.0011370729491633005,0.0011370724869202494,0.0011370720249357488,0.0011370715632093324,0.0011370711017405328,0.001137070640528885,0.0011370701795739245,0.0011370697188751902,0.0011370692584322206,0.0011370687982445568,0.00113706833831174,0.0011370678786333135,0.0011370674192088233,0.0011370669600378144,0.0011370665011198352,0.0011370660424544342,0.0011370655840411614,0.0011370651258795696,0.001137064667969211,0.0011370642103096405,0.0011370637529004135,0.0011370632957410872,0.001137062838831221,0.0011370623821703736,0.0011370619257581069,0.0011370614695939826,0.0011370610136775656,0.0011370605580084201,0.001137060102586113,0.0011370596474102122,0.0011370591924802869,0.0011370587377959062,0.0011370582833566429,0.00113705782916207,0.0011370573752117607,0.0011370569215052916,0.0011370564680422382,0.0011370560148221797,0.0011370555618446941,0.0011370551091093627,0.0011370546566157678,0.0011370542043634912,0.0011370537523521173,0.0011370533005812323,0.0011370528490504221,0.001137052397759275,0.0011370519467073798,0.0011370514958943267,0.0011370510453197077,0.0011370505949831148,0.0011370501448841424,0.0011370496950223851,0.0011370492453974398,0.0011370487960089039,0.0011370483468563753,0.0011370478979394545,0.0011370474492577417,0.00113704700081084,0.0011370465525983517,0.0011370461046198818,0.001137045656875036,0.0011370452093634204,0.001137044762084643,0.0011370443150383125,0.00113704386822404,0.0011370434216414356,0.001137042975290112,0.0011370425291696825,0.0011370420832797618,0.0011370416376199654,0.0011370411921899103,0.0011370407469892144,0.0011370403020174963,0.001137039857274376,0.0011370394127594747,0.0011370389684724144,0.0011370385244128182,0.0011370380805803112,0.0011370376369745174,0.0011370371935950651,0.0011370367504415799,0.001137036307513691,0.0011370358648110288,0.001137035422333223,0.0011370349800799053,0.0011370345380507085,0.001137034096245267,0.0011370336546632147,0.001137033213304187,0.0011370327721678221,0.001137032331253757,0.0011370318905616296,0.0011370314500910815,0.0011370310098417521,0.001137030569813284,0.0011370301300053197,0.0011370296904175024,0.0011370292510494784,0.0011370288119008913,0.0011370283729713899,0.001137027934260621,0.0011370274957682336,0.0011370270574938765,0.0011370266194372016,0.0011370261815978593,0.0011370257439755028,0.001137025306569785,0.0011370248693803615,0.0011370244324068863,0.001137023995649016,0.0011370235591064088,0.0011370231227787215,0.001137022686665615,0.0011370222507667473,0.001137021815081781,0.001137021379610377,0.0011370209443521985,0.0011370205093069086,0.0011370200744741724,0.001137019639853656,0.0011370192054450245,0.0011370187712479462,0.001137018337262089,0.0011370179034871219,0.001137017469922715,0.0011370170365685394,0.0011370166034242665,0.0011370161704895689,0.0011370157377641199,0.001137015305247595,0.0011370148729396682,0.001137014440840016,0.0011370140089483156,0.0011370135772642443,0.0011370131457874818,0.0011370127145177062,0.0011370122834545992,0.0011370118525978416,0.0011370114219471145,0.0011370109915021026,0.0011370105612624876,0.0011370101312279562,0.0011370097013981917,0.0011370092717728822,0.0011370088423517135,0.0011370084131343736,0.0011370079841205513,0.0011370075553099365,0.0011370071267022192,0.0011370066982970906,0.0011370062700942426,0.0011370058420933674,0.0011370054142941595,0.0011370049866963126,0.0011370045592995217,0.001137004132103483,0.0011370037051078937,0.0011370032783124496,0.001137002851716851,0.001137002425320795,0.001137001999123983,0.0011370015731261144,0.001137001147326892,0.0011370007217260162,0.0011370002963231908,0.0011369998711181191,0.0011369994461105063,0.0011369990213000564,0.0011369985966864762,0.0011369981722694714,0.0011369977480487504,0.001136997324024021,0.0011369969001949918,0.0011369964765613723,0.001136996053122874,0.0011369956298792072,0.0011369952068300837,0.0011369947839752158,0.0011369943613143176,0.0011369939388471023,0.0011369935165732854,0.0011369930944925815,0.0011369926726047073,0.0011369922509093795,0.001136991829406316,0.0011369914080952346,0.001136990986975855,0.001136990566047896,0.001136990145311079,0.0011369897247651244,0.001136989304409754,0.001136988884244691,0.001136988464269658,0.0011369880444843787,0.001136987624888578,0.0011369872054819812,0.001136986786264314,0.001136986367235303,0.001136985948394676,0.0011369855297421602,0.0011369851112774847,0.0011369846930003782,0.0011369842749105721,0.0011369838570077957,0.0011369834392917807,0.0011369830217622591,0.001136982604418963,0.0011369821872616265,0.0011369817702899833,0.0011369813535037677,0.0011369809369027148,0.0011369805204865609,0.0011369801042550418,0.0011369796882078965,0.0011369792723448602,0.001136978856665673,0.0011369784411700734,0.0011369780259296478,0.0011369776108723414,0.0011369771959979082,0.0011369767813060958,0.001136976366796654,0.001136975952469321,0.001136975538323854,0.0011369751243599916,0.0011369747105774693,0.001136974296976051,0.0011369738835554596,0.0011369734703154557,0.0011369730572557963,0.0011369726443762069,0.0011369722316764636,0.001136971819156294,0.001136971406815443,0.0011369709946536823,0.0011369705826707501,0.001136970170866391,0.001136969759240372,0.0011369693477924483,0.0011369689365223524,0.0011369685254298608,0.0011369681145147101,0.0011369677037766526,0.001136967293215452,0.0011369668828308628,0.0011369664726226432,0.001136966062590555,0.0011369656527343453,0.0011369652430537965,0.001136964833548636,0.0011369644242186301,0.0011369640150635642,0.0011369636060831606,0.0011369631972772036,0.001136962788645445,0.0011369623801876464,0.001136961971903605,0.001136961563793041,0.0011369611558557243,0.0011369607480914263,0.001136960340499915,0.0011369599330809596,0.0011369595258343165,0.0011369591187597571,0.0011369587118570488,0.0011369583051259575,0.0011369578985662527,0.0011369574921777034,0.0011369570859600783,0.0011369566799131505,0.0011369562740366848,0.0011369558683304484,0.0011369554627942268,0.001136955057427784,0.001136954652230893,0.0011369542472033298,0.0011369538423448675,0.0011369534376552911,0.0011369530331343412,0.0011369526287818114,0.0011369522245974777,0.0011369518205811122,0.0011369514167325018,0.0011369510130514215,0.0011369506095376422,0.001136950206190947,0.0011369498030111113,0.0011369493999979147,0.001136948997151137,0.0011369485944705572,0.0011369481919559622,0.0011369477896071257,0.0011369473874238319,0.0011369469854058615,0.0011369465835530032,0.0011369461818650306,0.00113694578034172,0.001136945378982878,0.0011369449777882774,0.0011369445767577036,0.0011369441758909459,0.0011369437751877925,0.0011369433746480219,0.0011369429742713994,0.0011369425740577314,0.0011369421740068382,0.001136941774118483,0.001136941374392457,0.0011369409748285388,0.0011369405754265288,0.0011369401761862075,0.0011369397771073772,0.0011369393781898228,0.001136938979433335,0.0011369385808376966,0.0011369381824027137,0.001136937784128177,0.001136937386013877,0.0011369369880596095,0.0011369365902651717,0.0011369361926303508,0.0011369357951549464,0.0011369353978387523,0.0011369350006815674,0.0011369346036831866,0.0011369342068434077,0.0011369338101620266,0.0011369334136388425,0.0011369330172736533,0.0011369326210662566,0.0011369322250164534,0.0011369318291240443,0.0011369314333888275,0.0011369310378106037,0.0011369306423891744,0.001136930247124341,0.0011369298520159075,0.001136929457063671,0.0011369290622674358,0.0011369286676270061,0.001136928273142178,0.0011369278788127709,0.001136927484638579,0.001136927090619412,0.0011369266967550698,0.0011369263030453617,0.0011369259094900909,0.0011369255160890654,0.0011369251228420922,0.0011369247297489803,0.0011369243368095328,0.001136923944023558,0.001136923551390868,0.001136923158911271,0.0011369227665845756,0.0011369223744105916,0.0011369219823891279,0.001136921590519997,0.0011369211988030083,0.001136920807237974,0.0011369204158247063,0.0011369200245630203,0.001136919633452722,0.0011369192424936258,0.0011369188516855457,0.0011369184610282958,0.0011369180705216955,0.001136917680165554,0.001136917289959682,0.0011369168999039,0.001136916509998023,0.001136916120241867,0.0011369157306352442,0.001136915341177976,0.0011369149518698838,0.0011369145627107744,0.0011369141737004717,0.0011369137848387981,0.0011369133961255658,0.0011369130075605954,0.0011369126191437078,0.0011369122308747229,0.0011369118427534595,0.0011369114547797388,0.0011369110669533819,0.0011369106792742108,0.0011369102917420473,0.0011369099043567145,0.0011369095171180333,0.0011369091300258256,0.0011369087430799154,0.0011369083562801253,0.0011369079696262787,0.0011369075831181995,0.0011369071967557154,0.0011369068105386657,0.0011369064244668452,0.0011369060385400943,0.0011369056527582386,0.001136905267121106,0.001136904881628522,0.0011369044962803122,0.0011369041110763263,0.0011369037260163528,0.0011369033411002389,0.0011369029563278125,0.0011369025716989035,0.0011369021872133394,0.0011369018028709501,0.0011369014186715521,0.001136901034615005,0.001136900650701124,0.0011369002669297434,0.001136899883300689,0.0011368994998137926,0.0011368991164688886,0.001136898733265803,0.0011368983502043795,0.0011368979672844515,0.0011368975845058404,0.0011368972018683868,0.001136896819371907,0.001136896437016274,0.0011368960548012953,0.0011368956727268126,0.0011368952907926581,0.0011368949089986644,0.001136894527344678,0.0011368941458305192,0.001136893764456044,0.0011368933832210818,0.0011368930021254664,0.001136892621169039,0.0011368922403516212,0.0011368918596730837,0.0011368914791332436,0.0011368910987319405,0.0011368907184690215,0.001136890338344323,0.0011368899583576772,0.0011368895785089307,0.0011368891987979333,0.0011368888192244977,0.0011368884397884903,0.0011368880604897447,0.0011368876813280969,0.0011368873023033998,0.0011368869234154914,0.0011368865446642138,0.0011368861660494098,0.001136885787570923,0.0011368854092285972,0.0011368850310222755,0.001136884652951804,0.0011368842750169993,0.0011368838972177565,0.0011368835195538969,0.0011368831420252672,0.0011368827646317092,0.0011368823873730725,0.0011368820102491968,0.001136881633259938,0.0011368812564051317,0.0011368808796846414,0.0011368805030983029,0.0011368801266459672,0.001136879750327482,0.0011368793741426942,0.00113687899809146,0.0011368786221736162,0.0011368782463890184,0.001136877870737516,0.0011368774952189573,0.0011368771198331919,0.0011368767445800777,0.0011368763694594552,0.0011368759944711778,0.0011368756196150995,0.0011368752448910684,0.0011368748702989383,0.0011368744958385642,0.0011368741215097937,0.0011368737473124832,0.0011368733732464967,0.0011368729993116622,0.001136872625507863,0.0011368722518349183,0.001136871878292701,0.0011368715048810664,0.0011368711315998634,0.0011368707584489487,0.0011368703854281806,0.0011368700125374122,0.0011368696397764993,0.0011368692671452905,0.0011368688946436598,0.0011368685222714519,0.001136868150028523,0.001136867777914726,0.0011368674059299359,0.0011368670340739884,0.001136866662346763,0.0011368662907481068,0.0011368659192778812,0.001136865547935942,0.0011368651767221483,0.0011368648056363656,0.0011368644346784404,0.0011368640638482394,0.0011368636931456389,0.0011368633225704659,0.0011368629521225984,0.0011368625818018964,0.0011368622116082212,0.0011368618415414334,0.0011368614716013904,0.0011368611017879586,0.0011368607321010024,0.0011368603625403816,0.001136859993105993,0.0011368596237976336,0.0011368592546152029,0.0011368588855585578,0.001136858516627563,0.0011368581478220818,0.001136857779141981,0.001136857410587114,0.0011368570421573631,0.0011368566738525863,0.0011368563056726342,0.0011368559376173958,0.001136855569686728,0.0011368552018804954,0.0011368548341985616,0.0011368544666407955,0.001136854099207058,0.0011368537318972255,0.0011368533647111592,0.0011368529976487326,0.0011368526307098054,0.0011368522638942468,0.0011368518972019331,0.0011368515306327113,0.0011368511641864747,0.0011368507978630799,0.001136850431662397,0.0011368500655842976,0.001136849699628648,0.0011368493337953198,0.001136848968084182,0.001136848602495101,0.0011368482370279543,0.0011368478716826114,0.0011368475064589395,0.0011368471413568094,0.0011368467763760986,0.0011368464115166736,0.001136846046778407,0.001136845682161158,0.001136845317664825,0.001136844953289268,0.0011368445890343594,0.001136844224899972,0.0011368438608859782,0.0011368434969922386,0.0011368431332186538,0.001136842769565084,0.0011368424060314037,0.0011368420426174867,0.0011368416793232068,0.0011368413161484388,0.0011368409530930579,0.0011368405901569434,0.001136840227339954,0.0011368398646419903,0.0011368395020629155,0.0011368391396026052,0.0011368387772609405,0.0011368384150377943,0.0011368380529330365,0.0011368376909465547,0.0011368373290782223,0.001136836967327919,0.0011368366056955202,0.001136836244180904,0.0011368358827839589,0.0011368355215045439,0.0011368351603425438,0.0011368347992978388,0.0011368344383703077,0.0011368340775598225,0.0011368337168662737,0.0011368333562895426,0.001136832995829505,0.0011368326354860411,0.0011368322752590256,0.0011368319151483432,0.0011368315551538747,0.0011368311952755007,0.0011368308355131011,0.0011368304758665598,0.001136830116335754,0.0011368297569205716,0.0011368293976208813,0.0011368290384365664,0.0011368286793675228,0.0011368283204136352,0.001136827961574763,0.0011368276028508038,0.0011368272442416544,0.0011368268857471855,0.0011368265273672682,0.0011368261691017988,0.0011368258109506761,0.001136825452913752,0.001136825094990936,0.0011368247371820947,0.0011368243794871323,0.0011368240219059229,0.0011368236644383506,0.0011368233070843017,0.0011368229498436647,0.0011368225927163229,0.0011368222357021575,0.0011368218788010453,0.0011368215220128985,0.0011368211653375899,0.001136820808775006,0.0011368204523250353,0.0011368200959875636,0.0011368197397624634,0.0011368193836496505,0.0011368190276489988,0.0011368186717603981,0.0011368183159837222,0.0011368179603188757,0.0011368176047657453,0.0011368172493242238,0.001136816893994178,0.0011368165387755256,0.0011368161836681364,0.0011368158286719108,0.0011368154737867282,0.0011368151190124867,0.0011368147643490772,0.0011368144097963818,0.001136814055354294,0.001136813701022707,0.0011368133468015078,0.0011368129926905847,0.0011368126386898348,0.0011368122847991464,0.0011368119310184112,0.0011368115773475198,0.0011368112237863637,0.0011368108703348348,0.0011368105169928262,0.0011368101637602263,0.0011368098106369336,0.001136809457622838,0.0011368091047178287,0.0011368087519218056,0.0011368083992346577,0.0011368080466562787,0.0011368076941865625,0.001136807341825403,0.0011368069895726929,0.0011368066374283265,0.0011368062853921986,0.001136805933464204,0.001136805581644236,0.001136805229932189,0.0011368048783279604,0.0011368045268314426,0.0011368041754425318,0.0011368038241611237,0.0011368034729871137,0.001136803121920397,0.0011368027709608667,0.001136802420108422,0.0011368020693629597,0.0011368017187243752,0.0011368013681925702,0.0011368010177674325,0.0011368006674488643,0.0011368003172367623,0.001136799967131024,0.0011367996171315461,0.001136799267238226,0.001136798917450949,0.0011367985677696276,0.0011367982181941707,0.0011367978687244632,0.0011367975193604005,0.0011367971701018898,0.0011367968209488263,0.0011367964719011042,0.0011367961229586266,0.0011367957741212948,0.0011367954253890128,0.0011367950767616649,0.001136794728239163,0.0011367943798213903,0.0011367940315082728,0.0011367936832996992,0.001136793335195557,0.0011367929871957717,0.0011367926393002334,0.00113679229150884,0.00113679194382149,0.0011367915962380874,0.0011367912487585344,0.0011367909013827301,0.0011367905541105668,0.0011367902069419715,0.0011367898598768314,0.0011367895129150492,0.0011367891660565186,0.0011367888193011657,0.0011367884726488746,0.0011367881260995528,0.0011367877796531044,0.0011367874333094313,0.0011367870870684293,0.0011367867409300134,0.0011367863948940754,0.0011367860489605312,0.0011367857031292748,0.0011367853574002227,0.001136785011773272,0.0011367846662483257,0.0011367843208252878,0.0011367839755040542,0.001136783630284543,0.0011367832851666645,0.0011367829401503168,0.0011367825952354035,0.0011367822504218304,0.001136781905709492,0.0011367815610983157,0.0011367812165881943,0.0011367808721790382,0.0011367805278707519,0.0011367801836632404,0.001136779839556411,0.0011367794955501693,0.0011367791516444235,0.0011367788078390868,0.0011367784641340543,0.001136778120529238,0.001136777777024549,0.0011367774336198983,0.0011367770903151738,0.0011367767471102993,0.0011367764040051747,0.0011367760609997171,0.0011367757180938296,0.0011367753752874184,0.0011367750325803727,0.0011367746899726481,0.0011367743474641223,0.0011367740050547133,0.0011367736627443286,0.0011367733205328743,0.0011367729784202577,0.0011367726364064068,0.0011367722944912065,0.001136771952674614,0.00113677161095647,0.0011367712693367083,0.001136770927815248,0.0011367705863919984,0.0011367702450668664,0.0011367699038397675,0.0011367695627106126,0.0011367692216793107,0.0011367688807457743,0.001136768539909921,0.0011367681991716447,0.0011367678585308676,0.001136767517987498,0.0011367671775414467,0.0011367668371926169,0.0011367664969409476,0.0011367661567863348,0.0011367658167286917,0.001136765476767932,0.0011367651369039668,0.0011367647971367073,0.0011367644574660687,0.0011367641178919735,0.0011367637784143094,0.001136763439033007,0.0011367630997479751,0.0011367627605591295,0.0011367624214663826,0.0011367620824696495,0.0011367617435688437,0.001136761404763878,0.001136761066054669,0.0011367607274411387,0.0011367603889231791,0.0011367600505007185,0.001136759712173671,0.0011367593739419492,0.0011367590358054697,0.0011367586977641514,0.0011367583598178995,0.0011367580219666367,0.001136757684210275,0.0011367573465487304,0.00113675700898192,0.0011367566715097597,0.0011367563341321712,0.0011367559968490652,0.0011367556596603512,0.0011367553225659509,0.001136754985565781,0.00113675464865976,0.001136754311847809,0.0011367539751298288,0.0011367536385057477,0.001136753301975483,0.0011367529655389574,0.0011367526291960685,0.001136752292946761,0.0011367519567909204,0.0011367516207284876,0.001136751284759376,0.0011367509488834963,0.001136750613100769,0.0011367502774111155,0.0011367499418144542,0.0011367496063107046,0.001136749270899782,0.0011367489355816256,0.001136748600356114,0.0011367482652231869,0.001136747930182765,0.0011367475952347667,0.0011367472603791117,0.0011367469256157172,0.0011367465909445068,0.0011367462563653908,0.0011367459218782968,0.001136745587483147,0.001136745253179848,0.0011367449189683251,0.0011367445848485134,0.0011367442508202874,0.0011367439168836367,0.001136743583038441,0.001136743249284632,0.001136742915622121,0.0011367425820508314,0.0011367422485706938,0.0011367419151816222,0.0011367415818835348,0.001136741248676361,0.0011367409155600143,0.0011367405825344192,0.0011367402495994954,0.0011367399167551671,0.0011367395840013472,0.0011367392513379681,0.0011367389187649521,0.0011367385862822172,0.0011367382538896875,0.0011367379215872888,0.0011367375893749378,0.001136737257252548,0.0011367369252200663,0.001136736593277395,0.0011367362614244738,0.001136735929661219,0.0011367355979875536,0.0011367352664034083,0.0011367349349086806,0.001136734603503311,0.0011367342721872327,0.0011367339409603613,0.00113673360982262,0.001136733278773938,0.0011367329478142287,0.0011367326169434274,0.001136732286161449,0.001136731955468223,0.001136731624863674,0.0011367312943477263,0.001136730963920303,0.0011367306335813307,0.0011367303033307343,0.0011367299731684388,0.0011367296430943694,0.0011367293131084525,0.0011367289832106117,0.0011367286534007762,0.0011367283236788659,0.001136727994044811,0.0011367276644985325,0.001136727335039946,0.0011367270056690086,0.0011367266763856161,0.0011367263471897234,0.0011367260180812193,0.0011367256890600778,0.0011367253601261835,0.0011367250312794787,0.0011367247025198912,0.0011367243738473615,0.0011367240452618069,0.0011367237167631478,0.0011367233883513067,0.001136723060026221,0.001136722731787814,0.001136722403636031,0.0011367220755707777,0.0011367217475919881,0.0011367214196995907,0.0011367210918935122,0.0011367207641736804,0.00113672043654002,0.0011367201089924762,0.001136719781530946,0.001136719454155392,0.0011367191268657224,0.0011367187996618629,0.001136718472543759,0.001136718145511323,0.0011367178185645117,0.0011367174917032141,0.0011367171649273888,0.0011367168382369543,0.0011367165116318387,0.0011367161851119733,0.0011367158586772935,0.0011367155323277224,0.0011367152060631968,0.0011367148798836371,0.0011367145537889787,0.00113671422777915,0.0011367139018540822,0.0011367135760137039,0.0011367132502579508,0.0011367129245867446,0.0011367125990000208,0.0011367122734977095,0.001136711948079742,0.0011367116227460482,0.0011367112974965596,0.001136710972331206,0.0011367106472499307,0.0011367103222526386,0.0011367099973392805,0.0011367096725097832,0.00113670934776408,0.0011367090231021006,0.0011367086985237655,0.00113670837402903,0.0011367080496178133,0.0011367077252900485,0.0011367074010456646,0.0011367070768845916,0.0011367067528067745,0.001136706428812138,0.0011367061049006146,0.0011367057810721369,0.0011367054573266366,0.0011367051336640473,0.0011367048100843014,0.001136704486587329,0.00113670416317307,0.0011367038398414527,0.0011367035165923947,0.0011367031934258623,0.0011367028703417725,0.0011367025473400583,0.0011367022244206542,0.0011367019015834949,0.0011367015788285102,0.0011367012561556364,0.0011367009335648075,0.0011367006110559557,0.0011367002886290218,0.001136699966283928,0.0011366996440206226,0.0011366993218390282,0.0011366989997390838,0.0011366986777207235,0.0011366983557838904,0.0011366980339284935,0.0011366977121544818,0.001136697390461806,0.0011366970688503888,0.0011366967473201716,0.0011366964258710756,0.0011366961045030425,0.0011366957832159958,0.0011366954620099024,0.0011366951408846762,0.0011366948198402557,0.001136694498876568,0.0011366941779935667,0.0011366938571911779,0.0011366935364693369,0.001136693215827987,0.0011366928952670544,0.0011366925747864783,0.0011366922543861973,0.0011366919340661458,0.001136691613826261,0.0011366912936664815,0.001136690973586739,0.0011366906535869717,0.0011366903336671255,0.0011366900138271225,0.0011366896940669064,0.0011366893743864162,0.0011366890547855886,0.001136688735264357,0.0011366884158226617,0.0011366880964604339,0.001136687777177615,0.0011366874579741507,0.0011366871388499718,0.0011366868198050186,0.0011366865008392384,0.0011366861819525444,0.0011366858631448888,0.0011366855444162383,0.0011366852257664864,0.001136684907195565,0.0011366845887034393,0.0011366842702900488,0.001136683951955321,0.0011366836336991928,0.001136683315521615,0.0011366829974225204,0.0011366826794018436,0.0011366823614595298,0.0011366820435955002,0.0011366817258097242,0.0011366814081021277,0.001136681090472645,0.0011366807729212153,0.0011366804554477806,0.0011366801380522837,0.0011366798207346608,0.0011366795034948526,0.0011366791863327834,0.00113667886924841,0.0011366785522416724,0.0011366782353125157,0.0011366779184608686,0.0011366776016866818,0.0011366772849898848,0.0011366769683704163,0.0011366766518282252,0.0011366763353632483,0.001136676018975423,0.001136675702664694,0.001136675386431001,0.0011366750702742807,0.0011366747541944806,0.001136674438191535,0.0011366741222653886,0.001136673806415982,0.0011366734906432556,0.0011366731749471507,0.001136672859327609,0.0011366725437845714,0.001136672228317981,0.0011366719129277765,0.001136671597613901,0.0011366712823762985,0.0011366709672149238,0.0011366706521296803,0.0011366703371205368,0.001136670022187432,0.0011366697073303068,0.0011366693925491031,0.0011366690778437613,0.0011366687632142244,0.0011366684486604397,0.0011366681341823334,0.0011366678197798688,0.0011366675054529807,0.0011366671912016108,0.001136666877025705,0.0011366665629252007,0.0011366662489000411,0.0011366659349501705,0.0011366656210755478,0.0011366653072761089,0.0011366649935517653,0.0011366646799024814,0.0011366643663282,0.0011366640528288703,0.001136663739404431,0.0011366634260548281,0.001136663112780001,0.0011366627995798954,0.0011366624864544564,0.001136662173403625,0.0011366618604273545,0.0011366615475255756,0.0011366612346982359,0.0011366609219452678,0.0011366606092666422,0.0011366602966622781,0.0011366599841321422,0.0011366596716761686,0.0011366593592942995,0.0011366590469864826,0.0011366587347526609,0.0011366584225927785,0.0011366581105067641,0.0011366577984945967,0.0011366574865562026,0.0011366571746915296,0.001136656862900516,0.0011366565511830996,0.0011366562395392595,0.0011366559279688978,0.0011366556164719792,0.0011366553050484627,0.0011366549936982862,0.001136654682421385,0.0011366543712177134,0.0011366540600871952,0.00113665374902981,0.0011366534380454932,0.0011366531271341644,0.0011366528162958052,0.0011366525055303428,0.0011366521948377327,0.0011366518842179233,0.001136651573670838,0.0011366512631964245,0.0011366509527946575,0.0011366506424654648,0.001136650332208797,0.0011366500220245997,0.0011366497119128173,0.0011366494018733976,0.0011366490919062877,0.00113664878201141,0.0011366484721887615,0.0011366481624382407,0.001136647852759801,0.001136647543153442,0.0011366472336190737,0.001136646924156619,0.0011366466147660736,0.0011366463054473597,0.0011366459962004055,0.0011366456870251969,0.001136645377921635,0.0011366450688897255,0.0011366447599293855,0.0011366444510405656,0.0011366441422232072,0.001136643833477243,0.001136643524802662,0.0011366432161993864,0.001136642907667363,0.0011366425992065483,0.0011366422908168862,0.0011366419824983263,0.00113664167425081,0.0011366413660742944,0.0011366410579687243,0.0011366407499340484,0.0011366404419702104,0.0011366401340771632,0.0011366398262548523,0.0011366395185032332,0.001136639210822258,0.0011366389032118633,0.0011366385956719845,0.0011366382882026134,0.001136637980803667,0.0011366376734751084,0.0011366373662168787,0.0011366370590289215,0.0011366367519112018,0.0011366364448636421,0.0011366361378862275,0.0011366358309789055,0.0011366355241415884,0.0011366352173742497,0.0011366349106768097,0.001136634604049276,0.0011366342974915731,0.0011366339910036378,0.0011366336845854228,0.0011366333782368632,0.001136633071957954,0.0011366327657486143,0.0011366324596088027,0.001136632153538465,0.0011366318475375566,0.0011366315416060167,0.0011366312357438029,0.001136630929950868,0.0011366306242271615,0.001136630318572624,0.0011366300129872172,0.001136629707470881,0.0011366294020235788,0.001136629096645257,0.0011366287913358657,0.001136628486095356,0.0011366281809236782,0.0011366278758207838,0.00113662757078662,0.0011366272658211434,0.001136626960924296,0.001136626656096043,0.001136626351336328,0.0011366260466451035,0.00113662574202232,0.0011366254374679298,0.001136625132981884,0.0011366248285641354,0.0011366245242146328,0.001136624219933331,0.0011366239157201787,0.00113662361157513,0.0011366233074981355,0.0011366230034891484,0.0011366226995481313,0.0011366223956750133,0.001136622091869757,0.0011366217881323155,0.001136621484462663,0.0011366211808607088,0.0011366208773264258,0.0011366205738597983,0.0011366202704607138,0.0011366199671291664,0.0011366196638650926,0.0011366193606684681,0.0011366190575392123,0.0011366187544773001,0.001136618451482677,0.0011366181485553152,0.0011366178456951365,0.0011366175429021038,0.001136617240176182,0.0011366169375173168,0.0011366166349254545,0.0011366163324005435,0.0011366160299425602,0.0011366157275514497,0.0011366154252271665,0.0011366151229696567,0.0011366148207788702,0.0011366145186547715,0.0011366142165972933,0.0011366139146064148,0.0011366136126820885,0.0011366133108242612,0.001136613009032882,0.0011366127073079025,0.0011366124056492867,0.0011366121040569835,0.0011366118025309213,0.0011366115010711065,0.0011366111996774417,0.0011366108983499306,0.001136610597088503,0.0011366102958930992,0.0011366099947637005,0.001136609693700248,0.0011366093927026974,0.0011366090917709932,0.0011366087909051126,0.001136608490104997,0.001136608189370594,0.0011366078887018669,0.0011366075880987676,0.001136607287561249,0.0011366069870892713,0.0011366066866827973,0.0011366063863417564,0.0011366060860661161,0.001136605785855836,0.0011366054857108686,0.0011366051856311692,0.0011366048856166955,0.0011366045856673948,0.0011366042857832376,0.0011366039859641596,0.0011366036862101268,0.001136603386521079,0.0011366030868970004,0.0011366027873378334,0.0011366024878435336,0.001136602188414056,0.0011366018890493603,0.0011366015897493927,0.0011366012905141003,0.0011366009913434693,0.001136600692237437,0.0011366003931959634,0.0011366000942190004,0.001136599795306507,0.0011365994964584406,0.0011365991976747551,0.0011365988989554077,0.0011365986003003593,0.0011365983017095572,0.0011365980031829601,0.0011365977047205023,0.0011365974063221895,0.0011365971079879496,0.0011365968097177442,0.0011365965115115119,0.001136596213369242,0.0011365959152908741,0.0011365956172763737,0.0011365953193256807,0.0011365950214387826,0.0011365947236155983,0.0011365944258560972,0.001136594128160241,0.0011365938305279843,0.001136593532959287,0.0011365932354541045,0.0011365929380123948,0.0011365926406341207,0.0011365923433192323,0.0011365920460676836,0.0011365917488794378,0.0011365914517544491,0.0011365911546926816,0.001136590857694085,0.001136590560758625,0.001136590263886252,0.0011365899670769289,0.0011365896703306067,0.0011365893736472472,0.0011365890770268091,0.0011365887804692483,0.0011365884839745217,0.0011365881875425921,0.0011365878911734173,0.001136587594866917,0.001136587298623138,0.001136587002441969,0.0011365867063233839,0.0011365864102673455,0.001136586114273805,0.0011365858183427,0.0011365855224740428,0.0011365852266677506,0.0011365849309237987,0.0011365846352421416,0.0011365843396227368,0.0011365840440655463,0.001136583748570523,0.0011365834531376256,0.0011365831577668196,0.0011365828624580578,0.0011365825672112874,0.0011365822720264967,0.001136581976903627,0.00113658168184264,0.0011365813868434971,0.0011365810919061537,0.0011365807970305467,0.001136580502216678,0.0011365802074644862,0.0011365799127739174,0.0011365796181449595,0.0011365793235775573,0.0011365790290716739,0.0011365787346272645,0.0011365784402442894,0.0011365781459227078,0.0011365778516624792,0.001136577557463563,0.00113657726332592,0.0011365769692495088,0.0011365766752342895,0.001136576381280213,0.0011365760873872533,0.001136575793555369,0.001136575499784516,0.0011365752060746553,0.0011365749124257415,0.0011365746188377367,0.0011365743253106105,0.001136574031844316,0.0011365737384388132,0.0011365734450940641,0.0011365731518100204,0.0011365728585866518,0.0011365725654239216,0.0011365722723217847,0.0011365719792802024,0.0011365716862991285,0.0011365713933785353,0.0011365711005183654,0.0011365708077186014,0.0011365705149791994,0.0011365702223001077,0.0011365699296812925,0.0011365696371227203,0.0011365693446243478,0.0011365690521861385,0.0011365687598080545,0.0011365684674900516,0.001136568175232091,0.0011365678830341404,0.0011365675908961595,0.0011365672988181135,0.0011365670067999573,0.001136566714841642,0.0011365664229431437,0.0011365661311044132,0.0011365658393254169,0.0011365655476061167,0.0011365652559464667,0.001136564964346443,0.001136564672806,0.0011365643813250983,0.0011365640899037013,0.0011365637985417689,0.001136563507239272,0.0011365632159961551,0.0011365629248123958,0.0011365626336879413,0.001136562342622762,0.0011365620516168191,0.0011365617606700737,0.0011365614697824893,0.0011365611789540273,0.0011365608881846517,0.0011365605974743194,0.0011365603068229798,0.0011365600162306284,0.0011365597256972094,0.0011365594352226848,0.001136559144807017,0.0011365588544501716,0.0011365585641520935,0.0011365582739127703,0.0011365579837321596,0.001136557693610203,0.0011365574035469054,0.001136557113542193,0.0011365568235960368,0.0011365565337083804,0.0011365562438792282,0.0011365559541085203,0.0011365556643962024,0.0011365553747422774,0.0011365550851466873,0.0011365547956093964,0.0011365545061303647,0.0011365542167095573,0.0011365539273469373,0.0011365536380424763,0.0011365533487961202,0.001136553059607839,0.001136552770477567,0.0011365524814053263,0.0011365521923910515,0.0011365519034347057,0.0011365516145362537,0.0011365513256956798,0.0011365510369129007,0.0011365507481879387,0.0011365504595207223,0.001136550170911182,0.0011365498823593422,0.0011365495938651148,0.001136549305428489,0.001136549017049423,0.001136548728727885,0.0011365484404638436,0.001136548152257267,0.0011365478641081027,0.0011365475760163424,0.00113654728798191,0.0011365470000047901,0.001136546712084945,0.0011365464242223304,0.0011365461364169227,0.001136545848668682,0.0011365455609775822,0.0011365452733436076,0.0011365449857666644,0.0011365446982467451,0.0011365444107838127,0.0011365441233778366,0.001136543836028777,0.0011365435487366172,0.0011365432615012877,0.0011365429743227765,0.001136542687201039,0.00113654240013604,0.0011365421131277467,0.001136541826176122,0.0011365415392811332,0.0011365412524427451,0.0011365409656609237,0.0011365406789356294,0.001136540392266834,0.0011365401056544972,0.0011365398190985817,0.0011365395325990525,0.0011365392461558813,0.0011365389597690297,0.0011365386734384663,0.0011365383871641446,0.001136538100946048,0.0011365378147841275,0.0011365375286783502,0.0011365372426286747,0.0011365369566350809,0.0011365366706975214,0.0011365363848159676,0.0011365360989903925,0.001136535813220747,0.0011365355275070024,0.0011365352418491281,0.0011365349562470848,0.0011365346707008434,0.001136534385210354,0.0011365340997756047,0.0011365338143965505,0.0011365335290731578,0.0011365332438053927,0.0011365329585932193,0.001136532673436608,0.0011365323883355187,0.0011365321032899222,0.0011365318182997809,0.0011365315333650616,0.0011365312484857332,0.0011365309636617576,0.001136530678893101,0.0011365303941797329,0.0011365301095216176,0.0011365298249187237,0.0011365295403710127,0.0011365292558784598,0.0011365289714410183,0.00113652868705866,0.0011365284027313538,0.0011365281184590654,0.0011365278342417328,0.0011365275500793757,0.0011365272659719327,0.0011365269819193645,0.00113652669792166,0.001136526413978768,0.0011365261300906588,0.0011365258462572986,0.001136525562478655,0.0011365252787546892,0.0011365249950853781,0.0011365247114706824,0.0011365244279105764,0.0011365241444050076,0.0011365238609539628,0.0011365235775574018,0.0011365232942153018,0.0011365230109276101,0.0011365227276943029,0.0011365224445153484,0.001136522161390713,0.0011365218783203647,0.0011365215953042691,0.0011365213123423945,0.001136521029434708,0.0011365207465811923,0.0011365204637817838,0.001136520181036447,0.0011365198983451822,0.001136519615707944,0.0011365193331246968,0.00113651905059541,0.0011365187681200498,0.0011365184856985792,0.0011365182033309757,0.0011365179210171966,0.0011365176387571972,0.0011365173565509846,0.0011365170743985028,0.0011365167922997106,0.001136516510254601,0.001136516228263129,0.001136515946325246,0.00113651566444095,0.0011365153826101686,0.001136515100832907,0.0011365148191091164,0.001136514537438786,0.0011365142558218736,0.0011365139742583238,0.0011365136927481202,0.001136513411291234,0.0011365131298876317,0.0011365128485372909,0.0011365125672401764,0.0011365122859962567,0.0011365120048054847,0.0011365117236678366,0.001136511442583295,0.0011365111615517945,0.0011365108805733322,0.001136510599647843,0.0011365103187753476,0.00113651003795575,0.001136509757189088,0.0011365094764753019,0.0011365091958143623,0.001136508915206232,0.00113650863465088,0.0011365083541482694,0.001136508073698383,0.001136507793301194,0.0011365075129566482,0.001136507232664737,0.0011365069524254012,0.0011365066722386287,0.0011365063921043748,0.001136506112022629,0.0011365058319933524,0.0011365055520165103,0.0011365052720920753,0.0011365049922200134,0.0011365047124003052,0.0011365044326329026,0.0011365041529177757,0.0011365038732549003,0.001136503593644252,0.0011365033140857894,0.0011365030345794835,0.0011365027551253077,0.0011365024757232296,0.0011365021963732147,0.0011365019170752402,0.0011365016378292706,0.0011365013586352732,0.0011365010794932222,0.001136500800403087,0.0011365005213648351,0.0011365002423784404,0.0011364999634438798,0.0011364996845610992,0.0011364994057300798,0.0011364991269507934,0.0011364988482232025,0.0011364985695472992,0.0011364982909230262,0.0011364980123503565,0.0011364977338292758,0.0011364974553597419,0.001136497176941729,0.0011364968985752072,0.0011364966202601508,0.001136496341996522,0.001136496063784294,0.0011364957856234367,0.0011364955075139226,0.0011364952294557157,0.001136494951448788,0.0011364946734931168,0.0011364943955886671,0.001136494117735403,0.0011364938399333017,0.0011364935621823355,0.001136493284482469,0.0011364930068336811,0.0011364927292359358,0.001136492451689206,0.0011364921741934602,0.0011364918967486691,0.0011364916193548008,0.0011364913420118265,0.0011364910647197173,0.0011364907874784448,0.0011364905102879846,0.0011364902331482982,0.0011364899560593674,0.001136489679021152,0.0011364894020336302,0.0011364891250967698,0.0011364888482105421,0.001136488571374917,0.001136488294589866,0.0011364880178553539,0.0011364877411713572,0.0011364874645378512,0.0011364871879548017,0.0011364869114221803,0.0011364866349399582,0.0011364863585081038,0.0011364860821265928,0.0011364858057953924,0.001136485529514478,0.0011364852532838186,0.0011364849771033749,0.00113648470097312,0.0011364844248930505,0.0011364841488631205,0.0011364838728832873,0.0011364835969535493,0.0011364833210738773,0.0011364830452442196,0.0011364827694645583,0.0011364824937348664,0.001136482218055113,0.0011364819424252773,0.001136481666845316,0.001136481391315208,0.0011364811158349265,0.0011364808404044418,0.0011364805650237245,0.0011364802896927486,0.0011364800144114833,0.0011364797391798962,0.0011364794639979713,0.0011364791888656687,0.001136478913782969,0.0011364786387498369,0.0011364783637662502,0.001136478088832178,0.0011364778139475885,0.0011364775391124635,0.0011364772643267806,0.0011364769895904918,0.0011364767149035727,0.0011364764402660066,0.0011364761656777649,0.0011364758911388058,0.0011364756166491014,0.0011364753422086378,0.0011364750678173807,0.0011364747934753034,0.001136474519182375,0.0011364742449385737,0.001136473970743859,0.0011364736965982197,0.001136473422501618,0.0011364731484540297,0.0011364728744554275,0.0011364726005057809,0.0011364723266050632,0.0011364720527532496,0.0011364717789503105,0.0011364715051962195,0.0011364712314909423,0.0011364709578344683,0.0011364706842267546,0.0011364704106677785,0.0011364701371575107,0.0011364698636959244,0.0011364695902829933,0.0011364693169186914,0.0011364690436029893,0.0011364687703358672,0.0011364684971172914,0.0011364682239472217,0.0011364679508256406,0.0011364676777525446,0.0011364674047278857,0.0011364671317516185,0.0011364668588237363,0.001136466585944212,0.0011364663131130217,0.0011364660403301345,0.0011364657675955218,0.0011364654949091483,0.0011364652222710095,0.0011364649496810636,0.0011364646771392858,0.0011364644046456475,0.001136464132200125,0.0011364638598026907,0.0011364635874533176,0.0011364633151519786,0.0011364630428986472,0.0011364627706932952,0.0011364624985358979,0.0011364622264264292,0.0011364619543648524,0.0011364616823511605,0.0011364614103853154,0.00113646113846729,0.0011364608665970603,0.0011364605947745943,0.0011364603229998742,0.0011364600512728785,0.001136459779593544,0.0011364595079618933,0.0011364592363778785,0.001136458964841465,0.0011364586933526434,0.0011364584219113875,0.001136458150517653,0.001136457879171426,0.001136457607872677,0.0011364573366213836,0.0011364570654175115,0.0011364567942610444,0.0011364565231519392,0.00113645625209019,0.0011364559810757657,0.0011364557101086387,0.0011364554391887828,0.001136455168316164,0.001136454897490762,0.0011364546267125528,0.001136454355981507,0.0011364540852976093,0.0011364538146608051,0.0011364535440711093,0.0011364532735284529,0.0011364530030328521,0.0011364527325842626,0.001136452462182663,0.0011364521918280183,0.0011364519215202996,0.0011364516512595002,0.0011364513810455802,0.0011364511108785174,0.0011364508407582822,0.0011364505706848548,0.0011364503006582052,0.001136450030678309,0.0011364497607451393,0.0011364494908586815,0.0011364492210188895,0.00113644895122576,0.0011364486814792593,0.0011364484117794029,0.001136448142126079,0.0011364478725193067,0.0011364476029590567,0.001136447333445311,0.0011364470639780395,0.00113644679455722,0.0011364465251828234,0.0011364462558548255,0.0011364459865732012,0.0011364457173379287,0.001136445448148978,0.0011364451790063274,0.0011364449099099541,0.001136444640859835,0.0011364443718559296,0.0011364441028982124,0.001136443833986678,0.0011364435651213174,0.0011364432963020617,0.0011364430275288987,0.0011364427588018153,0.0011364424901207793,0.0011364422214857595,0.0011364419528967428,0.0011364416843536891,0.0011364414158565996,0.0011364411474054307,0.0011364408790001525,0.0011364406106407466,0.0011364403423272033,0.0011364400740594889,0.001136439805837603,0.0011364395376614424,0.0011364392695310534,0.0011364390014464002,0.0011364387334074418,0.0011364384654141658,0.001136438197466523,0.001136437929564535,0.0011364376617081428,0.0011364373938973294,0.0011364371261320717,0.0011364368584123455,0.001136436590738127,0.0011364363231093728,0.0011364360555260935,0.001136435787988249,0.001136435520495812,0.0011364352530487602,0.001136434985647069,0.001136434718290734,0.0011364344509797004,0.0011364341837139336,0.0011364339164934645,0.0011364336493182162,0.0011364333821881835,0.001136433115103358,0.0011364328480636746,0.001136432581069144,0.001136432314119734,0.0011364320472154181,0.0011364317803561727,0.0011364315135419724,0.0011364312467727785,0.001136430980048604,0.001136430713369399,0.0011364304467351525,0.0011364301801458229,0.001136429913601408,0.0011364296471018604,0.0011364293806471913,0.0011364291142373453,0.0011364288478723338,0.0011364285815520833,0.001136428315276607,0.0011364280490458564,0.0011364277828598151,0.0011364275167184612,0.0011364272506217774,0.00113642698456973,0.0011364267185623065,0.001136426452599473,0.0011364261866812176,0.001136425920807508,0.0011364256549783248,0.0011364253891936434,0.001136425123453441,0.00113642485775769,0.0011364245921063627,0.0011364243264994462,0.0011364240609369176,0.0011364237954187674,0.0011364235299449392,0.0011364232645154286,0.0011364229991302063,0.0011364227337892783,0.001136422468492572,0.0011364222032400847,0.001136421938031795,0.0011364216728676645,0.001136421407747698,0.0011364211426718813,0.0011364208776401372,0.001136420612652487,0.0011364203477088957,0.0011364200828093444,0.0011364198179538215,0.0011364195531422762,0.001136419288374685,0.0011364190236510428,0.0011364187589713217,0.001136418494335498,0.0011364182297435473,0.0011364179651954438,0.0011364177006911768,0.0011364174362307005,0.0011364171718140138,0.0011364169074410924,0.00113641664311191,0.0011364163788264334,0.0011364161145846563,0.0011364158503865478,0.0011364155862320891,0.001136415322121251,0.001136415058054013,0.0011364147940303554,0.0011364145300502555,0.0011364142661136824,0.0011364140022206222,0.0011364137383710522,0.0011364134745649505,0.0011364132108022886,0.0011364129470830464,0.0011364126834072191,0.0011364124197747415,0.0011364121561856409,0.001136411892639852,0.0011364116291373665,0.0011364113656781632,0.0011364111022622294,0.001136410838889538,0.0011364105755600521,0.001136410312273771,0.001136410049030666,0.001136409785830712,0.0011364095226738848,0.0011364092595601643,0.0011364089964895458,0.0011364087334619802,0.0011364084704774322,0.0011364082075359149,0.0011364079446373801,0.0011364076817818286,0.0011364074189692155,0.001136407156199544,0.0011364068934727853,0.0011364066307889072,0.0011364063681478947,0.0011364061055497109,0.0011364058429943597,0.0011364055804818074,0.001136405318012027,0.0011364050555850078,0.0011364047932007056,0.0011364045308591125,0.0011364042685602087,0.00113640400630397,0.0011364037440903692,0.0011364034819193914,0.001136403219791014,0.0011364029577052139,0.0011364026956619765,0.0011364024336612555,0.0011364021717030378,0.0011364019097873377,0.0011364016479140963,0.0011364013860833042,0.0011364011242949363,0.0011364008625489714,0.0011364006008453892,0.0011364003391841698,0.001136400077565289,0.0011363998159887104,0.0011363995544544415,0.0011363992929624438,0.001136399031512737,0.0011363987701052225,0.001136398508739904,0.0011363982474167898,0.0011363979861358437,0.0011363977248970436,0.0011363974637003647,0.0011363972025457874,0.0011363969414332938,0.0011363966803628603,0.0011363964193344624,0.0011363961583480814,0.001136395897403696,0.001136395636501304,0.001136395375640845,0.001136395114822315,0.0011363948540456818,0.0011363945933109524,0.0011363943326180962,0.0011363940719670885,0.0011363938113578967,0.0011363935507905125,0.0011363932902649088,0.0011363930297810714,0.0011363927693389812,0.001136392508938581,0.001136392248579901,0.0011363919882629004,0.0011363917279875542,0.0011363914677538442,0.0011363912075617825,0.0011363909474112865,0.0011363906873023946,0.0011363904272350227,0.001136390167209198,0.001136389907224888,0.0011363896472820474,0.0011363893873806742,0.00113638912752075,0.0011363888677022517,0.001136388607925163,0.0011363883481894236,0.0011363880884950647,0.001136387828842068,0.0011363875692303911,0.001136387309660037,0.0011363870501309029,0.0011363867906430715,0.0011363865311964797,0.00113638627179108,0.0011363860124269105,0.001136385753103914,0.0011363854938220776,0.0011363852345813352,0.0011363849753817435,0.001136384716223257,0.0011363844571058445,0.0011363841980294835,0.0011363839389941716,0.001136383679999863,0.001136383421046535,0.001136383162134192,0.0011363829032628033,0.0011363826444323395,0.0011363823856427916,0.0011363821268941358,0.0011363818681863426,0.0011363816095194131,0.0011363813508932998,0.0011363810923080185,0.0011363808337635126,0.0011363805752597712,0.0011363803167967878,0.0011363800583745328,0.0011363797999929801,0.001136379541652117,0.0011363792833519201,0.001136379025092375,0.0011363787668734581,0.0011363785086951413,0.0011363782505574194,0.0011363779924602657,0.0011363777344036588,0.0011363774763875564,0.0011363772184119852,0.0011363769604768987,0.001136376702582276,0.0011363764447280809,0.0011363761869143136,0.0011363759291409766,0.001136375671408029,0.0011363754137154473,0.001136375156063212,0.001136374898451305,0.001136374640879712,0.001136374383348403,0.0011363741258573518,0.0011363738684065515,0.001136373610995987,0.0011363733536256455,0.0011363730962954698,0.0011363728390054615,0.001136372581755608,0.001136372324545898,0.0011363720673762904,0.0011363718102467648,0.0011363715531573118,0.001136371296107899,0.0011363710390985228,0.0011363707821291519,0.0011363705251997834,0.0011363702683103783,0.0011363700114609514,0.0011363697546514554,0.001136369497881848,0.0011363692411521381,0.001136368984462317,0.0011363687278123245,0.0011363684712021875,0.0011363682146318574,0.0011363679581013236,0.001136367701610562,0.0011363674451595619,0.0011363671887483053,0.0011363669323767808,0.001136366676044936,0.00113636641975277,0.001136366163500264,0.0011363659072874002,0.0011363656511141592,0.0011363653949805176,0.0011363651388864593,0.001136364882831976,0.0011363646268170253,0.0011363643708416087,0.0011363641149056943,0.001136363859009258,0.0011363636031522942,0.0011363633473347773,0.0011363630915566904,0.0011363628358180128,0.0011363625801187101,0.0011363623244587937,0.0011363620688382321,0.001136361813257003,0.0011363615577150812,0.0011363613022124617,0.0011363610467491241,0.0011363607913250468,0.0011363605359401981,0.0011363602805945694,0.0011363600252881332,0.0011363597700208858,0.0011363595147928008,0.0011363592596038592,0.001136359004454041,0.0011363587493433331,0.001136358494271704,0.0011363582392391498,0.0011363579842456409,0.001136357729291166,0.0011363574743757027,0.0011363572194992306,0.0011363569646617264,0.0011363567098631793,0.001136356455103572,0.0011363562003828794,0.00113635594570108,0.0011363556910581687,0.0011363554364541145,0.0011363551818889038,0.0011363549273625166,0.001136354672874938,0.0011363544184261392,0.001136354164016111,0.0011363539096448361,0.001136353655312288,0.001136353401018452,0.001136353146763309,0.0011363528925468413,0.0011363526383690265,0.0011363523842298528,0.0011363521301292984,0.0011363518760673448,0.0011363516220439733,0.0011363513680591655,0.0011363511141129078,0.001136350860205176,0.0011363506063359532,0.0011363503525052162,0.0011363500987129523,0.0011363498449591398,0.0011363495912437634,0.0011363493375668042,0.001136349083928242,0.001136348830328065,0.001136348576766249,0.0011363483232427725,0.0011363480697576213,0.0011363478163107811,0.0011363475629022253,0.0011363473095319396,0.0011363470561999104,0.0011363468029061117,0.0011363465496505275,0.0011363462964331418,0.0011363460432539385,0.0011363457901128967,0.0011363455370099944,0.0011363452839452215,0.0011363450309185492,0.001136344777929965,0.0011363445249794545,0.0011363442720669966,0.001136344019192573,0.00113634376635617,0.0011363435135577616,0.0011363432607973316,0.001136343008074866,0.0011363427553903456,0.0011363425027437503,0.0011363422501350622,0.0011363419975642722,0.0011363417450313501,0.0011363414925362816,0.0011363412400790525,0.0011363409876596407,0.0011363407352780316,0.0011363404829342072,0.0011363402306281453,0.001136339978359832,0.001136339726129251,0.0011363394739363796,0.0011363392217812024,0.0011363389696637026,0.0011363387175838606,0.0011363384655416623,0.0011363382135370884,0.0011363379615701177,0.0011363377096407366,0.001136337457748926,0.0011363372058946688,0.0011363369540779529,0.0011363367022987506,0.0011363364505570463,0.0011363361988528246,0.0011363359471860662,0.0011363356955567494,0.0011363354439648688,0.001136335192410399,0.001136334940893324,0.0011363346894136274,0.0011363344379712833,0.0011363341865662875,0.0011363339351986165,0.001136333683868252,0.0011363334325751773,0.0011363331813193749,0.001136332930100827,0.0011363326789195168,0.0011363324277754235,0.001136332176668532,0.0011363319255988256,0.0011363316745662902,0.0011363314235709086,0.00113633117261265,0.0011363309216915064,0.001136330670807464,0.0011363304199605035,0.0011363301691506204,0.0011363299183777778,0.0011363296676419395,0.001136329416943138,0.0011363291662813272,0.001136328915656496,0.0011363286650686233,0.0011363284145176926,0.0011363281640036933,0.0011363279135266026,0.0011363276630863906,0.0011363274126830658,0.0011363271623165987,0.0011363269119869692,0.0011363266616941535,0.0011363264114381537,0.0011363261612189473,0.0011363259110365106,0.0011363256608908341,0.0011363254107818932,0.0011363251607096698,0.0011363249106741558,0.0011363246606753256,0.0011363244107131703,0.0011363241607876638,0.0011363239108987955,0.0011363236610465446,0.001136323411230896,0.001136323161451831,0.0011363229117093317,0.0011363226620033854,0.0011363224123339774,0.001136322162701066,0.0011363219131046787,0.001136321663544776,0.0011363214140213394,0.0011363211645343781,0.0011363209150838276,0.0011363206656696946,0.0011363204162919388,0.0011363201669505874,0.0011363199176456047,0.0011363196683769818,0.0011363194191446944,0.001136319169948714,0.0011363189207890402,0.0011363186716656418,0.0011363184225785122,0.0011363181735276318,0.0011363179245129855,0.0011363176755345595,0.001136317426592314,0.0011363171776862678,0.0011363169288163887,0.0011363166799826705,0.001136316431185077,0.001136316182423601,0.0011363159336982254,0.0011363156850089182,0.0011363154363556937,0.0011363151877385221,0.001136314939157386,0.0011363146906122649,0.0011363144421031501,0.0011363141936300343,0.0011363139451928724,0.0011363136967916636,0.0011363134484263914,0.0011363132000970404,0.0011363129518035923,0.001136312703546017,0.0011363124553243275,0.0011363122071384921,0.0011363119589884966,0.0011363117108743213,0.001136311462795953,0.0011363112147533736,0.001136310966746567,0.001136310718775518,0.001136310470840212,0.0011363102229406269,0.0011363099750767505,0.0011363097272485657,0.001136309479456056,0.0011363092316992052,0.0011363089839779984,0.0011363087362924185,0.0011363084886424491,0.0011363082410280625,0.001136307993449267,0.0011363077459060342,0.0011363074983983482,0.0011363072509261924,0.0011363070034895533,0.00113630675608841,0.0011363065087227496,0.0011363062613925555,0.001136306014097811,0.001136305766838501,0.0011363055196146087,0.0011363052724261183,0.0011363050252730141,0.0011363047781552664,0.001136304531072875,0.0011363042840258379,0.0011363040370141275,0.0011363037900376967,0.0011363035430965735,0.0011363032961907234,0.0011363030493201423,0.0011363028024848057,0.0011363025556847012,0.0011363023089197921,0.0011363020621901279,0.0011363018154955946,0.0011363015688362562,0.0011363013222120335,0.0011363010756229432,0.0011363008290689535,0.0011363005825500909,0.0011363003360663002,0.0011363000896175768,0.0011362998432039105,0.0011362995968252697,0.0011362993504816581,0.0011362991041730564,0.001136298857899445,0.0011362986116608088,0.0011362983654571327,0.001136298119288398,0.0011362978731545926,0.001136297627055721,0.0011362973809917265,0.0011362971349626113,0.001136296888968365,0.0011362966430089627,0.0011362963970843964,0.0011362961511946503,0.0011362959053397017,0.0011362956595195462,0.0011362954137341633,0.0011362951679835338,0.0011362949222676443,0.0011362946765864804,0.00113629443094003,0.001136294185328275,0.0011362939397511988,0.0011362936942087788,0.0011362934487010147,0.0011362932032278794,0.0011362929577893625,0.0011362927123854478,0.001136292467016124,0.0011362922216813338,0.0011362919763811363,0.0011362917311154765,0.0011362914858843423,0.0011362912406877145,0.0011362909955255505,0.0011362907503979028,0.0011362905053047196,0.0011362902602459774,0.0011362900152216732,0.0011362897702317922,0.001136289525276317,0.0011362892803552216,0.0011362890354685185,0.001136288790616176,0.0011362885457981613,0.0011362883010144723,0.0011362880562651285,0.0011362878115500335,0.001136287566869214,0.0011362873222226758,0.0011362870776103718,0.0011362868330323176,0.0011362865884884795,0.0011362863439788554,0.001136286099503401,0.0011362858550621427,0.0011362856106550516,0.0011362853662820942,0.0011362851219432954,0.0011362848776385974,0.0011362846333680136,0.0011362843891314952,0.0011362841449290462,0.0011362839007606508,0.0011362836566262962,0.0011362834125259683,0.0011362831684596513,0.0011362829244273376,0.0011362826804289985,0.001136282436464646,0.0011362821925342222,0.0011362819486377851,0.0011362817047752096,0.0011362814609465566,0.001136281217151787,0.0011362809733909014,0.0011362807296638724,0.0011362804859706846,0.0011362802423113317,0.0011362799986857975,0.001136279755094067,0.0011362795115361097,0.001136279268011938,0.0011362790245215187,0.0011362787810648368,0.0011362785376418851,0.0011362782942526545,0.0011362780508971232,0.0011362778075752786,0.0011362775642871012,0.0011362773210325833,0.0011362770778117017,0.0011362768346244285,0.0011362765914707865,0.0011362763483507472,0.001136276105264289,0.0011362758622113925,0.0011362756191920468,0.001136275376206241,0.0011362751332539597,0.0011362748903351837,0.0011362746474499015,0.0011362744045981007,0.0011362741617797641,0.0011362739189948754,0.0011362736762434253,0.0011362734335253792,0.00113627319084076,0.0011362729481895313,0.0011362727055716799,0.0011362724629871948,0.0011362722204360555,0.0011362719779182526,0.0011362717354337667,0.0011362714929825878,0.0011362712505647054,0.0011362710081800945,0.0011362707658287452,0.0011362705235106478,0.0011362702812257829,0.0011362700389741347,0.0011362697967556988,0.0011362695545704157,0.0011362693124183636,0.0011362690702994489,0.001136268828213682,0.0011362685861610526,0.0011362683441415384,0.0011362681021551276,0.0011362678602018085,0.0011362676182815642,0.0011362673763943823,0.0011362671345402457,0.0011362668927191602,0.0011362666509310642,0.0011362664091759884,0.0011362661674538727,0.0011362659257647637,0.0011362656841086307,0.0011362654424854348,0.001136265200895148,0.0011362649593377881,0.0011362647178133523,0.0011362644763218083,0.0011362642348631366,0.0011362639934373276,0.0011362637520443684,0.0011362635106842434,0.001136263269356939,0.0011362630280624412,0.0011362627868007368,0.0011362625455718098,0.0011362623043756476,0.0011362620632122363,0.0011362618220815638,0.0011362615809836,0.0011362613399183443,0.0011362610988857914,0.001136260857885925,0.0011362606169187243,0.0011362603759841766,0.001136260135082254,0.0011362598942129692,0.001136259653376296,0.0011362594125722187,0.0011362591718007253,0.0011362589310618004,0.0011362586903554306,0.001136258449681603,0.0011362582090403024,0.0011362579684315096,0.0011362577278552222,0.0011362574873114175,0.0011362572468000824,0.001136257006321208,0.0011362567658747868,0.001136256525460789,0.0011362562850792104,0.0011362560447300322,0.0011362558044132446,0.001136255564128829,0.0011362553238767764,0.0011362550836570744,0.001136254843469704,0.0011362546033146566,0.0011362543631919131,0.0011362541231014643,0.001136253883043294,0.0011362536430173887,0.001136253403023738,0.0011362531630623239,0.001136252923133134,0.0011362526832361577,0.0011362524433713777,0.00113625220353878,0.0011362519637383537,0.0011362517239700842,0.001136251484233956,0.0011362512445299588,0.0011362510048580764,0.001136250765218295,0.0011362505256106046,0.001136250286034989,0.0011362500464914347,0.0011362498069799295,0.0011362495675004574,0.0011362493280530077,0.0011362490886375628,0.0011362488492541126,0.0011362486099026454,0.0011362483705831437,0.0011362481312955969,0.0011362478920399748,0.0011362476528162962,0.0011362474136245274,0.0011362471744646413,0.0011362469353366539,0.001136246696240545,0.001136246457176298,0.001136246218143883,0.0011362459791433215,0.0011362457401745667,0.0011362455012376227,0.0011362452623325154,0.0011362450234591558,0.0011362447846175493,0.0011362445458077046,0.0011362443070295908,0.0011362440682832057,0.0011362438295685416,0.0011362435908855745,0.0011362433522342915,0.0011362431136146772,0.001136242875026726,0.001136242636470418,0.0011362423979457464,0.001136242159452685,0.0011362419209912371,0.001136241682561372,0.0011362414441630979,0.0011362412057963945,0.0011362409674612367,0.0011362407291576194,0.0011362404908855177,0.0011362402526449403,0.0011362400144358656,0.0011362397762582806,0.0011362395381121727,0.0011362392999975262,0.0011362390619143264,0.0011362388238625647,0.0011362385858422251,0.0011362383478532947,0.0011362381098957578,0.0011362378719695968,0.0011362376340748107,0.0011362373962113862,0.0011362371583793047,0.0011362369205785514,0.0011362366828091119,0.0011362364450709826,0.0011362362073641457,0.0011362359696885944,0.0011362357320443051,0.00113623549443127,0.0011362352568494742,0.001136235019298899,0.0011362347817795446,0.0011362345442913946,0.00113623430683443,0.001136234069408641,0.0011362338320140154,0.0011362335946505386,0.0011362333573181984,0.0011362331200169857,0.0011362328827468802,0.001136232645507873,0.001136232408299951,0.001136232171123104,0.0011362319339773125,0.0011362316968625674,0.001136231459778859,0.0011362312227261697,0.0011362309857044857,0.0011362307487138023,0.001136230511754101,0.0011362302748253602,0.00113623003792758,0.001136229801060756,0.0011362295642248512,0.0011362293274198776,0.0011362290906458045,0.0011362288539026229,0.0011362286171903227,0.0011362283805088978,0.0011362281438583252,0.001136227907238595,0.0011362276706496917,0.0011362274340916076,0.0011362271975643243,0.001136226961067837,0.0011362267246021228,0.0011362264881671809,0.0011362262517629945,0.0011362260153895494,0.0011362257790468336,0.0011362255427348432,0.0011362253064535416,0.0011362250702029088,0.0011362248339829828,0.0011362245977937207,0.0011362243616351087,0.0011362241255071502,0.0011362238894098095,0.0011362236533430839,0.001136223417306962,0.00113622318130143,0.0011362229453264765,0.0011362227093820883,0.0011362224734682688,0.001136222237584975,0.0011362220017322087,0.0011362217659099583,0.001136221530118211,0.0011362212943569548,0.001136221058626177,0.0011362208229258649,0.0011362205872560065,0.0011362203516165888,0.0011362201160076003,0.0011362198804290278,0.00113621964488086,0.001136219409363085,0.001136219173875687,0.0011362189384186562,0.0011362187029919806,0.001136218467595626,0.0011362182322295802,0.0011362179968938927,0.0011362177615885103,0.0011362175263134333,0.0011362172910686272,0.0011362170558540804,0.0011362168206698004,0.001136216585515755,0.001136216350391946,0.0011362161152983557,0.0011362158802349803,0.0011362156452017914,0.001136215410198785,0.0011362151752259484,0.0011362149402832677,0.0011362147053707342,0.0011362144704883332,0.0011362142356360545,0.0011362140008138845,0.001136213766021812,0.001136213531259807,0.0011362132965278913,0.0011362130618260352,0.0011362128271542283,0.0011362125925124579,0.0011362123579007099,0.0011362121233189772,0.0011362118887672194,0.0011362116542454725,0.0011362114197536995,0.0011362111852918964,0.0011362109508600395,0.0011362107164581174,0.001136210482086124,0.0011362102477440474,0.0011362100134318757,0.0011362097791495936,0.0011362095448971905,0.00113620931067465,0.0011362090764819683,0.0011362088423191316,0.0011362086081861246,0.001136208374082937,0.0011362081400095574,0.0011362079059659717,0.0011362076719521705,0.0011362074379681385,0.001136207204013862,0.001136206970089336,0.0011362067361945468,0.0011362065023294817,0.0011362062684941265,0.0011362060346884711,0.0011362058009124992,0.001136205567166208,0.0011362053334495795,0.0011362050997626033,0.001136204866105267,0.0011362046324775593,0.0011362043988794683,0.0011362041653109804,0.001136203931772087,0.0011362036982627732,0.001136203464783029,0.001136203231332841,0.0011362029979122001,0.0011362027645210923,0.0011362025311595061,0.0011362022978274246,0.0011362020645248468,0.0011362018312517548,0.0011362015980081383,0.0011362013647939848,0.0011362011316092826,0.0011362008984540195,0.0011362006653281847,0.0011362004322317653,0.0011362001991647496,0.0011361999661271278,0.0011361997331188862,0.0011361995001400139,0.0011361992671904985,0.0011361990342703308,0.0011361988013794963,0.001136198568517984,0.0011361983356857827,0.0011361981028828803,0.001136197870109266,0.0011361976373649263,0.0011361974046498482,0.0011361971719640255,0.0011361969393074449,0.0011361967066800937,0.0011361964740819607,0.0011361962415130334,0.001136196008973302,0.0011361957764627476,0.0011361955439813708,0.001136195311529153,0.0011361950791060847,0.0011361948467121532,0.0011361946143473398,0.0011361943820116479,0.0011361941497050577,0.0011361939174275536,0.0011361936851791363,0.0011361934529597853,0.0011361932207694908,0.0011361929886082416,0.001136192756476026,0.0011361925243728315,0.001136192292298648,0.0011361920602534633,0.0011361918282372665,0.001136191596250046,0.0011361913642917902,0.001136191132362488,0.0011361909004621285,0.0011361906685906985,0.0011361904367481884,0.0011361902049345785,0.0011361899731498724,0.0011361897413940507,0.0011361895096671036,0.001136189277969019,0.0011361890462997847,0.0011361888146593914,0.0011361885830478246,0.0011361883514650767,0.0011361881199111355,0.0011361878883859875,0.0011361876568896222,0.0011361874254220306,0.0011361871939831983,0.001136186962573115,0.0011361867311917612,0.001136186499839142,0.0011361862685152389,0.0011361860372200402,0.001136185805953534,0.0011361855747157102,0.0011361853435065722,0.0011361851123260784,0.0011361848811742318,0.001136184650051017,0.001136184418956433,0.001136184187890464,0.0011361839568530977,0.0011361837258443237,0.0011361834948641304,0.0011361832639124976,0.0011361830329894335,0.0011361828020949169,0.0011361825712289358,0.00113618234039148,0.0011361821095825385,0.0011361818788021083,0.001136181648050163,0.0011361814173266953,0.0011361811866316992,0.001136180955965161,0.0011361807253270724,0.0011361804947174145,0.0011361802641361859,0.0011361800335833677,0.0011361798030589533,0.001136179572562935,0.0011361793420953063,0.0011361791116560392,0.0011361788812451327,0.001136178650862573,0.0011361784205083576,0.0011361781901824608,0.0011361779598848783,0.0011361777296155996,0.001136177499374613,0.0011361772691619095,0.0011361770389774796,0.0011361768088212875,0.001136176578693364,0.0011361763485936485,0.0011361761185221914,0.0011361758884789513,0.0011361756584639168,0.00113617542847708,0.0011361751985184275,0.0011361749685879425,0.001136174738685621,0.0011361745088114496,0.001136174278965431,0.001136174049147531,0.001136173819357747,0.0011361735895960721,0.0011361733598624915,0.0011361731301569975,0.0011361729004795789,0.0011361726708302249,0.0011361724412089244,0.0011361722116156937,0.0011361719820504666,0.0011361717525132603,0.001136171523004068,0.0011361712935228751,0.0011361710640696637,0.0011361708346444331,0.0011361706052471685,0.0011361703758778641,0.0011361701465365064,0.0011361699172230788,0.0011361696879375759,0.001136169458679987,0.0011361692294503377,0.0011361690002485382,0.001136168771074627,0.001136168541928582,0.0011361683128103771,0.001136168083720053,0.001136167854657554,0.001136167625622882,0.001136167396616023,0.0011361671676369735,0.00113616693868572,0.0011361667097622508,0.0011361664808665333,0.0011361662519986033,0.0011361660231584167,0.0011361657943459822,0.0011361655655612764,0.0011361653368042956,0.0011361651080750237,0.0011361648793734524,0.0011361646506995698,0.0011361644220533487,0.0011361641934347962,0.0011361639648439171,0.0011361637362806638,0.0011361635077450345,0.001136163279237062,0.001136163050756708,0.001136162822303964,0.0011361625938788099,0.00113616236548124,0.0011361621371112438,0.0011361619087688084,0.0011361616804539253,0.0011361614521665849,0.0011361612239067448,0.0011361609956744565,0.0011361607674696761,0.0011361605392923857,0.001136160311142576,0.001136160083020266,0.001136159854925401,0.001136159626858017,0.0011361593988180613,0.0011361591708055625,0.001136158942820488,0.0011361587148628121,0.001136158486932561,0.0011361582590297054,0.0011361580311542354,0.0011361578033061374,0.0011361575754853962,0.0011361573476920185,0.0011361571199259848,0.0011361568921872825,0.0011361566644759009,0.0011361564367918153,0.0011361562091350512,0.0011361559815055804,0.0011361557539033877,0.0011361555263284652,0.0011361552987808063,0.0011361550712603785,0.0011361548437672103,0.001136154616301272,0.0011361543888625534,0.0011361541614510432,0.0011361539340667306,0.0011361537067096081,0.001136153479379665,0.001136153252076892,0.0011361530248012754,0.0011361527975527817,0.0011361525703314477,0.0011361523431372422,0.0011361521159701227,0.0011361518888301071,0.0011361516617172187,0.0011361514346314,0.0011361512075727027,0.0011361509805410434,0.0011361507535364375,0.0011361505265588471,0.0011361502996082979,0.0011361500726848018,0.0011361498457883226,0.0011361496189188289,0.0011361493920763494,0.0011361491652608548,0.0011361489384723005,0.0011361487117107448,0.0011361484849761424,0.0011361482582684839,0.0011361480315877487,0.0011361478049339464,0.0011361475783070584,0.0011361473517070698,0.0011361471251339797,0.001136146898587772,0.0011361466720684373,0.0011361464455759693,0.001136146219110354,0.0011361459926715822,0.001136145766259633,0.0011361455398745176,0.001136145313516215,0.001136145087184716,0.0011361448608800066,0.0011361446346020495,0.0011361444083508886,0.0011361441821265016,0.001136143955928867,0.0011361437297579726,0.001136143503613809,0.0011361432774963745,0.001136143051405651,0.001136142825341634,0.001136142599304307,0.0011361423732936622,0.0011361421473096924,0.001136141921352383,0.0011361416954217439,0.0011361414695177348,0.0011361412436403605,0.0011361410177896049,0.001136140791965467,0.0011361405661679293,0.0011361403403969876,0.0011361401146526336,0.001136139888934852,0.0011361396632436351,0.0011361394375789707,0.001136139211940848,0.0011361389863292642,0.0011361387607441637,0.0011361385351856173,0.0011361383096535735,0.0011361380841480293,0.00113613785866897,0.0011361376332163831,0.0011361374077902653,0.0011361371823905995,0.0011361369570173838,0.0011361367316705907,0.0011361365063502335,0.0011361362810562944,0.0011361360557887636,0.0011361358305476382,0.0011361356053328918,0.0011361353801445104,0.0011361351549825048,0.0011361349298468603,0.0011361347047375643,0.0011361344796546068,0.0011361342545979686,0.0011361340295676736,0.0011361338045636751,0.001136133579586005,0.0011361333546346028,0.0011361331297094753,0.0011361329048106413,0.0011361326799380481,0.0011361324550917056,0.001136132230271599,0.0011361320054777242,0.0011361317807100722,0.0011361315559686388,0.0011361313312534,0.00113613110656436,0.0011361308819015064,0.001136130657264824,0.0011361304326543303,0.0011361302080699688,0.0011361299835117558,0.0011361297589796754,0.0011361295344737151,0.0011361293099938741,0.0011361290855401377,0.0011361288611125007,0.0011361286367109398,0.0011361284123354647,0.00113612818798606,0.0011361279636627002,0.0011361277393654,0.001136127515094145,0.00113612729084892,0.0011361270666297102,0.0011361268424365091,0.0011361266182693154,0.0011361263941281204,0.00113612617001289,0.0011361259459236486,0.0011361257218603718,0.0011361254978230495,0.0011361252738116454,0.0011361250498262,0.001136124825866685,0.0011361246019330788,0.001136124378025377,0.0011361241541435723,0.0011361239302876535,0.0011361237064576115,0.0011361234826534436,0.001136123258875133,0.0011361230351226697,0.0011361228113960448,0.0011361225876952538,0.0011361223640202847,0.0011361221403711256,0.0011361219167477618,0.001136121693150198,0.001136121469578419,0.0011361212460324164,0.0011361210225121765,0.0011361207990176882,0.0011361205755489544,0.001136120352105955,0.0011361201286886726,0.00113611990529712,0.0011361196819312698,0.0011361194585911177,0.0011361192352766563,0.0011361190119878808,0.0011361187887247751,0.0011361185654873503,0.001136118342275556,0.0011361181190893998,0.0011361178959288746,0.0011361176727939894,0.0011361174496847064,0.0011361172266010405,0.0011361170035429718,0.0011361167805105051,0.0011361165575036027,0.0011361163345222647,0.001136116111566465,0.0011361158886362423,0.0011361156657315582,0.0011361154428524147,0.0011361152199987916,0.0011361149971706732,0.0011361147743680648,0.0011361145515909295,0.0011361143288393018,0.0011361141061131505,0.0011361138834124621,0.0011361136607372351,0.0011361134380874582,0.0011361132154631124,0.0011361129928642091,0.0011361127702907256,0.0011361125477426558,0.0011361123252199839,0.0011361121027227117,0.0011361118802508177,0.0011361116578042943,0.001136111435383148,0.0011361112129873784,0.0011361109906169364,0.001136110768271835,0.0011361105459520625,0.0011361103236576125,0.001136110101388473,0.001136109879144636,0.0011361096569260931,0.0011361094347328146,0.001136109212564831,0.0011361089904221011,0.0011361087683046422,0.0011361085462124332,0.0011361083241454616,0.0011361081021037168,0.0011361078800871975,0.0011361076580958887,0.0011361074361297622,0.0011361072141888502,0.0011361069922731198,0.0011361067703825505,0.0011361065485171475,0.0011361063266769166,0.0011361061048618373,0.0011361058830719,0.0011361056613070904,0.0011361054395674038,0.00113610521785283,0.0011361049961633406,0.001136104774498962,0.0011361045528596508,0.0011361043312454382,0.0011361041096562754,0.0011361038880921888,0.001136103666553151,0.001136103445039156,0.0011361032235501893,0.0011361030020862492,0.0011361027806473215,0.0011361025592333794,0.0011361023378444548,0.0011361021164805157,0.0011361018951415564,0.001136101673827566,0.0011361014525385175,0.0011361012312744408,0.0011361010100353034,0.0011361007888211253,0.0011361005676318319,0.001136100346467492,0.0011361001253280389,0.0011360999042134856,0.0011360996831238197,0.0011360994620590345,0.0011360992410191222,0.0011360990200040724,0.0011360987990138556,0.001136098578048485,0.001136098357107996,0.0011360981361923101,0.0011360979153014423,0.001136097694435385,0.0011360974735941454,0.001136097252777682,0.0011360970319860013,0.0011360968112190972,0.0011360965904769573,0.0011360963697595763,0.0011360961490669422,0.0011360959283990488,0.0011360957077558857,0.0011360954871374636,0.001136095266543737,0.0011360950459747138,0.001136094825430367,0.0011360946049107274,0.0011360943844157684,0.0011360941639454968,0.0011360939434998647,0.001136093723078887,0.0011360935026825533,0.0011360932823108343,0.0011360930619637184,0.0011360928416412818,0.0011360926213434348,0.0011360924010701897,0.0011360921808215342,0.0011360919605974615,0.0011360917403979629,0.0011360915202230472,0.0011360913000726708,0.001136091079946853,0.001136090859845564,0.001136090639768815,0.001136090419716579,0.0011360901996888557,0.0011360899796856378,0.0011360897597069161,0.001136089539752706,0.0011360893198229497,0.0011360890999176651,0.001136088880036842,0.0011360886601804808,0.001136088440348555,0.001136088220541066,0.0011360880007579399,0.001136087780999296,0.0011360875612650629,0.0011360873415552312,0.0011360871218697925,0.0011360869022087484,0.0011360866825720786,0.0011360864629597679,0.0011360862433718159,0.0011360860238082142,0.001136085804268964,0.001136085584754033,0.0011360853652634308,0.0011360851457971458,0.001136084926355168,0.0011360847069374893,0.0011360844875441115,0.0011360842681750155,0.0011360840488301997,0.001136083829509629,0.001136083610213318,0.00113608339094127,0.001136083171693447,0.0011360829524698548,0.0011360827332704858,0.0011360825140953317,0.0011360822949443834,0.0011360820758176318,0.0011360818567150693,0.0011360816376366873,0.0011360814185824774,0.0011360811995524318,0.0011360809805465398,0.0011360807615647915,0.0011360805426071853,0.0011360803236737094,0.0011360801047643546,0.001136079885879064,0.0011360796670179278,0.0011360794481808875,0.0011360792293678955,0.001136079010579024,0.0011360787918142212,0.0011360785730734862,0.0011360783543568015,0.001136078135664163,0.0011360779169955631,0.0011360776983509926,0.0011360774797304417,0.0011360772611339032,0.001136077042561371,0.001136076824012834,0.0011360766054882155,0.0011360763869876491,0.001136076168511054,0.0011360759500584185,0.0011360757316296885,0.001136075513224952,0.0011360752948441533,0.0011360750764872847,0.0011360748581543385,0.0011360746398452696,0.0011360744215601418,0.0011360742032989087,0.0011360739850615619,0.0011360737668480968,0.0011360735486585021,0.001136073330492772,0.001136073112350892,0.0011360728942328277,0.0011360726761386363,0.0011360724580682764,0.0011360722400217366,0.0011360720219990134,0.0011360718040000957,0.0011360715860249744,0.0011360713680736427,0.0011360711501461024,0.001136070932242326,0.001136070714362312,0.0011360704965060553,0.0011360702786735472,0.001136070060864779,0.00113606984307974,0.0011360696253184352,0.0011360694075808362,0.0011360691898669455,0.0011360689721767385,0.0011360687545102376,0.0011360685368674189,0.001136068319248238,0.0011360681016527624,0.0011360678840809442,0.0011360676665327762,0.0011360674490082498,0.0011360672315073536,0.001136067014030067,0.0011360667965764175,0.001136066579146378,0.001136066361739939,0.0011360661443570962,0.001136065926997839,0.0011360657096621584,0.001136065492350042,0.0011360652750614924,0.0011360650577964956,0.0011360648405550398,0.001136064623337123,0.0011360644061427416,0.0011360641889718761,0.0011360639718245207,0.0011360637547006703,0.0011360635376003157,0.0011360633205234495,0.0011360631034700633,0.0011360628864401513,0.0011360626694337007,0.001136062452450709,0.0011360622354911662,0.0011360620185550641,0.0011360618016423866,0.0011360615847531422,0.0011360613678873088,0.0011360611510448872,0.0011360609342258648,0.0011360607174302356,0.0011360605006579898,0.0011360602839091218,0.0011360600671836139,0.001136059850481474,0.001136059633802683,0.0011360594171472393,0.0011360592005151327,0.0011360589839063571,0.001136058767320907,0.0011360585507587612,0.0011360583342199231,0.0011360581177043813,0.001136057901212143,0.0011360576847431701,0.0011360574682974707,0.0011360572518750276,0.001136057035475851,0.0011360568190999245,0.0011360566027472365,0.0011360563864177822,0.0011360561701115642,0.001136055953828555,0.0011360557375687662,0.001136055521332167,0.0011360553051187605,0.0011360550889285424,0.0011360548727614994,0.0011360546566176173,0.0011360544404969434,0.001136054224399415,0.00113605400832501,0.0011360537922737442,0.0011360535762456115,0.001136053360240605,0.0011360531442587039,0.0011360529282999309,0.001136052712364242,0.0011360524964516448,0.0011360522805621313,0.0011360520646957002,0.0011360518488523325,0.0011360516330319941,0.0011360514172347386,0.0011360512014605103,0.0011360509857093399,0.0011360507699811999,0.0011360505542760818,0.0011360503385939773,0.0011360501229348784,0.001136049907298778,0.0011360496916856676,0.0011360494760955604,0.0011360492605284119,0.0011360490449842308,0.0011360488294630308,0.001136048613964769,0.0011360483984894662,0.0011360481830370761,0.0011360479676076215,0.0011360477522010996,0.001136047536817473,0.0011360473214567528,0.0011360471061189056,0.0011360468908039718,0.001136046675511937,0.0011360464602427625,0.0011360462449964547,0.0011360460297730177,0.0011360458145724174,0.0011360455993946696,0.0011360453842397733,0.001136045169107689,0.001136044953998414,0.001136044738911964,0.0011360445238483231,0.001136044308807478,0.001136044093789421,0.001136043878794147,0.0011360436638216504,0.001136043448871921,0.0011360432339449589,0.001136043019040716,0.0011360428041592514,0.001136042589300516,0.0011360423744645055,0.001136042159651239,0.0011360419448606697,0.001136041730092765,0.0011360415153475979,0.0011360413006251378,0.0011360410859253469,0.001136040871248237,0.001136040656593811,0.0011360404419620295,0.001136040227352899,0.0011360400127664169,0.0011360397982025465,0.001136039583661336,0.0011360393691427465,0.0011360391546467769,0.001136038940173433,0.0011360387257226242,0.0011360385112944534,0.0011360382968888688,0.0011360380825058622,0.0011360378681454304,0.0011360376538075566,0.0011360374394922383,0.0011360372251994306,0.0011360370109291954,0.0011360367966815,0.0011360365824563529,0.0011360363682537046,0.0011360361540735716,0.0011360359399159342,0.0011360357257808075,0.0011360355116681541,0.001136035297577978,0.0011360350835102819,0.001136034869465048,0.0011360346554422887,0.0011360344414419778,0.0011360342274640957,0.0011360340135086503,0.0011360337995756336,0.0011360335856650456,0.0011360333717768637,0.001136033157911067,0.0011360329440676898,0.0011360327302467174,0.0011360325164481366,0.0011360323026719111,0.0011360320889180653,0.0011360318751865526,0.001136031661477414,0.0011360314477906245,0.0011360312341261705,0.0011360310204840483,0.001136030806864252,0.001136030593266749,0.0011360303796916036,0.0011360301661387645,0.0011360299526082143,0.001136029739099931,0.0011360295256139287,0.0011360293121501952,0.0011360290987087458,0.0011360288852895392,0.0011360286718926141,0.0011360284585179212,0.0011360282451654408,0.0011360280318351943,0.0011360278185271666,0.0011360276052413566,0.0011360273919777599,0.0011360271787363558,0.0011360269655171435,0.0011360267523201175,0.001136026539145267,0.0011360263259925889,0.0011360261128620635,0.0011360258997537293,0.0011360256866675194,0.0011360254736034507,0.0011360252605615165,0.001136025047541727,0.001136024834544038,0.0011360246215684625,0.0011360244086149839,0.0011360241956836108,0.0011360239827743076,0.0011360237698871216,0.0011360235570220005,0.001136023344178929,0.0011360231313579353,0.001136022918558995,0.0011360227057821025,0.0011360224930272488,0.0011360222802944285,0.0011360220675836253,0.001136021854894849,0.0011360216422280564,0.0011360214295832844,0.0011360212169605178,0.0011360210043597453,0.0011360207917809324,0.0011360205792241126,0.001136020366689243,0.001136020154176355,0.0011360199416854163,0.001136019729216423,0.0011360195167693572,0.0011360193043442352,0.0011360190919410189,0.0011360188795597386,0.0011360186672003502,0.0011360184548628836,0.0011360182425472994,0.0011360180302535964,0.0011360178179817952,0.0011360176057318688,0.00113601739350381,0.001136017181297611,0.001136016969113253,0.0011360167569507533,0.0011360165448100925,0.0011360163326912627,0.0011360161205942402,0.0011360159085190525,0.0011360156964656774,0.0011360154844340922,0.0011360152724243149,0.0011360150604363237,0.0011360148484701315,0.001136014636525717,0.0011360144246030518,0.0011360142127021524,0.0011360140008230032,0.0011360137889655727,0.0011360135771298968,0.0011360133653159667,0.0011360131535237614,0.001136012941753275,0.0011360127300044998,0.0011360125182774256,0.0011360123065720519,0.001136012094888365,0.0011360118832263646,0.0011360116715860404,0.0011360114599673536,0.0011360112483703607,0.001136011036795022,0.001136010825241333,0.0011360106137092833,0.0011360104021988693,0.0011360101907100782,0.0011360099792429087,0.001136009767797353,0.0011360095563734001,0.0011360093449710499,0.0011360091335902913,0.0011360089222311207,0.0011360087108935252,0.0011360084995774985,0.0011360082882830205,0.001136008077010116,0.0011360078657587618,0.0011360076545289502,0.0011360074433206752,0.0011360072321339185,0.0011360070209686976,0.0011360068098249772,0.0011360065987027787,0.0011360063876020789,0.001136006176522886,0.0011360059654651718,0.0011360057544289382,0.0011360055434141783,0.0011360053324208856,0.0011360051214490577,0.0011360049104986998,0.001136004699569767,0.001136004488662271,0.0011360042777762073,0.0011360040669115706,0.0011360038560683525,0.0011360036452465446,0.001136003434446127,0.0011360032236671226,0.0011360030129094944,0.0011360028021732552,0.0011360025914584017,0.001136002380764919,0.0011360021700928,0.001136001959442044,0.0011360017488126351,0.0011360015382045664,0.001136001327617834,0.0011360011170524298,0.0011360009065083496,0.0011360006959855935,0.0011360004854841395,0.0011360002750039858,0.0011360000645451276,0.001135999854107556,0.001135999643691267,0.001135999433296248,0.0011359992229225014,0.001135999012570015,0.0011359988022387828,0.001135998591928797,0.0011359983816400508,0.00113599817137254,0.0011359979611262427,0.0011359977509011788,0.0011359975406973288,0.0011359973305146848,0.0011359971203532407,0.0011359969102129907,0.0011359967000939264,0.00113599648999604,0.0011359962799193282,0.001135996069863795,0.0011359958598294111,0.0011359956498161778,0.0011359954398240917,0.0011359952298531416,0.0011359950199033204,0.00113599480997464,0.001135994600067068,0.0011359943901806094,0.001135994180315268,0.0011359939704710096,0.001135993760647845,0.0011359935508457601,0.0011359933410647585,0.0011359931313048295,0.0011359929215659689,0.0011359927118481652,0.0011359925021514174,0.001135992292475707,0.0011359920828210436,0.0011359918731874072,0.0011359916635747913,0.0011359914539832042,0.0011359912444126182,0.0011359910348630472,0.0011359908253344862,0.0011359906158268953,0.0011359904063402918,0.0011359901968746638,0.0011359899874300052,0.0011359897780063128,0.0011359895686035807,0.0011359893592217927,0.0011359891498609555,0.001135988940521058,0.0011359887312021044,0.001135988521904066,0.0011359883126269453,0.0011359881033707346,0.0011359878941354419,0.0011359876849210242,0.001135987475727506,0.0011359872665548797,0.0011359870574031417,0.0011359868482722628,0.0011359866391622553,0.001135986430073098,0.0011359862210047957,0.0011359860119573365,0.00113598580293072,0.0011359855939249344,0.001135985384939982,0.001135985175975838,0.0011359849670325105,0.0011359847581099913,0.0011359845492082729,0.0011359843403273488,0.0011359841314672087,0.0011359839226278519,0.001135983713809276,0.0011359835050114549,0.0011359832962344015,0.0011359830874781028,0.0011359828787425549,0.001135982670027741,0.0011359824613336616,0.0011359822526603067,0.0011359820440076751,0.0011359818353757572,0.0011359816267645473,0.001135981418174038,0.0011359812096042262,0.0011359810010551027,0.0011359807925266651,0.0011359805840188975,0.0011359803755317786,0.0011359801670653427,0.0011359799586195694,0.0011359797501944468,0.0011359795417899615,0.0011359793334061125,0.0011359791250428915,0.0011359789167003096,0.0011359787083783078,0.0011359785000769522,0.0011359782917961907,0.0011359780835360233,0.0011359778752964515,0.0011359776670774632,0.0011359774588790526,0.0011359772507011975,0.0011359770425439237,0.0011359768344072097,0.001135976626291059,0.0011359764181954493,0.001135976210120377,0.0011359760020658246,0.0011359757940318158,0.0011359755860183172,0.001135975378025352,0.0011359751700528832,0.0011359749621008925,0.0011359747541694243,0.001135974546258439,0.001135974338367935,0.0011359741304979123,0.001135973922648349,0.0011359737148192437,0.0011359735070105834,0.0011359732992223639,0.0011359730914546262,0.0011359728837073246,0.0011359726759804494,0.0011359724682739993,0.0011359722605879764,0.0011359720529223627,0.0011359718452771286,0.001135971637652314,0.0011359714300478811,0.0011359712224638448,0.0011359710149001902,0.001135970807356912,0.0011359705998340048,0.001135970392331445,0.001135970184849248,0.0011359699773874003,0.001135969769945876,0.001135969562524706,0.0011359693551238664,0.001135969147743332,0.0011359689403831314,0.001135968733043224,0.001135968525723647,0.0011359683184243615,0.0011359681111453564,0.001135967903886651,0.0011359676966482038,0.0011359674894300294,0.0011359672822321273,0.001135967075054507,0.001135966867897111,0.0011359666607599808,0.0011359664536431057,0.0011359662465464503,0.0011359660394700316,0.0011359658324138317,0.0011359656253778553,0.0011359654183620974,0.0011359652113665355,0.0011359650043911524,0.0011359647974359813,0.001135964590500986,0.0011359643835861697,0.0011359641766915294,0.0011359639698170676,0.0011359637629627512,0.0011359635561285961,0.0011359633493145864,0.001135963142520712,0.0011359629357469794,0.0011359627289933645,0.0011359625222598856,0.0011359623155465317,0.0011359621088532815,0.0011359619021801296,0.0011359616955270888,0.0011359614888941261,0.0011359612822812479,0.001135961075688431,0.0011359608691157168,0.0011359606625630722,0.0011359604560304672,0.0011359602495179299,0.001135960043025451,0.0011359598365530128,0.0011359596301005945,0.001135959423668193,0.0011359592172558305,0.001135959010863484,0.0011359588044911563,0.0011359585981388465,0.001135958391806484,0.00113595818549415,0.0011359579792017942,0.0011359577729294272,0.001135957566677032,0.0011359573604446105,0.0011359571542321615,0.0011359569480396587,0.0011359567418671153,0.0011359565357145053,0.001135956329581846,0.0011359561234690983,0.001135955917376286,0.0011359557113033985,0.001135955505250429,0.0011359552992173646,0.0011359550932041932,0.0011359548872109193,0.0011359546812375176,0.0011359544752840296,0.0011359542693503985,0.0011359540634366598,0.0011359538575427754,0.0011359536516687412,0.0011359534458145802,0.0011359532399802571,0.0011359530341657727,0.001135952828371118,0.001135952622596272,0.0011359524168412815,0.0011359522111060978,0.001135952005390716,0.0011359517996951576,0.0011359515940193776,0.0011359513883633893,0.0011359511827272,0.0011359509771107787,0.00113595077151415,0.0011359505659372855,0.0011359503603801814,0.0011359501548428076,0.001135949949325205,0.0011359497438273567,0.001135949538349216,0.0011359493328908206,0.001135949127452154,0.0011359489220332036,0.0011359487166339632,0.001135948511254438,0.0011359483058946155,0.0011359481005544987,0.0011359478952340594,0.0011359476899333062,0.001135947484652237,0.0011359472793908434,0.0011359470741491022,0.0011359468689270324,0.0011359466637246092,0.0011359464585418263,0.001135946253378693,0.0011359460482351894,0.0011359458431113051,0.0011359456380070623,0.0011359454329224437,0.0011359452278574323,0.0011359450228120322,0.001135944817786235,0.0011359446127800173,0.0011359444077933946,0.0011359442028263617,0.0011359439978789047,0.0011359437929510164,0.0011359435880426705,0.0011359433831538953,0.001135943178284676,0.001135942973435,0.0011359427686048766,0.00113594256379429,0.0011359423590032317,0.0011359421542316965,0.001135941949479671,0.001135941744747161,0.0011359415400341549,0.00113594133534065,0.001135941130666654,0.00113594092601213,0.00113594072137709,0.0011359405167615203,0.0011359403121654322,0.0011359401075888029,0.001135939903031638,0.00113593969849392,0.0011359394939756482,0.001135939289476822,0.001135939084997432,0.0011359388805374708,0.0011359386760969325,0.0011359384716758004,0.0011359382672740913,0.0011359380628917872,0.0011359378585288793,0.0011359376541853817,0.001135937449861255,0.001135937245556509,0.0011359370412711391,0.001135936837005145,0.0011359366327585235,0.0011359364285312683,0.0011359362243233517,0.0011359360201347822,0.001135935815965547,0.0011359356118156563,0.0011359354076850975,0.0011359352035738605,0.0011359349994819478,0.0011359347954093485,0.001135934591356056,0.0011359343873220584,0.0011359341833073564,0.001135933979311948,0.0011359337753358175,0.0011359335713789728,0.0011359333674413972,0.001135933163523083,0.0011359329596240448,0.0011359327557442496,0.0011359325518837018,0.001135932348042403,0.0011359321442203352,0.001135931940417501,0.0011359317366338977,0.0011359315328695126,0.0011359313291243434,0.0011359311253983707,0.0011359309216916005,0.001135930718004038,0.001135930514335665,0.001135930310686472,0.001135930107056457,0.0011359299034456303,0.001135929699853964,0.0011359294962814584,0.0011359292927281062,0.0011359290891939059,0.0011359288856788517,0.0011359286821829506,0.0011359284787061817,0.0011359282752485302,0.0011359280718100083,0.0011359278683906022,0.0011359276649903101,0.0011359274616091202,0.0011359272582470421,0.0011359270549040489,0.0011359268515801493,0.0011359266482753256,0.0011359264449895855,0.001135926241722914,0.0011359260384753132,0.001135925835246734,0.001135925632037253,0.0011359254288467772,0.0011359252256753739,0.0011359250225230217,0.001135924819389686,0.0011359246162753894,0.0011359244131801073,0.0011359242101038403,0.0011359240070465708,0.0011359238040082632,0.0011359236009890112,0.001135923397988753,0.0011359231950074796,0.0011359229920451781,0.0011359227891018632,0.0011359225861775136,0.0011359223832721214,0.0011359221803857156,0.0011359219775182428,0.0011359217746697162,0.001135921571840134,0.0011359213690294793,0.0011359211662377588,0.0011359209634649813,0.001135920760711101,0.001135920557976146,0.0011359203552600942,0.001135920152562948,0.0011359199498846917,0.0011359197472253306,0.001135919544584856,0.001135919341963266,0.001135919139360547,0.0011359189367766995,0.0011359187342117097,0.0011359185316655838,0.0011359183291382996,0.001135918126629873,0.0011359179241402803,0.001135917721669531,0.0011359175192176168,0.0011359173167845215,0.0011359171143702361,0.0011359169119747729,0.001135916709598115,0.0011359165072402585,0.0011359163049012003,0.0011359161025809351,0.0011359159002794518,0.0011359156979967526,0.001135915495732824,0.001135915293487661,0.001135915091261263,0.0011359148890536222,0.0011359146868647385,0.0011359144846946041,0.0011359142825432009,0.0011359140804105435,0.0011359138782966172,0.0011359136762014114,0.0011359134741249191,0.001135913272067144,0.0011359130700280818,0.0011359128680077225,0.001135912666006063,0.0011359124640230958,0.0011359122620588124,0.001135912060113206,0.001135911858186281,0.0011359116562780235,0.0011359114543884213,0.0011359112525174868,0.0011359110506652067,0.0011359108488315699,0.0011359106470165763,0.001135910445220221,0.0011359102434425029,0.001135910041683422,0.0011359098399429492,0.0011359096382210897,0.0011359094365178332,0.0011359092348331911,0.001135909033167148,0.0011359088315196914,0.001135908629890829,0.0011359084282805475,0.001135908226688844,0.001135908025115713,0.0011359078235611418,0.0011359076220251354,0.0011359074205076877,0.0011359072190087903,0.0011359070175284375,0.0011359068160666124,0.0011359066146233328,0.0011359064131985775,0.0011359062117923494,0.0011359060104046326,0.001135905809035409,0.001135905607684709,0.0011359054063525015,0.0011359052050388047,0.0011359050037435972,0.0011359048024668504,0.0011359046012085967,0.001135904399968828,0.001135904198747522,0.001135903997544682,0.001135903796360298,0.0011359035951943772,0.0011359033940468888,0.001135903192917835,0.0011359029918072406,0.0011359027907150768,0.0011359025896413339,0.001135902388586006,0.0011359021875490935,0.001135901986530598,0.001135901785530511,0.0011359015845488231,0.0011359013835855285,0.0011359011826405998,0.0011359009817140744,0.0011359007808059546,0.0011359005799161548,0.001135900379044738,0.0011359001781916873,0.0011358999773569893,0.0011358997765406544,0.0011358995757426637,0.00113589937496299,0.0011358991742016766,0.0011358989734586878,0.0011358987727340128,0.001135898572027656,0.0011358983713396211,0.0011358981706699018,0.0011358979700185092,0.0011358977693853918,0.0011358975687705975,0.0011358973681740501,0.001135897167595795,0.0011358969670358006,0.0011358967664940906,0.0011358965659706488,0.0011358963654654682,0.001135896164978537,0.0011358959645098624,0.0011358957640594362,0.001135895563627241,0.001135895363213289,0.001135895162817567,0.0011358949624400683,0.001135894762080787,0.0011358945617397172,0.0011358943614168684,0.001135894161112215,0.0011358939608257562,0.0011358937605574898,0.001135893560307413,0.0011358933600755163,0.0011358931598617976,0.0011358929596662398,0.0011358927594888578,0.0011358925593296099,0.0011358923591885325,0.0011358921590656167,0.0011358919589608495,0.0011358917588742527,0.0011358915588057588,0.0011358913587553973,0.0011358911587231568,0.0011358909587090384,0.001135890758713027,0.0011358905587351307,0.0011358903587753374,0.0011358901588336362,0.0011358899589100344,0.0011358897590045232,0.0011358895591170955,0.0011358893592477398,0.0011358891593964684,0.0011358889595632549,0.0011358887597481054,0.0011358885599510125,0.0011358883601719737,0.001135888160410975,0.0011358879606680188,0.0011358877609430758,0.0011358875612361842,0.0011358873615473072,0.0011358871618764644,0.0011358869622236389,0.0011358867625888243,0.0011358865629720121,0.0011358863633731857,0.0011358861637923649,0.001135885964229537,0.0011358857646846727,0.0011358855651577824,0.0011358853656488889,0.0011358851661579486,0.0011358849666849942,0.0011358847672299993,0.0011358845677929626,0.0011358843683738676,0.0011358841689727021,0.0011358839695894626,0.0011358837702241788,0.0011358835708768357,0.0011358833715474099,0.0011358831722359003,0.0011358829729423057,0.0011358827736666147,0.001135882574408824,0.0011358823751689328,0.001135882175946937,0.0011358819767428292,0.0011358817775566016,0.001135881578388263,0.0011358813792377654,0.001135881180105102,0.0011358809809903518,0.0011358807818934605,0.0011358805828144507,0.0011358803837532593,0.001135880184709903,0.0011358799856843937,0.0011358797866766765,0.001135879587686815,0.0011358793887147757,0.001135879189760551,0.0011358789908241472,0.001135878791905539,0.0011358785930047242,0.0011358783941216935,0.0011358781952564762,0.0011358779964090418,0.0011358777975793769,0.0011358775987674985,0.0011358773999733903,0.0011358772011971082,0.0011358770024385222,0.0011358768036976944,0.0011358766049746228,0.0011358764062692794,0.0011358762075816926,0.0011358760089118308,0.0011358758102596913,0.0011358756116252907,0.0011358754130086108,0.0011358752144096426,0.0011358750158283924,0.0011358748172648426,0.0011358746187189967,0.0011358744201908403,0.0011358742216803796,0.0011358740231875986,0.0011358738247124857,0.0011358736262550605,0.0011358734278153078,0.0011358732293932179,0.0011358730309887696,0.0011358728326019978,0.001135872634232867,0.0011358724358813907,0.0011358722375475517,0.0011358720392313402,0.0011358718409327686,0.0011358716426518153,0.001135871444388484,0.0011358712461427606,0.0011358710479146504,0.0011358708497041627,0.0011358706515112952,0.0011358704533359868,0.0011358702551782704,0.0011358700570381402,0.0011358698589155954,0.0011358696608106255,0.0011358694627231995,0.0011358692646533555,0.0011358690666010687,0.0011358688685663388,0.0011358686705491602,0.001135868472549537,0.0011358682745674345,0.001135868076602878,0.0011358678786558675,0.0011358676807263685,0.0011358674828143964,0.001135867284919939,0.001135867087042991,0.0011358668891835507,0.0011358666913415744,0.0011358664935171273,0.0011358662957101741,0.0011358660979207047,0.001135865900148717,0.001135865702394224,0.0011358655046571611,0.0011358653069375938,0.0011358651092354798,0.0011358649115508273,0.001135864713883615,0.001135864516233867,0.0011358643186015565,0.0011358641209866817,0.0011358639233892448,0.0011358637258092343,0.0011358635282466573,0.0011358633307014894,0.0011358631331737335,0.0011358629356634225,0.0011358627381704743,0.0011358625406949249,0.0011358623432367865,0.0011358621457960175,0.001135861948372617,0.0011358617509666024,0.0011358615535779762,0.0011358613562067153,0.0011358611588528258,0.0011358609615162822,0.0011358607641970984,0.00113586056689527,0.0011358603696107737,0.0011358601723436303,0.0011358599750938183,0.0011358597778613386,0.0011358595806461862,0.0011358593834483544,0.001135859186267834,0.0011358589891046253,0.0011358587919587265,0.0011358585948301125,0.0011358583977188082,0.0011358582006247995,0.0011358580035480794,0.0011358578064886394,0.0011358576094464721,0.001135857412421577,0.0011358572154139548,0.0011358570184236045,0.0011358568214505029,0.001135856624494669,0.001135856427556069,0.0011358562306347127,0.0011358560337305951,0.001135855836843712,0.001135855639974058,0.0011358554431216282,0.001135855246286418,0.001135855049468423,0.0011358548526676376,0.0011358546558840573,0.0011358544591176783,0.0011358542623684943,0.0011358540656365012,0.0011358538689216942,0.001135853672224069,0.00113585347554362,0.0011358532788803431,0.0011358530822342336,0.0011358528856052858,0.0011358526889934958,0.001135852492398859,0.0011358522958213662,0.0011358520992610203,0.001135851902717813,0.0011358517061917399,0.0011358515096827947,0.0011358513131909745,0.0011358511167162738,0.0011358509202586877,0.0011358507238182112,0.0011358505273948406,0.0011358503309885704,0.0011358501345993966,0.0011358499382273129,0.0011358497418723166,0.0011358495455344013,0.0011358493492135636,0.0011358491529097972,0.0011358489566231104,0.001135848760353475,0.0011358485641008971,0.0011358483678653721,0.0011358481716468962,0.0011358479754454641,0.0011358477792610718,0.0011358475830937128,0.001135847386943385,0.0011358471908100814,0.001135846994693798,0.0011358467985945313,0.0011358466025122751,0.001135846406447025,0.0011358462103987766,0.001135846014367525,0.0011358458183532657,0.0011358456223559941,0.0011358454263757048,0.0011358452304123952,0.0011358450344660573,0.0011358448385366889,0.0011358446426242845,0.0011358444467288395,0.0011358442508503503,0.00113584405498881,0.0011358438591442157,0.0011358436633165628,0.0011358434675058451,0.001135843271712059,0.0011358430759351996,0.0011358428801752638,0.001135842684432244,0.0011358424887061385,0.0011358422929969383,0.0011358420973046443,0.001135841901629249,0.001135841705970747,0.0011358415103291356,0.0011358413147044089,0.0011358411190965625,0.0011358409235055923,0.0011358407279314928,0.0011358405323742599,0.0011358403368338886,0.0011358401413103755,0.001135839945803714,0.0011358397503139009,0.0011358395548409315,0.0011358393593848004,0.0011358391639455037,0.0011358389685230364,0.0011358387731173936,0.0011358385777285713,0.0011358383823565652,0.0011358381870013705,0.0011358379916629815,0.0011358377963413947,0.001135837601036605,0.001135837405748608,0.0011358372104773998,0.001135837015222981,0.001135836819985335,0.0011358366247644631,0.0011358364295603611,0.001135836234373015,0.001135836039202439,0.0011358358440486185,0.00113583564891155,0.0011358354537912279,0.0011358352586876485,0.0011358350636008062,0.0011358348685306973,0.001135834673477318,0.001135834478440662,0.0011358342834207255,0.0011358340884175045,0.0011358338934309702,0.0011358336984611645,0.0011358335035080605,0.0011358333085716532,0.0011358331136519374,0.001135832918748893,0.0011358327238625483,0.0011358325289928823,0.00113583233413989,0.0011358321393035674,0.0011358319444839096,0.001135831749680912,0.0011358315548945705,0.0011358313601248608,0.001135831165371818,0.0011358309706354167,0.0011358307759156481,0.0011358305812125178,0.0011358303865260043,0.0011358301918561067,0.0011358299972028451,0.0011358298025662017,0.0011358296079461653,0.0011358294133427395,0.0011358292187559147,0.0011358290241856852,0.00113582882963205,0.0011358286350950126,0.0011358284405745495,0.0011358282460706653,0.00113582805158334,0.0011358278571125952,0.001135827662658421,0.0011358274682208142,0.0011358272737997579,0.0011358270793952465,0.0011358268850072903,0.0011358266906358765,0.0011358264962810002,0.0011358263019426598,0.0011358261076208586,0.0011358259133155814,0.0011358257190268123,0.0011358255247545573,0.0011358253304988187,0.0011358251362595993,0.0011358249420368731,0.0011358247478306454,0.0011358245536409119,0.0011358243594676673,0.001135824165310908,0.0011358239711706133,0.001135823777046811,0.0011358235829394805,0.0011358233888486163,0.0011358231947742156,0.001135823000716273,0.0011358228066747846,0.0011358226126497457,0.0011358224186411527,0.0011358222246489974,0.00113582203067328,0.0011358218367139815,0.0011358216427711236,0.0011358214488446884,0.001135821254934672,0.001135821061041068,0.0011358208671638367,0.001135820673303049,0.0011358204794586616,0.0011358202856306826,0.0011358200918190936,0.0011358198980238835,0.0011358197042450552,0.0011358195104826157,0.0011358193167365406,0.0011358191230068347,0.001135818929293493,0.0011358187355965145,0.0011358185419158924,0.0011358183482516322,0.0011358181546037105,0.001135817960972141,0.0011358177673569023,0.0011358175737579985,0.0011358173801754336,0.0011358171866091855,0.001135816993059259,0.0011358167995256436,0.0011358166060083557,0.0011358164125073774,0.0011358162190226915,0.0011358160255543071,0.0011358158321022275,0.0011358156386664395,0.0011358154452469336,0.0011358152518437046,0.001135815058456763,0.001135814865086095,0.001135814671731687,0.001135814478393544,0.0011358142850716613,0.0011358140917660348,0.0011358138984766614,0.001135813705203542,0.0011358135119466576,0.0011358133187060126,0.0011358131254816082,0.0011358129322734264,0.0011358127390814687,0.0011358125459057346,0.001135812352746219,0.0011358121596029142,0.0011358119664758202,0.0011358117733649357,0.0011358115802702449,0.0011358113871917552,0.0011358111941294506,0.0011358110010833307,0.0011358108080533951,0.001135810615039636,0.0011358104220420522,0.0011358102290606384,0.0011358100360953952,0.001135809843146307,0.001135809650213339,0.0011358094572965652,0.0011358092643959316,0.0011358090715114398,0.0011358088786430907,0.0011358086857908621,0.0011358084929547786,0.0011358083001348216,0.0011358081073309834,0.0011358079145432644,0.0011358077217716684,0.0011358075290161737,0.0011358073362767842,0.0011358071435534954,0.001135806950846303,0.0011358067581552019,0.0011358065654801877,0.001135806372821201,0.0011358061801783608,0.001135805987551586,0.0011358057949408815,0.0011358056023462438,0.0011358054097676666,0.0011358052172051492,0.001135805024658625,0.0011358048321282105,0.0011358046396138406,0.0011358044471155204,0.001135804254633228,0.0011358040621669689,0.0011358038697167013,0.001135803677282487,0.0011358034848642984,0.0011358032924621234,0.001135803100075919,0.0011358029077057922,0.0011358027153516369,0.001135802523013429,0.001135802330691268,0.0011358021383851076,0.0011358019460949319,0.001135801753820738,0.0011358015615625125,0.0011358013693202659,0.0011358011770939288,0.0011358009848836184,0.0011358007926892582,0.001135800600510828,0.001135800408348359,0.001135800216201855,0.0011358000240712944,0.001135799831956671,0.0011357996398579852,0.0011357994477752356,0.0011357992557084063,0.0011357990636574739,0.001135798871622486,0.0011357986796034082,0.0011357984876002442,0.0011357982956129633,0.0011357981036416056,0.0011357979116861355,0.0011357977197465508,0.0011357975278228783,0.0011357973359150866,0.0011357971440231717,0.001135796952147128,0.0011357967602869613,0.0011357965684426494,0.0011357963766142139,0.0011357961848016383,0.0011357959930049252,0.0011357958012240582,0.0011357956094590355,0.0011357954177098574,0.0011357952259765166,0.0011357950342590119,0.0011357948425573371,0.0011357946508714896,0.0011357944592014632,0.0011357942675472629,0.0011357940759088665,0.0011357938842862809,0.0011357936926795036,0.0011357935010885094,0.0011357933095133357,0.0011357931179539484,0.0011357929264103506,0.001135792734882526,0.0011357925433704897,0.0011357923518742314,0.0011357921603937476,0.001135791968929014,0.0011357917774800596,0.001135791586046869,0.001135791394629416,0.0011357912032277295,0.0011357910118417987,0.001135790820471609,0.0011357906291171508,0.001135790437778429,0.0011357902464554362,0.0011357900551481719,0.001135789863856626,0.0011357896725808045,0.0011357894813206852,0.0011357892900762854,0.0011357890988475936,0.0011357889076346092,0.0011357887164373135,0.0011357885252557042,0.0011357883340898044,0.0011357881429395714,0.0011357879518050199,0.0011357877606861541,0.0011357875695829677,0.0011357873784954445,0.0011357871874235908,0.0011357869963673965,0.0011357868053268507,0.001135786614301976,0.0011357864232927391,0.0011357862322991458,0.0011357860413211884,0.0011357858503588747,0.0011357856594121998,0.001135785468481152,0.001135785277565722,0.001135785086665918,0.001135784895781725,0.0011357847049131447,0.0011357845140601709,0.0011357843232227868,0.0011357841324010174,0.001135783941594835,0.0011357837508042513,0.0011357835600292483,0.0011357833692698387,0.0011357831785260082,0.0011357829877977562,0.001135782797085072,0.0011357826063879406,0.0011357824157063887,0.0011357822250403823,0.0011357820343899456,0.0011357818437550493,0.0011357816531356927,0.0011357814625318856,0.0011357812719436278,0.0011357810813709054,0.0011357808908137154,0.0011357807002720511,0.0011357805097459114,0.0011357803192352945,0.0011357801287401968,0.0011357799382605853,0.0011357797477964985,0.001135779557347913,0.0011357793669148249,0.001135779176497238,0.0011357789860951379,0.001135778795708525,0.001135778605337398,0.0011357784149817458,0.0011357782246415762,0.0011357780343168413,0.0011357778440075931,0.001135777653713812,0.0011357774634354943,0.001135777273172616,0.0011357770829252027,0.0011357768926932262,0.0011357767024767031,0.0011357765122756173,0.0011357763220899678,0.001135776131919738,0.0011357759417649474,0.0011357757516255772,0.0011357755615016253,0.001135775371393086,0.0011357751812999361,0.0011357749912222252,0.001135774801159924,0.0011357746111130174,0.0011357744210814937,0.0011357742310653418,0.001135774041064598,0.0011357738510792365,0.0011357736611092536,0.0011357734711546464,0.001135773281215414,0.0011357730912915443,0.001135772901383027,0.0011357727114898837,0.0011357725216120927,0.001135772331749653,0.0011357721419025576,0.001135771952070809,0.0011357717622543975,0.0011357715724533222,0.001135771382667566,0.0011357711928971276,0.0011357710031420342,0.0011357708134022814,0.0011357706236778185,0.0011357704339686825,0.0011357702442748284,0.0011357700545962955,0.0011357698649330644,0.0011357696752851293,0.0011357694856524863,0.0011357692960351322,0.0011357691064330596,0.0011357689168462698,0.001135768727274768,0.0011357685377185241,0.001135768348177548,0.00113576815865184,0.0011357679691413884,0.0011357677796461645,0.0011357675901662347,0.0011357674007015364,0.0011357672112520894,0.0011357670218178873,0.0011357668323989393,0.001135766642995207,0.0011357664536067035,0.0011357662642334217,0.0011357660748753772,0.0011357658855325398,0.001135765696204913,0.0011357655068925056,0.0011357653175953079,0.0011357651283133144,0.0011357649390465081,0.0011357647497949063,0.001135764560558496,0.0011357643713372854,0.0011357641821312416,0.001135763992940366,0.0011357638037646628,0.0011357636146041474,0.0011357634254587844,0.0011357632363285953,0.0011357630472135526,0.0011357628581136747,0.001135762669028915,0.0011357624799593425,0.0011357622909049104,0.0011357621018656088,0.0011357619128414423,0.0011357617238324132,0.0011357615348385071,0.0011357613458597246,0.0011357611568960666,0.0011357609679475214,0.0011357607790141097,0.0011357605900958073,0.0011357604011925908,0.001135760212304473,0.0011357600234314549,0.0011357598345735312,0.001135759645730695,0.001135759456902948,0.001135759268090299,0.0011357590792927116,0.0011357588905101933,0.0011357587017427437,0.0011357585129903734,0.0011357583242530538,0.0011357581355308077,0.0011357579468236113,0.0011357577581314648,0.0011357575694543674,0.0011357573807923118,0.0011357571921452973,0.0011357570035133177,0.0011357568148963725,0.001135756626294477,0.0011357564377075821,0.0011357562491357124,0.0011357560605788708,0.0011357558720370285,0.001135755683510181,0.0011357554949983644,0.001135755306501541,0.0011357551180197142,0.0011357549295528955,0.0011357547411010535,0.0011357545526641984,0.0011357543642423256,0.0011357541758354323,0.0011357539874435145,0.001135753799066567,0.0011357536107045967,0.001135753422357599,0.0011357532340255494,0.001135753045708458,0.00113575285740632,0.0011357526691191232,0.0011357524808468704,0.0011357522925895592,0.0011357521043471857,0.001135751916119745,0.0011357517279072336,0.001135751539709646,0.0011357513515269846,0.001135751163359241,0.0011357509752064128,0.0011357507870684992,0.001135750598945524,0.0011357504108374169,0.0011357502227442094,0.0011357500346658976,0.0011357498466024805,0.0011357496585539491,0.0011357494705203019,0.0011357492825015368,0.0011357490944976477,0.0011357489065086318,0.001135748718534486,0.0011357485305752064,0.001135748342630788,0.0011357481547012464,0.0011357479667865548,0.0011357477788867002,0.0011357475910016928,0.0011357474031315287,0.0011357472152762043,0.001135747027435716,0.0011357468396100577,0.001135746651799245,0.0011357464640032412,0.0011357462762220589,0.0011357460884556933,0.0011357459007041398,0.0011357457129673979,0.0011357455252454618,0.0011357453375383261,0.0011357451498459894,0.001135744962168448,0.0011357447745056985,0.0011357445868577357,0.001135744399224556,0.0011357442116061555,0.0011357440240025334,0.001135743836413683,0.0011357436488396145,0.0011357434612803013,0.0011357432737357461,0.0011357430862059107,0.0011357428986908675,0.0011357427111905727,0.001135742523705026,0.001135742336234222,0.0011357421487781572,0.0011357419613368285,0.0011357417739102336,0.0011357415864983616,0.0011357413991012171,0.0011357412117187916,0.001135741024351085,0.001135740836998091,0.001135740649659806,0.0011357404623362783,0.0011357402750274011,0.0011357400877332344,0.0011357399004537521,0.0011357397131889601,0.0011357395259388565,0.0011357393387034372,0.0011357391514826962,0.001135738964276645,0.0011357387770852539,0.0011357385899085327,0.0011357384027464684,0.0011357382155990398,0.0011357380284663043,0.0011357378413482224,0.0011357376542447965,0.001135737467156004,0.0011357372800818704,0.0011357370930223658,0.001135736905977502,0.001135736718947272,0.0011357365319316685,0.0011357363449306917,0.0011357361579443358,0.0011357359709725982,0.0011357357840154762,0.0011357355970729635,0.0011357354101450572,0.0011357352232317555,0.0011357350363330524,0.0011357348494489355,0.0011357346625794234,0.0011357344757244989,0.001135734288884113,0.0011357341020583548,0.0011357339152471765,0.0011357337284505727,0.001135733541668544,0.001135733354901064,0.0011357331681481593,0.0011357329814097965,0.0011357327946860097,0.0011357326079767724,0.0011357324212820875,0.0011357322346019416,0.0011357320479363588,0.0011357318612852964,0.0011357316746487677,0.001135731488026769,0.0011357313014192813,0.0011357311148263338,0.0011357309282479067,0.001135730741683995,0.0011357305551345901,0.0011357303685997024,0.0011357301820793186,0.0011357299955734367,0.001135729809082054,0.001135729622605119,0.0011357294361427207,0.0011357292496948122,0.0011357290632613862,0.0011357288768424427,0.0011357286904379758,0.0011357285040479658,0.0011357283176724425,0.0011357281313113833,0.0011357279449647874,0.0011357277586326493,0.001135727572314967,0.001135727386011734,0.0011357271997229441,0.0011357270134486055,0.0011357268271887087,0.0011357266409432484,0.0011357264547122224,0.0011357262684956201,0.0011357260822934501,0.0011357258961057011,0.0011357257099323672,0.0011357255237734558,0.0011357253376289716,0.0011357251514988844,0.0011357249653832033,0.0011357247792819236,0.0011357245931950322,0.0011357244071225452,0.0011357242210644483,0.0011357240350207468,0.0011357238489914214,0.0011357236629764757,0.0011357234769759051,0.0011357232909897108,0.0011357231050178852,0.0011357229190604359,0.0011357227331173405,0.001135722547188603,0.0011357223612742217,0.0011357221753742035,0.001135721989488523,0.0011357218036171812,0.0011357216177601986,0.0011357214319175433,0.0011357212460892197,0.0011357210602752279,0.0011357208744755475,0.001135720688690209,0.0011357205029191879,0.0011357203171624846,0.001135720131420093,0.001135719945692016,0.0011357197599782412,0.0011357195742787742,0.001135719388593602,0.001135719202922725,0.0011357190172661394,0.0011357188316238422,0.0011357186459958293,0.001135718460382099,0.0011357182747826465,0.0011357180891974688,0.0011357179036265627,0.0011357177180699245,0.00113571753252755,0.0011357173469994366,0.0011357171614855793,0.0011357169759859754,0.0011357167905006206,0.0011357166050295145,0.0011357164195726496,0.0011357162341300254,0.0011357160487016885,0.0011357158632875324,0.0011357156778876072,0.0011357154925019058,0.0011357153071304277,0.0011357151217731675,0.001135714936430123,0.0011357147511012894,0.0011357145657866646,0.001135714380486244,0.0011357141952000247,0.0011357140099280028,0.0011357138246701757,0.00113571363942654,0.0011357134541970912,0.0011357132689818257,0.0011357130837807406,0.0011357128985938336,0.0011357127134210996,0.0011357125282625356,0.0011357123431181377,0.0011357121579879028,0.0011357119728718286,0.0011357117877699092,0.0011357116026821433,0.001135711417608527,0.0011357112325490553,0.0011357110475037257,0.001135710862472536,0.001135710677455481,0.00113571049245256,0.0011357103074637659,0.0011357101224890977,0.001135709937528551,0.001135709752582123,0.0011357095676498088,0.0011357093827316057,0.001135709197827511
5,0.0,0.0,0.0,0.0,0.0,0.0,0.0,0.0,0.0,0.0,0.0,0.0,0.0,0.0,0.0,0.0,0.0,0.0,0.0,0.0,0.0,0.0,0.0,0.0,0.0,0.0,0.0,0.0,0.0,0.0,0.0,0.0,0.0,0.0,0.0,0.0,0.0,0.0,0.0,0.0,0.0,0.0,0.0,0.0,0.0,0.0,0.0,0.0,0.0,0.0,0.0,0.0,0.0,0.0,0.0,0.0,0.0,0.0,0.0,0.0,0.0,0.0,0.0,0.0,0.0,0.0,0.0,0.0,0.0,0.0,0.0,0.0,0.0,0.0,0.0,0.0,0.0,0.0,0.0,0.0,0.0,0.0,0.0,0.0,0.0,0.0,0.0,0.0,0.0,0.0,0.0,0.0,0.0,0.0,0.0,0.0,0.0,0.0,0.0,0.0,0.0,0.0,0.0,0.0,0.0,0.0,0.0,0.0,0.0,0.0,0.0,0.0,0.0,0.0,0.0,0.0,0.0,0.0,0.0,0.0,0.0,0.0,0.0,0.0,0.0,0.0,0.0,0.0,0.0,0.0,0.0,0.0,0.0,0.0,0.0,0.0,0.0,0.0,0.0,0.0,0.0,0.0,0.0,0.0,0.0,0.0,0.0,0.0,0.0,0.0,0.0,0.0,0.0,0.0,0.0,0.0,0.0,0.0,0.0,0.0,0.0,0.0,0.0,0.0,0.0,0.0,0.0,0.0,0.0,0.0,0.0,0.0,0.0,0.0,0.0,0.0,0.0,0.0,0.0,0.0,0.0,0.0,0.0,0.0,0.0,0.0,0.0,0.0,0.0,0.0,0.0,0.0,0.0,0.0,0.0,0.0,0.0,0.0,0.0,0.0,0.0,0.0,0.0,0.0,0.0,0.0,0.0,0.0,0.0,0.0,0.0,0.0,0.0,0.0,0.0,0.0,0.0,0.0,0.0,0.0,0.0,0.0,0.0,0.0,0.0,0.0,0.0,0.0,0.0,0.0,0.0,0.0,0.0,0.0,0.0,0.0,0.0,0.0,0.0,0.0,0.0,0.0,0.0,0.0,0.0,0.0,0.0,0.0,0.0,0.0,0.0,0.0,0.0,0.0,0.0,0.0,0.0,0.0,0.0,0.0,0.0,0.0,0.0,0.0,0.0,0.0,0.0,0.0,0.0,0.0,0.0,0.0,0.0,0.0,0.0,0.0,0.0,0.0,0.0,0.0,0.0,0.0,0.0,0.0,0.0,0.0,0.0,0.0,0.0,0.0,0.0,0.0,0.0,0.0,0.0,0.0,0.0,0.0,0.0,0.0,0.0,0.0,0.0,0.0,0.0,0.0,0.0,0.0,0.0,0.0,0.0,0.0,0.0,0.0,0.0,0.0,0.0,0.0,0.0,0.0,0.0,0.0,0.0,0.0,0.0,0.0,0.0,0.0,0.0,0.0,0.0,0.0,0.0,0.0,0.0,0.0,0.0,0.0,0.0,0.0,0.0,0.0,0.0,0.0,0.0,0.0,0.0,0.0,0.0,0.0,0.0,0.0,0.0,0.0,0.0,0.0,0.0,0.0,0.0,0.0,0.0,0.0,0.0,0.0,0.0,0.0,0.0,0.0,0.0,0.0,0.0,0.0,0.0,0.0,0.0,0.0,0.0,0.0,0.0,0.0,0.0,0.0,0.0,0.0,0.0,0.0,0.0,0.0,0.0,0.0,0.0,0.0,0.0,0.0,0.0,0.0,0.0,0.0,0.0,0.0,0.0,0.0,0.0,0.0,0.0,0.0,0.0,0.0,0.0,0.0,0.0,0.0,0.0,0.0,0.0,0.0,0.0,0.0,0.0,0.0,0.0,0.0,0.0,0.0,0.0,0.0,0.0,0.0,0.0,0.0,0.0,0.0,0.0,0.0,0.0,0.0,0.0,0.0,0.0,0.0,0.0,0.0,0.0,0.0,0.0,0.0,0.0,0.0,0.0,0.0,0.0,0.0,0.0,0.0,0.0,0.0,0.0,0.0,0.0,0.0,0.0,0.0,0.0,0.0,0.0,0.0,0.0,0.0,0.0,0.0,0.0,0.0,0.0,0.0,0.0,0.0,0.0,0.0,0.0,0.0,0.0,0.0,0.0,0.0,0.0,0.0,0.0,0.0,0.0,0.0,0.0,0.0,0.0,0.0,0.0,0.0,0.0,0.0,0.0,0.0,0.0,0.0,0.0,0.0,0.0,0.0,0.0,0.0,0.0,0.0,0.0,0.0,0.0,0.0,0.0,0.0,0.0,0.0,0.0,0.0,0.0,0.0,0.0,0.0,0.0,0.0,0.0,0.0,0.0,0.0,0.0,0.0,0.0,0.0,0.0,0.0,0.0,0.0,0.0,0.0,0.0,0.0,0.0,0.0,0.0,0.0,0.0,0.0,0.0,0.0,0.0,0.0,0.0,0.0,0.0,0.0,0.0,0.0,0.0,0.0,0.0,0.0,0.0,0.0,0.0,0.0,0.0,0.0,0.0,0.0,0.0,0.0,0.0,0.0,0.0,0.0,0.0,0.0,0.0,0.0,0.0,0.0,0.0,0.0,0.0,0.0,0.0,0.0,0.0,0.0,0.0,0.0,0.0,0.0,0.0,0.0,0.0,0.0,0.0,0.0,0.0,0.0,0.0,0.0,0.0,0.0,0.0,0.0,0.0,0.0,0.0,0.0,0.0,0.0,0.0,0.0,0.0,0.0,0.0,0.0,0.0,0.0,0.0,0.0,0.0,0.0,0.0,0.0,0.0,0.0,0.0,0.0,0.0,0.0,0.0,0.0,0.0,0.0,0.0,0.0,0.0,0.0,0.0,0.0,0.0,0.0,0.0,0.0,0.0,0.0,0.0,0.0,0.0,0.0,0.0,0.0,0.0,0.0,0.0,0.0,0.0,0.0,0.0,0.0,0.0,0.0,0.0,0.0,0.0,0.0,0.0,0.0,0.0,0.0,0.0,0.0,0.0,0.0,0.0,0.0,0.0,0.0,0.0,0.0,0.0,0.0,0.0,0.0,0.0,0.0,0.0,0.0,0.0,0.0,0.0,0.0,0.0,0.0,0.0,0.0,0.0,0.0,0.0,0.0,0.0,0.0,0.0,0.0,0.0,0.0,0.0,0.0,0.0,0.0,0.0,0.0,0.0,0.0,0.0,0.0,0.0,0.0,0.0,0.0,0.0,0.0,0.0,0.0,0.0,0.0,0.0,0.0,0.0,0.0,0.0,0.0,0.0,0.0,0.0,0.0,0.0,0.0,0.0,0.0,0.0,0.0,0.0,0.0,0.0,0.0,0.0,0.0,0.0,0.0,0.0,0.0,0.0,0.0,0.0,0.0,0.0,0.0,0.0,0.0,0.0,0.0,0.0,0.0,0.0,0.0,0.0,0.0,0.0,0.0,0.0,0.0,0.0,0.0,0.0,0.0,0.0,0.0,0.0,0.0,0.0,0.0,0.0,0.0,0.0,0.0,0.0,0.0,0.0,0.0,0.0,0.0,0.0,0.0,0.0,0.0,0.0,0.0,0.0,0.0,0.0,0.0,0.0,0.0,0.0,0.0,0.0,0.0,0.0,0.0,0.0,0.0,0.0,0.0,0.0,0.0,0.0,0.0,0.0,0.0,0.0,0.0,0.0,0.0,0.0,0.0,0.0,0.0,0.0,0.0,0.0,0.0,0.0,0.0,0.0,0.0,0.0,0.0,0.0,0.0,0.0,0.0,0.0,0.0,0.0,0.0,0.0,0.0,0.0,0.0,0.0,0.0,0.0,0.0,0.0,0.0,0.0,0.0,0.0,0.0,0.0,0.0,0.0,0.0,0.0,0.0,0.0,0.0,0.0,0.0,0.0,0.0,0.0,0.0,0.0,0.0,0.0,0.0,0.0,0.0,0.0,0.0,0.0,0.0,0.0,0.0,0.0,0.0,0.0,0.0,0.0,0.0,0.0,0.0,0.0,0.0,0.0,0.0,0.0,0.0,0.0,0.0,0.0,0.0,0.0,0.0,0.0,0.0,0.0,0.0,0.0,0.0,0.0,0.0,0.0,0.0,0.0,0.0,0.0,0.0,0.0,0.0,0.0,0.0,0.0,0.0,0.0,0.0,0.0,0.0,0.0,0.0,0.0,0.0,0.0,0.0,0.0,0.0,0.0,0.0,0.0,0.0,0.0,0.0,0.0,0.0,0.0,0.0,0.0,0.0,0.0,0.0,0.0,0.0,0.0,0.0,0.0,0.0,0.0,0.0,0.0,0.0,0.0,0.0,0.0,0.0,0.0,0.0,0.0,0.0,0.0,0.0,0.0,0.0,0.0,0.0,0.0,0.0,0.0,0.0,0.0,0.0,0.0,0.0,0.0,0.0,0.0,0.0,0.0,0.0,0.0,0.0,0.0,0.0,0.0,0.0,7.574912032174449e-06,1.5286172124300353e-05,2.3138113610754337e-05,3.1135362934256005e-05,3.9282829473414163e-05,4.7585705127745194e-05,5.6049470843783137e-05,6.46799082681888e-05,7.348311539481628e-05,8.246552553043084e-05,9.163392921335366e-05,0.00010099549893243911,0.00011055781664819066,0.0001203289042268015,0.00013031725699261476,0.00014053188066886864,0.00015098233205602978,0.00016167876385871872,0.00017263197414491116,0.00018385346100083797,0.00019535548302999816,0.00020715112644866034,0.00021925437964576098,0.00023168021621229498,0.00024444468760745857,0.00025756502681956433,0.0002710597646071268,0.0002849488601767437,0.0002992538484765114,0.0003139980066854911,0.00032920654293466323,0.000344906810885864,0.00036112855448605777,0.0003779041880767051,0.0003952691180867416,0.0004132621138626167,0.00043192573680124127,0.0004513068390038219,0.00047145714524188264,0.0004924339352916702,0.0005143008478632273,0.0005371288327290196,0.000560997284618306,0.0005859954015609569,0.0006122238223924097,0.0006397966141489664,0.0006688437016498845,0.0006995138608779983,0.0007319784381261944,0.0007664360130937801,0.0008031183035014568,0.0008422977225275273,0.0008842971659102388,0.0009295028506456526,0.0009783813969185652,0.0010315029140521876,0.0010895727472501106,0.0011534759873928603,0.0012243412417982903,0.0013036342533459574,0.001393299165540486,0.0014528817188931803,0.0014528817188932648,0.0014528817188936636,0.0015649104167146867,0.0016965550339136594,0.0018545771148664127,0.0020493935743461813,0.002297790674090108,0.0026278841079963393,0.003086592678704858,0.0037397733610034234,0.004624511700353695,0.0052616132297604225,0.005261613229760947,0.005261613229761662,0.005261613229762459,0.005261613229763327,0.005261613229764276,0.005261613229765327,0.005261613229766512,0.005261613229767865,0.005261613229769441,0.005261613229774725,0.00526161322978001,0.005261613229789464,0.006327780337118135,0.007332946868647176,0.00821558881480977,0.008964324089601834,0.009588221287842943,0.010099085075065656,0.01050302032420446,0.01079826704235093,0.010985004060826531,0.011084041113178645,0.01112574620190838,0.011132289250434168,0.011117226831479175,0.011088803903960682,0.011052168225024755,0.011010609874926797,0.010966277717946164,0.010920688810383064,0.010920688810383397,0.010920688810382795,0.010920688810382276,0.010920688810381808,0.010920688810381367,0.010920688810380948,0.010920688810380538,0.010920688810380136,0.010920688810379732,0.01092068881037933,0.01092068881037893,0.01092068881037853,0.010920688810378118,0.010920688810377707,0.010920688810377287,0.01092068881037686,0.010920688810376427,0.010920688810375985,0.010920688810375532,0.010920688810375076,0.010920688810374606,0.010920688810374127,0.01092068881037364,0.01092068881037314,0.010920688810372631,0.01092068881037211,0.010920688810371582,0.01092068881037104,0.010920688810370484,0.010920688810369918,0.010920688810369346,0.010920688810368754,0.010920688810368154,0.010920688810367542,0.010920688810366919,0.010920688810366284,0.010920688810365635,0.010920688810364973,0.010920688810364294,0.01092068881036361,0.010920688810362914,0.0109206888103622,0.010920688810361477,0.01092068881036074,0.010920688810359994,0.01092068881035923,0.01092068881035845,0.010920688810357668,0.010920688810356863,0.010920688810356047,0.010920688810355218,0.010920688810354373,0.010920688810353525,0.010920688810352654,0.010920688810351775,0.010920688810350878,0.010920688810349978,0.010920688810349051,0.010920688810348125,0.01092068881034717,0.010920688810346212,0.010920688810345237,0.010920688810344248,0.010920688810343245,0.010920688810342229,0.010920688810341196,0.01092068881034016,0.010920688810339103,0.010920688810338032,0.01092068881033695,0.010920688810335852,0.010920688810334738,0.010920688810333612,0.010920688810332474,0.010920688810331326,0.01092068881033016,0.010920688810328984,0.010920688810327794,0.01092068881032659,0.010920688810325374,0.010920688810324139,0.010920688810322892,0.010920688810321636,0.01092068881032036,0.010920688810319075,0.010920688810317769,0.01092068881031646,0.010920688810315132,0.01092068881031379,0.010920688810312433,0.01092068881031107,0.010920688810309687,0.010920688810308292,0.010920688810306884,0.010920688810305458,0.010920688810304025,0.010920688810302575,0.01092068881030111,0.010920688810299627,0.010920688810298139,0.010920688810296631,0.010920688810295114,0.010920688810293582,0.010920688810292043,0.010920688810290487,0.010920688810288914,0.010920688810287326,0.010920688810285722,0.01092068881028411,0.010920688810282481,0.010920688810280837,0.010920688810279182,0.01092068881027751,0.010920688810275825,0.010920688810274127,0.010920688810272415,0.01092068881027069,0.010920688810268952,0.010920688810267202,0.010920688810265436,0.010920688810263658,0.010920688810261864,0.010920688810260057,0.010920688810258239,0.010920688810256401,0.01092068881025456,0.0109206888102527,0.010920688810250823,0.010920688810248935,0.010920688810247036,0.010920688810245122,0.010920688810243192,0.010920688810241252,0.0109206888102393,0.010920688810237328,0.010920688810235345,0.010920688810233349,0.010920688810231343,0.010920688810229316,0.010920688810227277,0.010920688810225225,0.01092068881022316,0.01092068881022108,0.010920688810218987,0.010920688810216883,0.010920688810214765,0.010920688810212633,0.010920688810210483,0.010920688810208327,0.010920688810206153,0.010920688810203966,0.010920688810201765,0.010920688810199546,0.010920688810197322,0.010920688810195079,0.010920688810192827,0.010920688810190557,0.010920688810188274,0.01092068881018598,0.010920688810183675,0.010920688810181352,0.010920688810179012,0.010920688810176661,0.010920688810174297,0.010920688810171922,0.01092068881016953,0.010920688810167127,0.010920688810164711,0.01092068881016228,0.010920688810159833,0.010920688810157377,0.010920688810154908,0.010920688810152422,0.010920688810149922,0.010920688810147407,0.010920688810144883,0.010920688810142342,0.010920688810139793,0.010920688810137228,0.010920688810134648,0.010920688810132057,0.010920688810129451,0.01092068881012683,0.010920688810124198,0.010920688810121553,0.010920688810118886,0.01092068881011622,0.010920688810113535,0.010920688810110827,0.010920688810108117,0.010920688810105387,0.010920688810102648,0.010920688810099895,0.010920688810097124,0.010920688810094342,0.010920688810091549,0.010920688810088744,0.01092068881008592,0.01092068881008309,0.010920688810080242,0.010920688810077378,0.010920688810074502,0.010920688810071617,0.010920688810068711,0.010920688810065795,0.010920688810062867,0.010920688810059927,0.010920688810056974,0.010920688810054006,0.010920688810051026,0.010920688810048028,0.010920688810045022,0.010920688810042004,0.010920688810038966,0.010920688810035916,0.010920688810032855,0.01092068881002978,0.010920688810026696,0.010920688810023595,0.010920688810020477,0.010920688810017351,0.010920688810014212,0.01092068881001106,0.010920688810007897,0.010920688810004719,0.01092068881000152,0.010920688809998318,0.010920688809995097,0.010920688809991863,0.010920688809988617,0.010920688809985354,0.010920688809982081,0.010920688809978797,0.010920688809975501,0.010920688809972183,0.010920688809968864,0.01092068880996552,0.010920688809962168,0.010920688809958804,0.01092068880995542,0.010920688809952029,0.010920688809948622,0.010920688809945208,0.010920688809941771,0.010920688809938326,0.010920688809934867,0.0109206888099314,0.010920688809927914,0.010920688809924417,0.010920688809920908,0.010920688809917383,0.010920688809913842,0.010920688809910291,0.010920688809906726,0.010920688809903155,0.010920688809899565,0.010920688809895959,0.010920688809892349,0.010920688809888715,0.010920688809885075,0.010920688809881422,0.010920688809877758,0.010920688809874072,0.010920688809870377,0.01092068880986667,0.010920688809862949,0.010920688809859217,0.010920688809855472,0.010920688809851706,0.010920688809847937,0.010920688809844151,0.010920688809840354,0.010920688809836543,0.010920688809832718,0.010920688809828877,0.010920688809825026,0.010920688809821163,0.010920688809817287,0.010920688809813398,0.010920688809809492,0.010920688809805575,0.010920688809801649,0.010920688809797708,0.010920688809793749,0.010920688809789783,0.01092068880978581,0.010920688809781814,0.010920688809777803,0.010920688809773786,0.010920688809769749,0.010920688809765709,0.010920688809761646,0.010920688809757571,0.01092068880975348,0.010920688809749389,0.01092068880974528,0.010920688809741159,0.010920688809737018,0.010920688809732872,0.010920688809728706,0.01092068880972453,0.01092068880972034,0.010920688809716141,0.01092068880971193,0.010920688809707705,0.010920688809703462,0.010920688809699208,0.01092068880969494,0.01092068880969066,0.010920688809686375,0.01092068880968207,0.010920688809677753,0.01092068880967342,0.010920688809669073,0.010920688809664717,0.010920688809660347,0.010920688809655969,0.010920688809651578,0.010920688809647168,0.010920688809642748,0.010920688809638316,0.010920688809633868,0.01092068880962941,0.010920688809624941,0.010920688809620459,0.01092068880961596,0.010920688809611452,0.010920688809606924,0.010920688809602392,0.010920688809597845,0.010920688809593286,0.010920688809588708,0.010920688809584127,0.01092068880957952,0.010920688809574912,0.010920688809570285,0.010920688809565647,0.010920688809560994,0.010920688809556338,0.010920688809551663,0.010920688809546972,0.010920688809542271,0.010920688809537555,0.010920688809532831,0.010920688809528092,0.010920688809523337,0.010920688809518572,0.010920688809513796,0.010920688809509006,0.010920688809504201,0.010920688809499387,0.010920688809494558,0.010920688809489716,0.01092068880948486,0.010920688809479995,0.010920688809475117,0.010920688809470221,0.010920688809465319,0.010920688809460403,0.010920688809455474,0.010920688809450529,0.010920688809445571,0.010920688809440606,0.010920688809435627,0.01092068880943063,0.01092068880942563,0.010920688809420607,0.010920688809415578,0.01092068880941053,0.010920688809405481,0.010920688809400413,0.01092068880939533,0.010920688809390235,0.01092068880938513,0.010920688809380005,0.010920688809374877,0.01092068880936973,0.010920688809364578,0.010920688809359405,0.01092068880935422,0.010920688809349025,0.010920688809343814,0.010920688809338596,0.010920688809333366,0.010920688809328115,0.010920688809322858,0.010920688809317585,0.0109206888093123,0.01092068880930701,0.010920688809301698,0.01092068880929638,0.010920688809291043,0.010920688809285697,0.010920688809280338,0.010920688809274971,0.010920688809269585,0.010920688809264188,0.010920688809258783,0.010920688809253362,0.010920688809247932,0.010920688809242489,0.010920688809237024,0.010920688809231556,0.010920688809226078,0.01092068880922058,0.010920688809215071,0.01092068880920955,0.010920688809204016,0.010920688809198472,0.010920688809192915,0.010920688809187338,0.010920688809181756,0.010920688809176158,0.010920688809170546,0.010920688809164929,0.010920688809159298,0.01092068880915365,0.010920688809147995,0.010920688809142324,0.010920688809136641,0.010920688809130942,0.010920688809125235,0.01092068880911952,0.010920688809113788,0.010920688809108044,0.01092068880910229,0.010920688809096522,0.01092068880909074,0.010920688809084944,0.010920688809079135,0.010920688809073315,0.010920688809067486,0.010920688809061644,0.010920688809055784,0.010920688809049917,0.010920688809044038,0.010920688809038143,0.010920688809032238,0.01092068880902632,0.010920688809020392,0.010920688809014447,0.01092068880900849,0.010920688809002524,0.010920688808996545,0.010920688808990555,0.010920688808984549,0.010920688808978537,0.010920688808972501,0.010920688808966465,0.010920688808960412,0.010920688808954348,0.010920688808948267,0.010920688808942177,0.010920688808936072,0.010920688808929956,0.010920688808923829,0.010920688808917691,0.010920688808911536,0.010920688808905375,0.010920688808899199,0.010920688808893011,0.010920688808886811,0.010920688808880596,0.010920688808874372,0.010920688808868132,0.010920688808861883,0.010920688808855621,0.010920688808849353,0.010920688808843065,0.010920688808836766,0.010920688808830454,0.010920688808824136,0.010920688808817797,0.01092068880881145,0.010920688808805092,0.010920688808798722,0.010920688808792342,0.010920688808785946,0.01092068880877954,0.01092068880877312,0.010920688808766685,0.01092068880876024,0.010920688808753782,0.010920688808747312,0.01092068880874083,0.010920688808734333,0.010920688808727829,0.01092068880872131,0.010920688808714782,0.010920688808708239,0.010920688808701682,0.010920688808695117,0.010920688808688538,0.010920688808681944,0.010920688808675343,0.010920688808668727,0.010920688808662102,0.01092068880865546,0.01092068880864881,0.010920688808642144,0.01092068880863547,0.010920688808628783,0.010920688808622084,0.010920688808615372,0.01092068880860865,0.010920688808601912,0.010920688808595161,0.01092068880858841,0.01092068880858163,0.010920688808574846,0.010920688808568052,0.010920688808561238,0.01092068880855442,0.010920688808547588,0.010920688808540741,0.010920688808533887,0.010920688808527014,0.010920688808520136,0.010920688808513237,0.010920688808506334,0.010920688808499416,0.010920688808492488,0.010920688808485545,0.010920688808478594,0.010920688808471626,0.010920688808464652,0.010920688808457663,0.01092068880845066,0.010920688808443647,0.010920688808436621,0.01092068880842958,0.010920688808422528,0.010920688808415464,0.010920688808408392,0.010920688808401302,0.01092068880839421,0.010920688808387096,0.010920688808379975,0.010920688808372844,0.010920688808365697,0.01092068880835854,0.010920688808351368,0.010920688808344188,0.010920688808336996,0.010920688808329788,0.010920688808322566,0.01092068880831534,0.010920688808308097,0.010920688808300843,0.010920688808293581,0.010920688808286299,0.010920688808279014,0.010920688808271711,0.0109206888082644,0.010920688808257074,0.010920688808249738,0.010920688808242388,0.010920688808235027,0.010920688808227655,0.010920688808220268,0.010920688808212868,0.010920688808205464,0.010920688808198041,0.010920688808190606,0.010920688808183164,0.010920688808175705,0.010920688808168239,0.010920688808160757,0.010920688808153268,0.010920688808145763,0.010920688808138245,0.010920688808130722,0.010920688808123184,0.01092068880811563,0.010920688808108068,0.01092068880810049,0.010920688808092905,0.010920688808085307,0.010920688808077695,0.010920688808070072,0.010920688808062434,0.010920688808054791,0.010920688808047132,0.01092068880803946,0.01092068880803178,0.010920688808024085,0.01092068880801638,0.010920688808008666,0.010920688808000937,0.010920688807993196,0.010920688807985442,0.010920688807977677,0.010920688807969902,0.010920688807962117,0.010920688807954316,0.010920688807946504,0.010920688807938683,0.01092068880793085,0.010920688807923,0.010920688807915146,0.010920688807907268,0.01092068880789939,0.010920688807891496,0.010920688807883591,0.010920688807875676,0.01092068880786775,0.010920688807859808,0.010920688807851854,0.010920688807843894,0.010920688807835916,0.010920688807827927,0.010920688807819927,0.01092068880781192,0.010920688807803893,0.010920688807795861,0.010920688807787808,0.010920688807779752,0.010920688807771682,0.0109206888077636,0.010920688807755504,0.010920688807747403,0.010920688807739283,0.010920688807731154,0.010920688807723017,0.010920688807714862,0.010920688807706695,0.010920688807698517,0.010920688807690329,0.010920688807682134,0.010920688807673922,0.010920688807665698,0.010920688807657467,0.010920688807649221,0.01092068880764096,0.010920688807632693,0.01092068880762441,0.010920688807616121,0.010920688807607819,0.010920688807599502,0.010920688807591176,0.01092068880758284,0.01092068880757449,0.010920688807566128,0.010920688807557756,0.010920688807549365,0.010920688807540968,0.010920688807532561,0.010920688807524137,0.010920688807515707,0.010920688807507267,0.010920688807498807,0.010920688807490335,0.010920688807481859,0.010920688807473369,0.010920688807464867,0.010920688807456357,0.010920688807447834,0.010920688807439294,0.010920688807430743,0.010920688807422179,0.010920688807413615,0.010920688807405026,0.010920688807396429,0.010920688807387823,0.010920688807379206,0.01092068880737058,0.010920688807361932,0.010920688807353283,0.010920688807344618,0.01092068880733594,0.010920688807327257,0.010920688807318557,0.010920688807309847,0.010920688807301125,0.01092068880729239,0.010920688807283647,0.010920688807274894,0.010920688807266118,0.010920688807257342,0.010920688807248549,0.010920688807239752,0.010920688807230936,0.01092068880722211,0.010920688807213275,0.010920688807204426,0.010920688807195565,0.01092068880718669,0.010920688807177807,0.010920688807168916,0.010920688807160009,0.010920688807151087,0.010920688807142163,0.010920688807133221,0.010920688807124266,0.010920688807115305,0.010920688807106326,0.010920688807097342,0.010920688807088342,0.010920688807079332,0.010920688807070308,0.010920688807061273,0.01092068880705223,0.010920688807043175,0.010920688807034108,0.01092068880702503,0.01092068880701594,0.010920688807006836,0.01092068880699772,0.010920688806988595,0.01092068880697946,0.010920688806970311,0.010920688806961154,0.010920688806951984,0.010920688806942802,0.010920688806933612,0.010920688806924404,0.010920688806915192,0.010920688806905962,0.01092068880689672,0.010920688806887473,0.01092068880687821,0.010920688806868936,0.010920688806859653,0.010920688806850359,0.010920688806841052,0.010920688806831733,0.010920688806822402,0.010920688806813062,0.010920688806803708,0.010920688806794343,0.010920688806784965,0.01092068880677558,0.010920688806766181,0.010920688806756776,0.010920688806747354,0.01092068880673792,0.010920688806728479,0.01092068880671902,0.010920688806709553,0.010920688806700078,0.010920688806690587,0.010920688806681088,0.010920688806671571,0.010920688806662054,0.010920688806652517,0.010920688806642967,0.010920688806633412,0.010920688806623842,0.010920688806614261,0.01092068880660467,0.01092068880659507,0.010920688806585454,0.010920688806575828,0.010920688806566192,0.010920688806556542,0.010920688806546884,0.010920688806537215,0.01092068880652753,0.010920688806517842,0.010920688806508132,0.010920688806498418,0.010920688806488688,0.010920688806478954,0.010920688806469202,0.010920688806459439,0.01092068880644967,0.010920688806439888,0.010920688806430085,0.010920688806420283,0.010920688806410466,0.010920688806400632,0.010920688806390792,0.01092068880638094,0.010920688806371079,0.010920688806361207,0.010920688806351315,0.010920688806341422,0.01092068880633151,0.01092068880632159,0.010920688806311661,0.010920688806301718,0.010920688806291767,0.010920688806281803,0.010920688806271827,0.010920688806261838,0.010920688806251836,0.010920688806241833,0.010920688806231808,0.010920688806221775,0.010920688806211738,0.010920688806201676,0.010920688806191617,0.010920688806181536,0.01092068880617145,0.01092068880616135,0.010920688806151243,0.010920688806141119,0.010920688806130988,0.010920688806120847,0.01092068880611069,0.010920688806100523,0.010920688806090349,0.01092068880608016,0.010920688806069962,0.01092068880605975,0.010920688806049529,0.010920688806039296,0.010920688806029049,0.010920688806018795,0.010920688806008532,0.010920688805998252,0.010920688805987962,0.010920688805977661,0.010920688805967353,0.010920688805957032,0.010920688805946694,0.010920688805936354,0.010920688805925989,0.010920688805915624,0.010920688805905241,0.010920688805894857,0.010920688805884454,0.010920688805874046,0.010920688805863624,0.010920688805853191,0.010920688805842745,0.010920688805832286,0.01092068880582182,0.010920688805811344,0.010920688805800856,0.010920688805790352,0.010920688805779838,0.010920688805769314,0.010920688805758782,0.010920688805748235,0.010920688805737681,0.01092068880572711,0.010920688805716536,0.010920688805705944,0.010920688805695343,0.010920688805684727,0.010920688805674107,0.010920688805663473,0.010920688805652825,0.010920688805642172,0.010920688805631504,0.010920688805620827,0.01092068880561014,0.010920688805599436,0.010920688805588724,0.010920688805578003,0.010920688805567267,0.010920688805556519,0.010920688805545767,0.010920688805535003,0.010920688805524225,0.010920688805513437,0.010920688805502636,0.010920688805491824,0.010920688805481004,0.010920688805470171,0.010920688805459324,0.010920688805448466,0.0109206888054376,0.010920688805426721,0.010920688805415833,0.010920688805404932,0.010920688805394022,0.010920688805383102,0.010920688805372171,0.010920688805361227,0.010920688805350276,0.01092068880533931,0.010920688805328333,0.01092068880531734,0.010920688805306345,0.010920688805295335,0.010920688805284315,0.010920688805273282,0.010920688805262238,0.010920688805251183,0.010920688805240122,0.010920688805229048,0.01092068880521796,0.010920688805206863,0.01092068880519575,0.010920688805184632,0.010920688805173504,0.01092068880516236,0.010920688805151206,0.010920688805140044,0.010920688805128864,0.010920688805117684,0.010920688805106485,0.010920688805095278,0.01092068880508406,0.010920688805084056,0.010920688805084056,0.010920688805084056,0.010920688805084055,0.010920688805084058,0.010920688805084056,0.010920688805084058,0.010920688805084058,0.010920688805084058,0.010920688805084058,0.010920688805084058,0.01092068880508406,0.010920688805084056,0.010920688805084067,0.010920688805084061,0.010920688805084067,0.010920688805084058,0.01092068880508406,0.010920688805084061,0.010920688805084061,0.010920688805084063,0.010920688805084061,0.010920688805084063,0.010920688805084067,0.010920688805084067,0.010920688805084063,0.010920688805084063,0.010920688805084061,0.01092068880508406,0.010920688805084063,0.010920688805084061,0.01092068880508406,0.010920688805084061,0.010920688805084061,0.010920688805084058,0.010920688805084063,0.010920688805084063,0.010920688805084063,0.010920688805084063,0.010920688805084063,0.010920688805084063,0.010920688805084063,0.010920688805084063,0.010920688805084063,0.010920688805084063,0.010920688805084063,0.010920688805084065,0.010920688805084065,0.010920688805084063,0.010920688805084065,0.010920688805084067,0.010920688805084063,0.010920688805084061,0.010920688805084061,0.010920688805084061,0.010920688805084063,0.01092068880508406,0.010920688805084063,0.010920688805084063,0.010920688805084056,0.010920688805084056,0.010920688805084056,0.010920688805084056,0.010920688805084055,0.010920688805084055,0.01092068880508406,0.010920688805084056,0.010920688805084061,0.010920688805084053,0.010920688805084053,0.010920688805084053,0.010920688805084053,0.010920688805084053,0.010920688805084053,0.010920688805084051,0.010920688805084051,0.010920688805084051,0.010920688805084056,0.010920688805084053,0.010920688805084051,0.010920688805084051,0.010920688805084048,0.010920688805084046,0.010920688805084048,0.010920688805084048,0.010920688805084048,0.010920688805084055,0.010920688805084044,0.010920688805084042,0.010920688805084044,0.010920688805084046,0.01092068880508405,0.01092068880508405,0.01092068880508405,0.010920688805084051,0.01092068880508405,0.01092068880508405,0.01092068880508405,0.01092068880508405,0.01092068880508405,0.01092068880508405,0.01092068880508405,0.010920688805084048,0.010920688805084048,0.010920688805084053,0.010920688805084048,0.010920688805084053,0.01092068880508405,0.010920688805084051,0.010920688805084048,0.010920688805084048,0.010920688805084046,0.010920688805084055,0.010920688805084051,0.010920688805084048,0.010920688805084051,0.010920688805084051,0.010920688805084051,0.010920688805084051,0.010920688805084055,0.010920688805084051,0.010920688805084056,0.010920688805084051,0.010920688805084051,0.010920688805084056,0.01092068880508405,0.010920688805084051,0.01092068880508405,0.010920688805084048,0.010920688805084046,0.010920688805084048,0.010920688805084044,0.01092068880508405,0.01092068880508405,0.010920688805084048,0.01092068880508405,0.010920688805084051,0.010920688805084048,0.010920688805084048,0.010920688805084048,0.010920688805084048,0.01092068880508405,0.010920688805084046,0.01092068880508405,0.010920688805084048,0.01092068880508405,0.010920688805084048,0.01092068880508405,0.010920688805084046,0.010920688805084048,0.010920688805084044,0.010920688805084046,0.010920688805084046,0.010920688805084044,0.010920688805084044,0.010920688805084044,0.010920688805084046,0.010920688805084048,0.010920688805084046,0.010920688805084046,0.01092068880508405,0.010920688805084048,0.01092068880508405,0.010920688805084048,0.010920688805084044,0.010920688805084044,0.01092068880508405,0.010920688805084048,0.010920688805084046,0.010920688805084042,0.010920688805084044,0.010920688805084044,0.010920688805084042,0.010920688805084044,0.010920688805084046,0.010920688805084046,0.010920688805084048,0.010920688805084044,0.010920688805084046,0.010920688805084044,0.010920688805084042,0.010920688805084042,0.010920688805084042,0.010920688805084044,0.01092068880508404,0.010920688805084039,0.010920688805084039,0.010920688805084037,0.010920688805084039,0.010920688805084039,0.010920688805084037,0.01092068880508404,0.01092068880508404,0.010920688805084039,0.01092068880508404,0.010920688805084042,0.010920688805084044,0.010920688805084044,0.010920688805084046,0.010920688805084044,0.010920688805084042,0.010920688805084048,0.010920688805084044,0.010920688805084044,0.010920688805084044,0.010920688805084053,0.01092068880508405,0.01092068880508405,0.010920688805084051,0.010920688805084053,0.01092068880508405,0.010920688805084048,0.010920688805084048,0.010920688805084048,0.010920688805084046,0.010920688805084048,0.010920688805084048,0.010920688805084044,0.01092068880508405,0.010920688805084048,0.010920688805084048,0.01092068880508405,0.010920688805084048,0.01092068880508405,0.010920688805084053,0.010920688805084051,0.010920688805084051,0.010920688805084053,0.010920688805084058,0.010920688805084053,0.010920688805084056,0.010920688805084053,0.010920688805084051,0.010920688805084053,0.010920688805084051,0.010920688805084053,0.010920688805084053,0.010920688805084053,0.010920688805084046,0.010920688805084048,0.010920688805084053,0.010920688805084051,0.01092068880508405,0.01092068880508405,0.01092068880508405,0.01092068880508405,0.01092068880508405,0.01092068880508405,0.010920688805084048,0.010920688805084051,0.010920688805084048,0.01092068880508405,0.010920688805084051,0.010920688805084048,0.010920688805084048,0.010920688805084051,0.01092068880508405,0.01092068880508405,0.01092068880508405,0.010920688805084053,0.010920688805084055,0.010920688805084051,0.01092068880508405,0.010920688805084051,0.01092068880508405,0.01092068880508405,0.010920688805084048,0.01092068880508405,0.01092068880508405,0.01092068880508405,0.010920688805084053,0.01092068880508405,0.010920688805084053,0.010920688805084048,0.010920688805084048,0.010920688805084048,0.010920688805084048,0.010920688805084048,0.010920688805084048,0.01092068880508405,0.010920688805084044,0.010920688805084044,0.010920688805084042,0.010920688805084053,0.01092068880508405,0.010920688805084048,0.010920688805084048,0.010920688805084053,0.010920688805084048,0.01092068880508405,0.010920688805084053,0.010920688805084053,0.010920688805084051,0.010920688805084048,0.01092068880508405,0.010920688805084048,0.01092068880508405,0.010920688805084048,0.010920688805084048,0.010920688805084048,0.010920688805084046,0.01092068880508405,0.01092068880508405,0.01092068880508405,0.010920688805084053,0.010920688805084048,0.01092068880508405,0.010920688805084048,0.010920688805084048,0.010920688805084044,0.010920688805084042,0.01092068880508403,0.010920688805084035,0.010920688805084032,0.010920688805084035,0.010920688805084035,0.010920688805084035,0.010920688805084035,0.010920688805084039,0.010920688805084035,0.010920688805084034,0.010920688805084034,0.010920688805084034,0.010920688805084032,0.010920688805084027,0.010920688805084023,0.010920688805084025,0.010920688805084027,0.010920688805084027,0.010920688805084025,0.010920688805084027,0.010920688805084032,0.010920688805084025,0.010920688805084027,0.010920688805084022,0.010920688805084027,0.010920688805084018,0.010920688805084022,0.01092068880508402,0.01092068880508402,0.010920688805084018,0.010920688805084022,0.010920688805084022,0.010920688805084022,0.010920688805084022,0.010920688805084023,0.010920688805084023,0.01092068880508402,0.01092068880508402,0.010920688805084022,0.010920688805084022,0.01092068880508402,0.010920688805084018,0.010920688805084022,0.01092068880508402,0.010920688805084018,0.010920688805084018,0.01092068880508402,0.01092068880508402,0.010920688805084022,0.01092068880508401,0.010920688805084015,0.010920688805084013,0.010920688805084015,0.01092068880508401,0.010920688805084011,0.010920688805084011,0.01092068880508401,0.010920688805084008,0.010920688805084013,0.010920688805084013,0.01092068880508401,0.010920688805084011,0.010920688805084004,0.010920688805084006,0.010920688805084006,0.010920688805084006,0.010920688805084004,0.010920688805084004,0.010920688805084003,0.010920688805084003,0.010920688805084003,0.010920688805084004,0.010920688805084006,0.010920688805084004,0.010920688805084004,0.010920688805084006,0.010920688805084008,0.010920688805084004,0.010920688805084004,0.010920688805084006,0.010920688805084003,0.010920688805084013,0.010920688805084006,0.010920688805084004,0.01092068880508401,0.01092068880508401,0.010920688805084008,0.010920688805084008,0.010920688805084006,0.010920688805084004,0.010920688805084004,0.010920688805084006,0.010920688805084003,0.010920688805084004,0.010920688805084006,0.010920688805084004,0.010920688805084006,0.010920688805084006,0.010920688805084006,0.010920688805084008,0.010920688805084008,0.01092068880508401,0.010920688805084008,0.010920688805084008,0.010920688805084008,0.010920688805084008,0.010920688805084008,0.010920688805084006,0.010920688805084011,0.010920688805084013,0.010920688805084015,0.010920688805084018,0.010920688805084016,0.01092068880508402,0.01092068880508402,0.010920688805084022,0.01092068880508402,0.01092068880508402,0.010920688805084018,0.010920688805084023,0.01092068880508402,0.010920688805084023,0.01092068880508402,0.01092068880508402,0.010920688805084022,0.010920688805084023,0.010920688805084023,0.010920688805084022,0.010920688805084023,0.010920688805084023,0.010920688805084023,0.010920688805084027,0.010920688805084022,0.010920688805084025,0.010920688805084025,0.010920688805084025,0.010920688805084025,0.01092068880508403,0.010920688805084027,0.010920688805084022,0.010920688805084022,0.010920688805084027,0.010920688805084027,0.010920688805084016,0.010920688805084027,0.010920688805084023,0.010920688805084022,0.010920688805084023,0.010920688805084023,0.010920688805084022,0.010920688805084023,0.010920688805084022,0.010920688805084023,0.01092068880508402,0.01092068880508402,0.01092068880508402,0.01092068880508402,0.010920688805084022,0.01092068880508402,0.01092068880508402,0.010920688805084018,0.010920688805084018,0.010920688805084018,0.010920688805084018,0.010920688805084016,0.010920688805084018,0.010920688805084022,0.010920688805084023,0.010920688805084022,0.010920688805084018,0.010920688805084022,0.01092068880508402,0.010920688805084022,0.010920688805084022,0.010920688805084022,0.010920688805084022,0.010920688805084022,0.010920688805084022,0.010920688805084027,0.010920688805084027,0.010920688805084023,0.010920688805084029,0.01092068880508403,0.010920688805084025,0.010920688805084022,0.010920688805084022,0.010920688805084022,0.010920688805084023,0.010920688805084022,0.010920688805084022,0.010920688805084022,0.010920688805084022,0.010920688805084022,0.010920688805084023,0.010920688805084022,0.010920688805084022,0.010920688805084023,0.010920688805084022,0.010920688805084023,0.010920688805084018,0.010920688805084023,0.010920688805084022,0.010920688805084016,0.010920688805084018,0.010920688805084023,0.010920688805084018,0.010920688805084027,0.010920688805084025,0.010920688805084022,0.010920688805084023,0.010920688805084023,0.010920688805084023,0.010920688805084022,0.01092068880508402,0.01092068880508402,0.01092068880508402,0.010920688805084022,0.010920688805084016,0.010920688805084018,0.010920688805084018,0.01092068880508402,0.010920688805084029,0.010920688805084022,0.010920688805084023,0.010920688805084023,0.010920688805084023,0.010920688805084022,0.010920688805084022,0.010920688805084023,0.010920688805084025,0.010920688805084023,0.01092068880508402,0.01092068880508402,0.01092068880508402,0.010920688805084013,0.010920688805084023,0.010920688805084022,0.010920688805084022,0.010920688805084022,0.010920688805084027,0.010920688805084027,0.010920688805084027,0.010920688805084027,0.010920688805084027,0.010920688805084023,0.01092068880508402,0.01092068880508402,0.01092068880508402,0.01092068880508402,0.01092068880508402,0.01092068880508402,0.010920688805084022,0.01092068880508402,0.010920688805084022,0.01092068880508402,0.010920688805084018,0.010920688805084016,0.010920688805084013,0.010920688805084015,0.010920688805084018,0.010920688805084018,0.01092068880508402,0.010920688805084018,0.010920688805084022,0.010920688805084023,0.010920688805084022,0.010920688805084023,0.010920688805084022,0.010920688805084018,0.010920688805084023,0.010920688805084018,0.010920688805084022,0.010920688805084018,0.010920688805084011,0.010920688805084015,0.010920688805084018,0.010920688805084015,0.010920688805084015,0.010920688805084016,0.010920688805084013,0.010920688805084016,0.010920688805084018,0.010920688805084016,0.010920688805084018,0.010920688805084016,0.010920688805084015,0.01092068880508401,0.01092068880508401,0.010920688805084008,0.010920688805084013,0.010920688805084011,0.010920688805084016,0.010920688805084013,0.010920688805084013,0.01092068880508401,0.01092068880508401,0.010920688805084008,0.010920688805084008,0.010920688805084008,0.01092068880508401,0.01092068880508401,0.01092068880508401,0.010920688805084006,0.010920688805084006,0.010920688805084006,0.010920688805084006,0.010920688805084006,0.010920688805084006,0.010920688805084004,0.010920688805084006,0.010920688805084006,0.010920688805084004,0.010920688805084004,0.010920688805084006,0.010920688805084004,0.010920688805084004,0.010920688805084004,0.01092068880508401,0.01092068880508401,0.010920688805084008,0.01092068880508401,0.01092068880508401,0.010920688805084004,0.010920688805084004,0.010920688805084004,0.010920688805084008,0.010920688805084004,0.010920688805084006,0.010920688805084004,0.010920688805084004,0.010920688805084008,0.01092068880508401,0.01092068880508401,0.010920688805084004,0.01092068880508401,0.010920688805084008,0.010920688805084008,0.01092068880508401,0.010920688805084006,0.010920688805084008,0.010920688805084008,0.010920688805084008,0.010920688805084008,0.01092068880508401,0.01092068880508401,0.010920688805084006,0.010920688805084006,0.010920688805084006,0.010920688805084004,0.010920688805084006,0.010920688805084004,0.010920688805084004,0.010920688805084008,0.010920688805084003,0.010920688805084004,0.010920688805084004,0.01092068880508401,0.010920688805084008,0.010920688805084008,0.010920688805084008,0.01092068880508401,0.010920688805084008,0.010920688805084008,0.010920688805084011,0.010920688805084006,0.010920688805084006,0.010920688805084006,0.010920688805084004,0.010920688805084008,0.010920688805084004,0.010920688805084013,0.01092068880508401,0.010920688805084006,0.010920688805084008,0.010920688805084008,0.010920688805084008,0.010920688805084013,0.010920688805084013,0.010920688805084013,0.010920688805084008,0.01092068880508401,0.01092068880508401,0.010920688805084008,0.010920688805084011,0.010920688805084006,0.01092068880508401,0.010920688805084013,0.01092068880508401,0.010920688805084013,0.010920688805084008,0.010920688805084016,0.010920688805084015,0.01092068880508401,0.01092068880508401,0.010920688805084008,0.010920688805084013,0.01092068880508401,0.010920688805084008,0.010920688805084008,0.01092068880508401,0.010920688805084004,0.010920688805084013,0.01092068880508401,0.01092068880508401,0.010920688805084006,0.010920688805084015,0.01092068880508401,0.01092068880508401,0.010920688805084004,0.010920688805084006,0.010920688805084,0.010920688805084004,0.010920688805084004,0.01092068880508401,0.010920688805084008,0.010920688805084011,0.010920688805084004,0.010920688805084006,0.010920688805084004,0.010920688805084004,0.010920688805084008,0.010920688805084008,0.01092068880508401,0.01092068880508401,0.010920688805084006,0.010920688805084006,0.010920688805084003,0.01092068880508401,0.01092068880508401,0.01092068880508401,0.010920688805084008,0.01092068880508401,0.010920688805084006,0.010920688805084008,0.010920688805084008,0.010920688805084008,0.010920688805084008,0.010920688805084008,0.01092068880508401,0.01092068880508401,0.010920688805084008,0.01092068880508401,0.010920688805084006,0.010920688805084006,0.010920688805084006,0.010920688805084006,0.010920688805084004,0.010920688805084006,0.010920688805084003,0.01092068880508401,0.010920688805084004,0.010920688805084004,0.010920688805084006,0.010920688805084006,0.010920688805084004,0.010920688805084006,0.010920688805084004,0.010920688805084006,0.010920688805084004,0.010920688805084006,0.010920688805084004,0.010920688805084006,0.010920688805083983,0.010920688805083985,0.010920688805083987,0.010920688805083985,0.010920688805083985,0.010920688805083983,0.010920688805083987,0.010920688805083978,0.010920688805083989,0.01092068880508399,0.01092068880508399,0.010920688805083992,0.010920688805083992,0.01092068880508399,0.010920688805083996,0.010920688805083996,0.010920688805083999,0.010920688805083994,0.010920688805083996,0.010920688805083996,0.010920688805083996,0.010920688805083994,0.010920688805083999,0.010920688805083997,0.010920688805083999,0.010920688805083994,0.010920688805083996,0.010920688805083996,0.010920688805083994,0.010920688805083996,0.010920688805083996,0.010920688805083997,0.010920688805083996,0.01092068880508399,0.010920688805083992,0.01092068880508399,0.01092068880508399,0.010920688805083987,0.010920688805083992,0.010920688805083985,0.010920688805083989,0.010920688805083987,0.010920688805083985,0.01092068880508399,0.010920688805083982,0.010920688805083978,0.010920688805083978,0.010920688805083983,0.010920688805083982,0.010920688805083983,0.010920688805083985,0.010920688805083987,0.010920688805083987,0.010920688805083987,0.010920688805083989,0.010920688805083992,0.010920688805083985,0.010920688805083985,0.010920688805083987,0.01092068880508399,0.010920688805083987,0.010920688805083989,0.010920688805083982,0.010920688805083983,0.010920688805083983,0.010920688805083983,0.01092068880508398,0.010920688805083982,0.010920688805083978,0.010920688805083978,0.010920688805083978,0.010920688805083978,0.01092068880508398,0.010920688805083978,0.010920688805083978,0.010920688805083978,0.010920688805083976,0.01092068880508398,0.010920688805083978,0.010920688805083976,0.010920688805083976,0.010920688805083976,0.010920688805083976,0.010920688805083975,0.010920688805083975,0.010920688805083976,0.010920688805083978,0.010920688805083978,0.010920688805083976,0.010920688805083976,0.010920688805083978,0.010920688805083973,0.010920688805083978,0.010920688805083978,0.010920688805083978,0.010920688805083973,0.010920688805083978,0.010920688805083978,0.01092068880508398,0.010920688805083978,0.010920688805083978,0.010920688805083976,0.010920688805083978,0.010920688805083978,0.010920688805083976,0.010920688805083978,0.010920688805083976,0.010920688805083978,0.010920688805083978,0.010920688805083978,0.010920688805083978,0.01092068880508398,0.010920688805083982,0.010920688805083975,0.01092068880508397,0.010920688805083978,0.010920688805083978,0.010920688805083978,0.01092068880508398,0.010920688805083976,0.01092068880508398,0.010920688805083978,0.010920688805083978,0.010920688805083978,0.010920688805083976,0.010920688805083976,0.01092068880508398,0.010920688805083978,0.010920688805083978,0.01092068880508398,0.01092068880508398,0.010920688805083976,0.010920688805083975,0.010920688805083978,0.010920688805083975,0.010920688805083978,0.010920688805083976,0.010920688805083976,0.010920688805083976,0.010920688805083975,0.010920688805083975,0.010920688805083975,0.010920688805083973,0.010920688805083978,0.010920688805083978,0.010920688805083973,0.010920688805083978,0.01092068880508398,0.01092068880508398,0.01092068880508398,0.01092068880508398,0.010920688805083978,0.010920688805083978,0.010920688805083978,0.010920688805083978,0.010920688805083978,0.010920688805083983,0.010920688805083985,0.010920688805083982,0.010920688805083978,0.01092068880508398,0.010920688805083978,0.010920688805083978,0.010920688805083982,0.010920688805083978,0.010920688805083978,0.010920688805083982,0.010920688805083983,0.010920688805083985,0.010920688805083987,0.010920688805083987,0.010920688805083987,0.010920688805083987,0.010920688805083989,0.010920688805083987,0.010920688805083987,0.010920688805083987,0.010920688805083987,0.010920688805083987,0.010920688805083987,0.010920688805083987,0.010920688805083983,0.010920688805083982,0.010920688805083982,0.010920688805083978,0.01092068880508398,0.010920688805083982,0.010920688805083982,0.010920688805083978,0.010920688805083964,0.010920688805083978,0.01092068880508398,0.010920688805083978,0.010920688805083978,0.010920688805083978,0.010920688805083976,0.01092068880508398,0.010920688805083978,0.01092068880508398,0.010920688805083978,0.010920688805083978,0.010920688805083982,0.010920688805083978,0.010920688805083968,0.010920688805083976,0.010920688805083976,0.010920688805083978,0.010920688805083978,0.010920688805083976,0.010920688805083975,0.010920688805083973,0.010920688805083973,0.010920688805083971,0.010920688805083971,0.010920688805083975,0.010920688805083973,0.01092068880508397,0.010920688805083973,0.010920688805083973,0.010920688805083975,0.010920688805083973,0.010920688805083978,0.010920688805083983,0.010920688805083983,0.010920688805083983,0.010920688805083983,0.010920688805083985,0.010920688805083987,0.010920688805083983,0.010920688805083982,0.01092068880508398,0.01092068880508398,0.010920688805083976,0.010920688805083976,0.010920688805083978,0.010920688805083975,0.010920688805083978,0.010920688805083978,0.010920688805083976,0.010920688805083978,0.010920688805083976,0.010920688805083978,0.010920688805083978,0.010920688805083978,0.01092068880508398,0.01092068880508398,0.010920688805083983,0.010920688805083982,0.010920688805083982,0.010920688805083983,0.010920688805083987,0.010920688805083985,0.010920688805083987,0.010920688805083987,0.010920688805083989,0.010920688805083987,0.01092068880508399,0.010920688805083989,0.010920688805083985,0.010920688805083983,0.010920688805083983,0.010920688805083987,0.010920688805083987,0.010920688805083992,0.010920688805083994,0.010920688805083992,0.01092068880508399,0.01092068880508399,0.010920688805083994,0.010920688805083992,0.010920688805083992,0.01092068880508399,0.01092068880508399,0.010920688805083996,0.010920688805083996,0.010920688805083994,0.010920688805083994,0.010920688805083994,0.010920688805083996,0.010920688805083999,0.010920688805083997,0.010920688805083994,0.010920688805084003,0.010920688805084,0.010920688805083997,0.010920688805083997,0.010920688805083994,0.010920688805083996,0.010920688805083996,0.010920688805083996,0.010920688805083997,0.010920688805083996,0.010920688805083992,0.010920688805083996,0.010920688805083996,0.010920688805083992,0.010920688805083992,0.01092068880508399,0.010920688805083992,0.010920688805083992,0.01092068880508399,0.010920688805083996,0.010920688805083994,0.010920688805083994,0.010920688805083994,0.010920688805083996,0.010920688805083996,0.010920688805083992,0.010920688805083992,0.010920688805083996,0.010920688805083994,0.010920688805083994,0.010920688805083994,0.010920688805083994,0.010920688805083996,0.010920688805083992,0.010920688805083996,0.010920688805083997,0.010920688805084,0.010920688805084,0.010920688805083999,0.010920688805083997,0.010920688805083997,0.010920688805083999,0.010920688805084,0.010920688805083999,0.010920688805083999,0.010920688805084003,0.010920688805083999,0.010920688805083999,0.010920688805084003,0.010920688805084,0.010920688805083999,0.010920688805084003,0.010920688805084,0.010920688805083996,0.010920688805083999,0.010920688805084,0.010920688805084003,0.010920688805084004,0.010920688805084006,0.010920688805084003,0.010920688805084003,0.010920688805084004,0.010920688805084004,0.010920688805084003,0.010920688805084008,0.01092068880508401,0.010920688805084008,0.010920688805084008,0.010920688805084008,0.010920688805084008,0.01092068880508401,0.010920688805084008,0.010920688805084008,0.010920688805084011,0.010920688805084008,0.010920688805084008,0.010920688805084015,0.010920688805084016,0.010920688805084016,0.010920688805084018,0.010920688805084018,0.01092068880508402,0.010920688805084023,0.010920688805084016,0.010920688805084022,0.010920688805084022,0.010920688805084022,0.010920688805084018,0.010920688805084022,0.01092068880508402,0.010920688805084022,0.01092068880508402,0.010920688805084018,0.010920688805084022,0.010920688805084016,0.010920688805084016,0.010920688805084022,0.010920688805084018,0.010920688805084022,0.010920688805084023,0.010920688805084022,0.010920688805084023,0.010920688805084022,0.010920688805084022,0.010920688805084022,0.010920688805084023,0.01092068880508402,0.010920688805084022,0.010920688805084018,0.01092068880508402,0.010920688805084018,0.01092068880508402,0.010920688805084018,0.010920688805084018,0.010920688805084022,0.010920688805084022,0.01092068880508402,0.01092068880508402,0.01092068880508402,0.010920688805084022,0.010920688805084022,0.010920688805084022,0.010920688805084022,0.010920688805084016,0.010920688805084023,0.010920688805084023,0.010920688805084022,0.010920688805084027,0.010920688805084027,0.010920688805084027,0.010920688805084027,0.010920688805084027,0.010920688805084027,0.010920688805084027,0.010920688805084025,0.010920688805084027,0.010920688805084023,0.010920688805084025,0.01092068880508402,0.010920688805084022,0.01092068880508402,0.010920688805084011,0.010920688805084013,0.010920688805084016,0.010920688805084015,0.010920688805084016,0.010920688805084015,0.010920688805084013,0.010920688805084013,0.010920688805084013,0.010920688805084013,0.010920688805084015,0.010920688805084015,0.010920688805084018,0.010920688805084016,0.010920688805084016,0.010920688805084018,0.010920688805084016,0.010920688805084016,0.010920688805084018,0.010920688805084018,0.010920688805084016,0.010920688805084018,0.01092068880508402,0.010920688805084016,0.010920688805084018,0.010920688805084023,0.010920688805084022,0.010920688805084022,0.010920688805084022,0.010920688805084022,0.010920688805084022,0.010920688805084023,0.010920688805084022,0.010920688805084023,0.010920688805084022,0.010920688805084022,0.010920688805084022,0.010920688805084022,0.010920688805084022,0.010920688805084023,0.010920688805084018,0.010920688805084011,0.010920688805084013,0.010920688805084006,0.010920688805084011,0.01092068880508401,0.01092068880508401,0.010920688805084013,0.010920688805084013,0.010920688805084008,0.01092068880508401,0.010920688805084008,0.01092068880508401,0.010920688805084006,0.01092068880508401,0.010920688805084008,0.010920688805084008,0.010920688805084008,0.010920688805084008,0.010920688805084008,0.010920688805084008,0.01092068880508401,0.01092068880508401,0.010920688805084013,0.010920688805084013,0.010920688805084008,0.010920688805084008,0.010920688805084008,0.01092068880508401,0.010920688805084011,0.010920688805084008,0.01092068880508401,0.01092068880508401,0.01092068880508401,0.01092068880508401,0.01092068880508401,0.010920688805084011,0.010920688805084006,0.010920688805084004,0.010920688805084006,0.010920688805084006,0.010920688805084004,0.010920688805084004,0.010920688805084016,0.010920688805084013,0.010920688805084011,0.010920688805084015,0.010920688805084013,0.010920688805084016,0.01092068880508402,0.010920688805084015,0.010920688805084013,0.010920688805084013,0.010920688805084018,0.010920688805084018,0.010920688805084018,0.010920688805084018,0.010920688805084022,0.010920688805084023,0.01092068880508402,0.01092068880508402,0.010920688805084016,0.010920688805084016,0.010920688805084018,0.010920688805084015,0.010920688805084016,0.010920688805084022,0.010920688805084018,0.010920688805084016,0.01092068880508402,0.010920688805084018,0.010920688805084015,0.010920688805084022,0.010920688805084022,0.010920688805084016,0.010920688805084022,0.010920688805084018,0.010920688805084023,0.010920688805084023,0.010920688805084025,0.010920688805084022,0.010920688805084022,0.01092068880508402,0.010920688805084022,0.010920688805084022,0.010920688805084022,0.010920688805084022,0.01092068880508402,0.010920688805084016,0.010920688805084018,0.010920688805084016,0.01092068880508402,0.01092068880508402,0.01092068880508402,0.01092068880508402,0.010920688805084018,0.010920688805084018,0.010920688805084018,0.010920688805084016,0.010920688805084018,0.010920688805084022,0.010920688805084022,0.01092068880508401,0.01092068880508401,0.010920688805084008,0.010920688805084008,0.01092068880508401,0.01092068880508401,0.010920688805084013,0.01092068880508401,0.010920688805084008,0.010920688805084008,0.010920688805084006,0.010920688805084004,0.010920688805084006,0.010920688805084006,0.010920688805084006,0.010920688805084004,0.010920688805084004,0.010920688805084006,0.010920688805084006,0.01092068880508401,0.010920688805084006,0.010920688805084004,0.010920688805084004,0.010920688805084004,0.010920688805084004,0.010920688805084006,0.010920688805084006,0.010920688805084004,0.010920688805084008,0.01092068880508401,0.010920688805084008,0.010920688805084008,0.01092068880508401,0.01092068880508401,0.010920688805084013,0.010920688805084011,0.010920688805084008,0.010920688805084011,0.010920688805084004,0.010920688805084006,0.010920688805084004,0.010920688805084004,0.010920688805084003,0.01092068880508401,0.010920688805083999,0.010920688805084011,0.010920688805084,0.010920688805084004,0.010920688805084003,0.010920688805084004,0.01092068880508401,0.010920688805084008,0.010920688805084008,0.010920688805084008,0.010920688805084008,0.010920688805084008,0.01092068880508401,0.010920688805084004,0.010920688805084008,0.010920688805084008,0.01092068880508401,0.010920688805084008,0.010920688805084008,0.010920688805084008,0.01092068880508401,0.010920688805084004,0.010920688805084006,0.010920688805084006,0.010920688805084006,0.010920688805084006,0.010920688805084006,0.010920688805084004,0.010920688805084004,0.010920688805084008,0.010920688805084008,0.010920688805084008,0.010920688805084008,0.010920688805084008,0.010920688805084008,0.010920688805084008,0.01092068880508401,0.01092068880508401,0.01092068880508401,0.010920688805084011,0.010920688805084006,0.010920688805084006,0.01092068880508401,0.010920688805084004,0.010920688805084008,0.010920688805084004,0.010920688805084004,0.010920688805084006,0.010920688805084006,0.010920688805084006,0.010920688805084006,0.010920688805084003,0.010920688805084004,0.010920688805084004,0.010920688805083999,0.010920688805084008,0.010920688805084003,0.01092068880508401,0.010920688805084003,0.010920688805084004,0.010920688805084,0.010920688805084003,0.010920688805083999,0.010920688805084,0.010920688805083999,0.010920688805083996,0.010920688805084,0.010920688805083999,0.010920688805083997,0.010920688805083999,0.010920688805083996,0.010920688805083994,0.010920688805083997,0.010920688805083996,0.010920688805083999,0.010920688805083996,0.010920688805083999,0.010920688805083999,0.010920688805084,0.010920688805083997,0.010920688805083994,0.010920688805083997,0.010920688805083997,0.010920688805083997,0.010920688805083999,0.010920688805083999,0.010920688805083994,0.010920688805083996,0.010920688805083996,0.010920688805083996,0.010920688805083996,0.010920688805083999,0.010920688805083992,0.01092068880508399,0.010920688805083992,0.010920688805083992,0.01092068880508399,0.010920688805083992,0.010920688805083992,0.010920688805083992,0.010920688805083992,0.010920688805083994,0.01092068880508399,0.01092068880508399,0.01092068880508399,0.01092068880508399,0.010920688805083992,0.01092068880508399,0.010920688805083989,0.010920688805083996,0.010920688805083992,0.010920688805083992,0.010920688805083994,0.01092068880508399,0.010920688805083992,0.01092068880508399,0.010920688805083987,0.01092068880508399,0.01092068880508399,0.010920688805083992,0.010920688805083987,0.010920688805083989,0.010920688805083992,0.010920688805083992,0.010920688805083992,0.010920688805083992,0.01092068880508399,0.01092068880508399,0.010920688805083994,0.010920688805083996,0.010920688805083996,0.010920688805083994,0.010920688805083994,0.010920688805083997,0.010920688805083992,0.010920688805083992,0.010920688805083992,0.010920688805083992,0.01092068880508399,0.01092068880508399,0.010920688805083992,0.010920688805083992,0.01092068880508399,0.01092068880508399,0.010920688805083989,0.010920688805083992,0.010920688805083992,0.010920688805083994,0.010920688805083992,0.010920688805083992,0.01092068880508399,0.01092068880508399,0.010920688805083992,0.010920688805083992,0.010920688805083992,0.010920688805083992,0.010920688805083992,0.010920688805083992,0.010920688805083996,0.010920688805083996,0.010920688805083992,0.010920688805083992,0.010920688805083992,0.010920688805083992,0.010920688805083992,0.010920688805083989,0.01092068880508399,0.010920688805083987,0.010920688805083994,0.010920688805083994,0.010920688805083996,0.010920688805083994,0.010920688805083996,0.010920688805083997,0.010920688805083997,0.010920688805084003,0.010920688805084,0.010920688805084003,0.010920688805084,0.010920688805083999,0.010920688805084,0.010920688805084004,0.010920688805084004,0.010920688805083999,0.010920688805083999,0.010920688805083997,0.010920688805083994,0.010920688805083997,0.010920688805083996,0.010920688805083992,0.01092068880508399,0.010920688805083992,0.010920688805083987,0.010920688805083992,0.01092068880508399,0.010920688805083996,0.010920688805083996,0.010920688805083992,0.010920688805083996,0.010920688805083997,0.01092068880508399,0.010920688805083992,0.010920688805083992,0.01092068880508399,0.01092068880508399,0.01092068880508399,0.010920688805083983,0.010920688805083982,0.010920688805083978,0.01092068880508398,0.01092068880508398,0.010920688805083976,0.010920688805083976,0.010920688805083978,0.01092068880508398,0.010920688805083976,0.01092068880508398,0.010920688805083978,0.010920688805083978,0.010920688805083982,0.010920688805083982,0.010920688805083983,0.010920688805083983,0.010920688805083983,0.010920688805083983,0.010920688805083982,0.010920688805083982,0.010920688805083983,0.010920688805083983,0.010920688805083987,0.010920688805083987,0.010920688805083987,0.010920688805083987,0.010920688805083983,0.010920688805083987,0.010920688805083987,0.010920688805083987,0.010920688805083992,0.01092068880508399,0.010920688805083992,0.01092068880508399,0.010920688805083989,0.01092068880508399,0.01092068880508399,0.010920688805083992,0.01092068880508399,0.010920688805083987,0.010920688805083989,0.010920688805083992,0.010920688805083992,0.01092068880508399,0.01092068880508399,0.010920688805083992,0.010920688805083983,0.010920688805083987,0.01092068880508399,0.010920688805083989,0.010920688805083989,0.010920688805084004,0.01092068880508399,0.010920688805083992,0.01092068880508399,0.010920688805083989,0.010920688805083997,0.010920688805083996,0.010920688805083989,0.010920688805083992,0.01092068880508399,0.010920688805083994,0.010920688805083994,0.010920688805083994,0.010920688805083996,0.010920688805083994,0.010920688805083996,0.010920688805083997,0.010920688805083994,0.010920688805083996,0.010920688805083996,0.010920688805083997,0.010920688805083999,0.010920688805083999,0.010920688805083996,0.010920688805083994,0.010920688805083996,0.010920688805083996,0.010920688805083994,0.010920688805083996,0.010920688805083982,0.010920688805083987,0.010920688805083987,0.010920688805083987,0.010920688805083983,0.010920688805083987,0.010920688805083985,0.010920688805083987,0.010920688805083987,0.010920688805083987,0.010920688805083987,0.010920688805083987,0.010920688805083987,0.010920688805083987,0.010920688805083987,0.010920688805083985,0.010920688805083983,0.010920688805083983,0.010920688805083983,0.010920688805083983,0.010920688805083982,0.010920688805083983,0.010920688805083983,0.010920688805083982,0.010920688805083982,0.01092068880508398,0.010920688805083982,0.010920688805083983,0.010920688805083983,0.010920688805083982,0.010920688805083987,0.010920688805083978,0.010920688805083983,0.010920688805083982,0.010920688805083983,0.010920688805083982,0.010920688805083983,0.010920688805083983,0.010920688805083983,0.010920688805083978,0.010920688805083976,0.010920688805083976,0.010920688805083976,0.010920688805083976,0.010920688805083973,0.01092068880508398,0.010920688805083976,0.010920688805083975,0.010920688805083971,0.010920688805083973,0.010920688805083973,0.010920688805083973,0.010920688805083975,0.010920688805083973,0.010920688805083975,0.01092068880508397,0.010920688805083966,0.010920688805083961,0.01092068880508396,0.010920688805083964,0.010920688805083964,0.010920688805083966,0.010920688805083968,0.010920688805083968,0.01092068880508397,0.010920688805083966,0.01092068880508397,0.010920688805083968,0.010920688805083961,0.010920688805083963,0.010920688805083961,0.010920688805083961,0.010920688805083961,0.010920688805083961,0.010920688805083963,0.010920688805083956,0.010920688805083957,0.010920688805083957,0.010920688805083957,0.010920688805083957,0.010920688805083957,0.010920688805083957,0.010920688805083957,0.010920688805083957,0.01092068880508396,0.010920688805083957,0.010920688805083957,0.01092068880508396,0.010920688805083957,0.01092068880508396,0.010920688805083961,0.01092068880508396,0.01092068880508396,0.01092068880508397,0.010920688805083961,0.010920688805083961,0.010920688805083961,0.010920688805083961,0.010920688805083961,0.010920688805083961,0.010920688805083963,0.010920688805083961,0.010920688805083961,0.010920688805083961,0.01092068880508397,0.010920688805083964,0.010920688805083964,0.010920688805083966,0.010920688805083964,0.010920688805083964,0.010920688805083964,0.010920688805083966,0.010920688805083964,0.010920688805083964,0.010920688805083964,0.010920688805083964,0.010920688805083964,0.010920688805083964,0.010920688805083964,0.010920688805083966,0.010920688805083966,0.010920688805083964,0.010920688805083966,0.010920688805083963,0.010920688805083964,0.010920688805083964,0.010920688805083964,0.010920688805083966,0.010920688805083966,0.010920688805083966,0.010920688805083966,0.010920688805083964,0.010920688805083964,0.010920688805083968,0.010920688805083963,0.010920688805083961,0.010920688805083964,0.010920688805083968,0.010920688805083957,0.010920688805083964,0.010920688805083964,0.010920688805083964,0.010920688805083966,0.010920688805083968,0.010920688805083968,0.010920688805083966,0.01092068880508397,0.01092068880508397,0.010920688805083968,0.010920688805083964,0.010920688805083966,0.01092068880508397,0.010920688805083968,0.01092068880508397,0.01092068880508397,0.010920688805083968,0.010920688805083968,0.010920688805083968,0.010920688805083968,0.010920688805083968,0.010920688805083976,0.010920688805083975,0.010920688805083976,0.010920688805083978,0.010920688805083978,0.010920688805083978,0.010920688805083976,0.010920688805083978,0.010920688805083978,0.010920688805083973,0.010920688805083973,0.010920688805083971,0.01092068880508397,0.01092068880508397,0.010920688805083973,0.01092068880508397,0.010920688805083973,0.01092068880508397,0.010920688805083973,0.010920688805083968,0.010920688805083973,0.010920688805083971,0.010920688805083961,0.010920688805083961,0.010920688805083956,0.010920688805083957,0.01092068880508396,0.010920688805083957,0.01092068880508396,0.010920688805083957,0.010920688805083957,0.010920688805083956,0.010920688805083957,0.010920688805083957,0.010920688805083957,0.010920688805083956,0.010920688805083957,0.010920688805083961,0.010920688805083956,0.010920688805083957,0.010920688805083954,0.010920688805083956,0.010920688805083957,0.010920688805083956,0.010920688805083956,0.010920688805083956,0.010920688805083957,0.010920688805083961,0.01092068880508396,0.010920688805083956,0.010920688805083961,0.01092068880508396,0.010920688805083961,0.010920688805083956,0.010920688805083964,0.010920688805083966,0.01092068880508396,0.010920688805083961,0.010920688805083961,0.010920688805083961,0.010920688805083957,0.010920688805083961,0.01092068880508396,0.010920688805083961,0.010920688805083963,0.010920688805083963,0.01092068880508396,0.010920688805083961,0.010920688805083954,0.010920688805083961,0.010920688805083954,0.010920688805083957,0.010920688805083957,0.010920688805083957,0.010920688805083961,0.010920688805083957,0.010920688805083957,0.010920688805083957,0.010920688805083957,0.01092068880508396,0.010920688805083957,0.010920688805083956,0.010920688805083956,0.010920688805083956,0.010920688805083956,0.010920688805083952,0.010920688805083954,0.010920688805083957,0.01092068880508395,0.010920688805083956,0.010920688805083952,0.01092068880508395,0.010920688805083956,0.010920688805083945,0.010920688805083947,0.010920688805083952,0.010920688805083952,0.010920688805083956,0.010920688805083956,0.010920688805083952,0.01092068880508395,0.010920688805083956,0.01092068880508395,0.010920688805083952,0.010920688805083952,0.010920688805083945,0.01092068880508395,0.010920688805083952,0.010920688805083952,0.01092068880508395,0.010920688805083949,0.010920688805083947,0.010920688805083945,0.010920688805083947,0.010920688805083949,0.010920688805083947,0.010920688805083947,0.010920688805083944,0.010920688805083923,0.010920688805083924,0.010920688805083921,0.010920688805083921,0.010920688805083918,0.010920688805083918,0.010920688805083923,0.010920688805083921,0.010920688805083924,0.01092068880508392,0.010920688805083921,0.010920688805083918,0.010920688805083918,0.010920688805083921,0.010920688805083912,0.010920688805083912,0.010920688805083921,0.010920688805083921,0.01092068880508392,0.010920688805083923,0.010920688805083921,0.010920688805083921,0.010920688805083921,0.010920688805083926,0.010920688805083924,0.010920688805083921,0.010920688805083926,0.010920688805083926,0.010920688805083926,0.010920688805083924,0.010920688805083926,0.010920688805083928,0.010920688805083924,0.01092068880508393,0.010920688805083926,0.010920688805083924,0.010920688805083926,0.010920688805083924,0.010920688805083924,0.010920688805083926,0.010920688805083926,0.010920688805083926,0.010920688805083924,0.010920688805083926,0.010920688805083926,0.010920688805083924,0.010920688805083926,0.010920688805083926,0.010920688805083924,0.010920688805083926,0.010920688805083924,0.010920688805083926,0.010920688805083918,0.010920688805083923,0.010920688805083918,0.010920688805083918,0.010920688805083926,0.01092068880508392,0.010920688805083923,0.010920688805083923,0.010920688805083923,0.010920688805083923,0.010920688805083921,0.010920688805083924,0.010920688805083921,0.010920688805083923,0.010920688805083924,0.010920688805083921,0.010920688805083924,0.010920688805083921,0.01092068880508392,0.010920688805083921,0.010920688805083918,0.010920688805083924,0.010920688805083924,0.010920688805083923,0.010920688805083926,0.010920688805083926,0.010920688805083924,0.010920688805083924,0.010920688805083926,0.010920688805083921,0.010920688805083924,0.010920688805083926,0.010920688805083926,0.010920688805083923,0.010920688805083924,0.010920688805083921,0.010920688805083921,0.010920688805083923,0.010920688805083918,0.010920688805083923,0.010920688805083921,0.01092068880508392,0.010920688805083921,0.01092068880508392,0.010920688805083921,0.010920688805083923,0.010920688805083921,0.010920688805083916,0.010920688805083921,0.010920688805083926,0.010920688805083923,0.010920688805083923,0.010920688805083923,0.010920688805083921,0.010920688805083921,0.010920688805083921,0.010920688805083924,0.010920688805083924,0.010920688805083916,0.010920688805083921,0.010920688805083923,0.010920688805083921,0.010920688805083921,0.010920688805083921,0.010920688805083918,0.010920688805083918,0.01092068880508392,0.010920688805083916,0.010920688805083921,0.010920688805083918,0.010920688805083921,0.010920688805083923,0.010920688805083921,0.010920688805083921,0.01092068880508392,0.010920688805083921,0.010920688805083921,0.010920688805083926,0.010920688805083926,0.010920688805083926,0.010920688805083921,0.010920688805083923,0.010920688805083928,0.010920688805083924,0.010920688805083926,0.010920688805083926,0.010920688805083931,0.010920688805083937,0.010920688805083933,0.010920688805083933,0.010920688805083931,0.01092068880508393,0.010920688805083935,0.010920688805083933,0.010920688805083933,0.01092068880508393,0.010920688805083933,0.010920688805083931,0.010920688805083935,0.010920688805083933,0.010920688805083933,0.010920688805083935,0.010920688805083935,0.010920688805083933,0.010920688805083935,0.010920688805083935,0.010920688805083935,0.010920688805083931,0.010920688805083935,0.010920688805083937,0.010920688805083938,0.010920688805083935,0.010920688805083937,0.010920688805083935,0.010920688805083935,0.01092068880508394,0.010920688805083938,0.01092068880508394,0.010920688805083933,0.010920688805083933,0.01092068880508394,0.01092068880508394,0.010920688805083938,0.010920688805083937,0.010920688805083937,0.010920688805083938,0.010920688805083933,0.010920688805083935,0.010920688805083935,0.010920688805083935,0.010920688805083935,0.010920688805083935,0.010920688805083935,0.010920688805083933,0.010920688805083928,0.010920688805083931,0.010920688805083933,0.010920688805083931,0.01092068880508394,0.01092068880508393,0.010920688805083931,0.010920688805083933,0.010920688805083935,0.010920688805083933,0.010920688805083933,0.010920688805083937,0.010920688805083937,0.010920688805083933,0.010920688805083935,0.010920688805083933,0.010920688805083938,0.010920688805083937,0.010920688805083937,0.010920688805083937,0.010920688805083935,0.010920688805083937,0.010920688805083937,0.010920688805083937,0.010920688805083937,0.010920688805083935,0.010920688805083938,0.010920688805083933,0.010920688805083935,0.010920688805083935,0.01092068880508393,0.010920688805083931,0.010920688805083928,0.01092068880508393,0.010920688805083933,0.010920688805083933,0.010920688805083935,0.010920688805083935,0.010920688805083937,0.010920688805083933,0.010920688805083933,0.010920688805083935,0.010920688805083933,0.010920688805083933,0.010920688805083935,0.010920688805083933,0.010920688805083933,0.010920688805083935,0.010920688805083931,0.010920688805083933,0.010920688805083935,0.010920688805083935,0.010920688805083935,0.010920688805083933,0.010920688805083935,0.010920688805083935,0.010920688805083935,0.010920688805083935,0.010920688805083933,0.010920688805083933,0.010920688805083928,0.010920688805083931,0.010920688805083935,0.010920688805083933,0.010920688805083928,0.01092068880508393,0.010920688805083924,0.010920688805083926,0.010920688805083923,0.010920688805083916,0.010920688805083921,0.010920688805083921,0.010920688805083923,0.010920688805083921,0.010920688805083923,0.010920688805083921,0.01092068880508392,0.01092068880508392,0.010920688805083921,0.010920688805083921,0.010920688805083921,0.010920688805083921,0.010920688805083923,0.010920688805083923,0.010920688805083924,0.010920688805083924,0.010920688805083924,0.010920688805083921,0.010920688805083921,0.010920688805083921,0.01092068880508392,0.010920688805083916,0.010920688805083923,0.010920688805083921,0.010920688805083924,0.010920688805083921,0.010920688805083921,0.010920688805083921,0.01092068880508392,0.01092068880508392,0.010920688805083918,0.010920688805083921,0.010920688805083926,0.010920688805083923,0.010920688805083923,0.010920688805083921,0.010920688805083921,0.010920688805083926,0.010920688805083921,0.010920688805083921,0.010920688805083921,0.010920688805083916,0.010920688805083916,0.010920688805083921,0.010920688805083918,0.010920688805083916,0.010920688805083916,0.010920688805083918,0.01092068880508394,0.010920688805083944,0.010920688805083928,0.010920688805083916,0.010920688805083931,0.010920688805083923,0.010920688805083923,0.010920688805083921,0.010920688805083923,0.010920688805083926,0.010920688805083928,0.010920688805083926,0.010920688805083926,0.010920688805083923,0.010920688805083926,0.010920688805083924,0.01092068880508392,0.010920688805083921,0.010920688805083921,0.010920688805083921,0.010920688805083918,0.01092068880508392,0.01092068880508392,0.01092068880508392,0.010920688805083918,0.01092068880508392,0.01092068880508391,0.010920688805083912,0.010920688805083912,0.010920688805083907,0.010920688805083909,0.01092068880508391,0.010920688805083909,0.010920688805083909,0.01092068880508391,0.010920688805083909,0.010920688805083909,0.010920688805083909,0.01092068880508391,0.01092068880508391,0.010920688805083909,0.010920688805083907,0.010920688805083907,0.010920688805083905,0.010920688805083904,0.010920688805083907,0.010920688805083909,0.010920688805083909,0.01092068880508391,0.010920688805083909,0.010920688805083909,0.010920688805083907,0.010920688805083909,0.010920688805083905,0.010920688805083909,0.010920688805083907,0.01092068880508391,0.01092068880508391,0.010920688805083907,0.01092068880508391,0.010920688805083907,0.010920688805083907,0.010920688805083907,0.010920688805083905,0.010920688805083909,0.010920688805083904,0.01092068880508391,0.010920688805083909,0.010920688805083909,0.010920688805083907,0.01092068880508391,0.010920688805083912,0.01092068880508391,0.010920688805083912,0.01092068880508391,0.010920688805083912,0.010920688805083912,0.010920688805083912,0.010920688805083905,0.010920688805083912,0.010920688805083909,0.010920688805083907,0.01092068880508391,0.010920688805083909,0.010920688805083909,0.010920688805083909,0.010920688805083912,0.01092068880508391,0.010920688805083912,0.010920688805083909,0.01092068880508391,0.010920688805083907,0.010920688805083909,0.010920688805083907,0.010920688805083907,0.010920688805083907,0.010920688805083914,0.010920688805083921,0.010920688805083916,0.010920688805083914,0.010920688805083912,0.010920688805083912,0.010920688805083914,0.01092068880508391,0.010920688805083912,0.010920688805083904,0.010920688805083907,0.010920688805083909,0.010920688805083914,0.01092068880508389,0.010920688805083902,0.010920688805083902,0.010920688805083905,0.010920688805083905,0.010920688805083898,0.010920688805083904,0.010920688805083898,0.0109206888050839,0.0109206888050839,0.010920688805083898,0.0109206888050839,0.0109206888050839,0.0109206888050839,0.0109206888050839,0.0109206888050839,0.010920688805083897,0.010920688805083897,0.010920688805083893,0.010920688805083895,0.010920688805083897,0.010920688805083891,0.01092068880508389,0.010920688805083891,0.010920688805083888,0.010920688805083891,0.010920688805083895,0.010920688805083897,0.010920688805083895,0.010920688805083897,0.01092068880508389,0.010920688805083885,0.010920688805083883,0.010920688805083886,0.010920688805083883,0.010920688805083886,0.010920688805083886,0.01092068880508389,0.01092068880508389,0.010920688805083888,0.010920688805083883,0.010920688805083883,0.010920688805083881,0.010920688805083876,0.010920688805083878,0.010920688805083878,0.010920688805083878,0.010920688805083878,0.010920688805083878,0.01092068880508388,0.010920688805083876,0.01092068880508388,0.010920688805083878,0.010920688805083876,0.010920688805083874,0.010920688805083876,0.010920688805083874,0.010920688805083878,0.010920688805083876,0.010920688805083874,0.010920688805083872,0.010920688805083878,0.010920688805083876,0.010920688805083876,0.010920688805083872,0.010920688805083874,0.010920688805083872,0.010920688805083872,0.010920688805083869,0.010920688805083869,0.01092068880508387,0.01092068880508387,0.010920688805083869,0.01092068880508387,0.010920688805083874,0.01092068880508387,0.010920688805083869,0.010920688805083872,0.010920688805083874,0.010920688805083872,0.010920688805083876,0.010920688805083869,0.010920688805083874,0.010920688805083874,0.010920688805083872,0.010920688805083867,0.010920688805083869,0.01092068880508387,0.01092068880508387,0.01092068880508387,0.010920688805083869,0.010920688805083869,0.010920688805083869,0.01092068880508387,0.010920688805083869,0.01092068880508387,0.01092068880508387,0.01092068880508387,0.01092068880508387,0.01092068880508387,0.010920688805083869,0.01092068880508387,0.01092068880508387,0.010920688805083872,0.010920688805083867,0.010920688805083874,0.010920688805083864,0.010920688805083869,0.010920688805083867,0.010920688805083867,0.010920688805083867,0.010920688805083867,0.010920688805083864,0.010920688805083864,0.010920688805083864,0.010920688805083862,0.010920688805083862,0.010920688805083869,0.010920688805083864,0.010920688805083865,0.010920688805083865,0.010920688805083864,0.010920688805083869,0.010920688805083867,0.010920688805083867,0.010920688805083865,0.010920688805083865,0.010920688805083865,0.010920688805083867,0.010920688805083864,0.010920688805083865,0.010920688805083864,0.010920688805083862,0.010920688805083864,0.01092068880508386,0.01092068880508386,0.010920688805083862,0.010920688805083867,0.010920688805083867,0.010920688805083862,0.01092068880508386,0.010920688805083864,0.010920688805083864,0.010920688805083867,0.01092068880508386,0.010920688805083865,0.010920688805083865,0.010920688805083867,0.010920688805083865,0.010920688805083859,0.01092068880508386,0.010920688805083859,0.010920688805083862,0.01092068880508386,0.010920688805083864,0.010920688805083865,0.010920688805083864,0.010920688805083862,0.01092068880508386,0.010920688805083864,0.010920688805083864,0.010920688805083864,0.010920688805083865,0.010920688805083869,0.010920688805083864,0.010920688805083862,0.01092068880508386,0.010920688805083859,0.010920688805083862,0.010920688805083862,0.010920688805083859,0.01092068880508386,0.010920688805083862,0.010920688805083864,0.010920688805083862,0.010920688805083865,0.010920688805083864,0.010920688805083865,0.010920688805083865,0.010920688805083865,0.01092068880508387,0.010920688805083881,0.010920688805083878,0.01092068880508388,0.01092068880508388,0.01092068880508388,0.010920688805083881,0.01092068880508388,0.01092068880508388,0.010920688805083881,0.01092068880508388,0.010920688805083881,0.010920688805083881,0.010920688805083883,0.01092068880508388,0.010920688805083878,0.010920688805083878,0.010920688805083876,0.010920688805083874,0.010920688805083878,0.010920688805083878,0.01092068880508388,0.010920688805083878,0.01092068880508388,0.010920688805083876,0.010920688805083881,0.010920688805083878,0.01092068880508388,0.01092068880508388,0.010920688805083881,0.010920688805083874,0.010920688805083878,0.01092068880508388,0.010920688805083878,0.010920688805083878,0.010920688805083881,0.010920688805083881,0.010920688805083885,0.010920688805083885,0.010920688805083878,0.010920688805083881,0.010920688805083878,0.010920688805083883,0.010920688805083883,0.010920688805083883,0.010920688805083885,0.010920688805083881,0.010920688805083881,0.010920688805083883,0.010920688805083881,0.010920688805083883,0.010920688805083885,0.010920688805083883,0.010920688805083883,0.010920688805083885,0.010920688805083883,0.010920688805083883,0.010920688805083883,0.010920688805083886,0.010920688805083885,0.01092068880508388,0.010920688805083883,0.010920688805083886,0.010920688805083885,0.010920688805083885,0.010920688805083885,0.010920688805083885,0.010920688805083886,0.010920688805083886,0.010920688805083885,0.010920688805083883,0.010920688805083886,0.010920688805083881,0.010920688805083881,0.010920688805083881,0.010920688805083886,0.010920688805083883,0.010920688805083881,0.010920688805083885,0.010920688805083886,0.010920688805083881,0.010920688805083885,0.010920688805083878,0.010920688805083881,0.01092068880508388,0.01092068880508388,0.010920688805083883,0.010920688805083881,0.01092068880508388,0.010920688805083883,0.010920688805083881,0.010920688805083881,0.01092068880508388,0.010920688805083883,0.010920688805083881,0.010920688805083883,0.01092068880508388,0.01092068880508388,0.01092068880508388,0.01092068880508388,0.010920688805083881,0.010920688805083881,0.010920688805083881,0.010920688805083883,0.010920688805083883,0.010920688805083883,0.010920688805083881,0.010920688805083885,0.010920688805083878,0.010920688805083881,0.010920688805083878,0.010920688805083878,0.010920688805083876,0.010920688805083878,0.010920688805083876,0.01092068880508388,0.01092068880508388,0.010920688805083883,0.010920688805083881,0.010920688805083883,0.010920688805083881,0.010920688805083885,0.010920688805083881,0.010920688805083881,0.010920688805083883,0.01092068880508388,0.010920688805083883,0.010920688805083881,0.010920688805083883,0.010920688805083881,0.010920688805083883,0.010920688805083878,0.010920688805083881,0.010920688805083881,0.010920688805083883,0.010920688805083883,0.010920688805083881,0.01092068880508388,0.010920688805083885,0.010920688805083881,0.010920688805083883,0.010920688805083874,0.010920688805083881,0.010920688805083881,0.010920688805083881,0.010920688805083881,0.010920688805083883,0.010920688805083881,0.010920688805083883,0.01092068880508388,0.010920688805083886,0.010920688805083885,0.010920688805083886,0.010920688805083885,0.010920688805083885,0.010920688805083885,0.010920688805083886,0.010920688805083886,0.010920688805083888,0.010920688805083888,0.010920688805083885,0.010920688805083883,0.010920688805083883,0.010920688805083885,0.010920688805083886,0.010920688805083885,0.010920688805083885,0.010920688805083883,0.010920688805083881,0.010920688805083886,0.010920688805083883,0.010920688805083886,0.010920688805083886,0.010920688805083886,0.010920688805083885,0.010920688805083891,0.010920688805083885,0.010920688805083886,0.010920688805083893,0.010920688805083888,0.01092068880508389,0.010920688805083888,0.010920688805083891,0.010920688805083891,0.010920688805083891,0.010920688805083895,0.010920688805083895,0.010920688805083897,0.010920688805083895,0.0109206888050839,0.010920688805083898,0.0109206888050839,0.0109206888050839,0.010920688805083898,0.010920688805083898,0.0109206888050839,0.010920688805083898,0.010920688805083904,0.010920688805083905,0.010920688805083904,0.010920688805083898,0.0109206888050839,0.010920688805083902,0.010920688805083898,0.010920688805083897,0.010920688805083897,0.010920688805083895,0.0109206888050839,0.010920688805083902,0.010920688805083898,0.010920688805083895,0.010920688805083895,0.010920688805083897,0.010920688805083897,0.010920688805083895,0.010920688805083897,0.010920688805083895,0.010920688805083898,0.010920688805083895,0.010920688805083902,0.010920688805083897,0.010920688805083895,0.010920688805083895,0.010920688805083898,0.010920688805083895,0.010920688805083891,0.010920688805083891,0.01092068880508389,0.010920688805083897,0.010920688805083895,0.010920688805083893,0.010920688805083895,0.010920688805083895,0.0109206888050839,0.010920688805083895,0.010920688805083897,0.010920688805083885,0.010920688805083869,0.010920688805083867,0.01092068880508387,0.01092068880508387,0.010920688805083869,0.010920688805083872,0.01092068880508387,0.010920688805083869,0.010920688805083867,0.010920688805083859,0.01092068880508386,0.010920688805083864,0.010920688805083859,0.010920688805083859,0.01092068880508386,0.010920688805083859,0.010920688805083859,0.010920688805083859,0.01092068880508386,0.01092068880508386,0.010920688805083859,0.01092068880508386,0.01092068880508386,0.010920688805083859,0.01092068880508386,0.01092068880508386,0.010920688805083859,0.01092068880508386,0.01092068880508386,0.010920688805083859,0.010920688805083864,0.010920688805083862,0.010920688805083865,0.010920688805083864,0.010920688805083869,0.010920688805083867,0.010920688805083869,0.010920688805083865,0.010920688805083865,0.010920688805083867,0.010920688805083864,0.010920688805083869,0.01092068880508387,0.010920688805083867,0.010920688805083867,0.010920688805083869,0.010920688805083867,0.010920688805083865,0.010920688805083869,0.010920688805083874,0.010920688805083862,0.010920688805083855,0.01092068880508386,0.01092068880508386,0.010920688805083864,0.010920688805083865,0.010920688805083864,0.01092068880508387,0.01092068880508387,0.010920688805083869,0.010920688805083864,0.010920688805083862,0.010920688805083862,0.010920688805083865,0.010920688805083864,0.010920688805083865,0.010920688805083864,0.010920688805083862,0.010920688805083853,0.010920688805083859,0.010920688805083857,0.010920688805083859,0.010920688805083862,0.010920688805083862,0.010920688805083859,0.010920688805083862,0.010920688805083864,0.010920688805083862,0.010920688805083867,0.010920688805083867,0.010920688805083867,0.01092068880508387,0.01092068880508387,0.010920688805083864,0.010920688805083867,0.01092068880508387,0.01092068880508387,0.010920688805083869,0.010920688805083869,0.010920688805083867,0.010920688805083862,0.010920688805083864,0.010920688805083864,0.010920688805083864,0.010920688805083864,0.010920688805083864,0.01092068880508387,0.010920688805083869,0.010920688805083867,0.01092068880508387,0.010920688805083867,0.010920688805083864,0.010920688805083869,0.010920688805083864,0.010920688805083865,0.010920688805083865,0.010920688805083869,0.010920688805083865,0.010920688805083867,0.010920688805083869,0.010920688805083867,0.01092068880508386,0.010920688805083865,0.010920688805083865,0.010920688805083865,0.010920688805083865,0.010920688805083865,0.010920688805083867,0.010920688805083865,0.010920688805083867,0.010920688805083867,0.010920688805083865,0.010920688805083862,0.010920688805083864,0.010920688805083864,0.010920688805083864,0.010920688805083862,0.010920688805083862,0.010920688805083867,0.010920688805083865,0.010920688805083869,0.010920688805083862,0.010920688805083862,0.01092068880508386,0.010920688805083865,0.010920688805083862,0.010920688805083862,0.01092068880508386,0.01092068880508386,0.010920688805083862,0.01092068880508386,0.010920688805083862,0.010920688805083865,0.010920688805083862,0.010920688805083864,0.010920688805083867,0.010920688805083859,0.01092068880508386,0.010920688805083864,0.010920688805083862,0.010920688805083865,0.010920688805083865,0.010920688805083864,0.010920688805083865,0.010920688805083867,0.010920688805083864,0.01092068880508386,0.01092068880508386,0.010920688805083857,0.010920688805083859,0.010920688805083855,0.01092068880508386,0.010920688805083859,0.010920688805083857,0.010920688805083865,0.010920688805083865,0.010920688805083864,0.010920688805083865,0.010920688805083865,0.01092068880508386,0.010920688805083864,0.010920688805083864,0.010920688805083862,0.010920688805083862,0.010920688805083865,0.010920688805083859,0.010920688805083864,0.010920688805083862,0.010920688805083864,0.010920688805083864,0.01092068880508386,0.010920688805083862,0.010920688805083864,0.010920688805083862,0.01092068880508386,0.010920688805083865,0.010920688805083865,0.010920688805083867,0.010920688805083864,0.010920688805083864,0.010920688805083867,0.010920688805083864,0.010920688805083862,0.010920688805083864,0.010920688805083865,0.010920688805083865,0.010920688805083869,0.010920688805083864,0.01092068880508387,0.010920688805083869,0.010920688805083867,0.010920688805083874,0.010920688805083878,0.010920688805083886,0.01092068880508388,0.010920688805083878,0.010920688805083883,0.010920688805083886,0.010920688805083886,0.010920688805083886,0.010920688805083891,0.010920688805083886,0.010920688805083885,0.010920688805083885,0.010920688805083886,0.010920688805083885,0.010920688805083886,0.010920688805083886,0.010920688805083886,0.010920688805083888,0.010920688805083885,0.010920688805083886,0.010920688805083885,0.010920688805083885,0.010920688805083885,0.010920688805083885,0.010920688805083885,0.010920688805083888,0.010920688805083885,0.010920688805083883,0.010920688805083886,0.010920688805083878,0.010920688805083874,0.010920688805083878,0.010920688805083878,0.010920688805083881,0.010920688805083878,0.010920688805083878,0.010920688805083881,0.010920688805083872,0.010920688805083878,0.01092068880508388,0.010920688805083878,0.010920688805083872,0.010920688805083878,0.010920688805083876,0.010920688805083874,0.010920688805083878,0.010920688805083878,0.010920688805083876,0.01092068880508388,0.010920688805083878,0.01092068880508388,0.01092068880508388,0.010920688805083878,0.01092068880508388,0.010920688805083883,0.010920688805083881,0.010920688805083878,0.010920688805083876,0.010920688805083874,0.010920688805083872,0.010920688805083874,0.010920688805083886,0.010920688805083883,0.010920688805083878,0.010920688805083881,0.010920688805083883,0.010920688805083883,0.010920688805083881,0.010920688805083881,0.010920688805083885,0.010920688805083881,0.010920688805083885,0.010920688805083883,0.01092068880508389,0.01092068880508389,0.01092068880508389,0.01092068880508389,0.01092068880508389,0.010920688805083891,0.010920688805083891,0.01092068880508389,0.01092068880508389,0.01092068880508389,0.010920688805083891,0.010920688805083893,0.010920688805083891,0.010920688805083895,0.010920688805083893,0.010920688805083895,0.010920688805083893,0.010920688805083891,0.010920688805083891,0.010920688805083891,0.010920688805083888,0.010920688805083893,0.01092068880508389,0.010920688805083895,0.01092068880508389,0.01092068880508389,0.010920688805083886,0.01092068880508389,0.01092068880508389,0.010920688805083891,0.010920688805083891,0.010920688805083888,0.010920688805083893,0.010920688805083891,0.01092068880508389,0.010920688805083888,0.010920688805083891,0.01092068880508389,0.010920688805083885,0.010920688805083885,0.010920688805083881,0.01092068880508388,0.010920688805083878,0.010920688805083874,0.010920688805083876,0.010920688805083876,0.010920688805083876,0.010920688805083878,0.010920688805083876,0.010920688805083876,0.010920688805083874,0.010920688805083874,0.010920688805083876,0.01092068880508388,0.01092068880508388,0.010920688805083878,0.010920688805083878,0.010920688805083878,0.01092068880508388,0.010920688805083876,0.010920688805083878,0.010920688805083878,0.010920688805083872,0.010920688805083878,0.010920688805083878,0.01092068880508388,0.010920688805083878,0.01092068880508388,0.01092068880508388,0.010920688805083878,0.01092068880508388,0.010920688805083881,0.010920688805083876,0.010920688805083878,0.010920688805083878,0.01092068880508388,0.010920688805083883,0.01092068880508388,0.010920688805083881,0.01092068880508388,0.010920688805083881,0.010920688805083878,0.010920688805083886,0.010920688805083881,0.010920688805083881,0.010920688805083881,0.010920688805083883,0.010920688805083883,0.010920688805083881,0.010920688805083883,0.010920688805083883,0.01092068880508388,0.010920688805083883,0.010920688805083878,0.010920688805083878,0.010920688805083876,0.010920688805083876,0.010920688805083876,0.010920688805083876,0.010920688805083876,0.01092068880508388,0.010920688805083872,0.010920688805083878,0.010920688805083874,0.010920688805083881,0.010920688805083881,0.010920688805083881,0.010920688805083881,0.010920688805083886,0.010920688805083886,0.010920688805083883,0.010920688805083878,0.01092068880508388,0.010920688805083876,0.010920688805083876,0.010920688805083874,0.010920688805083876,0.010920688805083869,0.010920688805083867,0.010920688805083867,0.010920688805083869,0.010920688805083869,0.010920688805083867,0.010920688805083865,0.010920688805083865,0.010920688805083865,0.010920688805083865,0.010920688805083864,0.010920688805083864,0.010920688805083864,0.010920688805083869,0.010920688805083865,0.010920688805083867,0.010920688805083859,0.010920688805083862,0.010920688805083862,0.010920688805083864,0.010920688805083865,0.010920688805083869,0.010920688805083869,0.010920688805083869,0.010920688805083867,0.010920688805083867,0.01092068880508387,0.01092068880508387,0.01092068880508387,0.010920688805083874,0.010920688805083874,0.01092068880508387,0.010920688805083874,0.010920688805083869,0.010920688805083872,0.010920688805083867,0.010920688805083869,0.010920688805083865,0.010920688805083864,0.01092068880508387,0.01092068880508387,0.010920688805083865,0.010920688805083865,0.010920688805083864,0.010920688805083864,0.010920688805083864,0.010920688805083869,0.010920688805083867,0.010920688805083869,0.010920688805083865,0.010920688805083867,0.010920688805083872,0.010920688805083869,0.010920688805083869,0.010920688805083867,0.010920688805083864,0.01092068880508387,0.010920688805083864,0.010920688805083864,0.010920688805083864,0.01092068880508386,0.010920688805083865,0.010920688805083859,0.010920688805083867,0.010920688805083867,0.010920688805083867,0.010920688805083867,0.010920688805083867,0.010920688805083867,0.010920688805083864,0.010920688805083864,0.01092068880508386,0.010920688805083862,0.01092068880508386,0.01092068880508386,0.010920688805083865,0.010920688805083864,0.010920688805083864,0.010920688805083864,0.010920688805083864,0.010920688805083865,0.010920688805083865,0.010920688805083865,0.010920688805083864,0.010920688805083864,0.010920688805083864,0.010920688805083867,0.010920688805083869,0.010920688805083865,0.010920688805083867,0.010920688805083865,0.010920688805083864,0.010920688805083867,0.010920688805083867,0.010920688805083864,0.010920688805083865,0.010920688805083862,0.01092068880508387,0.010920688805083869,0.010920688805083867,0.010920688805083867,0.010920688805083869,0.010920688805083865,0.010920688805083869,0.010920688805083869,0.010920688805083864,0.010920688805083867,0.010920688805083872,0.010920688805083869,0.010920688805083867,0.01092068880508387,0.010920688805083881,0.010920688805083878,0.010920688805083876,0.010920688805083872,0.01092068880508388,0.010920688805083878,0.010920688805083878,0.01092068880508388,0.01092068880508388,0.010920688805083878,0.010920688805083878,0.01092068880508388,0.01092068880508388,0.010920688805083881,0.010920688805083878,0.010920688805083878,0.010920688805083876,0.010920688805083878,0.010920688805083878,0.010920688805083872,0.01092068880508388,0.010920688805083874,0.010920688805083878,0.010920688805083872,0.010920688805083874,0.01092068880508388,0.010920688805083878,0.010920688805083878,0.010920688805083881,0.010920688805083883,0.01092068880508388,0.010920688805083874,0.010920688805083872,0.010920688805083872,0.010920688805083876,0.010920688805083872,0.010920688805083878,0.010920688805083878,0.010920688805083878,0.010920688805083881,0.01092068880508388,0.010920688805083881,0.010920688805083881,0.010920688805083883,0.010920688805083886,0.010920688805083881,0.01092068880508388,0.010920688805083881,0.010920688805083883,0.010920688805083883,0.010920688805083881,0.010920688805083885,0.010920688805083886,0.010920688805083883,0.010920688805083881,0.010920688805083883,0.010920688805083876,0.01092068880508388,0.01092068880508388,0.01092068880508388,0.01092068880508388,0.01092068880508388,0.01092068880508388,0.010920688805083881,0.010920688805083881,0.010920688805083881,0.010920688805083876,0.010920688805083878,0.010920688805083878,0.01092068880508388,0.010920688805083883,0.010920688805083885,0.010920688805083885,0.010920688805083883,0.010920688805083881,0.01092068880508388,0.010920688805083878,0.01092068880508388,0.010920688805083878,0.010920688805083878,0.01092068880508388,0.010920688805083878,0.01092068880508388,0.01092068880508388,0.01092068880508388,0.010920688805083881,0.010920688805083881,0.01092068880508388,0.010920688805083883,0.010920688805083881,0.01092068880508388,0.010920688805083878,0.010920688805083886,0.010920688805083883,0.010920688805083886,0.010920688805083888,0.010920688805083883,0.010920688805083888,0.010920688805083885,0.010920688805083891,0.010920688805083893,0.01092068880508389,0.010920688805083888,0.010920688805083893,0.010920688805083891,0.010920688805083885,0.01092068880508389,0.010920688805083891,0.010920688805083888,0.010920688805083893,0.010920688805083891,0.010920688805083891,0.010920688805083891,0.010920688805083891,0.010920688805083893,0.010920688805083891,0.01092068880508389,0.010920688805083891,0.010920688805083888,0.010920688805083891,0.01092068880508389,0.01092068880508389,0.010920688805083893,0.010920688805083898,0.010920688805083895,0.010920688805083886,0.010920688805083891,0.010920688805083891,0.010920688805083893,0.010920688805083893,0.010920688805083891,0.010920688805083893,0.010920688805083893,0.010920688805083897,0.01092068880508389,0.010920688805083891,0.01092068880508389,0.010920688805083893,0.010920688805083893,0.010920688805083905,0.010920688805083898,0.0109206888050839,0.010920688805083897,0.010920688805083897,0.010920688805083891,0.010920688805083891,0.010920688805083893,0.010920688805083885,0.010920688805083886,0.01092068880508389,0.01092068880508389,0.01092068880508389,0.010920688805083891,0.010920688805083895,0.010920688805083891,0.01092068880508389,0.010920688805083891,0.010920688805083891,0.01092068880508389,0.01092068880508389,0.010920688805083891,0.010920688805083891,0.010920688805083891,0.01092068880508389,0.010920688805083893,0.010920688805083891,0.01092068880508389,0.010920688805083886,0.010920688805083891,0.010920688805083888,0.01092068880508389,0.01092068880508389,0.010920688805083888,0.010920688805083886,0.010920688805083888,0.01092068880508389,0.010920688805083893,0.01092068880508389,0.010920688805083886,0.010920688805083883,0.010920688805083881,0.010920688805083883,0.010920688805083885,0.010920688805083885,0.010920688805083886,0.010920688805083886,0.010920688805083885,0.010920688805083886,0.01092068880508388,0.010920688805083883,0.01092068880508388,0.010920688805083878,0.01092068880508388,0.010920688805083878,0.01092068880508388,0.010920688805083878,0.010920688805083881,0.010920688805083878,0.01092068880508388,0.010920688805083876,0.01092068880508388,0.010920688805083876,0.010920688805083881,0.010920688805083883,0.01092068880508388,0.01092068880508388,0.010920688805083878,0.01092068880508388,0.01092068880508388,0.01092068880508388,0.010920688805083878,0.010920688805083878,0.010920688805083878,0.01092068880508388,0.01092068880508388,0.010920688805083883,0.010920688805083881,0.010920688805083881,0.010920688805083883,0.01092068880508388,0.010920688805083878,0.010920688805083878,0.01092068880508388,0.01092068880508388,0.010920688805083878,0.01092068880508388,0.010920688805083878,0.010920688805083881,0.010920688805083878,0.01092068880508388,0.01092068880508388,0.010920688805083881,0.01092068880508388,0.01092068880508388,0.010920688805083878,0.010920688805083878,0.01092068880508388,0.010920688805083881,0.010920688805083885,0.010920688805083881,0.010920688805083883,0.010920688805083886,0.010920688805083886,0.010920688805083885,0.010920688805083886,0.010920688805083886,0.010920688805083886,0.01092068880508389,0.010920688805083888,0.010920688805083895,0.010920688805083886,0.01092068880508389,0.010920688805083895,0.010920688805083891,0.010920688805083891,0.010920688805083891,0.01092068880508389,0.010920688805083893,0.010920688805083895,0.010920688805083895,0.010920688805083895,0.010920688805083898,0.0109206888050839,0.0109206888050839,0.010920688805083895,0.010920688805083898,0.010920688805083898,0.010920688805083904,0.010920688805083898,0.010920688805083898,0.010920688805083898,0.010920688805083895,0.010920688805083893,0.010920688805083895,0.010920688805083897,0.010920688805083893,0.010920688805083897,0.010920688805083895,0.010920688805083893,0.010920688805083891,0.010920688805083891,0.010920688805083893,0.010920688805083891,0.010920688805083893,0.010920688805083891,0.010920688805083891,0.01092068880508389,0.01092068880508389,0.010920688805083891,0.010920688805083888,0.01092068880508389,0.010920688805083886,0.01092068880508389,0.010920688805083891,0.010920688805083891,0.010920688805083891,0.01092068880508389,0.01092068880508389,0.010920688805083893,0.010920688805083891,0.010920688805083888,0.01092068880508389,0.010920688805083893,0.010920688805083895,0.010920688805083895,0.010920688805083897,0.010920688805083895,0.010920688805083897,0.010920688805083895,0.010920688805083897,0.010920688805083893,0.010920688805083895,0.010920688805083893,0.010920688805083897,0.010920688805083893,0.010920688805083897,0.010920688805083891,0.010920688805083895,0.010920688805083895,0.010920688805083897,0.010920688805083895,0.010920688805083897,0.010920688805083895,0.0109206888050839,0.010920688805083895,0.010920688805083897,0.010920688805083897,0.010920688805083891,0.010920688805083897,0.010920688805083893,0.010920688805083895,0.010920688805083893,0.010920688805083893,0.010920688805083891,0.010920688805083891,0.010920688805083895,0.010920688805083893,0.010920688805083895,0.010920688805083898,0.010920688805083897,0.0109206888050839,0.010920688805083902,0.010920688805083898,0.010920688805083907,0.0109206888050839,0.010920688805083886,0.01092068880508389,0.010920688805083888,0.010920688805083891,0.010920688805083891,0.010920688805083893,0.010920688805083891,0.010920688805083893,0.01092068880508389,0.010920688805083891,0.010920688805083893,0.010920688805083895,0.010920688805083895,0.010920688805083897,0.010920688805083895,0.010920688805083897,0.010920688805083895,0.010920688805083888,0.01092068880508389,0.010920688805083888,0.010920688805083886,0.010920688805083893,0.010920688805083883,0.010920688805083886,0.010920688805083883,0.010920688805083885,0.010920688805083885,0.010920688805083881,0.010920688805083881,0.010920688805083878,0.010920688805083876,0.01092068880508388,0.01092068880508389,0.010920688805083876,0.010920688805083893,0.010920688805083897,0.010920688805083895,0.010920688805083895,0.010920688805083897,0.010920688805083898,0.010920688805083895,0.010920688805083897,0.010920688805083898,0.010920688805083898,0.010920688805083891,0.010920688805083904,0.010920688805083904,0.010920688805083897,0.010920688805083888,0.01092068880508389,0.01092068880508389,0.010920688805083893,0.010920688805083891,0.010920688805083893,0.010920688805083895,0.010920688805083895,0.010920688805083897,0.010920688805083897,0.010920688805083888,0.010920688805083885,0.010920688805083888,0.01092068880508389,0.010920688805083888,0.010920688805083885,0.010920688805083886,0.010920688805083885,0.010920688805083885,0.010920688805083883,0.010920688805083885,0.010920688805083885,0.010920688805083886,0.010920688805083886,0.010920688805083881,0.010920688805083878,0.010920688805083878,0.010920688805083878,0.010920688805083874,0.010920688805083874,0.010920688805083878,0.010920688805083872,0.010920688805083881,0.010920688805083883,0.010920688805083881,0.010920688805083876,0.010920688805083878,0.010920688805083878,0.010920688805083876,0.010920688805083883,0.010920688805083878,0.010920688805083878,0.010920688805083881,0.010920688805083881,0.01092068880508388,0.010920688805083876,0.010920688805083876,0.010920688805083876,0.010920688805083874,0.010920688805083872,0.01092068880508387,0.010920688805083869,0.010920688805083869,0.01092068880508387,0.010920688805083869,0.010920688805083869,0.010920688805083878,0.010920688805083878,0.010920688805083878,0.010920688805083876,0.010920688805083878,0.010920688805083878,0.010920688805083876,0.010920688805083878,0.010920688805083878,0.010920688805083878,0.010920688805083872,0.010920688805083876,0.010920688805083878,0.010920688805083878,0.010920688805083872,0.010920688805083874,0.010920688805083874,0.010920688805083878,0.010920688805083876,0.010920688805083876,0.010920688805083878,0.010920688805083878,0.010920688805083874,0.010920688805083876,0.010920688805083874,0.010920688805083874,0.010920688805083867,0.010920688805083872,0.010920688805083872,0.010920688805083872,0.01092068880508388,0.010920688805083874,0.010920688805083874,0.01092068880508388,0.010920688805083872,0.010920688805083876,0.010920688805083878,0.010920688805083881,0.010920688805083878,0.010920688805083878,0.010920688805083878,0.01092068880508388,0.01092068880508388,0.01092068880508388,0.010920688805083876,0.01092068880508388,0.010920688805083878,0.010920688805083878,0.010920688805083878,0.010920688805083876,0.01092068880508388,0.010920688805083874,0.010920688805083874,0.01092068880508388,0.010920688805083878,0.010920688805083878,0.010920688805083876,0.010920688805083874,0.01092068880508388,0.010920688805083881,0.01092068880508388,0.010920688805083878,0.01092068880508388,0.010920688805083883,0.01092068880508388,0.010920688805083878,0.010920688805083878,0.010920688805083876,0.010920688805083876,0.010920688805083872,0.010920688805083872,0.010920688805083869,0.01092068880508387,0.010920688805083878,0.010920688805083872,0.010920688805083878,0.010920688805083874,0.010920688805083876,0.010920688805083872,0.010920688805083876,0.010920688805083874,0.010920688805083872,0.01092068880508387,0.010920688805083874,0.010920688805083876,0.010920688805083878,0.010920688805083883,0.010920688805083878,0.01092068880508388,0.01092068880508388,0.010920688805083876,0.010920688805083876,0.010920688805083876,0.010920688805083876,0.010920688805083878,0.010920688805083878,0.010920688805083876,0.010920688805083876,0.010920688805083876,0.010920688805083883,0.010920688805083878,0.010920688805083878,0.010920688805083876,0.010920688805083876,0.010920688805083876,0.010920688805083878,0.010920688805083876,0.010920688805083878,0.010920688805083878,0.01092068880508388,0.010920688805083878,0.010920688805083878,0.010920688805083883,0.010920688805083883,0.010920688805083886,0.01092068880508389,0.010920688805083891,0.010920688805083891,0.010920688805083891,0.010920688805083895,0.010920688805083895,0.010920688805083893,0.010920688805083893,0.010920688805083893,0.010920688805083891,0.010920688805083891,0.010920688805083893,0.010920688805083891,0.01092068880508389,0.010920688805083895,0.010920688805083895,0.010920688805083893,0.010920688805083895,0.010920688805083895,0.010920688805083895,0.010920688805083897,0.010920688805083897,0.010920688805083898,0.010920688805083897,0.010920688805083895,0.0109206888050839,0.010920688805083897,0.010920688805083898,0.010920688805083904,0.010920688805083902,0.010920688805083902,0.010920688805083898,0.010920688805083898,0.010920688805083898,0.010920688805083902,0.0109206888050839,0.010920688805083904,0.010920688805083902,0.010920688805083898,0.010920688805083898,0.010920688805083898,0.010920688805083897,0.010920688805083898,0.010920688805083897,0.010920688805083897,0.010920688805083897,0.0109206888050839,0.0109206888050839,0.010920688805083902,0.010920688805083898,0.010920688805083893,0.010920688805083898,0.010920688805083895,0.010920688805083893,0.010920688805083895,0.010920688805083895,0.010920688805083895,0.010920688805083895,0.010920688805083891,0.010920688805083893,0.010920688805083891,0.010920688805083891,0.010920688805083891,0.010920688805083891,0.01092068880508389,0.01092068880508389,0.010920688805083895,0.010920688805083895,0.010920688805083895,0.010920688805083897,0.010920688805083895,0.010920688805083895,0.010920688805083895,0.010920688805083893,0.010920688805083895,0.010920688805083897,0.010920688805083898,0.010920688805083897,0.010920688805083895,0.010920688805083895,0.010920688805083897,0.010920688805083895,0.010920688805083897,0.010920688805083897,0.010920688805083898,0.010920688805083895,0.010920688805083893,0.010920688805083895,0.010920688805083895,0.010920688805083895,0.010920688805083893,0.010920688805083895,0.010920688805083891,0.010920688805083891,0.010920688805083891,0.010920688805083891,0.010920688805083891,0.010920688805083891,0.010920688805083897,0.010920688805083893,0.010920688805083893,0.010920688805083895,0.010920688805083895,0.010920688805083893,0.010920688805083895,0.010920688805083893,0.010920688805083893,0.010920688805083895,0.010920688805083897,0.010920688805083898,0.010920688805083898,0.010920688805083898,0.0109206888050839,0.010920688805083895,0.010920688805083897,0.010920688805083895,0.010920688805083898,0.0109206888050839,0.0109206888050839,0.010920688805083898,0.010920688805083904,0.010920688805083907,0.010920688805083907,0.010920688805083902,0.010920688805083905,0.010920688805083907,0.010920688805083909,0.010920688805083909,0.010920688805083909,0.010920688805083909,0.010920688805083909,0.010920688805083909,0.010920688805083907,0.010920688805083909,0.010920688805083909,0.010920688805083907,0.010920688805083909,0.010920688805083909,0.010920688805083909,0.010920688805083907,0.010920688805083909,0.010920688805083909,0.010920688805083909,0.010920688805083907,0.010920688805083904,0.010920688805083909,0.010920688805083907,0.010920688805083914,0.01092068880508391,0.010920688805083909,0.010920688805083912,0.01092068880508391,0.010920688805083909,0.01092068880508391,0.010920688805083907,0.010920688805083907,0.010920688805083907,0.010920688805083909,0.010920688805083909,0.010920688805083907,0.01092068880508391,0.010920688805083909,0.010920688805083909,0.010920688805083909,0.01092068880508391,0.010920688805083907,0.010920688805083907,0.01092068880508391,0.010920688805083912,0.010920688805083912,0.010920688805083912,0.010920688805083914,0.010920688805083914,0.010920688805083912,0.01092068880508391,0.010920688805083914,0.010920688805083914,0.010920688805083914,0.010920688805083916,0.010920688805083916,0.01092068880508391,0.010920688805083912,0.010920688805083912,0.010920688805083914,0.010920688805083907,0.010920688805083907,0.010920688805083909,0.010920688805083909,0.010920688805083907,0.010920688805083909,0.010920688805083912,0.010920688805083909,0.01092068880508391,0.010920688805083909,0.010920688805083909,0.010920688805083909,0.010920688805083912,0.01092068880508391,0.010920688805083905,0.010920688805083907,0.010920688805083909,0.010920688805083912,0.01092068880508391,0.01092068880508391,0.010920688805083907,0.010920688805083907,0.010920688805083909,0.010920688805083905,0.010920688805083907,0.010920688805083904,0.010920688805083909,0.010920688805083909,0.010920688805083909,0.010920688805083907,0.010920688805083909,0.010920688805083907,0.010920688805083909,0.010920688805083909,0.010920688805083909,0.010920688805083907,0.010920688805083907,0.010920688805083912,0.010920688805083907,0.010920688805083909,0.010920688805083905,0.010920688805083907,0.010920688805083907,0.010920688805083907,0.01092068880508391,0.010920688805083905,0.010920688805083905,0.010920688805083907,0.010920688805083907,0.010920688805083907,0.010920688805083907,0.010920688805083905,0.010920688805083905,0.010920688805083902,0.010920688805083907,0.010920688805083907,0.010920688805083904,0.010920688805083902,0.010920688805083904,0.010920688805083905,0.010920688805083905,0.010920688805083905,0.010920688805083902,0.010920688805083905,0.010920688805083904,0.010920688805083902,0.010920688805083902,0.010920688805083904,0.0109206888050839,0.010920688805083905,0.010920688805083905,0.010920688805083904,0.010920688805083904,0.010920688805083905,0.010920688805083902,0.010920688805083904,0.010920688805083905,0.010920688805083902,0.010920688805083904,0.0109206888050839,0.010920688805083904,0.010920688805083898,0.010920688805083897,0.010920688805083895,0.010920688805083897,0.010920688805083898,0.010920688805083902,0.010920688805083902,0.010920688805083904,0.010920688805083902,0.010920688805083902,0.0109206888050839,0.010920688805083898,0.010920688805083898,0.010920688805083904,0.010920688805083893,0.010920688805083895,0.010920688805083895,0.010920688805083895,0.010920688805083895,0.010920688805083895,0.010920688805083895,0.010920688805083897,0.010920688805083895,0.010920688805083897,0.010920688805083893,0.010920688805083897,0.010920688805083891,0.010920688805083891,0.010920688805083891,0.010920688805083891,0.010920688805083891,0.01092068880508389,0.010920688805083888,0.01092068880508389,0.010920688805083893,0.01092068880508389,0.01092068880508389,0.01092068880508389,0.01092068880508389,0.01092068880508389,0.01092068880508389,0.01092068880508389,0.010920688805083893,0.010920688805083895,0.01092068880508389,0.01092068880508389,0.010920688805083888,0.01092068880508389,0.010920688805083886,0.010920688805083885,0.010920688805083885,0.010920688805083886,0.010920688805083886,0.01092068880508389,0.010920688805083897,0.010920688805083888,0.010920688805083891,0.010920688805083897,0.010920688805083897,0.010920688805083897,0.010920688805083897,0.0109206888050839,0.010920688805083902,0.010920688805083905,0.010920688805083904,0.010920688805083904,0.0109206888050839,0.010920688805083905,0.010920688805083905,0.010920688805083909,0.010920688805083909,0.010920688805083907,0.01092068880508391,0.010920688805083909,0.010920688805083921,0.010920688805083918,0.010920688805083918,0.010920688805083918,0.010920688805083918,0.010920688805083916,0.010920688805083921,0.010920688805083921,0.010920688805083918,0.010920688805083916,0.01092068880508392,0.010920688805083921,0.010920688805083921,0.010920688805083923,0.010920688805083921,0.010920688805083921,0.010920688805083921,0.01092068880508392,0.01092068880508392,0.010920688805083918,0.010920688805083916,0.010920688805083918,0.01092068880508392,0.010920688805083918,0.010920688805083916,0.010920688805083918,0.010920688805083921,0.010920688805083921,0.010920688805083912,0.010920688805083916,0.010920688805083912,0.010920688805083916,0.010920688805083918,0.010920688805083918,0.01092068880508392,0.010920688805083918,0.010920688805083918,0.010920688805083916,0.010920688805083918,0.010920688805083916,0.010920688805083914,0.010920688805083918,0.010920688805083924,0.010920688805083923,0.010920688805083923,0.010920688805083921,0.01092068880508392,0.01092068880508392,0.010920688805083921,0.010920688805083921,0.01092068880508392,0.010920688805083921,0.010920688805083923,0.010920688805083921,0.01092068880508392,0.010920688805083923,0.010920688805083921,0.01092068880508392,0.010920688805083916,0.01092068880508392,0.010920688805083918,0.010920688805083916,0.010920688805083921,0.010920688805083921,0.010920688805083923,0.010920688805083921,0.010920688805083921,0.010920688805083921,0.010920688805083924,0.010920688805083924,0.010920688805083918,0.010920688805083921,0.010920688805083921,0.010920688805083924,0.010920688805083921,0.01092068880508392,0.01092068880508392,0.010920688805083921,0.010920688805083918,0.010920688805083923,0.010920688805083921,0.010920688805083926,0.010920688805083921,0.010920688805083923,0.010920688805083923,0.010920688805083923,0.010920688805083921,0.010920688805083921,0.010920688805083921,0.010920688805083923,0.010920688805083918,0.010920688805083923,0.010920688805083921,0.010920688805083921,0.010920688805083921,0.010920688805083921,0.01092068880508392,0.01092068880508392,0.010920688805083923,0.010920688805083918,0.010920688805083921,0.010920688805083918,0.010920688805083928,0.010920688805083923,0.010920688805083926,0.010920688805083926,0.010920688805083924,0.010920688805083928,0.010920688805083924,0.010920688805083924,0.010920688805083926,0.010920688805083923,0.010920688805083926,0.010920688805083923,0.010920688805083926,0.010920688805083921,0.010920688805083928,0.010920688805083918,0.010920688805083921,0.010920688805083924,0.010920688805083923,0.010920688805083924,0.010920688805083926,0.010920688805083926,0.010920688805083926,0.01092068880508393,0.010920688805083924,0.010920688805083923,0.01092068880508393,0.010920688805083924,0.010920688805083924,0.010920688805083928,0.010920688805083923,0.010920688805083926,0.010920688805083926,0.010920688805083924,0.010920688805083921,0.010920688805083921,0.010920688805083923,0.01092068880508392,0.01092068880508392,0.010920688805083921,0.010920688805083916,0.010920688805083921,0.010920688805083921,0.010920688805083921,0.010920688805083921,0.010920688805083918,0.010920688805083923,0.01092068880508392,0.010920688805083918,0.010920688805083923,0.010920688805083921,0.010920688805083924,0.010920688805083921,0.010920688805083921,0.010920688805083924,0.010920688805083924,0.010920688805083921,0.010920688805083923,0.010920688805083921,0.01092068880508392,0.010920688805083921,0.010920688805083923,0.010920688805083918,0.010920688805083914,0.010920688805083914,0.010920688805083916,0.010920688805083916,0.010920688805083918,0.010920688805083918,0.010920688805083918,0.010920688805083918,0.010920688805083912,0.010920688805083918,0.010920688805083918,0.010920688805083916,0.010920688805083921,0.010920688805083912,0.010920688805083918,0.010920688805083918,0.010920688805083914,0.010920688805083914,0.010920688805083918,0.010920688805083916,0.010920688805083912,0.010920688805083912,0.01092068880508391,0.01092068880508391,0.01092068880508391,0.01092068880508391,0.010920688805083909,0.010920688805083907,0.010920688805083907,0.010920688805083905,0.010920688805083905,0.010920688805083909,0.010920688805083907,0.010920688805083907,0.010920688805083907,0.010920688805083909,0.010920688805083907,0.010920688805083905,0.010920688805083905,0.010920688805083902,0.010920688805083905,0.010920688805083904,0.010920688805083904,0.010920688805083907,0.010920688805083907,0.010920688805083905,0.010920688805083907,0.010920688805083904,0.010920688805083909,0.010920688805083909,0.010920688805083909,0.010920688805083907,0.010920688805083909,0.01092068880508391,0.010920688805083905,0.010920688805083905,0.010920688805083904,0.010920688805083905,0.010920688805083904,0.010920688805083904,0.010920688805083905,0.010920688805083902,0.010920688805083904,0.010920688805083909,0.01092068880508391,0.010920688805083902,0.010920688805083904,0.010920688805083907,0.010920688805083909,0.010920688805083909,0.010920688805083907,0.010920688805083905,0.010920688805083907,0.010920688805083909,0.010920688805083905,0.010920688805083907,0.010920688805083905,0.010920688805083904,0.010920688805083905,0.010920688805083909,0.010920688805083907,0.010920688805083909,0.010920688805083907,0.010920688805083909,0.010920688805083909,0.010920688805083907,0.010920688805083909,0.010920688805083905,0.010920688805083907,0.010920688805083909,0.01092068880508391,0.010920688805083909,0.010920688805083905,0.010920688805083907,0.010920688805083905,0.010920688805083905,0.010920688805083907,0.010920688805083904,0.010920688805083907,0.010920688805083905,0.010920688805083907,0.010920688805083914,0.010920688805083909,0.010920688805083907,0.010920688805083905,0.010920688805083907,0.010920688805083907,0.010920688805083907,0.010920688805083907,0.010920688805083907,0.010920688805083905,0.010920688805083905,0.010920688805083907,0.010920688805083905,0.010920688805083902,0.010920688805083907,0.010920688805083909,0.010920688805083909,0.010920688805083909,0.010920688805083909,0.010920688805083907,0.010920688805083904,0.010920688805083909,0.01092068880508391,0.01092068880508391,0.010920688805083904,0.010920688805083898,0.010920688805083898,0.010920688805083898,0.010920688805083898,0.0109206888050839,0.010920688805083898,0.010920688805083902,0.0109206888050839,0.010920688805083902,0.010920688805083897,0.010920688805083898,0.0109206888050839,0.010920688805083898,0.0109206888050839,0.010920688805083898,0.0109206888050839,0.010920688805083893,0.010920688805083897,0.010920688805083891,0.010920688805083895,0.010920688805083891,0.010920688805083891,0.010920688805083891,0.010920688805083895,0.010920688805083891,0.010920688805083891,0.010920688805083893,0.01092068880508389,0.010920688805083891,0.010920688805083891,0.01092068880508389,0.01092068880508389,0.010920688805083891,0.01092068880508389,0.01092068880508389,0.01092068880508389,0.01092068880508389,0.010920688805083886,0.01092068880508389,0.010920688805083885,0.010920688805083886,0.010920688805083883,0.010920688805083891,0.01092068880508389,0.010920688805083885,0.010920688805083885,0.010920688805083886,0.01092068880508389,0.010920688805083891,0.010920688805083891,0.010920688805083886,0.010920688805083885,0.010920688805083885,0.010920688805083885,0.01092068880508389,0.01092068880508389,0.010920688805083885,0.010920688805083888,0.01092068880508389,0.01092068880508389,0.010920688805083886,0.010920688805083886,0.010920688805083886,0.010920688805083886,0.010920688805083886,0.010920688805083883,0.010920688805083885,0.010920688805083888,0.010920688805083891,0.01092068880508389,0.010920688805083891,0.01092068880508389,0.010920688805083886,0.010920688805083891,0.01092068880508389,0.010920688805083886,0.010920688805083886,0.01092068880508389,0.01092068880508389,0.010920688805083891,0.01092068880508389,0.010920688805083888,0.010920688805083888,0.010920688805083885,0.010920688805083891,0.010920688805083886,0.010920688805083886,0.010920688805083895,0.010920688805083891,0.010920688805083891,0.010920688805083891,0.01092068880508389,0.010920688805083888,0.01092068880508389,0.010920688805083888,0.01092068880508389,0.010920688805083886,0.01092068880508389,0.01092068880508389,0.010920688805083886,0.010920688805083891,0.010920688805083891,0.010920688805083895,0.010920688805083893,0.010920688805083895,0.010920688805083895,0.010920688805083897,0.010920688805083891,0.010920688805083891,0.010920688805083891,0.010920688805083893,0.01092068880508389,0.010920688805083891,0.01092068880508389,0.010920688805083878,0.01092068880508389,0.010920688805083891,0.010920688805083888,0.01092068880508389,0.010920688805083897,0.010920688805083891,0.010920688805083893,0.01092068880508389,0.01092068880508389,0.010920688805083893,0.010920688805083891,0.010920688805083893,0.010920688805083874,0.010920688805083878,0.010920688805083874,0.010920688805083872,0.010920688805083874,0.010920688805083876,0.01092068880508388,0.01092068880508388,0.01092068880508388,0.010920688805083888,0.010920688805083886,0.010920688805083886,0.010920688805083888,0.010920688805083885,0.010920688805083883,0.010920688805083885,0.010920688805083886,0.010920688805083886,0.010920688805083891,0.010920688805083891,0.010920688805083891,0.010920688805083891,0.010920688805083886,0.010920688805083886,0.010920688805083885,0.010920688805083886,0.010920688805083886,0.010920688805083885,0.01092068880508389,0.01092068880508389,0.010920688805083885,0.010920688805083886,0.010920688805083874,0.01092068880508388,0.010920688805083876,0.010920688805083874,0.010920688805083876,0.010920688805083869,0.010920688805083869,0.010920688805083869,0.01092068880508387,0.010920688805083872,0.010920688805083867,0.010920688805083878,0.010920688805083869,0.010920688805083869,0.010920688805083878,0.010920688805083874,0.01092068880508387,0.010920688805083869,0.010920688805083874,0.010920688805083869,0.010920688805083867,0.010920688805083867,0.010920688805083865,0.010920688805083864,0.010920688805083869,0.010920688805083869,0.010920688805083869,0.010920688805083867,0.010920688805083869,0.010920688805083867,0.010920688805083865,0.01092068880508386,0.010920688805083864,0.010920688805083864,0.010920688805083862,0.010920688805083864,0.010920688805083864,0.010920688805083859,0.010920688805083865,0.010920688805083859,0.010920688805083865,0.010920688805083864,0.010920688805083867,0.010920688805083869,0.010920688805083867,0.010920688805083867,0.010920688805083865,0.010920688805083867,0.010920688805083869,0.010920688805083869,0.01092068880508387,0.010920688805083872,0.010920688805083874,0.010920688805083872,0.01092068880508387,0.01092068880508388,0.010920688805083874,0.010920688805083878,0.010920688805083878,0.010920688805083874,0.010920688805083876,0.010920688805083874,0.010920688805083878,0.010920688805083872,0.010920688805083878,0.01092068880508388,0.010920688805083872,0.010920688805083881,0.010920688805083878,0.01092068880508388,0.010920688805083885,0.010920688805083874,0.010920688805083883,0.010920688805083881,0.010920688805083878,0.01092068880508388,0.01092068880508388,0.010920688805083878,0.010920688805083881,0.01092068880508388,0.010920688805083881,0.01092068880508388,0.01092068880508388,0.010920688805083878,0.01092068880508388,0.010920688805083878,0.010920688805083878,0.01092068880508388,0.010920688805083876,0.010920688805083878,0.010920688805083878,0.010920688805083878,0.010920688805083878,0.010920688805083878,0.010920688805083872,0.010920688805083878,0.010920688805083876,0.010920688805083876,0.010920688805083876,0.010920688805083876,0.010920688805083874,0.010920688805083878,0.010920688805083878,0.010920688805083876,0.010920688805083878,0.010920688805083874,0.01092068880508388,0.01092068880508388,0.010920688805083878,0.010920688805083878,0.01092068880508388,0.01092068880508388,0.010920688805083878,0.010920688805083878,0.010920688805083876,0.010920688805083878,0.010920688805083878,0.010920688805083876,0.01092068880508387,0.010920688805083874,0.01092068880508387,0.010920688805083874,0.010920688805083876,0.010920688805083878,0.010920688805083876,0.010920688805083878,0.010920688805083878,0.010920688805083876,0.010920688805083876,0.010920688805083878,0.010920688805083878,0.010920688805083878,0.010920688805083876,0.010920688805083874,0.01092068880508388,0.010920688805083878,0.01092068880508388,0.010920688805083878,0.010920688805083878,0.010920688805083881,0.010920688805083878,0.01092068880508388,0.01092068880508388,0.01092068880508388,0.01092068880508388,0.01092068880508388,0.01092068880508388,0.010920688805083881,0.010920688805083883,0.010920688805083881,0.010920688805083883,0.010920688805083876,0.010920688805083881,0.010920688805083878,0.010920688805083878,0.010920688805083878,0.010920688805083883,0.010920688805083878,0.010920688805083878,0.010920688805083881,0.010920688805083881,0.010920688805083878,0.010920688805083876,0.010920688805083876,0.010920688805083878,0.010920688805083876,0.01092068880508388,0.010920688805083878,0.010920688805083878,0.010920688805083876,0.010920688805083878,0.010920688805083876,0.010920688805083878,0.010920688805083876,0.010920688805083874,0.010920688805083876,0.010920688805083878,0.010920688805083874,0.01092068880508388,0.010920688805083881,0.010920688805083883,0.010920688805083881,0.01092068880508388,0.010920688805083878,0.010920688805083878,0.010920688805083881,0.010920688805083881,0.01092068880508388,0.010920688805083885,0.010920688805083881,0.010920688805083878,0.010920688805083878,0.01092068880508388,0.01092068880508387,0.010920688805083876,0.010920688805083874,0.010920688805083874,0.010920688805083872,0.010920688805083874,0.010920688805083874,0.01092068880508387,0.010920688805083872,0.010920688805083872,0.010920688805083869,0.01092068880508387,0.01092068880508387,0.010920688805083867,0.010920688805083867,0.010920688805083869,0.010920688805083869,0.010920688805083869,0.010920688805083867,0.010920688805083869,0.010920688805083869,0.010920688805083864,0.010920688805083864,0.010920688805083865,0.010920688805083864,0.010920688805083864,0.010920688805083869,0.010920688805083864,0.010920688805083864,0.010920688805083864,0.010920688805083862,0.010920688805083865,0.01092068880508386,0.010920688805083864,0.010920688805083865,0.010920688805083867,0.010920688805083864,0.010920688805083867,0.010920688805083869,0.010920688805083869,0.010920688805083867,0.010920688805083869,0.010920688805083869,0.010920688805083874,0.01092068880508387,0.010920688805083869,0.01092068880508387,0.01092068880508387,0.010920688805083869,0.010920688805083872,0.010920688805083869,0.010920688805083869,0.01092068880508387,0.01092068880508387,0.010920688805083869,0.010920688805083865,0.010920688805083865,0.010920688805083864,0.010920688805083865,0.010920688805083862,0.010920688805083865,0.010920688805083864,0.010920688805083864,0.010920688805083862,0.010920688805083862,0.010920688805083855,0.010920688805083865,0.010920688805083865,0.010920688805083864,0.010920688805083864,0.010920688805083865,0.010920688805083865,0.01092068880508386,0.010920688805083864,0.01092068880508386,0.010920688805083862,0.010920688805083864,0.010920688805083864,0.010920688805083859,0.010920688805083862,0.01092068880508386,0.010920688805083862,0.01092068880508386,0.010920688805083859,0.01092068880508386,0.010920688805083859,0.010920688805083859,0.010920688805083862,0.010920688805083859,0.010920688805083862,0.010920688805083859,0.010920688805083857,0.010920688805083862,0.010920688805083859,0.010920688805083862,0.010920688805083865,0.010920688805083864,0.010920688805083865,0.01092068880508387,0.010920688805083865,0.01092068880508386,0.010920688805083864,0.010920688805083864,0.010920688805083862,0.010920688805083862,0.010920688805083864,0.010920688805083862,0.010920688805083862,0.01092068880508386,0.010920688805083865,0.010920688805083859,0.01092068880508386,0.010920688805083864,0.010920688805083859,0.01092068880508386,0.01092068880508386,0.010920688805083862,0.01092068880508386,0.010920688805083859,0.010920688805083859,0.010920688805083865,0.010920688805083865,0.01092068880508386,0.01092068880508386,0.010920688805083864,0.010920688805083864,0.010920688805083864,0.010920688805083864,0.010920688805083865,0.01092068880508386,0.010920688805083869,0.010920688805083869,0.010920688805083869,0.010920688805083867,0.01092068880508387,0.010920688805083869,0.01092068880508387,0.010920688805083865,0.01092068880508386,0.010920688805083867,0.01092068880508386,0.010920688805083864,0.010920688805083865,0.010920688805083865,0.010920688805083867,0.010920688805083869,0.01092068880508387,0.010920688805083862,0.010920688805083862,0.010920688805083869,0.010920688805083869,0.010920688805083864,0.010920688805083867,0.01092068880508386,0.010920688805083862,0.010920688805083859,0.010920688805083864,0.010920688805083864,0.010920688805083865,0.010920688805083869,0.010920688805083862,0.010920688805083869,0.010920688805083869,0.01092068880508387,0.010920688805083865,0.010920688805083869,0.010920688805083865,0.010920688805083867,0.010920688805083869,0.010920688805083864,0.010920688805083862,0.010920688805083867,0.010920688805083867,0.010920688805083867,0.010920688805083864
6,8.115602020264829e-42,5.858784124033406e-41,1.595976683710773e-40,3.0940101129580966e-40,5.340413695974682e-40,8.270238162742288e-40,1.1921724426551156e-39,1.6331343900939155e-39,2.1470505819021564e-39,2.7373851902490044e-39,3.4064556383857665e-39,4.1568485659707696e-39,4.983009062310425e-39,5.892631666783807e-39,6.882419685583737e-39,7.952547735454581e-39,9.103142044128763e-39,1.0334293852348959e-38,1.1646069106692667e-38,1.3038515467055584e-38,1.4511667372626153e-38,1.606554970850936e-38,1.770018045397669e-38,1.9415572597159723e-38,2.1211735519676145e-38,2.3088675998000008e-38,2.5046398926308764e-38,2.7084907838829996e-38,2.920420528706422e-38,3.140429311282568e-38,3.3685172646803684e-38,3.604684484948671e-38,3.848931041429445e-38,4.101256984054085e-38,4.361662348937141e-38,4.6301471620958035e-38,4.906711442467182e-38,5.191355203564693e-38,5.484078455132332e-38,5.784881204267116e-38,6.093763455991036e-38,6.410725214157928e-38,6.735766481263223e-38,7.06888725920807e-38,7.410087549457423e-38,7.759367352989816e-38,8.116726670406185e-38,8.48216550233042e-38,8.855683849249436e-38,9.237281711192202e-38,9.626959088466307e-38,1.0024715981221674e-37,1.0430552389656341e-37,1.0844468313616013e-37,1.1266463753281987e-37,1.169653870869732e-37,1.2134693179990325e-37,1.2580927167082705e-37,1.3035240669984335e-37,1.3497633688688672e-37,1.3968106223105935e-37,1.4446658273371908e-37,1.4933289839585896e-37,1.5428000921528162e-37,1.5930791519424975e-37,1.6441661633063098e-37,1.6960611262525588e-37,1.7487640407960218e-37,1.8022749069146835e-37,1.8565937246403628e-37,1.911720493929355e-37,1.9676552148045984e-37,2.024397887286656e-37,2.0819485113556774e-37,2.140307086991136e-37,2.1994736142343247e-37,2.2594480930431854e-37,2.320230523460354e-37,2.381820905463433e-37,2.444219239031856e-37,2.5074255241869936e-37,2.5714397609273736e-37,2.6362619492768624e-37,2.7018920891960905e-37,2.7683301807026167e-37,2.8355762238169734e-37,2.9036302185199997e-37,2.9724921648123128e-37,3.0421620626922422e-37,3.1126399121621606e-37,3.1839257131981916e-37,3.256019465864404e-37,3.3289211701010203e-37,3.4026308259257766e-37,3.477148433339689e-37,3.552473992343732e-37,3.628607502936967e-37,3.7055489651204035e-37,3.783298378892771e-37,3.8618557442559185e-37,3.941221061210618e-37,4.02139432977803e-37,4.102375549910757e-37,4.184164721636225e-37,4.266761844951365e-37,4.350166919880539e-37,4.434379946378852e-37,4.519400924466106e-37,4.6052298541456856e-37,4.691866735416334e-37,4.77931156827835e-37,4.867564352732351e-37,4.9566250887762375e-37,5.046493776411257e-37,5.137170415641597e-37,5.2286550064632385e-37,5.320947548897942e-37,5.414048042927283e-37,5.5079564885498765e-37,5.602672885743948e-37,5.69819723452938e-37,5.794529534930362e-37,5.891669786927318e-37,5.989617990493084e-37,6.088374145654274e-37,6.187938252407479e-37,6.288310310774857e-37,6.389490320758271e-37,6.491478282315517e-37,6.594274195465809e-37,6.697878060189923e-37,6.802289876529663e-37,6.907509644461623e-37,7.013537363994529e-37,7.120373035121338e-37,7.228016657838328e-37,7.336468232157436e-37,7.445727758073496e-37,7.555795235580257e-37,7.666670664685098e-37,7.7783540453877e-37,7.890845377681005e-37,8.004144661568843e-37,8.118251897052367e-37,8.233167084133068e-37,8.348890222769201e-37,8.465421313003866e-37,8.582760354880117e-37,8.700907348354641e-37,8.819862293424023e-37,8.939625190135682e-37,9.060196038396575e-37,9.18157483830473e-37,9.303761589767182e-37,9.426756292827559e-37,9.550558947484069e-37,9.675169553737717e-37,9.800588111589276e-37,9.926814621037413e-37,1.0053849082084961e-36,1.0181691494773771e-36,1.0310341859015481e-36,1.0439800174901938e-36,1.0570066442343397e-36,1.0701140661382111e-36,1.0833022832021833e-36,1.0965712954264039e-36,1.1099211028147661e-36,1.123351705359118e-36,1.1368631030634325e-36,1.1504552959277136e-36,1.1641282839523446e-36,1.1778820671368315e-36,1.1917166454809642e-36,1.2056320189850791e-36,1.2196281876497818e-36,1.23370515147454e-36,1.2478629104593597e-36,1.2621014646041922e-36,1.2764208139092172e-36,1.2908209583785965e-36,1.3053018980040544e-36,1.3198636327938451e-36,1.3345061627440501e-36,1.3492294878500278e-36,1.364033608115803e-36,1.378918523542091e-36,1.3938842341287999e-36,1.4089307398802906e-36,1.4240580407878732e-36,1.4392661368600916e-36,1.4545550280924948e-36,1.4699247144849787e-36,1.4853751960375972e-36,1.5009064727466544e-36,1.51651854461597e-36,1.5322114116456245e-36,1.5479850738399982e-36,1.5638395311901303e-36,1.5797747837008152e-36,1.5957908313762968e-36,1.611887674216774e-36,1.628065312213895e-36,1.6443237453713435e-36,1.6606629736846468e-36,1.6770829971582815e-36,1.6935838158010882e-36,1.710165429596014e-36,1.726827838555921e-36,1.7435710426760354e-36,1.760395041957284e-36,1.777299836403303e-36,1.7942854260056418e-36,1.8113518107684552e-36,1.8284989906916975e-36,1.845726965771537e-36,1.86303573601669e-36,1.8804253014222204e-36,1.897895661988696e-36,1.9154468177119732e-36,1.9330787685956476e-36,1.9507915146438416e-36,1.9685850558488202e-36,1.986459392219011e-36,2.004414523749573e-36,2.022450450436562e-36,2.040567172288948e-36,2.05876468930204e-36,2.0770430014763315e-36,2.095402108811336e-36,2.1138420113116872e-36,2.1323627089680556e-36,2.1509642017852274e-36,2.1696464897680412e-36,2.188409572911952e-36,2.2072534512122297e-36,2.2261781246690074e-36,2.2451835932959512e-36,2.264269857079267e-36,2.283436916019723e-36,2.3026847701298142e-36,2.322013419400659e-36,2.341422863828295e-36,2.3609131034216542e-36,2.380484138171338e-36,2.4001359680816967e-36,2.4198685931535096e-36,2.4396820133909665e-36,2.4595762287849304e-36,2.4795512393358353e-36,2.4996070450567184e-36,2.5197436459344622e-36,2.5399610419737623e-36,2.560259233178462e-36,2.5806382195442313e-36,2.6010980010662035e-36,2.6216385777543962e-36,2.6422599496040843e-36,2.6629621166102388e-36,2.683745078777451e-36,2.7046088361103013e-36,2.7255533886055147e-36,2.7465787362572733e-36,2.7676848790744986e-36,2.7888718170489036e-36,2.810139550193029e-36,2.8314880784983626e-36,2.852917401956872e-36,2.8744275205772648e-36,2.896018434358643e-36,2.9176901433100524e-36,2.9394426474141786e-36,2.9612759466799832e-36,2.9831900411166897e-36,3.0051849307146347e-36,3.027260615464555e-36,3.049417095385168e-36,3.071654370459256e-36,3.0939724406949934e-36,3.116371306100188e-36,3.138850966667022e-36,3.1614114223866836e-36,3.184052673268123e-36,3.206774719312077e-36,3.2295775605173545e-36,3.252461196883939e-36,3.275425628420721e-36,3.298470855110323e-36,3.321596876970363e-36,3.3448036939923704e-36,3.368091306176471e-36,3.391459713522101e-36,3.414908916029454e-36,3.438438913689984e-36,3.4620497065208755e-36,3.485741294504946e-36,3.509513677659797e-36,3.533366855976065e-36,3.557300829445233e-36,3.581315598085144e-36,3.6054111618871084e-36,3.62958752085098e-36,3.653844674976745e-36,3.678182624264588e-36,3.702601368705728e-36,3.7271009083174136e-36,3.751681243091418e-36,3.7763423730269275e-36,3.80108429811615e-36,3.8259070183674154e-36,3.850810533789761e-36,3.875794844365316e-36,3.900859950111114e-36,3.926005851011128e-36,3.951232547072921e-36,3.976540038305633e-36,4.001928324699817e-36,4.027397406247309e-36,4.05294728295744e-36,4.0785779548382275e-36,4.104289421872393e-36,4.1300816840773086e-36,4.155954741444462e-36,4.1819085939738495e-36,4.207943241656885e-36,4.2340586845110626e-36,4.2602549225273585e-36,4.286531955705386e-36,4.312889784045932e-36,4.339328407548504e-36,4.3658478262047054e-36,4.392448040023515e-36,4.419129049013755e-36,4.4458908531658536e-36,4.4727334524710545e-36,4.4996568469563056e-36,4.526661036595752e-36,4.553746021389378e-36,4.580911801354235e-36,4.6081583764815004e-36,4.6354857467708585e-36,4.662893912230822e-36,4.690382872845175e-36,4.7179526286213285e-36,4.74560317955115e-36,4.773334525652656e-36,4.8011466669165785e-36,4.8290396033342366e-36,4.8570133349234006e-36,4.885067861676419e-36,4.913203183591239e-36,4.941419300667976e-36,4.969716212907651e-36,4.998093920309831e-36,5.02655242287517e-36,5.055091720604554e-36,5.0837118134971885e-36,5.1124127015519165e-36,5.141194384768979e-36,5.170056863148711e-36,5.1990001366904914e-36,5.2280242053946816e-36,5.257129069260929e-36,5.286314728290621e-36,5.3155811824922736e-36,5.344928431856454e-36,5.374356476374394e-36,5.4038653160553207e-36,5.433454950898861e-36,5.4631253809048595e-36,5.4928766060652946e-36,5.522708626397216e-36,5.552621441891881e-36,5.582615052550337e-36,5.612689458371835e-36,5.642844659355435e-36,5.673080655501698e-36,5.703397446820876e-36,5.733795033302841e-36,5.76427341493868e-36,5.7948325917461036e-36,5.825472563708455e-36,5.856193330833632e-36,5.886994893112752e-36,5.917877250571941e-36,5.948840403193574e-36,5.9798843509709955e-36,6.011009093920007e-36,6.042214632032014e-36,6.073500965299903e-36,6.10486809373934e-36,6.136316017341615e-36,6.1678447360985e-36,6.19945425002762e-36,6.231144559119748e-36,6.262915663374333e-36,6.294767562783953e-36,6.326700257356489e-36,6.358713747092296e-36,6.390808031991937e-36,6.422983112062525e-36,6.45523898729699e-36,6.487575657687189e-36,6.519993123240848e-36,6.552491383966159e-36,6.58507043984681e-36,6.617730290890144e-36,6.650470937105594e-36,6.68329237847601e-36,6.71619461500961e-36,6.749177646715269e-36,6.782241473575827e-36,6.815386095600302e-36,6.84861151279693e-36,6.881917725148587e-36,6.91530473266339e-36,6.948772535349787e-36,6.982321133200674e-36,7.015950526206424e-36,7.049660714384294e-36,7.083451697717726e-36,7.117323476213907e-36,7.151276049872382e-36,7.185309418704594e-36,7.219423582692413e-36,7.253618541851986e-36,7.287894296174694e-36,7.322250845653423e-36,7.35668819029537e-36,7.391206330109034e-36,7.425805265077629e-36,7.460484995218259e-36,7.49524552053192e-36,7.530086841001188e-36,7.565008956634317e-36,7.600011867422372e-36,7.635095573383303e-36,7.670260074507782e-36,7.705505370796168e-36,7.740831462248564e-36,7.776238348864527e-36,7.811726030645586e-36,7.847294507589907e-36,7.882943779697823e-36,7.918673846961305e-36,7.954484709396261e-36,7.990376366994624e-36,8.026348819749181e-36,8.0624020676688e-36,8.098536110761221e-36,8.134750949018093e-36,8.17104658243888e-36,8.207423011022794e-36,8.243880234770886e-36,8.280418253682785e-36,8.31703706776833e-36,8.353736677009748e-36,8.39051708141402e-36,8.427378280982177e-36,8.464320275706416e-36,8.501343065603899e-36,8.538446650674456e-36,8.575631030891796e-36,8.612896206281513e-36,8.650242176835134e-36,8.687668942552977e-36,8.725176503435809e-36,8.762764859491777e-36,8.8004340107028e-36,8.838183957086236e-36,8.876014698634878e-36,8.913926235338937e-36,8.951918567207737e-36,8.989991694249771e-36,9.02814561644693e-36,9.066380333807418e-36,9.104695846341933e-36,9.143092154023842e-36,9.181569256879011e-36,9.220127154908225e-36,9.258765848092265e-36,9.297485336450111e-36,9.336285619963953e-36,9.37516669864121e-36,9.414128572491237e-36,9.453171241488658e-36,9.492294705659822e-36,9.531498965003749e-36,9.57078401950348e-36,9.61014986916772e-36,9.649596514006485e-36,9.689123953991493e-36,9.728732189158531e-36,9.76842121949025e-36,9.808191044977771e-36,9.848041665629902e-36,9.887973081456698e-36,9.927985292438381e-36,9.968078298592877e-36,1.0008252099913814e-35,1.0048506696391067e-35,1.0088842088032044e-35,1.0129258274845311e-35,1.01697552568144e-35,1.0210333033957552e-35,1.0250991606266555e-35,1.0291730973731563e-35,1.033255113636119e-35,1.0373452094165663e-35,1.0414433847124947e-35,1.0455496395257283e-35,1.0496639738546349e-35,1.0537863877000277e-35,1.0579168810627811e-35,1.0620554539412473e-35,1.0662021063363165e-35,1.070356838248702e-35,1.0745196496768399e-35,1.0786905406214082e-35,1.0828695110841137e-35,1.0870565610615582e-35,1.091251690555467e-35,1.0954548995667288e-35,1.0996661880937124e-35,1.1038855561381067e-35,1.1081130036989468e-35,1.1123485307754716e-35,1.1165921373693265e-35,1.1208438234797361e-35,1.1251035891066252e-35,1.1293714342500023e-35,1.1336473589099598e-35,1.1379313630864732e-35,1.1422234467795194e-35,1.1465236099890115e-35,1.1508318527132978e-35,1.1551481749557383e-35,1.1594725767147485e-35,1.1638050579903222e-35,1.168145618782438e-35,1.172494259091078e-35,1.176850978916177e-35,1.1812157782579239e-35,1.1855886571145638e-35,1.1899696154893064e-35,1.1943586533823762e-35,1.1987557707887141e-35,1.2031609677131968e-35,1.2075742441559297e-35,1.2119956001134695e-35,1.2164250355875928e-35,1.2208625505800107e-35,1.225308145087201e-35,1.229761819110838e-35,1.2342235726511382e-35,1.2386934057079871e-35,1.243171318281287e-35,1.2476573103728803e-35,1.2521513819794332e-35,1.256653533102441e-35,1.2611637637436465e-35,1.265682073899862e-35,1.2702084635727691e-35,1.2747429327622133e-35,1.2792854814680566e-35,1.283836109690605e-35,1.2883948174296871e-35,1.292961604685125e-35,1.297536471457214e-35,1.3021194177459482e-35,1.306710443551256e-35,1.3113095488749276e-35,1.3159167337133618e-35,1.320531998068371e-35,1.3251553419416998e-35,1.329786765329915e-35,1.3344262682347755e-35,1.3390738506562553e-35,1.343729512594193e-35,1.3483932540488566e-35,1.353065075020144e-35,1.357744975507988e-35,1.362432955512438e-35,1.3671290150352542e-35,1.3718331540728612e-35,1.3765453726287022e-35,1.381265670699364e-35,1.3859940482866558e-35,1.3907305053922267e-35,1.3954750420127916e-35,1.400227658149965e-35,1.404988353805488e-35,1.4097571289777174e-35,1.4145339836646933e-35,1.419318917868233e-35,1.4241119315884917e-35,1.4289130248254006e-35,1.433722197580486e-35,1.4385394498506226e-35,1.4433647816389782e-35,1.4481981929440629e-35,1.4530396837640296e-35,1.4578892541005443e-35,1.4627469039536836e-35,1.4676126333233765e-35,1.4724864422097296e-35,1.477368330614588e-35,1.4822582985342991e-35,1.487156345970572e-35,1.4920624729251842e-35,1.4969766793947218e-35,1.5018989653809095e-35,1.5068293308855735e-35,1.511767775905165e-35,1.5167143004412883e-35,1.5216689044957985e-35,1.5266315880651354e-35,1.531602351151124e-35,1.5365811937555594e-35,1.541568115874986e-35,1.546563117512622e-35,1.5515661986653263e-35,1.5565773593346554e-35,1.5615965995221998e-35,1.5666239192264393e-35,1.5716593184457253e-35,1.5767027971816447e-35,1.5817543554341736e-35,1.5868139932033565e-35,1.5918817104909147e-35,1.5969575072933528e-35,1.6020413836140578e-35,1.6071333394516768e-35,1.6122333748043329e-35,1.6173414896751732e-35,1.6224576840626352e-35,1.6275819579651115e-35,1.6327143113843696e-35,1.637854744322104e-35,1.6430032567765627e-35,1.6481598487476973e-35,1.6533245202354415e-35,1.6584972712380542e-35,1.6636781017589464e-35,1.6688670117966248e-35,1.67406400135107e-35,1.679269070422126e-35,1.6844822190098975e-35,1.68970344711263e-35,1.6949327547337154e-35,1.7001701418715653e-35,1.705415608524372e-35,1.7106691546954653e-35,1.7159307803833533e-35,1.7212004855861677e-35,1.726478270307383e-35,1.7317641345454782e-35,1.7370580783002024e-35,1.7423601015716323e-35,1.7476702043598023e-35,1.752988386664683e-35,1.7583146484861972e-35,1.763648989822677e-35,1.7689914106758664e-35,1.77434191104754e-35,1.7797004909357523e-35,1.7850671503390758e-35,1.7904418892607913e-35,1.7958247076975115e-35,1.8012156056510562e-35,1.806614583123123e-35,1.8120216401118193e-35,1.8174367766154644e-35,1.8228599926376042e-35,1.8282912881747267e-35,1.833730663230305e-35,1.8391781178025857e-35,1.84463365189171e-35,1.8500972654973547e-35,1.8555689586213658e-35,1.8610487312587932e-35,1.86653658341477e-35,1.8720325150891756e-35,1.8775365262769324e-35,1.8830486169831703e-35,1.88856878720614e-35,1.8940970369457912e-35,1.8996333662022834e-35,1.905177774977308e-35,1.9107302632673087e-35,1.9162908310738802e-35,1.9218594783971314e-35,1.9274362052372043e-35,1.9330210115940614e-35,1.9386138974676733e-35,1.9442148628581127e-35,1.9498239077652658e-35,1.955441032187447e-35,1.961066236128078e-35,1.9666995195871089e-35,1.9723408825612406e-35,1.977990325052093e-35,1.9836478470598244e-35,1.9893134485843236e-35,1.9949871296256272e-35,2.000668890183664e-35,2.0063587302567336e-35,2.0120566498482718e-35,2.017762648958154e-35,2.0234767275832545e-35,2.0291988857251598e-35,2.0349291233855203e-35,2.0406674405593196e-35,2.0464138372517157e-35,2.0521683134626513e-35,2.057930869188452e-35,2.063701504430989e-35,2.069480219190348e-35,2.0752670134664976e-35,2.0810618872610827e-35,2.0868648405724909e-35,2.0926758733990202e-35,2.0984949857422798e-35,2.104322177603929e-35,2.110157448980773e-35,2.116000799874489e-35,2.121852230284857e-35,2.127711740213951e-35,2.1335793296582132e-35,2.139454998619102e-35,2.1453387470967915e-35,2.1512305750913948e-35,2.1571304826027035e-35,2.163038469630746e-35,2.168954536175734e-35,2.1748786822374877e-35,2.180810907816112e-35,2.1867512129117543e-35,2.1926995975242288e-35,2.1986560616534127e-35,2.2046206053010896e-35,2.2105932284638916e-35,2.2165739311450797e-35,2.2225627133432172e-35,2.2285595750563907e-35,2.23456451628812e-35,2.24057753703683e-35,2.2465986373007757e-35,2.2526278170831548e-35,2.2586650763823688e-35,2.2647104151983129e-35,2.2707638335308767e-35,2.2768253313787142e-35,2.2828949087451916e-35,2.28897256562838e-35,2.2950583020283424e-35,2.301152117943441e-35,2.3072540133771651e-35,2.3133639883278419e-35,2.3194820427935404e-35,2.325608176777865e-35,2.331742390277406e-35,2.3378846832938748e-35,2.3440350558287298e-35,2.3501935078785526e-35,2.3563600394453272e-35,2.362534650530677e-35,2.3687173411312854e-35,2.3749081112505974e-35,2.3811069608865942e-35,2.387313890037653e-35,2.393528898705636e-35,2.3997519868923714e-35,2.4059831545942018e-35,2.4122224018146e-35,2.41846972855184e-35,2.4247251348057054e-35,2.430988620576415e-35,2.437260185862331e-35,2.443539830665255e-35,2.4498275549869734e-35,2.4561233588255777e-35,2.4624272421791843e-35,2.468739205051306e-35,2.4750592474404474e-35,2.481387369344761e-35,2.4877235707676425e-35,2.4940678517074183e-35,2.5004202121640796e-35,2.5067806521375596e-35,2.513149171628111e-35,2.5195257706336794e-35,2.5259104491559787e-35,2.5323032071987904e-35,2.538704044756994e-35,2.5451129618319926e-35,2.5515299584221087e-35,2.557955034530974e-35,2.56438819015667e-35,2.570829425299135e-35,2.577278739958607e-35,2.5837361341350585e-35,2.5902016078267904e-35,2.5966751610353997e-35,2.603156793762594e-35,2.609646506006561e-35,2.6161442977675816e-35,2.622650169045554e-35,2.629164119840345e-35,2.635686150150379e-35,2.642216259979076e-35,2.6487544493228457e-35,2.6553007181853133e-35,2.6618550665648455e-35,2.6684174944595724e-35,2.6749880018728307e-35,2.681566588803119e-35,2.688153255248631e-35,2.6947480012128887e-35,2.7013508266938714e-35,2.707961731690015e-35,2.714580716204756e-35,2.721207780236615e-35,2.7278429237853787e-35,2.7344861468510814e-35,2.741137449435524e-35,2.747796831535393e-35,2.7544642931522096e-35,2.7611398342858735e-35,2.767823454936445e-35,2.7745151551039684e-35,2.781214934788373e-35,2.7879227939896193e-35,2.7946387327079294e-35,2.80136275094148e-35,2.8080948486935876e-35,2.814835025962694e-35,2.8215832827487256e-35,2.8283396190516856e-35,2.835104034871615e-35,2.8418765302085633e-35,2.8486571050626675e-35,2.8554457594335176e-35,2.8622424933196315e-35,2.869047306724409e-35,2.875860199647998e-35,2.882681172086835e-35,2.889510224042467e-35,2.896347355516799e-35,2.9031925665047164e-35,2.91004585701131e-35,2.9169072270366645e-35,2.9237766765771914e-35,2.930654205634647e-35,2.9375398142107836e-35,2.944433502302113e-35,2.951335269910472e-35,2.9582451170378383e-35,2.9651630436804824e-35,2.9720890498400595e-35,2.9790231355166906e-35,2.985965300710142e-35,2.992915545420618e-35,2.9998738696500266e-35,3.006840273396367e-35,3.0138147566579333e-35,3.0207973194381333e-35,3.0277879617351664e-35,3.0347866835492535e-35,3.04179348487866e-35,3.0488083657252435e-35,3.055831326088734e-35,3.0628623659692695e-35,3.0699014853667856e-35,3.07694868428125e-35,3.0840039627129453e-35,3.0910673206616654e-35,3.098138758128896e-35,3.105218275111522e-35,3.1123058716127116e-35,3.1194015476309804e-35,3.1265053031646343e-35,3.133617138215506e-35,3.1407370527851666e-35,3.147865046871754e-35,3.155001120473402e-35,3.1621452735939017e-35,3.169297506231382e-35,3.1764578183842086e-35,3.1836262100558033e-35,3.1908026812444385e-35,3.197987231948545e-35,3.2051798621713814e-35,3.2123805719094534e-35,3.219589361166307e-35,3.2268062299384637e-35,3.234031178229332e-35,3.241264206037371e-35,3.248505313362406e-35,3.2557545002026476e-35,3.263011766561818e-35,3.27027711243794e-35,3.277550537829231e-35,3.284832042739308e-35,3.292121627166832e-35,3.299419291109737e-35,3.30672503456958e-35,3.3140388575465106e-35,3.321360760042098e-35,3.32869074205481e-35,3.336028803584655e-35,3.3433749446332174e-35,3.350729165195272e-35,3.358091465274452e-35,3.365461844872548e-35,3.3728403039877565e-35,3.380226842620043e-35,3.387621460769198e-35,3.395024158433612e-35,3.40243493561503e-35,3.409853792315327e-35,3.4172807285328536e-35,3.4247157442674233e-35,3.432158839520686e-35,3.4396100142892196e-35,3.447069268574943e-35,3.4545366023778027e-35,3.462012015697761e-35,3.4694955085366744e-35,3.476987080892736e-35,3.484486732764198e-35,3.491994464152893e-35,3.499510275058618e-35,3.5070341654830774e-35,3.514566135424492e-35,3.522106184879546e-35,3.52965431385167e-35,3.53721052234105e-35,3.5447748103493054e-35,3.5523471778763767e-35,3.5599276249188505e-35,3.5675161514764486e-35,3.5751127575529945e-35,3.5827174431465253e-35,3.5903302082574356e-35,3.5979510528854206e-35,3.605579977030644e-35,3.613216980692706e-35,3.620862063871688e-35,3.6285152265677597e-35,3.636176468781102e-35,3.643845790511779e-35,3.6515231917613616e-35,3.659208672524386e-35,3.666902232804531e-35,3.67460387260358e-35,3.682313591919617e-35,3.6900313907547036e-35,3.69775726910693e-35,3.7054912269726707e-35,3.7132332643573e-35,3.720983381260863e-35,3.72874157767984e-35,3.736507853617811e-35,3.744282209072716e-35,3.75206464404306e-35,3.7598551585304844e-35,3.7676537525353964e-35,3.775460426057547e-35,3.7832751790966285e-35,3.791098011654642e-35,3.798928923728022e-35,3.806767915318502e-35,3.814614986426137e-35,3.8224701370526287e-35,3.830333367196119e-35,3.83820467685329e-35,3.8460840660293355e-35,3.8539715347228256e-35,3.8618670829351764e-35,3.8697707106646447e-35,3.877682417911275e-35,3.8856022046733655e-35,3.8935300709526287e-35,3.9014660167490634e-35,3.909410042062669e-35,3.9173621468951514e-35,3.925322331244813e-35,3.933290595109783e-35,3.941266938492006e-35,3.949251361391477e-35,3.9572438638081483e-35,3.965244445742126e-35,3.9732531071949245e-35,3.981269848163134e-35,3.9892946686485276e-35,3.997327568651107e-35,4.0053685481725844e-35,4.013417607211395e-35,4.0214747457690376e-35,1.5152563053571376e-05,3.0576900257244606e-05,4.6282011584169755e-05,6.227736523031802e-05,7.857291865754825e-05,9.517914480243522e-05,0.00011210706273366307,0.00012936827238638465,0.0001469749932513864,0.00016494010707597393,0.00018327720476750458,0.00020200063779767603,0.00022112557450140887,0.00024066806174814206,0.00026064509255604334,0.00028107468030124256,0.00030197594028362766,0.00032336917951653884,0.00034527599573586337,0.0003677193867717894,0.00039072387159319095,0.000414315624535324,0.00043852262445177447,0.0004633748208043577,0.0004889043190273886,0.0005151455878841343,0.0005421356919875874,0.000569914553200056,0.0005985252452731194,0.0006280143268831026,0.0006584322191445264,0.0006898336348500307,0.0007222780680764492,0.0007558303545181067,0.0007905613150140747,0.0008265484973727519,0.0008638770348393158,0.0009026406436484897,0.0009429427872550629,0.0009848980413688316,0.001028633702267563,0.0010742916916188856,0.001122030824978107,0.001172029529372418,0.0012244891194530844,0.0012796377737572737,0.001337735395780971,0.0013990796032465845,0.0014640131697224992,0.0015329333552853172,0.0016063037218350317,0.0016846692563749703,0.0017686759570171326,0.0018590965272370027,0.0019568645642918762,0.002063120767672614,0.0021792764883289853,0.0023071028356182284,0.0024488583600279002,0.002607476527877918,0.0027868486638782295,0.002904292419566212,0.00290429241956638,0.0029042924195671668,0.00312841823820052,0.0033918074119448477,0.003708003263156838,0.0040978811811132445,0.004595105889765573,0.005256138837276836,0.0061754735615210925,0.0074868774507782804,0.009270436570861209,0.010559321228874692,0.01055932122887576,0.010559321228877209,0.010559321228878822,0.01055932122888058,0.010559321228882501,0.010559321228884637,0.010559321228887034,0.010559321228889782,0.010559321228892974,0.010559321228903698,0.010559321228914426,0.010559321228933612,0.012746643880475963,0.014847731884059663,0.016736967519722368,0.018383802142959836,0.019802916439825617,0.02102562536319028,0.02208610274496287,0.02301066209604023,0.02379860060424743,0.024416061253219545,0.02484298753735473,0.02509447073362269,0.025203693188921485,0.02520634800944899,0.025133415787952865,0.025009137277783058,0.024851327554420766,0.02467203336871135,0.024671089877851094,0.024669871742457224,0.02466853794339556,0.02466717235484012,0.024665825587331672,0.024664529240386028,0.0246633026217746,0.024662156747568397,0.024661096972670427,0.024660124791577892,0.024659239094717948,0.024658437053829366,0.0246577147489148,0.024657067612443274,0.024656490742957355,0.024655979124683362,0.024655527779185022,0.02465513186778827,0.02465478675835623,0.024654488066320788,0.024654231677229004,0.02465401375613659,0.024653830747770875,0.024653679370346782,0.024653556605152328,0.024653459683450302,0.024653386071820188,0.02465333345674943,0.02465329972904968,0.0246532829684994,0.02465328142898574,0.024653293524323883,0.024653317814862078,0.02465335299493011,0.024653397881152707,0.024653451401623363,0.024653512585916616,0.02465358055590458,0.024653654517336334,0.024653733752134307,0.024653817611359697,0.024653905508799045,0.02465399691512443,0.0246540913525816,0.024654188390162746,0.024654287639222602,0.024654388749499642,0.024654491405506518,0.024654595323256732,0.024654700247297143,0.024654805948018162,0.024654912219216164,0.02465501887588467,0.024655125752212854,0.024655232699772222,0.02465533958587333,0.02465544629207702,0.024655552712845134,0.024655658754318018,0.0246557643332062,0.024655869375786205,0.024655973816989907,0.024656077599579135,0.02465618067339723,0.024656282994690346,0.024656384525491914,0.024656485233064372,0.024656585089392658,0.02465668407072483,0.024656782157155204,0.024656879332246074,0.024656975582684502,0.02465707089797088,0.024657165270136214,0.0246572586934856,0.024657351164365435,0.024657442680952088,0.024657533243060192,0.02465762285196862,0.024657711510262616,0.02465779922169052,0.024657885991033905,0.02465797182398966,0.02465805672706313,0.02465814070747129,0.024658223773054874,0.024658305932198928,0.02465838719376067,0.024658467567004353,0.024658547061542257,0.02465862568728136,0.02465870345437507,0.024658780373179753,0.024658856454215457,0.024658931708130463,0.02465900614566947,0.024659079777644845,0.024659152614910886,0.024659224668340713,0.024659295948805567,0.0246593664671563,0.024659436234206827,0.024659505260719493,0.024659573557391925,0.02465964113484557,0.024659708003615426,0.02465977417414114,0.024659839656759126,0.02465990446169576,0.024659968599061496,0.024660032078845755,0.024660094910912703,0.024660157104997537,0.024660218670703574,0.02466027961749976,0.02466033995471876,0.024660399691555476,0.024660458837065996,0.02466051740016688,0.024660575389634825,0.024660632814106607,0.024660689682079247,0.024660746001910483,0.024660801781819456,0.024660857029887462,0.024660911754059097,0.024660965962143285,0.024661019661814648,0.02466107286061492,0.024661125565954393,0.024661177785113546,0.024661229525244677,0.024661280793373708,0.024661331596401857,0.024661381941107504,0.02466143183414811,0.02466148128206202,0.02466153029127039,0.024661578868079143,0.024661627018680868,0.02466167474915681,0.02466172206547874,0.024661768973510946,0.024661815479012143,0.024661861587637397,0.02466190730494004,0.024661952636373566,0.02466199758729348,0.02466204216295923,0.024662086368535927,0.024662130209096293,0.024662173689622348,0.024662216815007243,0.02466225959005699,0.024662302019492148,0.02466234410794956,0.02466238585998396,0.024662427280069687,0.024662468372602223,0.024662509141899797,0.024662549592204958,0.024662589727686063,0.02466262955243879,0.02466266907048764,0.024662708285787288,0.02466274720222407,0.024662785823617348,0.024662824153720855,0.024662862196224017,0.02466289995475327,0.024662937432873355,0.024662974634088498,0.024663011561843712,0.024663048219525932,0.024663084610465215,0.02466312073793591,0.0246631566051577,0.024663192215296805,0.024663227571466967,0.024663262676730545,0.024663297534099543,0.02466333214653661,0.024663366516956005,0.024663400648224604,0.024663434543162808,0.02466346820454543,0.024663501635102707,0.024663534837521053,0.02466356781444399,0.02466360056847302,0.024663633102168358,0.024663665418049797,0.024663697518597504,0.024663729406252752,0.024663761083418716,0.024663792552461178,0.024663823815709265,0.024663854875456134,0.024663885733959702,0.024663916393443272,0.024663946856096207,0.024663977124074615,0.02466400719950194,0.024664037084469553,0.024664066781037438,0.0246640962912347,0.024664125617060207,0.024664154760483097,0.024664183723443377,0.02466421250785245,0.0246642411155936,0.02466426954852262,0.024664297808468197,0.024664325897232456,0.024664353816591496,0.024664381568295774,0.024664409154070633,0.02466443657561674,0.024664463834610493,0.024664490932704536,0.024664517871528107,0.024664544652687522,0.02466457127776651,0.024664597748326692,0.024664624065907893,0.024664650232028597,0.02466467624818628,0.02466470211585778,0.02466472783649969,0.024664753411548664,0.024664778842421766,0.024664804130516887,0.024664829277212957,0.024664854283870333,0.02466487915183112,0.024664903882419514,0.024664928476941975,0.0246649529366877,0.024664977262928794,0.024665001456920577,0.024665025519901938,0.024665049453095493,0.024665073257707976,0.024665096934930367,0.024665120485938302,0.024665143911892215,0.024665167213937644,0.024665190393205423,0.02466521345081199,0.02466523638785959,0.024665259205436448,0.0246652819046171,0.024665304486462553,0.024665326952020478,0.024665349302325522,0.024665371538399376,0.024665393661251082,0.02466541567187724,0.024665437571262105,0.02466545936037791,0.024665481040184952,0.02466550261163181,0.02466552407565555,0.02466554543318191,0.02466556668512543,0.024665587832389622,0.02466560887586722,0.024665629816440264,0.02466565065498026,0.024665671392348446,0.024665692029395794,0.024665712566963295,0.024665733005882033,0.02466575334697337,0.02466577359104905,0.02466579373891144,0.024665813791353543,0.024665833749159226,0.024665853613103316,0.024665873383951722,0.024665893062461627,0.02466591264938157,0.024665932145451545,0.024665951551403175,0.024665970867959863,0.024665990095836796,0.024666009235741155,0.024666028288372218,0.024666047254421477,0.024666066134572697,0.02466608492950212,0.02466610363987844,0.02466612226636304,0.02466614080961004,0.0246661592702664,0.02466617764897199,0.024666195946359767,0.02466621416305577,0.024666232299679323,0.024666250356843028,0.024666268335152956,0.02466628623520864,0.02466630405760325,0.024666321802923618,0.024666339471750353,0.024666357064657914,0.02466637458221473,0.02466639202498321,0.024666409393519897,0.024666426688375518,0.024666443910095023,0.024666461059217742,0.02466647813627738,0.02466649514180216,0.024666512076314862,0.02466652894033287,0.024666545734368318,0.024666562458928065,0.024666579114513813,0.02466659570162221,0.024666612220744847,0.024666628672368365,0.024666645056974513,0.024666661375040207,0.024666677627037576,0.024666693813434056,0.024666709934692416,0.02466672599127086,0.024666741983623054,0.02466675791219817,0.024666773777441,0.024666789579791924,0.024666805319687082,0.024666820997558275,0.024666836613833197,0.02466685216893534,0.024666867663284114,0.02466688309729488,0.024666898471379022,0.024666913785943954,0.0246669290413932,0.024666944238126456,0.024666959376539607,0.024666974457024773,0.02466698947997038,0.024667004445761163,0.02466701935477829,0.024667034207399293,0.02466704900399821,0.024667063744945577,0.024667078430608478,0.024667093061350592,0.024667107637532243,0.024667122159510422,0.02466713662763883,0.024667151042267913,0.024667165403744917,0.024667179712413934,0.024667193968615882,0.02466720817268861,0.024667222324966893,0.02466723642578247,0.02466725047546413,0.024667264474337657,0.024667278422725935,0.024667292320948993,0.024667306169323916,0.024667319968165072,0.024667333717783943,0.024667347418489353,0.024667361070587288,0.02466737467438113,0.024667388230171533,0.024667401738256576,0.024667415198931664,0.024667428612489703,0.024667441979220966,0.024667455299413277,0.024667468573351926,0.02466748180131977,0.024667494983597205,0.024667508120462242,0.024667521212190492,0.02466753425905524,0.024667547261327357,0.024667560219275537,0.024667573133166077,0.02466758600326309,0.02466759882982845,0.0246676116131218,0.024667624353400617,0.024667637050920208,0.024667649705933773,0.024667662318692378,0.024667674889445008,0.024667687418438566,0.024667699905917925,0.024667712352125948,0.024667724757303458,0.02466773712168933,0.024667749445520467,0.02466776172903182,0.024667773972456473,0.02466778617602555,0.024667798339968326,0.024667810464512215,0.0246678225498828,0.02466783459630382,0.02466784660399724,0.024667858573183227,0.02466787050408017,0.024667882396904754,0.024667894251871894,0.024667906069194816,0.024667917849085057,0.02466792959175246,0.02466794129740521,0.02466795296624989,0.024667964598491417,0.02466797619433309,0.02466798775397666,0.02466799927762227,0.024668010765468523,0.024668022217712443,0.02466803363454957,0.0246680450161739,0.024668056362777923,0.024668067674552673,0.024668078951687697,0.02466809019437111,0.024668101402789546,0.024668112577128247,0.024668123717571024,0.0246681348243003,0.02466814589749712,0.024668156937341135,0.024668167944010652,0.024668178917682654,0.02466818985853275,0.02466820076673526,0.024668211642463186,0.024668222485888253,0.024668233297180882,0.024668244076510255,0.024668254824044274,0.024668265539949576,0.02466827622439164,0.024668286877534622,0.02466829749954158,0.024668308090574263,0.024668318650793337,0.024668329180358207,0.024668339679427175,0.024668350148157357,0.024668360586704737,0.02466837099522418,0.0246683813738694,0.024668391722793018,0.02466840204214656,0.024668412332080454,0.024668422592744058,0.02466843282428564,0.024668443026852418,0.02466845320059057,0.02466846334564521,0.024668473462160456,0.024668483550279376,0.02466849361014404,0.024668503641895486,0.024668513645673795,0.02466852362161805,0.024668533569866365,0.02466854349055585,0.024668553383822702,0.024668563249802156,0.024668573088628486,0.02466858290043506,0.024668592685354294,0.024668602443517717,0.02466861217505593,0.024668621880098628,0.02466863155877463,0.02466864121121187,0.0246686508375374,0.0246686604378774,0.024668670012357195,0.024668679561101265,0.02466868908423321,0.02466869858187585,0.024668708054151098,0.024668717501180104,0.024668726923083188,0.024668736319979838,0.02466874569198875,0.024668755039227858,0.02466876436181425,0.024668773659864283,0.02466878293349348,0.024668792182816673,0.024668801407947857,0.02466881060900033,0.02466881978608658,0.024668828939318415,0.024668838068806872,0.024668847174662268,0.02466885625699417,0.02466886531591147,0.024668874351522325,0.024668883363934177,0.024668892353253796,0.024668901319587235,0.024668910263039846,0.02466891918371635,0.024668928081720744,0.024668936957156367,0.024668945810125905,0.024668954640731346,0.024668963449074075,0.024668972235254792,0.02466898099937357,0.02466898974152984,0.024668998461822397,0.0246690071603494,0.024669015837208406,0.024669024492496312,0.024669033126309473,0.024669041738743576,0.024669050329893714,0.02466905889985441,0.024669067448719564,0.024669075976582508,0.02466908448353598,0.024669092969672138,0.024669101435082573,0.024669109879858292,0.02466911830408977,0.024669126707866872,0.02466913509127895,0.024669143454414785,0.024669151797362617,0.024669160120210122,0.02466916842304448,0.024669176705952305,0.024669184969019677,0.024669193212332168,0.024669201435974824,0.024669209640032164,0.024669217824588214,0.024669225989726457,0.024669234135529905,0.024669242262081035,0.024669250369461878,0.024669258457753904,0.024669266527038134,0.02466927457739509,0.024669282608904837,0.02466929062164692,0.024669298615700445,0.024669306591144025,0.024669314548055803,0.024669322486513476,0.024669330406594272,0.024669338308374957,0.024669346191931837,0.024669354057340807,0.02466936190467724,0.024669369734016157,0.02466937754543205,0.024669385338999067,0.024669393114790817,0.02466940087288058,0.024669408613341152,0.024669416336244903,0.02466942404166381,0.02466943172966942,0.024669439400332862,0.024669447053724848,0.024669454689915705,0.024669462308975335,0.024669469910973244,0.024669477495978538,0.02466948506405994,0.02466949261528574,0.024669500149723873,0.024669507667441908,0.024669515168506965,0.024669522652985842,0.02466953012094492,0.02466953757245022,0.024669545007567382,0.024669552426361686,0.024669559828898038,0.02466956721524098,0.024669574585454695,0.02466958193960299,0.02466958927774932,0.024669596599956805,0.024669603906288213,0.024669611196805906,0.024669618471571984,0.02466962573064811,0.024669632974095693,0.024669640201975748,0.024669647414348975,0.024669654611275724,0.02466966179281603,0.024669668959029566,0.024669676109975714,0.02466968324571351,0.02466969036630167,0.024669697471798598,0.024669704562262366,0.024669711637750738,0.024669718698321144,0.02466972574403074,0.024669732774936327,0.02466973979109446,0.02466974679256131,0.02466975377939281,0.02466976075164456,0.024669767709371872,0.024669774652629737,0.02466978158147289,0.02466978849595575,0.024669795396132444,0.02466980228205681,0.024669809153782408,0.024669816011362505,0.0246698228548501,0.024669829684297876,0.024669836499758274,0.024669843301283446,0.02466985008892526,0.024669856862735307,0.024669863622764937,0.02466987036906518,0.024669877101686853,0.02466988382068046,0.02466989052609627,0.024669897217984273,0.024669903896394223,0.024669910561375574,0.024669917212977555,0.024669923851249147,0.024669930476239017,0.02466993708799566,0.02466994368656727,0.0246699502720018,0.024669956844346978,0.024669963403650266,0.02466996994995886,0.024669976483319762,0.024669983003779726,0.024669989511385215,0.024669996006182516,0.02467000248821765,0.024670008957536408,0.024670015414184322,0.024670021858206753,0.024670028289648784,0.024670034708555305,0.024670041114970925,0.024670047508940078,0.02467005389050695,0.024670060259715524,0.02467006661660954,0.024670072961232522,0.024670079293627786,0.024670085613838433,0.024670091921907333,0.024670098217877162,0.024670104501790364,0.024670110773689188,0.024670117033615654,0.024670123281611594,0.02467012951771862,0.024670135741978152,0.024670141954431367,0.0246701481551193,0.024670154344082738,0.02467016052136229,0.02467016668699833,0.02467017284103109,0.024670178983500567,0.024670185114446568,0.024670191233908706,0.024670197341926402,0.024670203438538884,0.0246702095237852,0.024670215597704204,0.024670221660334533,0.0246702277117147,0.024670233751882955,0.024670239780877415,0.024670245798736008,0.024670251805496455,0.024670257801196343,0.024670263785873014,0.024670269759563677,0.024670275722305346,0.02467028167413486,0.02467028761508891,0.024670293545203958,0.02467029946451633,0.024670305373062158,0.02467031127087744,0.024670317157997966,0.024670323034459356,0.02467032890029708,0.02467033475554646,0.02467034060024259,0.02467034643442046,0.024670352258114855,0.02467035807136041,0.024670363874191616,0.02467036966664277,0.024670375448748033,0.024670381220541382,0.024670386982056675,0.024670392733327582,0.02467039847438761,0.024670404205270145,0.02467040992600838,0.024670415636635384,0.02467042133718405,0.02467042702768713,0.024670432708177228,0.024670438378686793,0.024670444039248125,0.024670449689893376,0.024670455330654543,0.02467046096156349,0.024670466582651936,0.02467047219395145,0.02467047779549344,0.02467048338730919,0.02467048896942985,0.024670494541886398,0.024670500104709704,0.02467050565793048,0.0246705112015793,0.024670516735686605,0.02467052226028268,0.024670527775397723,0.02467053328106172,0.024670538777304598,0.024670544264156102,0.024670549741645852,0.024670555209803356,0.024670560668657953,0.0246705661182389,0.02467057155857527,0.02467057698969604,0.024670582411630053,0.024670587824406023,0.024670593228052536,0.024670598622598048,0.024670604008070883,0.024670609384499262,0.02467061475191125,0.02467062011033482,0.024670625459797802,0.024670630800327907,0.02467063613195272,0.024670641454699712,0.024670646768596257,0.024670652073669558,0.024670657369946725,0.024670662657454767,0.024670667936220553,0.02467067320627082,0.02467067846763224,0.02467068372033132,0.024670688964394477,0.02467069419984801,0.02467069942671808,0.024670704645030784,0.02467070985481205,0.024670715056087745,0.024670720248883605,0.02467072543322523,0.024670730609138148,0.024670735776647763,0.024670740935779364,0.024670746086558146,0.024670751229009164,0.024670756363157433,0.02467076148902777,0.02467076660664495,0.02467077171603365,0.024670776817218378,0.02467078191022364,0.024670786995073708,0.024670792071792867,0.02467079714040524,0.024670802200934865,0.024670807253405654,0.024670812297841467,0.024670817334266033,0.024670822362702946,0.02467082738317579,0.024670832395707984,0.024670837400322845,0.024670842397043643,0.024670847385893493,0.024670852366895455,0.024670857340072464,0.024670862305447388,0.024670867263042993,0.02467087221288194,0.024670877154986788,0.024670882089380015,0.024670887016084015,0.024670891935121085,0.024670896846513416,0.024670901750283112,0.024670906646452214,0.024670911535042604,0.024670916416076185,0.02467092128957464,0.024670926155559682,0.024670931014052835,0.024670935865075617,0.024670940708649416,0.024670945544795524,0.02467095037353517,0.02467095519488949,0.024670960008879538,0.024670964815526268,0.024670969614850557,0.024670974406873204,0.02467097919161492,0.024670983969096335,0.024670988739337995,0.02467099350236034,0.02467099825818378,0.024671003006828583,0.024671007748314988,0.024671012482663107,0.024671017209893,0.024671021930024642,0.024671026643077947,0.024671031349072704,0.02467103604802865,0.02467104073996546,0.02467104542490269,0.02467105010285986,0.024671054773856387,0.024671059437911598,0.024671064095044798,0.024671068745275162,0.02467107338862181,0.024671078025103772,0.024671082654740047,0.02467108727754952,0.02467109189355099,0.02467109650276321,0.02467110110520486,0.024671105700894532,0.02467111028985076,0.02467111487209199,0.024671119447636603,0.02467112401650292,0.024671128578709175,0.024671133134273528,0.02467113768321409,0.02467114222554887,0.024671146761295837,0.02467115129047288,0.024671155813097815,0.024671160329188393,0.02467116483876229,0.024671169341837128,0.024671173838430444,0.02467117832855971,0.024671182812242357,0.02467118728949572,0.024671191760337073,0.02467119622478362,0.02467120068285252,0.024671205134560847,0.02467120957992563,0.024671214018963807,0.02467121845169226,0.02467122287812782,0.024671227298287232,0.024671231712187207,0.024671236119844366,0.024671240521275273,0.02467124491649644,0.024671249305524317,0.02467125368837526,0.024671258065065628,0.02467126243561164,0.024671266800029523,0.024671271158335385,0.024671275514731365,0.024671279865130277,0.024671284209468347,0.02467128854776008,0.02467129288002107,0.024671297206267002,0.02467130152651337,0.02467130584077581,0.024671310149069977,0.024671314451411134,0.024671318747814964,0.02467132303829671,0.024671327322871552,0.024671331601555043,0.024671335874362033,0.024671340141307972,0.024671344402407966,0.024671348657676853,0.02467135290712976,0.024671357150781687,0.02467136138864735,0.024671365620741566,0.024671369847079332,0.024671374067675146,0.02467137828254384,0.024671382491700058,0.024671386695158296,0.02467139089293308,0.024671395085038853,0.02467139927149,0.024671403452300966,0.024671407627485827,0.02467141179705916,0.024671415961035104,0.024671420119427544,0.024671424272250993,0.024671428419519262,0.02467143256124646,0.02467143669744654,0.024671440828133058,0.024671444953320344,0.024671449073022097,0.024671453187252036,0.024671457296023828,0.024671461399351113,0.024671465497247587,0.024671469589726783,0.0246714736768022,0.024671477758487333,0.024671481834795596,0.02467148590574037,0.024671489971334955,0.024671494031592637,0.024671498086526696,0.02467150213615034,0.024671506180476595,0.024671510219518626,0.024671514253289496,0.024671518281802148,0.024671522305069537,0.02467152632310451,0.024671530335920254,0.0246715343435294,0.024671538345944734,0.02467154234317904,0.02467154633524489,0.02467155032215493,0.02467155430392189,0.024671558280558205,0.02467156225207649,0.024671566218489174,0.024671570179808696,0.024671574136047446,0.024671578087217705,0.024671582033331845,0.024671585974402114,0.02467158991044073,0.024671593841459814,0.024671597767471572,0.02467160168848816,0.024671605604521446,0.024671609515583524,0.024671613421686365,0.024671617322841868,0.02467162121906187,0.02467162511035831,0.024671628996743206,0.024671632878228097,0.024671636754824425,0.02467164062654414,0.02467164449339883,0.024671648355400203,0.02467165221255973,0.024671656064889018,0.024671659912399453,0.02467166375510254,0.02467166759300969,0.024671671426132375,0.02467167525448179,0.024671679078069247,0.024671682896906015,0.02467168671100333,0.024671690520372318,0.0246716943250242,0.02467169812497006,0.024671701920220945,0.0246717057107879,0.02467170949668189,0.024671713277913905,0.024671717054494845,0.024671720826435605,0.024671724593747026,0.024671728356439947,0.0246717321145251,0.024671735868013238,0.024671739616915087,0.024671743361241293,0.024671747101002492,0.024671750836209292,0.024671754566872227,0.024671758293001854,0.024671762014608696,0.02467176573170314,0.024671769444295725,0.02467177315239669,0.024671776856016445,0.02467178055516535,0.02467178424985367,0.024671787940091644,0.024671791625889516,0.024671795307257476,0.024671798984205632,0.02467180265674413,0.024671806324883083,0.02467180998863254,0.024671813648002507,0.02467181730300297,0.024671820953643873,0.024671824599935166,0.024671828241886743,0.024671831879508433,0.024671835512810093,0.02467183914180149,0.024671842766492397,0.02467184638689252,0.024671850003011628,0.024671853614859348,0.02467185722244536,0.024671860825779195,0.024671864424870456,0.02467186801972868,0.024671871610363452,0.0246718751967842,0.024671878779000386,0.02467188235702124,0.024671885930856494,0.02467188950051536,0.024671893066007113,0.02467189662734116,0.024671900184526738,0.02467190373757306,0.024671907286489377,0.024671910831284876,0.024671914371968705,0.024671917908549966,0.02467192144103781,0.024671924969441282,0.024671928493769407,0.0246719320140312,0.024671935530235636,0.024671939042391695,0.024671942550508284,0.024671946054594326,0.024671949554658682,0.0246719530507102,0.02467195654275769,0.024671960030809972,0.024671963514875748,0.024671966994963605,0.024671970471082584,0.02467197394324119,0.024671977411448092,0.024671980875711895,0.02467198433604122,0.024671987792444623,0.02467199124493046,0.024671994693507598,0.024671998138184367,0.02467200157896924,0.024672005015870652,0.024672008448896995,0.02467201187805668,0.024672015303358167,0.024672018724809546,0.024672022142419255,0.02467202555619554,0.024672028966146727,0.02467203237228102,0.024672035774606613,0.02467203917313176,0.024672042567864483,0.024672045958812956,0.02467204934598533,0.02467205272938967,0.024672056109034182,0.024672059484926553,0.024672062857075013,0.024672066225487503,0.024672069590172013,0.0246720729511365,0.024672076308388746,0.024672079661936828,0.02467208301178842,0.024672086357951418,0.024672089700433684,0.02467209303924296,0.024672096374387154,0.024672099705873723,0.0246721030337106,0.024672106357905437,0.024672109678465875,0.02467211299539958,0.02467211630871423,0.024672119618417383,0.02467212292451654,0.0246721262270195,0.024672129525933596,0.024672132821266405,0.02467213611302545,0.024672139401218107,0.02467214268585188,0.024672145966934168,0.02467214924447239,0.024672152518473937,0.024672155788946135,0.02467215905589636,0.024672162319331878,0.024672165579260257,0.024672168835688277,0.02467217208862344,0.024672175338072973,0.02467217858404405,0.024672181826543883,0.024672185065579687,0.02467218830115851,0.024672191533287556,0.024672194761973812,0.024672197987224434,0.024672201209046472,0.02467220442744697,0.024672207642432935,0.024672210854011316,0.024672214062189196,0.024672217266973454,0.024672220468371052,0.02467222366638891,0.0246722268610339,0.024672230052312862,0.024672233240232745,0.024672236424800344,0.024672239606022463,0.024672242783905892,0.024672245958457416,0.024672249129683785,0.02467225229759175,0.02467225546218799,0.024672258623479125,0.024672261781472034,0.024672264936173128,0.024672268087589325,0.024672271235727114,0.02467227438059305,0.024672277522193805,0.024672280660535888,0.024672283795625843,0.02467228692747019,0.024672290056075456,0.02467229318144818,0.024672296303594684,0.024672299422521526,0.024672302538235113,0.024672305650741928,0.0246723087600482,0.024672311866160514,0.024672314969084987,0.024672318068828095,0.024672321165396135,0.024672324258795446,0.02467232734903228,0.024672330436112874,0.02467233352004359,0.024672336600830593,0.02467233967847996,0.02467234275299818,0.024672345824391286,0.02467234889266544,0.024672351957826768,0.024672355019881426,0.02467235807883554,0.024672361134695196,0.02467236418746642,0.024672367237155303,0.024672370283767585,0.02467237332730987,0.024672376367787872,0.02467237940520759,0.024672382439575025,0.02467238547089613,0.02467238849917682,0.024672391524423097,0.02467239454664075,0.02467239756583574,0.024672400582014024,0.024672403595181244,0.024672406605343377,0.024672409612506205,0.024672412616675587,0.024672415617857296,0.024672418616057148,0.024672421611280818,0.024672424603534124,0.02467242759282273,0.024672430579152412,0.02467243356252886,0.024672436542957695,0.024672439520444733,0.024672442494995464,0.024672445466615595,0.02467244843531073,0.02467245140108647,0.024672454363948437,0.024672457323902174,0.024672460280953237,0.024672463235107224,0.02467246618636958,0.024672469134745873,0.024672472080241568,0.02467247502286222,0.024672477962613185,0.024672480899499995,0.024672483833528047,0.024672486764702902,0.024672489693029744,0.02467249261851408,0.02467249554116127,0.024672498460976692,0.024672501377965717,0.024672504292133763,0.02467250720348593,0.024672510112027656,0.02467251301776421,0.024672515920700883,0.024672518820842933,0.02467252171819564,0.0246725246127642,0.02467252750455383,0.024672530393569845,0.02467253327981727,0.024672536163301364,0.02467253904402731,0.024672541922000184,0.02467254479722522,0.02467254766970755,0.02467255053945221,0.024672553406464307,0.024672556270748946,0.024672559132311186,0.024672561991156083,0.0246725648472886,0.02467256770071395,0.02467257055143705,0.024672573399462897,0.024672576244796504,0.024672579087442872,0.024672581927406925,0.024672584764693563,0.024672587599307766,0.024672590431254436,0.024672593260538545,0.024672596087164943,0.024672598911138537,0.024672601732464182,0.02467260455114675,0.024672607367191065,0.02467261018060198,0.024672612991384284,0.024672615799542892,0.024672618605082568,0.024672621408007987,0.02467262420832393,0.024672627006035334,0.024672629801146793,0.024672632593662962,0.02467263538358864,0.024672638170928664,0.024672640955687598,0.024672643737870037,0.024672646517480867,0.02467264929452457,0.024672652069005954,0.02467265484092948,0.024672657610299846,0.024672660377121684,0.024672663141399574,0.024672665903138102,0.024672668662341832,0.02467267141901538,0.02467267417316338,0.024672676924790148,0.024672679673900334,0.02467268242049846,0.024672685164588985,0.02467268790617644,0.024672690645265408,0.024672693381860157,0.024672696115965228,0.02467269884758507,0.024672701576724226,0.024672704303386975,0.02467270702757779,0.024672709749300997,0.024672712468561144,0.024672715185362435,0.024672717899709335,0.02467272061160617,0.024672723321057324,0.024672726028067082,0.024672728732639763,0.02467273143477973,0.02467273413449126,0.024672736831778636,0.02467273952664614,0.024672742219098095,0.024672744909138674,0.02467274759677217,0.024672750282002845,0.02467275296483488,0.02467275564527251,0.024672758323319933,0.02467276099898136,0.024672763672260987,0.02467276634316294,0.024672769011691405,0.024672771677850557,0.0246727743416445,0.024672777003077365,0.02467277966215329,0.02467278231887638,0.024672784973250764,0.024672787625280496,0.024672790274969658,0.02467279292232234,0.024672795567342597,0.024672798210034454,0.02467280085040196,0.024672803488449187,0.0246728061241801,0.024672808757598735,0.024672811388709075,0.024672814017515126,0.024672816644020844,0.02467281926823025,0.024672821890147256,0.02467282450977584,0.024672827127119906,0.02467282974218339,0.024672832354970257,0.024672834965484374,0.02467283757372966,0.024672840179710002,0.024672842783429277,0.024672845384891347,0.024672847984100205,0.024672850581059565,0.02467285317577321,0.02467285576824505,0.024672858358478975,0.0246728609464787,0.024672863532248065,0.02467286611579091,0.02467286869711097,0.024672871276212056,0.024672873853097868,0.024672876427772283,0.02467287900023897,0.024672881570501775,0.02467288413856426,0.024672886704430227,0.02467288926810349,0.024672891829587585,0.024672894388886254,0.024672896946003206,0.024672899500942175,0.024672902053706782,0.024672904604300685,0.024672907152727554,0.02467290969899111,0.024672912243094796,0.024672914785042344,0.02467291732483738,0.024672919862483544,0.024672922397984288,0.02467292493134335,0.024672927462564238,0.024672929991650553,0.024672932518605854,0.024672935043433746,0.024672937566137712,0.024672940086721353,0.024672942605188132,0.02467294512154161,0.02467294763578526,0.024672950147922593,0.02467295265795713,0.024672955165892376,0.024672957671731867,0.024672960175478962,0.024672962677137138,0.02467296517670983,0.024672967674200533,0.024672970169612684,0.0246729726629498,0.024672975154215137,0.02467297764341219,0.024672980130544354,0.024672982615615045,0.02467298509862764,0.024672987579585536,0.024672990058492078,0.02467299253535067,0.024672995010164605,0.024672997482937317,0.024672999953672132,0.024673002422372293,0.024673004889041172,0.02467300735368222,0.024673009816298597,0.024673012276893697,0.024673014735470736,0.024673017192033044,0.02467301964658392,0.02467302209912677,0.024673024549664507,0.024673026998200627,0.024673029444738325,0.024673031889280824,0.024673034331831434,0.02467303677239332,0.024673039210969628,0.024673041647563725,0.024673044082178484,0.024673046514817585,0.02467304894548405,0.024673051374181007,0.024673053800911643,0.024673056225679117,0.02467305864848658,0.0246730610693372,0.024673063488234115,0.024673065905180445,0.024673068320179296,0.024673070733233892,0.02467307314434728,0.024673075553522605,0.024673077960762967,0.024673080366071517,0.02467308276945115,0.024673085170905076,0.02467308757043633,0.024673089968048015,0.02467309236374319,0.024673094757524876,0.024673097149396143,0.024673099539359936,0.02467310192741949,0.024673104313577686,0.024673106697837583,0.024673109080202177,0.024673111460674465,0.02467311383925744,0.024673116215954128,0.024673118590767457,0.02467312096370046,0.024673123334755992,0.02467312570393718,0.02467312807124692,0.02467313043668815,0.024673132800263797,0.024673135161976827,0.02467313752183012,0.02467313987982666,0.02467314223596934,0.024673144590261074,0.02467314694270475,0.024673149293303286,0.024673151642059535,0.024673153988976376,0.024673156334056697,0.024673158677303433,0.02467316101871939,0.024673163358307465,0.024673165696070448,0.024673168032011174,0.02467317036613257,0.024673172698437423,0.02467317502892854,0.024673177357608697,0.024673179684480847,0.024673182009547635,0.024673184332812032,0.02467318665427672,0.02467318897394448,0.024673191291818174,0.024673193607900525,0.02467319592219433,0.024673198234702286,0.0246732005454272,0.024673202854371818,0.02467320516153874,0.024673207466930993,0.02467320977055117,0.02467321207240197,0.024673214372486117,0.02467321667080635,0.024673218967365358,0.024673221262165822,0.02467322355521052,0.02467322584650208,0.02467322813604317,0.024673230423836564,0.024673232709884876,0.024673234994190715,0.024673237276757014,0.024673239557585963,0.024673241836680498,0.024673244114043195,0.024673246389676756,0.02467324866358377,0.024673250935766833,0.024673253206228575,0.024673255474971664,0.02467325774199864,0.02467326000731217,0.024673262270914813,0.02467326453280918,0.024673266792997868,0.02467326905148347,0.02467327130826853,0.02467327356335559,0.024673275816747258,0.024673278068446085,0.024673280318454605,0.02467328256677539,0.024673284813411037,0.02467328705836394,0.024673289301636755,0.024673291543231893,0.02467329378315194,0.024673296021399383,0.024673298257976702,0.024673300492886564,0.02467330272613148,0.02467330495771362,0.024673307187635683,0.024673309415900114,0.024673311642509386,0.02467331386746604,0.024673316090772456,0.02467331831243115,0.024673320532444552,0.024673322750815126,0.024673324967545304,0.02467332718263752,0.02467332939609423,0.024673331607917855,0.0246733338181108,0.02467333602667551,0.02467333823361438,0.02467334043892981,0.024673342642624226,0.024673344844700004,0.024673347045159576,0.0246733492440053,0.02467335144123965,0.02467335363686482,0.024673355830883342,0.024673358023297415,0.02467336021410967,0.024673362403322116,0.02467336459093741,0.02467336677695776,0.02467336896138555,0.024673371144222998,0.024673373325472498,0.024673375505136444,0.02467337768321716,0.02467337985971692,0.024673382034638067,0.024673384207982766,0.024673386379753488,0.024673388549952487,0.024673390718582055,0.024673392885644466,0.02467339505114202,0.024673397215077022,0.02467339937745162,0.024673401538268323,0.024673403697529135,0.02467340585523646,0.024673408011392593,0.024673410165999655,0.02467341231905999,0.02467341447057568,0.02467341662054921,0.02467341876898263,0.024673420915878205,0.024673423061238223,0.024673425205064818,0.02467342734736023,0.024673429488126664,0.024673431627366318,0.024673433765081406,0.024673435901274136,0.02467343803594667,0.024673440169101227,0.02467344230073994,0.024673444430865013,0.02467344655947862,0.02467344868658295,0.02467345081218013,0.02467345293627232,0.02467345505886169,0.024673457179950377,0.02467345929954054,0.024673461417634247,0.024673463534233796,0.0246734656493412,0.024673467762958593,0.02467346987508813,0.024673471985731894,0.024673474094892102,0.0246734762025707,0.024673478308769873,0.02467348041349174,0.024673482516738385,0.024673484618511918,0.02467348671881436,0.024673488817647835,0.02467349091501444,0.024673493010916238,0.024673495105355298,0.02467349719833369,0.02467349928985349,0.02467350137991675,0.024673503468525506,0.024673505555681825,0.024673507641387857,0.02467350972564542,0.024673511808456682,0.024673513889823653,0.024673515969748375,0.02467351804823284,0.02467352012527914,0.02467352220088925,0.024673524275065178,0.024673526347808932,0.024673528419122518,0.02467353048900796,0.024673532557467213,0.02467353462450233,0.02467353669011526,0.024673538754307982,0.024673540817082455,0.024673542878440792,0.024673544938384872,0.024673546996916585,0.02467354905403797,0.024673551109750946,0.024673553164057557,0.024673555216959717,0.02467355726845943,0.024673559318558486,0.02467356136725892,0.02467356341456267,0.024673565460471728,0.0246735675049879,0.02467356954811316,0.024673571589849484,0.02467357363019869,0.024673575669162787,0.024673577706743638,0.02467357974294318,0.024673581777763288,0.024673583811205872,0.024673585843272818,0.024673587873966046,0.024673589903287423,0.024673591931238796,0.02467359395782211,0.024673595983039233,0.024673598006892,0.024673600029382292,0.024673602050512007,0.02467360407028298,0.02467360608869711,0.02467360810575621,0.024673610121462082,0.024673612135816654,0.024673614148821722,0.024673616160479077,0.024673618170790685,0.024673620179758333,0.02467362218738362,0.024673624193668704,0.02467362619861541,0.024673628202225392,0.02467363020450048,0.0246736322054425,0.024673634205053332,0.02467363620333468,0.024673638200288388,0.024673640195916263,0.02467364219022006,0.0246736441832017,0.024673646174862764,0.024673648165205123,0.024673650154230568,0.0246736521419409,0.024673654128337864,0.02467365611342319,0.0246736580971987,0.024673660079666124,0.02467366206082735,0.024673664040684,0.024673666019237827,0.024673667996490522,0.02467366997244395,0.024673671947099754,0.024673673920459747,0.024673675892525664,0.0246736778632992,0.024673679832782097,0.024673681800976097,0.024673683767882905,0.024673685733504234,0.024673687697841833,0.024673689660897363,0.02467369162267258,0.024673693583169166,0.024673695542388817,0.02467369750033325,0.02467369945700414,0.024673701412403194,0.024673703366532095,0.02467370531939251,0.02467370727098615,0.024673709221314677,0.024673711170379753,0.02467371311818299,0.024673715064726265,0.02467371701001107,0.024673718954039112,0.02467372089681206,0.02467372283833156,0.024673724778599276,0.02467372671761688,0.02467372865538594,0.024673730591908236,0.024673732527185254,0.0246737344612187,0.02467373639401022,0.02467373832556141,0.024673740255873922,0.024673742184949395,0.024673744112789435,0.024673746039395573,0.024673747964769458,0.02467374988891289,0.024673751811827373,0.024673753733514513,0.02467375565397587,0.024673757573213065,0.02467375949122769,0.024673761408021366,0.024673763323595662,0.024673765237952172,0.024673767151092485,0.02467376906301811,0.02467377097373078,0.024673772883231963,0.024673774791523346,0.024673776698606334,0.024673778604482634,0.024673780509153708,0.02467378241262114,0.02467378431488651,0.02467378621595137,0.02467378811581728,0.024673790014485796,0.024673791911958558,0.02467379380823689,0.024673795703322458,0.024673797597216794,0.024673799489921447,0.02467380138143801,0.024673803271767804,0.02467380516091263,0.02467380704887387,0.024673808935653,0.02467381082125154,0.024673812705671108,0.024673814588913125,0.024673816470979267,0.024673818351870817,0.024673820231589354,0.024673822110136526,0.02467382398751362,0.024673825863722236,0.02467382773876381,0.02467382961263985,0.02467383148535196,0.024673833356901615,0.024673835227290126,0.024673837096519078,0.024673838964589925,0.024673840831504156,0.024673842697263255,0.024673844561868694,0.024673846425321902,0.024673848287624516,0.024673850148777692,0.024673852008783168,0.024673853867642363,0.024673855725356426,0.02467385758192702,0.024673859437355738,0.024673861291643756,0.024673863144792616,0.024673864996803928,0.024673866847678864,0.02467386869741915,0.024673870546025864,0.02467387239350062,0.024673874239844816,0.02467387608505993,0.024673877929147443,0.024673879772108585,0.024673881613944865,0.024673883454657736,0.024673885294248552,0.024673887132718744,0.02467388897006971,0.0246738908063029,0.024673892641419646,0.02467389447542138,0.024673896308309483,0.024673898140085405,0.02467389997075048,0.02467390180030613,0.024673903628753702,0.024673905456094557,0.024673907282330137,0.0246739091074619,0.02467391093149103,0.024673912754419,0.024673914576247125,0.024673916396976824,0.024673918216609508,0.024673920035146433,0.024673921852589136,0.02467392366893874,0.024673925484196623,0.02467392729836434,0.02467392911144314,0.024673930923434523,0.02467393273433948,0.02467393454415953,0.024673936352896088,0.02467393816055044,0.024673939967124046,0.024673941772617957,0.024673943577033692,0.02467394538037253,0.02467394718263583,0.024673948983824884,0.02467395078394107,0.024673952582985673,0.024673954380960005,0.024673956177865372,0.024673957973703142,0.02467395976847458,0.02467396156218103,0.02467396335482375,0.024673965146404055,0.02467396693692326,0.02467396872638265,0.02467397051478353,0.024673972302127176,0.024673974088414933,0.024673975873648047,0.024673977657827827,0.02467397944095552,0.024673981223032427,0.02467398300405984,0.024673984784039055,0.024673986562971296,0.024673988340857884,0.02467399011770007,0.024673991893499114,0.024673993668256306,0.0246739954419729,0.02467399721465015,0.02467399898628933,0.02467400075689169,0.024674002526458426,0.024674004294990927,0.02467400606249037,0.02467400782895801,0.024674009594394957,0.02467401135880273,0.024674013122182408,0.02467401488453507,0.024674016645862353,0.024674018406165236,0.024674020165445024,0.024674021923702848,0.024674023680940124,0.024674025437157934,0.024674027192357534,0.024674028946540083,0.02467403069970694,0.02467403245185927,0.02467403420299824,0.024674035953125114,0.024674037702241133,0.024674039450347518,0.02467404119744537,0.024674042943535923,0.024674044688620382,0.024674046432699985,0.02467404817577596,0.02467404991784946,0.02467405165892175,0.024674053398993916,0.024674055138067155,0.02467405687614269,0.024674058613221743,0.024674060349305485,0.024674062084395067,0.024674063818491694,0.024674065551596704,0.02467406728371096,0.024674069014835924,0.0246740707449725,0.02467407247412199,0.024674074202285665,0.02467407592946451,0.024674077655659772,0.024674079380872616,0.024674081105104252,0.024674082828355738,0.024674084550628275,0.024674086271923065,0.024674087992241227,0.024674089711583896,0.02467409142995225,0.024674093147347434,0.024674094863770514,0.024674096579222773,0.02467409829370531,0.02467410000721922,0.02467410171976567,0.024674103431345788,0.024674105141960678,0.024674106851611536,0.02467410856029939,0.024674110268025497,0.02467411197479091,0.02467411368059686,0.024674115385444294,0.02467411708933441,0.024674118792268326,0.02467412049424717,0.02467412219527201,0.024674123895344027,0.02467412559446439,0.02467412729263403,0.024674128989854157,0.024674130686125846,0.02467413238145026,0.02467413407582844,0.024674135769261512,0.02467413746175056,0.024674139153296686,0.024674140843900953,0.024674142533564508,0.024674144222288443,0.024674145910073938,0.024674147596921825,0.02467414928283336,0.0246741509678096,0.024674152651851675,0.02467415433496055,0.024674156017137367,0.024674157698383145,0.024674159378699056,0.02467416105808603,0.024674162736545314,0.024674164414077902,0.02467416609068488,0.024674167766367303,0.02467416944112621,0.024674171114962687,0.024674172787877775,0.024674174459872494,0.024674176130947963,0.02467417780110526,0.024674179470345385,0.024674181138669406,0.024674182806078363,0.024674184472573316,0.02467418613815528,0.024674187802825327,0.024674189466584492,0.02467419112943385,0.024674192791374405,0.024674194452407202,0.024674196112533263,0.02467419777175367,0.024674199430069387,0.02467420108748146,0.024674202743991142,0.02467420439959895,0.024674206054306303,0.024674207708114147,0.02467420936102346,0.024674211013035303,0.024674212664150826,0.02467421431437072,0.024674215963696264,0.024674217612128353,0.02467421925966804,0.02467422090631631,0.0246742225520742,0.024674224196942714,0.024674225840922864,0.024674227484015623,0.02467422912622201,0.0246742307675431,0.024674232407979727,0.02467423404753299,0.02467423568620389,0.024674237323993358,0.024674238960902452,0.024674240596932254,0.024674242232083542,0.0246742438663574,0.024674245499754888,0.024674247132276835,0.024674248763924312,0.024674250394698276,0.024674252024599705,0.02467425365362961,0.02467425528178895,0.024674256909078703,0.024674258535499833,0.02467426016105333,0.02467426178574014,0.02467426340956125,0.02467426503251766,0.024674266654610262,0.024674268275840038,0.024674269896207975,0.02467427151571501,0.024674273134362146,0.024674274752150303,0.024674276369080407,0.024674277985153446,0.024674279600370358,0.02467428121473214,0.024674282828239736,0.024674284440894048,0.02467428605269604,0.024674287663646648,0.02467428927374682,0.02467429088299753,0.024674292491399682,0.024674294098954278,0.024674295705662166,0.02467429731152428,0.024674298916541656,0.024674300520715148,0.02467430212404571,0.024674303726534248,0.024674305328181705,0.024674306928988997,0.024674308528957047,0.024674310128086838,0.024674311726379225,0.024674313323835118,0.024674314920455447,0.02467431651624114,0.024674318111193173,0.024674319705312395,0.024674321298599762,0.024674322891056158,0.024674324482682503,0.024674326073479733,0.024674327663448698,0.024674329252590315,0.024674330840905506,0.02467433242839518,0.02467433401506022,0.024674335600901504,0.024674337185920003,0.024674338770116537,0.024674340353492075,0.02467434193604748,0.02467434351778365,0.024674345098701457,0.02467434667880182,0.024674348258085618,0.024674349836553693,0.024674351414207,0.024674352991046485,0.02467435456707284,0.02467435614228706,0.024674357716690014,0.024674359290282593,0.024674360863065656,0.024674362435040162,0.024674364006206862,0.024674365576566645,0.024674367146120518,0.0246743687148691,0.024674370282813482,0.024674371849954458,0.024674373416293024,0.0246743749818298,0.02467437654656576,0.024674378110501924,0.024674379673638867,0.024674381235977583,0.024674382797518955,0.02467438435826381,0.024674385918213023,0.02467438747736744,0.024674389035727867,0.024674390593295247,0.0246743921500704,0.02467439370605433,0.02467439526124755,0.024674396815651096,0.024674398369265785,0.024674399922092468,0.024674401474131875,0.024674403025385105,0.024674404575852665,0.024674406125535595,0.02467440767443492,0.024674409222551128,0.024674410769885333,0.02467441231643824,0.024674413862210712,0.024674415407203554,0.024674416951417574,0.024674418494853557,0.02467442003751245,0.024674421579394912,0.024674423120501984,0.024674424660834384,0.02467442620039293,0.0246744277391785,0.02467442927719184,0.024674430814433827,0.02467443235090518,0.024674433886606614,0.02467443542153926,0.02467443695570377,0.02467443848910099,0.024674440021731674,0.024674441553596674,0.024674443084696712,0.02467444461503273,0.024674446144605452,0.024674447673415725,0.024674449201464315,0.024674450728752042,0.024674452255279724,0.024674453781048135,0.024674455306058076,0.02467445683031032,0.024674458353805707,0.024674459876544996,0.02467446139852899,0.0246744629197585,0.02467446444023432,0.02467446595995721,0.02467446747892798,0.024674468997147394,0.024674470514616284,0.02467447203133536,0.024674473547305478,0.02467447506252739,0.024674476577001926,0.024674478090729802,0.024674479603711844,0.02467448111594881,0.024674482627441454,0.024674484138190598,0.024674485648196985,0.024674487157461397,0.024674488665984592,0.02467449017376735,0.0246744916808105,0.024674493187114715,0.02467449469268078,0.024674496197509506,0.024674497701601617,0.024674499204957904,0.0246745007075791,0.024674502209466,0.024674503710619338,0.0246745052110399,0.024674506710728412,0.024674508209685666,0.02467450970791239,0.02467451120540938,0.024674512702177326,0.024674514198217028,0.02467451569352921,0.024674517188114642,0.024674518681974032,0.024674520175108204,0.024674521667517865,0.02467452315920376,0.024674524650166632,0.02467452614040737,0.024674527629926394,0.024674529118724663,0.024674530606802914,0.024674532094161778,0.024674533580802096,0.024674535066724568,0.02467453655192994,0.024674538036418926,0.024674539520192305,0.02467454100325075,0.024674542485595027,0.02467454396722584,0.024674545448143993,0.02467454692835014,0.02467454840784502,0.024674549886629312,0.024674551364703853,0.02467455284206931,0.024674554318726397,0.02467455579467586,0.024674557269918386,0.024674558744454723,0.024674560218285565,0.02467456169141165,0.024674563163833593,0.024674564635552305,0.024674566106568492,0.024674567576882685,0.024674569046495686,0.024674570515408202,0.024674571983620937,0.024674573451134618,0.02467457491794997,0.024674576384067646,0.024674577849488417,0.024674579314213026,0.024674580778241997,0.024674582241576155,0.024674583704216227,0.024674585166162822,0.02467458662741666,0.024674588087978535,0.024674589547849003,0.02467459100702899,0.024674592465518928,0.024674593923319686,0.024674595380431763,0.024674596836855973,0.024674598292593095,0.024674599747643747,0.0246746012020086,0.02467460265568835,0.024674604108683638,0.024674605560995166,0.024674607012623622,0.024674608463569773,0.02467460991383425,0.024674611363417663,0.02467461281232089,0.024674614260544427,0.024674615708089157,0.02467461715495547,0.024674618601144373,0.0246746200466562,0.02467462149149179,0.024674622935651754,0.024674624379136856,0.024674625821947724,0.02467462726408508,0.024674628705549508,0.02467463014634165,0.02467463158646231,0.02467463302591203,0.024674634464691626,0.024674635902801667,0.024674637340242882,0.024674638777015832,0.024674640213121206,0.0246746416485597,0.024674643083331966,0.024674644517438667,0.0246746459508804,0.024674647383657922,0.024674648815771884,0.024674650247222884,0.024674651678011576,0.024674653108138666,0.024674654537604774,0.024674655966410552,0.02467465739455664,0.02467465882204374,0.024674660248872438,0.0246746616750434,0.024674663100557322,0.02467466452541479,0.024674665949616457,0.024674667373162998,0.024674668796055028,0.024674670218293122,0.0246746716398781,0.02467467306081049,0.024674674481090963,0.024674675900720155,0.024674677319698628,0.024674678738027124,0.02467468015570632,0.02467468157273668,0.024674682989118988,0.024674684404853795,0.024674685819941766,0.024674687234383524,0.024674688648179698,0.024674690061330926,0.02467469147383784,0.024674692885701035,0.024674694296921196,0.02467469570749894,0.02467469711743484,0.024674698526729558,0.024674699935383734,0.024674701343397977,0.02467470275077289,0.024674704157509122,0.024674705563607253,0.024674706969067924,0.024674708373891758,0.02467470977807937,0.02467471118163139,0.02467471258454844,0.024674713986831118,0.024674715388480036,0.02467471678949583,0.024674718189879066,0.0246747195896304,0.0246747209887504,0.024674722387239723,0.024674723785098922,0.024674725182328664,0.024674726578929516,0.024674727974902114,0.024674729370247044,0.02467473076496494,0.024674732159056387,0.024674733552521973,0.024674734945362292,0.024674736337577986,0.024674737729169616,0.024674739120137817,0.024674740510483163,0.024674741900206278,0.024674743289307726,0.024674744677788123,0.0246747460656481,0.02467474745288827,0.024674748839509073,0.02467475022551121,0.024674751610895336,0.024674752995661894,0.024674754379811478,0.02467475576334481,0.024674757146262414,0.024674758528564884,0.0246747599102528,0.02467476129132674,0.02467476267178732,0.024674764051635115,0.0246747654308707,0.024674766809494663,0.02467476818750757,0.02467476956491003,0.024674770941702603,0.02467477231788591,0.024674773693460467,0.024674775068426906,0.024674776442785748,0.024674777816537624,0.024674779189683083,0.0246747805622227,0.024674781934157057,0.024674783305486704,0.024674784676212178,0.02467478604633415,0.02467478741585317,0.024674788784769756,0.02467479015308447,0.024674791520797962,0.024674792887910788,0.02467479425442346,0.024674795620336566,0.024674796985650685,0.024674798350366373,0.02467479971448417,0.024674801078004703,0.024674802440928473,0.02467480380325606,0.02467480516498803,0.02467480652612494,0.024674807886667354,0.024674809246615827,0.02467481060597092,0.024674811964733184,0.024674813322903163,0.02467481468048148,0.024674816037468583,0.02467481739386508,0.02467481874967153,0.024674820104888494,0.024674821459516515,0.02467482281355615,0.024674824167007926,0.024674825519872417,0.024674826872150123,0.024674828223841646,0.024674829574947564,0.024674830925468405,0.02467483227540458,0.024674833624756753,0.02467483497352555,0.024674836321711413,0.024674837669314897,0.024674839016336506,0.02467484036277682,0.02467484170863637,0.02467484305391575,0.0246748443986154,0.02467484574273592,0.024674847086277825,0.024674848429241662,0.024674849771627986,0.0246748511134373,0.024674852454670135,0.024674853795327082,0.02467485513540861,0.024674856474915286,0.024674857813847647,0.024674859152206203,0.024674860489991526,0.024674861827204075,0.02467486316384441,0.02467486449991309,0.0246748658354106,0.0246748671703375,0.024674868504694306,0.024674869838481488,0.02467487117169975,0.024674872504349396,0.02467487383643103,0.02467487516794524,0.024674876498892447,0.02467487782927319,0.024674879159088028,0.02467488048833748,0.024674881817022057,0.02467488314514227,0.024674884472698666,0.024674885799691713,0.024674887126122022,0.024674888451990014,0.024674889777296198,0.024674891102041116,0.02467489242622529,0.02467489374984925,0.024674895072913493,0.024674896395418526,0.02467489771736488,0.024674899038752987,0.024674900359583526,0.02467490167985681,0.024674902999573527,0.02467490431873401,0.024674905637338835,0.0246749069553885,0.024674908272883548,0.024674909589824504,0.02467491090621176,0.02467491222204592,0.024674913537327453,0.024674914852056876,0.024674916166234684,0.024674917479861374,0.024674918792937456,0.024674920105463436,0.024674921417439752,0.02467492272886701,0.024674924039745597,0.02467492535007604,0.024674926659858657,0.024674927969094353,0.0246749292777834,0.024674930585926305,0.024674931893523544,0.024674933200575636,0.02467493450708306,0.02467493581304629,0.024674937118465835,0.024674938423342202,0.02467493972767586,0.02467494103146728,0.024674942334717002,0.024674943637425454,0.024674944939593112,0.02467494624122056,0.02467494754230829,0.024674948842856634,0.024674950142866078,0.02467495144233727,0.02467495274127065,0.024674954039666654,0.024674955337525773,0.024674956634848512,0.024674957931635353,0.024674959227886782,0.024674960523603188,0.024674961818785132,0.02467496311343312,0.024674964407547587,0.02467496570112896,0.024674966994177747,0.024674968286694306,0.024674969578679477,0.024674970870133425,0.024674972161056644,0.024674973451449703,0.024674974741313013,0.024674976030647177,0.024674977319452413,0.024674978607729388,0.024674979895478524,0.02467498118270029,0.024674982469395146,0.02467498375556357,0.024674985041206073,0.024674986326323037,0.024674987610914953,0.024674988894982302,0.02467499017852554,0.024674991461545157,0.02467499274404146,0.024674994026015147,0.024674995307466682,0.024674996588396246,0.024674997868804588,0.024674999148692072,0.024675000428059073,0.024675001706906254,0.024675002985233896,0.0246750042630425,0.024675005540332553,0.024675006817104498,0.024675008093358812,0.024675009369095988,0.024675010644316323,0.024675011919020405,0.024675013193208622,0.024675014466881504,0.02467501574003941,0.024675017012682897,0.024675018284812274,0.024675019556428115,0.024675020827530713,0.02467502209812076,0.02467502336819853,0.024675024637764564,0.02467502590681933,0.024675027175363216,0.024675028443396665,0.02467502971092017,0.02467503097793411,0.024675032244439,0.024675033510435224,0.024675034775923244,0.024675036040903518,0.024675037305376485,0.024675038569342583,0.02467503983280227,0.024675041095755995,0.024675042358204197,0.02467504362014725,0.024675044881585555,0.024675046142519728,0.024675047402950116,0.024675048662877175,0.024675049922301198,0.024675051181222856,0.0246750524396425,0.024675053697560553,0.024675054954977516,0.02467505621189369,0.02467505746830947,0.024675058724225554,0.024675059979642165,0.02467506123455978,0.024675062488978824,0.024675063742899683,0.02467506499632289,0.02467506624924889,0.024675067501678027,0.024675068753610783,0.02467507000504755,0.024675071255988775,0.02467507250643492,0.024675073756386348,0.024675075005843577,0.024675076254806933,0.02467507750327685,0.024675078751253784,0.02467507999873818,0.02467508124573043,0.02467508249223095,0.02467508373824017,0.024675084983758543,0.024675086228786464,0.02467508747332436,0.024675088717372645,0.02467508996093177,0.024675091204002117,0.024675092446584116,0.02467509368867817,0.02467509493028474,0.024675096171404218,0.024675097412036946,0.02467509865218354,0.02467509989184418,0.02467510113101948,0.024675102369709802,0.024675103607915524,0.02467510484563706,0.024675106082874813,0.02467510731962928,0.024675108555900768,0.024675109791689704,0.02467511102699654,0.024675112261821685,0.024675113496165524,0.0246751147300284,0.02467511596341086,0.024675117196313334,0.024675118428736098,0.024675119660679676,0.02467512089214436,0.024675122123130687,0.02467512335363891,0.02467512458366949,0.024675125813222874,0.024675127042299433,0.02467512827089963,0.024675129499023767,0.024675130726672302,0.024675131953845644,0.024675133180544158,0.024675134406768353,0.02467513563251855,0.02467513685779514,0.024675138082598556,0.02467513930692919,0.02467514053078744,0.024675141754173683,0.024675142977088338,0.02467514419953178,0.024675145421504494,0.02467514664300685,0.024675147864039085,0.02467514908460175,0.024675150304695206,0.024675151524319854,0.024675152743476068,0.024675153962164253,0.024675155180384798,0.02467515639813811,0.024675157615424638,0.024675158832244654,0.024675160048598613,0.02467516126448671,0.024675162479909717,0.024675163694867896,0.024675164909361485,0.024675166123390952,0.0246751673369567,0.024675168550059124,0.024675169762698596,0.024675170974875482,0.024675172186590214,0.02467517339784316,0.024675174608634703,0.024675175818965236,0.024675177028835055,0.0246751782382447,0.0246751794471945,0.024675180655684883,0.024675181863716096,0.024675183071288586,0.024675184278402755,0.024675185485058985,0.024675186691257636,0.024675187896999105,0.02467518910228374,0.02467519030711193,0.024675191511484205,0.024675192715400716,0.02467519391886193,0.024675195121868238,0.024675196324420015,0.024675197526517475,0.024675198728161277,0.02467519992935153,0.024675201130088913,0.024675202330373545,0.024675203530205896,0.02467520472958641,0.02467520592851542,0.024675207126993243,0.024675208325020306,0.024675209522596928,0.02467521071972365,0.024675211916400652,0.024675213112628255,0.024675214308406954,0.024675215503736983,0.024675216698619152,0.024675217893053276,0.024675219087039946,0.024675220280579658,0.024675221473672505,0.024675222666319045,0.02467522385851959,0.024675225050274745,0.024675226241584466,0.024675227432449265,0.024675228622869565,0.024675229812845714,0.02467523100237802,0.024675232191466927,0.024675233380112863,0.024675234568316034,0.02467523575607687,0.024675236943395757,0.024675238130273024,0.02467523931670905,0.024675240502704223,0.0246752416882588,0.024675242873373263,0.02467524405804785,0.02467524524228303,0.02467524642607916,0.024675247609436495,0.02467524879235549,0.024675249974836482,0.0246752511568798,0.02467525233848585,0.02467525351965492,0.024675254700387415,0.024675255880683696,0.02467525706054408,0.024675258239968918,0.0246752594189586,0.02467526059751357,0.024675261775633964,0.024675262953320256,0.02467526413057285,0.02467526530739208,0.024675266483778262,0.024675267659731614,0.024675268835252635,0.02467527001034164,0.024675271184999004,0.024675272359225068,0.024675273533020133,0.024675274706384618,0.02467527587931889,0.02467527705182324,0.024675278223897996,0.024675279395543464,0.024675280566760164,0.024675281737548346,0.024675282907908342,0.024675284077840438,0.024675285247345066,0.024675286416422602,0.024675287585073338,0.02467528875329764,0.02467528992109583,0.024675291088468266,0.02467529225541523,0.024675293421937167,0.02467529458803422,0.024675295753706868,0.024675296918955595,0.02467529808378059,0.024675299248182132,0.024675300412160754,0.024675301575716575,0.02467530273885008,0.024675303901561568,0.024675305063851384,0.024675306225719843,0.024675307387167247,0.024675308548193917,0.02467530970880037,0.02467531086898681,0.024675312028753584,0.024675313188101015,0.024675314347029454,0.024675315505539242,0.024675316663630705,0.02467531782130414,0.024675318978559964,0.02467532013539841,0.02467532129181989,0.024675322447824735,0.024675323603413225,0.024675324758585748,0.024675325913342584,0.02467532706768409,0.024675328221610653,0.02467532937512248,0.02467533052821998,0.024675331680903433,0.02467533283317326,0.024675333985029673,0.024675335136473037,0.024675336287503687,0.024675337438121992,0.024675338588328256,0.024675339738122793,0.024675340887505934,0.024675342036478008,0.02467534318503932,0.024675344333190213,0.024675345480930998,0.024675346628262044,0.0246753477751836,0.024675348921696042,0.02467535006779968,0.024675351213494824,0.02467535235878181,0.02467535350366103,0.024675354648132683,0.02467535579219712,0.024675356935854712,0.024675358079105748,0.024675359221950535,0.024675360364389415,0.024675361506422713,0.024675362648050727,0.024675363789273763,0.024675364930092213,0.02467536607050631,0.024675367210516382,0.0246753683501228,0.02467536948932584,0.024675370628125835,0.02467537176652308,0.024675372904517937,0.024675374042110662,0.024675375179301597,0.02467537631609105,0.024675377452479347,0.02467537858846679,0.024675379724053696,0.024675380859240363,0.024675381994027128,0.02467538312841429,0.02467538426240219,0.024675385395991106,0.024675386529181362,0.02467538766197329,0.024675388794367138,0.024675389926363263,0.024675391057961956,0.024675392189163557,0.024675393319968358,0.024675394450376642,0.024675395580388764,0.02467539671000501,0.02467539783922566,0.02467539896805108,0.024675400096481535,0.024675401224517356,0.024675402352158798,0.02467540347940621,0.02467540460625992,0.024675405732720174,0.02467540685878735,0.0246754079844617,0.02467540910974353,0.02467541023463316,0.02467541135913088,0.02467541248323698,0.0246754136069518,0.02467541473027564,0.02467541585320877,0.024675416975751513,0.024675418097904186,0.024675419219667056,0.024675420341040415,0.024675421462024606,0.024675422582619913,0.024675423702826636,0.024675424822645075,0.024675425942075505,0.024675427061118256,0.024675428179773626,0.02467542929804189,0.024675430415923356,0.02467543153341834,0.024675432650527105,0.02467543376724999,0.024675434883587255,0.024675435999539194,0.024675437115106124,0.024675438230288345,0.02467543934508612,0.024675440459499758,0.024675441573529567,0.02467544268717581,0.024675443800438818,0.024675444913318877,0.02467544602581628,0.024675447137931312,0.024675448249664268,0.02467544936101544,0.024675450471985126,0.024675451582573584,0.024675452692781145,0.024675453802608122,0.02467545491205472,0.024675456021121277,0.024675457129808093,0.024675458238115434,0.02467545934604362,0.024675460453592913,0.02467546156076362,0.024675462667556027,0.024675463773970424,0.024675464880007082,0.02467546598566627,0.024675467090948314,0.024675468195853527,0.024675469300382138,0.024675470404534453,0.02467547150831075,0.024675472611711248,0.024675473714736346,0.02467547481738639,0.024675475919661443,0.024675477021561934,0.024675478123088117,0.02467547922424028,0.024675480325018716,0.02467548142542365,0.024675482525455417,0.024675483625114358,0.024675484724400627,0.024675485823314587,0.02467548692185649,0.024675488020026684,0.024675489117825335,0.02467549021525278,0.024675491312309294,0.02467549240899515,0.024675493505310637,0.024675494601256058,0.024675495696831654,0.024675496792037732,0.02467549788687453,0.024675498981342383,0.02467550007544152,0.024675501169172245,0.02467550226253481,0.024675503355529538,0.02467550444815668,0.02467550554041649,0.024675506632309243,0.024675507723835338,0.024675508814994845,0.024675509905788137,0.0246755109962155,0.02467551208627707,0.024675513175973364,0.02467551426530452,0.02467551535427095,0.024675516442872726,0.024675517531110185,0.024675518618983563,0.024675519706493173,0.024675520793639355,0.024675521880422293,0.02467552296684231,0.024675524052899668,0.02467552513859463,0.02467552622392746,0.024675527308898403,0.024675528393507846,0.0246755294777559,0.024675530561642896,0.02467553164516907,0.024675532728334768,0.024675533811140217,0.024675534893585684,0.024675535975671507,0.024675537057397806,0.024675538138764937,0.024675539219773158,0.02467554030042273,0.02467554138071391,0.02467554246064693,0.024675543540222177,0.024675544619439823,0.024675545698300147,0.024675546776803427,0.024675547854949905,0.024675548932739946,0.024675550010173648,0.02467555108725135,0.024675552163973314,0.024675553240339813,0.024675554316351087,0.02467555539200743,0.024675556467309078,0.024675557542256296,0.02467555861684936,0.024675559691088537,0.02467556076497406,0.024675561838506214,0.02467556291168526,0.024675563984511432,0.02467556505698501,0.02467556612910625,0.02467556720087541,0.024675568272292808,0.02467556934335859,0.02467557041407306,0.024675571484436484,0.024675572554449122,0.02467557362411123,0.02467557469342306,0.024675575762384872,0.02467557683099692,0.024675577899259483,0.024675578967172783,0.024675580034737087,0.024675581101952664,0.024675582168819758,0.02467558323533868,0.024675584301509627,0.0246755853673328,0.024675586432808486,0.024675587497937055,0.02467558856271862,0.024675589627153497,0.024675590691241877,0.024675591754984048,0.02467559281838024,0.024675593881430827,0.02467559494413576,0.0246755960064957,0.024675597068510607,0.02467559813018095,0.02467559919150684,0.024675600252488633,0.02467560131312637,0.02467560237342048,0.024675603433371177,0.024675604492978655,0.024675605552243254,0.024675606611165166,0.024675607669744613,0.024675608727981867,0.024675609785877177,0.02467561084343081,0.02467561190064298,0.02467561295751397,0.024675614014043924,0.02467561507023325,0.02467561612608214,0.0246756171815908,0.02467561823675952,0.02467561929158851,0.02467562034607804,0.02467562140022836,0.02467562245403968,0.024675623507512255,0.02467562456064635,0.024675625613442217,0.024675626665900074,0.024675627718020156,0.024675628769802723,0.024675629821248025,0.024675630872356316,0.0246756319231278,0.024675632973562747,0.024675634023661398,0.024675635073423994,0.024675636122850748,0.024675637171942086,0.024675638220697935,0.024675639269118713,0.02467564031720464,0.02467564136495596,0.024675642412373047,0.02467564345945583,0.02467564450620472,0.02467564555262001,0.024675646598701844,0.024675647644450495,0.0246756486898662,0.02467564973494923,0.02467565077969971,0.024675651824117975,0.024675652868204296,0.02467565391195888,0.024675654955381817,0.024675655998473694,0.02467565704123456,0.02467565808366457,0.02467565912576407,0.02467566016753316,0.024675661208972223,0.02467566225008135,0.02467566329086098,0.024675664331311138,0.024675665371432114,0.02467566641122423,0.02467566745068754,0.02467566848982245,0.024675669528629103,0.024675670567107844,0.02467567160525886,0.02467567264308235,0.024675673680578564,0.024675674717747717,0.02467567575459006,0.024675676791105786,0.024675677827295173,0.02467567886315835,0.024675679898695735,0.02467568093390725,0.024675681968793575,0.024675683003354636,0.024675684037590746,0.024675685071502102,0.02467568610508897,0.024675687138351575,0.024675688171290133,0.024675689203904852,0.024675690236195976,0.024675691268163782,0.024675692299808417,0.024675693331130153,0.024675694362129245,0.024675695392805872,0.024675696423160254,0.024675697453192633,0.024675698482903234,0.024675699512292305,0.024675700541360035,0.024675701570106692,0.02467570259853256,0.024675703626637718,0.024675704654422412,0.024675705681886925,0.024675706709031495,0.024675707735856336,0.024675708762361658,0.0246757097885477,0.024675710814414664,0.02467571183996279,0.024675712865192313,0.024675713890103427,0.024675714914696393,0.024675715938971395,0.024675716962928734,0.024675717986568493,0.024675719009890965,0.024675720032896403,0.024675721055584993,0.024675722077956964,0.02467572310001255,0.02467572412175196,0.024675725143175436,0.024675726164283138,0.024675727185075356,0.024675728205552274,0.02467572922571413,0.024675730245561127,0.0246757312650935,0.02467573228431144,0.02467573330321533,0.024675734321805025,0.024675735340081068,0.024675736358043574,0.02467573737569273,0.024675738393028834,0.024675739410052033,0.024675740426762557,0.02467574144316066,0.024675742459246513,0.02467574347502037,0.024675744490482352,0.02467574550563288,0.024675746520471973,0.024675747535000053,0.02467574854921707,0.024675749563123316,0.024675750576719092,0.024675751590004697,0.024675752602980196,0.024675753615645765,0.02467575462800168,0.024675755640048206,0.02467575665178547,0.024675757663213758,0.02467575867433327,0.024675759685144218,0.0246757606956468,0.024675761705841223,0.024675762715727717,0.024675763725306582,0.024675764734577825,0.024675765743541793,0.024675766752198708,0.024675767760548768,0.024675768768592142,0.02467576977632905,0.024675770783759696,0.02467577179088431,0.02467577279770315,0.024675773804216313,0.0246757748104241,0.024675775816326677,0.024675776821924286,0.024675777827217124,0.02467577883220539,0.024675779836889313,0.024675780841269094,0.02467578184534497,0.02467578284911708,0.02467578385258569,0.024675784855750987,0.024675785858613186,0.024675786861172437,0.024675787863429055,0.02467578886538317,0.024675789867035003,0.02467579086838478,0.02467579186943271,0.02467579287017896,0.024675793870623776,0.02467579487076733,0.024675795870609866,0.02467579687015157,0.024675797869392637,0.024675798868333296,0.024675799866973724,0.024675800865314138,0.024675801863354784,0.024675802861095775,0.024675803858537394,0.024675804855679818,0.02467580585252324,0.02467580684906788,0.024675807845313945,0.024675808841261616,0.024675809836911124,0.024675810832262626,0.02467581182731636,0.024675812822072533,0.024675813816531333,0.024675814810692972,0.024675815804557636,0.02467581679812553,0.024675817791396867,0.02467581878437184,0.024675819777050648,0.024675820769433476,0.024675821761520562,0.024675822753312072,0.024675823744808284,0.024675824736009266,0.024675825726915315,0.024675826717526668,0.024675827707843392,0.024675828697865734,0.024675829687593912,0.02467583067702817,0.024675831666168577,0.024675832655015457,0.024675833643568956,0.024675834631829093,0.02467583561979638,0.02467583660747093,0.02467583759485288,0.02467583858194247,0.02467583956873986,0.024675840555245215,0.0246758415414588,0.024675842527380788,0.02467584351301138,0.024675844498350752,0.024675845483399128,0.024675846468156678,0.02467584745262363,0.02467584843680015,0.024675849420686447,0.02467585040428269,0.024675851387589064,0.02467585237060583,0.024675853353333135,0.02467585433577124,0.024675855317920235,0.024675856299780335,0.02467585728135176,0.024675858262634687,0.024675859243629326,0.02467586022433587,0.024675861204754505,0.024675862184885416,0.0246758631647288,0.024675864144284864,0.024675865123553818,0.02467586610253581,0.02467586708123103,0.024675868059639675,0.024675869037761974,0.024675870015598088,0.024675870993148205,0.02467587197041249,0.024675872947391167,0.024675873924084404,0.02467587490049243,0.024675875876615412,0.024675876852453555,0.02467587782800702,0.024675878803276003,0.024675879778260693,0.02467588075296129,0.024675881727377988,0.024675882701510953,0.02467588367536039,0.024675884648926488,0.02467588562220941,0.02467588659520938,0.02467588756792657,0.024675888540361155,0.024675889512513347,0.024675890484383324,0.024675891455971263,0.024675892427277354,0.02467589339830179,0.024675894369044743,0.024675895339506416,0.02467589630968701,0.024675897279586675,0.024675898249205568,0.024675899218543944,0.02467590018760194,0.024675901156379763,0.024675902124877618,0.02467590309309567,0.024675904061034055,0.024675905028693018,0.02467590599607273,0.02467590696317338,0.02467590792999515,0.024675908896538222,0.02467590986280277,0.024675910828788977,0.024675911794497036,0.02467591275992711,0.0246759137250794,0.024675914689954077,0.02467591565455128,0.024675916618871332,0.024675917582914406,0.024675918546680487,0.02467591951016988,0.02467592047338277,0.024675921436319276,0.02467592239897966,0.024675923361364076,0.024675924323472705,0.02467592528530573,0.024675926246863322,0.02467592720814567,0.024675928169152875,0.02467592912988526,0.024675930090342926,0.024675931050526068,0.024675932010434852,0.024675932970069467,0.024675933929430096,0.024675934888516896,0.024675935847330067,0.024675936805869787,0.024675937764136225,0.024675938722129555,0.02467593967984996,0.02467594063729762,0.024675941594472704,0.024675942551375413,0.024675943508005893,0.02467594446436442,0.02467594542045114,0.024675946376266085,0.024675947331809472,0.024675948287081494,0.024675949242082402,0.02467595019681236,0.02467595115127148,0.024675952105459996,0.024675953059378055,0.024675954013025837,0.024675954966403478,0.02467595591951124,0.02467595687234925,0.024675957824917674,0.024675958777216702,0.0246759597292465,0.02467596068100726,0.024675961632499122,0.02467596258372228,0.024675963534676916,0.024675964485363258,0.024675965435781343,0.024675966385931423,0.024675967335813665,0.024675968285428226,0.024675969234775306,0.024675970183855048,0.02467597113266775,0.024675972081213374,0.024675973029492208,0.02467597397750438,0.024675974925250116,0.024675975872729582,0.024675976819942918,0.024675977766890293,0.024675978713571904,0.024675979659987912,0.024675980606138487,0.024675981552023815,0.024675982497644015,0.024675983442999327,0.024675984388089846,0.024675985332915814,0.024675986277477354,0.024675987221774647,0.02467598816580787,0.024675989109577176,0.024675990053082783,0.02467599099632481,0.02467599193930341,0.024675992882018806,0.02467599382447114,0.024675994766660568,0.024675995708587292,0.02467599665025144,0.024675997591653207,0.024675998532792745,0.02467599947367024,0.024676000414285845,0.024676001354639713,0.02467600229473204,0.024676003234562992,0.024676004174132734,0.0246760051134414,0.02467600605248919,0.024676006991276266,0.02467600792980278,0.02467600886806891,0.024676009806074838,0.024676010743820684,0.024676011681306637,0.024676012618532882,0.024676013555499546,0.024676014492206827,0.024676015428654868,0.024676016364843862,0.024676017300773935,0.024676018236445274,0.024676019171858056,0.02467602010701242,0.024676021041908528,0.024676021976546583,0.02467602291092669,0.024676023845049064,0.024676024778913834,0.02467602571252118,0.024676026645871277,0.02467602757896426,0.024676028511800303,0.024676029444379587,0.024676030376702244,0.024676031308768446,0.024676032240578346,0.02467603317213213,0.024676034103429945,0.024676035034471962,0.02467603596525835,0.024676036895789243,0.02467603782606481,0.024676038756085213,0.024676039685850623,0.02467604061536121,0.024676041544617104,0.02467604247361848,0.024676043402365514,0.02467604433085833,0.02467604525909711,0.024676046187082024,0.024676047114813186,0.024676048042290833,0.024676048969515064,0.024676049896486058,0.02467605082320398,0.024676051749668977,0.0246760526758812,0.024676053601840827,0.024676054527548005,0.024676055453002905,0.024676056378205666,0.024676057303156456,0.02467605822785546,0.024676059152302792,0.024676060076498602,0.024676061000443082,0.024676061924136395,0.02467606284757866,0.024676063770770078,0.024676064693710763,0.02467606561640091,0.02467606653884065,0.024676067461030148,0.02467606838296956,0.024676069304659043,0.02467607022609875,0.02467607114728884,0.024676072068229495,0.024676072988920807,0.024676073909362977,0.02467607482955616,0.02467607574950048,0.024676076669196124,0.024676077588643163,0.02467607850784191,0.024676079426792424,0.02467608034549489,0.024676081263949427,0.024676082182156205,0.02467608310011538,0.0246760840178271,0.024676084935291515,0.02467608585250884,0.024676086769479123,0.02467608768620258,0.02467608860267934,0.024676089518909573,0.024676090434893428,0.024676091350631032,0.02467609226612258,0.02467609318136822,0.024676094096368083,0.024676095011122324,0.0246760959256311,0.02467609683989459,0.024676097753912905,0.024676098667686226,0.02467609958121468,0.024676100494498414,0.024676101407537558,0.024676102320332335,0.02467610323288287,0.024676104145189278,0.024676105057251724,0.0246761059690704,0.02467610688064541,0.02467610779197693,0.02467610870306512,0.024676109613910067,0.024676110524511984,0.024676111434871063,0.024676112344987317,0.024676113254861128,0.024676114164492332,0.024676115073881236,0.024676115983027984,0.024676116891932703,0.024676117800595573,0.024676118709016755,0.024676119617196374,0.02467612052513457,0.024676121432831464,0.024676122340287272,0.02467612324750213,0.024676124154476155,0.024676125061209513,0.024676125967702345,0.02467612687395481,0.024676127779967034,0.024676128685739176,0.024676129591271263,0.02467613049656368,0.024676131401616442,0.024676132306429704,0.02467613321100361,0.024676134115338335,0.02467613501943399,0.02467613592329075,0.024676136826908713,0.024676137730288074,0.024676138633428962,0.02467613953633151,0.02467614043899588,0.02467614134142206,0.02467614224361052,0.02467614314556119,0.024676144047274282,0.02467614494875,0.024676145849988267,0.024676146750989423,0.024676147651753542,0.024676148552280817,0.02467614945257131,0.02467615035262524,0.0246761512524427,0.02467615215202396,0.024676153051368947,0.024676153950477946,0.024676154849351054,0.02467615574798843,0.02467615664639022,0.02467615754455655,0.024676158442487578,0.024676159340183437,0.02467616023764435,0.024676161134870405,0.024676162031861636,0.02467616292861838,0.024676163825140714,0.024676164721428567,0.024676165617482294,0.024676166513301984,0.024676167408887797,0.024676168304239864,0.02467616919935834,0.024676170094243347,0.02467617098889504,0.024676171883313554,0.024676172777499186,0.02467617367145178,0.024676174565171616,0.02467617545865886,0.02467617635191368,0.024676177244936096,0.024676178137726396,0.024676179030284538,0.02467617992261085,0.024676180814705302,0.02467618170656814,0.02467618259819953,0.0246761834895995,0.02467618438076825,0.024676185271705908,0.024676186162412645,0.024676187052888605,0.02467618794313387,0.024676188833148597,0.024676189722932958,0.024676190612487058,0.024676191501811127,0.024676192390905145,0.02467619327976933,0.02467619416840381,0.02467619505680875,0.02467619594498426,0.024676196832930545,0.02467619772064761,0.02467619860813567,0.024676199495394856,0.0246762003824253,0.024676201269227167,0.02467620215580056,0.024676203042145618,0.024676203928262475,0.024676204814151302,0.024676205699812288,0.02467620658524541,0.024676207470450896,0.02467620835542901,0.024676209240179707,0.024676210124703047,0.024676211008999385,0.024676211893068567,0.024676212776911028,0.024676213660526806,0.024676214543916133,0.024676215427079016,0.02467621631001548,0.024676217192725787,0.024676218075210136,0.024676218957468535,0.02467621983950117,0.0246762207213083,0.02467622160288982,0.02467622248424601,0.024676223365376962,0.024676224246282883,0.024676225126963793,0.02467622600741991,0.024676226887651333,0.024676227767658203,0.02467622864744066,0.024676229526998824,0.02467623040633282,0.024676231285442798,0.024676232164328894,0.024676233042991266,0.024676233921429973,0.024676234799645192,0.02467623567763705,0.0246762365554057,0.024676237432951376,0.024676238310273966,0.024676239187373723,0.024676240064250763,0.024676240940905248,0.024676241817337297,0.02467624269354703,0.024676243569534573,0.02467624444530007,0.02467624532084368,0.024676246196165503,0.02467624707126567,0.02467624794614431,0.024676248820801508,0.02467624969523751,0.02467625056945235,0.024676251443446224,0.024676252317219212,0.024676253190771453,0.02467625406410309,0.024676254937214242,0.024676255810105026,0.024676256682775594,0.024676257555226077,0.024676258427456615,0.02467625929946729,0.024676260171258416,0.024676261042829817,0.02467626191418178,0.024676262785314398,0.024676263656227847,0.024676264526922228,0.024676265397397666,0.024676266267654307,0.024676267137692262,0.024676268007511715,0.024676268877112703,0.024676269746495397,0.024676270615659912,0.024676271484606355,0.024676272353334913,0.024676273221845745,0.024676274090138884,0.024676274958214475,0.024676275826072673,0.02467627669371358,0.02467627756113738,0.02467627842834405,0.024676279295333888,0.02467628016210683,0.024676281028663226,0.02467628189500311,0.024676282761126534,0.02467628362703375,0.024676284492724836,0.024676285358199913,0.02467628622345911,0.02467628708850255,0.02467628795333032,0.0246762888179426,0.02467628968233948,0.02467629054652107,0.02467629141048754,0.024676292274238943,0.024676293137775484,0.02467629400109727,0.02467629486420443,0.02467629572709709,0.024676296589775347,0.024676297452239346,0.02467629831448919,0.024676299176525064,0.024676300038347008,0.02467630089995517,0.024676301761349727,0.024676302622530736,0.024676303483498318,0.024676304344252626,0.024676305204793792,0.024676306065121948,0.024676306925237167,0.02467630778513957,0.024676308644829385,0.0246763095043066,0.024676310363571388,0.024676311222623887,0.02467631208146432,0.024676312940092593,0.024676313798508934,0.024676314656713508,0.024676315514706382,0.024676316372487704,0.024676317230057598,0.024676318087416153,0.02467631894456353,0.024676319801499813,0.02467632065822516,0.024676321514739682,0.024676322371043467,0.02467632322713668,0.024676324083019417,0.02467632493869184,0.024676325794154002,0.024676326649406062,0.024676327504448134,0.024676328359280335,0.024676329213902812,0.024676330068315627,0.024676330922518957,0.024676331776512926,0.024676332630297584,0.024676333483873138,0.02467633433723965,0.024676335190397268,0.024676336043346094,0.024676336896086223,0.02467633774861776,0.024676338600940942,0.024676339453055824,0.024676340304962567,0.024676341156661154,0.02467634200815186,0.02467634285943466,0.024676343710509748,0.02467634456137716,0.02467634541203718,0.02467634626248986,0.024676347112735374,0.024676347962773668,0.02467634881260495,0.024676349662229313,0.024676350511646926,0.02467635136085792,0.024676352209862355,0.024676353058660453,0.024676353907252174,0.02467635475563771,0.0246763556038172,0.024676356451790723,0.024676357299558412,0.02467635814712041,0.024676358994476778,0.024676359841627676,0.0246763606885732,0.024676361535313496,0.024676362381848643,0.024676363228178785,0.02467636407430406,0.024676364920224524,0.024676365765940237,0.024676366611451474,0.024676367456758278,0.024676368301860756,0.024676369146759032,0.024676369991453204,0.02467637083594342,0.02467637168022979,0.024676372524312474,0.024676373368191475,0.024676374211867004,0.024676375055339084,0.02467637589860786,0.02467637674167349,0.02467637758453607,0.024676378427195698,0.024676379269652503,0.024676380111906693,0.024676380953958202,0.02467638179580724,0.024676382637453958,0.02467638347889844,0.02467638432014071,0.024676385161180953,0.02467638600201928,0.02467638684265582,0.024676387683090658,0.024676388523323926,0.024676389363355818,0.024676390203186294,0.024676391042815608,0.02467639188224373,0.024676392721470923,0.024676393560497136,0.02467639439932258,0.024676395237947357,0.02467639607637159,0.024676396914595368,0.02467639775261882,0.024676398590442128,0.024676399428065255,0.024676400265488386,0.024676401102711645,0.02467640193973512,0.024676402776559022,0.0246764036131833,0.02467640444960815,0.024676405285833578,0.02467640612185995,0.024676406957687084,0.024676407793315314,0.024676408628744644,0.024676409463975223,0.024676410299007145,0.024676411133840535,0.02467641196847548,0.024676412802912173,0.024676413637150653,0.024676414471190868,0.024676415305033186,0.02467641613867761,0.024676416972124263,0.024676417805373205,0.024676418638424655,0.024676419471278653,0.02467642030393534,0.024676421136394792,0.024676421968657145,0.02467642280072248,0.02467642363259093,0.024676424464262586,0.02467642529573752,0.02467642612701595,0.024676426958097932,0.024676427788983633,0.024676428619673015,0.02467642945016629,0.024676430280463447,0.024676431110564775,0.0246764319404703,0.024676432770180147,0.02467643359969447,0.024676434429013388,0.02467643525813672,0.02467643608706486,0.024676436915797843,0.024676437744335797,0.0246764385726788,0.024676439400826984,0.02467644022878037,0.024676441056539218,0.024676441884103506,0.024676442711473446,0.02467644353864907,0.02467644436563053,0.024676445192417924,0.024676446019011346,0.024676446845410913,0.024676447671616624,0.024676448497628775,0.024676449323447393,0.02467645014907256,0.024676450974504383,0.024676451799743,0.02467645262478851,0.024676453449641252,0.024676454274300846,0.024676455098767647,0.024676455923041744,0.024676456747123262,0.024676457571012268,0.024676458394708913,0.02467645921821331,0.02467646004152554,0.02467646086464572,0.024676461687573925,0.024676462510310315,0.024676463332854958,0.024676464155207963,0.024676464977369438,0.024676465799339495,0.02467646662111818,0.024676467442705664,0.024676468264102,0.024676469085307417,0.024676469906321902,0.024676470727145558,0.024676471547778564,0.02467647236822098,0.02467647318847292,0.02467647400853447,0.02467647482840575,0.024676475648086848,0.024676476467577896,0.02467647728687897,0.02467647810599018,0.02467647892491164,0.024676479743643436,0.024676480562185715,0.024676481380538514,0.024676482198701985,0.02467648301667622,0.024676483834461492,0.024676484652057556,0.024676485469464687,0.02467648628668312,0.024676487103712695,0.02467648792055364,0.02467648873720608,0.024676489553670085,0.024676490369945788,0.02467649118603327,0.024676492001932657,0.02467649281764402,0.024676493633167478,0.02467649444850312,0.02467649526365109,0.02467649607861169,0.024676496893384532,0.024676497707969973,0.02467649852236815,0.024676499336579328,0.024676500150603208,0.024676500964440108,0.024676501778090113,0.024676502591553327,0.024676503404829978,0.02467650421791991,0.02467650503082337,0.024676505843540447,0.024676506656071243,0.02467650746841586,0.02467650828057439,0.024676509092546952,0.024676509904333777,0.024676510715934664,0.024676511527349877,0.024676512338579516,0.024676513149623675,0.024676513960482455,0.024676514771155955,0.02467651558164427,0.02467651639194748,0.024676517202065745,0.02467651801199913,0.02467651882174773,0.024676519631311653,0.024676520440691005,0.024676521249885865,0.02467652205889631,0.02467652286772252,0.02467652367636453,0.024676524484822514,0.02467652529309646,0.024676526101186504,0.024676526909092895,0.024676527716815458,0.02467652852435445,0.02467652933170994,0.02467653013888204,0.02467653094587088,0.02467653175267657,0.024676532559299073,0.02467653336573859,0.024676534171995203,0.024676534978069,0.024676535783960098,0.024676536589668598,0.024676537395194584,0.02467653820053816,0.024676539005699393,0.024676539810678442,0.024676540615475376,0.024676541420090237,0.024676542224523205,0.024676543028774357,0.024676543832843765,0.024676544636731558,0.02467654544043779,0.024676546243962604,0.024676547047306072,0.02467654785046828,0.02467654865344936,0.02467654945624935,0.024676550258868425,0.024676551061306642,0.024676551863564062,0.024676552665640842,0.02467655346753704,0.02467655426925276,0.02467655507078811,0.024676555872143173,0.02467655667331804,0.024676557474312848,0.024676558275127634,0.024676559075762536,0.02467655987621764,0.024676560676493008,0.024676561476588765,0.024676562276504985,0.024676563076241817,0.024676563875799317,0.024676564675177592,0.024676565474376664,0.024676566273396764,0.0246765670722379,0.024676567870900216,0.024676568669383756,0.024676569467688637,0.024676570265814945,0.024676571063762802,0.024676571861532222,0.024676572659123406,0.024676573456536347,0.024676574253771254,0.024676575050828146,0.02467657584770715,0.024676576644408334,0.024676577440931845,0.024676578237277553,0.02467657903344577,0.024676579829436645,0.024676580625250168,0.024676581420886433,0.02467658221634555,0.024676583011627624,0.024676583806732648,0.024676584601660875,0.024676585396412327,0.024676586190987067,0.0246765869853852,0.024676587779606855,0.024676588573652167,0.024676589367521092,0.02467659016121387,0.024676590954730425,0.02467659174807096,0.024676592541235526,0.024676593334224242,0.024676594127037203,0.0246765949196745,0.024676595712136224,0.02467659650442239,0.024676597296533233,0.024676598088468768,0.024676598880229033,0.024676599671814212,0.024676600463224327,0.024676601254459595,0.024676602045519986,0.024676602836405607,0.024676603627116617,0.024676604417653077,0.024676605208015134,0.024676605998202743,0.024676606788215975,0.02467660757805508,0.02467660836772008,0.024676609157211003,0.024676609946528066,0.02467661073567127,0.02467661152464067,0.024676612313436472,0.024676613102058754,0.024676613890507508,0.02467661467878288,0.02467661546688498,0.02467661625481387,0.024676617042569658,0.024676617830152403,0.024676618617562228,0.024676619404799194,0.024676620191863518,0.024676620978755056,0.024676621765474062,0.024676622552020612,0.024676623338394696,0.02467662412459652,0.02467662491062629,0.024676625696483812,0.02467662648216924,0.024676627267682768,0.024676628053024435,0.024676628838194284,0.024676629623192517,0.024676630408019175,0.024676631192674315,0.024676631977158157,0.02467663276147056,0.02467663354561177,0.024676634329581813,0.024676635113380738,0.024676635897008938,0.024676636680466105,0.024676637463752475,0.02467663824686816,0.02467663902981322,0.024676639812587775,0.024676640595191895,0.024676641377625815,0.02467664215988936,0.024676642941982706,0.02467664372390591,0.024676644505659172,0.024676645287242525,0.02467664606865608,0.02467664684989985,0.024676647630974036,0.024676648411878672,0.024676649192613833,0.024676649973179622,0.024676650753576067,0.02467665153380332,0.024676652313861503,0.024676653093750646,0.024676653873470854,0.024676654653022174,0.024676655432404764,0.02467665621161875,0.024676656990664063,0.02467665776954082,0.02467665854824912,0.024676659326789165,0.02467666010516092,0.02467666088336466,0.024676661661400215,0.024676662439267787,0.024676663216967473,0.02467666399449932,0.024676664771863466,0.02467666554906004,0.024676666326088906,0.02467666710295026,0.024676667879644256,0.02467666865617103,0.02467666943253061,0.024676670208723054,0.024676670984748385,0.024676671760606835,0.02467667253629832,0.02467667331182302,0.024676674087181136,0.024676674862372627,0.024676675637397585,0.024676676412256095,0.024676677186948215,0.024676677961474106,0.024676678735833776,0.024676679510027357,0.024676680284054932,0.024676681057916552,0.02467668183161238,0.024676682605142303,0.02467668337850664,0.024676684151705385,0.024676684924738627,0.024676685697606355,0.0246766864703088,0.024676687242846013,0.024676688015218072,0.024676688787425023,0.02467668955946703,0.024676690331343995,0.024676691103056172,0.024676691874603654,0.024676692645986414,0.024676693417204573,0.02467669418825826,0.024676694959147507,0.02467669572987244,0.024676696500433137,0.02467669727082966,0.024676698041062168,0.02467669881113062,0.024676699581035123,0.024676700350775783,0.024676701120352758,0.024676701889766017,0.02467670265901575,0.024676703428101885,0.024676704197024637,0.02467670496578406,0.024676705734380255,0.024676706502813256,0.02467670727108322,0.024676708039190122,0.024676708807134167,0.0246767095749153,0.02467671034253373,0.024676711109989508,0.024676711877282622,0.02467671264441322,0.024676713411381408,0.024676714178187228,0.02467671494483085,0.024676715711312233,0.024676716477631522,0.02467671724378879,0.024676718009784177,0.02467671877561764,0.024676719541289346,0.024676720306799387,0.024676721072147783,0.02467672183733467,0.024676722602360035,0.024676723367224034,0.024676724131926817,0.024676724896468386,0.02467672566084883,0.024676726425068317,0.024676727189126807,0.024676727953024377,0.02467672871676114,0.024676729480337202,0.024676730243752616,0.024676731007007496,0.02467673177010189,0.024676732533035886,0.024676733295809567,0.024676734058423022,0.024676734820876452,0.02467673558316968,0.024676736345302912,0.024676737107276223,0.024676737869089724,0.024676738630743447,0.02467673939223753,0.024676740153572005,0.024676740914746982,0.024676741675762524,0.024676742436618708,0.02467674319731562,0.02467674395785333,0.024676744718231936,0.024676745478451532,0.024676746238512234,0.024676746998413986,0.024676747758156942,0.024676748517741195,0.02467674927716681,0.024676750036433902,0.024676750795542473,0.024676751554492695,0.024676752313284547,0.024676753071918182,0.024676753830393614,0.02467675458871098,0.024676755346870364,0.024676756104871814,0.02467675686271542,0.024676757620401238,0.024676758377929313,0.024676759135299847,0.02467675989251285,0.024676760649568422,0.024676761406466612,0.02467676216320749,0.024676762919791175,0.024676763676217742,0.024676764432487227,0.024676765188599733,0.024676765944555357,0.02467676670035411,0.024676767455996118,0.024676768211481456,0.024676768966810175,0.02467676972198239,0.02467677047699817,0.024676771231857592,0.024676771986560736,0.024676772741107682,0.024676773495498447,0.0246767742497332,0.024676775003811994,0.024676775757734876,0.024676776511501942,0.024676777265113272,0.024676778018568945,0.02467677877186902,0.02467677952501359,0.02467678027800271,0.024676781030836502,0.024676781783514984,0.024676782536038288,0.024676783288406508,0.02467678404061962,0.02467678479267777,0.02467678554458101,0.024676786296329432,0.024676787047923122,0.024676787799362138,0.02467678855064656,0.02467678930177647,0.024676790052751894,0.024676790803573,0.02467679155423982,0.024676792304752407,0.024676793055110897,0.024676793805315324,0.02467679455536575,0.024676795305262254,0.024676796055004946,0.024676796804593837,0.0246767975540291,0.024676798303310758,0.024676799052438907,0.02467679980141358,0.024676800550234867,0.024676801298902862,0.02467680204741762,0.024676802795779218,0.024676803543987776,0.02467680429204328,0.02467680503994589,0.024676805787695655,0.024676806535292615,0.02467680728273691,0.02467680803002854,0.024676808777167564,0.024676809524154197,0.02467681027098842,0.024676811017670313,0.02467681176419997,0.024676812510577434,0.02467681325680281,0.024676814002876173,0.02467681474879756,0.024676815494567052,0.024676816240184692,0.02467681698565064,0.024676817730964952,0.024676818476127665,0.024676819221138818,0.024676819965998638,0.024676820710707065,0.024676821455264165,0.024676822199670028,0.024676822943924794,0.02467682368802846,0.024676824431981173,0.024676825175782957,0.024676825919433907,0.024676826662934068,0.024676827406283533,0.02467682814948234,0.024676828892530662,0.024676829635428468,0.02467683037817588,0.024676831120772933,0.024676831863219745,0.02467683260551637,0.024676833347662862,0.024676834089659296,0.024676834831505807,0.024676835573202383,0.02467683631474915,0.024676837056146136,0.024676837797393495,0.02467683853849123,0.02467683927943945,0.02467684002023822,0.024676840760887584,0.024676841501387655,0.024676842241738477,0.024676842981940117,0.02467684372199267,0.024676844461896188,0.02467684520165078,0.02467684594125654,0.02467684668071343,0.024676847420021564,0.024676848159181024,0.024676848898191918,0.0246768496370543,0.024676850375768226,0.024676851114333737,0.024676851852751078,0.024676852591020003,0.02467685332914086,0.024676854067113625,0.02467685480493837,0.024676855542615152,0.024676856280144075,0.024676857017525256,0.024676857754758637,0.024676858491844346,0.02467685922878245,0.024676859965573037,0.024676860702216193,0.02467686143871201,0.024676862175060477,0.02467686291126172,0.024676863647315753,0.02467686438322272,0.024676865118982774,0.02467686585459576,0.024676866590061883,0.0246768673253812,0.02467686806055377,0.024676868795579666,0.024676869530459,0.02467687026519186,0.02467687099977828,0.02467687173421819,0.024676872468511767,0.024676873202659124,0.024676873936660296,0.02467687467051536,0.024676875404224387,0.02467687613778752,0.02467687687120467,0.024676877604476066,0.024676878337601668,0.024676879070581557,0.024676879803415833,0.024676880536104548,0.024676881268647834,0.02467688200104567,0.024676882733298162,0.02467688346540546,0.024676884197367494,0.024676884929184385,0.024676885660856306,0.024676886392383152,0.02467688712376513,0.024676887855002175,0.02467688858609446,0.02467688931704206,0.024676890047844974,0.024676890778503362,0.02467689150901728,0.024676892239386728,0.02467689296961171,0.02467689369969248,0.024676894429629004,0.02467689515942127,0.024676895889069513,0.024676896618573706,0.024676897347933963,0.024676898077150303,0.024676898806222775,0.024676899535151526,0.024676900263936673,0.024676900992578122,0.02467690172107605,0.024676902449430518,0.02467690317764155,0.024676903905709202,0.024676904633633635,0.024676905361414817,0.024676906089052875,0.024676906816547887,0.02467690754389987,0.024676908271108952,0.024676908998175137,0.02467690972509849,0.024676910451879107,0.024676911178517124,0.024676911905012474,0.024676912631365348,0.02467691335757576,0.024676914083643853,0.024676914809569513,0.024676915535352895,0.02467691626099417,0.024676916986493262,0.024676917711850266,0.024676918437065293,0.024676919162138444,0.02467691988706978,0.024676920611859277,0.02467692133650707,0.02467692206101319,0.024676922785377663,0.024676923509600796,0.024676924233682354,0.024676924957622557,0.02467692568142141,0.024676926405079017,0.024676927128595406,0.02467692785197066,0.024676928575204902,0.024676929298298098,0.024676930021250428,0.024676930744061857,0.024676931466732572,0.024676932189262524,0.02467693291165179,0.02467693363390047,0.024676934356008613,0.02467693507797634,0.024676935799803654,0.024676936521490715,0.024676937243037402,0.02467693796444397,0.024676938685710328,0.024676939406836667,0.024676940127823038,0.024676940848669407,0.024676941569375936,0.02467694228994267,0.024676943010369688,0.024676943730657097,0.024676944450804802,0.024676945170812998,0.02467694589068174,0.02467694661041101,0.02467694733000101,0.024676948049451763,0.02467694876876323,0.0246769494879356,0.024676950206968834,0.02467695092586304,0.024676951644618323,0.02467695236323482,0.02467695308171238,0.024676953800051186,0.02467695451825144,0.024676955236313004,0.024676955954235958,0.024676956672020436,0.02467695738966649,0.024676958107174157,0.024676958824543516,0.024676959541774603,0.02467696025886755,0.02467696097582241,0.02467696169263919,0.024676962409317972,0.024676963125858892,0.024676963842261906,0.024676964558527165,0.024676965274654707,0.02467696599064458,0.024676966706496897,0.024676967422211697,0.024676968137788975,0.024676968853228832,0.02467696956853135,0.024676970283696597,0.024676970998724613,0.02467697171361555,0.024676972428369363,0.024676973142986138,0.024676973857465954,0.024676974571808882,0.024676975286015045,0.02467697600008442,0.024676976714017078,0.024676977427813104,0.024676978141472503,0.0246769788549954,0.024676979568381843,0.02467698028163191,0.024676980994745676,0.02467698170772316,0.024676982420564465,0.024676983133269617,0.024676983845838663,0.02467698455827174,0.024676985270568896,0.02467698598273016,0.024676986694755577,0.024676987406645246,0.02467698811839923,0.024676988830017586,0.02467698954150037,0.02467699025284764,0.024676990964059453,0.024676991675135908,0.02467699238607703,0.024676993096882937,0.024676993807553615,0.024676994518089166,0.024676995228489648,0.024676995938755088,0.024676996648885643,0.02467699735888132,0.02467699806874217,0.024676998778468254,0.02467699948805963,0.024677000197516327,0.024677000906838515,0.02467700161602619,0.024677002325079442,0.024677003033998286,0.024677003742782803,0.024677004451433057,0.0246770051599491,0.024677005868330996,0.02467700657657881,0.024677007284692628,0.024677007992672504,0.024677008700518477,0.024677009408230633,0.024677010115808997,0.024677010823253662,0.024677011530564705,0.024677012237742095,0.024677012944786005,0.02467701365169646,0.024677014358473488,0.024677015065117196,0.024677015771627633,0.024677016478004826,0.024677017184248855,0.0246770178903598,0.024677018596337745,0.024677019302182725,0.024677020007894748,0.024677020713473934,0.02467702141892033,0.024677022124234005,0.024677022829414974,0.02467702353446336,0.024677024239379192,0.024677024944162563,0.0246770256488135,0.024677026353332073,0.024677027057718286,0.024677027761972246,0.02467702846609408,0.024677029170083752,0.024677029873941367,0.02467703057766698,0.024677031281260645,0.02467703198472239,0.02467703268805233,0.024677033391250495,0.02467703409431698,0.0246770347972518,0.02467703550005504,0.024677036202726748,0.024677036905267128,0.024677037607675964,0.024677038309953575,0.024677039012099805,0.024677039714114755,0.024677040415998594,0.024677041117751288,0.02467704181937295,0.02467704252086363,0.024677043222223426,0.024677043923452505,0.024677044624550556,0.02467704532551786,0.02467704602635446,0.024677046727060493,0.024677047427635896,0.024677048128080793,0.02467704882839528,0.02467704952857925,0.024677050228632966,0.024677050928556408,0.024677051628349614,0.02467705232801271,0.02467705302754568,0.024677053726948554,0.02467705442622152,0.024677055125364528,0.02467705582437767,0.024677056523261014,0.024677057222014624,0.024677057920638526,0.024677058619132792,0.024677059317497474,0.024677060015732655,0.02467706071383838,0.024677061411814725,0.02467706210966171,0.02467706280737945,0.02467706350496794,0.024677064202427296,0.024677064899757507,0.024677065596958654,0.024677066294030846,0.024677066990974127,0.024677067687788507,0.024677068384474095,0.024677069081030914,0.024677069777459034,0.024677070473758504,0.024677071169929402,0.02467707186597177,0.02467707256188569,0.024677073257671198,0.024677073953328355,0.02467707464885723,0.024677075344257848,0.024677076039530278,0.024677076734674626,0.024677077429690875,0.02467707812457912,0.024677078819339424,0.02467707951397187,0.02467708020847644,0.024677080902853244,0.024677081597102326,0.024677082291223736,0.024677082985217536,0.0246770836790838,0.024677084372822577,0.024677085066433905,0.02467708575991788,0.024677086453274547,0.024677087146503945,0.024677087839606128,0.024677088532581184,0.024677089225429143,0.02467708991815006,0.024677090610743982,0.024677091303210944,0.02467709199555109,0.02467709268776444,0.024677093379851064,0.024677094071810957,0.024677094763644214,0.024677095455350913,0.024677096146931057,0.024677096838384743,0.024677097529712016,0.02467709822091294,0.024677098911987577,0.024677099602935966,0.024677100293758154,0.024677100984454206,0.024677101675024186,0.024677102365468193,0.024677103055786194,0.024677103745978302,0.024677104436044556,0.02467710512598504,0.02467710581579985,0.024677106505488915,0.024677107195052388,0.02467710788449022,0.024677108573802575,0.024677109262989525,0.024677109952051038,0.024677110640987175,0.02467711132979803,0.02467711201848366,0.024677112707044112,0.024677113395479414,0.02467711408378969,0.024677114771974984,0.024677115460035252,0.024677116147970603,0.02467711683578113,0.024677117523466897,0.024677118211027912,0.02467711889846422,0.024677119585775894,0.024677120272963007,0.024677120960025594,0.024677121646963805,0.024677122333777543,0.024677123020466842,0.024677123707032008,0.0246771243934729,0.02467712507978958,0.02467712576598213,0.024677126452050575,0.024677127137995015,0.024677127823815582,0.024677128509512133,0.024677129195084854,0.0246771298805338,0.024677130565859018,0.024677131251060497,0.024677131936138328,0.024677132621092508,0.024677133305923228,0.02467713399063037,0.024677134675214225,0.024677135359674685,0.024677136044011876,0.024677136728225784,0.024677137412316492,0.024677138096284038,0.024677138780128505,0.024677139463849914,0.02467714014744834,0.024677140830923854,0.02467714151427646,0.024677142197506257,0.024677142880613276,0.02467714356359758,0.02467714424645924,0.024677144929198237,0.02467714561181471,0.024677146294308696,0.024677146976680244,0.024677147658929387,0.024677148341056197,0.024677149023060715,0.024677149704943044,0.024677150386703175,0.024677151068341254,0.024677151749857226,0.024677152431251133,0.024677153112523074,0.024677153793673,0.024677154474701177,0.024677155155607543,0.024677155836392163,0.02467715651705509,0.0246771571975964,0.02467715787801609,0.024677158558314236,0.024677159238490932,0.02467715991854617,0.024677160598480033,0.024677161278292555,0.024677161957983827,0.02467716263755385,0.02467716331700273,0.02467716399633051,0.02467716467553721,0.024677165354622905,0.02467716603358766,0.02467716671243153,0.024677167391154636,0.02467716806975686,0.024677168748238408,0.02467716942659917,0.02467717010483932,0.024677170782958877,0.024677171460957905,0.024677172138836495,0.02467717281659463,0.024677173494232364,0.024677174171749857,0.024677174849147103,0.024677175526424053,0.02467717620358089,0.024677176880617525,0.0246771775575341,0.024677178234330667,0.024677178911007288,0.02467717958756406,0.02467718026400102,0.024677180940318098,0.02467718161651538,0.024677182292592987,0.02467718296855095,0.024677183644389315,0.02467718432010815,0.0246771849957075,0.02467718567118742,0.024677186346547933,0.0246771870217891,0.024677187696911015,0.02467718837191365,0.0246771890467972,0.02467718972156172,0.024677190396207006,0.024677191070733254,0.024677191745140447,0.024677192419428794,0.024677193093598306,0.02467719376764894,0.02467719444158094,0.024677195115394134,0.024677195789088665,0.024677196462664596,0.024677197136121935,0.024677197809460785,0.0246771984826812,0.024677199155783248,0.024677199828766858,0.024677200501632173,0.024677201174379267,0.02467720184700812,0.024677202519518847,0.024677203191911228,0.024677203864185794,0.024677204536342354,0.024677205208380935,0.02467720588030167,0.024677206552104498,0.024677207223789577,0.02467720789535694,0.024677208566806545,0.024677209238138518,0.0246772099093529,0.02467721058044972,0.024677211251429045,0.02467721192229092,0.024677212593035427,0.024677213263662567,0.024677213934172437,0.024677214604565106,0.02467721527484053,0.024677215944998818,0.024677216615040038,0.02467721728496425,0.02467721795477141,0.02467721862446166,0.024677219294034995,0.024677219963491495,0.024677220632831228,0.024677221302054193,0.0246772219711605,0.02467722264015016,0.02467722330902323,0.024677223977779765,0.02467722464641975,0.024677225314943235,0.024677225983350433,0.024677226651641307,0.024677227319815878,0.02467722798787419,0.024677228655816313,0.0246772293236424,0.024677229991352342,0.02467723065894622,0.024677231326424128,0.024677231993786082,0.024677232661032122,0.02467723332816238,0.024677233995176802,0.02467723466207544,0.024677235328858422,0.024677235995525747,0.024677236662077478,0.024677237328513655,0.024677237994834327,0.024677238661039703,0.02467723932712955,0.024677239993104044,0.02467724065896324,0.02467724132470718,0.024677241990335868,0.024677242655849523,0.024677243321248012,0.02467724398653145,0.02467724465169987,0.024677245316753367,0.024677245981691902,0.024677246646515584,0.024677247311224473,0.024677247975818568,0.024677248640297956,0.02467724930466264,0.024677249968912747,0.024677250633048292,0.024677251297069186,0.02467725196097575,0.024677252624767873,0.024677253288445587,0.024677253952009027,0.024677254615458246,0.024677255278793202,0.024677255942013938,0.024677256605120552,0.024677257268113078,0.024677257930991618,0.024677258593756135,0.024677259256406694,0.02467725991894343,0.024677260581366274,0.024677261243675322,0.024677261905870617,0.024677262567952225,0.024677263229920178,0.024677263891774544,0.024677264553515363,0.024677265215142657,0.024677265876656553,0.024677266538056988,0.02467726719934405,0.02467726786051779,0.024677268521578286,0.02467726918252556,0.024677269843359675,0.024677270504080653,0.024677271164688524,0.02467727182518339,0.024677272485565237,0.024677273145834202,0.024677273805990274,0.02467727446603352,0.024677275125963974,0.02467727578578169,0.024677276445486705,0.024677277105079085,0.024677277764558858,0.024677278423926072,0.024677279083180785,0.02467727974232305,0.0246772804013529,0.024677281060270385,0.024677281719075555,0.024677282377768464,0.024677283036349144,0.02467728369481765,0.02467728435317404,0.02467728501141834,0.02467728566955061,0.024677286327570897,0.024677286985479243,0.0246772876432757,0.024677288300960318,0.024677288958533126,0.024677289615994184,0.02467729027334355,0.02467729093058125,0.02467729158770735,0.024677292244721868,0.02467729290162488,0.024677293558416424,0.024677294215096544,0.024677294871665277,0.024677295528122697,0.02467729618446882,0.02467729684070372,0.024677297496827413,0.024677298152839946,0.024677298808741414,0.024677299464531822,0.024677300120211215,0.024677300775779665,0.024677301431237194,0.024677302086583863,0.024677302741819694,0.02467730339694478,0.02467730405195912,0.024677304706862784,0.02467730536165582,0.02467730601633826,0.024677306670910157,0.024677307325371562,0.024677307979722517,0.024677308633963058,0.024677309288093252,0.024677309942113125,0.024677310596022753,0.02467731124982214,0.024677311903511363,0.024677312557090457,0.024677313210559458,0.024677313863918436,0.0246773145171674,0.024677315170306437,0.024677315823335582,0.024677316476254856,0.024677317129064333,0.024677317781764033,0.024677318434354032,0.02467731908683434,0.02467731973920505,0.02467732039146614,0.024677321043617726,0.02467732169565982,0.02467732234759246,0.02467732299941571,0.02467732365112961,0.024677324302734192,0.02467732495422952,0.024677325605615624,0.02467732625689255,0.024677326908060352,0.02467732755911909,0.024677328210068763,0.024677328860909457,0.02467732951164122,0.024677330162264054,0.024677330812778054,0.024677331463183245,0.024677332113479652,0.024677332763667344,0.02467733341374636,0.02467733406371675,0.024677334713578542,0.024677335363331807,0.024677336012976565,0.024677336662512858,0.024677337311940776,0.024677337961260298,0.024677338610471524,0.024677339259574473,0.024677339908569188,0.024677340557455765,0.024677341206234157,0.024677341854904458,0.024677342503466718,0.024677343151920963,0.02467734380026726,0.024677344448505622,0.02467734509663612,0.024677345744658796,0.024677346392573685,0.02467734704038083,0.024677347688080293,0.024677348335672176,0.02467734898315637,0.02467734963053301,0.02467735027780213,0.02467735092496377,0.02467735157201804,0.024677352218964877,0.024677352865804372,0.024677353512536568,0.024677354159161516,0.024677354805679255,0.024677355452089815,0.02467735609839327,0.024677356744589693,0.02467735739067904,0.024677358036661396,0.024677358682536808,0.024677359328305323,0.024677359973967,0.0246773606195219,0.02467736126496995,0.024677361910311287,0.024677362555545947,0.024677363200673975,0.024677363845695393,0.024677364490610264,0.024677365135418627,0.02467736578012049,0.024677366424715973,0.024677367069205074,0.024677367713587917,0.024677368357864417,0.024677369002034644,0.024677369646098644,0.02467737029005651,0.02467737093390829,0.02467737157765397,0.024677372221293622,0.02467737286482729,0.024677373508255017,0.02467737415157682,0.024677374794792754,0.024677375437902913,0.02467737608090731,0.024677376723805967,0.0246773773665989,0.024677378009286224,0.02467737865186795,0.024677379294344128,0.02467737993671479,0.024677380578979977,0.024677381221139785,0.024677381863194167,0.024677382505143213,0.024677383146986948,0.02467738378872543,0.024677384430358704,0.02467738507188681,0.024677385713309793,0.024677386354627674,0.024677386995840538,0.024677387636948392,0.02467738827795134,0.024677388918849325,0.024677389559642434,0.024677390200330728,0.02467739084091422,0.02467739148139307,0.02467739212176715,0.024677392762036558,0.0246773934022013,0.024677394042261488,0.024677394682217173,0.02467739532206837,0.024677395961815087,0.024677396601457433,0.02467739724099541,0.024677397880429077,0.02467739851975846,0.02467739915898361,0.02467739979810454,0.02467740043712134,0.02467740107603401,0.02467740171484265,0.02467740235354726,0.024677402992147844,0.024677403630644534,0.024677404269037306,0.02467740490732627,0.02467740554551135,0.024677406183592668,0.0246774068215703,0.024677407459444214,0.024677408097214464,0.024677408734881123,0.02467740937244422,0.024677410009903804,0.024677410647259878,0.024677411284512528,0.024677411921661802,0.024677412558707725,0.02467741319565035,0.024677413832489684,0.024677414469225795,0.024677415105858688,0.02467741574238847,0.024677416378815157,0.024677417015138724,0.02467741765135931,0.02467741828747692,0.024677418923491595,0.024677419559403356,0.02467742019521227,0.024677420830918364,0.02467742146652166,0.024677422102022246,0.024677422737420122,0.024677423372715376,0.024677424007908014,0.024677424642998082,0.02467742527798563,0.024677425912870688,0.0246774265476533,0.024677427182333476,0.024677427816911325,0.024677428451386974,0.024677429085760188,0.024677429720031206,0.024677430354200034,0.02467743098826668,0.02467743162223127,0.024677432256093725,0.024677432889854155,0.024677433523512603,0.02467743415706909,0.024677434790523638,0.024677435423876338,0.024677436057127217,0.024677436690276302,0.024677437323323625,0.024677437956269237,0.024677438589113206,0.02467743922185572,0.024677439854496424,0.024677440487035626,0.024677441119473315,0.024677441751809543,0.02467744238404434,0.02467744301617777,0.024677443648210035,0.024677444280140813,0.02467744491197032,0.02467744554369857,0.024677446175325676,0.024677446806851654,0.024677447438276632,0.024677448069600462,0.02467744870082324,0.024677449331945052,0.024677449962966055,0.024677450593885923,0.024677451224705035,0.0246774518554235,0.024677452486041005,0.02467745311655774,0.024677453746973776,0.02467745437728915,0.02467745500750394,0.024677455637618122,0.024677456267631966,0.024677456897545105,0.02467745752735782,0.024677458157070196,0.024677458786682177,0.024677459416193745,0.02467746004560501,0.024677460674916024,0.024677461304126822,0.024677461933237416,0.024677462562247888,0.024677463191158357,0.02467746381996865,0.024677464448678944,0.02467746507728925,0.024677465705799692,0.024677466334210155,0.024677466962520784,0.02467746759073159,0.024677468218842563,0.024677468846853807,0.02467746947476535,0.02467747010257724,0.02467747073028949,0.0246774713579022,0.024677471985415315,0.024677472612828922,0.024677473240143025,0.02467747386735773,0.024677474494473058,0.024677475121489025,0.024677475748405675,0.024677476375223058,0.024677477001941197,0.02467747762856014,0.024677478255079946,0.02467747888150059,0.024677479507822196,0.024677480134044756,0.024677480760168312,0.02467748138619296,0.024677482012118623,0.024677482637945412,0.024677483263673368,0.02467748388930256,0.02467748451483294,0.024677485140264604,0.024677485765597564,0.02467748639083195,0.02467748701596769,0.024677487641004824,0.0246774882659435,0.02467748889078362,0.024677489515525248,0.02467749014016848,0.02467749076471336,0.024677491389159884,0.024677492013508124,0.02467749263775808,0.024677493261909846,0.024677493885963395,0.024677494509918834,0.024677495133776157,0.024677495757535393,0.02467749638119659,0.024677497004759803,0.0246774976282251,0.02467749825159242,0.024677498874861925,0.02467749949803358,0.024677500121107424,0.024677500744083484,0.024677501366961844,0.024677501989742487,0.024677502612425507,0.024677503235010948,0.02467750385749876,0.024677504479889093,0.02467750510218191,0.02467750572437728,0.024677506346475222,0.024677506968475763,0.024677507590378952,0.024677508212184868,0.024677508833893504,0.024677509455504933,0.02467751007701916,0.02467751069843625,0.024677511319756266,0.024677511940979103,0.024677512562105004,0.02467751318313385,0.024677513804065774,0.024677514424900737,0.024677515045638813,0.024677515666280046,0.024677516286824464,0.024677516907272164,0.024677517527623087,0.02467751814787735,0.024677518768034905,0.024677519388095877,0.024677520008060252,0.024677520627928072,0.024677521247699362,0.024677521867374184,0.024677522486952586,0.024677523106434576,0.02467752372582017,0.024677524345109454,0.02467752496430245,0.02467752558339925,0.024677526202399807,0.024677526821304193,0.02467752744011245,0.02467752805882457,0.024677528677440656,0.02467752929596073,0.0246775299143848,0.024677530532712915,0.024677531150945117,0.024677531769081548,0.024677532387122107,0.024677533005066803,0.024677533622915755,0.02467753424066903,0.02467753485832655,0.024677535475888464,0.02467753609335473,0.024677536710725426,0.02467753732800057,0.024677537945180242,0.024677538562264453,0.024677539179253184,0.02467753979614654,0.024677540412944565,0.024677541029647296,0.02467754164625466,0.02467754226276678,0.024677542879183695,0.02467754349550546,0.024677544111732147,0.024677544727863685,0.02467754534390015,0.024677545959841604,0.02467754657568807,0.02467754719143955,0.024677547807096148,0.024677548422657913,0.024677549038124774,0.024677549653496833,0.024677550268774134,0.024677550883956696,0.02467755149904457,0.024677552114037785,0.024677552728936382,0.024677553343740416,0.024677553958449956,0.024677554573064888,0.024677555187585302,0.024677555802011336,0.024677556416342946,0.024677557030580253,0.024677557644723187,0.02467755825877181,0.02467755887272617,0.02467755948658631,0.02467756010035226,0.024677560714024074,0.024677561327601762,0.02467756194108533,0.024677562554474917,0.024677563167770485,0.024677563780972092,0.024677564394079757,0.024677565007093612,0.024677565620013508,0.024677566232839593,0.024677566845571895,0.024677567458210425,0.024677568070755173,0.024677568683206315,0.024677569295563796,0.024677569907827695,0.024677570519997954,0.024677571132074735,0.024677571744058005,0.02467757235594777,0.024677572967744102,0.02467757357944702,0.024677574191056623,0.02467757480257289,0.024677575413995834,0.024677576025325516,0.024677576636562008,0.024677577247705355,0.02467757785875557,0.024677578469712618,0.02467757908057664,0.024677579691347602,0.024677580302025576,0.024677580912610575,0.02467758152310274,0.02467758213350188,0.02467758274380817,0.024677583354021662,0.024677583964142373,0.024677584574170307,0.024677585184105556,0.0246775857939481,0.024677586403698007,0.024677587013355307,0.02467758762291998,0.024677588232392085,0.02467758884177175,0.024677589451058937,0.024677590060253697,0.02467759066935605,0.024677591278366034,0.02467759188728369,0.02467759249610898,0.024677593104842074,0.024677593713482958,0.024677594322031655,0.024677594930488152,0.024677595538852574,0.02467759614712486,0.024677596755305124,0.024677597363393363,0.024677597971389617,0.024677598579293934,0.02467759918710633,0.024677599794826862,0.024677600402455535,0.024677601009992323,0.024677601617437442,0.0246776022247908,0.024677602832052416,0.02467760343922242,0.024677604046300827,0.024677604653287572,0.02467760526018276,0.02467760586698644,0.02467760647369857,0.024677607080319287,0.024677607686848582,0.024677608293286482,0.02467760889963304,0.024677609505888258,0.024677610112052197,0.024677610718124868,0.024677611324106275,0.024677611929996544,0.02467761253579566,0.024677613141503647,0.02467761374712059,0.024677614352646482,0.02467761495808136,0.024677615563425254,0.02467761616867821,0.02467761677384027,0.024677617378911457,0.024677617983891804,0.024677618588781338,0.02467761919358009,0.024677619798288107,0.024677620402905307,0.02467762100743196,0.024677621611867984,0.02467762221621341,0.024677622820468256,0.024677623424632585,0.024677624028706394,0.02467762463268976,0.02467762523658268,0.024677625840385218,0.02467762644409739,0.024677627047719242,0.024677627651250793,0.024677628254692018,0.024677628858043053,0.02467762946130393,0.024677630064474643,0.024677630667555243,0.024677631270545747,0.0246776318734462,0.024677632476256626,0.024677633078977027,0.024677633681607504,0.024677634284148067,0.024677634886598736,0.02467763548895956,0.024677636091230557,0.024677636693411775,0.024677637295503235,0.024677637897504972,0.02467763849941703,0.024677639101239428,0.024677639702972202,0.024677640304615417,0.024677640906169068,0.024677641507633203,0.024677642109007844,0.024677642710293,0.024677643311488764,0.024677643912595148,0.02467764451361234,0.024677645114540063,0.024677645715378508,0.024677646316127712,0.024677646916787692,0.02467764751735848,0.024677648117840133,0.024677648718232668,0.024677649318536103,0.024677649918750516,0.024677650518875896,0.02467765111891229,0.024677651718859734,0.024677652318718272,0.024677652918487746,0.024677653518168533,0.024677654117760475,0.02467765471726367,0.024677655316678107,0.024677655916003828,0.024677656515240863,0.024677657114389247,0.02467765771344897,0.024677658312420154,0.024677658911302778,0.024677659510096907,0.024677660108802627,0.024677660707419797,0.024677661305948548,0.024677661904388876,0.024677662502740914,0.02467766310100457,0.02467766369917997,0.024677664297267102,0.024677664895266006,0.024677665493176713,0.02467766609099927,0.024677666688733706,0.024677667286380045,0.024677667883938336,0.024677668481408566,0.024677669078790824,0.0246776696760851,0.024677670273291468,0.02467767087040994,0.024677671467440546,0.02467767206438331,0.024677672661238416,0.024677673258005607,0.02467767385468507,0.024677674451276825,0.024677675047780907,0.024677675644197403,0.02467767624052625,0.024677676836767595,0.024677677432921322,0.024677678028987553,0.024677678624966306,0.02467767922085763,0.024677679816661472,0.024677680412378004,0.024677681008007185,0.024677681603549047,0.024677682199003678,0.024677682794371023,0.02467768338965113,0.024677683984844063,0.02467768457994987,0.024677685174968537,0.024677685769900128,0.024677686364744655,0.024677686959502156,0.024677687554172847,0.0246776881487564,0.02467768874325305,0.024677689337662782,0.024677689931985637,0.024677690526221666,0.024677691120370944,0.024677691714433403,0.024677692308409112,0.02467769290229817,0.02467769349610053,0.02467769408981625,0.024677694683445366,0.02467769527698794,0.024677695870443918,0.024677696463813424,0.02467769705709642,0.024677697650292985,0.02467769824340313,0.024677698836426884,0.024677699429364267,0.024677700022215365,0.024677700614980154,0.024677701207658657,0.02467770180025095,0.024677702392757066,0.024677702985177,0.024677703577510843,0.024677704169758567,0.02467770476192021,0.024677705353995796,0.024677705945985413,0.024677706537889043,0.024677707129706745,0.02467770772143854,0.024677708313084436,0.02467770890464445,0.024677709496118708,0.024677710087507167,0.02467771067880987,0.02467771127002683,0.024677711861158132,0.024677712452203786,0.02467771304316376,0.024677713634038166,0.024677714224827032,0.024677714815530334,0.024677715406148215,0.024677715996680553,0.024677716587127457,0.02467771717748896,0.02467771776776509,0.024677718357955854,0.024677718948061304,0.024677719538081472,0.024677720128016393,0.02467772071786611,0.024677721307630622,0.024677721897309983,0.024677722486904207,0.024677723076413347,0.024677723665837405,0.024677724255176448,0.024677724844430465,0.024677725433599515,0.024677726022683623,0.024677726611682837,0.024677727200597153,0.02467772778942663,0.024677728378171285,0.024677728966831167,0.024677729555406275,0.02467773014389667,0.024677730732302196,0.02467773132062321,0.024677731908859635,0.024677732497011415,0.024677733085078646,0.02467773367306133,0.024677734260959504,0.02467773484877321,0.024677735436502462,0.024677736024147294,0.024677736611707725,0.024677737199183807,0.024677737786575574,0.02467773837388304,0.02467773896110624,0.0246777395482452,0.024677740135299966,0.02467774072227056,0.024677741309156998,0.024677741895959327,0.024677742482677578,0.024677743069311787,0.02467774365586198,0.024677744242328162,0.02467774482871041,0.024677745415008716,0.024677746001223137,0.024677746587353663,0.024677747173400374,0.02467774775936326,0.02467774834524238,0.024677748931037753,0.0246777495167494,0.02467775010237736,0.024677750687921662,0.02467775127338234,0.02467775185875944,0.02467775244405295
7,3.2891687523219326e-24,1.1031144343879704e-23,2.1242358690806208e-23,3.277013772208591e-23,4.589042482361598e-23,5.985337456895441e-23,7.443435612476416e-23,8.948771614287459e-23,1.04819629157782e-22,1.2036334501662927e-22,1.3608351795876197e-22,1.5196148189947038e-22,1.6786571567762342e-22,1.8388636204681332e-22,1.9994958977666503e-22,2.1604326891153614e-22,2.321587255251626e-22,2.482897567290109e-22,2.644319265760152e-22,2.8058206265055294e-22,2.967378961105412e-22,3.128978043254973e-22,3.2906062680690265e-22,3.452255335765712e-22,3.613919310338604e-22,3.775593946376991e-22,3.937276207570781e-22,4.0989639223342814e-22,4.260655537506662e-22,4.422349942235306e-22,4.584046342100909e-22,4.745744168923617e-22,4.907443016336952e-22,5.069142593641723e-22,5.230842692973091e-22,5.392543165642984e-22,5.554243905393443e-22,5.715944836145693e-22,5.8776459034878775e-22,6.039347068537892e-22,6.201048303440813e-22,6.362749588381389e-22,6.524450909054233e-22,6.686152255277724e-22,6.847853619809892e-22,7.00955499743513e-22,7.171256384382572e-22,7.332957778033089e-22,7.494659176529265e-22,7.656360578409408e-22,7.8180619827436745e-22,7.979763388843732e-22,8.141464796240318e-22,8.303166204497145e-22,8.464867613402479e-22,8.626569022779948e-22,8.78827043253089e-22,8.949971842526863e-22,9.111673252699126e-22,9.273374662994017e-22,9.435076073346226e-22,9.596777483773903e-22,9.758478894288696e-22,9.920180304808009e-22,1.0081881715389701e-21,1.024358312596572e-21,1.0405284536556591e-21,1.056698594719739e-21,1.0728687357823152e-21,1.0890388768522285e-21,1.105209017916974e-21,1.1213791589831186e-21,1.1375493000557335e-21,1.1537194411294248e-21,1.169889582198908e-21,1.1860597232746816e-21,1.2022298643460652e-21,1.218400005423816e-21,1.2345701465019327e-21,1.2507402875756624e-21,1.266910428650047e-21,1.2830805697250141e-21,1.2992507108061952e-21,1.3154208518838514e-21,1.3315909929623146e-21,1.3477611340462652e-21,1.3639312751311689e-21,1.3801014162172835e-21,1.3962715573040502e-21,1.4124416983918264e-21,1.4286118394756869e-21,1.4447819805692098e-21,1.4609521216596849e-21,1.477122262750668e-21,1.493292403842611e-21,1.5094625449356947e-21,1.5256326860292927e-21,1.5418028271239871e-21,1.5579729682192285e-21,1.5741431093156264e-21,1.5903132504132947e-21,1.6064833915160465e-21,1.6226535326148927e-21,1.6388236737149017e-21,1.6549938148157197e-21,1.671163955921618e-21,1.6873340970241619e-21,1.703504238127543e-21,1.7196743792316414e-21,1.7358445203369186e-21,1.7520146614429343e-21,1.768184802550002e-21,1.7843549436575092e-21,1.8005250847656502e-21,1.8166952258753553e-21,1.832865366985902e-21,1.8490355081005123e-21,1.8652056492166353e-21,1.8813757903335844e-21,1.897545931447956e-21,1.9137160725628562e-21,1.9298862136823997e-21,1.9460563548031288e-21,1.962226495920666e-21,1.9783966370395126e-21,1.994566778159103e-21,2.0107369192828708e-21,2.0269070604108112e-21,2.0430772015363465e-21,2.0592473426626604e-21,2.075417483786626e-21,2.0915876249147658e-21,2.1077577660435044e-21,2.1239279071739234e-21,2.140098048305145e-21,2.156268189436605e-21,2.1724383305696527e-21,2.1886084717038878e-21,2.2047786128383888e-21,2.220948753974017e-21,2.237118895110695e-21,2.2532890362476038e-21,2.2694591773852607e-21,2.285629318523637e-21,2.301799459663096e-21,2.3179696007976005e-21,2.3341397419335854e-21,2.3503098830766177e-21,2.366480024220617e-21,2.3826501653652853e-21,2.398820306516669e-21,2.414990447662494e-21,2.431160588815741e-21,2.4473307299641336e-21,2.463500871113508e-21,2.4796710122634514e-21,2.4958411534142468e-21,2.5120112945658175e-21,2.5281814357181375e-21,2.5443515768713847e-21,2.560521718030864e-21,2.576691859185628e-21,2.5928620003469502e-21,2.6090321415036976e-21,2.6252022826610314e-21,2.641372423819389e-21,2.6575425649790875e-21,2.673712706144851e-21,2.6898828473066964e-21,2.706052988469327e-21,2.7222231296328888e-21,2.7383932707976574e-21,2.7545634119631918e-21,2.7707335531292397e-21,2.7869036942958785e-21,2.803073835464079e-21,2.8192439766332142e-21,2.835414117803135e-21,2.851584258973909e-21,2.867754400145583e-21,2.8839245413227156e-21,2.900094682496316e-21,2.916264823675544e-21,2.9324349648558043e-21,2.9486051060319543e-21,2.9647752472087686e-21,2.9809453883865884e-21,2.997115529565578e-21,3.013285670750159e-21,3.029455811931299e-21,3.0456259531179362e-21,3.0617960943052457e-21,3.077966235493377e-21,3.0941363766818402e-21,3.11030651786739e-21,3.1264766590536858e-21,3.1426468002410547e-21,3.1588169414336195e-21,3.1749870826220943e-21,3.1911572238120764e-21,3.2073273650072295e-21,3.223497506207671e-21,3.2396676474051496e-21,3.2558377886032954e-21,3.2720079297977568e-21,3.2881780709931605e-21,3.3043482121977356e-21,3.3205183533952973e-21,3.3366884945979363e-21,3.3528586358008188e-21,3.369028777005535e-21,3.3851989182150005e-21,3.4013690594212466e-21,3.417539200627944e-21,3.433709341835521e-21,3.4498794830404364e-21,3.466049624250482e-21,3.4822197654613176e-21,3.4983899066729784e-21,3.514560047882176e-21,3.530730189091948e-21,3.546900330306207e-21,3.563070471517538e-21,3.579240612733692e-21,3.5954107539505516e-21,3.611580895164411e-21,3.6277510363831674e-21,3.6439211776028915e-21,3.660091318823774e-21,3.6762614600453815e-21,3.6924316012719126e-21,3.708601742494866e-21,3.724771883718592e-21,3.7409420249474156e-21,3.7571121661772065e-21,3.7732823074041755e-21,3.78945244862826e-21,3.80562258986092e-21,3.82179273109078e-21,3.8379628723182926e-21,3.854133013554022e-21,3.870303154790141e-21,3.886473296023606e-21,3.9026434372619456e-21,3.918813578497259e-21,3.934983719733102e-21,3.951153860970299e-21,3.967324002211996e-21,3.983494143450632e-21,3.99966428468699e-21,4.0158344259314406e-21,4.0320045671733205e-21,4.0481747084163574e-21,4.064344849663552e-21,4.080514990911672e-21,4.096685132156722e-21,4.112855273406697e-21,4.1290254146575e-21,4.145195555905646e-21,4.16136569715449e-21,4.17753583840771e-21,4.193705979662575e-21,4.2098761209144684e-21,4.226046262170534e-21,4.242216403424503e-21,4.258386544685595e-21,4.274556685947378e-21,4.290726827203878e-21,4.3068969684616e-21,4.3230671097198694e-21,4.3392372509855165e-21,4.35540739224559e-21,4.3715775335066934e-21,4.38774767477552e-21,4.403917816045169e-21,4.420087957308768e-21,4.436258098579834e-21,4.452428239846138e-21,4.4685983811133854e-21,4.4847685223871184e-21,4.500938663661908e-21,4.517108804931156e-21,4.533278946201583e-21,4.549449087473514e-21,4.565619228746278e-21,4.5817893700196766e-21,4.5979595112998734e-21,4.614129652574777e-21,4.630299793856591e-21,4.6464699351396e-21,4.662640076423877e-21,4.678810217708673e-21,4.694980358994466e-21,4.7111505002752776e-21,4.727320641562767e-21,4.7434907828453e-21,4.7596609241347355e-21,4.775831065424915e-21,4.792001206710151e-21,4.808171348002178e-21,4.824341489295006e-21,4.840511630588869e-21,4.85668177188358e-21,4.8728519131794175e-21,4.889022054470466e-21,4.905192195768007e-21,4.9213623370666336e-21,4.937532478365813e-21,4.953702619660513e-21,4.969872760956296e-21,4.9860429022587775e-21,5.0022130435566455e-21,5.018383184860622e-21,5.034553326160478e-21,5.050723467461039e-21,5.0668936087680645e-21,5.08306375007571e-21,5.099233891378697e-21,5.115404032682897e-21,5.131574173993453e-21,5.147744315299255e-21,5.163914456611425e-21,5.180084597924646e-21,5.19625473923875e-21,5.212424880548462e-21,5.22859502186452e-21,5.244765163181521e-21,5.260935304498909e-21,5.277105445817469e-21,5.293275587136583e-21,5.3094457284514955e-21,5.3256158697676395e-21,5.34178601109013e-21,5.3579561524133504e-21,5.374126293731931e-21,5.390296435061902e-21,5.406466576388018e-21,5.422636717710003e-21,5.438806859038071e-21,5.454977000367149e-21,5.4711471416968906e-21,5.4873172830323985e-21,5.503487424364053e-21,5.519657565696181e-21,5.535827707024224e-21,5.551997848358456e-21,5.56816798969335e-21,5.584338131024072e-21,5.600508272360958e-21,5.616678413699595e-21,5.6328485550385115e-21,5.649018696378062e-21,5.665188837718672e-21,5.6813589790600875e-21,5.6975291204028124e-21,5.7136992617473376e-21,5.729869403092912e-21,5.746039544439029e-21,5.762209685785815e-21,5.7783798271334535e-21,5.794549968481873e-21,5.810720109830847e-21,5.826890251180455e-21,5.8430603925314514e-21,5.859230533888344e-21,5.8754006752457954e-21,5.891570816599185e-21,5.90774095795368e-21,5.923911099308931e-21,5.9400812406648514e-21,5.956251382017261e-21,5.972421523375191e-21,5.988591664734058e-21,6.0047618060942774e-21,6.0209319474555755e-21,6.0371020888171745e-21,6.0532722301795025e-21,6.0694423715481e-21,6.0856125129174526e-21,6.1017826542828764e-21,6.117952795653808e-21,6.134122937021372e-21,6.150293078389842e-21,6.1664632197544644e-21,6.182633361128805e-21,6.198803502503676e-21,6.2149736438756494e-21,6.231143785252867e-21,6.247313926630883e-21,6.263484068006053e-21,6.279654209386393e-21,6.295824350767689e-21,6.3119944921455e-21,6.32816463352877e-21,6.344334774912808e-21,6.360504916297321e-21,6.3766750576785795e-21,6.3928451990605564e-21,6.409015340443429e-21,6.4251854818277236e-21,6.441355623216713e-21,6.457525764607106e-21,6.473695905994358e-21,6.48986604738256e-21,6.5060361887757374e-21,6.522206330165842e-21,6.538376471556493e-21,6.554546612952299e-21,6.570716754345105e-21,6.586886895738686e-21,6.603057037137344e-21,6.6192271785329796e-21,6.635397319929723e-21,6.651567461331289e-21,6.667737602729655e-21,6.68390774412874e-21,6.700077885532826e-21,6.71624802693824e-21,6.732418168340629e-21,6.748588309747732e-21,6.76475845115191e-21,6.78092859255682e-21,6.797098733962004e-21,6.813268875372842e-21,6.829439016780787e-21,6.84560915819342e-21,6.861779299606679e-21,6.877949441017246e-21,6.894119582428486e-21,6.910289723844573e-21,6.926459865257472e-21,6.942630006675098e-21,6.958800148097645e-21,6.974970289517537e-21,6.991140430938344e-21,7.007310572355972e-21,7.023480713778637e-21,7.039650855202291e-21,7.055820996626856e-21,7.071991138052373e-21,7.088161279478633e-21,7.104331420906324e-21,7.12050156233461e-21,7.136671703763634e-21,7.152841845189797e-21,7.169011986620458e-21,7.18518212805176e-21,7.201352269480256e-21,7.21752241091059e-21,7.233692552345729e-21,7.24986269378172e-21,7.266032835218543e-21,7.282202976655848e-21,7.298373118094091e-21,7.314543259533336e-21,7.330713400977645e-21,7.346883542419237e-21,7.363053683861162e-21,7.37922382530387e-21,7.395393966743973e-21,7.411564108189137e-21,7.427734249638807e-21,7.443904391081854e-21,7.460074532529542e-21,7.476244673977987e-21,7.492414815427318e-21,7.508584956877858e-21,7.524755098333071e-21,7.540925239785459e-21,7.557095381242185e-21,7.573265522700173e-21,7.58943566415527e-21,7.605605805611438e-21,7.621775947072238e-21,7.637946088530035e-21,7.654116229988288e-21,7.670286371451467e-21,7.686456512908641e-21,7.702626654370402e-21,7.718796795837059e-21,7.734966937300388e-21,7.751137078768693e-21,7.767307220234375e-21,7.783477361700506e-21,7.799647503171148e-21,7.815817644635639e-21,7.831987786104812e-21,7.848157927578453e-21,7.8643280690494e-21,7.8804982105208e-21,7.896668351997348e-21,7.912838493467325e-21,7.929008634945472e-21,7.945178776424525e-21,7.96134891790089e-21,7.977519059378341e-21,7.993689200860497e-21,8.009859342339607e-21,8.026029483822859e-21,8.042199625307893e-21,8.05836976679025e-21,8.0745399082731e-21,8.090710049760038e-21,8.106880191244318e-21,8.123050332733166e-21,8.139220474223515e-21,8.155390615711285e-21,8.17156075719987e-21,8.187730898693075e-21,8.20390104018343e-21,8.220071181677685e-21,8.236241323169846e-21,8.252411464662892e-21,8.268581606160216e-21,8.2847517476556e-21,8.300921889152308e-21,8.317092030653079e-21,8.333262172152065e-21,8.34943231365129e-21,8.365602455157898e-21,8.381772596658625e-21,8.397942738160109e-21,8.414112879665735e-21,8.430283021169455e-21,8.446453162677516e-21,8.462623304186226e-21,8.4787934456927e-21,8.49496358720317e-21,8.511133728714689e-21,8.527303870226966e-21,8.54347401174003e-21,8.559644153254223e-21,8.575814294769638e-21,8.591984436285992e-21,8.608154577802956e-21,8.624324719314372e-21,8.640494860832765e-21,8.656665002352211e-21,8.67283514387269e-21,8.68900528539411e-21,8.705175426916591e-21,8.721345568439698e-21,8.737515709964123e-21,8.753685851483607e-21,8.769855993009746e-21,8.786026134543325e-21,8.80219627606565e-21,8.818366417594738e-21,8.834536559130935e-21,8.850706700661886e-21,8.866876842193875e-21,8.883046983733083e-21,8.899217125266757e-21,8.915387266801143e-21,8.93155740833683e-21,8.947727549873221e-21,8.963897691410328e-21,8.980067832954555e-21,8.996237974493772e-21,9.012408116033707e-21,9.028578257580369e-21,9.04474839912259e-21,9.060918540666164e-21,9.077088682210545e-21,9.093258823755233e-21,9.109428965301314e-21,9.125599106848172e-21,9.141769248395183e-21,9.157939389943554e-21,9.174109531493087e-21,9.19027967304352e-21,9.206449814601097e-21,9.222619956153234e-21,9.238790097706262e-21,9.25496023926606e-21,9.271130380820868e-21,9.287300522376971e-21,9.303470663934101e-21,9.319640805491869e-21,9.335810947050846e-21,9.351981088611028e-21,9.368151230171994e-21,9.38432137173409e-21,9.400491513303155e-21,9.416661654866772e-21,9.432831796437052e-21,9.449001938002176e-21,9.465172079568314e-21,9.48134222114105e-21,9.497512362709234e-21,9.513682504278344e-21,9.529852645854247e-21,9.546022787431549e-21,9.562192929003307e-21,9.578363070575825e-21,9.594533212149615e-21,9.610703353724615e-21,9.626873495305744e-21,9.643043636882719e-21,9.659213778465767e-21,9.675383920050248e-21,9.691554061629859e-21,9.707724203209966e-21,9.723894344790992e-21,9.740064486372868e-21,9.756234627955774e-21,9.772404769545774e-21,9.788574911131e-21,9.804745052716746e-21,9.820915194309172e-21,9.837085335896909e-21,9.85325547748561e-21,9.869425619081227e-21,9.885595760672175e-21,9.90176590226369e-21,9.91793604386178e-21,9.9341061854549e-21,9.950276327049123e-21,9.96644646865008e-21,9.982616610246604e-21,9.998786751849068e-21,1.0014956893447353e-20,1.0031127035046474e-20,1.0047297176651516e-20,1.0063467318257752e-20,1.0079637459859759e-20,1.009580760146245e-20,1.0111977743065904e-20,1.0128147884670425e-20,1.0144318026281458e-20,1.0160488167887433e-20,1.0176658309499551e-20,1.0192828451113362e-20,1.0208998592722941e-20,1.022516873433821e-20,1.024133887595423e-20,1.0257509017566122e-20,1.0273679159179277e-20,1.0289849300799148e-20,1.0306019442419912e-20,1.0322189584041574e-20,1.0338359725663933e-20,1.0354529867281564e-20,1.0370700008905075e-20,1.0386870150529973e-20,1.0403040292156033e-20,1.0419210433782926e-20,1.0435380575410651e-20,1.0451550717034123e-20,1.0467720858663472e-20,1.0483891000294111e-20,1.0500061141920335e-20,1.0516231283552353e-20,1.0532401425185586e-20,1.0548571566814323e-20,1.0564741708449168e-20,1.0580911850085624e-20,1.0597081991722765e-20,1.061325213336082e-20,1.0629422274999894e-20,1.0645592416640046e-20,1.0661762558280888e-20,1.067793269991738e-20,1.0694102841554488e-20,1.0710272983198e-20,1.07264431248419e-20,1.0742613266481907e-20,1.0758783408128003e-20,1.0774953549769896e-20,1.0791123691413032e-20,1.0807293833062462e-20,1.0823463974712675e-20,1.0839634116358531e-20,1.0855804258010409e-20,1.0871974399658193e-20,1.0888144541312161e-20,1.0904314682966963e-20,1.0920484824622853e-20,1.0936654966279187e-20,1.095282510794123e-20,1.0968995249594586e-20,1.0985165391253883e-20,1.100133553291904e-20,1.1017505674575196e-20,1.103367581623736e-20,1.1049845957900553e-20,1.1066016099564482e-20,1.1082186241229602e-20,1.1098356382900813e-20,1.1114526524567793e-20,1.1130696666235319e-20,1.1146866807903553e-20,1.1163036949572904e-20,1.1179207091243408e-20,1.1195377232914823e-20,1.121154737458736e-20,1.1227717516260685e-20,1.1243887657930118e-20,1.1260057799605304e-20,1.1276227941285932e-20,1.1292398082962577e-20,1.1308568224640015e-20,1.1324738366318837e-20,1.134090850799843e-20,1.1357078649679185e-20,1.1373248791360745e-20,1.1389418933038452e-20,1.1405589074721876e-20,1.1421759216410632e-20,1.1437929358096058e-20,1.1454099499782329e-20,1.1470269641474362e-20,1.1486439783157937e-20,1.150260992484752e-20,1.1518780066542922e-20,1.1534950208234014e-20,1.1551120349925883e-20,1.1567290491618766e-20,1.1583460633312429e-20,1.1599630775011426e-20,1.1615800916711559e-20,1.1631971058407971e-20,1.164814120010512e-20,1.166431134180773e-20,1.1680481483506682e-20,1.1696651625206898e-20,1.1712821766907624e-20,1.1728991908614547e-20,1.1745162050317896e-20,1.1761332192021815e-20,1.1777502333726635e-20,1.1793672475432667e-20,1.1809842617139329e-20,1.1826012758846845e-20,1.184218290055564e-20,1.1858353042265229e-20,1.1874523183976021e-20,1.1890693325688004e-20,1.1906863467400945e-20,1.1923033609114511e-20,1.1939203750833499e-20,1.1955373892548966e-20,1.1971544034269548e-20,1.1987714175991378e-20,1.2003884317709447e-20,1.2020054459432933e-20,1.2036224601157729e-20,1.205239474287931e-20,1.206856488460608e-20,1.2084735026333761e-20,1.2100905168062206e-20,1.2117075309790985e-20,1.213324545151652e-20,1.2149415593247746e-20,1.2165585734979541e-20,1.2181755876711929e-20,1.2197926018440858e-20,1.22140961601754e-20,1.223026630191113e-20,1.224643644364297e-20,1.2262606585380397e-20,1.2278776727114584e-20,1.2294946868849893e-20,1.231111701059013e-20,1.2327287152326349e-20,1.2343457294063738e-20,1.2359627435806522e-20,1.2375797577546322e-20,1.2391967719291834e-20,1.2408137861037791e-20,1.2424308002779992e-20,1.2440478144523269e-20,1.2456648286272345e-20,1.2472818428017754e-20,1.248898856976846e-20,1.2505158711519744e-20,1.2521328853271566e-20,1.2537498995024224e-20,1.2553669136773515e-20,1.2569839278524074e-20,1.258600942028019e-20,1.26021795620375e-20,1.2618349703790935e-20,1.2634519845549451e-20,1.2650689987309224e-20,1.2666860129065559e-20,1.2683030270827345e-20,1.2699200412589806e-20,1.271537055435342e-20,1.2731540696117773e-20,1.2747710837883488e-20,1.276388097964538e-20,1.278005112140753e-20,1.279622126317996e-20,1.2812391404949509e-20,1.282856154671971e-20,1.2844731688486349e-20,1.2860901830258539e-20,1.2877071972031466e-20,1.2893242113804964e-20,1.2909412255579627e-20,1.2925582397355386e-20,1.2941752539128259e-20,1.2957922680901972e-20,1.2974092822680761e-20,1.2990262964460115e-20,1.3006433106240728e-20,1.3022603248022345e-20,1.3038773389804629e-20,1.3054943531583946e-20,1.3071113673368224e-20,1.3087283815148617e-20,1.3103453956934298e-20,1.3119624098721487e-20,1.3135794240505347e-20,1.315196438229406e-20,1.3168134524083932e-20,1.3184304665870553e-20,1.3200474807662521e-20,1.321664494945515e-20,1.3232815091244376e-20,1.3248985233038315e-20,1.3265155374833607e-20,1.3281325516629981e-20,1.3297495658427267e-20,1.3313665800229819e-20,1.3329835942029856e-20,1.3346006083830816e-20,1.3362176225631961e-20,1.3378346367434164e-20,1.3394516509237052e-20,1.3410686651040926e-20,1.3426856792845457e-20,1.3443026934651414e-20,1.345919707645394e-20,1.3475367218261462e-20,1.3491537360070004e-20,1.3507707501879384e-20,1.3523877643689596e-20,1.3540047785500747e-20,1.3556217927312948e-20,1.357238806912652e-20,1.3588558210940486e-20,1.360472835275133e-20,1.3620898494567353e-20,1.3637068636388643e-20,1.3653238778206296e-20,1.3669408920024442e-20,1.368557906184781e-20,1.3701749203664107e-20,1.3717919345485328e-20,1.3734089487311888e-20,1.3750259629135123e-20,1.3766429770958908e-20,1.3782599912787584e-20,1.3798770054613226e-20,1.3814940196439647e-20,1.3831110338271937e-20,1.384728048010115e-20,1.3863450621931147e-20,1.3879620763762206e-20,1.3895790905593782e-20,1.3911961047426586e-20,1.392813118926455e-20,1.394430133110351e-20,1.396047147293905e-20,1.397664161477927e-20,1.3992811756620016e-20,1.400898189846179e-20,1.40251520403006e-20,1.404132218214097e-20,1.405749232398178e-20,1.4073662465823837e-20,1.408983260766674e-20,1.4106002749510426e-20,1.412217289135552e-20,1.413834303320156e-20,1.4154513175052156e-20,1.417068331689974e-20,1.418685345875175e-20,1.420302360060481e-20,1.4219193742455306e-20,1.4235363884307162e-20,1.4251534026163694e-20,1.426770416802091e-20,1.4283874309874604e-20,1.4300044451733558e-20,1.4316214593593316e-20,1.433238473544996e-20,1.4348554877311665e-20,1.4364725019174282e-20,1.4380895161034082e-20,1.4397065302898818e-20,1.4413235444760432e-20,1.4429405586626862e-20,1.4445575728490324e-20,1.4461745870358427e-20,1.447791601222795e-20,1.4494086154098048e-20,1.4510256295965197e-20,1.452642643783744e-20,1.4542596579710148e-20,1.4558766721579608e-20,1.4574936863454045e-20,1.4591107005330258e-20,1.4607277147203696e-20,1.4623447289077787e-20,1.4639617430952645e-20,1.4655787572832153e-20,1.4671957714712715e-20,1.4688127856594347e-20,1.4704297998480734e-20,1.4720468140359983e-20,1.473663828224028e-20,1.475280842412576e-20,1.476897856601225e-20,1.478514870789966e-20,1.4801318849787543e-20,1.4817488991672386e-20,1.4833659133557777e-20,1.4849829275448007e-20,1.4865999417339697e-20,1.4882169559232003e-20,1.489833970112893e-20,1.4914509843022625e-20,1.4930679984917468e-20,1.4946850126813554e-20,1.4963020268710804e-20,1.497919041061276e-20,1.4995360552515754e-20,1.501153069441624e-20,1.502770083631772e-20,1.5043870978219982e-20,1.506004112012688e-20,1.5076211262034383e-20,1.5092381403935404e-20,1.510855154583729e-20,1.5124721687740426e-20,1.5140891829648043e-20,1.5157061971560207e-20,1.5173232113469886e-20,1.5189402255376053e-20,1.5205572397287264e-20,1.5221742539199124e-20,1.5237912681112468e-20,1.5254082823026643e-20,1.5270252964942006e-20,1.5286423106857908e-20,1.53025932487741e-20,1.5318763390691367e-20,1.5334933532609866e-20,1.5351103674529514e-20,1.536727381645403e-20,1.5383443958371742e-20,1.539961410029058e-20,1.541578424221385e-20,1.5431954384137742e-20,1.544812452606656e-20,1.5464294667996084e-20,1.5480464809919205e-20,1.5496634951846898e-20,1.5512805093779245e-20,1.5528975235708927e-20,1.5545145377643378e-20,1.5561315519578307e-20,1.5577485661510625e-20,1.5593655803443947e-20,1.5609825945378687e-20,1.5625996087314745e-20,1.564216622925128e-20,1.5658336371192395e-20,1.567450651313076e-20,1.5690676655069937e-20,1.5706846797010036e-20,1.5723016938954544e-20,1.5739187080899642e-20,1.5755357222838538e-20,1.577152736478187e-20,1.5787697506726702e-20,1.580386764867592e-20,1.5820037790625962e-20,1.5836207932576904e-20,1.585237807452551e-20,1.586854821647504e-20,1.5884718358425495e-20,1.5900888500376867e-20,1.5917058642332618e-20,1.593322878428929e-20,1.5949398926243313e-20,1.596556906819821e-20,1.5981739210154378e-20,1.5997909352111296e-20,1.6014079494069388e-20,1.6030249636031708e-20,1.6046419777991373e-20,1.606258991995196e-20,1.6078760061913467e-20,1.6094930203879528e-20,1.6111100345846587e-20,1.612727048781784e-20,3.1981946777866155e-13,6.488199522431168e-13,9.874231726820275e-13,1.3360773935049193e-12,1.695259598348057e-12,2.0654778564322887e-12,2.4472739230998213e-12,2.841226103482185e-12,3.2479524119973503e-12,3.668114064785518e-12,4.1024193473743904e-12,4.551627905944782e-12,5.0165555177088145e-12,5.4980794042956725e-12,5.997144161918214e-12,6.514768393725001e-12,7.0520521435187374e-12,7.610185246346185e-12,8.190456730887948e-12,8.794265431762838e-12,9.423131997626189e-12,1.0078712514323554e-11,1.076281400263974e-11,1.1477412098981897e-11,1.2224671286702911e-11,1.3006968118310396e-11,1.3826917957843042e-11,1.4687405882503435e-11,1.5591622518727732e-11,1.6543105757447262e-11,1.7545789505699203e-11,1.860406089937504e-11,1.9722827741124794e-11,2.0907598360161316e-11,2.2164576646380673e-11,2.3500775729870967e-11,2.4924154713191754e-11,2.644378409338679e-11,2.807004713893917e-11,2.9814886662192494e-11,3.169210956142308e-11,3.371776550303954e-11,3.5910621616602263e-11,3.829276273809162e-11,4.089035753980955e-11,4.3734646316609894e-11,4.686322855465303e-11,5.032176129556222e-11,5.416622849008457e-11,5.846601641167752e-11,6.330814643681079e-11,6.880320081696122e-11,7.509377623121852e-11,8.236679807998925e-11,9.08718818736099e-11,1.0094943668557951e-10,1.1307496786088288e-10,1.2793129711789207e-10,1.4653089496866535e-10,1.7043247031483054e-10,2.021447077932883e-10,2.243743778990632e-10,2.2437437789909625e-10,2.2437437789925088e-10,2.787022466944814e-10,3.6043747926343826e-10,4.931220317643962e-10,7.314386665008845e-10,1.2223040940803182e-09,2.4409578322421693e-09,6.312547720622556e-09,2.2522680930486415e-08,1.0277822961520416e-07,1.9886797282823523e-07,1.988679728283415e-07,1.9886797282848518e-07,1.9886797282864474e-07,1.9886797282881857e-07,1.9886797282900963e-07,1.9886797282922144e-07,1.9886797282945946e-07,1.9886797282973154e-07,1.988679728300483e-07,1.988679728311105e-07,1.9886797283217266e-07,1.9886797283407375e-07,1.0488810596741093e-06,3.432329842207722e-06,8.863151296822176e-06,1.945748649764674e-05,3.8457799398841333e-05,7.173501058434983e-05,0.00013198791712241124,0.0002518851482387658,0.0005130981532171555,0.0010348147703522165,0.0018703717615229068,0.0029808738203208913,0.004285232727249253,0.005700050770756222,0.007157047637316755,0.00860684802026782,0.010016699144491572,0.011365608188999383,0.01159313141266066,0.011795937657169218,0.011983231030281847,0.01215878168181326,0.012324777397180301,0.012482706546134514,0.012633657031984864,0.012778458344228784,0.012917762984841798,0.013052097488129326,0.013181896015586196,0.013307523253954116,0.01342929045694489,0.013547466949293473,0.013662288548814351,0.013773963848606647,0.013882678984678714,0.013988601312905042,0.014091882288088432,0.014192659750677121,0.014291059767603533,0.014387198133040461,0.014481181606467866,0.01457310894534788,0.01466307177531564,0.014751155330373635,0.014837439087951789,0.014921997318058917,0.015004899561544468,0.015086211049319655,0.015165993071977362,0.015244303307401296,0.015321196112523796,0.015396722784274395,0.015470931793881416,0.015543868997990097,0.01561557782950118,0.015686099470582308,0.01575547300993704,0.015823735586115096,0.015890922518398493,0.0159570674265915,0.016022202340868947,0.01608635780269138,0.016149562957671955,0.016211845641174106,0.016273232457329145,0.01633374885208416,0.016393419180824046,0.016452266771052253,0.016510313980564,0.01656758225150068,0.01662409216063505,0.016679863466201778,0.01673491515155753,0.016789265465927107,0.01684293196246843,0.016895931533867068,0.016948280445652296,0.016999994367408535,0.017051088402041788,0.017101577113245364,0.01715147455129784,0.017200794277314222,0.017249549386061287,0.017297752527438908,0.017345415926720738,0.01739255140363993,0.017439170390399203,0.017485283948677446,0.017530902785700266,0.01757603726943605,0.0176206974429747,0.017664893038141827,0.01770863348839708,0.017751927941061906,0.017794785268918586,0.01783721408121935,0.017879222734141637,0.017920819340722996,0.017962011780306722,0.018002807707527234,0.018043214560862133,0.018083239570776042,0.018122889767479753,0.018162171988326432,0.01820109288486542,0.01823965892957249,0.01827787642227472,0.018315751496286385,0.018353290124271646,0.018390498123848614,0.018427381162948533,0.018463944764943025,0.01850019431355132,0.018536135057538997,0.01857177211521873,0.018607110478763282,0.01864215501833994,0.018676910486075463,0.018711381519859783,0.01874557264699643,0.01877948828770709,0.0188131327584972,0.018846510275389416,0.018879624957030966,0.01891248082768099,0.018945081820083285,0.01897743177822986,0.019009534460020187,0.019041393539820983,0.019073012610930928,0.019104395187954492,0.019135544709089146,0.01916646453832939,0.01919715796759159,0.019227628218762793,0.019257878445676856,0.01928791173602108,0.01931773111317611,0.019347339537992107,0.019376739910503597,0.019405935071585778,0.019434927804554577,0.01946372083671262,0.019492316840843654,0.01952071843665706,0.019548928192184754,0.019576948625132335,0.019604782204186055,0.019632431350277608,0.01965989843780822,0.019687185795833693,0.019714295709211755,0.019741230419713342,0.01976799212709906,0.01979458299016209,0.019821005127738947,0.019847260619689097,0.019873351507844732,0.019899279796931704,0.01992504745546267,0.019950656416603544,0.019976108579014027,0.020001405807663405,0.020026549934622186,0.020051542759830707,0.020076386051845314,0.02010108154856306,0.020125630957925442,0.0201500359586022,0.020174298200655576,0.020198419306185843,0.02022240086995876,0.020246244460015425,0.0202699516182653,0.020293523861062746,0.020316962679767864,0.020340269541291905,0.020363445888627967,0.0203864931413673,0.020409412696201785,0.02043220592741299,0.020454874187348208,0.020477418806883946,0.020499841095877196,0.020522142343604995,0.020544323819192436,0.020566386772029686,0.02058833243217826,0.020610162010766906,0.02063187670037731,0.020653477675420216,0.020674966092501846,0.020696343090781315,0.020717609792319024,0.020738767302416364,0.020759816709947206,0.020780759087681004,0.020801595492598177,0.020822326966197725,0.020842954534797432,0.020863479209826803,0.020883901988112945,0.020904223852159745,0.020924445770420207,0.020944568697562622,0.020964593574730152,0.020984521329794628,0.02100435287760427,0.021024089120225617,0.021043730947180043,0.02106327923567465,0.02108273485082799,0.02110209864589062,0.021121371462460622,0.021140554130694284,0.021159647469512006,0.02117865228679971,0.021197569379605596,0.021216399534332676,0.021235143526926976,0.021253802123061678,0.02127237607831708,0.021290866138356842,0.021309273039100227,0.02132759750689074,0.02134584025866107,0.021364002002094498,0.02138208343578297,0.021400085249381605,0.021418008123760216,0.021435852731151343,0.021453619735295384,0.021471309791582665,0.02148892354719249,0.021506461641229324,0.02152392470485624,0.021541313361425538,0.02155862822660675,0.021575869908512,0.021593039007818875,0.021610136117890703,0.021627161824894558,0.02164411670791677,0.02166100133907619,0.02167781628363525,0.02169456210010866,0.021711239340370187,0.02172784854975711,0.0217443902671728,0.02176086502518723,0.02177727335013551,0.021793615762214558,0.021809892775577874,0.02182610489842858,0.021842252633110504,0.02185833647619775,0.02187435691858238,0.02189031444556049,0.021906209536916806,0.021922042667007438,0.021937814304841315,0.02195352491415992,0.021969174953515747,0.02198476487634909,0.022000295131063576,0.022015766161100223,0.022031178405010204,0.02204653229652627,0.022061828264632787,0.022077066733634656,0.0220922481232249,0.02210737284855103,0.02212244132028028,0.022137453944663578,0.02215241112359852,0.02216731325469114,0.02218216073131652,0.022196953942678555,0.02221169327386844,0.022226379105922216,0.022241011815877388,0.022255591776828502,0.022270119357981687,0.02228459492470838,0.022299018838598108,0.022313391457510268,0.022327713135625107,0.022341984223493917,0.022356205068088126,0.02237037601284787,0.02238449739772948,0.02239856955925237,0.022412592830545017,0.02242656754139026,0.02244049401826976,0.022454372584407793,0.022468203559814316,0.02248198726132726,0.02249572400265425,0.022509414094413514,0.02252305784417418,0.022536655556495956,0.022550207532968162,0.022563714072248008,0.022577175470098444,0.022590592019425263,0.02260396401031374,0.022617291730064475,0.02263057546322896,0.022643815491644285,0.022657012094467546,0.022670165548209543,0.022683276126768067,0.02269634410146052,0.022709369741056213,0.022722353311807983,0.022735295077483522,0.022748195299395965,0.022761054236434288,0.02277387214509297,0.022786649279501435,0.022799385891452893,0.02281208223043279,0.02282473854364684,0.022837355076048664,0.022849932070366875,0.022862469767131955,0.022874968404702566,0.022887428219291534,0.022899849444991478,0.02291223231379996,0.022924577055644404,0.02293688389840653,0.022949153067946444,0.022961384788126447,0.022973579280834402,0.022985736766006834,0.02299785746165166,0.023009941583870607,0.023021989346881273,0.023034000963038898,0.023045976642857836,0.023057916595032642,0.023069821026459,0.02308169014225419,0.023093524145777384,0.02310532323864962,0.02311708762077343,0.023128817490352335,0.023140513043909856,0.023152174476308532,0.02316380198076837,0.023175395748885337,0.023186955970649303,0.02319848283446199,0.023209976527154497,0.023221437234004702,0.02323286513875431,0.02324426042362576,0.02325562326933891,0.02326695385512739,0.02327825235875483,0.023289518956530825,0.023300753823326706,0.02331195713259107,0.023323129056365147,0.02333426976529788,0.0233453794286609,0.023356458214363274,0.023367506288965965,0.023378523817696235,0.023389510964461787,0.02340046789186472,0.023411394761215294,0.023422291732545557,0.02343315896462276,0.023443996614962603,0.023454804839842296,0.023465583794313467,0.023476333632214925,0.023487054506185205,0.023497746567674966,0.02350840996695926,0.023519044853149682,0.02352965137420614,0.023540229676948857,0.023550779907069826,0.023561302209144434,0.02357179672664265,0.023582263601940413,0.023592702976330517,0.02360311499003366,0.023613499782209113,0.02362385749096549,0.023634188253371113,0.02364449220546457,0.023654769482264765,0.023665020217781257,0.023675244545024093,0.023685442596013788,0.02369561450179104,0.023705760392426355,0.023715880397029585,0.02372597464375937,0.02373604325983232,0.02374608637153232,0.023756104104219498,0.023766096582339215,0.023776063929430925,0.023786006268136862,0.023795923720210766,0.023805816406526313,0.02381568444708564,0.023825527961027562,0.023835347066635933,0.023845141881347683,0.023854912521760873,0.023864659103642674,0.023874381741937168,0.02388408055077312,0.023893755643471678,0.023903407132553893,0.023913035129748222,0.023922639745997953,0.0239322210914685,0.0239417792755546,0.023951314406887535,0.023960826593342113,0.02397031594204369,0.023979782559375093,0.023989226550983383,0.023998648021786643,0.024008047075980657,0.024017423817045427,0.02402677834775176,0.02403611077016773,0.024045421185664946,0.02405470969492495,0.024063976397945386,0.024073221394046187,0.024082444781875652,0.024091646659416457,0.024100827123991614,0.02410998627227038,0.02411912420027403,0.024128241003381658,0.02413733677633585,0.024146411613248327,0.024155465607605488,0.024164498852273945,0.024173511439505937,0.02418250346094475,0.024191475007630053,0.024200426170003102,0.024209357037912035,0.024218267700616972,0.024227158246795145,0.024236028764545937,0.024244879341395846,0.02425371006430348,0.024262521019664383,0.024271312293315892,0.024280083970541943,0.024288836136077737,0.024297568874114495,0.02430628226830401,0.024314976401763312,0.024323651357079118,0.024332307216312382,0.02434094406100267,0.024349561972172636,0.024358161030332268,0.02436674131548325,0.02437530290712323,0.024383845884249945,0.024392370325365488,0.02440087630848036,0.02440936391111759,0.024417833210316764,0.024426284282637982,0.02443471720416588,0.024443132050513513,0.024451528896826214,0.024459907817785467,0.024468268887612644,0.024476612180072833,0.024484937768478474,0.024493245725693145,0.024501536124135106,0.02450980903578099,0.024518064532169266,0.02452630268440391,0.024534523563157797,0.02454272723867623,0.024550913780780316,0.024559083258870372,0.02456723574192935,0.0245753712985261,0.02458348999681864,0.02459159190455753,0.024599677089088983,0.02460774561735813,0.024615797555912183,0.024623832970903533,0.024631851928092894,0.024639854492852345,0.02464784073016842,0.024655810704645068,0.02466376448050668,0.024671702121601042,0.02467962369140222,0.02468752925301351,0.02469541886917031,0.024703292602242896,0.024711150514239336,0.024718992666808173,0.02472681912124133,0.024734629938476655,0.024742425179100823,0.024750204903351877,0.024757969171121982,0.02476571804195999,0.024773451575074115,0.02478116982933442,0.0247888728632755,0.02479656073509892,0.024804233502675757,0.024811891223549102,0.024819533954936513,0.024827161753732438,0.024834774676510688,0.024842372779526774,0.024849956118720287,0.0248575247497173,0.02486507872783264,0.02487261810807225,0.0248801429451354,0.024887653293417064,0.02489514920701004,0.024902630739707284,0.024910097945004026,0.024917550876100023,0.024924989585901662,0.0249324141270242,0.024939824551793756,0.02494722091224952,0.024954603260145803,0.0249619716469541,0.024969326123865144,0.024976666741790964,0.02498399355136682,0.024991306602953293,0.024998605946638202,0.02500589163223859,0.025013163709302608,0.025020422227111535,0.025027667234681597,0.0250348987807659,0.02504211691385629,0.025049321682185228,0.02505651313372761,0.02506369131620258,0.025070856277075358,0.02507800806355904,0.025085146722616337,0.025092272300961383,0.025099384845061436,0.025106484401138635,0.025113571015171688,0.025120644732897626,0.02512770559981341,0.025134753661177664,0.025141788962012298,0.025148811547104178,0.025155821461006707,0.0251628187480415,0.02516980345229992,0.0251767756176447,0.025183735287711527,0.02519068250591056,0.025197617315427984,0.025204539759227585,0.025211449880052247,0.025218347720425378,0.02522523332265257,0.025232106728822912,0.025238967980810583,0.025245817120276196,0.025252654188668355,0.025259479227225,0.025266292276974862,0.025273093378738863,0.02527988257313155,0.025286659900562374,0.025293425401237198,0.02530017911515955,0.025306921082132033,0.02531365134175764,0.025320369933441084,0.02532707689639013,0.025333772269616837,0.025340456091938947,0.025347128401981146,0.025353789238176234,0.025360438638766546,0.02536707664180509,0.025373703285156823,0.02538031860649988,0.025386922643326846,0.025393515432945893,0.025400097012482,0.0254066674188782,0.02541322668889668,0.02541977485912002,0.02542631196595234,0.025432838045620423,0.025439353134174905,0.025445857267491385,0.025452350481271546,0.025458832811044312,0.025465304292166903,0.025471764959825973,0.02547821484903868,0.025484653994653786,0.02549108243135271,0.02549750019365062,0.025503907315897485,0.02551030383227908,0.0255166897768181,0.02552306518337512,0.025529430085649677,0.02553578451718122,0.025542128511350213,0.025548462101379024,0.02555478532033305,0.02556109820112152,0.02556740077649867,0.025573693079064555,0.025579975141266125,0.025586246995398076,0.025592508673603884,0.025598760207876717,0.025605001630060315,0.025611232971849997,0.025617454264793525,0.02562366554029203,0.02562986682960094,0.0256360581638308,0.02564223957394827,0.02564841109077694,0.02565457274499818,0.02566072456715209,0.025666866587638313,0.02567299883671688,0.025679121344509108,0.025685234140998405,0.025691337256031108,0.02569743071931733,0.0257035145604318,0.025709588808814604,0.025715653493772115,0.025721708644477703,0.025727754289972544,0.025733790459166503,0.025739817180838807,0.025745834483638888,0.025751842396087164,0.025757840946575804,0.025763830163369406,0.02576981007460593,0.02577578070829733,0.02578174209233028,0.02578769425446701,0.025793637222345987,0.025799571023482643,0.025805495685270113,0.02581141123497999,0.025817317699762966,0.025823215106649613,0.025829103482551026,0.025834982854259593,0.025840853248449626,0.025846714691678086,0.02585256721038526,0.025858410830895434,0.025864245579417577,0.02587007148204601,0.02587588856476106,0.025881696853429732,0.02588749637380637,0.02589328715153327,0.02589906921214139,0.02590484258105093,0.02591060728357201,0.02591636334490529,0.02592211079014256,0.02592784964426746,0.025933579932155986,0.02593930167857719,0.025945014908193693,0.025950719645562437,0.02595641591513517,0.025962103741259047,0.025967783148177277,0.02597345416002969,0.025979116800853328,0.02598477109458299,0.02599041706505184,0.02599605473599197,0.026001684131035006,0.026007305273712596,0.02601291818745704,0.02601852289560179,0.02602411942138206,0.02602970778793535,0.02603528801830196,0.026040860135425583,0.026046424162153796,0.02605198012123864,0.026057528035337115,0.026063067927011716,0.02606859981873096,0.026074123732869894,0.026079639691710628,0.026085147717442834,0.026090647832164266,0.026096140057881224,0.026101624416509164,0.026107100929873027,0.02611256961970789,0.026118030507659377,0.026123483615284146,0.026128928964050443,0.026134366575338467,0.026139796470440985,0.026145218670563675,0.026150633196825684,0.026156040070260088,0.026161439311814305,0.026166830942350623,0.02617221498264662,0.026177591453395627,0.026182960375207166,0.02618832176860745,0.026193675654039777,0.026199022051865,0.026204360982361955,0.026209692465727907,0.026215016522078992,0.02622033317145064,0.026225642433798005,0.026230944328996378,0.026236238876841643,0.026241526097050664,0.026246806009261738,0.02625207863303498,0.026257343987852757,0.026262602093120067,0.026267852968164977,0.026273096632239038,0.02627833310451762,0.026283562404100427,0.02628878455001174,0.026293999561200973,0.026299207456542944,0.02630440825483831,0.02630960197481397,0.026314788635123404,0.02631996825434712,0.026325140850992936,0.026330306443496456,0.026335465050221392,0.026340616689459938,0.026345761379433157,0.026350899138291337,0.026356029984114328,0.02636115393491199,0.026366271008624435,0.02637138122312248,0.02637648459620796,0.026381581145614084,0.026386670889005794,0.0263917538439801,0.02639683002806647,0.026401899458727094,0.02640696215335727,0.02641201812928582,0.026417067403775266,0.026422109994022277,0.026427145917158033,0.026432175190248427,0.026437197830294513,0.026442213854232764,0.02644722327893544,0.026452226121210898,0.02645722239780388,0.0264622121253959,0.0264671953206055,0.026472171999988567,0.026477142180038698,0.026482105877187464,0.026487063107804732,0.02649201388819897,0.02649695823461757,0.02650189616324715,0.026506827690213786,0.026511752831583434,0.02651667160336214,0.02652158402149633,0.026526490101873197,0.026531389860320866,0.02653628331260878,0.026541170474447952,0.02654605136149127,0.02655092598933373,0.026555794373512808,0.026560656529508668,0.02656551247274446,0.026570362218586625,0.026575205782345138,0.026580043179273812,0.026584874424570533,0.02658969953337758,0.02659451852078186,0.02659933140181518,0.026604138191454522,0.026608938904622348,0.026613733556186764,0.026618522160961836,0.02662330473370792,0.02662808128913181,0.026632851841887052,0.026637616406574176,0.026642374997740983,0.026647127629882774,0.02665187431744257,0.026656615074811485,0.026661349916328767,0.026666078856282284,0.026670801908908543,0.026675519088393107,0.026680230408870763,0.02668493588442574,0.02668963552909201,0.02669432935685347,0.02669901738164424,0.02670369961734882,0.026708376077802395,0.026713046776791025,0.026717711728051905,0.026722370945273553,0.026727024442096098,0.02673167223211145,0.026736314328863576,0.026740950745848653,0.02674558149651539,0.02675020659426515,0.026754826052452267,0.02675943988438416,0.026764048103321676,0.02676865072247916,0.026773247755024803,0.026777839214080786,0.026782425112723506,0.026787005463983795,0.02679158028084713,0.026796149576253796,0.026800713363099228,0.02680527165423404,0.02680982446246435,0.026814371800551958,0.02681891368121455,0.026823450117125874,0.026827981120915948,0.02683250670517132,0.026837026882435184,0.026841541665207604,0.02684605106594579,0.02685055509706413,0.026855053770934535,0.026859547099886572,0.026864035096207647,0.0268685177721432,0.026872995139896938,0.026877467211630944,0.026881933999465948,0.026886395515481457,0.026890851771715966,0.026895302780167146,0.026899748552792,0.026904189101507076,0.026908624438188627,0.026913054574672815,0.026917479522755878,0.026921899294194293,0.026926313900704976,0.02693072335396545,0.02693512766561403,0.026939526847249966,0.02694392091043369,0.026948309866686882,0.026952693727492715,0.026957072504296038,0.026961446208503454,0.026965814851483638,0.026970178444567356,0.026974536999047723,0.026978890526180316,0.02698323903718341,0.026987582543238024,0.026991921055488255,0.026996254585041242,0.02700058314296751,0.027004906740301007,0.02700922536805986,0.027013539056108263,0.027017847816537283,0.027022151660272855,0.027026450598124713,0.02703074464095542,0.02703503379941749,0.02703931808431437,0.027043597506452233,0.027047872076310302,0.027052141804764285,0.027056406702290415,0.027060666779345707,0.027064922046709506,0.027069172514587573,0.02707341819368144,0.027077659094466185,0.02708189522712615,0.027086126602156653,0.02709035322996803,0.02709457512069751,0.027098792284581688,0.027103004732076517,0.027107212473155076,0.027111415518154568,0.02711561387724262,0.02711980756044593,0.027123996577841907,0.0271281809394636,0.027132360655265617,0.02713653573533462,0.027140706189370697,0.02714487202760118,0.027149033259844406,0.027153189895681433,0.027157341945329223,0.027161489418330638,0.0271656323245483,0.027169770673710934,0.02717390447515812,0.02717803373899141,0.027182158474794937,0.02718627869209581,0.027190394400435698,0.02719450560931987,0.02719861232835577,0.027202714566983383,0.027206812334647355,0.027210905640793513,0.02721499449479984,0.02721907890603309,0.02722315888382582,0.0272272344374574,0.02723130557626053,0.02723537230951092,0.02723943464630192,0.02724349259589585,0.027247546167455002,0.02725159537006508,0.02725564021285578,0.02725968070479637,0.027263716855260224,0.02726774867308988,0.027271776167271874,0.02727579934681387,0.02727981822055561,0.02728383279741531,0.02728784308636097,0.02729184909617849,0.02729585083574579,0.027299848313851325,0.02730384153927102,0.027307830520761352,0.02731181526698094,0.027315795786695587,0.027319772088553997,0.027323744181206557,0.027327712073213377,0.027331675773247105,0.027335635289946102,0.02733959063162743,0.027343541806915634,0.02734748882429246,0.027351431692191997,0.027355370419006143,0.027359305013233044,0.02736323548346938,0.027367161837875385,0.027371084084474827,0.027375002231826533,0.027378916288180535,0.02738282626190454,0.027386732161125974,0.027390633994147727,0.027394531769038964,0.02739842549402318,0.02740231517724399,0.027406200826902854,0.027410082450955376,0.0274139600574785,0.02741783365454177,0.02742170325015275,0.02742556885226372,0.027429430468917736,0.027433288108020436,0.027437141777500968,0.027440991485245207,0.02744483723911967,0.027448679046986856,0.027452516916678656,0.027456350855985655,0.027460180872696395,0.027464006974589925,0.027467829169363276,0.02747164746473958,0.02747546186841502,0.0274792723880635,0.02748307903131953,0.02748688180580748,0.02749068071911019,0.027494475778842734,0.027498266992566436,0.027502054367783108,0.02750583791208639,0.027509617632824456,0.027513393537542053,0.027517165633672666,0.027520933928666228,0.027524698429897583,0.027528459144778045,0.02753221608065853,0.027535969244865077,0.027539718644710113,0.027543464287531003,0.027547206180600917,0.02755094433115122,0.027554678746414537,0.027558409433612055,0.02756213639993722,0.02756585965257553,0.027569579198661518,0.027573295045342793,0.027577007199713576,0.027580715668870746,0.027584420459848043,0.027588121579771325,0.027591819035642055,0.027595512834479245,0.027599202983249388,0.027602889488894198,0.027606572358401256,0.027610251598747183,0.027613927216795085,0.02761759921944087,0.027621267613601997,0.02762493240609452,0.027628593603747573,0.02763225121333087,0.027635905241739724,0.027639555695699862,0.027643202581929687,0.027646845907221343,0.027650485678286752,0.027654121901812597,0.02765775458447685,0.027661383732963948,0.027665009353907834,0.027668631453928578,0.027672250039631904,0.027675865117600017,0.027679476694408248,0.027683084776610915,0.027686689370754965,0.027690290483349523,0.027693888120898933,0.027697482289885788,0.02770107299678415,0.02770466024799844,0.027708244049834182,0.027711824408974874,0.02771540133167294,0.027718974824311515,0.027722544893232316,0.027726111544786252,0.027729674785296674,0.027733234620880513,0.02773679105817195,0.027740344103270136,0.027743893762435017,0.027747440041890944,0.027750982947863434,0.027754522486558426,0.02775805866427287,0.027761591486918636,0.027765120960773954,0.027768647091946663,0.02777216988660911,0.027775689350849165,0.027779205490734586,0.027782718312386323,0.027786227821754855,0.027789734024877548,0.027793236927861117,0.02779673653666265,0.02780023285742383,0.027803725895759687,0.027807215657862372,0.027810702149620666,0.027814185376976656,0.02781766534586727,0.02782114206207773,0.027824615531635313,0.027828085760216517,0.027831552753733873,0.027835016518049226,0.027838477058931006,0.02784193438233262,0.027845388493728234,0.02784883939908563,0.027852287104135513,0.027855731614553257,0.027859172936080714,0.027862611074489965,0.0278660460354048,0.027869477824407844,0.027872906447432018,0.027876331909881827,0.02787975421745763,0.027883173375817773,0.027886589390463137,0.027890002267025153,0.027893412011062418,0.02789681862813955,0.027900222123793308,0.027903622503542908,0.02790701977290834,0.027910413937364324,0.027913805002649516,0.027917192973766478,0.027920577856393933,0.02792395965596278,0.027927338377909314,0.027930714027630546,0.027934086610577457,0.027937456132049596,0.027940822597505934,0.027944186012164515,0.027947546381460995,0.027950903710700376,0.02795425800519944,0.027957609270260014,0.0279609575111065,0.027964302733117705,0.027967644941486892,0.027970984141469462,0.027974320338306026,0.0279776535372051,0.027980983743320854,0.027984310961926922,0.027987635198178037,0.027990956457214746,0.027994274744202834,0.02799759006427526,0.02800090242253436,0.028004211824123222,0.028007518274107475,0.028010821777481154,0.028014122339521177,0.028017419965039477,0.02802071465937293,0.028024006427398985,0.028027295274117063,0.02803058120459664,0.028033864223803717,0.028037144336703484,0.028040421548273273,0.028043695863479396,0.028046967287318137,0.028050235824578884,0.028053501480276754,0.028056764259318294,0.02806002416664194,0.02806328120696865,0.02806653538535763,0.028069786706476415,0.028073035175268577,0.028076280796543604,0.02807952357514607,0.028082763515871936,0.02808600062347196,0.028089234902839894,0.028092466358689044,0.028095694995631082,0.028098920818706134,0.028102143832504287,0.02810536404175029,0.02810858145114933,0.028111796065413502,0.028115007889265027,0.028118216927344612,0.02812142318429625,0.028124626664794285,0.028127827373181622,0.028131025314664982,0.02813422049355107,0.028137412914496472,0.028140602582092285,0.02814378950092274,0.02814697367554508,0.028150155110607526,0.028153333810519588,0.028156509779880372,0.028159683023329815,0.028162853545181898,0.02816602135003306,0.02816918644237245,0.028172348826713933,0.028175508507512055,0.02817866548927005,0.02818181977635944,0.028184971373275514,0.028188120284392597,0.028191266514193968,0.028194410067076344,0.028197550947365906,0.02820068915962976,0.02820382470803925,0.028206957597058976,0.028210087831025566,0.028213215414273338,0.028216340351158626,0.028219462645989526,0.02822258230307605,0.02822569932676516,0.028228813721280964,0.02823192549092489,0.028235034639976918,0.02823814117272654,0.028241245093351245,0.028244346406141627,0.028247445115312547,0.028250541225207766,0.02825363473980025,0.02825672566340564,0.028259814000206114,0.02826289975439068,0.028265982930129857,0.028269063531685675,0.028272141562990197,0.028275217028293022,0.02827828993171701,0.02828136027739082,0.028284428069417177,0.028287493311916444,0.028290556008959578,0.028293616164599366,0.02829667378303699,0.0282997288681392,0.028302781424053198,0.028305831454824737,0.02830887896444349,0.028311923956975234,0.028314966436478798,0.02831800640686645,0.028321043872165528,0.028324078836344732,0.028327111303395255,0.028330141277278703,0.028333168761864442,0.028336193761266247,0.02833921627935992,0.02834223632006057,0.028345253887294794,0.02834826898502689,0.028351281617070036,0.02835429178729503,0.02835729949962153,0.028360304757913343,0.028363307566087743,0.028366307927956805,0.028369305847373537,0.028372301328173026,0.02837529437419053,0.028378284989224234,0.028381273177116695,0.02838425894162132,0.028387242286640975,0.028390223215941982,0.028393201733187802,0.02839617784213576,0.028399151546728497,0.02840212285058753,0.02840509175734662,0.028408058270836613,0.028411022394888207,0.028413984133102605,0.028416943489075384,0.028419900466756298,0.028422855069628886,0.02842580730152652,0.028428757165957302,0.02843170466666899,0.02843464980732348,0.02843759259156273,0.028440533023005272,0.028443471105287006,0.02844640684207625,0.028449340237060427,0.028452271293628106,0.028455200015488763,0.02845812640623841,0.028461050469431676,0.028463972208654115,0.028466891627591952,0.028469808729572266,0.028472723518249397,0.028475635997146833,0.02847854616991324,0.02848145403993473,0.02848435961075098,0.028487262885825045,0.028490163868827675,0.028493062563032648,0.028495958972070242,0.028498853099328893,0.028501744948359005,0.028504634522551586,0.02850752182535063,0.028510406860268702,0.028513289630708927,0.02851617014008249,0.028519048391834393,0.028521924389407496,0.028524798136149877,0.02852766963548868,0.02853053889081463,0.028533405905510463,0.02853627068295275,0.028539133226508445,0.028541993539539665,0.028544851625423993,0.02854770748745588,0.02855056112899888,0.028553412553408253,0.028556261763957175,0.028559108763986183,0.028561953556805204,0.028564796145714215,0.028567636534008164,0.028570474724972376,0.02857331072188594,0.0285761445280206,0.028578976146641302,0.028581805581004583,0.02858463283436124,0.028587457909954823,0.028590280811020545,0.02859310154078767,0.028595920102477378,0.02859873649930358,0.02860155073447485,0.028604362811219718,0.028607172732703287,0.02860998050211028,0.028612786122621293,0.028615589597378314,0.02861839092961251,0.028621190122439445,0.02862398717901759,0.028626782102489996,0.0286295748959975,0.028632365562668835,0.028635154105737116,0.0286379405281974,0.02864072483307781,0.028643507023581875,0.028646287102838175,0.028649065073866033,0.028651840939775654,0.028654614703684075,0.028657386368625967,0.028660155937657944,0.028662923413793104,0.028665688800202576,0.028668452099837413,0.02867121331586061,0.028673972451102647,0.028676729508680526,0.028679484491710646,0.028682237403012373,0.028684988245665337,0.028687737022689123,0.02869048373710835,0.028693228391876914,0.028695970989968723,0.028698711534375653,0.02870145002813856,0.028704186474017675,0.02870692087507976,0.02870965323427119,0.028712383554597872,0.02871511183880827,0.028717838089982246,0.028720562310995835,0.02872328450476159,0.028726004674194044,0.028728722822256993,0.02873143895175687,0.02873415306567357,0.028736865166797403,0.028739575258084474,0.02874228334231546,0.028744989422400027,0.02874769350121648,0.028750395581617134,0.028753095666528103,0.028755793758678358,0.028758489860871497,0.028761183975976982,0.028763876106839805,0.02876656625627527,0.02876925442718411,0.028771940622198653,0.028774624844222343,0.02877730709601535,0.028779987380378545,0.028782665700103818,0.028785342057963275,0.028788016456729782,0.028790688899164377,0.028793359387974574,0.028796027926008206,0.028798694515975245,0.02880135916057694,0.028804021862534442,0.028806682624733022,0.028809341449765876,0.02881199834041368,0.02881465329932602,0.028817306329248206,0.028819957432896066,0.028822606613115427,0.02882525387223264,0.02882789921317695,0.028830542638556465,0.028833184151049514,0.028835823753370057,0.02883846144817449,0.02884109723798544,0.028843731125649318,0.028846363113446977,0.028848993204544027,0.02885162140140201,0.02885424770657339,0.028856872122702003,0.02885949465242318,0.028862115298320154,0.02886473406300064,0.028867350949083846,0.028869965959146992,0.028872579095743544,0.028875190361586676,0.02887779975917897,0.02888040729111894,0.02888301295999104,0.028885616768423536,0.028888218718764732,0.028890818813701858,0.02889341705577072,0.02889601344751649,0.028898607991487628,0.028901200690218808,0.028903791546232904,0.028906380561973498,0.028908967740160465,0.028911553083167712,0.028914136593542125,0.028916718273770462,0.028919298126359794,0.028921876153789352,0.028924452358560938,0.028927026743150407,0.02892959931003957,0.028932170061624005,0.028934739000544135,0.028937306129172086,0.028939871449960297,0.028942434965379057,0.028944996677868356,0.028947556589839083,0.02895011470380314,0.028952671022148272,0.028955225547316794,0.028957778281734573,0.028960329227813476,0.028962878387957785,0.02896542576454494,0.028967971360012435,0.028970515176814378,0.028973057217300077,0.028975597483871362,0.028978135978881856,0.028980672704687748,0.028983207663780746,0.028985740858454057,0.028988272291067044,0.02899080196394029,0.02899332987957345,0.02899585604013397,0.028998380448190995,0.02900090310592135,0.029003424015690567,0.029005943179894807,0.029008460600836488,0.029010976280818637,0.029013490222160494,0.029016002427177487,0.029018512898190796,0.029021021637363507,0.029023528647290533,0.029026033930118104,0.029028537488124204,0.029031039323599423,0.029033539438833834,0.029036037836110657,0.029038534517678554,0.0290410294858781,0.029043522742917043,0.029046014291038383,0.029048504132595875,0.029050992269801217,0.02905347870480169,0.02905596344017421,0.02905844647763774,0.029060927819740307,0.029063407468629704,0.02906588542660006,0.02906836169585206,0.029070836278537935,0.029073309176915592,0.02907578039322014,0.029078249929602337,0.029080717788312477,0.029083183971528242,0.02908564848145734,0.029088111320271698,0.02909057249021273,0.029093031993390757,0.0290954898319727,0.02909794600816518,0.029100400524122386,0.02910285338198013,0.0291053045839427,0.029107754132227704,0.029110202028808808,0.02911264827598325,0.029115092875771978,0.029117535830362237,0.029119977141884388,0.029122416812417565,0.02912485484427747,0.02912729123937733,0.02912972599992737,0.02913215912802672,0.029134590625776984,0.02913702049525357,0.029139448738631536,0.029141875357933635,0.029144300355311507,0.02914672373282397,0.029149145492552587,0.029151565636582676,0.02915398416699778,0.029156401085863988,0.029158816395252952,0.02916123009722232,0.029163642193839833,0.02916605268715172,0.029168461579221528,0.029170868872082076,0.02917327456780371,0.0291756786684147,0.02917808117597407,0.02918048209259271,0.029182881420080346,0.029185279160676144,0.029187675316202377,0.029190069888939435,0.029192462880567868,0.029194854293403072,0.029197244129330526,0.029199632390352684,0.02920201907836473,0.029204404195433957,0.029206787743607555,0.029209169724894672,0.029211550141223185,0.029213928994591222,0.029216306286849646,0.02921868202013348,0.029221056196360822,0.029223428817499068,0.029225799885515585,0.029228169402369088,0.02923053737004051,0.029232903790359855,0.029235268665501506,0.0292376319971594,0.029239993787419188,0.029242354038246484,0.029244712751445214,0.029247069929063906,0.029249425572842682,0.029251779684970468,0.029254132267166347,0.029256483321411248,0.029258832849642563,0.02926118085373829,0.02926352733557266,0.029265872297082312,0.02926821574012875,0.029270557666656146,0.029272898078532863,0.029275236977642893,0.029277574365870983,0.02927991024510187,0.029282244617179813,0.02928457748403239,0.029286908847502034,0.029289238709452606,0.02929156707173924,0.02929389393623685,0.0292962193047894,0.029298543179258493,0.029300865561409623,0.0293031864532741,0.0293055058565547,0.029307823773115978,0.02931014020479439,0.02931245515342201,0.02931476862091144,0.029317080608919608,0.02931939111935933,0.029321700154042358,0.029324007714802224,0.029326313803465766,0.029328618421753817,0.02933092157152357,0.029333223254582493,0.029335523472723626,0.029337822227745763,0.029340119521435774,0.029342415355592243,0.029344709732012385,0.029347002652433382,0.029349294118667487,0.029351584132605076,0.02935387269577473,0.029356159810067034,0.029358445477249574,0.029360729699084303,0.029363012477312857,0.029365293813730386,0.029367573710067707,0.029369852168073772,0.029372129189506428,0.02937440477607088,0.029376678929581235,0.029378951651684592,0.029381222944195803,0.029383492808813447,0.02938576124726485,0.029388028261224847,0.029390293852594507,0.029392558022980412,0.029394820773995894,0.029397082107443007,0.029399342024984718,0.029401600528423538,0.029403857619420014,0.02940611329975115,0.029408367570909543,0.029410620434723967,0.02941287189287137,0.029415121947103384,0.029417370598978525,0.029419617850242705,0.029421863702593757,0.02942410815763988,0.02942635121713493,0.02942859288271799,0.02943083315605387,0.02943307203881312,0.029435309532651558,0.029437545639215374,0.02943978036019536,0.029442013697231064,0.029444245651913895,0.029446476225982444,0.029448705421047598,0.029450933238730315,0.0294531596806695,0.029455384748529052,0.029457608443924057,0.029459830768524865,0.029462051723925256,0.02946427131169228,0.02946648953350578,0.029468706390957746,0.029470921885600875,0.029473136019209256,0.029475348793308435,0.029477560209292552,0.02947977026908497,0.029481978974324988,0.029484186326423082,0.029486392326974413,0.029488596977634667,0.029490800280017583,0.029493002235616298,0.029495202846066864,0.02949740211297332,0.02949960003787376,0.029501796622464393,0.029503991868109834,0.029506185776467946,0.029508378349140812,0.029510569587695268,0.029512759493674257,0.029514948068616056,0.029517135314102216,0.029519321231672817,0.029521505822994495,0.029523689089493387,0.029525871032711176,0.02952805165415488,0.029530230955449543,0.02953240893805988,0.029534585603588348,0.029536760953578184,0.029538934989510105,0.02954110771292423,0.029543279125370706,0.029545449228347457,0.029547618023372135,0.02954978551199778,0.029551951695688104,0.02955411657599862,0.02955628015441459,0.02955844243244054,0.029560603411592987,0.029562763093365873,0.029564921479257662,0.029567078570766216,0.029569234369373684,0.029571388876589343,0.02957354209389177,0.029575694022752067,0.029577844664562238,0.029579994021062525,0.029582142093550905,0.029584288883523727,0.029586434392463227,0.029588578621839178,0.029590721573133676,0.029592863247804416,0.0295950036472807,0.0295971427731376,0.02959928062668285,0.029601417209432757,0.029603552522844297,0.029605686568347687,0.029607819347423,0.029609950861517274,0.02961208111206226,0.029614210100391326,0.029616337827987078,0.029618464296507517,0.02962058950724249,0.02962271346162313,0.02962483616104235,0.029626957606950548,0.02962907780075913,0.029631196743918394,0.02963331443783057,0.02963543088390552,0.029637546083573857,0.02963966003817985,0.029641772749240777,0.02964388421811666,0.029645994446302858,0.029648103435021323,0.02965021118583268,0.029652317699996784,0.02965442297896877,0.02965652702415941,0.029658629836938805,0.02966073141870472,0.02966283177084554,0.029664930894848625,0.029667028791877093,0.029669125463429123,0.029671220910860035,0.02967331513559123,0.029675408139038902,0.02967749992235075,0.029679590487182172,0.02968167983476526,0.029683767966377304,0.02968585488342146,0.029687940587332217,0.029690025079400762,0.029692108361127695,0.029694190433643252,0.029696271298366914,0.029698350956809384,0.029700429410090268,0.029702506659667314,0.029704582706820776,0.02970665755287959,0.02970873119932563,0.029710803647484154,0.02971287489850062,0.029714944953823073,0.02971701381474771,0.029719081482616427,0.02972114795876035,0.029723213244496418,0.029725277341134046,0.029727340250157257,0.02972940197254475,0.029731462509928218,0.02973352186357682,0.02973558003444903,0.029737637024096805,0.02973969283398275,0.029741747465093928,0.029743800918883453,0.029745853196783148,0.029747904299837737,0.029749954229640056,0.029752002987097785,0.029754050573699287,0.029756096990715658,0.02975814223947071,0.029760186321346298,0.02976222923735377,0.029764270988937087,0.02976631157738372,0.02976835100390991,0.029770389269816348,0.029772426376362324,0.029774462324867145,0.0297764971165286,0.029778530752639167,0.02978056323446079,0.02978259456327982,0.029784624740328645,0.029786653766887376,0.02978868164415797,0.029790708373372506,0.029792733955857433,0.029794758392963604,0.029796781685642582,0.029798803835338717,0.02980082484321215,0.029802844710554093,0.02980486343863734,0.02980688102859531,0.029808897481836724,0.02981091279936305,0.029812926982410542,0.029814940032447345,0.029816951950554234,0.02981896273813991,0.029820972396044334,0.029822980925647846,0.02982498832827228,0.02982699460509474,0.02982899975743432,0.029831003786211535,0.02983300669283295,0.029835008478457548,0.029837009144314516,0.029839008691574707,0.02984100712150974,0.029843004435281442,0.029845000634068516,0.029846995719068167,0.029848989691545865,0.029850982552620857,0.029852974303552698,0.029854964945448845,0.02985695447952437,0.02985894290696953,0.029860930228964872,0.029862916446697255,0.029864901561336456,0.02986688557409347,0.029868868486106818,0.02987085029860498,0.029872831012675616,0.029874810629531363,0.02987678915034073,0.029878766576277388,0.029880742908492602,0.029882718148154713,0.029884692296420517,0.029886665354461182,0.029888637323421383,0.02989060820446765,0.02989257799874621,0.029894546707414187,0.029896514331611584,0.029898480872422806,0.029900446331139845,0.02990241070883805,0.029904374006655413,0.02990633622559463,0.029908297367067294,0.02991025743207304,0.029912216421547917,0.02991417433704949,0.029916131179439538,0.029918086949943034,0.029920041649549128,0.02992199527959331,0.029923947841062545,0.029925899335119306,0.029927849762767557,0.029929799125326693,0.029931747423844184,0.02993369465936788,0.02993564083305754,0.029937585946069444,0.029939529999543465,0.029941472994441224,0.029943414931922024,0.029945355813084648,0.029947295639079503,0.029949234411032692,0.029951172129979095,0.029953108797135693,0.029955044413450364,0.02995697898002687,0.029958912497994903,0.029960844968487433,0.029962776392599824,0.029964706771357902,0.029966636105879386,0.029968564397419906,0.02997049164672297,0.029972417855204218,0.02997434302362182,0.029976267153214536,0.029978190245144243,0.029980112300319585,0.029982033319895633,0.029983953304940823,0.02998587225658246,0.029987790175755237,0.029989707063598152,0.029991622921230473,0.029993537749660775,0.029995451549962075,0.029997364323212428,0.029999276070440534,0.03000118679264927,0.030003096491050867,0.030005005166630162,0.030006912820406365,0.030008819453450575,0.030010725066805674,0.03001262966150784,0.030014533238649523,0.030016435799178728,0.030018337344269192,0.030020237874890148,0.030022137392187256,0.030024035897011428,0.030025933390479626,0.030027829873635864,0.030029725347513733,0.03003161981311779,0.030033513271539386,0.030035405723867054,0.030037297170929636,0.030039187613875282,0.030041077053700713,0.03004296549145925,0.03004485292814725,0.030046739364782395,0.030048624802388398,0.030050509241978884,0.030052392684542455,0.03005427513115226,0.030056156582797165,0.030058037040632146,0.030059916505352526,0.030061794978153172,0.030063672460004423,0.03006554895201495,0.030067424454997767,0.030069298970050135,0.03007117249812381,0.03007304504031696,0.030074916597442953,0.0300767871707252,0.03007865676108125,0.03008052536948272,0.030082392996931873,0.03008425964439799,0.030086125312878766,0.030087990003359204,0.030089853716788316,0.030091716454193222,0.03009357821657874,0.03009543900488979,0.030097298820121177,0.03009915766321809,0.03010101553519433,0.03010287243697997,0.030104728369591528,0.030106583333973473,0.030108437331132113,0.030110290362013337,0.030112142427580233,0.030113993528805297,0.030115843666672807,0.030117692842100207,0.030119541056063157,0.0301213883097563,0.0301232346035782,0.030125079938930793,0.03012692431666594,0.030128767737710147,0.030130610203063526,0.030132451713803445,0.03013429227054364,0.030136131874499157,0.030137970526508368,0.030139808227538395,0.030141644978539765,0.030143480780440823,0.030145315634214923,0.030147149540807664,0.030148982501112347,0.030150814516104463,0.030152645586791465,0.030154475713930654,0.03015630489856432,0.030158133141608173,0.03015996044397213,0.030161786806617522,0.030163612230603144,0.030165436716594756,0.030167260265645014,0.03016908287876186,0.030170904556685266,0.03017272530043284,0.03017454511090086,0.03017636398902975,0.03017818193573777,0.03017999895194012,0.030181815038552152,0.030183630196486934,0.030185444426656043,0.030187257729969514,0.03018907010733799,0.03019088155972272,0.03019269208794528,0.03019450169292074,0.03019631037557468,0.030198118136810184,0.030199924977550308,0.030201730898689137,0.030203535901071735,0.0302053399856337,0.030207143153271478,0.03020894540487888,0.030210746741389287,0.030212547163644948,0.030214346672519817,0.030216145268931818,0.03021794295376858,0.03021973972795866,0.030221535592316915,0.030223330547831596,0.030225124595259313,0.03022691773550509,0.030228709969532187,0.0302305012981781,0.030232291722296387,0.03023408124277913,0.030235869860493543,0.0302376575763063,0.03023944439111491,0.030241230305804508,0.030243015321195554,0.030244799438164806,0.030246582657563137,0.03024836498028882,0.030250146407275007,0.03025192693929227,0.030253706577267912,0.030255485322035272,0.030257263174452723,0.030259040135425363,0.030260816205719222,0.030262591386235875,0.030264365677835123,0.030266139081365478,0.030267911597687876,0.03026968322760012,0.03027145397205654,0.030273223831814307,0.03027499280780327,0.03027676090082742,0.03027852811173586,0.03028029444137071,0.03028205989057856,0.0302838244601997,0.030285588151062363,0.030287350964039787,0.030289112900047443,0.030290873959724858,0.030292634144014362,0.030294393453753204,0.030296151889777606,0.03029790945290067,0.030299666144056752,0.03030142196392832,0.03030317691337055,0.030304930993343627,0.030306684204413993,0.030308436547635303,0.030310188023770425,0.030311938633765655,0.03031368837818919,0.030315437257995397,0.030317185274120754,0.030318932427130515,0.030320678717971093,0.030322424147458508,0.030324168716413236,0.03032591242564681,0.03032765527596902,0.03032939726814059,0.030331138403076257,0.03033287868154507,0.030334618104528983,0.03033635667248364,0.03033809438638741,0.030339831247043703,0.03034156725525012,0.030343302411684602,0.030345036717431818,0.03034677017293637,0.030348502779211722,0.030350234537253235,0.0303519654474895,0.03035369551102936,0.03035542472851507,0.030357153100778536,0.03035888062858153,0.030360607312687776,0.03036233315385888,0.030364058152990047,0.03036578231069608,0.03036750562800854,0.030369228105589483,0.030370949744233777,0.0303726705447765,0.030374390507926327,0.03037610963448671,0.030377827925190212,0.030379545380690265,0.030381262002109225,0.030382977790058743,0.03038469274532617,0.030386406868651804,0.030388120160837327,0.030389832622554184,0.030391544254758773,0.03039325505809614,0.03039496503338773,0.03039667418139517,0.03039838250287893,0.030400089998612382,0.030401796669347402,0.03040350251584974,0.030405207538873224,0.03040691173921099,0.030408615117582038,0.03041031767477489,0.030412019411562467,0.03041372032870671,0.030415420426923308,0.03041711970699133,0.030418818169643785,0.030420515815701286,0.03042221264581097,0.030423908660817567,0.030425603861446368,0.030427298248496635,0.030428991822628475,0.03043068458466814,0.030432376535323546,0.03043406767529919,0.03043575800542369,0.030437447526404766,0.030439136238970866,0.03044082414388112,0.030442511241855704,0.030444197533720463,0.030445883020085586,0.03044756770174679,0.030449251579445457,0.03045093465390853,0.030452616925883982,0.03045429839608057,0.03045597906526401,0.030457658934136118,0.030459338003453074,0.030461016273933644,0.030462693746299917,0.03046437042129677,0.03046604629965445,0.030467721382077106,0.030469395669300958,0.030471069162035767,0.030472741861032073,0.030474413766963887,0.03047608488062195,0.030477755202699124,0.03047942473389856,0.030481093474945035,0.0304827614267092,0.03048442858960915,0.030486094964528532,0.03048776055220431,0.030489425353224756,0.030491089368407477,0.03049275259844037,0.030494415044038183,0.030496076705901872,0.030497737584775718,0.030499397681307713,0.030501056996236526,0.030502715530232226,0.03050437328410709,0.030506030258452485,0.03050768645400968,0.03050934187142448,0.03051099651150817,0.030512650374914276,0.030514303462331045,0.030515955774465364,0.03051760731200112,0.03051925807565002,0.03052090806610128,0.030522557284049526,0.03052420573009891,0.030525853405122226,0.030527500309828152,0.03052914644471172,0.03053079181054482,0.030532436408028482,0.03053408023784331,0.030535723300679114,0.030537365597254947,0.03053900712819416,0.030540647894245283,0.030542287896160116,0.030543927134392374,0.030545565609762897,0.030547203323004306,0.030548840274653218,0.030550476465459216,0.03055211189619245,0.030553746567362778,0.03055538047988261,0.030557013634195142,0.030558646031092415,0.030560277671107392,0.030561908554983887,0.03056353868352533,0.03056516805731559,0.03056679667700693,0.030568424543278076,0.030570051656738307,0.030571678018080653,0.030573303627967043,0.030574928487156372,0.030576552596262345,0.03057817595586677,0.030579798566836403,0.030581420429658723,0.030583041545194273,0.030584661913797415,0.03058628153650325,0.03058790041356754,0.03058951854581962,0.030591135933895792,0.030592752578494278,0.030594368480261497,0.030595983639889527,0.030597598057946186,0.030599211735059542,0.030600824672011067,0.0306024368693318,0.030604048327826865,0.030605659048037973,0.030607269030689627,0.03060887827631366,0.03061048678560097,0.03061209455921687,0.03061370159779129,0.030615307901984024,0.030616913472371603,0.030618518309694046,0.030620122414593522,0.03062172578766601,0.030623328429516792,0.030624930340852983,0.030626531522294057,0.030628131974460005,0.030629731697992824,0.030631330693554545,0.03063292896173649,0.03063452650319834,0.030636123318590516,0.030637719408512388,0.030639314773600327,0.030640909414496216,0.030642503331809765,0.030644096526121295,0.030645688998204898,0.030647280748610447,0.03064887177796427,0.030650462086924672,0.030652051675998812,0.030653640545954246,0.03065522869741027,0.030656816130886593,0.030658402847085247,0.030659988846593673,0.03066157413003871,0.030663158698016797,0.03066474255118362,0.03066632569014344,0.030667908115513683,0.030669489827897696,0.03067107082794715,0.030672651116265923,0.03067423069342843,0.030675809560077125,0.03067738771685712,0.030678965164345394,0.030680541903138785,0.0306821179338808,0.03068369325713081,0.03068526787353715,0.03068684178369431,0.030688414988216412,0.030689987487709413,0.030691559282797456,0.03069313037407385,0.03069470076214329,0.03069627044760494,0.030697839431029973,0.03069940771307543,0.030700975294277972,0.03070254217529756,0.030704108356692857,0.030705673839080388,0.030707238623056424,0.03070880270922052,0.030710366098165662,0.030711928790521304,0.030713490786851528,0.030715052087728283,0.030716612693769258,0.03071817260556967,0.030719731823714295,0.030721290348811554,0.030722848181426447,0.03072440532217059,0.030725961771608863,0.030727517530342547,0.030729072599013984,0.030730626978205094,0.03073218066835494,0.03073373367014751,0.030735285984242213,0.030736837611076023,0.03073838855123196,0.03073993880542196,0.03074148837416604,0.03074303725804213,0.030744585457638,0.030746132973493424,0.0307476798062667,0.03074922595649285,0.030750771424744812,0.030752316211603632,0.03075386031765117,0.030755403743450725,0.030756946489587222,0.030758488556661287,0.030760029945176286,0.030761570655767324,0.030763110688955136,0.03076465004535426,0.030766188725500094,0.030767726729976026,0.030769264059369604,0.030770800714197254,0.030772336694991964,0.030773872002436937,0.03077540663707102,0.03077694059939904,0.030778473889992008,0.030780006509482462,0.030781538458441712,0.03078306973735179,0.030784600346807797,0.030786130287370452,0.030787659559607723,0.03078918816405321,0.030790716101332473,0.030792243371916602,0.03079376997641546,0.030795295915365006,0.030796821189326116,0.030798345798862006,0.030799869744525425,0.03080139302685901,0.03080291564642089,0.030804437603762492,0.03080595889947326,0.03080747953400778,0.030808999508001405,0.030810518821982703,0.030812037476508188,0.0308135554721236,0.03081507280937428,0.030816589488794708,0.030818105510946495,0.030819620876333803,0.03082113558553997,0.030822649639176462,0.0308241630377359,0.030825675781628717,0.030827187871513076,0.030828699308037034,0.030830210091626623,0.030831720222821952,0.030833229702141807,0.030834738530151843,0.03083624670739603,0.030837754234458614,0.03083926111175928,0.030840767339910626,0.030842272919436975,0.030843777850880213,0.030845282134768764,0.030846785771629238,0.030848288762000024,0.030849791106421155,0.03085129280541634,0.030852793859524212,0.03085429426927276,0.030855794035182446,0.030857293157837425,0.030858791637664876,0.030860289475247816,0.03086178667112379,0.03086328322579875,0.030864779139831253,0.030866274413704053,0.030867769047912465,0.030869263043178878,0.030870756399763017,0.030872249118301283,0.030873741199360805,0.030875232643377236,0.030876723450864462,0.030878213622440694,0.030879703158561197,0.030881192059766846,0.030882680326550643,0.030884167959473706,0.03088565495900127,0.03088714132574337,0.030888627060109444,0.030890112162630518,0.03089159663383928,0.030893080474249244,0.0308945636844132,0.030896046264818525,0.03089752821596345,0.030899009538380276,0.030900490232519198,0.030901970299048176,0.030903449738259103,0.03090492855089305,0.03090640673722718,0.030907884297873934,0.030909361233313115,0.030910837544104026,0.030912313230773182,0.03091378829371439,0.03091526273351858,0.030916736550665156,0.030918209745681623,0.030919682319043372,0.03092115427126933,0.030922625602860885,0.030924096314326098,0.03092556640610358,0.030927035878806946,0.030928504732814138,0.030929972968669433,0.030931440586646448,0.030932907587718706,0.030934373972137188,0.030935839740418216,0.030937304893021995,0.030938769430465862,0.03094023335323278,0.03094169666183305,0.030943159356753375,0.030944621438492935,0.030946082907524205,0.030947543764355667,0.030949004009474562,0.030950463643346134,0.030951922666453618,0.030953381079373673,0.030954838882591103,0.030956296076490412,0.030957752661476858,0.030959208638272277,0.030960664007294122,0.030962118768966755,0.03096357292380866,0.030965026472342897,0.030966479414994447,0.030967931752319613,0.030969383484668662,0.030970834612621394,0.030972285136690127,0.030973735057318003,0.030975184374907833,0.030976633089988024,0.030978081202907386,0.030979528714565756,0.030980975625061018,0.0309824219349335,0.030983867644746203,0.030985312754911554,0.030986757266037883,0.030988201178352087,0.030989644492515667,0.030991087208964884,0.030992529328164493,0.030993970850584678,0.030995411776695975,0.030996852107074525,0.030998291842005695,0.03099973098204319,0.031001169527669868,0.031002607479347532,0.03100404483755112,0.031005481602634475,0.031006917775240256,0.03100835335588724,0.03100978834474436,0.03101122274256781,0.031012656549718808,0.031014089766578847,0.03101552239383208,0.031016954431755322,0.031018385880858264,0.03101981674161733,0.03102124701449324,0.03102267669995382,0.03102410579854502,0.03102553431052415,0.031026962236496366,0.031028389576850397,0.031029816332141368,0.031031242502711328,0.031032668089145187,0.031034093091715665,0.031035517511046183,0.031036941347406484,0.03103836460151989,0.031039787273647926,0.031041209364367134,0.03104263087410799,0.031044051803306057,0.03104547215238225,0.031046891921847806,0.03104831111209258,0.031049729723627212,0.03105114775683844,0.031052565212219555,0.031053982090208525,0.031055398391256785,0.03105681411581455,0.031058229264346093,0.03105964383732354,0.031061057835146615,0.031062471258247775,0.031063884107015806,0.0310652963820567,0.031066708083726823,0.031068119212504602,0.0310695297686703,0.031070939752934578,0.031072349165633787,0.03107375800720343,0.03107516627816066,0.031076573978801907,0.031077981109524633,0.031079387671054223,0.031080793663596916,0.03108219908765563,0.03108360394364762,0.031085008231953027,0.03108641195315576,0.03108781510769549,0.031089217695918835,0.031090619718290635,0.03109202117524438,0.031093422067227445,0.031094822394696253,0.03109622215801551,0.031097621357745155,0.031099019994199735,0.03110041806782344,0.03110181557906842,0.031103212528417613,0.031104608916226174,0.031106004742959763,0.031107400009034728,0.031108794714912416,0.031110188861011925,0.03111158244775024,0.03111297547555713,0.031114367944899673,0.03111575985616478,0.031117151209778742,0.031118542006168513,0.031119932245790266,0.031121321929055885,0.03112271105630216,0.031124099628174993,0.031125487644841437,0.03112687510694771,0.03112826201484535,0.031129648368947677,0.03113103416963399,0.031132419417348043,0.03113380411258699,0.031135188255659182,0.031136571847022003,0.031137954887109427,0.03113933737635139,0.031140719315154046,0.031142100703848197,0.031143481542995288,0.031144861833073974,0.031146241574321828,0.031147620767295495,0.031148999412284054,0.031150377509831288,0.03115175506021654,0.03115313206389374,0.031154508521326094,0.0311558844328918,0.031157259799085717,0.0311586346201859,0.03116000889666317,0.031161382628958574,0.03116275581742718,0.0311641284625947,0.03116550056480102,0.031166872124441115,0.03116824314194394,0.03116961361774248,0.031170983552214922,0.031172352945768506,0.03117372179882128,0.031175090111745577,0.031176457885073477,0.031177825119170312,0.031179191814249177,0.03118055797091524,0.031181923589511867,0.03118328867045855,0.03118465321415564,0.031186017221002837,0.031187380691400913,0.031188743625761583,0.03119010602455712,0.03119146788805565,0.031192829216735496,0.031194190010785168,0.031195550271012697,0.031196909997682168,0.03119826919104341,0.031199627851568983,0.031200985979664697,0.031202343575745466,0.03120370064020184,0.031205057173411273,0.03120641317578656,0.031207768647739643,0.031209123589653314,0.031210478001926365,0.031211831884851368,0.031213185239030192,0.03121453806476701,0.031215890362512003,0.031217242132514773,0.03121859337521955,0.03121994409104378,0.031221294280423185,0.03122264394369386,0.031223993081274413,0.03122534169352217,0.03122668978082114,0.03122803734374396,0.0312293843824214,0.031230730897343226,0.031232076888917625,0.03123342235752109,0.03123476730337175,0.031236111727176254,0.03123745562901197,0.03123879900959665,0.031240141869064167,0.031241484207868053,0.031242826026512564,0.031244167325290412,0.03124550810457146,0.031246848364759786,0.031248188106207553,0.03124952732949827,0.03125086603476158,0.0312522042223574,0.03125354189278613,0.0312548790463013,0.031256215683713694,0.03125755180486912,0.03125888741036551,0.0312602225007259,0.03126155707602238,0.03126289113682857,0.031264224683481584,0.03126555771659142,0.031266890236143256,0.031268222242645125,0.03126955373652886,0.03127088471817598,0.03127221518787379,0.031273545146128755,0.03127487459333439,0.031276203529727216,0.03127753195574328,0.0312788598718007,0.03128018727821567,0.03128151417538364,0.031282840563717315,0.03128416644348241,0.031285491815190955,0.03128681667903808,0.03128814103556862,0.03128946488511427,0.031290788227971066,0.03129211106456629,0.03129343339529034,0.03129475522047685,0.03129607654051574,0.03129739735574592,0.03129871766655099,0.03130003747334012,0.031301356776407746,0.03130267557614882,0.03130399387294366,0.03130531166726878,0.03130662895925541,0.03130794574940029,0.03130926203805906,0.03131057782570825,0.03131189311260369,0.03131320789898102,0.03131452218532619,0.031315835972008994,0.03131714925939336,0.031318462047836476,0.03131977433766716,0.03132108612930219,0.03132239742313256,0.031323708219457215,0.03132501851861313,0.03132632832092055,0.03132763762693067,0.031328946436897286,0.03133025475114207,0.031331562569981666,0.03133286989388107,0.03133417672320671,0.031335483058261594,0.03133678889946134,0.03133809424709184,0.03133939910155725,0.03134070346313579,0.031342007332286516,0.0313433107091753,0.03134461359431314,0.03134591598816186,0.03134721789093466,0.03134851930292997,0.031349820224705366,0.031351120656379815,0.03135242059845614,0.03135372005123924,0.031355019015101106,0.03135631749035798,0.03135761547734688,0.03135891297637835,0.03136020998797678,0.03136150651239036,0.031362802549969954,0.03136409810105658,0.03136539316600086,0.03136668774516916,0.03136798183889382,0.03136927544747501,0.03137056857136894,0.03137186121081758,0.03137315336623536,0.03137444503798863,0.03137573622636437,0.03137702693173138,0.03137831715442565,0.03137960689480069,0.031380896153275245,0.03138218493004421,0.03138347322551768,0.03138476104004499,0.031386048374007734,0.03138733522767109,0.03138862160139137,0.03138990749552217,0.03139119291046331,0.03139247784651175,0.03139376230404053,0.03139504628332602,0.03139632978474055,0.031397612808624006,0.03139889535531809,0.031400177425138086,0.03140145901848273,0.03140274013561501,0.031404020776928464,0.031405300942725395,0.031406580633358584,0.031407859849167594,0.03140913859052818,0.0314104168577169,0.03141169465107035,0.03141297197096019,0.031414248817725615,0.03141552519164312,0.03141680109310349,0.03141807652242002,0.031419351479928664,0.03142062596594426,0.031421899980853825,0.031423173524938335,0.031424446598527514,0.03142571920199203,0.03142699133564431,0.03142826299981789,0.03142953419483954,0.031430804921062205,0.03143207517877599,0.031433344968331035,0.03143461429005889,0.031435883144286976,0.03143715153134233,0.03143841945153611,0.03143968690521633,0.031440953892711614,0.03144222041436649,0.03144348647049032,0.031444752061412125,0.031446017187454614,0.03144728184894517,0.03144854604621239,0.031449809779556616,0.0314510730493294,0.03145233585586982,0.03145359819948491,0.031454860080476627,0.031456121499213306,0.031457382455996205,0.031458642951128185,0.03145990298497282,0.03146116255783276,0.03146242167002916,0.03146368032186511,0.031464938513681824,0.031466196245818916,0.03146745351855672,0.031468710332272186,0.03146996668725031,0.031471222583799134,0.031472478022249874,0.03147373300292222,0.0314749875261164,0.031476241592188745,0.03147749520145193,0.03147874835419657,0.031480001050753825,0.03148125329145101,0.03148250507659833,0.03148375640647503,0.03148500728145643,0.03148625770183762,0.031487507667920564,0.031488757180041155,0.03149000623849095,0.03149125484359516,0.03149250299568465,0.03149375069505045,0.03149499794200829,0.03149624473688881,0.03149749107999469,0.03149873697163554,0.031499982412131276,0.03150122740177204,0.0315024719408861,0.03150371602979776,0.031504959668793575,0.03150620285819595,0.03150744559831135,0.03150868788942522,0.03150992973189236,0.03151117112601614,0.03151241207209726,0.03151365257044328,0.0315148926213877,0.03151613222518634,0.03151737138217837,0.0315186100926594,0.03151984835694167,0.03152108617536668,0.03152232354817577,0.03152356047570738,0.031524796958271914,0.031526032996167824,0.031527268589706774,0.03152850373918803,0.03152973844491935,0.03153097270721943,0.031532206526382084,0.03153343990270724,0.031534672836479385,0.03153590532800756,0.0315371373776578,0.03153836898568227,0.03153960015237317,0.031540830878037794,0.03154206116291715,0.03154329100741059,0.03154452041191109,0.03154574937647074,0.031546977901537196,0.031548205987379244,0.03154943363431603,0.031550660842644046,0.03155188761262469,0.031553113944592225,0.03155433983890618,0.03155556529573606,0.03155679031544475,0.031558014898340155,0.03155923904475639,0.031560462754892604,0.031561686029078426,0.0315629088676358,0.03156413127082999,0.03156535323898982,0.0315665747724183,0.03156779587136893,0.0315690165361758,0.03157023676709641,0.03157145656446992,0.03157267592855573,0.031573894859668404,0.031575113358091725,0.03157633142413204,0.031577549058083576,0.031578766260221304,0.031579983030821074,0.031581199370302036,0.03158241527873904,0.03158363075653307,0.03158484580398524,0.03158606042125292,0.031587274608867476,0.03158848836699951,0.03158970169605805,0.03159091459611782,0.03159212706755894,0.03159333911062984,0.03159455072566387,0.031595761912999114,0.031596972672851255,0.031598183005570914,0.03159939291140836,0.03160060239065679,0.03160181144359936,0.0316030200705057,0.031604228271775794,0.031605436047526705,0.0316066433981181,0.03160785032379061,0.031609056824918935,0.03161026290174426,0.031611468554553726,0.03161267378371033,0.0316138785893419,0.03161508297180265,0.03161628693138171,0.03161749046837835,0.031618693583039086,0.03161989627560499,0.03162109854649797,0.03162230039591847,0.031623501824151135,0.031624702831477114,0.031625903418182166,0.03162710358462221,0.03162830333092676,0.03162950265745498,0.03163070156447654,0.03163190005228786,0.03163309812115348,0.03163429577136082,0.03163549300318957,0.031636689816911895,0.03163788621280121,0.031639082191163785,0.03164027775225306,0.03164147289636149,0.03164266762375919,0.03164386193472612,0.0316450558295341,0.03164624930846283,0.03164744237179054,0.03164863501985117,0.03164982725280013,0.031651019070972966,0.0316522104746433,0.03165340146409144,0.03165459203958096,0.0316557822014014,0.031656971949820846,0.03165816128511149,0.03165935020755306,0.03166053871741253,0.03166172681496541,0.03166291450048515,0.03166410177424638,0.03166528863658102,0.03166647508769227,0.03166766112778284,0.03166884675717881,0.03167003197629524,0.03167121678520411,0.03167240118426215,0.03167358517368274,0.031674768753773515,0.03167595192479187,0.03167713468710664,0.0316783170406775,0.03167949898623713,0.031680680523681774,0.031681861653574034,0.03168304237602915,0.03168422269139185,0.031685402599732744,0.03168658210150191,0.03168776119691992,0.031688939886220506,0.031690118169749176,0.03169129604768596,0.03169247352030676,0.03169365058789652,0.031694827250721605,0.03169600350904506,0.03169717936314155,0.031698354813266404,0.03169952985958409,0.031700704502558026,0.03170187874236535,0.03170305257924445,0.03170422601350528,0.03170539904537348,0.03170657167511707,0.03170774390303095,0.0317089157293237,0.031710087154284874,0.03171125817818947,0.03171242880129344,0.03171359902385259,0.03171476884610987,0.03171593826834253,0.03171710729081591,0.03171827591382243,0.03171944413755412,0.031720611962324015,0.031721779388369946,0.03172294641595506,0.03172411304531834,0.03172527927691727,0.03172644511066164,0.03172761054699678,0.03172877558616718,0.031729940228443665,0.03173110447421924,0.03173226832342593,0.031733431776493425,0.03173459483372703,0.03173575749531378,0.031736919761517615,0.03173808163260082,0.03173924310886919,0.03174040419045194,0.0317415648776818,0.03174272517089255,0.031743885070282946,0.03174504457594074,0.03174620368850738,0.031747362408038694,0.0317485207346927,0.03174967866886666,0.03175083621066935,0.03175199336045016,0.03175315011839387,0.03175430648490422,0.03175546246002446,0.03175661804407702,0.031757773237405515,0.03175892804006746,0.031760082452514576,0.03176123647487163,0.031762390107542664,0.03176354335069598,0.031764696204579786,0.03176584866943813,0.03176700074551603,0.031768152433070705,0.031769303732313514,0.03177045464355861,0.03177160516693283,0.03177275530288426,0.031773905051322944,0.031775054413009686,0.0317762033878422,0.031777351976175504,0.031778500178196084,0.031779647994201105,0.03178079542444483,0.0317819424691331,0.0317830891285224,0.03178423540285654,0.03178538129245574,0.03178652679744519,0.03178767191814873,0.031788816654820154,0.031789961007665735,0.03179110497690652,0.031792248562822284,0.03179339176564375,0.03179453458564194,0.03179567702302648,0.03179681907808317,0.03179796075111656,0.03179910204219726,0.03180024295163,0.031801383479693295,0.031802523626649905,0.031803663392729,0.03180480277815414,0.03180594178317151,0.03180708040804504,0.03180821865300025,0.031809356518274934,0.031810494004115245,0.0318116311107791,0.03181276783847395,0.03181390418753728,0.031815040158038446,0.03181617575031619,0.03181731096460898,0.031818445801137935,0.03181958026016944,0.03182071434192304,0.03182184804665507,0.03182298137459211,0.03182411432594827,0.031825246901011385,0.03182637910000029,0.03182751092313687,0.03182864237067362,0.0318297734428584,0.031830904139885194,0.03183203446219912,0.03183316440960151,0.03183429398270241,0.03183542318162464,0.031836552006581344,0.03183768045785498,0.03183880853565855,0.03183993624022144,0.03184106357179287,0.031842190530598925,0.031843317116877025,0.03184444333078611,0.031845569172771926,0.03184669464286112,0.0318478197415004,0.03184894446864142,0.03185006882459877,0.03185119280971212,0.03185231642428523,0.031853439668400305,0.03185456254223965,0.03185568504611962,0.03185680718029748,0.031857928944978235,0.03185905034039546,0.031860171366787454,0.031861292024383384,0.03186241231341426,0.03186353223410372,0.03186465178669425,0.031865770971399726,0.03186688978846596,0.031868008238113345,0.03186912632064078,0.031870244036216216,0.03187136138502513,0.03187247836731868,0.0318735949833457,0.03187471123333482,0.031875827117575965,0.031876942636175465,0.03187805778942353,0.03187917257754966,0.031880287000778676,0.03188140105934096,0.03188251475346245,0.03188362808336931,0.03188474104928994,0.0318858536514798,0.03188696589010776,0.031888077765446145,0.03188918927771206,0.031890300427113806,0.03189141121384482,0.03189252163821068,0.031893631700384464,0.0318947414006185,0.03189585073911751,0.0318969597161321,0.03189806833186249,0.03189917658652537,0.03190028448037167,0.03190139201360037,0.031902499186458634,0.031903605999151145,0.031904712451913855,0.03190581854496193,0.03190692427851294,0.03190802965280638,0.03190913466805249,0.03191023932447002,0.03191134362229211,0.03191244756174039,0.031913551143027526,0.03191465436638345,0.031915757232026706,0.03191685974017094,0.03191796189104757,0.03191906368487725,0.03192016512186998,0.03192126620225349,0.03192236692624573,0.031923467294062945,0.03192456730593324,0.031925666962067806,0.0319267662626985,0.03192786520803431,0.03192896379828404,0.03193006203368557,0.03193115991444203,0.031932257440850584,0.0319333546129804,0.03193445143114405,0.03193554789561889,0.03193664400648854,0.031937739764000446,0.0319388351683932,0.031939930219948946,0.03194102491873235,0.03194211926510598,0.031943213259212996,0.031944306901081854,0.03194540019128536,0.03194649312994209,0.031947585717174924,0.0319486779532764,0.03194976983841341,0.03195086137277134,0.0319519525566154,0.03195304339015959,0.03195413387362655,0.031955224007194985,0.0319563137911118,0.03195740322555873,0.031958492310806635,0.03195958104699917,0.03196066943441917,0.03196175747319679,0.031962845163564096,0.03196393250579427,0.031965019500060345,0.031966106146631826,0.03196719244561851,0.03196827839726385,0.03196936400179209,0.031970449259404794,0.03197153417032372,0.031972618734770884,0.031973702952936514,0.03197478682504085,0.03197587035129384,0.03197695353192153,0.03197803636715108,0.0319791188571402,0.03198020100209842,0.03198128280225879,0.03198236425784098,0.03198344536905859,0.03198452613608291,0.03198560655913495,0.03198668663840473,0.03198776637413928,0.031988845766536,0.03198992481580051,0.03199100352216658,0.03199208188578979,0.03199315990688979,0.03199423758569988,0.03199531492241294,0.0319963919172374,0.03199746857038325,0.031998544882053094,0.03199962085244292,0.03200069648178071,0.032001771770261755,0.03200284671809553,0.03200392132546779,0.03200499559262195,0.032006069519740186,0.03200714310701721,0.03200821635467852,0.03200928926293322,0.03201036183194738,0.03201143406195431,0.032012505953194124,0.03201357750581729,0.032014648719985904,0.032015719596012085,0.03201679013399452,0.03201786033420889,0.03201893019684746,0.0320199997220985,0.03202106891013463,0.03202213776120748,0.03202320627550119,0.03202427445323818,0.0320253422945948,0.03202640979979543,0.032027476969012376,0.03202854380248158,0.032029610300366156,0.032030676462875954,0.03203174229022222,0.032032807782602236,0.03203387294017325,0.03203493776325418,0.032036002252069616,0.03203706640659452,0.03203813022716457,0.03203919371398677,0.03204025686718505,0.032041319687065035,0.03204238217378283,0.03204344432753196,0.03204450614851422,0.03204556763692648,0.03204662879296711,0.03204768961676471,0.03204875010865708,0.032049810268772086,0.032050870097307255,0.032051929594460016,0.03205298876042791,0.03205404759540755,0.03205510609959657,0.032056164273191426,0.03205722211639137,0.03205827962938838,0.03205933681238066,0.03206039366556011,0.03206145018912485,0.03206250638327904,0.03206356224821198,0.032064617784114464,0.03206567299127995,0.03206672786989812,0.032067782419905044,0.03206883664165675,0.03206989053530272,0.03207094410113538,0.03207199733934529,0.032073050250039384,0.03207410283349532,0.032075155089850475,0.032076207019319326,0.03207725862205455,0.03207830989832742,0.03207936084829157,0.032080411472141857,0.03208146177007577,0.03208251174227386,0.032083561388940356,0.032084610710253335,0.03208565970641569,0.03208670837761374,0.032087756724118253,0.03208880474597015,0.03208985244343737,0.03209089981670572,0.03209194686596482,0.03209299359141797,0.032094039993231266,0.03209508607172365,0.03209613182686817,0.03209717725896775,0.032098222368177914,0.03209926715473794,0.032100311618832755,0.032101355760626955,0.03210239958031018,0.03210344307807231,0.032104486254115154,0.032105529108617595,0.03210657164179512,0.032107613853790955,0.032108655744811795,0.032109697315048,0.03211073856469231,0.03211177949392273,0.032112820102938894,0.03211386039191675,0.03211490036105472,0.03211594001055471,0.032116979340568196,0.03211801835128806,0.032119057042911195,0.032120095415628165,0.03212113346961923,0.03212217120509067,0.03212320862218896,0.032124245721125634,0.03212528250207977,0.032126318965240784,0.032127355110790755,0.03212839093891248,0.03212942644980107,0.032130461643631314,0.03213149652059771,0.03213253108087361,0.03213356532465502,0.032134599252114836,0.03213563286344269,0.03213666615882388,0.03213769913846519,0.03213873180250189,0.03213976415114333,0.03214079618456876,0.03214182790296379,0.03214285930651167,0.032143890395395856,0.03214492116979786,0.032145951629901,0.032146981775889365,0.03214801160794056,0.03214904112624037,0.03215007033096924,0.032151099222314024,0.03215212780044123,0.032153156065548784,0.03215418401781222,0.03215521165741224,0.03215623898453143,0.032157265999347893,0.0321582927020483,0.032159319092822276,0.032160345171820925,0.032161370939240014,0.0321623963952574,0.03216342154005502,0.032164446373815304,0.03216547089671272,0.03216649510895462,0.032167519010669686,0.03216854260206655,0.032169565883316306,0.03217058885460128,0.03217161151613316,0.03217263386802558,0.03217365591049189,0.03217467764372989,0.032175699067859866,0.03217672018310485,0.032177740989632594,0.0321787614876154,0.03217978167724254,0.03218080155868499,0.032181821132119905,0.03218284039772599,0.032183859355677503,0.032184878006151614,0.032185896349325074,0.032186914385375014,0.03218793211447727,0.03218894953680818,0.03218996665254408,0.03219098346189222,0.03219199996496499,0.03219301616196953,0.03219403205307874,0.03219504763847163,0.03219606291832222,0.03219707789280213,0.032198092562092245,0.03219910692635992,0.032200120985776896,0.03220113474053122,0.03220214819078815,0.03220316133671733,0.032204174178504935,0.03220518671631833,0.03220619895036726,0.032207210880752526,0.032208222507684986,0.032209233831335796,0.03221024485187855,0.03221125556948572,0.03221226598425935,0.032213276096515496,0.03221428590635476,0.032215295413970405,0.03221630461949194,0.03221731352311195,0.03221832212500239,0.03221933042533517,0.03222033842428152,0.032221346122057376,0.0322223535187435,0.03222336061455959,0.03222436740967448,0.03222537390426048,0.03222638009848481,0.03222738599248401,0.03222839158649479,0.03222939688066929,0.03223040187515821,0.03223140657013967,0.03223241096577374,0.032233415062262204,0.03223441885973517,0.032235422358393606,0.032236425558389376,0.032237428459875206,0.03223843106300096,0.03223943336800967,0.03224043537502777,0.03224143708423222,0.03224243849575925,0.032243439609835514,0.03224444042660055,0.03224544094622312,0.032246441168877975,0.03224744109471216,0.032248440723897036,0.032249440056703126,0.032250439093117055,0.03225143783353698,0.03225243627783669,0.032253434426331655,0.03225443227918601,0.03225542983655178,0.03225642709860944,0.03225742406555086,0.03225842073751135,0.03225941711466591,0.03226041319712484,0.032261408985152236,0.0322624044788808,0.0322633996784555,0.03226439458405967,0.0322653891958465,0.03226638351398192,0.03226737753862965,0.03226837126995706,0.032269364708009486,0.03227035785319345,0.032271350705549144,0.03227234326522458,0.032273335532401214,0.032274327507274096,0.03227531918996246,0.03227631058064894,0.03227730167947264,0.03227829248661446,0.0322792830022566,0.03228027322653905,0.03228126315962995,0.0322822528015316,0.032283242152750316,0.03228423121323376,0.032285219983193836,0.032286208462860504,0.03228719665217399,0.03228818455149146,0.032289172160915244,0.032290159480631464,0.032291146510758845,0.03229213325148023,0.03229311970295711,0.03229410586544818,0.032295091738910445,0.03229607732365203,0.03229706261975331,0.03229804762742376,0.03229903234680191,0.032300016778061866,0.03230100092136174,0.03230198477686296,0.03230296834480064,0.032303951625258016,0.03230493461832337,0.032305917324332856,0.03230689974338713,0.032307881875458716,0.032308863720840277,0.032309845279678666,0.032310826552173245,0.032311807538458,0.03231278823869707,0.03231376865305398,0.032314748781681515,0.03231572862473399,0.032316708182507745,0.03231768745489464,0.032318666442193805,0.03231964514459845,0.0323206235622544,0.032321601695201235,0.03232257954378097,0.032323557107951234,0.03232453438805419,0.032325511384077826,0.032326488096274766,0.03232746452486575,0.0323284406698505,0.032329416531467245,0.03233039210987077,0.032331367405229766,0.03233234241772364,0.03233331714742928,0.03233429159454875,0.03233526575924247,0.032336239641669394,0.03233721324204841,0.03233818656037872,0.03233915959689379,0.03234013235176664,0.03234110482514365,0.0323420770171655,0.0323430489280786,0.032344020557873644,0.03234499190678748,0.032345962974975474,0.032346933762592095,0.03234790426979907,0.03234887449673523,0.032349844443555154,0.032350814110411553,0.03235178349747349,0.032352752604987406,0.032353721432911806,0.03235468998149079,0.03235565825100879,0.03235662624149892,0.03235759395297568,0.03235856138579324,0.03235952853984301,0.032360495415583536,0.03236146201306221,0.03236242833254995,0.032363394374045326,0.032364360137597005,0.0323653256234752,0.0323662908319215,0.032367255762924436,0.03236822041671451,0.032369184793592076,0.032370148893413705,0.032371112716485136,0.03237207626294687,0.03237303953300099,0.03237400252670852,0.03237496524426609,0.032375927685834846,0.03237688985153179,0.03237785174153048,0.032378813355978954,0.03237977469500913,0.03238073575879047,0.03238169654746907,0.03238265706123686,0.03238361730015716,0.032384577264423786,0.03238553695418428,0.03238649636960456,0.03238745551094705,0.032388414378128214,0.032389372971364405,0.03239033129083933,0.03239128933671404,0.03239224710913467,0.03239320460821725,0.032394161834137854,0.03239511878702823,0.03239607546706181,0.032397031874378146,0.03239798800911151,0.03239894387142863,0.03239989946139499,0.03240085477928929,0.03240180982518894,0.03240276459927202,0.032403719101647965,0.03240467333249534,0.032405627291934545,0.03240658098010974,0.03240753439718608,0.032408487543304325,0.03240944041862054,0.032410393023283066,0.03241134535740804,0.03241229742133415,0.03241324921486795,0.032414200738330956,0.03241515199184099,0.03241610297556407,0.032417053689653114,0.03241800413422983,0.0324189543094677,0.03241990421547968,0.03242085385248417,0.03242180322053,0.0324227523197963,0.03242370115042563,0.03242464971253454,0.032425598006337285,0.032426546031996024,0.032427493789570334,0.03242844127922056,0.03242938850110627,0.03243033545537038,0.03243128214219791,0.03243222856158808,0.03243317471384484,0.03243412059893018,0.032435066217206224,0.03243601156874397,0.03243695665357038,0.03243790147200199,0.03243884602410533,0.03243979031004028,0.03244073432992948,0.032441678083911026,0.03244262157210356,0.032443564794711104,0.0324445077518167,0.0324454504435721,0.03244639287014389,0.03244733503156683,0.03244827692816395,0.03244921855998212,0.032450159927183184,0.03245110102991879,0.03245204186829824,0.03245298244247912,0.03245392275258771,0.032454862798820594,0.032455802581236586,0.03245674210000312,0.032457681355322524,0.032458620347238024,0.03245955907591129,0.03246049754150503,0.03246143574417787,0.0324623736840625,0.03246331136126027,0.03246424877590898,0.032465185928252135,0.03246612281828258,0.03246705944620614,0.03246799581216719,0.032468931916410995,0.03246986775886795,0.03247080333976083,0.032471738659278646,0.032472673717533464,0.0324736085146565,0.03247454305079741,0.03247547732608505,0.032476411340642296,0.03247734509462772,0.032478278588184355,0.03247921182144955,0.03248014479453819,0.032481077507601604,0.0324820099607832,0.03248294215424734,0.03248387408807044,0.03248480576241422,0.032485737177411766,0.03248666833321844,0.03248759922997611,0.032488529867773674,0.03248946024679599,0.032490390367205954,0.03249132022904937,0.03249224983254038,0.03249317917779131,0.03249410826493391,0.0324950370940841,0.03249596566540241,0.032496893978948053,0.03249782203501912,0.032498749833683296,0.03249967737507133,0.03250060465923761,0.03250153168644174,0.03250245845670903,0.03250338497022727,0.03250431122706701,0.03250523722748648,0.03250616297158168,0.03250708845955366,0.03250801369134052,0.032508938667195106,0.03250986338720681,0.03251078785155724,0.032511712060404596,0.032512636013823704,0.032513559712063315,0.03251448315507659,0.03251540634308718,0.0325163292762504,0.032517251954661104,0.03251817437846774,0.03251909654784166,0.03252001846283134,0.032520940123627454,0.03252186153034789,0.0325227826831535,0.03252370358213446,0.032524624227467755,0.032525544619286674,0.03252646475766018,0.032527384642676724,0.03252830427463982,0.032529223653591004,0.032530142779667676,0.03253106165299727,0.03253198027371693,0.03253289864195951,0.03253381675785362,0.03253473462161191,0.032535652233207445,0.03253656959289871,0.03253748670071158,0.03253840355682396,0.03253932016138558,0.03254023651453199,0.03254115261635977,0.03254206846702693,0.03254298406674237,0.03254389941546759,0.03254481451343055,0.03254572936080845,0.0325466439576732,0.032547558304094,0.03254847240024914,0.03254938624627291,0.032550299842313606,0.03255121318848279,0.032552126284917444,0.03255303913182822,0.03255395172919631,0.03255486407729665,0.03255577617608838,0.032556688025870736,0.03255759962661653,0.03255851097854001,0.03255942208175608,0.03256033293641638,0.032561243542618294,0.03256215390051305,0.03256306401030344,0.032563973871948565,0.0325648834856712,0.0325657928515904,0.032566701969836756,0.032567610840617385,0.03256851946389971,0.03256942783990649,0.032570335968648646,0.03257124385052151,0.032572151485337514,0.03257305887346102,0.03257396601492663,0.03257487290987891,0.03257577955843204,0.03257668596071577,0.03257759211685722,0.0325784980270719,0.03257940369138927,0.0325803091097629,0.03258121428260303,0.03258211920993517,0.03258302389188268,0.03258392832850874,0.03258483252007088,0.03258573646662927,0.03258664016830977,0.032587543625239856,0.03258844683754293,0.032589349805344774,0.03259025252877178,0.032591155007949874,0.032592057242930905,0.032592959233987154,0.03259386098117146,0.032594762484686124,0.03259566374449902,0.032596564760807495,0.03259746553366654,0.03259836606336436,0.03259926634993056,0.032600166393498144,0.03260106619427098,0.032601965752386296,0.03260286506762353,0.03260376414043656,0.03260466297086658,0.03260556155904905,0.03260645990510094,0.03260735800914693,0.03260825587123955,0.03260915349164396,0.03261005087036849,0.03261094800762583,0.032611844903459405,0.03261274155806256,0.03261363797152469,0.03261453414396697,0.03261543007551533,0.03261632576619031,0.03261722121631635,0.03261811642591153,0.03261901139510145,0.03261990612397387,0.03262080061272088,0.03262169486143057,0.032622588870484824,0.032623482639485245,0.03262437616881476,0.032625269458594605,0.03262616250894659,0.03262705531995352,0.032627947891781715,0.03262884022458013,0.03262973231843865,0.03263062417347739,0.032631515789780415,0.03263240716756031,0.032633298306868175,0.03263418920783857,0.032635079870594594,0.032635970295258304,0.03263686048190695,0.03263775043070656,0.03263864014174908,0.03263952961526242,0.03264041885127032,0.03264130784985231,0.03264219661124061,0.03264308513550144,0.032643973422750855,0.03264486147310904,0.032645749286697834,0.0326466368636372,0.03264752420404665,0.0326484113080453,0.03264929817575231,0.032650184807285966,0.03265107120276979,0.03265195736233569,0.03265284328607152,0.03265372897411185,0.03265461442657708,0.032655499643782525,0.03265638462545058,0.032657269371899174,0.03265815388340409,0.032659038159765945,0.03265992220126724,0.03266080600800657,0.03266168958013185,0.03266257291774882,0.03266345602097153,0.03266433888992206,0.03266522152471935,0.03266610392547859,0.032666986092311535,0.03266786802534757,0.03266874972497521,0.03266963119074254,0.03267051242305591,0.03267139342205431,0.03267227418803203,0.03267315472071939,0.03267403502042585,0.03267491508726388,0.03267579492135041,0.03267667452294733,0.03267755389188419,0.03267843302842924,0.03267931193269985,0.03268019060480034,0.032681069044854606,0.03268194725297286,0.032682825229294436,0.03268370297404252,0.03268458048706473,0.032685457768616234,0.03268633481882245,0.03268721163778273,0.03268808822562211,0.03268896458245871,0.03268984070840341,0.03269071660353207,0.03269159226803696,0.03269246770200599,0.032693342905542495,0.03269421787876307,0.032695092621786145,0.032695967134733606,0.032696841417669535,0.03269771547079098,0.032698589294167205,0.03269946288797812,0.032700336252218964,0.032701209387063127,0.03270208229277241,0.032702954969157566,0.03270382741649592,0.03270469963489157,0.032705571624464636,0.032706443385340886,0.032707314917681925,0.03270818622145868,0.032709057296865074,0.03270992814401688,0.03271079876301353,0.03271166915397589,0.03271253931702748,0.032713409252289945,0.032714278959840117,0.03271514843981065,0.03271601769233357,0.03271688671749615,0.032717755515387185,0.032718624086172224,0.03271949242995223,0.032720360546826914,0.03272122843691943,0.032722096100329605,0.03272296353717903,0.03272383074756907,0.03272469773162654,0.03272556448944924,0.03272643102114795,0.032727297326846636,0.032728163406678085,0.03272902926069378,0.032729894889060564,0.03273076029185616,0.032731625469207395,0.03273249042122034,0.032733355148011664,0.03273421964968327,0.03273508392638703,0.032735947978169706,0.0327368118051861,0.032737675407523176,0.03273853878529957,0.032739401938616616,0.03274026486757842,0.03274112757234768,0.032741990052988876,0.03274285230962692,0.03274371434230929,0.03274457615127137,0.03274543773655552,0.03274629909830775,0.03274716023657209,0.03274802115148648,0.032748881843175294,0.03274974231174045,0.03275060255724433,0.032751462579878994,0.03275232237967451,0.03275318195683351,0.032754041311417265,0.03275490044352689,0.032755759353288345,0.032756618040835184,0.0327574765060617,0.03275833474929135,0.03275919277069294,0.03276005057027996,0.032760908148150275,0.03276176550441489,0.03276262263923082,0.032763479552582096,0.032764336244728055,0.0327651927157132,0.032766048965641434,0.03276690499460053,0.03276776080274172,0.03276861639027229,0.032769471757062955,0.03277032690341195,0.032771181829272134,0.032772036534831635,0.032772891020194955,0.03277374528547777,0.03277459933078684,0.03277545315622544,0.032776306761907015,0.03277716014785123,0.03277801331431419,0.0327788662613359,0.0327797189889401,0.03278057149737117,0.03278142378662485,0.03278227585695902,0.03278312770836019,0.03278397934091701,0.0327848307548492,0.032785681950193823,0.0327865329271523,0.0327873836856492,0.03278823422580732,0.03278908454786522,0.03278993465186961,0.032790784537877496,0.03279163420610236,0.03279248365655693,0.03279333288931758,0.03279418190461663,0.03279503070254262,0.03279587928310464,0.03279672764644682,0.03279757579269333,0.03279842372194478,0.03279927143430612,0.032800118929868664,0.032800966208747145,0.032801813271019116,0.032802660116946096,0.03280350674636911,0.032804353159561796,0.03280519935661272,0.03280604533752225,0.032806891102544616,0.03280773665188889,0.03280858198533894,0.03280942710309072,0.03281027200536445,0.032811116692192666,0.03281196116363569,0.032812805419922736,0.03281364946110209,0.03281449328725858,0.032815336898609535,0.03281618029504171,0.032817023476783745,0.032817866443907974,0.032818709196470446,0.03281955173489664,0.03282039405885953,0.03282123616863502,0.03282207806432962,0.032822919746029036,0.03282376121387174,0.032824602467940736,0.03282544350849009,0.032826284335345006,0.032827124948707556,0.032827965348624644,0.03282880553535447,0.032829645508910536,0.03283048526944092,0.03283132481695938,0.03283216415168814,0.0328330032736815,0.0328338421830049,0.0328346808797981,0.03283551936408793,0.03283635763604877,0.032837195695828186,0.03283803354346859,0.032838871179076246,0.03283970860271985,0.032840545814564255,0.032841382814760685,0.03284221960325005,0.032843056180160375,0.03284389254561445,0.032844728699828164,0.03284556464277876,0.0328464003747204,0.032847235895561926,0.03284807120548023,0.03284890630459233,0.03284974119298678,0.03285057587076436,0.032851410338115596,0.032852244594868414,0.03285307864128815,0.032853912477519065,0.032854746103715166,0.032855579519899585,0.032856412726184614,0.03285724572258325,0.03285807850933165,0.03285891108634838,0.03285974345389212,0.032860575612119115,0.03286140756101227,0.03286223930070303,0.03286307083126672,0.03286390215278977,0.032864733265426965,0.03286556416924804,0.03286639486434962,0.0328672253508431,0.032868055628809435,0.032868885698399915,0.03286971555953141,0.03287054521253788,0.03287137465742319,0.03287220389428449,0.032873032923149824,0.032873861744262614,0.03287469035764826,0.0328755187634343,0.032876346961662604,0.03287717495253933,0.0328780027359512,0.032878830312170405,0.03287965768132685,0.03288048484338469,0.03288131179850296,0.03288213854677978,0.03288296508831306,0.03288379142320173,0.032884617551570176,0.032885443473460244,0.0328862691890977,0.032887094698416795,0.0328879200015423,0.03288874509859116,0.032889569989764084,0.03289039467500248,0.032891219154539034,0.03289204342832219,0.03289286749655078,0.03289369135930587,0.03289451501672994,0.032895338468822234,0.03289616171580187,0.03289698475762087,0.032897807594517985,0.03289863022644904,0.0328994526536356,0.03290027487614984,0.032901096893979805,0.03290191870729975,0.03290274031620813,0.03290356172080049,0.03290438292122197,0.03290520391747038,0.03290602470969196,0.03290684529798323,0.03290766568250804,0.032908485863222946,0.03290930584029039,0.032910125613858636,0.0329109451839293,0.032911764550655066,0.032912583714053714,0.03291340267427779,0.03291422143150197,0.03291503998573249,0.03291585833709558,0.03291667648577918,0.032917494431715835,0.03291831217500992,0.032919129715804595,0.03291994705419523,0.032920764190275856,0.03292158112415563,0.03292239785590257,0.03292321438563559,0.03292403071342597,0.03292484683938141,0.03292566276371053,0.032926478486277465,0.03292729400729143,0.03292810932684166,0.032928924445037054,0.03292973936195243,0.032930554077710006,0.03293136859237678,0.03293218290605465,0.032932997018849566,0.03293381093083124,0.03293462464210604,0.03293543815275912,0.03293625146290345,0.03293706457263327,0.0329378774820859,0.03293869019123847,0.03293950270024581,0.03294031500920347,0.03294112711820224,0.0329419390273764,0.032942750736730086,0.032943562246458565,0.03294437355654842,0.03294518466715865,0.03294599557831985,0.032946806290209185,0.032947616802883835,0.032948427116435135,0.03294923723095748,0.03295004714652343,0.0329508568631777,0.03295166638116361,0.03295247570049736,0.03295328482126387,0.032954093743551044,0.03295490246745247,0.03295571099307004,0.03295651932054294,0.03295732744985164,0.0329581353812057,0.03295894311461538,0.03295975065015739,0.03296055798795983,0.032961365128114116,0.03296217207068635,0.03296297881580571,0.03296378536356036,0.03296459171403258,0.03296539786731969,0.03296620382350201,0.032967009582640885,0.03296781514489033,0.03296862051031892,0.03296942567901032,0.03297023065106428,0.03297103542656196,0.03297184000561286,0.0329726443882767,0.032973448574662376,0.032974252564855346,0.03297505635895676,0.03297585995704903,0.03297666335921914,0.032977466565613935,0.03297826957621722,0.03297907239117433,0.032979875010574,0.03298067743450669,0.032981479663060184,0.03298228169632829,0.03298308353440517,0.032983885177369936,0.0329846866252688,0.03298548787827885,0.03298628893645853,0.03298708979988143,0.03298789046866153,0.03298869094288294,0.032989491222571,0.03299029130790447,0.03299109119893383,0.032991890895707955,0.032992690398417415,0.03299348970708952,0.03299428882183591,0.03299508774270963,0.03299588646981606,0.032996685003233515,0.03299748334306862,0.03299828148938814,0.032999079442327266,0.03299987720191024,0.03300067476827911,0.03300147214151942,0.033002269321664675,0.03300306630888261,0.03300386310318309,0.033004659704646715,0.03300545611348969,0.033006252329710495,0.03300704835341172,0.03300784418468597,0.03300863982360328,0.033009435270254246,0.033010230524759175,0.033011025587154845,0.03301182045754622,0.03301261513598058,0.03301340962263029,0.03301420391754912,0.03301499802082485,0.0330157919324907,0.0330165856527758,0.03301737918164656,0.033018172519193124,0.03301896566549455,0.03301975862071988,0.03302055138488496,0.03302134395813585,0.033022136340513625,0.033022928532128154,0.033023720533039404,0.033024512343354975,0.03302530396312855,0.03302609539251724,0.03302688663154791,0.03302767768031968,0.033028468538915876,0.03302925920742992,0.033030049685955375,0.03303083997456166,0.033031630073315825,0.03303241998237885,0.033033209701764946,0.03303399923158673,0.03303478857191128,0.0330355777228734,0.03303636668452828,0.0330371554569738,0.03303794404028073,0.03303873243453971,0.03303952063983939,0.033040308656264526,0.03304109648388816,0.03304188412280908,0.03304267157309746,0.03304345883487109,0.03304424590826754,0.03304503279322666,0.033045819489881854,0.0330466059983403,0.033047392318713543,0.03304817845106495,0.03304896439548567,0.033049750151996814,0.03305053572088164,0.033051321101940125,0.033052106295449336,0.033052891301453204,0.03305367612001663,0.03305446075123792,0.03305524519520437,0.03305602945205695,0.03305681352176027,0.03305759740445355,0.03305838110018742,0.033059164609101035,0.033059947931274716,0.033060731066823924,0.03306151401572867,0.03306229677817562,0.03306307935413189,0.033063861743796184,0.03306464394730055,0.03306542596453597,0.033066207795710886,0.03306698944089187,0.0330677709001397,0.0330685521735909,0.03306933326131718,0.03307011416342276,0.033070894879985845,0.03307167541090793,0.03307245575642408,0.03307323591662867,0.03307401589158241,0.033074795681346185,0.0330755752860379,0.033076354705827406,0.03307713394062685,0.03307791299063952,0.033078691855870375,0.033079470536425216,0.03308024903239058,0.03308102734384242,0.03308180547093067,0.033082583413652694,0.033083361172121156,0.03308413874649345,0.03308491613670894,0.033085693342916396,0.03308647036527206,0.033087247203724225,0.03308802385848371,0.03308880032947047,0.03308957661689114,0.033090352720841903,0.03309112864131142,0.0330919043785098,0.033092679932446745,0.03309345530317909,0.03309423049072776,0.03309500549536753,0.03309578031700899,0.03309655495573346,0.033097329411743696,0.033098103685035386,0.033098877775730125,0.033099651683870156,0.033100425409525444,0.03310119895284647,0.0331019723139499,0.033102745492772465,0.03310351848950655,0.03310429130419766,0.03310506393691608,0.033105836387707734,0.03310660865675731,0.03310738074405933,0.03310815264973272,0.033108924373870766,0.03310969591651002,0.03311046727779769,0.03311123845772298,0.033112009456382326,0.03311278027391096,0.03311355091039259,0.033114321365829855,0.03311509164040532,0.033115861734153755,0.03311663164721976,0.03311740137950384,0.033118170931186505,0.03311894030243161,0.03311970949320247,0.033120478503587285,0.03312124733370707,0.03312201598369892,0.03312278445362435,0.03312355274346277,0.03312432085335661,0.033125088783351,0.03312585653350678,0.03312662410414086,0.03312739149501098,0.03312815870636033,0.033128925738207735,0.03312969259066789,0.03313045926379329,0.03313122575764661,0.03313199207237695,0.033132758207995314,0.033133524164657896,0.033134289942350084,0.033135055541279324,0.03313582096140751,0.03313658620283452,0.033137351265642497,0.033138116149930674,0.03313888085580383,0.0331396453832984,0.03314040973256936,0.033141173903516126,0.033141937896405294,0.0331427017111591,0.03314346534797673,0.03314422880692985,0.033144992087988275,0.03314575519133707,0.03314651811703175,0.033147280865159924,0.03314804343585455,0.033148805828998686,0.033149568044828104,0.03315033008341476,0.0331510919447407,0.033151853629016764,0.03315261513626409,0.03315337646650036,0.03315413761989914,0.03315489859642514,0.03315565939623403,0.03315642001940155,0.033157180466092805,0.033157940736206544,0.033158700829868416,0.033159460747307044,0.033160220488429315,0.03316098005335238,0.03316173944218189,0.03316249865499389,0.03316325769182518,0.03316401655277507,0.0331647752378908,0.033165533747327655,0.033166292081112256,0.033167050239304025,0.03316780822199109,0.0331685660293115,0.03316932366125095,0.03317008111795776,0.03317083839950358,0.03317159550591571,0.03317235243731961,0.03317310919380682,0.033173865775351065,0.033174622182068354,0.03317537841407703,0.03317613447141964,0.033176890354177244,0.033177646062491004,0.03317840159635915,0.03317915695585593,0.03317991214108618,0.03318066715212803,0.03318142198913441,0.033182176652057,0.03318293114100182,0.03318368545606791,0.033184439597277016,0.033185193564742525,0.033185947358548344,0.033186700978767726,0.0331874544255035,0.03318820769878547,0.033188960798715146,0.033189713725350733,0.03319046647872345,0.03319121905901758,0.03319197146624749,0.03319272370050823,0.03319347576182284,0.033194227650323156,0.03319497936604301,0.03319573090909823,0.03319648227954631,0.03319723347744299,0.03319798450287486,0.03319873535592479,0.03319948603666513,0.033200236545211995,0.03320098688155716,0.03320173704581899,0.03320248703808231,0.03320323685835247,0.033203986506820736,0.03320473598350643,0.03320548528848226,0.03320623442179893,0.0332069833835258,0.03320773217373258,0.03320848079257743,0.03320922924008122,0.033209977516343636,0.03321072562137947,0.0332114735552889,0.03321222131816031,0.0332129689100371,0.0332137163310137,0.03321446358116408,0.03321521066058502,0.033215957569329324,0.03321670430745412,0.033217450875071435,0.03321819727220194,0.0332189434989597,0.03321968955542869,0.03322043544160206,0.03322118115765807,0.03322192670362892,0.03322267207956392,0.033223417285580086,0.03322416232171991,0.0332249071880439,0.03322565188465195,0.03322639641160477,0.033227140769025484,0.03322788495694388,0.03322862897539067,0.03322937282448844,0.03323011650431879,0.03323086001494477,0.033231603356379834,0.03323234652877665,0.03323308953218638,0.033233832366686186,0.0332345750323353,0.03323531752920724,0.03323605985732452,0.033236802016814976,0.033237544007788215,0.03323828583024834,0.033239027484298175,0.03323976896999709,0.033240510287435736,0.03324125143663239,0.03324199241773598,0.03324273323076809,0.0332434738758419,0.03324421435298269,0.03324495466229468,0.03324569480382346,0.03324643477779791,0.03324717458399245,0.033247914222792545,0.033248653694003386,0.03324939299775657,0.03325013213422997,0.033250871103391026,0.03325160990537919,0.033252348540244406,0.03325308700810359,0.033253825309134566,0.0332545634430462,0.033255301410117157,0.03325603921042529,0.033256776844076436,0.03325751431106075,0.03325825161150996,0.0332589887455019,0.03325972571298345,0.033260462514197606,0.03326119914914683,0.033261935617884944,0.03326267192053193,0.033263408057105495,0.033264144027629304,0.033264879832319225,0.033265615471123736,0.03326635094416991,0.03326708625150327,0.03326782139322919,0.03326855636937787,0.03326929118003159,0.03327002582524926,0.03327076030512885,0.03327149461971745,0.03327222876911711,0.03327296275335397,0.03327369657255858,0.033274430226724265,0.033275163715985635,0.0332758970403591,0.03327663019992366,0.033277363194788516,0.03327809602503509,0.033278828690669525,0.033279561191802545,0.03328029352849773,0.033281025700815606,0.033281757708824716,0.033282489552614675,0.033283221232229106,0.03328395274776327,0.03328468409928764,0.03328541528685122,0.03328614631053532,0.033286877170386864,0.033287607866483215,0.03328833839894055,0.03328906876775347,0.03328979897302726,0.033290529014847074,0.03329125889328979,0.03329198860838511,0.033292718160206174,0.03329344754883244,0.033294176774327056,0.03329490583676371,0.03329563473622484,0.0332963634727759,0.03329709204646339,0.033297820457378405,0.03329854870561373,0.033299276791175364,0.03330000471416002,0.03330073247465679,0.03330146007271314,0.03330218750839636,0.033302914781760264,0.03330364189284926,0.03330436884182321,0.0333050956287083,0.03330582225359152,0.033306548716477646,0.03330727501747484,0.0333080011566733,0.03330872713409213,0.03330945294983268,0.033310178603952245,0.03331090409651676,0.033311629427623037,0.03331235459730006,0.03331307960561865,0.03331380445265436,0.03331452913847933,0.033315253663202586,0.0333159780268067,0.03331670222941672,0.03331742627107001,0.033318150151871194,0.033318873871936605,0.033319597431199284,0.033320320829823225,0.03332104406778771,0.03332176714522364,0.03332249006227646,0.0333232128188778,0.033323935415105886,0.033324657851089956,0.03332538012686439,0.0333261022425119,0.033326824198057894,0.03332754599365424,0.03332826762934637,0.03332898910509197,0.033329710421039216,0.03333043157727367,0.0333311525738627,0.03333187341084929,0.033332594088280945,0.033333314606232615,0.03333403496478594,0.033334755164007676,0.03333547520404457,0.033336195084810935,0.03333691480634515,0.03333763436899922,0.03333835377259818,0.033339073017248234,0.03333979210304131,0.03334051102999176,0.03334122979821398,0.033341948407850146,0.03334266685879254,0.03334338515121876,0.033344103285212534,0.03334482126080713,0.03334553907803,0.03334625673695629,0.03334697423759367,0.033347691580169134,0.03334840876456149,0.033349125791087016,0.03334984265963293,0.033350559370357094,0.03335127592322379,0.033351992318336125,0.03335270855576601,0.033353424635599926,0.033354140557863295,0.0333548563226293,0.033355571930007336,0.03335628737999921,0.03335700267269966,0.03335771780817944,0.03335843278650323,0.03335914760774171,0.033359862271905655,0.03336057677913265,0.03336129112947345,0.03336200532298212,0.03336271935971252,0.033363433239745534,0.033364146963136554,0.03336486052999275,0.03336557394030555,0.03336628719426856,0.03336700029180015,0.03336771323297865,0.03336842601789572,0.033369138646518526,0.03336985111913381,0.03337056343568577,0.03337127559625599,0.033371987600889684,0.03337269944968431,0.03337341114265867,0.03337412267989982,0.03337483406149445,0.03337554528745972,0.03337625635787669,0.03337696727281284,0.03337767803235469,0.03337838863650636,0.03337909908540503,0.03337980937907697,0.03338051951759201,0.03338122950100677,0.03338193932941258,0.03338264900285214,0.03338335852146801,0.033384067885175575,0.033384777094151975,0.03338548614836476,0.033386195047926955,0.033386903792904356,0.03338761238337106,0.03338832081943176,0.03338902910106474,0.033389737228353984,0.03339044520145134,0.03339115302036761,0.03339186068506676,0.03339256819574199,0.03339327555233018,0.033393982754967515,0.03339468980370476,0.03339539669864213,0.033396103439869755,0.03339681002744491,0.03339751646130663,0.03339822274155432,0.03339892886831302,0.03339963484163364,0.0334003406615652,0.03340104632819232,0.033401751841570015,0.033402457201747324,0.033403162408784916,0.03340386746274974,0.033404572363719486,0.033405277111702845,0.03340598170691477,0.03340668614942509,0.03340739043899907,0.03340809457587103,0.03340879856001037,0.03340950239167799,0.03341020607086432,0.03341090959756931,0.03341161297202922,0.03341231619406983,0.03341301926385152,0.03341372218144331,0.033414424946870025,0.033415127560261756,0.033415830021672706,0.033416532331179145,0.03341723448872126,0.03341793649445082,0.03341863834846046,0.03341934005073351,0.03342004160137396,0.03342074300022251,0.03342144424778681,0.033422145343890784,0.03342284628858431,0.0334235470820119,0.0334242477241137,0.033424948215049335,0.033425648554869736,0.03342634874355885,0.0334270487812299,0.033427748667951875,0.03342844840375134,0.03342914798872709,0.03342984742291879,0.033430546706416306,0.033431245839241494,0.03343194482149702,0.03343264365326144,0.033433342334514636,0.03343404086535324,0.0334347392458564,0.03343543747613287,0.03343613555611348,0.03343683348596152,0.03343753126567547,0.03343822889535862,0.033438926375086005,0.03343962370485984,0.03344032088479942,0.033441017914934805,0.03344171479535404,0.03344241152608864,0.03344310810714677,0.033443804538579,0.033444500820640696,0.03344519695326506,0.03344589293651136,0.033446588770426625,0.033447284455089786,0.03344797999065362,0.033448675377028426,0.033449370614339155,0.03345006570263727,0.03345076064197918,0.03345145543239713,0.03345215007405261,0.03345284456690174,0.033453538910987006,0.03345423310647078,0.03345492715334501,0.03345562105169049,0.03345631480157198,0.03345700840303638,0.03345770185628237,0.03345839516111961,0.0334590883177165,0.03345978132615199,0.033460474186472196,0.03346116689867935,0.033461859463038666,0.033462551879367065,0.03346324414784966,0.03346393626850084,0.03346462824143965,0.03346532006662535,0.033466011744190956,0.03346670327418812,0.03346739465664742,0.03346808589165468,0.03346877697922522,0.0334694679194908,0.033470158712477195,0.033470849358114965,0.03347153985673342,0.033472230208246904,0.03347292041265549,0.03347361047014787,0.033474300380770795,0.03347499014449896,0.033475679761371106,0.03347636923150912,0.033477058554932146,0.033477747731774005,0.033478436762022785,0.03347912564574014,0.03347981438304732,0.03348050297391556,0.03348119141845829,0.03348187971671548,0.033482567868748016,0.03348325587461913,0.0334839437344028,0.0334846314481423,0.03348531901588017,0.033486006437748565,0.033486693713701526,0.033487380843831856,0.03348806782820343,0.03348875466688703,0.03348944135995093,0.033490127907438695,0.03349081430938889,0.033491500565845156,0.03349218667693016,0.03349287264261981,0.03349355846307259,0.03349424413829594,0.03349492966834814,0.03349561505328696,0.03349630029317031,0.03349698538805602,0.03349767033800186,0.0334983551430658,0.03349903980330549,0.033499724318778665,0.033500408689543036,0.033501092915656235,0.03350177699717588,0.03350246093415958,0.033503144726664894,0.0335038283747492,0.03350451187847023,0.03350519523788533,0.033505878453051904,0.03350656152402734,0.03350724445086901,0.03350792723364528,0.0335086098723913,0.03350929236717527,0.033509974718054086,0.0335106569250859,0.03351133898832735,0.033512020907835505,0.033512702683667496,0.03351338431588031,0.033514065804531076,0.03351474714967662,0.033515428351373965,0.03351610940968,0.03351679032465165,0.03351747109634557,0.0335181517248189,0.03351883221012823,0.033519512552292755,0.03352019275144437,0.03352087280760214,0.03352155272082341,0.033522232491163394,0.033522912118678964,0.033523591603427494,0.03352427094546506,0.0335249501448482,0.03352562920163329,0.03352630811587684,0.03352698688763409,0.033527665516963484,0.033528344003920296,0.03352902234856083,0.03352970055094134,0.033530378611117996,0.03353105652914703,0.03353173430508456,0.033532411938986664,0.03353308943090935,0.03353376678090898,0.033534443989041283,0.03353512105536229,0.033535797979928166,0.033536474762794644,0.03353715140401764,0.03353782790365286,0.03353850426175639,0.03353918047838466,0.033539856553591894,0.03354053248743113,0.033541208279964825,0.0335418839312455,0.033542559441331984,0.03354323481027316,0.03354391003812773,0.03354458512495148,0.033545260070799734,0.03354593487572816,0.033546609539792084,0.03354728406304681,0.03354795844554794,0.0335486326873505,0.03354930678851036,0.03354998074908208,0.03355065456912057,0.03355132824868211,0.033552001787821716,0.03355267518659414,0.03355334844505444,0.033554021563257846,0.03355469454125984,0.03355536737911461,0.03355604007687749,0.03355671263460335,0.03355738505234717,0.0335580573301639,0.03355872946810846,0.033559401466235525,0.0335600733245999,0.033560745043236105,0.03356141662223936,0.03356208806164413,0.03356275936150504,0.033563430521908307,0.03356410154284539,0.033564772424402596,0.033565443166634144,0.03356611376959466,0.03356678423333866,0.03356745455792096,0.03356812474339516,0.03356879478981606,0.03356946469723796,0.03357013446571521,0.03357080409530217,0.03357147358613043,0.033572142938099216,0.03357281215134029,0.033573481225907795,0.03357415016185598,0.03357481895929461,0.033575487618166006,0.033576156138580136,0.03357682452059106,0.03357749276425261,0.033578160869618796,0.03357882883674353,0.03357949666568114,0.033580164356546365,0.033580831909269825,0.03358149932396711,0.03358216660070848,0.03358283373951468,0.03358350074049401,0.033584167603693336,0.03358483432907626,0.03358550091674505,0.033586167366774916,0.033586833679195405,0.03358749985407233,0.03358816589146503,0.03358883179141521,0.03358949755394995,0.033590163179187095,0.03359082866714775,0.03359149401794131,0.033592159231527724,0.03359282430797866,0.03359348924734582,0.033594154049723164,0.03359481871516735,0.03359548324368371,0.0335961476353507,0.03359681189022538,0.03359747600834849,0.03359813998974836,0.03359880383451182,0.03359946754273456,0.033600131114430686,0.03360079454963096,0.03360145784836611,0.03360212101075883,0.033602784036830056,0.03360344692663261,0.03360410968021923,0.0336047722976425,0.0336054347790117,0.03360609712426644,0.03360675933351584,0.033607421406813144,0.033608083344209595,0.033608745145759095,0.03360940681151269,0.033610068341523594,0.03361072973584258,0.03361139099453169,0.03361205211763045,0.03361271310524108,0.033613373957323806,0.03361403467397846,0.033614695255256836,0.03361535570121571,0.03361601601202802,0.03361667618749233,0.033617336227788806,0.033617996132929595,0.03361865590301432,0.033619315538119185,0.03361997503826618,0.033620634403472835,0.03362129363385559,0.033621952729436785,0.033622611690272114,0.03362327051640131,0.03362392920788284,0.033624587764736175,0.03362524618707593,0.033625904474895434,0.033626562628301826,0.03362722064731915,0.033627878531967914,0.033628536282364535,0.03362919389852576,0.033629851380523726,0.03363050872834205,0.033631165942077185,0.03363182302182403,0.03363247996758737,0.03363313677939546,0.03363379345732696,0.0336344500014519,0.03363510641182065,0.03363576268843843,0.03363641883138818,0.033637074840751235,0.03363773071654826,0.03363838645883024,0.03363904206764854,0.03363969754304915,0.03364035288506607,0.033641008093799905,0.033641663169274375,0.03364231811151279,0.03364297292062299,0.03364362759663225,0.03364428213957899,0.03364493654951487,0.03364559082650328,0.03364624497058091,0.03364689898178669,0.033647552860212517,0.033648206605867044,0.03364886021884267,0.03364951369917552,0.03365016704690394,0.0336508202620906,0.033651473344772996,0.0336521262950081,0.03365277911282724,0.0336534317983217,0.03365408435164468,0.033654736772578624,0.033655389061346304,0.033656041217977314,0.03365669324250173,0.033657345135031914,0.03365799689551964,0.0336586485240663,0.03365930002073131,0.033659951385551175,0.033660602618547086,0.03366125371982776,0.0336619046894167,0.03366255552736406,0.03366320623372007,0.033663856808536306,0.03366450725186702,0.03366515756394377,0.033665807744404294,0.03366645779355623,0.033667107711416844,0.03366775749803686,0.03366840715346937,0.03366905667775762,0.033669706071154715,0.033670355333308505,0.033671004464469925,0.03367165346465972,0.03367230233398655,0.03367295107247044,0.03367359968028085,0.033674248157251195,0.03367489650350405,0.033675544719118565,0.03367619280427551,0.03367684075864889,0.03367748858263133,0.033678136276338304,0.03367878383947107,0.03367943127221948,0.033680078574674074,0.033680725746877374,0.03368137278891176,0.033682019700773856,0.033682666482735824,0.033683313134435074,0.03368395965616852,0.033684606048031945,0.033685252309964595,0.03368589844198045,0.033686544444189684,0.033687190316650184,0.0336878360593949,0.03368848167246321,0.03368912715594019,0.03368977250994326,0.03369041773434482,0.0336910628292958,0.03369170779481982,0.033692352631054835,0.03369299733789961,0.033693641915508714,0.03369428636392078,0.03369493068308734,0.03369557487314405,0.033696218934139,0.03369686286612599,0.033697506669122704,0.033698150343236304,0.033698793888428384,0.03369943730478849,0.03370008059234165,0.03370072375118097,0.03370136678134621,0.03370200968286792,0.0337026524558052,0.033703295100199475,0.03370393761610303,0.03370458000356153,0.03370522226262874,0.033705864393322134,0.033706506395749306,0.03370714826992343,0.03370779001588765,0.03370843163375755,0.033709073123444164,0.033709714485095424,0.03371035571873537,0.033710996824454324,0.03371163780223257,0.033712278652142484,0.03371291937422585,0.033713559968601405,0.0337142004352087,0.03371484077412494,0.03371548098547953,0.03371612106920565,0.03371676102537279,0.03371740085406663,0.033718040555352505,0.03371868012924824,0.03371931957581052,0.033719958895075876,0.0337205980871128,0.03372123715193545,0.033721876089649855,0.033722514900235076,0.03372315358375999,0.03372379214026325,0.033724430569838294,0.0337250688725283,0.03372570704829016,0.03372634509730048,0.03372698301954248,0.0337276208150364,0.033728258483836863,0.033728896026032,0.03372953344163311,0.033730170730710274,0.03373080789333088,0.033731444929453534,0.03373208183922825,0.033732718622661195,0.03373335527981222,0.03373399181069469,0.03373462821535369,0.0337352644938633,0.033735900646285635,0.03373653667263035,0.03373717257297956,0.03373780834736026,0.033738443995827316,0.03373907951847038,0.0337397149152317,0.033740350186252134,0.033740985331514414,0.033741620351116726,0.033742255245048,0.0337428900133887,0.03374352465617569,0.03374415917347776,0.03374479356537586,0.03374542783181873,0.03374606197294609,0.03374669598871489,0.03374732987925648,0.033747963644603154,0.033748597284755336,0.03374923079975206,0.033749864189668764,0.03375049745454772,0.033751130594445844,0.03375176360939896,0.033752396499445766,0.033753029264628795,0.03375366190509814,0.03375429442075441,0.03375492681170451,0.033755559077999146,0.033756191219656506,0.03375682323675795,0.03375745512933588,0.03375808689742239,0.03375871854109211,0.033759350060353306,0.03375998145539585,0.033760612726080115,0.033761243872498084,0.0337618748947034,0.03376250579280306,0.03376313656674395,0.033763767216657276,0.033764397742517695,0.033765028144411534,0.03376565842237546,0.033766288576492796,0.03376691860674225,0.03376754851320539,0.033768178295929055,0.033768807954964015,0.03376943749041448,0.03377006690215614,0.03377069619031686,0.03377132535497539,0.0337719543962043,0.03377258331407147,0.033773212108494155,0.033773840779587366,0.03377446932739509,0.03377509775196171,0.033775726053315,0.033776354231535494,0.03377698228669014,0.03377761021873369,0.033778238027770344,0.03377886571383889,0.0337794932769932,0.033780120717260526,0.03378074803470013,0.03378137522934937,0.03378200230129638,0.033782629250581814,0.03378325607713807,0.03378388278102209,0.03378450936242603,0.03378513582126773,0.033785762157717544,0.03378638837168722,0.033787014463266075,0.03378764043250859,0.03378826627945727,0.03378889200415833,0.033789517606665986,0.03379014308700712,0.03379076844519626,0.0337913936813672,0.03379201879551482,0.03379264378767566,0.03379326865791384,0.033793893406360735,0.03379451803282915,0.033795142537550456,0.03379576692050004,0.03379639118172513,0.033797015321227294,0.03379763933916828,0.033798263235534434,0.033798887010381876,0.033799510663685965,0.033800134195586556,0.03380075760609778,0.0338013808952205,0.03380200406302523,0.03380262710955274,0.03380325003489858,0.03380387283903564,0.03380449552203309,0.03380511808390192,0.033805740524778215,0.033806362844688465,0.03380698504365069,0.03380760712164756,0.033808229078825656,0.03380885091514567,0.033809472630726915,0.03381009422554619,0.03381071569978378,0.033811337053245204,0.033811958286113886,0.03381257939845583,0.033813200390287006,0.03381382126162794,0.03381444201256222,0.03381506264311549,0.0338156831533179,0.033816303543237065,0.03381692381283975,0.033817543962233056,0.033818163991525596,0.03381878390070578,0.033819403689805266,0.03382002335886787,0.033820642907949304,0.03382126233707549,0.03382188164624736,0.03382250083561725,0.03382311990519052,0.03382373885499881,0.03382435768503707,0.03382497639543408,0.03382559498614292,0.03382621345727489,0.03382683180885697,0.03382745004092462,0.03382806815353241,0.033828686146712125,0.03382930402051796,0.033829921774979524,0.03383053941007819,0.03383115692600637,0.033831774322713996,0.03383239160022288,0.033833008758657135,0.033833625798060867,0.03383424271835057,0.0338348595196756,0.03383547620205857,0.033836092765491696,0.03383670921010866,0.033837325535906265,0.033837941742928986,0.03383855783121979,0.03383917380081829,0.033839789651773415,0.03384040538409777,0.03384102099782985,0.033841636493084234,0.03384225186985645,0.03384286712819546,0.03384348226816937,0.03384409728979905,0.0338447121931233,0.033845326978186756,0.03384594164503339,0.03384655619370731,0.0338471706242554,0.03384778493670187,0.03384839913110086,0.03384901320749338,0.03384962716591207,0.03385024100630795,0.033850854728943044,0.03385146833374351,0.033852081820753735,0.033852695190003924,0.033853308441555485,0.03385392157544227,0.03385453459170678,0.033855147490391306,0.03385576027154002,0.03385637293519175,0.03385698548139058,0.03385759791017878,0.03385821022153817,0.03385882241559018,0.03385943449240013,0.033860046451968426,0.03386065829433727,0.03386127001954882,0.03386188162764521,0.03386249311867351,0.033863104492617264,0.033863715749620805,0.03386432688967752,0.033864937912829435,0.0338655488191242,0.03386615960859252,0.03386677028128201,0.033867380837239294,0.03386799127650067,0.03386860159910864,0.03386921180510189,0.033869821894525746,0.033870431867426797,0.03387104172384212,0.03387165146380872,0.03387226108737426,0.033872870594537655,0.033873479985411535,0.033874089260019655,0.03387469841851976,0.03387530746069874,0.03387591638673137,0.03387652519665001,0.0338771338904986,0.03387774246832164,0.033878350930155794,0.03387895927604115,0.03387956750603627,0.03388017562016298,0.03388078361847338,0.033881391501002125,0.033881999267793624,0.03388260691889227,0.03388321445417102,0.03388382187400184,0.03388442917822333,0.03388503636694865,0.033885643440188726,0.03388625039797831,0.03388685724035863,0.03388746396737852,0.03388807057903273,0.033888677075445815,0.03388928345661319,0.033889889722607015,0.03389049587352616,0.03389110190921448,0.03389170782982756,0.03389231363538674,0.03389291932599733,0.033893524901602114,0.03389413036232963,0.0338947357081689,0.03389534093917311,0.03389594605539361,0.03389655105685987,0.03389715594361932,0.03389776071570967,0.03389836537317104,0.03389896991604583,0.03389957434437839,0.033900178658200934,0.03390078285756501,0.03390138694253239,0.033901990913082214,0.033902594769293214,0.033903198511353205,0.03390380213900165,0.03390440565242382,0.033905009051664894,0.03390561233675388,0.03390621550780122,0.03390681856475307,0.03390742150774582,0.03390802433669632,0.03390862705171909,0.033909229652835965,0.033909832140115,0.03391043451351152,0.03391103677318947,0.033911638919134825,0.03391224095138757,0.03391284287003861,0.033913444675022775,0.033914046366431895,0.03391464794430971,0.03391524940871442,0.03391585075964177,0.03391645199716019,0.033917053121306766,0.03391765413211849,0.03391825502979157,0.03391885581406455,0.03391945648512063,0.033920057043004485,0.0339206574877497,0.033921257819404776,0.03392185803806067,0.033922458143648894,0.033923058136269175,0.033923658015959014,0.03392425778275652,0.03392485743670115,0.03392545697784069,0.03392605640622424,0.03392665572185093,0.03392725492478602,0.03392785401506669,0.03392845299273389,0.033929051857847135,0.03392965061040829,0.03393024925048354,0.03393084777811602,0.03393144619331413,0.03393204449608853,0.03393264268656466,0.03393324076474462,0.03393383873066744,0.03393443658440355,0.03393503432593426,0.0339356319553261,0.03393622947259577,0.03393682687783264,0.0339374241710502,0.03393802135229288,0.03393861842158849,0.033939215378982535,0.03393981222448125,0.033940408958188846,0.033941005580114446,0.033941602090295064,0.033942198488734775,0.03394279477554556,0.033943390950748324,0.03394398701430778,0.03394458296635278,0.03394517880689917,0.03394577453596932,0.03394637015366338,0.033946965659908034,0.03394756105480665,0.03394815633839017,0.03394875151070442,0.03394934657176933,0.03394994152164812,0.033950536360356574,0.03395113108795953,0.03395172570448626,0.033952320209973845,0.0339529146044611,0.033953508887987614,0.03395410306058868,0.03395469712230456,0.03395529107317475,0.0339558849132353,0.03395647864252595,0.033957072261089793,0.03395766576896295,0.033958259166184904,0.0339588524527934,0.03395944562882935,0.0339600386943278,0.03396063164932953,0.03396122449387256,0.03396181722783121,0.03396240985157127,0.033963002364968554,0.03396359476806129,0.03396418706088828,0.03396477924348926,0.03396537131590053,0.03396596327816353,0.03396655513031265,0.033967146872389935,0.03396773850443139,0.033968330026477735,0.03396892143856457,0.03396951274073126,0.03397010393301608,0.033970695015460066,0.033971285988098426,0.033971876850968426,0.03397246760410895,0.03397305824756108,0.033973648781362296,0.033974239205549636,0.033974829520160274,0.03397541972523412,0.03397600982081056,0.03397659980692285,0.03397718968361628,0.03397777945092204,0.03397836910888192,0.03397895865753215,0.033979548096908785,0.03398013742705492,0.03398072664800587,0.033981315759798805,0.03398190476247342,0.03398249365606842,0.03398308244062111,0.033983671116166625
8,0.0,0.0,0.0,0.0,0.0,0.0,0.0,0.0,0.0,0.0,0.0,0.0,0.0,0.0,0.0,0.0,0.0,0.0,0.0,0.0,0.0,0.0,0.0,0.0,0.0,0.0,0.0,0.0,0.0,0.0,0.0,0.0,0.0,0.0,0.0,0.0,0.0,0.0,0.0,0.0,0.0,0.0,0.0,0.0,0.0,0.0,0.0,0.0,0.0,0.0,0.0,0.0,0.0,0.0,0.0,0.0,0.0,0.0,0.0,0.0,0.0,0.0,0.0,0.0,0.0,0.0,0.0,0.0,0.0,0.0,0.0,0.0,0.0,0.0,0.0,0.0,0.0,0.0,0.0,0.0,0.0,0.0,0.0,0.0,0.0,0.0,0.0,0.0,0.0,0.0,0.0,0.0,0.0,0.0,0.0,0.0,0.0,0.0,0.0,0.0,0.0,0.0,0.0,0.0,0.0,0.0,0.0,0.0,0.0,0.0,0.0,0.0,0.0,0.0,0.0,0.0,0.0,0.0,0.0,0.0,0.0,0.0,0.0,0.0,0.0,0.0,0.0,0.0,0.0,0.0,0.0,0.0,0.0,0.0,0.0,0.0,0.0,0.0,0.0,0.0,0.0,0.0,0.0,0.0,0.0,0.0,0.0,0.0,0.0,0.0,0.0,0.0,0.0,0.0,0.0,0.0,0.0,0.0,0.0,0.0,0.0,0.0,0.0,0.0,0.0,0.0,0.0,0.0,0.0,0.0,0.0,0.0,0.0,0.0,0.0,0.0,0.0,0.0,0.0,0.0,0.0,0.0,0.0,0.0,0.0,0.0,0.0,0.0,0.0,0.0,0.0,0.0,0.0,0.0,0.0,0.0,0.0,0.0,0.0,0.0,0.0,0.0,0.0,0.0,0.0,0.0,0.0,0.0,0.0,0.0,0.0,0.0,0.0,0.0,0.0,0.0,0.0,0.0,0.0,0.0,0.0,0.0,0.0,0.0,0.0,0.0,0.0,0.0,0.0,0.0,0.0,0.0,0.0,0.0,0.0,0.0,0.0,0.0,0.0,0.0,0.0,0.0,0.0,0.0,0.0,0.0,0.0,0.0,0.0,0.0,0.0,0.0,0.0,0.0,0.0,0.0,0.0,0.0,0.0,0.0,0.0,0.0,0.0,0.0,0.0,0.0,0.0,0.0,0.0,0.0,0.0,0.0,0.0,0.0,0.0,0.0,0.0,0.0,0.0,0.0,0.0,0.0,0.0,0.0,0.0,0.0,0.0,0.0,0.0,0.0,0.0,0.0,0.0,0.0,0.0,0.0,0.0,0.0,0.0,0.0,0.0,0.0,0.0,0.0,0.0,0.0,0.0,0.0,0.0,0.0,0.0,0.0,0.0,0.0,0.0,0.0,0.0,0.0,0.0,0.0,0.0,0.0,0.0,0.0,0.0,0.0,0.0,0.0,0.0,0.0,0.0,0.0,0.0,0.0,0.0,0.0,0.0,0.0,0.0,0.0,0.0,0.0,0.0,0.0,0.0,0.0,0.0,0.0,0.0,0.0,0.0,0.0,0.0,0.0,0.0,0.0,0.0,0.0,0.0,0.0,0.0,0.0,0.0,0.0,0.0,0.0,0.0,0.0,0.0,0.0,0.0,0.0,0.0,0.0,0.0,0.0,0.0,0.0,0.0,0.0,0.0,0.0,0.0,0.0,0.0,0.0,0.0,0.0,0.0,0.0,0.0,0.0,0.0,0.0,0.0,0.0,0.0,0.0,0.0,0.0,0.0,0.0,0.0,0.0,0.0,0.0,0.0,0.0,0.0,0.0,0.0,0.0,0.0,0.0,0.0,0.0,0.0,0.0,0.0,0.0,0.0,0.0,0.0,0.0,0.0,0.0,0.0,0.0,0.0,0.0,0.0,0.0,0.0,0.0,0.0,0.0,0.0,0.0,0.0,0.0,0.0,0.0,0.0,0.0,0.0,0.0,0.0,0.0,0.0,0.0,0.0,0.0,0.0,0.0,0.0,0.0,0.0,0.0,0.0,0.0,0.0,0.0,0.0,0.0,0.0,0.0,0.0,0.0,0.0,0.0,0.0,0.0,0.0,0.0,0.0,0.0,0.0,0.0,0.0,0.0,0.0,0.0,0.0,0.0,0.0,0.0,0.0,0.0,0.0,0.0,0.0,0.0,0.0,0.0,0.0,0.0,0.0,0.0,0.0,0.0,0.0,0.0,0.0,0.0,0.0,0.0,0.0,0.0,0.0,0.0,0.0,0.0,0.0,0.0,0.0,0.0,0.0,0.0,0.0,0.0,0.0,0.0,0.0,0.0,0.0,0.0,0.0,0.0,0.0,0.0,0.0,0.0,0.0,0.0,0.0,0.0,0.0,0.0,0.0,0.0,0.0,0.0,0.0,0.0,0.0,0.0,0.0,0.0,0.0,0.0,0.0,0.0,0.0,0.0,0.0,0.0,0.0,0.0,0.0,0.0,0.0,0.0,0.0,0.0,0.0,0.0,0.0,0.0,0.0,0.0,0.0,0.0,0.0,0.0,0.0,0.0,0.0,0.0,0.0,0.0,0.0,0.0,0.0,0.0,0.0,0.0,0.0,0.0,0.0,0.0,0.0,0.0,0.0,0.0,0.0,0.0,0.0,0.0,0.0,0.0,0.0,0.0,0.0,0.0,0.0,0.0,0.0,0.0,0.0,0.0,0.0,0.0,0.0,0.0,0.0,0.0,0.0,0.0,0.0,0.0,0.0,0.0,0.0,0.0,0.0,0.0,0.0,0.0,0.0,0.0,0.0,0.0,0.0,0.0,0.0,0.0,0.0,0.0,0.0,0.0,0.0,0.0,0.0,0.0,0.0,0.0,0.0,0.0,0.0,0.0,0.0,0.0,0.0,0.0,0.0,0.0,0.0,0.0,0.0,0.0,0.0,0.0,0.0,0.0,0.0,0.0,0.0,0.0,0.0,0.0,0.0,0.0,0.0,0.0,0.0,0.0,0.0,0.0,0.0,0.0,0.0,0.0,0.0,0.0,0.0,0.0,0.0,0.0,0.0,0.0,0.0,0.0,0.0,0.0,0.0,0.0,0.0,0.0,0.0,0.0,0.0,0.0,0.0,0.0,0.0,0.0,0.0,0.0,0.0,0.0,0.0,0.0,0.0,0.0,0.0,0.0,0.0,0.0,0.0,0.0,0.0,0.0,0.0,0.0,0.0,0.0,0.0,0.0,0.0,0.0,0.0,0.0,0.0,0.0,0.0,0.0,0.0,0.0,0.0,0.0,0.0,0.0,0.0,0.0,0.0,0.0,0.0,0.0,0.0,0.0,0.0,0.0,0.0,0.0,0.0,0.0,0.0,0.0,0.0,0.0,0.0,0.0,0.0,0.0,0.0,0.0,0.0,0.0,0.0,0.0,0.0,0.0,0.0,0.0,0.0,0.0,0.0,0.0,0.0,0.0,0.0,0.0,0.0,0.0,0.0,0.0,0.0,0.0,0.0,0.0,0.0,0.0,0.0,0.0,0.0,0.0,0.0,0.0,0.0,0.0,0.0,0.0,0.0,0.0,0.0,0.0,0.0,0.0,0.0,0.0,0.0,0.0,0.0,0.0,0.0,0.0,0.0,0.0,0.0,0.0,0.0,0.0,0.0,0.0,0.0,0.0,0.0,0.0,0.0,0.0,0.0,0.0,0.0,0.0,0.0,0.0,0.0,0.0,0.0,0.0,0.0,0.0,0.0,0.0,0.0,0.0,0.0,0.0,0.0,0.0,0.0,0.0,0.0,0.0,0.0,0.0,0.0,0.0,0.0,0.0,0.0,0.0,0.0,0.0,0.0,0.0,0.0,0.0,0.0,0.0,0.0,0.0,0.0,0.0,0.0,0.0,0.0,0.0,0.0,0.0,0.0,0.0,0.0,0.0,0.0,0.0,0.0,0.0,0.0,0.0,0.0,0.0,0.0,0.0,0.0,0.0,0.0,0.0,0.0,0.0,0.0,0.0,0.0,0.0,0.0,0.0,0.0,0.0,0.0,0.0,0.0,0.0,0.0,0.0,0.0,0.0,0.0,0.0,0.0,0.0,0.0,0.0,0.0,0.0,0.0,0.0,0.0,0.0,0.0,0.0,0.0,0.0,0.0,0.0,0.0,0.0,0.0,0.0,0.0,0.0,0.0,0.0,0.0,0.0,0.0,0.0,0.0,0.0,0.0,0.0,0.0,0.0,0.0,0.0,0.0,0.0,0.0,0.0,0.0,0.0,0.0,0.0,0.0,0.0,0.0,0.0,0.0,0.0,0.0,0.0,0.0,0.0,0.0,0.0,0.0,0.0,0.0,0.0,0.0,0.0,0.0,0.0,0.0,0.0,0.0,0.0,0.0,0.0,0.0,0.0,0.0,0.0,0.0,0.0,0.0,0.0,0.0,0.0,0.0,0.0,1.369654006173772e-09,2.2783276967073716e-09,2.8926734923014768e-09,3.3203466767884176e-09,3.6307000740538484e-09,3.868302612746471e-09,4.061742324825162e-09,4.229340487178893e-09,4.3828489356757e-09,4.52983480362215e-09,4.6752138631348365e-09,4.822233505023388e-09,4.973101224107802e-09,5.129385633314784e-09,5.292272115137821e-09,5.4627260122906054e-09,5.6415973375303375e-09,5.829688765239749e-09,6.027800812177461e-09,6.2367630858372274e-09,6.457457275182586e-09,6.69083553219045e-09,6.9379366218601836e-09,7.199901433818486e-09,7.477988977127759e-09,7.77359371133641e-09,8.08826493273077e-09,8.423728892999778e-09,8.781914353280412e-09,9.16498235972984e-09,9.57536115638699e-09,1.001578734031285e-08,1.048935460962565e-08,1.0999571778508382e-08,1.155043214999158e-08,1.2146496882426382e-08,1.2792995688409667e-08,1.3495949132402412e-08,1.4262318013715284e-08,1.510018694440213e-08,1.6018991407417613e-08,1.702980052596186e-08,1.814567179476939e-08,1.938209957351844e-08,2.075758688245044e-08,2.2294380962401597e-08,2.4019428671738664e-08,2.59656303960708e-08,2.817350436280634e-08,3.069342282373845e-08,3.358865681379149e-08,3.6939582527969914e-08,4.084958586637462e-08,4.545349759257132e-08,5.0929880344286926e-08,5.751931802115381e-08,6.55523073822175e-08,7.549296979425969e-08,8.800970959118227e-08,1.0409354268294686e-07,1.252645011224366e-07,1.4205841609795442e-07,1.4205841609797788e-07,1.4205841609808767e-07,1.7629573357058664e-07,2.2630411800323875e-07,3.022113761039409e-07,4.248228378932301e-07,6.403068489062746e-07,1.0639126211619887e-06,2.0244866631704784e-06,4.553123222090157e-06,1.163022377961437e-05,2.0332492750692674e-05,2.0332492750700778e-05,2.033249275071173e-05,2.033249275072391e-05,2.0332492750737163e-05,2.0332492750751736e-05,2.033249275076789e-05,2.0332492750786044e-05,2.033249275080679e-05,2.0332492750830964e-05,2.033249275091199e-05,2.033249275099301e-05,2.0332492751138023e-05,4.819395262294868e-05,9.457243543193846e-05,0.00015874006373857053,0.00023741973679093927,0.0003296060585728498,0.00044059962784183116,0.000585876639664586,0.0007952873619232211,0.0011094120127937406,0.0015526134550633796,0.0021148749990295983,0.0027654084970027185,0.0034685674458152732,0.004192659524198228,0.004913322258943223,0.005613695031981254,0.006283072431695521,0.006914355122329697,0.00691435510327725,0.006914355083785099,0.006914355067984279,0.006914355055144847,0.006914355044561497,0.0069143550357629825,0.006914355028431491,0.006914355022339026,0.006914355017311859,0.006914355013211383,0.006914355009923412,0.0069143550073518505,0.00691435500541465,0.006914355004041088,0.00691435500316979,0.0069143550027472135,0.006914355002726489,0.006914355003066442,0.006914355003730814,0.006914355004687606,0.006914355005908504,0.006914355007368416,0.006914355009045068,0.006914355010918633,0.006914355012971453,0.006914355015187755,0.00691435501755345,0.006914355020055903,0.006914355022683784,0.006914355025426915,0.0069143550282761345,0.00691435503122318,0.006914355034260593,0.006914355037381633,0.006914355040580185,0.006914355043850707,0.006914355047188165,0.006914355050587975,0.006914355054045957,0.00691435505755831,0.006914355061121539,0.006914355064732455,0.006914355068388139,0.006914355072085903,0.006914355075823278,0.006914355079597985,0.0069143550834079295,0.006914355087251182,0.006914355091125946,0.006914355095030565,0.006914355098963496,0.0069143551029233205,0.0069143551069087116,0.006914355110918417,0.006914355114951305,0.006914355119006288,0.00691435512308237,0.006914355127178599,0.006914355131294105,0.006914355135428047,0.006914355139579664,0.0069143551437482196,0.006914355147933026,0.0069143551521334366,0.006914355156348841,0.0069143551605786585,0.0069143551648223524,0.0069143551690794,0.00691435517334931,0.006914355177631625,0.006914355181925903,0.0069143551862317215,0.006914355190548687,0.006914355194876423,0.006914355199214566,0.006914355203562774,0.006914355207920716,0.0069143552122880834,0.00691435521666457,0.006914355221049896,0.00691435522544378,0.006914355229845964,0.006914355234256199,0.00691435523867424,0.006914355243099856,0.006914355247532819,0.0069143552519729265,0.006914355256419968,0.00691435526087374,0.006914355265334056,0.006914355269800735,0.006914355274273598,0.006914355278752475,0.006914355283237199,0.00691435528772761,0.006914355292223561,0.0069143552967248995,0.006914355301231479,0.006914355305743167,0.006914355310259828,0.006914355314781332,0.00691435531930755,0.006914355323838369,0.00691435532837366,0.006914355332913318,0.006914355337457229,0.006914355342005285,0.006914355346557377,0.006914355351113413,0.006914355355673288,0.006914355360236909,0.006914355364804184,0.0069143553693750215,0.006914355373949334,0.006914355378527037,0.0069143553831080475,0.006914355387692287,0.0069143553922796745,0.006914355396870135,0.006914355401463592,0.006914355406059975,0.006914355410659214,0.006914355415261238,0.006914355419865985,0.006914355424473382,0.006914355429083374,0.0069143554336958965,0.006914355438310883,0.006914355442928281,0.006914355447548031,0.006914355452170082,0.0069143554567943685,0.006914355461420846,0.006914355466049459,0.006914355470680153,0.006914355475312885,0.006914355479947606,0.006914355484584265,0.0069143554892228155,0.006914355493863216,0.006914355498505417,0.006914355503149378,0.006914355507795058,0.0069143555124424145,0.006914355517091404,0.006914355521741993,0.00691435552639414,0.006914355531047803,0.006914355535702954,0.006914355540359549,0.006914355545017556,0.006914355549676937,0.0069143555543376605,0.006914355558999696,0.006914355563663004,0.006914355568327562,0.0069143555729933295,0.006914355577660283,0.006914355582328391,0.00691435558699762,0.006914355591667946,0.006914355596339339,0.006914355601011768,0.006914355605685211,0.006914355610359641,0.0069143556150350295,0.006914355619711354,0.006914355624388589,0.006914355629066709,0.006914355633745686,0.0069143556384255065,0.00691435564310614,0.006914355647787565,0.006914355652469761,0.006914355657152704,0.006914355661836376,0.006914355666520752,0.006914355671205817,0.006914355675891548,0.006914355680577923,0.006914355685264923,0.006914355689952533,0.006914355694640732,0.006914355699329501,0.006914355704018827,0.006914355708708681,0.006914355713399058,0.006914355718089933,0.006914355722781288,0.006914355727473117,0.006914355732165396,0.006914355736858112,0.006914355741551249,0.006914355746244789,0.00691435575093872,0.006914355755633027,0.006914355760327697,0.006914355765022712,0.006914355769718063,0.006914355774413732,0.006914355779109704,0.006914355783805971,0.00691435578850252,0.006914355793199333,0.006914355797896401,0.0069143558025937125,0.006914355807291256,0.006914355811989018,0.006914355816686988,0.006914355821385153,0.006914355826083501,0.006914355830782023,0.0069143558354807086,0.006914355840179541,0.0069143558448785175,0.006914355849577626,0.006914355854276856,0.006914355858976196,0.0069143558636756385,0.006914355868375171,0.006914355873074784,0.0069143558777744725,0.006914355882474222,0.006914355887174028,0.00691435589187388,0.006914355896573765,0.006914355901273682,0.006914355905973615,0.006914355910673563,0.006914355915373515,0.006914355920073459,0.006914355924773391,0.006914355929473307,0.006914355934173195,0.0069143559388730414,0.006914355943572854,0.0069143559482726085,0.006914355952972311,0.006914355957671951,0.006914355962371512,0.006914355967071001,0.006914355971770404,0.006914355976469721,0.006914355981168933,0.006914355985868046,0.006914355990567047,0.006914355995265933,0.0069143559999646975,0.00691435600466333,0.006914356009361832,0.006914356014060193,0.006914356018758406,0.00691435602345647,0.006914356028154375,0.006914356032852124,0.006914356037549701,0.006914356042247105,0.0069143560469443355,0.006914356051641377,0.006914356056338238,0.006914356061034906,0.006914356065731374,0.006914356070427637,0.006914356075123696,0.006914356079819543,0.0069143560845151735,0.006914356089210584,0.006914356093905771,0.006914356098600724,0.006914356103295449,0.006914356107989935,0.00691435611268418,0.0069143561173781775,0.006914356122071925,0.0069143561267654184,0.0069143561314586564,0.006914356136151632,0.006914356140844343,0.006914356145536786,0.006914356150228954,0.006914356154920847,0.006914356159612461,0.006914356164303794,0.0069143561689948355,0.006914356173685594,0.0069143561783760596,0.006914356183066226,0.006914356187756092,0.006914356192445658,0.006914356197134919,0.006914356201823872,0.006914356206512511,0.0069143562112008354,0.006914356215888839,0.006914356220576528,0.006914356225263894,0.006914356229950937,0.006914356234637644,0.006914356239324028,0.006914356244010069,0.00691435624869578,0.00691435625338115,0.0069143562580661795,0.006914356262750867,0.0069143562674352085,0.006914356272119198,0.006914356276802838,0.0069143562814861234,0.006914356286169052,0.006914356290851628,0.006914356295533841,0.006914356300215696,0.006914356304897182,0.0069143563095783,0.0069143563142590545,0.006914356318939435,0.006914356323619447,0.006914356328299086,0.006914356332978344,0.006914356337657227,0.006914356342335729,0.006914356347013849,0.0069143563516915856,0.006914356356368939,0.006914356361045905,0.006914356365722482,0.0069143563703986674,0.006914356375074459,0.0069143563797498635,0.006914356384424868,0.006914356389099479,0.006914356393773686,0.006914356398447499,0.006914356403120904,0.006914356407793912,0.006914356412466512,0.006914356417138711,0.0069143564218105,0.006914356426481884,0.006914356431152856,0.006914356435823413,0.006914356440493563,0.006914356445163296,0.006914356449832617,0.0069143564545015215,0.0069143564591700075,0.0069143564638380756,0.006914356468505728,0.006914356473172955,0.006914356477839761,0.006914356482506146,0.0069143564871721064,0.006914356491837638,0.006914356496502748,0.0069143565011674304,0.006914356505831685,0.006914356510495508,0.0069143565151589025,0.0069143565198218696,0.006914356524484404,0.006914356529146502,0.006914356533808166,0.006914356538469399,0.006914356543130194,0.0069143565477905525,0.0069143565524504794,0.00691435655710996,0.006914356561769009,0.006914356566427613,0.006914356571085785,0.006914356575743508,0.006914356580400795,0.006914356585057634,0.006914356589714038,0.006914356594369992,0.0069143565990255045,0.006914356603680572,0.006914356608335196,0.006914356612989371,0.006914356617643098,0.006914356622296378,0.006914356626949208,0.006914356631601595,0.006914356636253533,0.006914356640905017,0.006914356645556056,0.006914356650206641,0.0069143566548567756,0.006914356659506461,0.0069143566641556905,0.006914356668804472,0.006914356673452794,0.006914356678100667,0.006914356682748086,0.0069143566873950514,0.00691435669204156,0.006914356696687616,0.006914356701333217,0.00691435670597836,0.00691435671062305,0.006914356715267283,0.006914356719911054,0.006914356724554372,0.006914356729197233,0.006914356733839634,0.006914356738481579,0.006914356743123065,0.006914356747764093,0.006914356752404663,0.006914356757044773,0.0069143567616844195,0.0069143567663236104,0.00691435677096234,0.006914356775600609,0.006914356780238421,0.00691435678487577,0.006914356789512656,0.006914356794149084,0.006914356798785051,0.006914356803420555,0.006914356808055598,0.006914356812690178,0.006914356817324302,0.006914356821957963,0.006914356826591159,0.006914356831223893,0.006914356835856165,0.006914356840487973,0.006914356845119319,0.006914356849750201,0.006914356854380622,0.006914356859010582,0.006914356863640078,0.00691435686826911,0.006914356872897682,0.006914356877525788,0.006914356882153433,0.006914356886780614,0.006914356891407332,0.006914356896033588,0.006914356900659379,0.006914356905284707,0.006914356909909574,0.0069143569145339746,0.0069143569191579156,0.00691435692378139,0.006914356928404405,0.006914356933026952,0.00691435693764904,0.006914356942270663,0.006914356946891824,0.00691435695151252,0.006914356956132754,0.0069143569607525235,0.00691435696537183,0.006914356969990675,0.006914356974609058,0.006914356979226976,0.006914356983844434,0.006914356988461429,0.006914356993077961,0.0069143569976940315,0.006914357002309638,0.006914357006924783,0.006914357011539465,0.006914357016153687,0.006914357020767447,0.006914357025380749,0.0069143570299935835,0.006914357034605959,0.006914357039217872,0.006914357043829329,0.006914357048440318,0.006914357053050849,0.006914357057660918,0.006914357062270529,0.00691435706687968,0.006914357071488367,0.006914357076096597,0.006914357080704369,0.0069143570853116764,0.006914357089918527,0.006914357094524917,0.006914357099130848,0.006914357103736322,0.006914357108341336,0.006914357112945893,0.006914357117549988,0.006914357122153631,0.006914357126756812,0.006914357131359532,0.006914357135961799,0.006914357140563608,0.006914357145164957,0.006914357149765854,0.006914357154366292,0.0069143571589662745,0.006914357163565797,0.0069143571681648695,0.006914357172763481,0.006914357177361641,0.006914357181959344,0.006914357186556592,0.006914357191153385,0.006914357195749726,0.0069143572003456085,0.0069143572049410375,0.006914357209536018,0.00691435721413054,0.006914357218724611,0.00691435722331823,0.0069143572279113915,0.0069143572325041066,0.006914357237096366,0.006914357241688176,0.006914357246279534,0.006914357250870439,0.006914357255460894,0.006914357260050896,0.006914357264640451,0.006914357269229555,0.00691435727381821,0.0069143572784064146,0.006914357282994172,0.006914357287581475,0.006914357292168335,0.0069143572967547435,0.006914357301340705,0.006914357305926219,0.006914357310511284,0.006914357315095902,0.006914357319680074,0.0069143573242638,0.00691435732884708,0.0069143573334299125,0.0069143573380123025,0.006914357342594244,0.006914357347175743,0.006914357351756799,0.0069143573563374095,0.006914357360917574,0.006914357365497298,0.006914357370076577,0.0069143573746554155,0.006914357379233808,0.006914357383811758,0.00691435738838927,0.006914357392966337,0.006914357397542964,0.006914357402119152,0.006914357406694896,0.006914357411270206,0.006914357415845074,0.0069143574204195,0.006914357424993486,0.0069143574295670385,0.006914357434140148,0.0069143574387128225,0.006914357443285059,0.006914357447856856,0.006914357452428217,0.006914357456999145,0.006914357461569632,0.0069143574661396845,0.006914357470709307,0.006914357475278485,0.006914357479847236,0.006914357484415548,0.00691435748898343,0.006914357493550872,0.006914357498117887,0.006914357502684468,0.006914357507250617,0.006914357511816329,0.006914357516381617,0.006914357520946468,0.00691435752551089,0.006914357530074882,0.0069143575346384415,0.006914357539201573,0.006914357543764273,0.0069143575483265485,0.006914357552888389,0.006914357557449803,0.006914357562010793,0.00691435756657135,0.006914357571131483,0.00691435757569119,0.00691435758025047,0.006914357584809323,0.00691435758936775,0.0069143575939257535,0.006914357598483331,0.006914357603040486,0.006914357607597217,0.006914357612153522,0.006914357616709402,0.0069143576212648645,0.006914357625819901,0.0069143576303745185,0.00691435763492871,0.006914357639482485,0.006914357644035837,0.006914357648588768,0.006914357653141282,0.006914357657693375,0.006914357662245047,0.006914357666796301,0.006914357671347139,0.006914357675897554,0.0069143576804475545,0.006914357684997139,0.0069143576895463075,0.006914357694095055,0.00691435769864339,0.006914357703191303,0.00691435770773881,0.006914357712285896,0.00691435771683257,0.0069143577213788285,0.006914357725924677,0.0069143577304701075,0.00691435773501513,0.0069143577395597376,0.006914357744103935,0.006914357748647718,0.00691435775319109,0.006914357757734051,0.006914357762276606,0.006914357766818746,0.00691435777136048,0.006914357775901808,0.006914357780442724,0.00691435778498323,0.006914357789523332,0.006914357794063022,0.006914357798602307,0.006914357803141188,0.0069143578076796604,0.006914357812217728,0.006914357816755391,0.006914357821292649,0.006914357825829501,0.0069143578303659525,0.006914357834901994,0.006914357839437636,0.0069143578439728745,0.00691435784850771,0.006914357853042144,0.00691435785757618,0.0069143578621098075,0.006914357866643036,0.006914357871175869,0.0069143578757083,0.006914357880240333,0.006914357884771964,0.0069143578893032,0.006914357893834033,0.00691435789836447,0.0069143579028945095,0.006914357907424155,0.0069143579119534,0.0069143579164822515,0.006914357921010706,0.006914357925538766,0.006914357930066431,0.006914357934593698,0.006914357939120575,0.0069143579436470575,0.006914357948173146,0.006914357952698844,0.006914357957224149,0.006914357961749061,0.006914357966273585,0.0069143579707977125,0.006914357975321452,0.006914357979844805,0.006914357984367758,0.00691435798889033,0.0069143579934125106,0.006914357997934305,0.0069143580024557064,0.006914358006976723,0.006914358011497353,0.006914358016017597,0.006914358020537451,0.006914358025056921,0.0069143580295760055,0.006914358034094705,0.00691435803861302,0.006914358043130948,0.006914358047648495,0.006914358052165656,0.0069143580566824354,0.006914358061198832,0.006914358065714843,0.0069143580702304775,0.0069143580747457285,0.006914358079260598,0.006914358083775086,0.0069143580882891935,0.006914358092802924,0.006914358097316275,0.006914358101829247,0.006914358106341838,0.006914358110854052,0.006914358115365888,0.0069143581198773466,0.006914358124388428,0.006914358128899137,0.006914358133409467,0.006914358137919425,0.006914358142429006,0.00691435814693821,0.006914358151447042,0.006914358155955499,0.006914358160463583,0.006914358164971293,0.006914358169478628,0.0069143581739855966,0.006914358178492189,0.006914358182998412,0.006914358187504264,0.006914358192009747,0.006914358196514858,0.006914358201019601,0.006914358205523973,0.006914358210027977,0.006914358214531611,0.0069143582190348786,0.006914358223537775,0.006914358228040306,0.006914358232542472,0.006914358237044272,0.006914358241545704,0.006914358246046769,0.0069143582505474714,0.0069143582550478064,0.00691435825954778,0.00691435826404739,0.006914358268546633,0.006914358273045517,0.006914358277544033,0.006914358282042193,0.006914358286539988,0.006914358291037422,0.006914358295534497,0.006914358300031207,0.006914358304527559,0.006914358309023553,0.006914358313519188,0.006914358318014462,0.006914358322509377,0.006914358327003933,0.0069143583314981326,0.006914358335991976,0.0069143583404854625,0.00691435834497859,0.006914358349471364,0.00691435835396378,0.006914358358455843,0.0069143583629475485,0.006914358367438904,0.006914358371929899,0.006914358376420543,0.0069143583809108365,0.006914358385400775,0.006914358389890358,0.006914358394379595,0.006914358398868478,0.0069143584033570064,0.00691435840784519,0.006914358412333019,0.006914358416820501,0.006914358421307632,0.006914358425794411,0.006914358430280846,0.006914358434766925,0.006914358439252663,0.006914358443738053,0.006914358448223092,0.006914358452707788,0.006914358457192136,0.006914358461676137,0.006914358466159794,0.006914358470643103,0.0069143584751260746,0.006914358479608692,0.0069143584840909685,0.006914358488572905,0.006914358493054494,0.006914358497535747,0.006914358502016652,0.006914358506497216,0.006914358510977441,0.006914358515457325,0.006914358519936865,0.006914358524416064,0.006914358528894928,0.006914358533373446,0.0069143585378516285,0.006914358542329473,0.006914358546806976,0.006914358551284144,0.006914358555760974,0.006914358560237467,0.00691435856471362,0.0069143585691894376,0.006914358573664922,0.00691435857814007,0.00691435858261488,0.006914358587089355,0.006914358591563497,0.00691435859603731,0.006914358600510784,0.006914358604983924,0.006914358609456736,0.006914358613929207,0.0069143586184013525,0.0069143586228731626,0.006914358627344646,0.006914358631815795,0.006914358636286615,0.006914358640757105,0.006914358645227263,0.006914358649697095,0.0069143586541665965,0.00691435865863577,0.006914358663104614,0.006914358667573131,0.006914358672041319,0.006914358676509182,0.006914358680976715,0.006914358685443927,0.00691435868991081,0.00691435869437737,0.0069143586988436,0.006914358703309511,0.0069143587077750935,0.006914358712240353,0.006914358716705284,0.0069143587211699005,0.0069143587256341905,0.006914358730098157,0.006914358734561803,0.006914358739025128,0.006914358743488134,0.006914358747950817,0.006914358752413176,0.006914358756875217,0.006914358761336939,0.00691435876579834,0.00691435877025942,0.006914358774720188,0.006914358779180636,0.006914358783640764,0.006914358788100574,0.006914358792560068,0.006914358797019241,0.006914358801478104,0.006914358805936648,0.006914358810394874,0.006914358814852788,0.0069143588193103876,0.00691435882376767,0.0069143588282246414,0.006914358832681297,0.00691435883713764,0.00691435884159367,0.0069143588460493875,0.006914358850504792,0.006914358854959888,0.006914358859414669,0.006914358863869139,0.006914358868323297,0.006914358872777148,0.006914358877230688,0.0069143588816839175,0.006914358886136837,0.006914358890589447,0.006914358895041748,0.006914358899493743,0.006914358903945431,0.006914358908396811,0.006914358912847885,0.006914358917298648,0.006914358921749109,0.006914358926199262,0.006914358930649109,0.006914358935098651,0.00691435893954789,0.00691435894399682,0.006914358948445453,0.0069143589528937776,0.006914358957341802,0.006914358961789519,0.006914358961755286,0.006914358961721063,0.006914358961686874,0.006914358961652718,0.006914358961618601,0.006914358961584521,0.006914358961550478,0.006914358961516467,0.006914358961482495,0.006914358961448557,0.006914358961414655,0.006914358961380791,0.0069143589613469576,0.006914358961313166,0.006914358961279404,0.006914358961245685,0.0069143589612119935,0.006914358961178344,0.00691435896114473,0.006914358961111149,0.006914358961077601,0.0069143589610440905,0.006914358961010616,0.0069143589609771796,0.006914358960943777,0.006914358960910406,0.006914358960877073,0.006914358960843772,0.0069143589608105065,0.0069143589607772804,0.006914358960744086,0.006914358960710925,0.006914358960677801,0.006914358960644712,0.006914358960611655,0.006914358960578637,0.006914358960545649,0.006914358960512694,0.006914358960479772,0.006914358960446882,0.006914358960414032,0.006914358960381214,0.006914358960348428,0.006914358960315677,0.0069143589602829614,0.006914358960250277,0.006914358960217628,0.006914358960185014,0.006914358960152429,0.006914358960119881,0.006914358960087366,0.0069143589600548835,0.006914358960022432,0.006914358959990018,0.006914358959957636,0.006914358959925285,0.006914358959892966,0.006914358959860685,0.0069143589598284335,0.006914358959796209,0.006914358959764024,0.006914358959731869,0.006914358959699749,0.006914358959667659,0.0069143589596356025,0.00691435895960358,0.006914358959571586,0.00691435895953963,0.006914358959507695,0.006914358959475801,0.006914358959443937,0.006914358959412106,0.006914358959380304,0.006914358959348536,0.006914358959316798,0.006914358959285094,0.0069143589592534195,0.006914358959221779,0.006914358959190167,0.006914358959158586,0.006914358959127038,0.006914358959095518,0.006914358959064034,0.0069143589590325814,0.006914358959001156,0.006914358958969766,0.006914358958938409,0.006914358958907074,0.006914358958875774,0.0069143589588445045,0.006914358958813267,0.00691435895878206,0.006914358958750883,0.006914358958719734,0.006914358958688615,0.006914358958657526,0.0069143589586264705,0.006914358958595442,0.0069143589585644455,0.006914358958533478,0.00691435895850254,0.0069143589584716334,0.006914358958440756,0.006914358958409909,0.006914358958379095,0.006914358958348306,0.006914358958317552,0.006914358958286821,0.006914358958256125,0.006914358958225455,0.006914358958194815,0.006914358958164204,0.006914358958133626,0.006914358958103072,0.006914358958072549,0.006914358958042059,0.006914358958011595,0.00691435895798116,0.006914358957950755,0.00691435895792038,0.006914358957890028,0.006914358957859713,0.006914358957829422,0.006914358957799162,0.006914358957768931,0.0069143589577387215,0.0069143589577085485,0.006914358957678402,0.0069143589576482825,0.006914358957618191,0.006914358957588131,0.006914358957558096,0.006914358957528095,0.006914358957498118,0.006914358957468166,0.006914358957438246,0.006914358957408355,0.006914358957378488,0.006914358957348652,0.0069143589573188455,0.0069143589572890655,0.006914358957259313,0.006914358957229586,0.00691435895719989,0.006914358957170218,0.006914358957140577,0.00691435895711096,0.006914358957081374,0.00691435895705181,0.006914358957022279,0.006914358956992769,0.00691435895696329,0.006914358956933838,0.006914358956904412,0.006914358956875015,0.006914358956845643,0.0069143589568163,0.0069143589567869845,0.006914358956757692,0.006914358956728427,0.006914358956699192,0.006914358956669978,0.006914358956640794,0.006914358956611637,0.006914358956582505,0.006914358956553402,0.0069143589565243265,0.006914358956495277,0.0069143589564662515,0.006914358956437249,0.006914358956408279,0.006914358956379331,0.006914358956350409,0.006914358956321518,0.006914358956292651,0.0069143589562638075,0.00691435895623499,0.006914358956206199,0.006914358956177436,0.006914358956148698,0.006914358956119984,0.006914358956091296,0.006914358956062634,0.006914358956034001,0.006914358956005388,0.006914358955976801,0.006914358955948241,0.006914358955919709,0.0069143589558912,0.006914358955862719,0.006914358955834259,0.006914358955805829,0.006914358955777422,0.00691435895574904,0.0069143589557206855,0.006914358955692352,0.006914358955664048,0.006914358955635765,0.006914358955607509,0.006914358955579277,0.006914358955551067,0.006914358955522888,0.006914358955494725,0.0069143589554665945,0.006914358955438487,0.006914358955410404,0.006914358955382343,0.0069143589553543085,0.0069143589553263005,0.006914358955298316,0.0069143589552703505,0.006914358955242417,0.006914358955214504,0.006914358955186615,0.006914358955158751,0.0069143589551309125,0.006914358955103097,0.006914358955075304,0.006914358955047537,0.006914358955019791,0.006914358954992072,0.006914358954964377,0.006914358954936705,0.006914358954909056,0.00691435895488143,0.006914358954853826,0.00691435895482625,0.006914358954798698,0.006914358954771171,0.006914358954743663,0.006914358954716182,0.006914358954688721,0.006914358954661283,0.006914358954633873,0.006914358954606482,0.006914358954579119,0.006914358954551777,0.006914358954524458,0.006914358954497159,0.0069143589544698875,0.006914358954442641,0.006914358954415413,0.006914358954388209,0.00691435895436103,0.006914358954333873,0.006914358954306738,0.006914358954279628,0.006914358954252538,0.006914358954225471,0.00691435895419843,0.00691435895417141,0.006914358954144413,0.00691435895411744,0.006914358954090486,0.006914358954063556,0.0069143589540366516,0.006914358954009765,0.006914358953982902,0.006914358953956063,0.00691435895392925,0.006914358953902458,0.006914358953875683,0.00691435895384893,0.006914358953822204,0.006914358953795498,0.006914358953768814,0.006914358953742153,0.006914358953715513,0.0069143589536888985,0.006914358953662301,0.006914358953635731,0.006914358953609177,0.006914358953582648,0.006914358953556139,0.006914358953529654,0.006914358953503189,0.006914358953476748,0.006914358953450327,0.006914358953423928,0.006914358953397552,0.006914358953371193,0.006914358953344859,0.0069143589533185446,0.006914358953292261,0.006914358953265988,0.006914358953239738,0.00691435895321351,0.006914358953187305,0.006914358953161119,0.006914358953134957,0.0069143589531088165,0.006914358953082697,0.006914358953056598,0.006914358953030518,0.006914358953004463,0.006914358952978431,0.006914358952952414,0.006914358952926421,0.006914358952900447,0.0069143589528744935,0.006914358952848562,0.006914358952822652,0.006914358952796764,0.006914358952770893,0.006914358952745046,0.0069143589527192175,0.006914358952693413,0.006914358952667626,0.006914358952641864,0.006914358952616116,0.0069143589525903935,0.006914358952564695,0.006914358952539016,0.006914358952513352,0.006914358952487712,0.00691435895246209,0.006914358952436486,0.006914358952410905,0.006914358952385344,0.0069143589523598,0.006914358952334281,0.00691435895230878,0.0069143589522833015,0.006914358952257838,0.006914358952232396,0.006914358952206974,0.006914358952181576,0.0069143589521561966,0.006914358952130835,0.006914358952105494,0.006914358952080177,0.0069143589520548766,0.006914358952029594,0.006914358952004333,0.006914358951979088,0.00691435895195387,0.006914358951928663,0.006914358951903485,0.006914358951878322,0.006914358951853179,0.0069143589518280545,0.006914358951802954,0.006914358951777867,0.006914358951752804,0.006914358951727757,0.006914358951702731,0.006914358951677726,0.006914358951652736,0.006914358951627769,0.0069143589516028215,0.006914358951577893,0.006914358951552983,0.00691435895152809,0.006914358951503221,0.006914358951478367,0.006914358951453533,0.006914358951428718,0.006914358951403924,0.006914358951379146,0.006914358951354389,0.006914358951329646,0.0069143589513049305,0.00691435895128023,0.006914358951255547,0.006914358951230883,0.006914358951206241,0.006914358951181616,0.006914358951157008,0.006914358951132417,0.006914358951107852,0.006914358951083304,0.006914358951058771,0.006914358951034257,0.006914358951009762,0.006914358950985288,0.00691435895096083,0.006914358950936393,0.0069143589509119705,0.006914358950887567,0.006914358950863183,0.006914358950838819,0.006914358950814473,0.006914358950790144,0.006914358950765834,0.00691435895074154,0.006914358950717267,0.006914358950693013,0.0069143589506687735,0.00691435895064455,0.006914358950620352,0.006914358950596169,0.006914358950572001,0.006914358950547856,0.0069143589505237255,0.006914358950499614,0.00691435895047552,0.006914358950451445,0.006914358950427387,0.006914358950403344,0.006914358950379324,0.006914358950355319,0.0069143589503313325,0.006914358950307363,0.006914358950283412,0.006914358950259481,0.006914358950235565,0.006914358950211666,0.006914358950187787,0.0069143589501639265,0.006914358950140083,0.006914358950116259,0.006914358950092448,0.006914358950068656,0.006914358950044879,0.006914358950021123,0.0069143589499973835,0.006914358949973661,0.0069143589499499536,0.006914358949926264,0.006914358949902599,0.006914358949878948,0.0069143589498553105,0.006914358949831692,0.00691435894980809,0.006914358949784505,0.006914358949760938,0.006914358949737392,0.00691435894971386,0.006914358949690344,0.006914358949666846,0.006914358949643367,0.006914358949619899,0.006914358949596453,0.006914358949573019,0.006914358949549602,0.006914358949526208,0.0069143589495028294,0.006914358949479466,0.006914358949456116,0.006914358949432785,0.006914358949409473,0.006914358949386178,0.006914358949362899,0.006914358949339637,0.006914358949316394,0.006914358949293164,0.006914358949269949,0.006914358949246754,0.006914358949223576,0.0069143589492004125,0.0069143589491772635,0.006914358949154133,0.006914358949131024,0.006914358949107926,0.00691435894908484,0.006914358949061783,0.0069143589490387345,0.006914358949015703,0.006914358948992689,0.006914358948969691,0.006914358948946707,0.0069143589489237415,0.006914358948900792,0.006914358948877861,0.006914358948854942,0.006914358948832042,0.0069143589488091595,0.006914358948786291,0.006914358948763442,0.006914358948740607,0.006914358948717787,0.00691435894869498,0.006914358948672199,0.006914358948649424,0.00691435894862667,0.006914358948603927,0.006914358948581204,0.006914358948558497,0.006914358948535804,0.006914358948513129,0.006914358948490464,0.0069143589484678206,0.00691435894844519,0.006914358948422578,0.006914358948399981,0.006914358948377399,0.006914358948354834,0.006914358948332281,0.006914358948309746,0.00691435894828723,0.006914358948264726,0.0069143589482422345,0.006914358948219764,0.006914358948197309,0.006914358948174865,0.006914358948152437,0.006914358948130026,0.006914358948107631,0.006914358948085252,0.006914358948062889,0.006914358948040537,0.006914358948018202,0.006914358947995886,0.0069143589479735805,0.006914358947951294,0.0069143589479290215,0.006914358947906765,0.006914358947884524,0.006914358947862297,0.006914358947840087,0.006914358947817888,0.0069143589477957115,0.006914358947773544,0.006914358947751392,0.006914358947729258,0.006914358947707138,0.006914358947685031,0.006914358947662945,0.006914358947640869,0.006914358947618806,0.00691435894759676,0.006914358947574731,0.006914358947552717,0.006914358947530713,0.0069143589475087275,0.006914358947486757,0.006914358947464803,0.006914358947442864,0.006914358947420934,0.006914358947399024,0.0069143589473771245,0.006914358947355245,0.006914358947333383,0.006914358947311525,0.006914358947289689,0.006914358947267869,0.006914358947246058,0.006914358947224263,0.006914358947202483,0.006914358947180719,0.006914358947158969,0.006914358947137233,0.006914358947115509,0.006914358947093802,0.0069143589470721115,0.006914358947050428,0.006914358947028771,0.006914358947007118,0.006914358946985482,0.0069143589469638595,0.006914358946942259,0.006914358946920666,0.006914358946899088,0.006914358946877525,0.006914358946855976,0.00691435894683444,0.006914358946812917,0.0069143589467914116,0.006914358946769921,0.006914358946748443,0.006914358946726982,0.006914358946705532,0.006914358946684098,0.006914358946662677,0.006914358946641272,0.0069143589466198795,0.006914358946598497,0.006914358946577135,0.006914358946555781,0.006914358946534444,0.006914358946513123,0.006914358946491813,0.00691435894647052,0.0069143589464492365,0.006914358946427971,0.006914358946406716,0.006914358946385475,0.006914358946364251,0.0069143589463430384,0.0069143589463218375,0.0069143589463006565,0.006914358946279482,0.0069143589462583276,0.006914358946237184,0.00691435894621605,0.006914358946194936,0.006914358946173836,0.006914358946152745,0.006914358946131671,0.006914358946110612,0.0069143589460895615,0.0069143589460685315,0.00691435894604751,0.006914358946026504,0.006914358946005514,0.006914358945984534,0.006914358945963565,0.006914358945942611,0.006914358945921672,0.006914358945900742,0.006914358945879834,0.006914358945858935,0.006914358945838053,0.006914358945817179,0.006914358945796318,0.006914358945775471,0.006914358945754638,0.0069143589457338174,0.0069143589457130155,0.006914358945692219,0.006914358945671442,0.006914358945650676,0.006914358945629924,0.006914358945609184,0.006914358945588459,0.006914358945567743,0.006914358945547046,0.006914358945526358,0.0069143589455056866,0.006914358945485027,0.006914358945464381,0.006914358945443748,0.006914358945423124,0.006914358945402517,0.006914358945381923,0.006914358945361337,0.006914358945340766,0.00691435894532021,0.0069143589452996665,0.006914358945279136,0.006914358945258616,0.006914358945238114,0.006914358945217623,0.006914358945197142,0.006914358945176675,0.006914358945156222,0.006914358945135784,0.006914358945115354,0.006914358945094943,0.0069143589450745375,0.006914358945054148,0.006914358945033772,0.006914358945013409,0.006914358944993058,0.006914358944972716,0.006914358944952394,0.0069143589449320786,0.00691435894491178,0.0069143589448914895,0.006914358944871211,0.006914358944850947,0.006914358944830699,0.006914358944810461,0.0069143589447902346,0.006914358944770024,0.006914358944749824,0.006914358944729635,0.006914358944709462,0.0069143589446893005,0.006914358944669152,0.006914358944649015,0.006914358944628845,0.006914358944608731,0.006914358944588634,0.006914358944568541,0.006914358944548466,0.0069143589445284015,0.006914358944508353,0.006914358944488315,0.006914358944468285,0.006914358944448273,0.0069143589444282715,0.006914358944408277,0.006914358944388298,0.006914358944368337,0.00691435894434838,0.00691435894432844,0.006914358944308512,0.006914358944288593,0.006914358944268691,0.006914358944248796,0.0069143589442289205,0.006914358944209049,0.006914358944189192,0.006914358944169348,0.006914358944149517,0.006914358944129694,0.00691435894410989,0.006914358944090091,0.006914358944070308,0.006914358944050534,0.006914358944030773,0.006914358944011024,0.006914358943991287,0.006914358943971564,0.006914358943951849,0.006914358943932154,0.006914358943912468,0.006914358943892788,0.006914358943873125,0.00691435894385347,0.006914358943833831,0.006914358943814199,0.00691435894379458,0.006914358943774972,0.006914358943755376,0.006914358943735795,0.006914358943716221,0.00691435894369666,0.006914358943677113,0.006914358943657577,0.0069143589436380486,0.0069143589436185425,0.006914358943599039,0.006914358943579551,0.006914358943560069,0.006914358943540608,0.00691435894352115,0.006914358943501708,0.0069143589434822765,0.006914358943462861,0.006914358943443449,0.006914358943424054,0.006914358943404669,0.006914358943385298,0.006914358943365933,0.0069143589433465855,0.006914358943327245,0.0069143589433079185,0.006914358943288604,0.006914358943269296,0.006914358943250005,0.006914358943230722,0.006914358943211449,0.0069143589431921925,0.0069143589431729414,0.006914358943153707,0.006914358943134478,0.006914358943115266,0.006914358943096063,0.0069143589430768725,0.006914358943057689,0.006914358943038519,0.00691435894301936,0.006914358943000213,0.006914358942981077,0.0069143589429619505,0.006914358942942835,0.006914358942923734,0.006914358942904641,0.006914358942885562,0.006914358942866491,0.006914358942847436,0.006914358942828386,0.006914358942809354,0.006914358942790331,0.006914358942771321,0.006914358942752317,0.006914358942733328,0.006914358942714345,0.006914358942695377,0.006914358942676414,0.00691435894265747,0.006914358942638536,0.00691435894261961,0.006914358942600693,0.006914358942581791,0.006914358942562897,0.006914358942544015,0.0069143589425251445,0.006914358942506285,0.006914358942487434,0.006914358942468595,0.006914358942449765,0.006914358942430949,0.006914358942412141,0.0069143589423933454,0.006914358942374561,0.006914358942355785,0.006914358942337024,0.006914358942318271,0.0069143589422995325,0.006914358942280801,0.00691435894226208,0.006914358942243372,0.006914358942224674,0.006914358942205983,0.006914358942187308,0.006914358942168639,0.0069143589421499846,0.006914358942131335,0.006914358942112701,0.006914358942094079,0.0069143589420754634,0.00691435894205686,0.00691435894203827,0.006914358942019685,0.006914358942001116,0.0069143589419825525,0.006914358941964001,0.0069143589419454615,0.0069143589419269295,0.006914358941908411,0.0069143589418899035,0.006914358941871408,0.006914358941852918,0.0069143589418344375,0.006914358941815973,0.006914358941797514,0.006914358941779073,0.006914358941760634,0.006914358941742212,0.006914358941723793,0.0069143589417053905,0.00691435894168699,0.006914358941668607,0.006914358941650235,0.0069143589416318625,0.006914358941613507,0.006914358941595161,0.006914358941576831,0.006914358941558508,0.006914358941540195,0.006914358941521891,0.006914358941503605,0.006914358941485323,0.00691435894146705,0.006914358941448789,0.006914358941430539,0.006914358941412296,0.006914358941394067,0.006914358941375847,0.0069143589413576375,0.006914358941339436,0.006914358941321245,0.0069143589413030605,0.006914358941284892,0.006914358941266732,0.0069143589412485815,0.006914358941230438,0.006914358941212308,0.006914358941194188,0.006914358941176077,0.006914358941157974,0.006914358941139885,0.006914358941121807,0.006914358941103736,0.006914358941085676,0.006914358941067625,0.0069143589410495835,0.0069143589410315546,0.006914358941013533,0.006914358940995524,0.006914358940977525,0.006914358940959533,0.006914358940941552,0.006914358940923579,0.006914358940905618,0.00691435894088767,0.00691435894086973,0.006914358940851795,0.0069143589408338715,0.006914358940815958,0.0069143589407980564,0.006914358940780163,0.006914358940762281,0.006914358940744408,0.006914358940726548,0.006914358940708689,0.006914358940690846,0.0069143589406730115,0.006914358940655189,0.0069143589406373725,0.006914358940619568,0.006914358940601768,0.006914358940583979,0.006914358940566205,0.006914358940548432,0.006914358940530676,0.006914358940512926,0.006914358940495189,0.006914358940477461,0.006914358940459741,0.0069143589404420305,0.006914358940424332,0.006914358940406641,0.00691435894038896,0.006914358940371282,0.006914358940353627,0.006914358940335971,0.006914358940318326,0.006914358940300694,0.0069143589402830665,0.006914358940265454,0.006914358940247847,0.006914358940230251,0.006914358940212664,0.0069143589401950865,0.006914358940177518,0.00691435894015996,0.006914358940142408,0.006914358940124868,0.00691435894010734,0.006914358940089817,0.006914358940072304,0.0069143589400548,0.006914358940037308,0.006914358940019821,0.00691435894000235,0.006914358939984883,0.006914358939967429,0.006914358939949982,0.006914358939932548,0.0069143589399151195,0.006914358939897705,0.006914358939880294,0.006914358939862896,0.006914358939845502,0.006914358939828118,0.0069143589398107455,0.0069143589397933835,0.006914358939776029,0.006914358939758686,0.006914358939741349,0.006914358939724019,0.0069143589397067,0.0069143589396893895,0.006914358939672092,0.006914358939654801,0.006914358939637519,0.006914358939620248,0.006914358939602979,0.006914358939585725,0.006914358939568478,0.006914358939551239,0.00691435893953401,0.006914358939516794,0.006914358939499582,0.006914358939482381,0.006914358939465191,0.00691435893944801,0.006914358939430837,0.006914358939413673,0.006914358939396517,0.006914358939379372,0.006914358939362233,0.006914358939345106,0.006914358939327985,0.006914358939310873,0.006914358939293772,0.006914358939276678,0.006914358939259593,0.006914358939242518,0.0069143589392254515,0.006914358939208391,0.00691435893919134,0.006914358939174299,0.0069143589391572665,0.006914358939140244,0.006914358939123231,0.006914358939106226,0.006914358939089229,0.006914358939072242,0.006914358939055269,0.006914358939038299,0.006914358939021336,0.0069143589390043845,0.0069143589389874405,0.0069143589389705044,0.006914358938953579,0.006914358938936663,0.006914358938919754,0.006914358938902851,0.006914358938885959,0.006914358938869078,0.006914358938852202,0.00691435893883534,0.006914358938818489,0.006914358938801638,0.006914358938784795,0.006914358938767966,0.006914358938751143,0.006914358938734328,0.006914358938717522,0.006914358938700725,0.006914358938683935,0.006914358938667154,0.0069143589386503855,0.006914358938633624,0.006914358938616869,0.0069143589386001245,0.006914358938583386,0.006914358938566659,0.006914358938549939,0.00691435893853323,0.006914358938516527,0.006914358938499834,0.006914358938483145,0.006914358938466469,0.006914358938449802,0.006914358938433142,0.0069143589384164875,0.006914358938399842,0.006914358938383207,0.00691435893836658,0.006914358938349959,0.006914358938333351,0.0069143589383167505,0.006914358938300155,0.00691435893828357,0.006914358938266994,0.006914358938250425,0.0069143589382338645,0.006914358938217311,0.006914358938200767,0.0069143589381842315,0.006914358938167703,0.006914358938151185,0.0069143589381346765,0.0069143589381181775,0.0069143589381016795,0.006914358938085193,0.006914358938068717,0.0069143589380522485,0.006914358938035786,0.006914358938019332,0.0069143589380028896,0.006914358937986454,0.006914358937970024,0.006914358937953606,0.006914358937937193,0.006914358937920787,0.0069143589379043885,0.006914358937888001,0.006914358937871622,0.006914358937855249,0.006914358937838887,0.006914358937822535,0.006914358937806188,0.00691435893778985,0.006914358937773518,0.006914358937757197,0.00691435893774088,0.006914358937724574,0.006914358937708274,0.006914358937691984,0.006914358937675704,0.00691435893765943,0.0069143589376431626,0.006914358937626902,0.006914358937610655,0.0069143589375944125,0.006914358937578176,0.006914358937561948,0.006914358937545727,0.00691435893752952,0.006914358937513316,0.0069143589374971205,0.006914358937480935,0.006914358937464755,0.006914358937448586,0.006914358937432424,0.006914358937416269,0.006914358937400125,0.0069143589373839845,0.0069143589373678515,0.0069143589373517325,0.006914358937335617,0.006914358937319509,0.006914358937303409,0.006914358937287318,0.006914358937271234,0.00691435893725516,0.006914358937239091,0.0069143589372230325,0.006914358937206976,0.0069143589371909306,0.006914358937174892,0.0069143589371588625,0.006914358937142841,0.0069143589371268264,0.006914358937110823,0.006914358937094828,0.006914358937078834,0.006914358937062852,0.0069143589370468765,0.00691435893703091,0.00691435893701495,0.006914358936998994,0.006914358936983053,0.006914358936967118,0.006914358936951191,0.00691435893693527,0.006914358936919355,0.006914358936903448,0.006914358936887551,0.006914358936871661,0.0069143589368557785,0.0069143589368399015,0.0069143589368240365,0.0069143589368081786,0.006914358936792322,0.006914358936776478,0.006914358936760643,0.0069143589367448135,0.00691435893672899,0.00691435893671318,0.006914358936697371,0.006914358936681568,0.006914358936665777,0.006914358936649995,0.0069143589366342205,0.006914358936618452,0.00691435893660269,0.0069143589365869345,0.006914358936571186,0.0069143589365554484,0.006914358936539717,0.006914358936523991,0.006914358936508277,0.006914358936492567,0.006914358936476863,0.006914358936461169,0.006914358936445482,0.006914358936429802,0.00691435893641413,0.006914358936398467,0.006914358936382807,0.006914358936367161,0.006914358936351517,0.006914358936335882,0.006914358936320257,0.006914358936304638,0.006914358936289026,0.006914358936273422,0.0069143589362578245,0.0069143589362422354,0.006914358936226651,0.006914358936211073,0.0069143589361955055,0.006914358936179943,0.006914358936164391,0.006914358936148841,0.006914358936133303,0.006914358936117772,0.006914358936102248,0.0069143589360867305,0.006914358936071219,0.006914358936055714,0.0069143589360402165,0.006914358936024729,0.006914358936009251,0.006914358935993773,0.006914358935978308,0.006914358935962849,0.006914358935947397,0.006914358935931951,0.0069143589359165125,0.00691435893590108,0.00691435893588566,0.006914358935870246,0.006914358935854835,0.006914358935839435,0.006914358935824041,0.006914358935808655,0.006914358935793274,0.006914358935777903,0.006914358935762537,0.0069143589357471774,0.006914358935731826,0.0069143589357164815,0.006914358935701142,0.006914358935685813,0.006914358935670491,0.006914358935655178,0.006914358935639868,0.006914358935624567,0.006914358935609272,0.00691435893559398,0.006914358935578703,0.006914358935563428,0.006914358935548162,0.006914358935532904,0.006914358935517652,0.006914358935502408,0.006914358935487167,0.006914358935471936,0.00691435893545671,0.006914358935441495,0.006914358935426281,0.006914358935411082,0.006914358935395883,0.006914358935380694,0.006914358935365508,0.0069143589353503326,0.006914358935335166,0.006914358935319999,0.0069143589353048455,0.0069143589352897005,0.006914358935274556,0.006914358935259425,0.006914358935244296,0.006914358935229175,0.0069143589352140605,0.0069143589351989545,0.006914358935183854,0.006914358935168762,0.006914358935153675,0.006914358935138598,0.0069143589351235235,0.006914358935108459,0.006914358935093403,0.0069143589350783505,0.006914358935063305,0.006914358935048269,0.006914358935033239,0.006914358935018212,0.006914358935003196,0.006914358934988188,0.006914358934973182,0.006914358934958187,0.006914358934943199,0.006914358934928215,0.006914358934913238,0.006914358934898267,0.006914358934883304,0.006914358934868347,0.006914358934853396,0.006914358934838453,0.006914358934823517,0.006914358934808585,0.006914358934793662,0.006914358934778746,0.006914358934763836,0.0069143589347489326,0.00691435893473404,0.00691435893471915,0.0069143589347042695,0.006914358934689393,0.006914358934674522,0.006914358934659662,0.006914358934644805,0.006914358934629955,0.006914358934615116,0.006914358934600278,0.006914358934585449,0.006914358934570627,0.006914358934555809,0.006914358934541002,0.006914358934526197,0.0069143589345114055,0.0069143589344966136,0.006914358934481831,0.006914358934467054,0.0069143589344522844,0.00691435893443752,0.0069143589344227655,0.006914358934408014,0.006914358934393271,0.006914358934378535,0.006914358934363806,0.006914358934349082,0.006914358934334365,0.006914358934319655,0.006914358934304951,0.006914358934290255,0.006914358934275564,0.006914358934260879,0.006914358934246202,0.0069143589342315305,0.006914358934216868,0.0069143589342022084,0.006914358934187557,0.006914358934172911,0.006914358934158269,0.006914358934143637,0.006914358934129014,0.006914358934114395,0.00691435893409978,0.006914358934085176,0.006914358934070574,0.006914358934055979,0.0069143589340413935,0.00691435893402681,0.006914358934012237,0.006914358933997672,0.006914358933983104,0.006914358933968549,0.006914358933954,0.00691435893393946,0.006914358933924923,0.006914358933910394,0.006914358933895869,0.006914358933881354,0.006914358933866845,0.006914358933852338,0.006914358933837839,0.0069143589338233466,0.0069143589338088625,0.006914358933794384,0.00691435893377991,0.006914358933765443,0.006914358933750987,0.006914358933736531,0.006914358933722083,0.0069143589337076405,0.006914358933693206,0.006914358933678775,0.006914358933664354,0.0069143589336499375,0.0069143589336355255,0.006914358933621125,0.006914358933606723,0.006914358933592334,0.006914358933577947,0.006914358933563572,0.006914358933549194,0.006914358933534829,0.006914358933520469,0.006914358933506116,0.006914358933491767,0.006914358933477427,0.006914358933463093,0.006914358933448765,0.006914358933434439,0.006914358933420122,0.006914358933405811,0.006914358933391508,0.00691435893337721,0.00691435893336292,0.006914358933348633,0.006914358933334354,0.00691435893332008,0.006914358933305812,0.006914358933291548,0.006914358933277295,0.006914358933263048,0.006914358933248806,0.006914358933234563,0.006914358933220331,0.006914358933206105,0.006914358933191886,0.006914358933177677,0.006914358933163471,0.00691435893314927,0.006914358933135075,0.006914358933120886,0.006914358933106704,0.006914358933092526,0.0069143589330783566,0.00691435893306419,0.006914358933050033,0.006914358933035884,0.006914358933021735,0.006914358933007595,0.006914358932993463,0.006914358932979334,0.006914358932965214,0.006914358932951097,0.006914358932936989,0.006914358932922884,0.0069143589329087865,0.006914358932894691,0.006914358932880606,0.006914358932866525,0.006914358932852448,0.006914358932838381,0.006914358932824318,0.006914358932810262,0.00691435893279621,0.006914358932782166,0.006914358932768126,0.006914358932754093,0.006914358932740067,0.0069143589327260455,0.006914358932712031,0.006914358932698019,0.006914358932684019,0.006914358932670023,0.006914358932656031,0.006914358932642046,0.006914358932628073,0.006914358932614094,0.006914358932600134,0.006914358932586166,0.006914358932572214,0.006914358932558261,0.0069143589325443185,0.0069143589325303826,0.006914358932516448,0.006914358932502523,0.006914358932488603,0.0069143589324746875,0.00691435893246078,0.006914358932446876,0.006914358932432975,0.0069143589324190844,0.006914358932405199,0.0069143589323913185,0.006914358932377442,0.006914358932363571,0.006914358932349706,0.006914358932335851,0.006914358932321998,0.006914358932308156,0.006914358932294315,0.006914358932280484,0.006914358932266656,0.006914358932252832,0.006914358932239015,0.006914358932225202,0.006914358932211398,0.0069143589321976,0.0069143589321838065,0.006914358932170018,0.006914358932156235,0.006914358932142456,0.006914358932128686,0.006914358932114921,0.006914358932101161,0.006914358932087406,0.006914358932073661,0.006914358932059915,0.006914358932046179,0.006914358932032451,0.006914358932018723,0.006914358932005006,0.00691435893199129,0.006914358931977582,0.006914358931963879,0.006914358931950182,0.006914358931936491,0.006914358931922806,0.006914358931909123,0.006914358931895448,0.006914358931881781,0.0069143589318681154,0.006914358931854461,0.0069143589318408066,0.006914358931827164,0.006914358931813518,0.006914358931799886,0.006914358931786255,0.006914358931772634,0.006914358931759011,0.006914358931745399,0.00691435893173179,0.006914358931718187,0.006914358931704594,0.006914358931691001,0.006914358931677416,0.006914358931663837,0.006914358931650261,0.006914358931636691,0.006914358931623129,0.006914358931609572,0.0069143589315960215,0.0069143589315824715,0.006914358931568934,0.006914358931555398,0.006914358931541867,0.006914358931528343,0.006914358931514822,0.00691435893150131,0.006914358931487802,0.0069143589314742985,0.006914358931460804,0.006914358931447311,0.006914358931433824,0.0069143589314203426,0.006914358931406868,0.006914358931393398,0.006914358931379934,0.006914358931366477,0.00691435893135302,0.006914358931339574,0.006914358931326132,0.006914358931312697,0.006914358931299266,0.0069143589312858425,0.0069143589312724235,0.006914358931259009,0.0069143589312455995,0.006914358931232195,0.006914358931218795,0.0069143589312054,0.006914358931192011,0.006914358931178626,0.006914358931165249,0.006914358931151879,0.00691435893113851,0.00691435893112515,0.0069143589311117925,0.006914358931098444,0.006914358931085097,0.006914358931071756,0.006914358931058423,0.0069143589310450915,0.006914358931031766,0.006914358931018448,0.006914358931005135,0.006914358930991828,0.006914358930978523,0.006914358930965226,0.006914358930951934,0.006914358930938649,0.006914358930925364,0.00691435893091209,0.006914358930898817,0.006914358930885551,0.006914358930872291,0.006914358930859037,0.006914358930845785,0.006914358930832541,0.006914358930819302,0.006914358930806069,0.006914358930792838,0.0069143589307796155,0.006914358930766398,0.006914358930753186,0.00691435893073998,0.006914358930726778,0.006914358930713579,0.006914358930700388,0.0069143589306872,0.006914358930674019,0.0069143589306608425,0.006914358930647672,0.006914358930634507,0.006914358930621346,0.00691435893060819,0.006914358930595041,0.006914358930581896,0.0069143589305687555,0.006914358930555623,0.0069143589305424935,0.006914358930529366,0.006914358930516248,0.0069143589305031335,0.006914358930490023,0.006914358930476923,0.006914358930463825,0.006914358930450728,0.006914358930437638,0.006914358930424553,0.006914358930411476,0.006914358930398402,0.006914358930385333,0.006914358930372272,0.006914358930359212,0.006914358930346163,0.006914358930333114,0.006914358930320072,0.006914358930307033,0.006914358930294003,0.006914358930280976,0.0069143589302679545,0.00691435893025494,0.006914358930241926,0.006914358930228921,0.006914358930215916,0.006914358930202919,0.006914358930189929,0.006914358930176944,0.006914358930163962,0.006914358930150982,0.006914358930138013,0.006914358930125045,0.00691435893011208,0.006914358930099126,0.006914358930086174,0.0069143589300732266,0.006914358930060287,0.006914358930047351,0.006914358930034418,0.0069143589300214945,0.006914358930008574,0.006914358929995659,0.006914358929982746,0.006914358929969836,0.006914358929956937,0.006914358929944043,0.006914358929931148,0.006914358929918262,0.0069143589299053825,0.006914358929892508,0.006914358929879638,0.006914358929866774,0.006914358929853906,0.0069143589298410486,0.006914358929828197,0.00691435892981535,0.006914358929802509,0.006914358929789669,0.006914358929776839,0.006914358929764015,0.006914358929751192,0.0069143589297383755,0.006914358929725567,0.006914358929712759,0.006914358929699956,0.0069143589296871595,0.0069143589296743685,0.006914358929661579,0.006914358929648797,0.00691435892963602,0.006914358929623248,0.0069143589296104795,0.006914358929597718,0.00691435892958496,0.006914358929572206,0.006914358929559461,0.006914358929546716,0.0069143589295339765,0.0069143589295212445,0.0069143589295085125,0.006914358929495793,0.00691435892948307,0.006914358929470356,0.006914358929457649,0.006914358929444943,0.006914358929432244,0.006914358929419551,0.0069143589294068586,0.006914358929394177,0.006914358929381497,0.00691435892936882,0.0069143589293561465,0.0069143589293434796,0.0069143589293308196,0.006914358929318163,0.006914358929305509,0.006914358929292862,0.006914358929280219,0.006914358929267584,0.006914358929254949,0.0069143589292423235,0.006914358929229703,0.0069143589292170815,0.006914358929204468,0.006914358929191862,0.0069143589291792516,0.006914358929166654,0.006914358929154058,0.0069143589291414675,0.006914358929128888,0.006914358929116305,0.006914358929103729,0.0069143589290911606,0.006914358929078595,0.006914358929066035,0.006914358929053479,0.00691435892904093,0.006914358929028379,0.006914358929015836,0.0069143589290033,0.006914358928990769,0.006914358928978238,0.006914358928965713,0.0069143589289531945,0.006914358928940681,0.006914358928928174,0.006914358928915671,0.006914358928903168,0.00691435892889067,0.00691435892887818,0.006914358928865695,0.006914358928853215,0.00691435892884074,0.006914358928828264,0.006914358928815799,0.006914358928803339,0.00691435892879088,0.006914358928778425,0.006914358928765976,0.00691435892875353,0.0069143589287410925,0.006914358928728658,0.006914358928716227,0.0069143589287038,0.00691435892869138,0.006914358928678964,0.0069143589286665575,0.006914358928654148,0.006914358928641744,0.006914358928629346,0.006914358928616954,0.006914358928604563,0.006914358928592178,0.006914358928579795,0.006914358928567422,0.006914358928555053,0.006914358928542688,0.006914358928530327,0.006914358928517969,0.006914358928505618,0.006914358928493272,0.006914358928480929,0.006914358928468588,0.006914358928456257,0.006914358928443924,0.006914358928431603,0.006914358928419281,0.006914358928406969,0.0069143589283946595,0.006914358928382352,0.00691435892837005,0.006914358928357754,0.006914358928345458,0.006914358928333168,0.006914358928320886,0.006914358928308608,0.0069143589282963346,0.006914358928284061,0.0069143589282718,0.006914358928259536,0.006914358928247282,0.006914358928235027,0.0069143589282227805,0.006914358928210539,0.006914358928198303,0.006914358928186068,0.006914358928173836,0.0069143589281616125,0.006914358928149389,0.006914358928137172,0.006914358928124959,0.0069143589281127505,0.006914358928100549,0.006914358928088349,0.006914358928076154,0.006914358928063967,0.006914358928051783,0.006914358928039603,0.006914358928027424,0.006914358928015255,0.006914358928003086,0.006914358927990919,0.006914358927978763,0.006914358927966609,0.00691435892795446,0.006914358927942314,0.0069143589279301735,0.0069143589279180365,0.0069143589279059,0.006914358927893776,0.0069143589278816515,0.006914358927869533,0.006914358927857418,0.006914358927845308,0.0069143589278332016,0.006914358927821102,0.006914358927809005,0.00691435892779691,0.006914358927784821,0.006914358927772738,0.006914358927760658,0.006914358927748582,0.006914358927736513,0.006914358927724446,0.006914358927712384,0.006914358927700324,0.0069143589276882715,0.006914358927676219,0.006914358927664174,0.0069143589276521355,0.006914358927640098,0.006914358927628066,0.006914358927616038,0.006914358927604016,0.006914358927591999,0.006914358927579983,0.006914358927567974,0.006914358927555971,0.006914358927543967,0.006914358927531968,0.006914358927519976,0.006914358927507985,0.006914358927496,0.006914358927484021,0.006914358927472045,0.006914358927460073,0.006914358927448103,0.006914358927436142,0.006914358927424185,0.006914358927412231,0.0069143589274002805,0.006914358927388335,0.006914358927376394,0.0069143589273644585,0.006914358927352523,0.006914358927340596,0.006914358927328669,0.006914358927316752,0.006914358927304833,0.006914358927292921,0.006914358927281016,0.00691435892726911,0.00691435892725721,0.006914358927245315,0.006914358927233423,0.006914358927221537,0.006914358927209658,0.0069143589271977775,0.006914358927185902,0.006914358927174034,0.0069143589271621715,0.006914358927150308,0.006914358927138453,0.006914358927126602,0.0069143589271147485,0.006914358927102906,0.006914358927091067,0.006914358927079231,0.0069143589270673975,0.006914358927055571,0.006914358927043748,0.0069143589270319284,0.0069143589270201115,0.0069143589270083,0.006914358926996496,0.006914358926984693,0.006914358926972895,0.006914358926961101,0.0069143589269493105,0.006914358926937524,0.0069143589269257425,0.006914358926913963,0.00691435892690219,0.006914358926890424,0.006914358926878658,0.006914358926866898,0.006914358926855141,0.006914358926843386,0.006914358926831637,0.0069143589268198915,0.006914358926808151,0.006914358926796414,0.006914358926784679,0.006914358926772952,0.006914358926761226,0.006914358926749504,0.006914358926737786,0.006914358926726076,0.0069143589267143665,0.006914358926702667,0.006914358926690963,0.006914358926679269,0.006914358926667575,0.006914358926655891,0.006914358926644207,0.006914358926632524,0.006914358926620854,0.006914358926609181,0.006914358926597513,0.00691435892658585,0.006914358926574188,0.006914358926562534,0.006914358926550882,0.006914358926539236,0.0069143589265275906,0.006914358926515954,0.006914358926504319,0.006914358926492672,0.006914358926481045,0.0069143589264694235,0.006914358926457808,0.0069143589264461895,0.006914358926434581,0.006914358926422971,0.006914358926411371,0.0069143589263997735,0.0069143589263881795,0.006914358926376586,0.006914358926365001,0.006914358926353421,0.006914358926341844,0.006914358926330269,0.006914358926318697,0.006914358926307135,0.00691435892629557,0.006914358926284014,0.006914358926272457,0.0069143589262609115,0.0069143589262493635,0.006914358926237817,0.00691435892622628,0.006914358926214748,0.006914358926203221,0.006914358926191693,0.0069143589261801705,0.00691435892616865,0.006914358926157138,0.006914358926145627,0.0069143589261341214,0.006914358926122618,0.00691435892611112,0.006914358926099617,0.006914358926088129,0.006914358926076637,0.006914358926065156,0.006914358926053677,0.006914358926042202,0.006914358926030732,0.006914358926019264,0.006914358926007798,0.006914358925996338,0.006914358925984884,0.006914358925973434,0.006914358925961985,0.00691435892595054,0.0069143589259390995,0.006914358925927663,0.006914358925916231,0.0069143589259048,0.0069143589258933765,0.006914358925881959,0.006914358925870536,0.006914358925859129,0.006914358925847718,0.006914358925836311,0.006914358925824913,0.006914358925813513,0.006914358925802122,0.006914358925790733,0.006914358925779348,0.006914358925767969,0.006914358925756592,0.0069143589257452155,0.006914358925733844,0.006914358925722481,0.006914358925711117,0.006914358925699759,0.006914358925688407,0.006914358925677052,0.006914358925665708,0.006914358925654366,0.0069143589256430256,0.006914358925631689,0.006914358925620356,0.0069143589256090284,0.0069143589255977024,0.006914358925586386,0.006914358925575071,0.006914358925563756,0.006914358925552447,0.006914358925541139,0.006914358925529838,0.0069143589255185435,0.006914358925507249,0.006914358925495958,0.006914358925484672,0.0069143589254733896,0.006914358925462114,0.006914358925450837,0.006914358925439569,0.0069143589254283,0.006914358925417039,0.006914358925405777,0.00691435892539452,0.0069143589253832715,0.006914358925372018,0.0069143589253607765,0.006914358925349539,0.0069143589253383006,0.0069143589253270665,0.006914358925315837,0.00691435892530461,0.0069143589252933894,0.006914358925282169,0.006914358925270959,0.006914358925259747,0.006914358925248537,0.006914358925237341,0.006914358925226142,0.0069143589252149435,0.0069143589252037545,0.006914358925192564,0.006914358925181381,0.006914358925170199,0.006914358925159025,0.00691435892514785,0.006914358925136678,0.006914358925125513,0.0069143589251143495,0.006914358925103192,0.006914358925092039,0.006914358925080888,0.006914358925069742,0.006914358925058597,0.00691435892504746,0.006914358925036324,0.006914358925025191,0.006914358925014064,0.0069143589250029395,0.006914358924991816,0.006914358924980701,0.006914358924969585,0.006914358924958478,0.006914358924947365,0.0069143589249362645,0.006914358924925163,0.006914358924914067,0.00691435892490298,0.006914358924891886,0.006914358924880805,0.006914358924869723,0.006914358924858647,0.006914358924847574,0.006914358924836502,0.006914358924825438,0.006914358924814373,0.0069143589248033144,0.006914358924792263,0.006914358924781208,0.006914358924770161,0.006914358924759112,0.006914358924748072,0.006914358924737037,0.006914358924726,0.006914358924714971,0.006914358924703946,0.006914358924692923,0.006914358924681906,0.00691435892467089,0.006914358924659879,0.00691435892464887,0.006914358924637866,0.006914358924626863,0.006914358924615865,0.006914358924604873,0.006914358924593884,0.006914358924582896,0.006914358924571914,0.006914358924560933,0.006914358924549959,0.00691435892453899,0.006914358924528019,0.006914358924517056,0.0069143589245060965,0.006914358924495136,0.006914358924484183,0.006914358924473234,0.006914358924462286,0.006914358924451343,0.006914358924440403,0.006914358924429465,0.0069143589244185346,0.006914358924407608,0.0069143589243966805,0.006914358924385757,0.0069143589243748395,0.006914358924363924,0.006914358924353011,0.0069143589243421035,0.006914358924331202,0.0069143589243203,0.006914358924309398,0.006914358924298507,0.00691435892428762,0.0069143589242767305,0.006914358924265848,0.006914358924254969,0.00691435892424409,0.006914358924233217,0.006914358924222349,0.00691435892421148,0.00691435892420062,0.006914358924189758,0.006914358924178907,0.006914358924168057,0.006914358924157209,0.006914358924146365,0.006914358924135523,0.006914358924124687,0.006914358924113852,0.006914358924103018,0.006914358924092191,0.006914358924081368,0.006914358924070547,0.006914358924059729,0.006914358924048916,0.006914358924038102,0.006914358924027297,0.006914358924016494,0.006914358924005696,0.006914358923994904,0.006914358923984107,0.0069143589239733195,0.006914358923962534,0.006914358923951749,0.006914358923940972,0.006914358923930196,0.006914358923919424,0.006914358923908654,0.00691435892389789,0.006914358923887128,0.00691435892387637,0.006914358923865612,0.006914358923854862,0.006914358923844116,0.006914358923833372,0.006914358923822631,0.006914358923811896,0.006914358923801162,0.006914358923790432,0.006914358923779701,0.0069143589237689795,0.006914358923758258,0.006914358923747541,0.006914358923736825,0.006914358923726116,0.006914358923715408,0.006914358923704706,0.006914358923694008,0.006914358923683312,0.006914358923672621,0.006914358923661928,0.006914358923651244,0.0069143589236405675,0.006914358923629887,0.0069143589236192095,0.006914358923608534,0.006914358923597864,0.006914358923587201,0.006914358923576535,0.006914358923565877,0.0069143589235552225,0.006914358923544573,0.006914358923533924,0.00691435892352328,0.006914358923512636,0.006914358923501997,0.006914358923491364,0.006914358923480734,0.0069143589234701075,0.006914358923459481,0.006914358923448858,0.006914358923438235,0.0069143589234276215,0.006914358923417011,0.006914358923406401,0.006914358923395792,0.00691435892338519,0.006914358923374596,0.0069143589233640005,0.006914358923353405,0.006914358923342817,0.006914358923332229,0.006914358923321647,0.006914358923311066,0.006914358923300493,0.00691435892328992,0.00691435892327935,0.006914358923268787,0.006914358923258222,0.006914358923247663,0.006914358923237106,0.006914358923226555,0.006914358923216007,0.006914358923205457,0.006914358923194918,0.006914358923184381,0.006914358923173844,0.006914358923163312,0.006914358923152782,0.006914358923142257,0.006914358923131737,0.006914358923121219,0.006914358923110703,0.0069143589231001916,0.006914358923089682,0.006914358923079174,0.006914358923068672,0.006914358923058171,0.006914358923047676,0.0069143589230371855,0.006914358923026695,0.0069143589230162075,0.006914358923005725,0.006914358922995246,0.006914358922984768,0.006914358922974295,0.0069143589229638276,0.00691435892295336,0.006914358922942895,0.006914358922932433,0.006914358922921978,0.006914358922911523,0.006914358922901073,0.0069143589228906266,0.006914358922880183,0.006914358922869741,0.006914358922859304,0.006914358922848874,0.0069143589228384435,0.006914358922828014,0.006914358922817588,0.006914358922807167,0.006914358922796745,0.006914358922786332,0.00691435892277592,0.006914358922765508,0.00691435892275511,0.006914358922744709,0.00691435892273431,0.0069143589227239136,0.0069143589227135226,0.006914358922703131,0.006914358922692747,0.006914358922682363,0.006914358922671982,0.006914358922661608,0.006914358922651232,0.0069143589226408645,0.006914358922630496,0.006914358922620133,0.006914358922609773,0.006914358922599417,0.006914358922589062,0.006914358922578709,0.006914358922568364,0.006914358922558021,0.006914358922547678,0.006914358922537338,0.006914358922527006,0.006914358922516672,0.006914358922506344,0.006914358922496017,0.006914358922485692,0.0069143589224753745,0.006914358922465057,0.006914358922454741,0.00691435892244443,0.0069143589224341245,0.006914358922423825,0.006914358922413524,0.006914358922403225,0.006914358922392931,0.006914358922382638,0.006914358922372354,0.006914358922362067,0.0069143589223517885,0.00691435892234151,0.006914358922331232,0.00691435892232096,0.006914358922310692,0.006914358922300426,0.0069143589222901616,0.006914358922279902,0.006914358922269645,0.006914358922259395,0.0069143589222491475,0.006914358922238899,0.006914358922228652,0.006914358922218415,0.006914358922208171,0.006914358922197938,0.006914358922187706,0.006914358922177481,0.006914358922167256,0.006914358922157036,0.006914358922146817,0.006914358922136601,0.0069143589221263855,0.006914358922116179,0.00691435892210597,0.006914358922095764,0.006914358922085565,0.00691435892207537,0.0069143589220651775,0.006914358922054984,0.006914358922044796,0.006914358922034612,0.0069143589220244306,0.006914358922014252,0.006914358922004078,0.0069143589219939,0.006914358921983734,0.006914358921973567,0.006914358921963402,0.006914358921953244,0.006914358921943086,0.006914358921932932,0.0069143589219227775,0.00691435892191263,0.006914358921902484,0.006914358921892342,0.006914358921882202,0.006914358921872067,0.006914358921861935,0.006914358921851804,0.0069143589218416774,0.006914358921831556,0.006914358921821435,0.006914358921811319,0.006914358921801206,0.0069143589217910955,0.006914358921780986,0.006914358921770882,0.006914358921760778,0.006914358921750677,0.006914358921740578,0.0069143589217304825,0.00691435892172039,0.006914358921710305,0.00691435892170022,0.00691435892169014,0.006914358921680063,0.006914358921669984,0.006914358921659915,0.006914358921649844,0.006914358921639778,0.006914358921629716,0.0069143589216196545,0.0069143589216095975,0.006914358921599542,0.006914358921589494,0.006914358921579444,0.006914358921569399,0.006914358921559351,0.006914358921549315,0.00691435892153928,0.006914358921529245,0.006914358921519217,0.006914358921509192,0.006914358921499166,0.006914358921489144,0.006914358921479125,0.006914358921469104,0.006914358921459097,0.006914358921449085,0.006914358921439076,0.0069143589214290735,0.0069143589214190745,0.006914358921409074,0.00691435892139908,0.006914358921389089,0.0069143589213790995,0.006914358921369114,0.006914358921359129,0.006914358921349153,0.006914358921339172,0.006914358921329198,0.006914358921319227,0.006914358921309259,0.006914358921299294,0.006914358921289335,0.006914358921279372,0.006914358921269411,0.006914358921259457,0.006914358921249507,0.006914358921239559,0.006914358921229616,0.006914358921219671,0.006914358921209762,0.006914358921199822,0.006914358921189892,0.00691435892117996,0.006914358921170036,0.006914358921160105,0.0069143589211501915,0.006914358921140274,0.006914358921130359,0.006914358921120446,0.006914358921110532,0.006914358921100628,0.006914358921090721,0.006914358921080822,0.0069143589210709224,0.006914358921061027,0.006914358921051135,0.006914358921041246,0.006914358921031362,0.0069143589210214785,0.0069143589210116,0.00691435892100172,0.006914358920991848,0.006914358920981974,0.006914358920972105,0.00691435892096224,0.006914358920952372,0.00691435892094251,0.006914358920932654,0.006914358920922797,0.00691435892091295,0.006914358920903101,0.006914358920893256,0.006914358920883409,0.006914358920873569,0.006914358920863732,0.006914358920853894,0.0069143589208440605,0.006914358920834238,0.006914358920824404,0.006914358920814586,0.0069143589208047656,0.006914358920794946,0.006914358920785131,0.006914358920775321,0.00691435892076551,0.006914358920755703,0.006914358920745897,0.006914358920736095,0.006914358920726299,0.006914358920716505,0.006914358920706716,0.006914358920696928,0.006914358920687139,0.006914358920677359,0.006914358920667578,0.006914358920657801,0.006914358920648026,0.006914358920638254,0.006914358920628483,0.006914358920618717,0.0069143589206089534,0.006914358920599195,0.006914358920589439,0.006914358920579682,0.006914358920569929,0.0069143589205601826,0.006914358920550434,0.006914358920540692,0.00691435892053095,0.006914358920521214,0.0069143589205114785,0.00691435892050175,0.006914358920492018,0.006914358920482292,0.006914358920472567,0.006914358920462847,0.006914358920453127,0.006914358920443412,0.0069143589204337,0.0069143589204239886,0.006914358920414282,0.006914358920404578,0.00691435892039488,0.0069143589203851785,0.006914358920375484,0.006914358920365787,0.006914358920356098,0.006914358920346412,0.006914358920336726,0.006914358920327041,0.006914358920317363,0.0069143589203076875,0.006914358920298013,0.006914358920288344,0.006914358920278675,0.0069143589202690075,0.006914358920259347,0.006914358920249689,0.006914358920240031,0.006914358920230377,0.006914358920220725,0.0069143589202110755,0.0069143589202014305,0.006914358920191788,0.0069143589201821455,0.006914358920172509,0.006914358920162874,0.006914358920153241,0.006914358920143609,0.006914358920133986,0.006914358920124357,0.00691435892011474,0.00691435892010512,0.006914358920095502,0.006914358920085889,0.006914358920076281,0.006914358920066669,0.006914358920057064,0.006914358920047464,0.006914358920037862,0.006914358920028266,0.006914358920018676,0.00691435892000908,0.0069143589199994904,0.006914358919989904,0.006914358919980321,0.006914358919970742,0.0069143589199611635,0.006914358919951589,0.0069143589199420165,0.006914358919932446,0.006914358919922879,0.006914358919913316,0.0069143589199037545,0.006914358919894197,0.0069143589198846405,0.0069143589198750865,0.0069143589198655386,0.006914358919855989,0.006914358919846444,0.006914358919836902,0.0069143589198273625,0.006914358919817824,0.006914358919808287,0.0069143589197987534,0.006914358919789226,0.0069143589197796975,0.006914358919770177,0.006914358919760652,0.006914358919751136,0.0069143589197416195,0.006914358919732106,0.006914358919722597,0.006914358919713086,0.006914358919703583,0.006914358919694078,0.00691435891968458,0.006914358919675083,0.006914358919665591,0.006914358919656096,0.006914358919646606,0.00691435891963712,0.006914358919627634,0.006914358919618153,0.006914358919608675,0.006914358919599201,0.006914358919589727,0.006914358919580259,0.006914358919570787,0.006914358919561323,0.006914358919551859,0.006914358919542399,0.006914358919532941,0.006914358919523486,0.006914358919514033,0.006914358919504584,0.00691435891949514,0.006914358919485694,0.006914358919476252,0.006914358919466814,0.006914358919457377,0.006914358919447944,0.006914358919438514,0.006914358919429084,0.006914358919419665,0.006914358919410249,0.006914358919400825,0.006914358919391407,0.006914358919381992,0.006914358919372579,0.006914358919363169,0.006914358919353761,0.006914358919344356,0.006914358919334954,0.006914358919325554,0.00691435891931616,0.006914358919306767,0.006914358919297376,0.006914358919287984,0.006914358919278597,0.006914358919269215,0.006914358919259832,0.006914358919250453,0.006914358919241079,0.006914358919231706,0.006914358919222334,0.006914358919212964,0.006914358919203599,0.006914358919194236,0.006914358919184876,0.006914358919175516,0.006914358919166163,0.006914358919156807,0.0069143589191474585,0.006914358919138108,0.006914358919128765,0.006914358919119424,0.006914358919110083,0.006914358919100744,0.00691435891909141,0.0069143589190820785,0.006914358919072751,0.006914358919063424,0.006914358919054097,0.006914358919044779,0.006914358919035456,0.0069143589190261414,0.006914358919016828,0.0069143589190075174,0.006914358918998209,0.0069143589189889,0.006914358918979597,0.006914358918970296,0.0069143589189609965,0.006914358918951702,0.006914358918942409,0.006914358918933118,0.006914358918923828,0.006914358918914543,0.006914358918905257,0.0069143589188959765,0.006914358918886698,0.006914358918877424,0.006914358918868148,0.006914358918858876,0.00691435891884961,0.006914358918840346,0.006914358918831081,0.0069143589188218205,0.006914358918812562,0.006914358918803306,0.006914358918794054,0.006914358918784804,0.006914358918775555,0.006914358918766308,0.0069143589187570685,0.006914358918747824,0.006914358918738587,0.006914358918729353,0.006914358918720122,0.00691435891871089,0.0069143589187016605,0.006914358918692438,0.006914358918683215,0.006914358918673993,0.006914358918664779,0.006914358918655561,0.00691435891864635,0.00691435891863714,0.006914358918627933,0.0069143589186187295,0.006914358918609528,0.006914358918600326,0.006914358918591129,0.0069143589185819325,0.006914358918572739,0.006914358918563549,0.006914358918554362,0.006914358918545176,0.006914358918535997,0.006914358918526814,0.006914358918517638,0.006914358918508463,0.006914358918499289,0.0069143589184901206,0.006914358918480951,0.006914358918471785,0.006914358918462626,0.006914358918453464,0.0069143589184443065,0.00691435891843515,0.006914358918426001,0.006914358918416844,0.0069143589184076995,0.006914358918398553,0.006914358918389411,0.006914358918380272,0.006914358918371136,0.006914358918361999,0.006914358918352867,0.006914358918343735,0.00691435891833461,0.006914358918325483,0.0069143589183163585,0.006914358918307239,0.006914358918298122,0.006914358918289001,0.006914358918279888,0.0069143589182707795,0.006914358918261667,0.006914358918252564,0.006914358918243458,0.006914358918234356,0.0069143589182252595,0.006914358918216165,0.006914358918207069,0.006914358918197978,0.006914358918188892,0.006914358918179807,0.006914358918170723,0.006914358918161639,0.00691435891815256,0.0069143589181434855,0.0069143589181344094,0.0069143589181253386,0.006914358918116265,0.006914358918107202,0.006914358918098136,0.006914358918089074,0.006914358918080016,0.006914358918070958,0.0069143589180619015,0.0069143589180528505,0.006914358918043798,0.006914358918034752,0.0069143589180257065,0.006914358918016666,0.0069143589180076254,0.0069143589179985875,0.0069143589179895505,0.006914358917980518,0.006914358917971488,0.006914358917962459,0.006914358917953432,0.006914358917944406,0.006914358917935384,0.006914358917926366,0.0069143589179173496,0.006914358917908336,0.006914358917899325,0.006914358917890315,0.0069143589178813055,0.006914358917872301,0.006914358917863304,0.006914358917854302,0.0069143589178453065,0.006914358917836313,0.006914358917827318,0.006914358917818326,0.006914358917809346,0.006914358917800354,0.006914358917791372,0.006914358917782385,0.006914358917773403,0.006914358917764422,0.006914358917755449,0.00691435891774648,0.00691435891773751,0.006914358917728542,0.00691435891771958,0.0069143589177106165,0.006914358917701658,0.006914358917692702,0.006914358917683751,0.006914358917674797,0.0069143589176658485,0.006914358917656901,0.006914358917647955,0.0069143589176390114,0.006914358917630072,0.006914358917621134,0.006914358917612201,0.006914358917603269,0.006914358917594338,0.006914358917585408,0.00691435891757648,0.0069143589175675564,0.006914358917558633,0.006914358917549712,0.006914358917540796,0.00691435891753188,0.0069143589175229715,0.0069143589175140645,0.006914358917505154,0.006914358917496249,0.006914358917487344,0.006914358917478446,0.006914358917469546,0.00691435891746065,0.006914358917451755,0.006914358917442865,0.006914358917433978,0.00691435891742509,0.006914358917416208,0.006914358917407323,0.006914358917398445,0.006914358917389567,0.006914358917380692,0.006914358917371818,0.006914358917362946,0.0069143589173540805,0.006914358917345214,0.006914358917336354,0.006914358917327492,0.006914358917318635,0.0069143589173097765,0.006914358917300922,0.006914358917292074,0.0069143589172832205,0.006914358917274373,0.006914358917265521,0.006914358917256668,0.006914358917247828,0.006914358917238994,0.006914358917230159,0.006914358917221326,0.006914358917212497,0.006914358917203665,0.006914358917194839,0.0069143589171860136,0.006914358917177201,0.0069143589171683836,0.006914358917159567,0.006914358917150751,0.006914358917141938,0.006914358917133128,0.006914358917124319,0.006914358917115514,0.006914358917106711,0.006914358917097911,0.006914358917089113,0.006914358917080316,0.006914358917071523,0.006914358917062731,0.0069143589170539395,0.006914358917045153,0.006914358917036365,0.006914358917027583,0.006914358917018802,0.006914358917010024,0.006914358917001245,0.006914358916992476,0.006914358916983705,0.006914358916974937,0.006914358916966169,0.006914358916957406,0.006914358916948643,0.006914358916939883,0.006914358916931124,0.006914358916922366,0.006914358916913614,0.006914358916904862,0.006914358916896116,0.00691435891688737,0.006914358916878623,0.00691435891686988,0.006914358916861142,0.0069143589168524046,0.00691435891684367,0.0069143589168349385,0.00691435891682621,0.0069143589168174785,0.006914358916808745,0.006914358916800025,0.006914358916791304,0.006914358916782584,0.006914358916773869,0.006914358916765156,0.006914358916756446,0.006914358916747734,0.006914358916739026,0.006914358916730318,0.006914358916721615,0.006914358916712913,0.006914358916704218,0.006914358916695519,0.006914358916686827,0.006914358916678131,0.006914358916669442,0.00691435891666075,0.0069143589166520665,0.006914358916643381,0.0069143589166347,0.006914358916626023,0.006914358916617347,0.006914358916608671,0.006914358916599998,0.0069143589165913295,0.00691435891658266,0.0069143589165739944,0.006914358916565332,0.00691435891655667,0.0069143589165480135,0.006914358916539358,0.0069143589165307,0.006914358916522051,0.0069143589165134006,0.006914358916504751,0.0069143589164961045,0.006914358916487461,0.006914358916478817,0.006914358916470176,0.006914358916461541,0.006914358916452907,0.006914358916444273,0.006914358916435641,0.006914358916427013,0.006914358916418392,0.006914358916409766,0.006914358916401142,0.006914358916392526,0.006914358916383905,0.006914358916375289,0.0069143589163666785,0.006914358916358066,0.006914358916349455,0.006914358916340849,0.006914358916332246,0.006914358916323643,0.006914358916315046,0.006914358916306448,0.0069143589162978525,0.006914358916289259,0.006914358916280671,0.006914358916272081,0.006914358916263491,0.006914358916254906,0.006914358916246324,0.006914358916237744,0.006914358916229164,0.00691435891622059,0.006914358916212014,0.006914358916203443,0.0069143589161948715,0.006914358916186305,0.006914358916177741,0.0069143589161691785,0.006914358916160617,0.006914358916152058,0.006914358916143503,0.006914358916134947,0.006914358916126397,0.006914358916117841,0.006914358916109294,0.006914358916100748,0.006914358916092206,0.0069143589160836644,0.006914358916075123,0.006914358916066584,0.0069143589160580495,0.0069143589160495155,0.006914358916040985,0.006914358916032456,0.00691435891602393,0.006914358916015403,0.006914358916006878,0.00691435891599837,0.006914358915989845,0.006914358915981331,0.006914358915972819,0.006914358915964307,0.006914358915955798,0.006914358915947292,0.006914358915938784,0.006914358915930281,0.006914358915921781,0.00691435891591328,0.0069143589159047815,0.006914358915896285,0.00691435891588779,0.0069143589158793,0.00691435891587081,0.006914358915862325,0.00691435891585384,0.006914358915845359,0.0069143589158368775,0.006914358915828397,0.006914358915819921,0.0069143589158114456,0.006914358915802976,0.006914358915794503,0.006914358915786039,0.006914358915777576,0.006914358915769111,0.00691435891576065,0.0069143589157521935,0.006914358915743732,0.006914358915735283,0.006914358915726828,0.006914358915718379,0.006914358915709932,0.006914358915701483,0.006914358915693042,0.006914358915684599,0.00691435891567616,0.00691435891566772,0.006914358915659286,0.006914358915650852,0.0069143589156424184,0.00691435891563399,0.00691435891562556,0.006914358915617139,0.006914358915608714,0.00691435891560029,0.006914358915591871,0.006914358915583454,0.00691435891557504,0.006914358915566631,0.006914358915558216,0.006914358915549812,0.006914358915541404,0.0069143589155329956,0.006914358915524595,0.0069143589155161965,0.006914358915507801,0.006914358915499401,0.0069143589154910074,0.006914358915482613,0.006914358915474224,0.0069143589154658375,0.006914358915457448,0.006914358915449068,0.006914358915440683,0.006914358915432301,0.006914358915423924,0.006914358915415549,0.006914358915407174,0.006914358915398803,0.006914358915390437,0.0069143589153820685,0.006914358915373705,0.006914358915365338,0.006914358915356978,0.006914358915348618,0.006914358915340262,0.006914358915331907,0.006914358915323555,0.006914358915315203,0.006914358915306856,0.006914358915298507,0.006914358915290162,0.0069143589152818215,0.0069143589152734775,0.006914358915265138,0.006914358915256802,0.006914358915248465,0.006914358915240134,0.006914358915231802,0.006914358915223473,0.006914358915215151,0.006914358915206825,0.0069143589151985044,0.0069143589151901864,0.0069143589151818684,0.00691435891517355,0.0069143589151652385,0.006914358915156926,0.0069143589151486155,0.006914358915140309,0.0069143589151320056,0.0069143589151237006,0.006914358915115401,0.0069143589151070975,0.0069143589150987995,0.006914358915090503,0.006914358915082208,0.006914358915073918,0.00691435891506563,0.006914358915057341,0.006914358915049053,0.00691435891504077,0.006914358915032487,0.006914358915024207,0.006914358915015928,0.0069143589150076545,0.006914358914999378,0.006914358914991105,0.0069143589149828375,0.0069143589149745725,0.0069143589149663065,0.006914358914958044,0.006914358914949781,0.006914358914941524,0.006914358914933264,0.006914358914925012,0.006914358914916758,0.00691435891490851,0.0069143589149002595,0.0069143589148920135,0.006914358914883766,0.006914358914875523,0.0069143589148672815,0.006914358914859044,0.006914358914850805,0.0069143589148425695,0.006914358914834335,0.006914358914826106,0.006914358914817878,0.006914358914809652,0.0069143589148014245,0.006914358914793203,0.006914358914784981,0.00691435891477676,0.006914358914768541,0.006914358914760326,0.006914358914752114,0.0069143589147438985,0.006914358914735692,0.0069143589147274845,0.006914358914719282,0.006914358914711076,0.006914358914702873,0.006914358914694671,0.0069143589146864765,0.006914358914678282,0.006914358914670088,0.006914358914661898,0.006914358914653705,0.0069143589146455214,0.006914358914637333,0.006914358914629146,0.0069143589146209656,0.006914358914612787,0.006914358914604607,0.00691435891459643,0.006914358914588254,0.00691435891458008,0.00691435891457191,0.006914358914563741,0.006914358914555574,0.006914358914547412,0.006914358914539248,0.006914358914531088,0.0069143589145229285,0.006914358914514771,0.006914358914506618,0.006914358914498466,0.006914358914490315,0.006914358914482167,0.006914358914474021,0.006914358914465875,0.0069143589144577315,0.006914358914449591,0.006914358914441451,0.006914358914433315,0.0069143589144251795,0.006914358914417047,0.006914358914408917,0.006914358914400785,0.0069143589143926595,0.006914358914384533,0.006914358914376408,0.006914358914368287,0.006914358914360168,0.00691435891435205,0.006914358914343934,0.00691435891433582,0.00691435891432771,0.006914358914319597,0.006914358914311491,0.006914358914303386,0.006914358914295281,0.00691435891428718,0.0069143589142790784,0.006914358914270981,0.006914358914262884,0.00691435891425479,0.006914358914246694,0.006914358914238609,0.006914358914230516,0.006914358914222429,0.0069143589142143455,0.006914358914206264,0.006914358914198182,0.006914358914190102,0.006914358914182027,0.0069143589141739525,0.006914358914165877,0.006914358914157808,0.006914358914149736,0.00691435891414167,0.006914358914133604,0.006914358914125541,0.006914358914117481,0.0069143589141094225,0.006914358914101367,0.006914358914093313,0.006914358914085256,0.006914358914077208,0.006914358914069154,0.0069143589140611104,0.006914358914053061,0.006914358914045017,0.006914358914036974,0.006914358914028938,0.006914358914020896,0.006914358914012857,0.0069143589140048195,0.006914358913996789,0.006914358913988757,0.0069143589139807286,0.006914358913972698,0.0069143589139646746,0.00691435891395665,0.006914358913948625,0.006914358913940606,0.0069143589139325865,0.006914358913924572,0.006914358913916557,0.0069143589139085415,0.006914358913900531,0.006914358913892521,0.006914358913884514,0.006914358913876507,0.006914358913868505,0.006914358913860503,0.006914358913852506,0.006914358913844505,0.00691435891383651,0.006914358913828514,0.006914358913820524,0.006914358913812533,0.006914358913804546,0.006914358913796559,0.006914358913788574,0.0069143589137805935,0.006914358913772612,0.006914358913764634,0.006914358913756657,0.006914358913748684,0.0069143589137407105,0.006914358913732738,0.006914358913724771,0.006914358913716802,0.006914358913708835,0.006914358913700873,0.006914358913692909,0.006914358913684951,0.00691435891367699,0.006914358913669036,0.00691435891366108,0.006914358913653125,0.006914358913645179,0.006914358913637232,0.006914358913629282,0.006914358913621336,0.006914358913613393,0.0069143589136054515,0.006914358913597509,0.0069143589135895744,0.006914358913581638,0.006914358913573704,0.006914358913565769,0.006914358913557839,0.006914358913549915,0.006914358913541985,0.0069143589135340616,0.006914358913526137,0.006914358913518214,0.0069143589135102984,0.006914358913502377,0.006914358913494463,0.00691435891348655,0.006914358913478635,0.006914358913470729,0.006914358913462816,0.006914358913454915,0.00691435891344701,0.006914358913439105,0.006914358913431204,0.0069143589134233055,0.0069143589134154065,0.00691435891340751,0.006914358913399617,0.006914358913391722,0.006914358913383833,0.006914358913375943,0.006914358913368057,0.006914358913360175,0.00691435891335229,0.006914358913344409,0.006914358913336529,0.006914358913328653,0.006914358913320778,0.006914358913312905,0.006914358913305032,0.006914358913297162,0.006914358913289294,0.0069143589132814225,0.006914358913273561,0.006914358913265698,0.006914358913257837,0.006914358913249978,0.006914358913242122,0.0069143589132342675,0.006914358913226413,0.0069143589132185605,0.006914358913210709,0.006914358913202862,0.006914358913195015,0.006914358913187171,0.006914358913179327,0.006914358913171485,0.006914358913163647,0.0069143589131558094,0.006914358913147971,0.00691435891314014,0.006914358913132307,0.006914358913124475,0.006914358913116647,0.006914358913108826,0.006914358913100998,0.006914358913093175,0.006914358913085356,0.006914358913077536,0.006914358913069715,0.006914358913061902,0.006914358913054084,0.006914358913046275,0.006914358913038461,0.006914358913030652,0.006914358913022844,0.006914358913015037,0.006914358913007234,0.006914358912999433,0.006914358912991633,0.006914358912983834,0.00691435891297604,0.006914358912968248,0.006914358912960454,0.0069143589129526655,0.006914358912944877,0.006914358912937092,0.006914358912929305,0.006914358912921524,0.0069143589129137374,0.00691435891290596,0.006914358912898179,0.006914358912890402,0.0069143589128826295,0.006914358912874856,0.006914358912867083,0.006914358912859317,0.00691435891285155,0.006914358912843783,0.006914358912836019,0.0069143589128282555,0.006914358912820497,0.006914358912812741,0.006914358912804981,0.0069143589127972265,0.006914358912789471,0.006914358912781717,0.006914358912773971,0.006914358912766218,0.006914358912758472,0.006914358912750728,0.006914358912742984,0.006914358912735245,0.006914358912727504,0.006914358912719765,0.006914358912712032,0.006914358912704298,0.0069143589126965666,0.006914358912688835,0.006914358912681106,0.006914358912673379,0.006914358912665653,0.006914358912657926,0.006914358912650207,0.006914358912642484,0.006914358912634767,0.00691435891262705,0.006914358912619335,0.006914358912611619,0.006914358912603907,0.006914358912596196,0.006914358912588488,0.006914358912580782,0.006914358912573078,0.006914358912565372,0.0069143589125576724,0.006914358912549972,0.0069143589125422724,0.006914358912534581,0.006914358912526886,0.006914358912519195,0.006914358912511504,0.006914358912503812,0.006914358912496124,0.006914358912488435,0.006914358912480751,0.006914358912473068,0.006914358912465387,0.006914358912457711,0.006914358912450032,0.006914358912442356,0.006914358912434681,0.00691435891242701,0.00691435891241934,0.006914358912411672,0.006914358912404007,0.0069143589123963406,0.006914358912388678,0.006914358912381015,0.006914358912373355,0.006914358912365701,0.006914358912358042,0.006914358912350389,0.006914358912342739,0.006914358912335083,0.006914358912327438,0.006914358912319787,0.006914358912312146,0.006914358912304502,0.006914358912296859,0.006914358912289215,0.006914358912281582,0.006914358912273942,0.006914358912266302,0.006914358912258671,0.006914358912251041,0.006914358912243407,0.0069143589122357815,0.006914358912228155,0.006914358912220529,0.006914358912212907,0.0069143589122052825,0.006914358912197666,0.006914358912190044,0.0069143589121824275,0.006914358912174813,0.0069143589121671975,0.006914358912159588,0.006914358912151978,0.006914358912144369,0.006914358912136764,0.006914358912129161,0.006914358912121557,0.006914358912113951,0.006914358912106354,0.006914358912098756,0.00691435891209116,0.006914358912083564,0.006914358912075967,0.006914358912068377,0.006914358912060785,0.006914358912053197,0.006914358912045607,0.006914358912038025,0.0069143589120304405,0.0069143589120228615,0.006914358912015277,0.006914358912007706,0.0069143589120001245,0.006914358911992551,0.006914358911984975,0.006914358911977403,0.006914358911969833,0.006914358911962265,0.006914358911954699,0.0069143589119471304,0.006914358911939569,0.006914358911932009,0.006914358911924447,0.006914358911916891,0.006914358911909333,0.00691435891190178,0.006914358911894229,0.00691435891188668,0.006914358911879128,0.00691435891187158,0.006914358911864032,0.0069143589118564885,0.006914358911848946,0.006914358911841403,0.0069143589118338625,0.0069143589118263234,0.00691435891181879,0.006914358911811255,0.006914358911803721,0.006914358911796187,0.006914358911788662,0.006914358911781131,0.0069143589117736035,0.006914358911766079,0.006914358911758554,0.006914358911751031,0.006914358911743512,0.006914358911735997,0.006914358911728481,0.006914358911720961,0.006914358911713446,0.006914358911705933,0.006914358911698421,0.006914358911690916,0.00691435891168341,0.006914358911675906,0.006914358911668404,0.006914358911660902,0.006914358911653401,0.006914358911645903,0.006914358911638407,0.006914358911630914,0.006914358911623417,0.006914358911615926,0.006914358911608438,0.006914358911600949,0.006914358911593464,0.006914358911585977,0.006914358911578496,0.006914358911571013,0.006914358911563533,0.0069143589115560535,0.006914358911548578,0.006914358911541101,0.006914358911533631,0.006914358911526157,0.006914358911518685,0.006914358911511216,0.006914358911503748,0.006914358911496282,0.006914358911488819,0.006914358911481358,0.006914358911473896,0.006914358911466435,0.0069143589114589775,0.0069143589114515226,0.0069143589114440684,0.006914358911436618,0.006914358911429166,0.0069143589114217165,0.0069143589114142685,0.006914358911406823,0.006914358911399381,0.0069143589113919365,0.006914358911384496,0.0069143589113770595,0.006914358911369621,0.006914358911362185,0.006914358911354748,0.006914358911347317,0.006914358911339884,0.006914358911332459,0.006914358911325028,0.006914358911317603,0.006914358911310177,0.0069143589113027535,0.006914358911295331,0.006914358911287911,0.006914358911280492,0.006914358911273076,0.006914358911265663,0.0069143589112582475,0.006914358911250837,0.006914358911243427,0.006914358911236019,0.00691435891122861,0.006914358911221206,0.006914358911213802,0.006914358911206401,0.006914358911199002,0.006914358911191599,0.006914358911184207,0.0069143589111768065,0.006914358911169413,0.006914358911162024,0.00691435891115463,0.006914358911147244,0.006914358911139852,0.006914358911132464,0.006914358911125081,0.006914358911117699,0.0069143589111103155,0.006914358911102935,0.00691435891109556,0.006914358911088185,0.00691435891108081,0.006914358911073433,0.0069143589110660635,0.006914358911058692,0.006914358911051326,0.006914358911043956,0.006914358911036589,0.006914358911029225,0.00691435891102186,0.006914358911014498,0.0069143589110071384,0.006914358910999781,0.006914358910992421,0.0069143589109850676,0.006914358910977715,0.006914358910970366,0.006914358910963017,0.0069143589109556675,0.006914358910948323,0.006914358910940976,0.006914358910933636,0.0069143589109262925,0.006914358910918953,0.006914358910911612,0.0069143589109042745,0.006914358910896943,0.006914358910889604,0.006914358910882272,0.0069143589108749395,0.006914358910867613,0.006914358910860286,0.00691435891085296,0.006914358910845638,0.006914358910838314,0.006914358910830993,0.006914358910823674,0.006914358910816356,0.0069143589108090365,0.006914358910801719,0.0069143589107944076,0.006914358910787095,0.006914358910779784,0.006914358910772474,0.006914358910765162,0.006914358910757857,0.006914358910750553,0.006914358910743251,0.006914358910735948,0.006914358910728648,0.006914358910721348,0.006914358910714052,0.006914358910706755,0.0069143589106994635,0.00691435891069217,0.006914358910684884,0.006914358910677595,0.0069143589106703054,0.0069143589106630205,0.006914358910655737,0.006914358910648454,0.006914358910641176,0.006914358910633891,0.006914358910626614,0.006914358910619337,0.00691435891061206,0.006914358910604789,0.0069143589105975164,0.006914358910590247,0.006914358910582978,0.006914358910575709,0.006914358910568444,0.006914358910561181,0.006914358910553921,0.006914358910546656,0.006914358910539396,0.006914358910532138,0.00691435891052488,0.006914358910517626,0.006914358910510375,0.0069143589105031215,0.0069143589104958755,0.006914358910488627,0.006914358910481371,0.006914358910474129,0.006914358910466882,0.006914358910459642,0.006914358910452399,0.006914358910445161,0.006914358910437924,0.006914358910430687,0.00691435891042345,0.006914358910416219,0.006914358910408988,0.006914358910401759,0.006914358910394526,0.006914358910387296,0.0069143589103800715,0.006914358910372849,0.006914358910365626,0.006914358910358403,0.006914358910351184,0.006914358910343965,0.0069143589103367485,0.006914358910329537,0.00691435891032232,0.006914358910315109,0.0069143589103078966,0.00691435891030069,0.006914358910293481,0.006914358910286275,0.006914358910279069,0.006914358910271865,0.00691435891026467,0.0069143589102574725,0.006914358910250268,0.006914358910243067,0.006914358910235872,0.0069143589102286795,0.006914358910221485,0.006914358910214296,0.006914358910207107,0.006914358910199921,0.0069143589101927335,0.0069143589101855465,0.006914358910178366,0.006914358910171184,0.006914358910164,0.0069143589101568256,0.006914358910149647,0.006914358910142469,0.006914358910135294,0.006914358910128124,0.00691435891012095,0.006914358910113783,0.006914358910106613,0.00691435891009945,0.006914358910092284,0.00691435891008512,0.006914358910077955,0.006914358910070802,0.006914358910063639,0.006914358910056486,0.006914358910049329,0.006914358910042177,0.006914358910035023,0.006914358910027868,0.0069143589100207166,0.006914358910013564,0.006914358910006418,0.006914358909999271,0.006914358909992128,0.0069143589099849865,0.006914358909977845,0.006914358909970707,0.006914358909963569,0.006914358909956431,0.006914358909949295,0.0069143589099421605,0.00691435890993503,0.006914358909927901,0.006914358909920772,0.006914358909913645,0.006914358909906525,0.0069143589098993995,0.006914358909892277,0.006914358909885151,0.006914358909878033,0.006914358909870914,0.006914358909863797,0.0069143589098566785,0.006914358909849561,0.006914358909842449,0.006914358909835339,0.006914358909828233,0.006914358909821123,0.006914358909814016,0.006914358909806911,0.006914358909799808,0.0069143589097927045,0.006914358909785603,0.0069143589097785015,0.006914358909771403,0.006914358909764307,0.006914358909757211,0.006914358909750115,0.006914358909743022,0.00691435890973593,0.006914358909728838,0.00691435890972175,0.0069143589097146645,0.006914358909707579,0.006914358909700497,0.006914358909693414,0.006914358909686335,0.0069143589096792545,0.006914358909672177,0.006914358909665098,0.006914358909658027,0.006914358909650955,0.0069143589096438834,0.00691435890963681,0.006914358909629741,0.006914358909622675,0.006914358909615611,0.006914358909608545,0.0069143589096014825,0.006914358909594419,0.006914358909587358,0.0069143589095803,0.0069143589095732455,0.006914358909566186,0.006914358909559133,0.006914358909552077,0.006914358909545029,0.00691435890953798,0.006914358909530932,0.006914358909523887,0.0069143589095168375,0.006914358909509796,0.006914358909502755,0.0069143589094957094,0.006914358909488672,0.006914358909481639,0.006914358909474606,0.00691435890946757,0.006914358909460537,0.006914358909453503,0.006914358909446472,0.006914358909439441,0.006914358909432413,0.006914358909425384,0.006914358909418362,0.006914358909411337,0.006914358909404316,0.006914358909397297,0.006914358909390277,0.006914358909383263,0.0069143589093762425,0.006914358909369226,0.0069143589093622155,0.006914358909355203,0.006914358909348191,0.006914358909341182,0.006914358909334172,0.006914358909327167,0.006914358909320163,0.00691435890931316,0.006914358909306155,0.006914358909299157,0.006914358909292157,0.006914358909285157,0.0069143589092781595,0.006914358909271164,0.006914358909264173,0.006914358909257178,0.006914358909250186,0.006914358909243194,0.006914358909236206,0.00691435890922922,0.006914358909222239,0.00691435890921525,0.00691435890920827,0.006914358909201288,0.006914358909194308,0.0069143589091873285,0.006914358909180355,0.006914358909173375,0.0069143589091664025,0.006914358909159428,0.006914358909152458,0.006914358909145488,0.006914358909138519,0.006914358909131553,0.006914358909124585,0.006914358909117624,0.0069143589091106615,0.006914358909103698,0.006914358909096738,0.00691435890908978,0.00691435890908282,0.006914358909075867,0.006914358909068915,0.006914358909061962,0.006914358909055011,0.006914358909048058,0.006914358909041113,0.006914358909034162,0.006914358909027219,0.006914358909020274,0.006914358909013329,0.006914358909006388,0.006914358908999449,0.0069143589089925095,0.006914358908985574,0.0069143589089786395,0.006914358908971705,0.006914358908964767,0.006914358908957836,0.006914358908950907,0.00691435890894398,0.006914358908937053,0.006914358908930129,0.006914358908923205,0.0069143589089162814,0.006914358908909359,0.006914358908902441,0.0069143589088955185,0.006914358908888601,0.006914358908881686,0.006914358908874769,0.006914358908867855,0.006914358908860941,0.006914358908854031,0.006914358908847122,0.006914358908840212,0.006914358908833306,0.006914358908826402,0.006914358908819494,0.006914358908812594,0.006914358908805693,0.006914358908798792,0.006914358908791896,0.006914358908784999,0.006914358908778106,0.006914358908771208,0.006914358908764312,0.006914358908757424,0.006914358908750532,0.006914358908743646,0.006914358908736762,0.006914358908729877,0.006914358908722991,0.006914358908716105,0.006914358908709224,0.006914358908702343,0.006914358908695464,0.006914358908688587,0.006914358908681712,0.006914358908674834,0.006914358908667965,0.006914358908661092,0.006914358908654221,0.00691435890864735,0.006914358908640483,0.006914358908633615,0.006914358908626749,0.006914358908619886,0.006914358908613026,0.006914358908606158,0.006914358908599298,0.006914358908592441,0.0069143589085855816,0.006914358908578731,0.006914358908571875,0.00691435890856502,0.006914358908558169,0.006914358908551312,0.006914358908544464,0.006914358908537619,0.006914358908530771,0.0069143589085239295,0.006914358908517085,0.006914358908510244,0.0069143589085034025,0.006914358908496567,0.006914358908489725,0.00691435890848289,0.006914358908476056,0.0069143589084692215,0.006914358908462388,0.006914358908455556,0.006914358908448725,0.006914358908441898,0.006914358908435072,0.006914358908428244,0.006914358908421419,0.006914358908414597,0.006914358908407777,0.006914358908400956,0.006914358908394136,0.006914358908387319,0.006914358908380501,0.006914358908373688,0.006914358908366876,0.006914358908360065,0.006914358908353254,0.006914358908346444,0.006914358908339634,0.006914358908332828,0.0069143589083260236,0.0069143589083192165,0.006914358908312413,0.006914358908305614,0.006914358908298813,0.006914358908292016,0.006914358908285219,0.006914358908278424,0.006914358908271631,0.006914358908264839,0.00691435890825805,0.006914358908251254,0.0069143589082444655,0.006914358908237678,0.006914358908230894,0.006914358908224107,0.006914358908217325,0.00691435890821054,0.0069143589082037585,0.006914358908196981,0.0069143589081902,0.006914358908183425,0.00691435890817665,0.006914358908169876,0.006914358908163103,0.0069143589081563294,0.0069143589081495605,0.006914358908142792,0.006914358908136025,0.00691435890812926,0.006914358908122493,0.006914358908115732,0.0069143589081089715,0.00691435890810221,0.00691435890809545,0.006914358908088689,0.006914358908081933,0.006914358908075177,0.006914358908068422,0.006914358908061672,0.006914358908054919,0.006914358908048166,0.006914358908041415,0.006914358908034668,0.006914358908027922,0.006914358908021177,0.006914358908014437,0.006914358908007693,0.006914358908000952,0.00691435890799421,0.006914358907987472,0.006914358907980731,0.006914358907973999,0.006914358907967263,0.006914358907960527,0.006914358907953794,0.006914358907947061,0.006914358907940334,0.006914358907933604,0.006914358907926882,0.0069143589079201555,0.006914358907913433,0.006914358907906712,0.006914358907899991,0.00691435890789327,0.006914358907886555,0.006914358907879836,0.006914358907873119,0.006914358907866404,0.006914358907859692,0.006914358907852979,0.0069143589078462684,0.00691435890783956,0.006914358907832852,0.006914358907826145,0.006914358907819441,0.006914358907812739,0.0069143589078060315,0.00691435890779933,0.00691435890779263,0.0069143589077859295,0.006914358907779231,0.006914358907772535,0.00691435890776584,0.006914358907759146,0.006914358907752452,0.006914358907745761,0.006914358907739074,0.0069143589077323864,0.006914358907725701,0.006914358907719013,0.006914358907712327,0.00691435890770564,0.006914358907698959,0.006914358907692281,0.006914358907685602,0.0069143589076789205,0.0069143589076722444,0.006914358907665569,0.006914358907658893,0.0069143589076522205,0.006914358907645551,0.006914358907638883,0.006914358907632212,0.006914358907625544,0.0069143589076188765,0.006914358907612209,0.006914358907605544,0.006914358907598884,0.006914358907592221,0.006914358907585561,0.006914358907578903,0.006914358907572246,0.006914358907565593,0.006914358907558937,0.006914358907552282,0.006914358907545629,0.006914358907538979,0.006914358907532329,0.00691435890752568,0.006914358907519035,0.006914358907512389,0.006914358907505746,0.006914358907499103,0.006914358907492462,0.006914358907485818,0.006914358907479179,0.00691435890747254,0.006914358907465905,0.00691435890745927,0.006914358907452632,0.006914358907446001,0.006914358907439367,0.00691435890743274,0.006914358907426108,0.006914358907419482,0.006914358907412853,0.006914358907406229,0.006914358907399606,0.0069143589073929835,0.006914358907386361,0.006914358907379739,0.006914358907373121,0.006914358907366505,0.0069143589073598875,0.006914358907353273,0.006914358907346662,0.0069143589073400475,0.0069143589073334425,0.0069143589073268315,0.006914358907320223,0.006914358907313614,0.006914358907307006,0.0069143589073003995,0.006914358907293799,0.0069143589072871965,0.006914358907280595,0.006914358907273997,0.0069143589072673955,0.006914358907260801,0.006914358907254203,0.0069143589072476076,0.006914358907241014,0.006914358907234423,0.006914358907227829,0.006914358907221241,0.006914358907214652,0.006914358907208063,0.006914358907201479,0.006914358907194893,0.006914358907188309,0.0069143589071817314,0.00691435890717515,0.006914358907168569,0.006914358907161994,0.006914358907155413,0.00691435890714884,0.006914358907142263,0.0069143589071356945,0.00691435890712912,0.0069143589071225505,0.00691435890711598,0.006914358907109414,0.0069143589071028475,0.006914358907096283,0.0069143589070897165,0.006914358907083153,0.006914358907076589,0.006914358907070026,0.006914358907063467,0.006914358907056912,0.006914358907050352,0.0069143589070437975,0.006914358907037242,0.006914358907030688,0.006914358907024138,0.006914358907017586,0.0069143589070110355,0.006914358907004488,0.006914358906997941,0.006914358906991398,0.006914358906984852,0.006914358906978311,0.0069143589069717674,0.006914358906965227,0.006914358906958686,0.006914358906952148,0.006914358906945611,0.006914358906939072,0.006914358906932535,0.006914358906926003,0.006914358906919476,0.006914358906912942,0.006914358906906413,0.006914358906899881,0.006914358906893355,0.006914358906886831,0.006914358906880306,0.0069143589068737825,0.0069143589068672625,0.006914358906860743,0.00691435890685422,0.006914358906847701,0.006914358906841184,0.00691435890683467,0.006914358906828152,0.006914358906821641,0.006914358906815128,0.006914358906808617,0.006914358906802105,0.006914358906795595,0.006914358906789091,0.006914358906782581,0.006914358906776078,0.006914358906769578,0.006914358906763076,0.006914358906756575,0.006914358906750075,0.006914358906743577,0.00691435890673708,0.006914358906730586,0.0069143589067240906,0.006914358906717594,0.0069143589067111,0.006914358906704611,0.00691435890669812,0.006914358906691631,0.006914358906685144,0.006914358906678657,0.006914358906672174,0.006914358906665686,0.0069143589066592084,0.006914358906652724,0.006914358906646246,0.0069143589066397665,0.006914358906633288,0.006914358906626812,0.006914358906620337,0.006914358906613861,0.0069143589066073844,0.006914358906600912,0.006914358906594444,0.006914358906587976,0.006914358906581507,0.006914358906575039,0.006914358906568573,0.006914358906562109,0.006914358906555646,0.006914358906549186,0.006914358906542724,0.006914358906536264,0.006914358906529806,0.00691435890652335,0.006914358906516896,0.00691435890651044,0.006914358906503986,0.006914358906497535,0.006914358906491087,0.006914358906484634,0.006914358906478181,0.006914358906471737,0.006914358906465289,0.0069143589064588435,0.006914358906452402,0.006914358906445959,0.006914358906439519,0.006914358906433078,0.006914358906426637,0.006914358906420197,0.0069143589064137615,0.006914358906407325,0.006914358906400891,0.006914358906394459,0.00691435890638803,0.006914358906381596,0.006914358906375167,0.006914358906368739,0.0069143589063623105,0.006914358906355885,0.006914358906349461,0.006914358906343039,0.006914358906336616,0.0069143589063301964,0.006914358906323777,0.006914358906317358,0.00691435890631094,0.006914358906304525,0.006914358906298112,0.006914358906291697,0.006914358906285284,0.006914358906278871,0.00691435890627246,0.006914358906266051,0.0069143589062596435,0.0069143589062532354,0.006914358906246829,0.006914358906240427,0.00691435890623402,0.006914358906227618,0.006914358906221218,0.00691435890621482,0.006914358906208419,0.006914358906202025,0.006914358906195627,0.006914358906189233,0.006914358906182837,0.006914358906176445,0.0069143589061700554,0.006914358906163664,0.006914358906157273,0.0069143589061508885,0.006914358906144501,0.006914358906138119,0.006914358906131732,0.006914358906125349,0.006914358906118968,0.0069143589061125875,0.006914358906106206,0.006914358906099829,0.006914358906093452,0.006914358906087077,0.006914358906080697,0.006914358906074329,0.0069143589060679566,0.006914358906061582,0.006914358906055216,0.006914358906048848,0.006914358906042478,0.0069143589060361105,0.006914358906029748,0.006914358906023382,0.006914358906017019,0.006914358906010655,0.006914358906004301,0.006914358905997939,0.006914358905991584,0.006914358905985227,0.006914358905978872,0.006914358905972517,0.006914358905966162,0.0069143589059598096,0.006914358905953462,0.00691435890594711,0.006914358905940762,0.0069143589059344115,0.006914358905928069,0.006914358905921721,0.006914358905915381,0.006914358905909032,0.006914358905902693,0.006914358905896353,0.006914358905890011,0.006914358905883674,0.006914358905877339,0.006914358905871002,0.006914358905864667,0.006914358905858334,0.006914358905852001,0.006914358905845667,0.006914358905839343,0.00691435890583301,0.006914358905826682,0.006914358905820358,0.006914358905814029,0.006914358905807706,0.006914358905801384,0.006914358905795063,0.00691435890578874,0.00691435890578242,0.006914358905776104,0.006914358905769786,0.006914358905763472,0.006914358905757156,0.006914358905750839,0.006914358905744529,0.006914358905738218,0.0069143589057319085,0.006914358905725603,0.006914358905719292,0.006914358905712987,0.00691435890570668,0.006914358905700374,0.0069143589056940725,0.006914358905687769,0.006914358905681469,0.0069143589056751675,0.006914358905668867,0.006914358905662572,0.006914358905656275,0.006914358905649979,0.006914358905643685,0.0069143589056373895,0.006914358905631097,0.006914358905624806,0.00691435890561852,0.006914358905612228,0.006914358905605938,0.006914358905599652,0.006914358905593367,0.006914358905587083,0.006914358905580803,0.006914358905574521,0.006914358905568239,0.00691435890556196,0.006914358905555679,0.006914358905549405,0.006914358905543129,0.006914358905536854,0.006914358905530583,0.006914358905524306,0.006914358905518036,0.006914358905511764,0.006914358905505492,0.0069143589054992205,0.006914358905492958,0.006914358905486691,0.006914358905480425,0.00691435890547416,0.006914358905467898,0.006914358905461637,0.006914358905455379,0.006914358905449122,0.0069143589054428654,0.006914358905436608,0.006914358905430352,0.006914358905424097,0.006914358905417844,0.006914358905411593,0.006914358905405342,0.006914358905399092,0.0069143589053928456,0.0069143589053866,0.006914358905380354,0.006914358905374106,0.006914358905367865,0.006914358905361619,0.006914358905355379,0.0069143589053491375,0.006914358905342897,0.006914358905336662,0.006914358905330423,0.006914358905324187,0.0069143589053179515,0.006914358905311716,0.006914358905305485,0.006914358905299251,0.006914358905293022,0.00691435890528679,0.006914358905280562,0.006914358905274335,0.006914358905268107,0.006914358905261882,0.0069143589052556576,0.006914358905249437,0.006914358905243214,0.006914358905236993,0.006914358905230776,0.006914358905224556,0.0069143589052183445,0.006914358905212132,0.006914358905205918,0.006914358905199703,0.006914358905193492,0.006914358905187284,0.006914358905181074,0.006914358905174865,0.006914358905168657,0.006914358905162448,0.006914358905156243,0.006914358905150038,0.0069143589051438355,0.006914358905137632,0.00691435890513143,0.006914358905125228,0.00691435890511903,0.006914358905112833,0.006914358905106634,0.006914358905100437,0.006914358905094241,0.006914358905088049,0.0069143589050818565,0.006914358905075666,0.006914358905069477,0.006914358905063284,0.006914358905057095,0.00691435890505091,0.0069143589050447265,0.0069143589050385396,0.0069143589050323535,0.006914358905026174,0.006914358905019992,0.006914358905013813,0.006914358905007635,0.006914358905001454,0.00691435890499528,0.006914358904989104,0.00691435890498293,0.006914358904976761,0.006914358904970585,0.006914358904964415,0.006914358904958246,0.006914358904952079,0.00691435890494591,0.006914358904939742,0.0069143589049335775,0.0069143589049274114,0.006914358904921249,0.006914358904915086,0.0069143589049089245,0.0069143589049027645,0.006914358904896603,0.006914358904890446,0.006914358904884288,0.006914358904878131,0.006914358904871975,0.006914358904865818,0.006914358904859667,0.006914358904853512,0.006914358904847364,0.006914358904841215,0.006914358904835067,0.0069143589048289164,0.006914358904822768,0.0069143589048166225,0.00691435890481048,0.006914358904804338,0.006914358904798195,0.0069143589047920544,0.006914358904785919,0.006914358904779779,0.006914358904773641,0.006914358904767501,0.006914358904761367,0.006914358904755233,0.006914358904749101,0.006914358904742971,0.006914358904736837,0.0069143589047307085,0.006914358904724576,0.006914358904718451,0.006914358904712322,0.0069143589047062,0.0069143589047000725,0.006914358904693949,0.006914358904687827,0.0069143589046817095,0.006914358904675586,0.006914358904669468,0.006914358904663349,0.0069143589046572335,0.006914358904651119,0.006914358904645005,0.006914358904638891,0.006914358904632779,0.006914358904626668,0.006914358904620558,0.006914358904614448,0.006914358904608338,0.0069143589046022315,0.0069143589045961235,0.006914358904590023,0.006914358904583917,0.006914358904577817,0.006914358904571713,0.0069143589045656114,0.006914358904559512,0.006914358904553409,0.006914358904547312,0.006914358904541219,0.006914358904535125,0.006914358904529033,0.006914358904522942,0.0069143589045168475,0.006914358904510756,0.006914358904504665,0.006914358904498577,0.006914358904492492,0.006914358904486406,0.0069143589044803186,0.006914358904474236,0.006914358904468154,0.006914358904462072,0.006914358904455988,0.00691435890444991,0.006914358904443832,0.006914358904437753,0.006914358904431677,0.006914358904425599,0.006914358904419525,0.006914358904413454,0.006914358904407381,0.00691435890440131,0.006914358904395241,0.006914358904389168,0.0069143589043831,0.006914358904377034,0.0069143589043709685,0.006914358904364902,0.006914358904358837,0.006914358904352776,0.0069143589043467145,0.006914358904340654,0.006914358904334591,0.006914358904328534,0.006914358904322478,0.006914358904316418,0.006914358904310365,0.006914358904304308,0.006914358904298254,0.00691435890429221,0.006914358904286156,0.00691435890428011,0.006914358904274063,0.0069143589042680136,0.006914358904261966,0.006914358904255922,0.006914358904249875,0.006914358904243834,0.00691435890423779,0.00691435890423175,0.006914358904225708,0.006914358904219668,0.006914358904213631,0.006914358904207592,0.006914358904201558,0.0069143589041955195,0.006914358904189484,0.006914358904183452,0.006914358904177419,0.006914358904171387,0.006914358904165357,0.006914358904159328,0.0069143589041533,0.0069143589041472725,0.006914358904141247,0.00691435890413522,0.0069143589041291975,0.0069143589041231815,0.00691435890411716,0.006914358904111137,0.006914358904105118,0.006914358904099102,0.006914358904093083,0.006914358904087068,0.006914358904081049,0.006914358904075039,0.006914358904069025,0.006914358904063013,0.006914358904057,0.006914358904050977,0.006914358904044973,0.0069143589040389615,0.006914358904032955,0.006914358904026948,0.00691435890402094,0.006914358904014938,0.006914358904008936,0.006914358904002934,0.006914358903996937,0.006914358903990938,0.0069143589039849405,0.006914358903978941,0.0069143589039729475,0.006914358903966952,0.006914358903960958,0.006914358903954965,0.006914358903948978,0.006914358903942988,0.0069143589039369945,0.0069143589039310045,0.0069143589039250145,0.006914358903919023,0.006914358903913039,0.006914358903907054,0.006914358903901072,0.006914358903895089,0.006914358903889106,0.00691435890388313,0.006914358903877147,0.006914358903871167,0.006914358903865192,0.006914358903859216,0.0069143589038532455,0.006914358903847268,0.006914358903841297,0.006914358903835321,0.006914358903829347,0.006914358903823377,0.006914358903817409,0.00691435890381144,0.006914358903805474,0.0069143589037995055,0.006914358903793548,0.00691435890378758,0.006914358903781617,0.006914358903775658,0.006914358903769697,0.006914358903763735,0.00691435890375778,0.006914358903751827,0.006914358903745867,0.006914358903739908,0.006914358903733952,0.006914358903727996,0.006914358903722043,0.006914358903716095,0.006914358903710143,0.006914358903704192,0.00691435890369824,0.006914358903692293,0.006914358903686344,0.006914358903680396,0.0069143589036744476,0.006914358903668505,0.006914358903662562,0.006914358903656619,0.006914358903650678,0.00691435890364474,0.006914358903638797,0.006914358903632863,0.006914358903626922,0.006914358903620991,0.006914358903615062,0.006914358903609132,0.0069143589036032,0.006914358903597267,0.006914358903591336,0.006914358903585405,0.006914358903579479,0.006914358903573553,0.006914358903567625,0.006914358903561702,0.006914358903555776,0.0069143589035498545,0.006914358903543931,0.006914358903538008,0.0069143589035320936,0.006914358903526171,0.006914358903520255,0.006914358903514339,0.006914358903508416,0.006914358903502504,0.006914358903496587,0.006914358903490677,0.006914358903484762,0.006914358903478854,0.006914358903472945,0.006914358903467033,0.006914358903461129,0.006914358903455216,0.006914358903449309,0.006914358903443407,0.006914358903437498,0.0069143589034316,0.006914358903425698,0.006914358903419795,0.0069143589034138956,0.006914358903407995,0.006914358903402097,0.006914358903396201,0.0069143589033903025,0.0069143589033844105,0.006914358903378513,0.0069143589033726196,0.006914358903366727,0.006914358903360834,0.0069143589033549445,0.006914358903349051,0.006914358903343166,0.0069143589033372746,0.00691435890333139,0.006914358903325505,0.006914358903319624,0.0069143589033137404,0.006914358903307859,0.006914358903301974,0.0069143589032960966,0.006914358903290216,0.006914358903284339,0.006914358903278461,0.006914358903272582,0.006914358903266708,0.006914358903260834,0.00691435890325496,0.006914358903249086,0.006914358903243215,0.006914358903237343,0.006914358903231476,0.006914358903225606,0.006914358903219739,0.006914358903213873,0.006914358903208007,0.006914358903202145,0.006914358903196279,0.006914358903190415,0.006914358903184555,0.006914358903178695,0.006914358903172836,0.0069143589031669785,0.00691435890316112,0.006914358903155265,0.0069143589031494075,0.006914358903143555,0.006914358903137703,0.006914358903131852,0.006914358903126002,0.0069143589031201505,0.006914358903114302,0.006914358903108453,0.006914358903102605,0.00691435890309676,0.006914358903090915,0.00691435890308507,0.006914358903079226,0.006914358903073382,0.006914358903067542,0.0069143589030617,0.006914358903055861,0.006914358903050022,0.006914358903044182,0.006914358903038346,0.0069143589030325105,0.0069143589030266775,0.006914358903020843,0.006914358903015009,0.0069143589030091785,0.006914358903003347,0.0069143589029975186,0.00691435890299169,0.006914358902985864,0.006914358902980037,0.006914358902974212,0.006914358902968383,0.006914358902962564,0.006914358902956739,0.006914358902950917,0.006914358902945096,0.006914358902939278,0.006914358902933458,0.006914358902927637,0.006914358902921825,0.006914358902916009,0.006914358902910192,0.0069143589029043795,0.006914358902898567,0.006914358902892756,0.006914358902886945,0.006914358902881138,0.006914358902875329,0.00691435890286952,0.006914358902863712,0.006914358902857907,0.006914358902852104,0.006914358902846302,0.006914358902840496,0.006914358902834694,0.006914358902828893,0.006914358902823092,0.006914358902817289,0.006914358902811493,0.006914358902805697,0.0069143589027999015,0.006914358902794105,0.006914358902788309,0.006914358902782514,0.006914358902776719,0.0069143589027709325,0.006914358902765141,0.006914358902759351,0.0069143589027535635,0.006914358902747775,0.006914358902741987,0.0069143589027362016,0.006914358902730421,0.006914358902724632,0.006914358902718853,0.006914358902713068,0.006914358902707289,0.006914358902701507,0.00691435890269573,0.006914358902689952,0.006914358902684172,0.006914358902678397,0.006914358902672621,0.006914358902666847,0.006914358902661075,0.006914358902655302,0.006914358902649528,0.006914358902643756,0.006914358902637989,0.00691435890263222,0.006914358902626453,0.006914358902620685,0.00691435890261492,0.006914358902609155,0.006914358902603389,0.00691435890259763,0.006914358902591868,0.006914358902586107,0.0069143589025803505,0.006914358902574592,0.006914358902568832,0.006914358902563076,0.006914358902557322,0.006914358902551569,0.006914358902545819,0.0069143589025400624,0.0069143589025343144,0.006914358902528561,0.006914358902522812,0.006914358902517059,0.006914358902511315,0.006914358902505568,0.006914358902499821,0.006914358902494076,0.006914358902488331,0.0069143589024825884,0.00691435890247685,0.0069143589024711054,0.006914358902465362,0.006914358902459623,0.006914358902453886,0.006914358902448147,0.006914358902442413,0.006914358902436675,0.00691435890243094,0.006914358902425208,0.006914358902419473,0.00691435890241374,0.006914358902408007,0.0069143589024022786,0.006914358902396547,0.006914358902390818,0.006914358902385093,0.006914358902379369,0.006914358902373645,0.006914358902367922,0.0069143589023622,0.0069143589023564775,0.006914358902350753,0.006914358902345038,0.006914358902339318,0.006914358902333597,0.006914358902327878,0.006914358902322162,0.0069143589023164444,0.006914358902310725,0.006914358902305017,0.006914358902299303,0.0069143589022935895,0.006914358902287878,0.006914358902282171,0.006914358902276458,0.006914358902270754,0.006914358902265044,0.006914358902259339,0.006914358902253633,0.0069143589022479255,0.006914358902242219,0.006914358902236514,0.006914358902230816,0.006914358902225117,0.006914358902219416,0.006914358902213721,0.006914358902208019,0.006914358902202321,0.006914358902196628,0.00691435890219093,0.006914358902185238,0.006914358902179546,0.006914358902173852,0.00691435890216816,0.006914358902162473,0.006914358902156781,0.0069143589021510915,0.006914358902145406,0.006914358902139719,0.006914358902134034,0.006914358902128348,0.0069143589021226646,0.006914358902116985,0.006914358902111301,0.006914358902105621,0.006914358902099943,0.00691435890209426,0.006914358902088584,0.006914358902082907,0.006914358902077228,0.0069143589020715535,0.00691435890206588,0.006914358902060206,0.0069143589020545316,0.00691435890204886,0.006914358902043188,0.006914358902037522,0.006914358902031851,0.00691435890202618,0.006914358902020516,0.0069143589020148515,0.0069143589020091815,0.006914358902003519,0.0069143589019978555,0.006914358901992192,0.006914358901986527,0.006914358901980871,0.006914358901975209,0.00691435890196955,0.0069143589019638905,0.006914358901958235,0.006914358901952579,0.006914358901946923,0.006914358901941267,0.00691435890193561,0.006914358901929964,0.006914358901924308,0.0069143589019186585,0.006914358901913006,0.0069143589019073585,0.006914358901901713,0.006914358901896066,0.006914358901890419,0.006914358901884772,0.006914358901879127,0.006914358901873486,0.006914358901867844,0.006914358901862199,0.006914358901856562,0.006914358901850922,0.006914358901845283,0.0069143589018396436,0.006914358901834008,0.006914358901828374,0.0069143589018227395,0.006914358901817108,0.006914358901811471,0.006914358901805843,0.00691435890180021,0.006914358901794583,0.00691435890178895,0.006914358901783324,0.006914358901777695,0.006914358901772069,0.006914358901766444,0.0069143589017608195,0.006914358901755193,0.00691435890174957,0.0069143589017439475,0.006914358901738326,0.006914358901732706
9,1.1891578358566183e-44,4.138269450617781e-44,8.699107030920554e-44,1.474888748054761e-43,2.314533487081176e-43,3.3741912185245262e-43,4.676966211453318e-43,6.24879441912729e-43,8.094792724167309e-43,1.0244329474690122e-42,1.2724520556578695e-42,1.556523462568735e-42,1.876476881786986e-42,2.2375342461771868e-42,2.6405232796051585e-42,3.087705605798323e-42,3.5813493447927106e-42,4.1237276453066667e-42,4.7171175181767095e-42,5.363798919822338e-42,6.066054039688916e-42,6.826166753231575e-42,7.646422202267112e-42,8.529106476059416e-42,9.476506370528064e-42,1.0490909207328966e-41,1.1574602697795426e-41,1.2729874841280461e-41,1.3959013849372872e-41,1.5264308089908072e-41,1.6648046046398319e-41,1.811251628645603e-41,1.966000743945069e-41,2.1292808178962082e-41,2.301320721214615e-41,2.4823493269788583e-41,2.67259551013427e-41,2.872288146761787e-41,3.081656113861216e-41,3.3009282891603185e-41,3.5303335507836943e-41,3.7701007774036705e-41,4.020458847680174e-41,4.281636640566435e-41,4.553863035227065e-41,4.837366910838582e-41,5.13237714655717e-41,5.439122621777729e-41,5.757832215943105e-41,6.088734808203007e-41,6.432059278042487e-41,6.788034504864798e-41,7.156889368169012e-41,7.538852747149284e-41,7.934153521345151e-41,8.343020570179449e-41,8.765682773177239e-41,9.202369009666208e-41,9.653308159065987e-41,1.011872910078448e-40,1.05988607141443e-40,1.1093931878709224e-40,1.160417147401059e-40,1.2129808379233652e-40,1.2671071474053501e-40,1.322818963765718e-40,1.380139174956225e-40,1.439090668936923e-40,1.499696333624862e-40,1.5619790570004642e-40,1.6259617269545051e-40,1.6916672314569688e-40,1.759118458476019e-40,1.828338295930659e-40,1.899349631737668e-40,1.9721753538918886e-40,2.046838350282668e-40,2.1233615089077245e-40,2.2017677176811846e-40,2.2820798645184324e-40,2.36432083739033e-40,2.448513524237622e-40,2.534680813036061e-40,2.6228455916748294e-40,2.7130307481204644e-40,2.8052591703451567e-40,2.8995537462651857e-40,2.99593736382426e-40,3.0944329109629456e-40,3.1950632756277714e-40,3.297851345725837e-40,3.4028200092958614e-40,3.5099921541916812e-40,3.6193906683825088e-40,3.7310384398129866e-40,3.8449583564275444e-40,3.961173306167716e-40,4.079706176978122e-40,4.200579856799665e-40,4.323817233578314e-40,4.449441195258343e-40,4.577474629817661e-40,4.707940425121401e-40,4.840861469157738e-40,4.976260649864325e-40,5.114160855225903e-40,5.254584973109186e-40,5.397555891490483e-40,5.543096498318995e-40,5.6912296815352845e-40,5.841978329083172e-40,5.995365328906627e-40,6.151413568945031e-40,6.3101459371438236e-40,6.4715853214535025e-40,6.635754609809851e-40,6.802676690196571e-40,6.972374450522936e-40,7.144870778729557e-40,7.320188562718164e-40,7.498350690469123e-40,7.6793800499722e-40,7.863299529133476e-40,8.050132015842686e-40,8.239900398094853e-40,8.432627563826043e-40,8.628336401023836e-40,8.827049797636097e-40,9.028790641521293e-40,9.23358182066082e-40,9.441446222958477e-40,9.652406736442912e-40,9.86648624900954e-40,1.0083707648620036e-39,1.030409382320238e-39,1.0527667660692148e-39,1.0754452049058272e-39,1.0984469876232658e-39,1.1217744030144969e-39,1.1454297398754845e-39,1.1694152870004526e-39,1.1937333331821652e-39,1.2183861672158129e-39,1.2433760778959412e-39,1.2687053540172302e-39,1.2943762843645519e-39,1.3203911577418832e-39,1.3467522629534589e-39,1.3734618887837715e-39,1.400522324026361e-39,1.427935857486661e-39,1.4557047779372527e-39,1.483831374195542e-39,1.512317935033853e-39,1.5411667492568474e-39,1.5703801056583834e-39,1.5999602930330624e-39,1.629909600175401e-39,1.6602303158793856e-39,1.6909247289400644e-39,1.7219951281621483e-39,1.7534438023180896e-39,1.785273040225105e-39,1.8174851306550506e-39,1.8500823624128412e-39,1.8830670242937563e-39,1.91644140509251e-39,1.950207793613493e-39,1.9843684786301006e-39,2.0189257489468264e-39,2.05388189335806e-39,2.089239200659147e-39,2.124999959643112e-39,2.161166459103739e-39,2.197740987836287e-39,2.234725834636718e-39,2.2721232882979338e-39,2.3099356376143258e-39,2.3481651713800788e-39,2.3868141783900426e-39,2.4258849474500848e-39,2.4653797673317243e-39,2.5053009268521563e-39,2.545650714794962e-39,2.586431419941382e-39,2.6276453310969813e-39,2.669294737058165e-39,2.7113819266190208e-39,2.753909188586448e-39,2.7968788117298712e-39,2.8402930848682828e-39,2.8841542967832284e-39,2.928464736268746e-39,2.973226692119361e-39,3.0184424531184556e-39,3.0641143080715984e-39,3.1102445457733756e-39,3.156835455031317e-39,3.203889324612921e-39,3.251408443326873e-39,3.29939509998048e-39,3.347851583368899e-39,3.396780182261006e-39,3.446183185462352e-39,3.496062881753428e-39,3.546421559942357e-39,3.59726150885121e-39,3.6485850172210275e-39,3.700394373886479e-39,3.7526918676269857e-39,3.8054797872398124e-39,3.858760421531021e-39,3.9125360592679686e-39,3.966808989258276e-39,4.021581500296133e-39,4.076855881163437e-39,4.132634420682906e-39,4.188919407632868e-39,4.245713130809592e-39,4.3030178789936875e-39,4.3608359409913505e-39,4.419169605610721e-39,4.478021161620393e-39,4.537392897842947e-39,4.5972871030565527e-39,4.657706066042192e-39,4.718652075624668e-39,4.780127420582453e-39,4.842134389711646e-39,4.904675271804925e-39,4.967752355672771e-39,5.0313679300772135e-39,5.0955242838292086e-39,5.160223705740124e-39,5.225468484588484e-39,5.291260909151912e-39,5.3576032682251154e-39,5.424497850651094e-39,5.4919469451750955e-39,5.559952840594158e-39,5.628517825747582e-39,5.6976441893979524e-39,5.767334220325197e-39,5.8375902073561843e-39,5.908414439250951e-39,5.979809204819784e-39,6.0517767928599e-39,6.124319492181265e-39,6.197439591544434e-39,6.271139379745195e-39,6.34542114562673e-39,6.420287177934339e-39,6.495739765480037e-39,6.571781197072791e-39,6.648413761490684e-39,6.725639747509446e-39,6.80346144396181e-39,6.881881139624105e-39,6.960901123271269e-39,7.040523683715369e-39,7.120751109768624e-39,7.201585690212827e-39,7.283029713819531e-39,7.365085469418135e-39,7.447755245770409e-39,7.53104133172035e-39,7.614946016028821e-39,7.699471587458116e-39,7.784620334837228e-39,7.87039454695692e-39,7.956796512648172e-39,8.043828520635502e-39,8.131492859749465e-39,8.219791818822111e-39,8.308727686608579e-39,8.398302751865261e-39,8.488519303463393e-39,8.579379630126441e-39,8.670886020682462e-39,8.763040763958354e-39,8.855846148716235e-39,8.949304463713505e-39,9.043417997781922e-39,9.138189039719004e-39,9.233619878314096e-39,9.329712802361591e-39,9.426470100693773e-39,9.523894062031064e-39,9.621986975243168e-39,9.720751129088348e-39,9.820188812361575e-39,9.92030231385484e-39,1.0021093922363395e-38,1.012256592664434e-38,1.0224720615567e-38,1.0327560277850686e-38,1.0431087202367021e-38,1.0535303677869363e-38,1.0640211993114319e-38,1.0745814436975406e-38,1.0852113298208621e-38,1.0959110865607695e-38,1.1066809427967025e-38,1.1175211274081827e-38,1.1284318692706863e-38,1.1394133972714434e-38,1.1504659402861861e-38,1.1615897271939879e-38,1.1727849868707282e-38,1.1840519481996348e-38,1.195390840064314e-38,1.206801891335986e-38,1.2182853309019577e-38,1.2298413876342534e-38,1.241470290415808e-38,1.253172268130343e-38,1.264947549652897e-38,1.2767963638590804e-38,1.2887189396327e-38,1.300715505856992e-38,1.3127862914032343e-38,1.3249315251591086e-38,1.3371514360000253e-38,1.349446252805426e-38,1.3618162044506318e-38,1.3742615198234813e-38,1.3867824277990879e-38,1.399379157256713e-38,1.4120519370761812e-38,1.4248009961366984e-38,1.4376265633135955e-38,1.4505288674906896e-38,1.4635081375517651e-38,1.4765646023715736e-38,1.489698490825235e-38,1.5029100318055207e-38,1.5161994541790848e-38,1.529566986825333e-38,1.5430128586322074e-38,1.5565372984747574e-38,1.5701405352322722e-38,1.5838227977884852e-38,1.5975843150146762e-38,1.6114253157940121e-38,1.6253460290018015e-38,1.639346683526644e-38,1.6534275082432806e-38,1.6675887320267033e-38,1.6818305837654604e-38,1.6961532923350877e-38,1.7105570866139675e-38,1.7250421954816106e-38,1.7396088478179895e-38,1.7542572725023203e-38,1.7689876984143952e-38,1.7838003544341243e-38,1.7986954694405406e-38,1.8136732723124828e-38,1.8287339919295207e-38,1.8438778571712768e-38,1.8591050969168612e-38,1.8744159400459207e-38,1.8898106154377026e-38,1.9052893519723963e-38,1.9208523785340244e-38,1.9364999239969883e-38,1.9522322172360036e-38,1.9680494871354723e-38,1.9839519625746367e-38,1.9999398724328607e-38,2.0160134455852125e-38,2.032172910920427e-38,2.0484184973131929e-38,2.0647504336435326e-38,2.0811689487904831e-38,2.09767427163297e-38,2.1142666310507512e-38,2.1309462559289663e-38,2.1477133751414599e-38,2.164568217562708e-38,2.1815110120820264e-38,2.1985419875695548e-38,2.215661372909145e-38,2.2328693969752387e-38,2.2501662886620163e-38,2.267552276838999e-38,2.2850275903818646e-38,2.302592458179014e-38,2.3202471091050342e-38,2.3379917720352962e-38,2.355826675858208e-38,2.3737520494482343e-38,2.3917681216800886e-38,2.409875121443364e-38,2.4280732776122026e-38,2.4463628190657276e-38,2.4647439746790687e-38,2.4832169733362307e-38,2.501782043916878e-38,2.5204394153007827e-38,2.5391893163715785e-38,2.5580319760045734e-38,2.5769676230744155e-38,2.5959964864650986e-38,2.615118795060926e-38,2.6343347777316826e-38,2.6536446633611566e-38,2.673048680834441e-38,2.692547059020734e-38,2.712140026804388e-38,2.731827813070201e-38,2.7516106466872927e-38,2.771488756540538e-38,2.7914623715143815e-38,2.8115317204778995e-38,2.831697032315453e-38,2.851958535911639e-38,2.872316460141606e-38,2.892771033878884e-38,2.913322486013516e-38,2.933971045414774e-38,2.9547169409665046e-38,2.9755604015478833e-38,2.9965016560454576e-38,3.0175409333274365e-38,3.038678462283303e-38,3.0599144717871535e-38,3.081249190713989e-38,3.102682847947736e-38,3.12421567237319e-38,3.1458478928592534e-38,3.167579738296147e-38,3.1894114375639886e-38,3.211343219531206e-38,3.233375313082463e-38,3.2555079470915153e-38,3.2777413504492524e-38,3.300075752029175e-38,3.322511380710975e-38,3.345048465374164e-38,3.3676872348979085e-38,3.390427918162654e-38,3.4132707440466546e-38,3.4362159414295847e-38,3.4592637391856734e-38,3.482414366204689e-38,3.5056680513608607e-38,3.529025023528917e-38,3.552485511594084e-38,3.5760497444409074e-38,3.5997179509433824e-38,3.6234903599806e-38,3.64736720043149e-38,3.6713487011762005e-38,3.6954350910939306e-38,3.7196265990706886e-38,3.7439234539741045e-38,3.7683258846882615e-38,3.792834120093302e-38,3.817448389063436e-38,3.8421689204896306e-38,3.8669959432512573e-38,3.891929686210041e-38,3.91697037826269e-38,3.9421182482829446e-38,3.967373525150469e-38,3.992736437745241e-38,4.0182072149522805e-38,4.0437860856386954e-38,4.0694732786958096e-38,4.0952690229981564e-38,4.1211735474184473e-38,4.147187080842542e-38,4.17330985215576e-38,4.1995420902250425e-38,4.225884023935504e-38,4.252335882174037e-38,4.2788978938015595e-38,4.3055702877155285e-38,4.332353292795983e-38,4.3592471379089323e-38,4.3862520519471406e-38,4.4133682637775423e-38,4.440596002284795e-38,4.467935496354967e-38,4.4953869748495655e-38,4.5229506666666774e-38,4.5506268006850916e-38,4.578415605772213e-38,4.606317310813686e-38,4.6343321446961237e-38,4.662460336278732e-38,4.690702114466616e-38,4.719057708126799e-38,4.747527346132337e-38,4.776111257369011e-38,4.804809670723564e-38,4.83362281506113e-38,4.862550919274165e-38,4.89159421223751e-38,4.920752922823233e-38,4.95002727991618e-38,4.979417512402064e-38,5.008923849148294e-38,5.038546519047701e-38,5.068285750973726e-38,5.098141773798556e-38,5.12811481640798e-38,5.158205107689042e-38,5.188412876506341e-38,5.218738351752884e-38,5.24918176229598e-38,5.27974333702113e-38,5.310423304814322e-38,5.341221894542705e-38,5.372139335092388e-38,5.403175855348188e-38,5.43433168417781e-38,5.465607050465801e-38,5.497002183104524e-38,5.528517310947743e-38,5.560152662887952e-38,5.591908467811352e-38,5.62378495458501e-38,5.655782352101245e-38,5.687900889232168e-38,5.720140794851398e-38,5.75250229785099e-38,5.784985627104471e-38,5.817591011490715e-38,5.85031867988925e-38,5.883168861180244e-38,5.91614178424296e-38,5.949237677956683e-38,5.982456771200184e-38,6.01579929284006e-38,6.049265471781916e-38,6.08285553689289e-38,6.116569717052386e-38,6.150408241139699e-38,6.184371338034141e-38,6.218459236614648e-38,6.252672165762182e-38,6.287010354342323e-38,6.321474031259873e-38,6.356063425396145e-38,6.390778765590465e-38,6.42562028076097e-38,6.460588199788038e-38,6.495682751523668e-38,6.530904164861483e-38,6.566252668694643e-38,6.601728491874399e-38,6.637331863293602e-38,6.673063011833457e-38,6.708922166372496e-38,6.744909555789388e-38,6.781025408978517e-38,6.817269954792354e-38,6.85364342212244e-38,6.890146039862433e-38,6.926778036865852e-38,6.963539642025829e-38,7.000431084220562e-38,7.037452592328367e-38,7.074604395231236e-38,7.111886721807201e-38,7.149299800934257e-38,7.186843861494289e-38,7.224519132366719e-38,7.262325842430409e-38,7.300264220579679e-38,7.338334495664116e-38,7.376536896578205e-38,7.41487165221596e-38,7.45333899142822e-38,7.491939143109093e-38,7.530672336137826e-38,7.569538799392514e-38,7.608538761754887e-38,7.647672452103533e-38,7.686940099317344e-38,7.726341932276198e-38,7.765878179874477e-38,7.805549070961363e-38,7.84535483444551e-38,7.885295699177382e-38,7.925371894051806e-38,7.965583647962314e-38,8.005931189760343e-38,8.04641474833911e-38,8.087034552593033e-38,8.12779083138751e-38,8.168683813585113e-38,8.209713728080921e-38,8.250880803755728e-38,8.292185269488404e-38,8.333627354171638e-38,8.375207286657816e-38,8.416925295853889e-38,8.458781610626408e-38,8.500776459838711e-38,8.542910072384755e-38,8.585182677144672e-38,8.627594502997287e-38,8.670145778823004e-38,8.712836733517517e-38,8.755667595928171e-38,8.798638594949447e-38,8.841749959476518e-38,8.885001918358675e-38,8.928394700490618e-38,8.971928534768032e-38,9.015603650038864e-38,9.059420275196813e-38,9.103378639137894e-38,9.147478970709809e-38,9.191721498808287e-38,9.236106452328891e-38,9.280634060120115e-38,9.325304551090304e-38,9.370118154090686e-38,9.415075098014695e-38,9.460175611756179e-38,9.50541992418089e-38,9.550808264153357e-38,9.596340860567387e-38,9.642017942302214e-38,9.687839738237703e-38,9.733806477269022e-38,9.779918388243776e-38,9.826175700072337e-38,9.872578641621846e-38,9.91912744175453e-38,9.965822329378735e-38,1.0012663533359584e-37,1.0059651282561725e-37,1.0106785805880878e-37,1.015406733221217e-37,1.0201496090418925e-37,1.0249072309380147e-37,1.0296796217974693e-37,1.0344668045065808e-37,1.0392688019564679e-37,1.04408563703369e-37,1.0489173326261752e-37,1.0537639116217238e-37,1.0586253969083803e-37,1.0635018113724426e-37,1.0683931779050426e-37,1.073299519392636e-37,1.0782208587214629e-37,1.0831572187826089e-37,1.0881086224626174e-37,1.0930750926476622e-37,1.0980566522289816e-37,1.1030533240930824e-37,1.1080651311276724e-37,1.113092096220772e-37,1.1181342422603595e-37,1.1231915921343543e-37,1.1282641687306287e-37,1.133351994935528e-37,1.1384550936386687e-37,1.143573487729703e-37,1.1487072000947094e-37,1.1538562536202593e-37,1.1590206711974594e-37,1.1642004757109873e-37,1.1693956900505456e-37,1.1746063371057291e-37,1.1798324397626499e-37,1.185074020907621e-37,1.190331103432037e-37,1.1956037102204233e-37,1.200891864164115e-37,1.2061955881493478e-37,1.2115149050642078e-37,1.216849837796324e-37,1.2222004092354573e-37,1.227566642264687e-37,1.2329485597770086e-37,1.2383461846602554e-37,1.2437595397973609e-37,1.249188648081337e-37,1.2546335323984023e-37,1.260094215636454e-37,1.265570720683598e-37,1.2710630704294645e-37,1.27657128775846e-37,1.2820953955601186e-37,1.287635416722493e-37,1.2931913741336735e-37,1.2987632906815678e-37,1.3043511892540945e-37,1.309955092739273e-37,1.3155750240249348e-37,1.3212110059973268e-37,1.3268630615478439e-37,1.3325312135643902e-37,1.3382154849315782e-37,1.3439158985389895e-37,1.3496324772747317e-37,1.3553652440266393e-37,1.3611142216826962e-37,1.3668794331307761e-37,1.3726609012570885e-37,1.378458648953088e-37,1.384272699106599e-37,1.3901030746023717e-37,1.3959497983299731e-37,1.4018128931790482e-37,1.4076923820323848e-37,1.4135882877832356e-37,1.419500633319496e-37,1.4254294415253175e-37,1.4313747352905798e-37,1.4373365375033171e-37,1.4433148710514437e-37,1.4493097588246166e-37,1.4553212237091105e-37,1.4613492885910987e-37,1.4673939763601991e-37,1.473455309906095e-37,1.4795333121133958e-37,1.4856280058717966e-37,1.491739414069016e-37,1.497867559595181e-37,1.5040124653344999e-37,1.5101741541764495e-37,1.5163526490091616e-37,1.5225479727207016e-37,1.5287601481987958e-37,1.5349891983314205e-37,1.5412351460067483e-37,1.5474980141125347e-37,1.553777825536838e-37,1.5600746031677631e-37,1.5663883698930598e-37,1.5727191486005427e-37,1.5790669621800649e-37,1.5854318335159755e-37,1.59181378549971e-37,1.598212841017681e-37,1.6046290229557755e-37,1.6110623542057262e-37,1.6175128576537857e-37,1.623980556186021e-37,1.6304654726938255e-37,1.6369676300634264e-37,1.643487051182653e-37,1.6500237589393349e-37,1.6565777762199566e-37,1.663149125916117e-37,1.669737830913672e-37,1.6763439141006373e-37,1.6829673983631687e-37,1.6896083065930243e-37,1.696266661676326e-37,1.7029424864989024e-37,1.7096358039526526e-37,1.7163466369217809e-37,1.7230750082961128e-37,1.7298209409652011e-37,1.7365844578132286e-37,1.7433655817303267e-37,1.7501643356062378e-37,1.7569807423252433e-37,1.7638148247791026e-37,1.7706666058535293e-37,1.7775361084346677e-37,1.7844233554125276e-37,1.7913283696770961e-37,1.7982511741122446e-37,1.8051917916097953e-37,1.8121502450557697e-37,1.8191265573378732e-37,1.8261207513442984e-37,1.83313284996115e-37,1.8401628760783973e-37,1.8472108525859993e-37,1.854276802369757e-37,1.8613607483154936e-37,1.8684627133151162e-37,1.8755827202548888e-37,1.882720792020664e-37,1.8898769515042375e-37,1.897051221591659e-37,1.9042436251708663e-37,1.9114541851297314e-37,1.91868292435649e-37,1.925929865736741e-37,1.9331950321603874e-37,1.9404784465197016e-37,1.94778013169678e-37,1.9551001105811696e-37,1.9624384060588942e-37,1.969795041022068e-37,1.9771700383564386e-37,1.9845634209498803e-37,1.991975211690615e-37,1.9994054334665598e-37,2.006854109163695e-37,2.0143212616718097e-37,2.021806913880835e-37,2.0293110886766176e-37,2.036833808947434e-37,2.0443750975811112e-37,2.0519349774654413e-37,2.0595134714865333e-37,2.067110602536323e-37,2.0747263934985667e-37,2.08236086726545e-37,2.09001404672301e-37,2.097685954756999e-37,2.105376614259282e-37,2.113086048116044e-37,2.1208142792131064e-37,2.1285613304425643e-37,2.136327224689983e-37,2.144111984841461e-37,2.1519156337890064e-37,2.1597381944188223e-37,2.1675796896186012e-37,2.175440142276334e-37,2.183319575282107e-37,2.191218011519931e-37,2.1991354738795596e-37,2.207071985248821e-37,2.215027568515734e-37,2.2230022465683005e-37,2.2309960422943796e-37,2.2390089785818762e-37,2.2470410783190006e-37,2.2550923643915097e-37,2.2631628596913355e-37,2.271252587104554e-37,2.2793615695190256e-37,2.2874898298226983e-37,2.2956373909035734e-37,2.3038042756496562e-37,2.31199050694906e-37,2.3201961076892356e-37,2.3284211007563294e-37,2.336665509042418e-37,2.3449293554356354e-37,2.3532126628195935e-37,2.361515454084119e-37,2.369837752119488e-37,2.3781795798073947e-37,2.3865409600420114e-37,2.3949219157113983e-37,2.4033224696990997e-37,2.411742644895218e-37,2.420182464189856e-37,2.4286419504666706e-37,2.437121126615867e-37,2.4456200155278384e-37,2.4541386400859253e-37,2.46267702318012e-37,2.471235187698518e-37,2.4798131565287787e-37,2.4884109525591026e-37,2.4970285986798104e-37,2.505666117776365e-37,2.5143235327345903e-37,2.523000866446677e-37,2.5316981417983304e-37,2.5404153816777746e-37,2.5491526089707847e-37,2.5579098465676314e-37,2.5666871173559215e-37,2.5754844442237776e-37,2.5843018500590664e-37,2.5931393577496952e-37,2.6019969901839694e-37,2.6108747702495733e-37,2.619772720836334e-37,2.6286908648282654e-37,2.6376292251173204e-37,2.6465878245895718e-37,2.6555666861308147e-37,2.664565832631323e-37,2.6735852869810398e-37,2.682625072065551e-37,2.6916852107704242e-37,2.7007657259884394e-37,2.7098666406051598e-37,2.718987977506441e-37,2.728129759584608e-37,2.7372920097253994e-37,2.7464747508147497e-37,2.755678005744788e-37,2.764901797398973e-37,2.774146148669814e-37,2.7834110824407775e-37,2.792696621604206e-37,2.8020027890460614e-37,2.8113296076540697e-37,2.8206771003138572e-37,2.830045289918192e-37,2.839434199352462e-37,2.8488438515023018e-37,2.858274269260353e-37,2.86772547551283e-37,2.8771974931449857e-37,2.886690345046795e-37,2.8962040541064018e-37,2.9057386432138043e-37,2.9152941352549498e-37,2.9248705531178014e-37,2.9344679196923824e-37,2.944086257859788e-37,2.953725590512726e-37,2.9633859405415035e-37,2.973067330831698e-37,2.9827697842712125e-37,2.9924933237477172e-37,3.002237972147034e-37,3.0120037523594118e-37,3.0217906872752837e-37,3.031598799780414e-37,3.041428112762506e-37,3.0512786491116996e-37,3.061150431711397e-37,3.071043483452097e-37,3.080957827221673e-37,3.090893485908023e-37,3.1008504824015767e-37,3.110828839587875e-37,3.120828580352522e-37,3.1308497275859193e-37,3.1408923041757397e-37,3.1509563330122215e-37,3.1610418369809263e-37,3.171148838965342e-37,3.1812773618580225e-37,3.191427428547167e-37,3.20159906192291e-37,3.211792284873126e-37,3.2220071202811542e-37,3.2322435910345587e-37,3.242501720026462e-37,3.252781530142154e-37,3.263083044270123e-37,3.273406285297897e-37,3.2837512761136564e-37,3.2941180396047945e-37,3.3045065986593763e-37,3.314916976165579e-37,3.3253491950115966e-37,3.3358032780854715e-37,3.3462792482772966e-37,3.3567771284675374e-37,3.3672969415491802e-37,3.377838710412621e-37,3.3884024579431825e-37,3.398988207031648e-37,3.4095959805633408e-37,3.420225801421209e-37,3.4308776925006082e-37,3.4415516766895567e-37,3.452247776871139e-37,3.4629660159382564e-37,3.4737064167760033e-37,3.4844690022702575e-37,3.495253795311239e-37,3.506060818787463e-37,3.5168900955865305e-37,3.527741648595963e-37,3.5386155007065015e-37,3.5495116748011187e-37,3.5604301937701795e-37,3.5713710805017107e-37,3.5823343578860432e-37,3.5933200488085277e-37,3.6043281761524536e-37,3.615358762813053e-37,3.6264118316762704e-37,3.637487405632049e-37,3.6485855075658892e-37,3.659706160365798e-37,3.670849386917325e-37,3.682015210110828e-37,3.6932036528342567e-37,3.7044147379755547e-37,3.715648488425097e-37,3.7269049270684204e-37,3.738184076790821e-37,3.7494859604830048e-37,3.7608106010329133e-37,3.772158021328425e-37,3.783528244257642e-37,3.794921292710676e-37,3.806337189570607e-37,3.817775957727913e-37,3.8292376200705465e-37,3.840722199488905e-37,3.852229718868708e-37,3.863760201100051e-37,1.5825112295832584e-19,3.210647957660351e-19,4.886427838636171e-19,6.611988902088432e-19,8.38959895852706e-19,1.0221665799424916e-18,1.2110748306971053e-18,1.4059568594268703e-18,1.607102530588594e-18,1.8148208221454028e-18,2.0294414321245534e-18,2.251316549242166e-18,2.4808228078183167e-18,2.718363449981911e-18,2.9643707214229905e-18,3.219308530766416e-18,3.483675407112752e-18,3.7580077955418884e-18,4.042883736546381e-18,4.338926982638164e-18,4.646811613973924e-18,4.967267225044099e-18,5.3010847666042074e-18,5.6491231415093426e-18,6.012316670459256e-18,6.391683564516284e-18,6.788335566426223e-18,7.203488953268243e-18,7.638477130064365e-18,8.094765089328331e-18,8.573966067205468e-18,9.07786079552967e-18,9.608419834271289e-18,1.0167829574970126e-17,1.0758522638742114e-17,1.1383213560103274e-17,1.2044940860502418e-17,1.2747116886912988e-17,1.3493587139777224e-17,1.4288701266400655e-17,1.5137398485424192e-17,1.6045310983616263e-17,1.7018889855695536e-17,1.8065559537287675e-17,1.9193908548336685e-17,2.0413926919939206e-17,2.1737304217911328e-17,2.31778070462558e-17,2.4751761993603837e-17,2.6478680239269328e-17,2.838207516646634e-17,3.049054714710991e-17,3.283924495527538e-17,3.5471869539273285e-17,3.8443478976637554e-17,4.182451458002719e-17,4.570676308015573e-17,5.021254794318978e-17,5.5509673209973605e-17,6.183752559798554e-17,6.955726882409136e-17,7.492173320286916e-17,7.492173320287709e-17,7.492173320291404e-17,8.625348775413657e-17,1.018478704441069e-16,1.2611856420461093e-16,1.7390112748722489e-16,3.137371804375812e-16,1.0072855928706377e-15,7.221733195253912e-15,1.1073754345678568e-13,2.7869566024620903e-12,8.267600059879215e-12,8.267600059886931e-12,8.267600059897361e-12,8.267600059908957e-12,8.267600059921592e-12,8.267600059935463e-12,8.26760005995086e-12,8.267600059968165e-12,8.267600059987928e-12,8.26760006001095e-12,8.267600060088156e-12,8.26760006016536e-12,8.267600060303509e-12,3.7528365377699983e-10,4.5550897554829805e-09,3.5827296841639606e-08,2.1303103563409195e-07,9.968354328388956e-07,3.628892255601116e-06,1.0231947426166414e-05,2.27872252636224e-05,4.143836953621321e-05,6.383597914242388e-05,8.625813405966285e-05,0.0001053049251742235,0.00011899921021957756,0.0001269248740786016,0.00012974622471180488,0.0001286196951036067,0.0001247806000765403,0.00011944528224398123,0.00023146653333201852,0.000355333333370312,0.000466772982647812,0.0005630552771881546,0.0006454205833725622,0.0007156142967327287,0.0007752789431870275,0.0008258627611996703,0.0008686217638169433,0.0009046392282363615,0.000934847454866223,0.0009600482245229877,0.0009809310570060778,0.0009980891526435612,0.0010120331596299038,0.0010232029944680253,0.0010319779585530714,0.0010386853819909893,0.0010436080034362117,0.0010469902696810733,0.001049043714298888,0.0010499515522356445,0.0010498726073413644,0.0010489446724743095,0.0010472873868448433,0.0010450047024541881,0.0010421870005693998,0.0010389129099072152,0.0010352508703449584,0.0010312604793288988,0.0010269936525284173,0.0010224956255312134,0.001017805819356235,0.0010129585891629482,0.0010079838726603989,0.0010029077522859,0.0009977529431612895,0.0009925392170865718,0.0009872837713472376,0.000982001549851297,0.0009767055230403459,0.0009714069321067107,0.0009661155022712437,0.000960839629212898,0.000955586542174622,0.0009503624467855814,0.0009451726502246203,0.0009400216709945066,0.0009349133352709488,0.0009298508615283983,0.0009248369349188157,0.0009198737726854292,0.0009149631817258661,0.0009101066092744943,0.0009053051875487957,0.000900559773096455,0.0008958709814862262,0.0008912392179044082,0.0008866647041483266,0.000882147502446882,0.0008776875364851072,0.0008732846099631384,0.0008689384229796958,0.0008646485864948686,0.0008604146350962032,0.0008562360382651688,0.0008521122103175588,0.0008480425191707242,0.0008440262940725099,0.0008400628324108672,0.0008361514057092201,0.0008322912649004434,0.000828481644961509,0.0008247217689814829,0.000821010851727095,0.0008173481027628592,0.0008137327291762004,0.0008101639379523276,0.0008066409380384972,0.0008031629421329563,0.0007997291682297622,0.0007963388409472752,0.0007929911926649991,0.0007896854644906917,0.0007864209070772386,0.0007831967813066209,0.0007800123588564068,0.0007768669226624716,0.0007737597672901675,0.0007706901992247908,0.0007676575370910193,0.0007646611118099268,0.0007617002667012248,0.0007587743575375542,0.0007558827525568712,0.00075302483243836,0.000750199990246619,0.0007474076313484274,0.0007446471733058755,0.0007419180457492157,0.000739219690232438,0.0007365515600742295,0.0007339131201866468,0.0007313038468936296,0.0007287232277411758,0.000726170761300794,0.0007236459569677271,0.0007211483347551858,0.0007186774250856961,0.0007162327685805936,0.0007138139158484811,0.0007114204272734407,0.0007090518728036235,0.0007067078317408325,0.0007043878925315606,0.0007020916525599145,0.0006998187179428272,0.0006975687033278199,0.0006953412316936256,0.0006931359341538605,0.0006909524497639599,0.0006887904253315025,0.0006866495152300652,0.0006845293812166804,0.0006824296922530008,0.0006803501243301893,0.0006782903602975858,0.0006762500896951649,0.0006742290085897874,0.0006722268194152372,0.0006702432308160185,0.0006682779574949091,0.0006663307200641854,0.0006644012449005356,0.0006624892640035694,0.0006605945148578866,0.0006587167402986435,0.0006568556883805641,0.0006550111122503202,0.0006531827700222244,0.0006513704246571675,0.0006495738438447177,0.0006477927998883381,0.0006460270695936234,0.0006442764341595112,0.0006425406790723767,0.0006408195940029464,0.000639112972705975,0.0006374206129225937,0.0006357423162852784,0.0006340778882253522,0.0006324271378829852,0.0006307898780195895,0.0006291659249325726,0.0006275550983723693,0.0006259572214616997,0.0006243721206169875,0.000622799625471877,0.0006212395688028003,0.0006196917864565217,0.0006181561172796125,0.0006166324030498127,0.0006151204884092041,0.0006136202207991631,0.0006121314503970154,0.000610654030054394,0.0006091878152371931,0.0006077326639671166,0.0006062884367647463,0.000604854996594108,0.0006034322088086865,0.0006020199410988296,0.0006006180634405336,0.0005992264480455453,0.0005978449693127478,0.0005964735037808069,0.0005951119300820237,0.0005937601288973698,0.0005924179829126676,0.0005910853767758859,0.0005897621970555161,0.000588448332199996,0.0005871436724981606,0.00058584811004068,0.0005845615386824658,0.0005832838540060029,0.0005820149532856114,0.0005807547354525737,0.000579503101061128,0.0005782599522553011,0.0005770251927365534,0.0005757987277322038,0.0005745804639646323,0.0005733703096212234,0.0005721681743250425,0.0005709739691062039,0.0005697876063739361,0.0005686089998893167,0.0005674380647386393,0.0005662747173074301,0.0005651188752550724,0.0005639704574900214,0.0005628293841456066,0.000561695576556402,0.0005605689572351389,0.000559449449850159,0.0005583369792033865,0.000557231471208811,0.0005561328528714504,0.0005550410522668205,0.0005539559985208444,0.0005528776217902315,0.0005518058532433014,0.0005507406250412306,0.0005496818703197292,0.0005486295231711192,0.0005475835186268181,0.0005465437926402056,0.0005455102820698727,0.0005444829246632409,0.000543461659040532,0.0005424464246791005,0.0005414371618980978,0.0005404338118434743,0.0005394363164733003,0.0005384446185434088,0.0005374586615933466,0.000536478389932616,0.0005355037486272231,0.0005345346834865026,0.0005335711410502214,0.0005326130685759628,0.0005316604140267593,0.0005307131260590006,0.0005297711540105831,0.000528834447889314,0.0005279029583615413,0.0005269766367410369,0.0005260554349780906,0.0005251393056488386,0.0005242282019448057,0.0005233220776626571,0.0005224208871941679,0.0005215245855163791,0.0005206331281819686,0.0005197464713098022,0.0005188645715756768,0.0005179873862032525,0.0005171148729551586,0.0005162469901242801,0.0005153836965252077,0.0005145249514858672,0.0005136707148393038,0.000512820946915626,0.0005119756085341152,0.0005111346609954736,0.0005102980660742369,0.0005094657860113226,0.0005086377835067209,0.000507814021712334,0.0005069944642249408,0.0005061790750792992,0.0005053678187413843,0.000504560660101745,0.0005037575644689888,0.0005029584975633893,0.0005021634255106143,0.0005013723148355649,0.0005005851324563339,0.0004998018456782746,0.0004990224221881756,0.0004982468300485461,0.0004974750376920048,0.000496707013915768,0.0004959427278762437,0.0004951821490837156,0.0004944252473971304,0.0004936719930189746,0.0004929223564902426,0.0004921763086854997,0.000491433820808025,0.0004906948643850489,0.0004899594112630675,0.0004892274336032456,0.0004884989038768942,0.00048777379486103555,0.000487052079634037,0.00048633373157132666,0.0004856187243411793,0.00048490703190057905,0.0004841986284911534,0.0004834934886351719,0.00048279158713161697,0.0004820928990523253,0.00048139739973819014,0.0004807050647954239,0.000480015870091898,0.00047932979175352816,0.000478646806160735,0.00047796688994495234,0.00047729001998519964,0.0004766161734047134,0.00047594532756762756,0.00047527746007571615,0.0004746125487651862,0.00047395057170352306,0.0004732915071863907,0.0004726353337345769,0.0004719820300909926,0.00047133157521772384,0.0004706839482931204,0.0004700391287089465,0.0004693970960675583,0.0004687578301791469,0.00046812131105901063,0.00046748751892488136,0.0004668564341942832,0.00046622803748194366,0.0004656023095972369,0.0004649792315416751,0.0004643587845064307,0.00046374094986990775,0.0004631257091953416,0.0004625130442284419,0.00046190293689507317,0.00046129536929896496,0.00046069032371946474,0.0004600877826093215,0.0004594877285925035,0.00045889014446205207,0.0004582950131779652,0.00045770231786511497,0.000457112041811197,0.00045652416846471194,0.0004559386814329739,0.00045535556448015116,0.00045477480152533847,0.00045419637664065624,0.00045362027404937836,0.00045304647812408365,0.0004524749733848455,0.0004519057444974387,0.00045133877627157607,0.000450774053659173,0.0004502115617526335,0.0004496512857831656,0.00044909321111911873,0.0004485373232643478,0.0004479836078565968,0.0004474320506659104,0.0004468826375930685,0.0004463353546680393,0.0004457901880484568,0.0004452471240181242,0.00044470614898553236,0.00044416724948240173,0.00044363041216224767,0.000443095623798964,0.0004425628712854258,0.0004420321416321128,0.0004415034219657548,0.00044097669952799005,0.00044045196167405144,0.0004399291958714611,0.00043940838969874985,0.00043888953084419416,0.0004383726071045674,0.00043785760638391275,0.0004373445166923267,0.00043683332614476703,0.00043632402295987004,0.00043581659545879225,0.00043531103206405873,0.0004348073212984341,0.0004343054517838042,0.0004338054122400796,0.0004333071914841021,0.00043281077842858336,0.0004323161620810391,0.00043182333154275144,0.00043133227600773797,0.0004308429847617408,0.00043035544718121957,0.000429869652732369,0.00042938559097014013,0.00042890325153728147,0.0004284226241633879,0.00042794369866396465,0.0004274664649395038,0.00042699091297457255,0.0004265170328369098,0.0004260448146765428,0.0004255742487249077,0.0004251053252939828,0.00042463803477543727,0.00042417236763978705,0.0004237083144355621,0.00042324586578848587,0.0004227850124006643,0.0004223257450497847,0.00042186805458832544,0.0004214119319427778,0.00042095736811287413,0.00042050435417082633,0.0004200528812605789,0.0004196029405970626,0.0004191545234654685,0.00041870762122051935,0.0004182622252857615,0.00041781832715285556,0.0004173759183808833,0.00041693499059566,0.0004164955354890549,0.00041605754481832344,0.00041562101040544194,0.00041518592413645686,0.00041475227796083903,0.0004143200638908441,0.0004138892740008842,0.0004134599004269036,0.0004130319353657691,0.0004126053710746592,0.0004121801998704636,0.0004117564141291936,0.00041133400628539616,0.0004109129688315759,0.00041049329431762214,0.0004100749753502486,0.00040965800459243155,0.0004092423747628622,0.0004088280786354014,0.0004084151090385412,0.000408003458854875,0.00040759312102057126,0.00040718408852485666,0.0004067763544095016,0.0004063699117683146,0.00040596475374664066,0.00040556087354086867,0.00040515826439793933,0.0004047569196148661,0.000404356832538253,0.00040395799656382694,0.0004035604051359678,0.0004031640517472504,0.00040276892993798595,0.0004023750332957734,0.0004019823554550532,0.0004015908900966689,0.0004012006309474283,0.0004008115717796779,0.00040042370641087485,0.0004000370287031663,0.0003996515325629769,0.00039926721194059466,0.0003988840608297662,0.00039850207326729437,0.0003981212433326425,0.0003977415651475417,0.0003973630328756004,0.00039698564072192363,0.00039660938293273193,0.0003962342537949858,0.000395860247636015,0.0003954873588231528,0.00039511558176337264,0.00039474491090292567,0.0003943753407269908,0.0003940068657593212,0.00039363948056189935,0.0003932731797345892,0.00039290795791480223,0.00039254380977715844,0.00039218073003315383,0.00039181871343083356,0.0003914577547544665,0.0003910978488242229,0.000390738990495858,0.000390381174660397,0.0003900243962438232,0.00038966865020677066,0.00038931393154422047,0.00038896023528519876,0.00038860755649247945,0.0003882558902622883,0.00038790523172401294,0.00038755557603991324,0.00038720691840483706,0.00038685925404593645,0.00038651257822238804,0.0003861668862251184,0.00038582217337652995,0.00038547843503022926,0.0003851356665707585,0.00038479386341333483,0.00038445302100358265,0.00038411313481727654,0.0003837742003600866,0.00038343621316732105,0.00038309916880367484,0.0003827630628629838,0.0003824278909679755,0.000382093648770027,0.0003817603319489224,0.00038142793621261605,0.00038109645729699317,0.00038076589096563897,0.00038043623300960635,0.00038010747924718574,0.00037977962552367817,0.0003794526677111743,0.0003791266017083269,0.00037880142344013577,0.00037847712885772473,0.00037815371393813295,0.0003778311746840953,0.0003775095071238342,0.00037718870731085055,0.0003768687713237159,0.00037654969526586805,0.0003762314752654084,0.0003759141074748994,0.0003755975880711685,0.0003752819132551087,0.0003749670792514853,0.00037465308230874334,0.00037433991869881343,0.00037402758471692617,0.0003737160766814233,0.00037340539093357094,0.000373095523837379,0.0003727864717794161,0.0003724782311686321,0.00037217079843617775,0.00037186417003522767,0.0003715583424408092,0.00037125331214962515,0.00037094907567988405,0.0003706456295711307,0.00037034297038407633,0.000370041094700433,0.0003697399991227502,0.0003694396802742474,0.00036914013479865694,0.0003688413593600606,0.0003685433506427306,0.00036824610535097564,0.00036794962020898173,0.00036765389196065883,0.00036735891736948894,0.00036706469321837393,0.00036677121630948606,0.00036647848346411905,0.00036618649152254126,0.0003658952373438498,0.00036560471780582645,0.00036531492980479435,0.00036502587025547613,0.0003647375360908545,0.0003644499242620311,0.0003641630317380925,0.00036387685550596876,0.00036359139257030365,0.00036330663995331515,0.0003630225946946685,0.00036273925385133844,0.0003624566144974853,0.0003621746737243208,0.00036189342863998306,0.0003616128763694084,0.0003613330140542074,0.0003610538388525391,0.0003607753479389879,0.0003604975385044412,0.0003602204077559699,0.000359943952916706,0.00035966817122572614,0.0003593930599379326,0.00035911861632393613,0.0003588448376699409,0.00035857172127763025,0.00035829926446405284,0.00035802746456150875,0.00035775631891744,0.00035748582489431914,0.0003572159798695389,0.00035694678123530493,0.0003566782263985275,0.00035641031278071326,0.0003561430378178622,0.000355876398960362,0.00035561039367288354,0.0003553450194342769,0.0003550802737374726,0.00035481615408937644,0.0003545526580107734,0.00035428978303622357,0.0003540275267139688,0.00035376588660582974,0.0003535048602871131,0.00035324444534651374,0.0003529846393860214,0.00035272544002082297,0.00035246684487921293,0.00035220885160249665,0.00035195145784490243,0.0003516946612734884,0.0003514384595680518,0.00035118285042104106,0.00035092783153746525,0.0003506734006348074,0.0003504195554429376,0.0003501662937040244,0.0003499136131724503,0.00034966151161472847,0.00034940998680941474,0.0003491590365470283,0.00034890865862996484,0.0003486588508724163,0.0003484096111002899,0.00034816093715112745,0.0003479128268740219,0.00034766527812954304,0.00034741828878965473,0.0003471718567376389,0.0003469259798680167,0.0003466806560864735,0.0003464358833097808,0.00034619165946572257,0.0003459479824930177,0.0003457048503412492,0.0003454622609707869,0.0003452202123527183,0.00034497870246877143,0.00034473772931124797,0.0003444972908829478,0.00034425738519710186,0.00034401801027729944,0.00034377916415741987,0.0003435408448815633,0.00034330305050398195,0.0003430657790890128,0.0003428290287110108,0.00034259279745428096,0.0003423570834130126,0.00034212188469121544,0.0003418871994026513,0.00034165302567077126,0.00034141936162865327,0.00034118620541893506,0.0003409535551937535,0.0003407214091146819,0.00034048976535266766,0.00034025862208797035,0.00034002797751010163,0.0003397978298177632,0.0003395681772187889,0.0003393390179300837,0.00033911035017756413,0.0003388821721961012,0.0003386544822294625,0.00033842727853025087,0.00033820055935985193,0.00033797432298837433,0.0003377485676945945,0.0003375232917659,0.0003372984934982353,0.0003370741711960463,0.0003368503231722239,0.000336626947748053,0.0003364040432531565,0.00033618160802544343,0.0003359596404110546,0.0003357381387643109,0.0003355171014476618,0.0003352965268316333,0.0003350764132947751,0.0003348567592236117,0.00033463756301259335,0.0003344188230640408,0.00033420053778810083,0.00033398270560269344,0.0003337653249334659,0.00033354839421374143,0.00033333191188447345,0.00033311587639419516,0.0003329002861989752,0.00033268513976236736,0.00033247043555536583,0.00033225617205635876,0.0003320423477510816,0.00033182896113257164,0.0003316160107011232,0.0003314034949642419,0.0003311914124366004,0.00033097976163999404,0.00033076854110329726,0.00033055774936241884,0.0003303473849602605,0.0003301374464466718,0.00032992793237840873,0.0003297188413190925,0.0003295101718391637,0.00032930192251584556,0.0003290940919330983,0.0003288866786815815,0.0003286796813586101,0.0003284730985681169,0.0003282669289206096,0.0003280611710331339,0.0003278558235292313,0.00032765088503890097,0.00032744635419856095,0.0003272422296510094,0.00032703851004538536,0.0003268351940371317,0.0003266322802879574,0.00032642976746579755,0.0003262276542447798,0.0003260259393051844,0.0003258246213334086,0.0003256236990219296,0.00032542317106927,0.0003252230361799593,0.00032502329306450015,0.00032482394043933255,0.000324624977026797,0.0003244264015551023,0.0003242282127582889,0.00032403040937619516,0.0003238329901544236,0.0003236359538443059,0.00032343929920287034,0.0003232430249928071,0.00032304712998243646,0.000322851612945674,0.00032265647266200133,0.0003224617079164292,0.00032226731749946806,0.000322073300207095,0.0003218796548407225,0.0003216863802071673,0.00032149347511861763,0.0003213009383926029,0.0003211087688519622,0.0003209169653248151,0.0003207255266445294,0.00032053445164969207,0.00032034373918407843,0.00032015338809662325,0.0003199633972413902,0.0003197737654775426,0.0003195844916693144,0.0003193955746859818,0.0003192070134018331,0.0003190188066961415,0.0003188309534531352,0.00031864345256197007,0.0003184563029167029,0.00031826950341626,0.000318083052964414,0.0003178969504697534,0.00031771119484565614,0.0003175257850102621,0.00031734071988644754,0.00031715599840179777,0.00031697161948858,0.0003167875820837172,0.00031660388512876357,0.0003164205275698753,0.0003162375083577891,0.0003160548264477929,0.00031587248079970216,0.000315690470377834,0.0003155087941509833,0.0003153274510923959,0.0003151464401797458,0.00031496576039510886,0.00031478541072493956,0.00031460539016004693,0.0003144256976955687,0.0003142463323309502,0.00031406729306991763,0.0003138885789204571,0.00031371018889478895,0.0003135321220093462,0.00031335437728475065,0.0003131769537457898,0.00031299985042139466,0.0003128230663446167,0.0003126466005526042,0.0003124704520865831,0.0003122946199918311,0.0003121191033176579,0.00031194390111738255,0.0003117690124483119,0.00031159443637171806,0.00031142017195281914,0.0003112462182607555,0.0003110725743685696,0.00031089923935318544,0.0003107262122953869,0.00031055349227979677,0.00031038107839485694,0.0003102089697328076,0.00031003716538966614,0.0003098656644652078,0.00030969446606294584,0.0003095235692901103,0.0003093529732576293,0.0003091826770801083,0.00030901267987581147,0.0003088429807666424,0.0003086735788781238,0.00030850447333937814,0.0003083356632831103,0.00030816714784558715,0.0003079989261666185,0.0003078309973895402,0.0003076633606611925,0.00030749601513190483,0.0003073289599554754,0.00030716219428915327,0.00030699571729362175,0.0003068295281329781,0.0003066636259747167,0.00030649800998971174,0.00030633267935219904,0.0003061676332397584,0.0003060028708332974,0.0003058383913170312,0.00030567419387846827,0.0003055102777083927,0.00030534664200084513,0.0003051832859531093,0.00030502020876569205,0.00030485740964230826,0.00030469488778986495,0.00030453264241844276,0.0003043706727412812,0.0003042089779747616,0.0003040475573383919,0.00030388641005479,0.0003037255353496665,0.0003035649324518118,0.0003034046005930782,0.00030324453900836413,0.00030308474693559976,0.0003029252236157311,0.0003027659682927038,0.00030260698021344955,0.0003024482586278696,0.0003022898027888194,0.0003021316119520959,0.0003019736853764192,0.0003018160223234207,0.0003016586220576274,0.0003015014838464462,0.0003013446069601512,0.00030118799067186807,0.00030103163425756005,0.00030087553699601426,0.00030071969816882583,0.0003005641170603864,0.00030040879295786707,0.00030025372515120715,0.00030009891293309907,0.0002999443555989751,0.00029979005244699204,0.0002996360027780211,0.000299482205895631,0.0002993286611060764,0.0002991753677182835,0.0002990223250438381,0.00029886953239697113,0.000298716989094547,0.00029856469445604835,0.0002984126478035658,0.0002982608484617831,0.0002981092957579654,0.00029795798902194546,0.00029780692758611286,0.0002976561107853997,0.00029750553795726835,0.000297355208441701,0.00029720512158118396,0.00029705527672069877,0.0002969056732077079,0.0002967563103921438,0.00029660718762639527,0.0002964583042652978,0.00029630965966612,0.000296161253188552,0.00029601308419469405,0.0002958651520490456,0.0002957174561184917,0.0002955699930959166,0.000295422763488115,0.00029527576759742313,0.0002951290052232581,0.00029498247592854755,0.00029483617917026774,0.00029469011436788285,0.0002945442809169842,0.00029439867820557663,0.00029425330563013786,0.0002941081625732324,0.0002939632484313953,0.000293818562602637,0.0002936741044750868,0.0002935298734573339,0.00029338586894232376,0.00029324209033176885,0.00029309853703830753,0.00029295520846519104,0.0002928121040196414,0.00029266922311920563,0.00029252656517914815,0.00029238412960844314,0.00029224191583340574,0.0002920999232691641,0.0002919581513376287,0.00029181659946650646,0.00029167526708285526,0.0002915341536162727,0.00029139325850003375,0.000291252581164014,0.0002911121210520939,0.0002909718775914947,0.00029083185022417613,0.0002906920384010573,0.0002905524415527629,0.00029041305913349785,0.00029027389058775775,0.0002901349353655183,0.0002899961929307322,0.0002898576627228774,0.0002897193441996847,0.00028958123682178263,0.00028944334005025517,0.00028930565334837004,0.00028916817617693363,0.0002890309080032902,0.0002888938482955695,0.0002887569965228004,0.00028862035215720364,0.0002884839146723027,0.00028834768354367993,0.000288211658249609,0.0002880758382675025,0.00028794022307757967,0.00028780481216700765,0.0002876696050182554,0.0002875346011180032,0.00028739979995636377,0.00028726520102286197,0.00028713080381324006,0.00028699660781071775,0.0002868626125169779,0.0002867288174297964,0.00028659522204711247,0.00028646182587328605,0.00028632862841092256,0.00028619562916184154,0.0002860628276347192,0.0002859302233360425,0.00028579781577608326,0.0002856656044663619,0.0002855335889198656,0.0002854017686536395,0.0002852701431820107,0.00028513871202398577,0.00028500747469932563,0.00028487643073157306,0.00028474557964137297,0.000284614920951304,0.00028448445419529584,0.0002843541788979709,0.00028422409458943364,0.0002840942008021367,0.0002839644970706967,0.00028383498292702716,0.0002837056579005897,0.0002835765215359228,0.0002834475733828,0.00028331881297422013,0.00028319023985406207,0.00028306185356311443,0.0002829336536507786,0.000282805639661464,0.00028267781114796857,0.00028255016765878655,0.00028242270874576303,0.00028229543395959,0.0002821683428597184,0.0002820414350023643,0.0002819147099447126,0.0002817881672466893,0.0002816618064707403,0.00028153562717707077,0.0002814096289310737,0.0002812838112980832,0.000281158173845549,0.00028103271614225044,0.0002809074377577981,0.0002807823382634914,0.00028065741723266744,0.000280532674239416,0.0002804081088588283,0.0002802837206693256,0.00028015950924917726,0.00028003547417819783,0.00027991161503759777,0.00027978793141053814,0.00027966442288117246,0.0002795410890356659,0.0002794179294598043,0.00027929494374176873,0.0002791721314723221,0.0002790494922399176,0.00027892702564158043,0.00027880473126863984,0.0002786826087166629,0.0002785606575813252,0.0002784388774613666,0.00027831726795498517,0.0002781958286629622,0.00027807455918750853,0.0002779534591319016,0.0002778325280992428,0.00027771176569532343,0.00027759117152789903,0.00027747074520529925,0.00027735048633683885,0.00027723039453333406,0.000277110469406467,0.0002769907105701626,0.0002768711176385308,0.0002767516902279943,0.0002766324279554907,0.00027651333044057707,0.00027639439730045394,0.00027627562815689546,0.0002761570226317071,0.000276038580348957,0.00027592030093409164,0.00027580218401166985,0.0002756842292071835,0.00027556643615032705,0.0002754488044703208,0.00027533133370797686,0.00027521402364184496,0.00027509687387355686,0.0002749798840243034,0.00027486305371963744,0.0002747463825946353,0.0002746298702867806,0.00027451351643250005,0.0002743973206716674,0.0002742812826456599,0.00027416540199674946,0.0002740496783675821,0.00027393411140296496,0.0002738187007486935,0.00027370344605156117,0.00027358834695964424,0.00027347340312177456,0.0002733586141879815,0.0002732439798090586,0.00027312949963752747,0.00027301517332658495,0.0002729010005306426,0.00027278698090490246,0.00027267311410728766,0.00027255939979935575,0.00027244583763125983,0.00027233242726726456,0.0002722191683680234,0.0002721060605960059,0.00027199310361389773,0.0002718802970857602,0.00027176764068266313,0.0002716551340598717,0.00027154277689001775,0.0002714305688411605,0.0002713185095829737,0.00027120659878558586,0.0002710948361202352,0.000270983221255784,0.0002708717538736944,0.00027076043364438786,0.0002706492602441259,0.00027053823334762726,0.0002704273526327425,0.0002703166177784289,0.00027020602846244843,0.0002700955843683913,0.0002699852851775839,0.00026987513056965084,0.00026976512022937717,0.0002696552538362296,0.00026954553108663007,0.00026943595165939034,0.0002693265152432815,0.0002692172215258646,0.0002691080701953176,0.0002689990609450178,0.0002688901934612298,0.0002687814674416237,0.0002686728825769493,0.00026856443855998704,0.0002684561350868775,0.00026834797184843967,0.00026823994855086934,0.0002681320648854204,0.00026802432055117264,0.00026791671524936764,0.00026780924867960825,0.0002677019205409937,0.00026759473053766764,0.0002674876783754798,0.0002673807637498281,0.0002672739863729544,0.00026716734594833206,0.00026706084218116384,0.0002669544747819628,0.0002668482434576109,0.00026674214791766584,0.0002666361878719183,0.0002665303630314376,0.00026642467310824825,0.00026631911781476564,0.0002662136968652151,0.00026610840996606146,0.00026600325684696563,0.0002658982372170564,0.0002657933507935433,0.0002656885972938673,0.0002655839764370883,0.00026547948794099745,0.0002653751315284584,0.000265270906917814,0.0002651668138352311,0.0002650628520005588,0.0002649590211380687,0.00026485532097205854,0.0002647517512276754,0.000264648311632841,0.0002645450019111036,0.00026444182179211263,0.00026433877100398676,0.0002642358492756811,0.0002641330563375159,0.00026403039192186357,0.0002639278557578001,0.0002638254475784324,0.0002637231671176754,0.00026362101410904283,0.0002635189882874278,0.0002634170893890321,0.00026331531714917825,0.00026321367130592636,0.00026311215159989884,0.0002630107577634154,0.00026290948954340204,0.00026280834667107114,0.0002627073288920637,0.0002626064359486415,0.000262505667581285,0.0002624050235339922,0.0002623045035511435,0.0002622041073770991,0.00026210383475690956,0.0002620036854350622,0.00026190365916270843,0.0002618037556844621,0.0002617039747485898,0.00026160431610273944,0.00026150477950152905,0.0002614053646896096,0.0002613060714239144,0.00026120689945330165,0.00026110784853105266,0.0002610089184097226,0.00026091010884368005,0.00026081141958900325,0.00026071285039776476,0.00026061440102784607,0.00026051607124054886,0.0002604178607844976,0.00026031976942231103,0.00026022179691284527,0.00026012394301587715,0.0002600262074913016,0.00025992859009902957,0.0002598310906017701,0.00025973370876245145,0.0002596364443434029,0.0002595392971173052,0.0002594422668310177,0.00025934535325895526,0.0002592485561652578,0.0002591518753163651,0.0002590553104792377,0.00025895886142196446,0.0002588625279101992,0.00025876630971711394,0.00025867020661046714,0.0002585742183570896,0.0002584783447339599,0.00025838258550983943,0.00025828694045703146,0.00025819140934739746,0.00025809599195489,0.00025800068805229963,0.0002579054974166772,0.0002578104198216539,0.00025771545504479557,0.00025762060286068955,0.0002575258630468241,0.0002574312353831004,0.00025733671964247917,0.00025724231561009744,0.0002571480230625812,0.000257053841780688,0.00025695977154553695,0.00025686581213787355,0.00025677196334018,0.0002566782249351644,0.0002565845967047223,0.00025649107843470537,0.00025639766990893866,0.00025630437091216974,0.00025621118122914845,0.00025611810064824983,0.0002560251289547509,0.00025593226593646973,0.00025583951137765295,0.00025574686507390433,0.00025565432681086165,0.0002555618963784255,0.0002554695735665683,0.00025537735816608814,0.0002552852499653276,0.00025519324876273396,0.0002551013543475627,0.00025500956651311284,0.00025491788505278346,0.0002548263097610105,0.0002547348404319746,0.00025464347686158866,0.00025455221884657114,0.0002544610661794972,0.00025437001866313925,0.0002542790760921999,0.00025418823826465754,0.0002540975049804135,0.000254006876037374,0.0002539163512339082,0.00025382593037298883,0.00025373561325443345,0.0002536453996800536,0.00025355528945124914,0.0002534652823705503,0.00025337537824347405,0.0002532855768685475,0.0002531958780515997,0.00025310628159754564,0.00025301678731120945,0.0002529273949965478,0.00025283810446223776,0.00025274891551549324,0.00025265982796233223,0.0002525708416106697,0.0002524819562670869,0.00025239317174151376,0.0002523044878429143,0.0002522159043810224,0.0002521274211658094,0.00025203903800857905,0.0002519507547195666,0.00025186257111187307,0.0002517744869944371,0.000251686502180453,0.00025159861648638143,0.0002515108297261526,0.0002514231417084794,0.0002513355522517577,0.00025124806117425384,0.00025116066828866567,0.0002510733734079365,0.0002509861763519809,0.00025089907694110346,0.0002508120749854444,0.00025072517030905693,0.00025063836272594967,0.00025055165205990537,0.0002504650381279008,0.0002503785207496572,0.0002502920997457063,0.00025020577493748564,0.0002501195461461493,0.0002500334131921273,0.0002499473758955106,0.0002498614340853524,0.00024977558758154005,0.00024968983620749776,0.00024960417978807766,0.0002495186181474482,0.00024943315110705473,0.0002493477784990433,0.00024926250014622244,0.0002491773158754342,0.0002490922255100866,0.0002490072288814534,0.00024892232581654806,0.00024883751614482525,0.00024875279968989946,0.00024866817628716673,0.00024858364576183856,0.00024849920794638733,0.00024841486266877265,0.0002483306097618061,0.00024824644905695805,0.0002481623803839165,0.0002480784035757545,0.00024799451846551637,0.0002479107248854694,0.0002478270226681478,0.00024774341164903596,0.0002476598916615294,0.0002475764625402828,0.0002474931241203817,0.0002474098762372908,0.0002473267187269543,0.0002472436514256566,0.0002471606741694307,0.00024707778679691425,0.00024699498914494336,0.00024691228105079067,0.0002468296623542975,0.000246747132893553,0.0002466646925077268,0.00024658234103646997,0.00024650007831977187,0.0002464179041980921,0.00024633581851226337,0.0002462538211035207,0.00024617191181348816,0.00024609009048421975,0.0002460083569581262,0.00024592671107801796,0.00024584515268712983,0.00024576368162905986,0.0002456822977478239,0.00024560100088783545,0.00024551979089384497,0.0002454386676102174,0.00024535763088332527,0.0002452766805591603,0.0002451958164840183,0.0002451150385054853,0.00024503434646877043,0.00024495374022258143,0.000244873219614579,0.000244792784493045,0.0002447124347065055,0.0002446321701040114,0.0002445519905318057,0.0002444718958431292,0.00024439188589045284,0.00024431196052139754,0.0002442321195859111,0.00024415236293724507,0.00024407269042622324,0.0002439931019036506,0.0002439135972228631,0.00024383417623674371,0.00024375483879959052,0.00024367558476135726,0.0002435964139784618,0.00024351732630143895,0.0002434383215904879,0.00024335939969779907,0.0002432805604757505,0.00024320180378536774,0.00024312312948041392,0.00024304453741653785,0.0002429660274494138,0.00024288759943689794,0.0002428092532364426,0.00024273098870515635,0.00024265280569891874,0.00024257470408176068,0.00024249668370915516,0.00024241874444016405,0.00024234088613232189,0.00024226310865064634,0.00024218541185089398,0.00024210779559477924,0.00024203025974313874,0.00024195280415691524,0.00024187542869581326,0.00024179813322416688,0.0002417209176015434,0.00024164378169305113,0.0002415667253592499,0.00024148974846583882,0.00024141285087501054,0.00024133603245000761,0.0002412592930549658,0.00024118263255208734,0.00024110605080931245,0.00024102954769262468,0.00024095312306629223,0.00024087677679543527,0.0002408005087461665,0.00024072431878233744,0.0002406482067755383,0.0002405721725898498,0.00024049621609355249,0.000240420337153929,0.0002403445356386662,0.000240268811416161,0.0002401931643549376,0.000240117594324004,0.00024004210119402412,0.0002399666848318606,0.00023989134510840566,0.000239816081894942,0.00023974089506234906,0.00023966578447701952,0.00023959075001372314,0.00023951579154209696,0.00023944090893561124,0.00023936610206518912,0.00023929137080272886,0.00023921671501661503,0.00023914213458998577,0.00023906762938916698,0.00023899319928965588,0.00023891884416511874,0.00023884456388836804,0.00023877035833396983,0.0002386962273803821,0.00023862217089712167,0.00023854818876971646,0.0002384742808590002,0.0002384004470457158,0.00023832668720818155,0.0002382530012222961,0.00023817938896433514,0.0002381058503121662,0.00023803238514311253,0.0002379589933343128,0.00023788567476421495,0.00023781242931206775,0.00023773925685278995,0.00023766615726732442,0.00023759313043406687,0.00023752017623193978,0.00023744729453877735,0.00023737448524036383,0.00023730174821315374,0.0002372290833379597,0.0002371564904954682,0.0002370839695664052,0.00023701152043201175,0.0002369391429739911,0.00023686683707638614,0.0002367946026156682,0.00023672243947808234,0.00023665034754518404,0.000236578326700331,0.00023650637682644355,0.0002364344978073464,0.00023636268952636504,0.00023629095186767163,0.00023621928471540408,0.00023614768795621774,0.00023607616147009933,0.00023600470514461162,0.00023593331886521,0.0002358620025169832,0.00023579075598598523,0.00023571957915920056,0.00023564847192093677,0.00023557743415907067,0.0002355064657600876,0.00023543556661105147,0.00023536473659954113,0.00023529397561346352,0.0002352232835415911,0.00023515266027115736,0.00023508210568905835,0.0002350116196852096,0.00023494120214819698,0.00023487085296805527,0.00023480057203487134,0.00023473035923510526,0.00023466021446082346,0.00023459013760238152,0.00023452012855132697,0.00023445018719437597,0.00023438031342753587,0.00023431050713585224,0.00023424076821530613,0.00023417109655678886,0.000234101492050467,0.0002340319545892068,0.00023396248406597407,0.00023389308037340166,0.0002338237434043454,0.00023375447305161378,0.00023368526921248317,0.00023361613177246284,0.00023354706062952025,0.0002334780556781089,0.00023340911681245198,0.0002333402439269009,0.00023327143691610397,0.00023320269567577185,0.0002331340200992071,0.00023306541008346793,0.00023299686552475578,0.0002329283863163447,0.0002328599723555164,0.0002327916235414327,0.00023272333976157974,0.00023265512092707997,0.000232586966926434,0.00023251887765922172,0.00023245085302112502,0.00023238289291049129,0.00023231499722710491,0.00023224716586796182,0.0002321793987307934,0.00023211169571574347,0.0002320440567203419,0.00023197648164420987,0.00023190897038625433,0.00023184152284646804,0.00023177413892304727,0.00023170681851787848,0.00023163956153140442,0.0002315723678630896,0.00023150523741393485,0.00023143817008554666,0.00023137116577776618,0.00023130422439017898,0.00023123734582911924,0.00023117052999220762,0.00023110377678469568,0.00023103708610740716,0.00023097045786281685,0.00023090389195489617,0.00023083738828128024,0.00023077094675066258,0.00023070456726373447,0.00023063824972434146,0.00023057199403634572,0.00023050580010442487,0.00023043966783064556,0.00023037359712131542,0.00023030758787933846,0.00023024164001023893,0.0002301757534190244,0.00023010992801069562,0.00023004416369040045,0.00022997846036386081,0.00022991281793674376,0.00022984723631519217,0.0002297817154051754,0.00022971625511333964,0.00022965085534595945,0.00022958551601023983,0.00022952023701246197,0.0002294550182601467,0.0002293898596600742,0.00022932476111771845,0.00022925972254679672,0.00022919474384950207,0.00022912982493939865,0.00022906496571775906,0.00022900016610216068,0.0002289354259931218,0.00022887074530286833,0.00022880612394056,0.00022874156181834382,0.00022867705884381312,0.0002286126149251987,0.00022854822997184915,0.00022848390389539712,0.00022841963660567464,0.00022835542801656936,0.00022829127803440465,0.00022822718657144076,0.00022816315353869972,0.00022809917884729496,0.00022803526240866296,0.00022797140413373328,0.0002279076039375825,0.00022784386172611563,0.00022778017741824854,0.00022771655092245147,0.00022765298215051273,0.0002275894710186518,0.0002275260174366041,0.00022746262132248432,0.00022739928258242535,0.00022733600113527907,0.00022727277689294843,0.0002272096097685956,0.00022714649967706105,0.00022708344653336843,0.00022702045025095835,0.0002269575107453734,0.00022689462793002216,0.00022683180172043444,0.00022676903203180251,0.00022670631877938594,0.00022664366187852877,0.00022658106124574332,0.0002265185167953957,0.00022645602844421645,0.00022639359610844472,0.00022633121970463683,0.00022626889914890573,0.00022620663435827284,0.0002261444252493717,0.00022608227174148552,0.0002260201737468848,0.0002259581311866891,0.00022589614397778402,0.0002258342120378877,0.0002257723352849158,0.00022571051363471924,0.00022564874701004535,0.0002255870353269015,0.0002255253785040704,0.0002254637764598357,0.00022540222911273639,0.00022534073638421972,0.00022527929819217716,0.00022521791445590742,0.00022515658509517095,0.00022509531002965413,0.00022503408917944057,0.00022497292246438245,0.00022491180980444432,0.0002248507511212666,0.0002247897463345727,0.00022472879536208259,0.00022466789813122457,0.00022460705455986757,0.0002245462645692317,0.00022448552808076666,0.00022442484501653432,0.00022436421529725776,0.0002243036388454399,0.00022424311558318056,0.0002241826454324199,0.00022412222831656918,0.00022406186415622947,0.00022400155287650194,0.00022394129439812002,0.00022388108864497238,0.00022382093554026,0.00022376083500864774,0.0002237007869688916,0.0002236407913476107,0.00022358084807132242,0.00022352095706162204,0.00022346111824385752,0.0002234013315397657,0.0002233415968749062,0.00022328191417183657,0.0002232222833606962,0.00022316270436281997,0.00022310317710362739,0.00022304370150664143,0.00022298427750054117,0.00022292490500914466,0.00022286558395760912,0.0002228063142735225,0.000222747095880709,0.00022268792870608573,0.0002226288126759658,0.00022256974771658097,0.0002225107337546207,0.0002224517707171004,0.0002223928585299306,0.0002223339971204416,0.00022227518641729796,0.000222216426345365,0.00022215771683293628,0.0002220990578081091,0.000222040449198578,0.00022198189093145055,0.00022192338293518558,0.00022186492513686252,0.00022180651746563388,0.00022174815985142362,0.00022168985222126774,0.0002216315945045713,0.00022157338663183942,0.00022151522852783824,0.00022145712012392133,0.00022139906135494594,0.00022134105214197572,0.00022128309241358502,0.00022122518210440333,0.00022116732114429332,0.00022110950946159692,0.00022105174698582402,0.00022099403364970386,0.00022093636938229474,0.00022087875411355503,0.00022082118777523742,0.000220763670295022,0.00022070620160932804,0.00022064878164696657,0.00022059141033828043,0.000220534087614593,0.00022047681340791843,0.00022041958765045577,0.0002203624102733396,0.00022030528120885092,0.00022024820038603408,0.00022019116774026765,0.00022013418320398503,0.00022007724671058138,0.00022002035819044199,0.00021996351757819175,0.0002199067248049315,0.0002198499798033679,0.00021979328250789826,0.00021973663285143543,0.0002196800307666928,0.00021962347618780548,0.00021956696904846146,0.00021951050928148264,0.0002194540968220803,0.0002193977316031416,0.00021934141355943847,0.00021928514262530547,0.00021922891873482576,0.00021917274182272966,0.00021911661182369237,0.0002190605286724639,0.0002190044923042629,0.0002189485026536653,0.00021889255965610227,0.00021883666324726047,0.0002187808133649344,0.00021872500993795719,0.00021866925290667716,0.00021861354220636676,0.00021855787777272115,0.00021850225954181838,0.00021844668744947537,0.00021839116143220145,0.00021833568142729675,0.00021828024736835364,0.00021822485919593165,0.00021816951684525888,0.00021811422025315406,0.00021805896935718567,0.00021800376409369143,0.00021794860439992224,0.00021789349021357948,0.0002178384214749615,0.00021778339812057265,0.00021772842008244776,0.00021767348730218153,0.0002176185997177776,0.00021756375726828252,0.00021750895989131578,0.00021745420752555992,0.00021739950010875162,0.00021734483757992188,0.00021729021987796116,0.00021723564694128245,0.00021718111871057313,0.00021712663512213088,0.0002170721961163483,0.00021701780163019775,0.00021696345160773545,0.0002169091459843625,0.00021685488470327187,0.00021680066770268756,0.00021674649492203066,0.00021669236630182022,0.00021663828178192113,0.00021658424130249217,0.00021653024480120845,0.0002164762922241157,0.00021642238350871916,0.00021636851859624178,0.00021631469742626637,0.00021626091993856217,0.00021620718607983614,0.00021615349578383322,0.0002160998489952018,0.0002160462456574855,0.00021599268571105215,0.000215939169095523,0.00021588569575424103,0.00021583226562524294,0.00021577887865609308,0.0002157255347870081,0.00021567223395592446,0.00021561897611083303,0.00021556576119112782,0.00021551258914079285,0.0002154594599026216,0.00021540637341554888,0.0002153533296225643,0.00021530032847130045,0.0002152473699017127,0.00021519445385768157,0.0002151415802819791,0.00021508874911769788,0.00021503596030834443,0.0002149832137976667,0.00021493050952501122,0.00021487784744266122,0.00021482522748629814,0.00021477264960090042,0.00021472011373940993,0.00021466761983969342,0.00021461516784194865,0.00021456275769853378,0.00021451038934998466,0.0002144580627374333,0.0002144057778119142,0.00021435353451055856,0.0002143013327879834,0.00021424917258407733,0.00021419705384430592,0.00021414497651284426,0.00021409294053244057,0.0002140409458553077,0.00021398899242271166,0.00021393708017994424,0.00021388520907415488,0.0002138333790503947,0.00021378159005481422,0.00021372984203208914,0.00021367813493002608,0.00021362646869407576,0.00021357484327051154,0.00021352325860503522,0.0002134717146447634,0.00021342021133564885,0.0002133687486256768,0.00021331732646210854,0.00021326594478986619,0.00021321460355329345,0.0002131633027069118,0.0002131120421927868,0.00021306082196023772,0.00021300964195531007,0.00021295850212456203,0.00021290740241812378,0.00021285634277920832,0.000212805323161373,0.0002127543435122791,0.00021270340377377948,0.0002126525038975602,0.00021260164382706662,0.00021255082352015486,0.0002125000429210797,0.00021244930197561067,0.00021239860063322684,0.000212347938839865,0.000212297316551561,0.00021224673371213464,0.00021219619027169445,0.0002121456861786228,0.00021209522138281804,0.00021204479583168207,0.00021199440947542787,0.00021194406226388612,0.00021189375414646254,0.0002118434850708966,0.0002117932549886447,0.00021174306384767798,0.00021169291159983601,0.00021164279819429522,0.00021159272358090052,0.00021154268770978251,0.0002114926905309575,0.00021144273199491263,0.00021139281205114307,0.00021134293065100732,0.00021129308774364672,0.00021124328328178042,0.00021119351721503277,0.0002111437894941789,0.00021109410006990532,0.00021104444889350282,0.00021099483591587704,0.0002109452610882639,0.00021089572436158,0.0002108462256874501,0.00021079676501699086,0.00021074734230186918,0.00021069795749352165,0.00021064861054385407,0.00021059930140620382,0.00021055003002875625,0.0002105007963651578,0.00021045160036753,0.00021040244199141265,0.00021035332118217242,0.00021030423789550662,0.00021025519208874615,0.00021020618370372956,0.00021015721269972232,0.00021010827902695614,0.00021005938264159537,0.0002100105234911862,0.0002099617015320268,0.00020991291671607125,0.00020986416899926693,0.0002098154583297322,0.00020976678466240947,0.00020971814795227048,0.00020966954815153575,0.00020962098521255175,0.00020957245908811322,0.00020952396973549712,0.0002094755171070913,0.00020942710115683143,0.00020937872183740747,0.00020933037910215305,0.00020928207290671168,0.00020923380320223312,0.00020918556994659992,0.0002091373730938582,0.0002090892125974438,0.00020904108841075258,0.00020899300048815434,0.00020894494878577867,0.0002088969332575165,0.00020884895385387087,0.0002088010105380998,0.00020875310325680857,0.00020870523197296308,0.00020865739663763688,0.00020860959720385278,0.00020856183363094857,0.00020851410587218963,0.0002084664138830277,0.00020841875761749154,0.0002083711370344215,0.00020832355208763077,0.0002082760027314584,0.00020822848892302384,0.00020818101061788804,0.00020813356777152014,0.00020808616034065187,0.00020803878828268784,0.00020799145154988828,0.00020794415010017922,0.00020789688389066886,0.00020784965287722106,0.00020780245701643174,0.0002077552962650986,0.00020770817057866537,0.00020766107991617908,0.000207614024231149,0.0002075670034821695,0.00020752001762351465,0.00020747306661677051,0.0002074261504169903,0.0002073792689810642,0.00020733242226617443,0.0002072856102302541,0.00020723883282913185,0.00020719209001874233,0.00020714538176145437,0.000207098708011803,0.0002070520687280889,0.0002070054638672543,0.0002069588933876781,0.00020691235724724994,0.0002068658554037437,0.0002068193878152164,0.00020677295444037667,0.00020672655523588585,0.0002066801901605143,0.00020663385916897998,0.00020658756222733968,0.00020654129928939947,0.00020649507031452027,0.00020644887525869606,0.00020640271408522322,0.00020635658675044344,0.00020631049321430774,0.0002062644334332044,0.00020621840737055142,0.00020617241497972974,0.0002061264562216644,0.0002060805310559861,0.00020603463944160667,0.00020598878133827906,0.0002059429567050927,0.0002058971655014822,0.00020585140768779642,0.0002058056832225022,0.00020575999206464703,0.00020571433417477812,0.00020566870951225241,0.0002056231180376765,0.0002055775597100073,0.00020553203449028514,0.000205486542337465,0.0002054410832123004,0.00020539565707406127,0.00020535026388352934,0.0002053049036010968,0.0002052595761869573,0.00020521428160105162,0.00020516901980498087,0.0002051237907589581,0.00020507859441787972,0.00020503343075611846,0.00020498829972356825,0.00020494320128359287,0.00020489813539776233,0.00020485310202588333,0.00020480810112590703,0.0002047631326671296,0.00020471819660420853,0.00020467329290101762,0.00020462842151832452,0.0002045835824173308,0.00020453877555981083,0.00020449400090647238,0.0002044492584187316,0.00020440454805930602,0.00020435986978894515,0.00020431522356764963,0.00020427060936154188,0.00020422602712983563,0.00020418147683485714,0.00020413695843910138,0.00020409247190384612,0.00020404801718802807,0.0002040035942601707,0.00020395920307942071,0.00020391484360604206,0.00020387051580684172,0.0002038262196419092,0.00020378195507431162,0.00020373772206607263,0.00020369352057978684,0.00020364935057814952,0.0002036052120238835,0.00020356110487979593,0.00020351702910876036,0.00020347298467371583,0.0002034289715376165,0.00020338498966221988,0.00020334103901269648,0.00020329711955198045,0.00020325323124278105,0.00020320937404838055,0.00020316554793160742,0.00020312175285601902,0.00020307798878639024,0.00020303425568533125,0.00020299055351642937,0.0002029468822433657,0.0002029032418288891,0.00020285963223798452,0.00020281605343489724,0.00020277250538283656,0.00020272898804577443,0.0002026855013867211,0.00020264204537146234,0.00020259861996162372,0.0002025552251244527,0.00020251186082364053,0.0002024685270215024,0.00020242522368341435,0.0002023819507743951,0.00020233870825855956,0.00020229549610065197,0.00020225231426545683,0.00020220916271703918,0.00020216604141979613,0.00020212295033970672,0.0002020798894414216,0.00020203685869024288,0.00020199385805035625,0.00020195088748513812,0.00020190794696190473,0.0002018650364442274,0.00020182215589796497,0.0002017793052884013,0.00020173648457972264,0.00020169369373949065,0.00020165093273202814,0.00020160820152269267,0.00020156550007713965,0.0002015228283607518,0.00020148018634045544,0.00020143757397944378,0.00020139499124567227,0.0002013524381029751,0.00020130991451823563,0.00020126742045728068,0.00020122495588612967,0.00020118252077072258,0.00020114011507717613,0.00020109773877192104,0.00020105539182033614,0.0002010130741868134,0.0002009707858423888,0.00020092852675086104,0.00020088629687857587,0.0002008440961919286,0.00020080192465789506,0.00020075978224057159,0.00020071766891011414,0.0002006755846325665,0.00020063352937148588,0.00020059150309987515,0.00020054950577911177,0.00020050753737754768,0.00020046559785917697,0.00020042368719706087,0.00020038180535504903,0.00020033995229744788,0.00020029812799746057,0.0002002563324192051,0.00020021456552994087,0.00020017282729684576,0.0002001311176873365,0.00020008943666889663,0.00020004778421020417,0.00020000616027628738,0.00019996456483567567,0.00019992299785184575,0.00019988145930085056,0.00019983994914630045,0.0001997984673560029,0.00019975701389792844,0.0001997155887429247,0.00019967419185216756,0.00019963282320211454,0.00019959148275568763,0.0001995501704762676,0.0001995088863407621,0.00019946763030989807,0.0001994264023555398,0.0001993852024450601,0.00019934403054752532,0.00019930288663197435,0.00019926177066752418,0.0001992206826201376,0.00019917962246246854,0.00019913859015728655,0.00019909758567616896,0.00019905660898755952,0.000199015660058971,0.00019897473886094138,0.00019893384536178436,0.00019889297953151218,0.0001988521413420467,0.0001988113307541956,0.00019877054774091734,0.00019872979227102434,0.00019868906431446225,0.00019864836383974967,0.00019860769081851345,0.00019856704521564722,0.0001985264270034509,0.00019848583615006513,0.00019844527262506985,0.00019840473639809775,0.00019836422743849707,0.00019832374571614834,0.0001982832912006248,0.0001982428638618061,0.0001982024636686639,0.00019816209059194694,0.00019812174460078128,0.00019808142566468437,0.00019804113375345667,0.00019800086883801368,0.00019796063088779603,0.00019792041987335392,0.00019788023576318965,0.00019784007852992832,0.0001977999481415479,0.00019775984456886871,0.00019771976778098878,0.000197679717750313,0.0001976396944453451,0.00019759969783740482,0.0001975597278979143,0.00019751978459538777,0.0001974798679012145,0.0001974399777863175,0.0001974001142209151,0.00019736027717616927,0.00019732046662077044,0.00019728068252851394,0.000197240924868844,0.000197201193612508,0.00019716148873061366,0.0001971218101937953,0.000197082157973632,0.00019704253204038332,0.00019700293236583444,0.0001969633589205118,0.00019692381167584307,0.00019688429060320107,0.00019684479567344114,0.0001968053268577859,0.00019676588412809108,0.00019672646745548002,0.00019668707681171852,0.0001966477121676358,0.00019660837349587951,0.00019656906076637607,0.0001965297739513716,0.00019649051302289257,0.00019645127795247646,0.0001964120687082521,0.00019637288526900952,0.00019633372760261534,0.00019629459568040614,0.00019625548947722134,0.00019621640896254716,0.00019617735410893119,0.00019613832488831143,0.00019609932127296923,0.00019606034323419138,0.00019602139074554123,0.0001959824637784771,0.00019594356230608564,0.00019590468629814337,0.00019586583572961698,0.00019582701057198644,0.0001957882107989849,0.00019574943638049394,0.00019571068729010597,0.00019567196350062102,0.00019563326498442366,0.0001955945917144547,0.00019555594366302544,0.00019551732080299195,0.0001954787231071044,0.00019544015055024543,0.00019540160310104122,0.0001953630807319738,0.00019532458342053367,0.0001952861111377639,0.0001952476638563815,0.0001952092415496006,0.00019517084419043987,0.00019513247175125618,0.0001950941242066559,0.0001950558015283475,0.00019501750368797975,0.00019497923066417566,0.00019494098242701333,0.00019490275894864788,0.00019486456020582373,0.00019482638617033862,0.00019478823681353207,0.0001947501121128265,0.00019471201203628702,0.0001946739365629235,0.000194635885663645,0.000194597859315405,0.0001945598574902724,0.00019452188015894715,0.00019448392729725788,0.00019444599887945827,0.00019440809487920608,0.0001943702152717925,0.0001943323600305792,0.00019429452912966987,0.0001942567225409346,0.0001942189402396354,0.00019418118220179115,0.00019414344839682423,0.00019410573880298312,0.00019406805338987093,0.0001940303921388599,0.00019399275501554147,0.00019395514200361023,0.00019391755307347002,0.0001938799882000196,0.00019384244735674242,0.00019380493051834,0.0001937674376584741,0.0001937299687537044,0.00019369252377921068,0.00019365510270664052,0.0001936177055134543,0.00019358033217078887,0.00019354298265589692,0.0001935056569418152,0.00019346835500606054,0.00019343107682248334,0.00019339382236554508,0.00019335659161054397,0.00019331938453210476,0.0001932822011067954,0.00019324504130741957,0.00019320790510906374,0.0001931707924878983,0.000193133703419895,0.00019309663787869254,0.00019305959583996806,0.00019302257727940833,0.00019298558217220642,0.00019294861049311087,0.0001929116622185208,0.000192874737323273,0.00019283783578243638,0.0001928009575722751,0.00019276410266821616,0.00019272727104557743,0.0001926904626804354,0.00019265367754956066,0.00019261691562527333,0.0001925801768850793,0.00019254346130474255,0.0001925067688593026,0.00019247009952730074,0.0001924334532812945,0.00019239683009727727,0.00019236022995354742,0.00019232365282422672,0.00019228709868608803,0.00019225056751501581,0.00019221405928761124,0.00019217757397912692,0.00019214111156601736,0.00019210467202445002,0.0001920682553309316,0.00019203186146087646,0.0001919954903908132,0.00019195914209796275,0.00019192281655800025,0.00019188651374655604,0.00019185023364084232,0.00019181397621763065,0.00019177774145263764,0.0001917415293235278,0.00019170533980593924,0.0001916691728767633,0.00019163302851245588,0.00019159690668967667,0.00019156080738468533,0.00019152473057446328,0.00019148867623574803,0.00019145264434541965,0.00019141663488101543,0.00019138064781812098,0.00019134468313509578,0.00019130874080749147,0.00019127282081319433,0.00019123692312878336,0.0001912010477313155,0.0001911651945977893,0.00019112936370536878,0.00019109355503039974,0.00019105776855073974,0.00019102200424408067,0.0001909862620870844,0.00019095054205694385,0.00019091484413110395,0.00019087916828648707,0.00019084351450102116,0.0001908078827515859,0.0001907722730161444,0.00019073668527184288,0.00019070111949490444,0.00019066557566295138,0.00019063005375687906,0.00019059455375200753,0.00019055907562423358,0.0001905236193545458,0.00019048818492061468,0.0001904527722971856,0.00019041738146339686,0.00019038201239708152,0.0001903466650758626,0.00019031133947847265,0.00019027603558095826,0.00019024075336219052,0.0001902054928001911,0.00019017025387281223,0.0001901350365579021,0.0001900998408337475,0.00019006466667815695,0.00019002951406859675,0.00018999438298476193,0.0001899592734033641,0.00018992418530373157,0.00018988911866307486,0.0001898540734604175,0.00018981904967370767,0.00018978404728081297,0.00018974906626123263,0.00018971410659410437,0.0001896791682551663,0.00018964425122345175,0.00018960935547878173,0.00018957448099948655,0.000189539627762517,0.0001895047957462262,0.00018946998493101018,0.00018943519529471126,0.00018940042681596755,0.00018936567947326627,0.0001893309532458898,0.0001892962481110476,0.00018926156404946816,0.00018922690103874643,0.0001891922590581675,0.00018915763808646614,0.00018912303810233715,0.0001890884590847282,0.00018905390101282984,0.00018901936386549518,0.00018898484762174295,0.00018895035225974724,0.00018891587776074685,0.00018888142410190337,0.00018884699126280982,0.0001888125792224409,0.00018877818796002852,0.00018874381745482782,0.00018870946768635363,0.00018867513863352105,0.00018864083027655726,0.0001886065425939146,0.0001885722755634218,0.0001885380291656097,0.00018850380338287639,0.00018846959819204023,0.0001884354135701604,0.00018840124949932435,0.0001883671059590569,0.0001883329829293777,0.0001882988803892623,0.00018826479831818846,0.00018823073669474035,0.00018819669550122783,0.00018816267471562066,0.00018812867431789492,0.00018809469428764363,0.00018806073460477841,0.00018802679524926126,0.00018799287620080554,0.00018795897743910056,0.0001879250989442149,0.0001878912406958953,0.0001878574026741429,0.0001878235848591398,0.00018778978722964746,0.00018775600976797562,0.0001877222524529371,0.00018768851526438396,0.00018765479818289016,0.00018762110118786076,0.00018758742426041916,0.0001875537673814184,0.00018752013052661758,0.0001874865136821939,0.00018745291682586735,0.00018741933993692881,0.00018738578299763684,0.00018735224598850366,0.00018731872888771192,0.00018728523167711885,0.00018725175433666953,0.00018721829684739794,0.000187184859188821,0.00018715144134262088,0.00018711804328724456,0.00018708466500565033,0.00018705130647808172,0.0001870179676847586,0.00018698464860634348,0.00018695134922263066,0.0001869180695148942,0.00018688480946417655,0.00018685156905077048,0.0001868183482568187,0.00018678514705959944,0.00018675196544482912,0.0001867188033881735,0.00018668566087570103,0.00018665253788598452,0.0001866194344005783,0.00018658635039927096,0.000186553285862597,0.00018652024077407285,0.00018648721511281674,0.00018645420886045444,0.00018642122199754652,0.00018638825450583552,0.0001863553063660979,0.00018632237755951764,0.00018628946806713948,0.00018625657787157352,0.0001862237069515326,0.0001861908552910059,0.00018615802287027882,0.0001861252096756948,0.00018609241567797585,0.00018605964086399558,0.00018602688521471246,0.00018599414871235057,0.0001859614313378701,0.00018592873307301004,0.00018589605389891158,0.00018586339379725496,0.00018583075274945408,0.00018579813073752927,0.00018576552774270943,0.00018573294374671205,0.00018570037873175338,0.00018566783267965955,0.00018563530557019154,0.00018560279738516852,0.00018557030810864656,0.00018553783772424235,0.00018550538620852613,0.00018547295354486338,0.00018544053971647527,0.00018540814470449808,0.00018537576848998003,0.0001853434110561629,0.00018531107238337654,0.00018527875245654882,0.00018524645125551036,0.00018521416876160588,0.00018518190495773145,0.0001851496598276882,0.00018511743335249795,0.0001850852255171827,0.00018505303629453941,0.0001850208656751869,0.00018498871363992818,0.0001849565801690763,0.00018492446524629683,0.00018489236885092065,0.00018486029097075133,0.00018482823158396267,0.00018479619067373734,0.00018476416822263596,0.00018473216421311075,0.0001847001786276166,0.0001846682114462779,0.0001846362626556799,0.00018460433223646566,0.00018457242017086247,0.00018454052644157498,0.00018450865103102784,0.00018447679392433726,0.00018444495510023756,0.00018441313454021585,0.00018438133223351607,0.00018434954815639126,0.0001843177822938504,0.0001842860346304625,0.00018425430514411163,0.00018422259382170635,0.00018419090064501222,0.00018415922559654205,0.00018412756865916709,0.00018409592981561248,0.0001840643090468881,0.00018403270634039204,0.00018400112167584772,0.0001839695550377706,0.0001839380064070119,0.00018390647576913894,0.00018387496310436736,0.00018384346839981464,0.00018381199163487055,0.00018378053279673697,0.00018374909186262054,0.00018371766881992744,0.0001836862636491232,0.00018365487633390965,0.00018362350685788336,0.00018359215520497601,0.00018356082135713762,0.0001835295052990051,0.00018349820701256379,0.00018346692648253923,0.00018343566369131983,0.00018340441862252358,0.0001833731912594828,0.00018334198158556582,0.00018331078958384352,0.00018327961523722147,0.0001832484585302151,0.00018321731944662183,0.00018318619797121698,0.00018315509408400088,0.00018312400777048215,0.0001830929390134924,0.00018306188780022904,0.00018303085410843961,0.00018299983792410948,0.00018296883923105603,0.00018293785801131089,0.00018290689425176635,0.00018287594793710477,0.0001828450190448161,0.00018281410756380243,0.00018278321347645938,0.00018275233676707614,0.00018272147742076403,0.00018269063541817264,0.00018265981074313045,0.00018262900338151297,0.00018259821331661515,0.00018256744053242772,0.0001825366850126476,0.00018250594674078493,0.00018247522570236766,0.00018244452187865645,0.00018241383525629892,0.00018238316581911112,0.00018235251355074568,0.00018232187843419002,0.00018229126045524142,0.00018226065959728465,0.00018223007584479593,0.00018219950918127524,0.0001821689595911578,0.00018213842705893459,0.00018210791156882656,0.00018207741310424815,0.0001820469316503769,0.00018201646719153905,0.00018198601971205637,0.00018195558919562033,0.00018192517562690095,0.00018189477899221987,0.00018186439927115122,0.00018183403645374366,0.0001818036905195857,0.00018177336145471556,0.00018174304924382684,0.0001817127538723699,0.000181682475324394,0.00018165221358279495,0.00018162196863459674,0.00018159174046358117,0.00018156152905405076,0.0001815313343904051,0.00018150115645757198,0.00018147099524213207,0.0001814408507256452,0.00018141072289148724,0.00018138061172829996,0.00018135051721777717,0.00018132043934745407,0.0001812903780993254,0.00018126033346115643,0.00018123030541691807,0.00018120029395038827,0.00018117029904720622,0.00018114032069048227,0.00018111035886805022,0.00018108041356356102,0.0001810504847613232,0.00018102057244752384,0.00018099067660464862,0.00018096079721923312,0.00018093093427662367,0.0001809010877614375,0.00018087125765821322,0.00018084144395268985,0.00018081164662998346,0.0001807818656749844,0.00018075210107358676,0.00018072235280822046,0.0001806926208649498,0.0001806629052331519,0.00018063320589369955,0.00018060352283315965,0.000180573856036454,0.00018054420548892913,0.00018051457117595555,0.00018048495308288932,0.0001804553511948572,0.00018042576549568153,0.00018039619597362205,0.00018036664261238738,0.00018033710540197752,0.0001803075843189758,0.00018027807935176162,0.0001802485904890336,0.0001802191177146704,0.000180189661014007,0.0001801602203721895,0.00018013079577490132,0.00018010138720811697,0.0001800719946570555,0.00018004261810696264,0.00018001325754372406,0.00017998391295288732,0.00017995458432230722,0.00017992527163315536,0.00017989597487305263,0.00017986669402647048,0.00017983742908222756,0.0001798081800249393,0.00017977894683981064,0.0001797497295116605,0.00017972052802747062,0.0001796913423724458,0.00017966217253312402,0.00017963301849547588,0.0001796038802414055,0.0001795747577623724,0.00017954565104208524,0.00017951656006602698,0.00017948748482037404,0.00017945842529472553,0.00017942938146814764,0.0001794003533332966,0.00017937134086901588,0.0001793423440667578,0.00017931336291108547,0.00017928439738547507,0.00017925544747797743,0.00017922651317498397,0.00017919759446216035,0.0001791686913262953,0.00017913980374920126,0.0001791109317224835,0.0001790820752327908,0.00017905323426375147,0.00017902440880432068,0.000178995598831459,0.00017896680434292548,0.00017893802532027868,0.00017890926174670438,0.0001788805136151064,0.00017885178090759708,0.0001788230636113872,0.00017879436170782192,0.00017876567519171084,0.00017873700404660658,0.00017870834825771728,0.0001786797078113375,0.00017865108269579915,0.00017862247289472967,0.00017859387839419354,0.00017856529918363435,0.00017853673524821675,0.00017850818657350225,0.000178479653147246,0.00017845113495550978,0.00017842263198399407,0.00017839414422156046,0.00017836567165179358,0.00017833721426508672,0.00017830877204433484,0.00017828034497701736,0.00017825193305138354,0.00017822353625287856,0.000178195154567742,0.00017816678798344255,0.00017813843648624886,0.0001781101000635295,0.00017808177870170386,0.0001780534723866511,0.00017802518110671703,0.00017799690484810083,0.00017796864359732363,0.00017794039733885452,0.00017791216606456324,0.0001778839497585012,0.0001778557484077475,0.00017782756199680573,0.0001777993905149077,0.0001777712339517203,0.00017774309229156885,0.0001777149655212674,0.00017768685362776546,0.00017765875659816373,0.00017763067442017595,0.0001776026070796442,0.00017757455456296985,0.00017754651685852811,0.00017751849395388863,0.00017749048583698632,0.00017746249249083016,0.0001774345139047905,0.00017740655006679353,0.0001773786009648794,0.0001773506665839312,0.00017732274691094327,0.00017729484193426917,0.0001772669516398676,0.00017723907601647492,0.00017721121505030746,0.0001771833687302775,0.00017715553704145004,0.0001771277199751442,0.00017709991751533203,0.00017707212964704133,0.00017704435636060577,0.00017701659764454952,0.00017698885348188257,0.00017696112386496527,0.00017693340877799262,0.00017690570820937915,0.00017687802214611792,0.00017685035057639684,0.00017682269348796858,0.00017679505086915553,0.00017676742270373915,0.0001767398089813833,0.00017671220968957501,0.0001766846248160178,0.00017665705434821848,0.000176629498273356,0.00017660195657934004,0.00017657442925477144,0.00017654691628494045,0.00017651941765969888,0.00017649193336524008,0.0001764644633887871,0.0001764370077192565,0.0001764095663438317,0.0001763821392504017,0.00017635472642649067,0.00017632732785824323,0.00017629994353656785,0.00017627257344780668,0.00017624521757959923,0.00017621787591891143,0.00017619054845518015,0.00017616323517592145,0.00017613593606871194,0.00017610865112015772,0.00017608138031905234,0.0001760541236525826,0.0001760268811099926,0.0001759996526784984,0.0001759724383460106,0.00017594523810040766,0.00017591805193013695,0.0001758908798218823,0.0001758637217652117,0.00017583657774693372,0.00017580944775579698,0.00017578233177948621,0.00017575522980597504,0.0001757281418224781,0.00017570106781831266,0.0001756740077815363,0.00017564696169946952,0.00017561992956012707,0.00017559291135285676,0.00017556590706459466,0.00017553891668392472,0.00017551194019895615,0.00017548497759825216,0.0001754580288688581,0.00017543109400006515,0.0001754041729801426,0.00017537726579650086,0.00017535037243778673,0.00017532349289220948,0.00017529662714812575,0.0001752697751933486,0.0001752429370170222,0.00017521611260703124,0.00017518930195165893,0.0001751625050392823,0.00017513572185829336,0.00017510895239742565,0.00017508219664464072,0.00017505545458831786,0.00017502872621650458,0.00017500201151800094,0.00017497531048119374,0.00017494862309461366,0.00017492194934669742,0.00017489528922586144,0.0001748686427211273,0.00017484200982044082,0.00017481539051201914,0.0001747887847847606,0.00017476219262767576,0.0001747356140283854,0.00017470904897592794,0.0001746824974593145,0.00017465595946628606,0.00017462943498587,0.00017460292400671282,0.0001745764265178455,0.0001745499425075052,0.00017452347196396847,0.00017449701487676366,0.00017447057123339658,0.00017444414102331043,0.00017441772423547032,0.00017439132085836226,0.0001743649308807188,0.00017433855429168878,0.00017431219107924914,0.0001742858412322994,0.0001742595047402084,0.00017423318159150096,0.00017420687177478785,0.0001741805752790456,0.0001741542920939065,0.0001741280222069935,0.00017410176560761836,0.00017407552228495638,0.00017404929222747558,0.00017402307542458036,0.000173996871864977,0.00017397068153725802,0.000173944504430857,0.00017391834053469738,0.0001738921898373951,0.00017386605232815833,0.00017383992799605623,0.00017381381682994836,0.0001737877188193235,0.00017376163395287932,0.0001737355622194014,0.0001737095036084707,0.0001736834581089264,0.00017365742570994586,0.00017363140640115195,0.00017360540017072394,0.00017357940700792187,0.00017355342690206883,0.00017352745984234823,0.0001735015058174088,0.00017347556481753077,0.00017344963683125524,0.0001734237218480391,0.00017339781985700148,0.0001733719308466535,0.0001733460548076047,0.00017332019172844256,0.00017329434159834713,0.000173268504406752,0.00017324268014282318,0.00017321686879598856,0.000173191070355508,0.0001731652848104163,0.0001731395121502751,0.00017311375236452275,0.00017308800544292636,0.00017306227137474703,0.00017303655014806364,0.00017301084175333503,0.0001729851461801883,0.00017295946341794622,0.0001729337934573157,0.00017290813628571022,0.00017288249189068434,0.00017285686026689682,0.00017283124140077518,0.00017280563528247576,0.00017278004190111456,0.00017275446124628168,0.00017272889330830618,0.00017270333807600612,0.00017267779553767752,0.00017265226568557838,0.00017262674850794836,0.0001726012439941756,0.00017257575213310998,0.00017255027291641315,0.00017252480633304047,0.0001724993523721105,0.00017247391102392812,0.00017244848227748112,0.0001724230661222993,0.00017239766254894919,0.00017237227154632596,0.0001723468931049215,0.0001723215272135402,0.00017229617386264542,0.0001722708330415615,0.00017224550474025753,0.00017222018894824055,0.00017219488565527397,0.0001721695948515268,0.00017214431652715374,0.00017211905066934457,0.0001720937972724355,0.00017206855632400335,0.00017204332781370205,0.00017201811173417055,0.00017199290807030153,0.0001719677168144698,0.0001719425379541162,0.00017191737148361476,0.00017189221739101409,0.00017186707566709734,0.0001718419463008964,0.00017181682928134792,0.00017179172459993154,0.00017176663224533517,0.00017174155220833333,0.00017171648447881441,0.00017169142904688138,0.0001716663859029214,0.00017164135503463078,0.00017161633643556572,0.00017159133009426658,0.00017156633600174366,0.00017154135414623658,0.0001715163845187543,0.0001714914271093599,0.00017146648190655465,0.00017144154890370408,0.00017141662808950245,0.00017139171945399262,0.00017136682298701347,0.00017134193867949954,0.0001713170665225032,0.00017129220650334627,0.00017126735861392977,0.00017124252284442184,0.00017121769918506852,0.0001711928876260241,0.0001711680881560021,0.0001711433007683932,0.00017111852545185292,0.00017109376219688998,0.00017106901099346575,0.00017104427183220486,0.00017101954470326474,0.00017099482959696865,0.00017097012650379805,0.00017094543541421592,0.00017092075631801274,0.00017089608920607143,0.00017087143406847822,0.0001708467908957836,0.00017082215967834018,0.00017079754040667426,0.00017077293307115444,0.00017074833766218443,0.0001707237541690266,0.00017069918258462392,0.00017067462289821605,0.0001706500751003216,0.00017062553918132756,0.00017060101513197013,0.00017057650294245618,0.00017055200260343998,0.00017052751410549463,0.00017050303743904486,0.0001704785725947815,0.00017045411956322545,0.00017042967833494574,0.0001704052489004909,0.00017038083124923763,0.0001703564253732135,0.00017033203126446,0.0001703076489124885,0.00017028327830498753,0.00017025891943670164,0.00017023457229652734,0.0001702102368763102,0.00017018591316596648,0.00017016160115644938,0.00017013730083642904,0.00017011301220297727,0.00017008873523730842,0.00017006446993780584,0.00017004021628918493,0.00017001597428534376,0.00016999174391547892,0.0001699675251744118,0.00016994331804918858,0.00016991912253156604,0.00016989493861303495,0.00016987076628279988,0.00016984660553346443,0.00016982245635566837,0.0001697983187398735,0.00016977419267692585,0.00016975007815774528,0.00016972597517301777,0.00016970188371383108,0.0001696778037731359,0.00016965373533777014,0.00016962967840043573,0.00016960563295258512,0.00016958159898421187,0.0001695575764870392,0.00016953356545192715,0.0001695095658691925,0.00016948557773092024,0.0001694616010275457,0.00016943763574980592,0.00016941368188883239,0.00016938973943576388,0.0001693658083820065,0.00016934188871827087,0.00016931798043551502,0.00016929408352414873,0.0001692701979766374,0.00016924632378297898,0.00016922246093471267,0.00016919860942286492,0.00016917476923895982,0.0001691509403700671,0.00016912712281443926,0.0001691033165594033,0.00016907952159638987,0.00016905573791629574,0.0001690319655075331,0.00016900820436791826,0.0001689844544851228,0.00016896071584936086,0.00016893698845326063,0.00016891327228788934,0.00016888956734435035,0.0001688658736128657,0.00016884219108726108,0.0001688185197572187,0.00016879485961240485,0.00016877121064524115,0.00016874757285041442,0.00016872394621133855,0.00016870033072336274,0.00016867672637975074,0.00016865313316890814,0.00016862955108510997,0.00016860598011774703,0.00016858242025955613,0.0001685588714988297,0.00016853533383119694,0.00016851180724661066,0.00016848829173459872,0.0001684647872905115,0.0001684412939016861,0.00016841781156211503,0.00016839434026011486,0.00016837087998880206,0.00016834743073967023,0.0001683239925043035,0.00016830056527427013,0.00016827714904089485,0.00016825374379643893,0.00016823034953107854,0.0001682069662388006,0.0001681835939070711,0.00016816023253428704,0.0001681368821015739,0.00016811354260758813,0.00016809021404170228,0.00016806689639671892,0.00016804358966319516,0.0001680202938325643,0.00016799700889724725,0.00016797373484863995,0.00016795047167840065,0.0001679272193766438,0.000167903977937441,0.00016788074735084072,0.00016785752760831626,0.0001678343187023085,0.00016781112062496295,0.000167787933367239,0.00016776475692109472,0.0001677415912776758,0.0001677184364293762,0.00016769529236705056,0.00016767215908117966,0.00016764903656698435,0.0001676259248149483,0.00016760282381609237,0.00016757973356175922,0.00016755665404397736,0.00016753358525489116,0.0001675105271861907,0.00016748747982921552,0.00016746444317608194,0.0001674414172186645,0.00016741840194867128,0.0001673953973575783,0.00016737240343788498,0.0001673494201794673,0.00016732644757762392,0.00016730348562221287,0.000167280534305125,0.00016725759361860325,0.00016723466355398177,0.0001672117441035448,0.00016718883525883698,0.00016716593701200956,0.00016714304935546678,0.0001671201722801314,0.000167097305778322,0.0001670744498423007,0.000167051604463714,0.00016702876963430786,0.00016700594534691852,0.00016698313158931935,0.00016696032836227578,0.00016693753565024503,0.00016691475344751404,0.00016689198174655196,0.0001668692205384373,0.0001668464698156488,0.00016682372957034202,0.00016680099979427576,0.00016677828047967873,0.00016675557161855475,0.0001667328732044956,0.0001667101852253181,0.00016668750767728194,0.0001666648405481966,0.00016664218383583706,0.0001666195375306802,0.00016659690162269946,0.00016657427610259975,0.00016655166096554334,0.00016652905620468325,0.00016650646181048132,0.00016648387777459106,0.0001664613040897207,0.00016643874074800878,0.00016641618774150172,0.00016639364506243565,0.00016637111270300972,0.00016634859065557995,0.00016632607891212372,0.00016630357746519442,0.0001662810863067205,0.0001662586054291331,0.00016623613482329313,0.00016621367448269668,0.00016619122440048915,0.00016616878456850466,0.0001661463549786236,0.00016612393562313963,0.00016610152649311935,0.00016607912758331543,0.00016605673888479746,0.0001660343603898547,0.0001660119920908761,0.00016598963398014167,0.00016596728605002445,0.00016594494829289764,0.0001659226207010922,0.00016590030326640368,0.0001658779959823602,0.0001658556988404271,0.0001658334118331767,0.00016581113495336373,0.0001657888681940418,0.000165766611546024,0.0001657443650027805,0.00016572212855619763,0.00016569990219911996,0.00016567768592347642,0.00016565547972220793,0.00016563328358793028,0.00016561109751257665,0.00016558892148912512,0.00016556675550959276,0.00016554459956684992,0.000165522453653146,0.0001655003177611478,0.00016547819188348077,0.00016545607601233444,0.0001654339701404856,0.00016541187426054598,0.0001653897883648439,0.00016536771244594003,0.00016534564649657872,0.00016532359050916282,0.0001653015444763259,0.00016527950839080545,0.00016525748224498386,0.00016523546603146514,0.00016521345974306886,0.0001651914633722641,0.00016516947691171783,0.00016514750035413604,0.0001651255336919921,0.00016510357691809906,0.00016508163002486203,0.00016505969300514668,0.0001650377658518249,0.00016501584855719255,0.00016499394111424223,0.00016497204351409618,0.00016495015575242322,0.0001649282778200467,0.00016490640970849373,0.00016488455141315628,0.00016486270292616497,0.00016484086423983112,0.00016481903534560187,0.00016479721623925955,0.00016477540691065738,0.00016475360735402128,0.0001647318175658624,0.00016471003753186326,0.0001646882672467464,0.00016466650670515665,0.00016464475589836382,0.00016462301482014178,0.00016460128346390004,0.0001645795618214636,0.00016455784988567932,0.00016453614764922708,0.00016451445510566153,0.0001644927722471875,0.00016447109906730733,0.00016444943555775536,0.00016442778171279844,0.00016440613752393974,0.00016438450298572165,0.00016436287809066275,0.0001643412628304704,0.00016431965719884337,0.00016429806118757018,0.00016427647479161153,0.00016425489800327853,0.00016423333081526828,0.00016421177322072962,0.00016419022521241568,0.00016416868678307802,0.0001641471579261006,0.00016412563863427707,0.00016410412890060808,0.00016408262871777851,0.00016406113807845472,0.00016403965697668382,0.00016401818540548772,0.00016399672335742666,0.00016397527082532906,0.0001639538278021473,0.00016393239428167587,0.0001639109702567257,0.00016388955572072767,0.00016386815066598347,0.00016384675508578574,0.0001638253689732632,0.00016380399232099313,0.00016378262512310393,0.00016376126737245822,0.00016373991906165234,0.0001637185801840852,0.00016369725073285297,0.00016367593070102304,0.00016365462008181204,0.00016363331886857206,0.0001636120270540237,0.00016359074463153959,0.0001635694715942141,0.00016354820793561378,0.00016352695364816968,0.00016350570872552525,0.00016348447316107996,0.0001634632469476284,0.00016344203007829283,0.00016342082254704762,0.00016339962434654362,0.0001633784354693,0.0001633572559096094,0.00016333608566153872,0.00016331492471619447,0.0001632937730689028,0.0001632726307114956,0.0001632514976374583,0.00016323037384035594,0.00016320925931406668,0.0001631881540509115,0.00016316705804454744,0.00016314597128788073,0.00016312489377472817,0.00016310382549796144,0.0001630827664514848,0.0001630617166279485,0.00016304067602144402,0.00016301964462514274,0.00016299862243219316,0.00016297760943602196,0.00016295660563084684,0.00016293561100770535,0.00016291462555949606,0.0001628936492840361,0.00016287268217204194,0.0001628517242167684,0.00016283077541310713,0.00016280983575237847,0.00016278890522884796,0.00016276798383604754,0.00016274707156734933,0.0001627261684162268,0.00016270527437612547,0.000162684389441867,0.00016266351360416184,0.00016264264685785182,0.000162621789196413,0.00016260094061332556,0.00016258010110207087,0.00016255927065615192,0.0001625384492690538,0.00016251763693428913,0.00016249683364531788,0.00016247603939574656,0.00016245525417906166,0.00016243447798887744,0.00016241371081868864,0.00016239295266187425,0.00016237220351210898,0.00016235146336304095,0.0001623307322063049,0.00016231001003558332,0.00016228929684952427,0.00016226859263854612,0.0001622478973971246,0.0001622272111169315,0.00016220653379164164,0.00016218586541657078,0.00016216520598369216,0.00016214455548773093,0.0001621239139219046,0.00016210328128064453,0.0001620826575560609,0.0001620620427425726,0.00016204143683379326,0.0001620208398232885,0.00016200025170495883,0.00016197967247224372,0.00016195910211909707,0.00016193854063899126,0.00016191798802572553,0.0001618974442714479,0.00016187690937281106,0.00016185638332202464,0.00016183586611291016,0.00016181535773921674,0.00016179485819442955,0.0001617743674727635,0.00016175388556544817,0.00016173341247048044,0.00016171294817940934,0.00016169249268666792,0.00016167204598505587,0.000161651608068438,0.00016163117893107926,0.0001616107585667585,0.00016159034696925324,0.0001615699441321094,0.00016154955004932497,0.00016152916471418507,0.00016150878812138989,0.00016148842026440286,0.000161468061137008,0.00016144771073294852,0.0001614273690462551,0.00016140703607054132,0.0001613867117998851,0.0001613663962279281,0.00016134608934824894,0.00016132579115541023,0.00016130550164317152,0.00016128522080521707,0.00016126494863535684,0.00016124468512760404,0.0001612244302754695,0.0001612041840736308,0.0001611839465155005,0.000161163717595127,0.00016114349730636095,0.000161123285643197,0.00016110308259962005,0.0001610828881693772,0.00016106270234661518,0.00016104252512509902,0.0001610223564990074,0.0001610021964620827,0.0001609820450085188,0.000160961902132187,0.0001609417678270457,0.00016092164208663894,0.00016090152490590227,0.00016088141627833549,0.0001608613161980263,0.00016084122465894046,0.00016082114165509362,0.00016080106718049955,0.00016078100122921294,0.0001607609437952552,0.00016074089487263664,0.00016072085445549672,0.00016070082253781746,0.0001606807991136876,0.00016066078417707597,0.00016064077772234587,0.00016062077974325723,0.00016060079023400416,0.00016058080918868533,0.00016056083660136473,0.0001605408724661961,0.00016052091677716982,0.00016050096952822216,0.00016048103071403832,0.00016046110032844128,0.00016044117836560266,0.00016042126481961895,0.00016040135968457884,0.00016038146295472923,0.00016036157462368035,0.00016034169468657304,0.00016032182313699818,0.0001603019599692786,0.000160282105177522,0.0001602622587552697,0.00016024242069796505,0.00016022259099912273,0.00016020276965256203,0.00016018295665360432,0.00016016315199558542,0.00016014335567291445,0.0001601235676799134,0.00016010378801058133,0.00016008401665927065,0.0001600642536202196,0.00016004449888763812,0.00016002475245582444,0.00016000501431902303,0.0001599852844714903,0.00015996556290747728,0.00015994584962126274,0.00015992614460711745,0.00015990644785931663,0.0001598867593715395,0.0001598670791393015,0.0001598474071562889,0.00015982774341685417,0.00015980808791523257,0.0001597884406457586,0.00015976880160281702,0.00015974917078061398,0.00015972954817362233,0.00015970993377623018,0.00015969032758251562,0.00015967072958699758,0.00015965113978411445,0.00015963155816798693,0.00015961198473310174,0.00015959241947313102,0.00015957286238384974,0.0001595533134589146,0.000159533772692749,0.00015951424007973198,0.0001594947156142681,0.00015947519929212126,0.0001594556911049317,0.00015943619104849617,0.00015941669911682783,0.00015939721530517262,0.00015937773960756114,0.00015935827201842465,0.00015933881253219918,0.00015931936114333415,0.0001592999178454233,0.00015928048263466314,0.00015926105550457986,0.00015924163644967935,0.0001592222254644046,0.000159202822543299,0.00015918342768149937,0.00015916404087221452,0.00015914466211028593,0.0001591252913905855,0.0001591059287074581,0.00015908657405560073,0.00015906722742890786,0.0001590478888226575,0.0001590285582307661,0.00015900923564809663,0.00015898992106949913,0.00015897061448988007,0.00015895131590235715,0.00015893202530229322,0.0001589127426840808,0.00015889346804289983,0.00015887420137219242,0.00015885494266707856,0.00015883569192211983,0.00015881644913176487,0.00015879721429099482,0.00015877798739433017,0.00015875876843438454,0.00015873955740923197,0.00015872035430903854,0.00015870115913405418,0.0001586819718760378,0.00015866279252966067,0.0001586436210898299,0.0001586244575509088,0.0001586053019070436,0.00015858615415346972,0.00015856701428466186,0.00015854788229634057,0.0001585287581812748,0.0001585096419347601,0.00015849053355185725,0.00015847143302689427,0.00015845234035477947,0.00015843325553017973,0.00015841417854780567,0.00015839510940230116,0.0001583760480906512,0.0001583569946029195,0.00015833794893619518,0.00015831891108550235,0.00015829988104522634,0.00015828085880949537,0.00015826184437389216,0.00015824283773278655,0.00015822383888138515,0.00015820484781409717,0.00015818586452530717,0.00015816688901021167,0.00015814792126347144,0.00015812896128292292,0.00015811000905675758,0.0001580910645838618,0.0001580721278580682,0.0001580531988728655,0.00015803427762728893,0.00015801536411239788,0.00015799645832412982,0.00015797756025682318,0.00015795866990610472,0.0001579397872663805,0.00015792091233246506,0.00015790204509731848,0.00015788318555966946,0.00015786433371153637,0.00015784548954929587,0.00015782665306685641,0.00015780782425948704,0.0001577890031217767,0.0001577701896486249,0.0001577513838348682,0.00015773258567393968,0.00015771379516217512,0.00015769501229581385,0.0001576762370663665,0.00015765746946984243,0.0001576387095047003,0.00015761995716328853,0.00015760121244073975,0.00015758247533118752,0.000157563745830016,0.00015754502393203624,0.0001575263096320724,0.00015750760292515683,0.0001574889038062947,0.00015747021226778356,0.00015745152830964025,0.0001574328519241137,0.00015741418310547637,0.00015739552184890744,0.000157376868151611,0.00015735822200503086,0.0001573395834079378,0.000157320952351778,0.00015730232883474752,0.00015728371285000353,0.00015726510439131264,0.00015724650345665326,0.000157227910039463,0.00015720932413477157,0.00015719074573734645,0.00015717217484175234,0.0001571536114445092,0.00015713505553975447,0.00015711650712242243,0.00015709796618747576,0.0001570794327287415,0.00015706090674422494,0.00015704238822747938,0.00015702387717320994,0.00015700537357662996,0.0001569868774330635,0.00015696838873582741,0.00015694990748310082,0.0001569314336683871,0.00015691296728673939,0.00015689450833323047,0.00015687605680279852,0.00015685761269081705,0.00015683917599236335,0.00015682074670255266,0.00015680232481619192,0.00015678391032661942,0.00015676550323264689,0.00015674710352766108,0.00015672871120428648,0.00015671032625992092,0.00015669194869232176,0.00015667357849279658,0.00015665521566143604,0.00015663686018757447,0.00015661851206834988,0.0001566001712966571,0.00015658183787056734,0.00015656351178719845,0.00015654519303946797,0.00015652688162083993,0.00015650857752957955,0.00015649028075936412,0.0001564719913025493,0.00015645370915991103,0.00015643543432370625,0.00015641716678932788,0.00015639890655100533,0.00015638065360564123,0.00015636240794757313,0.00015634416957181112,0.00015632593847420435,0.00015630771464953237,0.00015628949809306063,0.0001562712888003615,0.00015625308676629936,0.00015623489198618248,0.00015621670445445352,0.0001561985241679913,0.00015618035112120824,0.00015616218530939264,0.00015614402672748935,0.00015612587536861715,0.00015610773123244406,0.00015608959431296615,0.00015607146460479762,0.00015605334210298498,0.00015603522680285886,0.0001560171187003207,0.00015599901779013876,0.00015598092406792107,0.0001559628375284917,0.00015594475816731472,0.00015592668597995648,0.00015590862096137337,0.00015589056310843374,0.00015587251241398506,0.0001558544688746743,0.00015583643248525184,0.0001558184032417654,0.00015580038113895868,0.00015578236617267758,0.00015576435833831905,0.0001557463576308875,0.0001557283640458494,0.00015571037757838453,0.0001556923982238202,0.0001556744259780927,0.00015565646083294212,0.00015563850279015222,0.00015562055184178936,0.00015560260798376662,0.0001555846712110907,0.0001555667415190157,0.0001555488189033876,0.00015553090335907797,0.00015551299488210125,0.00015549509346648633,0.00015547719910945972,0.0001554593118057953,0.0001554414315509565,0.00015542355834089939,0.00015540569216974224,0.0001553878330325869,0.0001553699809264675,0.0001553521358465231,0.00015533429778790967,0.00015531646674609857,0.00015529864271577058,0.00015528082569510535,0.00015526301567655009,0.0001552452126589862,0.00015522741663377327,0.00015520962759774633,0.00015519184554857094,0.00015517407047846942,0.00015515630238436737,0.00015513854126143623,0.00015512078710555079,0.00015510303991229593,0.00015508529967762417,0.00015506756639588673,0.00015504984006370858,0.00015503212067642566,0.00015501440822909845,0.0001549967027192592,0.0001549790041390434,0.00015496131248576104,0.00015494362775456832,0.00015492594994081477,0.00015490827904064838,0.00015489061504931104,0.0001548729579626346,0.00015485530777513423,0.00015483766448391178,0.0001548200280840319,0.00015480239856990814,0.0001547847759389396,0.0001547671601863055,0.00015474955130716814,0.0001547319492967675,0.00015471435415083322,0.00015469676586568214,0.0001546791844369514,0.0001546616098582985,0.00015464404212807976,0.00015462648124066282,0.0001546089271915684,0.00015459137997443038,0.00015457383958878047,0.00015455630602867772,0.00015453877928881413,0.00015452125936532478,0.0001545037462539886,0.00015448623995024114,0.00015446874044990774,0.00015445124774893042,0.00015443376184258152,0.0001544162827264285,0.0001543988103961464,0.00015438134484783118,0.00015436388607690128,0.00015434643407892258,0.00015432898884907314,0.00015431155038417576,0.00015429411867946144,0.00015427669373069673,0.0001542592755332352,0.00015424186408268342,0.00015422445937564005,0.00015420706140691344,0.0001541896701717218,0.00015417228566747492,0.0001541549078884393,0.00015413753683078335,0.0001541201724903175,0.00015410281486314745,0.00015408546394454694,0.00015406811973168563,0.0001540507822172736,0.00015403345139832454,0.00015401612727067784,0.00015399880983159848,0.00015398149907452406,0.0001539641949972633,0.00015394689759459971,0.00015392960686350213,0.00015391232279744277,0.00015389504539291987,0.00015387777464447556,0.0001538605105515564,0.00015384325310774155,0.00015382600230965965,0.00015380875815222266,0.00015379152063078115,0.0001537742897422398,0.0001537570654802651,0.0001537398478440327,0.00015372263682767983,0.00015370543242661952,0.00015368823463739187,0.00015367104345554176,0.00015365385887618796,0.0001536366808967401,0.0001536195095119621,0.00015360234471797337,0.00015358518651009621,0.00015356803488497057,0.00015355088983762128,0.00015353375136388964,0.00015351661946081475,0.00015349949412507395,0.00015348237534934674,0.00015346526313118785,0.0001534481574663693,0.00015343105835085194,0.00015341396578041574,0.0001533968797509243,0.00015337980025832045,0.000153362727296986,0.00015334566086576095,0.0001533286009581785,0.00015331154757209777,0.00015329450070255377,0.0001532774603451096,0.00015326042649558994,0.00015324339915054731,0.00015322637830539386,0.0001532093639545985,0.000153192356097228,0.00015317535472740066,0.00015315835984017927,0.00015314137143258402,0.00015312438950168734,0.0001531074140425365,0.0001530904450509989,0.0001530734825226826,0.00015305652645387948,0.0001530395768404113,0.00015302263367673557,0.00015300569696156854,0.0001529887666881769,0.0001529718428556892,0.00015295492545692576,0.00015293801449076376,0.00015292110995160406,0.00015290421183569174,0.0001528873201385922,0.00015287043485687782,0.00015285355598612554,0.00015283668352095812,0.00015281981746051614,0.00015280295779905467,0.00015278610453275422,0.000152769257657581,0.0001527524171680877,0.00015273558306326676,0.00015271875533738353,0.00015270193398862677,0.0001526851190080717,0.00015266831039758612,0.00015265150814882194,0.0001526347122595354,0.00015261792272545092,0.000152601139542856,0.000152584362707752,0.00015256759221619025,0.00015255082806258776,0.00015253407024480695,0.0001525173187621141,0.00015250057360533163,0.00015248383477239693,0.00015246710225944173,0.00015245037606370998,0.00015243365617885666,0.00015241694260218437,0.00015240023532978573,0.0001523835343577216,0.00015236683968213366,0.00015235015129911762,0.00015233346920476187,0.00015231679339516472,0.00015230012386779277,0.00015228346061604543,0.00015226680363737463,0.00015225015292647448,0.00015223350848236932,0.00015221687029984892,0.00015220023837632902,0.00015218361270492783,0.00015216699328353454,0.00015215038010813275,0.00015213377317339888,0.0001521171724752444,0.00015210057801617706,0.00015208398978626867,0.00015206740778320426,0.00015205083200293116,0.00015203426244173948,0.0001520176990957796,0.0001520011419625309,0.0001519845910355586,0.0001519680463131606,0.00015195150778987153,0.00015193497546334565,0.00015191844932847728,0.00015190192938207712,0.0001518854156203719,0.0001518689080395027,0.00015185240663755133,0.0001518359114070078,0.00015181942234600306,0.0001518029394506903,0.00015178646271792046,0.000151769992142626,0.00015175352772165568,0.00015173706944645305,0.0001517206173228201,0.00015170417134218502,0.00015168773150079167,0.00015167129779487562,0.00015165487022139062,0.00015163844877575638,0.00015162203345371427,0.0001516056242520924,0.0001515892211671653,0.00015157282419587078,0.0001515564333327863,0.0001515400485754599,0.00015152366991990599,0.00015150729736235097,0.00015149093089904318,0.00015147457052705406,0.0001514582162418272,0.00015144186804016708,0.00015142552591638426,0.0001514091898685393,0.00015139285989367013,0.00015137653598601113,0.0001513602181428488,0.00015134390636055363,0.000151327600635423,0.00015131130096372554,0.0001512950073417649,0.00015127871976585596,0.00015126243823232092,0.00015124616273748317,0.00015122989327768428,0.00015121362984917008,0.00015119737244803557,0.00015118112107118375,0.00015116487571466302,0.0001511486363747834,0.00015113240304428333,0.00015111617572677094,0.00015109995441493955,0.00015108373910225747,0.00015106752979090208,0.00015105132647422054,0.0001510351291489334,0.0001510189378108581,0.00015100275245658637,0.00015098657308255866,0.00015097039968507114,0.00015095423226047682,0.0001509380708052007,0.00015092191531573137,0.0001509057657882368,0.0001508896222141437,0.00015087348460026025,0.0001508573529376892,0.00015084122722242957,0.000150825107447644,0.00015080899361679867,0.0001507928857227828,0.00015077678376208462,0.0001507606877311132,0.0001507445976236277,0.0001507285134412943,0.00015071243517775915,0.00015069636282942812,0.00015068029639294804,0.00015066423586460864,0.0001506481812409514,0.00015063213251798705,0.00015061608969019706,0.00015060005275892256,0.00015058402171806395,0.00015056799656389144,0.0001505519772931538,0.00015053596390213124,0.0001505199563872323,0.00015050395474499922,0.00015048795897261482,0.00015047196906513776,0.00015045598501953403,0.00015044000683248903,0.00015042403450044788,0.00015040806801982316,0.00015039210738696584,0.00015037615259928252,0.0001503602036517574,0.00015034426054170486,0.000150328323264424,0.00015031239181858237,0.00015029646619960015,0.00015028054640128775,0.0001502646324256805,0.00015024872426630878,0.0001502328219198614,0.00015021692538273737,0.00015020103465123583,0.00015018514972100138,0.00015016927059115353,0.0001501533972567544,0.00015013752971428866,0.00015012166796054034,0.00015010581199190442,0.00015008996180473024,0.00015007411739540098,0.00015005827876111717,0.00015004244589806508,0.00015002661880244507,0.00015001079747127135,0.0001499949819015314,0.0001499791720888201,0.00014996336802990652,0.00014994756972158484,0.00014993177716022478,0.0001499159903426193,0.00014990020926516974,0.0001498844339246455,0.00014986866431735348,0.00014985290044013206,0.00014983714228958137,0.00014982138986206758,0.00014980564315379387,0.00014978990216244444,0.0001497741668836088,0.00014975843731449597,0.00014974271345142526,0.0001497269952910933,0.0001497112828300068,0.0001496955760649405,0.00014967987499176554,0.00014966417960825926,0.00014964848991024256,0.00014963280589476693,0.0001496171275583102,0.00014960145489766727,0.0001495857879095823,0.0001495701265897388,0.00014955447093560324,0.00014953882094354687,0.00014952317661134633,0.00014950753793337347,0.00014949190490750006,0.0001494762775297214,0.00014946065579788162,0.00014944503970812354,0.00014942942925683838,0.00014941382444082563,0.00014939822525760046,0.00014938263170233344,0.00014936704377312764,0.00014935146146496342,0.00014933588477538287,0.00014932031370120758,0.00014930474823881003,0.00014928918838442678,0.000149273634138628,0.00014925808549421483,0.00014924254244678926,0.00014922700499476734,0.00014921147313503812,0.00014919594686425502,0.00014918042617823886,0.00014916491107594244,0.00014914940155133963,0.00014913389760229154,0.00014911839922558524,0.00014910290641830188,0.0001490874191763763,0.00014907193749472903,0.00014905646137437184,0.00014904099080858502,0.00014902552579689434,0.0001490100663345743,0.00014899461241841126,0.0001489791640449924,0.0001489637212110666,0.0001489482839134473,0.00014893285214876526,0.00014891742591534603,0.00014890200520724703,0.00014888659002242893,0.00014887118035914783,0.00014885577621167557,0.00014884037757877732,0.00014882498445448433,0.00014880959683772957,0.00014879421472560307,0.00014877883811282997,0.00014876346699743464,0.00014874810137447534,0.00014873274124400836,0.00014871738660251186,0.00014870203744438018,0.00014868669376746853,0.00014867135556944608,0.00014865602284516388,0.0001486406955930931,0.00014862537381055794,0.00014861005749207293,0.00014859474663474645,0.00014857944123712,0.00014856414129530159,0.00014854884680576058,0.00014853355776539185,0.00014851827417101525,0.00014850299601969414,0.00014848772330807418,0.00014847245603347097,0.00014845719418988718,0.00014844193777890132,0.00014842668679430088,0.0001484114412332081,0.00014839620109433408,0.00014838096637182017,0.00014836573706062425,0.00014835051316335708,0.00014833529467521306,0.0001483200815909527,0.00014830487390871482,0.00014828967162613905,0.0001482744747378276,0.00014825928324163946,0.00014824409713477655,0.00014822891641206058,0.00014821374107425793,0.0001481985711159887,0.00014818340653468442,0.00014816824732807014,0.00014815309348723332,0.00014813794501678754,0.0001481228019105096,0.00014810766416522363,0.00014809253177812767,0.00014807740474547334,0.0001480622830645101,0.0001480471667294162,0.00014803205574207386,0.0001480169500975969,0.0001480018497938883,0.0001479867548250561,0.00014797166518960543,0.0001479565808836253,0.0001479415019056178,0.00014792642825034374,0.0001479113599155793,0.0001478962968989023,0.00014788123919655708,0.0001478661868068167,0.00014785113972530652,0.00014783609794813613,0.00014782106147330113,0.00014780603029765385,0.00014779100441872077,0.00014777598383230615,0.00014776096853445924,0.00014774595852500136,0.0001477309538004004,0.00014771595435721799,0.00014770096019035107,0.00014768597129897242,0.00014767098767729523,0.00014765600932572072,0.0001476410362398484,0.0001476260684163516,0.00014761110585241447,0.00014759614854500497,0.00014758119648948287,0.0001475662496877042,0.00014755130813369092,0.00014753637182363715,0.00014752144075356216,0.00014750651492183105,0.00014749159432521123,0.00014747667896224998,0.00014746176882750333,0.00014744686392120912,0.00014743196423752026,0.00014741706977242785,0.0001474021805250215,0.00014738729649173567,0.00014737241767000996,0.00014735754405708544,0.00014734267564898426,0.00014732781244324784,0.00014731295443694024,0.00014729810162686155,0.0001472832540103563,0.00014726841158351587,0.0001472535743466183,0.00014723874229249166,0.00014722391541986392,0.00014720909372579634,0.00014719427720858577,0.0001471794658626835,0.00014716465968643707,0.00014714985867636898,0.0001471350628305348,0.000147120272144056,0.0001471054866177586,0.00014709070624558833,0.0001470759310240332,0.00014706116095253928,0.00014704639602707592,0.00014703163624470243,0.0001470168816024797,0.00014700213209745437,0.00014698738772621873,0.0001469726484868402,0.0001469579143741036,0.00014694318538799753,0.0001469284615251115,0.00014691374278217695,0.00014689902915443286,0.00014688432064174206,0.0001468696172387763,0.0001468549189452731,0.00014684022575651184,0.0001468255376698691,0.00014681085468162822,0.00014679617679062826,0.00014678150399178972,0.00014676683628479263,0.00014675217366421294,0.00014673751612966226,0.0001467228636760249,0.00014670821630084505,0.0001466935740031658,0.00014667893677871622,0.00014666430462457623,0.0001466496775378779,0.00014663505551487256,0.00014662043855443428,0.00014660582665279692,0.0001465912198070791,0.00014657661801320494,0.0001465620212707849,0.00014654742957577064,0.00014653284292436437,0.00014651826131537938,0.00014650368474494301,0.00014648911321158223,0.0001464745467114291,0.000146459985240224,0.00014644542879670182,0.00014643087737746597,0.00014641633097802425,0.00014640178959842508,0.00014638725323566336,0.0001463727218860459,0.00014635819554673023,0.00014634367421489824,0.00014632915788746466,0.00014631464656207548,0.0001463001402354742,0.00014628563890525163,0.00014627114256835215,0.0001462566512199307,0.00014624216486125742,0.00014622768348747785,0.0001462132070958694,0.00014619873568336175,0.00014618426924748848,0.0001461698077849454,0.00014615535129340704,0.00014614089976993175,0.00014612645321150584,0.00014611201161575962,0.0001460975749796745,0.0001460831433006091,0.00014606871657543008,0.00014605429480133748,0.0001460398779747663,0.0001460254660949975,0.0001460110591581579,0.00014599665716142835,0.00014598226010207487,0.00014596786797659408,0.00014595348078378945,0.0001459390985190789,0.0001459247211815782,0.0001459103487673513,0.0001458959812747354,0.00014588161869947484,0.00014586726103943894,0.00014585290829189336,0.0001458385604540505,0.0001458242175235106,0.0001458098794983671,0.00014579554637320037,0.00014578121814661074,0.00014576689481598403,0.00014575257637865343,0.00014573826283185285,0.0001457239541726708,0.0001457096503975372,0.00014569535150568924,0.0001456810574923136,0.00014566676835612482,0.00014565248409465975,0.00014563820470454999,0.00014562393018307626,0.00014560966052796717,0.000145595395735838,0.00014558113580403036,0.0001455668807299903,0.00014555263051089902,0.00014553838514423965,0.00014552414462783015,0.00014550990895785426,0.00014549567813200524,0.0001454814521477103,0.0001454672310021143,0.00014545301469269154,0.00014543880321641608,0.00014542459657114194,0.00014541039475385675,0.00014539619776196224,0.00014538200559258496,0.0001453678182431815,0.000145353635711131,0.00014533945799275635,0.00014532528508725642,0.00014531111699098436,0.00014529695370128987,0.00014528279521549534,0.00014526864153097078,0.00014525449264498057,0.00014524034855478387,0.00014522620925790634,0.00014521207475245415,0.00014519794503422886,0.0001451838201011231,0.000145169699950763,0.00014515558458006567,0.00014514147398647415,0.00014512736816846806,0.00014511326712182476,0.00014509917084458424,0.00014508507933481363,0.0001450709925880863,0.00014505691060285225,0.00014504283337607663,0.00014502876090575768,0.0001450146931889725,0.00014500063022327713,0.0001449865720057288,0.00014497251853408765,0.00014495846980491135,0.00014494442581670973,0.00014493038656592208,0.00014491635204998094,0.0001449023222672373,0.0001448882972136808,0.00014487427688807843,0.00014486026128795491,0.00014484625040845167,0.00014483224424853905,0.0001448182428053564,0.0001448042460762229,0.00014479025405885216,0.0001447762667505993,0.00014476228414829722,0.00014474830625024778,0.0001447343330535561,0.00014472036455634088,0.00014470640075452603,0.0001446924416461182,0.00014467848722852787,0.00014466453750012427,0.00014465059245583872,0.00014463665209521614,0.00014462271641562836,0.00014460878541464395,0.0001445948590882536,0.00014458093743513633,0.00014456702045168815,0.00014455310813614778,0.00014453920048554758,0.0001445252974977965,0.00014451139916996908,0.00014449750550008588,0.0001444836164843555,0.00014446973212127047,0.00014445585240805838,0.00014444197734222287,0.00014442810692109415,0.0001444142411419978,0.00014440038000268618,0.00014438652350095223,0.00014437267163294555,0.00014435882439738687,0.0001443449817912748,0.0001443311438124048,0.0001443173104573898,0.00014430348172423646,0.00014428965761020433,0.00014427583811303015,0.0001442620232301014,0.00014424821295884338,0.00014423440729674963,0.00014422060624151917,0.0001442068097904025,0.00014419301794115134,0.00014417923069068477,0.00014416544803557582,0.00014415166997586076,0.00014413789650818758,0.00014412412762966487,0.00014411036333732588,0.00014409660362904806,0.00014408284850222258,0.00014406909795546783,0.00014405535198281665,0.00014404161058675618,0.00014402787376143248,0.00014401414150506592,0.00014400041381551335,0.00014398669069004747,0.00014397297212613526,0.0001439592581203063,0.0001439455486721729,0.00014393184377829664,0.00014391814343678823,0.00014390444764421335,0.0001438907563981658,0.0001438770696956259,0.00014386338753594253,0.00014384970991485359,0.00014383603683193404,0.00014382236828271497,0.00014380870426389212,0.0001437950447763723,0.00014378138981551903,0.0001437677393791746,0.0001437540934652826,0.00014374045207046513,0.0001437268151924784,0.00014371318282851026,0.00014369955497620473,0.00014368593163628692,0.0001436723128036668,0.00014365869847570714,0.00014364508865036,0.00014363148332557598,0.00014361788249831053,0.00014360428616461447,0.00014359069432503388,0.00014357710697504025,0.00014356352411356156,0.00014354994573776854,0.00014353637184517096,0.0001435228024334622,0.00014350923749904777,0.00014349567704099255,0.00014348212105635345,0.00014346856954140934,0.000143455022496237,0.00014344147991726734,0.00014342794180080288,0.0001434144081467664,0.00014340087895051094,0.0001433873542124553,0.00014337383392802825,0.00014336031809458115,0.00014334680671133812,0.00014333329977367078,0.0001433197972804395,0.00014330629922968362,0.00014329280562006805,0.00014327931644584501,0.000143265831707601,0.0001432523514029507,0.0001432388755274039,0.00014322540408006707,0.000143211937057861,0.00014319847445908571,0.0001431850162815605,0.00014317156252170615,0.00014315811317653184,0.00014314466824617524,0.00014313122772633124,0.00014311779161524878,0.0001431043599107461,0.00014309093261106605,0.000143077509712042,0.0001430640912128107,0.00014305067711034935,0.00014303726740208257,0.00014302386208641868,0.0001430104611598471,0.0001429970646216015,0.0001429836724690528,0.00014297028469890103,0.00014295690130874212,0.00014294352229757764,0.0001429301476612886,0.00014291677739832194,0.00014290341150522047,0.00014289004998276024,0.00014287669282686218,0.0001428633400337375,0.00014284999160307514,0.0001428366475324002,0.0001428233078186693,0.00014280997245856022,0.00014279664145006303,0.00014278331479259204,0.00014276999248273624,0.0001427566745187713,0.00014274336089870138,0.00014273005161609455,0.00014271674667421048,0.00014270344606789588,0.0001426901497958871,0.00014267685785525867,0.00014266357024416513,0.000142650286960585,0.00014263700800100127,0.00014262373336428738,0.00014261046304680635,0.00014259719704787693,0.0001425839353629761,0.0001425706779918308,0.00014255742493178152,0.00014254417618047622,0.00014253093173526748,0.0001425176915934133,0.00014250445575335476,0.0001424912242114838,0.0001424779969686125,0.0001424647740192039,0.0001424515553636764,0.00014243834099766055,0.00014242513091899318,0.00014241192512727186,0.00014239872361837417,0.00014238552639041864,0.00014237233344096861,0.00014235914476680623,0.00014234596036903155,0.0001423327802426507,0.0001423196043855012,0.00014230643279697578,0.0001422932654725137,0.00014228010241083442,0.00014226694361071427,0.0001422537890682412,0.00014224063878310998,0.0001422274927517172,0.0001422143509718428,0.0001422012134397233,0.00014218808015619376,0.00014217495111817525,0.00014216182632080995,0.00014214870576479546,0.00014213558944719946,0.00014212247736529102,0.00014210936951684997,0.00014209626590033363,0.00014208316651312245,0.00014207007135349543,0.00014205698041786825,0.00014204389370487785,0.000142030811212595,0.00014201773293859686,0.0001420046588796007,0.00014199158903495065,0.00014197852340118894,0.000141965461976179,0.00014195240475855131,0.00014193935174524423,0.00014192630293378153,0.0001419132583237176,0.00014190021791215648,0.00014188718169616201,0.00014187414967410588,0.00014186112184369587,0.00014184809820160584,0.00014183507874697315,0.00014182206347762542,0.00014180905239086466,0.00014179604548445311,0.00014178304275486698,0.00014177004420204742,0.0001417570498232797,0.00014174405961596935,0.00014173107357885265,0.00014171809170909105,0.00014170511400435275,0.00014169214046249088,0.00014167917108085065,0.0001416662058580324,0.00014165324479140695,0.00014164028787908735,0.00014162733511965443,0.00014161438650905512,0.00014160144204616138,0.00014158850172845566,0.00014157556555466255,0.00014156263352163443,0.0001415497056279108,0.00014153678187062122,0.00014152386224789947,0.00014151094675791002,0.00014149803539828732,0.00014148512816673206,0.0001414722250611248,0.0001414593260785955,0.00014144643121841199,0.00014143354047766647,0.00014142065385402877,0.00014140777134653514,0.00014139489295102915,0.00014138201866630777,0.00014136914849025223,0.00014135628242112146,0.00014134342045685606,0.0001413305625953899,0.0001413177088331416,0.00014130485916888537,0.0001412920136000434,0.00014127917212549608,0.00014126633474265913,0.00014125350144915118,0.00014124067224336327,0.00014122784712281236,0.00014121502608536695,0.00014120220912850455,0.00014118939625045848,0.00014117658744938793,0.00014116378272251132,0.00014115098206861508,0.000141138185484884,0.00014112539296902085,0.00014111260452028427,0.00014109982013476246,0.000141087039811047,0.00014107426354743657,0.00014106149134107107,0.00014104872319036828,0.0001410359590934365,0.00014102319904771122,0.00014101044305130016,0.00014099769110124223,0.00014098494319617592,0.00014097219933472378,0.000140959459513937,0.00014094672373156855,0.00014093399198568933,0.00014092126427522149,0.0001409085405967032,0.00014089582094841177,0.0001408831053281801,0.0001408703937341484,0.00014085768616421367,0.00014084498261714482,0.00014083228308991132,0.00014081958757979546,0.0001408068960858825,0.00014079420860557264,0.0001407815251370084,0.00014076884567779804,0.00014075617022678863,0.000140743498780594,0.00014073083133800602,0.0001407181678962514,0.00014070550845405935,0.00014069285300881166,0.00014068020155889177,0.00014066755409955167,0.00014065491063381218,0.00014064227115425344,0.0001406296356633649,0.00014061700415806614,0.00014060437663448633,0.00014059175309234838,0.00014057913352843893,0.0001405665179410737,0.0001405539063274262,0.00014054129868363042,0.00014052869501382433,0.00014051609531242338,0.00014050349957726995,0.00014049090780573055,0.00014047831999714484,0.00014046573614843845,0.00014045315625745814,0.00014044058032428304,0.00014042800834394422,0.0001404154403155748,0.00014040287623743266,0.00014039031610664938,0.00014037775992209955,0.00014036520768255728,0.0001403526593835214,0.00014034011502504925,0.00014032757460415393,0.0001403150381192402,0.00014030250556769348,0.0001402899769481795,0.00014027745225847862,0.0001402649314967701,0.00014025241466056757,0.00014023990174825274,0.0001402273927572719,0.00014021488768636427,0.00014020238653249234,0.00014018988929495593,0.00014017739597064992,0.0001401649065584813,0.0001401524210562925,0.00014013993946141473,0.0001401274617716503,0.00014011498798608405,0.0001401025181020218,0.00014009005211757243,0.00014007759003089717,0.0001400651318400215,0.00014005267754261402,0.00014004022713712516,0.00014002778062112826,0.000140015337992619,0.00014000289924995872,0.00013999046439096063,0.00013997803341402157,0.0001399656063170231,0.00013995318309718778,0.00013994076375380425,0.00013992834828428167,0.00013991593668637105,0.00013990352895796614,0.00013989112509776055,0.00013987872510371326,0.00013986632897367476,0.00013985393670577442,0.00013984154829796162,0.0001398291637480393,0.00013981678305409974,0.00013980440621455653,0.00013979203322706744,0.0001397796640892621,0.00013976729880024416,0.00013975493735757737,0.0001397425797589566,0.0001397302260027836,0.00013971787608712348,0.000139705530010272,0.0001396931877706834,0.000139680849364856,0.00013966851479155492,0.00013965618404851522,0.00013964385713486705,0.0001396315340479877,0.00013961921478555962,0.0001396068993464714,0.00013959458772821765,0.00013958227992904158,0.00013956997594703947,0.0001395576757797855,0.00013954537942600345,0.00013953308688370914,0.00013952079815083873,0.00013950851322538728,0.00013949623210472568,0.0001394839547883666,0.00013947168127341066,0.00013945941155844515,0.0001394471456409169,0.00013943488351807684,0.0001394226251902798,0.0001394103706539713,0.00013939811990872194,0.00013938587295154057,0.00013937362977918736,0.00013936139039204333,0.0001393491547880084,0.00013933692296412022,0.00013932469491902304,0.00013931247065054295,0.00013930025015747684,0.0001392880334364814,0.00013927582048601752,0.00013926361130602705,0.0001392514058932329,0.00013923920424541774,0.0001392270063606725,0.0001392148122374993,0.00013920262187432637,0.00013919043526911852,0.00013917825241972694,0.00013916607332425555,0.00013915389797945784,0.00013914172638601502,0.00013912955854251203,0.000139117394442237,0.00013910523408738014,0.000139093077475383,0.00013908092460392866,0.0001390687754720115,0.000139056630076937,0.00013904448841554093,0.00013903235048888215,0.00013902021629319986,0.00013900808582632107,0.00013899595908692288,0.00013898383607378165,0.0001389717167848706,0.00013895960121930193,0.00013894748937248643,0.00013893538124571157,0.0001389232768328845,0.00013891117613515128,0.00013889907914909375,0.00013888698587455827,0.0001388748963090513,0.00013886281045060516,0.00013885072829700803,0.0001388386498470782,0.00013882657509882868,0.00013881450404966338,0.0001388024366987996,0.00013879037304388947,0.00013877831308298986,0.00013876625681426023,0.0001387542042357606,0.00013874215534655967,0.00013873011014359088,0.00013871806862525128,0.00013870603078988263,0.00013869399663583024,0.000138681966160986,0.00013866993936367044,0.00013865791624133414,0.00013864589679337633,0.000138633881015793,0.00013862186890921407,0.00013860986047157744,0.00013859785570059796,0.00013858585459608554,0.00013857385715247174,0.00013856186336995562,0.00013854987324642305,0.00013853788678037308,0.00013852590396942643,0.0001385139248125275,0.00013850194930747282,0.00013848997745206687,0.0001384780092452828,0.0001384660446850206,0.00013845408376940855,0.00013844212649625568,0.00013843017286475765,0.0001384182228718723,0.00013840627651642455,0.00013839433379650537,0.00013838239471043035,0.00013837045925593102,0.00013835852743155814,0.00013834659923418348,0.000138334674664498,0.0001383227537187948,0.00013831083639688713,0.00013829892269614757,0.00013828701261474102,0.00013827510615069385,0.0001382632033015203,0.00013825130406685678,0.00013823940844456492,0.00013822751643136866,0.0001382156280263621,0.00013820374322942236,0.00013819186203658062,0.00013817998444817252,0.00013816811046118743,0.00013815624007405014,0.00013814437328435518,0.00013813251008986795,0.00013812065048890562,0.0001381087944817676,0.00013809694206606552,0.0001380850932389809,0.0001380732479989399,0.00013806140634440062,0.00013804956827322487,0.00013803773378377084,0.00013802590287449856,0.00013801407554367252,0.0001380022517894531,0.00013799043160982156,0.00013797861500391544,0.00013796680196741644,0.00013795499249844134,0.00013794318660020517,0.00013793138426806804,0.00013791958550182963,0.0001379077902964047,0.00013789599865124202,0.0001378842105656288,0.00013787242603489807,0.00013786064506125402,0.00013784886764130127,0.00013783709377317334,0.0001378253234557443,0.0001378135566861267,0.0001378017934627052,0.00013779003378349436,0.00013777827764878625,0.000137766525055334,0.0001377547760008807,0.00013774303048499854,0.00013773128850524204,0.00013771955006356855,0.0001377078151507826,0.0001376960837691247,0.00013768435591705598,0.00013767263159145704,0.00013766091079262397,0.00013764919351718586,0.00013763747976358975,0.00013762576953140095,0.00013761406281802608,0.00013760235962161088,0.00013759065994101163,0.0001375789637738762,0.00013756727111884342,0.00013755558197371245,0.00013754389633741985,0.0001375322142075525,0.00013752053558210015,0.00013750886046070244,0.00013749718884104912,0.0001374855207211221,0.000137473856098409,0.00013746219497337046,0.0001374505373425851,0.0001374388832053846,0.00013742723255935065,0.0001374155854025375,0.00013740394173421562,0.00013739230155170227,0.00013738066485380327,0.00013736903163835814,0.0001373574019041507,0.00013734577565035423,0.00013733415287543453,0.00013732253357444312,0.0001373109177478052,0.00013729930539384366,0.00013728769651108634,0.00013727609109752935,0.0001372644891499387,0.00013725289066912302,0.0001372412956523126,0.00013722970409796518,0.00013721811600445432,0.00013720653137055803,0.00013719495019290045,0.00013718337247152945,0.00013717179820505365,0.0001371602273900845,0.00013714866002607407,0.0001371370961109943,0.00013712553564308486,0.00013711397862088394,0.00013710242504040262,0.0001370908749041297,0.00013707932820858156,0.00013706778495176458,0.00013705624513223201,0.0001370447087492691,0.00013703317579778218,0.00013702164628014287,0.000137010120192592,0.00013699859753421448,0.0001369870783023528,0.00013697556249700946,0.00013696405011529646,0.00013695254115568022,0.00013694103561697727,0.0001369295334970864,0.00013691803479508026,0.00013690653950809446,0.000136895047635028,0.00013688355917636336,0.0001368720741259541,0.00013686059248455357,0.0001368491142514901,0.000136837639422957,0.00013682616799750807,0.00013681469997489434,0.0001368032353538033,0.00013679177413154206,0.00013678031630712378,0.00013676886187765838,0.00013675741084267658,0.00013674596320048784,0.00013673451894841265,0.00013672307808626315,0.00013671164061148974,0.0001367002065227648,0.00013668877581841346,0.00013667734849672126,0.00013666592455579727,0.00013665450399426036,0.0001366430868107419,0.00013663167300238712,0.00013662026256929606,0.00013660885550926863,0.00013659745182058344,0.00013658605150140707,0.0001365746545499461,0.00013656326096481925,0.00013655187074472776,0.0001365404838882893,0.00013652910039281107,0.00013651772025803538,0.00013650634348067757,0.00013649497005995714,0.00013648359999425227,0.0001364722332819491,0.00013646086992143266,0.000136449509911089,0.0001364381532493067,0.00013642679993447116,0.00013641544996497316,0.000136404103339203,0.00013639276005555223,0.00013638142011241343,0.00013637008350818024,0.00013635875024124743,0.0001363474203100109,0.00013633609371286928,0.00013632477044821684,0.00013631345051445457,0.00013630213390998248,0.00013629082063320187,0.00013627951068251494,0.00013626820405614152,0.0001362569007528532,0.0001362456007708736,0.0001362343041086148,0.00013622301076446813,0.00013621172073685145,0.0001362004340241743,0.00013618915062484768,0.00013617787053728334,0.00013616659375989337,0.00013615532029109378,0.00013614405012929868,0.00013613278327292416,0.00013612151972038758,0.00013611025947010938,0.00013609900252050435,0.0001360877488699951,0.00013607649851762386,0.0001360652514605716,0.0001360540076978825,0.0001360427672279698,0.00013603153004928254,0.0001360202961602425,0.00013600906555926383,0.000135997838244782,0.00013598661421522718,0.00013597539346903002,0.00013596417600462152,0.00013595296182045415,0.00013594175091492659,0.00013593054328649094,0.00013591933893358348,0.00013590813785464145,0.00013589694004810296,0.00013588574551240743,0.00013587455424599504,0.0001358633662473089,0.00013585218151479085,0.00013584100004688046,0.0001358298218420267,0.0001358186468986742,0.00013580747521526655,0.00013579630679025342,0.00013578514162208342,0.00013577397970920922,0.00013576282105007596,0.00013575166564312605,0.00013574051348683625,0.0001357293645797057,0.00013571821892007673,0.00013570707650645812,0.00013569593733725222,0.0001356848014110295,0.0001356736687261956,0.00013566253928120635,0.00013565141307452622,0.00013564029010461345,0.00013562917036993275,0.00013561805386894988,0.00013560694060012573,0.0001355958305619316,0.00013558472375282493,0.0001355736201712865,0.00013556251981578892,0.00013555142268478654,0.00013554032877675248,0.00013552923809016462,0.0001355181506234977,0.00013550706637522329,0.00013549598534380898,0.00013548490752774488,0.00013547383292550225,0.00013546276153556108,0.00013545169335639888,0.00013544062838649504,0.00013542956662433004,0.00013541850806838735,0.00013540745271715187,0.00013539640056943927,0.0001353853516230691,0.00013537430587686066,0.0001353632633293013,0.00013535222397836078,0.0001353411878235652,0.00013533015486288374,0.00013531912509481286,0.00013530809851784232,0.00013529707513046545,0.00013528605493116943,0.0001352750379184633,0.00013526402409083673,0.00013525301344678674,0.00013524200598481122,0.0001352310017034087,0.00013522000059980915,0.0001352090026750581,0.0001351980079263848,0.00013518701635229237,0.00013517602795128252,0.0001351650427209478,0.00013515406066162694,0.0001351430817709098,0.0001351321060473028,0.000135121133489318,0.000135110164095464,0.00013509919786425145,0.00013508823479418502,0.00013507727488278,0.00013506631813056972,0.00013505536453505508,0.00013504441409448184,0.00013503346680790785,0.00013502252267295526,0.00013501158168825487,0.0001350006438538011,0.00013498970916731747,0.0001349787776269715,0.0001349678492316788,0.00013495692397976058,0.00013494600186964573,0.00013493508290005253,0.000134924167069939,0.0001349132543767761,0.00013490234481962086,0.0001348914383960852,0.00013488053510622648,0.0001348696349482758,0.00013485873792078986,0.00013484784402163495,0.00013483695324928842,0.00013482606560306776,0.00013481518108109417,0.0001348042996818397,0.00013479342140404411,0.00013478254624665025,0.0001347716742076437,0.00013476080528486658,0.0001347499394774959,0.00013473907678443662,0.00013472821720459557,0.00013471736073537312,0.00013470650737583707,0.00013469565712453377,0.00013468480998001016,0.00013467396594081695,0.00013466312500457907,0.00013465228717169433,0.00013464145243979072,0.00013463062080740988,0.00013461979227312663,0.00013460896683547267,0.00013459814449302729,0.00013458732524433464,0.00013457650908797815,0.00013456569602236012,0.00013455488604624795,0.00013454407915738784,0.00013453327535584397,0.00013452247463940226,0.000134511677006633,0.00013450088245602515,0.0001344900909841734,0.00013447930259378267,0.00013446851728132896,0.00013445773504603176,0.00013444695588568498,0.00013443617979846275,0.00013442540678342514,0.0001344146368397062,0.00013440386996482496,0.00013439310615783771,0.00013438234541725684,0.0001343715877418551,0.00013436083313010002,0.00013435008158109598,0.00013433933309239544,0.00013432858766352997,0.00013431784529217567,0.00013430710597736345,0.00013429636971818278,0.00013428563651215951,0.0001342749063584454,0.00013426417925528912,0.00013425345520238328,0.00013424273419758152,0.00013423201623876242,0.00013422130132527448,0.00013421058945608467,0.00013419988062933816,0.0001341891748433208,0.00013417847209664006,0.00013416777238863962,0.0001341570757173971,0.00013414638208101591,0.00013413569147858938,0.00013412500390871718,0.00013411431936999205,0.00013410363786109654,0.0001340929593809075,0.00013408228392721805,0.0001340716114990741,0.00013406094209552724,0.0001340502757142553,0.00013403961235424654,0.00013402895201430955,0.00013401829469303597,0.00013400764038882872,0.00013399698910052492,0.00013398634082692593,0.00013397569556597108,0.0001339650533169554,0.0001339544140778112,0.0001339437778473868,0.00013393314462449525,0.00013392251440755412,0.00013391188719539038,0.00013390126298651553,0.00013389064177985786,0.00013388002357337154,0.00013386940836400456,0.00013385879615473244,0.0001338481869413742,0.00013383758072288762,0.00013382697749822402,0.00013381637726499754,0.00013380578002343332,0.00013379518577132495,0.00013378459450714825,0.00013377400622975214,0.00013376342093823456,0.0001337528386302718,0.00013374225930492585,0.00013373168296082464,0.00013372110959659645,0.00013371053921084754,0.0001336999718021419,0.00013368940736616452,0.00013367884590824184,0.00013366828742282513,0.00013365773190907965,0.0001336471793656284,0.00013363662979105624,0.00013362608318410855,0.00013361553954012434,0.00013360499886426743,0.000133594461151912,0.00013358392640217055,0.00013357339461272897,0.000133562865782712,0.00013355233990881922,0.0001335418169932036,0.0001335312970333264,0.00013352078002735473,0.00013351026597180818,0.00013349975487142316,0.0001334892467192864,0.0001334787415129773,0.0001334682392567911,0.00013345773994710285,0.00013344724358189738,0.0001334367501599389,0.00013342625967934662,0.00013341577213962834,0.0001334052875358296,0.00013339480587327922,0.00013338432714662206,0.00013337385135376174,0.00013336337849513837,0.00013335290856998126,0.00013334244157596243,0.00013333197751160125,0.00013332151637582152,0.00013331105816744249,0.0001333006028845447,0.00013329015052468562,0.00013327970108938916,0.0001332692545756713,0.0001332588109826084,0.00013324837030742774,0.00013323793255122732,0.00013322749771096609,0.00013321706578547967,0.00013320663677501287,0.0001331962106768323,0.00013318578748962165,0.00013317536721197212,0.00013316494984306072,0.00013315453538061668,0.00013314412382472394,0.00013313371517339784,0.00013312330942569692,0.00013311290657958021,0.00013310250663386934,0.0001330921095875348,0.00013308171543908648,0.00013307132418731983,0.00013306093583085566,0.00013305055036842201,0.00013304016779861684,0.00013302978812062362,0.00013301941133217154,0.000133009037432515,0.00013299866642042509,0.00013298829829350327,0.00013297793305265329,0.0001329675706949553,0.00013295721121949053,0.00013294685462426984,0.00013293650090908087,0.00013292615007222568,0.0001329158021124992,0.00013290545702745752,0.00013289511481754532,0.00013288477548098766,0.0001328744390151692,0.00013286410542063919,0.00013285377469574898,0.00013284344683858905,0.00013283312184757842,0.0001328227997219027,0.00013281248046012134,0.00013280216406111895,0.00013279185052326545,0.0001327815398458069,0.0001327712320265086,0.00013276092706518378,0.00013275062496019723,0.00013274032571040223,0.00013273002931376806,0.00013271973576907623,0.00013270944507649837,0.00013269915723266513,0.00013268887223732463,0.00013267859008962889,0.00013266831078817572,0.00013265803433102437,0.00013264776071747077,0.0001326374899458663,0.00013262722201460504,0.00013261695692383285,0.0001326066946706145,0.00013259643525433072,0.0001325861786734989,0.00013257592492738502,0.00013256567401474545,0.00013255542593386836,0.0001325451806832369,0.00013253493826217755,0.00013252469866885204,0.00013251446190230896,0.00013250422796114885,0.00013249399684341415,0.00013248376854951464,0.00013247354307667245,0.00013246332042464798,0.00013245310059134785,0.00013244288357643476,0.00013243266937810113,0.0001324224579952399,0.00013241224942623083,0.00013240204366926024,0.00013239184072463798,0.00013238164058960563,0.00013237144326434192,0.00013236124874622482,0.00013235105703422368,0.00013234086812781968,0.00013233068202587396,0.00013232049872666425,0.00013231031822899961,0.0001323001405314576,0.0001322899656329506,0.0001322797935323495,0.00013226962422846006,0.00013225945771836494,0.0001322492940031502,0.00013223913308059074,0.0001322289749493653,0.00013221881960867355,0.0001322086670567022,0.0001321985172924247,0.00013218837031481778,0.00013217822612217843,0.00013216808471386727,0.00013215794608633207,0.0001321478102413093,0.00013213767717681522,0.00013212754689148599,0.00013211741938310085,0.0001321072946520056,0.0001320971726955939,0.0001320870535137673,0.00013207693710463894,0.0001320668234671175,0.00013205671259936477,0.00013204660450122005,0.00013203649917087112,0.00013202639660706797,0.00013201629680849536,0.0001320061997729799,0.0001319961055020151,0.00013198601399305005,0.0001319759252443237,0.0001319658392541725,0.00013195575602101156,0.00013194567554566426,0.00013193559782579024,0.00013192552286018676,0.00013191545064764474,0.0001319053811872203,0.00013189531447712697,0.00013188525051579614,0.00013187518930345298,0.00013186513083793375,0.00013185507511812104,0.00013184502214265572,0.00013183497191060698,0.00013182492442052958,0.00013181487967133082,0.00013180483766110607,0.00013179479838870835,0.0001317847618547261,0.0001317747280577551,0.00013176469699422536,0.00013175466866496003,0.00013174464306674047,0.0001317346202004842,0.00013172460006427114,0.00013171458265673756,0.00013170456797671195,0.00013169455602296393,0.0001316845467941354,0.00013167454028930556,0.00013166453650775148,0.00013165453544684426,0.00013164453710617547,0.00013163454148467185,0.0001316245485808184,0.00013161455839202723,0.00013160457092080153,0.0001315945861629537,0.00013158460411839086,0.00013157462478586963,0.00013156464816487727,0.000131554674252343,0.00013154470304799782,0.000131534734550459,0.00013152476875963307,0.00013151480567280156,0.00013150484528925223,0.0001314948876084856,0.00013148493262889213,0.00013147498034933407,0.0001314650307678029,0.0001314550838842474,0.00013144513969707785,0.00013143519820563672,0.00013142525940726827,0.0001314153233010667,0.00013140538988626218,0.00013139545916264855,0.0001313855311274051,0.0001313756057806772,0.00013136568312007926,0.00013135576314550127,0.00013134584585358612,0.00013133593124695477,0.0001313260193222018,0.0001313161100777947,0.00013130620351299902,0.0001312962996270078,0.0001312863984180102,0.00013127649988511715,0.00013126660402737057,0.0001312567108432139,0.00013124682033269883,0.00013123693249364108,0.00013122704732383174,0.00013121716482297882,0.00013120728499010185,0.00013119740782402528,0.00013118753332338538,0.00013117766148729388,0.00013116779231525967,0.0001311579258043812,0.00013114806195409844,0.00013113820076343215,0.0001311283422319887,0.00013111848635724351,0.00013110863313946951,0.0001310987825764211,0.00013108893466719525,0.00013107908941075488,0.0001310692468057584,0.00013105940685122783,0.00013104956954582855,0.00013103973488861695,0.0001310299028794179,0.00013102007351469927,0.00013101024679478638,0.00013100042271886137,0.00013099060128447964,0.0001309807824904704,0.00013097096633769032,0.00013096115282329487,0.00013095134194645604,0.00013094153370682776,0.00013093172810181632,0.00013092192513100375,0.00013091212479321519,0.0001309023270872997,0.00013089253201216012,0.0001308827395665513,0.00013087294974980612,0.0001308631625608455,0.00013085337799738331,0.00013084359605902357,0.000130833816744523,0.00013082404005233401,0.00013081426598165953,0.00013080449453141865,0.00013079472570043735,0.00013078495948755297,0.00013077519589160103,0.00013076543491137303,0.00013075567654602122,0.00013074592079422213,0.00013073616765486208,0.00013072641712695983,0.00013071666921083024,0.00013070692390185275,0.00013069718120073686,0.00013068744110631726,0.00013067770361765253,0.0001306679687333078,0.00013065823645228426,0.00013064850677344886,0.0001306387796956685,0.00013062905521778382,0.0001306193333387187,0.00013060961405731504,0.00013059989737244267,0.00013059018328393128,0.0001305804717893976,0.00013057076288734633,0.00013056105657731357,0.0001305513528581729,0.0001305416517287985,0.00013053195318806526,0.00013052225723476994,0.00013051256386871732,0.00013050287308716323,0.0001304931848897565,0.00013048349927537547,0.00013047381624280982,0.00013046413579111788,0.00013045445791909057,0.00013044478262553403,0.00013043510990941952,0.00013042543976961952,0.00013041577220506762,0.00013040610721459206,0.00013039644479700274,0.00013038678495125874,0.00013037712767632168,0.00013036747297098445,0.00013035782083481247,0.00013034817126557002,0.00013033852426243007,0.0001303288798224455,0.0001303192379485369,0.00013030959863748773,0.00013029996188833565,0.00013029032769993487,0.0001302806960711313,0.00013027106700089572,0.0001302614404881443,0.00013025181653150055,0.00013024219513017214,0.00013023257628288503,0.00013022295998864344,0.000130213346246297,0.00013020373505469586,0.00013019412641540013,0.000130184520322083,0.00013017491677684882,0.00013016531577746216,0.00013015571732330372,0.00013014612141337833,0.00013013652804658805,0.00013012693722171562,0.00013011734893839862,0.000130107763194224,0.00013009817998881935,0.00013008859932060046,0.00013007902118756016,0.00013006944559172226,0.00013005987253018457,0.0001300503020021666,0.000130040734005562,0.00013003116854083148,0.00013002160560550245,0.00013001204519930636,0.00013000248732096103,0.0001299929319692134,0.00012998337914315743,0.00012997382884160226,0.00012996428106351238,0.00012995473580781352,0.0001299451930733953,0.0001299356528591182,0.00012992611516403357,0.00012991657998688908,0.0001299070473262699,0.0001298975171820665,0.00012988798955259712,0.00012987846443446194,0.00012986894183133013,0.0001298594217398422,0.00012984990415884764,0.0001298403890874517,0.00012983087652347497,0.00012982136646732994,0.00012981185891642967,0.0001298023538716474,0.0001297928513307419,0.0001297833512929333,0.00012977385375671267,0.00012976435872234842,0.00012975486618682237,0.0001297453761499199,0.00012973588861057647,0.00012972640356692558,0.0001297169210195592,0.00012970744096659672,0.0001296979634069159,0.00012968848833916656,0.00012967901576298201,0.0001296695456768518,0.00012966007807975932,0.00012965061297068962,0.0001296411503461225,0.00012963169020974033,0.00012962223255822862,0.00012961277739045147,0.0001296033247054498,0.00012959387450202928,0.0001295844267783281,0.00012957498153499318,0.00012956553877002498,0.00012955609848240473,0.00012954666067110197,0.0001295372253350671,0.00012952779247311946,0.0001295183620840578,0.00012950893416746638,0.00012949950872189183,0.00012949008574632015,0.00012948066523968028,0.00012947124720060852,0.00012946183162864858,0.00012945241852233236,0.00012944300788055526,0.00012943359970275876,0.0001294241939883489,0.00012941479073492736,0.0001294053899420365,0.0001293959916086361,0.0001293865957331951,0.00012937720231558257,0.00012936781135432712,0.0001293584228487427,0.00012934903679700073,0.00012933965319846533,0.00012933027205201512,0.00012932089335678998,0.00012931151711165103,0.00012930214331607735,0.00012929277196801122,0.00012928340306688591,0.00012927403661169794,0.00012926467260196127,0.0001292553110354969,0.0001292459519115547,0.00012923659523026695,0.00012922724098919097,0.0001292178891876575,0.00012920853982489384,0.00012919919289891067,0.00012918984841043542,0.0001291805063574276,0.00012917116673898267,0.00012916182955396226,0.00012915249480163434,0.00012914316248058925,0.00012913383259016047,0.00012912450512891322,0.00012911518009597065,0.00012910585749033288,0.00012909653731097405,0.00012908721955685643,0.0001290779042270096,0.00012906859132038562,0.00012905928083594868,0.00012904997277271785,0.00012904066712965384,0.00012903136390566574,0.0001290220630997726,0.0001290127647109394,0.00012900346873815976,0.0001289941751803786,0.0001289848840366319,0.00012897559530586643,0.0001289663089870731,0.0001289570250818054,0.00012894774358392173,0.00012893846449495453,0.0001289291878138902,0.0001289199135397096,0.00012891064167137758,0.0001289013722079137,0.00012889210514825712,0.00012888284049145725,0.00012887357823644432,0.00012886431838224387,0.00012885506092780692,0.00012884580587216622,0.00012883655321429443,0.00012882730295318254,0.0001288180550877787,0.00012880880961712159,0.0001287995665402185,0.00012879032585605226,0.00012878108756357053,0.00012877185166177874,0.00012876261814968824,0.0001287533870263097,0.00012874415829061035,0.00012873493194156708,0.00012872570797825152,0.0001287164863995486,0.0001287072672045625,0.00012869805039223388,0.00012868883596158913,0.00012867962391165873,0.00012867041424136224,0.00012866120694974225,0.00012865200203581158,0.00012864279949854478,0.00012863359933693136,0.0001286244015499839,0.00012861520613674797
10,0.0,0.0,0.0,0.0,0.0,0.0,0.0,0.0,0.0,0.0,0.0,0.0,0.0,0.0,0.0,0.0,0.0,0.0,0.0,0.0,0.0,0.0,0.0,0.0,0.0,0.0,0.0,0.0,0.0,0.0,0.0,0.0,0.0,0.0,0.0,0.0,0.0,0.0,0.0,0.0,0.0,0.0,0.0,0.0,0.0,0.0,0.0,0.0,0.0,0.0,0.0,0.0,0.0,0.0,0.0,0.0,0.0,0.0,0.0,0.0,0.0,0.0,0.0,0.0,0.0,0.0,0.0,0.0,0.0,0.0,0.0,0.0,0.0,0.0,0.0,0.0,0.0,0.0,0.0,0.0,0.0,0.0,0.0,0.0,0.0,0.0,0.0,0.0,0.0,0.0,0.0,0.0,0.0,0.0,0.0,0.0,0.0,0.0,0.0,0.0,0.0,0.0,0.0,0.0,0.0,0.0,0.0,0.0,0.0,0.0,0.0,0.0,0.0,0.0,0.0,0.0,0.0,0.0,0.0,0.0,0.0,0.0,0.0,0.0,0.0,0.0,0.0,0.0,0.0,0.0,0.0,0.0,0.0,0.0,0.0,0.0,0.0,0.0,0.0,0.0,0.0,0.0,0.0,0.0,0.0,0.0,0.0,0.0,0.0,0.0,0.0,0.0,0.0,0.0,0.0,0.0,0.0,0.0,0.0,0.0,0.0,0.0,0.0,0.0,0.0,0.0,0.0,0.0,0.0,0.0,0.0,0.0,0.0,0.0,0.0,0.0,0.0,0.0,0.0,0.0,0.0,0.0,0.0,0.0,0.0,0.0,0.0,0.0,0.0,0.0,0.0,0.0,0.0,0.0,0.0,0.0,0.0,0.0,0.0,0.0,0.0,0.0,0.0,0.0,0.0,0.0,0.0,0.0,0.0,0.0,0.0,0.0,0.0,0.0,0.0,0.0,0.0,0.0,0.0,0.0,0.0,0.0,0.0,0.0,0.0,0.0,0.0,0.0,0.0,0.0,0.0,0.0,0.0,0.0,0.0,0.0,0.0,0.0,0.0,0.0,0.0,0.0,0.0,0.0,0.0,0.0,0.0,0.0,0.0,0.0,0.0,0.0,0.0,0.0,0.0,0.0,0.0,0.0,0.0,0.0,0.0,0.0,0.0,0.0,0.0,0.0,0.0,0.0,0.0,0.0,0.0,0.0,0.0,0.0,0.0,0.0,0.0,0.0,0.0,0.0,0.0,0.0,0.0,0.0,0.0,0.0,0.0,0.0,0.0,0.0,0.0,0.0,0.0,0.0,0.0,0.0,0.0,0.0,0.0,0.0,0.0,0.0,0.0,0.0,0.0,0.0,0.0,0.0,0.0,0.0,0.0,0.0,0.0,0.0,0.0,0.0,0.0,0.0,0.0,0.0,0.0,0.0,0.0,0.0,0.0,0.0,0.0,0.0,0.0,0.0,0.0,0.0,0.0,0.0,0.0,0.0,0.0,0.0,0.0,0.0,0.0,0.0,0.0,0.0,0.0,0.0,0.0,0.0,0.0,0.0,0.0,0.0,0.0,0.0,0.0,0.0,0.0,0.0,0.0,0.0,0.0,0.0,0.0,0.0,0.0,0.0,0.0,0.0,0.0,0.0,0.0,0.0,0.0,0.0,0.0,0.0,0.0,0.0,0.0,0.0,0.0,0.0,0.0,0.0,0.0,0.0,0.0,0.0,0.0,0.0,0.0,0.0,0.0,0.0,0.0,0.0,0.0,0.0,0.0,0.0,0.0,0.0,0.0,0.0,0.0,0.0,0.0,0.0,0.0,0.0,0.0,0.0,0.0,0.0,0.0,0.0,0.0,0.0,0.0,0.0,0.0,0.0,0.0,0.0,0.0,0.0,0.0,0.0,0.0,0.0,0.0,0.0,0.0,0.0,0.0,0.0,0.0,0.0,0.0,0.0,0.0,0.0,0.0,0.0,0.0,0.0,0.0,0.0,0.0,0.0,0.0,0.0,0.0,0.0,0.0,0.0,0.0,0.0,0.0,0.0,0.0,0.0,0.0,0.0,0.0,0.0,0.0,0.0,0.0,0.0,0.0,0.0,0.0,0.0,0.0,0.0,0.0,0.0,0.0,0.0,0.0,0.0,0.0,0.0,0.0,0.0,0.0,0.0,0.0,0.0,0.0,0.0,0.0,0.0,0.0,0.0,0.0,0.0,0.0,0.0,0.0,0.0,0.0,0.0,0.0,0.0,0.0,0.0,0.0,0.0,0.0,0.0,0.0,0.0,0.0,0.0,0.0,0.0,0.0,0.0,0.0,0.0,0.0,0.0,0.0,0.0,0.0,0.0,0.0,0.0,0.0,0.0,0.0,0.0,0.0,0.0,0.0,0.0,0.0,0.0,0.0,0.0,0.0,0.0,0.0,0.0,0.0,0.0,0.0,0.0,0.0,0.0,0.0,0.0,0.0,0.0,0.0,0.0,0.0,0.0,0.0,0.0,0.0,0.0,0.0,0.0,0.0,0.0,0.0,0.0,0.0,0.0,0.0,0.0,0.0,0.0,0.0,0.0,0.0,0.0,0.0,0.0,0.0,0.0,0.0,0.0,0.0,0.0,0.0,0.0,0.0,0.0,0.0,0.0,0.0,0.0,0.0,0.0,0.0,0.0,0.0,0.0,0.0,0.0,0.0,0.0,0.0,0.0,0.0,0.0,0.0,0.0,0.0,0.0,0.0,0.0,0.0,0.0,0.0,0.0,0.0,0.0,0.0,0.0,0.0,0.0,0.0,0.0,0.0,0.0,0.0,0.0,0.0,0.0,0.0,0.0,0.0,0.0,0.0,0.0,0.0,0.0,0.0,0.0,0.0,0.0,0.0,0.0,0.0,0.0,0.0,0.0,0.0,0.0,0.0,0.0,0.0,0.0,0.0,0.0,0.0,0.0,0.0,0.0,0.0,0.0,0.0,0.0,0.0,0.0,0.0,0.0,0.0,0.0,0.0,0.0,0.0,0.0,0.0,0.0,0.0,0.0,0.0,0.0,0.0,0.0,0.0,0.0,0.0,0.0,0.0,0.0,0.0,0.0,0.0,0.0,0.0,0.0,0.0,0.0,0.0,0.0,0.0,0.0,0.0,0.0,0.0,0.0,0.0,0.0,0.0,0.0,0.0,0.0,0.0,0.0,0.0,0.0,0.0,0.0,0.0,0.0,0.0,0.0,0.0,0.0,0.0,0.0,0.0,0.0,0.0,0.0,0.0,0.0,0.0,0.0,0.0,0.0,0.0,0.0,0.0,0.0,0.0,0.0,0.0,0.0,0.0,0.0,0.0,0.0,0.0,0.0,0.0,0.0,0.0,0.0,0.0,0.0,0.0,0.0,0.0,0.0,0.0,0.0,0.0,0.0,0.0,0.0,0.0,0.0,0.0,0.0,0.0,0.0,0.0,0.0,0.0,0.0,0.0,0.0,0.0,0.0,0.0,0.0,0.0,0.0,0.0,0.0,0.0,0.0,0.0,0.0,0.0,0.0,0.0,0.0,0.0,0.0,0.0,0.0,0.0,0.0,0.0,0.0,0.0,0.0,0.0,0.0,0.0,0.0,0.0,0.0,0.0,0.0,0.0,0.0,0.0,0.0,0.0,0.0,0.0,0.0,0.0,0.0,0.0,0.0,0.0,0.0,0.0,0.0,0.0,0.0,0.0,0.0,0.0,0.0,0.0,0.0,0.0,0.0,0.0,0.0,0.0,0.0,0.0,0.0,0.0,0.0,0.0,0.0,0.0,0.0,0.0,0.0,0.0,0.0,0.0,0.0,0.0,0.0,0.0,0.0,0.0,0.0,0.0,0.0,0.0,0.0,0.0,0.0,0.0,0.0,0.0,0.0,0.0,0.0,0.0,0.0,0.0,0.0,0.0,0.0,0.0,0.0,0.0,0.0,0.0,0.0,0.0,0.0,0.0,0.0,0.0,0.0,0.0,0.0,0.0,0.0,0.0,0.0,0.0,0.0,0.0,0.0,0.0,0.0,0.0,0.0,0.0,0.0,0.0,0.0,0.0,0.0,0.0,0.0,0.0,0.0,0.0,0.0,0.0,0.0,0.0,0.0,0.0,0.0,0.0,0.0,0.0,0.0,0.0,0.0,0.0,0.0,0.0,0.0,0.0,0.0,0.0,0.0,0.0,0.0,0.0,0.0,0.0,0.0,0.0,0.0,0.0,0.0,0.0,0.0,0.0,0.0,0.0,0.0,0.0,0.0,0.0,0.0,0.0,0.0,0.0,0.0,0.0,0.0,0.0,0.0,0.0,0.0,0.0,0.0,0.0,0.0,0.0,0.0,0.0,0.0,0.0,0.0,0.0,0.0,0.0,0.0,0.0,0.0,0.0,0.0,0.0,0.0,0.0,0.0,0.0,0.0,0.0,0.0,0.0,0.0,0.0,0.0,1.8224716057881597e-32,3.802754805164444e-32,5.957169772606698e-32,8.304043343021291e-32,1.0863983531584037e-31,1.3660199538565665e-31,1.6718874850028393e-31,2.0069602689646426e-31,2.3745894983825183e-31,2.7785778688683692e-31,3.2232495348438836e-31,3.713532470601599e-31,4.255055630445504e-31,4.854263910292693e-31,5.51855457256631e-31,6.25643963799281e-31,7.077739805675087e-31,7.99381679230186e-31,9.01785266372507e-31,1.0165186869618083e-30,1.1453724419168325e-30,1.2904432134574166e-30,1.4541944427757642e-30,1.6395305887321965e-30,1.8498885572216962e-30,2.089350787610038e-30,2.362785796003669e-30,2.676023716258339e-30,3.036076702528331e-30,3.4514171779155765e-30,3.9323311333646185e-30,4.491369432381027e-30,5.143927972908644e-30,5.908998488339504e-30,6.81014702857849e-30,7.876798659309151e-30,9.145937483929281e-30,1.0664374998713214e-29,1.2491803523799404e-29,1.4704945006221187e-29,1.7403244461994859e-29,2.071676639030378e-29,2.4817271265588102e-29,2.993394230797306e-29,3.6376007297778913e-29,4.4565737146278877e-29,5.508731365677488e-29,6.8760390548178e-29,8.675280755089772e-29,1.1075666700011322e-28,1.4326926605984073e-28,1.8805184629182665e-28,2.508981206439491e-28,3.409587789792748e-28,4.7309743731358495e-28,6.722322904160031e-28,9.816632945801523e-28,1.47978596059511e-27,2.315432885691596e-27,3.787253423189313e-27,6.535066538078862e-27,8.688177594801016e-27,8.688177594804375e-27,8.688177594820128e-27,1.733520898503646e-26,3.746454339261392e-26,9.07648743734603e-26,2.579914877168642e-25,9.181922827558901e-25,4.501093899656503e-24,3.456786332989604e-23,4.605187066747726e-22,9.272524169005371e-21,2.691836834555913e-20,2.6918368345582668e-20,2.6918368345614452e-20,2.6918368345649793e-20,2.691836834568828e-20,2.6918368345730574e-20,2.691836834577751e-20,2.691836834583026e-20,2.6918368345890498e-20,2.6918368345960668e-20,2.6918368346195903e-20,2.6918368346431146e-20,2.6918368346852106e-20,9.2559707709879e-19,1.0930449993003373e-17,9.282593574989602e-17,5.824609991827333e-16,2.7444292892688944e-15,1.0203091757724171e-14,3.1862969784871785e-14,8.91019008826898e-14,2.3580637806335935e-13,5.976153590423356e-13,1.3989923380835489e-12,2.9365591541777565e-12,5.507572765117379e-12,9.338837662365002e-12,1.4549771868276822e-11,2.1152043810685277e-11,2.906982259201389e-11,3.815361560922354e-11,4.455648414319828e-11,5.057380926736571e-11,5.627663539951895e-11,6.170332243152232e-11,6.688125912720045e-11,7.183222456860844e-11,7.657438656320123e-11,8.112332918163741e-11,8.549267685709333e-11,8.96945067941746e-11,9.373963658661975e-11,9.763783334513194e-11,1.0139797116248243e-10,1.0502815328857385e-10,1.0853580940359427e-10,1.1192777479706974e-10,1.1521035604325137e-10,1.1838938634946461e-10,1.2147027282933883e-10,1.2445803733396833e-10,1.2735735205101234e-10,1.3017257078672964e-10,1.3290775663626728e-10,1.3556670659573098e-10,1.3815297355771716e-10,1.4066988604812986e-10,1.4312056599818855e-10,1.4550794479602772e-10,1.4783477782336029e-10,1.5010365765162943e-10,1.5231702604697654e-10,1.5447718491281807e-10,1.5658630628183793e-10,1.586464414549992e-10,1.6065952937321016e-10,1.62627404297096e-10,1.645518028616135e-10,1.6643437056473437e-10,1.6827666774291658e-10,1.7008017508041372e-10,1.7184629869451643e-10,1.7357637483446978e-10,1.752716742279736e-10,1.7693340610578404e-10,1.7856272193193377e-10,1.8016071886441652e-10,1.8172844296880887e-10,1.8326689220517824e-10,1.8477701920673324e-10,1.8625973386697418e-10,1.8771590575057646e-10,1.8914636634187204e-10,1.9055191114356485e-10,1.9193330163720113e-10,1.9329126711592096e-10,1.9462650639910657e-10,1.9593968943773043e-10,1.9723145881846045e-10,1.985024311739144e-10,1.9975319850583768e-10,2.0098432942743695e-10,2.0219637033058443e-10,2.033898464831646e-10,2.045652630614059e-10,2.057231061216655e-10,2.0686384351578723e-10,2.07987925753834e-10,2.090957868177056e-10,2.1018784492889138e-10,2.1126450327335747e-10,2.123261506863512e-10,2.1337316229969765e-10,2.1440590015397664e-10,2.1542471377779668e-10,2.1642994073621981e-10,2.1742190715025312e-10,2.184009281891786e-10,2.1936730853737818e-10,2.2032134283718883e-10,2.2126331610922377e-10,2.221935041514927e-10,2.231121739185696e-10,2.2401958388196736e-10,2.2491598437280686e-10,2.2580161790779405e-10,2.26676719499452e-10,2.2754151695149688e-10,2.283962311401843e-10,2.292410762824067e-10,2.300762601912676e-10,2.3090198451981568e-10,2.3171844499357925e-10,2.3252583163250074e-10,2.333243289628377e-10,2.341141162195565e-10,2.348953675397192e-10,2.356682521473313e-10,2.3643293453008983e-10,2.371895746084478e-10,2.3793832789738403e-10,2.3867934566124614e-10,2.3941277506201426e-10,2.40138759301312e-10,2.4085743775647055e-10,2.415689461109422e-10,2.42273416479331e-10,2.429709775273054e-10,2.4366175458663663e-10,2.443458697655927e-10,2.4502344205490934e-10,2.456945874295445e-10,2.4635941894641247e-10,2.470180468382833e-10,2.4767057860402454e-10,2.483171190953505e-10,2.489577706002388e-10,2.495926329231625e-10,2.5022180346228134e-10,2.5084537728372624e-10,2.5146344719310563e-10,2.5207610380435493e-10,2.526834356060444e-10,2.53285529025257e-10,2.5388246848913786e-10,2.544743364842162e-10,2.550612136135951e-10,2.556431786520968e-10,2.5622030859944995e-10,2.56792678731602e-10,2.5736036265023e-10,2.5792343233052896e-10,2.5848195816734394e-10,2.5903600901971547e-10,2.595856522539007e-10,2.601309537849333e-10,2.6067197811677803e-10,2.612087883811374e-10,2.6174144637496246e-10,2.6227001259671915e-10,2.627945462814582e-10,2.6331510543473484e-10,2.6383174686542264e-10,2.643445262174638e-10,2.6485349800059636e-10,2.6535871562009643e-10,2.658602314055736e-10,2.6635809663885365e-10,2.6685236158098336e-10,2.673430754983897e-10,2.6783028668822313e-10,2.6831404250291777e-10,2.6879438937399377e-10,2.6927137283513125e-10,2.697450375445407e-10,2.702154273066565e-10,2.706825850931761e-10,2.711465530634687e-10,2.716073725843762e-10,2.7206508424942577e-10,2.7251972789747707e-10,2.729713426308222e-10,2.7341996683275614e-10,2.7386563818463895e-10,2.743083936824644e-10,2.7474826965295193e-10,2.7518530176917933e-10,2.756195250657717e-10,2.76050973953659e-10,2.764796822344195e-10,2.7690568311422087e-10,2.7732900921737366e-10,2.777496925995074e-10,2.781677647603853e-10,2.7858325665636596e-10,2.789961987125241e-10,2.7940662083444373e-10,2.7981455241969054e-10,2.802200223689767e-10,2.806230590970257e-10,2.8102369054314806e-10,2.81421944181537e-10,2.8181784703129107e-10,2.8221142566617455e-10,2.8260270622412173e-10,2.829917144164948e-10,2.833784755371004e-10,2.8376301447097607e-10,2.841453557029478e-10,2.8452552332597216e-10,2.8490354104926586e-10,2.852794322062264e-10,2.8565321976215736e-10,2.860249263217974e-10,2.8639457413666166e-10,2.867621851122014e-10,2.87127780814786e-10,2.874913824785125e-10,2.878530110118491e-10,2.8821268700411624e-10,2.8857043073180914e-10,2.889262621647687e-10,2.892802009722033e-10,2.8963226652856553e-10,2.899824779192892e-10,2.903308539463899e-10,2.9067741313393264e-10,2.910221737333709e-10,2.9136515372876006e-10,2.917063708418487e-10,2.9204584253705265e-10,2.923835860263121e-10,2.927196182738383e-10,2.9305395600074893e-10,2.933866156895997e-10,2.9371761358881185e-10,2.9404696571699804e-10,2.9437468786719223e-10,2.947007956109828e-10,2.9502530430255417e-10,2.953482290826378e-10,2.9566958488237475e-10,2.9598938642709416e-10,2.96307648240006e-10,2.9662438464581537e-10,2.9693960977425577e-10,2.9725333756354615e-10,2.975655817637738e-10,2.978763559402012e-10,2.9818567347650557e-10,2.984935475779455e-10,2.9879999127446214e-10,2.9910501742371383e-10,2.9940863871404506e-10,2.997108676673949e-10,3.0001171664214265e-10,3.0031119783589533e-10,3.0060932328821383e-10,3.009061048832875e-10,3.0120155435254857e-10,3.0149568327723415e-10,3.0178850309089776e-10,3.0208002508186546e-10,3.023702603956454e-10,3.026592200372855e-10,3.029469148736866e-10,3.032333556358655e-10,3.035185529211751e-10,3.038025171954783e-10,3.0408525879528e-10,3.0436678792981624e-10,3.046471146831006e-10,3.049262490159324e-10,3.052042007678639e-10,3.0548097965912945e-10,3.0575659529253746e-10,3.0603105715532375e-10,3.063043746209715e-10,3.0657655695099476e-10,3.068476132966862e-10,3.0711755270083514e-10,3.073863840994083e-10,3.0765411632320194e-10,3.0792075809946035e-10,3.0818631805346643e-10,3.0845080471009886e-10,3.0871422649536255e-10,3.0897659173789e-10,3.092379086704135e-10,3.094981854312115e-10,3.0975743006552785e-10,3.1001565052696295e-10,3.1027285467884274e-10,3.105290502955594e-10,3.1078424506388965e-10,3.1103844658428765e-10,3.1129166237215586e-10,3.115438998590912e-10,3.1179516639411047e-10,3.1204546924485204e-10,3.1229481559875764e-10,3.125432125642326e-10,3.127906671717845e-10,3.130371863751422e-10,3.1328277705235606e-10,3.1352744600687774e-10,3.1377119996862066e-10,3.140140455950028e-10,3.142559894719713e-10,3.144970381150092e-10,3.147371979701231e-10,3.1497647541481727e-10,3.152148767590467e-10,3.154524082461577e-10,3.156890760538098e-10,3.1592488629488324e-10,3.1615984501837003e-10,3.1639395821025096e-10,3.166272317943571e-10,3.1685967163321777e-10,3.170912835288921e-10,3.173220732237895e-10,3.1755204640147393e-10,3.17781208687457e-10,3.180095656499757e-10,3.182371228007595e-10,3.184638855957826e-10,3.186898594360064e-10,3.189150496681068e-10,3.1913946158519225e-10,3.1936310042750894e-10,3.195859713831339e-10,3.1980807958865873e-10,3.2002943012986014e-10,3.2025002804236193e-10,3.2046987831228475e-10,3.2068898587688526e-10,3.209073556251871e-10,3.211249923985995e-10,3.21341900991527e-10,3.2155808615197124e-10,3.217735525821199e-10,3.21988304938929e-10,3.222023478346953e-10,3.2241568583762007e-10,3.226283234723625e-10,3.2284026522058734e-10,3.230515155215015e-10,3.2326207877238393e-10,3.2347195932910665e-10,3.236811615066477e-10,3.238896895795973e-10,3.2409754778265396e-10,3.2430474031111656e-10,3.245112713213651e-10,3.24717144931338e-10,3.249223652209982e-10,3.25126936232796e-10,3.2533086197212236e-10,3.255341464077569e-10,3.2573679347230814e-10,3.259388070626481e-10,3.261401910403404e-10,3.26340949232061e-10,3.265410854300142e-10,3.2674060339234093e-10,3.269395068435227e-10,3.2713779947477887e-10,3.273354849444575e-10,3.2753256687842135e-10,3.277290488704285e-10,3.2792493448250676e-10,3.281202272453229e-10,3.283149306585467e-10,3.285090481912097e-10,3.287025832820591e-10,3.288955393399058e-10,3.2908791974396866e-10,3.2927972784421265e-10,3.294709669616836e-10,3.296616403888364e-10,3.298517513898606e-10,3.30041303201e-10,3.302302990308687e-10,3.3041874206076116e-10,3.306066354449605e-10,3.307939823110405e-10,3.309807857601629e-10,3.31167048867374e-10,3.3135277468189255e-10,3.3153796622739805e-10,3.317226265023106e-10,3.3190675848007215e-10,3.320903651094191e-10,3.322734493146543e-10,3.3245601399591326e-10,3.326380620294293e-10,3.3281959626779227e-10,3.330006195402058e-10,3.3318113465274e-10,3.3336114438858165e-10,3.3354065150828063e-10,3.337196587499926e-10,3.3389816882971937e-10,3.3407618444154505e-10,3.3425370825787e-10,3.344307429296415e-10,3.346072910865809e-10,3.3478335533740833e-10,3.349589382700642e-10,3.351340424519274e-10,3.353086704300321e-10,3.354828247312795e-10,3.3565650786264954e-10,3.3582972231140677e-10,3.3600247054530674e-10,3.3617475501279703e-10,3.3634657814321775e-10,3.365179423469982e-10,3.3668885001585095e-10,3.368593035229651e-10,3.3702930522319476e-10,3.371988574532465e-10,3.373679625318652e-10,3.3753662276001523e-10,3.377048404210614e-10,3.3787261778094664e-10,3.380399570883684e-10,3.38206860574951e-10,3.383733304554179e-10,3.3853936892776086e-10,3.387049781734067e-10,3.3887016035738305e-10,3.3903491762848054e-10,3.3919925211941436e-10,3.3936316594698355e-10,3.3952666121222727e-10,3.3968974000058045e-10,3.3985240438202787e-10,3.4001465641125393e-10,3.4017649812779355e-10,3.4033793155617925e-10,3.404989587060877e-10,3.4065958157248366e-10,3.4081980213576205e-10,3.4097962236188945e-10,3.411390442025427e-10,3.4129806959524635e-10,3.414567004635088e-10,3.416149387169564e-10,3.4177278625146574e-10,3.4193024494929464e-10,3.420873166792121e-10,3.422440032966256e-10,3.4240030664370806e-10,3.4255622854952273e-10,3.4271177083014624e-10,3.428669352887911e-10,3.4302172371592613e-10,3.4317613788939564e-10,3.4333017957453776e-10,3.434838505242999e-10,3.436371524793549e-10,3.437900871682144e-10,3.4394265630734086e-10,3.4409486160125994e-10,3.442467047426689e-10,3.443981874125471e-10,3.4454931128026134e-10,3.4470007800367425e-10,3.4485048922924723e-10,3.45000546592146e-10,3.451502517163419e-10,3.452996062147145e-10,3.4544861168915083e-10,3.4559726973064576e-10,3.4574558191939923e-10,3.458935498249135e-10,3.460411750060891e-10,3.4618845901132006e-10,3.4633540337858695e-10,3.4648200963555036e-10,3.466282792996422e-10,3.4677421387815676e-10,3.4691981486834e-10,3.4706508375747887e-10,3.472100220229887e-10,3.473546311325e-10,3.4749891254394444e-10,3.4764286770563943e-10,3.4778649805637306e-10,3.479298050254864e-10,3.4807279003295574e-10,3.4821545448947357e-10,3.483577997965304e-10,3.4849982734649295e-10,3.4864153852268317e-10,3.4878293469945634e-10,3.48924017242278e-10,3.4906478750780037e-10,3.4920524684393726e-10,3.4934539658993885e-10,3.4948523807646623e-10,3.4962477262566315e-10,3.497640015512294e-10,3.499029261584915e-10,3.50041547744474e-10,3.5017986759796916e-10,3.5031788699960617e-10,3.504556072219204e-10,3.505930295294199e-10,3.507301551786537e-10,3.508669854182782e-10,3.510035214891218e-10,3.5113976462425117e-10,3.5127571604903525e-10,3.5141137698120846e-10,3.5154674863093465e-10,3.516818322008684e-10,3.518166288862185e-10,3.5195113987480675e-10,3.5208536634713104e-10,3.522193094764231e-10,3.523529704287091e-10,3.52486350362868e-10,3.526194504306895e-10,3.5275227177693143e-10,3.5288481553937725e-10,3.5301708284889224e-10,3.5314907482947835e-10,3.5328079259833116e-10,3.5341223726589306e-10,3.5354340993590776e-10,3.5367431170547504e-10,3.538049436651018e-10,3.539353068987561e-10,3.54065402483919e-10,3.54195231491635e-10,3.54324794986565e-10,3.544540940270344e-10,3.545831296650854e-10,3.547119029465246e-10,3.548404149109735e-10,3.5496866659191593e-10,3.5509665901674695e-10,3.552243932068195e-10,3.553518701774929e-10,3.554790909381782e-10,3.556060564923852e-10,3.5573276783776813e-10,3.558592259661704e-10,3.5598543186367027e-10,3.56111386510625e-10,3.5623709088171494e-10,3.563625459459871e-10,3.564877526668982e-10,3.5661271200235797e-10,3.5673742490477063e-10,3.5686189232107835e-10,3.5698611519280095e-10,3.57110094456079e-10,3.572338310417128e-10,3.5735732587520446e-10,3.574805798767969e-10,3.5760359396151375e-10,3.577263690391984e-10,3.5784890601455387e-10,3.579712057871804e-10,3.5809326925161355e-10,3.5821509729736294e-10,3.5833669080894905e-10,3.5845805066594044e-10,3.5857917774299126e-10,3.587000729098762e-10,3.58820737031528e-10,3.589411709680727e-10,3.590613755748653e-10,3.5918135170252455e-10,3.593011001969681e-10,3.5942062189944683e-10,3.595399176465787e-10,3.596589882703836e-10,3.59777834598316e-10,3.598964574532982e-10,3.60014857653754e-10,3.60133036013641e-10,3.6025099334248195e-10,3.603687304453993e-10,3.6048624812314395e-10,3.6060354717212934e-10,3.607206283844605e-10,3.6083749254796713e-10,3.6095414044623237e-10,3.6107057285862435e-10,3.6118679056032547e-10,3.6130279432236364e-10,3.614185849116397e-10,3.6153416309095885e-10,3.616495296190585e-10,3.6176468525063726e-10,3.618796307363838e-10,3.6199436682300475e-10,3.621088942532535e-10,3.622232137659565e-10,3.6233732609604263e-10,3.6245123197456943e-10,3.6256493212875e-10,3.6267842728198074e-10,3.6279171815386735e-10,3.6290480546025106e-10,3.6301768991323527e-10,3.631303722212114e-10,3.632428530888842e-10,3.6335513321729753e-10,3.634672133038597e-10,3.6357909404236804e-10,3.636907761230343e-10,3.6380226023250916e-10,3.6391354705390643e-10,3.640246372668268e-10,3.6413553154738334e-10,3.642462305682232e-10,3.6435673499855316e-10,3.6446704550416183e-10,3.6457716274744293e-10,3.646870873874189e-10,3.647968200797631e-10,3.6490636147682237e-10,3.6501571222763995e-10,3.6512487297797786e-10,3.652338443703376e-10,3.653426270439838e-10,3.6545122163496453e-10,3.6555962877613343e-10,3.6566784909717054e-10,3.6577588322460465e-10,3.6588373178183224e-10,3.6599139538914077e-10,3.660988746637267e-10,3.6620617021971775e-10,3.663132826681926e-10,3.664202126172012e-10,3.665269606717838e-10,3.6663352743399233e-10,3.667399135029086e-10,3.668461194746646e-10,3.6695214594246105e-10,3.6705799349658764e-10,3.6716366272444096e-10,3.672691542105441e-10,3.673744685365642e-10,3.6747960628133276e-10,3.675845680208626e-10,3.676893543283662e-10,3.677939657742743e-10,3.6789840292625404e-10,3.6800266634922567e-10,3.681067566053815e-10,3.6821067425420235e-10,3.683144198524755e-10,3.6841799395431194e-10,3.6852139711116323e-10,3.6862462987183825e-10,3.6872769278252063e-10,3.6883058638678523e-10,3.689333112256139e-10,3.690358678374137e-10,3.691382567580311e-10,3.6924047852076953e-10,3.693425336564051e-10,3.6944442269320284e-10,3.6954614615693066e-10,3.6964770457087806e-10,3.697490984558696e-10,3.698503283302803e-10,3.699513947100519e-10,3.700522981087075e-10,3.701530390373667e-10,3.7025361800476027e-10,3.703540355172457e-10,3.7045429207882123e-10,3.705543881911413e-10,3.706543243535292e-10,3.707541010629937e-10,3.7085371881424227e-10,3.7095317809969487e-10,3.7105247940949883e-10,3.7115162323154183e-10,3.7125061005146714e-10,3.713494403526857e-10,3.714481146163911e-10,3.715466333215723e-10,3.716449969450272e-10,3.7174320596137615e-10,3.718412608430754e-10,3.719391620604293e-10,3.720369100816045e-10,3.72134505372642e-10,3.7223194839747e-10,3.7232923961791775e-10,3.724263794937263e-10,3.725233684825628e-10,3.7262020704003143e-10,3.727168956196875e-10,3.7281343467304805e-10,3.7290982464960475e-10,3.7300606599683606e-10,3.7310215916021893e-10,3.731981045832413e-10,3.732939027074127e-10,3.733895539722773e-10,3.734850588154244e-10,3.735804176725015e-10,3.7367563097722365e-10,3.737706991613869e-10,3.738656226548781e-10,3.739604018856868e-10,3.7405503727991673e-10,3.7414952926179587e-10,3.7424387825368804e-10,3.7433808467610375e-10,3.7443214894771095e-10,3.7452607148534606e-10,3.746198527040237e-10,3.7471349301694827e-10,3.7480699283552406e-10,3.749003525693657e-10,3.749935726263083e-10,3.7508665341241803e-10,3.7517959533200227e-10,3.752723987876198e-10,3.753650641800902e-10,3.754575919085048e-10,3.7554998237023613e-10,3.756422359609474e-10,3.7573435307460324e-10,3.758263341034781e-10,3.759181794381673e-10,3.7600988946759513e-10,3.7610146457902575e-10,3.7619290515807177e-10,3.7628421158870336e-10,3.7637538425325853e-10,3.764664235324516e-10,3.7655732980538253e-10,3.76648103449546e-10,3.767387448408407e-10,3.7682925435357776e-10,3.7691963236049055e-10,3.770098792327425e-10,3.770999953399365e-10,3.771899810501233e-10,3.772798367298108e-10,3.773695627439721e-10,3.774591594560538e-10,3.7754862722798516e-10,3.776379664201858e-10,3.7772717739157507e-10,3.778162604995793e-10,3.779052161001407e-10,3.7799404454772533e-10,3.78082746195331e-10,3.7817132139449616e-10,3.7825977049530666e-10,3.783480938464054e-10,3.784362917949982e-10,3.7852436468686355e-10,3.7861231286635924e-10,3.7870013667643054e-10,3.78787836458618e-10,3.78875412553065e-10,3.7896286529852514e-10,3.790501950323698e-10,3.7913740209059596e-10,3.7922448680783366e-10,3.7931144951735294e-10,3.793982905510716e-10,3.7948501023956236e-10,3.795716089120596e-10,3.7965808689646806e-10,3.797444445193678e-10,3.798306821060236e-10,3.7991679998038996e-10,3.8000279846511974e-10,3.8008867788156976e-10,3.801744385498089e-10,3.8026008078862447e-10,3.803456049155285e-10,3.8043101124676524e-10,3.8051630009731827e-10,3.806014717809157e-10,3.806865266100377e-10,3.807714648959243e-10,3.808562869485792e-10,3.8094099307677883e-10,3.8102558358807746e-10,3.811100587888138e-10,3.8119441898411834e-10,3.812786644779177e-10,3.813627955729434e-10,3.814468125707361e-10,3.815307157716527e-10,3.8161450547487265e-10,3.8169818197840364e-10,3.817817455790879e-10,3.8186519657260843e-10,3.8194853525349456e-10,3.82031761915129e-10,3.8211487684975146e-10,3.821978803484677e-10,3.822807727012534e-10,3.8236355419695934e-10,3.8244622512332e-10,3.825287857669558e-10,3.8261123641338175e-10,3.8269357734701146e-10,3.827758088511636e-10,3.8285793120806626e-10,3.8293994469886473e-10,3.830218496036251e-10,3.831036462013399e-10,3.831853347699351e-10,3.83266915586274e-10,3.8334838892616275e-10,3.8342975506435675e-10,3.83511014274565e-10,3.8359216682945576e-10,3.836732130006616e-10,3.837541530587852e-10,3.8383498727340395e-10,3.8391571591307525e-10,3.839963392453415e-10,3.8407685753673576e-10,3.8415727105278625e-10,3.84237580058022e-10,3.843177848159764e-10,3.843978855891943e-10,3.8447788263923557e-10,3.8455777622667946e-10,3.846375666111319e-10,3.847172540512272e-10,3.847968388046357e-10,3.8487632112806613e-10,3.8495570127727254e-10,3.8503497950705745e-10,3.8511415607127694e-10,3.8519323122284623e-10,3.8527220521374285e-10,3.8535107829501265e-10,3.854298507167732e-10,3.8550852272821906e-10,3.8558709457762617e-10,3.856655665123565e-10,3.857439387788621e-10,3.8582221162268976e-10,3.8590038528848564e-10,3.8597846001999943e-10,3.8605643606008825e-10,3.861343136507226e-10,3.862120930329884e-10,3.8628977444709345e-10,3.863673581323699e-10,3.864448443272801e-10,3.8652223326941905e-10,3.8659952519552016e-10,3.866767203414589e-10,3.8675381894225617e-10,3.8683082123208374e-10,3.8690772744426707e-10,3.8698453781129003e-10,3.870612525647996e-10,3.871378719356083e-10,3.872143961536993e-10,3.8729082544822975e-10,3.8736716004753615e-10,3.874434001791359e-10,3.875195460697331e-10,3.8759559794522166e-10,3.876715560306895e-10,3.8774742055042166e-10,3.878231917279057e-10,3.878988697858329e-10,3.879744549461044e-10,3.8804994742983424e-10,3.8812534745735237e-10,3.882006552482087e-10,3.8827587102117756e-10,3.8835099499426003e-10,3.8842602738468865e-10,3.885009684089306e-10,3.885758182826911e-10,3.886505772209174e-10,3.8872524543780186e-10,3.8879982314678584e-10,3.888743105605629e-10,3.889487078910828e-10,3.890230153495544e-10,3.8909723314644926e-10,3.89171361491505e-10,3.892454005937291e-10,3.893193506614019e-10,3.893932119020798e-10,3.8946698452259954e-10,3.895406687290801e-10,3.89614264726927e-10,3.896877727208356e-10,3.8976119291479323e-10,3.898345255120847e-10,3.8990777071529285e-10,3.8998092872630366e-10,3.900539997463088e-10,3.901269839758089e-10,3.9019988161461607e-10,3.902726928618587e-10,3.903454179159821e-10,3.904180569747542e-10,3.9049061023526655e-10,3.9056307765875933e-10,3.906354596645673e-10,3.907077564564375e-10,3.907799682301327e-10,3.908520951793148e-10,3.9092413749814795e-10,3.909960953770578e-10,3.910679690088723e-10,3.9113975858637555e-10,3.9121146429679525e-10,3.912830863339433e-10,3.913546248848707e-10,3.9142608013624717e-10,3.9149745228008764e-10,3.9156874149873143e-10,3.916399479827725e-10,3.9171107191895034e-10,3.9178211348907316e-10,3.9185307288010576e-10,3.919239502775315e-10,3.919947458622004e-10,3.920654598165713e-10,3.9213609232672486e-10,3.9220664357059254e-10,3.922771137321547e-10,3.9234750299249453e-10,3.924178115302787e-10,3.9248803952497045e-10,3.9255818715523554e-10,3.926282545983724e-10,3.926982420338393e-10,3.9276814963456366e-10,3.92837977582256e-10,3.9290772605172126e-10,3.929773952137361e-10,3.9304698524968226e-10,3.9311649632959387e-10,3.9318592862881313e-10,3.932552823203868e-10,3.933245575707936e-10,3.933937545592271e-10,3.934628734561627e-10,3.935319144310706e-10,3.936008776536166e-10,3.936697632928078e-10,3.937385715193142e-10,3.9380730250095233e-10,3.9387595640556894e-10,3.939445334009827e-10,3.940130336538288e-10,3.940814573305069e-10,3.9414980459679685e-10,3.9421807561754137e-10,3.9428627055843e-10,3.9435438958415113e-10,3.944224328562941e-10,3.9449040053923167e-10,3.9455829279561664e-10,3.946261097867739e-10,3.946938516747205e-10,3.947615186187421e-10,3.948291107848468e-10,3.948966283301099e-10,3.9496407141397425e-10,3.95031440196193e-10,3.950987348336634e-10,3.951659554845553e-10,3.9523310230782713e-10,3.9530017545934774e-10,3.953671750964828e-10,3.954341013750588e-10,3.955009544506505e-10,3.955677344784648e-10,3.956344416120297e-10,3.9570107600662594e-10,3.957676378155327e-10,3.958341271920173e-10,3.959005442877946e-10,3.9596688925642323e-10,3.960331622508468e-10,3.9609936341859354e-10,3.961654929122967e-10,3.9623155088216006e-10,3.9629753747755074e-10,3.963634528470917e-10,3.9642929714114353e-10,3.964950705116771e-10,3.965607731033229e-10,3.966264050583889e-10,3.966919665280983e-10,3.967574576584695e-10,3.968228785974514e-10,3.9688822948893647e-10,3.9695351047971474e-10,3.970187217126293e-10,3.9708386333306836e-10,3.971489354850469e-10,3.972139383135111e-10,3.9727887195925827e-10,3.9734373656507947e-10,3.974085322736059e-10,3.9747325922639646e-10,3.9753791756404987e-10,3.976025074286476e-10,3.976670289599379e-10,3.9773148229802697e-10,3.9779586758226286e-10,3.97860184951635e-10,3.9792443454503145e-10,3.9798861650079403e-10,3.980527309565397e-10,3.9811677804981763e-10,3.9818075791798427e-10,3.982446706969909e-10,3.983085165231925e-10,3.983722955324598e-10,3.984360078602584e-10,3.9849965364136177e-10,3.9856323301034195e-10,3.9862674610104354e-10,3.9869019304781807e-10,3.9875357398408603e-10,3.988168890422413e-10,3.988801383561804e-10,3.9894332205566596e-10,3.9900644027371413e-10,3.990694931414503e-10,3.9913248079024305e-10,3.991954033501755e-10,3.992582609519091e-10,3.9932105372506504e-10,3.993837817988186e-10,3.9944644530208645e-10,3.995090443641726e-10,3.995715791132771e-10,3.9963404967687233e-10,3.996964561824217e-10,3.9975879875716785e-10,3.998210775278597e-10,3.998832926210851e-10,3.999454441625503e-10,4.0000753227815126e-10,4.0006955709286283e-10,4.001315187316759e-10,4.001934173184974e-10,4.002552529787449e-10,4.0031702583572927e-10,4.003787360130268e-10,4.00440383633308e-10,4.0050196881880165e-10,4.005634916924748e-10,4.0062495237708375e-10,4.006863509934615e-10,4.007476876629608e-10,4.008089625320009e-10,4.008701756958825e-10,4.0093132727468696e-10,4.009924173875011e-10,4.0105344615550935e-10,4.011144136970507e-10,4.011753201303213e-10,4.012361655747254e-10,4.0129695014830196e-10,4.01357673968644e-10,4.014183371531725e-10,4.014789398193912e-10,4.015394820839347e-10,4.015999640631808e-10,4.016603858732421e-10,4.0172074762981365e-10,4.0178104944845e-10,4.0184129144432997e-10,4.019014737324845e-10,4.0196159642728805e-10,4.0202165964301085e-10,4.020816634935349e-10,4.0214160809257626e-10,4.022014935526632e-10,4.0226131998465027e-10,4.023210875056745e-10,4.023807962256561e-10,4.024404462566718e-10,4.0250003771008373e-10,4.02559570697384e-10,4.026190453295804e-10,4.0267846171421365e-10,4.0273781996743204e-10,4.0279712019643217e-10,4.028563625110717e-10,4.029155470205902e-10,4.029746738342247e-10,4.030337430608622e-10,4.030927548108856e-10,4.031517091882303e-10,4.0321060630292196e-10,4.0326944626212107e-10,4.033282291740417e-10,4.0338695514546676e-10,4.0344562428282127e-10,4.03504236693396e-10,4.0356279248161584e-10,4.0362129175333355e-10,4.036797346155368e-10,4.0373812117269617e-10,4.0379645153234e-10,4.038547257931895e-10,4.0391294406357265e-10,4.039711064467352e-10,4.040292130467913e-10,4.040872639677479e-10,4.0414525931106083e-10,4.042031991822026e-10,4.0426108368077455e-10,4.04318912910294e-10,4.0437668697341246e-10,4.044344059712035e-10,4.044920700078046e-10,4.045496791793421e-10,4.0460723359015295e-10,4.0466473334060096e-10,4.047221785301079e-10,4.0477956925918327e-10,4.048369056288216e-10,4.0489418773752504e-10,4.049514156830904e-10,4.0500858956913455e-10,4.0506570949044547e-10,4.051227755467245e-10,4.051797878369536e-10,4.052367464574696e-10,4.052936515067678e-10,4.0535050308210986e-10,4.05407301280839e-10,4.054640461998155e-10,4.0552073793558844e-10,4.055773765847012e-10,4.056339622429242e-10,4.056904950104092e-10,4.057469749750191e-10,4.0580340223587006e-10,4.0585977688792897e-10,4.0591609902623484e-10,4.059723687451537e-10,4.0602858613993295e-10,4.060847513032789e-10,4.061408643305371e-10,4.0619692531301973e-10,4.062529343456483e-10,4.0630889152114946e-10,4.0636479693242883e-10,4.064206506721253e-10,4.0647645283157033e-10,4.065322035046514e-10,4.0658790278214676e-10,4.066435507558531e-10,4.066991475173041e-10,4.0675469315748155e-10,4.068101877664447e-10,4.0686563143622717e-10,4.0692102425686434e-10,4.069763663181388e-10,4.070316577102372e-10,4.070868985227829e-10,4.0714208884487263e-10,4.071972287662658e-10,4.0725231837541553e-10,4.073073577595656e-10,4.073623470106567e-10,4.074172862128669e-10,4.07472175459104e-10,4.0752701483460594e-10,4.07581804426627e-10,4.076365443235729e-10,4.076912346121097e-10,4.077458753788748e-10,4.0780046671069205e-10,4.0785500869418666e-10,4.079095014164673e-10,4.079639449611816e-10,4.0801833941572154e-10,4.0807268486565577e-10,4.08126981397069e-10,4.0818122909240883e-10,4.082354280397417e-10,4.082895783205946e-10,4.083436800210785e-10,4.083977332250563e-10,4.084517380169602e-10,4.0850569448039825e-10,4.085596026982117e-10,4.0861346275560756e-10,4.086672747347743e-10,4.0872103871619366e-10,4.0877475478746697e-10,4.08828423028688e-10,4.0888204352217876e-10,4.0893561634992086e-10,4.0898914159399746e-10,4.090426193366459e-10,4.090960496587325e-10,4.0914943264116466e-10,4.0920276836534085e-10,4.0925605690712864e-10,4.093092983567619e-10,4.0936249278947797e-10,4.0941564028632524e-10,4.094687409272485e-10,4.095217947920642e-10,4.095748019601268e-10,4.0962776251229125e-10,4.096806765254264e-10,4.097335440795428e-10,4.0978636525531884e-10,4.0983914012799317e-10,4.098918687774931e-10,4.0994455128194713e-10,4.099971877198821e-10,4.10049778168825e-10,4.101023227070996e-10,4.101548214108259e-10,4.1020727435816966e-10,4.1025968162527203e-10,4.1031204329007396e-10,4.1036435942906355e-10,4.104166301175428e-10,4.1046885543480945e-10,4.105210354535645e-10,4.105731702513755e-10,4.106252599036688e-10,4.106773044858195e-10,4.1072930407355734e-10,4.107812587417966e-10,4.108331685654723e-10,4.1088503362012095e-10,4.109368539792242e-10,4.109886297175373e-10,4.1104036090944735e-10,4.110920476294873e-10,4.111436899503154e-10,4.1119528794645945e-10,4.1124684169117556e-10,4.11298351259853e-10,4.1134981672170085e-10,4.114012381516169e-10,4.114526156222674e-10,4.115039492064208e-10,4.1155523897652655e-10,4.116064850065447e-10,4.1165768736493556e-10,4.117088461254301e-10,4.1175996135963973e-10,4.11811033139261e-10,4.1186206153554825e-10,4.119130466200378e-10,4.119639884634333e-10,4.1201488713612543e-10,4.120657427109615e-10,4.1211655525521627e-10,4.1216732484081763e-10,4.122180515379958e-10,4.1226873541603686e-10,4.123193765454822e-10,4.123699749967473e-10,4.1242053083779907e-10,4.1247104413850796e-10,4.1252151496775843e-10,4.1257194339479826e-10,4.126223294883734e-10,4.126726733156849e-10,4.127229749479881e-10,4.1277323445257037e-10,4.128234518973626e-10,4.128736273504766e-10,4.1292376088064053e-10,4.1297385255405994e-10,4.1302390243788846e-10,4.130739106000815e-10,4.131238771076562e-10,4.131738020285083e-10,4.1322368542877483e-10,4.132735273752634e-10,4.1332332793447363e-10,4.133730871728981e-10,4.1342280515640366e-10,4.134724819515844e-10,4.135221176235435e-10,4.135717122398578e-10,4.1362126586582583e-10,4.136707785650258e-10,4.13720250402587e-10,4.1376968144670976e-10,4.1381907176024703e-10,4.138684214062447e-10,4.139177304510174e-10,4.1396699896086593e-10,4.1401622699826825e-10,4.140654146255993e-10,4.141145619111105e-10,4.141636689152966e-10,4.1421273570445714e-10,4.1426176233947616e-10,4.143107488852118e-10,4.1435969540508605e-10,4.144086019621802e-10,4.144574686191781e-10,4.145062954390421e-10,4.1455508248526515e-10,4.146038298216483e-10,4.1465253750701774e-10,4.147012056055234e-10,4.1474983417942084e-10,4.1479842329026934e-10,4.148469730001329e-10,4.1489548337273983e-10,4.1494395446584265e-10,4.149923863426224e-10,4.150407790640776e-10,4.150891326932772e-10,4.151374472889208e-10,4.151857229122498e-10,4.152339596232243e-10,4.1528215748524685e-10,4.1533031655511626e-10,4.1537843689554556e-10,4.154265185652221e-10,4.1547456162551507e-10,4.1552256613513786e-10,4.155705321536754e-10,4.156184597418442e-10,4.156663489585336e-10,4.157141998627599e-10,4.157620125140916e-10,4.158097869720545e-10,4.158575232945919e-10,4.1590522154095215e-10,4.159528817697706e-10,4.1600050403954197e-10,4.1604808840865075e-10,4.1609563493531405e-10,4.1614314367765994e-10,4.1619061469406646e-10,4.1623804804152267e-10,4.162854437781576e-10,4.163328019619544e-10,4.1638012264952607e-10,4.1642740589859587e-10,4.1647465176637155e-10,4.165218603098874e-10,4.1656903158608725e-10,4.16616165651747e-10,4.1666326256353186e-10,4.167103223779774e-10,4.167573451514984e-10,4.168043309403633e-10,4.1685127980073713e-10,4.1689819178865765e-10,4.169450669600168e-10,4.169919053705993e-10,4.170387070760501e-10,4.170854721318846e-10,4.1713220059352315e-10,4.1717889251671e-10,4.172255479561292e-10,4.172721669667832e-10,4.1731874960359853e-10,4.1736529592085433e-10,4.174118059743023e-10,4.174582798177688e-10,4.1750471750578456e-10,4.1755111909261807e-10,4.1759748463249286e-10,4.176438141794264e-10,4.176901077891599e-10,4.1773636551347737e-10,4.1778258740470427e-10,4.178287735180708e-10,4.178749239075564e-10,4.179210386253201e-10,4.1796711772502274e-10,4.180131612604314e-10,4.180591692839396e-10,4.1810514184829835e-10,4.1815107900552945e-10,4.1819698081027113e-10,4.182428473135027e-10,4.182886785697133e-10,4.1833447462786775e-10,4.1838023554167945e-10,4.184259613648453e-10,4.1847165214612564e-10,4.1851730793859434e-10,4.185629287943215e-10,4.1860851476545466e-10,4.186540659029615e-10,4.186995822581349e-10,4.1874506388255997e-10,4.18790510828628e-10,4.188359231440673e-10,4.188813008816864e-10,4.1892664409229006e-10,4.1897195282766394e-10,4.1901722713531646e-10,4.190624670682485e-10,4.1910767267607246e-10,4.191528440090005e-10,4.191979811172718e-10,4.1924308405193633e-10,4.1928815286142705e-10,4.193331875970494e-10,4.1937818830695666e-10,4.1942315504204717e-10,4.194680878503025e-10,4.195129867818384e-10,4.195578518862444e-10,4.196026832126728e-10,4.1964748081149405e-10,4.196922447298025e-10,4.197369750159242e-10,4.197816717192728e-10,4.198263348888491e-10,4.198709645731566e-10,4.199155608221091e-10,4.1996012368116355e-10,4.200046532002668e-10,4.20049149426985e-10,4.200936124095524e-10,4.2013804219604915e-10,4.201824388342216e-10,4.2022680237182276e-10,4.2027113285640433e-10,4.2031543033462383e-10,4.203596948554614e-10,4.204039264656042e-10,4.204481252115902e-10,4.204922911402806e-10,4.205364243012541e-10,4.205805247392394e-10,4.2062459250206886e-10,4.206686276353958e-10,4.2071263018645537e-10,4.207566002019881e-10,4.2080053773088513e-10,4.2084444281341765e-10,4.208883154998492e-10,4.2093215583511317e-10,4.209759638653012e-10,4.210197396370911e-10,4.2106348319619997e-10,4.2110719458612325e-10,4.211508738557183e-10,4.2119452104445996e-10,4.2123813620648883e-10,4.2128171938426513e-10,4.213252706217523e-10,4.2136878996442276e-10,4.214122774576036e-10,4.2145573314575263e-10,4.2149915707372836e-10,4.2154254928657493e-10,4.2158590982863513e-10,4.216292387438532e-10,4.2167253607881565e-10,4.217158018766131e-10,4.217590361819211e-10,4.2180223903917754e-10,4.218454104935409e-10,4.218885505855249e-10,4.219316593612556e-10,4.219747368643447e-10,4.2201778313855407e-10,4.2206079822769495e-10,4.2210378217534564e-10,4.2214673502488327e-10,4.2218965681836646e-10,4.2223254760242877e-10,4.2227540741796403e-10,4.223182363087285e-10,4.22361034317477e-10,4.224038014872965e-10,4.2244653786080776e-10,4.2248924348100084e-10,4.2253191839043103e-10,4.225745626317477e-10,4.2261717624616617e-10,4.226597592789557e-10,4.2270231177093326e-10,4.2274483376424325e-10,4.227873253013206e-10,4.2282978642409353e-10,4.22872217174004e-10,4.229146175941633e-10,4.2295698772562e-10,4.22999327610323e-10,4.230416372899439e-10,4.230839168059179e-10,4.231261661995501e-10,4.231683855116963e-10,4.232105747842028e-10,4.232527340591868e-10,4.2329486337702475e-10,4.233369627789588e-10,4.233790323054279e-10,4.2342107199690926e-10,4.2346308189612143e-10,4.235050620424889e-10,4.2354701247652873e-10,4.2358893323811036e-10,4.236308243700667e-10,4.236726859097223e-10,4.2371451790105107e-10,4.237563203815245e-10,4.237980933917361e-10,4.238398369727821e-10,4.238815511642019e-10,4.239232360055402e-10,4.239648915366065e-10,4.2400651779714257e-10,4.240481148269826e-10,4.2408968266333536e-10,4.241312213505619e-10,4.2417273092558373e-10,4.2421421142750246e-10,4.24255662895624e-10,4.2429708536924103e-10,4.243384788875298e-10,4.243798434890892e-10,4.2442117921403687e-10,4.244624861002862e-10,4.245037641863303e-10,4.2454501351249333e-10,4.245862341167422e-10,4.2462742603597213e-10,4.2466858931419243e-10,4.2470972398119554e-10,4.2475083008050363e-10,4.2479190764900553e-10,4.2483295672600975e-10,4.248739773492732e-10,4.249149695557462e-10,4.2495593338412587e-10,4.249968688727279e-10,4.250377760584668e-10,4.2507865497990163e-10,4.2511950567438556e-10,4.2516032817976505e-10,4.2520112253328955e-10,4.2524188877335677e-10,4.252826269361885e-10,4.2532333705894064e-10,4.2536401917942276e-10,4.254046733345724e-10,4.2544529956101883e-10,4.2548589789652197e-10,4.2552646837905834e-10,4.2556701104256126e-10,4.256075259263188e-10,4.2564801306503964e-10,4.25688472496183e-10,4.257289042562625e-10,4.257693083809398e-10,4.258096849097906e-10,4.2585003387572603e-10,4.2589035531655907e-10,4.259306492682726e-10,4.259709157668826e-10,4.260111548479674e-10,4.260513665487522e-10,4.2609155090393646e-10,4.2613170795035064e-10,4.261718377232847e-10,4.262119402584008e-10,4.2625201559142135e-10,4.2629206375803497e-10,4.2633208479363767e-10,4.2637207873371445e-10,4.264120456135154e-10,4.2645198546845333e-10,4.2649189833358254e-10,4.265317842442401e-10,4.2657164323525074e-10,4.2661147534205774e-10,4.266512805994037e-10,4.2669105904253774e-10,4.2673081070756375e-10,4.2677053562559667e-10,4.2681023383485775e-10,4.2684990536666256e-10,4.26889550259908e-10,4.2692916854355757e-10,4.2696876025708125e-10,4.2700832543282804e-10,4.270478641050804e-10,4.2708737630634185e-10,4.27126862071962e-10,4.2716632143695415e-10,4.272057544356985e-10,4.272451611012279e-10,4.272845414677327e-10,4.273238955669641e-10,4.273632234353735e-10,4.2740252510581824e-10,4.274418006119686e-10,4.27481049987491e-10,4.2752027326590567e-10,4.2755947048109723e-10,4.2759864166445e-10,4.276377868530442e-10,4.2767690607600516e-10,4.2771599936893834e-10,4.277550667654596e-10,4.277941082965061e-10,4.2783312399705966e-10,4.278721138969942e-10,4.279110780336102e-10,4.279500164364276e-10,4.2798892913929735e-10,4.28027816175347e-10,4.280666775767178e-10,4.2810551337548636e-10,4.281443236047588e-10,4.281831082963941e-10,4.2822186748361737e-10,4.282606011983956e-10,4.2829930947295214e-10,4.283379923395192e-10,4.283766498303261e-10,4.284152819769296e-10,4.2845388881226207e-10,4.2849247036784446e-10,4.285310266755487e-10,4.2856955776709997e-10,4.286080636745479e-10,4.2864654442942677e-10,4.286850000635604e-10,4.2872343060717866e-10,4.2876183609490794e-10,4.288002165559348e-10,4.288385720221205e-10,4.2887690252485836e-10,4.289152080954661e-10,4.289534887665916e-10,4.289917445666493e-10,4.2902997552828454e-10,4.290681816824684e-10,4.2910636306052866e-10,4.2914451969368003e-10,4.2918265161138085e-10,4.292207588453429e-10,4.292588414264518e-10,4.29296899385352e-10,4.293349327527813e-10,4.2937294155927656e-10,4.294109258355658e-10,4.2944888561235234e-10,4.294868209193431e-10,4.2952473178748453e-10,4.2956261824901214e-10,4.2960048033017536e-10,4.296383180632081e-10,4.296761314783072e-10,4.297139206055734e-10,4.297516854747693e-10,4.2978942611653986e-10,4.2982714256046343e-10,4.2986483483641545e-10,4.299025029744159e-10,4.2994014700361186e-10,4.2997776695494896e-10,4.300153628566077e-10,4.300529347395408e-10,4.300904826327751e-10,4.301280065658109e-10,4.3016550656727747e-10,4.302029826695435e-10,4.3024043490010484e-10,4.302778632865638e-10,4.303152678596454e-10,4.303526486477697e-10,4.303900056816628e-10,4.304273389896998e-10,4.3046464860217986e-10,4.305019345446961e-10,4.3053919684839906e-10,4.3057643554192517e-10,4.3061365065514426e-10,4.3065084221472954e-10,4.306880102504515e-10,4.307251547912824e-10,4.3076227586471054e-10,4.3079937350062973e-10,4.30836447727034e-10,4.3087349857234014e-10,4.3091052606505736e-10,4.309475302334496e-10,4.309845111056181e-10,4.310214687104004e-10,4.3105840307578355e-10,4.310953142289564e-10,4.311322021995395e-10,4.311690670150392e-10,4.3120590870312616e-10,4.3124272729176525e-10,4.3127952280933244e-10,4.313162952833943e-10,4.313530447424288e-10,4.313897712136456e-10,4.3142647472381064e-10,4.3146315530155125e-10,4.314998129740411e-10,4.315364477678013e-10,4.3157305971301183e-10,4.316096488357403e-10,4.3164621515987995e-10,4.3168275871807193e-10,4.3171927953825763e-10,4.317557776445938e-10,4.31792253064288e-10,4.318287058255469e-10,4.3186513595588063e-10,4.3190154348080405e-10,4.3193792842819206e-10,4.319742908253877e-10,4.3201063069864244e-10,4.3204694807681927e-10,4.320832429832973e-10,4.3211951544630123e-10,4.3215576549313136e-10,4.321919931505033e-10,4.322281984447351e-10,4.322643814020664e-10,4.3230054204944923e-10,4.323366804131487e-10,4.323727965215191e-10,4.324088903989379e-10,4.3244496207168943e-10,4.324810115654832e-10,4.325170389079787e-10,4.325530441241822e-10,4.325890272413749e-10,4.326249882858564e-10,4.3266092728289216e-10,4.326968442587256e-10,4.327327392397657e-10,4.3276861225155555e-10,4.32804463319961e-10,4.328402924714336e-10,4.3287609973094385e-10,4.3291188512497844e-10,4.329476486788614e-10,4.3298339041823197e-10,4.3301911036892657e-10,4.3305480855640625e-10,4.3309048500620446e-10,4.3312613974384347e-10,4.33161772794583e-10,4.3319738418412963e-10,4.332329739376807e-10,4.332685420803072e-10,4.3330408863577254e-10,4.33339613633592e-10,4.333751170959698e-10,4.334105990483875e-10,4.334460595160909e-10,4.3348149852411804e-10,4.335169160977084e-10,4.3355231226169664e-10,4.3358768704044635e-10,4.336230404607273e-10,4.3365837254489127e-10,4.336936833187331e-10,4.3372897280706587e-10,4.3376424103425884e-10,4.337994880255029e-10,4.3383471380544155e-10,4.3386991839846344e-10,4.339051018273299e-10,4.3394026411726536e-10,4.339754052963933e-10,4.340105253867494e-10,4.3404562441270297e-10,4.3408070239798985e-10,4.3411575936729413e-10,4.3415079534465356e-10,4.341858103547469e-10,4.342208044214565e-10,4.342557775687893e-10,4.342907298210934e-10,4.343256612012881e-10,4.3436057173514967e-10,4.3439546144585475e-10,4.3443033035881326e-10,4.3446517849491653e-10,4.3450000588064985e-10,4.3453481253752777e-10,4.345695984902886e-10,4.346043637629363e-10,4.346391083788017e-10,4.346738323616701e-10,4.3470853573517045e-10,4.347432185245641e-10,4.3477788074975686e-10,4.3481252243618523e-10,4.3484714360692497e-10,4.3488174428614176e-10,4.3491632449791316e-10,4.3495088426188047e-10,4.349854236060693e-10,4.350199425515112e-10,4.350544411199826e-10,4.3508891933533736e-10,4.351233772219457e-10,4.3515781480180826e-10,4.351922321003836e-10,4.352266291370106e-10,4.3526100593580477e-10,4.352953625223857e-10,4.3532969891591264e-10,4.3536401514112744e-10,4.353983112198389e-10,4.3543258717465804e-10,4.354668430307212e-10,4.355010788105752e-10,4.3553529453379564e-10,4.3556949022495454e-10,4.3560366590611475e-10,4.35637821600091e-10,4.3567195732951956e-10,4.3570607311680063e-10,4.3574016898420817e-10,4.3577424495689875e-10,4.358083010516809e-10,4.358423372961471e-10,4.358763537118999e-10,4.359103503154095e-10,4.3594432713294604e-10,4.3597828418930286e-10,4.3601222150141764e-10,4.3604613909392324e-10,4.360800369911001e-10,4.3611391521083275e-10,4.3614777378005827e-10,4.3618161271439424e-10,4.3621543203904853e-10,4.362492317756391e-10,4.3628301194665267e-10,4.363167725755333e-10,4.3635051367960387e-10,4.3638423528333127e-10,4.364179374085956e-10,4.3645162007609954e-10,4.364852833079391e-10,4.3651892712552447e-10,4.365525515512561e-10,4.3658615660552595e-10,4.3661974231028797e-10,4.3665330868699067e-10,4.3668685575748394e-10,4.367203835427249e-10,4.3675389206445827e-10,4.367873813431346e-10,4.3682085139970283e-10,4.3685430225666707e-10,4.368877339369343e-10,4.369211464568145e-10,4.369545398407558e-10,4.3698791410851046e-10,4.370212692819942e-10,4.370546053828169e-10,4.3708792243028567e-10,4.3712122044825227e-10,4.371544994538412e-10,4.371877594680542e-10,4.372210005157197e-10,4.372542226152679e-10,4.372874257905431e-10,4.3732061005599664e-10,4.373537754350012e-10,4.373869219499633e-10,4.374200496208965e-10,4.3745315847015793e-10,4.37486248513523e-10,4.3751931977478987e-10,4.375523722736686e-10,4.375854060310264e-10,4.376184210667657e-10,4.3765141740245203e-10,4.376843950578362e-10,4.377173540529464e-10,4.3775029440811534e-10,4.3778321614480066e-10,4.378161192820453e-10,4.3784900384120703e-10,4.378818698411306e-10,4.379147173024373e-10,4.379475462453361e-10,4.3798035668987535e-10,4.3801314865620564e-10,4.3804592216419433e-10,4.3807867723438817e-10,4.3811141388613575e-10,4.381441321402702e-10,4.381768320152977e-10,4.382095135317865e-10,4.382421767095753e-10,4.382748215685868e-10,4.3830744812837216e-10,4.3834005640876344e-10,4.383726464294006e-10,4.384052182101598e-10,4.3843777177047834e-10,4.3847030713015303e-10,4.3850282430864436e-10,4.3853532332559136e-10,4.38567804200349e-10,4.3860026695135356e-10,4.386327116004666e-10,4.386651381659719e-10,4.386975466671866e-10,4.3872993712119287e-10,4.3876230955182144e-10,4.3879466397610166e-10,4.388270004100121e-10,4.3885931887978874e-10,4.3889161940018166e-10,4.3892390199193495e-10,4.3895616667189847e-10,4.38988413462638e-10,4.3902064238096537e-10,4.390528534465871e-10,4.3908504667659396e-10,4.3911722209328017e-10,4.3914937971445116e-10,4.3918151955791774e-10,4.3921364164333616e-10,4.392457459903039e-10,4.3927783261814705e-10,4.3930990154324804e-10,4.39341952785251e-10,4.393739863627998e-10,4.3940600229538913e-10,4.394380006021117e-10,4.394699813005531e-10,4.3950194441130317e-10,4.3953388995050967e-10,4.395658179368917e-10,4.395977283895951e-10,4.396296213278183e-10,4.39661496770138e-10,4.396933547339833e-10,4.397251952382972e-10,4.3975701830429825e-10,4.3978882394475124e-10,4.398206121835137e-10,4.398523830335907e-10,4.398841365159173e-10,4.399158726501588e-10,4.399475914518009e-10,4.399792929403943e-10,4.4001097713405853e-10,4.4004264405188373e-10,4.4007429370978107e-10,4.401059261270312e-10,4.401375413225883e-10,4.4016913931357884e-10,4.4020072011819185e-10,4.4023228375469813e-10,4.402638302405525e-10,4.4029535959278336e-10,4.403268718318723e-10,4.403583669745471e-10,4.4038984503810247e-10,4.40421306040687e-10,4.4045274999998414e-10,4.4048417693356456e-10,4.405155868599266e-10,4.4054697979518453e-10,4.405783557591753e-10,4.406097147683613e-10,4.406410568421145e-10,4.4067238199494234e-10,4.407036902457414e-10,4.4073498161220303e-10,4.4076625611184627e-10,4.407975137617091e-10,4.4082875458026116e-10,4.4085997858592423e-10,4.408911857928351e-10,4.409223762203965e-10,4.4095354988551283e-10,4.409847068060203e-10,4.4101584699881535e-10,4.4104697048114427e-10,4.410780772703522e-10,4.411091673836171e-10,4.4114024083770227e-10,4.411712976507657e-10,4.412023378395731e-10,4.4123336142363053e-10,4.412643684148586e-10,4.41295358833419e-10,4.41326332695768e-10,4.4135729002064337e-10,4.41388230821904e-10,4.4141915511809665e-10,4.414500629253674e-10,4.4148095426227657e-10,4.415118291426845e-10,4.415426875872152e-10,4.4157352961144645e-10,4.4160435523184675e-10,4.416351644653889e-10,4.416659573285006e-10,4.4169673383807797e-10,4.417274940108059e-10,4.4175823786277504e-10,4.417889654113635e-10,4.4181967667358054e-10,4.418503716654461e-10,4.4188105040380244e-10,4.41911712904672e-10,4.419423591852086e-10,4.41972989261183e-10,4.4200360314979245e-10,4.4203420086704324e-10,4.420647824299617e-10,4.4209534785457594e-10,4.4212589715719746e-10,4.4215643035429156e-10,4.4218694746251683e-10,4.4221744849742907e-10,4.4224793347554294e-10,4.422784024169842e-10,4.4230885532874697e-10,4.423392922343744e-10,4.423697131483352e-10,4.424001180863293e-10,4.4243050706526864e-10,4.424608801033391e-10,4.4249123721107845e-10,4.425215784089414e-10,4.4255190371116905e-10,4.425822131341252e-10,4.426125066938987e-10,4.426427844062121e-10,4.4267304628752906e-10,4.427032923538544e-10,4.4273352262033033e-10,4.4276373710345223e-10,4.4279393582024324e-10,4.42824118783599e-10,4.428542860111148e-10,4.428844375182971e-10,4.4291457332055663e-10,4.4294469343415025e-10,4.4297479787694216e-10,4.4300488666031307e-10,4.430349598020234e-10,4.4306501731909615e-10,4.4309505922413335e-10,4.431250855343151e-10,4.4315509626481966e-10,4.431850914315528e-10,4.4321507105005296e-10,4.432450351358083e-10,4.4327498370430815e-10,4.433049167710032e-10,4.433348343513187e-10,4.433647364606539e-10,4.4339462311441706e-10,4.4342449432884976e-10,4.4345435011789034e-10,4.4348419049701727e-10,4.4351401548188146e-10,4.4354382508776234e-10,4.435736193302677e-10,4.4360339822452686e-10,4.4363316178486e-10,4.4366291002707934e-10,4.4369264296635e-10,4.437223606177934e-10,4.4375206299718324e-10,4.437817501187883e-10,4.438114219974003e-10,4.4384107864853494e-10,4.4387072008720726e-10,4.439003463291068e-10,4.439299573880472e-10,4.4395955328070015e-10,4.4398913401991775e-10,4.440186996209977e-10,4.4404825010019747e-10,4.4407778547169984e-10,4.4410730574995205e-10,4.441368109500354e-10,4.441663010866203e-10,4.441957761743676e-10,4.442252362284456e-10,4.4425468126381804e-10,4.4428411129438137e-10,4.4431352633495937e-10,4.4434292639994807e-10,4.4437231150452505e-10,4.4440168166444107e-10,4.4443103689276656e-10,4.444603772051542e-10,4.444897026157075e-10,4.445190131389421e-10,4.4454830879014206e-10,4.4457758958229876e-10,4.446068555306378e-10,4.4463610664969463e-10,4.44665342953818e-10,4.446945644575604e-10,4.447237711744336e-10,4.447529631205281e-10,4.4478214030868365e-10,4.4481130275458644e-10,4.448404504718467e-10,4.448695834748173e-10,4.4489870177773556e-10,4.449278053949117e-10,4.449568943405512e-10,4.449859686286601e-10,4.45015028273986e-10,4.450440732919711e-10,4.4507310369350836e-10,4.45102119494482e-10,4.4513112070904264e-10,4.451601073513239e-10,4.4518907943507703e-10,4.452180369760516e-10,4.4524697998584387e-10,4.4527590847889666e-10,4.4530482247138284e-10,4.453337219729845e-10,4.453626070014138e-10,4.453914775695886e-10,4.4542033369345043e-10,4.45449175382707e-10,4.454780026534307e-10,4.455068155213988e-10,4.455356139962688e-10,4.455643980939796e-10,4.455931678283207e-10,4.45621923213154e-10,4.456506642621937e-10,4.4567939098912384e-10,4.457081034068201e-10,4.457368015306945e-10,4.4576548537375835e-10,4.457941549525307e-10,4.4582281027485565e-10,4.458514513571918e-10,4.4588007821311323e-10,4.459086908560985e-10,4.459372892976525e-10,4.459658735559829e-10,4.4599444363874736e-10,4.460229995629793e-10,4.460515413454121e-10,4.4608006899343816e-10,4.461085825256596e-10,4.4613708195298893e-10,4.461655672894633e-10,4.4619403854796265e-10,4.4622249574139964e-10,4.462509388826506e-10,4.4627936798679275e-10,4.463077830642821e-10,4.4633618413244165e-10,4.463645712025049e-10,4.463929442878928e-10,4.464213034026885e-10,4.464496485588916e-10,4.464779797700634e-10,4.4650629704859445e-10,4.465346004055725e-10,4.4656288985981145e-10,4.4659116542170875e-10,4.466194271045563e-10,4.466476749208697e-10,4.4667590888417624e-10,4.467041290058558e-10,4.4673233530198335e-10,4.4676052778350275e-10,4.4678870646426373e-10,4.4681687135712993e-10,4.468450224749451e-10,4.4687315983076494e-10,4.4690128343729056e-10,4.4692939330745045e-10,4.469574894539769e-10,4.469855718902484e-10,4.470136406284218e-10,4.4704169568179834e-10,4.470697370634222e-10,4.470977647861553e-10,4.471257788620976e-10,4.471537793043918e-10,4.4718176612542193e-10,4.472097393390144e-10,4.4723769895613683e-10,4.4726564499101106e-10,4.47293577455892e-10,4.473214963642514e-10,4.47349401727268e-10,4.4737729355885746e-10,4.4740517187098514e-10,4.4743303667555907e-10,4.474608879865322e-10,4.4748872581586455e-10,4.475165501758571e-10,4.47544361079316e-10,4.4757215853840447e-10,4.475999425670266e-10,4.4762771317553285e-10,4.4765547037732936e-10,4.4768321418492657e-10,4.4771094461059653e-10,4.477386616669572e-10,4.477663653659797e-10,4.47794055720573e-10,4.4782173274259276e-10,4.478493964447898e-10,4.4787704683929764e-10,4.479046839383042e-10,4.4793230775437217e-10,4.479599182998226e-10,4.4798751558654603e-10,4.480150996269605e-10,4.480426704330482e-10,4.4807022801746203e-10,4.480977723915938e-10,4.481253035687573e-10,4.481528215606539e-10,4.481803263791532e-10,4.4820781803648127e-10,4.4823529654726695e-10,4.482627619186812e-10,4.4829021416556536e-10,4.48317653300344e-10,4.4834507933299124e-10,4.4837249227725826e-10,4.483998921447593e-10,4.4842727894755035e-10,4.484546526974591e-10,4.484820134070273e-10,4.4850936108720916e-10,4.485366957504522e-10,4.4856401740807377e-10,4.485913260737327e-10,4.486186217574486e-10,4.486459044717096e-10,4.486731742274307e-10,4.4870043103825246e-10,4.487276749152162e-10,4.487549058699345e-10,4.4878212391432605e-10,4.4880932905993093e-10,4.488365213187462e-10,4.488637007023985e-10,4.488908672226025e-10,4.489180208895824e-10,4.489451617179867e-10,4.4897228971976e-10,4.4899940490332754e-10,4.490265072816741e-10,4.4905359686661676e-10,4.490806736696359e-10,4.491077377023626e-10,4.4913478897690876e-10,4.491618275038106e-10,4.491888532956644e-10,4.4921586636512063e-10,4.4924286671991884e-10,4.492698543738452e-10,4.492968293392327e-10,4.4932379162518474e-10,4.493507412443127e-10,4.493776782095653e-10,4.4940460252960407e-10,4.494315142197206e-10,4.4945841328747685e-10,4.4948529974618047e-10,4.495121736048716e-10,4.4953903487606247e-10,4.4956588357324667e-10,4.4959271970630044e-10,4.496195432862275e-10,4.4964635432446536e-10,4.496731528313083e-10,4.496999388184286e-10,4.4972671229698645e-10,4.497534732797385e-10,4.4978022177704893e-10,4.498069577987568e-10,4.4983368135939383e-10,4.498603924672436e-10,4.4988709113673476e-10,4.499137773739577e-10,4.4994045119621405e-10,4.499671126079706e-10,4.4999376162313915e-10,4.50020398252452e-10,4.500470225076604e-10,4.500736343996627e-10,4.5010023394010803e-10,4.501268211385992e-10,4.5015339600573057e-10,4.501799585546222e-10,4.5020650879426897e-10,4.502330467381797e-10,4.5025957239552426e-10,4.5028608577848313e-10,4.503125868960627e-10,4.5033907575988847e-10,4.5036555238116414e-10,4.5039201677051006e-10,4.5041846893903844e-10,4.504449088964892e-10,4.5047133665529464e-10,4.5049775222627463e-10,4.505241556194883e-10,4.505505468451476e-10,4.505769259151402e-10,4.506032928399117e-10,4.506296476299137e-10,4.5065599029596067e-10,4.506823208491969e-10,4.507086392996012e-10,4.5073494565827825e-10,4.50761239936179e-10,4.5078752214341363e-10,4.5081379229070134e-10,4.508400503888512e-10,4.5086629644814226e-10,4.5089253047836954e-10,4.5091875249251754e-10,4.50944962499879e-10,4.509711605110043e-10,4.509973465369707e-10,4.5102352058636587e-10,4.5104968267206467e-10,4.5107583280450013e-10,4.511019709924656e-10,4.51128097247755e-10,4.511542115802766e-10,4.5118031400058523e-10,4.5120640451873587e-10,4.512324831457581e-10,4.5125854989183435e-10,4.5128460476736327e-10,4.513106477825121e-10,4.513366789482419e-10,4.5136269827472687e-10,4.513887057716565e-10,4.5141470144983895e-10,4.5144068532012644e-10,4.514666573922485e-10,4.5149261767626147e-10,4.515185661829895e-10,4.5154450292187123e-10,4.515704279038093e-10,4.515963411388199e-10,4.5162224263724126e-10,4.5164813240927735e-10,4.5167401046543073e-10,4.5169987681569615e-10,4.517257314702553e-10,4.5175157443919843e-10,4.517774057321542e-10,4.518032253601649e-10,4.518290333322906e-10,4.5185482965962056e-10,4.51880614351576e-10,4.5190638741853044e-10,4.5193214887052336e-10,4.5195789871764776e-10,4.519836369698884e-10,4.5200936363782987e-10,4.520350787309802e-10,4.5206078225897633e-10,4.5208647423220785e-10,4.5211215466069386e-10,4.521378235542814e-10,4.5216348092320595e-10,4.521891267769885e-10,4.5221476112591657e-10,4.522403839795076e-10,4.52265995347878e-10,4.522915952418206e-10,4.5231718367113137e-10,4.5234276064325576e-10,4.523683261696702e-10,4.523938802614461e-10,4.524194229259925e-10,4.524449541731228e-10,4.5247047401477116e-10,4.524959824597135e-10,4.5252147951767743e-10,4.525469651985525e-10,4.525724395114384e-10,4.525979024673841e-10,4.526233540754098e-10,4.5264879434515993e-10,4.5267422328641104e-10,4.526996409089532e-10,4.527250472222702e-10,4.527504422362014e-10,4.5277582596084475e-10,4.5280119840469673e-10,4.528265595784211e-10,4.5285190949079984e-10,4.5287724815215714e-10,4.5290257557151563e-10,4.5292789175868666e-10,4.529531967235497e-10,4.5297849047481337e-10,4.5300377302145827e-10,4.5302904437493737e-10,4.5305430454432693e-10,4.5307955353814287e-10,4.531047913659905e-10,4.531300180384869e-10,4.531552335652415e-10,4.531804379543936e-10,4.532056312159428e-10,4.532308133593232e-10,4.5325598439408725e-10,4.532811443292213e-10,4.5330629317522556e-10,4.53331430940057e-10,4.5335655763395564e-10,4.5338167326594603e-10,4.5340677784546144e-10,4.5343187138197366e-10,4.534569538847819e-10,4.5348202536301834e-10,4.5350708582606987e-10,4.5353213528321287e-10,4.5355717374434863e-10,4.535822012171585e-10,4.536072177122995e-10,4.5363222323867e-10,4.5365721780562775e-10,4.536822014223535e-10,4.537071740980205e-10,4.53732135841623e-10,4.537570866626019e-10,4.537820265694511e-10,4.5380695557196845e-10,4.538318736804138e-10,4.5385678090309036e-10,4.538816772469495e-10,4.539065627230178e-10,4.5393143734215615e-10,4.539563011115709e-10,4.539811540403453e-10,4.540059961372115e-10,4.540308274116722e-10,4.5405564787287366e-10,4.5408045753062385e-10,4.5410525639202235e-10,4.5413004446734393e-10,4.54154821765409e-10,4.541795882953274e-10,4.5420434406598696e-10,4.5422908908624565e-10,4.542538233651541e-10,4.542785469117904e-10,4.543032597349633e-10,4.543279618437271e-10,4.5435265324696003e-10,4.5437733395341635e-10,4.5440200397289877e-10,4.544266633126251e-10,4.5445131198237847e-10,4.5447594999119287e-10,4.5450057734758217e-10,4.545251940609257e-10,4.5454980013935443e-10,4.5457439559120645e-10,4.545989804285557e-10,4.5462355465586267e-10,4.5464811828378555e-10,4.5467267132184263e-10,4.54697213777388e-10,4.54721745659063e-10,4.5474626697722565e-10,4.5477077773955194e-10,4.547952779551262e-10,4.5481976763224455e-10,4.548442467803239e-10,4.5486871540720335e-10,4.5489317352310344e-10,4.549176211349444e-10,4.5494205825164666e-10,4.549664848821575e-10,4.549909010351086e-10,4.550153067197771e-10,4.550397019443638e-10,4.55064086717248e-10,4.5508846104736905e-10,4.5511282494231466e-10,4.551371784132558e-10,4.5516152146517515e-10,4.551858541104461e-10,4.552101763538077e-10,4.5523448820551607e-10,4.552587896736449e-10,4.5528308076757467e-10,4.553073614961467e-10,4.553316318660184e-10,4.5535589188709026e-10,4.5538014156742706e-10,4.554043809158856e-10,4.554286099404634e-10,4.554528286498753e-10,4.554770370525468e-10,4.555012351570129e-10,4.555254229706654e-10,4.555496005037756e-10,4.5557376776273654e-10,4.5559792475667786e-10,4.5562207149027547e-10,4.55646207979721e-10,4.5567033422931694e-10,4.556944502477323e-10,4.557185560427115e-10,4.557426516229389e-10,4.557667369965334e-10,4.557908121720629e-10,4.5581487715770694e-10,4.558389319618497e-10,4.5586297659243614e-10,4.558870110580035e-10,4.5591103536673837e-10,4.559350495264658e-10,4.559590535453067e-10,4.559830474329181e-10,4.560070311974461e-10,4.560310048453859e-10,4.5605496838357385e-10,4.560789218240545e-10,4.561028651738646e-10,4.561267984401539e-10,4.5615072163162056e-10,4.561746347570379e-10,4.5619853782356435e-10,4.562224308405199e-10,4.562463138138335e-10,4.562701867532112e-10,4.5629404966724724e-10,4.563179025633984e-10,4.563417454484573e-10,4.5636557833128265e-10,4.5638940121777807e-10,4.5641321412291184e-10,4.564370170484597e-10,4.5646081000347487e-10,4.5648459299738323e-10,4.5650836603713427e-10,4.5653212913289867e-10,4.5655588228857334e-10,4.565796255152035e-10,4.5660335882012884e-10,4.5662708221115746e-10,4.566507956961868e-10,4.5667449928311976e-10,4.566981929815958e-10,4.5672187679647135e-10,4.5674555073701646e-10,4.567692148113352e-10,4.567928690271854e-10,4.568165133925409e-10,4.5684014791338277e-10,4.568637726004424e-10,4.5688738746241395e-10,4.569109925022355e-10,4.5693458773250647e-10,4.5695817315932775e-10,4.5698174878913383e-10,4.5700531463333697e-10,4.570288706966494e-10,4.570524169876127e-10,4.5707595351422305e-10,4.570994802842162e-10,4.571229973054437e-10,4.571465045870453e-10,4.571700021334092e-10,4.571934899546469e-10,4.5721696805730837e-10,4.572404364506815e-10,4.572638951405485e-10,4.57287344136686e-10,4.573107834437356e-10,4.5733421307210687e-10,4.5735763302639196e-10,4.5738104331864283e-10,4.57404443953316e-10,4.574278349400484e-10,4.5745121628607523e-10,4.574745879987142e-10,4.574979500850422e-10,4.5752130255362183e-10,4.575446454110179e-10,4.575679786657826e-10,4.575913023244296e-10,4.576146163952246e-10,4.576379208855238e-10,4.5766121580290383e-10,4.576845011549217e-10,4.577077769493643e-10,4.577310431941489e-10,4.5775429989600005e-10,4.577775470621819e-10,4.5780078469924017e-10,4.5782401281729037e-10,4.578472314223444e-10,4.578704405224208e-10,4.578936401222789e-10,4.579168302337563e-10,4.579400108625335e-10,4.579631820159223e-10,4.5798634370257697e-10,4.580094959275214e-10,4.5803263869744054e-10,4.580557720244122e-10,4.580788959119762e-10,4.581020103685515e-10,4.5812511540114724e-10,4.58148211016163e-10,4.58171297223348e-10,4.581943740300804e-10,4.5821744144220673e-10,4.58240499467518e-10,4.5826354811328935e-10,4.5828658738702427e-10,4.583096172963738e-10,4.583326378474819e-10,4.583556490497013e-10,4.5837865090835025e-10,4.584016434308787e-10,4.584246266248662e-10,4.584476004983996e-10,4.5847056505746285e-10,4.5849352030985803e-10,4.5851646626257525e-10,4.585394029233455e-10,4.585623302992033e-10,4.585852483971489e-10,4.5860815722439256e-10,4.5863105678875765e-10,4.586539470967491e-10,4.586768281555194e-10,4.5869969997223096e-10,4.5872256255452747e-10,4.587454159093231e-10,4.5876826004229727e-10,4.587910949642128e-10,4.588139206779575e-10,4.588367371942981e-10,4.588595445191559e-10,4.588823426594674e-10,4.589051316216097e-10,4.589279114130199e-10,4.5895068204201227e-10,4.589734435137964e-10,4.5899619583603287e-10,4.5901893901599625e-10,4.5904167306089494e-10,4.5906439797754627e-10,4.590871137715276e-10,4.5910982045220925e-10,4.591325180276e-10,4.591552065017431e-10,4.5917788588392944e-10,4.5920055617904967e-10,4.592232173961819e-10,4.5924586954005656e-10,4.5926851261827395e-10,4.5929114663858643e-10,4.593137716073493e-10,4.5933638753283496e-10,4.593589944197515e-10,4.593815922759758e-10,4.5940418110889537e-10,4.594267609244834e-10,4.594493317315186e-10,4.5947189353572414e-10,4.5949444634372904e-10,4.595169901627206e-10,4.5953952499995197e-10,4.595620508617755e-10,4.5958456775502057e-10,4.596070756866945e-10,4.596295746630519e-10,4.596520646929753e-10,4.5967454578260293e-10,4.5969701793557193e-10,4.597194811619651e-10,4.5974193546755965e-10,4.597643808593848e-10,4.5978681734415525e-10,4.5980924492857413e-10,4.5983166361936217e-10,4.5985407342341963e-10,4.5987647434864317e-10,4.59898866399571e-10,4.599212495841984e-10,4.599436239057554e-10,4.5996598937765706e-10,4.5998834600437537e-10,4.600106937901475e-10,4.600330327428725e-10,4.60055362869352e-10,4.6007768417653674e-10,4.600999966709767e-10,4.601223003590063e-10,4.601445952475412e-10,4.601668813434825e-10,4.6018915865325124e-10,4.602114271835329e-10,4.602336869392645e-10,4.6025593793046957e-10,4.60278180162276e-10,4.603004136422121e-10,4.6032263837450897e-10,4.6034485436659606e-10,4.603670616254637e-10,4.6038926015840205e-10,4.6041144997106213e-10,4.60433631070453e-10,4.6045580346257394e-10,4.6047796715386476e-10,4.6050012215386487e-10,4.605222684648492e-10,4.6054440609499504e-10,4.6056653505113803e-10,4.605886553395921e-10,4.6061076696406837e-10,4.606328699363079e-10,4.606549642577071e-10,4.606770499401896e-10,4.6069912698608e-10,4.6072119540295745e-10,4.607432551992359e-10,4.607653063798503e-10,4.6078734895100424e-10,4.6080938291946295e-10,4.6083140829113887e-10,4.608534250757468e-10,4.608754332755414e-10,4.6089743289656e-10,4.6091942394715156e-10,4.609414064316053e-10,4.609633803633715e-10,4.609853457400369e-10,4.6100730257155264e-10,4.61029250866638e-10,4.610511906265977e-10,4.610731218609828e-10,4.6109504457545544e-10,4.61116958780164e-10,4.6113886447498436e-10,4.611607616683881e-10,4.6118265036759335e-10,4.612045305789924e-10,4.6122640230742674e-10,4.6124826556134106e-10,4.612701203473235e-10,4.6129196666938084e-10,4.613138045347999e-10,4.6133563395057206e-10,4.613574549220134e-10,4.613792674557427e-10,4.61401071558662e-10,4.614228672352567e-10,4.614446544940616e-10,4.614664333384014e-10,4.614882037773498e-10,4.615099658164761e-10,4.6153171946076346e-10,4.6155346471735166e-10,4.615752015927754e-10,4.6159693009263494e-10,4.616186502234556e-10,4.616403619909248e-10,4.6166206540146346e-10,4.616837604619133e-10,4.6170544717722977e-10,4.6172712555402007e-10,4.617487955986507e-10,4.617704573190695e-10,4.6179211071754843e-10,4.6181375580236717e-10,4.6183539257948656e-10,4.618570210568527e-10,4.618786412387847e-10,4.6190025312927084e-10,4.619218567364122e-10,4.6194345206640044e-10,4.619650391253313e-10,4.6198661791918877e-10,4.6200818845349107e-10,4.6202975073520157e-10,4.620513047708597e-10,4.62072850565492e-10,4.620943881247497e-10,4.6211591745400826e-10,4.621374385624405e-10,4.6215895145432927e-10,4.621804561350739e-10,4.622019526099904e-10,4.622234408868333e-10,4.6224492097173605e-10,4.622663928697909e-10,4.622878565879397e-10,4.6230931213099185e-10,4.6233075950570155e-10,4.623521987167517e-10,4.623736297717976e-10,4.6239505267367635e-10,4.624164674308963e-10,4.624378740511576e-10,4.6245927253807444e-10,4.6248066289666127e-10,4.6250204513619127e-10,4.625234192587294e-10,4.6254478527264866e-10,4.62566143183069e-10,4.625874929962138e-10,4.626088347173884e-10,4.6263016835224047e-10,4.626514939059824e-10,4.6267281138734094e-10,4.6269412080050283e-10,4.6271542215134255e-10,4.6273671544557267e-10,4.6275800068906275e-10,4.627792778879417e-10,4.6280054704777824e-10,4.628218081736131e-10,4.6284306127305103e-10,4.6286430635017526e-10,4.6288554341190354e-10,4.629067724643629e-10,4.629279935123781e-10,4.629492065621127e-10,4.6297041161919635e-10,4.6299160868954476e-10,4.630127977801458e-10,4.630339788943067e-10,4.6305515203887324e-10,4.630763172196917e-10,4.6309747444313804e-10,4.6311862371367565e-10,4.6313976503726433e-10,4.6316089841982013e-10,4.631820238680185e-10,4.6320314138684346e-10,4.6322425098252977e-10,4.632453526597234e-10,4.6326644642464694e-10,4.6328753228298956e-10,4.633086102404708e-10,4.6332968030237454e-10,4.6335074247535737e-10,4.633717967638438e-10,4.6339284317440416e-10,4.6341388171210926e-10,4.634349123828592e-10,4.634559351923364e-10,4.6347695014681845e-10,4.634979572509523e-10,4.6351895651037117e-10,4.635399479312846e-10,4.635609315193685e-10,4.6358190727926813e-10,4.63602875217507e-10,4.6362383533933453e-10,4.636447876503725e-10,4.6366573215589615e-10,4.636866688623663e-10,4.637075977745001e-10,4.637285188978167e-10,4.637494322385082e-10,4.6377033780180863e-10,4.637912355932987e-10,4.6381212561844896e-10,4.638330078831585e-10,4.638538823922942e-10,4.6387474915170926e-10,4.6389560816695164e-10,4.639164594435008e-10,4.639373029868298e-10,4.6395813880215076e-10,4.639789668952813e-10,4.6399978727172016e-10,4.6402059993722754e-10,4.6404140489698467e-10,4.64062202156497e-10,4.640829917211653e-10,4.641037735964672e-10,4.6412454778789963e-10,4.6414531430049586e-10,4.641660731401305e-10,4.641868243124725e-10,4.6420756782266383e-10,4.6422830367576403e-10,4.642490318779221e-10,4.642697524341851e-10,4.6429046534962646e-10,4.6431117063031686e-10,4.6433186828132584e-10,4.6435255830802686e-10,4.643732407154962e-10,4.643939155094366e-10,4.6441458269552404e-10,4.64435242278461e-10,4.644558942645368e-10,4.6447653865852974e-10,4.6449717546559673e-10,4.645178046912753e-10,4.6453842634091343e-10,4.6455904041953925e-10,4.6457964693310215e-10,4.646002458868348e-10,4.646208372856065e-10,4.646414211349534e-10,4.646619974403476e-10,4.6468256620698007e-10,4.6470312743953313e-10,4.647236811442675e-10,4.647442273261257e-10,4.647647659901626e-10,4.647852971419906e-10,4.648058207864935e-10,4.64826336929108e-10,4.648468455753635e-10,4.6486734673013457e-10,4.6488784039870155e-10,4.649083265865898e-10,4.649288052988652e-10,4.6494927654070703e-10,4.649697403174636e-10,4.649901966339946e-10,4.650106454957852e-10,4.650310869082558e-10,4.6505152087620653e-10,4.6507194740502593e-10,4.6509236649984087e-10,4.651127781654326e-10,4.6513318240772153e-10,4.651535792317832e-10,4.651739686426489e-10,4.6519435064546306e-10,4.652147252457955e-10,4.652350924479396e-10,4.652554522575585e-10,4.652758046795998e-10,4.652961497192832e-10,4.653164873823092e-10,4.653368176727334e-10,4.653571405962062e-10,4.653774561579165e-10,4.6539776436285766e-10,4.654180652162393e-10,4.654383587230679e-10,4.6545864488848843e-10,4.6547892371782616e-10,4.6549919521599726e-10,4.655194593880178e-10,4.655397162386506e-10,4.6555996577306154e-10,4.655802079973521e-10,4.6560044291575445e-10,4.656206705331569e-10,4.656408908546957e-10,4.656611038844182e-10,4.656813096289734e-10,4.657015080949053e-10,4.657216992831573e-10,4.65741883201171e-10,4.657620598534497e-10,4.657822292453236e-10,4.658023913817507e-10,4.658225462671123e-10,4.658426939069867e-10,4.658628343073675e-10,4.658829674711259e-10,4.659030934043098e-10,4.659232121120644e-10,4.659433235999642e-10,4.659634278713675e-10,4.659835249317751e-10,4.660036147865623e-10,4.660236974401723e-10,4.660437728980924e-10,4.66063841165387e-10,4.660839022463049e-10,4.661039561464203e-10,4.661240028700492e-10,4.661440424228472e-10,4.661640748091611e-10,4.661841000342433e-10,4.662041181028405e-10,4.662241290200698e-10,4.662441327908489e-10,4.662641294197795e-10,4.662841189114776e-10,4.663041012729125e-10,4.663240765053978e-10,4.663440446156049e-10,4.663640056085637e-10,4.66383959486943e-10,4.664039062595553e-10,4.664238459292871e-10,4.664437785029405e-10,4.664637039818262e-10,4.66483622372271e-10,4.665035336784396e-10,4.665234379058905e-10,4.665433350602604e-10,4.665632251451746e-10,4.665831081664754e-10,4.666029841283562e-10,4.666228530357156e-10,4.666427148932872e-10,4.666625697055821e-10,4.666824174792527e-10,4.667022582163038e-10,4.667220919227253e-10,4.667419186025513e-10,4.667617382620187e-10,4.667815509051704e-10,4.668013565368045e-10,4.668211551629638e-10,4.668409467858313e-10,4.668607314113049e-10,4.668805090442151e-10,4.669002796895584e-10,4.669200433514649e-10,4.669398000339746e-10,4.669595497440985e-10,4.669792924852093e-10,4.66999028262063e-10,4.670187570793573e-10,4.670384789418663e-10,4.670581938555163e-10,4.670779018225138e-10,4.670976028488386e-10,4.671172969389993e-10,4.671369840979445e-10,4.671566643300985e-10,4.671763376402617e-10,4.671960040331069e-10,4.67215663513184e-10,4.672353160850629e-10,4.672549617538523e-10,4.672746005237943e-10,4.67294232399771e-10,4.673138573862976e-10,4.673334754880508e-10,4.673530867095734e-10,4.673726910555375e-10,4.673922885305918e-10,4.674118791402985e-10,4.674314628872884e-10,4.6745103977715e-10,4.674706098144558e-10,4.674901730038871e-10,4.675097293498505e-10,4.675292788571786e-10,4.675488215303517e-10,4.675683573739183e-10,4.675878863925493e-10,4.676074085907066e-10,4.676269239729921e-10,4.676464325439738e-10,4.676659343082388e-10,4.676854292713154e-10,4.677049174366173e-10,4.677243988075499e-10,4.677438733895454e-10,4.677633411894967e-10,4.677828022086618e-10,4.678022564529754e-10,4.678217039260183e-10,4.678411446329185e-10,4.678605785779791e-10,4.678800057673333e-10,4.678994262003937e-10,4.679188398892698e-10,4.679382468323319e-10,4.67957647038896e-10,4.679770405109292e-10,4.679964272541681e-10,4.68015807269847e-10,4.680351805654324e-10,4.680545471446219e-10,4.680739070113279e-10,4.680932601713e-10,4.681126066275683e-10,4.68131946384739e-10,4.681512794475656e-10,4.681706058204963e-10,4.681899255079257e-10,4.682092385144376e-10,4.682285448442995e-10,4.682478445002858e-10,4.682671374900809e-10,4.682864238166673e-10,4.683057034840331e-10,4.683249764973424e-10,4.68344242860373e-10,4.683635025776007e-10,4.683827556539403e-10,4.68402002092891e-10,4.6842124189928e-10,4.684404750776962e-10,4.684597016324159e-10,4.684789215677123e-10,4.684981348876474e-10,4.685173415968467e-10,4.685365416997402e-10,4.685557352012016e-10,4.685749221044567e-10,4.685941024147177e-10,4.686132761359626e-10,4.68632443272584e-10,4.686516038285785e-10,4.686707578115305e-10,4.686899052200292e-10,4.687090460614597e-10,4.687281803399078e-10,4.687473080598926e-10,4.687664292279389e-10,4.687855438430008e-10,4.688046519122052e-10,4.688237534406372e-10,4.688428484314385e-10,4.688619368890138e-10,4.688810188177409e-10,4.689000942227118e-10,4.689191631061186e-10,4.689382254734956e-10,4.689572813303935e-10,4.689763306801466e-10,4.689953735242654e-10,4.690144098733536e-10,4.690334397283974e-10,4.690524630920606e-10,4.690714799709376e-10,4.690904903668827e-10,4.691094942857038e-10,4.69128491730503e-10,4.691474827079804e-10,4.691664672189147e-10,4.691854452686696e-10,4.692044168629565e-10,4.692233820027881e-10,4.692423406956516e-10,4.692612929436639e-10,4.692802387535286e-10,4.69299178128077e-10,4.693181110714538e-10,4.693370375877342e-10,4.693559576810101e-10,4.693748713555733e-10,4.693937786149617e-10,4.694126794644024e-10,4.694315739060455e-10,4.694504619473168e-10,4.694693435868059e-10,4.694882188370746e-10,4.69507087696509e-10,4.695259501710073e-10,4.695448062636982e-10,4.695636559795283e-10,4.695824993227401e-10,4.696013362967801e-10,4.69620166905927e-10,4.696389911542509e-10,4.696578090470764e-10,4.696766205865256e-10,4.696954257779829e-10,4.697142246256818e-10,4.697330171330755e-10,4.697518033038602e-10,4.697705831426954e-10,4.697893566534359e-10,4.69808123840598e-10,4.69826884707689e-10,4.69845639259468e-10,4.698643875010014e-10,4.698831294335139e-10,4.699018650620748e-10,4.699205943913222e-10,4.699393174256366e-10,4.699580341688459e-10,4.699767446246858e-10,4.699954487972635e-10,4.700141466909784e-10,4.700328383095979e-10,4.700515236570912e-10,4.700702027375649e-10,4.700888755553182e-10,4.701075421138223e-10,4.701262024186831e-10,4.701448564711029e-10,4.701635042767087e-10,4.701821458394798e-10,4.70200781163111e-10,4.702194102520404e-10,4.702380331099364e-10,4.702566497410721e-10,4.702752601492311e-10,4.702938643379928e-10,4.703124623121469e-10,4.7033105407535e-10,4.703496396313084e-10,4.703682189842316e-10,4.703867921382521e-10,4.704053590966185e-10,4.704239198667023e-10,4.70442474445304e-10,4.704610228425031e-10,4.704795650603795e-10,4.704981011024949e-10,4.705166309735496e-10,4.705351546771041e-10,4.705536722169862e-10,4.705721835973514e-10,4.705906888219734e-10,4.706091878948131e-10,4.706276808185407e-10,4.706461676005382e-10,4.706646482413048e-10,4.70683122748237e-10,4.707015911206021e-10,4.707200533636276e-10,4.707385094829519e-10,4.707569594836244e-10,4.707754033670557e-10,4.707938411363003e-10,4.708122727966136e-10,4.708306983522813e-10,4.708491178067285e-10,4.708675311638543e-10,4.708859384276306e-10,4.709043396018807e-10,4.709227346904591e-10,4.709411236970972e-10,4.709595066258375e-10,4.709778834802585e-10,4.709962542644437e-10,4.710146189820778e-10,4.710329776381289e-10,4.710513302354147e-10,4.710696767770397e-10,4.710880172671896e-10,4.711063517100089e-10,4.711246801093111e-10,4.711430024699162e-10,4.711613187936292e-10,4.71179629085275e-10,4.711979333486809e-10,4.712162315875976e-10,4.712345238058671e-10,4.712528100072579e-10,4.712710901955426e-10,4.712893643745306e-10,4.713076325484749e-10,4.713258947202068e-10,4.713441508942564e-10,4.713624010742472e-10,4.713806452636574e-10,4.71398883465722e-10,4.714171156855167e-10,4.714353419259416e-10,4.714535621911975e-10,4.714717764847039e-10,4.714899848106333e-10,4.71508187172332e-10,4.71526383573415e-10,4.715445740180605e-10,4.715627585095933e-10,4.71580937052128e-10,4.715991096490847e-10,4.716172763043937e-10,4.71635437021646e-10,4.716535918044708e-10,4.71671740656857e-10,4.716898835823149e-10,4.717080205844928e-10,4.717261516672752e-10,4.717442768343583e-10,4.717623960892906e-10,4.717805094359041e-10,4.717986168778437e-10,4.718167184186737e-10,4.718348140622507e-10,4.718529038122537e-10,4.718709876721869e-10,4.718890656458456e-10,4.719071377368652e-10,4.719252039488518e-10,4.719432642856066e-10,4.719613187506539e-10,4.719793673478555e-10,4.719974100806988e-10,4.720154469526679e-10,4.720334779677241e-10,4.720515031292583e-10,4.720695224422048e-10,4.720875359077552e-10,4.721055435310962e-10,4.721235453168379e-10,4.721415412664075e-10,4.721595313839233e-10,4.721775156733578e-10,4.721954941393984e-10,4.722134667831616e-10,4.722314336106552e-10,4.722493946242847e-10,4.722673498245718e-10,4.722852992209754e-10,4.723032428154975e-10,4.7232118061021e-10,4.723391126099701e-10,4.723570388175726e-10,4.72374959236115e-10,4.72392873870006e-10,4.724107827228139e-10,4.724286857982472e-10,4.724465830992948e-10,4.724644746300638e-10,4.724823603935916e-10,4.725002403943798e-10,4.725181146348401e-10,4.7253598311967e-10,4.7255384585106e-10,4.725717028328738e-10,4.725895540696493e-10,4.726073995642818e-10,4.726252393212483e-10,4.726430733424055e-10,4.726609016318031e-10,4.726787241931757e-10,4.726965410298859e-10,4.727143521456277e-10,4.727321575440982e-10,4.727499572284744e-10,4.727677512024238e-10,4.727855394694467e-10,4.728033220333069e-10,4.728210988977858e-10,4.728388700655254e-10,4.728566355400186e-10,4.728743953251432e-10,4.728921494245584e-10,4.729098978418233e-10,4.729276405798016e-10,4.729453776421743e-10,4.729631090321127e-10,4.729808347537249e-10,4.729985548103029e-10,4.730162692052747e-10,4.730339779425297e-10,4.73051681024674e-10,4.730693784553656e-10,4.730870702384851e-10,4.731047563772518e-10,4.731224368751384e-10,4.731401117356432e-10,4.731577809621443e-10,4.731754445579101e-10,4.731931025267351e-10,4.732107548718761e-10,4.732284015968233e-10,4.732460427046769e-10,4.732636781994843e-10,4.732813080842866e-10,4.732989323623315e-10,4.733165510373717e-10,4.733341641128904e-10,4.733517715916647e-10,4.733693734775753e-10,4.733869697746148e-10,4.734045604853039e-10,4.734221456123528e-10,4.734397251609369e-10,4.734572991327256e-10,4.734748675322959e-10,4.734924303628533e-10,4.73509987627539e-10,4.735275393292363e-10,4.735450854721264e-10,4.735626260592822e-10,4.735801610944042e-10,4.735976905804371e-10,4.736152145211147e-10,4.736327329193147e-10,4.736502457789599e-10,4.736677531027773e-10,4.736852548942619e-10,4.737027511569305e-10,4.737202418940705e-10,4.73737727108313e-10,4.737552068049425e-10,4.737726809876948e-10,4.737901496562077e-10,4.738076128160412e-10,4.738250704706418e-10,4.738425226220931e-10,4.73859969275461e-10,4.738774104333566e-10,4.738948460990053e-10,4.739122762757687e-10,4.739297009669265e-10,4.739471201757841e-10,4.739645339045009e-10,4.739819421586702e-10,4.739993449404393e-10,4.740167422530991e-10,4.740341340999388e-10,4.740515204842488e-10,4.740689014093048e-10,4.740862768783993e-10,4.741036468948047e-10,4.741210114618402e-10,4.741383705827046e-10,4.741557242606991e-10,4.741730724990218e-10,4.741904153009725e-10,4.7420775266995e-10,4.742250846091093e-10,4.742424111216295e-10,4.742597322123754e-10,4.742770478845075e-10,4.742943581370242e-10,4.743116629758169e-10,4.743289624033865e-10,4.7434625642458e-10,4.743635450425725e-10,4.743808282591665e-10,4.743981060789665e-10,4.744153785042744e-10,4.744326455386575e-10,4.744499071846689e-10,4.744671634468081e-10,4.744844143276436e-10,4.745016598304204e-10,4.745188999584269e-10,4.74536134714673e-10,4.745533641025576e-10,4.745705881250501e-10,4.745878067855273e-10,4.746050200870932e-10,4.74622228034239e-10,4.746394306276824e-10,4.746566278718677e-10,4.746738197698902e-10,4.746910063249089e-10,4.747081875403066e-10,4.747253634188553e-10,4.747425339658363e-10,4.747596991808527e-10,4.747768590689223e-10,4.747940136326437e-10,4.748111628759896e-10,4.748283068020413e-10,4.748454454135458e-10,4.748625787136611e-10,4.748797067055494e-10,4.748968293925686e-10,4.749139467776995e-10,4.749310588645248e-10,4.749481656554405e-10,4.74965267153884e-10,4.749823633630251e-10,4.74999454286072e-10,4.750165399259916e-10,4.750336202861051e-10,4.750506953693456e-10,4.750677651790144e-10,4.750848297184704e-10,4.751018889902443e-10,4.751189429975462e-10,4.751359917436529e-10,4.751530352317364e-10,4.751700734648e-10,4.751871064462734e-10,4.752041341786052e-10,4.752211566653116e-10,4.752381739093763e-10,4.752551859139517e-10,4.752721926820711e-10,4.752891942167782e-10,4.753061905213199e-10,4.753231815986088e-10,4.753401674518805e-10,4.753571480840248e-10,4.753741234983021e-10,4.753910936975941e-10,4.754080586850565e-10,4.754250184637745e-10,4.754419730371853e-10,4.754589224075525e-10,4.75475866578356e-10,4.754928055525808e-10,4.755097393333166e-10,4.755266679236147e-10,4.755435913265287e-10,4.755605095450813e-10,4.755774225823242e-10,4.75594330441322e-10,4.756112331250324e-10,4.756281306365477e-10,4.756450229788728e-10,4.756619101551162e-10,4.756787921680547e-10,4.756956690209786e-10,4.75712540716812e-10,4.757294072585631e-10,4.757462686492715e-10,4.757631248919024e-10,4.757799759895621e-10,4.757968219454055e-10,4.758136627619544e-10,4.758304984424641e-10,4.758473289898968e-10,4.7586415440728e-10,4.758809746976497e-10,4.758977898639121e-10,4.75914599909512e-10,4.759314048366029e-10,4.759482046486518e-10,4.759649993485078e-10,4.759817889392054e-10,4.759985734242604e-10,4.7601535280558e-10,4.760321270867071e-10,4.760488962709295e-10,4.760656603602631e-10,4.760824193584099e-10,4.760991732681642e-10,4.761159220923951e-10,4.761326658342508e-10,4.761494044965786e-10,4.76166138082327e-10,4.761828665944701e-10,4.76199590035909e-10,4.762163084095927e-10,4.76233021718463e-10,4.762497299654675e-10,4.762664331535331e-10,4.76283131285595e-10,4.76299824364588e-10,4.763165123939541e-10,4.763331953755785e-10,4.763498733129014e-10,4.763665462088012e-10,4.763832140662563e-10,4.763998768881631e-10,4.764165346773786e-10,4.764331874369121e-10,4.764498351695502e-10,4.764664778781522e-10,4.764831155658444e-10,4.764997482353791e-10,4.765163758895804e-10,4.76532998531544e-10,4.765496161640568e-10,4.765662287906011e-10,4.765828364128711e-10,4.765994390343667e-10,4.766160366579374e-10,4.766326292864719e-10,4.766492169228401e-10,4.766657995687567e-10,4.766823772294482e-10,4.766989499066055e-10,4.767155176034394e-10,4.767320803221148e-10,4.767486380658324e-10,4.767651908374531e-10,4.767817386398376e-10,4.767982814758357e-10,4.768148193490303e-10,4.768313522607858e-10,4.768478802147469e-10,4.768644032137234e-10,4.76880921260583e-10,4.768974343581079e-10,4.769139425085783e-10,4.769304457159181e-10,4.769469439826628e-10,4.769634373113242e-10,4.769799257048646e-10,4.769964091659492e-10,4.770128876979286e-10,4.770293613029767e-10,4.770458299844294e-10,4.770622937448183e-10,4.77078752586688e-10,4.770952065125364e-10,4.771116555263904e-10,4.77128099630363e-10,4.771445388273971e-10,4.771609731197658e-10,4.771774025112275e-10,4.771938270041102e-10,4.772102466012215e-10,4.772266613054672e-10,4.772430711192984e-10,4.772594760455653e-10,4.772758760887451e-10,4.77292271248657e-10,4.773086615318724e-10,4.773250469363574e-10,4.773414274673273e-10,4.773578031275134e-10,4.773741739194481e-10,4.773905398461307e-10,4.774069009107475e-10,4.774232571155562e-10,4.774396084634667e-10,4.774559549563263e-10,4.77472296598506e-10,4.774886333922207e-10,4.775049653398871e-10,4.775212924445511e-10,4.775376147087638e-10,4.775539321352849e-10,4.775702447268383e-10,4.775865524862081e-10,4.776028554141749e-10,4.776191535174469e-10,4.776354467967208e-10,4.776517352544621e-10,4.776680188936857e-10,4.776842977176291e-10,4.777005717282851e-10,4.777168409286884e-10,4.777331053211576e-10,4.777493649086982e-10,4.777656196943365e-10,4.777818696804071e-10,4.777981148697045e-10,4.778143552623036e-10,4.778305908665492e-10,4.778468216816189e-10,4.778630477110261e-10,4.778792689585808e-10,4.778954854233383e-10,4.779116971111961e-10,4.779279040238694e-10,4.779441061644481e-10,4.779603035349173e-10,4.779764961383129e-10,4.779926839773208e-10,4.780088670562219e-10,4.780250453743467e-10,4.780412189367878e-10,4.780573877448993e-10,4.780735518021545e-10,4.780897111108622e-10,4.781058656739154e-10,4.781220154939442e-10,4.781381605736328e-10,4.781543009168751e-10,4.781704365250724e-10,4.781865673997088e-10,4.782026935463359e-10,4.7821881496664e-10,4.782349316602068e-10,4.78251043631873e-10,4.78267150884084e-10,4.782832534201466e-10,4.78299351242294e-10,4.783154443532551e-10,4.783315327557482e-10,4.783476164523155e-10,4.783636954455238e-10,4.783797697402715e-10,4.783958393348181e-10,4.784119042341072e-10,4.784279644413441e-10,4.784440199589565e-10,4.784600707876285e-10,4.784761169330071e-10,4.784921583944317e-10,4.785081951775514e-10,4.785242272822034e-10,4.785402547125675e-10,4.785562774723008e-10,4.785722955614322e-10,4.78588308983906e-10,4.786043177422963e-10,4.786203218394053e-10,4.786363212782111e-10,4.786523160600095e-10,4.786683061881507e-10,4.786842916653007e-10,4.787002724941022e-10,4.78716248678181e-10,4.787322202175573e-10,4.787481871160968e-10,4.787641493766717e-10,4.787801070017183e-10,4.787960599935788e-10,4.788120083563305e-10,4.788279520898538e-10,4.78843891198069e-10,4.788598256835595e-10,4.788757555488933e-10,4.788916807967576e-10,4.789076014294643e-10,4.789235174495831e-10,4.789394288596533e-10,4.789553356624823e-10,4.789712378621478e-10,4.789871354580013e-10,4.790030284540822e-10,4.790189168550907e-10,4.790348006616036e-10,4.790506798738914e-10,4.790665544977986e-10,4.790824245315768e-10,4.790982899827835e-10,4.791141508522291e-10,4.791300071443907e-10,4.791458588592801e-10,4.791617059977271e-10,4.79177548564199e-10,4.791933865626923e-10,4.792092199930516e-10,4.792250488590922e-10,4.792408731657749e-10,4.792566929107788e-10,4.792725080991533e-10,4.792883187332363e-10,4.793041248163766e-10,4.793199263496071e-10,4.793357233361873e-10,4.793515157787931e-10,4.793673036793773e-10,4.7938308704082e-10,4.793988658655822e-10,4.79414640155861e-10,4.794304099144686e-10,4.794461751438351e-10,4.794619358471418e-10,4.794776920254597e-10,4.794934436820003e-10,4.795091908192172e-10,4.795249334398644e-10,4.795406715482796e-10,4.795564051431253e-10,4.795721342279817e-10,4.795878588058958e-10,4.796035788795418e-10,4.79619294451349e-10,4.796350055232531e-10,4.796507120981746e-10,4.796664141783073e-10,4.79682111766528e-10,4.79697804865158e-10,4.797134934764323e-10,4.797291776031177e-10,4.797448572463209e-10,4.79760532410645e-10,4.797762030973922e-10,4.797918693095153e-10,4.798075310488417e-10,4.798231883183324e-10,4.798388411199935e-10,4.798544894562224e-10,4.798701333297594e-10,4.798857727429457e-10,4.799014076983728e-10,4.799170381985053e-10,4.799326642452804e-10,4.799482858442858e-10,4.799639029923784e-10,4.799795156948644e-10,4.799951239537078e-10,4.800107277716632e-10,4.80026327151271e-10,4.800419220945582e-10,4.800575126044024e-10,4.800730986826871e-10,4.800886803330268e-10,4.801042575562534e-10,4.801198303553357e-10,4.801353987326438e-10,4.801509626901205e-10,4.801665222313115e-10,4.801820773589076e-10,4.80197628073917e-10,4.802131743790012e-10,4.802287162768079e-10,4.802442537697127e-10,4.802597868607816e-10,4.80275315550031e-10,4.80290839842479e-10,4.803063597375321e-10,4.803218752411611e-10,4.803373863545617e-10,4.803528930782059e-10,4.803683954173173e-10,4.803838933730169e-10,4.803993869479587e-10,4.80414876144184e-10,4.804303609639887e-10,4.804458414093491e-10,4.804613174836425e-10,4.804767891882607e-10,4.804922565257237e-10,4.805077194987941e-10,4.805231781080738e-10,4.805386323588882e-10,4.80554082252038e-10,4.805695277902081e-10,4.805849689759161e-10,4.806004058109846e-10,4.806158382980288e-10,4.806312664391498e-10,4.806466902376022e-10,4.8066210969438e-10,4.806775248122603e-10,4.80692935594591e-10,4.80708342042111e-10,4.80723744157502e-10,4.807391419434623e-10,4.807545354026241e-10,4.807699245371928e-10,4.807853093488606e-10,4.808006898399173e-10,4.808160660143869e-10,4.80831437872181e-10,4.808468054167057e-10,4.808621686503577e-10,4.808775275771906e-10,4.808928821960913e-10,4.809082325107431e-10,4.809235785242756e-10,4.809389202385563e-10,4.80954257655767e-10,4.809695907783912e-10,4.809849196085719e-10,4.810002441483531e-10,4.810155644003654e-10,4.810308803669838e-10,4.810461920504901e-10,4.810614994527977e-10,4.810768025764177e-10,4.810921014237313e-10,4.811073959974628e-10,4.811226862988952e-10,4.811379723307093e-10,4.81153254095117e-10,4.811685315946954e-10,4.811838048318001e-10,4.811990738079177e-10,4.81214338526109e-10,4.812295989890749e-10,4.812448551975945e-10,4.812601071552092e-10,4.812753548637901e-10,4.812905983255261e-10,4.813058375423471e-10,4.813210725169149e-10,4.813363032502283e-10,4.81351529747206e-10,4.813667520089861e-10,4.813819700377411e-10,4.813971838343911e-10,4.81412393403223e-10,4.814275987446799e-10,4.814427998618696e-10,4.814579967559775e-10,4.814731894312677e-10,4.814883778893425e-10,4.81503562133528e-10,4.815187421628357e-10,4.815339179814414e-10,4.815490895908391e-10,4.815642569940356e-10,4.815794201936531e-10,4.815945791909472e-10,4.816097339900258e-10,4.816248845901474e-10,4.816400309950087e-10,4.816551732071845e-10,4.816703112282587e-10,4.816854450606932e-10,4.817005747073268e-10,4.817157001689808e-10,4.817308214488111e-10,4.817459385487783e-10,4.817610514715486e-10,4.81776160218628e-10,4.81791264792947e-10,4.818063651967186e-10,4.818214614311019e-10,4.818365534975737e-10,4.818516414011413e-10,4.818667251425121e-10,4.818818047239669e-10,4.818968801476229e-10,4.819119514157569e-10,4.819270185305746e-10,4.819420814942128e-10,4.819571403101866e-10,4.819721949780803e-10,4.819872455021608e-10,4.820022918828796e-10,4.820173341231818e-10,4.820323722255491e-10,4.820474061922324e-10,4.820624360248423e-10,4.820774617259971e-10,4.820924832991508e-10,4.821075007436968e-10,4.821225140634017e-10,4.821375232611982e-10,4.821525283382924e-10,4.821675292958457e-10,4.821825261368094e-10,4.821975188634118e-10,4.822125074781123e-10,4.822274919827667e-10,4.822424723796487e-10,4.822574486722389e-10,4.822724208602556e-10,4.822873889482345e-10,4.823023529355314e-10,4.823173128270811e-10,4.823322686224628e-10,4.823472203252177e-10,4.823621679372557e-10,4.823771114610905e-10,4.823920508983454e-10,4.824069862515266e-10,4.824219175239865e-10,4.824368447150801e-10,4.824517678284874e-10,4.824666868661867e-10,4.824816018303459e-10,4.824965127243882e-10,4.825114195478044e-10,4.825263223042743e-10,4.825412209940024e-10,4.825561156234997e-10,4.825710061897137e-10,4.825858926986472e-10,4.826007751508932e-10,4.826156535488486e-10,4.826305278944112e-10,4.826453981897351e-10,4.826602644369303e-10,4.826751266395576e-10,4.826899847981255e-10,4.827048389118968e-10,4.827196889876266e-10,4.827345350257584e-10,4.827493770283406e-10,4.827642149964345e-10,4.827790489342896e-10,4.827938788429183e-10,4.828087047244094e-10,4.828235265808796e-10,4.828383444143772e-10,4.82853158226991e-10,4.828679680208189e-10,4.828827737979506e-10,4.828975755592623e-10,4.829123733092447e-10,4.829271670487894e-10,4.829419567812393e-10,4.829567425060924e-10,4.829715242266096e-10,4.829863019437184e-10,4.830010756621706e-10,4.830158453824764e-10,4.830306111068423e-10,4.830453728386366e-10,4.830601305801349e-10,4.830748843277428e-10,4.830896340889305e-10,4.831043798643983e-10,4.83119121656392e-10,4.831338594668549e-10,4.831485932978561e-10,4.831633231502818e-10,4.831780490285059e-10,4.831927709326888e-10,4.832074888663437e-10,4.832222028302067e-10,4.832369128274739e-10,4.832516188596355e-10,4.83266320928703e-10,4.832810190367663e-10,4.83295713184186e-10,4.833104033763082e-10,4.833250896134537e-10,4.833397718977059e-10,4.833544502305283e-10,4.833691246150962e-10,4.833837950528778e-10,4.83398461550162e-10,4.834131241004362e-10,4.834277827100059e-10,4.834424373808835e-10,4.834570881150905e-10,4.834717349140088e-10,4.834863777803908e-10,4.835010167167029e-10,4.83515651724443e-10,4.835302828056051e-10,4.835449099615916e-10,4.835595331959129e-10,4.835741525094306e-10,4.835887679043752e-10,4.836033793827896e-10,4.836179869466992e-10,4.836325905973942e-10,4.836471903376214e-10,4.836617861689122e-10,4.836763780950287e-10,4.836909661163832e-10,4.837055502343028e-10,4.837201304526213e-10,4.837347067724465e-10,4.837492791957061e-10,4.837638477243944e-10,4.837784123605327e-10,4.83792973106112e-10,4.838075299631154e-10,4.838220829335199e-10,4.838366320193031e-10,4.83851177222428e-10,4.838657185449437e-10,4.838802559890366e-10,4.838947895561706e-10,4.839093192485762e-10,4.839238450682508e-10,4.839383670203899e-10,4.839528851004614e-10,4.839673993137034e-10,4.839819096646631e-10,4.839964161500917e-10,4.840109187746459e-10,4.840254175399656e-10,4.840399124484996e-10,4.840544035020048e-10,4.840688907023744e-10,4.840833740516334e-10,4.840978535517553e-10,4.841123292046521e-10,4.84126801012179e-10,4.841412689764808e-10,4.841557331039531e-10,4.841701933872044e-10,4.841846498329234e-10,4.841991024434113e-10,4.842135512235181e-10,4.842279961688425e-10,4.842424372844823e-10,4.842568745723049e-10,4.8427130803425e-10,4.842857376746361e-10,4.843001634906887e-10,4.843145854868299e-10,4.843290036650078e-10,4.843434180269545e-10,4.843578285747249e-10,4.843722353101485e-10,4.843866382355326e-10,4.844010373545604e-10,4.844154326647538e-10,4.8442982417032e-10,4.844442118733384e-10,4.844585957754601e-10,4.844729758787581e-10,4.844873521851915e-10,4.845017246966009e-10,4.845160934142517e-10,4.845304583413201e-10,4.845448194792698e-10,4.845591768298167e-10,4.84573530394895e-10,4.845878801764691e-10,4.846022261765597e-10,4.846165683962395e-10,4.846309068387617e-10,4.846452415052843e-10,4.846595723987795e-10,4.84673899519191e-10,4.846882228693837e-10,4.847025424536734e-10,4.847168582689775e-10,4.84731170319866e-10,4.847454786080674e-10,4.847597831355739e-10,4.847740839044688e-10,4.847883809174244e-10,4.848026741739857e-10,4.848169636773538e-10,4.848312494294493e-10,4.848455314319241e-10,4.848598096867815e-10,4.84874084196069e-10,4.848883549618024e-10,4.849026219852638e-10,4.849168852686496e-10,4.84931144814146e-10,4.84945400623206e-10,4.849596526973065e-10,4.84973901039184e-10,4.849881456505156e-10,4.850023865329574e-10,4.850166236885504e-10,4.850308571189527e-10,4.850450868261796e-10,4.85059312811914e-10,4.850735350782575e-10,4.850877536268339e-10,4.851019684594818e-10,4.851161795782547e-10,4.851303869853518e-10,4.851445906816378e-10,4.851587906698698e-10,4.851729869513434e-10,4.851871795281588e-10,4.852013684020771e-10,4.85215553575032e-10,4.852297350487157e-10,4.852439128256395e-10,4.852580869065907e-10,4.852722572941289e-10,4.852864239897006e-10,4.853005869952728e-10,4.853147463125271e-10,4.853289019431917e-10,4.853430538899555e-10,4.853572021538963e-10,4.853713467370834e-10,4.853854876403154e-10,4.853996248674733e-10,4.854137584192725e-10,4.854278882981279e-10,4.854420145047808e-10,4.854561370415153e-10,4.854702559103905e-10,4.854843711130982e-10,4.854984826506823e-10,4.855125905263117e-10,4.855266947405007e-10,4.855407952965925e-10,4.855548921956117e-10,4.855689854392371e-10,4.855830750295541e-10,4.855971609687739e-10,4.856112432551817e-10,4.856253218941026e-10,4.856393968883261e-10,4.856534682380924e-10,4.856675359450268e-10,4.856816000109695e-10,4.856956604385157e-10,4.85709717227423e-10,4.857237703819648e-10,4.857378199028909e-10,4.857518657919245e-10,4.857659080505255e-10,4.857799466811933e-10,4.85793981687348e-10,4.858080130668885e-10,4.858220408247254e-10,4.858360649601052e-10,4.858500854761329e-10,4.858641023745424e-10,4.858781156572501e-10,4.858921253260261e-10,4.859061313825844e-10,4.859201338288044e-10,4.859341326650282e-10,4.859481278954756e-10,4.859621195208221e-10,4.859761075414762e-10,4.85990091961466e-10,4.860040727807396e-10,4.860180500035472e-10,4.860320236296858e-10,4.860459936606291e-10,4.860599600999997e-10,4.860739229484246e-10,4.860878822092275e-10,4.861018378811884e-10,4.861157899663415e-10,4.861297384686182e-10,4.861436833888039e-10,4.861576247278525e-10,4.861715624892847e-10,4.861854966733275e-10,4.861994272812529e-10,4.862133543168902e-10,4.862272777817101e-10,4.862411976758811e-10,4.862551140017857e-10,4.862690267614793e-10,4.862829359566308e-10,4.8629684158898e-10,4.863107436600438e-10,4.863246421717225e-10,4.863385371253066e-10,4.863524285251046e-10,4.863663163685268e-10,4.863802006600807e-10,4.863940814012374e-10,4.864079585920211e-10,4.864218322366205e-10,4.864357023384832e-10,4.864495688940826e-10,4.864634319066515e-10,4.864772913798199e-10,4.864911473141398e-10,4.865049997106192e-10,4.86518848573036e-10,4.865326939022007e-10,4.865465356995228e-10,4.865603739685851e-10,4.865742087075485e-10,4.865880399201814e-10,4.866018676076883e-10,4.866156917710066e-10,4.866295124171335e-10,4.866433295407234e-10,4.866571431463197e-10,4.866709532356873e-10,4.866847598102501e-10,4.866985628722972e-10,4.867123624232082e-10,4.867261584671688e-10,4.867399510013293e-10,4.867537400290224e-10,4.86767525551035e-10,4.867813075716203e-10,4.867950860910179e-10,4.868088611116744e-10,4.868226326338328e-10,4.868364006611565e-10,4.86850165194554e-10,4.868639262351157e-10,4.868776837851526e-10,4.868914378451216e-10,4.869051884179015e-10,4.869189355059298e-10,4.869326791099203e-10,4.869464192316334e-10,4.869601558722136e-10,4.869738890343822e-10,4.869876187206375e-10,4.87001344930028e-10,4.870150676646705e-10,4.870287869265968e-10,4.870425027193658e-10,4.870562150426217e-10,4.870699239005512e-10,4.870836292916752e-10,4.870973312189134e-10,4.871110296842026e-10,4.871247246890125e-10,4.871384162350136e-10,4.871521043253484e-10,4.871657889572113e-10,4.871794701349725e-10,4.871931478610147e-10,4.872068221378817e-10,4.8722049296597e-10,4.87234160347139e-10,4.872478242816184e-10,4.872614847732993e-10,4.872751418208628e-10,4.872887954285698e-10,4.873024455989993e-10,4.873160923318884e-10,4.873297356294101e-10,4.87343375492817e-10,4.873570119235438e-10,4.873706449241461e-10,4.873842744957853e-10,4.873979006400627e-10,4.874115233588224e-10,4.874251426534096e-10,4.87438758526322e-10,4.874523709762133e-10,4.874659800085785e-10,4.874795856234974e-10,4.874931878225805e-10,4.875067866063042e-10,4.875203819786783e-10,4.875339739401364e-10,4.875475624927869e-10,4.87561147637333e-10,4.875747293771732e-10,4.875883077104662e-10,4.876018826416933e-10,4.876154541730016e-10,4.876290223038203e-10,4.876425870367739e-10,4.876561483734885e-10,4.876697063155869e-10,4.876832608647085e-10,4.876968120229094e-10,4.877103597908929e-10,4.877239041723788e-10,4.877374451663046e-10,4.877509827747336e-10,4.877645169996005e-10,4.877780478442136e-10,4.877915753076283e-10,4.87805099393677e-10,4.878186201015316e-10,4.878321374344688e-10,4.878456513938349e-10,4.878591619819838e-10,4.878726691989182e-10,4.878861730482489e-10,4.878996735292054e-10,4.879131706457188e-10,4.879266643970825e-10,4.879401547869461e-10,4.879536418165098e-10,4.879671254855932e-10,4.879806057970714e-10,4.879940827525746e-10,4.880075563536861e-10,4.880210266028026e-10,4.880344934999046e-10,4.880479570474069e-10,4.880614172469086e-10,4.880748741011127e-10,4.88088327609323e-10,4.881017777742195e-10,4.881152245982505e-10,4.881286680814581e-10,4.881421082263627e-10,4.881555450332714e-10,4.881689785047026e-10,4.881824086435372e-10,4.881958354498933e-10,4.882092589258573e-10,4.882226790745278e-10,4.882360958948135e-10,4.882495093884423e-10,4.882629195577781e-10,4.88276326404401e-10,4.88289729929869e-10,4.883031301359881e-10,4.883165270238896e-10,4.8832992059554e-10,4.883433108521235e-10,4.883566977954227e-10,4.883700814288748e-10,4.883834617502667e-10,4.88396838763046e-10,4.884102124686919e-10,4.884235828690053e-10,4.884369499652296e-10,4.884503137593846e-10,4.884636742525848e-10,4.884770314465171e-10,4.884903853429344e-10,4.885037359429958e-10,4.885170832484615e-10,4.885304272607435e-10,4.8854376798171e-10,4.88557105412922e-10,4.885704395566476e-10,4.88583770412526e-10,4.885970979831128e-10,4.886104222699905e-10,4.886237432746631e-10,4.886370609993488e-10,4.886503754441298e-10,4.886636866122248e-10,4.886769945034293e-10,4.886902991203657e-10,4.887036004635511e-10,4.887168985359064e-10,4.887301933383851e-10,4.887434848724996e-10,4.887567731398141e-10,4.887700581415329e-10,4.887833398784049e-10,4.887966183544364e-10,4.888098935699076e-10,4.888231655262265e-10,4.888364342248502e-10,4.888496996673282e-10,4.888629618553468e-10,4.88876220791204e-10,4.888894764745943e-10,4.889027289089696e-10,4.889159780945135e-10,4.889292240324988e-10,4.889424667250414e-10,4.889557061736555e-10,4.889689423794402e-10,4.889821753445292e-10,4.88995405070383e-10,4.890086315583658e-10,4.890218548100892e-10,4.890350748268848e-10,4.890482916097737e-10,4.890615051612968e-10,4.890747154825931e-10,4.890879225750499e-10,4.891011264403179e-10,4.891143270797426e-10,4.891275244951352e-10,4.891407186874893e-10,4.891539096586055e-10,4.891670974099001e-10,4.891802819430471e-10,4.891934632594123e-10,4.892066413604372e-10,4.892198162485448e-10,4.892329879234836e-10,4.892461563876519e-10,4.892593216425197e-10,4.892724836895853e-10,4.892856425303027e-10,4.892987981662248e-10,4.893119505989105e-10,4.893250998296719e-10,4.893382458592811e-10,4.893513886906571e-10,4.893645283247726e-10,4.89377664762849e-10,4.893907980067704e-10,4.894039280579302e-10,4.894170549167583e-10,4.89430178586201e-10,4.894432990671004e-10,4.89456416360272e-10,4.894695304688565e-10,4.894826413933149e-10,4.894957491354934e-10,4.895088536962758e-10,4.895219550774048e-10,4.895350532801787e-10,4.895481483063605e-10,4.895612401570596e-10,4.89574328834507e-10,4.895874143391144e-10,4.896004966732253e-10,4.896135758382578e-10,4.896266518347744e-10,4.896397246655409e-10,4.896527943307325e-10,4.896658608316856e-10,4.8967892417196e-10,4.896919843515448e-10,4.897050413721366e-10,4.897180952352676e-10,4.897311459421009e-10,4.89744193494136e-10,4.897572378933603e-10,4.897702791403906e-10,4.897833172369619e-10,4.89796352183864e-10,4.898093839839376e-10,4.898224126380781e-10,4.898354381477392e-10,4.898484605134794e-10,4.898614797390711e-10,4.898744958239759e-10,4.898875087696867e-10,4.899005185775137e-10,4.89913525250243e-10,4.89926528788148e-10,4.899395291936382e-10,4.89952526467401e-10,4.899655206112517e-10,4.899785116261875e-10,4.899914995139869e-10,4.900044842755434e-10,4.90017465913448e-10,4.900304444281544e-10,4.900434198213019e-10,4.900563920942709e-10,4.900693612486066e-10,4.900823272858577e-10,4.900952902071755e-10,4.901082500136736e-10,4.901212067080056e-10,4.901341602904179e-10,4.90147110762771e-10,4.901600581261783e-10,4.901730023828644e-10,4.901859435337475e-10,4.901988815804461e-10,4.902118165241348e-10,4.902247483663129e-10,4.902376771084483e-10,4.902506027519436e-10,4.902635252980108e-10,4.90276444748283e-10,4.902893611039239e-10,4.903022743668792e-10,4.903151845394187e-10,4.903280916205682e-10,4.903409956125292e-10,4.903538965170726e-10,4.903667943360414e-10,4.903796890704872e-10,4.903925807219189e-10,4.904054692906954e-10,4.904183547814753e-10,4.904312371909917e-10,4.904441165238016e-10,4.904569927806381e-10,4.90469865962579e-10,4.904827360712496e-10,4.904956031080948e-10,4.905084670754394e-10,4.90521327972716e-10,4.905341858022207e-10,4.90547040564797e-10,4.905598922627401e-10,4.905727408973801e-10,4.905855864706234e-10,4.905984289821555e-10,4.906112684350509e-10,4.906241048287822e-10,4.90636938166622e-10,4.906497684507493e-10,4.906625956793877e-10,4.906754198559687e-10,4.906882409815971e-10,4.907010590572829e-10,4.907138740852774e-10,4.907266860667701e-10,4.907394950034824e-10,4.907523008967099e-10,4.907651037448503e-10,4.907779035517698e-10,4.907907003190306e-10,4.908034940476406e-10,4.908162847386109e-10,4.908290723938875e-10,4.908418570162694e-10,4.908546386043276e-10,4.908674171614087e-10,4.908801926876073e-10,4.908929651846709e-10,4.909057346540309e-10,4.909185010969456e-10,4.909312645158873e-10,4.909440249108248e-10,4.909567822836178e-10,4.909695366368611e-10,4.909822879695722e-10,4.909950362842033e-10,4.910077815833298e-10,4.910205238661152e-10,4.910332631360301e-10,4.910459993917739e-10,4.91058732636748e-10,4.910714628725422e-10,4.910841900989829e-10,4.910969143195287e-10,4.911096355343506e-10,4.91122353744392e-10,4.911350689500104e-10,4.911477811557242e-10,4.911604903600771e-10,4.911731965644174e-10,4.911858997720815e-10,4.911985999830119e-10,4.912112971992141e-10,4.912239914213936e-10,4.912366826507097e-10,4.912493708896427e-10,4.912620561401185e-10,4.91274738401111e-10,4.912874176757877e-10,4.91300093964907e-10,4.913127672696336e-10,4.91325437590733e-10,4.913381049312459e-10,4.913507692910953e-10,4.913634306722429e-10,4.913760890762306e-10,4.913887445036704e-10,4.914013969569892e-10,4.914140464360202e-10,4.914266929423579e-10,4.914393364782321e-10,4.914519770450278e-10,4.914646146427996e-10,4.914772492745544e-10,4.914898809408739e-10,4.915025096441412e-10,4.915151353827371e-10,4.915277581596334e-10,4.915403779775299e-10,4.915529948358355e-10,4.915656087360096e-10,4.915782196800482e-10,4.91590827670212e-10,4.916034327075216e-10,4.91616034791651e-10,4.916286339249477e-10,4.91641230108163e-10,4.916538233423073e-10,4.916664136325902e-10,4.916790009750493e-10,4.916915853736844e-10,4.917041668288167e-10,4.91716745342339e-10,4.917293209151234e-10,4.917418935482099e-10,4.917544632440546e-10,4.917670300028504e-10,4.917795938271701e-10,4.917921547167858e-10,4.918047126751116e-10,4.918172677015338e-10,4.918298197977015e-10,4.918423689649741e-10,4.918549152049904e-10,4.918674585194804e-10,4.91879998909053e-10,4.918925363762613e-10,4.919050709194671e-10,4.919176025430542e-10,4.919301312457586e-10,4.919426570308586e-10,4.919551798995409e-10,4.919676998513218e-10,4.919802168892483e-10,4.919927310142414e-10,4.9200524222775e-10,4.920177505319657e-10,4.920302559249815e-10,4.920427584106763e-10,4.920552579902411e-10,4.920677546633928e-10,4.920802484336004e-10,4.92092739301222e-10,4.921052272665589e-10,4.921177123324692e-10,4.921301944983843e-10,4.921426737668691e-10,4.921551501391773e-10,4.921676236180277e-10,4.921800942017705e-10,4.921925618924776e-10,4.922050266939103e-10,4.922174886045523e-10,4.922299476263355e-10,4.922424037610043e-10,4.922548570098172e-10,4.922673073733883e-10,4.922797548533574e-10,4.922921994505105e-10,4.923046411674056e-10,4.923170800044902e-10,4.923295159627493e-10,4.923419490436402e-10,4.923543792494374e-10,4.923668065799172e-10,4.923792310375233e-10,4.923916526234417e-10,4.924040713381313e-10,4.924164871836601e-10,4.924289001615406e-10,4.924413102713529e-10,4.924537175150102e-10,4.924661218944642e-10,4.924785234104243e-10,4.9249092206423e-10,4.925033178582077e-10,4.925157107923388e-10,4.925281008678521e-10,4.925404880864776e-10,4.925528724495074e-10,4.925652539594606e-10,4.925776326155557e-10,4.925900084195419e-10,4.926023813730544e-10,4.926147514764603e-10,4.9262711873163e-10,4.926394831399505e-10,4.926518447026338e-10,4.926642034213772e-10,4.926765592966799e-10,4.926889123302172e-10,4.927012625229547e-10,4.927136098754147e-10,4.927259543906306e-10,4.927382960688483e-10,4.927506349116375e-10,4.927629709193865e-10,4.927753040942679e-10,4.927876344368473e-10,4.927999619490349e-10,4.928122866317841e-10,4.928246084860192e-10,4.928369275131713e-10,4.9284924371461e-10,4.928615570915321e-10,4.928738676458527e-10,4.928861753774469e-10,4.928984802882669e-10,4.929107823797143e-10,4.929230816518869e-10,4.929353781079322e-10,4.929476717481775e-10,4.929599625738254e-10,4.929722505857181e-10,4.929845357850034e-10,4.929968181728347e-10,4.930090977518167e-10,4.930213745223017e-10,4.930336484859349e-10,4.930459196429694e-10,4.930581879950582e-10,4.930704535436613e-10,4.930827162895008e-10,4.930949762341356e-10,4.931072333787887e-10,4.931194877250582e-10,4.931317392738198e-10,4.931439880260209e-10,4.931562339835093e-10,4.931684771466335e-10,4.93180717517275e-10,4.931929550968209e-10,4.93205189885169e-10,4.93217421885253e-10,4.932296510976112e-10,4.932418775230623e-10,4.932541011635358e-10,4.932663220197382e-10,4.932785400926723e-10,4.932907553839864e-10,4.933029678946863e-10,4.933151776268015e-10,4.933273845808299e-10,4.933395887572858e-10,4.933517901581897e-10,4.933639887848894e-10,4.933761846384294e-10,4.933883777190401e-10,4.934005680292355e-10,4.934127555698644e-10,4.934249403422025e-10,4.934371223472308e-10,4.934493015861652e-10,4.934614780593849e-10,4.934736517689959e-10,4.934858227168063e-10,4.934979909028932e-10,4.935101563289524e-10,4.935223189959674e-10,4.935344789054354e-10,4.935466360576652e-10,4.935587904551097e-10,4.935709420981325e-10,4.935830909885999e-10,4.935952371269358e-10,4.936073805148594e-10,4.93619521153128e-10,4.936316590455062e-10,4.936437941883024e-10,4.936559265878494e-10,4.936680562409611e-10,4.936801831498057e-10,4.936923073173105e-10,4.937044287429507e-10,4.937165474290235e-10,4.937286633763572e-10,4.937407765868789e-10,4.937528870635165e-10,4.937649948015021e-10,4.937770998054165e-10,4.937892020765462e-10,4.938013016166371e-10,4.938133984255367e-10,4.938254925054154e-10,4.938375838575591e-10,4.938496724811061e-10,4.93861758380051e-10,4.938738415544441e-10,4.938859220051775e-10,4.938979997342284e-10,4.939100747418969e-10,4.939221470285802e-10,4.939342165978286e-10,4.93946283448806e-10,4.939583475836063e-10,4.939704090029857e-10,4.939824677086813e-10,4.939945237011982e-10,4.940065769818952e-10,4.940186275517474e-10,4.940306754123715e-10,4.940427205645492e-10,4.940547630099631e-10,4.940668027490515e-10,4.94078839783965e-10,4.940908741146031e-10,4.941029057431831e-10,4.941149346699829e-10,4.941269608963082e-10,4.941389844239587e-10,4.941510052542793e-10,4.941630233873799e-10,4.941750388250856e-10,4.941870515684482e-10,4.941990616184701e-10,4.942110689762846e-10,4.942230736433703e-10,4.942350756204519e-10,4.942470749091011e-10,4.942590715104831e-10,4.942710654254105e-10,4.942830566552255e-10,4.942950452007075e-10,4.943070310631344e-10,4.943190142444202e-10,4.943309947444862e-10,4.943429725650675e-10,4.943549477075703e-10,4.94366920173264e-10,4.943788899626452e-10,4.943908570769225e-10,4.944028215174078e-10,4.944147832851459e-10,4.944267423813546e-10,4.944386988073953e-10,4.944506525643496e-10,4.944626036529895e-10,4.944745520748182e-10,4.944864978313662e-10,4.944984409227406e-10,4.945103813505372e-10,4.945223191162256e-10,4.94534254220593e-10,4.945461866647525e-10,4.94558116449595e-10,4.945700435758582e-10,4.945819680461726e-10,4.945938898609767e-10,4.946058090217061e-10,4.946177255284478e-10,4.946296393829845e-10,4.946415505868047e-10,4.9465345914023e-10,4.946653650449318e-10,4.946772683018587e-10,4.946891689121006e-10,4.947010668772544e-10,4.947129621978039e-10,4.947248548749194e-10,4.947367449098491e-10,4.947486323037842e-10,4.947605170585226e-10,4.947723991737863e-10,4.947842786516352e-10,4.947961554926906e-10,4.948080296986773e-10,4.948199012715122e-10,4.948317702101055e-10,4.948436365171553e-10,4.948555001923308e-10,4.948673612377871e-10,4.948792196559188e-10,4.948910754456129e-10,4.94902928608161e-10,4.949147791456911e-10,4.949266270587762e-10,4.949384723487809e-10,4.949503150161302e-10,4.949621550633244e-10,4.949739924911162e-10,4.949858272988208e-10,4.949976594888766e-10,4.950094890626955e-10,4.950213160213911e-10,4.950331403656764e-10,4.950449620963397e-10,4.950567812146179e-10,4.950685977218589e-10,4.950804116191661e-10,4.950922229089547e-10,4.951040315898276e-10,4.951158376624221e-10,4.951276411325211e-10,4.951394419972632e-10,4.951512402583977e-10,4.951630359174415e-10,4.951748289746379e-10,4.951866194318717e-10,4.951984072914835e-10,4.952101925517137e-10,4.952219752154846e-10,4.95233755284177e-10,4.952455327583456e-10,4.952573076384484e-10,4.952690799257262e-10,4.952808496203129e-10,4.952926167259402e-10,4.95304381240628e-10,4.953161431695731e-10,4.95327902510933e-10,4.953396592673054e-10,4.953514134381123e-10,4.953631650250532e-10,4.953749140293158e-10,4.95386660452327e-10,4.953984042945109e-10,4.95410145557077e-10,4.954218842418272e-10,4.954336203487992e-10,4.954453538795553e-10,4.954570848352637e-10,4.954688132169937e-10,4.954805390259124e-10,4.954922622622045e-10,4.955039829281351e-10,4.955157010245444e-10,4.955274165523275e-10,4.955391295123755e-10,4.95550839906023e-10,4.95562547734187e-10,4.955742529986328e-10,4.95585955699228e-10,4.955976558391561e-10,4.956093534170864e-10,4.956210484343111e-10,4.956327408923416e-10,4.956444307906473e-10,4.956561181339398e-10,4.956678029213112e-10,4.956794851541077e-10,4.956911648330791e-10,4.957028419598314e-10,4.957145165346809e-10,4.957261885590635e-10,4.957378580344085e-10,4.95749524961006e-10,4.957611893401927e-10,4.957728511730838e-10,4.957845104611059e-10,4.957961672043342e-10,4.958078214050268e-10,4.958194730636223e-10,4.958311221812738e-10,4.958427687589177e-10,4.958544127980603e-10,4.95866054299409e-10,4.958776932653095e-10,4.958893296943829e-10,4.959009635895426e-10,4.959125949502624e-10,4.959242237784047e-10,4.959358500750564e-10,4.959474738414405e-10,4.959590950792819e-10,4.959707137882319e-10,4.959823299696759e-10,4.959939436261127e-10,4.960055547577262e-10,4.960171633639332e-10,4.960287694479107e-10,4.960403730086301e-10,4.960519740483333e-10,4.960635725678604e-10,4.960751685688631e-10,4.960867620528268e-10,4.960983530206994e-10,4.961099414714872e-10,4.96121527406829e-10,4.961331108287832e-10,4.961446917381923e-10,4.961562701358677e-10,4.961678460232051e-10,4.961794194011148e-10,4.961909902704078e-10,4.962025586320869e-10,4.962141244872579e-10,4.962256878372026e-10,4.962372486820709e-10,4.962488070253961e-10,4.962603628683313e-10,4.962719162070328e-10,4.962834670453521e-10,4.96295015382794e-10,4.96306561223646e-10,4.963181045677586e-10,4.96329645415138e-10,4.963411837696676e-10,4.963527196284955e-10,4.963642529942607e-10,4.963757838681025e-10,4.963873122504355e-10,4.96398838143401e-10,4.96410361547895e-10,4.964218824651761e-10,4.964334008942706e-10,4.96444916837675e-10,4.964564302969157e-10,4.96467941271727e-10,4.964794497638218e-10,4.964909557705939e-10,4.965024593003782e-10,4.965139603502932e-10,4.965254589211647e-10,4.965369550153702e-10,4.965484486319347e-10,4.965599397734839e-10,4.96571428440861e-10,4.965829146338088e-10,4.965943983541921e-10,4.9660587960315e-10,4.966173583811246e-10,4.966288346897445e-10,4.966403085296666e-10,4.966517799023727e-10,4.966632488082281e-10,4.966747152489238e-10,4.96686179225756e-10,4.966976407384014e-10,4.96709099788452e-10,4.967205563772135e-10,4.967320105064767e-10,4.967434621751136e-10,4.967549113858101e-10,4.967663581385484e-10,4.967778024350294e-10,4.967892442764915e-10,4.968006836629774e-10,4.968121205964511e-10,4.968235550774129e-10,4.968349871073135e-10,4.968464166866776e-10,4.968578438156451e-10,4.968692684950529e-10,4.968806907290969e-10,4.968921105166884e-10,4.969035278588063e-10,4.969149427562288e-10,4.969263552102576e-10,4.969377652234059e-10,4.96949172794209e-10,4.969605779247234e-10,4.969719806158001e-10,4.969833808683711e-10,4.969947786829722e-10,4.970061740622598e-10,4.970175670055203e-10,4.970289575134572e-10,4.970403455887415e-10,4.970517312312475e-10,4.970631144423072e-10,4.970744952229903e-10,4.97085873574072e-10,4.970972494988194e-10,4.971086229941154e-10,4.9711999406273e-10,4.971313627059649e-10,4.971427289245833e-10,4.971540927186282e-10,4.971654540924577e-10,4.971768130430742e-10,4.971881695735215e-10,4.971995236840422e-10,4.972108753765964e-10,4.972222246505213e-10,4.97233571508006e-10,4.972449159499047e-10,4.972562579767254e-10,4.972675975898829e-10,4.972789347896344e-10,4.972902695781484e-10,4.973016019558544e-10,4.973129319216196e-10,4.97324259480853e-10,4.973355846321555e-10,4.973469073755352e-10,4.973582277140938e-10,4.973695456486052e-10,4.973808611786604e-10,4.973921743049016e-10,4.97403485029334e-10,4.974147933522793e-10,4.974260992759389e-10,4.974374028001236e-10,4.974487039258515e-10,4.974600026551178e-10,4.974712989874575e-10,4.974825929247375e-10,4.974938844676198e-10,4.975051736171101e-10,4.975164603742516e-10,4.975277447402648e-10,4.975390267158658e-10,4.975503063017587e-10,4.975615835001176e-10,4.975728583101956e-10,4.97584130733521e-10,4.975954007711482e-10,4.976066684242445e-10,4.976179336939366e-10,4.976291965809451e-10,4.97640457085909e-10,4.976517152095504e-10,4.976629709538887e-10,4.976742243185345e-10,4.976854753060938e-10,4.97696723916695e-10,4.977079701513006e-10,4.977192140108647e-10,4.977304554963433e-10,4.977416946086914e-10,4.977529313488632e-10,4.977641657178153e-10,4.977753977165004e-10,4.977866273458716e-10,4.977978546068815e-10,4.978090795004824e-10,4.97820302027625e-10,4.978315221892611e-10,4.978427399863407e-10,4.978539554198117e-10,4.978651684906271e-10,4.978763791997338e-10,4.9788758754808e-10,4.978987935366129e-10,4.979099971662797e-10,4.979211984382087e-10,4.979323973529817e-10,4.979435939117246e-10,4.979547881153763e-10,4.97965979964897e-10,4.979771694612221e-10,4.979883566052938e-10,4.979995413980551e-10,4.980107238404473e-10,4.980219039334138e-10,4.980330816778926e-10,4.980442570748252e-10,4.980554301251511e-10,4.9806660082981e-10,4.980777691897376e-10,4.980889352058771e-10,4.981000988791629e-10,4.981112602099162e-10,4.981224192003058e-10,4.981335758506516e-10,4.981447301618995e-10,4.981558821349616e-10,4.981670317707767e-10,4.981781790702923e-10,4.981893240344339e-10,4.982004666641352e-10,4.98211606960327e-10,4.982227449239424e-10,4.982338805558927e-10,4.982450138571437e-10,4.982561448286074e-10,4.982672734712139e-10,4.982783997858913e-10,4.982895237735676e-10,4.983006454351708e-10,4.983117647716273e-10,4.983228817838632e-10,4.983339964728029e-10,4.983451088393774e-10,4.983562188845061e-10,4.983673266091145e-10,4.983784320141294e-10,4.983895351004713e-10,4.984006358690635e-10,4.984117343208253e-10,4.984228304566827e-10,4.984339242775671e-10,4.984450157843741e-10,4.984561049779796e-10,4.984671918594134e-10,4.984782764295436e-10,4.984893586893408e-10,4.985004386396124e-10,4.985115162813279e-10,4.985225916154073e-10,4.985336646427646e-10,4.985447353643186e-10,4.985558037809824e-10,4.985668698936691e-10,4.985779337032967e-10,4.985889952107736e-10,4.986000544170221e-10,4.986111113229426e-10,4.986221659294422e-10,4.98633218237449e-10,4.98644268247872e-10,4.986553159616146e-10,4.98666361379586e-10,4.986774045026976e-10,4.986884453318653e-10,4.986994838679838e-10,4.987105201119669e-10,4.987215540647195e-10,4.987325857271497e-10,4.987436151001644e-10,4.9875464218467e-10,4.987656669815699e-10,4.987766894917677e-10,4.987877097158357e-10,4.987987276553419e-10,4.988097433108565e-10,4.988207566832817e-10,4.988317677740379e-10,4.988427765829898e-10,4.988537831115589e-10,4.988647873606404e-10,4.98875789331136e-10,4.988867890239454e-10,4.988977864399737e-10,4.989087815801051e-10,4.989197744452448e-10,4.989307650362885e-10,4.989417533541338e-10,4.989527393996774e-10,4.989637231750843e-10,4.989747046787063e-10,4.989856839127103e-10,4.989966608779903e-10,4.990076355754416e-10,4.9901860800687e-10,4.990295781713352e-10,4.990405460706465e-10,4.990515117056962e-10,4.990624750773728e-10,4.990734361865676e-10,4.990843950341708e-10,4.990953516210788e-10,4.991063059491792e-10,4.991172580173392e-10,4.991282078274609e-10,4.991391553807021e-10,4.99150100677408e-10,4.991610437193611e-10,4.991719845073354e-10,4.991829230407392e-10,4.991938593212559e-10,4.992047933501237e-10,4.992157251278337e-10,4.992266546554703e-10,4.99237581934013e-10,4.992485069641505e-10,4.992594297463325e-10,4.992703502824979e-10,4.992812685729977e-10,4.992921846196321e-10,4.993030984217499e-10,4.99314009980531e-10,4.993249192968296e-10,4.993358263721921e-10,4.993467312075533e-10,4.993576338030059e-10,4.993685341598422e-10,4.993794322790036e-10,4.993903281611633e-10,4.994012218067919e-10,4.994121132173187e-10,4.994230023943191e-10,4.994338893380291e-10,4.994447740489591e-10,4.994556565276176e-10,4.994665367760237e-10,4.99477414794525e-10,4.994882905839938e-10,4.994991641453003e-10,4.995100354793122e-10,4.995209045878277e-10,4.99531771469861e-10,4.995426361272074e-10,4.995534985607455e-10,4.995643587713211e-10,4.995752167598237e-10,4.995860725270958e-10,4.995969260740151e-10,4.996077774014204e-10,4.996186265103338e-10,4.996294734014094e-10,4.996403180763293e-10,4.996511605344456e-10,4.996620007774012e-10,4.996728388060509e-10,4.996836746213315e-10,4.996945082260857e-10,4.997053396170124e-10,4.997161687970729e-10,4.997269957664714e-10,4.997378205268478e-10,4.997486430794568e-10,4.997594634246644e-10,4.997702815627631e-10,4.997810974956681e-10,4.997919112237512e-10,4.998027227479305e-10,4.998135320688633e-10,4.998243391875134e-10,4.998351441042055e-10,4.998459468208244e-10,4.998567473372663e-10,4.998675456552934e-10,4.99878341775305e-10,4.998891356976426e-10,4.99899927424221e-10,4.999107169553198e-10,4.999215042921273e-10,4.999322894343799e-10,4.999430723836647e-10,4.999538531415435e-10,4.999646317080998e-10,4.999754080838017e-10,4.999861822699446e-10,4.999969542676824e-10,5.000077240778465e-10,5.000184917005268e-10,5.000292571370894e-10,5.000400203888731e-10,5.000507814562219e-10,5.00061540339977e-10,5.000722970409863e-10,5.000830515600086e-10,5.000938038976065e-10,5.001045540554359e-10,5.001153020338903e-10,5.001260478333564e-10,5.001367914556092e-10,5.001475329011006e-10,5.001582721704653e-10,5.001690092645558e-10,5.001797441844169e-10,5.001904769306553e-10,5.002012075039141e-10,5.002119359057062e-10,5.002226621361777e-10,5.002333861968496e-10,5.002441080883194e-10,5.002548278112205e-10,5.00265545366586e-10,5.00276260755036e-10,5.002869739775095e-10,5.002976850345252e-10,5.003083939275854e-10,5.003191006592088e-10,5.0032980522583e-10,5.003405076311083e-10,5.003512078755344e-10,5.003619059596064e-10,5.003726018851721e-10,5.003832956514453e-10,5.003939872600936e-10,5.004046767120968e-10,5.004153640080582e-10,5.004260491483302e-10,5.004367321347008e-10,5.004474129675603e-10,5.004580916477363e-10,5.004687681760573e-10,5.004794425533741e-10,5.004901147805815e-10,5.005007848614828e-10,5.005114527901393e-10,5.005221185716029e-10,5.005327822061609e-10,5.005434436946505e-10,5.005541030379473e-10,5.005647602367649e-10,5.005754152952613e-10,5.005860682076624e-10,5.0059671897809e-10,5.006073676068893e-10,5.006180140958473e-10,5.00628658445297e-10,5.006393006580232e-10,5.00649940731297e-10,5.006605786671342e-10,5.006712144668378e-10,5.006818481333783e-10,5.006924796614113e-10,5.007031090573826e-10,5.007137363231921e-10,5.007243614539421e-10,5.007349844527517e-10,5.007456053211117e-10,5.007562240597236e-10,5.007668406699432e-10,5.007774551517202e-10,5.00788067509524e-10,5.007986777374095e-10,5.00809285840253e-10,5.008198918196303e-10,5.008304956745487e-10,5.008410974052422e-10,5.008516970135228e-10,5.008622945003447e-10,5.008728898662524e-10,5.008834831118968e-10,5.008940742386778e-10,5.009046632485265e-10,5.009152501393533e-10,5.009258349136388e-10,5.009364175717753e-10,5.009469981160302e-10,5.00957576544747e-10,5.009681528604659e-10,5.009787270638246e-10,5.009892991540329e-10,5.009998691333204e-10,5.010104370024804e-10,5.010210027624001e-10,5.010315664133738e-10,5.010421279571638e-10,5.010526873931446e-10,5.010632447227889e-10,5.010737999465124e-10,5.010843530658463e-10,5.010949040814475e-10,5.011054529938213e-10,5.011159998039415e-10,5.011265445124925e-10,5.011370871203358e-10,5.011476276282248e-10,5.01158166037046e-10,5.011687023470905e-10,5.011792365601275e-10,5.011897686763774e-10,5.012002986965521e-10,5.012108266225523e-10,5.012213524529226e-10,5.012318761900943e-10,5.012423978344656e-10,5.01252917387523e-10,5.012634348489469e-10,5.01273950219929e-10,5.012844635011593e-10,5.012949746945894e-10,5.013054837992321e-10,5.01315990816358e-10,5.013264957480948e-10,5.013369985933497e-10,5.013474993532672e-10,5.013579980292573e-10,5.013684946223957e-10,5.01378989132979e-10,5.013894815619417e-10,5.013999719098868e-10,5.014104601779427e-10,5.014209463663452e-10,5.01431430476838e-10,5.014419125090821e-10,5.014523924642111e-10,5.014628703428633e-10,5.014733461465764e-10,5.014838198760618e-10,5.014942915306168e-10,5.015047611131433e-10,5.015152286233696e-10,5.015256940616323e-10,5.01536157428831e-10,5.015466187264158e-10,5.015570779545763e-10,5.015675351144663e-10,5.015779902071957e-10,5.015884432320883e-10,5.015988941916106e-10,5.016093430858671e-10,5.016197899158439e-10,5.016302346817642e-10,5.016406773843717e-10,5.01651118024886e-10,5.016615566043298e-10,5.016719931228656e-10,5.016824275818449e-10,5.016928599817142e-10,5.017032903233778e-10,5.017137186083107e-10,5.017241448355689e-10,5.017345690074677e-10,5.017449911237276e-10,5.017554111859631e-10,5.017658291939971e-10,5.017762451491532e-10,5.017866590520403e-10,5.017970709037908e-10,5.018074807057376e-10,5.018178884570422e-10,5.018282941600015e-10,5.018386978139126e-10,5.018490994209353e-10,5.018594989816031e-10,5.018698964959269e-10,5.018802919645502e-10,5.018906853887149e-10,5.019010767691191e-10,5.019114661066993e-10,5.019218534020478e-10,5.019322386558026e-10,5.019426218686668e-10,5.019530030431068e-10,5.01963382177494e-10,5.019737592735871e-10,5.019841343322221e-10,5.019945073537007e-10,5.020048783393622e-10,5.020152472897414e-10,5.020256142053691e-10,5.020359790874731e-10,5.020463419361935e-10,5.020567027546488e-10,5.020670615405517e-10,5.020774182954155e-10,5.020877730201239e-10,5.020981257164361e-10,5.021084763834848e-10,5.02118825023426e-10,5.021291716358483e-10,5.02139516222171e-10,5.021498587829998e-10,5.021601993197056e-10,5.021705378319423e-10,5.021808743210526e-10,5.021912087878083e-10,5.022015412330463e-10,5.022118716584802e-10,5.022222000620735e-10,5.022325264459287e-10,5.022428508113406e-10,5.022531731595039e-10,5.022634934915357e-10,5.022738118060825e-10,5.02284128105035e-10,5.022944423891184e-10,5.023047546590648e-10,5.023150649153333e-10,5.023253731592487e-10,5.023356793919132e-10,5.023459836125884e-10,5.023562858229872e-10,5.023665860237497e-10,5.023768842157636e-10,5.02387180399479e-10,5.023974745758728e-10,5.024077667455608e-10,5.024180569099936e-10,5.024283450698405e-10,5.024386312239968e-10,5.024489153733999e-10,5.024591975212064e-10,5.024694776660716e-10,5.024797558107951e-10,5.024900319539313e-10,5.025003060969493e-10,5.02510578240747e-10,5.025208483860252e-10,5.025311165335458e-10,5.025413826842019e-10,5.02551646838438e-10,5.025619089964959e-10,5.025721691605745e-10,5.025824273305932e-10,5.025926835071552e-10,5.02602937691316e-10,5.026131898852346e-10,5.026234400858431e-10,5.026336882969414e-10,5.026439345181288e-10,5.026541787501839e-10,5.026644209931356e-10,5.02674661249642e-10,5.026848995194818e-10,5.026951358035798e-10,5.027053701015346e-10,5.02715602415645e-10,5.027258327461459e-10,5.027360610930548e-10,5.027462874575322e-10,5.027565118402507e-10,5.027667342427815e-10,5.027769546646828e-10,5.027871731070934e-10,5.02797389570197e-10,5.028076040562293e-10,5.028178165656292e-10,5.028280270986953e-10,5.028382356551464e-10,5.028484422373913e-10,5.028586468447883e-10,5.028688494792987e-10,5.02879050140545e-10,5.028892488314889e-10,5.028994455489425e-10,5.029096402959187e-10,5.029198330735041e-10,5.029300238819636e-10,5.029402127216379e-10,5.029503995939015e-10,5.029605844991786e-10,5.029707674379675e-10,5.029809484113807e-10,5.029911274188759e-10,5.03001304462214e-10,5.030114795431809e-10,5.030216526615893e-10,5.030318238179616e-10,5.030419930130207e-10,5.030521602476839e-10,5.030623255223794e-10,5.030724888371258e-10,5.030826501944265e-10,5.030928095943725e-10,5.031029670374861e-10,5.031131225236877e-10,5.031232760550938e-10,5.031334276309373e-10,5.031435772530481e-10,5.031537249218721e-10,5.031638706379942e-10,5.031740144023134e-10,5.03184156215354e-10,5.031942960780088e-10,5.032044339907666e-10,5.03214569953325e-10,5.032247039688449e-10,5.032348360365075e-10,5.032449661566738e-10,5.032550943313839e-10,5.032652205613642e-10,5.032753448452482e-10,5.032854671854895e-10,5.032955875824623e-10,5.033057060360422e-10,5.03315822548426e-10,5.03325937119564e-10,5.033360497501894e-10,5.033461604410106e-10,5.033562691926802e-10,5.033663760060044e-10,5.033764808811934e-10,5.03386583818882e-10,5.033966848209529e-10,5.034067838873364e-10,5.034168810188387e-10,5.034269762165807e-10,5.034370694809078e-10,5.034471608124597e-10,5.034572502119722e-10,5.034673376801697e-10,5.034774232177792e-10,5.034875068255731e-10,5.034975885039513e-10,5.035076682538055e-10,5.03517746075812e-10,5.035278219705094e-10,5.035378959370967e-10,5.035479679798766e-10,5.035580380976408e-10,5.035681062911202e-10,5.03578172560814e-10,5.035882369077324e-10,5.035982993324344e-10,5.036083598356199e-10,5.036184184179862e-10,5.036284750802613e-10,5.036385298230852e-10,5.036485826471841e-10,5.036586335532546e-10,5.036686825410015e-10,5.036787296124205e-10,5.036887747685865e-10,5.03698818009509e-10,5.037088593358836e-10,5.037188987484047e-10,5.037289362477668e-10,5.037389718347455e-10,5.037490055090735e-10,5.037590372731224e-10,5.037690671267863e-10,5.037790950707582e-10,5.037891211058225e-10,5.037991452324862e-10,5.038091674515335e-10,5.038191877637324e-10,5.038292061696818e-10,5.038392226700816e-10,5.0384923726557e-10,5.038592499568933e-10,5.038692607448189e-10,5.038792696299584e-10,5.038892766129218e-10,5.038992816944942e-10,5.039092848746601e-10,5.039192861552716e-10,5.039292855367207e-10,5.039392830215995e-10,5.039492786064129e-10,5.039592722940321e-10,5.039692640849913e-10,5.039792539800138e-10,5.039892419798334e-10,5.039992280850541e-10,5.040092122963367e-10,5.040191946146451e-10,5.040291750403403e-10,5.040391535742801e-10,5.04049130217036e-10,5.040591049693392e-10,5.040690778319216e-10,5.040790488027008e-10,5.040890178877838e-10,5.040989850845247e-10,5.041089503947833e-10,5.041189138187418e-10,5.041288753569728e-10,5.041388350101566e-10,5.041487927790964e-10,5.041587486637093e-10,5.04168702666042e-10,5.04178654786022e-10,5.041886050248358e-10,5.041985533841098e-10,5.04208499861283e-10,5.042184444589119e-10,5.042283871773493e-10,5.042383280183266e-10,5.042482669809071e-10,5.042582040672031e-10,5.04268139277037e-10,5.042780726112842e-10,5.042880040707905e-10,5.04297933656042e-10,5.043078613678201e-10,5.043177872067456e-10,5.043277111734802e-10,5.043376332687222e-10,5.043475534932021e-10,5.043574718474516e-10,5.043673883323185e-10,5.043773029488197e-10,5.043872156966155e-10,5.043971265770007e-10,5.044070355930604e-10,5.044169427405209e-10,5.044268480224259e-10,5.044367514395191e-10,5.044466529922794e-10,5.044565526825216e-10,5.044664505093648e-10,5.044763464750502e-10,5.044862405782159e-10,5.044961328207437e-10,5.045060232029944e-10,5.045159117260876e-10,5.045257983892928e-10,5.04535683195303e-10,5.045455661438907e-10,5.045554472357146e-10,5.045653264722695e-10,5.045752038524881e-10,5.045850793778798e-10,5.045949530491654e-10,5.046048248673025e-10,5.046146948322239e-10,5.046245629450549e-10,5.046344292064069e-10,5.046442936168897e-10,5.046541561797258e-10,5.046640168906264e-10,5.046738757526015e-10,5.046837327663858e-10,5.046935879325337e-10,5.047034412518436e-10,5.047132927258109e-10,5.047231423533137e-10,5.047329901359912e-10,5.047428360744617e-10,5.047526801693529e-10,5.04762522421315e-10,5.047723628311345e-10,5.0478220139962e-10,5.047920381267595e-10,5.048018730136268e-10,5.048117060608341e-10,5.048215372690563e-10,5.048313666392724e-10,5.048411941715154e-10,5.048510198668744e-10,5.048608437260594e-10,5.048706657492109e-10,5.048804859365057e-10,5.04890304290006e-10,5.049001208097478e-10,5.049099354963747e-10,5.049197483510448e-10,5.049295593734537e-10,5.049393685646956e-10,5.049491759250472e-10,5.049589814559778e-10,5.049687851577109e-10,5.049785870309781e-10,5.049883870762384e-10,5.04998185294241e-10,5.050079816850907e-10,5.050177762505e-10,5.05027568990621e-10,5.05037359906064e-10,5.050471489968977e-10,5.050569362649625e-10,5.05066721710604e-10,5.050765053332454e-10,5.050862871350037e-10,5.050960671161412e-10,5.051058452770279e-10,5.051156216193095e-10,5.051253961417849e-10,5.05135168846153e-10,5.051449397329244e-10,5.051547088028533e-10,5.051644760562688e-10,5.051742414942113e-10,5.051840051169417e-10,5.051937669255269e-10,5.052035269204497e-10,5.052132851023202e-10,5.052230414717785e-10,5.052327960294769e-10,5.052425487759963e-10,5.05252299712e-10,5.052620488381387e-10,5.052717961550057e-10,5.052815416632563e-10,5.052912853635999e-10,5.053010272566312e-10,5.05310767343001e-10,5.053205056233309e-10,5.053302420982944e-10,5.053399767684696e-10,5.053497096345273e-10,5.053594406970939e-10,5.053691699541091e-10,5.053788974115784e-10,5.053886230674662e-10,5.053983469224023e-10,5.054080689770257e-10,5.054177892319904e-10,5.054275076878948e-10,5.054372243454209e-10,5.054469392051357e-10,5.054566522677317e-10,5.054663635338013e-10,5.054760730040156e-10,5.054857806789614e-10,5.054954865592866e-10,5.055051906456215e-10,5.055148929386418e-10,5.055245934389277e-10,5.055342921470931e-10,5.055439890637777e-10,5.055536841896593e-10,5.055633775253539e-10,5.055730690714719e-10,5.055827588286262e-10,5.055924467974734e-10,5.056021329786628e-10,5.056118173727414e-10,5.056214999804555e-10,5.056311808023189e-10,5.056408598390197e-10,5.056505370911547e-10,5.056602125593175e-10,5.056698862442182e-10,5.056795581464377e-10,5.056892282665891e-10,5.056988966053256e-10,5.057085631632847e-10,5.057182279410807e-10,5.057278909392925e-10
11,9.323534118837402e-25,1.2937475830695897e-24,1.6047428403950975e-24,1.8916749542005937e-24,2.1727031010285235e-24,2.4456239098158946e-24,2.7130061703945038e-24,2.9768998763042397e-24,3.2374008603308304e-24,3.495550561480694e-24,3.75242072492856e-24,4.008872517205048e-24,4.2636523804899525e-24,4.518780821042943e-24,4.7735142553382486e-24,5.027965185009974e-24,5.282214071523707e-24,5.536318458020703e-24,5.7903194982573665e-24,6.044246625334633e-24,6.298120889435114e-24,6.551957345764942e-24,6.805766761866526e-24,7.05955683873102e-24,7.313333083906028e-24,7.56709943669613e-24,7.820858714308645e-24,8.074612931832837e-24,8.328363530270807e-24,8.582111540335956e-24,8.835857699077371e-24,9.089602533915206e-24,9.343346421849262e-24,9.597089632507435e-24,9.850832358801086e-24,1.0104574738573597e-23,1.035831687075343e-23,1.0612058825594045e-23,1.0865800653848755e-23,1.1119542391373615e-23,1.137328406410154e-23,1.1627025690555963e-23,1.1880767283842046e-23,1.2134508853341444e-23,1.238825040596697e-23,1.2641991946532598e-23,1.2895733478290062e-23,1.3149475003938566e-23,1.3403216525185056e-23,1.365695804328108e-23,1.3910699559033188e-23,1.4164441073212358e-23,1.441818258633682e-23,1.4671924098574302e-23,1.49256656101736e-23,1.517940712139539e-23,1.5433148632381114e-23,1.5686890143142177e-23,1.5940631653803992e-23,1.6194373164375385e-23,1.644811467479753e-23,1.670185618512783e-23,1.6955597695564465e-23,1.7209339205912412e-23,1.746308071629509e-23,1.7716822226633974e-23,1.797056373701682e-23,1.8224305247350206e-23,1.8478046757701165e-23,1.873178826817782e-23,1.8985529778547585e-23,1.9239271288903463e-23,1.9493012799431005e-23,1.9746754309899428e-23,2.000049582027954e-23,2.025423733084709e-23,2.0507978841258035e-23,2.0761720351825563e-23,2.1015461862409555e-23,2.1269203372879823e-23,2.1522944883401943e-23,2.1776686393956424e-23,2.2030427904536013e-23,2.2284169415002796e-23,2.2537910925607597e-23,2.2791652436296145e-23,2.304539394693931e-23,2.3299135457599187e-23,2.3552876968309318e-23,2.3806618478976429e-23,2.4060359989665016e-23,2.4314101500497642e-23,2.4567843011152457e-23,2.4821584521983734e-23,2.507532603272308e-23,2.5329067543510687e-23,2.5582809054327747e-23,2.5836550565126042e-23,2.6090292075970938e-23,2.6344033586797966e-23,2.659777509764062e-23,2.6851516608580227e-23,2.7105258119512826e-23,2.735899963034633e-23,2.761274114130603e-23,2.786648265226423e-23,2.8120224163223545e-23,2.837396567420699e-23,2.862770718514291e-23,2.88814486961385e-23,2.9135190207133745e-23,2.938893171812622e-23,2.9642673229191024e-23,2.989641474020654e-23,3.0150156251225547e-23,3.0403897762304706e-23,3.0657639273451486e-23,3.091138078457067e-23,3.11651222957333e-23,3.141886380685905e-23,3.167260531802336e-23,3.1926346829198864e-23,3.218008834039191e-23,3.243382985162928e-23,3.2687571362771606e-23,3.2941312874033525e-23,3.3195054385304426e-23,3.3448795896637145e-23,3.3702537407911267e-23,3.395627891924906e-23,3.4210020430501445e-23,3.4463761941866e-23,3.471750345324382e-23,3.4971244964513246e-23,3.522498647597647e-23,3.547872798739547e-23,3.573246949871115e-23,3.5986211010170084e-23,3.623995252166186e-23,3.6493694033071504e-23,3.6747435544548e-23,3.70011770561021e-23,3.725491856756912e-23,3.7508660079096236e-23,3.776240159059104e-23,3.8016143102014136e-23,3.826988461348019e-23,3.852362612502784e-23,3.8777367636618e-23,3.903110914824115e-23,3.9284850659920144e-23,3.953859217161067e-23,3.979233368322718e-23,4.004607519495473e-23,4.0299816706586244e-23,4.0553558218314905e-23,4.08072997300143e-23,4.106104124172569e-23,4.131478275346978e-23,4.1568524265185464e-23,4.182226577703643e-23,4.207600728881923e-23,4.232974880063233e-23,4.258349031246671e-23,4.2837231824267924e-23,4.3090973336064906e-23,4.334471484788106e-23,4.3598456359825653e-23,4.385219787165464e-23,4.4105939383558077e-23,4.4359680895455216e-23,4.461342240733135e-23,4.486716391929972e-23,4.512090543127701e-23,4.5374646943204916e-23,4.562838845513471e-23,4.588212996713948e-23,4.613587147913821e-23,4.6389612991168297e-23,4.664335450317541e-23,4.689709601530268e-23,4.7150837527321995e-23,4.7404579039497674e-23,4.765832055161501e-23,4.7912062063752064e-23,4.816580357587766e-23,4.841954508796358e-23,4.867328660010384e-23,4.8927028112311873e-23,4.9180769624487734e-23,4.943451113674391e-23,4.968825264903362e-23,4.9941994161331735e-23,5.019573567362123e-23,5.044947718583001e-23,5.070321869812187e-23,5.0956960210375966e-23,5.1210701722742327e-23,5.1464443235056056e-23,5.171818474734991e-23,5.1971926259739454e-23,5.222566777219066e-23,5.2479409284585436e-23,5.2733150797060237e-23,5.298689230946597e-23,5.32406338218653e-23,5.349437533440145e-23,5.374811684681653e-23,5.400185835932266e-23,5.425559987187433e-23,5.450934138434744e-23,5.476308289700698e-23,5.501682440955928e-23,5.527056592215341e-23,5.552430743475835e-23,5.577804894727261e-23,5.603179045988027e-23,5.628553197254645e-23,5.653927348516856e-23,5.679301499776623e-23,5.704675651042249e-23,5.730049802314442e-23,5.75542395357477e-23,5.780798104848623e-23,5.806172256125154e-23,5.83154640739273e-23,5.85692055866749e-23,5.882294709946663e-23,5.90766886122335e-23,5.933043012507188e-23,5.958417163792244e-23,5.983791315081531e-23,6.009165466364725e-23,6.034539617653465e-23,6.059913768946998e-23,6.085287920239293e-23,6.110662071524524e-23,6.136036222816339e-23,6.16141037411571e-23,6.186784525400432e-23,6.212158676705548e-23,6.237532828009143e-23,6.262906979308927e-23,6.288281130612606e-23,6.313655281920926e-23,6.339029433224479e-23,6.364403584526797e-23,6.389777735838738e-23,6.415151887149671e-23,6.440526038451366e-23,6.465900189767515e-23,6.491274341080294e-23,6.516648492391991e-23,6.542022643715535e-23,6.567396795037871e-23,6.592770946361217e-23,6.618145097677935e-23,6.643519249007085e-23,6.66889340033251e-23,6.694267551656311e-23,6.719641702986308e-23,6.745015854310788e-23,6.770390005647398e-23,6.795764156979726e-23,6.821138308311238e-23,6.846512459656151e-23,6.871886610999698e-23,6.897260762332865e-23,6.922634913667736e-23,6.948009065011747e-23,6.973383216358786e-23,6.998757367702763e-23,7.024131519043278e-23,7.049505670392601e-23,7.074879821753533e-23,7.100253973106086e-23,7.125628124456604e-23,7.151002275807346e-23,7.176376427160044e-23,7.201750578527489e-23,7.227124729888961e-23,7.252498881247536e-23,7.277873032602729e-23,7.303247183957491e-23,7.328621335323453e-23,7.353995486685868e-23,7.379369638058255e-23,7.404743789425579e-23,7.430117940798369e-23,7.455492092175127e-23,7.480866243551406e-23,7.506240394933576e-23,7.531614546314972e-23,7.556988697688995e-23,7.582362849072834e-23,7.607737000449695e-23,7.633111151834425e-23,7.658485303227319e-23,7.68385945460831e-23,7.709233605996773e-23,7.734607757389219e-23,7.759981908783313e-23,7.785356060178736e-23,7.810730211575759e-23,7.836104362965783e-23,7.861478514365526e-23,7.886852665764703e-23,7.912226817171845e-23,7.9376009685634e-23,7.962975119962967e-23,7.98834927136602e-23,8.013723422771188e-23,8.039097574181108e-23,8.064471725580557e-23,8.089845876989979e-23,8.11522002840033e-23,8.140594179822617e-23,8.165968331229511e-23,8.191342482637953e-23,8.21671663406029e-23,8.242090785473908e-23,8.267464936896592e-23,8.292839088320796e-23,8.318213239746715e-23,8.343587391166118e-23,8.368961542592778e-23,8.394335694025221e-23,8.419709845458716e-23,8.445083996889452e-23,8.470458148325461e-23,8.495832299753381e-23,8.521206451180563e-23,8.546580602617257e-23,8.57195475406153e-23,8.597328905497119e-23,8.622703056943138e-23,8.648077208387514e-23,8.673451359824237e-23,8.698825511271958e-23,8.724199662721384e-23,8.749573814173986e-23,8.77494796563515e-23,8.800322117084454e-23,8.82569626854476e-23,8.851070419990831e-23,8.876444571446002e-23,8.901818722906739e-23,8.927192874359382e-23,8.952567025819031e-23,8.977941177277067e-23,9.003315328750168e-23,9.02868948021627e-23,9.054063631681836e-23,9.07943778315274e-23,9.104811934619491e-23,9.130186086086712e-23,9.155560237561894e-23,9.180934389042225e-23,9.206308540519814e-23,9.231682691998702e-23,9.257056843482379e-23,9.282430994963313e-23,9.307805146448922e-23,9.333179297926812e-23,9.358553449419166e-23,9.383927600914992e-23,9.409301752404922e-23,9.434675903892418e-23,9.460050055384973e-23,9.485424206878834e-23,9.510798358363347e-23,9.536172509857867e-23,9.561546661355869e-23,9.586920812848561e-23,9.612294964350039e-23,9.637669115854566e-23,9.663043267356477e-23,9.688417418859926e-23,9.713791570377753e-23,9.739165721884665e-23,9.764539873399371e-23,9.789914024907427e-23,9.815288176420361e-23,9.840662327927754e-23,9.866036479447891e-23,9.891410630972627e-23,9.916784782480301e-23,9.942158934010254e-23,9.967533085534765e-23,9.992907237051345e-23,1.0018281388584647e-22,1.0043655540115836e-22,1.0069029691641883e-22,1.0094403843174295e-22,1.0119777994711551e-22,1.0145152146251667e-22,1.0170526297779774e-22,1.0195900449315949e-22,1.0221274600848507e-22,1.0246648752382706e-22,1.0272022903931169e-22,1.0297397055470958e-22,1.0322771207010057e-22,1.0348145358552337e-22,1.0373519510104057e-22,1.0398893661646185e-22,1.0424267813197832e-22,1.0449641964748706e-22,1.0475016116300079e-22,1.0500390267850861e-22,1.0525764419409303e-22,1.0551138570963134e-22,1.0576512722517026e-22,1.0601886874080052e-22,1.0627261025638697e-22,1.065263517720019e-22,1.0678009328768902e-22,1.0703383480332963e-22,1.0728757631900599e-22,1.0754131783470787e-22,1.0779505935036758e-22,1.080488008661013e-22,1.0830254238182606e-22,1.0855628389751873e-22,1.0881002541326683e-22,1.0906376692908871e-22,1.0931750844492153e-22,1.0957124996064854e-22,1.0982499147648446e-22,1.1007873299234269e-22,1.1033247450817082e-22,1.10586216024053e-22,1.1083995753997957e-22,1.1109369905589815e-22,1.1134744057183233e-22,1.1160118208773683e-22,1.1185492360366777e-22,1.12108665119676e-22,1.123624066356522e-22,1.1261614815165871e-22,1.1286988966769402e-22,1.1312363118367122e-22,1.1337737269978543e-22,1.1363111421583545e-22,1.1388485573185772e-22,1.1413859724799198e-22,1.143923387640912e-22,1.1464608028011967e-22,1.1489982179616875e-22,1.1515356331232106e-22,1.1540730482847781e-22,1.1566104634467987e-22,1.1591478786090654e-22,1.1616852937710171e-22,1.1642227089333948e-22,1.1667601240959192e-22,1.169297539258678e-22,1.171834954421813e-22,1.1743723695844476e-22,1.1769097847467028e-22,1.1794471999096782e-22,1.181984615073535e-22,1.1845220302365957e-22,1.1870594454001315e-22,1.1895968605639633e-22,1.192134275727805e-22,1.1946716908915173e-22,1.1972091060562293e-22,1.199746521220818e-22,1.202283936385765e-22,1.2048213515506169e-22,1.207358766715628e-22,1.2098961818802428e-22,1.2124335970458256e-22,1.2149710122112829e-22,1.2175084273768344e-22,1.2200458425422235e-22,1.2225832577075926e-22,1.2251206728730623e-22,1.2276580880392488e-22,1.2301955032058874e-22,1.232732918372098e-22,1.2352703335387867e-22,1.2378077487055656e-22,1.2403451638727013e-22,1.242882579038931e-22,1.245419994205561e-22,1.2479574093734083e-22,1.250494824540622e-22,1.253032239707948e-22,1.2555696548754302e-22,1.2581070700434138e-22,1.2606444852111593e-22,1.2631819003798856e-22,1.2657193155479668e-22,1.268256730716163e-22,1.2707941458845335e-22,1.2733315610539042e-22,1.2758689762227805e-22,1.2784063913915734e-22,1.2809438065608794e-22,1.2834812217302847e-22,1.2860186369002775e-22,1.288556052069605e-22,1.291093467239327e-22,1.2936308824092503e-22,1.2961682975793691e-22,1.298705712749363e-22,1.3012431279195045e-22,1.3037805430905846e-22,1.3063179582612156e-22,1.3088553734317508e-22,1.3113927886024458e-22,1.3139302037737977e-22,1.3164676189445628e-22,1.319005034115523e-22,1.3215424492876543e-22,1.324079864458702e-22,1.3266172796309267e-22,1.3291546948037008e-22,1.3316921099759035e-22,1.3342295251479378e-22,1.3367669403205896e-22,1.3393043554926644e-22,1.341841770665675e-22,1.3443791858390684e-22,1.3469166010116024e-22,1.3494540161852662e-22,1.3519914313585826e-22,1.3545288465325436e-22,1.3570662617063793e-22,1.3596036768801104e-22,1.3621410920542758e-22,1.364678507228609e-22,1.3672159224032962e-22,1.3697533375769262e-22,1.3722907527518309e-22,1.3748281679264088e-22,1.3773655831013956e-22,1.3799029982765377e-22,1.382440413451824e-22,1.3849778286274678e-22,1.3875152438025467e-22,1.3900526589773786e-22,1.392590074153738e-22,1.3951274893301963e-22,1.3976649045052658e-22,1.4002023196821174e-22,1.4027397348592917e-22,1.4052771500361788e-22,1.407814565212716e-22,1.4103519803905776e-22,1.412889395567914e-22,1.4154268107453283e-22,1.417964225922173e-22,1.4205016410999104e-22,1.4230390562777628e-22,1.4255764714561662e-22,1.4281138866338616e-22,1.430651301812407e-22,1.4331887169914744e-22,1.4357261321693648e-22,1.4382635473476773e-22,1.4408009625266445e-22,1.4433383777059446e-22,1.445875792884202e-22,1.4484132080638062e-22,1.4509506232434855e-22,1.4534880384223497e-22,1.4560254536018626e-22,1.458562868781525e-22,1.46110028396203e-22,1.463637699142475e-22,1.466175114322338e-22,1.4687125295034552e-22,1.471249944683883e-22,1.4737873598642122e-22,1.476324775044955e-22,1.4788621902262886e-22,1.4813996054066128e-22,1.4839370205880375e-22,1.486474435769388e-22,1.4890118509508895e-22,1.4915492661331796e-22,1.4940866813154479e-22,1.496624096498208e-22,1.4991615116804475e-22,1.5016989268623586e-22,1.5042363420457301e-22,1.50677375722773e-22,1.5093111724105817e-22,1.5118485875939904e-22,1.5143860027775848e-22,1.5169234179613722e-22,1.5194608331443345e-22,1.5219982483274594e-22,1.524535663510996e-22,1.5270730786959345e-22,1.529610493879081e-22,1.5321479090645412e-22,1.5346853242488309e-22,1.537222739433552e-22,1.5397601546179376e-22,1.5422975698024537e-22,1.5448349849873153e-22,1.5473724001718764e-22,1.549909815357245e-22,1.552447230542846e-22,1.5549846457281095e-22,1.5575220609143343e-22,1.5600594760998847e-22,1.5625968912855868e-22,1.565134306471854e-22,1.5676717216581284e-22,1.5702091368445174e-22,1.5727465520314265e-22,1.5752839672183015e-22,1.577821382404648e-22,1.5803587975919704e-22,1.5828962127789035e-22,1.585433627967179e-22,1.5879710431537037e-22,1.5905084583414904e-22,1.593045873529958e-22,1.59558328871815e-22,1.5981207039056938e-22,1.6006581190938374e-22,1.6031955342818783e-22,1.605732949470061e-22,1.6082703646592074e-22,1.610807779847882e-22,1.6133451950374673e-22,1.6158826102261895e-22,1.6184200254153877e-22,1.6209574406056872e-22,1.623494855795689e-22,1.6260322709848101e-22,1.6285696861741203e-22,1.6311071013644094e-22,1.6336445165551198e-22,1.636181931745975e-22,1.6387193469371688e-22,1.6412567621276737e-22,1.6437941773190506e-22,1.6463315925099573e-22,1.6488690077014856e-22,1.6514064228933534e-22,1.6539438380849374e-22,1.6564812532763205e-22,1.6590186684683848e-22,1.6615560836604106e-22,1.664093498852225e-22,1.6666309140449156e-22,1.6691683292371417e-22,1.671705744429569e-22,1.674243159622282e-22,1.6767805748149936e-22,1.6793179900086808e-22,1.681855405201892e-22,1.6843928203954626e-22,1.6869302355891874e-22,1.6894676507832402e-22,1.6920050659764518e-22,1.6945424811697914e-22,1.6970798963638524e-22,1.6996173115588493e-22,1.702154726752015e-22,1.7046921419470998e-22,1.7072295571409614e-22,1.7097669723349968e-22,1.7123043875299684e-22,1.7148418027257135e-22,1.7173792179204086e-22,1.7199166331157932e-22,1.7224540483109865e-22,1.7249914635066607e-22,1.7275288787028917e-22,1.7300662938987078e-22,1.7326037090958133e-22,1.7351411242927677e-22,1.7376785394883863e-22,1.7402159546849288e-22,1.7427533698827956e-22,1.7452907850789236e-22,1.7478282002761409e-22,1.7503656154735083e-22,1.7529030306712197e-22,1.7554404458684847e-22,1.7579778610670683e-22,1.7605152762652777e-22,1.7630526914637475e-22,1.765590106661923e-22,1.76812752186006e-22,1.7706649370585514e-22,1.7732023522571938e-22,1.7757397674558155e-22,1.7782771826549592e-22,1.7808145978533298e-22,1.7833520130525475e-22,1.785889428252822e-22,1.7884268434521426e-22,1.7909642586519767e-22,1.793501673851409e-22,1.7960390890515791e-22,1.7985765042515266e-22,1.801113919451995e-22,1.8036513346516916e-22,1.8061887498522329e-22,1.808726165053984e-22,1.8112635802542464e-22,1.813800995455431e-22,1.8163384106572893e-22,1.8188758258577015e-22,1.8214132410589958e-22,1.8239506562613794e-22,1.8264880714637236e-22,1.8290254866653936e-22,1.831562901867407e-22,1.8341003170695727e-22,1.8366377322727673e-22,1.839175147475726e-22,1.8417125626783333e-22,1.8442499778812575e-22,1.8467873930849875e-22,1.849324808287623e-22,1.8518622234908014e-22,1.854399638694466e-22,1.8569370538979028e-22,1.859474469101773e-22,1.8620118843059377e-22,1.8645492995096648e-22,1.8670867147135626e-22,1.8696241299181528e-22,1.872161545122481e-22,1.87469896032661e-22,1.8772363755316438e-22,1.879773790736088e-22,1.8823112059407296e-22,1.8848486211461255e-22,1.887386036351628e-22,1.889923451557765e-22,1.8924608667633623e-22,1.8949982819701083e-22,1.8975356971761001e-22,1.9000731123826604e-22,1.90261052758911e-22,1.9051479427959494e-22,1.907685358002303e-22,1.9102227732100063e-22,1.9127601884173044e-22,1.9152976036252612e-22,1.9178350188332927e-22,1.920372434039904e-22,1.9229098492479015e-22,1.925447264456397e-22,1.927984679664646e-22,1.930522094872357e-22,1.9330595100807163e-22,1.9355969252892653e-22,1.9381343404978025e-22,1.9406717557064488e-22,1.9432091709149654e-22,1.9457465861234766e-22,1.948284001333472e-22,1.9508214165425383e-22,1.9533588317512032e-22,1.9558962469612315e-22,1.9584336621702511e-22,1.960971077380288e-22,1.9635084925911523e-22,1.9660459078009528e-22,1.9685833230106935e-22,1.97112073822113e-22,1.9736581534317623e-22,1.976195568642664e-22,1.9787329838540567e-22,1.981270399065881e-22,1.9838078142771166e-22,1.9863452294880168e-22,1.9888826446987379e-22,1.991420059910335e-22,1.9939574751226408e-22,1.9964948903345809e-22,1.9990323055469234e-22,2.0015697207590903e-22,2.0041071359712827e-22,2.0066445511840987e-22,2.0091819663970577e-22,2.0117193816101631e-22,2.0142567968235606e-22,2.0167942120364671e-22,2.019331627250051e-22,2.0218690424630203e-22,2.0244064576769348e-22,2.0269438728907928e-22,2.029481288105302e-22,2.0320187033189475e-22,2.03455611853306e-22,2.037093533747999e-22,2.0396309489628774e-22,2.0421683641773946e-22,2.0447057793924267e-22,2.0472431946068393e-22,2.0497806098217296e-22,2.0523180250372169e-22,2.0548554402531538e-22,2.0573928554684147e-22,2.0599302706845113e-22,2.0624676859007443e-22,2.065005101116155e-22,2.0675425163325084e-22,2.070079931548698e-22,2.072617346764981e-22,2.0751547619816223e-22,2.0776921771981404e-22,2.0802295924153902e-22,2.0827670076323057e-22,2.0853044228492557e-22,2.0878418380664963e-22,2.0903792532848468e-22,2.0929166685018643e-22,2.0954540837199364e-22,2.097991498937546e-22,2.1005289141561343e-22,2.1030663293743784e-22,2.105603744593386e-22,2.1081411598118446e-22,2.1106785750309561e-22,2.1132159902501977e-22,2.1157534054693973e-22,2.1182908206887364e-22,2.1208282359083694e-22,2.1233656511281134e-22,2.1259030663475263e-22,2.1284404815669763e-22,2.1309778967871477e-22,2.1335153120071474e-22,2.136052727227612e-22,2.138590142448051e-22,2.141127557668646e-22,2.143664972889212e-22,2.1462023881098435e-22,2.148739803331533e-22,2.1512772185517967e-22,2.1538146337732667e-22,2.156352048995064e-22,2.158889464216876e-22,2.16142687943896e-22,2.1639642946613046e-22,2.166501709882744e-22,2.169039125104927e-22,2.1715765403277154e-22,2.17411395555053e-22,2.1766513707731545e-22,2.179188785996493e-22,2.181726201219515e-22,2.1842636164423766e-22,2.186801031665573e-22,2.1893384468893073e-22,2.1918758621128725e-22,2.194413277336429e-22,2.196950692560729e-22,2.1994881077843793e-22,2.2020255230088257e-22,2.204562938234055e-22,2.207100353458514e-22,2.209637768683823e-22,2.212175183909395e-22,2.214712599134464e-22,2.2172500143595975e-22,2.21978742958428e-22,2.222324844810037e-22,2.224862260035167e-22,2.2273996752608846e-22,2.2299370904867656e-22,2.23247450571203e-22,2.2350119209384104e-22,2.237549336165474e-22,2.2400867513915035e-22,2.242624166618958e-22,2.2451615818458237e-22,2.2476989970725703e-22,2.2502364122990385e-22,2.2527738275268986e-22,2.2553112427548945e-22,2.257848657982682e-22,2.260386073210284e-22,2.2629234884387726e-22,2.2654609036664117e-22,2.267998318894902e-22,2.270535734123552e-22,2.2730731493515095e-22,2.275610564580628e-22,2.2781479798093285e-22,2.280685395038425e-22,2.2832228102674075e-22,2.2857602254969335e-22,2.288297640726316e-22,2.290835055956479e-22,2.2933724711860313e-22,2.2959098864157025e-22,2.2984473016464237e-22,2.3009847168763846e-22,2.3035221321067268e-22,2.3060595473367093e-22,2.308596962567367e-22,2.311134377798026e-22,2.3136717930285126e-22,2.316209208260125e-22,2.3187466234912856e-22,2.321284038722922e-22,2.32382145395542e-22,2.32635886918706e-22,2.3288962844182276e-22,2.331433699650276e-22,2.3339711148826557e-22,2.336508530115189e-22,2.339045945348268e-22,2.3415833605804546e-22,2.3441207758128953e-22,2.3466581910455983e-22,2.34919560627865e-22,2.351733021512148e-22,2.354270436746321e-22,2.356807851980064e-22,2.359345267213514e-22,2.3618826824474115e-22,2.3644200976814786e-22,2.3669575129159934e-22,2.3694949281509567e-22,2.372032343385547e-22,2.3745697586200158e-22,2.377107173855213e-22,2.379644589090793e-22,2.3821820043267733e-22,2.384719419561514e-22,2.387256834796343e-22,2.3897942500310773e-22,2.3923316652668136e-22,2.394869080503253e-22,2.397406495739313e-22,2.3999439109754895e-22,2.402481326211193e-22,2.4050187414481884e-22,2.4075561566839205e-22,2.410093571921272e-22,2.412630987157632e-22,2.415168402395529e-22,2.4177058176326637e-22,2.4202432328698825e-22,2.4227806481070026e-22,2.4253180633443277e-22,2.4278554785826567e-22,2.430392893820606e-22,2.4329303090578034e-22,2.435467724295966e-22,2.438005139534548e-22,2.4405425547729874e-22,2.4430799700124457e-22,2.4456173852509637e-22,2.4481548004895485e-22,2.4506922157291385e-22,2.453229630968341e-22,2.455767046207969e-22,2.458304461448563e-22,2.4608418766879205e-22,2.463379291927971e-22,2.46591670716709e-22,2.468454122407548e-22,2.4709915376481074e-22,2.4735289528887873e-22,2.4760663681296257e-22,2.4786037833703316e-22,2.481141198611163e-22,2.4836786138526577e-22,2.48621602909454e-22,2.488753444335237e-22,2.4912908595765874e-22,2.4938282748175856e-22,2.4963656900600937e-22,2.498903105302498e-22,2.5014405205450243e-22,2.503977935787187e-22,2.5065153510294866e-22,2.509052766271935e-22,2.511590181514529e-22,2.5141275967577825e-22,2.5166650120011896e-22,2.5192024272444627e-22,2.521739842487337e-22,2.524277257730652e-22,2.5268146729741386e-22,2.529352088217503e-22,2.5318895034620813e-22,2.534426918706014e-22,2.536964333950078e-22,2.5395017491942864e-22,2.542039164439149e-22,2.544576579683923e-22,2.547113994929892e-22,9.160144040763134e-17,1.2203915617329093e-16,1.4825083186048779e-16,1.7662008270262268e-16,2.0792731617400286e-16,2.4254080307186016e-16,2.80839351288882e-16,3.2324817210884446e-16,3.7024799461048466e-16,4.2238348293801086e-16,4.802729234870193e-16,5.446195587031448e-16,6.162248918819111e-16,6.960043479250548e-16,7.850057579780051e-16,8.844312391098036e-16,9.956631688681026e-16,1.1202951150691764e-15,1.2601687825482376e-15,1.4174182920859933e-15,1.5945234271397808e-15,1.7943738909232036e-15,2.0203471353287238e-15,2.2764029882489914e-15,2.5671991623062137e-15,2.898232836494859e-15,3.276014944589581e-15,3.708285691210816e-15,4.204282299383308e-15,4.775073280392348e-15,5.4339778940264884e-15,6.197095336552478e-15,7.083976114836668e-15,8.118478832967946e-15,9.329870363520176e-15,1.0754247728233503e-14,1.2436388331240573e-14,1.4432174932321295e-14,1.6811798029960295e-14,1.9664018785197458e-14,2.310189179797008e-14,2.7270516581360544e-14,3.23576367295865e-14,3.8608279246431235e-14,4.634519107368785e-14,5.599769467235869e-14,6.814292797318902e-14,8.35655524925026e-14,1.0334540776076896e-13,1.2898812252237666e-13,1.6262287682674913e-13,2.0730705785950942e-13,2.675044453989529e-13,3.498511680748349e-13,4.644101062642512e-13,6.26775806558044e-13,8.617028652988611e-13,1.2095511113218047e-12,1.738129933550165e-12,2.565331920082314e-12,3.9044148696160404e-12,5.023815617822692e-12,5.023815617824396e-12,5.023815617832399e-12,8.164320927230836e-12,1.3897611877251042e-11,2.5112477064151216e-11,4.91441510904134e-11,1.0756987068068316e-10,2.77258241416475e-10,9.058214786799518e-10,3.99805607008401e-09,2.225050699196827e-08,5.575513458670851e-08,5.5755134586745885e-08,5.575513458679631e-08,5.575513458685241e-08,5.5755134586913485e-08,5.57551345869806e-08,5.575513458705508e-08,5.575513458713876e-08,5.575513458723435e-08,5.5755134587345737e-08,5.57551345877191e-08,5.5755134588092456e-08,5.575513458876048e-08,3.038748373989095e-07,1.1146541909879682e-06,3.2818024142363706e-06,8.398832052984316e-06,1.9207746808281554e-05,3.9180258419497905e-05,7.119368415590828e-05,0.00011587681146441758,0.0001699066930630332,0.00022571342992875717,0.0002745604728269787,0.00031038293350108063,0.00033131131230293014,0.00033874985157771146,0.0003356667099073938,0.0003252810386007328,0.0003104105967746324,0.0002934855338839836,0.00047364573873921555,0.0005527348563968655,0.0006005541431060844,0.000633832657697229,0.0006579655848724074,0.0006755571594587402,0.0006882243639980784,0.0006970883141508426,0.0007029678781589508,0.0007064800917308688,0.0007081002061904404,0.0007082003874337992,0.0007070758797841105,0.0007049633373501257,0.0007020540383651145,0.0006985036359463071,0.0006944394943318321,0.0006899662993856602,0.0006851704090952564,0.0006801232670949247,0.0006748841083239446,0.0006695021225221366,0.0006640181974854984,0.0006584663331630193,0.0006528747955533058,0.0006472670632349686,0.000641662607439219,0.0006360775376393286,0.0006305251378595857,0.00062501631371945,0.0006195599662176508,0.0006141633051329223,0.0006088321124594506,0.0006035709643489575,0.0005983834184812395,0.0005932721725424875,0.0005882391984899575,0.0005832858564712841,0.0005784129916074609,0.0005736210163102129,0.0005689099803630014,0.0005642796306314841,0.0005597294619690795,0.0005552587606347364,0.0005508666413333219,0.000546552078816633,0.0005423139348395467,0.0005381509811446728,0.0005340619190482315,0.0005300453961141564,0.0005261000203319135,0.0005222243721525206,0.0005184170146860296,0.0005146765023198972,0.0005110013879807385,0.0005073902292302894,0.0005038415933595448,0.0005003540616219942,0.0004969262327273061,0.0004935567256998944,0.0004902441821924412,0.000486987268332009,0.0004837846761658132,0.0004806351247644453,0.00047753736103254077,0.0004744901602701021,0.0004714923265217324,0.00046854269274602777,0.0004656401208330092,0.0004627835014936421,0.0004599717540422406,0.00045720382608972245,0.000454478693163203,0.00045179535826526897,0.00044915285138449174,0.0004465502289670549,0.0004439865733580042,0.0004414609922194476,0.00043897261793200655,0.00043652060698473935,0.0004341041393582414,0.00043172241790471636,0.0004293746677283093,0.0004270601355684524,0.00042477808918855813,0.0004225278167719895,0.00042030862632686894,0.00041811984510104427,0.0004159608190082677,0.00041383091206641085,0.00041172950584836813,0.0004096559989461208,0.0004076098064483291,0.0004055903594316819,0.00040359710446613947,0.00040162950313406504,0.0003996870315633124,0.0003977691799741088,0.00039587545223959973,0.00039400536545992204,0.000392158449549539,0.00039033424683761474,0.00038853231168118826,0.0003867522100907926,0.0003849935193682833,0.0003832558277565688,0.00038153873410087477,0.0003798418475212355,0.0003781647870959608,0.0003765071815556418,0.0003748686689874635,0.00037324889654945703,0.0003716475201943955,0.0003700642044030039,0.000368498621926191,0.00036695045353602064,0.00036541938778506824,0.0003639051207739459,0.00036240735592667846,0.0003609258037736602,0.00035946018174193246,0.00035801021395253627,0.0003565756310246618,0.0003551561698864058,0.00035375157359181903,0.0003523615911441127,0.0003509859773247391,0.00034962449252815713,0.00034827690260208597,0.00034694297869302955,0.00034562249709691156,0.00034431523911458836,0.0003430209909121422,0.00034173954338569216,0.0003404706920306273,0.0003392142368150754,0.00033796998205745557,0.0003367377363079822,0.0003355173122339476,0.00033430852650870703,0.00033311119970414567,0.00033192515618660657,0.0003307502240160624,0.0003295862348484827,0.00032843302384124445,0.0003272904295614964,0.0003261582938973822,0.0003250364619719804,0.0003239247820599272,0.0003228231055065562,0.00032173128664956244,0.0003206491827429871,0.00031957665388354347,0.0003185135629391493,0.0003174597754796042,0.0003164151597093405,0.00031537958640216605,0.0003143529288379546,0.0003133350627411773,0.0003123258662212679,0.00031132521971471267,0.0003103330059288219,0.0003093491097871369,0.00030837341837640456,0.0003074058208950946,0.0003064462086033501,0.0003054944747743915,0.00030455051464728426,0.00030361422538104354,0.0003026855060100237,0.00030176425740054363,0.0003008503822087402,0.0002999437848395713,0.00029904437140694984,0.0002981520496949858,0.00029726672912026614,0.0002963883206951749,0.0002955167369922019,0.00029465189210921424,0.00029379370163565847,0.00029294208261966103,0.0002920969535360202,0.00029125823425502306,0.00029042584601209987,0.00028959971137826514,0.0002887797542313487,0.000287965899727948,0.00028715807427612326,0.00028635620550880787,0.00028556022225787635,0.00028477005452888526,0.00028398563347647364,0.0002832068913803533,0.00028243376162194326,0.00028166617866155194,0.00028090407801616927,0.0002801473962377834,0.0002793960708922386,0.00027865004053863877,0.00027790924470922745,0.0002771736238897728,0.00027644311950043957,0.0002757176738771139,0.0002749972302531827,0.00027428173274175147,0.0002735711263182953,0.0002728653568037128,0.00027216437084778735,0.0002714681159130592,0.00027077654025903285,0.0002700895929268011,0.0002694072237240128,0.0002687293832101761,0.00026805602268232685,0.00026738709416100913,0.0002667225503765942,0.00026606234475589746,0.0002654064314091134,0.00026475476511704553,0.00026410730131861077,0.00026346399609865475,0.00026282480617601217,0.00026218968889185336,0.00026155860219827676,0.0002609315046471706,0.00026030835537930796,0.0002596891141136829,0.0002590737411370902,0.0002584621972939268,0.0002578544439762056,0.0002572504431138147,0.0002566501571649446,0.00025605354910676874,0.0002554605824262867,0.0002548712211113793,0.00025428542964205114,0.0002537031729818653,0.0002531244165695423,0.00025254912631076125,0.00025197726857010183,0.0002514088101631897,0.00025084371834897286,0.00025028196082217647,0.00024972350570591294,0.0002491683215444371,0.0002486163772960516,0.0002480676423261671,0.0002475220864004904,0.00024697967967835665,0.00024644039270619407,0.0002459041964111318,0.0002453710620947153,0.00024484096142676494,0.00024431386643935084,0.00024378974952088387,0.00024326858341033457,0.00024275034119154883,0.00024223499628769134,0.0002417225224557919,0.0002412128937813927,0.0002407060846733115,0.0002402020698584983,0.000239700824376986,0.00023920232357695087,0.00023870654310986352,0.0002382134589257268,0.00023772304726840768,0.0002372352846710652,0.00023675014795164872,0.00023626761420849845,0.00023578766081601814,0.00023531026542043178,0.00023483540593561533,0.00023436306053901813,0.00023389320766764165,0.00023342582601411157,0.00023296089452281058,0.00023249839238608145,0.00023203829904050723,0.00023158059416325029,0.00023112525766846935,0.00023067226970379016,0.00023022161064684447,0.0002297732611018718,0.0002293272018963896,0.00022888341407789956,0.00022844187891068015,0.00022800257787262225,0.0002275654926521224,0.00022713060514503226,0.00022669789745165462,0.0002262673518738073,0.00022583895091192845,0.00022541267726222558,0.00022498851381388968,0.0002245664436463515,0.00022414645002657483,0.0002237285164064161,0.00022331262642000932,0.00022289876388120983,0.00022248691278108133,0.00022207705728540688,0.00022166918173227522,0.00022126327062967535,0.0002208593086531505,0.00022045728064348728,0.000220057171604439,0.0002196589667004959,0.00021926265125468922,0.00021886821074641903,0.00021847563080934187,0.0002180848972292691,0.00021769599594212424,0.00021730891303190669,0.00021692363472871828,0.00021654014740678763,0.00021615843758256633,0.00021577849191281888,0.00021540029719276804,0.00021502384035426117,0.0002146491084639674,0.00021427608872159835,0.00021390476845816904,0.00021353513513428047,0.00021316717633841655,0.0002128008797852956,0.0002124362333142222,0.00021207322488748023,0.00021171184258874702,0.0002113520746215248,0.0002109939093076133,0.0002106373350855879,0.00021028234050931947,0.0002099289142464932,0.00020957704507717858,0.00020922672189240292,0.00020887793369275197,0.0002085306695869847,0.0002081849187906826,0.00020784067062492063,0.00020749791451493314,0.00020715663998883244,0.00020681683667632422,0.00020647849430745164,0.00020614160271136006,0.00020580615181507207,0.00020547213164229085,0.00020513953231221022,0.0002048083440383555,0.00020447855712743055,0.00020415016197818437,0.00020382314908029791,0.0002034975090132896,0.00020317323244542577,0.00020285031013265537,0.0002025287329175625,0.00020220849172832941,0.00020188957757771018,0.00020157198156203236,0.0002012556948602024,0.00020094070873272725,0.00020062701452075386,0.00020031460364511615,0.00020000346760540183,0.00019969359797903264,0.00019938498642035126,0.00019907762465972253,0.0001987715045026568,0.0001984666178289338,0.00019816295659174613,0.00019786051281685255,0.0001975592786017399,0.00019725924611480283,0.00019696040759453222,0.00019666275534871422,0.0001963662817536364,0.00019607097925332043,0.00019577684035873986,0.00019548385764707512,0.00019519202376096174,0.00019490133140775525,0.00019461177335879944,0.00019432334244872028,0.00019403603157471002,0.00019374983369583305,0.00019346474183234102,0.0001931807490649889,0.00019289784853437163,0.0001926160334402601,0.00019233529704094804,0.0001920556326526183,0.0001917770336486948,0.00019149949345922853,0.00019122300557027622,0.00019094756352329336,0.00019067316091452485,0.00019039979139442247,0.00019012744866705387,0.00018985612648952428,0.00018958581867141008,0.00018931651907419357,0.0001890482216107063,0.00018878092024458482,0.00018851460898972711,0.0001882492819097576,0.00018798493311750629,0.00018772155677447626,0.00018745914709033997,0.0001871976983224346,0.00018693720477525177,0.00018667766079994759,0.00018641906079385764,0.00018616139920001385,0.0001859046705066636,0.00018564886924681147,0.00018539398999774438,0.00018514002738057755,0.00018488697605980667,0.00018463483074285426,0.0001843835861796388,0.00018413323716212648,0.00018388377852390957,0.00018363520513978626,0.00018338751192533017,0.00018314069383648356,0.00018289474586914625,0.0001826496630587739,0.00018240544047997494,0.0001821620732461198,0.00018191955650895294,0.0001816778854582024,0.00018143705532120685,0.00018119706136253638,0.00018095789888362293,0.0001807195632223939,0.00018048204975290913,0.00018024535388500772,0.0001800094710639516,0.00017977439677007413,0.00017954012651844468,0.00017930665585851437,0.0001790739803737956,0.0001788420956815142,0.00017861099743229258,0.0001783806813098179,0.00017815114303052377,0.00017792237834327488,0.00017769438302905064,0.00017746715290063744,0.00017724068380232388,0.00017701497160959372,0.00017679001222883214,0.0001765658015970299,0.0001763423356814835,0.00017611961047951817,0.00017589762201819606,0.00017567636635403531,0.0001754558395727317,0.00017523603778888167,0.00017501695714571455,0.0001747985938148176,0.00017458094399587284,0.00017436400391639419,0.0001741477698314674,0.00017393223802348996,0.00017371740480191922,0.00017350326650302398,0.00017328981948963246,0.00017307706015088492,0.00017286498490199249,0.00017265359018400195,0.0001724428724635502,0.0001722328282326315,0.0001720234540083706,0.00017181474633278643,0.00017160670177256796,0.00017139931691885038,0.00017119258838699104,0.00017098651281634994,0.0001707810868700745,0.000170576307234882,0.00017037217062085023,0.0001701686737612042,0.000169965813412111,0.0001697635863524725,0.00016956198938372242,0.0001693610193296253,0.00016916067303607518,0.00016896094737090425,0.000168761839223685,0.00016856334550553558,0.0001683654631489332,0.00016816818910752123,0.00016797152035593013,0.00016777545388958336,0.00016757998672452254,0.0001673851158972266,0.00016719083846442368,0.00016699715150292872,0.00016680405210945897,0.00016661153740046386,0.00016641960451195252,0.00016622825059932654,0.00016603747283721232,0.00016584726841929138,0.00016565763455814365,0.00016546856848507785,0.00016528006744997452,0.0001650921287211251,0.00016490474958507983,0.00016471792734648236,0.00016453165932792574,0.00016434594286979313,0.00016416077533011378,0.00016397615408440203,0.00016379207652552312,0.0001636085400635378,0.000163425542125562,0.00016324308015562024,0.00016306115161450596,0.00016287975397963943,0.0001626988847449332,0.00016251854142064855,0.0001623387215332632,0.00016215942262533524,0.00016198064225536832,0.0001618023779976841,0.00016162462744228682,0.0001614473881947358,0.0001612706578760194,0.00016109443412242128,0.00016091871458540427,0.0001607434969314767,0.00016056877884207692,0.000160394558013451,0.00016022083215652412,0.0001600475989967888,0.00015987485627418573,0.00015970260174298173,0.0001595308331716611,0.000159359548342806,0.00015918874505298092,0.00015901842111262925,0.0001588485743459492,0.0001586792025907923,0.0001585103036985533,0.00015834187553405787,0.00015817391597545757,0.00015800642291412622,0.00015783939425455192,0.00015767282791423132,0.0001575067218235719,0.00015734107392578444,0.00015717588217678468,0.00015701114454509392,0.00015684685901173683,0.0001566830235701459,0.00015651963622606338,0.00015635669499744427,0.00015619419791436192,0.00015603214301891142,0.00015587052836512044,0.00015570935201884804,0.00015554861205770607,0.00015538830657095174,0.00015522843365941275,0.0001550689914353874,0.00015490997802256146,0.00015475139155591896,0.00015459323018165557,0.00015443549205709176,0.00015427817535058815,0.00015412127824146094,0.0001539647989199004,0.00015380873558688526,0.00015365308645410013,0.00015349784974385725,0.00015334302368901295,0.00015318860653289106,0.00015303459652919944,0.0001528809919419557,0.00015272779104540696,0.00015257499212395425,0.00015242259347207626,0.00015227059339425366,0.0001521189902048917,0.00015196778222824976,0.00015181696779836557,0.00015166654525898638,0.00015151651296349016,0.00015136686927481793,0.00015121761256540298,0.0001510687412171023,0.00015092025362112055,0.00015077214817794927,0.00015062442329729107,0.00015047707739799913,0.00015033010890800233,0.00015018351626424635,0.00015003729791262334,0.0001498914523079059,0.0001497459779136838,0.00014960087320230046,0.0001494561366547874,0.0001493117667608054,0.00014916776201857602,0.00014902412093482242,0.00014888084202470972,0.00014873792381178032,0.00014859536482789693,0.00014845316361318227,0.00014831131871595685,0.0001481698286926829,0.0001480286921079076,0.0001478879075342004,0.00014774747355210114,0.00014760738875005776,0.00014746765172437518,0.00014732826107915746,0.00014718921542625237,0.00014705051338519278,0.0001469121535831521,0.0001467741346548812,0.00014663645524265812,0.00014649911399623532,0.00014636210957278773,0.00014622544063685894,0.00014608910586031177,0.0001459531039222748,0.00014581743350909363,0.00014568209331427848,0.00014554708203845876,0.00014541239838932482,0.00014527804108159062,0.00014514400883693438,0.00014501030038395777,0.00014487691445813332,0.0001447438498017595,0.00014461110516391244,0.00014447867930040165,0.00014434657097372162,0.00014421477895300522,0.00014408330201398065,0.0001439521389389257,0.00014382128851662157,0.00014369074954230846,0.0001435605208176447,0.00014343060115066094,0.00014330098935571558,0.0001431716842534544,0.0001430426846707658,0.00014291398944074238,0.00014278559740263404,0.0001426575074018091,0.000142529718289714,0.000142402228923832,0.00014227503816763984,0.0001421481448905714,0.00014202154796797724,0.00014189524628108283,0.00014176923871694983,0.00014164352416844053,0.0001415181015341759,0.00014139296971849813,0.00014126812763143383,0.00014114357418865383,0.00014101930831143865,0.00014089532892663952,0.00014077163496664438,0.00014064822536933818,0.00014052509907806892,0.00014040225504160923,0.00014027969221412406,0.0001401574095551343,0.00014003540602947978,0.0001399136806072863,0.00013979223226393366,0.0001396710599800166,0.0001395501627413118,0.00013942953953874942,0.00013930918936837287,0.00013918911123131047,0.0001390693041337398,0.0001389497670868576,0.00013883049910684385,0.00013871149921483385,0.00013859276643688191,0.00013847429980393586,0.00013835609835179957,0.00013823816112110574,0.000138120487157282,0.00013800307551052515,0.00013788592523576422,0.00013776903539263578,0.000137652405045451,0.00013753603326316767,0.0001374199191193605,0.000137304061692191,0.00013718846006437855,0.00013707311332317358,0.0001369580205603267,0.00013684318087205997,0.00013672859335904354,0.00013661425712635966,0.00013650017128348358,0.0001363863349442487,0.00013627274722682547,0.00013615940725368957,0.00013604631415159915,0.00013593346705156385,0.00013582086508882207,0.0001357085074028127,0.00013559639313715058,0.00013548452143959743,0.00013537289146204188,0.00013526150236046686,0.00013515035329493037,0.00013503944342953687,0.00013492877193241478,0.0001348183379756903,0.00013470814073546225,0.0001345981793917808,0.00013448845312861754,0.00013437896113384896,0.00013426970259922572,0.00013416067672035372,0.0001340518826966691,0.0001339433197314149,0.00013383498703161805,0.00013372688380806552,0.00013361900927528315,0.00013351136265151182,0.00013340394315868533,0.00013329675002240972,0.00013318978247193702,0.00013308303974015023,0.00013297652106353274,0.00013287022568215416,0.00013276415283964543,0.00013265830178317865,0.00013255267176344416,0.00013244726203463108,0.00013234207185440565,0.00013223710048389264,0.00013213234718765187,0.00013202781123365978,0.00013192349189328816,0.00013181938844128378,0.00013171550015575153,0.00013161182631812903,0.000131508366213172,0.00013140511912893227,0.00013130208435673888,0.00013119926119117907,0.00013109664893007838,0.00013099424687448207,0.00013089205432863853,0.0001307900705999764,0.00013068829499908837,0.00013058672683971328,0.00013048536543871651,0.00013038421011607134,0.00013028326019484367,0.00013018251500117095,0.00013008197386424656,0.00012998163611630006,0.00012988150109258148,0.00012978156813134303,0.00012968183657382216,0.00012958230576422575,0.00012948297504970736,0.0001293838437803593,0.00012928491130918764,0.0001291861769921001,0.00012908764018788784,0.00012898930025820882,0.00012889115656757294,0.00012879320848332342,0.00012869545537562478,0.00012859789661743992,0.00012850053158452171,0.00012840335965539205,0.00012830638021132907,0.00012820959263634856,0.00012811299631719243,0.00012801659064330995,0.0001279203750068452,0.0001278243488026184,0.00012772851142811356,0.00012763286228346355,0.00012753740077143472,0.00012744212629741119,0.0001273470382693818,0.0001272521360979233,0.00012715741919618905,0.00012706288697989228,0.00012696853886729297,0.00012687437427918156,0.0001267803926388699,0.0001266865933721707,0.00012659297590738775,0.00012649953967530208,0.00012640628410915685,0.0001263132086446454,0.000126220312719894,0.00012612759577545457,0.0001260350572542868,0.0001259426966017444,0.0001258505132655655,0.00012575850669585643,0.0001256666763450813,0.00012557502166804703,0.00012548354212189123,0.00012539223716607066,0.00012530110626234587,0.00012521014887477145,0.00012511936446968163,0.000125028752515679,0.0001249383124836218,0.00012484804384661253,0.0001247579460799846,0.00012466801866129078,0.0001245782610702919,0.0001244886727889418,0.00012439925330137963,0.00012431000209391717,0.00012422091865502564,0.00012413200247532495,0.00012404325304757126,0.0001239546698666465,0.00012386625242954882,0.00012377800023537786,0.00012368991278532415,0.0001236019895826612,0.0001235142301327289,0.00012342663394292885,0.00012333920052270817,0.00012325192938355184,0.00012316482003896971,0.00012307787200448747,0.00012299108479763685,0.0001229044579379406,0.0001228179909469064,0.00012273168334801636,0.00012264553466671282,0.00012255954443039113,0.00012247371216838948,0.00012238803741197764,0.00012230251969434598,0.00012221715855059942,0.00012213195351774148,0.00012204690413466876,0.00012196200994216118,0.00012187727048286759,0.00012179268530130198,0.00012170825394382992,0.00012162397595865922,0.00012153985089583342,0.00012145587830721828,0.00012137205774649609,0.0001212883887691513,0.00012120487093246615,0.0001211215037955103,0.00012103828691912836,0.00012095521986593643,0.00012087230220030714,0.00012078953348836487,0.00012070691329797308,0.00012062444119873158,0.00012054211676195872,0.00012045993956069087,0.00012037790916966883,0.00012029602516533161,0.00012021428712580524,0.0001201326946308972,0.00012005124726208455,0.00011996994460250959,0.00011988878623696719,0.00011980777175189873,0.00011972690073538385,0.00011964617277713101,0.00011956558746847134,0.00011948514440234693,0.00011940484317330696,0.0001193246833774956,0.00011924466461264721,0.00011916478647807722,0.00011908504857467235,0.00011900545050488516,0.00011892599187272632,0.00011884667228375543,0.00011876749134507206,0.00011868844866531357,0.00011860954385464122,0.00011853077652473415,0.00011845214628878475,0.0001183736456405264,0.00011829528451706169,0.00011821706117358395,0.0001181389742248297,0.00011806102283374392,0.00011798320642076255,0.00011790552452402808,0.00011782797672901757,0.00011775056264341759,0.0001176732818909672,0.00011759613409312853,0.00011751911888114876,0.00011744223588820618,0.00011736548474280838,0.00011728886508473946,0.00011721237654572085,0.00011713601876236967,0.00011705979137732893,0.00011698369402844057,0.0001169077263558551,0.00011683188800540915,0.00011675617862191407,0.00011668059784702215,0.00011660514533180453,0.00011652982072156701,0.00011645462366541119,0.00011637955381570802,0.00011630461082466857,0.00011622979434604264,0.00011615510403571686,0.00011608053954795984,0.00011600610054466512,0.00011593178667905871,0.00011585759761237794,0.00011578353301080715,0.000115709592529931,0.00011563577583803904,0.00011556208259844968,0.00011548851247756761,0.00011541506514939771,0.00011534174027513516,0.00011526853752584859,0.00011519545657431103,0.000115122497093724,0.00011504965875861984,0.00011497694124240606,0.00011490434422213221,0.00011483186737544081,0.00011475951038062743,0.00011468727291785521,0.00011461515466814973,0.00011454315531380409,0.00011447127453870946,0.00011439951202647386,0.00011432786746236331,0.00011425634053550085,0.0001141849309326853,0.00011411363834311883,0.00011404246245799027,0.000113971402968349,0.00011390045956869853,0.0001138296319470885,0.0001137589198015041,0.00011368832282803159,0.0001136178407230091,0.00011354747318633608,0.00011347721991715037,0.00011340708061433753,0.00011333705498057339,0.00011326714271753871,0.000113197343529079,0.00011312765711986026,0.00011305808319548948,0.00011298862146387243,0.00011291927163164341,0.00011285003340806778,0.00011278090650296782,0.00011271189062832093,0.00011264298549473438,0.00011257419081398978,0.00011250550630402741,0.00011243693167801933,0.00011236846665219245,0.00011230011094416434,0.00011223186427285198,0.00011216372635589897,0.00011209569690981004,0.00011202777565919328,0.00011195996233156631,0.00011189225664575804,0.00011182465832648182,0.00011175716709697158,0.00011168978268515128,0.0001116225048164634,0.00011155533322091778,0.00011148826762640692,0.00011142130776273339,0.00011135445335924175,0.00011128770415003451,0.00011122105986765505,0.00011115452024530246,0.00011108808501776284,0.00011102175392129427,0.00011095552669111605,0.00011088940306532304,0.00011082338278211946,0.00011075746558096359,0.00011069165120215511,0.00011062593938657109,0.0001105603298761166,0.00011049482241390703,0.00011042941674359187,0.00011036411260948499,0.000110298909757791,0.0001102338079347681,0.00011016880688762434,0.00011010390636443787,0.00011003910611444531,0.00010997440588754039,0.00010990980543480672,0.00010984530450726336,0.00010978090285732098,0.00010971660023887666,0.00010965239640474705,0.00010958829111238311,0.00010952428411637172,0.00010946037517365805,0.00010939656404137286,0.00010933285047838363,0.000109269234243403,0.00010920571509662732,0.00010914229279912843,0.00010907896711266818,0.0001090157377990393,0.00010895260462157315,0.0001088895673447553,0.00010882662573349848,0.00010876377955335426,0.0001087010285707885,0.00010863837255284191,0.0001085758112678534,0.00010851334448438134,0.0001084509719723187,0.00010838869350194819,0.00010832650884504624,0.00010826441777227664,0.00010820242005681585,0.00010814051547197822,0.00010807870379237914,0.00010801698479347628,0.00010795535825037929,0.00010789382393880575,0.00010783238163678673,0.00010777103112222322,0.0001077097724366193,0.00010764860495556247,0.00010758752853478755,0.00010752654299147763,0.00010746564812185172,0.00010740484371652013,0.00010734412956258728,0.00010728350544449833,0.00010722297114759773,0.00010716252645766486,0.00010710217116084927,0.00010704190504350929,0.00010698172789319981,0.00010692163949808266,0.00010686163964693888,0.00010680172812932704,0.00010674190473530588,0.00010668216925566664,0.0001066225214817074,0.0001065629612057358,0.0001065034882205183,0.00010644410231956181,0.0001063848032968916,0.00010632559094805962,0.0001062664650706209,0.00010620742545627462,0.00010614847190419804,0.00010608960421178491,0.0001060308221774786,0.00010597212559993893,0.00010591351427864413,0.00010585498801682747,0.00010579654660959167,0.00010573818986118669,0.00010567991757358108,0.00010562172954968631,0.00010556362559275076,0.00010550560550670099,0.00010544766909432642,0.00010538981616507291,0.00010533204652274033,0.0001052743599742658,0.00010521675632587972,0.00010515923538554203,0.00010510179696188648,0.0001050444408630204,0.00010498716690017789,0.00010492997488351175,0.00010487286462238891,0.00010481583592895069,0.00010475888861267357,0.0001047020224919348,0.0001046452373760583,0.00010458853307963626,0.00010453190941672498,0.00010447536620179654,0.00010441890325211219,0.00010436252038133582,0.00010430621740914373,0.00010424999415171131,0.00010419385042636023,0.00010413778605224534,0.00010408180084585358,0.00010402589463173707,0.00010397006722678894,0.0001039143184520495,0.00010385864812977109,0.00010380305608144406,0.00010374754212838841,0.00010369210609462447,0.00010363674780514758,0.00010358146707962018,0.00010352626374652483,0.00010347113762988596,0.00010341608855471041,0.00010336111634884363,0.00010330622083833334,0.00010325140185069982,0.00010319665921367119,0.00010314199275571969,0.00010308740230589804,0.00010303288769354554,0.00010297844874902248,0.00010292408529875685,0.00010286979718126064,0.00010281558422450903,0.00010276144626073776,0.00010270738312238487,0.00010265339464280787,0.00010259948065479095,0.00010254564099382313,0.00010249187549313292,0.00010243818399007945,0.00010238456631883372,0.00010233102231593292,0.00010227755181800914,0.00010222415466221153,0.00010217083068720062,0.00010211757972945895,0.00010206440162869954,0.00010201129622392044,0.00010195826335463166,0.00010190530286112512,0.00010185241458482994,0.00010179959836555083,0.00010174685404524952,0.0001016941814663819,0.00010164158047127182,0.00010158905090303258,0.00010153659260552861,0.00010148420542224186,0.00010143188919814725,0.000101379643779612,0.00010132746900879879,0.00010127536473547341,0.00010122333080137512,0.00010117136705575607,0.00010111947334620055,0.00010106764951944447,0.00010101589542411369,0.00010096421090909992,0.00010091259582335943,0.00010086105001627444,0.00010080957333700738,0.00010075816563823438,0.00010070682676932062,0.00010065555658159367,0.00010060435492612922,0.0001005532216576625,0.0001005021566258718,0.00010045115968681705,0.0001004002306924837,0.00010034936949719689,0.00010029857595497747,0.00010024784992084919,0.00010019719125078358,0.00010014659979875717,0.00010009607542180721,0.00010004561797879376,9.999522732212824e-05,9.994490331148238e-05,9.989464580466323e-05,9.984445466001506e-05,9.979432973601195e-05,9.974427089120187e-05,9.969427798563443e-05,9.964435087954113e-05,9.959448943290941e-05,9.954469351110665e-05,9.949496296630921e-05,9.944529766490452e-05,9.939569746807069e-05,9.934616223823155e-05,9.929669183814116e-05,9.924728613119737e-05,9.91979449796123e-05,9.91486682495167e-05,9.909945580433142e-05,9.905030750706469e-05,9.900122322598739e-05,9.895220282522219e-05,9.890324617076941e-05,9.885435312846583e-05,9.880552356528245e-05,9.875675734765403e-05,9.87080543442641e-05,9.865941442210197e-05,9.861083745023559e-05,9.856232329626682e-05,9.851387182934405e-05,9.846548291991337e-05,9.841715643492597e-05,9.836889224762923e-05,9.832069022697031e-05,9.827255024407224e-05,9.822447217030097e-05,9.817645587689426e-05,9.812850123603436e-05,9.808060812007934e-05,9.803277640102772e-05,9.798500595296243e-05,9.79372966489885e-05,9.788964836273808e-05,9.784206096790344e-05,9.779453434008988e-05,9.774706835337221e-05,9.769966288318491e-05,9.765231780319194e-05,9.760503299291764e-05,9.755780832685226e-05,9.751064368171975e-05,9.746353893433611e-05,9.741649396199417e-05,9.736950864078866e-05,9.732258285203455e-05,9.727571647240263e-05,9.722890938068688e-05,9.718216145578462e-05,9.713547257717916e-05,9.70888426242775e-05,9.704227147742478e-05,9.699575901743284e-05,9.694930512304896e-05,9.690290967828436e-05,9.685657256308057e-05,9.681029365910614e-05,9.676407284906326e-05,9.671791001468877e-05,9.667180503800765e-05,9.662575780344916e-05,9.657976819388062e-05,9.653383609324338e-05,9.648796138531726e-05,9.644214395451158e-05,9.639638368680957e-05,9.635068046468298e-05,9.630503417437658e-05,9.625944470172025e-05,9.62139119325485e-05,9.61684357523049e-05,9.612301604888852e-05,9.60776527095031e-05,9.603234562079345e-05,9.598709467041952e-05,9.594189974541415e-05,9.589676073456257e-05,9.585167752620956e-05,9.580665000913974e-05,9.5761678072309e-05,9.571676160539959e-05,9.567190049759939e-05,9.562709463960293e-05,9.558234392003452e-05,9.553764822973411e-05,9.549300746124972e-05,9.544842150588987e-05,9.540389025235805e-05,9.535941359433022e-05,9.531499142546287e-05,9.5270623636629e-05,9.52263101188739e-05,9.518205076683324e-05,9.51378454753881e-05,9.509369413429786e-05,9.504959664044089e-05,9.500555288564066e-05,9.496156276672877e-05,9.491762617712656e-05,9.487374301169621e-05,9.482991316575408e-05,9.478613653512618e-05,9.474241301553797e-05,9.469874250239174e-05,9.465512489096516e-05,9.461156008112957e-05,9.45680479681469e-05,9.452458844912091e-05,9.44811814219245e-05,9.443782678412537e-05,9.439452443195673e-05,9.435127426712376e-05,9.430807618663714e-05,9.426493008960037e-05,9.422183587341605e-05,9.417879343951985e-05,9.41358026872316e-05,9.409286351715137e-05,9.40499758269614e-05,9.400713952035756e-05,9.39643544959184e-05,9.392162065594418e-05,9.387893790049086e-05,9.383630613211525e-05,9.379372525273561e-05,9.375119516341015e-05,9.370871576695493e-05,9.366628696621214e-05,9.362390866366918e-05,9.358158076199424e-05,9.353930316538953e-05,9.349707577704096e-05,9.345489850081133e-05,9.341277124082357e-05,9.337069390143395e-05,9.332866638728022e-05,9.328668860321282e-05,9.324476045399889e-05,9.320288184576033e-05,9.316105268374751e-05,9.31192728734731e-05,9.307754232178789e-05,9.303586093469785e-05,9.299422861879178e-05,9.295264528094443e-05,9.291111082823891e-05,9.28696251680366e-05,9.28281882079234e-05,9.278679985573274e-05,9.27454600195293e-05,9.270416860763431e-05,9.266292552858914e-05,9.262173069117526e-05,9.258058400442506e-05,9.253948537759501e-05,9.249843472018848e-05,9.245743194194754e-05,9.241647695282507e-05,9.237556966261352e-05,9.233470998215839e-05,9.229389782215121e-05,9.225313309347085e-05,9.221241570768777e-05,9.217174557520742e-05,9.213112260824096e-05,9.209054671850419e-05,9.205001781806544e-05,9.200953581915228e-05,9.19691006342942e-05,9.192871217463719e-05,9.188837035489825e-05,9.184807508943957e-05,9.180782629021275e-05,9.176762387037769e-05,9.172746774479802e-05,9.16873578271481e-05,9.164729403112837e-05,9.160727627175045e-05,9.156730446383241e-05,9.152737852294123e-05,9.148749836248913e-05,9.144766389918023e-05,9.140787504678929e-05,9.136813172399855e-05,9.132843384548385e-05,9.128878132605358e-05,9.124917408490592e-05,9.120961203761422e-05,9.117009510073677e-05,9.113062319087811e-05,9.109119622577585e-05,9.105181412299762e-05,9.101247679997093e-05,9.09731841735396e-05,9.09339361646852e-05,9.089473269011038e-05,9.08555736683613e-05,9.081645901724643e-05,9.077738865837522e-05,9.07383625087283e-05,9.069938048831625e-05,9.066044251674173e-05,9.062154851369314e-05,9.058269839826872e-05,9.05438920919272e-05,9.050512951376164e-05,9.046641058568558e-05,9.042773522735536e-05,9.038910336104378e-05,9.035051490729294e-05,9.031196978720524e-05,9.027346792236277e-05,9.023500923340745e-05,9.019659364389644e-05,9.015822107643365e-05,9.011989145279478e-05,9.008160469521272e-05,9.004336072645052e-05,9.000515946816772e-05,8.996700084593954e-05,8.992888478160006e-05,8.989081119912714e-05,8.985278002202441e-05,8.981479117402898e-05,8.97768445792661e-05,8.973894016195432e-05,8.970107784658611e-05,8.966325755851552e-05,8.962547922121672e-05,8.958774276021718e-05,8.955004810127094e-05,8.951239516995624e-05,8.947478388963391e-05,8.94372141878946e-05,8.939968598978477e-05,8.936219922230136e-05,8.932475381119448e-05,8.928734968273099e-05,8.924998676144928e-05,8.921266497930441e-05,8.917538425986076e-05,8.913814453130621e-05,8.91009457209391e-05,8.906378775565743e-05,8.902667056326815e-05,8.898959407355516e-05,8.895255821185372e-05,8.891556291154363e-05,8.887860809367097e-05,8.884169368927426e-05,8.880481962820885e-05,8.876798583914632e-05,8.873119225097317e-05,8.869443879340451e-05,8.865772539590652e-05,8.862105198788254e-05,8.858441849941846e-05,8.854782486102764e-05,8.85112710010845e-05,8.847475685100558e-05,8.843828234095957e-05,8.840184740140502e-05,8.836545196228644e-05,8.832909595754547e-05,8.829277931649079e-05,8.825650197063402e-05,8.822026385145032e-05,8.818406489046255e-05,8.814790501947669e-05,8.811178417055644e-05,8.807570227695985e-05,8.803965926819066e-05,8.80036550786603e-05,8.796768964046318e-05,8.793176288662049e-05,8.78958747499614e-05,8.786002516379252e-05,8.782421406119621e-05,8.778844137570436e-05,8.775270704085675e-05,8.771701099147734e-05,8.768135315908188e-05,8.764573347899799e-05,8.761015188552599e-05,8.757460831280699e-05,8.753910269549022e-05,8.750363496871384e-05,8.746820506630569e-05,8.743281292389907e-05,8.739745847645814e-05,8.736214165926085e-05,8.732686240786537e-05,8.729162065802046e-05,8.725641634593003e-05,8.722124940705401e-05,8.718611977670882e-05,8.715102739174284e-05,8.711597218836316e-05,8.708095410352593e-05,8.704597307423542e-05,8.701102903571194e-05,8.697612192599629e-05,8.694125168229928e-05,8.690641824244823e-05,8.687162154188967e-05,8.683686152072265e-05,8.680213811360588e-05,8.676745126067217e-05,8.673280089954015e-05,8.669818696749372e-05,8.666360940318259e-05,8.662906814533048e-05,8.659456313251817e-05,8.656009430345991e-05,8.65256615968704e-05,8.64912649537118e-05,8.645690430910844e-05,8.642257960441417e-05,8.638829077925362e-05,8.635403777315951e-05,8.631982052575021e-05,8.62856389768169e-05,8.625149306670096e-05,8.62173827345662e-05,8.618330792146878e-05,8.61492685680623e-05,8.611526461356485e-05,8.608129599921043e-05,8.604736266718991e-05,8.6013464553911e-05,8.597960160755446e-05,8.594577376507753e-05,8.591198096896704e-05,8.58782231597922e-05,8.584450027947129e-05,8.581081227065671e-05,8.577715907463782e-05,8.574354063309021e-05,8.570995688891065e-05,8.567640778371738e-05,8.564289326018951e-05,8.56094132606727e-05,8.557596772807375e-05,8.554255660442852e-05,8.550917983362583e-05,8.547583735885858e-05,8.544252912285558e-05,8.540925506912861e-05,8.537601514151252e-05,8.534280928298432e-05,8.530963743641651e-05,8.527649954805332e-05,8.524339555983118e-05,8.521032541749827e-05,8.517728906462242e-05,8.514428644561282e-05,8.511131750564204e-05,8.507838218675952e-05,8.504548043648996e-05,8.50126121985099e-05,8.497977741796282e-05,8.494697604007061e-05,8.491420801047865e-05,8.488147327355598e-05,8.484877177579392e-05,8.481610346201666e-05,8.478346827836684e-05,8.47508661707505e-05,8.471829708508998e-05,8.468576096740098e-05,8.465325776400256e-05,8.46207874212065e-05,8.458834988557912e-05,8.455594510361994e-05,8.452357302218518e-05,8.4491233587964e-05,8.445892674812748e-05,8.442665244940742e-05,8.439441063916813e-05,8.436220126442796e-05,8.433002427157702e-05,8.429787961110347e-05,8.426576722781263e-05,8.423368707215529e-05,8.420163908851775e-05,8.41696232293749e-05,8.413763943877761e-05,8.410568766658971e-05,8.407376786117576e-05,8.404187997239708e-05,8.401002394788071e-05,8.397819973558665e-05,8.394640728404809e-05,8.391464654294609e-05,8.388291746108709e-05,8.385121998930328e-05,8.381955407470467e-05,8.378791966735398e-05,8.375631671672109e-05,8.372474517233806e-05,8.36932049839157e-05,8.366169610093103e-05,8.363021847492948e-05,8.359877205294228e-05,8.356735678844493e-05,8.353597262977268e-05,8.350461952691576e-05,8.347329743207253e-05,8.344200629425622e-05,8.341074606662938e-05,8.337951669646995e-05,8.33483181373414e-05,8.331715033939783e-05,8.328601325342982e-05,8.325490683107554e-05,8.322383102408283e-05,8.319278578343215e-05,8.31617710611611e-05,8.313078680826941e-05,8.309983297682059e-05,8.306890951873004e-05,8.303801638596275e-05,8.300715353054223e-05,8.297632090508457e-05,8.294551846116607e-05,8.291474615154391e-05,8.288400392875061e-05,8.285329174549182e-05,8.282260955427075e-05,8.279195730805607e-05,8.27613349596405e-05,8.273074246314128e-05,8.270017976923256e-05,8.266964683296956e-05,8.263914360733607e-05,8.26086700457423e-05,8.257822610171158e-05,8.25478117277666e-05,8.251742687984542e-05,8.248707151057961e-05,8.245674557398376e-05,8.24264490238466e-05,8.23961818140949e-05,8.236594390010448e-05,8.233573523551668e-05,8.230555577468126e-05,8.227540547219108e-05,8.224528428261903e-05,8.221519216074885e-05,8.218512906126516e-05,8.215509493892535e-05,8.212508974932718e-05,8.209511344713913e-05,8.20651659860665e-05,8.203524732458655e-05,8.20053574165121e-05,8.197549621731056e-05,8.194566368257687e-05,8.191585976822449e-05,8.188608442952194e-05,8.185633762262964e-05,8.182661930352419e-05,8.179692942811971e-05,8.176726795306812e-05,8.173763483365492e-05,8.170803002739291e-05,8.167845348966395e-05,8.1648905177414e-05,8.16193850472678e-05,8.158989305658193e-05,8.156042915982578e-05,8.153099331535034e-05,8.150158548146495e-05,8.147220561407988e-05,8.144285367096296e-05,8.141352960812142e-05,8.138423338345696e-05,8.135496495341004e-05,8.132572427815873e-05,8.129651131357274e-05,8.126732601754196e-05,8.123816834703925e-05,8.120903826158394e-05,8.117993571832249e-05,8.115086067507313e-05,8.112181309086175e-05,8.109279292288138e-05,8.106380012985722e-05,8.103483467023195e-05,8.1005896502422e-05,8.097698558508324e-05,8.094810187704492e-05,8.09192453366091e-05,8.089041592278633e-05,8.086161359525868e-05,8.083283831185577e-05,8.080409003210457e-05,8.077536871544777e-05,8.074667432114542e-05,8.071800680818404e-05,8.068936613622534e-05,8.066075226426869e-05,8.063216515234289e-05,8.06036047608697e-05,8.057507104886852e-05,8.054656397653317e-05,8.051808350460879e-05,8.048962959104421e-05,8.04612021970274e-05,8.043280128547831e-05,8.04044268125692e-05,8.037607873816908e-05,8.034775702512406e-05,8.031946163395864e-05,8.029119252446799e-05,8.026294965702762e-05,8.023473299360878e-05,8.020654249439153e-05,8.017837812001593e-05,8.01502398320105e-05,8.012212758992496e-05,8.009404135759593e-05,8.00659810951548e-05,8.003794676348907e-05,8.00099383239835e-05,7.998195573837197e-05,7.995399896849238e-05,7.992606797567353e-05,7.989816272181992e-05,7.987028316726415e-05,7.984242927544935e-05,7.981460100839146e-05,7.978679832858877e-05,7.97590211970802e-05,7.97312695769923e-05,7.970354342973878e-05,7.967584271753136e-05,7.964816740342145e-05,7.96205174497479e-05,7.959289281876118e-05,7.956529347342286e-05,7.953771937648554e-05,7.951017049029278e-05,7.948264677836682e-05,7.945514820310715e-05,7.942767472784529e-05,7.940022631571318e-05,7.937280292973018e-05,7.93454045332446e-05,7.931803108959002e-05,7.929068256214833e-05,7.926335891454243e-05,7.923606011009325e-05,7.920878611255146e-05,7.918153688580442e-05,7.915431239477869e-05,7.912711260004085e-05,7.909993746779016e-05,7.907278696175739e-05,7.904566104589337e-05,7.901855968434713e-05,7.899148284115222e-05,7.89644304806913e-05,7.893740256774487e-05,7.891039906529539e-05,7.888341993973634e-05,7.885646515487244e-05,7.88295346752948e-05,7.880262846597335e-05,7.877574649128764e-05,7.874888871607375e-05,7.872205510540075e-05,7.869524562561354e-05,7.866846024121837e-05,7.864169891455601e-05,7.86149616126368e-05,7.85882483007322e-05,7.85615589446343e-05,7.853489350945007e-05,7.85082519608164e-05,7.848163426391875e-05,7.845504038458613e-05,7.84284702885895e-05,7.840192394147682e-05,7.837540130991967e-05,7.834890235845601e-05,7.832242705363375e-05,7.82959753603441e-05,7.826954724694082e-05,7.824314267757242e-05,7.821676162019269e-05,7.819040404034615e-05,7.81640699041719e-05,7.81377591783541e-05,7.811147182926908e-05,7.808520782344702e-05,7.805896712622141e-05,7.80327497070065e-05,7.800655553107417e-05,7.798038456551593e-05,7.795423677663399e-05,7.79281121308343e-05,7.790201059790611e-05,7.787593214134494e-05,7.784987672996154e-05,7.782384433203696e-05,7.779783491432034e-05,7.77718484432074e-05,7.77458848869142e-05,7.771994421108687e-05,7.76940263860155e-05,7.76681313784262e-05,7.7642259153948e-05,7.761640968310727e-05,7.75905829322629e-05,7.756477887001443e-05,7.753899746439125e-05,7.751323868156105e-05,7.748750248966965e-05,7.746178885912904e-05,7.743609775663153e-05,7.741042915078853e-05,7.738478300967892e-05,7.735915930155052e-05,7.733355799486071e-05,7.730797905819481e-05,7.728242245801118e-05,7.725688816705842e-05,7.723137615003563e-05,7.720588637616533e-05,7.718041881854246e-05,7.715497344295885e-05,7.712955021634478e-05,7.710414911154295e-05,7.707877009566871e-05,7.705341313613635e-05,7.702807820517401e-05,7.700276526827498e-05,7.697747429942328e-05,7.695220526547025e-05,7.692695813598123e-05,7.690173287990387e-05,7.687652946550554e-05,7.685134786565151e-05,7.682618804790873e-05,7.680104998180579e-05,7.677593363778143e-05,7.675083898526606e-05,7.672576599423298e-05,7.670071463394948e-05,7.667568487521087e-05,7.665067668767858e-05,7.662569004142311e-05,7.660072490624677e-05,7.65757812526476e-05,7.655085905056836e-05,7.652595827094353e-05,7.650107888437014e-05,7.647622086031927e-05,7.645138416799656e-05,7.642656878152722e-05,7.640177466903617e-05,7.637700180215932e-05,7.635225015095833e-05,7.632751968575166e-05,7.630281037859572e-05,7.627812219820838e-05,7.625345511832252e-05,7.62288091098276e-05,7.620418414080905e-05,7.617958018412262e-05,7.6154997208643e-05,7.613043519022807e-05,7.610589409816044e-05,7.608137390247217e-05,7.605687457498995e-05,7.603239608584081e-05,7.600793841004324e-05,7.598350151671704e-05,7.595908537803283e-05,7.593468996533412e-05,7.591031525070591e-05,7.588596120503635e-05,7.586162780057922e-05,7.583731500941429e-05,7.58130228034248e-05,7.578875115369263e-05,7.57645000331099e-05,7.57402694128902e-05,7.571605926612722e-05,7.569186956463504e-05,7.566770028055829e-05,7.564355138619031e-05,7.561942285377533e-05,7.559531465579468e-05,7.557122676425941e-05,7.55471591520879e-05,7.552311179113672e-05,7.549908465499827e-05,7.547507771577945e-05,7.545109094615055e-05,7.542712431874845e-05,7.54031778065082e-05,7.537925138218837e-05,7.535534501871528e-05,7.53314586888689e-05,7.530759236577931e-05,7.52837460223399e-05,7.525991963171786e-05,7.523611316697637e-05,7.521232660141396e-05,7.518855990902797e-05,7.516481306133804e-05,7.514108603250666e-05,7.511737879596818e-05,7.509369132681798e-05,7.507002359524152e-05,7.504637557642654e-05,7.50227472463519e-05,7.499913857353309e-05,7.497554953489768e-05,7.495198010302457e-05,7.492843025336181e-05,7.490489995721063e-05,7.488138919009869e-05,7.485789792546729e-05,7.483442613869068e-05,7.481097380137748e-05,7.478754088843254e-05,7.476412737478371e-05,7.474073323403914e-05,7.471735843987645e-05,7.469400296619732e-05,7.46706667890702e-05,7.464734988221598e-05,7.46240522201078e-05,7.46007737766273e-05,7.45775145259734e-05,7.455427444346633e-05,7.453105350226808e-05,7.45078516787933e-05,7.448466894761226e-05,7.446150528301227e-05,7.44383606592681e-05,7.44152350511288e-05,7.439212843420448e-05,7.436904078302819e-05,7.434597207051258e-05,7.432292227571649e-05,7.429989136969083e-05,7.427687933137027e-05,7.425388613397072e-05,7.423091175165432e-05,7.420795616163009e-05,7.418501933819226e-05,7.416210125669357e-05,7.413920189181023e-05,7.411632122053954e-05,7.40934592174685e-05,7.407061585744444e-05,7.404779111665944e-05,7.402498497056092e-05,7.400219739456323e-05,7.397942836469223e-05,7.395667785730549e-05,7.393394584629331e-05,7.391123230827818e-05,7.388853721949737e-05,7.386586055559468e-05,7.384320229257389e-05,7.382056240654346e-05,7.379794087296776e-05,7.377533766905005e-05,7.375275276933867e-05,7.373018615083334e-05,7.37076377884646e-05,7.368510766068307e-05,7.366259574280733e-05,7.364010201104587e-05,7.361762644175434e-05,7.359516901165586e-05,7.357272969646934e-05,7.355030847197203e-05,7.352790531703788e-05,7.350552020678582e-05,7.34831531181491e-05,7.346080402741639e-05,7.343847291157288e-05,7.34161597473746e-05,7.339386451152996e-05,7.337158718088979e-05,7.334932773262427e-05,7.332708614292683e-05,7.330486238901129e-05,7.328265644615211e-05,7.326046829507318e-05,7.323829791062502e-05,7.32161452703307e-05,7.319401035010493e-05,7.317189312937083e-05,7.314979358422378e-05,7.312771169249581e-05,7.310564743031738e-05,7.30836007771951e-05,7.306157170783255e-05,7.303956020055416e-05,7.301756623307038e-05,7.299558978275544e-05,7.297363082739212e-05,7.295168934445141e-05,7.292976531157622e-05,7.29078587068546e-05,7.28859695074783e-05,7.286409769092467e-05,7.284224323539558e-05,7.282040611852893e-05,7.279858631856777e-05,7.277678381297107e-05,7.275499858020248e-05,7.273323059773292e-05,7.271147984390066e-05,7.268974629634014e-05,7.266802993341641e-05,7.264633073331372e-05,7.262464867412811e-05,7.260298373383942e-05,7.258133589123013e-05,7.255970512442414e-05,7.253809140900512e-05,7.251649472988802e-05,7.249491506027617e-05,7.247335237982487e-05,7.245180666733875e-05,7.243027790078293e-05,7.240876605724217e-05,7.238727111923676e-05,7.236579306228609e-05,7.234433186632703e-05,7.232288750981766e-05,7.23014599714265e-05,7.228004923010421e-05,7.2258655264297e-05,7.223727805279519e-05,7.221591757501894e-05,7.219457380945215e-05,7.217324673422682e-05,7.215193633040737e-05,7.213064257576188e-05,7.21093654495525e-05,7.208810493112755e-05,7.206686099925897e-05,7.204563363160585e-05,7.202442281041674e-05,7.200322851346272e-05,7.198205071905513e-05,7.196088940863842e-05,7.193974456045275e-05,7.191861615416547e-05,7.18975041689536e-05,7.187640858427102e-05,7.1855329379626e-05,7.183426653454544e-05,7.181322002860227e-05,7.179218984140782e-05,7.177117595260935e-05,7.175017834186727e-05,7.172919698827643e-05,7.1708231872567e-05,7.168728297440727e-05,7.166635027336344e-05,7.164543374928121e-05,7.16245333817948e-05,7.160364915089321e-05,7.158278103715042e-05,7.156192902011378e-05,7.154109307980306e-05,7.15202731962872e-05,7.149946934919718e-05,7.147868151923542e-05,7.145790968675761e-05,7.143715383163045e-05,7.141641393408932e-05,7.139568997391693e-05,7.137498193222571e-05,7.135428978814989e-05,7.133361352350883e-05,7.131295311843235e-05,7.12923085523984e-05,7.12716798063522e-05,7.125106686107234e-05,7.123046969691216e-05,7.120988829453004e-05,7.118932263460852e-05,7.116877269749523e-05,7.11482384636987e-05,7.112771991448774e-05,7.110721703050324e-05,7.108672979270233e-05,7.106625818151466e-05,7.10458021769893e-05,7.102536176105998e-05,7.100493691387842e-05,7.098452761669415e-05,7.096413385048711e-05,7.094375559571984e-05,7.092339283446572e-05,7.090304554726368e-05,7.088271371514958e-05,7.086239731930577e-05,7.084209634079089e-05,7.082181076140326e-05,7.080154056116842e-05,7.078128572238584e-05,7.07610462253958e-05,7.074082205199732e-05,7.072061318349134e-05,7.070041960127476e-05,7.06802412867126e-05,7.066007822125801e-05,7.06399303865199e-05,7.061979776361085e-05,7.059968033317922e-05,7.057957807903985e-05,7.055949098156885e-05,7.053941902235944e-05,7.051936218303371e-05,7.049932044549389e-05,7.04792937902787e-05,7.045928220081257e-05,7.043928565857154e-05,7.04193041438511e-05,7.039933764144794e-05,7.037938613062887e-05,7.035944959398744e-05,7.03395280120479e-05,7.031962136965135e-05,7.029972964726374e-05,7.02798528255721e-05,7.025999088950058e-05,7.024014381965705e-05,7.022031159814842e-05,7.02004942070465e-05,7.018069162854275e-05,7.016090384486479e-05,7.014113083881242e-05,7.012137259145654e-05,7.01016290855358e-05,7.00819003013933e-05,7.006218622535185e-05,7.004248683782814e-05,7.00228021212369e-05,7.00031320580757e-05,6.998347663221243e-05,6.996383582292657e-05,6.994420961675991e-05,6.99245979938307e-05,6.990500093448163e-05,6.988541842548047e-05,6.986585044591857e-05,6.984629698017965e-05,6.982675801051936e-05,6.980723352000096e-05,6.978772349168213e-05,6.97682279086596e-05,6.974874675253861e-05,6.972928000810447e-05,6.970982765545545e-05,6.969038967887602e-05,6.967096606116683e-05,6.965155678469142e-05,6.963216183325395e-05,6.961278118960669e-05,6.959341483731497e-05,6.957406276085024e-05,6.955472493942056e-05,6.953540135799932e-05,6.951609199959799e-05,6.949679684777185e-05,6.94775158854026e-05,6.945824909685016e-05,6.94389964632868e-05,6.941975796940101e-05,6.940053359791323e-05,6.938132333223038e-05,6.936212715578971e-05,6.934294505189784e-05,6.932377700411796e-05,6.930462299587155e-05,6.928548301073091e-05,6.926635703184082e-05,6.92472450431936e-05,6.92281470280168e-05,6.920906296972802e-05,6.918999285188257e-05,6.917093665856948e-05,6.91518943731821e-05,6.913286597964447e-05,6.911385146091534e-05,6.909485080190962e-05,6.90758639853453e-05,6.905689099529176e-05,6.903793181500738e-05,6.901898642931941e-05,6.900005482121298e-05,6.898113697500998e-05,6.896223287508611e-05,6.894334250444362e-05,6.892446584745084e-05,6.890560288825946e-05,6.888675361069147e-05,6.886791799901952e-05,6.884909603635058e-05,6.883028770821362e-05,6.881149299807985e-05,6.879271189004384e-05,6.87739443683726e-05,6.875519041711507e-05,6.87364500207701e-05,6.87177231632174e-05,6.869900982906097e-05,6.868031000231593e-05,6.866162366742563e-05,6.864295080881251e-05,6.86242914106584e-05,6.860564545732253e-05,6.85870129334674e-05,6.856839382341436e-05,6.854978811179155e-05,6.853119578278848e-05,6.851261682145825e-05,6.849405121157228e-05,6.847549893800236e-05,6.845695998551993e-05,6.843843433866921e-05,6.841992198038989e-05,6.84014228986588e-05,6.838293707629991e-05,6.836446449777753e-05,6.834600514921752e-05,6.832755901421908e-05,6.83091260778319e-05,6.829070632482114e-05,6.827229974011912e-05,6.825390630819154e-05,6.823552601458353e-05,6.821715884384968e-05,6.819880478131791e-05,6.818046381075563e-05,6.816213591838819e-05,6.814382108879463e-05,6.8125519307624e-05,6.810723055870974e-05,6.808895482764145e-05,6.807069209963858e-05,6.805244235972814e-05,6.803420559320365e-05,6.80159817850653e-05,6.799777092057406e-05,6.797957298494497e-05,6.796138796440292e-05,6.794321584222518e-05,6.792505660351075e-05,6.790691023572545e-05,6.788877672329875e-05,6.78706560514527e-05,6.785254820564767e-05,6.783445317125467e-05,6.781637093333799e-05,6.779830147802507e-05,6.778024479008122e-05,6.77622008542477e-05,6.77441696585564e-05,6.772615118701596e-05,6.770814542461675e-05,6.76901523585173e-05,6.767217197354668e-05,6.765420425432237e-05,6.763624918833265e-05,6.761830675865922e-05,6.760037695354518e-05,6.758245975742108e-05,6.756455515756761e-05,6.754666313896859e-05,6.752878368596528e-05,6.751091678532017e-05,6.749306242305712e-05,6.74752205849226e-05,6.74573912574361e-05,6.743957442621218e-05,6.74217700772177e-05,6.740397819537182e-05,6.738619876719409e-05,6.736843177956533e-05,6.735067721626202e-05,6.733293506522109e-05,6.731520531031205e-05,6.729748794095004e-05,6.727978293912195e-05,6.726209029534402e-05,6.72444099938765e-05,6.722674202109981e-05,6.720908636273192e-05,6.719144300506696e-05,6.717381193391428e-05,6.715619313645002e-05,6.713858659920466e-05,6.712099230704642e-05,6.710341024759148e-05,6.708584040547407e-05,6.706828276821413e-05,6.705073732135095e-05,6.703320405253433e-05,6.701568294769329e-05,6.699817399304757e-05,6.698067717521407e-05,6.696319248049583e-05,6.69457198961134e-05,6.692825940752071e-05,6.691081100124807e-05,6.689337466433954e-05,6.687595038374939e-05,6.68585381453366e-05,6.684113793592315e-05,6.682374974233947e-05,6.680637355118574e-05,6.67890093488578e-05,6.677165712252951e-05,6.675431685864436e-05,6.673698854375859e-05,6.671967216499365e-05,6.670236770907983e-05,6.668507516269963e-05,6.666779451289546e-05,6.665052574703902e-05,6.66332688504162e-05,6.661602381074961e-05,6.659879061494816e-05,6.658156924958344e-05,6.65643597028762e-05,6.654716196023831e-05,6.652997600869953e-05,6.651280183637475e-05,6.649563942942143e-05,6.647848877524496e-05,6.646134986083622e-05,6.644422267352672e-05,6.64271072000171e-05,6.641000342757606e-05,6.639291134334035e-05,6.637583093460983e-05,6.635876218817388e-05,6.634170509134865e-05,6.632465963177825e-05,6.630762579638429e-05,6.629060357207027e-05,6.627359294648733e-05,6.62565939070796e-05,6.62396064408017e-05,6.622263053552384e-05,6.620566617816994e-05,6.618871335625437e-05,6.61717720570901e-05,6.615484226808926e-05,6.613792397647879e-05,6.612101716982826e-05,6.610412183559518e-05,6.60872379613078e-05,6.607036553480403e-05,6.60535045430114e-05,6.603665497416039e-05,6.601981681516781e-05,6.600299005404823e-05,6.59861746782066e-05,6.596937067527515e-05,6.595257803286141e-05,6.593579673865331e-05,6.591902677995887e-05,6.590226814479689e-05,6.588552082111288e-05,6.586878479637105e-05,6.585206005828874e-05,6.58353465947036e-05,6.581864439321142e-05,6.580195344188277e-05,6.578527372829938e-05,6.576860524055387e-05,6.575194796635906e-05,6.573530189299837e-05,6.571866700841348e-05,6.570204330208257e-05,6.568543076087408e-05,6.566882937193124e-05,6.565223912478368e-05,6.563566000741052e-05,6.561909200642349e-05,6.560253511049509e-05,6.558598930768944e-05,6.556945458597454e-05,6.555293093384157e-05,6.553641833852592e-05,6.551991678858975e-05,6.550342627219895e-05,6.548694677744426e-05,6.547047829241607e-05,6.545402080541459e-05,6.543757430451779e-05,6.542113877764665e-05,6.540471421376758e-05,6.538830060045451e-05,6.537189792650846e-05,6.5355506179742e-05,6.533912534881881e-05,6.532275542190231e-05,6.530639638712134e-05,6.529004823337107e-05,6.527371094937947e-05,6.525738452228764e-05,6.524106894078007e-05,6.522476419391408e-05,6.520847027005155e-05,6.519218715691096e-05,6.51759148428712e-05,6.515965331726845e-05,6.514340256824725e-05,6.51271625843277e-05,6.51109333539618e-05,6.509471486597516e-05,6.507850710822866e-05,6.506231007022955e-05,6.50461237400239e-05,6.50299481064501e-05,6.501378315809214e-05,6.499762888351831e-05,6.49814852714177e-05,6.496535231059484e-05,6.494922998970038e-05,6.493311829746462e-05,6.491701722222526e-05,6.490092675375548e-05,6.488484687992584e-05,6.48687775897456e-05,6.485271887193838e-05,6.483667071534965e-05,6.482063310883918e-05,6.480460604138965e-05,6.478858950170726e-05,6.477258347911405e-05,6.475658796210358e-05,6.474060293888325e-05,6.472462839892433e-05,6.47086643325719e-05,6.469271072756837e-05,6.467676757177163e-05,6.466083485539037e-05,6.464491256743876e-05,6.462900069716415e-05,6.461309923332979e-05,6.459720816493579e-05,6.458132748056754e-05,6.456545717055234e-05,6.454959722319426e-05,6.453374762773625e-05,6.451790837324459e-05,6.45020794489377e-05,6.44862608440597e-05,6.447045254774084e-05,6.445465454910302e-05,6.443886683744786e-05,6.442308940192945e-05,6.440732223182226e-05,6.439156531648801e-05,6.437581864462898e-05,6.436008220660448e-05,6.434435599114537e-05,6.432863998746982e-05,6.431293418513503e-05,6.429723857315534e-05,6.428155314134934e-05,6.426587787941141e-05,6.42502127746647e-05,6.423455781929077e-05,6.421891300153086e-05,6.420327831036211e-05,6.418765373614584e-05,6.41720392684337e-05,6.415643489569255e-05,6.414084060810498e-05,6.412525639496442e-05,6.41096822460753e-05,6.409411815053632e-05,6.407856409845758e-05,6.40630200784453e-05,6.404748608120867e-05,6.403196209619572e-05,6.401644811284551e-05,6.400094412080535e-05,6.398545010932068e-05,6.39699660683286e-05,6.395449198766083e-05,6.393902785680212e-05,6.392357366610169e-05,6.39081294036463e-05,6.389269506145197e-05,6.387727062685961e-05,6.386185609205524e-05,6.384645144573703e-05,6.383105667799457e-05,6.381567177809727e-05,6.380029673566401e-05,6.378493154170373e-05,6.376957618518101e-05,6.375423065623004e-05,6.373889494449188e-05,6.372356904015831e-05,6.370825293297535e-05,6.369294661288073e-05,6.367765006975017e-05,6.366236329418915e-05,6.364708627499286e-05,6.363181900341348e-05,6.361656146898186e-05,6.360131366404895e-05,6.35860755737035e-05,6.357084719054748e-05,6.355562850443431e-05,6.354041950580869e-05,6.352522018452964e-05,6.351003053082054e-05,6.349485053462926e-05,6.347968018615643e-05,6.3464519475481e-05,6.34493683929664e-05,6.343422692860993e-05,6.34190950726386e-05,6.340397281551334e-05,6.33888601475172e-05,6.337375705797367e-05,6.335866353716494e-05,6.33435795764183e-05,6.332850516685464e-05,6.331344029632698e-05,6.329838495584447e-05,6.32833391363533e-05,6.326830282783237e-05,6.3253276020222e-05,6.323825870448543e-05,6.322325087023358e-05,6.320825250921529e-05,6.319326361081448e-05,6.317828416512283e-05,6.316331416294862e-05,6.314835359552858e-05,6.313340245280843e-05,6.311846072659398e-05,6.310352840301726e-05,6.308860547648673e-05,6.307369193685543e-05,6.305878777375112e-05,6.304389297836073e-05,6.30290075398604e-05,6.301413145136179e-05,6.299926470150984e-05,6.298440728127433e-05,6.29695591813402e-05,6.295472039234294e-05,6.293989090492227e-05,6.292507070863862e-05,6.291025979605265e-05,6.289545815696904e-05,6.288066578193e-05,6.286588266170111e-05,6.285110878692151e-05,6.283634414947971e-05,6.282158873830564e-05,6.280684254361029e-05,6.279210555920167e-05,6.277737777286744e-05,6.276265917645606e-05,6.274794976161532e-05,6.273324951689527e-05,6.271855843502963e-05,6.270387650637342e-05,6.268920372162903e-05,6.267454007166655e-05,6.265988554729084e-05,6.264524013851233e-05,6.263060383830755e-05,6.2615976636095e-05,6.26013585235179e-05,6.25867494905223e-05,6.257214952924173e-05,6.255755862933318e-05,6.254297678365301e-05,6.25284039814777e-05,6.251384021570782e-05,6.249928547461218e-05,6.248473975119022e-05,6.247020303522569e-05,6.245567531800395e-05,6.244115659076421e-05,6.242664684490197e-05,6.241214607089859e-05,6.239765426048e-05,6.238317140414702e-05,6.236869749367119e-05,6.235423251974396e-05,6.233977647362798e-05,6.232532934645562e-05,6.231089112937775e-05,6.229646181340964e-05,6.228204138949288e-05,6.226762984931393e-05,6.225322718423188e-05,6.22388333860573e-05,6.222444844439592e-05,6.22100723514021e-05,6.219570509799389e-05,6.218134667711206e-05,6.216699707732615e-05,6.215265629102018e-05,6.21383243095759e-05,6.212400112355188e-05,6.21096867257567e-05,6.20953811079784e-05,6.208108425867942e-05,6.206679617160457e-05,6.205251683749033e-05,6.203824624794957e-05,6.202398439497946e-05,6.200973126851396e-05,6.19954868599588e-05,6.19812511616701e-05,6.196702416481106e-05,6.195280586086929e-05,6.193859624119791e-05,6.192439529706624e-05,6.191020302067706e-05,6.189601940226349e-05,6.188184443455058e-05,6.186767810895607e-05,6.185352041682425e-05,6.183937134919367e-05,6.182523089840322e-05,6.181109905567884e-05,6.179697581275313e-05,6.178286116090872e-05,6.176875509186273e-05,6.17546575973597e-05,6.174056866902156e-05,6.172648829809876e-05,6.17124164766589e-05,6.169835319637753e-05,6.168429844893058e-05,6.167025222570383e-05,6.165621451853799e-05,6.164218532003684e-05,6.162816461969173e-05,6.161415241183159e-05,6.16001486859575e-05,6.158615343454955e-05,6.157216664947007e-05,6.15581883229323e-05,6.154421844650427e-05,6.153025701122269e-05,6.151630401003265e-05,6.15023594343841e-05,6.148842327596889e-05,6.147449552652587e-05,6.146057617803921e-05,6.144666522325805e-05,6.143276265261529e-05,6.141886845738405e-05,6.140498263126986e-05,6.139110516477359e-05,6.137723605109358e-05,6.13633752808724e-05,6.134952284741773e-05,6.133567874228818e-05,6.132184295695535e-05,6.130801548375106e-05,6.129419631384176e-05,6.128038544057529e-05,6.126658285537191e-05,6.12527885499556e-05,6.123900251692069e-05,6.122522474715361e-05,6.121145523341219e-05,6.119769396790658e-05,6.118394094251326e-05,6.117019614907314e-05,6.115645957998324e-05,6.114273122735467e-05,6.11290110831963e-05,6.111529913998091e-05,6.110159538858667e-05,6.108789982156873e-05,6.107421243301158e-05,6.106053321307976e-05,6.1046862154565e-05,6.103319924950314e-05,6.10195444901267e-05,6.100589786868066e-05,6.099225937740548e-05,6.0978629008437755e-05,6.0965006753314105e-05,6.095139260561937e-05,6.093778655684027e-05,6.092418860136562e-05,6.091059872740335e-05,6.089701692859893e-05,6.088344319874547e-05,6.0869877529418315e-05,6.085631991286456e-05,6.08427703412464e-05,6.082922880697467e-05,6.0815695302596294e-05,6.0802169820312426e-05,6.078865235233691e-05,6.077514289118071e-05,6.07616414292008e-05,6.0748147959817055e-05,6.073466247337587e-05,6.0721184963193006e-05,6.070771542113611e-05,6.06942538410756e-05,6.0680800214949996e-05,6.0667354534969274e-05,6.065391679316725e-05,6.064048698257492e-05,6.0627065095408604e-05,6.061365112449839e-05,6.060024506241495e-05,6.058684689986031e-05,6.057345663193251e-05,6.056007425016771e-05,6.054669974691838e-05,6.053333311485835e-05,6.051997434823627e-05,6.0506623436459493e-05,6.0493280375185185e-05,6.0479945153721043e-05,6.0466617767174906e-05,6.0453298207487856e-05,6.043998646610275e-05,6.04266825365675e-05,6.041338641166835e-05,6.040009808385969e-05,6.0386817546113856e-05,6.037354478911451e-05,6.0360279808056334e-05,6.03470225958494e-05,6.0333773144019075e-05,6.032053144654086e-05,6.030729749187732e-05,6.029407127805734e-05,6.028085279565995e-05,6.026764203601586e-05,6.0254438994920096e-05,6.0241243663215217e-05,6.022805603408584e-05,6.021487609802588e-05,6.0201703851706155e-05,6.018853928664024e-05,6.017538239509832e-05,6.016223316985223e-05,6.0149091604609175e-05,6.013595769091908e-05,6.012283142145141e-05,6.0109712790429826e-05,6.00966017901141e-05,6.0083498412947545e-05,6.0070402652382966e-05,6.0057314501096204e-05,6.004423395159972e-05,6.003116099785836e-05,6.001809563141492e-05,6.000503784694131e-05,5.999198763566701e-05,5.997894499092796e-05,5.99659099064158e-05,5.9952882374535205e-05,5.9939862388057636e-05,5.992684994032006e-05,5.991384502411032e-05,5.9900847632722556e-05,5.988785775901651e-05,5.987487539560511e-05,5.986190053623589e-05,5.984893317367175e-05,5.9835973300825e-05,5.9823020909668196e-05,5.981007599556962e-05,5.979713855031364e-05,5.9784208567074875e-05,5.977128603784637e-05,5.97583709567943e-05,5.974546331828245e-05,5.973256311422842e-05,5.971967033769217e-05,5.9706784981796735e-05,5.969390703973646e-05,5.9681036504987835e-05,5.9668173370170615e-05,5.9655317628162294e-05,5.9642469272747434e-05,5.962962829734217e-05,5.961679469553044e-05,5.960396845864289e-05,5.959114958092361e-05,5.957833805595811e-05,5.9565533877386245e-05,5.955273703739982e-05,5.9539947529161314e-05,5.952716534645817e-05,5.9514390481980246e-05,5.950162292969294e-05,5.948886268240693e-05,5.9476109734171136e-05,5.946336407727219e-05,5.945062570686341e-05,5.943789461473335e-05,5.9425170793157037e-05,5.9412454236838884e-05,5.9399744939658385e-05,5.9387042892969306e-05,5.9374348092410586e-05,5.9361660529880456e-05,5.934898019921311e-05,5.9336307093592494e-05,5.932364120675205e-05,5.9310982532225406e-05,5.9298331063809776e-05,5.928568679322335e-05,5.927304971488033e-05,5.926041982219883e-05,5.9247797108698095e-05,5.923518156780799e-05,5.922257319280967e-05,5.920997197732068e-05,5.919737791527605e-05,5.918479099909524e-05,5.9172211223289864e-05,5.915963858069722e-05,5.914707306462562e-05,5.913451466915708e-05,5.912196338759633e-05,5.910941921355523e-05,5.9096882140486714e-05,5.908435216121423e-05,5.907182927074093e-05,5.905931346198327e-05,5.904680472845212e-05,5.9034303063350766e-05,5.902180846101563e-05,5.9009320914904504e-05,5.899684041850523e-05,5.898436696486208e-05,5.897190054802161e-05,5.8959441161296895e-05,5.8946988798942927e-05,5.893454345428872e-05,5.892210512098216e-05,5.890967379265801e-05,5.889724946321205e-05,5.888483212573491e-05,5.887242177463679e-05,5.886001840306847e-05,5.8847622005069013e-05,5.8835232574192044e-05,5.882285010412462e-05,5.881047458820751e-05,5.8798106020745204e-05,5.878574439546639e-05,5.877338970576475e-05,5.876104194535234e-05,5.8748701108551614e-05,5.873636718858452e-05,5.8724040179427035e-05,5.871172007483965e-05,5.869940686879152e-05,5.8687100554558755e-05,5.8674801126446324e-05,5.8662508578292654e-05,5.8650222903544664e-05,5.863794409621608e-05,5.8625672150121506e-05,5.86134070591447e-05,5.860114881692216e-05,5.858889741769878e-05,5.8576652855146825e-05,5.8564415123120744e-05,5.855218421551974e-05,5.85399601262504e-05,5.852774284937749e-05,5.851553237861368e-05,5.8503328707863146e-05,5.849113183088085e-05,5.847894174176647e-05,5.846675843443173e-05,5.845458190285581e-05,5.84424121409755e-05,5.843024914272027e-05,5.8418092902296745e-05,5.8405943413420925e-05,5.8393800669935376e-05,5.8381664665993734e-05,5.836953539580226e-05,5.8357412852934386e-05,5.834529703161175e-05,5.833318792604454e-05,5.832108552986421e-05,5.830898983729068e-05,5.82969008423716e-05,5.8284818539330656e-05,5.82727429220308e-05,5.826067398435449e-05,5.8248611720756584e-05,5.823655612476968e-05,5.822450719081122e-05,5.8212464913082707e-05,5.820042928556772e-05,5.818840030236343e-05,5.8176377957758644e-05,5.816436224550727e-05,5.815235315978709e-05,5.814035069499033e-05,5.812835484512526e-05,5.8116365604240645e-05,5.810438296655286e-05,5.809240692657958e-05,5.808043747792197e-05,5.806847461495351e-05,5.805651833198591e-05,5.804456862301036e-05,5.803262548244491e-05,5.8020688904391564e-05,5.800875888290088e-05,5.799683541240902e-05,5.798491848711921e-05,5.797300810109684e-05,5.796110424867819e-05,5.7949206924137246e-05,5.793731612165298e-05,5.792543183569303e-05,5.791355406036557e-05,5.7901682789819625e-05,5.788981801856832e-05,5.787795974078725e-05,5.7866107950807376e-05,5.785426264316481e-05,5.784242381173636e-05,5.7830591450895814e-05,5.7818765555044584e-05,5.7806946118522464e-05,5.7795133135425744e-05,5.778332660059682e-05,5.7771526508085285e-05,5.7759732852359995e-05,5.774794562773638e-05,5.7736164828254396e-05,5.772439044891139e-05,5.7712622483783736e-05,5.7700860927219306e-05,5.768910577368296e-05,5.767735701751824e-05,5.7665614653189434e-05,5.765387867508498e-05,5.764214907749249e-05,5.763042585493928e-05,5.76187090019004e-05,5.7606998512998424e-05,5.759529438262841e-05,5.7583596604648125e-05,5.757190517399847e-05,5.7560220085246303e-05,5.754854133281703e-05,5.753686891176925e-05,5.752520281566338e-05,5.751354303812531e-05,5.750188957601455e-05,5.749024242244605e-05,5.747860157223254e-05,5.746696701971428e-05,5.74553387594498e-05,5.744371678633273e-05,5.7432101094571e-05,5.742049167813774e-05,5.740888853280763e-05,5.739729165252842e-05,5.73857010317727e-05,5.73741166647682e-05,5.736253854702383e-05,5.7350966672816756e-05,5.733940103650058e-05,5.732784163296958e-05,5.7316288456519865e-05,5.730474150169527e-05,5.729320076351196e-05,5.728166623622663e-05,5.7270137914824105e-05,5.725861579352224e-05,5.7247099867294274e-05,5.723559013059656e-05,5.7224086578180056e-05,5.721258920458636e-05,5.720109800447461e-05,5.718961297268937e-05,5.71781341040701e-05,5.716666139211016e-05,5.715519483354963e-05,5.714373442205971e-05,5.7132280152256185e-05,5.712083202011157e-05,5.710939001808082e-05,5.709795414201853e-05,5.7086524385538466e-05,5.707510074540702e-05,5.7063683215516394e-05,5.7052271791002514e-05,5.70408664662057e-05,5.702946723542617e-05,5.701807409411792e-05,5.700668703646999e-05,5.6995306057618484e-05,5.69839311522991e-05,5.697256231534539e-05,5.6961199541721544e-05,5.694984282516942e-05,5.6938492162096094e-05,5.692714754662873e-05,5.691580897401749e-05,5.6904476438256675e-05,5.6893149934598034e-05,5.688182945786562e-05,5.687051500217489e-05,5.685920656385101e-05,5.684790413709896e-05,5.6836607716736996e-05,5.682531729749127e-05,5.681403287458836e-05,5.680275444330704e-05,5.679148199723476e-05,5.678021553203827e-05,5.6768955042598515e-05,5.6757700523833256e-05,5.674645197061885e-05,5.6735209377180556e-05,5.672397273986358e-05,5.671274205286894e-05,5.6701517311238e-05,5.669029850976489e-05,5.667908564354446e-05,5.666787870746371e-05,5.6656677696483154e-05,5.664548260563661e-05,5.6634293429950355e-05,5.66231101641467e-05,5.66119328034449e-05,5.660076134270321e-05,5.65895957769917e-05,5.6578436101291275e-05,5.656728231066297e-05,5.655613440009743e-05,5.654499236460179e-05,5.653385619866666e-05,5.652272589845228e-05,5.651160145844106e-05,5.650048287369575e-05,5.648937013922111e-05,5.647826325017978e-05,5.646716220149814e-05,5.6456066988303145e-05,5.644497760568745e-05,5.643389404867715e-05,5.6422816312420156e-05,5.6411744391987964e-05,5.640067828247451e-05,5.638961797896602e-05,5.6378563476018714e-05,5.6367514769390164e-05,5.635647185484512e-05,5.634543472700387e-05,5.633440337966197e-05,5.6323377809810254e-05,5.631235801179361e-05,5.630134398129277e-05,5.6290335713116125e-05,5.627933320254083e-05,5.626833644381315e-05,5.6257345434984043e-05,5.6246360166924025e-05,5.623538063828049e-05,5.622440684151086e-05,5.6213438773233166e-05,5.6202476427936715e-05,5.619151980265822e-05,5.6180568890915706e-05,5.616962368835977e-05,5.6158684190522997e-05,5.614775039190296e-05,5.613682228853606e-05,5.612589987557289e-05,5.6114983148081316e-05,5.610407210130649e-05,5.6093166730526636e-05,5.608226703091585e-05,5.607137299783014e-05,5.60604846274703e-05,5.604960191327025e-05,5.603872485131971e-05,5.6027853437143666e-05,5.6016987665608194e-05,5.6006127532362206e-05,5.599527303266502e-05,5.598442416153117e-05,5.597358091477629e-05,5.596274328747033e-05,5.595191127482035e-05,5.5941084872213375e-05,5.5930264075040096e-05,5.591944887881286e-05,5.59086392787304e-05,5.589783527010489e-05,5.588703684800061e-05,5.5876244008412676e-05,5.5865456746221446e-05,5.5854675057004305e-05,5.584389893610837e-05,5.583312837910676e-05,5.582236337955885e-05,5.581160393608103e-05,5.580085004235128e-05,5.5790101693903427e-05,5.577935888603147e-05,5.576862161290574e-05,5.575788987294938e-05,5.574716366000103e-05,5.5736442969048306e-05,5.5725727796172205e-05,5.5715018136747486e-05,5.570431398616742e-05,5.569361533942758e-05,5.568292219315169e-05,5.567223454209427e-05,5.566155238100109e-05,5.565087570586497e-05,5.5640204513701997e-05,5.562953879643878e-05,5.561887855139142e-05,5.560822377493598e-05,5.559757446125502e-05,5.558693060718475e-05,5.557629220735245e-05,5.556565925790148e-05,5.555503175296619e-05,5.554440968999508e-05,5.553379306387527e-05,5.552318186930237e-05,5.55125761036015e-05,5.550197576048121e-05,5.5491380836654816e-05,5.54807913262753e-05,5.5470207225661905e-05,5.545962853040299e-05,5.544905523612839e-05,5.5438487338461625e-05,5.542792483291703e-05,5.541736771543253e-05,5.5406815981005506e-05,5.539626962635385e-05,5.53857286452545e-05,5.53751930364162e-05,5.53646627907577e-05,5.5354137907105385e-05,5.534361838010006e-05,5.533310420593011e-05,5.532259537977149e-05,5.5312091897196465e-05,5.5301593754223676e-05,5.5291100946410285e-05,5.528061346943222e-05,5.527013131826964e-05,5.5259654489689476e-05,5.5249182978643514e-05,5.523871678072843e-05,5.5228255891976615e-05,5.5217800308288536e-05,5.5207350025030995e-05,5.519690503802167e-05,5.518646534271235e-05,5.517603093511872e-05,5.516560181056375e-05,5.515517796420143e-05,5.5144759393324874e-05,5.51343460930918e-05,5.512393805890216e-05,5.511353528630295e-05,5.510313777114978e-05,5.5092745509352636e-05,5.508235849661646e-05,5.507197672849017e-05,5.5061600200872334e-05,5.505122890955365e-05,5.504086285025091e-05,5.503050201857673e-05,5.502014641060611e-05,5.500979602123268e-05,5.4999450847792056e-05,5.4989110885173464e-05,5.497877612917932e-05,5.4968446575772556e-05,5.49581222205078e-05,5.494780305936765e-05,5.4937489088003054e-05,5.492718030233848e-05,5.491687669841341e-05,5.490657827160078e-05,5.489628501790258e-05,5.4885996933296495e-05,5.487571401348372e-05,5.486543625421076e-05,5.485516365171603e-05,5.4844896199958014e-05,5.483463389874855e-05,5.482437674055456e-05,5.481412472227059e-05,5.480387783997323e-05,5.4793636089114e-05,5.478339946577516e-05,5.4773167965894955e-05,5.4762941585233064e-05,5.475272031976168e-05,5.474250416535342e-05,5.4732293118593224e-05,5.4722087173471745e-05,5.471188632777747e-05,5.4701690575496584e-05,5.469149991510447e-05,5.4681314341788e-05,5.4671133850511104e-05,5.466095843656562e-05,5.4650788097252795e-05,5.464062282896799e-05,5.463046262689683e-05,5.4620307486762644e-05,5.461015740476555e-05,5.4600012376844076e-05,5.458987239890252e-05,5.457973746692765e-05,5.456960757689406e-05,5.45594827248412e-05,5.4549362906645025e-05,5.453924811843865e-05,5.45291383560746e-05,5.45190336156339e-05,5.4508933892491084e-05,5.4498839183205916e-05,5.4488749484183094e-05,5.4478664791233905e-05,5.446858510019608e-05,5.4458510407092235e-05,5.444844070739327e-05,5.443837599822867e-05,5.442831627507273e-05,5.441826153394889e-05,5.440821177092558e-05,5.439816698202318e-05,5.4388127163305014e-05,5.437809231083494e-05,5.4368062420658125e-05,5.435803748857886e-05,5.434801751118525e-05,5.433800248413405e-05,5.4327992403582235e-05,5.431798726576887e-05,5.430798706706832e-05,5.429799180284977e-05,5.428800146967588e-05,5.427801606339816e-05,5.426803558029999e-05,5.4258060016254446e-05,5.424808936758876e-05,5.423812363048587e-05,5.422816280082255e-05,5.4218206874944775e-05,5.4208255848768624e-05,5.419830971859377e-05,5.4188368480440656e-05,5.4178432130520666e-05,5.41685006650241e-05,5.415857407994794e-05,5.4148652371552535e-05,5.4138735536025935e-05,5.412882356942898e-05,5.411891646792724e-05,5.41090142277704e-05,5.4099116845055554e-05,5.4089224315982025e-05,5.4079336636798076e-05,5.4069453803593025e-05,5.405957581255606e-05,5.404970265997553e-05,5.4039834341980245e-05,5.402997085479076e-05,5.402011219464459e-05,5.401025835767579e-05,5.400040934017148e-05,5.399056513823693e-05,5.3980725748184085e-05,5.3970891166328164e-05,5.396106138872764e-05,5.395123641175377e-05,5.3941416230938704e-05,5.3931600843855995e-05,5.3921790245905295e-05,5.391198443280269e-05,5.390218340199928e-05,5.38923871494838e-05,5.388259567132598e-05,5.387280896320912e-05,5.386302702276138e-05,5.385324984495207e-05,5.3843477426712916e-05,5.3833709766002364e-05,5.382394685591759e-05,5.38141886936182e-05,5.3804435276225276e-05,5.379468659934743e-05,5.378494265971752e-05,5.3775203453904954e-05,5.37654689777698e-05,5.375573922763089e-05,5.3746014199732356e-05,5.373629389071233e-05,5.3726578296603164e-05,5.371686741402034e-05,5.370716123878657e-05,5.369745976786175e-05,5.36877629969666e-05,5.36780709231846e-05,5.366838354269331e-05,5.365870085130748e-05,5.364902284573451e-05,5.36393495218264e-05,5.3629680876857605e-05,5.362001690691602e-05,5.361035760826273e-05,5.360070297736203e-05,5.359105301050098e-05,5.3581407703967484e-05,5.3571767054333095e-05,5.3562131057905407e-05,5.35524997110854e-05,5.354287301013307e-05,5.353325095130136e-05,5.352363353146145e-05,5.351402074702669e-05,5.350441259420366e-05,5.349480906932017e-05,5.348521016875967e-05,5.347561588928426e-05,5.3466026227215074e-05,5.3456441179152094e-05,5.344686074119028e-05,5.343728490986852e-05,5.342771368165351e-05,5.341814705276502e-05,5.340858502011895e-05,5.3399027580063736e-05,5.338947472883025e-05,5.337992646300898e-05,5.3370382779055244e-05,5.3360843673412095e-05,5.335130914259023e-05,5.334177918316191e-05,5.333225379141646e-05,5.332273296393654e-05,5.3313216697180486e-05,5.3303704987818314e-05,5.3294197832012716e-05,5.328469522646988e-05,5.327519716778693e-05,5.326570365229098e-05,5.325621467645646e-05,5.3246730237140184e-05,5.323725033060642e-05,5.3227774953061565e-05,5.321830410150678e-05,5.320883777284071e-05,5.3199375962641e-05,5.318991866837126e-05,5.318046588593369e-05,5.3171017611970276e-05,5.3161573843160295e-05,5.315213457632233e-05,5.3142699807579554e-05,5.313326953365372e-05,5.312384375093037e-05,5.311442245620388e-05,5.310500564584603e-05,5.309559331669119e-05,5.308618546501318e-05,5.307678208773167e-05,5.306738318135441e-05,5.3057988742380095e-05,5.30485987674325e-05,5.303921325348929e-05,5.3029832196107175e-05,5.302045559167479e-05,5.3011083438781395e-05,5.300171573284214e-05,5.29923524704069e-05,5.2982993648758484e-05,5.297363926358315e-05,5.296428931188461e-05,5.2954943790339515e-05,5.2945602695553304e-05,5.2936266024177326e-05,5.292693377285095e-05,5.291760593882973e-05,5.2908282517531744e-05,5.289896350622218e-05,5.288964890155637e-05,5.288033870019211e-05,5.28710328987885e-05,5.286173149401453e-05,5.285243448253209e-05,5.28431418610154e-05,5.2833853626116537e-05,5.2824569774552884e-05,5.281529030298927e-05,5.2806015208147684e-05,5.27967444866975e-05,5.2787478135257374e-05,5.2778216150577805e-05,5.276895852939854e-05,5.275970526756059e-05,5.275045636182036e-05,5.2741211811150544e-05,5.2731971610851976e-05,5.272273575803629e-05,5.2713504248563946e-05,5.2704277079190255e-05,5.269505424740384e-05,5.2685835749201664e-05,5.267662158180954e-05,5.266741174178098e-05,5.265820622621179e-05,5.264900503116195e-05,5.263980815372305e-05,5.2630615590627616e-05,5.2621427338587e-05,5.261224339446304e-05,5.260306375491215e-05,5.259388841682072e-05,5.258471737686079e-05,5.257555063185144e-05,5.256638817787425e-05,5.255723001302233e-05,5.2548076133407154e-05,5.253892653585885e-05,5.2529781217176654e-05,5.252064017404197e-05,5.251150340346274e-05,5.250237090111549e-05,5.2493242665695827e-05,5.248411869302407e-05,5.247499898020738e-05,5.2465883523626e-05,5.245677232013344e-05,5.2447665366764026e-05,5.243856266033533e-05,5.242946419766452e-05,5.2420369975466526e-05,5.241127999065792e-05,5.240219423983885e-05,5.239311272023921e-05,5.238403542853989e-05,5.237496236156444e-05,5.236589351611865e-05,5.2356828889137074e-05,5.2347768477368436e-05,5.2338712277769656e-05,5.2329660287103524e-05,5.232061250210502e-05,5.231156891994905e-05,5.2302529537451765e-05,5.2293494351397324e-05,5.228446335862549e-05,5.227543655606846e-05,5.226641394043379e-05,5.22573955089501e-05,5.224838125828295e-05,5.2239371185381726e-05,5.223036528710765e-05,5.222136356038704e-05,5.2212366002142555e-05,5.2203372609191096e-05,5.219438337852812e-05,5.218539830697978e-05,5.217641739155684e-05,5.216744062907651e-05,5.215846801655716e-05,5.2149499550874264e-05,5.214053522894266e-05,5.213157504749298e-05,5.212261900387625e-05,5.211366709480419e-05,5.21047193172514e-05,5.20957756681387e-05,5.2086836144408996e-05,5.207790074300538e-05,5.2068969460889615e-05,5.2060042295009014e-05,5.2051119242306425e-05,5.2042200299782884e-05,5.203328546436967e-05,5.202437473304619e-05,5.201546810273879e-05,5.200656557055017e-05,5.1997667133314334e-05,5.1988772788060185e-05,5.197988253177383e-05,5.197099636142642e-05,5.196211427402977e-05,5.195323626652348e-05,5.194436233582315e-05,5.193549247917946e-05,5.192662669345843e-05,5.191776497568217e-05,5.190890732283989e-05,5.190005373191807e-05,5.18912041999737e-05,5.188235872378118e-05,5.187351730079664e-05,5.186467992778684e-05,5.1855846601844534e-05,5.184701731996734e-05,5.1838192078901376e-05,5.1829370876239565e-05,5.182055370871744e-05,5.181174057320574e-05,5.180293146724565e-05,5.179412638749362e-05,5.178532533108463e-05,5.17765282951159e-05,5.176773527654099e-05,5.1758946272471325e-05,5.175016127996829e-05,5.174138029608053e-05,5.173260331789667e-05,5.172383034248251e-05,5.1715061366908674e-05,5.170629638824435e-05,5.169753540357165e-05,5.168877840996948e-05,5.168002540451903e-05,5.1671276384037165e-05,5.166253134615777e-05,5.1653790287701784e-05,5.164505320578652e-05,5.1636320097478077e-05,5.1627590959887226e-05,5.161886579014709e-05,5.161014458531203e-05,5.160142734255579e-05,5.159271405901462e-05,5.158400473168694e-05,5.157529935776842e-05,5.156659793441928e-05,5.155790045865863e-05,5.154920692766878e-05,5.154051733827017e-05,5.1531831688219763e-05,5.152314997433187e-05,5.151447219376287e-05,5.150579834364923e-05,5.149712842114007e-05,5.148846242398803e-05,5.147980034811517e-05,5.147114219128957e-05,5.1462487950488245e-05,5.1453837623235994e-05,5.14451912065178e-05,5.1436548697497574e-05,5.142791009334145e-05,5.141927539122276e-05,5.141064458793428e-05,5.1402017681426175e-05,5.139339466846181e-05,5.138477554624119e-05,5.1376160311936405e-05,5.136754896276471e-05,5.1358941496207126e-05,5.135033790888956e-05,5.1341738198162634e-05,5.133314236139156e-05,5.132455039570727e-05,5.131596229839816e-05,5.130737806639626e-05,5.1298797697249004e-05,5.129022118789906e-05,5.1281648535709984e-05,5.1273079738040195e-05,5.126451479227377e-05,5.125595369500059e-05,5.124739644380771e-05,5.123884303585225e-05,5.1230293468641236e-05,5.122174773891105e-05,5.121320584414258e-05,5.1204667781569556e-05,5.1196133548376014e-05,5.1187603141983274e-05,5.1179076559608126e-05,5.11705537976221e-05,5.116203485481878e-05,5.1153519726487185e-05,5.114500841238235e-05,5.113650090850227e-05,5.1127997212132965e-05,5.111949732066593e-05,5.1111001231251564e-05,5.110250894094497e-05,5.109402044728444e-05,5.108553574747119e-05,5.107705483925961e-05,5.10685777190958e-05,5.10601043845467e-05,5.105163483307518e-05,5.10431690618201e-05,5.103470706817722e-05,5.1026248849436624e-05,5.10177944029078e-05,5.1009343725871e-05,5.10008968166454e-05,5.099245367048111e-05,5.098401428574402e-05,5.09755786598849e-05,5.0967146790071656e-05,5.0958718673358355e-05,5.095029430744475e-05,5.094187368949346e-05,5.093345681703774e-05,5.092504368725838e-05,5.091663429732575e-05,5.09082286447702e-05,5.089982672688493e-05,5.089142854237145e-05,5.088303408565658e-05,5.087464335590847e-05,5.086625635005453e-05,5.0857873064871386e-05,5.0849493499592876e-05,5.0841117649919995e-05,5.083274551371511e-05,5.082437708813269e-05,5.081601237089842e-05,5.080765135919733e-05,5.079929405039637e-05,5.0790940441041204e-05,5.0782590530232586e-05,5.0774244314099935e-05,5.076590179070364e-05,5.0757562957011e-05,5.0749227810592274e-05,5.074089634871729e-05,5.073256856879359e-05,5.072424446820108e-05,5.071592404369898e-05,5.0707607293331794e-05,5.069929421510292e-05,5.0690984804920145e-05,5.068267906068722e-05,5.06743769813874e-05,5.066607856330332e-05,5.065778380394913e-05,5.0649492700398e-05,5.064120525027629e-05,5.063292145095722e-05,5.062464129982056e-05,5.061636479433814e-05,5.060809193197034e-05,5.059982270898058e-05,5.059155712504718e-05,5.058329517641223e-05,5.0575036860213384e-05,5.056678217399054e-05,5.055853111617952e-05,5.055028368266795e-05,5.054203987258521e-05,5.0533799681820944e-05,5.0525563109251565e-05,5.0517330151524e-05,5.050910080555568e-05,5.0500875070127716e-05,5.049265294201271e-05,5.048443441868794e-05,5.047621949751522e-05,5.046800817576655e-05,5.045980045158036e-05,5.0451596322040374e-05,5.044339578458405e-05,5.0435198836661004e-05,5.042700547521919e-05,5.0418815699056285e-05,5.041062950499968e-05,5.0402446890386685e-05,5.0394267852780685e-05,5.038609238979353e-05,5.037792049815075e-05,5.0369752176727484e-05,5.036158742233185e-05,5.0353426232458085e-05,5.034526860460961e-05,5.0337114536229685e-05,5.0328964024955285e-05,5.032081706829281e-05,5.0312673663765493e-05,5.030453380876107e-05,5.029639750001849e-05,5.0288264736695006e-05,5.028013551555261e-05,5.027200983301619e-05,5.026388768762058e-05,5.025576907805713e-05,5.024765400017153e-05,5.023954245368913e-05,5.0231434433581896e-05,5.0223329938271376e-05,5.021522896430795e-05,5.020713151051941e-05,5.019903757532302e-05,5.019094715527703e-05,5.0182860247181176e-05,5.017477684995714e-05,5.0166696960500096e-05,5.0158620575123905e-05,5.015054769385389e-05,5.014247831296351e-05,5.0134412430106605e-05,5.0126350042424e-05,5.011829114823785e-05,5.011023574473778e-05,5.0102183829410166e-05,5.0094135400112765e-05,5.008609045423162e-05,5.007804898936754e-05,5.007001100325732e-05,5.006197649332486e-05,5.0053945457191524e-05,5.00459178920957e-05,5.003789379635256e-05,5.0029873167189206e-05,5.0021856002218524e-05,5.001384229890269e-05,5.000583205389844e-05,4.999782526675235e-05,4.9989821934510334e-05,4.9981822054490155e-05,4.9973825624200725e-05,4.9965832641276945e-05,4.995784310360526e-05,4.9949857008573346e-05,4.994187435393934e-05,4.993389513711584e-05,4.9925919355798285e-05,4.99179470077277e-05,4.990997809037597e-05,4.9902012602059144e-05,4.989405053932074e-05,4.98860919003789e-05,4.9878136682616566e-05,4.987018488398889e-05,4.986223650187683e-05,4.985429153414738e-05,4.984634997847034e-05,4.983841183234187e-05,4.983047709346302e-05,4.982254575940837e-05,4.981461782781817e-05,4.9806693296601644e-05,4.9798772161818426e-05,4.979085442395417e-05,4.978294007921488e-05,4.977502912550037e-05,4.9767121560312224e-05,4.975921738126055e-05,4.975131658621688e-05,4.974341917262365e-05,4.9735525138427505e-05,4.9727634480700855e-05,4.971974719792386e-05,4.971186328749835e-05,4.970398274712953e-05,4.969610557474004e-05,4.968823176744259e-05,4.968036132278393e-05,4.96724942391635e-05,4.966463051414498e-05,4.965677014530008e-05,4.9648913130339974e-05,4.964105946662815e-05,4.9633209153069e-05,4.962536218604262e-05,4.961751856476449e-05,4.9609678285135204e-05,4.960184134546865e-05,4.959400774444557e-05,4.958617747834803e-05,4.9578350545531545e-05,4.9570526943578285e-05,4.956270667038077e-05,4.9554889723704664e-05,4.95470761014776e-05,4.953926580092183e-05,4.95314588202617e-05,4.952365515715459e-05,4.951585480913659e-05,4.9508057774834844e-05,4.950026405049368e-05,4.9492473634642926e-05,4.948468652486201e-05,4.9476902718816404e-05,4.946912221452266e-05,4.946134500959957e-05,4.9453571101925376e-05,4.944580048879903e-05,4.9438033168659486e-05,4.9430269139048205e-05,4.942250839722035e-05,4.941475094174644e-05,4.940699677021957e-05,4.9399245880225644e-05,4.939149826938556e-05,4.9383753935535216e-05,4.937601287677089e-05,4.9368275090888625e-05,4.936054057481315e-05,4.935280932753985e-05,4.934508134630666e-05,4.93373566288607e-05,4.932963517211709e-05,4.932191697558931e-05,4.931420203638155e-05,4.930649035187686e-05,4.929878192009394e-05,4.9291076738894854e-05,4.9283374805990994e-05,4.927567611926609e-05,4.92679806766547e-05,4.926028847579759e-05,4.925259951446535e-05,4.9244913790476546e-05,4.923723130183506e-05,4.922955204624728e-05,4.922187602148465e-05,4.921420322514804e-05,4.920653365556266e-05,4.9198867310353486e-05,4.9191204187381776e-05,4.918354428432672e-05,4.91758875989801e-05,4.916823412956993e-05,4.916058387353657e-05,4.9152936828501825e-05,4.9145292993051185e-05,4.913765236438831e-05,4.913001494055354e-05,4.9122380719429895e-05,4.911474969903077e-05,4.910712187700406e-05,4.909949725183126e-05,4.909187582003457e-05,4.9084257580027186e-05,4.9076642529707556e-05,4.906903066759951e-05,4.9061421990546277e-05,4.9053816497312476e-05,4.9046214185332974e-05,4.903861505300408e-05,4.903101909718408e-05,4.902342631606347e-05,4.901583670697208e-05,4.900825026939654e-05,4.90006670002442e-05,4.899308689776345e-05,4.898550995944817e-05,4.897793618298516e-05,4.897036556674537e-05,4.896279810767628e-05,4.8955233805147126e-05,4.8947672656313026e-05,4.8940114658890166e-05,4.893255981109035e-05,4.8925008110688326e-05,4.8917459555271895e-05,4.890991414343607e-05,4.8902371872612667e-05,4.8894832740830654e-05,4.88872967457687e-05,4.887976388568421e-05,4.887223415812596e-05,4.886470756100133e-05,4.885718409274438e-05,4.884966375163026e-05,4.8842146534178886e-05,4.883463243905138e-05,4.882712146412677e-05,4.8819613607366464e-05,4.8812108866653234e-05,4.880460723990684e-05,4.879710872508211e-05,4.878961331944903e-05,4.878212102223498e-05,4.8774631830337925e-05,4.8767145742554915e-05,4.8759662756444355e-05,4.8752182869795665e-05,4.874470608051399e-05,4.873723238682443e-05,4.872976178645181e-05,4.872229427670656e-05,4.871482985691826e-05,4.8707368524244906e-05,4.869991027625844e-05,4.869245511139198e-05,4.8685003028099675e-05,4.8677554023948444e-05,4.867010809686525e-05,4.866266524466374e-05,4.8655225465457435e-05,4.8647788757154206e-05,4.8640355117063504e-05,4.8632924544363164e-05,4.862549703584119e-05,4.861807259085821e-05,4.861065120600614e-05,4.860323288053441e-05,4.859581761172985e-05,4.858840539768884e-05,4.858099623620889e-05,4.857359012553026e-05,4.856618706345678e-05,4.8558787047373304e-05,4.855139007664779e-05,4.8543996148504924e-05,4.853660526101427e-05,4.8529217412152086e-05,4.852183259927401e-05,4.851445082168433e-05,4.850707207661392e-05,4.849969636301419e-05,4.849232367671828e-05,4.848495401829074e-05,4.847758738381808e-05,4.8470223772063686e-05,4.846286318089997e-05,4.8455505608446945e-05,4.8448151052698853e-05,4.8440799511672684e-05,4.843345098266935e-05,4.8426105464499045e-05,4.841876295658926e-05,4.84114234546656e-05,4.840408695757315e-05,4.8396753463366e-05,4.838942297058568e-05,4.838209547620035e-05,4.8374770978778156e-05,4.836744947635667e-05,4.8360130966960006e-05,4.83528154486479e-05,4.8345502919460416e-05,4.833819337743437e-05,4.8330886820611594e-05,4.8323583247633815e-05,4.8316282655360126e-05,4.830898504242628e-05,4.830169040625995e-05,4.829439874618578e-05,4.828711005967426e-05,4.827982434534669e-05,4.827254159994047e-05,4.8265261822284684e-05,4.825798501037371e-05,4.825071116162993e-05,4.824344027401492e-05,4.82361723483833e-05,4.822890738014003e-05,4.822164536802622e-05,4.821438631002206e-05,4.820713020425757e-05,4.8199877048802504e-05,4.819262684230896e-05,4.81853795817144e-05,4.817813526602983e-05,4.8170893892618306e-05,4.816365546020958e-05,4.8156419966324416e-05,4.814918740932366e-05,4.814195778731248e-05,4.813473109835885e-05,4.812750734138085e-05,4.812028651284806e-05,4.8113068611700534e-05,4.810585363601306e-05,4.809864158416543e-05,4.809143245369821e-05,4.808422624299072e-05,4.807702294805729e-05,4.8069822571197066e-05,4.806262510841808e-05,4.805543055783598e-05,4.8048238917563256e-05,4.8041050186027686e-05,4.803386436098512e-05,4.8026681440332436e-05,4.801950142244299e-05,4.801232430544722e-05,4.8005150087767246e-05,4.7997978766791805e-05,4.7990810341209796e-05,4.798364480903971e-05,4.7976482168393024e-05,4.796932241739054e-05,4.796216555451421e-05,4.795501157753325e-05,4.7947860484813185e-05,4.794071227362838e-05,4.793356694289411e-05,4.792642449107881e-05,4.7919284915424444e-05,4.7912148214508176e-05,4.7905014386507315e-05,4.7897883429567136e-05,4.78907553418205e-05,4.788363012141587e-05,4.787650776650719e-05,4.7869388275251786e-05,4.786227164580762e-05,4.7855157876340705e-05,4.784804696497562e-05,4.7840938909771426e-05,4.7833833709140625e-05,4.7826731361122284e-05,4.78196318638701e-05,4.781253521397633e-05,4.78054414127864e-05,4.77983504568735e-05,4.7791262343149575e-05,4.778417707233551e-05,4.7777094641291305e-05,4.777001504835165e-05,4.776293829145678e-05,4.775586436888586e-05,4.774879327885271e-05,4.774172501950763e-05,4.7734659589026356e-05,4.77275969856161e-05,4.7720537207512785e-05,4.7713480252811344e-05,4.770642611753603e-05,4.7699374804432335e-05,4.7692326309383644e-05,4.768528063041237e-05,4.767823776430024e-05,4.767119771233761e-05,4.7664160471187035e-05,4.7657126039085955e-05,4.765009441423753e-05,4.7643065593687604e-05,4.763603957793683e-05,4.762901636398213e-05,4.762199595002608e-05,4.761497833437716e-05,4.760796351518799e-05,4.760095149072145e-05,4.7593942259008926e-05,4.7586935817413546e-05,4.7579932166295765e-05,4.757293130276587e-05,4.756593322496909e-05,4.755893793126086e-05,4.755194541979152e-05,4.754495568876769e-05,4.7537968736454975e-05,4.7530984561398576e-05,4.752400316121702e-05,4.751702453436091e-05,4.751004867915957e-05,4.750307559383703e-05,4.7496105276603686e-05,4.7489137725643145e-05,4.748217293960062e-05,4.747521091606309e-05,4.7468251653635715e-05,4.7461295150043984e-05,4.745434140448393e-05,4.744739041473466e-05,4.744044217787274e-05,4.743349669456456e-05,4.742655396176506e-05,4.741961397780801e-05,4.741267674090073e-05,4.7405742249206764e-05,4.7398810500604934e-05,4.739188149449155e-05,4.7384955228490896e-05,4.737803170084866e-05,4.7371110909942096e-05,4.7364192853978476e-05,4.7357277531145344e-05,4.7350364939644976e-05,4.7343455078037764e-05,4.7336547944440474e-05,4.7329643536976604e-05,4.732274185412539e-05,4.731584289435434e-05,4.7308946655523564e-05,4.730205313600574e-05,4.72951623341851e-05,4.728827424826036e-05,4.728138887661537e-05,4.727450621746371e-05,4.7267626269179026e-05,4.726074902993404e-05,4.725387449813328e-05,4.724700267207786e-05,4.7240133549967006e-05,4.723326712992874e-05,4.722640341073784e-05,4.721954239025493e-05,4.721268406704811e-05,4.720582843929721e-05,4.719897550534704e-05,4.719212526345925e-05,4.7185277712013504e-05,4.7178432848994895e-05,4.7171590673220675e-05,4.716475118265459e-05,4.7157914375797554e-05,4.7151080250900566e-05,4.7144248806353044e-05,4.7137420040522295e-05,4.713059395131395e-05,4.712377053741056e-05,4.711694979701799e-05,4.7110131728955e-05,4.7103316330555736e-05,4.7096503600680625e-05,4.708969353737244e-05,4.708288613948024e-05,4.7076081405111494e-05,4.706927933248206e-05,4.706247991998611e-05,4.705568316633055e-05,4.704888906919912e-05,4.704209762755535e-05,4.703530883900159e-05,4.70285227022567e-05,4.702173921572574e-05,4.7014958377618545e-05,4.70081801860855e-05,4.700140464116729e-05,4.6994631739516606e-05,4.698786147900862e-05,4.698109385874497e-05,4.6974328877161786e-05,4.696756653259265e-05,4.6960806823008846e-05,4.695404974774648e-05,4.694729530397271e-05,4.694054349054791e-05,4.693379430586534e-05,4.692704774844647e-05,4.692030381631372e-05,4.6913562507046194e-05,4.690682382088199e-05,4.6900087754685315e-05,4.689335430804352e-05,4.688662347869251e-05,4.687989526502693e-05,4.687316966535482e-05,4.686644667805518e-05,4.6859726301534526e-05,4.685300853412119e-05,4.684629337488088e-05,4.6839580821021165e-05,4.683287087144949e-05,4.682616352520281e-05,4.6819458779581775e-05,4.681275663384508e-05,4.6806057085190496e-05,4.6799360132950076e-05,4.6792665775653265e-05,4.678597401080043e-05,4.677928483732824e-05,4.6772598252882365e-05,4.676591425728514e-05,4.675923284880088e-05,4.675255402478733e-05,4.67458777841086e-05,4.673920412554836e-05,4.673253304666283e-05,4.672586454658606e-05,4.671919862395187e-05,4.671253527617118e-05,4.6705874501785264e-05,4.6699216299957025e-05,4.6692560668793076e-05,4.668590760655639e-05,4.6679257111695234e-05,4.667260918262566e-05,4.666596381787003e-05,4.6659321015768765e-05,4.665268077495437e-05,4.664604309261753e-05,4.6639407969246464e-05,4.663277540193868e-05,4.662614538924336e-05,4.6619517930401064e-05,4.661289302266433e-05,4.660627066364148e-05,4.659965085426987e-05,4.659303359226104e-05,4.658641887513794e-05,4.657980670189352e-05,4.657319707130306e-05,4.656658998082212e-05,4.655998542932185e-05,4.655338341538861e-05,4.654678393657339e-05,4.654018699301273e-05,4.65335925821705e-05,4.652700070273341e-05,4.652041135351656e-05,4.6513824530447526e-05,4.6507240235336846e-05,4.650065846528279e-05,4.64940792187094e-05,4.648750249420296e-05,4.648092828993854e-05,4.647435660452541e-05,4.646778743523785e-05,4.646122078269932e-05,4.645465664459135e-05,4.644809501980792e-05,4.6441535905593744e-05,4.64349793011047e-05,4.6428425204447556e-05,4.6421873614777234e-05,4.6415324529623134e-05,4.640877794782542e-05,4.6402233868138546e-05,4.639569228873678e-05,4.638915320867714e-05,4.638261662586568e-05,4.637608253841936e-05,4.636955094527506e-05,4.6363021844872614e-05,4.635649523594544e-05,4.634997111647851e-05,4.634344948456349e-05,4.633693033993126e-05,4.633041368085616e-05,4.6323899505653614e-05,4.6317387811914564e-05,4.631087859908905e-05,4.630437186447256e-05,4.629786760804948e-05,4.629136582771758e-05,4.628486652184176e-05,4.6278369689008925e-05,4.627187532771212e-05,4.62653834357459e-05,4.62588940137276e-05,4.6252407058871294e-05,4.624592256933441e-05,4.623944054319951e-05,4.6232960979568e-05,4.622648387684692e-05,4.622000923421721e-05,4.621353704912618e-05,4.62070673214891e-05,4.620060004857904e-05,4.619413522846728e-05,4.6187672860571056e-05,4.6181212943154704e-05,4.6174755474919035e-05,4.616830045447913e-05,4.616184787992101e-05,4.615539774999051e-05,4.614895006322628e-05,4.614250481805267e-05,4.613606201313036e-05,4.6129621646576505e-05,4.612318371832579e-05,4.611674822507947e-05,4.611031516609931e-05,4.610388453992456e-05,4.609745634563044e-05,4.6091030580623174e-05,4.608460724400075e-05,4.607818633406931e-05,4.607176784979921e-05,4.6065351788889184e-05,4.6058938151513795e-05,4.605252693486145e-05,4.604611813722402e-05,4.603971175817665e-05,4.6033307795786896e-05,4.6026906248595105e-05,4.602050711514271e-05,4.6014110393964705e-05,4.600771608339947e-05,4.600132418242592e-05,4.5994934688598384e-05,4.5988547601729214e-05,4.598216292015646e-05,4.5975780642279944e-05,4.5969400765851935e-05,4.596302329063077e-05,4.5956648214123665e-05,4.5950275536034966e-05,4.594390525413523e-05,4.593753736710538e-05,4.593117187315219e-05,4.592480877159066e-05,4.591844806003738e-05,4.591208973817264e-05,4.5905733803463585e-05,4.589938025556101e-05,4.589302909206629e-05,4.5886680311734655e-05,4.588033391397058e-05,4.5873989896742646e-05,4.586764825860493e-05,4.586130899813436e-05,4.5854972113526055e-05,4.584863760411292e-05,4.584230546808266e-05,4.583597570400733e-05,4.58296483099409e-05,4.582332328553609e-05,4.581700062885938e-05,4.5810680338086286e-05,4.580436241252402e-05,4.579804685031587e-05,4.5791733650645595e-05,4.5785422811658944e-05,4.5779114331331935e-05,4.5772808208938964e-05,4.576650444283065e-05,4.576020303088304e-05,4.575390397294033e-05,4.574760726752307e-05,4.5741312912854056e-05,4.5735020907525014e-05,4.572873125013854e-05,4.572244393918144e-05,4.5716158973457764e-05,4.5709876351380365e-05,4.5703596071729714e-05,4.569731813300632e-05,4.569104253293328e-05,4.568476927189119e-05,4.567849834759792e-05,4.567222975869912e-05,4.566596350369009e-05,4.5659699581327714e-05,4.565343799000605e-05,4.564717872854345e-05,4.564092179549128e-05,4.56346671893702e-05,4.562841490897969e-05,4.562216495283857e-05,4.5615917319629256e-05,4.560967200782106e-05,4.560342901602786e-05,4.5597188342534945e-05,4.559094998685292e-05,4.558471394713414e-05,4.55784802219851e-05,4.557224881004929e-05,4.5566019709637036e-05,4.5559792920058024e-05,4.5553568439155984e-05,4.554734626637578e-05,4.554112639984122e-05,4.553490883866117e-05,4.5528693580821006e-05,4.552248062522695e-05,4.551626997052397e-05,4.5510061615334054e-05,4.5503855558447196e-05,4.549765179886725e-05,4.5491450334077776e-05,4.548525116330167e-05,4.547905428523731e-05,4.547285969855997e-05,4.546666740190237e-05,4.546047739383438e-05,4.5454289672640504e-05,4.5448104237821604e-05,4.544192108712556e-05,4.5435740219824585e-05,4.542956163468435e-05,4.54233853300783e-05,4.5417211304660485e-05,4.5411039557279005e-05,4.54048700863012e-05,4.539870289040776e-05,4.539253796832502e-05,4.5386375318665404e-05,4.5380214940171506e-05,4.53740568317306e-05,4.536790099152526e-05,4.53617474183892e-05,4.5355596111041295e-05,4.5349447068079214e-05,4.5343300288243174e-05,4.533715577005629e-05,4.533101351242452e-05,4.532487351387747e-05,4.531873577312411e-05,4.5312600288755304e-05,4.530646705950435e-05,4.5300336084071634e-05,4.52942073607005e-05,4.528808088887827e-05,4.528195666686214e-05,4.527583469333979e-05,4.526971496698816e-05,4.52635974865041e-05,4.5257482250539467e-05,4.5251369257743846e-05,4.52452585068822e-05,4.5239149996970883e-05,4.5233043726029794e-05,4.5226939692982597e-05,4.5220837896638836e-05,4.521473833550115e-05,4.520864100830002e-05,4.5202545914214115e-05,4.519645305125357e-05,4.5190362418407506e-05,4.51842740146767e-05,4.517818783798396e-05,4.5172103887495876e-05,4.516602216173746e-05,4.5159942659680294e-05,4.515386537989812e-05,4.514779032117162e-05,4.514171748206629e-05,4.513564686145136e-05,4.5129578457676745e-05,4.5123512269935965e-05,4.5117448296528536e-05,4.511138653618236e-05,4.510532698802317e-05,4.5099269650156096e-05,4.509321452188682e-05,4.508716160198426e-05,4.5081110888187613e-05,4.5075062379890876e-05,4.5069016075696856e-05,4.506297197428625e-05,4.5056930074510555e-05,4.505089037506639e-05,4.504485287442495e-05,4.50388175716923e-05,4.503278446545847e-05,4.502675355474882e-05,4.502072483764339e-05,4.501469831312128e-05,4.5008673979903985e-05,4.500265183712756e-05,4.499663188244334e-05,4.4990614115495145e-05,4.498459853498883e-05,4.497858513971559e-05,4.497257392778459e-05,4.496656489846646e-05,4.4960558050046186e-05,4.4954553381604385e-05,4.494855089170134e-05,4.494255057927571e-05,4.493655244290609e-05,4.493055648158028e-05,4.4924562693502455e-05,4.4918571077863844e-05,4.4912581633310274e-05,4.4906594358606575e-05,4.490060925244235e-05,4.489462631350556e-05,4.488864554066933e-05,4.4882666932823524e-05,4.48766904881491e-05,4.4870716205937116e-05,4.486474408473547e-05,4.48587741234364e-05,4.485280632042086e-05,4.484684067467245e-05,4.48408771848524e-05,4.483491584982767e-05,4.4828956668315094e-05,4.482299963904794e-05,4.481704476078862e-05,4.481109203238874e-05,4.4805141452506435e-05,4.479919302001632e-05,4.479324673343375e-05,4.4787302591125235e-05,4.4781360592951295e-05,4.4775420737311274e-05,4.476948302280312e-05,4.476354744799197e-05,4.475761401180775e-05,4.4751682712970716e-05,4.4745753550730894e-05,4.473982652236093e-05,4.473390162877749e-05,4.472797886730318e-05,4.472205823701692e-05,4.471613973684087e-05,4.471022336544487e-05,4.4704309121583465e-05,4.469839700360659e-05,4.469248701119388e-05,4.468657914270975e-05,4.4680673397186766e-05,4.467476977299052e-05,4.4668868268931925e-05,4.466296888355587e-05,4.465707161642914e-05,4.465117646556332e-05,4.464528343062078e-05,4.4639392509523436e-05,4.4633503700694386e-05,4.4627617004375046e-05,4.4621732418413426e-05,4.4615849941727797e-05,4.460996957328058e-05,4.460409131146486e-05,4.459821515516147e-05,4.459234110300807e-05,4.458646915383708e-05,4.4580599307811355e-05,4.4574731562586e-05,4.4568865916874436e-05,4.456300236964325e-05,4.455714091985922e-05,4.4551281566059606e-05,4.454542430639193e-05,4.4539569140943536e-05,4.453371606761175e-05,4.452786508578529e-05,4.4522016194095617e-05,4.451616939132031e-05,4.451032467631679e-05,4.450448204738562e-05,4.4498641503975944e-05,4.449280304467059e-05,4.4486966667717614e-05,4.4481132373001235e-05,4.447530015883561e-05,4.446947002347954e-05,4.446364196675088e-05,4.4457815986500284e-05,4.445199208276069e-05,4.444617025341291e-05,4.444035049716959e-05,4.443453281354914e-05,4.442871720040979e-05,4.442290365711343e-05,4.441709218266761e-05,4.4411282776351704e-05,4.440547543554261e-05,4.439967016034475e-05,4.439386694958596e-05,4.438806580118443e-05,4.4382266714609406e-05,4.437646968838791e-05,4.43706747216421e-05,4.436488181328544e-05,4.435909096163183e-05,4.435330216524708e-05,4.4347515424044754e-05,4.434173073602519e-05,4.43359481002893e-05,4.433016751575209e-05,4.432438898151153e-05,4.431861249562852e-05,4.431283805758663e-05,4.4307065665939105e-05,4.4301295319432206e-05,4.429552701723613e-05,4.428976075769562e-05,4.4283996540335125e-05,4.4278234363879396e-05,4.427247422676346e-05,4.426671612780781e-05,4.426096006643906e-05,4.4255206040740536e-05,4.424945404989972e-05,4.424370409228533e-05,4.4237956168087676e-05,4.4232210275407715e-05,4.422646641247144e-05,4.4220724579002165e-05,4.421498477379087e-05,4.4209246995385424e-05,4.4203511242213484e-05,4.419777751326724e-05,4.4192045808151956e-05,4.418631612525724e-05,4.418058846369906e-05,4.4174862822476146e-05,4.4169139198679645e-05,4.416341759356909e-05,4.4157698004785425e-05,4.41519804316438e-05,4.4146264872743815e-05,4.4140551327149665e-05,4.413483979385007e-05,4.4129130271191455e-05,4.412342275854723e-05,4.4117717254211887e-05,4.411201375775168e-05,4.4106312267079e-05,4.4100612781937546e-05,4.409491530104178e-05,4.408921982323942e-05,4.4083526347251575e-05,4.407783487175865e-05,4.407214539595039e-05,4.4066457918134226e-05,4.40607724385198e-05,4.4055088954585876e-05,4.404940746637253e-05,4.4043727971861345e-05,4.4038050469982645e-05,4.4032374960424134e-05,4.402670144127335e-05,4.402102991158271e-05,4.401536037016513e-05,4.4009692815498424e-05,4.400402724791612e-05,4.399836366513311e-05,4.399270206608074e-05,4.3987042450359e-05,4.3981384815869536e-05,4.397572916192347e-05,4.39700754878562e-05,4.3964423791848024e-05,4.395877407363006e-05,4.395312633151561e-05,4.3947480564412474e-05,4.394183677056525e-05,4.393619495019544e-05,4.3930555101842376e-05,4.3924917223280775e-05,4.391928131467278e-05,4.391364737462265e-05,4.390801540181869e-05,4.3902385395170266e-05,4.389675735387741e-05,4.3891131276677914e-05,4.3885507162695125e-05,4.387988501025346e-05,4.387426481863051e-05,4.3868646586861866e-05,4.386303031376847e-05,4.385741599780524e-05,4.385180363855409e-05,4.384619323439414e-05,4.3840584784271524e-05,4.383497828746233e-05,4.382937374251599e-05,4.382377114823294e-05,4.381817050428705e-05,4.38125718092988e-05,4.380697506187232e-05,4.380138026117313e-05,4.379578740608195e-05,4.379019649503567e-05,4.37846075275281e-05,4.3779020502492454e-05,4.3773435418635456e-05,4.3767852274861954e-05,4.376227106952468e-05,4.3756691802463737e-05,4.3751114472379474e-05,4.374553907802415e-05,4.3739965618721385e-05,4.3734394093118536e-05,4.372882450008096e-05,4.372325683855331e-05,4.371769110726203e-05,4.371212730547337e-05,4.370656543192524e-05,4.370100548567454e-05,4.3695447465978984e-05,4.368989137096616e-05,4.3684337200018535e-05,4.3678784951923506e-05,4.3673234626000215e-05,4.366768622076543e-05,4.366213973546e-05,4.365659516871958e-05,4.365105251961103e-05,4.364551178721469e-05,4.3639972970383095e-05,4.363443606799803e-05,4.362890107901791e-05,4.362336800207963e-05,4.361783683673734e-05,4.3612307581611956e-05,4.360678023557239e-05,4.360125479807393e-05,4.359573126720137e-05,4.359020964230794e-05,4.358468992235373e-05,4.357917210646084e-05,4.3573656193615197e-05,4.356814218279974e-05,4.356263007234708e-05,4.355711986160126e-05,4.35516115493263e-05,4.35461051349114e-05,4.3540600617118086e-05,4.3535097994795e-05,4.352959726712192e-05,4.3524098432903984e-05,4.351860149109723e-05,4.351310644049022e-05,4.350761328019591e-05,4.3502122009295345e-05,4.3496632626466415e-05,4.349114513105908e-05,4.348565952173715e-05,4.348017579738663e-05,4.347469395756042e-05,4.3469214000452673e-05,4.346373592533043e-05,4.3458259731335685e-05,4.345278541711391e-05,4.3447312981857905e-05,4.344184242462855e-05,4.343637374419812e-05,4.343090693962718e-05,4.3425442009518584e-05,4.341997895316047e-05,4.3414517769834285e-05,4.340905845814842e-05,4.3403601017012184e-05,4.33981454454713e-05,4.339269174293555e-05,4.3387239907794554e-05,4.338178993918267e-05,4.337634183604356e-05,4.337089559745347e-05,4.336545122238408e-05,4.336000871018071e-05,4.335456805941806e-05,4.3349129268804965e-05,4.334369233782268e-05,4.33382572652308e-05,4.33328240501069e-05,4.3327392691300105e-05,4.332196318819008e-05,4.331653553919997e-05,4.331110974368614e-05,4.330568580033431e-05,4.3300263708474554e-05,4.329484346685935e-05,4.32894250746708e-05,4.3284008529749567e-05,4.3278593833263834e-05,4.327318098190852e-05,4.326776997662731e-05,4.3262360815974877e-05,4.3256953498167826e-05,4.325154802296256e-05,4.3246144388857864e-05,4.324074259500783e-05,4.323534264007698e-05,4.322994452228511e-05,4.322454824328097e-05,4.3219153800547514e-05,4.321376119303691e-05,4.320837041949698e-05,4.320298147952094e-05,4.319759437166846e-05,4.319220909489337e-05,4.3186825649106575e-05,4.318144403205611e-05,4.317606424324747e-05,4.3170686281811126e-05,4.316531014639569e-05,4.315993583639609e-05,4.3154563351164356e-05,4.314919268865056e-05,4.314382384875577e-05,4.313845683007876e-05,4.313309163181359e-05,4.3127728252718474e-05,4.312236669209988e-05,4.3117006948885e-05,4.3111649022172114e-05,4.3106292910774476e-05,4.31009386138773e-05,4.309558613026565e-05,4.309023545927763e-05,4.308488659949149e-05,4.3079539550485614e-05,4.307419431080913e-05,4.306885087987297e-05,4.306350925663196e-05,4.3058169439822985e-05,4.305283142838388e-05,4.304749522180202e-05,4.304216081880333e-05,4.3036828218457296e-05,4.3031497419856236e-05,4.302616842203446e-05,4.30208412238735e-05,4.301551582458987e-05,4.3010192223024854e-05,4.300487041820033e-05,4.299955040929452e-05,4.299423219525165e-05,4.2988915775266006e-05,4.29836011483109e-05,4.2978288313078274e-05,4.297297726914377e-05,4.2967668015279374e-05,4.296236055040335e-05,4.2957054873494856e-05,4.2951750983875735e-05,4.294644888055357e-05,4.2941148562489656e-05,4.29358500287643e-05,4.293055327838156e-05,4.292525831028258e-05,4.291996512353224e-05,4.291467371733366e-05,4.2909384090566114e-05,4.2904096242097e-05,4.2898810171424646e-05,4.2893525877388596e-05,4.288824335888476e-05,4.288296261511126e-05,4.28776836451227e-05,4.287240644807186e-05,4.2867131023180276e-05,4.286185736883209e-05,4.285658548438189e-05,4.285131536874313e-05,4.28460470214266e-05,4.2840780441193154e-05,4.28355156269346e-05,4.283025257805843e-05,4.282499129337618e-05,4.281973177201943e-05,4.281447401305742e-05,4.280921801533609e-05,4.2803963778192924e-05,4.279871130066294e-05,4.279346058174718e-05,4.2788211620472005e-05,4.27829644155968e-05,4.2777718966797204e-05,4.27724752727174e-05,4.276723333263687e-05,4.276199314534892e-05,4.275675470956164e-05,4.275151802531168e-05,4.274628309096337e-05,4.274104990621778e-05,4.273581846968057e-05,4.2730588779851696e-05,4.272536083677827e-05,4.2720134639447694e-05,4.271491018647831e-05,4.270968747717508e-05,4.27044665104953e-05,4.269924728580881e-05,4.269402980157236e-05,4.268881405701302e-05,4.268360005199153e-05,4.2678387784992973e-05,4.2673177254955095e-05,4.2667968460947664e-05,4.2662761402216835e-05,4.2657556077976284e-05,4.2652352487242164e-05,4.264715062898255e-05,4.264195050227315e-05,4.2636752105613326e-05,4.263155543917984e-05,4.262636050225469e-05,4.262116729185694e-05,4.261597580880847e-05,4.2610786051902815e-05,4.260559802003705e-05,4.260041171266848e-05,4.259522712853244e-05,4.2590044266164516e-05,4.2584863125903836e-05,4.2579683706031216e-05,4.2574506005505504e-05,4.2569330023649005e-05,4.256415575982649e-05,4.255898321305972e-05,4.255381238285695e-05,4.254864326714594e-05,4.2543475866363644e-05,4.253831017779642e-05,4.253314620182128e-05,4.252798393686643e-05,4.2522823382754736e-05,4.2517664538309194e-05,4.251250740257796e-05,4.250735197450445e-05,4.250219825347284e-05,4.2497046238523e-05,4.249189592843505e-05,4.248674732276339e-05,4.24816004203943e-05,4.2476455220386944e-05,4.247131172184462e-05,4.2466169923827914e-05,4.246102982582835e-05,4.2455891426425906e-05,4.2450754724825586e-05,4.244561972020875e-05,4.2440486411758345e-05,4.243535479846415e-05,4.2430224879498946e-05,4.242509665366397e-05,4.241997012059268e-05,4.241484527846584e-05,4.240972212744204e-05,4.2404600666531416e-05,4.2399480894648476e-05,4.239436281160189e-05,4.238924641490654e-05,4.23841317045369e-05,4.237901867948137e-05,4.237390733898979e-05,4.236879768193778e-05,4.2363689707765076e-05,4.235858341542239e-05,4.2353478803863866e-05,4.2348375872541854e-05,4.234327462045158e-05,4.2338175046685324e-05,4.2333077150199724e-05,4.232798093054248e-05,4.23228863863076e-05,4.231779351688446e-05,4.231270232135051e-05,4.2307612798878874e-05,4.2302524948393005e-05,4.229743876916676e-05,4.229235425975799e-05,4.228727142035193e-05,4.228219024926102e-05,4.22771107462955e-05,4.227203291022813e-05,4.226695674016861e-05,4.2261882235167246e-05,4.225680939405641e-05,4.225173821657317e-05,4.224666870169816e-05,4.224160084792673e-05,4.223653465476518e-05,4.223147012205423e-05,4.222640724799403e-05,4.222134603262083e-05,4.22162864745437e-05,4.221122857298414e-05,4.220617232680965e-05,4.220111773496054e-05,4.219606479661274e-05,4.219101351178706e-05,4.218596387935905e-05,4.218091589802062e-05,4.217586956699426e-05,4.217082488551647e-05,4.216578185256955e-05,4.2160740467347305e-05,4.215570072908735e-05,4.2150662636943886e-05,4.2145626190026735e-05,4.2140591387369624e-05,4.213555822849945e-05,4.2130526711470166e-05,4.212549683537132e-05,4.212046860147118e-05,4.2115442007685416e-05,4.2110417053822665e-05,4.210539373761105e-05,4.210037205871035e-05,4.2095352016711485e-05,4.209033360952171e-05,4.208531683797392e-05,4.208030170051693e-05,4.207528819625039e-05,4.207027632458992e-05,4.206526608420088e-05,4.206025747429007e-05,4.20552504939074e-05,4.205024514307256e-05,4.204524142029813e-05,4.2040239324518533e-05,4.2035238855446753e-05,4.2030240011937146e-05,4.2025242794719136e-05,4.2020247199772744e-05,4.201525322794754e-05,4.2010260878484396e-05,4.200527014995049e-05,4.200028104236946e-05,4.199529355420125e-05,4.199030768468076e-05,4.1985323433519495e-05,4.1980340799509755e-05,4.197535978175835e-05,4.197038037967501e-05,4.196540259215503e-05,4.196042641851566e-05,4.1955451857716765e-05,4.19504789092025e-05,4.1945507571842635e-05,4.194053784467849e-05,4.193556972745353e-05,4.193060321908184e-05,4.192563831860149e-05,4.192067502484052e-05,4.1915713337892425e-05,4.1910753256198285e-05,4.190579477937151e-05,4.1900837906280434e-05,4.189588263599448e-05,4.1890928968101466e-05,4.188597690135725e-05,4.1881026435151446e-05,4.187607756846275e-05,4.1871130300671734e-05,4.186618463132487e-05,4.186124055966787e-05,4.185629808349271e-05,4.185135720287917e-05,4.184641791701198e-05,4.184148022516342e-05,4.183654412637948e-05,4.183160961918295e-05,4.1826676703816317e-05,4.182174537900084e-05,4.181681564397849e-05,4.181188749795686e-05,4.180696094031535e-05,4.180203596951697e-05,4.1797112585480536e-05,4.17921907875142e-05,4.178727057407583e-05,4.178235194483174e-05,4.1777434898818865e-05,4.177251943518808e-05,4.1767605553217265e-05,4.176269325110948e-05,4.1757782529823214e-05,4.175287338777669e-05,4.1747965824022164e-05,4.174305983784444e-05,4.173815542883935e-05,4.173325259474125e-05,4.172835133645891e-05,4.172345165229407e-05,4.171855354175785e-05,4.1713657003620547e-05,4.170876203778437e-05,4.170386864292184e-05,4.169897681828157e-05,4.1694086563260904e-05,4.168919787686769e-05,4.168431075860831e-05,4.1679425207166174e-05,4.167454122197399e-05,4.166965880313797e-05,4.1664777947946594e-05,4.165989865662134e-05,4.165502092877814e-05,4.1650144762700114e-05,4.1645270157674604e-05,4.164039711349604e-05,4.163552562950909e-05,4.1630655704470795e-05,4.1625787337863806e-05,4.162092052836127e-05,4.161605527566576e-05,4.161119157896078e-05,4.1606329437009594e-05,4.160146884963449e-05,4.159660981565425e-05,4.159175233440673e-05,4.158689640508291e-05,4.158204202685674e-05,4.157718919882679e-05,4.157233792030899e-05,4.1567488190624574e-05,4.15626400084628e-05,4.15577933737695e-05,4.155294828551253e-05,4.1548104742863406e-05,4.154326274494628e-05,4.153842229090223e-05,4.1533583380047744e-05,4.1528746011734036e-05,4.15239101852773e-05,4.151907589943685e-05,4.151424315400656e-05,4.1509411947494866e-05,4.150458227947368e-05,4.149975414915762e-05,4.1494927555765275e-05,4.149010249851421e-05,4.1485278976622775e-05,4.1480456989310484e-05,4.147563653579557e-05,4.147081761529844e-05,4.146600022704004e-05,4.146118437024128e-05,4.145637004412361e-05,4.145155724790954e-05,4.1446745980821504e-05,4.1441936242082754e-05,4.143712803091803e-05,4.143232134655013e-05,4.142751618820454e-05,4.142271255510688e-05,4.14179104464832e-05,4.141310986155969e-05,4.140831079948566e-05,4.140351325964463e-05,4.1398717241187645e-05,4.139392274334566e-05,4.1389129765340806e-05,4.138433830640685e-05,4.137954836577396e-05,4.137475994267293e-05,4.1369973036335353e-05,4.136518764599252e-05,4.136040377087781e-05,4.1355621410223754e-05,4.135084056326366e-05,4.134606122923198e-05,4.134128340736389e-05,4.1336507096892836e-05,4.133173229705528e-05,4.132695900735103e-05,4.132218722648942e-05,4.131741695397151e-05,4.1312648189030065e-05,4.130788093091355e-05,4.1303115178858436e-05,4.129835093209834e-05,4.1293588189876165e-05,4.128882695143237e-05,4.128406721600776e-05,4.127930898284349e-05,4.127455225118955e-05,4.126979702027353e-05,4.126504328934595e-05,4.12602910576502e-05,4.1255540324430506e-05,4.125079108893152e-05,4.124604335039831e-05,4.1241297108076647e-05,4.123655236121331e-05,4.123180910905505e-05,4.122706735084735e-05,4.1222327085839946e-05,4.1217588313280404e-05,4.12128510324166e-05,4.120811524249867e-05,4.120338094277677e-05,4.1198648132502286e-05,4.119391681092378e-05,4.1189186977288695e-05,4.118445863085933e-05,4.117973177090703e-05,4.117500639663756e-05,4.117028250732657e-05,4.116556010220489e-05,4.116083918057486e-05,4.115611974166907e-05,4.115140178474117e-05,4.1146685309048816e-05,4.114197031384697e-05,4.113725679839338e-05,4.1132544761946475e-05,4.112783420376264e-05,4.112312512310274e-05,4.111841751922178e-05,4.1113711391384674e-05,4.110900673885332e-05,4.1104303560881643e-05,4.109960185673162e-05,4.109490162566744e-05,4.109020286695183e-05,4.108550557984662e-05,4.108080976361186e-05,4.107611541751701e-05,4.107142254082386e-05,4.1066731132797753e-05,4.106204119270358e-05,4.105735271980653e-05,4.1052665713372685e-05,4.1047980172669194e-05,4.1043296096963964e-05,4.103861348566556e-05,4.103393233775974e-05,4.102925265265683e-05,4.1024574429625894e-05,4.101989766771711e-05,4.101522236664013e-05,4.101054852544502e-05,4.1005876143405484e-05,4.1001205219791745e-05,4.099653575387668e-05,4.0991867744929644e-05,4.098720119223022e-05,4.098253609504918e-05,4.097787245266103e-05,4.097321026434034e-05,4.0968549529361995e-05,4.096389024646391e-05,4.0959232415999856e-05,4.0954576036707674e-05,4.094992110786454e-05,4.094526762874727e-05,4.094061559824701e-05,4.0935965016420025e-05,4.093131588215621e-05,4.0926668194735024e-05,4.0922021953437846e-05,4.091737715754474e-05,4.0912733806336926e-05,4.090809189909289e-05,4.090345143467216e-05,4.0898812413213255e-05,4.089417483356961e-05,4.0889538694910505e-05,4.088490399674917e-05,4.088027073799104e-05,4.0875638917968815e-05,4.0871008536593005e-05,4.0866379592811175e-05,4.086175208576085e-05,4.085712601489472e-05,4.0852501379415004e-05,4.0847878178569364e-05,4.0843256411727776e-05,4.083863607836225e-05,4.083401717731476e-05,4.082939970809931e-05,4.0824783669616424e-05,4.0820169061806064e-05,4.081555588383172e-05,4.081094413499544e-05,4.080633381430728e-05,4.0801724921035944e-05,4.079711745480639e-05,4.07925114147364e-05,4.078790680009307e-05,4.078330361025651e-05,4.077870184469291e-05,4.0774101502463654e-05,4.076950258256845e-05,4.076490508457415e-05,4.076030900793057e-05,4.075571435208882e-05,4.0751121115863266e-05,4.074652929877347e-05,4.074193890011824e-05,4.073734991919687e-05,4.07327623553106e-05,4.0728176207368894e-05,4.072359147545397e-05,4.071900815847724e-05,4.071442625573554e-05,4.0709845766541064e-05,4.070526669018685e-05,4.0700689025986806e-05,4.0696112773239394e-05,4.069153793126056e-05,4.068696449928919e-05,4.06823924767185e-05,4.0677821862510085e-05,4.067325265660663e-05,4.066868485798641e-05,4.0664118465959904e-05,4.0659553479803064e-05,4.065498989799051e-05,4.06504277215825e-05,4.064586694900347e-05,4.064130757983911e-05,4.063674961307163e-05,4.063219304784444e-05,4.062763788367542e-05,4.062308412011431e-05,4.061853175602781e-05,4.061398079093231e-05,4.0609431224114946e-05,4.0604883054972575e-05,4.0600336282773205e-05,4.059579090705443e-05,4.05912469266973e-05,4.058670434141996e-05,4.05821631501556e-05,4.057762335241123e-05,4.0573084947718225e-05,4.0568547934946786e-05,4.056401231365479e-05,4.0559478083017764e-05,4.055494524282394e-05,4.0550413792081556e-05,4.0545883729810724e-05,4.0541355055652655e-05,4.053682776908788e-05,4.0532301869248725e-05,4.0527777355327827e-05,4.052325422665331e-05,4.051873248286515e-05,4.0514212123067706e-05,4.0509693146376784e-05,4.050517555232634e-05,4.050065934024164e-05,4.049614450944529e-05,4.049163105929806e-05,4.0487118989242654e-05,4.048260829826404e-05,4.047809898587653e-05,4.047359105159699e-05,4.046908449436182e-05,4.046457931366131e-05,4.046007550890992e-05,4.045557307943012e-05,4.045107202446544e-05,4.044657234344221e-05,4.0442074035772274e-05,4.0437577100502646e-05,4.043308153725422e-05,4.0428587345070915e-05,4.042409452338475e-05,4.041960307161285e-05,4.041511298900483e-05,4.041062427498383e-05,4.040613692883932e-05,4.0401650950037175e-05,4.039716633763172e-05,4.0392683090252245e-05,4.038820120907519e-05,4.038372069225251e-05,4.037924153926307e-05,4.037476374958287e-05,4.0370287322123526e-05,4.036581225689807e-05,4.036133855289443e-05,4.0356866209388124e-05,4.035239522581189e-05,4.0347925601704256e-05,4.034345733600321e-05,4.033899042823187e-05,4.033452487773016e-05,4.0330060683838334e-05,4.0325597845887465e-05,4.032113636319057e-05,4.031667623384542e-05,4.031221746002077e-05,4.030776003929321e-05,4.030330397123043e-05,4.029884925517075e-05,4.029439589043658e-05,4.028994387641836e-05,4.028549321106821e-05,4.028104389648621e-05,4.027659593063975e-05,4.02721493130742e-05,4.026770404273304e-05,4.0263260119166967e-05,4.025881754090325e-05,4.025437630877078e-05,4.024993642161882e-05,4.024549787859403e-05,4.024106067814776e-05,4.023662482220056e-05,4.023219030775421e-05,4.022775713370866e-05,4.022332530179683e-05,4.021889481041016e-05,4.02144656586188e-05,4.021003784582245e-05,4.020561137114795e-05,4.020118623430894e-05,4.019676243313585e-05,4.019233996979848e-05,4.018791884195831e-05,4.018349904865204e-05,4.01790805899868e-05,4.0174663465558634e-05,4.017024767430673e-05,4.016583321552811e-05,4.016142008869015e-05,4.0157008293216125e-05,4.015259782821815e-05,4.014818869258722e-05,4.014378088688819e-05,4.013937440978393e-05,4.013496926080674e-05,4.01305654387088e-05,4.0126162943875517e-05,4.012176177494574e-05,4.011736193134994e-05,4.011296341311529e-05,4.010856621900977e-05,4.010417034840053e-05,4.009977580061575e-05,4.0095382575230727e-05,4.0090990671209716e-05,4.008660008851099e-05,4.008221082622018e-05,4.0077822883862534e-05,4.007343626050022e-05,4.006905095555885e-05,4.006466696852711e-05,4.006028429869901e-05,4.00559029454899e-05,4.0051522908240694e-05,4.0047144186338404e-05,4.0042766779114724e-05,4.003839068614842e-05,4.0034015906405035e-05,4.0029642439493374e-05,4.002527028481855e-05,4.0020899441292225e-05,4.001652990921943e-05,4.00121616872922e-05,4.0007794775046636e-05,4.000342917156767e-05,3.999906487668928e-05,3.999470188961928e-05,3.99903402097734e-05,3.998597983604472e-05,3.998162076854493e-05,3.9977263006449634e-05,3.997290654857965e-05,3.9968551395091215e-05,3.996419754521313e-05,3.9959844998064285e-05,3.995549375290257e-05,3.995114380930859e-05,3.9946795166599896e-05,3.9942447824230327e-05,3.993810178143722e-05,3.9933757037827186e-05,3.9929413592382724e-05,3.9925071444949954e-05,3.99207305947638e-05,3.991639104126581e-05,3.991205278352452e-05,3.990771582095151e-05,3.9903380153543546e-05,3.989904577980563e-05,3.989471269955674e-05,3.989038091236411e-05,3.988605041756228e-05,3.9881721214258053e-05,3.987739330208009e-05,3.9873066680258573e-05,3.986874134804168e-05,3.986441730541657e-05,3.986009455107271e-05,3.9855773084673525e-05,3.985145290551959e-05,3.9847134013227774e-05,3.984281640719862e-05,3.983850008663715e-05,3.9834185050829584e-05,3.9829871299418304e-05,3.982555883155421e-05,3.9821247646762564e-05,3.9816937744379374e-05,3.981262912350582e-05,3.980832178424102e-05,3.980401572534032e-05,3.9799710946629004e-05,3.97954074471508e-05,3.9791105226690614e-05,3.9786804284412604e-05,3.978250461977711e-05,3.977820623202785e-05,3.977390912032734e-05,3.976961328473214e-05,3.97653187240075e-05,3.97610254381549e-05,3.975673342599599e-05,3.975244268702359e-05,3.97481532209464e-05,3.974386502721147e-05,3.973957810501992e-05,3.973529245379726e-05,3.97310080728713e-05,3.972672496171097e-05,3.972244311976712e-05,3.971816254646521e-05,3.9713883240502205e-05,3.9709605202263855e-05,3.970532843074022e-05,3.970105292530203e-05,3.969677868553882e-05,3.9692505710615886e-05,3.9688234000027495e-05,3.968396355327087e-05,3.9679694369555375e-05,3.9675426448539325e-05,3.967115978865602e-05,3.966689439056339e-05,3.966263025335435e-05,3.965836737638239e-05,3.965410575864e-05,3.964984540020161e-05,3.964558629989685e-05,3.964132845761289e-05,3.963707187248297e-05,3.963281654397608e-05,3.962856247124613e-05,3.9624309654154306e-05,3.962005809186598e-05,3.961580778378257e-05,3.9611558729279054e-05,3.96073109273691e-05,3.9603064378609865e-05,3.959881908185547e-05,3.9594575036294e-05,3.9590332241153696e-05,3.958609069569526e-05,3.958185040019573e-05,3.957761135359775e-05,3.95733735553238e-05,3.956913700479408e-05,3.956490170153974e-05,3.9560667644738974e-05,3.9556434833660167e-05,3.9552203268326945e-05,3.9547972947757794e-05,3.9543743871411595e-05,3.953951603864594e-05,3.953528944899827e-05,3.9531064101789514e-05,3.952683999648943e-05,3.952261713222585e-05,3.951839550844662e-05,3.9514175125326805e-05,3.950995598220613e-05,3.950573807751235e-05,3.950152141152122e-05,3.949730598280861e-05,3.949309179169036e-05,3.948887883728795e-05,3.948466711895751e-05,3.9480456636136084e-05,3.947624738823594e-05,3.947203937461581e-05,3.9467832594818366e-05,3.946362704846948e-05,3.945942273439361e-05,3.9455219652348814e-05,3.9451017801814126e-05,3.9446817182082576e-05,3.9442617791996216e-05,3.943841963253742e-05,3.9434222701875816e-05,3.94300269999028e-05,3.942583252602591e-05,3.942163927995994e-05,3.941744726034432e-05,3.9413256466996136e-05,3.9409066899264796e-05,3.940487855704175e-05,3.94006914391144e-05,3.939650554511415e-05,3.939232087476183e-05,3.938813742731142e-05,3.938395520221568e-05,3.937977419856109e-05,3.937559441625679e-05,3.9371415854565674e-05,3.9367238513142706e-05,3.936306239080201e-05,3.93588874870943e-05,3.935471380162714e-05,3.935054133424519e-05,3.9346370083693636e-05,3.934220004996532e-05,3.9338031231988894e-05,3.933386362964946e-05,3.932969724146763e-05,3.9325532068476274e-05,3.9321368109176094e-05,3.931720536285433e-05,3.931304382913417e-05,3.9308883507607986e-05,3.93047243974465e-05,3.930056649820796e-05,3.92964098094219e-05,3.929225433036573e-05,3.928810006099323e-05,3.928394700031827e-05,3.927979514734508e-05,3.9275644501882946e-05,3.927149506345178e-05,3.9267346831490016e-05,3.9263199805356966e-05,3.9259053984611355e-05,3.9254909368979275e-05,3.925076595717418e-05,3.924662374889299e-05,3.924248274365724e-05,3.923834294123333e-05,3.9234204340493606e-05,3.923006694148514e-05,3.922593074319735e-05,3.9221795745183514e-05,3.921766194694059e-05,3.921352934783788e-05,3.920939794739729e-05,3.920526774499121e-05,3.9201138740156265e-05,3.919701093275164e-05,3.9192884321226774e-05,3.9188758905651203e-05,3.918463468561481e-05,3.918051166002368e-05,3.917638982831919e-05,3.917226919079488e-05,3.9168149746189144e-05,3.916403149408752e-05,3.915991443427817e-05,3.915579856560493e-05,3.915168388782602e-05,3.914757040038132e-05,3.914345810272103e-05,3.913934699431802e-05,3.913523707458331e-05,3.9131128343170444e-05,3.9127020799559876e-05,3.912291444272545e-05,3.9118809272434656e-05,3.911470528809946e-05,3.911060248900406e-05,3.910650087474761e-05,3.91024004448102e-05,3.909830119863303e-05,3.9094203135662136e-05,3.909010625534269e-05,3.908601055710147e-05,3.908191604051699e-05,3.907782270496773e-05,3.9073730549920515e-05,3.906963957489755e-05,3.906554977996543e-05,3.9061461163119645e-05,3.9057373724592216e-05,3.9053287463828336e-05,3.904920238036723e-05,3.9045118473541344e-05,3.904103574286632e-05,3.903695418780104e-05,3.903287380780508e-05,3.902879460232641e-05,3.902471657084822e-05,3.9020639712819246e-05,3.901656402770006e-05,3.9012489515354486e-05,3.900841617471674e-05,3.900434400509501e-05,3.9000273006229595e-05,3.8996203177582774e-05,3.8992134518617425e-05,3.898806702879642e-05,3.898400070755051e-05,3.897993555473266e-05,3.897587156912717e-05,3.897180875052202e-05,3.896774709838196e-05,3.8963686612134695e-05,3.895962729132037e-05,3.8955569135367587e-05,3.8951512143710924e-05,3.894745631585461e-05,3.894340165126115e-05,3.8939348149418875e-05,3.893529580977225e-05,3.893124463175763e-05,3.8927194614874273e-05,3.892314575862254e-05,3.89190980624322e-05,3.8915051526056455e-05,3.891100614849416e-05,3.8906961929334204e-05,3.890291886727696e-05,3.889887696348274e-05,3.8894836216539166e-05,3.889079662597886e-05,3.8886758191257614e-05,3.8882720911827465e-05,3.887868478719344e-05,3.8874649816837466e-05,3.88706160001186e-05,3.886658333664102e-05,3.886255182580701e-05,3.8858521467135626e-05,3.8854492260080935e-05,3.885046420409767e-05,3.8846437299776455e-05,3.884241154440145e-05,3.883838693879154e-05,3.88343634819465e-05,3.88303411735434e-05,3.882632001310197e-05,3.8822300000098706e-05,3.881828113396041e-05,3.881426341447215e-05,3.8810246840559524e-05,3.880623141200314e-05,3.8802217128076205e-05,3.879820398787479e-05,3.879419199218401e-05,3.8790181139724706e-05,3.878617143010733e-05,3.8782162862386265e-05,3.877815543669198e-05,3.877414915192538e-05,3.8770144007911413e-05,3.87661400040503e-05,3.876213713975433e-05,3.8758135414581414e-05,3.875413482797016e-05,3.875013537942406e-05,3.8746137068430754e-05,3.8742139894462675e-05,3.873814385698037e-05,3.873414895552354e-05,3.873015518950562e-05,3.8726162558271905e-05,3.872217106171413e-05,3.8718180699065693e-05,3.871419146884016e-05,3.8710203372512834e-05,3.8706216408614416e-05,3.8702230576601015e-05,3.8698245876035685e-05,3.869426230594377e-05,3.8690279866436446e-05,3.868629855636808e-05,3.868231837604313e-05,3.8678339324460875e-05,3.867436140123305e-05,3.867038460566609e-05,3.866640893781065e-05,3.8662434396341465e-05,3.865846098110685e-05,3.865448869159987e-05,3.865051752697714e-05,3.864654748742561e-05,3.864257857209594e-05,3.8638610780457445e-05,3.8634644111883143e-05,3.863067856615836e-05,3.8626714142589336e-05,3.8622750840689296e-05,3.861878865997218e-05,3.8614827598902976e-05,3.8610867658962234e-05,3.8606908838701667e-05,3.860295113758511e-05,3.8598994555149206e-05,3.8595039090833725e-05,3.859108474379828e-05,3.8587131514252974e-05,3.858317940130012e-05,3.857922840445258e-05,3.857527852321758e-05,3.8571329757095965e-05,3.856738210553252e-05,3.8563435567963875e-05,3.8559490144155767e-05,3.85555458334391e-05,3.855160263532928e-05,3.8547660549317374e-05,3.85437195747726e-05,3.8539779711443277e-05,3.853584095865498e-05,3.853190331588515e-05,3.852796678283975e-05,3.8524031359210034e-05,3.852009704393248e-05,3.851616383675528e-05,3.851223173718316e-05,3.850830074451551e-05,3.850437085863684e-05,3.8500442078872655e-05,3.849651440487562e-05,3.8492587835820687e-05,3.8488662371381974e-05,3.8484738011030454e-05,3.8480814754346615e-05,3.8476892600794326e-05,3.847297155009584e-05,3.846905160133078e-05,3.846513275420235e-05,3.846121500823114e-05,3.845729836315472e-05,3.8453382818001744e-05,3.844946837239906e-05,3.8445555026342576e-05,3.84416427787511e-05,3.843773162928537e-05,3.8433821577562875e-05,3.842991262269258e-05,3.842600476491914e-05,3.842209800333027e-05,3.841819233748852e-05,3.8414287766858345e-05,3.841038429107514e-05,3.840648190948979e-05,3.8402580621764815e-05,3.839868042724098e-05,3.839478132549262e-05,3.839088331604312e-05,3.838698639840487e-05,3.838309057208481e-05,3.8379195836618345e-05,3.837530219150837e-05,3.837140963626358e-05,3.8367518170414875e-05,3.8363627793469023e-05,3.83597385049113e-05,3.8355850304273574e-05,3.835196319106411e-05,3.834807716480394e-05,3.83441922249934e-05,3.83403083711713e-05,3.833642560283885e-05,3.8332543919516006e-05,3.832866332179296e-05,3.832478380704579e-05,3.832090537585539e-05,3.8317028027740874e-05,3.831315176221766e-05,3.8309276578795174e-05,3.83054024770052e-05,3.8301529456346846e-05,3.8297657516364295e-05,3.829378665655284e-05,3.828991687644756e-05,3.828604817555196e-05,3.828218055340373e-05,3.82783140095157e-05,3.8274448543408504e-05,3.8270584154584565e-05,3.826672084258501e-05,3.82628586069378e-05,3.825899744715905e-05,3.825513736275225e-05,3.825127835324398e-05,3.8247420418164246e-05,3.8243563557041256e-05,3.823970776938649e-05,3.8235853054715424e-05,3.823199941258224e-05,3.822814684246373e-05,3.822429534392861e-05,3.822044491647702e-05,3.821659555964537e-05,3.8212747272970865e-05,3.820890005594494e-05,3.820505390811096e-05,3.8201208828999634e-05,3.819736481812475e-05,3.8193521875008084e-05,3.818967999917973e-05,3.818583919018416e-05
12,5.213529772802688e-85,9.595346941878837e-84,4.4564599232489955e-83,1.2654823737029475e-82,3.2882889146934073e-82,7.167237828018706e-82,1.399450374642573e-81,2.5295514348009835e-81,4.265419507425389e-81,6.857924322353863e-81,1.061603759159332e-80,1.5934604906561344e-80,2.319214588450921e-80,3.3024244821699656e-80,4.602691716300073e-80,6.295067125504472e-80,8.466899184750888e-80,1.1219088527951557e-79,1.4667403775062258e-79,1.894385852825209e-79,2.4198149403647355e-79,3.0599154995836377e-79,3.8336495623641104e-79,4.7622153759548867e-79,5.869215504744421e-79,7.180830981992135e-79,8.726001502099355e-79,1.0536611646536057e-78,1.2647683136500393e-78,1.509757310680718e-78,1.7928178397011732e-78,2.1185145847525547e-78,2.4918088602194277e-78,2.918080840588356e-78,3.403152390348073e-78,3.9533104919689214e-78,4.575331273191828e-78,5.276504630618885e-78,6.064659452110239e-78,6.948189435946744e-78,7.936079505403652e-78,9.037932821438014e-78,1.0263998386842914e-77,1.1625199249786904e-77,1.313316129982238e-77,1.4800242656848137e-77,1.6639563654358874e-77,1.866503741790687e-77,2.0891401032894703e-77,2.333424730251126e-77,2.6010057105347166e-77,2.893623233536705e-77,3.213112943740125e-77,3.561409352682891e-77,3.940549310954715e-77,4.352675537963813e-77,4.800040211262541e-77,5.285008614063814e-77,5.810062842216238e-77,6.377805569415267e-77,6.990963871075434e-77,7.652393107403114e-77,8.365080864170542e-77,9.132150951817945e-77,9.956867464921709e-77,1.0842638897057397e-76,1.1793022317069241e-76,1.2811727601857306e-76,1.390262172677124e-76,1.506973311737982e-76,1.6317256054075747e-76,1.7649555141548523e-76,1.9071169831125026e-76,2.0586819001545116e-76,2.220140559990539e-76,2.39200213416755e-76,2.574795146163586e-76,2.769067953311162e-76,2.975389233404557e-76,3.1943484778233685e-76,3.426556490376383e-76,3.6726458914774413e-76,3.9332716285415326e-76,4.209111491513594e-76,4.500866635110068e-76,4.809262106022263e-76,5.135047375848253e-76,5.478996880298492e-76,5.84191056371421e-76,6.224614429459354e-76,6.627961095795622e-76,7.052830358419408e-76,7.500129756562771e-76,7.970795147515177e-76,8.465791284905692e-76,8.98611240340176e-76,9.532782808978162e-76,1.0106857474913151e-75,1.0709422643400126e-75,1.1341596432916234e-75,1.2004529451179262e-75,1.269940541401819e-75,1.342744176881097e-75,1.4189890325868007e-75,1.498803789302528e-75,1.5823206917531918e-75,1.6696756131864898e-75,1.761008120778851e-75,1.8564615413641087e-75,1.9561830278261288e-75,2.0603236260504036e-75,2.1690383424270416e-75,2.2824862119136477e-75,2.4008303666706904e-75,2.5242381052491173e-75,2.65288096232154e-75,2.7869347790429054e-75,2.926579773810971e-75,3.0720006137809363e-75,3.2233864867845314e-75,3.380931173979838e-75,3.5448331228882035e-75,3.715295520954867e-75,3.892526369819223e-75,4.076738560207103e-75,4.268149947085703e-75,4.466983425654675e-75,4.673467007678324e-75,4.887833898407106e-75,5.110322574354259e-75,5.341176861158478e-75,5.580646012465807e-75,5.828984788814311e-75,6.086453537619057e-75,6.353318273345642e-75,6.629850758408244e-75,6.91632858460227e-75,7.213035254957314e-75,7.520260266277925e-75,7.838299192233258e-75,8.167453766884053e-75,8.508031968825051e-75,8.860348105929456e-75,9.224722900539032e-75,9.601483575255973e-75,9.990963939106893e-75,1.0393504474882243e-74,1.0809452426262767e-74,1.123916188543411e-74,1.1682993882069873e-74,1.2141316472446206e-74,1.2614504828232944e-74,1.3102941328024514e-74,1.360701564638232e-74,1.412712484647679e-74,1.46636734710514e-74,1.521707363493716e-74,1.5787745117878267e-74,1.6376115457903733e-74,1.6982620045280874e-74,1.7607702217162437e-74,1.825181335168292e-74,1.8915412965154305e-74,1.9598968806177036e-74,2.030295695397668e-74,2.102786191461222e-74,2.1774176718858425e-74,2.2542403020673606e-74,2.33330511949686e-74,2.41466404383958e-74,2.498369886818396e-74,2.5844763622763567e-74,2.6730380962574507e-74,2.7641106371569647e-74,2.8577504659194048e-74,2.9540150062856197e-74,3.0529626350847283e-74,3.154652692601657e-74,3.2591454929810942e-74,3.366502334691359e-74,3.4767855110702463e-74,3.590058320756469e-74,3.706385078550074e-74,3.82583112584677e-74,3.948462841455835e-74,4.074347652465027e-74,4.203554044967495e-74,4.336151574966596e-74,4.472210879363815e-74,4.611803686777726e-74,4.7550028288813865e-74,4.9018822512001544e-74,5.05251702442914e-74,5.206983355591897e-74,5.365358599248939e-74,5.527721268924641e-74,5.69415104834269e-74,5.864728802924317e-74,6.039536591044533e-74,6.218657675857886e-74,6.402176536702754e-74,6.590178880673963e-74,6.782751654229502e-74,6.979983055170055e-74,7.181962544158222e-74,7.388780856764763e-74,7.60053001529338e-74,7.817303340289799e-74,8.039195463287704e-74,8.266302338186506e-74,8.498721253657854e-74,8.736550845243921e-74,8.97989110732024e-74,9.22884340570411e-74,9.483510489694067e-74,9.743996504412413e-74,1.0010407003461825e-73,1.0282848960947862e-73,1.0561430784282288e-73,1.0846262326559575e-73,1.113745489936867e-73,1.1435121285323727e-73,1.1739375750539281e-73,1.2050334057883746e-73,1.2368113479251285e-73,1.2692832808666811e-73,1.3024612375426339e-73,1.3363574056545188e-73,1.3709841290123235e-73,1.4063539088283546e-73,1.4424794050406584e-73,1.4793734375891715e-73,1.5170489877949862e-73,1.5555191996578222e-73,1.594797381166156e-73,1.6348970056525218e-73,1.6758317131463252e-73,1.717615311741164e-73,1.7602617788511443e-73,1.803785262663769e-73,1.8482000834968677e-73,1.8935207350848653e-73,1.9397618860125823e-73,1.9869383811132186e-73,2.035065242770712e-73,2.084157672387816e-73,2.1342310517335384e-73,2.1853009443581674e-73,2.23738309694891e-73,2.290493440798201e-73,2.3446480932259844e-73,2.3998633588861022e-73,2.456155731312056e-73,2.5135418942912862e-73,2.5720387232742437e-73,2.6316632868325e-73,2.6924328481484866e-73,2.7543648663707366e-73,2.8174769981086458e-73,2.8817870989211355e-73,2.947313224748012e-73,3.014073633349798e-73,3.082086785795042e-73,3.151371347995942e-73,3.221946192080151e-73,3.293830398008611e-73,3.367043254919661e-73,3.441604262698655e-73,3.517533133539508e-73,3.5948497933548635e-73,3.673574383359301e-73,3.753727261445797e-73,3.835329003907148e-73,3.918400406863862e-73,4.002962487716713e-73,4.089036486756114e-73,4.1766438688170245e-73,4.265806324561047e-73,4.356545772279317e-73,4.4488843593420417e-73,4.542844463690653e-73,4.638448695462754e-73,4.7357198986460486e-73,4.8346811525382855e-73,4.9353557733528655e-73,5.0377673158167836e-73,5.14193957479621e-73,5.247896586722417e-73,5.3556626314824715e-73,5.465262233729422e-73,5.5767201646567757e-73,5.69006144356649e-73,5.805311339493792e-73,5.922495372779858e-73,6.041639316879248e-73,6.162769199677151e-73,6.28591130549135e-73,6.411092176384752e-73,6.538338613958069e-73,6.667677681145733e-73,6.799136703577615e-73,6.932743271434146e-73,7.068525241065486e-73,7.206510736662087e-73,7.346728151874637e-73,7.48920615170432e-73,7.633973673878485e-73,7.781059930736442e-73,7.93049441083512e-73,8.082306880793336e-73,8.236527386901784e-73,8.393186256649609e-73,8.552314100839032e-73,8.713941814858253e-73,8.878100580777756e-73,9.044821868935087e-73,9.214137439526088e-73,9.386079344475167e-73,9.56067992929286e-73,9.737971834693236e-73,9.917987998168206e-73,1.0100761656177439e-72,1.0286326345468495e-72,1.0474715905092253e-72,1.06659644780446e-72,1.086010651330701e-72,1.1057176767222602e-72,1.1257210305548475e-72,1.146024250518744e-72,1.166630905596175e-72,1.1875445962355456e-72,1.2087689545524297e-72,1.2303076444962766e-72,1.2521643620159772e-72,1.2743428352572545e-72,1.2968468247752775e-72,1.3196801236406793e-72,1.3428465576903726e-72,1.3663499857043604e-72,1.3901942995512486e-72,1.4143834244031935e-72,1.4389213189215017e-72,1.4638119754106737e-72,1.4890594200491827e-72,1.514667713039099e-72,1.5406409488327666e-72,1.5669832562685168e-72,1.5936987987847513e-72,1.620791774634218e-72,1.648266417020982e-72,1.6761269943201247e-72,1.704377810263975e-72,1.733023204130778e-72,1.7620675509326717e-72,1.791515261609187e-72,1.8213707832176935e-72,1.8516385991230699e-72,1.8823232291913128e-72,1.913429229984175e-72,1.94496119495088e-72,1.9769237546205275e-72,2.0093215767983634e-72,2.0421593667582875e-72,2.075441867440733e-72,2.1091738596546298e-72,2.1433601622432742e-72,2.1780056323023752e-72,2.2131151653982913e-72,2.2486936957318698e-72,2.2847461963479287e-72,2.3212776793230237e-72,2.358293196006102e-72,2.395797837152742e-72,2.433796733169879e-72,2.4722950543009095e-72,2.5112980108281505e-72,2.550810853275908e-72,2.5908388726231124e-72,2.631387400463948e-72,2.672461809238945e-72,2.714067512473594e-72,2.756209964896047e-72,2.798894662723339e-72,2.842127143806767e-72,2.8859129879114504e-72,2.930257816806351e-72,2.975167294548781e-72,3.02064712770829e-72,3.066703065502741e-72,3.11334090004308e-72,3.1605664665739423e-72,3.2083856436083074e-72,3.256804353173312e-72,3.3058285610595135e-72,3.3554642769460013e-72,3.4057175546659435e-72,3.4565944923912016e-72,3.5081012328790756e-72,3.5602439636455536e-72,3.613028917188893e-72,3.666462371212121e-72,3.7205506487993707e-72,3.7753001186501e-72,3.8307171953219194e-72,3.886808339417482e-72,3.943580057753111e-72,4.00103890365871e-72,4.059191477154651e-72,4.118044425113485e-72,4.177604441570778e-72,4.2378782678962427e-72,4.2988726929590037e-72,4.360594553442947e-72,4.4230507340136303e-72,4.486248167487387e-72,4.55019383514768e-72,4.61489476691585e-72,4.680358041537968e-72,4.746590786829256e-72,4.813600179954399e-72,4.881393447523803e-72,4.949977865931989e-72,5.019360761514455e-72,5.089549510810119e-72,5.160551540694922e-72,5.232374328740456e-72,5.305025403310272e-72,5.37851234383894e-72,5.452842781084468e-72,5.528024397324485e-72,5.604064926520311e-72,5.680972154675308e-72,5.758753919947782e-72,5.837418112869701e-72,5.916972676675121e-72,5.997425607427406e-72,6.078784954350388e-72,6.161058819927363e-72,6.244255360216659e-72,6.328382785056322e-72,6.413449358292265e-72,6.499463398013701e-72,6.586433276769373e-72,6.674367421811565e-72,6.763274315299496e-72,6.853162494613272e-72,6.944040552462389e-72,7.035917137180325e-72,7.128800952997357e-72,7.22270076022885e-72,7.317625375467474e-72,7.413583671880143e-72,7.510584579420558e-72,7.608637085069259e-72,7.707750233059359e-72,7.807933125144451e-72,7.909194920727361e-72,8.011544837243551e-72,8.114992150311318e-72,8.219546193959436e-72,8.325216360963008e-72,8.432012102958306e-72,8.539942930652321e-72,8.649018414293955e-72,8.759248183657177e-72,8.870641928407851e-72,8.983209398318696e-72,9.096960403531156e-72,9.211904814690827e-72,9.328052563381212e-72,9.445413642177275e-72,9.563998104954988e-72,9.68381606720406e-72,9.80487770620735e-72,9.927193261198545e-72,1.005077303377872e-71,1.0175627388083481e-71,1.0301766750892403e-71,1.042920161217607e-71,1.0557942525080642e-71,1.068800010618762e-71,1.0819385035960955e-71,1.0952108058733705e-71,1.1086179983170534e-71,1.1221611682434758e-71,1.1358414094303492e-71,1.1496598221725885e-71,1.1636175132788392e-71,1.1777155961001711e-71,1.191955190570306e-71,1.206337423221774e-71,1.2208634271959217e-71,1.23553434230653e-71,1.2503513150206586e-71,1.2653154985069286e-71,1.2804280526643939e-71,1.295690144141539e-71,1.3111029463491807e-71,1.326667639512358e-71,1.342385410671188e-71,1.3582574537142321e-71,1.374284969412566e-71,1.3904691654387128e-71,1.406811256381272e-71,1.4233124637950877e-71,1.4399740162015219e-71,1.456797149124216e-71,1.4737831051233188e-71,1.4909331338141987e-71,1.5082484918792922e-71,1.5257304431234971e-71,1.5433802584683449e-71,1.5611992160036084e-71,1.5791886010028767e-71,1.597349705937817e-71,1.6156838305267624e-71,1.634192281748689e-71,1.6528763738595251e-71,1.6717374284388949e-71,1.6907767744109347e-71,1.709995748041637e-71,1.729395693012893e-71,1.7489779604210138e-71,1.7687439087947543e-71,1.7886949041496212e-71,1.8088323199855202e-71,1.8291575373268034e-71,1.849671944759717e-71,1.870376938435112e-71,1.891273922110284e-71,1.912364307172539e-71,1.9336495126657936e-71,1.9551309653161966e-71,1.9768100995594174e-71,1.9986883575669957e-71,2.020767189265195e-71,2.043048052396421e-71,2.0655324124937472e-71,2.0882217429419936e-71,2.1111175249962993e-71,2.1342212478091674e-71,2.15753440845718e-71,2.181058511969704e-71,2.204795071343709e-71,2.2287456076093686e-71,2.252911649813166e-71,2.277294735031352e-71,2.301896408483566e-71,2.3267182234770095e-71,2.3517617414398845e-71,2.3770285319995104e-71,2.402520172979477e-71,2.4282382503963623e-71,2.454184358548567e-71,2.480360100004746e-71,2.5067670856378835e-71,2.5334069346549335e-71,2.560281274636275e-71,2.5873917415196354e-71,2.614739979689167e-71,2.642327641975397e-71,2.670156389650257e-71,2.698227892516284e-71,2.726543828892507e-71,2.75510588565388e-71,2.783915758262007e-71,2.8129751507871073e-71,2.8422857759390825e-71,2.8718493550986773e-71,2.901667618340512e-71,2.931742304462693e-71,2.962075161028012e-71,2.9926679443430748e-71,3.0235224195595106e-71,3.054640360665546e-71,3.086023550478754e-71,3.117673780745829e-71,3.149592852122977e-71,3.181782574215602e-71,3.2142447656108005e-71,3.2469812539001316e-71,3.279993875711057e-71,3.3132844767360693e-71,3.346854911773049e-71,3.3807070447022194e-71,3.41484274860545e-71,3.449263905692775e-71,3.4839724074205172e-71,3.5189701544805e-71,3.55425905679242e-71,3.5898410336070308e-71,3.625718013499369e-71,3.661891934370369e-71,3.698364743499042e-71,3.735138397603715e-71,3.772214862828801e-71,3.809596114785017e-71,3.84728413859305e-71,3.885280928862573e-71,3.9235884898094145e-71,3.962208835196638e-71,4.001143988398063e-71,4.0403959824596736e-71,4.079966860087196e-71,4.119858673687206e-71,4.160073485399293e-71,4.2006133671388174e-71,4.241480400564863e-71,4.282676677201997e-71,4.324204298425295e-71,4.366065375444013e-71,4.408262029420673e-71,4.450796391457554e-71,4.493670602577669e-71,4.536886813847402e-71,4.5804471863634884e-71,4.624353891231522e-71,4.668609109692895e-71,4.713215033106485e-71,4.758173862930304e-71,4.803487810860903e-71,4.849159098743309e-71,4.895189958703359e-71,4.941582633134972e-71,4.988339374700254e-71,5.035462446387402e-71,5.082954121573299e-71,5.130816684007629e-71,5.1790524278590665e-71,5.227663657761428e-71,5.2766526887763334e-71,5.326021846542371e-71,5.37577346719127e-71,5.425909897419317e-71,5.47643349457398e-71,5.5273466265866355e-71,5.578651672049585e-71,5.630351020281888e-71,5.682447071325245e-71,5.734942235939405e-71,5.787838935685898e-71,5.8411396029411105e-71,5.894846680909393e-71,5.94896262372642e-71,6.00348989638339e-71,6.058430974825425e-71,6.113788345965395e-71,6.169564507719187e-71,6.2257619690133744e-71,6.282383249893379e-71,6.339430881443141e-71,6.396907405868083e-71,6.454815376586608e-71,6.5131573581498845e-71,6.571935926322139e-71,6.6311536681775935e-71,6.690813182013934e-71,6.750917077454829e-71,6.811467975470685e-71,6.872468508405713e-71,6.933921320009128e-71,6.9958290654667434e-71,7.058194411413937e-71,7.1210200360269e-71,7.1843086290143425e-71,7.248062891603475e-71,7.312285536622249e-71,7.376979288582725e-71,7.442146883573586e-71,7.50779106943738e-71,7.573914605737393e-71,7.640520263745647e-71,7.707610826521713e-71,7.775189089008505e-71,7.843257857908567e-71,7.9118199518946e-71,7.980878201485507e-71,8.050435449169435e-71,8.120494549405534e-71,8.191058368690633e-71,8.262129785473132e-71,8.333711690407932e-71,8.405806986186472e-71,8.478418587571064e-71,8.551549421631014e-71,8.625202427545583e-71,8.699380556751438e-71,8.774086772955086e-71,8.84932405218364e-71,8.925095382723291e-71,9.001403765295626e-71,9.078252212998424e-71,9.155643751359215e-71,9.23358141836474e-71,9.312068264496232e-71,9.391107352763365e-71,9.470701758732747e-71,9.550854570540387e-71,9.63156888902168e-71,9.712847827619786e-71,9.794694512420245e-71,9.877112082304307e-71,9.960103688888157e-71,1.0043672496573149e-70,1.0127821682584976e-70,1.021255443700279e-70,1.0297873962768837e-70,1.0383783475825089e-70,1.0470286205013647e-70,1.0557385392117144e-70,1.0645084292011362e-70,1.073338617262723e-70,1.0822294314877471e-70,1.0911812012955089e-70,1.1001942574124665e-70,1.1092689318779124e-70,1.118405558061985e-70,1.1276044706573064e-70,1.1368660056849833e-70,1.1461905005008898e-70,1.1555782937909351e-70,1.1650297255795367e-70,1.1745451372386437e-70,1.1841248714857733e-70,1.1937692723790875e-70,1.203478685337044e-70,1.2132534571304449e-70,1.2230939358929001e-70,1.233000471110637e-70,1.242973413644087e-70,1.2530131157205133e-70,1.263119930939473e-70,1.2732942142757467e-70,1.2835363220837049e-70,1.2938466121006152e-70,1.3042254434490148e-70,1.3146731766413168e-70,1.3251901735827862e-70,1.3357767975742596e-70,1.346433413316274e-70,1.3571603869158587e-70,1.3679580858770248e-70,1.3788268791257883e-70,1.389767136992792e-70,1.4007792312244096e-70,1.4118635349973101e-70,1.4230204229021852e-70,1.4342502709563374e-70,1.445553456616881e-70,1.4569303587657067e-70,1.4683813577248368e-70,1.479906835257053e-70,1.4915071745669342e-70,1.503182760315925e-70,1.5149339786062976e-70,1.526761216998793e-70,1.538664864508817e-70,1.5506453116235266e-70,1.562702950284816e-70,1.5748381739024718e-70,1.587051377369425e-70,1.5993429570398418e-70,1.6117133107572067e-70,1.6241628378469602e-70,1.636691939110389e-70,1.6493010168493058e-70,1.6619904748577462e-70,1.6747607184158057e-70,1.687612154317662e-70,1.7005451908494248e-70,1.7135602378048897e-70,1.7266577064957047e-70,1.7398380097474862e-70,1.7531015618914858e-70,1.7664487787953647e-70,1.779880077840052e-70,1.7933958779377895e-70,1.8069965995333648e-70,1.8206826646025622e-70,1.8344544966674613e-70,1.848312520792393e-70,1.862257163579172e-70,1.876288853178898e-70,1.890408019307747e-70,1.904615093226992e-70,1.9189105077569916e-70,1.933294697293702e-70,1.947768097788532e-70,1.9623311467673732e-70,1.9769842833302288e-70,1.9917279481556617e-70,2.0065625834981597e-70,2.0214886332060878e-70,2.0365065427213806e-70,2.051616759056878e-70,2.0668197308366892e-70,2.0821159082768354e-70,2.0975057432091454e-70,2.1129896890585285e-70,2.1285682008645044e-70,2.1442417352810726e-70,2.1600107505789214e-70,2.175875706645515e-70,2.1918370650010886e-70,2.207895288794433e-70,2.224050842797291e-70,2.2403041934220992e-70,2.2566558087193837e-70,2.2731061583822866e-70,2.2896557137465445e-70,2.30630494781076e-70,2.323054335209017e-70,2.339904352251393e-70,2.3568554768951836e-70,2.3739081887615282e-70,2.3910629691535322e-70,2.408320301033376e-70,2.4256806690378752e-70,2.4431445594973017e-70,2.460712460409923e-70,2.4783848614616606e-70,2.4961622540422182e-70,2.5140451312218238e-70,2.5320339877716527e-70,2.5501293201647814e-70,2.5683316265840947e-70,2.586641406906842e-70,2.6050591627359782e-70,2.6235853973859235e-70,2.6422206158912055e-70,2.6609653250096744e-70,2.679820033225911e-70,2.6987852507553665e-70,2.7178614895487043e-70,2.7370492632888542e-70,2.7563490874155535e-70,2.7757614791000366e-70,2.7952869572671748e-70,2.814926042595115e-70,2.8346792575189165e-70,2.8545471262341727e-70,2.874530174700999e-70,2.8946289306458512e-70,2.914843923563645e-70,2.935175684739527e-70,2.9556247472281033e-70,2.9761916458555535e-70,2.996876917250323e-70,3.0176810998325135e-70,3.038604733794701e-70,3.059648361159066e-70,3.080812525734091e-70,3.1020977731221645e-70,3.123504650751699e-70,3.145033707864229e-70,3.166685495501453e-70,3.188460566542565e-70,3.2103594756917046e-70,3.232382779462769e-70,3.2545310362189356e-70,3.2768048061541815e-70,3.2992046513008583e-70,3.321731135536075e-70,3.34438482458971e-70,3.3671662860296596e-70,3.390076089279434e-70,3.4131148056381284e-70,3.4362830082498226e-70,3.459581272131495e-70,3.483010174163442e-70,3.506570293111943e-70,3.5302622096136756e-70,3.554086506188163e-70,3.5780437672394896e-70,3.602134579060948e-70,3.6263595298398566e-70,3.6507192096585895e-70,3.675214210506096e-70,3.699845126259564e-70,3.724612552726624e-70,3.74951708761063e-70,3.774559330530078e-70,3.799739883035917e-70,3.8250593486019576e-70,3.850518332617207e-70,3.876117442401956e-70,3.9018572872324174e-70,3.927738478303343e-70,3.9537616287532794e-70,3.9799273536863595e-70,4.0062362701384967e-70,4.032688997100764e-70,4.0592861555408357e-70,4.0860283683635154e-70,4.1129162604664215e-70,4.139950458690833e-70,4.1671315918782853e-70,4.194460290829507e-70,4.221937188332315e-70,4.249562919154049e-70,4.2773381200731236e-70,4.305263429839525e-70,4.33333948920142e-70,4.3615669409295933e-70,4.389946429780818e-70,4.418478602518164e-70,4.447164107932269e-70,4.476003596825353e-70,4.504997722026434e-70,4.534147138377091e-70,4.563452502754008e-70,4.592914474073145e-70,4.6225337132595173e-70,4.6523108833149605e-70,4.682246649278658e-70,4.712341678223657e-70,4.742596639282854e-70,4.773012203644973e-70,4.803589044553359e-70,4.834327837329874e-70,4.8652292593654877e-70,4.896293990108706e-70,4.927522711090564e-70,4.9589161059302964e-70,4.9904748603097335e-70,5.022199662021862e-70,5.0540912009435116e-70,5.0861501690478396e-70,5.1183772604165507e-70,5.1507731712196066e-70,5.1833385997353164e-70,5.216074246369988e-70,5.248980813637185e-70,5.2820590061792183e-70,5.3153095307471104e-70,5.3487330962130495e-70,5.3823304136117424e-70,5.4161021960996504e-70,5.4500491589800525e-70,5.484172019692925e-70,5.518471497811119e-70,5.55294831507402e-70,5.587603195396356e-70,5.622436864826566e-70,5.657450051588371e-70,5.6926434860706547e-70,5.7280179008369874e-70,5.763574030624741e-70,5.799312612354154e-70,5.835234385130439e-70,5.87134009024753e-70,5.907630471191509e-70,5.944106273652465e-70,5.980768245487314e-70,6.017617136801911e-70,6.054653699902036e-70,6.091878689288445e-70,6.129292861698377e-70,6.166896976070708e-70,6.204691793560833e-70,6.24267807759799e-70,6.280856593818499e-70,6.319228110078195e-70,6.357793396509947e-70,6.396553225463924e-70,6.435508371542687e-70,6.474659611618447e-70,6.514007724815083e-70,6.553553492515064e-70,6.59329769836662e-70,6.633241128300069e-70,6.673384570491154e-70,6.713728815421403e-70,6.75427465584616e-70,6.795022886816029e-70,6.835974305653624e-70,6.877129711968471e-70,6.918489907714154e-70,6.960055697112284e-70,7.001827886706847e-70,7.043807285336225e-70,7.085994704163762e-70,7.128390956662924e-70,7.170996858649371e-70,7.213813228257387e-70,7.256840885953239e-70,7.300080654548805e-70,7.343533359177487e-70,7.38719982731605e-70,7.431080888811007e-70,7.475177375850842e-70,7.519490122980715e-70,7.564019967107726e-70,7.6087677475122e-70,7.653734305815944e-70,7.69892048604367e-70,7.744327134587823e-70,7.789955100232594e-70,7.835805234129501e-70,7.88187838983794e-70,6.018322876255407e-44,3.2113485856468138e-43,9.900131036454e-43,2.3827133551414232e-42,4.957709636001417e-42,9.359761953720873e-42,1.6476634400588224e-41,2.7511919543181443e-41,4.407838895639808e-41,6.831767008397887e-41,1.0305376644098899e-40,1.5199017380584122e-40,2.199632800132617e-40,3.132686040557535e-40,4.400815469129792e-40,6.110011208049259e-40,8.397541816001456e-40,1.1441098157559792e-39,1.5470698392094384e-39,2.0784233920848535e-39,2.7767835094929083e-39,3.692264330686626e-39,4.8900135320423123e-39,6.454891676603729e-39,8.497697100323735e-39,1.1163484127953847e-38,1.4642731832849832e-38,1.9186416501420638e-38,2.512646208189504e-38,3.2903646489317174e-38,4.31059133741989e-38,5.652130806498153e-38,7.421161958160261e-38,9.761557027585518e-38,1.2869452034918962e-37,1.7013988316781332e-37,2.2567094974384403e-37,3.004664730471644e-37,4.01796229731497e-37,5.3995488665916885e-37,7.296582876656144e-37,9.921560296923196e-37,1.3584685608085285e-36,1.874415201920522e-36,2.6085385638378183e-36,3.6647910507627574e-36,5.203190920657676e-36,7.474072955525947e-36,1.0876012595176364e-35,1.6055906691110134e-35,2.4085970544014235e-35,3.678483648594206e-35,5.731655759439564e-35,9.134288325351988e-35,1.4931636746151881e-34,2.512192170922168e-34,4.367781637722857e-34,7.885540006006048e-34,1.48702674255797e-33,2.9504283984605962e-33,6.216418136633476e-33,9.039552606973442e-33,9.039552606978075e-33,9.03955260699981e-33,2.2481104301318757e-32,6.091620177422247e-32,1.8751611806280098e-31,7.084118976712475e-31,3.9667188859346046e-30,5.0322264463153304e-29,2.1352415044651165e-27,2.7133163250912194e-25,6.404484636710435e-23,2.476468573111652e-22,2.476468573114721e-22,2.4764685731188655e-22,2.4764685731234735e-22,2.47646857312849e-22,2.4764685731340007e-22,2.4764685731401185e-22,2.476468573146992e-22,2.4764685731548413e-22,2.4764685731639895e-22,2.4764685731946605e-22,2.476468573225332e-22,2.476468573280209e-22,2.023377122171268e-19,1.1477438714237699e-17,3.3835426398424227e-16,6.658998956469965e-15,9.053108023548701e-14,8.10179196464572e-13,4.699534676341065e-12,1.8331691278563285e-11,5.1090874856223255e-11,1.0861309063612605e-10,1.8707315615070452e-10,2.7428702642229625e-10,3.562550598742505e-10,4.231362752493054e-10,4.71093807415123e-10,5.009716853581828e-10,5.161322002484466e-10,5.212953368358693e-10,1.2165761294597887e-09,2.333191564891788e-09,3.6922567761320348e-09,5.190838994936683e-09,6.765923654430008e-09,8.376132556100047e-09,9.99355169714766e-09,1.159932341609327e-08,1.3180867259116449e-08,1.4730003725824064e-08,1.624165291479196e-08,1.771291951339147e-08,1.9142443584349008e-08,2.052993689731032e-08,2.187585025317248e-08,2.318113414575963e-08,2.44470664322117e-08,2.5675128400208514e-08,2.6866915952717378e-08,2.8024076361756632e-08,2.9148263680593013e-08,3.024110778590163e-08,3.130419337455147e-08,3.233904621896951e-08,3.33471246977474e-08,3.432981513940752e-08,3.528842990008179e-08,3.622420737805809e-08,3.713831337682499e-08,3.8031843382945533e-08,3.8905825440016786e-08,3.9761223385499904e-08,4.0598940280874483e-08,4.141982191304123e-08,4.222466028022922e-08,4.301419700193958e-08,4.378912661197851e-08,4.455009970802192e-08,4.529772594179618e-08,4.603257684166463e-08,4.67551884650312e-08,4.746606388192733e-08,4.816567549394663e-08,4.885446719455056e-08,4.953285637799977e-08,5.0201235804848264e-08,5.085997533232735e-08,5.150942351801853e-08,5.214990910512065e-08,5.278174239740425e-08,5.340521653162078e-08,5.4020608654786265e-08,5.46281810133322e-08,5.522818196071603e-08,5.582084688967542e-08,5.640639909486642e-08,5.6985050571250335e-08,5.755700275319875e-08,5.8122447198914064e-08,5.868156622443032e-08,5.923453349111352e-08,5.978151455029572e-08,6.032266734838641e-08,6.085814269552939e-08,6.138808470064809e-08,6.191263117548357e-08,6.243191401002817e-08,6.294605952155456e-08,6.345518877927502e-08,6.395941790649974e-08,6.445885836200118e-08,6.495361720218016e-08,6.54437973254556e-08,6.592949770025721e-08,6.641081357780727e-08,6.688783669084773e-08,6.736065543934851e-08,6.782935506415025e-08,6.829401780943471e-08,6.875472307482067e-08,6.921154755785503e-08,6.966456538757245e-08,7.011384824976583e-08,7.055946550456701e-08,7.100148429686268e-08,7.143996966005596e-08,7.187498461364176e-08,7.230659025500327e-08,7.273484584585441e-08,7.315980889366942e-08,7.358153522844129e-08,7.400007907510043e-08,7.441549312185658e-08,7.482782858475238e-08,7.523713526866899e-08,7.564346162501751e-08,7.604685480632287e-08,7.644736071791329e-08,7.684502406688492e-08,7.723988840852158e-08,7.763199619032246e-08,7.802138879379502e-08,7.840810657413997e-08,7.879218889796448e-08,7.917367417914143e-08,7.955259991291874e-08,7.992900270839467e-08,8.030291831944206e-08,8.067438167418607e-08,8.104342690310317e-08,8.141008736583665e-08,8.17743956767885e-08,8.21363837295629e-08,8.249608272032573e-08,8.28535231701352e-08,8.320873494630507e-08,8.356174728285339e-08,8.391258880007314e-08,8.426128752329386e-08,8.460787090085941e-08,8.495236582136509e-08,8.529479863020035e-08,8.563519514542501e-08,8.59735806730141e-08,8.630998002150804e-08,8.664441751609185e-08,8.697691701213331e-08,8.730750190820586e-08,8.763619515862743e-08,8.796301928552399e-08,8.828799639045973e-08,8.861114816563505e-08,8.893249590468746e-08,8.925206051310402e-08,8.956986251826774e-08,8.98859220791514e-08,9.020025899568115e-08,9.05128927177736e-08,9.082384235407175e-08,9.113312668038269e-08,9.1440764147842e-08,9.174677289080508e-08,9.20511707344794e-08,9.235397520231571e-08,9.265520352316286e-08,9.295487263818647e-08,9.325299920758569e-08,9.354959961709248e-08,9.384468998426618e-08,9.413828616460613e-08,9.443040375747576e-08,9.472105811184373e-08,9.501026433186205e-08,9.529803728227501e-08,9.558439159367121e-08,9.586934166758304e-08,9.615290168144391e-08,9.643508559339418e-08,9.671590714696511e-08,9.699537987561572e-08,9.727351710715606e-08,9.755033196804623e-08,9.782583738757126e-08,9.810004610190612e-08,9.837297065807487e-08,9.864462341779947e-08,9.891501656124416e-08,9.918416209066853e-08,9.945207183398077e-08,9.971875744819353e-08,9.99842304228024e-08,1.0024850208306403e-07,1.0051158359320204e-07,1.0077348595952795e-07,1.0103422003348006e-07,1.0129379651459361e-07,1.0155222595339009e-07,1.0180951875420255e-07,1.0206568517792477e-07,1.0232073534469894e-07,1.0257467923653885e-07,1.028275266998799e-07,1.0307928744808915e-07,1.0332997106389163e-07,1.0357958700175667e-07,1.0382814459022104e-07,1.0407565303416035e-07,1.0432212141700856e-07,1.0456755870292292e-07,1.048119737389018e-07,1.050553752568584e-07,1.0529777187563459e-07,1.0553917210299323e-07,1.0577958433753433e-07,1.060190168705976e-07,1.0625747788810413e-07,1.0649497547236875e-07,1.0673151760386546e-07,1.0696711216295834e-07,1.0720176693159432e-07,1.0743548959495835e-07,1.0766828774309372e-07,1.0790016887249216e-07,1.0813114038763948e-07,1.0836120960253988e-07,1.0859038374220354e-07,1.0881866994410133e-07,1.0904607525959488e-07,1.0927260665532933e-07,1.0949827101460626e-07,1.0972307513871932e-07,1.0994702574826958e-07,1.1017012948445335e-07,1.1039239291032073e-07,1.1061382251201007e-07,1.1083442469996262e-07,1.1105420581010066e-07,1.1127317210499967e-07,1.1149132977502188e-07,1.1170868493943667e-07,1.1192524364751522e-07,1.1214101187960548e-07,1.1235599554818426e-07,1.125702004988923e-07,1.1278363251154545e-07,1.1299629730113234e-07,1.1320820051878612e-07,1.1341934775274253e-07,1.1362974452927672e-07,1.1383939631362701e-07,1.1404830851089451e-07,1.1425648646693406e-07,1.1446393546922155e-07,1.1467066074771111e-07,1.1487666747566958e-07,1.1508196077050313e-07,1.1528654569456348e-07,1.1549042725594125e-07,1.1569361040924516e-07,1.1589610005636929e-07,1.1609790104724012e-07,1.1629901818055681e-07,1.1649945620451388e-07,1.166992198175159e-07,1.1689831366887319e-07,1.1709674235949175e-07,1.1729451044254506e-07,1.1749162242413687e-07,1.1768808276395576e-07,1.1788389587591202e-07,1.1807906612876808e-07,1.1827359784675458e-07,1.1846749531017967e-07,1.1866076275602663e-07,1.1885340437853791e-07,1.190454243297939e-07,1.192368267202808e-07,1.1942761561944508e-07,1.1961779505624646e-07,1.1980736901969187e-07,1.1999634145936664e-07,1.2018471628595895e-07,1.203724973717667e-07,1.205596885512076e-07,1.207462936213116e-07,1.209323163422064e-07,1.2111776043760146e-07,1.2130262959525888e-07,1.2148692746745338e-07,1.216706576714345e-07,1.2185382378987344e-07,1.2203642937130284e-07,1.2221847793055564e-07,1.2239997294919114e-07,1.2258091787591886e-07,1.2276131612700622e-07,1.2294117108669433e-07,1.2312048610759356e-07,1.2329926451108364e-07,1.2347750958769915e-07,1.236552245975147e-07,1.2383241277052068e-07,1.2400907730699422e-07,1.241852213778659e-07,1.2436084812507796e-07,1.2453596066194165e-07,1.2471056207348033e-07,1.2488465541678125e-07,1.2505824372132533e-07,1.2523132998932542e-07,1.254039171960535e-07,1.2557600829016224e-07,1.2574760619400612e-07,1.2591871380395465e-07,1.2608933399069808e-07,1.2625946959955475e-07,1.2642912345077044e-07,1.2659829833981347e-07,1.267669970376627e-07,1.2693522229110087e-07,1.271029768229894e-07,1.2727026333255517e-07,1.2743708449565712e-07,1.2760344296505965e-07,1.2776934137070117e-07,1.279347823199532e-07,1.2809976839788242e-07,1.2826430216750212e-07,1.284283861700264e-07,1.2859202292511723e-07,1.2875521493112836e-07,1.289179646653461e-07,1.2908027458422838e-07,1.2924214712363697e-07,1.294035846990684e-07,1.2956458970588346e-07,1.2972516451952993e-07,1.2988531149576242e-07,1.3004503297086552e-07,1.3020433126186265e-07,1.3036320866673275e-07,1.305216674646184e-07,1.3067970991602972e-07,1.3083733826305247e-07,1.3099455472954473e-07,1.311513615213396e-07,1.3130776082643393e-07,1.3146375481518715e-07,1.3161934564050703e-07,1.3177453543804034e-07,1.3192932632635648e-07,1.3208372040712866e-07,1.322377197653166e-07,1.3239132646934226e-07,1.325445425712687e-07,1.3269737010696703e-07,1.3284981109628994e-07,1.3300186754324176e-07,1.3315354143614582e-07,1.3330483474780213e-07,1.3345574943565495e-07,1.3360628744195124e-07,1.337564506938975e-07,1.3390624110381777e-07,1.340556605693021e-07,1.34204710973363e-07,1.3435339418458604e-07,1.3450171205727302e-07,1.3464966643159038e-07,1.347972591337138e-07,1.3494449197596883e-07,1.3509136675697294e-07,1.3523788526177232e-07,1.3538404926197946e-07,1.3552986051591005e-07,1.3567532076871414e-07,1.358204317525087e-07,1.3596519518650713e-07,1.3610961277714816e-07,1.36253686218221e-07,1.363974171909969e-07,1.365408073643449e-07,1.3668385839485854e-07,1.3682657192697601e-07,1.369689495930975e-07,1.371109930137058e-07,1.3725270379748065e-07,1.3739408354141433e-07,1.37535133830925e-07,1.376758562399691e-07,1.378162523311512e-07,1.3795632365583482e-07,1.3809607175424926e-07,1.3823549815559715e-07,1.3837460437815922e-07,1.385133919294011e-07,1.3865186230607185e-07,1.3879001699430905e-07,1.389278574697385e-07,1.3906538519757427e-07,1.392026016327167e-07,1.3933950821984633e-07,1.394761063935263e-07,1.396123975782897e-07,1.3974838318873927e-07,1.3988406462963708e-07,1.4001944329599648e-07,1.401545205731717e-07,1.4028929783694893e-07,1.4042377645363474e-07,1.4055795778014036e-07,1.4069184316407236e-07,1.408254339438137e-07,1.4095873144861148e-07,1.4109173699865902e-07,1.4122445190517773e-07,1.413568774704996e-07,1.414890149881459e-07,1.4162086574291024e-07,1.41752431010934e-07,1.4188371205978704e-07,1.4201471014854073e-07,1.4214542652784768e-07,1.4227586244001662e-07,1.4240601911908513e-07,1.4253589779089337e-07,1.4266549967315984e-07,1.4279482597554783e-07,1.4292387789974534e-07,1.4305265663952496e-07,1.431811633808199e-07,1.4330939930179227e-07,1.4343736557289898e-07,1.4356506335696212e-07,1.4369249380923302e-07,1.438196580774571e-07,1.4394655730194424e-07,1.4407319261562755e-07,1.441995651441317e-07,1.4432567600583114e-07,1.444515263119181e-07,1.44577117166459e-07,1.4470244966645816e-07,1.4482752490191854e-07,1.449523439559004e-07,1.4507690790458077e-07,1.4520121781731098e-07,1.4532527475667727e-07,1.45449079778555e-07,1.4557263393216709e-07,1.4569593826013896e-07,1.4581899379855648e-07,1.459418015770154e-07,1.4606436261868215e-07,1.4618667794034356e-07,1.4630874855245972e-07,1.4643057545921925e-07,1.4655215965859013e-07,1.466735021423702e-07,1.467946038962386e-07,1.4691546589980843e-07,1.470360891266734e-07,1.471564745444598e-07,1.4727662311487226e-07,1.4739653579374644e-07,1.4751621353109433e-07,1.4763565727115074e-07,1.477548679524225e-07,1.478738465077353e-07,1.4799259386427568e-07,1.481111109436424e-07,1.482293986618854e-07,1.4834745792955443e-07,1.4846528965174361e-07,1.485828947281328e-07,1.4870027405303132e-07,1.4881742851542147e-07,1.4893435899900167e-07,1.4905106638222672e-07,1.4916755153834935e-07,1.492838153354649e-07,1.4939985863654636e-07,1.4951568229948998e-07,1.4963128717715234e-07,1.4974667411739126e-07,1.4986184396310373e-07,1.4997679755226548e-07,1.500915357179699e-07,1.5020605928846325e-07,1.503203690871876e-07,1.5043446593281362e-07,1.505483506392772e-07,1.5066202401582147e-07,1.507754868670257e-07,1.508887399928484e-07,1.510017841886568e-07,1.5111462024526396e-07,1.5122724894896527e-07,1.5133967108157396e-07,1.514518874204489e-07,1.515638987385367e-07,1.5167570580439882e-07,1.5178730938224912e-07,1.518987102319826e-07,1.520099091092132e-07,1.52120906765301e-07,1.5223170394738742e-07,1.5234230139842567e-07,1.5245269985721255e-07,1.5256290005841885e-07,1.5267290273262092e-07,1.5278270860633278e-07,1.528923184020313e-07,1.5300173283819147e-07,1.531109526293121e-07,1.5321997848594965e-07,1.5332881111474272e-07,1.534374512184444e-07,1.5354589949594697e-07,1.53654156642317e-07,1.5376222334881506e-07,1.538701003029282e-07,1.5397778818839863e-07,1.540852876852469e-07,1.5419259946980316e-07,1.542997242147303e-07,1.5440666258905488e-07,1.545134152581879e-07,1.5461998288395589e-07,1.5472636612462275e-07,1.5483256563492103e-07,1.549385820660693e-07,1.5504441606580397e-07,1.5515006827840098e-07,1.5525553934470278e-07,1.5536082990213837e-07,1.5546594058475369e-07,1.5557087202323165e-07,1.5567562484491535e-07,1.557801996738361e-07,1.5588459713073172e-07,1.5598881783307255e-07,1.5609286239508374e-07,1.5619673142777007e-07,1.5630042553893395e-07,1.5640394533320269e-07,1.5650729141204723e-07,1.5661046437380566e-07,1.5671346481370625e-07,1.5681629332388605e-07,1.5691895049341473e-07,1.5702143690831566e-07,1.571237531515853e-07,1.572258998032163e-07,1.5732787744021488e-07,1.5742968663662774e-07,1.575313279635556e-07,1.5763280198917496e-07,1.5773410927876066e-07,1.5783525039470525e-07,1.579362258965359e-07,1.5803703634093735e-07,1.581376822817673e-07,1.582381642700799e-07,1.5833848285414188e-07,1.584386385794512e-07,1.5853863198875773e-07,1.5863846362208202e-07,1.5873813401672986e-07,1.5883764370731495e-07,1.5893699322577398e-07,1.5903618310138664e-07,1.591352138607916e-07,1.592340860280042e-07,1.593328001244356e-07,1.5943135666890913e-07,1.595297561776765e-07,1.5962799916443665e-07,1.5972608614035196e-07,1.5982401761406334e-07,1.5992179409171084e-07,1.6001941607694455e-07,1.6011688407094508e-07,1.6021419857243917e-07,1.603113600777152e-07,1.6040836908063916e-07,1.605052260726704e-07,1.6060193154287653e-07,1.606984859779515e-07,1.6079488986222726e-07,1.6089114367769271e-07,1.60987247904006e-07,1.6108320301851276e-07,1.611790094962568e-07,1.6127466780999823e-07,1.613701784302287e-07,1.6146554182518357e-07,1.615607584608552e-07,1.6165582880101223e-07,1.6175075330721057e-07,1.6184553243880553e-07,1.6194016665297034e-07,1.6203465640470872e-07,1.621290021468637e-07,1.6222320433013888e-07,1.623172634031096e-07,1.6241117981223117e-07,1.625049540018597e-07,1.6259858641426014e-07,1.6269207748962202e-07,1.6278542766607182e-07,1.628786373796851e-07,1.6297170706450098e-07,1.6306463715253337e-07,1.6315742807378345e-07,1.6325008025625495e-07,1.633425941259628e-07,1.6343497010694657e-07,1.635272086212859e-07,1.6361931008910767e-07,1.637112749286004e-07,1.638031035560286e-07,1.6389479638574037e-07,1.6398635383018102e-07,1.6407777629990525e-07,1.6416906420358843e-07,1.6426021794803883e-07,1.6435123793820694e-07,1.644421245771985e-07,1.6453287826628584e-07,1.6462349940491718e-07,1.6471398839073033e-07,1.6480434561956183e-07,1.6489457148545833e-07,1.6498466638068741e-07,1.6507463069574857e-07,1.6516446481938407e-07,1.6525416913858842e-07,1.6534374403862025e-07,1.6543318990301038e-07,1.6552250711357664e-07,1.6561169605043038e-07,1.6570075709198558e-07,1.6578969061497302e-07,1.6587849699445014e-07,1.659671766038038e-07,1.6605572981477074e-07,1.6614415699743936e-07,1.6623245852026317e-07,1.6632063475007022e-07,1.6640868605207068e-07,1.6649661278986805e-07,1.6658441532546884e-07,1.666720940192905e-07,1.6675964923017336e-07,1.6684708131538654e-07,1.6693439063063997e-07,1.6702157753009135e-07,1.671086423663562e-07,1.6719558549051777e-07,1.672824072521333e-07,1.6736910799924642e-07,1.6745568807839324e-07,1.675421478346102e-07,1.676284876114472e-07,1.6771470775097222e-07,1.678008085937813e-07,1.6788679047900526e-07,1.6797265374432155e-07,1.6805839872596067e-07,1.681440257587134e-07,1.6822953517593888e-07,1.6831492730957652e-07,1.6840020249015128e-07,1.6848536104678026e-07,1.685704033071838e-07,1.686553295976923e-07,1.6874014024325322e-07,1.6882483556743903e-07,1.6890941589245627e-07,1.6899388153915296e-07,1.6907823282702436e-07,1.6916247007422534e-07,1.692465935975707e-07,1.6933060371254718e-07,1.6941450073332444e-07,1.694982849727544e-07,1.6958195674238196e-07,1.6966551635245567e-07,1.6974896411193135e-07,1.6983230032847886e-07,1.699155253084915e-07,1.699986393570923e-07,1.700816427781416e-07,1.7016453587424142e-07,1.702473189467459e-07,1.70329992295765e-07,1.7041255622017534e-07,1.70495011017623e-07,1.7057735698453154e-07,1.7065959441611007e-07,1.7074172360635773e-07,1.70823744848074e-07,1.7090565843285963e-07,1.7098746465112842e-07,1.7106916379211122e-07,1.7115075614386255e-07,1.712322419932659e-07,1.713136216260436e-07,1.7139489532675945e-07,1.7147606337882785e-07,1.7155712606451692e-07,1.716380836649575e-07,1.717189364601467e-07,1.717996847289573e-07,1.7188032874914124e-07,1.7196086879733693e-07,1.7204130514907297e-07,1.7212163807877724e-07,1.7220186785978123e-07,1.72281994764325e-07,1.7236201906356525e-07,1.724419410275787e-07,1.7252176092537094e-07,1.7260147902487674e-07,1.7268109559297302e-07,1.7276061089547803e-07,1.728400251971604e-07,1.7291933876174263e-07,1.7299855185190967e-07,1.730776647293119e-07,1.7315667765457103e-07,1.7323559088728342e-07,1.7331440468603146e-07,1.7339311930838342e-07,1.7347173501090057e-07,1.7355025204914133e-07,1.7362867067766958e-07,1.737069911500552e-07,1.737852137188838e-07,1.7386333863575822e-07,1.7394136615130768e-07,1.7401929651518855e-07,1.7409712997609204e-07,1.7417486678174754e-07,1.7425250717892936e-07,1.7433005141346018e-07,1.7440749973021735e-07,1.7448485237313634e-07,1.7456210958521514e-07,1.7463927160852185e-07,1.7471633868419764e-07,1.747933110524606e-07,1.7487018895261166e-07,1.749469726230399e-07,1.7502366230122555e-07,1.751002582237456e-07,1.7517676062627725e-07,1.7525316974360476e-07,1.7532948580962284e-07,1.754057090573395e-07,1.7548183971888436e-07,1.755578780255077e-07,1.7563382420759054e-07,1.75709678494645e-07,1.757854411153211e-07,1.7586111229740915e-07,1.759366922678457e-07,1.7601218125271723e-07,1.7608757947726338e-07,1.7616288716588367e-07,1.7623810454213708e-07,1.7631323182875293e-07,1.763882692476298e-07,1.764632170198419e-07,1.7653807536564128e-07,1.766128445044636e-07,1.766875246549334e-07,1.767621160348641e-07,1.7683661886126607e-07,1.769110333503475e-07,1.769853597175211e-07,1.7705959817740626e-07,1.7713374894383281e-07,1.7720781222984526e-07,1.7728178824770884e-07,1.773556772089097e-07,1.7742947932416076e-07,1.7750319480340476e-07,1.7757682385581773e-07,1.7765036668981644e-07,1.7772382351305532e-07,1.7779719453243618e-07,1.7787047995410888e-07,1.7794367998347494e-07,1.7801679482519405e-07,1.7808982468318263e-07,1.7816276976062215e-07,1.7823563025996075e-07,1.7830840638291668e-07,1.783810983304819e-07,1.7845370630292528e-07,1.785262304997975e-07,1.7859867111993303e-07,1.786710283614536e-07,1.7874330242177218e-07,1.78815493497596e-07,1.7888760178493105e-07,1.7895962747908361e-07,1.7903157077466532e-07,1.7910343186559484e-07,1.7917521094510312e-07,1.792469082057335e-07,1.7931852383934965e-07,1.7939005803713437e-07,1.794615109895942e-07,1.7953288288656434e-07,1.7960417391721068e-07,1.7967538427003068e-07,1.7974651413286062e-07,1.7981756369287603e-07,1.7988853313659442e-07,1.7995942264988103e-07,1.80030232417949e-07,1.8010096262536546e-07,1.8017161345605057e-07,1.8024218509328368e-07,1.803126777197051e-07,1.803830915173198e-07,1.8045342666750079e-07,1.8052368335098967e-07,1.80593861747901e-07,1.8066396203772693e-07,1.8073398439933615e-07,1.8080392901098164e-07,1.8087379605029902e-07,1.8094358569431205e-07,1.8101329811943498e-07,1.81082933501475e-07,1.8115249201563405e-07,1.812219738365149e-07,1.8129137913811894e-07,1.813607080938537e-07,1.8142996087653213e-07,1.8149913765837917e-07,1.815682386110304e-07,1.8163726390553545e-07,1.8170621371236305e-07,1.8177508820140201e-07,1.8184388754196292e-07,1.819126119027827e-07,1.8198126145202653e-07,1.820498363572907e-07,1.8211833678560436e-07,1.8218676290343184e-07,1.822551148766772e-07,1.823233928706841e-07,1.8239159705024033e-07,1.8245972757958012e-07,1.8252778462238492e-07,1.8259576834178852e-07,1.8266367890037712e-07,1.8273151646019294e-07,1.8279928118273636e-07,1.8286697322897024e-07,1.829345927593174e-07,1.8300213993366868e-07,1.8306961491138242e-07,1.8313701785128547e-07,1.832043489116791e-07,1.832716082503396e-07,1.8333879602451914e-07,1.8340591239095064e-07,1.8347295750584897e-07,1.8353993152491286e-07,1.8360683460332692e-07,1.836736668957654e-07,1.8374042855639254e-07,1.8380711973886672e-07,1.838737405963431e-07,1.8394029128147118e-07,1.8400677194640196e-07,1.8407318274278978e-07,1.8413952382179186e-07,1.8420579533407125e-07,1.842719974298006e-07,1.8433813025866405e-07,1.844041939698568e-07,1.844701887120889e-07,1.8453611463359014e-07,1.8460197188210617e-07,1.8466776060490686e-07,1.8473348094878306e-07,1.8479913306005246e-07,1.8486471708455876e-07,1.8493023316767655e-07,1.8499568145431232e-07,1.8506106208890453e-07,1.85126375215428e-07,1.8519162097739408e-07,1.8525679951785568e-07,1.8532191097940653e-07,1.8538695550418145e-07,1.8545193323386448e-07,1.8551684430968453e-07,1.8558168887241978e-07,1.8564646706240112e-07,1.8571117901951098e-07,1.8577582488318816e-07,1.85840404792428e-07,1.8590491888578483e-07,1.8596936730137252e-07,1.860337501768687e-07,1.8609806764951459e-07,1.8616231985611882e-07,1.8622650693305676e-07,1.8629061347532356e-07,1.863546549930478e-07,1.864186329451682e-07,1.8648254765714363e-07,1.8654639922388505e-07,1.8661018766834774e-07,1.8667391299211973e-07,1.8673757520219016e-07,1.8680117431651877e-07,1.8686471036120617e-07,1.8692818338106416e-07,1.8699159342669273e-07,1.870549405588454e-07,1.8711822485225804e-07,1.871814463810942e-07,1.8724460523385087e-07,1.873077015016673e-07,1.8737073527656148e-07,1.8743370665972284e-07,1.8749661575499634e-07,1.8755946266557308e-07,1.876222474990771e-07,1.876849703689946e-07,1.8774763138383944e-07,1.8781023065952336e-07,1.878727683111307e-07,1.8793524445312915e-07,1.879976592020512e-07,1.880600126749082e-07,1.8812230498854535e-07,1.8818453626266492e-07,1.8824670661196891e-07,1.883088161597359e-07,1.8837086502373932e-07,1.884328533187465e-07,1.884947811695237e-07,1.8855664869118784e-07,1.8861845600403147e-07,1.8868020322670004e-07,1.887418904723246e-07,1.8880351786574769e-07,1.8886508552431197e-07,1.8892659356477326e-07,1.8898804210431575e-07,1.8904943125979553e-07,1.8911076114979337e-07,1.8917203189056224e-07,1.8923324359859775e-07,1.892943963905753e-07,1.8935549038230622e-07,1.894165256895826e-07,1.8947750242782175e-07,1.8953842071178016e-07,1.8959928065714384e-07,1.8966008237886836e-07,1.8972082598929312e-07,1.8978151160341401e-07,1.8984213933484042e-07,1.89902709296146e-07,1.8996322160066648e-07,1.9002367635944714e-07,1.9008407368969957e-07,1.901444137007738e-07,1.9020469650428182e-07,1.902649222122516e-07,1.9032509093429284e-07,1.9038520278128814e-07,1.9044525786496687e-07,1.9050525629441732e-07,1.9056519818020617e-07,1.906250836316504e-07,1.9068491275797105e-07,1.9074468566818731e-07,1.9080440246994197e-07,1.9086406327257774e-07,1.9092366818376688e-07,1.909832173112982e-07,1.9104271076168792e-07,1.911021486432373e-07,1.911615310638177e-07,1.9122085812655242e-07,1.9128012993927822e-07,1.913393466077694e-07,1.913985082371683e-07,1.9145761493206616e-07,1.9151666679873813e-07,1.915756639450267e-07,1.91634606472291e-07,1.916934944799116e-07,1.9175232807540852e-07,1.9181110736173494e-07,1.9186983244369956e-07,1.9192850342257213e-07,1.919871204023451e-07,1.9204568348356975e-07,1.9210419276920292e-07,1.92162648361078e-07,1.9222105036197718e-07,1.9227939887105648e-07,1.923376939893791e-07,1.9239593581797432e-07,1.9245412445701296e-07,1.925122600059098e-07,1.9257034256552709e-07,1.926283722347272e-07,1.9268634911280486e-07,1.9274427329847697e-07,1.9280214489024433e-07,1.9285996398661905e-07,1.9291773068572818e-07,1.9297544508514988e-07,1.9303310728250182e-07,1.9309071737533478e-07,1.9314827546003127e-07,1.9320578163344246e-07,1.9326323599208393e-07,1.933206386322077e-07,1.933779896495416e-07,1.9343528913973098e-07,1.9349253719786535e-07,1.9354973391959304e-07,1.936068793998165e-07,1.9366397373261332e-07,1.9372101701351687e-07,1.937780093344171e-07,1.9383495079024822e-07,1.9389184147432903e-07,1.9394868148029528e-07,1.9400547090071637e-07,1.9406220982878015e-07,1.9411889835682842e-07,1.9417553657689573e-07,1.9423212458087377e-07,1.9428866246110162e-07,1.9434515030901255e-07,1.9440158821547188e-07,1.9445797627143075e-07,1.9451431456773317e-07,1.9457060319486559e-07,1.9462684224326286e-07,1.9468303180265004e-07,1.947391719630174e-07,1.9479526281360685e-07,1.948513044437676e-07,1.9490729694195374e-07,1.9496324039808015e-07,1.9501913490023892e-07,1.9507498053685147e-07,1.9513077739560471e-07,1.9518652556387212e-07,1.9524222512978609e-07,1.9529787618137387e-07,1.953534788050027e-07,1.954090330875991e-07,1.954645389444633e-07,1.9551999670585826e-07,1.955754064210342e-07,1.9563076815866448e-07,1.9568608199808566e-07,1.9574134802009715e-07,1.9579656630729686e-07,1.9585173694433932e-07,1.959068600151517e-07,1.95961935603559e-07,1.9601696379343823e-07,1.9607194466889913e-07,1.9612687831339658e-07,1.9618176481027187e-07,1.962366042427376e-07,1.962913966937332e-07,1.9634614224617145e-07,1.9640084098272555e-07,1.9645549298602754e-07,1.9651009833820688e-07,1.9656465712138923e-07,1.9661916941743703e-07,1.966736353081498e-07,1.9672805487433035e-07,1.9678242819533963e-07,1.968367553563529e-07,1.9689103643604797e-07,1.9694527151514945e-07,1.9699946067381275e-07,1.970536039923902e-07,1.9710770155087428e-07,1.9716175342616753e-07,1.972157597031075e-07,1.9726972045844336e-07,1.9732363577142586e-07,1.9737750572081833e-07,1.9743133038545713e-07,1.9748510984393481e-07,1.9753884417628314e-07,1.9759253345672333e-07,1.976461777651079e-07,1.9769977717874856e-07,1.977533317759921e-07,1.9780684163395013e-07,1.978603068294796e-07,1.9791372744030167e-07,1.979671035415869e-07,1.9802043520988421e-07,1.9807372252285158e-07,1.9812696555591473e-07,1.9818016438736707e-07,1.9823331908751507e-07,1.982864297355257e-07,1.9833949640598206e-07,1.9839251917433306e-07,1.9844549811599686e-07,1.984984333041291e-07,1.985513248156253e-07,1.986041727220791e-07,1.986569770987326e-07,1.9870973802010384e-07,1.9876245555933495e-07,1.9881512979243875e-07,1.9886776078815956e-07,1.989203486228263e-07,1.9897289336919644e-07,1.9902539509922732e-07,1.990778538859407e-07,1.9913026980286924e-07,1.9918264292132336e-07,1.9923497331203066e-07,1.9928726105112815e-07,1.9933950620671235e-07,1.9939170885145246e-07,1.9944386905742272e-07,1.9949598689433289e-07,1.9954806243393733e-07,1.9960009574692132e-07,1.996520869041081e-07,1.9970403597594016e-07,1.997559430326365e-07,1.9980780814447362e-07,1.9985963138107965e-07,1.999114128161673e-07,1.9996315251223166e-07,2.0001485054215365e-07,2.0006650697506936e-07,2.001181218802425e-07,2.001696953263779e-07,2.00221227383052e-07,2.0027271811756504e-07,2.003241675997007e-07,2.003755758955979e-07,2.0042694307477343e-07,2.004782692047818e-07,2.005295543534051e-07,2.0058079858823666e-07,2.0063200197572697e-07,2.006831645847347e-07,2.0073428648131682e-07,2.0078536773252623e-07,2.0083640840523e-07,2.008874085658462e-07,2.0093836827999858e-07,2.00989287615188e-07,2.0104016663713262e-07,2.0109100541137217e-07,2.0114180400387803e-07,2.0119256248015616e-07,2.0124328090528328e-07,2.012939593450065e-07,2.0134459786392075e-07,2.0139519652556352e-07,2.014457553978547e-07,2.0149627454161582e-07,2.0154675402577273e-07,2.0159719391223187e-07,2.0164759426481444e-07,2.0169795514845574e-07,2.017482766265441e-07,2.017985587624919e-07,2.018488016199395e-07,2.0189900526239693e-07,2.0194916975387143e-07,2.0199929515523262e-07,2.0204938153085875e-07,2.0209942894349563e-07,2.021494374564199e-07,2.021994071295982e-07,2.022493380282375e-07,2.022992302115727e-07,2.0234908374310536e-07,2.0239889868431822e-07,2.0244867509727342e-07,2.0249841304332196e-07,2.02548112583155e-07,2.0259777377970693e-07,2.0264739669316699e-07,2.0269698138219997e-07,2.0274652791210023e-07,2.0279603634127448e-07,2.0284550673023877e-07,2.0289493913924296e-07,2.029443336286814e-07,2.0299369025914005e-07,2.0304300908998667e-07,2.0309229018067665e-07,2.0314153359116455e-07,2.031907393763362e-07,2.0323990760442944e-07,2.0328903832984328e-07,2.033381316124042e-07,2.033871875109658e-07,2.03436206084312e-07,2.0348518739084595e-07,2.035341314904077e-07,2.035830384391949e-07,2.0363190829634993e-07,2.0368074112171003e-07,2.0372953697008947e-07,2.0377829590070585e-07,2.0382701797115697e-07,2.0387570323945441e-07,2.039243517627299e-07,2.0397296359890083e-07,2.0402153880388495e-07,2.040700774355444e-07,2.0411857954990891e-07,2.0416704520472287e-07,2.0421547445643e-07,2.0426386736041906e-07,2.0431222397582317e-07,2.0436054435570775e-07,2.0440882855769838e-07,2.044570766374752e-07,2.0450528865071684e-07,2.045534646534742e-07,2.0460160470108603e-07,2.0464970884895288e-07,2.0469777715308057e-07,2.0474580966760794e-07,2.0479380644789896e-07,2.0484176754902262e-07,2.0488969302622303e-07,2.049375829330473e-07,2.0498543732482258e-07,2.0503325625573673e-07,2.050810397820028e-07,2.051287879541332e-07,2.0517650082796756e-07,2.0522417845731451e-07,2.0527182089612062e-07,2.053194281980779e-07,2.0536700041832584e-07,2.05414537606926e-07,2.0546203981888795e-07,2.0550950710728787e-07,2.055569395253264e-07,2.0560433712582968e-07,2.056516999619296e-07,2.056990280860234e-07,2.0574632155025578e-07,2.0579358040910369e-07,2.0584080471188987e-07,2.058879945123145e-07,2.0593514986253533e-07,2.0598227081386893e-07,2.0602935741884516e-07,2.0607640972991344e-07,2.0612342779728311e-07,2.0617041167297457e-07,2.062173614081296e-07,2.062642770542682e-07,2.0631115866248137e-07,2.063580062824583e-07,2.0640481996770725e-07,2.0645159976807627e-07,2.0649834573405147e-07,2.0654505791632566e-07,2.0659173636620495e-07,2.066383811326823e-07,2.0668499226566894e-07,2.067315698158656e-07,2.0677811383313341e-07,2.068246243681928e-07,2.068711014701603e-07,2.069175451888139e-07,2.0696395557368323e-07,2.0701033267432734e-07,2.0705667653975794e-07,2.0710298721970357e-07,2.0714926476253625e-07,2.0719550921897704e-07,2.0724172063765407e-07,2.0728789906562446e-07,2.0733404455143179e-07,2.0738015714652453e-07,2.0742623689739205e-07,2.0747228385073598e-07,2.075182980563504e-07,2.0756427956405356e-07,2.0761022842012882e-07,2.0765614467079057e-07,2.077020283677915e-07,2.0774787955566216e-07,2.077936982843961e-07,2.078394845989566e-07,2.0788523854806063e-07,2.079309601791187e-07,2.0797664953925358e-07,2.0802230667525033e-07,2.0806793163419318e-07,2.08113524463696e-07,2.0815908521169433e-07,2.0820461392150043e-07,2.0825011064144575e-07,2.0829557541811923e-07,2.0834100829749478e-07,2.0838640932605353e-07,2.0843177855186834e-07,2.0847711601744342e-07,2.0852242177040798e-07,2.0856769585637593e-07,2.0861293832293738e-07,2.086581492136185e-07,2.0870332857436149e-07,2.0874847644993862e-07,2.0879359288838508e-07,2.0883867793157724e-07,2.0888373162696715e-07,2.0892875401826596e-07,2.0897374515173137e-07,2.0901870507116293e-07,2.0906363382121032e-07,2.091085314476153e-07,2.0915339799443913e-07,2.091982335058922e-07,2.0924303802673744e-07,2.092878116017292e-07,2.0933255427416403e-07,2.093772660885985e-07,2.0942194708904423e-07,2.0946659731941287e-07,2.0951121682354352e-07,2.0955580564514758e-07,2.0960036382788563e-07,2.0964489141568388e-07,2.096893884511929e-07,2.0973385497816727e-07,2.0977829104025316e-07,2.0982269667983962e-07,2.098670719403898e-07,2.099114168649149e-07,2.099557314962902e-07,2.1000001587733802e-07,2.1004427005075252e-07,2.100884940591534e-07,2.1013268794506774e-07,2.101768517509392e-07,2.1022098551910429e-07,2.1026508929183132e-07,2.103091631112976e-07,2.103532070195743e-07,2.1039722105865897e-07,2.1044120527044804e-07,2.104851596967454e-07,2.105290843792943e-07,2.1057297936017214e-07,2.1061684468048663e-07,2.1066068038167208e-07,2.1070448650512402e-07,2.1074826309165344e-07,2.1079201018349022e-07,2.1083572782107402e-07,2.1087941604554114e-07,2.1092307489780748e-07,2.10966704418774e-07,2.110103046491763e-07,2.1105387563140533e-07,2.110974174041442e-07,2.111409300066171e-07,2.1118441348081524e-07,2.1122786786757758e-07,2.1127129320605357e-07,2.1131468953683746e-07,2.1135805690065108e-07,2.114013953369473e-07,2.1144470488554323e-07,2.1148798558559593e-07,2.1153123747875867e-07,2.11574460603258e-07,2.1161765500066278e-07,2.1166082070734775e-07,2.1170395776420327e-07,2.1174706621213104e-07,2.1179014608739188e-07,2.118331974303513e-07,2.1187622028045363e-07,2.1191921467724214e-07,2.1196218065917032e-07,2.12005118265027e-07,2.1204802753390365e-07,2.1209090850567952e-07,2.121337612158479e-07,2.1217658570473685e-07,2.1221938201080212e-07,2.1226215017345664e-07,2.123048902280877e-07,2.123476022153076e-07,2.1239028617254934e-07,2.1243294213783646e-07,2.1247557014924499e-07,2.1251817024564356e-07,2.1256074246344943e-07,2.1260328684182398e-07,2.1264580341696873e-07,2.1268829222770922e-07,2.1273075331013537e-07,2.1277318670238294e-07,2.1281559244211265e-07,2.128579705665975e-07,2.1290032111428942e-07,2.1294264412056025e-07,2.1298493962197313e-07,2.1302720765614658e-07,2.130694482603327e-07,2.131116614713365e-07,2.1315384732732588e-07,2.1319600586226357e-07,2.132381371143989e-07,2.1328024111974093e-07,2.1332231791496136e-07,2.1336436753661005e-07,2.134063900209417e-07,2.1344838540424326e-07,2.1349035372263205e-07,2.135322950114008e-07,2.1357420930807355e-07,2.1361609664801843e-07,2.136579570664846e-07,2.1369979059905722e-07,2.1374159728391703e-07,2.1378337715466734e-07,2.138251302478815e-07,2.1386685659808525e-07,2.1390855624133238e-07,2.1395022921322873e-07,2.1399187555144328e-07,2.1403349528548713e-07,2.1407508845437652e-07,2.141166550920933e-07,2.141581952337395e-07,2.1419970891499868e-07,2.142411961706651e-07,2.1428265703343825e-07,2.1432409154114253e-07,2.1436549972270657e-07,2.1440688162101164e-07,2.1444823726787158e-07,2.144895666965452e-07,2.1453086994174786e-07,2.1457214703808056e-07,2.146133980193378e-07,2.1465462291971628e-07,2.146958217736136e-07,2.1473699461477964e-07,2.1477814147660908e-07,2.148192623950314e-07,2.1486035740267047e-07,2.1490142653368077e-07,2.1494246982201154e-07,2.1498348730231986e-07,2.150244790048634e-07,2.150654449652616e-07,2.151063852167625e-07,2.1514729979277963e-07,2.1518818872679252e-07,2.152290520520813e-07,2.1526988980175495e-07,2.1531070200768944e-07,2.1535148870613506e-07,2.1539224992789882e-07,2.1543298570653577e-07,2.1547369607466463e-07,2.1551438106524368e-07,2.1555504071080653e-07,2.1559567504425938e-07,2.1563628409811443e-07,2.1567686790499398e-07,2.1571742649617192e-07,2.157579599068137e-07,2.157984681678532e-07,2.158389513115117e-07,2.158794093703102e-07,2.159198423763031e-07,2.159602503611018e-07,2.1600063335793312e-07,2.1604099139807292e-07,2.1608132451367617e-07,2.1612163273665402e-07,2.161619160987116e-07,2.1620217463144595e-07,2.1624240836605366e-07,2.1628261733468767e-07,2.1632280156978375e-07,2.163629611021328e-07,2.1640309596337328e-07,2.1644320618439477e-07,2.1648329179614434e-07,2.1652335283172652e-07,2.16563389321121e-07,2.1660340129536915e-07,2.1664338878491425e-07,2.166833518230467e-07,2.1672329043781603e-07,2.1676320466364364e-07,2.1680309452875477e-07,2.1684296006437868e-07,2.1688280130224302e-07,2.1692261827260697e-07,2.1696241100575187e-07,2.1700217953223306e-07,2.170419238825577e-07,2.1708164408733997e-07,2.1712134017470173e-07,2.1716101217962627e-07,2.1720066012999669e-07,2.1724028405580073e-07,2.1727988398723977e-07,2.1731945995452147e-07,2.1735901198775931e-07,2.173985401165315e-07,2.17438044371891e-07,2.1747752478279617e-07,2.1751698137877856e-07,2.1755641419114234e-07,2.1759582324895106e-07,2.1763520858026002e-07,2.1767457021995823e-07,2.1771390818933147e-07,2.177532225228373e-07,2.1779251324859377e-07,2.1783178039705806e-07,2.1787102399721621e-07,2.1791024407729844e-07,2.17949440667228e-07,2.1798861379657946e-07,2.180277634936008e-07,2.1806688978813714e-07,2.181059927088905e-07,2.1814507228505477e-07,2.1818412854526918e-07,2.1822316151929238e-07,2.1826217123481065e-07,2.1830115772042463e-07,2.183401210053792e-07,2.1837906111809909e-07,2.1841797808672926e-07,2.1845687194051838e-07,2.184957427089403e-07,2.1853459041760208e-07,2.1857341509727062e-07,2.1861221677433136e-07,2.186509954778276e-07,2.1868975123591173e-07,2.1872848407593453e-07,2.1876719402902174e-07,2.1880588111990217e-07,2.1884454537806616e-07,2.1888318683123036e-07,2.1892180550716703e-07,2.1896040143324377e-07,2.1899897463842753e-07,2.190375251492761e-07,2.190760529944094e-07,2.1911455820098453e-07,2.1915304079653217e-07,2.1919150080865638e-07,2.1922993826494468e-07,2.192683531927201e-07,2.1930674561940655e-07,2.1934511557221838e-07,2.1938346307854278e-07,2.194217881654363e-07,2.1946009086024437e-07,2.1949837118983564e-07,2.1953662918168806e-07,2.1957486486262319e-07,2.1961307825996464e-07,2.1965126940187376e-07,2.1968943831172613e-07,2.1972758501975312e-07,2.1976570954955274e-07,2.1980381193204017e-07,2.1984189218857825e-07,2.1987995035066387e-07,2.199179864429538e-07,2.1995600049197808e-07,2.1999399252257078e-07,2.2003196256232153e-07,2.20069910638513e-07,2.2010783677783135e-07,2.2014574100568275e-07,2.2018362334859484e-07,2.2022148383077045e-07,2.202593224809514e-07,2.2029713932443236e-07,2.2033493438730607e-07,2.2037270769567785e-07,2.20410459275524e-07,2.2044818915318725e-07,2.204858973526157e-07,2.2052358390326452e-07,2.2056124882693183e-07,2.2059889215167965e-07,2.2063651390366652e-07,2.206741141064808e-07,2.207116927876272e-07,2.2074924996970515e-07,2.207867856824695e-07,2.2082429994820745e-07,2.2086179279339008e-07,2.2089926424380568e-07,2.209367143243064e-07,2.209741430596913e-07,2.2101155047577068e-07,2.2104893659716796e-07,2.210863014498361e-07,2.2112364505852635e-07,2.2116096744825446e-07,2.2119826864405718e-07,2.2123554867098343e-07,2.2127280755344494e-07,2.2131004531719792e-07,2.2134726198664764e-07,2.2138445758655301e-07,2.2142163214154463e-07,2.214587856765817e-07,2.2149591821613687e-07,2.2153302978497767e-07,2.215701204063453e-07,2.2160719010774342e-07,2.2164423891142914e-07,2.2168126684226206e-07,2.217182739246611e-07,2.2175526018298602e-07,2.2179222564289862e-07,2.218291703259741e-07,2.2186609425789835e-07,2.2190299746274984e-07,2.2193987996496481e-07,2.219767417888834e-07,2.2201358295716066e-07,2.2205040349464407e-07,2.2208720342539598e-07,2.2212398277325847e-07,2.2216074156217652e-07,2.221974798159135e-07,2.2223419755843125e-07,2.2227089481368182e-07,2.2230757160466356e-07,2.2234422795558961e-07,2.2238086389193177e-07,2.2241747943338495e-07,2.2245407460544392e-07,2.224906494316473e-07,2.2252720393545306e-07,2.2256373814000455e-07,2.2260025206931293e-07,2.2263674574636786e-07,2.2267321919446098e-07,2.2270967243703532e-07,2.2274610549670114e-07,2.2278251839782458e-07,2.2281891116210456e-07,2.228552838139379e-07,2.2289163637586924e-07,2.229279688709138e-07,2.229642813212534e-07,2.2300057375271486e-07,2.2303684618639917e-07,2.2307309864353578e-07,2.231093311483884e-07,2.2314554372299677e-07,2.2318173639165418e-07,2.2321790917638296e-07,2.232540621010858e-07,2.232901951851064e-07,2.2332630845319924e-07,2.2336240192768892e-07,2.2339847563211192e-07,2.2343452958690553e-07,2.2347056381553444e-07,2.235065783406972e-07,2.2354257318366405e-07,2.2357854836805222e-07,2.2361450391564739e-07,2.236504398486553e-07,2.2368635618938606e-07,2.2372225295992162e-07,2.2375813018219833e-07,2.237939878788793e-07,2.238298260718136e-07,2.2386564478208583e-07,2.2390144403315688e-07,2.2393722384644232e-07,2.239729842435297e-07,2.240087252463052e-07,2.2404444687706558e-07,2.2408014915733234e-07,2.2411583210952474e-07,2.2415149575484064e-07,2.241871401140567e-07,2.242227652097721e-07,2.242583710631827e-07,2.242939576948622e-07,2.2432952512895473e-07,2.2436507338561565e-07,2.2440060248289236e-07,2.2443611244736005e-07,2.2447160330103227e-07,2.2450707506224625e-07,2.245425277523226e-07,2.2457796139356407e-07,2.2461337600761002e-07,2.246487716141661e-07,2.2468414823523975e-07,2.2471950589234664e-07,2.2475484460594087e-07,2.247901643990267e-07,2.2482546528929166e-07,2.2486074729914247e-07,2.2489601045010144e-07,2.2493125476313104e-07,2.2496648025881724e-07,2.2500168695767913e-07,2.2503687488094518e-07,2.2507204404918023e-07,2.2510719448499727e-07,2.2514232620714327e-07,2.251774392362461e-07,2.2521253359236491e-07,2.2524760929748344e-07,2.2528266637100318e-07,2.2531770483455831e-07,2.253527247088346e-07,2.2538772601352023e-07,2.2542270876926528e-07,2.2545767299690043e-07,2.2549261871641246e-07,2.2552754594811749e-07,2.2556245471291515e-07,2.2559734503026738e-07,2.2563221692112777e-07,2.2566707040532577e-07,2.2570190550300765e-07,2.257367222345227e-07,2.2577152061986556e-07,2.2580630067911042e-07,2.2584106243233187e-07,2.258758058993574e-07,2.259105311004619e-07,2.2594523805543274e-07,2.259799267839439e-07,2.2601459730440254e-07,2.2604924964084498e-07,2.2608388381017587e-07,2.2611849983251046e-07,2.2615309772774475e-07,2.2618767751558094e-07,2.2622223921592936e-07,2.2625678284831124e-07,2.2629130843180345e-07,2.2632581598784262e-07,2.26360305533552e-07,2.263947770894347e-07,2.264292306750442e-07,2.2646366630950757e-07,2.264980840127682e-07,2.265324838042412e-07,2.2656686570310358e-07,2.266012297269494e-07,2.2663557589579318e-07,2.26669904232495e-07,2.267042147539694e-07,2.2673850747942233e-07,2.2677278242745075e-07,2.2680703961758748e-07,2.2684127906874368e-07,2.268755008004679e-07,2.269097048315384e-07,2.2694389118086485e-07,2.2697805986770099e-07,2.2701221090990658e-07,2.2704634432815635e-07,2.270804601405838e-07,2.2711455836752107e-07,2.2714863902488192e-07,2.2718270213406992e-07,2.272167477116289e-07,2.2725077577727055e-07,2.2728478634999592e-07,2.2731877944815578e-07,2.27352755090556e-07,2.2738671329585772e-07,2.2742065408432954e-07,2.274545774710086e-07,2.274884834763525e-07,2.2752237211851737e-07,2.275562434167378e-07,2.27590097390169e-07,2.276239340536299e-07,2.2765775343016607e-07,2.2769155553597608e-07,2.2772534038799538e-07,2.2775910800520755e-07,2.2779285840711055e-07,2.2782659161088862e-07,2.2786030763712808e-07,2.2789400650041588e-07,2.2792768822003852e-07,2.2796135281676623e-07,2.279950003050399e-07,2.2802863070478614e-07,2.280622440330611e-07,2.2809584030771744e-07,2.2812941954909875e-07,2.281629817750127e-07,2.2819652700036006e-07,2.282300552449544e-07,2.282635665261537e-07,2.2829706086206506e-07,2.2833053827062856e-07,2.283639987695612e-07,2.2839744237646432e-07,2.284308691117788e-07,2.2846427898775506e-07,2.2849767202724475e-07,2.285310482472247e-07,2.2856440765963726e-07,2.2859775028606088e-07,2.2863107614663447e-07,2.2866438525378262e-07,2.2869767762750244e-07,2.287309532874543e-07,2.2876421224701783e-07,2.2879745452848388e-07,2.288306801430177e-07,2.288638891112255e-07,2.2889708145019146e-07,2.289302571778642e-07,2.2896341631313989e-07,2.2899655886890443e-07,2.2902968486507626e-07,2.2906279431903982e-07,2.2909588724702953e-07,2.2912896366665809e-07,2.2916202359487222e-07,2.291950670496007e-07,2.2922809404680415e-07,2.2926110460398959e-07,2.2929409873817352e-07,2.293270764667769e-07,2.2936003780634833e-07,2.2939298277421983e-07,2.294259113864618e-07,2.2945882365963883e-07,2.2949171961185493e-07,2.2952459926161993e-07,2.2955746262095766e-07,2.2959030970991013e-07,2.296231405439047e-07,2.296559551405081e-07,2.2968875351699306e-07,2.2972153568837243e-07,2.297543016741434e-07,2.2978705148718428e-07,2.298197851441989e-07,2.2985250266567293e-07,2.298852040657934e-07,2.2991788936409134e-07,2.299505585708483e-07,2.299832117051458e-07,2.3001584878511928e-07,2.3004846982655715e-07,2.3008107484756466e-07,2.301136638597645e-07,2.3014623688269686e-07,2.3017879393187987e-07,2.3021133502398032e-07,2.3024386017472143e-07,2.3027636940147345e-07,2.3030886271982586e-07,2.3034134014564769e-07,2.3037380169511877e-07,2.3040624738553096e-07,2.3043867723180603e-07,2.30471091251158e-07,2.3050348945832446e-07,2.3053587186980599e-07,2.305682385017053e-07,2.306005893699701e-07,2.3063292449066052e-07,2.3066524387956263e-07,2.3069754755314083e-07,2.3072983552668452e-07,2.3076210781695722e-07,2.3079436443842774e-07,2.3082660540761346e-07,2.308588307403165e-07,2.308910404524295e-07,2.3092323455948682e-07,2.3095541307730566e-07,2.3098757602152136e-07,2.310197234080101e-07,2.3105185525222246e-07,2.3108397156996983e-07,2.311160723767403e-07,2.3114815768820536e-07,2.3118022751976095e-07,2.3121228188590306e-07,2.3124432080452425e-07,2.3127634428998296e-07,2.3130835235766782e-07,2.3134034502076288e-07,2.3137232229913836e-07,2.3140428420594123e-07,2.3143623075328357e-07,2.3146816196343462e-07,2.3150007784731016e-07,2.3153197842175873e-07,2.315638636997869e-07,2.3159573370005845e-07,2.3162758843555551e-07,2.3165942792213053e-07,2.3169125217305198e-07,2.3172306120674978e-07,2.3175485503721413e-07,2.3178663367844795e-07,2.318183971462903e-07,2.318501454565266e-07,2.3188187862468086e-07,2.3191359666336945e-07,2.3194529958844501e-07,2.3197698741477747e-07,2.3200866015808616e-07,2.3204031783369987e-07,2.3207196045545743e-07,2.3210358804018654e-07,2.3213520060031437e-07,2.3216679815082758e-07,2.3219838070713985e-07,2.322299482847254e-07,2.322615008984504e-07,2.3229303856204374e-07,2.3232456129074814e-07,2.323560691020636e-07,2.3238756200512603e-07,2.3241904002006788e-07,2.324505031562635e-07,2.324819514309644e-07,2.3251338486016892e-07,2.3254480345573406e-07,2.3257620723355635e-07,2.326075962081202e-07,2.3263897039488043e-07,2.326703298061409e-07,2.3270167445755825e-07,2.3273300436447112e-07,2.3276431954041197e-07,2.3279561999997008e-07,2.3282690575782621e-07,2.3285817682785703e-07,2.3288943322352254e-07,2.3292067496171648e-07,2.3295190205561345e-07,2.3298311451895451e-07,2.3301431236633867e-07,2.3304549561190746e-07,2.330766642696971e-07,2.3310781835467204e-07,2.331389578794341e-07,2.3317008286028964e-07,2.3320119331019912e-07,2.3323228924502106e-07,2.332633706757857e-07,2.3329443761789123e-07,2.3332549008554428e-07,2.3335652809278671e-07,2.3338755165318878e-07,2.3341856078174923e-07,2.3344955549342739e-07,2.3348053579892553e-07,2.3351150171418978e-07,2.3354245325268916e-07,2.3357339042882415e-07,2.3360431325606738e-07,2.3363522174824577e-07,2.3366611591929038e-07,2.336969957829712e-07,2.3372786135265337e-07,2.337587126430951e-07,2.3378954966767519e-07,2.3382037244250538e-07,2.3385118097615707e-07,2.3388197528540512e-07,2.3391275538334636e-07,2.3394352128535249e-07,2.3397427300194565e-07,2.3400501054831944e-07,2.3403573393728452e-07,2.3406644318406046e-07,2.3409713829919637e-07,2.3412781929997473e-07,2.3415848619866632e-07,2.341891390084324e-07,2.342197777429422e-07,2.3425040241532836e-07,2.3428101303919534e-07,2.3431160962794364e-07,2.3434219219438718e-07,2.3437276075262915e-07,2.344033153164104e-07,2.344338558984921e-07,2.3446438251246153e-07,2.3449489517109356e-07,2.3452539388829665e-07,2.345558786766069e-07,2.3458634954998808e-07,2.3461680652122236e-07,2.3464724960411507e-07,2.3467767881148102e-07,2.3470809415642495e-07,2.3473849565220927e-07,2.3476888331229546e-07,2.3479925714905153e-07,2.3482961717580582e-07,2.3485996340949437e-07,2.3489029585396535e-07,2.349206145295718e-07,2.349509194476265e-07,2.349812106206748e-07,2.350114880624763e-07,2.350417517880671e-07,2.350720018048591e-07,2.3510223813016427e-07,2.3513246077510033e-07,2.351626697529055e-07,2.3519286507655396e-07,2.352230467586567e-07,2.35253214812572e-07,2.3528336925120545e-07,2.3531351008660447e-07,2.353436373321766e-07,2.3537375100186008e-07,2.3540385110547662e-07,2.354339376575474e-07,2.354640106705125e-07,2.354940701567223e-07,2.3552411612937696e-07,2.355541486032876e-07,2.3558416758679809e-07,2.3561417309462515e-07,2.3564416514075772e-07,2.3567414373477158e-07,2.3570410889082243e-07,2.357340606210711e-07,2.3576399893841132e-07,2.357939238553748e-07,2.3582383538444845e-07,2.3585373353812567e-07,2.3588361832886603e-07,2.359134897691087e-07,2.359433478712738e-07,2.35973192647795e-07,2.3600302411194417e-07,2.3603284227469513e-07,2.360626471485675e-07,2.3609243874625902e-07,2.3612221708009932e-07,2.3615198216275417e-07,2.3618173400641482e-07,2.3621147262246814e-07,2.3624119802379885e-07,2.3627091022264976e-07,2.3630060923122422e-07,2.363302950623854e-07,2.3635996772749444e-07,2.3638962723844069e-07,2.3641927360784334e-07,2.364489068478254e-07,2.364785269711918e-07,2.3650813398887324e-07,2.3653772791466608e-07,2.3656730875855e-07,2.3659687653295619e-07,2.366264312512828e-07,2.3665597292485656e-07,2.3668550156527222e-07,2.3671501718476512e-07,2.3674451979516485e-07,2.3677400940829514e-07,2.3680348603649415e-07,2.3683294969189962e-07,2.3686240038558604e-07,2.3689183812956075e-07,2.369212629354081e-07,2.3695067481549973e-07,2.3698007378278825e-07,2.3700945984754217e-07,2.3703883302262826e-07,2.3706819331936014e-07,2.3709754074947148e-07,2.3712687532547064e-07,2.3715619705757488e-07,2.3718550595824276e-07,2.3721480203924782e-07,2.372440853121805e-07,2.3727335578884054e-07,2.3730261347998908e-07,2.3733185839897887e-07,2.3736109055590488e-07,2.373903099637261e-07,2.37419516633321e-07,2.374487105763175e-07,2.3747789180423317e-07,2.3750706032866413e-07,2.3753621616110528e-07,2.375653593128564e-07,2.375944897959665e-07,2.376236076231867e-07,2.3765271280270613e-07,2.3768180534772918e-07,2.3771088526972452e-07,2.3773995258014752e-07,2.3776900729007698e-07,2.3779804941260043e-07,2.3782707895664102e-07,2.378560959339833e-07,2.3788510035815484e-07,2.3791409223616807e-07,2.3794307158311121e-07,2.379720384092542e-07,2.380009927279106e-07,2.380299345461404e-07,2.3805886387739766e-07,2.3808778073484622e-07,2.3811668512550615e-07,2.3814557706271238e-07,2.3817445655764481e-07,2.3820332362156184e-07,2.3823217826557736e-07,2.3826102050077963e-07,2.382898503374484e-07,2.3831866778841916e-07,2.383474728641168e-07,2.3837626557849873e-07,2.384050459368053e-07,2.3843381395293855e-07,2.384625696379106e-07,2.3849131300263677e-07,2.3852004405605563e-07,2.385487628138495e-07,2.385774692810963e-07,2.3860616347230525e-07,2.386348454016924e-07,2.3866351507407985e-07,2.3869217250557064e-07,2.387208177045369e-07,2.3874945068249876e-07,2.387780714498171e-07,2.388066800168875e-07,2.388352763940757e-07,2.3886386059396643e-07,2.388924326244954e-07,2.389209925005198e-07,2.3894954023076664e-07,2.389780758261715e-07,2.3900659929834085e-07,2.3903511065678707e-07,2.3906360991260276e-07,2.3909209707569657e-07,2.391205721546784e-07,2.391490351659402e-07,2.391774861174029e-07,2.392059250199089e-07,2.392343518835163e-07,2.3926276671931193e-07,2.3929116953622207e-07,2.393195603479081e-07,2.3934793916286487e-07,2.3937630599252034e-07,2.394046608473134e-07,2.3943300373766544e-07,2.394613346742173e-07,2.3948965366725565e-07,2.3951796072730084e-07,2.395462558646798e-07,2.3957453909037484e-07,2.396028104141408e-07,2.3963106984689144e-07,2.3965931739928416e-07,2.39687553081798e-07,2.397157769041462e-07,2.3974398887709935e-07,2.397721890106669e-07,2.398003773163155e-07,2.3982855380263285e-07,2.3985671848149666e-07,2.398848713627997e-07,2.399130124576703e-07,2.399411417749243e-07,2.3996925932614613e-07,2.399973651209544e-07,2.4002545916891394e-07,2.400535414816587e-07,2.400816120688141e-07,2.4010967094035355e-07,2.401377181067655e-07,2.4016575357789306e-07,2.401937773653405e-07,2.402217894771284e-07,2.4024978992436724e-07,2.402777787172659e-07,2.403057558657973e-07,2.4033372138028797e-07,2.4036167527041495e-07,2.4038961754680623e-07,2.404175482190308e-07,2.404454672975622e-07,2.4047337479225876e-07,2.405012707130361e-07,2.4052915507019293e-07,2.405570278737871e-07,2.405848891334449e-07,2.406127388593302e-07,2.4064057706117065e-07,2.406684037493756e-07,2.406962189330828e-07,2.407240226233768e-07,2.407518148297181e-07,2.407795955617387e-07,2.4080736482943607e-07,2.408351226452404e-07,2.4086286901404585e-07,2.4089060394850527e-07,2.409183274588319e-07,2.409460395527654e-07,2.4097374024186823e-07,2.410014295355457e-07,2.410291074436539e-07,2.4105677397582135e-07,2.4108442914240335e-07,2.4111207295215235e-07,2.4113970541533587e-07,2.41167326541081e-07,2.4119493634089007e-07,2.4122253482258325e-07,2.4125012199648485e-07,2.412776978713309e-07,2.413052624586178e-07,2.4133281576721666e-07,2.4136035780657967e-07,2.4138788858647374e-07,2.414154081162851e-07,2.4144291640586686e-07,2.414704134647008e-07,2.41497899302361e-07,2.415253739269162e-07,2.415528373509193e-07,2.415802895841895e-07,2.416077306329862e-07,2.4163516050818663e-07,2.416625792194916e-07,2.416899867762636e-07,2.4171738318802237e-07,2.4174476846477744e-07,2.417721426149464e-07,2.417995056490385e-07,2.4182685757761974e-07,2.418541984062836e-07,2.418815281467559e-07,2.4190884680929135e-07,2.4193615440087796e-07,2.4196345093206055e-07,2.419907364137318e-07,2.420180108524382e-07,2.420452742614553e-07,2.4207252664622224e-07,2.420997680180107e-07,2.4212699838376604e-07,2.421542177539574e-07,2.4218142614005706e-07,2.4220862354986735e-07,2.4223580999234057e-07,2.4226298547687195e-07,2.4229015001169974e-07,2.423173036064639e-07,2.423444462702879e-07,2.423715780139205e-07,2.4239869884568483e-07,2.424258087733743e-07,2.424529078095493e-07,2.4247999596043215e-07,2.425070732384855e-07,2.425341396477118e-07,2.425611952034979e-07,2.4258823990820384e-07,2.426152737737816e-07,2.4264229680895916e-07,2.4266930902350307e-07,2.426963104263165e-07,2.427233010270688e-07,2.427502808333539e-07,2.4277724985377605e-07,2.428042080995112e-07,2.42831155577544e-07,2.4285809229945204e-07,2.4288501827240575e-07,2.4291193350663875e-07,2.429388380091624e-07,2.429657317896534e-07,2.4299261485736266e-07,2.4301948722095157e-07,2.430463488895848e-07,2.4307319987103635e-07,2.431000401758193e-07,2.4312686981281224e-07,2.431536887901221e-07,2.431804971160146e-07,2.432072948004642e-07,2.432340818519817e-07,2.432608582790861e-07,2.432876240906708e-07,2.433143792959658e-07,2.433411239030208e-07,2.4336785792103255e-07,2.4339458135904584e-07,2.434212942252522e-07,2.43447996528467e-07,2.4347468827760066e-07,2.4350136948102696e-07,2.435280401466307e-07,2.4355470028554347e-07,2.435813499051464e-07,2.436079890141026e-07,2.4363461762161417e-07,2.4366123573435256e-07,2.436878433633563e-07,2.43714440517183e-07,2.4374102720272146e-07,2.43767603429921e-07,2.4379416920681233e-07,2.438207245420899e-07,2.4384726944393986e-07,2.4387380392154607e-07,2.439003279832317e-07,2.439268416375439e-07,2.4395334489279646e-07,2.4397983775811665e-07,2.4400632024183136e-07,2.4403279235177767e-07,2.44059254096936e-07,2.440857054863352e-07,2.441121465278608e-07,2.441385772297363e-07,2.441649976009713e-07,2.4419140764916524e-07,2.4421780738341384e-07,2.4424419681191093e-07,2.4427057594318397e-07,2.4429694478562477e-07,2.4432330334793464e-07,2.443496516382977e-07,2.443759896650929e-07,2.444023174366098e-07,2.444286349606692e-07,2.444549422465369e-07,2.444812393014605e-07,2.4450752613476007e-07,2.4453380275405775e-07,2.4456006916794895e-07,2.445863253846927e-07,2.446125714126054e-07,2.4463880725989497e-07,2.4466503293538596e-07,2.4469124844680806e-07,2.447174538020218e-07,2.4474364900966243e-07,2.447698340779882e-07,2.4479600901508597e-07,2.4482217382944154e-07,2.448483285288144e-07,2.448744731217494e-07,2.4490060761600853e-07,2.44926732019968e-07,2.4495284634269776e-07,2.4497895059225234e-07,2.450050447742904e-07,2.4503112889858986e-07,2.450572029745164e-07,2.450832670076981e-07,2.4510932100622254e-07,2.451353649803479e-07,2.451613989371072e-07,2.4518742288450887e-07,2.4521343683073114e-07,2.452394407831465e-07,2.452654347511226e-07,2.452914187419572e-07,2.453173927635891e-07,2.453433568240941e-07,2.453693109315658e-07,2.453952550937871e-07,2.45421189318907e-07,2.454471136153423e-07,2.454730279898748e-07,2.454989324515068e-07,2.4552482700731607e-07,2.4555071166596304e-07,2.4557658643477906e-07,2.4560245132190494e-07,2.4562830633555433e-07,2.456541514827446e-07,2.4567998677077745e-07,2.457058122094819e-07,2.457316278062634e-07,2.4575743356795407e-07,2.4578322950250307e-07,2.4580901561889895e-07,2.4583479192510237e-07,2.458605584275713e-07,2.458863151346701e-07,2.4591206205418885e-07,2.459377991940393e-07,2.4596352656155875e-07,2.45989244165635e-07,2.4601495201255656e-07,2.46040650110952e-07,2.4606633846820576e-07,2.4609201709212644e-07,2.461176859905647e-07,2.4614334517119517e-07,2.4616899464152623e-07,2.4619463440932924e-07,2.4622026448226466e-07,2.462458848686359e-07,2.4627149557447624e-07,2.462970966088674e-07,2.4632268797909523e-07,2.463482696929166e-07,2.463738417579114e-07,2.4639940418165367e-07,2.464249569715376e-07,2.4645050013541537e-07,2.4647603368017527e-07,2.465015576140411e-07,2.4652707194571577e-07,2.4655257668189717e-07,2.465780718278979e-07,2.46603557393219e-07,2.4662903338718714e-07,2.466544998153867e-07,2.4667995668532947e-07,2.4670540400416917e-07,2.46730841779854e-07,2.4675627001996763e-07,2.4678168873277506e-07,2.4680709792376744e-07,2.468324976016936e-07,2.468578877738153e-07,2.4688326844769216e-07,2.46908639630659e-07,2.469340013300227e-07,2.4695935355329073e-07,2.4698469630800134e-07,2.470100296014188e-07,2.470353534410623e-07,2.470606678342728e-07,2.470859727882663e-07,2.471112683113375e-07,2.471365544091312e-07,2.471618310899274e-07,2.4718709836123963e-07,2.472123562300508e-07,2.472376047042341e-07,2.4726284379038386e-07,2.4728807349530933e-07,2.4731329382966034e-07,2.4733850479626737e-07,2.473637064043308e-07,2.473888986618839e-07,2.4741408157473705e-07,2.4743925515002615e-07,2.4746441939665426e-07,2.4748957432077015e-07,2.475147199299734e-07,2.4753985623105546e-07,2.4756498323196225e-07,2.475901009390204e-07,2.476152093610073e-07,2.4764030850331107e-07,2.476653983733764e-07,2.476904789786795e-07,2.4771555032637365e-07,2.4774061242428036e-07,2.4776566527911546e-07,2.477907088977808e-07,2.478157432877566e-07,2.47840768455135e-07,2.4786578440969704e-07,2.4789079115486233e-07,2.4791578870165386e-07,2.479407770532418e-07,2.479657562184769e-07,2.4799072620396646e-07,2.480156870176647e-07,2.4804063866697383e-07,2.480655811570517e-07,2.480905144963951e-07,2.4811543869161346e-07,2.481403537501339e-07,2.4816525967850445e-07,2.4819015648401213e-07,2.4821504417364647e-07,2.4823992275451306e-07,2.48264792232546e-07,2.48289652616642e-07,2.4831450391171096e-07,2.4833934612548075e-07,2.483641792610976e-07,2.483890033335628e-07,2.484138183456442e-07,2.4843862430460523e-07,2.4846342121675913e-07,2.484882090893911e-07,2.4851298792920544e-07,2.4853775774337056e-07,2.485625185386586e-07,2.485872703220539e-07,2.486120131000915e-07,2.48636746879919e-07,2.4866147166832387e-07,2.4868618747172453e-07,2.4871089429684584e-07,2.487355921519985e-07,2.487602810439399e-07,2.4878496097772555e-07,2.488096319587669e-07,2.48834293997843e-07,2.4885894710057713e-07,2.48883591272709e-07,2.4890822652157917e-07,2.489328528546059e-07,2.4895747027754496e-07,2.4898207879838336e-07,2.4900667842161663e-07,2.490312691556324e-07,2.49055851007675e-07,2.490804239838255e-07,2.491049880894723e-07,2.4912954333214173e-07,2.4915408971631426e-07,2.4917862725582016e-07,2.4920315595088807e-07,2.492276758092531e-07,2.4925218683903746e-07,2.4927668904581053e-07,2.493011824384699e-07,2.493256670194375e-07,2.4935014279851684e-07,2.4937460978168976e-07,2.493990679754233e-07,2.494235173862788e-07,2.494479580208258e-07,2.49472389887428e-07,2.4949681298951414e-07,2.495212273350719e-07,2.495456329308875e-07,2.495700297833915e-07,2.495944178992398e-07,2.496187972830308e-07,2.4964316794427657e-07,2.4966752989037993e-07,2.496918831228064e-07,2.4971622765300127e-07,2.497405634856991e-07,2.4976489062598015e-07,2.4978920908406866e-07,2.498135188632761e-07,2.498378199708648e-07,2.4986211241353686e-07,2.498863961977291e-07,2.4991067133000403e-07,2.4993493781824614e-07,2.499591956654426e-07,2.499834448804937e-07,2.500076854686213e-07,2.5003191743787965e-07,2.5005614079270106e-07,2.500803555416503e-07,2.501045616879819e-07,2.501287592409204e-07,2.501529482036761e-07,2.5017712858717334e-07,2.502013003944851e-07,2.5022546363404513e-07,2.502496183118051e-07,2.5027376443380414e-07,2.5029790200583465e-07,2.5032203103522444e-07,2.503461515272419e-07,2.5037026348921064e-07,2.5039436692634865e-07,2.5041846184568804e-07,2.5044254825332187e-07,2.5046662615557357e-07,2.5049069555874877e-07,2.505147564693923e-07,2.5053880889418614e-07,2.505628528385826e-07,2.5058688830858973e-07,2.5061091530947966e-07,2.5063493385021347e-07,2.506589439355145e-07,2.506829455721826e-07,2.507069387636451e-07,2.5073092352066065e-07,2.507548998476145e-07,2.5077886775058315e-07,2.508028272370357e-07,2.5082677831068273e-07,2.5085072097695813e-07,2.508746552468822e-07,2.508985811226353e-07,2.5092249861145194e-07,2.5094640771911075e-07,2.5097030845075926e-07,2.5099420081501583e-07,2.5101808481804824e-07,2.510419604644373e-07,2.510658277607796e-07,2.510896867131411e-07,2.511135373278246e-07,2.511373796112891e-07,2.5116121356843284e-07,2.5118503920748376e-07,2.5120885653248765e-07,2.512326655497028e-07,2.5125646626552337e-07,2.512802586868727e-07,2.513040428184954e-07,2.5132781866702255e-07,2.513515862382459e-07,2.5137534553872706e-07,2.5139909657430786e-07,2.5142283935079635e-07,2.5144657387421974e-07,2.514703001512447e-07,2.514940181871711e-07,2.515177279879728e-07,2.5154142955963555e-07,2.515651229086467e-07,2.515888080407388e-07,2.516124849603665e-07,2.516361536772573e-07,2.516598141929724e-07,2.5168346651725e-07,2.517071106548023e-07,2.517307466113974e-07,2.5175437439222273e-07,2.517779940035696e-07,2.5180160545264156e-07,2.518252087434205e-07,2.51848803882435e-07,2.5187239087581484e-07,2.5189596972962414e-07,2.5191954044952115e-07,2.519431030398783e-07,2.5196665750901015e-07,2.519902038638216e-07,2.520137421070952e-07,2.520372722470693e-07,2.5206079428741307e-07,2.5208430823614805e-07,2.5210781409678004e-07,2.5213131187579857e-07,2.521548015798534e-07,2.521782832141434e-07,2.52201756785863e-07,2.5222522229850453e-07,2.5224867975885393e-07,2.522721291731912e-07,2.5229557054632823e-07,2.5231900388599525e-07,2.523424291967478e-07,2.523658464840856e-07,2.52389255754089e-07,2.5241265701291145e-07,2.524360502657691e-07,2.5245943551837663e-07,2.5248281277663575e-07,2.525061820456686e-07,2.525295433333299e-07,2.5255289664462203e-07,2.5257624198195203e-07,2.525995793544283e-07,2.5262290876668436e-07,2.5264623022465777e-07,2.526695437339609e-07,2.52692849300196e-07,2.5271614692898524e-07,2.52739436626139e-07,2.52762718398508e-07,2.527859922494472e-07,2.528092581859132e-07,2.5283251620990545e-07,2.528557663340221e-07,2.528790085615589e-07,2.52902242895569e-07,2.529254693429166e-07,2.529486879093256e-07,2.5297189860067836e-07,2.5299510142244166e-07,2.5301829637985863e-07,2.530414834787792e-07,2.5306466272504156e-07,2.530878341239844e-07,2.531109976812238e-07,2.5313415340055767e-07,2.531573012910818e-07,2.531804413567956e-07,2.532035736042013e-07,2.5322669803636793e-07,2.53249814659696e-07,2.5327292348013264e-07,2.5329602450393876e-07,2.5331911773566915e-07,2.5334220318129397e-07,2.533652808457347e-07,2.533883507343731e-07,2.534114128558213e-07,2.5343446721112753e-07,2.5345751380748686e-07,2.5348055265070136e-07,2.53503583746029e-07,2.5352660709602156e-07,2.535496227115929e-07,2.5357263059288534e-07,2.53595630751011e-07,2.5361862318707977e-07,2.536416079076807e-07,2.5366458492027304e-07,2.536875542286933e-07,2.537105158381015e-07,2.5373346975424405e-07,2.5375641598198105e-07,2.53779354530142e-07,2.538022853997646e-07,2.538252085958554e-07,2.5384812412581773e-07,2.538710319928255e-07,2.538939322096102e-07,2.539168247723621e-07,2.5393970969016516e-07,2.5396258697081897e-07,2.539854566143998e-07,2.540083186295777e-07,2.5403117302097097e-07,2.540540197978758e-07,2.540768589588883e-07,2.540996905115567e-07,2.541225144621301e-07,2.5414533081599664e-07,2.5416813957692884e-07,2.541909407524608e-07,2.542137343481911e-07,2.54236520367025e-07,2.5425929881529144e-07,2.5428206969901813e-07,2.543048330224802e-07,2.543275887913167e-07,2.5435033701146364e-07,2.5437307768633435e-07,2.5439581082357505e-07,2.5441853642538927e-07,2.5444125449998856e-07,2.5446396505192545e-07,2.5448666808514204e-07,2.545093636058345e-07,2.545320516195686e-07,2.545547321309357e-07,2.5457740514549517e-07,2.546000706679318e-07,2.5462272870369997e-07,2.546453792586947e-07,2.5466802233684056e-07,2.54690657943791e-07,2.547132860849494e-07,2.5473590676737314e-07,2.547585199921897e-07,2.5478112576680714e-07,2.5480372409622055e-07,2.548263149874721e-07,2.5484889844384437e-07,2.548714744682672e-07,2.548940430679683e-07,2.549166042481839e-07,2.549391580140499e-07,2.54961704370587e-07,2.5498424332233083e-07,2.55006774875331e-07,2.5502929903519345e-07,2.5505181580594313e-07,2.550743251922628e-07,2.550968271985458e-07,2.5511932183315923e-07,2.5514180909935833e-07,2.55164289001566e-07,2.5518676154411957e-07,2.5520922673391134e-07,2.552316845761374e-07,2.552541350749057e-07,2.552765782362625e-07,2.5529901406402287e-07,2.553214425640388e-07,2.553438637399966e-07,2.553662775986948e-07,2.553886841418912e-07,2.5541108337727906e-07,2.554334753117097e-07,2.554558599477585e-07,2.554782372894669e-07,2.5550060734533815e-07,2.555229701163282e-07,2.555453256100004e-07,2.5556767383051335e-07,2.555900147831832e-07,2.5561234847236385e-07,2.5563467490277204e-07,2.5565699407866813e-07,2.5567930600799784e-07,2.5570161069395055e-07,2.557239081414852e-07,2.557461983553924e-07,2.557684813406303e-07,2.557907571024291e-07,2.558130256454338e-07,2.5583528697373705e-07,2.558575410941216e-07,2.558797880096791e-07,2.5590202772647454e-07,2.559242602497458e-07,2.5594648558336575e-07,2.559687037326155e-07,2.5599091470221544e-07,2.560131184971871e-07,2.5603531512367846e-07,2.560575045839802e-07,2.560796868840941e-07,2.56101862028975e-07,2.561240300241357e-07,2.5614619087308384e-07,2.5616834458089903e-07,2.561904911526142e-07,2.5621263059406354e-07,2.562347629093064e-07,2.5625688810371583e-07,2.562790061810003e-07,2.563011171465229e-07,2.563232210050892e-07,2.5634531776153804e-07,2.5636740742025225e-07,2.5638948998705584e-07,2.564115654654349e-07,2.564336338611262e-07,2.564556951782948e-07,2.5647774942197696e-07,2.5649979659698316e-07,2.565218367087475e-07,2.565438697609999e-07,2.565658957585009e-07,2.5658791470661987e-07,2.5660992661016703e-07,2.566319314728725e-07,2.5665392930043906e-07,2.566759200972337e-07,2.5669790386801573e-07,2.567198806171815e-07,2.567418503503744e-07,2.5676381307140895e-07,2.5678576878494163e-07,2.5680771749633787e-07,2.568296592099586e-07,2.5685159393053e-07,2.5687352166266364e-07,2.568954424114214e-07,2.5691735618078763e-07,2.569392629757779e-07,2.569611628010914e-07,2.5698305566135637e-07,2.5700494156119587e-07,2.570268205049595e-07,2.570486924976359e-07,2.5707055754387945e-07,2.5709241564861956e-07,2.571142668161793e-07,2.5713611105122507e-07,2.5715794835831286e-07,2.5717977874208193e-07,2.572016022071932e-07,2.572234187578208e-07,2.5724522839902516e-07,2.572670311356513e-07,2.572888269719935e-07,2.5731061591225885e-07,2.573323979618016e-07,2.573541731248193e-07,2.5737594140553813e-07,2.573977028092348e-07,2.574194573401342e-07,2.5744120500278175e-07,2.574629458014132e-07,2.574846797409235e-07,2.575064068261801e-07,2.575281270610282e-07,2.575498404509849e-07,2.575715469999782e-07,2.575932467123359e-07,2.57614939592787e-07,2.576366256458633e-07,2.576583048757601e-07,2.5767997728764554e-07,2.577016428859332e-07,2.5772330167465625e-07,2.5774495365854985e-07,2.577665988422849e-07,2.577882372302377e-07,2.5780986882624824e-07,2.5783149363582194e-07,2.578531116630765e-07,2.57874722912249e-07,2.578963273881653e-07,2.579179250948866e-07,2.5793951603705535e-07,2.579611002194146e-07,2.579826776460181e-07,2.5800424832134975e-07,2.5802581225015063e-07,2.5804736943668174e-07,2.5806891988532236e-07,2.580904636006338e-07,2.581120005866609e-07,2.5813353084811026e-07,2.581550543896218e-07,2.581765712151836e-07,2.581980813294043e-07,2.5821958473661846e-07,2.582410814407951e-07,2.582625714471121e-07,2.582840547598499e-07,2.583055313832486e-07,2.5832700132166736e-07,2.5834846457991525e-07,2.58369921161457e-07,2.5839137107120336e-07,2.584128143133102e-07,2.5843425089222303e-07,2.584556808128971e-07,2.5847710407854907e-07,2.5849852069408476e-07,2.585199306639211e-07,2.585413339922715e-07,2.5856273068357805e-07,2.585841207420699e-07,2.5860550417212404e-07,2.5862688097830796e-07,2.5864825116475994e-07,2.586696147357237e-07,2.5869097169517955e-07,2.587123220475306e-07,2.587336657981706e-07,2.587550029505247e-07,2.5877633350870615e-07,2.5879765747709495e-07,2.5881897485892155e-07,2.588402856601636e-07,2.5886158988668904e-07,2.58882887538458e-07,2.589041786222878e-07,2.5892546314189714e-07,2.5894674110187886e-07,2.5896801250643257e-07,2.5898927735915265e-07,2.5901053566489765e-07,2.5903178742896436e-07,2.590530326533545e-07,2.590742713434268e-07,2.5909550350358685e-07,2.591167291386964e-07,2.5913794825127423e-07,2.5915916084610685e-07,2.591803669278484e-07,2.5920156650016894e-07,2.592227595678431e-07,2.592439461352012e-07,2.5926512620571065e-07,2.592862997842424e-07,2.593074668743384e-07,2.5932862748095746e-07,2.5934978160767653e-07,2.593709292590321e-07,2.593920704390251e-07,2.5941320515205003e-07,2.5943433340229304e-07,2.594554551936037e-07,2.594765705298559e-07,2.5949767941740445e-07,2.5951878185662905e-07,2.595398778535748e-07,2.595609674125534e-07,2.595820505353801e-07,2.596031272303689e-07,2.5962419749956735e-07,2.596452613491672e-07,2.5966631877955034e-07,2.59687369796407e-07,2.597084144031409e-07,2.597294526046333e-07,2.597504844058468e-07,2.597715098096195e-07,2.597925288211352e-07,2.598135414438343e-07,2.5983454768190466e-07,2.5985554753936066e-07,2.5987654101998243e-07,2.598975281298181e-07,2.599185088699965e-07,2.599394832458666e-07,2.5996045126070917e-07,2.5998141292013545e-07,2.600023682274383e-07,2.6002331718670934e-07,2.600442598033589e-07,2.6006519607871405e-07,2.600861260180342e-07,2.601070496254502e-07,2.6012796690527204e-07,2.60148877860888e-07,2.601697824955969e-07,2.601906808158439e-07,2.602115728242223e-07,2.6023245852479003e-07,2.602533379215466e-07,2.602742110185731e-07,2.6029507782117134e-07,2.6031593833070456e-07,2.6033679255253354e-07,2.6035764049046193e-07,2.6037848214876133e-07,2.6039931753115047e-07,2.6042014664174387e-07,2.6044096948452385e-07,2.6046178606334495e-07,2.604825963820816e-07,2.605034004451831e-07,2.60524198256179e-07,2.6054498981927946e-07,2.605657751383072e-07,2.6058655421725683e-07,2.6060732705998205e-07,2.6062809367047395e-07,2.6064885405270193e-07,2.606696082116035e-07,2.606903561490101e-07,2.607110978698899e-07,2.607318333781336e-07,2.6075256267775074e-07,2.6077328577245787e-07,2.6079400266642907e-07,2.608147133634619e-07,2.6083541786742796e-07,2.608561161823311e-07,2.608768083119526e-07,2.6089749426022554e-07,2.609181740310465e-07,2.609388476283346e-07,2.609595150570078e-07,2.6098017631974303e-07,2.6100083141920737e-07,2.610214803602197e-07,2.610421231491524e-07,2.610627597863972e-07,2.6108339027731146e-07,2.611040146247524e-07,2.6112463283322437e-07,2.6114524490635515e-07,2.611658508497165e-07,2.611864506617474e-07,2.6120704435436573e-07,2.612276319249059e-07,2.6124821338232443e-07,2.6126878872777527e-07,2.612893579664164e-07,2.613099210986267e-07,2.613304781314029e-07,2.6135102906773973e-07,2.6137157391086356e-07,2.6139211266595083e-07,2.6141264533529367e-07,2.614331719228537e-07,2.614536924327551e-07,2.614742068687987e-07,2.614947152347268e-07,2.615152175344855e-07,2.615357137716859e-07,2.615562039483505e-07,2.6157668807172706e-07,2.615971661440617e-07,2.6161763816867305e-07,2.6163810415012935e-07,2.6165856409152737e-07,2.6167901799670667e-07,2.6169946586997524e-07,2.61719907714135e-07,2.61740343533403e-07,2.6176077333174366e-07,2.6178119711278885e-07,2.61801614880169e-07,2.6182202663729143e-07,2.61842432388163e-07,2.618628321365835e-07,2.618832258868269e-07,2.619036136414148e-07,2.6192399540498243e-07,2.6194437118085324e-07,2.619647409727936e-07,2.619851047841487e-07,2.620054626220823e-07,2.620258144841886e-07,2.620461603774215e-07,2.6206650030522575e-07,2.62086834271507e-07,2.621071622823084e-07,2.621274843356164e-07,2.621478004381149e-07,2.621681105943179e-07,2.6218841480667126e-07,2.622087130789661e-07,2.6222900541496544e-07,2.622492918191938e-07,2.622695722930926e-07,2.622898468416549e-07,2.6231011546989806e-07,2.623303781804806e-07,2.6235063497412065e-07,2.623708858612144e-07,2.6239113084192897e-07,2.6241136991820496e-07,2.624316030961826e-07,2.6245183037694225e-07,2.6247205176578795e-07,2.6249226726513463e-07,2.625124768812356e-07,2.625326806140347e-07,2.625528784683626e-07,2.625730704494196e-07,2.625932565574048e-07,2.6261343679941187e-07,2.6263361117681637e-07,2.626537796958806e-07,2.626739423587436e-07,2.6269409916894334e-07,2.62714250129946e-07,2.627343952452346e-07,2.6275453451850786e-07,2.6277466795266156e-07,2.627947955523924e-07,2.6281491731911977e-07,2.628350332598848e-07,2.628551433723141e-07,2.628752476689243e-07,2.628953461471286e-07,2.629154388123448e-07,2.6293552566703894e-07,2.629556067156183e-07,2.629756819617389e-07,2.629957514082101e-07,2.630158150587288e-07,2.6303587291677e-07,2.630559249871494e-07,2.6307597127126563e-07,2.63096011774001e-07,2.6311604649900637e-07,2.6313607544910647e-07,2.6315609862738334e-07,2.6317611603794845e-07,2.631961276840548e-07,2.632161335696628e-07,2.632361336976579e-07,2.632561280722609e-07,2.6327611669802207e-07,2.6329609957539416e-07,2.6331607670893207e-07,2.63336048102732e-07,2.6335601376061657e-07,2.63375973685819e-07,2.633959278814755e-07,2.6341587635111753e-07,2.6343581909859523e-07,2.634557561270795e-07,2.634756874399593e-07,2.6349561304077126e-07,2.635155329332591e-07,2.63535447120283e-07,2.6355535560698185e-07,2.6357525839379656e-07,2.635951554858926e-07,2.6361504688667653e-07,2.63634932599251e-07,2.6365481262751403e-07,2.6367468697454347e-07,2.636945556440629e-07,2.637144186392749e-07,2.6373427596316385e-07,2.6375412762000864e-07,2.637739736128788e-07,2.6379381394489693e-07,2.638136486197252e-07,2.638334776409441e-07,2.6385330101119e-07,2.6387311873750627e-07,2.6389293081564244e-07,2.6391273725553704e-07,2.639325380585809e-07,2.639523332277513e-07,2.63972122767241e-07,2.639919066800272e-07,2.6401168496937263e-07,2.640314576388912e-07,2.640512246917912e-07,2.6407098613147845e-07,2.640907419599856e-07,2.641104921843778e-07,2.6413023680436555e-07,2.6414997582703467e-07,2.641697092507777e-07,2.641894370803635e-07,2.6420915932099915e-07,2.6422887597726725e-07,2.642485870498545e-07,2.642682925412091e-07,2.6428799245613345e-07,2.643076867983941e-07,2.6432737557083577e-07,2.643470587768188e-07,2.643667364197725e-07,2.6438640850297583e-07,2.6440607502973353e-07,2.6442573600322797e-07,2.644453914269709e-07,2.644650413039795e-07,2.6448468563781353e-07,2.6450432443160377e-07,2.645239576898571e-07,2.6454358541478096e-07,2.6456320760889463e-07,2.6458282427586024e-07,2.646024354193113e-07,2.646220410425237e-07,2.646416411498518e-07,2.6466123574242324e-07,2.646808248245983e-07,2.6470040839967105e-07,2.6471998647085466e-07,2.6473955904146085e-07,2.6475912611472336e-07,2.6477868769388004e-07,2.6479824378221075e-07,2.648177943834718e-07,2.648373394998952e-07,2.648568791355352e-07,2.648764132934755e-07,2.648959419766449e-07,2.649154651877132e-07,2.649349829313214e-07,2.6495449520978105e-07,2.649740020268004e-07,2.6499350338524826e-07,2.650129992888023e-07,2.6503248974025763e-07,2.650519747426951e-07,2.6507145429980224e-07,2.650909284143514e-07,2.6511039708996356e-07,2.651298603295142e-07,2.6514931813642856e-07,2.651687705137666e-07,2.651882174646351e-07,2.652076589925225e-07,2.6522709510040554e-07,2.6524652579141223e-07,2.652659510689223e-07,2.652853709361152e-07,2.653047853960137e-07,2.6532419445194223e-07,2.65343598107032e-07,2.653629963643208e-07,2.653823892271661e-07,2.654017766987342e-07,2.6542115878200244e-07,2.654405354802669e-07,2.654599067966468e-07,2.6547927273423434e-07,2.654986332963307e-07,2.6551798848594155e-07,2.6553733830643393e-07,2.6555668276077893e-07,2.655760218519378e-07,2.6559535558338863e-07,2.6561468395799797e-07,2.6563400698028955e-07,2.656533246507704e-07,2.656726369742367e-07,2.656919439548665e-07,2.65711245593423e-07,2.657305418935576e-07,2.657498328587665e-07,2.657691184933142e-07,2.6578839879763384e-07,2.658076737774078e-07,2.658269434344541e-07,2.658462077685658e-07,2.658654667891391e-07,2.6588472049755877e-07,2.659039688952866e-07,2.6592321198677664e-07,2.65942449774269e-07,2.6596168226032906e-07,2.659809094489331e-07,2.660001313431523e-07,2.66019347946213e-07,2.660385592605658e-07,2.660577652898659e-07,2.660769660366196e-07,2.6609616150490615e-07,2.661153516965613e-07,2.661345366158769e-07,2.6615371626445196e-07,2.6617289064568444e-07,2.661920597636975e-07,2.662112236208494e-07,2.6623038222119993e-07,2.662495355659934e-07,2.662686836588328e-07,2.662878265029795e-07,2.6630696410129953e-07,2.663260964570147e-07,2.6634522357335134e-07,2.663643454529769e-07,2.6638346209908797e-07,2.6640257351470065e-07,2.664216797031162e-07,2.6644078066765484e-07,2.6645987641041477e-07,2.664789669344072e-07,2.664980522430586e-07,2.665171323395616e-07,2.665362072270024e-07,2.6655527690771904e-07,2.6657434138493e-07,2.665934006613057e-07,2.666124547405266e-07,2.666315036253941e-07,2.6665054731885824e-07,2.6666958582436557e-07,2.666886191439825e-07,2.6670764728090786e-07,2.66726670238582e-07,2.667456880197333e-07,2.6676470062736373e-07,2.6678370806450454e-07,2.6680271033405705e-07,2.668217074388053e-07,2.668406993821027e-07,2.6685968616672194e-07,2.66878667795688e-07,2.6689764427160865e-07,2.669166155981105e-07,2.66935581777738e-07,2.6695454281325884e-07,2.6697349870798587e-07,2.6699244946494176e-07,2.670113950863886e-07,2.670303355757797e-07,2.6704927093668863e-07,2.670682011711048e-07,2.670871262812229e-07,2.671060462718918e-07,2.6712496114418636e-07,2.671438709023135e-07,2.6716277554900554e-07,2.671816750869217e-07,2.672005695184487e-07,2.6721945884737046e-07,2.6723834307627714e-07,2.6725722220843735e-07,2.6727609624630407e-07,2.672949651931835e-07,2.673138290514579e-07,2.673326878246391e-07,2.6735154151494754e-07,2.673703901254349e-07,2.6738923365917627e-07,2.6740807211900085e-07,2.6742690550702985e-07,2.6744573382824624e-07,2.674645570859658e-07,2.674833752790826e-07,2.675021884128807e-07,2.675209964903636e-07,2.675397995130677e-07,2.675585974857458e-07,2.67577390410504e-07,2.6759617829011084e-07,2.676149611274835e-07,2.6763373892545065e-07,2.6765251168687055e-07,2.676712794133649e-07,2.676900421102604e-07,2.6770879977916866e-07,2.6772755242293376e-07,2.6774630004439974e-07,2.677650426464129e-07,2.6778378023180346e-07,2.6780251280342135e-07,2.6782124036409534e-07,2.6783996291670455e-07,2.678586804640001e-07,2.67877393008844e-07,2.678961005539877e-07,2.6791480310229276e-07,2.6793350065672855e-07,2.6795219322000286e-07,2.6797088079484883e-07,2.679895633858204e-07,2.680082409956426e-07,2.680269136225202e-07,2.6804558127212615e-07,2.680642439464653e-07,2.680829016500769e-07,2.6810155438569656e-07,2.681202021545752e-07,2.6813884496099356e-07,2.6815748280674516e-07,2.6817611569499064e-07,2.6819474362779644e-07,2.6821336660933186e-07,2.682319846416811e-07,2.682505977276602e-07,2.6826920587013205e-07,2.682878090716596e-07,2.683064073352269e-07,2.6832500066335506e-07,2.683435890590057e-07,2.683621725248462e-07,2.683807510650447e-07,2.6839932467969124e-07,2.6841789337290323e-07,2.6843645714734196e-07,2.6845501600573805e-07,2.6847356995106527e-07,2.6849211898563623e-07,2.685106631144778e-07,2.685292023364809e-07,2.6854773665638753e-07,2.685662660763278e-07,2.685847905999149e-07,2.6860331022980284e-07,2.686218249682826e-07,2.6864033481809057e-07,2.68658839781968e-07,2.686773398628695e-07,2.686958350633422e-07,2.6871432538658313e-07,2.687328108345102e-07,2.6875129141016527e-07,2.687697671163025e-07,2.6878823795571773e-07,2.688067039309476e-07,2.688251650449125e-07,2.6884362130011227e-07,2.688620726994477e-07,2.6888051924588126e-07,2.688989609414792e-07,2.689173977890465e-07,2.6893582979145825e-07,2.6895425695147853e-07,2.689726792716881e-07,2.6899109675513213e-07,2.690095094037916e-07,2.690279172208054e-07,2.690463202087365e-07,2.6906471837033214e-07,2.69083111708209e-07,2.691015002249979e-07,2.691198839235492e-07,2.6913826280635237e-07,2.6915663687624736e-07,2.691750061357e-07,2.691933705875782e-07,2.692117302343407e-07,2.6923008507874365e-07,2.692484351234669e-07,2.6926678037157297e-07,2.692851208248539e-07,2.6930345648641947e-07,2.6932178735884387e-07,2.6934011344481526e-07,2.693584347469816e-07,2.6937675126799473e-07,2.693950630104708e-07,2.6941336997706094e-07,2.694316721704296e-07,2.69449969593126e-07,2.6946826224784664e-07,2.69486550137193e-07,2.6950483326388087e-07,2.695231116302652e-07,2.695413852392607e-07,2.6955965409338353e-07,2.695779181952429e-07,2.695961775474818e-07,2.696144321526644e-07,2.6963268201350806e-07,2.6965092713278264e-07,2.6966916751257304e-07,2.696874031557604e-07,2.69705634064908e-07,2.6972386024265115e-07,2.6974208169163455e-07,2.69760298414363e-07,2.697785104139259e-07,2.6979671769201427e-07,2.6981492025174175e-07,2.698331180955542e-07,2.6985131122609913e-07,2.6986949964654586e-07,2.698876833583208e-07,2.6990586236462395e-07,2.6992403666838173e-07,2.699422062711367e-07,2.6996037117626527e-07,2.6997853138615925e-07,2.699966869032916e-07,2.700148377304373e-07,2.700329838700485e-07,2.7005112532468506e-07,2.7006926209693716e-07,2.700873941893157e-07,2.701055216043836e-07,2.7012364434469743e-07,2.701417624128206e-07,2.7015987581129425e-07,2.7017798454267013e-07,2.701960886094987e-07,2.702141880148826e-07,2.7023228276023544e-07,2.702503728486584e-07,2.702684582826447e-07,2.7028653906479554e-07,2.7030461519762427e-07,2.703226866836021e-07,2.703407535253668e-07,2.7035881572531403e-07,2.7037687328591973e-07,2.703949262099494e-07,2.704129744997641e-07,2.7043101815780267e-07,2.704490571868003e-07,2.704670915891572e-07,2.7048512136802927e-07,2.705031465246312e-07,2.7052116706213925e-07,2.7053918298302343e-07,2.705571942897984e-07,2.7057520098495726e-07,2.705932030697404e-07,2.7061120054920226e-07,2.706291934245586e-07,2.7064718169867623e-07,2.706651653732863e-07,2.706831444512454e-07,2.707011189350427e-07,2.707190888271669e-07,2.707370541300956e-07,2.707550148471049e-07,2.7077297097905633e-07,2.707909225292953e-07,2.7080886950025867e-07,2.708268118944461e-07,2.70844749714266e-07,2.7086268296158083e-07,2.7088061164004064e-07,2.708985357517873e-07,2.709164552989369e-07,2.709343702840965e-07,2.709522807095503e-07,2.709701865783286e-07,2.709880878921821e-07,2.7100598465412673e-07,2.7102387686630393e-07,2.7104176453086966e-07,2.710596476499303e-07,2.710775262272542e-07,2.7109540026453054e-07,2.7111326976435157e-07,2.7113113472857984e-07,2.7114899516069596e-07,2.711668510626252e-07,2.71184702436814e-07,2.7120254928581706e-07,2.712203916116948e-07,2.712382294169411e-07,2.7125606270582373e-07,2.7127389147753997e-07,2.712917157386335e-07,2.713095354862935e-07,2.7132735072558764e-07,2.7134516145888484e-07,2.713629676883396e-07,2.7138076941661344e-07,2.7139856664657206e-07,2.714163593800732e-07,2.7143414761968226e-07,2.7145193136681035e-07,2.7146971062561614e-07,2.714874853979112e-07,2.715052556857267e-07,2.7152302149178144e-07,2.7154078281825494e-07,2.715585396675544e-07,2.7157629204204867e-07,2.7159403994417264e-07,2.716117833741801e-07,2.716295223387805e-07,2.716472568381377e-07,2.716649868743415e-07,2.716827124500814e-07,2.7170043356829083e-07,2.717181502305467e-07,2.7173586243956065e-07,2.717535701972669e-07,2.717712735063466e-07,2.717889723695058e-07,2.7180666678869607e-07,2.7182435676637136e-07,2.718420423020237e-07,2.7185972340415447e-07,2.7187740007128e-07,2.7189507230663864e-07,2.719127401137943e-07,2.719304034911299e-07,2.719480624444844e-07,2.719657169751406e-07,2.719833670858794e-07,2.720010127782781e-07,2.720186540550602e-07,2.720362909185685e-07,2.7205392337288253e-07,2.7207155141669197e-07,2.720891750549625e-07,2.7210679428858723e-07,2.7212440912077e-07,2.721420195534453e-07,2.721596255891852e-07,2.7217722723027585e-07,2.721948244790637e-07,2.722124173392139e-07,2.7223000581167347e-07,2.722475898974814e-07,2.7226516960211045e-07,2.722827449268265e-07,2.723003158705969e-07,2.723178824381179e-07,2.723354446314794e-07,2.7235300245371157e-07,2.7237055590667354e-07,2.7238810499276594e-07,2.724056497143787e-07,2.7242319007370937e-07,2.7244072607298434e-07,2.724582577169695e-07,2.7247578500319895e-07,2.7249330793648937e-07,2.725108265197659e-07,2.7252834075510407e-07,2.725458506426787e-07,2.725633561880813e-07,2.7258085739001813e-07,2.725983542540835e-07,2.7261584677953e-07,2.7263333497034956e-07,2.726508188299656e-07,2.726682983578381e-07,2.726857735577047e-07,2.7270324443180725e-07,2.7272071098263694e-07,2.72738173212878e-07,2.7275563112337786e-07,2.72773084717228e-07,2.727905339967724e-07,2.7280797896433197e-07,2.728254196233e-07,2.728428559731334e-07,2.7286028801748944e-07,2.728777157589413e-07,2.7289513919958506e-07,2.729125583414164e-07,2.729299731883256e-07,2.7294738373961996e-07,2.7296478999901944e-07,2.729821919687846e-07,2.72999589651159e-07,2.730169830485188e-07,2.7303437216282883e-07,2.730517569963371e-07,2.73069137551258e-07,2.730865138301009e-07,2.731038858367598e-07,2.7312125356997434e-07,2.7313861703359627e-07,2.7315597623220144e-07,2.7317333116587183e-07,2.731906818343425e-07,2.7320802824344467e-07,2.732253703907109e-07,2.732427082838477e-07,2.732600419231867e-07,2.7327737131306567e-07,2.732946964529468e-07,2.7331201734318097e-07,2.733293339880986e-07,2.7334664639151997e-07,2.7336395455271754e-07,2.733812584753129e-07,2.7339855816417696e-07,2.734158536162276e-07,2.734331448364308e-07,2.7345043182679344e-07,2.7346771459042727e-07,2.734849931279138e-07,2.735022674422681e-07,2.73519537535869e-07,2.735368034103038e-07,2.7355406506817497e-07,2.7357132251162723e-07,2.735885757425166e-07,2.7360582476337353e-07,2.736230695763105e-07,2.736403101842628e-07,2.736575465878548e-07,2.736747787900574e-07,2.736920067930101e-07,2.7370923059918226e-07,2.7372645021277477e-07,2.7374366563178686e-07,2.737608768595887e-07,2.737780838989732e-07,2.7379528675232474e-07,2.738124854217605e-07,2.7382967990885805e-07,2.7384687021627335e-07,2.738640563458669e-07,2.7388123830024756e-07,2.73898416081418e-07,2.739155896912847e-07,2.7393275913233865e-07,2.7394992440525283e-07,2.7396708551452685e-07,2.739842424610507e-07,2.740013952475208e-07,2.7401854387540074e-07,2.7403568834739665e-07,2.7405282866516935e-07,2.740699648308082e-07,2.7408709684677936e-07,2.741042247151119e-07,2.741213484381099e-07,2.74138468017939e-07,2.7415558345618694e-07,2.741726947584421e-07,2.7418980192072906e-07,2.742069049483271e-07,2.7422400384285537e-07,2.7424109860679986e-07,2.742581892424125e-07,2.742752757513837e-07,2.742923581363357e-07,2.7430943639880253e-07,2.743265105422146e-07,2.7434358056695517e-07,2.7436064647574785e-07,2.74377708270662e-07,2.743947659532975e-07,2.744118195270141e-07,2.744288689942336e-07,2.744459143555333e-07,2.744629556133037e-07,2.7447999276992153e-07,2.744970258274649e-07,2.7451405478876886e-07,2.745310796533275e-07,2.7454810042611747e-07,2.745651171059622e-07,2.7458212969888605e-07,2.745991382056765e-07,2.7461614262632654e-07,2.746331429660426e-07,2.7465013922553254e-07,2.7466713140718396e-07,2.746841195127138e-07,2.7470110354411853e-07,2.747180835030451e-07,2.747350593926777e-07,2.747520312140231e-07,2.7476899896932506e-07,2.7478596266109477e-07,2.7480292228946844e-07,2.748198778597801e-07,2.748368293723842e-07,2.748537768297095e-07,2.748707202340007e-07,2.748876595867407e-07,2.74904594890282e-07,2.749215261464145e-07,2.7493845335819393e-07,2.7495537652619416e-07,2.7497229565294847e-07,2.749892107416174e-07,2.7500612179249523e-07,2.750230288080123e-07,2.7503993179061655e-07,2.7505683074268433e-07,2.750737256661238e-07,2.750906165622789e-07,2.7510750343315155e-07,2.7512438628264835e-07,2.751412651101596e-07,2.751581399189143e-07,2.751750107110332e-07,2.751918774904583e-07,2.7520874025545537e-07,2.7522559900956034e-07,2.7524245375570106e-07,2.7525930449541936e-07,2.752761512306022e-07,2.752929939634699e-07,2.7530983269586755e-07,2.753266674295328e-07,2.7534349816684867e-07,2.7536032490991726e-07,2.753771476607392e-07,2.753939664209097e-07,2.754107811926813e-07,2.7542759197816595e-07,2.754443987798525e-07,2.754612015986449e-07,2.754780004369848e-07,2.7549479529679867e-07,2.7551158618041563e-07,2.7552837308992124e-07,2.7554515602644543e-07,2.755619349928503e-07,2.755787099916023e-07,2.7559548102305637e-07,2.756122480906033e-07,2.756290111957998e-07,2.7564577034054935e-07,2.756625255264749e-07,2.7567927675600243e-07,2.7569602402972926e-07,2.7571276735256566e-07,2.757295067252641e-07,2.757462421497145e-07,2.7576297362642964e-07,2.757797011596266e-07,2.7579642474929415e-07,2.75813144398354e-07,2.7582986010761095e-07,2.7584657188126094e-07,2.758632797205694e-07,2.7587998362870057e-07,2.7589668360406786e-07,2.7591337965077183e-07,2.7593007176996047e-07,2.759467599644481e-07,2.759634442366262e-07,2.759801245873808e-07,2.759968010207406e-07,2.760134735353941e-07,2.7603014213491774e-07,2.760468068216526e-07,2.760634675968488e-07,2.760801244627245e-07,2.7609677742191304e-07,2.761134264748265e-07,2.761300716244485e-07,2.761467128724466e-07,2.761633502212662e-07,2.761799836720748e-07,2.761966132276093e-07,2.762132388898175e-07,2.7622986065948577e-07,2.7624647853774833e-07,2.762630925296391e-07,2.762797026354447e-07,2.7629630885718936e-07,2.7631291119671736e-07,2.7632950965604995e-07,2.763461042371298e-07,2.7636269494182393e-07,2.7637928177351523e-07,2.763958647312674e-07,2.764124438192945e-07,2.7642901903760433e-07,2.7644559038895844e-07,2.7646215787560783e-07,2.7647872149954887e-07,2.7649528126207157e-07,2.7651183716557856e-07,2.765283892133941e-07,2.765449374043654e-07,2.765614817421612e-07,2.7657802222953193e-07,2.7659455886732784e-07,2.7661109165634526e-07,2.766276205993559e-07,2.7664414569833634e-07,2.766606669555166e-07,2.766771843724633e-07,2.7669369795120327e-07,2.767102076950955e-07,2.7672671360334925e-07,2.767432156804888e-07,2.7675971392532147e-07,2.767762083428136e-07,2.767926989320238e-07,2.7680918569637915e-07,2.768256686375086e-07,2.7684214775770865e-07,2.7685862305829253e-07,2.7687509454154873e-07,2.768915622106974e-07,2.7690802606455656e-07,2.769244861067077e-07,2.7694094233885857e-07,2.7695739476292595e-07,2.7697384338221275e-07,2.7699028819568397e-07,2.770067292069256e-07,2.7702316641569023e-07,2.7703959982868936e-07,2.7705602944208213e-07,2.770724552620219e-07,2.7708887728869075e-07,2.7710529552426263e-07,2.7712170997036046e-07,2.7713812062889074e-07,2.7715452750171225e-07,2.7717093059228575e-07,2.771873299007009e-07,2.772037254256771e-07,2.77220117174201e-07,2.7723650514629375e-07,2.772528893437474e-07,2.772692697672651e-07,2.7728564642107284e-07,2.773020193058194e-07,2.773183884233444e-07,2.7733475377551827e-07,2.773511153641368e-07,2.773674731910401e-07,2.773838272580794e-07,2.7740017756709686e-07,2.774165241185934e-07,2.774328669170661e-07,2.774492059630342e-07,2.7746554125972654e-07,2.7748187280612494e-07,2.77498200605367e-07,2.775145246580136e-07,2.775308449688523e-07,2.775471615379846e-07,2.7756347436738414e-07,2.775797834603114e-07,2.7759608881882145e-07,2.776123904384772e-07,2.7762868832707477e-07,2.7764498248492574e-07,2.7766127291405276e-07,2.776775596161429e-07,2.776938425930231e-07,2.777101218452123e-07,2.777263973770872e-07,2.7774266918836524e-07,2.777589372824719e-07,2.7777520165976243e-07,2.7779146232331233e-07,2.7780771927431105e-07,2.778239725145251e-07,2.7784022204580835e-07,2.7785646786810196e-07,2.7787270998686233e-07,2.7788894840198697e-07,2.7790518311532415e-07,2.7792141412803706e-07,2.7793764144318165e-07,2.779538650619276e-07,2.779700849907758e-07,2.779863012220684e-07,2.7800251376232535e-07,2.780187226133195e-07,2.780349277768334e-07,2.7805112925394243e-07,2.780673270472386e-07,2.7808352115899886e-07,2.7809971159042807e-07,2.7811589834328096e-07,2.7813208141865646e-07,2.781482608199891e-07,2.7816443654778044e-07,2.781806086040487e-07,2.781967769906038e-07,2.7821294170923766e-07,2.7822910276092786e-07,2.782452601482656e-07,2.782614138724963e-07,2.782775639373364e-07,2.7829371034279344e-07,2.783098530898871e-07,2.7832599218241474e-07,2.783421276211556e-07,2.783582594077957e-07,2.78374387544096e-07,2.783905120318483e-07,2.7840663287281073e-07,2.784227500687326e-07,2.784388636213574e-07,2.7845497353242977e-07,2.7847107980367855e-07,2.78487182436928e-07,2.785032814341551e-07,2.7851937679653686e-07,2.785354685260996e-07,2.785515566246121e-07,2.7856764109738714e-07,2.7858372193896016e-07,2.7859979915469075e-07,2.7861587274917544e-07,2.7863194271837076e-07,2.7864800906699517e-07,2.7866407179642276e-07,2.7868013090892723e-07,2.7869618640601403e-07,2.7871223828933995e-07,2.787282865607084e-07,2.787443312218668e-07,2.787603722744936e-07,2.7877640972020523e-07,2.787924435609408e-07,2.7880847380335036e-07,2.788245004388007e-07,2.7884052347426727e-07,2.788565429118641e-07,2.788725587565409e-07,2.788885710029587e-07,2.7890457965634283e-07,2.7892058471832657e-07,2.7893658619062464e-07,2.7895258407758954e-07,2.7896857837570643e-07,2.7898456908944496e-07,2.7900055622052927e-07,2.790165397704455e-07,2.790325197410372e-07,2.7904849613389907e-07,2.7906446895115576e-07,2.7908043819645953e-07,2.790964038666271e-07,2.7911236596589096e-07,2.791283244961256e-07,2.791442794587294e-07,2.791602308555699e-07,2.791761786883879e-07,2.7919212295879335e-07,2.792080636677581e-07,2.7922400081837606e-07,2.7923993441183973e-07,2.792558644496226e-07,2.792717909334403e-07,2.792877138650425e-07,2.793036332462419e-07,2.793195490777992e-07,2.793354613628952e-07,2.7935137010238624e-07,2.7936727529914393e-07,2.793831769526749e-07,2.793990750657327e-07,2.794149696426786e-07,2.794308606796649e-07,2.794467481813365e-07,2.7946263214918575e-07,2.794785125849969e-07,2.7949438949065724e-07,2.795102628687106e-07,2.795261327182195e-07,2.795419990423159e-07,2.795578618427074e-07,2.7957372112080263e-07,2.7958957687840236e-07,2.796054291173552e-07,2.796212778394776e-07,2.796371230457669e-07,2.7965296473824083e-07,2.7966880291890386e-07,2.7968463758894636e-07,2.797004687495865e-07,2.7971629640344203e-07,2.797321205519538e-07,2.7974794119653964e-07,2.797637583390451e-07,2.7977957198089196e-07,2.797953821238966e-07,2.7981118876950925e-07,2.798269919196447e-07,2.7984279157568675e-07,2.798585877392592e-07,2.798743804122233e-07,2.7989016959660467e-07,2.7990595529294435e-07,2.7992173750388887e-07,2.799375162304589e-07,2.7995329147457053e-07,2.799690632377634e-07,2.7998483152176933e-07,2.8000059632805174e-07,2.8001635765898645e-07,2.8003211551503007e-07,2.8004786989861235e-07,2.8006362081092513e-07,2.800793682537393e-07,2.800951122285083e-07,2.8011085273673905e-07,2.801265897810062e-07,2.8014232336209295e-07,2.801580534818859e-07,2.801737801408587e-07,2.801895033429139e-07,2.802052230884331e-07,2.802209393796897e-07,2.802366522170931e-07,2.8025236160277106e-07,2.802680675386019e-07,2.802837700260551e-07,2.802994690658769e-07,2.803151646611859e-07,2.803308568121405e-07,2.803465455220473e-07,2.8036223079163683e-07,2.8037791262236526e-07,2.8039359101614343e-07,2.8040926597502136e-07,2.804249374966769e-07,2.804406055866308e-07,2.804562702475771e-07,2.8047193147937384e-07,2.8048758928342033e-07,2.8050324366135593e-07,2.8051889461566165e-07,2.805345421456579e-07,2.8055018625569526e-07,2.805658269462001e-07,2.805814642186834e-07,2.805970980743634e-07,2.806127285156157e-07,2.806283555458429e-07,2.8064397916229653e-07,2.806595993700398e-07,2.8067521616782757e-07,2.8069082955871235e-07,2.8070643954421923e-07,2.807220461260775e-07,2.8073764930585423e-07,2.8075324908505286e-07,2.807688454653631e-07,2.8078443844676034e-07,2.8080002803354353e-07,2.808156142260606e-07,2.8083119702436163e-07,2.808467764325327e-07,2.808623524501139e-07,2.80877925081438e-07,2.8089349432587554e-07,2.8090906018466575e-07,2.8092462266144606e-07,2.8094018175651265e-07,2.8095573747316916e-07,2.809712898096524e-07,2.8098683876782975e-07,2.8100238435168263e-07,2.810179265616859e-07,2.8103346539850184e-07,2.810490008656572e-07,2.8106453296300444e-07,2.810800616915611e-07,2.810955870551994e-07,2.8111110905515795e-07,2.81126627691229e-07,2.811421429656689e-07,2.8115765488037134e-07,2.8117316343680013e-07,2.8118866863649743e-07,2.8120417048075736e-07,2.812196689713027e-07,2.812351641091747e-07,2.812506558987851e-07,2.812661443368447e-07,2.8128162942798867e-07,2.8129711117346124e-07,2.8131258957289247e-07,2.813280646305621e-07,2.813435363499204e-07,2.81359004726638e-07,2.81374469763926e-07,2.813899314654425e-07,2.814053898314077e-07,2.8142084486255285e-07,2.8143629656270026e-07,2.8145174493236124e-07,2.814671899727155e-07,2.814826316873693e-07,2.814980700738764e-07,2.815135051360507e-07,2.815289368748444e-07,2.815443652909121e-07,2.815597903916737e-07,2.8157521217077027e-07,2.8159063063288314e-07,2.816060457795905e-07,2.816214576120915e-07,2.8163686613255297e-07,2.8165227134212435e-07,2.816676732450906e-07,2.816830718378779e-07,2.816984671238189e-07,2.81713859103403e-07,2.8172924778099237e-07,2.817446331564652e-07,2.81760015232166e-07,2.817753940079771e-07,2.817907694876031e-07,2.818061416716716e-07,2.8182151056101193e-07,2.818368761578197e-07,2.8185223846221753e-07,2.8186759747703544e-07,2.818829532046104e-07,2.81898305645353e-07,2.81913654800845e-07,2.819290006719787e-07,2.8194434326140985e-07,2.8195968257154615e-07,2.81975018600937e-07,2.8199035135156394e-07,2.820056808253126e-07,2.8202100702577805e-07,2.8203632995217745e-07,2.820516496088106e-07,2.8206696599363374e-07,2.8208227910953026e-07,2.8209758895828247e-07,2.821128955411505e-07,2.8212819885961904e-07,2.821434989168202e-07,2.821587957092324e-07,2.8217408924136135e-07,2.8218937951549037e-07,2.822046665340823e-07,2.822199502971984e-07,2.822352308065382e-07,2.822505080619772e-07,2.822657820674872e-07,2.822810528212124e-07,2.822963203275384e-07,2.8231158458897083e-07,2.823268456048353e-07,2.823421033771836e-07,2.823573579070377e-07,2.823726091956244e-07,2.8238785724542365e-07,2.8240310205735627e-07,2.8241834363283624e-07,2.8243358197354885e-07,2.824488170806215e-07,2.8246404895647275e-07,2.8247927759921683e-07,2.8249450301462674e-07,2.8250972520241585e-07,2.8252494416401e-07,2.825401598995654e-07,2.8255537241319464e-07,2.82570581705007e-07,2.825857877769849e-07,2.8260099062954516e-07,2.826161902661146e-07,2.8263138668425617e-07,2.826465798886126e-07,2.826617698812136e-07,2.826769566610461e-07,2.826921402306746e-07,2.827073205915459e-07,2.827224977451041e-07,2.8273767169281183e-07,2.8275284243659874e-07,2.827680099768779e-07,2.827831743174449e-07,2.827983354567368e-07,2.828134933966923e-07,2.828286481391059e-07,2.8284379968731316e-07,2.828589480398837e-07,2.828740932007399e-07,2.8288923516858205e-07,2.829043739467112e-07,2.82919509536265e-07,2.829346419395133e-07,2.829497711560837e-07,2.8296489718965514e-07,2.8298002003899457e-07,2.829951397081372e-07,2.830102561959232e-07,2.830253695060728e-07,2.830404796395628e-07,2.830555865958225e-07,2.8307069037770556e-07,2.830857909866717e-07,2.8310088842412785e-07,2.8311598269239315e-07,2.8313107379107837e-07,2.831461617225231e-07,2.831612464881538e-07,2.8317632809063464e-07,2.831914065288178e-07,2.8320648180534225e-07,2.832215539225871e-07,2.83236622880234e-07,2.832516886807438e-07,2.83266751324095e-07,2.832818108127463e-07,2.832968671495656e-07,2.8331192033431945e-07,2.8332697036898423e-07,2.833420172566753e-07,2.833570609957952e-07,2.83372101587924e-07,2.833871390353495e-07,2.8340217333948086e-07,2.8341720450170296e-07,2.8343223252367917e-07,2.8344725740631595e-07,2.8346227915145826e-07,2.834772977600709e-07,2.834923132337929e-07,2.8350732557612207e-07,2.835223347842086e-07,2.835373408615627e-07,2.8355234380948334e-07,2.8356734362963113e-07,2.835823403230398e-07,2.8359733389161715e-07,2.83612324336254e-07,2.836273116584832e-07,2.8364229585991296e-07,2.8365727694148507e-07,2.836722549048163e-07,2.836872297511318e-07,2.83702201482171e-07,2.8371717009932796e-07,2.8373213560478796e-07,2.8374709799779395e-07,2.837620572808537e-07,2.837770134553868e-07,2.8379196652272485e-07,2.838069164850011e-07,2.8382186334195153e-07,2.838368070968334e-07,2.8385174774906033e-07,2.8386668530122186e-07,2.838816197535417e-07,2.838965511089463e-07,2.8391147936815035e-07,2.8392640453249717e-07,2.839413266033883e-07,2.8395624558182184e-07,2.83971161468284e-07,2.839860742669208e-07,2.8400098397769463e-07,2.8401589060183135e-07,2.8403079414061473e-07,2.840456945954324e-07,2.8406059196782555e-07,2.8407548626002416e-07,2.840903774713297e-07,2.8410526560526767e-07,2.841201506616974e-07,2.841350326416932e-07,2.8414991154728097e-07,2.84164787379811e-07,2.841796601401668e-07,2.8419452983039486e-07,2.842093964517864e-07,2.8422426000552327e-07,2.842391204930665e-07,2.8425397791556257e-07,2.842688322738091e-07,2.8428368357031175e-07,2.8429853180600155e-07,2.843133769820895e-07,2.843282191000811e-07,2.8434305816113996e-07,2.8435789416695493e-07,2.843727271182925e-07,2.843875570168298e-07,2.844023838638114e-07,2.844172076607713e-07,2.844320284088981e-07,2.844468461094637e-07,2.844616607648481e-07,2.8447647237441946e-07,2.844912809405285e-07,2.845060864644825e-07,2.845208889476198e-07,2.8453568839122954e-07,2.845504847967122e-07,2.845652781654762e-07,2.8458006849865106e-07,2.8459485579675955e-07,2.8460964006274134e-07,2.8462442129734606e-07,2.8463919950160274e-07,2.8465397467728634e-07,2.8466874682562046e-07,2.846835159467437e-07,2.846982820436292e-07,2.847130451168797e-07,2.847278051670701e-07,2.8474256219739136e-07,2.8475731620801935e-07,2.847720672006892e-07,2.8478681517605165e-07,2.848015601357267e-07,2.8481630208083274e-07,2.8483104101301287e-07,2.8484577693317375e-07,2.848605098434857e-07,2.8487523974406983e-07,2.84889966637224e-07,2.849046905242037e-07,2.84919411405301e-07,2.849341292832899e-07,2.849488441580262e-07,2.849635560306754e-07,2.8497826490490605e-07,2.849929707803657e-07,2.850076736586266e-07,2.850223735410741e-07,2.8503707042867827e-07,2.850517643227899e-07,2.850664552253083e-07,2.8508114313658917e-07,2.850958280582491e-07,2.851105099908383e-07,2.8512518893722033e-07,2.8513986489806584e-07,2.8515453787467526e-07,2.85169207867339e-07,2.8518387487997267e-07,2.8519853891163147e-07,2.8521319996366013e-07,2.852278580371974e-07,2.852425131350487e-07,2.8525716525718603e-07,2.85271814405987e-07,2.852864605818913e-07,2.8530110378660966e-07,2.8531574402093e-07,2.853303812865221e-07,2.8534501558405835e-07,2.8535964691612404e-07,2.853742752828967e-07,2.853889006858889e-07,2.854035231263234e-07,2.854181426056077e-07,2.854327591251551e-07,2.85447372685929e-07,2.8546198328885174e-07,2.8547659093658265e-07,2.854911956290665e-07,2.855057973680671e-07,2.8552039615450997e-07,2.8553499199057003e-07,2.8554958487695077e-07,2.8556417481514605e-07,2.8557876180614794e-07,2.85593345851317e-07,2.856079269519765e-07,2.856225051093781e-07,2.8563708032455757e-07,2.856516525990264e-07,2.8566622193376705e-07,2.8568078833064365e-07,2.8569535179188834e-07,2.8570991231606953e-07,2.857244699053421e-07,2.857390245613737e-07,2.8575357628591695e-07,2.8576812507982796e-07,2.8578267094448065e-07,2.857972138799496e-07,2.8581175389116564e-07,2.858262909741147e-07,2.858408251336085e-07,2.858553563701479e-07,2.858698846846207e-07,2.858844100785345e-07,2.858989325531922e-07,2.8591345211089204e-07,2.85927968750665e-07,2.859424824747773e-07,2.8595699328385313e-07,2.8597150118015915e-07,2.859860061648693e-07,2.86000508239813e-07,2.8601500740430376e-07,2.860295036614902e-07,2.8604399701045184e-07,2.8605848745456015e-07,2.860729749959514e-07,2.860874596322886e-07,2.8610194136712743e-07,2.8611642020139003e-07,2.8613089613589236e-07,2.861453691728564e-07,2.861598393132965e-07,2.861743065588362e-07,2.86188770910615e-07,2.8620323236649795e-07,2.8621769093053204e-07,2.86232146604158e-07,2.862465993881915e-07,2.862610492834525e-07,2.862754962918168e-07,2.862899404161262e-07,2.863043816544426e-07,2.8631882001022723e-07,2.863332554832633e-07,2.8634768807520556e-07,2.8636211778735014e-07,2.863765446207968e-07,2.863909685780217e-07,2.864053896586659e-07,2.8641980786451214e-07,2.8643422319817286e-07,2.8644863565821797e-07,2.864630452470987e-07,2.864774519674072e-07,2.864918558178782e-07,2.8650625680211554e-07,2.86520654918328e-07,2.865350501700456e-07,2.865494425587465e-07,2.865638320839134e-07,2.865782187491417e-07,2.8659260255430476e-07,2.8660698350015094e-07,2.8662136158676584e-07,2.866357368189431e-07,2.8665010919472135e-07,2.8666447871530126e-07,2.866788453841433e-07,2.866932092008642e-07,2.867075701674177e-07,2.8672192828428413e-07,2.8673628355245707e-07,2.867506359744281e-07,2.867649855520606e-07,2.8677933228387556e-07,2.867936761731427e-07,2.8680801722040344e-07,2.8682235542666107e-07,2.8683669079246534e-07,2.8685102332094423e-07,2.8686535301169525e-07,2.868796798666217e-07,2.868940038871556e-07,2.8690832507367565e-07,2.8692264342861374e-07,2.8693695895146843e-07,2.869512716437302e-07,2.869655815076093e-07,2.8697988854436077e-07,2.869941927537324e-07,2.8700849413881575e-07,2.8702279269995706e-07,2.870370884395414e-07,2.870513813554222e-07,2.8706567145065267e-07,2.8707995872797586e-07,2.870942431864137e-07,2.871085248273063e-07,2.871228036526008e-07,2.871370796645486e-07,2.871513528639924e-07,2.8716562325025276e-07,2.8717989082567774e-07,2.87194155590807e-07,2.872084175464737e-07,2.8722267669827e-07,2.872369330413973e-07,2.872511865800783e-07,2.872654373143634e-07,2.8727968524609e-07,2.872939303759354e-07,2.873081727047685e-07,2.873224122350622e-07,2.8733664896672907e-07,2.873508829023749e-07,2.8736511404143195e-07,2.873793423874625e-07,2.873935679394607e-07,2.8740779069898846e-07,2.8742201066727837e-07,2.874362278458803e-07,2.874504422364475e-07,2.8746465383936206e-07,2.8747886265721226e-07,2.874930686878335e-07,2.8750727193588973e-07,2.8752147239963964e-07,2.87535670082494e-07,2.8754986498549254e-07,2.8756405710778046e-07,2.8757824645250583e-07,2.875924330204083e-07,2.876066168128253e-07,2.876207978319354e-07,2.8763497607527247e-07,2.876491515469294e-07,2.8766332424795197e-07,2.8767749417771467e-07,2.876916613398483e-07,2.8770582573445345e-07,2.8771998736156755e-07,2.8773414622412926e-07,2.877483023211897e-07,2.8776245565535504e-07,2.8777660622774315e-07,2.87790754041137e-07,2.8780489909336067e-07,2.8781904138646144e-07,2.8783318092440485e-07,2.878473177051684e-07,2.878614517306399e-07,2.878755830024972e-07,2.8788971152186703e-07,2.879038372891438e-07,2.87917960305887e-07,2.879320805726869e-07,2.8794619809214586e-07,2.879603128644698e-07,2.879744248904752e-07,2.879885341715179e-07,2.8800264070987563e-07,2.880167445049964e-07,2.880308455593531e-07,2.8804494387399227e-07,2.880590394491347e-07,2.88073132286828e-07,2.8808722238849067e-07,2.881013097533455e-07,2.881153943832658e-07,2.881294762801692e-07,2.881435554445606e-07,2.881576318776625e-07,2.881717055818209e-07,2.8818577655671406e-07,2.8819984480343904e-07,2.882139103236633e-07,2.8822797311855633e-07,2.882420331906827e-07,2.8825609053885475e-07,2.8827014516476376e-07,2.882841970699691e-07,2.8829824625459084e-07,2.8831229272045665e-07,2.8832633646884596e-07,2.8834037750083866e-07,2.8835441581806705e-07,2.8836845142080224e-07,2.8838248431065156e-07,2.883965144884164e-07,2.884105419543939e-07,2.8842456671173603e-07,2.884385887604268e-07,2.8845260810195556e-07,2.8846662473646653e-07,2.884806386661357e-07,2.8849464989131074e-07,2.885086584138681e-07,2.8852266423459707e-07,2.885366673542542e-07,2.8855066777417267e-07,2.885646654956143e-07,2.8857866051964674e-07,2.885926528481546e-07,2.88606642480701e-07,2.886206294192125e-07,2.886346136649899e-07,2.886485952178509e-07,2.886625740810826e-07,2.8867655025476485e-07,2.886905237399718e-07,2.887044945373694e-07,2.8871846264797003e-07,2.887324280727941e-07,2.887463908145134e-07,2.8876035087323554e-07,2.887743082505418e-07,2.887882629464277e-07,2.8880221496248277e-07,2.888161643000768e-07,2.8883011095973984e-07,2.8884405494295554e-07,2.888579962508249e-07,2.888719348848757e-07,2.888858708458142e-07,2.8889980413442755e-07,2.8891373475252906e-07,2.8892766270022575e-07,2.88941587979369e-07,2.889555105912485e-07,2.889694305354585e-07,2.8898334781504835e-07,2.8899726243034253e-07,2.890111743819836e-07,2.890250836718795e-07,2.890389903005463e-07,2.8905289426883595e-07,2.8906679557833864e-07,2.890806942299097e-07,2.8909459022557285e-07,2.8910848356560734e-07,2.891223742503113e-07,2.8913626228169727e-07,2.8915014766101363e-07,2.891640303891628e-07,2.891779104661199e-07,2.891917878944611e-07,2.892056626748663e-07,2.892195348085025e-07,2.8923340429620056e-07,2.892472711390594e-07,2.8926113533722496e-07,2.892749968928105e-07,2.892888558075886e-07,2.8930271208136357e-07,2.8931656571578104e-07,2.8933041671167707e-07,2.8934426507047196e-07,2.893581107922325e-07,2.8937195387946885e-07,2.8938579433231047e-07,2.8939963215260074e-07,2.8941346734053787e-07,2.8942729989779644e-07,2.894411298249565e-07,2.8945495712602376e-07,2.8946878179650456e-07,2.8948260384334204e-07,2.894964232626145e-07,2.895102400565109e-07,2.8952405422808565e-07,2.8953786577645824e-07,2.8955167470396456e-07,2.8956548101126595e-07,2.895792847002775e-07,2.89593085774055e-07,2.8960688422687935e-07,2.896206800636926e-07,2.8963447328567987e-07,2.896482638945503e-07,2.896620518898484e-07,2.896758372737683e-07,2.896896200474952e-07,2.897034002097645e-07,2.897171777648524e-07,2.8973095271253476e-07,2.897447250535498e-07,2.8975849478987094e-07,2.8977226192156187e-07,2.897860264487946e-07,2.897997883753388e-07,2.8981354769996206e-07,2.8982730442477343e-07,2.898410585503556e-07,2.8985481007841185e-07,2.898685590092389e-07,2.898823053441082e-07,2.898960490838536e-07,2.899097902300417e-07,2.8992352878328544e-07,2.899372647452272e-07,2.899509981160882e-07,2.8996472889804496e-07,2.8997845709070555e-07,2.8999218269632286e-07,2.900059057149361e-07,2.900196261477581e-07,2.9003334399656604e-07,2.9004705926261807e-07,2.900607719457629e-07,2.9007448204780687e-07,2.900881895696747e-07,2.901018945122338e-07,2.9011559687650177e-07,2.901292966638907e-07,2.9014299387495193e-07,2.901566885112045e-07,2.9017038057370263e-07,2.901840700630989e-07,2.901977569806514e-07,2.902114413269736e-07,2.902251231032502e-07,2.9023880231139237e-07,2.902524789510354e-07,2.9026615302388663e-07,2.9027982453127757e-07,2.9029349347438367e-07,2.9030715985349843e-07,2.9032082366972745e-07,2.903344849242963e-07,2.903481436181242e-07,2.903617997523296e-07,2.9037545332819303e-07,2.9038910434667987e-07,2.904027528083958e-07,2.9041639871478637e-07,2.904300420673287e-07,2.9044368286587124e-07,2.904573211119653e-07,2.904709568070183e-07,2.9048458995165736e-07,2.9049822054688176e-07,2.9051184859343907e-07,2.9052547409189904e-07,2.9053909704499816e-07,2.905527174529657e-07,2.9056633531717104e-07,2.9057995063744256e-07,2.9059356341554723e-07,2.9060717365291565e-07,2.9062078134964474e-07,2.9063438650737515e-07,2.9064798912692014e-07,2.9066158920925613e-07,2.9067518675593817e-07,2.906887817672504e-07,2.907023742442604e-07,2.9071596418812604e-07,2.907295515999399e-07,2.907431364814888e-07,2.907567188321852e-07,2.9077029865411645e-07,2.907838759477236e-07,2.9079745071471057e-07,2.9081102295700005e-07,2.908245926730802e-07,2.9083815986576807e-07,2.908517245344145e-07,2.9086528668121773e-07,2.908788463086516e-07,2.908924034151727e-07,2.909059580019901e-07,2.909195100712729e-07,2.9093305962340895e-07,2.9094660665969225e-07,2.909601511803416e-07,2.909736931879526e-07,2.909872326831187e-07,2.910007696647889e-07,2.9101430413548785e-07,2.910278360965656e-07,2.910413655490304e-07,2.910548924934316e-07,2.910684169304051e-07,2.9108193886110177e-07,2.9109545828679863e-07,2.9110897520849367e-07,2.911224896286866e-07,2.91136001545512e-07,2.911495109594348e-07,2.911630178768114e-07,2.911765222940994e-07,2.9119002421303793e-07,2.9120352363509973e-07,2.912170205602981e-07,2.9123051499052775e-07,2.9124400692820394e-07,2.9125749637105e-07,2.912709833221467e-07,2.9128446778281345e-07,2.9129794975342135e-07,2.9131142923423047e-07,2.9132490622639947e-07,2.9133838072981816e-07,2.913518527484989e-07,2.91365322279911e-07,2.9137878932974464e-07,2.91392253895626e-07,2.914057159802704e-07,2.9141917558275133e-07,2.914326327047546e-07,2.9144608734737877e-07,2.9145953951199797e-07,2.914729891988361e-07,2.914864364090171e-07,2.9149988114434514e-07,2.9151332340460157e-07,2.915267631913157e-07,2.915402005055661e-07,2.915536353483167e-07,2.9156706772064463e-07,2.9158049762250153e-07,2.9159392505622264e-07,2.9160735002251114e-07,2.916207725221325e-07,2.916341925558493e-07,2.916476101249307e-07,2.9166102523016857e-07,2.916744378733272e-07,2.9168784805399503e-07,2.9170125577556475e-07,2.9171466103624907e-07,2.9172806383727163e-07,2.917414641801066e-07,2.9175486206388625e-07,2.917682574937556e-07,2.9178165046841476e-07,2.9179504098914963e-07,2.9180842905656156e-07,2.918218146722351e-07,2.9183519783627435e-07,2.918485785500689e-07,2.918619568150008e-07,2.9187533263114505e-07,2.918887059997777e-07,2.9190207692192117e-07,2.9191544539895467e-07,2.9192881143070786e-07,2.9194217501951416e-07,2.919555361656202e-07,2.919688948700929e-07,2.919822511337496e-07,2.91995604958063e-07,2.920089563435884e-07,2.9202230529276406e-07,2.9203565180374815e-07,2.920489958796295e-07,2.9206233751955015e-07,2.9207567672539027e-07,2.920890134981431e-07,2.921023478389569e-07,2.9211567974955644e-07,2.921290092292867e-07,2.921423362794831e-07,2.921556609027603e-07,2.9216898309907487e-07,2.9218230286750187e-07,2.9219562021143655e-07,2.9220893512944076e-07,2.922222476238363e-07,2.922355576953339e-07,2.9224886534557615e-07,2.922621705760159e-07,2.9227547338748815e-07,2.922887737785986e-07,2.9230207175097527e-07,2.92315367306729e-07,2.9232866044657544e-07,2.923419511711932e-07,2.9235523948193257e-07,2.923685253795873e-07,2.923818088648365e-07,2.923950899385797e-07,2.9240836860183524e-07,2.9242164485582367e-07,2.924349187004651e-07,2.924481901395669e-07,2.9246145917421113e-07,2.924747257997149e-07,2.9248799002025844e-07,2.9250125183502286e-07,2.9251451124868323e-07,2.92527768260817e-07,2.9254102287118053e-07,2.9255427508398586e-07,2.925675248957053e-07,2.9258077230912127e-07,2.925940173252931e-07,2.926072599444475e-07,2.9262050016879545e-07,2.9263373799911723e-07,2.92646973436609e-07,2.9266020647990317e-07,2.9267343713162015e-07,2.9268666539326483e-07,2.92699891264283e-07,2.927131147463943e-07,2.9272633583635413e-07,2.9273955454349603e-07,2.927527708642588e-07,2.927659847993434e-07,2.9277919635123746e-07,2.927924055185674e-07,2.928056123041069e-07,2.9281881670857815e-07,2.9283201873143653e-07,2.9284521837457904e-07,2.9285841563906885e-07,2.928716105251666e-07,2.928848030344984e-07,2.928979931675729e-07,2.9291118092584686e-07,2.9292436630949436e-07,2.929375493202137e-07,2.9295072995924807e-07,2.929639082259808e-07,2.929770841219963e-07,2.9299025764855043e-07,2.9300342880745796e-07,2.930165975971752e-07,2.9302976402054644e-07,2.930429280773049e-07,2.9305608976916326e-07,2.9306924909730004e-07,2.9308240606151965e-07,2.930955606638369e-07,2.931087129045828e-07,2.9312186278518244e-07,2.9313501030599414e-07,2.9314815546693467e-07,2.9316129826872275e-07,2.93174438715943e-07,2.9318757680709824e-07,2.9320071254307114e-07,2.9321384592451384e-07,2.9322697695268085e-07,2.9324010563022195e-07,2.932532319552074e-07,2.932663559297604e-07,2.932794775546186e-07,2.9329259683061125e-07,2.933057137581118e-07,2.9331882833993636e-07,2.9333194057502075e-07,2.9334505046393255e-07,2.9335815800950383e-07,2.9337126321134823e-07,2.933843660707578e-07,2.933974665887212e-07,2.9341056476589006e-07,2.9342366060578465e-07,2.9343675410457404e-07,2.9344984526520617e-07,2.9346293408893987e-07,2.9347602057641187e-07,2.934891047274309e-07,2.9350218654677567e-07,2.935152660307527e-07,2.935283431826274e-07,2.935414180024387e-07,2.935544904922037e-07,2.9356756065091866e-07,2.935806284808654e-07,2.9359369398278737e-07,2.936067571570307e-07,2.9361981800498456e-07,2.9363287652670665e-07,2.9364593272445537e-07,2.936589865984864e-07,2.936720381472553e-07,2.9368508737675506e-07,2.9369813428513575e-07,2.9371117887216615e-07,2.937242211411832e-07,2.937372610928398e-07,2.9375029872642685e-07,2.9376333404244453e-07,2.937763670429658e-07,2.9378939772812415e-07,2.9380242610021883e-07,2.938154521587932e-07,2.9382847590478403e-07,2.938414973402537e-07,2.938545164644271e-07,2.9386753327922083e-07,2.938805477851607e-07,2.9389355998316754e-07,2.9390656987420826e-07,2.9391957745945325e-07,2.9393258273949066e-07,2.9394558571489605e-07,2.939585863879407e-07,2.939715847575257e-07,2.939845808251776e-07,2.9399757459187677e-07,2.940105660587322e-07,2.940235552268087e-07,2.940365420967013e-07,2.9404952666891043e-07,2.940625089440328e-07,2.940754889241646e-07,2.9408846660862054e-07,2.94101442000171e-07,2.9411441509873017e-07,2.941273859051725e-07,2.941403544203632e-07,2.9415332064517133e-07,2.9416628458046454e-07,2.941792462271091e-07,2.9419220558597445e-07,2.942051626579256e-07,2.9421811744382805e-07,2.942310699445477e-07,2.9424402016094816e-07,2.9425696809389477e-07,2.942699137442511e-07,2.9428285711288053e-07,2.9429579820064367e-07,2.943087370084071e-07,2.943216735370308e-07,2.9433460778737557e-07,2.943475397603021e-07,2.9436046945667194e-07,2.9437339687755445e-07,2.943863220233887e-07,2.943992448952418e-07,2.944121654939655e-07,2.944250838204365e-07,2.944379998755025e-07,2.9445091366002e-07,2.944638251748457e-07,2.9447673442083496e-07,2.944896413988449e-07,2.945025461097283e-07,2.9451544855434015e-07,2.945283487335353e-07,2.9454124664816714e-07,2.945541422990854e-07,2.9456703568714866e-07,2.9457992681320566e-07,2.9459281567739775e-07,2.946057022819976e-07,2.9461858662714503e-07,2.9463146871370325e-07,2.94644348542495e-07,2.946572261143751e-07,2.946701014302085e-07,2.946829744908347e-07,2.946958452971019e-07,2.947087138498571e-07,2.9472158014994807e-07,2.9473444419819964e-07,2.9474730599549784e-07,2.9476016554266795e-07,2.947730228405554e-07,2.947858778900041e-07,2.94798730691858e-07,2.9481158124696066e-07,2.948244295561545e-07,2.9483727562028114e-07,2.948501194401816e-07,2.9486296101670325e-07,2.948758003506811e-07,2.9488863744295704e-07,2.949014722943747e-07,2.9491430490577133e-07,2.9492713527798493e-07,2.9493996341185176e-07,2.949527893082158e-07,2.949656129679258e-07,2.949784343917908e-07,2.9499125358059594e-07,2.9500407053530616e-07,2.9501688525669755e-07,2.950296977456669e-07,2.950425080029205e-07,2.95055316029353e-07,2.9506812182580373e-07,2.9508092539310194e-07,2.9509372673208475e-07,2.951065258435825e-07,2.951193227284255e-07,2.9513211738745015e-07,2.951449098214811e-07,2.951577000313601e-07,2.9517048801790324e-07,2.9518327378193565e-07,2.9519605732430455e-07,2.952088386458373e-07,2.952216177473542e-07,2.9523439462968274e-07,2.952471692936522e-07,2.952599417400983e-07,2.9527271196983135e-07,2.9528547998368494e-07,2.9529824578248193e-07,2.9531100936704873e-07,2.9532377073821176e-07,2.9533652989679534e-07,2.9534928684362185e-07,2.9536204157951327e-07,2.953747941049083e-07,2.9538754442139845e-07,2.9540029252942107e-07,2.9541303842979704e-07,2.95425782123948e-07,2.954385236114934e-07,2.954512628938566e-07,2.9546399997185127e-07,2.9547673484629874e-07,2.9548946751801764e-07,2.9550219798783443e-07,2.955149262565507e-07,2.9552765232499125e-07,2.955403761939726e-07,2.955530978643117e-07,2.9556581733682473e-07,2.9557853461379785e-07,2.9559124969310053e-07,2.956039625770204e-07,2.9561667326637195e-07,2.956293817619706e-07,2.9564208806568886e-07,2.9565479217621313e-07,2.9566749409541986e-07,2.9568019382412184e-07,2.9569289136312766e-07,2.9570558671324914e-07,2.9571827987529696e-07,2.9573097085009014e-07,2.957436596395951e-07,2.9575634624227824e-07,2.957690306601241e-07,2.957817128942544e-07,2.957943929448495e-07,2.958070708137554e-07,2.9581974650164996e-07,2.958324200076266e-07,2.958450913334161e-07,2.958577604802357e-07,2.9587042744843484e-07,2.958830922390522e-07,2.9589575485300315e-07,2.9590841529086744e-07,2.959210735529473e-07,2.959337296412724e-07,2.95946383556031e-07,2.95959035299095e-07,2.9597168486948476e-07,2.9598433226835303e-07,2.9599697749647126e-07,2.9600962055541545e-07,2.9602226144605175e-07,2.9603490016826905e-07,2.960475367233491e-07,2.9606017111216543e-07,2.960728033352816e-07,2.960854333930256e-07,2.9609806128683777e-07,2.9611068701833045e-07,2.9612331058755724e-07,2.961359319948939e-07,2.9614855124071395e-07,2.961611683271424e-07,2.961737832543665e-07,2.96186396023181e-07,2.961990066343797e-07,2.9621161508875265e-07,2.962242213881707e-07,2.9623682553127244e-07,2.9624942751992556e-07,2.9626202735493436e-07,2.962746250370638e-07,2.962872205671309e-07,2.962998139458974e-07,2.963124051741667e-07,2.963249942526967e-07,2.963375811824574e-07,2.9635016596399496e-07,2.963627485990457e-07,2.9637532908664295e-07,2.9638790742847797e-07,2.96400483625329e-07,2.964130576780686e-07,2.964256295897833e-07,2.964381993564245e-07,2.964507669812175e-07,2.9646333246418444e-07,2.964758958070144e-07,2.9648845701095096e-07,2.9650101607620556e-07,2.9651357300290415e-07,2.965261277930565e-07,2.9653868044688157e-07,2.96551230965231e-07,2.965637793486553e-07,2.965763255980604e-07,2.965888697136103e-07,2.96601411697281e-07,2.9661395154873864e-07,2.9662648926981774e-07,2.9663902486076975e-07,2.966515583217782e-07,2.9666408965485533e-07,2.9667661886011304e-07,2.966891459387242e-07,2.9670167089016156e-07,2.96714193716061e-07,2.9672671441802513e-07,2.96739232995939e-07,2.967517494501352e-07,2.9676426378190736e-07,2.9677677599238427e-07,2.9678928608232075e-07,2.9680179405161036e-07,2.968142999016283e-07,2.968268036337201e-07,2.9683930524807416e-07,2.9685180474545754e-07,2.968643021266451e-07,2.9687679739230773e-07,2.968892905428889e-07,2.969017815801022e-07,2.969142705041955e-07,2.969267573154084e-07,2.969392420155927e-07,2.9695172460506473e-07,2.9696420508435176e-07,2.9697668345423586e-07,2.9698915971572117e-07,2.970016338693037e-07,2.9701410591552154e-07,2.970265758559244e-07,2.9703904369047276e-07,2.9705150942072634e-07,2.9706397304717047e-07,2.970764345703327e-07,2.9708889399120614e-07,2.971013513103019e-07,2.9711380652850407e-07,2.971262596462069e-07,2.9713871066494993e-07,2.9715115958745473e-07,2.9716360640936425e-07,2.9717605113472783e-07,2.9718849376390796e-07,2.9720093429727573e-07,2.9721337273677335e-07,2.972258090812787e-07,2.972382433325231e-07,2.972506754914393e-07,2.9726310555852187e-07,2.9727553353397324e-07,2.972879594196667e-07,2.9730038321584867e-07,2.973128049232761e-07,2.9732522454270546e-07,2.9733764207492013e-07,2.9735005752075453e-07,2.9736247088442863e-07,2.9737488215882397e-07,2.973872913496138e-07,2.9739969845692633e-07,2.9741210348152925e-07,2.9742450642423583e-07,2.9743690728567054e-07,2.974493060704677e-07,2.974617027716997e-07,2.9747409739396007e-07,2.9748648993744405e-07,2.974988804040258e-07,2.9751126879388826e-07,2.9752365511006934e-07,2.9753603934918545e-07,2.975484215133784e-07,2.975608016039609e-07,2.975731796241871e-07,2.975855555676266e-07,2.975979294415842e-07,2.97610301248066e-07,2.976226709811643e-07,2.9763503864430674e-07,2.9764740423902516e-07,2.9765976776593164e-07,2.9767212922640226e-07,2.9768448862017384e-07,2.976968459522484e-07,2.9770920121549767e-07,2.977215544153982e-07,2.9773390555358207e-07,2.977462546286879e-07,2.977586016407869e-07,2.9777094659178543e-07,2.977832894825923e-07,2.9779563031363884e-07,2.9780796908548027e-07,2.978203057995447e-07,2.978326404578793e-07,2.978449730578469e-07,2.9785730360213535e-07,2.9786963209099913e-07,2.9788195852687824e-07,2.9789428290763974e-07,2.9790660523604205e-07,2.979189255126278e-07,2.9793124373626997e-07,2.9794355990936777e-07,2.979558740326443e-07,2.9796818610693155e-07,2.9798049613237063e-07,2.9799280411081567e-07,2.980051100413345e-07,2.980174139254434e-07,2.980297157634255e-07,2.9804201555686465e-07,2.980543133063253e-07,2.980666090121963e-07,2.9807890267541223e-07,2.9809119429657e-07,2.9810348387647394e-07,2.9811577141580173e-07,2.9812805691538657e-07,2.9814034037536806e-07,2.981526217976084e-07,2.9816490118216503e-07,2.9817717852966767e-07,2.9818945384213474e-07,2.9820172711766656e-07,2.9821399835890064e-07,2.982262675661012e-07,2.9823853474080287e-07,2.9825079988243315e-07,2.982630629921827e-07,2.9827532407065734e-07,2.982875831199353e-07,2.982998401386645e-07,2.983120951281292e-07,2.9832434809061324e-07,2.9833659902464173e-07,2.9834884793135145e-07,2.9836109481218964e-07,2.9837333966821294e-07,2.9838558249956836e-07,2.9839782330714925e-07,2.984100620914606e-07,2.984222988536203e-07,2.984345335937065e-07,2.984467663135563e-07,2.984589970125754e-07,2.984712256918904e-07,2.984834523520475e-07,2.9849567699464487e-07,2.9850789962031515e-07,2.98520120228041e-07,2.9853233882101233e-07,2.9854455539871474e-07,2.9855676996134393e-07,2.9856898250975297e-07,2.9858119304543893e-07,2.9859340156842637e-07,2.9860560807986515e-07,2.9861781258085487e-07,2.986300150704083e-07,2.9864221555121047e-07,2.9865441402318754e-07,2.9866661048729445e-07,2.986788049435957e-07,2.9869099739276304e-07,2.9870318783602614e-07,2.98715376274383e-07,2.987275627078272e-07,2.9873974713774214e-07,2.987519295644533e-07,2.987641099888221e-07,2.987762884123778e-07,2.9878846483381905e-07,2.9880063925565645e-07,2.98812811677369e-07,2.9882498210064863e-07,2.988371505250917e-07,2.9884931695205086e-07,2.988614813820425e-07,2.988736438161959e-07,2.9888580425587417e-07,2.9889796269990113e-07,2.989101191507672e-07,2.989222736074583e-07,2.989344260723033e-07,2.989465765457326e-07,2.9895872502756304e-07,2.989708715183537e-07,2.989830160193621e-07,2.9899515853121065e-07,2.990072990548002e-07,2.9901943759062994e-07,2.9903157413925247e-07,2.990437087012963e-07,2.9905584127945055e-07,2.990679718716186e-07,2.990801004796638e-07,2.990922271043702e-07,2.9910435174589905e-07,2.9911647440562106e-07,2.9912859508397007e-07,2.9914071378137334e-07,2.991528304990769e-07,2.991649452370494e-07,2.9917705799874886e-07,2.9918916878130506e-07,2.9920127758629504e-07,2.992133844145604e-07,2.992254892679728e-07,2.992375921453152e-07,2.992496930489237e-07,2.9926179197812403e-07,2.992738889343862e-07,2.9928598391822613e-07,2.992980769310579e-07,2.99310167972282e-07,2.993222570432802e-07,2.993343441447645e-07,2.9934642927752236e-07,2.9935851244336834e-07,2.993705936397282e-07,2.9938267286886996e-07,2.9939475013212005e-07,2.994068254306856e-07,2.9941889876568426e-07,2.9943097013533776e-07,2.994430395416725e-07,2.9945510698534553e-07,2.9946717246702335e-07,2.9947923598705285e-07,2.9949129754679586e-07,2.99503357147353e-07,2.995154147876668e-07,2.995274704695557e-07,2.9953952419357854e-07,2.9955157596058513e-07,2.9956362577091204e-07,2.995756736255145e-07,2.9958771952492393e-07,2.995997634706503e-07,2.99611805463289e-07,2.9962384550135367e-07,2.9963588358575435e-07,2.996479197200002e-07,2.996599539023267e-07,2.996719861358243e-07,2.9968401641860935e-07,2.996960447522162e-07,2.997080711375074e-07,2.997200955751156e-07,2.997321180657446e-07,2.9974413861025265e-07,2.9975615720897215e-07,2.9976817386199846e-07,2.997801885717198e-07,2.9979220133785413e-07,2.9980421216091927e-07,2.9981622104196487e-07,2.998282279833332e-07,2.9984023298124146e-07,2.9985223603995575e-07,2.9986423715881873e-07,2.998762363385549e-07,2.9988823357901125e-07,2.9990022888311577e-07,2.9991222225042275e-07,2.9992421368182816e-07,2.999362031766759e-07,2.9994819073747176e-07,2.99960176364306e-07,2.999721600570123e-07,2.999841418167645e-07,2.999961216441635e-07,3.0000809954086594e-07,3.00020075506168e-07,3.000320495412185e-07,3.0004402164604516e-07,3.0005599182308554e-07,3.000679600726672e-07,3.000799263949541e-07,3.000918907894314e-07,3.0010385325873854e-07,3.0011581380193667e-07,3.001277724211409e-07,3.0013972911572276e-07,3.0015168388896967e-07,3.001636367369591e-07,3.0017558766303903e-07,3.0018753666829883e-07,3.001994837528645e-07,3.0021142891695065e-07,3.002233721619843e-07,3.002353134882793e-07,3.0024725289623433e-07,3.00259190386971e-07,3.002711259596685e-07,3.002830596162079e-07,3.0029499135850066e-07,3.003069211861428e-07,3.003188490995635e-07,3.003307750994264e-07,3.0034269918662417e-07,3.0035462136147586e-07,3.003665416238191e-07,3.0037845997640814e-07,3.0039037641916605e-07,3.0040229095252234e-07,3.0041420357620075e-07,3.0042611429250095e-07,3.004380231003402e-07,3.004499300016828e-07,3.0046183499686954e-07,3.0047373808640355e-07,3.0048563927115756e-07,3.004975385515639e-07,3.0050943592848824e-07,3.005213314023217e-07,3.0053322497252665e-07,3.00545116642631e-07,3.005570064114924e-07,3.0056889427935116e-07,3.005807802484215e-07,3.0059266431937525e-07,3.0060454649042313e-07,3.006164267642655e-07,3.0062830514116016e-07,3.006401816207782e-07,3.0065205620551897e-07,3.0066392889514246e-07,3.0067579969032796e-07,3.0068766859172614e-07,3.006995355999224e-07,3.007114007156824e-07,3.007232639390712e-07,3.007351252706538e-07,3.007469847124604e-07,3.0075884226422847e-07,3.0077069792672456e-07,3.007825517010837e-07,3.007944035875319e-07,3.008062535866401e-07,3.0081810169909225e-07,3.00829947925559e-07,3.0084179226671403e-07,3.008536347232848e-07,3.0086547529556115e-07,3.008773139844107e-07,3.008891507904481e-07,3.009009857141269e-07,3.009128187543262e-07,3.009246499159207e-07,3.009364791973124e-07,3.0094830659918073e-07,3.009601321219329e-07,3.0097195576657697e-07,3.009837775335906e-07,3.009955974236165e-07,3.0100741543729623e-07,3.010192315753056e-07,3.0103104583821853e-07,3.0104285822671005e-07,3.010546687414201e-07,3.0106647738182267e-07,3.01078284150084e-07,3.01090089047292e-07,3.0110189207327825e-07,3.0111369322868167e-07,3.01125492514141e-07,3.011372899302949e-07,3.011490854778767e-07,3.011608791563946e-07,3.0117267096845823e-07,3.0118446091376695e-07,3.011962489929569e-07,3.012080352067734e-07,3.012198195556349e-07,3.0123160204028604e-07,3.0124338266145317e-07,3.01255161419662e-07,3.0126693831556007e-07,3.0127871334972037e-07,3.0129048652284356e-07,3.0130225783565514e-07,3.013140272886977e-07,3.0132579488251235e-07,3.013375606178449e-07,3.0134932449450166e-07,3.013610865144846e-07,3.0137284667807804e-07,3.013846049881558e-07,3.013963614404292e-07,3.014081160380997e-07,3.014198687816196e-07,3.014316196716648e-07,3.0144336870892213e-07,3.0145511589392645e-07,3.0146686122727965e-07,3.0147860470994097e-07,3.01490346342158e-07,3.015020861247663e-07,3.0151382405826163e-07,3.0152556014333043e-07,3.015372943806578e-07,3.0154902676761647e-07,3.0156075731122214e-07,3.0157248600818343e-07,3.015842128605155e-07,3.015959378682575e-07,3.016076610319087e-07,3.016193823520948e-07,3.016311018295875e-07,3.0164281946411344e-07,3.0165453525790845e-07,3.016662492107131e-07,3.016779613237499e-07,3.0168967159875904e-07,3.0170138003255125e-07,3.017130866279625e-07,3.017247913852346e-07,3.017364943062315e-07,3.0174819538967674e-07,3.0175989463788464e-07,3.0177159205047166e-07,3.017832876282956e-07,3.0179498137217873e-07,3.018066732825199e-07,3.018183633600665e-07,3.0183005160537654e-07,3.018417380190557e-07,3.0185342260175417e-07,3.0186510535415863e-07,3.0187678627672295e-07,3.018884653702728e-07,3.0190014263583355e-07,3.019118180728311e-07,3.019234916826194e-07,3.0193516346865993e-07,3.0194683342574647e-07,3.0195850155729135e-07,3.019701678639988e-07,3.0198183234626065e-07,3.0199349500604384e-07,3.0200515584213756e-07,3.020168148570127e-07,3.020284720488893e-07,3.0204012741981484e-07,3.0205178097004255e-07,3.020634327007207e-07,3.0207508261081607e-07,3.020867307033312e-07,3.0209837697782725e-07,3.0211002143490824e-07,3.021216640761663e-07,3.0213330490017043e-07,3.0214494390852983e-07,3.0215658110192166e-07,3.021682164813058e-07,3.0217985004643123e-07,3.0219148179845466e-07,3.022031117379251e-07,3.022147398653907e-07,3.022263661844829e-07,3.0223799068997197e-07,3.0224961338523553e-07,3.0226123427097017e-07,3.02272853347662e-07,3.0228447061607977e-07,3.0229608607781807e-07,3.0230769973138254e-07,3.023193115785375e-07,3.023309216198409e-07,3.0234252985586444e-07,3.0235413628720486e-07,3.0236574091462076e-07,3.0237734373889583e-07,3.023889447598469e-07,3.024005439785703e-07,3.0241214139561987e-07,3.024237370116219e-07,3.024353308275619e-07,3.0244692284331047e-07,3.024585130599844e-07,3.0247010147824966e-07,3.024816880981041e-07,3.024932729195882e-07,3.0250485594496594e-07,3.0251643717411157e-07,3.0252801660761575e-07,3.025395942466768e-07,3.025511700907672e-07,3.0256274414100974e-07,3.0257431639756204e-07,3.0258588686199077e-07,3.025974555343915e-07,3.026090224154592e-07,3.026205875055678e-07,3.0263215080543407e-07,3.026437123150134e-07,3.0265527203615966e-07,3.026668299688852e-07,3.026783861137426e-07,3.026899404706445e-07,3.0270149304159746e-07,3.0271304382684155e-07,3.027245928255289e-07,3.0273614003999176e-07,3.027476854703725e-07,3.0275922911694105e-07,3.0277077098147284e-07,3.027823110623842e-07,3.027938493615142e-07,3.028053858792976e-07,3.028169206164592e-07,3.0282845357322035e-07,3.028399847506445e-07,3.028515141488728e-07,3.028630417689991e-07,3.02874567611427e-07,3.02886091676713e-07,3.028976139654432e-07,3.029091344782243e-07,3.029206532155754e-07,3.029321701781157e-07,3.029436853664466e-07,3.029551987811041e-07,3.0296671042269617e-07,3.0297822029189537e-07,3.0298972838923854e-07,3.0300123471532984e-07,3.0301273927073835e-07,3.030242420560937e-07,3.030357430719131e-07,3.030472423188255e-07,3.030587397974055e-07,3.030702355050535e-07,3.030817294487011e-07,3.0309322162577966e-07,3.031047120368659e-07,3.0311620068255197e-07,3.031276875634456e-07,3.031391726800898e-07,3.0315065603312614e-07,3.0316213762306096e-07,3.031736174505479e-07,3.03185095516122e-07,3.031965718204145e-07,3.0320804636395135e-07,3.032195191473378e-07,3.0323099017115416e-07,3.032424594360353e-07,3.03253926942503e-07,3.0326539269111917e-07,3.0327685668247814e-07,3.032883189172147e-07,3.032997793958967e-07,3.0331123811908185e-07,3.0332269508733055e-07,3.0333415030125566e-07,3.033456037614621e-07,3.0335705546843473e-07,3.0336850542289197e-07,3.033799536252795e-07,3.033914000762469e-07,3.034028447763377e-07,3.034142877260914e-07,3.034257289261848e-07,3.0343716837714287e-07,3.034486060795269e-07,3.034600420339485e-07,3.0347147624099925e-07,3.034829087012432e-07,3.0349433941520246e-07
13,1.0786339145150452e-23,1.9502927902040194e-23,2.5682830366085904e-23,3.0060240516482133e-23,3.3163526502622145e-23,3.538597107902463e-23,3.6979168855498686e-23,3.8122169520836186e-23,3.8944539588128165e-23,3.953254670836953e-23,3.9953357550865684e-23,4.0254633566227677e-23,4.046983759455772e-23,4.0623995740589484e-23,4.0734245831874985e-23,4.0813094951754476e-23,4.0869487098696185e-23,4.0909818489231824e-23,4.093866343719463e-23,4.09592933672024e-23,4.097404794455026e-23,4.0984600472846604e-23,4.0992147689234536e-23,4.0997545497496386e-23,4.1001406040317247e-23,4.1004167123471827e-23,4.100614186716758e-23,4.100755421635382e-23,4.10085643375917e-23,4.1009286782892953e-23,4.100980348052981e-23,4.1010173026104075e-23,4.1010437327559145e-23,4.1010626357725175e-23,4.1010761553365455e-23,4.101085824619401e-23,4.1010927401554166e-23,4.101097686193245e-23,4.101101223632755e-23,4.101103753633287e-23,4.1011055631066916e-23,4.1011068572542474e-23,4.101107782837291e-23,4.1011084448205144e-23,4.101108918275372e-23,4.1011092568934746e-23,4.101109499075421e-23,4.1011096722855805e-23,4.101109796166652e-23,4.1011098847672294e-23,4.101109948134958e-23,4.101109993455985e-23,4.1011100258698884e-23,4.10111004905253e-23,4.101110065632912e-23,4.1011100774913126e-23,4.10111008597252e-23,4.101110092038337e-23,4.10111009637665e-23,4.101110099479441e-23,4.101110101698578e-23,4.101110103285719e-23,4.101110104420854e-23,4.10111010523271e-23,4.1011101058133543e-23,4.1011101062286353e-23,4.1011101065256475e-23,4.101110106738072e-23,4.1011101068899996e-23,4.1011101069986593e-23,4.101110107076373e-23,4.1011101071319557e-23,4.101110107171708e-23,4.101110107200139e-23,4.1011101072204734e-23,4.1011101072350166e-23,4.101110107245418e-23,4.101110107252857e-23,4.101110107258177e-23,4.101110107261982e-23,4.1011101072647037e-23,4.1011101072666503e-23,4.1011101072680427e-23,4.1011101072690383e-23,4.1011101072697507e-23,4.101110107270259e-23,4.1011101072706235e-23,4.101110107270884e-23,4.10111010727107e-23,4.101110107271203e-23,4.101110107271299e-23,4.101110107271367e-23,4.101110107271416e-23,4.1011101072714504e-23,4.101110107271475e-23,4.1011101072714933e-23,4.1011101072715057e-23,4.101110107271515e-23,4.1011101072715216e-23,4.101110107271527e-23,4.1011101072715304e-23,4.101110107271533e-23,4.1011101072715345e-23,4.101110107271535e-23,4.101110107271536e-23,4.101110107271536e-23,4.101110107271537e-23,4.1011101072715374e-23,4.1011101072715374e-23,4.101110107271538e-23,4.101110107271538e-23,4.1011101072715386e-23,4.1011101072715386e-23,4.1011101072715386e-23,4.1011101072715386e-23,4.1011101072715386e-23,4.1011101072715386e-23,4.1011101072715386e-23,4.1011101072715386e-23,4.1011101072715386e-23,4.1011101072715386e-23,4.1011101072715386e-23,4.101110107271539e-23,4.101110107271539e-23,4.101110107271539e-23,4.101110107271539e-23,4.101110107271539e-23,4.101110107271539e-23,4.101110107271539e-23,4.101110107271539e-23,4.101110107271539e-23,4.101110107271539e-23,4.101110107271539e-23,4.101110107271539e-23,4.101110107271539e-23,4.101110107271539e-23,4.101110107271539e-23,4.101110107271539e-23,4.101110107271539e-23,4.101110107271539e-23,4.101110107271539e-23,4.101110107271539e-23,4.101110107271539e-23,4.101110107271539e-23,4.101110107271539e-23,4.101110107271539e-23,4.101110107271539e-23,4.101110107271539e-23,4.101110107271539e-23,4.101110107271539e-23,4.101110107271539e-23,4.101110107271539e-23,4.101110107271539e-23,4.101110107271539e-23,4.1011101072715386e-23,4.101110107271539e-23,4.101110107271539e-23,4.101110107271539e-23,4.101110107271539e-23,4.101110107271539e-23,4.101110107271539e-23,4.101110107271539e-23,4.101110107271539e-23,4.101110107271539e-23,4.101110107271539e-23,4.101110107271539e-23,4.101110107271539e-23,4.101110107271539e-23,4.101110107271539e-23,4.101110107271539e-23,4.101110107271539e-23,4.101110107271539e-23,4.101110107271539e-23,4.101110107271539e-23,4.101110107271539e-23,4.101110107271539e-23,4.101110107271539e-23,4.101110107271539e-23,4.101110107271539e-23,4.101110107271539e-23,4.101110107271539e-23,4.101110107271539e-23,4.101110107271539e-23,4.101110107271539e-23,4.101110107271539e-23,4.101110107271539e-23,4.101110107271539e-23,4.101110107271539e-23,4.101110107271539e-23,4.101110107271539e-23,4.101110107271539e-23,4.101110107271539e-23,4.101110107271539e-23,4.101110107271539e-23,4.101110107271539e-23,4.101110107271539e-23,4.101110107271539e-23,4.101110107271539e-23,4.101110107271539e-23,4.101110107271539e-23,4.101110107271539e-23,4.1011101072715386e-23,4.1011101072715386e-23,4.1011101072715386e-23,4.101110107271539e-23,4.101110107271539e-23,4.101110107271539e-23,4.101110107271539e-23,4.101110107271539e-23,4.101110107271539e-23,4.101110107271539e-23,4.101110107271539e-23,4.101110107271539e-23,4.101110107271539e-23,4.101110107271539e-23,4.101110107271539e-23,4.101110107271539e-23,4.101110107271539e-23,4.101110107271539e-23,4.101110107271539e-23,4.101110107271539e-23,4.101110107271539e-23,4.101110107271539e-23,4.1011101072715386e-23,4.1011101072715386e-23,4.1011101072715386e-23,4.1011101072715386e-23,4.1011101072715386e-23,4.1011101072715386e-23,4.1011101072715386e-23,4.1011101072715386e-23,4.1011101072715386e-23,4.1011101072715386e-23,4.1011101072715386e-23,4.1011101072715386e-23,4.1011101072715386e-23,4.1011101072715386e-23,4.101110107271539e-23,4.101110107271539e-23,4.101110107271539e-23,4.101110107271539e-23,4.101110107271539e-23,4.101110107271539e-23,4.101110107271539e-23,4.101110107271539e-23,4.101110107271539e-23,4.101110107271539e-23,4.101110107271539e-23,4.101110107271539e-23,4.101110107271539e-23,4.101110107271539e-23,4.101110107271539e-23,4.101110107271539e-23,4.101110107271539e-23,4.101110107271539e-23,4.101110107271539e-23,4.101110107271539e-23,4.101110107271539e-23,4.101110107271539e-23,4.101110107271539e-23,4.101110107271539e-23,4.101110107271539e-23,4.101110107271539e-23,4.101110107271539e-23,4.101110107271539e-23,4.101110107271539e-23,4.101110107271539e-23,4.101110107271539e-23,4.101110107271539e-23,4.101110107271539e-23,4.101110107271539e-23,4.101110107271539e-23,4.101110107271539e-23,4.101110107271539e-23,4.1011101072715386e-23,4.101110107271539e-23,4.101110107271539e-23,4.101110107271539e-23,4.101110107271539e-23,4.101110107271539e-23,4.101110107271539e-23,4.101110107271539e-23,4.101110107271539e-23,4.101110107271539e-23,4.101110107271539e-23,4.101110107271539e-23,4.101110107271539e-23,4.101110107271539e-23,4.101110107271539e-23,4.101110107271539e-23,4.101110107271539e-23,4.101110107271539e-23,4.101110107271539e-23,4.101110107271539e-23,4.101110107271539e-23,4.101110107271539e-23,4.101110107271539e-23,4.1011101072715386e-23,4.101110107271539e-23,4.101110107271539e-23,4.101110107271539e-23,4.101110107271539e-23,4.101110107271539e-23,4.101110107271539e-23,4.101110107271539e-23,4.101110107271539e-23,4.101110107271539e-23,4.101110107271539e-23,4.101110107271539e-23,4.101110107271539e-23,4.101110107271539e-23,4.101110107271539e-23,4.101110107271539e-23,4.101110107271539e-23,4.101110107271539e-23,4.101110107271539e-23,4.101110107271539e-23,4.101110107271539e-23,4.101110107271539e-23,4.101110107271539e-23,4.101110107271539e-23,4.101110107271539e-23,4.101110107271539e-23,4.1011101072715386e-23,4.1011101072715386e-23,4.1011101072715386e-23,4.1011101072715386e-23,4.1011101072715386e-23,4.1011101072715386e-23,4.1011101072715386e-23,4.1011101072715386e-23,4.1011101072715386e-23,4.1011101072715386e-23,4.1011101072715386e-23,4.1011101072715386e-23,4.1011101072715386e-23,4.1011101072715386e-23,4.1011101072715386e-23,4.101110107271539e-23,4.101110107271539e-23,4.101110107271539e-23,4.101110107271539e-23,4.101110107271539e-23,4.101110107271539e-23,4.101110107271539e-23,4.101110107271539e-23,4.101110107271539e-23,4.101110107271539e-23,4.101110107271539e-23,4.101110107271539e-23,4.101110107271539e-23,4.101110107271539e-23,4.101110107271539e-23,4.101110107271539e-23,4.101110107271539e-23,4.101110107271539e-23,4.101110107271539e-23,4.101110107271539e-23,4.101110107271539e-23,4.101110107271539e-23,4.101110107271539e-23,4.101110107271539e-23,4.1011101072715386e-23,4.1011101072715386e-23,4.101110107271539e-23,4.1011101072715386e-23,4.1011101072715386e-23,4.1011101072715386e-23,4.1011101072715386e-23,4.101110107271539e-23,4.101110107271539e-23,4.101110107271539e-23,4.101110107271539e-23,4.101110107271539e-23,4.101110107271539e-23,4.101110107271539e-23,4.101110107271539e-23,4.101110107271539e-23,4.101110107271539e-23,4.101110107271539e-23,4.101110107271539e-23,4.101110107271539e-23,4.101110107271539e-23,4.101110107271539e-23,4.101110107271539e-23,4.101110107271539e-23,4.101110107271539e-23,4.101110107271539e-23,4.101110107271539e-23,4.101110107271539e-23,4.101110107271539e-23,4.101110107271539e-23,4.101110107271539e-23,4.101110107271539e-23,4.101110107271539e-23,4.101110107271539e-23,4.101110107271539e-23,4.101110107271539e-23,4.1011101072715386e-23,4.1011101072715386e-23,4.1011101072715386e-23,4.1011101072715386e-23,4.1011101072715386e-23,4.1011101072715386e-23,4.1011101072715386e-23,4.1011101072715386e-23,4.1011101072715386e-23,4.1011101072715386e-23,4.1011101072715386e-23,4.1011101072715386e-23,4.101110107271539e-23,4.101110107271539e-23,4.101110107271539e-23,4.101110107271539e-23,4.101110107271539e-23,4.101110107271539e-23,4.101110107271539e-23,4.101110107271539e-23,4.101110107271539e-23,4.101110107271539e-23,4.101110107271539e-23,4.101110107271539e-23,4.101110107271539e-23,4.101110107271539e-23,4.101110107271539e-23,4.101110107271539e-23,4.101110107271539e-23,4.101110107271539e-23,4.101110107271539e-23,4.101110107271539e-23,4.101110107271539e-23,4.101110107271539e-23,4.101110107271539e-23,4.101110107271539e-23,4.101110107271539e-23,4.101110107271539e-23,4.101110107271539e-23,4.101110107271539e-23,4.101110107271539e-23,4.101110107271539e-23,4.101110107271539e-23,4.101110107271539e-23,4.101110107271539e-23,4.101110107271539e-23,4.101110107271539e-23,4.101110107271539e-23,4.101110107271539e-23,4.101110107271539e-23,4.101110107271539e-23,4.101110107271539e-23,4.101110107271539e-23,4.101110107271539e-23,4.101110107271539e-23,4.101110107271539e-23,4.101110107271539e-23,4.101110107271539e-23,4.101110107271539e-23,4.101110107271539e-23,4.101110107271539e-23,4.101110107271539e-23,4.101110107271539e-23,4.101110107271539e-23,4.101110107271539e-23,4.101110107271539e-23,4.101110107271539e-23,4.101110107271539e-23,4.101110107271539e-23,4.101110107271539e-23,4.101110107271539e-23,4.101110107271539e-23,4.101110107271539e-23,4.101110107271539e-23,4.101110107271539e-23,4.101110107271539e-23,4.101110107271539e-23,4.101110107271539e-23,4.101110107271539e-23,4.101110107271539e-23,4.101110107271539e-23,4.101110107271539e-23,4.101110107271539e-23,4.101110107271539e-23,4.101110107271539e-23,4.1011101072715386e-23,4.101110107271539e-23,4.101110107271539e-23,4.101110107271539e-23,4.101110107271539e-23,4.101110107271539e-23,4.101110107271539e-23,4.101110107271539e-23,4.101110107271539e-23,4.101110107271539e-23,4.101110107271539e-23,4.101110107271539e-23,4.101110107271539e-23,4.101110107271539e-23,4.101110107271539e-23,4.101110107271539e-23,4.101110107271539e-23,4.101110107271539e-23,4.101110107271539e-23,4.101110107271539e-23,4.101110107271539e-23,4.101110107271539e-23,4.101110107271539e-23,4.101110107271539e-23,4.101110107271539e-23,4.101110107271539e-23,4.101110107271539e-23,4.101110107271539e-23,4.101110107271539e-23,4.101110107271539e-23,4.101110107271539e-23,4.101110107271539e-23,4.101110107271539e-23,4.101110107271539e-23,4.101110107271539e-23,4.101110107271539e-23,4.101110107271539e-23,4.101110107271539e-23,4.1011101072715386e-23,4.1011101072715386e-23,4.1011101072715386e-23,4.1011101072715386e-23,4.1011101072715386e-23,4.1011101072715386e-23,4.1011101072715386e-23,4.1011101072715386e-23,4.1011101072715386e-23,4.1011101072715386e-23,4.1011101072715386e-23,4.1011101072715386e-23,4.1011101072715386e-23,4.1011101072715386e-23,4.1011101072715386e-23,4.1011101072715386e-23,4.101110107271539e-23,4.101110107271539e-23,4.101110107271539e-23,4.1011101072715386e-23,4.101110107271539e-23,4.101110107271539e-23,4.101110107271539e-23,4.101110107271539e-23,4.101110107271539e-23,4.101110107271539e-23,4.101110107271539e-23,4.101110107271539e-23,4.101110107271539e-23,4.101110107271539e-23,4.101110107271539e-23,4.101110107271539e-23,4.101110107271539e-23,4.101110107271539e-23,4.101110107271539e-23,4.101110107271539e-23,4.101110107271539e-23,4.101110107271539e-23,4.101110107271539e-23,4.101110107271539e-23,4.101110107271539e-23,4.101110107271539e-23,4.101110107271539e-23,4.101110107271539e-23,4.101110107271539e-23,4.1011101072715386e-23,4.1011101072715386e-23,4.1011101072715386e-23,4.1011101072715386e-23,4.1011101072715386e-23,4.1011101072715386e-23,4.101110107271539e-23,4.101110107271539e-23,4.101110107271539e-23,4.101110107271539e-23,4.101110107271539e-23,4.101110107271539e-23,4.101110107271539e-23,4.101110107271539e-23,4.101110107271539e-23,4.101110107271539e-23,4.101110107271539e-23,4.101110107271539e-23,4.1011101072715386e-23,4.1011101072715386e-23,4.1011101072715386e-23,4.1011101072715386e-23,4.1011101072715386e-23,4.1011101072715386e-23,4.1011101072715386e-23,4.1011101072715386e-23,4.1011101072715386e-23,4.1011101072715386e-23,4.1011101072715386e-23,4.1011101072715386e-23,4.1011101072715386e-23,4.101110107271539e-23,4.101110107271539e-23,4.101110107271539e-23,4.101110107271539e-23,4.101110107271539e-23,4.101110107271539e-23,4.101110107271539e-23,4.101110107271539e-23,4.101110107271539e-23,4.101110107271539e-23,4.101110107271539e-23,4.101110107271539e-23,4.101110107271539e-23,4.101110107271539e-23,4.101110107271539e-23,4.101110107271539e-23,4.101110107271539e-23,4.101110107271539e-23,4.101110107271539e-23,4.101110107271539e-23,4.101110107271539e-23,4.101110107271539e-23,4.101110107271539e-23,4.101110107271539e-23,4.101110107271539e-23,4.101110107271539e-23,4.101110107271539e-23,4.101110107271539e-23,4.101110107271539e-23,4.101110107271539e-23,4.101110107271539e-23,4.101110107271539e-23,4.101110107271539e-23,4.101110107271539e-23,4.101110107271539e-23,4.101110107271539e-23,4.101110107271539e-23,4.101110107271539e-23,4.101110107271539e-23,4.101110107271539e-23,4.101110107271539e-23,4.101110107271539e-23,4.101110107271539e-23,4.101110107271539e-23,4.101110107271539e-23,4.101110107271539e-23,4.101110107271539e-23,4.101110107271539e-23,4.101110107271539e-23,4.101110107271539e-23,4.101110107271539e-23,4.101110107271539e-23,4.101110107271539e-23,4.101110107271539e-23,4.101110107271539e-23,4.101110107271539e-23,4.101110107271539e-23,4.101110107271539e-23,4.101110107271539e-23,4.101110107271539e-23,4.101110107271539e-23,4.101110107271539e-23,4.101110107271539e-23,4.101110107271539e-23,4.101110107271539e-23,4.101110107271539e-23,4.101110107271539e-23,4.101110107271539e-23,4.101110107271539e-23,4.101110107271539e-23,4.101110107271539e-23,4.101110107271539e-23,4.101110107271539e-23,4.101110107271539e-23,4.101110107271539e-23,4.101110107271539e-23,4.101110107271539e-23,4.101110107271539e-23,4.101110107271539e-23,4.101110107271539e-23,4.101110107271539e-23,4.101110107271539e-23,4.101110107271539e-23,4.101110107271539e-23,4.101110107271539e-23,4.101110107271539e-23,4.101110107271539e-23,4.101110107271539e-23,4.101110107271539e-23,4.101110107271539e-23,4.101110107271539e-23,4.101110107271539e-23,4.101110107271539e-23,4.101110107271539e-23,4.101110107271539e-23,4.101110107271539e-23,4.101110107271539e-23,4.101110107271539e-23,4.101110107271539e-23,4.101110107271539e-23,4.101110107271539e-23,4.101110107271539e-23,4.101110107271539e-23,4.101110107271539e-23,4.101110107271539e-23,4.101110107271539e-23,4.101110107271539e-23,4.101110107271539e-23,4.101110107271539e-23,4.101110107271539e-23,4.101110107271539e-23,4.101110107271539e-23,4.101110107271539e-23,4.101110107271539e-23,4.101110107271539e-23,4.101110107271539e-23,4.101110107271539e-23,4.101110107271539e-23,4.101110107271539e-23,4.101110107271539e-23,4.101110107271539e-23,4.101110107271539e-23,4.101110107271539e-23,4.1011101072715386e-23,4.1011101072715386e-23,4.1011101072715386e-23,4.101110107271539e-23,4.101110107271539e-23,4.101110107271539e-23,4.101110107271539e-23,4.101110107271539e-23,4.101110107271539e-23,4.101110107271539e-23,4.101110107271539e-23,4.101110107271539e-23,4.101110107271539e-23,4.101110107271539e-23,4.101110107271539e-23,4.101110107271539e-23,4.101110107271539e-23,4.101110107271539e-23,4.101110107271539e-23,4.101110107271539e-23,4.101110107271539e-23,4.101110107271539e-23,4.101110107271539e-23,4.101110107271539e-23,4.101110107271539e-23,4.101110107271539e-23,4.101110107271539e-23,4.101110107271539e-23,4.101110107271539e-23,4.101110107271539e-23,4.101110107271539e-23,4.101110107271539e-23,4.101110107271539e-23,4.101110107271539e-23,4.101110107271539e-23,4.101110107271539e-23,4.101110107271539e-23,4.101110107271539e-23,4.101110107271539e-23,4.101110107271539e-23,4.101110107271539e-23,4.101110107271539e-23,4.101110107271539e-23,4.101110107271539e-23,4.101110107271539e-23,4.101110107271539e-23,4.101110107271539e-23,4.101110107271539e-23,4.101110107271539e-23,4.101110107271539e-23,4.101110107271539e-23,4.101110107271539e-23,4.101110107271539e-23,4.101110107271539e-23,4.101110107271539e-23,4.101110107271539e-23,4.101110107271539e-23,4.101110107271539e-23,4.101110107271539e-23,4.101110107271539e-23,4.101110107271539e-23,4.101110107271539e-23,4.101110107271539e-23,4.101110107271539e-23,4.101110107271539e-23,4.101110107271539e-23,4.101110107271539e-23,4.101110107271539e-23,4.101110107271539e-23,4.101110107271539e-23,4.101110107271539e-23,4.1011101072715386e-23,4.1011101072715386e-23,4.1011101072715386e-23,4.1011101072715386e-23,4.101110107271539e-23,4.101110107271539e-23,4.101110107271539e-23,4.101110107271539e-23,4.101110107271539e-23,4.101110107271539e-23,4.101110107271539e-23,4.101110107271539e-23,4.101110107271539e-23,4.101110107271539e-23,4.101110107271539e-23,4.101110107271539e-23,4.101110107271539e-23,4.101110107271539e-23,4.101110107271539e-23,4.101110107271539e-23,4.101110107271539e-23,4.101110107271539e-23,4.101110107271539e-23,4.101110107271539e-23,4.101110107271539e-23,4.101110107271539e-23,4.101110107271539e-23,4.101110107271539e-23,4.101110107271539e-23,4.101110107271539e-23,4.101110107271539e-23,4.101110107271539e-23,4.101110107271539e-23,4.1011101072715386e-23,4.1011101072715386e-23,4.1011101072715386e-23,4.1011101072715386e-23,4.1011101072715386e-23,4.1011101072715386e-23,4.1011101072715386e-23,4.1011101072715386e-23,4.1011101072715386e-23,4.1011101072715386e-23,4.1011101072715386e-23,4.101110107271539e-23,4.101110107271539e-23,4.101110107271539e-23,4.101110107271539e-23,4.101110107271539e-23,4.101110107271539e-23,4.101110107271539e-23,4.101110107271539e-23,4.101110107271539e-23,4.101110107271539e-23,4.101110107271539e-23,4.101110107271539e-23,4.101110107271539e-23,4.101110107271539e-23,4.101110107271539e-23,4.101110107271539e-23,4.101110107271539e-23,4.101110107271539e-23,4.101110107271539e-23,4.101110107271539e-23,4.101110107271539e-23,4.101110107271539e-23,4.101110107271539e-23,4.101110107271539e-23,4.101110107271539e-23,4.101110107271539e-23,4.101110107271539e-23,4.101110107271539e-23,4.101110107271539e-23,4.101110107271539e-23,4.101110107271539e-23,4.101110107271539e-23,4.101110107271539e-23,4.101110107271539e-23,4.101110107271539e-23,4.101110107271539e-23,4.101110107271539e-23,4.101110107271539e-23,4.101110107271539e-23,4.101110107271539e-23,4.101110107271539e-23,4.101110107271539e-23,4.101110107271539e-23,4.101110107271539e-23,4.101110107271539e-23,4.101110107271539e-23,4.101110107271539e-23,4.101110107271539e-23,4.101110107271539e-23,4.101110107271539e-23,4.101110107271539e-23,4.101110107271539e-23,4.101110107271539e-23,4.101110107271539e-23,4.101110107271539e-23,4.101110107271539e-23,4.101110107271539e-23,4.101110107271539e-23,4.101110107271539e-23,4.101110107271539e-23,4.101110107271539e-23,4.101110107271539e-23,4.101110107271539e-23,4.101110107271539e-23,4.101110107271539e-23,4.101110107271539e-23,4.101110107271539e-23,4.101110107271539e-23,4.101110107271539e-23,4.101110107271539e-23,4.101110107271539e-23,4.101110107271539e-23,4.101110107271539e-23,4.101110107271539e-23,4.101110107271539e-23,4.101110107271539e-23,4.101110107271539e-23,4.101110107271539e-23,4.101110107271539e-23,4.101110107271539e-23,4.101110107271539e-23,4.101110107271539e-23,4.101110107271539e-23,4.101110107271539e-23,4.101110107271539e-23,4.101110107271539e-23,4.101110107271539e-23,4.101110107271539e-23,4.101110107271539e-23,4.101110107271539e-23,4.101110107271539e-23,4.101110107271539e-23,4.101110107271539e-23,4.101110107271539e-23,4.101110107271539e-23,4.101110107271539e-23,4.101110107271539e-23,4.101110107271539e-23,4.101110107271539e-23,4.101110107271539e-23,4.101110107271539e-23,4.101110107271539e-23,4.101110107271539e-23,4.101110107271539e-23,4.101110107271539e-23,4.101110107271539e-23,4.101110107271539e-23,4.101110107271539e-23,4.101110107271539e-23,4.101110107271539e-23,4.101110107271539e-23,4.101110107271539e-23,4.101110107271539e-23,4.101110107271539e-23,4.1011101072715386e-23,4.1011101072715386e-23,4.1011101072715386e-23,4.1011101072715386e-23,4.101110107271539e-23,4.101110107271539e-23,4.101110107271539e-23,4.101110107271539e-23,4.101110107271539e-23,4.101110107271539e-23,4.101110107271539e-23,4.101110107271539e-23,4.101110107271539e-23,4.101110107271539e-23,4.101110107271539e-23,4.101110107271539e-23,4.101110107271539e-23,4.101110107271539e-23,4.101110107271539e-23,4.101110107271539e-23,4.101110107271539e-23,4.101110107271539e-23,4.101110107271539e-23,4.101110107271539e-23,4.101110107271539e-23,4.101110107271539e-23,4.101110107271539e-23,4.101110107271539e-23,4.101110107271539e-23,4.101110107271539e-23,4.101110107271539e-23,4.101110107271539e-23,4.101110107271539e-23,4.101110107271539e-23,4.101110107271539e-23,4.101110107271539e-23,4.101110107271539e-23,4.101110107271539e-23,4.101110107271539e-23,4.101110107271539e-23,4.101110107271539e-23,4.101110107271539e-23,4.101110107271539e-23,4.101110107271539e-23,4.101110107271539e-23,4.101110107271539e-23,4.101110107271539e-23,4.101110107271539e-23,4.101110107271539e-23,4.101110107271539e-23,4.101110107271539e-23,4.840405053602244e-21,7.870827251585872e-21,9.913989651835524e-21,1.142131067654878e-20,1.2653757195500553e-20,1.3763034994133547e-20,1.4838575506768293e-20,1.5934651086367984e-20,1.708599156022879e-20,1.8316776351043765e-20,1.964583013779812e-20,2.108965774360001e-20,2.2664261861107135e-20,2.4386287421686402e-20,2.6273806566817868e-20,2.8346927021186754e-20,3.0628332601219474e-20,3.314382362091866e-20,3.592290320740635e-20,3.8999445148624084e-20,4.24124753390654e-20,4.620710078932594e-20,5.0435622320365673e-20,5.515887846756629e-20,6.044787522549089e-20,6.638577297063908e-20,7.30703174545735e-20,8.061683441072004e-20,8.916192630597601e-20,9.886807034873066e-20,1.0992935942929305e-19,1.2257871400633774e-19,1.370969929734063e-19,1.5382457503012405e-19,1.731761780778291e-19,1.9565994573613098e-19,2.21902213211753e-19,2.526798847171219e-19,2.8896310518879476e-19,3.3197198269454285e-19,3.8325267727116073e-19,4.44780462697943e-19,5.191007748186577e-19,6.095243971738655e-19,7.204007875410818e-19,8.575057427388794e-19,1.0285988594986843e-18,1.244237144325717e-18,1.518981802503098e-18,1.8732198650379054e-18,2.3359670928470527e-18,2.949272281114167e-18,3.7752998107275224e-18,4.9080141697072765e-18,6.493013200220165e-18,8.76228188488086e-18,1.209731468367141e-17,1.714852265705862e-17,2.5071872770868185e-17,3.802374729973134e-17,6.0262792184175e-17,7.813648565937375e-17,7.813648565940171e-17,7.813648565953277e-17,1.4020012319452696e-16,2.6428723659092054e-16,5.48539099003644e-16,1.3009567782790484e-15,3.712028165381195e-15,1.3788083149604609e-14,7.485993442340126e-14,6.719628550735795e-13,9.651670868053847e-12,5.051094324172069e-11,5.051094324176976e-11,5.051094324183609e-11,5.05109432419099e-11,5.051094324199024e-11,5.051094324207851e-11,5.051094324217645e-11,5.0510943242286523e-11,5.051094324241226e-11,5.0510943242558776e-11,5.051094324304996e-11,5.051094324354114e-11,5.051094324442007e-11,7.733838626004144e-10,7.091705922011732e-09,4.07156840656526e-08,1.5790918180014865e-07,4.523848498144999e-07,1.0295567686246058e-06,1.962985537709649e-06,3.252875907008984e-06,4.7954393727326165e-06,6.382286398637301e-06,7.791693760104154e-06,8.899308630248883e-06,9.682847914470866e-06,1.0175937953303273e-05,1.0431220301288566e-05,1.0501594070390245e-05,1.0432833169592757e-05,1.0259611937145284e-05,9.960852126214438e-06,9.988221861008065e-06,1.0024197105202747e-05,1.0051281606924805e-05,1.0067356790780602e-05,1.007264890691093e-05,1.0068062110767605e-05,1.0054713128468782e-05,1.0033744575206157e-05,1.0006241881610448e-05,9.973197854489885e-06,9.9355008278907e-06,9.893934684224035e-06,9.84918469540346e-06,9.801845966933981e-06,9.752432755162401e-06,9.70138773602855e-06,9.649090753029324e-06,9.595866825017771e-06,9.54199333673911e-06,9.487706413725103e-06,9.433206524921526e-06,9.378663376576658e-06,9.32422016854879e-06,9.269997284673304e-06,9.216095485425308e-06,9.162598665747362e-06,9.109576234748154e-06,9.057085167684416e-06,9.005171774597082e-06,8.953873224369651e-06,8.903218857913354e-06,8.853231319666562e-06,8.803927532617847e-06,8.755319538585984e-06,8.707415222465433e-06,8.660218936532388e-06,8.613732038647692e-06,8.567953356250516e-06,8.522879586367968e-06,8.478505640428747e-06,8.4348249414424e-06,8.391829680046757e-06,8.349511035023107e-06,8.307859363102077e-06,8.266864362213982e-06,8.226515211771751e-06,8.186800693075239e-06,8.147709292510651e-06,8.10922928985309e-06,8.071348833666645e-06,8.034056005530352e-06,7.997338874585126e-06,7.961185543697276e-06,7.925584188361307e-06,7.890523089316946e-06,7.855990659725563e-06,7.821975467639959e-06,7.788466254405757e-06,7.755451949547773e-06,7.72292168262385e-06,7.690864792465302e-06,7.65927083416676e-06,7.628129584144696e-06,7.5974310435384634e-06,7.56716544019425e-06,7.537323229441854e-06,7.507895093843779e-06,7.478871942076069e-06,7.450244907077636e-06,7.422005343586905e-06,7.394144825169804e-06,7.366655140828997e-06,7.33952829127169e-06,7.3127564849033105e-06,7.2863321336071545e-06,7.260247848357457e-06,7.234496434711384e-06,7.209070888216973e-06,7.183964389768232e-06,7.159170300935434e-06,7.134682159293858e-06,7.110493673770726e-06,7.0865987200268176e-06,7.062991335887378e-06,7.039665716833335e-06,7.016616211563507e-06,6.9938373176347305e-06,6.9713236771863175e-06,6.9490700727554254e-06,6.9270714231848526e-06,6.905322779628514e-06,6.88381932165482e-06,6.862556353450512e-06,6.84152930012468e-06,6.820733704114761e-06,6.800165221691508e-06,6.779819619564926e-06,6.7596927715889174e-06,6.739780655562675e-06,6.7200793501292285e-06,6.7005850317670615e-06,6.681293971875113e-06,6.6622025339477055e-06,6.64330717083791e-06,6.624604422107144e-06,6.606090911458618e-06,6.5877633442529095e-06,6.5696185051030156e-06,6.55165325554574e-06,6.533864531789976e-06,6.516249342535463e-06,6.498804766864355e-06,6.4815279521994986e-06,6.4644161123296494e-06,6.447466525499076e-06,6.4306765325584625e-06,6.414043535176815e-06,6.397564994110189e-06,6.381238427528002e-06,6.365061409392435e-06,6.3490315678907665e-06,6.333146583918381e-06,6.317404189610646e-06,6.301802166921884e-06,6.286338346250524e-06,6.271010605107522e-06,6.255816866828274e-06,6.240755099324788e-06,6.2258233138779835e-06,6.2110195639684876e-06,6.19634194414383e-06,6.181788588921766e-06,6.1673576717279e-06,6.1530474038667395e-06,6.138856033524544e-06,6.124781844803816e-06,6.110823156786714e-06,6.096978322628409e-06,6.083245728677631e-06,6.069623793624725e-06,6.056110967675074e-06,6.042705731748209e-06,6.029406596701061e-06,6.016212102574193e-06,6.003120817861497e-06,5.990131338801051e-06,5.977242288687499e-06,5.964452317204471e-06,5.951760099777303e-06,5.939164336944229e-06,5.92666375374635e-06,5.914257099135175e-06,5.901943145397777e-06,5.889720687598022e-06,5.877588543034247e-06,5.865545550712672e-06,5.853590570835256e-06,5.841722484302612e-06,5.829940192230797e-06,5.818242615482011e-06,5.8066286942078015e-06,5.795097387405801e-06,5.7836476724881e-06,5.772278544862323e-06,5.7609890175234925e-06,5.749778120657458e-06,5.738644901255395e-06,5.727588422738154e-06,5.7166077645914935e-06,5.705702022010631e-06,5.694870305554587e-06,5.684111740809394e-06,5.673425468060959e-06,5.662810641976139e-06,5.65226643129194e-06,5.6417920185134625e-06,5.6313865996193905e-06,5.621049383775308e-06,5.6107795930542056e-06,5.6005764621646104e-06,5.590439238184912e-06,5.580367180305756e-06,5.570359559577388e-06,5.560415658664968e-06,5.5505347716090155e-06,5.540716203591923e-06,5.530959270711019e-06,5.521263299756589e-06,5.511627627995768e-06,5.502051602961259e-06,5.492534582246066e-06,5.4830759333027015e-06,5.473675033247228e-06,5.464331268668094e-06,5.45504403544009e-06,5.445812738541983e-06,5.436636791879121e-06,5.4275156181101505e-06,5.418448648477408e-06,5.409435322641974e-06,5.400475088522302e-06,5.391567402136385e-06,5.382711727448064e-06,5.373907536216617e-06,5.365154307849893e-06,5.356451529260971e-06,5.347798694727778e-06,5.339195305756196e-06,5.330640870946316e-06,5.322134905861457e-06,5.313676932900412e-06,5.305266481172312e-06,5.296903086374717e-06,5.288586290673819e-06,5.280315642587702e-06,5.2720906968722195e-06,5.263911014409426e-06,5.255776162097679e-06,5.2476857127456046e-06,5.2396392449668934e-06,5.231636343078203e-06,5.223676596999311e-06,5.215759602154879e-06,5.207884959378703e-06,5.2000522748200125e-06,5.192261159851731e-06,5.1845112309803275e-06,5.176802109758195e-06,5.169133422697417e-06,5.161504801185328e-06,5.1539158814022985e-06,5.146366304240576e-06,5.138855715225285e-06,5.131383764436756e-06,5.123950106434826e-06,5.11655440018426e-06,5.10919630898191e-06,5.101875500385291e-06,5.094591646142863e-06,5.087344422125074e-06,5.080133508257686e-06,5.072958588455438e-06,5.0658193505580125e-06,5.05871548626639e-06,5.051646691081219e-06,5.044612664241809e-06,5.037613108666759e-06,5.030647730895221e-06,5.023716241030136e-06,5.0168183526815215e-06,5.009953782912026e-06,5.003122252182191e-06,4.996323484298205e-06,4.989557206359364e-06,4.982823148707446e-06,4.97612104487673e-06,4.96945063154473e-06,4.9628116484840955e-06,4.956203838515612e-06,4.949626947461583e-06,4.943080724100749e-06,4.936564920123078e-06,4.930079290086594e-06,4.923623591373854e-06,4.917197584150117e-06,4.910801031321788e-06,4.9044336984956465e-06,4.89809535393925e-06,4.891785768541287e-06,4.885504715773314e-06,4.879251971652128e-06,4.8730273147023084e-06,4.86683052592002e-06,4.860661388737032e-06,4.854519688985668e-06,4.848405214864296e-06,4.842317756903253e-06,4.836257107931606e-06,4.8302230630444365e-06,4.824215419570598e-06,4.818233977040945e-06,4.812278537157772e-06,4.806348903763685e-06,4.800444882812065e-06,4.7945662823372115e-06,4.788712912425618e-06,4.782884585187566e-06,4.777081114728803e-06,4.771302317123265e-06,4.765548010386044e-06,4.759818014446535e-06,4.754112151122647e-06,4.748430244094821e-06,4.742772118880713e-06,4.737137602810815e-06,4.731526525003277e-06,4.725938716340551e-06,4.720374009445162e-06,4.7148322386569405e-06,4.70931324000985e-06,4.7038168512096805e-06,4.69834291161169e-06,4.692891262199108e-06,4.6874617455613855e-06,4.682054205873463e-06,4.6766684888749635e-06,4.671304441849508e-06,4.665961913605089e-06,4.660640754453911e-06,4.655340816193193e-06,4.650061952085926e-06,4.644804016842207e-06,4.6395668666005865e-06,4.634350358909738e-06,4.629154352710807e-06,4.623978708319447e-06,4.618823287408477e-06,4.613687952990877e-06,4.60857256940293e-06,4.603477002287446e-06,4.598401118577653e-06,4.5933447864809065e-06,4.588307875462879e-06,4.583290256232231e-06,4.578291800724802e-06,4.573312382088837e-06,4.568351874669912e-06,4.563410153996208e-06,4.558487096764297e-06,4.553582580824716e-06,4.548696485167906e-06,4.543828689910489e-06,4.538979076281725e-06,4.534147526609993e-06,4.529333924309537e-06,4.524538153867612e-06,4.519760100831525e-06,4.514999651796136e-06,4.510256694391096e-06,4.505531117269183e-06,4.5008228100935155e-06,4.496131663526075e-06,4.491457569215965e-06,4.486800419787603e-06,4.4821601088295415e-06,4.477536530882983e-06,4.472929581431055e-06,4.468339156887498e-06,4.46376515458627e-06,4.459207472770673e-06,4.454666010582919e-06,4.450140668054025e-06,4.445631346093319e-06,4.441137946478758e-06,4.436660371846701e-06,4.432198525682531e-06,4.427752312310786e-06,4.423321636885648e-06,4.418906405381784e-06,4.414506524585069e-06,4.410121902083555e-06,4.405752446258181e-06,4.401398066274436e-06,4.3970586720732605e-06,4.39273417436266e-06,4.388424484608966e-06,4.384129515028863e-06,4.379849178580733e-06,4.375583388956863e-06,4.3713320605751e-06,4.367095108571104e-06,4.362872448790574e-06,4.358663997781347e-06,4.35446967278601e-06,4.350289391734203e-06,4.346123073235363e-06,4.341970636571193e-06,4.337832001688847e-06,4.333707089193266e-06,4.329595820340738e-06,4.325498117031413e-06,4.321413901802956e-06,4.317343097823243e-06,4.313285628884428e-06,4.309241419395605e-06,4.305210394376879e-06,4.3011924794526094e-06,4.29718760084529e-06,4.293195685369102e-06,4.28921666042408e-06,4.285250453989747e-06,4.281296994619011e-06,4.277356211432639e-06,4.273428034112971e-06,4.269512392898572e-06,4.265609218578049e-06,4.261718442484721e-06,4.257839996491072e-06,4.253973813003082e-06,4.250119824954886e-06,4.246277965803433e-06,4.242448169523101e-06,4.238630370600811e-06,4.234824504030215e-06,4.231030505307261e-06,4.227248310424699e-06,4.2234778558675076e-06,4.219719078607553e-06,4.215971916099083e-06,4.212236306273771e-06,4.208512187535942e-06,4.204799498758084e-06,4.20109817927609e-06,4.197408168884616e-06,4.193729407832837e-06,4.190061836819696e-06,4.186405396989764e-06,4.182760029928764e-06,4.179125677659187e-06,4.175502282636269e-06,4.171889787743579e-06,4.168288136289019e-06,4.164697272000827e-06,4.161117139023163e-06,4.1575476819124705e-06,4.1539888456334515e-06,4.150440575554955e-06,4.146902817446492e-06,4.143375517473979e-06,4.1398586221965125e-06,4.136352078562046e-06,4.13285583390409e-06,4.12936983593814e-06,4.125894032757668e-06,4.122428372831102e-06,4.118972804997736e-06,4.115527278464911e-06,4.1120917428039705e-06,4.108666147947321e-06,4.105250444184777e-06,4.1018445821603006e-06,4.098448512869048e-06,4.0950621876535614e-06,4.0916855582010615e-06,4.088318576540048e-06,4.0849611950372786e-06,4.0816133663943874e-06,4.078275043645313e-06,4.0749461801527674e-06,4.071626729605727e-06,4.068316646015999e-06,4.065015883715618e-06,4.061724397353862e-06,4.058442141894396e-06,4.055169072612337e-06,4.05190514509166e-06,4.0486503152222845e-06,4.045404539197304e-06,4.04216777351046e-06,4.038939974953278e-06,4.035721100612485e-06,4.032511107867518e-06,4.029309954387639e-06,4.026117598129676e-06,4.022933997335269e-06,4.019759110528556e-06,4.016592896513542e-06,4.013435314371684e-06,4.010286323459511e-06,4.007145883406155e-06,4.00401395411106e-06,4.000890495741483e-06,3.997775468730402e-06,3.994668833774079e-06,3.991570551829622e-06,3.988480584113107e-06,3.985398892097029e-06,3.982325437508278e-06,3.979260182325827e-06,3.9762030887787065e-06,3.973154119343853e-06,3.970113236743846e-06,3.967080403944956e-06,3.964055584155162e-06,3.9610387408218585e-06,3.958029837630035e-06,3.955028838500118e-06,3.952035707586183e-06,3.94905040927371e-06,3.946072908178067e-06,3.943103169142073e-06,3.940141157234531e-06,3.937186837748019e-06,3.934240176197309e-06,3.931301138317343e-06,3.928369690061374e-06,3.925445797599358e-06,3.9225294273159495e-06,3.9196205458089165e-06,3.916719119887151e-06,3.913825116569237e-06,3.910938503081442e-06,3.908059246856288e-06,3.905187315530632e-06,3.90232267694408e-06,3.8994652991374515e-06,3.896615150350951e-06,3.893772199022704e-06,3.890936413787174e-06,3.8881077634733495e-06,3.88528621710343e-06,3.8824717438911026e-06,3.8796643132402625e-06,3.87686389474308e-06,3.874070458178854e-06,3.871283973512331e-06,3.868504410892245e-06,3.865731740649981e-06,3.862965933298033e-06,3.860206959528412e-06,3.857454790211588e-06,3.8547093963946e-06,3.851970749300337e-06,3.849238820325339e-06,3.8465135810391155e-06,3.84379500318248e-06,3.841083058666122e-06,3.838377719569613e-06,3.835678958139701e-06,3.832986746789326e-06,3.830301058096134e-06,3.827621864801296e-06,3.824949139808187e-06,3.822282856181136e-06,3.819622987144343e-06,3.816969506080324e-06,3.814322386528973e-06,3.8116816021863005e-06,3.809047126903091e-06,3.806418934683938e-06,3.8037969996858804e-06,3.801181296217449e-06,3.7985717987371862e-06,3.7959684818529004e-06,3.793371320320281e-06,3.7907802890417144e-06,3.78819536306552e-06,3.785616517584463e-06,3.7830437279349346e-06,3.7804769695958075e-06,3.777916218187228e-06,3.7753614494696884e-06,3.772812639343069e-06,3.770269763845316e-06,3.7677327991517697e-06,3.7652017215738087e-06,3.762676507558077e-06,3.760157133685305e-06,3.7576435766695714e-06,3.7551358133569753e-06,3.752633820724955e-06,3.750137575881157e-06,3.7476470560625144e-06,3.745162238634424e-06,3.742683101089607e-06,3.7402096210472355e-06,3.7377417762521415e-06,3.735279544573766e-06,3.732822904005247e-06,3.7303718326626506e-06,3.7279263087839274e-06,3.725486310728106e-06,3.723051816974449e-06,3.720622806121497e-06,3.718199256886351e-06,3.715781148103675e-06,3.7133684587248214e-06,3.7109611678171598e-06,3.7085592545633427e-06,3.7061626982599936e-06,3.7037714783173575e-06,3.701385574258469e-06,3.699004965718012e-06,3.6966296324418524e-06,3.6942595542861895e-06,3.6918947112166153e-06,3.689535083307503e-06,3.6871806507412342e-06,3.6848313938074186e-06,3.6824872929019736e-06,3.6801483285266594e-06,3.677814481288167e-06,3.6754857318974583e-06,3.673162061168959e-06,3.670843450019858e-06,3.668529879469499e-06,3.666221330638509e-06,3.66391778474827e-06,3.6616192231199587e-06,3.6593256271742768e-06,3.657036978430236e-06,3.654753258505054e-06,3.6524744491128728e-06,3.6502005320646697e-06,3.647931489267112e-06,3.645667302722323e-06,3.643407954526851e-06,3.6411534268713612e-06,3.638903702039651e-06,3.6366587624083067e-06,3.6344185904459406e-06,3.632183168712648e-06,3.6299524798592455e-06,3.6277265066267504e-06,3.6255052318458415e-06,3.6232886384360926e-06,3.6210767094054535e-06,3.618869427849803e-06,3.616666776952037e-06,3.6144687399818553e-06,3.612275300294754e-06,3.610086441331871e-06,3.6079021466192744e-06,3.605722399767206e-06,3.6035471844697653e-06,3.6013764845042516e-06,3.5992102837305667e-06,3.5970485660908517e-06,3.594891315608717e-06,3.592738516388826e-06,3.5905901526163552e-06,3.588446208556479e-06,3.586306668553742e-06,3.5841715170317127e-06,3.5820407384923404e-06,3.579914317515365e-06,3.577792238758021e-06,3.575674486954458e-06,3.573561046915096e-06,3.571451903526305e-06,3.5693470417499623e-06,3.567246446622592e-06,3.5651501032553577e-06,3.5630579968332754e-06,3.5609701126149128e-06,3.5588864359316684e-06,3.5568069521876608e-06,3.5547316468588667e-06,3.552660505493121e-06,3.5505935137091263e-06,3.5485306571963458e-06,3.54647192171464e-06,3.5444172930934763e-06,3.5423667572316984e-06,3.540320300097119e-06,3.5382779077259518e-06,3.5362395662224354e-06,3.5342052617584815e-06,3.532174980573057e-06,3.53014870897202e-06,3.528126433327505e-06,3.526108140077468e-06,3.5240938157254752e-06,3.5220834468401195e-06,3.520077020054795e-06,3.518074522067052e-06,3.5160759396382403e-06,3.514081259593501e-06,3.512090468820643e-06,3.510103554270489e-06,3.508120502956004e-06,3.506141301952182e-06,3.5041659383954333e-06,3.5021943994833164e-06,3.5002266724743505e-06,3.498262744687239e-06,3.496302603500771e-06,3.494346236353447e-06,3.492393630743104e-06,3.4904447742263476e-06,3.4884996544185363e-06,3.486558258993122e-06,3.48462057568144e-06,3.4826865922723166e-06,3.480756296611802e-06,3.4788296766027153e-06,3.476906720204269e-06,3.474987415431919e-06,3.4730717503567373e-06,3.471159713105536e-06,3.4692512918598596e-06,3.4673464748563254e-06,3.465445250385905e-06,3.4635476067936267e-06,3.461653532478387e-06,3.4597630158925183e-06,3.457876045541574e-06,3.4559926099838324e-06,3.4541126978302705e-06,3.452236297743921e-06,3.4503633984396834e-06,3.448493988684164e-06,3.4466280572953284e-06,3.444765593141858e-06,3.4429065851433283e-06,3.4410510222696453e-06,3.4391988935407244e-06,3.4373501880263576e-06,3.435504894845787e-06,3.4336630031674584e-06,3.4318245022087712e-06,3.4299893812356993e-06,3.428157629562616e-06,3.426329236551873e-06,3.4245041916136835e-06,3.4226824842056616e-06,3.4208641038328537e-06,3.4190490400469763e-06,3.4172372824465744e-06,3.4154288206766636e-06,3.413623644428288e-06,3.411821743438414e-06,3.4100231074895626e-06,3.408227726409635e-06,3.4064355900716224e-06,3.404646688393382e-06,3.4028610113372044e-06,3.4010785489098155e-06,3.399299291161946e-06,3.3975232281881464e-06,3.3957503501264784e-06,3.393980647158401e-06,3.3922141095083186e-06,3.3904507274435468e-06,3.388690491273893e-06,3.386933391351529e-06,3.3851794180707263e-06,3.383428561867619e-06,3.381680813219944e-06,3.3799361626467246e-06,3.3781946007082907e-06,3.3764561180057196e-06,3.3747207051809645e-06,3.3729883529162426e-06,3.3712590519341025e-06,3.3695327929970713e-06,3.3678095669075005e-06,3.366089364507155e-06,3.364372176677326e-06,3.3626579943383248e-06,3.360946808449337e-06,3.3592386100082916e-06,3.3575333900515024e-06,3.355831139653652e-06,3.3541318499274198e-06,3.352435512023145e-06,3.3507421171291316e-06,3.349051656470828e-06,3.347364121311016e-06,3.345679502949386e-06,3.343997792722505e-06,3.3423189820035743e-06,3.3406430622020813e-06,3.3389700247638033e-06,3.337299861170466e-06,3.3356325629396116e-06,3.3339681216244526e-06,3.332306528813534e-06,3.330647776130629e-06,3.3289918552346226e-06,3.3273387578191365e-06,3.325688475612513e-06,3.3240410003775835e-06,3.322396323911346e-06,3.3207544380449924e-06,3.3191153346436274e-06,3.3174790056059826e-06,3.3158454428643827e-06,3.3142146383846647e-06,3.3125865841656194e-06,3.310961272239122e-06,3.309338694669998e-06,3.3077188435555727e-06,3.3061017110257154e-06,3.304487289242616e-06,3.3028755704006185e-06,3.3012665467259572e-06,3.2996602104767807e-06,3.2980565539427062e-06,3.2964555694449326e-06,3.2948572493359123e-06,3.293261585999152e-06,3.2916685718493388e-06,3.2900781993317064e-06,3.2884904609223224e-06,3.286905349127525e-06,3.2853228564841433e-06,3.283742975559108e-06,3.282165698949341e-06,3.280591019281625e-06,3.27901892921235e-06,3.2774494214275574e-06,3.2758824886425688e-06,3.27431812360202e-06,3.2727563190794516e-06,3.271197067877513e-06,3.269640362827518e-06,3.268086196789473e-06,3.266534562651773e-06,3.264985453331128e-06,3.2634388617725866e-06,3.261894780949006e-06,3.260353203861231e-06,3.258814123537994e-06,3.25727753303539e-06,3.2557434254370807e-06,3.2542117938540527e-06,3.252682631424501e-06,3.251155931313627e-06,3.249631686713482e-06,3.248109890842963e-06,3.246590536947552e-06,3.24507361829924e-06,3.243559128196439e-06,3.242047059963603e-06,3.2405374069514184e-06,3.2390301625365214e-06,3.237525320121403e-06,3.236022873134102e-06,3.2345228150283595e-06,3.233025139283382e-06,3.231529839403502e-06,3.230036908918453e-06,3.2285463413828673e-06,3.2270581303763485e-06,3.225572269503343e-06,3.224088752392921e-06,3.222607572698731e-06,3.2211287240989186e-06,3.219652200295749e-06,3.2181779950160088e-06,3.2167061020101953e-06,3.2152365150529427e-06,3.213769227942687e-06,3.2123042345015994e-06,3.2108415285753934e-06,3.2093811040332903e-06,3.207922954767871e-06,3.206467074694941e-06,3.205013457753494e-06,3.2035620979054725e-06,3.202112989135703e-06,3.2006661254519378e-06,3.199221500884492e-06,3.1977791094862194e-06,3.196338945332535e-06,3.1949010025211613e-06,3.1934652751720213e-06,3.1920317574271845e-06,3.1906004434508316e-06,3.189171327428799e-06,3.187744403569078e-06,3.186319666101087e-06,3.1848971092759678e-06,3.1834767273663516e-06,3.182058514666154e-06,3.180642465490713e-06,3.1792285741764197e-06,3.1778168350808434e-06,3.1764072425824376e-06,3.1749997910806154e-06,3.173594474995509e-06,3.1721912887679366e-06,3.170790226859286e-06,3.169391283751398e-06,3.1679944539465984e-06,3.1665997319672624e-06,3.165207112356248e-06,3.163816589676236e-06,3.1624281585100916e-06,3.1610418134604186e-06,3.159657549149737e-06,3.1582753602202615e-06,3.1568952413336325e-06,3.1555171871713347e-06,3.154141192433987e-06,3.15276725184176e-06,3.151395360133837e-06,3.1500255120687767e-06,3.148657702424059e-06,3.1472919259962e-06,3.145928177600568e-06,3.144566452071303e-06,3.143206744261327e-06,3.1418490490421243e-06,3.1404916361839603e-06,3.1391377935293667e-06,3.1377860581346815e-06,3.1364363350076033e-06,3.135088606651071e-06,3.133742863928266e-06,3.13239910015301e-06,3.1310573095701307e-06,3.129717486850291e-06,3.1283796269560583e-06,3.127043724812915e-06,3.125709775512736e-06,3.124377774175735e-06,3.1230477158350686e-06,3.121719595712762e-06,3.120393408884349e-06,3.119069150503597e-06,3.117746815821825e-06,3.1164264000005057e-06,3.115107898234348e-06,3.113791305809777e-06,3.112476617989302e-06,3.111163829973451e-06,3.1098529371198237e-06,3.1085439346792805e-06,3.1072368179620343e-06,3.1059315823285783e-06,3.104628223130135e-06,3.1033267357381025e-06,3.1020271155547446e-06,3.1007293579475236e-06,3.0994334584103324e-06,3.0981394122798985e-06,3.0968472150258498e-06,3.095556862197789e-06,3.0942683491543087e-06,3.092981671469254e-06,3.0916968246233408e-06,3.090413804145106e-06,3.0891326056892856e-06,3.0878532246811863e-06,3.0865756567121006e-06,3.0852998973970038e-06,3.0840259423522957e-06,3.0827537872115305e-06,3.0814834275826005e-06,3.080214859131118e-06,3.0789480775269423e-06,3.077683078445551e-06,3.0764198575889647e-06,3.075158410668638e-06,3.0738987334122157e-06,3.0726408215693605e-06,3.0713846708791597e-06,3.0701302771038116e-06,3.0688776360673295e-06,3.0676267435473076e-06,3.066377595357719e-06,3.0651301873416503e-06,3.063884515334078e-06,3.06264057522499e-06,3.0613983627854636e-06,3.060157873955349e-06,3.0589191046355063e-06,3.0576820507257673e-06,3.0564467081830088e-06,3.0552130729452045e-06,3.0539811409403676e-06,3.052750908157784e-06,3.051522370563724e-06,3.050295524157204e-06,3.049070364946252e-06,3.047846888950048e-06,3.0466250922229337e-06,3.0454049707916397e-06,3.044186520723814e-06,3.0429697380917244e-06,3.0417546190003304e-06,3.0405411595252285e-06,3.039329355757593e-06,3.038119203891818e-06,3.0369107000332515e-06,3.0357038403359286e-06,3.0344986209733497e-06,3.033295038136725e-06,3.0320930879899043e-06,3.0308927666715712e-06,3.0296940704583285e-06,3.0284969956731634e-06,3.0273015384808395e-06,3.026107695145e-06,3.0249154618982815e-06,3.023724835051192e-06,3.0225358108655846e-06,3.021348385679134e-06,3.0201625557873e-06,3.0189783175144677e-06,3.0177956671721736e-06,3.016614601151287e-06,3.0154351158103513e-06,3.0142572075147834e-06,3.0130808726534957e-06,3.011906107636596e-06,3.010732908851288e-06,3.0095612727308773e-06,3.0083911957061208e-06,3.0072226742254176e-06,3.0060557047473958e-06,3.00489028373636e-06,3.003726407670348e-06,3.002564073044237e-06,3.001403276358e-06,3.0002440141188238e-06,2.9990862828629464e-06,2.9979300791232442e-06,2.9967753994448757e-06,2.995622240384114e-06,2.9944705985133606e-06,2.9933204704123514e-06,2.992171852677687e-06,2.9910247419002886e-06,2.9898791346916463e-06,2.988735027685371e-06,2.9875924174914772e-06,2.9864513007981965e-06,2.9853116742386823e-06,2.984173534483615e-06,2.983036878202863e-06,2.981901702093063e-06,2.980768002843861e-06,2.9796357771671504e-06,2.9785050217863573e-06,2.977375733433002e-06,2.976247908835111e-06,2.9751215447440027e-06,2.9739966379274822e-06,2.9728731851570073e-06,2.9717511832112938e-06,2.9706306288814336e-06,2.969511518964676e-06,2.9683938502775407e-06,2.967277619636409e-06,2.9661628238776693e-06,2.9650494598405992e-06,2.9639375243873027e-06,2.962827014356114e-06,2.961717926626306e-06,2.9606102580757546e-06,2.959504005601864e-06,2.9583991661131315e-06,2.9572957365080383e-06,2.956193713692114e-06,2.9550930946085115e-06,2.9539938761943223e-06,2.95289606484177e-06,2.9517996413255005e-06,2.9507046078171118e-06,2.949610962211434e-06,2.948518701808007e-06,2.947427823769644e-06,2.946338325181414e-06,2.945250203072034e-06,2.944163454480534e-06,2.943078076449086e-06,2.9419940660222954e-06,2.94091142024493e-06,2.9398301361793125e-06,2.938750210895122e-06,2.9376716414697647e-06,2.9365944249908003e-06,2.9355185585513633e-06,2.9344440392542806e-06,2.9333708642079e-06,2.9322990305351918e-06,2.931228535364114e-06,2.9301593758322353e-06,2.9290915490831907e-06,2.9280250522845387e-06,2.9269598826365982e-06,2.9258960372306205e-06,2.9248335132894327e-06,2.923772308000107e-06,2.922712418565442e-06,2.9216538421886728e-06,2.9205965760845016e-06,2.9195406175319532e-06,2.9184859636602093e-06,2.9174326117600444e-06,2.916380559077806e-06,2.9153298028736545e-06,2.9142803404104743e-06,2.913232168960215e-06,2.912185285770944e-06,2.9111396882079474e-06,2.9100953735310803e-06,2.9090523390538775e-06,2.9080105820736936e-06,2.9069700999162075e-06,2.905930889915942e-06,2.9048929493948856e-06,2.903856275728357e-06,2.9028208662690093e-06,2.901786718352179e-06,2.900753829360273e-06,2.8997221966244534e-06,2.8986918176339044e-06,2.8976626897108257e-06,2.8966348102697544e-06,2.895608176712564e-06,2.894582786445457e-06,2.8935586369224396e-06,2.8925357255290434e-06,2.8915140497569868e-06,2.890493607031477e-06,2.889474394795498e-06,2.888456410522421e-06,2.887439651634153e-06,2.886424115696152e-06,2.885409800131853e-06,2.8843967024371147e-06,2.8833848201269726e-06,2.882374150699517e-06,2.8813646916470917e-06,2.8803564405081346e-06,2.879349394836023e-06,2.8783435520841773e-06,2.8773389098637627e-06,2.8763354657019304e-06,2.8753332171409373e-06,2.8743321617718175e-06,2.873332297150151e-06,2.8723336208556083e-06,2.871336130468697e-06,2.870339823580911e-06,2.869344697791399e-06,2.8683507507019584e-06,2.867357979930094e-06,2.866366383019056e-06,2.865375957729586e-06,2.8643867016276645e-06,2.8633986123542788e-06,2.8624116875514287e-06,2.861425924875232e-06,2.8604413219685674e-06,2.8594578765212276e-06,2.858475586178919e-06,2.8574944486603024e-06,2.8565144616231485e-06,2.8555356227657515e-06,2.854557929785656e-06,2.853581380387201e-06,2.852605972299805e-06,2.8516317032105273e-06,2.850658570862827e-06,2.849686572984673e-06,2.84871570731079e-06,2.8477459715877014e-06,2.846777363580126e-06,2.845809881020744e-06,2.8448435216790333e-06,2.843878283331022e-06,2.842914163748045e-06,2.8419511607131483e-06,2.8409892720209196e-06,2.8400284954563293e-06,2.8390688288293317e-06,2.8381102699729807e-06,2.8371528166406937e-06,2.8361964667230673e-06,2.835241217960938e-06,2.8342870682306473e-06,2.833334015375435e-06,2.8323820572207014e-06,2.8314311916240976e-06,2.8304814164458326e-06,2.8295327295449084e-06,2.8285851287858536e-06,2.8276386120266995e-06,2.8266931771879106e-06,2.825748822126566e-06,2.8248055447336604e-06,2.8238633428931e-06,2.8229222145539473e-06,2.821982157569949e-06,2.8210431699097214e-06,2.8201052494650137e-06,2.8191683941681678e-06,2.8182326019436535e-06,2.8172978707321797e-06,2.8163641984898012e-06,2.8154315831333226e-06,2.814500022633974e-06,2.8135695149941975e-06,2.812640058095418e-06,2.811711649950721e-06,2.810784288536592e-06,2.8098579718373112e-06,2.8089326978371958e-06,2.8080084645199637e-06,2.807085269894805e-06,2.806163111972062e-06,2.8052419887554654e-06,2.804321898345977e-06,2.803402838598876e-06,2.8024848076295965e-06,2.8015678034554053e-06,2.8006518241143455e-06,2.7997368676486566e-06,2.7988229321101845e-06,2.797910015526932e-06,2.7969981159971167e-06,2.796087231566854e-06,2.795177360272681e-06,2.7942685002462157e-06,2.7933606495404588e-06,2.7924538062410998e-06,2.791547968428536e-06,2.7906431342024947e-06,2.7897393016505064e-06,2.7888364688998213e-06,2.7879346340443274e-06,2.787033795214359e-06,2.78613395051119e-06,2.785235098062646e-06,2.7843372360187352e-06,2.7834403624626684e-06,2.7825444755924366e-06,2.781649573524328e-06,2.7807556544131026e-06,2.7798627164160076e-06,2.7789707576859994e-06,2.7780797763916266e-06,2.777189770702851e-06,2.776300738781031e-06,2.775412678824203e-06,2.774525589010463e-06,2.773639467525796e-06,2.7727543125553544e-06,2.771870122318052e-06,2.770986895002436e-06,2.7701046288204105e-06,2.769223321949177e-06,2.768342972673058e-06,2.767463579180902e-06,2.766585139701218e-06,2.7657076524624362e-06,2.7648311157000233e-06,2.7639555276253414e-06,2.763080886545091e-06,2.7622071906777145e-06,2.7613344382793543e-06,2.7604626276063766e-06,2.7595917569241485e-06,2.7587218244949115e-06,2.7578528285966164e-06,2.756984767514089e-06,2.7561176394919477e-06,2.7552514428712085e-06,2.7543861759151947e-06,2.753521836917752e-06,2.752658424190213e-06,2.751795936024249e-06,2.750934370715023e-06,2.7500737266010664e-06,2.7492140019897857e-06,2.7483551952071834e-06,2.74749730457441e-06,2.746640328422677e-06,2.745784265110957e-06,2.744929112930811e-06,2.7440748702427133e-06,2.743221535397764e-06,2.7423691067453676e-06,2.7415175826260077e-06,2.740666961424376e-06,2.7398172415106713e-06,2.7389684212428347e-06,2.7381204989961854e-06,2.7372734731326532e-06,2.7364273420454506e-06,2.7355821041177676e-06,2.734737757739573e-06,2.7338943013022745e-06,2.7330517332093496e-06,2.732210051853404e-06,2.7313692556537203e-06,2.7305293429891078e-06,2.7296903122783417e-06,2.7288521619706657e-06,2.7280148904905934e-06,2.7271784962119597e-06,2.7263429776006243e-06,2.7255083331202732e-06,2.7246745611808867e-06,2.723841660194187e-06,2.7230096286376593e-06,2.7221784649919994e-06,2.7213481676399694e-06,2.7205187350967036e-06,2.7196901657807045e-06,2.718862458203203e-06,2.7180356108097697e-06,2.717209622071487e-06,2.7163844904665527e-06,2.7155602144812017e-06,2.7147367925983115e-06,2.7139142232931564e-06,2.713092505037173e-06,2.712271636386801e-06,2.7114516158103002e-06,2.71063244180897e-06,2.7098141128972885e-06,2.708996627582467e-06,2.7081799843450596e-06,2.707364181767358e-06,2.7065492183417967e-06,2.705735092598555e-06,2.7049218030345616e-06,2.7041093482212917e-06,2.70329772668883e-06,2.702486936990099e-06,2.7016769776213462e-06,2.7008678471911916e-06,2.7000595442099545e-06,2.6992520672569907e-06,2.6984454148678887e-06,2.697639585623915e-06,2.6968345780929886e-06,2.696030390825423e-06,2.6952270224033194e-06,2.6944244714078734e-06,2.693622736412253e-06,2.6928218159916138e-06,2.692021708748764e-06,2.6912224132659968e-06,2.6904239281369696e-06,2.6896262519589727e-06,2.6888293833322973e-06,2.6880333208612916e-06,2.6872380631529813e-06,2.686443608811358e-06,2.6856499564648903e-06,2.6848571047241964e-06,2.684065052203425e-06,2.6832737975408804e-06,2.6824833393574153e-06,2.681693676283868e-06,2.6809048069548923e-06,2.6801167300079556e-06,2.679329444084437e-06,2.6785429478288335e-06,2.677757239888829e-06,2.6769723189153857e-06,2.6761881835629084e-06,2.675404832488854e-06,2.674622264353847e-06,2.67384047782206e-06,2.6730594715606277e-06,2.6722792442401693e-06,2.671499794534549e-06,2.670721121120327e-06,2.6699432226698594e-06,2.6691660978742358e-06,2.6683897454203207e-06,2.667614163997426e-06,2.666839352306731e-06,2.6660653090259446e-06,2.6652920328659824e-06,2.6645195225271183e-06,2.6637477767150873e-06,2.662976794137483e-06,2.6622065735063852e-06,2.6614371135063257e-06,2.660668412888722e-06,2.659900470396874e-06,2.659133284727134e-06,2.6583668545976182e-06,2.657601178757719e-06,2.6568362559329806e-06,2.6560720848482834e-06,2.655308664252285e-06,2.654545992888835e-06,2.653784069514837e-06,2.6530228928449576e-06,2.652262461655552e-06,2.651502774665839e-06,2.650743830687616e-06,2.6499856284550384e-06,2.6492281667035094e-06,2.6484714442513446e-06,2.6477154598463684e-06,2.6469602122541026e-06,2.646205700239758e-06,2.645451922589097e-06,2.6446988780836337e-06,2.6439465655009082e-06,2.6431949836062885e-06,2.642444131243027e-06,2.6416940071715924e-06,2.6409446101864665e-06,2.6401959390670896e-06,2.639447992664272e-06,2.6387007697393733e-06,2.637954269110563e-06,2.6372084895870947e-06,2.6364634299788146e-06,2.6357190890831457e-06,2.6349754657416244e-06,2.634232558749511e-06,2.633490366954854e-06,2.6327488891615076e-06,2.6320081242223523e-06,2.6312680709560327e-06,2.6305287281909175e-06,2.6297900947634025e-06,2.6290521694909572e-06,2.628314951245751e-06,2.627578438880766e-06,2.6268426312319606e-06,2.6261075271429966e-06,2.6253731254668284e-06,2.624639425033973e-06,2.623906424749245e-06,2.623174123444599e-06,2.622442519991991e-06,2.621711613253403e-06,2.6209814020942566e-06,2.6202518853863e-06,2.619523062002163e-06,2.618794930818709e-06,2.6180674907283738e-06,2.617340740586415e-06,2.616614679286563e-06,2.615889305725946e-06,2.6151646187972674e-06,2.614440617349636e-06,2.613717300312564e-06,2.6129946665654755e-06,2.6122727150245387e-06,2.611551444580819e-06,2.6108308541344313e-06,2.610110942551132e-06,2.609391708838654e-06,2.6086731518421157e-06,2.6079552704946863e-06,2.6072380637114656e-06,2.6065215303988673e-06,2.605805669479901e-06,2.605090479914798e-06,2.6043759605768536e-06,2.6036621104938695e-06,2.602948928454287e-06,2.6022364134389626e-06,2.601524564404674e-06,2.6008133802843807e-06,2.6001028600143865e-06,2.599393002546004e-06,2.598683806824859e-06,2.5979752717943265e-06,2.597267396410156e-06,2.596560179635398e-06,2.5958536203908205e-06,2.5951477176551212e-06,2.5944424703818892e-06,2.593737877529524e-06,2.593033938045401e-06,2.592330650953534e-06,2.591628015187168e-06,2.5909260297214064e-06,2.5902246935298046e-06,2.5895240055858013e-06,2.5888239648675263e-06,2.5881245703571568e-06,2.587425821059137e-06,2.586727715904298e-06,2.586030253917654e-06,2.5853334340784784e-06,2.58463725538309e-06,2.5839417168232373e-06,2.5832468173990313e-06,2.582552556105383e-06,2.5818589319450253e-06,2.5811659439200397e-06,2.580473591056463e-06,2.5797818723154424e-06,2.579090786731051e-06,2.5784003333166404e-06,2.5777105110817247e-06,2.5770213190446166e-06,2.5763327562324805e-06,2.5756448216461542e-06,2.5749575143205238e-06,2.5742708332768926e-06,2.5735847775416246e-06,2.572899346145816e-06,2.5722145381233103e-06,2.5715303525161377e-06,2.570846788350888e-06,2.570163844650643e-06,2.5694815204673526e-06,2.5687998148397953e-06,2.568118726820305e-06,2.5674382554615632e-06,2.566758399780599e-06,2.566079158848501e-06,2.565400531719518e-06,2.5647225174589445e-06,2.5640451150850512e-06,2.563368323705809e-06,2.5626921423224414e-06,2.5620165700420573e-06,2.5613416059219475e-06,2.56066724901211e-06,2.559993498388374e-06,2.5593203531271996e-06,2.5586478123014545e-06,2.557975874985914e-06,2.557304540254503e-06,2.556633807224169e-06,2.555963674897355e-06,2.555294142397072e-06,2.554625208811988e-06,2.553956873228101e-06,2.5532891347323434e-06,2.552621992414233e-06,2.5519554453733115e-06,2.5512894926853577e-06,2.5506241334623694e-06,2.5499593668076073e-06,2.549295191795646e-06,2.548631607539708e-06,2.5479686131708118e-06,2.54730620770643e-06,2.546644390393178e-06,2.545983160257738e-06,2.5453225164339265e-06,2.5446624580175877e-06,2.5440029841299924e-06,2.5433440939061576e-06,2.5426857864536456e-06,2.5420280608868745e-06,2.5413709163434167e-06,2.5407143519350665e-06,2.540058366793722e-06,2.539402960043991e-06,2.538748130820746e-06,2.538093878241097e-06,2.5374402014576816e-06,2.536787099608876e-06,2.536134571823168e-06,2.5354826172437228e-06,2.534831235019312e-06,2.534180424281289e-06,2.533530184157972e-06,2.5328805138433914e-06,2.5322314124462687e-06,2.5315828791493762e-06,2.5309349130920264e-06,2.530287513429405e-06,2.529640679330862e-06,2.5289944099039733e-06,2.528348704362772e-06,2.5277035618453085e-06,2.5270589815177714e-06,2.5264149625471057e-06,2.525771504107801e-06,2.5251286053487977e-06,2.5244862654599137e-06,2.523844483597525e-06,2.523203258943389e-06,2.5225625906737535e-06,2.5219224779646893e-06,2.5212829199933044e-06,2.520643915942008e-06,2.520005464992511e-06,2.5193675663307577e-06,2.5187302191407834e-06,2.5180934226129555e-06,2.5174571759336846e-06,2.5168214782981814e-06,2.516186328892465e-06,2.5155517269142396e-06,2.5149176715538195e-06,2.514284161988484e-06,2.5136511974754956e-06,2.5130187771596337e-06,2.5123869002961983e-06,2.5117555660204417e-06,2.5111247736262275e-06,2.5104945222408756e-06,2.50986481110561e-06,2.509235639431429e-06,2.5086070064582374e-06,2.507978911381296e-06,2.507351353401769e-06,2.506724331731452e-06,2.5060978456042413e-06,2.5054718942359947e-06,2.5048464768821337e-06,2.504221592723892e-06,2.5035972410002004e-06,2.5029734209376012e-06,2.5023501317633296e-06,2.5017273727074757e-06,2.5011051429948867e-06,2.5004834418907013e-06,2.4998622685702826e-06,2.4992416223357013e-06,2.498621502386764e-06,2.4980019079555424e-06,2.497382838316991e-06,2.4967642926825764e-06,2.4961462703451588e-06,2.4955287704807594e-06,2.4949117923889864e-06,2.4942953353013994e-06,2.493679398461734e-06,2.4930639811296663e-06,2.492449082566624e-06,2.4918347020182132e-06,2.491220838750303e-06,2.4906074920077554e-06,2.489994661055839e-06,2.489382345156383e-06,2.4887705435714484e-06,2.4881592555638633e-06,2.487548480407504e-06,2.486938217355106e-06,2.48632846568225e-06,2.4857192246594758e-06,2.485110493560179e-06,2.4845022716531594e-06,2.483894558215898e-06,2.4832873525218344e-06,2.482680653870035e-06,2.4820744614908597e-06,2.4814687747008515e-06,2.480863592775021e-06,2.48025891499618e-06,2.479654740648895e-06,2.4790510689972573e-06,2.4784478993726975e-06,2.477845231040359e-06,2.4772430632923613e-06,2.4766413954157234e-06,2.476040226699726e-06,2.4754395564618e-06,2.4748393839844406e-06,2.4742397085636666e-06,2.473640529499792e-06,2.473041846092145e-06,2.4724436576437392e-06,2.471845963455107e-06,2.471248762827644e-06,2.4706520550789076e-06,2.4700558395075344e-06,2.469460115392273e-06,2.468864882106623e-06,2.4682701389303433e-06,2.467675885175824e-06,2.4670821201574655e-06,2.466488843195372e-06,2.4658960535964064e-06,2.4653037506846095e-06,2.4647119337797894e-06,2.4641206022000686e-06,2.4635297552777106e-06,2.4629393923172303e-06,2.4623495126670526e-06,2.4617601156325715e-06,2.4611712005498984e-06,2.4605827667481285e-06,2.4599948135705236e-06,2.459407340302289e-06,2.458820346305243e-06,2.4582338309406218e-06,2.457647793520314e-06,2.4570622333934128e-06,2.456477149873157e-06,2.455892542310164e-06,2.4553084100253477e-06,2.4547247524137743e-06,2.454141568783869e-06,2.4535588584840613e-06,2.4529766208439103e-06,2.452394855243236e-06,2.4518135610142284e-06,2.4512327375017095e-06,2.450652384074315e-06,2.4500725000635184e-06,2.4494930848309574e-06,2.4489141377321e-06,2.4483356581214094e-06,2.4477576453576847e-06,2.4471800988026197e-06,2.4466030178070117e-06,2.4460264017352944e-06,2.4454502499647705e-06,2.444874561835319e-06,2.444299336720305e-06,2.4437245739908398e-06,2.4431502730139973e-06,2.4425764331508177e-06,2.4420030537754617e-06,2.441430134248333e-06,2.440857673949961e-06,2.4402856722683043e-06,2.439714128562729e-06,2.439143042215698e-06,2.4385724126202794e-06,2.4380022391130145e-06,2.437432521094869e-06,2.436863258001091e-06,2.4362944491312464e-06,2.4357260938584483e-06,2.4351581916151632e-06,2.434590741786753e-06,2.4340237437435685e-06,2.4334571968671028e-06,2.4328911005704466e-06,2.432325454230206e-06,2.4317602572319154e-06,2.431195508978355e-06,2.4306312088322846e-06,2.4300673562418897e-06,2.429503950580666e-06,2.4289409912368104e-06,2.4283784776080295e-06,2.4278164090986687e-06,2.4272547851145826e-06,2.426693605051108e-06,2.426132868314721e-06,2.4255725742796796e-06,2.4250127223824873e-06,2.424453312030483e-06,2.42389434264028e-06,2.4233358135987358e-06,2.4227777243341193e-06,2.4222200742400445e-06,2.421662862725565e-06,2.4211060892162458e-06,2.4205497531229713e-06,2.419993853854241e-06,2.4194383908326404e-06,2.418883363475952e-06,2.4183287711934387e-06,2.4177746134175844e-06,2.417220889557902e-06,2.4166675990422165e-06,2.4161147412938493e-06,2.4155623157335475e-06,2.415010321788232e-06,2.4144587588841165e-06,2.413907626447929e-06,2.413356923910919e-06,2.4128066506977563e-06,2.4122568062413705e-06,2.4117073899771213e-06,2.411158401360786e-06,2.4106098397599326e-06,2.4100617046552312e-06,2.4095139954771866e-06,2.40896671166033e-06,2.408419852642841e-06,2.407873417860041e-06,2.407327406754018e-06,2.4067818187744053e-06,2.4062366533341975e-06,2.405691909914818e-06,2.4051475879450664e-06,2.4046036868691408e-06,2.4040602061385647e-06,2.403517145192484e-06,2.4029745034789942e-06,2.402432280450364e-06,2.4018904755842745e-06,2.4013490883209048e-06,2.4008081180563365e-06,2.400267564280448e-06,2.3997274264477465e-06,2.3991877040228035e-06,2.398648396455962e-06,2.398109503207952e-06,2.3975710237299088e-06,2.3970329574856392e-06,2.3964953039373866e-06,2.3959580625424494e-06,2.3954212327807157e-06,2.394884814087981e-06,2.3943488059410125e-06,2.3938132077822184e-06,2.3932780191238354e-06,2.3927432393925716e-06,2.392208868091944e-06,2.3916749046760953e-06,2.3911413486109606e-06,2.3906081993731144e-06,2.3900754564325786e-06,2.3895431192619885e-06,2.3890111873094147e-06,2.388479660105432e-06,2.3879485370960106e-06,2.3874178177638055e-06,2.386887501575068e-06,2.3863575879977774e-06,2.3858280765681515e-06,2.385298966694454e-06,2.3847702578922654e-06,2.3842419496662244e-06,2.3837140414894272e-06,2.3831865328274624e-06,2.3826594231824843e-06,2.3821327120041984e-06,2.3816063988360684e-06,2.38108048314905e-06,2.3805549643912896e-06,2.380029842110037e-06,2.3795051157677535e-06,2.3789807848718444e-06,2.378456848917837e-06,2.3779333073631107e-06,2.3774101597048483e-06,2.376887405485969e-06,2.376365044173449e-06,2.375843075272888e-06,2.375321498278734e-06,2.3748003126884887e-06,2.3742795180037027e-06,2.3737591137279654e-06,2.3732390993214076e-06,2.3727194743717863e-06,2.3722002383026188e-06,2.371681390629243e-06,2.3711629309454525e-06,2.3706448586959715e-06,2.3701271733484805e-06,2.3696098744906355e-06,2.36909296159306e-06,2.368576434132259e-06,2.368060291682339e-06,2.367544533679951e-06,2.367029159734355e-06,2.3665141693091816e-06,2.365999561923004e-06,2.3654853370814648e-06,2.364971494276015e-06,2.3644580330914983e-06,2.3639449530044946e-06,2.363432253531118e-06,2.3629199342057498e-06,2.3624079945419825e-06,2.361896434064008e-06,2.3613852522813804e-06,2.3608744487344514e-06,2.360364022940223e-06,2.359853974423565e-06,2.359344302703629e-06,2.3588350073134426e-06,2.3583260877743527e-06,2.357817543627764e-06,2.357309374407609e-06,2.3568015796247354e-06,2.3562941587841047e-06,2.3557871114910567e-06,2.3552804372277966e-06,2.3547741355480373e-06,2.3542682059730463e-06,2.353762648029015e-06,2.3532574612772607e-06,2.352752645210643e-06,2.352248199424238e-06,2.351744123454506e-06,2.3512404167805456e-06,2.3507370789784334e-06,2.3502341095426008e-06,2.3497315081100928e-06,2.3492292741830324e-06,2.3487274072786358e-06,2.3482259069504853e-06,2.347724772717042e-06,2.347224004196698e-06,2.346723600886678e-06,2.3462235623464447e-06,2.3457238881181464e-06,2.3452245777588815e-06,2.3447256308008826e-06,2.3442270468040833e-06,2.343728825324558e-06,2.343230965913983e-06,2.342733468107409e-06,2.3422363314766263e-06,2.3417395555587605e-06,2.341243139929159e-06,2.3407470841366315e-06,2.340251387736525e-06,2.339756050286837e-06,2.3392610713443775e-06,2.3387664504704294e-06,2.3382721872164234e-06,2.3377782811520223e-06,2.3372847318248757e-06,2.336791538817941e-06,2.3362987016833915e-06,2.3358062199846944e-06,2.3353140932842915e-06,2.3348223211505928e-06,2.334330903147881e-06,2.33383983884381e-06,2.333349127802579e-06,2.332858769595437e-06,2.332368763788294e-06,2.331879109952618e-06,2.3313898076573274e-06,2.3309008564759166e-06,2.3304122559959454e-06,2.3299240057538475e-06,2.329436105339986e-06,2.3289485543294996e-06,2.3284613523314823e-06,2.327974498853736e-06,2.3274879935066038e-06,2.327001835916504e-06,2.3265160255559633e-06,2.3260305620704473e-06,2.3255454450154897e-06,2.325060674005489e-06,2.3245762485692218e-06,2.3240921683221566e-06,2.3236084328365477e-06,2.3231250417241813e-06,2.3226419945190327e-06,2.3221592908226887e-06,2.3216769302368957e-06,2.3211949123360134e-06,2.3207132366954947e-06,2.320231902895221e-06,2.3197509105594172e-06,2.3192702592635613e-06,2.3187899485985636e-06,2.318309978142732e-06,2.317830347480676e-06,2.3173510562198575e-06,2.316872103923003e-06,2.3163934902196385e-06,2.3159152147009376e-06,2.315437276952055e-06,2.3149596765575816e-06,2.314482413111632e-06,2.314005486225801e-06,2.3135288954892664e-06,2.313052640457432e-06,2.3125767208123384e-06,2.3121011360704267e-06,2.311625885910671e-06,2.311150969893759e-06,2.310676387599506e-06,2.310202138670628e-06,2.3097282226891873e-06,2.3092546392588956e-06,2.3087813879692634e-06,2.3083084684575373e-06,2.307835880310839e-06,2.3073636231214256e-06,2.30689169650912e-06,2.306420100078119e-06,2.305948833431601e-06,2.3054778961852106e-06,2.3050072879612403e-06,2.3045370083305988e-06,2.304067056920503e-06,2.303597433349906e-06,2.3031281372253666e-06,2.302659168160517e-06,2.302190525770973e-06,2.301722209658745e-06,2.3012542194615685e-06,2.300786554762062e-06,2.3003192151932685e-06,2.2998522003451397e-06,2.2993855098803186e-06,2.298919143396301e-06,2.2984531005088176e-06,2.2979873808364097e-06,2.297521984004889e-06,2.2970569096192292e-06,2.2965921572850473e-06,2.296127726672213e-06,2.295663617372324e-06,2.2951998290145162e-06,2.294736361214159e-06,2.2942732136008965e-06,2.2938103857994465e-06,2.293347877433149e-06,2.2928856881282237e-06,2.292423817517166e-06,2.291962265212052e-06,2.291501030845809e-06,2.2910401140109392e-06,2.2905795144127547e-06,2.2901192316345716e-06,2.2896592653148106e-06,2.2891996150582556e-06,2.2887402805423884e-06,2.288281261375342e-06,2.287822557201078e-06,2.2873641676279378e-06,2.2869060923341877e-06,2.2864483308981777e-06,2.285990882973101e-06,2.2855337481992844e-06,2.2850769262097502e-06,2.2846204166458928e-06,2.2841642191422698e-06,2.2837083333368585e-06,2.2832527588767123e-06,2.2827974953899273e-06,2.2823425425103565e-06,2.281887899886732e-06,2.28143356715571e-06,2.2809795439664937e-06,2.2805258299516335e-06,2.2800724247643108e-06,2.2796193280369556e-06,2.2791665394197662e-06,2.278714058548095e-06,2.278261885072187e-06,2.2778100186384593e-06,2.277358458891125e-06,2.2769072054718396e-06,2.276456258038767e-06,2.2760056162360604e-06,2.2755552796548e-06,2.2751052480802776e-06,2.2746555210534862e-06,2.2742060982496707e-06,2.2737569793261145e-06,2.2733081639223913e-06,2.2728596516595894e-06,2.272411442271755e-06,2.271963535346875e-06,2.2715159305648e-06,2.2710686275742057e-06,2.2706216260282166e-06,2.27017492558542e-06,2.269728525893688e-06,2.2692824266079253e-06,2.268836627395882e-06,2.2683911279056767e-06,2.2679459277777602e-06,2.26750102671366e-06,2.2670564243458454e-06,2.2666121203377645e-06,2.2661681143544746e-06,2.265724406048781e-06,2.2652809950500918e-06,2.264837881083319e-06,2.2643950637798233e-06,2.2639525427819095e-06,2.2635103177972414e-06,2.2630683884661837e-06,2.262626754458884e-06,2.2621854154349466e-06,2.261744371059558e-06,2.2613036209988923e-06,2.260863164919221e-06,2.26042300248768e-06,2.2599831333718734e-06,2.259543557240089e-06,2.259104273760643e-06,2.2586652825897727e-06,2.25822658341778e-06,2.257788175912556e-06,2.2573500597395466e-06,2.2569122345700647e-06,2.2564747000705697e-06,2.256037455914905e-06,2.255600501788879e-06,2.2551638373566314e-06,2.2547274622920257e-06,2.254291376269675e-06,2.2538555789549243e-06,2.2534200700353052e-06,2.2529848491909774e-06,2.2525499160914625e-06,2.252115270414041e-06,2.2516809118261683e-06,2.2512468400230565e-06,2.2508130546581504e-06,2.25037955544113e-06,2.2499463420459583e-06,2.2495134141328075e-06,2.2490807713923406e-06,2.2486484135116453e-06,2.2482163401685844e-06,2.247784551047301e-06,2.2473530458322697e-06,2.246921824200683e-06,2.246490885832952e-06,2.2460602304252782e-06,2.245629857660449e-06,2.24519976722773e-06,2.2447699588051672e-06,2.2443404320625737e-06,2.243911186709087e-06,2.2434822224163996e-06,2.243053538878933e-06,2.2426251357852963e-06,2.2421970128131204e-06,2.2417691696734794e-06,2.241341606045326e-06,2.240914321617663e-06,2.2404873160824863e-06,2.2400605891288676e-06,2.239634140461427e-06,2.2392079697472284e-06,2.2387820767009577e-06,2.238356460995944e-06,2.2379311223360326e-06,2.237506060414371e-06,2.2370812749259952e-06,2.236656765565055e-06,2.2362325320273424e-06,2.235808574011803e-06,2.2353848912067304e-06,2.234961483290548e-06,2.2345383500079443e-06,2.234115491031264e-06,2.2336929060582155e-06,2.2332705947868925e-06,2.2328485569212093e-06,2.2324267921360367e-06,2.232005300167038e-06,2.231584080708492e-06,2.2311631334297272e-06,2.230742458094716e-06,2.2303220543506786e-06,2.229901921914864e-06,2.2294820604606556e-06,2.2290624697522717e-06,2.228643149461557e-06,2.2282240992648354e-06,2.227805318927552e-06,2.227386808123989e-06,2.2269685665598787e-06,2.226550593940086e-06,2.226132889971744e-06,2.2257154543625916e-06,2.225298286832327e-06,2.224881387063969e-06,2.22446475477551e-06,2.224048389634269e-06,2.2236322914335916e-06,2.2232164598420167e-06,2.2228008945700343e-06,2.222385595329757e-06,2.221970561862062e-06,2.2215557938107563e-06,2.221141290972807e-06,2.2207270530094634e-06,2.2203130795864562e-06,2.2198993705050474e-06,2.2194859254042793e-06,2.2190727440346812e-06,2.2186598261018225e-06,2.2182471713280414e-06,2.21783477943544e-06,2.2174226501467967e-06,2.2170107831532295e-06,2.2165991782128406e-06,2.2161878349845006e-06,2.2157767532154825e-06,2.2153659326214538e-06,2.2149553729087176e-06,2.214545073813879e-06,2.214135035051079e-06,2.213725256351587e-06,2.213315737465618e-06,2.2129064780318917e-06,2.2124974778109075e-06,2.2120887365215967e-06,2.2116802538941413e-06,2.2112720296443405e-06,2.210864063519105e-06,2.2104563551977517e-06,2.210048904433859e-06,2.2096417109391477e-06,2.209234774439764e-06,2.2088280946622976e-06,2.208421671330446e-06,2.208015504173156e-06,2.2076095929162985e-06,2.207203937288685e-06,2.2067985370099004e-06,2.2063933918174436e-06,2.2059885014323458e-06,2.205583865579546e-06,2.2051794839868326e-06,2.2047753563930093e-06,2.204371482522053e-06,2.203967862109057e-06,2.203564494868449e-06,2.2031613805559844e-06,2.202758518880752e-06,2.2023559095802276e-06,2.201953552374622e-06,2.2015514470172735e-06,2.2011495932222015e-06,2.2007479907317803e-06,2.200346639289242e-06,2.199945538608584e-06,2.199544688432659e-06,2.1991440884995297e-06,2.198743738540117e-06,2.198343638294823e-06,2.1979437874790533e-06,2.1975441858595176e-06,2.197144833159209e-06,2.196745729113987e-06,2.196346873463433e-06,2.1959482659422357e-06,2.1955499062944993e-06,2.195151794251045e-06,2.194753929557938e-06,2.1943563119486232e-06,2.1939589411654502e-06,2.1935618169501398e-06,2.1931649390392676e-06,2.1927683071729424e-06,2.192371921097629e-06,2.1919757805523135e-06,2.1915798852824204e-06,2.191184235023973e-06,2.1907888295311e-06,2.1903936685305536e-06,2.1899987517723937e-06,2.1896040790043426e-06,2.18920964996922e-06,2.1888154643752838e-06,2.1884215220385963e-06,2.1880278226644613e-06,2.18763436599343e-06,2.187241151801408e-06,2.1868481798101103e-06,2.1864554497720123e-06,2.1860629614335927e-06,2.185670714544555e-06,2.185278708844603e-06,2.1848869440962578e-06,2.1844954200408654e-06,2.184104136436008e-06,2.1837130930059973e-06,2.1833222895272676e-06,2.18293172574112e-06,2.182541401411474e-06,2.182151316263442e-06,2.1817614700594124e-06,2.1813718625537395e-06,2.1809824934965628e-06,2.1805933626435547e-06,2.180204469743981e-06,2.1798158145525893e-06,2.179427396822912e-06,2.1790392163300114e-06,2.1786512727858173e-06,2.178263565941036e-06,2.17787609559678e-06,2.177488861489191e-06,2.1771018633712393e-06,2.1767151010006843e-06,2.1763285741335067e-06,2.1759422825187883e-06,2.175556225928309e-06,2.1751704041045516e-06,2.174784816789361e-06,2.174399463794763e-06,2.1740143448467024e-06,2.1736294596919608e-06,2.1732448081234946e-06,2.172860389884443e-06,2.17247620471312e-06,2.1720922524091857e-06,2.1717085326780778e-06,2.171325045335101e-06,2.1709417901143135e-06,2.170558766810378e-06,2.170175975168721e-06,2.1697934149209217e-06,2.1694110858501973e-06,2.1690289877239016e-06,2.1686471203032485e-06,2.1682654833659177e-06,2.1678840766700275e-06,2.1675028999811966e-06,2.1671219530424273e-06,2.1667412356308923e-06,2.1663607475312914e-06,2.1659804884618596e-06,2.1656004582297016e-06,2.1652206565546562e-06,2.1648410832753302e-06,2.164461738071038e-06,2.1640826208035812e-06,2.1637037312007784e-06,2.163325069035663e-06,2.1629466340669495e-06,2.1625684260656208e-06,2.162190444792015e-06,2.1618126900357946e-06,2.1614351615726236e-06,2.1610578591423545e-06,2.160680782543596e-06,2.160303931511053e-06,2.1599273058410344e-06,2.1595509052873205e-06,2.1591747296488066e-06,2.1587987786873787e-06,2.158423052171005e-06,2.1580475498761018e-06,2.1576722715721665e-06,2.157297217048328e-06,2.156922386055657e-06,2.1565477783681984e-06,2.156173393770849e-06,2.155799232046596e-06,2.1554252929546697e-06,2.1550515762748575e-06,2.154678081787119e-06,2.1543048092662303e-06,2.1539317584824908e-06,2.1535589292228184e-06,2.1531863212583554e-06,2.1528139343624347e-06,2.1524417683205374e-06,2.1520698229095547e-06,2.1516980979052303e-06,2.151326593090924e-06,2.150955308257064e-06,2.15058424314887e-06,2.150213397564082e-06,2.1498427712827675e-06,2.149472364077549e-06,2.1491021757564384e-06,2.148732206066953e-06,2.1483624547912105e-06,2.1479929217346732e-06,2.1476236066604175e-06,2.1472545093584476e-06,2.1468856296096096e-06,2.1465169672019627e-06,2.146148521909906e-06,2.145780293519968e-06,2.145412281815636e-06,2.145044486583934e-06,2.144676907600631e-06,2.144309544652868e-06,2.143942397534611e-06,2.1435754660242584e-06,2.1432087498996103e-06,2.142842248954498e-06,2.1424759629782016e-06,2.1421098917493355e-06,2.1417440350661083e-06,2.141378392706207e-06,2.1410129644600117e-06,2.140647750113364e-06,2.1402827494541567e-06,2.139917962266248e-06,2.139553388340619e-06,2.139189027465887e-06,2.1388248794319486e-06,2.1384609440354154e-06,2.1380972210530186e-06,2.13773371028956e-06,2.137370411521317e-06,2.137007324548259e-06,2.136644449156988e-06,2.136281785138922e-06,2.1359193322849067e-06,2.1355570903873485e-06,2.1351950592303378e-06,2.1348332386132095e-06,2.1344716283336662e-06,2.134110228178809e-06,2.133749037941169e-06,2.13338805741574e-06,2.1330272863922197e-06,2.1326667246703935e-06,2.1323063720394715e-06,2.1319462282994794e-06,2.1315862932422144e-06,2.13122656665007e-06,2.130867048319506e-06,2.1305077380801675e-06,2.1301486357051283e-06,2.1297897409732984e-06,2.129431053715131e-06,2.129072573727358e-06,2.1287143007771305e-06,2.128356234676038e-06,2.1279983752223296e-06,2.127640722212146e-06,2.1272832754528276e-06,2.1269260347245085e-06,2.1265689998357204e-06,2.1262121705865275e-06,2.12585554677522e-06,2.1254991281998905e-06,2.1251429146631055e-06,2.1247869059625604e-06,2.1244311018924513e-06,2.1240755022694695e-06,2.1237201068800367e-06,2.1233649155370563e-06,2.1230099280319804e-06,2.122655144174543e-06,2.1223005637635414e-06,2.1219461865968876e-06,2.1215920124891047e-06,2.1212380412508543e-06,2.12088427265841e-06,2.1205307065213895e-06,2.1201773426573173e-06,2.1198241808686057e-06,2.1194712209436104e-06,2.119118462684863e-06,2.118765905915593e-06,2.1184135504330953e-06,2.1180613960426717e-06,2.1177094425481208e-06,2.1173576897611086e-06,2.1170061374724148e-06,2.116654785508414e-06,2.1163036336635465e-06,2.11595268174956e-06,2.115601929572416e-06,2.1152513769376952e-06,2.114901023653471e-06,2.1145508695303117e-06,2.114200914375251e-06,2.113851157997004e-06,2.1135016001956892e-06,2.1131522408023963e-06,2.112803079606933e-06,2.1124541164235966e-06,2.1121053510605e-06,2.111756783328253e-06,2.1114084130377444e-06,2.1110602400023143e-06,2.110712264029335e-06,2.1103644849393562e-06,2.110016902534894e-06,2.1096695166121527e-06,2.109322326994631e-06,2.108975333524812e-06,2.1086285359884653e-06,2.1082819341738473e-06,2.107935527920092e-06,2.1075893170403955e-06,2.1072433013528407e-06,2.106897480664968e-06,2.1065518547893114e-06,2.1062064235293545e-06,2.1058611867262508e-06,2.1055161441772435e-06,2.1051712956997216e-06,2.104826641107227e-06,2.1044821802165356e-06,2.1041379128448787e-06,2.103793838806843e-06,2.103449957916866e-06,2.103106269993097e-06,2.102762774850383e-06,2.1024194723062116e-06,2.1020763621798003e-06,2.101733444275911e-06,2.1013907184352347e-06,2.10104818446309e-06,2.1007058421751354e-06,2.100363691394461e-06,2.100021731932104e-06,2.0996799636166906e-06,2.099338386273914e-06,2.098996999677721e-06,2.098655803707968e-06,2.0983147981583943e-06,2.09797398283877e-06,2.09763335758895e-06,2.097292922231042e-06,2.0969526765633386e-06,2.096612620421599e-06,2.096272753621965e-06,2.0959330759917065e-06,2.095593587342606e-06,2.095254287508437e-06,2.0949151762899818e-06,2.09457625353394e-06,2.0942375190593025e-06,2.0938989726848656e-06,2.0935606142338457e-06,2.093222443520582e-06,2.0928844603744104e-06,2.0925466646223703e-06,2.092209056083701e-06,2.0918716345965836e-06,2.0915343999495423e-06,2.091197352016956e-06,2.0908604905709635e-06,2.090523815489428e-06,2.0901873265739723e-06,2.089851023656536e-06,2.08951490655098e-06,2.0891789750788125e-06,2.08884322909175e-06,2.0885076683968234e-06,2.0881722928264734e-06,2.087837102202301e-06,2.08750209635788e-06,2.0871672751169313e-06,2.0868326383072643e-06,2.0864981857553073e-06,2.0861639173033304e-06,2.0858298327538744e-06,2.085495931963209e-06,2.0851622147498926e-06,2.0848286809940078e-06,2.084495330416724e-06,2.084162162903475e-06,2.083829178279524e-06,2.083496376382918e-06,2.0831637570388737e-06,2.0828313200804723e-06,2.082499065334667e-06,2.082166992633876e-06,2.0818351018077555e-06,2.081503392692163e-06,2.0811718651147484e-06,2.0808405189082445e-06,2.080509353910324e-06,2.0801783699547304e-06,2.0798475668540705e-06,2.0795169444419634e-06,2.079186502574586e-06,2.078856241103913e-06,2.078526159809896e-06,2.0781962585417543e-06,2.07786653714712e-06,2.077536995452478e-06,2.0772076332832227e-06,2.0768784504872603e-06,2.0765494468826583e-06,2.076220622334285e-06,2.0758919766551868e-06,2.075563509673662e-06,2.075235221233891e-06,2.074907111189088e-06,2.074579179364233e-06,2.0742514256250397e-06,2.073923849712656e-06,2.073596451549696e-06,2.0732692309587575e-06,2.072942187757427e-06,2.072615321797452e-06,2.072288632886278e-06,2.0719621209177852e-06,2.0716357856875996e-06,2.0713096270424315e-06,2.07098364482253e-06,2.0706578388670624e-06,2.070332209015242e-06,2.070006755082491e-06,2.0696814769497094e-06,2.0693563744377957e-06,2.0690314473833924e-06,2.0687066956280347e-06,2.068382119010364e-06,2.068057717396489e-06,2.0677334905874295e-06,2.0674094384121053e-06,2.0670855607786556e-06,2.0667618574626806e-06,2.066438328328998e-06,2.066114973237873e-06,2.065791791981535e-06,2.0654687844440174e-06,2.065145950456971e-06,2.064823289859628e-06,2.0645008024948757e-06,2.064178488204038e-06,2.063856346810908e-06,2.063534378204458e-06,2.0632125821953357e-06,2.0628909586429567e-06,2.0625695073694016e-06,2.062248228244871e-06,2.061927121084881e-06,2.061606185775297e-06,2.061285422123211e-06,2.0609648300152927e-06,2.060644409236307e-06,2.0603241596749227e-06,2.0600040811491143e-06,2.059684173509751e-06,2.059364436606564e-06,2.059044870292744e-06,2.0587254744012846e-06,2.058406248792406e-06,2.058087193299428e-06,2.057768307783443e-06,2.05744959208175e-06,2.057131046044155e-06,2.056812669517566e-06,2.0564944623491048e-06,2.0561764243829223e-06,2.0558585554614557e-06,2.0555408554435176e-06,2.0552233241805473e-06,2.054905961533934e-06,2.0545887673164737e-06,2.0542717413968716e-06,2.053954883616632e-06,2.0536381938617888e-06,2.0533216719219118e-06,2.0530053176705932e-06,2.0526891309592534e-06,2.0523731116210967e-06,2.052057259538874e-06,2.051741574572769e-06,2.0514260565095217e-06,2.0511107052523624e-06,2.050795520638032e-06,2.050480502522618e-06,2.0501656507705205e-06,2.0498509652005985e-06,2.049536445664162e-06,2.0492220920332968e-06,2.048907904153786e-06,2.0485938818785077e-06,2.0482800250572774e-06,2.0479663335379873e-06,2.047652807189104e-06,2.0473394458355037e-06,2.047026249356993e-06,2.046713217604474e-06,2.0464003504272254e-06,2.046087647667563e-06,2.045775109196589e-06,2.0454627348606624e-06,2.0451505245173e-06,2.0448384780140484e-06,2.044526595207877e-06,2.0442148759564337e-06,2.043903320114508e-06,2.043591927528586e-06,2.0432806980632696e-06,2.042969631574249e-06,2.0426587279172903e-06,2.0423479869417093e-06,2.0420374085066374e-06,2.041726992488129e-06,2.041416738693457e-06,2.041106647036571e-06,2.0407967173247087e-06,2.0404869494309663e-06,2.040177343214639e-06,2.039867898542749e-06,2.039558615267965e-06,2.039249493231158e-06,2.0389405323152836e-06,2.0386317323703353e-06,2.038323093251383e-06,2.0380146148145574e-06,2.0377062969213647e-06,2.037398139450171e-06,2.0370901422280267e-06,2.036782305100412e-06,2.0364746279667397e-06,2.0361671106553037e-06,2.0358597530540977e-06,2.035552554994533e-06,2.0352455163667966e-06,2.0349386370224058e-06,2.0346319168108732e-06,2.034325355600695e-06,2.034018953234454e-06,2.033712709603056e-06,2.0334066245545607e-06,2.0331006979437865e-06,2.032794929644674e-06,2.0324893194933123e-06,2.0321838673672017e-06,2.0318785731316413e-06,2.0315734366444218e-06,2.0312684577625496e-06,2.0309636363552667e-06,2.030658972285384e-06,2.0303544654134787e-06,2.0300501156102405e-06,2.0297459227109797e-06,2.029441886588122e-06,2.029138007148016e-06,2.0288342842099297e-06,2.0285307176513536e-06,2.0282273073329754e-06,2.0279240531197717e-06,2.027620954876926e-06,2.0273180124694767e-06,2.02701522576008e-06,2.026712594598042e-06,2.0264101188779885e-06,2.0261077984480445e-06,2.025805633220639e-06,2.0255036229708214e-06,2.025201767594404e-06,2.0249000669904825e-06,2.0245985210086826e-06,2.0242971295136034e-06,2.0239958923678634e-06,2.0236948094395782e-06,2.023393880599761e-06,2.0230931057116877e-06,2.022792484638941e-06,2.022492017251572e-06,2.022191703416134e-06,2.021891543022881e-06,2.02159153589344e-06,2.0212916819156026e-06,2.020991980944848e-06,2.0206924328811206e-06,2.0203930375813033e-06,2.020093794908327e-06,2.019794704721116e-06,2.0194957669007e-06,2.019196981309949e-06,2.0188983478253475e-06,2.0185998663174703e-06,2.018301536615331e-06,2.018003358645708e-06,2.0177053322559717e-06,2.0174074573117033e-06,2.0171097336855255e-06,2.0168121612850743e-06,2.016514739910163e-06,2.0162174694997105e-06,2.0159203498510564e-06,2.015623380890822e-06,2.0153265624749763e-06,2.015029894448271e-06,2.014733376702378e-06,2.0144370091119113e-06,2.0141407915440655e-06,2.013844723877486e-06,2.013548805939583e-06,2.0132530376588824e-06,2.0129574189119906e-06,2.0126619495453293e-06,2.0123666294595878e-06,2.0120714584325304e-06,2.0117764364550583e-06,2.0114815633521534e-06,2.0111868389649956e-06,2.0108922632354786e-06,2.010597835993319e-06,2.0103035571214905e-06,2.010009426442571e-06,2.0097154439170383e-06,2.0094216093900906e-06,2.0091279227238293e-06,2.00883438379147e-06,2.008540992487091e-06,2.0082477486564773e-06,2.007954652170443e-06,2.00766170293439e-06,2.007368900809831e-06,2.0070762456623403e-06,2.006783737379863e-06,2.006491375833181e-06,2.006199160889133e-06,2.005907092447055e-06,2.005615170352108e-06,2.0053233945193308e-06,2.0050317647867156e-06,2.004740281039357e-06,2.0044489431701833e-06,2.00415775104332e-06,2.0038667045310536e-06,2.003575803518266e-06,2.0032850478774766e-06,2.002994437492482e-06,2.002703972237267e-06,2.002413651980392e-06,2.0021234766155684e-06,2.001833446014496e-06,2.0015435600521813e-06,2.001253818582585e-06,2.0009642215354363e-06,2.000674768760433e-06,2.000385460138077e-06,2.000096295522739e-06,1.9998072748169936e-06,1.99951839792794e-06,1.999229664707935e-06,1.9989410750347585e-06,1.998652628787615e-06,1.9983643258471683e-06,1.9980761661004604e-06,1.9977881494152404e-06,1.997500275664902e-06,1.9972125447432446e-06,1.9969249565356405e-06,1.9966375109312915e-06,1.9963502077686925e-06,1.9960630469517417e-06,1.995776028369443e-06,1.99548915191192e-06,1.995202417436897e-06,1.9949158248237683e-06,1.9946293739657803e-06,1.9943430647317467e-06,1.994056897018752e-06,1.9937708706981613e-06,1.9934849856689194e-06,1.9931992417904955e-06,1.9929136389865144e-06,1.992628177105152e-06,1.992342856005421e-06,1.9920576756007647e-06,1.9917726357860585e-06,1.9914877363994894e-06,1.991202977375362e-06,1.9909183585638908e-06,1.990633879858813e-06,1.9903495411391585e-06,1.990065342296223e-06,1.9897812832168438e-06,1.989497363793592e-06,1.9892135838724433e-06,1.988929943359819e-06,1.988646442139692e-06,1.9883630800982133e-06,1.9880798571196245e-06,1.9877967730846685e-06,1.98751382788159e-06,1.9872310214057614e-06,1.9869483535184358e-06,1.9866658241277958e-06,1.9863834331044016e-06,1.986101180329348e-06,1.9858190657011067e-06,1.9855370891003214e-06,1.9852552504150465e-06,1.9849735495292373e-06,1.98469198631286e-06,1.9844105606848573e-06,1.9841292725170485e-06,1.9838481216946944e-06,1.983567108096112e-06,1.9832862316249297e-06,1.983005492165097e-06,1.9827248896011415e-06,1.982444423807503e-06,1.9821640946812367e-06,1.9818839021027378e-06,1.9816038459736293e-06,1.9813239261745766e-06,1.9810441425934427e-06,1.9807644951177175e-06,1.9804849836406794e-06,1.980205608037537e-06,1.979926368213043e-06,1.9796472640436044e-06,1.9793682954256035e-06,1.9790894622443698e-06,1.9788107643882304e-06,1.978532201737735e-06,1.9782537741949967e-06,1.977975481649124e-06,1.977697323981677e-06,1.977419301081308e-06,1.977141412850351e-06,1.9768636591663523e-06,1.9765860399237895e-06,1.9763085550121717e-06,1.9760312043258213e-06,1.975753987743171e-06,1.975476905165988e-06,1.9751999564853774e-06,1.9749231415836022e-06,1.9746464603556447e-06,1.9743699126920147e-06,1.9740934984846005e-06,1.9738172176198267e-06,1.9735410699976515e-06,1.9732650555051452e-06,1.9729891740334674e-06,1.97271342547467e-06,1.9724378097209955e-06,1.9721623266681365e-06,1.9718869762038638e-06,1.971611758220185e-06,1.9713366726057125e-06,1.971061719256744e-06,1.9707868980654015e-06,1.970512208925144e-06,1.970237651728554e-06,1.969963226367911e-06,1.969688932741732e-06,1.969414770737447e-06,1.969140740245277e-06,1.9688668411624226e-06,1.968593073387212e-06,1.9683194368036437e-06,1.968045931310304e-06,1.9677725568055516e-06,1.9674993131744775e-06,1.9672262003155763e-06,1.9669532181233156e-06,1.966680366496127e-06,1.9664076453242273e-06,1.9661350544982858e-06,1.9658625939217326e-06,1.9655902634772703e-06,1.965318063067486e-06,1.965045992589997e-06,1.9647740519375137e-06,1.9645022410052795e-06,1.9642305596927228e-06,1.9639590078873015e-06,1.963687585485846e-06,1.9634162923900806e-06,1.9631451284930305e-06,1.962874093688509e-06,1.9626031878741578e-06,1.9623324109543273e-06,1.962061762812635e-06,1.9617912433501136e-06,1.9615208524663255e-06,1.9612505900535696e-06,1.9609804560138187e-06,1.960710450241713e-06,1.960440572630788e-06,1.9601708230832282e-06,1.959901201495918e-06,1.9596317077625776e-06,1.959362341783018e-06,1.959093103455554e-06,1.958823992676415e-06,1.9585550093481745e-06,1.9582861533653376e-06,1.958017424623281e-06,1.957748823025521e-06,1.9574803484679287e-06,1.957212000849899e-06,1.956943780075323e-06,1.956675686033213e-06,1.956407718623743e-06,1.956139877747715e-06,1.955872163304435e-06,1.955604575187674e-06,1.9553371133081125e-06,1.95506977755839e-06,1.9548025678405493e-06,1.9545354840532242e-06,1.9542685260886755e-06,1.954001693860847e-06,1.9537349872628208e-06,1.9534684061937084e-06,1.953201950555242e-06,1.9529356202464714e-06,1.9526694151689882e-06,1.952403335222717e-06,1.952137380305217e-06,1.9518715503195095e-06,1.951605845167309e-06,1.9513402647536507e-06,1.9510748089783963e-06,1.950809477729154e-06,1.9505442709181423e-06,1.950279188448901e-06,1.950014230221869e-06,1.949749396151691e-06,1.9494846861190825e-06,1.949220100006105e-06,1.948955637768275e-06,1.948691299275972e-06,1.9484270844381513e-06,1.9481629931529616e-06,1.94789902532352e-06,1.9476351808604024e-06,1.9473714596586826e-06,1.947107861608039e-06,1.946844386638971e-06,1.946581034640506e-06,1.9463178055135425e-06,1.9460546991533735e-06,1.9457917154842832e-06,1.9455288544026686e-06,1.945266115806529e-06,1.945003499606124e-06,1.9447410056981302e-06,1.9444786339847237e-06,1.9442163843788644e-06,1.943954256776196e-06,1.943692251088782e-06,1.943430367211353e-06,1.9431686050556655e-06,1.9429069645217608e-06,1.942645445516272e-06,1.94238404794108e-06,1.9421227717007043e-06,1.9418616167037396e-06,1.9416005828588605e-06,1.9413396700438023e-06,1.941078878210302e-06,1.9408182072401455e-06,1.940557657036667e-06,1.9402972275339807e-06,1.9400369185860963e-06,1.939776730124392e-06,1.9395166620291967e-06,1.939256714252505e-06,1.9389968866809488e-06,1.9387371792293368e-06,1.938477591794407e-06,1.938218124271973e-06,1.937958776583972e-06,1.9376995486234884e-06,1.93744044030528e-06,1.937181451534832e-06,1.9369225822198436e-06,1.9366638322709715e-06,1.9364052015709895e-06,1.9361466900633565e-06,1.935888297639473e-06,1.9356300242164074e-06,1.9353718696825227e-06,1.935113833954809e-06,1.93485591694041e-06,1.9345981185303614e-06,1.934340438666031e-06,1.9340828772403285e-06,1.933825434160235e-06,1.9335681093304503e-06,1.9333109026672105e-06,1.933053814087773e-06,1.9327968434708157e-06,1.932539990742465e-06,1.9322832558108266e-06,1.932026638584836e-06,1.9317701389724486e-06,1.931513756866686e-06,1.9312574922089355e-06,1.931001344891641e-06,1.9307453148263817e-06,1.9304894019190083e-06,1.9302336060822832e-06,1.9299779272241307e-06,1.9297223652540803e-06,1.9294669200833575e-06,1.929211591622993e-06,1.9289563797770303e-06,1.9287012844607697e-06,1.9284463055813142e-06,1.928191443050482e-06,1.9279366967781212e-06,1.9276820666757613e-06,1.927427552653388e-06,1.927173154621236e-06,1.9269188724778015e-06,1.926664706159591e-06,1.926410655564807e-06,1.9261567206049035e-06,1.9259029011898966e-06,1.925649197233406e-06,1.92539560864361e-06,1.9251421353333007e-06,1.9248887772143513e-06,1.9246355341971534e-06,1.9243824061948045e-06,1.9241293931186487e-06,1.923876494880478e-06,1.9236237113919114e-06,1.923371042552378e-06,1.923118488288735e-06,1.9228660485280115e-06,1.922613723171038e-06,1.9223615120996947e-06,1.922109415268945e-06,1.9218574325731672e-06,1.921605563937303e-06,1.9213538092663046e-06,1.921102168475727e-06,1.920850641457642e-06,1.920599228191022e-06,1.920347928490575e-06,1.9200967423488466e-06,1.9198456696169036e-06,1.91959471024074e-06,1.9193438641177184e-06,1.919093131203445e-06,1.918842511373022e-06,1.9185920045502304e-06,1.918341610656172e-06,1.9180913295882323e-06,1.917841161278969e-06,1.9175911056406355e-06,1.917341162583557e-06,1.917091332022055e-06,1.9168416138712184e-06,1.9165920080436944e-06,1.916342514456275e-06,1.9160931330450725e-06,1.9158438636827788e-06,1.9155947063028782e-06,1.9153456608258674e-06,1.9150967271571976e-06,1.9148479052201162e-06,1.9145991949290097e-06,1.9143505961925265e-06,1.9141021089377375e-06,1.913853733074504e-06,1.913605468515844e-06,1.913357315178852e-06,1.913109272980741e-06,1.9128613418413424e-06,1.912613521673368e-06,1.912365812392101e-06,1.9121182139070357e-06,1.911870726149053e-06,1.9116233490233776e-06,1.9113760824512465e-06,1.9111289263485637e-06,1.9108818806363552e-06,1.91063494518943e-06,1.9103881199985944e-06,1.9101414049413128e-06,1.909894799937642e-06,1.909648304901998e-06,1.9094019197230898e-06,1.909155644387099e-06,1.908909478775073e-06,1.908663422794292e-06,1.9084174763771407e-06,1.9081716394397883e-06,1.907925911898757e-06,1.90768029366142e-06,1.9074347846724744e-06,1.9071893848337188e-06,1.906944094046723e-06,1.9066989122415829e-06,1.906453839371937e-06,1.9062088752744634e-06,1.9059640199096086e-06,1.905719273216261e-06,1.9054746350826992e-06,1.9052301054584265e-06,1.9049856842419074e-06,1.9047413713663557e-06,1.9044971667191539e-06,1.9042530702635672e-06,1.9040090819038997e-06,1.903765201540183e-06,1.9035214291327512e-06,1.9032777645588722e-06,1.903034207764755e-06,1.9027907586377596e-06,1.9025474171150533e-06,1.902304183116888e-06,1.902061056564501e-06,1.901818037378946e-06,1.901575125478742e-06,1.9013323207920561e-06,1.9010896232254747e-06,1.9008470327251636e-06,1.9006045491693606e-06,1.900362172550085e-06,1.9001199026798202e-06,1.8998777395531333e-06,1.8996356830681152e-06,1.8993937331585358e-06,1.8991518897348219e-06,1.8989101527164428e-06,1.8986685220331587e-06,1.8984269976040741e-06,1.8981855793509768e-06,1.8979442671796377e-06,1.8977030610368485e-06,1.8974619608277167e-06,1.897220966472065e-06,1.8969800778997326e-06,1.8967392950375186e-06,1.8964986177999245e-06,1.8962580461117552e-06,1.8960175798893482e-06,1.895777219062068e-06,1.895536963543221e-06,1.8952968132422451e-06,1.8950567681178078e-06,1.8948168280793396e-06,1.8945769930418325e-06,1.894337262923683e-06,1.8940976376502833e-06,1.8938581171482884e-06,1.8936187013395977e-06,1.8933793901424793e-06,1.8931401834833042e-06,1.8929010812858079e-06,1.8926620834720753e-06,1.892423189961698e-06,1.892184400684978e-06,1.8919457155448683e-06,1.891707134500707e-06,1.8914686574552236e-06,1.8912302843323414e-06,1.8909920150596302e-06,1.8907538495551083e-06,1.890515787746724e-06,1.8902778295547148e-06,1.8900399749056612e-06,1.8898022237286787e-06,1.889564575937516e-06,1.8893270314604498e-06,1.8890895902250859e-06,1.8888522521526799e-06,1.8886150171654596e-06,1.8883778851970516e-06,1.8881408561283273e-06,1.8879039299753408e-06,1.8876671065845112e-06,1.8874303859044526e-06,1.8871937678648946e-06,1.88695725238103e-06,1.8867208393826793e-06,1.88648452879625e-06,1.8862483205440412e-06,1.8860122145531636e-06,1.8857762107484806e-06,1.8855403090712719e-06,1.885304509402775e-06,1.8850688117120417e-06,1.8848332158801295e-06,1.8845977218919596e-06,1.8843623296563173e-06,1.884127039076797e-06,1.8838918500646104e-06,1.8836567625773643e-06,1.8834217765516586e-06,1.8831868918961848e-06,1.8829521085319466e-06,1.8827174263910303e-06,1.8824828453992917e-06,1.8822483654819416e-06,1.88201398656615e-06,1.8817797085782893e-06,1.881545531446794e-06,1.8813114550960368e-06,1.881077479456302e-06,1.8808436044512166e-06,1.880609830010042e-06,1.8803761560453213e-06,1.8801425824971866e-06,1.879909109302027e-06,1.8796757363825464e-06,1.879442463662061e-06,1.8792092910680482e-06,1.878976218515279e-06,1.8787432459568427e-06,1.8785103733074638e-06,1.8782776004946028e-06,1.878044927446729e-06,1.8778123540911418e-06,1.8775798803561067e-06,1.8773475061699152e-06,1.8771152314603756e-06,1.8768830561496749e-06,1.8766509801781908e-06,1.8764190034646022e-06,1.876187125939236e-06,1.8759553475342457e-06,1.8757236681848833e-06,1.8754920878031512e-06,1.875260606328645e-06,1.875029223684421e-06,1.8747979398035514e-06,1.8745667546095945e-06,1.8743356680364997e-06,1.8741046800150209e-06,1.8738737904686455e-06,1.8736429993317817e-06,1.8734123065288017e-06,1.873181711992978e-06,1.8729512156510582e-06,1.8727208174342574e-06,1.8724905172731688e-06,1.8722603150939707e-06,1.8720302108288695e-06,1.8718002044083647e-06,1.8715702957600276e-06,1.8713404848137917e-06,1.871110771501569e-06,1.8708811557515796e-06,1.8706516374945857e-06,1.8704222166622483e-06,1.870192893182691e-06,1.8699636669862053e-06,1.8697345380054392e-06,1.8695055061692932e-06,1.8692765714087246e-06,1.8690477336551085e-06,1.8688189928373982e-06,1.868590348888015e-06,1.8683618017351882e-06,1.8681333513119867e-06,1.8679049975513204e-06,1.867676740380312e-06,1.8674485797332377e-06,1.8672205155249096e-06,1.8669925477174696e-06,1.866764676222516e-06,1.8665369009590942e-06,1.8663092218864269e-06,1.8660816389297647e-06,1.8658541520162399e-06,1.8656267610639463e-06,1.8653994660361653e-06,1.865172266834344e-06,1.864945163405545e-06,1.8647181557206696e-06,1.8644912436374808e-06,1.864264427108479e-06,1.8640377060847707e-06,1.863811080482669e-06,1.8635845502443841e-06,1.8633581153083793e-06,1.8631317755966337e-06,1.862905531041684e-06,1.8626793815743523e-06,1.8624533271345986e-06,1.862227367648306e-06,1.8620015030547645e-06,1.8617757332750393e-06,1.861550058256316e-06,1.8613244779171895e-06,1.8610989922078073e-06,1.8608736010572284e-06,1.8606483043860657e-06,1.860423102135699e-06,1.8601979942275017e-06,1.8599729806160437e-06,1.85974806122817e-06,1.8595232359946948e-06,1.859298504851247e-06,1.8590738677292707e-06,1.8588493245601646e-06,1.8586248752819383e-06,1.858400519826437e-06,1.8581762581275976e-06,1.8579520901161717e-06,1.8577280157225817e-06,1.8575040348917292e-06,1.8572801475577948e-06,1.8570563536501174e-06,1.8568326531007962e-06,1.8566090458433007e-06,1.856385531819763e-06,1.8561621109621861e-06,1.855938783208916e-06,1.8557155484865285e-06,1.855492406731966e-06,1.8552693578804187e-06,1.8550464018613367e-06,1.8548235386203062e-06,1.8546007680897853e-06,1.8543780901993267e-06,1.8541555048869637e-06,1.8539330120874643e-06,1.8537106117353406e-06,1.8534883037666444e-06,1.8532660881187978e-06,1.8530439647227062e-06,1.8528219335159927e-06,1.8525999944333887e-06,1.8523781474145772e-06,1.852156392387342e-06,1.8519347292920933e-06,1.8517131580667658e-06,1.851491678642885e-06,1.8512702909554203e-06,1.8510489949483e-06,1.850827790551475e-06,1.8506066776936593e-06,1.8503856563219938e-06,1.8501647263812432e-06,1.8499438877853022e-06,1.8497231404920926e-06,1.84950248442306e-06,1.8492819195168578e-06,1.8490614457130432e-06,1.848841062954351e-06,1.8486207711672975e-06,1.8484005702923184e-06,1.8481804602620404e-06,1.8479604410184957e-06,1.847740512493949e-06,1.8475206746313975e-06,1.8473009273606666e-06,1.8470812706268108e-06,1.8468617043650173e-06,1.8466422285104164e-06,1.846422843000957e-06,1.8462035477828199e-06,1.8459843427690538e-06,1.8457652278920434e-06,1.84554620313558e-06,1.8453272684092736e-06,1.8451084236492515e-06,1.8448896688087108e-06,1.8446710038035156e-06,1.844452428580374e-06,1.84423394307818e-06,1.8440155472343128e-06,1.8437972409870828e-06,1.8435790242745534e-06,1.8433608970491022e-06,1.8431428592202452e-06,1.842924910740535e-06,1.8427070515483323e-06,1.84248928158201e-06,1.8422716007799357e-06,1.8420540090807066e-06,1.8418365064226946e-06,1.8416190927445814e-06,1.8414017679844965e-06,1.8411845320820672e-06,1.8409673849756889e-06,1.8407503266050342e-06,1.8405333569085645e-06,1.8403164758234934e-06,1.8400996832901547e-06,1.8398829792485355e-06,1.839666363617634e-06,1.8394498363378065e-06,1.8392333974013706e-06,1.8390170467144552e-06,1.8388007842257637e-06,1.8385846098545917e-06,1.8383685235411815e-06,1.8381525252429296e-06,1.8379366148822922e-06,1.8377207924104326e-06,1.837505057762822e-06,1.8372894108875428e-06,1.8370738517084705e-06,1.8368583801735218e-06,1.8366429962222757e-06,1.836427699793766e-06,1.8362124908305055e-06,1.8359973692701791e-06,1.8357823350558587e-06,1.8355673881255808e-06,1.8353525284207668e-06,1.8351377558655695e-06,1.8349230704312755e-06,1.8347084720426231e-06,1.8344939606413038e-06,1.8342795361681327e-06,1.8340651985612202e-06,1.833850947766328e-06,1.8336367836979247e-06,1.8334227063412523e-06,1.833208715614154e-06,1.8329948114646306e-06,1.8327809938235352e-06,1.8325672626329052e-06,1.832353617838887e-06,1.8321400593826486e-06,1.8319265872052123e-06,1.8317132012452452e-06,1.8314999014461152e-06,1.83128668774373e-06,1.8310735600888232e-06,1.830860518419075e-06,1.8306475626756532e-06,1.8304346927991935e-06,1.8302219087333678e-06,1.83000921041748e-06,1.8297965977956666e-06,1.829584070807467e-06,1.8293716293918435e-06,1.8291592734979327e-06,1.8289470030665877e-06,1.828734818037723e-06,1.8285227183526638e-06,1.8283107039548337e-06,1.8280987747823723e-06,1.8278869307856043e-06,1.8276751719016542e-06,1.8274634980742992e-06,1.8272519092451891e-06,1.827040405357503e-06,1.8268289863542842e-06,1.8266176521761486e-06,1.8264064027677768e-06,1.8261952380699582e-06,1.8259841580277464e-06,1.8257731625815876e-06,1.8255622516767456e-06,1.8253514252549946e-06,1.8251406832590987e-06,1.8249300256274096e-06,1.8247194523128854e-06,1.8245089632534256e-06,1.8242985583930903e-06,1.8240882376746198e-06,1.823878001041297e-06,1.823667848436381e-06,1.8234577798035798e-06,1.8232477950861731e-06,1.8230378942273883e-06,1.8228280771716915e-06,1.8226183438620526e-06,1.8224086942424112e-06,1.8221991282555476e-06,1.821989645848242e-06,1.8217802469611151e-06,1.8215709315391333e-06,1.8213616995264129e-06,1.8211525508666857e-06,1.8209434855044938e-06,1.8207345033827728e-06,1.820525604443865e-06,1.8203167886379455e-06,1.8201080559061171e-06,1.8198994061931533e-06,1.8196908394430544e-06,1.8194823555996942e-06,1.8192739546086241e-06,1.819065636408732e-06,1.8188574009548587e-06,1.81864924818565e-06,1.8184411780474517e-06,1.8182331904843046e-06,1.8180252854343063e-06,1.8178174628554546e-06,1.8176097226855979e-06,1.817402064865703e-06,1.8171944893525382e-06,1.8169869960819792e-06,1.8167795850012012e-06,1.8165722560564192e-06,1.8163650091904781e-06,1.8161578443499343e-06,1.8159507614800916e-06,1.8157437605260407e-06,1.815536841433699e-06,1.8153300041484086e-06,1.815123248615721e-06,1.8149165747810416e-06,1.8147099825900776e-06,1.8145034719884747e-06,1.8142970429219183e-06,1.8140906953297719e-06,1.8138844291707456e-06,1.8136782443842334e-06,1.813472140916736e-06,1.8132661187134544e-06,1.8130601777206536e-06,1.812854317885057e-06,1.8126485391515994e-06,1.8124428414679212e-06,1.8122372247808192e-06,1.8120316890337602e-06,1.8118262341749632e-06,1.8116208601516731e-06,1.811415566907839e-06,1.8112103543912661e-06,1.811005222541123e-06,1.8108001713187431e-06,1.8105952006631553e-06,1.8103903105214467e-06,1.8101855008402484e-06,1.809980771566429e-06,1.809776122661119e-06,1.8095715540421765e-06,1.8093670656710297e-06,1.8091626574904824e-06,1.8089583294561623e-06,1.8087540815110096e-06,1.8085499136021132e-06,1.8083458256766343e-06,1.808141817681821e-06,1.8079378895560149e-06,1.807734041264798e-06,1.8075302727458061e-06,1.807326583946807e-06,1.8071229748150258e-06,1.8069194452986862e-06,1.8067159953522375e-06,1.806512624909879e-06,1.8063093339229883e-06,1.8061061223431575e-06,1.805902990116572e-06,1.8056999371929626e-06,1.8054969635137708e-06,1.8052940690348366e-06,1.805091253697764e-06,1.8048885174540565e-06,1.8046858602551166e-06,1.8044832820529086e-06,1.8042807827805785e-06,1.8040783623948909e-06,1.8038760208423506e-06,1.8036737580778388e-06,1.8034715740378338e-06,1.8032694686765607e-06,1.8030674419422904e-06,1.802865493782111e-06,1.8026636241487204e-06,1.8024618329899727e-06,1.8022601202337282e-06,1.8020584858649879e-06,1.8018569297859394e-06,1.8016554520046293e-06,1.8014540524397497e-06,1.8012527310407725e-06,1.8010514877594998e-06,1.8008503225421398e-06,1.8006492353324881e-06,1.8004482260858355e-06,1.8002472947495163e-06,1.8000464412838462e-06,1.7998456656182424e-06,1.7996449677085433e-06,1.799444347508206e-06,1.7992438049629375e-06,1.7990433400245374e-06,1.7988429526422748e-06,1.7986426427658911e-06,1.7984424103443628e-06,1.798242255351286e-06,1.798042177687574e-06,1.7978421773278674e-06,1.7976422542251654e-06,1.7974424083256948e-06,1.7972426395730675e-06,1.7970429479260886e-06,1.7968433333308266e-06,1.7966437957421686e-06,1.7964443351065492e-06,1.7962449513702137e-06,1.7960456444879304e-06,1.7958464144087608e-06,1.7956472611151832e-06,1.7954481844883167e-06,1.7952491845216701e-06,1.7950502611555733e-06,1.7948514143268038e-06,1.7946526440304003e-06,1.7944539501775739e-06,1.7942553327307852e-06,1.7940567916357435e-06,1.793858326851573e-06,1.793659938324683e-06,1.7934616260057115e-06,1.793263389825778e-06,1.7930652297766773e-06,1.7928671457796275e-06,1.7926691378016836e-06,1.7924712057839455e-06,1.7922733496817778e-06,1.7920755694434378e-06,1.7918778650203682e-06,1.791680236363479e-06,1.7914826834087075e-06,1.7912852061227031e-06,1.7910878044710118e-06,1.7908904783692685e-06,1.7906932277811083e-06,1.7904960526949498e-06,1.7902989530355014e-06,1.7901019287566582e-06,1.7899049798018039e-06,1.789708106127475e-06,1.7895113076841123e-06,1.7893145844223816e-06,1.7891179362951e-06,1.7889213632547306e-06,1.7887248652253756e-06,1.78852844221206e-06,1.7883320941384194e-06,1.788135820949273e-06,1.7879396225987956e-06,1.7877434990627124e-06,1.7875474502559818e-06,1.7873514761706847e-06,1.7871555767218356e-06,1.7869597518954447e-06,1.786764001624494e-06,1.7865683258484205e-06,1.7863727245509218e-06,1.7861771976679254e-06,1.7859817451521372e-06,1.785786366953443e-06,1.7855910630196374e-06,1.7853958333190056e-06,1.785200677794879e-06,1.785005596398886e-06,1.7848105890829461e-06,1.7846156557870365e-06,1.7844207964951203e-06,1.7842260111442688e-06,1.784031299683676e-06,1.7838366620679263e-06,1.783642098252685e-06,1.7834476081725718e-06,1.783253191813275e-06,1.783058849111331e-06,1.7828645800195878e-06,1.7826703844910706e-06,1.7824762624774008e-06,1.782282213934719e-06,1.7820882388161367e-06,1.7818943370750712e-06,1.7817005086617392e-06,1.7815067535110246e-06,1.7813130716148844e-06,1.7811194629088952e-06,1.7809259273201627e-06,1.7807324648261906e-06,1.7805390754081891e-06,1.7803457589794228e-06,1.780152515545716e-06,1.779959344999572e-06,1.7797662473156817e-06,1.7795732224240657e-06,1.7793802703094847e-06,1.7791873909457826e-06,1.7789945842636732e-06,1.7788018501990322e-06,1.7786091887383644e-06,1.778416599819856e-06,1.7782240833678033e-06,1.7780316393952542e-06,1.7778392678253025e-06,1.777646968614264e-06,1.7774547417061633e-06,1.777262587073086e-06,1.7770705046601544e-06,1.7768784944196318e-06,1.7766865563124779e-06,1.7764946902885113e-06,1.7763028963025716e-06,1.7761111743127298e-06,1.7759195242696893e-06,1.7757279461286888e-06,1.775536439835972e-06,1.7753450053633279e-06,1.7751536426566142e-06,1.7749623516709387e-06,1.7747711323577135e-06,1.7745799846491626e-06,1.774388908546483e-06,1.7741979039911238e-06,1.7740069709310056e-06,1.7738161093186338e-06,1.7736253191094986e-06,1.773434600265111e-06,1.7732439527349563e-06,1.7730533764774541e-06,1.7728628714427374e-06,1.7726724375876417e-06,1.7724820748701336e-06,1.7722917832416707e-06,1.7721015626738963e-06,1.771911413096137e-06,1.7717213344776207e-06,1.7715313267676855e-06,1.7713413899293084e-06,1.77115152391167e-06,1.7709617286756476e-06,1.7707720041773604e-06,1.770582350368719e-06,1.7703927672065504e-06,1.7702032546446727e-06,1.7700138126384137e-06,1.7698244411495102e-06,1.76963514009566e-06,1.7694459094997767e-06,1.7692567492832627e-06,1.7690676594074517e-06,1.7688786398243266e-06,1.7686896904883808e-06,1.7685008113603866e-06,1.7683120023908428e-06,1.7681232635422922e-06,1.7679345947562814e-06,1.76774599600817e-06,1.7675574672473506e-06,1.7673690084305475e-06,1.7671806195196781e-06,1.7669923004572172e-06,1.766804051196076e-06,1.7666158717094085e-06,1.7664277619505626e-06,1.7662397218729557e-06,1.766051751433316e-06,1.7658638505800516e-06,1.7656760192984904e-06,1.7654882575134544e-06,1.7653005652176238e-06,1.7651129423243903e-06,1.7649253888048389e-06,1.7647379046388037e-06,1.7645504897487275e-06,1.7643631441067146e-06,1.764175867666236e-06,1.7639886603882694e-06,1.7638015222306934e-06,1.7636144531552666e-06,1.7634274531068353e-06,1.7632405220542664e-06,1.7630536599527721e-06,1.7628668667546936e-06,1.762680142438489e-06,1.7624934869255198e-06,1.7623069001918624e-06,1.7621203821908703e-06,1.7619339328778178e-06,1.7617475522165735e-06,1.7615612401612495e-06,1.7613749966723332e-06,1.7611888216963252e-06,1.7610027152070542e-06,1.7608166771568324e-06,1.7606307074910926e-06,1.7604448061867882e-06,1.7602589731973818e-06,1.7600732084762706e-06,1.7598875119775433e-06,1.759701883660503e-06,1.7595163234906566e-06,1.759330831426332e-06,1.7591454074049206e-06,1.7589600514134423e-06,1.7587747633968002e-06,1.7585895433120584e-06,1.7584043910963582e-06,1.7582193067490597e-06,1.7580342902118328e-06,1.7578493414329726e-06,1.7576644603759725e-06,1.7574796470006243e-06,1.7572949012630704e-06,1.7571102231235143e-06,1.7569256125434644e-06,1.7567410694772915e-06,1.7565565938825317e-06,1.7563721857177588e-06,1.7561878449461019e-06,1.7560035715234555e-06,1.755819365407302e-06,1.7556352265510132e-06,1.755451154925292e-06,1.755267150484069e-06,1.755083213186927e-06,1.75489934298905e-06,1.7547155398483245e-06,1.7545318037330792e-06,1.7543481345927702e-06,1.754164532381094e-06,1.7539809970750124e-06,1.7537975286181434e-06,1.753614126974286e-06,1.7534307921034696e-06,1.7532475239687714e-06,1.7530643225244739e-06,1.7528811877449039e-06,1.7526981195573617e-06,1.7525151179344313e-06,1.7523321828364471e-06,1.7521493142386876e-06,1.7519665120760299e-06,1.7517837763295396e-06,1.7516011069483066e-06,1.7514185039045052e-06,1.7512359671333785e-06,1.75105349660208e-06,1.750871092257194e-06,1.7506887540970038e-06,1.7505064820578481e-06,1.750324276108316e-06,1.750142136198765e-06,1.7499600622842619e-06,1.7497780543362985e-06,1.749596112292017e-06,1.7494142361469398e-06,1.7492324258432155e-06,1.7490506813365527e-06,1.7488690025945145e-06,1.7486873895741657e-06,1.7485058422280745e-06,1.7483243605329592e-06,1.7481429444376219e-06,1.7479615939051773e-06,1.7477803088903171e-06,1.7475990893616348e-06,1.7474179352706348e-06,1.74723684657752e-06,1.7470558232550928e-06,1.7468748652722812e-06,1.7466939725558392e-06,1.7465131450840302e-06,1.7463323828162287e-06,1.7461516857138644e-06,1.7459710537363442e-06,1.7457904868440502e-06,1.7456099849981854e-06,1.7454295481434517e-06,1.7452491762715335e-06,1.7450688693182621e-06,1.7448886272649667e-06,1.7447084500632881e-06,1.7445283376703336e-06,1.744348290046005e-06,1.744168307157893e-06,1.7439883889615308e-06,1.7438085354024619e-06,1.7436287464749354e-06,1.7434490221206798e-06,1.7432693622915413e-06,1.7430897669600894e-06,1.7429102360993173e-06,1.7427307696609362e-06,1.742551367605217e-06,1.7423720298897284e-06,1.7421927564792335e-06,1.7420135473335871e-06,1.7418344023981788e-06,1.7416553216633674e-06,1.7414763050619074e-06,1.741297352588723e-06,1.7411184641717448e-06,1.7409396398030572e-06,1.7407608794274715e-06,1.740582183009197e-06,1.7404035505053247e-06,1.740224981883596e-06,1.7400464771011031e-06,1.7398680361049594e-06,1.7396896588900743e-06,1.7395113453995874e-06,1.7393330955970323e-06,1.7391549094436865e-06,1.7389767868858386e-06,1.738798727916842e-06,1.7386207324798842e-06,1.7384428005597666e-06,1.738264932065993e-06,1.7380871270222343e-06,1.7379093853440595e-06,1.737731707011653e-06,1.7375540919837404e-06,1.7373765402248857e-06,1.7371990516967199e-06,1.7370216263613571e-06,1.7368442641636363e-06,1.7366669650846886e-06,1.7364897291208482e-06,1.7363125561787602e-06,1.7361354462405296e-06,1.7359583992690703e-06,1.7357814152390981e-06,1.7356044940873352e-06,1.7354276357891307e-06,1.7352508403069682e-06,1.7350741076030143e-06,1.7348974376403108e-06,1.7347208303813798e-06,1.7345442857886774e-06,1.734367803824755e-06,1.7341913844666185e-06,1.7340150276482767e-06,1.73383873334659e-06,1.7336625015092413e-06,1.7334863321296197e-06,1.7333102251565295e-06,1.733134180566425e-06,1.7329581982902426e-06,1.7327822783094684e-06,1.732606420585369e-06,1.7324306250654074e-06,1.732254891710148e-06,1.7320792205498903e-06,1.7319036114833322e-06,1.7317280644897835e-06,1.7315525795301178e-06,1.7313771565688353e-06,1.7312017955689722e-06,1.731026496507621e-06,1.730851259320404e-06,1.7306760839931097e-06,1.7305009704716107e-06,1.7303259187348673e-06,1.7301509287325658e-06,1.7299760004346883e-06,1.7298011338050065e-06,1.7296263288064515e-06,1.7294515854224854e-06,1.7292769035772621e-06,1.729102283254784e-06,1.728927724417998e-06,1.7287532270373428e-06,1.7285787910628523e-06,1.7284044164649232e-06,1.728230103156605e-06,1.7280558512030982e-06,1.7278816605173308e-06,1.727707531063254e-06,1.7275334628046904e-06,1.7273594557131058e-06,1.7271855097436816e-06,1.7270116248549938e-06,1.7268378010171528e-06,1.726664038194421e-06,1.7264903363580103e-06,1.7263166954542066e-06,1.726143115460691e-06,1.7259695963389484e-06,1.725796138052651e-06,1.7256227405657699e-06,1.725449403850954e-06,1.7252761278635481e-06,1.7251029125734263e-06,1.7249297579239415e-06,1.724756663898215e-06,1.7245836304685328e-06,1.7244106575774357e-06,1.7242377451998241e-06,1.7240648933009012e-06,1.723892101845072e-06,1.7237193707964662e-06,1.7235467001194957e-06,1.7233740897787833e-06,1.7232015397389886e-06,1.7230290499647806e-06,1.7228566204210103e-06,1.7226842510715118e-06,1.7225119418785233e-06,1.7223396928128257e-06,1.7221675038361576e-06,1.7219953749130458e-06,1.721823305970089e-06,1.7216512970491722e-06,1.721479348076452e-06,1.7213074589862575e-06,1.7211356298053006e-06,1.7209638604666388e-06,1.7207921509390982e-06,1.7206205011819414e-06,1.7204489111626057e-06,1.7202773808469275e-06,1.7201059101992117e-06,1.7199344991843992e-06,1.719763147768147e-06,1.7195918559168158e-06,1.7194206235933025e-06,1.719249450710301e-06,1.7190783373435143e-06,1.7189072834022094e-06,1.7187362888475205e-06,1.718565353610437e-06,1.7183944777313066e-06,1.7182236611383013e-06,1.718052903797686e-06,1.7178822056749028e-06,1.7177115667073412e-06,1.7175409869161713e-06,1.7173704662375748e-06,1.7172000046369115e-06,1.7170296020821843e-06,1.7168592585375572e-06,1.7166889739698338e-06,1.7165187483402597e-06,1.7163485815937952e-06,1.7161784737481557e-06,1.7160084247421629e-06,1.7158384345397864e-06,1.7156685031099903e-06,1.7154986304168603e-06,1.7153288164257753e-06,1.7151590611035237e-06,1.714989364423719e-06,1.7148197263374512e-06,1.7146501468159876e-06,1.7144806258276151e-06,1.7143111633381675e-06,1.71414175931301e-06,1.7139724137168863e-06,1.7138031265257558e-06,1.7136338976898997e-06,1.7134647271842638e-06,1.7132956149624026e-06,1.7131265610136483e-06,1.7129575652928613e-06,1.7127886277379341e-06,1.712619748373546e-06,1.7124509271348566e-06,1.712282163990032e-06,1.712113458904275e-06,1.711944811841781e-06,1.7117762227597754e-06,1.7116076916523148e-06,1.711439218470438e-06,1.7112708031802364e-06,1.7111024457509882e-06,1.7109341461478843e-06,1.7107659043355845e-06,1.7105977202790742e-06,1.7104295939521093e-06,1.710261525317567e-06,1.7100935143385217e-06,1.709925560986675e-06,1.709757665233472e-06,1.7095898270355235e-06,1.709422046361932e-06,1.7092543231820576e-06,1.709086657460732e-06,1.7089190491673214e-06,1.7087514982669559e-06,1.708584004728722e-06,1.708416568516819e-06,1.7082491896010218e-06,1.7080818679485905e-06,1.7079146035243241e-06,1.7077473962912884e-06,1.707580246228235e-06,1.707413153291688e-06,1.7072461174553779e-06,1.7070791386835347e-06,1.7069122169444794e-06,1.7067453522044364e-06,1.7065785444324806e-06,1.7064117935881526e-06,1.706245099651162e-06,1.7060784625804478e-06,1.705911882348031e-06,1.7057453589198547e-06,1.7055788922651822e-06,1.7054124823527513e-06,1.7052461291400816e-06,1.7050798326035166e-06,1.7049135927078624e-06,1.7047474094328312e-06,1.7045812827219307e-06,1.7044152125558587e-06,1.7042491988953654e-06,1.7040832417208782e-06,1.703917340994713e-06,1.7037514966818322e-06,1.7035857087514928e-06,1.7034199771806681e-06,1.7032543019212578e-06,1.7030886829563962e-06,1.702923120236105e-06,1.7027576137374863e-06,1.702592163430053e-06,1.7024267692785652e-06,1.7022614312462701e-06,1.702096149342533e-06,1.701930923494136e-06,1.7017657536575668e-06,1.7016006398192412e-06,1.7014355819493758e-06,1.7012705800157056e-06,1.7011056339770245e-06,1.7009407438254997e-06,1.7007759095002624e-06,1.7006111309818884e-06,1.7004464082394582e-06,1.700281741245179e-06,1.7001171299590745e-06,1.6999525743305287e-06,1.6997880743731512e-06,1.6996236300191205e-06,1.699459241266496e-06,1.6992949080683004e-06,1.6991306303935591e-06,1.6989664082092295e-06,1.6988022414839331e-06,1.6986381301870513e-06,1.6984740742859264e-06,1.6983100737660474e-06,1.6981461285673591e-06,1.6979822386714138e-06,1.6978184040628872e-06,1.697654624684102e-06,1.6974909005250417e-06,1.6973272315255107e-06,1.6971636176772931e-06,1.6970000589526743e-06,1.6968365552987487e-06,1.6966731066976983e-06,1.6965097131000515e-06,1.6963463745097246e-06,1.696183090892411e-06,1.696019862191621e-06,1.6958566883877435e-06,1.6956935694591528e-06,1.6955305053542556e-06,1.6953674960599383e-06,1.695204541550933e-06,1.6950416417720403e-06,1.6948787966956339e-06,1.6947160063094117e-06,1.6945532705750845e-06,1.694390589458203e-06,1.6942279629289726e-06,1.6940653909566151e-06,1.6939028735131327e-06,1.6937404105658773e-06,1.6935780020894814e-06,1.6934156480232373e-06,1.6932533483871298e-06,1.693091103118148e-06,1.6929289121887973e-06,1.6927667755885418e-06,1.6926046932580978e-06,1.692442665146939e-06,1.6922806912860022e-06,1.692118771627239e-06,1.6919569061180135e-06,1.6917950947416166e-06,1.6916333374760763e-06,1.6914716342669742e-06,1.6913099850947139e-06,1.691148389932601e-06,1.690986848728567e-06,1.690825361493901e-06,1.690663928174436e-06,1.69050254874595e-06,1.690341223187262e-06,1.6901799514066094e-06,1.6900187334561853e-06,1.6898575692728687e-06,1.6896964588258361e-06,1.6895354020884141e-06,1.6893743990237856e-06,1.6892134496056601e-06,1.689052553775189e-06,1.6888917115554683e-06,1.6887309228975131e-06,1.6885701877821112e-06,1.6884095061495347e-06,1.688248877986971e-06,1.6880883032557877e-06,1.6879277819431069e-06,1.6877673139962127e-06,1.6876068993944367e-06,1.6874465381150563e-06,1.6872862301211293e-06,1.6871259753972803e-06,1.6869657738999523e-06,1.6868056255907708e-06,1.686645530451411e-06,1.6864854884514016e-06,1.6863254995673955e-06,1.6861655637577493e-06,1.6860056809834153e-06,1.6858458512455043e-06,1.6856860745093958e-06,1.6855263507415143e-06,1.6853666798904929e-06,1.6852070619505576e-06,1.685047496863031e-06,1.6848879846352213e-06,1.6847285252232524e-06,1.6845691185946833e-06,1.6844097647225381e-06,1.6842504635775034e-06,1.6840912151131391e-06,1.683932019352201e-06,1.6837728762339833e-06,1.6836137857209421e-06,1.6834547477736533e-06,1.6832957623776381e-06,1.6831368295015122e-06,1.6829779491327125e-06,1.6828191212162056e-06,1.6826603457575255e-06,1.6825016226973492e-06,1.6823429519958766e-06,1.6821843336463975e-06,1.6820257676139154e-06,1.6818672538740472e-06,1.6817087924003711e-06,1.6815503831534456e-06,1.6813920261100562e-06,1.6812337212418376e-06,1.681075468517652e-06,1.6809172679121187e-06,1.6807591193865292e-06,1.6806010229468053e-06,1.680442978519408e-06,1.6802849860937797e-06,1.6801270456414866e-06,1.6799691571473181e-06,1.679811320555048e-06,1.6796535358499822e-06,1.679495802998005e-06,1.6793381219813053e-06,1.6791804927507737e-06,1.6790229153181434e-06,1.678865389621805e-06,1.6787079156272098e-06,1.6785504933313891e-06,1.6783931226942764e-06,1.6782358036873995e-06,1.6780785362823238e-06,1.6779213204505124e-06,1.6777641561584405e-06,1.6776070433885e-06,1.6774499820879486e-06,1.6772929722595192e-06,1.677136013869765e-06,1.67697910688672e-06,1.676822251262512e-06,1.6766654469985218e-06,1.6765086940408695e-06,1.6763519923895848e-06,1.6761953419972124e-06,1.676038742838671e-06,1.6758821948772044e-06,1.6757256981031734e-06,1.675569252465425e-06,1.6754128579633499e-06,1.6752565145419896e-06,1.6751002222000343e-06,1.6749439808857952e-06,1.674787790575902e-06,1.6746316512630297e-06,1.674475562904462e-06,1.6743195254719183e-06,1.6741635389376255e-06,1.674007603264475e-06,1.6738517184432642e-06,1.673695884436672e-06,1.6735401012167697e-06,1.6733843687429624e-06,1.6732286870138732e-06,1.6730730559891834e-06,1.672917475631169e-06,1.6727619459300289e-06,1.6726064668472551e-06,1.6724510383699411e-06,1.6722956604596608e-06,1.6721403330737731e-06,1.6719850562015763e-06,1.6718298298096503e-06,1.6716746538529394e-06,1.6715195283346287e-06,1.6713644532255506e-06,1.671209428489074e-06,1.6710544540976971e-06,1.6708995300240775e-06,1.6707446562381682e-06,1.6705898327175814e-06,1.6704350594304077e-06,1.6702803363536745e-06,1.6701256634575845e-06,1.6699710406933717e-06,1.6698164680768798e-06,1.6696619455595788e-06,1.66950747311504e-06,1.6693530507132488e-06,1.6691986783306388e-06,1.6690443559347442e-06,1.6688900835034941e-06,1.6687358610082672e-06,1.6685816884196522e-06,1.6684275657151052e-06,1.6682734928651905e-06,1.6681194698444446e-06,1.6679654966221986e-06,1.667811573171301e-06,1.667657699456541e-06,1.6675038754727571e-06,1.6673501011815353e-06,1.667196376555485e-06,1.6670427015681404e-06,1.6668890761848487e-06,1.666735500395576e-06,1.6665819741541328e-06,1.666428497453821e-06,1.6662750702553328e-06,1.6661216925436522e-06,1.665968364276061e-06,1.6658150854325662e-06,1.6656618559866286e-06,1.6655086759112412e-06,1.6653555451835012e-06,1.6652024637857462e-06,1.6650494316628278e-06,1.6648964488025076e-06,1.6647435151795772e-06,1.6645906307682816e-06,1.6644377955417444e-06,1.6642850094716233e-06,1.664132272522452e-06,1.6639795846888137e-06,1.6638269459220213e-06,1.663674356210907e-06,1.6635218155319874e-06,1.66336932385193e-06,1.6632168811443867e-06,1.6630644873878007e-06,1.6629121425486607e-06,1.6627598466012752e-06,1.662607599521067e-06,1.6624554012805537e-06,1.662303251855547e-06,1.6621511512253934e-06,1.6619990993520412e-06,1.66184709621347e-06,1.6616951417849005e-06,1.6615432360384701e-06,1.6613913789498174e-06,1.6612395704893771e-06,1.661087810636784e-06,1.660936099362553e-06,1.6607844366416157e-06,1.6606328224458268e-06,1.6604812567507168e-06,1.6603297395309344e-06,1.6601782707498174e-06,1.6600268504014803e-06,1.6598754784495525e-06,1.659724154868412e-06,1.6595728796319998e-06,1.6594216527149057e-06,1.6592704740905321e-06,1.6591193437321995e-06,1.6589682616160999e-06,1.6588172277246249e-06,1.6586662420155056e-06,1.658515304468882e-06,1.658364415061977e-06,1.6582135737644841e-06,1.6580627805516587e-06,1.6579120354098788e-06,1.6577613382966413e-06,1.6576106891935573e-06,1.6574600880826707e-06,1.6573095349191818e-06,1.6571590296891658e-06,1.6570085723627753e-06,1.6568581629211924e-06,1.6567078013357956e-06,1.6565574875830918e-06,1.6564072216341314e-06,1.6562570034676318e-06,1.6561068330493446e-06,1.6559567103659286e-06,1.6558066353819474e-06,1.6556566080724832e-06,1.6555066284225015e-06,1.6553566963917105e-06,1.6552068119695487e-06,1.6550569751320488e-06,1.654907185829861e-06,1.6547574440545672e-06,1.6546077497781406e-06,1.6544581029744767e-06,1.6543085036216875e-06,1.6541589516940809e-06,1.6540094471603408e-06,1.6538599900048493e-06,1.653710580199255e-06,1.6535612177259432e-06,1.6534119025438988e-06,1.6532626346343515e-06,1.653113413972158e-06,1.652964240542448e-06,1.6528151142934752e-06,1.6526660352230011e-06,1.6525170033054685e-06,1.6523680185174e-06,1.6522190808183819e-06,1.6520701901968866e-06,1.6519213466168741e-06,1.6517725500620595e-06,1.6516238005032093e-06,1.65147509792047e-06,1.6513264422851149e-06,1.6511778335784684e-06,1.6510292717625017e-06,1.6508807568236172e-06,1.6507322887346337e-06,1.6505838674714045e-06,1.6504354930078658e-06,1.6502871653179478e-06,1.650138884380049e-06,1.6499906501731147e-06,1.6498424626584728e-06,1.6496943218248876e-06,1.6495462276427923e-06,1.6493981800910764e-06,1.6492501791360121e-06,1.6491022247587457e-06,1.6489543169324762e-06,1.6488064556354717e-06,1.6486586408422412e-06,1.6485108725277505e-06,1.6483631506676766e-06,1.6482154752398379e-06,1.6480678462173186e-06,1.6479202635785521e-06,1.6477727272930484e-06,1.647625237326574e-06,1.6474777936820298e-06,1.6473303963259989e-06,1.6471830452300318e-06,1.647035740364805e-06,1.646888481710093e-06,1.646741269240442e-06,1.646594102943536e-06,1.6464469827579503e-06,1.6462999087127195e-06,1.646152880747712e-06,1.646005898846325e-06,1.6458589629880557e-06,1.6457120731461941e-06,1.645565229296031e-06,1.6454184314029111e-06,1.6452716794650838e-06,1.6451249734481999e-06,1.644978313334511e-06,1.6448316990896745e-06,1.6446851306903142e-06,1.6445386081066075e-06,1.6443921313340133e-06,1.6442457003293116e-06,1.6440993150904072e-06,1.643952975571831e-06,1.6438066817405586e-06,1.6436604336090573e-06,1.6435142311297632e-06,1.6433680742821243e-06,1.6432219630465355e-06,1.6430758973892348e-06,1.6429298772886183e-06,1.6427839027169943e-06,1.6426379736515466e-06,1.642492090102399e-06,1.6423462520175395e-06,1.6422004593710468e-06,1.6420547121434892e-06,1.6419090103152739e-06,1.641763353856154e-06,1.641617742726343e-06,1.6414721769339558e-06,1.6413266564329653e-06,1.6411811812142831e-06,1.6410357512499933e-06,1.6408903665157971e-06,1.6407450269894424e-06,1.6405997326347236e-06,1.6404544834440324e-06,1.64030927938825e-06,1.6401641204298947e-06,1.6400190065721842e-06,1.6398739377792055e-06,1.639728914013775e-06,1.639583935277432e-06,1.6394390015227731e-06,1.6392941127566562e-06,1.639149268932498e-06,1.6390044700241568e-06,1.6388597160259007e-06,1.6387150068903315e-06,1.638570342607687e-06,1.6384257231592937e-06,1.6382811485331745e-06,1.6381366186701884e-06,1.6379921335789032e-06,1.637847693236166e-06,1.6377032975961661e-06,1.6375589466516813e-06,1.6374146403720653e-06,1.6372703787414944e-06,1.637126161738872e-06,1.6369819893282095e-06,1.6368378614798145e-06,1.6366937781975116e-06,1.6365497394374612e-06,1.6364057451832665e-06,1.6362617954138663e-06,1.6361178901127488e-06,1.6359740292376101e-06,1.6358302127815488e-06,1.6356864407144221e-06,1.635542713011014e-06,1.6353990296565276e-06,1.6352553906157334e-06,1.635111795882668e-06,1.6349682454315105e-06,1.634824739229195e-06,1.6346812772522034e-06,1.634537859492222e-06,1.6343944859073762e-06,1.6342511564833422e-06,1.6341078711853615e-06,1.6339646300240407e-06,1.6338214329580025e-06,1.633678279948841e-06,1.6335351709956546e-06,1.6333921060740754e-06,1.6332490851538203e-06,1.6331061082015936e-06,1.6329631751980763e-06,1.632820286139351e-06,1.6326774409910802e-06,1.632534639737094e-06,1.6323918823582668e-06,1.6322491687878995e-06,1.6321064990632587e-06,1.6319638731313351e-06,1.6318212909808916e-06,1.6316787525828332e-06,1.6315362579196297e-06,1.63139380697186e-06,1.6312513997041162e-06,1.6311090361065564e-06,1.6309667161424666e-06,1.6308244398068016e-06,1.6306822070532985e-06,1.6305400178813095e-06,1.6303978722646038e-06,1.6302557701801795e-06,1.6301137116019073e-06,1.6299716965026146e-06,1.6298297248679054e-06,1.6296877966612374e-06,1.6295459118936719e-06,1.6294040705079677e-06,1.629262272510922e-06,1.6291205178579169e-06,1.6289788065279291e-06,1.628837138518945e-06,1.6286955137889793e-06,1.62855393232005e-06,1.628412394088298e-06,1.628270899061431e-06,1.6281294472534588e-06,1.6279880386130527e-06,1.6278466731192448e-06,1.6277053507677585e-06,1.6275640715118888e-06,1.627422835340117e-06,1.6272816422415602e-06,1.6271404921764192e-06,1.6269993851436712e-06,1.6268583211068955e-06,1.6267173000444388e-06,1.626576321918163e-06,1.6264353867392277e-06,1.6262944944768276e-06,1.626153645081081e-06,1.626012838561525e-06,1.6258720748890666e-06,1.6257313540365812e-06,1.6255906759823953e-06,1.6254500407122005e-06,1.6253094482000426e-06,1.625168898429693e-06,1.625028391364877e-06,1.6248879269931228e-06,1.6247475052959384e-06,1.6246071262495614e-06,1.6244667898208984e-06,1.6243264960050875e-06,1.6241862447672474e-06,1.6240460360865828e-06,1.623905869950605e-06,1.6237657463286294e-06,1.6236256651962696e-06,1.6234856265508981e-06,1.6233456303636532e-06,1.6232056766051382e-06,1.623065765260094e-06,1.6229258963060577e-06,1.6227860697095205e-06,1.6226462854633535e-06,1.622506543546424e-06,1.6223668439319313e-06,1.622227186597997e-06,1.6220875715089817e-06,1.621947998666445e-06,1.6218084680433114e-06,1.6216689796139383e-06,1.621529533366931e-06,1.6213901292739545e-06,1.6212507673120866e-06,1.6211114474604773e-06,1.6209721696927624e-06,1.6208329339960383e-06,1.62069374034424e-06,1.6205545887192568e-06,1.620415479107962e-06,1.6202764114690134e-06,1.6201373857924082e-06,1.6199984020532825e-06,1.6198594602400488e-06,1.6197205603210235e-06,1.6195817022826822e-06,1.619442886096342e-06,1.6193041117440705e-06,1.6191653792082765e-06,1.6190266884657069e-06,1.6188880394937929e-06,1.618749432271883e-06,1.6186108667712604e-06,1.618472342986206e-06,1.618333860887612e-06,1.6181954204525362e-06,1.6180570216727865e-06,1.6179186645057917e-06,1.6177803489407775e-06,1.6176420749570353e-06,1.6175038425380677e-06,1.617365651663773e-06,1.6172275023141336e-06,1.61708939445272e-06,1.6169513280684985e-06,1.6168133031358762e-06,1.6166753196449293e-06,1.6165373775699956e-06,1.6163994768875623e-06,1.616261617582475e-06,1.6161237996301335e-06,1.6159860230097357e-06,1.6158482876962858e-06,1.6157105936728451e-06,1.6155729409217755e-06,1.6154353294152413e-06,1.6152977591423103e-06,1.6151602300748215e-06,1.6150227421901232e-06,1.6148852954823951e-06,1.614747889911652e-06,1.6146105254648325e-06,1.6144732021257386e-06,1.6143359198656758e-06,1.6141986786697646e-06,1.6140614785197428e-06,1.61392431939009e-06,1.6137872012625543e-06,1.613650124107372e-06,1.6135130879119873e-06,1.61337609266365e-06,1.6132391383327429e-06,1.6131022248971545e-06,1.6129653523382386e-06,1.6128285206464506e-06,1.6126917297866204e-06,1.612554979742305e-06,1.6124182704922972e-06,1.61228160201858e-06,1.612144974300668e-06,1.6120083873273535e-06,1.6118718410681078e-06,1.6117353354957323e-06,1.6115988706024967e-06,1.6114624463624662e-06,1.6113260627577125e-06,1.6111897197645482e-06,1.611053417372638e-06,1.6109171555476083e-06,1.6107809342784961e-06,1.6106447535375264e-06,1.6105086133130777e-06,1.6103725135790288e-06,1.6102364543200128e-06,1.610100435487025e-06,1.6099644571145432e-06,1.6098285191248247e-06,1.6096926215466838e-06,1.6095567643490143e-06,1.609420947492222e-06,1.609285170975321e-06,1.6091494347657489e-06,1.6090137388474489e-06,1.608878083192054e-06,1.608742467759929e-06,1.6086068925977257e-06,1.6084713576473078e-06,1.6083358628874567e-06,1.6082004082918642e-06,1.6080649938554887e-06,1.6079296195472126e-06,1.6077942853459283e-06,1.6076589912544301e-06,1.607523737221347e-06,1.6073885232392972e-06,1.6072533492915626e-06,1.6071182153492892e-06,1.606983121402342e-06,1.6068480674395394e-06,1.6067130534144674e-06,1.6065780793297211e-06,1.6064431451551615e-06,1.6063082508756231e-06,1.606173396464959e-06,1.6060385819107837e-06,1.6059038071912258e-06,1.6057690722886883e-06,1.6056343771783625e-06,1.6054997218448576e-06,1.6053651062626208e-06,1.6052305304201234e-06,1.605095994286649e-06,1.6049614978566005e-06,1.604827041098575e-06,1.6046926240027573e-06,1.6045582465479355e-06,1.6044239087073248e-06,1.6042896104592626e-06,1.6041553517958376e-06,1.6040211326900648e-06,1.6038869531235504e-06,1.6037528130784664e-06,1.6036187125354867e-06,1.6034846514715095e-06,1.6033506298718018e-06,1.6032166477122127e-06,1.603082704973128e-06,1.6029488016388746e-06,1.602814937687818e-06,1.6026811131047036e-06,1.602547327868707e-06,1.6024135819517787e-06,1.6022798753483163e-06,1.6021462080322971e-06,1.6020125799814974e-06,1.6018789911751816e-06,1.601745441601205e-06,1.601611931239557e-06,1.60147846006904e-06,1.6013450280714528e-06,1.6012116352266397e-06,1.6010782815128864e-06,1.6009449669115979e-06,1.6008116914076227e-06,1.600678454977677e-06,1.6005452575981509e-06,1.600412099261345e-06,1.6002789799429432e-06,1.600145899620034e-06,1.6000128582773544e-06,1.599879855895982e-06,1.5997468924595196e-06,1.5996139679531709e-06,1.5994810823412332e-06,1.5993482356122634e-06,1.59921542774382e-06,1.59908265872841e-06,1.598949928539746e-06,1.5988172371547697e-06,1.5986845845633995e-06,1.5985519707405743e-06,1.5984193956693027e-06,1.5982868593309522e-06,1.5981543617013167e-06,1.5980219027685683e-06,1.5978894825132524e-06,1.5977571009149792e-06,1.5976247579540825e-06,1.5974924536041926e-06,1.5973601878618645e-06,1.5972279606978318e-06,1.5970957720987537e-06,1.5969636220390036e-06,1.596831510490854e-06,1.5966994374600584e-06,1.5965674029101742e-06,1.5964354068384934e-06,1.5963034492146955e-06,1.5961715300056871e-06,1.5960396492175193e-06,1.595907806829432e-06,1.595776002811404e-06,1.5956442371506752e-06,1.5955125098257125e-06,1.5953808208254729e-06,1.5952491701157492e-06,1.5951175576818804e-06,1.5949859835250739e-06,1.5948544476119116e-06,1.5947229499203653e-06,1.594591490431711e-06,1.5944600691317425e-06,1.5943286860053325e-06,1.5941973410324199e-06,1.5940660341917394e-06,1.593934765464687e-06,1.5938035348181447e-06,1.593672342261317e-06,1.5935411877808455e-06,1.5934100713061817e-06,1.593278992862864e-06,1.5931479524251035e-06,1.5930169499698345e-06,1.5928859854880525e-06,1.592755058952568e-06,1.59262417033109e-06,1.5924933196369351e-06,1.5923625068314013e-06,1.592231731892874e-06,1.5921009948089639e-06,1.5919702955683478e-06,1.5918396341509935e-06,1.591709010549179e-06,1.5915784247152812e-06,1.5914478766649763e-06,1.591317366334466e-06,1.5911868937378903e-06,1.591056458840265e-06,1.590926061641774e-06,1.5907957021173578e-06,1.5906653802476183e-06,1.5905350960105774e-06,1.5904048493952694e-06,1.5902746403821132e-06,1.5901444689449753e-06,1.5900143350772096e-06,1.5898842387553344e-06,1.5897541799602183e-06,1.5896241586738191e-06,1.589494174877067e-06,1.5893642285617184e-06,1.5892343196964985e-06,1.589104448265967e-06,1.5889746142540618e-06,1.5888448176447352e-06,1.5887150584170497e-06,1.5885853365547393e-06,1.5884556520321036e-06,1.5883260048444457e-06,1.5881963949504137e-06,1.588066822358601e-06,1.5879372870485906e-06,1.5878077889975045e-06,1.5876783282051283e-06,1.587548904613193e-06,1.5874195182256008e-06,1.5872901690214084e-06,1.5871608569861826e-06,1.5870315820960353e-06,1.5869023443414337e-06,1.5867731437003443e-06,1.5866439801509305e-06,1.586514853683858e-06,1.5863857642782732e-06,1.5862567119157823e-06,1.5861276965745463e-06,1.5859987182476442e-06,1.5858697769040296e-06,1.5857408725328627e-06,1.585612005115274e-06,1.5854831746348968e-06,1.5853543810690545e-06,1.585225624403861e-06,1.58509690460736e-06,1.5849682216887228e-06,1.584839575609751e-06,1.5847109663702635e-06,1.584582393943629e-06,1.5844538583118292e-06,1.5843253594553147e-06,1.5841968973490666e-06,1.5840684719909016e-06,1.5839400833595316e-06,1.5838117314213136e-06,1.5836834161682988e-06,1.5835551376009012e-06,1.583426895678014e-06,1.583298690405095e-06,1.5831705217513562e-06,1.5830423897015839e-06,1.5829142942315376e-06,1.5827862353188739e-06,1.5826582129471308e-06,1.5825302271213967e-06,1.5824022778175672e-06,1.5822743650069973e-06,1.5821464886744383e-06,1.5820186488049906e-06,1.581890845377326e-06,1.5817630783754733e-06,1.5816353477845548e-06,1.5815076535875615e-06,1.581379995766376e-06,1.581252374300958e-06,1.5811247891837287e-06,1.5809972403697868e-06,1.5808697278406162e-06,1.5807422516324808e-06,1.5806148116972131e-06,1.5804874080343724e-06,1.5803600405906977e-06,1.5802327093620063e-06,1.5801054143423306e-06,1.5799781554830074e-06,1.5798509328095822e-06,1.5797237462870485e-06,1.579596595897052e-06,1.5794694816291312e-06,1.5793424034538411e-06,1.5792153613554339e-06,1.5790883553142078e-06,1.5789613853350511e-06,1.578834451384562e-06,1.5787075534401564e-06,1.5785806914988727e-06,1.5784538655360641e-06,1.5783270755745666e-06,1.5782003215167678e-06,1.5780736033885694e-06,1.577946921175077e-06,1.5778202748442867e-06,1.5776936644011557e-06,1.5775670898109333e-06,1.5774405510585536e-06,1.5773140481410736e-06,1.5771875810321005e-06,1.577061149713363e-06,1.5769347541742128e-06,1.5768083943909149e-06,1.576682070350485e-06,1.5765557820308267e-06,1.5764295294221465e-06,1.5763033125000993e-06,1.576177131244649e-06,1.5760509856535772e-06,1.5759248757036253e-06,1.5757988013746721e-06,1.575672762641296e-06,1.5755467595101045e-06,1.5754207919458776e-06,1.5752948599430628e-06,1.575168963477198e-06,1.575043102528938e-06,1.5749172770921524e-06,1.5747914871394331e-06,1.5746657326596328e-06,1.5745400136310583e-06,1.5744143300422183e-06,1.574288681885902e-06,1.5741630691472017e-06,1.574037491774281e-06,1.573911949773425e-06,1.5737864431281977e-06,1.5736609718243357e-06,1.5735355358418727e-06,1.5734101351474806e-06,1.573284769751643e-06,1.5731594396260247e-06,1.5730341447556868e-06,1.572908885124659e-06,1.5727836607214212e-06,1.5726584715111454e-06,1.572533317496005e-06,1.5724081986626166e-06,1.5722831149760165e-06,1.5721580664319575e-06,1.5720330530101331e-06,1.5719080746931997e-06,1.57178313146702e-06,1.5716582232900765e-06,1.5715333501910034e-06,1.571408512133707e-06,1.571283709098336e-06,1.571158941070897e-06,1.5710342080453079e-06,1.5709095099681607e-06,1.5707848468666574e-06,1.570660218701893e-06,1.5705356254655736e-06,1.5704110671306451e-06,1.5702865436987416e-06,1.5701620551402887e-06,1.5700376014403575e-06,1.5699131825877604e-06,1.5697887985614524e-06,1.5696644493529748e-06,1.5695401349330443e-06,1.5694158552913922e-06,1.5692916104348383e-06,1.5691674002985665e-06,1.569043224892351e-06,1.5689190842105454e-06,1.5687949782135981e-06,1.5686709068875104e-06,1.568546870231245e-06,1.568422868232194e-06,1.568298900862857e-06,1.568174968114214e-06,1.5680510699566152e-06,1.5679272063865889e-06,1.5678033773874828e-06,1.567679582931917e-06,1.5675558230194974e-06,1.5674320976242708e-06,1.5673084067334732e-06,1.5671847503305882e-06,1.5670611283987e-06,1.5669375409189731e-06,1.5668139878780655e-06,1.5666904692627918e-06,1.5665669850438462e-06,1.5664435352239468e-06,1.5663201197809241e-06,1.566196738697704e-06,1.566073391956088e-06,1.5659500795382661e-06,1.5658268014309276e-06,1.565703557621565e-06,1.565580348096849e-06,1.5654571728292583e-06,1.5653340318176097e-06,1.5652109250279063e-06,1.5650878524533494e-06,1.5649648140779816e-06,1.5648418098858944e-06,1.564718839861245e-06,1.564595903988145e-06,1.5644730022507475e-06,1.564350134633184e-06,1.5642273011196076e-06,1.5641045016941805e-06,1.5639817363411171e-06,1.5638590050445696e-06,1.5637363077887565e-06,1.5636136445579007e-06,1.5634910153362037e-06,1.563368420107927e-06,1.5632458588572465e-06,1.5631233315684764e-06,1.563000838225826e-06,1.5628783788135874e-06,1.5627559533160863e-06,1.5626335617155778e-06,1.5625112040003687e-06,1.5623888801527575e-06,1.5622665901571799e-06,1.5621443339977553e-06,1.5620221116589591e-06,1.5618999231251316e-06,1.5617777683806253e-06,1.5616556474098093e-06,1.561533560197102e-06,1.5614115067268826e-06,1.561289486983523e-06,1.5611675009515126e-06,1.5610455486151712e-06,1.560923629959058e-06,1.560801744967531e-06,1.5606798936250698e-06,1.56055807592285e-06,1.5604362918319297e-06,1.5603145413434613e-06,1.5601928244418947e-06,1.560071141111933e-06,1.5599494913380629e-06,1.5598278751046872e-06,1.5597062923963579e-06,1.5595847431976582e-06,1.5594632274931375e-06,1.5593417452673185e-06,1.5592202965050597e-06,1.5590988811905126e-06,1.5589774993084458e-06,1.5588561508435144e-06,1.5587348357803071e-06,1.5586135541034488e-06,1.558492305797606e-06,1.558371090847382e-06,1.5582499092374734e-06,1.558128760952538e-06,1.5580076459772006e-06,1.5578865642962294e-06,1.5577655158942818e-06,1.5576445007560247e-06,1.5575235188662287e-06,1.5574025702095802e-06,1.557281654770871e-06,1.557160772534798e-06,1.5570399234859891e-06,1.5569191076094991e-06,1.5567983248905873e-06,1.5566775753127815e-06,1.5565568588615082e-06,1.556436175520962e-06,1.5563155252771438e-06,1.5561949081143289e-06,1.556074324017331e-06,1.5559537729709871e-06,1.5558332549601431e-06,1.5557127699696645e-06,1.55559231798445e-06,1.5554718989893399e-06,1.5553515129692605e-06,1.5552311599090474e-06,1.555110839793768e-06,1.5549905526083147e-06,1.5548702983374842e-06,1.5547500769662159e-06,1.5546298884795645e-06,1.5545097328625106e-06,1.5543896100999479e-06,1.5542695201767977e-06,1.5541494630782297e-06,1.5540294387891195e-06,1.5539094472945675e-06,1.553789488579517e-06,1.5536695626290234e-06,1.5535496694280933e-06,1.553429808961814e-06,1.5533099812152509e-06,1.5531901861770447e-06,1.5530704238250736e-06,1.552950694148013e-06,1.5528309971309948e-06,1.5527113327534898e-06,1.5525917010118564e-06,1.5524721018855781e-06,1.5523525353597805e-06,1.5522330014196842e-06,1.5521135000503656e-06,1.5519940312369661e-06,1.5518745949647522e-06,1.5517551912188802e-06,1.5516358199844983e-06,1.5515164812468549e-06,1.551397174991132e-06,1.551277901188797e-06,1.551158659852598e-06,1.5510394509540374e-06,1.5509202744783353e-06,1.5508011304107317e-06,1.5506820187265866e-06,1.5505629394310834e-06,1.5504438924995415e-06,1.5503248779172123e-06,1.550205895669508e-06,1.5500869457416457e-06,1.5499680281189785e-06,1.5498491427867726e-06,1.5497302897195333e-06,1.5496114689245261e-06,1.5494926803761138e-06,1.5493739240567286e-06,1.54925519995762e-06,1.5491365080544689e-06,1.5490178483338746e-06,1.5488992207972692e-06,1.5487806254213881e-06,1.548662062187856e-06,1.5485435310863128e-06,1.5484250321000573e-06,1.548306565213484e-06,1.5481881304141351e-06,1.5480697276922032e-06,1.5479513570216846e-06,1.5478330183938148e-06,1.5477147117840932e-06,1.5475964371946576e-06,1.5474781946077357e-06,1.5473599840091728e-06,1.5472418053772038e-06,1.5471236586967962e-06,1.5470055439619684e-06,1.546887461153819e-06,1.5467694102572038e-06,1.546651391259851e-06,1.5465334041517663e-06,1.546415448912574e-06,1.5462975255202228e-06,1.5461796339673134e-06,1.5460617742433563e-06,1.5459439463379181e-06,1.545826150224244e-06,1.5457083858936425e-06,1.5455906533318092e-06,1.545472952524393e-06,1.5453552834570829e-06,1.5452376461055297e-06,1.5451200404755926e-06,1.5450024665428283e-06,1.5448849242929088e-06,1.5447674137117616e-06,1.5446499347849356e-06,1.5445324874983652e-06,1.5444150718377447e-06,1.5442976877890734e-06,1.5441803353364522e-06,1.5440630144679508e-06,1.5439457251605357e-06,1.5438284674162908e-06,1.5437112412125987e-06,1.5435940465354086e-06,1.543476883369709e-06,1.5433597516799783e-06,1.5432426514969345e-06,1.5431255827838269e-06,1.5430085455335434e-06,1.5428915397235597e-06,1.5427745653354892e-06,1.5426576223605394e-06,1.5425407107906908e-06,1.542423830600452e-06,1.542306981780983e-06,1.5421901643175411e-06,1.5420733781981945e-06,1.541956623407736e-06,1.5418398999378425e-06,1.5417232077633467e-06,1.5416065468805886e-06,1.5414899172657002e-06,1.5413733189095854e-06,1.5412567518037628e-06,1.5411402159228026e-06,1.5410237112587638e-06,1.5409072377941644e-06,1.5407907955269865e-06,1.5406743844354272e-06,1.5405580044977498e-06,1.5404416557083153e-06,1.5403253380572881e-06,1.5402090515259314e-06,1.5400927960970162e-06,1.5399765717568145e-06,1.5398603784995698e-06,1.5397442163058235e-06,1.5396280851563462e-06,1.5395119850427097e-06,1.539395915951084e-06,1.5392798778675711e-06,1.5391638707792352e-06,1.5390478946752518e-06,1.538931949533071e-06,1.538816035343699e-06,1.5387001520982138e-06,1.5385842997727711e-06,1.5384684783577668e-06,1.5383526878416259e-06,1.538236928210473e-06,1.5381211994483018e-06,1.5380055015438668e-06,1.5378898344855139e-06,1.537774198252241e-06,1.5376585928377614e-06,1.5375430182210158e-06,1.5374274743908062e-06,1.5373119613356732e-06,1.5371964790397632e-06,1.537081027491677e-06,1.5369656066766788e-06,1.5368502165844143e-06,1.5367348571941412e-06,1.5366195284739333e-06,1.5365042304575654e-06,1.5363889631009645e-06,1.536273726394145e-06,1.5361585203271124e-06,1.5360433448753074e-06,1.5359282000424637e-06,1.5358130858060345e-06,1.535698002150816e-06,1.5355829490656387e-06,1.535467926542091e-06,1.5353529345562289e-06,1.5352379730992527e-06,1.5351230421576098e-06,1.5350081417177172e-06,1.5348932717658054e-06,1.5347784322876122e-06,1.5346636232376202e-06,1.5345488446750086e-06,1.5344340965408904e-06,1.5343193788275017e-06,1.5342046915212315e-06,1.534090034608079e-06,1.5339754080757067e-06,1.5338608118748208e-06,1.533746246062921e-06,1.5336317105910213e-06,1.5335172054508727e-06,1.5334027306186182e-06,1.5332882860860938e-06,1.5331738718187854e-06,1.5330594878414176e-06,1.5329451341277472e-06,1.5328308106591766e-06,1.5327165173992128e-06,1.5326022544006803e-06,1.5324880215897575e-06,1.5323738189414617e-06,1.5322596465038623e-06,1.5321455042388224e-06,1.532031392125804e-06,1.5319173101526788e-06,1.53180325830037e-06,1.5316892365648234e-06,1.5315752448934733e-06,1.5314612833456641e-06,1.531347351864441e-06,1.5312334504283323e-06,1.531119579043513e-06,1.5310057377028116e-06,1.5308919263823358e-06,1.530778145067291e-06,1.5306643937472833e-06,1.5305506724108228e-06,1.5304369810383295e-06,1.5303233196045615e-06,1.5302096881273984e-06,1.5300960865757602e-06,1.5299825149408533e-06,1.5298689731938896e-06,1.5297554613480952e-06,1.5296419793717126e-06,1.5295285272534388e-06,1.5294151049971963e-06,1.5293017125745952e-06,1.5291883499726347e-06,1.5290750171772702e-06,1.5289617141808984e-06,1.5288484409601153e-06,1.5287351975171527e-06,1.528621983831691e-06,1.528508799894827e-06,1.5283956456856897e-06,1.5282825211927378e-06,1.5281694264060675e-06,1.528056361310786e-06,1.5279433258950882e-06,1.5278303201453037e-06,1.5277173440488334e-06,1.5276043975917852e-06,1.5274914807665635e-06,1.5273785935497006e-06,1.5272657359344824e-06,1.5271529079087481e-06,1.5270401094477485e-06,1.5269273405625949e-06,1.5268146012228305e-06,1.5267018914197477e-06,1.526589211132975e-06,1.5264765603615247e-06,1.526363939088189e-06,1.5262513473011542e-06,1.5261387849751102e-06,1.5260262521161964e-06,1.525913748706395e-06,1.5258012747185222e-06,1.5256888301598345e-06,1.5255764150136967e-06,1.5254640292605875e-06,1.5253516728846097e-06,1.525239345878165e-06,1.5251270482268791e-06,1.5250147799198915e-06,1.5249025409407316e-06,1.5247903312824855e-06,1.5246781509221126e-06,1.5245659998588306e-06,1.5244538780761738e-06,1.5243417855628807e-06,1.524229722298212e-06,1.524117688270021e-06,1.524005683481575e-06,1.5238937078974501e-06,1.5237817615162028e-06,1.5236698443298355e-06,1.5235579563243514e-06,1.5234460974799383e-06,1.5233342677901695e-06,1.5232224672383588e-06,1.523110695808309e-06,1.5229989535028498e-06,1.5228872402913886e-06,1.5227755561683536e-06,1.522663901118912e-06,1.5225522751363073e-06,1.5224406782082494e-06,1.5223291103174207e-06,1.5222175714485303e-06,1.5221060615955303e-06,1.5219945807396436e-06,1.5218831288717568e-06,1.5217717059779675e-06,1.5216603120381226e-06,1.521548947058027e-06,1.5214376110086233e-06,1.5213263038886032e-06,1.5212150256764074e-06,1.5211037763696059e-06,1.5209925559497888e-06,1.5208813644061403e-06,1.5207702017223015e-06,1.5206590678796945e-06,1.520547962883059e-06,1.5204368867035545e-06,1.520325839344295e-06,1.5202148207780508e-06,1.520103830994866e-06,1.5199928699902829e-06,1.5198819377531996e-06,1.5197710342660602e-06,1.519660159517139e-06,1.5195493134922046e-06,1.5194384961806604e-06,1.519327707571421e-06,1.5192169476527638e-06,1.5191062163940887e-06,1.5189955138085079e-06,1.5188848398730347e-06,1.5187741945744859e-06,1.5186635779054044e-06,1.5185529898472693e-06,1.5184424303901327e-06,1.518331899524058e-06,1.5182213972317458e-06,1.5181109235074651e-06,1.5180004783137446e-06,1.5178900616707476e-06,1.517779673558086e-06,1.5176693139621168e-06,1.517558982859892e-06,1.517448680256456e-06,1.5173384061245745e-06,1.5172281604644014e-06,1.5171179432566432e-06,1.5170077544906066e-06,1.5168975941474894e-06,1.5167874622267953e-06,1.51667735870998e-06,1.516567283584645e-06,1.5164572368376793e-06,1.516347218446611e-06,1.5162372284289745e-06,1.5161272667581396e-06,1.5160173334161812e-06,1.5159074283861634e-06,1.51579755165201e-06,1.515687703224005e-06,1.5155778830777482e-06,1.5154680912014305e-06,1.5153583275830355e-06,1.5152485922134904e-06,1.5151388850745925e-06,1.5150292061504252e-06,1.5149195554446436e-06,1.5148099329349087e-06,1.5147003386102002e-06,1.5145907724569434e-06,1.5144812344662027e-06,1.5143717246234366e-06,1.5142622429179318e-06,1.5141527893301567e-06,1.514043363848789e-06,1.5139339664814751e-06,1.5138245972140564e-06,1.513715256008899e-06,1.5136059428761336e-06,1.5134966577818686e-06,1.513387400737344e-06,1.5132781717228157e-06,1.5131689707245794e-06,1.513059797731092e-06,1.5129506527301495e-06,1.5128415357081233e-06,1.5127324466561675e-06,1.5126233855676382e-06,1.5125143524149978e-06,1.5124053471950532e-06,1.5122963698972673e-06,1.5121874205063313e-06,1.5120784989952008e-06,1.5119696053923874e-06,1.5118607396533888e-06,1.5117519017783974e-06,1.5116430917550397e-06,1.5115343095789547e-06,1.5114255552177877e-06,1.511316828669825e-06,1.5112081299211824e-06,1.511099458972004e-06,1.5109908157938285e-06,1.5108822003801014e-06,1.5107736127265453e-06,1.5106650528167598e-06,1.5105565206395794e-06,1.5104480161742316e-06,1.5103395394213565e-06,1.5102310903648066e-06,1.5101226689985665e-06,1.5100142752948695e-06,1.509905909245012e-06,1.5097975708417735e-06,1.509689260084059e-06,1.5095809769423118e-06,1.5094727214192779e-06,1.5093644934900932e-06,1.5092562931547648e-06,1.5091481203778512e-06,1.5090399751890795e-06,1.5089318575524833e-06,1.508823767452542e-06,1.5087157048823875e-06,1.5086076698343988e-06,1.5084996622899956e-06,1.508391682240648e-06,1.5082837296770362e-06,1.508175804583402e-06,1.5080679069614182e-06,1.5079600367884673e-06,1.5078521940415809e-06,1.5077443787187577e-06,1.5076365908104663e-06,1.5075288303050112e-06,1.5074210971887007e-06,1.507313391453029e-06,1.5072057130937492e-06,1.5070980620803844e-06,1.5069904384079944e-06,1.5068828420670322e-06,1.506775273054348e-06,1.5066677313435738e-06,1.5065602169388613e-06,1.5064527298168378e-06,1.5063452699688031e-06,1.5062378373845868e-06,1.5061304320507296e-06,1.5060230539576922e-06,1.5059157030920678e-06,1.5058083794446904e-06,1.5057010830148437e-06,1.5055938137650873e-06,1.5054865717001406e-06,1.5053793568122066e-06,1.5052721690757798e-06,1.5051650084792016e-06,1.5050578750329976e-06,1.50495076870726e-06,1.5048436894940616e-06,1.5047366373908333e-06,1.5046296123703408e-06,1.5045226144292153e-06,1.5044156435557451e-06,1.5043086997385266e-06,1.5042017829667226e-06,1.504094893227855e-06,1.503988030515809e-06,1.5038811948199506e-06,1.503774386116449e-06,1.5036676044021097e-06,1.5035608496645012e-06,1.5034541218878722e-06,1.5033474210646494e-06,1.5032407471841934e-06,1.503134100234773e-06,1.5030274802048486e-06,1.502920887082855e-06,1.502814320856731e-06,1.5027077815183202e-06,1.5026012690543368e-06,1.5024947834537293e-06,1.5023883247069182e-06,1.502281892818488e-06,1.5021754877390937e-06,1.5020691094776032e-06,1.5019627580224453e-06,1.5018564333644476e-06,1.5017501354890828e-06,1.5016438643865397e-06,1.5015376200455882e-06,1.5014314024549724e-06,1.5013252116031806e-06,1.5012190474795419e-06,1.5011129100725578e-06,1.501006799371005e-06,1.5009007153741406e-06,1.5007946580570438e-06,1.5006886274045097e-06,1.5005826234125807e-06,1.5004766460700884e-06,1.5003706953658525e-06,1.5002647712886913e-06,1.500158873826583e-06,1.500053002978512e-06,1.4999471587156107e-06,1.4998413410351849e-06,1.4997355499260515e-06,1.4996297853761266e-06,1.499524047376217e-06,1.4994183359142345e-06,1.4993126509782762e-06,1.4992069925581788e-06,1.4991013606427568e-06,1.4989957552214624e-06,1.4988901762825678e-06,1.4987846238142112e-06,1.498679097806152e-06,1.4985735982480929e-06,1.4984681251279867e-06,1.4983626784422044e-06,1.4982572581674013e-06,1.4981518642956278e-06,1.4980464967958222e-06,1.4979411557009632e-06,1.4978358409770303e-06,1.497730552614609e-06,1.4976252906022585e-06,1.497520054928499e-06,1.4974148455831542e-06,1.4973096625555157e-06,1.4972045058315773e-06,1.497099375403839e-06,1.4969942712594402e-06,1.4968891933886175e-06,1.4967841417798655e-06,1.4966791164217306e-06,1.496574117332334e-06,1.4964691444436806e-06,1.4963641977798169e-06,1.4962592773173982e-06,1.4961543830507466e-06,1.4960495149700937e-06,1.4959446730645294e-06,1.4958398573218403e-06,1.4957350677391417e-06,1.4956303042911538e-06,1.4955255669748764e-06,1.4954208557741058e-06,1.49531617066795e-06,1.4952115116796523e-06,1.4951068787785711e-06,1.4950022719572423e-06,1.494897691193756e-06,1.4947931364941943e-06,1.494688607832615e-06,1.4945841052071765e-06,1.494479628604929e-06,1.4943751780132758e-06,1.4942707534233752e-06,1.4941663548232668e-06,1.4940619822027708e-06,1.4939576355511743e-06,1.4938533148574034e-06,1.4937490201100695e-06,1.493644751299947e-06,1.493540508414354e-06,1.4934362914389022e-06,1.493332100373473e-06,1.4932279352007762e-06,1.4931237958846948e-06,1.4930196824663856e-06,1.4929155949102315e-06,1.4928115332046846e-06,1.4927074973410878e-06,1.4926034872966262e-06,1.4924995030769105e-06,1.4923955446547152e-06,1.492291612040592e-06,1.4921877052112107e-06,1.4920838241590356e-06,1.491979968868652e-06,1.4918761393440457e-06,1.491772335553295e-06,1.4916685574950954e-06,1.4915648051588707e-06,1.491461078525262e-06,1.4913573776018382e-06,1.4912537023690707e-06,1.491150052815745e-06,1.4910464289281733e-06,1.4909428307033716e-06,1.4908392581258868e-06,1.4907357111856603e-06,1.4906321898726597e-06,1.4905286941494232e-06,1.4904252240572734e-06,1.4903217795610256e-06,1.49021836064933e-06,1.4901149673127107e-06,1.490011599539195e-06,1.489908257309427e-06,1.4898049406315946e-06,1.4897016494848229e-06,1.4895983838590405e-06,1.489495143744035e-06,1.4893919291293328e-06,1.4892887400030875e-06,1.4891855763532433e-06,1.4890824381762158e-06,1.4889793254572567e-06,1.4888762381862181e-06,1.4887731763525054e-06,1.4886701399421817e-06,1.4885671289513432e-06,1.4884641433649214e-06,1.4883611831719542e-06,1.488258248367321e-06,1.4881553389455727e-06,1.488052454881484e-06,1.4879495961711277e-06,1.4878467628041716e-06,1.4877439547648516e-06,1.4876411720527812e-06,1.4875384146529397e-06,1.4874356825588332e-06,1.487332975751479e-06,1.4872302942249808e-06,1.4871276379680766e-06,1.487025006972397e-06,1.4869224012265154e-06,1.4868198207257863e-06,1.4867172654486979e-06,1.4866147353900776e-06,1.4865122305400049e-06,1.4864097508941526e-06,1.4863072964297136e-06,1.4862048671395333e-06,1.4861024630260767e-06,1.4860000840636335e-06,1.485897730245909e-06,1.4857954015654635e-06,1.4856930980015505e-06,1.4855908195631904e-06,1.4854885662290284e-06,1.485386337990212e-06,1.4852841348353382e-06,1.4851819567573673e-06,1.4850798037419084e-06,1.4849776757826876e-06,1.4848755728650532e-06,1.4847734949803849e-06,1.4846714421187586e-06,1.4845694142699957e-06,1.4844674114237142e-06,1.4843654335703808e-06,1.484263480699477e-06,1.4841615528007004e-06,1.484059649864328e-06,1.483957771880023e-06,1.483855918836822e-06,1.4837540907249778e-06,1.4836522875342704e-06,1.4835505092546355e-06,1.483448755875499e-06,1.4833470273873654e-06,1.4832453237797294e-06,1.4831436450425084e-06,1.4830419911937774e-06,1.4829403621672552e-06,1.482838757980747e-06,1.482737178624161e-06,1.482635624087371e-06,1.4825340943599869e-06,1.48243258943236e-06,1.482331109293793e-06,1.4822296539349927e-06,1.4821282233451847e-06,1.4820268175146984e-06,1.4819254364330705e-06,1.4818240800906908e-06,1.4817227484773076e-06,1.4816214415829527e-06,1.4815201593970176e-06,1.4814189019099941e-06,1.4813176691120387e-06,1.48121646099301e-06,1.4811152775423628e-06,1.4810141187502243e-06,1.480912984606748e-06,1.4808118751020912e-06,1.4807107902259973e-06,1.4806097299681452e-06,1.4805086943194856e-06,1.4804076832687264e-06,1.480306696807052e-06,1.4802057349239131e-06,1.4801047976095285e-06,1.4800038848544027e-06,1.4799029966476008e-06,1.4798021329796674e-06,1.4797012938407756e-06,1.4796004792206944e-06,1.479499689109307e-06,1.4793989234967969e-06,1.4792981823737155e-06
14,5.7601630763598465e-65,3.6970700953640636e-64,1.0890546839707732e-63,2.2989435505975234e-63,4.415361638419675e-63,7.554453427690508e-63,1.1971227500052463e-62,1.795657049457079e-62,2.5696388297060483e-62,3.553760403210826e-62,4.783251177295341e-62,6.2979485238494e-62,8.119220124843136e-62,1.030567284739559e-61,1.2889327248928811e-61,1.591353172949163e-61,1.9423852836129943e-61,2.3468085067457185e-61,2.8096257111184537e-61,3.336063537331201e-61,3.931572551724367e-61,4.601827260646729e-61,5.352726025649937e-61,6.190390914155476e-61,7.121167510079779e-61,8.151624701670762e-61,9.288554457544925e-61,1.0538971599497032e-60,1.1910113577047706e-60,1.3409440247255414e-60,1.504463366213548e-60,1.6823597860851602e-60,1.8754458670383255e-60,2.0845563511246166e-60,2.310548121278756e-60,2.5543001830293765e-60,2.8167136470632973e-60,3.0987117115752405e-60,3.401239645530277e-60,3.725264772112134e-60,4.071776452090957e-60,4.4417860680737456e-60,4.8363270076945244e-60,5.256454648311478e-60,5.703246341161845e-60,6.177801395362112e-60,6.681241062232523e-60,7.21470852022336e-60,7.779368859067761e-60,8.376409063648246e-60,9.007037999731036e-60,9.672486397767607e-60,1.0374006837837747e-59,1.1112873733454519e-59,1.1890383317521564e-59,1.2707853626059873e-59,1.3566624483329173e-59,1.4468057485873212e-59,1.5413535987833648e-59,1.640446508543613e-59,1.7442271601548975e-59,1.8528404071161816e-59,1.9664332725532538e-59,2.085154947618363e-59,2.2091567901652555e-59,2.3385923229938507e-59,2.4736172325269903e-59,2.6143893672322683e-59,2.7610687359750307e-59,2.9138175067689795e-59,3.072800004868963e-59,3.238182711689102e-59,3.410134263084657e-59,3.5888254477095113e-59,3.7744292056248367e-59,3.967120627012964e-59,4.167076950161583e-59,4.374477560548385e-59,4.589503988797428e-59,4.812339909405979e-59,5.043171139399551e-59,5.282185636581375e-59,5.529573498219882e-59,5.785526959182213e-59,6.050240390924451e-59,6.32391029977916e-59,6.606735325265086e-59,6.898916238844427e-59,7.20065594233175e-59,7.512159466427965e-59,7.833633969077751e-59,8.16528873453338e-59,8.507335170829253e-59,8.859986809271e-59,9.223459302487453e-59,9.597970423020898e-59,9.983740061829715e-59,1.0380990226820866e-58,1.0789945041340549e-58,1.1210830742718951e-58,1.1643875680763591e-58,1.208931031640339e-58,1.2547367219677223e-58,1.3018281069102113e-58,1.3502288649571237e-58,1.3999628851229632e-58,1.4510542667381867e-58,1.503527319386294e-58,1.5574065627053889e-58,1.6127167262475963e-58,1.669482749336159e-58,1.7277297809169073e-58,1.7874831794094357e-58,1.8487685125638756e-58,1.911611557313963e-58,1.9760382996221948e-58,2.042074934358326e-58,2.1097478651032005e-58,2.179083704044991e-58,2.2501092718036727e-58,2.3228515973339158e-58,2.3973379177505437e-58,2.473595678142682e-58,2.5516525314556844e-58,2.631536338397468e-58,2.7132751672228886e-58,2.7968972936354876e-58,2.882431200602273e-58,2.9699055781855517e-58,3.059349323491628e-58,3.1507915404363675e-58,3.244261539691673e-58,3.339788838423249e-58,3.437403160236035e-58,3.537134434984035e-58,3.639012798644034e-58,3.7430685931832894e-58,3.849332366382351e-58,3.957834871706288e-58,4.0686070681758445e-58,4.181680120201028e-58,4.297085397437827e-58,4.4148544746626555e-58,4.535019131614529e-58,4.657611352853897e-58,4.7826633275699434e-58,4.910207449580824e-58,5.040276317097563e-58,5.172902732478733e-58,5.308119702231571e-58,5.445960436885043e-58,5.5864583506160544e-58,5.729647061507168e-58,5.8755603909384045e-58,6.0242323638461625e-58,6.1756972083567665e-58,6.3299893557032304e-58,6.487143440078881e-58,6.647194298492557e-58,6.810176970634429e-58,6.976126698781545e-58,7.145078927426048e-58,7.317069303554708e-58,7.492133676012354e-58,7.670308095791811e-58,7.851628815656952e-58,8.036132290051364e-58,8.223855175014653e-58,8.414834327809648e-58,8.609106807134098e-58,8.806709872745408e-58,9.00768098538265e-58,9.212057806606282e-58,9.419878198675341e-58,9.631180224410494e-58,9.846002147049278e-58,1.0064382430083352e-57,1.0286359737144374e-57,1.0511972931853797e-57,1.0741261077687928e-57,1.0974263437900754e-57,1.1211019475107622e-57,1.1451568851632942e-57,1.1695951428886148e-57,1.194420726741157e-57,1.2196376626915188e-57,1.2452499965917933e-57,1.2712617941658396e-57,1.297677141004896e-57,1.324500142521767e-57,1.3517349239921193e-57,1.3793856304852939e-57,1.407456426882146e-57,1.4359514978535184e-57,1.4648750478387838e-57,1.4942313010537064e-57,1.524024501455027e-57,1.554258912742264e-57,1.5849388183088624e-57,1.6160685212820104e-57,1.6476523444809005e-57,1.6796946303955833e-57,1.7121997411634339e-57,1.7451720585978167e-57,1.7786159841326098e-57,1.812535938844285e-57,1.8469363634291005e-57,1.881821718123774e-57,1.917196482812013e-57,1.9530651569082e-57,1.9894322593940834e-57,2.0263023287990216e-57,2.0636799231526707e-57,2.1015696200270057e-57,2.1399760164847696e-57,2.1789037290664423e-57,2.218357393814732e-57,2.2583416661997958e-57,2.2988612211502206e-57,2.3399207530151737e-57,2.3815249755807644e-57,2.4236786220393697e-57,2.4663864449454505e-57,2.50965321627074e-57,2.5534837273181445e-57,2.5978827887428075e-57,2.642855230569474e-57,2.688405902111502e-57,2.7345396720050396e-57,2.781261428179903e-57,2.828576077861979e-57,2.876488547509374e-57,2.9250037828729764e-57,2.974126748946275e-57,3.023862429926115e-57,3.074215829223487e-57,3.1251919694642216e-57,3.176795892500133e-57,3.2290326592814326e-57,3.281907349959859e-57,3.335425063868667e-57,3.389590919414861e-57,3.444410054139938e-57,3.4998876247305077e-57,3.556028806913958e-57,3.612838795538601e-57,3.670322804509823e-57,3.728486066797522e-57,3.787333834372029e-57,3.846871378259539e-57,3.907103988539363e-57,3.968036974211135e-57,4.029675663316621e-57,4.092025402869352e-57,4.1550915588179384e-57,4.21887951605631e-57,4.2833946784602913e-57,4.348642468779502e-57,4.414628328669746e-57,4.4813577187126137e-57,4.5488361183711666e-57,4.6170690259505227e-57,4.686061958601566e-57,4.7558204523662586e-57,4.8263500620566833e-57,4.897656361371082e-57,4.969744942737649e-57,5.042621417374138e-57,5.116291415331992e-57,5.190760585391837e-57,5.266034595118981e-57,5.342119130720774e-57,5.419019897221114e-57,5.496742618355445e-57,5.575293036487578e-57,5.654676912665469e-57,5.734900026710726e-57,5.815968176969662e-57,5.897887180527e-57,5.980662873098163e-57,6.064301108957902e-57,6.148807760981502e-57,6.234188720704298e-57,6.320449898209642e-57,6.407597222139454e-57,6.495636639693364e-57,6.584574116646382e-57,6.674415637196468e-57,6.765167204194865e-57,6.856834838889966e-57,6.94942458105259e-57,7.042942488925916e-57,7.137394639218469e-57,7.232787127051754e-57,7.329126066090518e-57,7.426417588280063e-57,7.524667844121884e-57,7.623883002401951e-57,7.724069250293672e-57,7.825232793455393e-57,7.927379855791015e-57,8.030516679587041e-57,8.134649525463893e-57,8.239784672363282e-57,8.34592841749466e-57,8.453087076478042e-57,8.561266983102394e-57,8.67047448945861e-57,8.780715965861992e-57,8.89199780094465e-57,9.00432640157369e-57,9.11770819271016e-57,9.232149617681677e-57,9.347657137854683e-57,9.464237232885248e-57,9.581896400604966e-57,9.700641156911544e-57,9.820478035849575e-57,9.941413589676331e-57,1.0063454388759948e-56,1.018660702144891e-56,1.0310878094351495e-56,1.0436274232027647e-56,1.05628020771443e-56,1.0690468290378124e-56,1.0819279550576687e-56,1.094924255448241e-56,1.1080364016895755e-56,1.1212650670625448e-56,1.134610926646338e-56,1.1480746573137354e-56,1.161656937742961e-56,1.1753584484074374e-56,1.1891798715649118e-56,1.203121891266138e-56,1.217185193372258e-56,1.231370465506525e-56,1.2456783970947674e-56,1.2601096793597463e-56,1.2746650052966954e-56,1.289345069690579e-56,1.3041505691151318e-56,1.3190822019131267e-56,1.3341406682217325e-56,1.3493266699496577e-56,1.3646409107991733e-56,1.3800840962349652e-56,1.3956569334983586e-56,1.4113601316209318e-56,1.427194401393753e-56,1.443160455383736e-56,1.459259007930502e-56,1.4754907751443906e-56,1.4918564749039037e-56,1.5083568268558834e-56,1.5249925524138436e-56,1.5417643747555463e-56,1.5586730188225652e-56,1.5757192113200813e-56,1.5929036807148972e-56,1.610227157233545e-56,1.6276903728622573e-56,1.6452940613446806e-56,1.6630389581821638e-56,1.680925800635916e-56,1.6989553277101635e-56,1.7171282801623848e-56,1.7354454005130366e-56,1.753907433027084e-56,1.7725151237188844e-56,1.7912692203457533e-56,1.8101704724279428e-56,1.8292196312147438e-56,1.8484174497060955e-56,1.867764682643918e-56,1.8872620865119262e-56,1.9069104195355127e-56,1.9267104416860252e-56,1.9466629146595702e-56,1.9667686018899957e-56,1.9870282685648625e-56,2.007442681583236e-56,2.0280126095941313e-56,2.0487388229673584e-56,2.069622093827729e-56,2.090663195999845e-56,2.1118629050442803e-56,2.1332219982645678e-56,2.154741254673456e-56,2.1764214550095446e-56,2.1982633817512435e-56,2.2202678190822804e-56,2.2424355529079545e-56,2.264767370872151e-56,2.2872640623184807e-56,2.309926418314438e-56,2.3327552316389815e-56,2.3557512967974967e-56,2.3789154100040346e-56,2.4022483691856772e-56,2.4257509739861137e-56,2.4494240257490023e-56,2.4732683275264175e-56,2.4972846840904016e-56,2.5214739019203556e-56,2.545836789182856e-56,2.570374155766876e-56,2.5950868132664233e-56,2.619975574957235e-56,2.645041255835459e-56,2.6702846725976126e-56,2.6957066436185217e-56,2.721307988990736e-56,2.7470895305025154e-56,2.7730520916170998e-56,2.7991964975114336e-56,2.825523575055472e-56,2.8520341527982293e-56,2.878729060976831e-56,2.9056091315391935e-56,2.9326751980937897e-56,2.959928095955015e-56,2.9873686621166427e-56,3.0149977352666147e-56,3.042816155751672e-56,3.070824765628878e-56,3.0990244086156238e-56,3.127415930110072e-56,3.1560001772008666e-56,3.184777998655142e-56,3.2137502448947574e-56,3.2429177680452757e-56,3.272281421892451e-56,3.301842061878754e-56,3.3316005451400998e-56,3.3615577304678523e-56,3.391714478345847e-56,3.422071650902142e-56,3.452630111940011e-56,3.483390726928083e-56,3.5143543629989413e-56,3.5455218889502186e-56,3.576894175238637e-56,3.6084720939838095e-56,3.64025651895756e-56,3.6722483256119785e-56,3.7044483910349797e-56,3.736857593971445e-56,3.769476814836081e-56,3.8023069356966786e-56,3.835348840259074e-56,3.8686034138879025e-56,3.9020715435980856e-56,3.935754118055627e-56,3.9696520275734237e-56,4.003766164121084e-56,4.038097421288033e-56,4.072646694331807e-56,4.107414880147951e-56,4.142402877265984e-56,4.177611585880738e-56,4.213041907810659e-56,4.248694746487742e-56,4.284571007032198e-56,4.3206715961679115e-56,4.356997422262872e-56,4.393549395319947e-56,4.430328426982668e-56,4.467335430500623e-56,4.504571320789673e-56,4.5420370143710915e-56,4.579733429392142e-56,4.617661485646934e-56,4.655822104555307e-56,4.694216209135365e-56,4.732844724056092e-56,4.771708575612228e-56,4.810808691681942e-56,4.850146001818317e-56,4.889721437168312e-56,4.929535930476468e-56,4.969590416144525e-56,5.009885830151978e-56,5.050423110119848e-56,5.091203195285328e-56,5.1322270264615535e-56,5.173495546128385e-56,5.215009698347313e-56,5.256770428772057e-56,5.298778684692239e-56,5.341035415006224e-56,5.383541570176838e-56,5.426298102341683e-56,5.469305965184298e-56,5.512566114000058e-56,5.556079505705392e-56,5.599847098818782e-56,5.643869853424914e-56,5.6881487312486925e-56,5.7326846955850925e-56,5.777478711320781e-56,5.822531744957052e-56,5.867844764590435e-56,5.913418739881673e-56,5.959254642122621e-56,6.005353444165426e-56,6.05171612044957e-56,6.098343647023987e-56,6.145237001526783e-56,6.192397163146874e-56,6.239825112702646e-56,6.287521832555893e-56,6.335488306679712e-56,6.383725520629646e-56,6.432234461511865e-56,6.4810161180419325e-56,6.530071480511701e-56,6.57940154076295e-56,6.629007292240304e-56,6.6788897299759215e-56,6.729049850514067e-56,6.779488652033698e-56,6.830207134275456e-56,6.881206298519771e-56,6.93248714765719e-56,6.984050686114088e-56,7.035897919886476e-56,7.0880298565663935e-56,7.140447505280987e-56,7.193151876730045e-56,7.246143983177295e-56,7.299424838449333e-56,7.352995457932003e-56,7.406856858570795e-56,7.461010058868903e-56,7.5154560788669145e-56,7.570195940225928e-56,7.625230666099095e-56,7.680561281213907e-56,7.73618881185077e-56,7.792114285842122e-56,7.848338732570719e-56,7.904863182972493e-56,7.961688669506555e-56,8.018816226245023e-56,8.076246888767601e-56,8.133981694129189e-56,8.192021681060948e-56,8.250367889774344e-56,8.309021361975366e-56,8.36798314098109e-56,8.427254271648111e-56,8.486835800301297e-56,8.546728774873702e-56,8.60693424481564e-56,8.667453261108752e-56,8.728286876269646e-56,8.789436144375405e-56,8.850902120964299e-56,8.912685863172695e-56,8.97478842967118e-56,9.03721088059101e-56,9.09995427765959e-56,9.163019684106044e-56,9.226408164685876e-56,9.290120785686053e-56,9.354158614910808e-56,9.4185227216873e-56,9.483214176871343e-56,9.548234052835381e-56,9.613583423470733e-56,9.67926336421436e-56,9.745274951943022e-56,9.811619265128286e-56,9.87829738375663e-56,9.945310389253468e-56,1.0012659364633382e-55,1.0080345394397392e-55,1.014836956455581e-55,1.0216732962635635e-55,1.0285436677667586e-55,1.0354481800191088e-55,1.0423869422254433e-55,1.0493600637437756e-55,1.056367654074601e-55,1.06340982287937e-55,1.0704866799594794e-55,1.0775983352744017e-55,1.0847448989334849e-55,1.0919264811885217e-55,1.0991431924486492e-55,1.106395143273e-55,1.113682444365165e-55,1.121005206577772e-55,1.128363540918751e-55,1.1357575585428174e-55,1.1431873707535868e-55,1.1506530890063236e-55,1.1581548248980224e-55,1.16569269018451e-55,1.1732667967631113e-55,1.1808772566792786e-55,1.1885241821326627e-55,1.1962076854689199e-55,1.2039278791818823e-55,1.2116848759139816e-55,1.219478788458668e-55,1.2273097297486177e-55,1.2351778128731594e-55,1.2430831510696622e-55,1.25102585771483e-55,1.2590060463414241e-55,1.2670238306299962e-55,1.2750793243997422e-55,1.2831726416257071e-55,1.2913038964306628e-55,1.2994732030755702e-55,1.3076806759773927e-55,1.3159264297000564e-55,1.3242105789455567e-55,1.332533238573845e-55,1.3408945235808419e-55,1.3492945491169383e-55,1.3577334304790734e-55,1.3662112831052623e-55,1.3747282225795286e-55,1.3832843646375684e-55,1.391879825158388e-55,1.400514720167056e-55,1.4091891658373962e-55,1.4179032784799526e-55,1.4266571745628288e-55,1.4354509706914585e-55,1.4442847836157658e-55,1.4531587302398137e-55,1.4620729276046549e-55,1.471027492896373e-55,1.4800225434520368e-55,1.4890581967535531e-55,1.4981345704215533e-55,1.5072517822244052e-55,1.5164099500750786e-55,1.525609192028054e-55,1.5348496262915053e-55,1.544131371209127e-55,1.5534545452714847e-55,1.5628192671130228e-55,1.5722256555126824e-55,1.5816738293899297e-55,1.5911639078174711e-55,1.6006960100026319e-55,1.610270255295928e-55,1.619886763200874e-55,1.6295456533555289e-55,1.639247045540535e-55,1.6489910596897025e-55,1.6587778158706824e-55,1.668607434296504e-55,1.6784800353237325e-55,1.6883957394516782e-55,1.698354667322259e-55,1.708356939719927e-55,1.7184026775686245e-55,1.7284920019412087e-55,1.7386250340529562e-55,1.7488018952542628e-55,1.759022707038614e-55,1.7692875910505833e-55,1.7795966690638348e-55,1.7899500630039027e-55,1.8003478949378557e-55,1.8107902870674197e-55,1.821277361736234e-55,1.831809241439599e-55,1.84238604880033e-55,1.8530079065962042e-55,1.8636749377358603e-55,1.8743872652727043e-55,1.8851450124001678e-55,1.8959483024568492e-55,1.9067972589085296e-55,1.917692005381775e-55,1.9286326656332348e-55,1.939619363550008e-55,1.9506522231800947e-55,1.961731368697905e-55,1.9728569244214286e-55,1.9840290148091442e-55,1.995247764462629e-55,2.0065132981126018e-55,2.0178257406400705e-55,2.0291852170626776e-55,2.040591852537719e-55,2.052045772361592e-55,2.0635471019700945e-55,2.0750959669385178e-55,2.0866924929809488e-55,2.0983368059472688e-55,2.1100290318370417e-55,2.1217692967814948e-55,2.133557727043782e-55,2.145394449036105e-55,2.157279589306202e-55,2.1692132745397502e-55,2.1811956315611477e-55,2.1932267873328805e-55,2.2053068689521532e-55,2.217436003665309e-55,2.2296143188491062e-55,2.241841942011745e-55,2.2541190008094036e-55,2.266445623036174e-55,2.278821936609295e-55,2.2912480696056715e-55,2.303724150228349e-55,2.3162503068097732e-55,2.3288266678317877e-55,2.341453361909491e-55,2.3541305177947958e-55,2.366858264380302e-55,2.3796367306882746e-55,2.3924660458775252e-55,2.405346339250914e-55,2.418277740248044e-55,2.431260378434135e-55,2.4442943835217107e-55,2.4573798853553574e-55,2.4705170139210595e-55,2.4837058993281727e-55,2.4969466718334123e-55,2.510239461826518e-55,2.5235843998329275e-55,2.5369816165130758e-55,2.5504312426635795e-55,2.5639334092170286e-55,2.5774882472405584e-55,2.59109588793732e-55,2.6047564626458345e-55,2.6184701028390105e-55,2.632236940124978e-55,2.6460571062513046e-55,2.6599307330884028e-55,2.6738579526569897e-55,2.6878388971014818e-55,2.7018736986997333e-55,2.7159624898769503e-55,2.730105403180723e-55,2.7443025712925326e-55,2.7585541270398485e-55,2.7728602033728725e-55,2.7872209333793925e-55,2.801636450281138e-55,2.816106887430705e-55,2.830632378325812e-55,2.8452130565851018e-55,2.8598490559655877e-55,2.874540510353613e-55,2.8892875537814102e-55,2.904090320401941e-55,2.918948944500713e-55,2.9338635605099035e-55,2.9488343029775077e-55,2.9638613065970247e-55,2.9789447061941972e-55,2.994084636715438e-55,3.0092812332531756e-55,3.0245346310315404e-55,3.0398449653948132e-55,3.0552123718365134e-55,3.0706369859688014e-55,3.086118943536976e-55,3.101658380427184e-55,3.117255432657542e-55,3.1329102363642012e-55,3.1486229278331827e-55,3.1643936434690616e-55,3.180222519811872e-55,3.196109693534299e-55,3.212055301435717e-55,3.2280594804556808e-55,3.244122367665017e-55,3.2602441002562167e-55,3.276424815552887e-55,3.292664651023594e-55,3.30896374425486e-55,3.325322232963066e-55,3.341740255008986e-55,3.358217948370817e-55,3.374755451161629e-55,3.391352901624797e-55,3.40801043813489e-55,3.424728199190648e-55,3.441506323430938e-55,3.458344949630247e-55,3.47524421666944e-55,3.492204263576574e-55,3.509225229501315e-55,3.5263072537372615e-55,3.543450475692814e-55,3.560655034910863e-55,3.5779210710645704e-55,3.595248723955748e-55,3.612638133510947e-55,3.630089439794819e-55,3.647602783001466e-55,3.665178303444409e-55,3.6828161415717746e-55,3.700516437959469e-55,3.718279333312043e-55,3.7361049684587214e-55,3.753993484371044e-55,3.771945022129694e-55,3.78995972296367e-55,3.8080377282157094e-55,3.826179179356057e-55,3.8443842179975784e-55,3.862652985867678e-55,3.880985624820807e-55,3.8993822768542035e-55,3.9178430840773165e-55,3.9363681887284995e-55,3.9549577331878075e-55,3.973611859948918e-55,3.992330711636463e-55,4.011114431003098e-55,4.029963160933733e-55,4.0488770444258166e-55,4.067856224617633e-55,4.086900844769804e-55,4.106011048270269e-55,4.125186978633708e-55,4.1444287795011526e-55,4.1637365946403416e-55,4.183110567946269e-55,4.202550843434412e-55,4.2220575652615514e-55,4.241630877696531e-55,4.2612709251386784e-55,4.280977852113608e-55,4.300751803273052e-55,4.320592923394653e-55,4.340501357382135e-55,4.360477250263319e-55,4.380520747188471e-55,4.40063199344792e-55,4.42081113444783e-55,4.441058315708636e-55,4.461373682891297e-55,4.4817573817830895e-55,4.5022095582752964e-55,4.5227303584149285e-55,4.543319928358912e-55,4.563978414377879e-55,4.584705962883389e-55,4.605502720411714e-55,4.626368833607762e-55,4.647304449257151e-55,4.6683097142704016e-55,4.689384775664869e-55,4.7105297805986546e-55,4.7317448763493175e-55,4.753030210317405e-55,4.774385930028801e-55,4.7958121831385854e-55,4.817309117413531e-55,4.838876880745025e-55,4.860515621164016e-55,4.8822254868088e-55,4.904006625947434e-55,4.925859186965214e-55,4.94778331838202e-55,4.9697791688342675e-55,4.9918468870827865e-55,5.013986622010814e-55,5.03619852262464e-55,5.058482738054433e-55,5.080839417551581e-55,5.103268710495598e-55,5.125770766373894e-55,5.1483457348165146e-55,5.170993765561051e-55,5.1937150084667415e-55,5.2165096135264584e-55,5.2393777308544545e-55,5.2623195106760014e-55,5.285335103338313e-55,5.308424659328937e-55,5.331588329238872e-55,5.35482626378161e-55,5.378138613808867e-55,5.401525530277113e-55,5.424987164264817e-55,5.448523666987757e-55,5.472135189760813e-55,5.495821884043361e-55,5.519583901392717e-55,5.5434213935101125e-55,5.567334512201374e-55,5.591323409397778e-55,5.615388237146016e-55,5.639529147631988e-55,5.6637462931431945e-55,5.688039826088334e-55,5.712409899014772e-55,5.736856664573644e-55,5.7613802755339035e-55,5.7859808847970154e-55,5.810658645379861e-55,5.835413710424247e-55,5.860246233181427e-55,5.885156367027818e-55,5.910144265465055e-55,5.93521008209119e-55,5.9603539706542795e-55,5.985576085015722e-55,6.010876579144027e-55,6.036255607133212e-55,6.061713323196018e-55,6.087249881659565e-55,6.112865436981788e-55,6.138560143740209e-55,6.16433415661907e-55,6.190187630426624e-55,6.21612072009641e-55,6.2421335806629114e-55,6.268226367298027e-55,6.2943992352853344e-55,6.32065234002697e-55,6.346985837050214e-55,6.373399881987732e-55,6.399894630590589e-55,6.42647023874079e-55,6.45312686243118e-55,6.479864657779465e-55,6.506683781008828e-55,6.53358438845472e-55,6.560566636594579e-55,6.587630682011917e-55,6.614776681413049e-55,6.642004791615757e-55,6.669315169543109e-55,6.696707972246828e-55,6.724183356910866e-55,6.751741480815354e-55,6.779382501366095e-55,6.807106576083391e-55,6.834913862606214e-55,6.862804518688313e-55,6.890778702202035e-55,6.918836571136728e-55,6.946978283598434e-55,6.97520399780932e-55,7.003513872113604e-55,7.03190806494576e-55,7.06038673489052e-55,7.08895004064185e-55,7.117598140996077e-55,7.146331194880433e-55,7.175149361323297e-55,7.20405279946241e-55,7.233041668585202e-55,7.262116128074857e-55,7.291276337416707e-55,7.320522456238517e-55,7.349854644262203e-55,7.379273061327205e-55,7.408777867400234e-55,7.438369222558585e-55,7.46804728699222e-55,7.49781222100599e-55,7.527664185028631e-55,7.557603339582424e-55,7.587629845324867e-55,7.617743863021804e-55,7.647945553560153e-55,7.678235077927694e-55,7.70861259722102e-55,7.73907827268424e-55,7.769632265650158e-55,7.800274737576973e-55,7.83100585002477e-55,7.861825764674723e-55,7.892734643315246e-55,7.923732647862112e-55,7.954819940338308e-55,7.98599668288063e-55,8.017263037746425e-55,8.048619167293205e-55,8.080065233991371e-55,8.111601400439968e-55,8.143227829343763e-55,8.17494468352069e-55,8.206752125902595e-55,8.23865031954017e-55,8.270639427577474e-55,8.302719613292378e-55,8.334891040068634e-55,8.367153871409777e-55,8.399508270918949e-55,8.43195440232439e-55,3.015350371873586e-32,9.842809008159315e-32,2.0831626630030724e-31,3.6519756840353817e-31,5.753540524912735e-31,8.459093394639278e-31,1.1849287930414191e-30,1.601552672842029e-30,2.1061518865374422e-30,2.710508900326923e-30,3.428028186516342e-30,4.2739815602693176e-30,5.265794842400444e-30,6.4233836029228e-30,7.769547355482529e-30,9.330433559584196e-30,1.1136085240664772e-29,1.3221089076928425e-29,1.5625344581069617e-29,1.8394979723154435e-29,2.158344425473029e-29,2.52528194384782e-29,2.9475392298773415e-29,3.4335554460444846e-29,3.9932100893658424e-29,4.638102343840321e-29,5.381891918680449e-29,6.240716646163687e-29,7.233706368686593e-29,8.383618222869541e-29,9.717625784283996e-29,1.1268304299689267e-28,1.30748672785861e-28,1.5184727269776072e-28,1.765547744494836e-28,2.055742311556915e-28,2.3976837157194173e-28,2.802017536597844e-28,3.281957535156296e-28,3.8540085844488856e-28,4.538925027937329e-28,5.362992416863489e-28,6.359757996161327e-28,7.572390740387979e-28,9.056934953408035e-28,1.088684813874803e-27,1.3159409689372209e-27,1.6004894652538593e-27,1.9599898869738267e-27,2.418700370314901e-27,3.0104302710942625e-27,3.783058268237512e-27,4.8055909907202294e-27,6.1794463898117686e-27,8.056954855470519e-27,1.0672567902369855e-26,1.4397207933817325e-26,1.9836402752839131e-26,2.801498720396964e-26,4.0741999265114004e-26,6.137468351081159e-26,7.731001505138648e-26,7.73100150514112e-26,7.731001505152726e-26,1.2703697166439714e-25,2.216269487593373e-25,4.223494683109974e-25,9.366460461217582e-25,2.8589823067502122e-24,1.7165971653954626e-23,2.640841388393874e-22,8.957323142443709e-21,4.585075808836951e-19,1.9218492482638384e-18,1.9218492482659557e-18,1.921849248268815e-18,1.9218492482719962e-18,1.9218492482754575e-18,1.921849248279262e-18,1.921849248283482e-18,1.9218492482882264e-18,1.9218492482936444e-18,1.921849248299957e-18,1.9218492483211167e-18,1.9218492483422765e-18,1.9218492483801414e-18,1.4581596133703922e-16,2.6328340552018907e-15,3.0285902296043325e-14,2.6884441621691237e-13,1.8918789095638376e-12,1.0128071915359577e-11,4.024708396385295e-11,1.2005816076780395e-10,2.772346254668975e-10,5.153675069189312e-10,8.044662845568744e-10,1.0961203759574566e-09,1.348299761348028e-09,1.5393335177080127e-09,1.6668139163777764e-09,1.7397469218501568e-09,1.7713109117749134e-09,1.7755342992456573e-09,3.1202446039062655e-09,4.744540288574517e-09,6.361068717271742e-09,7.914767519002657e-09,9.395211903570999e-09,1.0802164198982057e-08,1.2138613657433565e-08,1.3408783127714999e-08,1.461731086772981e-08,1.5768850825425625e-08,1.6867870056303065e-08,1.791855073857093e-08,1.892475012246776e-08,1.988999285507109e-08,2.081748109448012e-08,2.1710113904797772e-08,2.2570510925342252e-08,2.3401037380076075e-08,2.4203828741476655e-08,2.4980814121908923e-08,2.573373792763539e-08,2.6464179589918378e-08,2.717357135335818e-08,2.7863214196413667e-08,2.853429200959041e-08,2.9187884180038063e-08,2.9824976737897116e-08,3.0446472216543766e-08,3.105319837024038e-08,3.1645915881247527e-08,3.222532517599959e-08,3.2792072457391475e-08,3.334675504823065e-08,3.388992612978474e-08,3.442209894919562e-08,3.4943750560452556e-08,3.545532515551581e-08,3.595723703504062e-08,3.644987326190102e-08,3.693359603522225e-08,3.74087448178372e-08,3.787563824594406e-08,3.833457584610329e-08,3.878583958156054e-08,3.9229695247180546e-08,3.966639372984129e-08,4.009617214914108e-08,4.051925489142196e-08,4.093585454857064e-08,4.1346172771699584e-08,4.175040104861019e-08,4.214872141292085e-08,4.2541307091805956e-08,4.292832309854601e-08,4.330992677534299e-08,4.3686268291285e-08,4.4057491099792766e-08,4.4423732359395956e-08,4.478512332131726e-08,4.514178968691493e-08,4.5493851937764025e-08,4.584142564084026e-08,4.618462173103216e-08,4.652354677297306e-08,4.685830320399107e-08,4.718898955979577e-08,4.7515700684363106e-08,4.783852792533555e-08,4.815755931613812e-08,4.84728797458826e-08,4.8784571118047986e-08,4.9092712498829345e-08,4.939738025595535e-08,4.9698648188721595e-08,4.999658764990368e-08,5.029126766016684e-08,5.0582755015534824e-08,5.087111438841039e-08,5.115640842264576e-08,5.143869782306082e-08,5.171804143982315e-08,5.199449634804068e-08,5.226811792289606e-08,5.253895991064176e-08,5.280707449571634e-08,5.30725123642498e-08,5.333532276420428e-08,5.3595553562353146e-08,5.385325129831987e-08,5.410846123584153e-08,5.436122741145765e-08,5.461159268076798e-08,5.485959876240616e-08,5.5105286279880333e-08,5.534869480140545e-08,5.558986287783488e-08,5.582882807881931e-08,5.6065627027291366e-08,5.6300295432358656e-08,5.6532868120717215e-08,5.676337906664844e-08,5.699186142070008e-08,5.721834753709745e-08,5.744286899997493e-08,5.7665456648483905e-08,5.788614060083712e-08,5.8104950277332266e-08,5.8321914422447515e-08,5.8537061126004786e-08,5.875041784348059e-08,5.8962011415511505e-08,5.9171868086607855e-08,5.938001352313956e-08,5.9586472830619e-08,5.979127057031907e-08,5.999443077524009e-08,6.019597696550222e-08,6.03959321631295e-08,6.059431890630332e-08,6.07911592630827e-08,6.098647484463408e-08,6.118028681796733e-08,6.137261591823071e-08,6.156348246055824e-08,6.175290635151302e-08,6.194090710011244e-08,6.212750382849396e-08,6.231271528219826e-08,6.249655984011186e-08,6.267905552406653e-08,6.286022000813208e-08,6.304007062758711e-08,6.32186243875955e-08,6.339589797161171e-08,6.3571907749501e-08,6.37466697854041e-08,6.39201998453541e-08,6.409251340464376e-08,6.426362565497455e-08,6.4433551511367e-08,6.460230561887338e-08,6.47699023590725e-08,6.493635585636839e-08,6.510167998410831e-08,6.526588837050115e-08,6.542899440437001e-08,6.559101124073842e-08,6.575195180623357e-08,6.591182880435268e-08,6.607065472056227e-08,6.622844182726001e-08,6.63852021885842e-08,6.65409476650987e-08,6.669568991833205e-08,6.684944041520089e-08,6.7002210432304e-08,6.715401106009312e-08,6.730485320694258e-08,6.745474760309172e-08,6.760370480448675e-08,6.775173519652542e-08,6.789884899768682e-08,6.804505626307503e-08,6.819036688786827e-08,6.833479061066594e-08,6.847833701676129e-08,6.862101554132624e-08,6.876283547250122e-08,6.89038059544218e-08,6.904393599015459e-08,6.918323444457081e-08,6.932171004713099e-08,6.945937139461287e-08,6.959622695376866e-08,6.973228506391036e-08,6.986755393942726e-08,7.000204167226096e-08,7.013575623429649e-08,7.026870547970982e-08,7.040089714724721e-08,7.05323388624656e-08,7.066303813989569e-08,7.079300238517752e-08,7.092223889713068e-08,7.105075486977704e-08,7.117855739431578e-08,7.130565346106149e-08,7.143204996132157e-08,7.15577536892401e-08,7.16827713435975e-08,7.18071095295682e-08,7.193077476043473e-08,7.205377345927099e-08,7.217611196057543e-08,7.229779651188278e-08,7.241883327531656e-08,7.25392283291388e-08,7.265898766923038e-08,7.277811721057155e-08,7.289662278865923e-08,7.301451016091861e-08,7.31317850080637e-08,7.32484529354494e-08,7.336451947436865e-08,7.347999008334617e-08,7.359487014938613e-08,7.370916498920873e-08,7.382287985044344e-08,7.3936019912811e-08,7.404859028927244e-08,7.416059602715994e-08,7.427204210927567e-08,7.438293345498009e-08,7.449327492124434e-08,7.460307130368842e-08,7.471232733759695e-08,7.482104769891086e-08,7.492923700521012e-08,7.503689981665569e-08,7.514404063693198e-08,7.525066391416449e-08,7.535677404181293e-08,7.546237535955082e-08,7.556747215413445e-08,7.567206866023718e-08,7.577616906128775e-08,7.58797774902775e-08,7.598289803055699e-08,7.608553471661527e-08,7.618769153484966e-08,7.628937242430995e-08,7.639058127744366e-08,7.64913219408045e-08,7.659159821577585e-08,7.669141385924971e-08,7.679077258432249e-08,7.688967806095262e-08,7.698813391662355e-08,7.708614373697793e-08,7.718371106646357e-08,7.728083940893512e-08,7.737753222828156e-08,7.747379294900241e-08,7.756962495681311e-08,7.766503159920268e-08,7.776001618601584e-08,7.78545819899876e-08,7.794873224730286e-08,7.804247015812429e-08,7.813579888711816e-08,7.822872156396852e-08,7.832124128388271e-08,7.841336110808622e-08,7.850508406431908e-08,7.859641314730368e-08,7.86873513192251e-08,7.877790151018902e-08,7.886806661867345e-08,7.895784951198384e-08,7.904725302667983e-08,7.913627996901878e-08,7.922493311536853e-08,7.931321521262949e-08,7.940112897864417e-08,7.948867710259767e-08,7.957586224540797e-08,7.966268704012476e-08,7.974915409230105e-08,7.983526598037583e-08,7.992102525603803e-08,8.000643444459398e-08,8.009149604531773e-08,8.017621253181051e-08,8.026058635233545e-08,8.034461993017138e-08,8.042831566392205e-08,8.051167592787425e-08,8.059470307229692e-08,8.067739942377025e-08,8.075976728549554e-08,8.084180893760091e-08,8.09235266374404e-08,8.100492261990275e-08,8.108599909768927e-08,8.116675826161177e-08,8.124720228087242e-08,8.132733330333953e-08,8.140715345582749e-08,8.148666484436377e-08,8.156586955445051e-08,8.164476965133488e-08,8.172336718025919e-08,8.180166416671282e-08,8.187966261669043e-08,8.195736451692631e-08,8.203477183514624e-08,8.211188652029445e-08,8.218871050278244e-08,8.226524569469776e-08,8.234149399005733e-08,8.24174572650076e-08,8.249313737806282e-08,8.256853617030513e-08,8.26436554656143e-08,8.271849707086218e-08,8.279306277613439e-08,8.286735435492681e-08,8.294137356434333e-08,8.301512214530014e-08,8.30886018227191e-08,8.316181430571616e-08,8.323476128779512e-08,8.33074444470313e-08,8.33798654462566e-08,8.345202593323841e-08,8.352392754086126e-08,8.359557188729991e-08,8.366696057619049e-08,8.373809519680975e-08,8.380897732422929e-08,8.387960851949459e-08,8.394999032978109e-08,8.402012428855772e-08,8.409001191574099e-08,8.415965471785966e-08,8.422905418820413e-08,8.42982118069753e-08,8.43671290414419e-08,8.44358073460793e-08,8.450424816272207e-08,8.457245292070704e-08,8.464042303700541e-08,8.470815991638271e-08,8.477566495151399e-08,8.48429395231332e-08,8.490998500015862e-08,8.497680273983609e-08,8.504339408785464e-08,8.510976037849098e-08,8.51759029347192e-08,8.524182306835006e-08,8.530752208014788e-08,8.537300125994599e-08,8.543826188678195e-08,8.550330522900108e-08,8.556813254437748e-08,8.5632745080235e-08,8.569714407355458e-08,8.576133075108474e-08,8.582530632946035e-08,8.588907201530175e-08,8.595262900532731e-08,8.601597848645984e-08,8.607912163593128e-08,8.614205962138667e-08,8.620479360098166e-08,8.626732472348418e-08,8.632965412838698e-08,8.639178294598199e-08,8.64537122974733e-08,8.651544329507355e-08,8.657697704208887e-08,8.663831463301877e-08,8.669945715364392e-08,8.676040568112117e-08,8.682116128407011e-08,8.68817250226601e-08,8.694209794870047e-08,8.700228110572611e-08,8.706227552908222e-08,8.712208224600257e-08,8.718170227570814e-08,8.724113662946729e-08,8.730038631069356e-08,8.735945231502003e-08,8.741833563037637e-08,8.747703723706548e-08,8.753555810784566e-08,8.759389920800365e-08,8.765206149542686e-08,8.771004592068765e-08,8.776785342709445e-08,8.782548495079291e-08,8.788294142081125e-08,8.794022375915019e-08,8.799733288084076e-08,8.805426969401463e-08,8.81110350999775e-08,8.816762999327079e-08,8.82240552617396e-08,8.828031178659685e-08,8.833640044249218e-08,8.839232209757153e-08,8.844807761353744e-08,8.850366784572392e-08,8.85590936431432e-08,8.861435584855531e-08,8.866945529852319e-08,8.872439282347945e-08,8.877916924777802e-08,8.883378538975579e-08,8.888824206178593e-08,8.894254007034001e-08,8.899668021604233e-08,8.905066329372067e-08,8.910449009246822e-08,8.915816139569323e-08,8.921167798117563e-08,8.926504062110972e-08,8.9318250082174e-08,8.937130712556925e-08,8.942421250706874e-08,8.947696697707916e-08,8.952957128068515e-08,8.958202615769091e-08,8.963433234268509e-08,8.968649056507109e-08,8.973850154912939e-08,8.979036601405698e-08,8.984208467401344e-08,8.989365823817367e-08,8.994508741076398e-08,8.999637289111141e-08,9.004751537369572e-08,9.009851554817694e-08,9.01493740994568e-08,9.020009170770272e-08,9.025066904841121e-08,9.03011067924372e-08,9.035140560602853e-08,9.040156615088721e-08,9.045158908419799e-08,9.050147505866271e-08,9.055122472255491e-08,9.060083871974706e-08,9.065031768975347e-08,9.069966226777066e-08,9.074887308471567e-08,9.079795076726095e-08,9.084689593786669e-08,9.08957092148351e-08,9.094439121232273e-08,9.099294254040199e-08,9.104136380507106e-08,9.108965560830865e-08,9.113781854810364e-08,9.118585321848793e-08,9.123376020956437e-08,9.128154010755607e-08,9.132919349482321e-08,9.137672094991059e-08,9.142412304756751e-08,9.147140035879066e-08,9.151855345084707e-08,9.156558288731858e-08,9.161248922811075e-08,9.165927302951468e-08,9.170593484421186e-08,9.175247522131219e-08,9.179889470639223e-08,9.184519384151507e-08,9.189137316526084e-08,9.193743321276408e-08,9.198337451573297e-08,9.202919760248339e-08,9.207490299796352e-08,9.212049122378249e-08,9.216596279824594e-08,9.221131823636959e-08,9.225655804991741e-08,9.230168274742355e-08,9.234669283422121e-08,9.239158881246443e-08,9.243637118116119e-08,9.248104043619578e-08,9.252559707035017e-08,9.25700415733334e-08,9.261437443180889e-08,9.265859612941791e-08,9.270270714679713e-08,9.274670796161382e-08,9.279059904857774e-08,9.283438087948216e-08,9.287805392320512e-08,9.292161864575475e-08,9.296507551027386e-08,9.300842497707705e-08,9.305166750366216e-08,9.30948035447438e-08,9.313783355226326e-08,9.318075797542064e-08,9.322357726069315e-08,9.326629185185182e-08,9.330890218999308e-08,9.335140871354694e-08,9.339381185831385e-08,9.343611205746821e-08,9.347830974159185e-08,9.352040533868684e-08,9.3562399274205e-08,9.360429197104893e-08,9.364608384961239e-08,9.368777532779453e-08,9.372936682100927e-08,9.377085874221396e-08,9.381225150192505e-08,9.385354550823944e-08,9.389474116685086e-08,9.393583888106776e-08,9.39768390518301e-08,9.401774207773487e-08,9.405854835504643e-08,9.409925827771964e-08,9.413987223740881e-08,9.418039062349713e-08,9.422081382310338e-08,9.426114222110733e-08,9.43013762001565e-08,9.434151614069779e-08,9.438156242098132e-08,9.442151541707852e-08,9.446137550290879e-08,9.45011430502339e-08,9.454081842870717e-08,9.458040200585108e-08,9.461989414710914e-08,9.465929521583434e-08,9.46986055733157e-08,9.473782557879384e-08,9.477695558947683e-08,9.481599596054942e-08,9.485494704519649e-08,9.489380919460854e-08,9.493258275800444e-08,9.497126808263994e-08,9.500986551382595e-08,9.504837539494105e-08,9.508679806744229e-08,9.512513387088953e-08,9.516338314294769e-08,9.520154621940349e-08,9.523962343418638e-08,9.527761511937264e-08,9.531552160520029e-08,9.535334322009019e-08,9.539108029064912e-08,9.542873314168991e-08,9.546630209623828e-08,9.550378747555221e-08,9.554118959912761e-08,9.55785087847185e-08,9.561574534834307e-08,9.565289960429725e-08,9.568997186517018e-08,9.572696244185381e-08,9.576387164355409e-08,9.580069977780711e-08,9.583744715048436e-08,9.587411406580875e-08,9.591070082636705e-08,9.594720773311615e-08,9.598363508540221e-08,9.601998318096785e-08,9.605625231595552e-08,9.609244278493805e-08,9.612855488090798e-08,9.616458889530328e-08,9.620054511801472e-08,9.623642383739046e-08,9.627222534025294e-08,9.630794991190915e-08,9.634359783615989e-08,9.637916939531186e-08,9.641466487017891e-08,9.645008454010449e-08,9.64854286829722e-08,9.652069757520007e-08,9.65558914917665e-08,9.659101070620977e-08,9.662605549065209e-08,9.666102611578809e-08,9.669592285091178e-08,9.673074596392258e-08,9.676549572132377e-08,9.680017238825124e-08,9.683477622846419e-08,9.686930750436383e-08,9.690376647700002e-08,9.693815340608873e-08,9.697246855000097e-08,9.700671216579502e-08,9.704088450920837e-08,9.7074985834673e-08,9.710901639532611e-08,9.714297644301405e-08,9.717686622830508e-08,9.721068600049268e-08,9.724443600760891e-08,9.727811649643515e-08,9.731172771249426e-08,9.734526990008333e-08,9.737874330226386e-08,9.741214816087556e-08,9.744548471654152e-08,9.747875320868412e-08,9.751195387551951e-08,9.754508695407921e-08,9.75781526802138e-08,9.761115128859342e-08,9.764408301271974e-08,9.76769480849392e-08,9.770974673644521e-08,9.774247919728572e-08,9.777514569636845e-08,9.780774646146916e-08,9.784028171925054e-08,9.787275169524817e-08,9.790515661389866e-08,9.793749669852848e-08,9.796977217137162e-08,9.800198325358177e-08,9.803413016522418e-08,9.806621312529003e-08,9.809823235171113e-08,9.813018806135299e-08,9.816208047002515e-08,9.819390979249983e-08,9.82256762425006e-08,9.825738003272273e-08,9.828902137483135e-08,9.832060047947078e-08,9.835211755627356e-08,9.838357281386355e-08,9.841496645986268e-08,9.844629870089567e-08,9.847756974260452e-08,9.850877978964111e-08,9.853992904568425e-08,9.857101771344214e-08,9.86020459946561e-08,9.86330140901114e-08,9.866392219964233e-08,9.869477052212634e-08,9.872555925551234e-08,9.875628859680836e-08,9.878695874209388e-08,9.881756988652319e-08,9.884812222433028e-08,9.887861594884336e-08,9.890905125248057e-08,9.89394283267593e-08,9.896974736229467e-08,9.900000854882323e-08,9.903021207518744e-08,9.906035812935396e-08,9.909044689841168e-08,9.912047856858782e-08,9.915045332523704e-08,9.918037135286333e-08,9.921023283511095e-08,9.924003795478047e-08,9.926978689382661e-08,9.929947983336819e-08,9.932911695369136e-08,9.93586984342476e-08,9.938822445367824e-08,9.94176951897971e-08,9.944711081960141e-08,9.947647151929202e-08,9.950577746425633e-08,9.953502882908607e-08,9.956422578757899e-08,9.95933685127454e-08,9.962245717680846e-08,9.96514919512073e-08,9.968047300661492e-08,9.970940051292771e-08,9.973827463927722e-08,9.976709555402846e-08,9.979586342479681e-08,9.98245784184413e-08,9.985324070106619e-08,9.988185043804426e-08,9.991040779399964e-08,9.993891293281832e-08,9.99673660176657e-08,9.999576721097331e-08,1.0002411667444585e-07,1.0005241456907707e-07,1.000806610551434e-07,1.0010885629221274e-07,1.0013700043914061e-07,1.0016509365408655e-07,1.0019313609451148e-07,1.0022112791718087e-07,1.0024906927816787e-07,1.002769603328639e-07,1.0030480123597429e-07,1.003325921415268e-07,1.0036033320288006e-07,1.0038802457271261e-07,1.0041566640304261e-07,1.0044325884522733e-07,1.0047080204995506e-07,1.0049829616727129e-07,1.0052574134655837e-07,1.0055313773655811e-07,1.0058048548536203e-07,1.0060778474042637e-07,1.0063503564856862e-07,1.006622383559713e-07,1.0068939300818508e-07,1.0071649975013736e-07,1.0074355872613383e-07,1.007705700798558e-07,1.0079753395437423e-07,1.008244504921366e-07,1.0085131983499996e-07,1.0087814212419623e-07,1.0090491750036476e-07,1.0093164610354581e-07,1.0095832807318142e-07,1.0098496354812363e-07,1.0101155266663025e-07,1.010380955663779e-07,1.0106459238445787e-07,1.0109104325738712e-07,1.0111744832109754e-07,1.0114380771095617e-07,1.0117012156175281e-07,1.0119639000771566e-07,1.012226131825096e-07,1.012487912192325e-07,1.0127492425043163e-07,1.0130101240809883e-07,1.0132705582366604e-07,1.013530546280283e-07,1.0137900895152525e-07,1.0140491892396476e-07,1.0143078467460223e-07,1.0145660633216624e-07,1.0148238402484571e-07,1.0150811788030035e-07,1.0153380802566562e-07,1.0155945458754278e-07,1.0158505769202217e-07,1.0161061746466287e-07,1.0163613403051516e-07,1.016616075141107e-07,1.0168703803947495e-07,1.0171242573011926e-07,1.0173777070904842e-07,1.0176307309877208e-07,1.0178833302129125e-07,1.0181355059811283e-07,1.0183872595024542e-07,1.0186385919820883e-07,1.018889504620329e-07,1.019139998612539e-07,1.0193900751493482e-07,1.0196397354164426e-07,1.0198889805947356e-07,1.0201378118604673e-07,1.020386230385023e-07,1.0206342373350599e-07,1.020881833872641e-07,1.0211290211550842e-07,1.021375800335048e-07,1.0216221725606073e-07,1.0218681389752102e-07,1.0221137007177468e-07,1.0223588589225249e-07,1.0226036147193723e-07,1.0228479692335965e-07,1.0230919235859638e-07,1.023335478892874e-07,1.0235786362662316e-07,1.023821396813551e-07,1.0240637616379507e-07,1.0243057318381986e-07,1.0245473085086878e-07,1.0247884927395021e-07,1.0250292856164594e-07,1.0252696882210209e-07,1.0255097016304912e-07,1.0257493269178622e-07,1.025988565151949e-07,1.0262274173973752e-07,1.0264658847146017e-07,1.0267039681598985e-07,1.0269416687854719e-07,1.0271789876393643e-07,1.0274159257655489e-07,1.0276524842039997e-07,1.0278886639905413e-07,1.0281244661570299e-07,1.0283598917313125e-07,1.0285949417372873e-07,1.0288296171948097e-07,1.029063919119872e-07,1.0292978485245095e-07,1.0295314064168425e-07,1.0297645938010998e-07,1.0299974116777095e-07,1.0302298610431985e-07,1.0304619428902402e-07,1.0306936582078162e-07,1.0309250079809813e-07,1.0311559931911225e-07,1.031386614815826e-07,1.0316168738289734e-07,1.0318467712007165e-07,1.0320763078975158e-07,1.0323054848821402e-07,1.0325343031137723e-07,1.03276276354787e-07,1.0329908671362737e-07,1.0332186148272755e-07,1.0334460075655395e-07,1.0336730462922219e-07,1.0338997319448273e-07,1.0341260654573687e-07,1.0343520477604053e-07,1.0345776797808794e-07,1.0348029624423909e-07,1.0350278966649666e-07,1.0352524833651948e-07,1.0354767234562823e-07,1.0357006178480196e-07,1.0359241674467537e-07,1.0361473731554459e-07,1.036370235873755e-07,1.036592756497946e-07,1.0368149359209701e-07,1.0370367750324256e-07,1.0372582747186529e-07,1.0374794358627121e-07,1.0377002593443229e-07,1.0379207460400815e-07,1.0381408968232101e-07,1.0383607125637565e-07,1.0385801941286361e-07,1.0387993423814665e-07,1.0390181581827254e-07,1.0392366423898031e-07,1.0394547958568155e-07,1.0396726194348335e-07,1.0398901139718158e-07,1.0401072803125431e-07,1.0403241192988415e-07,1.040540631769321e-07,1.0407568185596412e-07,1.0409726805023702e-07,1.0411882184270716e-07,1.0414034331602555e-07,1.0416183255255e-07,1.0418328963433193e-07,1.042047146431348e-07,1.0422610766041538e-07,1.0424746876734538e-07,1.0426879804480143e-07,1.0429009557336346e-07,1.0431136143332772e-07,1.0433259570469936e-07,1.0435379846719537e-07,1.0437496980024706e-07,1.0439610978300083e-07,1.0441721849432046e-07,1.0443829601278496e-07,1.0445934241669602e-07,1.0448035778407429e-07,1.0450134219266107e-07,1.0452229571992176e-07,1.0454321844304873e-07,1.045641104389543e-07,1.045849717842788e-07,1.0460580255540027e-07,1.0462660282840956e-07,1.0464737267914425e-07,1.0466811218316238e-07,1.0468882141576188e-07,1.0470950045197108e-07,1.0473014936655471e-07,1.0475076823401768e-07,1.0477135712859625e-07,1.0479191612427357e-07,1.048124452947661e-07,1.0483294471354012e-07,1.0485341445379344e-07,1.0487385458847557e-07,1.0489426519028322e-07,1.0491464633165167e-07,1.0493499808477001e-07,1.049553205215719e-07,1.0497561371374362e-07,1.0499587773271657e-07,1.0501605503181701e-07,1.0503625538378343e-07,1.0505643048999945e-07,1.0507657738716782e-07,1.0509669572183987e-07,1.0511678542444563e-07,1.0513684650526903e-07,1.0515687900833613e-07,1.0517688299191876e-07,1.0519685851892446e-07,1.0521680565677592e-07,1.0523672447213858e-07,1.0525661503205044e-07,1.0527647740521725e-07,1.0529631165769531e-07,1.0531611785784465e-07,1.0533589607292316e-07,1.0535564636876803e-07,1.0537536881261235e-07,1.0539506347123586e-07,1.0541473041007372e-07,1.0543436969496834e-07,1.0545398139271716e-07,1.0547356556780239e-07,1.0549312228634023e-07,1.0551265161359455e-07,1.0553215361410906e-07,1.0555162835260042e-07,1.0557107589350981e-07,1.0559049630085837e-07,1.0560988963921615e-07,1.0562925597128045e-07,1.0564859536216411e-07,1.0566790787498688e-07,1.0568719357171836e-07,1.0570645251722008e-07,1.0572568477315202e-07,1.0574489040260377e-07,1.0576406946798039e-07,1.0578322202980812e-07,1.0580234815211042e-07,1.058214478964241e-07,1.0584052132397665e-07,1.0585956849599031e-07,1.0587858947346271e-07,1.058975843178065e-07,1.059165530895964e-07,1.0593549584936148e-07,1.0595441265758407e-07,1.0597330357436769e-07,1.0599216865970349e-07,1.0601100797337135e-07,1.0602982157483255e-07,1.060486095237489e-07,1.0606737187945226e-07,1.0608610870036716e-07,1.0610482004565119e-07,1.0612350597393686e-07,1.0614216654343968e-07,1.0616080181252265e-07,1.0617941183875414e-07,1.0619799668150387e-07,1.0621655639763907e-07,1.0623509104462332e-07,1.0625360067997225e-07,1.0627208536036191e-07,1.0629054514278048e-07,1.0630898008437798e-07,1.0632739024141787e-07,1.063457756705252e-07,1.0636413642786481e-07,1.0638247256947375e-07,1.0640078415125427e-07,1.0641907122860121e-07,1.0643733385734431e-07,1.0645557209271828e-07,1.0647378598991406e-07,1.0649197560364821e-07,1.0651014098910477e-07,1.065282822012496e-07,1.0654639929352227e-07,1.0656449232071564e-07,1.0658256133692241e-07,1.0660060639595076e-07,1.0661862755136575e-07,1.0663662485717024e-07,1.0665459836776067e-07,1.0667254813548298e-07,1.0669047421199588e-07,1.0670837665136969e-07,1.0672625550619528e-07,1.0674411082956466e-07,1.0676194267340152e-07,1.067797510903907e-07,1.0679753613209006e-07,1.0681529785071495e-07,1.0683303629806252e-07,1.0685075152614192e-07,1.0686844358578756e-07,1.0688611252833966e-07,1.0690375840504878e-07,1.069213812668378e-07,1.0693898116432242e-07,1.0695655814848504e-07,1.0697411226962495e-07,1.0699164357810255e-07,1.0700915212403394e-07,1.0702663795739536e-07,1.0704410112809083e-07,1.0706154168584018e-07,1.0707895968012516e-07,1.0709635516037019e-07,1.0711372817590284e-07,1.0713107877562836e-07,1.0714840700853539e-07,1.0716571292342201e-07,1.0718299656895534e-07,1.0720025799356152e-07,1.0721749724557735e-07,1.0723471437310769e-07,1.0725190942435033e-07,1.0726908244721325e-07,1.0728623348928879e-07,1.0730336259853404e-07,1.0732046982175471e-07,1.0733755520659247e-07,1.0735461880014277e-07,1.0737166064952608e-07,1.073886808014808e-07,1.0740567930286308e-07,1.0742265620020185e-07,1.0743961153988341e-07,1.0745654536816881e-07,1.0747345773140112e-07,1.0749034867557998e-07,1.0750721824647408e-07,1.0752406648981293e-07,1.0754089345122359e-07,1.0755769917617005e-07,1.0757448371003824e-07,1.0759124709792849e-07,1.0760798938496887e-07,1.0762471061599089e-07,1.0764141083580262e-07,1.0765809008887755e-07,1.0767474842007059e-07,1.0769138587362139e-07,1.0770800249380695e-07,1.0772459832463299e-07,1.0774117340994345e-07,1.0775772779374976e-07,1.0777426151996318e-07,1.0779077463195482e-07,1.0780726717319182e-07,1.0782373911614205e-07,1.0784019074682072e-07,1.0785662187978786e-07,1.0787303259107214e-07,1.0788942293669799e-07,1.0790579296480635e-07,1.0792214272036648e-07,1.0793847224722688e-07,1.0795478158819955e-07,1.079710707856414e-07,1.0798733988170219e-07,1.0800358891845693e-07,1.080198179376856e-07,1.0803602698104578e-07,1.0805221609010294e-07,1.0806838530625709e-07,1.0808453467084419e-07,1.0810066422506623e-07,1.0811677401004859e-07,1.0813286406670874e-07,1.0814893443590562e-07,1.0816498515836439e-07,1.081810162747209e-07,1.0819702782527441e-07,1.0821301984983679e-07,1.0822899238986836e-07,1.0824494548487296e-07,1.0826087917489002e-07,1.0827679349974142e-07,1.0829268849925384e-07,1.0830856421308739e-07,1.0832442067994609e-07,1.0834025794080705e-07,1.0835607603421746e-07,1.0837187499940507e-07,1.0838765487540887e-07,1.0840341570122597e-07,1.0841915751573459e-07,1.0843488035817911e-07,1.0845058426605594e-07,1.0846626927845174e-07,1.0848193543366347e-07,1.084975827702274e-07,1.0851321132628152e-07,1.0852882113983261e-07,1.0854441224908516e-07,1.0855998469145598e-07,1.0857553850470277e-07,1.0859107372686734e-07,1.0860659039527908e-07,1.0862208854806541e-07,1.0863756822096671e-07,1.086530294522592e-07,1.086684722788315e-07,1.0868389673778162e-07,1.0869930286614211e-07,1.087146907002425e-07,1.0873006027744947e-07,1.0874541163353805e-07,1.0876074480530124e-07,1.0877605982926547e-07,1.0879135674151572e-07,1.0880663557892062e-07,1.0882189637618999e-07,1.0883713917018648e-07,1.088523639966933e-07,1.0886757089121144e-07,1.0888275988950317e-07,1.0889793102743353e-07,1.0891308434017378e-07,1.0892821986268513e-07,1.0894333763144186e-07,1.0895843768055484e-07,1.089735200453989e-07,1.0898858476114007e-07,1.0900363186221254e-07,1.0901866138359861e-07,1.0903367335992139e-07,1.090486678257993e-07,1.090636448157028e-07,1.0907860436398098e-07,1.0909354650496485e-07,1.0910847127275135e-07,1.0912337870256834e-07,1.0913826882636312e-07,1.0915314167904017e-07,1.0916799729437819e-07,1.0918283570614278e-07,1.091976569479063e-07,1.0921246105343467e-07,1.0922724805580617e-07,1.0924201798876642e-07,1.0925677088496915e-07,1.0927150677800132e-07,1.0928622570083254e-07,1.0930092768646931e-07,1.0931561276780794e-07,1.0933028097738598e-07,1.0934493234838003e-07,1.0935956691312653e-07,1.0937418470420463e-07,1.0938878575409964e-07,1.0940337009512475e-07,1.0941793775932284e-07,1.0943248877923848e-07,1.0944702318685954e-07,1.094615410140804e-07,1.0947604229288564e-07,1.0949052705507966e-07,1.0950499533230673e-07,1.0951944715635992e-07,1.0953388255866376e-07,1.0954830157030099e-07,1.0956270422356955e-07,1.0957709054869332e-07,1.0959146057817196e-07,1.0960581434246692e-07,1.0962015187253935e-07,1.096344731996379e-07,1.0964877835452381e-07,1.0966306736792473e-07,1.0967734027060293e-07,1.0969159709323908e-07,1.097058378666093e-07,1.0972006262058141e-07,1.0973427138595452e-07,1.0974846419304735e-07,1.0976264107227623e-07,1.0977680205308823e-07,1.0979094716638203e-07,1.098050764413091e-07,1.0981918990820973e-07,1.0983328759681164e-07,1.0984736953696315e-07,1.0986143575827529e-07,1.0987548629014194e-07,1.0988952116254419e-07,1.0990354040466095e-07,1.0991754404518642e-07,1.099315321146729e-07,1.0994550464167776e-07,1.0995946165531391e-07,1.0997340318459729e-07,1.0998732925853179e-07,1.1000123990615377e-07,1.1001513515610755e-07,1.100290150370354e-07,1.1004287957768564e-07,1.1005672880532847e-07,1.1007056275098115e-07,1.1008438144170858e-07,1.100981849060812e-07,1.1011197317235254e-07,1.1012574626872885e-07,1.1013950422326758e-07,1.101532470644021e-07,1.1016697481949808e-07,1.1018068751672696e-07,1.1019438518440805e-07,1.1020806784942083e-07,1.1022173553985183e-07,1.1023538828329341e-07,1.1024902610741521e-07,1.1026264903962003e-07,1.102762571074824e-07,1.10289850337996e-07,1.1030342875865384e-07,1.1031699239641064e-07,1.1033054127866367e-07,1.1034407543241546e-07,1.1035759488433315e-07,1.1037109966211544e-07,1.1038458979171108e-07,1.1039806530032039e-07,1.1041152621457168e-07,1.1042497256104996e-07,1.1043840436641937e-07,1.1045182165711044e-07,1.1046522445953935e-07,1.1047861280025684e-07,1.1049198670526591e-07,1.1050534620087226e-07,1.1051869131327176e-07,1.1053202206867606e-07,1.1054533849279749e-07,1.1055864061180526e-07,1.1057192845151971e-07,1.1058520203830263e-07,1.1059846139688835e-07,1.106117065534656e-07,1.1062493753362956e-07,1.106381543629833e-07,1.10651357067023e-07,1.106645456716202e-07,1.1067772020120444e-07,1.1069088068154955e-07,1.1070402713786003e-07,1.1071715959534824e-07,1.1073027807908712e-07,1.1074338261421041e-07,1.107564732256153e-07,1.107695499380988e-07,1.1078261277707136e-07,1.1079566176649268e-07,1.1080869693149734e-07,1.1082171829677382e-07,1.1083472588673568e-07,1.1084771972611481e-07,1.1086069983958046e-07,1.1087366625116459e-07,1.1088661898535712e-07,1.1089955806639073e-07,1.1091248351856358e-07,1.1092539536602872e-07,1.1093829363253226e-07,1.1095117834283015e-07,1.1096404952064959e-07,1.1097690718986632e-07,1.1098975137437758e-07,1.1100258209823091e-07,1.1101539938479636e-07,1.1102820325768091e-07,1.1104099374067638e-07,1.1105377085731313e-07,1.1106653463132974e-07,1.1107928508600063e-07,1.1109202224475483e-07,1.1110474613091854e-07,1.1111745676780437e-07,1.111301541785433e-07,1.1114283838643847e-07,1.1115550941439327e-07,1.1116816728593258e-07,1.1118081202396906e-07,1.1119344365096528e-07,1.1120606218976918e-07,1.1121866766398605e-07,1.112312600958445e-07,1.1124383950759969e-07,1.11256405922333e-07,1.1126895936309978e-07,1.1128149985196608e-07,1.1129402741095123e-07,1.1130654206356179e-07,1.1131904383130204e-07,1.1133153273715012e-07,1.1134400880267564e-07,1.1135647205045623e-07,1.1136892250267875e-07,1.1138136018143203e-07,1.1139378510868077e-07,1.1140619730645109e-07,1.1141859679688692e-07,1.1143098360219057e-07,1.114433577432826e-07,1.1145571924243039e-07,1.1146806812138923e-07,1.1148040440173379e-07,1.114927281051448e-07,1.1150503925371456e-07,1.1151733786799193e-07,1.1152962396990188e-07,1.1154189758078831e-07,1.1155415872251165e-07,1.1156640741580226e-07,1.115786436820237e-07,1.115908675422007e-07,1.1160307901821239e-07,1.1161527813024495e-07,1.1162746489997392e-07,1.1163963934803555e-07,1.1165180149573497e-07,1.1166395136368231e-07,1.116760889726985e-07,1.116882143438692e-07,1.117003274978112e-07,1.1171242845515571e-07,1.1172451723665329e-07,1.1173659386302986e-07,1.1174865835460384e-07,1.1176071073199822e-07,1.117727510156756e-07,1.1178477922603423e-07,1.1179679538344578e-07,1.1180879950821807e-07,1.118207916206183e-07,1.1183277174096216e-07,1.118447398892076e-07,1.1185669608557757e-07,1.1186864035024645e-07,1.1188057270302982e-07,1.1189249316400181e-07,1.1190440175310547e-07,1.1191629849021155e-07,1.1192818339516367e-07,1.1194005648773749e-07,1.119519177876797e-07,1.1196376731468491e-07,1.1197560508839648e-07,1.1198743112841326e-07,1.1199924545429504e-07,1.1201104808555033e-07,1.1202283904163794e-07,1.1203461834198205e-07,1.1204638600594728e-07,1.1205814205285876e-07,1.120698865020026e-07,1.1208161937272914e-07,1.1209334068411426e-07,1.1210505045528968e-07,1.1211674870536848e-07,1.121284354532754e-07,1.1214011071829762e-07,1.1215177451921993e-07,1.121634268749961e-07,1.1217506780449595e-07,1.1218669732656622e-07,1.1219831545998979e-07,1.1220992222396825e-07,1.1222151763669142e-07,1.1223310171647659e-07,1.122446744823554e-07,1.1225623595303469e-07,1.1226778614674511e-07,1.1227932508208926e-07,1.1229085277767243e-07,1.1230236925175168e-07,1.1231387452266017e-07,1.1232536860852509e-07,1.1233685152812659e-07,1.1234832329931257e-07,1.1235978394079211e-07,1.1237123346988772e-07,1.1238267190508653e-07,1.1239409926486381e-07,1.1240551556645072e-07,1.124169208281359e-07,1.1242831506795104e-07,1.1243969830393588e-07,1.1245107055380713e-07,1.1246243183537496e-07,1.1247378216648695e-07,1.1248512156519625e-07,1.1249645004836497e-07,1.1250776763411754e-07,1.1251907434006973e-07,1.1253037018406576e-07,1.1254165518286115e-07,1.1255292935458579e-07,1.1256419271650199e-07,1.1257544528600879e-07,1.1258668708050495e-07,1.1259791811757578e-07,1.1260913841413627e-07,1.1262034798781894e-07,1.1263154685544334e-07,1.1264273503451278e-07,1.1265391254178514e-07,1.126650793945387e-07,1.1267623560990671e-07,1.1268738120490924e-07,1.1269851619685003e-07,1.127096406022071e-07,1.1272075443775199e-07,1.1273185772051942e-07,1.1274295046742352e-07,1.1275403269525024e-07,1.1276510442111472e-07,1.1277616566102357e-07,1.1278721643207587e-07,1.127982567507733e-07,1.1280928663377364e-07,1.128203060976842e-07,1.128313151590107e-07,1.1284231383425946e-07,1.1285330213986661e-07,1.128642800920385e-07,1.1287524770754648e-07,1.1288620500258264e-07,1.1289715199328238e-07,1.1290808869586182e-07,1.1291901512719595e-07,1.1292993130293569e-07,1.1294083723950702e-07,1.1295173295276712e-07,1.1296261845896746e-07,1.1297349377421934e-07,1.1298435891515685e-07,1.1299521389626781e-07,1.1300605873449999e-07,1.1301689344547678e-07,1.1302771804509547e-07,1.1303853254938048e-07,1.130493369741167e-07,1.1306013133452447e-07,1.1307091564713699e-07,1.130816899261623e-07,1.1309245418941009e-07,1.1310320845181316e-07,1.1311395272864829e-07,1.1312468703555559e-07,1.1313541138813866e-07,1.1314612580176403e-07,1.1315683029188982e-07,1.1316752487401292e-07,1.1317820956344336e-07,1.1318888437538404e-07,1.1319954932567617e-07,1.1321020442928902e-07,1.1322084970157325e-07,1.1323148515781419e-07,1.132421108134518e-07,1.1325272668278152e-07,1.1326333278146998e-07,1.132739291245477e-07,1.1328451572708482e-07,1.1329509260413545e-07,1.133056597706991e-07,1.1331621724171189e-07,1.1332676503177373e-07,1.1333730315660046e-07,1.1334783163048503e-07,1.1335835046841662e-07,1.1336885968512381e-07,1.1337935929541311e-07,1.1338984931395686e-07,1.1340032975551424e-07,1.1341080063472891e-07,1.1342126196625505e-07,1.1343171376438045e-07,1.134421560443856e-07,1.134525888204449e-07,1.1346301210704618e-07,1.1347342591874256e-07,1.134838302699492e-07,1.1349422517494931e-07,1.1350461064844039e-07,1.1351498670458684e-07,1.13525353357769e-07,1.1353571062229815e-07,1.1354605851240638e-07,1.1355639704228441e-07,1.1356672622601208e-07,1.1357704607789956e-07,1.1358735661230825e-07,1.13597657843169e-07,1.1360794978460992e-07,1.1361823245055403e-07,1.136285058549309e-07,1.1363877001219819e-07,1.1364902493600575e-07,1.1365927064025872e-07,1.1366950713869373e-07,1.1367973444576833e-07,1.1368995257457354e-07,1.1370016153982187e-07,1.1371036135462862e-07,1.1372055203285677e-07,1.1373073358849292e-07,1.1374090603512617e-07,1.1375106938633718e-07,1.1376122365576565e-07,1.1377136885702249e-07,1.1378150500373527e-07,1.1379163210887603e-07,1.1380175018716319e-07,1.1381185925147335e-07,1.1382195931522675e-07,1.1383205039187273e-07,1.1384213249484162e-07,1.1385220563754111e-07,1.1386226983322237e-07,1.1387232509549058e-07,1.138823714374226e-07,1.1389240887220703e-07,1.1390243741348266e-07,1.1391245707430324e-07,1.1392246786744519e-07,1.1393246980742456e-07,1.1394246290526037e-07,1.1395244717533576e-07,1.1396242263038787e-07,1.1397238928374637e-07,1.1398234714834913e-07,1.139922962369245e-07,1.140022365626316e-07,1.1401216813851165e-07,1.1402209097726688e-07,1.1403200509198701e-07,1.1404191049546038e-07,1.1405180720058571e-07,1.1406169522010938e-07,1.1407157456704767e-07,1.1408144525387923e-07,1.1409130729330059e-07,1.1410116069816166e-07,1.1411100548108593e-07,1.1412084165461767e-07,1.1413066923157478e-07,1.141404882247983e-07,1.1415029864616026e-07,1.1416010050881767e-07,1.141698938248007e-07,1.1417967860680618e-07,1.1418945486729029e-07,1.1419922261849704e-07,1.1420898187361112e-07,1.1421873264416581e-07,1.142284749429449e-07,1.1423820878221408e-07,1.1424793417425596e-07,1.1425765113124145e-07,1.1426735966573656e-07,1.1427705978968765e-07,1.1428675151553667e-07,1.1429643485536383e-07,1.1430610982131625e-07,1.1431577642555128e-07,1.1432543468021481e-07,1.1433508459736627e-07,1.1434472618908546e-07,1.1435435946738432e-07,1.1436398444430285e-07,1.1437360113179359e-07,1.1438320954186301e-07,1.1439280968638757e-07,1.1440240157738745e-07,1.1441198522670614e-07,1.1442156064629682e-07,1.1443112784831654e-07,1.1444068684370523e-07,1.144502376451126e-07,1.144597802635148e-07,1.1446931471171158e-07,1.1447884100009116e-07,1.1448835914157624e-07,1.1449786914735682e-07,1.1450737102909168e-07,1.1451686479799092e-07,1.1452635046595267e-07,1.1453582804478161e-07,1.1454529754612341e-07,1.1455475898129224e-07,1.1456421236186823e-07,1.145736576988447e-07,1.1458309500433497e-07,1.1459252428957737e-07,1.14601945566008e-07,1.1461135884504211e-07,1.1462076413805897e-07,1.1463016145651388e-07,1.1463955081125553e-07,1.146489322145032e-07,1.1465830567654075e-07,1.1466767120921255e-07,1.1467702882387513e-07,1.1468637853123513e-07,1.146957203429556e-07,1.1470505426948016e-07,1.147143803230154e-07,1.1472369851389933e-07,1.1473300885349998e-07,1.1474231135300324e-07,1.1475160602335527e-07,1.1476089287547571e-07,1.1477017192052734e-07,1.1477944316936047e-07,1.1478870663315267e-07,1.1479796232276537e-07,1.1480721024912655e-07,1.1481645042314647e-07,1.1482568285573167e-07,1.1483490755762665e-07,1.1484412453988468e-07,1.1485333381322779e-07,1.1486253538844839e-07,1.1487172927630088e-07,1.1488091548760144e-07,1.148900940330451e-07,1.1489926492338527e-07,1.1490842816898456e-07,1.1491758378126089e-07,1.1492673177030732e-07,1.1493587214686621e-07,1.1494500492154973e-07,1.1495413010495095e-07,1.1496324770796886e-07,1.1497235774049091e-07,1.1498146021340474e-07,1.1499055513719042e-07,1.1499964252240796e-07,1.1500872237958345e-07,1.1501779471881372e-07,1.1502685955073276e-07,1.1503591688576477e-07,1.1504496673427477e-07,1.1505400910664056e-07,1.1506304401318219e-07,1.15072071464266e-07,1.1508109147024106e-07,1.1509010404120969e-07,1.150991091875702e-07,1.1510810692001674e-07,1.1511709724780951e-07,1.1512608018163256e-07,1.1513505573167239e-07,1.1514402390809115e-07,1.1515298472095796e-07,1.1516193818055371e-07,1.151708842968951e-07,1.1517982308005892e-07,1.1518875454015456e-07,1.1519767868707716e-07,1.1520659553113936e-07,1.1521550508199509e-07,1.1522440734994541e-07,1.1523330234483574e-07,1.1524219007660513e-07,1.1525107055498822e-07,1.1525994379060527e-07,1.1526880979289147e-07,1.1527766857134275e-07,1.1528652013614441e-07,1.1529536449694868e-07,1.1530420166395494e-07,1.153130316467865e-07,1.1532185445552358e-07,1.1533067009912404e-07,1.1533947858785315e-07,1.15348279931375e-07,1.1535707413964444e-07,1.1536586122184492e-07,1.1537464118789813e-07,1.1538341404751835e-07,1.1539217981007012e-07,1.1540093848548064e-07,1.1540969008321806e-07,1.15418434612846e-07,1.1542717208394635e-07,1.154359025060389e-07,1.1544462588858371e-07,1.1545334224122784e-07,1.1546205157340278e-07,1.1547075389434484e-07,1.1547944921386077e-07,1.1548813754124921e-07,1.1549681888584367e-07,1.1550549325704345e-07,1.1551416066433224e-07,1.155228211170053e-07,1.1553147462455878e-07,1.1554012119619103e-07,1.1554876084098339e-07,1.1555739356845096e-07,1.1556601938776773e-07,1.1557463830794068e-07,1.1558325033883523e-07,1.1559185548933952e-07,1.1560045376782853e-07,1.1560904518473164e-07,1.1561762974935838e-07,1.1562620747012769e-07,1.1563477835617109e-07,1.1564334241684831e-07,1.1565189966134511e-07,1.1566045009838166e-07,1.1566899373721459e-07,1.1567753058698286e-07,1.1568606065655394e-07,1.1569458395540768e-07,1.157031004917262e-07,1.1571161027483129e-07,1.1572011331381662e-07,1.1572860961763244e-07,1.1573709919512843e-07,1.1574558205513461e-07,1.1575405820664259e-07,1.1576252765847721e-07,1.1577099041994009e-07,1.157794464994054e-07,1.157878959056835e-07,1.1579633864744083e-07,1.1580477473380263e-07,1.158132041732639e-07,1.1582162697484818e-07,1.1583004314733892e-07,1.1583845269927801e-07,1.1584685563942879e-07,1.1585525197658302e-07,1.1586364171933179e-07,1.158720248763322e-07,1.1588040145637471e-07,1.1588877146789387e-07,1.1589713491967892e-07,1.1590549182024301e-07,1.1591384217815241e-07,1.1592218600203548e-07,1.1593052330041666e-07,1.1593885408183019e-07,1.1594717835480329e-07,1.1595549612780132e-07,1.1596380740938805e-07,1.1597211220799393e-07,1.1598041053202738e-07,1.1598870238957634e-07,1.1599698779007101e-07,1.1600526674123242e-07,1.1601353925152959e-07,1.1602180532938533e-07,1.160300649831623e-07,1.1603831822126427e-07,1.1604656505199742e-07,1.1605480548354711e-07,1.1606303952466791e-07,1.1607126718306364e-07,1.1607948846724501e-07,1.1608770338548648e-07,1.1609591194595432e-07,1.1610411415699893e-07,1.161123100268418e-07,1.1612049956363705e-07,1.1612868277515423e-07,1.1613685966973162e-07,1.1614503025638475e-07,1.1615319454269943e-07,1.1616135253679383e-07,1.1616950424664914e-07,1.1617764968044651e-07,1.1618578884622036e-07,1.1619392175215358e-07,1.1620204840622641e-07,1.162101688164515e-07,1.1621828299091356e-07,1.1622639093736514e-07,1.1623449266420555e-07,1.1624258817923959e-07,1.1625067749077747e-07,1.1625876060607521e-07,1.1626683753368286e-07,1.162749082809987e-07,1.1628297285615414e-07,1.1629103126711397e-07,1.1629908352167287e-07,1.1630712962773638e-07,1.1631516959315971e-07,1.1632320342617817e-07,1.1633123113378348e-07,1.1633925272422607e-07,1.1634726820522879e-07,1.1635527758474681e-07,1.163632808707172e-07,1.163712780700365e-07,1.1637926919154891e-07,1.1638725424246802e-07,1.1639523323017509e-07,1.1640320616253075e-07,1.1641117304750543e-07,1.1641913389251855e-07,1.1642708870579174e-07,1.1643503749411545e-07,1.1644298026538641e-07,1.1645091702784417e-07,1.164588477882249e-07,1.1646677255455825e-07,1.1647469133418923e-07,1.1648260413463777e-07,1.1649051096400894e-07,1.1649841182980611e-07,1.1650630673883219e-07,1.1651419569905031e-07,1.1652207871783588e-07,1.1652995580272691e-07,1.1653782696122887e-07,1.1654569220077599e-07,1.1655355152877585e-07,1.1656140495329134e-07,1.1656925248046271e-07,1.1657709411890424e-07,1.1658492987584796e-07,1.1659275975733879e-07,1.1660058377167601e-07,1.1660840192681722e-07,1.1661621422889924e-07,1.1662402068583037e-07,1.1663182130543309e-07,1.1663961609405124e-07,1.1664740506011602e-07,1.1665518820943493e-07,1.1666296555002621e-07,1.1667073708908177e-07,1.166785028339804e-07,1.1668626279232534e-07,1.1669401697029313e-07,1.1670176537571902e-07,1.1670950801582334e-07,1.1671724489755724e-07,1.1672497602818808e-07,1.167327014148227e-07,1.1674042106478197e-07,1.167481349849302e-07,1.1675584318249182e-07,1.167635456645548e-07,1.1677124243830542e-07,1.167789335107178e-07,1.1678661888894071e-07,1.1679429857983308e-07,1.1680197259034364e-07,1.1680964092779413e-07,1.1681730359958156e-07,1.1682496061158753e-07,1.1683261197156013e-07,1.1684025768616195e-07,1.1684789776255246e-07,1.1685553220781548e-07,1.168631610284957e-07,1.1687078423218491e-07,1.1687840182492203e-07,1.1688601381363469e-07,1.1689362020612131e-07,1.1690122100871352e-07,1.1690881622897053e-07,1.1691640587230468e-07,1.1692398994616266e-07,1.1693156845777178e-07,1.1693914141379939e-07,1.1694670882145259e-07,1.1695427068641856e-07,1.1696182701622521e-07,1.1696937781745834e-07,1.1697692309696408e-07,1.1698446286136378e-07,1.169919971176514e-07,1.169995258724131e-07,1.1700704913228369e-07,1.1701456690396247e-07,1.1702207919441042e-07,1.1702958601002887e-07,1.170370873577432e-07,1.1704458324390051e-07,1.1705207367525188e-07,1.1705955865844718e-07,1.1706703820009607e-07,1.1707451230683686e-07,1.1708198098522035e-07,1.170894442419671e-07,1.1709690208350834e-07,1.1710435451661735e-07,1.1711180154752857e-07,1.1711924318294432e-07,1.171266794293969e-07,1.1713411029343119e-07,1.1714153578150989e-07,1.1714895590014809e-07,1.1715637065581843e-07,1.1716378005504041e-07,1.1717118410423498e-07,1.1717858280989129e-07,1.1718597617842883e-07,1.1719336421630371e-07,1.1720074692988668e-07,1.172081243253583e-07,1.1721549640966091e-07,1.1722286318892442e-07,1.1723022466950774e-07,1.1723758085725802e-07,1.1724493175955417e-07,1.1725227738222324e-07,1.1725961773084857e-07,1.1726695281334883e-07,1.1727428263502232e-07,1.1728160720252368e-07,1.1728892652162571e-07,1.172962405993865e-07,1.173035494415628e-07,1.1731085305456023e-07,1.1731815144418912e-07,1.1732544461743725e-07,1.1733273258026813e-07,1.173400153386423e-07,1.1734729289894118e-07,1.1735456526751735e-07,1.1736183245067132e-07,1.1736909445402534e-07,1.173763512839351e-07,1.173836029465356e-07,1.1739084944814395e-07,1.1739809079498404e-07,1.1740532699293064e-07,1.1741255804854291e-07,1.174197839673677e-07,1.1742700475552558e-07,1.1743422041923635e-07,1.1744143096472529e-07,1.1744863639807819e-07,1.1745583672510587e-07,1.1746303195197565e-07,1.1747022208534835e-07,1.174774071299795e-07,1.1748458709312914e-07,1.1749176197959204e-07,1.1749893179596509e-07,1.175060965485428e-07,1.1751325624268251e-07,1.1752041088464538e-07,1.1752756048037413e-07,1.1753470503602302e-07,1.1754184455702576e-07,1.1754897904957565e-07,1.1755610851978572e-07,1.1756323297335476e-07,1.1757035241621664e-07,1.175774668543212e-07,1.1758457629343205e-07,1.175916807392118e-07,1.1759878019809524e-07,1.1760587467567238e-07,1.1761296417765587e-07,1.1762004870994634e-07,1.1762712827834211e-07,1.1763420288860043e-07,1.176412725466978e-07,1.176483372580564e-07,1.1765539702894981e-07,1.1766245186487449e-07,1.176695017719885e-07,1.1767654675534157e-07,1.1768358682097427e-07,1.1769062197465025e-07,1.1769765222209743e-07,1.1770467756892395e-07,1.1771169802106075e-07,1.1771871358442313e-07,1.1772572426396195e-07,1.1773273006580326e-07,1.1773973099551505e-07,1.1774672705887193e-07,1.1775371826142593e-07,1.1776070460880597e-07,1.1776768610666921e-07,1.1777466276062375e-07,1.1778163457618226e-07,1.1778860155917258e-07,1.1779556371509835e-07,1.1780252105008026e-07,1.1780947356853333e-07,1.1781642127671539e-07,1.1782336418005846e-07,1.1783030228449166e-07,1.178372355948493e-07,1.1784416411702188e-07,1.1785108785635288e-07,1.1785800681872053e-07,1.1786492100894858e-07,1.178718304333825e-07,1.1787873509721857e-07,1.1788563500585894e-07,1.1789253016481337e-07,1.1789942057946956e-07,1.1790630625530814e-07,1.1791318719776795e-07,1.1792006341215086e-07,1.1792693490404048e-07,1.1793380167893449e-07,1.179406637421085e-07,1.1794752109901978e-07,1.1795437375493848e-07,1.1796122171538305e-07,1.1796806498555662e-07,1.1797490357098225e-07,1.1798173747691874e-07,1.1798856670884222e-07,1.1799539127200255e-07,1.1800221117171458e-07,1.1800902641332215e-07,1.1801583700220751e-07,1.1802264294350543e-07,1.1802944424256463e-07,1.1803624090552871e-07,1.1804303293561578e-07,1.1804982033973503e-07,1.1805660312275534e-07,1.1806338128983465e-07,1.1807015484637879e-07,1.1807692379809557e-07,1.1808368814896728e-07,1.1809044790519227e-07,1.1809720307158143e-07,1.1810395365340971e-07,1.1811069965589649e-07,1.1811744108417133e-07,1.1812417794352468e-07,1.1813091023914636e-07,1.1813763797602724e-07,1.1814436115945734e-07,1.1815107979484502e-07,1.1815779388667054e-07,1.1816450344046367e-07,1.1817120846127737e-07,1.1817790895415158e-07,1.1818460492430759e-07,1.1819129637731942e-07,1.1819798331731187e-07,1.1820466574983209e-07,1.1821134368026614e-07,1.1821801711300003e-07,1.1822468605344144e-07,1.1823135050655201e-07,1.1823801047745611e-07,1.182446659711818e-07,1.1825131699275108e-07,1.1825796354718339e-07,1.182646056394859e-07,1.1827124327465175e-07,1.1827787645767364e-07,1.1828450519354277e-07,1.1829112948742743e-07,1.1829774934398288e-07,1.1830436476820713e-07,1.1831097576513194e-07,1.18317582339702e-07,1.1832418449693294e-07,1.1833078224173424e-07,1.1833737557883233e-07,1.1834396451327569e-07,1.1835054904997515e-07,1.1835712919382074e-07,1.1836370494985553e-07,1.183702763227732e-07,1.1837684331739357e-07,1.1838340593867939e-07,1.1838996419149447e-07,1.1839651808083919e-07,1.184030676113015e-07,1.1840961278809536e-07,1.1841615361559127e-07,1.1842269009869164e-07,1.184292222425187e-07,1.1843575005171693e-07,1.184422735310059e-07,1.1844879268522771e-07,1.184553075191386e-07,1.1846181803748773e-07,1.1846832424513307e-07,1.1847482614688488e-07,1.1848132374731773e-07,1.1848781705120651e-07,1.1849430606322452e-07,1.185007907882237e-07,1.1850727123117487e-07,1.1851374739645533e-07,1.1852021928900763e-07,1.1852668691343273e-07,1.185331502744194e-07,1.1853960937682341e-07,1.1854606422498723e-07,1.1855251482375262e-07,1.1855896117779795e-07,1.1856540329176493e-07,1.1857184117033318e-07,1.1857827481795066e-07,1.1858470423963627e-07,1.1859112943967942e-07,1.1859755042300274e-07,1.1860396719406821e-07,1.1861037975749418e-07,1.1861678811787841e-07,1.1862319227982276e-07,1.1862959224791008e-07,1.1863598802667962e-07,1.1864237962082083e-07,1.1864876703518237e-07,1.1865515027360374e-07,1.1866152934102415e-07,1.1866790424200112e-07,1.1867427498107899e-07,1.1868064156271998e-07,1.1868700399182193e-07,1.18693362272366e-07,1.1869971640896049e-07,1.1870606640658579e-07,1.1871241226879895e-07,1.1871875400091578e-07,1.1872509160719783e-07,1.1873142509256602e-07,1.1873775446057286e-07,1.1874407971616108e-07,1.1875040086421568e-07,1.1875671790826605e-07,1.1876303085321701e-07,1.187693397035089e-07,1.1877564446358993e-07,1.1878194513787442e-07,1.1878824173076143e-07,1.1879453424648279e-07,1.1880082268981495e-07,1.1880710706500769e-07,1.1881338737707973e-07,1.1881966362913589e-07,1.188259358261812e-07,1.1883220397257825e-07,1.1883846807266702e-07,1.1884472813035103e-07,1.1885098415100631e-07,1.1885723613768575e-07,1.1886348409550206e-07,1.1886972802949822e-07,1.1887596794266052e-07,1.1888220384044401e-07,1.188884357266029e-07,1.1889466360557776e-07,1.1890088748155622e-07,1.1890710735872835e-07,1.1891332324127267e-07,1.1891953513385131e-07,1.1892574304010762e-07,1.1893194696518998e-07,1.1893814691290762e-07,1.1894434288755117e-07,1.1895053489354895e-07,1.1895672293487228e-07,1.1896290701583603e-07,1.1896908714049108e-07,1.1897526331260303e-07,1.1898143553762668e-07,1.1898760381917169e-07,1.1899376816147802e-07,1.1899992856861685e-07,1.1900608504487609e-07,1.1901223759406936e-07,1.1901838622103994e-07,1.1902453092950382e-07,1.1903067172381004e-07,1.190368086080934e-07,1.1904294158647177e-07,1.190490706631214e-07,1.1905519584212371e-07,1.1906131712762633e-07,1.1906743452371591e-07,1.1907354803461974e-07,1.19079657664306e-07,1.1908576341698058e-07,1.1909186529679151e-07,1.1909796330785392e-07,1.1910405745410462e-07,1.1911014773971104e-07,1.1911623416867219e-07,1.1912231674529956e-07,1.1912839547327234e-07,1.1913447035699001e-07,1.1914054140040871e-07,1.1914660860775502e-07,1.1915267198275051e-07,1.1915873152971298e-07,1.1916478725253218e-07,1.1917083915508396e-07,1.1917688724168456e-07,1.1918293151621567e-07,1.1918897198263383e-07,1.191950086450015e-07,1.1920104150723603e-07,1.1920707057363495e-07,1.1921309584771698e-07,1.192191173336759e-07,1.1922513503548409e-07,1.1923114895708428e-07,1.19237159102484e-07,1.1924316547554123e-07,1.192491680803213e-07,1.1925516692066087e-07,1.1926116200058657e-07,1.1926715332398603e-07,1.1927314089476065e-07,1.1927912471689138e-07,1.1928510479430224e-07,1.192910811308183e-07,1.1929705373038745e-07,1.1930302259685009e-07,1.1930898773419705e-07,1.1931494914613937e-07,1.1932090683680716e-07,1.1932686080997464e-07,1.1933281106944916e-07,1.1933875761912346e-07,1.1934470046338487e-07,1.1935063960504787e-07,1.1935657504853787e-07,1.1936250679777318e-07,1.1936843485615269e-07,1.1937435922787277e-07,1.1938027991667312e-07,1.1938619692638782e-07,1.1939211026079558e-07,1.193980199238302e-07,1.1940392591908053e-07,1.1940982825045448e-07,1.1941572692161417e-07,1.1942162193672807e-07,1.194275132991717e-07,1.1943340101285437e-07,1.194392850813447e-07,1.1944516550879955e-07,1.194510422988069e-07,1.1945691545507765e-07,1.1946278498139217e-07,1.194686508814381e-07,1.1947451315900938e-07,1.1948037181781156e-07,1.1948622686156884e-07,1.1949207829368606e-07,1.194979261185087e-07,1.1950377033981228e-07,1.1950961096059797e-07,1.1951544798485916e-07,1.1952128141632986e-07,1.195271112586642e-07,1.1953293751555986e-07,1.1953876019080918e-07,1.1954457928786127e-07,1.1955039481060945e-07,1.1955620676295656e-07,1.1956201514773935e-07,1.195678199691093e-07,1.1957362123089074e-07,1.195794189362169e-07,1.195852130889709e-07,1.1959100369311095e-07,1.195967907516588e-07,1.1960257426908022e-07,1.1960835424815647e-07,1.1961413069291961e-07,1.19619903606469e-07,1.196256729926548e-07,1.1963143885553932e-07,1.1963720119839528e-07,1.196429600247492e-07,1.1964871533820796e-07,1.196544671421364e-07,1.1966021544019017e-07,1.1966596023591482e-07,1.1967170153319624e-07,1.1967743933541054e-07,1.196831736458063e-07,1.1968890446865147e-07,1.196946318068654e-07,1.1970035566468042e-07,1.197060760445425e-07,1.1971179295130188e-07,1.197175063870464e-07,1.1972321635589795e-07,1.1972892286128714e-07,1.1973462590686796e-07,1.1974032549610526e-07,1.1974602163261787e-07,1.1975171431959484e-07,1.1975740356043224e-07,1.1976308935906202e-07,1.197687717185304e-07,1.1977445064285922e-07,1.1978012613512077e-07,1.1978579819904895e-07,1.197914668376822e-07,1.1979713205462875e-07,1.1980279385339072e-07,1.1980845223736252e-07,1.1981410721002416e-07,1.1981975877457303e-07,1.1982540693477309e-07,1.198310516940477e-07,1.198366930556444e-07,1.1984233102285827e-07,1.1984796559932839e-07,1.1985359678838706e-07,1.1985922459336766e-07,1.198648490176776e-07,1.1987047006479282e-07,1.1987608773793672e-07,1.1988170204058166e-07,1.1988731297615138e-07,1.198929205479014e-07,1.1989852475920048e-07,1.1990412561344767e-07,1.1990972311392508e-07,1.1991531726380562e-07,1.1992090806693756e-07,1.1992649552639247e-07,1.1993207964549627e-07,1.1993766042769418e-07,1.1994323787589026e-07,1.1994881199391194e-07,1.1995438278505332e-07,1.1995995025226314e-07,1.1996551439912668e-07,1.1997107522882822e-07,1.1997663274468228e-07,1.199821869499017e-07,1.1998773784790245e-07,1.199932854419121e-07,1.1999882973521436e-07,1.200043707310375e-07,1.2000990843276894e-07,1.2001544284364103e-07,1.200209739667684e-07,1.2002650180551212e-07,1.200320263632353e-07,1.2003754764305934e-07,1.200430656481775e-07,1.200485803819452e-07,1.2005409184741642e-07,1.2005960004795854e-07,1.2006510498674957e-07,1.2007060666703034e-07,1.200761050920158e-07,1.2008160026498278e-07,1.2008709218909079e-07,1.2009258086755169e-07,1.2009806630354098e-07,1.2010354850014117e-07,1.201090274607384e-07,1.2011450318828831e-07,1.2011997568618095e-07,1.2012544495744734e-07,1.2013091100531746e-07,1.2013637383295562e-07,1.2014183344352937e-07,1.2014728984018658e-07,1.2015274302619666e-07,1.201581930045988e-07,1.2016363977846307e-07,1.2016908335101353e-07,1.2017452372539266e-07,1.2017996090471043e-07,1.2018539489215298e-07,1.2019082569074962e-07,1.2019625330370402e-07,1.2020167773403933e-07,1.2020709898491752e-07,1.2021251705963293e-07,1.2021793196126647e-07,1.2022334369240627e-07,1.2022875225649315e-07,1.2023415765687514e-07,1.2023955989612082e-07,1.2024495897731276e-07,1.2025035490398199e-07,1.2025574767898637e-07,1.202611373053779e-07,1.2026652378625274e-07,1.2027190712452934e-07,1.202772873235439e-07,1.2028266438619058e-07,1.2028803831551115e-07,1.2029340911455727e-07,1.202987767863941e-07,1.2030414133400902e-07,1.20309502760475e-07,1.203148610689101e-07,1.20320216262095e-07,1.203255683432665e-07,1.2033091731526236e-07,1.2033626318124475e-07,1.2034160594409927e-07,1.203469456068788e-07,1.2035228217264353e-07,1.2035761564420803e-07,1.2036294602444555e-07,1.2036827331674704e-07,1.2037359752400077e-07,1.2037891864897027e-07,1.203842366946573e-07,1.203895516642703e-07,1.2039486356080288e-07,1.2040017238693578e-07,1.2040547814574373e-07,1.2041078084018143e-07,1.204160804732264e-07,1.2042137704773164e-07,1.204266705668662e-07,1.2043196103327597e-07,1.2043724845006977e-07,1.2044253282010822e-07,1.2044781414633053e-07,1.2045309243168705e-07,1.2045836767909063e-07,1.2046363989141551e-07,1.204689090715888e-07,1.2047417522251052e-07,1.2047943834721503e-07,1.2048469844826506e-07,1.204899555288493e-07,1.204952095917837e-07,1.2050046063997786e-07,1.205057086763121e-07,1.2051095370365208e-07,1.2051619572482757e-07,1.205214347427645e-07,1.205266707601872e-07,1.2053190378008773e-07,1.2053713380556263e-07,1.2054236083928726e-07,1.2054758488365394e-07,1.2055280594191145e-07,1.2055802401727552e-07,1.205632391121858e-07,1.2056845122948028e-07,1.2057366037191302e-07,1.2057886654241197e-07,1.205840697438191e-07,1.2058926997912018e-07,1.2059446725071913e-07,1.2059966156170127e-07,1.2060485291483199e-07,1.206100413129433e-07,1.2061522675881867e-07,1.2062040925523012e-07,1.2062558880499324e-07,1.2063076541092447e-07,1.2063593907578315e-07,1.206411098023786e-07,1.206462775934847e-07,1.2065144245184742e-07,1.20656604380424e-07,1.206617633816362e-07,1.2066691945844118e-07,1.206720726136348e-07,1.206772228499082e-07,1.2068237017012163e-07,1.2068751457688594e-07,1.206926560728432e-07,1.206977946614198e-07,1.207029303444545e-07,1.2070806312506422e-07,1.2071319300614662e-07,1.207183199901276e-07,1.2072344407971534e-07,1.2072856527796236e-07,1.207336835873716e-07,1.2073879901073375e-07,1.2074391155066944e-07,1.2074902121003565e-07,1.207541279913611e-07,1.207592318976649e-07,1.2076433293128154e-07,1.207694310949549e-07,1.2077452639143936e-07,1.207796188234231e-07,1.2078470839371992e-07,1.2078979510492124e-07,1.2079487895966305e-07,1.207999599606804e-07,1.208050381104386e-07,1.2081011341214076e-07,1.2081518586770613e-07,1.2082025548058796e-07,1.208253222526446e-07,1.2083038618688856e-07,1.2083544728587385e-07,1.2084050555242615e-07,1.2084556098925678e-07,1.2085061359862315e-07,1.208556633834504e-07,1.2086071034628755e-07,1.2086575448984132e-07,1.2087079581664447e-07,1.2087583432937277e-07,1.208808700306432e-07,1.2088590292308923e-07,1.2089093300911515e-07,1.2089596029171115e-07,1.2090098477306545e-07,1.2090600645593947e-07,1.209110253421554e-07,1.209160414359415e-07,1.2092105473904131e-07,1.2092606525411254e-07,1.2093107298361435e-07,1.2093607793019928e-07,1.2094108009641437e-07,1.2094607948487946e-07,1.2095107609814107e-07,1.2095606993879343e-07,1.2096106100933134e-07,1.2096604931236687e-07,1.2097103485044972e-07,1.2097601762604347e-07,1.2098099764167363e-07,1.2098597490018927e-07,1.209909494041223e-07,1.2099592115564917e-07,1.210008901570342e-07,1.2100585641161092e-07,1.2101081992167267e-07,1.2101578068953567e-07,1.2102073871784204e-07,1.2102569400923654e-07,1.2103064656604018e-07,1.210355963910114e-07,1.2104054348620947e-07,1.2104548785447503e-07,1.2105042949841648e-07,1.210553684204061e-07,1.210603046226738e-07,1.2106523810787618e-07,1.2107016887806234e-07,1.2107509693715963e-07,1.2108002228634713e-07,1.2108494492832488e-07,1.2108986486586267e-07,1.2109478210121844e-07,1.2109969663731363e-07,1.2110460847576838e-07,1.2110951761968584e-07,1.2111442407139774e-07,1.2111932783333225e-07,1.2112422890793769e-07,1.2112912729765737e-07,1.2113402300529844e-07,1.2113891603266283e-07,1.2114380638248538e-07,1.2114869405725045e-07,1.2115357905936304e-07,1.2115846139127595e-07,1.2116334105503285e-07,1.2116821805365299e-07,1.2117309238973316e-07,1.2117796406468185e-07,1.2118283308190495e-07,1.2118769944346098e-07,1.211925631514741e-07,1.2119742420910062e-07,1.2120228261811056e-07,1.2120713838106051e-07,1.2121199150039422e-07,1.212168419785074e-07,1.2122168981780815e-07,1.2122653502097456e-07,1.2123137758970188e-07,1.2123621752686985e-07,1.2124105483461254e-07,1.2124588951563779e-07,1.212507215719253e-07,1.2125555100627302e-07,1.2126037782042085e-07,1.2126520201730725e-07,1.2127002359865224e-07,1.212748425677314e-07,1.21279658926233e-07,1.2128447267693265e-07,1.212892838220969e-07,1.2129409236400986e-07,1.2129889830490537e-07,1.2130370164733007e-07,1.2130850239340513e-07,1.2131330054566622e-07,1.213180961062318e-07,1.213228890775723e-07,1.2132767946197319e-07,1.2133246726176975e-07,1.2133725247928394e-07,1.213420351168837e-07,1.2134681517696837e-07,1.2135159266169196e-07,1.2135636757330716e-07,1.2136113991392973e-07,1.213659096864093e-07,1.2137067689273657e-07,1.2137544153532887e-07,1.21380203615918e-07,1.2138496313770945e-07,1.2138972010261986e-07,1.2139447451291734e-07,1.2139922637113615e-07,1.2140397567906413e-07,1.2140872243882908e-07,1.214134666536716e-07,1.2141820832506983e-07,1.2142294745550487e-07,1.2142768404717292e-07,1.214324181021344e-07,1.2143714962314532e-07,1.2144187861247077e-07,1.214466050720549e-07,1.2145132900424509e-07,1.2145605041128534e-07,1.214607692954573e-07,1.2146548565907863e-07,1.2147019950414906e-07,1.2147491083333858e-07,1.2147961964847068e-07,1.2148432595182142e-07,1.2148902974568213e-07,1.2149373103245382e-07,1.2149842981410188e-07,1.2150312609295753e-07,1.2150781987120008e-07,1.2151251115114174e-07,1.2151719993496383e-07,1.2152188622483283e-07,1.2152657002296365e-07,1.215312513316846e-07,1.215359301530688e-07,1.215406064893031e-07,1.2154528034258817e-07,1.2154995171522293e-07,1.2155462060934185e-07,1.215592870268378e-07,1.215639509706492e-07,1.21568612442084e-07,1.2157327144407042e-07,1.215779279785471e-07,1.2158258204765688e-07,1.215872336534217e-07,1.2159188279808944e-07,1.2159652948407844e-07,1.2160117371317212e-07,1.2160581548766154e-07,1.2161045480974652e-07,1.2161509168162108e-07,1.2161972610539362e-07,1.2162435808291876e-07,1.2162898761682847e-07,1.216336147094726e-07,1.2163823936238638e-07,1.21642861578183e-07,1.2164748135857388e-07,1.21652098706123e-07,1.216567136225026e-07,1.216613261099783e-07,1.2166593617083612e-07,1.2167054380708498e-07,1.2167514902111833e-07,1.2167975181460163e-07,1.2168435218984414e-07,1.216889501490641e-07,1.2169354569417367e-07,1.2169813882767568e-07,1.2170272955143553e-07,1.217073178675045e-07,1.2171190377804676e-07,1.2171648728524292e-07,1.2172106839108431e-07,1.2172564709766142e-07,1.2173022340710175e-07,1.2173479732136994e-07,1.2173936884297652e-07,1.2174393797386143e-07,1.2174850471545955e-07,1.2175306907052095e-07,1.217576310409105e-07,1.2176219062875465e-07,1.2176674783610653e-07,1.217713026650209e-07,1.2177585511755787e-07,1.217804051958046e-07,1.2178495290205654e-07,1.2178949823792916e-07,1.2179404120572856e-07,1.217985818067997e-07,1.2180312004455082e-07,1.2180765592057978e-07,1.2181218943642904e-07,1.2181672059438616e-07,1.2182124939651308e-07,1.2182577584490194e-07,1.218302999415681e-07,1.2183482168847512e-07,1.2183934108770322e-07,1.218438581413348e-07,1.2184837285135193e-07,1.2185288521978152e-07,1.21857395248311e-07,1.218619029396395e-07,1.218664082954868e-07,1.2187091131805276e-07,1.2187541200886874e-07,1.2187991037011011e-07,1.218844064038691e-07,1.2188890011229433e-07,1.2189339149719906e-07,1.218978805606751e-07,1.2190236730460682e-07,1.219068517309614e-07,1.2191133384234632e-07,1.21915813639882e-07,1.2192029112589132e-07,1.2192476630242687e-07,1.219292391714254e-07,1.2193370973430402e-07,1.2193817799410584e-07,1.2194264395177034e-07,1.219471076103739e-07,1.2195156897104752e-07,1.2195602803598146e-07,1.2196048480753654e-07,1.2196493928737171e-07,1.2196939147739498e-07,1.2197384137963629e-07,1.2197828899594544e-07,1.219827343289282e-07,1.2198717737972617e-07,1.219916181501798e-07,1.2199605664264717e-07,1.22000492858643e-07,1.2200492680153858e-07,1.2200935847148783e-07,1.2201378787116141e-07,1.2201821500295372e-07,1.2202263986781312e-07,1.220270624682766e-07,1.2203148280615253e-07,1.220359008841359e-07,1.220403167028369e-07,1.220447302646197e-07,1.2204914157157849e-07,1.220535506256539e-07,1.220579574284609e-07,1.220623619823444e-07,1.2206676428927813e-07,1.2207116435070499e-07,1.2207556216874025e-07,1.2207995774542938e-07,1.2208435108248256e-07,1.220887421818697e-07,1.2209313104562178e-07,1.2209751767527963e-07,1.22101902073193e-07,1.2210628424067535e-07,1.221106641801814e-07,1.2211504189346737e-07,1.2211941738217448e-07,1.221237906483651e-07,1.221281616939902e-07,1.2213253052080786e-07,1.2213689713076235e-07,1.2214126152562392e-07,1.22145623707316e-07,1.2214998367784464e-07,1.2215434143883032e-07,1.2215869699223013e-07,1.2216305033995157e-07,1.221674014842186e-07,1.2217175042610388e-07,1.2217609716790951e-07,1.2218044171144493e-07,1.221847840589412e-07,1.2218912421188154e-07,1.221934621716838e-07,1.2219779794060208e-07,1.2220213152050018e-07,1.2220646291321985e-07,1.222107921205752e-07,1.2221511914430317e-07,1.2221944398641625e-07,1.2222376664883864e-07,1.2222808713319844e-07,1.222324054412414e-07,1.2223672157466474e-07,1.2224103553592144e-07,1.2224534732648423e-07,1.2224965694804795e-07,1.2225396440228756e-07,1.222582696913736e-07,1.2226257281714668e-07,1.2226687378123017e-07,1.2227117258563544e-07,1.2227546923192544e-07,1.222797637220689e-07,1.2228405605760142e-07,1.2228834624067234e-07,1.2229263427245634e-07,1.2229692015525383e-07,1.2230120389121757e-07,1.2230548548167944e-07,1.2230976492823612e-07,1.2231404223335608e-07,1.223183173980477e-07,1.2232259042459096e-07,1.223268613146114e-07,1.2233113006995077e-07,1.2233539669227412e-07,1.2233966118330895e-07,1.223439235446945e-07,1.2234818377877303e-07,1.2235244188698177e-07,1.2235669787108667e-07,1.223609517328252e-07,1.2236520347397136e-07,1.223694530963367e-07,1.2237370060163223e-07,1.2237794599145672e-07,1.2238218926791987e-07,1.223864304324288e-07,1.2239066948696127e-07,1.2239490643332653e-07,1.2239914127307836e-07,1.2240337400803265e-07,1.2240760463991067e-07,1.224118331704753e-07,1.224160596017041e-07,1.2242028393485494e-07,1.22424506171869e-07,1.2242872631450262e-07,1.2243294436461304e-07,1.2243716032366868e-07,1.2244137419344648e-07,1.2244558597570777e-07,1.2244979567236373e-07,1.2245400328499424e-07,1.2245820881541825e-07,1.2246241226514181e-07,1.2246661363598599e-07,1.2247081292966243e-07,1.2247501014788997e-07,1.2247920529229924e-07,1.2248339836479132e-07,1.2248758936682744e-07,1.2249177830028313e-07,1.2249596516675447e-07,1.2250014996798288e-07,1.2250433270567361e-07,1.225085133816551e-07,1.2251269199742026e-07,1.2251686855466288e-07,1.2252104305518863e-07,1.2252521550069987e-07,1.225293858926911e-07,1.2253355423302567e-07,1.2253772052332252e-07,1.2254188476526096e-07,1.2254604696046236e-07,1.2255020711077397e-07,1.225543652177063e-07,1.2255852128291685e-07,1.2256267530820156e-07,1.2256682729516888e-07,1.225709772454909e-07,1.2257512516081352e-07,1.2257927104287928e-07,1.2258341489320395e-07,1.225875567135243e-07,1.2259169650549886e-07,1.2259583427077195e-07,1.2259997001099538e-07,1.2260410372776042e-07,1.226082354227798e-07,1.2261236509770712e-07,1.226164927542346e-07,1.2262061839395173e-07,1.2262474201850827e-07,1.226288636295311e-07,1.2263298322865972e-07,1.226371008175362e-07,1.2264121639771567e-07,1.226453299709145e-07,1.2264944153881122e-07,1.2265355110297744e-07,1.2265765866496617e-07,1.226617642265433e-07,1.2266586778926206e-07,1.226699693546784e-07,1.226740689245454e-07,1.2267816650041018e-07,1.226822620838886e-07,1.2268635567653488e-07,1.2269044728002025e-07,1.22694536896017e-07,1.2269862452600152e-07,1.2270271017176268e-07,1.2270679383479264e-07,1.2271087551665528e-07,1.2271495521898652e-07,1.2271903294339344e-07,1.2272310869140436e-07,1.2272718246474462e-07,1.2273125426498424e-07,1.2273532409362954e-07,1.2273939195231714e-07,1.2274345784266318e-07,1.227475217662363e-07,1.2275158372449815e-07,1.2275564371922356e-07,1.2275970175192655e-07,1.2276375782414246e-07,1.227678119375165e-07,1.227718640935474e-07,1.2277591429384263e-07,1.2277996254002979e-07,1.2278400883360276e-07,1.2278805317614305e-07,1.22792095569268e-07,1.22796136014509e-07,1.228001745134237e-07,1.228042110675954e-07,1.2280824567851385e-07,1.2281227834779046e-07,1.228163090770254e-07,1.2282033786769255e-07,1.2282436472137877e-07,1.2282838963963203e-07,1.2283241262391222e-07,1.228364336759177e-07,1.2284045279717437e-07,1.2284446998919868e-07,1.228484852535279e-07,1.2285249859178335e-07,1.2285651000533945e-07,1.2286051949583017e-07,1.2286452706475118e-07,1.2286853271365475e-07,1.2287253644418757e-07,1.2287653825766415e-07,1.2288053815572067e-07,1.2288453613989624e-07,1.2288853221169294e-07,1.2289252637265939e-07,1.2289651862429173e-07,1.2290050896812302e-07,1.2290449740571648e-07,1.2290848393856217e-07,1.229124685681545e-07,1.2291645129594972e-07,1.2292043212347792e-07,1.229244110524489e-07,1.2292838808421962e-07,1.229323632202542e-07,1.229363364620777e-07,1.2294030781099634e-07,1.2294427726883268e-07,1.2294824483737583e-07,1.229522105173311e-07,1.2295617431066413e-07,1.2296013621877066e-07,1.2296409624320388e-07,1.229680543854537e-07,1.229720106468787e-07,1.229759650290886e-07,1.229799175337619e-07,1.2298386816196946e-07,1.2298781691540567e-07,1.2299176379558502e-07,1.2299570880410653e-07,1.2299965194213075e-07,1.230035932112427e-07,1.2300753261299958e-07,1.2301147014877398e-07,1.2301540582014765e-07,1.2301933962861024e-07,1.2302327157549817e-07,1.2302720166240472e-07,1.2303112989067545e-07,1.2303505626192e-07,1.2303898077748718e-07,1.230429034389047e-07,1.2304682424760089e-07,1.230507432050746e-07,1.2305466031279044e-07,1.230585755721359e-07,1.230624889845232e-07,1.2306640055180538e-07,1.230703102747363e-07,1.2307421815511074e-07,1.230781241944155e-07,1.2308202839366014e-07,1.230859307550668e-07,1.2308983127968959e-07,1.230937299693506e-07,1.2309762682479738e-07,1.2310152184775943e-07,1.231054150395386e-07,1.2310930640171328e-07,1.2311319593588206e-07,1.231170836432357e-07,1.231209695254016e-07,1.2312485358368972e-07,1.2312873581954716e-07,1.2313261623438562e-07,1.2313649482956635e-07,1.2314037160688087e-07,1.2314424656720913e-07,1.2314811971219506e-07,1.2315199104312045e-07,1.2315586056168215e-07,1.2315972826915538e-07,1.2316359416695585e-07,1.2316745825674723e-07,1.2317132053944194e-07,1.2317518101666488e-07,1.2317903968984328e-07,1.2318289656043196e-07,1.2318675162971632e-07,1.2319060489896623e-07,1.231944563700208e-07,1.2319830604402262e-07,1.2320215392237432e-07,1.232060000064693e-07,1.232098442977189e-07,1.2321368679775088e-07,1.2321752750747122e-07,1.232213664285183e-07,1.2322520356225225e-07,1.2322903891010432e-07,1.2323287247341496e-07,1.2323670425359692e-07,1.2324053425202472e-07,1.2324436247006004e-07,1.232481889090648e-07,1.2325201357050474e-07,1.232558364556782e-07,1.2325965756600635e-07,1.2326347690283552e-07,1.2326729446754844e-07,1.2327111026149765e-07,1.2327492428605844e-07,1.232787365426066e-07,1.2328254703268904e-07,1.23286355757287e-07,1.2329016271795213e-07,1.2329396791603961e-07,1.2329777135292868e-07,1.233015730299362e-07,1.2330537294846954e-07,1.2330917110986821e-07,1.233129675154691e-07,1.2331676216665463e-07,1.2332055506474833e-07,1.2332434621110757e-07,1.2332813560708378e-07,1.2333192325402846e-07,1.233357091534773e-07,1.233394933065494e-07,1.2334327571436735e-07,1.2334705637845264e-07,1.2335083530059234e-07,1.2335461248149493e-07,1.2335838792277377e-07,1.2336216162557318e-07,1.2336593359135138e-07,1.2336970382139983e-07,1.2337347231736423e-07,1.2337723907958438e-07,1.2338100411086605e-07,1.2338476741134508e-07,1.2338852898329032e-07,1.233922888275328e-07,1.2339604694563747e-07,1.23399803338294e-07,1.2340355800741114e-07,1.2340731095414746e-07,1.2341106217971822e-07,1.234148116856894e-07,1.2341855947309476e-07,1.2342230554328153e-07,1.234260498976199e-07,1.2342979253741784e-07,1.2343353346397833e-07,1.2343727267863504e-07,1.2344101018266671e-07,1.2344474597705158e-07,1.2344848006372957e-07,1.2345221244372248e-07,1.2345594311825e-07,1.234596720887561e-07,1.2346339935641626e-07,1.2346712492254337e-07,1.2347084878852924e-07,1.234745709555012e-07,1.2347829142482904e-07,1.234820101978458e-07,1.234857272758225e-07,1.2348944266002919e-07,1.2349315635169008e-07,1.234968683521373e-07,1.2350057866267495e-07,1.2350428728468198e-07,1.2350799421922242e-07,1.2351169946773985e-07,1.2351540303144436e-07,1.2351910491162627e-07,1.235228051094912e-07,1.2352650362694664e-07,1.235302004641493e-07,1.2353389562296808e-07,1.2353758910462884e-07,1.2354128091043825e-07,1.235449710420918e-07,1.2354865949981873e-07,1.2355234628543478e-07,1.235560314003542e-07,1.2355971484561628e-07,1.2356339662250321e-07,1.235670767322936e-07,1.2357075517640422e-07,1.2357443195568183e-07,1.2357810707163446e-07,1.2358178052576105e-07,1.235854523191354e-07,1.2358912245247563e-07,1.2359279092826165e-07,1.2359645774710636e-07,1.2360012290995883e-07,1.2360378641851328e-07,1.2360744827355788e-07,1.236111084766406e-07,1.2361476702877446e-07,1.2361842393169232e-07,1.2362207918596544e-07,1.2362573279304913e-07,1.2362938475447397e-07,1.2363303507085396e-07,1.2363668374406415e-07,1.236403307749298e-07,1.236439761651642e-07,1.2364761991574306e-07,1.236512620278785e-07,1.2365490250278324e-07,1.236585413416617e-07,1.2366217854576434e-07,1.236658141161937e-07,1.236694480543737e-07,1.2367308036114359e-07,1.2367671103834136e-07,1.236803400861254e-07,1.236839675073235e-07,1.236875933020504e-07,1.236912174718539e-07,1.236948400177545e-07,1.2369846094111938e-07,1.237020802431804e-07,1.2370569792502088e-07,1.237093139878733e-07,1.2371292843293775e-07,1.2371654126165475e-07,1.2372015247484203e-07,1.2372376207395377e-07,1.2372737006021232e-07,1.2373097643469583e-07,1.237345811985301e-07,1.2373818435302004e-07,1.2374178589931858e-07,1.2374538583870457e-07,1.2374898417226204e-07,1.23752580901315e-07,1.2375617602724896e-07,1.2375976955070834e-07,1.2376336147307423e-07,1.2376695179564648e-07,1.2377054051967965e-07,1.2377412764630852e-07,1.2377771317666275e-07,1.237812971119343e-07,1.2378487945337555e-07,1.2378846020212088e-07,1.2379203935933227e-07,1.2379561692620558e-07,1.2379919290396988e-07,1.2380276729369286e-07,1.2380634009686087e-07,1.2380991131410117e-07,1.2381348094690027e-07,1.23817048996424e-07,1.2382061546378425e-07,1.2382418035023375e-07,1.2382774365687665e-07,1.238313053849319e-07,1.238348655355295e-07,1.2383842410975525e-07,1.2384198110892477e-07,1.238455365341415e-07,1.238490903865108e-07,1.2385264266724508e-07,1.2385619337752616e-07,1.2385974251838323e-07,1.2386329009161833e-07,1.238668360970237e-07,1.238703805369197e-07,1.2387392341210493e-07,1.238774647236559e-07,1.2388100447287076e-07,1.2388454266081983e-07,1.2388807928863826e-07,1.2389161435751602e-07,1.238951478685644e-07,1.2389867982293787e-07,1.239022102215417e-07,1.2390573906617866e-07,1.239092663573385e-07,1.239127920968234e-07,1.23916316284895e-07,1.2391983892294077e-07,1.2392336001242568e-07,1.2392687955470735e-07,1.2393039755045072e-07,1.2393391400062568e-07,1.23937428906627e-07,1.2394094226966248e-07,1.2394445409077776e-07,1.2394796437109918e-07,1.2395147311178116e-07,1.2395498031394663e-07,1.239584859787036e-07,1.239619901071591e-07,1.239654927004769e-07,1.2396899375972557e-07,1.239724932860565e-07,1.2397599128057748e-07,1.23979487744608e-07,1.2398298267908412e-07,1.2398647608497547e-07,1.2398996796345996e-07,1.2399345831571757e-07,1.239969471428592e-07,1.2400043444618385e-07,1.2400392022642395e-07,1.2400740448487519e-07,1.2401088722265436e-07,1.240143684408582e-07,1.240178481405959e-07,1.2402132632297066e-07,1.2402480298907613e-07,1.240282781400243e-07,1.2403175177700506e-07,1.240352239009347e-07,1.2403869451305836e-07,1.2404216361443844e-07,1.2404563120612357e-07,1.240490972890997e-07,1.240525618647137e-07,1.2405602493390035e-07,1.2405948649783088e-07,1.2406294655753215e-07,1.2406640511417804e-07,1.2406986216877624e-07,1.2407331772239527e-07,1.2407677177620135e-07,1.2408022433120487e-07,1.240836753885601e-07,1.240871249492896e-07,1.2409057301451672e-07,1.240940195853018e-07,1.2409746466270361e-07,1.2410090824785274e-07,1.2410435034178852e-07,1.2410779094557697e-07,1.2411123006032786e-07,1.241146676871149e-07,1.241181038269857e-07,1.2412153848103128e-07,1.2412497165032385e-07,1.2412840333590134e-07,1.2413183353887333e-07,1.2413526226029885e-07,1.2413868950121804e-07,1.2414211526272108e-07,1.241455395458628e-07,1.2414896235169354e-07,1.2415238368130724e-07,1.2415580353573464e-07,1.2415922191607622e-07,1.2416263882336892e-07,1.2416605425862416e-07,1.2416946822296878e-07,1.2417288071740728e-07,1.241762917432419e-07,1.2417970130106766e-07,1.241831093922229e-07,1.2418651601795394e-07,1.2418992117888918e-07,1.2419332487617346e-07,1.241967271109233e-07,1.2420012788439226e-07,1.2420352719714874e-07,1.242069250506962e-07,1.242103214458493e-07,1.2421371638307126e-07,1.2421710986450618e-07,1.2422050189091195e-07,1.242238924630221e-07,1.24227281582126e-07,1.2423066924910515e-07,1.2423405546491093e-07,1.2423744023073695e-07,1.2424082354761175e-07,1.2424420541659639e-07,1.2424758583861494e-07,1.242509648148068e-07,1.2425434234609652e-07,1.2425771843369565e-07,1.2426109307841614e-07,1.2426446628149907e-07,1.242678380437222e-07,1.2427120836616432e-07,1.2427457725004134e-07,1.2427794469625423e-07,1.2428131070600184e-07,1.2428467527999218e-07,1.2428803841934413e-07,1.2429140012511736e-07,1.2429476039829214e-07,1.2429811923993166e-07,1.2430147665107926e-07,1.2430483263268538e-07,1.2430818718580154e-07,1.2431154031143181e-07,1.2431489201064113e-07,1.2431824228449636e-07,1.2432159113384496e-07,1.2432493855969577e-07,1.2432828456312757e-07,1.2433162914518564e-07,1.2433497230688855e-07,1.2433831404912287e-07,1.2434165437293726e-07,1.2434499327927118e-07,1.2434833076925068e-07,1.243516668438446e-07,1.2435500150404536e-07,1.2435833475093407e-07,1.2436166658534484e-07,1.2436499700831864e-07,1.243683260209284e-07,1.2437165362412718e-07,1.2437497981891625e-07,1.243783046063013e-07,1.2438162798726013e-07,1.243849499627509e-07,1.2438827053383573e-07,1.2439158970147037e-07,1.2439490746665594e-07,1.2439822383031843e-07,1.2440153879356582e-07,1.2440485235730513e-07,1.2440816452249717e-07,1.2441147529018713e-07,1.2441478466136984e-07,1.2441809263691492e-07,1.2442139921788437e-07,1.2442470440537892e-07,1.244280082002066e-07,1.2443131060321925e-07,1.244346116157274e-07,1.2443791123838788e-07,1.244412094723983e-07,1.2444450631870103e-07,1.2444780177822232e-07,1.2445109585184476e-07,1.2445438854068822e-07,1.2445767984566974e-07,1.2446096976782257e-07,1.2446425830803442e-07,1.2446754546734375e-07,1.2447083124663156e-07,1.24474115646963e-07,1.2447739866919224e-07,1.2448068031430266e-07,1.2448396058329638e-07,1.2448723947712494e-07,1.244905169966115e-07,1.2449379314308784e-07,1.2449706791758294e-07,1.245003413203675e-07,1.245036133528155e-07,1.2450688401590285e-07,1.2451015331035586e-07,1.2451342123745474e-07,1.2451668779802707e-07,1.2451995299300406e-07,1.2452321682334792e-07,1.2452647929000238e-07,1.2452974039392334e-07,1.245330001358388e-07,1.245362585171337e-07,1.2453951553853658e-07,1.2454277120099228e-07,1.24546025505448e-07,1.2454927845284998e-07,1.2455253004414032e-07,1.2455578028025868e-07,1.2455902916215133e-07,1.245622766907643e-07,1.2456552286702575e-07,1.2456876769187997e-07,1.2457201116625332e-07,1.2457525329108891e-07,1.2457849406734847e-07,1.2458173349594828e-07,1.2458497157780848e-07,1.2458820831416467e-07,1.2459144370593415e-07,1.245946777532572e-07,1.245979104575491e-07,1.246011418196128e-07,1.2460437184067172e-07,1.2460760052164506e-07,1.2461082786319424e-07,1.2461405386650027e-07,1.2461727853231652e-07,1.2462050186163532e-07,1.2462372385525207e-07,1.2462694451432937e-07,1.2463016383967036e-07,1.2463338183220008e-07,1.246365984928562e-07,1.2463981382251764e-07,1.2464302782214337e-07,1.246462404926041e-07,1.246494518348535e-07,1.2465266184978457e-07,1.2465587053856592e-07,1.2465907790163843e-07,1.246622839401545e-07,1.2466548865501278e-07,1.2466869204711426e-07,1.24671894117408e-07,1.2467509486673932e-07,1.2467829429640026e-07,1.2468149240663472e-07,1.246846891986945e-07,1.2468788467338356e-07,1.2469107883175738e-07,1.24694271674706e-07,1.2469746320305474e-07,1.247006534177098e-07,1.2470384231956982e-07,1.2470702990958223e-07,1.2471021618861433e-07,1.2471340115764505e-07,1.2471658481743777e-07,1.247197671689414e-07,1.2472294821306557e-07,1.2472612795071556e-07,1.2472930638275812e-07,1.2473248351012465e-07,1.2473565933366946e-07,1.2473883385432052e-07,1.2474200707301717e-07,1.2474517899053908e-07,1.247483496077972e-07,1.2475151892570317e-07,1.2475468694517027e-07,1.2475785366705648e-07,1.2476101909231243e-07,1.2476418322170584e-07,1.2476734605619413e-07,1.247705075966471e-07,1.247736678439569e-07,1.247768267989926e-07,1.2477998446263034e-07,1.2478314083578768e-07,1.2478629591930341e-07,1.247894497140884e-07,1.247926022209929e-07,1.2479575344091978e-07,1.2479890337471705e-07,1.2480205202327534e-07,1.2480519938747426e-07,1.2480834546825844e-07,1.24811490266348e-07,1.2481463378270295e-07,1.2481777601817424e-07,1.24820916973639e-07,1.248240566499754e-07,1.248271950480482e-07,1.248303321687242e-07,1.2483346801287437e-07,1.248366025813698e-07,1.2483973587505583e-07,1.2484286789481802e-07,1.2484599864150686e-07,1.248491281160111e-07,1.248522563191354e-07,1.2485538325180273e-07,1.2485850891484943e-07,1.2486163330913462e-07,1.248647564355264e-07,1.2486787829486973e-07,1.2487099888804027e-07,1.248741182159274e-07,1.2487723627929656e-07,1.2488035307904602e-07,1.2488346861602776e-07,1.2488658289110075e-07,1.2488969590512044e-07,1.2489280765892908e-07,1.2489591815346424e-07,1.2489902738941776e-07,1.24902135367727e-07,1.2490524208922025e-07,1.2490834755475767e-07,1.2491145176528698e-07,1.2491455472144875e-07,1.2491765642420538e-07,1.2492075687445302e-07,1.2492385607286534e-07,1.249269540204178e-07,1.2493005071793024e-07,1.2493314616621902e-07,1.2493624036616512e-07,1.2493933331858846e-07,1.249424250243277e-07,1.2494551548422825e-07,1.2494860469911967e-07,1.2495169266983838e-07,1.2495477939722138e-07,1.2495786488210663e-07,1.249609491253251e-07,1.2496403212771617e-07,1.2496711389010907e-07,1.2497019441343448e-07,1.249732736983321e-07,1.249763517457229e-07,1.2497942855643465e-07,1.2498250413130647e-07,1.2498557847116307e-07,1.2498865157682225e-07,1.2499172344912833e-07,1.2499479408888794e-07,1.2499786349691765e-07,1.2500093167407883e-07,1.250039986211708e-07,1.2500706433900545e-07,1.2501012882843718e-07,1.2501319209027528e-07,1.2501625412544561e-07,1.2501931493454293e-07,1.2502237451850857e-07,1.2502543287814876e-07,1.250284900142885e-07,1.2503154592773758e-07,1.25034600619104e-07,1.250376540896294e-07,1.2504070633991846e-07,1.250437573708446e-07,1.250468071830909e-07,1.2504985577753776e-07,1.2505290315499093e-07,1.25055949316267e-07,1.250589942621661e-07,1.2506203799364123e-07,1.250650805112216e-07,1.2506812181586463e-07,1.250711619083701e-07,1.250742007895506e-07,1.2507723846019919e-07,1.2508027492101788e-07,1.2508331017300634e-07,1.2508634421692407e-07,1.2508937705350266e-07,1.2509240868357914e-07,1.2509543910791907e-07,1.2509846832742083e-07,1.2510149634276658e-07,1.2510452315484921e-07,1.2510754876441016e-07,1.2511057317220447e-07,1.251135963789649e-07,1.2511661838571584e-07,1.2511963919312313e-07,1.2512265880200696e-07,1.2512567721306256e-07,1.2512869442725883e-07,1.2513171044530538e-07,1.2513472526799336e-07,1.2513773889613452e-07,1.2514075133045288e-07,1.2514376257175577e-07,1.2514677262114215e-07,1.2514978147884652e-07,1.2515278914635973e-07,1.2515579562358649e-07,1.251588009117525e-07,1.2516180501163995e-07,1.2516480792399154e-07,1.2516780964963006e-07,1.25170810189412e-07,1.2517380954402962e-07,1.251768077142941e-07,1.251798047008166e-07,1.251828005046696e-07,1.2518579512653883e-07,1.2518878856713448e-07,1.2519178082729578e-07,1.2519477190775814e-07,1.2519776180930318e-07,1.252007505327019e-07,1.2520373807873903e-07,1.2520672444782716e-07,1.252097096414653e-07,1.2521269366006178e-07,1.252156765043284e-07,1.2521865817509686e-07,1.2522163867322988e-07,1.2522461799936195e-07,1.252275961543185e-07,1.2523057313879797e-07,1.2523354895361716e-07,1.2523652359959926e-07,1.2523949707744515e-07,1.2524246938793374e-07,1.2524544053134873e-07,1.2524841050948594e-07,1.2525137932246268e-07,1.2525434697118958e-07,1.2525731345663426e-07,1.252602787788918e-07,1.2526324293930623e-07,1.2526620593846206e-07,1.252691677771904e-07,1.252721284561168e-07,1.2527508797607205e-07,1.2527804633780608e-07,1.2528100354237108e-07,1.2528395958991097e-07,1.2528691448162164e-07,1.2528986821801773e-07,1.2529282079999733e-07,1.252957722282489e-07,1.252987225035656e-07,1.2530167162669023e-07,1.2530461959838403e-07,1.253075664196154e-07,1.2531051209090885e-07,1.2531345661279604e-07,1.253163999865486e-07,1.2531934221276044e-07,1.2532228329160097e-07,1.2532522322421537e-07,1.2532816201131853e-07,1.2533109965376736e-07,1.2533403615224533e-07,1.2533697150750104e-07,1.2533990572029684e-07,1.2534283879135994e-07,1.2534577072141976e-07,1.2534870151163015e-07,1.253516311619254e-07,1.2535455967347678e-07,1.25357487047135e-07,1.2536041328358917e-07,1.2536333838323306e-07,1.2536626234735533e-07,1.2536918517609082e-07,1.2537210687073347e-07,1.2537502743150816e-07,1.2537794685943567e-07,1.2538086515544734e-07,1.253837823198002e-07,1.2538669835347002e-07,1.2538961325719175e-07,1.2539252703172426e-07,1.253954396778745e-07,1.2539835119613098e-07,1.25401261587361e-07,1.2540417085231066e-07,1.2540707899171446e-07,1.2540998600649355e-07,1.254128918968973e-07,1.2541579666389502e-07,1.2541870030826127e-07,1.2542160283069615e-07,1.254245042318809e-07,1.2542740451281462e-07,1.254303036737234e-07,1.25433201715582e-07,1.254360986391099e-07,1.254389944450297e-07,1.2544188913408856e-07,1.2544478270695416e-07,1.254476751643491e-07,1.2545056650699093e-07,1.2545345673564056e-07,1.2545634585130376e-07,1.2545923385408662e-07,1.2546212074499526e-07,1.2546500652513826e-07,1.254678911948676e-07,1.2547077475448795e-07,1.254736572053081e-07,1.254765385472621e-07,1.2547941878197758e-07,1.2548229790984478e-07,1.2548517593193028e-07,1.2548805284850959e-07,1.2549092865993716e-07,1.2549380336730668e-07,1.2549667697158982e-07,1.2549954947300198e-07,1.2550242087248769e-07,1.2550529117120027e-07,1.2550816036896113e-07,1.2551102846693632e-07,1.2551389546580175e-07,1.2551676136641156e-07,1.2551962616920205e-07,1.2552248987500778e-07,1.2552535248456808e-07,1.2552821399848169e-07,1.2553107441751794e-07,1.2553393374236997e-07,1.255367919736841e-07,1.2553964911221696e-07,1.2554250515865375e-07,1.2554536011381766e-07,1.2554821397814786e-07,1.2555106675247298e-07,1.25553918437486e-07,1.2555676903392634e-07,1.2555961854283164e-07,1.2556246696419808e-07,1.255653142989183e-07,1.2556816054779328e-07,1.2557100571154815e-07,1.2557384979086912e-07,1.2557669278635138e-07,1.255795346987635e-07,1.2558237552875002e-07,1.255852152770729e-07,1.255880539443969e-07,1.2559089153136876e-07,1.255937280387291e-07,1.2559656346691983e-07,1.2559939781702585e-07,1.2560223108951453e-07,1.2560506328516532e-07,1.2560789440455133e-07,1.2561072444844775e-07,1.256135534174568e-07,1.2561638131225656e-07,1.2561920813358268e-07,1.2562203388209844e-07,1.2562485855851466e-07,1.2562768216351228e-07,1.2563050469768311e-07,1.2563332616229465e-07,1.2563614655697313e-07,1.256389658829565e-07,1.2564178414082668e-07,1.2564460133132246e-07,1.2564741745514015e-07,1.2565023251288458e-07,1.2565304650531127e-07,1.2565585943300588e-07,1.2565867129684884e-07,1.2566148209723698e-07,1.25664291834938e-07,1.2566710051061685e-07,1.2566990812486917e-07,1.2567271467856218e-07,1.2567552017242496e-07,1.2567832460686632e-07,1.2568112798261617e-07,1.2568393030038135e-07,1.2568673156082516e-07,1.2568953176474057e-07,1.256923309123602e-07,1.2569512900483156e-07,1.2569792604227887e-07,1.2570072202601227e-07,1.257035169564856e-07,1.257063108340167e-07,1.2570910365977652e-07,1.2571189543421283e-07,1.2571468615802973e-07,1.2571747583182975e-07,1.2572026445626263e-07,1.257230520319151e-07,1.2572583855963027e-07,1.257286240398929e-07,1.2573140847338472e-07,1.2573419186084293e-07,1.2573697420260255e-07,1.2573975549985794e-07,1.25742535752985e-07,1.2574531496270072e-07,1.2574809312968264e-07,1.2575087025450138e-07,1.2575364633784795e-07,1.2575642138033902e-07,1.2575919538278835e-07,1.2576196834560527e-07,1.2576474026952122e-07,1.2576751115536606e-07,1.2577028100350564e-07,1.257730498146492e-07,1.257758175895159e-07,1.2577858432880604e-07,1.257813500331474e-07,1.2578411470306869e-07,1.2578687833921522e-07,1.2578964094254121e-07,1.257924025132519e-07,1.2579516305219346e-07,1.257979225600216e-07,1.2580068103769507e-07,1.258034384852405e-07,1.2580619490354833e-07,1.2580895029340783e-07,1.2581170465537697e-07,1.2581445799008276e-07,1.2581721029819397e-07,1.2581996158032288e-07,1.258227118370606e-07,1.2582546106910996e-07,1.2582820927712295e-07,1.2583095646172863e-07,1.258337026235042e-07,1.258364477631212e-07,1.2583919188123373e-07,1.2584193497855635e-07,1.258446770555446e-07,1.2584741811290392e-07,1.258501581512522e-07,1.2585289717128018e-07,1.2585563517363298e-07,1.258583721588044e-07,1.2586110812756336e-07,1.2586384308061737e-07,1.2586657701833374e-07,1.2586930994156639e-07,1.2587204185087506e-07,1.2587477274687755e-07,1.258775026301426e-07,1.2588023150136336e-07,1.2588295936094604e-07,1.2588568620999463e-07,1.2588841204893625e-07,1.258911368783789e-07,1.258938606987114e-07,1.2589658351091924e-07,1.2589930531530683e-07,1.2590202611265064e-07,1.259047459033811e-07,1.259074646884858e-07,1.259101824684725e-07,1.259128992441552e-07,1.2591561501557678e-07,1.259183297837054e-07,1.259210435490318e-07,1.2592375631230758e-07,1.259264680742238e-07,1.2592917883522716e-07,1.259318885962679e-07,1.259345973574327e-07,1.2593730511960263e-07,1.2594001188345718e-07,1.2594271764949524e-07,1.2594542241837962e-07,1.259481261908342e-07,1.2595082896722022e-07,1.2595353074832278e-07,1.2595623153470764e-07,1.2595893132707395e-07,1.259616301259036e-07,1.259643279319362e-07,1.2596702474578722e-07,1.259697205678789e-07,1.2597241539868928e-07,1.2597510923933412e-07,1.2597780209014965e-07,1.2598049395176257e-07,1.2598318482476787e-07,1.259858747097848e-07,1.2598856360742539e-07,1.2599125151828262e-07,1.2599393844320565e-07,1.2599662438232497e-07,1.2599930933662585e-07,1.2600199330639645e-07,1.2600467629238229e-07,1.260073582952395e-07,1.2601003931557995e-07,1.2601271935390828e-07,1.2601539841089938e-07,1.2601807648739183e-07,1.2602075358348724e-07,1.2602342970006607e-07,1.2602610483786654e-07,1.2602877899731953e-07,1.2603145217883817e-07,1.260341243831669e-07,1.2603679561091566e-07,1.2603946586272945e-07,1.2604213513915293e-07,1.2604480344080528e-07,1.2604747076851993e-07,1.2605013712245186e-07,1.2605280250361823e-07,1.2605546691212608e-07,1.2605813034906413e-07,1.2606079281455455e-07,1.2606345430945122e-07,1.260661148342989e-07,1.2606877438975823e-07,1.2607143297632625e-07,1.26074090594656e-07,1.2607674724556333e-07,1.260794029291344e-07,1.2608205764623645e-07,1.2608471139743216e-07,1.2608736418331e-07,1.2609001600469118e-07,1.260926668616987e-07,1.260953167551911e-07,1.2609796568541191e-07,1.2610061365373036e-07,1.2610326065980803e-07,1.261059067049203e-07,1.261085517893839e-07,1.26111195913832e-07,1.2611383907880404e-07,1.2611648128489523e-07,1.2611912253268805e-07,1.2612176282302126e-07,1.2612440215618208e-07,1.2612704053226075e-07,1.2612967795265398e-07,1.2613231441765268e-07,1.2613494992782108e-07,1.2613758448355715e-07,1.2614021808581927e-07,1.2614285073499622e-07,1.2614548243166106e-07,1.2614811317639378e-07,1.2615074296976545e-07,1.261533718123541e-07,1.2615599970472888e-07,1.261586266474711e-07,1.2616125264093734e-07,1.2616387768613056e-07,1.2616650178341287e-07,1.2616912493358732e-07,1.2617174713675213e-07,1.2617436839370188e-07,1.261769887048014e-07,1.2617960807109896e-07,1.261822264928859e-07,1.2618484397075405e-07,1.2618746050550513e-07,1.2619007609774718e-07,1.2619269074704252e-07,1.2619530445491868e-07,1.2619791722170097e-07,1.2620052904799068e-07,1.2620313993433267e-07,1.2620574988129403e-07,1.2620835888923543e-07,1.2621096695913254e-07,1.2621357409121508e-07,1.2621618028629985e-07,1.2621878554472828e-07,1.2622138986725965e-07,1.262239932543666e-07,1.2622659570658977e-07,1.2622919722451255e-07,1.2623179780839712e-07,1.2623439745938702e-07,1.2623699617773775e-07,1.2623959396401747e-07,1.2624219081868892e-07,1.2624478674250593e-07,1.2624738173593633e-07,1.2624997580028348e-07,1.2625256893459416e-07,1.2625516114018503e-07,1.2625775241761183e-07,1.2626034276742624e-07,1.2626293219007498e-07,1.2626552068623802e-07,1.2626810825655352e-07,1.2627069490147886e-07,1.262732806215702e-07,1.262758654172688e-07,1.262784492893908e-07,1.2628103223828329e-07,1.2628361426454392e-07,1.2628619536872802e-07,1.262887755513882e-07,1.2629135481294746e-07,1.262939331540907e-07,1.2629651057528244e-07,1.2629908707738245e-07,1.2630166266066024e-07,1.2630423732554642e-07,1.2630681107290852e-07,1.263093839031437e-07,1.2631195581678103e-07,1.263145268143723e-07,1.2631709689646874e-07,1.2631966606361126e-07,1.263222343163486e-07,1.2632480165522364e-07,1.2632736808077862e-07,1.2632993359355383e-07,1.2633249819410411e-07,1.2633506188300817e-07,1.263376246607202e-07,1.2634018652782053e-07,1.2634274748486333e-07,1.2634530753295208e-07,1.2634786667148363e-07,1.263504249015702e-07,1.263529822242103e-07,1.2635553863902036e-07,1.2635809414701212e-07,1.2636064874866976e-07,1.2636320244461802e-07,1.2636575523535636e-07,1.2636830712140794e-07,1.263708581033224e-07,1.2637340818164101e-07,1.263759573568872e-07,1.26378505629582e-07,1.2638105300029398e-07,1.2638359947034152e-07,1.2638614503860684e-07,1.2638868970646208e-07,1.2639123347450776e-07,1.2639377634378219e-07,1.2639631831369826e-07,1.2639885938534775e-07,1.2640139955924724e-07,1.2640393883592658e-07,1.2640647721633876e-07,1.2640901470017986e-07,1.2641155128842046e-07,1.264140869815878e-07,1.2641662178017983e-07,1.2641915568474543e-07,1.2642168869579347e-07,1.2642422081392028e-07,1.2642675203995962e-07,1.2642928237366466e-07,1.2643181181595883e-07,1.264343403674022e-07,1.2643686802846786e-07,1.264393947997114e-07,1.2644192068166148e-07,1.2644444567482606e-07,1.2644696977961843e-07,1.2644949299678293e-07,1.2645201532676594e-07,1.2645453677004704e-07,1.2645705732716256e-07,1.264595769986389e-07,1.2646209578501408e-07,1.264646136866651e-07,1.2646713070435153e-07,1.2646964683845786e-07,1.2647216208969362e-07,1.2647467645823452e-07,1.264771899447664e-07,1.2647970255024132e-07,1.2648221427427995e-07,1.2648472511789435e-07,1.2648723508155783e-07,1.2648974416581182e-07,1.26492252371201e-07,1.2649475969838157e-07,1.2649726614745836e-07,1.2649977171917406e-07,1.2650227641404958e-07,1.26504780232558e-07,1.2650728317523503e-07,1.265097852426244e-07,1.2651228643525708e-07,1.2651478675354559e-07,1.265172861980609e-07,1.265197847693612e-07,1.265222824678878e-07,1.265247792940807e-07,1.265272752486023e-07,1.2652977033193066e-07,1.265322645445354e-07,1.2653475788695552e-07,1.2653725035966414e-07,1.2653974196319746e-07,1.2654223269802687e-07,1.2654472256470887e-07,1.2654721156370156e-07,1.2654969969551442e-07,1.265521869606797e-07,1.2655467335977112e-07,1.265571588931153e-07,1.2655964356138018e-07,1.2656212736496665e-07,1.2656461030442699e-07,1.2656709238024896e-07,1.2656957359294812e-07,1.2657205394300174e-07,1.2657453343103077e-07,1.2657701205734842e-07,1.2657948982258889e-07,1.2658196672717225e-07,1.2658444277163225e-07,1.26586917956438e-07,1.265893922820691e-07,1.265918657491754e-07,1.2659433835812475e-07,1.2659681010945763e-07,1.2659928100349027e-07,1.2660175104107901e-07,1.2660422022252566e-07,1.2660668854843316e-07,1.2660915601910652e-07,1.2661162263512153e-07,1.2661408839701795e-07,1.2661655330526649e-07,1.2661901736022468e-07,1.2662148056262967e-07,1.2662394291273783e-07,1.266264044113199e-07,1.2662886505872644e-07,1.2663132485542808e-07,1.2663378380196285e-07,1.2663624189889497e-07,1.2663869914609785e-07,1.2664115554468447e-07,1.2664361109531045e-07,1.2664606579819298e-07,1.266485196537945e-07,1.2665097266261102e-07,1.266534248252708e-07,1.2665587614190252e-07,1.2665832661342958e-07,1.2666077624015606e-07,1.2666322502256082e-07,1.2666567296106913e-07,1.2666812005629258e-07,1.2667056630900715e-07,1.266730117189987e-07,1.266754562873234e-07,1.2667790001401329e-07,1.2668034289978406e-07,1.266827849451091e-07,1.2668522615050132e-07,1.266876665164346e-07,1.266901060433876e-07,1.2669254473185578e-07,1.2669498258207358e-07,1.2669741959494961e-07,1.2669985577077253e-07,1.2670229110978483e-07,1.2670472561286738e-07,1.2670715928017504e-07,1.2670959211262783e-07,1.2671202411035083e-07,1.2671445527378232e-07,1.2671688560372084e-07,1.267193151004493e-07,1.2672174376471345e-07,1.2672417159647542e-07,1.2672659859626063e-07,1.2672902476492163e-07,1.267314501027685e-07,1.2673387461013363e-07,1.267362982878067e-07,1.2673872113599244e-07,1.26741143155081e-07,1.267435643459164e-07,1.2674598470891614e-07,1.2674840424428624e-07,1.2675082295260746e-07,1.267532408344018e-07,1.2675565789013967e-07,1.2675807412028538e-07,1.2676048952527272e-07,1.2676290410560124e-07,1.2676531786166642e-07,1.26767730794382e-07,1.2677014290346914e-07,1.2677255418988307e-07,1.267749646540429e-07,1.2677737429612516e-07,1.2677978311702068e-07,1.2678219111749939e-07,1.2678459829711576e-07,1.2678700465659982e-07,1.2678941019674698e-07,1.2679181491782518e-07,1.2679421882017543e-07,1.2679662190461655e-07,1.2679902417146504e-07,1.2680142562112477e-07,1.2680382625438695e-07,1.2680622607109886e-07,1.2680862507208292e-07,1.2681102325771588e-07,1.2681342062832046e-07,1.2681581718528222e-07,1.2681821292783808e-07,1.2682060785694715e-07,1.2682300197307116e-07,1.2682539527663061e-07,1.268277877681875e-07,1.2683017944814596e-07,1.268325703173934e-07,1.2683496037560628e-07,1.268373496235242e-07,1.2683973806145006e-07,1.2684212569028367e-07,1.2684451251023706e-07,1.2684689852189292e-07,1.2684928372545817e-07,1.2685166812173774e-07,1.268540517110469e-07,1.2685643449374122e-07,1.268588164703859e-07,1.268611976412216e-07,1.2686357800691335e-07,1.2686595756804483e-07,1.2686833632490275e-07,1.2687071427795973e-07,1.2687309142757163e-07,1.2687546777437502e-07,1.2687784331896782e-07,1.2688021806134475e-07,1.268825920020354e-07,1.268849651415526e-07,1.2688733748068066e-07,1.2688970901951545e-07,1.2689207975894464e-07,1.2689444969887324e-07,1.2689681883996983e-07,1.2689918718273097e-07,1.2690155472757097e-07,1.2690392147494756e-07,1.269062874255573e-07,1.2690865257907884e-07,1.2691101693643415e-07,1.2691338049818875e-07,1.269157432649455e-07,1.269181052369366e-07,1.2692046641464417e-07,1.269228267982658e-07,1.2692518638863623e-07,1.269275451856886e-07,1.2692990319031894e-07,1.269322604031287e-07,1.2693461682423985e-07,1.2693697245418502e-07,1.269393272933367e-07,1.2694168134210904e-07,1.2694403460109354e-07,1.2694638707065907e-07,1.269487387512393e-07,1.2695108964331103e-07,1.2695343974726315e-07,1.2695578906369038e-07,1.2695813759251475e-07,1.2696048533484624e-07,1.2696283229085843e-07,1.2696517846098618e-07,1.2696752384546707e-07,1.2696986844515663e-07,1.2697221226028452e-07,1.2697455529137297e-07,1.2697689753870163e-07,1.2697923900301423e-07,1.2698157968414811e-07,1.2698391958303993e-07,1.269862587002116e-07,1.2698859703572533e-07,1.269909345901905e-07,1.2699327136404204e-07,1.2699560735772005e-07,1.269979425716631e-07,1.2700027700637738e-07,1.270026106621464e-07,1.2700494353976846e-07,1.2700727563921324e-07,1.2700960696099165e-07,1.2701193750559848e-07,1.27014267273752e-07,1.2701659626545215e-07,1.2701892448151168e-07,1.2702125192194716e-07,1.27023578587474e-07,1.270259044784784e-07,1.270282295955302e-07,1.2703055393876957e-07,1.2703287750898493e-07,1.270352003061952e-07,1.2703752233123548e-07,1.2703984358413482e-07,1.270421640656779e-07,1.270444837762227e-07,1.2704680271589375e-07,1.2704912088534443e-07,1.2705143828500358e-07,1.2705375491529822e-07,1.270560707767975e-07,1.27058385869652e-07,1.2706070019442868e-07,1.2706301375155492e-07,1.2706532654165255e-07,1.270676385647508e-07,1.2706994982147011e-07,1.2707226031237776e-07,1.270745700376369e-07,1.2707687899783544e-07,1.2707918719317353e-07,1.2708149462423895e-07,1.270838012916862e-07,1.270861071956809e-07,1.2708841233673318e-07,1.2709071671553305e-07,1.2709302033203576e-07,1.2709532318670035e-07,1.2709762528007897e-07,1.2709992661259558e-07,1.2710222718466927e-07,1.2710452699676386e-07,1.2710682604922183e-07,1.2710912434253706e-07,1.2711142187705476e-07,1.2711371865323995e-07,1.2711601467184928e-07,1.2711830993260296e-07,1.2712060443629098e-07,1.2712289818330896e-07,1.2712519117410588e-07,1.2712748340905087e-07,1.2712977488863746e-07,1.271320656132126e-07,1.2713435558321251e-07,1.2713664479908828e-07,1.2713893326118497e-07,1.2714122096996018e-07,1.2714350792580143e-07,1.2714579412918114e-07,1.2714807958051524e-07,1.2715036428034408e-07,1.2715264822874722e-07,1.271549314263188e-07,1.2715721387347764e-07,1.2715949557063128e-07,1.2716177651830496e-07,1.271640567166672e-07,1.2716633616641142e-07,1.271686148676538e-07,1.2717089282099343e-07,1.2717317002666365e-07,1.2717544648531584e-07,1.271777221972634e-07,1.2717999716290846e-07,1.271822713826656e-07,1.2718454485689524e-07,1.2718681758586504e-07,1.2718908957041535e-07,1.271913608107353e-07,1.2719363130721968e-07,1.2719590106025894e-07,1.271981700702674e-07,1.2720043833768146e-07,1.2720270586304168e-07,1.2720497264644e-07,1.2720723868861955e-07,1.2720950398974406e-07,1.2721176855019241e-07,1.272140323704626e-07,1.2721629545096927e-07,1.2721855779203706e-07,1.2722081939418272e-07,1.2722308025779935e-07,1.272253403832684e-07,1.2722759977100902e-07,1.272298584213904e-07,1.2723211633473877e-07,1.2723437351163169e-07,1.2723662995240673e-07,1.272388856574509e-07,1.272411406271859e-07,1.272433948619851e-07,1.2724564836231341e-07,1.2724790112847265e-07,1.2725015316092057e-07,1.272524044600434e-07,1.2725465502627062e-07,1.2725690485998057e-07,1.2725915396155965e-07,1.272614023315705e-07,1.2726364997011223e-07,1.272658968777398e-07,1.2726814305484468e-07,1.2727038850182854e-07,1.2727263321907787e-07,1.2727487720700806e-07,1.2727712046602595e-07,1.2727936299649567e-07,1.2728160479869233e-07,1.272838458732615e-07,1.2728608622051022e-07,1.2728832584078476e-07,1.2729056473455505e-07,1.272928029021979e-07,1.272950403439323e-07,1.27297277060399e-07,1.27299513051884e-07,1.2730174831867195e-07,1.2730398286143664e-07,1.273062166804026e-07,1.2730844977602128e-07,1.2731068214858705e-07,1.273129137985392e-07,1.2731514472624186e-07,1.2731737493213134e-07,1.2731960441654632e-07,1.2732183317999795e-07,1.2732406122270504e-07,1.273262885452056e-07,1.2732851514788216e-07,1.273307410309693e-07,1.273329661950786e-07,1.2733519064038795e-07,1.273374143672534e-07,1.2733963737642878e-07,1.273418596680526e-07,1.273440812425535e-07,1.273463021003293e-07,1.2734852224171522e-07,1.2735074166711613e-07,1.2735296037700306e-07,1.2735517837161922e-07,1.2735739565140685e-07,1.2735961221663108e-07,1.2736182806791813e-07,1.273640432055616e-07,1.2736625762994402e-07,1.2736847134130538e-07,1.273706843404178e-07,1.2737289662733312e-07,1.2737510820244544e-07,1.2737731906611464e-07,1.2737952921894754e-07,1.2738173866113627e-07,1.273839473932264e-07,1.2738615541547493e-07,1.273883627283256e-07,1.27390569332086e-07,1.2739277522719654e-07,1.2739498041394642e-07,1.2739718489291613e-07,1.2739938866431883e-07,1.274015917285659e-07,1.2740379408603434e-07,1.2740599573712598e-07,1.2740819668223887e-07,1.274103969216998e-07,1.2741259645583977e-07,1.2741479528524973e-07,1.2741699341010364e-07,1.2741919083085458e-07,1.274213875478293e-07,1.2742358356154156e-07,1.2742577887228364e-07,1.2742797348046488e-07,1.274301673864251e-07,1.2743236059054823e-07,1.2743455309322616e-07,1.274367448948262e-07,1.2743893599569386e-07,1.2744112639624187e-07,1.2744331609680432e-07,1.27445505097843e-07,1.2744769339987977e-07,1.2744988100288471e-07,1.2745206790736536e-07,1.274542541137605e-07,1.2745643962251403e-07,1.2745862443394159e-07,1.2746080854843268e-07,1.274629919661837e-07,1.274651746881219e-07,1.2746735671381738e-07,1.2746953804418482e-07,1.2747171867948115e-07,1.2747389862002388e-07,1.2747607786622379e-07,1.274782564184565e-07,1.274804342772547e-07,1.2748261144265113e-07,1.2748478791516952e-07,1.2748696369508705e-07,1.2748913878292744e-07,1.2749131317904517e-07,1.2749348688390093e-07,1.2749565989757464e-07,1.2749783222071436e-07,1.2750000385336998e-07,1.2750217479622484e-07,1.275043450497747e-07,1.2750651461387192e-07,1.2750868348921076e-07,1.2751085167611983e-07,1.2751301917489491e-07,1.2751518598605413e-07,1.2751735210993352e-07,1.2751951754695412e-07,1.2752168229746824e-07,1.275238463613294e-07,1.2752600973932866e-07,1.2752817243186464e-07,1.2753033443923817e-07,1.275324957617539e-07,1.2753465639986226e-07,1.2753681635418358e-07,1.2753897562459188e-07,1.2754113421179617e-07,1.2754329211593922e-07,1.2754544933744563e-07,1.2754760587668918e-07,1.275497617340158e-07,1.275519169099691e-07,1.2755407140467917e-07,1.2755622521858713e-07,1.2755837835226716e-07,1.275605308056796e-07,1.2756268257936813e-07,1.275648336739005e-07,1.2756698408926448e-07,1.2756913382617476e-07,1.2757128288454194e-07,1.275734312650766e-07,1.275755789681646e-07,1.275777259939202e-07,1.2757987234304365e-07,1.2758201801570298e-07,1.2758416301218194e-07,1.275863073326685e-07,1.2758845097805905e-07,1.275905939482358e-07,1.2759273624355434e-07,1.2759487786470672e-07,1.275970188118132e-07,1.275991590853375e-07,1.276012986855337e-07,1.276034376127137e-07,1.2760557586743522e-07,1.2760771345015042e-07,1.276098503608088e-07,1.2761198660007506e-07,1.2761412216820779e-07,1.2761625706553007e-07,1.2761839129229713e-07,1.2762052484915076e-07,1.2762265773620687e-07,1.2762478995392256e-07,1.276269215026826e-07,1.2762905238272058e-07,1.2763118259457092e-07,1.276333121383363e-07,1.2763544101440907e-07,1.276375692232946e-07,1.2763969676534615e-07,1.2764182364070736e-07,1.276439498500078e-07,1.2764607539347477e-07,1.276482002716352e-07,1.2765032448434365e-07,1.276524480322241e-07,1.2765457091585415e-07,1.2765669313527332e-07,1.2765881469084254e-07,1.276609355830281e-07,1.2766305581233335e-07,1.2766517537905635e-07,1.2766729428327504e-07,1.2766941252550066e-07,1.2767153010598888e-07,1.2767364702503565e-07,1.2767576328364288e-07,1.2767787888126946e-07,1.2767999381871088e-07,1.2768210809615038e-07,1.2768422171403112e-07,1.2768633467262012e-07,1.2768844697222185e-07,1.2769055861337225e-07,1.2769266959622635e-07,1.2769477992134518e-07,1.276968895888113e-07,1.2769899859932928e-07,1.2770110695291289e-07,1.2770321464996843e-07,1.2770532169084607e-07,1.277074280759478e-07,1.277095338056831e-07,1.2771163888028241e-07,1.2771374330030158e-07,1.2771584706558293e-07,1.277179501769866e-07,1.277200526344306e-07,1.277221544385813e-07,1.2772425558976565e-07,1.2772635608802383e-07,1.2772845593399433e-07,1.2773055512794832e-07,1.2773265367025781e-07,1.2773475156141492e-07,1.277368488012148e-07,1.277389453904363e-07,1.2774104132940131e-07,1.2774313661818495e-07,1.2774523125749346e-07,1.2774732524750994e-07,1.2774941858840096e-07,1.2775151128077667e-07,1.277536033246551e-07,1.277556947205969e-07,1.2775778546893026e-07,1.2775987557023557e-07,1.277619650243528e-07,1.277640538317536e-07,1.2776614199319734e-07,1.2776822950853496e-07,1.27770316378226e-07,1.2777240260268265e-07,1.2777448818223245e-07,1.2777657311710385e-07,1.2777865740768823e-07,1.277807410542454e-07,1.277828240573191e-07,1.2778490641710365e-07,1.2778698813388892e-07,1.2778906920804015e-07,1.2779114964006145e-07,1.2779322943002785e-07,1.2779530857847379e-07,1.2779738708571814e-07,1.277994649519581e-07,1.2780154217766013e-07,1.2780361876319703e-07,1.2780569470861707e-07,1.2780777001436442e-07,1.2780984468088438e-07,1.2781191870841301e-07,1.2781399209729828e-07,1.278160648480473e-07,1.2781813696077455e-07,1.2782020843580907e-07,1.2782227927355572e-07,1.278243494743491e-07,1.278264190387353e-07,1.2782848796670154e-07,1.2783055625865533e-07,1.2783262391499115e-07,1.2783469093589207e-07,1.2783675732178345e-07,1.278388230730215e-07,1.2784088818992478e-07,1.278429526728991e-07,1.2784501652214538e-07,1.278470797380574e-07,1.2784914232091948e-07,1.278512042709339e-07,1.2785326558873198e-07,1.2785532627446535e-07,1.278573863285221e-07,1.2785944575107484e-07,1.2786150454261316e-07,1.27863562703344e-07,1.2786562023370524e-07,1.2786767713397823e-07,1.2786973340442822e-07,1.2787178904541547e-07,1.2787384405728832e-07,1.278758984403601e-07,1.278779521950647e-07,1.278800053215044e-07,1.2788205782012075e-07,1.2788410969126087e-07,1.2788616093506308e-07,1.278882115521683e-07,1.2789026154274545e-07,1.2789231090711244e-07,1.2789435964552852e-07,1.2789640775829758e-07,1.27898455245733e-07,1.2790050210838154e-07,1.2790254834642227e-07,1.2790459396024296e-07,1.279066389500018e-07,1.2790868331609297e-07,1.2791072705887242e-07,1.279127701785765e-07,1.2791481267558567e-07,1.2791685455021423e-07,1.2791889580284659e-07,1.2792093643374345e-07,1.2792297644317697e-07,1.279250158315697e-07,1.27927054599103e-07,1.279290927461967e-07,1.2793113027319868e-07,1.2793316718021095e-07,1.2793520346783364e-07,1.279372391362707e-07,1.2793927418577445e-07,1.279413086167805e-07,1.2794334242952437e-07,1.2794537562428402e-07,1.2794740820145053e-07,1.279494401613004e-07,1.2795147150429387e-07,1.2795350223062142e-07,1.2795553234048462e-07,1.2795756183433805e-07,1.2795959071251605e-07,1.279616189753094e-07,1.2796364662286394e-07,1.279656736557178e-07,1.2796770007412067e-07,1.2796972587840414e-07,1.2797175106884228e-07,1.2797377564575117e-07,1.2797579960930568e-07,1.279778229599727e-07,1.2797984569816024e-07,1.279818678240019e-07,1.2798388933788503e-07,1.2798591024009322e-07,1.2798793053098468e-07,1.2798995021072348e-07,1.2799196927983151e-07,1.279939877384788e-07,1.2799600558709108e-07,1.2799802282584967e-07,1.2800003945515743e-07,1.2800205547524409e-07,1.2800407088685477e-07,1.2800608568948162e-07,1.280080998842987e-07,1.2801011347087822e-07,1.2801212644969842e-07,1.2801413882135866e-07,1.2801615058587788e-07,1.2801816174375343e-07,1.2802017229523235e-07,1.2802218224074678e-07,1.2802419158089087e-07,1.2802620031499617e-07,1.2802820844392706e-07,1.2803021596800582e-07,1.280322228876342e-07,1.2803422920289941e-07,1.2803623491427402e-07,1.2803824002208127e-07,1.2804024452628342e-07,1.280422484276674e-07,1.2804425172634204e-07,1.2804625442256685e-07,1.2804825651678704e-07,1.2805025800915452e-07,1.280522588998471e-07,1.2805425918956725e-07,1.2805625887828434e-07,1.2805825796645856e-07,1.2806025645432237e-07,1.2806225434227735e-07,1.280642516305107e-07,1.2806624831936425e-07,1.2806824440910555e-07,1.280702399001162e-07,1.2807223479263195e-07,1.2807422908704168e-07,1.2807622278352705e-07,1.2807821588255817e-07,1.2808020838422416e-07,1.2808220028900095e-07,1.2808419159704396e-07,1.2808618230868122e-07,1.2808817242431845e-07,1.2809016194428528e-07,1.280921508687106e-07,1.2809413919800826e-07,1.280961269324573e-07,1.2809811407233553e-07,1.2810010061793495e-07,1.28102086569615e-07,1.281040719275989e-07,1.2810605669225662e-07,1.281080408638898e-07,1.2811002444273963e-07,1.2811200742913937e-07,1.281139898233238e-07,1.2811597162561674e-07,1.2811795283643698e-07,1.2811993345588209e-07,1.281219134843455e-07,1.2812389292216953e-07,1.281258717696726e-07,1.281278500270414e-07,1.2812982769458116e-07,1.2813180477262423e-07,1.2813378126144564e-07,1.2813575716135485e-07,1.281377324726835e-07,1.2813970719571867e-07,1.2814168133069354e-07,1.281436548779661e-07,1.2814562783789564e-07,1.2814760021060645e-07,1.281495719964642e-07,1.2815154319582613e-07,1.2815351380892385e-07,1.2815548383605149e-07,1.2815745327746428e-07,1.2815942213337847e-07,1.2816139040435388e-07,1.2816335809055021e-07,1.2816532519232351e-07,1.2816729170979175e-07,1.2816925764335307e-07,1.281712229933589e-07,1.2817318775997157e-07,1.2817515194356743e-07,1.2817711554441618e-07,1.2817907856279798e-07,1.2818104099908265e-07,1.2818300285345786e-07,1.2818496412622253e-07,1.2818692481768354e-07,1.281888849281474e-07,1.2819084445801793e-07,1.2819280340734668e-07,1.2819476177658532e-07,1.2819671956593774e-07,1.281986767757947e-07,1.2820063340657895e-07,1.2820258945821284e-07,1.282045449312496e-07,1.2820649982573448e-07,1.2820845414213357e-07,1.282104078809388e-07,1.282123610420773e-07,1.282143136258671e-07,1.2821626563275733e-07,1.2821821706295272e-07,1.2822016791677678e-07,1.2822211819441063e-07,1.2822406789636314e-07,1.2822601702286947e-07,1.2822796557391562e-07,1.2822991355000534e-07,1.282318609514835e-07,1.2823380777862672e-07,1.2823575403166404e-07,1.2823769971082804e-07,1.2823964481642242e-07,1.28241589348776e-07,1.282435333081723e-07,1.2824547669511137e-07,1.2824741950946973e-07,1.2824936175145146e-07,1.282513034221115e-07,1.282532445210879e-07,1.2825518504876476e-07,1.2825712500549728e-07,1.2825906439142878e-07,1.282610032069732e-07,1.2826294145261562e-07,1.2826487912816998e-07,1.282668162342226e-07,1.2826875277109977e-07,1.2827068873899387e-07,1.282726241380884e-07,1.2827455896868545e-07,1.28276493230907e-07,1.2827842692547385e-07,1.2828036005216208e-07,1.2828229261192716e-07,1.2828422460456527e-07,1.2828615603060888e-07,1.2828808689006284e-07,1.28290017183308e-07,1.2829194691064217e-07,1.2829387607240636e-07,1.282958046687626e-07,1.2829773270001527e-07,1.2829966016656563e-07,1.2830158706851458e-07,1.2830351340622196e-07,1.283054391799855e-07,1.2830736439007652e-07,1.2830928903679313e-07,1.2831121312026142e-07,1.283131366409536e-07,1.2831505959911455e-07,1.2831698199498528e-07,1.2831890382882072e-07,1.283208251009326e-07,1.2832274581157777e-07,1.283246659611442e-07,1.2832658554970973e-07,1.2832850457789856e-07,1.2833042304559103e-07,1.2833234095310419e-07,1.2833425830077947e-07,1.283361750886366e-07,1.2833809131754527e-07,1.2834000698745388e-07,1.2834192209869112e-07,1.2834383665147034e-07,1.283457506461587e-07,1.2834766408291002e-07,1.2834957696205664e-07,1.2835148928393596e-07,1.2835340104869353e-07,1.283553122566415e-07,1.2835722290807117e-07,1.283591330033136e-07,1.2836104254247652e-07,1.283629515260333e-07,1.2836485995415497e-07,1.283667678271248e-07,1.283686751452029e-07,1.2837058190872857e-07,1.2837248811791977e-07,1.2837439377325845e-07,1.2837629887461748e-07,1.283782034225704e-07,1.2838010741713385e-07,1.2838201085871062e-07,1.2838391374757891e-07,1.2838581608402735e-07,1.2838771786845142e-07,1.283896191008795e-07,1.2839151978164648e-07,1.283934199112541e-07,1.2839531948983267e-07,1.2839721851738337e-07,1.2839911699452204e-07,1.284010149211833e-07,1.2840291229782858e-07,1.2840480912469644e-07,1.28406705402151e-07,1.2840860113053546e-07,1.2841049631010074e-07,1.2841239094078235e-07,1.2841428502294496e-07,1.2841617855702558e-07,1.2841807154325567e-07,1.2841996398186882e-07,1.2842185587318486e-07,1.2842374721745672e-07,1.2842563801491175e-07,1.284275282658101e-07,1.284294179704274e-07,1.2843130712907252e-07,1.2843319574186686e-07,1.2843508380948205e-07,1.2843697133221392e-07,1.2843885830950871e-07,1.2844074474211095e-07,1.2844263063003419e-07,1.2844451597406901e-07,1.2844640077429342e-07,1.2844828503080321e-07,1.2845016874432453e-07,1.2845205191449432e-07,1.284539345418331e-07,1.2845581662662943e-07,1.2845769816904193e-07,1.2845957916951917e-07,1.284614596283021e-07,1.284633395456907e-07,1.284652189216269e-07,1.2846709775660666e-07,1.284689760509796e-07,1.2847085380479563e-07,1.2847273101843063e-07,1.2847460769155435e-07,1.284764838256256e-07,1.2847835942026514e-07,1.2848023447570458e-07,1.2848210899242498e-07,1.2848398297036692e-07,1.2848585641005033e-07,1.2848772931170847e-07,1.2848960167539577e-07,1.2849147350150727e-07,1.2849334479032625e-07,1.284952155420199e-07,1.2849708575694838e-07,1.284989554353144e-07,1.2850082457745051e-07,1.2850269318351262e-07,1.2850456125386927e-07,1.2850642878883158e-07,1.2850829578843774e-07,1.2851016225303863e-07,1.285120281829423e-07,1.2851389357853972e-07,1.285157584397348e-07,1.2851762276706424e-07,1.2851948656061347e-07,1.28521349820758e-07,1.285232125477887e-07,1.2852507474181396e-07,1.2852693640324253e-07,1.285287975322493e-07,1.285306581291655e-07,1.2853251819416616e-07,1.28534377727372e-07,1.2853623672901136e-07,1.285380951998606e-07,1.2853995313983476e-07,1.2854181054918907e-07,1.2854366742813992e-07,1.285455237769921e-07,1.2854737959625052e-07,1.28549234885771e-07,1.2855108964597605e-07,1.2855294387710154e-07,1.2855479757938502e-07,1.2855665075301505e-07,1.2855850339851363e-07,1.2856035551585484e-07,1.285622071052432e-07,1.285640581672144e-07,1.285659087018329e-07,1.2856775870941123e-07,1.2856960819021308e-07,1.2857145714445724e-07,1.2857330557276965e-07,1.2857515347473245e-07,1.285770008508907e-07,1.2857884770154673e-07,1.28580694026915e-07,1.2858253982709641e-07,1.2858438510289177e-07,1.2858622985389997e-07,1.2858807408071352e-07,1.2858991778346252e-07,1.285917609625571e-07,1.2859360361797614e-07,1.2859544575017417e-07,1.2859728735937697e-07,1.2859912844575526e-07,1.2860096900963862e-07,1.2860280905115142e-07,1.2860464857074e-07,1.2860648756856917e-07,1.2860832604454475e-07,1.2861016399963164e-07,1.2861200143369582e-07,1.286138383468291e-07,1.2861567473962483e-07,1.2861751061230113e-07,1.2861934596488665e-07,1.2862118079756335e-07,1.286230151107595e-07,1.2862484890461145e-07,1.286266821795719e-07,1.286285149356963e-07,1.286303471732384e-07,1.2863217889261983e-07,1.2863401009384622e-07,1.2863584077731718e-07,1.2863767094322652e-07,1.286395005918305e-07,1.2864132972338217e-07,1.2864315833817794e-07,1.286449864364185e-07,1.2864681401830778e-07,1.2864864108428875e-07,1.286504676343278e-07,1.2865229366876876e-07,1.2865411918786483e-07,1.2865594419189806e-07,1.286577686811405e-07,1.2865959265579844e-07,1.2866141611606442e-07,1.2866323906214298e-07,1.2866506149445138e-07,1.2866688341301993e-07,1.2866870481835184e-07,1.2867052571056503e-07,1.286723460898998e-07,1.2867416595659782e-07,1.2867598531090652e-07,1.2867780415306723e-07,1.2867962248332586e-07,1.2868144030192581e-07,1.286832576091088e-07,1.2868507440511492e-07,1.2868689069019092e-07,1.2868870646457453e-07,1.2869052172851399e-07,1.2869233648224945e-07,1.2869415072601782e-07,1.2869596446007e-07,1.2869777768464306e-07,1.286995903999811e-07,1.2870140260631872e-07,1.2870321430390313e-07,1.2870502549297646e-07,1.2870683617380706e-07,1.287086463465741e-07,1.2871045601154972e-07,1.287122651689766e-07,1.2871407381909253e-07,1.287158819621381e-07,1.287176895983574e-07,1.287194967279855e-07,1.2872130335126096e-07,1.2872310946842717e-07,1.2872491507972408e-07,1.287267201853858e-07,1.2872852478565838e-07,1.2873032888077208e-07,1.2873213247097376e-07,1.2873393555649874e-07,1.2873573813758443e-07,1.2873754021437006e-07,1.287393417872961e-07,1.2874114285649413e-07,1.2874294342221155e-07,1.2874474348467913e-07,1.2874654304413218e-07,1.2874834210081432e-07,1.2875014065496115e-07,1.2875193870680982e-07,1.2875373625659273e-07,1.2875553330454992e-07,1.2875732985091826e-07,1.2875912589593637e-07,1.2876092143983716e-07,1.2876271648285873e-07,1.2876451102523748e-07,1.2876630506720597e-07,1.287680986090015e-07,1.28769891650861e-07,1.2877168419301787e-07,1.2877347623570822e-07,1.2877526777916814e-07,1.2877705882362907e-07,1.2877884936933246e-07,1.2878063941650514e-07,1.2878242896538871e-07,1.2878421801620908e-07,1.2878600656920666e-07,1.2878779462461345e-07,1.2878958218266617e-07,1.2879136924359293e-07,1.2879315580762523e-07,1.28794941875005e-07,1.287967274459653e-07,1.287985125207449e-07,1.2880029709955814e-07,1.288020811826455e-07,1.2880386477024293e-07,1.2880564786258176e-07,1.2880743045989426e-07,1.2880921256240912e-07,1.2881099417036292e-07,1.2881277528398909e-07,1.2881455590351168e-07,1.2881633602916806e-07,1.2881811566119186e-07,1.2881989479980903e-07,1.288216734452502e-07,1.2882345159774846e-07,1.2882522925753833e-07,1.2882700642484614e-07,1.2882878309990198e-07,1.2883055928293607e-07,1.2883233497418352e-07,1.2883411017386895e-07,1.2883588488222323e-07,1.2883765909947675e-07,1.288394328258614e-07,1.2884120606160258e-07,1.288429788069314e-07,1.2884475106208115e-07,1.288465228272177e-07,1.288482941026859e-07,1.2885006488865764e-07,1.2885183518536144e-07,1.2885360499310742e-07,1.2885537431196518e-07,1.2885714314223638e-07,1.2885891148414886e-07,1.2886067933793613e-07,1.288624467038275e-07,1.2886421358204365e-07,1.288659799728152e-07,1.288677458763721e-07,1.2886951129293545e-07,1.2887127622273812e-07,1.288730406660011e-07,1.288748046231627e-07,1.288765680940346e-07,1.2887833107904875e-07,1.2888009357843527e-07,1.288818555924118e-07,1.2888361712136068e-07,1.288853781652083e-07,1.2888713872433136e-07,1.2888889879894894e-07,1.288906583892906e-07,1.2889241749558253e-07,1.2889417611804677e-07,1.2889593425691136e-07,1.288976919125614e-07,1.2889944908489725e-07,1.2890120577430434e-07,1.289029619810505e-07,1.2890471770527725e-07,1.2890647294734854e-07,1.289082277074694e-07,1.2890998198563135e-07,1.2891173578218162e-07,1.2891348909740396e-07,1.289152419314539e-07,1.289169942845916e-07,1.2891874615705602e-07,1.2892049754903235e-07,1.2892224846068152e-07,1.2892399889239343e-07,1.2892574884430594e-07,1.2892749831678975e-07,1.289292473098166e-07,1.2893099582366208e-07,1.2893274385854296e-07,1.2893449141478673e-07,1.289362384926239e-07,1.2893798509215307e-07,1.2893973121365969e-07,1.2894147685737813e-07,1.2894322202349543e-07,1.2894496671216379e-07,1.2894671092370158e-07,1.2894845465843347e-07,1.289501979164836e-07,1.2895194069801044e-07,1.2895368300317803e-07,1.2895542483239006e-07,1.2895716618577818e-07,1.28958907063571e-07,1.2896064746598306e-07,1.2896238739322887e-07,1.289641268456807e-07,1.2896586582326965e-07,1.2896760432634916e-07,1.289693423551506e-07,1.2897107990988006e-07,1.2897281699076697e-07,1.2897455359802273e-07,1.2897628973186663e-07,1.2897802539251585e-07,1.2897976058020937e-07,1.2898149529513768e-07,1.2898322953764508e-07,1.2898496330770906e-07,1.2898669660566643e-07,1.2898842943174268e-07,1.2899016178616147e-07,1.2899189366946125e-07,1.2899362508118553e-07,1.2899535602189164e-07,1.2899708649169171e-07,1.2899881649092653e-07,1.290005460198787e-07,1.290022750786846e-07,1.290040036674641e-07,1.290057317866093e-07,1.2900745943625702e-07,1.2900918661663112e-07,1.290109133279161e-07,1.290126395703414e-07,1.2901436534404582e-07,1.2901609064940264e-07,1.2901781548647721e-07,1.2901953985562816e-07,1.2902126375699364e-07,1.2902298719071636e-07,1.290247101571769e-07,1.2902643265648856e-07,1.290281546889339e-07,1.2902987625453447e-07,1.2903159735363727e-07,1.2903331798655883e-07,1.2903503815339777e-07,1.2903675785430034e-07,1.2903847708955587e-07,1.2904019585942622e-07,1.2904191416412243e-07,1.290436320037301e-07,1.290453493785542e-07,1.2904706628887964e-07,1.290487827348449e-07,1.2905049871665696e-07,1.2905221423453193e-07,1.290539292886658e-07,1.2905564387922683e-07,1.2905735800655653e-07,1.2905907167079738e-07,1.2906078487208623e-07,1.2906249761078264e-07,1.2906420988703597e-07,1.2906592170102684e-07,1.290676330529685e-07,1.290693439431061e-07,1.2907105437160597e-07,1.290727643386554e-07,1.2907447384457007e-07,1.2907618288944985e-07,1.290778914736156e-07,1.2907959959723572e-07,1.290813072604914e-07,1.2908301446362612e-07,1.2908472120680742e-07,1.2908642749026858e-07,1.2908813331416553e-07,1.290898386788186e-07,1.2909154358470183e-07,1.2909324803132707e-07,1.290949520193469e-07,1.290966555489207e-07,1.2909835862020301e-07,1.2910006123356885e-07,1.291017633889597e-07,1.291034650867252e-07,1.2910516632709676e-07,1.2910686711024024e-07,1.291085674362981e-07,1.2911026730562353e-07,1.2911196671835587e-07,1.2911366567470351e-07,1.2911536417487509e-07,1.2911706221907826e-07,1.2911875980753652e-07,1.2912045694092792e-07,1.2912215361838377e-07,1.2912384984078118e-07,1.2912554560824444e-07,1.2912724092098034e-07,1.291289357792068e-07,1.2913063018310605e-07,1.2913232413342262e-07,1.2913401762931155e-07,1.2913571067149742e-07,1.2913740326012086e-07,1.2913909539553247e-07,1.291407870778659e-07,1.291424783076359e-07,1.291441690844817e-07,1.2914585940880457e-07,1.2914754928088445e-07,1.2914923870126546e-07,1.291509276691734e-07,1.291526161857099e-07,1.2915430425125436e-07,1.291559918650993e-07,1.2915767902781336e-07,1.29159365739712e-07,1.2916105200098127e-07,1.291627378119076e-07,1.2916442317256142e-07,1.2916610808372344e-07,1.2916779254452627e-07,1.2916947655581946e-07,1.2917116011792555e-07,1.2917284323076325e-07,1.291745258944373e-07,1.2917620810931953e-07,1.2917788987562993e-07,1.2917957119352937e-07,1.2918125206319674e-07,1.2918293248492638e-07,1.2918461245910247e-07,1.2918629198546465e-07,1.291879710644779e-07,1.291896496962841e-07,1.2919132788131245e-07,1.291930056193733e-07,1.291946829109438e-07,1.2919635975620668e-07,1.291980361551017e-07,1.2919971210805584e-07,1.292013876152705e-07,1.292030626769617e-07,1.2920473729324802e-07,1.2920641146448408e-07,1.2920808519064127e-07,1.2920975847202536e-07,1.2921143130877742e-07,1.292131037012151e-07,1.2921477564951404e-07,1.2921644715382798e-07,1.2921811821438363e-07,1.2921978883136187e-07,1.2922145900497564e-07,1.2922312873541392e-07,1.2922479802288996e-07,1.2922646686752436e-07,1.2922813526966687e-07,1.2922980322943227e-07,1.2923147074699678e-07,1.292331378227463e-07,1.2923480445650857e-07,1.2923647064875245e-07,1.2923813639960754e-07,1.2923980170938525e-07,1.292414665781061e-07,1.2924313100603046e-07,1.2924479499333971e-07,1.2924645854041802e-07,1.2924812164717733e-07,1.292497843138926e-07,1.2925144654097697e-07,1.2925310832832233e-07,1.2925476967618723e-07,1.29256430584863e-07,1.292580910545964e-07,1.2925975108550253e-07,1.2926141067780308e-07,1.29263069831664e-07,1.2926472854733557e-07,1.2926638682493223e-07,1.2926804466479248e-07,1.2926970206694233e-07,1.2927135903162882e-07,1.2927301555902356e-07,1.2927467164944983e-07,1.2927632730307736e-07,1.2927798251987416e-07,1.2927963730036872e-07,1.2928129164459597e-07,1.2928294555267456e-07,1.2928459902481744e-07,1.292862520613269e-07,1.2928790466230656e-07,1.2928955682800292e-07,1.2929120855866887e-07,1.2929285985426394e-07,1.2929451071525833e-07,1.2929616114172902e-07,1.2929781113390717e-07,1.292994606919005e-07,1.2930110981589215e-07,1.2930275850615266e-07,1.2930440676290417e-07,1.2930605458625828e-07,1.2930770197648294e-07,1.293093489337271e-07,1.2931099545820686e-07,1.293126415502201e-07,1.2931428720969619e-07,1.2931593243706088e-07,1.2931757723234656e-07,1.293192215958789e-07,1.2932086552769997e-07,1.293225090280834e-07,1.2932415209720076e-07,1.2932579473530437e-07,1.2932743694266588e-07,1.2932907871923497e-07,1.293307200654337e-07,1.2933236098122302e-07,1.2933400146701467e-07,1.2933564152296824e-07,1.2933728114914522e-07,1.2933892034572443e-07,1.293405591129715e-07,1.2934219745106243e-07,1.2934383536021726e-07,1.2934547284060142e-07,1.2934710989237737e-07,1.2934874651573537e-07,1.2935038271112483e-07,1.2935201847836182e-07,1.2935365381779948e-07,1.2935528872963214e-07,1.2935692321397569e-07,1.2935855727111912e-07,1.293601909012075e-07,1.2936182410439603e-07,1.293634568809473e-07,1.2936508923095552e-07,1.2936672115498084e-07,1.2936835265272576e-07,1.2936998372450327e-07,1.2937161437052017e-07,1.2937324459112125e-07,1.293748743862445e-07,1.293765037562965e-07,1.293781327012743e-07,1.2937976122147804e-07,1.2938138931707098e-07,1.2938301698833304e-07,1.2938464423528261e-07,1.2938627105819854e-07,1.293878974572725e-07,1.2938952343270253e-07,1.2939114898482298e-07,1.2939277411339394e-07,1.2939439881880593e-07,1.2939602310133024e-07,1.2939764696122643e-07,1.293992703987358e-07,1.2940089341372124e-07,1.294025160065413e-07,1.294041381773816e-07,1.2940575992642245e-07,1.2940738125380217e-07,1.2940900215980682e-07,1.2941062264467034e-07,1.2941224270834385e-07,1.2941386235116842e-07,1.2941548157331147e-07,1.2941710037497968e-07,1.2941871875631155e-07,1.2942033671753061e-07,1.2942195425879914e-07,1.2942357138041532e-07,1.2942518808254908e-07,1.2942680436509787e-07,1.294284202282735e-07,1.2943003567263877e-07,1.2943165069805493e-07,1.294332653050217e-07,1.2943487949339042e-07,1.2943649326345404e-07,1.2943810661541278e-07,1.2943971954945483e-07,1.2944133206576704e-07,1.2944294416455162e-07,1.294445558459454e-07,1.294461671100581e-07,1.2944777795729567e-07,1.2944938838772328e-07,1.2945099840149116e-07,1.2945260799884165e-07,1.2945421718017096e-07,1.2945582594507155e-07,1.294574342942054e-07,1.2945904222757437e-07,1.2946064974536903e-07,1.294622568476616e-07,1.2946386353493337e-07,1.294654698072177e-07,1.294670756647277e-07,1.2946868110746602e-07,1.2947028613585997e-07,1.2947189075001293e-07,1.2947349494999137e-07,1.294750987360501e-07,1.2947670210835602e-07,1.2947830506722404e-07,1.2947990761265064e-07,1.2948150974487766e-07,1.294831114640036e-07,1.2948471277044713e-07,1.2948631366433903e-07,1.294879141457947e-07,1.2948951421483555e-07,1.2949111387190558e-07,1.2949271311696797e-07,1.2949431195039918e-07,1.2949591037220433e-07,1.2949750838291496e-07,1.2949910598209656e-07,1.295007031702827e-07,1.2950229994771805e-07,1.2950389631450382e-07,1.2950549227076174e-07,1.2950708781677025e-07,1.295086829526661e-07,1.2951027767858525e-07,1.295118719947755e-07,1.2951346590121277e-07,1.295150593982416e-07,1.2951665248620182e-07,1.2951824516513317e-07,1.2951983743518425e-07,1.295214292965281e-07,1.295230207493804e-07,1.2952461179387198e-07,1.2952620243006728e-07,1.295277926584219e-07,1.295293824790228e-07,1.2953097189201211e-07,1.295325608974416e-07,1.295341494957078e-07,1.2953573768675925e-07,1.2953732547094213e-07,1.295389128483962e-07,1.2954049981926958e-07,1.2954208638378007e-07,1.295436725420641e-07,1.2954525829433e-07,1.2954684364071896e-07,1.2954842858124836e-07,1.2955001311647594e-07,1.295515972463405e-07,1.2955318097096087e-07,1.2955476429071927e-07,1.2955634720580049e-07,1.2955792971604667e-07,1.295595118219107e-07,1.2956109352351596e-07,1.2956267482090374e-07,1.2956425571448344e-07,1.2956583620431488e-07,1.2956741629056858e-07,1.2956899597343027e-07,1.2957057525305817e-07,1.295721541296454e-07,1.2957373260328527e-07,1.295753106741454e-07,1.295768883425832e-07,1.2957846560865018e-07,1.295800424725353e-07,1.2958161893448115e-07,1.2958319499460048e-07,1.2958477065306377e-07,1.2958634591004467e-07,1.2958792076571986e-07,1.2958949522026687e-07,1.2959106927387402e-07,1.2959264292666292e-07,1.295942161788336e-07,1.295957890305638e-07,1.2959736148199555e-07,1.2959893353306562e-07,1.2960050518451281e-07,1.2960207643621107e-07,1.2960364728833652e-07,1.2960521774103143e-07,1.296067877945183e-07,1.2960835744894298e-07,1.2960992670448448e-07,1.2961149556130436e-07,1.2961306401958952e-07,1.296146320795e-07,1.2961619974120663e-07,1.2961776700489137e-07,1.2961933387056088e-07,1.2962090033859547e-07,1.296224664092226e-07,1.296240320825094e-07,1.2962559735862363e-07,1.296271622377427e-07,1.2962872672002897e-07,1.2963029080567082e-07,1.296318544946883e-07,1.296334177875171e-07,1.296349806842002e-07,1.2963654318490647e-07,1.2963810528982672e-07,1.2963966699909238e-07,1.2964122831289548e-07,1.296427892314202e-07,1.296443497548126e-07,1.296459098832546e-07,1.2964746961690225e-07,1.296490289559357e-07,1.296505879005351e-07,1.296521464508598e-07,1.296537046070647e-07,1.2965526236933496e-07,1.2965681973772984e-07,1.296583767126049e-07,1.2965993329407624e-07,1.2966148948261466e-07,1.296630452777344e-07,1.2966460067994487e-07,1.296661556893934e-07,1.2966771030625035e-07,1.296692645306947e-07,1.2967081836288278e-07,1.296723718029755e-07,1.2967392485118962e-07,1.2967547750763813e-07,1.2967702977251928e-07,1.2967858164598245e-07,1.2968013312820335e-07,1.2968168421935602e-07,1.2968323491917732e-07,1.2968478522868426e-07,1.2968633514751977e-07,1.2968788467603912e-07,1.296894338143294e-07,1.296909825625397e-07,1.2969253092084074e-07,1.2969407888941783e-07,1.2969562646831765e-07,1.2969717365792031e-07,1.2969872045827608e-07,1.2970026686962886e-07,1.2970181289229557e-07,1.2970335852593216e-07,1.2970490377100716e-07,1.2970644862762732e-07,1.297079930961295e-07,1.297095371764241e-07,1.2971108086890131e-07,1.2971262417359499e-07,1.297141670907032e-07,1.2971570962041677e-07,1.29717251762869e-07,1.2971879351824524e-07,1.297203348867049e-07,1.297218758684094e-07,1.2972341646352182e-07,1.2972495667222129e-07,1.297264964946516e-07,1.2972803593100518e-07,1.2972957498149863e-07,1.2973111364613497e-07,1.2973265192518597e-07,1.2973418981918516e-07,1.2973572732752809e-07,1.2973726445074588e-07,1.297388011890169e-07,1.2974033754247847e-07,1.2974187351146842e-07,1.2974340909591102e-07,1.2974494429621733e-07,1.2974647911222876e-07,1.2974801354430263e-07,1.2974954759255577e-07,1.297510812572175e-07,1.2975261453823826e-07,1.2975414743609247e-07,1.297556799508064e-07,1.297572120825402e-07,1.2975874383158774e-07,1.2976027519784136e-07,1.2976180618159778e-07,1.2976333678302677e-07,1.2976486700233261e-07,1.2976639683957298e-07,1.2976792629497287e-07,1.2976945536868884e-07,1.2977098406087904e-07,1.2977251237210148e-07,1.2977404030174563e-07,1.297755678503411e-07,1.2977709501806055e-07,1.2977862180504678e-07,1.297801482114881e-07,1.297816742376711e-07,1.2978319988348178e-07,1.297847251492342e-07,1.297862500350848e-07,1.2978777454118883e-07,1.2978929866770103e-07,1.2979082241480838e-07,1.29792345782695e-07,1.2979386877141406e-07,1.2979539138119772e-07,1.2979691361218818e-07,1.297984354645563e-07,1.2979995693851447e-07,1.2980147803411923e-07,1.2980299875160334e-07,1.2980451909113693e-07,1.2980603905279787e-07,1.2980755863666816e-07,1.2980907784313134e-07,1.2981059667224618e-07,1.2981211512417873e-07,1.2981363319916033e-07,1.298151508972047e-07,1.298166682185383e-07,1.2981818516326392e-07,1.2981970173166476e-07,1.298212179238374e-07,1.2982273373994868e-07,1.2982424918013181e-07,1.2982576424455742e-07,1.298272789333036e-07,1.2982879324669216e-07,1.2983030718480305e-07,1.298318207477882e-07,1.2983333393572088e-07,1.2983484674893888e-07,1.2983635918755494e-07,1.2983787125153817e-07,1.2983938294127691e-07,1.2984089425686257e-07,1.2984240519841815e-07,1.2984391576624818e-07,1.2984542596022997e-07,1.2984693578067918e-07,1.2984844522773557e-07,1.2984995430157862e-07,1.298514630023063e-07,1.2985297133014509e-07,1.2985447928518624e-07,1.2985598686766074e-07,1.298574940776939e-07,1.2985900091543657e-07,1.2986050738105168e-07,1.29862013474688e-07,1.2986351919650188e-07,1.2986502454664903e-07,1.2986652952528708e-07,1.2986803413256232e-07,1.2986953836864182e-07,1.2987104223368464e-07,1.298725457278368e-07,1.2987404885126761e-07,1.298755516041202e-07,1.2987705398655743e-07,1.298785559987277e-07,1.2988005764079373e-07,1.2988155891290192e-07,1.298830598147991e-07,1.298845603474631e-07,1.2988606051063898e-07,1.2988756030448169e-07,1.2988905972914572e-07,1.2989055878478473e-07,1.298920574715586e-07,1.2989355578961723e-07,1.2989505373911107e-07,1.2989655132020238e-07,1.2989804853304035e-07,1.2989954537778425e-07,1.299010418545768e-07,1.2990253796357723e-07,1.2990403370494707e-07,1.299055290788364e-07,1.299070240853928e-07,1.299085187247736e-07,1.2991001299712572e-07,1.2991150690261804e-07,1.29913000441394e-07,1.299144936136081e-07,1.2991598641941142e-07,1.299174788589619e-07,1.299189709324086e-07,1.2992046263990364e-07,1.299219539816098e-07,1.2992344495766343e-07,1.2992493556823057e-07,1.299264258134502e-07,1.299279156934797e-07,1.2992940520847795e-07,1.2993089435859557e-07,1.2993238314397894e-07,1.2993387156478774e-07,1.299353596211702e-07,1.299368473132793e-07,1.2993833464126332e-07
15,2.1432117168433005e-62,2.082523123847814e-61,6.760613711666785e-61,1.488741128191721e-60,2.90954273745486e-60,4.993701054963564e-60,7.874825031916487e-60,1.1693947250431216e-59,1.652418132211118e-59,2.251554868310639e-59,2.9807418775824596e-59,3.8549313158136784e-59,4.878256611529403e-59,6.073085973791136e-59,7.4466882269547715e-59,9.01113661649824e-59,1.0778475734250451e-58,1.2760728057126694e-58,1.4969899055144482e-58,1.7417981156312525e-58,2.0116956811027852e-58,2.307880086115617e-58,2.6315482354795107e-58,2.9838965936902235e-58,3.366121291329586e-58,3.779418206331156e-58,4.2249830256261384e-58,4.7040112919428e-58,5.217698439223864e-58,5.767239819549148e-58,6.3538307238547955e-58,6.978666396871013e-58,7.642942048753873e-58,8.347852863369592e-58,9.094594005496191e-58,9.884360625269754e-58,1.0718347862557412e-57,1.15977508485689e-57,1.2523764708496996e-57,1.3497584563328474e-57,1.4520405530330985e-57,1.5593422725192345e-57,1.671783126056217e-57,1.7894826248226704e-57,1.9125602799325746e-57,2.0411356023869197e-57,2.1753281030903644e-57,2.3152572929936552e-57,2.461042683023533e-57,2.612803783936742e-57,2.7706601066196104e-57,2.934731161903337e-57,3.105136460649509e-57,3.2819955135683725e-57,3.46542783152326e-57,3.6555529253190744e-57,3.8524903058041275e-57,4.0563594837312316e-57,4.2672799698949196e-57,4.485371275082288e-57,4.7107529100386737e-57,4.943544385622806e-57,5.183865212678169e-57,5.431834901883121e-57,5.687572964148635e-57,5.951198910153481e-57,6.222832250733413e-57,6.502592496763146e-57,6.790599158912885e-57,7.086971748155596e-57,7.391829775034946e-57,7.705292750473437e-57,8.027480185386379e-57,8.358511590451572e-57,8.698506476336795e-57,9.047584354085235e-57,9.405864734231882e-57,9.773467127834629e-57,1.0150511045547835e-56,1.053711599803125e-56,1.0933401496212908e-56,1.1339487050876175e-56,1.1755492172973466e-56,1.2181536373036406e-56,1.2617739161973741e-56,1.306422005072099e-56,1.352109854994182e-56,1.3988494170433782e-56,1.4466526422978401e-56,1.4955314818386256e-56,1.5454978867276616e-56,1.5965638080909965e-56,1.6487411969644339e-56,1.7020420044401733e-56,1.7564781815983558e-56,1.812061679519078e-56,1.8688044492809632e-56,1.9267184419641947e-56,1.985815608647094e-56,2.046107900410515e-56,2.1076072683344466e-56,2.1703256635154177e-56,2.2342750369945346e-56,2.299467339873332e-56,2.3659145232285995e-56,2.433628538160197e-56,2.5026213357099704e-56,2.5729048669737473e-56,2.6444910830338158e-56,2.717391934968488e-56,2.791619373857433e-56,2.867185350780574e-56,2.944101816815435e-56,3.0223807230425706e-56,3.102034020545131e-56,3.183073660398906e-56,3.265511593703346e-56,3.3493597715212556e-56,3.434630144930777e-56,3.521334664990804e-56,3.6094852827991983e-56,3.6990939494585766e-56,3.79017261602995e-56,3.8827332335663174e-56,3.976787753172822e-56,4.0723481259254326e-56,4.169426302925706e-56,4.268034235255402e-56,4.368183873951818e-56,4.469887170113484e-56,4.573156074800187e-56,4.6780025391340285e-56,4.784438514170672e-56,4.892475950998722e-56,5.002126800690216e-56,5.113403014320719e-56,5.226316542982446e-56,5.340879337749364e-56,5.457103349694238e-56,5.575000529904617e-56,5.694582829459561e-56,5.815862199430794e-56,5.93885059090207e-56,6.063559954954096e-56,6.190002242668072e-56,6.318189405076101e-56,6.4481333933061e-56,6.579846158487132e-56,6.713339651649535e-56,6.848625823868915e-56,6.985716626280306e-56,7.124624009854381e-56,7.265359925786179e-56,7.407936325045048e-56,7.552365158762189e-56,7.698658378014907e-56,7.846827933883933e-56,7.996885777449769e-56,8.1488438597902925e-56,8.302714131988556e-56,8.458508545176279e-56,8.616239050323138e-56,8.775917598623602e-56,8.937556141044272e-56,9.101166628717796e-56,9.266761012728473e-56,9.434351244157833e-56,9.603949274136047e-56,9.775567053637154e-56,9.949216533792024e-56,1.012490966568037e-55,1.030265840038681e-55,1.0482474688984379e-55,1.0664370482549868e-55,1.0848357732167388e-55,1.1034448388924684e-55,1.1222654403894174e-55,1.1412987728155595e-55,1.1605460312787867e-55,1.1800084108873078e-55,1.1996871067548868e-55,1.2195833139779813e-55,1.2396982276760906e-55,1.260033042951726e-55,1.2805889549062343e-55,1.3013671586532492e-55,1.3223688493017598e-55,1.3435952219595968e-55,1.3650474717410747e-55,1.3867267937415503e-55,1.4086343830814557e-55,1.4307714348622696e-55,1.4531391441918059e-55,1.4757387061781089e-55,1.4985713159236018e-55,1.5216381685419152e-55,1.5449404591411428e-55,1.5684793828359011e-55,1.5922561347205649e-55,1.6162719099103684e-55,1.6405279035198185e-55,1.6650253106572973e-55,1.689765326417861e-55,1.7147491459151535e-55,1.7399779642501167e-55,1.7654529765376898e-55,1.7911753778998725e-55,1.817146363417631e-55,1.843367128219353e-55,1.869838867405422e-55,1.8965627760853142e-55,1.9235400493729075e-55,1.950771882362479e-55,1.978259470168716e-55,2.0060040078995154e-55,2.034006690656509e-55,2.0622687135620624e-55,2.0907912717160098e-55,2.119575560227282e-55,2.148622774196875e-55,2.1779341087387514e-55,2.207510758967891e-55,2.2373539199791575e-55,2.267464786894869e-55,2.2978445548147764e-55,2.3284944188400316e-55,2.3594155740940786e-55,2.3906092156768207e-55,2.4220765386970988e-55,2.453818738262038e-55,2.4858370094878016e-55,2.5181325474659125e-55,2.550706547312776e-55,2.5835602041450124e-55,2.6166947130625475e-55,2.650111269164842e-55,2.6838110675600206e-55,2.7177953033807926e-55,2.7520651717101654e-55,2.786621867657447e-55,2.8214665863534882e-55,2.8566005228900765e-55,2.8920248723678376e-55,2.9277408299112894e-55,2.963749590610942e-55,3.000052349582849e-55,3.0366503019364484e-55,3.073544642787648e-55,3.110736567227188e-55,3.1482272703637844e-55,3.1860179473302686e-55,3.2241097932096222e-55,3.2625040031188003e-55,3.301201772173215e-55,3.340204295472541e-55,3.3795127681152736e-55,3.419128385228908e-55,3.459052341912233e-55,3.499285833263336e-55,3.5398300543991875e-55,3.580686200436868e-55,3.621855466477934e-55,3.663339047618735e-55,3.705138138985101e-55,3.7472539356683896e-55,3.789687632801876e-55,3.832440425476447e-55,3.8755135087837136e-55,3.918908077849301e-55,3.962625327779359e-55,4.006666453700521e-55,4.051032650685148e-55,4.095725113859653e-55,4.140745038351243e-55,4.1860936192478945e-55,4.2317720516381745e-55,4.277781530669285e-55,4.3241232514130265e-55,4.370798408994553e-55,4.4178081985384596e-55,4.4651538151362476e-55,4.512836453877013e-55,4.560857309887809e-55,4.6092175782782266e-55,4.657918454153687e-55,4.706961132622154e-55,4.756346808810988e-55,4.806076677790373e-55,4.856151934706765e-55,4.906573774649714e-55,4.95734339272749e-55,5.008461984046845e-55,5.059930743716212e-55,5.1117508668245144e-55,5.1639235485180324e-55,5.2164499838663664e-55,5.2693313680169886e-55,5.32256889605692e-55,5.37616376307483e-55,5.4301171642191414e-55,5.4844302945781946e-55,5.539104349259666e-55,5.594140523371532e-55,5.64954001202221e-55,5.705304010299399e-55,5.7614337133509295e-55,5.817930316265839e-55,5.874795014150247e-55,5.932029002093907e-55,5.989633475224188e-55,6.047609628670415e-55,6.105958657498512e-55,6.1646817568567154e-55,6.2237801218150686e-55,6.2832549474994464e-55,6.34310742903975e-55,6.40333876152146e-55,6.463950140032939e-55,6.524942759704531e-55,6.586317815663669e-55,6.648076502976563e-55,6.710220016793373e-55,6.772749552201484e-55,6.835666304308886e-55,6.898971468202473e-55,6.962666239033236e-55,7.026751811887031e-55,7.091229381870913e-55,7.156100144094846e-55,7.221365293665604e-55,7.28702602567016e-55,7.353083535238903e-55,7.419539017502073e-55,7.486393667543672e-55,7.553648680449533e-55,7.621305251395955e-55,7.689364575425419e-55,7.757827847645729e-55,7.826696263208427e-55,7.895971017199039e-55,7.965653304724758e-55,8.035744320915607e-55,8.106245260837727e-55,8.177157319618213e-55,8.24848169234388e-55,8.320219574169658e-55,8.392372160179447e-55,8.464940645458436e-55,8.537926225161316e-55,8.611330094376071e-55,8.685153448205266e-55,8.759397481757242e-55,8.834063390142717e-55,8.909152368468542e-55,8.984665611844513e-55,9.060604315381023e-55,9.136969674183978e-55,9.213762883358281e-55,9.29098513801259e-55,9.368637633255829e-55,9.446721564194322e-55,9.52523812593707e-55,9.604188513591104e-55,9.683573922268262e-55,9.763395547100037e-55,9.843654583168572e-55,9.924352225557605e-55,1.0005489669400589e-54,1.008706810980451e-54,1.0169088741876956e-54,1.0251552760703468e-54,1.0334461361439761e-54,1.041781573916943e-54,1.0501617089003458e-54,1.0585866606047763e-54,1.0670565485407704e-54,1.0755714922192888e-54,1.0841316111540582e-54,1.092737024853004e-54,1.1013878528243748e-54,1.1100842145840436e-54,1.1188262296380313e-54,1.1276140174994048e-54,1.1364476976763938e-54,1.1453273896873676e-54,1.1542532130380347e-54,1.1632252872372552e-54,1.1722437318004359e-54,1.1813086662358814e-54,1.1904202100522998e-54,1.1995784827650977e-54,1.2087836038825208e-54,1.2180356929129348e-54,1.2273348693723586e-54,1.2366812527688665e-54,1.246074962613098e-54,1.2555161184136326e-54,1.2650048396836206e-54,1.2745412459339702e-54,1.2841254566756552e-54,1.2937575914216284e-54,1.3034377696805688e-54,1.313166110960808e-54,1.3229427347754836e-54,1.3327677606378996e-54,1.34264130805389e-54,1.3525634965364884e-54,1.3625344455993984e-54,1.3725542747481572e-54,1.3826231034960902e-54,1.3927410513567462e-54,1.4029082378356212e-54,1.4131247824463076e-54,1.423390804702178e-54,1.4337064241087016e-54,1.4440717601792068e-54,1.4544869324271494e-54,1.4649520603611166e-54,1.4754672634888722e-54,1.4860326613266642e-54,1.4966483733800622e-54,1.5073145191621364e-54,1.5180312181835451e-54,1.5287985899587448e-54,1.5396167539927557e-54,1.5504858298015448e-54,1.5614059368931628e-54,1.572377194776122e-54,1.5833997229635317e-54,1.594473640968947e-54,1.605599068297744e-54,1.6167761244662693e-54,1.6280049289856695e-54,1.6392856013610782e-54,1.650618261105983e-54,1.6620030277282567e-54,1.673440020744589e-54,1.6849293596627273e-54,1.6964711639935956e-54,1.708065553248031e-54,1.7197126469366934e-54,1.7314125645708953e-54,1.7431654256608292e-54,1.7549713497174118e-54,1.7668304562487594e-54,1.7787428647709935e-54,1.790708694792226e-54,1.802728065820828e-54,1.8148010973705828e-54,1.8269279089549147e-54,1.8391086200818182e-54,1.8513433502619157e-54,1.8636322190057426e-54,1.8759753458244615e-54,1.888372850228751e-54,1.9008248517327876e-54,1.913331469841291e-54,1.9258928240674513e-54,1.9385090339224282e-54,1.951180218914327e-54,1.963906498559883e-54,1.9766879923698616e-54,1.9895248198459375e-54,2.002417100507805e-54,2.0153649538633246e-54,2.028368499423412e-54,2.0414278566991435e-54,2.0545431452041916e-54,2.0677144844430053e-54,2.0809419939325024e-54,2.0942257931809572e-54,2.1075660016957008e-54,2.120962738990837e-54,2.1344161245801968e-54,2.1479262779681395e-54,2.1614933186683853e-54,2.1751173661955746e-54,2.188798540050966e-54,2.202536959754637e-54,2.2163327448176977e-54,2.2301860147440272e-54,2.2440968890512874e-54,2.2580654872438366e-54,2.2720919288351613e-54,2.286176333339475e-54,2.300318820258338e-54,2.3145195091121546e-54,2.3287785194113945e-54,2.3430959706606504e-54,2.3574719823739147e-54,2.3719066740656894e-54,2.386400165236344e-54,2.400952575409903e-54,2.4155640240907675e-54,2.4302346307864477e-54,2.4449645150110093e-54,2.4597537962790123e-54,2.4746025940938866e-54,2.489511027973138e-54,2.5044792174251968e-54,2.5195072819570597e-54,2.534595341082311e-54,2.5497435143149906e-54,2.564951921159687e-54,2.580220681134105e-54,2.595549913745955e-54,2.6109397385022915e-54,2.626390274917191e-54,2.6419016425053666e-54,2.6574739607699737e-54,2.6731073492288014e-54,2.688801927386394e-54,2.7045578147566756e-54,2.720375130853823e-54,2.736253995182297e-54,2.7521945272563343e-54,2.76819684658951e-54,2.7842610726865696e-54,2.800387325060943e-54,2.816575723230098e-54,2.8328263866915914e-54,2.84913943496295e-54,2.865514987558466e-54,2.881953163982554e-54,2.898454083752656e-54,2.9150178663757894e-54,2.931644631359753e-54,2.9483344982218507e-54,2.965087586469834e-54,2.9819040156142085e-54,2.998783905165819e-54,3.015727374635838e-54,3.0327345435349753e-54,3.04980553137395e-54,3.066940457663215e-54,3.084139441906942e-54,3.101402603629432e-54,3.118730062335135e-54,3.136121937534834e-54,3.153578348739249e-54,3.1710994154591186e-54,3.1886852572049806e-54,3.206335993488414e-54,3.22405174381307e-54,3.241832627702837e-54,3.2596787646694786e-54,3.2775902742030873e-54,3.29556727583444e-54,3.313609889074815e-54,3.331718233420854e-54,3.349892428390671e-54,3.368132593502152e-54,3.3864388482515425e-54,3.4048113121565664e-54,3.423250104728928e-54,3.4417553454789625e-54,3.460327153917072e-54,3.478965649561768e-54,3.497670951909923e-54,3.5164431804785906e-54,3.535282454785904e-54,3.554188894329284e-54,3.5731626186265964e-54,3.592203747187998e-54,3.6113123995237125e-54,3.630488695145849e-54,3.649732753564485e-54,3.6690446942896725e-54,3.6884246368334727e-54,3.7078727007066745e-54,3.72738900541978e-54,3.7469736704912717e-54,3.7666268154165307e-54,3.786348559714127e-54,3.806139022902384e-54,3.825998324477331e-54,3.845926583957342e-54,3.865923920853118e-54,3.8859904546747637e-54,3.906126304934257e-54,3.9263315911419594e-54,3.9466064328083894e-54,3.9669509494445707e-54,3.987365260569017e-54,4.007849485676901e-54,4.0284037442941126e-54,4.0490281559164824e-54,4.0697228400627583e-54,4.09048791625102e-54,4.111323503977595e-54,4.132229722760406e-54,4.1532066921179843e-54,4.1742545315538783e-54,4.195373360570174e-54,4.216563298685747e-54,4.237824465412095e-54,4.259156980259722e-54,4.280560962746276e-54,4.302036532368577e-54,4.323583808651635e-54,4.345202911099596e-54,4.366893959214936e-54,4.388657072515952e-54,4.410492370513801e-54,4.432399972718966e-54,4.4543799986427476e-54,4.476432567804337e-54,4.498557799697955e-54,4.5207558138421684e-54,4.543026729755906e-54,4.5653706669343926e-54,4.5877877448963056e-54,4.610278083160843e-54,4.6328418012225283e-54,4.655479018599532e-54,4.678189854811212e-54,4.7009744293519726e-54,4.723832861741026e-54,4.7467652714975073e-54,4.76977177811622e-54,4.7928525011229047e-54,4.816007560013773e-54,4.839237074306865e-54,4.8625411635204206e-54,4.885919947158168e-54,4.9093735447231997e-54,4.9329020757337335e-54,4.956505659700469e-54,4.980184416134424e-54,5.003938464554524e-54,5.0277679244551113e-54,5.051672915362979e-54,5.075653556782564e-54,5.099709968215772e-54,5.123842269188342e-54,5.1480505792036753e-54,5.172335017764918e-54,5.1966957043912846e-54,5.221132758601695e-54,5.245646299898606e-54,5.270236447792597e-54,5.29490332179416e-54,5.319647041405726e-54,5.344467726154504e-54,5.369365495544139e-54,5.394340469085342e-54,5.419392766288178e-54,5.444522506663959e-54,5.469729809714972e-54,5.4950147949685e-54,5.52037758192765e-54,5.545818290094407e-54,5.571337038995819e-54,5.596933948135436e-54,5.622609137014906e-54,5.648362725162063e-54,5.67419483208028e-54,5.700105577279129e-54,5.726095080269805e-54,5.752163460563286e-54,5.77831083767024e-54,5.804537331101099e-54,5.83084306035839e-54,5.857228144961563e-54,5.883692704430252e-54,5.910236858265612e-54,5.936860725971336e-54,5.963564427074586e-54,5.990348081069264e-54,6.017211807475265e-54,6.044155725811924e-54,6.071179955580572e-54,6.098284616283569e-54,6.125469827449559e-54,6.152735708571655e-54,6.180082379178206e-54,6.207509958771174e-54,6.235018566862087e-54,6.262608322960116e-54,6.290279346585463e-54,6.318031757223761e-54,6.345865674411931e-54,6.373781217660213e-54,6.401778506453477e-54,6.429857660328741e-54,6.458018798787883e-54,6.486262041341456e-54,6.514587507501094e-54,6.542995316786322e-54,6.571485588689643e-54,6.600058442730075e-54,6.628713998418983e-54,6.657452375267921e-54,6.686273692787504e-54,6.715178070488396e-54,6.744165627881784e-54,6.773236484477893e-54,6.802390759778734e-54,6.831628573312966e-54,6.860950044591176e-54,6.89035529310693e-54,6.919844438379497e-54,6.949417599920526e-54,6.979074897240244e-54,7.008816449849657e-54,7.038642377259207e-54,7.068552798970715e-54,7.098547834513143e-54,7.128627603396676e-54,7.158792225115582e-54,7.189041819189061e-54,7.219376505136715e-54,7.249796402442656e-54,7.280301630645156e-54,7.310892309254766e-54,7.341568557762663e-54,7.372330495689654e-54,7.403178242547005e-54,7.434111917845369e-54,7.465131641104403e-54,7.496237531826272e-54,7.527429709512606e-54,7.558708293682875e-54,7.590073403856874e-54,7.621525159528142e-54,7.653063680216545e-54,7.684689085431714e-54,7.716401494695742e-54,7.748201027500103e-54,7.780087803363525e-54,7.812061941797779e-54,7.844123562314286e-54,7.876272784422724e-54,7.908509727634062e-54,7.940834511460281e-54,7.9732472554112e-54,8.00574807899821e-54,8.038337101732948e-54,8.071014443125201e-54,8.1037802226851e-54,8.136634559933334e-54,8.169577574362086e-54,8.202609385500231e-54,8.235730112850638e-54,8.268939875913463e-54,8.30223879421911e-54,8.335626987269633e-54,8.369104574566105e-54,8.402671675637189e-54,8.43632840998479e-54,8.47007489711912e-54,8.503911256550384e-54,8.537837607781812e-54,8.571854070343146e-54,8.60596076373436e-54,8.640157807466632e-54,8.674445321041498e-54,8.708823423989505e-54,8.743292235812018e-54,8.77785187600889e-54,8.812502464111387e-54,8.84724411961095e-54,8.882076962028116e-54,8.917001110882024e-54,8.952016685663988e-54,8.987123805896137e-54,9.022322591098588e-54,9.057613160763168e-54,9.092995634420433e-54,9.128470131569637e-54,9.16403677171226e-54,9.199695674369791e-54,9.235446959063616e-54,9.27129074528344e-54,9.307227152560146e-54,9.343256300394577e-54,9.379378308296304e-54,9.415593295777401e-54,9.451901382339152e-54,9.488302687502836e-54,9.524797330789687e-54,9.561385431699417e-54,9.59806710973183e-54,9.634842484418255e-54,9.671711675260793e-54,9.708674801759408e-54,9.745731983444848e-54,9.7828833398181e-54,9.820128990389932e-54,9.857469054670775e-54,9.894903652172932e-54,9.932432902395059e-54,9.9700569248581e-54,1.0007775839095276e-53,1.0045589764587089e-53,1.0083498820852657e-53,1.0121503127392817e-53,1.0159602803739972e-53,1.0197797969393554e-53,1.023608874386399e-53,1.0274475246663523e-53,1.0312957597302814e-53,1.0351535915282486e-53,1.0390210320122902e-53,1.0428980931345149e-53,1.0467847868449165e-53,1.050681125094747e-53,1.054587119835026e-53,1.0585027830167542e-53,1.0624281265900617e-53,1.066363162508095e-53,1.0703079027197647e-53,1.0742623591783487e-53,1.0782265438339394e-53,1.082200468636481e-53,1.086184145539085e-53,1.0901775864919191e-53,1.0941808034449639e-53,1.0981938083514493e-53,1.1022166131612251e-53,1.106249229824413e-53,1.110291670294199e-53,1.1143439465207605e-53,1.1184060704550486e-53,1.1224780540481664e-53,1.1265599092523043e-53,1.1306516480165038e-53,1.1347532822927827e-53,1.138864824032161e-53,1.1429862851857571e-53,1.147117677704681e-53,1.1512590135399685e-53,1.1554103046426797e-53,1.1595715629640318e-53,1.1637428004539717e-53,1.1679240290656463e-53,1.1721152607491665e-53,1.1763165074555698e-53,1.1805277811359381e-53,1.1847490937413806e-53,1.188980457223009e-53,1.1932218835319913e-53,1.1974733846191519e-53,1.2017349724346383e-53,1.2060066589316724e-53,1.2102884560614335e-53,1.214580375772755e-53,1.2188824300176935e-53,1.2231946307485371e-53,1.2275169899131268e-53,1.2318495194657701e-53,1.2361922313576075e-53,1.240545137537439e-53,1.2449082499574624e-53,1.249281580569877e-53,1.2536651413235406e-53,1.258058944170705e-53,1.2624630010637195e-53,1.2668773239512783e-53,1.2713019247855226e-53,1.2757368155176108e-53,1.2801820080984754e-53,1.2846375144793293e-53,1.289103346612484e-53,1.293579516447734e-53,1.2980660359350602e-53,1.3025629170277434e-53,1.3070701716757031e-53,1.3115878118301647e-53,1.3161158494410834e-53,1.3206542964607453e-53,1.3252031648400556e-53,1.3297624665301866e-53,1.3343322134821792e-53,1.3389124176470928e-53,1.3435030909761947e-53,1.3481042454204307e-53,1.352715892931858e-53,1.3573380454595177e-53,1.361970714956568e-53,1.3666139133731192e-53,1.371267652659138e-53,1.37593194476691e-53,1.3806068016485533e-53,1.3852922352539247e-53,1.3899882575328714e-53,1.3946948804389816e-53,1.3994121159221004e-53,1.404139975932225e-53,1.408878472422707e-53,1.413627617343482e-53,1.418387422644589e-53,1.4231579002792776e-53,1.427939062196302e-53,1.4327309203491088e-53,1.4375334866864569e-53,1.4423467731617061e-53,1.44717079172491e-53,1.4520055543270338e-53,1.456851072917957e-53,1.4617073594512604e-53,1.4665744258766979e-53,1.4714522841441524e-53,1.4763409462071398e-53,1.4812404240158427e-53,1.4861507295199459e-53,1.491071874671583e-53,1.4960038714219361e-53,1.5009467317231513e-53,1.5059004675252733e-53,1.5108650907793913e-53,1.5158406134376638e-53,1.5208270474476194e-53,1.5258244047628078e-53,1.5308326973355343e-53,1.5358519371156524e-53,1.5408821360542202e-53,1.5459233061021757e-53,1.5509754592094982e-53,1.556038607328463e-53,1.5611127624114405e-53,1.5661979364083804e-53,1.5712941412702376e-53,1.5764013889492318e-53,1.5815196913940866e-53,1.5866490605572062e-53,1.5917895083896359e-53,1.5969410468424305e-53,1.602103687867959e-53,1.6072774434160544e-53,1.6124623254365841e-53,1.6176583458819027e-53,1.622865516702949e-53,1.6280838498519927e-53,1.6333133572788788e-53,1.638554050932376e-53,1.6438059427659537e-53,1.6490690447308254e-53,1.6543433687792065e-53,1.6596289268621411e-53,1.664925730928321e-53,1.6702337929286283e-53,1.6755531248168296e-53,1.6808837385426292e-53,1.6862256460573866e-53,1.691578859311969e-53,1.696943390257576e-53,1.7023192508450042e-53,1.7077064530253954e-53,1.7131050087499507e-53,1.7185149299698788e-53,1.7239362286363103e-53,1.7293689167014414e-53,1.734813006112473e-53,1.7402685088230998e-53,1.7457354367856727e-53,1.7512138019499125e-53,1.7567036162683719e-53,1.7622048916907722e-53,1.7677176401656014e-53,1.7732418736477826e-53,1.778777604088436e-53,1.78432484343612e-53,1.7898836036444853e-53,1.7954538966631356e-53,1.801035734442077e-53,1.806629128933572e-53,1.8122340920889942e-53,1.8178506358592476e-53,1.8234787721951924e-53,1.82911851304936e-53,1.8347698703702497e-53,1.8404328561101993e-53,1.846107482220331e-53,1.8517937606529628e-53,1.857491703357829e-53,1.863201322283595e-53,1.8689226293851225e-53,1.8746556366124518e-53,1.8804003559177024e-53,1.8861567992506844e-53,1.8919249785625123e-53,1.897704905803023e-53,1.9034965929245495e-53,1.9093000518781735e-53,1.9151152946149746e-53,1.9209423330872939e-53,1.9267811792449637e-53,1.93263184503769e-53,1.9384943424179843e-53,1.9443686833369254e-53,1.95025487974556e-53,1.9561529435950495e-53,1.9620628868375994e-53,1.967984721421765e-53,1.9739184592999416e-53,1.979864112423213e-53,1.9858216927439337e-53,1.9917912122120253e-53,1.9977726827796876e-53,2.260543122681611e-15,4.595119658046964e-15,7.007305892042279e-15,9.500909667905531e-15,1.207998866802022e-14,1.4748870644690275e-14,1.7512175769246752e-14,2.0374841310270636e-14,2.3342148893537193e-14,2.6419754639943012e-14,2.961372252502898e-14,3.2930561356560053e-14,3.637726582699922e-14,3.996136216665864e-14,4.369095900413634e-14,4.757480413341471e-14,5.162234799765896e-14,5.584381482841133e-14,6.02502825314999e-14,6.485377259189265e-14,6.966735148433854e-14,7.470524533330932e-14,7.99829698725539e-14,8.551747812337221e-14,9.132732865556295e-14,9.743287783345204e-14,1.038565001039977e-13,1.1062284118300356e-13,1.1775910997469848e-13,1.252954162679462e-13,1.3326516274324556e-13,1.4170550168409988e-13,1.5065786910732849e-13,1.6016861194696453e-13,1.7028972761668292e-13,1.8107973997477944e-13,1.9260474172626085e-13,2.04939641049346e-13,2.1816966029666406e-13,2.3239214778408453e-13,2.4771878103464833e-13,2.642782629237232e-13,2.8221964313264334e-13,3.017164392596598e-13,3.229717893316265e-13,3.462249468608113e-13,3.717595407319516e-13,3.9991417972394926e-13,4.310962077666445e-13,4.657997458956245e-13,5.046296453388882e-13,5.483337119992465e-13,5.978466919202273e-13,6.543512762683625e-13,7.193642179417425e-13,7.948603042498497e-13,8.83454780165384e-13,9.8867847103122e-13,1.1154044246889417e-12,1.2705308286741042e-12,1.4641146151655345e-12,1.598032598888326e-12,1.5980325988885222e-12,1.5980325988894443e-12,1.8874715739260804e-12,2.2751965456345837e-12,2.815726001975863e-12,3.608634802050549e-12,4.850986688520044e-12,6.970227704263663e-12,1.0974911073369198e-11,1.9255720050187744e-11,3.658942017196195e-11,5.3124384488105635e-11,5.3124384488121287e-11,5.3124384488142425e-11,5.3124384488165883e-11,5.312438448819146e-11,5.312438448821956e-11,5.3124384488250753e-11,5.312438448828576e-11,5.3124384488325736e-11,5.312438448837236e-11,5.3124384488528595e-11,5.3124384488684836e-11,5.31243844889645e-11,1.727538386913323e-10,1.1037190093131286e-09,6.789713467951872e-09,3.185018614189229e-08,1.1596886380157099e-07,3.367125383979072e-07,7.937222570028949e-07,1.5366747028118779e-06,2.4632548708600194e-06,3.3487240025012265e-06,4.0378534444768906e-06,4.501524810476294e-06,4.7720768481745475e-06,4.893366251247232e-06,4.903853642355025e-06,4.8344111236418465e-06,4.709584829310921e-06,4.54941941703896e-06,5.356131842599925e-06,6.51838417032385e-06,7.820760418616072e-06,9.166013268867889e-06,1.0499346574089216e-05,1.1787196244762466e-05,1.3009050914411374e-05,1.415306266195674e-05,1.5213267223784333e-05,1.6187707782486926e-05,1.707713444564635e-05,1.7884090837687707e-05,1.861226840858598e-05,1.9266049188483952e-05,1.985018280119224e-05,2.0369559924332978e-05,2.0829055398873968e-05,2.1233421771157416e-05,2.158721936176595e-05,2.1894772730743485e-05,2.216014612318612e-05,2.2387132449248378e-05,2.2579251793006474e-05,2.273975650397752e-05,2.2871640707753964e-05,2.297765265238556e-05,2.3060308738180843e-05,2.3121908399220646e-05,2.3164549243389367e-05,2.3190142034984095e-05,2.3200425235386686e-05,2.3196978914365563e-05,2.318123791589389e-05,2.315450421434902e-05,2.311795843444385e-05,2.3072670534859373e-05,2.3019609674057087e-05,2.295965328922005e-05,2.289359542727185e-05,2.2822154371636963e-05,2.2745979610728842e-05,2.2665658194757456e-05,2.2581720526841126e-05,2.249464563296942e-05,2.2404865953376023e-05,2.2312771695552395e-05,2.221871478662027e-05,2.21230124601901e-05,2.2025950510251213e-05,2.192778624211337e-05,2.182875114799496e-05,2.172905333254887e-05,2.1628879711449886e-05,2.1528398004142645e-05,2.1427758539971046e-05,2.1327095895172466e-05,2.1226530376623008e-05,2.1126169366754796e-05,2.102610854272402e-05,2.092643298168651e-05,2.0827218162921497e-05,2.07285308765303e-05,2.0630430047516177e-05,2.0532967483215e-05,2.043618855128909e-05,2.034013279480963e-05,2.0244834490332478e-05,2.0150323154308863e-05,2.00566240026647e-05,1.9963758367921485e-05,1.9871744077816885e-05,1.9780595799006543e-05,1.969032534908939e-05,1.9600941979891023e-05,1.951245263466405e-05,1.942486218161127e-05,1.9338173625913004e-05,1.9252388302233227e-05,1.9167506049495817e-05,1.9083525369553193e-05,1.900044357121916e-05,1.8918256901000477e-05,1.8836960661737948e-05,1.8756549320255127e-05,1.867701660501228e-05,1.8598355594670412e-05,1.852055879838754e-05,1.844361822859353e-05,1.8367525466922462e-05,1.8292271723918245e-05,1.821784789307459e-05,1.8144244599718224e-05,1.8071452245199335e-05,1.7999461046810218e-05,1.792826107381611e-05,1.7857842279946973e-05,1.778819453266815e-05,1.7719307639518997e-05,1.7651171371783213e-05,1.758377548573052e-05,1.7517109741648452e-05,1.745116392086349e-05,1.738592784093296e-05,1.732139136917325e-05,1.725754443467479e-05,1.719437703894223e-05,1.713187926528415e-05,1.707004128706713e-05,1.700885337493871e-05,1.694830590311379e-05,1.6888389354811913e-05,1.682909432692392e-05,1.6770411533980735e-05,1.6712331811489897e-05,1.6654846118699827e-05,1.6597945540847117e-05,1.6541621290936263e-05,1.6485864711097958e-05,1.6430667273567273e-05,1.6376020581319937e-05,1.6321916368401037e-05,1.6268346499977874e-05,1.6215302972145893e-05,1.6162777911513518e-05,1.611076357459024e-05,1.6059252346999365e-05,1.6008236742535504e-05,1.595770940208471e-05,1.590766309242375e-05,1.5858090704913462e-05,1.5808985254099696e-05,1.5760339876234268e-05,1.571214782772736e-05,1.5664402483540773e-05,1.5617097335532304e-05,1.5570225990758867e-05,1.552378216974615e-05,1.547775970473165e-05,1.543215253788742e-05,1.538695471952766e-05,1.534216040630686e-05,1.5297763859412286e-05,1.5253759442755498e-05,1.5210141621166061e-05,1.5166904958591074e-05,1.5124044116303141e-05,1.5081553851119598e-05,1.5039429013635079e-05,1.499766454646965e-05,1.4956255482534175e-05,1.4915196943314532e-05,1.4874484137175987e-05,1.4834112357689022e-05,1.4794076981977546e-05,1.47543734690903e-05,1.471499735839642e-05,1.4675944268005427e-05,1.463720989321251e-05,1.4598790004969155e-05,1.4560680448379582e-05,1.4522877141223321e-05,1.4485376072503814e-05,1.4448173301023263e-05,1.4411264953983825e-05,1.4374647225614845e-05,1.43383163758263e-05,1.430226872888826e-05,1.4266500672136044e-05,1.4231008654701094e-05,1.4195789186267123e-05,1.4160838835851435e-05,1.412615423061103e-05,1.4091732054673199e-05,1.4057569047990374e-05,1.4023662005218789e-05,1.399000777462062e-05,1.3956603256989277e-05,1.3923445404597497e-05,1.3890531220167715e-05,1.3857857755864564e-05,1.3825422112308913e-05,1.3793221437613094e-05,1.3761252926437055e-05,1.372951381906482e-05,1.3698001400501085e-05,1.3666712999587334e-05,1.363564598813743e-05,1.360479778009174e-05,1.3574165830690021e-05,1.3543747635662225e-05,1.3513540730437022e-05,1.3483542689367709e-05,1.345375112497513e-05,1.342416368720695e-05,1.3394778062713419e-05,1.3365591974138854e-05,1.3336603179428706e-05,1.3307809471151717e-05,1.3279208675837092e-05,1.3250798653325907e-05,1.3222577296136926e-05,1.3194542528846132e-05,1.316669230747989e-05,1.3139024618921174e-05,1.3111537480328945e-05,1.3084228938569922e-05,1.30570970696629e-05,1.30301399782349e-05,1.3003355796989262e-05,1.2976742686185155e-05,1.2950298833128319e-05,1.2924022451672788e-05,1.2897911781733313e-05,1.2871965088808244e-05,1.2846180663512655e-05,1.282055682112139e-05,1.2795091901121941e-05,1.276978426677672e-05,1.2744632304694754e-05,1.2719634424412388e-05,1.2694789057982853e-05,1.2670094659574501e-05,1.2645549705077476e-05,1.2621152691718708e-05,1.2596902137684872e-05,1.257279658175333e-05,1.2548834582930668e-05,1.2525014720098817e-05,1.2501335591668473e-05,1.2477795815239727e-05,1.2454394027269601e-05,1.2431128882746589e-05,1.2407999054871703e-05,1.2385003234746173e-05,1.2362140131065436e-05,1.233940846981945e-05,1.2316806993998974e-05,1.229433446330791e-05,1.2271989653881367e-05,1.2249771358009444e-05,1.2227678383866573e-05,1.2205709555246221e-05,1.2183863711300985e-05,1.216213970628772e-05,1.214053640931791e-05,1.2119052704112811e-05,1.2097687488763546e-05,1.207643967549584e-05,1.2055308190439429e-05,1.2034291973401985e-05,1.2013389977647377e-05,1.1992601169678323e-05,1.1971924529023247e-05,1.1951359048027244e-05,1.1930903731647078e-05,1.191055759725009e-05,1.1890319674417042e-05,1.1870189004748675e-05,1.1850164641675925e-05,1.1830245650273838e-05,1.1810431107078911e-05,1.1790720099909923e-05,1.1771111727692195e-05,1.1751605100285104e-05,1.1732199338312743e-05,1.1712893572997897e-05,1.1693686945999026e-05,1.167457860925027e-05,1.1655567724804431e-05,1.1636653464678866e-05,1.161783501070415e-05,1.1599111554375616e-05,1.1580482296707538e-05,1.1561946448089973e-05,1.154350322814823e-05,1.1525151865604897e-05,1.1506891598144298e-05,1.1488721672279474e-05,1.1470641343221505e-05,1.1452649874751138e-05,1.1434746539092832e-05,1.1416930616790874e-05,1.1399201396587833e-05,1.1381558175305106e-05,1.136400025772559e-05,1.1346526956478373e-05,1.1329137591925505e-05,1.1311831492050715e-05,1.1294607992350126e-05,1.1277466435724731e-05,1.1260406172374916e-05,1.1243426559696657e-05,1.12265269621796e-05,1.1209706751306827e-05,1.119296530545639e-05,1.1176302009804495e-05,1.1159716256230343e-05,1.1143207443222586e-05,1.11267749757874e-05,1.1110418265358028e-05,1.1094136729705951e-05,1.1077929792853464e-05,1.1061796884987766e-05,1.1045737442376443e-05,1.1029750907284412e-05,1.1013836727892191e-05,1.0997994358215562e-05,1.0982223258026496e-05,1.0966522892775489e-05,1.095089273351506e-05,1.0935332256824553e-05,1.091984094473615e-05,1.0904418284662138e-05,1.0889063769323264e-05,1.0873776896678345e-05,1.085855716985492e-05,1.084340409708111e-05,1.0828317191618503e-05,1.0813295971696105e-05,1.0798339960445439e-05,1.0783448685836566e-05,1.0768621680615167e-05,1.0753858482240645e-05,1.0739158632825153e-05,1.0724521679073605e-05,1.0709947172224645e-05,1.0695434667992504e-05,1.0680983726509796e-05,1.066659391227119e-05,1.0652264794077927e-05,1.0637995944983275e-05,1.0623786942238695e-05,1.0609637367241011e-05,1.0595546805480223e-05,1.0581514846488229e-05,1.0567541083788242e-05,1.0553625114845083e-05,1.0539766541016124e-05,1.0525964967503069e-05,1.0512220003304332e-05,1.04985312611683e-05,1.0484898357547155e-05,1.0471320912551473e-05,1.0457798549905463e-05,1.0444330896902877e-05,1.0430917584363577e-05,1.0417558246590756e-05,1.0404252521328779e-05,1.0391000049721646e-05,1.0377800476272087e-05,1.036465344880122e-05,1.0351558618408805e-05,1.0338515639434139e-05,1.0325524169417417e-05,1.031258386906174e-05,1.0299694402195625e-05,1.0286855435736088e-05,1.0274066639652228e-05,1.0261327686929353e-05,1.0248638253533611e-05,1.0235998018377128e-05,1.022340666328367e-05,1.0210863872954735e-05,1.019836933493617e-05,1.0185922739585255e-05,1.0173523780038246e-05,1.0161172152178353e-05,1.014886755460422e-05,1.0136609688598787e-05,1.0124398258098644e-05,1.011223296966373e-05,1.010011353244756e-05,1.0088039658167782e-05,1.0076011061077177e-05,1.0064027457935022e-05,1.0052088567978944e-05,1.0040194112897e-05,1.0028343816800322e-05,1.001653740619596e-05,1.0004774609960247e-05,9.993055159312418e-06,9.981378787788641e-06,9.969745231216385e-06,9.95815422768911e-06,9.946605517541357e-06,9.935098843324134e-06,9.923633949780586e-06,9.912210583822094e-06,9.900828494504616e-06,9.889487433005337e-06,9.878187152599696e-06,9.866927408638649e-06,9.855707958526283e-06,9.84452856169766e-06,9.833388979597017e-06,9.822288975656233e-06,9.811228315273568e-06,9.800206765792658e-06,9.789224096481833e-06,9.778280078513687e-06,9.767374484944875e-06,9.756507090696208e-06,9.745677672533031e-06,9.734886009045762e-06,9.724131880630776e-06,9.71341506947148e-06,9.70273535951966e-06,9.69209253647702e-06,9.681486387777042e-06,9.670916702566936e-06,9.660383271689989e-06,9.649885887668009e-06,9.639424344684019e-06,9.628998438565198e-06,9.618607966766037e-06,9.608252728351655e-06,9.597932523981362e-06,9.58764715589245e-06,9.577396427884114e-06,9.567180145301644e-06,9.55699811502077e-06,9.546850145432218e-06,9.53673604642646e-06,9.526655629378612e-06,9.516608707133579e-06,9.506595093991344e-06,9.496614605692428e-06,9.48666705940356e-06,9.476752273703494e-06,9.466870068569003e-06,9.457020265361071e-06,9.447202686811189e-06,9.437417157007872e-06,9.427663501383342e-06,9.417941546700323e-06,9.408251121039016e-06,9.398592053784246e-06,9.388964175612753e-06,9.379367318480627e-06,9.369801315610892e-06,9.360266001481247e-06,9.35076121181193e-06,9.341286783553776e-06,9.331842554876338e-06,9.322428365156202e-06,9.313044054965448e-06,9.30368946606021e-06,9.294364441369365e-06,9.285068824983417e-06,9.27580246214341e-06,9.266565199230077e-06,9.257356883753012e-06,9.248177364340076e-06,9.239026490726814e-06,9.229904113746064e-06,9.220810085317686e-06,9.211744258438355e-06,9.202706487171519e-06,9.19369662663748e-06,9.184714533003533e-06,9.175760063474267e-06,9.166833076281948e-06,9.157933430677037e-06,9.149060986918779e-06,9.140215606265931e-06,9.131397150967572e-06,9.122605484254042e-06,9.113840470327936e-06,9.105101974355247e-06,9.0963898624566e-06,9.087704001698547e-06,9.079044260084988e-06,9.070410506548697e-06,9.061802610942916e-06,9.053220444033061e-06,9.044663877488505e-06,9.036132783874444e-06,9.02762703664389e-06,9.019146510129725e-06,9.010691079536816e-06,9.002260620934276e-06,8.993855011247765e-06,8.98547412825188e-06,8.977117850562654e-06,8.968786057630083e-06,8.960478629730793e-06,8.95219544796076e-06,8.943936394228105e-06,8.93570135124595e-06,8.927490202525388e-06,8.919302832368515e-06,8.911139125861524e-06,8.902998968867873e-06,8.894882248021544e-06,8.886788850720356e-06,8.87871866511935e-06,8.870671580124257e-06,8.86264748538502e-06,8.854646271289407e-06,8.846667828956638e-06,8.838712050231158e-06,8.830778827676405e-06,8.822868054568682e-06,8.814979624891076e-06,8.807113433327454e-06,8.79926937525649e-06,8.791447346745809e-06,8.783647244546149e-06,8.775868966085574e-06,8.768112409463798e-06,8.760377473446508e-06,8.752664057459776e-06,8.74497206158457e-06,8.737301386551207e-06,8.729651933733974e-06,8.722023605145767e-06,8.714416303432748e-06,8.706829931869122e-06,8.699264394351902e-06,8.69171959539579e-06,8.684195440128049e-06,8.67669183428347e-06,8.66920868419936e-06,8.661745896810628e-06,8.654303379644839e-06,8.646881040817416e-06,8.639478789026798e-06,8.632096533549707e-06,8.624734184236448e-06,8.617391651506239e-06,8.610068846342603e-06,8.602765680288804e-06,8.595482065443331e-06,8.588217914455398e-06,8.580973140520544e-06,8.573747657376218e-06,8.566541379297434e-06,8.55935422109249e-06,8.552186098098693e-06,8.54503692617813e-06,8.53790662171349e-06,8.530795101603956e-06,8.523702283261063e-06,8.516628084604669e-06,8.509572424058924e-06,8.502535220548295e-06,8.495516393493637e-06,8.488515862808248e-06,8.481533548894047e-06,8.474569372637712e-06,8.46762325540692e-06,8.460695119046562e-06,8.453784885875024e-06,8.446892478680523e-06,8.440017820717435e-06,8.43316083570269e-06,8.426321447812184e-06,8.419499581677244e-06,8.412695162381096e-06,8.405908115455397e-06,8.399138366876783e-06,8.392385843063458e-06,8.385650470871787e-06,8.378932177592976e-06,8.372230890949749e-06,8.365546539093007e-06,8.35887905059865e-06,8.352228354464265e-06,8.345594380106005e-06,8.338977057355352e-06,8.332376316456023e-06,8.32579208806083e-06,8.319224303228626e-06,8.312672893421206e-06,8.306137790500342e-06,8.299618926724733e-06,8.293116234747045e-06,8.286629647611e-06,8.28015909874841e-06,8.273704521976325e-06,8.267265851494145e-06,8.260843021880799e-06,8.254435968091918e-06,8.248044625457056e-06,8.241668929676937e-06,8.235308816820692e-06,8.228964223323178e-06,8.222635085982268e-06,8.216321341956192e-06,8.210022928760908e-06,8.203739784267466e-06,8.197471846699441e-06,8.191219054630333e-06,8.184981346981047e-06,8.178758663017356e-06,8.172550942347392e-06,8.166358124919191e-06,8.160180151018213e-06,8.154016961264895e-06,8.147868496612274e-06,8.141734698343564e-06,8.135615508069801e-06,8.129510867727476e-06,8.123420719576212e-06,8.117345006196457e-06,8.111283670487188e-06,8.105236655663634e-06,8.09920390525505e-06,8.093185363102453e-06,8.087180973356435e-06,8.081190680474964e-06,8.0752144292212e-06,8.069252164661356e-06,8.06330383216255e-06,8.057369377390697e-06,8.051448746308395e-06,8.045541885172866e-06,8.039648740533863e-06,8.033769259231651e-06,8.027903388394952e-06,8.02205107543897e-06,8.016212268063355e-06,8.010386914250255e-06,8.004574962262347e-06,7.998776360640882e-06,7.99299105820378e-06,7.987219004043704e-06,7.981460147526155e-06,7.975714438287626e-06,7.969981826233692e-06,7.964262261537212e-06,7.958555694636464e-06,7.952862076233329e-06,7.94718135729151e-06,7.941513489034732e-06,7.935858422944958e-06,7.930216110760667e-06,7.924586504475073e-06,7.918969556334416e-06,7.913365218836255e-06,7.907773444727746e-06,7.902194187003984e-06,7.89662739890631e-06,7.89107303392067e-06,7.88553104577594e-06,7.880001388442347e-06,7.874484016129806e-06,7.868978883286327e-06,7.863485944596443e-06,7.858005154979618e-06,7.85253646958866e-06,7.847079843808214e-06,7.841635233253196e-06,7.836202593767262e-06,7.830781881421298e-06,7.825373052511927e-06,7.81997606356001e-06,7.814590871309158e-06,7.809217432724289e-06,7.803855704990152e-06,7.798505645509903e-06,7.793167211903638e-06,7.787840362007016e-06,7.782525053869834e-06,7.777221245754614e-06,7.77192889613524e-06,7.766647963695564e-06,7.76137840732806e-06,7.75612018613245e-06,7.750873259414379e-06,7.745637586684073e-06,7.740413127655011e-06,7.735199842242636e-06,7.729997690563032e-06,7.724806632931644e-06,7.719626629861993e-06,7.71445764206442e-06,7.709299630444783e-06,7.704152556103273e-06,7.699016380333108e-06,7.693891064619354e-06,7.688776570637644e-06,7.683672860253044e-06,7.678579895518779e-06,7.673497638675076e-06,7.66842605214797e-06,7.663365098548141e-06,7.658314740669728e-06,7.653274941489183e-06,7.648245664164116e-06,7.643226872032174e-06,7.638218528609896e-06,7.633220597591585e-06,7.6282330428482115e-06,7.623255828426298e-06,7.618288918546818e-06,7.613332277604132e-06,7.608385870164881e-06,7.603449660966918e-06,7.598523614918265e-06,7.593607697096037e-06,7.588701872745412e-06,7.583806107278574e-06,7.578920366273687e-06,7.574044615473882e-06,7.569178820786231e-06,7.564322948280742e-06,7.559476964189355e-06,7.554640834904948e-06,7.549814526980372e-06,7.544998007127426e-06,7.540191242215939e-06,7.53539419927277e-06,7.530606845480863e-06,7.525829148178306e-06,7.521061074857373e-06,7.5163025931635976e-06,7.5115536708948396e-06,7.506814276000372e-06,7.502084376579962e-06,7.497363940882948e-06,7.492652937307362e-06,7.487951334399025e-06,7.4832591008506475e-06,7.478576205500973e-06,7.473902617333874e-06,7.469238305477503e-06,7.464583239203427e-06,7.459937387925759e-06,7.455300721200328e-06,7.450673208723817e-06,7.446054820332936e-06,7.441445526003589e-06,7.4368452958500435e-06,7.432254100124115e-06,7.42767190921435e-06,7.423098693645226e-06,7.4185344240763445e-06,7.413979071301627e-06,7.409432606248549e-06,7.404894999977314e-06,7.400366223680123e-06,7.395846248680363e-06,7.391335046431863e-06,7.3868325885181065e-06,7.382338846651503e-06,7.3778537926726265e-06,7.373377398549454e-06,7.368909636376637e-06,7.364450478374776e-06,7.359999896889675e-06,7.355557864391601e-06,7.351124353474614e-06,7.346699336855803e-06,7.342282787374595e-06,7.337874677992057e-06,7.333474981790179e-06,7.32908367197119e-06,7.32470072185687e-06,7.320326104887852e-06,7.315959794622958e-06,7.311601764738508e-06,7.3072519890276596e-06,7.302910441399726e-06,7.2985770958795416e-06,7.294251926606792e-06,7.289934907835327e-06,7.285626013932573e-06,7.281325219378858e-06,7.277032498766751e-06,7.272747826800475e-06,7.2684711782952446e-06,7.264202528176641e-06,7.259941851480006e-06,7.255689123349802e-06,7.251444319039024e-06,7.247207413908581e-06,7.242978383426675e-06,7.238757203168228e-06,7.234543848814268e-06,7.23033829615133e-06,7.226140521070891e-06,7.221950499568762e-06,7.217768207744525e-06,7.213593621800947e-06,7.209426718043408e-06,7.20526747287934e-06,7.20111586281764e-06,7.196971864468143e-06,7.192835454541046e-06,7.188706609846333e-06,7.184585307293286e-06,7.180471523889852e-06,7.17636523674219e-06,7.172266423054072e-06,7.1681750601263705e-06,7.1640911253565226e-06,7.160014596238003e-06,7.155945450359803e-06,7.1518836654058935e-06,7.147829219154737e-06,7.143782089478744e-06,7.139742254343776e-06,7.135709691808645e-06,7.131684380024591e-06,7.127666297234797e-06,7.123655421773883e-06,7.119651732067422e-06,7.115655206631438e-06,7.111665824071928e-06,7.107683563084361e-06,7.103708402453224e-06,7.099740321051517e-06,7.095779297840302e-06,7.091825311868203e-06,7.087878342270974e-06,7.083938368271004e-06,7.080005369176852e-06,7.076079324382829e-06,7.072160213368472e-06,7.068248015698172e-06,7.064342711020649e-06,7.060444279068555e-06,7.056552699658006e-06,7.052667952688141e-06,7.0487900181407e-06,7.044918876079565e-06,7.0410545066503385e-06,7.03719689007991e-06,7.033346006676042e-06,7.02950183682691e-06,7.025664361000722e-06,7.021833559745279e-06,7.018009413687545e-06,7.014191903533255e-06,7.010381010066505e-06,7.006576714149307e-06,7.002778996721236e-06,6.998987838798974e-06,6.995203221475956e-06,6.9914251259219285e-06,6.987653533382601e-06,6.983888425179193e-06,6.980129782708093e-06,6.976377587440451e-06,6.972631820921786e-06,6.968892464771621e-06,6.9651595006830794e-06,6.961432910422513e-06,6.9577126758291434e-06,6.953998778814665e-06,6.950291201362886e-06,6.94658992552934e-06,6.942894933440959e-06,6.939206207295657e-06,6.9355237293620015e-06,6.931847481978856e-06,6.928177447554998e-06,6.9245136085687764e-06,6.920855947567763e-06,6.917204447168395e-06,6.913559090055617e-06,6.909919858982554e-06,6.90628673677015e-06,6.9026597063068234e-06,6.899038750548144e-06,6.895423852516478e-06,6.891814995300662e-06,6.8882121620556545e-06,6.884615336002218e-06,6.881024500426586e-06,6.877439638680126e-06,6.873860734179017e-06,6.87028777040393e-06,6.866720730899703e-06,6.863159599275025e-06,6.859604359202101e-06,6.8560549944163585e-06,6.852511488716116e-06,6.848973825962277e-06,6.845441990078017e-06,6.841915965048481e-06,6.838395734920463e-06,6.834881283802115e-06,6.831372595862635e-06,6.827869655331968e-06,6.824372446500515e-06,6.820880953718811e-06,6.817395161397254e-06,6.813915054005809e-06,6.810440616073697e-06,6.806971832189114e-06,6.8035086869989565e-06,6.800051165208503e-06,6.796599251581158e-06,6.793152930938155e-06,6.7897122439670525e-06,6.786277112851028e-06,6.782847525050727e-06,6.7794234670676105e-06,6.7760049246944235e-06,6.77259188337485e-06,6.769184328601818e-06,6.765782245712457e-06,6.76238562004056e-06,6.7589944371922155e-06,6.755608682480578e-06,6.7522283415575795e-06,6.748853400114479e-06,6.7454838436133204e-06,6.742119657993304e-06,6.738760828827949e-06,6.735407341894345e-06,6.732059183223342e-06,6.728716338625872e-06,6.725378794004494e-06,6.722046535501648e-06,6.718719549205682e-06,6.715397821057424e-06,6.712081337401439e-06,6.708770084320677e-06,6.705464048055687e-06,6.702163214981591e-06,6.6988675714578956e-06,6.695577103902889e-06,6.692291798820199e-06,6.689011642633852e-06,6.6857366220941565e-06,6.682466723562722e-06,6.679201933744593e-06,6.67594223955363e-06,6.672687627430347e-06,6.669438084365005e-06,6.666193597121508e-06,6.6629541525915484e-06,6.659719737992612e-06,6.65649033997188e-06,6.653265945602034e-06,6.650046542023607e-06,6.6468321163878975e-06,6.643622655897373e-06,6.6404181476973765e-06,6.637218579085974e-06,6.634023937379868e-06,6.630834209917086e-06,6.627649384110453e-06,6.624469447403554e-06,6.621294387288422e-06,6.618124191320295e-06,6.6149588470348254e-06,6.611798342033614e-06,6.608642664080689e-06,6.605491800831182e-06,6.602345740038936e-06,6.5992044695384125e-06,6.596067977150954e-06,6.592936250843471e-06,6.589809278291666e-06,6.58668704760222e-06,6.58356954679145e-06,6.580456763880163e-06,6.577348687039552e-06,6.574245304400619e-06,6.571146604076804e-06,6.568052574342092e-06,6.564963203420238e-06,6.5618784796239696e-06,6.558798391295902e-06,6.555722926813658e-06,6.552652074650206e-06,6.549585823216031e-06,6.546524161031491e-06,6.543467076635364e-06,6.540414558655391e-06,6.537366595652686e-06,6.534323176234269e-06,6.531284289272553e-06,6.528249923423935e-06,6.52522006747346e-06,6.522194710261768e-06,6.519173840680835e-06,6.516157447560588e-06,6.513145519674785e-06,6.510138046149296e-06,6.507135016232813e-06,6.504136418784308e-06,6.50114224291709e-06,6.498152477673447e-06,6.495167112297231e-06,6.492186135916976e-06,6.489209537857538e-06,6.486237307344526e-06,6.483269433682538e-06,6.480305906150305e-06,6.4773467142315175e-06,6.474391847335491e-06,6.471441294895081e-06,6.468495046407953e-06,6.4655530914314495e-06,6.462615419471702e-06,6.459682020156637e-06,6.456752883113792e-06,6.453827998020952e-06,6.450907354587853e-06,6.447990942544563e-06,6.445078751661474e-06,6.442170771757405e-06,6.439266992669682e-06,6.436367404259952e-06,6.433471996468351e-06,6.430580759232494e-06,6.427693682526955e-06,6.424810756359789e-06,6.421931970785445e-06,6.41905731588247e-06,6.416186781777211e-06,6.413320358588205e-06,6.410458036490692e-06,6.407599805721021e-06,6.404745656462753e-06,6.401895579099965e-06,6.399049563885112e-06,6.396207601170286e-06,6.393369681311076e-06,6.390535794735364e-06,6.387705931859404e-06,6.384880083160543e-06,6.382058239150368e-06,6.3792403903662605e-06,6.376426527342461e-06,6.3736166406767984e-06,6.370810721013749e-06,6.368008759012138e-06,6.365210745354643e-06,6.362416670759868e-06,6.359626525967506e-06,6.356840301770397e-06,6.354057988966622e-06,6.351279578409041e-06,6.348505060963428e-06,6.3457344275574634e-06,6.342967669064919e-06,6.3402047764669306e-06,6.337445740746304e-06,6.334690552939394e-06,6.331939204115587e-06,6.3291916853245175e-06,6.326447987638465e-06,6.3237081022283974e-06,6.320972020255179e-06,6.318239732651105e-06,6.315511231081995e-06,6.312786506694428e-06,6.310065550754325e-06,6.3073483544730785e-06,6.304634909212869e-06,6.301925206360131e-06,6.299219237262761e-06,6.2965169933429474e-06,6.293818466055653e-06,6.291123646876146e-06,6.288432527288637e-06,6.2857450988282e-06,6.28306135305365e-06,6.280381281547824e-06,6.277704875924256e-06,6.275032127814904e-06,6.272363028880449e-06,6.269697570800208e-06,6.267035745294549e-06,6.2643775441004145e-06,6.261722958983845e-06,6.259071981730116e-06,6.256424604188642e-06,6.253780818294216e-06,6.251140615717185e-06,6.248503988456996e-06,6.245870928429926e-06,6.2432414275953086e-06,6.240615477918339e-06,6.23799307139702e-06,6.235374200193134e-06,6.232758856101811e-06,6.230147031322803e-06,6.2275387179503615e-06,6.224933908117076e-06,6.222332593966914e-06,6.219734767670468e-06,6.217140421343874e-06,6.2145495473970075e-06,6.211962137983856e-06,6.209378185394976e-06,6.206797681885822e-06,6.20422061978547e-06,6.201646991449506e-06,6.199076789206504e-06,6.1965100055212815e-06,6.193946632806802e-06,6.191386663437283e-06,6.18883008990761e-06,6.186276904589863e-06,6.183727100250933e-06,6.181180669249182e-06,6.178637604175202e-06,6.176097897592209e-06,6.173561542078521e-06,6.171028530334018e-06,6.168498854894027e-06,6.165972508559693e-06,6.163449483972057e-06,6.160929773820083e-06,6.158413370871555e-06,6.155900267771336e-06,6.153390457522309e-06,6.150883932780887e-06,6.148380686386034e-06,6.145880711227694e-06,6.143384000158404e-06,6.140890546019749e-06,6.138400341771196e-06,6.135913380412589e-06,6.133429654701587e-06,6.1309491577879545e-06,6.1284718826183935e-06,6.1259978221804886e-06,6.123526969585887e-06,6.121059317862549e-06,6.1185948601012905e-06,6.1161335893990325e-06,6.113675498883059e-06,6.1112205817035244e-06,6.108768831020349e-06,6.106320240036154e-06,6.103874801773951e-06,6.101432509796269e-06,6.098993357189334e-06,6.096557337227735e-06,6.094124443192092e-06,6.091694668401296e-06,6.089268006145409e-06,6.086844449832976e-06,6.084423992768138e-06,6.08200662843744e-06,6.079592350181333e-06,6.077181151443593e-06,6.074773025669265e-06,6.072367966323733e-06,6.069965966937441e-06,6.067567020939911e-06,6.065171121902977e-06,6.062778263363534e-06,6.06038843887852e-06,6.058001642037197e-06,6.055617866477089e-06,6.053237105759787e-06,6.050859353541098e-06,6.048484603496185e-06,6.046112849291504e-06,6.043744084626141e-06,6.0413783032301685e-06,6.039015498813826e-06,6.0366556651515305e-06,6.034298796077768e-06,6.031944885234838e-06,6.029593926604759e-06,6.027245913805278e-06,6.024900840789759e-06,6.0225587014336704e-06,6.020219489571667e-06,6.017883199120696e-06,6.0155498240070996e-06,6.013219358157366e-06,6.010891795514546e-06,6.008567130009158e-06,6.006245355727095e-06,6.003926466602912e-06,6.0016104566565734e-06,5.999297319894222e-06,5.996987050484365e-06,5.994679642364699e-06,5.992375089758534e-06,5.990073386702339e-06,5.9877745273357496e-06,5.985478505782111e-06,5.983185316207392e-06,5.980894952817782e-06,5.9786074097270125e-06,5.976322681184201e-06,5.974040761518356e-06,5.971761644764791e-06,5.969485325284131e-06,5.967211797350205e-06,5.964941055258736e-06,5.962673093308704e-06,5.9604079057999675e-06,5.958145487097835e-06,5.955885831573241e-06,5.953628933583691e-06,5.9513747877274315e-06,5.94912338800401e-06,5.946874729052918e-06,5.944628805275713e-06,5.942385611127829e-06,5.9401451410772785e-06,5.937907389618746e-06,5.935672351190923e-06,5.933440020407391e-06,5.931210391756641e-06,5.928983459706215e-06,5.926759218959458e-06,5.924537664029593e-06,5.922318789512504e-06,5.920102589994303e-06,5.917889060110102e-06,5.91567819446852e-06,5.913469987777496e-06,5.911264434666101e-06,5.909061529855157e-06,5.906861267996861e-06,5.9046636438111636e-06,5.90246865207448e-06,5.900276287402648e-06,5.89808654469445e-06,5.8958994186516995e-06,5.893714904072487e-06,5.891532995763747e-06,5.889353688524223e-06,5.887176977193376e-06,5.8850028566163585e-06,5.88283132161993e-06,5.880662367123047e-06,5.878495987998114e-06,5.876332179139364e-06,5.874170935441536e-06,5.872012251883883e-06,5.8698561233742375e-06,5.867702544879812e-06,5.865551511285411e-06,5.863403017739675e-06,5.861257059160541e-06,5.859113630565247e-06,5.856972726973103e-06,5.854834343423004e-06,5.85269847489733e-06,5.850565116613198e-06,5.848434263574993e-06,5.846305910881294e-06,5.844180053633409e-06,5.8420566869571025e-06,5.839935805972639e-06,5.8378174058408655e-06,5.835701481741712e-06,5.833588028759439e-06,5.831477042215179e-06,5.829368517243337e-06,5.827262449054682e-06,5.825158832904964e-06,5.823057664004088e-06,5.8209589375730765e-06,5.818862648940113e-06,5.816768793360577e-06,5.814677366136515e-06,5.8125883625608035e-06,5.810501777952915e-06,5.8084176077019635e-06,5.806335847035389e-06,5.804256491350307e-06,5.802179536023035e-06,5.800104976428157e-06,5.798032807920532e-06,5.7959630259648375e-06,5.793895625992204e-06,5.791830603406405e-06,5.789767953655566e-06,5.787707672157298e-06,5.785649754407175e-06,5.783594195878772e-06,5.781540992063865e-06,5.779490138460123e-06,5.77744163059644e-06,5.7753954639773345e-06,5.773351634174102e-06,5.771310136661917e-06,5.769270967014975e-06,5.767234120883518e-06,5.765199593859514e-06,5.763167381414331e-06,5.761137479244167e-06,5.7591098830425405e-06,5.757084588374254e-06,5.755061590810169e-06,5.7530408860830695e-06,5.751022469935106e-06,5.749006337873217e-06,5.746992485727135e-06,5.744980909094159e-06,5.742971603798426e-06,5.7409645655067034e-06,5.738959789949702e-06,5.7369572728772164e-06,5.73495701006042e-06,5.732958997264238e-06,5.730963230237147e-06,5.728969704720108e-06,5.726978416662093e-06,5.724989361799999e-06,5.723002535953018e-06,5.7210179349737635e-06,5.719035554699322e-06,5.717055390904027e-06,5.715077439610473e-06,5.7131016966252134e-06,5.711128157848597e-06,5.709156819101719e-06,5.707187676388244e-06,5.705220725613452e-06,5.703255962739499e-06,5.701293383593537e-06,5.699332984276011e-06,5.697374760651711e-06,5.695418708753969e-06,5.6934648245118655e-06,5.691513103967226e-06,5.689563543131065e-06,5.687616137973457e-06,5.685670884543191e-06,5.683727778888702e-06,5.681786817040702e-06,5.67984799503643e-06,5.677911308981743e-06,5.6759767549344295e-06,5.674044328981729e-06,5.6721140272211625e-06,5.670185845759346e-06,5.668259780714281e-06,5.666335828212154e-06,5.664413984373646e-06,5.6624942453800245e-06,5.660576607371141e-06,5.658661066497252e-06,5.656747618968389e-06,5.6548362609543074e-06,5.652926988650046e-06,5.651019798262124e-06,5.649114686005145e-06,5.6472116481049065e-06,5.645310680796117e-06,5.643411780323114e-06,5.641514942939503e-06,5.639620164909126e-06,5.637727442504384e-06,5.635836772007205e-06,5.633948149709615e-06,5.6320615719123446e-06,5.630177034926062e-06,5.628294535070917e-06,5.626414068675157e-06,5.6245356320583536e-06,5.622659221586851e-06,5.620784833618453e-06,5.618912464518239e-06,5.617042110681482e-06,5.615173768448645e-06,5.613307434241489e-06,5.611443104457793e-06,5.609580775509986e-06,5.607720443816405e-06,5.6058621058078255e-06,5.604005757850239e-06,5.602151396471957e-06,5.600299018183708e-06,5.598448619384187e-06,5.596600196526201e-06,5.594753746139342e-06,5.592909264697231e-06,5.5910667486733164e-06,5.589226194599883e-06,5.587387598998996e-06,5.5855509584257295e-06,5.583716269334831e-06,5.581883528330957e-06,5.580052731882804e-06,5.578223876683084e-06,5.576396959239314e-06,5.574571976063615e-06,5.572748923868552e-06,5.570927799198792e-06,5.569108598642914e-06,5.5672913187903284e-06,5.565475956281191e-06,5.563662507746564e-06,5.561850969809781e-06,5.56004133906596e-06,5.55823361229919e-06,5.556427786095635e-06,5.554623857124804e-06,5.552821822021103e-06,5.551021677592351e-06,5.549223420432264e-06,5.547427047272685e-06,5.545632554825368e-06,5.543839939804772e-06,5.542049198896917e-06,5.540260328895206e-06,5.538473326482942e-06,5.536688188471921e-06,5.5349049115688596e-06,5.533123492599676e-06,5.531343928309353e-06,5.529566215467402e-06,5.527790350864218e-06,5.526016331245684e-06,5.524244153490709e-06,5.522473814433115e-06,5.520705310867276e-06,5.51893863960748e-06,5.517173797491216e-06,5.515410781303874e-06,5.513649588010129e-06,5.511890214401111e-06,5.5101326573653365e-06,5.508376913768463e-06,5.506622980485711e-06,5.504870854408945e-06,5.5031205324331975e-06,5.501372011464895e-06,5.499625288449005e-06,5.4978803602427506e-06,5.496137223796791e-06,5.494395876071048e-06,5.492656314016315e-06,5.490918534479767e-06,5.4891825345026356e-06,5.487448311007592e-06,5.485715861006204e-06,5.483985181451317e-06,5.4822562693185315e-06,5.4805291215023815e-06,5.478803735238919e-06,5.477080107375449e-06,5.475358234971655e-06,5.473638115045069e-06,5.471919744593662e-06,5.4702031206561905e-06,5.468488240361632e-06,5.466775100632316e-06,5.465063698761192e-06,5.46335403147011e-06,5.461646095941699e-06,5.459939889302703e-06,5.458235408624079e-06,5.456532650985698e-06,5.454831613504468e-06,5.4531322932848755e-06,5.45143468742734e-06,5.449738793062761e-06,5.448044607340753e-06,5.446352127310951e-06,5.444661350162549e-06,5.44297227302599e-06,5.441284893044094e-06,5.439599207334718e-06,5.437915213199765e-06,5.436232907725546e-06,5.43455228809935e-06,5.432873351505741e-06,5.431196095130375e-06,5.429520516171013e-06,5.427846611836287e-06,5.426174379389119e-06,5.4245038159175005e-06,5.42283491873566e-06,5.421167685049536e-06,5.419502112106933e-06,5.417838197145724e-06,5.41617593742487e-06,5.414515330191972e-06,5.4128563727143825e-06,5.411199062258848e-06,5.409543396150514e-06,5.407889371560459e-06,5.406236985835164e-06,5.404586236272543e-06,5.402937120162214e-06,5.401289634816275e-06,5.399643777568522e-06,5.397999545691034e-06,5.396356936538577e-06,5.394715947433924e-06,5.393076575713396e-06,5.391438818725385e-06,5.389802673826049e-06,5.388168138391744e-06,5.386535209763369e-06,5.384903885274212e-06,5.383274162327557e-06,5.381646038296089e-06,5.3800195105861764e-06,5.378394576605554e-06,5.376771233678249e-06,5.375149479258109e-06,5.3735293107595735e-06,5.371910725624796e-06,5.3702937211843995e-06,5.368678294983986e-06,5.367064444315891e-06,5.365452166725429e-06,5.363841459640383e-06,5.362232320471969e-06,5.36062474669397e-06,5.3590187357826285e-06,5.357414285206646e-06,5.355811392440043e-06,5.354210054955896e-06,5.352610270330728e-06,5.3510120358691835e-06,5.349415349164093e-06,5.347820207727186e-06,5.346226609065031e-06,5.344634550687304e-06,5.343044030110716e-06,5.341455044876686e-06,5.3398675924710965e-06,5.338281670466826e-06,5.336697276417093e-06,5.335114407807598e-06,5.333533062216829e-06,5.33195323726689e-06,5.3303749303101345e-06,5.328798139245449e-06,5.327222861448941e-06,5.325649094552973e-06,5.324076836099942e-06,5.322506083694024e-06,5.320936834972739e-06,5.3193690875093095e-06,5.317802838894105e-06,5.316238086773399e-06,5.314674828733194e-06,5.313113062407966e-06,5.311552785415832e-06,5.309993995400159e-06,5.308436689962928e-06,5.306880866791551e-06,5.3053265235402186e-06,5.303773657840643e-06,5.302222267360194e-06,5.300672349780387e-06,5.299123902742063e-06,5.2975769238803e-06,5.296031410986301e-06,5.294487361650004e-06,5.292944773637865e-06,5.2914036446141225e-06,5.289863972281331e-06,5.288325754376765e-06,5.286788988491395e-06,5.28525367247171e-06,5.283719803980031e-06,5.282187380750968e-06,5.2806564005199625e-06,5.279126861041436e-06,5.277598760009586e-06,5.276072095216759e-06,5.2745468643767745e-06,5.273023065264136e-06,5.2715006956415384e-06,5.269979753271648e-06,5.268460235920668e-06,5.266942141368194e-06,5.26542546739269e-06,5.263910211783732e-06,5.262396372327025e-06,5.26088394682405e-06,5.2593729330678126e-06,5.257863328872964e-06,5.256355132032924e-06,5.254848340369883e-06,5.253342951689064e-06,5.251838963765619e-06,5.250336374565292e-06,5.248835181787695e-06,5.2473353833952805e-06,5.2458369770666314e-06,5.2443399608572e-06,5.242844332428376e-06,5.241350089712204e-06,5.239857230570015e-06,5.2383657529322495e-06,5.236875654624285e-06,5.235386933486343e-06,5.2338995873846015e-06,5.232413614238117e-06,5.230929011924465e-06,5.229445778415055e-06,5.227963911506657e-06,5.226483409133297e-06,5.225004269200546e-06,5.2235264896161876e-06,5.222050068295595e-06,5.2205750031425375e-06,5.219101292156721e-06,5.217628933126091e-06,5.216157924139256e-06,5.21468826304366e-06,5.213219947763501e-06,5.211752976325471e-06,5.210287346606584e-06,5.208823056677512e-06,5.207360104332308e-06,5.2058984876589185e-06,5.204438204584888e-06,5.2029792530669554e-06,5.201521631100755e-06,5.200065336686252e-06,5.198610367786977e-06,5.197156722415111e-06,5.195704398533663e-06,5.194253394154737e-06,5.192803707282775e-06,5.191355335923861e-06,5.189908278086161e-06,5.188462531804913e-06,5.187018095065929e-06,5.1855749659097105e-06,5.184133142365534e-06,5.1826926224701e-06,5.1812534042499906e-06,5.179815485752872e-06,5.178378865017556e-06,5.176943540144168e-06,5.175509509070964e-06,5.174076769940698e-06,5.172645320798441e-06,5.171215159708593e-06,5.169786284740218e-06,5.168358693914814e-06,5.166932385413244e-06,5.165507357260826e-06,5.164083607547072e-06,5.162661134350084e-06,5.161239935753949e-06,5.1598200099100354e-06,5.158401354887692e-06,5.1569839687888725e-06,5.155567849726289e-06,5.154152995811055e-06,5.1527394051635565e-06,5.151327075898925e-06,5.149916006135009e-06,5.148506194028452e-06,5.147097637691726e-06,5.145690335191172e-06,5.144284284817305e-06,5.142879484640133e-06,5.1414759328070904e-06,5.140073627471005e-06,5.138672566798956e-06,5.137272748927197e-06,5.135874172033182e-06,5.1344768342851504e-06,5.1330807338477634e-06,5.1316858689197434e-06,5.130292237635017e-06,5.128899838231514e-06,5.1275086688464275e-06,5.126118727689882e-06,5.124730012956231e-06,5.123342522873701e-06,5.121956255534223e-06,5.120571209211335e-06,5.119187382176374e-06,5.117804772587067e-06,5.116423378687906e-06,5.115043198640106e-06,5.113664230693236e-06,5.112286473027645e-06,5.110909923998799e-06,5.109534581759019e-06,5.108160444555003e-06,5.106787510589766e-06,5.105415778185438e-06,5.104045245552028e-06,5.1026759109305524e-06,5.101307772618229e-06,5.099940828825482e-06,5.098575077834232e-06,5.09721051791254e-06,5.095847147326678e-06,5.094484964353586e-06,5.093123967277795e-06,5.091764154358449e-06,5.0904055238875315e-06,5.089048074187931e-06,5.087691803494911e-06,5.086336710122971e-06,5.084982792382159e-06,5.0836300485733215e-06,5.0822784769838405e-06,5.080928075932375e-06,5.079578843705835e-06,5.078230778639056e-06,5.0768838790847856e-06,5.075538143329188e-06,5.074193569713198e-06,5.072850156603219e-06,5.071507902233287e-06,5.0701668049895645e-06,5.0688268633391895e-06,5.067488075430953e-06,5.066150439587149e-06,5.064813954269889e-06,5.063478617831347e-06,5.062144428588686e-06,5.060811384886098e-06,5.059479485142185e-06,5.058148727690852e-06,5.056819110886944e-06,5.055490633126735e-06,5.054163292712642e-06,5.0528370881487695e-06,5.05151201776381e-06,5.050188079921825e-06,5.048865273009617e-06,5.047543595430005e-06,5.0462230455901555e-06,5.044903621872736e-06,5.043585322686989e-06,5.0422681463675e-06,5.0409520913951464e-06,5.039637156182899e-06,5.038323339165993e-06,5.037010638710311e-06,5.035699053279637e-06,5.034388581256517e-06,5.0330792210606146e-06,5.031770971150697e-06,5.030463829951358e-06,5.029157795882672e-06,5.027852867397588e-06,5.026549042938797e-06,5.025246320929125e-06,5.023944699846576e-06,5.022644178115616e-06,5.0213447542042705e-06,5.0200464265705596e-06,5.018749193666763e-06,5.017453053960178e-06,5.0161580059169085e-06,5.014864048004855e-06,5.013571178702813e-06,5.0122793964748124e-06,5.010988699804699e-06,5.009699087182286e-06,5.008410557146094e-06,5.007123108027954e-06,5.005836738425464e-06,5.004551446819169e-06,5.003267231699449e-06,5.001984091565591e-06,5.00070202491093e-06,4.999421030244841e-06,4.998141106095036e-06,4.996862250903743e-06,4.995584463273991e-06,4.994307741685899e-06,4.993032084656348e-06,4.991757490719593e-06,4.9904839583815565e-06,4.989211486169298e-06,4.987940072620356e-06,4.986669716332246e-06,4.985400415815005e-06,4.984132169475657e-06,4.98286497594183e-06,4.981598833758373e-06,4.98033374149428e-06,4.979069697685673e-06,4.977806700893285e-06,4.976544749656076e-06,4.975283842542957e-06,4.974023978119651e-06,4.972765154940928e-06,4.971507371614122e-06,4.970250626645341e-06,4.96899491863524e-06,4.967740246105635e-06,4.966486607741836e-06,4.965234002029545e-06,4.963982427634285e-06,4.962731883107012e-06,4.961482367026373e-06,4.960233877996402e-06,4.958986414606115e-06,4.957739975451368e-06,4.9564945590708104e-06,4.9552501641962e-06,4.9540067893623915e-06,4.952764433190063e-06,4.951523094262102e-06,4.950282771165784e-06,4.9490434626484705e-06,4.947805167158597e-06,4.946567883396171e-06,4.945331610035763e-06,4.944096345678777e-06,4.942862088909452e-06,4.941628838397931e-06,4.94039659269203e-06,4.939165350559406e-06,4.937935110598278e-06,4.936705871354336e-06,4.935477631605247e-06,4.9342503899304605e-06,4.933024145015342e-06,4.931798895517861e-06,4.930574640007069e-06,4.929351377145575e-06,4.92812910570316e-06,4.926907824272576e-06,4.925687531537187e-06,4.924468226154836e-06,4.923249906790826e-06,4.922032572120071e-06,4.920816220823107e-06,4.919600851479028e-06,4.918386462965344e-06,4.91717305377674e-06,4.915960622622383e-06,4.914749168395125e-06,4.9135386896402465e-06,4.912329184956823e-06,4.911120653224451e-06,4.90991309305013e-06,4.908706503054665e-06,4.907500882087294e-06,4.906296228676683e-06,4.905092541754787e-06,4.903889819913988e-06,4.902688061875319e-06,4.901487266330119e-06,4.900287431936877e-06,4.8990885575724114e-06,4.897890641861138e-06,4.896693683520385e-06,4.895497681310367e-06,4.894302633942963e-06,4.893108540155471e-06,4.891915398651226e-06,4.890723208205828e-06,4.889531967540602e-06,4.888341675395901e-06,4.88715233049895e-06,4.885963931609661e-06,4.884776477461172e-06,4.883589966833502e-06,4.882404398490083e-06,4.8812197711404395e-06,4.880036083480842e-06,4.878853334442208e-06,4.8776715226684154e-06,4.876490646970589e-06,4.875310706084439e-06,4.874131698757549e-06,4.872953623819914e-06,4.871776479942095e-06,4.870600266033214e-06,4.869424980866502e-06,4.868250623081323e-06,4.867077191543821e-06,4.8659046849301785e-06,4.8647331022489025e-06,4.863562442194936e-06,4.862392703498246e-06,4.861223884974324e-06,4.860055985357077e-06,4.858889003613289e-06,4.85772293842816e-06,4.85655778863193e-06,4.855393553015088e-06,4.8542302304031265e-06,4.853067819564044e-06,4.8519063193306815e-06,4.850745728527138e-06,4.849586045967757e-06,4.84842727042851e-06,4.847269400771124e-06,4.846112435777013e-06,4.844956374316855e-06,4.843801215199951e-06,4.8426469572510716e-06,4.841493599301636e-06,4.840341140180459e-06,4.839189578727274e-06,4.838038913758992e-06,4.836889144135528e-06,4.835740268665748e-06,4.8345922862410084e-06,4.833445195681416e-06,4.832298995833627e-06,4.831153685542325e-06,4.830009263666153e-06,4.82886572905493e-06,4.827723080566144e-06,4.826581317049961e-06,4.825440437372928e-06,4.824300440389923e-06,4.823161324968558e-06,4.822023089971183e-06,4.8208857342710124e-06,4.819749256774297e-06,4.8186136562686055e-06,4.817478931667414e-06,4.8163450818490865e-06,4.815212105770864e-06,4.814080002155479e-06,4.812948769963897e-06,4.8118184081947465e-06,4.810688915489634e-06,4.809560290891881e-06,4.808432533236619e-06,4.807305641495799e-06,4.8061796144427515e-06,4.805054451052593e-06,4.803930150200355e-06,4.8028067108531485e-06,4.801684131797699e-06,4.800562411978041e-06,4.799441550338952e-06,4.798321545761825e-06,4.797202397131008e-06,4.7960841033412325e-06,4.794966663390575e-06,4.793850076164474e-06,4.792734340584082e-06,4.791619455541888e-06,4.7905054199452655e-06,4.789392232754866e-06,4.788279892827813e-06,4.787168399176465e-06,4.786057750724772e-06,4.784947946382691e-06,4.783838985059285e-06,4.78273086568611e-06,4.781623587235342e-06,4.780517148627581e-06,4.779411548705407e-06,4.7783067866053875e-06,4.777202861080352e-06,4.776099771260245e-06,4.7749975160009494e-06,4.773896094203337e-06,4.772795504913832e-06,4.771695747038984e-06,4.770596819535754e-06,4.769498721328367e-06,4.768401451451955e-06,4.767305008825851e-06,4.766209392381552e-06,4.765114601114668e-06,4.7640206339849285e-06,4.762927489950003e-06,4.761835167996687e-06,4.76074366712733e-06,4.759652986225761e-06,4.758563124306439e-06,4.757474080364994e-06,4.756385853368437e-06,4.7552984423006705e-06,4.7542118461503095e-06,4.753126063874803e-06,4.752041094514668e-06,4.750956936982855e-06,4.7498735903095365e-06,4.7487910534253755e-06,4.747709325429541e-06,4.746628405270731e-06,4.7455482919400055e-06,4.744468984435195e-06,4.743390481771466e-06,4.742312782915538e-06,4.741235886836612e-06,4.740159792652183e-06,4.7390844992992846e-06,4.738010005801746e-06,4.736936311152149e-06,4.735863414376208e-06,4.7347913144884056e-06,4.73372001050059e-06,4.732649501431183e-06,4.731579786313654e-06,4.730510864134333e-06,4.72944273392819e-06,4.728375394636865e-06,4.727308845463278e-06,4.726243085328132e-06,4.725178113280157e-06,4.724113928290542e-06,4.723050529498758e-06,4.721987915884081e-06,4.720926086508988e-06,4.7198650403539e-06,4.7188047765612305e-06,4.717745294042218e-06,4.716686591881911e-06,4.715628669135584e-06,4.7145715248419975e-06,4.7135151580593186e-06,4.712459567830465e-06,4.71140475320634e-06,4.710350713258955e-06,4.70929744701699e-06,4.708244953522552e-06,4.707193231852323e-06,4.706142281055603e-06,4.705092100210516e-06,4.704042688357223e-06,4.7029940445839095e-06,4.7019461679307665e-06,4.7008990574794414e-06,4.6998527122774466e-06,4.698807131407161e-06,4.697762313942017e-06,4.69671825895092e-06,4.695674965496968e-06,4.694632432681559e-06,4.693590659574142e-06,4.69254964512172e-06,4.691509388720019e-06,4.690469889200869e-06,4.689431145706441e-06,4.6883931573376234e-06,4.687355923154708e-06,4.686319442175292e-06,4.6852837136783365e-06,4.684248736605627e-06,4.683214510111293e-06,4.6821810332779445e-06,4.6811483051982076e-06,4.6801163249779536e-06,4.679085091698514e-06,4.678054604457567e-06,4.677024862382807e-06,4.675995864556628e-06,4.674967610044208e-06,4.673940098051758e-06,4.672913327626405e-06,4.6718872978869935e-06,4.670862007956288e-06,4.669837456929047e-06,4.668813643846146e-06,4.6677905679693045e-06,4.6667682283443e-06,4.66574662404267e-06,4.6647257542867025e-06,4.663705618143986e-06,4.662686214750717e-06,4.661667543219108e-06,4.660649602674545e-06,4.659632392244764e-06,4.658615911058171e-06,4.65760015824514e-06,4.656585132937618e-06,4.655570834269082e-06,4.654557261373394e-06,4.653544413356888e-06,4.6525322894045265e-06,4.651520888649814e-06,4.650510210221091e-06,4.649500253259939e-06,4.648491016897503e-06,4.647482500281773e-06,4.646474702588785e-06,4.645467622944759e-06,4.64446126049846e-06,4.643455614400828e-06,4.642450683781382e-06,4.641446467821153e-06,4.64044296568418e-06,4.63944017651067e-06,4.638438099458417e-06,4.637436733663104e-06,4.63643607832437e-06,4.635436132546074e-06,4.634436895561564e-06,4.633438366522332e-06,4.632440544548201e-06,4.631443428829527e-06,4.630447018548457e-06,4.62945131286636e-06,4.628456310959111e-06,4.62746201200356e-06,4.6264684151600214e-06,4.6254755195964745e-06,4.624483324517357e-06,4.623491829096549e-06,4.622501032522966e-06,4.621510933959838e-06,4.620521532551786e-06,4.619532827534199e-06,4.618544818056245e-06,4.617557503319803e-06,4.616570882513542e-06,4.6155849548008855e-06,4.614599719422996e-06,4.6136151755465055e-06,4.612631322361893e-06,4.611648159066522e-06,4.610665684851508e-06,4.609683898943539e-06,4.608702800483372e-06,4.6077223887214496e-06,4.606742662813336e-06,4.605763621984846e-06,4.604785265437497e-06,4.603807592377257e-06,4.602830602008303e-06,4.601854293538898e-06,4.600878666184576e-06,4.5999037191366716e-06,4.598929451563827e-06,4.597955862787688e-06,4.596982951963291e-06,4.596010718304346e-06,4.595039161025736e-06,4.594068279355728e-06,4.593098072456329e-06,4.592128539629073e-06,4.591159680080867e-06,4.590191492961371e-06,4.589223977637765e-06,4.588257133209591e-06,4.58729095893699e-06,4.586325453979801e-06,4.5853606177066406e-06,4.584396449274082e-06,4.583432947849225e-06,4.582470112804054e-06,4.581507943301387e-06,4.580546438576406e-06,4.579585597862427e-06,4.578625420398307e-06,4.57766590542446e-06,4.576707052208829e-06,4.57574885993536e-06,4.5747913278686215e-06,4.573834455156886e-06,4.572878241237994e-06,4.5719226852633445e-06,4.570967786480999e-06,4.570013544142784e-06,4.569059957566802e-06,4.5681070258485075e-06,4.567154748435201e-06,4.566203124462591e-06,4.565252153076987e-06,4.564301833736113e-06,4.563352165525235e-06,4.562403147786027e-06,4.5614547797567975e-06,4.5605070607148556e-06,4.559559989936919e-06,4.558613566701515e-06,4.557667790214593e-06,4.55672265983615e-06,4.555778174698672e-06,4.554834334137434e-06,4.55389113741559e-06,4.552948583774889e-06,4.5520066725267514e-06,4.551065402931413e-06,4.550124774288246e-06,4.549184785940575e-06,4.548245436975948e-06,4.547306726761608e-06,4.546368654569399e-06,4.545431219697268e-06,4.544494421410344e-06,4.543558259045321e-06,4.542622731783928e-06,4.5416878389784105e-06,4.540753579885284e-06,4.539819953794224e-06,4.538886959996146e-06,4.537954597775438e-06,4.537022866428769e-06,4.536091765245749e-06,4.53516129352308e-06,4.534231450536568e-06,4.533302235602962e-06,4.5323736480016756e-06,4.531445687021161e-06,4.530518351956405e-06,4.5295916421280805e-06,4.5286655568229395e-06,4.5277400953532925e-06,4.526815256984342e-06,4.5258910410762035e-06,4.5249674468820516e-06,4.524044473720505e-06,4.523122120870576e-06,4.5222003876874e-06,4.521279273436346e-06,4.52035877744762e-06,4.519438899053815e-06,4.518519637520602e-06,4.517600992179859e-06,4.5166829623527555e-06,4.515765547344262e-06,4.514848746481084e-06,4.51393255903307e-06,4.51301698438759e-06,4.512102021831878e-06,4.511187670683199e-06,4.510273930267116e-06,4.50936079989834e-06,4.508448278913326e-06,4.507536366618197e-06,4.506625062354198e-06,4.505714365433641e-06,4.504804275189589e-06,4.503894790953868e-06,4.502985912046421e-06,4.5020776377956584e-06,4.501169967544582e-06,4.500262900619371e-06,4.499356436360997e-06,4.498450574088909e-06,4.49754531316442e-06,4.4966406528862395e-06,4.495736592606492e-06,4.494833131672256e-06,4.49393026941938e-06,4.49302800510531e-06,4.492126338232817e-06,4.491225268053354e-06,4.490324793898225e-06,4.48942491517938e-06,4.48852563118559e-06,4.487626941276098e-06,4.486728844796141e-06,4.485831341098877e-06,4.484934429514595e-06,4.484038109426e-06,4.483142380167366e-06,4.482247241110471e-06,4.481352691550926e-06,4.4804587309038194e-06,4.4795653585040026e-06,4.47867257373821e-06,4.477780375904558e-06,4.476888764386578e-06,4.475997738549589e-06,4.47510729774937e-06,4.474217441354516e-06,4.473328168719161e-06,4.472439479209996e-06,4.471551372191284e-06,4.470663847076392e-06,4.469776903134736e-06,4.468890539724472e-06,4.468004756319025e-06,4.467119552243486e-06,4.466234926861488e-06,4.465350879548111e-06,4.4644674096739604e-06,4.463584516594439e-06,4.462702199716719e-06,4.461820458381324e-06,4.4609392919274226e-06,4.46005869985466e-06,4.459178681466106e-06,4.458299236112633e-06,4.457420363250731e-06,4.45654206222309e-06,4.455664332361868e-06,4.454787173139214e-06,4.453910583811989e-06,4.453034563888905e-06,4.4521591126923e-06,4.451284229683603e-06,4.450409914211873e-06,4.449536165594692e-06,4.448662983267667e-06,4.4477903666301815e-06,4.446918315067936e-06,4.446046828004224e-06,4.4451759048179645e-06,4.444305544905163e-06,4.443435747610459e-06,4.442566512356545e-06,4.441697838583556e-06,4.440829725579869e-06,4.439962172836946e-06,4.439095179647353e-06,4.438228745574479e-06,4.437362869818619e-06,4.436497551996618e-06,4.4356327914195434e-06,4.434768587501898e-06,4.433904939625638e-06,4.433041847200768e-06,4.43217930961338e-06,4.4313173263162675e-06,4.43045589673049e-06,4.429595020195836e-06,4.428734696185913e-06,4.427874924028787e-06,4.427015703193284e-06,4.426157033051245e-06,4.425298913077607e-06,4.4244413426629665e-06,4.423584321211993e-06,4.422727848148631e-06,4.421871922881347e-06,4.421016544863324e-06,4.420161713461172e-06,4.419307428094025e-06,4.418453688205982e-06,4.417600493236587e-06,4.416747842571718e-06,4.415895735644169e-06,4.415044171886987e-06,4.414193150721861e-06,4.413342671560275e-06,4.412492733851706e-06,4.411643337009703e-06,4.4107944804531724e-06,4.409946163628541e-06,4.409098385962984e-06,4.408251146881181e-06,4.407404445825289e-06,4.4065582822534445e-06,4.405712655521425e-06,4.404867565104314e-06,4.40402301043714e-06,4.403178990938286e-06,4.402335506106714e-06,4.401492555303732e-06,4.400650137969719e-06,4.3998082535980865e-06,4.398966901586191e-06,4.398126081392388e-06,4.397285792454612e-06,4.396446034227299e-06,4.395606806133879e-06,4.394768107625449e-06,4.393929938146518e-06,4.393092297149417e-06,4.392255184061363e-06,4.391418598335218e-06,4.390582539439792e-06,4.389747006808347e-06,4.388911999873131e-06,4.38807751810281e-06,4.387243560955906e-06,4.386410127866702e-06,4.385577218314304e-06,4.384744831731222e-06,4.383912967578805e-06,4.383081625308405e-06,4.382250804376078e-06,4.381420504228689e-06,4.380590724329726e-06,4.379761464137081e-06,4.378932723111943e-06,4.378104500730625e-06,4.377276796424571e-06,4.376449609689044e-06,4.375622939954734e-06,4.374796786706046e-06,4.373971149397335e-06,4.373146027493962e-06,4.372321420459964e-06,4.371497327763192e-06,4.3706737488527e-06,4.369850683212323e-06,4.369028130322106e-06,4.36820608963841e-06,4.3673845606298365e-06,4.366563542770791e-06,4.365743035523671e-06,4.36492303837403e-06,4.3641035507833156e-06,4.363284572237912e-06,4.36246610220543e-06,4.3616481401322655e-06,4.360830685497001e-06,4.360013737853539e-06,4.359197296627535e-06,4.358381361257942e-06,4.35756593130083e-06,4.356751006235976e-06,4.355936585475882e-06,4.355122668534114e-06,4.354309254894226e-06,4.353496344034957e-06,4.352683935460582e-06,4.3518720286136055e-06,4.351060623001515e-06,4.350249718112276e-06,4.349439313429972e-06,4.348629408438603e-06,4.347820002632281e-06,4.347011095494119e-06,4.3462026864993875e-06,4.345394775174614e-06,4.344587360977736e-06,4.343780443426884e-06,4.342974021991496e-06,4.34216809618272e-06,4.341362665486982e-06,4.340557729388877e-06,4.3397532874105365e-06,4.338949339065786e-06,4.338145883790287e-06,4.337342921095492e-06,4.33654045051099e-06,4.3357384715321e-06,4.3349369836224165e-06,4.334135986277809e-06,4.333335479041145e-06,4.33253546139657e-06,4.33173593284655e-06,4.330936892890094e-06,4.330138341044504e-06,4.329340276779431e-06,4.328542699645466e-06,4.327745609121147e-06,4.326949004723899e-06,4.326152885958502e-06,4.325357252328828e-06,4.324562103344587e-06,4.323767438521073e-06,4.322973257365847e-06,4.32217955939029e-06,4.3213863440863595e-06,4.3205936110165176e-06,4.319801359649474e-06,4.319009589509864e-06,4.31821830010812e-06,4.317427490960598e-06,4.3166371615842095e-06,4.3158473115018395e-06,4.315057940222601e-06,4.314269047285803e-06,4.313480632189924e-06,4.312692694419142e-06,4.31190523351978e-06,4.31111824908111e-06,4.3103317405641e-06,4.309545707435269e-06,4.308760149276791e-06,4.307975065611921e-06,4.307190455975291e-06,4.306406319877548e-06,4.305622656840896e-06,4.304839466367001e-06,4.304056748043227e-06,4.303274501357135e-06,4.3024927258424425e-06,4.301711421024059e-06,4.300930586434253e-06,4.300150221606449e-06,4.299370326068366e-06,4.298590899347189e-06,4.297811940978837e-06,4.2970334504918345e-06,4.2962554274205705e-06,4.295477871303608e-06,4.294700781646864e-06,4.293924158037838e-06,4.293147999983652e-06,4.292372307015327e-06,4.291597078680501e-06,4.290822314499937e-06,4.290048014033934e-06,4.2892741768365756e-06,4.288500802344836e-06,4.287727890235251e-06,4.286955439989902e-06,4.2861834511270074e-06,4.285411923233029e-06,4.284640855854294e-06,4.283870248483571e-06,4.283100100698135e-06,4.282330412031302e-06,4.2815611820414434e-06,4.280792410252057e-06,4.280024096236434e-06,4.279256239493494e-06,4.278488839625896e-06,4.277721896173899e-06,4.276955408677219e-06,4.276189376685764e-06,4.2754237997294896e-06,4.274658677372389e-06,4.273894009173144e-06,4.273129794673204e-06,4.272366033456576e-06,4.271602724995421e-06,4.2708398689559275e-06,4.270077464773211e-06,4.2693155121215775e-06,4.268554010503004e-06,4.267792959488032e-06,4.267032358606614e-06,4.2662722074058675e-06,4.2655125055014715e-06,4.264753252408005e-06,4.263994447697707e-06,4.263236090918341e-06,4.262478181644842e-06,4.2617207194299595e-06,4.26096370383582e-06,4.260207134421358e-06,4.259451010781513e-06,4.2586953324216225e-06,4.257940098968363e-06,4.257185309963249e-06,4.2564309650870996e-06,4.255677063661577e-06,4.254923605379709e-06,4.254170589798538e-06,4.2534180165042115e-06,4.2526658850538355e-06,4.251914195022422e-06,4.251162945971261e-06,4.25041213747404e-06,4.249661769098336e-06,4.2489118404256746e-06,4.2481623510194036e-06,4.247413300454107e-06,4.2466646883158545e-06,4.2459165141817596e-06,4.245168777581453e-06,4.244421478091902e-06,4.243674615341517e-06,4.242928188948611e-06,4.242182198369516e-06,4.2414366432167886e-06,4.2406915230996794e-06,4.239946837579523e-06,4.2392025862156316e-06,4.238458768617777e-06,4.237715384328778e-06,4.236972432997174e-06,4.23622991415433e-06,4.235487827366461e-06,4.234746172235383e-06,4.234004948383798e-06,4.233264155370494e-06,4.2325237928462465e-06,4.23178386018078e-06,4.231044357153561e-06,4.230305283318381e-06,4.229566638217796e-06,4.228828421471442e-06,4.228090632599312e-06,4.227353271316184e-06,4.226616337115482e-06,4.225879829605768e-06,4.225143748381336e-06,4.224408093033975e-06,4.223672863155559e-06,4.222938058284402e-06,4.222203678107341e-06,4.221469722174626e-06,4.220736190072938e-06,4.220003081399936e-06,4.219270395746861e-06,4.218538132766828e-06,4.217806291966268e-06,4.217074872914888e-06,4.21634387536072e-06,4.2156132987531915e-06,4.214883142742998e-06,4.214153406970737e-06,4.213424090923358e-06,4.212695194295238e-06,4.211966716662572e-06,4.21123865761873e-06,4.2105110167653314e-06,4.209783793700656e-06,4.2090569879835315e-06,4.208330599319686e-06,4.207604627238411e-06,4.206879071379174e-06,4.206153931297214e-06,4.205429206656184e-06,4.20470489699675e-06,4.203981002018218e-06,4.203257521242271e-06,4.202534454370186e-06,4.201811800873482e-06,4.201089560458147e-06,4.200367732670633e-06,4.199646317131799e-06,4.198925313460083e-06,4.198204721281644e-06,4.197484540177093e-06,4.196764769788816e-06,4.196045409698258e-06,4.195326459549859e-06,4.194607918934352e-06,4.193889787470729e-06,4.193172064771441e-06,4.192454750449762e-06,4.191737844112147e-06,4.191021345361261e-06,4.190305253836772e-06,4.189589569161863e-06,4.1888742909822e-06,4.188159418833702e-06,4.187444952378909e-06,4.186730891218832e-06,4.186017235054844e-06,4.185303983371126e-06,4.1845911358412116e-06,4.183878692088805e-06,4.183166651696585e-06,4.182455014358957e-06,4.181743779719532e-06,4.181032947256625e-06,4.1803225167108575e-06,4.179612487673319e-06,4.17890285977862e-06,4.178193632680291e-06,4.177484805929298e-06,4.176776379149702e-06,4.176068352012614e-06,4.175360724129838e-06,4.174653495129188e-06,4.173946664631725e-06,4.173240232254231e-06,4.172534197659867e-06,4.17182856041373e-06,4.171123320204738e-06,4.17041847665674e-06,4.16971402938983e-06,4.169009978008825e-06,4.168306322183134e-06,4.167603061526721e-06,4.1669001956786486e-06,4.16619772425555e-06,4.165495646895557e-06,4.1647939632381e-06,4.164092672916405e-06,4.1633917755451675e-06,4.1626912707796225e-06,4.161991158255441e-06,4.1612914376082015e-06,4.160592108459e-06,4.159893170451443e-06,4.159194623267084e-06,4.1584964664324406e-06,4.157798699714735e-06,4.157101322640821e-06,4.15640433488578e-06,4.1557077360938e-06,4.155011525926478e-06,4.154315704013207e-06,4.153620269956884e-06,4.152925223455293e-06,4.152230564131706e-06,4.151536291621375e-06,4.150842405561789e-06,4.150148905602588e-06,4.149455791431402e-06,4.148763062620479e-06,4.148070718783819e-06,4.147378759656441e-06,4.146687184813701e-06,4.145995993965213e-06,4.145305186693259e-06,4.144614762712749e-06,4.143924721651399e-06,4.143235063132507e-06,4.142545786822147e-06,4.141856892328273e-06,4.1411683793674234e-06,4.140480247559998e-06,4.13979249654152e-06,4.1391051259907005e-06,4.138418135501178e-06,4.137731524759687e-06,4.137045293425631e-06,4.136359441141668e-06,4.13567396754866e-06,4.134988872315058e-06,4.134304155095009e-06,4.133619815537477e-06,4.132935853314502e-06,4.132252268018523e-06,4.131569059325503e-06,4.1308862269875535e-06,4.13020377056135e-06,4.129521689734428e-06,4.128839984156535e-06,4.128158653487179e-06,4.127477697386427e-06,4.126797115514022e-06,4.126116907524445e-06,4.125437073042211e-06,4.12475761179382e-06,4.12407852340118e-06,4.123399807630798e-06,4.1227214639408494e-06,4.1220434920606165e-06,4.121365891726714e-06,4.120688662565002e-06,4.120011804234811e-06,4.1193353163911466e-06,4.118659198701362e-06,4.117983450839509e-06,4.11730807246229e-06,4.116633063227023e-06,4.1159584228057395e-06,4.115284150862712e-06,4.114610247115232e-06,4.1139367111270325e-06,4.113263542610044e-06,4.112590741203841e-06,4.111918306647895e-06,4.1112462385851015e-06,4.110574536671903e-06,4.1099032005558925e-06,4.109232229934352e-06,4.108561624463753e-06,4.107891383831201e-06,4.107221507710772e-06,4.106551995683115e-06,4.105882847548438e-06,4.105214062928872e-06,4.1045456414873126e-06,4.103877582902606e-06,4.103209886932243e-06,4.102542553091703e-06,4.101875581208739e-06,4.101208970793725e-06,4.100542721646768e-06,4.0998768334096815e-06,4.099211305699307e-06,4.098546138237615e-06,4.097881330708448e-06,4.097216882778983e-06,4.0965527941422045e-06,4.095889064376765e-06,4.09522569328634e-06,4.0945626805607255e-06,4.093900025820311e-06,4.093237728807896e-06,4.0925757889906764e-06,4.091914206313778e-06,4.091252980350057e-06,4.090592110709785e-06,4.089931597226495e-06,4.089271439485821e-06,4.088611637190528e-06,4.0879521899086205e-06,4.08729309751745e-06,4.086634359635772e-06,4.0859759759203616e-06,4.085317946052967e-06,4.084660269762146e-06,4.084002946668386e-06,4.083345976448161e-06,4.082689358855605e-06,4.082033093546532e-06,4.081377180185887e-06,4.08072161848902e-06,4.0800664081323856e-06,4.079411548784142e-06,4.078757040185081e-06,4.078102881954754e-06,4.07744907386917e-06,4.076795615532046e-06,4.076142506652446e-06,4.075489746957126e-06,4.074837336108422e-06,4.0741852737869285e-06,4.073533559701486e-06,4.072882193533375e-06,4.072231174989147e-06,4.071580503753553e-06,4.070930179498939e-06,4.070280201954334e-06,4.069630570799447e-06,4.068981285721394e-06,4.068332346360147e-06,4.067683752525723e-06,4.067035503848513e-06,4.066387600028474e-06,4.065740040706406e-06,4.065092825631738e-06,4.064445954563897e-06,4.063799427139605e-06,4.063153243052762e-06,4.062507402000387e-06,4.061861903682982e-06,4.061216747815132e-06,4.06057193406844e-06,4.059927462127349e-06,4.05928333172167e-06,4.058639542562707e-06,4.057996094370153e-06,4.057352986750559e-06,4.0567102194566104e-06,4.0560677922078255e-06,4.05542570472635e-06,4.054783956661801e-06,4.054142547712307e-06,4.053501477607234e-06,4.05286074602093e-06,4.0522203526915635e-06,4.051580297299406e-06,4.050940579586689e-06,4.050301199207251e-06,4.049662155958617e-06,4.0490234494695344e-06,4.048385079393002e-06,4.047747045503932e-06,4.0471093475356635e-06,4.04647198509486e-06,4.0458349580030115e-06,4.0451982658940126e-06,4.044561908498707e-06,4.043925885515294e-06,4.043290196669428e-06,4.042654841676758e-06,4.0420198202660445e-06,4.041385132061717e-06,4.040750776823361e-06,4.0401167542605525e-06,4.039483064087852e-06,4.038849706015301e-06,4.0382166797454176e-06,4.037583984997515e-06,4.0369516215067885e-06,4.036319588932372e-06,4.03568788703822e-06,4.035056515504239e-06,4.034425474033986e-06,4.0337947623699066e-06,4.033164380214745e-06,4.032534327287337e-06,4.031904603298186e-06,4.031275207926116e-06,4.030646140959387e-06,4.030017402081371e-06,4.029388991005244e-06,4.028760907428715e-06,4.028133151106258e-06,4.027505721748237e-06,4.0268786190664065e-06,4.02625184275023e-06,4.025625392539432e-06,4.024999268136825e-06,4.024373469292498e-06,4.023747995709945e-06,4.023122847108628e-06,4.022498023207278e-06,4.021873523737697e-06,4.021249348391182e-06,4.020625496925277e-06,4.020001969034159e-06,4.019378764456576e-06,4.018755882906837e-06,4.0181333241058925e-06,4.017511087757256e-06,4.016889173612776e-06,4.0162675813953366e-06,4.01564631081091e-06,4.015025361581415e-06,4.014404733459409e-06,4.013784426142044e-06,4.0131644393643345e-06,4.0125447728503935e-06,4.011925426334775e-06,4.0113063995171535e-06,4.010687692148825e-06,4.010069303957597e-06,4.009451234651556e-06,4.008833483967197e-06,4.008216051630971e-06,4.007598937372718e-06,4.006982140909794e-06,4.006365661990144e-06,4.005749500332785e-06,4.005133655665886e-06,4.004518127719786e-06,4.003902916225165e-06,4.003288020920559e-06,4.002673441526776e-06,4.002059177774216e-06,4.001445229385673e-06,4.00083159610123e-06,4.000218277651484e-06,3.999605273770337e-06,3.998992584189544e-06,3.998380208640394e-06,3.997768146868085e-06,3.9971563985931e-06,3.996544963542174e-06,3.995933841457686e-06,3.9953230320846e-06,3.9947125351359576e-06,3.994102350357375e-06,3.993492477493847e-06,3.9928829162611875e-06,3.992273666404771e-06,3.991664727661231e-06,3.991056099776032e-06,3.990447782476413e-06,3.989839775490524e-06,3.989232078575273e-06,3.988624691441109e-06,3.988017613842991e-06,3.987410845524907e-06,3.986804386219837e-06,3.986198235666436e-06,3.985592393612919e-06,3.984986859780591e-06,3.98438163391195e-06,3.983776715760291e-06,3.983172105059512e-06,3.982567801545496e-06,3.981963804962534e-06,3.981360115069984e-06,3.980756731581052e-06,3.980153654247742e-06,3.979550882818926e-06,3.978948417027242e-06,3.9783462566268295e-06,3.977744401355808e-06,3.977142850949678e-06,3.976541605163282e-06,3.975940663739725e-06,3.975340026415074e-06,3.974739692938994e-06,3.974139663057963e-06,3.97353993651365e-06,3.972940513062179e-06,3.97234139244151e-06,3.971742574391629e-06,3.971144058670796e-06,3.97054584502023e-06,3.969947933188931e-06,3.969350322936136e-06,3.968753013987911e-06,3.968156006095176e-06,3.9675592990102895e-06,3.966962892482416e-06,3.966366786248425e-06,3.965770980082692e-06,3.965175473719626e-06,3.964580266914688e-06,3.963985359415583e-06,3.963390750956053e-06,3.962796441318048e-06,3.962202430237071e-06,3.9616087174622425e-06,3.961015302748516e-06,3.960422185844699e-06,3.959829366505619e-06,3.959236844482251e-06,3.958644619520401e-06,3.958052691377975e-06,3.957461059810072e-06,3.95686972457933e-06,3.956278685436769e-06,3.955687942106261e-06,3.955097494366353e-06,3.954507341976491e-06,3.953917484689128e-06,3.953327922288521e-06,3.952738654483282e-06,3.952149680985266e-06,3.95156100166951e-06,3.950972616221994e-06,3.950384524414346e-06,3.9497967259943e-06,3.949209220720502e-06,3.948622008368551e-06,3.948035088679351e-06,3.947448461381838e-06,3.946862126295936e-06,3.946276083149275e-06,3.945690331695879e-06,3.945104871677405e-06,3.9445197029001095e-06,3.943934825108075e-06,3.9433502380491494e-06,3.942765941498429e-06,3.942181935200762e-06,3.941598218913456e-06,3.941014792417626e-06,3.940431655456007e-06,3.9398488078080115e-06,3.939266249214304e-06,3.9386839794536426e-06,3.938101998278639e-06,3.937520305456717e-06,3.936938900744686e-06,3.936357783905256e-06,3.935776954710445e-06,3.935196412931966e-06,3.934616158273426e-06,3.9340361906025675e-06,3.933456509631899e-06,3.932877115121635e-06,3.932298006900553e-06,3.931719184619525e-06,3.931140648101271e-06,3.930562397055193e-06,3.9299844313499386e-06,3.92940675070888e-06,3.928829354918196e-06,3.928252243723846e-06,3.927675416869615e-06,3.927098874157681e-06,3.926522615326126e-06,3.9259466401609496e-06,3.925370948427802e-06,3.924795539897273e-06,3.924220414346477e-06,3.923645571490729e-06,3.923071011179953e-06,3.922496733148854e-06,3.921922737188872e-06,3.921349023027822e-06,3.920775590457127e-06,3.920202439246491e-06,3.919629569129736e-06,3.9190569799524405e-06,3.918484671452869e-06,3.917912643400273e-06,3.917340895559221e-06,3.91676942771946e-06,3.916198239673437e-06,3.91562733112792e-06,3.915056701894866e-06,3.91448635174642e-06,3.913916280456532e-06,3.913346487797043e-06,3.912776973506714e-06,3.912207737431717e-06,3.911638779309489e-06,3.911070098920028e-06,3.910501696030764e-06,3.909933570424363e-06,3.909365721872769e-06,3.9087981501517375e-06,3.9082308550406575e-06,3.907663836318496e-06,3.907097093748782e-06,3.906530627120139e-06,3.905964436202898e-06,3.90539852077805e-06,3.904832880622049e-06,3.9042675155153425e-06,3.903702425234764e-06,3.903137609557945e-06,3.90257306823632e-06,3.902008801105851e-06,3.901444807917454e-06,3.900881088451418e-06,3.900317642485022e-06,3.899754469803552e-06,3.899191570180165e-06,3.898628943398279e-06,3.898066589239449e-06,3.89750450748184e-06,3.8969426979097245e-06,3.8963811603034774e-06,3.895819894444575e-06,3.895258900114038e-06,3.894698177065975e-06,3.894137725115374e-06,3.893577544077544e-06,3.8930176337097015e-06,3.892457993727202e-06,3.891898624007437e-06,3.891339524293512e-06,3.8907806943962595e-06,3.890222134082213e-06,3.8896638431417014e-06,3.889105821312654e-06,3.888548068525945e-06,3.887990584348256e-06,3.887433368740591e-06,3.886876421350054e-06,3.886319742034647e-06,3.8857633305443964e-06,3.885207186758508e-06,3.884651310377638e-06,3.884095701210608e-06,3.88354035906016e-06,3.882985283676519e-06,3.882430474887978e-06,3.881875932477732e-06,3.881321656224885e-06,3.880767645917386e-06,3.880213901344869e-06,3.87966042229161e-06,3.879107208551104e-06,3.878554259959638e-06,3.878001576213126e-06,3.877449157142143e-06,3.876897002548581e-06,3.8763451122008305e-06,3.875793485907009e-06,3.875242123455406e-06,3.874691024621847e-06,3.874140189222763e-06,3.873589617036706e-06,3.873039307849163e-06,3.872489261454674e-06,3.8719394776479625e-06,3.871389956229883e-06,3.870840696985321e-06,3.870291699704857e-06,3.869742964166483e-06,3.869194490195391e-06,3.868646277560124e-06,3.868098326064611e-06,3.8675506355010215e-06,3.867003205672946e-06,3.866456036281693e-06,3.865909127285371e-06,3.865362478391207e-06,3.864816089400661e-06,3.86426996010294e-06,3.863724090230188e-06,3.863178479730527e-06,3.862633128319106e-06,3.862088035769463e-06,3.861543201910583e-06,3.860998626535599e-06,3.8604543094384885e-06,3.859910250392986e-06,3.859366449255585e-06,3.858822905787635e-06,3.858279619750112e-06,3.857736590967276e-06,3.857193819315409e-06,3.856651304411931e-06,3.856109046148331e-06,3.855567044368226e-06,3.855025298803664e-06,3.854483809321495e-06,3.853942575676393e-06,3.853401597699883e-06,3.852860875121436e-06,3.852320407838992e-06,3.851780195620155e-06,3.8512402382227715e-06,3.850700535538397e-06,3.850161087274578e-06,3.849621893291692e-06,3.849082953319785e-06,3.848544267199123e-06,3.84800583473271e-06,3.847467655725633e-06,3.846929729982622e-06,3.84639205730281e-06,3.845854637506843e-06,3.84531747036749e-06,3.8447805557450255e-06,3.8442438933499934e-06,3.8437074831439425e-06,3.843171324691831e-06,3.842635417961161e-06,3.842099762706276e-06,3.84156435876027e-06,3.841029205904684e-06,3.8404943039411825e-06,3.8399596526941065e-06,3.839425251964274e-06,3.838891101558514e-06,3.83835720124822e-06,3.837823550895653e-06,3.8372901502706945e-06,3.836756999175948e-06,3.836224097436232e-06,3.835691444869596e-06,3.835159041266846e-06,3.834626886441733e-06,3.834094980189343e-06,3.833563322333442e-06,3.833031912662447e-06,3.8325007509561915e-06,3.831969837103359e-06,3.831439170883854e-06,3.830908752089922e-06,3.830378580521204e-06,3.829848655993085e-06,3.829318978323619e-06,3.82878954732043e-06,3.828260362783094e-06,3.827731424529031e-06,3.827202732370107e-06,3.826674286114371e-06,3.826146085564546e-06,3.825618130546858e-06,3.825090420827294e-06,3.824562956296352e-06,3.82403573671963e-06,3.823508761909384e-06,3.82298203168596e-06,3.822455545848848e-06,3.8219293042193495e-06,3.82140330660179e-06,3.820877552814425e-06,3.82035204268132e-06,3.819826775992531e-06,3.81930175257016e-06,3.818776972235024e-06,3.8182524347938016e-06,3.817728140055458e-06,3.817204087854e-06,3.816680277907172e-06,3.8161567102310594e-06,3.815633384467277e-06,3.81511030048315e-06,3.814587458104265e-06,3.814064857124285e-06,3.8135424973690195e-06,3.8130203786568687e-06,3.812498500797116e-06,3.8119768636098444e-06,3.8114554669099885e-06,3.8109343105489095e-06,3.8104133942454037e-06,3.8098927179121184e-06,3.809372281267668e-06,3.808852084259523e-06,3.8083321266675436e-06,3.8078124082600496e-06,3.807292928822156e-06,3.8067736882413345e-06,3.8062546863589167e-06,3.805735922954444e-06,3.805217397834826e-06,3.8046991108312e-06,3.8041810617616e-06,3.803663250441978e-06,3.803145676692629e-06,3.8026283403330014e-06,3.8021112411861368e-06,3.801594379066415e-06,3.801077753801502e-06,3.8005613652044797e-06,3.8000452131002273e-06,3.7995292972774813e-06,3.7990136175854867e-06,3.798498173865457e-06,3.7979829659284525e-06,3.7974679935866486e-06,3.796953256661694e-06,3.7964387549470654e-06,3.7959244883208775e-06,3.795410456576683e-06,3.794896659536039e-06,3.7943830970227945e-06,3.7938697688583017e-06,3.79335667486605e-06,3.7928438148695346e-06,3.792331188691283e-06,3.7918187961415268e-06,3.791306637070304e-06,3.7907947112802618e-06,3.790283018599487e-06,3.7897715588602497e-06,3.789260331901675e-06,3.7887493375114694e-06,3.788238575538334e-06,3.787728045794612e-06,3.7872177481146475e-06,3.7867076823117706e-06,3.786197848222538e-06,3.785688245676054e-06,3.7851788744857543e-06,3.7846697344890515e-06,3.7841608255013124e-06,3.783652147357496e-06,3.7831436998782906e-06,3.782635482894002e-06,3.782127496233957e-06,3.7816197397174937e-06,3.781112213177426e-06,3.7806049164427906e-06,3.780097849336113e-06,3.7795910116852563e-06,3.7790844033223085e-06,3.7785780240715167e-06,3.778071873762425e-06,3.7775659522269635e-06,3.7770602592889138e-06,3.776554794777153e-06,3.77604955852551e-06,3.7755445503597613e-06,3.7750397701102425e-06,3.774535217608172e-06,3.7740308926794314e-06,3.773526795157713e-06,3.7730229248673417e-06,3.772519281643221e-06,3.7720158653203897e-06,3.7715126757206753e-06,3.771009712681899e-06,3.7705069759989383e-06,3.770004465571073e-06,3.76950218118632e-06,3.769000122648864e-06,3.768498289851631e-06,3.767996682612666e-06,3.767495300754165e-06,3.766994144078483e-06,3.7664932124875185e-06,3.7659925057470333e-06,3.7654920237231922e-06,3.764991766334643e-06,3.764491733251366e-06,3.763991924350968e-06,3.7634923395092268e-06,3.762992978524452e-06,3.7624938412524408e-06,3.761994927540628e-06,3.7614962372000714e-06,3.7609977700652938e-06,3.7604995259669822e-06,3.7600015047559184e-06,3.7595037062518884e-06,3.759006130304473e-06,3.758508776722662e-06,3.758011645373596e-06,3.7575147360609602e-06,3.757018048658222e-06,3.7565215829923873e-06,3.7560253388718395e-06,3.7555293161506854e-06,3.7550335146391713e-06,3.754537934220382e-06,3.7540425747165742e-06,3.753547435958861e-06,3.753052517788736e-06,3.7525578200386016e-06,3.7520633425408355e-06,3.751569085142334e-06,3.751075047676442e-06,3.750581229981258e-06,3.750087631887634e-06,3.749594253225999e-06,3.749101093858485e-06,3.7486081536236892e-06,3.7481154323496093e-06,3.7476229298704055e-06,3.7471306460230805e-06,3.746638580663981e-06,3.7461467336268675e-06,3.7456551047597383e-06,3.745163693884674e-06,3.7446725008465e-06,3.7441815254862845e-06,3.743690767632435e-06,3.7432002271489813e-06,3.7427099038708843e-06,3.7422197976269976e-06,3.7417299082646065e-06,3.741240235624042e-06,3.7407507795449748e-06,3.74026153987051e-06,3.739772516446867e-06,3.7392837091057584e-06,3.7387951176938827e-06,3.7383067420515394e-06,3.7378185820298747e-06,3.7373306374539722e-06,3.736842908176748e-06,3.7363553940455175e-06,3.735868094893717e-06,3.735381010562299e-06,3.734894140911791e-06,3.7344074857723286e-06,3.733921044971034e-06,3.7334348183757366e-06,3.7329488058490936e-06,3.732463007185804e-06,3.731977422277423e-06,3.7314920509353064e-06,3.731006893008765e-06,3.7305219483489476e-06,3.7300372168141865e-06,3.7295526982270654e-06,3.729068392440851e-06,3.728584299291561e-06,3.728100418636133e-06,3.7276167503098058e-06,3.727133294171522e-06,3.7266500500514387e-06,3.7261670178128112e-06,3.725684197297754e-06,3.7252015883478775e-06,3.7247191908111696e-06,3.7242370045537836e-06,3.7237550293688647e-06,3.7232732650922824e-06,3.722791711672836e-06,3.722310368896304e-06,3.7218292366067414e-06,3.7213483146857888e-06,3.7208676029330947e-06,3.7203871012159253e-06,3.719906809384706e-06,3.7194267272862e-06,3.718946854769494e-06,3.7184671916830352e-06,3.7179877379068755e-06,3.717508493226669e-06,3.717029457522927e-06,3.7165506306448085e-06,3.716072012441568e-06,3.71559360276249e-06,3.7151154014573543e-06,3.7146374083755364e-06,3.71415962336704e-06,3.713682046280667e-06,3.7132046769685816e-06,3.712727515280199e-06,3.7122505610678644e-06,3.711773814181183e-06,3.7112972744671107e-06,3.710820941779383e-06,3.7103448159711346e-06,3.709868896849274e-06,3.7093931842677444e-06,3.7089176781944416e-06,3.7084423784083755e-06,3.7079672847816854e-06,3.707492397122144e-06,3.7070177152835077e-06,3.706543239157211e-06,3.706068968557953e-06,3.7055949033636088e-06,3.70512104341745e-06,3.7046473885906086e-06,3.7041739387009347e-06,3.7037006936192832e-06,3.7032276531980217e-06,3.702754817288417e-06,3.702282185749432e-06,3.701809758429438e-06,3.7013375351886253e-06,3.700865515876128e-06,3.700393700348589e-06,3.6999220884247375e-06,3.699450680026731e-06,3.6989794749747227e-06,3.6985084731258703e-06,3.6980376743356733e-06,3.6975670784535715e-06,3.6970966853457625e-06,3.69662649480991e-06,3.6961565067990353e-06,3.6956867211181353e-06,3.695217137638429e-06,3.6947477561936296e-06,3.6942785766419037e-06,3.6938095988506087e-06,3.6933408226759483e-06,3.692872247974086e-06,3.6924038745958837e-06,3.6919357024025726e-06,3.691467731239029e-06,3.690999960982606e-06,3.6905323914822793e-06,3.6900650225943783e-06,3.689597854174296e-06,3.6891308860840307e-06,3.6886641181760046e-06,3.688197550313301e-06,3.6877311823489917e-06,3.6872650141347017e-06,3.6867990455446505e-06,3.6863332764346187e-06,3.6858677066586635e-06,3.685402336073725e-06,3.6849371645414165e-06,3.684472191911819e-06,3.684007418061794e-06,3.683542842839174e-06,3.683078466106383e-06,3.682614287721309e-06,3.6821503075451427e-06,3.681686525438862e-06,3.6812229412579835e-06,3.6807595548671936e-06,3.6802963661224275e-06,3.679833374889111e-06,3.67937058102266e-06,3.6789079843888527e-06,3.6784455848460665e-06,3.677983382254681e-06,3.6775213764655627e-06,3.6770595673615267e-06,3.6765979547924244e-06,3.676136538621611e-06,3.675675318709645e-06,3.6752142949182226e-06,3.6747534671090096e-06,3.674292835144606e-06,3.6738323988868523e-06,3.6733721581973344e-06,3.672912112940603e-06,3.6724522629776025e-06,3.67199260817172e-06,3.6715331483835987e-06,3.671073883482937e-06,3.670614813325579e-06,3.6701559377773456e-06,3.6696972567018655e-06,3.66923876996197e-06,3.668780477422554e-06,3.668322378944764e-06,3.667864474388508e-06,3.667406763630886e-06,3.666949246529207e-06,3.6664919229487825e-06,3.6660347927532043e-06,3.6655778558058857e-06,3.665121111973873e-06,3.6646645611095988e-06,3.6642082031006354e-06,3.663752037798976e-06,3.6632960650734134e-06,3.6628402847878075e-06,3.6623846967930183e-06,3.6619293009835658e-06,3.661474097209702e-06,3.661019085328674e-06,3.6605642652322103e-06,3.6601096367664565e-06,3.6596551998022026e-06,3.6592009542082404e-06,3.658746899845949e-06,3.658293036584819e-06,3.6578393642917258e-06,3.6573858828328927e-06,3.6569325920765728e-06,3.656479491889791e-06,3.6560265821398366e-06,3.6555738626938877e-06,3.6551213334197545e-06,3.654668994185071e-06,3.6542168448575673e-06,3.6537648852912998e-06,3.6533131153824753e-06,3.6528615349853134e-06,3.652410143969327e-06,3.6519589422013375e-06,3.651507929550457e-06,3.651057105886937e-06,3.6506064710769416e-06,3.6501560249927543e-06,3.6497057675047196e-06,3.649255698476055e-06,3.6488058177801135e-06,3.648356125288392e-06,3.647906620865098e-06,3.647457304382847e-06,3.6470081756955454e-06,3.646559234705391e-06,3.64611048126594e-06,3.6456619152483595e-06,3.645213536522793e-06,3.644765344959979e-06,3.6443173404618568e-06,3.6438695228357057e-06,3.6434218919842248e-06,3.642974447769172e-06,3.642527190080601e-06,3.642080118780672e-06,3.6416332337407415e-06,3.6411865348322756e-06,3.6407400219270576e-06,3.640293694877221e-06,3.639847553594653e-06,3.6394015979299414e-06,3.638955827756165e-06,3.6385102429449636e-06,3.638064843370278e-06,3.6376196289196755e-06,3.6371745994364667e-06,3.6367297548014422e-06,3.636285094896094e-06,3.635840619589813e-06,3.6353963287600763e-06,3.634952222265943e-06,3.6345082999982345e-06,3.634064561816509e-06,3.6336210076020624e-06,3.633177637235896e-06,3.6327344506003073e-06,3.632291447536522e-06,3.6318486279373186e-06,3.631405991673198e-06,3.630963538632739e-06,3.6305212686646272e-06,3.6300791816560706e-06,3.629637277481454e-06,3.6291955560125732e-06,3.6287540171334524e-06,3.62831266071754e-06,3.627871486594511e-06,3.627430494719393e-06,3.626989684865675e-06,3.6265490570383324e-06,3.626108611047439e-06,3.625668346769907e-06,3.625228264088071e-06,3.62478836287178e-06,3.624348642985906e-06,3.6239091043203205e-06,3.6234697467474365e-06,3.6230305701682673e-06,3.622591574416071e-06,3.6221527593821093e-06,3.62171412495225e-06,3.6212756709955504e-06,3.6208373973943787e-06,3.62039930402557e-06,3.61996139076697e-06,3.6195236574948777e-06,3.6190861041393536e-06,3.6186487304715584e-06,3.6182115364239394e-06,3.6177745218815403e-06,3.6173376867147397e-06,3.6169010307880157e-06,3.616464553999237e-06,3.6160282562184348e-06,3.6155921373348464e-06,3.6151561972194022e-06,3.614720435742476e-06,3.6142848527930803e-06,3.613849448247921e-06,3.6134142220566196e-06,3.6129791739473743e-06,3.612544303893915e-06,3.6121096117539414e-06,3.6116750973772743e-06,3.6112407607410436e-06,3.6108066016393086e-06,3.610372619978096e-06,3.609938815626733e-06,3.609505188484119e-06,3.6090717384211313e-06,3.6086384653180343e-06,3.608205369012517e-06,3.6077724494746856e-06,3.607339706520617e-06,3.6069071400664372e-06,3.6064747499716098e-06,3.6060425361268334e-06,3.605610498407198e-06,3.6051786366949213e-06,3.604746950870778e-06,3.604315440783329e-06,3.6038841063477634e-06,3.60345294747707e-06,3.603021963975656e-06,3.6025911557512558e-06,3.602160522767791e-06,3.6017300648489243e-06,3.6012997818822383e-06,3.6008696737323812e-06,3.600439740292713e-06,3.600009981443434e-06,3.5995803970650523e-06,3.5991509870428543e-06,3.5987217512614983e-06,3.598292689543495e-06,3.5978638018885615e-06,3.5974350881180885e-06,3.597006548099924e-06,3.5965781817227304e-06,3.5961499889216623e-06,3.5957219694996344e-06,3.5952941234277636e-06,3.5948664505090225e-06,3.5944389507013364e-06,3.594011623846955e-06,3.593584469802131e-06,3.593157488519792e-06,3.5927306798486325e-06,3.5923040436739014e-06,3.5918775798748202e-06,3.5914512883259583e-06,3.591025168946785e-06,3.59059922160206e-06,3.5901734461748432e-06,3.5897478425488475e-06,3.5893224105817146e-06,3.5888971502270147e-06,3.5884720613361054e-06,3.588047143786789e-06,3.5876223974685435e-06,3.587197822273379e-06,3.5867734180472395e-06,3.5863491847476853e-06,3.585925122224936e-06,3.5855012303647915e-06,3.585077509053515e-06,3.5846539581742578e-06,3.5842305776201837e-06,3.5838073672776557e-06,3.5833843270339045e-06,3.5829614567690875e-06,3.582538756329647e-06,3.582116225687674e-06,3.581693864690729e-06,3.5812716731688585e-06,3.5808496510617435e-06,3.580427798317234e-06,3.5800061147351797e-06,3.5795846003170385e-06,3.579163254817343e-06,3.578742078169772e-06,3.5783210702106246e-06,3.5779002308949626e-06,3.5774795601560303e-06,3.577059057830626e-06,3.5766387237680994e-06,3.576218557928003e-06,3.5757985601645865e-06,3.5753787303017854e-06,3.57495906835673e-06,3.5745395741511077e-06,3.574120247578546e-06,3.5737010885059666e-06,3.573282096861662e-06,3.5728632725150404e-06,3.572444615350948e-06,3.572026125273494e-06,3.5716078021622385e-06,3.571189645907892e-06,3.5707716564082206e-06,3.570353833544726e-06,3.5699361772091123e-06,3.5695186872732033e-06,3.5691013636647568e-06,3.5686842062549166e-06,3.568267214934923e-06,3.567850389588139e-06,3.5674337300560068e-06,3.5670172363303125e-06,3.5666009082726474e-06,3.5661847457587872e-06,3.565768748674434e-06,3.5653529169118137e-06,3.5649372503762505e-06,3.564521748947066e-06,3.5641064125228534e-06,3.5636912409842127e-06,3.563276234226438e-06,3.5628613921471728e-06,3.562446714630054e-06,3.5620322016026175e-06,3.5616178529001003e-06,3.561203668444945e-06,3.5607896481160723e-06,3.560375791822178e-06,3.559962099442031e-06,3.559548570879695e-06,3.5591352060289393e-06,3.558722004774513e-06,3.558308967011776e-06,3.55789609262951e-06,3.557483381519884e-06,3.557070833589045e-06,3.5566584486468306e-06,3.5562462267335925e-06,3.555834167666667e-06,3.55542227135167e-06,3.5550105376734258e-06,3.5545989665224225e-06,3.554187557802744e-06,3.553776311396105e-06,3.553365227210457e-06,3.5529543051081782e-06,3.5525435450250385e-06,3.552132946840522e-06,3.551722510449934e-06,3.5513122357598925e-06,3.5509021226348267e-06,3.5504921709617436e-06,3.550082380672018e-06,3.5496727516535114e-06,3.5492632837944813e-06,3.5488539769904237e-06,3.548444831118687e-06,3.54803584613694e-06,3.5476270218712642e-06,3.547218358295438e-06,3.5468098552105744e-06,3.546401512543478e-06,3.545993330240019e-06,3.5455853081211215e-06,3.5451774461156773e-06,3.544769744112305e-06,3.544362202015773e-06,3.5439548197241945e-06,3.543547597144127e-06,3.543140534145364e-06,3.5427336306498956e-06,3.5423268865501317e-06,3.541920301732152e-06,3.541513876138813e-06,3.541107609588985e-06,3.5407015020204253e-06,3.540295553321414e-06,3.5398897633846758e-06,3.5394841321212606e-06,3.5390786594214204e-06,3.5386733451889513e-06,3.5382681892974235e-06,3.537863191679794e-06,3.5374583522222463e-06,3.5370536707960236e-06,3.536649147340907e-06,3.5362447817457107e-06,3.5358405738988703e-06,3.535436523690606e-06,3.53503263102237e-06,3.5346288958091065e-06,3.5342253179501522e-06,3.5338218972993966e-06,3.5334186338186045e-06,3.5330155273779702e-06,3.5326125778741626e-06,3.5322097851605357e-06,3.531807149225837e-06,3.5314046699331826e-06,3.5310023471602183e-06,3.5306001808177234e-06,3.530198170808296e-06,3.5297963170266563e-06,3.5293946193764753e-06,3.528993077764099e-06,3.5285916920805028e-06,3.5281904622234387e-06,3.527789388093128e-06,3.5273884695994553e-06,3.5269877066367536e-06,3.5265870991027427e-06,3.5261866468862386e-06,3.5257863499138157e-06,3.525386208075507e-06,3.5249862212736433e-06,3.52458638940107e-06,3.5241867123564507e-06,3.523787190061215e-06,3.5233878223957004e-06,3.5229886092496516e-06,3.522589550563126e-06,3.522190646204023e-06,3.5217918960839047e-06,3.5213933001061117e-06,3.5209948581807696e-06,3.5205965701989027e-06,3.520198436095053e-06,3.519800455701415e-06,3.519402628948948e-06,3.51900495574167e-06,3.518607436016318e-06,3.5182100696217726e-06,3.517812856507262e-06,3.5174157965525608e-06,3.517018889687615e-06,3.516622135762107e-06,3.516225534695184e-06,3.515829086361081e-06,3.515432790746631e-06,3.5150366477039702e-06,3.5146406571552414e-06,3.5142448189831756e-06,3.5138491330805774e-06,3.51345359937593e-06,3.5130582177233787e-06,3.512662988103539e-06,3.512267910381366e-06,3.511872984451102e-06,3.511478210232862e-06,3.5110835876239173e-06,3.5106891165117583e-06,3.5102947968364635e-06,3.509900628477376e-06,3.5095066113449592e-06,3.5091127453313842e-06,3.50871903035906e-06,3.5083254663133287e-06,3.5079320530982694e-06,3.5075387906454634e-06,3.507145678878185e-06,3.506752717627939e-06,3.506359906838142e-06,3.505967246411293e-06,3.5055747362542223e-06,3.505182376269607e-06,3.504790166362051e-06,3.504398106437971e-06,3.504006196367948e-06,3.503614436124928e-06,3.5032228255600115e-06,3.5028313646236073e-06,3.502440053201308e-06,3.502048891190814e-06,3.501657878495843e-06,3.5012670150368156e-06,3.50087630070798e-06,3.500485735381927e-06,3.5000953190367996e-06,3.499705051537144e-06,3.4993149327691814e-06,3.4989249626640922e-06,3.4985351411542307e-06,3.4981454681254725e-06,3.4977559434825197e-06,3.497366567124125e-06,3.4969773389647327e-06,3.496588258908004e-06,3.4961993268262793e-06,3.4958105426896555e-06,3.495421906343145e-06,3.4950334177663196e-06,3.4946450767939354e-06,3.4942568833997967e-06,3.493868837454947e-06,3.493480938872772e-06,3.493093187551046e-06,3.492705583410668e-06,3.492318126349683e-06,3.491930816244221e-06,3.4915436530741605e-06,3.491156636707194e-06,3.4907697670552242e-06,3.49038304402524e-06,3.4899964674917823e-06,3.4896100374312985e-06,3.4892237537117394e-06,3.488837616291112e-06,3.488451624964133e-06,3.48806577977326e-06,3.4876800805264507e-06,3.487294527171791e-06,3.4869091196107194e-06,3.486523857757608e-06,3.4861387415202576e-06,3.4857537708076166e-06,3.485368945491123e-06,3.4849842655212917e-06,3.484599730880884e-06,3.4842153413588105e-06,3.4838310969073257e-06,3.4834469974372317e-06,3.483063042884858e-06,3.4826792331041496e-06,3.4822955680327854e-06,3.481912047580668e-06,3.4815286716569765e-06,3.481145440172742e-06,3.4807623530379427e-06,3.4803794101623896e-06,3.4799966114561207e-06,3.4796139568605875e-06,3.4792314462238717e-06,3.4788490794870875e-06,3.478466856528041e-06,3.4780847773239485e-06,3.4777028417548133e-06,3.477321049760926e-06,3.4769394011839148e-06,3.476557895974937e-06,3.47617653404141e-06,3.4757953152607395e-06,3.475414239538674e-06,3.475033306932408e-06,3.474652517213641e-06,3.47427187032885e-06,3.4738913661846203e-06,3.473511004695403e-06,3.473130785772446e-06,3.4727507093575096e-06,3.4723707753024945e-06,3.4719909835679474e-06,3.4716113340280285e-06,3.4712318266285136e-06,3.470852461251818e-06,3.470473237824355e-06,3.4700941562591273e-06,3.4697152164671773e-06,3.4693364184040967e-06,3.4689577618971114e-06,3.4685792469029473e-06,3.468200873332921e-06,3.4678226411143752e-06,3.46744455013061e-06,3.46706660030891e-06,3.466688791452491e-06,3.4663111236941723e-06,3.4659335968368156e-06,3.465556210793824e-06,3.4651789654784166e-06,3.464801860820302e-06,3.4644248967139682e-06,3.464048073061288e-06,3.463671389789088e-06,3.4632948468114797e-06,3.4629184440578086e-06,3.4625421814032333e-06,3.4621660587911046e-06,3.461790076129573e-06,3.461414233331651e-06,3.461038530310855e-06,3.4606629669996046e-06,3.4602875432929395e-06,3.459912259117151e-06,3.4595371143412745e-06,3.4591621089204335e-06,3.4587872427862807e-06,3.4584125158061013e-06,3.458037927917253e-06,3.457663479036065e-06,3.4572891690771917e-06,3.4569149979546184e-06,3.456540965583144e-06,3.4561670718778244e-06,3.455793316753883e-06,3.4554197001265733e-06,3.4550462219115614e-06,3.454672882022321e-06,3.454299680368862e-06,3.453926616879746e-06,3.453553691463913e-06,3.4531809040363123e-06,3.4528082544299013e-06,3.4524357427271706e-06,3.4520633687600444e-06,3.4516911323782353e-06,3.4513190336313917e-06,3.4509470723664514e-06,3.4505752485077895e-06,3.4502035619590494e-06,3.449832012641653e-06,3.449460600473552e-06,3.449089325369382e-06,3.4487181872450895e-06,3.448347186018266e-06,3.447976321607975e-06,3.44760559392591e-06,3.447235002774927e-06,3.446864548310983e-06,3.446494230329504e-06,3.446124048738306e-06,3.4457540033800923e-06,3.4453840943341246e-06,3.4450143214368266e-06,3.444644684607249e-06,3.44427518376263e-06,3.44390581875938e-06,3.4435365896354176e-06,3.4431674962445593e-06,3.442798538503969e-06,3.4424297163363467e-06,3.4420610296561977e-06,3.441692478383799e-06,3.441324062427254e-06,3.440955781659549e-06,3.4405876361111563e-06,3.4402196256417304e-06,3.439851750165325e-06,3.4394840096069886e-06,3.439116403881009e-06,3.438748932904619e-06,3.4383815965981265e-06,3.438014394896537e-06,3.4376473276861087e-06,3.4372803948968676e-06,3.436913596452411e-06,3.4365469322708155e-06,3.436180402269414e-06,3.4358140063641255e-06,3.4354477444951036e-06,3.4350816165468895e-06,3.4347156224575228e-06,3.4343497621187716e-06,3.433984035499744e-06,3.4336184424949898e-06,3.43325298296211e-06,3.432887656947523e-06,3.4325224643024025e-06,3.4321574049504273e-06,3.4317924788086238e-06,3.4314276857917258e-06,3.431063025799449e-06,3.430698498811275e-06,3.4303341047135444e-06,3.4299698434252505e-06,3.4296057148722656e-06,3.429241718971532e-06,3.428877855638938e-06,3.428514124791152e-06,3.428150526363614e-06,3.4277870602684727e-06,3.427423726418199e-06,3.427060524743953e-06,3.426697455176282e-06,3.4263345176137612e-06,3.4259717119819207e-06,3.4256090382068753e-06,3.425246496204987e-06,3.4248840859023423e-06,3.424521807216032e-06,3.4241596600715975e-06,3.4237976443839656e-06,3.423435760080263e-06,3.4230740070821543e-06,3.4227123853059244e-06,3.42235089466412e-06,3.4219895351032904e-06,3.4216283065218934e-06,3.421267208855571e-06,3.420906242019539e-06,3.420545405937675e-06,3.420184700529497e-06,3.4198241257206794e-06,3.419463681416147e-06,3.4191033675645988e-06,3.4187431840698043e-06,3.4183831308637963e-06,3.4180232078654315e-06,3.417663415000851e-06,3.417303752195026e-06,3.4169442193485835e-06,3.416584816403081e-06,3.4162255432749355e-06,3.4158663999128245e-06,3.4155073861872646e-06,3.415148502049119e-06,3.414789747406179e-06,3.4144311222086686e-06,3.4140726263677665e-06,3.4137142598003485e-06,3.413356022432667e-06,3.4129979142074037e-06,3.412639935013413e-06,3.412282084806876e-06,3.411924363472283e-06,3.411566770952935e-06,3.411209307175592e-06,3.4108519720567085e-06,3.4104947655096137e-06,3.410137687547134e-06,3.409780738003729e-06,3.409423916778161e-06,3.409067223833805e-06,3.4087106590989744e-06,3.408354222496571e-06,3.4079979139303854e-06,3.4076417333761185e-06,3.407285680695155e-06,3.406929755838129e-06,3.4065739587310164e-06,3.4062182893065457e-06,3.4058627474711303e-06,3.4055073331078824e-06,3.405152046239797e-06,3.4047968867123267e-06,3.4044418545143277e-06,3.404086949537054e-06,3.403732171706471e-06,3.4033775209439683e-06,3.403022997174654e-06,3.402668600325109e-06,3.4023143303177328e-06,3.4019601871138297e-06,3.4016061705767095e-06,3.4012522806593013e-06,3.4008985173213193e-06,3.4005448804310005e-06,3.400191369959742e-06,3.3998379857702664e-06,3.3994847278378253e-06,3.3991315960953577e-06,3.3987785904215133e-06,3.3984257107706867e-06,3.398072957029171e-06,3.397720329198018e-06,3.397367827196127e-06,3.397015450894551e-06,3.396663200243803e-06,3.3963110751901276e-06,3.395959075615061e-06,3.3956072014832686e-06,3.395255452733074e-06,3.3949038292382887e-06,3.3945523309322895e-06,3.394200957781343e-06,3.3938497096958607e-06,3.3934985865945396e-06,3.3931475884058516e-06,3.3927967150565437e-06,3.392445966478958e-06,3.3920953425958436e-06,3.391744843345333e-06,3.391394468589495e-06,3.391044218364338e-06,3.3906940925269906e-06,3.3903440910111473e-06,3.389994213786984e-06,3.3896444607197574e-06,3.3892948316934687e-06,3.388945326767829e-06,3.388595945832272e-06,3.3882466887662755e-06,3.387897555526874e-06,3.3875485460596433e-06,3.387199660240429e-06,3.3868508980198427e-06,3.3865022593334162e-06,3.3861537440620293e-06,3.3858053522230502e-06,3.3854570836927322e-06,3.3851089384118795e-06,3.3847609163280362e-06,3.3844130172363487e-06,3.384065241242512e-06,3.3837175882034266e-06,3.3833700580459495e-06,3.3830226507055283e-06,3.3826753660958774e-06,3.3823282041536243e-06,3.381981164744882e-06,3.381634247912643e-06,3.3812874535445027e-06,3.3809407815920956e-06,3.3805942319199246e-06,3.3802478044934467e-06,3.37990149922265e-06,3.3795553160729235e-06,3.37920925492376e-06,3.3788633157238845e-06,3.3785174984174683e-06,3.378171802918065e-06,3.3778262291858092e-06,3.377480777120047e-06,3.377135446631237e-06,3.376790237673148e-06,3.3764451501732945e-06,3.376100184074673e-06,3.375755339280736e-06,3.3754106157005665e-06,3.3750660133298443e-06,3.3747215320872633e-06,3.374377171893677e-06,3.3740329326316962e-06,3.3736888142821215e-06,3.3733448167118832e-06,3.3730009399299836e-06,3.372657183835179e-06,3.372313548350881e-06,3.371970033412232e-06,3.3716266389494086e-06,3.3712833648556634e-06,3.370940211173409e-06,3.3705971777651797e-06,3.3702542645433876e-06,3.3699114714164335e-06,3.3695687983465767e-06,3.3692262452593912e-06,3.3688838121213216e-06,3.3685414988071665e-06,3.368199305322186e-06,3.3678572315319337e-06,3.3675152773441594e-06,3.3671734427377616e-06,3.366831727630674e-06,3.3664901319639076e-06,3.3661486556739204e-06,3.365807298669181e-06,3.365466060893043e-06,3.3651249422778974e-06,3.364783942750076e-06,3.364443062248412e-06,3.3641023006829656e-06,3.363761658059924e-06,3.3634211342144248e-06,3.363080729117064e-06,3.3627404427001773e-06,3.3624002749244625e-06,3.362060225662323e-06,3.36172029487563e-06,3.361380482484345e-06,3.361040788443625e-06,3.360701212641268e-06,3.360361755096051e-06,3.3600224156687775e-06,3.3596831942786167e-06,3.359344090912659e-06,3.3590051054781727e-06,3.3586662379074454e-06,3.358327488132808e-06,3.357988856086259e-06,3.3576503416893686e-06,3.3573119448975794e-06,3.356973665590962e-06,3.356635503769063e-06,3.356297459353394e-06,3.3559595322687207e-06,3.3556217224055457e-06,3.355284029760528e-06,3.354946454211147e-06,3.3546089957511943e-06,3.354271654272095e-06,3.353934429713434e-06,3.3535973219896893e-06,3.3532603310740213e-06,3.3529234568496262e-06,3.3525866993089727e-06,3.3522500583273367e-06,3.351913533895627e-06,3.351577125896202e-06,3.3512408342724963e-06,3.3509046590023548e-06,3.350568599987538e-06,3.3502326571608227e-06,3.3498968304561794e-06,3.3495611197873584e-06,3.349225525128333e-06,3.3488900463924506e-06,3.348554683513378e-06,3.3482194363973522e-06,3.3478843050352564e-06,3.3475492893339615e-06,3.347214389206094e-06,3.3468796046242313e-06,3.346544935499281e-06,3.3462103817972466e-06,3.3458759434291476e-06,3.3455416202970055e-06,3.3452074123715992e-06,3.3448733195747693e-06,3.3445393418031988e-06,3.3442054790578356e-06,3.3438717312695034e-06,3.3435380983532337e-06,3.3432045802435924e-06,3.3428711768757053e-06,3.3425378881785596e-06,3.3422047140979406e-06,3.3418716545589075e-06,3.3415387095059762e-06,3.3412058788688168e-06,3.3408731625359956e-06,3.340540560536562e-06,3.340208072758856e-06,3.3398756991401992e-06,3.3395434396099286e-06,3.3392112941112504e-06,3.338879262568132e-06,3.3385473449270167e-06,3.3382155411201953e-06,3.33788385107831e-06,3.3375522747467852e-06,3.337220812056151e-06,3.3368894629455965e-06,3.3365582273430138e-06,3.3362271051839526e-06,3.33589609638641e-06,3.335565200933687e-06,3.3352344187367077e-06,3.334903749730582e-06,3.334573193852377e-06,3.3342427510214913e-06,3.3339124212102916e-06,3.33358220431341e-06,3.3332521003103874e-06,3.332922109110689e-06,3.3325922306759823e-06,3.3322624649083916e-06,3.3319328117588423e-06,3.331603271164392e-06,3.33127384306088e-06,3.330944527393049e-06,3.3306153241169694e-06,3.3302862331080476e-06,3.329957254333986e-06,3.329628387734612e-06,3.3292996332485384e-06,3.328970990812098e-06,3.328642460358291e-06,3.3283140418049854e-06,3.3279857351345234e-06,3.3276575402362375e-06,3.327329457080445e-06,3.3270014856104476e-06,3.3266736257487528e-06,3.326345877432772e-06,3.326018240610203e-06,3.3256907152031842e-06,3.3253633011505204e-06,3.325035998393422e-06,3.3247088068670213e-06,3.324381726513378e-06,3.3240547572822404e-06,3.3237278990858435e-06,3.3234011518710703e-06,3.3230745155786992e-06,3.3227479901430276e-06,3.3224215755059164e-06,3.3220952715977383e-06,3.3217690783690823e-06,3.3214429957506324e-06,3.3211170236825843e-06,3.3207911620988157e-06,3.320465410940783e-06,3.320139770148169e-06,3.3198142396363954e-06,3.319488819386929e-06,3.31916350931589e-06,3.318838309362282e-06,3.318513219464484e-06,3.3181882395619653e-06,3.317863369591772e-06,3.3175386094908333e-06,3.317213959202193e-06,3.316889418682229e-06,3.316564987834397e-06,3.316240666610172e-06,3.3159164549549103e-06,3.315592352797685e-06,3.3152683600796476e-06,3.3149444767657527e-06,3.3146207027589033e-06,3.3142970380139543e-06,3.3139734824863986e-06,3.3136500360744493e-06,3.3133266987423847e-06,3.313003470420386e-06,3.3126803510623523e-06,3.3123573406010373e-06,3.312034438980191e-06,3.3117116461321076e-06,3.311388962005224e-06,3.311066386520366e-06,3.310743919643185e-06,3.31042156129179e-06,3.3100993114070946e-06,3.3097771699511046e-06,3.3094551368316035e-06,3.3091332120201526e-06,3.3088113954597813e-06,3.308489687038798e-06,3.308168086733431e-06,3.3078465944778695e-06,3.3075252102104236e-06,3.3072039338784677e-06,3.3068827654211428e-06,3.306561704765598e-06,3.3062407518727166e-06,3.3059199066759018e-06,3.3055991691318225e-06,3.305278539146759e-06,3.3049580166748187e-06,3.304637601656409e-06,3.3043172940539625e-06,3.30399709375097e-06,3.303677000736854e-06,3.3033570149511444e-06,3.30303713633789e-06,3.3027173648049024e-06,3.3023977003217243e-06,3.3020781428054837e-06,3.3017586922156114e-06,3.301439348483844e-06,3.3011201115620447e-06,3.3008009813829164e-06,3.3004819579008903e-06,3.300163041028783e-06,3.299844230731859e-06,3.2995255269463408e-06,3.2992069296147877e-06,3.2988884386757727e-06,3.2985700540677678e-06,3.2982517757390455e-06,3.297933603638808e-06,3.2976155376785224e-06,3.297297577828698e-06,3.296979724020298e-06,3.2966619762025877e-06,3.2963443342976717e-06,3.2960267982596612e-06,3.295709368025515e-06,3.295392043543148e-06,3.295074824752457e-06,3.2947577115942065e-06,3.294440704010725e-06,3.294123801949065e-06,3.2938070053459744e-06,3.2934903141497166e-06,3.2931737282894317e-06,3.2928572476863147e-06,3.2925408723410873e-06,3.2922246021766683e-06,3.2919084371265503e-06,3.2915923771225e-06,3.2912764221156636e-06,3.2909605720460253e-06,3.290644826881753e-06,3.290329186485714e-06,3.290013650914904e-06,3.2896982200347943e-06,3.2893828938044135e-06,3.2890676721744435e-06,3.2887525550821462e-06,3.2884375424692492e-06,3.288122634255953e-06,3.287807830433249e-06,3.287493130922074e-06,3.2871785356789408e-06,3.286864044624878e-06,3.2865496577045267e-06,3.286235374848443e-06,3.2859211960415656e-06,3.2856071211859214e-06,3.285293150271651e-06,3.2849792831960236e-06,3.2846655198830514e-06,3.2843518603534793e-06,3.28403830450072e-06,3.2837248522751243e-06,3.283411503629369e-06,3.2830982584857846e-06,3.2827851167927436e-06,3.282472078485574e-06,3.2821591435100593e-06,3.2818463118827663e-06,3.281533583486705e-06,3.2812209582612144e-06,3.280908436159171e-06,3.280596017133412e-06,3.2802837011139253e-06,3.279971488009925e-06,3.279659377833853e-06,3.2793473704816168e-06,3.2790354659285057e-06,3.2787236641094548e-06,3.27841196496718e-06,3.27810036844862e-06,3.277788874471127e-06,3.277477483013137e-06,3.2771661940069716e-06,3.276855007367081e-06,3.2765439230951346e-06,3.2762329411090797e-06,3.2759220613239123e-06,3.275611283737767e-06,3.2753006082438353e-06,3.2749900348516557e-06,3.274679563456138e-06,3.2743691939963796e-06,3.274058926454471e-06,3.2737487607240306e-06,3.273438696778798e-06,3.273128734573653e-06,3.272818874077856e-06,3.2725091151593177e-06,3.2721994578314207e-06,3.271889902039297e-06,3.271580447679732e-06,3.2712710947321315e-06,3.2709618431256877e-06,3.2706526928212783e-06,3.270343643768724e-06,3.2700346958857553e-06,3.2697258491035954e-06,3.269417103425324e-06,3.269108458751985e-06,3.2687999150432852e-06,3.2684914722490316e-06,3.268183130328786e-06,3.267874889186779e-06,3.2675667488031058e-06,3.267258709108257e-06,3.266950770043001e-06,3.266642931570711e-06,3.2663351936106888e-06,3.2660275561452354e-06,3.2657200191139016e-06,3.26541258244082e-06,3.265105246070695e-06,3.2647980099805185e-06,3.264490874075618e-06,3.2641838383202433e-06,3.263876902634915e-06,3.263570067037385e-06,3.263263331433891e-06,3.262956695737339e-06,3.2626501599405143e-06,3.262343723986492e-06,3.2620373878053035e-06,3.2617311513205745e-06,3.26142501448607e-06,3.26111897728826e-06,3.260813039648729e-06,3.2605072015278033e-06,3.2602014628795676e-06,3.2598958235562365e-06,3.259590283632589e-06,3.2592848429901978e-06,3.258979501599974e-06,3.25867425939465e-06,3.2583691163317767e-06,3.2580640723648466e-06,3.2577591274130167e-06,3.257454281450343e-06,3.2571495343932236e-06,3.2568448862259404e-06,3.2565403368445358e-06,3.25623588624268e-06,3.255931534359215e-06,3.2556272811400522e-06,3.2553231265243174e-06,3.25501907044897e-06,3.254715112878138e-06,3.254411253728879e-06,3.254107493019776e-06,3.253803830623596e-06,3.253500266549876e-06,3.2531968006981985e-06,3.252893433018811e-06,3.2525901635024053e-06,3.2522869920542334e-06,3.251983918631017e-06,3.2516809431767264e-06,3.2513780656173886e-06,3.251075285978203e-06,3.2507726041444123e-06,3.250470020066279e-06,3.250167533729794e-06,3.2498651450301435e-06,3.249562853937854e-06,3.2492606604247527e-06,3.248958564400929e-06,3.248656565859307e-06,3.248354664717065e-06,3.248052860923147e-06,3.2477511543910536e-06,3.247449545139901e-06,3.2471480330989134e-06,3.2468466181564537e-06,3.2465453003284766e-06,3.2462440795475876e-06,3.245942955750992e-06,3.245641928887641e-06,3.2453409989220385e-06,3.24504016579396e-06,3.244739429463814e-06,3.2444387898492236e-06,3.2441382469188216e-06,3.243837800628239e-06,3.2435374509217604e-06,3.2432371977239365e-06,3.242937041019644e-06,3.2426369807294105e-06,3.2423370168041014e-06,3.2420371492122055e-06,3.241737377883344e-06,3.241437702760586e-06,3.2411381238336406e-06,3.240838641035934e-06,3.2405392542999763e-06,3.2402399635883073e-06,3.2399407688482274e-06,3.2396416700032925e-06,3.2393426670336174e-06,3.2390437598892595e-06,3.2387449485081956e-06,3.238446232838974e-06,3.2381476128006086e-06,3.2378490883916904e-06,3.2375506595498095e-06,3.2372523262153246e-06,3.2369540883591593e-06,3.2366559459160624e-06,3.2363578988324208e-06,3.2360599470588776e-06,3.235762090534399e-06,3.2354643292267874e-06,3.2351666630756e-06,3.2348690920374497e-06,3.2345716160796807e-06,3.234274235109161e-06,3.233976949099921e-06,3.2336797579940946e-06,3.2333826617623266e-06,3.2330856603322763e-06,3.2327887536703465e-06,3.2324919417105593e-06,3.2321952244099984e-06,3.2318986017264568e-06,3.2316020736055505e-06,3.2313056399944214e-06,3.2310093008443397e-06,3.2307130560893367e-06,3.2304169057125447e-06,3.230120849647129e-06,3.2298248878395233e-06,3.229529020267545e-06,3.229233246835673e-06,3.2289375675162324e-06,3.2286419822605113e-06,3.22834649102847e-06,3.228051093772764e-06,3.227755790445891e-06,3.227460580965542e-06,3.2271654653035162e-06,3.2268704434005674e-06,3.2265755152309236e-06,3.226280680735186e-06,3.2259859398586145e-06,3.225691292564208e-06,3.2253967387948874e-06,3.2251022785016534e-06,3.224807911626522e-06,3.224513638128872e-06,3.2242194579663775e-06,3.2239253710751077e-06,3.2236313774271428e-06,3.2233374769577775e-06,3.2230436696142063e-06,3.222749955379356e-06,3.2224563341633374e-06,3.222162805933758e-06,3.221869370651497e-06,3.2215760282508213e-06,3.221282778695346e-06,3.2209896219415793e-06,3.220696557930579e-06,3.2204035866188382e-06,3.220110707938308e-06,3.219817921857671e-06,3.219525228345247e-06,3.2192326273332676e-06,3.2189401187700786e-06,3.218647702611337e-06,3.2183553788322375e-06,3.2180631473532335e-06,3.2177710081347144e-06,3.2174789611268677e-06,3.217187006286934e-06,3.216895143566574e-06,3.2166033729374704e-06,3.2163116943299785e-06,3.216020107681637e-06,3.215728612971397e-06,3.2154372101395083e-06,3.2151458991432647e-06,3.2148546799276984e-06,3.2145635524662883e-06,3.214272516681221e-06,3.2139815725447113e-06,3.2136907199930205e-06,3.2133999589969257e-06,3.213109289496252e-06,3.212818711453835e-06,3.212528224760585e-06,3.2122378294858456e-06,3.2119475254591503e-06,3.211657312737656e-06,3.2113671912505676e-06,3.211077160908945e-06,3.2107872217063848e-06,3.210497373569046e-06,3.210207616458209e-06,3.2099179503089147e-06,3.2096283750323256e-06,3.209338890723477e-06,3.2090494972540476e-06,3.2087601945744462e-06,3.208470982624152e-06,3.208181861387963e-06,3.207892830795232e-06,3.2076038907964675e-06,3.207315041393462e-06,3.207026282472044e-06,3.206737614012272e-06,3.2064490359740993e-06,3.2061605482916092e-06,3.2058721509389225e-06,3.2055838438878496e-06,3.205295627034972e-06,3.205007500381575e-06,3.2047194638590223e-06,3.204431517430641e-06,3.204143661036348e-06,3.203855894645466e-06,3.203568218206982e-06,3.2032806316790435e-06,3.202993135004514e-06,3.20270572814619e-06,3.202418411045392e-06,3.202131183673126e-06,3.2018440459595973e-06,3.2015569978886944e-06,3.201270039389064e-06,3.2009831704355758e-06,3.2006963909786436e-06,3.2004097009569388e-06,3.200123100319953e-06,3.1998365890466397e-06,3.199550167075092e-06,3.1992638343618392e-06,3.1989775908646224e-06,3.19869143653806e-06,3.198405371328576e-06,3.198119395200552e-06,3.1978335080982237e-06,3.1975477099755258e-06,3.1972620007947935e-06,3.196976380505772e-06,3.1966908490716153e-06,3.196405406443637e-06,3.1961200525580157e-06,3.1958347873983868e-06,3.1955496109052177e-06,3.195264523026825e-06,3.1949795237148033e-06,3.194694612939125e-06,3.1944097906528824e-06,3.194125056806681e-06,3.1938404113575267e-06,3.1935558542582963e-06,3.193271385458502e-06,3.1929870049142963e-06,3.1927027125892262e-06,3.1924185084294643e-06,3.192134392380542e-06,3.191850364421849e-06,3.1915664244974047e-06,3.191282572554238e-06,3.1909988085556154e-06,3.1907151324570743e-06,3.190431544219444e-06,3.1901480438072043e-06,3.189864631139895e-06,3.1895813061891358e-06,3.1892980689028743e-06,3.189014919261118e-06,3.1887318572035995e-06,3.1884488826770672e-06,3.188165995655971e-06,3.1878831960827437e-06,3.187600483917013e-06,3.1873178591150305e-06,3.1870353216210575e-06,3.186752871405761e-06,3.186470508423547e-06,3.1861882326269888e-06,3.1859060439700165e-06,3.1856239423922185e-06,3.185341927882388e-06,3.185060000373906e-06,3.184778159834304e-06,3.184496406204922e-06,3.184214739422584e-06,3.1839331594954438e-06,3.1836516663418256e-06,3.183370259951857e-06,3.1830889402568087e-06,3.1828077071822497e-06,3.18252656073691e-06,3.182245500872539e-06,3.1819645275210743e-06,3.181683640651356e-06,3.181402840213439e-06,3.1811221261796704e-06,3.180841498473235e-06,3.1805609570587682e-06,3.180280501934922e-06,3.1800001330264054e-06,3.179719850282269e-06,3.179439653658646e-06,3.1791595431211197e-06,3.1788795186335707e-06,3.1785995801492363e-06,3.1783197276187455e-06,3.1780399609985278e-06,3.177760280213999e-06,3.1774806852807946e-06,3.1772011761664037e-06,3.176921752716625e-06,3.176642414981766e-06,3.1763631629030445e-06,3.1760839964272247e-06,3.175804915531203e-06,3.1755259201530664e-06,3.1752470102201224e-06,3.1749681857566814e-06,3.1746894466763443e-06,3.174410792929185e-06,3.1741322244848076e-06,3.1738537413150895e-06,3.17357534337347e-06,3.173297030639547e-06,3.1730188030078855e-06,3.1727406605080536e-06,3.1724626030000823e-06,3.1721846305102885e-06,3.171906742960144e-06,3.171628940346116e-06,3.1713512226109154e-06,3.171073589709333e-06,3.170796041590551e-06,3.1705185782274205e-06,3.1702411995742873e-06,3.1699639055715088e-06,3.1696866962011e-06,3.1694095714091196e-06,3.1691325311509233e-06,3.1688555753842257e-06,3.1685787040644565e-06,3.1683019171702188e-06,3.168025214631059e-06,3.167748596410152e-06,3.167472062469396e-06,3.1671956127707806e-06,3.166919247265867e-06,3.1666429659160778e-06,3.1663667686628368e-06,3.1660906554923436e-06,3.1658146263126087e-06,3.1655386811381045e-06,3.1652628199214583e-06,3.1649870426101674e-06,3.1647113491998633e-06,3.164435739562626e-06,3.164160213703021e-06,3.1638847715724844e-06,3.1636094131365297e-06,3.1633341383405003e-06,3.1630589471601414e-06,3.1627838395448336e-06,3.16250881544414e-06,3.16223387483447e-06,3.1619590176675783e-06,3.161684243900467e-06,3.161409553482803e-06,3.1611349463961095e-06,3.160860422570499e-06,3.1605859819789737e-06,3.16031162457768e-06,3.160037350327926e-06,3.1597631591775933e-06,3.1594890510933923e-06,3.159215026003465e-06,3.1589410839236725e-06,3.1586672247688637e-06,3.1583934485347493e-06,3.158119755160973e-06,3.157846144605381e-06,3.157572616822633e-06,3.157299171755623e-06,3.157025809396005e-06,3.1567525296946526e-06,3.1564793325763045e-06,3.1562062180201546e-06,3.155933186023387e-06,3.1556602364948264e-06,3.1553873694421844e-06,3.1551145847963025e-06,3.154841882520996e-06,3.154569262561006e-06,3.1542967248649998e-06,3.1540242693943193e-06,3.1537518961558526e-06,3.153479605094734e-06,3.1532073961462164e-06,3.1529352692741476e-06,3.15266322444311e-06,3.152391261603988e-06,3.1521193807190648e-06,3.151847581752972e-06,3.1515758646658417e-06,3.151304229415417e-06,3.151032675955326e-06,3.1507612042657636e-06,3.1504898142475253e-06,3.150218505857352e-06,3.149947279169117e-06,3.149676134076227e-06,3.1494050705740904e-06,3.1491340885458823e-06,3.1488631879789456e-06,3.148592368856915e-06,3.1483216310725863e-06,3.1480509746765928e-06,3.1477803995909413e-06,3.1475099057727598e-06,3.1472394931961933e-06,3.14696916179491e-06,3.1466989115318057e-06,3.1464287423612747e-06,3.1461586542900438e-06,3.1458886472435235e-06,3.1456187211698725e-06,3.1453488760592716e-06,3.1450791118555447e-06,3.1448094286036806e-06,3.144539826092417e-06,3.1442703043732412e-06,3.14400086341081e-06,3.143731503133465e-06,3.1434622235480277e-06,3.143193024577058e-06,3.1429239061848854e-06,3.142654868361541e-06,3.1423859110474504e-06,3.1421170342000227e-06,3.1418482377929957e-06,3.1415795217723397e-06,3.1413108861067967e-06,3.1410423307458126e-06,3.1407738556649672e-06,3.140505460808832e-06,3.1402371461312366e-06,3.139968911623914e-06,3.1397007572337996e-06,3.139432682914538e-06,3.1391646886084222e-06,3.1388967743260497e-06,3.138628939988826e-06,3.1383611855814136e-06,3.1380935110482618e-06,3.13782591634468e-06,3.137558401453928e-06,3.1372909663143793e-06,3.13702361089861e-06,3.136756335156999e-06,3.136489139061619e-06,3.136222022593491e-06,3.135954985717386e-06,3.1356880283196174e-06,3.1354211504099757e-06,3.1351543519499425e-06,3.134887632905709e-06,3.1346209932312525e-06,3.1343544328522836e-06,3.1340879517874004e-06,3.1338215499729847e-06,3.133555227373616e-06,3.1332889839519423e-06,3.133022819679907e-06,3.1327567344799643e-06,3.1324907283532275e-06,3.132224801267749e-06,3.1319589531456925e-06,3.1316931839744834e-06,3.131427493707546e-06,3.13116188230445e-06,3.1308963497316316e-06,3.130630895897454e-06,3.1303655208591226e-06,3.130100224536617e-06,3.129835006884147e-06,3.129569867868495e-06,3.129304807473254e-06,3.1290398255814135e-06,3.12877492224748e-06,3.1285100973851047e-06,3.1282453509732785e-06,3.1279806829509617e-06,3.1277160933182366e-06,3.1274515820087647e-06,3.1271871489873324e-06,3.126922794226764e-06,3.126658517678807e-06,3.1263943193221716e-06,3.1261301990910658e-06,3.125866156960211e-06,3.125602192940719e-06,3.1253383068913813e-06,3.125074498829533e-06,3.1248107687397607e-06,3.124547116534621e-06,3.1242835421809094e-06,3.124020045672926e-06,3.123756626980534e-06,3.123493286041881e-06,3.1232300228343227e-06,3.1229668372914707e-06,3.1227037294025677e-06,3.1224406991287925e-06,3.1221777464085993e-06,3.1219148712376956e-06,3.1216520735575258e-06,3.121389353337603e-06,3.1211267105394712e-06,3.120864145123762e-06,3.1206016570470487e-06,3.120339246277621e-06,3.1200769127840587e-06,3.1198146565007853e-06,3.1195524774301297e-06,3.119290375521563e-06,3.1190283507355573e-06,3.11876640303001e-06,3.118504532363738e-06,3.118242738705028e-06,3.1179810220240647e-06,3.1177193822891097e-06,3.1174578194383148e-06,3.1171963334657844e-06,3.1169349242960726e-06,3.11667359191127e-06,3.1164123362741373e-06,3.11615115734762e-06,3.1158900550946353e-06,3.115629029478123e-06,3.1153680804610867e-06,3.1151072080064518e-06,3.1148464120772672e-06,3.114585692636575e-06,3.1143250496474454e-06,3.1140644830729672e-06,3.113803992876258e-06,3.1135435790204623e-06,3.113283241468747e-06,3.113022980184344e-06,3.112762795130387e-06,3.11250268627016e-06,3.1122426535669273e-06,3.111982696983983e-06,3.111722816484641e-06,3.111463012028023e-06,3.1112032835859356e-06,3.1109436311175865e-06,3.1106840545865204e-06,3.110424553955797e-06,3.110165129189094e-06,3.1099057802498953e-06,3.109646507101718e-06,3.1093873097080957e-06,3.1091281880325703e-06,3.1088691420387756e-06,3.1086101716902996e-06,3.108351276950777e-06,3.108092457783872e-06,3.1078337141533166e-06,3.10757504602272e-06,3.1073164533558633e-06,3.1070579361307736e-06,3.1067994942826986e-06,3.106541127789709e-06,3.1062828366153747e-06,3.1060246207240877e-06,3.105766480079613e-06,3.105508414645543e-06,3.1052504243859593e-06,3.1049925092648208e-06,3.1047346692460974e-06,3.104476904293765e-06,3.104219214372298e-06,3.10396159944493e-06,3.1037040594761253e-06,3.1034465944299853e-06,3.10318920427063e-06,3.1029318889622036e-06,3.102674648468878e-06,3.1024174827548434e-06,3.1021603917843556e-06,3.101903375521645e-06,3.1016464339308865e-06,3.101389566976473e-06,3.1011327746226945e-06,3.1008760568338233e-06,3.1006194135742676e-06,3.1003628448084103e-06,3.1001063505007296e-06,3.0998499306155304e-06,3.0995935851170526e-06,3.0993373139703307e-06,3.09908111714091e-06,3.0988249945907328e-06,3.0985689462855654e-06,3.0983129721887296e-06,3.0980570722674114e-06,3.0978012464850105e-06,3.0975454948060764e-06,3.0972898171953573e-06,3.0970342136174617e-06,3.0967786840371436e-06,3.096523228419183e-06,3.096267846728249e-06,3.096012538929245e-06,3.0957573049867635e-06,3.0955021448659277e-06,3.0952470585316756e-06,3.0949920459485256e-06,3.0947371070814234e-06,3.094482241895431e-06,3.094227450355536e-06,3.0939727324266485e-06,3.0937180880735946e-06,3.093463517261713e-06,3.0932090199559094e-06,3.0929545961212916e-06,3.0927002457229117e-06,3.092445968725863e-06,3.092191765095265e-06,3.0919376347963053e-06,3.0916835777942044e-06,3.0914295940617874e-06,3.091175683548979e-06,3.0909218462286893e-06,3.090668082066194e-06,3.0904143910148767e-06,3.090160773063886e-06,3.089907228166592e-06,3.089653756288483e-06,3.0894003573948897e-06,3.089147031451229e-06,3.088893778422773e-06,3.088640598275301e-06,3.088387490974142e-06,3.0881344564847974e-06,3.087881494772788e-06,3.0876286058036494e-06,3.0873757895137573e-06,3.087123045927189e-06,3.086870374980308e-06,3.0866177766387542e-06,3.0863652508681344e-06,3.086112797613163e-06,3.0858604168816736e-06,3.085608108618313e-06,3.085355872788799e-06,3.085103709358981e-06,3.084851618294621e-06,3.0845995995615396e-06,3.0843476531254102e-06,3.084095778929166e-06,3.083843976985122e-06,3.0835922472358783e-06,3.083340589641164e-06,3.0830890041793686e-06,3.0828374907958846e-06,3.0825860494592943e-06,3.0823346801695135e-06,3.0820833828742606e-06,3.0818321575314665e-06,3.081581004116256e-06,3.0813299225900922e-06,3.0810789129169083e-06,3.0808279750672914e-06,3.080577109017343e-06,3.080326314708979e-06,3.0800755921205776e-06,3.079824941197284e-06,3.0795743619404854e-06,3.0793238543095607e-06,3.079073418271387e-06,3.078823053776969e-06,3.0785727607913565e-06,3.0783225392989132e-06,3.0780723892564993e-06,3.077822310629047e-06,3.0775723033876374e-06,3.077322367508023e-06,3.0770725029439498e-06,3.0768227096458643e-06,3.0765729875949105e-06,3.0763233367659592e-06,3.076073757133934e-06,3.0758242486391343e-06,3.0755748112601815e-06,3.0753254449637143e-06,3.0750761497163813e-06,3.074826925484922e-06,3.0745777722148025e-06,3.0743286899151998e-06,3.074079678531655e-06,3.073830738030691e-06,3.073581868379605e-06,3.073333069544697e-06,3.0730843414933612e-06,3.0728356841921857e-06,3.0725870976086606e-06,3.072338581706113e-06,3.0720901364562594e-06,3.0718417618073526e-06,3.071593457760915e-06,3.071345224266105e-06,3.0710970612901125e-06,3.07084896879826e-06,3.070600946712315e-06,3.0703529950945163e-06,3.0701051138639104e-06,3.069857303002607e-06,3.0696095624599507e-06,3.0693618921940223e-06,3.0691142921832697e-06,3.0688667624078403e-06,3.068619302810762e-06,3.0683719133703908e-06,3.0681245940525905e-06,3.0678773448291973e-06,3.0676301656650447e-06,3.067383056539599e-06,3.0671360173966506e-06,3.0668890482254864e-06,3.0666421489727403e-06,3.0663953196161932e-06,3.066148560134965e-06,3.0659018704722437e-06,3.065655250608577e-06,3.0654087005037624e-06,3.0651622201507973e-06,3.0649158095003946e-06,3.064669468503843e-06,3.064423197146221e-06,3.0641769954038356e-06,3.0639308632341066e-06,3.0636848005976884e-06,3.063438807462622e-06,3.0631928838138774e-06,3.0629470296073177e-06,3.0627012447994066e-06,3.0624555293693532e-06,3.0622098832850245e-06,3.0619643065141287e-06,3.0617187990264354e-06,3.06147336079618e-06,3.061227991772695e-06,3.0609826919340986e-06,3.0607374612586487e-06,3.060492299693021e-06,3.060247207214013e-06,3.0600021837942928e-06,3.0597572294015437e-06,3.05951234399911e-06,3.0592675275603154e-06,3.059022780057663e-06,3.0587781014438405e-06,3.0585334917027007e-06,3.058288950786767e-06,3.0580444786696193e-06,3.0578000753240377e-06,3.057555740713697e-06,3.0573114748116916e-06,3.05706727758386e-06,3.056823149005624e-06,3.056579089030012e-06,3.0563350975869265e-06,3.056091174744822e-06,3.055847320407644e-06,3.0556035345514938e-06,3.0553598171523218e-06,3.055116168155344e-06,3.054872587565785e-06,3.0546290753329873e-06,3.054385631421975e-06,3.0541422558063404e-06,3.0538989484654045e-06,3.053655709345815e-06,3.053412538426063e-06,3.053169435674666e-06,3.0529264010601495e-06,3.0526834345505327e-06,3.0524405361128645e-06,3.0521977056480143e-06,3.0519549432784743e-06,3.051712248876754e-06,3.051469622423727e-06,3.051227063887793e-06,3.050984573236483e-06,3.0507421504410146e-06,3.050499795394304e-06,3.050257508215105e-06,3.050015288797146e-06,3.049773137120083e-06,3.0495310531307807e-06,3.0492890368091733e-06,3.0490470880794564e-06,3.0488052069911738e-06,3.04856339348603e-06,3.048321647521949e-06,3.0480799690189843e-06,3.0478383580860724e-06,3.047596814564352e-06,3.0473553383982455e-06,3.0471139296865376e-06,3.0468725883459635e-06,3.0466313143302595e-06,3.0463901076110788e-06,3.046148968145243e-06,3.045907895921497e-06,3.0456668908260145e-06,3.0454259529813442e-06,3.045185082264447e-06,3.044944278627192e-06,3.044703542079757e-06,3.044462872604481e-06,3.0442222701479115e-06,3.0439817346760746e-06,3.043741266164288e-06,3.043500864585469e-06,3.043260529895556e-06,3.0430202620384586e-06,3.042780061049269e-06,3.042539926859449e-06,3.0422998594478306e-06,3.042059858750734e-06,3.0418199247934595e-06,3.04158005750616e-06,3.0413402568621257e-06,3.0411005228670568e-06,3.040860855458171e-06,3.040621254605269e-06,3.0403817202760268e-06,3.0401422524515896e-06,3.039902851079813e-06,3.0396635161626906e-06,3.039424247654661e-06,3.0391850455341397e-06,3.038945909754274e-06,3.0387068402880353e-06,3.038467837111818e-06,3.0382289001914246e-06,3.0379900294992337e-06,3.037751225003596e-06,3.037512486675337e-06,3.0372738144822872e-06,3.0370352084057382e-06,3.036796668393547e-06,3.0365581944286373e-06,3.0363197864828207e-06,3.0360814445010213e-06,3.0358431685040754e-06,3.035604958424923e-06,3.0353668142425063e-06,3.0351287359111585e-06,3.034890723426063e-06,3.0346527767482475e-06,3.034414895850073e-06,3.034177080675418e-06,3.033939331234571e-06,3.0337016474867903e-06,3.033464029372012e-06,3.033226476902929e-06,3.0329889900417055e-06,3.032751568744504e-06,3.0325142129750443e-06,3.0322769227146642e-06,3.0320396979303173e-06,3.0318025385964213e-06,3.0315654446755667e-06,3.0313284161504863e-06,3.0310914529698692e-06,3.030854555129487e-06,3.030617722591808e-06,3.030380955330537e-06,3.030144253299052e-06,3.0299076164694063e-06,3.029671044845608e-06,3.029434538350264e-06,3.0291980969776493e-06,3.0289617207083302e-06,3.028725409510141e-06,3.028489163338526e-06,3.028252982177366e-06,3.0280168659888213e-06,3.0277808147360345e-06,3.027544828422432e-06,3.0273089069806017e-06,3.027073050396366e-06,3.026837258635704e-06,3.0266015316818117e-06,3.0263658695061557e-06,3.0261302720694514e-06,3.025894739336891e-06,3.0256592712930605e-06,3.0254238678957582e-06,3.025188529123181e-06,3.0249532549432198e-06,3.0247180453109358e-06,3.0244829002358168e-06,3.024247819654065e-06,3.024012803560239e-06,3.023777851906275e-06,3.0235429646844885e-06,3.0233081418533862e-06,3.0230733833875866e-06,3.0228386892499058e-06,3.0226040593987082e-06,3.0223694938411904e-06,3.0221349925140043e-06,3.02190055542132e-06,3.0216661825029196e-06,3.021431873735176e-06,3.0211976291062367e-06,3.0209634485899804e-06,3.0207293321468787e-06,3.0204952797496187e-06,3.020261291365567e-06,3.0200273669697814e-06,3.0197935065363724e-06,3.0195597100379564e-06,3.0193259774075255e-06,3.0190923086701103e-06,3.0188587037746318e-06,3.018625162690776e-06,3.0183916854002074e-06,3.0181582718613128e-06,3.0179249220505542e-06,3.0176916359444775e-06,3.0174584135039894e-06,3.0172252547144617e-06,3.0169921594942976e-06,3.016759127883482e-06,3.01652615983648e-06,3.0162932553220013e-06,3.0160604142890534e-06,3.0158276367456663e-06,3.015594922631976e-06,3.015362271945791e-06,3.015129684643799e-06,3.0148971607009803e-06,3.0146647000751305e-06,3.014432302762639e-06,3.014199968721905e-06,3.0139676979242534e-06,3.013735490339513e-06,3.0135033459177888e-06,3.0132712646934883e-06,3.0130392466080274e-06,3.0128072916209887e-06,3.0125753996941935e-06,3.012343570791263e-06,3.012111804931218e-06,3.011880102060309e-06,3.011648462150953e-06,3.0114168851754195e-06,3.0111853711120735e-06,3.0109539199199217e-06,3.010722531562958e-06,3.010491206046439e-06,3.0102599433206823e-06,3.0100287433600662e-06,3.009797606133411e-06,3.009566531619386e-06,3.009335519784835e-06,3.009104570604704e-06,3.0088736840352683e-06,3.0086428600502366e-06,3.0084120986632013e-06,3.0081813998419476e-06,3.007950763504466e-06,3.0077201896697548e-06,3.00748967826388e-06,3.007259229308012e-06,3.0070288427580716e-06,3.0067985185827736e-06,3.0065682567552533e-06,3.0063380572472936e-06,3.006107920027738e-06,3.005877845075489e-06,3.0056478323739955e-06,3.0054178818628835e-06,3.0051879935328303e-06,3.0049581673592377e-06,3.0047284033073387e-06,3.0044987013177018e-06,3.004269061447958e-06,3.0040394836018937e-06,3.0038099677774447e-06,3.0035805139460937e-06,3.0033511220961262e-06,3.003121792157005e-06,3.0028925241226174e-06,3.0026633179612438e-06,3.0024341736708095e-06,3.0022050911888767e-06,3.001976070499144e-06,3.0017471115901997e-06,3.0015182144251065e-06,3.0012893789777794e-06,3.0010606052021064e-06,3.0008318930969833e-06,3.0006032426259313e-06,3.000374653773906e-06,3.000146126479909e-06,2.999917660723192e-06,2.9996892564861235e-06,2.9994609137640413e-06,2.999232632492156e-06,2.999004412673886e-06,2.998776254254451e-06,2.9985481572313953e-06,2.998320121527597e-06,2.9980921472034024e-06,2.9978642341805796e-06,2.9976363824239603e-06,2.9974085919167355e-06,2.997180862640421e-06,2.996953194553452e-06,2.9967255876354604e-06,2.9964980418644933e-06,2.9962705572048293e-06,2.996043133657735e-06,2.9958157711730542e-06,2.995588469700073e-06,2.99536122923215e-06,2.9951340497468155e-06,2.9949069312171125e-06,2.9946798736117577e-06,2.994452876910403e-06,2.9942259411018274e-06,2.993999066119388e-06,2.9937722519502815e-06,2.9935454985720686e-06,2.9933188059757685e-06,2.993092174103408e-06,2.992865602961337e-06,2.9926390924979955e-06,2.992412642692693e-06,2.9921862535216553e-06,2.991959924954111e-06,2.991733656967645e-06,2.9915074495316477e-06,2.9912813026244935e-06,2.991055216242233e-06,2.9908291903037172e-06,2.990603224816505e-06,2.9903773197618682e-06,2.990151475083663e-06,2.9899256907550454e-06,2.9896999667957943e-06,2.989474303140572e-06,2.9892486997704157e-06,2.9890231566774474e-06,2.988797673802091e-06,2.988572251134821e-06,2.9883468886486914e-06,2.9881215863173133e-06,2.987896344115534e-06,2.9876711620148e-06,2.9874460399998464e-06,2.9872209780459363e-06,2.986995976100573e-06,2.9867710341547285e-06,2.98654615217989e-06,2.9863213301405475e-06,2.986096568018448e-06,2.9858718657888113e-06,2.9856472234247194e-06,2.9854226408995115e-06,2.9851981181864883e-06,2.984973655257934e-06,2.9847492520944335e-06,2.9845249086656295e-06,2.9843006249459894e-06,2.9840764009130235e-06,2.983852236574055e-06,2.9836281318229024e-06,2.9834040866759627e-06,2.9831801011065125e-06,2.9829561750929814e-06,2.9827323086024506e-06,2.982508501612031e-06,2.982284754095743e-06,2.982061066027609e-06,2.981837437381045e-06,2.981613868131383e-06,2.9813903582520676e-06,2.981166907717188e-06,2.98094351652291e-06,2.980720184614498e-06,2.980496911957647e-06,2.9802736985417675e-06,2.9800505443410335e-06,2.9798274493296337e-06,2.9796044134817716e-06,2.9793814367698596e-06,2.979158519189484e-06,2.978935660677615e-06,2.9787128612262594e-06,2.9784901208096996e-06,2.9782674394001804e-06,2.978044816976124e-06,2.9778222535098074e-06,2.977599748973851e-06,2.97737730334468e-06,2.977154916596442e-06,2.97693258870469e-06,2.9767103196425593e-06,2.9764881093827583e-06,2.97626595790143e-06,2.9760438651747723e-06,2.9758218311751063e-06,2.9755998558925147e-06,2.9753779392756652e-06,2.9751560813056156e-06,2.9749342819146688e-06,2.974712541170071e-06,2.9744908589979307e-06,2.974269235376197e-06,2.9740476702785986e-06,2.9738261636786724e-06,2.973604715552832e-06,2.9733833258762316e-06,2.973161994617294e-06,2.972940721757878e-06,2.972719507268761e-06,2.9724983511271286e-06,2.9722772533065987e-06,2.9720562137808125e-06,2.9718352325857305e-06,2.9716143095759233e-06,2.9713934447998706e-06,2.9711726382062433e-06,2.9709518897808783e-06,2.97073119950097e-06,2.9705105673413484e-06,2.9702899932740988e-06,2.9700694772909697e-06,2.9698490193365452e-06,2.9696286194023378e-06,2.969408277451997e-06,2.9691879934394393e-06,2.9689677674112967e-06,2.9687475993009013e-06,2.968527489090383e-06,2.968307436731382e-06,2.9680874422345764e-06,2.9678675055431783e-06,2.967647626651094e-06,2.9674278055289176e-06,2.967208042147911e-06,2.966988336487318e-06,2.966768688519833e-06,2.9665490982217205e-06,2.9663295655683564e-06,2.966110090534285e-06,2.965890673093382e-06,2.965671313223906e-06,2.9654520108971413e-06,2.9652327660806296e-06,2.9650135787719336e-06,2.9647944489324564e-06,2.964575376484077e-06,2.9643563615112834e-06,2.9641374039368853e-06,2.963918503734504e-06,2.9636996608836406e-06,2.963480875334256e-06,2.963262147095916e-06,2.9630434761092054e-06,2.962824862394294e-06,2.9626063058997164e-06,2.9623878066076176e-06,2.9621693644833755e-06,2.961950979533247e-06,2.9617326516878974e-06,2.961514380942473e-06,2.9612961672725723e-06,2.9610780106353463e-06,2.9608599110445013e-06,2.960641868456861e-06,2.9604238828466963e-06,2.960205954183038e-06,2.959988082457538e-06,2.959770267635535e-06,2.9595525096937323e-06,2.9593348086088683e-06,2.9591171643000595e-06,2.9588995768520905e-06,2.958682046188804e-06,2.958464572284166e-06,2.9582471551161904e-06,2.958029794657499e-06,2.9578124908653505e-06,2.95759524375471e-06,2.9573780532796684e-06,2.9571609194168813e-06,2.956943842142725e-06,2.9567268214331474e-06,2.956509857261072e-06,2.9562929495989558e-06,2.956076098437322e-06,2.9558593037428257e-06,2.955642565492227e-06,2.9554258836609755e-06,2.9552092582177887e-06,2.9549926891522573e-06,2.9547761764306955e-06,2.9545597200277836e-06,2.9543433199307583e-06,2.954126976126042e-06,2.953910688558557e-06,2.95369445721786e-06,2.9534782820801106e-06,2.9532621631101764e-06,2.9530461003051257e-06,2.95283009363121e-06,2.952614143072728e-06,2.9523982485877065e-06,2.952182410161603e-06,2.9519666277687095e-06,2.9517509013893263e-06,2.9515352309973446e-06,2.951319616580868e-06,2.9511040580926465e-06,2.950888555519731e-06,2.950673108839127e-06,2.950457718039741e-06,2.9502423830715347e-06,2.9500271039173404e-06,2.949811880580287e-06,2.9495967130042724e-06,2.9493816011739875e-06,2.9491665450717455e-06,2.948951544651873e-06,2.9487365999311888e-06,2.948521710862844e-06,2.948306877426116e-06,2.9480920995949056e-06,2.9478773773524646e-06,2.9476627106664483e-06,2.9474480995216144e-06,2.947233543885042e-06,2.9470190437366515e-06,2.9468045990535276e-06,2.9465902098121596e-06,2.946375875988766e-06,2.9461615975611057e-06,2.9459473745051583e-06,2.945733206797192e-06,2.9455190944147226e-06,2.945305037333932e-06,2.945091035529812e-06,2.944877088979887e-06,2.944663197660431e-06,2.944449361548387e-06,2.9442355806195652e-06,2.944021854851885e-06,2.9438081842212002e-06,2.9435945687043857e-06,2.9433810083372616e-06,2.9431675029786438e-06,2.942954052663865e-06,2.9427406573697e-06,2.9425273170727894e-06,2.942314031749411e-06,2.942100801377098e-06,2.941887625931532e-06,2.9416745053909365e-06,2.941461439730789e-06,2.9412484289287613e-06,2.941035472960813e-06,2.9408225718047763e-06,2.9406097254371066e-06,2.940396933834682e-06,2.9401841969733926e-06,2.9399715148312112e-06,2.939758887385397e-06,2.939546314612628e-06,2.9393337964887903e-06,2.939121332991091e-06,2.938908924096881e-06,2.9386965697834793e-06,2.93848427002722e-06,2.938272024804658e-06,2.938059834094522e-06,2.9378476978712477e-06,2.937635616114316e-06,2.9374235887994492e-06,2.9372116159043346e-06,2.936999697406758e-06,2.936787833281952e-06,2.936576023507982e-06,2.9363642680622276e-06,2.936152566921184e-06,2.935940920061696e-06,2.9357293274611327e-06,2.9355177890976304e-06
16,0.0,0.0,0.0,0.0,0.0,0.0,0.0,0.0,0.0,0.0,0.0,0.0,0.0,0.0,0.0,0.0,0.0,0.0,0.0,0.0,0.0,0.0,0.0,0.0,0.0,0.0,0.0,0.0,0.0,0.0,0.0,0.0,0.0,0.0,0.0,0.0,0.0,0.0,0.0,0.0,0.0,0.0,0.0,0.0,0.0,0.0,0.0,0.0,0.0,0.0,0.0,0.0,0.0,0.0,0.0,0.0,0.0,0.0,0.0,0.0,0.0,0.0,0.0,0.0,0.0,0.0,0.0,0.0,0.0,0.0,0.0,0.0,0.0,0.0,0.0,0.0,0.0,0.0,0.0,0.0,0.0,0.0,0.0,0.0,0.0,0.0,0.0,0.0,0.0,0.0,0.0,0.0,0.0,0.0,0.0,0.0,0.0,0.0,0.0,0.0,0.0,0.0,0.0,0.0,0.0,0.0,0.0,0.0,0.0,0.0,0.0,0.0,0.0,0.0,0.0,0.0,0.0,0.0,0.0,0.0,0.0,0.0,0.0,0.0,0.0,0.0,0.0,0.0,0.0,0.0,0.0,0.0,0.0,0.0,0.0,0.0,0.0,0.0,0.0,0.0,0.0,0.0,0.0,0.0,0.0,0.0,0.0,0.0,0.0,0.0,0.0,0.0,0.0,0.0,0.0,0.0,0.0,0.0,0.0,0.0,0.0,0.0,0.0,0.0,0.0,0.0,0.0,0.0,0.0,0.0,0.0,0.0,0.0,0.0,0.0,0.0,0.0,0.0,0.0,0.0,0.0,0.0,0.0,0.0,0.0,0.0,0.0,0.0,0.0,0.0,0.0,0.0,0.0,0.0,0.0,0.0,0.0,0.0,0.0,0.0,0.0,0.0,0.0,0.0,0.0,0.0,0.0,0.0,0.0,0.0,0.0,0.0,0.0,0.0,0.0,0.0,0.0,0.0,0.0,0.0,0.0,0.0,0.0,0.0,0.0,0.0,0.0,0.0,0.0,0.0,0.0,0.0,0.0,0.0,0.0,0.0,0.0,0.0,0.0,0.0,0.0,0.0,0.0,0.0,0.0,0.0,0.0,0.0,0.0,0.0,0.0,0.0,0.0,0.0,0.0,0.0,0.0,0.0,0.0,0.0,0.0,0.0,0.0,0.0,0.0,0.0,0.0,0.0,0.0,0.0,0.0,0.0,0.0,0.0,0.0,0.0,0.0,0.0,0.0,0.0,0.0,0.0,0.0,0.0,0.0,0.0,0.0,0.0,0.0,0.0,0.0,0.0,0.0,0.0,0.0,0.0,0.0,0.0,0.0,0.0,0.0,0.0,0.0,0.0,0.0,0.0,0.0,0.0,0.0,0.0,0.0,0.0,0.0,0.0,0.0,0.0,0.0,0.0,0.0,0.0,0.0,0.0,0.0,0.0,0.0,0.0,0.0,0.0,0.0,0.0,0.0,0.0,0.0,0.0,0.0,0.0,0.0,0.0,0.0,0.0,0.0,0.0,0.0,0.0,0.0,0.0,0.0,0.0,0.0,0.0,0.0,0.0,0.0,0.0,0.0,0.0,0.0,0.0,0.0,0.0,0.0,0.0,0.0,0.0,0.0,0.0,0.0,0.0,0.0,0.0,0.0,0.0,0.0,0.0,0.0,0.0,0.0,0.0,0.0,0.0,0.0,0.0,0.0,0.0,0.0,0.0,0.0,0.0,0.0,0.0,0.0,0.0,0.0,0.0,0.0,0.0,0.0,0.0,0.0,0.0,0.0,0.0,0.0,0.0,0.0,0.0,0.0,0.0,0.0,0.0,0.0,0.0,0.0,0.0,0.0,0.0,0.0,0.0,0.0,0.0,0.0,0.0,0.0,0.0,0.0,0.0,0.0,0.0,0.0,0.0,0.0,0.0,0.0,0.0,0.0,0.0,0.0,0.0,0.0,0.0,0.0,0.0,0.0,0.0,0.0,0.0,0.0,0.0,0.0,0.0,0.0,0.0,0.0,0.0,0.0,0.0,0.0,0.0,0.0,0.0,0.0,0.0,0.0,0.0,0.0,0.0,0.0,0.0,0.0,0.0,0.0,0.0,0.0,0.0,0.0,0.0,0.0,0.0,0.0,0.0,0.0,0.0,0.0,0.0,0.0,0.0,0.0,0.0,0.0,0.0,0.0,0.0,0.0,0.0,0.0,0.0,0.0,0.0,0.0,0.0,0.0,0.0,0.0,0.0,0.0,0.0,0.0,0.0,0.0,0.0,0.0,0.0,0.0,0.0,0.0,0.0,0.0,0.0,0.0,0.0,0.0,0.0,0.0,0.0,0.0,0.0,0.0,0.0,0.0,0.0,0.0,0.0,0.0,0.0,0.0,0.0,0.0,0.0,0.0,0.0,0.0,0.0,0.0,0.0,0.0,0.0,0.0,0.0,0.0,0.0,0.0,0.0,0.0,0.0,0.0,0.0,0.0,0.0,0.0,0.0,0.0,0.0,0.0,0.0,0.0,0.0,0.0,0.0,0.0,0.0,0.0,0.0,0.0,0.0,0.0,0.0,0.0,0.0,0.0,0.0,0.0,0.0,0.0,0.0,0.0,0.0,0.0,0.0,0.0,0.0,0.0,0.0,0.0,0.0,0.0,0.0,0.0,0.0,0.0,0.0,0.0,0.0,0.0,0.0,0.0,0.0,0.0,0.0,0.0,0.0,0.0,0.0,0.0,0.0,0.0,0.0,0.0,0.0,0.0,0.0,0.0,0.0,0.0,0.0,0.0,0.0,0.0,0.0,0.0,0.0,0.0,0.0,0.0,0.0,0.0,0.0,0.0,0.0,0.0,0.0,0.0,0.0,0.0,0.0,0.0,0.0,0.0,0.0,0.0,0.0,0.0,0.0,0.0,0.0,0.0,0.0,0.0,0.0,0.0,0.0,0.0,0.0,0.0,0.0,0.0,0.0,0.0,0.0,0.0,0.0,0.0,0.0,0.0,0.0,0.0,0.0,0.0,0.0,0.0,0.0,0.0,0.0,0.0,0.0,0.0,0.0,0.0,0.0,0.0,0.0,0.0,0.0,0.0,0.0,0.0,0.0,0.0,0.0,0.0,0.0,0.0,0.0,0.0,0.0,0.0,0.0,0.0,0.0,0.0,0.0,0.0,0.0,0.0,0.0,0.0,0.0,0.0,0.0,0.0,0.0,0.0,0.0,0.0,0.0,0.0,0.0,0.0,0.0,0.0,0.0,0.0,0.0,0.0,0.0,0.0,0.0,0.0,0.0,0.0,0.0,0.0,0.0,0.0,0.0,0.0,0.0,0.0,0.0,0.0,0.0,0.0,0.0,0.0,0.0,0.0,0.0,0.0,0.0,0.0,0.0,0.0,0.0,0.0,0.0,0.0,0.0,0.0,0.0,0.0,0.0,0.0,0.0,0.0,0.0,0.0,0.0,0.0,0.0,0.0,0.0,0.0,0.0,0.0,0.0,0.0,0.0,0.0,0.0,0.0,0.0,0.0,0.0,0.0,0.0,0.0,0.0,0.0,0.0,0.0,0.0,0.0,0.0,0.0,0.0,0.0,0.0,0.0,0.0,0.0,0.0,0.0,0.0,0.0,0.0,0.0,0.0,0.0,0.0,0.0,0.0,0.0,0.0,0.0,0.0,0.0,0.0,0.0,0.0,0.0,0.0,0.0,0.0,0.0,0.0,0.0,0.0,0.0,0.0,0.0,0.0,0.0,0.0,0.0,0.0,0.0,0.0,0.0,0.0,0.0,0.0,0.0,0.0,0.0,0.0,0.0,0.0,0.0,0.0,0.0,0.0,0.0,0.0,0.0,0.0,0.0,0.0,0.0,0.0,0.0,0.0,0.0,0.0,0.0,0.0,0.0,0.0,0.0,0.0,0.0,0.0,0.0,0.0,0.0,0.0,0.0,0.0,0.0,0.0,0.0,0.0,0.0,0.0,0.0,0.0,0.0,0.0,0.0,0.0,0.0,0.0,0.0,0.0,0.0,0.0,0.0,0.0,0.0,0.0,0.0,0.0,0.0,0.0,0.0,0.0,0.0,0.0,0.0,0.0,0.0,0.0,0.0,0.0,0.0,0.0,0.0,0.0,0.0,0.0,0.0,0.0,0.0,0.0,0.0,0.0,0.0,0.0,0.0,0.0,0.0,0.0,0.0,0.0,0.0,0.0,0.0,0.0,0.0,0.0,0.0,0.0,0.0,0.0,0.0,0.0,0.0,0.0,0.0,0.0,0.0,0.0,0.0,0.0,0.0,0.0,0.0,0.0,0.0,0.0,0.0,0.0,0.0,0.0,0.0,0.0,0.0,0.0,0.0,0.0,0.0,0.0,0.0,0.0,0.0,0.0,0.0,0.0,0.0,0.0,0.0,0.0,0.0,0.0,0.0,0.0,0.0,0.0,0.0,0.0,0.0,0.0,2.023765354841222e-29,5.207846645338037e-29,8.421648441570383e-29,1.1210296914198293e-28,1.3561027041341031e-28,1.5601841666886248e-28,1.7471181649471938e-28,1.9281210984398334e-28,2.1084140145781364e-28,2.303130582867347e-28,2.5093176099084672e-28,2.7327722047735998e-28,2.9775564579901004e-28,3.247427195332061e-28,3.546271301070346e-28,3.8783220048369615e-28,4.248320636631148e-28,4.661667280094766e-28,5.124578072129106e-28,5.644260682357178e-28,6.229118009142349e-28,6.888990474288362e-28,7.63544838065036e-28,8.482148493793395e-28,9.445272043781672e-28,1.054406613312083e-27,1.1801516432253354e-27,1.3245188142094592e-27,1.4908281984084326e-27,1.6830968717244685e-27,1.9062084503958884e-27,2.166129804970274e-27,2.4701898101341467e-27,2.8274402610488923e-27,3.2491264952716956e-27,3.7493054668251846e-27,4.345663893048602e-27,5.0606100949214425e-27,5.922743796848047e-27,6.968853045409237e-27,8.246653995236471e-27,9.818589358806654e-27,1.1767153597174718e-26,1.4202448067652298e-26,1.727303782114597e-26,2.1181768836652174e-26,2.6209156277666475e-26,3.274852582146469e-26,4.135973996755237e-26,5.285290513300079e-26,6.842154577350471e-26,8.985905619134553e-26,1.1992034685867276e-25,1.6294111383996884e-25,2.2593353548189633e-25,3.205911738790519e-25,4.671030220989656e-25,7.017352925154269e-25,1.0926811038015751e-24,1.7751795176886275e-24,3.034807585035656e-24,4.154700168962291e-24,4.1547001689640195e-24,4.1547001689721465e-24,8.120976523864664e-24,1.6937489479382453e-23,3.9522085761327565e-23,1.0754759909806199e-22,3.618723226374208e-22,1.6463234709543667e-21,1.152990161461274e-20,1.4196564985331492e-19,2.9142776189721805e-18,1.8465575461264612e-17,1.8465575461284174e-17,1.846557546131059e-17,1.8465575461339983e-17,1.846557546137198e-17,1.846557546140713e-17,1.8465575461446134e-17,1.846557546148997e-17,1.8465575461540024e-17,1.8465575461598353e-17,1.8465575461793895e-17,1.846557546198944e-17,1.8465575462339337e-17,3.908619361896445e-16,4.5189287502961815e-15,3.080253073125439e-14,1.3656828918742587e-13,4.40374837933008e-13,1.1356937339511958e-12,2.526247848676603e-12,5.126211924654852e-12,9.74160422480928e-12,1.713318221780039e-11,2.7399958103512625e-11,3.992009648796062e-11,5.371261965290577e-11,6.778876945239415e-11,8.134775351011897e-11,9.383560781623607e-11,1.0492352518629361e-10,1.1442343342969469e-10,1.1276695038567116e-10,1.141352794729767e-10,1.1540579439534e-10,1.1647896510109027e-10,1.173616277495464e-10,1.18070540399553e-10,1.186244866089608e-10,1.1904199589310265e-10,1.1934037016309687e-10,1.195353036068608e-10,1.1964079668412772e-10,1.1966921249737949e-10,1.1963139775864102e-10,1.1953682836703564e-10,1.1939375907837205e-10,1.1920936697138712e-10,1.1898988388938507e-10,1.187407159967484e-10,1.1846655018280916e-10,1.1817144787768858e-10,1.178589272481827e-10,1.1753203490306392e-10,1.1719340826360795e-10,1.168453297084248e-10,1.1648977351874243e-10,1.1612844655169171e-10,1.1576282346757659e-10,1.1539417723881064e-10,1.150236055771209e-10,1.1465205383292877e-10,1.1428033484711646e-10,1.1390914617047732e-10,1.1353908500928483e-10,1.1317066120604738e-10,1.1280430852174909e-10,1.124403944488903e-10,1.120792287529299e-10,1.1172107091224699e-10,1.1136613660330676e-10,1.1101460335745991e-10,1.106666154984657e-10,1.103222884549314e-10,1.0998171252903853e-10,1.0964495619192802e-10,1.0931206896665487e-10,1.0898308395148485e-10,1.0865802002927092e-10,1.0833688380262869e-10,1.0801967128939475e-10,1.0770636940838332e-10,1.0739695728152173e-10,1.0709140737512153e-10,1.067896865001149e-10,1.0649175668855785e-10,1.0619757596152726e-10,1.0590709900161052e-10,1.0562027774157252e-10,1.0533706187931521e-10,1.0505739932801068e-10,1.0478123660920074e-10,1.0450851919566806e-10,1.0423919181012362e-10,1.0397319868495283e-10,1.0371048378767945e-10,1.0345099101622525e-10,1.0319466436755999e-10,1.029414480829268e-10,1.0269128677241624e-10,1.024441255213725e-10,1.0219990998079547e-10,1.0195858644367118e-10,1.0172010190890674e-10,1.0148440413440021e-10,1.0125144168053523e-10,1.0102116394529152e-10,1.0079352119201897e-10,1.0056846457075303e-10,1.0034594613391088e-10,1.0012591884708882e-10,9.990833659556666e-11,9.969315418710856e-11,9.948032735153704e-11,9.926981273752516e-11,9.906156790699872e-11,9.885555132748467e-11,9.865172236270167e-11,9.845004126168494e-11,9.825046914664943e-11,9.805296799981611e-11,9.785750064938939e-11,9.76640307548339e-11,9.74725227915926e-11,9.72829420353839e-11,9.709525454617895e-11,9.690942715194132e-11,9.672542743223705e-11,9.654322370176794e-11,9.636278499390208e-11,9.618408104425047e-11,9.60070822743309e-11,9.583175977538244e-11,9.565808529233117e-11,9.548603120797066e-11,9.531557052735534e-11,9.514667686243967e-11,9.497932441698075e-11,9.48134879717171e-11,9.464914286982657e-11,9.448626500268921e-11,9.432483079593641e-11,9.416481719582331e-11,9.40062016558983e-11,9.384896212398376e-11,9.369307702947544e-11,9.353852527093455e-11,9.33852862040122e-11,9.323333962965355e-11,9.30826657826284e-11,9.293324532033098e-11,9.278505931191404e-11,9.263808922766639e-11,9.24923169287102e-11,9.234772465696163e-11,9.220429502536753e-11,9.206201100840561e-11,9.192085593285425e-11,9.178081346881167e-11,9.164186762096772e-11,9.15040027201161e-11,9.136720341490544e-11,9.123145466382449e-11,9.109674172741491e-11,9.096305016068266e-11,9.083036580575869e-11,9.069867478473433e-11,9.056796349271311e-11,9.043821859106425e-11,9.030942700085463e-11,9.018157589646817e-11,9.00546526994132e-11,8.992864507229809e-11,8.980354091297713e-11,8.967932834885693e-11,8.95559957313803e-11,8.94335316306298e-11,8.931192483012621e-11,8.919116432173762e-11,8.907123930074372e-11,8.895213916103727e-11,8.883385349046403e-11,8.871637206627492e-11,8.859968485071904e-11,8.848378198675555e-11,8.836865379387597e-11,8.825429076404953e-11,8.814068355777238e-11,8.802782300023268e-11,8.791570007756442e-11,8.780430593322276e-11,8.769363186443886e-11,8.75836693187868e-11,8.747440989082162e-11,8.736584531882713e-11,8.725796748164208e-11,8.715076839556927e-11,8.704424021135945e-11,8.693837521129662e-11,8.683316580633647e-11,8.672860453332771e-11,8.66246840523136e-11,8.652139714389193e-11,8.641873670664462e-11,8.631669575464463e-11,8.621526741501297e-11,8.611444492554612e-11,8.60142216324015e-11,8.591459098784167e-11,8.581554654803363e-11,8.571708197091012e-11,8.561919101407134e-11,8.552186753276013e-11,8.542510547785855e-11,8.532889889396762e-11,8.523324191750147e-11,8.513812877485538e-11,8.50435537806e-11,8.494951133572991e-11,8.48559959259495e-11,8.476300212000393e-11,8.467052456804802e-11,8.457855800005392e-11,8.44870972242554e-11,8.439613712564108e-11,8.430567266445978e-11,8.42156988747841e-11,8.412621086309462e-11,8.40372038069041e-11,8.394867295340821e-11,8.386061361817334e-11,8.377302118384859e-11,8.368589109890761e-11,8.359921887643043e-11,8.35130000928997e-11,8.342723038702649e-11,8.334190545861339e-11,8.325702106742538e-11,8.317257303210865e-11,8.308855722910801e-11,8.300496959162982e-11,8.292180610861775e-11,8.283906282375604e-11,8.27567358344827e-11,8.267482129104391e-11,8.259331539555236e-11,8.251221440107603e-11,8.243151461073948e-11,8.235121237685057e-11,8.227130410004356e-11,8.219178622844036e-11,8.21126552568283e-11,8.203390772585817e-11,8.195554022126e-11,8.187754937307034e-11,8.17999318548799e-11,8.17226843830967e-11,8.164580371622183e-11,8.156928665414708e-11,8.149313003745641e-11,8.141733074674867e-11,8.134188570197793e-11,8.126679186179714e-11,8.119204622292513e-11,8.111764581951689e-11,8.104358772255733e-11,8.096986903925736e-11,8.089648691246711e-11,8.082343852010212e-11,8.075072107457925e-11,8.067833182225537e-11,8.060626804290113e-11,8.053452704915089e-11,8.046310618599793e-11,8.039200283027142e-11,8.032121439014311e-11,8.025073830463164e-11,8.018057204312577e-11,8.011071310490298e-11,8.0041159018678e-11,7.997190734213762e-11,7.99029556615039e-11,7.983430159108621e-11,7.976594277286562e-11,7.969787687606009e-11,7.96301015967211e-11,7.956261465732528e-11,7.949541380637355e-11,7.942849681800877e-11,7.936186149162318e-11,7.929550565148517e-11,7.922942714637818e-11,7.916362384922352e-11,7.909809365673958e-11,7.903283448908066e-11,7.896784428950242e-11,7.89031210240194e-11,7.883866268107839e-11,7.87744672712317e-11,7.871053282681522e-11,7.864685740164492e-11,7.858343907069652e-11,7.852027592981124e-11,7.845736609539844e-11,7.839470770414164e-11,7.83322989127118e-11,7.827013789748897e-11,7.82082228542811e-11,7.814655199805739e-11,7.8085123562674e-11,7.802393580062023e-11,7.79629869827536e-11,7.790227539805027e-11,7.784179935335108e-11,7.778155717312332e-11,7.772154719921359e-11,7.766176779061516e-11,7.760221732323263e-11,7.75428941896534e-11,7.748379679892382e-11,7.742492357632825e-11,7.736627296316828e-11,7.730784341655047e-11,7.724963340917719e-11,7.71916414291406e-11,7.713386597971217e-11,7.707630557914907e-11,7.701895876049799e-11,7.696182407139403e-11,7.690490007387917e-11,7.684818534420424e-11,7.679167847265465e-11,7.673537806336301e-11,7.667928273413258e-11,7.662339111625676e-11,7.656770185435408e-11,7.651221360619e-11,7.645692504251732e-11,7.640183484690275e-11,7.63469417155682e-11,7.629224435723619e-11,7.623774149296185e-11,7.618343185598853e-11,7.612931419158577e-11,7.607538725690978e-11,7.602164982084494e-11,7.596810066386438e-11,7.591473857788893e-11,7.586156236613841e-11,7.580857084299966e-11,7.575576283388336e-11,7.570313717509922e-11,7.565069271371073e-11,7.559842830741347e-11,7.55463428244035e-11,7.549443514325011e-11,7.544270415277227e-11,7.539114875191294e-11,7.533976784962162e-11,7.528856036473204e-11,7.52375252258439e-11,7.518666137121205e-11,7.51359677486243e-11,7.508544331529603e-11,7.503508703775362e-11,7.498489789173213e-11,7.493487486206075e-11,7.488501694255939e-11,7.483532313593261e-11,7.478579245367085e-11,7.473642391594568e-11,7.468721655150602e-11,7.463816939758674e-11,7.458928149980644e-11,7.454055191207125e-11,7.449197969648555e-11,7.444356392325198e-11,7.439530367058495e-11,7.434719802461239e-11,7.429924607929765e-11,7.425144693634109e-11,7.420379970509646e-11,7.4156303502493e-11,7.410895745293553e-11,7.406176068823401e-11,7.401471234751337e-11,7.396781157714321e-11,7.392105753064256e-11,7.387444936861216e-11,7.382798625865547e-11,7.378166737529724e-11,7.37354918999104e-11,7.368945902064429e-11,7.3643567932348e-11,7.359781783649479e-11,7.355220794111696e-11,7.350673746073099e-11,7.346140561626863e-11,7.34162116350067e-11,7.337115475050131e-11,7.332623420252201e-11,7.328144923698261e-11,7.323679910587236e-11,7.31922830672047e-11,7.314790038493892e-11,7.31036503289233e-11,7.305953217483744e-11,7.301554520412635e-11,7.29716887039387e-11,7.29279619670678e-11,7.28843642919021e-11,7.284089498235273e-11,7.279755334780675e-11,7.275433870306398e-11,7.271125036828897e-11,7.266828766894602e-11,7.262544993575389e-11,7.258273650462435e-11,7.254014671661817e-11,7.249767991788277e-11,7.245533545960803e-11,7.241311269797107e-11,7.237101099408762e-11,7.232902971396572e-11,7.228716822844574e-11,7.224542591316227e-11,7.22038021484945e-11,7.216229631951608e-11,7.21209078159489e-11,7.207963603211688e-11,7.203848036690398e-11,7.199744022370053e-11,7.195651501037078e-11,7.191570413919794e-11,7.187500702684605e-11,7.183442309431866e-11,7.179395176691216e-11,7.175359247417461e-11,7.171334464986882e-11,7.167320773192777e-11,7.163318116241117e-11,7.15932643874724e-11,7.155345685731754e-11,7.151375802615913e-11,7.14741673521908e-11,7.143468429753487e-11,7.139530832821502e-11,7.135603891411705e-11,7.131687552894809e-11,7.127781765020431e-11,7.123886475913775e-11,7.120001634071084e-11,7.116127188357165e-11,7.112263088001666e-11,7.108409282594868e-11,7.104565722086034e-11,7.100732356778143e-11,7.096909137325769e-11,7.093096014731409e-11,7.089292940342535e-11,7.08549986584818e-11,7.081716743275582e-11,7.077943524987651e-11,7.074180163679439e-11,7.070426612375123e-11,7.066682824425081e-11,7.062948753503217e-11,7.059224353603263e-11,7.055509579036519e-11,7.051804384429089e-11,7.048108724718172e-11,7.044422555150201e-11,7.040745831277603e-11,7.037078508955888e-11,7.03342054434164e-11,7.029771893888755e-11,7.026132514346593e-11,7.022502362757402e-11,7.018881396453262e-11,7.015269573053422e-11,7.011666850462413e-11,7.008073186866679e-11,7.004488540733177e-11,7.000912870805726e-11,6.997346136103525e-11,6.993788295918006e-11,6.990239309811222e-11,6.986699137612505e-11,6.983167739417258e-11,6.979645075583653e-11,6.976131106731185e-11,6.972625793737538e-11,6.969129097737348e-11,6.96564098011914e-11,6.962161402523648e-11,6.95869032684119e-11,6.955227715210174e-11,6.951773530014439e-11,6.948327733881566e-11,6.944890289680123e-11,6.941461160518763e-11,6.938040309742917e-11,6.934627700933654e-11,6.931223297905563e-11,6.92782706470425e-11,6.924438965605153e-11,6.921058965111196e-11,6.917687027950814e-11,6.914323119076385e-11,6.910967203662072e-11,6.907619247102078e-11,6.904279215008825e-11,6.900947073211358e-11,6.89762278775304e-11,6.894306324890278e-11,6.890997651090522e-11,6.887696733030564e-11,6.884403537595035e-11,6.881118031874225e-11,6.877840183162867e-11,6.874569958958407e-11,6.87130732695879e-11,6.86805225506182e-11,6.864804711362784e-11,6.861564664152884e-11,6.858332081918105e-11,6.855106933337356e-11,6.851889187280897e-11,6.848678812808674e-11,6.845475779169248e-11,6.842280055797863e-11,6.839091612315266e-11,6.835910418525763e-11,6.832736444416328e-11,6.829569660154944e-11,6.826410036088803e-11,6.82325754274341e-11,6.820112150821054e-11,6.816973831199114e-11,6.813842554929113e-11,6.810718293234865e-11,6.807601017511736e-11,6.804490699324645e-11,6.801387310407225e-11,6.79829082266044e-11,6.795201208150939e-11,6.792118439110107e-11,6.789042487932937e-11,6.785973327176161e-11,6.782910929557566e-11,6.779855267954511e-11,6.7768063154029e-11,6.773764045095578e-11,6.770728430381583e-11,6.767699444764433e-11,6.764677061901669e-11,6.761661255602801e-11,6.75865199982901e-11,6.755649268691371e-11,6.752653036449988e-11,6.7496632775128e-11,6.74667996643463e-11,6.74370307791578e-11,6.740732586801236e-11,6.737768468079203e-11,6.73481069688067e-11,6.731859248477387e-11,6.72891409828189e-11,6.725975221845709e-11,6.723042594858544e-11,6.720116193147301e-11,6.717195992675045e-11,6.714281969539745e-11,6.71137409997384e-11,6.708472360342785e-11,6.705576727144144e-11,6.70268717700659e-11,6.699803686689437e-11,6.696926233080751e-11,6.694054793197248e-11,6.691189344182876e-11,6.688329863308208e-11,6.685476327969323e-11,6.682628715687012e-11,6.679787004105455e-11,6.67695117099213e-11,6.674121194236147e-11,6.671297051847831e-11,6.668478721957854e-11,6.665666182815805e-11,6.662859412790165e-11,6.66005839036691e-11,6.657263094148682e-11,6.654473502854401e-11,6.65168959531789e-11,6.648911350487131e-11,6.646138747424078e-11,6.643371765303181e-11,6.640610383410463e-11,6.637854581143554e-11,6.635104338010174e-11,6.632359633627675e-11,6.629620447722218e-11,6.626886760127836e-11,6.624158550785954e-11,6.621435799744493e-11,6.618718487157221e-11,6.616006593282904e-11,6.613300098484542e-11,6.610598983228721e-11,6.607903228084991e-11,6.60521281372521e-11,6.602527720922216e-11,6.599847930550038e-11,6.597173423582604e-11,6.594504181093096e-11,6.59184018425359e-11,6.589181414334096e-11,6.586527852702e-11,6.583879480821201e-11,6.581236280251773e-11,6.578598232649115e-11,6.575965319763431e-11,6.57333752343881e-11,6.570714825612785e-11,6.568097208316032e-11,6.565484653670957e-11,6.562877143891933e-11,6.560274661283906e-11,6.557677188242344e-11,6.555084707252534e-11,6.552497200888516e-11,6.549914651813523e-11,6.547337042777908e-11,6.544764356620121e-11,6.542196576264776e-11,6.53963368472304e-11,6.537075665091633e-11,6.534522500552439e-11,6.531974174371522e-11,6.529430669899279e-11,6.526891970569041e-11,6.524358059897249e-11,6.521828921482753e-11,6.51930453900608e-11,6.516784896228484e-11,6.514269976992666e-11,6.511759765221062e-11,6.509254244915782e-11,6.506753400158064e-11,6.504257215107849e-11,6.501765674003046e-11,6.499278761159223e-11,6.49679646096901e-11,6.494318757901546e-11,6.491845636502292e-11,6.48937708139203e-11,6.486913077266971e-11,6.484453608897625e-11,6.481998661128794e-11,6.4795482188792e-11,6.477102267140393e-11,6.474660790977006e-11,6.472223775525572e-11,6.469791205994925e-11,6.467363067664966e-11,6.464939345886466e-11,6.46252002608093e-11,6.460105093739566e-11,6.457694534423364e-11,6.455288333762452e-11,6.452886477455639e-11,6.450488951269913e-11,6.448095741040226e-11,6.445706832668947e-11,6.443322212125355e-11,6.440941865445399e-11,6.438565778731289e-11,6.436193938150693e-11,6.433826329936819e-11,6.431462940387812e-11,6.429103755866578e-11,6.426748762799688e-11,6.424397947677647e-11,6.422051297054541e-11,6.419708797547216e-11,6.417370435834992e-11,6.415036198659489e-11,6.412706072824448e-11,6.410380045194402e-11,6.408058102695437e-11,6.405740232314045e-11,6.40342642109728e-11,6.401116656151904e-11,6.398810924644266e-11,6.396509213800108e-11,6.394211510904028e-11,6.391917803298895e-11,6.389628078386048e-11,6.387342323624259e-11,6.385060526530081e-11,6.382782674676859e-11,6.380508755695009e-11,6.37823875727112e-11,6.375972667147985e-11,6.373710473124427e-11,6.371452163053862e-11,6.369197724845822e-11,6.366947146463642e-11,6.364700415925801e-11,6.362457521304487e-11,6.360218450725814e-11,6.357983192369439e-11,6.355751734468043e-11,6.353524065307032e-11,6.351300173224663e-11,6.349080046611069e-11,6.346863673908651e-11,6.344651043611134e-11,6.342442144263467e-11,6.340236964461959e-11,6.338035492853282e-11,6.335837718134697e-11,6.333643629053542e-11,6.331453214406872e-11,6.32926646304156e-11,6.327083363853367e-11,6.324903905787298e-11,6.32272807783671e-11,6.320555869043817e-11,6.318387268498387e-11,6.316222265338504e-11,6.314060848749573e-11,6.311903007964355e-11,6.309748732262557e-11,6.307598010970654e-11,6.30545083346179e-11,6.303307189155082e-11,6.30116706751561e-11,6.299030458054149e-11,6.296897350327108e-11,6.294767733935826e-11,6.292641598526651e-11,6.290518933790581e-11,6.288399729462993e-11,6.286283975323387e-11,6.284171661195287e-11,6.282062776945773e-11,6.279957312485266e-11,6.277855257767657e-11,6.275756602789327e-11,6.273661337589641e-11,6.271569452250162e-11,6.269480936895137e-11,6.267395781690221e-11,6.265313976843163e-11,6.263235512602995e-11,6.261160379260119e-11,6.259088567146074e-11,6.257020066633061e-11,6.254954868133893e-11,6.252892962101895e-11,6.250834339030211e-11,6.24877898945226e-11,6.246726903940991e-11,6.244678073108741e-11,6.242632487607408e-11,6.240590138127673e-11,6.238551015398912e-11,6.236515110189597e-11,6.234482413306261e-11,6.232452915593723e-11,6.230426607934613e-11,6.228403481249688e-11,6.226383526497106e-11,6.22436673467235e-11,6.2223530968082e-11,6.220342603974193e-11,6.218335247276888e-11,6.21633101785917e-11,6.21432990690046e-11,6.212331905616382e-11,6.210337005258425e-11,6.208345197114034e-11,6.206356472505923e-11,6.204370822792497e-11,6.202388239367394e-11,6.200408713659182e-11,6.198432237130977e-11,6.196458801281225e-11,6.194488397642187e-11,6.19252101778087e-11,6.190556653298008e-11,6.18859529582848e-11,6.186636937041071e-11,6.18468156863763e-11,6.182729182353806e-11,6.180779769958429e-11,6.178833323253046e-11,6.176889834072528e-11,6.174949294284058e-11,6.173011695787442e-11,6.171077030514918e-11,6.16914529043078e-11,6.167216467531461e-11,6.165290553845122e-11,6.16336754143157e-11,6.161447422382252e-11,6.159530188819901e-11,6.157615832898359e-11,6.15570434680238e-11,6.153795722748092e-11,6.151889952981634e-11,6.149987029780212e-11,6.148086945451082e-11,6.146189692331931e-11,6.144295262790334e-11,6.142403649224101e-11,6.140514844060216e-11,6.13862883975591e-11,6.136745628797606e-11,6.134865203700748e-11,6.132987557010507e-11,6.131112681300467e-11,6.129240569173392e-11,6.127371213260896e-11,6.125504606222741e-11,6.123640740747487e-11,6.121779609551688e-11,6.119921205380161e-11,6.118065521005656e-11,6.116212549228845e-11,6.114362282878164e-11,6.112514714809279e-11,6.110669837905712e-11,6.108827645077927e-11,6.106988129263762e-11,6.105151283427765e-11,6.10331710056172e-11,6.101485573684141e-11,6.099656695839841e-11,6.097830460100323e-11,6.096006859563325e-11,6.094185887352974e-11,6.092367536619255e-11,6.090551800538132e-11,6.08873867231172e-11,6.086928145167344e-11,6.085120212358107e-11,6.083314867162756e-11,6.081512102884951e-11,6.079711912853888e-11,6.077914290423532e-11,6.076119228972976e-11,6.074326721906146e-11,6.07253676265168e-11,6.070749344662605e-11,6.068964461416473e-11,6.067182106415155e-11,6.06540227318483e-11,6.063624955275914e-11,6.061850146262362e-11,6.06007783974228e-11,6.05830802933752e-11,6.056540708693531e-11,6.054775871479196e-11,6.053013511386896e-11,6.051253622132221e-11,6.049496197453937e-11,6.047741231113915e-11,6.045988716897052e-11,6.044238648610919e-11,6.04249102008588e-11,6.040745825174868e-11,6.039003057753524e-11,6.037262711719551e-11,6.035524780993385e-11,6.033789259517137e-11,6.032056141255524e-11,6.030325420194696e-11,6.028597090343155e-11,6.026871145730908e-11,6.025147580409552e-11,6.023426388452515e-11,6.021707563954548e-11,6.019991101031674e-11,6.018276993821344e-11,6.016565236481848e-11,6.014855823192753e-11,6.013148748154703e-11,6.011444005589072e-11,6.009741589737683e-11,6.008041494863591e-11,6.006343715249945e-11,6.004648245200534e-11,6.0029550790395e-11,6.001264211111237e-11,5.999575635780498e-11,5.997889347431662e-11,5.996205340469682e-11,5.994523609318816e-11,5.992844148423655e-11,5.991166952248124e-11,5.989492015275901e-11,5.987819332010215e-11,5.986148896973733e-11,5.984480704708393e-11,5.982814749775205e-11,5.981151026754982e-11,5.979489530246758e-11,5.977830254869337e-11,5.976173195259858e-11,5.974518346074642e-11,5.972865701988459e-11,5.971215257694992e-11,5.969567007906261e-11,5.96792094735271e-11,5.966277070783458e-11,5.964635372965694e-11,5.962995848684898e-11,5.96135849274466e-11,5.959723299966632e-11,5.958090265190411e-11,5.956459383273611e-11,5.954830649091414e-11,5.953204057536824e-11,5.951579603520718e-11,5.949957281971144e-11,5.948333807399513e-11,5.946715427208916e-11,5.945099374506434e-11,5.943485472445549e-11,5.94187369220201e-11,5.940264020938274e-11,5.938656450448512e-11,5.937050974332934e-11,5.93544758699783e-11,5.933846283325703e-11,5.932247058207593e-11,5.93064990675421e-11,5.929054824117069e-11,5.927461805344031e-11,5.925870845706845e-11,5.92428194029894e-11,5.922695084303359e-11,5.921110273016256e-11,5.919527501622184e-11,5.91794676534124e-11,5.916368059499687e-11,5.914791379390603e-11,5.913216720229144e-11,5.911644077414577e-11,5.910073446214137e-11,5.908504821962153e-11,5.906938200049352e-11,5.90537357585122e-11,5.903810944763714e-11,5.902250302215612e-11,5.900691643590111e-11,5.899134964418003e-11,5.897580260038125e-11,5.896027525944094e-11,5.894476757722286e-11,5.892927950725582e-11,5.891381100561518e-11,5.889836202721959e-11,5.888293252752479e-11,5.886752246346177e-11,5.88521317891707e-11,5.883676046074549e-11,5.882140843452684e-11,5.8806075666839e-11,5.879076211416935e-11,5.877546773266312e-11,5.876019247912261e-11,5.874493631036192e-11,5.872969918322798e-11,5.871448105484981e-11,5.869928188243221e-11,5.868410162334096e-11,5.866894023516759e-11,5.865379767534237e-11,5.863867390153793e-11,5.862356887213239e-11,5.860848254491445e-11,5.859341487807023e-11,5.857836583010445e-11,5.856333535938668e-11,5.854832342491685e-11,5.853332998422528e-11,5.851835499684039e-11,5.850339842178732e-11,5.848846021804443e-11,5.847354034524347e-11,5.845863876275455e-11,5.844375542979104e-11,5.842889030627474e-11,5.84140433518134e-11,5.839921452637745e-11,5.838440379001162e-11,5.836961110286325e-11,5.835483642546826e-11,5.834007971799871e-11,5.83253409410868e-11,5.83106200553872e-11,5.829591702191504e-11,5.828123180130301e-11,5.826656435433287e-11,5.825191464300678e-11,5.823728262821656e-11,5.822266827141003e-11,5.820807153423844e-11,5.819349237853553e-11,5.817893076577269e-11,5.816438665708265e-11,5.81498600152386e-11,5.813535080354267e-11,5.812085898335088e-11,5.8106384517183156e-11,5.809192736715669e-11,5.8077487496296404e-11,5.8063064867010996e-11,5.804865944259392e-11,5.803427118579781e-11,5.8019900059695845e-11,5.800554602717278e-11,5.7991209052048464e-11,5.797688909771882e-11,5.7962586127632475e-11,5.794830010549471e-11,5.7934030995235796e-11,5.791977876048267e-11,5.790554336538621e-11,5.789132477404226e-11,5.787712295072833e-11,5.78629378598192e-11,5.784876946572743e-11,5.7834617733005795e-11,5.7820482626379e-11,5.7806364110608885e-11,5.779226215051521e-11,5.7778176711238325e-11,5.7764107757856417e-11,5.775005525556264e-11,5.773601916966117e-11,5.772199946562085e-11,5.7707996108973834e-11,5.7694009065430346e-11,5.768003830060077e-11,5.766608378031986e-11,5.765214547066535e-11,5.763822333739651e-11,5.762431734720237e-11,5.7610427466071604e-11,5.75965536604218e-11,5.758269589663529e-11,5.7568854141392256e-11,5.755502836126295e-11,5.754121852305869e-11,5.75274245937095e-11,5.751364654021224e-11,5.749988432949966e-11,5.7486137928757907e-11,5.747240730535062e-11,5.745869242665947e-11,5.7444993260128803e-11,5.7431309773326303e-11,5.7417641933872296e-11,5.7403989709593514e-11,5.739035306829135e-11,5.737673197798433e-11,5.736312640670238e-11,5.734953632272844e-11,5.733596169402787e-11,5.732240248904487e-11,5.7308858676178824e-11,5.72953302240444e-11,5.728181710136506e-11,5.7268319276717485e-11,5.725483671874274e-11,5.724136939651305e-11,5.722791727900509e-11,5.7214481399547866e-11,5.720105965201286e-11,5.7187652986340043e-11,5.7174261390162424e-11,5.716088483928774e-11,5.7147523306427703e-11,5.7134176762712134e-11,5.712084517827804e-11,5.710752852323697e-11,5.7094226767664014e-11,5.70809398816069e-11,5.7067667835085325e-11,5.705441059830179e-11,5.704116814152443e-11,5.702794043509551e-11,5.701472744945111e-11,5.70015291550783e-11,5.698834552255834e-11,5.697517652251621e-11,5.6962022125733644e-11,5.694888230303422e-11,5.693575702533205e-11,5.692264626359588e-11,5.6909549989066746e-11,5.6896468173364037e-11,5.688340078674506e-11,5.687034780106305e-11,5.685730918770846e-11,5.684428491824302e-11,5.683127496421233e-11,5.6818279297281797e-11,5.6805297889882216e-11,5.679233071258886e-11,5.677937773793303e-11,5.6766438937882227e-11,5.675351428455279e-11,5.674060375007349e-11,5.672770730666121e-11,5.671482492622037e-11,5.6701956582074215e-11,5.668910224623003e-11,5.66762618913341e-11,5.6663435489810573e-11,5.665062301441511e-11,5.6637824437988446e-11,5.6625039733199894e-11,5.66122688733495e-11,5.6599511831443384e-11,5.658676858025056e-11,5.6574039093101495e-11,5.656132334267384e-11,5.654862130357251e-11,5.65359329483242e-11,5.6523258250575157e-11,5.6510597183794895e-11,5.649794972148554e-11,5.648531583771977e-11,5.647269550570637e-11,5.646008869994177e-11,5.644749539408768e-11,5.643491556200015e-11,5.6422349177893524e-11,5.640979621532711e-11,5.639725664961218e-11,5.638473045428989e-11,5.637221760377421e-11,5.635971807269611e-11,5.6347231835461274e-11,5.6334758866383844e-11,5.632229914032657e-11,5.630985263232159e-11,5.6297419316144706e-11,5.6284999167504994e-11,5.627259216105063e-11,5.62601982716014e-11,5.624781747456074e-11,5.623544974487421e-11,5.6223095057768967e-11,5.621075338846254e-11,5.6198424712291157e-11,5.61861090046665e-11,5.617380624101667e-11,5.6161516396945415e-11,5.614923944711845e-11,5.613697536887737e-11,5.612472413713337e-11,5.611248572771093e-11,5.610026011642661e-11,5.6088047279256705e-11,5.607584719199377e-11,5.6063659830996006e-11,5.6051485172055933e-11,5.6039323191853755e-11,5.602717386630002e-11,5.601503717178552e-11,5.6002913084679276e-11,5.599080158141446e-11,5.597870263871899e-11,5.596661623277947e-11,5.5954542340462735e-11,5.5942480938429335e-11,5.593043200340511e-11,5.591839551224616e-11,5.590637144201796e-11,5.5894359769371024e-11,5.5882360471395604e-11,5.587037352524827e-11,5.5858398908010596e-11,5.5846436596891337e-11,5.583448656922828e-11,5.582254880222245e-11,5.581062327336996e-11,5.579870996043644e-11,5.5786808840183466e-11,5.5774919891058984e-11,5.576304308963729e-11,5.575117841415712e-11,5.573932584243123e-11,5.5727485352036475e-11,5.571565692093253e-11,5.5703840527096436e-11,5.5692036148473546e-11,5.568024376306384e-11,5.566846334876963e-11,5.565669488425653e-11,5.564493834738282e-11,5.5633193716415856e-11,5.5621460969519093e-11,5.5609740085650624e-11,5.5598031042568583e-11,5.558633381944206e-11,5.557464839447449e-11,5.556297474635488e-11,5.555131285366011e-11,5.553966269515501e-11,5.552802424978074e-11,5.551639749597294e-11,5.550478241283321e-11,5.5493178979836516e-11,5.548158717493162e-11,5.547000697769974e-11,5.545843836724548e-11,5.5446881322760656e-11,5.5435335823419177e-11,5.542380184837616e-11,5.541227937708706e-11,5.5400768389010707e-11,5.538926886350667e-11,5.5377780781134536e-11,5.536630411937415e-11,5.535483885893586e-11,5.534338497929352e-11,5.5331942460163716e-11,5.532051128130402e-11,5.530909142257524e-11,5.5297682863528776e-11,5.528628558457761e-11,5.5274899565470894e-11,5.5263524785823976e-11,5.5252161226426925e-11,5.5240808867073074e-11,5.5229467687951364e-11,5.5218137669170034e-11,5.520681879106691e-11,5.519551103381217e-11,5.5184214378060547e-11,5.517292880403428e-11,5.516165429240115e-11,5.515039082344955e-11,5.5139138377787225e-11,5.512789693628628e-11,5.511666647897117e-11,5.510544698728757e-11,5.509423844164611e-11,5.508304082292844e-11,5.5071854112029446e-11,5.5060678289781155e-11,5.5049513337197744e-11,5.5038359235295584e-11,5.502721596497198e-11,5.501608350757236e-11,5.500496184417755e-11,5.499385095595561e-11,5.498275082405066e-11,5.4971661430018315e-11,5.4960582755019964e-11,5.494951478049789e-11,5.493845748744713e-11,5.4927410858191545e-11,5.491637487384758e-11,5.49053495160163e-11,5.489433476628456e-11,5.48833306063156e-11,5.4872337017458324e-11,5.48613539822446e-11,5.485038148208736e-11,5.4839419498861967e-11,5.48284680144321e-11,5.481752701076325e-11,5.480659646977011e-11,5.47956763735524e-11,5.4784766704283425e-11,5.47738674436215e-11,5.4762978574421385e-11,5.475210007855211e-11,5.4741231938253413e-11,5.473037413597483e-11,5.4719526653904366e-11,5.470868947426393e-11,5.4697862579806624e-11,5.468704595288666e-11,5.4676239576077703e-11,5.466544343188155e-11,5.465465750291564e-11,5.4643881772134634e-11,5.463311622163303e-11,5.4622360834361904e-11,5.461161559314332e-11,5.460088048076537e-11,5.459015547989412e-11,5.4579440573740474e-11,5.456873574531981e-11,5.4558040977486144e-11,5.454735625329661e-11,5.453668155563182e-11,5.4526016867754286e-11,5.451536217278887e-11,5.450471745393534e-11,5.449408269440136e-11,5.448345787753369e-11,5.4472842986533545e-11,5.4462238004926233e-11,5.4451642915716223e-11,5.444105770240044e-11,5.4430482348850906e-11,5.4419916838617045e-11,5.440936115459581e-11,5.439881528083757e-11,5.4388279201351885e-11,5.437775289946273e-11,5.436723635850251e-11,5.4356729562626945e-11,5.4346232496019256e-11,5.433574514161529e-11,5.432526748401383e-11,5.431479950658104e-11,5.430434119384701e-11,5.429389252949818e-11,5.428345349753586e-11,5.4273024082040055e-11,5.426260426718026e-11,5.4252194037078087e-11,5.4241793375744595e-11,5.423140226713419e-11,5.422102069626362e-11,5.421064864702774e-11,5.420028610372655e-11,5.418993305082044e-11,5.417958947266324e-11,5.416925535326454e-11,5.4158930677909544e-11,5.414861543073805e-11,5.41383095963571e-11,5.412801315894339e-11,5.411772610360702e-11,5.410744841492413e-11,5.409718007775023e-11,5.408692107621457e-11,5.407667139586008e-11,5.40664310209721e-11,5.4056199936704336e-11,5.404597812764457e-11,5.4035765578951556e-11,5.402556227560097e-11,5.401536820234158e-11,5.4005183344312205e-11,5.399500768663126e-11,5.3984841214307556e-11,5.397468391236289e-11,5.396453576616284e-11,5.395439676080281e-11,5.3944266881512314e-11,5.3934146113557775e-11,5.392403444223651e-11,5.391393185288553e-11,5.390383833086805e-11,5.389375386149788e-11,5.3883678430394e-11,5.387361202293646e-11,5.38635546245418e-11,5.3853506220924705e-11,5.384346679756871e-11,5.383343634007683e-11,5.3823414834089446e-11,5.3813402265274036e-11,5.3803398619340964e-11,5.3793403882028435e-11,5.378341803910942e-11,5.3773441076386544e-11,5.376347297969966e-11,5.3753513734917366e-11,5.374356332794132e-11,5.373362174470778e-11,5.372368897118313e-11,5.371376499336952e-11,5.370384979730025e-11,5.369394336903712e-11,5.3684045694576734e-11,5.3674156760148114e-11,5.366427655191513e-11,5.365440505606719e-11,5.3644542258935236e-11,5.363468814654134e-11,5.3624842705325336e-11,5.3615005921579954e-11,5.3605177781660874e-11,5.3595358271938887e-11,5.358554737883306e-11,5.357574508840265e-11,5.356595138755311e-11,5.355616626307427e-11,5.354638970115421e-11,5.353662168824706e-11,5.352686221119874e-11,5.3517111256541937e-11,5.35073688107938e-11,5.349763486076463e-11,5.348790939319944e-11,5.347819239499596e-11,5.346848385251047e-11,5.345878375287538e-11,5.344909208248621e-11,5.34394088289125e-11,5.342973397872508e-11,5.342006751850146e-11,5.3410409435873056e-11,5.3400759717557684e-11,5.3391118350496945e-11,5.338148532161818e-11,5.3371860618103203e-11,5.336224422707273e-11,5.335263613558717e-11,5.3343036330546596e-11,5.333344479983552e-11,5.3323861530274784e-11,5.331428650911117e-11,5.330471972339301e-11,5.3295161161070927e-11,5.328561080894683e-11,5.3276068654540995e-11,5.326653468524948e-11,5.325700888847281e-11,5.3247491251441363e-11,5.323798176194399e-11,5.32284804071701e-11,5.321898717497623e-11,5.320950205264624e-11,5.3200025028084814e-11,5.319055608875037e-11,5.318109522221794e-11,5.3171642416159445e-11,5.316219765799614e-11,5.315276093584217e-11,5.314333223755853e-11,5.3133911550781633e-11,5.3124498863239824e-11,5.311509416277276e-11,5.3105697436924414e-11,5.309630867418613e-11,5.308692786210467e-11,5.307755498873482e-11,5.306819004199623e-11,5.3058833009846145e-11,5.304948388031469e-11,5.3040142641436337e-11,5.303080928129203e-11,5.302148378815801e-11,5.3012166149823653e-11,5.300285635456758e-11,5.299355439070284e-11,5.298426024648035e-11,5.29749739095844e-11,5.2965695368722526e-11,5.295642461195582e-11,5.294716162780597e-11,5.293790640446969e-11,5.29286589302508e-11,5.291941919300558e-11,5.2910187182406185e-11,5.29009628860295e-11,5.289174629257896e-11,5.288253739051693e-11,5.2873336168186744e-11,5.286414261414219e-11,5.2854956717402955e-11,5.2845778465870347e-11,5.283660784942114e-11,5.2827444854850397e-11,5.2818289471420997e-11,5.2809141688077777e-11,5.280000149345287e-11,5.279086887621551e-11,5.278174382522331e-11,5.277262632925041e-11,5.276351637703811e-11,5.275441395747934e-11,5.274531905955666e-11,5.273623167169864e-11,5.2727151783075787e-11,5.271807938252848e-11,5.270901445895246e-11,5.269995700109389e-11,5.2690906998680655e-11,5.268186444026542e-11,5.2672829314933265e-11,5.266380161174521e-11,5.26547813197505e-11,5.2645768428055026e-11,5.263676292581089e-11,5.2627764802449766e-11,5.2618774046449576e-11,5.260979064749419e-11,5.260081459467532e-11,5.2591845877292534e-11,5.2582884484586616e-11,5.257393040589503e-11,5.2564983630484687e-11,5.25560441477175e-11,5.254711194693946e-11,5.2538187017800637e-11,5.2529269349106585e-11,5.2520358930600326e-11,5.2511455751749684e-11,5.25025598019661e-11,5.249367107077087e-11,5.2484789547791334e-11,5.2475915222311294e-11,5.246704808404694e-11,5.245818812253275e-11,5.2449335327363747e-11,5.244048968818915e-11,5.2431651194688774e-11,5.242281983664202e-11,5.241399560362357e-11,5.240517848515565e-11,5.2396368471129395e-11,5.2387565551258133e-11,5.2378769715424826e-11,5.2369980953513856e-11,5.236119925493901e-11,5.2352424609811166e-11,5.234365700801431e-11,5.233489643957331e-11,5.2326142893895157e-11,5.23173963615441e-11,5.2308656831697185e-11,5.229992429489561e-11,5.2291198741031194e-11,5.228248015989453e-11,5.227376854160546e-11,5.22650638762859e-11,5.2256366154006915e-11,5.2247675364858604e-11,5.2238991498913273e-11,5.22303145467954e-11,5.222164449764304e-11,5.2212981342147494e-11,5.220432507054998e-11,5.219567567305513e-11,5.2187033139869995e-11,5.217839746123063e-11,5.216976862750108e-11,5.216114662872713e-11,5.215253145542213e-11,5.214392309797891e-11,5.213532154641481e-11,5.2126726791241943e-11,5.2118138823195846e-11,5.2109557631539703e-11,5.210098320849642e-11,5.2092415543435583e-11,5.208385462711101e-11,5.207530044977693e-11,5.206675300201356e-11,5.205821227457236e-11,5.204967825784692e-11,5.204115094231137e-11,5.2032630318735444e-11,5.202411637755211e-11,5.20156091094464e-11,5.200710850500596e-11,5.1998614554944974e-11,5.199012724974377e-11,5.198164658033759e-11,5.197317253747073e-11,5.196470511175684e-11,5.195624429399103e-11,5.194779007504008e-11,5.193934244553831e-11,5.193090139607469e-11,5.1922466918087544e-11,5.191403900190228e-11,5.190561763879901e-11,5.1897202819492754e-11,5.188879453489573e-11,5.188039277610079e-11,5.187199753339493e-11,5.1863608798437377e-11,5.185522656190823e-11,5.184685081483423e-11,5.183848154825369e-11,5.183011875329592e-11,5.182176242075625e-11,5.181341254195563e-11,5.180506910777265e-11,5.179673210941522e-11,5.1788401538012614e-11,5.178007738468562e-11,5.1771759640568595e-11,5.176344829685474e-11,5.175514334472683e-11,5.174684477541706e-11,5.1738552580127236e-11,5.1730266750138365e-11,5.172198727667461e-11,5.1713714151070205e-11,5.170544736453409e-11,5.1697186908424015e-11,5.1688932773997095e-11,5.168068495233547e-11,5.1672443435557176e-11,5.1664208214311587e-11,5.16559792806842e-11,5.164775662519073e-11,5.163954024041011e-11,5.1631330116744355e-11,5.1623126246077844e-11,5.161492861989531e-11,5.1606737230053314e-11,5.159855206782332e-11,5.159037312454766e-11,5.1582200391705144e-11,5.1574033861056384e-11,5.1565873524121416e-11,5.155771937293394e-11,5.1549571398554564e-11,5.154142959279328e-11,5.153329394729329e-11,5.1525164453701576e-11,5.1517041103698836e-11,5.150892388889247e-11,5.150081280141261e-11,5.1492707832212915e-11,5.148460897389505e-11,5.147651621772385e-11,5.1468429555378216e-11,5.146034897909528e-11,5.145227448027726e-11,5.144420605138598e-11,5.143614368335304e-11,5.142808736871941e-11,5.1420037099132275e-11,5.1411992866396276e-11,5.140395466251702e-11,5.139592247951993e-11,5.138789630922018e-11,5.137987614369394e-11,5.137186197473656e-11,5.136385379440838e-11,5.1355851594718103e-11,5.134785536767546e-11,5.1339865105295194e-11,5.133188079973301e-11,5.132390244286159e-11,5.131593002685236e-11,5.1307963543804137e-11,5.130000298584861e-11,5.129204834505532e-11,5.1284099613600786e-11,5.127615678360687e-11,5.126821984752558e-11,5.1260288796905884e-11,5.125236362442101e-11,5.1244444322196085e-11,5.12365308824546e-11,5.122862329743961e-11,5.122072155912038e-11,5.1212825660346386e-11,5.120493559309239e-11,5.119705134968575e-11,5.118917292237938e-11,5.118130030345647e-11,5.117343348555951e-11,5.1165572460872815e-11,5.115771722175387e-11,5.11498677606127e-11,5.1142024069841976e-11,5.1134186141877555e-11,5.1126353969120964e-11,5.111852754398054e-11,5.111070685907185e-11,5.110289190675968e-11,5.109508267914356e-11,5.108727916956168e-11,5.1079481370120004e-11,5.107168927334657e-11,5.106390287179456e-11,5.105612215808617e-11,5.104834712466827e-11,5.1040577764206567e-11,5.103281406931026e-11,5.10250560325603e-11,5.1017303646721096e-11,5.1009556904188526e-11,5.1001815797932035e-11,5.099408032035053e-11,5.0986350464244026e-11,5.0978626222316897e-11,5.0970907587454636e-11,5.096319455177891e-11,5.09554871084095e-11,5.094778525046197e-11,5.094008897039179e-11,5.0932398261145534e-11,5.092471311519271e-11,5.091703352549203e-11,5.0909359484605617e-11,5.090169098606789e-11,5.0894028022271874e-11,5.088637058613207e-11,5.0878718670311573e-11,5.0871072268128547e-11,5.0863431372275474e-11,5.0855795975603596e-11,5.0848166071276007e-11,5.084054165196368e-11,5.083292271072847e-11,5.0825309240549855e-11,5.0817701234389804e-11,5.0810098685265424e-11,5.0802501586224055e-11,5.0794909930170463e-11,5.078732371018561e-11,5.077974291951178e-11,5.077216755090026e-11,5.0764597597537036e-11,5.0757033052575045e-11,5.07494739091128e-11,5.074192016016204e-11,5.073437179890859e-11,5.0726828818349296e-11,5.071929121174597e-11,5.071175897245384e-11,5.070423209344696e-11,5.069671056800137e-11,5.0689194389529007e-11,5.068168355069705e-11,5.06741780450109e-11,5.066667786643049e-11,5.065918300712441e-11,5.065169346022366e-11,5.064420921964018e-11,5.063673027866237e-11,5.062925663037438e-11,5.062178826800801e-11,5.061432518520662e-11,5.0606867375128826e-11,5.059941483104813e-11,5.059196754646229e-11,5.0584525514338206e-11,5.057708872876405e-11,5.0569657182844166e-11,5.056223086986938e-11,5.055480978325609e-11,5.0547393916501957e-11,5.0539983263121575e-11,5.0532577816491656e-11,5.052517757012797e-11,5.0517782517119634e-11,5.0510392651374775e-11,5.0503007966413854e-11,5.049562845587438e-11,5.048825411299903e-11,5.048088493157498e-11,5.047352090492844e-11,5.046616202658544e-11,5.0458808290286806e-11,5.0451459689578407e-11,5.044411621796929e-11,5.043677786915329e-11,5.0429444636755405e-11,5.042211651428671e-11,5.041479349556232e-11,5.040747557408981e-11,5.0400162743616906e-11,5.0392854997825504e-11,5.038555233036604e-11,5.037825473496111e-11,5.037096220532596e-11,5.036367473517839e-11,5.035639231829099e-11,5.034911494834901e-11,5.0341842619141685e-11,5.03345753244883e-11,5.0327313058476657e-11,5.0320055814022534e-11,5.031280358553608e-11,5.0305556366759895e-11,5.029831415148865e-11,5.0291076933561935e-11,5.028384470677565e-11,5.0276617465016414e-11,5.026939520226527e-11,5.026217791201696e-11,5.025496558866756e-11,5.0247758225914347e-11,5.024055581765566e-11,5.023335835788376e-11,5.022616584042507e-11,5.0218978259219696e-11,5.021179560826173e-11,5.020461788187946e-11,5.01974450738974e-11,5.019027717756069e-11,5.018311418734751e-11,5.0175956097266856e-11,5.016880290145895e-11,5.016165459387102e-11,5.015451116858736e-11,5.014737261955982e-11,5.01402389409084e-11,5.013311012672517e-11,5.012598617103837e-11,5.0118867068171647e-11,5.011175281185913e-11,5.010464339637839e-11,5.009753881554678e-11,5.0090439064105224e-11,5.0083344135656904e-11,5.0076254024823476e-11,5.006916872556657e-11,5.006208823200266e-11,5.005501253838528e-11,5.004794163888122e-11,5.004087552768591e-11,5.003381419866733e-11,5.0026757646787135e-11,5.001970586587904e-11,5.001265885026242e-11,5.000561659403648e-11,4.999857909131867e-11,4.999154633713301e-11,4.998451832479902e-11,4.997749504906093e-11,4.9970476504511524e-11,4.996346268532643e-11,4.995645358557628e-11,4.994944919981522e-11,4.9942449521898114e-11,4.993545454692235e-11,4.99284642690204e-11,4.9921478682018526e-11,4.991449778105685e-11,4.9907521560146596e-11,4.9900550013894125e-11,4.989358313674464e-11,4.988662092263434e-11,4.98796633660252e-11,4.9872710461984306e-11,4.986576220456802e-11,4.985881858834289e-11,4.985187960772469e-11,4.9844945257167354e-11,4.9838015531175113e-11,4.983109042427825e-11,4.982416993042642e-11,4.9817254045263724e-11,4.981034276224662e-11,4.980343607605171e-11,4.9796533982395485e-11,4.978963647500994e-11,4.978274354792922e-11,4.977585519678224e-11,4.976897141563721e-11,4.976209219863824e-11,4.975521754122677e-11,4.9748347437010773e-11,4.974148188189508e-11,4.973462086984206e-11,4.9727764395544373e-11,4.972091245351925e-11,4.9714065038091987e-11,4.970722214483039e-11,4.970038376785713e-11,4.9693549901819755e-11,4.968672054160599e-11,4.967989568182405e-11,4.967307531722237e-11,4.9666259442350646e-11,4.9659448052166653e-11,4.965264114131576e-11,4.9645838704544456e-11,4.9639040736520407e-11,4.963224723209578e-11,4.962545818596307e-11,4.961867359308044e-11,4.961189344830378e-11,4.9605117746179445e-11,4.9598346481171257e-11,4.959157964908254e-11,4.958481724406809e-11,4.95780592612366e-11,4.957130569526214e-11,4.956455654088046e-11,4.955781179329499e-11,4.955107144679275e-11,4.9544335497021836e-11,4.953760393884668e-11,4.953087676636419e-11,4.952415397496323e-11,4.951743555893898e-11,4.951072151448993e-11,4.950401183601117e-11,4.949730651809597e-11,4.949060555582074e-11,4.9483908943791754e-11,4.9477216677947034e-11,4.947052875260437e-11,4.946384516291015e-11,4.945716590377688e-11,4.945049097031549e-11,4.944382035730244e-11,4.943715405988272e-11,4.9430492073144826e-11,4.942383439211816e-11,4.941718101160835e-11,4.941053192690925e-11,4.9403887132848606e-11,4.939724662476392e-11,4.939061039763422e-11,4.938397844652565e-11,4.937735076653556e-11,4.93707273527454e-11,4.936410820029252e-11,4.9357493304182557e-11,4.935088265965899e-11,4.9344276261673476e-11,4.933767410564366e-11,4.933107618657623e-11,4.9324482499624606e-11,4.93178930399276e-11,4.931130780270174e-11,4.930472678310678e-11,4.9298149976342446e-11,4.9291577377564747e-11,4.9285008982018444e-11,4.927844478487597e-11,4.927188478138081e-11,4.9265328966743604e-11,4.925877733623024e-11,4.9252229885293985e-11,4.924568660870465e-11,4.9239147501946154e-11,4.923261256030208e-11,4.9226081779505696e-11,4.9219555153931715e-11,4.921303267932749e-11,4.9206514351652865e-11,4.9200000164804036e-11,4.919349011499105e-11,4.918698419721969e-11,4.918048240728121e-11,4.917398473981557e-11,4.916749119062402e-11,4.916100175492767e-11,4.915451642847509e-11,4.914803520596746e-11,4.914155808301334e-11,4.91350850552192e-11,4.9128616117824135e-11,4.9122151266077916e-11,4.911569049528956e-11,4.910923380136008e-11,4.9102781179534447e-11,4.9096332625263853e-11,4.9089888133826135e-11,4.908344770058374e-11,4.9077011321202833e-11,4.907057899074697e-11,4.9064150705176734e-11,4.905772645993265e-11,4.905130625037322e-11,4.9044890071850406e-11,4.903847791983827e-11,4.903206979004521e-11,4.902566567787773e-11,4.9019265578283974e-11,4.9012869487914025e-11,4.900647740119069e-11,4.9000089314716676e-11,4.899370522350645e-11,4.8987325122827484e-11,4.89809490087908e-11,4.897457687669203e-11,4.8968208722113016e-11,4.8961844540445196e-11,4.8955484327719086e-11,4.894912807928899e-11,4.8942775790578175e-11,4.893642745737519e-11,4.8930083075260216e-11,4.892374263979646e-11,4.891740614671147e-11,4.8911073591823114e-11,4.8904744970253157e-11,4.8898420277881284e-11,4.8892099510474316e-11,4.888578266362843e-11,4.887946973303626e-11,4.887316071441057e-11,4.8866855603284155e-11,4.8860554395665544e-11,4.885425708682065e-11,4.8847963672693626e-11,4.884167414864359e-11,4.8835388511009754e-11,4.8829106755249796e-11,4.882282887706705e-11,4.881655487219983e-11,4.881028473648228e-11,4.88040184654683e-11,4.879775605471426e-11,4.879149750064489e-11,4.8785242798626435e-11,4.8778991944529486e-11,4.877274493403828e-11,4.876650176302462e-11,4.87602624272953e-11,4.8754026922635146e-11,4.874779524486724e-11,4.8741567389897415e-11,4.8735343353352614e-11,4.872912313114087e-11,4.8722906718622784e-11,4.871669411267847e-11,4.8710485308541646e-11,4.870428030218667e-11,4.869807908913302e-11,4.8691881665878605e-11,4.868568802798377e-11,4.8679498171492676e-11,4.8673312091964374e-11,4.8667129785901465e-11,4.8660951248454653e-11,4.865477647578699e-11,4.864860546388054e-11,4.86424382086213e-11,4.863627470600571e-11,4.8630114951935184e-11,4.862395894235634e-11,4.861780667333579e-11,4.8611658140684405e-11,4.860551334028741e-11,4.859937226822853e-11,4.85932349204302e-11,4.858710129297952e-11,4.858097138173741e-11,4.857484518284301e-11,4.8568722692151106e-11,4.8562603905758843e-11,4.85564888195579e-11,4.8550377429639246e-11,4.8544269732043213e-11,4.853816572277628e-11,4.8532065397809816e-11,4.8525968753336834e-11,4.851987578535848e-11,4.851378648915696e-11,4.850770086263906e-11,4.8501618900407375e-11,4.849554059887621e-11,4.84894659542177e-11,4.84833949623607e-11,4.8477327618984324e-11,4.847126392129343e-11,4.846520386451334e-11,4.8459147445114216e-11,4.845309465913953e-11,4.8447045502694536e-11,4.8440999971953406e-11,4.8434958062946597e-11,4.8428919771796635e-11,4.842288509479839e-11,4.8416854027979525e-11,4.8410826567263794e-11,4.840480270939703e-11,4.839878245019168e-11,4.839276578587652e-11,4.838675271269999e-11,4.8380743226745736e-11,4.837473732377565e-11,4.836873500084524e-11,4.836273625374121e-11,4.835674107839749e-11,4.8350749471630874e-11,4.83447614293448e-11,4.8338776947845625e-11,4.833279602329521e-11,4.832681865192838e-11,4.832084482999277e-11,4.831487455373618e-11,4.830890781941598e-11,4.8302944623293294e-11,4.8296984961639514e-11,4.829102883072307e-11,4.828507622664676e-11,4.827912714597608e-11,4.827318158496865e-11,4.826723953984791e-11,4.8261301006915835e-11,4.825536598240856e-11,4.8249434462658555e-11,4.824350644415989e-11,4.8237581923110835e-11,4.823166089584134e-11,4.8225743358688445e-11,4.821982930786407e-11,4.821391873987653e-11,4.820801165113558e-11,4.820210803790349e-11,4.81962078965476e-11,4.819031122329935e-11,4.8184418014765904e-11,4.817852826698613e-11,4.817264197676037e-11,4.816675914040308e-11,4.8160879754039754e-11,4.815500381420853e-11,4.814913131739854e-11,4.814326225996952e-11,4.8137396638368635e-11,4.8131534449043364e-11,4.8125675688340897e-11,4.8119820352653646e-11,4.811396843858328e-11,4.810811994255002e-11,4.8102274861061105e-11,4.8096433190467716e-11,4.809059492700993e-11,4.8084760067459925e-11,4.8078928608079214e-11,4.807310054543749e-11,4.80672758760236e-11,4.806145459617609e-11,4.805563670268639e-11,4.804982219190823e-11,4.804401106033021e-11,4.8038203304480084e-11,4.80323989208451e-11,4.802659790612234e-11,4.8020800256497013e-11,4.801500596879989e-11,4.800921503929747e-11,4.800342746467285e-11,4.7997643241456986e-11,4.7991862366211885e-11,4.798608483547929e-11,4.798031064582772e-11,4.797453979386267e-11,4.796877227604726e-11,4.796300808870531e-11,4.7957247229063445e-11,4.795148969336273e-11,4.794573547818593e-11,4.793998458012097e-11,4.793423699583416e-11,4.792849272159488e-11,4.7922751754497634e-11,4.791701409107196e-11,4.791127972750957e-11,4.7905548661286615e-11,4.789982088828795e-11,4.7894096405352694e-11,4.788837520871958e-11,4.788265729586404e-11,4.7876942663001746e-11,4.787123130640809e-11,4.786552322357087e-11,4.7859818410735145e-11,4.7854116864573085e-11,4.7848418581743665e-11,4.784272355893609e-11,4.783703179284461e-11,4.783134328032643e-11,4.7825658017738506e-11,4.781997600191242e-11,4.781429722898596e-11,4.780862169681695e-11,4.780294940155715e-11,4.779728033993232e-11,4.7791614508685786e-11,4.778595190495338e-11,4.778029252454776e-11,4.777463636536529e-11,4.776898342345408e-11,4.776333369491785e-11,4.775768717771073e-11,4.775204386757274e-11,4.774640376176128e-11,4.77407668569211e-11,4.773513314992386e-11,4.772950263763774e-11,4.7723875316937113e-11,4.771825118426406e-11,4.771263023697372e-11,4.770701247106596e-11,4.7701397883744095e-11,4.7695786471780386e-11,4.769017823181982e-11,4.76845731609152e-11,4.7678971255815095e-11,4.767337251350049e-11,4.7667776931207755e-11,4.766218450465174e-11,4.7656595231207675e-11,4.765100910768284e-11,4.764542613103494e-11,4.763984629802797e-11,4.7634269605844746e-11,4.7628696050748336e-11,4.762312563001177e-11,4.761755834033623e-11,4.7611994178618575e-11,4.7606433141760843e-11,4.7600875226623626e-11,4.7595320430138005e-11,4.75897687491936e-11,4.758422018071875e-11,4.7578674721510935e-11,4.7573132368615645e-11,4.756759311885104e-11,4.756205696908375e-11,4.75565239162249e-11,4.755099395732973e-11,4.754546708925121e-11,4.753994330899307e-11,4.7534422613277163e-11,4.752890499938559e-11,4.752339046396446e-11,4.751787900404447e-11,4.7512370616420845e-11,4.750686529834075e-11,4.750136304651036e-11,4.7495863858024724e-11,4.7490367729988365e-11,4.7484874659105425e-11,4.7479384642473e-11,4.7473897677122035e-11,4.746841375998372e-11,4.7462932888119664e-11,4.745745505824554e-11,4.745198026778111e-11,4.744650851354437e-11,4.744103979252894e-11,4.743557410177956e-11,4.743011143827022e-11,4.742465179910508e-11,4.7419195181204e-11,4.741374158169504e-11,4.740829099753242e-11,4.740284342579093e-11,4.7397398863535236e-11,4.739195730775868e-11,4.738651875550275e-11,4.7381083203893126e-11,4.737565064995419e-11,4.7370221090795504e-11,4.736479452339821e-11,4.7359370944988545e-11,4.735395035241874e-11,4.734853274285684e-11,4.734311811344027e-11,4.7337706461237585e-11,4.7332297782839564e-11,4.73268920763188e-11,4.732148933822547e-11,4.731608956559092e-11,4.7310692755931334e-11,4.730529890602033e-11,4.7299908013049116e-11,4.729452007412783e-11,4.7289135086409934e-11,4.7283753046908617e-11,4.7278373952952567e-11,4.727299780157395e-11,4.726762459003039e-11,4.726225431512151e-11,4.725688697436005e-11,4.7251522564774783e-11,4.724616108370682e-11,4.724080252796119e-11,4.723544689485361e-11,4.723009418158912e-11,4.7224744385314835e-11,4.721939750325053e-11,4.7214053532528446e-11,4.720871247035413e-11,4.720337431391634e-11,4.71980390606992e-11,4.719270670731593e-11,4.718737725091438e-11,4.718205068933198e-11,4.717672701951258e-11,4.717140623863067e-11,4.716608834392576e-11,4.716077333261179e-11,4.715546120180696e-11,4.715015194893937e-11,4.71448455710351e-11,4.713954206510824e-11,4.7134241429138874e-11,4.712894365992122e-11,4.712364875453585e-11,4.711835671069692e-11,4.7113067525431516e-11,4.710778119570241e-11,4.7102497719310055e-11,4.709721709276384e-11,4.7091939314077135e-11,4.7086664380149813e-11,4.708139228871198e-11,4.707612303681768e-11,4.7070856621325875e-11,4.7065593039806866e-11,4.7060332289613027e-11,4.7055074368008425e-11,4.704981927248546e-11,4.704456700026518e-11,4.70393175486693e-11,4.703407091471072e-11,4.702882709586862e-11,4.702358608972564e-11,4.70183478929501e-11,4.7013112503430827e-11,4.700787991785478e-11,4.7002650134542656e-11,4.699742314962329e-11,4.699219896173346e-11,4.6986977567667957e-11,4.698175896484033e-11,4.6976543150468054e-11,4.697133012193539e-11,4.6966119876478234e-11,4.69609124117371e-11,4.695570772515858e-11,4.695050581369374e-11,4.6945306675103723e-11,4.6940110306266575e-11,4.693491670490991e-11,4.692972586817263e-11,4.692453779381639e-11,4.691935247908997e-11,4.691416992132604e-11,4.690899011797285e-11,4.69038130663823e-11,4.689863876417474e-11,4.6893467208446927e-11,4.688829839661062e-11,4.6883132326224307e-11,4.687796899482328e-11,4.6872808399611646e-11,4.6867650538075104e-11,4.6862495407703035e-11,4.6857343005911057e-11,4.685219333005377e-11,4.684704637771133e-11,4.6841902146248314e-11,4.683676063305654e-11,4.683162183569506e-11,4.682648575160368e-11,4.6821352378206516e-11,4.6816221713029354e-11,4.6811093753696674e-11,4.6805968497206973e-11,4.680084594128366e-11,4.679572608340591e-11,4.6790608920946107e-11,4.67854944517679e-11,4.678038267289651e-11,4.6775273581835435e-11,4.677016717640894e-11,4.676506345385467e-11,4.675996241178232e-11,4.675486404767253e-11,4.67497683591074e-11,4.674467534347639e-11,4.673958499833819e-11,4.67344973212062e-11,4.6729412309644535e-11,4.672432996105851e-11,4.671925027301045e-11,4.6714173243157293e-11,4.6709098868937913e-11,4.670402714778396e-11,4.669895807734631e-11,4.669389165521295e-11,4.6688827878822885e-11,4.6683766745886326e-11,4.6678708253827116e-11,4.667365240024611e-11,4.666859918267768e-11,4.6663548598685846e-11,4.6658500645777355e-11,4.66534553215562e-11,4.664841262359293e-11,4.6643372549476915e-11,4.663833509688565e-11,4.663330026322362e-11,4.66282680462827e-11,4.662323844345756e-11,4.661821145247221e-11,4.6613187070862695e-11,4.66081652962325e-11,4.660314612617411e-11,4.65981295583044e-11,4.659311559012024e-11,4.658810421933063e-11,4.6583095443622784e-11,4.6578089260533534e-11,4.657308566767405e-11,4.656808466269194e-11,4.656308624315677e-11,4.655809040678058e-11,4.655309715112447e-11,4.6548106473901314e-11,4.6543118372707446e-11,4.6538132845009194e-11,4.65331498884667e-11,4.6528169501199677e-11,4.6523191680541554e-11,4.6518216423906155e-11,4.651324372942253e-11,4.650827359474933e-11,4.6503306017136394e-11,4.6498340994447757e-11,4.64933785243604e-11,4.648841860452341e-11,4.648346123274013e-11,4.6478506406433844e-11,4.6473554123422035e-11,4.646860438140613e-11,4.6463657178059504e-11,4.645871251105087e-11,4.645377037811345e-11,4.64488307769099e-11,4.6443893705054835e-11,4.6438959160472874e-11,4.643402714066857e-11,4.6429097643513317e-11,4.642417066658015e-11,4.6419246207693953e-11,4.641432426452762e-11,4.6409404834741886e-11,4.64044879162269e-11,4.639957350681553e-11,4.639466160386769e-11,4.6389752205201564e-11,4.638484530874493e-11,4.6379940912215946e-11,4.637503901313703e-11,4.6370139609224964e-11,4.6365242698483766e-11,4.6360348278558625e-11,4.6355456347202124e-11,4.635056690214701e-11,4.6345679941233865e-11,4.634079546201193e-11,4.633591346252568e-11,4.633103394037383e-11,4.632615689339612e-11,4.632128231934888e-11,4.631641021598356e-11,4.631154058108786e-11,4.630667341247919e-11,4.6301808707927904e-11,4.6296946465225155e-11,4.629208668204397e-11,4.628722935648544e-11,4.628237448607637e-11,4.627752206868366e-11,4.627267210208678e-11,4.6267824584101443e-11,4.626297951254268e-11,4.625813688526254e-11,4.6253296700026194e-11,4.624845895478347e-11,4.6243623647231694e-11,4.6238790774981186e-11,4.6233960336018934e-11,4.622913232859591e-11,4.622430675017409e-11,4.62194835982491e-11,4.6214662871023755e-11,4.620984456633858e-11,4.6205028682101224e-11,4.620021521607441e-11,4.6195404166086677e-11,4.619059552984057e-11,4.618578930556228e-11,4.618098549086672e-11,4.6176184083649134e-11,4.617138508174786e-11,4.616658848304825e-11,4.616179428543955e-11,4.6157002486774155e-11,4.615221308490204e-11,4.614742607772266e-11,4.614264146309126e-11,4.6137859238896385e-11,4.6133079403051825e-11,4.6128301953268685e-11,4.612352688775777e-11,4.611875420423582e-11,4.6113983900565105e-11,4.6109215974708335e-11,4.610445042446012e-11,4.609968724786002e-11,4.609492644290663e-11,4.6090168006875395e-11,4.608541193851707e-11,4.6080658235382337e-11,4.60759068952438e-11,4.607115791629411e-11,4.606641129647552e-11,4.606166703339963e-11,4.605692512519897e-11,4.605218556973213e-11,4.604744836501163e-11,4.604271350883246e-11,4.603798099929902e-11,4.603325083405063e-11,4.6028523011369664e-11,4.602379752914871e-11,4.6019074385279e-11,4.601435357771241e-11,4.600963510427483e-11,4.6004918963001696e-11,4.6000205151897475e-11,4.5995493668852827e-11,4.599078451202603e-11,4.59860776788797e-11,4.598137316807504e-11,4.597667097684489e-11,4.597197110389764e-11,4.596727354687529e-11,4.596257830384489e-11,4.595788537261838e-11,4.595319475111447e-11,4.594850643767325e-11,4.5943820430009783e-11,4.5939136726193896e-11,4.593445532414194e-11,4.592977622193888e-11,4.5925099417529384e-11,4.5920424908915564e-11,4.591575269408009e-11,4.5911082771225816e-11,4.5906415137998675e-11,4.590174979279553e-11,4.5897086733487844e-11,4.589242595880192e-11,4.588776746524641e-11,4.5883111251622016e-11,4.587845731589049e-11,4.587380565619082e-11,4.5869156270478635e-11,4.5864509156825007e-11,4.585986431320938e-11,4.585522173768984e-11,4.585058142828392e-11,4.584594338309651e-11,4.584130760011526e-11,4.58366740773999e-11,4.5832042813077074e-11,4.582741380521906e-11,4.5822787051601765e-11,4.581816255029488e-11,4.5813540299679693e-11,4.5808920298082196e-11,4.5804302542818854e-11,4.5799687032174385e-11,4.579507376440904e-11,4.579046273748961e-11,4.578585394936477e-11,4.578124739829726e-11,4.57766430821346e-11,4.577204099937458e-11,4.576744114779214e-11,4.576284352537456e-11,4.5758248130330605e-11,4.57536549609927e-11,4.5749064015299875e-11,4.5744475291761226e-11,4.5739888787139586e-11,4.573530450073792e-11,4.5730722430459605e-11,4.572614257413603e-11,4.572156493007701e-11,4.5716989495971497e-11,4.571241627071564e-11,4.570784525183316e-11,4.570327643755971e-11,4.569870982604091e-11,4.569414541540609e-11,4.5689583203785377e-11,4.5685023188974324e-11,4.5680465369684413e-11,4.56759097437886e-11,4.567135630937719e-11,4.566680506460947e-11,4.5662256007602505e-11,4.5657709136859976e-11,4.565316444997137e-11,4.564862194491506e-11,4.564408162078216e-11,4.5639543474803285e-11,4.563500750546016e-11,4.563047371116977e-11,4.562594208939387e-11,4.562141263888185e-11,4.561688535764742e-11,4.561236024381095e-11,4.560783729554199e-11,4.560331651098843e-11,4.559879788805171e-11,4.55942814255464e-11,4.55897671211882e-11,4.558525497337776e-11,4.558074497998738e-11,4.557623713956892e-11,4.5571731449902167e-11,4.556722790975599e-11,4.556272651679219e-11,4.555822726978907e-11,4.555373016609451e-11,4.5549235204512643e-11,4.554474238285686e-11,4.554025169940089e-11,4.553576315240091e-11,4.553127674016181e-11,4.552679246070496e-11,4.5522310312432583e-11,4.551783029336887e-11,4.551335240192809e-11,4.550887663618777e-11,4.550440299440287e-11,4.5499931474786236e-11,4.549546207555275e-11,4.549099479487543e-11,4.548652963090203e-11,4.5482066582010345e-11,4.5477605646474466e-11,4.547314682270634e-11,4.546869010843609e-11,4.546423550217857e-11,4.545978300206435e-11,4.545533260685068e-11,4.5450884313938335e-11,4.54464381219087e-11,4.5441994029029646e-11,4.543755203331438e-11,4.5433112133470204e-11,4.542867432788695e-11,4.542423861392274e-11,4.5419804990572035e-11,4.541537345589287e-11,4.541094400821681e-11,4.540651664599008e-11,4.540209136701874e-11,4.53976681695655e-11,4.539324705218201e-11,4.5388828013051676e-11,4.538441105045722e-11,4.5379996162636045e-11,4.5375583347799836e-11,4.5371172604447265e-11,4.536676393046515e-11,4.536235732451155e-11,4.535795278483751e-11,4.5353550309670214e-11,4.5349149897138983e-11,4.534475154577756e-11,4.5340355253770695e-11,4.533596101945968e-11,4.5331568841046105e-11,4.532717871686011e-11,4.53227906452459e-11,4.531840462450317e-11,4.531402065281526e-11,4.53096387286203e-11,4.5305258850229476e-11,4.530088101595554e-11,4.529650522402101e-11,4.529213147278312e-11,4.5287759760838483e-11,4.528339008581603e-11,4.5279022446842555e-11,4.527465684154629e-11,4.527029326847887e-11,4.526593172599668e-11,4.5261572212569226e-11,4.525721472645676e-11,4.5252859265758896e-11,4.5248505829162875e-11,4.524415441489411e-11,4.52398050212467e-11,4.523545764653165e-11,4.5231112289133193e-11,4.5226768947672933e-11,4.522242762004989e-11,4.521808830442161e-11,4.5213750999704605e-11,4.520941570381299e-11,4.5205082415502356e-11,4.5200751132729695e-11,4.5196421854279946e-11,4.519209457839333e-11,4.518776930327939e-11,4.5183446027416854e-11,4.517912474891765e-11,4.5174805466573757e-11,4.517048817857354e-11,4.51661728832014e-11,4.5161859579006644e-11,4.515754826400913e-11,4.515323893680963e-11,4.514893159583745e-11,4.514462623941418e-11,4.514032286585042e-11,4.513602147362874e-11,4.513172206114181e-11,4.512742462674846e-11,4.5123129168951387e-11,4.511883568575098e-11,4.5114544175674265e-11,4.511025463772422e-11,4.510596706967384e-11,4.510168147011951e-11,4.50973978374188e-11,4.509311616998957e-11,4.508883646625153e-11,4.508455872462272e-11,4.508028294348621e-11,4.507600912103695e-11,4.5071737256108204e-11,4.506746734687733e-11,4.506319939242839e-11,4.50589333899057e-11,4.5054669338156975e-11,4.505040723607814e-11,4.504614708186458e-11,4.504188887392174e-11,4.5037632610627956e-11,4.5033378290439285e-11,4.502912591185073e-11,4.5024875473247696e-11,4.5020626973021805e-11,4.501638040965199e-11,4.5012135781568826e-11,4.500789308753876e-11,4.500365232535627e-11,4.49994134937498e-11,4.499517659099338e-11,4.4990941615985736e-11,4.49867085670192e-11,4.4982477442468704e-11,4.497824824065418e-11,4.497402096020678e-11,4.496979559950031e-11,4.496557215710087e-11,4.496135063149003e-11,4.49571310205613e-11,4.4952913323590476e-11,4.4948697538730966e-11,4.4944483664390794e-11,4.4940271699078696e-11,4.493606164179854e-11,4.493185349002786e-11,4.4927647243211804e-11,4.4923442898791016e-11,4.4919240456037285e-11,4.491503991321951e-11,4.491084126844861e-11,4.4906644520499734e-11,4.4902449667904737e-11,4.489825670909052e-11,4.4894065642647126e-11,4.48898764664345e-11,4.488568917975153e-11,4.488150378115205e-11,4.487732026876855e-11,4.4873138641499184e-11,4.486895889650292e-11,4.4864781033952114e-11,4.486060505167433e-11,4.4856430947721696e-11,4.485225872157829e-11,4.4848088371129594e-11,4.48439198950232e-11,4.4839753291046875e-11,4.483558855894224e-11,4.4831425696817236e-11,4.482726470301966e-11,4.4823105576052975e-11,4.4818948314717124e-11,4.48147929171259e-11,4.4810639381748614e-11,4.480648770754469e-11,4.480233789284762e-11,4.479818993605287e-11,4.479404383586976e-11,4.478989959076267e-11,4.47857571991435e-11,4.478161665988105e-11,4.4777477971077337e-11,4.477334113182373e-11,4.476920614011973e-11,4.476507299463061e-11,4.4760941694134055e-11,4.475681223699853e-11,4.4752684621707435e-11,4.4748558846921726e-11,4.474443491112709e-11,4.474031281296952e-11,4.4736192550954715e-11,4.473207412351101e-11,4.4727957529422863e-11,4.472384276716266e-11,4.4719729835247853e-11,4.4715618731899564e-11,4.4711509456410886e-11,4.4707402006940025e-11,4.470329638208095e-11,4.4699192580059187e-11,4.469509059978028e-11,4.469099044021533e-11,4.468689209955809e-11,4.4682795576363035e-11,4.467870086920374e-11,4.467460797667355e-11,4.467051689745757e-11,4.466642762996518e-11,4.466234017268693e-11,4.4658254524400046e-11,4.4654170683765064e-11,4.4650088649492525e-11,4.464600841957713e-11,4.464192999293856e-11,4.4637853368285936e-11,4.4633778544342444e-11,4.4629705519372376e-11,4.462563429194759e-11,4.46215648608335e-11,4.461749722445234e-11,4.461343138162255e-11,4.46093673308021e-11,4.4605305070835365e-11,4.460124460000905e-11,4.4597185917519705e-11,4.45931290214908e-11,4.458907391020087e-11,4.458502058269949e-11,4.4580969037773946e-11,4.45769192734043e-11,4.457287128893721e-11,4.456882508252154e-11,4.456478065292768e-11,4.456073799871405e-11,4.455669711861367e-11,4.455265801129704e-11,4.454862067551352e-11,4.454458510935091e-11,4.4540551311755704e-11,4.453651928135657e-11,4.4532489016808836e-11,4.45284605167435e-11,4.4524433779740924e-11,4.4520408804486145e-11,4.451638558976813e-11,4.451236413388598e-11,4.450834443581095e-11,4.4504326493974e-11,4.450031030695955e-11,4.4496295873594617e-11,4.4492283192455854e-11,4.4488272262223386e-11,4.4484263081519066e-11,4.44802556487646e-11,4.447624996307888e-11,4.4472246022909756e-11,4.446824382689568e-11,4.4464243373576266e-11,4.44602446618499e-11,4.4456247690336556e-11,4.445225245766184e-11,4.444825896230841e-11,4.444426720308191e-11,4.444027717854689e-11,4.443628888757268e-11,4.443230232872921e-11,4.4428317500687914e-11,4.442433440211405e-11,4.4420353031757206e-11,4.441637338810724e-11,4.441239547007442e-11,4.440841927616547e-11,4.440444480517131e-11,4.440047205572519e-11,4.439650102650166e-11,4.4392531716066606e-11,4.438856412328819e-11,4.4384598246853925e-11,4.438063408533995e-11,4.43766716374241e-11,4.4372710901980453e-11,4.4368751877526463e-11,4.4364794562822365e-11,4.436083895655771e-11,4.435688505748819e-11,4.435293286414429e-11,4.4348982375388586e-11,4.4345033589930733e-11,4.434108650635451e-11,4.43371411234239e-11,4.4333197439839986e-11,4.432925545432159e-11,4.4325315165510595e-11,4.432137657224057e-11,4.431743967316146e-11,4.4313504466980744e-11,4.430957095241895e-11,4.4305639128198374e-11,4.43017089930897e-11,4.4297780545751275e-11,4.4293853784901496e-11,4.428992870920942e-11,4.4286005317452814e-11,4.428208360835026e-11,4.427816358063962e-11,4.427424523304541e-11,4.427032856428567e-11,4.426641357317072e-11,4.4262500258348286e-11,4.425858861850933e-11,4.425467865244162e-11,4.42507703589495e-11,4.4246863736630974e-11,4.4242958784294466e-11,4.4239055500744154e-11,4.423515388459142e-11,4.4231253934643244e-11,4.422735564964572e-11,4.4223459028401754e-11,4.4219564069597055e-11,4.421567077192271e-11,4.421177913425345e-11,4.420788915516472e-11,4.4204000833517826e-11,4.420011416810294e-11,4.4196229157638886e-11,4.419234580087941e-11,4.418846409663881e-11,4.418458404356033e-11,4.41807056404207e-11,4.417682888606646e-11,4.417295377921677e-11,4.416908031860519e-11,4.416520850301813e-11,4.4161338331337375e-11,4.4157469802148885e-11,4.4153602914286016e-11,4.414973766656226e-11,4.414587405768526e-11,4.4142012086501534e-11,4.4138151751752605e-11,4.4134293052163364e-11,4.4130435986581405e-11,4.412658055378065e-11,4.4122726752486955e-11,4.41188745815126e-11,4.411502403965049e-11,4.411117512566262e-11,4.410732783839961e-11,4.410348217659834e-11,4.409963813900698e-11,4.409579572448919e-11,4.4091954931800145e-11,4.408811575974546e-11,4.408427820719234e-11,4.4080442272797104e-11,4.407660795537427e-11,4.407277525374772e-11,4.4068944166718234e-11,4.4065114693009183e-11,4.40612868315844e-11,4.405746058114871e-11,4.4053635940540847e-11,4.4049812908552024e-11,4.404599148388208e-11,4.4042171665538816e-11,4.403835345223172e-11,4.403453684275774e-11,4.403072183594964e-11,4.402690843060206e-11,4.4023096625544615e-11,4.401928641958442e-11,4.401547781149404e-11,4.4011670800121e-11,4.400786538429784e-11,4.4004061562903814e-11,4.400025933474037e-11,4.399645869843552e-11,4.399265965297107e-11,4.39888621972005e-11,4.398506632993596e-11,4.398127205018975e-11,4.397747935649024e-11,4.3973688247383575e-11,4.3969898722468255e-11,4.396611078012199e-11,4.396232441927591e-11,4.395853963870588e-11,4.395475643725748e-11,4.395097481388419e-11,4.394719476731634e-11,4.3943416296206456e-11,4.393963939979271e-11,4.39358640767168e-11,4.393209032579227e-11,4.392831814575074e-11,4.3924547535739715e-11,4.392077849450631e-11,4.3917011020819815e-11,4.3913245113625994e-11,4.390948077167497e-11,4.390571799379473e-11,4.390195677896908e-11,4.389819712593234e-11,4.3894439033653216e-11,4.389068250085352e-11,4.388692752649648e-11,4.38831741093795e-11,4.3879422248392125e-11,4.3875671942357225e-11,4.38719231901336e-11,4.3868175990637614e-11,4.3864430342789703e-11,4.3860686245063455e-11,4.385694369699366e-11,4.385320269711289e-11,4.384946324426151e-11,4.3845725337721523e-11,4.384198897562541e-11,4.383825415721369e-11,4.3834520880997284e-11,4.383078914651221e-11,4.382705895235889e-11,4.3823330297539096e-11,4.381960318079683e-11,4.381587760086163e-11,4.381215355683805e-11,4.380843104741617e-11,4.3804710071596073e-11,4.380099062824649e-11,4.3797272716265504e-11,4.379355633459362e-11,4.3789841481772404e-11,4.378612815721246e-11,4.378241635957787e-11,4.3778706087899326e-11,4.3774997340798636e-11,4.377129011730374e-11,4.376758441630372e-11,4.37638802364557e-11,4.376017757713931e-11,4.3756476437036573e-11,4.375277681503306e-11,4.3749078709980366e-11,4.37453821208968e-11,4.374168704681306e-11,4.373799348620595e-11,4.373430143823448e-11,4.373061090179815e-11,4.372692187580699e-11,4.372323435915796e-11,4.371954835053329e-11,4.371586384930863e-11,4.371218085415715e-11,4.370849936402553e-11,4.3704819377778845e-11,4.3701140894381516e-11,4.3697463912726524e-11,4.3693788431731756e-11,4.3690114450337606e-11,4.3686441967481405e-11,4.368277098200038e-11,4.3679101492893775e-11,4.367543349904106e-11,4.367176699939046e-11,4.36681019928614e-11,4.366443847839693e-11,4.366077645491736e-11,4.365711592134765e-11,4.365345687644229e-11,4.364979931950216e-11,4.3646143249278176e-11,4.364248866470923e-11,4.363883556471564e-11,4.363518394826862e-11,4.3631533814260014e-11,4.362788516164863e-11,4.362423798937921e-11,4.362059229637538e-11,4.3616948081598475e-11,4.361330534398588e-11,4.3609664082479496e-11,4.360602429601981e-11,4.360238598337036e-11,4.3598749143689814e-11,4.359511377613941e-11,4.359147987950262e-11,4.358784745228946e-11,4.358421649406217e-11,4.358058700351019e-11,4.357695897976404e-11,4.357333242166359e-11,4.356970732820342e-11,4.3566083698039384e-11,4.3562461531076444e-11,4.355884082485601e-11,4.355522157947901e-11,4.3551603793009796e-11,4.3547987464877813e-11,4.354437259381309e-11,4.3540759179385016e-11,4.353714722000087e-11,4.353353671477087e-11,4.352992766276399e-11,4.352632006271125e-11,4.352271391384594e-11,4.35191092151111e-11,4.351550596542076e-11,4.351190416374658e-11,4.350830380907066e-11,4.350470490033972e-11,4.3501107436561316e-11,4.3497511417017254e-11,4.3493916840080535e-11,4.3490323704995466e-11,4.3486732010820715e-11,4.3483141756398747e-11,4.347955294082674e-11,4.34759655630744e-11,4.347237962202814e-11,4.346879511684042e-11,4.346521204641519e-11,4.346163040970069e-11,4.3458050205704486e-11,4.345447143343624e-11,4.345089409194103e-11,4.3447318180162405e-11,4.3443743697082004e-11,4.344017064159438e-11,4.3436599012905486e-11,4.343302880984944e-11,4.342946003149049e-11,4.3425892676818034e-11,4.34223267448919e-11,4.341876223410758e-11,4.341519914453204e-11,4.341163747459793e-11,4.340807722335204e-11,4.340451838975835e-11,4.340096097241057e-11,4.339740497130864e-11,4.33938503849347e-11,4.3390297212150716e-11,4.338674545217794e-11,4.3383195104006006e-11,4.337964616662738e-11,4.3376098638903816e-11,4.3372552520233915e-11,4.336900780939854e-11,4.336546450517392e-11,4.336192260674796e-11,4.3358382113648156e-11,4.3354843023713176e-11,4.335130533656888e-11,4.334776905152877e-11,4.334423416717493e-11,4.334070068297669e-11,4.333716859766064e-11,4.333363791045904e-11,4.333010861993999e-11,4.332658072576904e-11,4.3323054226758425e-11,4.3319529121659383e-11,4.3316005410092715e-11,4.331248309048062e-11,4.3308962162239204e-11,4.33054426239349e-11,4.33019244748546e-11,4.329840771403896e-11,4.3294892340543085e-11,4.3291378353419606e-11,4.328786575168389e-11,4.328435453449121e-11,4.3280844700682267e-11,4.32773362496732e-11,4.327382917989531e-11,4.3270323491426666e-11,4.326681918174598e-11,4.326331625096865e-11,4.32598146978111e-11,4.3256314521508004e-11,4.3252815720954746e-11,4.3249318295177715e-11,4.3245822243352314e-11,4.3242327564499253e-11,4.3238834257677246e-11,4.323534232171406e-11,4.3231851756029604e-11,4.322836255944131e-11,4.3224874730979627e-11,4.322138826981785e-11,4.3217903175087606e-11,4.321441944573954e-11,4.321093708087579e-11,4.3207456079473093e-11,4.320397644069964e-11,4.320049816348654e-11,4.319702124671419e-11,4.319354568997108e-11,4.3190071492133933e-11,4.3186598652160474e-11,4.3183127169056474e-11,4.317965704192893e-11,4.3176188269904e-11,4.317272085203684e-11,4.3169254787331665e-11,4.316579007490885e-11,4.316232671385012e-11,4.3158864703213406e-11,4.315540404201956e-11,4.315194472944666e-11,4.314848676427343e-11,4.314503014609651e-11,4.314157487369289e-11,4.313812094614462e-11,4.313466836258893e-11,4.31312171220211e-11,4.3127767223583334e-11,4.31243186663037e-11,4.3120871449302105e-11,4.311742557173621e-11,4.3113981032539125e-11,4.311053783085686e-11,4.3107095965821896e-11,4.3103655436476786e-11,4.310021624187802e-11,4.309677838124576e-11,4.309334185303644e-11,4.3089906657665657e-11,4.308647279308832e-11,4.308304025874225e-11,4.307960905379097e-11,4.307617917718635e-11,4.307275062809261e-11,4.306932340562495e-11,4.306589750883588e-11,4.306247293685143e-11,4.3059049688762185e-11,4.305562776389796e-11,4.305220716071523e-11,4.3048787878947314e-11,4.3045369917048065e-11,4.3041953274979345e-11,4.303853795159679e-11,4.3035123945682995e-11,4.3031711256129095e-11,4.302829988249887e-11,4.3024889824051765e-11,4.3021481079641814e-11,4.3018073648300714e-11,4.301466752922365e-11,4.3011262721511146e-11,4.300785922425671e-11,4.3004457036583e-11,4.300105615759673e-11,4.299765658643773e-11,4.2994258322186875e-11,4.2990861364008956e-11,4.298746571097079e-11,4.2984071362225965e-11,4.29806783166781e-11,4.2977286573637334e-11,4.2973896132355413e-11,4.297050699188604e-11,4.296711915129211e-11,4.296373260969687e-11,4.2960347366038355e-11,4.295696341981055e-11,4.2953580769950716e-11,4.295019941558083e-11,4.294681935583584e-11,4.294344058983645e-11,4.294006311671369e-11,4.293668693560158e-11,4.2933312045625925e-11,4.2929938445829636e-11,4.29265661355212e-11,4.292319511369279e-11,4.2919825379505154e-11,4.291645693214725e-11,4.2913089770850385e-11,4.290972389450899e-11,4.290635930241983e-11,4.290299599363594e-11,4.289963396735779e-11,4.28962732226472e-11,4.289291375871515e-11,4.2889555574729046e-11,4.288619866974791e-11,4.2882843042989906e-11,4.287948869352677e-11,4.2876135620560896e-11,4.287278382319763e-11,4.286943330060964e-11,4.286608405195619e-11,4.286273607633689e-11,4.285938937293508e-11,4.2856043940911075e-11,4.2852699779381696e-11,4.284935688749893e-11,4.2846015264441454e-11,4.284267490933506e-11,4.283933582134276e-11,4.283599799963967e-11,4.283266144334976e-11,4.282932615162716e-11,4.2825992123662224e-11,4.282265935858906e-11,4.281932785557166e-11,4.2815997613779715e-11,4.2812668632347397e-11,4.280934091046032e-11,4.2806014447240846e-11,4.2802689241885193e-11,4.2799365293581746e-11,4.2796042601438364e-11,4.2792721164666136e-11,4.278940098219254e-11,4.278608205363282e-11,4.278276437786699e-11,4.2779447953883354e-11,4.2776132781254824e-11,4.2772818859059665e-11,4.2769506186401814e-11,4.276619476225656e-11,4.276288458625485e-11,4.275957565712607e-11,4.2756267974265565e-11,4.275296153741553e-11,4.2749656344668134e-11,4.27463523954988e-11,4.274304968935875e-11,4.273974822519477e-11,4.2736448002328175e-11,4.2733149020028265e-11,4.272985127732243e-11,4.272655477339119e-11,4.2723259507391796e-11,4.2719965478613076e-11,4.2716672686137924e-11,4.271338112924562e-11,4.271009080694963e-11,4.270680171864272e-11,4.2703513863301726e-11,4.270022724036385e-11,4.2696941848957587e-11,4.269365768808759e-11,4.269037475706265e-11,4.2687093054897585e-11,4.2683812581093526e-11,4.2680533334745995e-11,4.2677255315007716e-11,4.267397852110025e-11,4.2670702952188494e-11,4.266742860743177e-11,4.266415548608729e-11,4.266088358732195e-11,4.265761291033421e-11,4.265434345427458e-11,4.265107521828803e-11,4.264780820173214e-11,4.264454240380713e-11,4.264127782364149e-11,4.263801446040626e-11,4.263475231328941e-11,4.263149138160665e-11,4.262823166452595e-11,4.262497316130635e-11,4.2621715871035814e-11,4.261845979295407e-11,4.2615204926272495e-11,4.2611951270123097e-11,4.26086988238681e-11,4.260544758668122e-11,4.2602197557692195e-11,4.259894873615473e-11,4.259570112127472e-11,4.259245471225466e-11,4.258920950831765e-11,4.258596550870824e-11,4.2582722712574956e-11,4.2579481119164835e-11,4.257624072768183e-11,4.2573001537402004e-11,4.2569763547426915e-11,4.256652675704484e-11,4.256329116550441e-11,4.256005677196356e-11,4.25568235756265e-11,4.255359157583234e-11,4.255036077171233e-11,4.254713116238251e-11,4.2543902747225405e-11,4.2540675525589325e-11,4.2537449496372096e-11,4.253422465911543e-11,4.2531001012824e-11,4.2527778556759383e-11,4.25245572901902e-11,4.25213372124369e-11,4.251811832257804e-11,4.251490061989905e-11,4.2511684103568654e-11,4.2508468772894065e-11,4.250525462703861e-11,4.25020416653241e-11,4.249882988687634e-11,4.249561929104786e-11,4.2492409877042635e-11,4.248920164406693e-11,4.248599459136586e-11,4.248278871830457e-11,4.247958402376657e-11,4.247638050691428e-11,4.247317816766281e-11,4.246997700484431e-11,4.246677701767464e-11,4.2463578205623774e-11,4.24603805676113e-11,4.245718410301118e-11,4.2453988811079265e-11,4.245079469105176e-11,4.244760174217864e-11,4.2444409963703564e-11,4.244121935508156e-11,4.243802991513947e-11,4.2434841643334e-11,4.24316545389145e-11,4.2428468601128866e-11,4.242528382922561e-11,4.242210022245682e-11,4.2418917780069836e-11,4.2415736501318854e-11,4.2412556385446695e-11,4.2409377431719366e-11,4.240619963938487e-11,4.2403023007710406e-11,4.239984753594332e-11,4.239667322331382e-11,4.2393500069097414e-11,4.239032807256409e-11,4.238715723267703e-11,4.2383987548711895e-11,4.238081902070303e-11,4.2377651647425096e-11,4.2374485428275e-11,4.2371320362218885e-11,4.236815644852942e-11,4.236499368672984e-11,4.236183207583242e-11,4.235867161526943e-11,4.235551230424333e-11,4.2352354142139953e-11,4.234919712799093e-11,4.234604126118108e-11,4.2342886540970904e-11,4.233973296661476e-11,4.2336580537416584e-11,4.2333429252609216e-11,4.233027911150485e-11,4.2327130113342105e-11,4.232398225740767e-11,4.2320835542736697e-11,4.2317689969053254e-11,4.231454553539924e-11,4.231140224106716e-11,4.2308260085333494e-11,4.230511906743604e-11,4.2301979186725875e-11,4.229884044209286e-11,4.22957028334658e-11,4.22925663597845e-11,4.228943102043101e-11,4.2286296814535804e-11,4.228316374139453e-11,4.228003180035844e-11,4.2276900990712406e-11,4.227377131173227e-11,4.227064276266364e-11,4.2267515342819673e-11,4.2264389051402953e-11,4.2261263887834526e-11,4.2258139851343104e-11,4.2255016941208704e-11,4.225189515670378e-11,4.224877449714438e-11,4.22456549617824e-11,4.2242536549941167e-11,4.223941926087547e-11,4.223630309383188e-11,4.223318804820706e-11,4.2230074123273974e-11,4.222696131829281e-11,4.222384963254462e-11,4.222073906534023e-11,4.221762961591317e-11,4.221452128367601e-11,4.22114140678462e-11,4.2208307967740416e-11,4.220520298264169e-11,4.220209911185852e-11,4.219899635469318e-11,4.219589471041681e-11,4.219279417835563e-11,4.2189694757780634e-11,4.218659644802763e-11,4.2183499248358065e-11,4.218040315811136e-11,4.2177308176570355e-11,4.2174214303034604e-11,4.217112153673902e-11,4.2168029877130884e-11,4.216493932343708e-11,4.216184987497647e-11,4.2158761531045444e-11,4.215567429094991e-11,4.2152588153996246e-11,4.214950311949461e-11,4.214641918675105e-11,4.214333635506979e-11,4.214025462377196e-11,4.213717399215845e-11,4.213409445954409e-11,4.2131016025224614e-11,4.212793868855657e-11,4.212486244880381e-11,4.2121787305295946e-11,4.211871325734863e-11,4.2115640304272445e-11,4.211256844538796e-11,4.2109497679994683e-11,4.210642800738121e-11,4.2103359426951544e-11,4.2100291937976843e-11,4.209722553978221e-11,4.209416023167862e-11,4.2091096012978735e-11,4.208803288301775e-11,4.208497084103316e-11,4.208190988649645e-11,4.20788500186396e-11,4.2075791236811584e-11,4.2072733540323014e-11,4.206967692839986e-11,4.2066621400558855e-11,4.2063566956021985e-11,4.2060513594054026e-11,4.205746131415479e-11,4.205441011551599e-11,4.205135999749513e-11,4.204831095943484e-11,4.2045263000628275e-11,4.204221612042387e-11,4.203917031815104e-11,4.203612559313573e-11,4.203308194471509e-11,4.203003937221936e-11,4.2026997874981436e-11,4.2023957452329925e-11,4.202091810359934e-11,4.2017879828123435e-11,4.201484262523591e-11,4.2011806494177286e-11,4.2008771434472184e-11,4.200573744536076e-11,4.200270452618876e-11,4.199967267628168e-11,4.1996641894982136e-11,4.1993612181634955e-11,4.199058353556396e-11,4.198755595612983e-11,4.198452944268075e-11,4.198150399451541e-11,4.1978479611004334e-11,4.197545629150054e-11,4.1972434035310765e-11,4.19694128417979e-11,4.1966392710196714e-11,4.196337364006835e-11,4.19603556306467e-11,4.19573386812819e-11,4.1954322791318974e-11,4.195130796010613e-11,4.194829418720051e-11,4.1945281471523145e-11,4.194226981263521e-11,4.193925920982474e-11,4.1936249662567004e-11,4.1933241170151777e-11,4.193023373192888e-11,4.192722734724917e-11,4.192422201546488e-11,4.192121773579683e-11,4.191821450786579e-11,4.191521233088344e-11,4.1912211204207826e-11,4.190921112719142e-11,4.190621209919813e-11,4.190321411968539e-11,4.1900217187812426e-11,4.1897221302990575e-11,4.1894226464634685e-11,4.1891232672078746e-11,4.188823992471055e-11,4.1885248221794245e-11,4.188225756280728e-11,4.187926794701501e-11,4.1876279373829795e-11,4.187329184266447e-11,4.1870305352935835e-11,4.1867319903785916e-11,4.1864335494705046e-11,4.1861352125029464e-11,4.1858369794222745e-11,4.1855388501472816e-11,4.1852408246232485e-11,4.1849429027864344e-11,4.184645084571515e-11,4.184347369921262e-11,4.184049758771311e-11,4.183752251028011e-11,4.183454846681687e-11,4.1831575456006594e-11,4.182860347809414e-11,4.182563253200338e-11,4.1822662617116464e-11,4.181969373284688e-11,4.181672587852636e-11,4.1813759053449446e-11,4.181079325708288e-11,4.1807828488773174e-11,4.180486474805957e-11,4.1801902034025615e-11,4.179894034614342e-11,4.179597968384994e-11,4.1793020046469867e-11,4.1790061433413756e-11,4.17871038440576e-11,4.178414727778426e-11,4.1781191733963845e-11,4.177823721232945e-11,4.177528371154195e-11,4.177233123135164e-11,4.1769379771186836e-11,4.1766429330376785e-11,4.1763479908213576e-11,4.1760531504209845e-11,4.175758411769267e-11,4.175463774811935e-11,4.17516923948211e-11,4.1748748057126404e-11,4.17458047344906e-11,4.174286242628226e-11,4.173992113236569e-11,4.173698085110767e-11,4.1734041582532796e-11,4.173110332588268e-11,4.1728166080344986e-11,4.172522984596843e-11,4.172229462156143e-11,4.171936040669248e-11,4.1716427200679934e-11,4.1713495003041665e-11,4.1710563813106463e-11,4.1707633630265306e-11,4.1704704453622924e-11,4.170177628317759e-11,4.169884911788602e-11,4.169592295738268e-11,4.169299780091632e-11,4.1690073647948704e-11,4.168715049783445e-11,4.168422834997626e-11,4.168130720376955e-11,4.16783870583859e-11,4.167546791345213e-11,4.167254976858e-11,4.166963262263859e-11,4.1666716475215534e-11,4.1663801326254643e-11,4.1660887174762626e-11,4.165797402017754e-11,4.1655061861780576e-11,4.16521506990496e-11,4.164924053136847e-11,4.1646331358127886e-11,4.1643423178748705e-11,4.164051599264572e-11,4.163760979881594e-11,4.163470459744955e-11,4.163180038753738e-11,4.1628897168381744e-11,4.1625994939420915e-11,4.162309370041549e-11,4.162019345022411e-11,4.161729418884773e-11,4.161439591514626e-11,4.161149862903101e-11,4.1608602329626647e-11,4.1605707016155434e-11,4.160281268849268e-11,4.159991934580767e-11,4.159702698751705e-11,4.1594135612996595e-11,4.1591245221590426e-11,4.1588355812945476e-11,4.158546738633926e-11,4.1582579941173464e-11,4.1579693476851397e-11,4.157680799260291e-11,4.157392348830421e-11,4.157103996314075e-11,4.156815741647698e-11,4.1565275847756024e-11,4.156239525643734e-11,4.155951564166792e-11,4.155663700335163e-11,4.1553759340665314e-11,4.1550882653024475e-11,4.154800693984949e-11,4.15451322005389e-11,4.154225843455932e-11,4.1539385641329576e-11,4.153651382027484e-11,4.1533642970773745e-11,4.1530773091976705e-11,4.152790418387531e-11,4.152503624563372e-11,4.152216927628468e-11,4.151930327560983e-11,4.1516438243445757e-11,4.15135741786192e-11,4.1510711081332105e-11,4.1507848950105344e-11,4.15049877846768e-11,4.1502127584123825e-11,4.149926834833641e-11,4.149641007703368e-11,4.149355276930885e-11,4.14906964243227e-11,4.148784104198728e-11,4.1484986621500826e-11,4.148213316185428e-11,4.1479280663353136e-11,4.147642912496969e-11,4.147357854617035e-11,4.147072892623686e-11,4.146788026486875e-11,4.146503256136314e-11,4.146218581512661e-11,4.145934002569144e-11,4.145649519242578e-11,4.145365131477166e-11,4.1450808392219447e-11,4.1447966424149414e-11,4.144512541001057e-11,4.1442285349116646e-11,4.143944624116075e-11,4.143660808545077e-11,4.1433770881433177e-11,4.143093462849771e-11,4.142809932575079e-11,4.142526497332018e-11,4.1422431570448816e-11,4.1419599116474396e-11,4.14167676108035e-11,4.141393705288708e-11,4.1411107442263406e-11,4.1408278778293667e-11,4.1405451060471795e-11,4.1402624288167614e-11,4.139979846085067e-11,4.1396973578007625e-11,4.139414963902726e-11,4.139132664359944e-11,4.1388504590785384e-11,4.138568348023633e-11,4.138286331131179e-11,4.1380044083570726e-11,4.1377225796368216e-11,4.1374408449232866e-11,4.1371592041622303e-11,4.1368776572931374e-11,4.136596204262931e-11,4.1363148450138514e-11,4.136033579490484e-11,4.1357524076468685e-11,4.135471329371826e-11,4.135190344709779e-11,4.1349094535552154e-11,4.134628655861529e-11,4.134347951568179e-11,4.1340673406184265e-11,4.133786822964824e-11,4.1335063985445806e-11,4.133226067312962e-11,4.132945829193747e-11,4.132665684161279e-11,4.132385632151077e-11,4.132105673109584e-11,4.131825806990967e-11,4.131546033720516e-11,4.1312663532390034e-11,4.130986765517202e-11,4.130707270496548e-11,4.1304278681184776e-11,4.1301485583294254e-11,4.129869341063453e-11,4.129590216309247e-11,4.129311183965942e-11,4.129032244033176e-11,4.1287533963928675e-11,4.128474641012794e-11,4.128195977873497e-11,4.127917406870335e-11,4.1276389279724587e-11,4.127360541121264e-11,4.1270822462693485e-11,4.126804043364653e-11,4.126525932360947e-11,4.126247913186755e-11,4.125969985806239e-11,4.125692150163509e-11,4.125414406198179e-11,4.125136753888673e-11,4.1248591931286386e-11,4.1245817238929804e-11,4.1243043461228184e-11,4.124027059762144e-11,4.123749864767656e-11,4.123472761081548e-11,4.123195748655581e-11,4.1229188274206514e-11,4.1226419973482106e-11,4.122365258377739e-11,4.1220886104384935e-11,4.121812053506633e-11,4.1215355875233235e-11,4.121259212429622e-11,4.120982928167564e-11,4.120706734687099e-11,4.1204306319471365e-11,4.1201546198960885e-11,4.1198786984511503e-11,4.1196028676033e-11,4.119327127280934e-11,4.1190514774304896e-11,4.11877591796873e-11,4.1185004489049153e-11,4.118225070162638e-11,4.1179497816752115e-11,4.117674583398492e-11,4.1173994752829487e-11,4.117124457273637e-11,4.116849529321489e-11,4.1165746913794234e-11,4.116299943389791e-11,4.116025285299678e-11,4.1157507170574464e-11,4.115476238618552e-11,4.1152018499274e-11,4.11492755093105e-11,4.1146533415700835e-11,4.114379221811139e-11,4.114105191595706e-11,4.113831250873859e-11,4.113557399588902e-11,4.113283637688299e-11,4.1130099651350096e-11,4.112736381863868e-11,4.1124628878159966e-11,4.112189482967267e-11,4.1119161672436494e-11,4.1116429406014375e-11,4.111369802991127e-11,4.1110967543677734e-11,4.1108237946733e-11,4.110550923879431e-11,4.110278141888128e-11,4.110005448668415e-11,4.109732844171229e-11,4.109460328369785e-11,4.109187901176997e-11,4.108915562574686e-11,4.108643312497007e-11,4.1083711509123934e-11,4.108099077734375e-11,4.107827092923934e-11,4.1075551964114565e-11,4.107283388204308e-11,4.1070116682175976e-11,4.1067400364143063e-11,4.106468492730466e-11,4.106197037108936e-11,4.1059256695171836e-11,4.105654389871391e-11,4.105383198174736e-11,4.105112094350853e-11,4.10484107834363e-11,4.1045701501145445e-11,4.1042993096093957e-11,4.104028556767284e-11,4.103757891563427e-11,4.103487313931306e-11,4.103216823825645e-11,4.102946421188698e-11,4.102676105983514e-11,4.102405878147533e-11,4.1021357376311324e-11,4.101865684403544e-11,4.101595718428268e-11,4.101325839605677e-11,4.1010560479132346e-11,4.100786343300046e-11,4.100516725718224e-11,4.10024719511708e-11,4.0999777514471116e-11,4.0997083946602626e-11,4.099439124683591e-11,4.0991699415145086e-11,4.098900845066908e-11,4.098631835322585e-11,4.098362912219139e-11,4.098094075702062e-11,4.0978253257213534e-11,4.097556662238249e-11,4.097288085195831e-11,4.097019594522747e-11,4.096751190219928e-11,4.0964828722099124e-11,4.096214640430572e-11,4.095946494850491e-11,4.095678435438847e-11,4.095410462133294e-11,4.095142574884125e-11,4.094874773637352e-11,4.094607058350159e-11,4.094339428971974e-11,4.094071885431043e-11,4.093804427722183e-11,4.093537055754713e-11,4.093269769530578e-11,4.0930025689515886e-11,4.092735454015495e-11,4.09246842464934e-11,4.092201480809067e-11,4.091934622440239e-11,4.091667849504062e-11,4.091401161945903e-11,4.091134559696233e-11,4.0908680427569166e-11,4.090601611052468e-11,4.090335264537736e-11,4.090069003164458e-11,4.089802826861656e-11,4.089536735628932e-11,4.0892707293907346e-11,4.089004808133801e-11,4.088738971732211e-11,4.08847322023079e-11,4.0882075535127115e-11,4.087941971557703e-11,4.0876764743135215e-11,4.087411061736359e-11,4.087145733778541e-11,4.086880490392509e-11,4.086615331505291e-11,4.0863502570978324e-11,4.0860852671740466e-11,4.085820361603729e-11,4.085555540369411e-11,4.0852908034249353e-11,4.0850261507416836e-11,4.084761582234458e-11,4.0844970978755635e-11,4.084232697618286e-11,4.0839683814152e-11,4.0837041492203047e-11,4.0834400009868106e-11,4.0831759366677866e-11,4.082911956216398e-11,4.0826480596075636e-11,4.0823842467517457e-11,4.0821205176235294e-11,4.0818568721538664e-11,4.081593310342013e-11,4.081329832120554e-11,4.0810664374635497e-11,4.0808031262766575e-11,4.080539898541556e-11,4.0802767542092845e-11,4.080013693210442e-11,4.0797507154950916e-11,4.0794878211177886e-11,4.0792250099359496e-11,4.078962281927832e-11,4.078699637043894e-11,4.0784370752401995e-11,4.0781745964704526e-11,4.077912200709465e-11,4.0776498878699226e-11,4.077387657939763e-11,4.07712551084683e-11,4.0768634465687594e-11,4.076601465039332e-11,4.0763395662225966e-11,4.0760777500733234e-11,4.075816016545073e-11,4.075554365622103e-11,4.075292797199924e-11,4.075031311263427e-11,4.0747699077662473e-11,4.074508586673089e-11,4.074247347917998e-11,4.073986191465815e-11,4.073725117195196e-11,4.0734641252126236e-11,4.073203215396752e-11,4.072942387702543e-11,4.0726816420847454e-11,4.072420978509468e-11,4.072160396918659e-11,4.071899897258942e-11,4.071639479494685e-11,4.071379143581127e-11,4.0711188894840835e-11,4.0708587171319224e-11,4.070598626500062e-11,4.070338617539665e-11,4.070078690205225e-11,4.069818844451654e-11,4.069559080246611e-11,4.069299397532231e-11,4.0690397962721194e-11,4.0687802763901317e-11,4.068520837870008e-11,4.0682614806787914e-11,4.0680022047393386e-11,4.0677430100226746e-11,4.067483896485521e-11,4.0672248640833706e-11,4.066965912771128e-11,4.066707042504213e-11,4.066448253238374e-11,4.06618954492943e-11,4.065930917533117e-11,4.065672371005465e-11,4.065413905300987e-11,4.0651555203718974e-11,4.064897216182935e-11,4.064638992685536e-11,4.064380849835196e-11,4.0641227875305734e-11,4.063864805843047e-11,4.063606904670742e-11,4.063349083923699e-11,4.0630913436506973e-11,4.062833683760012e-11,4.062576104213485e-11,4.0623186049587696e-11,4.062061185955561e-11,4.0618038471613546e-11,4.06154658853111e-11,4.0612894100208956e-11,4.061032311587813e-11,4.060775293189989e-11,4.060518354780359e-11,4.060261496236612e-11,4.060004717680765e-11,4.059748018985252e-11,4.059491400100506e-11,4.059234860931343e-11,4.0589784015469993e-11,4.05872202184822e-11,4.0584657217928064e-11,4.058209501337577e-11,4.0579533603969516e-11,4.057697299011346e-11,4.0574413170934524e-11,4.0571854145997507e-11,4.056929591490764e-11,4.056673847721138e-11,4.056418183249545e-11,4.056162598026369e-11,4.0559070919773316e-11,4.055651665137558e-11,4.0553963174236224e-11,4.055141048789962e-11,4.054885859198286e-11,4.0546307486032825e-11,4.054375716961306e-11,4.054120764230835e-11,4.053865890380784e-11,4.053611095346134e-11,4.0533563790920436e-11,4.053101741579326e-11,4.0528471827650306e-11,4.052592702605557e-11,4.052338301056363e-11,4.0520839780896244e-11,4.051829733639077e-11,4.0515755676754766e-11,4.0513214801373164e-11,4.0510674710170156e-11,4.050813540255052e-11,4.0505596877664235e-11,4.050305913596431e-11,4.050052217656191e-11,4.0497985999060345e-11,4.049545060302079e-11,4.0492915987987635e-11,4.049038215340141e-11,4.048784909925568e-11,4.0485316824896396e-11,4.0482785329898295e-11,4.0480254613881264e-11,4.047772467640459e-11,4.047519551701983e-11,4.047266713528345e-11,4.047013953088314e-11,4.046761270334383e-11,4.046508665219162e-11,4.046256137708368e-11,4.0460036877673504e-11,4.0457513153389536e-11,4.045499020385108e-11,4.045246802867816e-11,4.044994662742314e-11,4.0447425999709233e-11,4.044490614509247e-11,4.0442387063189884e-11,4.043986875354509e-11,4.043735121578441e-11,4.043483444949807e-11,4.043231845423676e-11,4.042980322952732e-11,4.042728877513145e-11,4.04247750904755e-11,4.042226217524684e-11,4.0419750028987173e-11,4.04172386513016e-11,4.041472804176313e-11,4.0412218199987114e-11,4.040970912544664e-11,4.040720081791626e-11,4.040469327685873e-11,4.040218650193494e-11,4.03996804927117e-11,4.039717524880763e-11,4.0394670769833056e-11,4.039216705522822e-11,4.038966410471879e-11,4.038716191785496e-11,4.0384660494410365e-11,4.03821598336163e-11,4.0379659935261825e-11,4.0377160798836476e-11,4.03746624241255e-11,4.037216481064118e-11,4.0369667957936555e-11,4.036717186562799e-11,4.036467653344858e-11,4.0362181960755045e-11,4.035968814737096e-11,4.0357195092625235e-11,4.0354702796251724e-11,4.035221125787084e-11,4.034972047703148e-11,4.0347230453259464e-11,4.03447411867742e-11,4.034225267655448e-11,4.033976492202119e-11,4.033727792305099e-11,4.033479167927334e-11,4.033230619028117e-11,4.032982145553298e-11,4.0327337474989725e-11,4.0324854247813095e-11,4.0322371773788186e-11,4.031989005252952e-11,4.031740908369595e-11,4.031492886676408e-11,4.031244940105009e-11,4.030997068683496e-11,4.0307492723178083e-11,4.030501551012676e-11,4.030253904705275e-11,4.0300063333566757e-11,4.029758836924799e-11,4.0295114153702756e-11,4.029264068654711e-11,4.0290167967367154e-11,4.028769599602132e-11,4.028522477168158e-11,4.0282754294150036e-11,4.028028456327076e-11,4.027781557825362e-11,4.0275347339024567e-11,4.0272879844753756e-11,4.0270413095393576e-11,4.026794709060501e-11,4.026548182966747e-11,4.026301731238897e-11,4.026055353810151e-11,4.0258090506940496e-11,4.0255628218465594e-11,4.025316667190298e-11,4.0250705867032265e-11,4.0248245803605744e-11,4.024578648092154e-11,4.024332789885872e-11,4.024087005711164e-11,4.023841295492674e-11,4.0235956591962234e-11,4.023350096811002e-11,4.023104608286817e-11,4.022859193579301e-11,4.022613852651208e-11,4.0223685854638465e-11,4.0221233919824045e-11,4.021878272165331e-11,4.021633225982029e-11,4.021388253348308e-11,4.0211433543021004e-11,4.0208985287559244e-11,4.020653776675771e-11,4.020409098053336e-11,4.020164492806862e-11,4.019919960867509e-11,4.019675502289595e-11,4.0194311170081575e-11,4.0191868049512975e-11,4.018942566101311e-11,4.018698400432734e-11,4.018454307870716e-11,4.0182102883933367e-11,4.0179663419678294e-11,4.017722468523121e-11,4.0174786680836425e-11,4.017234940575274e-11,4.016991285968841e-11,4.016747704239888e-11,4.0165041952573635e-11,4.016260759107622e-11,4.01601739570272e-11,4.0157741050035336e-11,4.0155308869773886e-11,4.0152877415760936e-11,4.015044668767427e-11,4.014801668469931e-11,4.0145587407258714e-11,4.0143158854687835e-11,4.0140731026770484e-11,4.013830392267862e-11,4.013587754229344e-11,4.013345188510497e-11,4.013102695099236e-11,4.012860273923415e-11,4.0126179249591325e-11,4.012375648179519e-11,4.012133443536144e-11,4.0118913110130574e-11,4.01164925055195e-11,4.011407262102116e-11,4.0111653456432176e-11,4.0109235011366756e-11,4.0106817285544404e-11,4.010440027840916e-11,4.010198398944632e-11,4.0099568418743524e-11,4.0097153565851865e-11,4.0094739430337013e-11,4.009232601149577e-11,4.0089913309314266e-11,4.0087501322978725e-11,4.008509005267126e-11,4.0082679497803413e-11,4.0080269657956015e-11,4.0077860532794856e-11,4.007545212194974e-11,4.0073044424791227e-11,4.007063744173535e-11,4.0068231171938095e-11,4.0065825614902955e-11,4.006342077010729e-11,4.006101663740421e-11,4.005861321639205e-11,4.0056210506951744e-11,4.0053808508324395e-11,4.005140722066604e-11,4.0049006643151307e-11,4.004660677525042e-11,4.004420761693438e-11,4.0041809167744585e-11,4.003941142738456e-11,4.0037014395527674e-11,4.0034618071647955e-11,4.003222245546689e-11,4.0029827546625764e-11,4.002743334472655e-11,4.0025039849456414e-11,4.00226470603011e-11,4.002025497742133e-11,4.001786359977671e-11,4.001547292727842e-11,4.001308295956707e-11,4.001069369648538e-11,4.000830513725148e-11,4.0005917281716056e-11,4.00035301294339e-11,4.000114368020481e-11,3.999875793335759e-11,3.999637288914066e-11,3.999398854669294e-11,3.9991604905562035e-11,3.998922196577338e-11,3.998683972679152e-11,3.9984458188256454e-11,3.998207734980776e-11,3.9979697211084576e-11,3.997731777164907e-11,3.997493903130574e-11,3.9972560989326925e-11,3.997018364582335e-11,3.9967807000359474e-11,3.996543105252157e-11,3.9963055801654875e-11,3.996068124785002e-11,3.995830739036173e-11,3.995593422926028e-11,3.995356176389658e-11,3.995118999396189e-11,3.994881891896893e-11,3.994644853883968e-11,3.994407885287138e-11,3.994170986112439e-11,3.9939341562834653e-11,3.993697395805316e-11,3.99346070460659e-11,3.993224082658814e-11,3.992987529957897e-11,3.992751046445969e-11,3.992514632087262e-11,3.9922782868464744e-11,3.992042010674374e-11,3.991805803563968e-11,3.9915696654655526e-11,3.9913335963437985e-11,3.991097596144084e-11,3.99086166487113e-11,3.990625802470808e-11,3.9903900088927915e-11,3.990154284129135e-11,3.9899186281283576e-11,3.9896830408777315e-11,3.989447522325942e-11,3.9892120724152585e-11,3.98897669113615e-11,3.9887413784449086e-11,3.9885061342801226e-11,3.988270958653353e-11,3.98803585152733e-11,3.987800812853317e-11,3.987565842596326e-11,3.9873309407219217e-11,3.987096107191239e-11,3.986861341977153e-11,3.986626645038067e-11,3.986392016346014e-11,3.986157455862524e-11,3.9859229635207075e-11,3.985688539350778e-11,3.985454183286369e-11,3.985219895294226e-11,3.984985675335385e-11,3.9847515233809544e-11,3.9845174393884424e-11,3.984283423331126e-11,3.984049475172309e-11,3.983815594874181e-11,3.983581782409216e-11,3.983348037739488e-11,3.983114360833183e-11,3.9828807516504624e-11,3.982647210156755e-11,3.982413736305494e-11,3.982180330095489e-11,3.9819469914751854e-11,3.981713720409597e-11,3.981480516865426e-11,3.981247380796718e-11,3.981014312194871e-11,3.9807813109965423e-11,3.980548377198202e-11,3.980315510746885e-11,3.980082711626382e-11,3.979849979778697e-11,3.979617315179992e-11,3.97938471779661e-11,3.979152187594273e-11,3.978919724544934e-11,3.978687328628158e-11,3.978454999767143e-11,3.97822273794975e-11,3.97799054314436e-11,3.977758415318546e-11,3.9775263544380366e-11,3.977294360466466e-11,3.977062433356529e-11,3.9768305731065695e-11,3.976598779649419e-11,3.9763670529744597e-11,3.9761353930528105e-11,3.975903799840246e-11,3.975672273303456e-11,3.9754408134162753e-11,3.9752094201342397e-11,3.974978093424974e-11,3.974746833257774e-11,3.97451563959723e-11,3.9742845124133486e-11,3.97405345168118e-11,3.9738224573495084e-11,3.97359152939129e-11,3.9733606677755865e-11,3.973129872466425e-11,3.972899143433391e-11,3.9726684806380316e-11,3.97243788405595e-11,3.972207353648734e-11,3.971976889384961e-11,3.9717464912281706e-11,3.971516159147792e-11,3.971285893111657e-11,3.971055693070657e-11,3.9708255590222175e-11,3.9705954909175804e-11,3.970365488724208e-11,3.9701355524090213e-11,3.9699056819397535e-11,3.969675877282517e-11,3.969446138403125e-11,3.969216465271797e-11,3.968986857868322e-11,3.968757316134763e-11,3.9685278400473595e-11,3.968298429577936e-11,3.968069084686831e-11,3.967839805342761e-11,3.967610591531471e-11,3.967381443194726e-11,3.967152360310914e-11,3.9669233428591944e-11,3.966694390777774e-11,3.9664655040518584e-11,3.966236682642432e-11,3.966007926527235e-11,3.9657792356690924e-11,3.9655506100387084e-11,3.9653220495983445e-11,3.965093554321958e-11,3.964865124163823e-11,3.964636759110021e-11,3.9644084591129565e-11,3.9641802241410786e-11,3.963952054177717e-11,3.963723949167996e-11,3.963495909102295e-11,3.9632679339502445e-11,3.963040023643124e-11,3.962812178174527e-11,3.9625843975080404e-11,3.9623566816102006e-11,3.962129030454026e-11,3.961901444006735e-11,3.961673922226921e-11,3.96144646509707e-11,3.9612190725802866e-11,3.960991744656145e-11,3.960764481268342e-11,3.9605372823946954e-11,3.960310148003056e-11,3.9600830780771623e-11,3.9598560725444e-11,3.959629131407624e-11,3.959402254634227e-11,3.95917544219461e-11,3.9589486940334794e-11,3.95872201013958e-11,3.958495390464238e-11,3.958268834988813e-11,3.958042343675025e-11,3.957815916498888e-11,3.957589553422756e-11,3.9573632544244914e-11,3.957137019452366e-11,3.9569108484918156e-11,3.9566847415076266e-11,3.9564586984691894e-11,3.956232719343064e-11,3.95600680409564e-11,3.9557809527001084e-11,3.955555165130688e-11,3.9553294413346556e-11,3.955103781300813e-11,3.9548781849905897e-11,3.954652652377685e-11,3.954427183417011e-11,3.9542017780859255e-11,3.953976436349699e-11,3.953751158181426e-11,3.953525943548284e-11,3.953300792418301e-11,3.9530757047605584e-11,3.952850680547281e-11,3.9526257197435814e-11,3.95240082232274e-11,3.952175988244301e-11,3.9519512174622873e-11,3.951726509987079e-11,3.951501865773908e-11,3.9512772847854633e-11,3.951052766983113e-11,3.950828312342062e-11,3.950603920829739e-11,3.950379592433217e-11,3.950155327065065e-11,3.949931124775442e-11,3.9497069854788167e-11,3.949482909155906e-11,3.949258895781497e-11,3.94903494532088e-11,3.948811057742409e-11,3.948587232999281e-11,3.9483634710948223e-11,3.948139771982689e-11,3.947916135641773e-11,3.9476925620257994e-11,3.947469051105037e-11,3.947245602840008e-11,3.94702221722989e-11,3.9467988942146325e-11,3.946575633797046e-11,3.946352435913713e-11,3.94612930052029e-11,3.945906227641875e-11,3.9456832172116555e-11,3.945460269204468e-11,3.945237383596163e-11,3.945014560341292e-11,3.944791799412816e-11,3.94456910077451e-11,3.944346464397397e-11,3.944123890302876e-11,3.943901378417524e-11,3.943678928707696e-11,3.9434565411497964e-11,3.943234215719722e-11,3.943011952377181e-11,3.942789751067504e-11,3.9425676118089084e-11,3.942345534537055e-11,3.942123519244008e-11,3.941901565893023e-11,3.941679674452888e-11,3.9414578448955414e-11,3.94123607717156e-11,3.9410143712753114e-11,3.940792727168105e-11,3.9405711447986404e-11,3.940349624177713e-11,3.940128165256327e-11,3.9399067679835866e-11,3.9396854323676246e-11,3.939464158341981e-11,3.93924294592297e-11,3.939021795045293e-11,3.938800705674777e-11,3.9385796778087155e-11,3.93835871138037e-11,3.93813780638074e-11,3.937916962787095e-11,3.9376961805868796e-11,3.937475459695661e-11,3.9372548001323456e-11,3.937034201867379e-11,3.936813664836567e-11,3.936593189034654e-11,3.93637277442061e-11,3.936152420976095e-11,3.935932128674569e-11,3.9357118974669556e-11,3.935491727313556e-11,3.935271618226104e-11,3.935051570143228e-11,3.934831583045743e-11,3.934611656907216e-11,3.934391791708121e-11,3.9341719873896426e-11,3.933952243946891e-11,3.9337325613396317e-11,3.933512939535021e-11,3.9332933785161706e-11,3.933073878234932e-11,3.9328544386880154e-11,3.9326350598415757e-11,3.9324157416509054e-11,3.9321964840856056e-11,3.93197728713878e-11,3.931758150752165e-11,3.9315390749094706e-11,3.93132005956334e-11,3.9311011047356174e-11,3.930882210368763e-11,3.930663376409655e-11,3.930444602862819e-11,3.93022588969641e-11,3.930007236869955e-11,3.92978864433819e-11,3.92957011207723e-11,3.9293516400866984e-11,3.929133228319781e-11,3.92891487675733e-11,3.928696585375938e-11,3.928478354079047e-11,3.9282601829293556e-11,3.928042071851493e-11,3.927824020833781e-11,3.927606029837444e-11,3.927388098841226e-11,3.9271702278210435e-11,3.926952416728411e-11,3.926734665553891e-11,3.9265169742468045e-11,3.9262993428051334e-11,3.926081771163717e-11,3.925864259327069e-11,3.9256468072607845e-11,3.9254294149351095e-11,3.92521208231574e-11,3.9249948093666723e-11,3.92477759607139e-11,3.9245604423796476e-11,3.924343348313875e-11,3.924126313792029e-11,3.923909338830104e-11,3.923692423365385e-11,3.9234755673712115e-11,3.9232587708500354e-11,3.9230420337431865e-11,3.922825356028696e-11,3.922608737675495e-11,3.922392178639798e-11,3.922175678948522e-11,3.9219592385285205e-11,3.9217428573533927e-11,3.921526535422033e-11,3.9213102726684333e-11,3.921094069080502e-11,3.920877924647012e-11,3.9206618393126484e-11,3.9204458130812274e-11,3.920229845902511e-11,3.9200139377489075e-11,3.919798088567412e-11,3.9195822983806676e-11,3.9193665671467725e-11,3.919150894795142e-11,3.91893528134554e-11,3.918719726759039e-11,3.918504230999614e-11,3.918288794039459e-11,3.9180734158620747e-11,3.9178580964331574e-11,3.9176428357333514e-11,3.9174276337125484e-11,3.917212490356965e-11,3.9169974056438246e-11,3.916782379542129e-11,3.916567412006635e-11,3.916352503035244e-11,3.916137652579955e-11,3.915922860614344e-11,3.915708127124751e-11,3.91549345206942e-11,3.915278835416557e-11,3.9150642771673495e-11,3.914849777283149e-11,3.9146353357242165e-11,3.914420952472536e-11,3.914206627499131e-11,3.913992360757978e-11,3.913778152243566e-11,3.913564001928815e-11,3.9133499097781184e-11,3.913135875763254e-11,3.9129218998349497e-11,3.9127079820009705e-11,3.912494122225137e-11,3.912280320473532e-11,3.912066576734045e-11,3.911852890968526e-11,3.9116392631472266e-11,3.911425693243455e-11,3.9112121812222264e-11,3.91099872706902e-11,3.910785330749191e-11,3.910571992240328e-11,3.9103587115275634e-11,3.910145488552853e-11,3.909932323306164e-11,3.909719215754721e-11,3.909506165886008e-11,3.909293173656777e-11,3.909080239051495e-11,3.908867362031524e-11,3.908654542574617e-11,3.9084417806591066e-11,3.908229076254648e-11,3.9080164293318084e-11,3.907803839864259e-11,3.907591307813222e-11,3.9073788331750727e-11,3.9071664159105876e-11,3.906954055989687e-11,3.906741753405112e-11,3.90652950809684e-11,3.90631732005357e-11,3.906105189248762e-11,3.9058931156622664e-11,3.905681099268605e-11,3.905469140042266e-11,3.905257237932488e-11,3.905045392927655e-11,3.9048336049937274e-11,3.9046218741206224e-11,3.9044102002742825e-11,3.904198583423631e-11,3.903987023550768e-11,3.903775520623219e-11,3.903564074614065e-11,3.903352685490229e-11,3.903141353230887e-11,3.9029300778142395e-11,3.902718859202623e-11,3.9025076973844654e-11,3.902296592321773e-11,3.902085543984851e-11,3.9018745523700167e-11,3.9016636174210294e-11,3.901452739123006e-11,3.901241917456199e-11,3.901031152381721e-11,3.900820443881915e-11,3.9006097919338794e-11,3.900399196503562e-11,3.9001886575680293e-11,3.89997817508678e-11,3.8997677490456586e-11,3.8995573794301435e-11,3.899347066199997e-11,3.8991368093263206e-11,3.8989266087856096e-11,3.898716464568299e-11,3.898506376625423e-11,3.8982963449370025e-11,3.898086369475398e-11,3.8978764502181597e-11,3.897666587138875e-11,3.897456780225399e-11,3.8972470294359426e-11,3.8970373347337783e-11,3.896827696112227e-11,3.8966181135363546e-11,3.896408586983864e-11,3.896199116423313e-11,3.8959897018439645e-11,3.895780343198035e-11,3.895571040473739e-11,3.8953617936334176e-11,3.8951526026643857e-11,3.894943467531459e-11,3.8947343882161236e-11,3.8945253646480466e-11,3.8943163968853006e-11,3.894107484813512e-11,3.8938986284818925e-11,3.893689827847685e-11,3.893481082855101e-11,3.893272393507664e-11,3.8930637597602696e-11,3.8928551815932855e-11,3.8926466589681326e-11,3.8924381918288594e-11,3.892229780252283e-11,3.892021424153914e-11,3.891813123506276e-11,3.8916048782737464e-11,3.891396688453681e-11,3.8911885540031894e-11,3.890980474894827e-11,3.89077245113777e-11,3.8905644826582054e-11,3.890356569449622e-11,3.890148711491264e-11,3.8899409087438346e-11,3.8897331611966195e-11,3.8895254688373505e-11,3.8893178315997883e-11,3.889110249492724e-11,3.8889027224747837e-11,3.888695250527629e-11,3.8884878336160156e-11,3.888280471725664e-11,3.888073164828011e-11,3.887865912900939e-11,3.887658715911153e-11,3.887451573839999e-11,3.887244486652947e-11,3.8870374543372676e-11,3.886830476850685e-11,3.88662355418933e-11,3.8864166863099854e-11,3.886209873202307e-11,3.886003114838698e-11,3.885796411182721e-11,3.8855897622059995e-11,3.885383167901202e-11,3.885176628231816e-11,3.8849701431743194e-11,3.884763712706251e-11,3.8845573368025906e-11,3.884351015432826e-11,3.884144748579061e-11,3.8839385362089956e-11,3.883732378297391e-11,3.8835262748248974e-11,3.883320225763131e-11,3.8831142310934216e-11,3.882908290788643e-11,3.8827024048103155e-11,3.882496573154892e-11,3.882290795786957e-11,3.882085072677258e-11,3.8818794037986605e-11,3.8816737891372806e-11,3.881468228667118e-11,3.881262722360447e-11,3.881057270193997e-11,3.88085187214163e-11,3.880646528174581e-11,3.8804412382691936e-11,3.880236002406847e-11,3.880030820556561e-11,3.879825692686778e-11,3.8796206187903794e-11,3.879415598834763e-11,3.879210632789338e-11,3.879005720635552e-11,3.878800862348914e-11,3.878596057909106e-11,3.878391307297883e-11,3.878186610465189e-11,3.877981967398166e-11,3.877777378067011e-11,3.8775728424649146e-11,3.877368360556167e-11,3.877163932309986e-11,3.876959557715651e-11,3.876755236739184e-11,3.8765509693593184e-11,3.876346755552039e-11,3.8761425952847435e-11,3.8759384885439e-11,3.875734435304428e-11,3.875530435539532e-11,3.8753264892237145e-11,3.875122596320969e-11,3.874918756830807e-11,3.8747149707128366e-11,3.8745112379512027e-11,3.874307558511048e-11,3.874103932354438e-11,3.873900359494979e-11,3.8736968398811214e-11,3.873493373513401e-11,3.873289960349867e-11,3.8730866003441246e-11,3.872883293510185e-11,3.872680039820805e-11,3.8724768392343587e-11,3.8722736917358724e-11,3.872070597296811e-11,3.871867555904797e-11,3.871664567511805e-11,3.871461632099933e-11,3.8712587496756734e-11,3.871055920192118e-11,3.8708531436200694e-11,3.870650419935116e-11,3.870447749120288e-11,3.870245131156689e-11,3.870042566018119e-11,3.869840053676442e-11,3.869637594107607e-11,3.869435187265107e-11,3.869232833167899e-11,3.869030531799894e-11,3.868828283056931e-11,3.868626086983107e-11,3.868423943543131e-11,3.8682218527061136e-11,3.868019814462906e-11,3.867817828775966e-11,3.867615895600266e-11,3.8674140149608124e-11,3.867212186802623e-11,3.8670104110968996e-11,3.866808687829066e-11,3.8666070169863504e-11,3.8664053985424134e-11,3.866203832489908e-11,3.866002318759946e-11,3.8658008573813193e-11,3.86559944826013e-11,3.8653980914228034e-11,3.865196786819903e-11,3.8649955344562934e-11,3.864794334297863e-11,3.864593186319219e-11,3.8643920904910345e-11,3.864191046800912e-11,3.863990055223195e-11,3.86378911572223e-11,3.8635882282920937e-11,3.8633873929012523e-11,3.863186609524557e-11,3.862985878138826e-11,3.862785198719137e-11,3.8625845712572347e-11,3.862383995709508e-11,3.8621834720564926e-11,3.861983000277967e-11,3.861782580353702e-11,3.861582212255901e-11,3.8613818959638954e-11,3.861181631442587e-11,3.8609814186891235e-11,3.860781257644328e-11,3.860581148325837e-11,3.8603810907066495e-11,3.860181084755991e-11,3.8599811304779914e-11,3.859781227787134e-11,3.859581376693963e-11,3.859381577170585e-11,3.859181829199175e-11,3.858982132747415e-11,3.858782487804924e-11,3.858582894342244e-11,3.858383352330043e-11,3.858183861758493e-11,3.85798442259966e-11,3.857785034829711e-11,3.857585698419339e-11,3.8573864133623574e-11,3.857187179615134e-11,3.8569879971654676e-11,3.856788865988634e-11,3.856589786063798e-11,3.8563907573603466e-11,3.856191779861278e-11,3.8559928535215923e-11,3.8557939783599464e-11,3.8555951543216936e-11,3.855396381411032e-11,3.8551976595911856e-11,3.8549989888388015e-11,3.854800369127985e-11,3.8546018004245085e-11,3.854403282729463e-11,3.8542048160143217e-11,3.8540064002314815e-11,3.85380803537307e-11,3.853609721444089e-11,3.853411458385467e-11,3.853213246209891e-11,3.853015084874364e-11,3.852816974359586e-11,3.852618914632593e-11,3.8524209056630814e-11,3.8522229474301215e-11,3.852025039945842e-11,3.851827183177406e-11,3.851629377084957e-11,3.8514316216491146e-11,3.85123391685132e-11,3.851036262662951e-11,3.850838659063624e-11,3.850641106034695e-11,3.8504436035543115e-11,3.850246151598721e-11,3.8500487501412395e-11,3.8498513991745324e-11,3.849654098633494e-11,3.849456848493962e-11,3.849259648816005e-11,3.8490624995297614e-11,3.848865400638785e-11,3.848668352065024e-11,3.848471353806329e-11,3.848274405857867e-11,3.848077508148437e-11,3.8478806607221256e-11,3.847683863529051e-11,3.847487116545039e-11,3.8472904197581744e-11,3.8470937731273514e-11,3.8468971766324144e-11,3.846700630247133e-11,3.846504133983504e-11,3.84630768779399e-11,3.8461112916479934e-11,3.8459149455452724e-11,3.845718649451893e-11,3.84552240340753e-11,3.845326207265303e-11,3.845130061069723e-11,3.844933964801875e-11,3.8447379184165914e-11,3.844541921925719e-11,3.844345975279804e-11,3.8441500784597476e-11,3.84395423146531e-11,3.8437584342598486e-11,3.843562686819359e-11,3.8433669891315255e-11,3.843171341163993e-11,3.842975742900782e-11,3.8427801943119915e-11,3.842584695386638e-11,3.842389246091329e-11,3.842193846399233e-11,3.841998496311241e-11,3.8418031957954025e-11,3.8416079448248644e-11,3.841412743364611e-11,3.8412175914288083e-11,3.841022488967387e-11,3.840827435975892e-11,3.840632432420586e-11,3.840437478275809e-11,3.840242573536198e-11,3.840047718163551e-11,3.839852912144756e-11,3.8396581554505476e-11,3.839463448067126e-11,3.8392687899876175e-11,3.839074181193089e-11,3.838879621607504e-11,3.838685111244695e-11,3.8384906500834276e-11,3.838296238105737e-11,3.838101875284946e-11,3.837907561573471e-11,3.837713296991863e-11,3.837519081500304e-11,3.837324915079783e-11,3.837130797709815e-11,3.8369367293766456e-11,3.836742710030456e-11,3.836548739678844e-11,3.836354818305059e-11,3.8361609458593057e-11,3.835967122338952e-11,3.83577334771674e-11,3.835579621969847e-11,3.8353859450806784e-11,3.835192316988897e-11,3.834998737743063e-11,3.834805207291283e-11,3.8346117256069995e-11,3.8344182926725864e-11,3.8342249084828005e-11,3.834031572958909e-11,3.833838286147204e-11,3.83364504799156e-11,3.8334518584831307e-11,3.8332587175841776e-11,3.833065625301178e-11,3.83287258159255e-11,3.832679586439167e-11,3.8324866398278134e-11,3.8322937417299907e-11,3.832100892136572e-11,3.8319080910062496e-11,3.831715338327306e-11,3.8315226341142914e-11,3.831329978270764e-11,3.8311373708160404e-11,3.830944811745359e-11,3.830752301001527e-11,3.83055983856687e-11,3.8303674244438076e-11,3.8301750586169083e-11,3.8299827410475186e-11,3.8297904717258324e-11,3.829598250609724e-11,3.829406077698055e-11,3.8292139529689194e-11,3.829021876383921e-11,3.828829847946504e-11,3.828637867620525e-11,3.8284459353900874e-11,3.8282540512336545e-11,3.828062215128982e-11,3.8278704270510224e-11,3.8276786869830435e-11,3.827486994908467e-11,3.827295350786031e-11,3.827103754623905e-11,3.82691220639167e-11,3.826720706066872e-11,3.8265292536254164e-11,3.8263378490434316e-11,3.826146492304457e-11,3.825955183393048e-11,3.8257639222924826e-11,3.825572708964083e-11,3.825381543410007e-11,3.82519042558144e-11,3.8249993554718905e-11,3.824808333060569e-11,3.8246173583266606e-11,3.824426431249792e-11,3.8242355518090306e-11,3.8240447199838456e-11,3.823853935753723e-11,3.823663199097869e-11,3.8234725099956616e-11,3.823281868426696e-11,3.8230912743702576e-11,3.822900727805723e-11,3.8227102287127e-11,3.822519777070581e-11,3.822329372858849e-11,3.822139016056904e-11,3.821948706644338e-11,3.821758444600605e-11,3.821568229905173e-11,3.821378062537843e-11,3.821187942474799e-11,3.8209978697018544e-11,3.820807844195572e-11,3.820617865935588e-11,3.820427934901197e-11,3.82023805107221e-11,3.8200482144283074e-11,3.819858424949093e-11,3.8196686826141403e-11,3.8194789874031364e-11,3.8192893392958724e-11,3.819099738271849e-11,3.818910184310947e-11,3.818720677392685e-11,3.818531217497057e-11,3.8183418046035735e-11,3.818152438692051e-11,3.8179631197527064e-11,3.817773847744424e-11,3.8175846226573666e-11,3.817395444471285e-11,3.8172063131663144e-11,3.817017228722139e-11,3.8168281911184835e-11,3.816639200335235e-11,3.8164502563523095e-11,3.8162613591494803e-11,3.8160725087067195e-11,3.815883705004238e-11,3.815694948021341e-11,3.815506237738204e-11,3.8153175741348226e-11,3.8151289571910995e-11,3.8149403868870396e-11,3.814751863202649e-11,3.8145633861178484e-11,3.814374955612639e-11,3.8141865716670977e-11,3.813998234261107e-11,3.813809943374922e-11,3.81362169898846e-11,3.8134335010816805e-11,3.8132453496349154e-11,3.8130572446279685e-11,3.812869186041143e-11,3.812681173854468e-11,3.81249320804783e-11,3.812305288601923e-11,3.8121174154975305e-11,3.8119295887128996e-11,3.81174180822908e-11,3.8115540740255424e-11,3.8113663860841376e-11,3.8111787443842733e-11,3.8109911489061004e-11,3.810803599629944e-11,3.81061609653589e-11,3.810428639604333e-11,3.8102412288155035e-11,3.810053864149711e-11,3.8098665455871224e-11,3.809679273108096e-11,3.8094920466931026e-11,3.809304866322514e-11,3.809117731976428e-11,3.808930643635079e-11,3.808743601279151e-11,3.808556604889052e-11,3.8083696544449065e-11,3.808182749927112e-11,3.80799589131638e-11,3.807809078592944e-11,3.807622311737364e-11,3.8074355907299444e-11,3.807248915551226e-11,3.807062286181586e-11,3.8068757026016753e-11,3.8066891647919006e-11,3.8065026727383406e-11,3.80631622641041e-11,3.806129825794111e-11,3.80594347087013e-11,3.805757161610148e-11,3.80557089801239e-11,3.805384680048543e-11,3.805198507699199e-11,3.805012380945131e-11,3.804826299766764e-11,3.804640264144766e-11,3.804454274059861e-11,3.8042683294927056e-11,3.804082430423847e-11,3.803896576834177e-11,3.803710768704077e-11,3.803525005993099e-11,3.803339288724655e-11,3.8031536168581055e-11,3.802967990374224e-11,3.80278240925354e-11,3.80259687346161e-11,3.802411383009993e-11,3.802225937864139e-11,3.802040538004647e-11,3.8018551834125406e-11,3.801669874068426e-11,3.8014846099532393e-11,3.8012993910477366e-11,3.8011142173158564e-11,3.800929088772569e-11,3.8007440053816056e-11,3.8005589671193464e-11,3.800373973975805e-11,3.800189025916764e-11,3.8000041229249755e-11,3.799819265006434e-11,3.799634452128437e-11,3.799449684266097e-11,3.799264961406957e-11,3.799080283528576e-11,3.7988956506102833e-11,3.798711062636408e-11,3.798526519595275e-11,3.798342021449965e-11,3.798157568190591e-11,3.797973159782496e-11,3.797788796232653e-11,3.7976044775170796e-11,3.79742020361733e-11,3.7972359745031035e-11,3.797051790154627e-11,3.7968676505661005e-11,3.7966835557118306e-11,3.796499505571733e-11,3.796315500130434e-11,3.7961315393757934e-11,3.795947623279869e-11,3.7957637518117195e-11,3.7955799249635414e-11,3.795396142722558e-11,3.7952124050760714e-11,3.795028711986054e-11,3.794845063442496e-11,3.794661459426719e-11,3.7944778999199567e-11,3.794294384903522e-11,3.79411091434297e-11,3.7939274882510925e-11,3.7937441065933755e-11,3.793560769351024e-11,3.793377476505671e-11,3.793194228038365e-11,3.793011023930812e-11,3.792827864164246e-11,3.792644748720382e-11,3.7924616775780254e-11,3.792278650722117e-11,3.792095668120368e-11,3.791912729779582e-11,3.791729835667939e-11,3.7915469857672013e-11,3.791364180057462e-11,3.791181418486966e-11,3.7909987011070495e-11,3.790816027864052e-11,3.790633398750309e-11,3.7904508137343587e-11,3.7902682727909475e-11,3.790085775910096e-11,3.7899033230825846e-11,3.789720914272318e-11,3.789538549469013e-11,3.789356228653311e-11,3.789173951809997e-11,3.788991718918896e-11,3.7888095299705446e-11,3.788627384929266e-11,3.788445283792839e-11,3.788263226527513e-11,3.7880812131226375e-11,3.7878992435684684e-11,3.78771731782897e-11,3.787535435895064e-11,3.787353597743127e-11,3.787171803373378e-11,3.786990052755469e-11,3.7868083458588194e-11,3.7866266826782355e-11,3.786445063201837e-11,3.7862634874038515e-11,3.7860819552609324e-11,3.785900466755092e-11,3.785719021880829e-11,3.7855376206113607e-11,3.785356262920026e-11,3.785174948797169e-11,3.784993678224808e-11,3.784812451184554e-11,3.784631267659823e-11,3.7844501276371404e-11,3.784269031084717e-11,3.784087977992095e-11,3.783906968348769e-11,3.783726002120935e-11,3.783545079297032e-11,3.783364199862553e-11,3.7831833637992566e-11,3.783002571085585e-11,3.782821821707423e-11,3.782641115650057e-11,3.7824604528841465e-11,3.7822798334032235e-11,3.782099257178013e-11,3.781918724194317e-11,3.7817382344377926e-11,3.781557787887055e-11,3.781377384527738e-11,3.7811970243403475e-11,3.78101670731201e-11,3.780836433413805e-11,3.780656202599363e-11,3.780476014924766e-11,3.780295870324716e-11,3.780115768786933e-11,3.7799357102992554e-11,3.779755694826747e-11,3.779575722378576e-11,3.779395792923045e-11,3.779215906439833e-11,3.779036062914759e-11,3.77885626233815e-11,3.778676504676064e-11,3.778496789918148e-11,3.7783171180465225e-11,3.778137489043433e-11,3.777957902890715e-11,3.777778359569619e-11,3.7775988590122296e-11,3.77741940131447e-11,3.777239986387742e-11,3.777060614223307e-11,3.776881284803242e-11,3.7767019981090206e-11,3.7765227541248315e-11,3.776343552776955e-11,3.7761643941585784e-11,3.7759852781966125e-11,3.7758062048815036e-11,3.775627174179293e-11,3.775448186080636e-11,3.775269240534909e-11,3.775090337584083e-11,3.774911477190663e-11,3.774732659328712e-11,3.7745538839446934e-11,3.774375151124462e-11,3.7741964607560386e-11,3.77401781280366e-11,3.773839207345817e-11,3.773660644326244e-11,3.7734821237161935e-11,3.7733036455000554e-11,3.7731252096512824e-11,3.772946816166885e-11,3.772768464968055e-11,3.772590156150855e-11,3.772411889629617e-11,3.772233665374024e-11,3.7720554833971626e-11,3.771877343691007e-11,3.7716992462216205e-11,3.771521190969173e-11,3.771343177920622e-11,3.7711652070614924e-11,3.770987278364354e-11,3.770809391793014e-11,3.770631547378827e-11,3.770453745076471e-11,3.770275984875456e-11,3.7700982667340833e-11,3.769920590676375e-11,3.769742956655881e-11,3.7695653646583246e-11,3.769387814693003e-11,3.769210306718853e-11,3.769032840718893e-11,3.768855416674357e-11,3.76867803457663e-11,3.768500694392461e-11,3.7683233961285794e-11,3.768146139756405e-11,3.767968925265437e-11,3.767791752626145e-11,3.7676146218238316e-11,3.767437532846259e-11,3.767260485673365e-11,3.7670834802899457e-11,3.766906516677939e-11,3.7667295948209033e-11,3.76655271470022e-11,3.7663758763073954e-11,3.766199079608842e-11,3.766022324597432e-11,3.765845611257288e-11,3.765668939553075e-11,3.765492309505229e-11,3.765315721069455e-11,3.765139174235332e-11,3.764962668974289e-11,3.764786205287862e-11,3.76460978315253e-11,3.764433402552946e-11,3.7642570634527375e-11,3.76408076586475e-11,3.763904509763977e-11,3.763728295111129e-11,3.7635521219208257e-11,3.763375990170175e-11,3.763199899831914e-11,3.763023850884321e-11,3.7628478433187136e-11,3.762671877115852e-11,3.7624959522619356e-11,3.7623200687342836e-11,3.762144226525465e-11,3.761968425602441e-11,3.761792665967292e-11,3.7616169475973897e-11,3.7614412704783544e-11,3.76126563458094e-11,3.761090039889096e-11,3.760914486411473e-11,3.7607389740954664e-11,3.760563502942204e-11,3.760388072942358e-11,3.760212684077107e-11,3.760037336318626e-11,3.759862029660131e-11,3.7596867640785354e-11,3.759511539551741e-11,3.759336356087249e-11,3.759161213640469e-11,3.7589861122056645e-11,3.758811051762936e-11,3.758636032304865e-11,3.7584610538152546e-11,3.758286116270205e-11,3.7581112196489584e-11,3.757936363945137e-11,3.757761549132505e-11,3.7575867751998806e-11,3.757412042128821e-11,3.757237349890735e-11,3.757062698497929e-11,3.756888087908046e-11,3.7567135181221e-11,3.756538989109611e-11,3.756364500869764e-11,3.756190053376956e-11,3.7560156466173315e-11,3.7558412805683996e-11,3.75566695520409e-11,3.755492670535184e-11,3.755318426519473e-11,3.755144223164933e-11,3.754970060432042e-11,3.754795938308424e-11,3.7546218567901266e-11,3.75444781586291e-11,3.7542738155023487e-11,3.754099855693219e-11,3.7539259364162845e-11,3.753752057658136e-11,3.753578219404344e-11,3.753404421639812e-11,3.753230664319598e-11,3.753056947467356e-11,3.7528832710502234e-11,3.7527096350506465e-11,3.752536039459935e-11,3.7523624842522094e-11,3.7521889694149654e-11,3.752015494935739e-11,3.751842060790486e-11,3.7516686669733494e-11,3.7514953134285765e-11,3.751322000190916e-11,3.751148727231526e-11,3.750975494531997e-11,3.750802302059481e-11,3.7506291498251285e-11,3.750456037789086e-11,3.750282965954757e-11,3.750109934294961e-11,3.7499369427959846e-11,3.7497639914314636e-11,3.749591080203617e-11,3.749418209086423e-11,3.749245378063628e-11,3.749072587117546e-11,3.748899836216111e-11,3.74872712538991e-11,3.748554454600162e-11,3.748381823821859e-11,3.7482092330314126e-11,3.748036682206617e-11,3.747864171366874e-11,3.7476917004767714e-11,3.7475192695209264e-11,3.747346878483461e-11,3.747174527353146e-11,3.747002216104572e-11,3.746829944715757e-11,3.7466577131954574e-11,3.7464855215117214e-11,3.746313369650256e-11,3.746141257592723e-11,3.745969185328242e-11,3.7457971528369866e-11,3.745625160105142e-11,3.7454532071050856e-11,3.7452812938220425e-11,3.745109420271254e-11,3.7449375864331955e-11,3.744765792252002e-11,3.744594037746609e-11,3.744422322866674e-11,3.744250647633092e-11,3.744079012017688e-11,3.7439074160020924e-11,3.743735859571089e-11,3.743564342708591e-11,3.74339286539617e-11,3.743221427622975e-11,3.7430500293816135e-11,3.742878670631668e-11,3.742707351371333e-11,3.7425360715869164e-11,3.7423648312574995e-11,3.742193630343521e-11,3.742022468892807e-11,3.741851346838385e-11,3.7416802641836366e-11,3.741509220912016e-11,3.741338217019764e-11,3.741167252458992e-11,3.740996327229941e-11,3.740825441313927e-11,3.74065459471403e-11,3.7404837873885345e-11,3.7403130193301555e-11,3.740142290535149e-11,3.739971600980731e-11,3.7398009506523656e-11,3.739630339520232e-11,3.739459767588448e-11,3.739289234834618e-11,3.739118741252143e-11,3.738948286800444e-11,3.7387778714687794e-11,3.738607495248735e-11,3.7384371581416374e-11,3.7382668601038765e-11,3.738096601142845e-11,3.737926381222329e-11,3.737756200345307e-11,3.737586058459035e-11,3.7374159556132544e-11,3.7372458917541855e-11,3.737075866860643e-11,3.73690588092452e-11,3.7367359339370075e-11,3.736566025871697e-11,3.736396156718114e-11,3.7362263264645614e-11,3.736056535089286e-11,3.735886782597781e-11,3.735717068957353e-11,3.7355473941349585e-11,3.735377758130303e-11,3.735208160931308e-11,3.735038602522567e-11,3.734869082885424e-11,3.734699602009428e-11,3.7345301598908594e-11,3.734360756484651e-11,3.734191391785982e-11,3.734022065782788e-11,3.733852778473021e-11,3.7336835298180935e-11,3.733514319827447e-11,3.7333451484671924e-11,3.733176015726703e-11,3.7330069215926694e-11,3.732837866046962e-11,3.732668849077445e-11,3.7324998706659425e-11,3.732330930800894e-11,3.732162029484137e-11,3.7319931666596117e-11,3.731824342337636e-11,3.7316555565089284e-11,3.731486809136112e-11,3.7313181002037655e-11,3.7311494297314414e-11,3.7309807976748306e-11,3.730812204024461e-11,3.7306436487790264e-11,3.730475131898711e-11,3.7303066533810406e-11,3.730138213210368e-11,3.729969811371726e-11,3.7298014478509684e-11,3.729633122631205e-11,3.72946483570574e-11,3.729296587060782e-11,3.72912837666153e-11,3.728960204505926e-11,3.7287920705772926e-11,3.728623974853617e-11,3.728455917325872e-11,3.7282878979802105e-11,3.7281199168009475e-11,3.727951973772811e-11,3.7277840688804863e-11,3.7276162021077564e-11,3.727448373444684e-11,3.7272805828731914e-11,3.7271128303787414e-11,3.7269451159490637e-11,3.7267774395942704e-11,3.7266098012395115e-11,3.7264422009014565e-11,3.7262746385648576e-11,3.726107114218119e-11,3.725939627841153e-11,3.7257721794213044e-11,3.7256047689437904e-11,3.725437396393686e-11,3.7252700617555974e-11,3.725102765015749e-11,3.7249355061586915e-11,3.724768285169705e-11,3.724601102050323e-11,3.7244339567641615e-11,3.724266849290102e-11,3.724099779624663e-11,3.723932747753147e-11,3.723765753660751e-11,3.723598797332634e-11,3.723431878752679e-11,3.723264997922097e-11,3.7230981547982064e-11,3.722931349379595e-11,3.722764581651489e-11,3.722597851597615e-11,3.7224311592061854e-11,3.722264504461105e-11,3.7220978873463227e-11,3.721931307848694e-11,3.721764765953314e-11,3.721598261646468e-11,3.721431794912329e-11,3.7212653657350455e-11,3.721098974101299e-11,3.720932619997646e-11,3.720766303407846e-11,3.720600024328995e-11,3.720433782727067e-11,3.7202675785923465e-11,3.720101411878606e-11,3.7199352826406015e-11,3.719769190827572e-11,3.719603136427311e-11,3.719437119424654e-11,3.719271139804248e-11,3.71910519755291e-11,3.718939292656369e-11,3.7187734250953854e-11,3.718607594860901e-11,3.7184418019353576e-11,3.718276046306322e-11,3.7181103279581513e-11,3.717944646875706e-11,3.717779003090176e-11,3.717613396497299e-11,3.7174478271375864e-11,3.717282294977036e-11,3.71711680000946e-11,3.716951342222167e-11,3.716785921600686e-11,3.7166205381285924e-11,3.7164551918040614e-11,3.7162898825898e-11,3.7161246104839985e-11,3.7159593754637863e-11,3.7157941774989475e-11,3.715629016628915e-11,3.7154638928079565e-11,3.715298806027224e-11,3.7151337562547536e-11,3.714968743502981e-11,3.7148037677335836e-11,3.714638828946455e-11,3.7144739271238775e-11,3.714309062248696e-11,3.714144234309729e-11,3.713979443290816e-11,3.7138146891785224e-11,3.713649971958779e-11,3.713485291616747e-11,3.7133206481372376e-11,3.7131560415083536e-11,3.7129914717128214e-11,3.71282693873067e-11,3.712662442564329e-11,3.712497983189332e-11,3.712333560551386e-11,3.712169174718027e-11,3.7120048256358845e-11,3.711840513289313e-11,3.711676237667412e-11,3.711511998736891e-11,3.711347796509277e-11,3.711183630944302e-11,3.7110195020612634e-11,3.710855409826109e-11,3.7106913542295386e-11,3.710527335249991e-11,3.710363352896461e-11,3.7101994071211734e-11,3.710035497924742e-11,3.709871625293233e-11,3.709707789198637e-11,3.709543989655709e-11,3.709380226636252e-11,3.709216500125251e-11,3.709052810103767e-11,3.7088891565696656e-11,3.708725539501393e-11,3.7085619588855424e-11,3.7083984147091255e-11,3.708234906915531e-11,3.7080714355727195e-11,3.7079080006277566e-11,3.707744602065414e-11,3.7075812398734086e-11,3.7074179140354646e-11,3.707254624523702e-11,3.707091371353566e-11,3.706928154494949e-11,3.7067649739345135e-11,3.706601829658751e-11,3.7064387216537627e-11,3.7062756499035214e-11,3.706112614391637e-11,3.7059496151151126e-11,3.705786652053215e-11,3.705623725192565e-11,3.705460834519144e-11,3.705297980013497e-11,3.7051351616721704e-11,3.704972379473921e-11,3.7048096334041016e-11,3.7046469234572597e-11,3.704484249627441e-11,3.7043216118773285e-11,3.704159010203411e-11,3.7039964445919853e-11,3.703833915020766e-11,3.703671421491766e-11,3.7035089639839045e-11,3.7033465424894554e-11,3.7031841569811756e-11,3.7030218074521597e-11,3.7028594938874406e-11,3.702697216276296e-11,3.702534974603296e-11,3.702372768863699e-11,3.702210599026143e-11,3.702048465085063e-11,3.7018863670273376e-11,3.7017243048488245e-11,3.7015622785159344e-11,3.70140028802016e-11,3.701238333367835e-11,3.70107641452097e-11,3.7009145314722637e-11,3.700752684212424e-11,3.7005908727113646e-11,3.7004290969858996e-11,3.7002673570048437e-11,3.700105652756879e-11,3.699943984226429e-11,3.699782351405031e-11,3.699620754272521e-11,3.699459192821552e-11,3.6992976670316044e-11,3.699136176891542e-11,3.6989747223882077e-11,3.698813303508217e-11,3.69865192023768e-11,3.698490572564048e-11,3.698329260473349e-11,3.6981679839517945e-11,3.698006742986572e-11,3.697845537563996e-11,3.697684367669155e-11,3.697523233289333e-11,3.69736213441087e-11,3.6972010710203754e-11,3.697040043103823e-11,3.6968790506485774e-11,3.696718093640747e-11,3.6965571720668344e-11,3.696396285958023e-11,3.696235435212028e-11,3.696074619859477e-11,3.6959138398871307e-11,3.695753095281374e-11,3.695592386028377e-11,3.695431712115449e-11,3.695271073528084e-11,3.6951104702543813e-11,3.6949499022795883e-11,3.694789369591021e-11,3.694628872174704e-11,3.6944684100179056e-11,3.69430798310703e-11,3.694147591428786e-11,3.693987234968957e-11,3.6938269137149835e-11,3.6936666276538426e-11,3.693506376771985e-11,3.6933461610553393e-11,3.6931859804907e-11,3.693025835065086e-11,3.692865724765417e-11,3.6927056495779756e-11,3.6925456094889936e-11,3.692385604486632e-11,3.692225634555578e-11,3.692065699684259e-11,3.691905799858679e-11,3.691745935065668e-11,3.6915861052929286e-11,3.6914263105255215e-11,3.6912665507509956e-11,3.691106825956406e-11,3.690947136128007e-11,3.690787481252244e-11,3.690627861316072e-11,3.690468276307077e-11
17,0.0,0.0,0.0,0.0,0.0,0.0,0.0,0.0,0.0,0.0,0.0,0.0,0.0,0.0,0.0,0.0,0.0,0.0,0.0,0.0,0.0,0.0,0.0,0.0,0.0,0.0,0.0,0.0,0.0,0.0,0.0,0.0,0.0,0.0,0.0,0.0,0.0,0.0,0.0,0.0,0.0,0.0,0.0,0.0,0.0,0.0,0.0,0.0,0.0,0.0,0.0,0.0,0.0,0.0,0.0,0.0,0.0,0.0,0.0,0.0,0.0,0.0,0.0,0.0,0.0,0.0,0.0,0.0,0.0,0.0,0.0,0.0,0.0,0.0,0.0,0.0,0.0,0.0,0.0,0.0,0.0,0.0,0.0,0.0,0.0,0.0,0.0,0.0,0.0,0.0,0.0,0.0,0.0,0.0,0.0,0.0,0.0,0.0,0.0,0.0,0.0,0.0,0.0,0.0,0.0,0.0,0.0,0.0,0.0,0.0,0.0,0.0,0.0,0.0,0.0,0.0,0.0,0.0,0.0,0.0,0.0,0.0,0.0,0.0,0.0,0.0,0.0,0.0,0.0,0.0,0.0,0.0,0.0,0.0,0.0,0.0,0.0,0.0,0.0,0.0,0.0,0.0,0.0,0.0,0.0,0.0,0.0,0.0,0.0,0.0,0.0,0.0,0.0,0.0,0.0,0.0,0.0,0.0,0.0,0.0,0.0,0.0,0.0,0.0,0.0,0.0,0.0,0.0,0.0,0.0,0.0,0.0,0.0,0.0,0.0,0.0,0.0,0.0,0.0,0.0,0.0,0.0,0.0,0.0,0.0,0.0,0.0,0.0,0.0,0.0,0.0,0.0,0.0,0.0,0.0,0.0,0.0,0.0,0.0,0.0,0.0,0.0,0.0,0.0,0.0,0.0,0.0,0.0,0.0,0.0,0.0,0.0,0.0,0.0,0.0,0.0,0.0,0.0,0.0,0.0,0.0,0.0,0.0,0.0,0.0,0.0,0.0,0.0,0.0,0.0,0.0,0.0,0.0,0.0,0.0,0.0,0.0,0.0,0.0,0.0,0.0,0.0,0.0,0.0,0.0,0.0,0.0,0.0,0.0,0.0,0.0,0.0,0.0,0.0,0.0,0.0,0.0,0.0,0.0,0.0,0.0,0.0,0.0,0.0,0.0,0.0,0.0,0.0,0.0,0.0,0.0,0.0,0.0,0.0,0.0,0.0,0.0,0.0,0.0,0.0,0.0,0.0,0.0,0.0,0.0,0.0,0.0,0.0,0.0,0.0,0.0,0.0,0.0,0.0,0.0,0.0,0.0,0.0,0.0,0.0,0.0,0.0,0.0,0.0,0.0,0.0,0.0,0.0,0.0,0.0,0.0,0.0,0.0,0.0,0.0,0.0,0.0,0.0,0.0,0.0,0.0,0.0,0.0,0.0,0.0,0.0,0.0,0.0,0.0,0.0,0.0,0.0,0.0,0.0,0.0,0.0,0.0,0.0,0.0,0.0,0.0,0.0,0.0,0.0,0.0,0.0,0.0,0.0,0.0,0.0,0.0,0.0,0.0,0.0,0.0,0.0,0.0,0.0,0.0,0.0,0.0,0.0,0.0,0.0,0.0,0.0,0.0,0.0,0.0,0.0,0.0,0.0,0.0,0.0,0.0,0.0,0.0,0.0,0.0,0.0,0.0,0.0,0.0,0.0,0.0,0.0,0.0,0.0,0.0,0.0,0.0,0.0,0.0,0.0,0.0,0.0,0.0,0.0,0.0,0.0,0.0,0.0,0.0,0.0,0.0,0.0,0.0,0.0,0.0,0.0,0.0,0.0,0.0,0.0,0.0,0.0,0.0,0.0,0.0,0.0,0.0,0.0,0.0,0.0,0.0,0.0,0.0,0.0,0.0,0.0,0.0,0.0,0.0,0.0,0.0,0.0,0.0,0.0,0.0,0.0,0.0,0.0,0.0,0.0,0.0,0.0,0.0,0.0,0.0,0.0,0.0,0.0,0.0,0.0,0.0,0.0,0.0,0.0,0.0,0.0,0.0,0.0,0.0,0.0,0.0,0.0,0.0,0.0,0.0,0.0,0.0,0.0,0.0,0.0,0.0,0.0,0.0,0.0,0.0,0.0,0.0,0.0,0.0,0.0,0.0,0.0,0.0,0.0,0.0,0.0,0.0,0.0,0.0,0.0,0.0,0.0,0.0,0.0,0.0,0.0,0.0,0.0,0.0,0.0,0.0,0.0,0.0,0.0,0.0,0.0,0.0,0.0,0.0,0.0,0.0,0.0,0.0,0.0,0.0,0.0,0.0,0.0,0.0,0.0,0.0,0.0,0.0,0.0,0.0,0.0,0.0,0.0,0.0,0.0,0.0,0.0,0.0,0.0,0.0,0.0,0.0,0.0,0.0,0.0,0.0,0.0,0.0,0.0,0.0,0.0,0.0,0.0,0.0,0.0,0.0,0.0,0.0,0.0,0.0,0.0,0.0,0.0,0.0,0.0,0.0,0.0,0.0,0.0,0.0,0.0,0.0,0.0,0.0,0.0,0.0,0.0,0.0,0.0,0.0,0.0,0.0,0.0,0.0,0.0,0.0,0.0,0.0,0.0,0.0,0.0,0.0,0.0,0.0,0.0,0.0,0.0,0.0,0.0,0.0,0.0,0.0,0.0,0.0,0.0,0.0,0.0,0.0,0.0,0.0,0.0,0.0,0.0,0.0,0.0,0.0,0.0,0.0,0.0,0.0,0.0,0.0,0.0,0.0,0.0,0.0,0.0,0.0,0.0,0.0,0.0,0.0,0.0,0.0,0.0,0.0,0.0,0.0,0.0,0.0,0.0,0.0,0.0,0.0,0.0,0.0,0.0,0.0,0.0,0.0,0.0,0.0,0.0,0.0,0.0,0.0,0.0,0.0,0.0,0.0,0.0,0.0,0.0,0.0,0.0,0.0,0.0,0.0,0.0,0.0,0.0,0.0,0.0,0.0,0.0,0.0,0.0,0.0,0.0,0.0,0.0,0.0,0.0,0.0,0.0,0.0,0.0,0.0,0.0,0.0,0.0,0.0,0.0,0.0,0.0,0.0,0.0,0.0,0.0,0.0,0.0,0.0,0.0,0.0,0.0,0.0,0.0,0.0,0.0,0.0,0.0,0.0,0.0,0.0,0.0,0.0,0.0,0.0,0.0,0.0,0.0,0.0,0.0,0.0,0.0,0.0,0.0,0.0,0.0,0.0,0.0,0.0,0.0,0.0,0.0,0.0,0.0,0.0,0.0,0.0,0.0,0.0,0.0,0.0,0.0,0.0,0.0,0.0,0.0,0.0,0.0,0.0,0.0,0.0,0.0,0.0,0.0,0.0,0.0,0.0,0.0,0.0,0.0,0.0,0.0,0.0,0.0,0.0,0.0,0.0,0.0,0.0,0.0,0.0,0.0,0.0,0.0,0.0,0.0,0.0,0.0,0.0,0.0,0.0,0.0,0.0,0.0,0.0,0.0,0.0,0.0,0.0,0.0,0.0,0.0,0.0,0.0,0.0,0.0,0.0,0.0,0.0,0.0,0.0,0.0,0.0,0.0,0.0,0.0,0.0,0.0,0.0,0.0,0.0,0.0,0.0,0.0,0.0,0.0,0.0,0.0,0.0,0.0,0.0,0.0,0.0,0.0,0.0,0.0,0.0,0.0,0.0,0.0,0.0,0.0,0.0,0.0,0.0,0.0,0.0,0.0,0.0,0.0,0.0,0.0,0.0,0.0,0.0,0.0,0.0,0.0,0.0,0.0,0.0,0.0,0.0,0.0,0.0,0.0,0.0,0.0,0.0,0.0,0.0,0.0,0.0,0.0,0.0,0.0,0.0,0.0,0.0,0.0,0.0,0.0,0.0,0.0,0.0,0.0,0.0,0.0,0.0,0.0,0.0,0.0,0.0,0.0,0.0,0.0,0.0,0.0,0.0,0.0,0.0,0.0,0.0,0.0,0.0,0.0,0.0,0.0,0.0,0.0,0.0,0.0,0.0,0.0,0.0,0.0,0.0,0.0,0.0,0.0,0.0,0.0,0.0,0.0,0.0,0.0,0.0,0.0,0.0,0.0,0.0,0.0,0.0,0.0,0.0,0.0,0.0,0.0,0.0,0.0,0.0,0.0,0.0,0.0,0.0,0.0,0.0,0.0,0.0,0.0,0.0,0.0,0.0,0.0,0.0,0.0,0.0,0.0,0.0,0.0,0.0,0.0,0.0,0.0,0.0,0.0,0.0,0.0,0.0,0.0,0.0,0.0,0.0,0.0,0.0,0.0,0.0,0.0,0.0,0.0,0.0,0.0,0.0,0.0,0.0,0.0,0.0,0.0,0.0,0.0,0.0,0.0,0.0,0.0,0.0,0.0,0.0,0.0,0.0,0.0,0.0,0.0,0.0,0.0,0.0,0.0,0.0,0.0,3.207061976194792e-32,6.671064653437871e-32,1.0402842041057697e-31,1.4418135531757187e-31,1.873698026554531e-31,2.338339564201715e-31,2.838530539755333e-31,3.3774637911055016e-31,3.958757577024894e-31,4.58649372451654e-31,5.265268271698375e-31,6.0002547449344095e-31,6.7972809203759155e-31,7.662920576521744e-31,8.604602400989054e-31,9.630738917900364e-31,1.0750879103269552e-30,1.197588930114161e-30,1.331816820321244e-30,1.47919030787274e-30,1.641337622708787e-30,1.820133288815989e-30,2.0177424732901437e-30,2.2366746769241872e-30,2.4798490302017655e-30,2.7506740842242174e-30,3.0531458063518817e-30,3.3919685730292246e-30,3.772705391365283e-30,4.201965508579631e-30,4.6876401686363176e-30,5.239200814005128e-30,5.868078884825134e-30,6.588153088797788e-30,7.416379407840287e-30,8.373612340008188e-30,9.485684985081152e-30,1.0784842288181163e-29,1.2311662566371402e-29,1.4117660363226507e-29,1.6268852494069453e-29,1.8850703041514515e-29,2.1975069988222102e-29,2.579010064536516e-29,3.0494540818768137e-29,3.635876449475649e-29,4.375622731956505e-29,5.321141447152068e-29,6.547446179997642e-29,8.163994228427027e-29,1.0334069359456842e-28,1.3307280808747244e-28,1.7475713369326742e-28,2.347421987573206e-28,3.2366317230687516e-28,4.600335081117709e-28,6.775167484798749e-28,1.0404535616758286e-27,1.6790997202380745e-27,2.8754460383134118e-27,5.2902452282494504e-27,7.379701629903117e-27,7.379701629906521e-27,7.379701629922493e-27,1.636940495296877e-26,4.036306559425544e-26,1.1575278507471552e-25,4.089768429188533e-25,1.9314939008952633e-24,1.375262272411503e-23,1.7434374138964777e-22,4.545048404692832e-21,2.1040364572015382e-19,9.773327033294934e-19,9.773327033306514e-19,9.773327033322149e-19,9.773327033339546e-19,9.773327033358483e-19,9.773327033379293e-19,9.773327033402383e-19,9.773327033428337e-19,9.773327033457967e-19,9.773327033492497e-19,9.773327033608267e-19,9.773327033724038e-19,9.773327033931197e-19,7.911582737883912e-17,1.4485394947635744e-15,1.4022750141661543e-14,8.22277004553177e-14,3.260821857697889e-13,9.530149922473152e-13,2.2146233231530523e-12,4.403046521042518e-12,7.936212051622758e-12,1.3252107229243316e-11,2.045603779166235e-11,2.9188431456545276e-11,3.880341316388197e-11,4.861717400017533e-11,5.806969660319668e-11,6.678256287331415e-11,7.455158878052852e-11,8.132548335110038e-11,1.0061904430681274e-10,1.1740227675026765e-10,1.3077208086763889e-10,1.4158156602445366e-10,1.50533245919338e-10,1.5807850840804965e-10,1.6451015540139097e-10,1.700300205314451e-10,1.7478631151854117e-10,1.7889358859644286e-10,1.824437861333468e-10,1.855126290685397e-10,1.8816361100467949e-10,1.9045062346367043e-10,1.9241979926891684e-10,1.941108716143704e-10,1.9555821726631097e-10,1.9679168243907672e-10,1.978372518810622e-10,1.9871760024679455e-10,1.9945255221116568e-10,2.0005947003975867e-10,2.0055358237110534e-10,2.0094826465457042e-10,2.0125527938562827e-10,2.014849826209871e-10,2.0164650202162558e-10,2.0174789072811753e-10,2.0179626063478378e-10,2.0179789804168805e-10,2.0175836418856822e-10,2.0168258278642816e-10,2.015749163418445e-10,2.0143923280228716e-10,2.0127896382741414e-10,2.010971558035027e-10,2.0089651455947425e-10,2.0067944460849044e-10,2.0044808362473483e-10,2.0020433276757432e-10,1.9994988338201885e-10,1.9968624053316046e-10,1.994147437711809e-10,1.9913658547100278e-10,1.9885282704555842e-10,1.985644132926923e-10,1.982721851021961e-10,1.9797689072046214e-10,1.9767919574514042e-10,1.9737969200046823e-10,1.9707890542510692e-10,1.967773030879266e-10,1.9647529943300055e-10,1.9617326184262066e-10,1.9587151559646442e-10,1.9557034829552353e-10,1.9527001381125246e-10,1.9497073581322346e-10,1.946727109222501e-10,1.9437611153046236e-10,1.940810883249881e-10,1.9378777254766278e-10,1.934962780194562e-10,1.9320670295504078e-10,1.9291913159006594e-10,1.926336356411087e-10,1.9235027561611434e-10,1.9206910199108995e-10,1.91790156267116e-10,1.9151347192018416e-10,1.9123907525500882e-10,1.9096698617272908e-10,1.9069721886140336e-10,1.9042978241716264e-10,1.9016468140313353e-10,1.8990191635243677e-10,1.8964148422090668e-10,1.8938337879461226e-10,1.8912759105669698e-10,1.88874109517613e-10,1.8862292051238684e-10,1.883740084681896e-10,1.8812735614514587e-10,1.8788294485301783e-10,1.8764075464613427e-10,1.8740076449870264e-10,1.8716295246240976e-10,1.8692729580804393e-10,1.8669377115269539e-10,1.864623545739275e-10,1.862330217121885e-10,1.8600574786259306e-10,1.8578050805711079e-10,1.8555727713808398e-10,1.8533602982390454e-10,1.8511674076761558e-10,1.8489938460911428e-10,1.846839360215748e-10,1.8447036975264806e-10,1.842586606609454e-10,1.840487837482568e-10,1.838407141879202e-10,1.8363442734972247e-10,1.8342989882164883e-10,1.8322710442880798e-10,1.830260202498156e-10,1.8282662263085387e-10,1.8262888819766675e-10,1.8243279386568749e-10,1.8223831684847782e-10,1.8204543466466068e-10,1.8185412514349182e-10,1.8166436642920533e-10,1.814761369842769e-10,1.8128941559169047e-10,1.811041813563484e-10,1.8092041370568436e-10,1.8073809238958012e-10,1.8055719747966684e-10,1.8037770936807866e-10,1.8019960876570653e-10,1.8002287670003201e-10,1.7984749451257998e-10,1.7967344385604254e-10,1.7950070669110227e-10,1.7932926528302339e-10,1.7915910219800813e-10,1.7899020029938125e-10,1.7882254274361055e-10,1.7865611297619799e-10,1.7849089472746472e-10,1.7832687200824528e-10,1.7816402910551749e-10,1.7800235057796826e-10,1.7784182125153703e-10,1.776824262149222e-10,1.7752415081508845e-10,1.773669806527556e-10,1.7721090157791506e-10,1.7705589968534302e-10,1.769019613101539e-10,1.7674907302337588e-10,1.7659722162756302e-10,1.764463941524557e-10,1.76296577850675e-10,1.7614776019348016e-10,1.759999288665726e-10,1.7585307176595427e-10,1.757071769938492e-10,1.7556223285468427e-10,1.7541822785113015e-10,1.7527515068020798e-10,1.7513299022946342e-10,1.7499173557319748e-10,1.7485137596877508e-10,1.7471190085299102e-10,1.745732998385102e-10,1.7443556271036589e-10,1.7429867942253104e-10,1.74162640094556e-10,1.7402743500827043e-10,1.7389305460454893e-10,1.7375948948014633e-10,1.7362673038459482e-10,1.7349476821716515e-10,1.733635940238857e-10,1.7323319899463454e-10,1.731035744602846e-10,1.7297471188991015e-10,1.7284660288805246e-10,1.7271923919205015e-10,1.725926126694133e-10,1.7246671531527014e-10,1.7234153924985687e-10,1.7221707671606957e-10,1.7209332007706033e-10,1.7197026181389802e-10,1.7184789452327153e-10,1.7172621091524372e-10,1.7160520381105617e-10,1.7148486614098714e-10,1.7136519094224138e-10,1.7124617135691196e-10,1.711278006299543e-10,1.7101007210723585e-10,1.7089297923360411e-10,1.7077651555101793e-10,1.7066067469670086e-10,1.7054545040134787e-10,1.704308364873676e-10,1.703168268671621e-10,1.7020341554144472e-10,1.700905965975968e-10,1.6997836420805643e-10,1.69866712628747e-10,1.6975563619753552e-10,1.6964512933272542e-10,1.69535186531589e-10,1.6942580236892038e-10,1.6931697149562595e-10,1.6920868863734752e-10,1.6910094859310894e-10,1.6899374623399684e-10,1.6888707650186892e-10,1.6878093440808557e-10,1.686753150322757e-10,1.6857021352112402e-10,1.684656250871839e-10,1.6836154500771776e-10,1.6825796862356097e-10,1.6815489133801078e-10,1.6805230861573556e-10,1.6795021598171026e-10,1.6784860902017177e-10,1.6774748337359978e-10,1.6764683474171347e-10,1.6754665888049184e-10,1.6744695160121729e-10,1.6734770876953364e-10,1.6724892630452492e-10,1.6715060017781643e-10,1.670527264126904e-10,1.6695530108322254e-10,1.6685832031343155e-10,1.6676178027645086e-10,1.6666567719371814e-10,1.665700073341741e-10,1.664747670134816e-10,1.6637995259326293e-10,1.6628556048034941e-10,1.661915871260436e-10,1.6609802902540292e-10,1.6600488271652805e-10,1.659121447798759e-10,1.6581981183757802e-10,1.6572788055277528e-10,1.6563634762896547e-10,1.655452098093668e-10,1.6545446387628335e-10,1.6536410665049754e-10,1.6527413499066248e-10,1.6518454579271075e-10,1.6509533598927555e-10,1.6500650254912004e-10,1.6491804247657825e-10,1.6482995281100979e-10,1.647422306262584e-10,1.6465487303012836e-10,1.6456787716386434e-10,1.644812402016468e-10,1.6439495935008903e-10,1.6430903184775173e-10,1.6422345496466097e-10,1.6413822600183904e-10,1.6405334229084086e-10,1.6396880119329906e-10,1.6388460010048014e-10,1.6380073643284705e-10,1.6371720763962579e-10,1.6363401119839043e-10,1.6355114461464106e-10,1.6346860542140465e-10,1.63386391178829e-10,1.633044994737964e-10,1.6322292791953424e-10,1.6314167415523783e-10,1.6306073584569906e-10,1.6298011068094003e-10,1.6289979637585656e-10,1.6281979066986364e-10,1.627400913265498e-10,1.626606961333377e-10,1.6258160290114873e-10,1.6250280946407373e-10,1.6242431367905425e-10,1.6234611342555874e-10,1.622682066052767e-10,1.621905911418087e-10,1.6211326498036549e-10,1.6203622608747388e-10,1.619594724506828e-10,1.618830020782786e-10,1.6180681299900278e-10,1.6173090326177648e-10,1.616552709354276e-10,1.61579914108423e-10,1.6150483088860588e-10,1.6143001940293725e-10,1.6135547779724114e-10,1.6128120423595423e-10,1.6120719690187866e-10,1.611334539959416e-10,1.6105997373695696e-10,1.609867543613902e-10,1.6091379412312808e-10,1.608410912932516e-10,1.6076864415981326e-10,1.6069645102761834e-10,1.6062451021800597e-10,1.605528200686406e-10,1.604813789332988e-10,1.604101851816666e-10,1.6033923719913446e-10,1.6026853338659949e-10,1.601980721602684e-10,1.6012785195146383e-10,1.600578712064362e-10,1.5998812838617298e-10,1.5991862196621796e-10,1.5984935043648684e-10,1.5978031230109203e-10,1.5971150607816134e-10,1.5964293029966993e-10,1.5957458351126861e-10,1.5950646427211326e-10,1.594385711547028e-10,1.593709027447128e-10,1.5930345764083908e-10,1.592362344546371e-10,1.5916923181036453e-10,1.5910244834483323e-10,1.5903588270725366e-10,1.5896953355908817e-10,1.589033995739035e-10,1.588374794372274e-10,1.5877177184640626e-10,1.587062755104636e-10,1.58640989149963e-10,1.5857591149687256e-10,1.585110412944315e-10,1.58446377297014e-10,1.5838191827000386e-10,1.5831766298966278e-10,1.5825361024300597e-10,1.5818975882767806e-10,1.5812610755182683e-10,1.5806265523398593e-10,1.579994007029531e-10,1.57936342797674e-10,1.5787348036712505e-10,1.578108122702001e-10,1.5774833737559629e-10,1.5768605456170497e-10,1.5762396271650027e-10,1.5756206073743247e-10,1.575003475313208e-10,1.5743882201424845e-10,1.573774831114586e-10,1.5731632975725296e-10,1.5725536089489e-10,1.5719457547648797e-10,1.5713397246292423e-10,1.5707355082374027e-10,1.5701330953704443e-10,1.5695324758942187e-10,1.5689336397583854e-10,1.5683365769954864e-10,1.567741277720084e-10,1.5671477321278369e-10,1.5665559304946391e-10,1.5659658631757518e-10,1.5653775206049446e-10,1.564790893293651e-10,1.5642059718301365e-10,1.5636227468786887e-10,1.5630412091787964e-10,1.5624613495443432e-10,1.5618831588628328e-10,1.5613066280946172e-10,1.5607317482721044e-10,1.560158510499003e-10,1.5595869059496046e-10,1.5590169258680226e-10,1.5584485615674482e-10,1.5578818044294536e-10,1.5573166459032938e-10,1.556753077505161e-10,1.5561910908175362e-10,1.5556306774884878e-10,1.5550718292309864e-10,1.5545145378222644e-10,1.5539587951031345e-10,1.5534045929773626e-10,1.5528519234110057e-10,1.5523007784318012e-10,1.5517511501285126e-10,1.5512030306503418e-10,1.550656412206309e-10,1.5501112870646453e-10,1.5495676475522088e-10,1.549025486053885e-10,1.548484795012029e-10,1.5479455669258797e-10,1.547407794350974e-10,1.5468714698986365e-10,1.5463365862353779e-10,1.545803136082396e-10,1.5452711122150018e-10,1.5447405074621078e-10,1.5442113147056998e-10,1.5436835268803103e-10,1.54315713697252e-10,1.5426321380204353e-10,1.542108523113214e-10,1.5415862853905437e-10,1.541065418042158e-10,1.5405459143073845e-10,1.5400277674746306e-10,1.5395109708809215e-10,1.538995517911456e-10,1.5384814019991381e-10,1.5379686166241016e-10,1.5374571553132926e-10,1.5369470116400035e-10,1.5364381792234448e-10,1.535930651728303e-10,1.5354244228643385e-10,1.5349194863859255e-10,1.534415836091666e-10,1.5339134658239563e-10,1.5334123694685855e-10,1.5329125409543346e-10,1.5324139742525681e-10,1.531916663376859e-10,1.53142060238258e-10,1.5309257853665184e-10,1.5304322064665084e-10,1.5299398598610463e-10,1.5294487397689227e-10,1.5289588404488443e-10,1.5284701561990813e-10,1.5279826813570975e-10,1.5274964102992107e-10,1.5270113374402161e-10,1.5265274572330716e-10,1.5260447641685102e-10,1.5255632527747495e-10,1.5250829176171185e-10,1.524603753297732e-10,1.5241257544551786e-10,1.5236489157641855e-10,1.5231732319352827e-10,1.5226986977145144e-10,1.522225307883089e-10,1.5217530572571063e-10,1.521281940687224e-10,1.5208119530583535e-10,1.5203430892893778e-10,1.5198753443328387e-10,1.519408713174631e-10,1.5189431908337468e-10,1.518478772361957e-10,1.5180154528435405e-10,1.5175532273949913e-10,1.51709209116475e-10,1.516632039332927e-10,1.516173067111021e-10,1.5157151697416574e-10,1.5152583424983228e-10,1.5148025806850884e-10,1.514347879636366e-10,1.5138942347166373e-10,1.513441641320204e-10,1.5129900948709226e-10,1.5125395908219643e-10,1.5120901246555786e-10,1.5116416918828217e-10,1.5111942880433357e-10,1.5107479087050961e-10,1.5103025494641844e-10,1.5098582059445358e-10,1.509414873797729e-10,1.5089725487027318e-10,1.5085312263656946e-10,1.50809090251971e-10,1.507651572924605e-10,1.5072132333667028e-10,1.5067758796586047e-10,1.5063395076389958e-10,1.505904113172405e-10,1.50546969214901e-10,1.5050362404844142e-10,1.504603754119447e-10,1.5041722290199643e-10,1.503741661176628e-10,1.5033120466047152e-10,1.5028833813439182e-10,1.502455661458159e-10,1.5020288830353622e-10,1.5016030421872875e-10,1.501178135049331e-10,1.5007541577803353e-10,1.5003311065624048e-10,1.4999089776007115e-10,1.4994877671233196e-10,1.499067471380997e-10,1.498648086647041e-10,1.4982296092170922e-10,1.4978120354089645e-10,1.4973953615624675e-10,1.496979584039235e-10,1.4965646992225412e-10,1.4961507035171552e-10,1.4957375933491425e-10,1.4953253651657234e-10,1.4949140154350886e-10,1.4945035406462576e-10,1.4940939373088984e-10,1.493685201953163e-10,1.4932773311295549e-10,1.4928703214087462e-10,1.4924641693814245e-10,1.4920588716581585e-10,1.4916544248692246e-10,1.491250825664457e-10,1.4908480707131169e-10,1.4904461567037164e-10,1.4900450803438902e-10,1.4896448383602426e-10,1.4892454274982148e-10,1.488846844521924e-10,1.4884490862140306e-10,1.4880521493755995e-10,1.4876560308259594e-10,1.4872607274025563e-10,1.4868662359608514e-10,1.4864725533741304e-10,1.4860796765334136e-10,1.4856876023473115e-10,1.4852963277418876e-10,1.48490584966053e-10,1.484516165063822e-10,1.4841272709294347e-10,1.4837391642519667e-10,1.4833518420428297e-10,1.4829653013301387e-10,1.482579539158581e-10,1.4821945525892848e-10,1.4818103386997156e-10,1.4814268945835382e-10,1.4810442173505086e-10,1.4806623041263566e-10,1.4802811520526682e-10,1.4799007582867662e-10,1.4795211200015943e-10,1.4791422343856188e-10,1.4787640986427025e-10,1.4783867099919897e-10,1.4780100656678074e-10,1.4776341629195482e-10,1.4772589990115714e-10,1.4768845712230818e-10,1.4765108768480302e-10,1.476137913195016e-10,1.4757656775871656e-10,1.4753941673620397e-10,1.4750233798715365e-10,1.474653312481769e-10,1.474283962572988e-10,1.4739153275394633e-10,1.4735474047894007e-10,1.4731801917448265e-10,1.472813685841509e-10,1.4724478845288397e-10,1.4720827852697614e-10,1.4717183855406536e-10,1.471354682831257e-10,1.4709916746445515e-10,1.470629358496695e-10,1.4702677319169184e-10,1.4699067924474352e-10,1.4695465376433485e-10,1.4691869650725646e-10,1.4688280723157023e-10,1.4684698569660116e-10,1.4681123166292857e-10,1.467755448923765e-10,1.4673992514800567e-10,1.46704372194105e-10,1.4666888579618516e-10,1.4663346572096622e-10,1.465981117363721e-10,1.4656282361152262e-10,1.4652760111672347e-10,1.464924440234603e-10,1.464573521043894e-10,1.4642232513332995e-10,1.463873628852565e-10,1.4635246513628996e-10,1.4631763166369255e-10,1.462828622458577e-10,1.4624815666230341e-10,1.462135146936636e-10,1.461789361216832e-10,1.4614442072920807e-10,1.4610996830017904e-10,1.4607557861962424e-10,1.4604125147365158e-10,1.4600698664944284e-10,1.4597278393524468e-10,1.4593864312036278e-10,1.459045639951556e-10,1.458705463510256e-10,1.4583658998041344e-10,1.4580269467679064e-10,1.4576886023465327e-10,1.457350864495158e-10,1.457013731179031e-10,1.4566772003734514e-10,1.4563412700636947e-10,1.456005938244944e-10,1.4556712029222382e-10,1.4553370621104065e-10,1.455003513833992e-10,1.4546705561271998e-10,1.4543381870338404e-10,1.454006404607252e-10,1.4536752069102477e-10,1.453344592015055e-10,1.4530145580032526e-10,1.452685102965717e-10,1.4523562250025487e-10,1.4520279222230317e-10,1.4517001927455644e-10,1.4513730346976003e-10,1.4510464462155953e-10,1.4507204254449484e-10,1.4503949705399438e-10,1.4500700796636986e-10,1.449745750988103e-10,1.4494219826937662e-10,1.4490987729699648e-10,1.448776120014577e-10,1.4484540220340474e-10,1.4481324772433113e-10,1.447811483865763e-10,1.447491040133191e-10,1.4471711442857292e-10,1.446851794571797e-10,1.4465329892480567e-10,1.446214726579362e-10,1.4458970048387e-10,1.4455798223071574e-10,1.4452631772738425e-10,1.4449470680358547e-10,1.4446314928982484e-10,1.444316450173949e-10,1.4440019381837317e-10,1.4436879552561708e-10,1.4433744997275743e-10,1.4430615699419618e-10,1.4427491642509877e-10,1.4424372810139271e-10,1.4421259185976056e-10,1.4418150753763595e-10,1.441504749731993e-10,1.44119494005374e-10,1.4408856447381977e-10,1.4405768621892993e-10,1.4402685908182767e-10,1.4399608290435935e-10,1.4396535752909113e-10,1.4393468279930578e-10,1.4390405855899702e-10,1.438734846528654e-10,1.4384296092631495e-10,1.4381248722544799e-10,1.4378206339706164e-10,1.4375168928864303e-10,1.437213647483658e-10,1.436910896250859e-10,1.4366086376833668e-10,1.436306870283263e-10,1.4360055925593373e-10,1.4357048030270278e-10,1.435404500208403e-10,1.43510468263211e-10,1.4348053488333433e-10,1.4345064973538105e-10,1.434208126741672e-10,1.433910235551534e-10,1.4336128223443825e-10,1.4333158856875693e-10,1.433019424154757e-10,1.4327234363258968e-10,1.432427920787179e-10,1.43213287613101e-10,1.4318383009559596e-10,1.4315441938667381e-10,1.4312505534741588e-10,1.4309573783950994e-10,1.4306646672524706e-10,1.4303724186751793e-10,1.4300806312980933e-10,1.4297893037620086e-10,1.429498434713619e-10,1.4292080228054724e-10,1.4289180666959514e-10,1.42862856504922e-10,1.4283395165352105e-10,1.4280509198295812e-10,1.4277627736136886e-10,1.4274750765745456e-10,1.4271878274047992e-10,1.4269010248026956e-10,1.426614667472047e-10,1.4263287541221997e-10,1.42604328346801e-10,1.4257582542297984e-10,1.4254736651333346e-10,1.425189514909801e-10,1.4249058022957562e-10,1.424622526033116e-10,1.4243396848691104e-10,1.4240572775562708e-10,1.4237753028523877e-10,1.4234937595204762e-10,1.4232126463287685e-10,1.4229319620506628e-10,1.4226517054647104e-10,1.4223718753545666e-10,1.4220924705089935e-10,1.4218134897218067e-10,1.4215349317918527e-10,1.4212567955229906e-10,1.4209790797240542e-10,1.4207017832088215e-10,1.420424904796005e-10,1.420148443309204e-10,1.4198723975768985e-10,1.419596766432401e-10,1.4193215487138464e-10,1.4190467432641622e-10,1.4187723489310344e-10,1.4184983645668956e-10,1.418224789028882e-10,1.4179516211788226e-10,1.4176788598832104e-10,1.4174065040131683e-10,1.4171345524444328e-10,1.4168630040573298e-10,1.416591857736751e-10,1.4163211123721135e-10,1.4160507668573608e-10,1.4157808200909173e-10,1.4155112709756746e-10,1.4152421184189629e-10,1.414973361332533e-10,1.4147049986325263e-10,1.4144370292394586e-10,1.4141694520781877e-10,1.4139022660779016e-10,1.4136354701720805e-10,1.413369063298488e-10,1.4131030443991465e-10,1.4128374124203076e-10,1.4125721663124278e-10,1.4123073050301614e-10,1.4120428275323257e-10,1.411778732781878e-10,1.4115150197459048e-10,1.4112516873955852e-10,1.4109887347061895e-10,1.4107261606570357e-10,1.4104639642314823e-10,1.4102021444169067e-10,1.4099407002046745e-10,1.409679630590132e-10,1.4094189345725757e-10,1.4091586111552324e-10,1.408898659345244e-10,1.408639078153645e-10,1.4083798665953433e-10,1.408121023689096e-10,1.407862548457491e-10,1.4076044399269296e-10,1.407346697127612e-10,1.4070893190934998e-10,1.4068323048623216e-10,1.4065756534755267e-10,1.4063193639782868e-10,1.4060634354194752e-10,1.4058078668516362e-10,1.4055526573309689e-10,1.4052978059173237e-10,1.405043311674162e-10,1.404789173668552e-10,1.40453539097115e-10,1.4042819626561748e-10,1.4040288878013972e-10,1.403776165488113e-10,1.4035237948011364e-10,1.403271774828772e-10,1.4030201046628086e-10,1.402768783398486e-10,1.4025178101344923e-10,1.40226718397294e-10,1.4020169040193476e-10,1.4017669693826257e-10,1.4015173791750562e-10,1.4012681325122863e-10,1.4010192285132937e-10,1.400770666300384e-10,1.400522444999172e-10,1.4002745637385592e-10,1.4000270216507214e-10,1.3997798178710928e-10,1.3995329515383537e-10,1.3992864217944055e-10,1.3990402277843609e-10,1.3987943686565286e-10,1.398548843562392e-10,1.3983036516565984e-10,1.3980587920969438e-10,1.3978142640443566e-10,1.3975700666628755e-10,1.397326199119645e-10,1.3970826605848963e-10,1.3968394502319246e-10,1.3965965672370856e-10,1.396354010779778e-10,1.3961117800424214e-10,1.395869874210448e-10,1.3956282924722917e-10,1.3953870340193616e-10,1.3951460980460374e-10,1.3949054837496475e-10,1.3946651903304638e-10,1.394425216991686e-10,1.394185562939419e-10,1.3939462273826592e-10,1.3937072095332964e-10,1.3934685086060816e-10,1.393230123818626e-10,1.3929920543913778e-10,1.3927542995476162e-10,1.392516858513426e-10,1.392279730517701e-10,1.3920429147921214e-10,1.391806410571139e-10,1.3915702170919702e-10,1.391334333594567e-10,1.39109875932163e-10,1.3908634935185708e-10,1.39062853543352e-10,1.3903938843172965e-10,1.390159539423403e-10,1.3899255000080116e-10,1.3896917653299528e-10,1.3894583346507022e-10,1.3892252072343705e-10,1.3889923823476827e-10,1.3887598592599803e-10,1.3885276372431981e-10,1.3882957155718466e-10,1.3880640935230126e-10,1.3878327703763437e-10,1.3876017454140334e-10,1.387371017920811e-10,1.3871405871839308e-10,1.3869104524931582e-10,1.3866806131407565e-10,1.3864510684214807e-10,1.3862218176325606e-10,1.385992860073687e-10,1.3857641950470198e-10,1.3855358218571455e-10,1.38530773981109e-10,1.3850799482182967e-10,1.3848524463906252e-10,1.3846252336423223e-10,1.3843983092900257e-10,1.3841716726527548e-10,1.3839453230518863e-10,1.3837192598111536e-10,1.383493482256636e-10,1.3832679897167428e-10,1.3830427815222057e-10,1.3828178570060694e-10,1.382593215503677e-10,1.382368856352666e-10,1.38214477889295e-10,1.3819209824667133e-10,1.3816974664184027e-10,1.3814742300947075e-10,1.381251272844557e-10,1.3810285940191183e-10,1.3808061929717697e-10,1.3805840690581014e-10,1.380362221635897e-10,1.3801406500651326e-10,1.3799193537079668e-10,1.379698331928717e-10,1.379477584093871e-10,1.3792571095720625e-10,1.379036907734063e-10,1.3788168941947823e-10,1.378597149959737e-10,1.3783776816322723e-10,1.3781584898427049e-10,1.3779395739899013e-10,1.3777209330525414e-10,1.377502565889743e-10,1.3772844713387858e-10,1.3770666482679201e-10,1.3768490956082912e-10,1.3766318123200577e-10,1.3764147974304547e-10,1.376198050010533e-10,1.375981569153502e-10,1.375765354015804e-10,1.375549403759097e-10,1.3753337175832926e-10,1.3751182947266634e-10,1.3749031344326704e-10,1.3746882359675378e-10,1.3744735986276309e-10,1.3742592217187145e-10,1.3740451045481822e-10,1.3738312464591806e-10,1.3736176467864031e-10,1.3734043048819917e-10,1.3731912201130497e-10,1.3729783918510845e-10,1.3727658194760216e-10,1.372553502377246e-10,1.372341439942353e-10,1.3721296315828266e-10,1.3719180766873816e-10,1.3717067746688685e-10,1.3714957249552241e-10,1.3712849269450147e-10,1.371074380073363e-10,1.3708640837614587e-10,1.3706540374392947e-10,1.3704442405582605e-10,1.3702346925329585e-10,1.3700253928055843e-10,1.369816340822578e-10,1.3696075360308348e-10,1.3693989778802403e-10,1.3691906658165195e-10,1.3689825992948088e-10,1.3687747777708703e-10,1.3685672007012026e-10,1.368359867546474e-10,1.3681527777686053e-10,1.3679459308318835e-10,1.3677393262038934e-10,1.367532963350085e-10,1.3673268417393215e-10,1.367120960850146e-10,1.3669153201530858e-10,1.3667099191241572e-10,1.366504757243684e-10,1.3662998339901375e-10,1.3660951488505353e-10,1.365890701291876e-10,1.365686490808298e-10,1.3654825168870325e-10,1.3652787790145776e-10,1.3650752766862723e-10,1.3648720093937903e-10,1.36466897662661e-10,1.3644661778837096e-10,1.3642636126597489e-10,1.36406128045418e-10,1.3638591807673508e-10,1.3636573131009054e-10,1.363455676961701e-10,1.3632542718514547e-10,1.3630530972780592e-10,1.3628521527495909e-10,1.362651437778939e-10,1.3624509518735746e-10,1.3622506945429687e-10,1.362050665313002e-10,1.3618508636943423e-10,1.361651289205092e-10,1.3614519413659895e-10,1.3612528197001409e-10,1.3610539237255528e-10,1.3608552529555108e-10,1.360656806925485e-10,1.3604585851780641e-10,1.3602605872291249e-10,1.3600628126103131e-10,1.3598652608475963e-10,1.3596679314792546e-10,1.359470824034949e-10,1.359273938056329e-10,1.3590772730775003e-10,1.358880828636801e-10,1.3586846042698762e-10,1.3584885995249576e-10,1.3582928139443847e-10,1.35809724707108e-10,1.3579018984512894e-10,1.3577067676342486e-10,1.3575118541648448e-10,1.3573171575950648e-10,1.3571226774759272e-10,1.3569284133608294e-10,1.3567343648043397e-10,1.3565405313614317e-10,1.3563469125888093e-10,1.356153508045461e-10,1.355960317290665e-10,1.3557673398843896e-10,1.355574575390879e-10,1.3553820233733014e-10,1.3551896833963487e-10,1.3549975550260258e-10,1.35480563783051e-10,1.3546139313786695e-10,1.3544224352416485e-10,1.3542311489891652e-10,1.3540400721938085e-10,1.3538492044313508e-10,1.3536585452731354e-10,1.3534680943030028e-10,1.3532778510951173e-10,1.3530878152293997e-10,1.3528979862851288e-10,1.3527083638455265e-10,1.3525189474921635e-10,1.352329736809819e-10,1.3521407313846945e-10,1.351951930803842e-10,1.351763334653245e-10,1.351574942522276e-10,1.3513867540025779e-10,1.3511987686858971e-10,1.3510109861647293e-10,1.350823406033117e-10,1.3506360278856815e-10,1.3504488513197664e-10,1.3502618759322212e-10,1.350075101322737e-10,1.3498885270910412e-10,1.3497021528401877e-10,1.3495159781687756e-10,1.3493300026817924e-10,1.3491442259835256e-10,1.3489586476810367e-10,1.3487732673828046e-10,1.3485880846951534e-10,1.3484030992251278e-10,1.3482183105856093e-10,1.3480337183879963e-10,1.347849324124105e-10,1.3476651255798995e-10,1.347481122225174e-10,1.3472973136280609e-10,1.3471136993889609e-10,1.346930279133067e-10,1.3467470524923756e-10,1.3465640190972687e-10,1.346381178582344e-10,1.3461985305828763e-10,1.346016074733732e-10,1.345833810668555e-10,1.3456517380226658e-10,1.3454698564312856e-10,1.3452881655296674e-10,1.345106664953622e-10,1.34492535433878e-10,1.3447442333213587e-10,1.34456330153754e-10,1.3443825586250682e-10,1.3442020042216357e-10,1.3440216379657825e-10,1.3438414594962766e-10,1.3436614684551922e-10,1.3434816644893899e-10,1.3433020472268434e-10,1.343122616316884e-10,1.3429433714022903e-10,1.3427643121278843e-10,1.3425854381380032e-10,1.3424067490783631e-10,1.342228244605009e-10,1.3420499243481692e-10,1.3418717879648437e-10,1.3416938351040448e-10,1.3415160654166186e-10,1.3413384785534144e-10,1.3411610741663356e-10,1.340983851902822e-10,1.3408068114295999e-10,1.3406299523952137e-10,1.340453274456799e-10,1.3402767772683706e-10,1.3401004604882542e-10,1.3399243237758782e-10,1.3397483667881272e-10,1.339572589190494e-10,1.33939699064424e-10,1.3392215708072806e-10,1.339046329345111e-10,1.3388712659141185e-10,1.3386963801970834e-10,1.3385216718481066e-10,1.3383471405365353e-10,1.3381727859291792e-10,1.3379986076932043e-10,1.3378246055034916e-10,1.3376507790229325e-10,1.33747712793204e-10,1.3373036518996757e-10,1.3371303505973404e-10,1.3369572237013103e-10,1.3367842708787695e-10,1.3366114918208703e-10,1.3364388861943153e-10,1.3362664536777236e-10,1.3360941939525954e-10,1.3359221066972218e-10,1.3357501915885155e-10,1.335578448310876e-10,1.3354068765508832e-10,1.3352354759777795e-10,1.3350642462872467e-10,1.3348931871603386e-10,1.3347222982803167e-10,1.334551579338395e-10,1.3343810300194005e-10,1.3342106500119008e-10,1.334040439004274e-10,1.3338703966864038e-10,1.33370052274915e-10,1.3335308168834556e-10,1.333361278782617e-10,1.3331919081269112e-10,1.333022704633366e-10,1.332853667985454e-10,1.3326847978790965e-10,1.332516094010057e-10,1.3323475560761656e-10,1.33217918377267e-10,1.332010976802465e-10,1.3318429348606055e-10,1.3316750576542601e-10,1.331507344879872e-10,1.3313397962404856e-10,1.3311724114386682e-10,1.3310051901778338e-10,1.3308381321653628e-10,1.330671237101044e-10,1.3305045046940079e-10,1.3303379346504047e-10,1.330171526677215e-10,1.3300052804831172e-10,1.3298391957796012e-10,1.329673272272316e-10,1.329507509672927e-10,1.3293419076938993e-10,1.3291764660465565e-10,1.329011184443946e-10,1.3288460626007382e-10,1.3286811002296833e-10,1.328516297047476e-10,1.3283516527744646e-10,1.328187167117054e-10,1.3280228398048368e-10,1.3278586705414377e-10,1.3276946590533953e-10,1.3275308050612824e-10,1.3273671082823012e-10,1.3272035684388817e-10,1.3270401852535941e-10,1.3268769584485e-10,1.326713887746305e-10,1.3265509728683205e-10,1.3263882135462353e-10,1.326225609500624e-10,1.326063160457531e-10,1.3259008661415306e-10,1.3257387262880748e-10,1.3255767406159088e-10,1.3254149088633606e-10,1.3252532307551022e-10,1.3250917060225582e-10,1.3249303343955229e-10,1.3247691156062817e-10,1.3246080493894538e-10,1.3244471354726824e-10,1.3242863735926177e-10,1.3241257634910607e-10,1.3239653048886431e-10,1.323804997528418e-10,1.3236448411468427e-10,1.3234848354814382e-10,1.3233249802694704e-10,1.323165275247789e-10,1.3230057201573821e-10,1.3228463147391602e-10,1.3226870587326095e-10,1.3225279518937494e-10,1.3223689939358412e-10,1.3222101846168785e-10,1.3220515236775785e-10,1.321893010861998e-10,1.3217346459146185e-10,1.3215764285813473e-10,1.321418358603667e-10,1.3212604357349777e-10,1.3211026597193442e-10,1.320945030298949e-10,1.3207875472321654e-10,1.3206302102634628e-10,1.3204730191427163e-10,1.320315973618653e-10,1.3201590734430338e-10,1.3200023183652878e-10,1.3198457081414358e-10,1.3196892425214694e-10,1.3195329212614446e-10,1.319376744112107e-10,1.3192207108285698e-10,1.3190648211695218e-10,1.318909074881803e-10,1.318753471731918e-10,1.3185980114719504e-10,1.3184426938603892e-10,1.3182875186559248e-10,1.3181324856162322e-10,1.3179775945014536e-10,1.3178228450717107e-10,1.3176682370854007e-10,1.3175137703070432e-10,1.317359444497434e-10,1.317205259418499e-10,1.3170512148317796e-10,1.3168973105044245e-10,1.3167435461980746e-10,1.3165899216781874e-10,1.3164364367039262e-10,1.3162830910528754e-10,1.316129884485734e-10,1.3159768167698851e-10,1.315823887672451e-10,1.3156710969615468e-10,1.3155184444008377e-10,1.3153659297703662e-10,1.315213552834566e-10,1.3150613133641995e-10,1.3149092111298285e-10,1.3147572459033606e-10,1.3146054174559134e-10,1.3144537255611175e-10,1.3143021699935707e-10,1.314150750520623e-10,1.313999466926206e-10,1.3138483189804765e-10,1.3136973064586768e-10,1.31354642913888e-10,1.3133956867954975e-10,1.3132450792033388e-10,1.3130946061445156e-10,1.3129442673955404e-10,1.312794062735895e-10,1.3126439919440156e-10,1.312494054799871e-10,1.3123442510880528e-10,1.3121945805811618e-10,1.3120450430636103e-10,1.3118956383179447e-10,1.3117463661262168e-10,1.3115972262686786e-10,1.3114482185331188e-10,1.3112993427045437e-10,1.3111505985656202e-10,1.311001985901837e-10,1.3108535044961252e-10,1.310705154136661e-10,1.3105569346096757e-10,1.3104088457023473e-10,1.3102608872019168e-10,1.310113058897518e-10,1.309965360576166e-10,1.3098177920293364e-10,1.3096703530412137e-10,1.3095230434027634e-10,1.309375862910096e-10,1.309228811354769e-10,1.3090818885192583e-10,1.308935094201936e-10,1.3087884282006573e-10,1.3086418903035824e-10,1.3084954802989843e-10,1.3083491979865028e-10,1.308203043166109e-10,1.3080570156204005e-10,1.3079111151549978e-10,1.3077653415583585e-10,1.3076196946350186e-10,1.3074741741777826e-10,1.3073287799837427e-10,1.307183511851037e-10,1.3070383695790138e-10,1.3068933529662397e-10,1.30674846180975e-10,1.3066036959056978e-10,1.306459055065e-10,1.306314539082855e-10,1.3061701477600955e-10,1.3060258808996573e-10,1.3058817383030225e-10,1.3057377197667795e-10,1.305593825105233e-10,1.30545005411667e-10,1.305306406605859e-10,1.3051628823714783e-10,1.3050194812251897e-10,1.3048762029711537e-10,1.3047330474173511e-10,1.3045900143616145e-10,1.3044471036213756e-10,1.3043043149965698e-10,1.304161648299097e-10,1.3040191033329435e-10,1.3038766799100177e-10,1.3037343778396373e-10,1.3035921969278441e-10,1.3034501369860987e-10,1.303308197825537e-10,1.3031663792556846e-10,1.3030246810862397e-10,1.3028831031315956e-10,1.302741645202334e-10,1.3026003071108902e-10,1.3024590886701288e-10,1.3023179896932895e-10,1.3021770099941363e-10,1.3020361493867311e-10,1.30189540768443e-10,1.3017547847047252e-10,1.30161428026178e-10,1.3014738941702122e-10,1.3013336262487316e-10,1.3011934763127915e-10,1.3010534441794138e-10,1.3009135296661544e-10,1.3007737325908755e-10,1.3006340527719656e-10,1.300494490028181e-10,1.3003550441786806e-10,1.3002157150430254e-10,1.3000765024412313e-10,1.2999374061936562e-10,1.2997984261210696e-10,1.2996595620447035e-10,1.2995208137861316e-10,1.2993821811673776e-10,1.2992436640108877e-10,1.2991052621394052e-10,1.298966975374763e-10,1.2988288035419528e-10,1.2986907464650483e-10,1.2985528039683894e-10,1.2984149758782592e-10,1.2982772620166219e-10,1.2981396622111548e-10,1.298002176287495e-10,1.29786480407208e-10,1.2977275453915072e-10,1.29759040007302e-10,1.2974533679388056e-10,1.2973164488227595e-10,1.2971796425572093e-10,1.2970429489659413e-10,1.296906367876465e-10,1.29676989912169e-10,1.2966335425301315e-10,1.2964972979300138e-10,1.2963611651536497e-10,1.2962251440323318e-10,1.2960892343995218e-10,1.2959534360810005e-10,1.2958177489133791e-10,1.2956821727229374e-10,1.2955467073522799e-10,1.2954113526300377e-10,1.2952761083849191e-10,1.2951409744602332e-10,1.295005950686576e-10,1.294871036897547e-10,1.2947362329265464e-10,1.2946015386104804e-10,1.2944669537853286e-10,1.2943324782862382e-10,1.2941981119460107e-10,1.2940638546112178e-10,1.293929706113489e-10,1.293795666290387e-10,1.2936617349766215e-10,1.293527912019522e-10,1.2933941972502709e-10,1.293260590510065e-10,1.2931270916383565e-10,1.2929937004745563e-10,1.2928604168557048e-10,1.292727240626594e-10,1.2925941716235738e-10,1.2924612096923105e-10,1.292328354670405e-10,1.2921956064040948e-10,1.2920629647333458e-10,1.291930429499706e-10,1.2917980005460416e-10,1.2916656777116572e-10,1.2915334608455388e-10,1.2914013497930737e-10,1.2912693443964608e-10,1.2911374444991563e-10,1.2910056499461038e-10,1.2908739605781226e-10,1.2907423762491813e-10,1.2906108968000649e-10,1.2904795220785802e-10,1.2903482519306032e-10,1.2902170862024935e-10,1.2900860247416217e-10,1.2899550673953604e-10,1.289824214011701e-10,1.289693464441295e-10,1.2895628185279987e-10,1.2894322761224262e-10,1.2893018370756618e-10,1.2891715012378792e-10,1.2890412684512602e-10,1.2889111385723025e-10,1.2887811114483868e-10,1.2886511869333387e-10,1.2885213648763568e-10,1.2883916451281238e-10,1.2882620275330064e-10,1.288132511960789e-10,1.2880030982518504e-10,1.2878737862622947e-10,1.2877445758448395e-10,1.2876154668505108e-10,1.2874864591331775e-10,1.287357552553288e-10,1.2872287469555148e-10,1.287100042212193e-10,1.2869714381524932e-10,1.2868429346400144e-10,1.2867145315339494e-10,1.2865862286890685e-10,1.2864580259606085e-10,1.2863299232063684e-10,1.286201920283012e-10,1.2860740170466795e-10,1.2859462133555878e-10,1.285818509069168e-10,1.285690904039092e-10,1.2855633981273492e-10,1.2854359911912827e-10,1.2853086830889698e-10,1.2851814736763816e-10,1.2850543628231846e-10,1.2849273503825557e-10,1.284800436215099e-10,1.2846736201809996e-10,1.2845469021403188e-10,1.2844202819538294e-10,1.284293759482921e-10,1.284167334592887e-10,1.284041007135585e-10,1.2839147769797805e-10,1.2837886439858493e-10,1.283662608017131e-10,1.2835366689360116e-10,1.2834108266062742e-10,1.283285080890643e-10,1.283159431653136e-10,1.2830338787575313e-10,1.2829084220718296e-10,1.2827830614521596e-10,1.2826577967677463e-10,1.2825326278839373e-10,1.2824075546652585e-10,1.282282576977738e-10,1.2821576946888604e-10,1.282032907661236e-10,1.2819082157635528e-10,1.281783618861875e-10,1.281659116823104e-10,1.2815347095148677e-10,1.2814103968051776e-10,1.2812861785634294e-10,1.2811620546560928e-10,1.2810380249488878e-10,1.2809140893126563e-10,1.280790247615733e-10,1.2806664997288202e-10,1.280542845522538e-10,1.2804192848609598e-10,1.2802958176178364e-10,1.2801724436637396e-10,1.2800491628711686e-10,1.279925975103939e-10,1.2798028802420518e-10,1.279679878146046e-10,1.279556968695535e-10,1.2794341517610048e-10,1.2793114272114838e-10,1.2791887949205978e-10,1.2790662547619706e-10,1.2789438066084822e-10,1.278821450333227e-10,1.2786991858090497e-10,1.2785770129165077e-10,1.2784549315152432e-10,1.278332941486694e-10,1.2782110427059435e-10,1.2780892350475006e-10,1.2779675183859367e-10,1.2778458925961793e-10,1.277724357554871e-10,1.2776029131342326e-10,1.2774815592129608e-10,1.277360295668075e-10,1.2772391223712534e-10,1.2771180392011043e-10,1.2769970460393953e-10,1.2768761427470713e-10,1.27675532922676e-10,1.2766346053408706e-10,1.2765139709712772e-10,1.2763934259927853e-10,1.276272970284766e-10,1.276152603728978e-10,1.2760323262020786e-10,1.2759121375818725e-10,1.2757920377502762e-10,1.2756720265844311e-10,1.2755521039650115e-10,1.2754322697712764e-10,1.275312523884257e-10,1.2751928661816384e-10,1.2750732965475017e-10,1.2749538148632113e-10,1.2748344210082367e-10,1.2747151148646254e-10,1.2745958963153454e-10,1.2744767652400792e-10,1.274357721517894e-10,1.274238765039709e-10,1.2741198956807953e-10,1.2740011133298444e-10,1.2738824178675226e-10,1.2737638091772805e-10,1.273645287145084e-10,1.2735268516454597e-10,1.2734085025724783e-10,1.2732902398058322e-10,1.2731720632306667e-10,1.2730539727320038e-10,1.2729359681961728e-10,1.272818049504703e-10,1.2727002165465382e-10,1.2725824692044028e-10,1.2724648073655528e-10,1.2723472309161757e-10,1.2722297397422976e-10,1.272112333730064e-10,1.2719950127664994e-10,1.2718777767383883e-10,1.2717606255332193e-10,1.2716435590380276e-10,1.2715265771409116e-10,1.2714096797291677e-10,1.271292866691609e-10,1.2711761379152513e-10,1.2710594932891932e-10,1.2709429327010602e-10,1.2708264560360063e-10,1.270710063193783e-10,1.2705937540533846e-10,1.2704775285140215e-10,1.2703613864527534e-10,1.2702453277757094e-10,1.2701293523583088e-10,1.270013460096811e-10,1.2698976508818555e-10,1.2697819246092763e-10,1.2696662811666221e-10,1.269550720442446e-10,1.2694352423271638e-10,1.269319846715157e-10,1.2692045334974257e-10,1.2690893025721328e-10,1.2689741538237226e-10,1.268859087147147e-10,1.2687441024350256e-10,1.2686291995799855e-10,1.2685143784751093e-10,1.2683996390124296e-10,1.2682849810913086e-10,1.2681704045944796e-10,1.2680559094279386e-10,1.2679414954787674e-10,1.2678271626398786e-10,1.2677129108120263e-10,1.267598739884172e-10,1.2674846497602199e-10,1.2673706403223738e-10,1.267256711475607e-10,1.2671428631122515e-10,1.267029095126782e-10,1.2669154074165661e-10,1.2668017998791559e-10,1.2666882724091363e-10,1.2665748249047668e-10,1.2664614572603065e-10,1.2663481693737213e-10,1.2662349611422429e-10,1.2661218324630894e-10,1.2660087832335132e-10,1.2658958133527433e-10,1.2657829227160107e-10,1.2656701112226884e-10,1.2655573787711354e-10,1.2654447252601615e-10,1.2653321505876496e-10,1.2652196546529934e-10,1.2651072373547714e-10,1.2649948985962195e-10,1.264882638267776e-10,1.264770456275753e-10,1.2646583525186842e-10,1.264546326896489e-10,1.2644343793093193e-10,1.2643225096534665e-10,1.2642107178375812e-10,1.2640990037580012e-10,1.2639873673159668e-10,1.2638758084116667e-10,1.2637643269456688e-10,1.2636529228236707e-10,1.2635415959448055e-10,1.263430346210647e-10,1.2633191735234772e-10,1.2632080777853313e-10,1.26309705889884e-10,1.2629861167661e-10,1.262875251289291e-10,1.2627644623735155e-10,1.262653749920282e-10,1.2625431138273408e-10,1.262432554009956e-10,1.2623220703659114e-10,1.2622116627989635e-10,1.2621013312131735e-10,1.2619910755135907e-10,1.2618808956027205e-10,1.2617707913861885e-10,1.2616607627687707e-10,1.2615508096548385e-10,1.2614409319513265e-10,1.2613311295599344e-10,1.2612214023904485e-10,1.2611117503445844e-10,1.261002173329691e-10,1.260892671251749e-10,1.2607832440192846e-10,1.2606738915299897e-10,1.2605646136956907e-10,1.2604554104279972e-10,1.2603462816293903e-10,1.2602372272090942e-10,1.260128247069637e-10,1.2600193411204055e-10,1.2599105092652024e-10,1.2598017514215416e-10,1.2596930674907755e-10,1.2595844573815954e-10,1.2594759209991307e-10,1.2593674582577863e-10,1.25925906906301e-10,1.25915075332258e-10,1.259042510948598e-10,1.2589343418461937e-10,1.2588262459260274e-10,1.2587182230975578e-10,1.258610273269982e-10,1.2585023963532274e-10,1.2583945922577112e-10,1.2582868608917247e-10,1.2581792021660487e-10,1.2580716159937966e-10,1.257964102281029e-10,1.2578566609399685e-10,1.2577492918823774e-10,1.2576419950191775e-10,1.257534770260104e-10,1.2574276175172688e-10,1.2573205367001488e-10,1.2572135277219185e-10,1.2571065904970554e-10,1.256999724934648e-10,1.2568929309480214e-10,1.256786208452413e-10,1.256679557352441e-10,1.2565729775646943e-10,1.2564664690120861e-10,1.2563600315921334e-10,1.2562536652160152e-10,1.2561473698059306e-10,1.2560411452752277e-10,1.2559349915343594e-10,1.2558289084958265e-10,1.2557228960779423e-10,1.2556169541921649e-10,1.2555110827515185e-10,1.255405281672222e-10,1.2552995508628857e-10,1.2551938902481444e-10,1.2550882997384972e-10,1.2549827792471672e-10,1.254877328689093e-10,1.2547719479803768e-10,1.2546666370373717e-10,1.254561395774368e-10,1.2544562241076544e-10,1.2543511219474903e-10,1.2542460892156835e-10,1.254141125828534e-10,1.2540362317039983e-10,1.2539314067544112e-10,1.2538266508998067e-10,1.253721964053642e-10,1.253617346132227e-10,1.2535127970548976e-10,1.2534083167381342e-10,1.2533039050980204e-10,1.2531995620531025e-10,1.2530952875210192e-10,1.2529910814177397e-10,1.2528869436635273e-10,1.2527828741742678e-10,1.2526788728692357e-10,1.2525749396667967e-10,1.2524710744847672e-10,1.2523672772420596e-10,1.2522635478573958e-10,1.252159886249542e-10,1.252056292338039e-10,1.2519527660411428e-10,1.2518493072786017e-10,1.2517459159705453e-10,1.251642592040913e-10,1.251539335396974e-10,1.2514361459671956e-10,1.251333023670582e-10,1.2512299684268226e-10,1.2511269801562217e-10,1.2510240587785145e-10,1.2509212042146218e-10,1.2508184163868473e-10,1.2507156952105315e-10,1.250613040613831e-10,1.2505104525149393e-10,1.2504079308349073e-10,1.2503054754960857e-10,1.2502030864184557e-10,1.2501007635236013e-10,1.2499985067338567e-10,1.249896315976288e-10,1.2497941911708268e-10,1.249692132229024e-10,1.2495901390800913e-10,1.249488211646483e-10,1.2493863498525047e-10,1.249284553619724e-10,1.2491828228715937e-10,1.249081157529729e-10,1.24897955751806e-10,1.2488780227601686e-10,1.248776553178671e-10,1.2486751487003074e-10,1.2485738092435943e-10,1.2484725347345623e-10,1.2483713250928022e-10,1.2482701802509903e-10,1.2481691001256198e-10,1.248068084647603e-10,1.2479671337385152e-10,1.2478662473220775e-10,1.2477654253239685e-10,1.24766466766857e-10,1.2475639742807225e-10,1.247463345080547e-10,1.2473627800037116e-10,1.2472622789698537e-10,1.2471618419054662e-10,1.2470614687339035e-10,1.2469611593787848e-10,1.2468609137765818e-10,1.2467607318395132e-10,1.2466606135000471e-10,1.2465605586885239e-10,1.246460567329264e-10,1.2463606393451175e-10,1.2462607746657993e-10,1.2461609732110386e-10,1.246061234918272e-10,1.2459615597111355e-10,1.245861947508919e-10,1.245762398249632e-10,1.245662911855125e-10,1.2455634882557544e-10,1.2454641273795672e-10,1.2453648291473209e-10,1.24526559348727e-10,1.245166420336283e-10,1.245067309616781e-10,1.2449682612584524e-10,1.2448692751888315e-10,1.244770351335977e-10,1.2446714896286439e-10,1.2445726899959574e-10,1.2444739523587218e-10,1.244375276661903e-10,1.2442766628192752e-10,1.244178110761971e-10,1.2440796204359558e-10,1.2439811917588712e-10,1.2438828246526477e-10,1.2437845190619397e-10,1.2436862749091571e-10,1.2435880921177465e-10,1.2434899706296643e-10,1.2433919103606938e-10,1.2432939112593633e-10,1.2431959732464795e-10,1.2430980962532458e-10,1.2430002802083639e-10,1.2429025250377782e-10,1.2428048306851388e-10,1.2427071970734604e-10,1.24260962413324e-10,1.2425121117983994e-10,1.2424146599988332e-10,1.2423172686664333e-10,1.242219937730246e-10,1.2421226671251258e-10,1.242025456781429e-10,1.2419283066309828e-10,1.2418312166044658e-10,1.2417341866351465e-10,1.2416372166540284e-10,1.2415403065958735e-10,1.2414434563940024e-10,1.2413466659772615e-10,1.2412499352733213e-10,1.241153264228991e-10,1.2410566527674997e-10,1.2409601008256883e-10,1.2408636083341577e-10,1.2407671752244023e-10,1.2406708014345805e-10,1.2405744868897348e-10,1.2404782315343437e-10,1.2403820353016998e-10,1.24028589811406e-10,1.2401898199121673e-10,1.240093800621138e-10,1.2399978401932308e-10,1.239901938554955e-10,1.2398060956355934e-10,1.2397103113713803e-10,1.2396145856917802e-10,1.239518918545282e-10,1.2394233098572092e-10,1.2393277595647043e-10,1.2392322676015777e-10,1.2391368339044404e-10,1.2390414584051075e-10,1.23894614104065e-10,1.2388508817473405e-10,1.2387556804605767e-10,1.238660537112554e-10,1.2385654516424138e-10,1.2384704239826384e-10,1.238375454072971e-10,1.238280541848036e-10,1.2381856872436642e-10,1.2380908901961547e-10,1.23799615064153e-10,1.237901468516631e-10,1.2378068437563543e-10,1.2377122762990615e-10,1.2376177660788488e-10,1.2375233130365177e-10,1.2374289171069476e-10,1.2373345782271298e-10,1.2372402963338195e-10,1.2371460713648543e-10,1.2370519032572776e-10,1.2369577919486907e-10,1.236863737376024e-10,1.2367697394774902e-10,1.236675798190267e-10,1.2365819134525145e-10,1.2364880852018911e-10,1.2363943133768846e-10,1.2363005979186313e-10,1.2362069387584221e-10,1.2361133358378557e-10,1.2360197890955677e-10,1.2359262984766302e-10,1.2358328639067143e-10,1.235739485331062e-10,1.235646162697972e-10,1.2355528959261923e-10,1.2354596849675802e-10,1.2353665297567222e-10,1.2352734302394541e-10,1.2351803863451217e-10,1.2350873980196866e-10,1.2349944652007677e-10,1.2349015878335344e-10,1.234808765848175e-10,1.2347159991878157e-10,1.2346232877955781e-10,1.2345306316092829e-10,1.234438030566922e-10,1.2343454846072815e-10,1.2342529936776325e-10,1.2341605577158697e-10,1.2340681766627696e-10,1.2339758504566728e-10,1.2338835790370873e-10,1.2337913623478693e-10,1.2336992003242322e-10,1.23360709291419e-10,1.2335150400583698e-10,1.2334230416961666e-10,1.2333310977668442e-10,1.2332392082114678e-10,1.2331473729743944e-10,1.2330555919956569e-10,1.2329638652087436e-10,1.2328721925714737e-10,1.232780574009763e-10,1.232689009480749e-10,1.2325974989187743e-10,1.2325060422618502e-10,1.232414639460003e-10,1.232323290451589e-10,1.2322319951790862e-10,1.2321407535821898e-10,1.2320495656097499e-10,1.2319584312009311e-10,1.2318673502958494e-10,1.2317763228398846e-10,1.2316853487753747e-10,1.231594428044421e-10,1.2315035605914919e-10,1.231412746362283e-10,1.2313219852925749e-10,1.23123127732895e-10,1.2311406224163655e-10,1.2310500204973382e-10,1.2309594715157308e-10,1.230868975415733e-10,1.2307785321388843e-10,1.2306881416335783e-10,1.2305978038375286e-10,1.2305075186981482e-10,1.2304172861545054e-10,1.2303271061596406e-10,1.230236978654006e-10,1.2301469035815202e-10,1.2300568808866077e-10,1.229966910515078e-10,1.2298769924086458e-10,1.229787126509165e-10,1.2296973127708144e-10,1.2296075511326471e-10,1.2295178415409074e-10,1.2294281839391688e-10,1.2293385782737136e-10,1.2292490244898293e-10,1.229159522532525e-10,1.229070072347301e-10,1.2289806738808583e-10,1.228891327075902e-10,1.2288020318791402e-10,1.2287127882294194e-10,1.2286235960873889e-10,1.228534455390026e-10,1.2284453660849685e-10,1.2283563281133025e-10,1.2282673414301448e-10,1.228178405977145e-10,1.2280895217028612e-10,1.2280006885489304e-10,1.2279119064704924e-10,1.227823175403269e-10,1.227734495297488e-10,1.2276458661008274e-10,1.227557287759521e-10,1.227468760221377e-10,1.2273802834328691e-10,1.2272918573410838e-10,1.2272034818948243e-10,1.227115157039202e-10,1.2270268827204042e-10,1.2269386588874562e-10,1.2268504854870367e-10,1.2267623624681879e-10,1.22667428977671e-10,1.2265862673623786e-10,1.2264982951708855e-10,1.2264103731513524e-10,1.2263225012499807e-10,1.226234679415839e-10,1.2261469075971975e-10,1.2260591857418857e-10,1.2259715137972004e-10,1.2258838917135952e-10,1.2257963194387884e-10,1.2257087969101577e-10,1.2256213241027298e-10,1.2255339009440918e-10,1.2254465273878623e-10,1.2253592033841393e-10,1.2252719288795497e-10,1.2251847038170737e-10,1.225097528161634e-10,1.2250104018497275e-10,1.2249233248356651e-10,1.2248362970676945e-10,1.2247493184948484e-10,1.2246623890672205e-10,1.2245755087327887e-10,1.2244886774408562e-10,1.2244018951432011e-10,1.2243151617877338e-10,1.224228477320863e-10,1.2241418417008336e-10,1.2240552548724282e-10,1.223968716786424e-10,1.2238822273938772e-10,1.2237957866434326e-10,1.2237093944791346e-10,1.223623050863614e-10,1.2235367557412262e-10,1.2234505090584507e-10,1.2233643107744443e-10,1.2232781608352483e-10,1.223192059192651e-10,1.2231060057963603e-10,1.2230200005971548e-10,1.2229340435459496e-10,1.2228481345936785e-10,1.2227622736913836e-10,1.2226764607901933e-10,1.222590695841314e-10,1.2225049787959376e-10,1.2224193096028765e-10,1.2223336882175455e-10,1.2222481145909562e-10,1.2221625886736356e-10,1.2220771104171812e-10,1.2219916797722564e-10,1.2219062966909023e-10,1.2218209611274889e-10,1.2217356730321174e-10,1.2216504323567491e-10,1.221565239053486e-10,1.2214800930725572e-10,1.2213949943685133e-10,1.2213099428944217e-10,1.2212249386012709e-10,1.2211399814415028e-10,1.2210550713656308e-10,1.220970208329547e-10,1.2208853922809687e-10,1.2208006231785542e-10,1.220715900973966e-10,1.2206312256161363e-10,1.2205465970599285e-10,1.2204620152594677e-10,1.2203774801670682e-10,1.2202929917362266e-10,1.2202085499204781e-10,1.2201241546718999e-10,1.2200398059431833e-10,1.2199555036900646e-10,1.2198712478656388e-10,1.21978703842423e-10,1.2197028753179388e-10,1.219618758497229e-10,1.219534687920238e-10,1.219450663537734e-10,1.219366685304908e-10,1.2192827531757902e-10,1.219198867102213e-10,1.219115027042584e-10,1.2190312329489163e-10,1.218947484775212e-10,1.2188637824760087e-10,1.2187801260052693e-10,1.2186965153199418e-10,1.2186129503696113e-10,1.218529431113156e-10,1.2184459575013312e-10,1.2183625294908302e-10,1.2182791470362307e-10,1.2181958100924442e-10,1.2181125186141883e-10,1.2180292725564846e-10,1.2179460718749243e-10,1.2178629165229957e-10,1.217779806452207e-10,1.21769674162707e-10,1.217613721997844e-10,1.2175307475197467e-10,1.2174478181480521e-10,1.2173649338391365e-10,1.2172820945436687e-10,1.2171993002241948e-10,1.2171165508351295e-10,1.2170338463259603e-10,1.216951186664707e-10,1.21686857179649e-10,1.216786001680098e-10,1.2167034762657091e-10,1.2166209955213057e-10,1.216538559396695e-10,1.2164561678425528e-10,1.2163738208270114e-10,1.2162915183002912e-10,1.2162092602187515e-10,1.2161270465385504e-10,1.2160448772162778e-10,1.2159627522086154e-10,1.2158806714745587e-10,1.2157986349658686e-10,1.2157166426411668e-10,1.2156346944490728e-10,1.2155527903629675e-10,1.21547093033165e-10,1.215389114312165e-10,1.2153073422618315e-10,1.215225614143612e-10,1.2151439299013406e-10,1.2150622895089746e-10,1.214980692913714e-10,1.214899140063623e-10,1.2148176309334327e-10,1.2147361654658876e-10,1.2146547436256862e-10,1.2145733653686157e-10,1.214492030653773e-10,1.2144107394401599e-10,1.2143294916868956e-10,1.2142482873468285e-10,1.2141671263859886e-10,1.214086008750836e-10,1.2140049344051965e-10,1.2139239033066656e-10,1.21384291541096e-10,1.2137619706797426e-10,1.2136810690702473e-10,1.2136002105430008e-10,1.2135193950623046e-10,1.2134386225704096e-10,1.2133578930335795e-10,1.2132772064098392e-10,1.213196562659414e-10,1.2131159617396674e-10,1.213035403614084e-10,1.212954888232771e-10,1.2128744155604721e-10,1.2127939855536518e-10,1.2127135981715883e-10,1.21263325337363e-10,1.2125529511185215e-10,1.2124726913660259e-10,1.2123924740752637e-10,1.212312299205923e-10,1.2122321667158568e-10,1.2121520765664032e-10,1.2120720287156455e-10,1.2119920231224085e-10,1.2119120597460417e-10,1.21183213854807e-10,1.2117522594870559e-10,1.2116724225237252e-10,1.2115926276147075e-10,1.2115128747247765e-10,1.211433163809446e-10,1.2113534948298304e-10,1.2112738677435989e-10,1.2111942825149447e-10,1.2111147391002815e-10,1.211035237461578e-10,1.2109557775609744e-10,1.2108763593547898e-10,1.210796982805028e-10,1.2107176478727286e-10,1.2106383545174948e-10,1.2105591027007736e-10,1.210479892379056e-10,1.2104007235189542e-10,1.21032159607839e-10,1.2102425100178435e-10,1.210163465298478e-10,1.210084461880475e-10,1.2100054997258666e-10,1.2099265787940214e-10,1.209847699047309e-10,1.209768860445562e-10,1.2096900629503703e-10,1.2096113065231795e-10,1.20953259112437e-10,1.209453916715023e-10,1.2093752832574408e-10,1.2092966907124372e-10,1.209218139042071e-10,1.2091396282064984e-10,1.209061158169469e-10,1.2089827288892683e-10,1.20890434032878e-10,1.2088259924504102e-10,1.2087476852155612e-10,1.2086694185788114e-10,1.2085911925159267e-10,1.2085130069809006e-10,1.2084348619345958e-10,1.2083567573448374e-10,1.208278693168726e-10,1.208200669369441e-10,1.2081226859089118e-10,1.2080447427497223e-10,1.2079668398524337e-10,1.2078889771821263e-10,1.2078111546996365e-10,1.207733372369027e-10,1.2076556301477039e-10,1.2075779280034248e-10,1.2075002658969354e-10,1.2074226437934586e-10,1.2073450616504774e-10,1.2072675194328743e-10,1.207190017103904e-10,1.2071125546259608e-10,1.2070351319625195e-10,1.2069577490757627e-10,1.206880405928932e-10,1.2068031024850232e-10,1.2067258387112767e-10,1.2066486145623548e-10,1.2065714300006218e-10,1.2064942849984461e-10,1.2064171795152428e-10,1.2063401135137482e-10,1.2062630869576644e-10,1.2061860998102683e-10,1.2061091520334775e-10,1.2060322435936916e-10,1.2059553744514673e-10,1.205878544567204e-10,1.2058017539152665e-10,1.2057250024528412e-10,1.205648290141251e-10,1.205571616950999e-10,1.2054949828426278e-10,1.2054183877757254e-10,1.2053418317220697e-10,1.2052653146346096e-10,1.2051888364882457e-10,1.2051123972415767e-10,1.205035996865312e-10,1.20495963532032e-10,1.204883312564685e-10,1.2048070285667623e-10,1.2047307832917167e-10,1.204654576703484e-10,1.2045784087692548e-10,1.2045022794523075e-10,1.2044261887173814e-10,1.2043501365246927e-10,1.2042741228412503e-10,1.2041981476355553e-10,1.2041222108628084e-10,1.2040463124959362e-10,1.2039704524904342e-10,1.2038946308254698e-10,1.2038188474483965e-10,1.2037431023429962e-10,1.2036673954662543e-10,1.2035917267841805e-10,1.203516096259903e-10,1.203440503858973e-10,1.2033649495448164e-10,1.2032894332866696e-10,1.203213955050961e-10,1.2031385147969727e-10,1.203063112495658e-10,1.20298774810521e-10,1.2029124215961175e-10,1.2028371329303374e-10,1.2027618820788338e-10,1.202686669005147e-10,1.2026114936740182e-10,1.2025363560518512e-10,1.2024612561036577e-10,1.2023861937983451e-10,1.2023111690971918e-10,1.2022361819660567e-10,1.2021612323729572e-10,1.2020863202854813e-10,1.202011445666477e-10,1.2019366084828795e-10,1.2018618087016156e-10,1.2017870462885868e-10,1.2017123212087657e-10,1.2016376334304342e-10,1.201562982918687e-10,1.2014883696390586e-10,1.2014137935594715e-10,1.2013392546461284e-10,1.2012647528649842e-10,1.201190288183498e-10,1.2011158605705035e-10,1.2010414699858071e-10,1.2009671163996733e-10,1.20089279977882e-10,1.200818520088464e-10,1.2007442773008903e-10,1.2006700713762322e-10,1.2005959022815596e-10,1.2005217699885818e-10,1.2004476744605195e-10,1.2003736156659341e-10,1.2002995935715623e-10,1.2002256081455646e-10,1.2001516593533405e-10,1.2000777471626996e-10,1.2000038715408394e-10,1.1999300324556198e-10,1.1998562298726584e-10,1.1997824637598023e-10,1.199708734086281e-10,1.1996350408181558e-10,1.1995613839213714e-10,1.199487763365057e-10,1.199414179117419e-10,1.199340631144494e-10,1.1992671194162505e-10,1.1991936438985098e-10,1.1991202045596163e-10,1.1990468013669998e-10,1.1989734342884793e-10,1.1989001032910327e-10,1.198826808343078e-10,1.1987535494125122e-10,1.1986803264674938e-10,1.1986071394774907e-10,1.1985339884079762e-10,1.1984608732300398e-10,1.198387793909033e-10,1.1983147504150285e-10,1.1982417427154142e-10,1.198168770778525e-10,1.198095834572548e-10,1.198022934065983e-10,1.1979500692256368e-10,1.1978772400213698e-10,1.1978044464226736e-10,1.1977316883969232e-10,1.197658965912547e-10,1.1975862789384573e-10,1.19751362744248e-10,1.1974410113944603e-10,1.1973684307620865e-10,1.1972958855152245e-10,1.1972233756220525e-10,1.19715090104884e-10,1.1970784617646748e-10,1.197006057745313e-10,1.1969336889551003e-10,1.1968613553595364e-10,1.1967890569344797e-10,1.1967167936489993e-10,1.1966445654661697e-10,1.196572372358001e-10,1.1965002142938147e-10,1.196428091242481e-10,1.1963560031751085e-10,1.1962839500572964e-10,1.1962119318603843e-10,1.196139948553956e-10,1.1960680001072212e-10,1.1959960864893587e-10,1.1959242076704158e-10,1.1958523636194395e-10,1.1957805543047522e-10,1.195708779699206e-10,1.1956370397695314e-10,1.19556533448778e-10,1.1954936638216543e-10,1.1954220277425338e-10,1.1953504262195785e-10,1.195278859221757e-10,1.195207326721351e-10,1.1951358286898833e-10,1.195064365091883e-10,1.1949929358986125e-10,1.1949215410829124e-10,1.1948501806145549e-10,1.1947788544604618e-10,1.194707562590395e-10,1.1946363049782832e-10,1.1945650815927975e-10,1.1944938924042166e-10,1.1944227373824858e-10,1.1943516164991554e-10,1.1942805297215015e-10,1.1942094770239925e-10,1.1941384583746463e-10,1.194067473744924e-10,1.1939965231051345e-10,1.1939256064254802e-10,1.193854723676657e-10,1.1937838748298392e-10,1.1937130598554824e-10,1.1936422787243562e-10,1.1935715314054803e-10,1.1935008178741346e-10,1.1934301380972077e-10,1.193359492046557e-10,1.1932888796927455e-10,1.1932183010068454e-10,1.1931477559599464e-10,1.1930772445236546e-10,1.1930067666683177e-10,1.1929363223669557e-10,1.1928659115889192e-10,1.192795534302257e-10,1.192725190480542e-10,1.1926548801011642e-10,1.1925846031300266e-10,1.192514359533499e-10,1.1924441492882627e-10,1.192373972365714e-10,1.192303828738239e-10,1.1922337183760577e-10,1.1921636412503972e-10,1.1920935973306255e-10,1.1920235865937523e-10,1.1919536090078342e-10,1.191883664545033e-10,1.1918137531766992e-10,1.1917438748748252e-10,1.1916740296114688e-10,1.1916042173581666e-10,1.191534438086378e-10,1.1914646917683213e-10,1.191394978375529e-10,1.191325297880036e-10,1.1912556502542298e-10,1.1911860354675462e-10,1.1911164534967088e-10,1.191046904311216e-10,1.1909773878826836e-10,1.190907904184195e-10,1.1908384531864027e-10,1.190769034863476e-10,1.190699649189008e-10,1.190630296126066e-10,1.1905609756591767e-10,1.1904916877554058e-10,1.1904224323850367e-10,1.1903532095244538e-10,1.1902840191464152e-10,1.1902148612188484e-10,1.190145735717247e-10,1.1900766426131342e-10,1.1900075818802595e-10,1.189938553489218e-10,1.1898695574150548e-10,1.1898005936261137e-10,1.1897316621000333e-10,1.1896627628088208e-10,1.1895938957244168e-10,1.1895250608196553e-10,1.1894562580655503e-10,1.1893874874361583e-10,1.1893187489050323e-10,1.189250042444156e-10,1.1891813680293127e-10,1.1891127256262128e-10,1.1890441152179886e-10,1.1889755367669707e-10,1.1889069902569808e-10,1.188838475656318e-10,1.1887699929394275e-10,1.188701542077077e-10,1.1886331230415608e-10,1.1885647358113232e-10,1.188496380355681e-10,1.1884280566491255e-10,1.188359764663919e-10,1.1882915043747492e-10,1.1882232757542857e-10,1.1881550787760185e-10,1.1880869134131323e-10,1.1880187796420317e-10,1.187950677431024e-10,1.1878826067593337e-10,1.187814567598485e-10,1.1877465599325436e-10,1.1876785837131697e-10,1.1876106389254852e-10,1.18754272554233e-10,1.187474843539146e-10,1.1874069928887361e-10,1.1873391735654968e-10,1.1872713855425653e-10,1.187203628794177e-10,1.1871359032939933e-10,1.187068209016914e-10,1.1870005459361785e-10,1.1869329140260206e-10,1.186865313261684e-10,1.1867977436175874e-10,1.1867302050638418e-10,1.1866626975748124e-10,1.1865952211294813e-10,1.1865277757059138e-10,1.1864603612675014e-10,1.1863929777917466e-10,1.186325625255825e-10,1.1862583036325625e-10,1.1861910128945884e-10,1.1861237530190484e-10,1.1860565239770396e-10,1.1859893257491939e-10,1.1859221583055204e-10,1.1858550216191657e-10,1.1857879156664638e-10,1.1857208404256333e-10,1.1856537958690813e-10,1.18558678197752e-10,1.1855197987062047e-10,1.1854528460474638e-10,1.1853859239731654e-10,1.1853190324541482e-10,1.185252171468207e-10,1.1851853409840928e-10,1.1851185409881813e-10,1.1850517714467752e-10,1.1849850323365883e-10,1.1849183236330204e-10,1.1848516453112256e-10,1.1847849973463462e-10,1.1847183797086504e-10,1.1846517923818438e-10,1.1845852353372384e-10,1.1845187085494244e-10,1.1844522119939707e-10,1.1843857456458421e-10,1.1843193094856005e-10,1.184252903480475e-10,1.1841865276034133e-10,1.1841201818435338e-10,1.1840538661628344e-10,1.1839875805415577e-10,1.183921324959012e-10,1.1838550993805373e-10,1.1837889037902869e-10,1.183722738161663e-10,1.18365660246961e-10,1.1835904966898003e-10,1.1835244207975889e-10,1.1834583747647098e-10,1.183392358576245e-10,1.1833263722012184e-10,1.183260415618646e-10,1.1831944887998682e-10,1.1831285917260665e-10,1.183062724367215e-10,1.1829968867076967e-10,1.1829310787157263e-10,1.1828653003758289e-10,1.1827995516516148e-10,1.1827338325280014e-10,1.1826681429753687e-10,1.1826024829708603e-10,1.1825368524913704e-10,1.182471251514484e-10,1.182405680013614e-10,1.182340137967784e-10,1.182274625350446e-10,1.182209142140778e-10,1.1821436883130376e-10,1.1820782638440455e-10,1.1820128687100048e-10,1.181947502887175e-10,1.1818821663511756e-10,1.1818168590772607e-10,1.1817515810440413e-10,1.1816863322286037e-10,1.1816211126100867e-10,1.181555922157554e-10,1.1814907608516464e-10,1.1814256286673568e-10,1.1813605255888116e-10,1.1812954515803136e-10,1.1812304066234164e-10,1.1811653906951099e-10,1.1811004037686203e-10,1.1810354458273552e-10,1.1809705168500705e-10,1.1809056168004068e-10,1.1808407456659404e-10,1.180775903420575e-10,1.1807110900421735e-10,1.1806463055103004e-10,1.1805815497951413e-10,1.1805168228735427e-10,1.1804521247266237e-10,1.1803874553300712e-10,1.1803228146610174e-10,1.180258202695958e-10,1.1801936194109818e-10,1.1801290647863976e-10,1.1800645387935322e-10,1.1800000414150156e-10,1.179935572627511e-10,1.1798711324073205e-10,1.1798067207293287e-10,1.1797423375743136e-10,1.179677982917964e-10,1.1796136567382446e-10,1.179549359011053e-10,1.1794850897142363e-10,1.1794208488257418e-10,1.1793566363229316e-10,1.1792924521814536e-10,1.1792282963806517e-10,1.1791641688980614e-10,1.1791000697111893e-10,1.1790359987962018e-10,1.178971956131307e-10,1.1789079416981785e-10,1.1788439554642553e-10,1.1787799974190237e-10,1.178716067529931e-10,1.1786521657779838e-10,1.1785882921413396e-10,1.1785244465997404e-10,1.1784606291299528e-10,1.1783968397063005e-10,1.1783330783117912e-10,1.1782693449225838e-10,1.1782056395159143e-10,1.1781419620692114e-10,1.1780783125609985e-10,1.1780146909732724e-10,1.1779510972774198e-10,1.1778875314486438e-10,1.1778239934732407e-10,1.1777604833228295e-10,1.1776970009813434e-10,1.1776335464210063e-10,1.1775701196262017e-10,1.1775067205732926e-10,1.1774433492382142e-10,1.1773800056008204e-10,1.1773166896356026e-10,1.1772534013270235e-10,1.1771901406506824e-10,1.1771269075835597e-10,1.1770637021065854e-10,1.1770005241928544e-10,1.176937373824003e-10,1.17687425097914e-10,1.1768111556358163e-10,1.1767480877713988e-10,1.1766850473657826e-10,1.176622034397525e-10,1.176559048844691e-10,1.1764960906874572e-10,1.1764331598986491e-10,1.1763702564587728e-10,1.176307380355324e-10,1.176244531557791e-10,1.176181710047693e-10,1.1761189158030567e-10,1.1760561488027874e-10,1.1759934090258285e-10,1.1759306964510775e-10,1.175868011056931e-10,1.175805352819006e-10,1.1757427217223056e-10,1.1756801177421746e-10,1.175617540867277e-10,1.175554991057827e-10,1.175492468299022e-10,1.175429972576722e-10,1.175367503866557e-10,1.1753050621472247e-10,1.1752426473970133e-10,1.1751802595953314e-10,1.175117898722188e-10,1.1750555647559797e-10,1.1749932576751437e-10,1.174930977459456e-10,1.1748687240879646e-10,1.1748064975445957e-10,1.1747442977990815e-10,1.1746821248348204e-10,1.1746199786285188e-10,1.174557859166091e-10,1.174495766424513e-10,1.1744337003819944e-10,1.1743716610159294e-10,1.1743096483082715e-10,1.1742476622371923e-10,1.1741857027836727e-10,1.174123769927483e-10,1.1740618636397345e-10,1.173999983911832e-10,1.1739381307186914e-10,1.1738763040389834e-10,1.1738145038528417e-10,1.1737527301476623e-10,1.173690982888429e-10,1.1736292620690126e-10,1.1735675676538902e-10,1.1735058996343407e-10,1.1734442579869853e-10,1.1733826426861035e-10,1.1733210537157032e-10,1.1732594910562427e-10,1.173197954686627e-10,1.1731364445881306e-10,1.173074960731431e-10,1.1730135031080186e-10,1.1729520716988328e-10,1.1728906664783695e-10,1.1728292874324478e-10,1.172767934521333e-10,1.1727066077495643e-10,1.1726453070871693e-10,1.1725840325076276e-10,1.172522784005093e-10,1.172461561550732e-10,1.1724003651265526e-10,1.1723391947020437e-10,1.1722780502753905e-10,1.1722169318207576e-10,1.1721558393158298e-10,1.172094772740592e-10,1.1720337320793658e-10,1.1719727173064153e-10,1.171911728401196e-10,1.171850765350357e-10,1.1717898281314046e-10,1.1717289167226761e-10,1.1716680311071786e-10,1.171607171264289e-10,1.1715463371726013e-10,1.1714855288174428e-10,1.1714247461728618e-10,1.1713639892274313e-10,1.171303257953696e-10,1.1712425523339807e-10,1.171181872352237e-10,1.1711212179864192e-10,1.1710605892161593e-10,1.1709999860237024e-10,1.170939408388721e-10,1.1708788562932172e-10,1.1708183297171563e-10,1.1707578286393344e-10,1.1706973530438054e-10,1.1706369029100214e-10,1.1705764782181115e-10,1.170516078943797e-10,1.1704557050786236e-10,1.170395356597392e-10,1.1703350334813682e-10,1.1702747357063043e-10,1.1702144632580333e-10,1.1701542161233284e-10,1.170093994277509e-10,1.1700337977012087e-10,1.1699736263753382e-10,1.169913480281118e-10,1.1698533594010677e-10,1.1697932637136915e-10,1.1697331931986676e-10,1.1696731478398948e-10,1.1696131276195355e-10,1.169553132520518e-10,1.169493162515204e-10,1.1694332175895735e-10,1.1693732977264993e-10,1.1693134029090818e-10,1.1692535331136474e-10,1.1691936883210336e-10,1.1691338685149762e-10,1.1690740736740635e-10,1.169014303782829e-10,1.168954558820388e-10,1.1688948387716252e-10,1.1688351436131597e-10,1.1687754733350172e-10,1.168715827911445e-10,1.1686562073189415e-10,1.168596611545384e-10,1.168537040574748e-10,1.168477494379162e-10,1.168417972950814e-10,1.168358476264349e-10,1.1682990043034585e-10,1.168239557048769e-10,1.1681801344834645e-10,1.168120736589776e-10,1.168061363351151e-10,1.168002014741266e-10,1.167942690746419e-10,1.1678833913482278e-10,1.1678241165287537e-10,1.167764866269629e-10,1.167705640551766e-10,1.167646439357636e-10,1.167587262671184e-10,1.167528110469225e-10,1.1674689827383663e-10,1.1674098794573409e-10,1.1673508006070808e-10,1.167291746172164e-10,1.1672327161333808e-10,1.1671737104730767e-10,1.167114729172781e-10,1.1670557722110494e-10,1.1669968395766605e-10,1.1669379312485715e-10,1.1668790472085096e-10,1.166820187436745e-10,1.1667613519188486e-10,1.1667025406362529e-10,1.1666437535704976e-10,1.1665849907010305e-10,1.166526252011993e-10,1.1664675374840506e-10,1.166408847102298e-10,1.1663501808474393e-10,1.1662915387016677e-10,1.1662329206470914e-10,1.1661743266670395e-10,1.1661157567410178e-10,1.1660572108547516e-10,1.1659986889879925e-10,1.165940191124669e-10,1.165881717246401e-10,1.1658232673354202e-10,1.165764841372304e-10,1.1657064393421704e-10,1.1656480612273916e-10,1.1655897070087452e-10,1.1655313766684946e-10,1.1654730701917583e-10,1.1654147875584492e-10,1.1653565287520234e-10,1.1652982937548983e-10,1.1652400825504598e-10,1.165181895118803e-10,1.1651237314448696e-10,1.1650655915113733e-10,1.1650074752991647e-10,1.1649493827917519e-10,1.1648913139716878e-10,1.1648332688218315e-10,1.1647752473238516e-10,1.1647172494622953e-10,1.1646592752189603e-10,1.1646013245765024e-10,1.1645433975177659e-10,1.1644854940256172e-10,1.1644276140836495e-10,1.1643697576737735e-10,1.1643119247787976e-10,1.1642541153807954e-10,1.164196329463457e-10,1.1641385670095694e-10,1.1640808280022185e-10,1.1640231124242755e-10,1.1639654202585559e-10,1.1639077514891744e-10,1.163850106097906e-10,1.1637924840670997e-10,1.1637348853805719e-10,1.1636773100223676e-10,1.1636197579735116e-10,1.1635622292180864e-10,1.163504723740106e-10,1.1634472415208228e-10,1.1633897825442614e-10,1.163332346793614e-10,1.1632749342528901e-10,1.1632175449043735e-10,1.1631601787304159e-10,1.163102835716075e-10,1.1630455158420131e-10,1.1629882190930776e-10,1.1629309454530748e-10,1.162873694904758e-10,1.162816467431402e-10,1.1627592630171754e-10,1.1627020816436948e-10,1.1626449232945641e-10,1.1625877879543979e-10,1.1625306756059662e-10,1.162473586232216e-10,1.162416519816873e-10,1.1623594763450822e-10,1.1623024557976128e-10,1.1622454581588873e-10,1.1621884834130237e-10,1.1621315315425893e-10,1.1620746025321816e-10,1.162017696364865e-10,1.1619608130234471e-10,1.1619039524925518e-10,1.1618471147556863e-10,1.1617902997956753e-10,1.1617335075966221e-10,1.161676738142314e-10,1.1616199914160757e-10,1.1615632674025885e-10,1.161506566084802e-10,1.1614498874458444e-10,1.1613932314705675e-10,1.1613365981421957e-10,1.1612799874446803e-10,1.1612233993629267e-10,1.1611668338786975e-10,1.1611102909760887e-10,1.1610537706393249e-10,1.1609972728523162e-10,1.1609407975977974e-10,1.1608843448620484e-10,1.1608279146275494e-10,1.1607715068787616e-10,1.1607151215994049e-10,1.1606587587718608e-10,1.1606024183830743e-10,1.1605461004155732e-10,1.1604898048531667e-10,1.1604335316802026e-10,1.160377280880442e-10,1.1603210524381996e-10,1.1602648463374176e-10,1.1602086625615363e-10,1.1601525010951312e-10,1.160096361922503e-10,1.1600402450286579e-10,1.1599841503974855e-10,1.1599280780102926e-10,1.1598720278535591e-10,1.1598159999119451e-10,1.1597599941694352e-10,1.1597040106130258e-10,1.1596480492225165e-10,1.1595921099780023e-10,1.1595361928750686e-10,1.1594802978913346e-10,1.1594244250125415e-10,1.1593685742221537e-10,1.159312745504656e-10,1.1592569388461383e-10,1.159201154229385e-10,1.1591453916360266e-10,1.1590896510563354e-10,1.159033932471795e-10,1.1589782358663935e-10,1.1589225612229331e-10,1.1588669085303398e-10,1.158811277771627e-10,1.1587556689301521e-10,1.1587000819918514e-10,1.1586445169397758e-10,1.1585889737581523e-10,1.158533452433458e-10,1.1584779529485152e-10,1.1584224752896182e-10,1.1583670194393687e-10,1.1583115853839821e-10,1.1582561731071747e-10,1.1582007825940617e-10,1.1581454138287399e-10,1.1580900667958541e-10,1.158034741480928e-10,1.1579794378694479e-10,1.1579241559403956e-10,1.1578688956883891e-10,1.1578136570932399e-10,1.1577584401392964e-10,1.1577032448174316e-10,1.1576480711015502e-10,1.1575929189819285e-10,1.1575377884380318e-10,1.1574826794644936e-10,1.1574275920420851e-10,1.1573725261575623e-10,1.1573174817938373e-10,1.1572624589335941e-10,1.157207457565089e-10,1.1571524776704403e-10,1.1570975192363393e-10,1.1570425822475221e-10,1.1569876666891851e-10,1.1569327725471364e-10,1.1568778998012798e-10,1.1568230484443552e-10,1.1567682184580935e-10,1.1567134098296338e-10,1.1566586225400333e-10,1.1566038565764056e-10,1.1565491119237851e-10,1.1564943885637681e-10,1.1564396864886158e-10,1.1563850056803312e-10,1.1563303461238645e-10,1.1562757078037127e-10,1.15622109070676e-10,1.1561664948201489e-10,1.1561119201228206e-10,1.1560573666037571e-10,1.1560028342481291e-10,1.1559483230412688e-10,1.1558938329682978e-10,1.1558393640111697e-10,1.155784916162082e-10,1.1557304894028435e-10,1.1556760837193152e-10,1.1556216990961492e-10,1.1555673355194444e-10,1.1555129929742659e-10,1.1554586714460313e-10,1.1554043709204965e-10,1.1553500913833695e-10,1.1552958328188713e-10,1.1552415952136126e-10,1.1551873785524453e-10,1.1551331828212322e-10,1.1550790080053935e-10,1.1550248540907203e-10,1.1549707210626487e-10,1.1549166089066828e-10,1.1548625176058083e-10,1.1548084471510958e-10,1.1547543975254623e-10,1.1547003687146294e-10,1.1546463607040188e-10,1.1545923734798177e-10,1.1545384070270214e-10,1.154484461331622e-10,1.1544305363794141e-10,1.1543766321558589e-10,1.1543227486469925e-10,1.15426888583847e-10,1.1542150437160431e-10,1.15416122226541e-10,1.1541074214696755e-10,1.1540536413177799e-10,1.1539998817986822e-10,1.1539461428957579e-10,1.1538924245883576e-10,1.1538387268713756e-10,1.1537850497268054e-10,1.153731393143133e-10,1.1536777571045837e-10,1.1536241415976575e-10,1.1535705466038115e-10,1.1535169721230286e-10,1.1534634181202989e-10,1.1534098845984798e-10,1.153356371530268e-10,1.1533028789086098e-10,1.1532494067160689e-10,1.1531959549476164e-10,1.1531425235810519e-10,1.1530891126045617e-10,1.1530357220057403e-10,1.1529823517671235e-10,1.1529290018787496e-10,1.1528756723262973e-10,1.1528223630950585e-10,1.1527690741711604e-10,1.1527158055408851e-10,1.1526625571899862e-10,1.1526093291051006e-10,1.1525561212769675e-10,1.1525029336828209e-10,1.1524497663128332e-10,1.1523966191544133e-10,1.1523434921917316e-10,1.1522903854127799e-10,1.1522372988036297e-10,1.1521842323491435e-10,1.1521311860380863e-10,1.1520781598555646e-10,1.1520251537873463e-10,1.1519721678200609e-10,1.1519192019403461e-10,1.1518662561354243e-10,1.1518133303909693e-10,1.151760424693194e-10,1.1517075390270895e-10,1.15165467338219e-10,1.1516018277425572e-10,1.1515490020956583e-10,1.1514961964278164e-10,1.1514434107264468e-10,1.1513906449690986e-10,1.1513378991580634e-10,1.1512851732714433e-10,1.1512324672964155e-10,1.1511797812189638e-10,1.1511271150195667e-10,1.1510744686995158e-10,1.1510218422376293e-10,1.150969235618351e-10,1.150916648831459e-10,1.1508640818632694e-10,1.1508115347001697e-10,1.15075900732658e-10,1.15070649973491e-10,1.1506540119083691e-10,1.1506015438301205e-10,1.1505490954894371e-10,1.1504966668806072e-10,1.1504442579728948e-10,1.1503918687620472e-10,1.1503394992391643e-10,1.1502871493845677e-10,1.1502348191915877e-10,1.1501825086427164e-10,1.1501302177278592e-10,1.1500779464270516e-10,1.1500256947366007e-10,1.14997346264021e-10,1.1499212501206292e-10,1.1498690571735301e-10,1.1498168837767819e-10,1.1497647299230255e-10,1.1497125955922851e-10,1.1496604807752433e-10,1.1496083854589652e-10,1.1495563096307103e-10,1.149504253277698e-10,1.1494522163865955e-10,1.1494001989461447e-10,1.1493482009404449e-10,1.1492962223620595e-10,1.1492442631890463e-10,1.1491923234237595e-10,1.1491404030301378e-10,1.1490885020111027e-10,1.1490366203489154e-10,1.1489847580334617e-10,1.1489329150496211e-10,1.1488810913842174e-10,1.1488292870262648e-10,1.1487775019624863e-10,1.1487257361801832e-10,1.1486739896632105e-10,1.1486222624042272e-10,1.1485705543869279e-10,1.1485188655981668e-10,1.14846719602695e-10,1.1484155456616181e-10,1.1483639144878606e-10,1.1483123024935832e-10,1.1482607096648774e-10,1.148209135990605e-10,1.1481575814561906e-10,1.1481060460462226e-10,1.1480545297558348e-10,1.1480030325696038e-10,1.1479515544732985e-10,1.1479000954533908e-10,1.1478486554978782e-10,1.1477972345950059e-10,1.1477458327320028e-10,1.1476944498952997e-10,1.1476430860730615e-10,1.1475917412529033e-10,1.1475404154220632e-10,1.1474891085672486e-10,1.1474378206774483e-10,1.1473865517357844e-10,1.1473353017374806e-10,1.1472840706656014e-10,1.147232858507751e-10,1.1471816652523036e-10,1.1471304908856012e-10,1.1470793353960997e-10,1.1470281987705944e-10,1.1469770809972294e-10,1.1469259820647049e-10,1.1468749019584059e-10,1.1468238406668273e-10,1.1467727981783319e-10,1.1467217744798974e-10,1.1466707695587188e-10,1.1466197834044182e-10,1.1465688159952997e-10,1.1465178673386852e-10,1.1464669374054547e-10,1.1464160261884436e-10,1.1463651336764176e-10,1.1463142598550288e-10,1.1462634047130478e-10,1.1462125682385192e-10,1.146161750418593e-10,1.1461109512414576e-10,1.1460601706948043e-10,1.1460094087698543e-10,1.1459586654449112e-10,1.1459079407171548e-10,1.1458572345648559e-10,1.1458065469885728e-10,1.1457558779725305e-10,1.145705227499814e-10,1.1456545955551446e-10,1.1456039821332055e-10,1.1455533872241833e-10,1.1455028108122294e-10,1.1454522528841545e-10,1.1454017134291203e-10,1.1453511924350192e-10,1.1453006898895184e-10,1.145250205780711e-10,1.1451997400965797e-10,1.1451492928254799e-10,1.1450988639548945e-10,1.1450484534736449e-10,1.144998061368995e-10,1.144947687629476e-10,1.1448973322400438e-10,1.1448469951915557e-10,1.1447966764740768e-10,1.144746376074721e-10,1.1446960939807016e-10,1.1446458301801501e-10,1.1445955846584416e-10,1.1445453574092103e-10,1.1444951484178242e-10,1.1444449576723762e-10,1.1443947851611789e-10,1.1443446308722919e-10,1.144294494793978e-10,1.144244376914492e-10,1.1441942772219892e-10,1.1441441957034157e-10,1.1440941323495963e-10,1.1440440871467221e-10,1.1439940600834622e-10,1.1439440511488884e-10,1.1438940603327349e-10,1.1438440876196998e-10,1.1437941330004387e-10,1.1437441964620492e-10,1.1436942779937654e-10,1.1436443775827659e-10,1.1435944952184923e-10,1.1435446308896486e-10,1.143494784583401e-10,1.1434449562892525e-10,1.1433951459945418e-10,1.1433453536885219e-10,1.1432955793590411e-10,1.1432458229948747e-10,1.1431960845847051e-10,1.1431463641162242e-10,1.1430966615784381e-10,1.1430469769599778e-10,1.1429973102488254e-10,1.1429476614334797e-10,1.1428980305028538e-10,1.142848417445076e-10,1.1427988222487884e-10,1.1427492449028667e-10,1.1426996853953763e-10,1.142650143714875e-10,1.142600619850397e-10,1.1425511137901874e-10,1.142501625522924e-10,1.1424521550373687e-10,1.1424027023217521e-10,1.142353267365064e-10,1.1423038501553652e-10,1.1422544506817549e-10,1.1422050689333345e-10,1.1421557048979005e-10,1.1421063585648142e-10,1.1420570299192188e-10,1.1420077189564885e-10,1.1419584256610796e-10,1.1419091500190244e-10,1.1418598920250568e-10,1.1418106516665594e-10,1.1417614289313106e-10,1.1417122238051358e-10,1.1416630362836315e-10,1.141613866349011e-10,1.1415647139933488e-10,1.1415155792138593e-10,1.1414664619833444e-10,1.1414173622949678e-10,1.141368280141722e-10,1.1413192155089822e-10,1.1412701683877613e-10,1.1412211387682454e-10,1.141172126637041e-10,1.1411231319830509e-10,1.1410741547947951e-10,1.1410251950627631e-10,1.1409762527743911e-10,1.140927327920037e-10,1.1408784204860628e-10,1.1408295304645401e-10,1.1407806578412922e-10,1.1407318026090056e-10,1.140682964755783e-10,1.1406341442678928e-10,1.1405853411360939e-10,1.1405365553468232e-10,1.1404877868936774e-10,1.1404390357642634e-10,1.1403903019470516e-10,1.140341585431526e-10,1.1402928862062746e-10,1.14024420425987e-10,1.1401955395823122e-10,1.140146892162259e-10,1.1400982619888302e-10,1.1400496490504248e-10,1.1400010533353942e-10,1.1399524748352058e-10,1.1399039135390037e-10,1.13985536943488e-10,1.139806842511527e-10,1.1397583327579114e-10,1.1397098401649001e-10,1.139661364721128e-10,1.1396129064166278e-10,1.1395644652388682e-10,1.1395160411775562e-10,1.1394676342220207e-10,1.1394192443603408e-10,1.1393708715840899e-10,1.1393225158819799e-10,1.1392741772421114e-10,1.1392258556543948e-10,1.1391775511080508e-10,1.1391292635922263e-10,1.1390809930964015e-10,1.1390327396103569e-10,1.1389845031224367e-10,1.1389362836224574e-10,1.1388880810995971e-10,1.1388398955441008e-10,1.1387917269436306e-10,1.1387435752885909e-10,1.1386954405688295e-10,1.1386473227728158e-10,1.1385992218897546e-10,1.1385511379107805e-10,1.1385030708240176e-10,1.1384550206172875e-10,1.1384069872824228e-10,1.1383589708107485e-10,1.1383109711868585e-10,1.1382629884049196e-10,1.1382150224511604e-10,1.1381670733155603e-10,1.1381191409882703e-10,1.1380712254601439e-10,1.1380233267184978e-10,1.1379754447536774e-10,1.1379275795543141e-10,1.1378797311111012e-10,1.13783189941258e-10,1.1377840844496348e-10,1.1377362862102903e-10,1.1376885046858437e-10,1.1376407398654917e-10,1.137592991738378e-10,1.137545260294269e-10,1.1374975455247252e-10,1.137449847414072e-10,1.137402165950863e-10,1.1373545011348155e-10,1.1373068529495105e-10,1.1372592213842914e-10,1.1372116064322139e-10,1.1371640080782128e-10,1.1371164263139103e-10,1.1370688611292544e-10,1.1370213125138262e-10,1.1369737804574316e-10,1.1369262649498058e-10,1.1368787659838079e-10,1.1368312835429413e-10,1.1367838176201007e-10,1.1367363682050681e-10,1.136688935287631e-10,1.1366415188575708e-10,1.1365941189047154e-10,1.136546735418843e-10,1.1364993683897935e-10,1.1364520178072765e-10,1.1364046836613327e-10,1.1363573659417221e-10,1.1363100646384914e-10,1.1362627797414092e-10,1.1362155112399739e-10,1.1361682591243518e-10,1.1361210233846443e-10,1.1360738040063615e-10,1.1360266009796728e-10,1.135979414306048e-10,1.135932243968209e-10,1.1358850899581148e-10,1.1358379522613308e-10,1.1357908308679803e-10,1.1357437257719177e-10,1.1356966369593764e-10,1.135649564422859e-10,1.135602508151423e-10,1.1355554681368876e-10,1.1355084443657765e-10,1.1354614368298698e-10,1.1354144455191057e-10,1.1353674704233092e-10,1.1353205115330633e-10,1.1352735688378923e-10,1.1352266423284895e-10,1.1351797319944453e-10,1.1351328378260897e-10,1.1350859598099777e-10,1.1350390979429418e-10,1.1349922522116658e-10,1.1349454226065105e-10,1.1348986091176617e-10,1.1348518117347021e-10,1.1348050304488699e-10,1.1347582652445868e-10,1.1347115161217182e-10,1.1346647830654011e-10,1.1346180660673561e-10,1.1345713651155596e-10,1.1345246802004238e-10,1.1344780113132677e-10,1.1344313584442923e-10,1.1343847215836923e-10,1.134338100721127e-10,1.1342914958472841e-10,1.1342449069512132e-10,1.1341983340252001e-10,1.134151777058692e-10,1.1341052360418644e-10,1.1340587109647979e-10,1.1340122018182212e-10,1.1339657085919058e-10,1.1339192312766796e-10,1.1338727698623663e-10,1.1338263243386416e-10,1.1337798946974273e-10,1.1337334809288001e-10,1.133687083022662e-10,1.1336407009691973e-10,1.1335943347590468e-10,1.1335479843817001e-10,1.1335016498293099e-10,1.1334553310911283e-10,1.1334090281578591e-10,1.1333627410197472e-10,1.1333164696673612e-10,1.1332702140912426e-10,1.1332239742813848e-10,1.1331777502286899e-10,1.1331315419231802e-10,1.1330853493558208e-10,1.1330391725165717e-10,1.1329930113964237e-10,1.1329468659856214e-10,1.132900736274605e-10,1.132854622252858e-10,1.1328085239130509e-10,1.1327624412445581e-10,1.1327163742380947e-10,1.1326703228840897e-10,1.1326242871730854e-10,1.1325782670956116e-10,1.1325322626422881e-10,1.1324862738036542e-10,1.132440300570216e-10,1.1323943429327738e-10,1.1323484008817586e-10,1.132302474407843e-10,1.1322565635014199e-10,1.1322106681537811e-10,1.1321647883548303e-10,1.1321189240954592e-10,1.1320730753663392e-10,1.1320272421580557e-10,1.131981424461395e-10,1.1319356222667609e-10,1.1318898355644329e-10,1.1318440643464009e-10,1.1317983086026723e-10,1.1317525683240501e-10,1.1317068435011584e-10,1.1316611341245976e-10,1.1316154401853303e-10,1.1315697616728474e-10,1.1315240985801552e-10,1.1314784508966898e-10,1.1314328186135657e-10,1.131387201721401e-10,1.1313416002095016e-10,1.1312960140715453e-10,1.1312504432967686e-10,1.1312048878751084e-10,1.1311593477999395e-10,1.1311138230600758e-10,1.1310683136467922e-10,1.1310228195511567e-10,1.1309773407634905e-10,1.1309318772749233e-10,1.1308864290763167e-10,1.1308409961584627e-10,1.1307955785123502e-10,1.13075017612884e-10,1.1307047889988178e-10,1.1306594171131499e-10,1.1306140604627612e-10,1.1305687190385548e-10,1.1305233928314372e-10,1.1304780818309384e-10,1.1304327860308173e-10,1.1303875054206061e-10,1.1303422399913745e-10,1.1302969897339117e-10,1.1302517546392345e-10,1.1302065346984686e-10,1.130161329902324e-10,1.130116140242121e-10,1.1300709657089786e-10,1.1300258062932988e-10,1.1299806619864923e-10,1.1299355327797808e-10,1.1298904186636475e-10,1.1298453196294177e-10,1.1298002356665302e-10,1.1297551667692702e-10,1.1297101129270326e-10,1.129665074130976e-10,1.1296200503721507e-10,1.1295750416416635e-10,1.1295300479337475e-10,1.1294850692331275e-10,1.1294401055341037e-10,1.1293951568268606e-10,1.1293502231044199e-10,1.1293053043569978e-10,1.1292604005757262e-10,1.1292155117517471e-10,1.1291706378762268e-10,1.1291257789383591e-10,1.1290809349333193e-10,1.1290361058501379e-10,1.1289912916800917e-10,1.1289464924143116e-10,1.1289017080441513e-10,1.1288569385623322e-10,1.12881218395712e-10,1.128767444220544e-10,1.1287227193447016e-10,1.1286780093204653e-10,1.1286333141395194e-10,1.1285886337916886e-10,1.128543968269988e-10,1.1284993175642833e-10,1.1284546816666225e-10,1.1284100605690203e-10,1.128365454263614e-10,1.1283208627384082e-10,1.1282762859865877e-10,1.1282317239990891e-10,1.1281871767686665e-10,1.1281426442840524e-10,1.1280981265378527e-10,1.1280536235213794e-10,1.1280091352256763e-10,1.1279646616430147e-10,1.1279202027645977e-10,1.1278757585772103e-10,1.1278313290802689e-10,1.1277869142548886e-10,1.1277425141055066e-10,1.1276981286169137e-10,1.127653757780632e-10,1.12760940158873e-10,1.1275650600320076e-10,1.1275207331007614e-10,1.1274764207878028e-10,1.1274321230841782e-10,1.1273878399838175e-10,1.127343571473804e-10,1.1272993175470718e-10,1.1272550781960077e-10,1.1272108534112981e-10,1.1271666431849645e-10,1.1271224475084685e-10,1.1270782663733664e-10,1.1270340997710571e-10,1.1269899476983577e-10,1.1269458101360478e-10,1.126901687081176e-10,1.1268575785260033e-10,1.1268134844613093e-10,1.1267694048772693e-10,1.1267253397674265e-10,1.1266812891225089e-10,1.1266372529351797e-10,1.1265932311962485e-10,1.1265492238964639e-10,1.1265052310284537e-10,1.1264612525835973e-10,1.1264172885606343e-10,1.1263733389359355e-10,1.1263294037106674e-10,1.1262854828742711e-10,1.126241576415385e-10,1.1261976843355147e-10,1.1261538066176528e-10,1.1261099432561073e-10,1.1260660942414716e-10,1.1260222595673238e-10,1.1259784392244056e-10,1.1259346332044016e-10,1.1258908414946882e-10,1.1258470640960268e-10,1.125803300993599e-10,1.1257595521827018e-10,1.1257158176528927e-10,1.1256720973968884e-10,1.1256283914058175e-10,1.1255846996715309e-10,1.1255410221857246e-10,1.1254973589368322e-10,1.1254537099200254e-10,1.1254100751302492e-10,1.1253664545514685e-10,1.1253228481780607e-10,1.1252792560101256e-10,1.1252356780335529e-10,1.125192114240694e-10,1.1251485646215737e-10,1.1251050291691209e-10,1.1250615078749278e-10,1.1250180007306106e-10,1.1249745077282699e-10,1.1249310288599363e-10,1.124887564111335e-10,1.1248441134861525e-10,1.1248006769699924e-10,1.1247572545531634e-10,1.1247138462280796e-10,1.124670451991867e-10,1.1246270718282388e-10,1.1245837057379544e-10,1.1245403537047237e-10,1.1244970157279648e-10,1.1244536917953609e-10,1.1244103818960128e-10,1.1243670860288149e-10,1.1243238041820915e-10,1.1242805363478706e-10,1.1242372825175622e-10,1.1241940426821009e-10,1.1241508168369717e-10,1.1241076049721073e-10,1.1240644070792893e-10,1.1240212231503634e-10,1.1239780531745256e-10,1.1239348971507017e-10,1.1238917550674406e-10,1.1238486269159708e-10,1.1238055126887026e-10,1.1237624123782974e-10,1.1237193259727371e-10,1.1236762534713313e-10,1.1236331948624871e-10,1.1235901501382196e-10,1.1235471192905873e-10,1.1235041023113291e-10,1.1234610991931954e-10,1.123418109928242e-10,1.1233751345086088e-10,1.1233321729257142e-10,1.1232892251675427e-10,1.1232462912348489e-10,1.123203371115723e-10,1.1231604647964745e-10,1.1231175722745507e-10,1.1230746935482135e-10,1.1230318286006951e-10,1.1229889774357133e-10,1.1229461400318757e-10,1.1229033163859988e-10,1.122860506484991e-10,1.122817710327846e-10,1.1227749279113173e-10,1.122732159222358e-10,1.1226894042491882e-10,1.122646662991238e-10,1.1226039354372157e-10,1.122561221572741e-10,1.1225185214031008e-10,1.1224758349136726e-10,1.1224331620971571e-10,1.122390502943534e-10,1.1223478574490258e-10,1.1223052256038564e-10,1.1222626073998172e-10,1.1222200028306579e-10,1.1221774118876233e-10,1.1221348345630893e-10,1.1220922708501458e-10,1.1220497207402248e-10,1.122007184225794e-10,1.1219646612972892e-10,1.1219221519508394e-10,1.1218796561768049e-10,1.1218371739675885e-10,1.1217947053147861e-10,1.1217522502057085e-10,1.1217098086430157e-10,1.1216673806160578e-10,1.1216249661156434e-10,1.1215825651335865e-10,1.1215401776623623e-10,1.12149780369578e-10,1.1214554432249903e-10,1.1214130962431061e-10,1.1213707627414044e-10,1.1213284427126525e-10,1.1212861361498556e-10,1.1212438430445849e-10,1.1212015633928867e-10,1.121159297181388e-10,1.1211170444056084e-10,1.1210748050566242e-10,1.1210325791285445e-10,1.1209903666124196e-10,1.1209481675018809e-10,1.1209059817895017e-10,1.1208638094669316e-10,1.1208216505269012e-10,1.1207795049614647e-10,1.1207373727630178e-10,1.1206952539253803e-10,1.120653148432536e-10,1.1206110562919979e-10,1.1205689774885028e-10,1.1205269120158009e-10,1.1204848598655195e-10,1.1204428210298526e-10,1.120400795502384e-10,1.1203587832744069e-10,1.1203167843398926e-10,1.1202747986881478e-10,1.1202328263159833e-10,1.1201908672144453e-10,1.1201489213761973e-10,1.1201069887950558e-10,1.1200650694605194e-10,1.1200231633643919e-10,1.1199812705030085e-10,1.1199393908682527e-10,1.1198975244520442e-10,1.1198556712470386e-10,1.1198138312440298e-10,1.1197720044420317e-10,1.1197301908265865e-10,1.1196883903983412e-10,1.1196466031402812e-10,1.1196048290482427e-10,1.1195630681200089e-10,1.1195213203405761e-10,1.1194795857059837e-10,1.1194378642081474e-10,1.1193961558406307e-10,1.1193544605963128e-10,1.1193127784689335e-10,1.1192711094484665e-10,1.1192294535302249e-10,1.1191878107064882e-10,1.1191461809688855e-10,1.11910456431485e-10,1.1190629607291322e-10,1.1190213702086369e-10,1.1189797927452028e-10,1.1189382283311199e-10,1.1188966769605537e-10,1.1188551386255333e-10,1.1188136133194725e-10,1.1187721010326855e-10,1.1187306017615661e-10,1.1186891154977123e-10,1.1186476422311885e-10,1.118606181959077e-10,1.118564734673236e-10,1.1185233003654808e-10,1.1184818790278027e-10,1.1184404706533446e-10,1.1183990752366276e-10,1.1183576927705684e-10,1.1183163232434204e-10,1.1182749666544954e-10,1.1182336229937118e-10,1.1181922922536942e-10,1.1181509744226355e-10,1.1181096695025965e-10,1.118068377482755e-10,1.1180270983537749e-10,1.117985832109714e-10,1.1179445787437884e-10,1.1179033382484029e-10,1.1178621106168752e-10,1.1178208958427976e-10,1.117779693918178e-10,1.1177385048357177e-10,1.1176973285883682e-10,1.1176561651700684e-10,1.1176150145731578e-10,1.117573876790319e-10,1.117532751813318e-10,1.1174916396377952e-10,1.1174505402556341e-10,1.1174094536599763e-10,1.1173683798429891e-10,1.1173273187974303e-10,1.117286270518395e-10,1.1172452349967527e-10,1.117204212224332e-10,1.1171632021981379e-10,1.1171222049077477e-10,1.1170812203472263e-10,1.1170402485097861e-10,1.1169992893893386e-10,1.1169583429778262e-10,1.1169174092716657e-10,1.1168764882567349e-10,1.1168355799290781e-10,1.1167946842819572e-10,1.1167538013119974e-10,1.1167129310067887e-10,1.1166720733642308e-10,1.116631228375084e-10,1.1165903960352606e-10,1.1165495763324175e-10,1.1165087692613494e-10,1.1164679748122301e-10,1.116427192986812e-10,1.1163864237729871e-10,1.116345667165848e-10,1.1163049231564286e-10,1.1162641917367946e-10,1.1162234729026788e-10,1.1161827666421594e-10,1.1161420729563352e-10,1.11610139183439e-10,1.1160607232685191e-10,1.1160200672535807e-10,1.1159794237820759e-10,1.1159387928455e-10,1.1158981744407463e-10,1.1158575685584655e-10,1.1158169751925028e-10,1.115776394334819e-10,1.1157358259804846e-10,1.1156952701207451e-10,1.1156547267487791e-10,1.115614195860593e-10,1.1155736774513312e-10,1.1155331715066834e-10,1.1154926780238652e-10,1.1154521969958706e-10,1.1154117284161402e-10,1.1153712722776817e-10,1.1153308285736983e-10,1.1152903972975765e-10,1.115249978438997e-10,1.1152095719982146e-10,1.1151691779628903e-10,1.1151287963309427e-10,1.115088427093589e-10,1.1150480702432992e-10,1.1150077257731565e-10,1.1149673936779676e-10,1.1149270739498321e-10,1.1148867665786193e-10,1.1148464715650713e-10,1.1148061888982193e-10,1.1147659185693238e-10,1.1147256605742727e-10,1.1146854149090951e-10,1.1146451815649979e-10,1.1146049605351353e-10,1.114564751812043e-10,1.1145245553898753e-10,1.1144843712616668e-10,1.114444199417219e-10,1.1144040398564206e-10,1.1143638925662402e-10,1.1143237575475452e-10,1.1142836347862365e-10,1.1142435242825792e-10,1.1142034260262176e-10,1.1141633400111644e-10,1.1141232662298201e-10,1.1140832046769693e-10,1.114043155345033e-10,1.1140031182241656e-10,1.1139630933152344e-10,1.1139230806075142e-10,1.1138830800948467e-10,1.1138430917705578e-10,1.1138031156246221e-10,1.1137631516575404e-10,1.1137231998585954e-10,1.113683260226381e-10,1.1136433327425975e-10,1.1136034174145668e-10,1.1135635142253519e-10,1.113523623172506e-10,1.1134837442487558e-10,1.1134438774481611e-10,1.1134040227641005e-10,1.1133641801900672e-10,1.1133243497156716e-10,1.1132845313386972e-10,1.113244725060273e-10,1.1132049308614527e-10,1.1131651487401953e-10,1.1131253786901696e-10,1.1130856207076812e-10,1.1130458747805025e-10,1.1130061409050732e-10,1.1129664190749565e-10,1.1129267092836328e-10,1.1128870115247754e-10,1.1128473257919429e-10,1.1128076520786746e-10,1.1127679903785289e-10,1.1127283406883186e-10,1.1126887029951738e-10,1.1126490772958671e-10,1.1126094635806056e-10,1.1125698618498946e-10,1.112530272094161e-10,1.11249069431008e-10,1.1124511284840934e-10,1.1124115746139968e-10,1.1123720326930461e-10,1.112332502711378e-10,1.1122929846620801e-10,1.112253478553927e-10,1.1122139843660874e-10,1.1121745020958554e-10,1.1121350317363826e-10,1.1120955732816331e-10,1.1120561267252372e-10,1.112016692063987e-10,1.1119772692853478e-10,1.1119378583880569e-10,1.1118984593618813e-10,1.11185907220402e-10,1.1118196969050907e-10,1.1117803334602762e-10,1.1117409818633632e-10,1.1117016421079335e-10,1.1116623141921891e-10,1.1116229981010049e-10,1.1115836938326945e-10,1.1115444013808549e-10,1.1115051207407458e-10,1.1114658519030476e-10,1.1114265948630103e-10,1.1113873496029815e-10,1.111348116139563e-10,1.111308894455064e-10,1.1112696845432783e-10,1.1112304863979754e-10,1.1111913000146384e-10,1.1111521253850844e-10,1.1111129625018975e-10,1.1110738113602502e-10,1.1110346719539929e-10,1.1109955442785555e-10,1.1109564283237297e-10,1.1109173240863973e-10,1.1108782315597756e-10,1.1108391507375825e-10,1.11080008161359e-10,1.1107610241835295e-10,1.1107219784392441e-10,1.110682944375822e-10,1.1106439219823942e-10,1.1106049112570434e-10,1.1105659121954107e-10,1.110526924786431e-10,1.1104879490263339e-10,1.1104489849091552e-10,1.110410032428753e-10,1.1103710915789124e-10,1.1103321623535034e-10,1.1102932447464159e-10,1.1102543387515551e-10,1.1102154443628299e-10,1.1101765615741867e-10,1.1101376903793398e-10,1.1100988307716426e-10,1.110059982746374e-10,1.1100211462967703e-10,1.1099823214166876e-10,1.1099435080914429e-10,1.1099047063323355e-10,1.1098659161245678e-10,1.1098271374551896e-10,1.1097883703320782e-10,1.109749614741986e-10,1.1097108706797312e-10,1.1096721381379774e-10,1.1096334171112276e-10,1.1095947075936223e-10,1.109556009578957e-10,1.1095173230611564e-10,1.1094786480343167e-10,1.1094399844926852e-10,1.1094013324297382e-10,1.1093626918275965e-10,1.109324062705203e-10,1.109285445043898e-10,1.1092468388367423e-10,1.1092082440700031e-10,1.1091696607546101e-10,1.109131088876172e-10,1.1090925284289082e-10,1.1090539794068482e-10,1.1090154417976657e-10,1.1089769156079818e-10,1.1089384008251955e-10,1.1088998974433154e-10,1.1088614054569265e-10,1.1088229248597541e-10,1.1087844556461247e-10,1.1087459978090894e-10,1.1087075513380319e-10,1.1086691162387753e-10,1.1086306924993031e-10,1.1085922801132777e-10,1.1085538790755081e-10,1.1085154893796746e-10,1.1084771110197633e-10,1.1084387439900771e-10,1.108400388286455e-10,1.1083620438996362e-10,1.1083237108249333e-10,1.1082853890569842e-10,1.1082470785898449e-10,1.1082087794174933e-10,1.1081704915337558e-10,1.1081322149349873e-10,1.1080939496117316e-10,1.1080556955601175e-10,1.1080174527714348e-10,1.1079792212450597e-10,1.1079410009725659e-10,1.1079027919416646e-10,1.1078645941598029e-10,1.1078264076140151e-10,1.10778823229891e-10,1.1077500682083994e-10,1.1077119153361567e-10,1.1076737736742749e-10,1.1076356432231893e-10,1.1075975239735932e-10,1.1075594159195925e-10,1.1075213190560057e-10,1.1074832333767184e-10,1.1074451588755023e-10,1.1074070955462079e-10,1.107369043384646e-10,1.1073310023841892e-10,1.1072929725382419e-10,1.1072549538421581e-10,1.1072169462912288e-10,1.1071789498773943e-10,1.1071409645954123e-10,1.107102990440102e-10,1.107065027405258e-10,1.1070270754856891e-10,1.1069891346752597e-10,1.1069512049687175e-10,1.106913286359695e-10,1.1068753788431019e-10,1.1068374824132704e-10,1.1067995970639686e-10,1.106761722788568e-10,1.1067238595840023e-10,1.1066860074421635e-10,1.1066481663588356e-10,1.1066103363276607e-10,1.1065725173431852e-10,1.106534709399498e-10,1.1064969124913266e-10,1.1064591266112282e-10,1.106421351756337e-10,1.1063835879190803e-10,1.1063458350948453e-10,1.1063080932776329e-10,1.1062703624622085e-10,1.1062326426432094e-10,1.1061949338127183e-10,1.1061572359671086e-10,1.1061195491001141e-10,1.1060818732088484e-10,1.1060442082822259e-10,1.1060065543175848e-10,1.1059689113077456e-10,1.1059312792499731e-10,1.1058936581374355e-10,1.1058560479638959e-10,1.1058184487241005e-10,1.1057808604145135e-10,1.1057432830259526e-10,1.105705716556293e-10,1.1056681609958877e-10,1.1056306163412576e-10,1.1055930825871873e-10,1.1055555597273734e-10,1.1055180477551865e-10,1.1054805466744332e-10,1.1054430564701973e-10,1.1054055771343088e-10,1.1053681086653799e-10,1.105330651058339e-10,1.1052932043075446e-10,1.1052557684053426e-10,1.1052183433516341e-10,1.1051809291343038e-10,1.105143525750614e-10,1.1051061331952315e-10,1.1050687514635318e-10,1.1050313805481227e-10,1.1049940204391635e-10,1.1049566711414966e-10,1.1049193326413213e-10,1.1048820049399008e-10,1.1048446880282363e-10,1.104807381900973e-10,1.1047700865522755e-10,1.104732801976694e-10,1.1046955281689343e-10,1.1046582651232565e-10,1.1046210128380129e-10,1.1045837713012449e-10,1.1045465405104187e-10,1.104509320463711e-10,1.1044721111496742e-10,1.1044349125677109e-10,1.104397724705785e-10,1.1043605475636989e-10,1.1043233811368038e-10,1.1042862254147302e-10,1.1042490803950812e-10,1.1042119460682873e-10,1.1041748224368588e-10,1.1041377094946541e-10,1.1041006072304919e-10,1.1040635156415529e-10,1.1040264347245682e-10,1.1039893644694534e-10,1.1039523048748747e-10,1.1039152559367183e-10,1.1038782176440803e-10,1.1038411899923188e-10,1.1038041729802683e-10,1.1037671666008633e-10,1.1037301708479143e-10,1.1036931857162589e-10,1.1036562112005504e-10,1.1036192472960284e-10,1.1035822939969212e-10,1.1035453512990749e-10,1.1035084191903124e-10,1.1034714976767959e-10,1.1034345867458256e-10,1.1033976863927693e-10,1.1033607966168404e-10,1.1033239174061862e-10,1.1032870487509267e-10,1.1032501906597142e-10,1.103213343123237e-10,1.1031765061311306e-10,1.1031396796812093e-10,1.1031028637700791e-10,1.103066058386983e-10,1.1030292635290511e-10,1.1029924791918214e-10,1.1029557053650602e-10,1.1029189420529374e-10,1.1028821892447281e-10,1.1028454469365148e-10,1.1028087151250911e-10,1.1027719937911626e-10,1.1027352829482137e-10,1.1026985825834613e-10,1.1026618926915058e-10,1.1026252132678521e-10,1.1025885443057085e-10,1.1025518858007004e-10,1.1025152377410052e-10,1.1024786001334728e-10,1.1024419729685462e-10,1.1024053562434255e-10,1.102368749946107e-10,1.1023321540752482e-10,1.102295568623643e-10,1.1022589935899369e-10,1.1022224289636978e-10,1.1021858747418064e-10,1.1021493309206599e-10,1.1021127974934185e-10,1.1020762744581627e-10,1.1020397618065451e-10,1.1020032595313908e-10,1.1019667676301e-10,1.1019302860972965e-10,1.1018938149292378e-10,1.1018573541179978e-10,1.1018209036562451e-10,1.1017844635458017e-10,1.1017480337803456e-10,1.1017116143537832e-10,1.1016752052559711e-10,1.1016388064871505e-10,1.101602418035521e-10,1.1015660399042924e-10,1.1015296720850266e-10,1.1014933145718842e-10,1.1014569673602645e-10,1.1014206304450419e-10,1.101384303817179e-10,1.101347987483423e-10,1.1013116814314788e-10,1.1012753856543305e-10,1.1012391001445352e-10,1.1012028249003487e-10,1.1011665599161393e-10,1.1011303051906009e-10,1.1010940607127257e-10,1.1010578264853125e-10,1.101021602496366e-10,1.1009853887383575e-10,1.1009491852112898e-10,1.1009129919087062e-10,1.1008768088265948e-10,1.1008406359604567e-10,1.100804473302827e-10,1.1007683208499343e-10,1.1007321785968429e-10,1.1006960465379725e-10,1.1006599246690667e-10,1.1006238129828176e-10,1.1005877114821018e-10,1.1005516201516641e-10,1.1005155389906066e-10,1.100479467993972e-10,1.1004434071598071e-10,1.1004073564767983e-10,1.1003713159431132e-10,1.1003352855524742e-10,1.1002992653023352e-10,1.1002632551830018e-10,1.1002272551986668e-10,1.1001912653367728e-10,1.1001552855909447e-10,1.1001193159620133e-10,1.1000833564423383e-10,1.1000474070269328e-10,1.1000114677108082e-10,1.0999755384889439e-10,1.0999396193552084e-10,1.0999037103070582e-10,1.0998678113339516e-10,1.0998319224380308e-10,1.099796043613147e-10,1.0997601748534961e-10,1.0997243161496331e-10,1.0996884675033855e-10,1.0996526289039188e-10,1.0996168003527491e-10,1.0995809818405247e-10,1.0995451733629999e-10,1.0995093749132595e-10,1.0994735864906273e-10,1.099437808084862e-10,1.0994020396973278e-10,1.0993662813169344e-10,1.0993305329448876e-10,1.0992947945708466e-10,1.0992590661909575e-10,1.0992233478050223e-10,1.0991876394047583e-10,1.0991519409851764e-10,1.0991162525414098e-10,1.0990805740664422e-10,1.0990449055596566e-10,1.0990092470139882e-10,1.0989735984245309e-10,1.0989379597834626e-10,1.0989023310919515e-10,1.0988667123422398e-10,1.0988311035271732e-10,1.0987955046459722e-10,1.0987599156912993e-10,1.0987243366616712e-10,1.0986887675497594e-10,1.0986532083472692e-10,1.098617659053221e-10,1.0985821196614287e-10,1.0985465901630217e-10,1.098511070560229e-10,1.0984755608478135e-10,1.0984400610188533e-10,1.0984045710685031e-10,1.098369090991977e-10,1.0983336207838325e-10,1.0982981604404136e-10,1.0982627099558553e-10,1.098227269326362e-10,1.0981918385465556e-10,1.0981564176066743e-10,1.0981210065119267e-10,1.0980856052525235e-10,1.0980502138238958e-10,1.0980148322206163e-10,1.0979794604387369e-10,1.0979440984722586e-10,1.0979087463175715e-10,1.0978734039695588e-10,1.0978380714229244e-10,1.0978027486739473e-10,1.0977674357173145e-10,1.0977321325486335e-10,1.09769683916231e-10,1.0976615555535607e-10,1.097626281715719e-10,1.0975910176491084e-10,1.0975557633463043e-10,1.097520518802469e-10,1.0974852840129704e-10,1.0974500589712927e-10,1.0974148436765625e-10,1.0973796381196171e-10,1.097344442300349e-10,1.0973092562111713e-10,1.0972740798500653e-10,1.0972389132086579e-10,1.0972037562837821e-10,1.0971686090707842e-10,1.0971334715648834e-10,1.0970983437622449e-10,1.0970632256602388e-10,1.0970281172476314e-10,1.0969930185230316e-10,1.0969579294820713e-10,1.0969228501202526e-10,1.0968877804328303e-10,1.0968527204147033e-10,1.0968176700591527e-10,1.0967826293663406e-10,1.0967475983264848e-10,1.096712576938485e-10,1.0966775651983157e-10,1.0966425630997426e-10,1.0966075706381217e-10,1.0965725878099063e-10,1.0965376146088132e-10,1.096502651030343e-10,1.0964676970702478e-10,1.0964327527236303e-10,1.0963978179863302e-10,1.0963628928550068e-10,1.0963279773223101e-10,1.0962930713845888e-10,1.0962581750375387e-10,1.0962232882761605e-10,1.0961884110962605e-10,1.0961535434924182e-10,1.0961186854613675e-10,1.0960838369977148e-10,1.0960489980970825e-10,1.0960141687544158e-10,1.0959793489654648e-10,1.0959445387257907e-10,1.0959097380283597e-10,1.0958749468731945e-10,1.0958401652533316e-10,1.09580539316425e-10,1.095770630601363e-10,1.0957358775601956e-10,1.0957011340360141e-10,1.0956664000240676e-10,1.09563167552026e-10,1.095596960521918e-10,1.0955622550207079e-10,1.0955275590134266e-10,1.095492872496216e-10,1.0954581954634766e-10,1.0954235279108963e-10,1.095388869836708e-10,1.095354221232506e-10,1.0953195820954371e-10,1.095284952422722e-10,1.0952503322054422e-10,1.0952157214417502e-10,1.0951811201261497e-10,1.0951465282556748e-10,1.0951119458251004e-10,1.0950773728303745e-10,1.0950428092662176e-10,1.0950082551290753e-10,1.0949737104124366e-10,1.094939175114585e-10,1.0949046492287156e-10,1.0948701327504606e-10,1.0948356256777109e-10,1.0948011280025471e-10,1.0947666397238794e-10,1.0947321608375609e-10,1.0946976913335784e-10,1.0946632312113379e-10,1.094628780465739e-10,1.0945943390921216e-10,1.094559907086792e-10,1.094525484445178e-10,1.0944910711614149e-10,1.0944566672332536e-10,1.0944222726554973e-10,1.0943878874254427e-10,1.0943535115349842e-10,1.0943191449811384e-10,1.0942847877594515e-10,1.09425043986783e-10,1.0942161012957161e-10,1.094181772043906e-10,1.0941474521078468e-10,1.0941131414834648e-10,1.0940788401628008e-10,1.0940445481445106e-10,1.0940102654216367e-10,1.093975991991748e-10,1.0939417278494409e-10,1.0939074729914716e-10,1.0938732274125385e-10,1.0938389911096706e-10,1.0938047640754273e-10,1.0937705463079948e-10,1.0937363378024425e-10,1.0937021385545164e-10,1.0936679485595349e-10,1.0936337678128014e-10,1.0935995963106706e-10,1.0935654340495952e-10,1.0935312810219747e-10,1.0934971372265486e-10,1.093463002657802e-10,1.0934288773121854e-10,1.0933947611832363e-10,1.0933606542679235e-10,1.0933265565613717e-10,1.0932924680598826e-10,1.09325838875889e-10,1.0932243186539251e-10,1.0931902577406824e-10,1.0931562060153614e-10,1.0931221634730551e-10,1.09308813011009e-10,1.0930541059207362e-10,1.0930200908984055e-10,1.0929860850450628e-10,1.092952088354302e-10,1.0929181008208513e-10,1.0928841224392584e-10,1.0928501532061459e-10,1.092816193116937e-10,1.092782242170083e-10,1.0927483003527119e-10,1.0927143676728232e-10,1.092680444117822e-10,1.0926465296851671e-10,1.092612624371422e-10,1.0925787281717049e-10,1.0925448410816117e-10,1.09251096309442e-10,1.0924770942110246e-10,1.0924432344247785e-10,1.0924093837328619e-10,1.0923755421286357e-10,1.0923417096079964e-10,1.0923078861653312e-10,1.0922740718008673e-10,1.0922402665059029e-10,1.092206470281245e-10,1.0921726831176789e-10,1.0921389050088736e-10,1.0921051359589028e-10,1.0920713759581404e-10,1.0920376250030845e-10,1.0920038830904821e-10,1.0919701502138073e-10,1.091936426369345e-10,1.0919027115519628e-10,1.0918690057576672e-10,1.0918353089900725e-10,1.0918016212384138e-10,1.0917679424979858e-10,1.0917342727655466e-10,1.091700612037841e-10,1.0916669603091634e-10,1.0916333175715479e-10,1.0915996838281688e-10,1.0915660590696341e-10,1.0915324432951015e-10,1.0914988364993805e-10,1.0914652386781187e-10,1.0914316498274121e-10,1.0913980699401774e-10,1.0913644990159026e-10,1.0913309370491068e-10,1.091297384032379e-10,1.0912638399677151e-10,1.0912303048480769e-10,1.0911967786661085e-10,1.0911632614234172e-10,1.0911297531102884e-10,1.0910962537295587e-10,1.0910627632717023e-10,1.0910292817319483e-10,1.0909958091101692e-10,1.0909623453966868e-10,1.0909288905904678e-10,1.0908954446884488e-10,1.0908620076890973e-10,1.0908285795799589e-10,1.0907951603642838e-10,1.0907617500379259e-10,1.090728348591542e-10,1.0906949560247037e-10,1.0906615723315554e-10,1.090628197509661e-10,1.0905948315553908e-10,1.0905614744616485e-10,1.0905281262227908e-10,1.0904947868409308e-10,1.0904614563071643e-10,1.0904281346189213e-10,1.090394821772558e-10,1.090361517765485e-10,1.0903282225891354e-10,1.0902949362431341e-10,1.0902616587217416e-10,1.090228390020333e-10,1.0901951301367249e-10,1.0901618790639646e-10,1.0901286368019087e-10,1.0900954033457932e-10,1.0900621786891832e-10,1.090028962827868e-10,1.0899957557611224e-10,1.0899625574804786e-10,1.0899293679838304e-10,1.0898961872643455e-10,1.0898630153257009e-10,1.0898298521595166e-10,1.089796697758134e-10,1.0897635521225218e-10,1.0897304152482819e-10,1.089697287129598e-10,1.0896641677599579e-10,1.0896310571361123e-10,1.0895979552583478e-10,1.0895648621199279e-10,1.0895317777183051e-10,1.0894987020502549e-10,1.0894656351015321e-10,1.089432576881971e-10,1.0893995273804987e-10,1.0893664865957031e-10,1.0893334545220388e-10,1.0893004311566568e-10,1.089267416496257e-10,1.0892344105338222e-10,1.089201413268274e-10,1.0891684246922974e-10,1.0891354448059183e-10,1.089102473599618e-10,1.089069511074429e-10,1.089036557225461e-10,1.0890036120485812e-10,1.0889706755389224e-10,1.0889377476913786e-10,1.088904828503784e-10,1.0888719179688793e-10,1.088839016090397e-10,1.0888061228562724e-10,1.0887732382692539e-10,1.0887403623201778e-10,1.0887074950053677e-10,1.0886746363255279e-10,1.0886417862721043e-10,1.0886089448421163e-10,1.0885761120312008e-10,1.0885432878330467e-10,1.0885104722520979e-10,1.0884776652776166e-10,1.0884448669059152e-10,1.0884120771371796e-10,1.0883792959617487e-10,1.0883465233781275e-10,1.0883137593849597e-10,1.0882810039741959e-10,1.0882482571467655e-10,1.0882155188953812e-10,1.0881827892162014e-10,1.0881500681015376e-10,1.0881173555551541e-10,1.0880846515710645e-10,1.088051956138847e-10,1.0880192692619269e-10,1.0879865909346715e-10,1.0879539211519589e-10,1.0879212599099322e-10,1.0878886072064243e-10,1.0878559630365818e-10,1.0878233273977912e-10,1.0877907002827881e-10,1.0877580816898496e-10,1.0877254716158335e-10,1.0876928700563726e-10,1.0876602770049478e-10,1.0876276924615933e-10,1.0875951164193531e-10,1.087562548874563e-10,1.0875299898254719e-10,1.0874974392661063e-10,1.0874648971919498e-10,1.087432363603554e-10,1.0873998384953526e-10,1.0873673218616787e-10,1.087334813700128e-10,1.0873023140066351e-10,1.087269822774557e-10,1.0872373400033944e-10,1.0872048656893767e-10,1.0871723998274254e-10,1.0871399424136033e-10,1.0871074934407637e-10,1.0870750529104073e-10,1.087042620817404e-10,1.0870101971569215e-10,1.0869777819274503e-10,1.086945375123546e-10,1.086912976741029e-10,1.0868805867761783e-10,1.0868482052240055e-10,1.0868158320826502e-10,1.086783467347187e-10,1.0867511110145367e-10,1.0867187630827917e-10,1.086686423543459e-10,1.0866540923953553e-10,1.0866217696338216e-10,1.0865894552573026e-10,1.086557149259562e-10,1.0865248516385797e-10,1.0864925623888096e-10,1.086460281507213e-10,1.0864280089908285e-10,1.0863957448353656e-10,1.0863634890367021e-10,1.0863312415911609e-10,1.0862990024931874e-10,1.0862667717425687e-10,1.0862345493336542e-10,1.0862023352622348e-10,1.0861701295275167e-10,1.0861379321207216e-10,1.0861057430404552e-10,1.0860735622830282e-10,1.0860413898456977e-10,1.0860092257249248e-10,1.0859770699171498e-10,1.085944922415022e-10,1.0859127832170799e-10,1.0858806523184824e-10,1.0858485297180307e-10,1.0858164154108625e-10,1.0857843093926218e-10,1.0857522116608825e-10,1.0857201222110326e-10,1.0856880410393344e-10,1.0856559681410736e-10,1.0856239035134254e-10,1.085591847153377e-10,1.0855597990555586e-10,1.0855277592185267e-10,1.0854957276368243e-10,1.085463704306292e-10,1.0854316892266625e-10,1.0853996823897295e-10,1.0853676837935545e-10,1.0853356934354624e-10,1.0853037113098763e-10,1.0852717374144183e-10,1.085239771745932e-10,1.0852078142995766e-10,1.0851758650721922e-10,1.0851439240579413e-10,1.0851119912549923e-10,1.0850800666614704e-10,1.0850481502715644e-10,1.0850162420812167e-10,1.0849843420871715e-10,1.0849524502883001e-10,1.0849205666774976e-10,1.0848886912520167e-10,1.084856824007998e-10,1.0848249649423458e-10,1.0847931140513573e-10,1.0847612713335121e-10,1.0847294367827781e-10,1.084697610393908e-10,1.0846657921661691e-10,1.0846339820946063e-10,1.0846021801761218e-10,1.084570386406278e-10,1.0845386007837428e-10,1.0845068233015807e-10,1.0844750539583185e-10,1.0844432927485565e-10,1.0844115396706603e-10,1.0843797947196166e-10,1.084348057892921e-10,1.084316329180216e-10,1.0842846085906231e-10,1.0842528961070791e-10,1.0842211917373772e-10,1.084189495475334e-10,1.0841578073127832e-10,1.0841261272505726e-10,1.084094455282182e-10,1.0840627914049258e-10,1.0840311356132508e-10,1.0839994878989903e-10,1.0839678482740721e-10,1.0839362167260154e-10,1.0839045932509399e-10,1.0838729778437711e-10,1.083841370504383e-10,1.0838097712265909e-10,1.0837781800065209e-10,1.0837465968458987e-10,1.0837150217337819e-10,1.0836834546695215e-10,1.083651895650268e-10,1.0836203446703444e-10,1.0835888017284493e-10,1.0835572668230285e-10,1.0835257399442977e-10,1.0834942210939241e-10,1.083462710265925e-10,1.083431207457813e-10,1.0833997126645378e-10,1.0833682258842644e-10,1.0833367471129322e-10,1.0833052763474821e-10,1.08327381358318e-10,1.0832423588174748e-10,1.0832109120454576e-10,1.0831794732654731e-10,1.0831480424713959e-10,1.0831166196629765e-10,1.0830852048339167e-10,1.0830537979829757e-10,1.0830223991062382e-10,1.0829910081984948e-10,1.0829596252557249e-10,1.0829282502771326e-10,1.0828968832574429e-10,1.0828655241934028e-10,1.0828341730818868e-10,1.0828028299194273e-10,1.0827714947016592e-10,1.0827401674261809e-10,1.0827088480883849e-10,1.0826775366847209e-10,1.0826462332125632e-10,1.0826149376679017e-10,1.0825836500481939e-10,1.0825523703496011e-10,1.0825210985666224e-10,1.0824898346989572e-10,1.082458578741572e-10,1.082427330690294e-10,1.0823960905413073e-10,1.0823648582928066e-10,1.0823336339411379e-10,1.0823024174823739e-10,1.082271208913286e-10,1.0822400082301917e-10,1.082208815429038e-10,1.0821776305064995e-10,1.0821464534600615e-10,1.0821152842852992e-10,1.0820841229777196e-10,1.082052969536539e-10,1.0820218239570954e-10,1.081990686235053e-10,1.0819595563678586e-10,1.0819284343521077e-10,1.0818973201849773e-10,1.0818662138640402e-10,1.0818351153819409e-10,1.0818040247370342e-10,1.0817729419250772e-10,1.0817418669453438e-10,1.0817107997926875e-10,1.0816797404627284e-10,1.0816486889541276e-10,1.0816176452620291e-10,1.0815866093834656e-10,1.0815555813150959e-10,1.0815245610522594e-10,1.0814935485931968e-10,1.0814625439343613e-10,1.0814315470720016e-10,1.0814005580025159e-10,1.0813695767207264e-10,1.0813386032268558e-10,1.0813076375150444e-10,1.0812766795831756e-10,1.0812457294262571e-10,1.0812147870388018e-10,1.0811838524231523e-10,1.0811529255717866e-10,1.0811220064850666e-10,1.0810910951568886e-10,1.0810601915805196e-10,1.081029295758363e-10,1.0809984076865596e-10,1.0809675273590729e-10,1.0809366547739196e-10,1.0809057899270507e-10,1.0808749328168681e-10,1.0808440834363659e-10,1.0808132417830924e-10,1.0807824078583388e-10,1.08075158165526e-10,1.0807207631696908e-10,1.080689952398242e-10,1.0806591493385592e-10,1.0806283539881043e-10,1.0805975663431658e-10,1.0805667863997429e-10,1.0805360141544724e-10,1.0805052496005784e-10,1.0804744927412074e-10,1.0804437435742084e-10,1.0804130020840443e-10,1.0803822682776713e-10,1.0803515421500443e-10,1.0803208236967297e-10,1.0802901129166055e-10,1.0802594098042795e-10,1.0802287143531709e-10,1.0801980265673711e-10,1.0801673464387886e-10,1.080136673963346e-10,1.080106009139111e-10,1.0800753519644008e-10,1.0800447024355039e-10,1.0800140605515873e-10,1.0799834263024532e-10,1.0799527996927667e-10,1.0799221807085272e-10,1.0798915693540392e-10,1.0798609656220609e-10,1.0798303695136116e-10,1.0797997810237871e-10,1.0797692001490108e-10,1.0797386268850891e-10,1.0797080612304348e-10,1.0796775031814194e-10,1.0796469527328738e-10,1.079616409884214e-10,1.0795858746308979e-10,1.0795553469694025e-10,1.0795248268964638e-10,1.0794943144085682e-10,1.0794638095047512e-10,1.0794333121786427e-10,1.0794028224275768e-10,1.0793723402487453e-10,1.079341865639349e-10,1.0793113985954391e-10,1.079280939114151e-10,1.0792504871904154e-10,1.0792200428240965e-10,1.0791896060064383e-10,1.0791591767404228e-10,1.0791287550222093e-10,1.079098340847393e-10,1.0790679342168735e-10,1.0790375351179233e-10,1.079007143552428e-10,1.0789767595164091e-10,1.078946383007442e-10,1.078916014020874e-10,1.0788856525554062e-10,1.078855298606829e-10,1.0788249521709538e-10,1.0787946132465501e-10,1.0787642818296695e-10,1.0787339579169367e-10,1.0787036415041684e-10,1.0786733325906969e-10,1.0786430311701763e-10,1.0786127372409969e-10,1.0785824507996834e-10,1.0785521718433317e-10,1.0785219003675537e-10,1.0784916363700394e-10,1.0784613798442173e-10,1.0784311307932026e-10,1.0784008892089524e-10,1.0783706550923574e-10,1.0783404284381096e-10,1.0783102092429158e-10,1.0782799975031222e-10,1.0782497932137805e-10,1.0782195963753243e-10,1.078189406983683e-10,1.0781592250319013e-10,1.0781290505190252e-10,1.0780988834461011e-10,1.078068723804404e-10,1.0780385715961399e-10,1.0780084268150153e-10,1.077978289458382e-10,1.077948159521479e-10,1.0779180369999814e-10,1.0778879218909621e-10,1.0778578141965278e-10,1.0778277139119575e-10,1.077797621031438e-10,1.0777675355523147e-10,1.0777374574720141e-10,1.0777073867864469e-10,1.0776773234927809e-10,1.0776472675884457e-10,1.0776172190703695e-10,1.0775871779352176e-10,1.0775571441791979e-10,1.0775271178014532e-10,1.0774970987923461e-10,1.0774670871484265e-10,1.0774370828791978e-10,1.0774070859741971e-10,1.077377096434252e-10,1.077347114247764e-10,1.0773171394146626e-10,1.077287171934464e-10,1.0772572117966315e-10,1.077227259008098e-10,1.0771973135615572e-10,1.0771673754535865e-10,1.07713744468265e-10,1.0771075212427278e-10,1.0770776051310339e-10,1.0770476963438395e-10,1.0770177948832121e-10,1.0769879007422115e-10,1.0769580139164153e-10,1.0769281344060557e-10,1.0768982622062282e-10,1.076868397323231e-10,1.0768385397349814e-10,1.0768086894484958e-10,1.0767788464611737e-10,1.076749010766388e-10,1.0767191823662072e-10,1.076689361253364e-10,1.0766595474252159e-10,1.0766297408819655e-10,1.0765999416183215e-10,1.0765701496308713e-10,1.0765403649180107e-10,1.0765105874750576e-10,1.0764808172998535e-10,1.076451054388097e-10,1.0764212987383864e-10,1.07639155034588e-10,1.0763618092067575e-10,1.0763320753214044e-10,1.0763023486852376e-10,1.0762726292944167e-10,1.0762429171438389e-10,1.0762132122359777e-10,1.076183514563413e-10,1.0761538241257397e-10,1.0761241409180898e-10,1.0760944649368012e-10,1.076064796181309e-10,1.0760351346460702e-10,1.0760054803293332e-10,1.0759758332268823e-10,1.0759461933369093e-10,1.075916560658597e-10,1.0758869351893222e-10,1.0758573169177589e-10,1.0758277058462788e-10,1.0757981019718905e-10,1.0757685052921277e-10,1.0757389158031642e-10,1.0757093334980384e-10,1.075679758380095e-10,1.0756501904435514e-10,1.0756206296857579e-10,1.0755910761038431e-10,1.0755615296959743e-10,1.0755319904548159e-10,1.075502458381768e-10,1.0754729334745598e-10,1.0754434157258215e-10,1.0754139051354314e-10,1.0753844016994885e-10,1.0753549054147751e-10,1.0753254162788339e-10,1.0752959342827587e-10,1.0752664594341703e-10,1.0752369917254468e-10,1.0752075311527744e-10,1.0751780777137264e-10,1.075148631407745e-10,1.075119192223101e-10,1.0750897601671049e-10,1.0750603352314285e-10,1.0750309174150014e-10,1.0750015067123027e-10,1.0749721031245983e-10,1.0749427066457774e-10,1.0749133172731861e-10,1.0748839350050599e-10,1.074854559837294e-10,1.0748251917687774e-10,1.0747958307934524e-10,1.0747664769097633e-10,1.0747371301201998e-10,1.0747077904103144e-10,1.0746784577832857e-10,1.074649132238652e-10,1.0746198137679397e-10,1.0745905023687066e-10,1.0745611980415668e-10,1.074531900784415e-10,1.074502610591619e-10,1.0744733274619079e-10,1.0744440513891416e-10,1.0744147823733677e-10,1.0743855204115121e-10,1.0743562654979693e-10,1.0743270176335053e-10,1.0742977768128443e-10,1.074268543033836e-10,1.0742393162934415e-10,1.0742100965885153e-10,1.0741808839154657e-10,1.0741516782719992e-10,1.0741224796558546e-10,1.07409328806097e-10,1.0740641034888365e-10,1.0740349259350648e-10,1.0740057553964873e-10,1.0739765918696497e-10,1.0739474353511961e-10,1.0739182858388271e-10,1.0738891433304532e-10,1.0738600078237677e-10,1.0738308793131136e-10,1.0738017577990614e-10,1.0737726432744325e-10,1.0737435357384592e-10,1.0737144351882203e-10,1.0736853416208081e-10,1.0736562550333188e-10,1.073627175422844e-10,1.0735981027864847e-10,1.073569037121331e-10,1.073539978424485e-10,1.0735109266930485e-10,1.073481881924125e-10,1.0734528441148182e-10,1.0734238132622349e-10,1.0733947893634829e-10,1.0733657724156729e-10,1.0733367624159213e-10,1.0733077593613318e-10,1.0732787632490241e-10,1.0732497740761144e-10,1.0732207918397214e-10,1.0731918165369677e-10,1.0731628481645026e-10,1.0731338867203921e-10,1.0731049322012952e-10,1.0730759846043539e-10,1.0730470439266551e-10,1.0730181101653531e-10,1.0729891833175799e-10,1.0729602633804712e-10,1.0729313503511608e-10,1.0729024442267859e-10,1.0728735450044909e-10,1.0728446526814139e-10,1.0728157672546976e-10,1.0727868887214876e-10,1.0727580170789352e-10,1.0727291523241775e-10,1.0727002944543686e-10,1.0726714434682587e-10,1.0726425993598063e-10,1.0726137621277631e-10,1.0725849317692562e-10,1.0725561082815051e-10,1.0725272916616564e-10,1.0724984819068379e-10,1.0724696790142277e-10,1.0724408829809944e-10,1.0724120938043027e-10,1.072383311481319e-10,1.0723545360092648e-10,1.0723257673852203e-10,1.072297005606403e-10,1.0722682506699894e-10,1.0722395025731556e-10,1.0722107613130807e-10,1.0721820268869458e-10,1.0721532992919317e-10,1.0721245785252275e-10,1.0720958645840168e-10,1.0720671574654786e-10,1.072038457166812e-10,1.0720097636852062e-10,1.0719810770178457e-10,1.0719523971619302e-10,1.0719237241146541e-10,1.0718950578732238e-10,1.0718663984348232e-10,1.07183774579663e-10,1.0718090999559079e-10,1.0717804609099789e-10,1.0717518286557581e-10,1.0717232031905893e-10,1.0716945845115414e-10,1.0716659726161154e-10,1.0716373675013866e-10,1.0716087691645582e-10,1.0715801776028563e-10,1.0715515928134873e-10,1.0715230147936752e-10,1.0714944435406453e-10,1.0714658790516088e-10,1.0714373213238041e-10,1.0714087703544325e-10,1.0713802261407544e-10,1.0713516886800069e-10,1.0713231579693804e-10,1.0712946340061132e-10,1.0712661167874516e-10,1.0712376063106393e-10,1.0712091025729043e-10,1.0711806055714662e-10,1.0711521153036016e-10,1.0711236317665378e-10,1.0710951549575244e-10,1.0710666848738007e-10,1.0710382215126125e-10,1.0710097648712066e-10,1.0709813149468368e-10,1.0709528717367605e-10,1.0709244352390836e-10,1.0708960054493474e-10,1.0708675823656665e-10,1.0708391659853e-10,1.0708107563041754e-10,1.0707823533222206e-10,1.07075395703536e-10,1.0707255674408714e-10,1.0706971845360157e-10,1.0706688083180614e-10,1.0706404387842607e-10,1.0706120759319193e-10,1.0705837197582957e-10,1.0705553702606626e-10,1.0705270274362973e-10,1.0704986912824756e-10,1.0704703617932053e-10,1.0704420389723228e-10,1.0704137228138307e-10,1.0703854133150159e-10,1.0703571104731549e-10,1.0703288142831872e-10,1.0703005247471225e-10,1.0702722418598902e-10,1.070243965618776e-10,1.0702156960210861e-10,1.0701874330641091e-10,1.0701591767451422e-10,1.070130927061467e-10,1.0701026840078092e-10,1.070074447586681e-10,1.0700462177927708e-10,1.0700179946226856e-10,1.0699897780751299e-10,1.0699615681451018e-10,1.0699333648302011e-10,1.0699051681315391e-10,1.0698769780443761e-10,1.0698487945651087e-10,1.069820617692077e-10,1.0697924474220704e-10,1.0697642837521624e-10,1.0697361266801715e-10,1.0697079762045337e-10,1.069679832319848e-10,1.0696516950248042e-10,1.0696235643143632e-10,1.0695954401897929e-10,1.0695673226476485e-10,1.0695392116853245e-10,1.0695111072984363e-10,1.0694830094841723e-10,1.0694549182418863e-10,1.0694268335678479e-10,1.0693987554592287e-10,1.0693706839138903e-10,1.0693426189302189e-10,1.0693145605041275e-10,1.0692865086311616e-10,1.0692584633103049e-10,1.0692304245398417e-10,1.0692023923180624e-10,1.0691743666393648e-10,1.0691463475024504e-10,1.0691183349046752e-10,1.0690903288433938e-10,1.0690623293159704e-10,1.0690343363173855e-10,1.0690063498497572e-10,1.068978369908073e-10,1.0689503964896693e-10,1.0689224295919682e-10,1.0688944692122794e-10,1.0688665153480361e-10,1.0688385679965782e-10,1.0688106271553455e-10,1.0687826928213109e-10,1.0687547649923892e-10,1.0687268436638562e-10,1.0686989288369734e-10,1.0686710205071173e-10,1.0686431186716901e-10,1.0686152233278814e-10,1.0685873344679883e-10,1.0685594521000925e-10,1.068531576216182e-10,1.0685037068153298e-10,1.0684758438929248e-10,1.06844798744534e-10,1.0684201374712356e-10,1.0683922939694638e-10,1.0683644569346989e-10,1.0683366263655904e-10,1.0683088022593787e-10,1.0682809846139767e-10,1.06825317342651e-10,1.0682253686957476e-10,1.068197570416444e-10,1.0681697785884726e-10,1.068141993206908e-10,1.0681142142703256e-10,1.0680864417774521e-10,1.06805867572297e-10,1.068030916105764e-10,1.0680031629223928e-10,1.0679754161731254e-10,1.0679476758534957e-10,1.0679199419590911e-10,1.0678922144893037e-10,1.0678644934425387e-10,1.0678367788150712e-10,1.0678090706035418e-10,1.0677813688054196e-10,1.0677536734200807e-10,1.0677259844436231e-10,1.0676983018722093e-10,1.067670625704565e-10,1.0676429559381368e-10,1.0676152925703517e-10,1.0675876355988699e-10,1.067559985021851e-10,1.0675323408346513e-10,1.067504703035869e-10,1.0674770716241132e-10,1.0674494465944388e-10,1.0674218279452906e-10,1.0673942156746485e-10,1.0673666097799299e-10,1.0673390102580619e-10,1.0673114171070962e-10,1.0672838303249895e-10,1.0672562499074667e-10,1.067228675853762e-10,1.0672011081595796e-10,1.0671735468229939e-10,1.0671459918419914e-10,1.0671184432135289e-10,1.0670909009356244e-10,1.0670633650054789e-10,1.06703583542137e-10,1.0670083121790536e-10,1.0669807952716728e-10,1.0669532847079972e-10,1.0669257804782416e-10,1.0668982825807579e-10,1.0668707910138803e-10,1.0668433057724744e-10,1.0668158268581777e-10,1.066788354266319e-10,1.0667608879939959e-10,1.0667334280392737e-10,1.0667059744008615e-10,1.0666785270737812e-10,1.0666510860566491e-10,1.066623651346952e-10,1.0665962229421787e-10,1.0665688008397588e-10,1.0665413850370141e-10,1.0665139755237908e-10,1.0664865723149556e-10,1.0664591753971558e-10,1.0664317847692663e-10,1.066404400428756e-10,1.0663770223729945e-10,1.0663496505997667e-10,1.0663222850980126e-10,1.0662949258821783e-10,1.0662675729412943e-10,1.0662402262740955e-10,1.066212885875612e-10,1.0661855517446088e-10,1.0661582238735527e-10,1.06613090226907e-10,1.0661035869256049e-10,1.0660762778394312e-10,1.0660489750025455e-10,1.0660216784282795e-10,1.0659943880997153e-10,1.0659671040115949e-10,1.0659398261761072e-10,1.0659125545848672e-10,1.0658852892336713e-10,1.0658580301203362e-10,1.0658307772410067e-10,1.0658035305954302e-10,1.0657762901717636e-10,1.0657490559848786e-10,1.0657218280218882e-10,1.0656946062783671e-10,1.0656673907564903e-10,1.0656401814552721e-10,1.0656129783696883e-10,1.0655857814969149e-10,1.0655585908351772e-10,1.065531406382428e-10,1.0655042281346977e-10,1.0654770560866575e-10,1.0654498902432891e-10,1.0654227305978542e-10,1.0653955771489705e-10,1.0653684298904438e-10,1.0653412888261509e-10,1.0653141539491989e-10,1.0652870252575752e-10,1.0652599027529331e-10,1.065232786429178e-10,1.0652056762838999e-10,1.065178572314449e-10,1.065151474519698e-10,1.0651243828947549e-10,1.0650972974408442e-10,1.0650702181538157e-10,1.0650431450322321e-10,1.0650160780717918e-10,1.064989017270439e-10,1.0649619626265024e-10,1.0649349141371126e-10,1.0649078718001433e-10,1.0648808356130111e-10,1.0648538055734125e-10,1.0648267816787041e-10,1.0647997639277654e-10,1.064772752315689e-10,1.0647457468415382e-10,1.0647187475031173e-10,1.0646917542951918e-10,1.0646647672211e-10,1.0646377862742501e-10,1.0646108114532498e-10,1.0645838427539201e-10,1.0645568801767064e-10,1.0645299237181865e-10,1.0645029733762198e-10,1.0644760291454385e-10,1.0644490910280007e-10,1.0644221590202746e-10,1.0643952331164488e-10,1.0643683133189453e-10,1.0643413996244643e-10,1.0643144920290259e-10,1.0642875905295034e-10,1.064260695124769e-10,1.0642338058120596e-10,1.0642069225894612e-10,1.0641800454537163e-10,1.0641531744038502e-10,1.064126309435029e-10,1.0640994505477563e-10,1.0640725977387572e-10,1.0640457510060306e-10,1.06401891034527e-10,1.0639920757542864e-10,1.0639652472345144e-10,1.0639384247781527e-10,1.0639116083855303e-10,1.0638847980554202e-10,1.0638579937851511e-10,1.0638311955706442e-10,1.0638044034110462e-10,1.0637776173030398e-10,1.0637508372434187e-10,1.0637240632335459e-10,1.063697295266739e-10,1.0636705333423661e-10,1.0636437774575379e-10,1.0636170276113211e-10,1.0635902838014459e-10,1.0635635460244233e-10,1.0635368142772733e-10,1.0635100885592142e-10,1.0634833688664245e-10,1.063456655197395e-10,1.063429947549449e-10,1.0634032459184562e-10,1.0633765503064473e-10,1.0633498607071512e-10,1.0633231771209142e-10,1.0632964995432446e-10,1.0632698279742307e-10,1.063243162410124e-10,1.0632165028490054e-10,1.0631898492876114e-10,1.063163201722175e-10,1.0631365601544741e-10,1.0631099245782699e-10,1.0630832949950006e-10,1.0630566713987813e-10,1.0630300537878868e-10,1.0630034421619273e-10,1.0629768365188916e-10,1.0629502368552452e-10,1.0629236431688393e-10,1.0628970554569223e-10,1.0628704737176159e-10,1.0628438979489269e-10,1.0628173281486958e-10,1.0627907643102679e-10,1.0627642064374326e-10,1.0627376545253378e-10,1.0627111085714879e-10,1.0626845685747509e-10,1.0626580345313444e-10,1.062631506439542e-10,1.0626049842976246e-10,1.0625784681020958e-10,1.0625519578522455e-10,1.0625254535397345e-10,1.0624989551700545e-10,1.0624724627389771e-10,1.0624459762438879e-10,1.062419495679936e-10,1.0623930210489692e-10,1.0623665523451292e-10,1.0623400895691064e-10,1.0623136327169176e-10,1.0622871817866575e-10,1.0622607367744661e-10,1.0622342976808723e-10,1.0622078645020812e-10,1.0621814372357729e-10,1.0621550158794517e-10,1.0621286004283717e-10,1.062102190887397e-10,1.0620757872507945e-10,1.0620493895148966e-10,1.062022997676295e-10,1.0619966117317797e-10,1.0619702316844609e-10,1.0619438575291483e-10,1.0619174892636356e-10,1.0618911268856996e-10,1.0618647703938098e-10,1.0618384197842281e-10,1.0618120750537846e-10,1.0617857362040155e-10,1.0617594032301898e-10,1.0617330761303199e-10,1.0617067549017817e-10,1.0616804395430751e-10,1.0616541300513538e-10,1.0616278264246887e-10,1.0616015286590301e-10,1.0615752367523043e-10,1.0615489507069854e-10,1.0615226705203315e-10,1.061496396183921e-10,1.0614701277008442e-10,1.0614438650635954e-10,1.0614176082755166e-10,1.0613913573325047e-10,1.0613651122319169e-10,1.0613388729716116e-10,1.0613126395492936e-10,1.0612864119623323e-10,1.061260190209242e-10,1.0612339742890542e-10,1.061207764195807e-10,1.0611815599293542e-10,1.0611553614878088e-10,1.0611291688681226e-10,1.0611029820644359e-10,1.0610768010842368e-10,1.0610506259174676e-10,1.0610244565648084e-10,1.06099829302392e-10,1.0609721352943808e-10,1.0609459833690588e-10,1.0609198372481681e-10,1.060893696929004e-10,1.0608675624122401e-10,1.060841433691664e-10,1.060815310766327e-10,1.0607891936358345e-10,1.0607630822968838e-10,1.0607369767474058e-10,1.0607108769830478e-10,1.060684783004591e-10,1.0606586948087794e-10,1.0606326123948001e-10,1.060606535756601e-10,1.0605804648927175e-10,1.0605543998020416e-10,1.060528340484945e-10,1.060502286934937e-10,1.0604762391533098e-10,1.0604501971347108e-10,1.0604241608797632e-10,1.0603981303805616e-10,1.0603721056448978e-10,1.0603460866647384e-10,1.0603200734369688e-10,1.0602940659605686e-10,1.0602680642343237e-10,1.060242068254388e-10,1.0602160780193303e-10,1.0601900935275411e-10,1.0601641147758371e-10,1.0601381417652573e-10,1.0601121744909683e-10,1.0600862129480732e-10,1.0600602571367061e-10,1.0600343070551939e-10,1.0600083627013489e-10,1.059982424072489e-10,1.059956491167183e-10,1.0599305639850382e-10,1.0599046425193323e-10,1.0598787267694908e-10,1.0598528167338381e-10,1.0598269124122387e-10,1.0598010137989548e-10,1.0597751208956e-10,1.0597492336971698e-10,1.0597233522021847e-10,1.0596974764088137e-10,1.0596716063144259e-10,1.0596457419173438e-10,1.0596198832149532e-10,1.059594030205663e-10,1.0595681828899076e-10,1.0595423412592917e-10,1.0595165053155624e-10,1.0594906750574593e-10,1.059464850479445e-10,1.0594390315793297e-10,1.0594132183602544e-10,1.0593874108156266e-10,1.0593616089441583e-10,1.0593358127458248e-10,1.0593100222146923e-10,1.0592842373505477e-10,1.0592584581511858e-10,1.0592326846144647e-10,1.0592069167383823e-10,1.0591811545205467e-10,1.0591553979600867e-10,1.0591296470550468e-10,1.0591039018002943e-10,1.0590781621956685e-10,1.0590524282387802e-10,1.0590266999264375e-10,1.0590009772574224e-10,1.058975260229771e-10,1.0589495488412729e-10,1.0589238430897459e-10,1.0588981429730036e-10,1.0588724484887436e-10,1.0588467596356103e-10,1.0588210764109972e-10,1.0587953988128484e-10,1.0587697268394569e-10,1.0587440604925273e-10,1.0587183997607668e-10,1.0586927446469182e-10,1.058667095148787e-10,1.0586414512647668e-10,1.0586158129919522e-10,1.0585901803285838e-10,1.0585645532725494e-10,1.0585389318217355e-10,1.0585133159739591e-10,1.0584877057272551e-10,1.058462101079443e-10,1.0584365020284137e-10,1.0584109085745877e-10,1.0583853207125552e-10,1.0583597384392416e-10,1.0583341617542915e-10,1.0583085906556052e-10,1.0582830251410796e-10,1.0582574652086162e-10,1.0582319108559093e-10,1.0582063620833069e-10,1.0581808188844428e-10,1.058155281259254e-10,1.0581297492056462e-10,1.0581042227212924e-10,1.0580787018045708e-10,1.0580531864531567e-10,1.058027676664762e-10,1.0580021724375344e-10,1.0579766737693624e-10,1.0579511806582936e-10,1.0579256931020949e-10,1.0579002110984874e-10,1.0578747346455851e-10,1.0578492637415058e-10,1.057823798383921e-10,1.0577983385725427e-10,1.0577728843023299e-10,1.057747435571955e-10,1.0577219923744996e-10,1.0576965547185215e-10,1.057671122596389e-10,1.057645696006417e-10,1.0576202749464347e-10,1.0575948594142494e-10,1.0575694494079979e-10,1.0575440449256711e-10,1.0575186459644861e-10,1.0574932525232038e-10,1.0574678645993098e-10,1.0574424821910273e-10,1.0574171052961677e-10,1.0573917339125446e-10,1.0573663680451241e-10,1.0573410076780521e-10,1.0573156528177303e-10,1.0572903034591022e-10,1.0572649596013804e-10,1.0572396212427822e-10,1.0572142883812527e-10,1.0571889610144224e-10,1.0571636391421783e-10,1.0571383227589912e-10,1.0571130118647197e-10,1.057087706456023e-10,1.0570624065284403e-10,1.0570371120881607e-10,1.057011823128357e-10,1.056986539647809e-10,1.0569612616417924e-10,1.0569359891123643e-10,1.0569107220538296e-10,1.0568854604663179e-10,1.0568602043472791e-10,1.0568349536942397e-10,1.0568097085056429e-10,1.0567844687791787e-10,1.0567592345129458e-10,1.0567340057049414e-10,1.0567087823530649e-10,1.0566835644551388e-10,1.0566583520094904e-10,1.0566331450136428e-10,1.056607943464689e-10,1.0565827473631716e-10,1.0565575567054771e-10,1.0565323714834393e-10,1.0565071917076077e-10,1.0564820173699225e-10,1.0564568484681706e-10,1.056431685000817e-10,1.0564065269629267e-10,1.0563813743564183e-10,1.05635622717528e-10,1.056331085422648e-10,1.0563059490934222e-10,1.0562808181863668e-10,1.056255692698316e-10,1.0562305726308075e-10,1.0562054579766803e-10,1.0561803487361915e-10,1.0561552449073497e-10,1.0561301464860396e-10,1.0561050534746511e-10,1.0560799658690317e-10,1.0560548836670322e-10,1.0560298068659036e-10,1.0560047354654976e-10,1.0559796694626393e-10,1.0559546088554529e-10,1.0559295536420751e-10,1.0559045038140034e-10,1.0558794593818135e-10,1.055854420337545e-10,1.0558293866790087e-10,1.0558043584044835e-10,1.0557793355116249e-10,1.0557543179963206e-10,1.0557293058610976e-10,1.0557042991014781e-10,1.0556792977155804e-10,1.0556543017014899e-10,1.055629311057242e-10,1.0556043257805235e-10,1.0555793458689659e-10,1.0555543713222812e-10,1.055529402137433e-10,1.0555044383125461e-10,1.0554794798455958e-10,1.0554545267337793e-10,1.0554295789766993e-10,1.0554046365712742e-10,1.0553796995153904e-10,1.0553547678083745e-10,1.0553298414494642e-10,1.0553049204331103e-10,1.0552800047589089e-10,1.0552550944249087e-10,1.0552301894278602e-10,1.0552052897682227e-10,1.0551803954429026e-10,1.0551555064508868e-10,1.0551306227881326e-10,1.0551057444537587e-10,1.0550808714455963e-10,1.05505600376217e-10,1.0550311414012615e-10,1.0550062843622944e-10,1.0549814326406126e-10,1.0549565862355165e-10,1.0549317451451466e-10,1.0549069093690152e-10,1.054882078902142e-10,1.0548572537433377e-10,1.054832433893755e-10,1.0548076193477118e-10,1.0547828101042327e-10,1.0547580061620649e-10,1.0547332075167288e-10,1.0547084141709524e-10,1.0546836261201176e-10,1.0546588433626217e-10,1.05463406589624e-10,1.054609293719826e-10,1.0545845268304313e-10,1.054559765227084e-10,1.0545350089067705e-10,1.0545102578679573e-10,1.0544855121087837e-10,1.0544607716273168e-10,1.054436036421599e-10,1.054411306489843e-10,1.0543865818300585e-10,1.0543618624402889e-10,1.0543371483187174e-10,1.0543124394633748e-10,1.0542877358721547e-10,1.0542630375432431e-10,1.0542383444746773e-10,1.0542136566645763e-10,1.0541889741109236e-10,1.0541642968119482e-10,1.0541396247656394e-10,1.0541149579701003e-10,1.0540902964302467e-10,1.0540656401305484e-10,1.0540409890758643e-10,1.0540163432642842e-10,1.0539917026938829e-10,1.0539670673626945e-10,1.0539424372688992e-10,1.0539178124104619e-10,1.0538931927856364e-10,1.0538685783923632e-10,1.0538439692288339e-10,1.0538193652930426e-10,1.0537947665831983e-10,1.0537701730973521e-10,1.0537455848335995e-10,1.053721001789926e-10,1.0536964239645543e-10,1.0536718513556237e-10,1.0536472839612085e-10,1.0536227217792882e-10,1.0535981648079964e-10,1.0535736130454799e-10,1.0535490664898868e-10,1.0535245251392431e-10,1.0534999889916055e-10,1.0534754580452796e-10,1.0534509322980753e-10,1.0534264117483836e-10,1.0534018963941587e-10,1.0533773862335863e-10,1.0533528812648597e-10,1.0533283814858783e-10,1.0533038868948652e-10,1.0532793974899648e-10,1.0532549132692215e-10,1.0532304342307167e-10,1.0532059603725941e-10,1.0531814916930798e-10
18,1.0359831448035969e-42,3.611978387671825e-42,7.059311440329877e-42,1.0975920373786046e-41,1.5451555583663448e-41,2.0224972870842592e-41,2.521663126710282e-41,3.0374803150574646e-41,3.563169253264718e-41,4.096355333369283e-41,4.635760603891395e-41,5.180698493083487e-41,5.726620775182877e-41,6.276598879465904e-41,6.82808115834868e-41,7.380639125651787e-41,7.933966377189461e-41,8.487843797726578e-41,9.042114688501503e-41,9.59666698447597e-41,1.0151420539651794e-40,1.0706318034655086e-40,1.126131847557321e-40,1.1816392543502114e-40,1.2371519269766993e-40,1.292668365739246e-40,1.3481874980862286e-40,1.4037085568842973e-40,1.4592309934951173e-40,1.5147544155123733e-40,1.5702785423143372e-40,1.6258031731729354e-40,1.681328164560671e-40,1.7368534137791731e-40,1.7923788474004126e-40,1.847904412914261e-40,1.903430072767521e-40,1.9589558000885716e-40,2.0144815756677094e-40,2.0700073857508718e-40,2.125533220515765e-40,2.1810590729506166e-40,2.2365849380202342e-40,2.29211081209996e-40,2.3476366926521696e-40,2.4031625778262286e-40,2.458688466307444e-40,2.514214357144646e-40,2.5697402496972315e-40,2.6252661434456145e-40,2.6807920380529506e-40,2.7363179332922457e-40,2.791843828988617e-40,2.847369724986297e-40,2.9028956212157402e-40,2.958421517609168e-40,3.0139474141301487e-40,3.069473310751155e-40,3.1249992074248495e-40,3.1805251041347358e-40,3.2360510008746727e-40,3.291576897641674e-40,3.3471027944358632e-40,3.402628691240963e-40,3.4581545880556502e-40,3.513680484871509e-40,3.569206381704493e-40,3.6247322785372586e-40,3.68025817536435e-40,3.735784072222427e-40,3.791309969068673e-40,3.846835865920278e-40,3.9023617627827784e-40,3.957887659659265e-40,4.013413556516939e-40,4.068939453400526e-40,4.124465350264704e-40,4.179991247155209e-40,4.235517144032158e-40,4.291043040903616e-40,4.3465689377774384e-40,4.40209483466324e-40,4.457620731556799e-40,4.5131466284462705e-40,4.568672525330064e-40,4.6241984222457815e-40,4.679724319156537e-40,4.735250216075563e-40,4.790776112992441e-40,4.846302009912301e-40,4.901827906819167e-40,4.957353803754619e-40,5.012879700684014e-40,5.0684055976150176e-40,5.1239314945497564e-40,5.179457391496463e-40,5.234983288432776e-40,5.290509185380655e-40,5.346035082322662e-40,5.401560979276344e-40,5.457086876234801e-40,5.512612773202767e-40,5.568138670164753e-40,5.623664567123369e-40,5.679190464092085e-40,5.734716361081875e-40,5.790242258049512e-40,5.845768155027284e-40,5.901294051992751e-40,5.9568199489765765e-40,6.0123458459664966e-40,6.067871742950261e-40,6.123397639944781e-40,6.1789235369352544e-40,6.2344494339277414e-40,6.289975330929572e-40,6.3455012279417555e-40,6.401027124953478e-40,6.456553021976755e-40,6.51207891899201e-40,6.567604816008762e-40,6.623130713032342e-40,6.67865661007471e-40,6.734182507088459e-40,6.789708404118272e-40,6.8452343011513335e-40,6.900760198195733e-40,6.956286095253963e-40,7.011811992303924e-40,7.0673378893627406e-40,7.122863786407665e-40,7.178389683461109e-40,7.23391558052779e-40,7.289441477594883e-40,7.3449673746647e-40,7.400493271735346e-40,7.456019168810857e-40,7.511545065891017e-40,7.567070962972124e-40,7.622596860067691e-40,7.678122757145802e-40,7.7336486542399e-40,7.789174551332137e-40,7.844700448421014e-40,7.900226345518839e-40,7.955752242599437e-40,8.011278139691105e-40,8.066804036807005e-40,8.122329933915708e-40,8.17785583103145e-40,8.233381728175311e-40,8.288907625295361e-40,8.344433522435906e-40,8.399959419564209e-40,8.455485316701318e-40,8.511011213825825e-40,8.566537110967216e-40,8.622063008116633e-40,8.67758890525957e-40,8.73311480240487e-40,8.788640699576487e-40,8.844166596722808e-40,8.899692493891137e-40,8.955218391052785e-40,9.010744288212375e-40,9.066270185370672e-40,9.121796082542636e-40,9.177321979731683e-40,9.23284787692e-40,9.28837377408495e-40,9.343899671269552e-40,9.399425568454659e-40,9.45495146564241e-40,9.510477362831928e-40,9.566003260018694e-40,9.621529157219635e-40,9.677055054420019e-40,9.73258095163114e-40,9.788106848828937e-40,9.843632746032868e-40,9.8991586432725e-40,9.954684540484548e-40,1.0010210437715217e-39,1.0065736334961308e-39,1.0121262232189662e-39,1.0176788129412545e-39,1.0232314026637799e-39,1.028783992387953e-39,1.0343365821116978e-39,1.039889171836934e-39,1.0454417615626326e-39,1.0509943512892417e-39,1.0565469410169967e-39,1.0620995307428799e-39,1.0676521204681158e-39,1.0732047101939781e-39,1.0787572999202732e-39,1.0843098896483168e-39,1.0898624793745347e-39,1.0954150691024998e-39,1.1009676588318555e-39,1.1065202485622529e-39,1.1120728382923312e-39,1.1176254280223095e-39,1.1231780177506348e-39,1.128730607479668e-39,1.1342831972118358e-39,1.1398357869423592e-39,1.1453883766731856e-39,1.1509409664054104e-39,1.1564935561370256e-39,1.1620461458719033e-39,1.1675987356043532e-39,1.173151325336489e-39,1.1787039150696792e-39,1.1842565048023521e-39,1.1898090945364248e-39,1.1953616842711277e-39,1.2009142740046863e-39,1.2064668637391026e-39,1.2120194534734405e-39,1.2175720432089962e-39,1.223124632943454e-39,1.2286772226792628e-39,1.2342298124153335e-39,1.2397824021516751e-39,1.245334991888446e-39,1.2508875816261678e-39,1.2564401713636316e-39,1.2619927611016338e-39,1.2675453508413797e-39,1.2730979405798329e-39,1.2786505303185812e-39,1.2842031200594375e-39,1.289755709800292e-39,1.2953082995398722e-39,1.3008608892796809e-39,1.3064134790209235e-39,1.311966068761777e-39,1.3175186585021416e-39,1.3230712482450662e-39,1.3286238379877317e-39,1.3341764277301163e-39,1.3397290174736277e-39,1.3452816072163428e-39,1.3508341969598663e-39,1.3563867867030101e-39,1.3619393764479182e-39,1.3674919661929658e-39,1.3730445559355556e-39,1.3785971456814227e-39,1.3841497354258107e-39,1.3897023251711574e-39,1.3952549149179676e-39,1.400807504666309e-39,1.4063600944118703e-39,1.4119126841596343e-39,1.4174652739076538e-39,1.4230178636542408e-39,1.4285704534021647e-39,1.4341230431511111e-39,1.4396756329005613e-39,1.4452282226489577e-39,1.450780812398276e-39,1.4563334021479806e-39,1.4618859918996018e-39,1.467438581651427e-39,1.472991171401437e-39,1.478543761151866e-39,1.484096350902484e-39,1.489648940656773e-39,1.4952015304069734e-39,1.5007541201590497e-39,1.5063067099133224e-39,1.511859299666785e-39,1.5174118894208015e-39,1.5229644791753675e-39,1.5285170689282046e-39,1.534069658682411e-39,1.5396222484383708e-39,1.545174838195227e-39,1.5507274279490885e-39,1.556280017704406e-39,1.5618326074597474e-39,1.567385197215372e-39,1.5729377869711864e-39,1.578490376728287e-39,1.584042966484556e-39,1.589595556243777e-39,1.5951481460029525e-39,1.6007007357630503e-39,1.6062533255222714e-39,1.6118059152828505e-39,1.617358505041243e-39,1.6229110948013887e-39,1.6284636845608177e-39,1.634016274322169e-39,1.639568864083775e-39,1.6451214538431816e-39,1.650674043605366e-39,1.6562266333683254e-39,1.6617792231312258e-39,1.667331812894363e-39,1.6728844026579112e-39,1.6784369924197904e-39,1.6839895821843877e-39,1.6895421719479198e-39,1.6950947617130183e-39,1.700647351476178e-39,1.706199941240193e-39,1.711752531005546e-39,1.7173051207702436e-39,1.722857710536591e-39,1.7284103003010174e-39,1.7339628900661328e-39,1.7395154798339703e-39,1.7450680696011308e-39,1.7506206593675546e-39,1.7561732491339773e-39,1.7617258389030494e-39,1.7672784286685988e-39,1.7728310184390663e-39,1.7783836082086672e-39,1.783936197978469e-39,1.7894887877462946e-39,1.7950413775171918e-39,1.8005939672880338e-39,1.8061465570584795e-39,1.8116991468302563e-39,1.817251736601776e-39,1.8228043263709694e-39,1.828356916141888e-39,1.8339095059145922e-39,1.839462095687546e-39,1.845014685459331e-39,1.8505672752346042e-39,1.8561198650089957e-39,1.8616724547806175e-39,1.8672250445560404e-39,1.872777634331054e-39,1.8783302241057845e-39,1.8838828138829287e-39,1.8894354036583157e-39,1.8949879934347117e-39,1.9005405832089114e-39,1.9060931729860314e-39,1.911645762762972e-39,1.9171983525384777e-39,1.9227509423165505e-39,1.9283035320948245e-39,1.9338561218726976e-39,1.9394087116516545e-39,1.94496130143058e-39,1.950513891210182e-39,1.9560664809890134e-39,1.961619070769651e-39,1.9671716605498398e-39,1.9727242503301883e-39,1.978276840111602e-39,1.9838294298929416e-39,1.9893820196745716e-39,1.994934609456741e-39,2.0004871992391915e-39,2.0060397890212982e-39,2.011592378806588e-39,2.0171449685900728e-39,2.022697558374513e-39,2.0282501481570536e-39,2.033802737940914e-39,2.0393553277250702e-39,2.0449079175084506e-39,2.05046050729373e-39,2.056013097078949e-39,2.0615656868649874e-39,2.06711827665064e-39,2.072670866436706e-39,2.0782234562226667e-39,2.0837760460111757e-39,2.089328635800344e-39,2.0948812255881862e-39,2.1004338153767614e-39,2.1059864051656577e-39,2.1115389949534123e-39,2.1170915847409063e-39,2.1226441745318026e-39,2.1281967643217204e-39,2.1337493541113478e-39,2.1393019439028196e-39,2.144854533694569e-39,2.1504071234853417e-39,2.1559597132778895e-39,2.1615123030708057e-39,2.167064892863249e-39,2.1726174826564707e-39,2.1781700724510238e-39,2.1837226622439155e-39,2.189275252037087e-39,2.1948278418298405e-39,2.2003804316236115e-39,2.2059330214179528e-39,2.2114856112138703e-39,2.2170382010091888e-39,2.222590790804028e-39,2.2281433806003817e-39,2.233695970396666e-39,2.239248560192156e-39,2.2448011499889544e-39,2.250353739786856e-39,2.2559063295833597e-39,2.2614589193797046e-39,2.2670115091792248e-39,2.27256409897747e-39,2.278116688775316e-39,2.2836692785750937e-39,2.2892218683731072e-39,2.294774458172768e-39,2.3003270479739096e-39,2.3058796377750946e-39,2.3114322275752536e-39,2.316984817376956e-39,2.3225374071780432e-39,2.3280899969783784e-39,2.333642586780125e-39,2.33919517658213e-39,2.3447477663844467e-39,2.3503003561881026e-39,2.3558529459923085e-39,2.361405535795259e-39,2.3669581255984196e-39,2.372510715402933e-39,2.3780633052076833e-39,2.3836158950127542e-39,2.3891684848190502e-39,2.394721074625516e-39,2.4002736644316396e-39,2.405826254237316e-39,2.41137884404442e-39,2.4169314338515386e-39,2.422484023659938e-39,2.4280366134680422e-39,2.4335892032760237e-39,2.439141793085488e-39,2.4446943828938676e-39,2.4502469727034324e-39,2.455799562512071e-39,2.4613521523216225e-39,2.4669047421313198e-39,2.4724573319410164e-39,2.47800992175051e-39,2.4835625115618626e-39,2.4891151013734865e-39,2.4946676911854305e-39,2.500220280997541e-39,2.5057728708096457e-39,2.511325460622109e-39,2.5168780504369362e-39,2.5224306402511934e-39,2.5279832300649332e-39,2.5335358198785776e-39,2.539088409691954e-39,2.5446409995074653e-39,2.5501935893228627e-39,2.5557461791362397e-39,2.5612987689519083e-39,2.566851358768489e-39,2.572403948585092e-39,2.577956538401132e-39,2.5835091282199952e-39,2.5890617180376762e-39,2.5946143078558453e-39,2.6001668976753384e-39,2.6057194874926285e-39,2.6112720773117928e-39,2.616824667132325e-39,2.6223772569514967e-39,2.6279298467711168e-39,2.6334824365921338e-39,2.639035026410478e-39,2.6445876162315765e-39,2.6501402060534927e-39,2.6556927958741806e-39,2.6612453856966408e-39,2.6667979755197166e-39,2.6723505653405692e-39,2.6779031551653227e-39,2.6834557449862308e-39,2.689008334809867e-39,2.6945609246339123e-39,2.7001135144575444e-39,2.7056661042816042e-39,2.7112186941069352e-39,2.7167712839299493e-39,2.722323873756402e-39,2.7278764635831734e-39,2.733429053408419e-39,2.7389816432346337e-39,2.744534233062436e-39,2.750086822888622e-39,2.755639412716795e-39,2.761192002544451e-39,2.76674459237225e-39,2.7722971822009092e-39,2.7778497720292633e-39,2.7834023618577545e-39,2.7889549516884698e-39,2.7945075415179998e-39,2.800060131348275e-39,2.8056127211777557e-39,2.8111653110087246e-39,2.816717900838186e-39,2.8222704906700632e-39,2.8278230805013517e-39,2.833375670332337e-39,2.838928260165335e-39,2.8444808499983107e-39,2.8500334398311683e-39,2.8555860296648076e-39,2.8611386194978267e-39,2.8666912093308373e-39,2.8722437991670433e-39,2.8777963890000947e-39,2.883348978835626e-39,2.8889015686704294e-39,2.8944541585050472e-39,2.9000067483417244e-39,2.9055593381792263e-39,2.9111119280142963e-39,2.9166645178517672e-39,2.922217107689098e-39,2.927769697527223e-39,2.9333222873650878e-39,2.938874877203308e-39,2.944427467042535e-39,2.949980056882094e-39,2.9555326467218594e-39,2.9610852365591624e-39,2.966637826399941e-39,2.972190416239479e-39,2.977743006079828e-39,2.983295595921637e-39,2.9888481857622526e-39,2.9944007756040593e-39,2.9999533654458295e-39,3.0055059552864525e-39,3.011058545129363e-39,3.0166111349742826e-39,3.022163724815275e-39,3.02771631465916e-39,3.033268904505521e-39,3.0388214943490265e-39,3.044374084194962e-39,3.0499266740418804e-39,3.055479263886266e-39,3.061031853731965e-39,3.0665844435786845e-39,3.07213703342458e-39,3.0776896232701746e-39,3.0832422131192244e-39,3.088794802966054e-39,3.0943473928136894e-39,3.099899982663641e-39,3.105452572512626e-39,3.11100516236049e-39,3.116557752210121e-39,3.122110342058365e-39,3.1276629319080495e-39,3.133215521757535e-39,3.1387681116075696e-39,3.144320701457081e-39,3.149873291307949e-39,3.155425881159187e-39,3.160978471011838e-39,3.166531060864122e-39,3.172083650716282e-39,3.177636240569674e-39,3.183188830422868e-39,3.188741420276109e-39,3.194294010128618e-39,3.199846599982338e-39,3.2053991898364804e-39,3.21095177969109e-39,3.216504369545433e-39,3.2220569594001564e-39,3.227609549257758e-39,3.233162139112983e-39,3.2387147289715336e-39,3.244267318827844e-39,3.2498199086834564e-39,3.255372498541778e-39,3.260925088399576e-39,3.2664776782572525e-39,3.272030268116728e-39,3.277582857976677e-39,3.2831354478341677e-39,3.2886880376929167e-39,3.2942406275516644e-39,3.2997932174118254e-39,3.3053458072736276e-39,3.3108983971330024e-39,3.316450986996338e-39,3.322003576858349e-39,3.327556166719042e-39,3.333108756580399e-39,3.338661346441634e-39,3.344213936303653e-39,3.34976652616603e-39,3.3553191160303504e-39,3.3608717058930296e-39,3.366424295755834e-39,3.3719768856214706e-39,3.377529475485504e-39,3.383082065350357e-39,3.388634655216639e-39,3.3941872450807746e-39,3.399739834946042e-39,3.405292424813625e-39,3.4108450146799875e-39,3.416397604545336e-39,3.421950194413367e-39,3.427502784280861e-39,3.433055374149016e-39,3.438607964016129e-39,3.444160553883556e-39,3.449713143753974e-39,3.455265733623454e-39,3.460818323492327e-39,3.466370913361462e-39,3.47192350323136e-39,3.477476093100256e-39,3.483028682972252e-39,3.4885812728420145e-39,3.4941338627144066e-39,3.4996864525873853e-39,3.50523904245797e-39,3.510791632331859e-39,3.516344222205153e-39,3.5218968120774686e-39,3.527449401949754e-39,3.5330019918248055e-39,3.538554581699213e-39,3.544107171574361e-39,3.549659761451169e-39,3.555212351324584e-39,3.560764941200836e-39,3.566317531077639e-39,3.57187012095482e-39,3.5774227108318505e-39,3.5829753007095496e-39,3.588527890585861e-39,3.594080480463688e-39,3.5996330703415155e-39,3.605185660218694e-39,3.6107382500979135e-39,3.616290839978466e-39,3.621843429855253e-39,3.6273960197353626e-39,3.632948609616128e-39,3.6385011994966565e-39,3.6440537893774715e-39,3.649606379258633e-39,3.655158969140642e-39,3.660711559022893e-39,3.666264148903649e-39,3.671816738784119e-39,3.6773693286668305e-39,3.682921918549653e-39,3.688474508431587e-39,3.694027098315215e-39,3.6995796881977994e-39,3.7051322780803886e-39,3.710684867966001e-39,3.716237457850628e-39,3.721790047734545e-39,3.72734263761967e-39,3.7328952275047095e-39,3.738447817392394e-39,3.744000407279051e-39,3.749552997165537e-39,3.7551055870535055e-39,3.760658176942178e-39,3.7662107668286885e-39,3.771763356717658e-39,3.777315946607402e-39,3.7828685364935446e-39,3.788421126383459e-39,3.793973716273422e-39,3.7995263061635954e-39,3.8050788960537416e-39,3.810631485946386e-39,3.8161840758371673e-39,3.821736665728137e-39,3.827289255619757e-39,3.832841845512216e-39,3.8383944354046903e-39,3.843947025297003e-39,3.8494996151892424e-39,3.85505220508258e-39,3.8606047949750825e-39,3.866157384867862e-39,3.8717099747645135e-39,3.8772625646577964e-39,3.882815154552098e-39,3.8883677444473677e-39,3.8939203343428894e-39,3.8994729242388535e-39,3.9050255141342297e-39,3.910578104029094e-39,3.916130693925952e-39,3.921683283824221e-39,3.9272358737221814e-39,3.9327884636191824e-39,3.938341053518966e-39,3.9438936434154545e-39,3.949446233315235e-39,3.9549988232158396e-39,3.9605514131144934e-39,3.9661040030141985e-39,3.9716565929147114e-39,3.9772091828146716e-39,3.982761772715999e-39,3.988314362618557e-39,3.9938669525198704e-39,3.999419542421025e-39,4.004972132324461e-39,4.010524722226215e-39,4.016077312128829e-39,4.021629902030803e-39,4.0271824919360826e-39,4.0327350818389825e-39,4.03828767174366e-39,4.043840261647092e-39,4.0493928515516586e-39,4.054945441456488e-39,4.060498031361631e-39,4.066050621266386e-39,4.0716032111721683e-39,4.0771558010780313e-39,4.082708390984217e-39,4.088260980891173e-39,4.0938135707987734e-39,4.0993661607066534e-39,4.1049187506148544e-39,4.110471340524485e-39,4.1160239304337204e-39,4.1215765203432356e-39,4.1271291102530666e-39,4.132681700164871e-39,4.13823429007449e-39,4.143786879985405e-39,4.1493394698969996e-39,4.1548920598096946e-39,4.160444649721742e-39,4.165997239633025e-39,4.171549829545888e-39,4.177102419458922e-39,4.182655009372929e-39,4.188207599284258e-39,4.1937601891989785e-39,4.199312779112627e-39,4.2048653690264155e-39,4.210417958941432e-39,4.2159705488557044e-39,4.221523138770755e-39,4.227075728686742e-39,4.2326283186016896e-39,4.238180908516672e-39,4.243733498434261e-39,4.249286088349749e-39,4.254838678267478e-39,4.2603912681861525e-39,4.265943858102812e-39,4.2714964480201814e-39,4.277049037939179e-39,4.28260162785651e-39,4.2881542177764054e-39,4.293706807696503e-39,4.2992593976164826e-39,4.30481198753631e-39,4.3103645774557186e-39,4.315917167375607e-39,4.321469757296986e-39,4.3270223472192105e-39,4.3325749371400896e-39,4.3381275270630926e-39,4.343680116985414e-39,4.34923270690762e-39,4.354785296831427e-39,4.360337886754988e-39,4.3658904766789984e-39,4.371443066603978e-39,4.37699565652834e-39,4.382548246452827e-39,4.3881008363740696e-39,4.393653426301719e-39,4.39920601622852e-39,4.404758606155926e-39,4.410311196080265e-39,4.4158637860071376e-39,4.4214163759354254e-39,4.426968965862861e-39,4.432521555790634e-39,4.4380741457184045e-39,4.443626735647058e-39,4.449179325573852e-39,4.454731915503368e-39,4.460284505433506e-39,4.465837095363364e-39,4.471389685293156e-39,4.4769422752242545e-39,4.4824948651533385e-39,4.48804745508472e-39,4.4936000450151736e-39,4.499152634946406e-39,4.504705224878862e-39,4.510257814809084e-39,4.5158104047434605e-39,4.5213629946754724e-39,4.526915584608017e-39,4.532468174541773e-39,4.5380207644764815e-39,4.543573354409665e-39,4.5491259443433196e-39,4.5546785342781295e-39,4.5602311242133936e-39,4.565783714150021e-39,4.5713363040874376e-39,4.5768888940246886e-39,4.582441483961899e-39,4.5879940738979985e-39,4.59354666383522e-39,4.599099253773364e-39,4.6046518437112504e-39,4.610204433648929e-39,4.6157570235881805e-39,4.6213096135255327e-39,4.6268622034649886e-39,4.6324147934047767e-39,4.637967383344854e-39,4.643519973284862e-39,4.649072563225169e-39,4.654625153165129e-39,4.660177743107991e-39,4.66573033304902e-39,4.6712829229899124e-39,4.676835512932327e-39,4.6823881028757906e-39,4.6879406928175324e-39,4.693493282761246e-39,4.6990458727058485e-39,4.704598462647232e-39,4.7101510525916537e-39,4.715703642538384e-39,4.721256232482564e-39,4.726808822427156e-39,4.732361412373132e-39,4.73791400231913e-39,4.743466592264692e-39,4.74901918221334e-39,4.7545717721599205e-39,4.760124362106708e-39,4.7656769520542014e-39,4.771229542001894e-39,4.7767821319500444e-39,4.782334721899207e-39,4.787887311849084e-39,4.7934399017977356e-39,4.7989924917480274e-39,4.80454508169919e-39,4.810097671650062e-39,4.8156502615995333e-39,4.8212028515502376e-39,4.826755441501749e-39,4.8323080314520904e-39,4.837860621403956e-39,4.843413211355479e-39,4.8489658013077934e-39,4.854518391260788e-39,4.860070981214728e-39,4.865623571167184e-39,4.871176161121508e-39,4.876728751077227e-39,4.8822813410311524e-39,4.887833930984779e-39,4.8933865209406e-39,4.8989391108970694e-39,4.904491700852352e-39,4.910044290809141e-39,4.9155968807664885e-39,4.921149470723086e-39,4.926702060681506e-39,4.932254650639211e-39,4.9378072405958465e-39,4.943359830554911e-39,4.948912420512912e-39,4.954465010472236e-39,4.960017600431185e-39,4.965570190391102e-39,4.971122780351504e-39,4.976675370312033e-39,4.9822279602722755e-39,4.987780550233616e-39,4.993333140195043e-39,4.998885730155713e-39,5.004438320117821e-39,5.0099909100804885e-39,5.015543500042525e-39,5.021096090004809e-39,5.0266486799669916e-39,5.032201269931152e-39,5.037753859895331e-39,5.043306449860182e-39,5.048859039826722e-39,5.054411629790091e-39,5.0599642197541386e-39,5.0655168097209937e-39,5.0710693996866004e-39,5.0766219896540486e-39,5.082174579621101e-39,5.087727169586756e-39,5.093279759551893e-39,5.0988323495196514e-39,5.1043849394883296e-39,5.109937529456853e-39,5.115490119427012e-39,5.121042709395348e-39,5.1265952993647115e-39,5.132147889333935e-39,5.137700479304806e-39,5.1432530692763416e-39,5.1488056592485245e-39,5.154358249219263e-39,5.159910839190874e-39,5.165463429162503e-39,5.1710160191357443e-39,5.176568609109795e-39,5.182121199081341e-39,5.1876737890531656e-39,5.193226379024468e-39,5.198778968998165e-39,5.2043315589731943e-39,5.2098841489477075e-39,5.2154367389209684e-39,5.220989328896024e-39,5.226541918871273e-39,5.23209450884703e-39,5.237647098822129e-39,5.243199688799146e-39,5.248752278775221e-39,5.254304868752201e-39,5.259857458729351e-39,5.265410048706254e-39,5.27096263868379e-39,5.276515228663704e-39,5.2820678186403514e-39,5.287620408618303e-39,5.2931729985968275e-39,5.298725588575855e-39,5.30427817855721e-39,5.309830768537886e-39,5.3153833585173003e-39,5.320935948498003e-39,5.3264885384799716e-39,5.332041128460698e-39,5.3375937184436596e-39,5.3431463084262067e-39,5.348698898408437e-39,5.35425148839108e-39,5.3598040783747634e-39,5.36535666835808e-39,5.37090925834178e-39,5.376461848326762e-39,5.382014438310778e-39,5.387567028295685e-39,5.3931196182794214e-39,5.398672208266411e-39,5.404224798252489e-39,5.4097773882375886e-39,5.415329978222759e-39,5.420882568208964e-39,5.4264351581973173e-39,5.4319877481859884e-39,5.437540338174368e-39,5.4430929281619355e-39,5.4486455181497915e-39,5.4541981081391725e-39,5.459750698126527e-39,5.465303288117049e-39,5.470855878107389e-39,5.476408468097421e-39,5.4819610580865234e-39,5.487513648077854e-39,5.493066238067689e-39,5.498618828058451e-39,5.504171418051292e-39,5.509724008042667e-39,5.515276598033724e-39,5.520829188026849e-39,5.5263817780198894e-39,5.5319343680142976e-39,5.5374869580102404e-39,1.323836431455302e-16,1.4766497482375823e-16,1.560794552191584e-16,1.6458727334365486e-16,1.73670094274832e-16,1.834085577574826e-16,1.9386361877086473e-16,2.0510106373235902e-16,2.1719381323044503e-16,2.302229515870314e-16,2.4427880891319724e-16,2.594622007269058e-16,2.758858584567826e-16,2.9367608482927224e-16,3.1297467453565185e-16,3.339411485659231e-16,3.567553606589188e-16,3.816205464514874e-16,4.0876690103529543e-16,4.384557893360497e-16,4.709847169487286e-16,5.06693218154957e-16,5.459698542582573e-16,5.892605613040916e-16,6.370786444056801e-16,6.900167898707355e-16,7.487615609467141e-16,8.141109646559399e-16,8.869958344348874e-16,9.685059780431035e-16,1.059922307464812e-15,1.1627565204131241e-15,1.2788003699427286e-15,1.4101871825707946e-15,1.5594691239025166e-15,1.729714848151594e-15,1.9246337209019236e-15,2.1487349462690433e-15,2.407532907999973e-15,2.707814217137533e-15,3.057987894040101e-15,3.468548626138119e-15,3.9526953951873156e-15,4.527165913886408e-15,5.213374320039814e-15,6.038980344837687e-15,7.0400806480908695e-15,8.264310319581856e-15,9.775296781710446e-15,1.1659157472671029e-14,1.4034143505580145e-14,1.7065224237131454e-14,2.0986604760919654e-14,2.613729329410877e-14,3.301872093302515e-14,4.239075819881575e-14,5.543686321293987e-14,7.405848383437725e-14,1.0142169661983053e-13,1.430208047229243e-13,2.088631437188984e-13,2.6287545770854736e-13,2.6287545770862915e-13,2.628754577090126e-13,4.181511940345514e-13,6.972378977920948e-13,1.2551679198295862e-12,2.500191365023227e-12,5.710131186532676e-12,1.575092546020124e-11,5.6187801240182605e-11,2.718415943657722e-10,1.6169438272839193e-09,4.7943330379983844e-09,4.7943330380015716e-09,4.794333038005878e-09,4.794333038010667e-09,4.794333038015884e-09,4.794333038021617e-09,4.794333038027975e-09,4.794333038035122e-09,4.794333038043286e-09,4.794333038052796e-09,4.794333038084684e-09,4.7943330381165695e-09,4.794333038173628e-09,2.2058660809627737e-08,7.222270117132136e-08,1.7398167718588222e-07,3.31669482001209e-07,5.326906146830621e-07,7.524867961062024e-07,9.568891513155175e-07,1.098887046687838e-06,1.1275066586377447e-06,1.051205515154341e-06,9.45686651051567e-07,8.555030427477874e-07,7.844965117571115e-07,7.254557120541905e-07,6.725616631875337e-07,6.229701696587035e-07,5.757281793765997e-07,5.30459930507381e-07,6.697388298764303e-07,7.280819970808068e-07,7.619374760086481e-07,7.846835757122038e-07,8.005087900472559e-07,8.113796043934977e-07,8.185009813330313e-07,8.227057957355745e-07,8.246042040471532e-07,8.246591639845025e-07,8.232306657360799e-07,8.206037892829996e-07,8.170074644650953e-07,8.126275287444429e-07,8.076161170780397e-07,8.020985992001754e-07,7.96178822010679e-07,7.899431469303513e-07,7.834636091516901e-07,7.76800423207061e-07,7.700039928259288e-07,7.631165387958273e-07,7.561734283342207e-07,7.492042683942298e-07,7.422338103084732e-07,7.352827022770825e-07,7.283681181634092e-07,7.21504285035401e-07,7.14702927312059e-07,7.079736418539809e-07,7.013242155974389e-07,6.947608951801961e-07,6.882886163009951e-07,6.81911199190922e-07,6.75631515477675e-07,6.694516308331905e-07,6.633729270704551e-07,6.573962067603975e-07,6.515217829502078e-07,6.457495561591981e-07,6.400790804919297e-07,6.345096204277115e-07,6.290401996107818e-07,6.23669642768569e-07,6.183966117198284e-07,6.132196362940386e-07,6.081371408659085e-07,6.031474671076633e-07,5.982488934771411e-07,5.934396518867615e-07,5.887179419367172e-07,5.840819430426717e-07,5.795298247429485e-07,5.750597554315373e-07,5.706699097296436e-07,5.66358474679913e-07,5.621236549229764e-07,5.579636769943579e-07,5.538767928615915e-07,5.498612828056479e-07,5.459154577367461e-07,5.420376610230217e-07,5.382262699001118e-07,5.344796965207843e-07,5.307963886960234e-07,5.271748303722186e-07,5.236135418833609e-07,5.201110800118329e-07,5.166660378872989e-07,5.132770447489479e-07,5.099427655933634e-07,5.066619007270391e-07,5.034331852403017e-07,5.002553884169238e-07,4.97127313091913e-07,4.940477949683439e-07,4.910157019023557e-07,4.880299331643817e-07,4.850894186835563e-07,4.821931182810871e-07,4.793400208976724e-07,4.765291438192774e-07,4.7375953190487886e-07,4.710302568192762e-07,4.6834041627348417e-07,4.656891332750195e-07,4.630755553896247e-07,4.6049885401615435e-07,4.5795822367554135e-07,4.554528813149478e-07,4.5298206562784665e-07,4.505450363902877e-07,4.481410738141692e-07,4.457694779174033e-07,4.4342956791128755e-07,4.4112068160502696e-07,4.3884217482750516e-07,4.365934208659603e-07,4.34373809921656e-07,4.3218274858206856e-07,4.3001965930950427e-07,4.2788397994576763e-07,4.25775163232584e-07,4.236926763473866e-07,4.216360004541537e-07,4.196046302688923e-07,4.1759807363939386e-07,4.156158511388696e-07,4.1365749567302605e-07,4.117225521002882e-07,4.0981057686468063e-07,4.079211376409901e-07,4.0605381299193416e-07,4.0420819203674693e-07,4.0238387413100006e-07,4.005804685572263e-07,3.9879759422592217e-07,3.9703487938666564e-07,3.9529196134897393e-07,3.9356848621260126e-07,3.918641086068277e-07,3.9017849143858455e-07,3.885113056490511e-07,3.8686222997833994e-07,3.852309507381235e-07,3.836171615918459e-07,3.8202056334220407e-07,3.8044086372578075e-07,3.7887777721443264e-07,3.7733102482326056e-07,3.7580033392489466e-07,3.742854380699666e-07,3.727860768133604e-07,3.713019955462099e-07,3.698329453333725e-07,3.683786827561552e-07,3.6693896976017607e-07,3.6551357350801636e-07,3.641022662368015e-07,3.627048251201537e-07,3.613210321346981e-07,3.5995067393067337e-07,3.585935417067739e-07,3.572494310888665e-07,3.5591814201247585e-07,3.54599478609108e-07,3.532932490959201e-07,3.519992656689553e-07,3.5071734439959786e-07,3.494473051343096e-07,3.4818897139733444e-07,3.469421702964293e-07,3.4570673243147625e-07,3.444824918058343e-07,3.432692857403604e-07,3.4206695479005485e-07,3.408753426631314e-07,3.396942961425587e-07,3.385236650098941e-07,3.373633019713812e-07,3.3621306258621955e-07,3.350728051968969e-07,3.3394239086162513e-07,3.3282168328865104e-07,3.3171054877253807e-07,3.306088561322101e-07,3.2951647665084686e-07,3.284332840174261e-07,3.2735915426996273e-07,3.262939657403248e-07,3.252375990006261e-07,3.2418993681112735e-07,3.231508640695241e-07,3.221202677617491e-07,3.210980369140443e-07,3.2008406254639126e-07,3.1907823762720517e-07,3.180804570292821e-07,3.170906174869161e-07,3.161086175542174e-07,3.1513435756448993e-07,3.1416773959075526e-07,3.132086674073162e-07,3.1225704645232e-07,3.113127837913142e-07,3.1037578808181605e-07,3.094459695387338e-07,3.085232399007424e-07,3.0760751239750654e-07,3.0669870171780406e-07,3.0579672397834896e-07,3.0490149669360236e-07,3.0401293874617747e-07,3.0313097035808923e-07,3.0225551306271515e-07,3.0138648967747384e-07,3.005238242771689e-07,2.9966744216799736e-07,2.9881726986225817e-07,2.979732350536043e-07,2.9713526659297606e-07,2.963032944650983e-07,2.9547724976555507e-07,2.9465706467841665e-07,2.9384267245444873e-07,2.9303400738977264e-07,2.922310048051424e-07,2.914336010256025e-07,2.906417333607598e-07,2.898553400854016e-07,2.890743604206568e-07,2.8829873451558686e-07,2.875284034291579e-07,2.867633091127299e-07,2.8600339439285343e-07,2.8524860295453694e-07,2.844988793248727e-07,2.837541688570416e-07,2.830144177146834e-07,2.822795728566649e-07,2.8154958202209914e-07,2.8082439371581695e-07,2.801039571940819e-07,2.793882224506918e-07,2.786771402033258e-07,2.7797066188025777e-07,2.772687396073208e-07,2.76571326195184e-07,2.758783751269134e-07,2.75189840545785e-07,2.7450567724337377e-07,2.738258406479248e-07,2.7315028681294624e-07,2.724789724060615e-07,2.718118546981002e-07,2.7114889155243954e-07,2.704900414145347e-07,2.698352633017348e-07,2.6918451679323815e-07,2.685377620203356e-07,2.6789495965679447e-07,2.672560709095093e-07,2.666210575092799e-07,2.659898817018434e-07,2.653625062390443e-07,2.647388943702245e-07,2.6411900983377356e-07,2.635028168488422e-07,2.628902801072571e-07,2.6228136476556306e-07,2.616760364372496e-07,2.6107426118515107e-07,2.6047600551394526e-07,2.5988123636288755e-07,2.592899210985739e-07,2.587020275079866e-07,2.5811752379156563e-07,2.5753637855645904e-07,2.5695856080993773e-07,2.5638403995287915e-07,2.558127857734176e-07,2.552447684407289e-07,2.5467995849889643e-07,2.541183268609352e-07,2.5355984480289106e-07,2.5300448395811275e-07,2.524522163115645e-07,2.5190301419431264e-07,2.5135685027806096e-07,2.508136975698346e-07,2.502735294067303e-07,2.497363194507996e-07,2.4920204168401926e-07,2.486706704032993e-07,2.4814218021569865e-07,2.476165460336114e-07,2.47093743070134e-07,2.465737468344574e-07,2.4605653312737914e-07,2.45542078036877e-07,2.450303579337784e-07,2.445213494675071e-07,2.4401502956190446e-07,2.43511375411122e-07,2.430103644756008e-07,2.425119744780958e-07,2.420161833998217e-07,2.415229694766046e-07,2.4103231119518773e-07,2.405441872894757e-07,2.4005857673699767e-07,2.3957545875531095e-07,2.3909481279852463e-07,2.3861661855387073e-07,2.3814085593834878e-07,2.3766750509542182e-07,2.371965463917452e-07,2.3672796041399608e-07,2.36261727965726e-07,2.3579783006427842e-07,2.3533624793776747e-07,2.3487696302209805e-07,2.3441995695801364e-07,2.3396521158827107e-07,2.335127089547567e-07,2.3306243129575352e-07,2.3261436104318122e-07,2.321684808199148e-07,2.317247734371489e-07,2.3128322189180523e-07,2.3084380936395237e-07,2.3040651921433688e-07,2.299713349818785e-07,2.2953824038125736e-07,2.291072193005304e-07,2.2867825579877034e-07,2.2825133410375597e-07,2.2782643860972676e-07,2.2740355387509537e-07,2.2698266462030506e-07,2.2656375572563756e-07,2.2614681222907678e-07,2.2573181932424255e-07,2.2531876235830747e-07,2.2490762682998129e-07,2.2449839838751396e-07,2.2409106282673606e-07,2.2368560608911852e-07,2.2328201425988424e-07,2.228802735661211e-07,2.2248037037497228e-07,2.2208229119178013e-07,2.2168602265834041e-07,2.2129155155112898e-07,2.2089886477957245e-07,2.2050794938436087e-07,2.201187925357518e-07,2.1973138153194006e-07,2.1934570379743066e-07,2.1896174688142426e-07,2.1857949845626596e-07,2.1819894631587984e-07,2.1782007837425287e-07,2.1744288266392549e-07,2.170673473345122e-07,2.1669346065124204e-07,2.1632121099352638e-07,2.1595058685355103e-07,2.1558157683486948e-07,2.1521416965104208e-07,2.1484835412427769e-07,2.144841191841071e-07,2.1412145386607694e-07,2.1376034731042756e-07,2.1340078876087164e-07,2.1304276756329646e-07,2.126862731645429e-07,2.1233129511119278e-07,2.1197782304836753e-07,2.1162584671853084e-07,2.1127535596034664e-07,2.1092634070752234e-07,2.1057879098765754e-07,2.1023269692117243e-07,2.0988804872016146e-07,2.0954483668734233e-07,2.0920305121497532e-07,2.0886268278380932e-07,2.0852372196205972e-07,2.0818615940435368e-07,2.078499858507643e-07,2.0751519212577822e-07,2.071817691373409e-07,2.0684970787587807e-07,2.065189994133522e-07,2.0618963490230782e-07,2.0586160557497104e-07,2.055349027423107e-07,2.052095177931474e-07,2.0488544219326855e-07,2.0456266748456133e-07,2.0424118528412084e-07,2.0392098728342977e-07,2.0360206524749694e-07,2.0328441101404343e-07,2.0296801649267907e-07,2.026528736640854e-07,2.0233897457924627e-07,2.020263113586447e-07,2.0171487619148022e-07,2.0140466133494344e-07,2.0109565911342202e-07,2.0078786191777776e-07,2.0048126220460976e-07,2.0017585249553624e-07,1.998716253764843e-07,1.9956857349695737e-07,1.9926668956938607e-07,1.9896596636840887e-07,1.9866639673021108e-07,1.983679735518424e-07,1.980706897905858e-07,1.9777453846327472e-07,1.9747951264568482e-07,1.971856054718658e-07,1.9689281013355294e-07,1.9660111987951527e-07,1.9631052801498001e-07,1.9602102790100946e-07,1.9573261295391119e-07,1.9544527664466434e-07,1.951590124983281e-07,1.948738140934783e-07,1.9458967506164662e-07,1.9430658908675707e-07,1.9402454990458462e-07,1.937435513022014e-07,1.9346358711746444e-07,1.9318465123846788e-07,1.9290673760302302e-07,1.9262984019815314e-07,1.9235395305957605e-07,1.9207907027120467e-07,1.9180518596465927e-07,1.9153229431875828e-07,1.9126038955905838e-07,1.909894659573606e-07,1.9071951783124798e-07,1.904505395436041e-07,1.9018252550217465e-07,1.8991547015910908e-07,1.8964936801049343e-07,1.8938421359591974e-07,1.8912000149806463e-07,1.8885672634222087e-07,1.885943827958967e-07,1.8833296556838685e-07,1.8807246941035782e-07,1.8781288911343646e-07,1.8755421950979029e-07,1.8729645547174517e-07,1.87039591911372e-07,1.8678362378011382e-07,1.8652854606836902e-07,1.8627435380512716e-07,1.8602104205760485e-07,1.85768605930838e-07,1.8551704056733644e-07,1.8526634114671485e-07,1.8501650288531975e-07,1.847675210358875e-07,1.845193908871909e-07,1.8427210776368405e-07,1.8402566702515875e-07,1.8378006406640385e-07,1.8353529431688253e-07,1.8329135324038446e-07,1.8304823633469305e-07,1.8280593913128631e-07,1.8256445719499316e-07,1.823237861236813e-07,1.820839215479517e-07,1.8184485913081901e-07,1.8160659456740874e-07,1.8136912358466032e-07,1.8113244194101604e-07,1.8089654542614167e-07,1.806614298606112e-07,1.804270910956476e-07,1.8019352501280754e-07,1.799607275237122e-07,1.7972869456977184e-07,1.7949742212190983e-07,1.7926690618026702e-07,1.7903714277397506e-07,1.7880812796083797e-07,1.7857985782711217e-07,1.7835232848721656e-07,1.7812553608348645e-07,1.778994767859194e-07,1.7767414679191676e-07,1.7744954232604172e-07,1.7722565963976233e-07,1.7700249501121396e-07,1.7678004474495544e-07,1.7655830517173607e-07,1.7633727264825012e-07,1.761169435569107e-07,1.758973143056069e-07,1.7567838132749774e-07,1.754601410807652e-07,1.7524259004838895e-07,1.7502572473794762e-07,1.748095416813828e-07,1.745940374347788e-07,1.7437920857816237e-07,1.7416505171528213e-07,1.7395156347340256e-07,1.7373874050309308e-07,1.7352657947802757e-07,1.7331507709477076e-07,1.7310423007260277e-07,1.7289403515328695e-07,1.7268448910089853e-07,1.7247558870162196e-07,1.7226733076354903e-07,1.720597121165115e-07,1.7185272961187338e-07,1.7164638012234658e-07,1.7144066054181655e-07,1.7123556778514925e-07,1.7103109878801434e-07,1.7082725050671764e-07,1.7062401991800173e-07,1.7042140401888894e-07,1.702193998264983e-07,1.7001800437788855e-07,1.6981721472986426e-07,1.6961702795883804e-07,1.6941744116063509e-07,1.6921845145035765e-07,1.6902005596219068e-07,1.688222518492636e-07,1.6862503628349297e-07,1.6842840645540985e-07,1.6823235957400553e-07,1.6803689286659003e-07,1.6784200357862897e-07,1.6764768897359402e-07,1.6745394633280975e-07,1.6726077295531245e-07,1.6706816615770456e-07,1.668761232739909e-07,1.6668464165546078e-07,1.6649371867053112e-07,1.6630335170459473e-07,1.6611353815991034e-07,1.659242754554375e-07,1.6573556102671345e-07,1.6554739232571147e-07,1.6535976682070517e-07,1.6517268199614653e-07,1.649861353525234e-07,1.6480012440622823e-07,1.6461464668944833e-07,1.6442969975000828e-07,1.6424528115126602e-07,1.6406138847198254e-07,1.6387801930618867e-07,1.6369517126307538e-07,1.635128419668713e-07,1.6333102905670859e-07,1.631497301865139e-07,1.6296894302489992e-07,1.6278866525502057e-07,1.6260889457448436e-07,1.6242962869522504e-07,1.6225086534339695e-07,1.620726022592427e-07,1.6189483719700912e-07,1.6171756792481803e-07,1.6154079222456375e-07,1.6136450789179483e-07,1.6118871273562997e-07,1.610134045786321e-07,1.6083858125670262e-07,1.606642406189966e-07,1.6049038052778965e-07,1.6031699885841036e-07,1.6014409349910202e-07,1.5997166235096454e-07,1.5979970332780312e-07,1.596282143560928e-07,1.5945719337481444e-07,1.592866383354181e-07,1.5911654720168435e-07,1.589469179496491e-07,1.5877774856750793e-07,1.5860903705551458e-07,1.5844078142590422e-07,1.5827297970279243e-07,1.581056299220794e-07,1.5793873013136994e-07,1.5777227838988405e-07,1.576062727683606e-07,1.5744071134898705e-07,1.5727559222528526e-07,1.5711091350206156e-07,1.5694667329528324e-07,1.567828697320356e-07,1.5661950095039793e-07,1.564565650993931e-07,1.5629406033888776e-07,1.5613198483952117e-07,1.5597033678262143e-07,1.5580911436011363e-07,1.5564831577447388e-07,1.554879392386106e-07,1.553279829758114e-07,1.551684452196701e-07,1.5500932421399665e-07,1.548506182127462e-07,1.546923254799439e-07,1.545344442896195e-07,1.5437697292572489e-07,1.542199096820568e-07,1.5406325286220324e-07,1.53907000779452e-07,1.5375115175673e-07,1.535957041265374e-07,1.5344065623086277e-07,1.5328600642113156e-07,1.5313175305812896e-07,1.5297789451193196e-07,1.5282442916184188e-07,1.5267135539632361e-07,1.5251867161293495e-07,1.5236637621826093e-07,1.5221446762784625e-07,1.5206294426614046e-07,1.5191180456643231e-07,1.517610469707737e-07,1.5161066992993123e-07,1.514606719033242e-07,1.5131105135894694e-07,1.5116180677333451e-07,1.5101293663147292e-07,1.5086443942675987e-07,1.5071631366094553e-07,1.5056855784405122e-07,1.5042117049434405e-07,1.502741501382484e-07,1.5012749531031497e-07,1.4998120455314038e-07,1.4983527641732886e-07,1.496897094614219e-07,1.495445022518533e-07,1.493996533628931e-07,1.4925516137658545e-07,1.4911102488270526e-07,1.4896724247869748e-07,1.488238127696289e-07,1.486807343681167e-07,1.4853800589431538e-07,1.4839562597581935e-07,1.482535932476518e-07,1.4811190635217907e-07,1.4797056393909124e-07,1.478295646653257e-07,1.476889071950346e-07,1.4754859019953133e-07,1.474086123572294e-07,1.472689723536246e-07,1.4712966888121187e-07,1.4699070063945328e-07,1.4685206633473913e-07,1.467137646803278e-07,1.4657579439629995e-07,1.4643815420952335e-07,1.463008428535916e-07,1.4616385906879949e-07,1.4602720160207605e-07,1.4589086920694663e-07,1.4575486064350776e-07,1.4561917467834774e-07,1.4548381008453847e-07,1.4534876564156828e-07,1.4521404013530166e-07,1.4507963235796032e-07,1.4494554110804475e-07,1.4481176519031857e-07,1.4467830341575562e-07,1.44545154601513e-07,1.4441231757086338e-07,1.4427979115318438e-07,1.441475741838968e-07,1.4401566550443513e-07,1.438840639622084e-07,1.4375276841055095e-07,1.4362177770869965e-07,1.4349109072174037e-07,1.4336070632058403e-07,1.432306233819102e-07,1.431008407881412e-07,1.4297135742741088e-07,1.428421721935139e-07,1.427132839858784e-07,1.4258469170951995e-07,1.4245639427501933e-07,1.423283905984699e-07,1.422006796014631e-07,1.4207326021102978e-07,1.419461313596192e-07,1.4181929198506724e-07,1.4169274103054442e-07,1.4156647744454703e-07,1.4144050018082935e-07,1.413148081984157e-07,1.4118940046151766e-07,1.4106427593953621e-07,1.4093943360701975e-07,1.4081487244361365e-07,1.4069059143406063e-07,1.4056658956813388e-07,1.4044286584063626e-07,1.4031941925134515e-07,1.4019624880498802e-07,1.4007335351122348e-07,1.3995073238459082e-07,1.3982838444448971e-07,1.3970630871515238e-07,1.3958450422560356e-07,1.3946297000964146e-07,1.393417051058e-07,1.3922070855732322e-07,1.390999794121351e-07,1.3897951672280435e-07,1.3885931954652827e-07,1.3873938694509473e-07,1.3861971798484826e-07,1.3850031173668337e-07,1.3838116727599218e-07,1.3826228368264941e-07,1.3814366004098258e-07,1.3802529543974304e-07,1.3790718897207887e-07,1.377893397355129e-07,1.376717468319064e-07,1.3755440936744429e-07,1.3743732645260023e-07,1.373204972021033e-07,1.372039207349361e-07,1.3708759617428124e-07,1.3697152264751715e-07,1.3685569928617835e-07,1.3674012522593584e-07,1.3662479960657565e-07,1.3650972157196907e-07,1.3639489027004794e-07,1.362803048527774e-07,1.3616596447614256e-07,1.3605186830011283e-07,1.3593801548862158e-07,1.35824405209542e-07,1.357110366346686e-07,1.3559790893968578e-07,1.354850213041547e-07,1.3537237291147072e-07,1.352599629488643e-07,1.3514779060736415e-07,1.350358550817781e-07,1.3492415557067006e-07,1.3481269127633412e-07,1.3470146140478086e-07,1.3459046516571218e-07,1.3447970177248846e-07,1.343691704421299e-07,1.342588703952629e-07,1.3414880085614054e-07,1.340389610525816e-07,1.3392935021596895e-07,1.3381996758122628e-07,1.3371081238680014e-07,1.3360188387463111e-07,1.3349318129013992e-07,1.3338470388220708e-07,1.3327645090314457e-07,1.3316842160869324e-07,1.330606152579818e-07,1.3295303111351924e-07,1.3284566844117614e-07,1.3273852651016017e-07,1.326316045929978e-07,1.3252490196552117e-07,1.324184179068302e-07,1.3231215169930952e-07,1.322061026285668e-07,1.3210026998344252e-07,1.3199465305598617e-07,1.318892511414315e-07,1.317840635381853e-07,1.3167908954780056e-07,1.3157432847497058e-07,1.3146977962749889e-07,1.3136544231629063e-07,1.3126131585533223e-07,1.3115739956166578e-07,1.310536927553843e-07,1.309501947596129e-07,1.3084690490047843e-07,1.3074382250710122e-07,1.3064094691159001e-07,1.3053827744900237e-07,1.3043581345734393e-07,1.3033355427754962e-07,1.3023149925345558e-07,1.3012964773180095e-07,1.3002799906220067e-07,1.2992655259712727e-07,1.298253076918993e-07,1.29724263704673e-07,1.2962341999640727e-07,1.295227759308616e-07,1.2942233087458694e-07,1.2932208419688888e-07,1.2922203526983406e-07,1.2912218346821592e-07,1.290225281695611e-07,1.2892306875409202e-07,1.2882380460472376e-07,1.2872473510705398e-07,1.2862585964933492e-07,1.2852717762246337e-07,1.2842868841997908e-07,1.283303914380297e-07,1.2823228607537229e-07,1.2813437173334813e-07,1.2803664781587083e-07,1.2793911372942383e-07,1.2784176888302938e-07,1.2774461268824622e-07,1.2764764455914756e-07,1.2755086391232183e-07,1.2745427016683748e-07,1.2735786274424775e-07,1.2726164106856762e-07,1.2716560456626274e-07,1.2706975266623666e-07,1.2697408479982322e-07,1.2687860040076047e-07,1.2678329890518576e-07,1.266881797516289e-07,1.2659324238098531e-07,1.2649848623651006e-07,1.264039107638129e-07,1.263095154108308e-07,1.2621529962782577e-07,1.261212628673675e-07,1.2602740458432738e-07,1.2593372423586133e-07,1.2584022128138845e-07,1.2574689518260576e-07,1.2565374540344412e-07,1.255607714100788e-07,1.254679726709063e-07,1.2537534865653875e-07,1.2528289883978878e-07,1.2519062269565715e-07,1.2509851970132245e-07,1.2500658933613814e-07,1.249148310816006e-07,1.2482324442135883e-07,1.247318288411856e-07,1.2464058382898575e-07,1.2454950887476793e-07,1.244586034706374e-07,1.2436786711079825e-07,1.2427729929151967e-07,1.2418689951114084e-07,1.2409666727005879e-07,1.240066020707173e-07,1.2391670341758956e-07,1.2382697081717208e-07,1.2373740377797464e-07,1.2364800181051394e-07,1.2355876442729683e-07,1.2346969114280914e-07,1.2338078147351136e-07,1.232920349378227e-07,1.2320345105611635e-07,1.2311502935070584e-07,1.2302676934583197e-07,1.2293867056766476e-07,1.2285073254427846e-07,1.2276295480565384e-07,1.2267533688365482e-07,1.22587878312044e-07,1.225005786264379e-07,1.2241343736432501e-07,1.2232645406504846e-07,1.2223962826979406e-07,1.2215295952157894e-07,1.220664473652471e-07,1.219800913474615e-07,1.2189389101668408e-07,1.2180784592318634e-07,1.217219556190152e-07,1.2163621965800557e-07,1.2155063759575894e-07,1.2146520898963936e-07,1.2137993339876298e-07,1.212948103839909e-07,1.2120983950791667e-07,1.2112502033485837e-07,1.2104035243085886e-07,1.2095583536366287e-07,1.2087154253398077e-07,1.207873232454335e-07,1.2070325433546265e-07,1.2061933532444859e-07,1.2053556534907546e-07,1.204519438046575e-07,1.2036847019516523e-07,1.2028514406648228e-07,1.202019649844156e-07,1.201189325303549e-07,1.2003604628255885e-07,1.19953305829543e-07,1.1987071076182856e-07,1.1978826066492735e-07,1.1970595513652784e-07,1.1962379376570048e-07,1.1954177614685837e-07,1.1945990188095217e-07,1.1937817056385435e-07,1.1929658179398748e-07,1.1921513517594212e-07,1.1913383031330614e-07,1.1905266680632718e-07,1.1897164426544257e-07,1.1889076229497058e-07,1.1881002050338532e-07,1.1872941850272779e-07,1.1864895590495515e-07,1.1856863232373557e-07,1.1848844737510369e-07,1.184084006734272e-07,1.1832849184132919e-07,1.1824872049219791e-07,1.1816908624809187e-07,1.1808958873644452e-07,1.1801022757338316e-07,1.1793100238874076e-07,1.1785191280707458e-07,1.1777295845633721e-07,1.1769413897269155e-07,1.1761545397861738e-07,1.1753690310727793e-07,1.1745848599370776e-07,1.1738020227348117e-07,1.1730205158365885e-07,1.1722403356016494e-07,1.1714614784289462e-07,1.1706839407244228e-07,1.1699077189017183e-07,1.1691328093951104e-07,1.1683592086487778e-07,1.1675869131211515e-07,1.1668159192883862e-07,1.1660462236243309e-07,1.16527782262112e-07,1.1645107128129911e-07,1.163744890709836e-07,1.1629803528479255e-07,1.162217095785474e-07,1.1614551160797889e-07,1.1606944103258794e-07,1.1599349750500766e-07,1.1591768068859805e-07,1.158419902447273e-07,1.1576642583510936e-07,1.1569098712533157e-07,1.1561567378021447e-07,1.1554048546437955e-07,1.1546542184656553e-07,1.1539048259450571e-07,1.1531566737830742e-07,1.152409758690205e-07,1.1516640773875876e-07,1.1509196266216086e-07,1.150176403125578e-07,1.1494344036615542e-07,1.1486936249981799e-07,1.147954063927716e-07,1.1472157172283288e-07,1.1464785816913862e-07,1.1457426541746666e-07,1.1450079314855509e-07,1.1442744104646473e-07,1.1435420879680405e-07,1.142810960866207e-07,1.142081026016645e-07,1.1413522802650983e-07,1.1406247205447405e-07,1.139898343820403e-07,1.13917314696441e-07,1.138449126912593e-07,1.1377262805855446e-07,1.1370046049545409e-07,1.1362840969649452e-07,1.1355647536113679e-07,1.1348465718664117e-07,1.1341295487236377e-07,1.1334136811721768e-07,1.1326989662526448e-07,1.1319854009894698e-07,1.1312729824146163e-07,1.1305617075775708e-07,1.1298515735440453e-07,1.1291425773691776e-07,1.1284347161393302e-07,1.127727986942623e-07,1.1270223868810319e-07,1.126317913066091e-07,1.1256145626159e-07,1.1249123326602006e-07,1.1242112203420318e-07,1.1235112228107748e-07,1.1228123372232997e-07,1.1221145607572484e-07,1.1214178905912966e-07,1.1207223239147713e-07,1.1200278579267751e-07,1.1193344898392643e-07,1.1186422168717731e-07,1.1179510362569743e-07,1.1172609452272877e-07,1.1165719410305409e-07,1.1158840209309716e-07,1.1151971821815833e-07,1.1145114220855535e-07,1.113826737915784e-07,1.113143126970933e-07,1.1124605865520227e-07,1.111779113979152e-07,1.1110987065711991e-07,1.1104193616633639e-07,1.1097410766006612e-07,1.1090638487359057e-07,1.1083876754227049e-07,1.1077125540315369e-07,1.1070384819456776e-07,1.1063654565534372e-07,1.105693475250298e-07,1.1050225354420517e-07,1.104352634540987e-07,1.1036837699737914e-07,1.1030159391698151e-07,1.102349139573184e-07,1.10168336863256e-07,1.1010186238130401e-07,1.1003549025682126e-07,1.0996922023789451e-07,1.099030520727996e-07,1.0983698551124768e-07,1.097710203038867e-07,1.0970515620103571e-07,1.096393929536997e-07,1.0957373031540608e-07,1.0950816803957896e-07,1.0944270633403756e-07,1.09377344163147e-07,1.0931208155394267e-07,1.0924691830326002e-07,1.0918185418170723e-07,1.0911688895520696e-07,1.0905202238668889e-07,1.0898725423660942e-07,1.0892258426657419e-07,1.0885801223876337e-07,1.0879353791581778e-07,1.0872916106065898e-07,1.0866488143752562e-07,1.0860069881134943e-07,1.0853661294776632e-07,1.0847262361327068e-07,1.0840873057493801e-07,1.0834493360066047e-07,1.0828123245891064e-07,1.0821762691927205e-07,1.0815411675185984e-07,1.0809070172761439e-07,1.08027381618064e-07,1.0796415619640715e-07,1.0790102523802243e-07,1.0783798851205316e-07,1.0777504579568597e-07,1.0771219686422343e-07,1.0764944149413393e-07,1.0758677946214564e-07,1.0752421054589727e-07,1.0746173452707542e-07,1.0739935117871672e-07,1.073370602836604e-07,1.072748616223461e-07,1.0721275497624832e-07,1.0715074012724546e-07,1.0708881685796577e-07,1.0702698494986185e-07,1.06965244191526e-07,1.0690359436554792e-07,1.068420352579187e-07,1.0678056665389097e-07,1.0671918834060383e-07,1.0665790010594677e-07,1.0659670173728755e-07,1.0653559302535121e-07,1.0647457375975083e-07,1.064136437292912e-07,1.063528027257676e-07,1.0629205053817098e-07,1.0623138696501167e-07,1.0617081179518026e-07,1.0611032482321971e-07,1.0604992584312891e-07,1.0598961464938334e-07,1.0592939103946774e-07,1.058692548070606e-07,1.0580920575228198e-07,1.0574924367155433e-07,1.0568936836254687e-07,1.0562957962491735e-07,1.0556987725551349e-07,1.0551026105981067e-07,1.0545073083514724e-07,1.0539128638331532e-07,1.0533192750743076e-07,1.0527265400982866e-07,1.0521346569268303e-07,1.0515436236108782e-07,1.0509534382120864e-07,1.0503640987353661e-07,1.0497756032801927e-07,1.0491879498986321e-07,1.0486011366536358e-07,1.0480151616386128e-07,1.0474300229281441e-07,1.0468457186128526e-07,1.0462622467857169e-07,1.0456796055480927e-07,1.04509779300772e-07,1.0445168072757054e-07,1.0439366464743172e-07,1.0433573086842045e-07,1.04277879211504e-07,1.0422010948645829e-07,1.0416242150761458e-07,1.0410481508955899e-07,1.0404729004787817e-07,1.0398984619757859e-07,1.0393248335657436e-07,1.038752013403962e-07,1.038179999690124e-07,1.0376087905901089e-07,1.0370383842953567e-07,1.036468778998505e-07,1.0358999728980562e-07,1.0353319642088529e-07,1.0347647511227511e-07,1.0341983318663152e-07,1.0336327046588183e-07,1.033067867725152e-07,1.0325038192988641e-07,1.0319405576258364e-07,1.0313780809349516e-07,1.0308163874782851e-07,1.0302554755134289e-07,1.02969534329686e-07,1.0291359890937218e-07,1.0285774111773314e-07,1.0280196078173143e-07,1.0274625772993584e-07,1.0269063179242149e-07,1.0263508279481666e-07,1.025796105708688e-07,1.0252421494580443e-07,1.0246889575287175e-07,1.0241365282356695e-07,1.0235848598851484e-07,1.0230339508036522e-07,1.0224837993208606e-07,1.0219344037673384e-07,1.0213857624784137e-07,1.0208378737872983e-07,1.0202907360649616e-07,1.0197443476471906e-07,1.019198706891022e-07,1.018653812151015e-07,1.0181096618209557e-07,1.017566254240917e-07,1.017023587819261e-07,1.016481660921184e-07,1.0159404719369682e-07,1.0154000192539253e-07,1.0148603012702638e-07,1.0143213163945285e-07,1.0137830630142036e-07,1.0132455395496454e-07,1.0127087444407844e-07,1.0121726760591319e-07,1.011637332853749e-07,1.01110271325405e-07,1.0105688156953846e-07,1.0100356386146956e-07,1.0095031804499165e-07,1.0089714396552273e-07,1.0084404146869556e-07,1.0079101039989872e-07,1.0073805061027368e-07,1.006851619369489e-07,1.0063234423218276e-07,1.0057959734272925e-07,1.0052692111667894e-07,1.004743154024971e-07,1.0042178004935376e-07,1.0036931490518335e-07,1.0031691982210353e-07,1.0026459464937373e-07,1.0021233923583284e-07,1.0016015343594546e-07,1.0010803709977409e-07,1.000559900794092e-07,1.0000401222677738e-07,9.995210339504085e-08,9.990026343680944e-08,9.984849220710062e-08,9.979678955915627e-08,9.974515534844494e-08,9.969358942889839e-08,9.964209165611009e-08,9.959066188707799e-08,9.953929997509867e-08,9.948800578018629e-08,9.943677915780324e-08,9.938561996574101e-08,9.933452806206957e-08,9.928350330474821e-08,9.923254555275208e-08,9.918165466526495e-08,9.913083050110993e-08,9.908007292134419e-08,9.902938178600352e-08,9.897875695569984e-08,9.89281982911341e-08,9.887770565505692e-08,9.882727890861103e-08,9.877691791439953e-08,9.87266225331679e-08,9.867639263190907e-08,9.862622807227865e-08,9.857612871832487e-08,9.852609443421974e-08,9.847612508465539e-08,9.842622053306788e-08,9.837638064845778e-08,9.832660529491244e-08,9.827689433879217e-08,9.822724764658617e-08,9.81776650854191e-08,9.812814652235643e-08,9.807869182548143e-08,9.802930086338185e-08,9.797997350248053e-08,9.79307096147988e-08,9.788150906806178e-08,9.783237173183993e-08,9.778329747682408e-08,9.773428617269399e-08,9.768533768945407e-08,9.763645189967853e-08,9.758762867429946e-08,9.753886788540744e-08,9.74901694049402e-08,9.744153310551648e-08,9.739295886144913e-08,9.734444654333506e-08,9.72959960257934e-08,9.724760718302298e-08,9.719927988924593e-08,9.71510140182784e-08,9.710280944656324e-08,9.70546660498264e-08,9.700658370321353e-08,9.695856228295893e-08,9.691060166465538e-08,9.686270172577138e-08,9.681486234331786e-08,9.676708339479744e-08,9.671936475790341e-08,9.667170631111752e-08,9.662410793241547e-08,9.657656950138538e-08,9.652909089543871e-08,9.648167199434614e-08,9.643431267971226e-08,9.638701283184289e-08,9.633977232828792e-08,9.629259105190395e-08,9.624546888552278e-08,9.619840570905345e-08,9.615140140259873e-08,9.610445585008256e-08,9.605756893570903e-08,9.601074053826325e-08,9.59639705440934e-08,9.591725883420696e-08,9.587060529493279e-08,9.582400980900751e-08,9.57774722606975e-08,9.57309925347751e-08,9.568457051656185e-08,9.5638206091298e-08,9.559189914388376e-08,9.554564955910769e-08,9.549945722664552e-08,9.545332203129726e-08,9.540724385983131e-08,9.536122259984463e-08,9.531525813862916e-08,9.526935036207525e-08,9.522349916188234e-08,9.517770442480163e-08,9.513196603979815e-08,9.508628389406448e-08,9.504065787907628e-08,9.499508788407946e-08,9.494957379969298e-08,9.49041155134556e-08,9.485871291929722e-08,9.481336590573405e-08,9.476807436524236e-08,9.472283818793545e-08,9.467765726658664e-08,9.463253149331108e-08,9.458746075932348e-08,9.454244495771573e-08,9.449748398161872e-08,9.445257772380537e-08,9.440772607725302e-08,9.436292893657326e-08,9.431818619531754e-08,9.427349774776672e-08,9.422886348849857e-08,9.41842833123373e-08,9.413975711442768e-08,9.409528479015447e-08,9.405086623481875e-08,9.400650134517832e-08,9.396219001707942e-08,9.391793214665303e-08,9.387372763146957e-08,9.382957636820987e-08,9.378547825418734e-08,9.3741433187037e-08,9.369744106461549e-08,9.365350178509662e-08,9.360961524690364e-08,9.356578134873223e-08,9.35219999895342e-08,9.347827106854908e-08,9.343459448526167e-08,9.339097013941858e-08,9.334739793105071e-08,9.330387776043687e-08,9.326040952812998e-08,9.321699313494709e-08,9.317362848193746e-08,9.313031547000272e-08,9.308705400115869e-08,9.304384397727896e-08,9.300068530044868e-08,9.295757787349228e-08,9.29145215980106e-08,9.287151637753463e-08,9.282856211508379e-08,9.278565871405456e-08,9.274280607803062e-08,9.270000411092545e-08,9.265725271519893e-08,9.261455179710203e-08,9.25719012625234e-08,9.252930101481134e-08,9.248675095860399e-08,9.244425100035864e-08,9.240180104527701e-08,9.235940099860769e-08,9.231705076699342e-08,9.227475025688847e-08,9.223249937554251e-08,9.219029802794834e-08,9.214814612258458e-08,9.210604356484207e-08,9.206399026532232e-08,9.202198613039006e-08,9.19800310665636e-08,9.193812498502258e-08,9.189626779311996e-08,9.185445939925973e-08,9.181269971190468e-08,9.177098864072876e-08,9.172932609524171e-08,9.16877119848109e-08,9.164614621819742e-08,9.160462870854831e-08,9.1563159364502e-08,9.152173809665103e-08,9.148036481482577e-08,9.143903943287697e-08,9.139776185977709e-08,9.135653200771353e-08,9.131534978845432e-08,9.127421511386489e-08,9.123312789519788e-08,9.119208804621383e-08,9.115109547818212e-08,9.111015010536592e-08,9.106925183964936e-08,9.10284005956944e-08,9.098759628634672e-08,9.094683882504962e-08,9.090612812576555e-08,9.086546410147698e-08,9.082484666825044e-08,9.078427574116711e-08,9.074375123442929e-08,9.070327306273944e-08,9.066284114137386e-08,9.062245538444332e-08,9.05821157102191e-08,9.054182203301803e-08,9.050157426943299e-08,9.046137233557584e-08,9.042121614780408e-08,9.038110562290142e-08,9.034104067775725e-08,9.030102122956205e-08,9.026104719642301e-08,9.02211184944762e-08,9.018123504203079e-08,9.014139675765012e-08,9.010160355972e-08,9.006185536429052e-08,9.002215209189244e-08,8.998249366037895e-08,8.994287998967413e-08,8.990331099838816e-08,8.986378660569555e-08,8.982430672894484e-08,8.978487129333847e-08,8.974548021521876e-08,8.97061334158204e-08,8.96668308154504e-08,8.962757233400248e-08,8.95883578923375e-08,8.954918741341904e-08,8.951006081551049e-08,8.947097802539694e-08,8.943193895682237e-08,8.93929435341183e-08,8.935399168036318e-08,8.931508331739505e-08,8.927621836729009e-08,8.923739675300645e-08,8.919861839725115e-08,8.915988322266884e-08,8.91211911526397e-08,8.90825421110016e-08,8.904393601934257e-08,8.900537280246903e-08,8.896685238388238e-08,8.892837468739792e-08,8.888993963629631e-08,8.885154715809055e-08,8.881319717540325e-08,8.877488961319465e-08,8.873662439640441e-08,8.869840145001462e-08,8.86602206993278e-08,8.86220820699201e-08,8.858398548864065e-08,8.854593087838317e-08,8.850791816722702e-08,8.846994728081902e-08,8.843201814579231e-08,8.839413068858289e-08,8.83562848361381e-08,8.831848051518154e-08,8.82807176529159e-08,8.824299617656078e-08,8.820531601470204e-08,8.816767709243747e-08,8.813007933890149e-08,8.80925226821491e-08,8.805500705007605e-08,8.801753237112031e-08,8.798009857424997e-08,8.794270558705325e-08,8.790535333903142e-08,8.78680417589889e-08,8.783077077607218e-08,8.77935403197272e-08,8.775635031960739e-08,8.771920070586186e-08,8.768209140785555e-08,8.764502235481379e-08,8.76079934775827e-08,8.757100470634292e-08,8.753405597206951e-08,8.749714720579933e-08,8.746027833669302e-08,8.742344929689569e-08,8.73866600176857e-08,8.734991043099563e-08,8.731320046625723e-08,8.727653005781578e-08,8.72398991342865e-08,8.720330763006552e-08,8.716675547690646e-08,8.713024260621509e-08,8.709376895084768e-08,8.705733444374525e-08,8.702093901770082e-08,8.698458260566432e-08,8.694826514058621e-08,8.691198655779823e-08,8.687574678647804e-08,8.683954576239053e-08,8.68033834194728e-08,8.67672596915801e-08,8.673117451266016e-08,8.669512781685099e-08,8.6659119538883e-08,8.662314961224554e-08,8.658721797243768e-08,8.655132455453156e-08,8.651546929210258e-08,8.647965212085118e-08,8.64438729774976e-08,8.640813179267143e-08,8.637242850942224e-08,8.633676305897224e-08,8.63011353783784e-08,8.626554540269001e-08,8.622999306837918e-08,8.619447831269805e-08,8.615900107147649e-08,8.612356128094986e-08,8.608815887865083e-08,8.605279380077269e-08,8.601746598463286e-08,8.598217536720406e-08,8.594692188605538e-08,8.591170547784801e-08,8.587652608119994e-08,8.58413836340062e-08,8.580627807367212e-08,8.57712093384427e-08,8.573617736690826e-08,8.570118209675888e-08,8.566622346557945e-08,8.563130141452327e-08,8.559641588020218e-08,8.556156680325463e-08,8.552675412202892e-08,8.549197777576562e-08,8.545723770451146e-08,8.542253384503837e-08,8.538786613989578e-08,8.535323452755271e-08,8.53186389480775e-08,8.52840793416004e-08,8.524955564870595e-08,8.521506780864634e-08,8.518061576291452e-08,8.514619945124776e-08,8.511181881478535e-08,8.507747379442162e-08,8.504316433107442e-08,8.500889036576245e-08,8.497465183983535e-08,8.494044869464042e-08,8.490628087179745e-08,8.487214831286099e-08,8.483805095977351e-08,8.480398875429981e-08,8.476996163872057e-08,8.47359695548671e-08,8.470201244522949e-08,8.46680902519549e-08,8.463420291652239e-08,8.460035038473887e-08,8.456653259643227e-08,8.453274949737989e-08,8.449900102697863e-08,8.446528713315335e-08,8.443160775495639e-08,8.439796283757268e-08,8.436435232461698e-08,8.433077616127531e-08,8.429723429040038e-08,8.426372665519066e-08,8.423025319945962e-08,8.419681386823554e-08,8.416340860562166e-08,8.41300373578759e-08,8.409670006733116e-08,8.406339667944012e-08,8.40301271390349e-08,8.399689139101824e-08,8.396368938049235e-08,8.393052105230812e-08,8.389738635350999e-08,8.386428522638969e-08,8.383121762003252e-08,8.379818347811603e-08,8.376518274606323e-08,8.373221537163513e-08,8.369928129923636e-08,8.366638047764723e-08,8.363351284946304e-08,8.360067836389816e-08,8.356787696658454e-08,8.353510860382783e-08,8.35023732228306e-08,8.346967077092169e-08,8.34370011946225e-08,8.3404364441573e-08,8.33717604583284e-08,8.333918919256822e-08,8.330665059182034e-08,8.327414460366818e-08,8.32416711757702e-08,8.320923025640557e-08,8.317682179276372e-08,8.314444573329079e-08,8.311210202619486e-08,8.307979061987047e-08,8.304751146250874e-08,8.301526450279605e-08,8.298304968923563e-08,8.295086697172899e-08,8.291871629656517e-08,8.288659761463853e-08,8.285451087468289e-08,8.28224560258727e-08,8.279043301751447e-08,8.275844179786261e-08,8.27264823187755e-08,8.269455452862865e-08,8.266265837726983e-08,8.263079381430232e-08,8.259896078948862e-08,8.256715925411341e-08,8.253538915764719e-08,8.250365045030855e-08,8.247194308257776e-08,8.244026700491662e-08,8.240862216801618e-08,8.237700852246684e-08,8.234542601894221e-08,8.231387460900213e-08,8.228235424323539e-08,8.225086487122148e-08,8.221940644756553e-08,8.218797892197196e-08,8.215658224588688e-08,8.212521637089747e-08,8.209388124893107e-08,8.206257683124365e-08,8.203130307002615e-08,8.200005991729102e-08,8.196884732498127e-08,8.193766524582784e-08,8.190651363112125e-08,8.187539243450763e-08,8.184430160738957e-08,8.181324110282618e-08,8.17822108735334e-08,8.17512108730122e-08,8.172024105172566e-08,8.168930136422409e-08,8.165839176502833e-08,8.162751220612034e-08,8.159666264145542e-08,8.156584302313965e-08,8.153505330527384e-08,8.150429344042905e-08,8.147356338510899e-08,8.144286309128853e-08,8.141219251307885e-08,8.138155160362557e-08,8.135094031875821e-08,8.132035861181738e-08,8.128980643684858e-08,8.125928374917901e-08,8.122879050220819e-08,8.119832665095405e-08,8.116789215013722e-08,8.113748695445998e-08,8.110711101888226e-08,8.10767642985408e-08,8.104644674803246e-08,8.101615832270095e-08,8.098589897859262e-08,8.09556686698248e-08,8.092546735229223e-08,8.089529498180982e-08,8.086515151400108e-08,8.083503690421112e-08,8.08049511084963e-08,8.077489408222004e-08,8.074486578183633e-08,8.07148661642113e-08,8.06848951847433e-08,8.065495280006815e-08,8.062503896740732e-08,8.059515364105112e-08,8.056529677868658e-08,8.053546833983703e-08,8.050566827693264e-08,8.047589654629308e-08,8.044615310737488e-08,8.04164379171917e-08,8.038675093199992e-08,8.035709210866821e-08,8.032746140574798e-08,8.029785877990962e-08,8.026828418831232e-08,8.023873758905455e-08,8.020921893815993e-08,8.01797281961501e-08,8.015026531967219e-08,8.012083026616463e-08,8.009142299359255e-08,8.00620434602938e-08,8.00326916247142e-08,8.000336744477507e-08,7.99740708790066e-08,7.994480188428275e-08,7.991556042075887e-08,7.988634644709001e-08,7.985715992244295e-08,7.982800080445897e-08,7.979886905296567e-08,7.976976462600741e-08,7.974068748246135e-08,7.971163758209788e-08,7.968261488393725e-08,7.96536193469136e-08,7.962465093071184e-08,7.959570959479662e-08,7.956679529821441e-08,7.95379080012477e-08,7.950904766300618e-08,7.948021424358188e-08,7.945140770285551e-08,7.942262800060089e-08,7.939387509694048e-08,7.936514895197916e-08,7.93364495258809e-08,7.930777677906523e-08,7.927913067163863e-08,7.925051116416122e-08,7.922191821734314e-08,7.919335179298357e-08,7.916481184831674e-08,7.913629834648343e-08,7.910781124804674e-08,7.907935051379554e-08,7.905091610473795e-08,7.902250798175925e-08,7.899412610611584e-08,7.896577043948771e-08,7.893744094166607e-08,7.890913757603496e-08,7.888086030325573e-08,7.885260908482135e-08,7.882438388262746e-08,7.879618465795142e-08,7.876801137255858e-08,7.873986398845446e-08,7.871174246899374e-08,7.868364677559651e-08,7.865557686742858e-08,7.862753270854292e-08,7.859951426118269e-08,7.857152148813425e-08,7.854355435147155e-08,7.851561281382981e-08,7.848769683736995e-08,7.845980638493373e-08,7.843194141930375e-08,7.84041019030349e-08,7.837628779986431e-08,7.834849907128517e-08,7.832073568091873e-08,7.829299759063934e-08,7.826528476596061e-08,7.8237597167989e-08,7.820993476182439e-08,7.818229751004192e-08,7.81546853758477e-08,7.81270983230203e-08,7.809953631501801e-08,7.807199931546441e-08,7.804448728673239e-08,7.801700019547805e-08,7.798953800401457e-08,7.796210067656543e-08,7.7934688176536e-08,7.79073004674359e-08,7.787993751633234e-08,7.785259928369276e-08,7.782528573555949e-08,7.779799683742682e-08,7.777073255318439e-08,7.774349284635275e-08,7.771627768236691e-08,7.768908702397136e-08,7.766192083877617e-08,7.763477909066688e-08,7.760766174237516e-08,7.758056876177146e-08,7.75535001123677e-08,7.752645576001581e-08,7.749943566998198e-08,7.747243980557836e-08,7.744546813220152e-08,7.741852061761618e-08,7.739159722570143e-08,7.73646979223438e-08,7.733782267287628e-08,7.731097144281381e-08,7.728414419789478e-08,7.72573409039914e-08,7.723056152475234e-08,7.720380603041908e-08,7.71770743828061e-08,7.715036654846135e-08,7.712368249800683e-08,7.709702219439988e-08,7.70703856018062e-08,7.704377269058672e-08,7.701718342509539e-08,7.699061777001579e-08,7.696407569507041e-08,7.693755716293039e-08,7.691106214516242e-08,7.688459060586706e-08,7.685814251199332e-08,7.683171782983949e-08,7.680531652499892e-08,7.67789385678837e-08,7.675258392335614e-08,7.672625255834095e-08,7.669994444071472e-08,7.667365953730324e-08,7.664739781550374e-08,7.66211592419742e-08,7.65949437849789e-08,7.656875141159876e-08,7.654258208934071e-08,7.651643578543907e-08,7.649031246785477e-08,7.646421210397232e-08,7.643813466222407e-08,7.641208011067965e-08,7.638604841623823e-08,7.636003954552707e-08,7.633405347032465e-08,7.630809015612834e-08,7.628214957211469e-08,7.625623168581686e-08,7.623033646503718e-08,7.620446387940473e-08,7.617861389505086e-08,7.615278648336165e-08,7.612698161275077e-08,7.610119924869923e-08,7.607543936168116e-08,7.6049701918009e-08,7.602398689130864e-08,7.599829424832338e-08,7.597262395658617e-08,7.594697598550853e-08,7.592135030272627e-08,7.589574688100067e-08,7.587016568691773e-08,7.584460669026241e-08,7.581906985995524e-08,7.579355516569315e-08,7.576806257592821e-08,7.574259206054193e-08,7.57171435892363e-08,7.569171713150678e-08,7.56663126560198e-08,7.564093013333332e-08,7.561556953225511e-08,7.559023082356081e-08,7.556491397668704e-08,7.55396189614269e-08,7.551434574772425e-08,7.548909430547705e-08,7.546386460483473e-08,7.543865661545397e-08,7.541347030794656e-08,7.538830565181387e-08,7.536316261837867e-08,7.533804117741141e-08,7.531294129927109e-08,7.528786295428678e-08,7.526280611310475e-08,7.523777074618297e-08,7.521275682416393e-08,7.518776431753325e-08,7.516279319715347e-08,7.513784343363299e-08,7.511291499787379e-08,7.50880078606745e-08,7.506312199307432e-08,7.503825736685315e-08,7.501341395120004e-08,7.498859171806956e-08,7.496379063865522e-08,7.493901068589396e-08,7.491425182759243e-08,7.488951403678196e-08,7.486479728733362e-08,7.484010154530766e-08,7.48154267855729e-08,7.47907729784417e-08,7.476614009724026e-08,7.474152811095289e-08,7.471693699299294e-08,7.4692366714586e-08,7.466781724898744e-08,7.464328856551621e-08,7.46187806369419e-08,7.459429343605227e-08,7.456982693427169e-08,7.454538110308423e-08,7.45209559142239e-08,7.449655134168612e-08,7.447216735701022e-08,7.44478039325339e-08,7.442346103997296e-08,7.43991386513763e-08,7.437483673997032e-08,7.435055527672445e-08,7.432629423601757e-08,7.430205359029442e-08,7.42778333117113e-08,7.425363337241077e-08,7.422945374503502e-08,7.420529440313002e-08,7.418115531911473e-08,7.415703646372182e-08,7.413293781410485e-08,7.410885933905048e-08,7.4084801015593e-08,7.406076281478722e-08,7.403674470867839e-08,7.401274667250199e-08,7.398876867844656e-08,7.396481069981092e-08,7.394087270918696e-08,7.391695468159773e-08,7.389305658954702e-08,7.386917840581298e-08,7.384532010458008e-08,7.382148165926468e-08,7.379766304323922e-08,7.377386423052536e-08,7.375008519549363e-08,7.372632590992891e-08,7.370258634848732e-08,7.36788664854125e-08,7.36551662943392e-08,7.36314857492753e-08,7.3607824824343e-08,7.358418349298881e-08,7.356056173048438e-08,7.353695950932646e-08,7.351337680457634e-08,7.348981358913308e-08,7.346626983957918e-08,7.344274552922321e-08,7.341924063230787e-08,7.339575512323276e-08,7.337228897678078e-08,7.334884216669382e-08,7.332541466676373e-08,7.330200645403482e-08,7.327861750162057e-08,7.325524778453604e-08,7.323189727712589e-08,7.320856595446002e-08,7.318525379137602e-08,7.316196076265878e-08,7.313868684325113e-08,7.311543200842174e-08,7.309219623243274e-08,7.306897949060165e-08,7.304578175623299e-08,7.302260300831735e-08,7.299944321972049e-08,7.297630236609335e-08,7.29531804214143e-08,7.293007736332916e-08,7.290699316600334e-08,7.288392780542742e-08,7.286088125580728e-08,7.28378534948836e-08,7.281484449538151e-08,7.279185423380625e-08,7.276888268602821e-08,7.27459298275672e-08,7.27229956343702e-08,7.270008008206243e-08,7.267718314644933e-08,7.265430480380283e-08,7.263144502946052e-08,7.26086037990671e-08,7.258578108901435e-08,7.25629768751126e-08,7.254019113380924e-08,7.251742384073139e-08,7.249467497255563e-08,7.247194450492555e-08,7.244923241439506e-08,7.242653867678067e-08,7.240386326866436e-08,7.238120616644617e-08,7.2358567346428e-08,7.233594678479774e-08,7.231334445858475e-08,7.229076034412569e-08,7.226819441511232e-08,7.224564665498236e-08,7.222311703494223e-08,7.220060553293862e-08,7.217811212603212e-08,7.215563679041212e-08,7.213317950134472e-08,7.211074023977746e-08,7.208831897934605e-08,7.206591569830623e-08,7.20435303733618e-08,7.202116298145213e-08,7.19988134998021e-08,7.197648190511312e-08,7.195416817445276e-08,7.193187228554274e-08,7.190959421512805e-08,7.18873339395972e-08,7.186509143839272e-08,7.184286668751959e-08,7.182065966454752e-08,7.179847034713385e-08,7.177629871233864e-08,7.175414473606486e-08,7.173200839899708e-08,7.170988967716202e-08,7.16877885471435e-08,7.166570498879918e-08,7.164363897864237e-08,7.162159049468384e-08,7.159955951441398e-08,7.15775460156244e-08,7.155554997616063e-08,7.153357137388678e-08,7.15116101867227e-08,7.148966639262383e-08,7.146773996958662e-08,7.144583089562953e-08,7.142393914817153e-08,7.140206470634906e-08,7.138020754818874e-08,7.135836765160691e-08,7.133654499482447e-08,7.131473955583504e-08,7.129295131300531e-08,7.127118024531752e-08,7.124942633068108e-08,7.122768954750042e-08,7.120596987423492e-08,7.118426728888432e-08,7.116258177057372e-08,7.11409132980661e-08,7.111926184960963e-08,7.10976274038517e-08,7.107600993895664e-08,7.105440943448507e-08,7.103282586793057e-08,7.101125921959475e-08,7.098970946801582e-08,7.096817659105213e-08,7.094666056809489e-08,7.092516137836449e-08,7.09036790006409e-08,7.088221341401932e-08,7.086076459762402e-08,7.08393325302339e-08,7.081791719079396e-08,7.07965185590445e-08,7.077513661407315e-08,7.075377133529765e-08,7.07324227015914e-08,7.071109069142787e-08,7.068977528524716e-08,7.06684764616384e-08,7.064719420033015e-08,7.062592848077518e-08,7.060467928189164e-08,7.058344658426715e-08,7.056223036690416e-08,7.054103060932145e-08,7.051984729118714e-08,7.049868039204285e-08,7.047752989220876e-08,7.045639577015315e-08,7.043527800671794e-08,7.041417658070273e-08,7.039309147243338e-08,7.037202266171474e-08,7.035097012845434e-08,7.03299338525265e-08,7.030891381389927e-08,7.028790999270792e-08,7.026692236857003e-08,7.02459509206162e-08,7.022499563128695e-08,7.020405647943328e-08,7.018313344518235e-08,7.016222650868723e-08,7.014133565039969e-08,7.012046084934436e-08,7.009960208756732e-08,7.007875934507083e-08,7.005793260063953e-08,7.003712183774687e-08,7.001632703410113e-08,6.999554817088555e-08,6.99747852271222e-08,6.995403818633907e-08,6.993330702750419e-08,6.991259172981306e-08,6.989189227688502e-08,6.987120864783781e-08,6.985054082335576e-08,6.982988878408567e-08,6.980925251080317e-08,6.978863198432148e-08,6.976802718605097e-08,6.974743809560197e-08,6.972686469432515e-08,6.97063069610764e-08,6.968576488094444e-08,6.966523843286201e-08,6.964472759784969e-08,6.962423235701246e-08,6.960375269288519e-08,6.958328858322476e-08,6.956284001335543e-08,6.954240696190953e-08,6.952198940775406e-08,6.950158733645379e-08,6.948120072557706e-08,6.946082955820464e-08,6.944047381520406e-08,6.942013347828401e-08,6.939980852915218e-08,6.937949894955328e-08,6.935920471968192e-08,6.933892582304916e-08,6.931866223828023e-08,6.929841394836785e-08,6.92781809347542e-08,6.925796317843598e-08,6.923776066190186e-08,6.92175733665543e-08,6.919740127464038e-08,6.917724436935272e-08,6.915710262840239e-08,6.91369760355073e-08,6.911686457234616e-08,6.909676822116074e-08,6.907668696349605e-08,6.905662078243438e-08,6.903656965774506e-08,6.901653357285535e-08,6.899651250914617e-08,6.897650644871468e-08,6.895651537369333e-08,6.89365392660754e-08,6.891657810812571e-08,6.88966318819633e-08,6.887670056986472e-08,6.885678415365791e-08,6.883688261606446e-08,6.881699593900095e-08,6.879712410459043e-08,6.877726709509907e-08,6.875742489334608e-08,6.873759748143116e-08,6.871778484200784e-08,6.869798695672541e-08,6.867820380926965e-08,6.865843538104467e-08,6.863868165485576e-08,6.861894261267018e-08,6.859921823809318e-08,6.857950851280265e-08,6.855981341987946e-08,6.854013294245765e-08,6.852046706224294e-08,6.850081576236514e-08,6.848117902572839e-08,6.84615568348969e-08,6.84419491729043e-08,6.842235602157235e-08,6.840277736524039e-08,6.838321318611872e-08,6.836366346705557e-08,6.834412819108679e-08,6.832460734102058e-08,6.830510090013377e-08,6.8285608851062e-08,6.826613117719108e-08,6.824666786130447e-08,6.822721888662516e-08,6.820778423635412e-08,6.81883638934513e-08,6.8168957841054e-08,6.814956606262288e-08,6.813018854125966e-08,6.811082526038884e-08,6.80914762029815e-08,6.807214135290657e-08,6.805282069269865e-08,6.803351420604072e-08,6.80142218765139e-08,6.799494368746401e-08,6.797567962055566e-08,6.795642966273079e-08,6.793719379552606e-08,6.791797200221376e-08,6.789876426779153e-08,6.787957057462706e-08,6.786039090659809e-08,6.784122524728981e-08,6.782207358045848e-08,6.780293588938075e-08,6.778381215845435e-08,6.77647023710506e-08,6.774560651134199e-08,6.772652456188299e-08,6.770745650778254e-08,6.768840233244317e-08,6.766936202037417e-08,6.765033555420664e-08,6.763132291839291e-08,6.761232409699993e-08,6.759333907390618e-08,6.757436783325348e-08,6.755541035889186e-08,6.75364666349393e-08,6.75175366454651e-08,6.749862037559546e-08,6.747971780738381e-08,6.746082892478826e-08,6.744195371422472e-08,6.742309215895207e-08,6.740424424305692e-08,6.738540995087194e-08,6.736658926664376e-08,6.734778217429135e-08,6.732898865885225e-08,6.731020870393897e-08,6.729144229314336e-08,6.727268941348289e-08,6.725395004778694e-08,6.723522417991407e-08,6.721651179597319e-08,6.719781287965163e-08,6.717912741442128e-08,6.71604553867373e-08,6.714179677847621e-08,6.71231515768801e-08,6.710451976523162e-08,6.708590132977302e-08,6.706729625436406e-08,6.70487045221947e-08,6.703012611897092e-08,6.701156102964058e-08,6.699300923885571e-08,6.697447073207639e-08,6.695594549382147e-08,6.693743350897995e-08,6.691893476135054e-08,6.690044923639592e-08,6.688197691995859e-08,6.686351779465001e-08,6.684507184741528e-08,6.682663906096441e-08,6.680821942377758e-08,6.678981291661356e-08,6.677141952909871e-08,6.675303924435626e-08,6.67346720477154e-08,6.671631792381736e-08,6.669797685790318e-08,6.667964883470877e-08,6.66613338403984e-08,6.664303186046119e-08,6.662474287865744e-08,6.66064668816086e-08,6.658820385283765e-08,6.656995377886726e-08,6.655171664416068e-08,6.653349243538095e-08,6.651528113739584e-08,6.649708273538279e-08,6.647889721492927e-08,6.64607245613007e-08,6.644256476071473e-08,6.642441779755491e-08,6.640628365732254e-08,6.638816232605717e-08,6.637005378970386e-08,6.6351958033072e-08,6.633387504196986e-08,6.631580480221916e-08,6.629774729939899e-08,6.62797025188812e-08,6.626167044684624e-08,6.624365106871443e-08,6.622564437002598e-08,6.620765033690828e-08,6.618966895508547e-08,6.617170021023103e-08,6.615374408839224e-08,6.613580057596599e-08,6.611786965716997e-08,6.609995131877035e-08,6.608204554667892e-08,6.606415232645789e-08,6.604627164538931e-08,6.602840348783362e-08,6.601054783983278e-08,6.599270468856252e-08,6.59748740191576e-08,6.595705581805792e-08,6.593925007126947e-08,6.592145676515355e-08,6.590367588541814e-08,6.588590741836099e-08,6.586815135014478e-08,6.585040766710236e-08,6.583267635503612e-08,6.581495740029844e-08,6.57972507895823e-08,6.577955650883085e-08,6.576187454397034e-08,6.574420488170265e-08,6.572654750851802e-08,6.570890241039731e-08,6.569126957427564e-08,6.567364898610144e-08,6.565604063244332e-08,6.5638444499657e-08,6.562086057420474e-08,6.560328884235758e-08,6.558572929073866e-08,6.556818190586165e-08,6.555064667431214e-08,6.553312358299952e-08,6.551561261788453e-08,6.54981137662856e-08,6.548062701415769e-08,6.54631523485963e-08,6.544568975606459e-08,6.542823922325981e-08,6.541080073685965e-08,6.539337428362566e-08,6.537595984991904e-08,6.5358557422847e-08,6.534116698944008e-08,6.532378853622765e-08,6.530642205000509e-08,6.528906751769099e-08,6.527172492595927e-08,6.525439426197013e-08,6.523707551238259e-08,6.52197686643861e-08,6.520247370477317e-08,6.518519061989721e-08,6.516791939678946e-08,6.515066002408359e-08,6.513341248769888e-08,6.511617677384539e-08,6.509895287120832e-08,6.50817407668676e-08,6.506454044647965e-08,6.504735189784541e-08,6.503017510813176e-08,6.501301006441058e-08,6.499585675429399e-08,6.497871516409384e-08,6.496158528149674e-08,6.494446709378424e-08,6.492736058815528e-08,6.491026575181423e-08,6.48931825721784e-08,6.487611103644048e-08,6.485905113162799e-08,6.484200284585633e-08,6.482496616579343e-08,6.480794107938551e-08,6.479092757355233e-08,6.47739256360952e-08,6.47569352543024e-08,6.473995641542168e-08,6.472298910749938e-08,6.470603331840885e-08,6.468908903437966e-08,6.467215624324017e-08,6.465523493320895e-08,6.463832509178146e-08,6.46214267057902e-08,6.46045397627497e-08,6.458766425117056e-08,6.457080015832652e-08,6.455394747188456e-08,6.45371061794398e-08,6.452027626897586e-08,6.450345772747482e-08,6.448665054363161e-08,6.4469854704622e-08,6.445307019844835e-08,6.443629701284428e-08,6.44195351355345e-08,6.440278455436694e-08,6.438604525730821e-08,6.43693172321689e-08,6.435260046684e-08,6.433589494881166e-08,6.431920066705838e-08,6.430251760858228e-08,6.428584576156959e-08,6.426918511391123e-08,6.425253565362517e-08,6.423589736874084e-08,6.421927024742167e-08,6.420265427754399e-08,6.418604944761959e-08,6.416945574530655e-08,6.415287315796412e-08,6.413630167426305e-08,6.41197412837842e-08,6.410319197340549e-08,6.40866537301309e-08,6.407012654339626e-08,6.405361040140481e-08,6.403710529260131e-08,6.402061120492696e-08,6.400412812657216e-08,6.398765604529818e-08,6.397119495066781e-08,6.395474483015508e-08,6.393830567220164e-08,6.392187746507003e-08,6.390546019717966e-08,6.388905385697872e-08,6.387265843279889e-08,6.38562739129594e-08,6.383990028597366e-08,6.382353754019273e-08,6.38071856641054e-08,6.37908446462839e-08,6.377451447461827e-08,6.375819513871916e-08,6.374188662650862e-08,6.372558892641403e-08,6.370930202721718e-08,6.369302591713502e-08,6.367676058522173e-08,6.366050602040269e-08,6.364426220914114e-08,6.362802914294644e-08,6.361180680923828e-08,6.359559519619767e-08,6.357939429344688e-08,6.356320408976966e-08,6.354702457281792e-08,6.353085573203146e-08,6.351469755592704e-08,6.34985500335486e-08,6.348241315321276e-08,6.346628690428431e-08,6.345017127456819e-08,6.343406625405172e-08,6.341797183141539e-08,6.340188799533002e-08,6.338581473468669e-08,6.336975203795494e-08,6.335369989432558e-08,6.333765829288132e-08,6.332162722234406e-08,6.330560667233317e-08,6.328959663012225e-08,6.32735970870626e-08,6.325760802965574e-08,6.324162944942866e-08,6.322566133429127e-08,6.320970367359885e-08,6.319375645585794e-08,6.31778196699349e-08,6.31618933061399e-08,6.314597735266423e-08,6.313007179891065e-08,6.311417663377374e-08,6.309829184672006e-08,6.308241742675162e-08,6.306655336307196e-08,6.305069964482165e-08,6.303485626189792e-08,6.301902320231904e-08,6.300320045665599e-08,6.298738801369317e-08,6.297158586513857e-08,6.295579399517576e-08,6.294001239577207e-08,6.292424105605343e-08,6.290847996575224e-08,6.289272911399873e-08,6.287698849029987e-08,6.28612580838784e-08,6.284553788421988e-08,6.282982788068372e-08,6.281412806292572e-08,6.279843842022022e-08,6.278275894208421e-08,6.276708961827675e-08,6.275143043837166e-08,6.273578139094852e-08,6.272014246558372e-08,6.270451365293282e-08,6.268889494344562e-08,6.267328632418035e-08,6.265768778546667e-08,6.264209931757101e-08,6.262652090975968e-08,6.26109525512567e-08,6.259539423234651e-08,6.257984594191673e-08,6.256430767106707e-08,6.25487794084509e-08,6.253326114345022e-08,6.251775286619686e-08,6.250225456726209e-08,6.248676623588074e-08,6.247128786321957e-08,6.245581943456286e-08,6.244036094377266e-08,6.242491237999058e-08,6.240947373212694e-08,6.239404499070997e-08,6.237862614417953e-08,6.236321718505859e-08,6.23478181012398e-08,6.233242888302787e-08,6.23170495204316e-08,6.230168000340808e-08,6.22863203219203e-08,6.227097046481559e-08,6.225563042404672e-08,6.22403001887161e-08,6.222497974868696e-08,6.220966909405564e-08,6.219436821478795e-08,6.217907710214642e-08,6.216379574432754e-08,6.214852413085654e-08,6.213326225498361e-08,6.211801010372493e-08,6.210276766830465e-08,6.208753493973537e-08,6.207231190582464e-08,6.205709855871716e-08,6.204189488808847e-08,6.202670088397686e-08,6.20115165365954e-08,6.19963418360915e-08,6.198117677178788e-08,6.196602133607935e-08,6.195087551768055e-08,6.193573930760564e-08,6.192061269511377e-08,6.190549567173385e-08,6.189038822642338e-08,6.187529035145907e-08,6.186020203540962e-08,6.18451232705961e-08,6.183005404454736e-08,6.181499434968464e-08,6.179994417510685e-08,6.178490351146671e-08,6.176987234936764e-08,6.175485067957509e-08,6.173983849191158e-08,6.172483577748775e-08,6.170984252614461e-08,6.169485872904291e-08,6.167988437621982e-08,6.166491945831337e-08,6.16499639658173e-08,6.163501788925167e-08,6.162008121899622e-08,6.160515394535067e-08,6.159023605939251e-08,6.157532755185593e-08,6.156042841394666e-08,6.154553863458526e-08,6.153065820533247e-08,6.151578711647231e-08,6.150092536037867e-08,6.148607292490526e-08,6.1471229801853e-08,6.145639598198419e-08,6.144157145521362e-08,6.142675621378225e-08,6.141195024887466e-08,6.139715354823869e-08,6.138236610508727e-08,6.136758790951506e-08,6.13528189525349e-08,6.133805922554982e-08,6.132330871782984e-08,6.130856742017063e-08,6.129383532435093e-08,6.127911242091435e-08,6.12643987007426e-08,6.124969415457865e-08,6.123499877307502e-08,6.12203125478591e-08,6.12056354685132e-08,6.119096752720188e-08,6.117630871473577e-08,6.11616590218534e-08,6.11470184389735e-08,6.113238695786379e-08,6.11177645691411e-08,6.110315126394267e-08,6.108854703294619e-08,6.107395186727505e-08,6.105936575808686e-08,6.104478869640657e-08,6.103022067287848e-08,6.101566167899634e-08,6.100111170584104e-08,6.098657074449985e-08,6.097203878576082e-08,6.095751582087948e-08,6.094300184190215e-08,6.092849683766196e-08,6.091400080198722e-08,6.089951372372019e-08,6.088503559478073e-08,6.087056640645193e-08,6.085610615038146e-08,6.084165481754859e-08,6.082721239838389e-08,6.081277888529159e-08,6.079835426913408e-08,6.078393854101707e-08,6.076953169210103e-08,6.07551337138008e-08,6.074074459831959e-08,6.072636433546885e-08,6.071199291592556e-08,6.06976303328872e-08,6.06832765762332e-08,6.066893163863926e-08,6.06545955101334e-08,6.06402681835004e-08,6.062594964971966e-08,6.061163989967782e-08,6.059733892515558e-08,6.058304671672398e-08,6.056876326721615e-08,6.05544885674666e-08,6.054022260862893e-08,6.052596538275476e-08,6.051171688013015e-08,6.049747709297904e-08,6.048324601295819e-08,6.046902363137802e-08,6.045480993951553e-08,6.044060492922189e-08,6.04264085920532e-08,6.041222091946163e-08,6.03980419033756e-08,6.03838715340802e-08,6.036970980359208e-08,6.035555670551094e-08,6.034141222938167e-08,6.032727636746933e-08,6.031314911125513e-08,6.029903045242514e-08,6.028492038268084e-08,6.027081889371684e-08,6.025672597711872e-08,6.024264162385909e-08,6.022856582702353e-08,6.021449857752795e-08,6.02004398692944e-08,6.018638968984928e-08,6.017234803234578e-08,6.015831489008846e-08,6.014429025408785e-08,6.01302741160529e-08,6.011626646759982e-08,6.010226730061098e-08,6.008827660710189e-08,6.007429437873452e-08,6.006032060718417e-08,6.004635528443222e-08,6.003239840230501e-08,6.001844995372478e-08,6.000450992843679e-08,5.999057831925732e-08,5.997665511750946e-08,5.996274031658274e-08,5.994883390786953e-08,5.99349358830463e-08,5.992104623360764e-08,5.99071649520786e-08,5.989329203014051e-08,5.987942746011371e-08,5.986557123404822e-08,5.985172334206232e-08,5.983788377882152e-08,5.982405253530641e-08,5.981022960334472e-08,5.979641497509599e-08,5.978260864434806e-08,5.976881059988555e-08,5.97550208369516e-08,5.974123934423006e-08,5.972746611639569e-08,5.971370114485506e-08,5.969994442049927e-08,5.968619593639193e-08,5.967245568481547e-08,5.965872365770738e-08,5.96449998475373e-08,5.963128424441527e-08,5.96175768431169e-08,5.9603877636040553e-08,5.959018661417446e-08,5.957650377103019e-08,5.956282909442026e-08,5.954916258204532e-08,5.953550422391056e-08,5.952185401078794e-08,5.9508211938096815e-08,5.949457799608984e-08,5.948095217747082e-08,5.946733447215702e-08,5.945372487645315e-08,5.944012338132931e-08,5.942652997853914e-08,5.941294466035609e-08,5.93993674200205e-08,5.938579824854488e-08,5.937223713809601e-08,5.9358684082450314e-08,5.9345139073355734e-08,5.93316021027463e-08,5.931807316360098e-08,5.9304552248100705e-08,5.9291039348251906e-08,5.9277534457565914e-08,5.926403756705106e-08,5.925054867094845e-08,5.9237067759943926e-08,5.9223594826900395e-08,5.921012986504528e-08,5.919667286628097e-08,5.9183223822887144e-08,5.9169782727731185e-08,5.9156349573107554e-08,5.914292435183912e-08,5.9129507056298805e-08,5.911609767860661e-08,5.910269621205012e-08,5.9089302648908504e-08,5.907591698160677e-08,5.906253920160704e-08,5.904916930387238e-08,5.903580727967282e-08,5.9022453121699344e-08,5.9009106821452886e-08,5.8995768372644714e-08,5.898243776920955e-08,5.8969115002553014e-08,5.89558000652613e-08,5.894249294998392e-08,5.892919364944633e-08,5.8915902156666504e-08,5.890261846377609e-08,5.88893425631728e-08,5.887607444819503e-08,5.886281411179689e-08,5.884956154711103e-08,5.883631674493693e-08,5.8823079699089265e-08,5.8809850402700176e-08,5.8796628848958367e-08,5.8783415029557864e-08,5.877020893719714e-08,5.875701056521661e-08,5.874381990582889e-08,5.8730636952559007e-08,5.871746169774391e-08,5.870429413499508e-08,5.869113425611097e-08,5.867798205584458e-08,5.866483752548096e-08,5.86517006567985e-08,5.8638571444095336e-08,5.862544988081057e-08,5.8612335957779865e-08,5.8599229670262774e-08,5.858613100965467e-08,5.857303996935239e-08,5.8559956542084737e-08,5.8546880721139184e-08,5.853381249960888e-08,5.852075187084921e-08,5.850769882607653e-08,5.8494653359287686e-08,5.848161546345164e-08,5.8468585131644275e-08,5.845556235684729e-08,5.8442547131892e-08,5.842953944995294e-08,5.841653930453609e-08,5.840354668758341e-08,5.839056159319343e-08,5.8377584013742026e-08,5.836461394208793e-08,5.835165137189501e-08,5.833869629600688e-08,5.8325748707612206e-08,5.8312808599714e-08,5.8299875964673895e-08,5.828695079710715e-08,5.8274033089467964e-08,5.826112283482975e-08,5.824822002594776e-08,5.823532465674527e-08,5.8222436720242574e-08,5.820955620948793e-08,5.819668311707337e-08,5.818381743662712e-08,5.8170959161019e-08,5.815810828409084e-08,5.8145264798733064e-08,5.8132428698160314e-08,5.811959997557606e-08,5.810677862445598e-08,5.809396463744345e-08,5.808115800854279e-08,5.806835873045776e-08,5.8055566796816646e-08,5.8042782200736646e-08,5.8030004935479756e-08,5.801723499395252e-08,5.800447237004843e-08,5.7991717057075945e-08,5.797896904799142e-08,5.796622833608599e-08,5.7953494915275296e-08,5.794076877834297e-08,5.792804991885209e-08,5.791533833014045e-08,5.790263400576452e-08,5.788993693856396e-08,5.787724712244178e-08,5.786456455081877e-08,5.7851889216714e-08,5.783922111372697e-08,5.782656023526045e-08,5.781390657478041e-08,5.7801260125504196e-08,5.7788620881272e-08,5.7775988835339006e-08,5.776336398114446e-08,5.775074631217602e-08,5.773813582192816e-08,5.772553250406174e-08,5.771293635187112e-08,5.770034735884991e-08,5.7687765518339616e-08,5.7675190824035255e-08,5.766262326944118e-08,5.7650062848127397e-08,5.7637509553627314e-08,5.7624963379457525e-08,5.7612424319430884e-08,5.759989236684715e-08,5.758736751514138e-08,5.757484975806884e-08,5.756233908943801e-08,5.7549835502404516e-08,5.7537338990793877e-08,5.752484954842417e-08,5.751236716850894e-08,5.749989184487726e-08,5.7487423571172583e-08,5.7474962341228604e-08,5.746250814850073e-08,5.7450060986469626e-08,5.743762084920115e-08,5.742518772981462e-08,5.741276162234348e-08,5.740034252059374e-08,5.7387930418152626e-08,5.737552530871989e-08,5.73631271861954e-08,5.735073604392861e-08,5.733835187570595e-08,5.73259746755331e-08,5.731360443702411e-08,5.7301241153830446e-08,5.728888481978277e-08,5.72765354290159e-08,5.7264192974724935e-08,5.725185745089988e-08,5.7239528851468445e-08,5.722720717002459e-08,5.7214892400608314e-08,5.720258453692922e-08,5.719028357264796e-08,5.717798950182015e-08,5.716570231826144e-08,5.71534220156489e-08,5.714114858793771e-08,5.712888202901661e-08,5.7116622332681e-08,5.710436949301976e-08,5.709212350375625e-08,5.707988435865321e-08,5.706765205184792e-08,5.705542657713289e-08,5.7043207928461057e-08,5.703099609999368e-08,5.701879108521772e-08,5.7006592878128054e-08,5.699440147275219e-08,5.6982216863051184e-08,5.6970039042737705e-08,5.695786800629349e-08,5.694570374738324e-08,5.693354626010201e-08,5.692139553839052e-08,5.690925157590471e-08,5.689711436728582e-08,5.688498390622642e-08,5.68728601867026e-08,5.686074320280793e-08,5.684863294851456e-08,5.683652941791413e-08,5.682443260502415e-08,5.681234250375768e-08,5.6800259108279007e-08,5.678818241269011e-08,5.677611241125329e-08,5.6764049097993424e-08,5.675199246638161e-08,5.6739942511007994e-08,5.672789922607263e-08,5.6715862605637536e-08,5.670383264441044e-08,5.669180933555965e-08,5.667979267231836e-08,5.666778265125579e-08,5.665577926507849e-08,5.664378250824745e-08,5.6631792374735476e-08,5.6619808858737604e-08,5.660783195479958e-08,5.6595861656754875e-08,5.658389795820168e-08,5.657194085458996e-08,5.6559990339490417e-08,5.654804640701309e-08,5.6536109051018014e-08,5.652417826668108e-08,5.6512254047916354e-08,5.650033638871166e-08,5.6488425283613e-08,5.6476520726552605e-08,5.646462271171543e-08,5.645273123377543e-08,5.6440846286622635e-08,5.642896786489986e-08,5.641709596245678e-08,5.640523057392581e-08,5.6393371693403667e-08,5.638151931529285e-08,5.6369673433778886e-08,5.63578340431702e-08,5.63460011379638e-08,5.633417471265874e-08,5.632235476035792e-08,5.6310541277515016e-08,5.629873425742119e-08,5.628693369434327e-08,5.627513958394341e-08,5.626335191825898e-08,5.6251570692833294e-08,5.623979590090174e-08,5.622802753894397e-08,5.6216265600480463e-08,5.620451008031542e-08,5.6192760972432676e-08,5.618101827077501e-08,5.6169281970471395e-08,5.615755206535162e-08,5.614582855022059e-08,5.613411141946856e-08,5.612240066759132e-08,5.611069628921494e-08,5.609899827771025e-08,5.6087306629191336e-08,5.60756213374237e-08,5.606394239733246e-08,5.605226980254813e-08,5.604060354799754e-08,5.602894362816464e-08,5.6017290036806246e-08,5.600564276995544e-08,5.599400182146067e-08,5.5982367185802705e-08,5.597073885736807e-08,5.5959116831058166e-08,5.594750110183051e-08,5.593589166289704e-08,5.592428850961593e-08,5.59126916365337e-08,5.5901101038235935e-08,5.588951670926609e-08,5.5877938643494417e-08,5.586636683697926e-08,5.5854801283568855e-08,5.584324197797866e-08,5.583168891466411e-08,5.582014208839839e-08,5.5808601493737095e-08,5.5797067125310066e-08,5.5785538977826076e-08,5.577401704598496e-08,5.576250132417486e-08,5.5750991807294424e-08,5.573948848987237e-08,5.5727991366654465e-08,5.57165004322945e-08,5.5705015681531825e-08,5.5693537109031607e-08,5.568206470947302e-08,5.5670598477012256e-08,5.565913840751637e-08,5.564768449512813e-08,5.563623673459095e-08,5.5624795120585206e-08,5.56133596479545e-08,5.5601930311299896e-08,5.5590507105430445e-08,5.557909002511834e-08,5.5567679065069764e-08,5.5556274220113726e-08,5.554487548500382e-08,5.553348285451509e-08,5.5522096323413336e-08,5.55107158859219e-08,5.54993415375013e-08,5.548797327361824e-08,5.5476611088561516e-08,5.546525497577147e-08,5.54539049319773e-08,5.544256095118655e-08,5.54312230287814e-08,5.541989115924494e-08,5.5408565337545105e-08,5.539724555758772e-08,5.538593181719428e-08,5.5374624106796743e-08,5.5363322424832406e-08,5.535202676336924e-08,5.534073711875337e-08,5.532945348514179e-08,5.531817585931744e-08,5.5306904234437004e-08,5.529563860585506e-08,5.5284378968803034e-08,5.5273125317449994e-08,5.526187764754735e-08,5.525063595393447e-08,5.523940023136824e-08,5.522817047478671e-08,5.521694667916012e-08,5.5205728839355524e-08,5.51945169504266e-08,5.5183311008294936e-08,5.517211100603509e-08,5.5160916939457165e-08,5.514972880378739e-08,5.5138546593577915e-08,5.512737030418235e-08,5.511619993055823e-08,5.510503546740693e-08,5.5093876910257965e-08,5.508272425387234e-08,5.507157749315316e-08,5.506043662318434e-08,5.504930163906323e-08,5.50381725360048e-08,5.5027049308902413e-08,5.5015931952769515e-08,5.500482046236215e-08,5.4993714833397296e-08,5.498261506044066e-08,5.497152113877997e-08,5.496043306346299e-08,5.494935082977203e-08,5.4938274430916716e-08,5.492720386531206e-08,5.491613912628748e-08,5.4905080209090414e-08,5.489402710871074e-08,5.488297981899225e-08,5.4871938338149955e-08,5.486090265968293e-08,5.4849872778272127e-08,5.483884868972583e-08,5.482783038912213e-08,5.4816817871563026e-08,5.480581113173843e-08,5.4794810166012536e-08,5.478381496883132e-08,5.477282553462783e-08,5.476184185911994e-08,5.475086393907813e-08,5.4739891766038195e-08,5.47289253370774e-08,5.471796464831223e-08,5.470700969359689e-08,5.469606046951838e-08,5.468511697039315e-08,5.467417919208989e-08,5.4663247128420545e-08,5.465232077660722e-08,5.464140013122358e-08,5.46304851866613e-08,5.461957594000946e-08,5.460867238464276e-08,5.459777451701916e-08,5.458688233096746e-08,5.457599582254965e-08,5.4565114987065826e-08,5.455423981986865e-08,5.454337031629858e-08,5.4532506471587066e-08,5.452164828139868e-08,5.4510795740434706e-08,5.449994884516433e-08,5.448910758902784e-08,5.447827197054717e-08,5.4467441980223226e-08,5.4456617616697355e-08,5.4445798874302046e-08,5.4434985748962694e-08,5.442417823556533e-08,5.441337632940186e-08,5.440258002622261e-08,5.439178932130761e-08,5.438100421005345e-08,5.4370224687147e-08,5.435945074910857e-08,5.434868239059578e-08,5.43379196069265e-08,5.432716239386895e-08,5.4316410747053896e-08,5.430566466156581e-08,5.429492413295287e-08,5.428418915638375e-08,5.427345972761184e-08,5.426273584167511e-08,5.425201749344069e-08,5.424130467997333e-08,5.4230597396143246e-08,5.421989563706832e-08,5.4209199398022807e-08,5.4198508674592865e-08,5.418782346242104e-08,5.4177143756942766e-08,5.4166469553432896e-08,5.4155800847524095e-08,5.414513763473767e-08,5.413447991052145e-08,5.412382767021671e-08,5.411318090963566e-08,5.410253962338282e-08,5.4091903808569874e-08,5.408127345979162e-08,5.4070648572585744e-08,5.406002914265499e-08,5.4049415165278256e-08,5.4038806636181184e-08,5.40282035507419e-08,5.401760590462547e-08,5.400701369361145e-08,5.399642691279722e-08,5.398584555792608e-08,5.39752696247159e-08,5.396469910860031e-08,5.39541340050603e-08,5.3943574310085136e-08,5.393302001731749e-08,5.392247112641279e-08,5.3911927629488794e-08,5.390138952320579e-08,5.3890856803384357e-08,5.38803294652047e-08,5.3869807504494776e-08,5.385929091693345e-08,5.384877969801973e-08,5.3838273843466674e-08,5.3827773348889186e-08,5.381727821063355e-08,5.380678842237664e-08,5.3796303981703604e-08,5.378582488228821e-08,5.377535112242075e-08,5.376488269701185e-08,5.375441960074045e-08,5.3743961828624584e-08,5.3733509377749764e-08,5.3723062244266955e-08,5.371262042308686e-08,5.370218390967092e-08,5.369175269997433e-08,5.36813267896744e-08,5.3670906174424804e-08,5.3660490849962665e-08,5.365008081200091e-08,5.363967605633575e-08,5.362927657858424e-08,5.3618882374635493e-08,5.360849344007699e-08,5.359810977075133e-08,5.3587731361758984e-08,5.357735820942689e-08,5.356699030991811e-08,5.355662765878996e-08,5.354627025162531e-08,5.353591808419567e-08,5.352557115170815e-08,5.351522945107686e-08,5.35048929775075e-08,5.349456172677696e-08,5.34842356947062e-08,5.3473914877069906e-08,5.3463599269680205e-08,5.345328886835735e-08,5.3442983668897665e-08,5.343268366685293e-08,5.3422388858579957e-08,5.341209923947739e-08,5.340181480545917e-08,5.339153555252486e-08,5.3381261476810636e-08,5.337099257342154e-08,5.33607288386913e-08,5.335047026821788e-08,5.334021685804781e-08,5.332996860380531e-08,5.331972550157699e-08,5.330948754730973e-08,5.3299254736628715e-08,5.328902706564609e-08,5.327880453002792e-08,5.3268587125839016e-08,5.325837484885491e-08,5.324816769504972e-08,5.3237965660372524e-08,5.322776874057685e-08,5.321757693168706e-08,5.3207390229651186e-08,5.31972086302897e-08,5.3187032129528055e-08,5.3176860723381915e-08,5.3166694407704186e-08,5.315653317846004e-08,5.314637703165977e-08,5.3136225963155826e-08,5.312607996889699e-08,5.3115939044937984e-08,5.3105803187172245e-08,5.309567239158196e-08,5.308554665416958e-08,5.307542597083241e-08,5.3065310337624e-08,5.305519975041202e-08,5.3045094205276985e-08,5.3034993698300684e-08,5.3024898225302976e-08,5.301480778242494e-08,5.300472236494784e-08,5.299464197024772e-08,5.298456659346565e-08,5.297449623007391e-08,5.2964430877322576e-08,5.295437053096097e-08,5.294431518682204e-08,5.29342648403413e-08,5.2924219488953843e-08,5.291417912736269e-08,5.2904143752286036e-08,5.289411336149695e-08,5.288408794777516e-08,5.2874067508081125e-08,5.286405203932048e-08,5.285404153685831e-08,5.2844035997208846e-08,5.283403541672123e-08,5.2824039791015415e-08,5.281404911618096e-08,5.280406338823345e-08,5.2794082603591704e-08,5.278410675805436e-08,5.277413584801427e-08,5.276416986905952e-08,5.275420881793648e-08,5.274425269012519e-08,5.273430148250042e-08,5.2724355191013434e-08,5.2714413811238064e-08,5.270447733966489e-08,5.269454577190911e-08,5.268461910504705e-08,5.2674697334932815e-08,5.2664780457598986e-08,5.265486846929393e-08,5.2644961366074726e-08,5.26350591440079e-08,5.262516179944389e-08,5.261526932846673e-08,5.2605381727256016e-08,5.25954989918455e-08,5.2585621118264474e-08,5.257574810317443e-08,5.2565879942767026e-08,5.255601663302371e-08,5.2546158170050656e-08,5.2536304550006894e-08,5.252645576944584e-08,5.25166118244673e-08,5.250677271145448e-08,5.2496938426276236e-08,5.248710896525466e-08,5.247728432463632e-08,5.246746450041985e-08,5.245764948931416e-08,5.244783928744881e-08,5.2438033890829345e-08,5.242823329583283e-08,5.241843749869893e-08,5.240864649565165e-08,5.239886028298867e-08,5.2389078857066005e-08,5.237930221395477e-08,5.236953035002299e-08,5.2359763261513714e-08,5.2350000944887165e-08,5.23402433960829e-08,5.233049061159583e-08,5.232074258781419e-08,5.231099932084547e-08,5.2301260806949644e-08,5.22915270427796e-08,5.228179802437768e-08,5.22720737477323e-08,5.226235420964392e-08,5.225263940680746e-08,5.2242929334563436e-08,5.2233223990188064e-08,5.222352336935829e-08,5.221382746850344e-08,5.220413628409763e-08,5.219444981275591e-08,5.218476805037832e-08,5.217509099348097e-08,5.216541863823736e-08,5.2155750981234915e-08,5.214608801863254e-08,5.213642974706262e-08,5.212677616258037e-08,5.211712726190883e-08,5.210748304134395e-08,5.209784349717288e-08,5.208820862581314e-08,5.207857842404549e-08,5.20689528871916e-08,5.205933201142807e-08,5.204971579518898e-08,5.2040104233651956e-08,5.203049732315837e-08,5.202089506080294e-08,5.201129744204055e-08,5.2001704463681204e-08,5.1992116122196385e-08,5.198253241398679e-08,5.197295333549933e-08,5.1963378883168645e-08,5.195380905406116e-08,5.194424384336036e-08,5.193468324814403e-08,5.1925127264862776e-08,5.191557588997234e-08,5.1906029119928776e-08,5.1896486951197274e-08,5.188694938023892e-08,5.1877416403525856e-08,5.186788801750471e-08,5.185836421869601e-08,5.184884500356043e-08,5.183933036862068e-08,5.182982031034436e-08,5.182031482514764e-08,5.181081390958229e-08,5.1801317560188224e-08,5.179182577258445e-08,5.1782338543326474e-08,5.177285587125511e-08,5.1763377751426204e-08,5.175390418076507e-08,5.174443515491344e-08,5.173497067042579e-08,5.172551072461448e-08,5.171605531325911e-08,5.170660443339993e-08,5.169715808138814e-08,5.168771625413261e-08,5.1678278947477334e-08,5.1668846158327155e-08,5.1659417883215796e-08,5.164999411866021e-08,5.1640574861327166e-08,5.163116010767505e-08,5.162174985439549e-08,5.1612344097966874e-08,5.160294283501077e-08,5.159354606139875e-08,5.158415377506157e-08,5.1574765971898843e-08,5.156538264855049e-08,5.1556003801618865e-08,5.154662942758966e-08,5.153725952328516e-08,5.1527894084156954e-08,5.151853310875758e-08,5.150917659268974e-08,5.149982453287662e-08,5.149047692549211e-08,5.14811337672024e-08,5.147179505485216e-08,5.146246078507098e-08,5.145313095448254e-08,5.144380555960666e-08,5.143448459717324e-08,5.142516806358454e-08,5.1415855955892e-08,5.140654827058122e-08,5.139724500428428e-08,5.13879461536167e-08,5.1378651715326356e-08,5.1369361685970705e-08,5.136007606231866e-08,5.135079484094356e-08,5.134151801838731e-08,5.1332245591642887e-08,5.132297755734058e-08,5.131371391207294e-08,5.1304454652489503e-08,5.1295199775338204e-08,5.128594927713552e-08,5.127670315493021e-08,5.126746140519496e-08,5.125822402469782e-08,5.124899101010891e-08,5.123976235817115e-08,5.123053806562167e-08,5.1221318129088815e-08,5.1212102545385266e-08,5.120289131115124e-08,5.11936844232143e-08,5.11844818782015e-08,5.1175283672953873e-08,5.1166089804158775e-08,5.1156900268547456e-08,5.1147715062661116e-08,5.113853418367843e-08,5.1129357628122396e-08,5.112018539278447e-08,5.1111017474402477e-08,5.1101853869735785e-08,5.10926945755457e-08,5.108353958861251e-08,5.1074388905699716e-08,5.106524252357053e-08,5.105610043904204e-08,5.104696264886592e-08,5.1037829149839134e-08,5.102869993870742e-08,5.1019575012394815e-08,5.101045436755224e-08,5.100133800102834e-08,5.099222590962995e-08,5.0983118090148484e-08,5.097401453941563e-08,5.0964915254191057e-08,5.095582023120892e-08,5.0946729467546804e-08,5.093764295988812e-08,5.0928560705079415e-08,5.091948269992919e-08,5.0910408941244427e-08,5.090133942590613e-08,5.089227415050733e-08,5.0883213112332945e-08,5.0874156307969116e-08,5.0865103734332496e-08,5.085605538824289e-08,5.084701126626355e-08,5.083797136582322e-08,5.082893568347515e-08,5.0819904215909304e-08,5.081087696050384e-08,5.0801853913729423e-08,5.0792835072548604e-08,5.078382043388256e-08,5.077480999450968e-08,5.0765803751366385e-08,5.075680170133862e-08,5.0747803841303854e-08,5.0738810168175256e-08,5.072982067884378e-08,5.072083537020585e-08,5.071185423915867e-08,5.0702877282610536e-08,5.0693904497466334e-08,5.0684935880636315e-08,5.0675971428756336e-08,5.066701113930137e-08,5.065805500891277e-08,5.064910303453724e-08,5.0640155213068016e-08,5.0631211541445056e-08,5.0622272016628185e-08,5.061333663550383e-08,5.0604405395072294e-08,5.0595478292300586e-08,5.058655532401225e-08,5.057763648723737e-08,5.056872177896454e-08,5.055981119604091e-08,5.055090473548074e-08,5.054200239392609e-08,5.053310416898067e-08,5.052421005728172e-08,5.0515320055815423e-08,5.05064341615525e-08,5.049755237147014e-08,5.048867468316902e-08,5.0479801092372826e-08,5.0470931596695646e-08,5.046206619294226e-08,5.045320487848123e-08,5.0444347650123595e-08,5.043549450486612e-08,5.042664543970831e-08,5.041780045165561e-08,5.0408959537326476e-08,5.040012269452215e-08,5.0391289919831e-08,5.038246121028679e-08,5.037363656289457e-08,5.036481597470622e-08,5.0355999443046864e-08,5.034718696436166e-08,5.033837853584016e-08,5.032957415468511e-08,5.032077381786411e-08,5.0311977522500555e-08,5.0303185265357456e-08,5.0294397043824166e-08,5.02856128546747e-08,5.0276832695110805e-08,5.0268056562332774e-08,5.0259284453564284e-08,5.025051636521557e-08,5.0241752294722084e-08,5.023299223907222e-08,5.0224236195622844e-08,5.02154841609301e-08,5.020673613232183e-08,5.0197992106869725e-08,5.01892520815931e-08,5.018051605375695e-08,5.017178402041474e-08,5.016305597775926e-08,5.0154331924452635e-08,5.014561185557898e-08,5.013689577080069e-08,5.012818366591371e-08,5.0119475538049e-08,5.011077138443985e-08,5.010207120207573e-08,5.0093374987844714e-08,5.0084682739133496e-08,5.00759944529801e-08,5.0067310126992514e-08,5.005862975743762e-08,5.0049953341729205e-08,5.004128087717678e-08,5.0032612360757563e-08,5.002394778970942e-08,5.001528716116578e-08,5.000663047227905e-08,4.999797772017076e-08,4.99893289030247e-08,4.998068401588713e-08,4.9972043056991245e-08,4.9963406023633946e-08,4.995477291282145e-08,4.994614372144822e-08,4.993751844706326e-08,4.992889708667141e-08,4.992027963765368e-08,4.9911666097031955e-08,4.990305646181495e-08,4.989445072938684e-08,4.988584889687952e-08,4.987725096287548e-08,4.986865692157446e-08,4.986006677203426e-08,4.985148051101896e-08,4.9842898135135166e-08,4.983431964350761e-08,4.9825745031644814e-08,4.981717429726571e-08,4.980860743736773e-08,4.980004444953026e-08,4.979148533078336e-08,4.9782930078338485e-08,4.9774378688568344e-08,4.976583116046347e-08,4.9757287489968997e-08,4.974874767501037e-08,4.974021171239341e-08,4.973167959953967e-08,4.972315133356488e-08,4.97146269117247e-08,4.970610633124736e-08,4.969758958872652e-08,4.968907668206906e-08,4.968056760914265e-08,4.9672062365667633e-08,4.9663560949408757e-08,4.965506335924306e-08,4.9646569591267073e-08,4.963807964285122e-08,4.9629593510909e-08,4.9621111192922875e-08,4.961263268611472e-08,4.960415798771455e-08,4.959568709504627e-08,4.9587220005422013e-08,4.957875671492918e-08,4.95702972231449e-08,4.9561841526140355e-08,4.9553389620898346e-08,4.954494150480869e-08,4.953649717618399e-08,4.952805663072905e-08,4.951961986746254e-08,4.9511186882092884e-08,4.950275767337974e-08,4.9494332237804155e-08,4.9485910572125646e-08,4.947749267500712e-08,4.946907854305822e-08,4.9460668173612454e-08,4.945226156388171e-08,4.9443858710986906e-08,4.943545961293401e-08,4.9427064266654075e-08,4.941867266943835e-08,4.941028481858867e-08,4.9401900710895915e-08,4.939352034504277e-08,4.938514371769532e-08,4.9376770826044337e-08,4.936840166750913e-08,4.93600362395598e-08,4.935167453875821e-08,4.93433165638706e-08,4.933496231154215e-08,4.932661177912363e-08,4.9318264963974233e-08,4.93099218633929e-08,4.9301582474875965e-08,4.92932467957864e-08,4.928491482350463e-08,4.927658655527162e-08,4.926826198766822e-08,4.925994111974099e-08,4.925162394809776e-08,4.9243310468990105e-08,4.923500068084081e-08,4.922669458222509e-08,4.921839216880254e-08,4.9210093440210416e-08,4.920179839122015e-08,4.919350702013054e-08,4.918521932332905e-08,4.917693529953833e-08,4.916865494704042e-08,4.916037826224086e-08,4.9152105241780737e-08,4.914383588446948e-08,4.913557018704896e-08,4.9127308145659e-08,4.911904976025702e-08,4.911079502693022e-08,4.910254394320312e-08,4.9094296506064186e-08,4.9086052713716457e-08,4.907781256319799e-08,4.906957605185676e-08,4.906134317741775e-08,4.905311393712366e-08,4.904488832843849e-08,4.90366663489612e-08,4.902844799597746e-08,4.902023326696832e-08,4.901202215902806e-08,4.9003814670350464e-08,4.899561079801583e-08,4.8987410539499715e-08,4.897921389212577e-08,4.8971020852389864e-08,4.896283141974783e-08,4.8954645591096264e-08,4.894646336360689e-08,4.893828473465352e-08,4.893010970173167e-08,4.892193826260076e-08,4.891377041450485e-08,4.8905606155070505e-08,4.889744548156999e-08,4.88892883915645e-08,4.888113488266222e-08,4.887298495219577e-08,4.886483859836319e-08,4.885669581754737e-08,4.884855660784466e-08,4.88404209664978e-08,4.883228889133492e-08,4.882416037959544e-08,4.8816035429017e-08,4.880791403713907e-08,4.8799796201317406e-08,4.879168191912249e-08,4.878357118799204e-08,4.877546400543266e-08,4.876736036922665e-08,4.875926027526658e-08,4.875116372396097e-08,4.874307071135712e-08,4.873498123522725e-08,4.872689529293501e-08,4.871881288195709e-08,4.871073400003669e-08,4.870265864447766e-08,4.8694586813104123e-08,4.868651850284107e-08,4.8678453712054875e-08,4.867039243800989e-08,4.8662334678279873e-08,4.865428043066269e-08,4.8646229692126425e-08,4.8638182460082694e-08,4.8630138732817255e-08,4.8622098507759335e-08,4.861406178234825e-08,4.8606028554164597e-08,4.8597998820433905e-08,4.858997257995757e-08,4.858194982895556e-08,4.857393056654737e-08,4.856591478846489e-08,4.855790249290423e-08,4.8549893678438415e-08,4.8541888341189665e-08,4.8533886479397705e-08,4.8525888090512264e-08,4.851789317230194e-08,4.8509901722405126e-08,4.8501913738622956e-08,4.8493929218039295e-08,4.848594815876275e-08,4.8477970558319924e-08,4.8469996414114284e-08,4.8462025724663195e-08,4.8454058486054237e-08,4.8446094696704054e-08,4.843813435406285e-08,4.843017745566426e-08,4.842222399940805e-08,4.8414273982778365e-08,4.8406327403533086e-08,4.839838425883349e-08,4.8390444547006255e-08,4.838250826546255e-08,4.8374575411320445e-08,4.8366645983041387e-08,4.835871997808823e-08,4.835079739391952e-08,4.8342878228025e-08,4.8334962478116347e-08,4.832705014217125e-08,4.8319141217864245e-08,4.831123570197389e-08,4.830333359339612e-08,4.829543488923487e-08,4.828753958710872e-08,4.8279647683791245e-08,4.82717591787087e-08,4.826387406882672e-08,4.825599235139377e-08,4.824811402431058e-08,4.824023908531607e-08,4.823236753199796e-08,4.8224499362115974e-08,4.821663457348495e-08,4.820877316361865e-08,4.8200915130163876e-08,4.819306047081524e-08,4.818520918346042e-08,4.817736126567834e-08,4.816951671511837e-08,4.816167552925442e-08,4.8153837706298185e-08,4.814600324375104e-08,4.813817213935122e-08,4.813034439065159e-08,4.8122519995324e-08,4.811469895148237e-08,4.8106881256438305e-08,4.809906690768458e-08,4.809125590370444e-08,4.8083448241565047e-08,4.807564391919088e-08,4.806784293434448e-08,4.8060045284923725e-08,4.8052250968449846e-08,4.8044459983298176e-08,4.803667232584261e-08,4.802888799438643e-08,4.8021106986710624e-08,4.801332930123402e-08,4.8005554934656676e-08,4.7997783885643685e-08,4.7990016151500717e-08,4.798225173051709e-08,4.797449061940993e-08,4.796673281625551e-08,4.7958978318256396e-08,4.7951227124813415e-08,4.794347923269356e-08,4.793573464003643e-08,4.7927993344207315e-08,4.7920255342772357e-08,4.791252063399419e-08,4.79047892146805e-08,4.789706108411664e-08,4.788933623932284e-08,4.7881614677894623e-08,4.787389639793323e-08,4.786618139709151e-08,4.7858469672836146e-08,4.785076122365893e-08,4.784305604686443e-08,4.78353541403662e-08,4.7827655501721724e-08,4.781996012908233e-08,4.781226801986902e-08,4.780457917187433e-08,4.779689358342617e-08,4.7789211252692245e-08,4.778153217604609e-08,4.777385635204927e-08,4.776618377846429e-08,4.775851445313765e-08,4.7750848373835404e-08,4.7743185538362014e-08,4.773552594455883e-08,4.772786958956389e-08,4.77202164725195e-08,4.771256659018447e-08,4.7704919941262815e-08,4.7697276523188934e-08,4.768963633363392e-08,4.7681999370387423e-08,4.76743656315662e-08,4.766673511477789e-08,4.765910781720445e-08,4.765148373809083e-08,4.7643862874465236e-08,4.763624522377672e-08,4.762863078435571e-08,4.76210195545522e-08,4.761341153181562e-08,4.7605806713955866e-08,4.7598205098669766e-08,4.7590606683963275e-08,4.7583011467630396e-08,4.757541944685094e-08,4.7567830620718864e-08,4.756024498588376e-08,4.755266254162423e-08,4.75450832843889e-08,4.753750721334299e-08,4.7529934325648085e-08,4.752236461928983e-08,4.7514798091949735e-08,4.750723474176484e-08,4.749967456641922e-08,4.749211756317624e-08,4.748456373132448e-08,4.747701306795648e-08,4.746946557103452e-08,4.746192123842424e-08,4.745438006735826e-08,4.744684205705448e-08,4.743930720461916e-08,4.7431775508912875e-08,4.742424696561135e-08,4.7416721575227884e-08,4.7409199333693446e-08,4.74016802396796e-08,4.739416429094554e-08,4.738665148550456e-08,4.737914182124043e-08,4.737163529606136e-08,4.736413190714295e-08,4.7356631653202087e-08,4.7349134533590555e-08,4.734164054387373e-08,4.7334149682805074e-08,4.732666194833228e-08,4.73191773388965e-08,4.7311695851337356e-08,4.730421748412573e-08,4.7296742235189935e-08,4.728927010244596e-08,4.728180108384672e-08,4.7274335177324926e-08,4.726687238080831e-08,4.7259412692232196e-08,4.725195611014136e-08,4.7244502631264516e-08,4.72370522541423e-08,4.722960497608161e-08,4.7222160796325746e-08,4.721471971222789e-08,4.7207281722312786e-08,4.719984682318556e-08,4.7192415013582895e-08,4.7184986291392414e-08,4.717756065391619e-08,4.7170138099007937e-08,4.716271862747353e-08,4.715530223455715e-08,4.714788891890797e-08,4.7140478678397605e-08,4.713307151105248e-08,4.712566741483697e-08,4.711826638830934e-08,4.7110868428276536e-08,4.710347353366602e-08,4.7096081701718764e-08,4.708869293107496e-08,4.708130721913762e-08,4.707392456416908e-08,4.7066544964169776e-08,4.705916841710154e-08,4.705179492179739e-08,4.704442447458754e-08,4.703705707432593e-08,4.702969271898177e-08,4.7022331406838076e-08,4.701497313531892e-08,4.700761790270723e-08,4.700026570486722e-08,4.699291654408445e-08,4.698557041621881e-08,4.6978227319281845e-08,4.697088725128558e-08,4.6963550210558135e-08,4.6956216194747496e-08,4.694888520164053e-08,4.69415572295149e-08,4.693423227639935e-08,4.692691034061701e-08,4.691959141944178e-08,4.6912275511471556e-08,4.690496261461834e-08,4.6897652726892205e-08,4.689034584631175e-08,4.688304197126548e-08,4.687574109941123e-08,4.686844322902017e-08,4.686114835724418e-08,4.685385648291533e-08,4.684656760440789e-08,4.683928171884198e-08,4.68319988247051e-08,4.682471892007097e-08,4.6817442002987303e-08,4.681016807148367e-08,4.6802897123608546e-08,4.679562915741498e-08,4.678836417096025e-08,4.678110216230339e-08,4.677384312950782e-08,4.676658707059721e-08,4.6759333983530565e-08,4.67520838666252e-08,4.674483671781626e-08,4.6737592535159605e-08,4.6730351315113804e-08,4.6723113058990465e-08,4.671587776323155e-08,4.670864542462194e-08,4.6701416043837644e-08,4.669418961761016e-08,4.6686966144181335e-08,4.667974562138538e-08,4.667252804740678e-08,4.666531342035988e-08,4.665810173829491e-08,4.665089299929021e-08,4.664368720145547e-08,4.66364843429293e-08,4.662928442170424e-08,4.662208743366611e-08,4.661489338155115e-08,4.660770226110028e-08,4.66005140702366e-08,4.659332880561001e-08,4.658614646848194e-08,4.657896705538222e-08,4.6571790564452785e-08,4.6564616993800494e-08,4.6557446340349876e-08,4.6550278604549906e-08,4.654311378327688e-08,4.6535951874638176e-08,4.6528792876845866e-08,4.6521636787954564e-08,4.6514483606132165e-08,4.6507333329309493e-08,4.650018595473594e-08,4.649304148271962e-08,4.6485899910252443e-08,4.6478761235381564e-08,4.647162545636874e-08,4.646449257126742e-08,4.645736257818894e-08,4.645023547530219e-08,4.64431112610647e-08,4.643598993298659e-08,4.642887148942919e-08,4.64217559286258e-08,4.641464324870649e-08,4.64075334477868e-08,4.6400426523954016e-08,4.6393322475764544e-08,4.63862213006995e-08,4.6379122997277336e-08,4.6372027563116727e-08,4.6364934997339186e-08,4.635784529762093e-08,4.6350758460918515e-08,4.6343674487854155e-08,4.633659337526385e-08,4.632951512138758e-08,4.6322439724337565e-08,4.631536718218116e-08,4.6308297492699245e-08,4.63012306552143e-08,4.629416666724576e-08,4.628710552694443e-08,4.628004723259707e-08,4.627299178231703e-08,4.6265939174196894e-08,4.625888940634531e-08,4.625184247723468e-08,4.624479838488622e-08,4.623775712732791e-08,4.62307187029503e-08,4.622368311013234e-08,4.621665034663297e-08,4.620962041073505e-08,4.620259330073274e-08,4.619556901473117e-08,4.618854755102394e-08,4.618152890773041e-08,4.617451308313426e-08,4.616750007531615e-08,4.616048988258968e-08,4.615348250316435e-08,4.614647793514646e-08,4.613947617657019e-08,4.6132477226127955e-08,4.6125481081580545e-08,4.6118487741410794e-08,4.611149720370388e-08,4.610450946671575e-08,4.609752452861687e-08,4.609054238769643e-08,4.608356304184369e-08,4.60765864897962e-08,4.606961272941856e-08,4.606264175912555e-08,4.6055673577077986e-08,4.6048708181575664e-08,4.60417455708967e-08,4.603478574284963e-08,4.602782869603363e-08,4.602087442856266e-08,4.6013922939176784e-08,4.6006974225099715e-08,4.60000282851137e-08,4.599308511716652e-08,4.598614472002765e-08,4.59792070917121e-08,4.597227223034486e-08,4.596534013422953e-08,4.5958410801994656e-08,4.595148423122094e-08,4.5944560420795206e-08,4.593763936821714e-08,4.593072107212504e-08,4.592380553083573e-08,4.5916892742469905e-08,4.590998270508438e-08,4.590307541866454e-08,4.589617087974422e-08,4.588926908609939e-08,4.588237003675961e-08,4.5875473730072184e-08,4.586858016428695e-08,4.586168933727623e-08,4.585480124831121e-08,4.584791589444555e-08,4.5841033274463365e-08,4.583415338667226e-08,4.582727622950834e-08,4.582040180090008e-08,4.581353009832727e-08,4.58066611219724e-08,4.579979486858649e-08,4.579293133769546e-08,4.5786070526934716e-08,4.577921243461305e-08,4.577235705895032e-08,4.576550439823985e-08,4.5758654450801954e-08,4.575180721487871e-08,4.574496268946425e-08,4.573812087165395e-08,4.573128176028156e-08,4.572444535431079e-08,4.5717611650937367e-08,4.571078064934834e-08,4.570395234663535e-08,4.569712674206138e-08,4.569030383407398e-08,4.568348362007166e-08,4.5676666098915137e-08,4.566985126815126e-08,4.566303912754483e-08,4.565622967527415e-08,4.5649422908589475e-08,4.5642618826279685e-08,4.5635817427053105e-08,4.5629018708364625e-08,4.562222266927508e-08,4.561542930834172e-08,4.560863862286981e-08,4.56018506113209e-08,4.559506527278664e-08,4.558828260528511e-08,4.5581502606990405e-08,4.5574725276269554e-08,4.55679506114539e-08,4.5561178610984655e-08,4.555440927311672e-08,4.554764259640333e-08,4.554087857792897e-08,4.553411721813673e-08,4.5527358514015574e-08,4.5520602464035e-08,4.551384906736786e-08,4.550709832115999e-08,4.550035022292297e-08,4.549360477355685e-08,4.5486861970679476e-08,4.5480121811712166e-08,4.547338429557548e-08,4.546664942097015e-08,4.545991718524917e-08,4.5453187587210183e-08,4.544646062536093e-08,4.543973629715141e-08,4.543301460267039e-08,4.5426295539279994e-08,4.5419579105590036e-08,4.541286530034011e-08,4.540615411932889e-08,4.539944556434866e-08,4.539273963239243e-08,4.538603632179864e-08,4.5379335631077037e-08,4.537263755831608e-08,4.536594210204558e-08,4.5359249259436556e-08,4.53525590310743e-08,4.534587141454105e-08,4.533918640866135e-08,4.5332504010574426e-08,4.532582421936937e-08,4.531914703306411e-08,4.5312472450747935e-08,4.5305800469851186e-08,4.5299131089139815e-08,4.5292464307294145e-08,4.528580012240294e-08,4.5279138533452796e-08,4.5272479538260414e-08,4.526582313485428e-08,4.525916932210204e-08,4.525251809836129e-08,4.52458694622917e-08,4.523922341178784e-08,4.523257994485597e-08,4.522593906117138e-08,4.521930075892263e-08,4.5212665036343224e-08,4.520603189092929e-08,4.51994013220692e-08,4.51927733269572e-08,4.518614790552556e-08,4.5179525055582284e-08,4.517290477541191e-08,4.516628706352321e-08,4.515967191833132e-08,4.515305933753879e-08,4.514644932172388e-08,4.513984186799766e-08,4.513323697443427e-08,4.512663463902905e-08,4.512003486081436e-08,4.511343763812097e-08,4.510684297006196e-08,4.510025085398784e-08,4.509366128976201e-08,4.5087074274556197e-08,4.508048980635589e-08,4.5073907884517726e-08,4.5067328507223626e-08,4.50607516731002e-08,4.5054177380686525e-08,4.5047605627984083e-08,4.504103641366603e-08,4.5034469736192795e-08,4.5027905593911535e-08,4.502134398540621e-08,4.50147849087111e-08,4.500822836370958e-08,4.500167434699128e-08,4.499512285775634e-08,4.4988573894467335e-08,4.4982027456133036e-08,4.4975483540061155e-08,4.4968942145284096e-08,4.496240327002854e-08,4.4955866913195755e-08,4.4949333072393317e-08,4.494280174774856e-08,4.493627293634989e-08,4.492974663640843e-08,4.492322284744293e-08,4.491670156743631e-08,4.491018279485265e-08,4.490366652815717e-08,4.489715276581078e-08,4.489064150607099e-08,4.488413274784879e-08,4.487762648860708e-08,4.48711227281037e-08,4.4864621464597486e-08,4.4858122696412936e-08,4.485162642121068e-08,4.484513263869596e-08,4.483864134628289e-08,4.4832152543620646e-08,4.482566622839133e-08,4.481918239920267e-08,4.48127010541828e-08,4.480622219258142e-08,4.479974581192667e-08,4.479327191184384e-08,4.478680048970678e-08,4.478033154511058e-08,4.477386507556553e-08,4.476740107975475e-08,4.476093955702514e-08,4.475448050525973e-08,4.474802392293869e-08,4.474156980856539e-08,4.4735118160254214e-08,4.472866897727838e-08,4.4722222257743576e-08,4.471577800014911e-08,4.470933620246694e-08,4.470289686429348e-08,4.469645998361445e-08,4.4690025558523834e-08,4.468359358827048e-08,4.4677164070913337e-08,4.467073700557623e-08,4.466431239032375e-08,4.465789022304819e-08,4.465147050296251e-08,4.4645053228340377e-08,4.4638638396974866e-08,4.46322260086555e-08,4.4625816061831995e-08,4.461940855464692e-08,4.461300348562098e-08,4.460660085328275e-08,4.4600200656046235e-08,4.459380289264566e-08,4.458740756141895e-08,4.458101466107869e-08,4.457462419004975e-08,4.456823614597393e-08,4.456185052917747e-08,4.4555467337302195e-08,4.454908656892187e-08,4.454270822245518e-08,4.4536332296592526e-08,4.4529958789650616e-08,4.452358770038118e-08,4.451721902726289e-08,4.45108527687426e-08,4.450448892355254e-08,4.44981274901394e-08,4.449176846711537e-08,4.4485411852876104e-08,4.4479057645962545e-08,4.4472705844587496e-08,4.4466356448201856e-08,4.446000945488182e-08,4.445366486316056e-08,4.4447322671615274e-08,4.444098287847648e-08,4.44346454829963e-08,4.442831048293498e-08,4.442197787768249e-08,4.441564766528114e-08,4.44093198447795e-08,4.440299441408014e-08,4.439667137202692e-08,4.439035071719154e-08,4.4384032448128484e-08,4.437771656355885e-08,4.437140306242421e-08,4.436509194211726e-08,4.4358783201803205e-08,4.4352476840110576e-08,4.4346172855645996e-08,4.433987124697093e-08,4.433357201258782e-08,4.432727515070373e-08,4.432098066076566e-08,4.4314688540435955e-08,4.4308398788928416e-08,4.430211140494376e-08,4.429582638677989e-08,4.428954373302304e-08,4.42832634424559e-08,4.4276985513369807e-08,4.427070994438047e-08,4.426443673414567e-08,4.425816588120609e-08,4.425189738424097e-08,4.424563124207132e-08,4.4239367452803794e-08,4.4233106015205284e-08,4.4226846927928644e-08,4.4220590189503225e-08,4.4214335798600535e-08,4.4208083753675356e-08,4.420183405356704e-08,4.419558669673638e-08,4.418934168182695e-08,4.418309900735765e-08,4.417685867199707e-08,4.4170620674378394e-08,4.4164385012667356e-08,4.4158151686302155e-08,4.4151920693461425e-08,4.41456920327691e-08,4.413946570283207e-08,4.4133241702282113e-08,4.412702002970177e-08,4.4120800683674535e-08,4.411458366289832e-08,4.41083689663305e-08,4.4102156591910287e-08,4.4095946538500147e-08,4.4089738804844144e-08,4.4083533389375943e-08,4.4077330290759475e-08,4.4071129508115394e-08,4.4064931039375404e-08,4.405873488346635e-08,4.405254103933102e-08,4.40463495048103e-08,4.404016027901393e-08,4.403397336039554e-08,4.4027788747867406e-08,4.4021606439934674e-08,4.4015426435314164e-08,4.400924873250107e-08,4.4003073330303244e-08,4.3996900226998485e-08,4.399072942172364e-08,4.398456091270423e-08,4.397839469860414e-08,4.397223077848969e-08,4.396606915039103e-08,4.395990981355935e-08,4.395375276669791e-08,4.394759800746468e-08,4.3941445535199147e-08,4.393529534843766e-08,4.392914744579698e-08,4.392300182606383e-08,4.3916858487869745e-08,4.3910717429616885e-08,4.3904578650354596e-08,4.389844214860428e-08,4.3892307923333565e-08,4.388617597254444e-08,4.388004629515659e-08,4.387391888982878e-08,4.386779375563866e-08,4.386167089015259e-08,4.385555029296856e-08,4.38494319627278e-08,4.384331589815797e-08,4.383720209729109e-08,4.383109055934664e-08,4.3824981282534385e-08,4.381887426588035e-08,4.381276950787648e-08,4.380666700739998e-08,4.3800566762964236e-08,4.3794468773498786e-08,4.3788373037131626e-08,4.378227955300188e-08,4.377618831968831e-08,4.37700993358926e-08,4.376401260024032e-08,4.375792811135681e-08,4.375184586805134e-08,4.3745765869154346e-08,4.373968811277437e-08,4.37336125981481e-08,4.372753932375716e-08,4.3721468288433276e-08,4.371539949048835e-08,4.3709332928847156e-08,4.3703268602105877e-08,4.3697206509072595e-08,4.369114664839799e-08,4.368508901875513e-08,4.367903361884218e-08,4.36729804474506e-08,4.366692950317413e-08,4.3660880784826184e-08,4.3654834290858676e-08,4.364879001956556e-08,4.3642747970766724e-08,4.363670814279115e-08,4.363067053417357e-08,4.362463514341106e-08,4.361860196937646e-08,4.361257101072784e-08,4.360654226666163e-08,4.360051573436127e-08,4.3594491414719164e-08,4.358846930497269e-08,4.358244940414397e-08,4.3576431711095086e-08,4.357041622443363e-08,4.356440294285225e-08,4.355839186463263e-08,4.355238298940798e-08,4.354637631547428e-08,4.354037184180702e-08,4.353436956670582e-08,4.35283694889168e-08,4.352237160692372e-08,4.3516375920244984e-08,4.351038242681743e-08,4.350439112625818e-08,4.349840201641216e-08,4.3492415095636306e-08,4.348643036413862e-08,4.3480447819687286e-08,4.3474467461144426e-08,4.3468489287412437e-08,4.346251329681971e-08,4.3456539488185704e-08,4.3450567860088723e-08,4.344459841129894e-08,4.34386311419427e-08,4.343266604959523e-08,4.342670313290876e-08,4.342074239079397e-08,4.341478382215859e-08,4.340882742547692e-08,4.340287319882753e-08,4.339692114225386e-08,4.339097125358174e-08,4.338502353215263e-08,4.337907797653085e-08,4.3373134585436176e-08,4.3367193357668555e-08,4.3361254291459215e-08,4.335531738620745e-08,4.3349382640435155e-08,4.3343450052320707e-08,4.333751962170787e-08,4.333159134684097e-08,4.33256652259133e-08,4.331974125869908e-08,4.3313819442973686e-08,4.330789977873151e-08,4.3301982263780936e-08,4.329606689677038e-08,4.329015367717338e-08,4.3284242602773656e-08,4.327833367288297e-08,4.327242688645428e-08,4.326652224271265e-08,4.326061973895642e-08,4.325471937525114e-08,4.324882115036672e-08,4.3242925062146885e-08,4.323703111001537e-08,4.3231139292432275e-08,4.322524960847132e-08,4.3219362056986015e-08,4.3213476636224225e-08,4.320759334469044e-08,4.3201712182257144e-08,4.319583314685316e-08,4.318995623752641e-08,4.318408145313471e-08,4.317820879272306e-08,4.3172338254282745e-08,4.316646983724877e-08,4.316060354011338e-08,4.31547393615637e-08,4.314887730071742e-08,4.3143017355853814e-08,4.313715952645116e-08,4.3131303811175506e-08,4.3125450208396636e-08,4.311959871687906e-08,4.311374933600062e-08,4.31079020637756e-08,4.310205689934007e-08,4.3096213840998164e-08,4.3090372888904886e-08,4.3084534041091906e-08,4.3078697295718185e-08,4.307286265246629e-08,4.306703011006645e-08,4.30611996670063e-08,4.305537132165073e-08,4.304954507293683e-08,4.3043720920425376e-08,4.303789886244371e-08,4.303207889805274e-08,4.302626102619904e-08,4.3020445243889476e-08,4.3014631552363615e-08,4.300881994918811e-08,4.3003010433630406e-08,4.299720300422836e-08,4.299139765999307e-08,4.298559439985971e-08,4.2979793222111456e-08,4.2973994126072235e-08,4.2968197109972846e-08,4.296240217333457e-08,4.2956609313998505e-08,4.295081853166755e-08,4.294502982499732e-08,4.293924319278041e-08,4.293345863367966e-08,4.2927676146315586e-08,4.292189572982958e-08,4.291611738246288e-08,4.291034110439288e-08,4.290456689301998e-08,4.289879474834823e-08,4.289302466828872e-08,4.288725665171809e-08,4.288149069828092e-08,4.287572680599947e-08,4.2869964973871527e-08,4.2864205200655575e-08,4.2858447484767874e-08,4.2852691826509105e-08,4.284693822352217e-08,4.284118667468301e-08,4.283543717955124e-08,4.282968973595504e-08,4.2823944343159995e-08,4.281820100045242e-08,4.281245970594837e-08,4.280672045933712e-08,4.280098325886805e-08,4.279524810339559e-08,4.2789514991099407e-08,4.278378392216976e-08,4.277805489508366e-08,4.277232790754526e-08,4.2766602959682394e-08,4.2760880050041035e-08,4.275515917725234e-08,4.274944034017055e-08,4.274372353794917e-08,4.2738008769267816e-08,4.273229603319956e-08,4.272658532800732e-08,4.2720876652919296e-08,4.271517000692114e-08,4.270946538877882e-08,4.270376279688591e-08,4.269806223078171e-08,4.2692363688783505e-08,4.268666716978522e-08,4.268097267301486e-08,4.2675280196964317e-08,4.2669589740377386e-08,4.2663901302887536e-08,4.265821488305798e-08,4.2652530479433665e-08,4.264684809113319e-08,4.2641167716981806e-08,4.263548935535783e-08,4.2629813005709864e-08,4.262413866691942e-08,4.2618466337636274e-08,4.261279601671277e-08,4.2607127702440906e-08,4.260146139462275e-08,4.2595797091900664e-08,4.2590134792973474e-08,4.2584474497118275e-08,4.257881620292596e-08,4.257315990920729e-08,4.256750561485628e-08,4.2561853318544544e-08,4.255620301949045e-08,4.2550554716375824e-08,4.2544908408210845e-08,4.253926409420227e-08,4.253362177241468e-08,4.252798144218627e-08,4.252234310225043e-08,4.25167067518799e-08,4.251107238953277e-08,4.25054400144032e-08,4.2499809625071304e-08,4.249418122055346e-08,4.248855479987998e-08,4.2482930361852576e-08,4.2477307905298596e-08,4.2471687429126314e-08,4.246606893191592e-08,4.246045241318023e-08,4.245483787148426e-08,4.244922530564346e-08,4.244361471506969e-08,4.2438006097784555e-08,4.243239945309583e-08,4.242679477991215e-08,4.242119207730788e-08,4.241559134421902e-08,4.240999257957754e-08,4.2404395781655044e-08,4.239880094975161e-08,4.2393208082577336e-08,4.238761717947787e-08,4.238202823916012e-08,4.237644126042075e-08,4.2370856242393284e-08,4.236527318382857e-08,4.235969208363413e-08,4.235411294054379e-08,4.234853575362264e-08,4.234296052190334e-08,4.2337387244009405e-08,4.233181591924685e-08,4.2326246546224704e-08,4.2320679123775574e-08,4.231511365141357e-08,4.2309550127270865e-08,4.2303988550568844e-08,4.22984289204012e-08,4.2292871235358575e-08,4.228731549458815e-08,4.22817616971036e-08,4.227620984162225e-08,4.227065992715658e-08,4.2265111952254206e-08,4.225956591615844e-08,4.225402181810663e-08,4.224847965665235e-08,4.2242939430653123e-08,4.223740113910638e-08,4.223186478138012e-08,4.222633035580503e-08,4.222079786146811e-08,4.22152672972637e-08,4.220973866221895e-08,4.2204211955258985e-08,4.219868717568395e-08,4.219316432201243e-08,4.2187643392901e-08,4.218212438778983e-08,4.2176607305385306e-08,4.2171092144717714e-08,4.216557890458524e-08,4.216006758432489e-08,4.215455818230282e-08,4.2149050697830766e-08,4.214354512954247e-08,4.2138041476723596e-08,4.213253973807681e-08,4.212703991273519e-08,4.212154199847508e-08,4.2116045996448655e-08,4.211055190326898e-08,4.210505971985973e-08,4.209956944472043e-08,4.20940810760082e-08,4.208859461344194e-08,4.2083110055464964e-08,4.207762740118475e-08,4.207214664921542e-08,4.206666779771464e-08,4.20611908483241e-08,4.205571579845462e-08,4.205024264700981e-08,4.204477139268619e-08,4.2039302035038637e-08,4.203383457257177e-08,4.2028369004190834e-08,4.2022905329772715e-08,4.201744354699907e-08,4.2011983655334314e-08,4.200652565386437e-08,4.200106954118422e-08,4.1995615316647254e-08,4.199016297956328e-08,4.1984712527818016e-08,4.1979263961279854e-08,4.1973817278493124e-08,4.1968372478608835e-08,4.196292956033219e-08,4.1957488522928436e-08,4.195204936527423e-08,4.194661208642384e-08,4.1941176685139866e-08,4.193574316056294e-08,4.193031151142658e-08,4.192488173702913e-08,4.191945383589323e-08,4.191402780755931e-08,4.19086036505226e-08,4.1903181364153966e-08,4.1897760947358705e-08,4.189234239882448e-08,4.1886925717441144e-08,4.188151090265403e-08,4.1876097953140075e-08,4.1870686867922656e-08,4.186527764604919e-08,4.18598702865058e-08,4.185446478812818e-08,4.1849061150085486e-08,4.184365937117279e-08,4.183825945036401e-08,4.183286138679533e-08,4.182746517936123e-08,4.1822070827213996e-08,4.181667832927993e-08,4.1811287684197155e-08,4.1805898891505914e-08,4.180051194992821e-08,4.1795126858332994e-08,4.1789743615655376e-08,4.178436222117251e-08,4.177898267384735e-08,4.1773604972593796e-08,4.176822911644742e-08,4.176285510436564e-08,4.175748293524273e-08,4.175211260809836e-08,4.174674412209211e-08,4.1741377476055586e-08,4.173601266880835e-08,4.173064969981006e-08,4.172528856785074e-08,4.171992927177846e-08,4.171457181074978e-08,4.170921618377404e-08,4.1703862389960294e-08,4.1698510428485306e-08,4.169316029768083e-08,4.1687811996860177e-08,4.1682465524888975e-08,4.1677120881239845e-08,4.1671778064624994e-08,4.166643707388894e-08,4.166109790839825e-08,4.165576056691701e-08,4.16504250485327e-08,4.164509135227101e-08,4.1639759476928426e-08,4.163442942180282e-08,4.1629101185883806e-08,4.162377476812753e-08,4.1618450167513795e-08,4.161312738275516e-08,4.160780641348978e-08,4.1602487258312866e-08,4.159716991646157e-08,4.1591854386681194e-08,4.158654066762987e-08,4.1581228759316095e-08,4.157591866004611e-08,4.1570610369489394e-08,4.15653038861996e-08,4.155999920862302e-08,4.1554696336777805e-08,4.154939526960701e-08,4.154409600567754e-08,4.15387985442533e-08,4.1533502884246764e-08,4.152820902498825e-08,4.152291696488098e-08,4.151762670311135e-08,4.151233823950696e-08,4.1507051572500154e-08,4.150176670098433e-08,4.1496483623984524e-08,4.149120234070579e-08,4.1485922850321136e-08,4.148064515180118e-08,4.147536924406934e-08,4.147009512615675e-08,4.146482279651255e-08,4.145955225528506e-08,4.145428350171672e-08,4.144901653275194e-08,4.1443751349195626e-08,4.1438487949793466e-08,4.143322633339699e-08,4.142796649942453e-08,4.1422708446565345e-08,4.141745217330145e-08,4.1412197679948823e-08,4.140694496473368e-08,4.1401694026568814e-08,4.139644486473794e-08,4.1391197478566194e-08,4.1385951867032e-08,4.138070802960656e-08,4.137546596415779e-08,4.13702256711002e-08,4.136498714765007e-08,4.135975039416212e-08,4.135451540901078e-08,4.134928219198721e-08,4.1344050741868307e-08,4.133882105765805e-08,4.133359313825755e-08,4.132836698300923e-08,4.132314259091123e-08,4.1317919960698195e-08,4.131269909188688e-08,4.1307479983319123e-08,4.130226263401017e-08,4.129704704302274e-08,4.1291833209372965e-08,4.128662113251677e-08,4.12814108109845e-08,4.1276202243939986e-08,4.1270995430525044e-08,4.1265790369880415e-08,4.126058706095192e-08,4.1255385502872835e-08,4.125018569439754e-08,4.1244987635124483e-08,4.123979132318094e-08,4.1234596758695896e-08,4.1229403940639754e-08,4.1224212867880136e-08,4.12190235401946e-08,4.12138359550341e-08,4.120865011234282e-08,4.120346601106785e-08,4.119828365041731e-08,4.1193103029222716e-08,4.118792414688724e-08,4.1182747002317245e-08,4.1177571594424494e-08,4.117239792262307e-08,4.116722598586636e-08,4.1162055783205014e-08,4.115688731355208e-08,4.1151720576419215e-08,4.1146555570351466e-08,4.114139229470379e-08,4.1136230748509045e-08,4.1131070930901175e-08,4.112591284076053e-08,4.112075647732073e-08,4.111560183909167e-08,4.1110448926232373e-08,4.110529773700141e-08,4.110014827118105e-08,4.109500052749681e-08,4.108985450501602e-08,4.1084710202748685e-08,4.107956761948243e-08,4.107442675492157e-08,4.1069287608004145e-08,4.10641501771753e-08,4.105901446190871e-08,4.1053880462012136e-08,4.104874817563163e-08,4.104361760277869e-08,4.1038488742011843e-08,4.1033361592514476e-08,4.102823615311077e-08,4.102311242269657e-08,4.101799040040872e-08,4.101287008624186e-08,4.100775147902398e-08,4.1002634577404264e-08,4.099751938056406e-08,4.0992405887702335e-08,4.0987294097757935e-08,4.0982184009887245e-08,4.09770756232877e-08,4.097196893707437e-08,4.0966863950316715e-08,4.0961760662006735e-08,4.095665907163799e-08,4.0951559177207766e-08,4.0946460977770804e-08,4.094136447457217e-08,4.09362696654818e-08,4.093117655027552e-08,4.0926085126622296e-08,4.092099539414795e-08,4.091590735241096e-08,4.091082099926216e-08,4.0905736335518695e-08,4.0900653359577565e-08,4.089557207050058e-08,4.089049246766754e-08,4.088541454969699e-08,4.0880338315758624e-08,4.087526376486046e-08,4.087019089699478e-08,4.086511971062521e-08,4.086005020464635e-08,4.0854982378738466e-08,4.0849916231712525e-08,4.084485176428052e-08,4.083978897234094e-08,4.08347278567256e-08,4.0829668416639766e-08,4.082461065060102e-08,4.081955455860873e-08,4.081450013907153e-08,4.080944739118873e-08,4.080439631464069e-08,4.079934690817406e-08,4.079429917085713e-08,4.0789253102064916e-08,4.0784208700649114e-08,4.077916596589101e-08,4.0774124896710455e-08,4.0769085492514226e-08,4.076404775213141e-08,4.0759011674563223e-08,4.075397725952123e-08,4.07489445058785e-08,4.074391341263298e-08,4.0738883978569326e-08,4.0733856203755026e-08,4.072883008658404e-08,4.07238056266365e-08,4.071878282273895e-08,4.071376167392094e-08,4.070874217973911e-08,4.070372433890263e-08,4.069870815076823e-08,4.0693693614273903e-08,4.068868072876419e-08,4.068366949375263e-08,4.0678659908447465e-08,4.0673651970585423e-08,4.066864568022047e-08,4.066364103649824e-08,4.065863803865544e-08,4.065363668569773e-08,4.064863697610235e-08,4.064363891008761e-08,4.0638642486331e-08,4.063364770403786e-08,4.062865456237911e-08,4.0623663060697106e-08,4.0618673197409406e-08,4.0613684972407847e-08,4.0608698384962405e-08,4.0603713433485696e-08,4.059873011761225e-08,4.059374843633951e-08,4.058876838877997e-08,4.0583789974176666e-08,4.057881319068232e-08,4.057383803924076e-08,4.056886451822311e-08,4.056389262664217e-08,4.055892236374746e-08,4.0553953729102795e-08,4.0548986720386576e-08,4.0544021338492186e-08,4.053905758167242e-08,4.0534095449406464e-08,4.052913494042391e-08,4.052417605459569e-08,4.051921879055313e-08,4.051426314750701e-08,4.050930912482161e-08,4.050435672146539e-08,4.0499405936910585e-08,4.049445676979851e-08,4.048950921952807e-08,4.0484563286180495e-08,4.047961896698265e-08,4.047467626213287e-08,4.046973517121612e-08,4.046479569246612e-08,4.0459857825134694e-08,4.04549215689894e-08,4.044998692333857e-08,4.044505388689753e-08,4.044012245911557e-08,4.043519263862421e-08,4.043026442509438e-08,4.042533781767251e-08,4.042041281508171e-08,4.041548941711609e-08,4.041056762255132e-08,4.0405647430692287e-08,4.0400728840693136e-08,4.0395811851690566e-08,4.0390896462746627e-08,4.038598267314231e-08,4.038107048216334e-08,4.037615988845761e-08,4.037125089194396e-08,4.036634349155119e-08,4.0361437686414216e-08,4.035653347561935e-08,4.0351630858272946e-08,4.034672983365485e-08,4.0341830401083266e-08,4.033693255983984e-08,4.0332036308642234e-08,4.0327141647256835e-08,4.032224857414586e-08,4.0317357088851104e-08,4.0312467190552096e-08,4.030757887842983e-08,4.030269215166805e-08,4.029780700944893e-08,4.02929234509567e-08,4.028804147537479e-08,4.0283161081887035e-08,4.027828226967845e-08,4.027340503793615e-08,4.0268529385846305e-08,4.026365531259364e-08,4.025878281736934e-08,4.025391189935853e-08,4.024904255775033e-08,4.024417479173411e-08,4.023930860050025e-08,4.0234443983237023e-08,4.0229580939136844e-08,4.0224719467392685e-08,4.0219859567114026e-08,4.021500123765439e-08,4.021014447812706e-08,4.020528928772846e-08,4.020043566564615e-08,4.019558361107897e-08,4.0190733123222836e-08,4.018588420127278e-08,4.018103684442592e-08,4.0176191051878306e-08,4.017134682282933e-08,4.016650415647583e-08,4.016166305201818e-08,4.015682350865339e-08,4.015198552558522e-08,4.014714910201049e-08,4.0142314237131496e-08,4.013748093041692e-08,4.0132649180535176e-08,4.012781898695523e-08,4.012299034887749e-08,4.0118163265513315e-08,4.0113337736066775e-08,4.0108513759737076e-08,4.010369133573117e-08,4.0098870463256975e-08,4.009405114151987e-08,4.0089233369726924e-08,4.008441714709484e-08,4.0079602472816376e-08,4.0074789346106896e-08,4.006997776617722e-08,4.006516773223714e-08,4.006035924349761e-08,4.0055552299168544e-08,4.0050746898462185e-08,4.004594304059178e-08,4.004114072476883e-08,4.0036339950206094e-08,4.003154071611914e-08,4.002674302172269e-08,4.002194686622869e-08,4.0017152248854954e-08,4.001235916881747e-08,4.000756762533337e-08,4.00027776176184e-08,3.9997989144885725e-08,3.999320220636512e-08,3.998841680129277e-08,3.9983632928840783e-08,3.997885058825214e-08,3.997406977872397e-08,3.996929049952526e-08,3.996451274985425e-08,3.995973652893204e-08,3.99549618359823e-08,3.995018867022688e-08,3.9945417030890486e-08,3.994064691719749e-08,3.9935878328371296e-08,3.993111126363882e-08,3.992634572222288e-08,3.9921581703355044e-08,3.991681920626389e-08,3.991205823016984e-08,3.990729877430049e-08,3.9902540837888964e-08,3.9897784420165004e-08,3.989302952035555e-08,3.988827613768877e-08,3.9883524271401614e-08,3.987877392072061e-08,3.987402508488141e-08,3.986927776311345e-08,3.986453195464994e-08,3.9859787658724304e-08,3.9855044874569905e-08,3.985030360142442e-08,3.9845563838661576e-08,3.984082558523398e-08,3.983608884051831e-08,3.983135360375367e-08,3.982661987395284e-08,3.9821887650799194e-08,3.9817156933308046e-08,3.981242772071822e-08,3.980770001227036e-08,3.9802973807202424e-08,3.979824910475242e-08,3.979352590416711e-08,3.97888042046847e-08,3.9784084005546915e-08,3.9779365305996895e-08,3.977464810527745e-08,3.976993240208598e-08,3.9765218196758e-08,3.9760505487993415e-08,3.9755794275034446e-08,3.9751084557128804e-08,3.974637633312883e-08,3.974166960306784e-08,3.973696436580013e-08,3.9732260620572334e-08,3.9727558366633786e-08,3.9722857603232025e-08,3.971815832961703e-08,3.9713460545034633e-08,3.9708764248308006e-08,3.9704069439553026e-08,3.9699376117587216e-08,3.9694684281544994e-08,3.968999393091204e-08,3.968530506455623e-08,3.968061768178e-08,3.967593178246812e-08,3.9671247365533886e-08,3.9666564430080324e-08,3.966188297552976e-08,3.965720300105377e-08,3.965252450586623e-08,3.964784748930673e-08,3.964317195081828e-08,3.9638497889205755e-08,3.963382530395347e-08,3.9629154193926367e-08,3.9624484559041236e-08,3.9619816398427564e-08,3.961514971135738e-08,3.9610484496804276e-08,3.9605820754006634e-08,3.9601158482561085e-08,3.959649768155192e-08,3.9591838350215774e-08,3.958718048790018e-08,3.958252409404445e-08,3.9577869167675525e-08,3.957321570775735e-08,3.9568563713829226e-08,3.956391318531161e-08,3.9559264121626985e-08,3.9554616521551375e-08,3.954997038457655e-08,3.954532570997065e-08,3.954068249700246e-08,3.9536040744940195e-08,3.953140045265885e-08,3.9526761620221175e-08,3.9522124246498997e-08,3.951748833076138e-08,3.951285387228695e-08,3.950822087034021e-08,3.9503589324202673e-08,3.9498959233143945e-08,3.949433059644652e-08,3.948970341331994e-08,3.948507768312675e-08,3.94804534047949e-08,3.9475830578242256e-08,3.947120920241385e-08,3.946658927658827e-08,3.9461970800012524e-08,3.9457353771118986e-08,3.945273819095893e-08,3.944812405791622e-08,3.944351137154691e-08,3.943890013080185e-08,3.943429033479006e-08,3.942968198300312e-08,3.942507507496148e-08,3.942046960949697e-08,3.941586558609827e-08,3.941126300402247e-08,3.940666186263522e-08,3.9402062161174386e-08,3.939746389915191e-08,3.939286707541095e-08,3.938827168964504e-08,3.938367774075349e-08,3.937908522821502e-08,3.937449415153196e-08,3.936990450954196e-08,3.936531630177272e-08,3.9360729527369635e-08,3.9356144186095704e-08,3.935156027692797e-08,3.934697779884997e-08,3.9342396751478e-08,3.9337817134263056e-08,3.933323894630897e-08,3.9328662186773186e-08,3.932408685495652e-08,3.931951295047123e-08,3.931494047239093e-08,3.931036941979734e-08,3.9305799792198145e-08,3.9301231588890174e-08,3.929666480916489e-08,3.929209945235303e-08,3.9287535517870274e-08,3.9282973004668246e-08,3.927841191223306e-08,3.9273852240054574e-08,3.926929398703446e-08,3.926473715263585e-08,3.926018173624416e-08,3.9255627737153896e-08,3.9251075154577404e-08,3.924652398791202e-08,3.9241974236540733e-08,3.923742589948e-08,3.92328789763224e-08,3.9228333466081463e-08,3.922378936815859e-08,3.921924668194473e-08,3.921470540665805e-08,3.921016554169425e-08,3.920562708631215e-08,3.92010900399499e-08,3.919655440163154e-08,3.919202016994665e-08,3.9187487346064666e-08,3.918295592809569e-08,3.917842591549006e-08,3.917389730769648e-08,3.9169370103592186e-08,3.916484430316984e-08,3.916031990538519e-08,3.915579690948233e-08,3.9151275314866475e-08,3.9146755121051124e-08,3.9142236326938495e-08,3.913771893202673e-08,3.9133202935626256e-08,3.912868833704757e-08,3.912417513559406e-08,3.911966333054981e-08,3.91151529199698e-08,3.911064390602439e-08,3.9106136286243915e-08,3.910163006016824e-08,3.909712522710666e-08,3.9092621786354875e-08,3.908811973727327e-08,3.908361907777106e-08,3.907911980994992e-08,3.907462193173216e-08,3.9070125442639806e-08,3.906563034158165e-08,3.906113662808053e-08,3.905664430062884e-08,3.905215336004248e-08,3.904766380513713e-08,3.9043175635028595e-08,3.903868884812943e-08,3.9034203446361157e-08,3.902971942667065e-08,3.9025236787924404e-08,3.902075553185579e-08,3.901627565681406e-08,3.901179716183934e-08,3.900732004630485e-08,3.9002844309305455e-08,3.899836995053112e-08,3.899389696776651e-08,3.898942536318585e-08,3.89849551344038e-08,3.8980486280423616e-08,3.897601880133488e-08,3.897155269670696e-08,3.896708796544715e-08,3.896262460682344e-08,3.895816262027684e-08,3.895370200520368e-08,3.894924276068507e-08,3.894478488557962e-08,3.894032838043667e-08,3.893587324388363e-08,3.893141947542778e-08,3.892696707378587e-08,3.892251603932843e-08,3.891806637065655e-08,3.8913618067175256e-08,3.8909171128891613e-08,3.890472555453793e-08,3.890028134345465e-08,3.889583849494212e-08,3.8891397008550326e-08,3.8886956883210964e-08,3.8882518118863164e-08,3.887808071455957e-08,3.887364466980083e-08,3.8869209983618425e-08,3.886477665541086e-08,3.886034468464086e-08,3.885591407057393e-08,3.885148481259936e-08,3.884705691003096e-08,3.884263036222607e-08,3.883820516849091e-08,3.883378132837859e-08,3.88293588408221e-08,3.882493770540733e-08,3.882051792151091e-08,3.881609948801379e-08,3.881168240520292e-08,3.880726667173592e-08,3.880285228712483e-08,3.879843925042261e-08,3.879402756144196e-08,3.878961721936167e-08,3.878520822357086e-08,3.8780800572930773e-08,3.877639426753295e-08,3.877198930652562e-08,3.876758568869558e-08,3.87631834141801e-08,3.8758782482181274e-08,3.875438289178598e-08,3.874998464222579e-08,3.874558773305621e-08,3.874119216356625e-08,3.8736797933185856e-08,3.873240504112112e-08,3.8728013486957457e-08,3.872362326964527e-08,3.8719234389007206e-08,3.8714846844252406e-08,3.871046063479525e-08,3.8706075759676444e-08,3.870169221827542e-08,3.869731001057472e-08,3.86929291350415e-08,3.8688549591472746e-08,3.8684171379410895e-08,3.867979449816297e-08,3.867541894680921e-08,3.867104472495048e-08,3.866667183179047e-08,3.8662300266550656e-08,3.865793002919612e-08,3.8653561118385486e-08,3.8649193533754625e-08,3.864482727458097e-08,3.864046234045378e-08,3.863609873074999e-08,3.863173644464608e-08,3.86273754814009e-08,3.8623015840632544e-08,3.8618657521462754e-08,3.86143005233927e-08,3.860994484573327e-08,3.860559048755374e-08,3.86012374489361e-08,3.8596885728602645e-08,3.859253532635687e-08,3.858818624121368e-08,3.8583838472934604e-08,3.857949202065687e-08,3.857514688381328e-08,3.857080306162311e-08,3.8566460553216525e-08,3.8562119358635655e-08,3.8557779476608915e-08,3.8553440907122546e-08,3.8549103648963226e-08,3.854476770159912e-08,3.854043306471767e-08,3.853609973774013e-08,3.853176771983937e-08,3.8527437010415476e-08,3.852310760876956e-08,3.851877951434629e-08,3.8514452726571656e-08,3.851012724484475e-08,3.850580306782973e-08,3.850148019589625e-08,3.849715862800636e-08,3.849283836350246e-08,3.848851940195346e-08,3.8484201742494196e-08,3.847988538459595e-08,3.847557032772916e-08,3.847125657107757e-08,3.8466944114276615e-08,3.846263295572344e-08,3.8458323096063886e-08,3.845401453436287e-08,3.844970726994578e-08,3.844540130177679e-08,3.844109662991325e-08,3.843679325315161e-08,3.843249117135907e-08,3.8428190383641034e-08,3.842389088944174e-08,3.841959268788735e-08,3.841529577881865e-08,3.841100016137294e-08,3.840670583492564e-08,3.8402412798827575e-08,3.839812105206319e-08,3.839383059517462e-08,3.8389541426986315e-08,3.838525354666004e-08,3.8380966953395245e-08,3.8376681646426575e-08,3.837239762601571e-08,3.836811489107412e-08,3.836383344100104e-08,3.835955327519065e-08,3.835527439315021e-08,3.8350996794030816e-08,3.8346720477075256e-08,3.8342445442286816e-08,3.8338171688656435e-08,3.8333899215618446e-08,3.832962802250466e-08,3.832535810882907e-08,3.832108947388608e-08,3.831682211712265e-08,3.8312556037638185e-08,3.830829123485494e-08,3.830402770893431e-08,3.8299765459187056e-08,3.8295504484007916e-08,3.8291244783656976e-08,3.828698635667449e-08,3.8282729203364507e-08,3.827847332281756e-08,3.827421871436516e-08,3.826996537742177e-08,3.826571331137413e-08,3.8261462515554415e-08,3.825721298948439e-08,3.825296473276679e-08,3.824871774419292e-08,3.824447202350393e-08,3.824022757015152e-08,3.8235984383405606e-08,3.823174246207689e-08,3.8227501807139e-08,3.822326241672483e-08,3.821902429070584e-08,3.821478742846493e-08,3.8210551829696125e-08,3.820631749300562e-08,3.820208441819205e-08,3.81978526045783e-08,3.8193622052036374e-08,3.8189392759323524e-08,3.818516472604893e-08,3.818093795191241e-08,3.8176712436140467e-08,3.817248817816533e-08,3.816826517704286e-08,3.816404343266387e-08,3.815982294426559e-08,3.815560371148164e-08,3.815138573309504e-08,3.814716900863468e-08,3.814295353768529e-08,3.813873932007122e-08,3.8134526354508195e-08,3.8130314640969715e-08,3.8126104178356214e-08,3.812189496653231e-08,3.811768700398716e-08,3.8113480291744735e-08,3.810927482827191e-08,3.810507061283206e-08,3.810086764502578e-08,3.809666592442393e-08,3.809246545016973e-08,3.808826622179986e-08,3.8084068238820517e-08,3.807987150048377e-08,3.807567600672428e-08,3.8071481756530026e-08,3.8067288748876e-08,3.80630969835517e-08,3.80589064600536e-08,3.805471717779708e-08,3.8050529136117116e-08,3.80463423345508e-08,3.8042156772802164e-08,3.803797244955527e-08,3.80337893644849e-08,3.802960751709092e-08,3.80254269071183e-08,3.802124753341083e-08,3.801706939599919e-08,3.801289249384419e-08,3.800871682647597e-08,3.800454239336952e-08,3.800036919387034e-08,3.7996197227477214e-08,3.7992026493539267e-08,3.7987856991569024e-08,3.798368872140812e-08,3.797952168147293e-08,3.7975355871815045e-08,3.797119129200243e-08,3.7967027940913093e-08,3.7962865817966456e-08,3.795870492343862e-08,3.795454525604014e-08,3.7950386815334125e-08,3.79462296010883e-08,3.7942073612117845e-08,3.793791884816151e-08,3.793376530863421e-08,3.792961299296569e-08,3.7925461900604845e-08,3.792131203093942e-08,3.791716338360125e-08,3.791301595804885e-08,3.7908869753228734e-08,3.7904724768888214e-08,3.790058100441529e-08,3.7896438459070256e-08,3.789229713243079e-08,3.7888157023955086e-08,3.7884018133060885e-08,3.787988045916963e-08,3.7875744001706764e-08,3.787160876007331e-08,3.786747473382781e-08,3.7863341922324646e-08,3.785921032500847e-08,3.785507994137969e-08,3.7850950771486565e-08,3.784682281328918e-08,3.784269606700344e-08,3.783857053205249e-08,3.783444620795437e-08,3.783032309401619e-08,3.782620118973277e-08,3.7822080494540026e-08,3.781796100787403e-08,3.781384272916182e-08,3.7809725657862744e-08,3.780560979340457e-08,3.780149513522475e-08,3.7797381683168134e-08,3.779326943614054e-08,3.778915839342846e-08,3.778504855475031e-08,3.7780939919548506e-08,3.7776832487261196e-08,3.777272625733033e-08,3.7768621229163004e-08,3.776451740259386e-08,3.7760414776379e-08,3.7756313350287e-08,3.7752213123760227e-08,3.7748114096203056e-08,3.774401626713534e-08,3.773991963596245e-08,3.7735824202096904e-08,3.7731729965019554e-08,3.772763692417418e-08,3.7723545079023824e-08,3.7719454428991775e-08,3.7715364973491996e-08,3.7711276712002715e-08,3.770718964400078e-08,3.7703103768894694e-08,3.76990190864181e-08,3.769493559554384e-08,3.769085329584e-08,3.768677218597664e-08,3.7682692267108506e-08,3.767861353779275e-08,3.767453599754225e-08,3.76704596457883e-08,3.766638448196321e-08,3.7662310505548315e-08,3.765823771600477e-08,3.7654166112668995e-08,3.765009569512403e-08,3.764602646274993e-08,3.76419584150449e-08,3.7637891551440304e-08,3.7633825871368805e-08,3.7629761375409595e-08,3.7625698060805873e-08,3.762163592836688e-08,3.761757497706521e-08,3.761351520655882e-08,3.7609456616345916e-08,3.760539920588272e-08,3.760134297457287e-08,3.759728792218234e-08,3.7593234047610504e-08,3.758918135061892e-08,3.7585129830458035e-08,3.7581079486197255e-08,3.757703031861436e-08,3.7572982326401025e-08,3.756893550914582e-08,3.756488986587952e-08,3.756084539671651e-08,3.7556802100531e-08,3.755275997712936e-08,3.7548719025890264e-08,3.75446792462047e-08,3.7540640637607806e-08,3.753660319951671e-08,3.75325669314159e-08,3.752853183277065e-08,3.752449790303022e-08,3.752046514163616e-08,3.751643354810581e-08,3.751240312183235e-08,3.750837386213694e-08,3.7504345768893844e-08,3.7500318841314595e-08,3.749629307788218e-08,3.749226848006622e-08,3.7488245046371805e-08,3.748422277622945e-08,3.748020166918548e-08,3.74761817242367e-08,3.7472162941482254e-08,3.7468145319747505e-08,3.7464128859322136e-08,3.746011355918246e-08,3.7456099418919047e-08,3.745208643781618e-08,3.7448074615908383e-08,3.7444063951841454e-08,3.744005444544756e-08,3.743604609619697e-08,3.7432038903222816e-08,3.742803286669848e-08,3.742402798574979e-08,3.7420024259826306e-08,3.741602168827675e-08,3.741202027086949e-08,3.7408020006887833e-08,3.740402089582442e-08,3.740002293717499e-08,3.739602612937163e-08,3.739203047389245e-08,3.738803596925972e-08,3.738404261491786e-08,3.738005041038144e-08,3.737605935507064e-08,3.73720694481196e-08,3.736808068972613e-08,3.736409307896652e-08,3.736010661533424e-08,3.7356121298316146e-08,3.735213712739083e-08,3.734815410198374e-08,3.734417222151144e-08,3.734019148571776e-08,3.73362118939149e-08,3.733223344559658e-08,3.732825614023325e-08,3.7324279977172906e-08,3.732030495614505e-08,3.7316331076454065e-08,3.731235833755549e-08,3.730838673913807e-08,3.730441628087482e-08,3.730044696167397e-08,3.72964787812676e-08,3.729251173914066e-08,3.7288545834568574e-08,3.7284581067420555e-08,3.72806174369995e-08,3.7276654942938576e-08,3.72726935843901e-08,3.726873336100935e-08,3.7264774272247074e-08,3.7260816317664275e-08,3.725685949670354e-08,3.7252903809069184e-08,3.724894925381696e-08,3.72449958306312e-08,3.724104353901362e-08,3.723709237868235e-08,3.723314234864186e-08,3.7229193448500565e-08,3.722524567823931e-08,3.722129903674945e-08,3.721735352367475e-08,3.7213409138613804e-08,3.720946588064983e-08,3.7205523750016407e-08,3.7201582745776574e-08,3.719764286747223e-08,3.7193704114550096e-08,3.7189766486624725e-08,3.7185829983025306e-08,3.7181894603398195e-08,3.717796034705977e-08,3.7174027213567656e-08,3.717009520242279e-08,3.7166164313120105e-08,3.716223454514418e-08,3.715830589801345e-08,3.715437837120931e-08,3.7150451964221775e-08,3.714652667656079e-08,3.714260250771479e-08,3.713867945714757e-08,3.71347575243704e-08,3.7130836708874605e-08,3.7126917010161466e-08,3.712299842770834e-08,3.711908096103698e-08,3.7115164609628165e-08,3.7111249372982446e-08,3.710733525168034e-08,3.710342224305901e-08,3.709951034768888e-08,3.709559956506878e-08,3.7091689894696566e-08,3.708778133606004e-08,3.708387388867266e-08,3.707996755201249e-08,3.707606232560668e-08,3.707215820892976e-08,3.706825520149633e-08,3.706435330279209e-08,3.7060452512333974e-08,3.7056552829614914e-08,3.7052654254138495e-08,3.7048756785386364e-08,3.7044860422880154e-08,3.704096516612811e-08,3.703707101462706e-08,3.7033177967861964e-08,3.7029286025340366e-08,3.7025395186569164e-08,3.7021505451062816e-08,3.701761681831083e-08,3.7013729287808e-08,3.700984285909171e-08,3.7005957531618025e-08,3.700207330493687e-08,3.6998190178529617e-08,3.699430815191168e-08,3.699042722460386e-08,3.698654739607668e-08,3.698266866585403e-08,3.6978791033448834e-08,3.697491449835499e-08,3.697103906007409e-08,3.696716471811875e-08,3.696329147201353e-08
19,1.54612244216953e-68,2.043666140464256e-67,7.880142528275195e-67,1.9558560641033619e-66,4.4303502145259366e-66,8.649167663707926e-66,1.534366578459937e-65,2.5439015478533748e-65,3.9726349861768214e-65,5.948741794412695e-65,8.61638891315011e-65,1.2148340968487269e-64,1.6681248044127043e-64,2.247215929611801e-64,2.972089829507265e-64,3.8677076947345626e-64,4.961620288034634e-64,6.2840945734202e-64,7.868240774119972e-64,9.750139689655284e-64,1.1968970147439743e-63,1.4567136507522076e-63,1.759039614238159e-63,2.1087986852511248e-63,2.511275418991345e-63,2.972127867158672e-63,3.4974002868242694e-63,4.0935358366138486e-63,4.767389260035054e-63,5.526239556362124e-63,6.377802639850367e-63,7.330243985723696e-63,8.392191265302504e-63,9.57274696893764e-63,1.088150102014594e-62,1.2328543377088248e-62,1.3924476626171616e-62,1.5680428561706781e-62,1.7608064759389349e-62,1.971960113962069e-62,2.2027816519191776e-62,2.4546065158462373e-62,2.728828929062118e-62,3.026903165159139e-62,3.3503447996398296e-62,3.700731960454783e-62,4.079706577828627e-62,4.488975633632385e-62,4.930312409230505e-62,5.405557732135829e-62,5.91662122330992e-62,6.465482541968473e-62,7.054192630429775e-62,7.684874957074806e-62,8.359726760313754e-62,9.081020289700954e-62,9.851104047399121e-62,1.067240402775855e-61,1.1547424957196505e-61,1.2478751532428427e-61,1.3469049657861783e-61,1.4521067683042855e-61,1.5637637637899036e-61,1.6821676466895435e-61,1.8076187265173316e-61,1.940426050934188e-61,2.0809075291914095e-61,2.229390055220668e-61,2.3862096305540218e-61,2.5517114875979472e-61,2.7262502120837843e-61,2.910189866361928e-61,3.1039041118917784e-61,3.307776331718018e-61,3.522199753154147e-61,3.747577570514554e-61,3.984323066876874e-61,4.2328597370917993e-61,4.493621409327337e-61,4.767052367466065e-61,5.053607473343077e-61,5.353752288379915e-61,5.667963195688553e-61,5.996727521365338e-61,6.340543656823212e-61,6.699921180122593e-61,7.075380977222535e-61,7.467455363757306e-61,7.87668820625583e-61,8.303635043443722e-61,8.748863207207423e-61,9.212951944487647e-61,9.696492536798088e-61,1.0200088422555931e-60,1.0724355317260794e-60,1.1269921334362066e-60,1.1837427105908278e-60,1.2427525903159417e-60,1.3040883757049713e-60,1.3678179578644837e-60,1.4340105279435078e-60,1.5027365891781423e-60,1.5740679688229245e-60,1.648077830293631e-60,1.7248406850671524e-60,1.804432404729652e-60,1.8869302328572002e-60,1.9724127971294404e-60,2.060960121210966e-60,2.1526536367199633e-60,2.2475761951837152e-60,2.3458120799768627e-60,2.447447018250133e-60,2.5525681928606205e-60,2.6612642542868443e-60,2.7736253325211344e-60,2.889743049013527e-60,3.0097105284720323e-60,3.133622410821508e-60,3.261574863023492e-60,3.393665591031948e-60,3.529993851598892e-60,3.670660464047912e-60,3.8157678221643007e-60,3.965419906127491e-60,4.119722294201733e-60,4.2787821746424284e-60,4.442708357426298e-60,4.6116112860031435e-60,4.7856030492721287e-60,4.964797393187456e-60,5.149309732715764e-60,5.33925716336588e-60,5.53475847312792e-60,5.735934154130307e-60,5.942906414418038e-60,6.155799189710891e-60,6.3747381550599e-60,6.599850736595945e-60,6.831266123269843e-60,7.069115278505154e-60,7.313530951891241e-60,7.564647690905963e-60,7.822601852560395e-60,8.087531615072288e-60,8.35957698941408e-60,8.638879831283904e-60,8.925583852544733e-60,9.21983463262654e-60,9.521779630476513e-60,9.831568196216563e-60,1.0149351582223122e-59,1.0475282955650304e-59,1.080951740894865e-59,1.1152211972381646e-59,1.1503525625082883e-59,1.1863619306763432e-59,1.223265592926293e-59,1.261080038809674e-59,1.2998219574020107e-59,1.3395082384681508e-59,1.3801559735588829e-59,1.4217824572662017e-59,1.464405188253007e-59,1.5080418705097972e-59,1.5527104144464842e-59,1.5984289380533438e-59,1.6452157680638352e-59,1.6930894410428656e-59,1.742068704622785e-59,1.792172518589691e-59,1.843420056044111e-59,1.895830704540042e-59,1.9494240672326906e-59,2.0042199640220007e-59,2.060238432693103e-59,2.1174997300511185e-59,2.17602433306827e-59,2.2358329400202733e-59,2.2969464716261744e-59,2.359386072203292e-59,2.423173110728317e-59,2.4883291821067754e-59,2.554876108175521e-59,2.6228359388887113e-59,2.6922309534978533e-59,2.763083661627419e-59,2.8354168044182974e-59,2.9092533556860448e-59,2.9846165229606463e-59,3.061529748773341e-59,3.140016711627703e-59,3.2201013272183295e-59,3.3018077495362885e-59,3.385160371973292e-59,3.4701838285109974e-59,3.5569029947829575e-59,3.6453429892449395e-59,3.7355291741937125e-59,3.82748715704936e-59,3.921242791394343e-59,4.016822178072195e-59,4.114251666277203e-59,4.213557854802912e-59,4.314767593033859e-59,4.417907982173134e-59,4.5230063763326405e-59,4.630090383444898e-59,4.739187866752405e-59,4.850326945603027e-59,4.963535996721123e-59,5.078843655302064e-59,5.196278816017744e-59,5.315870634304804e-59,5.437648527355614e-59,5.56164217522924e-59,5.687881522084559e-59,5.816396777090714e-59,5.947218415679038e-59,6.0803771805709255e-59,6.2159040829824955e-59,6.353830403674638e-59,6.494187693955062e-59,6.637007777011335e-59,6.782322748771705e-59,6.930164979122728e-59,7.08056711311568e-59,7.233562071839569e-59,7.389183053682202e-59,7.547463535376117e-59,7.708437273152579e-59,7.872138303664624e-59,8.038600945340018e-59,8.207859799351394e-59,8.37994975062076e-59,8.554905968998275e-59,8.732763910405676e-59,8.91355931801849e-59,9.097328222952119e-59,9.284106945766823e-59,9.473932097537259e-59,9.666840580603627e-59,9.862869589925776e-59,1.0062056614260055e-58,1.0264439436916776e-58,1.0470056137187182e-58,1.067894509124578e-58,1.0891144973312324e-58,1.1106694756548326e-58,1.1325633714394749e-58,1.1548001421697086e-58,1.1773837755340529e-58,1.2003182895836253e-58,1.2236077328190053e-58,1.2472561842892907e-58,1.271267753708822e-58,1.2956465815841705e-58,1.3203968392857146e-58,1.3455227291726708e-58,1.371028484713429e-58,1.3969183705812401e-58,1.423196682751436e-58,1.4498677486153313e-58,1.4769359271104765e-58,1.5044056087857089e-58,1.5322812159591527e-58,1.5605672027689108e-58,1.5892680553085928e-58,1.6183882917573165e-58,1.6479324624501928e-58,1.6779051500126084e-58,1.7083109694147437e-58,1.739154568153844e-58,1.7704406263239713e-58,1.8021738566937728e-58,1.8343590048407696e-58,1.8670008493000495e-58,1.9001042015735533e-58,1.933673906329659e-58,1.9677148414704173e-58,2.002231918213252e-58,2.0372300812192673e-58,2.072714308729721e-58,2.10868961263043e-58,2.1451610385673473e-58,2.182133666057314e-58,2.2196126086068644e-58,2.2576030137581734e-58,2.296110063298453e-58,2.33513897326138e-58,2.3746949940915236e-58,2.4147834107337263e-58,2.455409542740805e-58,2.496578744361425e-58,2.538296404707686e-58,2.5805679477508435e-58,2.6233988325526565e-58,2.6667945532564644e-58,2.7107606392426713e-58,2.7553026552825846e-58,2.8004262015424954e-58,2.8461369137546137e-58,2.89244046330563e-58,2.9393425573412165e-58,2.9868489388518178e-58,3.034965386847351e-58,3.0836977163577925e-58,3.133051778603184e-58,3.1830334610681242e-58,3.233648687653861e-58,3.2849034187508554e-58,3.336803651283014e-58,3.389355418943314e-58,3.442564792151526e-58,3.496437878280089e-58,3.550980821710758e-58,3.606199803892569e-58,3.6621010434886835e-58,3.718690796516823e-58,3.7759753564108166e-58,3.833961054067448e-58,3.8926542580883426e-58,3.95206137474236e-58,4.012188848148523e-58,4.073043160338215e-58,4.134630831441838e-58,4.1969584196645144e-58,4.2600325214733434e-58,4.3238597716821455e-58,4.388446843547803e-58,4.453800448855669e-58,4.5199273380861146e-58,4.586834300473082e-58,4.654528164058587e-58,4.723015795843521e-58,4.792304101982653e-58,4.862400027652828e-58,4.9333105573620906e-58,5.0050427150303235e-58,5.077603563974737e-58,5.151000207104078e-58,5.2252397870221036e-58,5.3003294860353836e-58,5.376276526389575e-58,5.4530881702611665e-58,5.530771719977614e-58,5.609334517965772e-58,5.688783946931804e-58,5.769127430039197e-58,5.850372430857691e-58,5.9325264535548615e-58,6.015597042987202e-58,6.09959178479734e-58,6.1845183055076374e-58,6.270384272628649e-58,6.357197394757099e-58,6.44496542167053e-58,6.533696144431714e-58,6.623397395494662e-58,6.714077048800948e-58,6.805743019876472e-58,6.898403265938068e-58,6.992065785988029e-58,7.086738620922265e-58,7.182429853648767e-58,7.279147609103146e-58,7.376900054409946e-58,7.475695399042297e-58,7.57554189482801e-58,7.676447836082429e-58,7.778421559679257e-58,7.88147144526658e-58,7.985605915186908e-58,8.090833434701866e-58,8.197162512050463e-58,8.30460169855415e-58,8.413159588722019e-58,8.522844820380702e-58,8.633666074661808e-58,8.74563207617965e-58,8.85875159322732e-58,8.973033437644746e-58,9.088486465140806e-58,9.205119575234193e-58,9.322941711553173e-58,9.441961861627224e-58,9.562189057197553e-58,9.683632374363155e-58,9.806300933492849e-58,9.930203899425373e-58,1.0055350481655344e-57,1.0181749934239525e-57,1.0309411555995013e-57,1.0438344690703675e-57,1.0568558726991097e-57,1.0700063098571712e-57,1.0832867284281181e-57,1.0966980808268821e-57,1.1102413239998363e-57,1.1239174194378056e-57,1.1377273331886431e-57,1.151672035857839e-57,1.16575250262391e-57,1.1799697132557598e-57,1.1943246521156452e-57,1.208818308157486e-57,1.2234516749583607e-57,1.2382257507185961e-57,1.2531415382580797e-57,1.268200045049982e-57,1.283402283219139e-57,1.2987492695389817e-57,1.3142420254658904e-57,1.3298815771362326e-57,1.3456689553640263e-57,1.361605195675001e-57,1.3776913383043404e-57,1.3939284281984428e-57,1.4103175150307794e-57,1.4268596532263532e-57,1.4435559019409004e-57,1.4604073250993651e-57,1.4774149913897663e-57,1.494579974282769e-57,1.5119033520198368e-57,1.529386207655856e-57,1.5470296290380795e-57,1.5648347088292273e-57,1.582802544523961e-57,1.6009342384516546e-57,1.6192308977715388e-57,1.6376936345141372e-57,1.6563235655638923e-57,1.6751218126671084e-57,1.694089502465753e-57,1.7132277664833635e-57,1.7325377411591456e-57,1.7520205678271488e-57,1.7716773927464458e-57,1.7915093671050508e-57,1.8115176470292267e-57,1.831703393594434e-57,1.8520677728316728e-57,1.8726119557401875e-57,1.893337118290673e-57,1.9142444414538952e-57,1.9353351111817477e-57,1.9566103184312506e-57,1.9780712591832993e-57,1.9997191344418585e-57,2.0215551502340562e-57,2.0435805176341754e-57,2.065796452768156e-57,2.0882041768242956e-57,2.1108049160606212e-57,2.1335999018216473e-57,2.1565903705236688e-57,2.179777563697426e-57,2.2031627279780072e-57,2.2267471151121645e-57,2.2505319819897775e-57,2.2745185906256445e-57,2.29870820816262e-57,2.3231021069327445e-57,2.3477015644096112e-57,2.3725078632460823e-57,2.3975222912780824e-57,2.4227461415387e-57,2.4481807122443318e-57,2.473827306846411e-57,2.4996872339993786e-57,2.5257618075849244e-57,2.5520523467366197e-57,2.5785601758353247e-57,2.605286624499956e-57,2.6322330276343664e-57,2.659400725419852e-57,2.686791063295336e-57,2.714405392031853e-57,2.7422450676855274e-57,2.7703114516100127e-57,2.7986059105088464e-57,2.827129816389016e-57,2.8558845466163297e-57,2.884871483907438e-57,2.914092016310924e-57,2.943547537282393e-57,2.97323944563349e-57,3.003169145549305e-57,3.0333380466298605e-57,3.063747563880594e-57,3.094399117690116e-57,3.1252941339202435e-57,3.156434043822412e-57,3.187820284095398e-57,3.219454296902101e-57,3.251337529865645e-57,3.283471436052965e-57,3.315857474039058e-57,3.348497107865386e-57,3.381391807065614e-57,3.414543046692483e-57,3.4479523073134523e-57,3.481621074997531e-57,3.5155508413748403e-57,3.5497431035938963e-57,3.584199364351502e-57,3.618921131919228e-57,3.653909920138183e-57,3.6891672483999804e-57,3.724694641715772e-57,3.7604936306612827e-57,3.796565751437856e-57,3.832912545860591e-57,3.8695355613440067e-57,3.906436350956407e-57,3.9436164734047104e-57,3.981077493024043e-57,4.018820979827953e-57,4.056848509506668e-57,4.0951616633789246e-57,4.133762028495879e-57,4.172651197594938e-57,4.2118307690925364e-57,4.2513023471482464e-57,4.291067541617142e-57,4.33112796808565e-57,4.3714852479019375e-57,4.4121410081383023e-57,4.453096881630072e-57,4.4943545069786334e-57,4.535915528560341e-57,4.577781596533408e-57,4.6199543668479814e-57,4.6624355012543424e-57,4.7052266672965206e-57,4.74832953838785e-57,4.791745793719054e-57,4.835477118333004e-57,4.879525203117507e-57,4.923891744814307e-57,4.968578446027407e-57,5.0135870152350574e-57,5.058919166775355e-57,5.104576620928101e-57,5.150561103839873e-57,5.196874347507283e-57,5.243518089948915e-57,5.290494075056983e-57,5.337804052618117e-57,5.385449778417553e-57,5.433433014190914e-57,5.481755527575681e-57,5.530419092234751e-57,5.579425487792122e-57,5.628776499853881e-57,5.678473920020817e-57,5.728519545919054e-57,5.778915181127866e-57,5.82966263530204e-57,5.880763724129015e-57,5.93222026927746e-57,5.984034098519028e-57,6.036207045659766e-57,6.088740950570131e-57,6.141637659198755e-57,6.194899023570228e-57,6.248526901799328e-57,6.302523158105429e-57,6.356889662811979e-57,6.411628292357875e-57,6.466740929329688e-57,6.522229462381751e-57,6.578095786376601e-57,6.634341802327191e-57,6.69096941734181e-57,6.747980544761045e-57,6.805377104080178e-57,6.863161020978048e-57,6.92133422733287e-57,6.979898661220661e-57,7.038856266928999e-57,7.098208994966619e-57,7.157958802092772e-57,7.218107651234364e-57,7.278657511654816e-57,7.339610358782071e-57,7.400968174374851e-57,7.462732946461273e-57,7.524906669283562e-57,7.587491343437025e-57,7.65048897581581e-57,7.713901579573788e-57,7.777731174173831e-57,7.841979785452286e-57,7.906649445553791e-57,7.97174219295921e-57,8.037260072519288e-57,8.103205135376449e-57,8.169579439125313e-57,8.236385047668862e-57,8.303624031286277e-57,8.371298466696382e-57,8.439410436994294e-57,8.507962031680066e-57,8.576955346671818e-57,8.646392484336795e-57,8.716275553395032e-57,8.786606669084873e-57,8.857387953095339e-57,8.928621533496851e-57,9.000309544901272e-57,9.072454128396863e-57,9.145057431474732e-57,9.218121608193854e-57,9.291648819117062e-57,9.365641231233451e-57,9.440101018129733e-57,9.515030359917454e-57,9.590431443160918e-57,9.66630646106824e-57,9.742657613299421e-57,9.81948710614514e-57,9.896797152463652e-57,9.974589971639432e-57,1.0052867789637756e-56,1.0131632839066441e-56,1.021088735910784e-56,1.029063359555357e-56,1.0370873800838802e-56,1.0451610233939484e-56,1.0532845160575602e-56,1.0614580853032025e-56,1.069681959023424e-56,1.0779563657848041e-56,1.0862815348128251e-56,1.0946576960003e-56,1.1030850799139051e-56,1.1115639177893505e-56,1.1200944415265035e-56,1.1286768836988125e-56,1.1373114775512696e-56,1.1459984569983906e-56,1.1547380566367096e-56,1.1635305117284427e-56,1.1723760582131718e-56,1.1812749327059242e-56,1.1902273724986848e-56,1.1992336155574928e-56,1.2082939005355616e-56,1.2174084667563351e-56,1.226577554222604e-56,1.235801403626876e-56,1.2450802563345273e-56,1.2544143543924265e-56,1.2638039405401123e-56,1.2732492581920045e-56,1.28275055144947e-56,1.292308065099957e-56,1.301922044617144e-56,1.3115927361617048e-56,1.3213203865821524e-56,1.331105243412765e-56,1.340947554883721e-56,1.3508475699156693e-56,1.3608055381134522e-56,1.370821709774818e-56,1.3808963358992366e-56,1.3910296681671117e-56,1.4012219589631613e-56,1.4114734613671384e-56,1.4217844291479057e-56,1.4321551167715105e-56,1.442585779411798e-56,1.453076672927298e-56,1.4636280538894588e-56,1.4742401795595213e-56,1.4849133079032968e-56,1.4956476975873204e-56,1.5064436079849312e-56,1.517301299159079e-56,1.5282210318970205e-56,1.5392030676803642e-56,1.5502476686862531e-56,1.5613550978190355e-56,1.572525618676335e-56,1.5837594955672809e-56,1.5950569935102907e-56,1.6064183782366236e-56,1.6178439161770683e-56,1.6293338744843546e-56,1.6408885210201702e-56,1.6525081243591127e-56,1.6641929537890253e-56,1.675943279312191e-56,1.6877593716463302e-56,1.6996415022247637e-56,1.711589943194215e-56,1.7236049674300266e-56,1.7356868485184824e-56,1.747835860757919e-56,1.7600522791773301e-56,1.7723363795232955e-56,1.7846884382633498e-56,1.797108732587678e-56,1.8095975404093451e-56,1.8221551403616637e-56,1.8347818118141506e-56,1.847477834853865e-56,1.8602434902873185e-56,1.8730790596586955e-56,1.8859848252402236e-56,1.898961070017481e-56,1.9120080777287466e-56,1.9251261328305873e-56,1.9383155205021172e-56,1.9515765266670215e-56,1.964909437977391e-56,1.9783145418183568e-56,1.991792126313102e-56,2.005342480312013e-56,2.018965893400849e-56,2.0326626559096533e-56,2.0464330589058584e-56,2.060277394183236e-56,2.074195954285989e-56,2.088189032493317e-56,2.1022569228303156e-56,2.1163999200494525e-56,2.130618319657258e-56,2.144912417899788e-56,2.159282511766358e-56,2.173728898989674e-56,2.1882518780479815e-56,2.2028517481657165e-56,2.2175288093128354e-56,2.2322833622072807e-56,2.2471157083151466e-56,2.262026149850498e-56,2.2770149897771304e-56,2.2920825318140742e-56,2.3072290804182836e-56,2.3224549408156055e-56,2.3377604189724726e-56,2.353145821607435e-56,2.3686114562073746e-56,2.3841576310008773e-56,2.3997846549717363e-56,2.4154928378732365e-56,2.4312824902032973e-56,2.4471539232217614e-56,2.4631074489472308e-56,2.4791433801545115e-56,2.495262030391356e-56,2.511463713952383e-56,2.5277487458993678e-56,2.544117442052012e-56,2.560570119007345e-56,2.5771070941124323e-56,2.5937286854784275e-56,2.610435211997343e-56,2.6272269933082116e-56,2.64410434983135e-56,2.66106760275432e-56,2.6781170740196767e-56,2.6952530863544765e-56,2.7124759632549874e-56,2.72978602897441e-56,2.7471836085567543e-56,2.7646690278029516e-56,2.782242613288159e-56,2.7999046923714174e-56,2.817655593186444e-56,2.8354956446264967e-56,2.8534251763816666e-56,2.8714445189038816e-56,2.8895540034271157e-56,2.9077539619650414e-56,2.9260447273050068e-56,2.944426633024442e-56,2.962900013481467e-56,2.981465203804641e-56,3.000122539904682e-56,3.0188723584913925e-56,3.0377149970432424e-56,3.0566507938219507e-56,3.0756800878902956e-56,3.0948032190815714e-56,3.1140205280207474e-56,3.133332356119994e-56,3.1527390455805756e-56,3.172240939385468e-56,3.1918383813189014e-56,3.2115317159619703e-56,3.2313212886591084e-56,3.2512074455668735e-56,3.2711905336247193e-56,3.2912709005821515e-56,3.3114488949652317e-56,3.331724866100621e-56,3.352099164111465e-56,3.3725721399163143e-56,3.3931441452253084e-56,3.413815532556905e-56,3.4345866552284643e-56,3.45545786734513e-56,3.4764295238187416e-56,3.497501980360551e-56,3.5186755934830994e-56,3.539950720496282e-56,3.561327719529361e-56,3.582806949491999e-56,3.6043887701221295e-56,3.6260735419452673e-56,3.647861626291838e-56,3.6697533853162973e-56,3.691749181964076e-56,3.7138493799874805e-56,3.7360543439656178e-56,3.7583644392682005e-56,3.780780032076572e-56,3.803301489400129e-56,3.8259291790430277e-56,3.8486634696260778e-56,3.871504730584008e-56,3.894453332171497e-56,3.9175096454398776e-56,3.9406740422725716e-56,3.963946895363314e-56,3.987328578223061e-56,4.0108194651801275e-56,4.0344199313805227e-56,4.0581303527892344e-56,4.081951106191716e-56,4.105882569186357e-56,4.129925120211061e-56,4.154079138507898e-56,4.178345004146732e-56,4.20272309802084e-56,4.227213801847529e-56,4.251817498168718e-56,4.27653457035197e-56,4.30136540258885e-56,4.326310379893649e-56,4.351369888126268e-56,4.376544313962771e-56,4.4018340448941655e-56,4.427239469260144e-56,4.452760976232141e-56,4.478398955786062e-56,4.504153798768172e-56,4.530025896838307e-56,4.556015642475372e-56,4.58212342901253e-56,4.608349650617597e-56,4.634694702273465e-56,4.661158979819545e-56,4.687742879932608e-56,4.714446800104591e-56,4.741271138686515e-56,4.768216294862274e-56,4.7952826686539e-56,4.822470660925395e-56,4.849780673388495e-56,4.8772131085810855e-56,4.904768369884506e-56,4.932446861543593e-56,4.960248988626148e-56,4.988175157052516e-56,5.016225773580296e-56,5.044401245827495e-56,5.0727019822500985e-56,5.1011283921530395e-56,5.1296808856884e-56,5.158359873857074e-56,5.1871657685106325e-56,5.216098982348706e-56,5.245159928928753e-56,5.274349022640562e-56,5.3036666787522605e-56,5.333113313365449e-56,5.3626893434343365e-56,5.392395186782244e-56,5.422231262086419e-56,5.452197988865257e-56,5.4822957874933545e-56,5.512525079226538e-56,5.542886286154201e-56,5.573379831225106e-56,5.604006138268938e-56,5.634765631953018e-56,5.665658737805787e-56,5.6966858822378955e-56,5.727847492492464e-56,5.759143996705971e-56,5.790575823847364e-56,5.822143403779863e-56,5.8538471672095415e-56,5.885687545713828e-56,5.917664971728941e-56,5.949779878582445e-56,5.982032700443873e-56,6.0144238723516355e-56,6.046953830237241e-56,6.079623010879381e-56,6.112431851923497e-56,6.145380791902325e-56,6.178470270213747e-56,6.21170072713438e-56,6.245072603799519e-56,6.278586342225084e-56,6.312242385308535e-56,6.346041176790701e-56,6.37998316132905e-56,6.414068784448951e-56,6.448298492535963e-56,6.482672732861537e-56,6.517191953574643e-56,6.551856603696609e-56,6.586667133144327e-56,6.62162399271579e-56,6.656727634073271e-56,6.69197850976772e-56,6.72737707324132e-56,6.762923778794931e-56,6.798619081638867e-56,6.834463437858385e-56,6.87045730442393e-56,6.906601139201008e-56,6.942895400923713e-56,6.9793405492134445e-56,7.015937044597013e-56,7.052685348479699e-56,7.08958592316541e-56,7.126639231830639e-56,7.163845738534576e-56,7.201205908261184e-56,7.238720206870155e-56,7.276389101120941e-56,7.3142130586577655e-56,7.352192548001684e-56,7.390328038584009e-56,7.4286200007521395e-56,7.467068905719945e-56,7.505675225609795e-56,7.544439433437647e-56,7.583362003119749e-56,7.622443409467893e-56,7.6616841281955815e-56,7.70108463591659e-56,7.740645410145283e-56,7.7803669292966035e-56,7.820249672695237e-56,7.860294120531379e-56,7.900500753946408e-56,7.940870054975695e-56,7.981402506539528e-56,8.02209859248442e-56,8.062958797541603e-56,8.103983607339417e-56,8.145173508461568e-56,8.186528988371103e-56,8.22805053542021e-56,8.269738638908524e-56,8.311593789014938e-56,8.35361647683172e-56,8.395807194379308e-56,8.43816643458319e-56,8.480694691277637e-56,8.523392459209648e-56,8.566260234052692e-56,8.609298512363756e-56,8.652507791644159e-56,8.695888570301616e-56,8.739441347669392e-56,8.783166623977792e-56,8.82706490036639e-56,8.871136678940982e-56,8.915382462689036e-56,8.9598027555337e-56,9.004398062300407e-56,9.049168888745568e-56,9.09411574153712e-56,9.139239128284701e-56,9.18453955751101e-56,9.230017538662183e-56,9.275673582118447e-56,9.321508199165022e-56,9.367521902011456e-56,9.413715203815574e-56,9.460088618650575e-56,9.50664266151676e-56,9.553377848343345e-56,9.600294695996532e-56,9.647393722242646e-56,9.6946754458086e-56,9.742140386341424e-56,9.789789064429592e-56,9.837622001573896e-56,9.885639720225958e-56,1.803558135489133e-35,7.876741980512421e-35,2.114252425384379e-34,4.515646453137809e-34,8.42420596942692e-34,1.4364096404213048e-33,2.296916337583668e-33,3.50043430189511e-33,5.1391377462873634e-33,7.323975804571331e-33,1.0188403088054915e-32,1.3892886504138255e-32,1.8630361670645173e-32,2.4632854154307882e-32,3.2179533644017666e-32,4.1606536164355683e-32,5.331897463256953e-32,6.780566683548523e-32,8.565724934645084e-32,1.075885254282042e-31,1.3446612712400761e-31,1.6734287334703588e-31,2.0750059950350245e-31,2.565037507493506e-31,3.16266712265986e-31,3.891387533984807e-31,4.780116674446106e-31,5.864568055491781e-31,7.189003858259164e-31,8.80848925029984e-31,1.0791806988540523e-30,1.322524730844835e-30,1.621756578261085e-30,1.990651057406401e-30,2.4467474010232143e-30,3.0125042069471876e-30,3.716852920284061e-30,4.597304338403629e-30,5.702829344340162e-30,7.097834563757807e-30,8.86770252199237e-30,1.1126592394048571e-29,1.4028546271355557e-29,1.7783490905506642e-29,2.2680589584913777e-29,2.9122793306898786e-29,3.7678729358614954e-29,4.916189465988564e-29,6.475366040706177e-29,8.619801360389054e-29,1.1611639215730422e-28,1.5852850972014068e-28,2.1973608031633863e-28,3.0986508091714216e-28,4.456429692920316e-28,6.555788063549471e-28,9.900164082080927e-28,1.541546581193734e-27,2.4886610549598867e-27,4.1949199005168174e-27,7.450871558250681e-27,1.0115356245941454e-26,1.0115356245945699e-26,1.0115356245965664e-26,2.0529954442442327e-26,4.5589171381009905e-26,1.1483260323680516e-25,3.527652052275476e-25,1.584865982400303e-24,1.5838947856675176e-23,5.20783167642769e-22,4.980894966986131e-20,8.730252389424661e-18,3.427279498498543e-17,3.427279498502628e-17,3.4272794985081515e-17,3.427279498514293e-17,3.427279498520983e-17,3.4272794985283284e-17,3.4272794985364796e-17,3.427279498545641e-17,3.4272794985561044e-17,3.4272794985682997e-17,3.427279498609179e-17,3.4272794986500583e-17,3.427279498723213e-17,1.878968353379377e-14,8.757893689935844e-13,2.1184365678154762e-11,3.3557674167018245e-10,3.727098112508251e-09,2.889230178534456e-08,1.5667540600108834e-07,6.1154310986951e-07,1.7920001119952879e-06,4.133318020013731e-06,7.875125527764505e-06,1.2937307925586493e-05,1.898093996680645e-05,2.5562842307802815e-05,3.2269536975435e-05,3.878610037955504e-05,4.491052664615913e-05,5.054445138348717e-05,6.199906768500731e-05,7.975252489262164e-05,0.00010326966291412202,0.00013177126611580675,0.00016449463744055526,0.0002007461664495476,0.00023991094604922458,0.0002814510537769223,0.0003248999899607037,0.00036985576400148197,0.00041597370736921896,0.00046295953577245574,0.0005105629123028921,0.0005585716182109918,0.0006068063575773771,0.0006551161779517769,0.000703374465880553,0.0007514754655197534,0.0007993312651311676,0.0008468691970884263,0.0008940296001776269,0.0009407638972927908,0.0009870329463877328,0.001032805627327563,0.0010780576318423416,0.0011227704279945575,0.001166930374374745,0.0012105279626234814,0.001253557169856195,0.0012960149051673199,0.0013379005366463135,0.0013792154872866362,0.0014199628898458848,0.0014601472921549168,0.0014997744056071609,0.0015388508906144683,0.0015773841737175903,0.0016153822918094714,0.0016528537595869683,0.0016898074569077156,0.0017262525332077678,0.0017621983265445067,0.0017976542951782923,0.0018326299599045618,0.00186713485560282,0.0019011784906868144,0.0019347703133265135,0.001967919683471966,0.002000635849845764,0.00203292793118784,0.002064804901136718,0.002096275576217484,0.0021273486064806693,0.0021580324683998127,0.002188335459690096,0.0022182656957573403,0.0022478311075272814,0.002277039440439677,0.0023058982544219746,0.0023344149246830002,0.002362596643189576,0.002390450420708141,0.002417983089310075,0.0024452013052538397,0.0024721115521693917,0.002498720144480997,0.002525033231013948,0.0025510567987385062,0.0025767966766115018,0.002602258539481778,0.0026274479120309943,0.002652370172725664,0.0026770305577601657,0.002701434164973801,0.0027255859577278085,0.0027494907687307312,0.0027731533038026354,0.0027965781455705305,0.0028197697570888735,0.0028427324853804365,0.0028654705648938988,0.0028879881208755797,0.0029102891726535286,0.0029323776368328554,0.0029542573304019402,0.002975931973749447,0.0029974051935927172,0.003018680525818278,0.003039761418235658,0.0030606512332458408,0.003081353250425898,0.0031018706690315472,0.003122206610419474,0.0031423641203913223,0.0031623461714613637,0.003182155665049941,0.0032017954336046738,0.0032212682426516377,0.0032405767927785175,0.0032597237215518733,0.003278711605370595,0.00329754296125755,0.003316220248591504,0.0033347458707812215,0.0033531221768837494,0.0033713514631687285,0.0033894359746306124,0.0034073779064505705,0.003425179405409849,0.003442842571256265,0.0034603694580254947,0.0034777620753187748,0.003495022389538502,0.0035121523250833107,0.0035291537655040037,0.0035460285546217883,0.003562778497610115,0.003579405362041482,0.003595910878900403,0.0036122967435637914,0.003628564616749922,0.0036447161254370667,0.003660752863752939,0.003676676393835942,0.0036924882466692534,0.0037081899228887183,0.003723782893565458,0.0037392686009641153,0.0037546484592775953,0.003769923855339117,0.003785096149312392,0.0038001666753606825,0.0038151367422955148,0.003830007634205695,0.0038447806110673954,0.0038594569093358786,0.003874037742519582,0.0038885243017370975,0.0039029177562576916,0.003917219254025885,0.003931429922170672,0.003945550867499867,0.0039595831769801285,0.003973527918203073,0.0039873861398380265,0.004001158872071815,0.004014847127036009,0.004028451899222095,0.004041974165884934,0.004055414887434884,0.004068775007818992,0.0040820554548916,0.004095257140774686,0.0041083809622083,0.004121427800891412,0.00413439852381348,0.004147293983576992,0.0041601150187113665,0.004172862453978352,0.004185537100669336,0.00419813975689471,0.0042106712078655755,0.004223132226168052,0.0042355235720303855,0.004247845993583091,0.00426010022711233,0.004272286997306785,0.0042844070174981284,0.004296460989895381,0.004308449605813297,0.004320373545894943,0.004332233480328675,0.004344030069059672,0.004355763961996171,0.004367435799210589,0.004379046211135648,0.004390595818755677,0.0044020852337932365,0.004413515058891147,0.004424885887790145,0.004436198305502201,0.004447452888479689,0.0044586502047804875,0.004469790814229145,0.004480875268574227,0.004491904111641925,0.004502877879486082,0.00451379710053465,0.004524662295732786,0.004535473978682612,0.00454623265577969,0.004556938826346454,0.004567592982762492,0.004578195610591909,0.00458874718870779,0.004599248189413824,0.004609699078563224,0.004620100315674947,0.004630452354047358,0.004640755640869315,0.004651010617328862,0.004661217718719469,0.004671377374543975,0.0046814900086162405,0.0046915560391606005,0.00470157587890917,0.004711549935197023,0.004721478610055347,0.004731362300302613,0.00474120139763378,0.004750996288707624,0.004760747355232212,0.004770454974048579,0.00478011951721266,0.004789741352075515,0.004799320841361846,0.004808858343246954,0.0048183542114320545,0.004827808795218073,0.004837222439577933,0.004846595485227341,0.004855928268694184,0.00486522112238648,0.004874474374658985,0.004883688349878463,0.004892863368487622,0.004901999747067849,0.004911097798400612,0.0049201578315277135,0.004929180151810339,0.004938165060986943,0.00494711285723002,0.004956023835201753,0.004964898286108603,0.004973736497754822,0.004982538754594986,0.004991305337785442,0.005000036525234858,0.005008732591653758,0.00501739380860313,0.005026020444542135,0.005034612764874903,0.005043171031996457,0.0050516955053377605,0.005060186441409985,0.00506864409384789,0.005077068713452437,0.005085460548232623,0.005093819843446529,0.00510214684164165,0.005110441782694439,0.005118704903849194,0.005126936439756209,0.005135136622509235,0.0051433056816822965,0.005151443844365805,0.005159551335202086,0.005167628376420236,0.0051756751878703645,0.0051836919870572595,0.005191678989173429,0.005199636407131586,0.005207564451596561,0.005215463331016664,0.00522333325165449,0.005231174417617203,0.005238987030886308,0.005246771291346887,0.00525452739681636,0.005262255543072751,0.0052699559238824625,0.005277628731027587,0.0052852741543327605,0.005292892381691572,0.005300483599092507,0.005308047990644492,0.005315585738601978,0.005323097023389621,0.005330582023626584,0.005338040916150379,0.005345473876040393,0.005352881076640948,0.005360262689584043,0.0053676188848117016,0.00537494983059798,0.005382255693570571,0.005389536638732118,0.005396792829481147,0.005404024427632688,0.0054112315934385395,0.005418414485607243,0.005425573261323706,0.005432708076268559,0.0054398190846371595,0.005446906439158341,0.005453970291112823,0.005461010790351374,0.00546802808531267,0.0054750223230408965,0.005481993649203035,0.005488942208105942,0.005495868142713108,0.005502771594661207,0.005509652704276362,0.00551651161059017,0.005523348451355497,0.005530163363062021,0.005536956480951526,0.005543727939033014,0.005550477870097533,0.005557206405732807,0.005563913676337676,0.005570599811136259,0.0055772649381919705,0.005583909184421298,0.005590532675607359,0.0055971355364133005,0.005603717890395478,0.005610279860016425,0.00561682156665769,0.005623343130632414,0.005629844671197784,0.005636326306567276,0.005642788153922729,0.005649230329426243,0.005655652948231925,0.005662056124497434,0.005668439971395387,0.0056748046011246035,0.005681150124921158,0.005687476653069334,0.005693784294912357,0.005700073158863039,0.005706343352414216,0.0057125949821491065,0.005718828153751444,0.005725042972015546,0.005731239540856187,0.005737417963318377,0.005743578341586968,0.00574972077699616,0.005755845370038855,0.005761952220375896,0.0057680414268451745,0.005774113087470607,0.005780167299471003,0.005786204159268818,0.005792223762498758,0.005798226204016299,0.005804211577906081,0.0058101799774901925,0.005816131495336333,0.00582206622326588,0.005827984252361856,0.005833885672976751,0.005839770574740299,0.005845639046567106,0.005851491176664194,0.00585732705253845,0.005863146761003976,0.005868950388189329,0.005874738019544696,0.005880509739848949,0.005886265633216611,0.005892005783104757,0.005897730272319795,0.005903439183024167,0.005909132596742999,0.005914810594370605,0.005920473256176967,0.005926120661814077,0.0059317528903222606,0.005937370020136365,0.005942972129091906,0.005948559294431102,0.005954131592808888,0.005959689100298786,0.005965231892398759,0.005970760044036949,0.005976273629577388,0.005981772722825592,0.0059872573970341245,0.005992727724908064,0.005998183778610414,0.00600362562976745,0.006009053349474006,0.006014467008298676,0.006019866676288972,0.006025252422976414,0.006030624317381544,0.006035982428018912,0.006041326822901955,0.006046657569547875,0.006051974734982397,0.0060572783857445155,0.0060625685878911645,0.006067845407001844,0.006073108908183171,0.006078359156073395,0.006083596214846854,0.006088820148218374,0.006094031019447619,0.006099228891343406,0.006104413826267933,0.006109585886140986,0.0061147451324441,0.0061198916262246526,0.006125025428099904,0.006130146598261041,0.006135255196477096,0.006140351282098896,0.006145434914062914,0.006150506150895096,0.006155565050714643,0.006160611671237774,0.006165646069781374,0.0061706683032666755,0.006175678428222891,0.006180676500790738,0.006185662576726006,0.006190636711403025,0.006195598959818131,0.006200549376593081,0.006205488015978402,0.006210414931856763,0.00621533017774624,0.00622023380680361,0.006225125871827554,0.0062300064252618515,0.006234875519198549,0.0062397332053810645,0.006244579535207279,0.00624941455973259,0.006254238329672923,0.006259050895407736,0.006263852306982936,0.006268642614113839,0.006273421866188033,0.006278190112268244,0.006282947401095168,0.006287693781090246,0.006292429300358458,0.006297154006691034,0.006301867947568177,0.006306571170161733,0.006311263721337834,0.006315945647659535,0.006320616995389387,0.006325277810492021,0.006329928138636666,0.006334568025199683,0.006339197515267019,0.0063438166536367,0.006348425484821232,0.006353024053050032,0.0063576124022717935,0.00636219057615685,0.006366758618099494,0.006371316571220321,0.006375864478368463,0.006380402382123893,0.006384930324799627,0.006389448348443961,0.006393956494842657,0.006398454805521102,0.006402943321746466,0.006407422084529815,0.006411891134628219,0.0064163505125468265,0.006420800258540945,0.006425240412618047,0.006429671014539821,0.006434092103824135,0.006438503719747048,0.006442905901344743,0.006447298687415481,0.006451682116521503,0.006456056226990937,0.006460421056919688,0.006464776644173283,0.006469123026388718,0.006473460240976296,0.006477788325121407,0.006482107315786352,0.006486417249712072,0.006490718163419937,0.006495010093213464,0.006499293075180036,0.006503567145192616,0.006507832338911413,0.006512088691785572,0.006516336239054815,0.006520575015751073,0.0065248050567001175,0.0065290263965231705,0.006533239069638466,0.006537443110262857,0.006541638552413348,0.006545825429908671,0.006550003776370762,0.006554173625226345,0.006558335009708365,0.006562487962857523,0.0065666325175237125,0.006570768706367507,0.006574896561861576,0.006579016116292132,0.0065831274017603535,0.006587230450183756,0.006591325293297619,0.006595411962656346,0.006599490489634813,0.00660356090542976,0.006607623241061085,0.006611677527373197,0.0066157237950363245,0.0066197620745478015,0.006623792396233392,0.006627814790248522,0.0066318292865795835,0.006635835915045161,0.006639834705297292,0.006643825686822692,0.006647808888943965,0.006651784340820824,0.006655752071451288,0.0066597121096728515,0.006663664484163683,0.006667609223443778,0.006671546355876108,0.0066754759096677736,0.006679397912871136,0.006683312393384939,0.006687219378955416,0.006691118897177401,0.0066950109754954235,0.0066988956412047775,0.006702772921452614,0.006706642843238989,0.006710505433417927,0.006714360718698456,0.006718208725645665,0.006722049480681706,0.006725883010086821,0.006729709340000348,0.006733528496421733,0.006737340505211503,0.00674114539209226,0.006744943182649641,0.006748733902333302,0.006752517576457856,0.006756294230203838,0.006760063888618627,0.006763826576617387,0.0067675823189839905,0.006771331140371937,0.0067750730653052494,0.006778808118179387,0.006782536323262124,0.006786257704694441,0.006789972286491408,0.0067936800925430425,0.006797381146615164,0.0068010754723502745,0.0068047630932683845,0.006808444032767848,0.0068121183141262205,0.0068157859605010515,0.006819446994930736,0.006823101440335296,0.0068267493195172104,0.006830390655162194,0.00683402546983999,0.006837653786005174,0.006841275625997909,0.00684489101204472,0.006848499966259275,0.006852102510643126,0.00685569866708647,0.006859288457368888,0.006862871903160091,0.0068664490260206545,0.006870019847402731,0.006873584388650794,0.006877142671002343,0.006880694715588594,0.006884240543435227,0.0068877801754630335,0.0068913136324886435,0.006894840935225201,0.006898362104283043,0.006901877160170375,0.006905386123293943,0.006908889013959699,0.006912385852373452,0.0069158766586415255,0.0069193614527714165,0.006922840254672421,0.006926313084156272,0.0069297799609377994,0.0069332409046355134,0.006936695934772274,0.0069401450707758695,0.006943588331979646,0.006947025737623119,0.006950457306852568,0.006953883058721631,0.006957303012191911,0.006960717186133558,0.006964125599325842,0.006967528270457749,0.006970925218128544,0.0069743164608483494,0.006977702017038695,0.006981081905033103,0.006984456143077616,0.0069878247493313835,0.006991187741867174,0.0069945451386719424,0.0069978969576473555,0.007001243216610346,0.007004583933293613,0.007007919125346185,0.0070112488103339105,0.007014573005739994,0.007017891728965505,0.007021204997329899,0.007024512828071498,0.007027815238348038,0.007031112245237104,0.007034403865736694,0.007037690116765663,0.007040971015164218,0.007044246577694425,0.007047516821040665,0.007050781761810111,0.00705404141653322,0.007057295801664187,0.007060544933581402,0.007063788828587938,0.007067027502911991,0.0070702609727073314,0.007073489254053772,0.0070767123629576064,0.007079930315352037,0.007083143127097666,0.00708635081398288,0.007089553391724304,0.0070927508759672546,0.007095943282286132,0.00709913062618486,0.0071023129230973255,0.007105490188387779,0.007108662437351242,0.007111829685213942,0.007114991947133708,0.007118149238200381,0.007121301573436212,0.007124448967796275,0.007127591436168854,0.007130728993375847,0.0071338616541731376,0.007136989433251006,0.007140112345234508,0.00714323040468386,0.007146343626094812,0.007149452023899024,0.00715255561246446,0.007155654406095744,0.007158748419034524,0.007161837665459855,0.007164922159488555,0.007168001915175558,0.0071710769465142985,0.007174147267437036,0.007177212891815231,0.007180273833459892,0.007183330106121907,0.0071863817234924295,0.007189428699203175,0.007192471046826791,0.007195508779877187,0.007198541911809872,0.007201570456022299,0.007204594425854176,0.007207613834587802,0.007210628695448411,0.007213639021604481,0.007216644826168048,0.007219646122195051,0.0072226429226856185,0.007225635240584426,0.0072286230887809565,0.0072316064801098605,0.007234585427351232,0.007237559943230935,0.007240530040420898,0.007243495731539416,0.0072464570291514594,0.007249413945768958,0.0072523664938511125,0.007255314685804687,0.007258258533984285,0.007261198050692655,0.007264133248180974,0.007267064138649138,0.0072699907342460394,0.007272913047069848,0.0072758310891683,0.007278744872538976,0.007281654409129555,0.007284559710838129,0.007287460789513435,0.007290357656955151,0.007293250324914159,0.007296138805092809,0.007299023109145194,0.007301903248677386,0.007304779235247739,0.007307651080367122,0.00731051879549917,0.007313382392060562,0.007316241881421269,0.0073190972749048,0.007321948583788459,0.007324795819303591,0.0073276389926358295,0.007330478114925358,0.007333313197267124,0.007336144250711112,0.007338971286262569,0.007341794314882245,0.007344613347486643,0.007347428394948231,0.007350239468095701,0.007353046577714193,0.007355849734545529,0.007358648949288439,0.00736144423259879,0.007364235595089821,0.007367023047332361,0.007369806599855052,0.007372586263144579,0.007375362047645892,0.007378133963762412,0.007380902021856266,0.007383666232248496,0.007386426605219272,0.007389183151008113,0.007391935879814098,0.007394684801796075,0.0073974299270728695,0.007400171265723496,0.007402908827787369,0.007405642623264497,0.007408372662115708,0.007411098954262826,0.0074138215095888955,0.007416540337938376,0.007419255449117325,0.007421966852893628,0.007424674558997165,0.007427378577120024,0.0074300789169166855,0.007432775588004228,0.0074354685999625065,0.007438157962334346,0.007440843684625734,0.0074435257763060215,0.007446204246808075,0.007448879105528495,0.0074515503618278,0.007454218025030577,0.0074568821044257065,0.007459542609266515,0.007462199548770956,0.007464852932121821,0.0074675027684668605,0.007470149066919021,0.007472791836556579,0.007475431086423327,0.007478066825528757,0.00748069906284822,0.007483327807323104,0.007485953067860996,0.007488574853335863,0.007491193172588221,0.007493808034425271,0.007496419447621115,0.007499027420916889,0.007501631963020913,0.007504233082608907,0.007506830788324086,0.007509425088777375,0.007512015992547549,0.007514603508181377,0.007517187644193801,0.0075197684090680915,0.007522345811255998,0.007524919859177883,0.007527490561222929,0.007530057925749241,0.007532621961084015,0.007535182675523701,0.007537740077334142,0.007540294174750719,0.00754284497597851,0.007545392489192435,0.007547936722537409,0.007550477684128464,0.007553015382050912,0.007555549824360504,0.007558081019083539,0.007560608974217035,0.007563133697728848,0.007565655197557837,0.007568173481613983,0.0075706885577785255,0.007573200433904145,0.007575709117815021,0.007578214617307053,0.0075807169401479295,0.007583216094077305,0.00758571208680692,0.007588204926020722,0.007590694619375016,0.007593181174498592,0.007595664598992856,0.007598144900431947,0.007600622086362884,0.007603096164305687,0.0076055671417535105,0.007608035026172757,0.007610499825003218,0.007612961545658193,0.0076154201955246125,0.007617875781963159,0.007620328312308414,0.007622777793868944,0.0076252242339274485,0.007627667639740878,0.007630108018540548,0.007632545377532252,0.007634979723896404,0.007637411064788134,0.007639839407337418,0.0076422647586491905,0.007644687125803463,0.007647106515855438,0.007649522935835629,0.007651936392749963,0.007654346893579907,0.007656754445282576,0.007659159054790852,0.007661560729013475,0.007663959474835178,0.007666355299116787,0.007668748208695332,0.00767113821038415,0.0076735253109730195,0.007675909517228222,0.007678290835892692,0.007680669273686107,0.007683044837304995,0.007685417533422833,0.007687787368690166,0.0076901543497347015,0.007692518483161413,0.007694879775552656,0.007697238233468248,0.0076995938634455904,0.007701946671999761,0.007704296665623616,0.007706643850787896,0.007708988233941311,0.007711329821510666,0.007713668619900923,0.007716004635495332,0.007718337874655515,0.007720668343721556,0.007722996049012115,0.007725320996824508,0.00772764319343481,0.007729962645097948,0.007732279358047795,0.007734593338497263,0.0077369045926384055,0.007739213126642494,0.007741518946660122,0.007743822058821294,0.007746122469235518,0.007748420183991883,0.007750715209159183,0.00775300755078596,0.007755297214900638,0.007757584207511578,0.007759868533593611,0.00776215020003591,0.007764429212838234,0.007766705577943578,0.007768979301248671,0.007771250388673254,0.007773518846022869,0.007775784679181044,0.007778047894031535,0.0077803084962842495,0.007782566491857922,0.007784821886459261,0.0077870746857840924,0.007789324895697906,0.007791572521762205,0.0077938175697998815,0.007796060045513391,0.007798299954450762,0.007800537302323729,0.007802772094798357,0.00780500433739572,0.0078072340356886444,0.007809461195365249,0.007811685821857713,0.007813907920790009,0.007816127497695799,0.007818344558033555,0.007820559107287905,0.00782277115091935,0.007824980694346268,0.00782718774305617,0.007829392302331607,0.007831594377733122,0.00783379397460445,0.007835991098163282,0.00783818575396273,0.00784037794719902,0.007842567683236728,0.007844754967369024,0.007846939804682814,0.007849122200667068,0.00785130216053665,0.007853479689475687,0.007855654792675412,0.007857827475307185,0.007859997742595765,0.007862165599676795,0.007864331051687797,0.0078664941037663,0.007868654761013397,0.007870813028523658,0.007872968911372978,0.007875122414608575,0.007877273543305243,0.007879422302507095,0.007881568697161324,0.007883712732303793,0.007885854412916959,0.007887993743942247,0.007890130730343765,0.007892265377000274,0.007894397689003465,0.007896527671164041,0.007898655328368224,0.007900780665512842,0.007902903687405432,0.007905024398894497,0.007907142804854224,0.007909258910062129,0.007911372719343729,0.007913484237476783,0.007915593469231895,0.007917700419368855,0.007919805092595225,0.007921907493674663,0.007924007627308436,0.007926105498198199,0.007928201110997379,0.007930294470418332,0.007932385581154782,0.007934474447730268,0.007936561074830192,0.007938645467064012,0.007940727629015548,0.007942807565245819,0.007944885280371433,0.007946960779060512,0.007949034065750277,0.007951105144805343,0.00795317402087237,0.00795524069843448,0.007957305182036417,0.007959367476095595,0.00796142758512156,0.007963485513499995,0.007965541265697563,0.007967594846138282,0.007969646259276231,0.007971695509435207,0.007973742601002606,0.007975787538361437,0.00797783032586152,0.007979870967823023,0.00798190946861357,0.00798394583252777,0.007985980063872203,0.007988012166930113,0.007990042145974109,0.007992070005274179,0.007994095749083741,0.007996119381633932,0.007998140907154375,0.00800016032986922,0.008002177653958895,0.008004192883617148,0.00800620602302307,0.008008217076343546,0.008010226047724243,0.008012232941305021,0.008014237761203405,0.008016240511553486,0.008018241196460558,0.008020239819998096,0.008022236386287572,0.008024230899320537,0.008026223363191832,0.008028213781937146,0.008030202159600461,0.008032188500185685,0.00803417280771557,0.008036155086180578,0.008038135339557644,0.008040113571816082,0.008042089786937979,0.008044063988871123,0.00804603618154084,0.00804800636887274,0.008049974554785965,0.008051940743184629,0.008053904937968258,0.008055867143009083,0.008057827362185846,0.008059785599348715,0.008061741858348882,0.008063696143003824,0.008065648457179225,0.008067598804674765,0.008069547189298986,0.008071493614832352,0.00807343808504186,0.00807538060371832,0.008077321174646377,0.008079259801550429,0.008081196488171787,0.00808313123773222,0.008085064054979378,0.008086994943101267,0.008088923905770368,0.008090850946725412,0.008092776069615544,0.008094699278085773,0.008096620575819674,0.008098539966458153,0.008100457453628475,0.008102373040952942,0.0081042867320569,0.008106198530538716,0.008108108439989083,0.008110016463990776,0.008111922606113812,0.00811382686992422,0.00811572925897661,0.008117629776821345,0.00811952842698849,0.008121425213005257,0.008123320138387024,0.008125213206644348,0.008127104421250702,0.008128993785627122,0.008130881303393471,0.008132766977942112,0.008134650812733932,0.008136532811207652,0.008138412976806512,0.008140291312958872,0.008142167822983971,0.008144042510473336,0.008145915378736157,0.008147786431166062,0.008149655671137563,0.008151523102025476,0.008153388727193959,0.008155252550054818,0.008157114573816581,0.008158974801880534,0.008160833237557844,0.008162689884193353,0.008164544745087057,0.008166397823528036,0.008168249122833086,0.008170098646228852,0.008171946396987454,0.00817379237841723,0.008175636593747374,0.008177479046304033,0.008179319739135514,0.008181158675593958,0.008182995858871311,0.008184831292187307,0.00818666497875866,0.008188496921721845,0.008190327124340558,0.008192155589693398,0.008193982320983005,0.00819580732138501,0.008197630594025552,0.008199452142127885,0.008201271968662544,0.00820309007685976,0.008204906469824608,0.008206721150632717,0.008208534122394423,0.008210345388235712,0.008212154951204163,0.008213962814325388,0.008215768980809213,0.008217573453586842,0.008219376235745032,0.008221177330348132,0.008222976740377254,0.008224774468881996,0.00822657051887332,0.008228364893365061,0.00823015759535611,0.008231948627835847,0.008233737993793762,0.008235525696195248,0.00823731173814442,0.008239096122357428,0.008240878851906283,0.008242659929732178,0.008244439358778914,0.008246217141969292,0.008247993282254283,0.008249767782504844,0.008251540645675622,0.008253311874594117,0.008255081472202159,0.008256849441372506,0.008258615784983863,0.008260380505906797,0.008262143606970843,0.008263905091086576,0.008265664961066612,0.008267423219756024,0.008269179869991847,0.008270934914593962,0.008272688356353364,0.008274440198123708,0.008276190442695782,0.008277939092852658,0.008279686151390441,0.008281431621087706,0.008283175504706638,0.008284917805030647,0.008286658524802117,0.008288397666725473,0.008290135233653831,0.008291871228195273,0.008293605653233971,0.008295338511412008,0.008297069805435434,0.00829879953804692,0.00830052771193445,0.008302254329785314,0.008303979394292964,0.008305702908144825,0.00830742487404384,0.008309145294583818,0.008310864172477143,0.008312581510378834,0.008314297310960441,0.008316011576778817,0.008317724310568639,0.008319435514858127,0.008321145192320632,0.00832285334555868,0.008324559977193025,0.00832626508981862,0.00832796868600639,0.008329670768402285,0.008331371339557072,0.008333070401967813,0.008334767958356793,0.008336464011209256,0.0083381585630811,0.008339851616517692,0.008341543174067803,0.008343233238285334,0.00834492181168105,0.00834660889676725,0.008348294496071952,0.008349978611948597,0.008351661247204888,0.008353342404174773,0.008355022085376083,0.008356700293291958,0.008358377030401714,0.008360052299170266,0.008361726102110167,0.008363398441608185,0.008365069320150601,0.008366738740244994,0.008368406704227239,0.008370073214581582,0.008371738273735637,0.008373401884129805,0.008375064048173071,0.008376724768299829,0.008378384046874982,0.008380041886328331,0.008381698289025845,0.008383353257390593,0.00838500679379992,0.008386658900593862,0.008388309580238961,0.008389958834993416,0.008391606667269465,0.008393253079411838,0.008394898073763842,0.00839654165268017,0.008398183818489944,0.00839982457352311,0.00840146392012882,0.008403101860591455,0.008404738397235835,0.008406373532375326,0.00840800726832809,0.008409639607353199,0.008411270551769016,0.008412900103853881,0.008414528265953718,0.008416155040219293,0.008417780428981362,0.008419404434500323,0.00842102705903997,0.008422648304854188,0.008424268174244787,0.008425886669339896,0.008427503792434421,0.008429119545756444,0.008430733931536896,0.008432346951992914,0.008433958609350692,0.00843556890581029,0.00843717784356203,0.008438785424874059,0.008440391651838524,0.008441996526694837,0.008443600051628895,0.008445202228796923,0.008446803060394978,0.008448402548615303,0.008450000695572888,0.008451597503443075,0.008453192974370157,0.008454787110510112,0.008456379914003179,0.008457971386940929,0.008459561531543237,0.008461150349904715,0.00846273784414046,0.00846432401637144,0.008465908868738261,0.008467492403301918,0.008469074622153553,0.00847065552740978,0.008472235121157719,0.008473813405512393,0.008475390382533397,0.00847696605430164,0.008478540422888469,0.008480113490365135,0.008481685258783256,0.008483255730217592,0.008484824906695892,0.00848639279032427,0.00848795938313694,0.008489524687113883,0.008491088704284241,0.00849265143677439,0.008494212886541792,0.008495773055550146,0.008497331945866623,0.008498889559558097,0.008500445898570717,0.008502000964847507,0.008503554760517432,0.008505107287464333,0.008506658547755707,0.00850820854328799,0.008509757276083375,0.008511304748118793,0.008512850961360523,0.008514395917762412,0.008515939619287257,0.008517482067914731,0.008519023265634395,0.008520563214278644,0.008522101915848315,0.008523639372284484,0.008525175585506342,0.008526710557449156,0.00852824429010093,0.00852977678526086,0.00853130804489991,0.008532838070920142,0.008534366865289227,0.008535894429836783,0.008537420766472929,0.00853894587706739,0.00854046976359886,0.00854199242783733,0.008543513871739945,0.008545034097136648,0.008546553105942305,0.008548070899987934,0.00854958748113222,0.008551102851269749,0.008552617012237444,0.008554129965876352,0.008555641714045105,0.00855715225860109,0.008558661601351774,0.008560169744145998,0.00856167668881333,0.008563182437179014,0.008564686991064913,0.008566190352287693,0.008567692522661341,0.008569193504007843,0.008570693298105362,0.008572191906768235,0.008573689331806298,0.008575185574986146,0.008576680638109603,0.008578174522962298,0.008579667231324478,0.008581158764973637,0.00858264912568206,0.008584138315218634,0.00858562633534826,0.008587113187832113,0.008588598874426855,0.008590083396885969,0.008591566756959011,0.008593048956391042,0.008594529996923835,0.00859600988029482,0.008597488608237454,0.008598966182482279,0.008600442604770176,0.0086019178768086,0.008603392000315176,0.008604864977005225,0.008606336808573686,0.008607807496762175,0.008609277043251505,0.008610745449744862,0.008612212717937245,0.008613678849522324,0.008615143846187329,0.008616607709674116,0.008618070441599488,0.008619532043597456,0.008620992517393993,0.008622451864675603,0.00862391008707131,0.008625367186257739,0.008626823163914946,0.00862827802167966,0.008629731761199983,0.00863118438410107,0.008632635892090894,0.008634086286761792,0.008635535569817216,0.008636983742785993,0.008638430807347204,0.008639876765179482,0.008641321617805458,0.008642765366884244,0.008644208014043305,0.008645649560912629,0.008647090009084986,0.00864852936016352,0.008649967615760683,0.008651404777514514,0.008652840846915685,0.008654275825615593,0.008655709715202355,0.008657142517295203,0.008658574233378166,0.008660004865109054,0.008661434414038618,0.00866286288173664,0.008664290269773835,0.008665716579746652,0.008667141813168851,0.008668565971645111,0.00866998905668051,0.008671411069867007,0.008672832012704409,0.008674251886760085,0.008675670693584846,0.008677088434715742,0.008678505111728439,0.008679920726095067,0.008681335279326779,0.008682748772969203,0.008684161208554997,0.008685572587601144,0.008686982911669337,0.008688392182180347,0.008689800400697065,0.008691207568707119,0.00869261368771937,0.008694018759237868,0.008695422784756183,0.00869682576576817,0.008698227703761378,0.008699628600195167,0.008701028456602403,0.008702427274443517,0.008703825055174296,0.00870522180026081,0.00870661751125515,0.008708012189556094,0.00870940583666064,0.008710798453996936,0.008712190043043227,0.008713580605262205,0.008714970142184624,0.008716358655068687,0.008717746145488705,0.008719132614850461,0.008720518064596458,0.008721902496187784,0.00872328591105524,0.008724668310559375,0.00872604969623044,0.008727430069301984,0.008728809431471462,0.00873018778406698,0.008731565128464243,0.008732941466086759,0.008734316798353488,0.008735691126655972,0.008737064452398486,0.008738436776991236,0.008739808101822313,0.008741178428267271,0.00874254775778529,0.008743916091725033,0.008745283431485376,0.008746649778457724,0.008748015134056342,0.008749379499548649,0.008750742876379626,0.008752105265914804,0.00875346666952451,0.008754827088580693,0.008756186524448012,0.008757544978484804,0.008758902452007776,0.008760258946478375,0.00876161446317658,0.008762969003472967,0.008764322568706486,0.008765675160226662,0.008767026779368322,0.008768377427478031,0.00876972710588867,0.00877107581593613,0.008772423558911035,0.008773770336232261,0.008775116149177928,0.008776460999068189,0.008777804887232463,0.008779147814984175,0.008780489783621441,0.00878183079449521,0.00878317084889127,0.008784509948123924,0.00878584809349877,0.008787185286313963,0.008788521527863618,0.00878985681942768,0.00879119116231749,0.008792524557852994,0.008793857007299132,0.008795188511948292,0.0087965190730675,0.008797848691925052,0.008799177369860172,0.008800505108107962,0.008801831907938129,0.008803157770599944,0.008804482697436469,0.00880580668961657,0.008807129748519516,0.008808451875318925,0.008809773071287231,0.008811093337712812,0.008812412675834845,0.008813731086892738,0.008815048572134325,0.008816365132805336,0.008817680770154475,0.008818995485347465,0.008820309279776279,0.008821622154597657,0.008822934111037314,0.008824245150327493,0.00882555527370007,0.008826864482383266,0.008828172777587105,0.008829480160569685,0.00883078663251943,0.008832092194643155,0.008833396848205636,0.008834700594397131,0.00883600343437405,0.008837305369517861,0.00883860640076041,0.008839906529467846,0.008841205756796557,0.008842504083979508,0.008843801512200645,0.008845098042618427,0.008846393676446618,0.008847688414886954,0.008848982259096905,0.008850275210285996,0.008851567269625656,0.008852858438302962,0.008854148717486148,0.00885543810837981,0.008856726612119763,0.008858014229871407,0.008859300962820872,0.00886058681212673,0.008861871778937859,0.00886315586443893,0.008864439069821524,0.008865721396149351,0.008867002844655561,0.008868283416428474,0.008869563112643475,0.00887084193444606,0.00887211988295483,0.008873396959412217,0.008874673164849847,0.008875948500454601,0.008877222967355337,0.00887849656668206,0.008879769299550967,0.00888104116713039,0.008882312170508817,0.00888358231084216,0.008884851589237663,0.008886120006814375,0.00888738756469328,0.00888865426399435,0.008889920105828324,0.008891185091308802,0.00889244922154198,0.00889371249763926,0.008894974920700715,0.008896236491835428,0.00889749721213629,0.00889875708271581,0.008900016104664366,0.008901274279088382,0.008902531607121376,0.008903788089739085,0.008905043728142067,0.008906298523312478,0.008907552476472328,0.008908805588529444,0.008910057860724008,0.008911309294071018,0.008912559889646664,0.008913809648470902,0.008915058571653728,0.008916306660294549,0.00891755391547278,0.00891880033822525,0.008920045929625442,0.008921290690669726,0.008922534622503154,0.008923777726157144,0.008925020002688865,0.008926261453155396,0.008927502078609212,0.008928741880114374,0.008929980858655859,0.00893121901539886,0.008932456351256992,0.008933692867348865,0.008934928564730178,0.008936163444371946,0.008937397507373154,0.008938630754671259,0.008939863187438625,0.008941094806601579,0.008942325613223457,0.008943555608344752,0.00894478479297479,0.008946013168120874,0.008947240734822916,0.008948467494081404,0.008949693446940072,0.008950918594402883,0.008952142937481944,0.00895336647718968,0.008954589214538443,0.00895581115051935,0.008957032286167068,0.008958252622471621,0.008959472160434198,0.00896069090105136,0.00896190884532996,0.008963125994260577,0.008964342348842993,0.008965557910026583,0.008966772678899825,0.008967986656379165,0.008969199843465682,0.008970412241145668,0.008971623850403065,0.008972834672263915,0.008974044707620374,0.008975253957498472,0.008976462422871286,0.008977670104723222,0.008978877004035123,0.008980083121732325,0.008981288458811451,0.008982493016243018,0.008983696794989967,0.008984899796018192,0.008986102020287273,0.008987303468762855,0.00898850414240984,0.008989704042161631,0.00899090316899087,0.008992101523911009,0.00899329910774615,0.008994495921509738,0.008995691966150828,0.008996887242615432,0.008998081751838909,0.008999275494784546,0.009000468472381918,0.009001660685570031,0.009002852135292488,0.00900404282246529,0.009005232748061379,0.00900642191296624,0.009007610318153083,0.009008797964534215,0.009009984853036957,0.009011170984561091,0.009012356360124707,0.009013540980591827,0.009014724846829783,0.009015907959804767,0.00901709032041008,0.009018271929611979,0.009019452788302388,0.00902063289743411,0.009021812257811115,0.009022990870413193,0.009024168736140627,0.00902534585593273,0.00902652223062775,0.009027697861161903,0.009028872748446196,0.009030046893344709,0.009031220296797643,0.009032392959685132,0.009033564882900696,0.009034736067340806,0.0090359065138942,0.009037076223444495,0.009038245196898605,0.009039413435136584,0.009040580939013257,0.009041747709460384,0.009042913747342871,0.00904407905353084,0.009045243628903753,0.009046407474354102,0.009047570590748788,0.009048732978983554,0.009049894639914065,0.00905105557438196,0.00905221578328779,0.009053375267486131,0.009054534027810956,0.009055692065211979,0.009056849380508866,0.009058005974452518,0.009059161848070572,0.009060317002242028,0.009061471437726181,0.009062625155378869,0.009063778156087528,0.009064930440717616,0.009066082010071457,0.00906723286502609,0.009068383006441723,0.009069532435144056,0.009070681152041437,0.009071829157868744,0.009072976453514164,0.009074123039836663,0.009075268917676736,0.00907641408786232,0.009077558551218874,0.009078702308594448,0.00907984536081533,0.009080987708773974,0.009082129353237016,0.009083270295031457,0.009084410534966107,0.009085550073911493,0.009086688912654224,0.009087827052052909,0.009088964492935102,0.00909010123609567,0.009091237282360467,0.00909237263256055,0.009093507287499634,0.009094641247991668,0.009095774514869126,0.009096907088917677,0.009098038970970938,0.009099170161825793,0.009100300662289102,0.009101430473173988,0.009102559595281718,0.009103688029415854,0.009104815776379638,0.00910594283696802,0.009107069211990103,0.0091081949022389,0.00910931990850344,0.009110444231531418,0.009111567872252474,0.009112690831365027,0.009113813109671152,0.009114934707965509,0.009116055627036187,0.009117175867677685,0.009118295430671684,0.009119414316785006,0.0091205325268606,0.00912165006160165,0.009122766921820308,0.009123883108297684,0.009124998621800839,0.00912611346312287,0.00912722763303955,0.009128341132318632,0.009129453961676385,0.009130566121907052,0.009131677613896518,0.009132788438338169,0.009133898595999225,0.009135008087626873,0.00913611691399832,0.009137225075870326,0.009138332574019954,0.009139439409199104,0.00914054558216361,0.009141651093680132,0.009142755944470138,0.009143860135345475,0.009144963667035788,0.009146066540341393,0.00914716875591966,0.00914827031460495,0.009149371217074383,0.009150471464107086,0.00915157105645896,0.009152669994864632,0.009153768280073114,0.009154865912828509,0.009155962893926553,0.009157059223993576,0.009158154903830899,0.009159249934165168,0.009160344315757525,0.009161438049366337,0.009162531135609662,0.009163623575370778,0.009164715369311738,0.009165806518118191,0.009166897022541498,0.00916798688334936,0.009169076101234566,0.009170164676999253,0.009171252611252059,0.009172339904752675,0.009173426558308412,0.009174512572522223,0.009175597948173688,0.009176682685949605,0.009177766786562151,0.00917885025080342,0.009179933079383598,0.009181015272918916,0.009182096832183632,0.009183177757872668,0.009184258050704755,0.009185337711392964,0.009186416740642928,0.009187495139156303,0.009188572907725921,0.0091896500468806,0.009190726557490255,0.009191802440235342,0.009192877695634021,0.009193952324514415,0.009195026327657951,0.009196099705597599,0.009197172459109747,0.009198244588959627,0.009199316095710213,0.009200386980210785,0.009201457242952642,0.009202526884730411,0.00920359590622518,0.009204664308145542,0.00920573209123036,0.009206799256024939,0.009207865803300515,0.009208931733746548,0.009209997048015253,0.009211061746802926,0.009212125830784202,0.009213189300665024,0.009214252157087833,0.009215314400744488,0.009216376032310871,0.00921743705247557,0.009218497461898945,0.009219557261266284,0.009220616451221957,0.009221675032426093,0.009222733005588043,0.009223790371429876,0.009224847130465067,0.009225903283464473,0.009226958831050434,0.009228013773913739,0.009229068112735514,0.009230121848124058,0.009231174980831416,0.009232227511396905,0.009233279440482437,0.009234330768870995,0.009235381497143208,0.009236431626050938,0.009237481156049,0.009238530087874357,0.009239578422233441,0.009240626159757022,0.009241673301149977,0.009242719846909048,0.009243765797784723,0.009244811154398196,0.009245855917407285,0.009246900087439284,0.009247943665174119,0.009248986651234319,0.009250029046251197,0.009251070850865701,0.009252112065754403,0.009253152691517465,0.009254192728828303,0.009255232178280854,0.009256271040525243,0.009257309316198586,0.009258347005932917,0.009259384110363504,0.009260420630116688,0.009261456565840294,0.009262491918144263,0.009263526687685495,0.009264560875047314,0.00926559448087827,0.009266627505803843,0.009267659950452176,0.00926869181543969,0.009269723101391679,0.009270753808927373,0.009271783938673502,0.009272813491242897,0.009273842467259794,0.00927487086733779,0.009275898692096132,0.009276925942145109,0.00927795261806595,0.009278978720548222,0.00928000425016837,0.009281029207535494,0.00928205359318805,0.009283077407877927,0.009284100652141922,0.009285123326483593,0.00928614543173093,0.009287166968348666,0.009288187936991116,0.009289208338189442,0.009290228172655584,0.009291247440919522,0.009292266143602793,0.009293284281244199,0.009294301854547148,0.00929531886407307,0.009296335310383576,0.00929735119409865,0.009298366515836437,0.00929938127620649,0.009300395475725294,0.009301409115012482,0.009302422194656075,0.009303434715270991,0.00930444667745946,0.00930545808177605,0.00930646892887035,0.009307479219251472,0.009308488953509851,0.00930949813224944,0.00931050675607586,0.009311514825575067,0.009312522341296736,0.009313529303838433,0.009314535713869693,0.00931554157179272,0.009316546878360518,0.009317551633982882,0.00931855583932043,0.009319559494993598,0.009320562601490688,0.00932156515942853,0.009322567169378721,0.009323568631943563,0.009324569547624811,0.00932556991703081,0.009326569740759579,0.009327569019351348,0.009328567753379934,0.009329565943421783,0.009330563590027522,0.009331560693734305,0.009332557255188497,0.009333553274917769,0.00933454875346771,0.009335543691410942,0.009336538089305357,0.009337531947705317,0.009338525267194505,0.00933951804828123,0.009340510291591528,0.00934150199764473,0.00934249316705218,0.009343483800271397,0.009344473897898713,0.009345463460492361,0.009346452488605094,0.009347440982774513,0.009348428943583469,0.009349416371613298,0.00935040326730985,0.009351389631285515,0.009352375464073678,0.0093533607662372,0.009354345538309211,0.009355329780833945,0.009356313494358748,0.009357296679425685,0.009358279336563727,0.009359261466345938,0.009360243069301373,0.009361224146045748,0.009362204696954923,0.009363184722665351,0.009364164223696339,0.00936514320063932,0.009366121653931466,0.009367099584158212,0.009368076991829052,0.009369053877529857,0.009370030241697865,0.009371006084984217,0.009371981407880472,0.009372956210906372,0.009373930494597602,0.00937490425947263,0.009375877506064736,0.009376850234900523,0.009377822446487816,0.009378794141375157,0.009379765320099417,0.009380735983166204,0.00938170613110714,0.009382675764427912,0.009383644883669997,0.009384613489331155,0.009385581581954234,0.009386549162044448,0.009387516230139267,0.009388482786744602,0.009389448832375327,0.009390414367551194,0.009391379392798068,0.009392343908606944,0.009393307915499145,0.009394271414110191,0.009395234404660365,0.009396196887893263,0.009397158864265544,0.009398120334272782,0.009399081298448912,0.009400041757368138,0.00940100171136284,0.009401961161078972,0.00940292010696604,0.009403878549540643,0.009404836489310717,0.009405793926772611,0.009406750862446115,0.009407707296836517,0.009408663230421825,0.009409618663722872,0.009410573597277145,0.009411528031491635,0.009412481966921947,0.009413435404057655,0.009414388343385281,0.009415340785418135,0.009416292730720342,0.009417244179651028,0.009418195132771057,0.009419145590617968,0.00942009555358952,0.009421045022228234,0.009421993997013345,0.00942294247844709,0.009423890467020092,0.009424837963221399,0.009425784967540101,0.009426731480464069,0.009427677502480365,0.00942862303407524,0.009429568075735245,0.009430512627973278,0.009431456691229407,0.009432400265992406,0.009433343352756514,0.009434285952004223,0.009435228064228418,0.009436169689906867,0.009437110829491713,0.009438051483482342,0.009438991652357651,0.009439931336595162,0.009440870536693033,0.009441809253101839,0.00944274748628869,0.009443685236743606,0.009444622504940763,0.009445559291375692,0.009446495596484588,0.009447431420794041,0.009448366764709854,0.009449301628715177,0.009450236013323506,0.009451169918982753,0.009452103346149173,0.009453036295299094,0.009453968766895849,0.009454900761402466,0.009455832279298049,0.009456763321055196,0.009457693887112801,0.009458623977939064,0.009459553593988675,0.009460482735741026,0.00946141140369366,0.009462339598259345,0.00946326731993252,0.00946419456915865,0.009465121346396209,0.00946604765212801,0.009466973486764344,0.00946789885078617,0.009468823744652617,0.009469748168816924,0.009470672123738777,0.009471595609844952,0.00947251862764377,0.009473441177540773,0.0094743632600315,0.009475284875545865,0.00947620602453726,0.009477126707455432,0.009478046924752433,0.009478966676877006,0.00947988596427161,0.00948080478740212,0.009481723146756408,0.009482641042678505,0.009483558475670246,0.009484475446178675,0.00948539195465028,0.009486308001519488,0.009487223587283896,0.009488138712309796,0.00948905337705348,0.009489967582025945,0.009490881327532954,0.0094917946141342,0.009492707442237769,0.009493619812347354,0.009494531724769563,0.009495443180012237,0.009496354178573883,0.009497264720759539,0.009498174807072832,0.009499084437949437,0.00949999361382733,0.009500902335139802,0.009501810602319216,0.009502718415772368,0.009503625775986258,0.00950453268337198,0.009505439138451524,0.009506345141472637,0.009507250692955403,0.009508155793328735,0.009509060443018504,0.009509964642388204,0.009510868392013243,0.009511771692135488,0.009512674543293218,0.00951357694601525,0.009514478900535063,0.009515380407440554,0.009516281467076507,0.009517182079886492,0.00951808224627751,0.009518981966657583,0.009519881241433603,0.009520780071082037,0.009521678455933257,0.009522576396534742,0.00952347389324145,0.009524370946477506,0.009525267556687965,0.00952616372425202,0.009527059449598224,0.009527954733118148,0.009528849575162153,0.009529743976324879,0.009530637936934887,0.009531531457412227,0.009532424538152446,0.009533317179583034,0.009534209382063622,0.009535101146102282,0.009535992472044853,0.009536883360329054,0.009537773811361437,0.009538663825547918,0.00953955340330112,0.009540442545022456,0.009541331251120546,0.009542219521997792,0.009543107358077037,0.009543994759742498,0.009544881727414588,0.009545768261505574,0.00954665436242199,0.009547540030546265,0.009548425266293804,0.00954931007005603,0.009550194442269967,0.009551078383282258,0.009551961893542446,0.009552844973437875,0.009553727623394362,0.009554609843765247,0.009555491634990391,0.009556372997448001,0.009557253931514477,0.009558134437630863,0.009559014516175215,0.00955989416753635,0.009560773392119084,0.009561652190307884,0.009562530562542276,0.009563408509149433,0.00956428603055314,0.009565163127148855,0.009566039799324522,0.009566916047479,0.009567791871990718,0.009568667273267757,0.00956954225168489,0.009570416807645197,0.009571290941532262,0.009572164653731355,0.009573037944639632,0.009573910814646593,0.009574783264128134,0.009575655293476835,0.009576526903071491,0.00957739809331211,0.009578268864558833,0.009579139217232567,0.009580009151703235,0.0095808786683461,0.009581747767547678,0.009582616449770457,0.009583484715241165,0.009584352564429003,0.009585219997726775,0.009586087015449834,0.009586953618032934,0.009587819805843266,0.009588685579261999,0.009589550938663085,0.009590415884443057,0.009591280416948244,0.009592144536572216,0.009593008243672782,0.00959387153868181,0.00959473442191609,0.009595596893770476,0.009596458954590093,0.009597320604806208,0.009598181844767942,0.00959904267484247,0.009599903095406644,0.009600763106825358,0.009601622709477946,0.009602481903732037,0.009603340689958042,0.009604199068479275,0.00960505703975888,0.009605914604174554,0.00960677176199274,0.009607628513624,0.009608484859442008,0.00960934079980978,0.009610196335095115,0.009611051465680991,0.009611906191900596,0.009612760514152233,0.009613614432835935,0.009614467948196462,0.009615321060669754,0.009616173770645808,0.009617026078412512,0.009617877984368658,0.00961872948892372,0.009619580592351637,0.00962043129513592,0.009621281597515775,0.009622131499911991,0.009622981002610508,0.009623830106006984,0.009624678810528121,0.009625527116486277,0.009626375024229441,0.009627222534119326,0.009628069646481495,0.00962891636168509,0.009629762680083056,0.009630608602078804,0.00963145412800013,0.009632299258158235,0.00963314399301262,0.009633988332825342,0.009634832278052657,0.00963567582888728,0.009636518985876313,0.009637361749161123,0.00963820411918165,0.009639046096277349,0.00963988768081987,0.00964072887315391,0.009641569673647897,0.00964241008260557,0.009643250100362028,0.009644089727332196,0.009644928963800616,0.009645767810194507,0.009646606266803932,0.00964744433401413,0.009648282012110005,0.009649119301459255,0.009649956202416248,0.009650792715316912,0.009651628840512714,0.00965246457831177,0.009653299929107274,0.00965413489324147,0.009654969471032558,0.009655803662803561,0.009656637468930482,0.009657470889743724,0.009658303925573906,0.009659136576763115,0.009659968843663842,0.009660800726591767,0.009661632225898137,0.009662463341929356,0.009663294075005251,0.009664124425464896,0.009664954393650216,0.009665783979886372,0.009666613184483242,0.009667442007851497,0.00966827045028515,0.009669098512117941,0.00966992619370028,0.009670753495303882,0.009671580417335969,0.009672406960126594,0.009673233123953977,0.009674058909191182,0.00967488431615166,0.00967570934516934,0.009676533996562302,0.009677358270679472,0.00967818216784298,0.009679005688381797,0.009679828832617575,0.009680651600897077,0.009681473993542179,0.009682296010859435,0.009683117653190779,0.009683938920879525,0.00968475981423349,0.009685580333570858,0.009686400479234046,0.009687220251521703,0.009688039650778746,0.00968885867732206,0.009689677331478736,0.00969049561357161,0.009691313523932953,0.009692131062879,0.009692948230731874,0.009693765027810834,0.009694581454420531,0.009695397510910315,0.009696213197566873,0.009697028514741024,0.009697843462730888,0.009698658041864663,0.009699472252460008,0.009700286094836265,0.009701099569309358,0.009701912676214171,0.009702725415851564,0.009703537788526465,0.00970434979456761,0.009705161434292005,0.009705972708011233,0.00970678361604915,0.009707594158707032,0.00970840433631038,0.009709214149160357,0.00971002359757707,0.00971083268190199,0.009711641402445096,0.00971244975944207,0.009713257753255992,0.009714065384237155,0.009714872652620101,0.009715679558715346,0.009716486102900462,0.009717292285453176,0.009718098106681313,0.00971890356689782,0.009719708666390667,0.009720513405509444,0.009721317784539621,0.009722121803786387,0.009722925463559117,0.009723728764167616,0.009724531705912006,0.009725334289103655,0.009726136514062091,0.009726938381056234,0.009727739890423514,0.009728541042441873,0.009729341837438003,0.009730142275697459,0.009730942357530721,0.009731742083250434,0.009732541453132227,0.009733340467460333,0.009734139126597114,0.009734937430829838,0.009735735380428052,0.009736532975695733,0.00973733021696883,0.009738127104551464,0.00973892363870127,0.009739719819734712,0.009740515647950343,0.009741311123650492,0.009742106247119579,0.009742901018689864,0.009743695438613243,0.009744489507213771,0.009745283224777069,0.009746076591601698,0.00974686960798743,0.009747662274228575,0.009748454590614176,0.00974924655744132,0.009750038175003617,0.009750829443614396,0.009751620363516868,0.00975241093504826,0.009753201158490226,0.009753991034138938,0.009754780562284977,0.009755569743218695,0.009756358577224775,0.009757147064602019,0.009757935205619316,0.009758723000586745,0.009759510449828998,0.009760297553608927,0.009761084312146673,0.009761870725791143,0.009762656794886032,0.00976344251965953,0.009764227900399144,0.009765012937381296,0.009765797630906752,0.009766581981265015,0.009767365988766496,0.009768149653636022,0.009768932976198758,0.009769715956733921,0.009770498595529866,0.009771280892867927,0.009772062849028505,0.009772844464298085,0.00977362573896402,0.00977440667330516,0.0097751872676081,0.009775967522153895,0.009776747437219659,0.009777527013115647,0.009778306250070442,0.009779085148393681,0.00977986370837133,0.009780641930272924,0.009781419814395337,0.009782197360996002,0.009782974570338903,0.009783751442806073,0.009784527978538954,0.009785304177874843,0.009786080041115022,0.009786855568492374,0.009787630760280466,0.00978840561680712,0.009789180138315376,0.009789954325092816,0.00979072817740209,0.009791501695541282,0.009792274879758606,0.009793047730377535,0.00979382024761726,0.009794592431760162,0.009795364283089485,0.009796135801878483,0.009796906988420834,0.009797677842976187,0.00979844836580984,0.009799218557204769,0.00979998841740127,0.009800757946752848,0.009801527145417465,0.009802296013786621,0.009803064552010604,0.009803832760414006,0.009804600639252465,0.009805368188822917,0.009806135409405265,0.009806902301210396,0.009807668864551679,0.009808435099684475,0.009809201006889166,0.009809966586418998,0.00981073183854988,0.009811496763548554,0.009812261361685263,0.009813025633194111,0.009813789578400168,0.009814553197505986,0.009815316490800577,0.009816079458432235,0.0098168421009131,0.009817604418379682,0.009818366411106432,0.009819128079338591,0.009819889423351115,0.009820650443401078,0.009821411139759754,0.009822171512686138,0.009822931562445687,0.009823691289289994,0.009824450693489363,0.009825209775303007,0.00982596853497873,0.00982672697277368,0.009827485088993539,0.009828242883896238,0.009829000357687585,0.009829757510584123,0.00983051434296699,0.00983127085505906,0.009832027047086807,0.009832782919325619,0.009833538472053264,0.00983429370549648,0.00983504861995031,0.009835803215602646,0.009836557492760717,0.00983731145169664,0.009838065092646588,0.009838818415825736,0.009839571421514549,0.009840324109900137,0.009841076481455989,0.009841828536238785,0.009842580274535136,0.00984333169664343,0.009844082802783814,0.009844833593278205,0.009845584068250306,0.009846334228049652,0.009847084072908725,0.009847833603074807,0.009848582818797993,0.00984933172032855,0.00985008030797161,0.009850828581881202,0.009851576542350781,0.009852324189636988,0.009853071523985502,0.00985381854564883,0.009854565254816533,0.009855311651828251,0.00985605773695925,0.009856803510302952,0.009857548972258004,0.00985829412301775,0.009859038962786065,0.00985978349192411,0.009860527710581346,0.009861271619028248,0.009862015217518,0.009862758506295604,0.009863501485609747,0.009864244155749735,0.00986498651685483,0.009865728569245068,0.009866470313128003,0.009867211748797653,0.009867952876437307,0.009868693696356432,0.009869434208702269,0.009870174413804292,0.009870914311808174,0.009871653903095294,0.009872393187807022,0.009873132166248456,0.009873870838648744,0.009874609205239696,0.009875347266245492,0.009876085021937243,0.009876822472522967,0.009877559618273453,0.009878296459395084,0.009879032996149617,0.009879769228770048,0.009880505157496347,0.009881240782567873,0.009881976104231244,0.00988271112273719,0.009883445838298767,0.009884180251146082,0.009884914361486514,0.009885648169640285,0.009886381675797916,0.009887114880213339,0.009887847783037538,0.009888580384645077,0.009889312685216057,0.009890044684982063,0.009890776384217122,0.009891507783080568,0.009892238881784202,0.0098929696807102,0.009893700179971003,0.00989443037983321,0.009895160280518863,0.009895889882230741,0.009896619185277471,0.009897348189892753,0.00989807689626191,0.009898805304631686,0.009899533415232541,0.009900261228302135,0.009900988744082795,0.009901715962769236,0.009902442884657551,0.009903169509916378,0.009903895838781674,0.00990462187149352,0.009905347608308008,0.009906073049414803,0.00990679819506101,0.009907523045468075,0.009908247600880842,0.009908971861522174,0.009909695827613843,0.009910419499384242,0.009911142877081154,0.009911865960910695,0.009912588751099446,0.009913311247874305,0.009914033451477358,0.009914755362127665,0.009915476980005278,0.009916198305450805,0.009916919338556124,0.009917640079661982,0.009918360528956066,0.009919080686658135,0.00991980055297027,0.009920520128128042,0.009921239412394733,0.009921958405935556,0.00992267710899313,0.0099233955217979,0.00992411364457821,0.009924831477550052,0.009925549020890254,0.009926266274895443,0.009926983239819259,0.00992769991579007,0.009928416303101997,0.009929132401910176,0.00992984821250201,0.009930563735027575,0.009931278969727593,0.00993199391684761,0.009932708576589008,0.009933422949213747,0.009934137034871192,0.009934850833810814,0.009935564346266603,0.009936277572427907,0.009936990512572658,0.009937703166882299,0.009938415535566875,0.009939127618854057,0.00993983941697362,0.009940550930126855,0.009941262158530147,0.009941973102405483,0.009942683761951086,0.009943394137448176,0.009944104229091312,0.009944814036996031,0.009945523561481458,0.009946232802730744,0.00994694176096658,0.00994765043640171,0.009948358829248525,0.00994906693971996,0.009949774768034636,0.009950482314442625,0.009951189579087947,0.0099518965622238,0.009952603263952876,0.009953309684699546,0.009954015824605724,0.009954721683805923,0.009955427262550299,0.00995613256105434,0.009956837579538254,0.009957542318209594,0.009958246777269109,0.009958950956935879,0.00995965485742855,0.009960358478950607,0.009961061821713864,0.009961764885874939,0.009962467671751076,0.009963170179504916,0.009963872409374906,0.009964574361495348,0.00996527603610158,0.009965977433415043,0.009966678553666675,0.009967379397035629,0.00996807996374394,0.00996878025398178,0.009969480267953211,0.009970180005960203,0.00997087946807527,0.009971578654557356,0.009972277565623038,0.009972976201472404,0.009973674562223344,0.009974372648247349,0.0099750704595892,0.00997576799662617,0.00997646525943234,0.00997716224824778,0.009977858963338897,0.009978555404862224,0.009979251573014374,0.009979947468009684,0.009980643090035579,0.009981338439399566,0.009982033516173478,0.009982728320548728,0.009983422852789654,0.009984117113032398,0.009984811101702469,0.009985504818724282,0.009986198264412818,0.00998689143904411,0.009987584342660099,0.009988276975563072,0.009988969337932543,0.00998966143008971,0.009990353252031313,0.009991044804025599,0.009991736086301212,0.009992427099060711,0.009993117842457691,0.00999380831675953,0.009994498522174973,0.009995188458831244,0.00999587812695916,0.0099965675267802,0.009997256658462938,0.0099979455222171,0.009998634118261325,0.009999322446737978,0.010000010507917267,0.010000698301904884,0.010001385828988067,0.01000207308934339,0.010002760083128915,0.010003446810570799,0.010004133271876115,0.010004819467222401,0.01000550539681642,0.010006191060838467,0.010006876459492015,0.010007561592993812,0.010008246461501042,0.010008931065223055,0.010009615404361592,0.010010299479168348,0.010010983289715744,0.010011666836265953,0.01001235011900791,0.010013033138193227,0.010013715893959005,0.010014398386431885,0.010015080615868378,0.010015762582464722,0.010016444286414095,0.010017125727906166,0.010017806907115888,0.010018487824263853,0.010019168479557264,0.010019848873155539,0.010020529005237843,0.010021208875974635,0.01002188848565625,0.010022567834418638,0.010023246922432992,0.010023925749867898,0.01002460431696891,0.01002528262393042,0.010025960670913922,0.01002663845813933,0.01002731598575921,0.010027993253987549,0.010028670262972914,0.010029347012957745,0.010030023504032322,0.010030699736466022,0.010031375710502709,0.010032051426257188,0.010032726883888505,0.010033402083690203,0.010034077025728172,0.01003475171026751,0.010035426137470589,0.010036100307534632,0.010036774220627858,0.010037447876929308,0.010038121276604278,0.010038794419929028,0.01003946730703646,0.010040139938112782,0.010040812313339066,0.01004148443290136,0.010042156296993898,0.010042827905793228,0.010043499259459205,0.01004417035823267,0.010044841202243259,0.010045511791710109,0.010046182126827393,0.010046852207748123,0.010047522034667687,0.010048191607764524,0.01004886092722612,0.010049529993273828,0.010050198806012794,0.010050867365659868,0.010051535672400361,0.01005220372643629,0.010052871527909308,0.01005353907700829,0.01005420637392075,0.01005487341885816,0.010055540211978608,0.010056206753479655,0.010056873043508703,0.010057539082262932,0.010058204869922687,0.010058870406669265,0.010059535692670213,0.010060200728136407,0.010060865513208266,0.010061530048093948,0.01006219433295426,0.010062858367976208,0.01006352215333991,0.010064185689244283,0.010064848975836762,0.010065512013295913,0.01006617480181851,0.010066837341584471,0.010067499632741159,0.010068161675495265,0.01006882347001323,0.01006948501647328,0.010070146315042664,0.010070807365926072,0.010071468169273179,0.010072128725258936,0.010072789034079545,0.010073449095900988,0.010074108910900164,0.010074768479250503,0.010075427801138955,0.010076086876719913,0.010076745706178879,0.010077404289691725,0.010078062627432162,0.010078720719573697,0.010079378566281603,0.010080036167740265,0.010080693524123992,0.010081350635615376,0.01008200750237869,0.010082664124588478,0.010083320502415944,0.01008397663603475,0.010084632525619175,0.010085288171328805,0.010085943573349842,0.010086598731861966,0.01008725364702824,0.010087908319009102,0.0100885627479994,0.010089216934159189,0.010089870877649355,0.010090524578662262,0.010091178037358683,0.01009183125390896,0.010092484228474089,0.010093136961234806,0.01009378945237103,0.010094441702031925,0.01009509371041676,0.010095745477677108,0.010096397003976496,0.010097048289490441,0.010097699334388501,0.010098350138830127,0.010099000703003864,0.01009965102707561,0.010100301111199809,0.010100950955551939,0.01010160056030548,0.010102249925625017,0.010102899051659087,0.01010354793860605,0.010104196586622656,0.010104844995869186,0.010105493166523543,0.01010614109874063,0.010106788792692773,0.010107436248555255,0.01010808346648268,0.010108730446642455,0.010109377189209724,0.010110023694345115,0.01011066996221286,0.010111315992982511,0.010111961786808194,0.010112607343863779,0.010113252664321096,0.0101138977483324,0.010114542596068504,0.010115187207691972,0.010115831583354455,0.010116475723243562,0.01011711962752024,0.010117763296344019,0.010118406729878023,0.010119049928298807,0.010119692891742589,0.01012033562038887,0.010120978114394557,0.010121620373925121,0.01012226239916125,0.010122904190231664,0.010123545747315454,0.010124187070577134,0.010124828160175051,0.010125469016274365,0.010126109639033836,0.010126750028616589,0.010127390185191444,0.01012803010891429,0.010128669799944203,0.010129309258432242,0.01012994848454218,0.010130587478467344,0.010131226240342036,0.010131864770321283,0.010132503068567946,0.010133141135210489,0.010133778970459513,0.010134416574522282,0.010135053947429322,0.01013569108941623,0.01013632800062588,0.010136964681227234,0.010137601131377523,0.01013823735121576,0.010138873340918722,0.010139509100676338,0.010140144630579943,0.01014077993082116,0.010141415001563106,0.010142049842982474,0.010142684455185971,0.010143318838347954,0.010143952992638804,0.01014458691819949,0.01014522061520393,0.010145854083812697,0.010146487324160628,0.01014712033642437,0.010147753120740876,0.010148385677289385,0.010149018006207811,0.010149650107662667,0.010150281981804487,0.0101509136287955,0.010151545048791647,0.0101521762419389,0.01015280720838366,0.01015343794834663,0.010154068461869989,0.010154698749165018,0.0101553288103912,0.010155958645633493,0.010156588255170755,0.010157217639094815,0.010157846797621085,0.010158475730791637,0.01015910443880691,0.010159732921799055,0.010160361179944231,0.010160989213421063,0.010161617022344688,0.01016224460690023,0.010162871967220752,0.010163499103461588,0.01016412601577285,0.010164752704297647,0.01016537916924666,0.010166005410683864,0.010166631428799039,0.010167257223720234,0.010167882795645,0.010168508144701657,0.01016913327104236,0.010169758174858576,0.010170382856219866,0.01017100731531312,0.010171631552291506,0.010172255567313448,0.010172879360510003,0.010173502932009396,0.010174126282033616,0.010174749410689835,0.010175372318128864,0.010175995004499684,0.010176617469953695,0.010177239714678626,0.010177861738744862,0.01017848354234183,0.010179105125612539,0.010179726488713887,0.010180347631786242,0.010180968554981788,0.010181589258448727,0.010182209742331381,0.010182830006774671,0.010183450051940567,0.01018406987796365,0.010184689484998719,0.010185308873188982,0.010185928042682757,0.010186546993624129,0.010187165726161258,0.01018778424044156,0.010188402536641316,0.010189020614844243,0.010189638475227435,0.010190256117935908,0.010190873543118114,0.010191490750913834,0.01019210774147631,0.010192724514947637,0.010193341071472075,0.010193957411197746,0.010194573534266177,0.010195189440823317,0.01019580513101403,0.010196420604983806,0.010197035862907806,0.010197650904894485,0.010198265731052028,0.010198880341552563,0.010199494736614353,0.010200108916277794,0.0102007228807309,0.010201336630087375,0.010201950164509765,0.01020256348413458,0.010203176589156086,0.010203789479556446,0.010204402155718538,0.010205014617591636,0.010205626865470446,0.010206238899417758,0.01020685071961531,0.010207462326102769,0.010208073719116468,0.010208684898773794,0.01020929586519894,0.010209906618574049,0.01021051715899546,0.010211127486609226,0.010211737601566068,0.010212347504007088,0.010212957194071653,0.010213566671905141,0.010214175937642912,0.010214784991373238,0.010215393833339323,0.010216002463635994,0.01021661088238981,0.01021721908976443,0.010217827085879788,0.010218434870877827,0.01021904244491436,0.010219649808100504,0.0102202569605893,0.010220863902526271,0.01022147063404706,0.010222077155287213,0.010222683466375636,0.010223289567458991,0.010223895458677763,0.010224501140186469,0.010225106612087604,0.010225711874546356,0.010226316927688944,0.010226921771654698,0.010227526406570436,0.010228130832676197,0.01022873504992816,0.010229339058560067,0.010229942858701567,0.010230546450495953,0.01023114983414983,0.010231753009630888,0.010232355977164742,0.010232958736912535,0.010233561288974125,0.010234163633489194,0.010234765770596592,0.010235367700457704,0.010235969423142394,0.01023657093882599,0.010237172247684374,0.010237773349823448,0.01023837424529157,0.010238974934424052,0.010239575417252704,0.010240175693862291,0.010240775764461583,0.01024137562910981,0.010241975287990916,0.010242574741203521,0.010243173988959709,0.010243773031284768,0.010244371868348645,0.010244970500332249,0.010245568927268243,0.010246167149393576,0.010246765166775739,0.010247362979626959,0.010247960588037284,0.010248557992138176,0.010249155192058932,0.010249752187929362,0.01025034897988558,0.010250945568039925,0.010251541952558027,0.01025213813350842,0.010252734111126127,0.010253329885367327,0.010253925456629086,0.010254520824861186,0.01025511599025043,0.01025571095289621,0.010256305712955332,0.010256900270562346,0.01025749462582669,0.010258088778884069,0.010258682729863603,0.010259276478933998,0.01025987002616289,0.010260463371720888,0.010261056515742243,0.01026164945833663,0.01026224219962134,0.010262834739744113,0.010263427078827252,0.01026401921701396,0.010264611154415595,0.010265202891183005,0.01026579442747675,0.010266385763336142,0.010266976898921837,0.010267567834380872,0.010268158569852148,0.010268749105457126,0.010269339441314378,0.010269929577554194,0.010270519514316049,0.010271109251719514,0.010271698789890515,0.01027228812895931,0.010272877269062243,0.010273466210309513,0.01027405495287869,0.010274643496808407,0.010275231842276886,0.010275819989410368,0.010276407938326125,0.01027699568916486,0.010277583242043016,0.010278170597096094,0.01027875775444416,0.010279344714200842,0.010279931476517946,0.010280518041511522,0.0102811044092992,0.010281690580014477,0.010282276553788421,0.010282862330724214,0.010283447911055118,0.010284033294680884,0.010284618481920207,0.010285203472839387,0.010285788267551495,0.010286372866205503,0.010286957268914432,0.010287541475799742,0.010288125486993205,0.01028870930261458,0.010289292922789519,0.010289876347602957,0.01029045957728846,0.010291042611862483,0.010291625451559056,0.01029220809635576,0.010292790546418183,0.010293372801924914,0.010293954863035927,0.010294536729796418,0.01029511840230344,0.010295699880723477,0.010296281165192411,0.010296862255819017,0.010297443152726947,0.01029802385604222,0.01029860436588612,0.01029918468238095,0.010299764805645113,0.01030034473580682,0.010300924472979518,0.010301504017292977,0.010302083368864002,0.010302662527850009,0.010303241494340561,0.010303820268434292,0.010304398850263916,0.010304977239960888,0.010305555437646177,0.010306133443472533,0.010306711257497584,0.010307288879874216,0.01030786631072386,0.010308443550165516,0.010309020598321061,0.010309597455310083,0.010310174121252258,0.010310750596268443,0.010311326880493485,0.010311902974017394,0.010312478876983758,0.010313054589507563,0.01031363011169921,0.01031420544366144,0.010314780585555043,0.01031535553747218,0.010315930299546071,0.010316504871885247,0.010317079254622033,0.010317653447862646,0.010318227451721819,0.010318801266332027,0.010319374891798837,0.010319948328252747,0.010320521575802275,0.010321094634572118,0.010321667504676222,0.010322240186229747,0.010322812679359214,0.010323384984176011,0.010323957100795927,0.010324529029342158,0.010325100769931983,0.010325672322678019,0.010326243687701811,0.010326814865119039,0.010327385855042778,0.010327956657595384,0.010328527272893583,0.010329097701048576,0.010329667942180772,0.010330237996405516,0.010330807863837239,0.010331377544596516,0.010331947038795183,0.010332516346555755,0.0103330854679889,0.010333654403205194,0.01033422315233027,0.010334791715471758,0.010335360092785986,0.010335928284311208,0.010336496290211711,0.01033706411063357,0.0103376317456225,0.010338199195309065,0.010338766459819244,0.01033933353930157,0.01033990043379193,0.010340467143480499,0.010341033668443824,0.010341600008699032,0.01034216616454516,0.010342732136046032,0.01034329792326766,0.010343863526363935,0.010344428945423676,0.010344994180545262,0.010345559231868426,0.010346124099506379,0.010346688783576778,0.010347253284174558,0.010347817601429943,0.010348381735439413,0.010348945686345612,0.010349509454225287,0.010350073039227286,0.010350636441421346,0.01035119966093002,0.010351762697897109,0.010352325552414589,0.010352888224624357,0.010353450714585634,0.01035401302242683,0.010354575148266393,0.01035513709221106,0.010355698854378004,0.010356260434884511,0.010356821833831444,0.01035738305133516,0.010357944087506715,0.010358504942465485,0.010359065616331424,0.010359626109188511,0.010360186421147579,0.010360746552331612,0.010361306502856675,0.01036186627283569,0.010362425862359656,0.010362985271545326,0.010363544500493392,0.010364103549334092,0.010364662418171907,0.010365221107115637,0.010365779616288607,0.010366337945773674,0.010366896095686865,0.01036745406615126,0.010368011857269039,0.010368569469150388,0.010369126901906323,0.010369684155644043,0.010370241230467285,0.010370798126496392,0.01037135484383474,0.010371911382593066,0.01037246774286982,0.010373023924793293,0.010373579928460077,0.010374135753973255,0.010374691401451846,0.010375246871006365,0.010375802162725056,0.010376357276730967,0.01037691221315068,0.010377466972064332,0.010378021553558109,0.010378575957795856,0.0103791301848309,0.010379684234808234,0.010380238107829618,0.010380791803994772,0.010381345323395295,0.010381898666163713,0.010382451832397584,0.010383004822214284,0.010383557635707329,0.010384110272995134,0.010384662734169107,0.01038521501935363,0.01038576712863536,0.010386319062125164,0.010386870819934611,0.010387422402168051,0.010387973808909096,0.010388525040325067,0.010389076096534429,0.010389626977526425,0.010390177683477046,0.010390728214495645,0.010391278570648576,0.01039182875209626,0.01039237875892169,0.010392928591227243,0.01039347824911959,0.01039402773270281,0.010394577042081792,0.010395126177325294,0.01039567513861035,0.010396223926005348,0.010396772539614702,0.010397320979542797,0.010397869245894057,0.010398417338772432,0.010398965258282409,0.010399513004527836,0.010400060577614023,0.010400607977642506,0.010401155204718047,0.010401702258942139,0.010402249140419498,0.010402795849257953,0.01040334238555765,0.010403888749419488,0.010404434940997532,0.010404980960392097,0.010405526807572242,0.010406072482724403,0.01040661798592809,0.010407163317336808,0.010407708477051324,0.010408253465129127,0.010408798281716067,0.010409342926885383,0.010409887400750205,0.010410431703391704,0.010410975834952402,0.010411519795513944,0.010412063585179312,0.010412607204052841,0.010413150652230092,0.010413693929818894,0.010414237036913526,0.010414779973621112,0.010415322740040185,0.010415865336313012,0.01041640776246287,0.010416950018630541,0.010417492104914284,0.01041803402141435,0.010418575768238054,0.01041911734547346,0.010419658753287722,0.010420199991668988,0.010420741060776121,0.010421281960691708,0.010421822691541655,0.01042236325342378,0.010422903646425332,0.010423443870646538,0.010423983926187746,0.010424523813155484,0.010425063531644393,0.010425603081768075,0.010426142463602725,0.010426681677257372,0.010427220722832609,0.010427759600430228,0.01042829831014443,0.01042883685208058,0.010429375226331795,0.010429913433002822,0.010430451472200196,0.010430989344004365,0.010431527048517195,0.01043206458584263,0.01043260195608133,0.01043313915932863,0.010433676195693319,0.010434213065253233,0.010434749768119889,0.010435286304387989,0.010435822674157581,0.01043635887752494,0.010436894914586676,0.010437430785445793,0.010437966490194767,0.010438502028936265,0.01043903740176203,0.010439572608775498,0.010440107650068167,0.010440642525740174,0.01044117723588943,0.010441711780624939,0.010442246160018731,0.010442780374181138,0.010443314423206918,0.010443848307194126,0.010444382026239592,0.010444915580440244,0.010445448969892005,0.010445982194691741,0.010446515254936702,0.010447048150720775,0.010447580882142093,0.010448113449296022,0.01044864585228122,0.010449178091185854,0.010449710166114306,0.010450242077159397,0.010450773824416601,0.01045130540798238,0.010451836827950868,0.010452368084420627,0.010452899177491752,0.01045343010724439,0.010453960873781799,0.010454491477197998,0.010455021917589076,0.010455552195051388,0.010456082309677171,0.010456612261575682,0.01045714205081544,0.010457671677506372,0.010458201141738947,0.010458730443609452,0.010459259583229375,0.01045978856065945,0.010460317376012022,0.010460846029391367,0.010461374520861674,0.010461902850540274,0.010462431018515898,0.010462959024879639,0.010463486869731354,0.010464014553161451,0.010464542075263506,0.01046506943613191,0.010465596635858755,0.010466123674537637,0.010466650552261921,0.010467177269125166,0.010467703825220276,0.010468230220640404,0.010468756455478694,0.010469282529844295,0.010469808443797255,0.010470334197446664,0.010470859790883882,0.01047138522420343,0.010471910497497246,0.010472435610856016,0.010472960564375244,0.010473485358143391,0.010474009992251227,0.010474534466797924,0.010475058781870881,0.010475582937559744,0.010476106933962734,0.010476630771168324,0.010477154449286919,0.01047767796837255,0.010478201328536175,0.010478724529868233,0.010479247572460423,0.01047977045640383,0.010480293181753138,0.010480815748673716,0.010481338157219492,0.010481860407492313,0.010482382499561042,0.01048290443352719,0.01048342620948158,0.010483947827514991,0.010484469287717894,0.01048499059020384,0.01048551173501647,0.01048603272227129,0.010486553552057512,0.010487074224466124,0.01048759473958547,0.010488115097488038,0.01048863529829814,0.010489155342096322,0.010489675228962375,0.010490194958990309,0.010490714532264744,0.010491233948891919,0.010491753208940972,0.01049227231251769,0.010492791259702481,0.010493310050576176,0.010493828685218132,0.010494347163755894,0.010494865486256687,0.01049538365281389,0.010495901663499781,0.010496419518433433,0.010496937217688854,0.010497454761355152,0.010497972149524535,0.010498489382274899,0.010499006459696677,0.01049952338193162,0.010500040148974639,0.010500556761033475,0.010501073218044658,0.010501589520173176,0.01050210566750574,0.010502621660122778,0.010503137498119448,0.010503653181596795,0.010504168710626599,0.01050468408530119,0.010505199305679398,0.010505714371899625,0.010506229284032302,0.010506744042154204,0.010507258646361945,0.010507773096736549,0.010508287393365618,0.01050880153633562,0.010509315525734907,0.010509829361588709,0.010510343044109067,0.010510856573318548,0.010511369949295482,0.010511883172135495,0.010512396241941238,0.010512909158776148,0.010513421922736466,0.010513934533895895,0.010514446992349763,0.010514959298194076,0.010515471451503007,0.010515983452365263,0.010516495300783803,0.010517006997022243,0.010517518541055282,0.010518029932994255,0.010518541172959856,0.010519052260922918,0.01051956319706992,0.010520073981455536,0.010520584614177752,0.010521095095299743,0.010521605424917797,0.01052211560311718,0.010522625630033419,0.010523135505646018,0.010523645230116077,0.010524154803486889,0.010524664225868525,0.010525173497334357,0.010525682617976167,0.010526191587877444,0.01052670040712341,0.010527209075837367,0.010527717594064099,0.010528225961850981,0.010528734179373582,0.010529242246685668,0.010529750163774753,0.010530257930793888,0.010530765547820746,0.010531273014960143,0.010531780332283067,0.010532287499876123,0.010532794517825584,0.010533301386212163,0.010533808105117367,0.010534314674696134,0.01053482109489428,0.010535327365868173,0.010535833487719424,0.010536339460525146,0.010536845284307499,0.010537350959245047,0.010537856485317574,0.010538361862703712,0.01053886709139893,0.010539372171535551,0.01053987710322941,0.010540381886482049,0.010540886521418352,0.010541391008120037,0.010541895346676013,0.010542399537180744,0.010542903579675642,0.010543407474266894,0.010543911221039112,0.010544414820076176,0.010544918271492926,0.010545421575290636,0.010545924731591697,0.01054642774048723,0.0105469306020546,0.010547433316368222,0.010547935883557166,0.010548438303618278,0.010548940576675688,0.010549442702811399,0.01054994468210693,0.01055044651464756,0.01055094820050674,0.010551449739766043,0.01055195113250608,0.010552452378815922,0.010552953478824647,0.010553454432512424,0.010553955240007136,0.010554455901457474,0.010554956416882241,0.01055545678629053,0.010555957009867114,0.010556457087557482,0.010556957019600386,0.010557456806021943,0.010557956446963848,0.010558455942427028,0.010558955292438268,0.010559454497138895,0.010559953556655465,0.010560452470983648,0.010560951240244268,0.01056144986459425,0.010561948343961021,0.010562446678504298,0.010562944868298342,0.010563442913449248,0.010563940813990189,0.010564438570024431,0.010564936181636909,0.010565433648889726,0.010565930971874226,0.010566428150668555,0.01056692518534252,0.010567422075985333,0.010567918822674143,0.010568415425509787,0.010568911884526607,0.010569408199826373,0.010569904371486987,0.010570400399595814,0.010570896284290124,0.010571392025528342,0.010571887623423893,0.01057238307807335,0.010572878389561571,0.010573373557965686,0.010573868583347272,0.010574363465798936,0.010574858205390388,0.010575352802212857,0.010575847256340072,0.010576341567843036,0.01057683573680951,0.010577329763274936,0.010577823647384962,0.010578317389181186,0.010578810988757242,0.010579304446171275,0.010579797761517169,0.010580290934858724,0.010580783966272043,0.010581276855844072,0.01058176960364914,0.010582262209769492,0.010582754674283367,0.01058324699725237,0.010583739178853137,0.010584231218987227,0.010584723117822409,0.010585214875421134,0.01058570649187078,0.010586197967251961,0.010586689301629131,0.010587180495093525,0.010587671547705074,0.010588162459578235,0.010588653230739794,0.010589143861283875,0.010589634351285727,0.010590124700807136,0.010590614909960402,0.010591104978830876,0.010591594907450902,0.010592084695904896,0.010592574344276873,0.010593063852642247,0.010593553221098199,0.010594042449645827,0.010594531538443797,0.010595020487473992,0.010595509296925104,0.010595997966835372,0.010596486497220255,0.01059697488824489,0.010597463139945175,0.010597951252405296,0.010598439225690143,0.010598927059872624,0.010599414755015581,0.010599902311225986,0.010600389728548263,0.010600877007062375,0.010601364146855929,0.010601851147948453,0.010602338010508331,0.010602824734561334,0.010603311320192623,0.01060379776748209,0.01060428407648773,0.010604770247292495,0.010605256279963157,0.010605742174602821,0.01060622793124338,0.010606713549972878,0.010607199030897385,0.010607684374040723,0.010608169579487955,0.01060865464732467,0.010609139577634338,0.010609624370487031,0.010610109025936624,0.010610593544055812,0.010611077924971941,0.010611562168682797,0.010612046275296242,0.010612530244888372,0.010613014077587435,0.01061349777335893,0.010613981332319472,0.010614464754568223,0.010614948040164574,0.01061543118917782,0.010615914201686774,0.010616397077759512,0.010616879817460989,0.01061736242087464,0.010617844888075854,0.010618327219137073,0.01061880941411915,0.010619291473101738,0.010619773396160435,0.01062025518338162,0.010620736834806266,0.010621218350519398,0.010621699730591258,0.010622180975103583,0.010622662084131158,0.01062314305772137,0.010623623895971194,0.010624104598966289,0.010624585166731756,0.010625065599379709,0.010625545896969667,0.010626026059571133,0.010626506087245465,0.010626985980077084,0.010627465738098007,0.010627945361463739,0.010628424850210693,0.010628904204407865,0.010629383424084806,0.010629862509377098,0.010630341460299283,0.010630820276949806,0.01063129895936657,0.010631777507684452,0.010632255921954485,0.010632734202282008,0.010633212348636437,0.010633690361149863,0.010634168239869915,0.010634645984891864,0.01063512359629887,0.01063560107413102,0.01063607841851829,0.01063655562943788,0.010637032707006784,0.010637509651306679,0.010637986462387993,0.010638463140328843,0.010638939685219199,0.010639416097085505,0.010639892376027698,0.010640368522108111,0.010640844535411274,0.01064132041598518,0.01064179616392269,0.010642271779294079,0.010642747262136393,0.010643222612496726,0.010643697830533327,0.010644172916269045,0.010644647869776279,0.010645122691122265,0.010645597380379273,0.010646071937617338,0.010646546362904314,0.01064702065635146,0.010647494817946253,0.010647968847823642,0.010648442745998396,0.010648916512563819,0.01064939014759865,0.01064986365117433,0.010650337023342133,0.010650810264185094,0.010651283373812536,0.010651756352205924,0.010652229199484437,0.010652701915741,0.010653174501014146,0.010653646955341016,0.0106541192788151,0.010654591471507147,0.010655063533495159,0.010655535464838141,0.010656007265608253,0.010656478935915684,0.010656950475752084,0.01065742188526089,0.010657893164422328,0.01065836431339239,0.010658835332158374,0.010659306220832344,0.010659776979475018,0.010660247608166109,0.01066071810695729,0.010661188475928045,0.010661658715184503,0.010662128824706893,0.010662598804611673,0.010663068654961683,0.010663538375825765,0.010664007967312258,0.010664477429405688,0.010664946762222488,0.010665415965769646,0.010665885040252756,0.010666353985576244,0.010666822801929703,0.010667291489332357,0.010667760047860233,0.01066822847757365,0.010668696778540987,0.010669164950829244,0.01066963299455111,0.01067010090972315,0.010670568696322673,0.010671036354562976,0.010671503884458568,0.010671971286074495,0.010672438559444742,0.010672905704703669,0.010673372721883697,0.01067383961105116,0.010674306372273262,0.010674773005615049,0.010675239511142838,0.010675705888923248,0.010676172139022635,0.01067663826146912,0.010677104256404677,0.010677570123857918,0.01067803586393467,0.010678501476619652,0.010678966962016107,0.010679432320153778,0.01067989755118285,0.010680362655119933,0.010680827632035041,0.010681292482034805,0.010681757205191404,0.0106822218013922,0.01068268627087299,0.010683150613656331,0.010683614829813518,0.010684078919406268,0.010684542882500283,0.010685006719124009,0.010685470429415712,0.010685934013380994,0.010686397471131011,0.010686860802689498,0.010687324008157624,0.010687787087582853,0.010688250041029081,0.010688712868562638,0.01068917557019543,0.010689638146096329,0.010690100596275974,0.010690562920800513,0.010691025119716575,0.010691487193124662,0.01069194914107156,0.010692410963755821,0.010692872660972925,0.010693334232921948,0.010693795679666792,0.010694257001271659,0.010694718197780588,0.010695179269280783,0.010695640215850441,0.010696101037537266,0.010696561734404579,0.010697022306497073,0.010697482753925822,0.010697943076718487,0.010698403274945832,0.010698863348672722,0.01069932329796346,0.010699783122859206,0.010700242823446985,0.010700702399775558,0.0107011618519639,0.010701621180025529,0.010702080384002775,0.010702539464016865,0.010702998420103237,0.0107034572523231,0.010703915960739786,0.01070437454541747,0.010704833006419385,0.010705291343808486,0.010705749557647559,0.0107062076479994,0.01070666561492635,0.010707123458493456,0.01070758117877009,0.010708038775802871,0.010708496249662563,0.01070895360041258,0.01070941082821704,0.010709867932933772,0.010710324914728236,0.01071078177374412,0.010711238509879668,0.010711695123282038,0.01071215161400337,0.010712607982121309,0.0107130642276917,0.010713520350774672,0.010713976351434503,0.010714432229733869,0.010714887985733484,0.01071534361949229,0.010715799131078339,0.010716254520693523,0.01071670978810566,0.01071716493352584,0.010717619957027063,0.010718074858762555,0.010718529638594248,0.01071898429668318,0.010719438833088672,0.010719893247872318,0.010720347541170596,0.010720801712896685,0.010721255763190338,0.010721709692113402,0.010722163499720948,0.010722617186078177,0.010723070751243223,0.010723524195289252,0.01072397751833273,0.01072443072029618,0.01072488380131258,0.010725336761447905,0.010725789600754666,0.010726242319298645,0.01072669491714205,0.010727147394343333,0.010727599750942875,0.010728051987041179,0.010728504102684843,0.010728956097928418,0.010729407972833317,0.0107298597274619,0.010730311361878301,0.010730762876116814,0.010731214270280377,0.010731665544405964,0.01073211669858767,0.01073256773282423,0.010733018647206365,0.01073346944187047,0.010733920116719994,0.010734370671899337,0.010734821107463438,0.010735271423475521,0.01073572162000169,0.010736171697126604,0.010736621654836444,0.010737071493232504,0.010737521212375766,0.010737970812318743,0.010738420293125031,0.010738869654859585,0.010739318897586402,0.010739768021346336,0.010740217026209057,0.010740665912243904,0.010741114679497116,0.01074156332801573,0.010742011857886391,0.010742460269162412,0.010742908561896436,0.010743356736153226,0.010743804791985508,0.01074425272945722,0.010744700548621866,0.010745148249546107,0.01074559583228158,0.010746043296886682,0.010746490643426554,0.010746937871970941,0.010747384982547582,0.010747831975243776,0.010748278850100825,0.01074872560718535,0.010749172246553296,0.010749618768266049,0.010750065172377391,0.010750511458966883,0.010750957628059823,0.010751403679737282,0.010751849614045319,0.01075229543104635,0.010752741130793822,0.010753186713342654,0.010753632178777991,0.01075407752713427,0.010754522758477136,0.010754967872832245,0.010755412870322261,0.010755857750970212,0.01075630251485262,0.01075674716199335,0.010757191692464781,0.010757636106332248,0.010758080403649513,0.010758524584449933,0.010758968648833786,0.010759412596817746,0.010759856428507568,0.010760300143935997,0.010760743743156389,0.0107611872262349,0.010761630593241622,0.010762073844123097,0.010762516979047445,0.010762959998102974,0.01076340290129775,0.010763845688683438,0.010764288360318465,0.010764730916285018,0.010765173356575985,0.01076561568132637,0.010766057890560269,0.010766499984332442,0.01076694196268934,0.010767383825710141,0.01076782557350298,0.010768267206002241,0.010768708723363,0.010769150125562024,0.010769591412697562,0.010770032584824674,0.010770473642004195,0.010770914584292348,0.010771355411743568,0.010771796124417518,0.010772236722325468,0.010772677205600734,0.010773117574265079,0.010773557828331861,0.010773997967928358,0.010774437993053455,0.010774877903841408,0.010775317700286337,0.010775757382435112,0.010776196950402269,0.010776636404208034,0.010777075743957506,0.010777514969612802,0.010777954081238444,0.010778393078958665,0.010778831962798677,0.010779270732789007,0.010779709389040952,0.010780147931562177,0.010780586360393194,0.010781024675655027,0.010781462877394473,0.010781900965617307,0.010782338940399028,0.010782776801804823,0.010783214549887713,0.010783652184702945,0.010784089706298763,0.01078452711473547,0.010784964410054169,0.010785401592390964,0.010785838661664849,0.010786275618018175,0.010786712461497736,0.010787149192104788,0.010787585809971661,0.01078802231520734,0.010788458707701346,0.010788894987555902,0.010789331154885754,0.010789767209708763,0.010790203152057157,0.010790638982050314,0.01079107469971423,0.01079151030509377,0.010791945798302187,0.01079238117928207,0.010792816448152534,0.010793251604951962,0.010793686649710362,0.010794121582648435,0.010794556403598417,0.010794991112703803,0.010795425710020625,0.010795860195594177,0.010796294569497008,0.01079672883177301,0.010797162982554396,0.010797597021751995,0.010798030949471163,0.01079846476573716,0.01079889847068433,0.010799332064320693,0.010799765546723732,0.010800198917901595,0.01080063217797004,0.01080106532695816,0.010801498364900759,0.010801931291871045,0.010802364107883896,0.010802796813030383,0.010803229407387703,0.010803661890978805,0.01080409426385958,0.010804526526066529,0.01080495867768578,0.010805390718796437,0.010805822649369036,0.010806254469470686,0.010806686179165819,0.010807117778566895,0.01080754926766322,0.010807980646587011,0.010808411915292231,0.010808843073871232,0.010809274122385453,0.010809705060881625,0.010810135889412797,0.010810566608078344,0.010810997216790465,0.010811427715687164,0.01081185810484391,0.010812288384341236,0.010812718554192084,0.010813148614455464,0.010813578565139094,0.010814008406365884,0.010814438138094825,0.01081486776046048,0.010815297273544477,0.01081572667733903,0.010816155971913002,0.010816585157306288,0.010817014233564518,0.010817443200768592,0.010817872058955524,0.010818300808176197,0.010818729448489118,0.010819157979937093,0.010819586402599193,0.010820014716433549,0.010820442921613535,0.010820871018142149,0.010821299006070543,0.010821726885414195,0.010822154656299762,0.010822582318741343,0.010823009872805782,0.010823437318515677,0.010823864655978446,0.01082429188513662,0.0108247190061317,0.010825146019031706,0.010825572923819166,0.010825999720577148,0.010826426409357277,0.01082685299021111,0.010827279463190695,0.010827705828361216,0.01082813208574526,0.010828558235460367,0.010828984277473579,0.010829410211850281,0.010829836038651834,0.010830261757982802,0.010830687369813952,0.010831112874266345,0.010831538271314384,0.010831963561061654,0.010832388743550986,0.01083281381885692,0.010833238786980018,0.010833663648034364,0.01083408840199619,0.01083451304898965,0.010834937588992998,0.01083536202212153,0.010835786348413479,0.010836210567863661,0.010836634680562984,0.010837058686563233,0.010837482585914692,0.010837906378693243,0.010838330064898738,0.010838753644607622,0.010839177117870689,0.010839600484773455,0.010840023745294495,0.01084044689951858,0.010840869947523223,0.010841292889310227,0.010841715724959348,0.010842138454480735,0.010842561077954078,0.010842983595470496,0.010843406007034175,0.010843828312711223,0.01084425051259961,0.01084467260666545,0.01084509459496359,0.01084551647756887,0.010845938254531475,0.010846359925900887,0.010846781491734398,0.010847202952068077,0.010847624306964244,0.010848045556460633,0.010848466700613795,0.010848887739532348,0.010849308673147108,0.010849729501567023,0.01085015022483909,0.010850570843020442,0.010850991356150664,0.010851411764293762,0.010851832067485277,0.01085225226577873,0.010852672359229746,0.010853092347875262,0.010853512231771105,0.010853932010962169,0.010854351685507694,0.010854771255457259,0.010855190720882688,0.010855610081773085,0.010856029338209314,0.010856448490241631,0.010856867537917815,0.010857286481308109,0.010857705320415575,0.010858124055341933,0.010858542686081198,0.010858961212716338,0.010859379635264094,0.010859797953816816,0.010860216168404959,0.01086063427907657,0.010861052285881308,0.010861470188857539,0.010861887988029275,0.010862305683523006,0.010862723275348025,0.010863140763549078,0.010863558148172461,0.010863975429267387,0.010864392606887367,0.010864809681105139,0.01086522665191157,0.01086564351941572,0.010866060283623793,0.010866476944576308,0.010866893502340292,0.010867309956963826,0.01086772630848196,0.010868142556962258,0.010868558702451136,0.010868974744991964,0.010869390684635898,0.010869806521425284,0.010870222255392706,0.010870637886618547,0.010871053415139102,0.010871468840998466,0.01087188416424902,0.010872299384933549,0.010872714503109485,0.010873129518808545,0.010873544432087835,0.010873959242992351,0.010874373951575207,0.010874788557879836,0.010875203061952022,0.01087561746386844,0.010876031763621662,0.010876445961287562,0.01087686005691285,0.010877274050545099,0.010877687942230504,0.010878101732018372,0.010878515419958195,0.0108789290060917,0.010879342490443634,0.01087975587310626,0.010880169154110643,0.010880582333495648,0.010880995411320985,0.010881408387630952,0.010881821262439521,0.010882234035839829,0.010882646707858806,0.010883059278522574,0.010883471747930352,0.010883884116097116,0.010884296383081374,0.010884708548911385,0.010885120613642418,0.01088553257731576,0.01088594443998732,0.010886356201692447,0.010886767862501763,0.01088717942242867,0.010887590881547341,0.01088800223990282,0.01088841349751326,0.010888824654466096,0.010889235710767303,0.01088964666645936,0.01089005752165468,0.01089046827635337,0.010890878930609258,0.010891289484470976,0.01089169993797556,0.01089211029117062,0.010892520544119114,0.010892930696840903,0.010893340749391004,0.010893750701794701,0.010894160554141788,0.010894570306460885,0.01089497995879816,0.010895389511171628,0.010895798963700382,0.010896208316367945,0.010896617569221714,0.010897026722303351,0.01089743577570092,0.010897844729423484,0.010898253583547263,0.010898662338094323,0.010899070993122211,0.010899479548662735,0.010899888004772273,0.010900296361479395,0.010900704618866006,0.010901112776946845,0.010901520835773905,0.010901928795391043,0.010902336655847316,0.010902744417191869,0.010903152079461357,0.010903559642691256,0.010903967106965458,0.01090437447229216,0.010904781738730322,0.010905188906315415,0.010905595975117829,0.010906002945166892,0.010906409816513968,0.010906816589196414,0.010907223263261849,0.010907629838756865,0.01090803631572603,0.0109084426942079,0.01090884897425428,0.010909255155902211,0.010909661239213319,0.010910067224259435,0.010910473111010363,0.010910878899535788,0.010911284589891834,0.010911690182136911,0.01091209567630454,0.010912501072442597,0.010912906370562818,0.010913311570812167,0.010913716673088329,0.010914121677535044,0.010914526584175832,0.010914931393045021,0.01091533610419416,0.010915740717669134,0.010916145233543487,0.010916549651799822,0.01091695397251079,0.010917358195703355,0.010917762321450135,0.010918166349793389,0.010918570280793523,0.010918974114441062,0.010919377850833146,0.010919781489953637,0.010920185031905878,0.01092058847675882,0.010920991824457042,0.010921395075108921,0.010921798228749616,0.010922201285411324,0.010922604245165293,0.01092300710804934,0.010923409874118052,0.010923812543412612,0.010924215115883056,0.010924617591651425,0.010925019970767254,0.010925422253262682,0.010925824439169925,0.010926226528550647,0.010926628521493271,0.010927030417953327,0.010927432218036482,0.010927833921746122,0.01092823552913765,0.010928637040256513,0.010929038455142707,0.010929439773874408,0.010929840996451074,0.010930242122931632,0.010930643153398088,0.010931044087819995,0.01093144492627489,0.010931845668844182,0.01093224631550202,0.01093264686635797,0.010933047321371554,0.010933447680650158,0.010933847944244221,0.010934248112148713,0.010934648184472807,0.01093504816122232,0.01093544804242738,0.010935847828099617,0.010936247518381542,0.01093664711322782,0.010937046612681267,0.010937446016847235,0.01093784532572432,0.010938244539376038,0.010938643657824989,0.01093904268110807,0.010939441609303695,0.010939840442472846,0.010940239180583691,0.01094063782373627,0.010941036371954841,0.01094143482527647,0.010941833183725653,0.010942231447398428,0.010942629616292774,0.01094302769047085,0.010943425669981549,0.010943823554844533,0.010944221345136524,0.01094461904085274,0.010945016642043743,0.010945414148780058,0.010945811561105653,0.010946208879022689,0.010946606102626124,0.010947003231934684,0.010947400267023726,0.010947797207842759,0.010948194054485655,0.010948590807037695,0.010948987465480783,0.010949384029861195,0.01094978050024212,0.010950176876695063,0.010950573159252535,0.010950969347904717,0.010951365442725838,0.010951761443739962,0.010952157350979267,0.010952553164607958,0.010952948884501905,0.010953344510787302,0.010953740043474634,0.010954135482623853,0.010954530828262811,0.010954926080424615,0.010955321239186928,0.010955716304556232,0.010956111276613835,0.010956506155353,0.010956900940881488,0.010957295633180429,0.010957690232302099,0.010958084738289645,0.010958479151195022,0.010958873471073046,0.010959267697943274,0.010959661831886404,0.010960055872851367,0.010960449820976388,0.010960843676222163,0.010961237438692172,0.010961631108424153,0.010962024685403325,0.010962418169725882,0.010962811561421223,0.010963204860535309,0.010963598067137459,0.010963991181168158,0.010964384202749752,0.010964777131920117,0.01096516996867077,0.010965562713111202,0.010965955365253062,0.010966347925106269,0.010966740392761076,0.01096713276820005,0.010967525051504232,0.010967917242713447,0.010968309341913592,0.010968701349053237,0.010969093264197916,0.010969485087466285,0.010969876818811123,0.010970268458293572,0.010970660005968894,0.010971051461877044,0.01097144282603777,0.010971834098503037,0.010972225279297964,0.010972616368503389,0.010973007366133795,0.010973398272220576,0.010973789086809937,0.010974179809973807,0.010974570441705581,0.010974960982082484,0.010975351431142227,0.010975741788899644,0.01097613205542016,0.010976522230751741,0.0109769123148816,0.010977302307870302,0.010977692209779618,0.010978082020632255,0.010978471740470732,0.010978861369368603,0.0109792509073257,0.010979640354381055,0.010980029710589475,0.010980418975991994,0.010980808150668212,0.010981197234593967,0.010981586227824663,0.010981975130412117,0.010982363942368286,0.010982752663752383,0.01098314129460841,0.010983529834974888,0.010983918284905567,0.010984306644416575,0.010984694913560971,0.010985083092369532,0.010985471180859081,0.010985859179125378,0.010986247087176566,0.010986634905062407,0.010987022632795508,0.010987410270444583,0.010987797818027813,0.010988185275605657,0.010988572643208495,0.010988959920865802,0.010989347108622965,0.010989734206523435,0.010990121214605256,0.010990508132929034,0.010990894961491244,0.010991281700353671,0.010991668349560772,0.010992054909116035,0.010992441379118806,0.010992827759579772,0.010993214050537157,0.010993600252017836,0.010993986364058295,0.010994372386695202,0.010994758320010838,0.010995144164016668,0.01099552991876484,0.010995915584263691,0.010996301160565602,0.010996686647716863,0.010997072045740588,0.010997457354686171,0.010997842574592473,0.01099822770551012,0.010998612747467053,0.010998997700493455,0.010999382564647808,0.010999767339941473,0.011000152026434,0.011000536624169383,0.011000921133144827,0.011001305553452941,0.011001689885111049,0.011002074128145294,0.01100245828261672,0.011002842348547953,0.011003226325970896,0.011003610214937773,0.011003994015480599,0.011004377727663564,0.011004761351502725,0.011005144887014654,0.011005528334263255,0.011005911693291298,0.011006294964132008,0.011006678146793035,0.011007061241353797,0.011007444247841378,0.011007827166296271,0.011008209996749717,0.011008592739240326,0.011008975393780427,0.011009357960436613,0.011009740439266093,0.011010122830271718,0.011010505133507183,0.011010887349003805,0.011011269476809027,0.01101165151693297,0.011012033469453114,0.011012415334381296,0.011012797111776565,0.011013178801652654,0.011013560404063991,0.011013941919034785,0.011014323346683735,0.011014704686895237,0.011015085939868708,0.01101546710550443,0.011015848183870946,0.011016229175060635,0.011016610079057422,0.011016990895933892,0.011017371625716482,0.011017752268466156,0.011018132824275318,0.01101851329299454,0.011018893674768179,0.011019273969637063,0.011019654177656452,0.011020034298821967,0.011020414333202212,0.011020794280837985,0.011021174141702615,0.01102155391592204,0.011021933603498225,0.011022313204459618,0.011022692718868741,0.011023072146735428,0.011023451488072563,0.011023830742992105,0.011024209911468193,0.011024588993567013,0.01102496798931273,0.01102534689876033,0.011025725721926082,0.011026104458853082,0.011026483109572377,0.011026861674135163,0.0110272401525664,0.011027618544919368,0.011027996851208224,0.011028375071500944,0.011028753205794781,0.011029131254159798,0.01102950921660514,0.011029887093172217,0.011030264883917978,0.011030642588885085,0.011031020208077386,0.011031397741552632,0.01103177518934427,0.011032152551484185,0.011032529828008394,0.011032907018963742,0.011033284124373413,0.011033661144287181,0.011034038078742047,0.011034414927763945,0.011034791691395455,0.011035168369661447,0.011035544962602476,0.01103592147027908,0.011036297892689175,0.01103667422988768,0.011037050481919174,0.011037426648823939,0.011037802730617973,0.011038178727339643,0.01103855463903057,0.011038930465723965,0.011039306207458492,0.01103968186427732,0.011040057436214825,0.011040432923295661,0.011040808325567447,0.011041183643078675,0.011041558875833093,0.011041934023881237,0.011042309087269678,0.011042684066023541,0.011043058960178187,0.011043433769762008,0.011043808494798569,0.011044183135370913,0.011044557691493212,0.011044932163210957,0.011045306550527274,0.011045680853498574,0.011046055072172004,0.011046429206558067,0.011046803256709675,0.01104717722265701,0.01104755110443471,0.011047924902093324,0.011048298615648471,0.011048672245137295,0.011049045790599402,0.011049419252072618,0.011049792629613801,0.011050165923214623,0.011050539132940186,0.011050912258810405,0.01105128530087985,0.011051658259209132,0.011052031133764415,0.01105240392463085,0.011052776631798435,0.011053149255335258,0.01105352179531695,0.011053894251708926,0.011054266624552148,0.011054638913913877,0.011055011119812486,0.011055383242291236,0.01105575528136388,0.011056127237109355,0.011056499109551688,0.01105687089866975,0.011057242604540543,0.011057614227208804,0.011057985766709903,0.011058357223066645,0.011058728596304154,0.011059099886461697,0.011059471093581998,0.011059842217700112,0.011060213258892292,0.01106058421711504,0.011060955092388771,0.011061325884895525,0.011061696594545803,0.011062067221394956,0.01106243776549101,0.011062808226841997,0.011063178605507516,0.011063548901561483,0.011063919114949009,0.011064289245762275,0.011064659294045045,0.011065029259815116,0.011065399143087282,0.0110657689439009,0.011066138662260555,0.011066508298283862,0.011066877851909022,0.011067247323299632,0.011067616712398221,0.011067986019286762,0.011068355243947496,0.011068724386434184,0.011069093446784526,0.011069462425043723,0.011069831321225493,0.011070200135368196,0.011070568867528828,0.011070937517708957,0.011071306085958035,0.011071674572313152,0.011072042976808267,0.011072411299480426,0.011072779540335823,0.011073147699445986,0.011073515776837682,0.011073883772539423,0.011074251686579576,0.011074619519000444,0.011074987269831213,0.011075354939127714,0.011075722526886173,0.011076090033206974,0.011076457458048678,0.01107682480145228,0.01107719206346563,0.011077559244072437,0.01107792634342108,0.01107829336148342,0.011078660298302118,0.011079027153901109,0.011079393928331223,0.011079760621602772,0.01108012723376124,0.011080493764851904,0.011080860214884245,0.011081226583900643,0.011081592871936491,0.011081959079036982,0.011082325205204864,0.01108269125051144,0.011083057214970857,0.011083423098619724,0.011083788901487823,0.011084154623622841,0.011084520265047386,0.011084885825835505,0.01108525130594427,0.01108561670546555,0.011085982024383231,0.011086347262756162,0.01108671242061886,0.011087077498010123,0.011087442494984492,0.011087807411531406,0.01108817224769475,0.011088537003553367,0.011088901679113434,0.011089266274357005,0.011089630789384223,0.011089995224163186,0.011090359578764676,0.011090723853215445,0.011091088047567742,0.01109145216186861,0.011091816196148178,0.011092180150375634,0.011092544024602814,0.011092907818894736,0.011093271533278245,0.011093635167779196,0.011093998722441795,0.011094362197295005,0.011094725592364678,0.011095088907682687,0.011095452143284128,0.011095815299209635,0.011096178375464285,0.011096541372159426,0.01109690428933165,0.011097267126860606,0.011097629884867632,0.011097992563337546,0.011098355162405392,0.011098717682066826,0.011099080122322424,0.011099442483294506,0.011099804764893919,0.011100166967203878,0.011100529090260547,0.01110089113407732,0.01110125309872182,0.011101614984222559,0.011101976790619427,0.011102338517882213,0.011102700166089708,0.011103061735290215,0.011103423225475757,0.011103784636700495,0.011104145968882963,0.011104507222285282,0.011104868396817328,0.011105229492505407,0.011105590509424562,0.011105951447544535,0.01110631230694816,0.011106673087662281,0.011107033789679189,0.011107394413057827,0.011107754957834325,0.01110811542402295,0.011108475811675206,0.011108836120812099,0.01110919635148052,0.01110955650369232,0.011109916577500977,0.01111027657294755,0.011110636490022264,0.011110996328775474,0.011111356089248554,0.011111715771498115,0.0111120753754891,0.011112434901306228,0.011112794348949295,0.011113153718472093,0.011113513009913869,0.011113872223276339,0.011114231358621537,0.011114590415965549,0.011114949395354306,0.011115308296804625,0.011115667120321285,0.011116025865930941,0.011116384533765705,0.011116743123791751,0.011117101636040199,0.011117460070535845,0.011117818427319934,0.011118176706471751,0.011118534907945664,0.01111889303180661,0.011119251078081689,0.011119609046800535,0.011119966937980326,0.011120324751704843,0.011120682487952048,0.011121040146744404,0.011121397728166131,0.011121755232213657,0.011122112658929175,0.011122470008346623,0.011122827280490724,0.011123184475464409,0.011123541593170194,0.011123898633695414,0.01112425559708129,0.01112461248335216,0.01112496929250974,0.011125326024691209,0.011125682679802854,0.011126039257940593,0.011126395759112399,0.011126752183380178,0.011127108530723503,0.01112746480121146,0.011127820994871227,0.011128177111719125,0.011128533151799938,0.01112888911512211,0.011129245001754082,0.011129600811709708,0.01112995654495378,0.01113031220165649,0.011130667781774276,0.011131023285307752,0.01113137871235467,0.011131734062939679,0.011132089337050314,0.011132444534707086,0.011132799655973339,0.011133154700859503,0.011133509669435073,0.01113386456169447,0.011134219377670018,0.01113457411742473,0.011134928780944348,0.011135283368287867,0.011135637879476426,0.011135992314541949,0.01113634667351757,0.011136700956441955,0.011137055163337947,0.011137409294228014,0.01113776334918078,0.011138117328173151,0.011138471231253461,0.01113882505845519,0.011139178809815327,0.011139532485369613,0.011139886085141035,0.011140239609150013,0.011140593057419573,0.01114094643001347,0.011141299726919846,0.01114165294822087,0.01114200609392094,0.011142359164050621,0.011142712158640223,0.011143065077720124,0.011143417921320667,0.01114377068947216,0.011144123382204999,0.01114447599954944,0.011144828541535772,0.01114518100819426,0.011145533399555143,0.011145885715648653,0.011146237956504997,0.011146590122154377,0.011146942212626897,0.01114729422795284,0.011147646168162282,0.011147998033285337,0.011148349823352116,0.011148701538392706,0.011149053178442878,0.011149404743521265,0.011149756233663554,0.011150107648899581,0.01115045898925985,0.011150810254774069,0.011151161445472181,0.011151512561384145,0.011151863602539868,0.011152214568969308,0.011152565460702278,0.011152916277768682,0.011153267020198376,0.011153617688021202,0.01115396828126689,0.011154318799965408,0.01115466924414644,0.011155019613820424,0.011155369909055803,0.011155720129862958,0.01115607027627195,0.011156420348311762,0.011156770346012214,0.011157120269403398,0.011157470118514732,0.011157819893375862,0.011158169594016377,0.011158519220465906,0.011158868772753424,0.011159218250909587,0.011159567654963383,0.011159916984944349,0.011160266240881987,0.011160615422805768,0.011160964530745181,0.011161313564729656,0.011161662524788606,0.01116201141095142,0.01116236022324765,0.011162708961706526,0.011163057626357437,0.011163406217229836,0.011163754734352962,0.011164103177756146,0.011164451547468599,0.011164799843519743,0.01116514806593916,0.011165496214755311,0.011165844289996034,0.011166192291694027,0.011166540219876855,0.011166888074575361,0.011167235855815224,0.011167583563627223,0.011167931198040605,0.011168278759084386,0.011168626246787763,0.011168973661179752,0.011169321002289354,0.011169668270145738,0.011170015464777756,0.011170362586214719,0.01117070963448523,0.011171056609618113,0.011171403511642844,0.011171750340588298,0.011172097096483195,0.011172443779356406,0.011172790389236888,0.011173136926153742,0.011173483390135389,0.011173829781210856,0.011174176099408907,0.011174522344758379,0.011174868517288095,0.011175214617026842,0.011175560644003324,0.011175906598246249,0.011176252479773927,0.011176598288635917,0.011176944024850461,0.011177289688446232,0.011177635279468136,0.011177980797912292,0.011178326243823655,0.01117867161723067,0.011179016918161984,0.011179362146646166,0.011179707302711984,0.011180052386387536,0.011180397397701556,0.011180742336682533,0.01118108720335896,0.011181431997759337,0.011181776719951948,0.011182121369885414,0.011182465947628088,0.011182810453208373,0.011183154886654709,0.011183499248024134,0.011183843537287451,0.011184187754501796,0.011184531899695533,0.011184875972896871,0.011185219974134141,0.011185563903435612,0.011185907760829776,0.011186251546376202,0.01118659526003969,0.011186938901880277,0.011187282471934637,0.011187625970213956,0.011187969396774515,0.011188312751640957,0.01118865603479504,0.01118899924628993,0.01118934238616485,0.011189685454435529,0.011190028451136359,0.011190371376298412,0.011190714229943652,0.011191057012086524,0.011191399722788226,0.011191742362060116,0.011192084929959037,0.011192427426464866,0.011192769851614997,0.011193112205436567,0.011193454487978448,0.01119379669927032,0.011194138839315427,0.011194480908154676,0.011194822905817936,0.011195164832326689,0.011195506687696026,0.011195848471971156,0.011196190185201845,0.011196531827395856,0.011196873398569524,0.011197214898739158,0.011197556327968457,0.011197897686268677,0.011198238973667516,0.011198580190192625,0.011198921335871585,0.011199262410761147,0.011199603414830724,0.01119994434813699,0.011200285210707856,0.011200626002570201,0.011200966723752278,0.01120130737428086,0.011201647954183833,0.011201988463487847,0.011202328902225313,0.011202669270417104,0.011203009568116328,0.011203349795303014,0.011203689952029037,0.011204030038321567,0.011204370054210318,0.011204709999784833,0.011205049874941881,0.011205389679774722,0.011205729414290095,0.01120606907853979,0.011206408672563513,0.01120674819637309,0.011207087649978032,0.01120742703343878,0.011207766346767326,0.011208105589992825,0.011208444763136226,0.01120878386622812,0.011209122899279016,0.01120946186234841,0.011209800755433362,0.011210139578589509,0.011210478331829723,0.011210817015165046,0.011211155628655895,0.011211494172311381,0.01121183264616915,0.01121217105022121,0.011212509384517719,0.011212847649108026,0.01121318584399507,0.011213523969193891,0.011213862024745468,0.011214200010686329,0.011214537927042897,0.011214875773818337,0.011215213551055831,0.011215551258797725,0.011215888897055153,0.011216226465854835,0.011216563965223709,0.01121690139518592,0.011217238755759454,0.011217576046996587,0.011217913268910007,0.011218250421512196,0.011218587504859148,0.01121892451896539,0.011219261463851165,0.011219598339543564,0.011219935146075681,0.011220271883466899,0.011220608551737721,0.011220945150935949,0.011221281681066493,0.011221618142177415,0.011221954534287785,0.011222290857417806,0.011222627111600231,0.01122296329685484,0.011223299413211424,0.011223635460686596,0.01122397143932781,0.011224307349214417,0.011224643190234902,0.011224978962504396,0.011225314666038622,0.011225650300853532,0.011225985867007448,0.011226321364476006,0.011226656793311874,0.011226992153546115,0.01122732744519799,0.011227662668278878,0.011227997822845217,0.011228332908909568,0.01122866792649823,0.011229002875637528,0.011229337756354476,0.011229672568677478,0.011230007312726189,0.01123034198831462,0.011230676595601589,0.01123101113459644,0.011231345605325769,0.011231680007817364,0.011232014342093954,0.011232348608286303,0.011232682806213588,0.01123301693600547,0.011233350997673088,0.011233684991272827,0.011234018916815466,0.011234352774388704,0.011234686563907255,0.011235020285434681,0.011235353939012186,0.011235687524733286,0.011236021042430646,0.011236354492306817,0.011236687874421706,0.011237021188622017,0.011237354435005916,0.011237687613620491,0.011238020724488077,0.01123835376765154,0.011238686743109617,0.011239019651002845,0.011239352491145056,0.011239685263689543,0.011240017968686063,0.011240350606103811,0.011240683175950438,0.011241015678283112,0.011241348113132094,0.011241680480514799,0.011242012780451963,0.011242345012987827,0.011242677178183287,0.01124300927597312,0.011243341306435476,0.011243673269582977,0.011244005165487072,0.011244336994096127,0.011244668755490145,0.011245000449689457,0.011245332076669601,0.01124566363650084,0.01124599512920838,0.011246326554820378,0.01124665791334638,0.011246989204841995,0.011247320429287925,0.011247651586730703,0.01124798267718367,0.011248313700695197,0.0112486446572862,0.011248975546972857,0.011249306369786036,0.011249637125747525,0.011249967814884671,0.011250298437221437,0.01125062899278594,0.011250959481587636,0.011251289903682347,0.011251620259077305,0.011251950547795165,0.011252280769895862,0.01125261092533407,0.01125294101418637,0.011253271036465578,0.01125360099221864,0.011253930881435848,0.011254260704154908,0.011254590460397777,0.011254920150226,0.011255249773608927,0.011255579330586735,0.011255908821226467,0.011256238245494198,0.01125656760342612,0.011256896895066783,0.011257226120450258,0.011257555279586157,0.011257884372504119,0.011258213399223371,0.011258542359779623,0.011258871254180597,0.011259200082481309,0.011259528844671431,0.01125985754078685,0.0112601861708479,0.011260514734903125,0.011260843232975163,0.011261171665042296,0.01126150003119585,0.011261828331427628,0.011262156565748504,0.011262484734187015,0.01126281283678896,0.011263140873560604,0.011263468844538445,0.011263796749757615,0.011264124589197217,0.011264452362934945,0.011264780070974392,0.011265107713346796,0.01126543529005948,0.011265762801136074,0.011266090246615157,0.01126641762652912,0.011266744940883377,0.011267072189720628,0.011267399373055192,0.011267726490915751,0.01126805354334888,0.011268380530325297,0.01126870745191791,0.011269034308118294,0.011269361098977398,0.011269687824489966,0.01127001448469784,0.011270341079620423,0.01127066760929356,0.011270994073759335,0.011271320472991805,0.011271646807063319,0.011271973075952145,0.01127229927972631,0.011272625418402878,0.011272951491982486,0.011273277500485663,0.011273603443951646,0.011273929322402667,0.01127425513586838,0.011274580884367703,0.01127490656792095,0.011275232186550476,0.011275557740333944,0.01127588322922059,0.011276208653265911,0.011276534012496401,0.01127685930692187,0.011277184536584599,0.011277509701501695,0.011277834801690114,0.011278159837188672,0.011278484808002079,0.011278809714228432,0.011279134555796324,0.01127945933275353,0.011279784045128062,0.011280108692975405,0.011280433276268684,0.011280757795075815,0.011281082249384207,0.011281406639238685,0.011281730964658555,0.011282055225687117,0.011282379422313823,0.011282703554581108,0.011283027622513474,0.011283351626137469,0.011283675565507165,0.011283999440558991,0.011284323251359193,0.011284646997948693,0.011284970680365271,0.011285294298644262,0.011285617852743528,0.011285941342722674,0.011286264768604748,0.011286588130413014,0.01128691142816219,0.01128723466189413,0.011287557831643704,0.01128788093738806,0.011288203979181219,0.011288526957043575,0.011288849871003271,0.011289172721074731,0.01128949550728889,0.011289818229665375,0.011290140888249964,0.011290463483063985,0.01129078601407309,0.011291108481306978,0.011291430884864955,0.011291753224705147,0.011292075500915627,0.011292397713451427,0.0112927198623589,0.011293041947666513,0.011293363969396543,0.011293685927573188,0.011294007822224766,0.011294329653365515,0.01129465142100333,0.011294973125207467,0.011295294765975713,0.011295616343327267,0.011295937857295556,0.011296259307948581,0.011296580695190435,0.011296902019140593,0.011297223279786795,0.011297544477153759,0.011297865611242698,0.011298186682137262,0.01129850768983082,0.011298828634352678,0.011299149515690563,0.011299470333916838,0.01129979108903919,0.011300111781058482,0.01130043241001139,0.011300752975919325,0.01130107347883184,0.011301393918735398,0.011301714295666019,0.01130203460962975,0.011302354860697018,0.01130267504888186,0.011302995174193966,0.011303315236624818,0.011303635236250246,0.011303955173050436,0.011304275047087193,0.01130459485834897,0.011304914606928939,0.011305234292727454,0.011305553915839286,0.011305873476298805,0.011306192974114634,0.011306512409297744,0.011306831781891532,0.011307151091909613,0.0113074703393679,0.011307789524301585,0.01130810864669398,0.011308427706600574,0.011308746704077674,0.011309065639119716,0.01130938451174338,0.011309703321971629,0.011310022069833527,0.011310340755342806,0.011310659378500353,0.011310977939384946,0.01131129643799975,0.011311614874361437,0.011311933248467822,0.01131225156038555,0.011312569810090885,0.011312887997641498,0.011313206123051667,0.011313524186340036,0.011313842187535087,0.01131416012665356,0.011314478003723748,0.011314795818761275,0.01131511357175697,0.011315431262810219,0.011315748891895657,0.011316066459024908,0.011316383964262221,0.011316701407630683,0.011317018789087746,0.011317336108710635,0.011317653366511382,0.011317970562486384,0.011318287696704812,0.011318604769165418,0.011318921779891473,0.011319238728905489,0.011319555616228234,0.011319872441885277,0.011320189205883504,0.011320505908243118,0.011320822549023437,0.011321139128222583,0.011321455645866127,0.011321772101989503,0.01132208849660384,0.011322404829729493,0.011322721101389824,0.011323037311607848,0.011323353460406648,0.011323669547810734,0.011323985573832952,0.011324301538501547,0.011324617441838013,0.011324933283859544,0.011325249064541323,0.01132556478401853,0.011325880442253583,0.011326196039269695,0.011326511575082814,0.011326827049724902,0.011327142463213789,0.011327457815571691,0.01132777310682079,0.011328088336984185,0.01132840350608224,0.011328718614138027,0.011329033661173675,0.011329348647180219,0.011329663572220516,0.011329978436328568,0.011330293239504966,0.011330607981771806,0.011330922663151161,0.011331237283665092,0.011331551843338205,0.011331866342162421,0.011332180780212371,0.011332495157485046,0.01133280947400245,0.011333123729789474,0.01133343792486231,0.011333752059245828,0.011334066132964405,0.011334380146037087,0.011334694098486135,0.011335007990331835,0.011335321821597884,0.011335635592308622,0.011335949302483524,0.011336262952142002,0.011336576541308954,0.011336890069984198,0.011337203538226075,0.011337516946047177,0.011337830293529024,0.01133814358056239,0.011338456807237546,0.011338769973571534,0.011339083079587324,0.011339396125308205,0.011339709110753401,0.011340022035943925,0.011340334900910288,0.01134064770566408,0.011340960450232498,0.011341273134633739,0.01134158575889102,0.011341898323027576,0.011342210826978437,0.011342523270935292,0.011342835654815517,0.011343147978677687,0.01134346024252781,0.011343772446384133,0.011344084590268255,0.011344396674205656,0.011344708698194027,0.011345020662297811,0.01134533256651502,0.011345644410883149,0.011345956195453446,0.011346267920145951,0.01134657958504108,0.011346891190150183,0.011347202735527813,0.011347514221144902,0.011347825647067954,0.011348137013291683,0.011348448319843829,0.011348759566751184,0.011349070754029272,0.011349381881702883,0.011349692949791762,0.011350003958316928,0.011350314907300573,0.011350625796765879,0.011350936626729787,0.011351247397219174,0.011351558108266203,0.011351868759860495,0.01135217935204294,0.011352489884910513,0.011352800358329569,0.011353110772395779,0.01135342112713275,0.01135373142255577,0.01135404165872202,0.01135435183560417,0.011354661953272751,0.011354972011685368,0.011355282010901286,0.011355591950932107,0.011355901831813214,0.011356211653521997,0.011356521416143128,0.011356831119669784,0.011357140764122886,0.011357450349549575,0.011357759875916688,0.011358069343271831,0.011358378751637857,0.011358688101045086,0.011358997391491685,0.011359306623013222,0.011359615795629135,0.011359924909358818,0.011360233964303537,0.011360542960329215,0.011360851897530427,0.011361160775930518,0.011361469595547135,0.011361778356405585,0.01136208705855301,0.011362395701954551,0.01136270428666188,0.011363012812694615,0.01136332128007275,0.011363629688816938,0.01136393803895211,0.011364246330503897,0.011364554563472209,0.01136486273789097,0.011365170853779668,0.011365478911159733,0.011365786910062126,0.011366094850488168,0.011366402732472273,0.01136671055603698,0.011367018321186974,0.011367326027928096,0.01136763367632523,0.011367941266379807,0.01136824879811227,0.011368556271559204,0.011368863686711344,0.01136917104360328,0.011369478342243954,0.011369785582679696,0.011370092764917794,0.011370399888981465,0.011370706954885366,0.011371013962653267,0.011371320912288737,0.011371627803845713,0.011371934637329252,0.01137224141275876,0.011372548130136675,0.011372854789520954,0.0113731613909227,0.011373467934324134,0.011373774419791871,0.011374080847334416,0.011374387216963641,0.01137469352873139,0.01137499978260034,0.011375305978623986,0.011375612116818607,0.011375918197208129,0.011376224219803147,0.011376530184636533,0.011376836091716764,0.011377141941077536,0.011377447732734254,0.01137775346670635,0.011378059143014136,0.011378364761678328,0.011378670322717428,0.011378975826152493,0.011379281272004192,0.011379586660291409,0.011379891991034946,0.011380197264257323,0.011380502479977446,0.011380807638215983,0.011381112738992713,0.011381417782329002,0.011381722768243245,0.011382027696756749,0.01138233256788943,0.011382637381577,0.011382942138007921,0.011383246837118678,0.011383551478929298,0.011383856063460073,0.011384160590731782,0.011384465060763441,0.011384769473576714,0.011385073829189652,0.011385378127624217,0.011385682368899258,0.011385986553036083,0.011386290680053342,0.011386594749971628,0.011386898762810968,0.011387202718592815,0.011387506617335619,0.011387810459058898,0.011388114243782981,0.011388417971529372,0.011388721642317657,0.011389025256167246,0.011389328813097612,0.011389632313129608,0.01138993575628384,0.011390239142577746,0.011390542472034979,0.01139084574467192,0.011391148960510406,0.011391452119569401,0.011391755221867795,0.011392058267428106,0.011392361256268817,0.011392664188409396,0.01139296706387061,0.011393269882672702,0.011393572644835192,0.011393875350376498
20,1.6442995486100426e-23,4.0282141250707916e-23,6.657347714444998e-23,9.371951324630598e-23,1.2278234528866044e-22,1.5265776854712396e-22,1.831455471743143e-22,2.141313741699198e-22,2.4535706928363987e-22,2.7677435842103035e-22,3.0837864498367534e-22,3.401793970880185e-22,3.719482888094884e-22,4.0388861125364636e-22,4.3587058337044345e-22,4.678823398304229e-22,4.999153963181794e-22,5.319636857300654e-22,5.640228693319377e-22,5.96089844283591e-22,6.281623915166983e-22,6.6023892401839215e-22,6.923183067815466e-22,7.243997280523091e-22,7.564826072641465e-22,7.885665292023688e-22,8.206511969073072e-22,8.527363979913545e-22,8.84821980548238e-22,9.16907835929521e-22,9.489938864422054e-22,9.810800765175236e-22,1.0131663664138139e-21,1.0452527276943522e-21,1.0773391400302018e-21,1.1094255888774847e-21,1.1415120638506219e-21,1.1735985575066024e-21,1.2056850645213302e-21,1.2377715810939036e-21,1.2698581044965604e-21,1.3019446327993203e-21,1.3340311645962648e-21,1.3661176988912262e-21,1.3982042349794557e-21,1.4302907723501447e-21,1.462377310629963e-21,1.4944638495668748e-21,1.5265503889831719e-21,1.558636928727058e-21,1.5907234687121305e-21,1.6228100088707353e-21,1.6548965491608653e-21,1.6869830895315005e-21,1.719069629966998e-21,1.7511561704496216e-21,1.7832427109731435e-21,1.8153292515217957e-21,1.8474157920885694e-21,1.87950233266766e-21,1.911588873249856e-21,1.9436754138409587e-21,1.9757619544446046e-21,2.0078484950463237e-21,2.0399350356583515e-21,2.0720215762675205e-21,2.1041081168780726e-21,2.13619465749798e-21,2.168281198114557e-21,2.200367738744756e-21,2.2324542793649574e-21,2.264540819987415e-21,2.2966273606223872e-21,2.3287139012594766e-21,2.3608004418883107e-21,2.392886982529391e-21,2.424973523161951e-21,2.4570600638066418e-21,2.489146604452395e-21,2.5212331450896195e-21,2.553319685728442e-21,2.5854062263680856e-21,2.6174927670193986e-21,2.6495793076645434e-21,2.6816658483111947e-21,2.7137523889683317e-21,2.745838929627433e-21,2.777925470288667e-21,2.8100120109511924e-21,2.8420985516161023e-21,2.8741850922732793e-21,2.906271632949169e-21,2.9383581736192737e-21,2.9704447142905208e-21,3.002531254963525e-21,3.0346177956385133e-21,3.066704336315066e-21,3.0987908769935795e-21,3.1308774176734414e-21,3.16296395835538e-21,3.1950504990396084e-21,3.2271370397338354e-21,3.2592235804203854e-21,3.2913101211096407e-21,3.323396661800156e-21,3.35548320250076e-21,3.3875697431952588e-21,3.4196562838906876e-21,3.451742824588346e-21,3.483829365287603e-21,3.5159159059885974e-21,3.54800244669149e-21,3.580088987395439e-21,3.612175528100964e-21,3.644262068809386e-21,3.676348609519237e-21,3.7084351502375335e-21,3.740521690958222e-21,3.77260823168077e-21,3.804694772398294e-21,3.836781313117071e-21,3.868867853844636e-21,3.900954394574791e-21,3.933040935299038e-21,3.965127476025799e-21,3.9972140167537355e-21,4.02930055748954e-21,4.061387098233573e-21,4.093473638973364e-21,4.1255601797144675e-21,4.157646720451452e-21,4.189733261196214e-21,4.221819801941975e-21,4.2539063426914225e-21,4.285992883442101e-21,4.31807942419313e-21,4.350165964948028e-21,4.382252505704987e-21,4.414339046462279e-21,4.4464255872221025e-21,4.478512127984162e-21,4.510598668746436e-21,4.542685209510133e-21,4.5747717502754026e-21,4.606858291042706e-21,4.638944831801218e-21,4.671031372562111e-21,4.703117913336375e-21,4.735204454112718e-21,4.767290994890212e-21,4.799377535680794e-21,4.831464076460911e-21,4.8635506172553204e-21,4.895637158040554e-21,4.9277236988277015e-21,4.9598102396160745e-21,4.99189678040602e-21,5.023983321197686e-21,5.056069861990663e-21,5.088156402785705e-21,5.1202429435924806e-21,5.15232948439019e-21,5.1844160252004026e-21,5.216502566002047e-21,5.2485891068050715e-21,5.2806756476103205e-21,5.31276218841808e-21,5.3448487292369744e-21,5.376935270048739e-21,5.4090218108621666e-21,5.441108351677319e-21,5.473194892495073e-21,5.505281433314132e-21,5.537367974134055e-21,5.569454514955683e-21,5.6015410557802866e-21,5.6336275966065545e-21,5.6657141374345535e-21,5.697800678264088e-21,5.729887219095605e-21,5.7619737599376865e-21,5.794060300773074e-21,5.8261468416187555e-21,5.8582333824667164e-21,5.890319923307254e-21,5.922406464148727e-21,5.954493004992679e-21,5.986579545838788e-21,6.018666086695781e-21,6.050752627546173e-21,6.082839168406979e-21,6.114925709269244e-21,6.147012250132748e-21,6.179098790997624e-21,6.211185331856723e-21,6.2432718727173684e-21,6.27535841357981e-21,6.307444954452314e-21,6.33953149531772e-21,6.371618036185249e-21,6.403704577062816e-21,6.435791117950689e-21,6.4678776588331825e-21,6.499964199717069e-21,6.5320507405941384e-21,6.5641372814727314e-21,6.596223822368983e-21,6.628310363251646e-21,6.660396904144166e-21,6.692483445037762e-21,6.724569985934249e-21,6.756656526839845e-21,6.788743067739575e-21,6.820829608640786e-21,6.85291614954339e-21,6.885002690440737e-21,6.917089231348057e-21,6.949175772256558e-21,6.981262313167353e-21,7.013348854073221e-21,7.045435394980313e-21,7.077521935895652e-21,7.109608476806166e-21,7.141695017725995e-21,7.173781558646868e-21,7.205868099562272e-21,7.23795464048721e-21,7.27004118141371e-21,7.302127722342666e-21,7.334214263273123e-21,7.36630080421278e-21,7.398387345146123e-21,7.430473886081183e-21,7.462560427025758e-21,7.494646967972341e-21,7.526733508913272e-21,7.558820049848919e-21,7.590906590801178e-21,7.62299313174774e-21,7.655079672690168e-21,7.687166213647916e-21,7.719252754607012e-21,7.751339295561252e-21,7.783425836524597e-21,7.815512377482245e-21,7.847598918441116e-21,7.879685459402401e-21,7.911772000372417e-21,7.943858541337131e-21,7.975945082297366e-21,8.00803162327277e-21,8.040118164243463e-21,8.072204705216595e-21,8.104291246197743e-21,8.136377787180465e-21,8.168464328157424e-21,8.20055086914373e-21,8.23263741013208e-21,8.264723951115134e-21,8.296810492099709e-21,8.328897033092411e-21,8.360983574088568e-21,8.393070115079433e-21,8.425156656078128e-21,8.457243197072627e-21,8.489329738080803e-21,8.521416279090484e-21,8.553502820090338e-21,8.58558936109273e-21,8.617675902096223e-21,8.649762443113635e-21,8.681848984120559e-21,8.713935525129678e-21,8.746022066153744e-21,8.778108607179064e-21,8.810195148192976e-21,8.842281689221438e-21,8.874368230240615e-21,8.906454771261757e-21,8.938541312295311e-21,8.970627853330772e-21,9.00271439435615e-21,9.034800935383651e-21,9.06688747641426e-21,9.098974017446159e-21,9.131060558479462e-21,9.163147099525866e-21,9.195233640562329e-21,9.22732018161216e-21,9.259406722664079e-21,9.291493263718281e-21,9.323579804773921e-21,9.3556663458313e-21,9.38775288687937e-21,9.41983942794031e-21,9.451925968991989e-21,9.484012510057002e-21,9.516099051123166e-21,9.548185592179785e-21,9.580272133249537e-21,9.612358674321294e-21,9.644445215394853e-21,9.676531756470187e-21,9.7086182975475e-21,9.740704838615874e-21,9.772791379696756e-21,9.804877920779911e-21,9.836964461864182e-21,9.869051002940202e-21,9.901137544018063e-21,9.933224085108923e-21,9.965310626190738e-21,9.997397167284367e-21,1.0029483708370397e-20,1.0061570249457821e-20,1.0093656790557808e-20,1.012574333165868e-20,1.0157829872750924e-20,1.0189916413845668e-20,1.0222002954952294e-20,1.0254089496050357e-20,1.0286176037160389e-20,1.0318262578272276e-20,1.0350349119385996e-20,1.0382435660491517e-20,1.0414522201609314e-20,1.0446608742728706e-20,1.0478695283849263e-20,1.051078182497196e-20,1.0542868366096118e-20,1.0574954907212149e-20,1.0607041448330425e-20,1.0639127989460956e-20,1.0671214530592645e-20,1.0703301071715647e-20,1.0735387612860567e-20,1.0767474153997994e-20,1.079956069512804e-20,1.0831647236269811e-20,1.0863733777413359e-20,1.0895820318558283e-20,1.0927906859714018e-20,1.0959993400862665e-20,1.099207994201223e-20,1.1024166483153965e-20,1.1056253024307656e-20,1.1088339565462995e-20,1.1120426106610559e-20,1.1152512647769754e-20,1.1184599188932256e-20,1.1216685730095535e-20,1.1248772271259937e-20,1.128085881242654e-20,1.1312945353594782e-20,1.1345031894765474e-20,1.1377118435939552e-20,1.1409204977116018e-20,1.1441291518293596e-20,1.1473378059472617e-20,1.1505464600653404e-20,1.1537551141835212e-20,1.1569637683018518e-20,1.1601724224202838e-20,1.1633810765389805e-20,1.1665897306588109e-20,1.169798384778786e-20,1.1730070388980008e-20,1.176215693017418e-20,1.1794243471369901e-20,1.1826330012567013e-20,1.1858416553757374e-20,1.1890503094958372e-20,1.1922589636161005e-20,1.195467617736647e-20,1.198676271857381e-20,1.201884925978207e-20,1.2050935800991884e-20,1.2083022342213649e-20,1.2115108883436859e-20,1.2147195424652766e-20,1.2179281965879032e-20,1.2211368507099078e-20,1.2243455048320689e-20,1.2275541589535105e-20,1.2307628130768163e-20,1.2339714672002317e-20,1.2371801213231285e-20,1.240388775447023e-20,1.2435974295710895e-20,1.2468060836946382e-20,1.2500147378191753e-20,1.2532233919438598e-20,1.2564320460678962e-20,1.2596407001929891e-20,1.2628493543182374e-20,1.2660580084435852e-20,1.2692666625683366e-20,1.272475316693231e-20,1.2756839708183147e-20,1.278892624943636e-20,1.2821012790698543e-20,1.2853099331963178e-20,1.288518587322247e-20,1.2917272414483703e-20,1.2949358955754508e-20,1.298144549701968e-20,1.3013532038285923e-20,1.3045618579562203e-20,1.3077705120832386e-20,1.3109791662104192e-20,1.3141878203385797e-20,1.3173964744661316e-20,1.3206051285939114e-20,1.3238137827226696e-20,1.3270224368508331e-20,1.3302310909791443e-20,1.3334397451083707e-20,1.3366483992378744e-20,1.3398570533667613e-20,1.3430657074966103e-20,1.3462743616259186e-20,1.3494830157553237e-20,1.3526916698847913e-20,1.3559003240153656e-20,1.3591089781453962e-20,1.3623176322763296e-20,1.3655262864073945e-20,1.3687349405379704e-20,1.371943594668677e-20,1.3751522488002763e-20,1.3783609029312792e-20,1.3815695570631963e-20,1.384778211196115e-20,1.3879868653284958e-20,1.3911955194610635e-20,1.3944041735930378e-20,1.3976128277259908e-20,1.400821481859093e-20,1.4040301359923865e-20,1.4072387901258742e-20,1.410447444259514e-20,1.413656098393453e-20,1.4168647525275027e-20,1.4200734066617132e-20,1.423282060795392e-20,1.4264907149298868e-20,1.4296993690645198e-20,1.4329080231986827e-20,1.4361166773331253e-20,1.4393253314684937e-20,1.442533985604084e-20,1.4457426397398427e-20,1.4489512938757014e-20,1.4521599480117572e-20,1.4553686021479688e-20,1.4585772562851675e-20,1.4617859104218567e-20,1.464994564558616e-20,1.4682032186955427e-20,1.4714118728319888e-20,1.4746205269693708e-20,1.4778291811076654e-20,1.4810378352447095e-20,1.4842464893826087e-20,1.4874551435206626e-20,1.4906637976588992e-20,1.4938724517973847e-20,1.4970811059367717e-20,1.5002897600755864e-20,1.5034984142152416e-20,1.506707068355155e-20,1.5099157224945254e-20,1.513124376634119e-20,1.5163330307746058e-20,1.5195416849145288e-20,1.5227503390545477e-20,1.5259589931955303e-20,1.5291676473353326e-20,1.5323763014760287e-20,1.535584955617673e-20,1.5387936097587256e-20,1.5420022639007114e-20,1.5452109180422026e-20,1.5484195721837882e-20,1.551628226326206e-20,1.5548368804674673e-20,1.5580455346096385e-20,1.5612541887526246e-20,1.564462842895113e-20,1.5676714970377808e-20,1.5708801511814115e-20,1.574088805323786e-20,1.577297459467704e-20,1.580506113611798e-20,1.583714767755396e-20,1.5869234218991738e-20,1.5901320760439098e-20,1.5933407301880605e-20,1.5965493843330215e-20,1.599758038478304e-20,1.6029666926231216e-20,1.6061753467680418e-20,1.609384000913711e-20,1.612592655058888e-20,1.615801309204952e-20,1.61900996335128e-20,1.622218617497123e-20,1.625427271643135e-20,1.6286359257900883e-20,1.631844579936455e-20,1.6350532340836246e-20,1.638261888230369e-20,1.6414705423772948e-20,1.6446791965250464e-20,1.6478878506724092e-20,1.65109650482004e-20,1.65430515896845e-20,1.6575138131165065e-20,1.6607224672646848e-20,1.663931121414245e-20,1.667139775562694e-20,1.6703484297113013e-20,1.6735570838607088e-20,1.676765738009735e-20,1.6799743921595977e-20,1.6831830463095918e-20,1.686391700459179e-20,1.6896003546095334e-20,1.6928090087601062e-20,1.6960176629108297e-20,1.6992263170617166e-20,1.7024349712128365e-20,1.7056436253641622e-20,1.70885227951568e-20,1.7120609336673206e-20,1.7152695878179202e-20,1.7184782419698553e-20,1.721686896122009e-20,1.7248955502743703e-20,1.7281042044269237e-20,1.731312858579655e-20,1.7345215127325134e-20,1.7377301668856458e-20,1.7409388210378114e-20,1.7441474751912463e-20,1.7473561293461214e-20,1.7505647834989057e-20,1.7537734376529777e-20,1.756982091808423e-20,1.7601907459628404e-20,1.7633994001174742e-20,1.7666080542734926e-20,1.7698167084284655e-20,1.7730253625835473e-20,1.776234016738901e-20,1.7794426708944282e-20,1.7826513250500655e-20,1.7858599792070757e-20,1.7890686333631837e-20,1.7922772875193944e-20,1.7954859416769008e-20,1.798694595833548e-20,1.8019032499904677e-20,1.8051119041475468e-20,1.8083205583046894e-20,1.8115292124621254e-20,1.8147378666197092e-20,1.8179465207773266e-20,1.8211551749351933e-20,1.82436382909329e-20,1.8275724832515705e-20,1.830781137411227e-20,1.8339897915698502e-20,1.8371984457286633e-20,1.8404070998888082e-20,1.843615754048016e-20,1.8468244082074538e-20,1.8500330623670977e-20,1.8532417165268322e-20,1.856450370686859e-20,1.8596590248470842e-20,1.862867679007473e-20,1.866076333168055e-20,1.8692849873299794e-20,1.8724936414909026e-20,1.8757022956530745e-20,1.878910949814273e-20,1.8821196039756828e-20,1.885328258138355e-20,1.888536912300183e-20,1.891745566462192e-20,1.8949542206255112e-20,1.8981628747890795e-20,1.901371528951623e-20,1.9045801831143314e-20,1.9077888372772975e-20,1.9109974914404716e-20,1.914206145604815e-20,1.9174147997683626e-20,1.920623453933094e-20,1.9238321080980938e-20,1.9270407622621667e-20,1.9302494164263814e-20,1.933458070590783e-20,1.9366667247553214e-20,1.9398753789200732e-20,1.9430840330861943e-20,1.946292687251376e-20,1.949501341416703e-20,1.9527099955832803e-20,1.955918649748978e-20,1.9591273039148715e-20,1.9623359580821005e-20,1.9655446122484467e-20,1.96875326641491e-20,1.9719619205826415e-20,1.9751705747494285e-20,1.9783792289164132e-20,1.9815878830846937e-20,1.9847965372521418e-20,1.9880051914207233e-20,1.991213845588537e-20,1.9944224997565094e-20,1.9976311539256183e-20,2.0008398080949406e-20,2.004048462263474e-20,2.007257116432174e-20,2.0104657706010324e-20,2.013674424770074e-20,2.016883078940336e-20,2.0200917331097047e-20,2.023300387280221e-20,2.026509041451089e-20,2.0297176956211543e-20,2.0329263497923065e-20,2.0361350039636164e-20,2.039343658134126e-20,2.0425523123048905e-20,2.0457609664769167e-20,2.048969620649154e-20,2.0521782748215747e-20,2.0553869289941338e-20,2.0585955831658036e-20,2.0618042373386007e-20,2.0650128915116524e-20,2.0682215456849337e-20,2.0714301998583513e-20,2.0746388540319747e-20,2.0778475082047652e-20,2.081056162378717e-20,2.0842648165528992e-20,2.0874734707262488e-20,2.0906821249007092e-20,2.093890779075421e-20,2.0970994332492798e-20,2.1003080874243182e-20,2.1035167415996518e-20,2.1067253957751176e-20,2.109934049950775e-20,2.1131427041266367e-20,2.1163513583026853e-20,2.1195600124788724e-20,2.1227686666542454e-20,2.1259773208298068e-20,2.1291859750065722e-20,2.13239462918341e-20,2.135603283359534e-20,2.1388119375367882e-20,2.14202059171326e-20,2.145229245889983e-20,2.1484379000679162e-20,2.151646554245973e-20,2.154855208423215e-20,2.1580638626016466e-20,2.161272516779276e-20,2.1644811709580712e-20,2.1676898251370303e-20,2.1708984793162465e-20,2.174107133495512e-20,2.1773157876758832e-20,2.180524441854588e-20,2.1837330960344948e-20,2.1869417502155223e-20,2.1901504043948546e-20,2.1933590585753395e-20,2.196567712756004e-20,2.1997763669368148e-20,2.2029850211178738e-20,2.2061936753001002e-20,2.2094023294815287e-20,2.2126109836630386e-20,2.2158196378446965e-20,2.2190282920265824e-20,2.22223694620867e-20,2.2254456003909427e-20,2.2286542545734435e-20,2.2318629087561008e-20,2.235071562938002e-20,2.2382802171210097e-20,2.2414888713050885e-20,2.2446975254884535e-20,2.2479061796719763e-20,2.2511148338557536e-20,2.2543234880397114e-20,2.2575321422238778e-20,2.2607407964082052e-20,2.2639494505917842e-20,2.2671581047764616e-20,2.270366758962158e-20,2.273575413147217e-20,2.276784067332469e-20,2.279992721518803e-20,2.283201375703542e-20,2.2864100298894382e-20,2.2896186840764514e-20,2.2928273382626184e-20,2.2960359924489512e-20,2.299244646635487e-20,2.3024533008222102e-20,2.3056619550099832e-20,2.3088706091979605e-20,2.312079263385241e-20,2.3152879175726688e-20,2.3184965717611168e-20,2.3217052259489165e-20,2.3249138801369375e-20,2.3281225343250605e-20,2.33133118851439e-20,2.3345398427030434e-20,2.337748496891783e-20,2.3409571510807116e-20,2.3441658052698842e-20,2.3473744594591808e-20,2.3505831136486252e-20,2.3537917678383323e-20,2.3570004220281916e-20,2.3602090762182748e-20,2.3634177304086533e-20,2.3666263845992195e-20,2.3698350387899124e-20,2.3730436929816492e-20,2.376252347172702e-20,2.3794610013647322e-20,2.3826696555570228e-20,2.3858783097485703e-20,2.3890869639411942e-20,2.3922956181340803e-20,2.3955042723263422e-20,2.3987129265195942e-20,2.4019215807130367e-20,2.4051302349066016e-20,2.408338889100236e-20,2.4115475432932783e-20,2.4147561974874108e-20,2.4179648516816547e-20,2.4211735058760514e-20,2.4243821600697746e-20,2.4275908142645818e-20,2.4307994684596276e-20,2.4340081226539376e-20,2.4372167768493292e-20,2.4404254310440888e-20,2.443634085239076e-20,2.4468427394350002e-20,2.4500513936301702e-20,2.4532600478255826e-20,2.4564687020220277e-20,2.4596773562178728e-20,2.4628860104148153e-20,2.4660946646118445e-20,2.4693033188081723e-20,2.4725119730047194e-20,2.4757206272023872e-20,2.478929281399359e-20,2.4821379355973562e-20,2.4853465897955193e-20,2.4885552439937363e-20,2.491763898192131e-20,2.4949725523898946e-20,2.4981812065879163e-20,2.5013898607870628e-20,2.5045985149863914e-20,2.5078071691849872e-20,2.5110158233845623e-20,2.5142244775843952e-20,2.517433131783579e-20,2.5206417859837635e-20,2.523850440184135e-20,2.52705909438469e-20,2.5302677485853914e-20,2.5334764027863745e-20,2.536685056986626e-20,2.5398937111869895e-20,2.5431023653892804e-20,2.5463110195910354e-20,2.5495196737929167e-20,2.5527283279941345e-20,2.5559369821964254e-20,2.5591456363988587e-20,2.5623542906014108e-20,2.5655629448042025e-20,2.5687715990072114e-20,2.5719802532096365e-20,2.575188907412229e-20,2.5783975616157994e-20,2.5816062158194812e-20,2.5848148700234254e-20,2.588023524227565e-20,2.59123217843184e-20,2.594440832635518e-20,2.5976494868401983e-20,2.6008581410441922e-20,2.6040667952492104e-20,2.6072754494544808e-20,2.6104841036591237e-20,2.6136927578646983e-20,2.616901412070512e-20,2.6201100662757122e-20,2.6233187204819494e-20,2.6265273746882595e-20,2.6297360288939392e-20,2.6329446831005713e-20,2.6361533373074817e-20,2.6393619915145522e-20,2.6425706457218126e-20,2.645779299930088e-20,2.6489879541378538e-20,2.6521966083458006e-20,2.6554052625538852e-20,2.6586139167621375e-20,2.661822570970576e-20,2.6650312251791642e-20,2.668239879387886e-20,2.6714485335968492e-20,2.6746571878052137e-20,2.6778658420144898e-20,2.6810744962239737e-20,2.6842831504336238e-20,2.687491804643445e-20,2.6907004588534557e-20,2.6939091130636796e-20,2.6971177672741804e-20,2.7003264214847528e-20,2.703535075694753e-20,2.7067437299056972e-20,2.7099523841176614e-20,2.7131610383290316e-20,2.716369692540501e-20,2.7195783467529335e-20,2.722787000964033e-20,2.725995655176077e-20,2.7292043093891066e-20,2.7324129636015065e-20,2.735621617814069e-20,2.738830272027572e-20,2.742038926240461e-20,2.745247580453559e-20,2.7484562346677487e-20,2.751664888881355e-20,2.7548735430951227e-20,2.758082197309107e-20,2.7612908515231894e-20,2.76449950573748e-20,2.767708159952812e-20,2.770916814168291e-20,2.774125468383178e-20,2.777334122598963e-20,2.780542776814853e-20,2.7837514310309576e-20,2.786960085246505e-20,2.7901687394623225e-20,2.79337739367827e-20,2.7965860478944264e-20,2.799794702110752e-20,2.803003356327234e-20,2.806212010544009e-20,2.809420664760964e-20,2.812629318978748e-20,2.815837973196022e-20,2.8190466274141384e-20,2.822255281632473e-20,2.825463935850284e-20,2.828672590068374e-20,2.8318812442874024e-20,2.835089898506571e-20,2.83829855272507e-20,2.841507206944548e-20,2.844715861164182e-20,2.847924515383282e-20,2.85113316960331e-20,2.8543418238235244e-20,2.8575504780432615e-20,2.8607591322639e-20,2.863967786483955e-20,2.867176440704939e-20,2.870385094925365e-20,2.8735937491466856e-20,2.8768024033682494e-20,2.880011057589969e-20,2.883219711811094e-20,2.886428366033207e-20,2.8896370202554517e-20,2.892845674477089e-20,2.896054328699644e-20,2.899262982922563e-20,2.902471637144953e-20,2.905680291367476e-20,2.908888945590203e-20,2.9120975998137755e-20,2.915306254037566e-20,2.91851490826157e-20,2.921723562486443e-20,2.924932216710007e-20,2.928140870933787e-20,2.9313495251585233e-20,2.9345581793834605e-20,2.9377668336085836e-20,2.940975487833798e-20,2.944184142058448e-20,2.947392796283254e-20,2.950601450508995e-20,2.953810104734984e-20,2.957018758961139e-20,2.960227413188139e-20,2.9634360674145765e-20,2.966644721641249e-20,2.969853375868124e-20,2.9730620300951886e-20,2.9762706843232066e-20,2.979479338551432e-20,2.982687992779147e-20,2.985896647007111e-20,2.989105301235226e-20,2.9923139554641935e-20,2.9955226096932817e-20,2.9987312639211486e-20,3.00193991814919e-20,3.0051485723774856e-20,3.008357226606684e-20,3.011565880836759e-20,3.0147745350663286e-20,3.0179831892952723e-20,3.0211918435251585e-20,3.024400497755164e-20,3.027609151985482e-20,3.0308178062159533e-20,3.034026460446674e-20,3.0372351146774476e-20,3.040443768908333e-20,3.0436524231393914e-20,3.0468610773707004e-20,3.0500697316022844e-20,3.053278385834762e-20,3.056487040065945e-20,3.0596956942973205e-20,3.0629043485295864e-20,3.066113002761979e-20,3.069321656995329e-20,3.072530311228857e-20,3.075738965461133e-20,3.078947619694296e-20,3.0821562739283536e-20,3.085364928161914e-20,3.088573582396397e-20,3.0917822366309706e-20,3.094990890865065e-20,3.098199545099314e-20,3.1014081993339006e-20,3.1046168535686985e-20,3.1078255078035915e-20,3.111034162039376e-20,3.1142428162746396e-20,3.11745147051007e-20,3.120660124745685e-20,3.123868778982151e-20,3.1270774332187333e-20,3.1302860874541493e-20,3.133494741690418e-20,3.136703395926994e-20,3.1399120501644057e-20,3.143120704401986e-20,3.146329358639748e-20,3.149538012877035e-20,3.152746667114509e-20,3.155955321352169e-20,3.159163975590015e-20,3.1623726298287044e-20,3.165581284067578e-20,3.168789938305914e-20,3.171998592544472e-20,3.175207246783242e-20,3.1784159010222036e-20,3.1816245552614064e-20,3.1848332095014146e-20,3.1880418637409304e-20,3.191250517980632e-20,3.19445917222052e-20,3.197667826461243e-20,3.2008764807022124e-20,3.204085134943983e-20,1.8731828470472574e-15,4.0367095731893885e-15,6.3327065063515634e-15,8.756613415822918e-15,1.131663808763125e-14,1.4022647607487508e-14,1.688546118365029e-14,1.99168932128422e-14,2.3129858213608496e-14,2.6538492866859978e-14,3.0158294146317976e-14,3.400627569971106e-14,3.810114522253734e-14,4.246350605014561e-14,4.7116086757746846e-14,5.208400322870223e-14,5.739505845680059e-14,6.308008631426081e-14,6.917334668208717e-14,7.571298074803909e-14,8.274153698560197e-14,9.030658040717816e-14,9.846140022444713e-14,1.0726583416216264e-13,1.1678723150219433e-13,1.271015816653571e-13,1.382948410044456e-13,1.5046449778495718e-13,1.637214244600637e-13,1.7819207781482243e-13,1.9402112201439466e-13,2.1137456792452163e-13,2.30443545413685e-13,2.5144885522237536e-13,2.7464648541490995e-13,3.00334327140209e-13,3.288603890633547e-13,3.606328943723884e-13,3.961327554796221e-13,4.3592906872347515e-13,4.806984673752824e-13,5.312494339157965e-13,5.885530268012005e-13,6.537819578838398e-13,7.283606139213327e-13,8.140295198120327e-13,9.12928993337104e-13,1.0277084863224797e-12,1.161670554481024e-12,1.3189618502174935e-12,1.504828427300259e-12,1.7259596173796267e-12,1.9909547017471028e-12,2.3109608775903708e-12,2.700551508930709e-12,3.178943128214023e-12,3.7716923040917545e-12,4.513076278984338e-12,5.4494578857920446e-12,6.6440982465427434e-12,8.184199184217481e-12,9.19205701244702e-12,9.192057012448544e-12,9.19205701245567e-12,1.1575374510790722e-11,1.4746349474944263e-11,1.9039345359349585e-11,2.5033167065231966e-11,3.383527534626115e-11,4.781244128200528e-11,7.240090866684064e-11,1.1956103411754755e-10,2.0747160870469647e-10,2.4889129365585015e-10,2.488912936559064e-10,2.488912936559822e-10,2.488912936560666e-10,2.4889129365615854e-10,2.488912936562593e-10,2.4889129365637117e-10,2.4889129365649696e-10,2.488912936566408e-10,2.488912936568082e-10,2.488912936573694e-10,2.488912936579306e-10,2.488912936589348e-10,4.427366383818404e-10,6.300592664742336e-10,8.551842551158239e-10,1.1609668639822444e-09,1.5675301025288641e-09,2.046496193449108e-09,2.5320320352019773e-09,2.9488734388939946e-09,3.2302125159909887e-09,3.334579619019516e-09,3.2603616939844744e-09,3.0423351273367163e-09,2.733936205683823e-09,2.3869131791773764e-09,2.040101588172987e-09,1.7175705482957077e-09,1.4316069645083334e-09,1.1882089769169752e-09,1.970293004822104e-09,2.3382251514145196e-09,2.5748584329447776e-09,2.7497280238727906e-09,2.8850925249686395e-09,2.991622836196021e-09,3.075977455125482e-09,3.1428222234606314e-09,3.195607003698667e-09,3.2369646048710187e-09,3.2689494362391757e-09,3.2931919289782657e-09,3.311003467831056e-09,3.3234503072477477e-09,3.331407151906777e-09,3.335596920946759e-09,3.336620844099509e-09,3.3349816211983103e-09,3.3311014971224044e-09,3.325336540284567e-09,3.3179880406867377e-09,3.3093116918378836e-09,3.299525046665395e-09,3.2888136146257926e-09,3.2773358788892863e-09,3.265227447967159e-09,3.252604508355904e-09,3.2395667088953514e-09,3.226199580281042e-09,3.2125765722480584e-09,3.198760774717559e-09,3.1848063765088705e-09,3.1707599052155205e-09,3.1566612838960894e-09,3.1425447338769397e-09,3.1284395478537003e-09,3.1143707533396897e-09,3.1003596831474335e-09,3.0864244668399604e-09,3.0725804548303178e-09,3.0588405849496807e-09,3.0452156997627636e-09,3.0317148216298283e-09,3.0183453914519447e-09,3.005113476141255e-09,2.99202394911324e-09,2.9790806474682225e-09,2.966286508999909e-09,2.9536436917207473e-09,2.9411536782133885e-09,2.9288173667962272e-09,2.916635151215023e-09,2.904606990340021e-09,2.8927324691457055e-09,2.881010852081488e-09,2.86944112979157e-09,2.858022060018236e-09,2.8467522034130955e-09,2.8356299548868652e-09,2.824653571046675e-09,2.8138211942017287e-09,2.8031308733552315e-09,2.7925805825491063e-09,2.7821682368821277e-09,2.7718917064828326e-09,2.7617488286817924e-09,2.7517374186016007e-09,2.7418552783521784e-09,2.7321002049998628e-09,2.722469997456024e-09,2.712962462414693e-09,2.7035754194528483e-09,2.6943067053936574e-09,2.6851541780207115e-09,2.6761157192220003e-09,2.667189237631509e-09,2.6583726708295405e-09,2.649663987155863e-09,2.6410611871819653e-09,2.632562304886062e-09,2.624165408565928e-09,2.6158686015237266e-09,2.6076700225511603e-09,2.599567846240915e-09,2.5915602831463445e-09,2.5836455798105657e-09,2.575822018681595e-09,2.56808791792949e-09,2.5604416311797402e-09,2.55288154717487e-09,2.5454060893744744e-09,2.5380137155043247e-09,2.5307029170619282e-09,2.5234722187866184e-09,2.5163201781001616e-09,2.509245384524184e-09,2.5022464590787864e-09,2.4953220536673874e-09,2.488470850451472e-09,2.481691561217904e-09,2.4749829267434736e-09,2.4683437161568463e-09,2.4617727263026328e-09,2.4552687811074636e-09,2.4488307309511744e-09,2.442457452043213e-09,2.436147845807149e-09,2.4299008382721707e-09,2.4237153794746126e-09,2.4175904428685664e-09,2.4115250247471693e-09,2.4055181436743704e-09,2.399568839927947e-09,2.3936761749542474e-09,2.3878392308341082e-09,2.3820571097609437e-09,2.3763289335303347e-09,2.370653843042115e-09,2.3650309978137897e-09,2.359459575505913e-09,2.3539387714596218e-09,2.3484677982453e-09,2.343045885223161e-09,2.3376722781150507e-09,2.3323462385873367e-09,2.3270670438451474e-09,2.3218339862368814e-09,2.316646372870058e-09,2.3115035252367445e-09,2.3064047788498658e-09,2.301349482888877e-09,2.2963369998555844e-09,2.2913667052392118e-09,2.286437987190855e-09,2.2815502462067337e-09,2.276702894820524e-09,2.271895357304043e-09,2.2671270693763478e-09,2.2623974779208343e-09,2.2577060407104123e-09,2.253052226140459e-09,2.248435512968498e-09,2.243855390062244e-09,2.2393113561536735e-09,2.23480291960053e-09,2.230329598154407e-09,2.22589091873508e-09,2.221486417211121e-09,2.2171156381868866e-09,2.212778134794998e-09,2.2084734684949055e-09,2.204201208876784e-09,2.199960933471016e-09,2.195752227562573e-09,2.1915746840109002e-09,2.1874279030743705e-09,2.183311492239909e-09,2.1792250660567865e-09,2.1751682459751367e-09,2.171140660189053e-09,2.167141943483578e-09,2.163171737085844e-09,2.1592296885205853e-09,2.1553154514687756e-09,2.1514286856310442e-09,2.147569056593493e-09,2.1437362356982787e-09,2.139929899916737e-09,2.1361497317261454e-09,2.1323954189897218e-09,2.1286666548400133e-09,2.1249631375645296e-09,2.121284570495216e-09,2.1176306619004027e-09,2.1140011248794263e-09,2.1103956772599306e-09,2.1068140414983433e-09,2.103255944582039e-09,2.0997211179345957e-09,2.09620929732332e-09,2.0927202227688584e-09,2.0892536384573368e-09,2.085809292654701e-09,2.08238693762278e-09,2.0789863295380888e-09,2.0756072284120708e-09,2.072249398013554e-09,2.068912605793046e-09,2.06559662280891e-09,2.0623012236554446e-09,2.0590261863921197e-09,2.0557712924755307e-09,2.0525363266921407e-09,2.049321077092872e-09,2.0461253349294426e-09,2.042948894591938e-09,2.0397915535480772e-09,2.0366531122837385e-09,2.033533374245164e-09,2.030432145781926e-09,2.0273492360920348e-09,2.0242844571676037e-09,2.021237623742156e-09,2.0182085532389892e-09,2.01519706572086e-09,2.0122029838406358e-09,2.0092261327931685e-09,2.006266340268394e-09,2.0033234364051108e-09,2.0003972537461945e-09,1.997487627194705e-09,1.9945943939706578e-09,1.9917173935692463e-09,1.9888564677198244e-09,1.9860114603453154e-09,1.98318221752345e-09,1.98036858744792e-09,1.977570420391025e-09,1.97478756866669e-09,1.9720198865946183e-09,1.96926723046502e-09,1.9665294585042018e-09,1.9638064308407254e-09,1.9610980094725013e-09,1.958404058234457e-09,1.9557244427669376e-09,1.953059030484618e-09,1.9504076905463875e-09,1.947770293825473e-09,1.9451467128806367e-09,1.9425368219273938e-09,1.9399404968103096e-09,1.937357614975773e-09,1.934788055445194e-09,1.9322316987887116e-09,1.9296884270996376e-09,1.927158123969343e-09,1.9246406744625517e-09,1.9221359650932095e-09,1.919643883800937e-09,1.9171643199276443e-09,1.914697164195096e-09,1.9122423086823283e-09,1.909799646804019e-09,1.9073690732891034e-09,1.9049504841597323e-09,1.902543776710577e-09,1.900148849488961e-09,1.897765602274779e-09,1.8953939360613818e-09,1.8930337530362797e-09,1.8906849565626788e-09,1.8883474511611093e-09,1.886021142491454e-09,1.8837059373354966e-09,1.881401743579383e-09,1.879108470196914e-09,1.8768260272327123e-09,1.8745543257861153e-09,1.8722932779950425e-09,1.870042797020121e-09,1.8678027970296757e-09,1.8655731931841997e-09,1.8633539016216456e-09,1.861144839442842e-09,1.8589459246971791e-09,1.8567570763684816e-09,1.8545782143613002e-09,1.852409259487283e-09,1.8502501334518618e-09,1.8481007588412988e-09,1.845961059109614e-09,1.843830958566289e-09,1.8417103823635978e-09,1.8395992564846761e-09,1.8374975077313335e-09,1.8354050637125314e-09,1.8333218528327859e-09,1.8312478042807389e-09,1.8291828480182607e-09,1.8271269147691875e-09,1.8250799360089113e-09,1.8230418439535208e-09,1.8210125715496205e-09,1.8189920524641663e-09,1.8169802210741737e-09,1.8149770124571166e-09,1.812982362381185e-09,1.8109962072956574e-09,1.809018484321726e-09,1.8070491312430462e-09,1.8050880864969343e-09,1.803135289165338e-09,1.8011906789660362e-09,1.7992541962441728e-09,1.7973257819637372e-09,1.7954053776992211e-09,1.7934929256274428e-09,1.7915883685195491e-09,1.7896916497329943e-09,1.7878027132038457e-09,1.7859215034391033e-09,1.7840479655091913e-09,1.782182045040391e-09,1.7803236882078162e-09,1.7784728417279383e-09,1.7766294528517508e-09,1.7747934693577637e-09,1.7729648395450605e-09,1.7711435122267256e-09,1.7693294367230766e-09,1.7675225628552818e-09,1.7657228409388754e-09,1.7639302217773995e-09,1.7621446566562292e-09,1.7603660973365804e-09,1.7585944960492564e-09,1.7568298054888334e-09,1.7550719788079434e-09,1.7533209696112583e-09,1.7515767319500685e-09,1.749839220316626e-09,1.748108389638618e-09,1.74638419527377e-09,1.744666593004713e-09,1.7429555390334065e-09,1.7412509899762833e-09,1.73955290285898e-09,1.7378612351114267e-09,1.7361759445628821e-09,1.7344969894370622e-09,1.7328243283474347e-09,1.7311579202923236e-09,1.7294977246505743e-09,1.7278437011766206e-09,1.726195809996256e-09,1.7245540116020727e-09,1.7229182668490662e-09,1.7212885369503882e-09,1.7196647834730872e-09,1.7180469683338498e-09,1.7164350537950126e-09,1.7148290024603636e-09,1.7132287772711595e-09,1.7116343415022982e-09,1.71004565875825e-09,1.7084626929693597e-09,1.7068854083879665e-09,1.7053137695847043e-09,1.7037477414448977e-09,1.7021872891648785e-09,1.7006323782483415e-09,1.6990829745030057e-09,1.6975390440368994e-09,1.6960005532552275e-09,1.6944674688567073e-09,1.6929397578304735e-09,1.6914173874526662e-09,1.6899003252832008e-09,1.6883885391625716e-09,1.6868819972088561e-09,1.685380667814379e-09,1.6838845196428063e-09,1.6823935216260818e-09,1.6809076429613893e-09,1.6794268531083736e-09,1.6779511217860424e-09,1.6764804189700716e-09,1.675014714889911e-09,1.6735539800260213e-09,1.6720981851070313e-09,1.6706473011072602e-09,1.6692012992438436e-09,1.6677601509741078e-09,1.6663238279930861e-09,1.6648923022309112e-09,1.663465545850206e-09,1.6620435312436768e-09,1.6606262310315913e-09,1.6592136180593248e-09,1.6578056653951203e-09,1.6564023463274903e-09,1.6550036343630494e-09,1.6536095032240683e-09,1.6522199268463975e-09,1.6508348793769692e-09,1.64945433517177e-09,1.6480782687935785e-09,1.6467066550097422e-09,1.6453394687902053e-09,1.6439766853052062e-09,1.6426182799234325e-09,1.641264228209612e-09,1.639914505922878e-09,1.6385690890145166e-09,1.6372279536260998e-09,1.6358910760874815e-09,1.6345584329148172e-09,1.6332300008088831e-09,1.6319057566528736e-09,1.6305856775107878e-09,1.6292697406255603e-09,1.6279579234171541e-09,1.6266502034808648e-09,1.6253465585855488e-09,1.6240469666717901e-09,1.6227514058502843e-09,1.6214598544000788e-09,1.6201722907669673e-09,1.6188886935617114e-09,1.617609041558462e-09,1.6163333136932225e-09,1.615061489062104e-09,1.6137935469198118e-09,1.6125294666781586e-09,1.6112692279043154e-09,1.610012810319612e-09,1.6087601937976577e-09,1.6075113583631502e-09,1.6062662841902526e-09,1.6050249516012345e-09,1.603787341064917e-09,1.6025534331953811e-09,1.6013232087505446e-09,1.60009664863065e-09,1.5988737338770916e-09,1.597654445670897e-09,1.596438765331523e-09,1.5952266743154442e-09,1.594018154214908e-09,1.592813186756515e-09,1.5916117538002846e-09,1.5904138373378789e-09,1.5892194194918116e-09,1.5880284825140362e-09,1.5868410087846525e-09,1.5856569808109028e-09,1.5844763812257928e-09,1.5832991927870358e-09,1.5821253983757866e-09,1.5809549809957611e-09,1.5797879237715964e-09,1.5786242099483465e-09,1.5774638228898135e-09,1.5763067460778544e-09,1.5751529631110846e-09,1.5740024577038723e-09,1.5728552136852888e-09,1.5717112149979915e-09,1.5705704456973196e-09,1.569432889950094e-09,1.5682985320338116e-09,1.5671673563354682e-09,1.5660393473506258e-09,1.5649144896824585e-09,1.5637927680407838e-09,1.5626741672410473e-09,1.561558672203448e-09,1.5604462679519542e-09,1.55933693961342e-09,1.5582306724165883e-09,1.5571274516912495e-09,1.5560272628673824e-09,1.5549300914741969e-09,1.553835923139241e-09,1.5527447435876043e-09,1.5516565386409922e-09,1.550571294216937e-09,1.5494889963279539e-09,1.5484096310806228e-09,1.547333184674967e-09,1.546259643403294e-09,1.5451889936497636e-09,1.5441212218893975e-09,1.543056314687312e-09,1.5419942586979446e-09,1.5409350406643425e-09,1.5398786474172698e-09,1.5388250658745574e-09,1.5377742830404086e-09,1.5367262860045139e-09,1.5356810619413902e-09,1.5346385981096228e-09,1.5335988818513397e-09,1.5325619005911946e-09,1.5315276418358567e-09,1.5304960931733361e-09,1.5294672422721607e-09,1.5284410768809124e-09,1.5274175848272232e-09,1.5263967540175174e-09,1.5253785724360206e-09,1.5243630281442705e-09,1.5233501092804213e-09,1.5223398040586856e-09,1.521332100768526e-09,1.520326987774187e-09,1.5193244535140788e-09,1.5183244865000962e-09,1.5173270753169933e-09,1.5163322086218513e-09,1.5153398751434429e-09,1.5143500636816985e-09,1.5133627631070047e-09,1.5123779623598012e-09,1.5113956504498246e-09,1.5104158164556635e-09,1.5094384495242684e-09,1.5084635388701476e-09,1.5074910737750614e-09,1.5065210435873491e-09,1.5055534377214895e-09,1.5045882456574427e-09,1.503625456940279e-09,1.5026650611794366e-09,1.501707048048496e-09,1.5007514072844218e-09,1.499798128687145e-09,1.4988472021191004e-09,1.497898617504679e-09,1.4969523648297652e-09,1.4960084341411845e-09,1.4950668155463816e-09,1.4941274992127173e-09,1.4931904753671717e-09,1.4922557342958529e-09,1.4913232663434126e-09,1.4903930619127454e-09,1.4894651114644376e-09,1.4885394055163274e-09,1.487615934643084e-09,1.4866946894757813e-09,1.4857756607013961e-09,1.4848588390624352e-09,1.4839442153564942e-09,1.4830317804357677e-09,1.4821215252067177e-09,1.4812134406296754e-09,1.4803075177182646e-09,1.479403747539229e-09,1.4785021212117317e-09,1.4776026299072764e-09,1.4767052648491198e-09,1.475810017311842e-09,1.4749168786211365e-09,1.4740258401531661e-09,1.4731368933344647e-09,1.4722500296413635e-09,1.4713652405996509e-09,1.4704825177842908e-09,1.4696018528189262e-09,1.4687232373755106e-09,1.4678466631741655e-09,1.4669721219825434e-09,1.466099605615577e-09,1.4652291059352401e-09,1.4643606148499716e-09,1.463494124314603e-09,1.4626296263297044e-09,1.4617671129415495e-09,1.4609065762415412e-09,1.4600480083660337e-09,1.4591914014959254e-09,1.4583367478563074e-09,1.4574840397162783e-09,1.4566332693883916e-09,1.4557844292286053e-09,1.45493751163569e-09,1.454092509051245e-09,1.4532494139589596e-09,1.4524082188847751e-09,1.4515689163961798e-09,1.4507314991021667e-09,1.4498959596528057e-09,1.4490622907390338e-09,1.4482304850922423e-09,1.4474005354841023e-09,1.4465724347262327e-09,1.4457461756698727e-09,1.4449217512057054e-09,1.444099154263398e-09,1.4432783778115243e-09,1.4424594148571763e-09,1.4416422584456533e-09,1.4408269016603561e-09,1.4400133376223029e-09,1.439201559489997e-09,1.4383915604591547e-09,1.4375833337624067e-09,1.4367768726690455e-09,1.4359721704848266e-09,1.4351692205515323e-09,1.4343680162470213e-09,1.433568550984637e-09,1.4327708182132675e-09,1.4319748114168532e-09,1.431180524114243e-09,1.4303879498590526e-09,1.429597082239229e-09,1.4288079148769274e-09,1.4280204414282862e-09,1.427234655583162e-09,1.426450551064817e-09,1.425668121629881e-09,1.4248873610679252e-09,1.4241082632013479e-09,1.4233308218851556e-09,1.4225550310066177e-09,1.4217808844852692e-09,1.4210083762723921e-09,1.420237500351092e-09,1.4194682507358805e-09,1.4187006214725673e-09,1.4179346066380606e-09,1.4171702003399593e-09,1.4164073967166981e-09,1.4156461899369853e-09,1.4148865741997797e-09,1.4141285437341423e-09,1.4133720927988802e-09,1.4126172156824175e-09,1.4118639067025927e-09,1.411112160206515e-09,1.4103619705703176e-09,1.4096133321988886e-09,1.4088662395258743e-09,1.4081206870132715e-09,1.4073766691514178e-09,1.4066341804586486e-09,1.4058932154812995e-09,1.4051537687933055e-09,1.4044158349961802e-09,1.4036794087187712e-09,1.402944484617118e-09,1.4022110573741977e-09,1.4014791216997712e-09,1.400748672330359e-09,1.4000197040287929e-09,1.3992922115842764e-09,1.3985661898121258e-09,1.397841633553586e-09,1.3971185376756555e-09,1.3963968970709982e-09,1.3956767066576228e-09,1.394957961378982e-09,1.3942406562035141e-09,1.3935247861246096e-09,1.3928103461605065e-09,1.392097331354092e-09,1.3913857367726814e-09,1.3906755575079169e-09,1.3899667886755998e-09,1.3892594254156196e-09,1.3885534628916148e-09,1.3878488962909792e-09,1.3871457208246605e-09,1.3864439317269963e-09,1.385743524255615e-09,1.3850444936912304e-09,1.3843468353374863e-09,1.3836505445209046e-09,1.3829556165906435e-09,1.3822620469183899e-09,1.3815698308982593e-09,1.3808789639465883e-09,1.3801894415017825e-09,1.3795012590242988e-09,1.3788144119963528e-09,1.3781288959219466e-09,1.3774447063265832e-09,1.376761838757165e-09,1.3760802887819626e-09,1.375400051990334e-09,1.3747211239927595e-09,1.3740435004205668e-09,1.3733671769258112e-09,1.37269214918127e-09,1.37201841288024e-09,1.3713459637363502e-09,1.3706747974834945e-09,1.3700049098757862e-09,1.3693362966872945e-09,1.3686689537119993e-09,1.3680028767636288e-09,1.3673380616756378e-09,1.3666745043009097e-09,1.3660122005118395e-09,1.3653511462000448e-09,1.36469133727636e-09,1.3640327696707414e-09,1.3633754393319212e-09,1.3627193422276654e-09,1.3620644743443466e-09,1.361410831686955e-09,1.360758410278997e-09,1.3601072061624028e-09,1.3594572153972463e-09,1.3588084340618981e-09,1.3581608582527606e-09,1.357514484084101e-09,1.3568693076881083e-09,1.3562253252147242e-09,1.3555825328314387e-09,1.3549409267233057e-09,1.3543005030928288e-09,1.3536612581598247e-09,1.3530231881612218e-09,1.3523862893512107e-09,1.3517505580008966e-09,1.3511159903983486e-09,1.3504825828484088e-09,1.3498503316726455e-09,1.3492192332092468e-09,1.3485892838129363e-09,1.3479604798548261e-09,1.3473328177223626e-09,1.3467062938192379e-09,1.346080904565266e-09,1.3454566463963405e-09,1.344833515764199e-09,1.344211509136534e-09,1.3435906229968305e-09,1.342970853844106e-09,1.342352198193084e-09,1.3417346525739277e-09,1.341118213532209e-09,1.3405028776288163e-09,1.3398886414398565e-09,1.3392755015566234e-09,1.3386634545853809e-09,1.3380524971474051e-09,1.337442625878842e-09,1.336833837430652e-09,1.3362261284685015e-09,1.3356194956726057e-09,1.335013935737852e-09,1.3344094453734847e-09,1.3338060213031894e-09,1.3332036602649293e-09,1.3326023590108304e-09,1.3320021143072199e-09,1.3314029229345094e-09,1.3308047816869846e-09,1.330207687372911e-09,1.3296116368142888e-09,1.3290166268470192e-09,1.3284226543204721e-09,1.327829716097719e-09,1.3272378090553682e-09,1.3266469300833835e-09,1.3260570760850922e-09,1.3254682439772101e-09,1.3248804306895429e-09,1.3242936331651177e-09,1.323707848360015e-09,1.3231230732432436e-09,1.322539304796811e-09,1.321956540015566e-09,1.3213747759071037e-09,1.32079400949177e-09,1.3202142378024634e-09,1.3196354578847694e-09,1.3190576667967186e-09,1.3184808616087326e-09,1.3179050394036678e-09,1.3173301972766372e-09,1.3167563323349736e-09,1.3161834416982243e-09,1.3156115224979725e-09,1.315040571877835e-09,1.3144705869934475e-09,1.3139015650122985e-09,1.3133335031136937e-09,1.3127663984887591e-09,1.3122002483403193e-09,1.3116350498827882e-09,1.3110708003422434e-09,1.3105074969562e-09,1.3099451369736663e-09,1.3093837176550918e-09,1.3088232362721418e-09,1.3082636901078677e-09,1.3077050764565061e-09,1.307147392623313e-09,1.3065906359249078e-09,1.3060348036886533e-09,1.3054798932530996e-09,1.3049259019676004e-09,1.3043728271923907e-09,1.303820666298502e-09,1.3032694166677419e-09,1.3027190756925919e-09,1.3021696407760663e-09,1.3016211093319353e-09,1.301073478784314e-09,1.3005267465678937e-09,1.2999809101276716e-09,1.299435966919092e-09,1.2988919144078458e-09,1.298348750069859e-09,1.2978064713913117e-09,1.2972650758684502e-09,1.2967245610075735e-09,1.2961849243251169e-09,1.2956461633474436e-09,1.2951082756107796e-09,1.2945712586613282e-09,1.2940351100550556e-09,1.2934998273577295e-09,1.2929654081447813e-09,1.2924318500013936e-09,1.2918991505223066e-09,1.291367307311866e-09,1.290836317983912e-09,1.2903061801617647e-09,1.2897768914782204e-09,1.2892484495753614e-09,1.2887208521046227e-09,1.2881940967267608e-09,1.2876681811117284e-09,1.2871431029386823e-09,1.2866188598958939e-09,1.2860954496807622e-09,1.2855728699996153e-09,1.2850511185680085e-09,1.2845301931101657e-09,1.2840100913594697e-09,1.2834908110579607e-09,1.2829723499566575e-09,1.282454705815252e-09,1.2819378764022084e-09,1.2814218594946288e-09,1.2809066528783218e-09,1.2803922543476144e-09,1.2798786617054487e-09,1.2793658727632786e-09,1.278853885340923e-09,1.2783426972667444e-09,1.277832306377482e-09,1.2773227105181364e-09,1.2768139075420325e-09,1.2763058953107768e-09,1.2757986716941924e-09,1.2752922345702548e-09,1.2747865818250799e-09,1.274281711352901e-09,1.2737776210559412e-09,1.2732743088445094e-09,1.2727717726368832e-09,1.2722700103591503e-09,1.2717690199455023e-09,1.2712687993378317e-09,1.2707693464858732e-09,1.2702706593471895e-09,1.2697727358870186e-09,1.2692755740783362e-09,1.2687791719018606e-09,1.268283527345718e-09,1.2677886384058856e-09,1.2672945030856919e-09,1.266801119396064e-09,1.2663084853554915e-09,1.2658165989896566e-09,1.2653254583319788e-09,1.2648350614229232e-09,1.264345406310557e-09,1.263856491050033e-09,1.2633683137039325e-09,1.2628808723419556e-09,1.2623941650410576e-09,1.2619081898853048e-09,1.261422944965941e-09,1.2609384283812243e-09,1.2604546382365534e-09,1.259971572644261e-09,1.2594892297237465e-09,1.2590076076013033e-09,1.2585267044101744e-09,1.2580465182905134e-09,1.2575670473892494e-09,1.257088289860224e-09,1.2566102438639905e-09,1.2561329075679027e-09,1.2556562791460354e-09,1.2551803567791212e-09,1.254705138654612e-09,1.2542306229665637e-09,1.253756807915579e-09,1.2532836917089214e-09,1.252811272560277e-09,1.2523395486899272e-09,1.2518685183245779e-09,1.2513981796974374e-09,1.2509285310480194e-09,1.2504595706223376e-09,1.2499912966726527e-09,1.249523629790416e-09,1.2490566803660687e-09,1.2485904318936079e-09,1.2481248718917453e-09,1.2476599937414266e-09,1.2471957935775533e-09,1.2467322687704923e-09,1.246269417203877e-09,1.2458072369930744e-09,1.2453457263909054e-09,1.2448848836535645e-09,1.2444247071015455e-09,1.2439651950681251e-09,1.2435063458579397e-09,1.2430481578411858e-09,1.2425906293378225e-09,1.2421337586948574e-09,1.2416775442929315e-09,1.2412219844816787e-09,1.2407670776222409e-09,1.240312822107355e-09,1.2398592163213571e-09,1.2394062586272785e-09,1.2389539474422843e-09,1.238502281146703e-09,1.2380512581412452e-09,1.2376008768439943e-09,1.2371511356697479e-09,1.236702033040261e-09,1.2362535673878802e-09,1.235805737132962e-09,1.2353585407393447e-09,1.2349119766167494e-09,1.2344660432205737e-09,1.2340207390338636e-09,1.233576062473717e-09,1.2331320120313588e-09,1.2326885861659797e-09,1.2322457833531977e-09,1.2318036021120327e-09,1.2313620408824658e-09,1.2309210981615874e-09,1.2304807724546562e-09,1.2300410622673564e-09,1.2296019661113127e-09,1.229163482489248e-09,1.228725609923697e-09,1.2282883469386565e-09,1.2278516920599952e-09,1.2274156438227998e-09,1.2269802007652261e-09,1.2265453614310554e-09,1.2261111243715942e-09,1.2256774881345154e-09,1.2252444512753462e-09,1.224812012370929e-09,1.2243801699820684e-09,1.2239489226820724e-09,1.2235182690541914e-09,1.2230882076789619e-09,1.2226587371556602e-09,1.2222298560427301e-09,1.2218015629566297e-09,1.221373856500365e-09,1.2209467352765799e-09,1.2205201979074954e-09,1.220094243008812e-09,1.219668869192758e-09,1.2192440750925984e-09,1.2188198593336667e-09,1.2183962205525723e-09,1.2179731573888759e-09,1.2175506684860625e-09,1.2171287524996856e-09,1.2167074080756798e-09,1.2162866338740584e-09,1.2158664285564301e-09,1.21544679079558e-09,1.2150277192541644e-09,1.214609212600166e-09,1.2141912695371083e-09,1.2137738887377495e-09,1.21335706889166e-09,1.2129408086949508e-09,1.212525106849961e-09,1.2121099620494743e-09,1.2116953729774783e-09,1.2112813383655765e-09,1.2108678569613549e-09,1.2104549274577354e-09,1.2100425485816912e-09,1.209630719049439e-09,1.2092194376040636e-09,1.2088087029718183e-09,1.2083985139050718e-09,1.2079888691415088e-09,1.2075797674288494e-09,1.2071712075102923e-09,1.2067631881563352e-09,1.2063557081263613e-09,1.20594876618202e-09,1.205542361093007e-09,1.2051364916363513e-09,1.2047311565810541e-09,1.2043263547120784e-09,1.2039220848133593e-09,1.2035183456749874e-09,1.203115136090438e-09,1.2027124548551383e-09,1.2023103007692441e-09,1.2019086726386277e-09,1.201507569270906e-09,1.201106989476112e-09,1.200706932074354e-09,1.2003073958843785e-09,1.1999083797292672e-09,1.1995098824358052e-09,1.1991119028363663e-09,1.198714439765785e-09,1.1983174920646356e-09,1.1979210585715628e-09,1.1975251381322057e-09,1.1971297295998096e-09,1.196734831819446e-09,1.1963404436631573e-09,1.1959465639838414e-09,1.1955531916474636e-09,1.195160325519532e-09,1.194767964474771e-09,1.1943761073855207e-09,1.1939847531316844e-09,1.1935939005971477e-09,1.1932035486685015e-09,1.1928136962311435e-09,1.192424342178402e-09,1.1920354854093483e-09,1.1916471248241815e-09,1.191259259325587e-09,1.190871887820548e-09,1.1904850092180304e-09,1.1900986224336805e-09,1.1897127263830283e-09,1.1893273199884463e-09,1.1889424021733403e-09,1.1885579718688634e-09,1.1881740279979839e-09,1.1877905694976962e-09,1.1874075953045957e-09,1.1870251043618136e-09,1.186643095616396e-09,1.186261568011847e-09,1.1858805204940666e-09,1.1854999520218888e-09,1.1851198615519992e-09,1.184740247109235e-09,1.1843611108908229e-09,1.1839824488360512e-09,1.1836042603151265e-09,1.183226544471938e-09,1.182849300370469e-09,1.182472527031919e-09,1.1820962234504853e-09,1.18172038862051e-09,1.1813450215359268e-09,1.1809701211907424e-09,1.1805956865785521e-09,1.180221716698989e-09,1.179848210554007e-09,1.179475167148194e-09,1.1791025854896308e-09,1.1787304645882318e-09,1.178358803457175e-09,1.1779876011115997e-09,1.1776168565716182e-09,1.1772465688589737e-09,1.1768767369987556e-09,1.1765073600180678e-09,1.176138436952277e-09,1.175769966847995e-09,1.1754019487141441e-09,1.1750343816050475e-09,1.1746672645626168e-09,1.1743005966341654e-09,1.1739343768671707e-09,1.173568604312936e-09,1.173203278045075e-09,1.1728383970852473e-09,1.172473960511038e-09,1.1721099673845433e-09,1.171746416772636e-09,1.171383307743108e-09,1.1710206393668016e-09,1.1706584107063274e-09,1.170296620864717e-09,1.1699352689085114e-09,1.1695743539228382e-09,1.169213874987143e-09,1.1688538311905874e-09,1.1684942216254524e-09,1.1681350453795188e-09,1.1677763015591024e-09,1.1674179892625588e-09,1.1670601075822309e-09,1.1667026556267116e-09,1.1663456324868083e-09,1.1659890373079464e-09,1.1656328691778195e-09,1.1652771272159224e-09,1.164921810537395e-09,1.1645669182588394e-09,1.1642124495132996e-09,1.1638584034101437e-09,1.163504779095396e-09,1.163151575692079e-09,1.1627987923292824e-09,1.1624464281466378e-09,1.1620944822658294e-09,1.1617429538582364e-09,1.1613918420460685e-09,1.1610411459765417e-09,1.1606908648034355e-09,1.1603409976746707e-09,1.15999154373613e-09,1.1596425021495813e-09,1.159293872081959e-09,1.1589456526655906e-09,1.1585978430872703e-09,1.158250442504758e-09,1.1579034500809704e-09,1.157556864995636e-09,1.157210686416282e-09,1.1568649135186183e-09,1.1565195454786716e-09,1.1561745814762162e-09,1.1558300206936315e-09,1.1554858623141741e-09,1.155142105526522e-09,1.1547987494936259e-09,1.1544557934535856e-09,1.1541132365772038e-09,1.1537710780610716e-09,1.153429317102183e-09,1.15308795290231e-09,1.1527469846586648e-09,1.1524064115846552e-09,1.152066232878365e-09,1.1517264477630935e-09,1.1513870554410698e-09,1.1510480551284603e-09,1.1507094460411588e-09,1.1503712273974e-09,1.1500333984240547e-09,1.149695958333242e-09,1.1493589063566302e-09,1.1490222417204743e-09,1.1486859636533355e-09,1.1483500713878027e-09,1.148014564162755e-09,1.147679441205916e-09,1.1473447017577275e-09,1.1470103450608995e-09,1.1466763703564377e-09,1.1463427768893893e-09,1.1460095639086856e-09,1.145676730660075e-09,1.145344276397737e-09,1.1450122003838838e-09,1.1446805018531726e-09,1.1443491800876211e-09,1.1440182343174578e-09,1.1436876638197155e-09,1.1433574678599836e-09,1.1430276456976318e-09,1.1426981966031117e-09,1.1423691198478249e-09,1.1420404147026395e-09,1.1417120804403512e-09,1.1413841163314014e-09,1.1410565216679152e-09,1.1407292957199841e-09,1.1404024377693909e-09,1.140075947095495e-09,1.139749823000126e-09,1.139424064752051e-09,1.1390986716599406e-09,1.1387736430055842e-09,1.138448978084966e-09,1.1381246761912543e-09,1.1378007366232042e-09,1.13747715868484e-09,1.1371539416666202e-09,1.136831084877748e-09,1.1365085876382742e-09,1.1361864492262285e-09,1.135864668965296e-09,1.1355432461663655e-09,1.135222180143009e-09,1.1349014702088708e-09,1.1345811156772813e-09,1.1342611158703144e-09,1.1339414701105228e-09,1.1336221777180437e-09,1.1333032380467664e-09,1.1329846503652805e-09,1.1326664140324628e-09,1.1323485283729775e-09,1.1320309927188045e-09,1.1317138064032136e-09,1.1313969687628503e-09,1.1310804791260482e-09,1.1307643368454396e-09,1.130448541255588e-09,1.1301330916876844e-09,1.1298179875058131e-09,1.129503228046829e-09,1.1291888126588672e-09,1.1288747406882497e-09,1.1285610114878546e-09,1.1282476244063848e-09,1.1279345788062884e-09,1.1276218740383507e-09,1.1273095094660214e-09,1.1269974844425828e-09,1.1266857983305924e-09,1.126374450500172e-09,1.1260634402983152e-09,1.125752767111722e-09,1.1254424302987924e-09,1.125132429231175e-09,1.124822763281426e-09,1.1245134318205384e-09,1.124204434224872e-09,1.1238957698712315e-09,1.1235874381334674e-09,1.1232794383980976e-09,1.1229717700446826e-09,1.1226644324554784e-09,1.1223574250124473e-09,1.1220507471092e-09,1.1217443981288135e-09,1.1214383774624378e-09,1.1211326844891394e-09,1.1208273186251292e-09,1.1205222792534319e-09,1.1202175657708365e-09,1.1199131775740875e-09,1.1196091140622964e-09,1.1193053746262375e-09,1.1190019586896504e-09,1.1186988656457089e-09,1.1183960949005955e-09,1.1180936458605607e-09,1.1177915179349075e-09,1.1174897105318982e-09,1.1171882230651271e-09,1.1168870549506296e-09,1.1165862055904243e-09,1.1162856744198843e-09,1.1159854608475194e-09,1.115685564292306e-09,1.1153859841793297e-09,1.1150867199267525e-09,1.114787770954002e-09,1.1144891366954373e-09,1.1141908165746606e-09,1.1138928100216724e-09,1.1135951164647185e-09,1.1132977353355806e-09,1.113000666075607e-09,1.1127039081027818e-09,1.1124074608588628e-09,1.1121113237824036e-09,1.1118154963113324e-09,1.1115199778804748e-09,1.1112247679399042e-09,1.1109298659347184e-09,1.1106352713056597e-09,1.1103409834995265e-09,1.1100470019584258e-09,1.109753326135284e-09,1.1094599554795405e-09,1.109166889442953e-09,1.108874127477739e-09,1.108581669040305e-09,1.1082895135832308e-09,1.1079976605683254e-09,1.1077061094433496e-09,1.107414859669896e-09,1.1071239107201331e-09,1.1068332620575421e-09,1.1065429131280694e-09,1.1062528634095249e-09,1.105963112378963e-09,1.105673659494803e-09,1.1053845042159528e-09,1.1050956460242032e-09,1.1048070844023667e-09,1.1045188187993355e-09,1.1042308487098008e-09,1.1039431735949775e-09,1.1036557929482137e-09,1.1033687062400188e-09,1.10308191294976e-09,1.1027954125592286e-09,1.102509204553016e-09,1.102223288414471e-09,1.1019376636243013e-09,1.1016523296619096e-09,1.1013672860360879e-09,1.101082532225014e-09,1.100798067718409e-09,1.1005138920104088e-09,1.1002300045926662e-09,1.0999464049475813e-09,1.0996630925927834e-09,1.099380067014704e-09,1.099097327712929e-09,1.098814874175342e-09,1.0985327059157746e-09,1.0982508224336424e-09,1.0979692232362663e-09,1.0976879078113229e-09,1.0974068756853176e-09,1.0971261263507546e-09,1.0968456593240393e-09,1.0965654741063441e-09,1.096285570214696e-09,1.0960059471614354e-09,1.095726604452801e-09,1.0954475416060084e-09,1.0951687581379766e-09,1.0948902535627498e-09,1.0946120273951154e-09,1.0943340791593838e-09,1.0940564083727603e-09,1.093779014556338e-09,1.0935018972324402e-09,1.0932250559244702e-09,1.092948490157121e-09,1.0926721994560595e-09,1.0923961833458842e-09,1.0921204413596602e-09,1.0918449730241738e-09,1.09156977786752e-09,1.091294855426008e-09,1.0910202052300437e-09,1.0907458268133248e-09,1.0904717197109743e-09,1.0901978834589617e-09,1.0899243175946708e-09,1.0896510216564857e-09,1.0893779951839349e-09,1.0891052377175883e-09,1.088832748799283e-09,1.0885605279718202e-09,1.0882885747790891e-09,1.0880168887662387e-09,1.0877454694793282e-09,1.0874743164657647e-09,1.0872034292738532e-09,1.086932807452972e-09,1.0866624505509755e-09,1.0863923581221654e-09,1.086122529719378e-09,1.085852964896314e-09,1.085583663210695e-09,1.0853146242121517e-09,1.0850458474617738e-09,1.0847773325169683e-09,1.0845090789369706e-09,1.0842410862816762e-09,1.083973354112545e-09,1.0837058819813429e-09,1.0834386694631548e-09,1.0831717161302153e-09,1.082905021538344e-09,1.0826385852509998e-09,1.0823724068424204e-09,1.0821064858785591e-09,1.0818408219251022e-09,1.0815754145560295e-09,1.0813102633435668e-09,1.0810453678644564e-09,1.0807807276808054e-09,1.0805163423760674e-09,1.0802522115138638e-09,1.0799883346899264e-09,1.0797247114730233e-09,1.0794613414323322e-09,1.0791982241658082e-09,1.0789353592468723e-09,1.0786727462550953e-09,1.0784103847699397e-09,1.0781482743779988e-09,1.0778864146642593e-09,1.0776248052124283e-09,1.0773634456019323e-09,1.0771023354392202e-09,1.0768414743019655e-09,1.0765808617796354e-09,1.0763204974564577e-09,1.0760603809414293e-09,1.075800511812478e-09,1.0755408896671994e-09,1.0752815141001018e-09,1.0750223847058796e-09,1.0747635010748755e-09,1.074504862812778e-09,1.0742464695091565e-09,1.0739883207718382e-09,1.0737304161933845e-09,1.0734727553833314e-09,1.0732153379392686e-09,1.0729581634621442e-09,1.07270123155574e-09,1.0724445418171916e-09,1.072188093862617e-09,1.0719318873014756e-09,1.0716759217372453e-09,1.0714201967761623e-09,1.0711647120275607e-09,1.070909467093009e-09,1.0706544615999135e-09,1.0703996951502287e-09,1.070145167359923e-09,1.0698908778413813e-09,1.0696368262082181e-09,1.0693830120762364e-09,1.0691294350614522e-09,1.0688760947814486e-09,1.0686229908590708e-09,1.0683701229043424e-09,1.0681174905405706e-09,1.0678650933922555e-09,1.0676129310823549e-09,1.0673610032185803e-09,1.0671093094366342e-09,1.066857849354813e-09,1.0666066226041026e-09,1.0663556288067957e-09,1.0661048675882646e-09,1.0658543385619536e-09,1.0656040413906748e-09,1.0653539756805979e-09,1.0651041410685908e-09,1.0648545371851694e-09,1.0646051636577818e-09,1.064356020119691e-09,1.0641071062170374e-09,1.0638584215657165e-09,1.0636099658353564e-09,1.0633617386123868e-09,1.0631137395499726e-09,1.0628659682930188e-09,1.0626184244781073e-09,1.062371107742954e-09,1.062124017730443e-09,1.0618771540815016e-09,1.0616305164362483e-09,1.0613841044391092e-09,1.0611379177369955e-09,1.060891955962102e-09,1.0606462187667698e-09,1.0604007057945944e-09,1.0601554166907933e-09,1.0599103510967644e-09,1.0596655086805224e-09,1.0594208890785095e-09,1.05917649194174e-09,1.0589323169205697e-09,1.0586883636654283e-09,1.0584446318282464e-09,1.0582011210624287e-09,1.0579578310290609e-09,1.0577147613636235e-09,1.0574719117343224e-09,1.057229281793484e-09,1.0569868711992876e-09,1.0567446796083138e-09,1.0565027066800973e-09,1.0562609520722596e-09,1.0560194154452196e-09,1.0557780964590338e-09,1.0555369947822226e-09,1.055296110060589e-09,1.0550554419653617e-09,1.0548149901604934e-09,1.0545747543086313e-09,1.0543347340754535e-09,1.0540949291296948e-09,1.0538553391308663e-09,1.0536159637504656e-09,1.0533768026550276e-09,1.0531378555130081e-09,1.0528991219944122e-09,1.0526606017701907e-09,1.0524222945141393e-09,1.0521841998947066e-09,1.0519463175790252e-09,1.0517086472442847e-09,1.0514711885630783e-09,1.051233941212743e-09,1.0509969048706496e-09,1.0507600792017924e-09,1.05052346388995e-09,1.0502870586130483e-09,1.0500508630527638e-09,1.0498148768744645e-09,1.049579099774712e-09,1.0493435314128872e-09,1.049108171485213e-09,1.0488730196705579e-09,1.0486380756452174e-09,1.048403339094472e-09,1.0481688097038265e-09,1.0479344871575058e-09,1.0477003711403704e-09,1.047466461337013e-09,1.047232757446915e-09,1.0469992591297384e-09,1.04676596608707e-09,1.0465328780085649e-09,1.0462999945829067e-09,1.0460673154990859e-09,1.045834840446957e-09,1.0456025691199322e-09,1.0453705012030286e-09,1.0451386363938963e-09,1.04490697438719e-09,1.0446755148674668e-09,1.044444257532795e-09,1.0442132020873674e-09,1.0439823481958755e-09,1.0437516956027715e-09,1.0435212439758925e-09,1.0432909930203848e-09,1.0430609424281446e-09,1.0428310918998838e-09,1.0426014411411408e-09,1.0423719898478527e-09,1.0421427377183227e-09,1.0419136844588898e-09,1.0416848297669366e-09,1.0414561733468248e-09,1.0412277149002943e-09,1.040999454132759e-09,1.0407713907433456e-09,1.040543524443593e-09,1.040315854939995e-09,1.0400883819356495e-09,1.0398611051387559e-09,1.039634024259362e-09,1.039407139001523e-09,1.039180449068221e-09,1.0389539541852506e-09,1.0387276540487264e-09,1.0385015483805265e-09,1.0382756368873897e-09,1.0380499192815235e-09,1.037824395280144e-09,1.0375990645787952e-09,1.0373739269101893e-09,1.0371489819807306e-09,1.0369242295062327e-09,1.0366996692029502e-09,1.036475300789806e-09,1.0362511239767184e-09,1.0360271384878814e-09,1.0358033440358358e-09,1.0355797403418925e-09,1.0353563271254535e-09,1.035133104105863e-09,1.0349100710027968e-09,1.0346872275377893e-09,1.0344645734320905e-09,1.0342421084083877e-09,1.034019832188758e-09,1.0337977444974018e-09,1.0335758450571551e-09,1.03335413359396e-09,1.0331326098304486e-09,1.0329112734933545e-09,1.0326901243068188e-09,1.0324691619904325e-09,1.0322483862916313e-09,1.032027796918685e-09,1.0318073936183059e-09,1.0315871760953593e-09,1.0313671441100584e-09,1.0311472973644387e-09,1.03092763560026e-09,1.0307081585488153e-09,1.0304888659513529e-09,1.0302697575336048e-09,1.0300508330233118e-09,1.0298320921519633e-09,1.0296135346586665e-09,1.0293951602763192e-09,1.029176968751474e-09,1.0289589598049263e-09,1.0287411331774706e-09,1.028523488605668e-09,1.028306025826216e-09,1.028088744576885e-09,1.0278716445935237e-09,1.0276547256260778e-09,1.0274379873931263e-09,1.0272214296574414e-09,1.027005052146161e-09,1.0267888545975474e-09,1.0265728367649057e-09,1.0263569983793905e-09,1.0261413392005096e-09,1.0259258589469105e-09,1.0257105573804914e-09,1.025495434239297e-09,1.0252804892656486e-09,1.0250657222074188e-09,1.0248511328130242e-09,1.0246367208253974e-09,1.0244224859945706e-09,1.024208428063146e-09,1.0239945467808522e-09,1.0237808418962245e-09,1.0235673131578995e-09,1.023353960314668e-09,1.0231407831192787e-09,1.0229277813170388e-09,1.0227149546611917e-09,1.0225023029032104e-09,1.0222898257956447e-09,1.0220775230892793e-09,1.0218653945380142e-09,1.0216534398942935e-09,1.021441658919552e-09,1.0212300513511346e-09,1.0210186169565218e-09,1.020807355488659e-09,1.020596266703187e-09,1.0203853503563937e-09,1.0201746061973933e-09,1.0199640339987557e-09,1.01975363350993e-09,1.0195434044897323e-09,1.0193333466952791e-09,1.0191234598843616e-09,1.0189137438246206e-09,1.018704198271539e-09,1.0184948229852084e-09,1.0182856177272881e-09,1.0180765822590447e-09,1.017867716343055e-09,1.0176590197409663e-09,1.017450492214732e-09,1.0172421335319755e-09,1.0170339434536295e-09,1.016825921733795e-09,1.016618068159405e-09,1.0164103824849282e-09,1.0162028644760867e-09,1.0159955138992494e-09,1.0157883305228334e-09,1.0155813141106215e-09,1.0153744644323036e-09,1.0151677812561711e-09,1.0149612643498856e-09,1.0147549134860307e-09,1.014548728427458e-09,1.0143427089523908e-09,1.0141368548239953e-09,1.0139311658161387e-09,1.0137256417002253e-09,1.0135202822526337e-09,1.0133150872293958e-09,1.0131100564134268e-09,1.0129051895870895e-09,1.0127004865159237e-09,1.0124959469782037e-09,1.0122915707397257e-09,1.0120873575793267e-09,1.011883307265471e-09,1.011679419592454e-09,1.0114756943243953e-09,1.011272131239298e-09,1.0110687301085826e-09,1.0108654907212397e-09,1.010662412849559e-09,1.0104594962702574e-09,1.010256740768388e-09,1.010054146115995e-09,1.009851712095615e-09,1.009649438487643e-09,1.0094473250721139e-09,1.009245371630564e-09,1.0090435779455326e-09,1.0088419437957126e-09,1.008640468964596e-09,1.0084391532401411e-09,1.0082379963972006e-09,1.0080369982223376e-09,1.0078361585012978e-09,1.0076354770184268e-09,1.007434953555923e-09,1.0072345879006382e-09,1.0070343798344394e-09,1.0068343291464178e-09,1.0066344356280796e-09,1.0064346990610322e-09,1.0062351192348904e-09,1.0060356959430164e-09,1.005836428958943e-09,1.0056373180787484e-09,1.0054383631104515e-09,1.0052395638146907e-09,1.0050409199777667e-09,1.0048424314067043e-09,1.00464409789205e-09,1.0044459192191053e-09,1.004247895177074e-09,1.0040500255661566e-09,1.0038523101738456e-09,1.003654748790641e-09,1.00345734121318e-09,1.0032600872240093e-09,1.0030629866355898e-09,1.0028660392342216e-09,1.0026692448113595e-09,1.0024726031617248e-09,1.0022761140824275e-09,1.0020797773710314e-09,1.0018835928214255e-09,1.0016875602313736e-09,1.0014916793874093e-09,1.0012959500977684e-09,1.0011003721605093e-09,1.0009049453768845e-09,1.0007096695377902e-09,1.0005145444485563e-09,1.0003195699023797e-09,1.0001247456978503e-09,9.99930071639337e-10,9.997355475260469e-10,9.995411731563679e-10,9.993469483335495e-10,9.991528728592312e-10,9.989589465319774e-10,9.987651691585117e-10,9.985715405375138e-10,9.983780604740374e-10,9.981847287715703e-10,9.979915452327096e-10,9.977985096621248e-10,9.976056218643083e-10,9.974128816438583e-10,9.972202888070003e-10,9.970278431576167e-10,9.968355445025077e-10,9.966433926492043e-10,9.964513874124992e-10,9.96259528576284e-10,9.960678159639394e-10,9.958762493813863e-10,9.956848286358404e-10,9.954935535358434e-10,9.95302423888947e-10,9.95111439505007e-10,9.949206001965668e-10,9.947299057632938e-10,9.945393560287758e-10,9.943489507982064e-10,9.941586898821898e-10,9.939685730938098e-10,9.937786002419007e-10,9.935887711382938e-10,9.933990855963642e-10,9.932095434383974e-10,9.930201444734262e-10,9.928308884951444e-10,9.926417753300452e-10,9.924528047922143e-10,9.92263976699205e-10,9.920752908636875e-10,9.918867471018354e-10,9.916983452265724e-10,9.915100850551513e-10,9.91321966404313e-10,9.91133989089087e-10,9.909461529322912e-10,9.907584577414896e-10,9.905709033383735e-10,9.90383489532713e-10,9.901962161586808e-10,9.9000908302052e-10,9.898220899492911e-10,9.896352367588526e-10,9.894485232671435e-10,9.892619492957764e-10,9.89075514664093e-10,9.8888921919238e-10,9.887030626922637e-10,9.885170450041754e-10,9.883311659391333e-10,9.881454253207793e-10,9.879598229670799e-10,9.877743586966142e-10,9.875890323518065e-10,9.874038437303123e-10,9.872187926673225e-10,9.870338789941854e-10,9.868491025312147e-10,9.866644630960986e-10,9.864799605192623e-10,9.862955946128213e-10,9.861113652216408e-10,9.859272721652749e-10,9.857433152552218e-10,9.855594943377005e-10,9.853758092291948e-10,9.851922597619305e-10,9.850088457640155e-10,9.848255670501192e-10,9.846424234489127e-10,9.844594148049546e-10,9.842765409363398e-10,9.840938016745935e-10,9.839111968473625e-10,9.837287262833367e-10,9.835463898126093e-10,9.833641872660027e-10,9.831821184590928e-10,9.830001832521303e-10,9.828183814479047e-10,9.826367128812627e-10,9.824551774145473e-10,9.82273774857944e-10,9.820925050295851e-10,9.819113677896585e-10,9.817303629573459e-10,9.815494903539022e-10,9.813687498347294e-10,9.811881412070633e-10,9.810076643386074e-10,9.808273190460813e-10,9.806471051653658e-10,9.80467022527907e-10,9.802870709600706e-10,9.801072503209694e-10,9.799275604317927e-10,9.797480011275769e-10,9.795685722496668e-10,9.793892736322583e-10,9.7921010511314e-10,9.790310665249986e-10,9.788521577113154e-10,9.786733785073326e-10,9.784947287511076e-10,9.783162082786664e-10,9.781378169308548e-10,9.779595545444576e-10,9.777814209631894e-10,9.776034160283226e-10,9.77425539572822e-10,9.772477914278047e-10,9.770701714592419e-10,9.76892679490252e-10,9.76715315368874e-10,9.76538078931748e-10,9.763609700173022e-10,9.761839884762072e-10,9.76007134135142e-10,9.75830406856617e-10,9.75653806482569e-10,9.754773328348711e-10,9.75300985769317e-10,9.75124765113121e-10,9.74948670743441e-10,9.74772702490146e-10,9.74596860188424e-10,9.74421143686159e-10,9.74245552818932e-10,9.740700874572982e-10,9.738947474294197e-10,9.73719532585202e-10,9.735444427685016e-10,9.733694778283852e-10,9.73194637605219e-10,9.730199219490702e-10,9.728453307086151e-10,9.726708637309717e-10,9.72496520857516e-10,9.723223019423854e-10,9.721482068276334e-10,9.719742353686248e-10,9.718003874115076e-10,9.716266628046275e-10,9.714530613973006e-10,9.71279583038435e-10,9.711062275784446e-10,9.709329948643193e-10,9.707598847494241e-10,9.705868970793945e-10,9.704140317122336e-10,9.702412884951625e-10,9.70068667279317e-10,9.6989616791553e-10,9.697237902566299e-10,9.695515341540866e-10,9.693793994604738e-10,9.69207386027159e-10,9.690354937079806e-10,9.688637223549618e-10,9.686920718219369e-10,9.685205419619204e-10,9.68349132629535e-10,9.681778436842603e-10,9.680066749677435e-10,9.678356263404227e-10,9.67664697657485e-10,9.674938887859095e-10,9.673231995572798e-10,9.671526298390303e-10,9.669821795042288e-10,9.668118483720908e-10,9.666416363222972e-10,9.66471543203079e-10,9.663015688832905e-10,9.661317132017575e-10,9.65961976027662e-10,9.657923572151052e-10,9.656228566319482e-10,9.6545347411881e-10,9.652842095400083e-10,9.651150627599278e-10,9.649460336332694e-10,9.647771220152074e-10,9.646083277623861e-10,9.644396507470282e-10,9.642710908242416e-10,9.641026478545566e-10,9.639343216940268e-10,9.63766112200996e-10,9.635980192417557e-10,9.634300426668537e-10,9.632621823504002e-10,9.630944381528974e-10,9.62926809932834e-10,9.627592975484024e-10,9.62591900861235e-10,9.624246197390152e-10,9.62257454041528e-10,9.620904036168163e-10,9.619234683572082e-10,9.617566480970732e-10,9.61589942727632e-10,9.61423352098708e-10,9.612568760668499e-10,9.61090514510543e-10,9.609242672871262e-10,9.607581342614245e-10,9.605921152933475e-10,9.60426210259471e-10,9.60260419018841e-10,9.600947414322646e-10,9.599291773702496e-10,9.59763726697739e-10,9.595983892794088e-10,9.594331649842271e-10,9.592680536835198e-10,9.591030552305584e-10,9.589381694983742e-10,9.587733963571274e-10,9.586087356725809e-10,9.584441873129583e-10,9.582797511472177e-10,9.581154270394876e-10,9.579512148664632e-10,9.577871144854977e-10,9.576231257715904e-10,9.574592485846614e-10,9.57295482810097e-10,9.57131828310397e-10,9.569682849545485e-10,9.56804852612366e-10,9.566415311563802e-10,9.564783204516439e-10,9.563152203635735e-10,9.561522307799964e-10,9.559893515613627e-10,9.558265825812002e-10,9.55663923708318e-10,9.555013748163985e-10,9.553389357774723e-10,9.551766064630702e-10,9.550143867456935e-10,9.548522765000734e-10,9.546902755937532e-10,9.545283839015759e-10,9.543666012842436e-10,9.54204927641935e-10,9.540433628321304e-10,9.5388190673154e-10,9.537205592051573e-10,9.53559320143417e-10,9.533981894124034e-10,9.532371668908164e-10,9.530762524448372e-10,9.529154459651441e-10,9.527547473073854e-10,9.525941563534304e-10,9.524336729806519e-10,9.522732970638656e-10,9.521130284807558e-10,9.519528671066971e-10,9.517928128182105e-10,9.516328654949448e-10,9.51473025009965e-10,9.513132912383376e-10,9.511536640602838e-10,9.509941433518718e-10,9.508347289935064e-10,9.50675420859748e-10,9.505162188324212e-10,9.50357122786001e-10,9.50198132601264e-10,9.500392481537169e-10,9.49880469324157e-10,9.497217959918925e-10,9.495632280356105e-10,9.494047653330246e-10,9.49246407767613e-10,9.49088155217968e-10,9.489300075440193e-10,9.4877196467387e-10,9.486140264499094e-10,9.48456192761562e-10,9.48298463492003e-10,9.481408385181787e-10,9.479833177104865e-10,9.47825900979063e-10,9.47668588182683e-10,9.4751137921239e-10,9.473542739483345e-10,9.471972722721043e-10,9.470403740673148e-10,9.46883579213723e-10,9.467268875936283e-10,9.465702990937828e-10,9.464138135940376e-10,9.462574309715788e-10,9.461011511250097e-10,9.459449739286877e-10,9.457888992678318e-10,9.456329270282221e-10,9.454770570913681e-10,9.453212893304905e-10,9.451656236523468e-10,9.450100599309218e-10,9.448545980439688e-10,9.446992378921643e-10,9.445439793526225e-10,9.443888223128594e-10,9.442337666566664e-10,9.44078812269847e-10,9.439239590384595e-10,9.43769206848694e-10,9.43614555586992e-10,9.43460005139924e-10,9.433055553943375e-10,9.43151206237043e-10,9.42996957550657e-10,9.42842809229711e-10,9.426887611608626e-10,9.425348132299488e-10,9.42380965324776e-10,9.42227217331563e-10,9.42073569138965e-10,9.41920020639988e-10,9.417665717199088e-10,9.416132222674459e-10,9.414599721716072e-10,9.413068213181202e-10,9.411537696004935e-10,9.410008169095747e-10,9.408479631326324e-10,9.40695208159508e-10,9.405425518766393e-10,9.403899941802162e-10,9.402375349517315e-10,9.400851740924585e-10,9.39932911491083e-10,9.397807470314606e-10,9.39628680608105e-10,9.394767121143536e-10,9.393248414402295e-10,9.391730684780005e-10,9.39021393120017e-10,9.388698152560757e-10,9.38718334777064e-10,9.385669515795143e-10,9.384156655551041e-10,9.382644765978664e-10,9.381133845978794e-10,9.379623894422925e-10,9.378114910321195e-10,9.376606892551282e-10,9.375099840071494e-10,9.373593751819191e-10,9.372088626693323e-10,9.370584463710602e-10,9.369081261773816e-10,9.367579019822096e-10,9.366077736804212e-10,9.364577411659135e-10,9.363078043380277e-10,9.361579630828978e-10,9.36008217303381e-10,9.358585668878435e-10,9.357090117352839e-10,9.355595517410068e-10,9.354101868009369e-10,9.352609168106969e-10,9.351117416665197e-10,9.349626612656561e-10,9.348136755016864e-10,9.346647842646303e-10,9.345159874679113e-10,9.343672849994354e-10,9.342186767560375e-10,9.340701626346564e-10,9.339217425343473e-10,9.33773416343878e-10,9.336251839734126e-10,9.334770453185222e-10,9.333290002660786e-10,9.331810487361572e-10,9.33033190607807e-10,9.328854257847029e-10,9.327377541550473e-10,9.325901756390148e-10,9.324426901242776e-10,9.32295297500116e-10,9.321479976870664e-10,9.320007905736906e-10,9.31853676059531e-10,9.317066540438501e-10,9.315597244267266e-10,9.314128871084308e-10,9.312661419933721e-10,9.311194889731888e-10,9.309729279516798e-10,9.308264588149005e-10,9.306800814931934e-10,9.305337958729784e-10,9.303876018554775e-10,9.302414993424419e-10,9.300954882457496e-10,9.299495684431456e-10,9.298037398662098e-10,9.296580023987712e-10,9.295123559262961e-10,9.293668003818156e-10,9.292213356414042e-10,9.29075961620276e-10,9.289306782178359e-10,9.287854853394007e-10,9.286403828902119e-10,9.284953707756831e-10,9.283504488901412e-10,9.282056171514829e-10,9.280608754426618e-10,9.27916223677666e-10,9.277716617594846e-10,9.276271895877192e-10,9.274828070726603e-10,9.273385141166863e-10,9.271943106281995e-10,9.270501965222397e-10,9.269061716746276e-10,9.267622360040684e-10,9.266183894145511e-10,9.264746318140707e-10,9.263309631055742e-10,9.261873832029328e-10,9.260438919962058e-10,9.259004894015917e-10,9.257571753205823e-10,9.256139496596874e-10,9.254708123256493e-10,9.25327763224064e-10,9.251848022625203e-10,9.250419293473723e-10,9.248991443861218e-10,9.247564472829647e-10,9.246138379483922e-10,9.244713162871096e-10,9.243288822051962e-10,9.241865356097263e-10,9.24044276411629e-10,9.239021045166029e-10,9.237600198343115e-10,9.236180222671148e-10,9.234761117318822e-10,9.233342881290676e-10,9.231925513691171e-10,9.230509013564294e-10,9.229093380069825e-10,9.227678612229781e-10,9.226264709165773e-10,9.224851670001911e-10,9.223439493760213e-10,9.2220281795633e-10,9.220617726517655e-10,9.219208133704503e-10,9.21779940023737e-10,9.216391525143321e-10,9.214984507628713e-10,9.213578346746714e-10,9.21217304159523e-10,9.210768591285412e-10,9.209364994911454e-10,9.207962251600217e-10,9.206560360431969e-10,9.20515932054062e-10,9.20375913101517e-10,9.20235979097682e-10,9.200961299543477e-10,9.199563655815654e-10,9.198166858906148e-10,9.19677090794939e-10,9.195375802054645e-10,9.193981540352582e-10,9.192588121941443e-10,9.19119554598309e-10,9.189803811542874e-10,9.188412917768116e-10,9.18702286379788e-10,9.185633648753848e-10,9.184245271636831e-10,9.182857731824771e-10,9.181471028308501e-10,9.180085160201788e-10,9.178700126741838e-10,9.177315926976272e-10,9.175932560060788e-10,9.174550025129336e-10,9.173168321327559e-10,9.17178744776607e-10,9.170407403635193e-10,9.16902818805131e-10,9.16764980018753e-10,9.166272239099616e-10,9.164895504027508e-10,9.163519594086771e-10,9.162144508472382e-10,9.160770246243247e-10,9.15939680658934e-10,9.1580241886719e-10,9.156652391637857e-10,9.155281414653098e-10,9.15391125686132e-10,9.152541917424803e-10,9.151173395502452e-10,9.1498056903282e-10,9.148438800913774e-10,9.147072726408045e-10,9.145707466136363e-10,9.144343019195552e-10,9.142979384741863e-10,9.141616561948984e-10,9.140254549982668e-10,9.138893347985812e-10,9.137532955180661e-10,9.136173370685966e-10,9.134814593618567e-10,9.133456623342547e-10,9.132099458918291e-10,9.130743099480053e-10,9.129387544324542e-10,9.128032792572273e-10,9.126678843328009e-10,9.125325695911361e-10,9.123973349310426e-10,9.122621802900823e-10,9.121271055771137e-10,9.119921107223644e-10,9.118571956387161e-10,9.117223602342038e-10,9.115876044349868e-10,9.114529281616842e-10,9.113183313327273e-10,9.111838138722995e-10,9.110493756977833e-10,9.109150167291265e-10,9.107807368783188e-10,9.106465360694176e-10,9.105124142291025e-10,9.103783712605863e-10,9.102444070985096e-10,9.101105216466319e-10,9.099767148506295e-10,9.098429866000144e-10,9.097093368486398e-10,9.095757655031005e-10,9.094422724859389e-10,9.093088577146456e-10,9.091755211110207e-10,9.090422625931279e-10,9.089090820893367e-10,9.087759795230942e-10,9.086429548052174e-10,9.085100078672597e-10,9.083771386182046e-10,9.082443469887381e-10,9.081116328945915e-10,9.079789962673568e-10,9.078464370256501e-10,9.07713955090108e-10,9.075815503844448e-10,9.074492228298791e-10,9.07316972354567e-10,9.071847988732199e-10,9.070527023086842e-10,9.06920682587606e-10,9.067887396359229e-10,9.066568733712641e-10,9.065250837184343e-10,9.063933706023424e-10,9.062617339460232e-10,9.061301736710051e-10,9.05998689704559e-10,9.058672819684624e-10,9.057359503852856e-10,9.056046948818209e-10,9.054735153818201e-10,9.053424118087214e-10,9.052113840885089e-10,9.050804321497618e-10,9.049495559050875e-10,9.048187552856094e-10,9.04688030216146e-10,9.045573806189834e-10,9.044268064288747e-10,9.042963075591697e-10,9.041658839354498e-10,9.040355354915531e-10,9.039052621463496e-10,9.037750638281576e-10,9.036449404621268e-10,9.035148919759208e-10,9.033849182923659e-10,9.032550193385761e-10,9.031251950406284e-10,9.02995445325756e-10,9.028657701173073e-10,9.02736169342569e-10,9.026066429312713e-10,9.024771908076474e-10,9.023478128956841e-10,9.0221850912509e-10,9.020892794238805e-10,9.019601237163237e-10,9.018310419336618e-10,9.017020339998157e-10,9.015730998432175e-10,9.014442393907013e-10,9.013154525698037e-10,9.011867393066297e-10,9.010580995298004e-10,9.009295331671065e-10,9.00801040146802e-10,9.006726203994283e-10,9.005442738486208e-10,9.004160004278477e-10,9.002878000605138e-10,9.001596726783911e-10,9.000316182085282e-10,8.999036365796873e-10,8.997757277203582e-10,8.996478915596973e-10,8.995201280238061e-10,8.993924370442132e-10,8.992648185518547e-10,8.991372724739769e-10,8.990097987396372e-10,8.988823972788564e-10,8.987550680197083e-10,8.986278108938743e-10,8.985006258292488e-10,8.983735127575983e-10,8.982464716077596e-10,8.981195023052283e-10,8.979926047804741e-10,8.978657789756841e-10,8.977390248130778e-10,8.976123422169067e-10,8.974857311296261e-10,8.973591914817828e-10,8.972327231934688e-10,8.971063262005016e-10,8.969800004339178e-10,8.968537458240829e-10,8.96727562305253e-10,8.966014498020854e-10,8.964754082492958e-10,8.963494375785524e-10,8.962235377209238e-10,8.960977086074475e-10,8.95971950170637e-10,8.958462623414099e-10,8.95720645049285e-10,8.955950982318645e-10,8.954696218160041e-10,8.95344215737871e-10,8.952188799261504e-10,8.950936143158533e-10,8.949684188382406e-10,8.948432934241928e-10,8.947182380104402e-10,8.94593252532414e-10,8.944683369133451e-10,8.94343491088232e-10,8.942187149948942e-10,8.940940085657988e-10,8.939693717284529e-10,8.938448044153333e-10,8.937203065662414e-10,8.935958781118352e-10,8.934715189855954e-10,8.933472291204208e-10,8.932230084520466e-10,8.93098856908804e-10,8.929747744315508e-10,8.928507609499693e-10,8.927268163997246e-10,8.926029407145168e-10,8.924791338278739e-10,8.923553956742393e-10,8.922317261888821e-10,8.921081253058451e-10,8.919845929597789e-10,8.918611290822609e-10,8.917377336158208e-10,8.916144064884017e-10,8.914911476366232e-10,8.913679569948553e-10,8.912448344983879e-10,8.911217800826161e-10,8.909987936837647e-10,8.908758752359682e-10,8.907530246780143e-10,8.906302419422665e-10,8.90507526958967e-10,8.903848796678814e-10,8.902623000155467e-10,8.901397879284331e-10,8.900173433339075e-10,8.898949661772611e-10,8.897726563946799e-10,8.896504139240316e-10,8.895282386994793e-10,8.894061306569231e-10,8.892840897290689e-10,8.891621158619813e-10,8.890402089861042e-10,8.889183690390898e-10,8.887965959571896e-10,8.886748896777783e-10,8.885532501384143e-10,8.884316772757279e-10,8.88310171026241e-10,8.881887313278486e-10,8.880673581172361e-10,8.879460513320369e-10,8.878248109104746e-10,8.877036367856898e-10,8.875825289034713e-10,8.874614871971307e-10,8.873405116036756e-10,8.872196020626279e-10,8.870987585093814e-10,8.869779808854198e-10,8.868572691312653e-10,8.86736623169118e-10,8.866160429586066e-10,8.864955284289377e-10,8.863750795149698e-10,8.862546961621654e-10,8.861343783097465e-10,8.860141258885316e-10,8.858939388424989e-10,8.857738171088014e-10,8.856537606284345e-10,8.855337693369313e-10,8.854138431776165e-10,8.852939820821692e-10,8.85174185998438e-10,8.850544548645354e-10,8.849347886184287e-10,8.848151871996995e-10,8.846956505448068e-10,8.845761785954651e-10,8.844567712925658e-10,8.843374285742823e-10,8.842181503854397e-10,8.840989366533566e-10,8.83979787335638e-10,8.838607023537883e-10,8.837416816666627e-10,8.836227252061755e-10,8.835038329149175e-10,8.8338500472916e-10,8.832662405878042e-10,8.831475404404533e-10,8.830289042209266e-10,8.829103318719715e-10,8.827918233325638e-10,8.826733785458858e-10,8.825549974516002e-10,8.824366799908735e-10,8.823184261043349e-10,8.822002357382056e-10,8.820821088247118e-10,8.819640453150065e-10,8.818460451469604e-10,8.81728108280142e-10,8.816102346179967e-10,8.814924241219868e-10,8.813746767323278e-10,8.812569923937438e-10,8.811393710464162e-10,8.810218126332987e-10,8.80904317095197e-10,8.807868843748177e-10,8.806695144139302e-10,8.805522071564435e-10,8.804349625433943e-10,8.803177805176171e-10,8.802006610236549e-10,8.800836040046819e-10,8.799666093964144e-10,8.798496771419449e-10,8.797328071924397e-10,8.796159994974319e-10,8.794992539810969e-10,8.793825705920442e-10,8.792659492783577e-10,8.791493899806077e-10,8.79032892639004e-10,8.78916457201681e-10,8.788000836062834e-10,8.786837718068867e-10,8.785675217393696e-10,8.784513333449215e-10,8.783352065703176e-10,8.782191413656383e-10,8.781031376708902e-10,8.779871954404982e-10,8.778713145848366e-10,8.777554950784498e-10,8.776397368605189e-10,8.775240398684264e-10,8.774084040516568e-10,8.772928293440273e-10,8.771773157098806e-10,8.770618630788643e-10,8.769464713986665e-10,8.768311406146497e-10,8.767158706718555e-10,8.766006615152981e-10,8.764855130815158e-10,8.763704253304521e-10,8.762553982004984e-10,8.761404316357789e-10,8.760255255821484e-10,8.759106799844016e-10,8.757958947970582e-10,8.756811699516051e-10,8.755665053894391e-10,8.754519010798795e-10,8.753373569454567e-10,8.752228729402081e-10,8.75108449016587e-10,8.74994085102943e-10,8.748797811600999e-10,8.747655371303905e-10,8.746513529587859e-10,8.745372285915714e-10,8.744231639744832e-10,8.743091590469819e-10,8.741952137716711e-10,8.740813280834156e-10,8.739675019343286e-10,8.738537352632903e-10,8.737400280262444e-10,8.736263801597365e-10,8.735127916252217e-10,8.733992623563183e-10,8.732857923147415e-10,8.731723814261644e-10,8.730590296530325e-10,8.729457369327715e-10,8.728325032144373e-10,8.727193284466971e-10,8.726062125794161e-10,8.724931555553187e-10,8.72380157326772e-10,8.722672178366105e-10,8.721543370374853e-10,8.720415148736567e-10,8.719287512937909e-10,8.718160462454794e-10,8.717033996764947e-10,8.715908115334456e-10,8.714782817623846e-10,8.713658103151471e-10,8.712533971409784e-10,8.711410421926239e-10,8.71028745405589e-10,8.709165067352469e-10,8.708043261272808e-10,8.706922035431483e-10,8.705801389101619e-10,8.704681321853641e-10,8.703561833179769e-10,8.702442922507127e-10,8.701324589438625e-10,8.700206833497725e-10,8.699089653946934e-10,8.697973050461304e-10,8.696857022481231e-10,8.695741569514557e-10,8.694626691099398e-10,8.693512386611906e-10,8.692398655543688e-10,8.691285497459641e-10,8.690172911831449e-10,8.689060898155769e-10,8.687949455918788e-10,8.686838584599378e-10,8.685728283749818e-10,8.6846185527674e-10,8.683509391244094e-10,8.682400798670106e-10,8.681292774528695e-10,8.680185318279509e-10,8.679078429483571e-10,8.677972107614428e-10,8.676866352184862e-10,8.675761162672663e-10,8.674656538588975e-10,8.673552479446917e-10,8.672448984749777e-10,8.67134605397133e-10,8.670243686649448e-10,8.669141882290729e-10,8.668040640401792e-10,8.666939960465632e-10,8.665839842001597e-10,8.664740284587795e-10,8.663641287558537e-10,8.662542850626741e-10,8.661444973127046e-10,8.660347654627181e-10,8.659250894645713e-10,8.658154692729203e-10,8.657059048372937e-10,8.65596396103049e-10,8.654869430304614e-10,8.653775455680753e-10,8.65268203666292e-10,8.651589172758644e-10,8.650496863494459e-10,8.649405108456629e-10,8.648313907049319e-10,8.6472232587424e-10,8.646133163196769e-10,8.645043619820982e-10,8.643954628235353e-10,8.642866187859207e-10,8.641778298321143e-10,8.640690959111943e-10,8.639604169715187e-10,8.638517929681952e-10,8.637432238471649e-10,8.636347095714273e-10,8.635262500888697e-10,8.634178453497362e-10,8.633094953110408e-10,8.632011999163991e-10,8.630929591240813e-10,8.629847728880446e-10,8.628766411595775e-10,8.627685638896914e-10,8.626605410337418e-10,8.625525725447614e-10,8.624446583750146e-10,8.623367984803717e-10,8.622289928041586e-10,8.621212413028004e-10,8.62013543944788e-10,8.619059006677466e-10,8.617983114299263e-10,8.616907761835844e-10,8.615832948825715e-10,8.614758674807369e-10,8.613684939319222e-10,8.612611741891104e-10,8.61153908200508e-10,8.610466959304787e-10,8.609395373268106e-10,8.608324323601172e-10,8.607253809523259e-10,8.606183830681383e-10,8.605114386734609e-10,8.604045477166026e-10,8.602977101512369e-10,8.601909259302807e-10,8.600841950086561e-10,8.59977517342237e-10,8.598708928842269e-10,8.597643215878968e-10,8.596578034087862e-10,8.59551338301253e-10,8.594449262279845e-10,8.59338567127417e-10,8.592322609613691e-10,8.59126007680256e-10,8.590198072501822e-10,8.589136596220692e-10,8.588075647489207e-10,8.587015225823589e-10,8.585955330818195e-10,8.584895962002792e-10,8.583837118955578e-10,8.582778801234155e-10,8.581721008247876e-10,8.580663739753375e-10,8.57960699522589e-10,8.578550774204289e-10,8.577495076253541e-10,8.57643990106188e-10,8.575385247935315e-10,8.574331116673435e-10,8.573277506573529e-10,8.572224417391584e-10,8.571171848632283e-10,8.570119799761716e-10,8.569068270411142e-10,8.568017260152034e-10,8.566966768529173e-10,8.565916795128048e-10,8.564867339353166e-10,8.563818400965258e-10,8.562769979544118e-10,8.561722074560176e-10,8.560674685677101e-10,8.559627812122432e-10,8.558581453880159e-10,8.557535610344561e-10,8.556490280969707e-10,8.555445465561732e-10,8.554401163535387e-10,8.553357374490588e-10,8.552314097813816e-10,8.55127133337982e-10,8.550229080655723e-10,8.54918733916795e-10,8.548146108482262e-10,8.547105388238647e-10,8.546065177905712e-10,8.545025477040715e-10,8.543986285323504e-10,8.542947602278367e-10,8.541909427444147e-10,8.540871760438862e-10,8.539834600819242e-10,8.538797948128852e-10,8.537761802025407e-10,8.536726161975665e-10,8.535691027693279e-10,8.53465639861903e-10,8.533622274360565e-10,8.532588654553608e-10,8.531555538731274e-10,8.530522926455922e-10,8.52949081733433e-10,8.528459210929606e-10,8.527428106844623e-10,8.526397504647724e-10,8.52536740388777e-10,8.52433780420296e-10,8.523308705153202e-10,8.52228010631042e-10,8.521252007171211e-10,8.520224407501869e-10,8.519197306783881e-10,8.51817070460899e-10,8.5171446004748e-10,8.516118994051289e-10,8.515093885023639e-10,8.514069272883206e-10,8.513045157211269e-10,8.512021537594338e-10,8.51099841362406e-10,8.50997578491446e-10,8.508953651011238e-10,8.507932011480254e-10,8.506910865959366e-10,8.505890214057084e-10,8.504870055394717e-10,8.503850389414657e-10,8.502831215790411e-10,8.501812534142798e-10,8.500794344097082e-10,8.499776645163246e-10,8.49875943692796e-10,8.497742719027179e-10,8.496726491010051e-10,8.495710752526381e-10,8.494695503134316e-10,8.493680742489973e-10,8.492666470109304e-10,8.491652685736127e-10,8.490639388846178e-10,8.489626578953744e-10,8.488614255766162e-10,8.487602418925493e-10,8.486591067871754e-10,8.485580202386461e-10,8.484569821952505e-10,8.483559926207376e-10,8.48255051473635e-10,8.48154158716821e-10,8.480533143115704e-10,8.479525182212243e-10,8.478517703925552e-10,8.477510707937888e-10,8.476504193851917e-10,8.475498161278415e-10,8.474492609820488e-10,8.473487539069306e-10,8.472482948642743e-10,8.471478838183744e-10,8.470475207214228e-10,8.469472055422743e-10,8.4684693823643e-10,8.467467187630668e-10,8.466465470875712e-10,8.46546423169147e-10,8.464463469693092e-10,8.463463184483882e-10,8.462463375616027e-10,8.46146404281632e-10,8.460465185644097e-10,8.459466803705887e-10,8.458468896584167e-10,8.457471463951053e-10,8.456474505408557e-10,8.45547802056092e-10,8.454482008976819e-10,8.453486470304555e-10,8.452491404133742e-10,8.451496810129356e-10,8.450502687881631e-10,8.449509037006694e-10,8.448515857118963e-10,8.447523147853933e-10,8.446530908782114e-10,8.445539139579577e-10,8.444547839821626e-10,8.443557009154181e-10,8.442566647184122e-10,8.44157675352899e-10,8.440587327778559e-10,8.439598369599148e-10,8.438609878610949e-10,8.437621854407261e-10,8.436634296606679e-10,8.435647204876302e-10,8.434660578795165e-10,8.433674418002397e-10,8.432688722119604e-10,8.431703490785046e-10,8.43071872358121e-10,8.429734420172854e-10,8.42875058018712e-10,8.427767203219628e-10,8.426784288911322e-10,8.425801836886864e-10,8.424819846776385e-10,8.423838318189992e-10,8.422857250786072e-10,8.421876644177687e-10,8.420896497991577e-10,8.419916811858078e-10,8.418937585408148e-10,8.417958818285127e-10,8.416980510103854e-10,8.41600266049446e-10,8.415025269074914e-10,8.414048335490547e-10,8.413071859371727e-10,8.41209584035359e-10,8.411120278068042e-10,8.410145172146089e-10,8.409170522241013e-10,8.408196327966174e-10,8.407222588945092e-10,8.40624930482638e-10,8.40527647526218e-10,8.4043040998538e-10,8.40333217825478e-10,8.402360710117054e-10,8.401389695046247e-10,8.40041913269494e-10,8.399449022701635e-10,8.398479364719065e-10,8.397510158370428e-10,8.396541403280765e-10,8.39557309912032e-10,8.394605245485733e-10,8.393637842044154e-10,8.392670888445323e-10,8.391704384321232e-10,8.390738329312949e-10,8.389772723076635e-10,8.388807565225303e-10,8.387842855406141e-10,8.38687859328292e-10,8.385914778488904e-10,8.384951410659906e-10,8.383988489445226e-10,8.383026014518643e-10,8.382063985479592e-10,8.381102401989451e-10,8.380141263704743e-10,8.379180570255669e-10,8.378220321306882e-10,8.377260516497683e-10,8.376301155462281e-10,8.375342237866506e-10,8.374383763356737e-10,8.373425731568736e-10,8.372468142159096e-10,8.371510994779882e-10,8.370554289074906e-10,8.36959802471132e-10,8.368642201327108e-10,8.36768681856326e-10,8.366731876090078e-10,8.36577737355039e-10,8.364823310599759e-10,8.363869686909333e-10,8.362916502097556e-10,8.361963755822668e-10,8.361011447745059e-10,8.360059577519505e-10,8.359108144781572e-10,8.358157149226609e-10,8.357206590485549e-10,8.356256468223471e-10,8.355306782092832e-10,8.354357531723224e-10,8.353408716822011e-10,8.352460337021631e-10,8.351512391976147e-10,8.350564881349567e-10,8.349617804795119e-10,8.348671161976036e-10,8.347724952549341e-10,8.346779176163556e-10,8.345833832486695e-10,8.344888921182098e-10,8.34394444192473e-10,8.343000394371384e-10,8.3420567781352e-10,8.34111359291656e-10,8.340170838385401e-10,8.339228514199962e-10,8.338286620070054e-10,8.337345155583873e-10,8.336404120334714e-10,8.335463514176891e-10,8.334523336662432e-10,8.333583587479855e-10,8.332644266279958e-10,8.331705372730246e-10,8.330766906525888e-10,8.329828867306073e-10,8.328891254690988e-10,8.327954068446094e-10,8.327017308189079e-10,8.326080973580277e-10,8.3251450642596e-10,8.32420957997062e-10,8.323274520357017e-10,8.322339885068599e-10,8.321405673798705e-10,8.320471886192225e-10,8.319538521913792e-10,8.318605580666228e-10,8.317673062090805e-10,8.316740965886889e-10,8.31580929169289e-10,8.314878039207163e-10,8.313947208086588e-10,8.313016798011226e-10,8.312086808644401e-10,8.311157239658979e-10,8.310228090742351e-10,8.309299361581273e-10,8.308371051753947e-10,8.307443161100556e-10,8.306515689212908e-10,8.305588635759758e-10,8.304662000518394e-10,8.303735782982258e-10,8.302809982918993e-10,8.301884599915584e-10,8.30095963381299e-10,8.300035084220525e-10,8.299110950847109e-10,8.298187233337465e-10,8.297263931333126e-10,8.296341044568448e-10,8.29541857267561e-10,8.294496515363291e-10,8.293574872307037e-10,8.292653643190989e-10,8.291732827709047e-10,8.290812425456342e-10,8.289892436243704e-10,8.288972859697146e-10,8.288053695533104e-10,8.287134943367047e-10,8.286216602914975e-10,8.28529867385894e-10,8.28438115582318e-10,8.283464048610777e-10,8.282547351853036e-10,8.28163106523063e-10,8.280715188416857e-10,8.279799721125189e-10,8.278884663073267e-10,8.277970013841047e-10,8.277055773178022e-10,8.276141940769036e-10,8.275228516301478e-10,8.274315499460087e-10,8.273402889876011e-10,8.272490687352294e-10,8.271578891518066e-10,8.2706675020709e-10,8.269756518686842e-10,8.268845941067968e-10,8.267935768897829e-10,8.26702600186662e-10,8.266116639670068e-10,8.265207682003358e-10,8.264299128536764e-10,8.26339097898011e-10,8.262483233015152e-10,8.261575890339476e-10,8.26066895064385e-10,8.259762413625328e-10,8.258856278974886e-10,8.257950546385035e-10,8.257045215505874e-10,8.256140286123474e-10,8.255235757886844e-10,8.254331630492381e-10,8.253427903631414e-10,8.252524577008424e-10,8.251621650307945e-10,8.250719123231195e-10,8.249816995475997e-10,8.248915266734847e-10,8.248013936710088e-10,8.247113005097601e-10,8.246212471595113e-10,8.245312335899515e-10,8.244412597664023e-10,8.243513256640066e-10,8.242614312579289e-10,8.241715765140074e-10,8.240817613913378e-10,8.239919858750409e-10,8.239022499286559e-10,8.238125535265994e-10,8.237228966361617e-10,8.236332792284787e-10,8.235437012662167e-10,8.234541627430429e-10,8.233646635941219e-10,8.232752038179617e-10,8.231857833626368e-10,8.230964022100755e-10,8.230070603248556e-10,8.229177576923349e-10,8.228284942691292e-10,8.227392700292687e-10,8.226500849457742e-10,8.225609389832377e-10,8.224718321187809e-10,8.223827643222821e-10,8.222937355629546e-10,8.222047458113874e-10,8.221157950384887e-10,8.220268832142556e-10,8.219380103102148e-10,8.218491763047e-10,8.217603811535042e-10,8.21671624834077e-10,8.215829073192411e-10,8.214942285763876e-10,8.214055885793629e-10,8.213169872987341e-10,8.21228424703122e-10,8.211399007676488e-10,8.210514154613283e-10,8.209629687543313e-10,8.20874560618186e-10,8.207861910245279e-10,8.206978599459349e-10,8.206095673524231e-10,8.205213132148932e-10,8.204330975022698e-10,8.203449201909984e-10,8.202567812484596e-10,8.201686806476623e-10,8.200806183597716e-10,8.199925943577735e-10,8.199046085981581e-10,8.198166610787378e-10,8.197287517569881e-10,8.196408806055131e-10,8.195530475949401e-10,8.194652526867067e-10,8.193774958770021e-10,8.192897771245033e-10,8.192020963973215e-10,8.191144536724096e-10,8.190268489210548e-10,8.189392821145764e-10,8.188517532210526e-10,8.187642622218854e-10,8.186768090831863e-10,8.185893937709528e-10,8.185020162613861e-10,8.184146765390084e-10,8.183273745467803e-10,8.182401102716698e-10,8.18152883692916e-10,8.180656947718964e-10,8.179785434916379e-10,8.178914298170222e-10,8.178043537254157e-10,8.177173151777231e-10,8.176303141619053e-10,8.175433506449413e-10,8.174564245923084e-10,8.173695359909611e-10,8.172826847981868e-10,8.171958709959367e-10,8.171090945451133e-10,8.17022355424404e-10,8.169356536064662e-10,8.168489890642846e-10,8.167623617708063e-10,8.166757716980373e-10,8.165892188214897e-10,8.165027031088908e-10,8.164162245421276e-10,8.163297830788951e-10,8.162433787173607e-10,8.161570113918175e-10,8.160706811013359e-10,8.1598438781067e-10,8.158981314972844e-10,8.158119121303083e-10,8.157257296820803e-10,8.156395841286345e-10,8.155534754421775e-10,8.154674035958972e-10,8.153813685572581e-10,8.152953703083292e-10,8.152094088163697e-10,8.151234840538305e-10,8.150375959967407e-10,8.149517446200728e-10,8.148659298943759e-10,8.14780151793912e-10,8.146944102899112e-10,8.14608705358196e-10,8.14523036968961e-10,8.14437405090919e-10,8.143518097104099e-10,8.14266250796154e-10,8.141807283188961e-10,8.140952422505939e-10,8.140097925656933e-10,8.139243792390654e-10,8.13839002243888e-10,8.137536615521224e-10,8.136683571384734e-10,8.135830889768221e-10,8.134978570404396e-10,8.134126613016436e-10,8.133275017366481e-10,8.132423783118859e-10,8.131572910138452e-10,8.130722398089275e-10,8.129872246709973e-10,8.129022455752501e-10,8.128173024935088e-10,8.127323954011061e-10,8.126475242705934e-10,8.125626890768302e-10,8.124778897955773e-10,8.123931263970707e-10,8.123083988567623e-10,8.122237071498766e-10,8.121390512493314e-10,8.120544311284209e-10,8.11969846764476e-10,8.118852981160542e-10,8.118007851898764e-10,8.117163079321782e-10,8.116318663256835e-10,8.115474603463094e-10,8.114630899648334e-10,8.113787551572516e-10,8.11294455898301e-10,8.112101921612853e-10,8.111259639212453e-10,8.110417711523645e-10,8.109576138346946e-10,8.108734919268952e-10,8.107894054189319e-10,8.10705354269398e-10,8.106213384738986e-10,8.105373580009025e-10,8.104534128170493e-10,8.103695028916341e-10,8.102856282105452e-10,8.102017887521895e-10,8.101179844849737e-10,8.100342153817043e-10,8.099504814191632e-10,8.098667825719222e-10,8.097831188142651e-10,8.096994901211893e-10,8.096158964675075e-10,8.095323378285971e-10,8.094488141784856e-10,8.09365325493307e-10,8.09281871746834e-10,8.091984529147482e-10,8.091150689668743e-10,8.090317198828386e-10,8.089484056409423e-10,8.088651262145737e-10,8.087818815773804e-10,8.086986717044449e-10,8.086154965663634e-10,8.08532356147372e-10,8.084492504180456e-10,8.083661793534381e-10,8.082831429290414e-10,8.082001411198836e-10,8.081171739013691e-10,8.080342412488503e-10,8.079513431375715e-10,8.078684795407243e-10,8.077856504380185e-10,8.077028558014219e-10,8.076200956070185e-10,8.075373698315884e-10,8.074546784529825e-10,8.073720214407963e-10,8.072893987744297e-10,8.072068104273829e-10,8.071242563767483e-10,8.070417365962057e-10,8.069592510631716e-10,8.06876799753882e-10,8.067943826420029e-10,8.06711999705071e-10,8.066296509170814e-10,8.065473362551755e-10,8.064650556941666e-10,8.063828092104714e-10,8.063005967802831e-10,8.062184183781934e-10,8.061362739809794e-10,8.060541635647984e-10,8.059720871047369e-10,8.058900445767694e-10,8.058080359575097e-10,8.057260612223162e-10,8.056441203474193e-10,8.055622133093844e-10,8.054803400835296e-10,8.053985006458805e-10,8.053166949733713e-10,8.052349230415455e-10,8.051531848267408e-10,8.050714803054022e-10,8.049898094530981e-10,8.049081722466684e-10,8.048265686614121e-10,8.047449986744017e-10,8.046634622626298e-10,8.045819594010222e-10,8.045004900670418e-10,8.044190542312257e-10,8.043376518810223e-10,8.042562829857721e-10,8.041749475175316e-10,8.040936454627063e-10,8.040123767955045e-10,8.039311414908596e-10,8.038499395204716e-10,8.03768770872152e-10,8.036876355116727e-10,8.036065334210469e-10,8.035254645908103e-10,8.034444289711561e-10,8.03363426545977e-10,8.032824572988072e-10,8.032015212006863e-10,8.031206182318854e-10,8.030397483713781e-10,8.029589115922187e-10,8.028781078712664e-10,8.027973371847265e-10,8.027165995120883e-10,8.026358948277998e-10,8.025552231111307e-10,8.024745843347597e-10,8.023939784808252e-10,8.023134055211135e-10,8.0223286543878e-10,8.021523582094086e-10,8.020718838055442e-10,8.019914422071735e-10,8.019110333871681e-10,8.018306573301699e-10,8.017503140109998e-10,8.016700034058427e-10,8.015897254926519e-10,8.015094802478445e-10,8.014292676478178e-10,8.013490876713479e-10,8.012689402950079e-10,8.011888254961317e-10,8.011087432508531e-10,8.010286935352613e-10,8.00948676330583e-10,8.008686916141987e-10,8.007887393617709e-10,8.007088195499999e-10,8.006289321559588e-10,8.005490771599437e-10,8.004692545385207e-10,8.003894642705834e-10,8.003097063308279e-10,8.002299806975984e-10,8.001502873486666e-10,8.000706262597148e-10,7.999909974122214e-10,7.999114007829525e-10,7.998318363476254e-10,7.997523040849902e-10,7.996728039726791e-10,7.995933359881635e-10,7.995139001094894e-10,7.994344963152049e-10,7.993551245815273e-10,7.992757848870298e-10,7.991964772093256e-10,7.991172015277162e-10,7.990379578173296e-10,7.989587460577347e-10,7.988795662276621e-10,7.988004183035259e-10,7.98721302262986e-10,7.986422180868799e-10,7.985631657510747e-10,7.984841452309851e-10,7.984051565086059e-10,7.983261995650855e-10,7.982472743705462e-10,7.981683809108278e-10,7.980895191587205e-10,7.980106890932226e-10,7.97931890693584e-10,7.978531239402456e-10,7.977743888078066e-10,7.976956852758537e-10,7.976170133212111e-10,7.97538372924054e-10,7.974597640610133e-10,7.973811867126027e-10,7.973026408546252e-10,7.97224126468295e-10,7.971456435313646e-10,7.970671920215007e-10,7.969887719173837e-10,7.969103832006646e-10,7.968320258411624e-10,7.967536998155266e-10,7.966754051188625e-10,7.965971417197453e-10,7.965189095961753e-10,7.964407087323297e-10,7.963625390989942e-10,7.962844006779479e-10,7.962062934482708e-10,7.961282173884052e-10,7.96050172477166e-10,7.959721586932791e-10,7.958941760205895e-10,7.958162244276129e-10,7.957383038982788e-10,7.956604144113471e-10,7.955825559456968e-10,7.955047284801347e-10,7.954269319935735e-10,7.953491664648377e-10,7.952714318728825e-10,7.951937281964142e-10,7.951160554147189e-10,7.950384135066122e-10,7.949608024514145e-10,7.948832222279566e-10,7.948056728146218e-10,7.947281541909661e-10,7.946506663363938e-10,7.945732092227596e-10,7.944957828296142e-10,7.944183871549895e-10,7.943410221662625e-10,7.942636878459026e-10,7.941863841658901e-10,7.941091111057329e-10,7.940318686510101e-10,7.939546567748811e-10,7.938774754607011e-10,7.938003246862119e-10,7.937232044337562e-10,7.936461146769077e-10,7.935690553978952e-10,7.934920265759561e-10,7.934150281901319e-10,7.933380602206938e-10,7.932611226462146e-10,7.931842154471394e-10,7.93107338602206e-10,7.930304920912421e-10,7.929536758879994e-10,7.928768899830115e-10,7.928001343502443e-10,7.927234089696168e-10,7.926467138208582e-10,7.925700488826246e-10,7.924934141363745e-10,7.92416809552326e-10,7.9234023512606e-10,7.92263690828993e-10,7.921871766433599e-10,7.921106925452913e-10,7.920342385148293e-10,7.919578145336084e-10,7.918814205813338e-10,7.918050566378002e-10,7.917287226818792e-10,7.91652418694121e-10,7.915761446524403e-10,7.914999005400031e-10,7.914236863354012e-10,7.913475020183685e-10,7.912713475684901e-10,7.911952229664594e-10,7.911191281913734e-10,7.910430632240725e-10,7.909670280437554e-10,7.908910226293641e-10,7.9081504696357e-10,7.90739101025996e-10,7.906631847959879e-10,7.905872982533525e-10,7.905114413786594e-10,7.904356141506224e-10,7.903598165522503e-10,7.902840485618996e-10,7.902083101602177e-10,7.901326013271784e-10,7.900569220432462e-10,7.899812722888594e-10,7.899056520435722e-10,7.898300612884124e-10,7.897545000029975e-10,7.896789681684728e-10,7.896034657643473e-10,7.895279927718357e-10,7.894525491709098e-10,7.89377134941891e-10,7.893017500635371e-10,7.892263945198009e-10,7.891510682892818e-10,7.890757713527489e-10,7.890005036905238e-10,7.889252652831177e-10,7.888500561110472e-10,7.887748761548966e-10,7.886997253952289e-10,7.886246038125034e-10,7.885495113876817e-10,7.884744481011044e-10,7.883994139335143e-10,7.883244088652606e-10,7.882494328780518e-10,7.881744859514657e-10,7.880995680665915e-10,7.880246792042136e-10,7.879498193449814e-10,7.878749884698569e-10,7.878001865592217e-10,7.877254135931924e-10,7.876506695547345e-10,7.87575954423585e-10,7.875012681807483e-10,7.874266108069831e-10,7.87351982282951e-10,7.872773825899966e-10,7.872028117069982e-10,7.871282696185912e-10,7.870537563036124e-10,7.869792717436372e-10,7.869048159193861e-10,7.868303888095374e-10,7.867559903997852e-10,7.866816206687063e-10,7.866072795959262e-10,7.865329671667511e-10,7.8645868335904e-10,7.863844281546206e-10,7.863102015350348e-10,7.862360034805956e-10,7.861618339729658e-10,7.860876929933182e-10,7.860135805227842e-10,7.859394965427773e-10,7.858654410344983e-10,7.857914139792502e-10,7.857174153582262e-10,7.856434451527959e-10,7.855695033442656e-10,7.854955899139351e-10,7.854217048409087e-10,7.853478481111317e-10,7.852740197037047e-10,7.852002196002561e-10,7.851264477818891e-10,7.85052704230149e-10,7.849789889267559e-10,7.849053018527328e-10,7.848316429901038e-10,7.847580123205816e-10,7.846844098247223e-10,7.846108354846908e-10,7.845372892823996e-10,7.844637711985348e-10,7.843902812151735e-10,7.843168193112997e-10,7.842433854738027e-10,7.841699796816336e-10,7.840966019166037e-10,7.840232521603564e-10,7.839499303946175e-10,7.838766366062433e-10,7.838033707665768e-10,7.837301328625545e-10,7.836569228744305e-10,7.835837407870787e-10,7.835105865808508e-10,7.834374602375218e-10,7.833643617389246e-10,7.832912910669512e-10,7.832182482002358e-10,7.831452331272261e-10,7.830722458263235e-10,7.829992862795774e-10,7.829263544688391e-10,7.828534503763171e-10,7.827805739864497e-10,7.827077252764186e-10,7.826349042295308e-10,7.825621108292329e-10,7.824893450569634e-10,7.824166068955046e-10,7.823438963245791e-10,7.822712133291407e-10,7.821985578890273e-10,7.821259299875921e-10,7.820533296081744e-10,7.819807567343155e-10,7.819082113428086e-10,7.818356934189189e-10,7.817632029442147e-10,7.816907399032498e-10,7.816183042740595e-10,7.815458960409561e-10,7.814735151861377e-10,7.814011616914127e-10,7.813288355405481e-10,7.812565367156311e-10,7.811842651915057e-10,7.811120209636014e-10,7.810398039976153e-10,7.809676142970341e-10,7.808954518335798e-10,7.8082331658988e-10,7.80751208549363e-10,7.806791276934943e-10,7.806070740028959e-10,7.805350474622655e-10,7.804630480534496e-10,7.803910757629782e-10,7.803191305662811e-10,7.80247212448266e-10,7.801753213929993e-10,7.801034573817405e-10,7.800316203979446e-10,7.799598104241729e-10,7.798880274431197e-10,7.798162714372601e-10,7.797445423978367e-10,7.796728402900634e-10,7.796011651056229e-10,7.795295168283188e-10,7.794578954396881e-10,7.793863009201765e-10,7.793147332557776e-10,7.79243192427884e-10,7.791716784210498e-10,7.791001912167898e-10,7.790287307965645e-10,7.78957297144879e-10,7.788858902442171e-10,7.788145100889993e-10,7.787431566373341e-10,7.786718298876197e-10,7.786005298191908e-10,7.785292564100964e-10,7.784580096592714e-10,7.783867895356249e-10,7.783155960264077e-10,7.782444291128659e-10,7.781732887810685e-10,7.781021750125287e-10,7.780310877902405e-10,7.779600270902462e-10,7.778889929103129e-10,7.778179852229209e-10,7.777470040169618e-10,7.776760492720256e-10,7.776051209728347e-10,7.775342191015328e-10,7.774633436414437e-10,7.773924945756621e-10,7.773216718819297e-10,7.772508755490127e-10,7.771801055652533e-10,7.771093619011899e-10,7.770386445442767e-10,7.769679534912462e-10,7.768972887157865e-10,7.768266502020563e-10,7.767560379304636e-10,7.766854518861108e-10,7.766148920519596e-10,7.765443584109966e-10,7.764738509470203e-10,7.76403369643693e-10,7.763329144744708e-10,7.762624854419047e-10,7.761920825192895e-10,7.761217056875221e-10,7.760513549308833e-10,7.759810302413707e-10,7.759107315891892e-10,7.758404589721691e-10,7.757702123605561e-10,7.756999917500296e-10,7.756297971172498e-10,7.755596284411967e-10,7.754894857167027e-10,7.754193689215055e-10,7.753492780393204e-10,7.752792130528748e-10,7.75209173944142e-10,7.751391607024394e-10,7.75069173308128e-10,7.749992117445595e-10,7.749292759951746e-10,7.748593660391489e-10,7.747894818713866e-10,7.747196234700513e-10,7.746497908175692e-10,7.745799838983716e-10,7.74510202697227e-10,7.744404471913568e-10,7.743707173763531e-10,7.743010132301124e-10,7.74231334736406e-10,7.741616818790666e-10,7.740920546414428e-10,7.740224530084939e-10,7.739528769640394e-10,7.738833264921018e-10,7.738138015754712e-10,7.737443021914373e-10,7.736748283379352e-10,7.736053799924064e-10,7.735359571294086e-10,7.734665597415559e-10,7.733971878227675e-10,7.733278413426459e-10,7.732585203039503e-10,7.731892246687893e-10,7.73119954428758e-10,7.730507095594775e-10,7.729814900559643e-10,7.729122959097662e-10,7.728431270965453e-10,7.727739835940233e-10,7.727048653980132e-10,7.726357724870116e-10,7.725667048346113e-10,7.724976624459956e-10,7.724286452943446e-10,7.723596533646686e-10,7.722906866375081e-10,7.722217451035803e-10,7.721528287438133e-10,7.720839375417737e-10,7.720150714840998e-10,7.719462305534689e-10,7.718774147343448e-10,7.71808624012353e-10,7.717398583704451e-10,7.716711177932628e-10,7.716024022621413e-10,7.715337117676578e-10,7.714650462910501e-10,7.713964058168431e-10,7.71327790328282e-10,7.712591998017502e-10,7.711906342382304e-10,7.711220936174594e-10,7.710535779213716e-10,7.709850871336275e-10,7.709166212388741e-10,7.708481802239742e-10,7.707797640714567e-10,7.707113727670393e-10,7.706430062935182e-10,7.705746646360447e-10,7.705063477801969e-10,7.704380557091963e-10,7.703697884135158e-10,7.703015458684657e-10,7.702333280636508e-10,7.701651349815575e-10,7.7009696660952e-10,7.700288229299713e-10,7.699607039295285e-10,7.698926095930688e-10,7.698245399040292e-10,7.697564948475203e-10,7.696884744076363e-10,7.696204785689976e-10,7.69552507318514e-10,7.694845606272791e-10,7.694166385042263e-10,7.693487409217147e-10,7.692808678665389e-10,7.692130193221181e-10,7.691451952727716e-10,7.690773957050546e-10,7.690096206018313e-10,7.689418699503141e-10,7.68874143730184e-10,7.688064419332063e-10,7.687387645418851e-10,7.686711115413179e-10,7.686034829184614e-10,7.685358786533333e-10,7.684682987296428e-10,7.68400743138435e-10,7.683332118635794e-10,7.682657048889811e-10,7.681982221997374e-10,7.681307637780129e-10,7.680633296191346e-10,7.679959196967781e-10,7.679285340089316e-10,7.678611725251568e-10,7.677938352356897e-10,7.677265221339599e-10,7.676592331927293e-10,7.675919684026049e-10,7.675247277475618e-10,7.674575112141866e-10,7.673903187879954e-10,7.673231504559062e-10,7.672560061987359e-10,7.671888860059421e-10,7.671217898620916e-10,7.670547177506575e-10,7.6698766966457e-10,7.669206455762366e-10,7.668536454776561e-10,7.667866693527431e-10,7.667197171860693e-10,7.666527889652576e-10,7.665858846744823e-10,7.665190043001587e-10,7.664521478237381e-10,7.663853152364114e-10,7.663185065217187e-10,7.662517216606569e-10,7.66184960645592e-10,7.661182234604362e-10,7.660515100890634e-10,7.659848205156286e-10,7.659181547261295e-10,7.658515127088109e-10,7.657848944493002e-10,7.657182999257835e-10,7.656517291341721e-10,7.655851820553364e-10,7.655186586744531e-10,7.654521589695817e-10,7.653856829410996e-10,7.653192305686809e-10,7.652528018343674e-10,7.651863967257e-10,7.651200152288028e-10,7.650536573285815e-10,7.649873230113369e-10,7.649210122638614e-10,7.648547250703884e-10,7.647884614162869e-10,7.647222212872731e-10,7.646560046707366e-10,7.645898115514238e-10,7.645236419147227e-10,7.644574957444464e-10,7.64391373030702e-10,7.643252737575646e-10,7.642591979111083e-10,7.641931454758622e-10,7.64127116437305e-10,7.6406111078467e-10,7.639951285004054e-10,7.639291695684717e-10,7.638632339812353e-10,7.637973217190437e-10,7.637314327694732e-10,7.636655671187985e-10,7.635997247543367e-10,7.635339056603082e-10,7.634681098280475e-10,7.634023372320917e-10,7.633365878631512e-10,7.632708617076234e-10,7.632051587571896e-10,7.631394789890887e-10,7.630738223970908e-10,7.630081889635443e-10,7.629425786790354e-10,7.62876991520899e-10,7.628114274779288e-10,7.627458865315437e-10,7.626803686817283e-10,7.626148739061977e-10,7.625494021942706e-10,7.624839535287132e-10,7.624185278940011e-10,7.623531252804372e-10,7.622877456660763e-10,7.622223890499062e-10,7.621570554116965e-10,7.620917447361593e-10,7.62026457012232e-10,7.619611922250968e-10,7.618959503582625e-10,7.618307314040179e-10,7.617655353445008e-10,7.617003621670724e-10,7.616352118560462e-10,7.615700844007358e-10,7.615049797843137e-10,7.614398979930453e-10,7.613748390177536e-10,7.613098028478659e-10,7.612447894576622e-10,7.611797988399193e-10,7.611148309805986e-10,7.610498858664623e-10,7.609849634834947e-10,7.609200638180579e-10,7.608551868567663e-10,7.607903325803544e-10,7.607255009864463e-10,7.606606920525128e-10,7.605959057724752e-10,7.605311421294927e-10,7.604664011087912e-10,7.604016826964945e-10,7.603369868815699e-10,7.602723136486031e-10,7.602076629786337e-10,7.601430348700971e-10,7.600784293027127e-10,7.600138462597461e-10,7.59949285731892e-10,7.598847477100149e-10,7.598202321773582e-10,7.597557391202293e-10,7.596912685239328e-10,7.596268203764107e-10,7.595623946637931e-10,7.594979913670393e-10,7.594336104832279e-10,7.593692519888263e-10,7.59304915882509e-10,7.592406021390237e-10,7.591763107560517e-10,7.591120417143408e-10,7.590477950015957e-10,7.589835706029828e-10,7.589193685074563e-10,7.588551887001969e-10,7.587910311627495e-10,7.587268958938626e-10,7.586627828736248e-10,7.585986920895482e-10,7.585346235282786e-10,7.584705771710638e-10,7.584065530160758e-10,7.583425510434897e-10,7.582785712483955e-10,7.582146135988231e-10,7.581506781038458e-10,7.580867647336959e-10,7.580228734818234e-10,7.579590043339247e-10,7.578951572778496e-10,7.578313323003555e-10,7.577675293884081e-10,7.577037485227156e-10,7.576399896971134e-10,7.575762529107607e-10,7.5751253813071e-10,7.574488453510781e-10,7.57385174559119e-10,7.573215257462653e-10,7.572578988903571e-10,7.571942939830751e-10,7.57130711011509e-10,7.570671499626154e-10,7.570036108236549e-10,7.569400935817155e-10,7.568765982238501e-10,7.568131247371625e-10,7.567496731139471e-10,7.566862433310108e-10,7.56622835380619e-10,7.565594492445039e-10,7.564960849208556e-10,7.564327423918122e-10,7.563694216494608e-10,7.563061226695158e-10,7.56242845445894e-10,7.561795899652006e-10,7.561163562091372e-10,7.560531441640184e-10,7.559899538413265e-10,7.559267852052017e-10,7.558636382487266e-10,7.55800512958391e-10,7.557374093219862e-10,7.556743273267648e-10,7.556112669650521e-10,7.555482282142273e-10,7.554852110697692e-10,7.554222155127088e-10,7.553592415360456e-10,7.55296289122239e-10,7.552333582610704e-10,7.551704489400178e-10,7.551075611463078e-10,7.550446948745309e-10,7.549818500979908e-10,7.549190268114427e-10,7.548562250021275e-10,7.547934446599501e-10,7.547306857674879e-10,7.546679483146356e-10,7.546052322706603e-10,7.545425376595586e-10,7.544798644505535e-10,7.544172126312534e-10,7.543545821891505e-10,7.542919731145147e-10,7.542293853918053e-10,7.541668190066417e-10,7.541042739488275e-10,7.540417502060268e-10,7.539792477684496e-10,7.539167666172805e-10,7.538543067450762e-10,7.537918681384781e-10,7.537294507849971e-10,7.536670546721734e-10,7.536046797907308e-10,7.535423261251351e-10,7.534799936650795e-10,7.534176823907393e-10,7.533553922965584e-10,7.532931233731015e-10,7.532308756002572e-10,7.5316864896953e-10,7.531064434689108e-10,7.53044259086153e-10,7.529820958088653e-10,7.529199536247935e-10,7.528578325217357e-10,7.52795732487523e-10,7.527336535099521e-10,7.526715955769224e-10,7.526095586759649e-10,7.525475427940069e-10,7.524855479210856e-10,7.524235740439584e-10,7.523616211503601e-10,7.522996892144678e-10,7.522377782518379e-10,7.521758882364482e-10,7.521140191451883e-10,7.520521709882111e-10,7.519903437419345e-10,7.519285373957025e-10,7.518667519353562e-10,7.518049873497085e-10,7.51743243627025e-10,7.516815207549506e-10,7.516198187214002e-10,7.515581375145436e-10,7.514964771228068e-10,7.514348375333657e-10,7.513732187153121e-10,7.513116206964331e-10,7.512500434445802e-10,7.511884869462972e-10,7.511269511772505e-10,7.510654361525391e-10,7.510039418467962e-10,7.509424682484054e-10,7.508810153454519e-10,7.508195831159119e-10,7.507581715679561e-10,7.506967806791076e-10,7.506354104374489e-10,7.505740608319365e-10,7.505127318502388e-10,7.504514234809038e-10,7.503901357105055e-10,7.503288685197652e-10,7.50267621915542e-10,7.502063958763758e-10,7.501451903897845e-10,7.500840054451235e-10,7.500228410299825e-10,7.499616971324072e-10,7.499005737409845e-10,7.498394708466847e-10,7.497783884324625e-10,7.497173264884852e-10,7.496562850038404e-10,7.495952639667177e-10,7.495342633652016e-10,7.494732831871007e-10,7.494123234242729e-10,7.493513840593208e-10,7.492904650837622e-10,7.492295664813771e-10,7.491686882488088e-10,7.491078303703612e-10,7.490469928241323e-10,7.489861756196226e-10,7.489253787338926e-10,7.488646021560287e-10,7.488038458740008e-10,7.487431098754614e-10,7.486823941454726e-10,7.486216986824228e-10,7.485610234692117e-10,7.485003684940945e-10,7.484397337465798e-10,7.483791192145707e-10,7.483185248858952e-10,7.482579507484384e-10,7.481973967932787e-10,7.481368630075018e-10,7.480763493783619e-10,7.48015855896174e-10,7.479553825511372e-10,7.47894929328142e-10,7.47834496216576e-10,7.47774083205901e-10,7.477136902839469e-10,7.47653317440186e-10,7.475929646625932e-10,7.475326319405195e-10,7.474723192615506e-10,7.474120266153461e-10,7.473517539905917e-10,7.472915013751107e-10,7.472312687561064e-10,7.471710561264341e-10,7.471108634709187e-10,7.47050690780628e-10,7.469905380431538e-10,7.46930405247587e-10,7.468702923822704e-10,7.46810199436553e-10,7.467501263963749e-10,7.466900732549181e-10,7.466300399978912e-10,7.465700266157208e-10,7.465100330966296e-10,7.464500594300226e-10,7.463901056051873e-10,7.463301716072614e-10,7.462702574282627e-10,7.46210363055988e-10,7.46150488483617e-10,7.460906336913085e-10,7.460307986726075e-10,7.459709834138577e-10,7.459111879084996e-10,7.458514121434535e-10,7.457916561065996e-10,7.457319197873688e-10,7.456722031779031e-10,7.456125062614317e-10,7.455528290323233e-10,7.454931714730825e-10,7.454335335759559e-10,7.453739153304534e-10,7.45314316724348e-10,7.452547377448899e-10,7.451951783959804e-10,7.451356386516723e-10,7.450761184968236e-10,7.450166179270177e-10,7.44957136931997e-10,7.448976755006467e-10,7.448382336185745e-10,7.447788112834754e-10,7.447194084738919e-10,7.4466002518333e-10,7.446006614011226e-10,7.445413171177119e-10,7.444819923192304e-10,7.444226869878134e-10,7.443634011290797e-10,7.443041347188727e-10,7.442448877570267e-10,7.441856602271294e-10,7.441264521184558e-10,7.440672634196173e-10,7.440080941197564e-10,7.439489442083775e-10,7.438898136741657e-10,7.43830702512357e-10,7.437716107018059e-10,7.437125382363323e-10,7.436534851109282e-10,7.435944513052418e-10,7.435354368161867e-10,7.434764416225069e-10,7.434174657217594e-10,7.433585091044283e-10,7.432995717518954e-10,7.432406536582419e-10,7.431817548061441e-10,7.431228751974403e-10,7.43064014820247e-10,7.430051736547273e-10,7.429463516942456e-10,7.428875489315114e-10,7.428287653483879e-10,7.427700009406221e-10,7.427112556995932e-10,7.426525296058862e-10,7.425938226500051e-10,7.425351348279954e-10,7.424764661265151e-10,7.424178165336441e-10,7.423591860391142e-10,7.423005746322818e-10,7.422419823035668e-10,7.421834090416329e-10,7.421248548378326e-10,7.420663196707669e-10,7.420078035480565e-10,7.419493064475117e-10,7.418908283596767e-10,7.418323692812031e-10,7.417739291912304e-10,7.417155080719846e-10,7.416571059350927e-10,7.415987227637042e-10,7.415403585393244e-10,7.414820132563969e-10,7.414236869074276e-10,7.413653794733242e-10,7.413070909474611e-10,7.412488213206682e-10,7.411905705746694e-10,7.411323387140007e-10,7.410741257195641e-10,7.410159315831255e-10,7.409577562975026e-10,7.408995998300905e-10,7.408414622001558e-10,7.407833433853928e-10,7.40725243375201e-10,7.406671621603822e-10,7.406090997281289e-10,7.405510560694373e-10,7.404930311635556e-10,7.404350250192659e-10,7.403770376193834e-10,7.403190689574226e-10,7.402611190123196e-10,7.402031877799122e-10,7.401452752467229e-10,7.400873814085996e-10,7.400295062469517e-10,7.399716497548135e-10,7.399138119244484e-10,7.398559927429852e-10,7.397981922053617e-10,7.397404102962893e-10,7.396826470024211e-10,7.396249023176108e-10,7.3956717623131e-10,7.395094687355562e-10,7.394517798157942e-10,7.393941094584143e-10,7.393364576642504e-10,7.392788244212784e-10,7.392212097178606e-10,7.391636135359164e-10,7.391060358738223e-10,7.390484767108627e-10,7.389909360501346e-10,7.389334138762836e-10,7.388759101780327e-10,7.388184249461211e-10,7.387609581704386e-10,7.387035098346622e-10,7.386460799475081e-10,7.385886684874859e-10,7.385312754415069e-10,7.384739007958213e-10,7.384165445456587e-10,7.383592066801271e-10,7.383018871951691e-10,7.382445860713858e-10,7.381873033112163e-10,7.381300388937045e-10,7.380727928049673e-10,7.380155650430236e-10,7.379583555956578e-10,7.379011644545999e-10,7.37843991610704e-10,7.377868370502457e-10,7.377297007652438e-10,7.376725827459509e-10,7.376154829815568e-10,7.37558401463363e-10,7.375013381778743e-10,7.374442931276419e-10,7.373872662865955e-10,7.373302576513672e-10,7.372732672121491e-10,7.372162949639211e-10,7.371593408867937e-10,7.371024049759556e-10,7.370454872195429e-10,7.369885876115344e-10,7.369317061346676e-10,7.368748427936406e-10,7.368179975666798e-10,7.367611704417246e-10,7.367043614181801e-10,7.366475704820076e-10,7.365907976233869e-10,7.365340428324938e-10,7.364773060994861e-10,7.364205874127102e-10,7.363638867662375e-10,7.363072041414833e-10,7.362505395398838e-10,7.361938929497887e-10,7.361372643601301e-10,7.360806537540483e-10,7.360240611325248e-10,7.359674864764871e-10,7.359109297864429e-10,7.358543910457049e-10,7.357978702456007e-10,7.357413673733582e-10,7.356848824259526e-10,7.356284153853058e-10,7.355719662516781e-10,7.355155350056567e-10,7.354591216471839e-10,7.354027261580768e-10,7.353463485303248e-10,7.352899887617193e-10,7.352336468372744e-10,7.351773227472115e-10,7.351210164819612e-10,7.350647280285694e-10,7.350084573841226e-10,7.349522045356026e-10,7.348959694733655e-10,7.348397521831836e-10,7.347835526650007e-10,7.347273709046844e-10,7.346712068890637e-10,7.346150606150304e-10,7.345589320691033e-10,7.345028212470829e-10,7.344467281355095e-10,7.343906527194362e-10,7.343345949954238e-10,7.342785549518417e-10,7.342225325728125e-10,7.341665278599822e-10,7.341105408032521e-10,7.340545713897924e-10,7.339986196101049e-10,7.339426854547698e-10,7.338867689133438e-10,7.338308699782054e-10,7.337749886382262e-10,7.337191248855693e-10,7.336632787098925e-10,7.336074500939445e-10,7.335516390440939e-10,7.334958455430456e-10,7.334400695817354e-10,7.333843111497567e-10,7.333285702390259e-10,7.332728468382531e-10,7.332171409399006e-10,7.331614525340398e-10,7.331057816104904e-10,7.330501281615507e-10,7.329944921769915e-10,7.329388736480378e-10,7.328832725640789e-10,7.328276889157061e-10,7.32772122690629e-10,7.327165738874218e-10,7.326610424926152e-10,7.326055284967502e-10,7.325500318906995e-10,7.324945526623816e-10,7.324390908085581e-10,7.323836463130283e-10,7.323282191737349e-10,7.322728093769385e-10,7.322174169176225e-10,7.321620417808005e-10,7.321066839596347e-10,7.320513434450056e-10,7.319960202275517e-10,7.319407142994366e-10,7.318854256546757e-10,7.318301542738108e-10,7.317749001528169e-10,7.317196632829981e-10,7.316644436554907e-10,7.316092412610051e-10,7.315540560896807e-10,7.314988881291928e-10,7.314437373779474e-10,7.313886038188188e-10,7.313334874481648e-10,7.312783882579174e-10,7.312233062364728e-10,7.311682413746983e-10,7.311131936652367e-10,7.310581630964157e-10,7.310031496593627e-10,7.309481533455939e-10,7.30893174145626e-10,7.308382120511158e-10,7.307832670550237e-10,7.307283391440135e-10,7.306734283105587e-10,7.306185345461087e-10,7.305636578410119e-10,7.305087981868851e-10,7.304539555734478e-10,7.303991299937775e-10,7.303443214376095e-10,7.302895298963042e-10,7.302347553601157e-10,7.301799978206182e-10,7.301252572690589e-10,7.300705336926013e-10,7.300158270895187e-10,7.299611374470868e-10,7.299064647564687e-10,7.29851809008649e-10,7.297971701948741e-10,7.297425483059176e-10,7.296879433325591e-10,7.29633355266599e-10,7.295787841021028e-10,7.295242298241938e-10,7.294696924261124e-10,7.294151719000128e-10,7.293606682353677e-10,7.293061814236417e-10,7.292517114603162e-10,7.291972583304516e-10,7.291428220277973e-10,7.290884025462713e-10,7.290339998700922e-10,7.289796139946402e-10,7.289252449095161e-10,7.288708926083686e-10,7.288165570812154e-10,7.287622383199722e-10,7.287079363145939e-10,7.286536510578074e-10,7.285993825376172e-10,7.285451307496091e-10,7.284908956813747e-10,7.284366773243339e-10,7.283824756734555e-10,7.283282907145583e-10,7.282741224442165e-10,7.282199708542015e-10,7.281658359270816e-10,7.28111717660193e-10,7.280576160438144e-10,7.2800353106891e-10,7.279494627279931e-10,7.278954110121446e-10,7.27841375910452e-10,7.277873574176868e-10,7.277333555239828e-10,7.276793702233834e-10,7.276254015014527e-10,7.275714493518235e-10,7.275175137657983e-10,7.274635947383808e-10,7.274096922513229e-10,7.27355806304139e-10,7.273019368880074e-10,7.272480839948524e-10,7.271942476104789e-10,7.271404277310834e-10,7.270866243440718e-10,7.270328374439344e-10,7.26979067020472e-10,7.269253130669529e-10,7.268715755733502e-10,7.26817854533317e-10,7.267641499335129e-10,7.267104617693938e-10,7.266567900315475e-10,7.266031347116325e-10,7.265494958006239e-10,7.264958732894837e-10,7.264422671708057e-10,7.26388677437365e-10,7.263351040755643e-10,7.262815470817409e-10,7.26228006445597e-10,7.261744821599179e-10,7.26120974212851e-10,7.260674825979951e-10,7.260140073060753e-10,7.259605483295757e-10,7.25907105659726e-10,7.258536792878284e-10,7.258002692054803e-10,7.257468754050635e-10,7.256934978772414e-10,7.25640136614596e-10,7.255867916064766e-10,7.255334628409227e-10,7.254801503193594e-10,7.254268540300755e-10,7.2537357396319e-10,7.253203101084796e-10,7.252670624590278e-10,7.252138310060173e-10,7.25160615745374e-10,7.251074166553005e-10,7.250542337466383e-10,7.250010669980529e-10,7.249479164039093e-10,7.248947819572006e-10,7.248416636486436e-10,7.247885614696908e-10,7.247354754082011e-10,7.24682405463914e-10,7.246293516248002e-10,7.245763138848194e-10,7.245232922319443e-10,7.244702866581017e-10,7.244172971528836e-10,7.243643237150369e-10,7.243113663293075e-10,7.242584249953327e-10,7.242054996970365e-10,7.241525904229024e-10,7.240996971777026e-10,7.240468199447401e-10,7.2399395871694e-10,7.239411134875464e-10,7.238882842447665e-10,7.238354709811482e-10,7.237826736870811e-10,7.237298923546547e-10,7.236771269879412e-10,7.236243775684894e-10,7.235716440873339e-10,7.235189265377838e-10,7.234662249131592e-10,7.234135392029049e-10,7.23360869392947e-10,7.233082154866817e-10,7.232555774678058e-10,7.232029553334005e-10,7.231503490737416e-10,7.230977586804563e-10,7.230451841458008e-10,7.229926254571029e-10,7.229400826119858e-10,7.228875556002987e-10,7.228350444088353e-10,7.227825490391409e-10,7.227300694786215e-10,7.226776057141757e-10,7.226251577467424e-10,7.225727255595464e-10,7.225203091554564e-10,7.224679085179506e-10,7.224155236380311e-10,7.223631545139128e-10,7.223108011288706e-10,7.222584634797234e-10,7.222061415600807e-10,7.221538353660277e-10,7.221015448764739e-10,7.220492700949486e-10,7.219970110134259e-10,7.219447676157055e-10,7.218925398995367e-10,7.218403278542201e-10,7.217881314743978e-10,7.217359507527709e-10,7.216837856767525e-10,7.216316362359295e-10,7.215795024320469e-10,7.215273842496413e-10,7.214752816831276e-10,7.214231947252703e-10,7.213711233704541e-10,7.213190676037421e-10,7.212670274229957e-10,7.212150028177179e-10,7.211629937791027e-10,7.211110003021847e-10,7.210590223745865e-10,7.210070599945104e-10,7.209551131529803e-10,7.209031818384032e-10,7.208512660426458e-10,7.207993657630625e-10,7.207474809848281e-10,7.206956117031726e-10,7.206437579058696e-10,7.205919195971154e-10,7.205400967623033e-10,7.204882893878851e-10,7.204364974739354e-10,7.203847210119739e-10,7.203329599914191e-10,7.202812144005706e-10,7.202294842328346e-10,7.201777694870905e-10,7.201260701513402e-10,7.200743862200666e-10,7.200227176867008e-10,7.199710645275014e-10,7.19919426756289e-10,7.198678043542504e-10,7.198161973176701e-10,7.197646056363796e-10,7.197130293044104e-10,7.196614683150993e-10,7.196099226559698e-10,7.19558392323846e-10,7.195068773057597e-10,7.194553776002786e-10,7.194038931910199e-10,7.193524240780823e-10,7.193009702523528e-10,7.192495317058621e-10,7.191981084294972e-10,7.191467004138053e-10,7.190953076539173e-10,7.190439301369728e-10,7.189925678673079e-10,7.189412208246016e-10,7.188898890116487e-10,7.188385724126547e-10,7.187872710203804e-10,7.187359848344484e-10,7.186847138400003e-10,7.186334580309049e-10,7.185822173988692e-10,7.185309919325713e-10,7.184797816374207e-10,7.184285864952113e-10,7.183774064986884e-10,7.183262416466744e-10,7.182750919226079e-10,7.182239573226785e-10,7.181728378432951e-10,7.181217334704167e-10,7.180706442040004e-10,7.180195700312316e-10,7.179685109446386e-10,7.179174669307485e-10,7.178664379939574e-10,7.178154241234717e-10,7.1776442530156e-10,7.177134415320522e-10,7.176624728047678e-10,7.176115191102377e-10,7.1756058044096e-10,7.175096567920894e-10,7.174587481546113e-10,7.174078545229871e-10,7.173569758844307e-10,7.173061122347603e-10,7.172552635676939e-10,7.172044298748811e-10,7.17153611144756e-10,7.17102807375908e-10,7.170520185560289e-10,7.170012446779372e-10,7.169504857375141e-10,7.168997417239346e-10,7.168490126287308e-10,7.167982984513283e-10,7.16747599181573e-10,7.166969148092081e-10,7.166462453290515e-10,7.165955907333115e-10,7.165449510101737e-10,7.164943261574633e-10,7.164437161678203e-10,7.163931210319096e-10,7.163425407421525e-10,7.162919752859955e-10,7.162414246643229e-10,7.161908888676999e-10,7.16140367887181e-10,7.160898617189754e-10,7.160393703531772e-10,7.159888937818309e-10,7.159384319977238e-10,7.158879849916347e-10,7.158375527592772e-10,7.157871352915028e-10,7.157367325821334e-10,7.156863446267597e-10,7.156359714107314e-10,7.155856129307921e-10,7.155352691782459e-10,7.154849401492492e-10,7.154346258326896e-10,7.153843262240137e-10,7.153340413131292e-10,7.15283771093932e-10,7.152335155603625e-10,7.151832747043642e-10,7.15133048518073e-10,7.150828369943692e-10,7.150326401231793e-10,7.149824579027863e-10,7.14932290322978e-10,7.148821373757742e-10,7.148319990585777e-10,7.147818753562813e-10,7.14731766265333e-10,7.146816717785708e-10,7.146315918903266e-10,7.145815265937246e-10,7.145314758817784e-10,7.144814397416704e-10,7.144314181697417e-10,7.143814111570336e-10,7.14331418700312e-10,7.142814407906154e-10,7.142314774197615e-10,7.141815285825928e-10,7.141315942705344e-10,7.140816744763918e-10,7.140317691914308e-10,7.139818784098735e-10,7.139320021256505e-10,7.138821403290071e-10,7.138322930163469e-10,7.137824601777589e-10,7.137326418054056e-10,7.136828378975078e-10,7.136330484399015e-10,7.135832734282037e-10,7.135335128568592e-10,7.134837667158265e-10,7.134340350000415e-10,7.133843177032104e-10,7.133346148164276e-10,7.132849263334153e-10,7.132352522437301e-10,7.131855925431405e-10,7.131359472273625e-10,7.130863162860054e-10,7.130366997113758e-10,7.129870974970616e-10,7.12937509639923e-10,7.128879361275658e-10,7.128383769543493e-10,7.127888321129106e-10,7.127393015970759e-10,7.126897853997312e-10,7.126402835171597e-10,7.125907959386265e-10,7.125413226545949e-10,7.124918636626092e-10,7.124424189535906e-10,7.123929885213684e-10,7.123435723576993e-10,7.122941704591452e-10,7.122447828136144e-10,7.121954094174386e-10,7.121460502608834e-10,7.120967053400454e-10,7.120473746458205e-10,7.119980581729573e-10,7.119487559040113e-10,7.118994678518199e-10,7.118501939885166e-10,7.118009343248801e-10,7.117516888499775e-10,7.117024575497523e-10,7.11653240424206e-10,7.116040374618593e-10,7.115548486571954e-10,7.115056740002763e-10,7.114565134770466e-10,7.114073671047609e-10,7.113582348626759e-10,7.113091167434069e-10,7.112600127377375e-10,7.112109228441955e-10,7.111618470517929e-10,7.111127853532304e-10,7.110637377498097e-10,7.110147042232775e-10,7.109656847712593e-10,7.109166793880158e-10,7.108676880634055e-10,7.108187107940876e-10,7.107697475763344e-10,7.107207983936389e-10,7.106718632472697e-10,7.106229421266093e-10,7.105740350265038e-10,7.105251419377542e-10,7.104762628562464e-10,7.104273977743356e-10,7.103785466859778e-10,7.103297095824949e-10,7.102808864586382e-10,7.102320773054589e-10,7.101832821190888e-10,7.101345008887176e-10,7.100857336126517e-10,7.100369802798064e-10,7.099882408869401e-10,7.099395154266992e-10,7.098908038896865e-10,7.098421062683644e-10,7.097934225601622e-10,7.097447527556514e-10,7.096960968484638e-10,7.096474548324669e-10,7.09598826700943e-10,7.095502124458489e-10,7.095016120621833e-10,7.094530255414581e-10,7.094044528769169e-10,7.093558940631818e-10,7.093073490927255e-10,7.092588179603307e-10,7.092103006587706e-10,7.091617971781904e-10,7.091133075168601e-10,7.090648316656755e-10,7.090163696168858e-10,7.089679213632863e-10,7.089194869008117e-10,7.088710662224867e-10,7.088226593209581e-10,7.087742661899128e-10,7.087258868224048e-10,7.086775212108424e-10,7.086291693487964e-10,7.08580831231099e-10,7.085325068496081e-10,7.084841961960885e-10,7.084358992680435e-10,7.083876160569699e-10,7.083393465548968e-10,7.082910907565769e-10,7.082428486554626e-10,7.081946202459202e-10,7.081464055229287e-10,7.080982044737795e-10,7.080500170947097e-10,7.080018433778423e-10,7.079536833207941e-10,7.079055369143552e-10,7.078574041504113e-10,7.078092850256886e-10,7.07761179531391e-10,7.077130876616378e-10,7.076650094100032e-10,7.076169447680184e-10,7.075688937316737e-10,7.075208562942755e-10,7.074728324486849e-10,7.074248221881164e-10,7.073768255032894e-10,7.073288423932861e-10,7.072808728477745e-10,7.072329168622375e-10,7.071849744276984e-10,7.071370455343869e-10,7.070891301847155e-10,7.070412283657585e-10,7.069933400768523e-10,7.06945465307284e-10,7.068976040453806e-10,7.06849756293633e-10,7.068019220448289e-10,7.067541012883589e-10,7.067062940199263e-10,7.06658500232019e-10,7.066107199209381e-10,7.065629530745537e-10,7.065151996878998e-10,7.064674597616841e-10,7.064197332841188e-10,7.063720202474637e-10,7.063243206452908e-10,7.062766344727215e-10,7.062289617245722e-10,7.061813023938785e-10,7.061336564732216e-10,7.060860239561503e-10,7.060384048309785e-10,7.059907991013299e-10,7.059432067626556e-10,7.058956277896833e-10,7.058480621919458e-10,7.058005099604293e-10,7.057529710870601e-10,7.057054455688443e-10,7.056579333962571e-10,7.056104345578733e-10,7.055629490587953e-10,7.055154768853149e-10,7.054680180298933e-10,7.05420572488319e-10,7.053731402567932e-10,7.053257213283544e-10,7.052783157004776e-10,7.052309233562029e-10,7.051835443015367e-10,7.051361785135817e-10,7.050888259978038e-10,7.050414867417979e-10,7.049941607459336e-10,7.049468480014183e-10,7.048995485015189e-10,7.048522622385249e-10,7.048049892087898e-10,7.047577294055037e-10,7.047104828194785e-10,7.04663249448597e-10,7.04616029284629e-10,7.045688223209259e-10,7.045216285512563e-10,7.04474447968985e-10,7.04427280571438e-10,7.043801263475537e-10,7.04332985292017e-10,7.042858573992857e-10,7.042387426638455e-10,7.041916410784157e-10,7.041445526373411e-10,7.040974773316197e-10,7.04050415159854e-10,7.040033661073068e-10,7.039563301774007e-10,7.039093073630496e-10,7.038622976561913e-10,7.038153010570836e-10,7.037683175448419e-10,7.037213471212297e-10,7.036743897788766e-10,7.036274455128864e-10,7.035805143148694e-10,7.035335961816276e-10,7.034866911055282e-10,7.03439799078849e-10,7.033929200985612e-10,7.033460541573701e-10,7.03299201248894e-10,7.032523613654935e-10,7.032055345049408e-10,7.03158720656284e-10,7.031119198158563e-10,7.03065131977134e-10,7.03018357134411e-10,7.029715952797941e-10,7.029248464085243e-10,7.02878110509273e-10,7.028313875857142e-10,7.027846776242279e-10,7.027379806250166e-10,7.026912965787453e-10,7.026446254791558e-10,7.025979673194473e-10,7.02551322090802e-10,7.02504689792743e-10,7.024580704178238e-10,7.024114639541377e-10,7.023648703990325e-10,7.023182897530114e-10,7.022717220014137e-10,7.022251671465018e-10,7.021786251773822e-10,7.021320960888409e-10,7.020855798723694e-10,7.020390765201228e-10,7.019925860264329e-10,7.019461083934236e-10,7.018996436126146e-10,7.018531916739317e-10,7.018067525720989e-10,7.01760326302004e-10,7.0171391285618e-10,7.016675122291206e-10,7.016211244157095e-10,7.015747494100636e-10,7.015283872058851e-10,7.014820377961917e-10,7.014357011784998e-10,7.01389377336814e-10,7.013430662646394e-10,7.012967679755434e-10,7.012504824522313e-10,7.012042096948408e-10,7.011579496843286e-10,7.011117024194585e-10,7.010654678983422e-10,7.010192461035933e-10,7.009730370447855e-10,7.00926840709491e-10,7.008806570913255e-10,7.00834486186751e-10,7.007883279853924e-10,7.007421824817959e-10,7.006960496690855e-10,7.006499295493288e-10,7.006038221106978e-10,7.005577273452235e-10,7.005116452521616e-10,7.004655758228253e-10,7.00419519065776e-10,7.003734749458607e-10,7.003274434727794e-10,7.002814246413869e-10,7.002354184403337e-10,7.001894248717384e-10,7.001434439232309e-10,7.000974755896238e-10,7.000515198701195e-10,7.000055767554481e-10,6.999596462392269e-10,6.999137283178699e-10,6.998678229830532e-10,6.998219302303025e-10,6.99776050051922e-10,6.997301824445996e-10,6.996843273997831e-10,6.996384849104749e-10,6.995926549761476e-10,6.995468375886384e-10,6.995010327409236e-10,6.994552404240145e-10,6.994094606406309e-10,6.993636933782225e-10,6.993179386350709e-10,6.992721964025728e-10,6.99226466673974e-10,6.991807494473112e-10,6.991350447129254e-10,6.990893524670352e-10,6.990436727020352e-10,6.989980054140268e-10,6.98952350600674e-10,6.989067082568463e-10,6.988610783639765e-10,6.988154609246264e-10,6.98769855933099e-10,6.987242633845016e-10,6.986786832718428e-10,6.986331155833187e-10,6.985875603229534e-10,6.985420174807872e-10,6.984964870516246e-10,6.984509690299781e-10,6.984054634119125e-10,6.983599701850605e-10,6.983144893504824e-10,6.98269020903582e-10,6.982235648319629e-10,6.981781211343048e-10,6.981326898035401e-10,6.980872708336512e-10,6.980418642197316e-10,6.979964699470247e-10,6.979510880261452e-10,6.979057184443005e-10,6.978603611945335e-10,6.978150162720424e-10,6.977696836748698e-10,6.977243633838982e-10,6.976790554093072e-10,6.976337597371852e-10,6.97588476364822e-10,6.975432052826242e-10,6.974979464914988e-10,6.974526999809504e-10,6.974074657458283e-10,6.973622437823468e-10,6.973170340831088e-10,6.972718366453397e-10,6.972266514586522e-10,6.97181478519588e-10,6.971363178309e-10,6.970911693693002e-10,6.970460331385973e-10,6.970009091370342e-10,6.969557973504911e-10,6.969106977741866e-10,6.968656104079386e-10,6.968205352474923e-10,6.967754722831242e-10,6.967304215117856e-10,6.966853829230102e-10,6.966403565157908e-10,6.965953422843289e-10,6.965503402189727e-10,6.965053503198258e-10,6.964603725777294e-10,6.964154069882949e-10,6.963704535458263e-10,6.963255122444188e-10,6.962805830775026e-10,6.962356660404555e-10,6.961907611288299e-10,6.961458683321731e-10,6.961009876517873e-10,6.960561190798275e-10,6.96011262610411e-10,6.95966418237158e-10,6.959215859538621e-10,6.958767657559594e-10,6.958319576391645e-10,6.957871615989051e-10,6.957423776254401e-10,6.956976057185984e-10,6.95652845866289e-10,6.956080980663262e-10,6.955633623131405e-10,6.955186386012462e-10,6.954739269251299e-10,6.954292272792827e-10,6.953845396582082e-10,6.953398640564014e-10,6.952952004683734e-10,6.952505488886374e-10,6.952059093116829e-10,6.951612817320587e-10,6.951166661442647e-10,6.95072062542823e-10,6.950274709222719e-10,6.949828912771408e-10,6.949383236019432e-10,6.948937678912408e-10,6.948492241395643e-10,6.948046923414495e-10,6.947601724914703e-10,6.947156645834246e-10,6.946711686133295e-10,6.946266845750271e-10,6.945822124630901e-10,6.945377522720457e-10,6.944933039964712e-10,6.944488676309514e-10,6.944044431700538e-10,6.943600306083798e-10,6.943156299404841e-10,6.942712411609721e-10,6.94226864264437e-10,6.941824992454571e-10,6.941381460986383e-10,6.940938048185785e-10,6.940494753998888e-10,6.940051578371659e-10,6.939608521274822e-10,6.939165582605365e-10,6.938722762334206e-10,6.938280060406838e-10,6.93783747677049e-10,6.937395011371473e-10,6.936952664155421e-10,6.936510435068841e-10,6.936068324058239e-10,6.935626331070086e-10,6.935184456050649e-10,6.934742698947348e-10,6.934301059705342e-10,6.933859538271771e-10,6.933418134593024e-10,6.932976848616123e-10,6.932535680287415e-10,6.932094629553741e-10,6.931653696361919e-10,6.931212880658659e-10,6.93077218239067e-10,6.930331601504872e-10,6.929891137948088e-10,6.929450791667248e-10,6.929010562609217e-10,6.928570450720997e-10,6.928130455949735e-10,6.927690578242232e-10,6.927250817545778e-10,6.926811173806922e-10,6.926371646973784e-10,6.925932236995147e-10,6.925492943814043e-10,6.92505376737975e-10,6.924614707637178e-10,6.924175764538479e-10,6.923736938028423e-10,6.923298228054662e-10,6.922859634564546e-10,6.922421157505289e-10,6.921982796824595e-10,6.921544552470003e-10,6.921106424388691e-10,6.920668412528808e-10,6.920230516837356e-10,6.919792737262479e-10,6.919355073752163e-10,6.918917526253318e-10,6.918480094713976e-10,6.918042779081877e-10,6.917605579305134e-10,6.917168495331333e-10,6.916731527108073e-10,6.916294674583909e-10,6.91585793770651e-10,6.91542131642399e-10,6.914984810684166e-10,6.914548420435013e-10,6.914112145624852e-10,6.913675986201594e-10,6.913239942113638e-10,6.912804013322079e-10,6.912368199748887e-10,6.911932501355514e-10,6.911496918090308e-10,6.911061449880971e-10,6.910626096716923e-10,6.910190858525646e-10,6.909755735256206e-10,6.909320726856642e-10,6.908885833275585e-10,6.908451054461098e-10,6.908016390362526e-10,6.907581840927974e-10,6.907147406106078e-10,6.906713085845632e-10,6.906278880095016e-10,6.905844788753051e-10,6.90541081186871e-10,6.904976949340645e-10,6.904543201117594e-10,6.90410956714831e-10,6.903676047345647e-10,6.903242641730845e-10,6.902809350216738e-10,6.902376172751934e-10,6.90194310928578e-10,6.901510159767391e-10,6.901077324145397e-10,6.900644602369091e-10,6.900211994347751e-10,6.899779500110439e-10,6.899347119566596e-10,6.898914852654376e-10,6.898482699344642e-10,6.898050659551171e-10,6.897618733227674e-10,6.89718692038196e-10,6.896755220931727e-10,6.896323634812675e-10,6.895892161989346e-10,6.895460802403486e-10,6.895029556000815e-10,6.894598422738527e-10,6.894167402582965e-10,6.893736495442481e-10,6.893305701287034e-10,6.892875020030512e-10,6.892444451682813e-10,6.892013996181576e-10,6.891583653477926e-10,6.891153423495057e-10,6.890723306180499e-10,6.890293301515188e-10,6.889863409432689e-10,6.889433629880162e-10,6.889003962815375e-10,6.88857440820474e-10,6.888144965976116e-10,6.887715636051643e-10,6.88728641840716e-10,6.886857313006659e-10,6.886428319814615e-10,6.88599943873611e-10,6.88557066974193e-10,6.885142012782294e-10,6.884713467807569e-10,6.884285034768042e-10,6.883856713577438e-10,6.883428504259253e-10,6.883000406727274e-10,6.882572420931673e-10,6.882144546823614e-10,6.881716784352664e-10,6.881289133470524e-10,6.880861594126954e-10,6.880434166273901e-10,6.880006849855597e-10,6.879579644830981e-10,6.879152551118757e-10,6.878725568728778e-10,6.878298697581123e-10,6.877871937627101e-10,6.877445288814347e-10,6.877018751015952e-10,6.876592324346432e-10,6.876166008673759e-10,6.875739803974928e-10,6.875313710170329e-10,6.874887727195222e-10,6.874461855020022e-10,6.874036093617729e-10,6.873610442898295e-10,6.873184902831498e-10,6.872759473366269e-10,6.872334154461682e-10,6.871908946064501e-10,6.871483848146927e-10,6.871058860619507e-10,6.870633983471439e-10,6.870209216618171e-10,6.869784560029022e-10,6.86936001367539e-10,6.868935577466816e-10,6.868511251377238e-10,6.868087035345107e-10,6.867662929365553e-10,6.867238933361235e-10,6.866815047255502e-10,6.866391271030361e-10,6.865967604652218e-10,6.865544048055015e-10,6.865120601178778e-10,6.864697263975684e-10,6.864274036426876e-10,6.863850918464131e-10,6.863427910019743e-10,6.863005011065222e-10,6.862582221552705e-10,6.862159541433878e-10,6.86173697066373e-10,6.861314509205653e-10,6.860892156979545e-10,6.860469913955082e-10,6.860047780102027e-10,6.859625755335928e-10,6.85920383962432e-10,6.858782032927063e-10,6.858360335196169e-10,6.857938746375593e-10,6.857517266426683e-10,6.85709589530948e-10,6.856674632949576e-10,6.856253479326569e-10,6.855832434366165e-10,6.855411498029719e-10,6.854990670277904e-10,6.854569951055168e-10,6.854149340322367e-10,6.853728838028348e-10,6.853308444137652e-10,6.852888158576655e-10,6.852467981231917e-10,6.852047912228392e-10,6.851627951408137e-10,6.851208098736884e-10,6.850788354180628e-10,6.850368717652157e-10,6.84994918916744e-10,6.849529768646535e-10,6.84911045603657e-10,6.84869125129903e-10,6.8482721544056e-10,6.847853165271185e-10,6.847434283866449e-10,6.847015510143928e-10,6.846596844056522e-10,6.846178285556526e-10,6.845759834594101e-10,6.845341491005715e-10,6.844923255009542e-10,6.844505126392946e-10,6.844087105130191e-10,6.843669191173933e-10,6.84325138447532e-10,6.842833684991886e-10,6.842416092546238e-10,6.841998607349979e-10,6.841581229227229e-10,6.841163958149898e-10,6.840746794033705e-10,6.840329736850895e-10,6.839912786478161e-10,6.839495943007632e-10,6.839079206346206e-10,6.838662576428416e-10,6.838246053123423e-10,6.837829636626056e-10,6.837413326669498e-10,6.836997123164986e-10,6.836581026290087e-10,6.836165035908014e-10,6.835749151946355e-10,6.835333374362774e-10,6.834917703090493e-10,6.834502138116682e-10,6.834086679252316e-10,6.83367132671544e-10,6.833256080301176e-10,6.83284093993375e-10,6.832425905637262e-10,6.832010977388417e-10,6.831596155102051e-10,6.831181438726703e-10,6.830766828226522e-10,6.830352323562096e-10,6.829937924664128e-10,6.829523631443175e-10,6.829109443966379e-10,6.828695362122716e-10,6.828281385882671e-10,6.827867515143158e-10,6.827453749954986e-10,6.827040090204553e-10,6.826626535852545e-10,6.826213086916089e-10,6.825799743293565e-10,6.825386504939892e-10,6.824973371806192e-10,6.824560343867025e-10,6.824147421039003e-10,6.823734603332789e-10,6.82332189067662e-10,6.822909283040121e-10,6.822496780349324e-10,6.822084382564616e-10,6.821672089652019e-10,6.821259901559585e-10,6.820847818246303e-10,6.820435839664794e-10,6.820023965771016e-10,6.819612196516916e-10,6.819200531876732e-10,6.818788971767462e-10,6.818377516166478e-10,6.817966165032091e-10,6.817554918276014e-10,6.817143775940892e-10,6.8167327379179e-10,6.816321804177854e-10,6.815910974648432e-10,6.815500249328145e-10,6.815089628156691e-10,6.814679111093092e-10,6.814268698047393e-10,6.813858389044039e-10,6.813448184019599e-10,6.813038082877223e-10,6.812628085645446e-10,6.812218192265799e-10,6.811808402669669e-10,6.811398716800806e-10,6.810989134634041e-10,6.810579656118834e-10,6.810170281218233e-10,6.809761009873904e-10,6.809351842063221e-10,6.80894277770401e-10,6.808533816795899e-10,6.808124959280945e-10,6.807716205120287e-10,6.807307554240111e-10,6.806899006599304e-10,6.806490562210998e-10,6.806082220948606e-10,6.80567398280881e-10,6.805265847764902e-10,6.804857815767959e-10,6.804449886747689e-10,6.804042060683066e-10,6.803634337515362e-10,6.80322671718772e-10,6.802819199712588e-10,6.802411784980497e-10,6.802004472973521e-10,6.801597263639503e-10,6.80119015695605e-10,6.800783152880836e-10,6.80037625135229e-10,6.799969452317043e-10,6.799562755755357e-10,6.7991561616007e-10,6.798749669822185e-10,6.798343280371144e-10,6.797936993176358e-10,6.797530808260847e-10,6.79712472552133e-10,6.796718744954744e-10,6.796312866484727e-10,6.795907090104575e-10,6.795501415749471e-10,6.795095843381821e-10,6.794690372944264e-10,6.79428500437134e-10,6.793879737682174e-10,6.793474572773695e-10,6.793069509660028e-10,6.792664548243351e-10,6.792259688489511e-10,6.791854930384694e-10,6.791450273890381e-10,6.791045718944853e-10,6.790641265507247e-10,6.790236913527944e-10,6.789832662970316e-10,6.789428513796036e-10,6.789024465964779e-10,6.788620519366602e-10,6.788216674051629e-10,6.787812929938444e-10,6.787409286980651e-10,6.787005745153519e-10,6.786602304391496e-10,6.786198964660111e-10,6.785795725925901e-10,6.785392588127339e-10,6.78498955124573e-10,6.784586615146637e-10,6.784183779905635e-10,6.783781045450312e-10,6.783378411733547e-10,6.782975878673197e-10,6.782573446289948e-10,6.782171114486466e-10,6.781768883265851e-10,6.781366752559251e-10,6.780964722330153e-10,6.780562792511877e-10,6.780160963104816e-10,6.779759234043275e-10,6.779357605284484e-10,6.778956076782207e-10,6.778554648456976e-10,6.778153320374668e-10,6.777752092440249e-10,6.777350964590487e-10,6.776949936765621e-10,6.776549008909141e-10,6.776148181060608e-10,6.775747453133113e-10,6.775346825085612e-10,6.774946296876406e-10,6.774545868474678e-10,6.774145539815676e-10,6.773745310843737e-10,6.773345181574317e-10,6.772945151927606e-10,6.772545221865852e-10,6.7721453913416e-10,6.771745660324142e-10,6.771346028762541e-10,6.770946496619911e-10,6.770547063826748e-10,6.770147730344265e-10,6.769748496202161e-10,6.769349361350836e-10,6.768950325655182e-10,6.768551389153932e-10,6.768152551725719e-10,6.767753813413862e-10,6.767355174148057e-10,6.766956633880392e-10,6.766558192570982e-10,6.766159850177266e-10,6.765761606651536e-10,6.765363461963589e-10,6.764965416091028e-10,6.764567468935936e-10,6.764169620488287e-10,6.763771870711854e-10,6.763374219552626e-10,6.762976666914327e-10,6.762579212902723e-10,6.762181857357821e-10,6.761784600281963e-10,6.761387441632382e-10,6.76099038139491e-10,6.760593419453654e-10,6.760196555804613e-10,6.759799790398877e-10,6.759403123239096e-10,6.759006554223617e-10,6.75861008333033e-10,6.758213710545604e-10,6.757817435812073e-10,6.757421259090341e-10,6.757025180307309e-10,6.756629199467047e-10,6.756233316512481e-10,6.755837531424018e-10,6.755441844102178e-10,6.755046254517311e-10,6.754650762644863e-10,6.754255368483161e-10,6.753860071926286e-10,6.753464872986226e-10,6.753069771574209e-10,6.752674767692491e-10,6.752279861213302e-10,6.751885052247675e-10,6.751490340666112e-10,6.75109572641386e-10,6.750701209468169e-10,6.750306789803054e-10,6.749912467352828e-10,6.749518242088121e-10,6.749124113977059e-10,6.748730082964334e-10,6.748336149057993e-10,6.747942312177083e-10,6.747548572240343e-10,6.747154929242244e-10,6.746761383149802e-10,6.746367933922582e-10,6.745974581512607e-10,6.745581325890753e-10,6.745188167043479e-10,6.744795104861635e-10,6.744402139328984e-10,6.744009270413e-10,6.743616498103907e-10,6.743223822307753e-10,6.74283124304134e-10,6.742438760221501e-10,6.742046373818548e-10,6.741654083797134e-10,6.741261890110349e-10,6.740869792725235e-10,6.740477791594809e-10,6.740085886687743e-10,6.739694078003114e-10,6.739302365406519e-10,6.738910748917092e-10,6.738519228508264e-10,6.738127804089092e-10,6.737736475618722e-10,6.737345243137768e-10,6.736954106539025e-10,6.736563065795559e-10,6.736172120899613e-10,6.735781271754251e-10,6.73539051834875e-10,6.734999860642559e-10,6.73460929859577e-10,6.734218832171099e-10,6.733828461324695e-10,6.733438186036392e-10,6.73304800626927e-10,6.732657921938158e-10,6.732267933033458e-10,6.731878039511783e-10,6.731488241317676e-10,6.731098538425147e-10,6.730708930797592e-10,6.73031941839414e-10,6.729930001174348e-10,6.729540679098203e-10,6.729151452123436e-10,6.728762320222496e-10,6.728373283348487e-10,6.727984341463188e-10,6.727595494533603e-10,6.727206742578233e-10,6.726818085419079e-10,6.726429523090508e-10,6.726041055551953e-10,6.725652682772073e-10,6.725264404699562e-10,6.724876221300855e-10,6.724488132536764e-10,6.724100138367841e-10,6.723712238754224e-10,6.723324433659022e-10,6.722936723041973e-10,6.722549106864171e-10,6.722161585124717e-10,6.721774157734583e-10,6.721386824640185e-10,6.720999585829073e-10,6.720612441262345e-10,6.720225390901032e-10,6.719838434706355e-10,6.719451572636251e-10,6.71906480468896e-10,6.718678130761065e-10,6.718291550844294e-10,6.717905064900215e-10,6.717518672886381e-10,6.717132374771244e-10,6.71674617051267e-10,6.716360060068739e-10,6.715974043404479e-10,6.715588120480914e-10,6.715202291261492e-10,6.714816555705468e-10,6.714430913771143e-10,6.714045365423099e-10,6.713659910625692e-10,6.71327454933683e-10,6.712889281544993e-10,6.712504107167196e-10,6.712119026176168e-10,6.71173403846015e-10,6.711349144141746e-10,6.710964343098479e-10,6.710579635297891e-10,6.71019502070016e-10,6.709810499265159e-10,6.709426070957724e-10,6.709041735740511e-10,6.708657493564546e-10,6.708273344403835e-10,6.70788928821378e-10,6.707505324960452e-10,6.707121454603619e-10,6.706737677103455e-10,6.70635399252805e-10,6.705970400630877e-10,6.705586901501575e-10,6.705203495056973e-10,6.704820181278037e-10,6.704436960131181e-10,6.704053831578123e-10,6.703670795576343e-10,6.703287852117243e-10,6.702905001110154e-10,6.702522242546187e-10,6.702139576367779e-10,6.701757002501011e-10,6.701374521032112e-10,6.700992131851332e-10,6.700609834933125e-10,6.70022763019926e-10,6.69984551767424e-10,6.699463497264746e-10,6.699081568966156e-10,6.698699732733006e-10,6.698317988520994e-10,6.697936336299768e-10,6.697554776027672e-10,6.697173307669182e-10,6.696791931186979e-10,6.69641064654264e-10,6.696029453696405e-10,6.69564835261631e-10,6.695267343257973e-10,6.694886425570667e-10,6.694505599555981e-10,6.694124865152367e-10,6.693744222229665e-10,6.693363670940404e-10,6.692983211156182e-10,6.692602842836637e-10,6.692222565951804e-10,6.691842380420677e-10,6.691462286265122e-10,6.691082283387711e-10,6.69070237182898e-10,6.690322551505104e-10,6.689942822391041e-10,6.689563184431704e-10,6.689183637643782e-10,6.688804181912599e-10,6.68842481723509e-10,6.68804554357424e-10,6.687666360861733e-10,6.687287269126398e-10,6.686908268299252e-10,6.686529358340822e-10,6.686150539202971e-10,6.685771810876771e-10,6.685393173307692e-10,6.685014626460471e-10,6.684636170300496e-10,6.684257804692745e-10,6.68387952978997e-10,6.683501345465384e-10,6.6831232516795e-10,6.682745248399398e-10,6.682367335583042e-10,6.681989513161706e-10,6.681611781167138e-10,6.681234139524783e-10,6.680856588199798e-10,6.680479127156427e-10,6.680101756358547e-10,6.679724475764582e-10,6.679347285332109e-10,6.678970185050139e-10,6.678593174866217e-10,6.678216254745547e-10,6.677839424650842e-10,6.677462684533147e-10,6.677086034379946e-10,6.676709474138226e-10,6.67633300376943e-10,6.67595662325662e-10,6.67558033258194e-10,6.675204131654785e-10,6.674828020462797e-10,6.674451998969992e-10,6.674076067120526e-10,6.673700224914654e-10,6.673324472299522e-10,6.672948809253004e-10,6.672573235707745e-10,6.672197751643695e-10,6.671822357021747e-10,6.671447051812975e-10,6.671071835977557e-10,6.670696709500182e-10,6.670321672303889e-10,6.669946724371924e-10,6.66957186566945e-10,6.66919709618273e-10,6.668822415830008e-10,6.66844782458695e-10,6.668073322464701e-10,6.667698909370596e-10,6.667324585283498e-10,6.66695035017823e-10,6.666576203980638e-10,6.666202146725331e-10,6.66582817833636e-10,6.665454298782722e-10,6.665080508024897e-10,6.664706806038771e-10,6.664333192773422e-10,6.66395966820798e-10,6.663586232290404e-10,6.66321288499103e-10,6.662839626275409e-10,6.662466456108108e-10,6.662093374453059e-10,6.661720381276656e-10,6.661347476542916e-10,6.660974660215559e-10,6.660601932260957e-10,6.660229292642936e-10,6.659856741323303e-10,6.659484278268336e-10,6.659111903441925e-10,6.658739616809809e-10,6.658367418334477e-10,6.657995307983378e-10,6.657623285719338e-10,6.657251351507932e-10,6.656879505416394e-10,6.65650774720474e-10,6.65613607693918e-10,6.655764494585187e-10,6.655393000107086e-10,6.655021593468935e-10,6.654650274637063e-10,6.65427904357421e-10,6.65390790024791e-10,6.653536844620522e-10,6.653165876658845e-10,6.652794996326093e-10,6.652424203588849e-10,6.652053498411835e-10,6.651682880759381e-10,6.651312350595336e-10,6.65094190788633e-10,6.650571552598302e-10,6.650201284695654e-10,6.649831104141701e-10,6.649461010902122e-10,6.649091004942553e-10,6.648721086228932e-10,6.648351254725239e-10,6.647981510395841e-10,6.647611853209019e-10,6.647242283125327e-10,6.646872800114443e-10,6.646503404139049e-10,6.646134095165958e-10,6.645764873161277e-10,6.645395738087262e-10,6.645026689910958e-10,6.644657728598221e-10,6.644288854113133e-10,6.643920066420793e-10,6.643551365486932e-10,6.643182751278435e-10
21,5.983447208215863e-84,7.9145548369888e-83,3.052245451169516e-82,7.576272432976489e-82,1.7162698697627658e-81,3.3507474702488196e-81,5.944448166002272e-81,9.855863974258038e-81,1.5391558008342343e-80,2.3048199860041903e-80,3.338443271388707e-80,4.7069718475133414e-80,6.463359000429301e-80,8.707211222068093e-80,1.1515962050629327e-79,1.4986337997030494e-79,1.9225100688879502e-79,2.4349537598355213e-79,3.048795443225372e-79,3.778016852664787e-79,4.637800276315448e-79,5.644577969134797e-79,6.816081555463953e-79,8.171391406740331e-79,9.730985983529404e-79,1.1516791134927377e-78,1.355222934961342e-78,1.586226895773053e-78,1.8473473282945244e-78,2.141404974628712e-78,2.4713898924761486e-78,2.840466355870264e-78,3.251977751704117e-78,3.7094514715315054e-78,4.216603799958287e-78,4.777344798128439e-78,5.395783184157888e-78,6.076231208164319e-78,6.823209524903354e-78,7.641452062467228e-78,8.535910886473777e-78,9.511761062509582e-78,1.0574405511629034e-77,1.172947986610337e-77,1.2982857319923264e-77,1.4340653475042952e-77,1.5809231184865454e-77,1.7395205395969848e-77,1.9105447983927495e-77,2.0947092584498652e-77,2.292753942732982e-77,2.5054460159982873e-77,2.733580267213051e-77,2.977979591243433e-77,3.2394954709322282e-77,3.519008458071621e-77,3.8174286545112206e-77,4.1356961925356594e-77,4.4747817153584506e-77,4.835686856977188e-77,5.219444721704198e-77,5.627120363717714e-77,6.0598112657587564e-77,6.518647817407273e-77,7.004793794126253e-77,7.519446834233914e-77,8.063838917288034e-77,8.639236841100003e-77,9.246942698090176e-77,9.888294353015131e-77,1.0564665917503274e-76,1.127746822786026e-76,1.2028149319757616e-76,1.281819490286853e-76,1.3649128836306743e-76,1.452251360425347e-76,1.5439950787826547e-76,1.6403081541783662e-76,1.741358706554624e-76,1.8473189077528917e-76,1.9583650288851586e-76,2.074677487471081e-76,2.19644089475727e-76,2.32384410272268e-76,2.4570802514863397e-76,2.5963468163270512e-76,2.7418456546721908e-76,2.8937830532901195e-76,3.052369775266689e-76,3.217821107013757e-76,3.390356905146751e-76,3.5702016437223786e-76,3.7575844605560376e-76,3.9527392046289024e-76,4.1559044826611933e-76,4.3673237059522475e-76,4.5872451371360864e-76,4.8159219369226465e-76,5.053612210781063e-76,5.300579055620775e-76,5.557090606409067e-76,5.823420082847891e-76,6.099845835611811e-76,6.386651393405347e-76,6.684125509078885e-76,6.99256220631923e-76,7.312260825690985e-76,7.643526071580949e-76,7.986668058242351e-76,8.34200235617728e-76,8.70985003846816e-76,9.090537727042438e-76,9.484397638900306e-76,9.891767632348446e-76,1.0312991253174813e-75,1.0748417780735492e-75,1.1198402274241209e-75,1.1663305618487256e-75,1.2143494570198043e-75,1.2639341803832809e-75,1.3151225957918042e-75,1.3679531680798203e-75,1.4224649676261912e-75,1.478697674962015e-75,1.536691585394833e-75,1.5964876135391524e-75,1.6581272979305384e-75,1.721652805571443e-75,1.787106936485391e-75,1.8545331283581888e-75,1.9239754610355001e-75,1.9954786611567292e-75,2.0690881066231767e-75,2.1448498312248387e-75,2.222810529157877e-75,2.3030175595890834e-75,2.385518951212575e-75,2.470363406767055e-75,2.557600307588781e-75,2.647279718161229e-75,2.739452390630947e-75,2.8341697693389896e-75,2.931483995363847e-75,3.0314479110341618e-75,3.134115064452574e-75,3.2395397139709505e-75,3.347776832829548e-75,3.458882113590047e-75,3.5729119725542794e-75,3.6899235543953157e-75,3.809974736675127e-75,3.93312413413839e-75,4.0594311035655964e-75,4.188955747849434e-75,4.3217589208453316e-75,4.457902231656481e-75,4.597448049170819e-75,4.740459506537466e-75,4.887000505641612e-75,5.037135721586019e-75,5.190930607207069e-75,5.348451397324519e-75,5.509765113606066e-75,5.674939568557766e-75,5.844043370394137e-75,6.0171459272692965e-75,6.194317451776018e-75,6.375628965452054e-75,6.56115230299751e-75,6.75096011706471e-75,6.945125882468026e-75,7.14372390068186e-75,7.346829304254825e-75,7.554518061257591e-75,7.76686697971445e-75,7.983953712022923e-75,8.205856759351487e-75,8.432655476085027e-75,8.664430074228705e-75,8.901261627825212e-75,9.143232077430556e-75,9.390424234226146e-75,9.642921784938412e-75,9.900809295723758e-75,1.0164172216764624e-74,1.0433096886842561e-74,1.0707670537506578e-74,1.0987981297504374e-74,1.1274118197270996e-74,1.1566171172958195e-74,1.1864231071421329e-74,1.2168389653982598e-74,1.2478739601153899e-74,1.2795374516920748e-74,1.3118388933021354e-74,1.3447878313555515e-74,1.3783939059100062e-74,1.4126668511244187e-74,1.4476164956537632e-74,1.4832527631460008e-74,1.5195856726447532e-74,1.5566253390150867e-74,1.5943819733657917e-74,1.6328658835332272e-74,1.6720874744656447e-74,1.7120572486989087e-74,1.7527858067790121e-74,1.7942838476154246e-74,1.836562169058274e-74,1.8796316682065812e-74,1.9235033419008693e-74,1.968188287147316e-74,2.0136977015074336e-74,2.0600428835972874e-74,2.10723523347154e-74,2.155286253053986e-74,2.2042075466154238e-74,2.2540108211264864e-74,2.3047078867428042e-74,2.3563106572033407e-74,2.4088311502972326e-74,2.462281488270723e-74,2.516673898215488e-74,2.5720207125852287e-74,2.6283343695292696e-74,2.6856274133644347e-74,2.7439124950425615e-74,2.8032023724888302e-74,2.8635099110904656e-74,2.924848084102069e-74,2.9872299730928316e-74,3.050668768304242e-74,3.1151777691744042e-74,3.1807703847139963e-74,3.247460133895548e-74,3.3152606461102636e-74,3.3841856616111256e-74,3.4542490319710498e-74,3.525464720348758e-74,3.597846802072019e-74,3.671409465052116e-74,3.7461670100749526e-74,3.822133851325807e-74,3.8993245168454025e-74,3.977753648823448e-74,4.057436004151636e-74,4.13838645477332e-74,4.220619988133837e-74,4.304151707527919e-74,4.388996832618092e-74,4.475170699870696e-74,4.562688762802024e-74,4.651566592593057e-74,4.741819878426097e-74,4.833464427868628e-74,4.926516167325684e-74,5.0209911425319445e-74,5.116905518829143e-74,5.2142755816505735e-74,5.3131177369874556e-74,5.4134485117597385e-74,5.5152845541928654e-74,5.618642634259182e-74,5.723539644182712e-74,5.8299925986912395e-74,5.938018635628623e-74,6.047635016151241e-74,6.158859125253203e-74,6.271708472270149e-74,6.386200691152406e-74,6.502353540985373e-74,6.6201849062007896e-74,6.7397127972831156e-74,6.8609553510398225e-74,6.983930830902781e-74,7.108657627448675e-74,7.235154258975232e-74,7.36343937153721e-74,7.493531739719846e-74,7.625450266899438e-74,7.75921398555993e-74,7.894842057790168e-74,8.03235377581277e-74,8.171768562233712e-74,8.313105970490239e-74,8.456385685280059e-74,8.601627523021757e-74,8.748851432032836e-74,8.898077493341233e-74,9.049325920690822e-74,9.202617061178632e-74,9.357971395601227e-74,9.5154095388721e-74,9.674952240362184e-74,9.836620384549327e-74,1.0000434991001698e-73,1.0166417215274339e-73,1.033458834887458e-73,1.050496981986461e-73,1.0677583193457635e-73,1.0852450172033685e-73,1.102959259580206e-73,1.1209032443144533e-73,1.1390791831020306e-73,1.1574893015298518e-73,1.1761358391435213e-73,1.1950210494475668e-73,1.2141471999713178e-73,1.233516572297776e-73,1.2531314621225544e-73,1.272994179282001e-73,1.2931070477703366e-73,1.3134724058309695e-73,1.3340926059401119e-73,1.3549700148943124e-73,1.3761070138324112e-73,1.3975059982579995e-73,1.4191693780963292e-73,1.44109957774874e-73,1.4632990361164994e-73,1.4857702066189716e-73,1.508515557287345e-73,1.5315375707500652e-73,1.5548387443037233e-73,1.578421589937159e-73,1.6022886344037995e-73,1.6264424192122392e-73,1.65088550069881e-73,1.6756204500604226e-73,1.7006498533919013e-73,1.7259763117190833e-73,1.7516024410633576e-73,1.7775308724643625e-73,1.8037642520011037e-73,1.8303052408503932e-73,1.8571565153624215e-73,1.8843207670096817e-73,1.9118007025067595e-73,1.93959904384159e-73,1.9677185282698287e-73,1.9961619083901158e-73,2.0249319521841788e-73,2.054031443019852e-73,2.0834631797426414e-73,2.1132299766725267e-73,2.143334663689271e-73,2.173780086212434e-73,2.2045691052710972e-73,2.235704597572846e-73,2.2671894554839813e-73,2.299026587103763e-73,2.331218916299706e-73,2.3637693827452585e-73,2.3966809419560707e-73,2.429956565332028e-73,2.4635992401952203e-73,2.497611969826622e-73,2.531997773506555e-73,2.566759686555769e-73,2.6019007603727695e-73,2.6374240624713195e-73,2.673332676521753e-73,2.709629702387609e-73,2.7463182561675356e-73,2.7834014702412123e-73,2.8208824932753633e-73,2.8587644902862794e-73,2.897050642701673e-73,2.935744148363061e-73,2.974848221577232e-73,3.0143660931437046e-73,3.05430101043844e-73,3.094656237382851e-73,3.1354350545308863e-73,3.1766407590916026e-73,3.218276664969885e-73,3.260346102807208e-73,3.3028524200319856e-73,3.3457989808546883e-73,3.3891891663367365e-73,3.43302637446647e-73,3.4773140201080216e-73,3.5220555351261496e-73,3.567254368363317e-73,3.6129139857558603e-73,3.65903787025324e-73,3.7056295219383794e-73,3.752692458084265e-73,3.8002302131198566e-73,3.8482463387076345e-73,3.8967444038156603e-73,3.9457279946812573e-73,3.9952007148878115e-73,4.0451661854439956e-73,4.095628044736864e-73,4.146589948626842e-73,4.198055570460277e-73,4.25002860114401e-73,4.30251274914567e-73,4.3555117405440955e-73,4.409029319078065e-73,4.4630692461486653e-73,4.517635300878924e-73,4.572731280181095e-73,4.628360998768139e-73,4.684528289147194e-73,4.741237001741614e-73,4.798491004891319e-73,4.8562941848385137e-73,4.9146504458583665e-73,4.973563710252739e-73,5.0330379183382873e-73,5.093077028579602e-73,5.153685017577724e-73,5.214865880061087e-73,5.276623629017522e-73,5.338962295685504e-73,5.4018859295609724e-73,5.465398598458797e-73,5.529504388607554e-73,5.594207404568928e-73,5.659511769386812e-73,5.725421624563549e-73,5.791941130135768e-73,5.859074464628465e-73,5.926825825220206e-73,5.995199427661505e-73,6.064199506364362e-73,6.133830314466101e-73,6.204096123840108e-73,6.275001225077007e-73,6.346549927645258e-73,6.418746559823806e-73,6.491595468732874e-73,6.56510102046495e-73,6.639267600030168e-73,6.714099611488465e-73,6.789601477868865e-73,6.865777641286433e-73,6.942632562957475e-73,7.02017072323558e-73,7.098396621654084e-73,7.177314776950618e-73,7.256929727116367e-73,7.337246029408466e-73,7.418268260460953e-73,7.500001016211315e-73,7.582448911993523e-73,7.665616582610673e-73,7.749508682331874e-73,7.834129884892597e-73,7.91948488358767e-73,8.005578391288707e-73,8.092415140485591e-73,8.179999883315023e-73,8.268337391625496e-73,8.357432456920259e-73,8.447289890522698e-73,8.53791452353718e-73,8.629311206877415e-73,8.721484811388374e-73,8.81444022777575e-73,8.908182366618098e-73,9.002716158603726e-73,9.098046554346115e-73,9.194178524530089e-73,9.291117059926494e-73,9.388867171446859e-73,9.487433890089699e-73,9.586822267140974e-73,9.687037374049978e-73,9.788084302523265e-73,9.889968164620134e-73,9.992694092734796e-73,1.0096267239560631e-72,1.0200692778271837e-72,1.0305975902494404e-72,1.0412121826229307e-72,1.0519135784141189e-72,1.0627023031376095e-72,1.0735788843609715e-72,1.0845438517250247e-72,1.0955977369258465e-72,1.1067410737362294e-72,1.1179743980025918e-72,1.1292982476376436e-72,1.140713162649492e-72,1.1522196851218822e-72,1.1638183592209407e-72,1.1755097312112556e-72,1.1872943494521863e-72,1.1991727643892453e-72,1.2111455285889897e-72,1.2232131967066256e-72,1.235376325508379e-72,1.2476354738780007e-72,1.259991202815253e-72,1.2724440754295508e-72,1.2849946569648595e-72,1.2976435147835763e-72,1.310391218376503e-72,1.3232383393732617e-72,1.3361854515406044e-72,1.349233130777312e-72,1.3623819551372738e-72,1.3756325048129358e-72,1.3889853621468824e-72,1.402441111642102e-72,1.4160003399599563e-72,1.429663635912808e-72,1.443431590490769e-72,1.4573047968404046e-72,1.4712838502883895e-72,1.4853693483369048e-72,1.4995618906580922e-72,1.513862079115114e-72,1.5282705177562783e-72,1.5427878128110048e-72,1.5574145727092826e-72,1.5721514080810005e-72,1.586998931737273e-72,1.6019577587107118e-72,1.6170285062375352e-72,1.6322117937547662e-72,1.6475082429250802e-72,1.6629184776183416e-72,1.6784431239254982e-72,1.6940828101703592e-72,1.709838166895017e-72,1.725709826874925e-72,1.7416984251200705e-72,1.7578045988784245e-72,1.7740289876386172e-72,1.790372233133839e-72,1.8068349793450158e-72,1.823417872498343e-72,1.8401215610945577e-72,1.8569466958733196e-72,1.873893929842189e-72,1.890963918273822e-72,1.9081573187094668e-72,1.9254747909621853e-72,1.9429169971214993e-72,1.96048460154781e-72,1.9781782709041192e-72,1.9959986741269966e-72,2.0139464824200855e-72,2.0320223693207374e-72,2.0502270106425293e-72,2.068561084483308e-72,2.0870252712655772e-72,2.1056202537178055e-72,2.124346716855624e-72,2.1432053480297042e-72,2.1621968369008378e-72,2.1813218754480674e-72,2.2005811579735774e-72,2.219975381114562e-72,2.2395052438152551e-72,2.259171447374345e-72,2.2789746954283695e-72,2.298915693931783e-72,2.318995151204146e-72,2.3392137779035413e-72,2.3595722870382e-72,2.380071393971851e-72,2.400711816422845e-72,2.4214942744696816e-72,2.442419490556586e-72,2.463488189493309e-72,2.4847010984595367e-72,2.5060589470173746e-72,2.527562467080382e-72,2.549212392968001e-72,2.571009461383151e-72,2.592954411390898e-72,2.6150479844715214e-72,2.637290924490441e-72,2.6596839777094073e-72,2.6822278927926285e-72,2.7049234208061626e-72,2.7277713152232404e-72,2.750772331928003e-72,2.773927229226857e-72,2.797236767816382e-72,2.8207017108487565e-72,2.8443228238651145e-72,2.868100874859967e-72,2.8920366342574194e-72,2.916130874889744e-72,2.940384372051239e-72,2.964797903477203e-72,2.9893722493287845e-72,3.0141081922120666e-72,3.0390065172030655e-72,3.0640680118224616e-72,3.089293466046425e-72,3.1146836723196636e-72,3.140239425525112e-72,3.165961523046137e-72,3.191850764710805e-72,3.2179079528181593e-72,3.244133892162815e-72,3.270529390010405e-72,3.2970952561086863e-72,3.323832302692617e-72,3.350741344496404e-72,3.3778231987161644e-72,3.4050786850740667e-72,3.4325086257921313e-72,3.460113845565372e-72,3.4878951716238237e-72,3.5158534337073363e-72,3.5439894640370673e-72,3.5723040973794345e-72,3.6007981710213114e-72,3.6294725247399563e-72,3.6583280008694145e-72,3.6873654442723186e-72,3.7165857023119483e-72,3.7459896249262793e-72,3.7755780645535986e-72,3.8053518762017956e-72,3.8353119174239054e-72,3.865459048302088e-72,3.895794131468774e-72,3.926318032130592e-72,3.957031618042018e-72,3.9879357595188267e-72,4.01903132945139e-72,4.0503192032648396e-72,4.081800258997836e-72,4.113475377233149e-72,4.1453454411270014e-72,4.1774113364477e-72,4.2096739515170157e-72,4.2421341772428356e-72,4.2747929071444964e-72,4.3076510373340406e-72,4.3407094664973526e-72,4.373969095930645e-72,4.4074308295325854e-72,4.441095573796463e-72,4.4749642378586096e-72,4.509037733435084e-72,4.54331697486696e-72,4.57780287911288e-72,4.612496365754914e-72,4.647398356987313e-72,4.682509777667347e-72,4.71783155524965e-72,4.753364619821534e-72,4.789109904143201e-72,4.825068343582426e-72,4.86124087614799e-72,4.897628442532991e-72,4.934231986045921e-72,4.971052452657396e-72,5.008090790996833e-72,5.045347952353006e-72,5.082824890677018e-72,5.120522562585576e-72,5.158441927352947e-72,5.196583946950226e-72,5.234949586024321e-72,5.273539811873594e-72,5.312355594481653e-72,5.351397906551503e-72,5.390667723424979e-72,5.43016602317337e-72,5.469893786561446e-72,5.509851997024503e-72,5.550041640699647e-72,5.590463706466934e-72,5.631119185859792e-72,5.672009073174437e-72,5.713134365380263e-72,5.754496062177089e-72,5.796095165980274e-72,5.837932681944267e-72,5.880009617895981e-72,5.922326984469261e-72,5.964885794988772e-72,6.007687065474612e-72,6.050731814765038e-72,6.094021064384962e-72,6.13755583861662e-72,6.181337164490958e-72,6.225366071801426e-72,6.269643593052372e-72,6.314170763545893e-72,6.358948621331536e-72,6.403978207221603e-72,6.449260564792443e-72,6.494796740389106e-72,6.540587783129179e-72,6.586634744903439e-72,6.632938680367329e-72,6.679500646999924e-72,6.726321705035426e-72,6.773402917467474e-72,6.820745350121239e-72,6.868350071602763e-72,6.916218153312033e-72,6.96435066944953e-72,7.01274869701714e-72,7.061413315807922e-72,7.110345608467982e-72,7.159546660424132e-72,7.209017559891283e-72,7.258759397943082e-72,7.308773268474564e-72,7.359060268145241e-72,7.409621496531571e-72,7.460458055993624e-72,7.511571051691563e-72,7.562961591671014e-72,7.614630786800398e-72,7.666579750788914e-72,7.718809600205946e-72,7.771321454439032e-72,7.824116435725508e-72,7.87719566918706e-72,7.930560282802986e-72,7.984211407367403e-72,8.038150176582564e-72,8.092377726999092e-72,8.146895198058191e-72,8.201703732019861e-72,8.256804474066353e-72,8.312198572245811e-72,8.367887177486746e-72,8.423871443598555e-72,8.480152527279838e-72,8.536731588120922e-72,8.593609788601272e-72,8.650788294099036e-72,8.708268272891695e-72,8.766050896155355e-72,8.824137337971576e-72,8.882528775348691e-72,8.941226388154736e-72,9.000231359237442e-72,9.059544874314555e-72,9.11916812201852e-72,9.179102293959326e-72,9.239348584621283e-72,9.299908191415393e-72,9.360782314734672e-72,9.42197215785785e-72,9.483478927016348e-72,9.545303831382025e-72,9.607448083057274e-72,9.669912897139907e-72,9.732699491622088e-72,9.795809087468958e-72,9.859242908582864e-72,9.923002181878554e-72,9.987088137177408e-72,1.0051502007261892e-71,1.0116245027940554e-71,1.0181318437916892e-71,1.0246723478922124e-71,1.0312461395660793e-71,1.037853343576329e-71,1.0444940849900196e-71,1.0511684891723042e-71,1.057876681781671e-71,1.0646187887830734e-71,1.0713949364347952e-71,1.0782052512951586e-71,1.0850498602262657e-71,1.0919288903904312e-71,1.0988424692443155e-71,1.1057907245533789e-71,1.1127737843783164e-71,1.1197917770828924e-71,1.1268448313330301e-71,1.1339330760944757e-71,1.1410566406391581e-71,1.1482156545415502e-71,1.1554102476746938e-71,1.1626405502147409e-71,1.1699066926475186e-71,1.177208805756733e-71,1.1845470206296288e-71,1.191921468663884e-71,1.1993322815557772e-71,1.2067795913083879e-71,1.2142635302298605e-71,1.2217842309341383e-71,1.2293418263381043e-71,1.2369364496691527e-71,1.2445682344634886e-71,1.2522373145531362e-71,1.2599438240848442e-71,1.267687897508756e-71,1.275469669588941e-71,1.2832892753904052e-71,1.2911468502884152e-71,1.2990425299669e-71,1.3069764504180342e-71,1.3149487479407583e-71,1.3229595591472626e-71,1.3310090209593384e-71,1.3390972706040667e-71,1.3472244456211515e-71,1.3553906838600944e-71,1.363596123480922e-71,1.371840902952662e-71,1.3801251610618717e-71,1.388449036897541e-71,1.3968126698696403e-71,1.4052161996933541e-71,1.413659766395795e-71,1.4221435103234135e-71,1.4306675721291903e-71,1.4392320927787957e-71,1.4478372135583107e-71,1.4564830760602042e-71,1.4651698221914758e-71,1.4738975941800233e-71,1.4826665345617408e-71,1.4914767861890007e-71,1.500328492229595e-71,1.509221796169074e-71,1.5181568418017167e-71,1.5271337732442642e-71,1.5361527349274785e-71,1.5452138715988235e-71,1.5543173283225152e-71,1.5634632504796515e-71,1.5726517837687114e-71,1.5818830742061319e-71,1.5911572681233895e-71,1.6004745121772976e-71,1.6098349533363113e-71,1.6192387388896816e-71,1.6286860164457607e-71,1.6381769339322385e-71,1.6477116395963668e-71,1.6572902820053642e-71,1.6669130100457728e-71,1.6765799729229718e-71,1.6862913201700402e-71,1.6960472016363444e-71,1.7058477674870715e-71,1.7156931682162986e-71,1.7255835546404309e-71,1.7355190778876326e-71,1.745499889423359e-71,1.7555261410283517e-71,1.765597984800769e-71,1.7757155731698184e-71,1.7858790588881653e-71,1.796088595024344e-71,1.806344334978815e-71,1.8166464324765444e-71,1.826995041558401e-71,1.8373903165981788e-71,1.8478324122924334e-71,1.8583214836625282e-71,1.8688576860561176e-71,1.879441175149378e-71,1.8900721069386484e-71,1.9007506377471315e-71,1.911476924232665e-71,1.9222511233720082e-71,1.933073392472313e-71,1.9439438891651935e-71,1.954862771415698e-71,1.9658301975136188e-71,1.9768463260777447e-71,1.9879113160551616e-71,1.9990253267218947e-71,2.0101885176836395e-71,2.021401048874735e-71,2.0326630805619648e-71,2.0439747733346584e-71,2.0553362881225374e-71,2.0667477861783176e-71,2.078209429085129e-71,2.0897213787629092e-71,2.1012837974625223e-71,2.1128968477608026e-71,2.1245606925663928e-71,2.136275495129437e-71,2.1480414190231166e-71,2.1598586281536433e-71,2.1717272867686194e-71,2.1836475594402535e-71,2.195619611074467e-71,2.2076436069190705e-71,2.2197197125444774e-71,2.23184809386731e-71,2.2440289171267986e-71,2.256262348908733e-71,2.2685485561255354e-71,2.2808877060273083e-71,2.2932799661969603e-71,2.305725504562827e-71,2.318224489379534e-71,2.3307770892384254e-71,2.3433834730769486e-71,2.3560438101608635e-71,2.368758270091821e-71,2.3815270228153306e-71,2.394350238612173e-71,2.4072280881036644e-71,2.4201607422438904e-71,2.4331483723282053e-71,2.4461911499935888e-71,2.459289247203854e-71,2.4724428362780402e-71,2.4856520898715277e-71,2.4989171809730485e-71,2.512238282914644e-71,2.5256155693684276e-71,2.539049214344572e-71,2.552539392200317e-71,2.566086277634357e-71,2.5796900456803186e-71,2.59335087171622e-71,2.6070689314654652e-71,2.620844400984221e-71,2.6346774566810986e-71,2.648568275303773e-71,2.662517033942964e-71,2.6765239100362547e-71,2.6905890813578333e-71,2.704712726025747e-71,2.718895022508922e-71,2.7331361496167167e-71,2.7474362865067397e-71,2.761795612674752e-71,2.7762143079585907e-71,2.790692552554468e-71,2.805230526997978e-71,2.819828412173392e-71,2.834486389307863e-71,2.8492046399683444e-71,2.863983346074545e-71,2.878822689901186e-71,2.893722854058769e-71,2.9086840215098784e-71,2.9237063755633855e-71,2.9387900998770568e-71,2.9539353784557067e-71,2.9691423956535972e-71,2.9844113361738736e-71,2.999742385068688e-71,3.0151357277391935e-71,3.0305915499391017e-71,3.046110037757537e-71,3.0616913776522358e-71,3.077335756427386e-71,3.0930433612301106e-71,3.108814379566476e-71,3.1246489992854007e-71,3.140547408583469e-71,3.156509796027495e-71,3.172536350525069e-71,3.188627261328348e-71,3.2047827180566605e-71,3.2210029106700726e-71,3.237288029482616e-71,3.2536382651680154e-71,3.2700538087507297e-71,3.2865348516074087e-71,3.303081585468404e-71,3.3196942024231135e-71,3.336372894903321e-71,3.3531178557067687e-71,3.369929277982464e-71,3.3868073552380842e-71,3.4037522813289484e-71,3.420764250462742e-71,3.4378434572215944e-71,3.454990096529309e-71,3.4722043636723007e-71,3.489486454286643e-71,3.5068365643691967e-71,3.5242548902700694e-71,3.5417416287043053e-71,3.5592969767407925e-71,3.5769211318062792e-71,3.5946142916895025e-71,3.612376654529916e-71,3.630208418825183e-71,3.648109783440449e-71,3.6660809475956e-71,3.6841221108698045e-71,3.702233473202211e-71,3.720415234895088e-71,3.738667596599524e-71,3.756990759338872e-71,3.775384924493056e-71,3.793850293806841e-71,3.812387069378548e-71,3.8309954536749705e-71,4.017166594762513e-49,4.774720990493905e-49,5.9727319781840605e-49,7.877376364149038e-49,1.0858475813359358e-48,1.542856863013422e-48,2.22919910200867e-48,3.2410341735465545e-48,4.708987088806148e-48,6.809826071201935e-48,9.782090132511788e-48,1.3947037385430827e-47,1.9736781526086267e-47,2.7732168829957444e-47,3.8713897414657264e-47,5.373170243534993e-47,7.419828004393242e-47,1.0201722230583538e-46,1.397579079034793e-46,1.908955103591195e-46,2.6014173764839814e-46,3.5390262480913135e-46,4.8091518156096426e-46,6.53137221850995e-46,8.869976990813886e-46,1.2051635509539866e-45,1.6390514101106527e-45,2.232420912098986e-45,3.046549997369712e-45,4.167741896775647e-45,5.718296650758099e-45,7.872674546851852e-45,1.0881510645704953e-44,1.5107615389878744e-44,2.108045995531463e-44,2.957947546807394e-44,4.1762779812008647e-44,5.936839629325505e-44,8.503264400073204e-44,1.2280052903979911e-43,1.7895537533523941e-43,2.6338759712804776e-43,3.91889320219991e-43,5.900676677724028e-43,9.00143000457289e-43,1.3929968922022649e-42,2.189989762632974e-42,3.503407093913801e-42,5.713377496260515e-42,9.518285067154022e-42,1.6238027214790814e-41,2.844636100352207e-41,5.133945828353907e-41,9.582291784902313e-41,1.8580466700023916e-40,3.763442600127834e-40,8.015622656878097e-40,1.809918071345606e-39,4.377025463852208e-39,1.148480146679111e-38,3.3249516808839233e-38,6.185956356794649e-38,6.18595635679938e-38,6.185956356821615e-38,2.2511807124482167e-37,9.709471074605848e-37,5.265711705573795e-36,3.9923929226706726e-35,5.334673500792303e-34,2.0598214157895462e-32,3.7726488543143416e-30,3.1740732945026e-27,7.044712082045291e-24,1.3569670404412852e-22,1.3569670404436844e-22,1.3569670404469262e-22,1.3569670404505333e-22,1.35696704045446e-22,1.3569670404587733e-22,1.35696704046356e-22,1.3569670404689392e-22,1.356967040475082e-22,1.3569670404822406e-22,1.3569670405062405e-22,1.3569670405302398e-22,1.3569670405731863e-22,7.717564841184208e-19,2.4098843828178624e-16,2.5639556294899253e-14,1.2758631088512261e-12,3.451296021561633e-11,5.380130813981515e-10,5.0616863893323945e-09,3.041412675896881e-08,1.23569560416914e-07,3.592642811655867e-07,7.953036371944691e-07,1.4242790242034095e-06,2.1734789564451958e-06,2.944757642518945e-06,3.653957781482188e-06,4.2487607043807824e-06,4.7079619956973385e-06,5.032019933271809e-06,5.774821452649228e-06,7.128739448692119e-06,8.931567824785292e-06,1.1071468781959724e-05,1.3461940722129015e-05,1.6033409314174775e-05,1.8729429886002795e-05,2.1504281466061e-05,2.4321115019883998e-05,2.7150429156145702e-05,2.9968794752377964e-05,3.275778616880222e-05,3.5503087538649854e-05,3.8193747683425296e-05,4.082156078984046e-05,4.338055304611806e-05,4.586655817732497e-05,4.827686728335928e-05,5.060994057580754e-05,5.2865170536831716e-05,5.5042687696734064e-05,5.714320166513727e-05,5.9167871275990975e-05,6.11181987429936e-05,6.299594359334647e-05,6.480305287680341e-05,6.654160475476424e-05,6.821376307910374e-05,6.982174098914506e-05,7.136777190153277e-05,7.285408655404987e-05,7.428289500066675e-05,7.565637264996005e-05,7.697664959969203e-05,7.824580265274003e-05,7.946584950863496e-05,8.06387447148445e-05,8.176637703600523e-05,8.285056796032838e-05,8.389307111271042e-05,8.48955723855303e-05,8.585969063228318e-05,8.678697879742044e-05,8.767892537893693e-05,8.853695613947218e-05,8.936243599740378e-05,9.0156671042505e-05,9.092091063141055e-05,9.165634952695937e-05,9.236413005279305e-05,9.304534424050404e-05,9.370103595157261e-05,9.433220296032463e-05,9.493979898743999e-05,9.552473567620785e-05,9.608788450597206e-05,9.663007863886479e-05,9.715211469748227e-05,9.765475447221235e-05,9.813872655788875e-05,9.860472792017531e-05,9.905342539257433e-05,9.948545710554488e-05,9.990143384937479e-05,0.00010030194037280252,0.00010068753661956583,0.00010105875890509296,0.00010141612103571928,0.00010176011537274986,0.00010209121384379895,0.00010240986890372146,0.00010271651444747821,0.00010301156667719956,0.00010329542492565688,0.00010356847243827835,0.00010383107711577622,0.0001040835922193772,0.00010432635704054016,0.00010455969753702154,0.00010478392693698651,0.00010499934631286624,0.00010520624512652849,0.00010540490174724378,0.00010559558394394332,0.00010577854935303763,0.00010595404592316465,0.00010612231233802877,0.00010628357841852458,0.00010643806550522615,0.00010658598682227007,0.00010672754782363396,0.00010686294652271674,0.00010699237380609768,0.00010711601373232593,0.0001072340438165041,0.00010734663530139767,0.00010745395341580616,0.00010755615762081161,0.00010765340184456307,0.00010774583470618273,0.00010783359972932394,0.00010791683554595785,0.00010799567609083817,0.00010807025078714662,0.00010814068472375432,0.00010820709882451928,0.00010826961001001741,0.00010832833135209592,0.00010838337222158901,0.00010843483842953707,0.00010848283236224558,0.00010852745311045088,0.00010856879659292431,0.00010860695567474116,0.0001086420202805018,0.00010867407750272186,0.00010870321170566452,0.00010872950462476366,0.00010875303546193025,0.00010877388097685268,0.00010879211557454589,0.00010880781138927827,0.00010882103836506544,0.00010883186433289581,0.00010884035508481261,0.00010884657444502246,0.00010885058433814622,0.00010885244485475599,0.00010885221431430847,0.00010884994932559435,0.00010884570484482518,0.00010883953423144691,0.00010883148930178423,0.00010882162038062314,0.00010880997635079299,0.00010879660470088715,0.0001087815515711285,0.00010876486179753238,0.00010874657895439189,0.00010872674539518236,0.00010870540229192769,0.00010868258967313203,0.00010865834646028094,0.00010863271050303606,0.00010860571861312804,0.00010857740659701147,0.00010854780928736637,0.00010851696057343769,0.00010848489343030807,0.00010845163994711766,0.00010841723135430228,0.00010838169804983945,0.00010834506962460599,0.00010830737488683798,0.00010826864188572987,0.00010822889793423155,0.0001081881696310605,0.00010814648288194842,0.00010810386292018236,0.0001080603343264221,0.00010801592104787453,0.00010797064641681145,0.00010792453316846395,0.00010787760345832976,0.00010782987887889292,0.00010778138047582174,0.00010773212876358763,0.0001076821437406155,0.00010763144490392503,0.0001075800512632825,0.00010752798135492708,0.00010747525325482686,0.00010742188459152701,0.00010736789255858438,0.00010731329392661053,0.00010725810505492412,0.00010720234190285279,0.00010714602004066563,0.00010708915466018095,0.00010703176058502386,0.00010697385228059188,0.00010691544386368827,0.00010685654911188526,0.0001067971814725785,0.00010673735407178047,0.0001066770797226409,0.00010661637093371897,0.00010655523991699611,0.00010649369859565361,0.00010643175861161794,0.00010636943133289747,0.00010630672786066299,0.00010624365903616785,0.00010618023544743025,0.00010611646743573487,0.00010605236510194704,0.00010598793831263302,0.00010592319670601666,0.00010585814969775452,0.0001057928064865541,0.00010572717605962096,0.00010566126719796409,0.00010559508848154067,0.00010552864829425641,0.00010546195482883808,0.00010539501609154383,0.00010532783990677665,0.0001052604339215405,0.00010519280560977754,0.00010512496227660557,0.00010505691106241014,0.0001049886589468547,0.00010492021275275444,0.00010485157914986128,0.00010478276465853384,0.00010471377565332918,0.0001046446183664707,0.00010457529889124359,0.00010450582318529227,0.00010443619707382124,0.000104366426252738,0.00010429651629167942,0.00010422647263697613,0.00010415630061453805,0.00010408600543266278,0.00010401559218477732,0.00010394506585208699,0.00010387443130618063,0.00010380369331156037,0.00010373285652809467,0.00010366192551342295,0.00010359090472530073,0.00010351979852386236,0.00010344861117385213,0.00010337734684678958,0.00010330600962307248,0.00010323460349403347,0.00010316313236395239,0.0001030916000520011,0.0001030200102941515,0.00010294836674504548,0.00010287667297978688,0.00010280493249572147,0.00010273314871416386,0.0001026613249820682,0.00010258946457367615,0.0001025175706921158,0.00010244564647095676,0.00010237369497574654,0.00010230171920548077,0.00010222972209406743,0.00010215770651173863,0.00010208567526642308,0.00010201363110510893,0.00010194157671514888,0.00010186951472555371,0.00010179744770824427,0.00010172537817927154,0.00010165330860001334,0.00010158124137835497,0.00010150917886981369,0.00010143712337865809,0.00010136507715899702,0.0001012930424158467,0.00010122102130615896,0.0001011490159398392,0.00010107702838074018,0.00010100506064762855,0.00010093311471512269,0.00010086119251463082,0.00010078929593523641,0.00010071742682459599,0.00010064558698979422,0.00010057377819818307,0.00010050200217821565,0.00010043026062023736,0.00010035855517728394,0.00010028688746585334,0.00010021525906663932,0.00010014367152529286,0.00010007212635311379,0.00010000062502777623,9.99291689940028e-05,9.985775966424576e-05,9.97863984193357e-05,9.971508660913042e-05,9.964382555313914e-05,9.957261654114408e-05,9.950146083379766e-05,9.943035966320986e-05,9.935931423352945e-05,9.92883257215032e-05,9.921739527702476e-05,9.914652402368278e-05,9.907571305927796e-05,9.900496345634498e-05,9.893427626265941e-05,9.886365250173119e-05,9.879309317328075e-05,9.872259925372594e-05,9.865217169663752e-05,9.858181143319456e-05,9.85115193726266e-05,9.844129640265049e-05,9.83711433898997e-05,9.830106118033304e-05,9.823105059965061e-05,9.816111245369033e-05,9.809124752881372e-05,9.80214565922975e-05,9.795174039270819e-05,9.788209966025829e-05,9.781253510718154e-05,9.774304742807292e-05,9.767363730024102e-05,9.760430538404052e-05,9.753505232321307e-05,9.746587874519513e-05,9.739678526145432e-05,9.732777246778333e-05,9.72588409446184e-05,9.718999125732977e-05,9.712122395651747e-05,9.705253957829497e-05,9.698393864457922e-05,9.691542166335139e-05,9.684698912893654e-05,9.677864152227126e-05,9.671037931114655e-05,9.664220295048262e-05,9.657411288256056e-05,9.650610953727115e-05,9.643819333236367e-05,9.637036467366574e-05,9.630262395531931e-05,9.623497156000394e-05,9.616740785916325e-05,9.609993321321126e-05,9.603254797175508e-05,9.596525247379395e-05,9.58980470479256e-05,9.58309320125524e-05,9.576390767606332e-05,9.56969743370405e-05,9.563013228443885e-05,9.556338179777474e-05,9.549672314730238e-05,9.543015659419807e-05,9.53636823907289e-05,9.52973007804272e-05,9.523101199825284e-05,9.516481627076355e-05,9.509871381627162e-05,9.50327048450012e-05,9.496678955925595e-05,9.490096815354844e-05,9.483524081476432e-05,9.4769607722311e-05,9.470406904825253e-05,9.463862495745293e-05,9.457327560771742e-05,9.450802114992271e-05,9.444286172815429e-05,9.437779747983749e-05,9.43128285358562e-05,9.424795502069491e-05,9.418317705254567e-05,9.411849474343679e-05,9.405390819935082e-05,9.398941752034311e-05,9.392502280064575e-05,9.386072412879526e-05,9.379652158773076e-05,9.373241525490435e-05,9.36684052023913e-05,9.360449149699011e-05,9.35406742003194e-05,9.347695336893384e-05,9.341332905440423e-05,9.334980130342546e-05,9.328637015791136e-05,9.322303565507522e-05,9.31597978275385e-05,9.309665670340782e-05,9.303361230636588e-05,9.297066465576348e-05,9.290781376669197e-05,9.28450596500791e-05,9.278240231276677e-05,9.27198417575849e-05,9.265737798343754e-05,9.259501098537552e-05,9.253274075467593e-05,9.247056727891545e-05,9.240849054204341e-05,9.234651052445076e-05,9.228462720304178e-05,9.222284055130784e-05,9.216115053938825e-05,9.209955713414375e-05,9.203806029921576e-05,9.197665999509556e-05,9.191535617918486e-05,9.185414880585725e-05,9.179303782652518e-05,9.173202318968755e-05,9.167110484100007e-05,9.161028272333029e-05,9.15495567768089e-05,9.148892693889408e-05,9.142839314441193e-05,9.136795532563015e-05,9.130761341229188e-05,9.124736733168433e-05,9.118721700866835e-05,9.112716236575139e-05,9.106720332312349e-05,9.10073397987048e-05,9.094757170819832e-05,9.088789896513225e-05,9.082832148091243e-05,9.07688391648561e-05,9.070945192424578e-05,9.06501596643672e-05,9.059096228855216e-05,9.053185969822639e-05,9.047285179293829e-05,9.041393847041159e-05,9.035511962658064e-05,9.029639515562317e-05,9.023776495000912e-05,9.017922890053274e-05,9.012078689634337e-05,9.006243882499417e-05,9.000418457246503e-05,8.994602402321232e-05,8.98879570601866e-05,8.982998356487951e-05,8.977210341734593e-05,8.971431649624728e-05,8.965662267887715e-05,8.959902184119246e-05,8.954151385784926e-05,8.948409860222483e-05,8.942677594645532e-05,8.936954576145986e-05,8.931240791697457e-05,8.925536228157205e-05,8.919840872270033e-05,8.914154710670161e-05,8.908477729884102e-05,8.902809916333499e-05,8.897151256337415e-05,8.8915017361153e-05,8.88586134178887e-05,8.880230059385346e-05,8.87460787483879e-05,8.868994773993969e-05,8.863390742606612e-05,8.85779576634823e-05,8.852209830805784e-05,8.846632921486014e-05,8.841065023816339e-05,8.83550612314723e-05,8.82995620475484e-05,8.82441525384203e-05,8.818883255541406e-05,8.813360194917005e-05,8.807846056965615e-05,8.802340826619686e-05,8.796844488748548e-05,8.791357028160408e-05,8.785878429604107e-05,8.780408677771039e-05,8.77494775729693e-05,8.769495652763404e-05,8.76405234869939e-05,8.758617829583744e-05,8.75319207984596e-05,8.747775083867889e-05,8.742366825985597e-05,8.736967290491e-05,8.731576461633223e-05,8.726194323619358e-05,8.720820860617808e-05,8.715456056757326e-05,8.710099896130479e-05,8.704752362793624e-05,8.699413440769576e-05,8.69408311404755e-05,8.688761366585317e-05,8.683448182310395e-05,8.678143545121386e-05,8.67284743888899e-05,8.667559847456962e-05,8.662280754644432e-05,8.657010144245626e-05,8.651748000032028e-05,8.646494305753257e-05,8.641249045138424e-05,8.636012201896146e-05,8.63078375971696e-05,8.625563702273996e-05,8.620352013224024e-05,8.615148676207692e-05,8.60995367485147e-05,8.604766992768589e-05,8.599588613559615e-05,8.594418520813378e-05,8.58925669810823e-05,8.5841031290126e-05,8.578957797086716e-05,8.573820685881851e-05,8.5686917789432e-05,8.563571059809133e-05,8.558458512012852e-05,8.553354119083007e-05,8.548257864544256e-05,8.543169731918581e-05,8.538089704725822e-05,8.533017766484029e-05,8.527953900711143e-05,8.522898090924161e-05,8.517850320641943e-05,8.512810573384059e-05,8.507778832672928e-05,8.502755082033228e-05,8.497739304993415e-05,8.492731485086151e-05,8.487731605848709e-05,8.482739650824093e-05,8.477755603561052e-05,8.472779447615301e-05,8.467811166549753e-05,8.462850743935095e-05,8.457898163350582e-05,8.452953408384355e-05,8.448016462633901e-05,8.443087309707225e-05,8.438165933222581e-05,8.433252316809678e-05,8.428346444109549e-05,8.423448298775651e-05,8.418557864473741e-05,8.413675124883233e-05,8.408800063696361e-05,8.40393266462014e-05,8.399072911375754e-05,8.394220787699289e-05,8.389376277342295e-05,8.384539364072068e-05,8.379710031672591e-05,8.374888263943535e-05,8.370074044702462e-05,8.365267357784237e-05,8.360468187041013e-05,8.35567651634375e-05,8.350892329581585e-05,8.346115610662747e-05,8.341346343514776e-05,8.336584512084878e-05,8.331830100339765e-05,8.327083092267236e-05,8.32234347187493e-05,8.317611223192023e-05,8.31288633026858e-05,8.308168777176539e-05,8.303458548009559e-05,8.298755626883401e-05,8.294059997935938e-05,8.289371645328417e-05,8.284690553244735e-05,8.280016705892355e-05,8.27535008750135e-05,8.270690682326751e-05,8.266038474646968e-05,8.26139344876491e-05,8.256755589007598e-05,8.252124879727234e-05,8.247501305300953e-05,8.242884850130816e-05,8.238275498644642e-05,8.233673235295734e-05,8.229078044562977e-05,8.224489910951787e-05,8.219908818993478e-05,8.215334753245576e-05,8.210767698292814e-05,8.206207638746297e-05,8.201654559244306e-05,8.197108444452196e-05,8.192569279062527e-05,8.188037047795605e-05,8.183511735399086e-05,8.178993326648604e-05,8.174481806347956e-05,8.16997715932849e-05,8.165479370450297e-05,8.160988424602086e-05,8.156504306700134e-05,8.152027001690366e-05,8.14755649454694e-05,8.143092770272979e-05,8.138635813901208e-05,8.134185610492772e-05,8.129742145138517e-05,8.125305402958467e-05,8.120875369102441e-05,8.116452028749677e-05,8.112035367108674e-05,8.107625369418729e-05,8.103222020948245e-05,8.098825306995875e-05,8.094435212890414e-05,8.090051723990595e-05,8.085674825685817e-05,8.081304503395375e-05,8.07694074256924e-05,8.072583528687764e-05,8.068232847261923e-05,8.063888683833378e-05,8.05955102397428e-05,8.055219853287646e-05,8.050895157407444e-05,8.046576921998329e-05,8.042265132756131e-05,8.037959775407086e-05,8.033660835709541e-05,8.029368299451674e-05,8.025082152453973e-05,8.020802380567113e-05,8.016528969673767e-05,8.012261905687675e-05,8.008001174553448e-05,8.003746762247405e-05,7.999498654777282e-05,7.995256838182378e-05,7.991021298532846e-05,7.986792021930928e-05,7.982568994509936e-05,7.978352202434913e-05,7.974141631902385e-05,7.969937269140515e-05,7.965739100408883e-05,7.961547111998882e-05,7.957361290233273e-05,7.95318162146657e-05,7.94900809208495e-05,7.94484068850616e-05,7.940679397179631e-05,7.936524204586664e-05,7.932375097239824e-05,7.928232061683509e-05,7.924095084493888e-05,7.919964152278957e-05,7.915839251677865e-05,7.911720369361908e-05,7.907607492033765e-05,7.903500606428017e-05,7.899399699310753e-05,7.895304757479483e-05,7.891215767763681e-05,7.887132717024707e-05,7.883055592154848e-05,7.878984380078414e-05,7.874919067751146e-05,7.870859642160548e-05,7.866806090325419e-05,7.862758399296277e-05,7.858716556155172e-05,7.854680548015658e-05,7.850650362022472e-05,7.846625985352364e-05,7.842607405212952e-05,7.838594608843466e-05,7.834587583514651e-05,7.830586316528442e-05,7.826590795218414e-05,7.822601006948753e-05,7.818616939115575e-05,7.814638579146199e-05,7.810665914498492e-05,7.806698932662526e-05,7.802737621158736e-05,7.798781967538754e-05,7.794831959385684e-05,7.7908875843133e-05,7.786948829966421e-05,7.783015684021083e-05,7.779088134183962e-05,7.775166168192969e-05,7.771249773816387e-05,7.767338938853696e-05,7.763433651134933e-05,7.759533898521192e-05,7.755639668903751e-05,7.751750950205059e-05,7.747867730377759e-05,7.743989997405123e-05,7.740117739301389e-05,7.736250944110601e-05,7.73238959990763e-05,7.728533694797706e-05,7.72468321691617e-05,7.720838154428953e-05,7.716998495531938e-05,7.713164228451312e-05,7.709335341443445e-05,7.70551182279471e-05,7.701693660821677e-05,7.697880843870713e-05,7.694073360318019e-05,7.690271198570106e-05,7.686474347063002e-05,7.68268279426273e-05,7.6788965286647e-05,7.675115538794068e-05,7.671339813206099e-05,7.66756934048489e-05,7.663804109244572e-05,7.66004410812859e-05,7.65628932580986e-05,7.652539750990461e-05,7.648795372401928e-05,7.645056178804767e-05,7.641322158988959e-05,7.637593301773714e-05,7.633869596006706e-05,7.630151030565467e-05,7.626437594355585e-05,7.622729276312093e-05,7.619026065398791e-05,7.615327950607916e-05,7.611634920961064e-05,7.607946965507795e-05,7.604264073326679e-05,7.600586233524567e-05,7.596913435236952e-05,7.5932456676279e-05,7.589582919889575e-05,7.585925181242052e-05,7.582272440934553e-05,7.57862468824361e-05,7.574981912474564e-05,7.571344102960067e-05,7.567711249061504e-05,7.564083340167474e-05,7.560460365695104e-05,7.556842315088811e-05,7.553229177820881e-05,7.549620943391235e-05,7.546017601327576e-05,7.542419141185218e-05,7.538825552546287e-05,7.535236825021291e-05,7.531652948247316e-05,7.528073911889304e-05,7.52449970563879e-05,7.520930319215037e-05,7.517365742364201e-05,7.513805964859447e-05,7.510250976500794e-05,7.50670076711557e-05,7.503155326557362e-05,7.499614644706857e-05,7.496078711471637e-05,7.492547516785627e-05,7.489021050609317e-05,7.485499302929898e-05,7.481982263760904e-05,7.478469923142358e-05,7.474962271140425e-05,7.471459297847744e-05,7.46796099338302e-05,7.46446734789084e-05,7.460978351542449e-05,7.457493994534457e-05,7.454014267089834e-05,7.450539159457193e-05,7.447068661911102e-05,7.443602764751686e-05,7.440141458304871e-05,7.43668473292208e-05,7.433232578980324e-05,7.429784986882238e-05,7.426341947055489e-05,7.42290344995352e-05,7.41946948605464e-05,7.416040045862883e-05,7.412615119906679e-05,7.409194698740296e-05,7.405778772942516e-05,7.402367333117247e-05,7.398960369893523e-05,7.395557873924497e-05,7.392159835888871e-05,7.388766246489414e-05,7.385377096454088e-05,7.381992376534742e-05,7.378612077508514e-05,7.375236190176232e-05,7.371864705363307e-05,7.368497613919571e-05,7.365134906719258e-05,7.361776574660296e-05,7.358422608664991e-05,7.355072999679706e-05,7.351727738674576e-05,7.348386816644053e-05,7.345050224605892e-05,7.34171795360202e-05,7.338389994697789e-05,7.335066338982703e-05,7.331746977569009e-05,7.328431901593445e-05,7.3251211022153e-05,7.32181457061777e-05,7.318512298007458e-05,7.31521427561378e-05,7.311920494689954e-05,7.308630946511504e-05,7.305345622377891e-05,7.302064513611166e-05,7.298787611555949e-05,7.295514907580467e-05,7.292246393075536e-05,7.288982059454238e-05,7.285721898152941e-05,7.282465900630274e-05,7.279214058367696e-05,7.27596636286908e-05,7.272722805660485e-05,7.269483378290756e-05,7.26624807233061e-05,7.26301687937319e-05,7.259789791034079e-05,7.256566798950646e-05,7.253347894782378e-05,7.250133070210789e-05,7.246922316939449e-05,7.243715626693509e-05,7.240512991220378e-05,7.237314402288833e-05,7.234119851689246e-05,7.230929331234148e-05,7.227742832756905e-05,7.224560348113233e-05,7.221381869179497e-05,7.218207387853791e-05,7.21503689605568e-05,7.211870385725768e-05,7.208707848825598e-05,7.205549277338628e-05,7.202394663268582e-05,7.199243998640633e-05,7.196097275500653e-05,7.192954485915726e-05,7.189815621973629e-05,7.186680675782632e-05,7.183549639472039e-05,7.180422505191976e-05,7.17729926511256e-05,7.174179911424966e-05,7.171064436340812e-05,7.167952832091627e-05,7.16484509092986e-05,7.161741205128211e-05,7.158641166979156e-05,7.155544968795731e-05,7.152452602911203e-05,7.149364061678428e-05,7.146279337470869e-05,7.143198422681354e-05,7.140121309722861e-05,7.13704799102839e-05,7.133978459050182e-05,7.13091270626089e-05,7.127850725152157e-05,7.124792508235637e-05,7.121738048042538e-05,7.118687337123244e-05,7.115640368047953e-05,7.112597133405675e-05,7.109557625805302e-05,7.106521837874946e-05,7.103489762261362e-05,7.100461391631085e-05,7.09743671866944e-05,7.094415736080786e-05,7.091398436588326e-05,7.088384812934591e-05,7.085374857880609e-05,7.082368564206393e-05,7.079365924710754e-05,7.076366932210897e-05,7.07337157954277e-05,7.07037989473168e-05,7.06739182550595e-05,7.0644073705807e-05,7.06142652514323e-05,7.058449283124214e-05,7.055475637862006e-05,7.052505582595968e-05,7.049539110352027e-05,7.046576214102409e-05,7.043616887020619e-05,7.040661121990576e-05,7.037708912163171e-05,7.034760250695364e-05,7.0318151305134e-05,7.028873544935341e-05,7.025935486929544e-05,7.023000949615618e-05,7.020069926308176e-05,7.017142410101282e-05,7.014218394141807e-05,7.011297871760675e-05,7.008380836213712e-05,7.00546728059982e-05,7.002557198346701e-05,6.999650582624653e-05,6.996747426715605e-05,6.99384772399415e-05,6.990951467794352e-05,6.988058651475506e-05,6.985169268446367e-05,6.982283312019304e-05,6.979400775768293e-05,6.97652165289837e-05,6.973645936892095e-05,6.970773621391164e-05,6.96790469959275e-05,6.965039165155309e-05,6.962177011511216e-05,6.959318232180657e-05,6.95646282094853e-05,6.953610771067144e-05,6.950762076143463e-05,6.947916729818365e-05,6.94507472571787e-05,6.942236057489129e-05,6.939400718703891e-05,6.936568703045288e-05,6.933740004188825e-05,6.930914615804922e-05,6.928092531606227e-05,6.925273745309096e-05,6.922458250649337e-05,6.919646041394939e-05,6.916837111273406e-05,6.914031454046986e-05,6.911229063599843e-05,6.908429933695493e-05,6.905634058162754e-05,6.902841430878761e-05,6.900052045686625e-05,6.897265896536414e-05,6.894482977094813e-05,6.891703281392138e-05,6.88892680335436e-05,6.88615353688954e-05,6.883383476018143e-05,6.88061661470223e-05,6.877852946866375e-05,6.87509246655655e-05,6.872335167752185e-05,6.869581044490767e-05,6.866830090814371e-05,6.864082300775378e-05,6.861337668490129e-05,6.858596187997856e-05,6.85585785341451e-05,6.853122658851852e-05,6.850390598480476e-05,6.847661666390344e-05,6.844935856691337e-05,6.842213163711563e-05,6.83949358156403e-05,6.836777104457487e-05,6.834063726629296e-05,6.831353442343509e-05,6.828646245787594e-05,6.825942131078515e-05,6.82324109262987e-05,6.82054312494715e-05,6.81784822216372e-05,6.815156378622642e-05,6.812467588583668e-05,6.809781846468235e-05,6.807099146574641e-05,6.804419483359084e-05,6.801742851168421e-05,6.799069244402053e-05,6.79639865741658e-05,6.793731084735125e-05,6.791066520794285e-05,6.78840496003363e-05,6.785746396932155e-05,6.783090826004529e-05,6.780438241700014e-05,6.777788638560257e-05,6.775142011107616e-05,6.772498353892178e-05,6.769857661474331e-05,6.767219928415163e-05,6.764585149294082e-05,6.761953318716342e-05,6.759324431286302e-05,6.756698481612433e-05,6.754075464357057e-05,6.751455374162316e-05,6.748838205686493e-05,6.746223953601057e-05,6.743612612601761e-05,6.741004177389559e-05,6.738398642691164e-05,6.735796003209455e-05,6.733196253681758e-05,6.730599388883891e-05,6.728005403526656e-05,6.725414292487513e-05,6.722826050506161e-05,6.720240672397135e-05,6.717658152961435e-05,6.715078487049374e-05,6.712501669484683e-05,6.709927695129685e-05,6.707356558862754e-05,6.704788255568913e-05,6.70222278011414e-05,6.69966012740708e-05,6.69710029238248e-05,6.694543269972793e-05,6.691989055115969e-05,6.689437642767449e-05,6.6868890278864e-05,6.684343205464721e-05,6.681800170483817e-05,6.679259917959684e-05,6.676722442904924e-05,6.674187740373452e-05,6.671655805354705e-05,6.669126632921201e-05,6.666600218131896e-05,6.664076556079985e-05,6.661555641874353e-05,6.659037470590148e-05,6.656522037308997e-05,6.654009337188485e-05,6.651499365361972e-05,6.648992168085456e-05,6.646487638004315e-05,6.64398582182429e-05,6.641486714688325e-05,6.638990311690258e-05,6.636496608055711e-05,6.634005599022395e-05,6.631517279779549e-05,6.629031645571488e-05,6.626548691659072e-05,6.62406841330848e-05,6.621590805779504e-05,6.619115864365807e-05,6.616643584368798e-05,6.614173961098552e-05,6.611706989879845e-05,6.609242666040841e-05,6.606780984922666e-05,6.604321941870264e-05,6.601865532253162e-05,6.599411751442841e-05,6.596960594824696e-05,6.594512057788015e-05,6.592066135769043e-05,6.589622824269972e-05,6.587182118534179e-05,6.584744014097728e-05,6.582308506406507e-05,6.579875590933348e-05,6.577445263143915e-05,6.575017518521453e-05,6.572592352688672e-05,6.570169760914764e-05,6.567749738832686e-05,6.565332281964136e-05,6.562917385854914e-05,6.560505046048213e-05,6.558095258099953e-05,6.555688017502899e-05,6.5532833200112e-05,6.550881161128484e-05,6.548481536473179e-05,6.54608444161923e-05,6.543689872196855e-05,6.541297823849381e-05,6.538908292182705e-05,6.536521272917631e-05,6.534136761715415e-05,6.53175475418883e-05,6.52937524605189e-05,6.526998232892071e-05,6.524623710654277e-05,6.522251674889607e-05,6.519882121355311e-05,6.517515045770981e-05,6.515150443859448e-05,6.51278831144541e-05,6.510428644188485e-05,6.508071437985878e-05,6.505716688573678e-05,6.503364391721501e-05,6.501014543261683e-05,6.498667138900643e-05,6.496322174668736e-05,6.493979646261134e-05,6.491639549532818e-05,6.48930188037588e-05,6.486966634636599e-05,6.48463380813986e-05,6.482303396811029e-05,6.479975396601908e-05,6.477649803226647e-05,6.475326612757219e-05,6.473005821063983e-05,6.470687424045359e-05,6.468371417706021e-05,6.466057797961397e-05,6.463746560775459e-05,6.46143770210815e-05,6.45913121793717e-05,6.456827104251852e-05,6.454525357040359e-05,6.452225972320847e-05,6.449928945932376e-05,6.447634274212133e-05,6.445341953038514e-05,6.443051978457471e-05,6.44076434651056e-05,6.438479053266026e-05,6.436196094754318e-05,6.43391546710869e-05,6.431637166353386e-05,6.42936118867543e-05,6.427087530114361e-05,6.424816186797569e-05,6.422547154844096e-05,6.42028043038252e-05,6.418016009593224e-05,6.415753888552258e-05,6.413494063460433e-05,6.41123653047611e-05,6.408981285767336e-05,6.406728325523644e-05,6.4044776459706e-05,6.402229243252965e-05,6.399983113595175e-05,6.397739253231271e-05,6.395497658377711e-05,6.393258325272923e-05,6.39102125017557e-05,6.388786429316284e-05,6.386553858978021e-05,6.38432353549181e-05,6.382095454996894e-05,6.379869613946798e-05,6.377646008439755e-05,6.375424634884542e-05,6.373205489606605e-05,6.370988568884552e-05,6.368773869065888e-05,6.366561386498885e-05,6.364351117523303e-05,6.362143058485917e-05,6.359937205712987e-05,6.35773355567068e-05,6.35553210467185e-05,6.353332849102915e-05,6.351135785328633e-05,6.348940909859806e-05,6.346748218979036e-05,6.344557709233444e-05,6.342369376983033e-05,6.340183218678264e-05,6.337999230746014e-05,6.335817409645702e-05,6.33363775186676e-05,6.331460253802393e-05,6.329284911967058e-05,6.327111722943398e-05,6.324940683025947e-05,6.322771788811612e-05,6.320605036806569e-05,6.318440423530125e-05,6.316277945496996e-05,6.314117599214639e-05,6.311959381245517e-05,6.309803288149364e-05,6.307649316466245e-05,6.305497462958034e-05,6.303347723806264e-05,6.301200095797423e-05,6.299054575482731e-05,6.296911159457085e-05,6.294769844320361e-05,6.292630626690412e-05,6.290493503123665e-05,6.288358470336851e-05,6.286225524919622e-05,6.284094663434101e-05,6.281965882660964e-05,6.279839179191756e-05,6.277714549689232e-05,6.275591990800337e-05,6.273471499211192e-05,6.271353071575625e-05,6.269236704635901e-05,6.267122395050938e-05,6.265010139560989e-05,6.262899934833111e-05,6.260791777592533e-05,6.25868566461168e-05,6.256581592501727e-05,6.254479558138921e-05,6.252379558203357e-05,6.250281589460174e-05,6.248185648676838e-05,6.246091732605825e-05,6.243999838032137e-05,6.241909961739186e-05,6.239822100485918e-05,6.237736251113786e-05,6.235652410412267e-05,6.233570575185224e-05,6.231490742230609e-05,6.22941290842102e-05,6.227337070553695e-05,6.225263225476239e-05,6.223191369950613e-05,6.221121500986671e-05,6.219053615365295e-05,6.216987709956444e-05,6.214923781625793e-05,6.21286182725151e-05,6.21080184365081e-05,6.208743827861173e-05,6.206687776708311e-05,6.204633687102667e-05,6.202581555951204e-05,6.200531380177661e-05,6.198483156694845e-05,6.196436882448272e-05,6.194392554396004e-05,6.19235016939662e-05,6.190309724533053e-05,6.188271216700193e-05,6.186234642861542e-05,6.184200000017713e-05,6.18216728511885e-05,6.18013649511991e-05,6.17810762707405e-05,6.176080677957051e-05,6.174055644785023e-05,6.172032524558293e-05,6.170011314297707e-05,6.167992011085803e-05,6.165974611841881e-05,6.163959113644304e-05,6.16194551354576e-05,6.159933808590914e-05,6.15792399579982e-05,6.155916072293615e-05,6.153910035154636e-05,6.151905881433499e-05,6.149903608217809e-05,6.147903212559892e-05,6.145904691582493e-05,6.143908042381295e-05,6.141913262063817e-05,6.139920347738006e-05,6.137929296536503e-05,6.135940105562643e-05,6.133952771979773e-05,6.131967292851344e-05,6.129983665332451e-05,6.128001886646232e-05,6.126021953954252e-05,6.124043864294677e-05,6.122067614919595e-05,6.120093203073365e-05,6.118120625869115e-05,6.116149880420641e-05,6.114180963994499e-05,6.112213873861294e-05,6.110248607056311e-05,6.108285160924919e-05,6.106323532580704e-05,6.104363719352962e-05,6.102405718412611e-05,6.100449526987619e-05,6.098495142319454e-05,6.096542561665237e-05,6.0945917822713305e-05,6.092642801362427e-05,6.090695616150947e-05,6.088750224047903e-05,6.086806622251868e-05,6.084864808036355e-05,6.0829247787034025e-05,6.0809865315341624e-05,6.07905006374394e-05,6.077115372786006e-05,6.075182455896968e-05,6.073251310400859e-05,6.071321933538417e-05,6.069394322725307e-05,6.067468475275276e-05,6.0655443885535114e-05,6.063622059787652e-05,6.06170148646865e-05,6.059782665851676e-05,6.057865595352559e-05,6.05595027227971e-05,6.054036694047682e-05,6.0521248580366684e-05,6.0502147615807e-05,6.048306402087868e-05,6.046399776960263e-05,6.044494883578459e-05,6.042591719324409e-05,6.040690281643547e-05,6.038790567928798e-05,6.036892575597919e-05,6.034996302073895e-05,6.0331017447846684e-05,6.031208901164396e-05,6.0293177686511175e-05,6.027428344672296e-05,6.025540626711756e-05,6.0236546122072055e-05,6.021770298602197e-05,6.019887683395155e-05,6.0180067640404044e-05,6.0161275380125545e-05,6.0142500027930514e-05,6.012374155867482e-05,6.010499994727708e-05,6.008627516870051e-05,6.006756719796538e-05,6.0048876010135794e-05,6.003020158033315e-05,6.001154388372497e-05,5.999290289552907e-05,5.997427859101838e-05,5.995567094551491e-05,5.993707993439084e-05,5.9918505533074086e-05,5.9899947717031856e-05,5.988140646159892e-05,5.986288174253797e-05,5.984437353547962e-05,5.982588181609251e-05,5.980740656029597e-05,5.978894774343129e-05,5.977050534160052e-05,5.975207933063188e-05,5.973366968645229e-05,5.9715276385013725e-05,5.969689940234808e-05,5.967853871380491e-05,5.966019429630311e-05,5.964186612654864e-05,5.962355418009641e-05,5.960525843299963e-05,5.9586978862034345e-05,5.956871544338014e-05,5.955046815317772e-05,5.953223696811184e-05,5.951402186472769e-05,5.9495822819861886e-05,5.947763980931214e-05,5.9459472810331646e-05,5.944132179877854e-05,5.9423186752707764e-05,5.940506764828756e-05,5.9386964461699933e-05,5.93688771710792e-05,5.935080575285419e-05,5.933275018385049e-05,5.931471044087094e-05,5.929668650117927e-05,5.927867834191518e-05,5.926068594010501e-05,5.9242709272459626e-05,5.9224748317528874e-05,5.92068030518594e-05,5.9188873452793156e-05,5.9170959497280224e-05,5.9153061163971485e-05,5.913517842934263e-05,5.9117311271210044e-05,5.909945966715586e-05,5.908162359475389e-05,5.906380303125973e-05,5.904599795496192e-05,5.902820834301736e-05,5.9010434173832526e-05,5.8992675424726166e-05,5.897493207417436e-05,5.895720409981001e-05,5.893949147947538e-05,5.8921794191193536e-05,5.890411221249845e-05,5.888644552222532e-05,5.886879409872326e-05,5.885115791991625e-05,5.883353696388789e-05,5.881593120892541e-05,5.879834063275724e-05,5.878076521487623e-05,5.87632049330005e-05,5.8745659765793506e-05,5.872812969165669e-05,5.8710614689054525e-05,5.869311473657922e-05,5.867562981282894e-05,5.865815989648437e-05,5.8640704966573033e-05,5.86232650012153e-05,5.860583997943638e-05,5.85884298803189e-05,5.8571034682824265e-05,5.855365436484242e-05,5.853628890617765e-05,5.8518938285413895e-05,5.850160248199261e-05,5.8484281474738304e-05,5.846697524266944e-05,5.844968376396392e-05,5.843240702018945e-05,5.841514498898625e-05,5.839789765009364e-05,5.838066498279816e-05,5.836344696615586e-05,5.8346243579604295e-05,5.832905480345867e-05,5.8311880615926084e-05,5.829472099890362e-05,5.8277575928526615e-05,5.8260445385522586e-05,5.824332935003484e-05,5.822622780161043e-05,5.820914071986036e-05,5.819206808473595e-05,5.817500987603495e-05,5.81579660734846e-05,5.8140936657090785e-05,5.8123921607015664e-05,5.8106920902389456e-05,5.808993452371386e-05,5.8072962450873416e-05,5.8056004663848403e-05,5.803906114233569e-05,5.8022131867860565e-05,5.800521681974856e-05,5.798831597831019e-05,5.797142932380465e-05,5.7954556836470266e-05,5.793769849664116e-05,5.7920854284731796e-05,5.790402418167666e-05,5.788720816661982e-05,5.7870406220957506e-05,5.785361832496353e-05,5.78368444593121e-05,5.782008460454631e-05,5.780333874139381e-05,5.7786606850440625e-05,5.776988891244854e-05,5.7753184908143505e-05,5.7736494818812034e-05,5.771981862416078e-05,5.770315630563839e-05,5.768650784418129e-05,5.766987322060849e-05,5.765325241594479e-05,5.763664541140408e-05,5.76200521875556e-05,5.760347272577078e-05,5.758690700707702e-05,5.7570355012610495e-05,5.7553816723604094e-05,5.753729212134138e-05,5.7520781187286514e-05,5.75042839025185e-05,5.748780024801235e-05,5.7471330205428944e-05,5.7454873756089483e-05,5.7438430881634654e-05,5.742200156369183e-05,5.7405585783015014e-05,5.73891835216499e-05,5.7372794761215666e-05,5.735641948358801e-05,5.734005766948705e-05,5.7323709301790174e-05,5.7307374360776806e-05,5.729105282927047e-05,5.7274744688876605e-05,5.7258449921011146e-05,5.7242168507695256e-05,5.722590043095522e-05,5.720964567271425e-05,5.7193404214924606e-05,5.717717603950586e-05,5.7160961129406275e-05,5.7144759464784376e-05,5.712857102870465e-05,5.711239580338363e-05,5.7096233770962274e-05,5.708008491358585e-05,5.706394921345232e-05,5.704782665298536e-05,5.7031717214020145e-05,5.701562087925341e-05,5.699953763115835e-05,5.698346745149793e-05,5.6967410322956546e-05,5.695136622863933e-05,5.69353351488833e-05,5.6919317069561966e-05,5.690331197121136e-05,5.6887319836948104e-05,5.687134064895149e-05,5.685537439000774e-05,5.683942104321752e-05,5.682348059101047e-05,5.6807553015961604e-05,5.679163830119615e-05,5.677573642920396e-05,5.6759847382944395e-05,5.674397114518848e-05,5.672810769894491e-05,5.671225702677437e-05,5.6696419112089835e-05,5.668059393794298e-05,5.666478148713469e-05,5.664898174280892e-05,5.663319468822738e-05,5.6617420306222704e-05,5.6601658579539626e-05,5.658590949250113e-05,5.6570173027350804e-05,5.655444916811614e-05,5.653873789775584e-05,5.652303919960029e-05,5.6507353057316685e-05,5.649167945305195e-05,5.647601837153837e-05,5.646036979562296e-05,5.644473370885472e-05,5.6429110094774556e-05,5.641349893709777e-05,5.6397900218901995e-05,5.6382313924251614e-05,5.636674003638009e-05,5.6351178539129264e-05,5.6335629416193355e-05,5.632009265125301e-05,5.630456822799728e-05,5.628905613023812e-05,5.6273556341751274e-05,5.6258068846410786e-05,5.6242593628026314e-05,5.622713067055318e-05,5.621167995783654e-05,5.619624147392763e-05,5.618081520263688e-05,5.616540112805237e-05,5.6149999234065907e-05,5.6134609504245985e-05,5.611923192408999e-05,5.610386647634989e-05,5.608851314645608e-05,5.6073171916904916e-05,5.605784277403795e-05,5.6042525700142546e-05,5.602722068025256e-05,5.6011927698668166e-05,5.5996646740371534e-05,5.598137778925505e-05,5.596612082933679e-05,5.595087584488827e-05,5.593564282070323e-05,5.592042174113069e-05,5.5905212591463796e-05,5.5890015355186064e-05,5.587483001716899e-05,5.585965656197804e-05,5.584449497417742e-05,5.5829345238396326e-05,5.581420733912174e-05,5.579908126181128e-05,5.578396698972775e-05,5.5768864509204944e-05,5.575377380408045e-05,5.573869485896189e-05,5.572362765949721e-05,5.570857218977005e-05,5.569352843584176e-05,5.567849638091518e-05,5.566347601119235e-05,5.564846731121043e-05,5.56334702657857e-05,5.5618484860121394e-05,5.5603511079448134e-05,5.558854890859981e-05,5.5573598332897617e-05,5.555865933713732e-05,5.554373190660387e-05,5.5528816026486564e-05,5.551391168197223e-05,5.549901885825551e-05,5.548413754079015e-05,5.546926771450331e-05,5.545440936487119e-05,5.543956247723636e-05,5.5424727037000315e-05,5.540990302944491e-05,5.539509044005151e-05,5.538028925419252e-05,5.5365499457860496e-05,5.5350721035355774e-05,5.533595397307632e-05,5.532119825639557e-05,5.530645387086442e-05,5.5291720802072824e-05,5.527699903509916e-05,5.526228855665294e-05,5.524758935182066e-05,5.5232901406334675e-05,5.521822470579428e-05,5.520355923584431e-05,5.51889049828082e-05,5.517426193214726e-05,5.5159630069642895e-05,5.514500938117161e-05,5.513039985257836e-05,5.511580146978644e-05,5.5101214218650055e-05,5.50866380850397e-05,5.507207305520383e-05,5.505751911492358e-05,5.504297624948675e-05,5.502844444648344e-05,5.501392369121061e-05,5.4999413969742674e-05,5.498491526820472e-05,5.497042757284629e-05,5.4955950869587175e-05,5.494148514475539e-05,5.4927030384571416e-05,5.4912586575200486e-05,5.489815370315042e-05,5.4883731754233294e-05,5.486932071533559e-05,5.485492057227413e-05,5.484053131161774e-05,5.482615291974506e-05,5.481178538338132e-05,5.479742868781539e-05,5.478308282021057e-05,5.4768747767691186e-05,5.475442351619e-05,5.4740110052519826e-05,5.472580736261949e-05,5.471151543333002e-05,5.469723425075696e-05,5.4682963802813616e-05,5.4668704075284795e-05,5.465445505492445e-05,5.464021672801454e-05,5.4625989082066425e-05,5.461177210340846e-05,5.4597565778675726e-05,5.458337009507731e-05,5.4569185038901436e-05,5.4555010597169134e-05,5.454084675674031e-05,5.452669350444634e-05,5.4512550827213014e-05,5.449841871202771e-05,5.44842971456079e-05,5.447018611499287e-05,5.445608560753172e-05,5.4441995609647266e-05,5.442791610857302e-05,5.441384709148479e-05,5.439978854544667e-05,5.4385740457369913e-05,5.437170281447694e-05,5.435767560364596e-05,5.434365881224404e-05,5.4329652427807615e-05,5.431565643716871e-05,5.430167082771518e-05,5.428769558708852e-05,5.427373070153283e-05,5.425977615887154e-05,5.424583194775653e-05,5.423189805350364e-05,5.421797446322888e-05,5.4204061165492144e-05,5.4190158147693266e-05,5.4176265396855484e-05,5.416238290026931e-05,5.4148510645989066e-05,5.4134648621172025e-05,5.412079681318411e-05,5.410695520980501e-05,5.409312379782971e-05,5.4079302566138046e-05,5.4065491501771945e-05,5.4051690592125804e-05,5.403789982482199e-05,5.4024119187634795e-05,5.401034866837265e-05,5.399658825457715e-05,5.3982837934053625e-05,5.3969097693814936e-05,5.395536752238759e-05,5.3941647407582626e-05,5.392793733742616e-05,5.3914237299207505e-05,5.390054728122981e-05,5.388686727093216e-05,5.387319725613105e-05,5.385953722503979e-05,5.384588716550092e-05,5.3832247065297836e-05,5.381861691254657e-05,5.3804996695242725e-05,5.379138640116533e-05,5.377778601865433e-05,5.376419553548031e-05,5.3750614939858866e-05,5.37370442198846e-05,5.3723483363585e-05,5.370993235913105e-05,5.369639119466923e-05,5.3682859858352846e-05,5.366933833844006e-05,5.365582662301754e-05,5.3642324700375114e-05,5.3628832558849196e-05,5.361535018727701e-05,5.360187757231233e-05,5.358841470339257e-05,5.357496156870869e-05,5.356151815654703e-05,5.3548084455277213e-05,5.3534660453192325e-05,5.352124613874347e-05,5.350784150056189e-05,5.349444652637181e-05,5.3481061205574224e-05,5.346768552626891e-05,5.34543194769278e-05,5.344096304619767e-05,5.342761622241442e-05,5.341427899412536e-05,5.3400951349977004e-05,5.338763327923544e-05,5.337432477023598e-05,5.336102581022121e-05,5.33477363887409e-05,5.3334456494461184e-05,5.3321186116297267e-05,5.3307925242800456e-05,5.3294673862777924e-05,5.3281431964792346e-05,5.326819953771016e-05,5.32549765703557e-05,5.32417630514261e-05,5.322855897016234e-05,5.32153643147293e-05,5.320217907427568e-05,5.318900323710813e-05,5.3175836793246726e-05,5.316267973059935e-05,5.3149532038956134e-05,5.3136393706888435e-05,5.3123264723252657e-05,5.31101450771581e-05,5.3097034757549625e-05,5.3083933753431265e-05,5.3070842053193285e-05,5.305775964725621e-05,5.3044686523945435e-05,5.303162267249e-05,5.301856808170376e-05,5.3005522740442504e-05,5.299248663923497e-05,5.297945976545034e-05,5.2966442109100774e-05,5.295343365991905e-05,5.294043440685554e-05,5.292744433867231e-05,5.291446344502354e-05,5.290149171426858e-05,5.288852913707228e-05,5.287557570230198e-05,5.2862631398261186e-05,5.284969621569425e-05,5.2836770143240475e-05,5.282385317064978e-05,5.281094528737158e-05,5.2798046481905346e-05,5.278515674373392e-05,5.277227606345546e-05,5.27594044297957e-05,5.2746541832423234e-05,5.273368826072805e-05,5.272084370417222e-05,5.270800815230736e-05,5.269518159473395e-05,5.2682364019975e-05,5.266955541969383e-05,5.2656755781500845e-05,5.264396509526184e-05,5.263118335277714e-05,5.2618410542162e-05,5.2605646652094266e-05,5.259289167420372e-05,5.258014559723066e-05,5.256740841005279e-05,5.255468010395363e-05,5.254196066681807e-05,5.252925009078659e-05,5.251654836439784e-05,5.2503855477543536e-05,5.2491171419793754e-05,5.2478496180358446e-05,5.246582975075052e-05,5.2453172119802915e-05,5.244052327732417e-05,5.242788321356345e-05,5.241525191825587e-05,5.240262938139257e-05,5.2390015592596094e-05,5.2377410542246354e-05,5.236481422013977e-05,5.235222661626598e-05,5.23396477204662e-05,5.2327077522918385e-05,5.231451601350857e-05,5.230196318261232e-05,5.2289419020418495e-05,5.227688351653851e-05,5.226435666043268e-05,5.225183844403968e-05,5.2239328856248066e-05,5.222682788771092e-05,5.22143355282732e-05,5.2201851767896006e-05,5.218937659740707e-05,5.217691000593572e-05,5.216445198512921e-05,5.215200252519129e-05,5.21395616148896e-05,5.212712924539798e-05,5.2114705405856505e-05,5.210229008893111e-05,5.2089883283951096e-05,5.207748498060495e-05,5.206509516948468e-05,5.2052713840304524e-05,5.204034098524548e-05,5.20279765934919e-05,5.201562065575636e-05,5.20032731623238e-05,5.199093410384248e-05,5.197860347033827e-05,5.1966281252524624e-05,5.195396744100865e-05,5.194166202628895e-05,5.192936499844453e-05,5.191707634846039e-05,5.190479606645993e-05,5.189252414350894e-05,5.188026057000993e-05,5.186800533652177e-05,5.18557584336706e-05,5.1843519852040895e-05,5.1831289582328344e-05,5.18190676149808e-05,5.180685394089071e-05,5.179464855040201e-05,5.178245143473035e-05,5.177026258432244e-05,5.1758081989901855e-05,5.1745909642162125e-05,5.1733745531938275e-05,5.1721589649963705e-05,5.170944198704627e-05,5.1697302533907604e-05,5.168517128143596e-05,5.1673048220389126e-05,5.1660933341651616e-05,5.16488266360455e-05,5.1636728094498204e-05,5.1624637708286655e-05,5.161255546741003e-05,5.16004813632065e-05,5.158841538663061e-05,5.1576357529472406e-05,5.156430778100737e-05,5.15522661330522e-05,5.154023257781398e-05,5.152820710368389e-05,5.151618970333397e-05,5.1504180367202856e-05,5.1492179087187355e-05,5.1480185853055387e-05,5.146820065671961e-05,5.1456223489018e-05,5.144425434176493e-05,5.1432293204842965e-05,5.1420340069804354e-05,5.140839492820244e-05,5.139645777090922e-05,5.138452858881771e-05,5.13726073729273e-05,5.136069411533423e-05,5.1348788806920875e-05,5.1336891438948453e-05,5.132500200236249e-05,5.131312048826183e-05,5.130124688830643e-05,5.128938119304499e-05,5.127752339467501e-05,5.126567348444472e-05,5.125383145344405e-05,5.124199729274861e-05,5.123017099366531e-05,5.1218352547932176e-05,5.120654194672614e-05,5.119473918038082e-05,5.118294424237068e-05,5.1171157122056876e-05,5.115937781283128e-05,5.1147606305142983e-05,5.113584258991744e-05,5.112408665963221e-05,5.111233850525815e-05,5.1100598118301444e-05,5.108886548991002e-05,5.107714061241221e-05,5.106542347689114e-05,5.105371407455384e-05,5.1042012397285154e-05,5.103031843658082e-05,5.1018632183906e-05,5.1006953631036584e-05,5.0995282769900196e-05,5.0983619591155207e-05,5.097196408684991e-05,5.0960316248824484e-05,5.094867606860667e-05,5.0937043537899675e-05,5.092541864844819e-05,5.0913801391659615e-05,5.090219175982292e-05,5.089058974385275e-05,5.0878995335916684e-05,5.0867408527108e-05,5.08558293103193e-05,5.0844257676824766e-05,5.0832693618345245e-05,5.082113712666806e-05,5.08095881937629e-05,5.0798046811069734e-05,5.0786512970051634e-05,5.077498666375415e-05,5.076346788328274e-05,5.075195662066613e-05,5.074045286759392e-05,5.0728956616101105e-05,5.071746785810094e-05,5.070598658546781e-05,5.06945127901433e-05,5.0683046464223706e-05,5.067158759929304e-05,5.066013618745228e-05,5.064869221979153e-05,5.063725569020469e-05,5.062582658954487e-05,5.061440491003805e-05,5.0602990643069313e-05,5.059158378182344e-05,5.0580184317762333e-05,5.056879224323259e-05,5.0557407549696137e-05,5.0546030230346154e-05,5.0534660275890455e-05,5.052329767889247e-05,5.0511942431596255e-05,5.050059452605953e-05,5.048925395454159e-05,5.047792070913312e-05,5.046659478200548e-05,5.0455276165552324e-05,5.044396485169123e-05,5.0432660832483184e-05,5.0421364100352675e-05,5.041007464742403e-05,5.039879246612846e-05,5.03875175484789e-05,5.0376249887002035e-05,5.036498947370249e-05,5.035373630102423e-05,5.0342490361038565e-05,5.0331251646187696e-05,5.032002014880959e-05,5.0308795861189316e-05,5.029757877554391e-05,5.0286368884497275e-05,5.0275166180323485e-05,5.026397065397092e-05,5.0252782301218264e-05,5.024160111176311e-05,5.023042707863952e-05,5.021926019443487e-05,5.020810045128825e-05,5.019694784087948e-05,5.0185802357693505e-05,5.017466399258048e-05,5.0163532738672025e-05,5.0152408588322935e-05,5.014129153399223e-05,5.013018156827315e-05,5.01190786834949e-05,5.010798287215139e-05,5.0096894127057e-05,5.008581244053419e-05,5.0074737804711615e-05,5.0063670213235636e-05,5.005260965803034e-05,5.004155613178781e-05,5.003050962724009e-05,5.001947013680776e-05,5.00084376523257e-05,4.999741216801102e-05,4.9986393675738715e-05,4.9975382167660855e-05,4.996437763755098e-05,4.9953380077506436e-05,4.994238948035961e-05,4.993140583868165e-05,4.992042914517702e-05,4.990945939257407e-05,4.9898496573600194e-05,4.988754068100066e-05,4.987659170753112e-05,4.986564964596192e-05,4.98547144890587e-05,4.984378622928668e-05,4.983286485995452e-05,4.98219503738137e-05,4.981104276354978e-05,4.98001420219858e-05,4.978924814183313e-05,4.9778361115975315e-05,4.976748093759667e-05,4.9756607599335194e-05,4.9745741094070794e-05,4.973488141469985e-05,4.972402855388281e-05,4.971318250483341e-05,4.970234326057497e-05,4.969151081386761e-05,4.968068515766104e-05,4.966986628465574e-05,4.965905418824262e-05,4.964824886076945e-05,4.96374502959814e-05,4.962665848673355e-05,4.96158734255329e-05,4.9605095105643443e-05,4.9594323520239224e-05,4.9583558662261054e-05,4.957280052480419e-05,4.95620491009672e-05,4.955130438366945e-05,4.9540566365904543e-05,4.952983504105726e-05,4.95191104021774e-05,4.9508392442472156e-05,4.949768115486611e-05,4.948697653207675e-05,4.947627856780358e-05,4.946558725480318e-05,4.945490258639974e-05,4.944422455577422e-05,4.943355315581952e-05,4.9422888380277025e-05,4.941223022206965e-05,4.9401578674375376e-05,4.939093373044313e-05,4.938029538345017e-05,4.936966362695166e-05,4.935903845357145e-05,4.9348419857112214e-05,4.933780783034877e-05,4.932720236681048e-05,4.931660345975924e-05,4.9306011102500957e-05,4.929542528831729e-05,4.9284846010529465e-05,4.9274273262535304e-05,4.926370703746281e-05,4.925314732819006e-05,4.924259412925257e-05,4.92320474333727e-05,4.92215072339025e-05,4.921097352420815e-05,4.920044629779133e-05,4.9189925547431996e-05,4.917941126742095e-05,4.9168903451018235e-05,4.9158402090854806e-05,4.9147907181925015e-05,4.913741871630313e-05,4.912693668781211e-05,4.911646108917597e-05,4.910599191538713e-05,4.909552915912616e-05,4.9085072813183e-05,4.9074622872576384e-05,4.9064179330037605e-05,4.905374217909023e-05,4.9043311413225764e-05,4.9032887025996804e-05,4.902246901096462e-05,4.9012057361989336e-05,4.9001652072010896e-05,4.899125313484294e-05,4.898086054302869e-05,4.897047429226025e-05,4.896009437510649e-05,4.894972078518511e-05,4.89393535161507e-05,4.892899256237274e-05,4.8918637915797234e-05,4.8908289572193e-05,4.889794752393478e-05,4.888761176350776e-05,4.887728228678205e-05,4.8866959085572255e-05,4.885664215447662e-05,4.8846331486965196e-05,4.88360270769306e-05,4.882572891825208e-05,4.881543700482641e-05,4.880515132975639e-05,4.879487188781766e-05,4.878459867130372e-05,4.877433167471289e-05,4.8764070891756e-05,4.8753816315901904e-05,4.8743567941379856e-05,4.8733325761854946e-05,4.872308977141608e-05,4.8712859964626654e-05,4.870263633325731e-05,4.8692418872124486e-05,4.8682207575000556e-05,4.867200243593974e-05,4.86618034486332e-05,4.865161060754912e-05,4.8641423905461965e-05,4.863124333700089e-05,4.862106889574981e-05,4.8610900575647805e-05,4.860073837064386e-05,4.8590582274615176e-05,4.858043228156427e-05,4.857028838541746e-05,4.856015058017188e-05,4.855001885959327e-05,4.8539893217891785e-05,4.85297736488647e-05,4.851966014640442e-05,4.8509552704471464e-05,4.849945131730364e-05,4.848935597876316e-05,4.847926668299029e-05,4.8469183423603894e-05,4.84591061952565e-05,4.8449034991431915e-05,4.843896980632079e-05,4.8428910633680846e-05,4.841885746809653e-05,4.840881030316614e-05,4.83987691331962e-05,4.838873395251237e-05,4.837870475470978e-05,4.8368681534097693e-05,4.835866428486879e-05,4.8348653001034707e-05,4.833864767683954e-05,4.832864830590374e-05,4.8318654883127816e-05,4.830866740231534e-05,4.829868585759206e-05,4.828871024317465e-05,4.82787405531551e-05,4.826877678186044e-05,4.825881892328102e-05,4.824886697178922e-05,4.823892092143844e-05,4.8228980766503574e-05,4.821904650124442e-05,4.820911811978507e-05,4.819919561633923e-05,4.818927898527812e-05,4.8179368220786545e-05,4.8169463317204466e-05,4.815956426863413e-05,4.814967106963235e-05,4.81397837140693e-05,4.8129902196394096e-05,4.8120026510997736e-05,4.8110156652145105e-05,4.8100292613239835e-05,4.809043439036767e-05,4.808058197685951e-05,4.807073536691539e-05,4.8060894555618224e-05,4.805105953669711e-05,4.8041230304649784e-05,4.803140685381629e-05,4.802158917862115e-05,4.8011777273235485e-05,4.800197113239966e-05,4.799217075032156e-05,4.798237612161657e-05,4.7972587240060975e-05,4.796280410073804e-05,4.7953026697849335e-05,4.7943255026160154e-05,4.7933489079462615e-05,4.7923728852479654e-05,4.791397433973334e-05,4.7904225535639136e-05,4.789448243474489e-05,4.788474503144128e-05,4.787501332025212e-05,4.786528729567201e-05,4.7855566952728026e-05,4.7845852284869016e-05,4.783614328651105e-05,4.7826439953332865e-05,4.7816742279383884e-05,4.78070502591304e-05,4.779736388716339e-05,4.778768315801956e-05,4.7778008066069604e-05,4.7768338606243515e-05,4.7758674772742096e-05,4.774901655974361e-05,4.773936396318936e-05,4.7729716976854545e-05,4.7720075595040194e-05,4.771043981320264e-05,4.7700809625544654e-05,4.7691185026149886e-05,4.76815660106381e-05,4.767195257225958e-05,4.766234470703159e-05,4.765274240891683e-05,4.764314567340368e-05,4.7633554494744875e-05,4.7623968866843695e-05,4.761438878489511e-05,4.760481424369548e-05,4.759524523788737e-05,4.75856817625222e-05,4.757612381216289e-05,4.756657138155491e-05,4.755702446487614e-05,4.754748305716252e-05,4.753794715363537e-05,4.7528416747845864e-05,4.7518891835575606e-05,4.750937241041435e-05,4.749985846893108e-05,4.74903500036932e-05,4.748084701185139e-05,4.747134948718715e-05,4.74618574246188e-05,4.745237081870223e-05,4.7442889664299056e-05,4.743341395600589e-05,4.7423943689150827e-05,4.741447885870735e-05,4.7405019458753264e-05,4.739556548483684e-05,4.7386116930901976e-05,4.7376673792436865e-05,4.736723606386061e-05,4.7357803740723994e-05,4.734837681764849e-05,4.733895528940227e-05,4.7329539150970424e-05,4.732012839715788e-05,4.731072302326388e-05,4.7301323023628936e-05,4.729192839317084e-05,4.7282539127078313e-05,4.7273155220487884e-05,4.726377666794036e-05,4.725440346449419e-05,4.7245035605203904e-05,4.723567308499833e-05,4.7226315898692e-05,4.721696404151123e-05,4.720761750828822e-05,4.719827629391047e-05,4.718894039356457e-05,4.7179609802221336e-05,4.7170284514824146e-05,4.71609645265062e-05,4.715164983257096e-05,4.7142340427193166e-05,4.7133036305860876e-05,4.712373746361578e-05,4.711444389531484e-05,4.7105155596699605e-05,4.709587256199355e-05,4.708659478628517e-05,4.707732226524887e-05,4.70680549934962e-05,4.705879296630717e-05,4.704953617873586e-05,4.7040284626015956e-05,4.703103830303483e-05,4.702179720498119e-05,4.701256132697323e-05,4.700333066420871e-05,4.699410521160553e-05,4.698488496436602e-05,4.697566991786274e-05,4.6966460067071825e-05,4.695725540695977e-05,4.6948055932889456e-05,4.6938861640109865e-05,4.6929672523601144e-05,4.6920488578833266e-05,4.6911309800761486e-05,4.690213618465579e-05,4.689296772567292e-05,4.68838044190196e-05,4.687464625979967e-05,4.6865493243294955e-05,4.6856345364725615e-05,4.684720261934636e-05,4.683806500257189e-05,4.682893250932398e-05,4.6819805135224726e-05,4.681068287517949e-05,4.680156572468574e-05,4.6792453678906144e-05,4.6783346733122814e-05,4.677424488259947e-05,4.676514812264244e-05,4.675605644834375e-05,4.6746969855179934e-05,4.673788833858392e-05,4.672881189372246e-05,4.6719740515894777e-05,4.6710674200466334e-05,4.670161294266025e-05,4.6692556737959194e-05,4.668350558157357e-05,4.667445946898942e-05,4.666541839548124e-05,4.665638235608534e-05,4.664735134619502e-05,4.663832536203014e-05,4.662930439839449e-05,4.662028845023153e-05,4.661127751378053e-05,4.660227158443455e-05,4.6593270656841224e-05,4.658427472676026e-05,4.657528378961982e-05,4.6566297840791765e-05,4.655731687592699e-05,4.6548340889990466e-05,4.653936987866744e-05,4.653040383742185e-05,4.652144276167106e-05,4.651248664683284e-05,4.6503535488431285e-05,4.649458928186834e-05,4.6485648022455994e-05,4.647671170607147e-05,4.646778032783067e-05,4.645885388351413e-05,4.644993236835868e-05,4.644101577806329e-05,4.643210410805023e-05,4.642319735371854e-05,4.641429551088026e-05,4.640539857525499e-05,4.639650654169266e-05,4.6387619405881934e-05,4.637873716370766e-05,4.6369859810675683e-05,4.636098734193655e-05,4.635211975299668e-05,4.634325703987914e-05,4.633439919795758e-05,4.632554622280517e-05,4.631669810995124e-05,4.630785485513004e-05,4.629901645354299e-05,4.629018290128857e-05,4.628135419366258e-05,4.6272530326389526e-05,4.626371129505203e-05,4.625489709522119e-05,4.62460877225294e-05,4.623728317267066e-05,4.622848344124937e-05,4.6219688523909896e-05,4.621089841608001e-05,4.620211311396769e-05,4.619333261273646e-05,4.618455690817197e-05,4.617578599589569e-05,4.6167019871598155e-05,4.61582585309668e-05,4.614950196975999e-05,4.614075018357757e-05,4.613200316835197e-05,4.612326091956246e-05,4.6114523432525736e-05,4.6105790703248455e-05,4.609706272820921e-05,4.608833950246089e-05,4.6079621021116426e-05,4.6070907280571375e-05,4.606219827656449e-05,4.6053494004956585e-05,4.604479446134404e-05,4.603609964144704e-05,4.602740954075498e-05,4.601872415570942e-05,4.60100434816392e-05,4.600136751438517e-05,4.5992696249685926e-05,4.5984029683364e-05,4.597536781124847e-05,4.5966710629105284e-05,4.59580581326919e-05,4.594941031786076e-05,4.594076718038065e-05,4.593212871608154e-05,4.5923494920840497e-05,4.5914865790166585e-05,4.590624132047777e-05,4.589762150729398e-05,4.588900634639871e-05,4.588039583375762e-05,4.587178996503665e-05,4.5863188736340377e-05,4.585459214370052e-05,4.58460001818446e-05,4.583741284816457e-05,4.5828830137884434e-05,4.582025204663004e-05,4.581167857078332e-05,4.580310970628117e-05,4.579454544845663e-05,4.578598579358699e-05,4.577743073745526e-05,4.576888027612163e-05,4.5760334405255896e-05,4.575179312108186e-05,4.5743256418991474e-05,4.573472429553104e-05,4.5726196746549956e-05,4.571767376788863e-05,4.570915535550203e-05,4.5700641505116836e-05,4.569213221283902e-05,4.5683627474713034e-05,4.567512728659143e-05,4.5666631644795394e-05,4.565814054440065e-05,4.564965398264314e-05,4.5641171954181273e-05,4.563269445633508e-05,4.5624221484506085e-05,4.561575303485499e-05,4.5607289103090065e-05,4.559882968510819e-05,4.559037477756825e-05,4.558192437600154e-05,4.5573478476578934e-05,4.5565037075196566e-05,4.555660016805375e-05,4.554816775109803e-05,4.553973982038112e-05,4.55313163719159e-05,4.5522897402118317e-05,4.551448290639781e-05,4.550607288152043e-05,4.54976673232977e-05,4.548926622909324e-05,4.548086959226508e-05,4.547247741030829e-05,4.546408967920131e-05,4.54557063952468e-05,4.544732755441666e-05,4.5438953152888174e-05,4.543058318667548e-05,4.542221765193567e-05,4.54138565447545e-05,4.540549986136937e-05,4.539714759781333e-05,4.538879975024646e-05,4.538045631495092e-05,4.537211728811035e-05,4.536378266537487e-05,4.535545244292038e-05,4.534712661749889e-05,4.533880518574571e-05,4.533048814248386e-05,4.5322175484282396e-05,4.53138672076697e-05,4.530556330863828e-05,4.529726378315649e-05,4.5288968627752975e-05,4.5280677838207445e-05,4.527239141148006e-05,4.526410934321846e-05,4.5255831629460825e-05,4.524755826663769e-05,4.523928925141337e-05,4.523102457973484e-05,4.522276424857759e-05,4.521450825177403e-05,4.52062565877307e-05,4.519800925233658e-05,4.518976624134758e-05,4.518152755138034e-05,4.517329317793913e-05,4.516506311870115e-05,4.515683736886899e-05,4.514861592492997e-05,4.514039878320896e-05,4.513218594000383e-05,4.512397739161073e-05,4.5115773133724546e-05,4.5107573163698707e-05,4.509937747735843e-05,4.5091186070935954e-05,4.5082998940783214e-05,4.5074816083178935e-05,4.50666374950917e-05,4.505846317184909e-05,4.505029310948457e-05,4.504212730602417e-05,4.503396575615125e-05,4.502580845679985e-05,4.501765540479051e-05,4.50095065952209e-05,4.500136202551003e-05,4.4993221691751736e-05,4.498508559022954e-05,4.497695371732113e-05,4.496882606936104e-05,4.496070264224331e-05,4.4952583433503345e-05,4.4944468438702164e-05,4.493635765462736e-05,4.492825107712943e-05,4.49201487032651e-05,4.491205052871422e-05,4.490395655093207e-05,4.489586676538336e-05,4.488778116954139e-05,4.48796997583073e-05,4.487162252920232e-05,4.4863549477963984e-05,4.485548060115703e-05,4.484741589532151e-05,4.483935535707994e-05,4.483129898254443e-05,4.482324676851769e-05,4.4815198711115525e-05,4.4807154807163385e-05,4.479911505287686e-05,4.4791079444789714e-05,4.478304797936334e-05,4.4775020653063296e-05,4.4766997462278435e-05,4.4758978403352796e-05,4.475096347304603e-05,4.4742952667928424e-05,4.4734945984822786e-05,4.472694341931933e-05,4.4718944968426264e-05,4.471095062846183e-05,4.470296039686518e-05,4.4694974268641656e-05,4.4686992240915997e-05,4.467901431025604e-05,4.4671040472763344e-05,4.4663070725793754e-05,4.4655105066132185e-05,4.464714348870713e-05,4.4639185991389456e-05,4.463123257036769e-05,4.462328322232162e-05,4.461533794413766e-05,4.46073967315541e-05,4.45994595811233e-05,4.4591526489927895e-05,4.4583597454381564e-05,4.457567247107776e-05,4.456775153653136e-05,4.455983464720803e-05,4.455192180009224e-05,4.454401299106762e-05,4.45361082174034e-05,4.452820747564137e-05,4.452031076227568e-05,4.451241807363003e-05,4.450452940674959e-05,4.449664475805885e-05,4.448876412426012e-05,4.448088750180193e-05,4.4473014887374996e-05,4.446514627768116e-05,4.4457281669354105e-05,4.444942105881414e-05,4.4441564442938715e-05,4.4433711818381256e-05,4.442586318179684e-05,4.441801852967256e-05,4.441017785874681e-05,4.440234116618628e-05,4.439450844741279e-05,4.4386679700549945e-05,4.437885492102109e-05,4.437103410591135e-05,4.436321725196152e-05,4.435540435610213e-05,4.434759541490293e-05,4.433979042463417e-05,4.433198938262935e-05,4.43241922853866e-05,4.43163991295333e-05,4.430860991172513e-05,4.430082462874904e-05,4.429304327781938e-05,4.428526585485383e-05,4.4277492356233105e-05,4.4269722779702035e-05,4.4261957121205915e-05,4.425419537820096e-05,4.4246437546708144e-05,4.4238683624239525e-05,4.423093360732349e-05,4.422318749244023e-05,4.421544527654903e-05,4.420770695595116e-05,4.419997252817304e-05,4.419224198965323e-05,4.418451533700169e-05,4.417679256731347e-05,4.416907367672431e-05,4.4161358662415515e-05,4.415364752126012e-05,4.414594024994108e-05,4.413823684512121e-05,4.413053730376968e-05,4.412284162269747e-05,4.4115149798652e-05,4.410746182864134e-05,4.409977770877624e-05,4.409209743610436e-05,4.408442100853139e-05,4.4076748421761085e-05,4.406907967296873e-05,4.4061414758903394e-05,4.405375367642218e-05,4.404609642238752e-05,4.4038442993658054e-05,4.403079338702896e-05,4.402314759896052e-05,4.401550562705684e-05,4.40078674677447e-05,4.400023311907765e-05,4.3992602575634384e-05,4.398497583504867e-05,4.397735289503188e-05,4.396973375205044e-05,4.396211840294279e-05,4.395450684450064e-05,4.3946899073651685e-05,4.393929508739821e-05,4.3931694882546635e-05,4.3924098455906895e-05,4.391650580445686e-05,4.3908916925081104e-05,4.3901331815266316e-05,4.3893750470761335e-05,4.3886172888988797e-05,4.3878599066551515e-05,4.3871029001180025e-05,4.386346268951125e-05,4.385590012833654e-05,4.3848341314344895e-05,4.384078624478538e-05,4.383323491644408e-05,4.382568732645341e-05,4.381814347179576e-05,4.381060334839979e-05,4.380306695466854e-05,4.379553428699559e-05,4.378800534223449e-05,4.3780480117414884e-05,4.377295861045361e-05,4.3765440816537825e-05,4.375792673437333e-05,4.3750416359086205e-05,4.3742909689070094e-05,4.3735406720930434e-05,4.3727907450989924e-05,4.3720411876758544e-05,4.3712919995310827e-05,4.370543180353584e-05,4.3697947298610484e-05,4.369046647641942e-05,4.3682989335390554e-05,4.367551587265877e-05,4.366804608458057e-05,4.366057996888741e-05,4.365311752020146e-05,4.364565873854036e-05,4.363820361971632e-05,4.3630752159959324e-05,4.362330435802557e-05,4.361586020986824e-05,4.360841971275974e-05,4.360098286245198e-05,4.3593549658188825e-05,4.358612009629351e-05,4.357869417351298e-05,4.357127188688231e-05,4.35638532339585e-05,4.355643821107817e-05,4.354902681521045e-05,4.35416190441982e-05,4.3534214894775985e-05,4.3526814363777154e-05,4.35194174486065e-05,4.351202414622349e-05,4.350463445349787e-05,4.349724836811775e-05,4.34898658863958e-05,4.348248700641752e-05,4.347511172431729e-05,4.346774003741897e-05,4.3460371943246846e-05,4.345300743859356e-05,4.344564652045866e-05,4.3438289186160024e-05,4.3430935432701855e-05,4.3423585257373103e-05,4.341623865721667e-05,4.340889562913294e-05,4.34015561706611e-05,4.339422027878392e-05,4.338688795056523e-05,4.337955918253407e-05,4.3372233973143456e-05,4.336491231881188e-05,4.335759421674666e-05,4.3350279663479844e-05,4.334296865677484e-05,4.3335661194508e-05,4.3328357273162236e-05,4.3321056889871056e-05,4.3313760041798775e-05,4.330646672614912e-05,4.329917694028502e-05,4.329189068108103e-05,4.3284607945555234e-05,4.3277328731239786e-05,4.3270053035455304e-05,4.3262780855616177e-05,4.32555121878563e-05,4.324824702996124e-05,4.324098537934036e-05,4.323372723343296e-05,4.322647258885475e-05,4.321922144276887e-05,4.321197379269458e-05,4.320472963552446e-05,4.3197488968870405e-05,4.319025178969488e-05,4.318301809565347e-05,4.3175787883403585e-05,4.31685611512277e-05,4.316133789549783e-05,4.315411811285721e-05,4.314690180132806e-05,4.313968895846391e-05,4.3132479580381334e-05,4.3125273665626765e-05,4.3118071210623786e-05,4.3110872212892744e-05,4.310367666958038e-05,4.309648457814808e-05,4.308929593593969e-05,4.308211074044525e-05,4.307492898797545e-05,4.306775067637056e-05,4.3060575802899424e-05,4.305340436489196e-05,4.30462363596229e-05,4.303907178427939e-05,4.303191063624023e-05,4.302475291306349e-05,4.3017598611441745e-05,4.301044772925723e-05,4.30033002634376e-05,4.299615621117667e-05,4.2989015570108474e-05,4.298187833741758e-05,4.297474451046869e-05,4.296761408653169e-05,4.2960487062516386e-05,4.2953363436569075e-05,4.2946243205650285e-05,4.293912636705653e-05,4.2932012917907014e-05,4.2924902855962563e-05,4.291779617848561e-05,4.291069288275285e-05,4.2903592965784925e-05,4.289649642517387e-05,4.2889403258090984e-05,4.28823134622434e-05,4.287522703480785e-05,4.2868143973143056e-05,4.2861064274596864e-05,4.2853987936664426e-05,4.284691495638091e-05,4.283984533153441e-05,4.283277905918853e-05,4.2825716136915045e-05,4.2818656562005686e-05,4.281160033182963e-05,4.2804547443552525e-05,4.2797497894892026e-05,4.279045168323211e-05,4.278340880576931e-05,4.2776369259873037e-05,4.276933304326681e-05,4.276230015303855e-05,4.275527058670907e-05,4.2748244341672964e-05,4.274122141544121e-05,4.2734201805130327e-05,4.272718550843943e-05,4.2720172522802086e-05,4.2713162845427615e-05,4.2706156473844624e-05,4.2699153405465684e-05,4.26921536377459e-05,4.268515716799419e-05,4.2678163993865295e-05,4.267117411268812e-05,4.266418752189162e-05,4.2657204218927835e-05,4.265022420125502e-05,4.264324746641777e-05,4.263627401175793e-05,4.2629303834726626e-05,4.2622336932686056e-05,4.2615373303196593e-05,4.260841294370652e-05,4.260145585170525e-05,4.2594502024652595e-05,4.25875514600034e-05,4.258060415537112e-05,4.257366010808661e-05,4.256671931555106e-05,4.255978177534261e-05,4.2552847485066555e-05,4.254591644196571e-05,4.253898864365336e-05,4.2532064087733186e-05,4.2525142771477085e-05,4.251822469249037e-05,4.251130984828069e-05,4.2504398236454255e-05,4.249748985440877e-05,4.2490584699552326e-05,4.2483682769617726e-05,4.247678406180948e-05,4.246988857383853e-05,4.2462996303287755e-05,4.245610724761576e-05,4.2449221404344375e-05,4.2442338771103256e-05,4.2435459345215296e-05,4.242858312424297e-05,4.2421710105872364e-05,4.2414840287566176e-05,4.240797366680942e-05,4.2401110241183074e-05,4.239425000843686e-05,4.238739296579605e-05,4.2380539110925014e-05,4.237368844145355e-05,4.2366840954825315e-05,4.235999664872594e-05,4.2353155520660836e-05,4.234631756810224e-05,4.233948278874333e-05,4.233265118014246e-05,4.232582273977579e-05,4.231899746527626e-05,4.231217535423758e-05,4.230535640419664e-05,4.2298540612858815e-05,4.2291727977716396e-05,4.2284918496287596e-05,4.227811216629604e-05,4.2271308985271284e-05,4.226450895083088e-05,4.225771206070627e-05,4.2250918312253703e-05,4.224412770310966e-05,4.2237340230925616e-05,4.223055589331665e-05,4.222377468775718e-05,4.221699661214753e-05,4.221022166393283e-05,4.220344984079519e-05,4.2196681140330113e-05,4.2189915559973585e-05,4.2183153097706e-05,4.217639375098109e-05,4.2169637517407336e-05,4.2162884394655925e-05,4.215613438033158e-05,4.214938747210153e-05,4.21426436675931e-05,4.213590296437078e-05,4.21291653601388e-05,4.2122430852564896e-05,4.211569943940661e-05,4.2108971118284065e-05,4.210224588650946e-05,4.209552374201717e-05,4.2088804682523584e-05,4.2082088705662005e-05,4.207537580943069e-05,4.206866599096332e-05,4.2061959247430825e-05,4.2055255577861707e-05,4.204855497912909e-05,4.20418574490829e-05,4.203516298529822e-05,4.202847158547673e-05,4.2021783247508284e-05,4.2015097968888796e-05,4.200841574697936e-05,4.2001736580172507e-05,4.199506046581278e-05,4.1988387401540635e-05,4.198171738485764e-05,4.197505041400042e-05,4.196838648649626e-05,4.196172559991284e-05,4.195506775212886e-05,4.194841294067926e-05,4.194176116323742e-05,4.193511241774992e-05,4.192846670172144e-05,4.192182401307919e-05,4.1915184349303686e-05,4.190854770830974e-05,4.190191408771472e-05,4.189528348530336e-05,4.1888655898738916e-05,4.1882031325751214e-05,4.187540976417466e-05,4.186879121183941e-05,4.18621756658017e-05,4.185556312498231e-05,4.184895358653577e-05,4.184234704816062e-05,4.1835743508333895e-05,4.182914296350339e-05,4.1822545412076316e-05,4.181595085116634e-05,4.1809359279704924e-05,4.180277069496575e-05,4.179618509493456e-05,4.178960247714051e-05,4.178302283908633e-05,4.177644617893985e-05,4.176987249413762e-05,4.176330178266222e-05,4.175673404226286e-05,4.175016927074479e-05,4.1743607465987184e-05,4.1737048625163036e-05,4.173049274698045e-05,4.1723939828832176e-05,4.171738986875803e-05,4.171084286406982e-05,4.1704298812807206e-05,4.1697757712758535e-05,4.169121956130332e-05,4.1684684357095566e-05,4.167815209756329e-05,4.1671622780489486e-05,4.1665096403598356e-05,4.165857296490784e-05,4.165205246246023e-05,4.1645534893320803e-05,4.1639020255755954e-05,4.163250854757494e-05,4.16259997666098e-05,4.161949391066391e-05,4.161299097716564e-05,4.1606490964768875e-05,4.159999387088283e-05,4.159349969340463e-05,4.158700843008455e-05,4.158052007884781e-05,4.157403463749957e-05,4.156755210388116e-05,4.1561072475879536e-05,4.155459575137523e-05,4.1548121928070724e-05,4.1541651003955e-05,4.1535182976808836e-05,4.1528717844532324e-05,4.152225560497371e-05,4.1515796256025346e-05,4.1509339795539096e-05,4.150288622137539e-05,4.149643553109182e-05,4.148998772321449e-05,4.148354279529645e-05,4.147710074522323e-05,4.147066157084949e-05,4.146422527011614e-05,4.145779184082867e-05,4.145136128090723e-05,4.144493358824933e-05,4.143850876071621e-05,4.143208679623359e-05,4.1425667692687744e-05,4.14192514479706e-05,4.141283805997353e-05,4.1406427526275845e-05,4.140001984515556e-05,4.139361501489189e-05,4.138721303309891e-05,4.1380813896910005e-05,4.137441760531524e-05,4.136802415576538e-05,4.136163354648391e-05,4.1355245775190625e-05,4.134886083987372e-05,4.1342478737921564e-05,4.13360994689326e-05,4.1329723028332854e-05,4.132334941606372e-05,4.1316978628470485e-05,4.1310610664314426e-05,4.1304245521119836e-05,4.129788319788724e-05,4.129152369157417e-05,4.128516700037624e-05,4.127881312241662e-05,4.127246205521996e-05,4.126611379720004e-05,4.125976834625568e-05,4.125342570023972e-05,4.124708585710348e-05,4.1240748814817524e-05,4.123441457129216e-05,4.122808312454017e-05,4.122175447306476e-05,4.121542861376057e-05,4.1209105545063606e-05,4.120278526508325e-05,4.1196467771540344e-05,4.119015306261425e-05,4.118384113625465e-05,4.117753199026648e-05,4.1171225622923105e-05,4.116492203205939e-05,4.115862121559122e-05,4.1152323171535975e-05,4.114602789791601e-05,4.11397353928186e-05,4.113344565415018e-05,4.112715867988336e-05,4.112087446784132e-05,4.111459301639116e-05,4.110831432324902e-05,4.110203838653717e-05,4.1095765204240865e-05,4.108949477447569e-05,4.108322709418471e-05,4.107696216325558e-05,4.107069997869754e-05,4.106444053860036e-05,4.105818384091112e-05,4.105192988292336e-05,4.1045678664408204e-05,4.1039430182460635e-05,4.103318443485013e-05,4.1026941419976713e-05,4.1020701135829046e-05,4.10144635804072e-05,4.100822875147772e-05,4.1001996647754556e-05,4.099576726686256e-05,4.098954060641725e-05,4.098331666476386e-05,4.0977095440842076e-05,4.097087693061987e-05,4.096466113321065e-05,4.095844804717859e-05,4.095223766980505e-05,4.094602999991959e-05,4.093982503506382e-05,4.093362277365993e-05,4.092742321295804e-05,4.092122635214111e-05,4.091503218889625e-05,4.090884072079901e-05,4.090265194695756e-05,4.0896465864367234e-05,4.0890282471778535e-05,4.088410176644373e-05,4.087792374688121e-05,4.087174841118044e-05,4.0865575757453245e-05,4.0859405783808495e-05,4.0853238488289315e-05,4.084707386918609e-05,4.084091192423698e-05,4.08347526521867e-05,4.082859605005763e-05,4.0822442117758165e-05,4.0816290850635816e-05,4.0810142248665406e-05,4.080399630937108e-05,4.079785303118123e-05,4.079171241193096e-05,4.078557444968665e-05,4.077943914277618e-05,4.077330648925222e-05,4.076717648724004e-05,4.076104913445685e-05,4.0754924429661214e-05,4.0748802370551e-05,4.074268295519984e-05,4.073656618193537e-05,4.0730452049007864e-05,4.0724340554352715e-05,4.0718231696169777e-05,4.071212547244161e-05,4.0706021881482255e-05,4.069992092119935e-05,4.069382258939893e-05,4.068772688513848e-05,4.068163380622565e-05,4.067554335060843e-05,4.066945551631975e-05,4.0663370301572026e-05,4.065728770460938e-05,4.0651207723555155e-05,4.064513035643726e-05,4.0639055601492535e-05,4.063298345688904e-05,4.0626913920753434e-05,4.0620846991150204e-05,4.06147826664119e-05,4.060872094417987e-05,4.060266182352473e-05,4.0596605302081945e-05,4.059055137802225e-05,4.0584500049609186e-05,4.057845131486669e-05,4.057240517206649e-05,4.0566361619286704e-05,4.056032065476546e-05,4.055428227680624e-05,4.054824648332009e-05,4.0542213272587584e-05,4.053618264287381e-05,4.053015459227978e-05,4.0524129118933705e-05,4.051810622125e-05,4.051208589630483e-05,4.05060681446084e-05,4.050005296236075e-05,4.049404034835641e-05,4.048803030091217e-05,4.048202281797642e-05,4.0476017897864855e-05,4.0470015538809873e-05,4.0464015738937176e-05,4.0458018496495816e-05,4.045202380967552e-05,4.044603167708718e-05,4.044004209581253e-05,4.043405506516371e-05,4.042807058222016e-05,4.042208864669661e-05,4.041610925637446e-05,4.041013240890427e-05,4.0404158102128836e-05,4.039818633506824e-05,4.039221710621233e-05,4.038625041333781e-05,4.0380286254536774e-05,4.037432462817994e-05,4.03683655324838e-05,4.036240896564342e-05,4.03564549259037e-05,4.035050341149572e-05,4.034455442069643e-05,4.033860795167924e-05,4.033266400276797e-05,4.0326722572126854e-05,4.032078365804715e-05,4.0314847258404894e-05,4.0308913371774245e-05,4.0302981996633994e-05,4.0297053131118785e-05,4.0291126773372444e-05,4.0285202921649845e-05,4.027928157387732e-05,4.0273362728961246e-05,4.026744638482607e-05,4.026153253972605e-05,4.0255621191936065e-05,4.0249712339703805e-05,4.024380598130005e-05,4.0237902114996935e-05,4.023200073905368e-05,4.022610185158754e-05,4.022020545117315e-05,4.021431153584121e-05,4.020842010391172e-05,4.020253115375452e-05,4.019664468381836e-05,4.0190760691958e-05,4.018487917672939e-05,4.017900013627051e-05,4.017312356897443e-05,4.0167249472988075e-05,4.0161377846726716e-05,4.015550868851958e-05,4.014964199651624e-05,4.014377776913848e-05,4.013791600455746e-05,4.013205670116719e-05,4.0126199857197755e-05,4.012034547099067e-05,4.0114493540872785e-05,4.010864406505795e-05,4.010279704191313e-05,4.009695246976263e-05,4.009111034685555e-05,4.0085270671500085e-05,4.007943344205521e-05,4.0073598656788016e-05,4.006776631402358e-05,4.006193641211855e-05,4.005610894933179e-05,4.00502839239827e-05,4.004446133444495e-05,4.003864117900298e-05,4.003282345598836e-05,4.002700816374469e-05,4.0021195300554797e-05,4.0015384864789556e-05,4.000957685471075e-05,4.000377126870423e-05,3.999796810515408e-05,3.999216736229427e-05,3.998636903854133e-05,3.9980573131814374e-05,3.9974779641240334e-05,3.996898856465866e-05,3.9963199900097245e-05,3.995741364660493e-05,3.995162980237008e-05,3.994584836562371e-05,3.994006933437111e-05,3.9934292707764494e-05,3.9928518483383046e-05,3.9922746659968136e-05,3.991697723686338e-05,3.9911210210540826e-05,3.990544557987281e-05,3.989968334370624e-05,3.989392349999517e-05,3.9888166047355934e-05,3.9882410984310103e-05,3.9876658308955426e-05,3.9870908019662935e-05,3.986516011475653e-05,3.985941459279481e-05,3.985367145197547e-05,3.984793069084122e-05,3.9842192307464755e-05,3.9836456300590075e-05,3.983072266822752e-05,3.9824991409195004e-05,3.9819262521769994e-05,3.981353600401847e-05,3.980781185452966e-05,3.980209007139031e-05,3.9796370653524105e-05,3.979065359915494e-05,3.978493890660594e-05,3.977922657432179e-05,3.9773516600640385e-05,3.9767808983898405e-05,3.976210372260133e-05,3.975640081509881e-05,3.975070025979077e-05,3.9745002054996845e-05,3.973930619903035e-05,3.973361269057049e-05,3.9727921528022335e-05,3.97222327096705e-05,3.971654623386958e-05,3.971086209900691e-05,3.97051803036919e-05,3.969950084627353e-05,3.9693823725264486e-05,3.9688148938877314e-05,3.968247648558803e-05,3.96768063638278e-05,3.967113857188068e-05,3.966547310844407e-05,3.965980997187664e-05,3.965414916046747e-05,3.964849067271736e-05,3.964283450704786e-05,3.963718066187108e-05,3.963152913563852e-05,3.962587992683817e-05,3.962023303378828e-05,3.961458845498194e-05,3.9608946188837124e-05,3.960330623389636e-05,3.959766858840042e-05,3.9592033250911284e-05,3.958640021992889e-05,3.9580769493785996e-05,3.957514107090818e-05,3.956951494994381e-05,3.956389112918948e-05,3.9558269606906925e-05,3.955265038182927e-05,3.954703345262767e-05,3.95414188171886e-05,3.9535806474517376e-05,3.953019642269054e-05,3.952458866022514e-05,3.951898318565771e-05,3.951337999760864e-05,3.95077790942828e-05,3.950218047424171e-05,3.9496584135844244e-05,3.9490990077693654e-05,3.948539829814143e-05,3.947980879580917e-05,3.947422156899103e-05,3.946863661635843e-05,3.946305393634043e-05,3.9457473527361174e-05,3.945189538791378e-05,3.944631951670701e-05,3.94407459115985e-05,3.9435174570943175e-05,3.942960549440356e-05,3.9424038679753344e-05,3.941847412544026e-05,3.9412911830346656e-05,3.940735179240517e-05,3.9401794010333154e-05,3.9396238482650125e-05,3.939068520783282e-05,3.938513418438584e-05,3.937958541080558e-05,3.937403888595453e-05,3.936849460760036e-05,3.936295257460967e-05,3.935741278548521e-05,3.935187523873123e-05,3.934633993285144e-05,3.934080686635509e-05,3.933527603774495e-05,3.932974744553314e-05,3.932422108821575e-05,3.931869696432943e-05,3.931317507237607e-05,3.930765541089259e-05,3.930213797838264e-05,3.929662277332119e-05,3.9291109794259236e-05,3.9285599039740366e-05,3.928009050777404e-05,3.927458419691125e-05,3.9269080107028026e-05,3.926357823580643e-05,3.925807858200952e-05,3.925258114365293e-05,3.9247085919287614e-05,3.924159290789768e-05,3.92361021075785e-05,3.923061351715797e-05,3.922512713506152e-05,3.9219642960038873e-05,3.9214160990219285e-05,3.920868122434924e-05,3.9203203660957426e-05,3.9197728298560976e-05,3.919225513576558e-05,3.9186784171055144e-05,3.9181315403046714e-05,3.9175848830232845e-05,3.917038445119021e-05,3.916492226405657e-05,3.91594622681689e-05,3.915400446167985e-05,3.9148548843172196e-05,3.91430954112067e-05,3.9137644164276846e-05,3.913219510106792e-05,3.91267482194707e-05,3.912130351917811e-05,3.911586099816316e-05,3.911042065517012e-05,3.910498248850705e-05,3.909954649676221e-05,3.909411267863475e-05,3.908868103269023e-05,3.908325155749531e-05,3.907782425155561e-05,3.907239911349529e-05,3.906697614174714e-05,3.906155533512336e-05,3.905613669210572e-05,3.905072021125937e-05,3.9045305891140695e-05,3.9039893730378736e-05,3.90344837274949e-05,3.9029075881132576e-05,3.9023670189817544e-05,3.90182666520607e-05,3.9012865266633996e-05,3.900746603209138e-05,3.9002068946972857e-05,3.8996674009846807e-05,3.8991281219337476e-05,3.898589057393411e-05,3.8980502072438206e-05,3.8975115713311246e-05,3.896973149518593e-05,3.896434941664071e-05,3.895896947629218e-05,3.895359167275588e-05,3.894821600458163e-05,3.894284247042479e-05,3.893747106884113e-05,3.89321017984946e-05,3.89267346579343e-05,3.8921369645826354e-05,3.891600676075363e-05,3.8910646001320056e-05,3.890528736601997e-05,3.8899930853716625e-05,3.8894576462892656e-05,3.8889224192185446e-05,3.8883874040199185e-05,3.8878526005553516e-05,3.887318008686407e-05,3.8867836282759384e-05,3.886249459185781e-05,3.8857155012774986e-05,3.885181754416012e-05,3.884648218461993e-05,3.884114893278985e-05,3.883581778727358e-05,3.883048874677889e-05,3.882516180985162e-05,3.881983697515539e-05,3.8814514241325186e-05,3.880919360698933e-05,3.880387507079745e-05,3.8798558631356495e-05,3.879324428725871e-05,3.878793203729475e-05,3.878262188002684e-05,3.877731381410776e-05,3.8772007838171925e-05,3.876670395084911e-05,3.8761402150813054e-05,3.8756102436568e-05,3.875080480702337e-05,3.8745509260676925e-05,3.874021579621958e-05,3.8734924412287466e-05,3.872963510736224e-05,3.872434788043556e-05,3.8719062729980484e-05,3.8713779654555685e-05,3.8708498653116895e-05,3.870321972409032e-05,3.869794286618996e-05,3.8692668078103616e-05,3.8687395358435305e-05,3.868212470588132e-05,3.867685611910796e-05,3.867158959677387e-05,3.866632513755984e-05,3.8661062740132684e-05,3.865580240316285e-05,3.865054412531806e-05,3.864528790527174e-05,3.864003374169983e-05,3.863478163327303e-05,3.8629531578507665e-05,3.862428357640659e-05,3.861903762548588e-05,3.8613793724438833e-05,3.860855187192734e-05,3.860331206663742e-05,3.85980743072714e-05,3.859283859248283e-05,3.8587604920993425e-05,3.858237329150604e-05,3.857714370263712e-05,3.857191615312212e-05,3.856669064167706e-05,3.8561467166927605e-05,3.8556245727600236e-05,3.855102632220256e-05,3.854580894980531e-05,3.854059360891171e-05,3.853538029822869e-05,3.853016901645233e-05,3.8524959762284213e-05,3.8519752534791374e-05,3.8514547331934926e-05,3.850934415278902e-05,3.8504142995951346e-05,3.8498943860346404e-05,3.8493746744574805e-05,3.848855164734471e-05,3.848335856736427e-05,3.847816750334439e-05,3.847297845377029e-05,3.84677914178175e-05,3.846260639395196e-05,3.845742338089816e-05,3.845224237736588e-05,3.8447063382089385e-05,3.844188639396265e-05,3.843671141136455e-05,3.8431538433109e-05,3.842636745801596e-05,3.842119848476941e-05,3.841603151214137e-05,3.8410866538693204e-05,3.840570356335396e-05,3.840054258468974e-05,3.8395383601516824e-05,3.83902266126518e-05,3.838507161692204e-05,3.837991861267781e-05,3.837476759887101e-05,3.8369618574191704e-05,3.836447153754217e-05,3.8359326487357796e-05,3.835418342252316e-05,3.834904234177264e-05,3.834390324381318e-05,3.8338766127489145e-05,3.833363099152475e-05,3.8328497834133106e-05,3.8323366654987315e-05,3.831823745164402e-05,3.8313110224359944e-05,3.830798497111704e-05,3.830286169067712e-05,3.829774038186729e-05,3.829262104336393e-05,3.828750367378906e-05,3.8282388272054716e-05,3.8277274836868886e-05,3.827216336727231e-05,3.826705386151679e-05,3.826194631853017e-05,3.82568407371746e-05,3.825173711611882e-05,3.824663545418529e-05,3.824153575013117e-05,3.82364380027265e-05,3.8231342210721966e-05,3.822624837349483e-05,3.822115648857055e-05,3.821606655535361e-05,3.821097857269429e-05,3.820589253927552e-05,3.820080845370771e-05,3.8195726314991755e-05,3.819064612180311e-05,3.818556787304203e-05,3.818049156739372e-05,3.817541720353622e-05,3.8170344780366396e-05,3.816527429663693e-05,3.816020575194917e-05,3.815513914332437e-05,3.815007447064371e-05,3.8145011732438136e-05,3.813995092714476e-05,3.8134892054684045e-05,3.812983511284381e-05,3.812478010071563e-05,3.811972701696459e-05,3.811467586059741e-05,3.810962663029684e-05,3.810457932485277e-05,3.809953394255944e-05,3.809449048325347e-05,3.8089448944977494e-05,3.808440932693831e-05,3.807937162768327e-05,3.807433584612264e-05,3.8069301980984914e-05,3.806427003108209e-05,3.8059239995207494e-05,3.805421187178041e-05,3.8049185659994995e-05,3.804416135902024e-05,3.80391389667585e-05,3.803411848232048e-05,3.8029099905463776e-05,3.802408323431649e-05,3.8019068467751e-05,3.801405560436963e-05,3.800904464311224e-05,3.800403558276323e-05,3.799902842211032e-05,3.7994023159997163e-05,3.798901979525983e-05,3.798401832600956e-05,3.797901875242291e-05,3.7974021072597707e-05,3.7969025285172e-05,3.796403138902835e-05,3.795903938358946e-05,3.795404926673737e-05,3.794906103831184e-05,3.794407469619768e-05,3.793909024007875e-05,3.793410766829606e-05,3.792912697934998e-05,3.792414817287163e-05,3.791917124727092e-05,3.791419620138992e-05,3.79092230339954e-05,3.790425174380202e-05,3.7899282330047e-05,3.789431479132931e-05,3.788934912646306e-05,3.788438533426483e-05,3.787942341325199e-05,3.78744633630588e-05,3.7869505182127135e-05,3.786454886920543e-05,3.7859594423180564e-05,3.785464184296673e-05,3.784969112694262e-05,3.784474227478588e-05,3.7839795284924526e-05,3.783485015619989e-05,3.782990688745813e-05,3.782496547751067e-05,3.7820025925283764e-05,3.781508822962472e-05,3.781015238939056e-05,3.780521840335604e-05,3.7800286269900665e-05,3.779535598887363e-05,3.779042755866513e-05,3.778550097746726e-05,3.778057624474562e-05,3.7775653360062514e-05,3.777073232125533e-05,3.7765813128511784e-05,3.776089577913645e-05,3.775598027252677e-05,3.775106660694142e-05,3.774615478202905e-05,3.774124479717938e-05,3.7736336650657064e-05,3.773143034087256e-05,3.7726525867524985e-05,3.7721623229081305e-05,3.7716722423652606e-05,3.771182345161285e-05,3.7706926311047284e-05,3.7702031000882314e-05,3.7697137519732325e-05,3.76922458669273e-05,3.768735604111208e-05,3.768246804110891e-05,3.767758186596669e-05,3.767269751444564e-05,3.766781498543685e-05,3.766293427791329e-05,3.765805539065855e-05,3.7653178322574426e-05,3.7648303072330425e-05,3.7643429639248446e-05,3.763855802199084e-05,3.76336882194529e-05,3.7628820230436305e-05,3.7623954053254024e-05,3.7619089687979496e-05,3.761422713315971e-05,3.7609366387507775e-05,3.760450744985335e-05,3.759965031910075e-05,3.759479499430978e-05,3.758994147423473e-05,3.7585089757854314e-05,3.758023984393813e-05,3.7575391731425115e-05,3.7570545419284235e-05,3.756570090631819e-05,3.756085819184527e-05,3.7556017274099534e-05,3.7551178152339554e-05,3.754634082531295e-05,3.7541505292115385e-05,3.75366715514912e-05,3.7531839602481544e-05,3.752700944400759e-05,3.7522181074882855e-05,3.751735449404616e-05,3.751252970035843e-05,3.750770669272074e-05,3.7502885470196956e-05,3.7498066030722244e-05,3.749324837493394e-05,3.7488432500854965e-05,3.748361840754051e-05,3.747880609380608e-05,3.747399555853154e-05,3.746918680075288e-05,3.746437981924791e-05,3.745957461309976e-05,3.745477118085792e-05,3.744996952193046e-05,3.744516963506703e-05,3.744037151920156e-05,3.7435575173401627e-05,3.7430780596238566e-05,3.7425987786549904e-05,3.742119674368953e-05,3.741640746650585e-05,3.741161995384853e-05,3.740683420465234e-05,3.7402050217639934e-05,3.739726799247286e-05,3.739248752727506e-05,3.738770882189523e-05,3.7382931874163306e-05,3.737815668337899e-05,3.7373383249066146e-05,3.736861156928515e-05,3.736384164336057e-05,3.735907347014318e-05,3.735430704867626e-05,3.7349542377921436e-05,3.7344779456941876e-05,3.734001828436734e-05,3.7335258859441004e-05,3.733050118105777e-05,3.7325745248039555e-05,3.732099105987335e-05,3.731623861458982e-05,3.73114879116169e-05,3.730673894979901e-05,3.7301991728036445e-05,3.7297246245440345e-05,3.72925025008788e-05,3.7287760493379774e-05,3.728302022161628e-05,3.727828168495514e-05,3.727354488221893e-05,3.726880981204939e-05,3.726407647389621e-05,3.7259344866609e-05,3.7254614989033825e-05,3.724988684003762e-05,3.724516041861634e-05,3.724043572392704e-05,3.723571275494207e-05,3.723099151010167e-05,3.722627198910898e-05,3.722155419059365e-05,3.721683811349775e-05,3.7212123756252454e-05,3.7207411118878935e-05,3.7202700199921435e-05,3.719799099809805e-05,3.71932835125141e-05,3.7188577742177914e-05,3.7183873686005724e-05,3.7179171343018086e-05,3.7174470712267104e-05,3.716977179262534e-05,3.7165074583042915e-05,3.716037908250019e-05,3.7155685290089824e-05,3.71509932047222e-05,3.714630282534708e-05,3.7141614150808736e-05,3.713692718039624e-05,3.713224191296866e-05,3.7127558347527615e-05,3.712287648296623e-05,3.711819631824356e-05,3.711351785258666e-05,3.710884108473972e-05,3.7104166013556515e-05,3.709949263848209e-05,3.7094820958113875e-05,3.709015097156256e-05,3.7085482677840264e-05,3.7080816076040705e-05,3.707615116503028e-05,3.707148794418909e-05,3.706682641169533e-05,3.706216656688489e-05,3.70575084087767e-05,3.705285193677485e-05,3.7048197149252756e-05,3.704354404575892e-05,3.703889262503025e-05,3.70342428863872e-05,3.70295948282132e-05,3.7024948449703815e-05,3.7020303749527844e-05,3.701566072767532e-05,3.7011019382555364e-05,3.700637971339974e-05,3.70017417189743e-05,3.6997105398165366e-05,3.699247075027904e-05,3.698783777374638e-05,3.698320646848155e-05,3.697857683304568e-05,3.6973948866337526e-05,3.696932256756444e-05,3.696469793566311e-05,3.696007496945562e-05,3.695545366837954e-05,3.6950834031162733e-05,3.69462160568952e-05,3.694159974445366e-05,3.6936985093069285e-05,3.693237210153709e-05,3.6927760768872684e-05,3.692315109441394e-05,3.691854307740031e-05,3.6913936715997144e-05,3.690933200967903e-05,3.6904728957443423e-05,3.690012755833547e-05,3.6895527811352436e-05,3.689092971551607e-05,3.6886333269866394e-05,3.688173847302419e-05,3.6877145324811144e-05,3.687255382361799e-05,3.686796396900211e-05,3.6863375759759357e-05,3.6858789194828356e-05,3.6854204273215384e-05,3.684962099412539e-05,3.684503935645588e-05,3.6840459358846926e-05,3.683588100118295e-05,3.6831304282009644e-05,3.682672920012686e-05,3.682215575486828e-05,3.681758394557361e-05,3.68130137710425e-05,3.6808445230289794e-05,3.680387832226494e-05,3.679931304610085e-05,3.679474940080146e-05,3.6790187385004545e-05,3.678562699849551e-05,3.6781068239590254e-05,3.677651110818292e-05,3.677195560247152e-05,3.6767401722280565e-05,3.6762849466234196e-05,3.6758298833448434e-05,3.675374982285881e-05,3.674920243367018e-05,3.674465666482088e-05,3.6740112514989666e-05,3.673556998407598e-05,3.673102907065946e-05,3.6726489773839446e-05,3.67219520926571e-05,3.6717416025772535e-05,3.6712881573043085e-05,3.670834873305179e-05,3.670381750543694e-05,3.6699287887922664e-05,3.669475988113817e-05,3.669023348296257e-05,3.668570869291724e-05,3.6681185509978e-05,3.6676663933270306e-05,3.6672143961844e-05,3.666762559476171e-05,3.666310883064403e-05,3.665859366904151e-05,3.665408010988422e-05,3.6649568150822824e-05,3.664505779142887e-05,3.6640549030783654e-05,3.663604186827131e-05,3.663153630230605e-05,3.662703233228778e-05,3.6622529957286316e-05,3.661802917636603e-05,3.661352998861197e-05,3.660903239309644e-05,3.660453638888819e-05,3.660004197506206e-05,3.659554915105848e-05,3.659105791522141e-05,3.6586568266989195e-05,3.658208020505392e-05,3.657759372927856e-05,3.657310883838016e-05,3.656862553178722e-05,3.656414380776598e-05,3.6559663665871594e-05,3.6555185105143505e-05,3.65507081242696e-05,3.654623272227002e-05,3.6541758899944834e-05,3.653728665473806e-05,3.653281598614945e-05,3.6528346893207423e-05,3.652387937503328e-05,3.651941343071224e-05,3.6514949059685166e-05,3.6510486260339104e-05,3.6506025032336825e-05,3.6501565374325524e-05,3.64971072857946e-05,3.649265076548709e-05,3.648819581266519e-05,3.6483742426431256e-05,3.647929060586588e-05,3.64748403505726e-05,3.6470391658645425e-05,3.646594452970085e-05,3.646149896282233e-05,3.6457054957280365e-05,3.6452612511826994e-05,3.644817162573404e-05,3.6443732296809797e-05,3.6439294526742535e-05,3.643485831333772e-05,3.643042365570149e-05,3.642599055293787e-05,3.642155900434466e-05,3.641712900880471e-05,3.6412700565287086e-05,3.640827367305676e-05,3.6403848331224885e-05,3.6399424539085407e-05,3.6395002295292035e-05,3.6390581599302385e-05,3.63861624501586e-05,3.638174484696189e-05,3.637732878881587e-05,3.6372914275048854e-05,3.636850130454945e-05,3.636408987657181e-05,3.635967998969834e-05,3.635527164352243e-05,3.635086483736259e-05,3.634645956977901e-05,3.634205584015627e-05,3.633765364763208e-05,3.633325299132247e-05,3.632885387033783e-05,3.6324456283796946e-05,3.632006023082086e-05,3.631566571053302e-05,3.631127272205758e-05,3.630688126452101e-05,3.630249133702802e-05,3.6298102938637815e-05,3.6293716068632225e-05,3.628933072605819e-05,3.62849469100353e-05,3.628056461871695e-05,3.627618385319512e-05,3.627180461160917e-05,3.626742689231132e-05,3.6263050696005406e-05,3.625867602100766e-05,3.625430286654922e-05,3.624993123161211e-05,3.624556111539246e-05,3.624119251704178e-05,3.6236825435674724e-05,3.6232459870420025e-05,3.6228095820425866e-05,3.622373328485656e-05,3.62193722627929e-05,3.6215012752030515e-05,3.621065475452289e-05,3.6206298267979195e-05,3.620194329143312e-05,3.619758982314859e-05,3.619323786417636e-05,3.618888741270909e-05,3.6184538467908525e-05,3.6180191028918516e-05,3.6175845094164676e-05,3.617150066420998e-05,3.6167157737449887e-05,3.6162816313024464e-05,3.6158476390140954e-05,3.615413796790815e-05,3.614980104550267e-05,3.614546562195997e-05,3.614113169589772e-05,3.6136799267791906e-05,3.6132468336103947e-05,3.6128138899938206e-05,3.612381095852638e-05,3.611948451097561e-05,3.611515955642411e-05,3.611083609404891e-05,3.6106514123199535e-05,3.6102193642649286e-05,3.60978746516912e-05,3.609355714953671e-05,3.608924113533687e-05,3.608492660823202e-05,3.6080613567344894e-05,3.607630201208483e-05,3.6071991941205215e-05,3.606768335408918e-05,3.606337624957591e-05,3.605907062741483e-05,3.6054766486476805e-05,3.605046382519632e-05,3.6046162644235814e-05,3.604186294195135e-05,3.603756471755858e-05,3.6033267970192204e-05,3.602897269895965e-05,3.602467890279095e-05,3.602038658155845e-05,3.601609573403441e-05,3.601180635937486e-05,3.600751845681997e-05,3.6003232025501684e-05,3.5998947064540957e-05,3.5994663573067095e-05,3.599038155043021e-05,3.598610099570733e-05,3.598182190797723e-05,3.597754428654033e-05,3.5973268130687686e-05,3.596899343933707e-05,3.596472021171852e-05,3.59604484470743e-05,3.5956178144528276e-05,3.59519093033178e-05,3.594764192257912e-05,3.594337600154135e-05,3.593911153931343e-05,3.593484853514636e-05,3.593058698822529e-05,3.592632689767423e-05,3.592206826257074e-05,3.591781108239525e-05,3.5913555356058815e-05,3.590930108291166e-05,3.590504826206412e-05,3.590079689272758e-05,3.5896546974061926e-05,3.589229850529922e-05,3.5888051485426456e-05,3.588380591394806e-05,3.5879561789838594e-05,3.587531911240276e-05,3.5871077880793146e-05,3.5866838094247266e-05,3.5862599751986975e-05,3.585836285294893e-05,3.5854127396551214e-05,3.5849893381915987e-05,3.58456608085459e-05,3.5841429675020754e-05,3.583719998086676e-05,3.583297172510628e-05,3.582874490725691e-05,3.582451952637984e-05,3.582029558159915e-05,3.581607307215445e-05,3.5811851997473576e-05,3.5807632356353646e-05,3.5803414148382705e-05,3.579919737230541e-05,3.5794982027558694e-05,3.579076811338452e-05,3.578655562890292e-05,3.578234457319715e-05,3.5778134946525744e-05,3.5773926747038964e-05,3.576971997364895e-05,3.576551462602877e-05,3.5761310703438264e-05,3.575710820507185e-05,3.5752907129900695e-05,3.574870747774188e-05,3.574450924706481e-05,3.574031243739122e-05,3.5736117047952966e-05,3.573192307806043e-05,3.5727730526713176e-05,3.5723539392637e-05,3.5719349676206496e-05,3.5715161375701504e-05,3.571097449109554e-05,3.570678902120811e-05,3.5702604965269006e-05,3.5698422322454564e-05,3.569424109198371e-05,3.569006127309359e-05,3.5685882864972286e-05,3.568170586726504e-05,3.567753027846198e-05,3.567335609810974e-05,3.5669183325836215e-05,3.5665011960188724e-05,3.566084200093226e-05,3.5656673446548824e-05,3.5652506296848206e-05,3.564834055114097e-05,3.5644176208097206e-05,3.5640013267279606e-05,3.5635851727447977e-05,3.56316915887181e-05,3.562753285023214e-05,3.562337551056988e-05,3.561921956924938e-05,3.561506502573628e-05,3.561091187873381e-05,3.560676012792577e-05,3.560260977268514e-05,3.559846081162235e-05,3.5594313244051864e-05,3.559016706967535e-05,3.558602228753702e-05,3.558187889677605e-05,3.557773689664914e-05,3.557359628638984e-05,3.556945706530247e-05,3.5565319232571695e-05,3.556118278756782e-05,3.555704772876277e-05,3.555291405668033e-05,3.554878176973286e-05,3.5544650867238046e-05,3.554052134894239e-05,3.553639321335304e-05,3.5532266459200277e-05,3.5528141087287065e-05,3.5524017096408525e-05,3.551989448523768e-05,3.551577325336869e-05,3.5511653400254366e-05,3.550753492452871e-05,3.5503417825705894e-05,3.5499302103123056e-05,3.549518775547198e-05,3.549107478305467e-05,3.548696318450867e-05,3.5482852959231176e-05,3.5478744106701665e-05,3.547463662459771e-05,3.54705305142641e-05,3.546642577411025e-05,3.54623224033671e-05,3.545822040136975e-05,3.545411976719736e-05,3.5450020500197684e-05,3.544592259888507e-05,3.5441826063864564e-05,3.543773089390601e-05,3.5433637088534025e-05,3.542954464624318e-05,3.54254535667226e-05,3.542136384900541e-05,3.5417275492777906e-05,3.5413188496714204e-05,3.540910286030284e-05,3.540501858298064e-05,3.540093566382127e-05,3.539685410244878e-05,3.5392773897771905e-05,3.538869504882565e-05,3.538461755516037e-05,3.538054141601428e-05,3.537646663080911e-05,3.5372393198498486e-05,3.5368321118103e-05,3.536425038966761e-05,3.536018101232527e-05,3.535611298523621e-05,3.5352046307105384e-05,3.534798097780306e-05,3.53439169958478e-05,3.5339854361442875e-05,3.533579307348594e-05,3.5331733131164274e-05,3.532767453380648e-05,3.5323617280680096e-05,3.5319561370617206e-05,3.5315506804214037e-05,3.531145357993891e-05,3.530740169684922e-05,3.5303351153955154e-05,3.529930195090531e-05,3.529525408691126e-05,3.5291207561671455e-05,3.528716237379693e-05,3.528311852344453e-05,3.527907600911646e-05,3.527503482981385e-05,3.527099498538167e-05,3.5266956474941605e-05,3.526291929788825e-05,3.525888345356309e-05,3.5254848940975194e-05,3.5250815759547596e-05,3.524678390857393e-05,3.5242753387273105e-05,3.5238724195014995e-05,3.523469633082687e-05,3.5230669794874674e-05,3.522664458529934e-05,3.52226207018449e-05,3.521859814380414e-05,3.5214576910801444e-05,3.5210557001420115e-05,3.520653841529997e-05,3.5202521151584506e-05,3.51985052098355e-05,3.519449058881625e-05,3.5190477288839995e-05,3.518646530835107e-05,3.518245464648325e-05,3.5178445303174706e-05,3.5174437277418416e-05,3.5170430568504486e-05,3.516642517572193e-05,3.5162421098357694e-05,3.5158418335571355e-05,3.515441688692842e-05,3.515041675109853e-05,3.514641792816633e-05,3.5142420417293545e-05,3.5138424217679175e-05,3.51344293281163e-05,3.513043574865635e-05,3.512644347793829e-05,3.512245251597748e-05,3.5118462861579514e-05,3.511447451411588e-05,3.5110487472665763e-05,3.5106501737000585e-05,3.510251730582595e-05,3.509853417914175e-05,3.509455235556067e-05,3.509057183506389e-05,3.508659261634699e-05,3.5082614698828745e-05,3.507863808233542e-05,3.5074662765793313e-05,3.5070688748493834e-05,3.5066716029743336e-05,3.506274460861059e-05,3.505877448487317e-05,3.505480565759352e-05,3.5050838126074495e-05,3.5046871889293487e-05,3.5042906947230134e-05,3.5038943298870356e-05,3.503498094326545e-05,3.5031019880179145e-05,3.502706010864369e-05,3.502310162834297e-05,3.5019144438311075e-05,3.5015188537474366e-05,3.501123392557396e-05,3.500728060177156e-05,3.50033285649317e-05,3.499937781514811e-05,3.499542835169043e-05,3.49914801736393e-05,3.4987533280305334e-05,3.498358767100662e-05,3.497964334498928e-05,3.497570030169623e-05,3.497175854032612e-05,3.496781806030791e-05,3.496387886089438e-05,3.495994094085181e-05,3.4956004300609174e-05,3.495206893892961e-05,3.494813485515712e-05,3.494420204853868e-05,3.494027051848702e-05,3.4936340264187824e-05,3.4932411285091606e-05,3.492848358047999e-05,3.4924557149617714e-05,3.492063199194147e-05,3.491670810671533e-05,3.4912785493302625e-05,3.490886415093251e-05,3.49049440789277e-05,3.490102527640035e-05,3.4897107743236426e-05,3.4893191478465787e-05,3.4889276481402555e-05,3.488536275138702e-05,3.488145028754613e-05,3.487753908963788e-05,3.4873629156496774e-05,3.486972048796379e-05,3.486581308305029e-05,3.48619069413867e-05,3.485800206189538e-05,3.48540984440783e-05,3.485019608727377e-05,3.484629499080331e-05,3.484239515409655e-05,3.483849657671549e-05,3.4834599257266055e-05,3.4830703195448705e-05,3.4826808390633596e-05,3.482291484217532e-05,3.481902254940256e-05,3.481513151160243e-05,3.48112417278859e-05,3.4807353198124245e-05,3.480346592108952e-05,3.479957989651065e-05,3.47956951237995e-05,3.479181160211833e-05,3.4787929330807354e-05,3.478404830932803e-05,3.478016853684052e-05,3.477629001270062e-05,3.4772412736292855e-05,3.476853670692953e-05,3.476466192400536e-05,3.4760788387006516e-05,3.475691609497281e-05,3.47530450473578e-05,3.474917524353815e-05,3.474530668281707e-05,3.474143936458622e-05,3.473757328810142e-05,3.4733708452856344e-05,3.472984485811104e-05,3.4725982503236785e-05,3.472212138752925e-05,3.471826151037597e-05,3.4714402871141626e-05,3.471054546890429e-05,3.4706689303523964e-05,3.4702834374086106e-05,3.4698980679946455e-05,3.469512822045638e-05,3.4691276994976405e-05,3.468742700284058e-05,3.4683578243380946e-05,3.4679730716000475e-05,3.467588442026186e-05,3.467203935510049e-05,3.466819552001949e-05,3.466435291445053e-05,3.4660511537631525e-05,3.46566713889439e-05,3.465283246805121e-05,3.4648994773879526e-05,3.4645158305974074e-05,3.464132306388519e-05,3.463748904648361e-05,3.46336562534255e-05,3.462982468395994e-05,3.462599433762045e-05,3.4622165213686754e-05,3.4618337311570005e-05,3.461451063054504e-05,3.4610685170079475e-05,3.4606860929310414e-05,3.460303790791032e-05,3.4599216104984614e-05,3.459539551991113e-05,3.459157615231577e-05,3.458775800118287e-05,3.458394106625374e-05,3.458012534692821e-05,3.457631084195978e-05,3.4572497551143576e-05,3.4568685473775335e-05,3.45648746092011e-05,3.4561064956873746e-05,3.455725651614855e-05,3.4553449286238055e-05,3.454964326675441e-05,3.4545838456985694e-05,3.454203485649387e-05,3.453823246424258e-05,3.453443127976454e-05,3.453063130242878e-05,3.4526832531867055e-05,3.45230349667716e-05,3.4519238607093996e-05,3.4515443452193935e-05,3.451164950148321e-05,3.4507856753942734e-05,3.450406520928898e-05,3.4500274866611905e-05,3.4496485725507073e-05,3.4492697785240655e-05,3.448891104531634e-05,3.4485125505011554e-05,3.4481341163860655e-05,3.447755802090452e-05,3.447377607580588e-05,3.4469995327883635e-05,3.4466215776531135e-05,3.4462437421094195e-05,3.4458660260917054e-05,3.4454884295461535e-05,3.445110952419965e-05,3.4447335946154756e-05,3.444356356105254e-05,3.4439792368147095e-05,3.443602236691322e-05,3.4432253556497255e-05,3.442848593643096e-05,3.442471950604005e-05,3.442095426477966e-05,3.441719021201183e-05,3.441342734710791e-05,3.440966566945511e-05,3.440590517850113e-05,3.440214587356693e-05,3.439838775411429e-05,3.439463081937406e-05,3.439087506848557e-05,3.4387120501529946e-05,3.438336711766696e-05,3.4379614916178514e-05,3.4375863896329366e-05,3.4372114057612336e-05,3.4368365399388034e-05,3.4364617921352336e-05,3.436087162194684e-05,3.435712650192662e-05,3.435338255976381e-05,3.434963979504592e-05,3.434589820725992e-05,3.4342157795733597e-05,3.433841855984656e-05,3.433468049872602e-05,3.4330943612335396e-05,3.4327207899809474e-05,3.4323473360703394e-05,3.431973999415227e-05,3.431600779957023e-05,3.4312276776205734e-05,3.4308546923950875e-05,3.430481824171539e-05,3.430109072945365e-05,3.429736438601604e-05,3.4293639210572844e-05,3.428991520344279e-05,3.428619236343043e-05,3.4282470690018755e-05,3.4278750182715806e-05,3.427503084067273e-05,3.4271312663345367e-05,3.426759565003637e-05,3.4263879800174385e-05,3.4260165114029085e-05,3.425645159027912e-05,3.425273922827663e-05,3.424902802753112e-05,3.424531798755396e-05,3.424160910758431e-05,3.423790138661499e-05,3.423419482486374e-05,3.423048942116378e-05,3.422678517529406e-05,3.422308208654949e-05,3.421938015432265e-05,3.4215679378052605e-05,3.421197975682637e-05,3.420828129045864e-05,3.420458397821503e-05,3.420088781914943e-05,3.419719281335199e-05,3.419349895991779e-05,3.418980625790536e-05,3.418611470736422e-05,3.418242430709224e-05,3.417873505727671e-05,3.41750469567336e-05,3.417136000481174e-05,3.416767420136582e-05,3.41639895452016e-05,3.41603060360769e-05,3.41566236735228e-05,3.415294245724718e-05,3.414926238574753e-05,3.414558345924916e-05,3.4141905677171826e-05,3.413822903835708e-05,3.413455354262775e-05,3.41308791892131e-05,3.412720597771564e-05,3.412353390760708e-05,3.411986297797837e-05,3.4116193188081516e-05,3.411252453802082e-05,3.410885702668758e-05,3.4105190653672496e-05,3.410152541844668e-05,3.409786132059776e-05,3.409419835905455e-05,3.4090536533650205e-05,3.408687584362381e-05,3.408321628834009e-05,3.407955786743275e-05,3.407590058000837e-05,3.407224442592539e-05,3.4068589404532715e-05,3.406493551499531e-05,3.406128275672296e-05,3.4057631129510025e-05,3.405398063229813e-05,3.4050331264730423e-05,3.404668302592761e-05,3.4043035916169045e-05,3.403938993440637e-05,3.4035745079672224e-05,3.4032101351945366e-05,3.402845875061745e-05,3.402481727492324e-05,3.402117692402117e-05,3.40175376974271e-05,3.401389959504875e-05,3.401026261601885e-05,3.4006626759932765e-05,3.400299202631023e-05,3.399935841346048e-05,3.399572592233853e-05,3.399209455160254e-05,3.398846430097321e-05,3.398483516971751e-05,3.398120715739409e-05,3.397758026351742e-05,3.397395448719191e-05,3.397032982817406e-05,3.396670628553666e-05,3.3963083859157e-05,3.395946254786422e-05,3.3955842351649874e-05,3.3952223269851544e-05,3.394860530189134e-05,3.3944988447110476e-05,3.394137270482406e-05,3.393775807467188e-05,3.393414455573135e-05,3.393053214828845e-05,3.392692085089527e-05,3.392331066373004e-05,3.391970158566274e-05,3.391609361616678e-05,3.3912486755196435e-05,3.390888100168953e-05,3.3905276355195565e-05,3.390167281511233e-05,3.3898070380624105e-05,3.389446905209622e-05,3.389086882822736e-05,3.388726970848986e-05,3.3883671692780844e-05,3.3880074779918735e-05,3.3876478969616294e-05,3.387288426160197e-05,3.3869290654871276e-05,3.3865698149402346e-05,3.38621067442756e-05,3.385851643894558e-05,3.3854927232447634e-05,3.385133912507355e-05,3.384775211604392e-05,3.3844166204093325e-05,3.384058138947755e-05,3.383699767145629e-05,3.383341504934586e-05,3.3829833522601774e-05,3.382625309086583e-05,3.382267375348446e-05,3.381909551004944e-05,3.38155183596431e-05,3.381194230195574e-05,3.380836733652311e-05,3.3804793462743064e-05,3.380122067978209e-05,3.379764898752186e-05,3.37940783850798e-05,3.379050887193402e-05,3.378694044777182e-05,3.378337311181784e-05,3.377980686345683e-05,3.377624170263002e-05,3.3772677628605966e-05,3.3769114640644676e-05,3.376555273836182e-05,3.3761991921192364e-05,3.375843218828972e-05,3.375487353947697e-05,3.3751315974222945e-05,3.3747759491850853e-05,3.374420409181061e-05,3.374064977319923e-05,3.3737096536062475e-05,3.3733544379719e-05,3.372999330352003e-05,3.372644330718154e-05,3.3722894389988266e-05,3.3719346551361847e-05,3.371579979077742e-05,3.3712254107569945e-05,3.370870950141706e-05,3.370516597165975e-05,3.370162351784292e-05,3.369808213964038e-05,3.369454183600201e-05,3.369100260668048e-05,3.368746445104814e-05,3.368392736881577e-05,3.3680391359182924e-05,3.3676856421811155e-05,3.3673322555973557e-05,3.366978976122145e-05,3.366625803711209e-05,3.366272738305905e-05,3.365919779849266e-05,3.365566928289314e-05,3.365214183553481e-05,3.364861545627919e-05,3.364509014438811e-05,3.364156589928508e-05,3.363804272076565e-05,3.363452060775224e-05,3.363099955997536e-05,3.362747957691507e-05,3.362396065815319e-05,3.362044280318755e-05,3.3616926011511053e-05,3.36134102822034e-05,3.360989561498747e-05,3.3606382009218e-05,3.360286946464783e-05,3.359935798062813e-05,3.359584755656716e-05,3.359233819208239e-05,3.358882988655412e-05,3.358532263945816e-05,3.358181645016298e-05,3.357831131824281e-05,3.357480724325362e-05,3.357130422449193e-05,3.356780226168533e-05,3.3564301354120226e-05,3.3560801501227696e-05,3.355730270286299e-05,3.355380495801351e-05,3.355030826635243e-05,3.354681262747172e-05,3.354331804064767e-05,3.3539824505504966e-05,3.353633202158395e-05,3.353284058824065e-05,3.352935020501466e-05,3.352586087115384e-05,3.352237258634383e-05,3.351888535026424e-05,3.351539916216636e-05,3.351191402149357e-05,3.350842992777394e-05,3.350494688076958e-05,3.350146487959347e-05,3.349798392382833e-05,3.349450401294021e-05,3.3491025146476144e-05,3.348754732391798e-05,3.34840705449871e-05,3.3480594808909874e-05,3.347712011500023e-05,3.347364646306397e-05,3.347017385244654e-05,3.346670228269758e-05,3.3463231753217245e-05,3.345976226374903e-05,3.345629381342078e-05,3.345282640195896e-05,3.344936002866166e-05,3.3445894693237475e-05,3.3442430395025245e-05,3.3438967133640446e-05,3.343550490783759e-05,3.343204371850255e-05,3.34285835636565e-05,3.342512444404193e-05,3.3421666358869414e-05,3.3418209307135694e-05,3.341475328881997e-05,3.3411298303099896e-05,3.340784434956953e-05,3.340439142751121e-05,3.340093953592244e-05,3.339748867599186e-05,3.339403884624702e-05,3.3390590046151394e-05,3.3387142275040786e-05,3.3383695532788504e-05,3.338024981861011e-05,3.33768051319709e-05,3.3373361472948545e-05,3.336991884023617e-05,3.336647723365346e-05,3.336303665277705e-05,3.335959709687857e-05,3.33561585657037e-05,3.33527210589733e-05,3.334928457550862e-05,3.334584911538058e-05,3.33424146778264e-05,3.3338981262463765e-05,3.333554886863259e-05,3.3332117496021944e-05,3.33286871440784e-05,3.332525781235793e-05,3.332182950023516e-05,3.331840220732026e-05,3.3314975932969095e-05,3.331155067689131e-05,3.330812643830885e-05,3.3304703217084876e-05,3.3301281012423324e-05,3.329785982407817e-05,3.329443965151354e-05,3.329102049405344e-05,3.328760235114901e-05,3.328418522260368e-05,3.328076910773415e-05,3.327735400607608e-05,3.327393991718015e-05,3.327052684055845e-05,3.3267114775628256e-05,3.3263703722016894e-05,3.3260293679114315e-05,3.325688464642553e-05,3.325347662355389e-05,3.3250069609955985e-05,3.324666360524586e-05,3.324325860889498e-05,3.3239854620197274e-05,3.323645163901152e-05,3.323304966468074e-05,3.322964869664205e-05,3.322624873437242e-05,3.3222849777566634e-05,3.321945182571881e-05,3.321605487829308e-05,3.3212658934830514e-05,3.320926399482246e-05,3.320587005771869e-05,3.320247712305025e-05,3.3199085190435196e-05,3.319569425928507e-05,3.319230432900333e-05,3.318891539939636e-05,3.318552746984923e-05,3.318214053978388e-05,3.317875460881377e-05,3.317536967646334e-05,3.317198574231675e-05,3.316860280600192e-05,3.3165220866614154e-05,3.316183992386439e-05,3.315845997718627e-05,3.3155081026393945e-05,3.315170307082031e-05,3.314832610988197e-05,3.314495014332776e-05,3.314157517052036e-05,3.313820119103399e-05,3.313482820439709e-05,3.313145620999599e-05,3.312808520753454e-05,3.3124715196520134e-05,3.312134617643781e-05,3.311797814679196e-05,3.311461110691147e-05,3.3111245056715793e-05,3.3107879995461984e-05,3.310451592281322e-05,3.3101152838122536e-05,3.309779074068572e-05,3.309442963065395e-05,3.3091069507103644e-05,3.308771036996794e-05,3.3084352218479355e-05,3.308099505179908e-05,3.307763887008413e-05,3.30742836728103e-05,3.3070929459214726e-05,3.3067576228977735e-05,3.306422398155574e-05,3.3060872716669e-05,3.30575224334512e-05,3.305417313153137e-05,3.3050824810945316e-05,3.304747747084487e-05,3.304413111067329e-05,3.3040785729956896e-05,3.303744132833594e-05,3.3034097905431506e-05,3.303075546073406e-05,3.3027413993706044e-05,3.302407350387763e-05,3.302073399041002e-05,3.3017395453539224e-05,3.3014057892928555e-05,3.3010721306786256e-05,3.300738569576506e-05,3.300405105921253e-05,3.300071739654425e-05,3.29973847075343e-05,3.299405299149335e-05,3.299072224760276e-05,3.298739247620551e-05,3.298406367631916e-05,3.298073584739651e-05,3.297740898912592e-05,3.297408310122093e-05,3.297075818317661e-05,3.296743423479777e-05,3.296411125487628e-05,3.296078924381442e-05,3.2957468199990106e-05,3.295414812376865e-05,3.295082901426079e-05,3.2947510871474364e-05,3.2944193694775444e-05,3.2940877483673145e-05,3.2937562237609585e-05,3.293424795631068e-05,3.293093463928064e-05,3.2927622285855446e-05,3.29243108958707e-05,3.292100046873091e-05,3.291769100395352e-05,3.291438250108018e-05,3.291107495963009e-05,3.290776837939497e-05,3.290446275958274e-05,3.290115809980329e-05,3.289785439964916e-05,3.289455165871654e-05,3.2891249876475354e-05,3.288794905251395e-05,3.288464918618011e-05,3.288135027735897e-05,3.287805232499947e-05,3.2874755329323926e-05,3.2871459289815264e-05,3.286816420589298e-05,3.2864870077556114e-05,3.2861576903322717e-05,3.2858284683296206e-05,3.2854993416945846e-05,3.2851703103906566e-05,3.284841374357474e-05,3.2845125335708115e-05,3.284183787975071e-05,3.2838551375147626e-05,3.283526582166584e-05,3.2831981218775174e-05,3.282869756601211e-05,3.282541486282253e-05,3.282213310903262e-05,3.281885230385665e-05,3.281557244701841e-05,3.281229353804295e-05,3.280901557651567e-05,3.280573856186054e-05,3.28024624937282e-05,3.279918737130671e-05,3.279591319483497e-05,3.2792639963340114e-05,3.278936767682172e-05,3.278609633460359e-05,3.278282593623152e-05,3.277955648120861e-05,3.277628796890149e-05,3.277302039925621e-05,3.276975377173403e-05,3.2766488085481724e-05,3.276322334029776e-05,3.2759959536197964e-05,3.275669667213704e-05,3.275343474825601e-05,3.27501737637738e-05,3.274691371830631e-05,3.274365461123862e-05,3.274039644200464e-05,3.273713921018809e-05,3.273388291591976e-05,3.273062755859011e-05,3.2727373137472276e-05,3.2724119652179305e-05,3.2720867102335516e-05,3.27176154873996e-05,3.271436480696771e-05,3.2711115060664093e-05,3.270786624805771e-05,3.2704618368689726e-05,3.270137142205283e-05,3.269812540795644e-05,3.2694880325259686e-05,3.2691636173490876e-05,3.26883929535837e-05,3.268515066430675e-05,3.2681909305651975e-05,3.2678668876268325e-05,3.267542937605075e-05,3.2672190804849874e-05,3.2668953161429945e-05,3.2665716446441154e-05,3.266248065899692e-05,3.26592457986316e-05,3.2656011865080736e-05,3.265277885759693e-05,3.2649546775783055e-05,3.264631561913901e-05,3.264308538779081e-05,3.2639856080891753e-05,3.2636627697868e-05,3.263340023864797e-05,3.263017370260367e-05,3.2626948090321734e-05,3.2623723399317285e-05,3.262049963025367e-05,3.261727678275263e-05,3.2614054856002346e-05,3.261083385013069e-05,3.260761376425558e-05,3.2604394597995936e-05,3.2601176351277347e-05,3.259795902343272e-05,3.259474261399736e-05,3.259152712270285e-05,3.2588312548947024e-05,3.258509889240115e-05,3.258188615250536e-05,3.257867432901306e-05,3.2575463421304246e-05,3.2572253428873e-05,3.2569044351664654e-05,3.2565836189088583e-05,3.256262894063567e-05,3.2559422605659266e-05,3.2556217184332514e-05,3.2553012675757496e-05,3.2549809079795704e-05,3.2546606395828174e-05,3.2543404623363755e-05,3.254020376224664e-05,3.2537003811784205e-05,3.2533804771691834e-05,3.253060664141993e-05,3.2527409420679734e-05,3.252421310928805e-05,3.252101770686723e-05,3.2517823212100525e-05,3.251462962514934e-05,3.251143694559757e-05,3.250824517308333e-05,3.250505430710081e-05,3.250186434680393e-05,3.249867529246087e-05,3.249548714335294e-05,3.2492299899100514e-05,3.2489113559300045e-05,3.248592812365975e-05,3.248274359129451e-05,3.2479559962261976e-05,3.24763772362235e-05,3.24731954122908e-05,3.247001449035669e-05,3.24668344699077e-05,3.24636553505032e-05,3.246047713178407e-05,3.245729981269786e-05,3.245412339397196e-05,3.245094787469267e-05,3.2447773254355447e-05,3.244459953260399e-05,3.2441426709287e-05,3.2438254783045807e-05,3.2435083754576954e-05,3.243191362288848e-05,3.2428744387772385e-05,3.2425576048542656e-05,3.242240860524137e-05,3.241924205711876e-05,3.2416076403794115e-05,3.241291164498741e-05,3.240974778016158e-05,3.240658480910594e-05,3.240342273107403e-05,3.240026154580768e-05,3.239710125348168e-05,3.239394185244761e-05,3.239078334295674e-05,3.2387625724865477e-05,3.23844689971706e-05,3.238131315951665e-05,3.23781582118774e-05,3.23750041539357e-05,3.237185098499233e-05,3.236869870481901e-05,3.236554731266181e-05,3.2362396808435454e-05,3.235924719171678e-05,3.2356098461810956e-05,3.235295061870858e-05,3.23498036617507e-05,3.234665759061449e-05,3.234351240488108e-05,3.2340368104121896e-05,3.233722468785722e-05,3.2334082155750606e-05,3.233094050746726e-05,3.232779974226276e-05,3.232465986020796e-05,3.232152086073924e-05,3.2318382743424734e-05,3.2315245507801444e-05,3.2312109153419096e-05,3.2308973679937976e-05,3.230583908704329e-05,3.230270537439639e-05,3.229957254129746e-05,3.22964405877188e-05,3.229330951279615e-05,3.229017931635772e-05,3.2287049997998794e-05,3.2283921557316205e-05,3.228079399390764e-05,3.227766730736962e-05,3.227454149730105e-05,3.227141656329891e-05,3.226829250496104e-05,3.226516932188652e-05,3.2262047013673184e-05,3.225892557992048e-05,3.2255805020228174e-05,3.225268533419493e-05,3.2249566521419365e-05,3.224644858150347e-05,3.2243331514046645e-05,3.2240215318648554e-05,3.22370999949101e-05,3.223398554243324e-05,3.223087196081816e-05,3.2227759249616365e-05,3.222464740852941e-05,3.222153643711141e-05,3.22184263349642e-05,3.221531710168625e-05,3.22122087368825e-05,3.2209101240157726e-05,3.22059946111125e-05,3.2202888849352574e-05,3.219978395447976e-05,3.219667992609918e-05,3.219357676381457e-05,3.2190474467231e-05,3.21873730359531e-05,3.218427246958587e-05,3.218117276773386e-05,3.2178073930003296e-05,3.217497595616993e-05,3.217187884549973e-05,3.216878259776696e-05,3.216568721257815e-05,3.216259268954508e-05,3.215949902827274e-05,3.215640622836483e-05,3.215331428943209e-05,3.215022321108121e-05,3.214713299291993e-05,3.214404363455654e-05,3.214095513560452e-05,3.213786749566346e-05,3.213478071434704e-05,3.213169479126444e-05,3.212860972602524e-05,3.212552551823855e-05,3.212244216751467e-05,3.2119359673464354e-05,3.211627803569774e-05,3.211319725382556e-05,3.211011732745918e-05,3.210703825620907e-05,3.2103960039687546e-05,3.210088267750457e-05,3.209780616927378e-05,3.209473051460715e-05,3.209165571311741e-05,3.208858176441632e-05,3.208550866811376e-05,3.2082436423830325e-05,3.207936503119136e-05,3.207629448977879e-05,3.20732247992225e-05,3.207015595912116e-05,3.2067087969119886e-05,3.206402082881871e-05,3.206095453783218e-05,3.2057889095775364e-05,3.205482450226399e-05,3.2051760756911875e-05,3.204869785933786e-05,3.2045635809155944e-05,3.204257460598281e-05,3.2039514249433844e-05,3.2036454739128524e-05,3.2033396074686215e-05,3.2030338255718604e-05,3.202728128184411e-05,3.202422515268265e-05,3.202116986785141e-05,3.201811542696959e-05,3.2015061829652595e-05,3.201200907552344e-05,3.2008957164199255e-05,3.2005906095299644e-05,3.200285586844428e-05,3.199980648325233e-05,3.1996757939343466e-05,3.199371023633829e-05,3.199066337385782e-05,3.198761735161413e-05,3.198457216904341e-05,3.198152782586139e-05,3.197848432168684e-05,3.197544165599974e-05,3.1972399828707935e-05,3.1969358839289194e-05,3.196631868736713e-05,3.1963279372564456e-05,3.1960240894503874e-05,3.1957203252806315e-05,3.1954166447099294e-05,3.195113047700408e-05,3.1948095342144776e-05,3.1945061042145175e-05,3.194202757662894e-05,3.193899494487064e-05,3.193596314719706e-05,3.193293218288138e-05,3.192990205154911e-05,3.192687275282496e-05,3.1923844286082086e-05,3.192081665145381e-05,3.1917789848311924e-05,3.1914763876282974e-05,3.1911738734993465e-05,3.190871442407078e-05,3.190569094314151e-05,3.190266829183097e-05,3.18996464694913e-05,3.1896625476308646e-05,3.189360531162903e-05,3.189058597500718e-05,3.188756746622091e-05,3.188454978465242e-05,3.188153292996155e-05,3.187851690218291e-05,3.1875501700726904e-05,3.187248732512505e-05,3.1869473775115476e-05,3.186646105027405e-05,3.186344915020227e-05,3.1860438074584844e-05,3.1857427823172786e-05,3.185441839530391e-05,3.18514097907559e-05,3.1848402008905335e-05,3.184539504980847e-05,3.184238891301391e-05,3.183938359815844e-05,3.183637910469275e-05,3.1833375432232006e-05,3.183037258062516e-05,3.1827370549391056e-05,3.182436933814514e-05,3.1821368946576645e-05,3.1818369374430686e-05,3.181537062118812e-05,3.181237268629048e-05,3.180937556954743e-05,3.1806379270693566e-05,3.1803383789464354e-05,3.180038912517797e-05,3.179739527761404e-05,3.179440224640994e-05,3.179141003119927e-05,3.178841863161853e-05,3.178542804705063e-05,3.1782438277641327e-05,3.177944932277114e-05,3.1776461182075326e-05,3.1773473855196606e-05,3.1770487341765646e-05,3.17675016414285e-05,3.176451675381732e-05,3.1761532678579e-05,3.1758549415308275e-05,3.17555669637014e-05,3.1752585323172143e-05,3.174960449377619e-05,3.1746624474935843e-05,3.1743645266293655e-05,3.1740666867469914e-05,3.173768927755935e-05,3.173471249734544e-05,3.173173652589089e-05,3.1728761363016685e-05,3.1725787008149485e-05,3.1722813460821685e-05,3.1719840720807884e-05,3.171686878790796e-05,3.1713897661470126e-05,3.1710927341272145e-05,3.1707957826936356e-05,3.1704989118162416e-05,3.170202121456068e-05,3.1699054115921714e-05,3.169608782160358e-05,3.1693122331514184e-05,3.169015764504697e-05,3.168719376196867e-05,3.168423068206525e-05,3.168126840468902e-05,3.167830692963981e-05,3.167534625646983e-05,3.167238638513149e-05,3.166942731506617e-05,3.166646904572349e-05,3.1663511576959544e-05,3.1660554908523806e-05,3.1657599039939654e-05,3.165464397076919e-05,3.165168970066293e-05,3.164873622947438e-05,3.1645783556708814e-05,3.1642831681877555e-05,3.163988060476516e-05,3.163693032501931e-05,3.1633980842287456e-05,3.163103215624003e-05,3.162808426660214e-05,3.162513717279924e-05,3.1622190874603446e-05,3.161924537178747e-05,3.161630066374373e-05,3.161335675022969e-05,3.1610413630949605e-05,3.1607471305550215e-05,3.160452977362535e-05,3.1601589034887216e-05,3.1598649089039934e-05,3.159570993555055e-05,3.1592771574258286e-05,3.158983400462508e-05,3.158689722636965e-05,3.158396123919729e-05,3.1581026042706784e-05,3.157809163660724e-05,3.157515802052228e-05,3.15722251941908e-05,3.1569293157082406e-05,3.1566361908387755e-05,3.1563431448964306e-05,3.156050177769003e-05,3.155757289431191e-05,3.1554644798575234e-05,3.155171748985343e-05,3.154879096824523e-05,3.1545865233174804e-05,3.154294028425412e-05,3.15400161211998e-05,3.1537092743797566e-05,3.1534170151438695e-05,3.153124834389843e-05,3.1528327320831694e-05,3.152540708189308e-05,3.1522487626733196e-05,3.151956895498717e-05,3.1516651065497394e-05,3.1513733959770444e-05,3.151081763630636e-05,3.15079020949086e-05,3.150498733523018e-05,3.1502073356914446e-05,3.149916015964713e-05,3.149624774217642e-05,3.1493336105960986e-05,3.1490425249757254e-05,3.1487515173353527e-05,3.1484605876143945e-05,3.148169735791985e-05,3.147878961780368e-05,3.1475882656422716e-05,3.1472976473109544e-05,3.1470071067392356e-05,3.14671664383405e-05,3.146426258729942e-05,3.1461359512389133e-05,3.1458457212974745e-05,3.145555569027873e-05,3.1452654943329994e-05,3.144975497160611e-05,3.144685577479987e-05,3.144395735242292e-05,3.144105970437311e-05,3.143816282931369e-05,3.143526672875202e-05,3.143237140124114e-05,3.1429476846233655e-05,3.142658306388387e-05,3.142369005401442e-05,3.142079781601296e-05,3.141790634950377e-05,3.141501565422195e-05,3.141212572987442e-05,3.1409236575964036e-05,3.140634819184813e-05,3.14034605779811e-05,3.1400573733569636e-05,3.13976876583929e-05,3.139480235171733e-05,3.1391917813878567e-05,3.138903404406778e-05,3.138615104199755e-05,3.138326880776803e-05,3.138038734065497e-05,3.1377506640328616e-05,3.1374626706431076e-05,3.137174753876835e-05,3.1368869136744076e-05,3.1365991500414556e-05,3.1363114629264506e-05,3.136023852306571e-05,3.1357363181285804e-05,3.135448860363142e-05,3.13516147898513e-05,3.134874173956519e-05,3.1345869452472284e-05,3.1342997928223826e-05,3.134012716650063e-05,3.133725716694672e-05,3.133438792936976e-05,3.133151945317304e-05,3.132865173818375e-05,3.132578478409224e-05,3.132291859026871e-05,3.132005315699563e-05,3.1317188483498e-05,3.131432456955267e-05,3.131146141464228e-05,3.130859901874004e-05,3.130573738140865e-05,3.130287650234669e-05,3.130001638090966e-05,3.1297157017253477e-05,3.129429841091965e-05,3.129144056121467e-05,3.128858346832432e-05,3.1285727131823485e-05,3.128287155121677e-05,3.128001672609797e-05,3.1277162656273317e-05,3.127430934137717e-05,3.127145678113169e-05,3.126860497511793e-05,3.1265753923160765e-05,3.1262903624671616e-05,3.126005407963136e-05,3.1257205287619134e-05,3.125435724834917e-05,3.125150996129113e-05,3.1248663426140565e-05,3.124581764297501e-05,3.124297261089448e-05,3.1240128329861595e-05,3.1237284799672275e-05,3.123444201997037e-05,3.12315999902498e-05,3.1228758710348874e-05,3.122591817984083e-05,3.1223078398312875e-05,3.122023936583903e-05,3.1217401081635714e-05,3.121456354556513e-05,3.12117267572456e-05,3.120889071650712e-05,3.120605542303655e-05,3.120322087639221e-05,3.1200387076183015e-05,3.1197554022256673e-05,3.1194721714133544e-05,3.119189015158324e-05,3.118905933424728e-05,3.118622926161646e-05,3.118339993383612e-05,3.1180571350166224e-05,3.1177743510573126e-05,3.117491641450774e-05,3.117209006190753e-05,3.1169264452304116e-05,3.116643958542156e-05,3.116361546084152e-05,3.1160792078093436e-05,3.115796943729416e-05,3.115514753771052e-05,3.1152326379422176e-05,3.114950596173538e-05,3.11466862843952e-05,3.1143867347289114e-05,3.114104915013112e-05,3.1138231692477025e-05,3.1135414974026305e-05,3.1132598994416906e-05,3.112978375337697e-05,3.112696925062662e-05,3.112415548586377e-05,3.1121342458311616e-05,3.111853016830328e-05,3.111571861525166e-05,3.111290779882101e-05,3.11100977188201e-05,3.1107288374779546e-05,3.110447976644271e-05,3.110167189355751e-05,3.109886475568412e-05,3.1096058352673925e-05,3.109325268357488e-05,3.109044774889791e-05,3.108764354812438e-05,3.1084840080906555e-05,3.108203734665969e-05,3.1079235345509084e-05,3.107643407676389e-05,3.107363354042661e-05,3.107083373600528e-05,3.106803466322848e-05,3.1065236321615436e-05,3.106243871115366e-05,3.105964183136992e-05,3.105684568194828e-05,3.105405026255458e-05,3.105125557261726e-05,3.1048461612580014e-05,3.104566838176479e-05,3.10428758797149e-05,3.104008410600013e-05,3.103729306021042e-05,3.103450274260393e-05,3.103171315256208e-05,3.102892428978178e-05,3.1026136153958046e-05,3.102334874485853e-05,3.1020562062018955e-05,3.101777610503441e-05,3.10149908739961e-05,3.101220636833503e-05,3.1009422587771167e-05,3.100663953195782e-05,3.100385720066613e-05,3.100107559352573e-05,3.0998294710263785e-05,3.099551455038201e-05,3.099273511359216e-05,3.0989956400085793e-05,3.098717840950449e-05,3.098440114088859e-05,3.098162459449541e-05,3.0978848769463656e-05,3.097607366607483e-05,3.09732992838274e-05,3.097052562237133e-05,3.0967752681413775e-05,3.0964980460642156e-05,3.0962208959709005e-05,3.095943817838885e-05,3.095666811651013e-05,3.095389877337418e-05,3.095113014889687e-05,3.0948362242810085e-05,3.094559505472268e-05,3.094282858394705e-05,3.0940062831205894e-05,3.0937297795367866e-05,3.093453347643528e-05,3.0931769874094684e-05,3.092900698823135e-05,3.092624481802414e-05,3.092348336342691e-05,3.092072262408526e-05,3.0917962600002606e-05,3.0915203290454855e-05,3.091244469527206e-05,3.090968681434686e-05,3.0906929647259935e-05,3.090417319372529e-05,3.0901417453215795e-05,3.089866242574482e-05,3.089590811090083e-05,3.089315450853141e-05,3.089040161792846e-05,3.088764943886929e-05,3.088489797116968e-05,3.088214721480022e-05,3.087939716900861e-05,3.087664783386245e-05,3.087389920873095e-05,3.0871151293610896e-05,3.0868404087600197e-05,3.086565759145431e-05,3.0862911804257894e-05,3.086016672561429e-05,3.085742235534855e-05,3.085467869326476e-05,3.085193573888982e-05,3.084919349200587e-05,3.084645195237548e-05,3.084371111959452e-05,3.084097099370701e-05,3.0838231574134473e-05,3.083549286029415e-05,3.0832754852132216e-05,3.083001754940512e-05,3.082728095181573e-05,3.08245450590138e-05,3.082180987078138e-05,3.081907538700886e-05,3.081634160692295e-05,3.08136085303944e-05,3.081087615718025e-05,3.0808144487198594e-05,3.080541351977856e-05,3.0802683255023564e-05,3.07999536923392e-05,3.079722483150154e-05,3.079449667225222e-05,3.0791769214247735e-05,3.078904245724323e-05,3.078631640089789e-05,3.078359104497751e-05,3.078086638946068e-05,3.077814243339611e-05,3.077541917690195e-05,3.077269661977926e-05,3.076997476137744e-05,3.076725360139992e-05,3.0764533140111816e-05,3.076181337675233e-05,3.075909431111915e-05,3.075637594314406e-05,3.0753658272134896e-05,3.0750941298004036e-05,3.0748225020452064e-05,3.0745509439188776e-05,3.0742794553936376e-05,3.074008036437764e-05,3.0737366870355e-05,3.073465407159594e-05,3.0731941967495244e-05,3.072923055796901e-05,3.072651984270027e-05,3.0723809821287886e-05,3.0721100493537055e-05,3.0718391859176414e-05,3.0715683917906574e-05,3.0712976669433255e-05,3.071027011345989e-05,3.070756424967877e-05,3.070485907788257e-05,3.0702154597730415e-05,3.069945080894113e-05,3.0696747711270075e-05,3.069404530483164e-05,3.069134358836985e-05,3.068864256211055e-05,3.0685942225755983e-05,3.06832425790734e-05,3.0680543621690006e-05,3.067784535335792e-05,3.06751477737888e-05,3.067245088269459e-05,3.066975467978247e-05,3.066705916477911e-05,3.0664364337390223e-05,3.066167019733039e-05,3.0658976744578464e-05,3.06562839784998e-05,3.065359189870688e-05,3.065090050509755e-05,3.064820979738572e-05,3.06455197752876e-05,3.0642830438515976e-05,3.064014178676362e-05,3.0637453820004415e-05,3.063476653750303e-05,3.063207993918839e-05,3.0629394024776044e-05,3.0626708793957e-05,3.062402424649657e-05,3.062134038208586e-05,3.061865720042018e-05,3.061597470123985e-05,3.061329288425976e-05,3.061061174920989e-05,3.060793129579154e-05,3.060525152370109e-05,3.060257243267578e-05,3.0599894022454615e-05,3.059721629272884e-05,3.059453924340338e-05,3.059186287388574e-05,3.058918718397148e-05,3.058651217286942e-05,3.0583837841416466e-05,3.0581164188745943e-05,3.0578491214617706e-05,3.057581891873948e-05,3.057314730081741e-05,3.0570476360592e-05,3.0567806097788455e-05,3.0565136512051815e-05,3.0562467603186874e-05,3.055979937086722e-05,3.0557131814842345e-05,3.055446493481825e-05,3.055179873050345e-05,3.054913320235655e-05,3.054646834864616e-05,3.054380416998365e-05,3.054114066577414e-05,3.053847783587161e-05,3.053581568002574e-05,3.053315419795869e-05,3.053049338935731e-05,3.0527833254147675e-05,3.052517379168575e-05,3.0522515001893416e-05,3.051985688435623e-05,3.0517199438544783e-05,3.0514542665044583e-05,3.051188656307811e-05,3.05092311324521e-05,3.0506576372609524e-05,3.0503922283702327e-05,3.0501268865070563e-05,3.049861611666547e-05,3.0495964038156716e-05,3.0493312629221814e-05,3.0490661889634374e-05,3.0488011819090794e-05,3.0485362417327855e-05,3.0482713684073814e-05,3.0480065619044713e-05,3.047741822195142e-05,3.0474771492554466e-05,3.0472125430533146e-05,3.0469480035518747e-05,3.0466835307506926e-05,3.0464191246055893e-05,3.0461547850247466e-05,3.0458905121125753e-05,3.045626305778299e-05,3.0453621659924802e-05,3.0450980927329366e-05,3.044834085941494e-05,3.044570145632349e-05,3.0443062717360527e-05,3.044042464279412e-05,3.043778723202723e-05,3.0435150484869255e-05,3.0432514400925053e-05,3.042987898029427e-05,3.0427244222164924e-05,3.0424610126502677e-05,3.042197669303626e-05,3.0419343921272518e-05,3.041671181140183e-05,3.0414080362925855e-05,3.0411449575558968e-05,3.0408819448950523e-05,3.0406189983024057e-05,3.0403561177384405e-05,3.0400933031774926e-05,3.0398305545939027e-05,3.0395678718921593e-05,3.039305255177334e-05,3.039042704359814e-05,3.0387802194104318e-05,3.0385178003050106e-05,3.038255447012949e-05,3.0379931594850766e-05,3.037730937741743e-05,3.037468781729807e-05,3.0372066914236342e-05,3.0369446667970538e-05,3.0366827078232284e-05,3.0364208144719308e-05,3.0361589867122482e-05,3.0358972245351474e-05,3.0356355279027086e-05,3.035373896789172e-05,3.0351123311672947e-05,3.0348508310016306e-05,3.0345893962819896e-05,3.034328026969984e-05,3.0340667230375532e-05,3.033805484471459e-05,3.0335443112577243e-05,3.0332832033321568e-05,3.0330221606844934e-05,3.0327611832882724e-05,3.0325002711034127e-05,3.0322394241286815e-05,3.031978642325722e-05,3.0317179256778703e-05,3.031457274136756e-05,3.0311966876872096e-05,3.030936166300398e-05,3.0306757099548996e-05,3.0304153186215116e-05,3.030154992288229e-05,3.0298947309002763e-05,3.0296345344442932e-05,3.0293744028948416e-05,3.029114336240898e-05,3.0288543344243223e-05,3.0285943974265555e-05,3.0283345252538535e-05,3.0280747178406262e-05,3.0278149751706644e-05,3.0275552972251584e-05,3.027295683950964e-05,3.0270361353708545e-05,3.026776651430535e-05,3.02651723210721e-05,3.026257877371618e-05,3.02599858720586e-05,3.0257393615732126e-05,3.025480200457478e-05,3.0252211038211918e-05,3.0249620716423947e-05,3.024703103895647e-05,3.0244442005549583e-05,3.0241853615936722e-05,3.0239265869873975e-05,3.023667876709307e-05,3.0234092307329456e-05,3.0231506490334776e-05,3.0228921315844432e-05,3.0226336783578735e-05,3.022375289328825e-05,3.0221169644709973e-05,3.021858703758755e-05,3.021600507165075e-05,3.0213423746656166e-05,3.0210843062334215e-05,3.0208263018427922e-05,3.0205683615393134e-05,3.0203104851546413e-05,3.0200526727336747e-05,3.0197949242507046e-05,3.019537239679645e-05,3.019279618994149e-05,3.0190220621692838e-05,3.018764569177918e-05,3.0185071399958916e-05,3.0182497745959795e-05,3.0179924729533842e-05,3.0177352350413047e-05,3.0174780608350863e-05,3.0172209503085587e-05,3.0169639034360186e-05,3.016706920190559e-05,3.016450000547808e-05,3.016193144482526e-05,3.0159363519687012e-05,3.0156796229794544e-05,3.0154229574894095e-05,3.0151663554735054e-05,3.0149098169064964e-05,3.0146533417619566e-05,3.0143969300138485e-05,3.0141405816386163e-05,3.0138842966075048e-05,3.0136280748981044e-05,3.013371916483227e-05,3.0131158213379782e-05,3.0128597894378816e-05,3.012603820755106e-05,3.012347915265416e-05,3.0120920729435656e-05,3.011836293763417e-05,3.011580577699105e-05,3.011324924725557e-05,3.0110693348186073e-05
